




arguments: ./build/mirp_solver -f ./input/orig_exec_68.cfg
Current dir: /scratch/gui/bnc_mirp
File verbosity level: 9
date       time         ( uptime  ) [ thread name/id ]                   file:line     v| 
2021-01-09 07:24:03.730 (   0.206s) [main thread     ]             loguru.cpp:789   INFO| Logging to './output/vi_hc1_full/OU/V5/Original/execution_09_01_2021_07_24_03.log', mode: 'a', verbosity: 9
--------------------------------------------------------------------------------
Parameters
                           instance_path           ./input/Instances/Original/2/
                            model_policy                                       1
                             nb_vehicles                                       5
                              output_dir    ./output/vi_hc1_full/OU/V5/Original/
                            sec_strategy                                       1
                       solver_nb_threads                                       2
                         solver_show_log                                    true
                       solver_time_limit                                    3600
                              use_vi_cos                                   false
                              use_vi_cus                                   false
                         use_vi_hc1_full                                    true
                         use_vi_hc1_half                                   false
                      use_vi_hc1_quarter                                   false
                              use_vi_hc2                                   false
                              use_vi_hc3                                   false
                         use_vi_lex_full                                   false
                         use_vi_lex_half                                   false
                      use_vi_lex_quarter                                   false
                              use_vi_qua                                   false
                               use_vi_vc                                   false
                               use_vi_vr                                   false
--------------------------------------------------------------------------------
executing instance: ./input/Instances/Original/2/absH3high_3n40.dat
--------------------------------------------------------------------------------
Instance details
n	41
H	3
C	3283
Li:
[0, 0, 0, 0, 0, 0, 0, 0, 0, 0, 0, 0, 0, 0, 0, 0, 0, 0, 0, 0, 0, 0, 0, 0, 0, 0, 0, 0, 0, 0, 0, 0, 0, 0, 0, 0, 0, 0, 0, 0, 0, ]
Ui:
[0, 63, 111, 99, 96, 111, 282, 122, 156, 261, 42, 192, 126, 42, 162, 207, 159, 122, 102, 190, 118, 102, 132, 102, 165, 252, 66, 52, 22, 114, 210, 176, 116, 294, 78, 152, 210, 45, 130, 198, 174, ]
Distance matrix:
|0	208	225	252	227	143	258	127	267	150	28	83	163	286	57	149	201	137	214	255	70	73	107	186	328	266	249	343	222	177	293	144	262	215	167	120	169	218	143	173	255	|
|208	0	397	355	416	198	216	99	211	275	193	172	97	166	240	225	362	109	277	314	182	216	273	374	298	208	319	161	14	103	93	120	58	196	152	156	372	227	260	218	453	|
|225	397	0	427	53	364	482	343	492	129	253	225	382	386	171	188	39	291	187	195	295	182	282	55	326	491	180	551	408	315	457	366	455	275	392	244	221	439	341	214	101	|
|252	355	427	0	401	158	201	263	219	396	234	328	259	498	299	400	420	354	465	506	205	324	152	374	574	219	499	393	366	389	446	235	378	456	205	359	224	150	111	423	400	|
|227	416	53	401	0	357	477	352	489	165	253	245	389	424	179	223	85	315	234	245	293	200	264	42	375	488	231	565	428	344	484	370	474	314	392	270	184	430	325	252	50	|
|143	198	364	158	357	0	121	105	134	290	116	196	103	342	200	276	343	205	343	385	74	210	112	319	432	133	382	265	209	237	290	78	226	313	57	220	232	75	69	292	375	|
|258	216	482	201	477	121	0	168	18	397	230	293	135	381	314	372	459	275	437	480	188	317	228	439	501	18	479	197	222	296	290	132	212	386	95	306	347	58	173	381	496	|
|127	99	343	263	352	105	168	0	171	239	105	130	40	237	173	206	313	109	270	312	84	164	175	310	337	169	313	216	112	135	192	37	142	220	77	138	280	155	162	213	382	|
|267	211	492	219	489	134	18	171	0	404	240	298	136	376	323	376	468	276	441	483	198	324	243	450	500	2	483	181	215	294	281	136	202	386	102	309	363	75	189	384	509	|
|150	275	129	396	165	290	397	239	404	0	175	110	279	259	97	59	91	166	84	116	217	80	245	130	226	402	106	434	286	187	329	269	333	149	302	119	244	364	291	87	213	|
|28	193	253	234	253	116	230	105	240	175	0	94	139	286	84	167	229	136	234	275	43	96	98	212	341	238	271	320	206	175	281	118	244	225	140	128	180	191	124	189	280	|
|83	172	225	328	245	196	293	130	298	110	94	0	169	209	77	80	191	71	147	189	127	45	189	203	247	296	187	327	184	106	241	162	230	132	198	38	242	266	217	96	285	|
|163	97	382	259	389	103	135	40	136	279	139	169	0	253	212	244	353	141	307	349	110	203	194	347	366	133	350	183	107	161	187	27	124	251	56	175	306	133	169	249	418	|
|286	166	386	498	424	342	381	237	376	259	286	209	253	0	284	201	347	151	210	230	299	247	383	387	155	374	242	290	162	112	129	270	192	113	308	172	451	386	391	172	471	|
|57	240	171	299	179	200	314	173	323	97	84	77	212	284	0	112	145	147	170	208	127	38	148	137	299	321	201	386	253	183	315	195	297	195	222	112	171	275	195	142	214	|
|149	225	188	400	223	276	372	206	376	59	167	80	244	201	112	0	149	117	67	110	205	78	254	186	187	374	108	387	235	132	272	240	283	93	277	71	279	346	291	32	270	|
|201	362	39	420	85	343	459	313	468	91	229	191	353	347	145	149	0	254	149	160	272	150	271	66	290	466	146	518	373	278	419	339	420	235	367	207	227	418	327	175	135	|
|137	109	291	354	315	205	275	109	276	166	136	71	141	151	147	117	254	0	172	212	151	116	232	273	229	274	215	270	119	39	170	145	167	111	186	47	305	263	245	113	356	|
|214	277	187	465	234	343	437	270	441	84	234	147	307	210	170	67	149	172	0	42	272	141	317	205	144	439	43	437	284	175	307	305	331	99	343	132	327	413	357	60	283	|
|255	314	195	506	245	385	480	312	483	116	275	189	349	230	208	110	160	212	42	0	314	182	356	222	132	481	15	474	321	212	337	347	367	126	385	174	358	455	398	100	295	|
|70	182	295	205	293	74	188	84	198	217	43	127	110	299	127	205	272	151	272	314	0	137	91	253	370	196	310	292	195	188	274	85	226	252	99	155	197	148	94	223	316	|
|73	216	182	324	200	210	317	164	324	80	96	45	203	247	38	78	150	116	141	182	137	0	176	158	263	323	176	369	229	150	286	191	274	157	223	77	208	284	216	106	239	|
|107	273	282	152	264	112	228	175	243	245	98	189	194	383	148	254	271	232	317	356	91	176	0	231	435	242	349	371	286	271	365	167	315	321	164	224	120	174	61	280	274	|
|186	374	55	374	42	319	439	310	450	130	212	203	347	387	137	186	66	273	205	222	253	158	231	0	348	448	208	523	386	303	442	329	431	279	352	229	167	392	291	217	85	|
|328	298	326	574	375	432	501	337	500	226	341	247	366	155	299	187	290	229	144	132	370	263	435	348	0	498	147	441	299	206	283	374	338	119	414	215	465	492	463	157	425	|
|266	208	491	219	488	133	18	169	2	402	238	296	133	374	321	374	466	274	439	481	196	323	242	448	498	0	481	180	213	292	278	134	200	384	100	307	362	75	188	381	508	|
|249	319	180	499	231	382	479	313	483	106	271	187	350	242	201	108	146	215	43	15	310	176	349	208	147	481	0	480	326	217	346	347	373	135	385	175	347	454	392	103	280	|
|343	161	551	393	565	265	197	216	181	434	320	327	183	290	386	387	518	270	437	474	292	369	371	523	441	180	480	0	153	263	163	207	107	352	208	317	487	244	334	379	598	|
|222	14	408	366	428	209	222	112	215	286	206	184	107	162	253	235	373	119	284	321	195	229	286	386	299	213	326	153	0	109	81	132	48	201	162	167	386	236	272	226	466	|
|177	103	315	389	344	237	296	135	294	187	175	106	161	112	183	132	278	39	175	212	188	150	271	303	206	292	217	263	109	0	142	171	156	95	211	74	344	289	281	118	386	|
|293	93	457	446	484	290	290	192	281	329	281	241	187	129	315	272	419	170	307	337	274	286	365	442	283	278	346	163	81	142	0	212	79	211	241	214	461	311	353	254	525	|
|144	120	366	235	370	78	132	37	136	269	118	162	27	270	195	240	339	145	305	347	85	191	167	329	374	134	347	207	132	171	212	0	151	257	40	174	280	119	142	248	398	|
|262	58	455	378	474	226	212	142	202	333	244	230	124	192	297	283	420	167	331	367	226	274	315	431	338	200	373	107	48	156	79	151	0	245	173	214	421	237	293	273	510	|
|215	196	275	456	314	313	386	220	386	149	225	132	251	113	195	93	235	111	99	126	252	157	321	279	119	384	135	352	201	95	211	257	245	0	297	97	365	374	345	62	362	|
|167	152	392	205	392	57	95	77	102	302	140	198	56	308	222	277	367	186	343	385	99	223	164	352	414	100	385	208	162	211	241	40	173	297	0	213	283	79	126	287	415	|
|120	156	244	359	270	220	306	138	309	119	128	38	175	172	112	71	207	47	132	174	155	77	224	229	215	307	175	317	167	74	214	174	214	97	213	0	280	286	248	75	313	|
|169	372	221	224	184	232	347	280	363	244	180	242	306	451	171	279	227	305	327	358	197	208	120	167	465	362	347	487	386	344	461	280	421	365	283	280	0	291	175	310	176	|
|218	227	439	150	430	75	58	155	75	364	191	266	133	386	275	346	418	263	413	455	148	284	174	392	492	75	454	244	236	289	311	119	237	374	79	286	291	0	116	359	445	|
|143	260	341	111	325	69	173	162	189	291	124	217	169	391	195	291	327	245	357	398	94	216	61	291	463	188	392	334	272	281	353	142	293	345	126	248	175	116	0	313	335	|
|173	218	214	423	252	292	381	213	384	87	189	96	249	172	142	32	175	113	60	100	223	106	280	217	157	381	103	379	226	118	254	248	273	62	287	75	310	359	313	0	300	|
|255	453	101	400	50	375	496	382	509	213	280	285	418	471	214	270	135	356	283	295	316	239	274	85	425	508	280	598	466	386	525	398	510	362	415	313	176	445	335	300	0	|

--------------------------------------------------------------------------------
Building model...
	using lazy and cut (CVRPSEP package)
Solving IRP LP...
--------------------------------------------------------------------------------

Gurobi 9.1.0 (linux64) logging started Sat Jan  9 07:24:03 2021

Gurobi Optimizer version 9.1.0 build v9.1.0rc0 (linux64)
Thread count: 32 physical cores, 32 logical processors, using up to 2 threads
Optimize a model with 2117 rows, 13679 columns and 41000 nonzeros
Model fingerprint: 0x4d7245f1
Variable types: 764 continuous, 12915 integer (615 binary)
Coefficient statistics:
  Matrix range     [1e+00, 7e+02]
  Objective range  [1e-01, 6e+02]
  Bounds range     [1e+00, 3e+02]
  RHS range        [1e+01, 6e+03]
Presolve removed 251 rows and 1268 columns
Presolve time: 0.10s
Presolved: 1866 rows, 12411 columns, 35845 nonzeros
Variable types: 683 continuous, 11728 integer (11145 binary)

Root relaxation: objective 1.246971e+04, 1789 iterations, 0.08 seconds

    Nodes    |    Current Node    |     Objective Bounds      |     Work
 Expl Unexpl |  Obj  Depth IntInf | Incumbent    BestBd   Gap | It/Node Time

     0     0 12469.7124    0  153          - 12469.7124      -     -    0s
     0     0 12990.6523    0  195          - 12990.6523      -     -    0s
     0     0 13400.8997    0  270          - 13400.8997      -     -    1s
     0     0 13414.4179    0  259          - 13414.4179      -     -    1s
     0     0 13418.9413    0  252          - 13418.9413      -     -    1s
     0     0 13418.9807    0  254          - 13418.9807      -     -    1s
     0     0 13728.1583    0  292          - 13728.1583      -     -    2s
     0     0 13747.4558    0  294          - 13747.4558      -     -    2s
     0     0 13747.9637    0  299          - 13747.9637      -     -    2s
     0     0 13807.4480    0  387          - 13807.4480      -     -    2s
     0     0 13818.0368    0  400          - 13818.0368      -     -    3s
     0     0 13818.8806    0  384          - 13818.8806      -     -    3s
     0     0 13872.2255    0  425          - 13872.2255      -     -    4s
     0     0 13901.4527    0  473          - 13901.4527      -     -    4s
     0     0 13903.4959    0  457          - 13903.4959      -     -    4s
     0     0 13904.0155    0  473          - 13904.0155      -     -    4s
     0     0 13930.7710    0  464          - 13930.7710      -     -    5s
     0     0 13942.8916    0  457          - 13942.8916      -     -    6s
     0     0 13947.3664    0  473          - 13947.3664      -     -    6s
     0     0 13949.3571    0  483          - 13949.3571      -     -    6s
     0     0 13955.6132    0  480          - 13955.6132      -     -    7s
     0     0 13959.9981    0  498          - 13959.9981      -     -    7s
     0     0 13968.9822    0  484          - 13968.9822      -     -    7s
     0     0 13971.0367    0  446          - 13971.0367      -     -    7s
     0     0 13971.4328    0  456          - 13971.4328      -     -    7s
     0     0 13991.1308    0  488          - 13991.1308      -     -    8s
     0     0 13997.6335    0  488          - 13997.6335      -     -    8s
     0     0 13999.9561    0  509          - 13999.9561      -     -    8s
     0     0 14000.7301    0  517          - 14000.7301      -     -    8s
     0     0 14011.5018    0  452          - 14011.5018      -     -    9s
     0     0 14023.4754    0  449          - 14023.4754      -     -    9s
     0     0 14028.6239    0  514          - 14028.6239      -     -    9s
     0     0 14031.9053    0  461          - 14031.9053      -     -    9s
     0     0 14032.1761    0  491          - 14032.1761      -     -    9s
     0     0 14039.4394    0  545          - 14039.4394      -     -   10s
     0     0 14041.9176    0  340          - 14041.9176      -     -   10s
     0     0 14042.2501    0  422          - 14042.2501      -     -   10s
     0     0 14046.0699    0  474          - 14046.0699      -     -   11s
     0     0 14047.8990    0  510          - 14047.8990      -     -   11s
     0     0 14052.1305    0  477          - 14052.1305      -     -   11s
     0     0 14052.1305    0  473          - 14052.1305      -     -   12s
     0     2 14052.1305    0  454          - 14052.1305      -     -   14s
     3     6 14061.4436    2  440          - 14053.9526      -   660   15s
    35    39 14100.8469   14  517          - 14077.0702      -   552   20s
    54    60 14241.7129   20  527          - 14077.0702      -   674   25s
    87    95 14327.9805   31  446          - 14077.0702      -   630   30s
   132   143 14465.8701   46  458          - 14077.0702      -   557   35s
   178   192 14684.9355   62  394          - 14077.0702      -   505   40s
   203   206 14779.0328   67  310          - 14077.0702      -   478   45s
   245   263 15077.5426   77  310          - 14077.0702      -   453   50s
   331   357 15533.0642   96  340          - 14077.0702      -   397   56s
   443   508 15752.4042  110  252          - 14077.0702      -   334   61s
   575   635 16120.9262  136  218          - 14077.0702      -   277   65s
   732   724 16345.2579  157  195          - 14077.0702      -   233   70s
   788   757 15781.3681  109  233          - 14077.0702      -   230   75s
   801   766 15788.5828  114  601          - 14105.6961      -   226   80s
   809   771 16023.1855  131  672          - 14133.3229      -   224   85s
   819   778 16757.1251  186  643          - 14165.6844      -   221   90s
   828   784 15981.3235  127  689          - 14173.2748      -   219   95s
   838   790 16681.9666  166  714          - 14182.0913      -   216  100s
   846   796 14347.4290   36  729          - 14184.0254      -   214  105s
   855   803 15753.6124   98  324          - 14184.0507      -   239  110s
   867   811 14184.1113    5  665          - 14184.1113      -   235  115s
   875   816 18892.2386  291  706          - 14186.2571      -   233  120s
   878   821 14187.0000   24  705          - 14186.2754      -   246  125s
   895   832 14219.5918   28  640          - 14201.2394      -   254  130s
   917   848 14240.5616   34  602          - 14219.5937      -   263  135s
   940   864 14256.6166   40  540          - 14219.5937      -   271  140s
   968   886 14274.0336   46  555          - 14219.5937      -   280  145s
   998   905 14315.5149   52  374          - 14219.5937      -   287  150s
  1036   934 14415.8378   61  407          - 14219.5937      -   296  156s
  1064   957 14465.3082   68  441          - 14219.5937      -   301  160s
  1111   989 14553.2312   78  381          - 14219.5937      -   302  165s
  1162  1026 14579.8208   88  477          - 14219.5937      -   304  170s
  1220  1068 14630.7811   99  367          - 14219.5937      -   304  176s
  1275  1120 14680.4393  106  303          - 14219.5937      -   302  181s
  1347  1171 14751.2678  118  337          - 14219.5937      -   297  186s
  1427  1193 16271.8538  188  191          - 14219.5937      -   291  190s
  1481  1283 14932.0846  146  233          - 14219.5937      -   287  195s
  1622  1418 15200.6053  174  191          - 14219.5937      -   274  202s
  1739  1440 15506.6112  195  172          - 14219.5937      -   261  207s
  1813  1480 15735.4418  218   94          - 14219.5937      -   255  211s
  1939  1462 14449.4802   31  382          - 14220.9597      -   246  217s
  1968  1479 14585.3561   35  341          - 14220.9597      -   249  222s
  1988  1495 14698.1000   36  281          - 14220.9597      -   252  226s
  2004  1510 14631.4536   38  265          - 14220.9597      -   256  232s
  2033  1533 14808.5289   45  271          - 14220.9597      -   260  237s
  2053  1549 14834.4406   46  257          - 14220.9597      -   261  240s
  2104  1586 14928.3491   56  193          - 14220.9597      -   262  246s
  2156  1624 14996.2911   66  304          - 14220.9597      -   264  252s
  2185  1643 15086.3671   73  266          - 14220.9597      -   265  256s
  2214  1662 15147.5474   76  274          - 14220.9597      -   266  260s
  2311  1749 15293.9468   89  200          - 14220.9597      -   264  268s
  2362  1820 15367.1537   99  173          - 14220.9597      -   263  273s
  2450  1860 15459.9763  106  165          - 14220.9597      -   259  279s
  2519  2003 15520.6025  111  185          - 14220.9597      -   257  285s
  2687  2173 15591.5994  124  131          - 14220.9597      -   247  294s
  2711  2165 15726.7361  133   73          - 14220.9597      -   246  295s
  2922  2174 16038.0959  143   74          - 14220.9597      -   234  305s
* 3023  2071             231    17555.900000 14220.9597  19.0%   228  306s
  3068  2096 16022.3788  157   84 17555.9000 14220.9597  19.0%   226  311s
  3133  2127 16509.6115  180   61 17555.9000 14225.9540  19.0%   224  319s
* 3191  1898             200    16803.880000 14225.9540  15.3%   221  319s
  3232  1881 14680.3206   29  487 16803.8800 14225.9540  15.3%   222  324s
  3240  1897 14761.4089   32  573 16803.8800 14225.9540  15.3%   223  329s
  3256  1911 15091.8415   40  410 16803.8800 14225.9540  15.3%   224  336s
  3270  1941 15358.3015   47  326 16803.8800 14225.9540  15.3%   226  341s
  3302  1972 15680.4465   71  230 16803.8800 14225.9540  15.3%   227  347s
  3333  2026 16314.7801   95  155 16803.8800 14230.9491  15.3%   227  354s
  3392  2026 16785.2313  137   47 16803.8800 14230.9491  15.3%   224  355s
  3421  2044 14491.5068   28  628 16803.8800 14230.9491  15.3%   225  360s
  3439  2068 14865.1192   32  435 16803.8800 14230.9491  15.3%   226  366s
  3463  2105 15116.6761   40  322 16803.8800 14230.9491  15.3%   227  372s
  3500  2107 15367.2267   55  232 16803.8800 14230.9491  15.3%   228  384s
  3502  2161 15377.0283   56  315 16803.8800 14230.9491  15.3%   228  390s
  3556  2210 15619.6995   75  268 16803.8800 14230.9491  15.3%   228  397s
  3605  2226 15946.6024   98   84 16803.8800 14230.9491  15.3%   228  414s
  3621  2302 16224.6804  106   77 16803.8800 14231.0713  15.3%   228  421s
  3722  2368 14644.0671   34  507 16803.8800 14231.0713  15.3%   227  430s
  3792  2458 15143.4826   40  393 16803.8800 14233.6347  15.3%   226  440s
  3902  2500 14472.8748   33  687 16803.8800 14233.6347  15.3%   225  449s
  3930  2500 16337.6619  137   76 16803.8800 14233.6347  15.3%   226  450s
  3946  2555 14936.8619   37  420 16803.8800 14233.6347  15.3%   226  459s
  4011  2558 16555.0288  158   59 16803.8800 14233.6347  15.3%   225  460s
  4049  2589 15088.1375   55  335 16803.8800 14233.6347  15.3%   224  468s
  4078  2635 15362.8312   79  257 16803.8800 14233.6347  15.3%   226  476s
  4124  2687 15863.6627  116  158 16803.8800 14241.4408  15.2%   227  485s
  4188  2709 14763.6257   32  578 16803.8800 14241.4408  15.2%   227  494s
  4210  2749 14915.2946   39  412 16803.8800 14241.4408  15.2%   229  502s
  4250  2822 15256.1405   64  241 16803.8800 14241.4408  15.2%   230  511s
  4323  2899 15945.7003  121  209 16803.8800 14242.8659  15.2%   230  521s
  4420  2929 14353.5169   28  562 16803.8800 14242.8659  15.2%   229  531s
  4450  2988 14560.8872   34  373 16803.8800 14242.8659  15.2%   231  540s
  4509  3120 14591.1860   38  440 16803.8800 14242.8659  15.2%   233  553s
  4643  3203 14712.5615   46  501 16803.8800 14242.8659  15.2%   231  567s
  4766  3239 14880.9996   51  359 16803.8800 14242.8659  15.2%   230  578s
  4798  3288 15173.9083   61  236 16803.8800 14242.8659  15.2%   232  589s
  4847  3427 15335.6697   70  246 16803.8800 14242.8659  15.2%   233  602s
  4988  3502 16161.7139   99  214 16803.8800 14257.8439  15.2%   231  618s
  5091  3556 14571.8358   27  432 16803.8800 14264.7567  15.1%   232  630s
  5145  3558 15113.0671   55   69 16803.8800 14264.7567  15.1%   233  649s
  5147  3720 15221.9114   56  128 16803.8800 14267.0831  15.1%   233  663s
  5329  3754 14635.3889   33  488 16803.8800 14267.0831  15.1%   230  680s
  5373  3821 15063.4889   54  363 16803.8800 14267.0831  15.1%   232  693s
  5440  3903 15765.3172  107  160 16803.8800 14270.0022  15.1%   233  710s
  5542  3989 14921.2320   42  377 16803.8800 14270.0022  15.1%   233  726s
  5628  4090 15537.0621  104  323 16803.8800 14270.0158  15.1%   234  743s
  5769  4200 14933.8603   47  418 16803.8800 14270.0158  15.1%   233  761s
  5879  4301 15942.8912  100  113 16803.8800 14270.0632  15.1%   234  777s
  5996  4467 14862.6372   45  384 16803.8800 14270.0632  15.1%   233  797s
  6145  4467 16087.3491  200   96 16803.8800 14270.0632  15.1%   232  800s
  6184  4610 14993.4728   65  219 16803.8800 14270.0632  15.1%   231  817s
  6327  4744 15295.1830  105  132 16803.8800 14270.0632  15.1%   231  836s
  6478  4878 15697.5854  125   62 16803.8800 14281.4204  15.0%   231  858s
  6666  4979 16674.1000  168    - 16803.8800 14282.7052  15.0%   230  877s
  6779  5042     cutoff  168      16803.8800 14291.3709  15.0%   230  895s
  6848  5099     cutoff  168      16803.8800 14292.4426  14.9%   231  911s
  6926  5160 15249.1362   66  293 16803.8800 14298.0012  14.9%   233  928s
  7001  5297 15117.1899   59  292 16803.8800 14301.3941  14.9%   234  949s
  7044  5297 15544.9939  102   61 16803.8800 14301.3941  14.9%   234  950s
  7194  5348 14605.1607   27  496 16803.8800 14302.1122  14.9%   233  968s
  7245  5468 15058.7460   38  429 16803.8800 14302.1122  14.9%   235 1002s
  7369  5689 15090.5400   45  421 16803.8800 14302.1122  14.9%   237 1031s
  7611  5799 15337.5876   57  347 16803.8800 14302.1122  14.9%   236 1056s
  7723  5965 15597.6076   81  206 16803.8800 14302.1122  14.9%   238 1079s
  7765  5965 15682.6518  102  111 16803.8800 14302.1122  14.9%   238 1080s
  7913  6123 15959.7462  123  125 16803.8800 14303.2829  14.9%   239 1103s
  8001  6123 16611.9548  160   47 16803.8800 14303.2829  14.9%   237 1105s
  8110  6135 14580.9139   42  602 16803.8800 14303.3334  14.9%   238 1125s
  8122  6199 14663.4635   47  632 16803.8800 14303.3334  14.9%   239 1145s
  8186  6369 14739.0941   58  533 16803.8800 14303.3334  14.9%   242 1170s
  8372  6612 14973.7255   80  323 16803.8800 14303.3334  14.9%   243 1196s
  8600  6612 16100.7250  110  132 16803.8800 14303.3334  14.9%   243 1200s
  8645  6796 15789.4196  161  132 16803.8800 14303.8178  14.9%   242 1223s
  8890  6898 15464.8795   79  252 16803.8800 14308.9107  14.8%   241 1250s
  9020  7124 14877.9048   42  246 16803.8800 14310.3308  14.8%   242 1279s
  9118  7124 15234.3230   85   29 16803.8800 14310.3308  14.8%   241 1280s
  9301  7309 16476.8587  128   46 16803.8800 14320.5355  14.8%   241 1304s
  9329  7311 14903.4217   64  323 16803.8800 14320.5355  14.8%   241 1305s
  9488  7532 16628.3351  131   18 16803.8800 14323.9030  14.8%   241 1332s
  9654  7537 15867.8501  115   37 16803.8800 14324.1583  14.8%   241 1335s
  9774  7631 16762.9200  135   15 16803.8800 14324.1928  14.8%   240 1359s
  9856  7638 16619.7748  174    9 16803.8800 14326.4475  14.7%   240 1360s
  9900  7675 16786.3000  136    - 16803.8800 14327.4047  14.7%   240 1381s
  9945  7733 14826.3018   44  544 16803.8800 14335.0498  14.7%   243 1401s
 10002  7910 15089.4765   52  475 16803.8800 14335.0498  14.7%   245 1425s
 10212  8056 infeasible   77      16803.8800 14337.9055  14.7%   245 1451s
 10400  8119 14830.2469   39  495 16803.8800 14338.0072  14.7%   245 1474s
 10465  8283 14971.0253   50  160 16803.8800 14338.0072  14.7%   248 1499s
 10507  8283 15114.3809   76  176 16803.8800 14338.0072  14.7%   249 1500s
 10653  8419 15328.7884   95   94 16803.8800 14342.9333  14.6%   248 1529s
 10696  8419 15580.8113  109   76 16803.8800 14342.9333  14.6%   249 1530s
 10845  8553 14658.0820   43  494 16803.8800 14342.9333  14.6%   248 1553s
 10979  8814 15803.7361  136   82 16803.8800 14344.0289  14.6%   249 1581s
 11268  8825 16505.9850  153   97 16803.8800 14344.0405  14.6%   248 1585s
 11316  8979 infeasible  184      16803.8800 14344.9268  14.6%   247 1608s
 11384  8979 15247.6043  103  158 16803.8800 14344.9268  14.6%   247 1610s
 11476  9100 16202.4975  118  162 16803.8800 14345.0004  14.6%   247 1634s
 11627  9322 15489.2471   82  248 16803.8800 14345.9539  14.6%   248 1660s
 11879  9460     cutoff  162      16803.8800 14349.6179  14.6%   247 1686s
 12041  9568 14988.7869   54  381 16803.8800 14353.6463  14.6%   247 1711s
 12149  9773 15293.6738   98  151 16803.8800 14357.0256  14.6%   248 1739s
 12233  9773 15543.8042  131   69 16803.8800 14357.0256  14.6%   247 1740s
 12396 10032 14937.0700   53  184 16803.8800 14357.0534  14.6%   248 1768s
 12530 10041 15450.7782   77  140 16803.8800 14359.9492  14.5%   248 1770s
 12727 10140 16316.4967  137    6 16803.8800 14361.0331  14.5%   247 1799s
 12788 10146 15720.3574   72  158 16803.8800 14361.0331  14.5%   247 1800s
 12843 10244     cutoff  147      16803.8800 14375.3788  14.5%   248 1823s
 12977 10430 15324.2949   57  367 16803.8800 14376.4203  14.4%   249 1849s
 13019 10430 15910.0084   99  153 16803.8800 14376.4203  14.4%   248 1850s
 13192 10611 15071.8651   36  481 16803.8800 14379.2376  14.4%   249 1877s
 13343 10614 15252.4936   80  184 16803.8800 14379.5267  14.4%   249 1880s
 13407 10672 14732.4713   31  466 16803.8800 14379.5267  14.4%   249 1903s
 13464 10831 15061.4243   57  269 16803.8800 14379.5267  14.4%   251 1927s
 13626 10834 15640.5954   60  188 16803.8800 14379.5267  14.4%   252 1930s
 13632 11043 15547.3561   87   92 16803.8800 14379.6754  14.4%   252 1955s
 13935 11148 15071.3507   58  288 16803.8800 14382.2028  14.4%   250 1981s
 14055 11305 15185.6018   42  364 16803.8800 14382.9850  14.4%   251 2004s
 14118 11305 16656.0496  105   65 16803.8800 14382.9850  14.4%   251 2005s
 14238 11479 15055.9573   45  307 16803.8800 14385.1519  14.4%   251 2029s
 14303 11479 16581.7898  106  181 16803.8800 14385.1519  14.4%   251 2030s
 14440 11609 14620.9393   41  548 16803.8800 14385.5978  14.4%   251 2053s
 14582 11792 14990.5299   55  376 16803.8800 14385.8378  14.4%   252 2077s
 14807 11912     cutoff  160      16803.8800 14389.1444  14.4%   251 2101s
 14944 12086 15338.6346   81  182 16803.8800 14390.3827  14.4%   252 2126s
 15154 12245 15266.0752   50  347 16803.8800 14390.6359  14.4%   251 2151s
 15339 12298 14787.0131   37  555 16803.8800 14391.2259  14.4%   251 2173s
 15394 12457 14679.0425   49  387 16803.8800 14391.2259  14.4%   253 2194s
 15442 12457 15094.8783   73  233 16803.8800 14391.2259  14.4%   254 2195s
 15555 12671 15146.9111   73  255 16803.8800 14392.9575  14.3%   254 2218s
 15640 12671 15676.6329  116  172 16803.8800 14392.9575  14.3%   254 2220s
 15837 12697 14741.7234   41  612 16803.8800 14393.1575  14.3%   253 2248s
 15863 12856 15185.4687   53  340 16803.8800 14393.5955  14.3%   254 2272s
 16061 12923 14826.3767   42  457 16803.8800 14393.8789  14.3%   253 2295s
 16128 13076 15063.0529   50  130 16803.8800 14393.8789  14.3%   255 2320s
 16281 13253 15274.2972   73   52 16803.8800 14393.8789  14.3%   256 2345s
 16458 13477 15734.4484  104   91 16803.8800 14394.8622  14.3%   256 2373s
 16606 13477 16493.0748  142   70 16803.8800 14394.8622  14.3%   256 2375s
 16753 13746 14757.4209   37  380 16803.8800 14395.2143  14.3%   256 2401s
 17066 14009 14475.3230   39  610 16803.8800 14397.1061  14.3%   255 2429s
 17108 14009 15120.0171   81  172 16803.8800 14397.1061  14.3%   255 2430s
 17412 14082 14601.7392   39  556 16803.8800 14397.1145  14.3%   253 2454s
 17452 14082     cutoff  154      16803.8800 14397.1145  14.3%   253 2455s
 17486 14328 15289.6565   79  351 16803.8800 14400.8622  14.3%   254 2479s
 17507 14328 15654.9712  100  131 16803.8800 14400.8622  14.3%   254 2480s
 17787 14446 14833.6135   57  402 16803.8800 14401.4615  14.3%   253 2508s
 17929 14546 14896.6101   67  422 16803.8800 14404.8721  14.3%   253 2532s
 18045 14637 15034.4158   33  541 16803.8800 14404.8721  14.3%   254 2555s
 18138 14824 15323.5568   59  394 16803.8800 14406.0325  14.3%   254 2578s
 18254 14824 14944.4748   56  265 16803.8800 14406.0325  14.3%   253 2580s
 18372 14971 15012.8571   60  274 16803.8800 14406.6574  14.3%   253 2602s
 18542 15089 15016.0810   55  250 16803.8800 14411.1907  14.2%   253 2628s
*18638 12557             132    16196.530000 14411.3756  11.0%   253 2629s
 18680 12543 14612.9425   53  602 16196.5300 14411.3756  11.0%   254 2763s
 18694 12703 14792.0783   55  413 16196.5300 14411.3756  11.0%   254 2788s
 18783 12703 15943.7768   97   94 16196.5300 14411.3756  11.0%   254 2790s
 18882 12789     cutoff  109      16196.5300 14411.5136  11.0%   255 2816s
 18996 12944 15431.7558   87  110 16196.5300 14412.1311  11.0%   256 2842s
 19195 13114 15245.1669   62   58 16196.5300 14412.2632  11.0%   256 2869s
 19258 13114 15475.3670   92   66 16196.5300 14412.2632  11.0%   256 2870s
H19324 13073                    16190.010000 14412.2632  11.0%   256 2870s
 19362 13369 15716.8869  110   48 16190.0100 14412.8192  11.0%   256 2897s
 19730 13503 14897.2308   67  547 16190.0100 14413.9928  11.0%   254 2926s
 19894 13720 14855.1527   38  466 16190.0100 14415.8525  11.0%   255 2956s
 20163 13818 14576.0752   33  603 16190.0100 14415.8566  11.0%   254 2983s
 20251 13818 15469.5372   80  257 16190.0100 14415.8566  11.0%   255 2985s
 20266 13935 15408.7436   77  358 16190.0100 14417.0385  11.0%   255 3011s
 20408 14106 15450.0764   77  278 16190.0100 14417.1360  11.0%   256 3041s
 20608 14238 infeasible  135      16190.0100 14417.2545  10.9%   256 3071s
 20793 14355 15777.4289   51  440 16190.0100 14421.4248  10.9%   256 3099s
 20849 14355 15273.8707   76  254 16190.0100 14421.4248  10.9%   257 3100s
 20943 14503 15345.1113   83  180 16190.0100 14423.6326  10.9%   257 3128s
 21073 14503 15692.2976   62   84 16190.0100 14424.0585  10.9%   257 3130s
 21122 14683 15277.5932   81  293 16190.0100 14424.0703  10.9%   257 3158s
 21189 14683 16091.9029  147   85 16190.0100 14424.0703  10.9%   256 3160s
 21349 14926 15061.8220   32  454 16190.0100 14425.4017  10.9%   257 3190s
 21626 15078 15529.6663   81  302 16190.0100 14425.7135  10.9%   256 3223s
 21748 15078 15680.3926   75  239 16190.0100 14425.8215  10.9%   256 3225s
 21817 15192 16148.1316  118   76 16190.0100 14426.2890  10.9%   256 3253s
 21960 15340 14962.8960   56  288 16190.0100 14428.0401  10.9%   257 3294s
 22004 15340 15362.5714  100  216 16190.0100 14428.0401  10.9%   257 3295s
 22124 15438 14694.2761   49  631 16190.0100 14428.0401  10.9%   256 3325s
 22242 15552 15141.2402   73  208 16190.0100 14428.4551  10.9%   257 3354s
 22284 15552 15413.3148   94  109 16190.0100 14428.4551  10.9%   258 3355s
 22374 15690 15156.6243   48  347 16190.0100 14429.9930  10.9%   258 3384s
 22446 15690 14687.7228   36  518 16190.0100 14429.9930  10.9%   258 3385s
 22530 15894 14960.0450   37  423 16190.0100 14429.9930  10.9%   259 3417s
 22722 15894 16053.8692  141   65 16190.0100 14429.9930  10.9%   259 3420s
 22752 16039 15606.2725   54  216 16190.0100 14432.4181  10.9%   259 3449s
 22939 16249 15527.0010  103  179 16190.0100 14432.9665  10.9%   260 3481s
 23153 16249 15698.5308  108  214 16190.0100 14433.6414  10.8%   259 3485s
 23183 16418 15465.1918  125  111 16190.0100 14433.6734  10.8%   259 3513s
 23277 16418 14852.6809   36  512 16190.0100 14433.9490  10.8%   260 3515s
 23376 16579 15377.6233   77  327 16190.0100 14434.6485  10.8%   260 3546s
 23567 16743 15031.3189   62  301 16190.0100 14434.9661  10.8%   260 3578s
 23754 16919 14759.2478   52  353 16190.0100 14436.5039  10.8%   260 3600s

Cutting planes:
  User: 4654
  Gomory: 22
  Cover: 442
  Implied bound: 49
  Projected implied bound: 1
  Clique: 4
  MIR: 155
  Flow cover: 436
  Zero half: 21
  RLT: 348
  Relax-and-lift: 17
  Lazy constraints: 1480

Explored 23963 nodes (6241583 simplex iterations) in 3602.88 seconds
Thread count was 2 (of 32 available processors)

Solution count 4: 16190 16196.5 16803.9 17555.9 

Time limit reached
Best objective 1.619001000000e+04, best bound 1.443650388831e+04, gap 10.8308%

User-callback calls 382384, time in user-callback 243.79 sec
================================================================================
executing instance: ./input/Instances/Original/2/absH3high_4n10.dat
--------------------------------------------------------------------------------
Instance details
n	11
H	3
C	822
Li:
[0, 0, 0, 0, 0, 0, 0, 0, 0, 0, 0, ]
Ui:
[0, 102, 52, 88, 182, 153, 138, 38, 165, 297, 86, ]
Distance matrix:
|0	285	411	382	327	239	148	256	307	36	383	|
|285	0	352	98	249	103	227	235	120	268	209	|
|411	352	0	395	106	430	263	549	234	429	174	|
|382	98	395	0	302	173	320	288	168	364	227	|
|327	249	106	302	0	324	179	444	135	339	109	|
|239	103	430	173	324	0	241	132	212	212	305	|
|148	227	263	320	179	241	0	325	192	165	249	|
|256	235	549	288	444	132	325	0	342	220	436	|
|307	120	234	168	135	212	192	342	0	304	94	|
|36	268	429	364	339	212	165	220	304	0	386	|
|383	209	174	227	109	305	249	436	94	386	0	|

--------------------------------------------------------------------------------
Building model...
	using lazy and cut (CVRPSEP package)
Solving IRP LP...
--------------------------------------------------------------------------------

Gurobi 9.1.0 (linux64) logging started Sat Jan  9 08:24:07 2021

Gurobi Optimizer version 9.1.0 build v9.1.0rc0 (linux64)
Thread count: 32 physical cores, 32 logical processors, using up to 2 threads
Optimize a model with 557 rows, 1184 columns and 3980 nonzeros
Model fingerprint: 0xd5dae3ad
Variable types: 194 continuous, 990 integer (165 binary)
Coefficient statistics:
  Matrix range     [1e+00, 3e+02]
  Objective range  [2e-01, 5e+02]
  Bounds range     [1e+00, 3e+02]
  RHS range        [2e+01, 1e+03]
Presolve removed 144 rows and 350 columns
Presolve time: 0.02s
Presolved: 413 rows, 834 columns, 2739 nonzeros
Variable types: 144 continuous, 690 integer (570 binary)
Found heuristic solution: objective 14760.100000

Root relaxation: objective 4.612543e+03, 595 iterations, 0.02 seconds

    Nodes    |    Current Node    |     Objective Bounds      |     Work
 Expl Unexpl |  Obj  Depth IntInf | Incumbent    BestBd   Gap | It/Node Time

     0     0 4612.54318    0   66 14760.1000 4612.54318  68.7%     -    0s
H    0     0                    13261.680000 4612.54318  65.2%     -    0s
     0     0 4865.45500    0  102 13261.6800 4865.45500  63.3%     -    0s
H    0     0                    8818.6800000 4865.45500  44.8%     -    0s
     0     0 4992.77595    0   80 8818.68000 4992.77595  43.4%     -    0s
     0     0 5003.07136    0  100 8818.68000 5003.07136  43.3%     -    0s
     0     0 5020.18436    0  102 8818.68000 5020.18436  43.1%     -    0s
     0     0 5020.22825    0  102 8818.68000 5020.22825  43.1%     -    0s
     0     0 5228.62846    0   82 8818.68000 5228.62846  40.7%     -    0s
     0     0 5237.66663    0  100 8818.68000 5237.66663  40.6%     -    0s
     0     0 5237.73925    0   96 8818.68000 5237.73925  40.6%     -    0s
     0     0 5329.17813    0  107 8818.68000 5329.17813  39.6%     -    0s
     0     0 5353.42373    0  115 8818.68000 5353.42373  39.3%     -    0s
     0     0 5354.55773    0  115 8818.68000 5354.55773  39.3%     -    0s
     0     0 5354.72097    0  114 8818.68000 5354.72097  39.3%     -    0s
     0     0 5410.84097    0  151 8818.68000 5410.84097  38.6%     -    0s
H    0     0                    7878.7100000 5410.84097  31.3%     -    0s
H    0     0                    7485.6100000 5410.84097  27.7%     -    0s
     0     0 5411.31892    0  137 7485.61000 5411.31892  27.7%     -    0s
     0     0 5450.49809    0  145 7485.61000 5450.49809  27.2%     -    0s
     0     0 5453.20693    0  135 7485.61000 5453.20693  27.2%     -    0s
     0     0 5453.76139    0  137 7485.61000 5453.76139  27.1%     -    0s
     0     0 5482.51643    0  138 7485.61000 5482.51643  26.8%     -    0s
     0     0 5484.84904    0  144 7485.61000 5484.84904  26.7%     -    0s
     0     0 5488.72950    0  141 7485.61000 5488.72950  26.7%     -    0s
     0     0 5488.92928    0  143 7485.61000 5488.92928  26.7%     -    0s
     0     0 5506.06857    0  134 7485.61000 5506.06857  26.4%     -    0s
     0     0 5508.73811    0  138 7485.61000 5508.73811  26.4%     -    0s
     0     0 5508.85049    0  143 7485.61000 5508.85049  26.4%     -    0s
     0     0 5540.62284    0  124 7485.61000 5540.62284  26.0%     -    0s
H    0     0                    7357.8900000 5540.62284  24.7%     -    0s
     0     0 5559.63167    0  152 7357.89000 5559.63167  24.4%     -    0s
     0     0 5562.59854    0  153 7357.89000 5562.59854  24.4%     -    0s
     0     0 5564.42628    0  146 7357.89000 5564.42628  24.4%     -    0s
     0     0 5564.56978    0  152 7357.89000 5564.56978  24.4%     -    0s
     0     0 5588.23507    0  143 7357.89000 5588.23507  24.1%     -    0s
H    0     0                    7183.6600000 5588.23507  22.2%     -    0s
     0     0 5593.39629    0  148 7183.66000 5593.39629  22.1%     -    0s
     0     0 5600.80077    0  161 7183.66000 5600.80077  22.0%     -    0s
     0     0 5601.57238    0  154 7183.66000 5601.57238  22.0%     -    0s
     0     0 5601.61207    0  162 7183.66000 5601.61207  22.0%     -    0s
     0     0 5611.02360    0  154 7183.66000 5611.02360  21.9%     -    0s
     0     0 5612.14229    0  154 7183.66000 5612.14229  21.9%     -    0s
     0     0 5613.43857    0  162 7183.66000 5613.43857  21.9%     -    0s
     0     0 5613.83119    0  156 7183.66000 5613.83119  21.9%     -    0s
     0     0 5616.88532    0  172 7183.66000 5616.88532  21.8%     -    0s
     0     0 5616.88532    0  172 7183.66000 5616.88532  21.8%     -    0s
     0     2 5618.38408    0  172 7183.66000 5618.38408  21.8%     -    0s
H   28    34                    7032.5200000 5826.70851  17.1%   132    1s
H   56    64                    6954.5400000 5826.70851  16.2%   106    1s
H  126   111                    6795.2600000 5836.15932  14.1%  73.7    1s
*  721   433              26    6777.4700000 6042.43538  10.8%  66.1    4s
   756   442 6529.53296   30  170 6777.47000 6042.43538  10.8%  64.7    5s
  1276   446 6717.34823   30   49 6777.47000 6262.07687  7.60%  78.7   10s
  2438   264 6633.94410   34   49 6777.47000 6534.11444  3.59%  72.5   15s

Cutting planes:
  User: 214
  Gomory: 4
  Cover: 107
  Implied bound: 20
  Projected implied bound: 3
  Clique: 3
  MIR: 128
  Flow cover: 115
  GUB cover: 2
  Inf proof: 5
  Zero half: 4
  RLT: 106
  Relax-and-lift: 13

Explored 3160 nodes (213732 simplex iterations) in 17.30 seconds
Thread count was 2 (of 32 available processors)

Solution count 10: 6777.47 6795.26 6954.54 ... 13261.7

Optimal solution found (tolerance 1.00e-04)
