




arguments: ./build/mirp_solver -f ./input/orig_exec_29.cfg
Current dir: /scratch/gui/bnc_mirp
File verbosity level: 9
date       time         ( uptime  ) [ thread name/id ]                   file:line     v| 
2021-01-09 02:29:34.245 (   1.061s) [main thread     ]             loguru.cpp:789   INFO| Logging to './output/vi_hc1_full/OU/V5/Original/execution_09_01_2021_02_29_34.log', mode: 'a', verbosity: 9
--------------------------------------------------------------------------------
Parameters
                           instance_path           ./input/Instances/Original/1/
                            model_policy                                       1
                             nb_vehicles                                       5
                              output_dir    ./output/vi_hc1_full/OU/V5/Original/
                            sec_strategy                                       1
                       solver_nb_threads                                       2
                         solver_show_log                                    true
                       solver_time_limit                                    3600
                              use_vi_cos                                   false
                              use_vi_cus                                   false
                         use_vi_hc1_full                                    true
                         use_vi_hc1_half                                   false
                      use_vi_hc1_quarter                                   false
                              use_vi_hc2                                   false
                              use_vi_hc3                                   false
                         use_vi_lex_full                                   false
                         use_vi_lex_half                                   false
                      use_vi_lex_quarter                                   false
                              use_vi_qua                                   false
                               use_vi_vc                                   false
                               use_vi_vr                                   false
--------------------------------------------------------------------------------
executing instance: ./input/Instances/Original/1/absH3high_1n5.dat
--------------------------------------------------------------------------------
Instance details
n	6
H	3
C	289
Li:
[0, 0, 0, 0, 0, 0, ]
Ui:
[0, 195, 105, 116, 72, 22, ]
Distance matrix:
|0	85	349	17	203	289	|
|85	0	265	102	214	226	|
|349	265	0	366	368	238	|
|17	102	366	0	207	302	|
|203	214	368	207	0	431	|
|289	226	238	302	431	0	|

--------------------------------------------------------------------------------
Building model...
	using lazy and cut (CVRPSEP package)
Solving IRP LP...
--------------------------------------------------------------------------------

Gurobi 9.1.0 (linux64) logging started Sat Jan  9 02:29:34 2021

Gurobi Optimizer version 9.1.0 build v9.1.0rc0 (linux64)
Thread count: 32 physical cores, 32 logical processors, using up to 2 threads
Optimize a model with 297 rows, 414 columns and 1485 nonzeros
Model fingerprint: 0xd1853862
Variable types: 99 continuous, 315 integer (90 binary)
Coefficient statistics:
  Matrix range     [1e+00, 2e+02]
  Objective range  [2e-01, 4e+02]
  Bounds range     [1e+00, 2e+02]
  RHS range        [1e+01, 5e+02]
Presolve removed 134 rows and 228 columns
Presolve time: 0.00s

Explored 0 nodes (0 simplex iterations) in 0.01 seconds
Thread count was 1 (of 32 available processors)

Solution count 0

Model is infeasible
Best objective -, best bound -, gap -

User-callback calls 29, time in user-callback 0.00 sec

Computing Irreducible Inconsistent Subsystem (IIS)...

           Constraints          |            Bounds           |  Runtime
      Min       Max     Guess   |   Min       Max     Guess   |
--------------------------------------------------------------------------
        0       297         -         0       569         -           0s
       36        36         -        45        45         -           1s

IIS computed: 36 constraints, 45 bounds
IIS runtime: 0.54 seconds
================================================================================
executing instance: ./input/Instances/Original/1/absH3high_1n45.dat
--------------------------------------------------------------------------------
Instance details
n	46
H	3
C	3462
Li:
[0, 0, 0, 0, 0, 0, 0, 0, 0, 0, 0, 0, 0, 0, 0, 0, 0, 0, 0, 0, 0, 0, 0, 0, 0, 0, 0, 0, 0, 0, 0, 0, 0, 0, 0, 0, 0, 0, 0, 0, 0, 0, 0, 0, 0, 0, ]
Ui:
[0, 273, 270, 36, 165, 192, 148, 45, 30, 75, 180, 198, 112, 117, 90, 64, 180, 22, 264, 174, 168, 270, 86, 66, 26, 66, 237, 156, 92, 108, 144, 72, 30, 45, 94, 54, 174, 96, 198, 136, 44, 180, 210, 249, 198, 48, ]
Distance matrix:
|0	281	201	160	249	201	93	431	236	139	252	136	116	166	390	110	349	374	303	180	327	464	236	70	44	461	346	439	363	254	312	426	305	206	71	137	169	200	247	260	20	219	256	253	460	278	|
|281	0	448	170	53	142	338	184	121	290	371	390	222	302	111	289	169	434	230	177	238	441	59	212	319	211	86	235	399	306	53	176	99	202	263	157	361	101	370	201	264	344	364	374	469	184	|
|201	448	0	285	430	325	114	556	361	171	191	64	228	174	546	294	453	306	364	289	388	435	393	254	157	585	491	536	318	254	490	554	436	407	266	292	108	388	186	337	207	181	205	190	408	364	|
|160	170	285	0	169	43	182	280	80	120	208	231	58	132	262	230	190	294	151	24	174	345	112	107	183	309	207	280	268	158	219	276	155	235	187	45	192	150	205	107	140	177	202	210	356	119	|
|249	53	430	169	0	152	317	238	145	282	377	369	212	299	157	242	215	452	261	183	273	474	76	181	290	264	140	287	421	320	63	229	145	148	221	142	352	53	374	226	234	346	370	378	498	215	|
|201	142	325	43	152	0	224	237	37	156	230	273	101	164	224	261	148	300	127	38	147	333	83	142	225	266	167	238	270	168	193	233	112	246	221	70	228	148	228	84	180	202	222	232	351	87	|
|93	338	114	182	317	224	0	460	262	92	180	52	124	112	440	199	364	307	292	191	317	415	284	140	57	490	387	452	304	208	377	457	336	297	163	181	84	274	175	256	95	152	188	180	402	280	|
|431	184	556	280	238	237	460	0	199	385	420	508	337	385	108	464	110	429	219	269	206	378	202	365	460	30	98	84	388	340	204	9	126	386	432	294	453	283	421	226	411	404	408	423	422	198	|
|236	121	361	80	145	37	262	199	0	191	255	310	138	197	191	290	114	312	118	72	133	330	69	175	262	229	132	204	279	186	174	195	75	258	251	102	262	153	254	81	216	230	246	257	353	72	|
|139	290	171	120	282	156	92	385	191	0	116	129	71	27	380	246	283	235	201	119	226	329	231	141	129	414	323	367	224	119	336	383	266	308	202	141	72	252	112	169	127	82	118	117	322	195	|
|252	371	191	208	377	230	180	420	255	116	0	187	178	90	443	361	311	127	204	195	224	246	313	257	232	446	382	380	129	81	423	421	320	422	318	242	100	355	5	195	241	34	15	2	225	224	|
|136	390	64	231	369	273	52	508	310	129	187	0	173	141	491	233	409	313	330	239	355	431	335	191	93	538	438	495	316	233	429	505	385	342	203	233	88	325	182	297	143	167	199	187	412	323	|
|116	222	228	58	212	101	124	337	138	71	178	173	0	91	319	206	244	284	187	69	212	357	165	85	130	367	265	333	264	151	267	333	213	244	161	70	140	181	175	145	97	145	177	180	359	165	|
|166	302	174	132	299	164	112	385	197	27	90	141	91	0	388	273	280	208	191	127	215	305	243	167	153	413	329	361	198	96	351	383	270	333	229	159	68	272	86	163	153	56	92	91	296	190	|
|390	111	546	262	157	224	440	108	191	380	443	491	319	388	0	399	164	480	264	261	261	456	156	320	426	125	62	186	442	369	107	99	125	300	374	260	452	210	443	252	372	420	433	446	494	227	|
|110	289	294	230	242	261	199	464	290	246	361	233	206	273	399	0	402	480	382	254	404	562	262	124	143	493	369	490	466	355	302	457	344	135	45	191	279	189	356	337	120	328	364	362	563	348	|
|349	169	453	190	215	148	364	110	114	283	311	409	244	280	164	402	0	324	110	174	101	292	151	289	372	135	109	90	284	230	212	111	70	354	364	216	348	245	312	118	329	295	298	313	330	90	|
|374	434	306	294	452	300	307	429	312	235	127	313	284	208	480	480	324	0	216	274	223	137	380	368	357	448	419	367	40	136	487	432	358	525	436	336	227	443	132	234	361	156	119	127	102	255	|
|303	230	364	151	261	127	292	219	118	201	204	330	187	191	264	382	110	216	0	128	25	213	185	258	314	243	203	176	178	123	282	221	144	372	338	193	256	270	206	45	283	193	191	206	239	46	|
|180	177	289	24	183	38	191	269	72	119	195	239	69	127	261	254	174	274	128	0	151	321	118	130	198	299	204	263	246	139	228	266	147	258	211	68	191	169	193	83	159	166	188	197	333	98	|
|327	238	388	174	273	147	317	206	133	226	224	355	212	215	261	404	101	223	25	151	0	203	198	281	339	228	202	156	184	143	288	209	146	390	362	215	280	286	226	68	308	215	210	226	235	61	|
|464	441	435	345	474	333	415	378	330	329	246	431	357	305	456	562	292	137	213	321	203	0	398	440	458	390	400	301	117	211	492	384	348	578	517	389	344	480	251	251	448	265	233	246	54	259	|
|236	59	393	112	76	83	284	202	69	231	313	335	165	243	156	262	151	380	185	118	198	398	0	167	270	231	110	233	347	250	110	195	85	203	230	103	303	95	311	150	217	284	305	315	422	139	|
|70	212	254	107	181	142	140	365	175	141	257	191	85	167	320	124	289	368	258	130	281	440	167	0	109	394	277	378	349	236	244	359	239	167	81	73	196	135	253	213	53	223	257	258	444	226	|
|44	319	157	183	290	225	57	460	262	129	232	93	130	153	426	143	372	357	314	198	339	458	270	109	0	490	379	462	351	247	353	456	334	250	110	168	140	243	226	274	56	201	238	232	449	294	|
|461	211	585	309	264	266	490	30	229	414	446	538	367	413	125	493	135	448	243	299	228	390	231	394	490	0	125	89	408	365	226	36	156	412	462	324	481	311	447	253	441	430	433	448	436	225	|
|346	86	491	207	140	167	387	98	132	323	382	438	265	329	62	369	109	419	203	204	202	400	110	277	379	125	0	155	381	307	113	90	63	288	339	211	394	186	382	190	327	359	371	384	436	165	|
|439	235	536	280	287	238	452	84	204	367	380	495	333	361	186	490	90	367	176	263	156	301	233	378	462	89	155	0	326	299	267	92	148	432	454	306	429	325	382	199	419	369	366	382	348	172	|
|363	399	318	268	421	270	304	388	279	224	129	316	264	198	442	466	284	40	178	246	184	117	347	349	351	408	381	326	0	113	452	391	321	502	422	311	229	415	134	199	348	152	118	130	98	219	|
|254	306	254	158	320	168	208	340	186	119	81	233	151	96	369	355	230	136	123	139	143	211	250	236	247	365	307	299	113	0	359	340	244	390	310	200	148	308	83	117	238	74	68	83	208	145	|
|312	53	490	219	63	193	377	204	174	336	423	429	267	351	107	302	212	487	282	228	288	492	110	244	353	226	113	267	452	359	0	195	145	194	283	199	407	115	421	254	296	394	415	425	521	237	|
|426	176	554	276	229	233	457	9	195	383	421	505	333	383	99	457	111	432	221	266	209	384	195	359	456	36	90	92	391	340	195	0	122	378	426	289	451	275	421	226	406	404	408	423	427	197	|
|305	99	436	155	145	112	336	126	75	266	320	385	213	270	125	344	70	358	144	147	146	348	85	239	334	156	63	148	321	244	145	122	0	286	310	168	336	177	320	128	285	298	309	322	381	103	|
|206	202	407	235	148	246	297	386	258	308	422	342	244	333	300	135	354	525	372	258	390	578	203	167	250	412	288	432	502	390	194	378	286	0	144	191	362	109	418	329	202	388	421	423	591	329	|
|71	263	266	187	221	221	163	432	251	202	318	203	161	229	374	45	364	436	338	211	362	517	230	81	110	462	339	454	422	310	283	426	310	144	0	150	239	168	313	294	77	285	321	319	518	306	|
|137	157	292	45	142	70	181	294	102	141	242	233	70	159	260	191	216	336	193	68	215	389	103	73	168	324	211	306	311	200	199	289	168	191	150	0	210	113	239	148	117	210	238	244	400	157	|
|169	361	108	192	352	228	84	453	262	72	100	88	140	68	452	279	348	227	256	191	280	344	303	196	140	481	394	429	229	148	407	451	336	362	239	210	0	318	95	231	164	79	111	100	325	258	|
|200	101	388	150	53	148	274	283	153	252	355	325	181	272	210	189	245	443	270	169	286	480	95	135	243	311	186	325	415	308	115	275	177	109	168	113	318	0	352	230	187	323	351	357	498	225	|
|247	370	186	205	374	228	175	421	254	112	5	182	175	86	443	356	312	132	206	193	226	251	311	253	226	447	382	382	134	83	421	421	320	418	313	239	95	352	0	196	237	30	19	6	230	224	|
|260	201	337	107	226	84	256	226	81	169	195	297	145	163	252	337	118	234	45	83	68	251	150	213	274	253	190	199	199	117	254	226	128	329	294	148	231	230	196	0	240	178	184	198	272	29	|
|20	264	207	140	234	180	95	411	216	127	241	143	97	153	372	120	329	361	283	159	308	448	217	53	56	441	327	419	348	238	296	406	285	202	77	117	164	187	237	240	0	208	245	242	446	257	|
|219	344	181	177	346	202	152	404	230	82	34	167	145	56	420	328	295	156	193	166	215	265	284	223	201	430	359	369	152	74	394	404	298	388	285	210	79	323	30	178	208	0	37	35	250	206	|
|256	364	205	202	370	222	188	408	246	118	15	199	177	92	433	364	298	119	191	188	210	233	305	257	238	433	371	366	118	68	415	408	309	421	321	238	111	351	19	184	245	37	0	17	214	212	|
|253	374	190	210	378	232	180	423	257	117	2	187	180	91	446	362	313	127	206	197	226	246	315	258	232	448	384	382	130	83	425	423	322	423	319	244	100	357	6	198	242	35	17	0	225	226	|
|460	469	408	356	498	351	402	422	353	322	225	412	359	296	494	563	330	102	239	333	235	54	422	444	449	436	436	348	98	208	521	427	381	591	518	400	325	498	230	272	446	250	214	225	0	285	|
|278	184	364	119	215	87	280	198	72	195	224	323	165	190	227	348	90	255	46	98	61	259	139	226	294	225	165	172	219	145	237	197	103	329	306	157	258	225	224	29	257	206	212	226	285	0	|

--------------------------------------------------------------------------------
Building model...
	using lazy and cut (CVRPSEP package)
Solving IRP LP...
--------------------------------------------------------------------------------

Gurobi 9.1.0 (linux64) logging started Sat Jan  9 02:29:35 2021

Gurobi Optimizer version 9.1.0 build v9.1.0rc0 (linux64)
Thread count: 32 physical cores, 32 logical processors, using up to 2 threads
Optimize a model with 2377 rows, 17074 columns and 50845 nonzeros
Model fingerprint: 0xf0898211
Variable types: 859 continuous, 16215 integer (690 binary)
Coefficient statistics:
  Matrix range     [1e+00, 7e+02]
  Objective range  [1e-01, 6e+02]
  Bounds range     [1e+00, 3e+02]
  RHS range        [1e+01, 6e+03]
Presolve removed 268 rows and 1420 columns
Presolve time: 0.15s
Presolved: 2109 rows, 15654 columns, 45065 nonzeros
Variable types: 777 continuous, 14877 integer (14220 binary)

Root relaxation: objective 1.324306e+04, 2096 iterations, 0.15 seconds

    Nodes    |    Current Node    |     Objective Bounds      |     Work
 Expl Unexpl |  Obj  Depth IntInf | Incumbent    BestBd   Gap | It/Node Time

     0     0 13243.0644    0  180          - 13243.0644      -     -    0s
     0     0 13610.9975    0  223          - 13610.9975      -     -    1s
     0     0 13611.7416    0  149          - 13611.7416      -     -    2s
     0     0 13858.6124    0  272          - 13858.6124      -     -    3s
     0     0 14030.5558    0  262          - 14030.5558      -     -    3s
     0     0 14032.4391    0  281          - 14032.4391      -     -    3s
     0     0 14033.0156    0  270          - 14033.0156      -     -    3s
     0     0 14035.2613    0  271          - 14035.2613      -     -    3s
     0     0 14035.9912    0  271          - 14035.9912      -     -    3s
     0     0 14036.2079    0  274          - 14036.2079      -     -    3s
     0     0 14218.9202    0  303          - 14218.9202      -     -    4s
     0     0 14229.5391    0  325          - 14229.5391      -     -    4s
     0     0 14232.7096    0  316          - 14232.7096      -     -    4s
     0     0 14233.8326    0  321          - 14233.8326      -     -    4s
     0     0 14233.8923    0  327          - 14233.8923      -     -    4s
     0     0 14326.2804    0  353          - 14326.2804      -     -    5s
     0     0 14350.0760    0  329          - 14350.0760      -     -    6s
     0     0 14351.5951    0  359          - 14351.5951      -     -    6s
     0     0 14351.8412    0  356          - 14351.8412      -     -    6s
     0     0 14400.3092    0  341          - 14400.3092      -     -    7s
     0     0 14403.0080    0  339          - 14403.0080      -     -    7s
     0     0 14404.7266    0  336          - 14404.7266      -     -    7s
     0     0 14409.7705    0  404          - 14409.7705      -     -    8s
     0     0 14409.7765    0  402          - 14409.7765      -     -    8s
     0     0 14465.0362    0  417          - 14465.0362      -     -    8s
     0     0 14476.3476    0  437          - 14476.3476      -     -   10s
     0     0 14480.8568    0  435          - 14480.8568      -     -   10s
     0     0 14537.0879    0  451          - 14537.0879      -     -   10s
     0     0 14556.6849    0  477          - 14556.6849      -     -   11s
     0     0 14557.0660    0  517          - 14557.0660      -     -   11s
     0     0 14576.0222    0  399          - 14576.0222      -     -   11s
     0     0 14577.5246    0  398          - 14577.5246      -     -   12s
     0     0 14595.2119    0  373          - 14595.2119      -     -   13s
     0     0 14597.7883    0  347          - 14597.7883      -     -   13s
     0     0 14598.0710    0  347          - 14598.0710      -     -   13s
     0     0 14609.9567    0  503          - 14609.9567      -     -   14s
     0     0 14609.9567    0  503          - 14609.9567      -     -   14s
     0     2 14617.0391    0  503          - 14617.0391      -     -   21s
    13    16 14670.1850    4  467          - 14631.8121      -   621   25s
    33    36 14697.0312    9  594          - 14631.8121      -   611   30s
    47    51 14876.7687   13  569          - 14631.8121      -   685   35s
    67    73 14952.1642   17  452          - 14631.8121      -   661   40s
   100   108 15122.8923   23  465          - 14631.8121      -   573   45s
   140   155 15180.6209   28  467          - 14631.8121      -   497   50s
   220   241 15247.7306   41  403          - 14631.8121      -   367   55s
   296   311 15503.6993   49  378          - 14631.8121      -   318   61s
   356   379 15454.6069   59  353          - 14631.8121      -   293   65s
   477   520 15557.1083   70  331          - 14631.8121      -   245   71s
   584   629 15622.7582   78  289          - 14631.8121      -   218   76s
   697   671 19195.0118  372   18          - 14631.8121      -   195   80s
   732   711 15882.6896  101  197          - 14631.8121      -   202   86s
   766   735 14805.6456   13  378          - 14631.8121      -   207   90s
   792   782 16688.3419  123  327          - 14631.8121      -   213   95s
   863   848 16983.9145  158  235          - 14631.8121      -   212  101s
   910   923 17394.1685  180  202          - 14647.8023      -   212  106s
   972   930 14826.6722    4  560          - 14647.8023      -   207  110s
   983   933 15655.3799   86  293          - 14647.8023      -   208  115s
   990   938 16183.6047  101  608          - 14676.7327      -   206  120s
   999   944 15774.1221   93  637          - 14692.6424      -   205  125s
  1004   947 18531.7148  288  703          - 14705.0798      -   204  130s
  1009   950 15394.6903   53  701          - 14712.6710      -   203  136s
  1013   953 14994.7471   28  731          - 14717.6128      -   202  140s
  1019   957 14879.2067   16  725          - 14719.5977      -   201  146s
  1022   959 14871.6958   20  673          - 14720.3075      -   200  151s
  1023   960 18822.2069  332  673          - 14724.8626      -   200  164s
  1024   963 14724.8626   13  655          - 14724.8626      -   218  165s
  1036   971 14893.7202   16  422          - 14724.8626      -   223  171s
  1044   977 14805.7672   18  611          - 14738.2650      -   229  175s
  1054   983 14770.0231   21  714          - 14755.3374      -   236  180s
  1065   991 14807.0756   24  554          - 14755.3374      -   242  185s
  1080  1002 14868.4384   27  564          - 14755.3374      -   246  190s
  1088  1008 14833.1782   30  517          - 14755.3374      -   253  195s
  1100  1018 14847.2912   33  521          - 14755.3374      -   259  202s
  1111  1026 14864.8949   36  516          - 14755.3374      -   263  206s
  1126  1033 14902.0856   40  461          - 14755.3374      -   270  211s
  1134  1041 14912.9745   42  472          - 14755.3374      -   276  215s
  1146  1048 14942.8573   45  494          - 14755.3374      -   281  220s
  1169  1069 15023.7874   50  503          - 14755.3374      -   286  226s
  1189  1080 15035.9195   55  562          - 14755.3374      -   289  231s
  1209  1092 15096.3290   59  535          - 14755.3374      -   294  238s
  1216  1100 15081.5314   61  352          - 14755.3374      -   297  240s
  1250  1135 15201.9558   69  277          - 14755.3374      -   299  246s
  1300  1172 15262.7047   81  326          - 14755.3374      -   298  252s
  1329  1187 15303.6612   88  341          - 14755.3374      -   296  255s
  1383  1230 15428.4894  103  276          - 14755.3374      -   295  262s
  1414  1257 15487.3150  112  224          - 14755.3374      -   294  266s
  1452  1291 15569.5709  122  226          - 14755.3374      -   292  270s
  1525  1320 15900.2349  148  136          - 14755.3374      -   286  275s
  1598  1415 16027.8559  165  184          - 14755.3374      -   281  284s
  1624  1406 16214.4260  178  199          - 14755.3374      -   278  285s
  1673  1475 16430.4533  190  141          - 14755.3374      -   274  290s
  1758  1550 16835.1041  221  135          - 14755.3374      -   266  296s
  1861  1657 17423.0201  254  130          - 14755.3374      -   257  302s
  1937  1632 18030.0991  292   64          - 14755.3374      -   250  305s
  2005  1768 18149.3879  295   75          - 14755.4924      -   245  312s
  2099  1742 19065.6700  340    -          - 14755.4924      -   236  315s
  2190  1766 19211.5452  340   23          - 14764.5390      -   230  322s
  2313  1757 14813.4883   16  678          - 14764.6270      -   221  329s
  2321  1760 14867.4841   17  590          - 14764.6270      -   223  333s
  2327  1764 15017.5792   19  566          - 14764.6270      -   225  338s
  2333  1767 15007.7853   20  558          - 14764.6270      -   227  343s
  2338  1770 15026.1130   22  624          - 14764.6270      -   229  346s
  2343  1776 14986.2602   24  513          - 14764.6270      -   231  351s
  2350  1779 15026.3425   26  570          - 14764.6270      -   232  356s
  2361  1788 15091.2852   26  467          - 14764.6270      -   236  363s
  2368  1793 15085.5369   29  486          - 14764.6270      -   237  367s
  2376  1800 15087.9037   31  509          - 14764.6270      -   239  372s
  2385  1809 15090.9890   32  481          - 14764.6270      -   240  376s
  2397  1814 15156.0464   33  433          - 14764.6270      -   241  382s
  2408  1818 15143.5062   35  386          - 14764.6270      -   243  387s
  2420  1825 15223.4483   39  377          - 14764.6270      -   245  391s
  2433  1824 15288.2291   43  414          - 14764.6270      -   246  397s
  2440  1831 15271.8968   44  415          - 14764.6270      -   248  402s
  2450  1841 15245.9604   47  359          - 14764.6270      -   249  406s
  2463  1849 15247.0396   48  301          - 14764.6270      -   250  410s
  2475  1856 15334.1882   52  302          - 14764.6270      -   252  415s
  2497  1869 15501.0052   56  280          - 14764.6270      -   255  424s
  2507  1877 15405.3259   58  420          - 14764.6270      -   257  429s
  2518  1885 15474.6249   60  323          - 14764.6270      -   258  434s
  2525  1883 15614.6422   57  299          - 14764.6270      -   259  435s
  2544  1907 15475.6464   64  325          - 14764.6270      -   261  445s
  2560  1919 15580.6790   68  383          - 14764.6270      -   263  450s
  2578  1926 15673.9440   73  258          - 14764.6270      -   264  456s
  2591  1942 15612.2018   77  319          - 14764.6270      -   265  461s
  2611  1955 15655.6466   83  396          - 14764.6270      -   266  467s
  2631  1966 15738.9577   88  338          - 14764.6270      -   268  473s
  2648  1990 15740.1706   89  380          - 14764.6270      -   269  479s
  2678  2009 15851.2325   94  347          - 14764.6270      -   270  485s
  2707  2025 15831.3540   98  397          - 14764.6270      -   271  492s
  2733  2044 15897.6111  109  282          - 14764.6270      -   272  498s
  2760  2078 15939.7177  113  299          - 14764.6270      -   273  505s
  2803  2110 15953.0847  117  279          - 14764.6270      -   273  522s
  2850  2141 16122.8697  121  275          - 14764.6270      -   273  531s
  2896  2175 16051.1788  129  270          - 14764.6270      -   273  540s
  2946  2190 16201.8794  137  286          - 14764.6270      -   273  548s
  2977  2239 16345.0114  139  184          - 14764.6270      -   273  558s
  3037  2286 16315.5560  147  210          - 14764.6270      -   272  567s
  3104  2361 16499.3052  156  234          - 14764.6270      -   271  578s
  3174  2338 17089.5215  173  128          - 14764.6270      -   270  581s
  3203  2409 16635.2808  171  197          - 14764.6270      -   268  590s
  3284  2473 16961.5791  185  172          - 14764.6270      -   268  602s
  3377  2599 17371.8784  196  111          - 14764.6270      -   267  615s
  3536  2780 17933.5245  218  105          - 14764.6270      -   261  632s
  3632  2748 18233.3746  234   85          - 14764.6270      -   257  635s
  3793  2692 18975.6410  243  138          - 14765.9812      -   251  650s
  3826  2692 14996.6223   23  630          - 14765.9906      -   252  660s
  3837  2704 15004.0422   24  577          - 14765.9906      -   254  671s
  3852  2710 15021.5083   27  554          - 14765.9906      -   255  688s
  3863  2717 15119.8844   31  585          - 14765.9906      -   259  705s
  3874  2730 15090.7317   33  554          - 14765.9906      -   262  715s
  3891  2741 15130.6181   35  475          - 14765.9906      -   264  727s
  3907  2761 15209.1195   41  484          - 14765.9906      -   266  738s
  3931  2782 15201.6822   45  435          - 14765.9906      -   267  750s
  3952  2805 15301.9149   50  397          - 14765.9906      -   269  761s
  3975  2825 15327.9670   55  417          - 14765.9906      -   271  773s
  3997  2849 15404.8604   57  462          - 14765.9906      -   272  785s
  4021  2882 15551.3971   59  419          - 14765.9906      -   274  797s
  4054  2905 15555.8843   63  376          - 14765.9906      -   275  809s
  4077  2937 15652.9435   65  347          - 14765.9906      -   277  822s
  4109  2992 15661.9754   68  365          - 14765.9906      -   279  835s
  4164  3057 15787.2047   76  315          - 14765.9906      -   279  853s
  4229  3155 15834.1694   79  370          - 14765.9906      -   279  870s
  4327  3263 15961.2320   86  325          - 14765.9906      -   278  888s
  4435  3498 15943.1863   91  403          - 14765.9906      -   276  912s
  4678  3677 16070.9296  101  357          - 14765.9906      -   267  976s
  4793  3677 19604.8345  245   24          - 14765.9906      -   264  980s
  4948  3703 16194.9471  112  380          - 14765.9906      -   256 1000s
  5009  3739 16390.8258  118  360          - 14765.9906      -   257 1018s
  5045  3787 16460.0045  127  326          - 14765.9906      -   258 1035s
  5093  3841 16565.1249  139  247          - 14765.9906      -   259 1052s
  5147  3948 16841.4235  147  203          - 14765.9906      -   261 1078s
  5254  4059 17100.8230  165  148          - 14765.9906      -   260 1101s
  5365  4265 17340.0990  180  134          - 14765.9906      -   260 1123s
  5411  4265 17426.6032  193  116          - 14765.9906      -   259 1125s
  5573  4450 17802.8683  220   54          - 14769.7833      -   256 1153s
  5654  4450 18381.5142  232   34          - 14769.7833      -   254 1155s
  5810  4585 15123.4227   20  613          - 14769.7833      -   251 1182s
  5947  4648 15359.1728   28  461          - 14769.7833      -   250 1208s
  6021  4648 17837.6533  165   38          - 14769.7833      -   251 1210s
  6046  4682 15417.3763   33  438          - 14769.7833      -   251 1231s
  6080  4710 15538.3044   41  356          - 14769.7833      -   253 1252s
  6108  4748 15621.9842   47  339          - 14769.7833      -   256 1274s
  6146  4790 infeasible   56               - 14769.7833      -   258 1297s
  6192  4853 15895.6620   68  269          - 14769.7833      -   260 1320s
  6257  4944 16007.4872   82  285          - 14769.7833      -   262 1344s
  6272  4944 16236.7158   89  190          - 14769.7833      -   262 1345s
  6350  5113 16180.2064  100  237          - 14769.7833      -   263 1372s
  6460  5113 16187.9007  102   28          - 14769.7833      -   263 1375s
  6525  5326 16482.2155  130  146          - 14769.7833      -   262 1402s
  6752  5599 17011.1387  168  113          - 14769.7833      -   260 1436s
  6767  5599 17101.2805  174  109          - 14769.7833      -   260 1449s
  6782  5599 17424.2059  176   72          - 14769.7833      -   260 1450s
  7000  5604 17362.2167  168   20          - 14769.7833      -   255 1455s
  7080  5670 18111.6190  234    8          - 14789.1009      -   254 1481s
  7155  5720 15516.3443   28  379          - 14789.1009      -   255 1510s
  7197  5764 15625.3228   39  329          - 14789.1009      -   257 1535s
  7241  5900 15788.6589   50  290          - 14789.1009      -   259 1574s
  7271  5900 15853.2708   65  218          - 14789.1009      -   260 1575s
  7379  6097 15913.8092   85   70          - 14789.1009      -   261 1614s
  7409  6097 15952.8523   97   56          - 14789.1009      -   261 1615s
  7598  6189 16583.4150  122   60          - 14805.7879      -   260 1653s
  7644  6189 16683.8114  144   22          - 14805.7879      -   260 1655s
  7703  6244 15450.1678   24  444          - 14805.7879      -   262 1688s
  7762  6348 infeasible   36               - 14805.7879      -   264 1727s
  7862  6348 15805.0236   68  208          - 14805.7879      -   266 1730s
  7870  6504 infeasible   62               - 14805.8021      -   266 1771s
  7885  6505 15934.3883   73   98          - 14805.8021      -   266 1778s
  7976  6519 16544.0800  106    -          - 14805.8021      -   264 1780s
  8064  6713 15246.3725   24  489          - 14805.8021      -   265 1826s
  8312  6872 15481.8036   35  287          - 14805.8021      -   264 1878s
  8360  6872 16633.0957  103   50          - 14805.8021      -   266 1880s
  8487  6950 15750.5310   51  363          - 14805.8021      -   265 1921s
  8553  7068 15940.9515   63  273          - 14805.8021      -   267 1965s
  8671  7493 16201.2770   92  125          - 14805.8021      -   269 2022s
  8792  7493 16594.2540  132   55          - 14805.8021      -   268 2025s
  9035  7523 18308.9367  211   19          - 14805.8021      -   262 2030s
  9183  7751 17612.5228  160   42          - 14810.7812      -   262 2079s
  9213  7751 19214.3744  216   15          - 14810.7812      -   262 2080s
  9478  7779 17465.2139  194   21          - 14810.8822      -   260 2085s
  9504  7844 15629.0495   35  344          - 14810.8822      -   260 2119s
  9519  7844 15700.3981   41  352          - 14810.8822      -   260 2120s
  9562  7967 15834.8320   49  215          - 14810.8822      -   262 2163s
  9624  7967 16031.5323   79   12          - 14810.8822      -   262 2165s
  9705  8170 16618.1474   92  241          - 14810.8822      -   263 2212s
  9795  8170 16902.3681  116   69          - 14810.8822      -   264 2215s
  9908  8480 17238.7267  139   30          - 14811.9272      -   264 2260s
 10047  8493 17937.5837  169   26          - 14811.9272      -   261 2265s
 10344  8767 15206.7765   29  428          - 14811.9272      -   257 2312s
 10470  8767 18059.1724  195   76          - 14811.9272      -   257 2315s
 10608  8831 15529.4829   41  360          - 14811.9272      -   256 2355s
 10660  8935 15622.2317   52  408          - 14811.9272      -   257 2394s
 10764  9093 15835.8563   64  322          - 14811.9272      -   259 2448s
 10779  9093 15824.2606   71  361          - 14811.9272      -   259 2450s
 10996  9330 15920.2038   88   79          - 14811.9272      -   258 2505s
 11152  9330 17891.0533  163   41          - 14811.9272      -   258 2510s
 11240  9434 16128.3461  102  111          - 14811.9272      -   257 2559s
 11255  9434 16180.9928  104   58          - 14811.9272      -   257 2564s
 11285  9434 16254.6038  111   84          - 14811.9272      -   258 2565s
 11333  9666 16319.2582  123  158          - 14815.5148      -   259 2616s
 11440  9672 17236.9938  163   62          - 14815.5148      -   259 2620s
 11659  9866 14962.2676   22  705          - 14815.5148      -   257 2662s
 11815 10083 15716.5721   35  431          - 14815.5148      -   257 2721s
 11975 10095 17750.5614  145   14          - 14815.5148      -   255 2725s
 12222 10220 15912.3745   46  315          - 14815.5148      -   251 2762s
 12273 10300 16056.4087   58  355          - 14815.5148      -   253 2801s
 12295 10300 16081.1607   43  347          - 14815.5148      -   254 2805s
 12355 10399 16228.2130   66  292          - 14815.5148      -   255 2841s
 12456 10542 16633.0164   81  291          - 14815.5148      -   257 2882s
 12605 10771 16954.6884  103  201          - 14815.5148      -   257 2932s
 12695 10771 17057.5785  137  209          - 14815.5148      -   257 2935s
 12846 10975 infeasible  141               - 14815.6857      -   257 2982s
 12879 10975 17429.2873  171  158          - 14816.9858      -   257 2988s
 12954 10975 17649.3012  199   63          - 14816.9858      -   257 2990s
 13111 11044 15588.8474   31  543          - 14816.9858      -   255 3028s
 13132 11044 15713.3865   45  449          - 14816.9858      -   256 3030s
 13161 11086 15736.9944   47  439          - 14816.9858      -   257 3063s
 13176 11086 15928.3307   54  363          - 14816.9858      -   257 3081s
 13203 11192 15869.6007   56  396          - 14816.9858      -   258 3130s
 13311 11435 16043.9969   74  347          - 14816.9858      -   259 3180s
 13491 11435 17281.5913  121   43          - 14816.9858      -   258 3185s
 13586 11581 16246.7297  104  190          - 14816.9858      -   257 3227s
 13662 11581 16514.2404  130  150          - 14816.9858      -   258 3230s
 13718 11654 16719.6380  146   37          - 14816.9858      -   258 3405s
 13793 11937 16952.6859  157   30          - 14822.2628      -   259 3462s
 13913 11938 17224.0012  197   60          - 14822.2628      -   258 3465s
 14115 12141 15103.3593   18  641          - 14822.2628      -   257 3518s
 14179 12141 16355.6352  125   39          - 14822.2628      -   258 3520s
 14391 12267 15579.0270   30  446          - 14822.2628      -   256 3562s
 14487 12487 16163.1927   41  346          - 14822.2628      -   257 3603s
 14502 12487 16224.7151   48  337          - 14822.2628      -   257 3605s

Cutting planes:
  User: 7794
  Gomory: 19
  Cover: 713
  Implied bound: 113
  Projected implied bound: 1
  Clique: 10
  MIR: 312
  Flow cover: 734
  Zero half: 36
  RLT: 579
  Relax-and-lift: 15
  Lazy constraints: 1528

Explored 14717 nodes (3782988 simplex iterations) in 3610.28 seconds
Thread count was 2 (of 32 available processors)

Solution count 0

Time limit reached
Best objective -, best bound 1.482226280512e+04, gap -

User-callback calls 296543, time in user-callback 392.43 sec
================================================================================
executing instance: ./input/Instances/Original/1/absH3high_2n45.dat
--------------------------------------------------------------------------------
Instance details
n	46
H	3
C	3171
Li:
[0, 0, 0, 0, 0, 0, 0, 0, 0, 0, 0, 0, 0, 0, 0, 0, 0, 0, 0, 0, 0, 0, 0, 0, 0, 0, 0, 0, 0, 0, 0, 0, 0, 0, 0, 0, 0, 0, 0, 0, 0, 0, 0, 0, 0, 0, ]
Ui:
[0, 246, 160, 78, 20, 87, 144, 40, 20, 82, 60, 96, 24, 136, 160, 108, 160, 26, 228, 51, 24, 240, 231, 70, 32, 105, 174, 114, 246, 126, 132, 76, 22, 42, 255, 132, 148, 162, 66, 111, 102, 240, 123, 201, 297, 78, ]
Distance matrix:
|0	148	402	550	329	420	187	318	366	280	504	273	233	333	112	344	379	481	113	593	159	523	261	424	90	359	163	461	413	240	105	299	265	89	371	462	339	273	495	22	41	439	369	506	563	468	|
|148	0	284	517	394	284	136	369	244	311	496	166	329	355	223	202	338	388	204	565	254	506	118	346	71	423	173	471	336	118	105	352	198	105	248	428	302	305	487	153	179	441	230	497	517	370	|
|402	284	0	350	448	80	228	406	42	343	382	129	456	350	412	126	219	131	382	395	410	371	180	137	314	466	289	400	137	167	389	401	169	316	39	280	217	342	373	394	414	362	108	380	324	106	|
|550	517	350	0	339	429	385	308	374	295	93	375	431	249	481	461	180	239	458	48	445	57	474	214	496	333	387	160	216	424	601	321	320	471	376	90	217	301	93	530	534	146	452	88	52	262	|
|329	394	448	339	0	513	282	42	438	105	255	363	115	108	221	484	259	431	217	365	172	289	436	362	333	30	224	189	353	380	423	47	291	296	443	285	240	107	251	307	294	193	495	260	378	437	|
|420	284	80	429	513	0	267	473	76	408	462	163	509	421	449	86	298	201	421	474	455	451	167	217	330	533	333	478	217	181	386	466	225	341	70	360	291	406	453	416	438	440	59	460	400	176	|
|187	136	228	385	282	267	0	249	199	186	360	104	248	224	184	214	207	294	155	432	189	371	155	237	113	308	68	336	227	101	216	236	78	98	205	296	168	181	350	174	190	305	231	360	390	283	|
|318	369	406	308	42	473	249	0	397	66	229	325	128	67	216	447	218	389	206	337	168	260	402	320	311	61	196	167	311	345	406	19	252	275	403	248	198	70	223	296	286	164	457	233	344	395	|
|366	244	42	374	438	76	199	397	0	332	397	96	436	346	383	90	228	168	354	420	385	389	139	161	277	458	263	408	158	128	349	391	150	282	6	298	218	331	388	359	380	370	78	395	352	144	|
|280	311	343	295	105	408	186	66	332	0	231	259	142	53	191	380	171	337	173	332	150	257	337	267	258	127	139	182	258	280	359	58	186	223	338	222	143	6	224	258	254	164	390	234	323	340	|
|504	496	382	93	255	462	360	229	397	231	0	375	356	180	422	478	173	293	403	110	381	36	474	248	463	245	345	68	246	419	568	244	308	433	400	104	200	237	9	482	482	67	474	5	142	312	|
|273	166	129	375	363	163	104	325	96	259	375	0	347	283	288	121	202	221	259	423	292	376	99	183	186	386	170	370	175	52	269	315	76	187	102	288	177	256	365	265	285	333	133	374	365	204	|
|233	329	456	431	115	509	248	128	436	142	356	347	0	181	121	462	311	472	128	463	76	386	398	403	260	141	180	294	392	349	334	111	287	224	442	362	280	139	350	212	194	289	479	360	463	472	|
|333	355	350	249	108	421	224	67	346	53	180	283	181	0	244	403	152	324	226	283	201	207	369	256	307	118	186	129	247	311	409	74	208	273	351	183	136	59	173	311	307	113	410	183	282	331	|
|112	223	412	481	221	449	184	216	383	191	422	288	121	244	0	387	327	461	30	521	49	447	313	396	152	250	125	371	385	273	214	196	249	121	389	400	288	185	415	91	74	355	408	425	503	454	|
|344	202	126	461	484	86	214	447	90	380	478	121	462	403	387	0	305	256	360	508	400	473	84	250	255	507	282	482	246	115	302	437	196	271	90	382	288	377	469	343	367	444	28	476	441	232	|
|379	338	219	180	259	298	207	218	228	171	173	202	311	152	327	305	0	172	301	227	300	174	302	105	318	270	217	180	97	249	423	221	141	296	232	90	40	173	164	361	368	142	303	172	184	180	|
|481	388	131	239	431	201	294	389	168	337	293	221	472	324	461	256	172	0	432	280	446	273	300	70	400	442	337	330	80	271	490	391	217	391	167	191	194	339	286	468	483	294	239	289	203	26	|
|113	204	382	458	217	421	155	206	354	173	403	259	128	226	30	360	301	432	0	499	52	426	287	367	133	246	95	355	356	246	208	187	219	100	360	376	261	167	395	90	81	337	381	406	478	425	|
|593	565	395	48	365	474	432	337	420	332	110	423	463	283	521	508	227	280	499	0	482	77	521	260	542	356	431	178	262	472	647	352	368	516	422	137	264	338	114	573	576	174	499	106	78	304	|
|159	254	410	445	172	455	189	168	385	150	381	292	76	201	49	400	300	446	52	482	0	407	331	378	184	201	122	327	367	286	258	149	242	150	391	367	263	144	374	137	122	314	419	384	470	441	|
|523	506	371	57	289	451	371	260	389	257	36	376	386	207	447	473	174	273	426	77	407	0	475	234	477	280	363	104	234	422	583	275	313	449	392	91	205	263	38	503	504	97	468	31	108	294	|
|261	118	180	474	436	167	155	402	139	337	474	99	398	369	313	84	302	300	287	521	331	475	0	275	173	462	220	465	268	58	219	390	168	193	142	388	275	333	464	261	286	430	111	473	462	279	|
