




arguments: ./build/mirp_solver -f ./input/orig_exec_107.cfg
Current dir: /scratch/gui/bnc_mirp
File verbosity level: 9
date       time         ( uptime  ) [ thread name/id ]                   file:line     v| 
2021-01-09 22:13:34.232 (   0.339s) [main thread     ]             loguru.cpp:789   INFO| Logging to './output/vi_hc1_full/OU/V5/Original/execution_09_01_2021_22_13_34.log', mode: 'a', verbosity: 9
--------------------------------------------------------------------------------
Parameters
                           instance_path           ./input/Instances/Original/3/
                            model_policy                                       1
                             nb_vehicles                                       5
                              output_dir    ./output/vi_hc1_full/OU/V5/Original/
                            sec_strategy                                       1
                       solver_nb_threads                                       2
                         solver_show_log                                    true
                       solver_time_limit                                    3600
                              use_vi_cos                                   false
                              use_vi_cus                                   false
                         use_vi_hc1_full                                    true
                         use_vi_hc1_half                                   false
                      use_vi_hc1_quarter                                   false
                              use_vi_hc2                                   false
                              use_vi_hc3                                   false
                         use_vi_lex_full                                   false
                         use_vi_lex_half                                   false
                      use_vi_lex_quarter                                   false
                              use_vi_qua                                   false
                               use_vi_vc                                   false
                               use_vi_vr                                   false
--------------------------------------------------------------------------------
executing instance: ./input/Instances/Original/3/absH3low_2n5.dat
--------------------------------------------------------------------------------
Instance details
n	6
H	3
C	237
Li:
[0, 0, 0, 0, 0, 0, ]
Ui:
[0, 93, 180, 51, 114, 24, ]
Distance matrix:
|0	170	318	35	112	235	|
|170	0	311	205	258	301	|
|318	311	0	326	278	137	|
|35	205	326	0	89	230	|
|112	258	278	89	0	160	|
|235	301	137	230	160	0	|

--------------------------------------------------------------------------------
Building model...
	using lazy and cut (CVRPSEP package)
Solving IRP LP...
--------------------------------------------------------------------------------

Gurobi 9.1.0 (linux64) logging started Sat Jan  9 22:13:34 2021

Gurobi Optimizer version 9.1.0 build v9.1.0rc0 (linux64)
Thread count: 32 physical cores, 32 logical processors, using up to 2 threads
Optimize a model with 297 rows, 414 columns and 1485 nonzeros
Model fingerprint: 0x82337c91
Variable types: 99 continuous, 315 integer (90 binary)
Coefficient statistics:
  Matrix range     [1e+00, 2e+02]
  Objective range  [1e-02, 3e+02]
  Bounds range     [1e+00, 2e+02]
  RHS range        [1e+01, 5e+02]
Presolve removed 156 rows and 245 columns
Presolve time: 0.00s

Explored 0 nodes (0 simplex iterations) in 0.00 seconds
Thread count was 1 (of 32 available processors)

Solution count 0

Model is infeasible
Best objective -, best bound -, gap -

User-callback calls 52, time in user-callback 0.00 sec

Computing Irreducible Inconsistent Subsystem (IIS)...

           Constraints          |            Bounds           |  Runtime
      Min       Max     Guess   |   Min       Max     Guess   |
--------------------------------------------------------------------------
        0       297         -         0       569         -           0s
       42        42         -        37        37         -           0s

IIS computed: 42 constraints, 37 bounds
IIS runtime: 0.35 seconds
================================================================================
executing instance: ./input/Instances/Original/3/absH3high_5n30.dat
--------------------------------------------------------------------------------
Instance details
n	31
H	3
C	2296
Li:
[0, 0, 0, 0, 0, 0, 0, 0, 0, 0, 0, 0, 0, 0, 0, 0, 0, 0, 0, 0, 0, 0, 0, 0, 0, 0, 0, 0, 0, 0, 0, ]
Ui:
[0, 80, 90, 297, 28, 264, 123, 192, 112, 32, 72, 88, 294, 129, 126, 105, 110, 237, 246, 92, 72, 147, 54, 96, 128, 96, 84, 28, 74, 196, 192, ]
Distance matrix:
|0	87	302	65	389	171	219	120	412	339	129	63	169	401	383	158	393	161	246	275	64	287	345	235	13	274	106	201	85	358	135	|
|87	0	334	128	402	212	301	204	465	384	187	145	232	424	454	238	475	245	289	352	80	307	352	321	81	352	20	261	170	376	215	|
|302	334	0	239	113	132	237	334	157	70	404	263	162	105	227	229	339	251	65	217	259	53	107	352	293	220	339	134	270	75	235	|
|65	128	239	0	330	107	175	130	348	275	174	40	107	339	326	114	351	125	181	224	58	228	290	222	58	224	143	138	65	297	92	|
|389	402	113	330	0	226	349	438	210	151	502	360	269	48	316	339	441	362	175	328	335	102	55	465	377	330	401	245	371	37	342	|
|171	212	132	107	226	0	169	214	253	173	276	134	64	233	261	130	326	153	77	188	133	125	192	264	162	190	220	68	145	193	125	|
|219	301	237	175	349	169	0	157	257	223	244	157	105	334	180	62	175	61	177	63	233	264	334	118	221	61	317	112	136	312	85	|
|120	204	334	130	438	214	157	0	402	348	88	90	173	438	336	115	307	100	269	220	172	338	406	122	130	218	224	204	69	403	101	|
|412	465	157	348	210	253	257	402	0	88	486	359	245	166	129	287	266	303	178	204	386	208	239	370	406	207	473	212	354	187	304	|
|339	384	70	275	151	173	223	348	88	0	427	291	179	120	166	234	290	254	96	187	306	123	166	342	332	190	391	145	291	119	247	|
|129	187	404	174	502	276	244	88	486	427	0	142	248	508	424	200	390	187	342	308	193	400	464	192	142	306	207	281	136	469	182	|
|63	145	263	40	360	134	157	90	359	291	142	0	114	366	321	95	331	99	202	212	90	258	323	186	65	211	163	148	27	327	72	|
|169	232	162	107	269	64	105	173	245	179	248	114	0	266	222	71	268	94	97	131	155	173	244	203	164	132	245	34	113	233	73	|
|401	424	105	339	48	233	334	438	166	120	508	366	266	0	280	332	409	355	169	305	353	117	96	452	391	308	425	237	374	49	339	|
|383	454	227	326	316	261	180	336	129	166	424	321	222	280	0	231	137	238	208	116	376	277	331	272	381	118	467	197	307	285	253	|
|158	238	229	114	339	130	62	115	287	234	200	95	71	332	231	0	238	23	164	118	171	243	314	134	159	117	255	95	77	302	23	|
|393	475	339	351	441	326	175	307	266	290	390	331	268	409	137	238	0	232	300	138	408	383	445	204	395	136	492	258	308	406	260	|
|161	245	251	125	362	153	61	100	303	254	187	99	94	355	238	23	232	0	187	123	183	267	338	111	164	121	262	117	77	325	34	|
|246	289	65	181	175	77	177	269	178	96	342	202	97	169	208	164	300	187	0	168	210	87	157	290	238	171	296	70	206	138	170	|
|275	352	217	224	328	188	63	220	204	187	308	212	131	305	116	118	138	123	168	0	279	255	322	166	275	3	367	120	195	291	141	|
|64	80	259	58	335	133	233	172	386	306	193	90	155	353	376	171	408	183	210	279	0	236	289	276	51	279	90	182	117	307	150	|
|287	307	53	228	102	125	264	338	208	123	400	258	173	117	277	243	383	267	87	255	236	0	71	374	276	257	308	153	270	71	245	|
|345	352	107	290	55	192	334	406	239	166	464	323	244	96	331	314	445	338	157	322	289	71	0	445	334	325	350	224	337	54	315	|
|235	321	352	222	465	264	118	122	370	342	192	186	203	452	272	134	204	111	290	166	276	374	445	0	243	164	341	221	159	428	142	|
|13	81	293	58	377	162	221	130	406	332	142	65	164	391	381	159	395	164	238	275	51	276	334	243	0	274	100	196	89	347	136	|
|274	352	220	224	330	190	61	218	207	190	306	211	132	308	118	117	136	121	171	3	279	257	325	164	274	0	367	122	194	294	140	|
|106	20	339	143	401	220	317	224	473	391	207	163	245	425	467	255	492	262	296	367	90	308	350	341	100	367	0	272	188	377	232	|
|201	261	134	138	245	68	112	204	212	145	281	148	34	237	197	95	258	117	70	120	182	153	224	221	196	122	272	0	146	208	103	|
|85	170	270	65	371	145	136	69	354	291	136	27	113	374	307	77	308	77	206	195	117	270	337	159	89	194	188	146	0	337	54	|
|358	376	75	297	37	193	312	403	187	119	469	327	233	49	285	302	406	325	138	291	307	71	54	428	347	294	377	208	337	0	306	|
|135	215	235	92	342	125	85	101	304	247	182	72	73	339	253	23	260	34	170	141	150	245	315	142	136	140	232	103	54	306	0	|

--------------------------------------------------------------------------------
Building model...
	using lazy and cut (CVRPSEP package)
Solving IRP LP...
--------------------------------------------------------------------------------

Gurobi 9.1.0 (linux64) logging started Sat Jan  9 22:13:34 2021

Gurobi Optimizer version 9.1.0 build v9.1.0rc0 (linux64)
Thread count: 32 physical cores, 32 logical processors, using up to 2 threads
Optimize a model with 1597 rows, 8014 columns and 24460 nonzeros
Model fingerprint: 0xdad281b5
Variable types: 574 continuous, 7440 integer (465 binary)
Coefficient statistics:
  Matrix range     [1e+00, 5e+02]
  Objective range  [1e-01, 5e+02]
  Bounds range     [1e+00, 3e+02]
  RHS range        [1e+01, 4e+03]
Presolve removed 227 rows and 973 columns
Presolve time: 0.07s
Presolved: 1370 rows, 7041 columns, 21201 nonzeros
Variable types: 500 continuous, 6541 integer (6120 binary)

Root relaxation: objective 9.121158e+03, 1454 iterations, 0.05 seconds

    Nodes    |    Current Node    |     Objective Bounds      |     Work
 Expl Unexpl |  Obj  Depth IntInf | Incumbent    BestBd   Gap | It/Node Time

     0     0 9121.15833    0   97          - 9121.15833      -     -    0s
     0     0 9443.77240    0  153          - 9443.77240      -     -    0s
     0     0 9453.17866    0  161          - 9453.17866      -     -    0s
     0     0 9725.27651    0  202          - 9725.27651      -     -    0s
     0     0 9754.75160    0  166          - 9754.75160      -     -    0s
     0     0 9756.42528    0  167          - 9756.42528      -     -    0s
     0     0 9756.46345    0  163          - 9756.46345      -     -    0s
     0     0 9953.47168    0  286          - 9953.47168      -     -    1s
     0     0 9997.93225    0  300          - 9997.93225      -     -    1s
     0     0 10005.2919    0  326          - 10005.2919      -     -    1s
     0     0 10005.9483    0  327          - 10005.9483      -     -    1s
     0     0 10006.0863    0  327          - 10006.0863      -     -    1s
     0     0 10030.2294    0  223          - 10030.2294      -     -    1s
     0     0 10037.3778    0  253          - 10037.3778      -     -    1s
     0     0 10040.0307    0  276          - 10040.0307      -     -    1s
     0     0 10041.4508    0  257          - 10041.4508      -     -    1s
     0     0 10041.5374    0  281          - 10041.5374      -     -    2s
     0     0 10069.9215    0  350          - 10069.9215      -     -    2s
     0     0 10077.5848    0  351          - 10077.5848      -     -    2s
     0     0 10079.4016    0  368          - 10079.4016      -     -    2s
     0     0 10079.9257    0  367          - 10079.9257      -     -    2s
     0     0 10101.6558    0  421          - 10101.6558      -     -    2s
     0     0 10103.9813    0  424          - 10103.9813      -     -    2s
     0     0 10104.4001    0  459          - 10104.4001      -     -    2s
     0     0 10112.6433    0  266          - 10112.6433      -     -    3s
     0     0 10115.9842    0  349          - 10115.9842      -     -    3s
     0     0 10116.1830    0  324          - 10116.1830      -     -    3s
     0     0 10118.5078    0  340          - 10118.5078      -     -    3s
     0     0 10118.5078    0  340          - 10118.5078      -     -    3s
     0     2 10121.2683    0  339          - 10121.2683      -     -    4s
    13    16 10123.3240    4  372          - 10123.3240      -   406    5s
    89    94 10494.8851   27  225          - 10131.8338      -   360   10s
   205   232 11557.6367   69  100          - 10131.8338      -   300   15s
   429   401 10274.7400    6  341          - 10133.9876      -   216   20s
   481   454 10378.7970    9  366          - 10133.9876      -   250   25s
   577   534 10495.6526   15  196          - 10133.9876      -   257   30s
   619   578 10585.9933   22  274          - 10133.9876      -   278   35s
   691   653 11074.2778   33  202          - 10133.9876      -   298   40s
   737   680 12941.4389  127  471          - 10158.5134      -   297   45s
   760   695 11204.4672   61  440          - 10198.6244      -   288   50s
   780   709 10512.4111   18  107          - 10202.5045      -   299   55s
   798   721 10584.1488   21  393          - 10202.7434      -   292   61s
   801   726 10206.5988   25  476          - 10206.5988      -   302   65s
   805   729 10230.4190   26  337          - 10219.9237      -   303   70s
   823   741 10288.1804   31  385          - 10219.9237      -   307   75s
   855   766 10354.9179   39  289          - 10219.9237      -   314   80s
   893   795 10482.4478   49  266          - 10219.9237      -   322   85s
   950   837 10642.8225   62  267          - 10219.9237      -   326   90s
  1019   881 10813.6474   77  293          - 10219.9237      -   330   95s
  1077   921 11082.5806   90  257          - 10219.9237      -   333  100s
  1139   966 11306.4660  105  249          - 10219.9237      -   335  105s
  1233  1018 11549.5951  128  256          - 10219.9237      -   329  111s
  1311  1077 11658.8766  149  181          - 10219.9237      -   326  116s
  1392  1097 11781.2551  167  189          - 10219.9237      -   319  120s
  1471  1152 11979.8003  194  197          - 10219.9237      -   319  126s
  1542  1204 12191.4355  223  114          - 10219.9237      -   317  130s
  1667  1305 12891.1444  269  111          - 10219.9237      -   309  137s
  1727  1344 13091.8640  291   84          - 10219.9237      -   305  140s
  1853  1404 13338.8487  341  109          - 10219.9237      -   297  145s
  1959  1401 10290.1418   32  389          - 10240.3327      -   292  150s
  2001  1442 10402.6183   37  373          - 10240.3327      -   295  155s
  2058  1479 10441.0559   47  367          - 10240.3327      -   297  161s
  2126  1525 10512.0338   68  366          - 10240.3327      -   297  167s
  2158  1564 10551.0940   77  367          - 10240.3327      -   298  170s
  2227  1603 10617.4639  107  359          - 10240.3327      -   296  177s
  2270  1641 10701.0196  120  301          - 10240.3327      -   297  180s
  2366  1684 10948.4584  153  281          - 10240.3327      -   296  188s
  2397  1716 11159.8199  157  313          - 10240.3327      -   297  192s
  2442  1759 11265.8518  169  284          - 10240.3327      -   298  196s
  2500  1795 11522.8212  186  240          - 10240.3327      -   296  200s
  2557  1842 11639.3357  212  258          - 10240.3327      -   295  205s
  2625  1902 11994.2245  216  185          - 10240.3327      -   295  210s
  2708  2005 12006.9701  239  216          - 10240.3327      -   291  215s
  2848  2111 12165.4839  304  188          - 10240.3327      -   283  221s
  3007  2397 12513.7329  342  174          - 10240.3327      -   275  228s
  3375  2873 13085.2858  404   78          - 10240.3327      -   254  237s
  3811  2873 17859.0359  580   45          - 10240.3327      -   230  240s
  3891  2924 13578.5892  539   14          - 10267.7723      -   226  245s
  4027  3023 10455.6101   35  244          - 10267.7723      -   225  254s
  4068  3066 10571.6131   45  193          - 10267.7723      -   227  259s
  4111  3145 10830.6825   50  273          - 10267.7723      -   227  263s
  4190  3245 10793.8669   59  141          - 10267.7723      -   226  269s
  4290  3496 10939.3210   72  106          - 10267.7723      -   225  276s
  4559  3556 11060.9218  112  231          - 10267.7723      -   216  283s
  4619  3755 11161.2236  138  170          - 10267.7723      -   217  289s
  4654  3755 11222.6827  165   65          - 10267.7723      -   216  290s
  4822  3796 infeasible  265               - 10279.5762      -   212  296s
  4885  3837 10553.5586   36  458          - 10279.5762      -   214  301s
  4926  3910 10644.7727   45  355          - 10279.5762      -   215  307s
  4999  3989 10719.7475   76  196          - 10279.5762      -   216  314s
  5078  4279 10817.3552  118  181          - 10279.5762      -   217  322s
  5376  4358 infeasible  335               - 10279.9894      -   210  331s
  5503  4555 10988.6604   46  133          - 10279.9894      -   209  339s
  5539  4555 11211.3837   70   82          - 10279.9894      -   209  340s
  5704  4857 11524.2383  104   34          - 10279.9894      -   207  369s
  5739  4857 11550.0320  132   74          - 10279.9894      -   206  370s
  6032  4985 12777.5900  229   16          - 10287.1327      -   199  380s
  6192  5093 10571.8990   47  203          - 10287.1327      -   198  388s
  6292  5322 10767.0183   72  144          - 10287.1327      -   199  396s
  6521  5752 11313.1600  180    6          - 10287.2966      -   197  406s
  6973  6003 10829.6256   49   99          - 10287.2966      -   189  417s
  7256  6244 11428.6764  144   74          - 10288.7341      -   185  428s
  7509  6265 10467.6321   32  182          - 10288.7341      -   181  430s
  7550  6357 10647.0529   41  120          - 10288.7341      -   183  438s
  7642  6625 10734.2130   84  148          - 10289.0137      -   184  449s
  7820  6625 11954.8139  200   15          - 10289.0137      -   182  450s
  7958  6825 10468.0716   38  377          - 10289.0137      -   182  459s
  8159  7014 10678.3876   53  234          - 10289.0137      -   182  469s
  8274  7014 12152.9986  295   74          - 10289.0137      -   182  470s
  8366  7114 10912.2989   75  279          - 10289.0137      -   181  478s
  8470  7572 11243.0194  108  103          - 10291.3069      -   183  488s
  8717  7572 infeasible  243               - 10291.3069      -   179  490s
  8977  7655 10671.0918   32  329          - 10296.1859      -   177  499s
  9055  7812 10847.8103   62  218          - 10296.1859      -   179  508s
  9216  8221 11114.2046  128  113          - 10296.2746      -   179  519s
  9359  8221 11637.0058  244   72          - 10296.2746      -   177  520s
  9704  8280 10499.9338   33  360          - 10298.8572      -   174  529s
  9763  8387 10807.0519   52  204          - 10298.8572      -   175  538s
  9870  8819 11670.7013   89  122          - 10298.9203      -   176  548s
 10118  8834 13555.8400  207    -          - 10298.9203      -   173  550s
 10404  8917 10411.4719   34  250          - 10302.4882      -   170  559s
 10467  9131 10725.8302   44  234          - 10302.4882      -   172  568s
 10691  9365 10923.3856   70  204          - 10302.4882      -   172  581s
 10989  9517 11549.3605  146    8          - 10310.5961      -   169  591s
 11175  9732 10994.5044   51  125          - 10310.5961      -   169  600s
 11374 10135 11108.6360  133   51          - 10315.0730      -   169  609s
 11444 10135 11248.6369  191   37          - 10315.0730      -   168  610s
 11817 10226 10690.7596   44  348          - 10315.1215      -   166  619s
 11908 10603 10827.0295   80  173          - 10315.1954      -   167  628s
 12158 10617 12142.1306  214   19          - 10315.1954      -   165  630s
 12350 10932 10523.9322   36  372          - 10315.1954      -   164  641s
 12718 11072 10961.3026   52  174          - 10315.1954      -   162  653s
 12847 11347 11280.8003   84  119          - 10315.1954      -   161  662s
 13166 11367 10574.1859   40  272          - 10315.1954      -   160  665s
 13172 11636 11914.7858  155   69          - 10328.6727      -   160  673s
 13499 11807 10791.3442   43  275          - 10328.6727      -   159  682s
 13666 12208 10881.3737   56  262          - 10328.6727      -   159  691s
 14101 12437 12219.3691  217   16          - 10328.9918      -   157  702s
 14345 12634 10789.8531   46  176          - 10328.9918      -   156  711s
 14569 12859 11186.9800   87  118          - 10328.9918      -   156  766s
 14794 13219 12141.0843  192   61          - 10334.8508      -   155  775s
 15188 13288 10618.7103   41  341          - 10334.8508      -   154  784s
 15271 13420 10842.6881   60  131          - 10334.8508      -   155  793s
 15409 14036 12147.9800  120   56          - 10336.7611      -   155  802s
 16057 14110 10729.9011   38  413          - 10336.7611      -   152  813s
 16147 14204 11006.5363   55  238          - 10336.7611      -   152  821s
 16241 14497 11255.3765   71  110          - 10337.3985      -   153  830s
 16582 14619 10636.1047   33  303          - 10338.4622      -   152  839s
 16616 14619 10917.6525   35  133          - 10338.4622      -   153  840s
 16704 14946 10935.0126   50  108          - 10338.4622      -   153  849s
 16774 14946 11153.2829   92  115          - 10338.4622      -   153  850s
 17084 15207 11346.5289   96   93          - 10338.6883      -   151  860s
 17354 15295 10644.9406   38  334          - 10338.6883      -   151  868s
 17442 15617 10839.9067   52  247          - 10338.6883      -   151  877s
 17795 15806 11423.2649   85  145          - 10338.6883      -   151  888s
 17985 16370 12481.7812  168   39          - 10340.9314      -   151  898s
 18272 16370 13752.9528  347   46          - 10340.9314      -   149  900s
 18617 16520 10544.7511   45  292          - 10340.9314      -   148  909s
 18904 16707 10824.7286   58  133          - 10340.9314      -   147  919s
 19026 17090 11222.3686   79   82          - 10340.9314      -   148  929s
 19171 17090 12487.8744  168   41          - 10340.9314      -   147  930s
 19444 17188 12725.0745  216   42          - 10348.5515      -   146  939s
 19546 17338 10633.0063   38  351          - 10348.5515      -   147  947s
 19732 17415 10983.0578   56  164          - 10348.5515      -   147  955s
 19806 17625 11223.0370   77   98          - 10348.5515      -   148  963s
 19981 17625 12229.8147  185   42          - 10348.5515      -   147  965s
 20016 18022 12072.1473  182   42          - 10353.2240      -   148  973s
 20483 18082 10658.9779   42  318          - 10353.2372      -   146  982s
 20543 18230 10919.5729   53  105          - 10353.2372      -   147  990s
 20691 18411 11384.8533  138   67          - 10353.5420      -   147  999s
 20952 18775 10850.1253   46  208          - 10353.5420      -   147 1009s
 21084 18775 11708.9845  118   73          - 10353.5420      -   147 1010s
 21368 19044 11370.0562   73   86          - 10354.5626      -   146 1019s
 21403 19044 11465.8254   97   85          - 10354.5626      -   146 1020s
 21639 19256 10517.0279   33  384          - 10354.5626      -   146 1029s
 21839 19259 12767.1500  178   19          - 10354.5626      -   145 1030s
 21908 19332 10917.1121   41  358          - 10354.5626      -   145 1037s
 21967 19458 10833.0609   54  314          - 10354.5626      -   146 1045s
 22095 20028 11367.0416  108   96          - 10355.1748      -   146 1055s
 22846 20141 10714.1434   35  282          - 10356.1184      -   143 1065s
 22901 20235 10866.7478   46  238          - 10356.1184      -   144 1073s
 22995 20486 11106.0188   73  136          - 10356.1750      -   145 1082s
 23292 20550 10660.2198   43  318          - 10358.6012      -   144 1090s
 23356 20681 11210.1414   64   97          - 10358.6012      -   145 1097s
 23487 21093 11513.4304  130   80          - 10358.9721      -   145 1106s
 24024 21392 10622.0647   42  255          - 10358.9721      -   143 1118s
 24319 21403 13419.0700  250   19          - 10358.9721      -   143 1120s
 24352 21553 10901.3522   55  225          - 10362.5643      -   143 1128s
 24558 21644 10685.8481   36  216          - 10362.5643      -   143 1136s
 24649 22124 11167.9345   67  135          - 10362.5643      -   143 1145s
 25176 22298 12456.1779  216   17          - 10363.3717      -   142 1155s
 25403 22367 10811.8855   42  319          - 10368.8109      -   142 1163s
 25472 22704 11240.8744   74  146          - 10368.8109      -   142 1171s
 25881 22962 11656.4637  179  113          - 10372.0707      -   141 1182s
 26185 23164 10776.2628   45  317          - 10372.0707      -   141 1191s
 26409 23199 10882.9790   50  350          - 10372.0707      -   141 1199s
 26439 23281 11025.6497   63  148          - 10372.0707      -   141 1205s
 26521 23497 11113.6047   95  190          - 10372.2163      -   142 1213s
 26750 23517 13148.5800  216   14          - 10372.2163      -   141 1215s
 26847 23602 10698.0300   43  388          - 10372.2163      -   141 1222s
 26926 23904 10762.6264   51  411          - 10372.2163      -   141 1231s
 27273 23972 11046.0846   62  291          - 10372.2163      -   141 1239s
 27305 23972 10997.1660   51  129          - 10372.2163      -   141 1240s
 27331 24108 11210.8911   78  193          - 10372.2163      -   141 1247s
 27467 24303 11659.2231  127  133          - 10378.6785      -   141 1256s
 27698 24352 10761.1202   46  388          - 10381.1972      -   141 1264s
 27747 24454 10949.8152   59  269          - 10381.1972      -   142 1271s
 27851 24722 11267.0656  103  160          - 10382.6399      -   142 1280s
 28158 24884 10766.8245   42  314          - 10382.6399      -   142 1289s
 28338 24963 10969.2810   52  118          - 10382.6399      -   142 1297s
 28417 25202 11188.1474   84  106          - 10384.6551      -   142 1305s
 28694 25499 10774.7330   44  176          - 10384.6551      -   142 1314s
 28807 25499 12204.4526  184   27          - 10384.6551      -   142 1315s
 29029 25681 11060.6936   72   56          - 10386.8414      -   141 1324s
 29100 25681 11455.7527  116   24          - 10386.8414      -   141 1325s
 29244 25843 10606.6866   37  266          - 10386.8414      -   141 1333s
 29410 26030 10917.6541   54  196          - 10386.8414      -   142 1341s
 29623 26581 11287.3709  108   20          - 10387.9212      -   142 1353s
 29840 26601 14432.1560  196    6          - 10387.9212      -   141 1355s
 30375 26750 10674.2510   39  340          - 10388.8033      -   139 1365s
 30472 27155 11098.9146   58  117          - 10388.8513      -   140 1374s
 30542 27155 11215.8930  114   83          - 10388.8513      -   140 1375s
 30957 27232 10550.8920   41  306          - 10388.8513      -   139 1384s
 31031 27279 10897.4382   52  292          - 10388.8513      -   140 1391s
 31078 27364 11084.7898   69  223          - 10388.8513      -   140 1398s
 31163 27636 11268.1362   96   71          - 10390.5347      -   140 1406s
 31516 27708 10737.2215   45  416          - 10390.7754      -   140 1414s
 31559 27765 10986.9444   60  282          - 10390.7754      -   140 1421s
 31616 27850 11185.4661   70  180          - 10390.7754      -   141 1428s
 31701 28234 11444.2480   92  190          - 10390.8600      -   141 1437s
 32167 28286 10545.3287   35  409          - 10392.3772      -   140 1446s
 32199 28349 10931.8680   45  300          - 10392.3772      -   141 1453s
 32262 28480 10941.1428   56  124          - 10392.3772      -   141 1461s
 32393 28823 11122.9866   71   81          - 10393.5660      -   142 1471s
 32823 28890 10518.7985   35  425          - 10394.1780      -   141 1479s
 32867 28985 10786.1618   52  329          - 10394.1780      -   142 1486s
 32964 29317 11173.3368   99   42          - 10394.6153      -   142 1495s
 33455 29424 11028.8175   52  267          - 10395.7347      -   141 1504s
 33499 29580 11204.6959   64   98          - 10395.8621      -   141 1512s
 33702 29668 10575.4583   35  328          - 10395.8621      -   141 1519s
 33769 29973 10911.6307   52  280          - 10395.8621      -   142 1528s
 34090 30352 11254.6364   72   87          - 10395.9836      -   141 1539s
 34160 30352 11569.9497  115   64          - 10395.9836      -   141 1540s
*34564 28925             209    14202.360000 10396.9390  26.8%   140 1542s
 34594 28865     cutoff  260      14202.3600 10397.8686  26.8%   140 1551s
 34624 28903 10585.1963   30  400 14202.3600 10397.8686  26.8%   140 1559s
 34679 28933 10638.7574   33  412 14202.3600 10397.8686  26.8%   140 1567s
 34727 28984 10677.5255   34  337 14202.3600 10397.8686  26.8%   140 1574s
 34754 28984 10914.5836   52  390 14202.3600 10397.8686  26.8%   141 1575s
 34778 29155 11314.2350   61  241 14202.3600 10400.5856  26.8%   141 1583s
 34965 29210     cutoff  198      14202.3600 10401.4495  26.8%   141 1591s
 35021 29277 10704.1646   35  426 14202.3600 10401.4495  26.8%   141 1598s
 35100 29526 11121.6609   67  230 14202.3600 10401.5194  26.8%   141 1607s
 35379 29550 infeasible  299      14202.3600 10402.5194  26.8%   141 1617s
 35400 29665 11334.3089   47  321 14202.3600 10402.5194  26.8%   141 1625s
 35532 29713 13198.2964  122   37 14202.3600 10402.6255  26.8%   141 1633s
 35590 29845 10832.8801   43  343 14202.3600 10402.6255  26.8%   141 1642s
 35734 29877 10932.8730   51  201 14202.3600 10402.6255  26.8%   141 1650s
 35766 29950 11141.9059   58  190 14202.3600 10402.6255  26.8%   142 1658s
 35839 29982 11344.9909   70  182 14202.3600 10402.6255  26.8%   142 1668s
 35871 30139 11580.4358   74  155 14202.3600 10402.6255  26.8%   142 1677s
 36046 30249 11793.6446   84  104 14202.3600 10405.2775  26.7%   142 1686s
 36190 30331 10523.7985   39  449 14202.3600 10405.2775  26.7%   142 1696s
 36282 30369 10806.4166   55  457 14202.3600 10405.2775  26.7%   142 1704s
 36320 30451 11118.9206   74  329 14202.3600 10405.2775  26.7%   142 1712s
 36402 30611 12049.2703  112  213 14202.3600 10405.3828  26.7%   143 1721s
 36599 30618     cutoff  204      14202.3600 10406.2440  26.7%   142 1732s
 36610 30663 10971.1740   46  365 14202.3600 10406.2440  26.7%   143 1740s
 36655 30770 11476.2742   69  202 14202.3600 10406.2440  26.7%   143 1747s
 36762 30875 12601.5095  152  141 14202.3600 10406.4139  26.7%   143 1757s
 36879 30989 10684.8985   36  258 14202.3600 10406.4139  26.7%   143 1768s
 37015 31038 10861.0109   43  351 14202.3600 10406.4139  26.7%   143 1776s
 37063 31163 11451.7021   77   85 14202.3600 10410.5991  26.7%   143 1784s
 37098 31163 12111.6834  112   70 14202.3600 10410.5991  26.7%   143 1785s
H37197 31165                    14201.240000 10410.5991  26.7%   143 1785s
 37219 31222 10751.7942   45  412 14201.2400 10410.5991  26.7%   143 1793s
 37286 31399 11031.8603   64  201 14201.2400 10410.5991  26.7%   144 1803s
 37473 31589 11992.7276  124   51 14201.2400 10414.0056  26.7%   144 1812s
 37707 31643     cutoff  244      14201.2400 10414.2373  26.7%   144 1821s
 37784 31847 11196.1982   55  138 14201.2400 10415.0488  26.7%   144 1831s
 38016 31886 infeasible  173      14201.2400 10415.0537  26.7%   144 1839s
 38063 32078 11205.4793   48  283 14201.2400 10419.0730  26.6%   144 1848s
 38271 32250 10603.7219   31  405 14201.2400 10419.0730  26.6%   144 1857s
 38469 32412 11052.6805   55  317 14201.2400 10419.0730  26.6%   144 1866s
 38634 32587 12805.4648  169   63 14201.2400 10419.4176  26.6%   144 1876s
 38869 32622 14119.7222  228   19 14201.2400 10419.7964  26.6%   143 1886s
 38909 32656 11012.5421   46  297 14201.2400 10419.8966  26.6%   144 1896s
 38943 32857 11588.6607   68  259 14201.2400 10419.8966  26.6%   144 1904s
 38978 32857 12179.8421  103  143 14201.2400 10419.8966  26.6%   144 1905s
 39148 33083 13910.9260  236   23 14201.2400 10419.8985  26.6%   144 1915s
 39423 33223 11071.1922   69  254 14201.2400 10420.3716  26.6%   143 1924s
 39458 33223 11475.7225  104  123 14201.2400 10420.3716  26.6%   143 1925s
*39575 33323             171    14191.430000 10420.7639  26.6%   143 1933s
*39576 33242             170    14126.430000 10420.7639  26.2%   143 1934s
*39577 33225             169    14115.430000 10420.7639  26.2%   143 1934s
 39713 33409 11245.6875   56  281 14115.4300 10422.6896  26.2%   143 1943s
 39911 33473 10772.1257   39  237 14115.4300 10423.0872  26.2%   143 1952s
 39989 33613 11362.5249   64  309 14115.4300 10423.0872  26.2%   144 1961s
 40129 33710 13681.1662  158   57 14115.4300 10426.9631  26.1%   144 1970s
 40265 33846 10868.6187   53  418 14115.4300 10427.4124  26.1%   143 1979s
 40404 34005 11225.3629   63  236 14115.4300 10427.4124  26.1%   144 1991s
 40593 34109 11504.2276   87  273 14115.4300 10427.4124  26.1%   144 2001s
 40706 34363 11974.8964  135  156 14115.4300 10427.4124  26.1%   144 2011s
 41015 34423     cutoff  211      14115.4300 10430.7939  26.1%   144 2021s
 41115 34486 10964.8556   49  325 14115.4300 10430.8718  26.1%   144 2029s
 41150 34486 11708.4503   84  300 14115.4300 10430.8718  26.1%   144 2030s
 41178 34627 11718.8703   85  137 14115.4300 10431.5515  26.1%   144 2038s
 41335 34717 11097.4087   42  241 14115.4300 10431.5718  26.1%   144 2046s
 41475 34756     cutoff   90      14115.4300 10432.7380  26.1%   144 2055s
 41519 34838 11033.3883   51  345 14115.4300 10433.0938  26.1%   144 2063s
 41605 34970 11311.3822   70  282 14115.4300 10433.6080  26.1%   144 2073s
 41763 35028 10757.6960   32  195 14115.4300 10433.6738  26.1%   145 2081s
 41819 35116 11006.3193   47  146 14115.4300 10433.6738  26.1%   145 2090s
 41919 35222 11166.8533   66   69 14115.4300 10433.6738  26.1%   145 2099s
 41989 35222 11446.0125  114  104 14115.4300 10433.6738  26.1%   145 2100s
 42031 35403 11785.8990  127   94 14115.4300 10434.1501  26.1%   145 2110s
 42280 35484 10925.8007   46  370 14115.4300 10434.3003  26.1%   145 2119s
 42361 35773 11658.2004   91  183 14115.4300 10434.3147  26.1%   145 2128s
 42537 35773 11254.5872   76  148 14115.4300 10434.5615  26.1%   145 2130s
 42675 35830 10692.7337   51  381 14115.4300 10434.5615  26.1%   145 2138s
 42732 36009 11260.8655   82  249 14115.4300 10434.5615  26.1%   145 2146s
 42913 36239 12501.0958  184  161 14115.4300 10435.1353  26.1%   145 2158s
 43186 36239 10694.8445   36  376 14115.4300 10435.8009  26.1%   144 2160s
 43189 36286 10973.2057   38  416 14115.4300 10435.8009  26.1%   144 2168s
 43236 36502 11356.9542   58  372 14115.4300 10435.8009  26.1%   145 2178s
 43455 36590 12129.8354   96  179 14115.4300 10435.8843  26.1%   144 2189s
 43579 36613     cutoff  170      14115.4300 10437.4168  26.1%   145 2198s
 43602 36662 10762.9378   39  374 14115.4300 10438.2159  26.1%   145 2205s
 43651 36717 10932.5070   50  328 14115.4300 10438.2159  26.1%   145 2214s
 43706 36982 11107.9329   68   98 14115.4300 10438.9684  26.0%   145 2224s
 43776 36982 11499.0425  101   42 14115.4300 10438.9684  26.0%   145 2225s
 44041 37028 10582.1775   38  395 14115.4300 10439.8478  26.0%   145 2233s
 44086 37180 11137.3325   43  289 14115.4300 10439.8478  26.0%   145 2243s
 44240 37379 11310.6004   55  211 14115.4300 10440.1659  26.0%   146 2254s
 44388 37384 13856.1527  112   13 14115.4300 10440.1659  26.0%   145 2255s
 44549 37401     cutoff  116      14115.4300 10440.7371  26.0%   145 2270s
 44555 37454 10699.8939   35  185 14115.4300 10440.9772  26.0%   145 2278s
 44608 37616 11308.6816   62  255 14115.4300 10441.0843  26.0%   146 2287s
 44795 37723 10679.7486   42  377 14115.4300 10441.0843  26.0%   146 2296s
 44902 37918 11125.5439   64  294 14115.4300 10441.0843  26.0%   146 2306s
 45113 38136 12435.6648  143  119 14115.4300 10442.4240  26.0%   145 2317s
 45379 38162 10865.8355   62  473 14115.4300 10442.7161  26.0%   145 2327s
 45410 38238 11171.4821   76  322 14115.4300 10442.7161  26.0%   145 2335s
 45486 38497 11749.3080  120  289 14115.4300 10442.7161  26.0%   146 2345s
 45747 38583 13909.4421  293   21 14115.4300 10442.8340  26.0%   145 2356s
 45864 38595     cutoff  304      14115.4300 10444.1385  26.0%   145 2365s
 45886 38639 10703.4120   52  392 14115.4300 10445.5194  26.0%   146 2373s
 45930 38681 11416.6220   62  328 14115.4300 10445.6727  26.0%   146 2381s
 45981 38841 10889.8484   53  313 14115.4300 10445.6727  26.0%   146 2391s
 46170 38898 11207.2493   62  235 14115.4300 10445.6727  26.0%   146 2399s
 46205 38898 infeasible  123      14115.4300 10445.6727  26.0%   146 2400s
 46228 39018 11432.5390   80  181 14115.4300 10445.6727  26.0%   146 2409s
 46313 39018 12413.4416  110  177 14115.4300 10445.6727  26.0%   147 2410s
 46366 39146 11625.7434  105  158 14115.4300 10447.3354  26.0%   147 2420s
 46558 39246 13441.0881  185   11 14115.4300 10448.0739  26.0%   147 2430s
 46652 39443 11106.4188   56  216 14115.4300 10448.0739  26.0%   147 2440s
 46864 39481 12248.5228  133   55 14115.4300 10448.7262  26.0%   147 2452s
 46914 39620 11054.7493   55  359 14115.4300 10448.7262  26.0%   147 2462s
 47063 39766 11845.6981  101   88 14115.4300 10448.7765  26.0%   147 2472s
 47228 39986 11554.6412   61  226 14115.4300 10448.9593  26.0%   147 2483s
 47467 40064 12825.4041  172   47 14115.4300 10449.5816  26.0%   147 2493s
 47579 40186 infeasible  214      14115.4300 10449.7950  26.0%   147 2503s
 47751 40315 10968.6385   50  427 14115.4300 10449.9209  26.0%   147 2515s
 47897 40360 10856.9479   58  337 14115.4300 10450.2130  26.0%   147 2523s
 47939 40433 11161.2013   75  232 14115.4300 10450.2130  26.0%   147 2533s
 48012 40792 11406.7556   92  132 14115.4300 10450.2130  26.0%   148 2544s
 48047 40792 11606.5786  112   80 14115.4300 10450.2130  26.0%   148 2545s
 48424 40824 12802.3070  229   44 14115.4300 10451.5961  26.0%   147 2555s
 48478 40883 10746.0952   36  215 14115.4300 10451.7226  26.0%   147 2563s
 48537 41011 10994.2572   47   90 14115.4300 10451.7226  26.0%   148 2572s
 48686 41104 11100.0569   71  121 14115.4300 10453.1221  25.9%   148 2582s
 48797 41215 10922.8792   47  327 14115.4300 10453.1221  25.9%   148 2591s
 48908 41386 12593.6475  104   60 14115.4300 10453.4755  25.9%   148 2601s
 49126 41431 10989.2955   44  310 14115.4300 10453.9991  25.9%   148 2612s
 49171 41598 11482.5337   68  249 14115.4300 10454.1616  25.9%   148 2622s
 49366 41697     cutoff  201      14115.4300 10454.1817  25.9%   148 2632s
 49508 41837 11522.4375   84  210 14115.4300 10454.6827  25.9%   148 2643s
 49678 41914     cutoff  191      14115.4300 10454.6890  25.9%   148 2653s
 49753 42115 11136.2602   68  219 14115.4300 10455.2541  25.9%   148 2663s
 49988 42177 infeasible  174      14115.4300 10457.4448  25.9%   148 2673s
 50053 42335 11279.1287   51  304 14115.4300 10457.4448  25.9%   148 2682s
 50246 42408 12164.6688  109  131 14115.4300 10458.5998  25.9%   148 2693s
 50344 42448 10883.7743   45  348 14115.4300 10459.4629  25.9%   148 2702s
 50386 42637 11563.6941   65  175 14115.4300 10459.8076  25.9%   148 2712s
 50607 42706     cutoff  160      14115.4300 10459.9039  25.9%   148 2722s
 50679 42771 10829.6719   50  205 14115.4300 10459.9039  25.9%   149 2733s
 50760 42844 10869.3407   52  330 14115.4300 10459.9039  25.9%   149 2742s
 50833 43127 11390.7259   79  150 14115.4300 10460.4905  25.9%   149 2754s
 50939 43127 12239.5872  139   32 14115.4300 10460.4905  25.9%   149 2755s
 51161 43214 10740.9161   34  372 14115.4300 10460.6874  25.9%   149 2764s
 51213 43214 11793.8575   86  128 14115.4300 10460.6874  25.9%   149 2765s
 51249 43318 12047.5907  101  143 14115.4300 10462.5178  25.9%   149 2774s
 51373 43590 11353.9383   52  364 14115.4300 10466.1461  25.9%   149 2785s
 51659 43674 10816.2507   35  193 14115.4300 10466.1461  25.9%   148 2796s
 51759 43900 11405.6146   70  234 14115.4300 10467.8405  25.8%   149 2807s
 52028 43969 10704.1999   36  370 14115.4300 10468.1528  25.8%   148 2817s
 52097 44010 11511.9193   73  222 14115.4300 10468.1528  25.8%   148 2832s
 52138 44123 11828.4712   98  113 14115.4300 10468.1528  25.8%   149 2851s
 52251 44324 13065.5027  172  124 14115.4300 10469.6288  25.8%   148 2861s
 52510 44388 11146.9848   49  257 14115.4300 10469.7557  25.8%   148 2871s
 52591 44475 11404.9020   64  256 14115.4300 10469.7557  25.8%   148 2881s
 52681 44564 12752.7619   91   79 14115.4300 10472.1423  25.8%   149 2890s
 52796 44662     cutoff  109      14115.4300 10472.2129  25.8%   149 2900s
 52898 44730 11155.2564   50  339 14115.4300 10472.2129  25.8%   149 2909s
