




arguments: ./build/mirp_solver -f ./input/orig_exec_224.cfg
Current dir: /scratch/gui/bnc_mirp
File verbosity level: 9
date       time         ( uptime  ) [ thread name/id ]                   file:line     v| 
2021-01-10 12:38:34.280 (   0.317s) [main thread     ]             loguru.cpp:789   INFO| Logging to './output/vi_hc1_full/OU/V5/Original/execution_10_01_2021_12_38_34.log', mode: 'a', verbosity: 9
--------------------------------------------------------------------------------
Parameters
                           instance_path           ./input/Instances/Original/6/
                            model_policy                                       1
                             nb_vehicles                                       5
                              output_dir    ./output/vi_hc1_full/OU/V5/Original/
                            sec_strategy                                       1
                       solver_nb_threads                                       2
                         solver_show_log                                    true
                       solver_time_limit                                    3600
                              use_vi_cos                                   false
                              use_vi_cus                                   false
                         use_vi_hc1_full                                    true
                         use_vi_hc1_half                                   false
                      use_vi_hc1_quarter                                   false
                              use_vi_hc2                                   false
                              use_vi_hc3                                   false
                         use_vi_lex_full                                   false
                         use_vi_lex_half                                   false
                      use_vi_lex_quarter                                   false
                              use_vi_qua                                   false
                               use_vi_vc                                   false
                               use_vi_vr                                   false
--------------------------------------------------------------------------------
executing instance: ./input/Instances/Original/6/absH6high_1n25.dat
--------------------------------------------------------------------------------
Instance details
n	26
H	6
C	1711
Li:
[0, 0, 0, 0, 0, 0, 0, 0, 0, 0, 0, 0, 0, 0, 0, 0, 0, 0, 0, 0, 0, 0, 0, 0, 0, 0, ]
Ui:
[0, 168, 176, 34, 66, 36, 177, 106, 118, 182, 64, 141, 189, 63, 46, 111, 182, 231, 36, 66, 68, 54, 132, 90, 246, 75, ]
Distance matrix:
|0	191	200	231	334	329	146	196	208	245	218	164	283	394	151	358	156	196	309	253	201	260	127	138	130	104	|
|191	0	226	229	278	146	328	216	390	417	327	293	195	334	106	296	171	122	472	151	12	411	280	53	190	130	|
|200	226	0	38	149	359	321	10	276	274	418	364	139	204	121	173	321	115	303	141	225	236	155	202	311	256	|
|231	229	38	0	110	352	358	37	314	310	448	395	108	167	129	135	342	109	336	120	226	268	194	213	335	277	|
|334	278	149	110	0	367	467	147	422	413	546	495	86	61	203	25	423	163	429	129	271	363	303	282	424	361	|
|329	146	359	352	367	0	453	349	533	562	411	393	282	411	245	378	250	244	617	245	141	556	426	195	284	243	|
|146	328	321	358	467	453	0	321	162	215	160	112	425	524	297	491	223	341	284	397	339	266	186	276	184	210	|
|196	216	10	37	147	349	321	0	281	281	414	360	132	203	112	171	315	105	311	132	216	244	159	193	305	249	|
|208	390	276	314	422	533	162	281	0	54	321	271	410	471	316	445	348	348	123	398	398	115	125	338	313	309	|
|245	417	274	310	413	562	215	281	54	0	375	323	413	457	334	435	393	361	70	406	424	69	139	367	359	349	|
|218	327	418	448	546	411	160	414	321	375	0	57	484	606	347	569	163	393	444	446	339	421	318	288	137	199	|
|164	293	364	395	495	393	112	360	271	323	57	0	437	556	300	519	144	346	393	401	305	367	261	249	109	163	|
|283	195	139	108	86	282	425	132	410	413	484	437	0	139	137	101	349	91	443	44	187	375	286	206	355	291	|
|394	334	204	167	61	411	524	203	471	457	606	556	139	0	264	38	483	222	467	183	326	403	356	341	484	421	|
|151	106	121	129	203	245	297	112	316	334	347	300	137	264	0	225	220	46	381	102	106	316	195	84	221	158	|
|358	296	173	135	25	378	491	171	445	435	569	519	101	38	225	0	444	184	450	145	288	384	328	303	446	383	|
|156	171	321	342	423	250	223	315	348	393	163	144	349	483	220	444	0	261	460	308	183	415	284	143	39	65	|
|196	122	115	109	163	244	341	105	348	361	393	346	91	222	46	184	261	0	402	56	118	336	224	119	264	200	|
|309	472	303	336	429	617	284	311	123	70	444	393	443	467	381	450	460	402	0	442	477	68	192	424	426	413	|
|253	151	141	120	129	245	397	132	398	406	446	401	44	183	102	145	308	56	442	0	143	375	273	164	315	251	|
|201	12	225	226	271	141	339	216	398	424	339	305	187	326	106	288	183	118	477	143	0	416	286	63	202	142	|
|260	411	236	268	363	556	266	244	115	69	421	367	375	403	316	384	415	336	68	375	416	0	135	365	384	363	|
|127	280	155	194	303	426	186	159	125	139	318	261	286	356	195	328	284	224	192	273	286	135	0	232	256	229	|
|138	53	202	213	282	195	276	193	338	367	288	249	206	341	84	303	143	119	424	164	63	365	232	0	153	89	|
|130	190	311	335	424	284	184	305	313	359	137	109	355	484	221	446	39	264	426	315	202	384	256	153	0	64	|
|104	130	256	277	361	243	210	249	309	349	199	163	291	421	158	383	65	200	413	251	142	363	229	89	64	0	|

--------------------------------------------------------------------------------
Building model...
	using lazy and cut (CVRPSEP package)
Solving IRP LP...
--------------------------------------------------------------------------------

Gurobi 9.1.0 (linux64) logging started Sun Jan 10 12:38:35 2021

Gurobi Optimizer version 9.1.0 build v9.1.0rc0 (linux64)
Thread count: 32 physical cores, 32 logical processors, using up to 2 threads
Optimize a model with 2648 rows, 11462 columns and 35504 nonzeros
Model fingerprint: 0x06b8889f
Variable types: 932 continuous, 10530 integer (780 binary)
Coefficient statistics:
  Matrix range     [1e+00, 3e+02]
  Objective range  [1e-01, 6e+02]
  Bounds range     [1e+00, 2e+02]
  RHS range        [1e+01, 3e+03]
Presolve removed 368 rows and 1592 columns
Presolve time: 0.07s
Presolved: 2280 rows, 9870 columns, 30131 nonzeros
Variable types: 840 continuous, 9030 integer (8340 binary)

Root relaxation: objective 1.505243e+04, 2893 iterations, 0.09 seconds

    Nodes    |    Current Node    |     Objective Bounds      |     Work
 Expl Unexpl |  Obj  Depth IntInf | Incumbent    BestBd   Gap | It/Node Time

     0     0 15052.4332    0  281          - 15052.4332      -     -    0s
     0     0 15323.8020    0  314          - 15323.8020      -     -    0s
     0     0 15329.4112    0  245          - 15329.4112      -     -    0s
     0     0 15332.0288    0  289          - 15332.0288      -     -    0s
     0     0 15332.1913    0  288          - 15332.1913      -     -    0s
     0     0 15332.3855    0  286          - 15332.3855      -     -    0s
     0     0 15332.3959    0  285          - 15332.3959      -     -    0s
     0     0 15713.1786    0  397          - 15713.1786      -     -    1s
     0     0 15828.6142    0  409          - 15828.6142      -     -    1s
     0     0 15850.1770    0  389          - 15850.1770      -     -    1s
     0     0 15853.8582    0  377          - 15853.8582      -     -    1s
     0     0 15854.7857    0  381          - 15854.7857      -     -    1s
     0     0 15854.7966    0  384          - 15854.7966      -     -    1s
     0     0 16238.2544    0  448          - 16238.2544      -     -    2s
     0     0 16339.2453    0  457          - 16339.2453      -     -    3s
     0     0 16340.3584    0  461          - 16340.3584      -     -    3s
     0     0 16340.6978    0  435          - 16340.6978      -     -    3s
     0     0 16488.8108    0  499          - 16488.8108      -     -    4s
     0     0 16519.7812    0  518          - 16519.7812      -     -    4s
     0     0 16564.8590    0  511          - 16564.8590      -     -    4s
     0     0 16696.7008    0  526          - 16696.7008      -     -    5s
     0     0 16740.4893    0  523          - 16740.4893      -     -    5s
     0     0 16777.0873    0  492          - 16777.0873      -     -    6s
     0     0 16780.8057    0  496          - 16780.8057      -     -    6s
     0     0 16789.1151    0  495          - 16789.1151      -     -    6s
     0     0 16789.3501    0  505          - 16789.3501      -     -    6s
     0     0 16935.4278    0  550          - 16935.4278      -     -    7s
     0     0 16947.5794    0  560          - 16947.5794      -     -    7s
     0     0 16951.9280    0  526          - 16951.9280      -     -    7s
     0     0 16953.7267    0  518          - 16953.7267      -     -    7s
     0     0 16983.6233    0  514          - 16983.6233      -     -    8s
     0     0 16996.6955    0  520          - 16996.6955      -     -    8s
     0     0 16998.0853    0  517          - 16998.0853      -     -    8s
     0     0 17015.2131    0  459          - 17015.2131      -     -    9s
     0     0 17018.2231    0  459          - 17018.2231      -     -    9s
     0     0 17018.6380    0  470          - 17018.6380      -     -    9s
     0     0 17020.0489    0  494          - 17020.0489      -     -    9s
     0     0 17020.0489    0  439          - 17020.0489      -     -   11s
     0     2 17021.8999    0  438          - 17021.8999      -     -   12s
     5     8 17052.1177    3  503          - 17024.7910      -  1283   15s
    25    31 17127.8803    9  497          - 17024.7910      -  1071   20s
    55    60 17491.4346   15  461          - 17024.7910      -   821   25s
    90    92 17673.8754   19  461          - 17024.7910      -   735   30s
   119   105 17752.0804   22  428          - 17024.7910      -   698   35s
   146   137 17865.6504   29  431          - 17024.7910      -   703   41s
   190   175 17978.0872   43  497          - 17024.7910      -   638   45s
   222   210 18290.5409   48  443          - 17024.7910      -   622   50s
   267   267 18460.7396   58  423          - 17024.7910      -   585   55s
   324   330 18780.8811   68  397          - 17024.7910      -   552   60s
   415   406 18946.6546   87  455          - 17024.7910      -   486   66s
   476   494 19308.2272   94  358          - 17024.7910      -   461   70s
   574   578 19640.9415  109  435          - 17024.7910      -   413   75s
   668   631 19955.0987  122  384          - 17024.7910      -   388   81s
   705   663 20592.2821  138  396          - 17024.7910      -   402   86s
   733   667 21294.6213  206  560          - 17024.7910      -   399   90s
   743   674 18299.7690   68  637          - 17265.0024      -   394   95s
   753   681 21294.6213  206  681          - 17318.2297      -   389  100s
   771   693 20501.2831  176  705          - 17335.1803      -   380  105s
   785   702 17779.3345   45  754          - 17345.8875      -   373  110s
   800   712 20253.5060  148  719          - 17349.7665      -   366  115s
   811   719 20333.3535  155  770          - 17350.0850      -   361  120s
   823   728 17713.5414   38  567          - 17350.0853      -   401  125s
   836   737 17350.8416    5  749          - 17350.8416      -   395  130s
   847   744 19575.4718  110  783          - 17353.2406      -   390  135s
   852   748 18985.0155   91  788          - 17353.2429      -   388  142s
   854   749 17439.0127   24  788          - 17354.0053      -   387  145s
   855   753 17388.7826   27  709          - 17354.5422      -   415  153s
   857   754 17421.0692   28  651          - 17380.6755      -   416  159s
   859   755 17421.0624   28  687          - 17382.1105      -   417  164s
   861   757 17423.3562   29  721          - 17382.1105      -   417  166s
   865   759 17438.8401   30  664          - 17389.8663      -   421  170s
   876   767 17593.9561   32  628          - 17404.4402      -   428  175s
   880   771 17525.3357   33  645          - 17416.2704      -   431  180s
   890   783 17556.2934   36  613          - 17421.0720      -   436  185s
   911   794 17609.5904   42  549          - 17421.0720      -   444  190s
   925   806 17686.0114   46  515          - 17421.0720      -   455  195s
   945   820 17772.9913   51  408          - 17421.0720      -   464  201s
   963   836 17876.7988   56  356          - 17421.0720      -   472  206s
   995   855 17972.2918   68  311          - 17421.0720      -   476  211s
  1021   879 18035.2511   76  314          - 17421.0720      -   476  217s
  1059   907 18181.9903   89  349          - 17421.0720      -   477  222s
  1081   919 18428.9569   96  440          - 17421.0720      -   478  225s
  1120   943 18398.6120  106  506          - 17421.0720      -   482  231s
  1161   973 18568.7776  116  279          - 17421.0720      -   484  238s
  1183   995 18644.4098  123  292          - 17421.0720      -   485  241s
  1213  1007 18849.1117  132  294          - 17421.0720      -   485  245s
  1275  1050 18843.9815  148  484          - 17421.0720      -   480  252s
  1302  1074 18964.5802  153  494          - 17421.0720      -   480  256s
  1335  1094 19072.7593  160  497          - 17421.0720      -   478  260s
  1399  1141 19297.2610  173  529          - 17421.0720      -   475  268s
  1435  1164 19165.0556  180  473          - 17421.0720      -   474  272s
  1470  1177 19273.0018  186  499          - 17421.0720      -   474  277s
  1496  1196 19916.0839  191  313          - 17421.0720      -   476  281s
  1530  1212 19879.9406  200  468          - 17421.0720      -   476  286s
  1562  1244 19790.4301  203  463          - 17421.0720      -   478  291s
  1605  1273 19816.8777  213  486          - 17421.0720      -   476  296s
  1648  1304 19842.1641  223  488          - 17421.0720      -   475  301s
  1694  1334 19863.2912  233  503          - 17421.0720      -   474  307s
  1739  1366 19962.8164  242  481          - 17421.0720      -   475  313s
  1788  1371 19902.5796  253  492          - 17421.0720      -   474  319s
  1833  1389 19963.4182  265  379          - 17421.0720      -   474  325s
  1866  1409 20033.4131  278  365          - 17421.0720      -   476  331s
  1897  1434 20105.6499  291  386          - 17421.0720      -   479  338s
  1933  1464 20132.2306  304  389          - 17421.0720      -   480  344s
  1975  1492 20399.0444  319  340          - 17421.0720      -   480  351s
  2017  1527 20163.6114  331  367          - 17421.0720      -   481  358s
  2066  1561 20178.7466  346  366          - 17421.0720      -   482  366s
  2116  1607 20200.6225  363  369          - 17421.0720      -   484  374s
  2179  1625 20212.3894  380  361          - 17421.0720      -   483  382s
  2221  1680 20671.3307  395  325          - 17421.0720      -   484  390s
  2292  1716 20956.0825  415  421          - 17421.0720      -   483  399s
  2355  1746 20953.7510  436  305          - 17421.0720      -   484  409s
  2411  1795 21032.4589  455  431          - 17421.0720      -   484  418s
  2483  1837 21106.5243  476  412          - 17421.0720      -   484  428s
  2551  1885 21221.9766  495  416          - 17421.0720      -   484  439s
  2625  1948 21277.6155  514  460          - 17421.0720      -   483  449s
  2722  2009 21449.7621  540  433          - 17421.0720      -   479  460s
  2825  2081 21749.8282  571  430          - 17421.0720      -   475  472s
  2944  2148 22967.4731  606  307          - 17421.0720      -   470  485s
  3053  2256 23272.0505  641  291          - 17421.0720      -   466  498s
  3207  2335 23440.1567  692  334          - 17421.1603      -   457  511s
  3344  2443 17758.6458   32  673          - 17421.1603      -   450  525s
  3456  2572 17906.6331   45  594          - 17421.1603      -   447  539s
  3581  2572 20137.0160  421  344          - 17421.1603      -   443  540s
  3585  2728 18128.5139   57  431          - 17421.1603      -   443  554s
  3741  2931 18369.9284   74  463          - 17421.1603      -   437  570s
  3948  3151 18589.5885  117  521          - 17421.1603      -   427  588s
  4067  3151 20703.7402  592  191          - 17421.1603      -   423  590s
  4174  3406 18868.8765  137  469          - 17421.1603      -   416  607s
  4462  3814 19908.4484  208  466          - 17421.1603      -   403  628s
  4582  3814 19972.5055  321  396          - 17421.1603      -   395  630s
  4942  3879 20293.7465  384  361          - 17421.9038      -   375  647s
  5023  3935 17845.3753   34  584          - 17421.9038      -   378  662s
  5079  4035 18101.6220   46  504          - 17421.9038      -   382  677s
  5179  4360 18291.8272   80  313          - 17421.9038      -   384  695s
  5506  4748 18785.5742  185  319          - 17421.9038      -   370  717s
  5716  4748 19136.7424  259  280          - 17421.9038      -   362  720s
  5902  5008 19363.4301  323  310          - 17421.9038      -   353  741s
  6179  5480 20428.8445  359  230          - 17428.7327      -   345  764s
  6220  5480 20498.8053  401  205          - 17428.7327      -   343  765s
  6615  5480 23808.9599  629  102          - 17430.9986      -   331  770s
  6771  5514 17772.3377   32  655          - 17430.9986      -   327  784s
  6789  5514 17835.5342   35  681          - 17430.9986      -   329  785s
  6805  5554 17879.8839   37  647          - 17430.9986      -   330  799s
  6845  5582 18025.2111   37  573          - 17430.9986      -   334  813s
  6873  5618 17981.4524   41  458          - 17430.9986      -   339  861s
  6909  5674 18109.6381   43  566          - 17430.9986      -   341  876s
  6965  5720 18342.5044   49  525          - 17430.9986      -   345  891s
  7011  5818 18361.9663   52  655          - 17430.9986      -   347  906s
  7109  5945 18336.9010   65  435          - 17430.9986      -   349  922s
  7242  6364 18548.9914   94  363          - 17430.9986      -   350  945s
  7665  7015 19175.8296  291  337          - 17430.9986      -   338  974s
  7790  7015 19894.9945  353  271          - 17430.9986      -   336  976s
  8087  7015 19856.2523  380  200          - 17430.9986      -   329  980s
  8342  7333 20516.9373  383  230          - 17433.0151      -   320 1005s
  8714  7370 17894.8934   30  758          - 17439.4942      -   314 1026s
  8751  7447 18240.3522   39  617          - 17439.4942      -   318 1046s
  8828  7528 18402.9044   53  462          - 17439.4942      -   321 1066s
  8909  7673 18749.5089   70  431          - 17439.4942      -   323 1087s
  9054  7946 19220.5848  118  384          - 17439.4942      -   324 1110s
  9329  8296 20019.5819  286  317          - 17439.8472      -   320 1136s
  9699  8525 17951.1391   33  762          - 17439.8472      -   315 1162s
  9928  8889 18170.2716   40  624          - 17439.8472      -   313 1189s
  9961  8889 18328.0199   63  464          - 17439.8472      -   313 1190s
 10353  8958 18460.4071   73  454          - 17439.8472      -   306 1213s
 10422  9152 18839.1794   97  409          - 17439.8472      -   309 1235s
 10640  9717 22090.6204  229  232          - 17444.4775      -   308 1261s
 10904  9717 23524.7000  366   72          - 17444.4775      -   303 1265s
 11290  9803 17905.7647   33  783          - 17444.4775      -   297 1287s
 11356  9922 18224.0251   45  559          - 17444.4775      -   300 1305s
 11485 10165 18607.8282   70  551          - 17444.4775      -   301 1325s
 11746 10531 18987.9707  102  400          - 17444.4775      -   300 1354s
 11824 10531 20062.9783  236  215          - 17444.4775      -   301 1355s
 12172 10691 19540.1046  147  276          - 17451.4028      -   296 1382s
 12360 10718 17964.1060   34  885          - 17451.4028      -   296 1402s
 12387 10766 18235.4703   40  705          - 17451.4028      -   299 1420s
 12435 10819 18561.8533   53  597          - 17451.4028      -   301 1439s
 12488 10932 18822.4530   65  431          - 17451.4028      -   303 1459s
 12560 10932 18810.9418   62  604          - 17451.4028      -   303 1460s
 12601 11129 19271.0085  107  323          - 17451.4028      -   304 1480s
 12800 11644 20223.0924  203  317          - 17451.4028      -   302 1504s
 12902 11644 20415.0253  286  288          - 17451.4028      -   301 1505s
 13317 12077 21099.9046  438  227          - 17459.0133      -   295 1535s
 13734 12077 22924.7529  531  136          - 17459.0133      -   289 1540s
 13841 12117 18280.5940   42  690          - 17459.0133      -   288 1559s
 13909 12187 18480.6585   56  581          - 17459.0133      -   289 1577s
 13979 12352 18940.5013   79  385          - 17459.0133      -   291 1596s
 14152 12635 20405.8825  156  293          - 17463.1705      -   291 1621s
 14475 12698 17995.1493   36  797          - 17463.1705      -   288 1642s
 14538 12794 18087.7522   43  686          - 17463.1705      -   290 1661s
 14634 12927 18386.2515   54  690          - 17463.1705      -   291 1681s
 14771 13007 18670.0505   64  564          - 17463.1705      -   291 1701s
 14869 13110 18966.4152   96  400          - 17463.1705      -   292 1720s
 14972 13368 19262.2201  148  323          - 17463.1705      -   293 1742s
 15188 13368 19919.4705  314  234          - 17463.1705      -   290 1745s
 15234 13570 20495.8849  333  196          - 17476.8670      -   291 1765s
 15458 13609 18049.7162   36  745          - 17476.8670      -   290 1787s
 15497 13662 18259.4920   43  542          - 17476.8670      -   292 1805s
 15550 13745 18473.7466   55  610          - 17476.8670      -   294 1825s
 15637 13915 18857.2614   75  425          - 17476.8670      -   296 1850s
 15809 14214 19402.7436  154  401          - 17476.8670      -   295 1873s
 15973 14214 21374.7024  249  185          - 17476.8670      -   294 1875s
 16130 15238 21531.1118  260  187          - 17478.5883      -   293 1909s
 16213 15238 22537.4426  279   78          - 17478.5883      -   292 1910s
 16554 15238 24542.9236  486   32          - 17478.5883      -   288 1915s
 17105 15238 23347.3913  509   80          - 17478.5883      -   281 1920s
 17286 15272 18132.9908   40  749          - 17478.5883      -   279 1941s
 17350 15313 18416.2547   49  624          - 17478.5883      -   280 1960s
 17391 15359 18528.2306   54  582          - 17478.5883      -   281 1979s
 17437 15425 18799.6169   67  588          - 17478.5883      -   283 1997s
 17503 15564 19123.4820   76  389          - 17478.5883      -   284 2016s
 17642 15818 19130.3537   89  462          - 17478.5883      -   285 2051s
 17896 16275 19343.5581  124  384          - 17478.5883      -   283 2078s
 18361 16275 25057.4183  483   89          - 17478.5883      -   279 2084s
 18405 16514 19849.5650  164  302          - 17478.5883      -   279 2106s
*18539 16355             509    25532.240000 17478.5883  31.5%   278 2108s
 18707 16489 20405.9040  259  283 25532.2400 17493.4123  31.5%   277 2134s
 18744 16489 21219.8073  296  255 25532.2400 17493.4123  31.5%   276 2135s
 18980 16611 17998.2654   40  761 25532.2400 17493.4123  31.5%   275 2159s
 19042 16611 19889.6906  125  283 25532.2400 17493.4123  31.5%   276 2160s
 19114 16676 18851.8787   66  544 25532.2400 17493.4123  31.5%   275 2181s
 19179 16833 19624.7253  118  478 25532.2400 17493.4123  31.5%   276 2201s
 19338 16954 20584.9197  242  411 25532.2400 17525.6265  31.4%   276 2222s
 19471 17098 18082.5108   34  795 25532.2400 17525.6265  31.4%   276 2244s
 19642 17154 18636.8410   40  512 25532.2400 17525.6265  31.4%   276 2269s
 19698 17421 18831.6190   48  495 25532.2400 17525.6265  31.4%   277 2292s
H19752 17388                    25416.240000 17525.6265  31.0%   277 2293s
 19868 17388 21694.0105  193  165 25416.2400 17525.6265  31.0%   276 2295s
H19983 17502                    25339.100000 17525.6265  30.8%   275 2316s
H20134 16318                    23513.060000 17525.6265  25.5%   274 2319s
 20153 16372     cutoff  127      23513.0600 17526.1010  25.5%   275 2338s
H20161 15468                    22741.610000 17526.1010  22.9%   275 2338s
 20234 15693 18489.6210   51  595 22741.6100 17526.1010  22.9%   276 2360s
 20479 15758 18930.5836   66  446 22741.6100 17526.1010  22.9%   274 2382s
 20544 15900 19930.1655  104  481 22741.6100 17526.1010  22.9%   275 2401s
 20686 16083 21001.7804  171  414 22741.6100 17529.6082  22.9%   275 2423s
 20883 16236 18228.8482   42  685 22741.6100 17529.6082  22.9%   274 2446s
 21051 16300 18967.0157   69  518 22741.6100 17529.6082  22.9%   273 2467s
 21116 16505 20182.2112  117  341 22741.6100 17566.8756  22.8%   274 2490s
 21343 16543 18073.5944   36  622 22741.6100 17566.8756  22.8%   273 2514s
H21355 14519                    21465.240000 17566.8756  18.2%   273 2514s
 21381 14612 18318.9445   46  615 21465.2400 17566.8756  18.2%   274 2533s
 21459 14612 20368.1752  148  540 21465.2400 17566.8756  18.2%   274 2535s
 21474 14816 18793.8762   62  461 21465.2400 17566.8756  18.2%   274 2558s
 21571 14816 20669.7050  194  452 21465.2400 17566.8756  18.2%   274 2560s
 21690 14912 19171.4886  112  221 21465.2400 17569.6308  18.1%   273 2581s
H21770 14351                    21295.240000 17569.6308  17.5%   273 2582s
 21800 14434 18156.9161   48  694 21295.2400 17569.6308  17.5%   273 2601s
 21883 14531 19256.8053   69  556 21295.2400 17569.6308  17.5%   274 2623s
 21980 14688 19697.7215   96  342 21295.2400 17570.4341  17.5%   273 2646s
 22177 14783 18312.1882   44  541 21295.2400 17578.8084  17.5%   273 2668s
 22251 14783 19185.7362   80  502 21295.2400 17578.8084  17.5%   274 2670s
H22272 15031                    21289.320000 17578.8084  17.4%   274 2692s
 22467 15031 20597.0431  159  284 21289.3200 17578.8084  17.4%   273 2695s
 22555 15087 20931.1981  216  301 21289.3200 17585.5076  17.4%   272 2717s
 22626 15123 18509.6080   50  735 21289.3200 17585.5076  17.4%   273 2737s
 22662 15217 18808.8286   55  494 21289.3200 17585.5076  17.4%   274 2756s
 22756 15311 19847.2885   78  237 21289.3200 17585.9167  17.4%   275 2782s
 22876 15372 18097.6161   40  729 21289.3200 17585.9167  17.4%   275 2804s
 22937 15474 19001.2230   65  553 21289.3200 17585.9167  17.4%   276 2823s
 23039 15661 19724.6797  107  573 21289.3200 17585.9167  17.4%   277 2846s
 23226 15912 20319.1432  184  492 21289.3200 17585.9589  17.4%   277 2876s
 23527 15954 18073.9144   36  721 21289.3200 17587.3647  17.4%   276 2901s
 23571 16039 19173.1799   61  577 21289.3200 17587.3647  17.4%   277 2926s
 23656 16158 20389.4763  115  243 21289.3200 17588.8510  17.4%   277 2947s
 23814 16216 19110.8595   51  395 21289.3200 17589.4703  17.4%   277 2968s
 23878 16331 20506.7168   84  513 21289.3200 17589.9875  17.4%   278 2988s
 24013 16358 18526.0654   57  654 21289.3200 17589.9875  17.4%   278 3008s
 24052 16441 18720.6145   63  635 21289.3200 17589.9875  17.4%   279 3029s
 24137 16586 20085.0152  111  329 21289.3200 17593.9574  17.4%   279 3054s
 24212 16586 20045.5297   94  570 21289.3200 17593.9675  17.4%   280 3055s
 24304 16699 18755.7151   45  417 21289.3200 17593.9675  17.4%   280 3076s
 24421 16832     cutoff  126      21289.3200 17603.2250  17.3%   280 3098s
 24584 16899 18589.5192   51  565 21289.3200 17603.2250  17.3%   280 3121s
 24661 17078 19821.6730  105  326 21289.3200 17628.4336  17.2%   281 3144s
 24718 17078 20630.0096  162  236 21289.3200 17628.4336  17.2%   280 3145s
 24866 17189 18428.9659   50  638 21289.3200 17628.4336  17.2%   280 3168s
 24977 17390 19100.3280   84  655 21289.3200 17628.4336  17.2%   281 3194s
 25020 17390 20324.7895  179  377 21289.3200 17628.4336  17.2%   281 3195s
 25194 17446 20416.4795  127  474 21289.3200 17631.2987  17.2%   280 3219s
 25224 17446 21058.6663  157  396 21289.3200 17631.2987  17.2%   280 3220s
 25263 17492 18278.4720   51  799 21289.3200 17631.2987  17.2%   280 3242s
 25309 17615 19412.8580   74  489 21289.3200 17631.2987  17.2%   281 3264s
 25338 17615 19862.7466  103  438 21289.3200 17631.2987  17.2%   281 3265s
 25448 17680 20780.4820  123  349 21289.3200 17638.0006  17.2%   282 3288s
 25543 17722 18497.8198   56  670 21289.3200 17638.0017  17.2%   282 3454s
 25589 17993 19030.9251   77  418 21289.3200 17638.0017  17.2%   283 3483s
 25821 17993 20691.9859  242  304 21289.3200 17638.0017  17.2%   282 3486s
 25880 18168 19784.8818  149  414 21289.3200 17638.5921  17.1%   281 3508s
 26050 18168 18271.2427   38  624 21289.3200 17638.5921  17.1%   280 3510s
 26075 18283 18077.1291   33  616 21289.3200 17638.5921  17.1%   281 3539s
 26181 18283 21160.9226  144  253 21289.3200 17638.5921  17.1%   281 3540s
 26212 18337 18576.7330   44  537 21289.3200 17638.5921  17.1%   281 3563s
 26266 18464 18858.0114   61  399 21289.3200 17638.5921  17.1%   282 3584s
 26393 18575 19107.2298   90  375 21289.3200 17638.5921  17.1%   282 3600s

Cutting planes:
  User: 8481
  Gomory: 44
  Cover: 642
  Implied bound: 36
  Clique: 18
  MIR: 421
  Flow cover: 683
  Zero half: 20
  Network: 1
  RLT: 460
  Relax-and-lift: 4
  Lazy constraints: 263

Explored 26505 nodes (7503133 simplex iterations) in 3601.60 seconds
Thread count was 2 (of 32 available processors)

Solution count 8: 21289.3 21295.2 21465.2 ... 25532.2

Time limit reached
Best objective 2.128932000000e+04, best bound 1.763859206786e+04, gap 17.1482%

User-callback calls 521389, time in user-callback 256.43 sec
================================================================================
executing instance: ./input/Instances/Original/6/absH6high_1n20.dat
--------------------------------------------------------------------------------
Instance details
n	21
H	6
C	1651
Li:
[0, 0, 0, 0, 0, 0, 0, 0, 0, 0, 0, 0, 0, 0, 0, 0, 0, 0, 0, 0, 0, ]
Ui:
[0, 36, 182, 182, 90, 261, 117, 30, 110, 42, 276, 153, 40, 94, 144, 46, 129, 213, 264, 160, 174, ]
Distance matrix:
|0	371	401	343	361	341	370	115	392	400	79	266	292	245	355	431	265	194	95	92	348	|
|371	0	37	141	110	250	117	438	67	131	372	305	115	238	247	255	235	296	392	430	185	|
|401	37	0	175	100	284	146	472	90	156	406	342	152	275	280	282	242	333	415	455	178	|
|343	141	175	0	239	110	38	374	95	60	314	182	67	130	106	127	318	201	397	423	303	|
|361	110	100	239	0	341	222	451	177	240	385	374	190	304	341	361	151	345	354	398	78	|
|341	250	284	110	341	0	143	337	203	151	289	102	152	97	15	95	394	156	415	431	398	|
|370	117	146	38	222	143	0	407	61	30	346	220	81	167	137	139	317	237	417	447	292	|
|115	438	472	374	451	337	407	0	443	434	66	241	339	251	351	431	374	181	201	177	450	|
|392	67	90	95	177	203	61	443	0	66	379	275	104	216	197	193	294	283	427	461	252	|
|400	131	156	60	240	151	30	434	66	0	374	237	112	189	142	127	344	261	448	477	312	|
|79	372	406	314	385	289	346	66	379	374	0	202	275	197	304	383	316	134	175	166	388	|
|266	305	342	182	374	102	220	241	275	237	202	0	191	70	117	196	386	73	352	359	415	|
|292	115	152	67	190	152	81	339	104	112	275	191	0	123	154	193	252	183	336	366	246	|
|245	238	275	130	304	97	167	251	216	189	197	70	123	0	110	187	322	72	319	334	346	|
|355	247	280	106	341	15	137	351	197	142	304	117	154	110	0	80	399	171	427	444	400	|
|431	255	282	127	361	95	139	431	193	127	383	196	193	187	80	0	444	251	499	519	429	|
|265	235	242	318	151	394	317	374	294	344	316	386	252	322	399	444	0	332	226	273	97	|
|194	296	333	201	345	156	237	181	283	261	134	73	183	72	171	251	332	0	279	286	375	|
|95	392	415	397	354	415	417	201	427	448	175	352	336	319	427	499	226	279	0	47	321	|
|92	430	455	423	398	431	447	177	461	477	166	359	366	334	444	519	273	286	47	0	368	|
|348	185	178	303	78	398	292	450	252	312	388	415	246	346	400	429	97	375	321	368	0	|

--------------------------------------------------------------------------------
Building model...
	using lazy and cut (CVRPSEP package)
Solving IRP LP...
--------------------------------------------------------------------------------

Gurobi 9.1.0 (linux64) logging started Sun Jan 10 13:38:38 2021

Gurobi Optimizer version 9.1.0 build v9.1.0rc0 (linux64)
Thread count: 32 physical cores, 32 logical processors, using up to 2 threads
Optimize a model with 2133 rows, 7677 columns and 24219 nonzeros
Model fingerprint: 0x7c214d06
Variable types: 747 continuous, 6930 integer (630 binary)
Coefficient statistics:
  Matrix range     [1e+00, 3e+02]
  Objective range  [1e-01, 5e+02]
  Bounds range     [1e+00, 3e+02]
  RHS range        [1e+01, 3e+03]
Presolve removed 333 rows and 1287 columns
Presolve time: 0.05s
Presolved: 1800 rows, 6390 columns, 19826 nonzeros
Variable types: 660 continuous, 5730 integer (5190 binary)

Root relaxation: objective 1.424571e+04, 2572 iterations, 0.10 seconds

    Nodes    |    Current Node    |     Objective Bounds      |     Work
 Expl Unexpl |  Obj  Depth IntInf | Incumbent    BestBd   Gap | It/Node Time

     0     0 14245.7146    0  248          - 14245.7146      -     -    0s
     0     0 14530.3965    0  295          - 14530.3965      -     -    0s
     0     0 14557.1437    0  303          - 14557.1437      -     -    0s
     0     0 14557.6317    0  301          - 14557.6317      -     -    0s
     0     0 14557.6317    0  304          - 14557.6317      -     -    0s
     0     0 14734.3190    0  392          - 14734.3190      -     -    1s
     0     0 14840.6262    0  410          - 14840.6262      -     -    1s
     0     0 14851.0402    0  416          - 14851.0402      -     -    1s
     0     0 14851.2536    0  420          - 14851.2536      -     -    1s
     0     0 15034.3105    0  417          - 15034.3105      -     -    2s
     0     0 15131.1515    0  376          - 15131.1515      -     -    2s
     0     0 15138.2407    0  436          - 15138.2407      -     -    2s
     0     0 15139.5864    0  453          - 15139.5864      -     -    2s
     0     0 15139.6846    0  428          - 15139.6846      -     -    2s
     0     0 15205.9877    0  464          - 15205.9877      -     -    3s
     0     0 15220.9433    0  496          - 15220.9433      -     -    3s
     0     0 15224.8528    0  514          - 15224.8528      -     -    3s
     0     0 15231.9428    0  555          - 15231.9428      -     -    3s
     0     0 15232.7962    0  529          - 15232.7962      -     -    3s
     0     0 15232.9128    0  525          - 15232.9128      -     -    3s
     0     0 15269.1529    0  451          - 15269.1529      -     -    3s
     0     0 15287.7500    0  472          - 15287.7500      -     -    4s
     0     0 15292.3357    0  477          - 15292.3357      -     -    4s
     0     0 15292.5835    0  469          - 15292.5835      -     -    4s
     0     0 15303.9922    0  510          - 15303.9922      -     -    4s
     0     0 15308.1403    0  505          - 15308.1403      -     -    4s
     0     0 15309.1025    0  566          - 15309.1025      -     -    4s
     0     0 15315.2554    0  448          - 15315.2554      -     -    5s
     0     0 15317.3771    0  469          - 15317.3771      -     -    5s
     0     0 15318.0766    0  460          - 15318.0766      -     -    5s
     0     0 15322.3237    0  434          - 15322.3237      -     -    5s
     0     0 15322.3237    0  420          - 15322.3237      -     -    6s
     0     2 15322.6052    0  385          - 15322.6052      -     -    7s
    11    14 15358.7421    4  466          - 15355.2476      -   792   10s
    55    58 15599.4318   14  453          - 15359.0546      -   652   15s
   102   109 15753.4849   26  419          - 15359.0546      -   561   20s
   178   190 16629.1029   48  326          - 15359.0546      -   466   25s
   286   295 17607.2804   76  279          - 15359.0546      -   382   30s
   382   402 18677.2940  101  274          - 15359.0546      -   337   35s
   482   466 15701.1820    6  432          - 15359.1269      -   310   40s
   534   517 15800.2564   13  445          - 15359.1269      -   315   45s
   581   554 16097.8706   22  415          - 15359.1269      -   328   50s
   648   621 16438.6216   40  386          - 15359.1269      -   331   55s
   696   678 16815.3933   53  292          - 15359.1269      -   337   60s
   741   699 16697.9569   67  294          - 15359.1269      -   336   65s
   761   712 15761.6106   22  601          - 15478.5693      -   328   70s
   776   722 16676.3077   50  627          - 15509.9739      -   321   75s
   793   734 19359.6508  128  656          - 15544.6628      -   314   80s
   805   742 16545.5647   42  646          - 15551.2351      -   310   85s
   824   756 16819.8547   54  627          - 15551.7428      -   334   90s
   838   765 16104.7268   49  604          - 15568.0637      -   329   95s
   846   770 19210.3549  125  659          - 15570.5702      -   325  101s
   849   775 15592.1727   28  563          - 15574.0944      -   346  108s
   851   777 15611.9775   29  524          - 15598.8959      -   347  111s
   855   779 15617.1571   30  512          - 15617.1438      -   349  115s
   869   791 15653.8283   34  556          - 15653.8283      -   357  120s
   896   809 15794.3191   40  551          - 15670.6205      -   370  125s
   925   830 15945.5529   48  515          - 15670.6205      -   380  131s
   943   840 15971.7467   53  523          - 15670.6205      -   390  135s
   975   865 16113.1587   62  482          - 15670.6205      -   401  140s
   992   876 16207.0586   66  522          - 15670.6205      -   407  145s
  1038   908 16493.8436   75  472          - 15670.6205      -   411  151s
  1059   928 16453.8037   80  483          - 15670.6205      -   415  155s
  1094   948 16636.7365   88  468          - 15670.6205      -   420  161s
  1137   980 16650.4207   99  507          - 15670.6205      -   425  166s
  1166  1000 16668.8623  106  497          - 15670.6205      -   427  170s
  1197  1020 16710.8594  115  518          - 15670.6205      -   430  175s
  1242  1046 16922.8374  127  437          - 15670.6205      -   430  180s
  1289  1083 16928.1848  140  400          - 15670.6205      -   431  186s
  1361  1103 17145.6251  158  352          - 15670.6205      -   424  192s
  1384  1126 17192.7537  165  350          - 15670.6205      -   426  195s
  1452  1162 17458.4063  187  361          - 15670.6205      -   425  201s
  1535  1215 17877.1452  208  369          - 15670.6205      -   420  207s
  1585  1235 18269.2887  221  375          - 15670.6205      -   416  211s
  1634  1243 infeasible  235               - 15687.9094      -   413  215s
  1702  1249 16267.4785   36  540          - 15687.9094      -   417  223s
  1716  1256 16108.4778   37  587          - 15687.9094      -   421  226s
  1728  1278 16157.9158   39  533          - 15687.9094      -   426  230s
  1775  1316 16446.3705   45  494          - 15687.9094      -   432  238s
  1807  1335 16549.8370   49  504          - 15687.9094      -   432  243s
  1837  1369 16587.6351   56  528          - 15687.9094      -   434  247s
  1881  1373 16796.0879   79  487          - 15687.9094      -   434  252s
  1900  1419 16809.7644   81  453          - 15687.9094      -   435  257s
  1952  1468 17039.5835   93  444          - 15687.9094      -   434  263s
  2024  1489 17464.4206  110  402          - 15687.9094      -   427  268s
  2081  1542 17941.3669  120  412          - 15687.9094      -   427  274s
  2155  1576 17945.3999  122  460          - 15687.9094      -   424  281s
  2238  1619 18028.2375  123  439          - 15687.9094      -   418  287s
  2311  1667 18421.0922  134  448          - 15687.9094      -   417  294s
  2387  1762 18567.2642  140  420          - 15687.9094      -   416  302s
  2517  1875 18876.1846  155  399          - 15687.9094      -   406  310s
  2676  1943 19444.8626  181  450          - 15687.9094      -   394  319s
  2779  1909 21912.1292  389  148          - 15687.9094      -   390  320s
  2804  2109 20232.5822  201  341          - 15687.9094      -   387  328s
  2939  2064 22212.1660  456  221          - 15687.9094      -   378  330s
  3012  2172 21572.8660  225  286          - 15687.9094      -   372  338s
  3173  2212 22216.0058  275  244          - 15687.9094      -   364  346s
  3270  2420 23698.1522  310  219          - 15687.9094      -   363  356s
  3500  2441 infeasible  376               - 15721.5623      -   349  364s
