




arguments: ./build/mirp_solver -f ./input/orig_exec_146.cfg
Current dir: /scratch/gui/bnc_mirp
File verbosity level: 9
date       time         ( uptime  ) [ thread name/id ]                   file:line     v| 
2021-01-10 01:24:21.144 (   0.139s) [main thread     ]             loguru.cpp:789   INFO| Logging to './output/vi_hc1_full/OU/V5/Original/execution_10_01_2021_01_24_21.log', mode: 'a', verbosity: 9
--------------------------------------------------------------------------------
Parameters
                           instance_path           ./input/Instances/Original/4/
                            model_policy                                       1
                             nb_vehicles                                       5
                              output_dir    ./output/vi_hc1_full/OU/V5/Original/
                            sec_strategy                                       1
                       solver_nb_threads                                       2
                         solver_show_log                                    true
                       solver_time_limit                                    3600
                              use_vi_cos                                   false
                              use_vi_cus                                   false
                         use_vi_hc1_full                                    true
                         use_vi_hc1_half                                   false
                      use_vi_hc1_quarter                                   false
                              use_vi_hc2                                   false
                              use_vi_hc3                                   false
                         use_vi_lex_full                                   false
                         use_vi_lex_half                                   false
                      use_vi_lex_quarter                                   false
                              use_vi_qua                                   false
                               use_vi_vc                                   false
                               use_vi_vr                                   false
--------------------------------------------------------------------------------
executing instance: ./input/Instances/Original/4/absH3low_3n30.dat
--------------------------------------------------------------------------------
Instance details
n	31
H	3
C	2841
Li:
[0, 0, 0, 0, 0, 0, 0, 0, 0, 0, 0, 0, 0, 0, 0, 0, 0, 0, 0, 0, 0, 0, 0, 0, 0, 0, 0, 0, 0, 0, 0, ]
Ui:
[0, 246, 98, 54, 144, 171, 192, 180, 165, 98, 122, 198, 297, 144, 130, 129, 219, 138, 142, 150, 108, 66, 64, 285, 180, 204, 276, 168, 240, 198, 122, ]
Distance matrix:
|0	172	56	166	260	198	42	197	296	110	91	112	238	275	323	183	330	232	175	181	162	191	232	280	201	139	356	185	266	216	26	|
|172	0	178	223	320	335	153	355	444	62	231	99	333	376	214	352	176	235	194	106	47	41	353	161	299	175	225	43	326	374	153	|
|56	178	0	110	204	162	93	233	336	125	144	148	187	226	358	180	313	284	123	152	182	185	282	252	256	88	329	177	210	251	42	|
|166	223	110	0	102	150	199	327	431	194	253	237	113	156	431	228	296	386	44	140	248	208	389	218	366	48	287	200	108	344	148	|
|260	320	204	102	0	156	296	391	493	296	340	339	66	90	531	263	362	486	127	226	349	300	469	278	454	148	334	292	6	406	245	|
|198	335	162	150	156	0	239	255	351	286	245	307	93	106	518	111	442	423	194	280	344	335	349	367	352	182	437	327	158	266	199	|
|42	153	93	199	296	239	0	203	296	91	82	76	278	316	284	217	322	191	201	186	133	180	217	281	177	165	356	175	302	222	52	|
|197	355	233	327	391	255	203	0	104	294	125	266	340	361	436	151	524	276	352	377	330	383	109	477	146	319	553	377	395	19	222	|
|296	444	336	431	493	351	296	104	0	384	214	348	440	456	488	241	617	315	456	476	412	475	113	575	176	422	651	470	497	88	322	|
|110	62	125	194	296	286	91	294	384	0	171	55	298	340	238	292	233	210	176	118	58	91	298	201	248	148	273	87	302	313	94	|
|91	231	144	253	340	245	82	125	214	171	0	141	307	339	324	184	403	187	266	266	204	261	140	363	114	230	438	256	346	144	116	|
|112	99	148	237	339	307	76	266	348	55	141	0	332	373	212	292	275	156	225	173	64	137	254	253	200	194	322	135	345	284	108	|
|238	333	187	113	66	93	278	340	440	298	307	332	0	43	536	203	404	469	153	253	354	321	427	322	420	160	385	313	67	353	229	|
|275	376	226	156	90	106	316	361	456	340	339	373	43	0	578	216	443	507	194	295	397	364	453	361	451	203	421	356	88	372	268	|
|323	214	358	431	531	518	284	436	488	238	324	212	536	578	0	498	309	176	407	320	183	245	376	344	312	383	379	251	537	451	319	|
|183	352	180	228	263	111	217	151	241	292	184	292	203	216	498	0	492	371	266	328	345	364	255	426	272	242	501	356	266	159	198	|
|330	176	313	296	362	442	322	524	617	233	403	275	404	443	309	492	0	397	253	164	218	142	529	84	475	260	72	147	367	543	306	|
|232	235	284	386	486	423	191	276	315	210	187	156	469	507	176	371	397	0	379	327	188	276	202	396	139	346	456	277	492	289	242	|
|175	194	123	44	127	194	201	352	456	176	266	225	153	194	407	266	253	379	0	101	225	174	405	174	375	36	244	166	133	370	152	|
|181	106	152	140	226	280	186	377	476	118	266	173	253	295	320	328	164	327	101	0	148	76	403	100	360	98	177	69	232	396	155	|
|162	47	182	248	349	344	133	330	412	58	204	64	354	397	183	345	218	188	225	148	0	89	316	208	259	201	270	90	355	348	149	|
|191	41	185	208	300	335	180	383	475	91	261	137	321	364	245	364	142	276	174	76	89	0	388	119	336	162	185	8	306	402	169	|
|232	353	282	389	469	349	217	109	113	298	140	254	427	453	376	255	529	202	405	403	316	388	0	497	64	369	570	384	474	112	256	|
|280	161	252	218	278	367	281	477	575	201	363	253	322	361	344	426	84	396	174	100	208	119	497	0	449	187	77	119	283	496	255	|
|201	299	256	366	454	352	177	146	176	248	114	200	420	451	312	272	475	139	375	360	259	336	64	449	0	339	521	333	460	156	223	|
|139	175	88	48	148	182	165	319	422	148	230	194	160	203	383	242	260	346	36	98	201	162	369	187	339	0	260	153	154	337	116	|
|356	225	329	287	334	437	356	553	651	273	438	322	385	421	379	501	72	456	244	177	270	185	570	77	521	260	0	187	338	572	331	|
|185	43	177	200	292	327	175	377	470	87	256	135	313	356	251	356	147	277	166	69	90	8	384	119	333	153	187	0	298	396	163	|
|266	326	210	108	6	158	302	395	497	302	346	345	67	88	537	266	367	492	133	232	355	306	474	283	460	154	338	298	0	410	251	|
|216	374	251	344	406	266	222	19	88	313	144	284	353	372	451	159	543	289	370	396	348	402	112	496	156	337	572	396	410	0	241	|
|26	153	42	148	245	199	52	222	322	94	116	108	229	268	319	198	306	242	152	155	149	169	256	255	223	116	331	163	251	241	0	|

--------------------------------------------------------------------------------
Building model...
	using lazy and cut (CVRPSEP package)
Solving IRP LP...
--------------------------------------------------------------------------------

Gurobi 9.1.0 (linux64) logging started Sun Jan 10 01:24:21 2021

Gurobi Optimizer version 9.1.0 build v9.1.0rc0 (linux64)
Thread count: 32 physical cores, 32 logical processors, using up to 2 threads
Optimize a model with 1597 rows, 8014 columns and 24460 nonzeros
Model fingerprint: 0xe4e16c19
Variable types: 574 continuous, 7440 integer (465 binary)
Coefficient statistics:
  Matrix range     [1e+00, 6e+02]
  Objective range  [1e-02, 7e+02]
  Bounds range     [1e+00, 3e+02]
  RHS range        [3e+01, 5e+03]
Presolve removed 220 rows and 967 columns
Presolve time: 0.06s
Presolved: 1377 rows, 7047 columns, 21218 nonzeros
Variable types: 507 continuous, 6540 integer (6120 binary)

Root relaxation: objective 2.473147e+03, 1431 iterations, 0.06 seconds

    Nodes    |    Current Node    |     Objective Bounds      |     Work
 Expl Unexpl |  Obj  Depth IntInf | Incumbent    BestBd   Gap | It/Node Time

     0     0 2473.14676    0   99          - 2473.14676      -     -    0s
     0     0 2704.47676    0  145          - 2704.47676      -     -    0s
     0     0 2704.64027    0  145          - 2704.64027      -     -    0s
     0     0 3140.99116    0  152          - 3140.99116      -     -    0s
     0     0 3158.51918    0  165          - 3158.51918      -     -    0s
     0     0 3160.22766    0  178          - 3160.22766      -     -    0s
     0     0 3345.31539    0  266          - 3345.31539      -     -    1s
     0     0 3351.47507    0  238          - 3351.47507      -     -    1s
     0     0 3351.95222    0  225          - 3351.95222      -     -    1s
     0     0 3501.99811    0  267          - 3501.99811      -     -    1s
     0     0 3556.96784    0  321          - 3556.96784      -     -    2s
     0     0 3567.95359    0  269          - 3567.95359      -     -    2s
     0     0 3581.25871    0  277          - 3581.25871      -     -    2s
     0     0 3591.94307    0  263          - 3591.94307      -     -    2s
     0     0 3592.09199    0  262          - 3592.09199      -     -    2s
     0     0 3634.31266    0  348          - 3634.31266      -     -    3s
     0     0 3636.36920    0  372          - 3636.36920      -     -    3s
     0     0 3639.23883    0  357          - 3639.23883      -     -    3s
     0     0 3639.50463    0  387          - 3639.50463      -     -    3s
     0     0 3665.53387    0  423          - 3665.53387      -     -    3s
     0     0 3667.52205    0  358          - 3667.52205      -     -    4s
     0     0 3667.68251    0  382          - 3667.68251      -     -    4s
     0     0 3672.68236    0  355          - 3672.68236      -     -    4s
     0     0 3673.90186    0  369          - 3673.90186      -     -    4s
     0     0 3676.62811    0  323          - 3676.62811      -     -    4s
     0     0 3676.62811    0  303          - 3676.62811      -     -    4s
     0     2 3679.18191    0  303          - 3679.18191      -     -    5s
    54    58 4002.06859   15  272          - 3680.65196      -   431   10s
   119   127 4359.16993   36  206          - 3680.65196      -   393   15s
   280   310 5426.67026   83   85          - 3680.65196      -   266   21s
   552   647 6936.68992  158   53          - 3680.65196      -   173   25s
*  745   735             230    8636.2400000 3680.65196  57.4%   134   27s
   792   699 5526.15791   85  303 8636.24000 3708.77010  57.1%   133   33s
H  793   665                    8498.2399514 3708.77010  56.4%   133   34s
   795   666 5743.47251   93  210 8498.23995 3708.77010  56.4%   133   35s
   813   678 5526.15791   85  448 8498.23995 3822.63542  55.0%   130   40s
   814   679 5261.31709   77  539 8498.23995 3831.62871  54.9%   130   45s
   829   689 6916.29800  158  458 8498.23995 3853.93989  54.7%   128   50s
H  835   659                    8489.2400000 3854.02045  54.6%   141   51s
   846   666 3854.02045    9  493 8489.24000 3854.02045  54.6%   139   55s
   856   673 3854.97278    4  467 8489.24000 3854.97278  54.6%   138   60s
   861   679 3860.59728   28  391 8489.24000 3858.67738  54.5%   147   66s
   867   683 3887.83369   29  449 8489.24000 3865.80619  54.5%   149   70s
   888   698 3939.84697   34  393 8489.24000 3873.85254  54.4%   157   75s
   917   721 4023.24841   41  304 8489.24000 3873.85254  54.4%   169   80s
   956   747 4146.80685   51  295 8489.24000 3873.85254  54.4%   178   85s
   979   758 4251.60320   56  293 8489.24000 3873.85254  54.4%   184   90s
  1020   793 4332.16869   66  366 8489.24000 3873.85254  54.4%   191   95s
  1063   823 4468.88080   77  307 8489.24000 3873.85254  54.4%   198  100s
  1121   861 4596.20583   91  316 8489.24000 3873.85254  54.4%   202  106s
  1156   887 5162.81279   99  218 8489.24000 3873.85254  54.4%   205  110s
  1215   939 4673.24714  113  267 8489.24000 3873.85254  54.4%   207  115s
  1285   982 4822.00108  131  283 8489.24000 3873.85254  54.4%   213  121s
  1336  1011 4856.80806  145  276 8489.24000 3873.85254  54.4%   216  125s
  1413  1079 5095.11447  166  198 8489.24000 3873.85254  54.4%   221  132s
  1447  1088 5191.11186  175  248 8489.24000 3873.85254  54.4%   223  135s
  1509  1120 5246.56876  191  239 8489.24000 3873.85254  54.4%   224  141s
  1568  1169 5332.44350  209  212 8489.24000 3873.85254  54.4%   224  148s
  1589  1204 5378.15170  217  221 8489.24000 3873.85254  54.4%   225  151s
  1662  1250 5496.27580  239  215 8489.24000 3873.85254  54.4%   226  159s
  1701  1279 5535.58315  250  221 8489.24000 3873.85254  54.4%   227  162s
  1743  1295 5612.77280  263  216 8489.24000 3873.85254  54.4%   227  166s
  1829  1370 5698.68850  290  177 8489.24000 3873.85254  54.4%   227  173s
  1879  1420 5793.14414  305  194 8489.24000 3873.85254  54.4%   228  177s
  1945  1455 5845.74766  325  199 8489.24000 3873.85254  54.4%   227  181s
  2002  1491 6153.21876  340  179 8489.24000 3873.85254  54.4%   227  186s
  2057  1518 5932.13783  358  202 8489.24000 3873.85254  54.4%   227  191s
  2103  1581 6139.49911  375  179 8489.24000 3873.85254  54.4%   226  195s
  2203  1646 6432.17445  409  174 8489.24000 3873.85254  54.4%   223  200s
  2323  1705 7238.26846  455  121 8489.24000 3876.89108  54.3%   220  206s
  2442  1697 3962.88434   30  455 8489.24000 3876.89108  54.3%   217  212s
  2474  1732 4026.53799   32  323 8489.24000 3876.89108  54.3%   218  216s
  2520  1749 4105.30468   37  391 8489.24000 3876.89108  54.3%   221  222s
  2552  1776 4160.35508   42  416 8489.24000 3876.89108  54.3%   223  230s
  2590  1816 4351.05145   50  290 8489.24000 3876.89108  54.3%   225  235s
  2642  1848 4413.95563   58  274 8489.24000 3876.89108  54.3%   227  241s
  2696  1908 4521.80047   69  261 8489.24000 3876.89108  54.3%   228  247s
  2774  1973 4852.62485   83  188 8489.24000 3876.89108  54.3%   228  252s
  2865  2034 5222.51986   98  158 8489.24000 3876.89108  54.3%   227  260s
  2956  2073 4907.89155  115  225 8489.24000 3876.89108  54.3%   227  267s
  3000  2195 5204.41152  122  180 8489.24000 3876.89108  54.3%   226  274s
  3139  2280 5477.21463  151  143 8489.24000 3876.89108  54.3%   224  281s
  3224  2355 5589.11912  186  119 8489.24000 3876.89108  54.3%   224  289s
  3299  2468 5817.69914  209  255 8489.24000 3876.89108  54.3%   224  296s
  3414  2606 5932.13467  244  162 8489.24000 3876.89108  54.3%   223  304s
  3554  2777 6350.37601  278   88 8489.24000 3876.89108  54.3%   221  312s
  3725  2948 6083.77592  318  192 8489.24000 3876.89108  54.3%   217  321s
  3896  3064 6165.70066  351  136 8489.24000 3876.89108  54.3%   213  330s
  4012  3119 6183.26439  378  175 8489.24000 3876.89108  54.3%   211  344s
  4067  3310 6239.70470  405  212 8489.24000 3876.89108  54.3%   211  353s
  4258  3633 6335.95629  431   66 8489.24000 3876.89108  54.3%   206  364s
  4344  3633 6728.29989  474   71 8489.24000 3876.89108  54.3%   206  365s
  4581  3947 6768.86657  480   65 8489.24000 3876.89108  54.3%   197  376s
  4923  4011 6383.88223  541   97 8489.24000 3876.89108  54.3%   190  387s
  4987  4231 6951.22490  568   53 8489.24000 3876.89108  54.3%   191  397s
  5218  4404 8151.65074  669   55 8489.24000 3896.81125  54.1%   188  409s
  5444  4404 4490.12996   52  429 8489.24000 3896.81125  54.1%   184  410s
  5482  4483 4267.49426   35  461 8489.24000 3896.81125  54.1%   185  419s
  5513  4483 4842.58564   74  345 8489.24000 3896.81125  54.1%   186  420s
  5561  4873 4699.24758   52  202 8489.24000 3896.81125  54.1%   186  430s
  5951  5637 5188.45720  230  105 8489.24000 3896.86690  54.1%   179  446s
  6785  5735 infeasible  420      8489.24000 3909.44701  53.9%   162  463s
  6907  5799 4460.24823   43  447 8489.24000 3909.44701  53.9%   160  472s
  7005  6021 5074.26815   76  278 8489.24000 3909.44701  53.9%   161  480s
  7245  6279 6030.99814  162  279 8489.24000 3940.05501  53.6%   158  492s
  7507  6580 4120.54040   32  523 8489.24000 3940.05501  53.6%   156  505s
  7808  6876 4759.70461   68  335 8489.24000 3940.05501  53.6%   154  519s
  7841  6876 5187.03098  101  149 8489.24000 3940.05501  53.6%   154  520s
  8104  7203 5672.49085  134  183 8489.24000 3940.05501  53.6%   150  532s
  8391  7203 7307.66334  440   77 8489.24000 3940.05501  53.6%   146  535s
  8466  7251     cutoff  421      8489.24000 3945.51159  53.5%   146  543s
  8530  7489 4942.61856   61  299 8489.24000 3945.51159  53.5%   148  553s
  8743  7489 7173.58107   90   42 8489.24000 3945.51159  53.5%   146  555s
  8816  7550 7807.20874  205  143 8489.24000 3958.09068  53.4%   146  563s
  8911  7617 4451.00728   49  354 8489.24000 3958.41729  53.4%   146  572s
  8978  7726 4820.70426   83  338 8489.24000 3958.41729  53.4%   147  580s
  9087  8115 5335.58500  135  268 8489.24000 3958.41729  53.4%   147  591s
  9476  8678 6152.04899  313  190 8489.24000 3958.41729  53.4%   143  604s
 10043  8690     cutoff  591      8489.24000 3963.37810  53.3%   137  616s
 10081  8750 4535.23693   38  495 8489.24000 3963.60468  53.3%   139  624s
 10141  8868 4848.97432   61  440 8489.24000 3963.60468  53.3%   139  632s
 10259  9073 5490.02871  108  301 8489.24000 3963.60468  53.3%   140  642s
 10478  9262 5964.87365  250  303 8489.24000 3963.60468  53.3%   139  652s
 10667  9457 6522.07023  419  270 8489.24000 3963.60468  53.3%   138  698s
 10862  9678 7488.54257  575  199 8489.24000 3965.02284  53.3%   137  711s
 11124  9915 4337.49688   38  562 8489.24000 3965.02284  53.3%   135  723s
 11361 10209 4940.23546   56  195 8489.24000 3965.02284  53.3%   134  736s
 11669 10319 6851.69331  188  153 8489.24000 3969.49365  53.2%   132  748s
 11793 10359     cutoff  280      8489.24000 3973.73911  53.2%   133  757s
 11834 10429 4492.81158   46  469 8489.24000 3973.73911  53.2%   134  766s
 11904 10643 4893.26297   72  405 8489.24000 3973.73911  53.2%   135  777s
 12118 10882 6048.31978  149  205 8489.24000 3973.73911  53.2%   134  789s
 12254 10882 7032.08672  285  207 8489.24000 3973.73911  53.2%   134  790s
 12397 10985 7629.56007  325  138 8489.24000 3991.41142  53.0%   133  801s
 12533 11025 4261.12677   32  415 8489.24000 3991.41142  53.0%   133  811s
 12573 11100 4686.29899   35  237 8489.24000 3991.41142  53.0%   134  821s
 12648 11188 5114.63835   42  247 8489.24000 3991.41142  53.0%   134  831s
 12752 11285 5448.42204   50  151 8489.24000 3991.41142  53.0%   135  842s
 12849 11434 7492.92772   83  174 8489.24000 3996.93480  52.9%   135  853s
 13065 11493 4427.97394   40  410 8489.24000 3999.42707  52.9%   135  863s
H13110 11030                    8064.3200000 3999.42707  50.4%   135  864s
 13124 11469 5438.36280   85  162 8064.32000 3999.42707  50.4%   136  876s
 13532 11469 6001.90660  121  201 8064.32000 3999.42707  50.4%   134  880s
 13575 11581 8023.81317  413   18 8064.32000 3999.45531  50.4%   133  890s
 13714 11623 4352.73916   48  517 8064.32000 4012.11791  50.2%   133  899s
 13756 11703 4698.24774   68  444 8064.32000 4012.11791  50.2%   134  908s
 13836 11877 5176.64350   99  339 8064.32000 4012.11791  50.2%   135  919s
 14010 12395 5914.81661  152  273 8064.32000 4012.11791  50.2%   134  931s
 14438 12395 7451.13246  466  205 8064.32000 4012.11791  50.2%   132  935s
 14538 12628 6987.18080  353  180 8064.32000 4012.17306  50.2%   131  946s
 14789 12682 4499.48701   46  390 8064.32000 4015.45500  50.2%   130  957s
 14843 12838 5036.35592   73  196 8064.32000 4015.45500  50.2%   131  966s
 14999 13169 6137.92354  167  252 8064.32000 4015.45500  50.2%   131  977s
 15330 13271 7356.73514  321  228 8064.32000 4015.85272  50.2%   129  990s
 15446 13324 4462.01586   38  362 8064.32000 4015.85272  50.2%   129 1000s
 15513 13553 5240.45281   71  257 8064.32000 4015.85272  50.2%   130 1010s
 15742 13891 6196.38283  196  228 8064.32000 4016.47170  50.2%   129 1024s
 15809 13891 7027.97472  262  128 8064.32000 4016.47170  50.2%   129 1025s
 16125 14032 4135.62181   35  377 8064.32000 4016.86107  50.2%   128 1037s
 16266 14077 4402.11871   52  582 8064.32000 4016.86107  50.2%   128 1048s
 16323 14102 4760.15765   67  527 8064.32000 4016.86107  50.2%   128 1057s
 16348 14153 5047.78272   82  416 8064.32000 4016.86107  50.2%   129 1066s
 16399 14241 5697.71681  116  277 8064.32000 4016.86107  50.2%   129 1076s
 16487 14316 6797.19431  187  240 8064.32000 4016.86107  50.2%   130 1088s
 16562 14406 7483.25903  241  234 8064.32000 4020.45949  50.1%   130 1100s
 16664 14541 4694.81198   36  348 8064.32000 4020.45949  50.1%   130 1112s
 16799 14885 4943.44191   40  398 8064.32000 4029.17492  50.0%   131 1128s
 17076 14894 5694.06156  201   47 8064.32000 4031.79146  50.0%   130 1130s
 17215 14918 7999.50648  105   20 8064.32000 4031.80011  50.0%   130 1140s
 17247 15044 4576.61505   52  470 8064.32000 4031.80011  50.0%   130 1151s
 17373 15301 5888.71188  156  137 8064.32000 4032.50397  50.0%   131 1164s
 17406 15301 5974.06678  189  141 8064.32000 4032.50397  50.0%   130 1165s
*17647 14281             317    7566.9700000 4032.74192  46.7%   130 1244s
 17713 14450 4577.74846   46  323 7566.97000 4032.74192  46.7%   130 1257s
 17900 14680 4739.52247   78  250 7566.97000 4032.74192  46.7%   129 1270s
 18130 14996 5272.02175  263   63 7566.97000 4057.33769  46.4%   129 1283s
 18414 15001 5675.82621   97   28 7566.97000 4058.22216  46.4%   128 1285s
 18510 15054 7027.72916  377   15 7566.97000 4058.25382  46.4%   128 1295s
 18582 15106 infeasible  398      7566.97000 4058.63571  46.4%   128 1304s
 18635 15295 4910.95672   50  311 7566.97000 4058.63571  46.4%   129 1314s
 18668 15295 5499.43433   83  109 7566.97000 4058.63571  46.4%   129 1317s
 18824 15627 6025.74889  120  150 7566.97000 4063.16286  46.3%   129 1329s
 18857 15627 6106.21073  153  135 7566.97000 4063.16286  46.3%   129 1330s
 19182 15754 4731.34922   37  291 7566.97000 4067.84371  46.2%   128 1344s
 19331 15805 4325.78263   42  419 7566.97000 4067.84371  46.2%   128 1353s
 19382 15862 4655.00558   61  513 7566.97000 4067.84371  46.2%   129 1362s
 19449 15993 5753.62875   98  234 7566.97000 4068.38594  46.2%   130 1373s
 19593 16130 4428.31290   47  411 7566.97000 4068.38594  46.2%   130 1384s
 19730 16461 4909.40131   63  110 7566.97000 4068.38594  46.2%   130 1397s
 20075 16803 5268.19467  186   47 7566.97000 4072.88875  46.2%   130 1412s
 20460 16984 infeasible  388      7566.97000 4073.35769  46.2%   129 1425s
 20703 17049 4734.67495   52  410 7566.97000 4073.40004  46.2%   128 1436s
 20768 17201 5545.52559   93  270 7566.97000 4073.40004  46.2%   129 1447s
 20920 17307 7161.07266  205  210 7566.97000 4075.44153  46.1%   129 1458s
 21044 17419 4820.14026   49  431 7566.97000 4075.44153  46.1%   130 1469s
 21118 17419 7398.12583  230  151 7566.97000 4075.44153  46.1%   130 1470s
 21168 17543 5481.80906   85  339 7566.97000 4075.44153  46.1%   130 1480s
 21296 17641 7373.31634  180  202 7566.97000 4085.70232  46.0%   130 1491s
 21406 17989 4765.81672   55  392 7566.97000 4085.74139  46.0%   130 1504s
 21505 17989 6912.77280  154  130 7566.97000 4085.74139  46.0%   130 1505s
 21794 18032 4407.77426   49  493 7566.97000 4087.93462  46.0%   129 1516s
 21837 18138 4742.34538   67  436 7566.97000 4087.93462  46.0%   130 1526s
 21943 18600 5554.13174  114  357 7566.97000 4087.93462  46.0%   130 1538s
 22405 18778 6644.64966  266  200 7566.97000 4088.02602  46.0%   129 1552s
 22623 18832 4383.23620   35  444 7566.97000 4089.93076  46.0%   129 1563s
 22677 18897 4702.70545   52  358 7566.97000 4089.93076  46.0%   129 1573s
 22742 19266 4907.46209   81  208 7566.97000 4089.93076  46.0%   130 1587s
 23141 19474 5371.47992  135  180 7566.97000 4089.93076  46.0%   129 1600s
 23361 19577 6534.05802  261   71 7566.97000 4092.88920  45.9%   128 1612s
 23509 19847 5144.53880   50  162 7566.97000 4092.93713  45.9%   129 1623s
 23803 20193 4919.75161   58  242 7566.97000 4093.42091  45.9%   128 1638s
 24035 20193 7515.61613  281   31 7566.97000 4093.42091  45.9%   127 1640s
 24192 20302 4299.51273   33  504 7566.97000 4094.98712  45.9%   127 1651s
 24301 20430 5572.50699   50  255 7566.97000 4095.24193  45.9%   128 1663s
 24453 20495 4158.10570   33  545 7566.97000 4099.81209  45.8%   128 1674s
 24518 20664 4833.74055   54  395 7566.97000 4099.81209  45.8%   128 1685s
 24705 20751 7087.49235  162  129 7566.97000 4107.61526  45.7%   129 1696s
 24813 20874 4532.27116   40  296 7566.97000 4107.61526  45.7%   129 1707s
 24947 20957 4912.34662   57  194 7566.97000 4107.61526  45.7%   129 1719s
 25030 21134 5161.35583   84  133 7566.97000 4107.61526  45.7%   130 1731s
 25209 21730 5377.02614  141   69 7566.97000 4110.44046  45.7%   130 1746s
 25853 21831 4462.00204   50  442 7566.97000 4110.44046  45.7%   129 1759s
 25983 21910 5358.02926   59  287 7566.97000 4110.97102  45.7%   129 1770s
 26107 22008 4350.84413   39  412 7566.97000 4111.32055  45.7%   129 1780s
 26219 22119 4885.48604   75  320 7566.97000 4111.32055  45.7%   130 1790s
 26331 22275 5716.02953  167  219 7566.97000 4116.55616  45.6%   130 1801s
 26499 22517 4565.71224   44  360 7566.97000 4116.55616  45.6%   130 1814s
 26632 22517 6776.77851  177   77 7566.97000 4116.55616  45.6%   130 1815s
 26760 22631 7323.63202  212   39 7566.97000 4119.83094  45.6%   130 1825s
 26892 22702 4628.97884   58  416 7566.97000 4119.83094  45.6%   130 1836s
 26976 22975 5512.27064  101  220 7566.97000 4120.70946  45.5%   131 1849s
 27085 22975 6757.29602  210  201 7566.97000 4120.70946  45.5%   131 1850s
 27261 23071 4405.86650   37  427 7566.97000 4120.70946  45.5%   130 1861s
 27371 23133 4930.24704   44  174 7566.97000 4120.70946  45.5%   131 1871s
 27433 23344 5083.35942   64  130 7566.97000 4120.70946  45.5%   131 1882s
 27658 23533 5737.31142  162   94 7566.97000 4129.19992  45.4%   131 1894s
 27691 23533 5852.81017  195   48 7566.97000 4129.19992  45.4%   131 1895s
 27887 23671 4530.24827   46  413 7566.97000 4130.08067  45.4%   131 1907s
 28026 23811 6321.55861  158  168 7566.97000 4133.91392  45.4%   131 1919s
 28125 23811 6851.21075  257   63 7566.97000 4133.91392  45.4%   131 1920s
 28189 23944 4829.74257   55  338 7566.97000 4133.92625  45.4%   131 1930s
*28299 23529             150    7460.2400000 4133.92625  44.6%   131 1931s
 28325 23685 6662.84746  164  112 7460.24000 4135.25528  44.6%   132 1942s
 28512 23832     cutoff  244      7460.24000 4135.46476  44.6%   132 1953s
 28675 23898 4845.28530   55  261 7460.24000 4135.46476  44.6%   132 1964s
 28725 23898 7302.05779  257  132 7460.24000 4135.46476  44.6%   132 1965s
 28747 24078 6184.81328  105  109 7460.24000 4137.61730  44.5%   132 1975s
 28940 24330 4643.25268   45  487 7460.24000 4137.61730  44.5%   132 1988s
 29236 24427 5082.53853   75  339 7460.24000 4137.61730  44.5%   132 1999s
 29345 24670 6074.91729  115  189 7460.24000 4139.21556  44.5%   132 2011s
 29601 24833 4370.08454   43  290 7460.24000 4139.21556  44.5%   132 2024s
 29719 24834 6448.22031  151  300 7460.24000 4139.21556  44.5%   132 2025s
 29778 24912 6365.69495  127   47 7460.24000 4140.71622  44.5%   132 2035s
 29870 24940 4637.07896   49  299 7460.24000 4140.71622  44.5%   132 2046s
 29912 25072 5411.05597   75  295 7460.24000 4144.02001  44.5%   133 2057s
*29968 18593             131    6591.1400000 4144.02001  37.1%   133 2057s
 30058 18653 4622.88379   51  325 6591.14000 4144.02001  37.1%   133 2067s
 30161 18737 5797.23813   93  182 6591.14000 4146.43145  37.1%   133 2078s
 30267 18852 4740.93723   41  352 6591.14000 4147.46822  37.1%   134 2088s
 30382 18955 5494.10259   83  313 6591.14000 4148.63713  37.1%   134 2100s
 30511 18990 4524.75603   38  355 6591.14000 4149.25184  37.0%   134 2111s
 30546 19068 4701.70058   47  319 6591.14000 4149.25184  37.0%   135 2121s
 30624 19347 5035.98868   83  173 6591.14000 4149.25184  37.0%   135 2133s
 30813 19347 6016.60409  216   33 6591.14000 4149.25184  37.0%   135 2135s
 30907 19453 6197.46996  228   13 6591.14000 4149.89192  37.0%   135 2146s
 31062 19580 4710.73893   56  354 6591.14000 4154.13245  37.0%   135 2159s
 31215 19640     cutoff  135      6591.14000 4154.64891  37.0%   135 2170s
 31291 19745 4763.69281   57  329 6591.14000 4155.48098  37.0%   136 2182s
 31421 19781 4467.04326   37  352 6591.14000 4155.83616  36.9%   136 2193s
 31457 19849 4866.21221   44  459 6591.14000 4155.83616  36.9%   137 2203s
 31525 19985 5972.39372   53  145 6591.14000 4155.96515  36.9%   137 2215s
 31695 20055 4840.66128   56  422 6591.14000 4156.67140  36.9%   138 2227s
 31769 20180 6338.13340  109  143 6591.14000 4158.98315  36.9%   138 2238s
 31906 20433 5436.13692   87  196 6591.14000 4159.04067  36.9%   138 2251s
 32196 20590 4735.49603   51  420 6591.14000 4160.41025  36.9%   138 2264s
 32389 20678 4562.43406   42  313 6591.14000 4160.54520  36.9%   138 2275s
 32499 20775 5367.18782   73  253 6591.14000 4161.65740  36.9%   138 2286s
 32610 20877 4903.68874   52  453 6591.14000 4164.21499  36.8%   139 2297s
 32712 20980 5751.93878  112  156 6591.14000 4167.87135  36.8%   139 2310s
 32847 21089 4681.59266   38  179 6591.14000 4168.40124  36.8%   139 2322s
 32956 21153 6337.90387   52  107 6591.14000 4168.77227  36.8%   140 2333s
 33057 21247 4611.09267   38  257 6591.14000 4169.21749  36.7%   140 2345s
 33151 21396 4874.55636   48  266 6591.14000 4169.21749  36.7%   141 2358s
 33321 21586 5174.31863   74  270 6591.14000 4169.82812  36.7%   141 2370s
 33546 21732 4683.09754   47  407 6591.14000 4169.82812  36.7%   141 2384s
 33666 21732 6370.23353  182  114 6591.14000 4169.82812  36.7%   141 2385s
 33708 21787 5272.77092   65  301 6591.14000 4170.14775  36.7%   141 2396s
 33773 21966 4414.24042   41  268 6591.14000 4170.58571  36.7%   141 2409s
 33963 22068 4371.29240   35  304 6591.14000 4170.88083  36.7%   141 2422s
 34097 22118     cutoff   70      6591.14000 4174.12390  36.7%   141 2433s
 34149 22269 5121.39321   61  310 6591.14000 4174.24861  36.7%   142 2446s
 34310 22352 4414.04036   45  419 6591.14000 4174.24861  36.7%   142 2458s
 34404 22484 4919.47868   81  343 6591.14000 4174.24861  36.7%   142 2469s
 34446 22484 5689.21280  123  238 6591.14000 4174.24861  36.7%   142 2470s
 34536 22685 6520.85480  174  196 6591.14000 4174.81423  36.7%   142 2483s
 34756 22781 4869.03059   64  395 6591.14000 4174.81423  36.7%   142 2497s
 34865 22930 5782.34724  125  262 6591.14000 4178.22722  36.6%   142 2509s
 34898 22930 6074.77332  158  263 6591.14000 4178.22722  36.6%   142 2510s
 35042 23002 4380.43034   40  262 6591.14000 4178.37784  36.6%   142 2521s
 35114 23196 4985.07033   66  335 6591.14000 4178.37784  36.6%   143 2534s
 35177 23196 5677.29654  129  318 6591.14000 4178.37784  36.6%   143 2535s
 35344 23283 5875.83294  142  310 6591.14000 4179.74251  36.6%   143 2547s
 35442 23459 5083.50525   63  332 6591.14000 4179.89683  36.6%   143 2559s
 35640 23541 4507.35449   40  360 6591.14000 4179.89683  36.6%   143 2571s
 35738 23665 5126.46373   68  384 6591.14000 4181.70813  36.6%   143 2584s
 35872 23717 4652.62264   44  371 6591.14000 4181.70813  36.6%   143 2596s
 35938 23792 4971.51102   55  300 6591.14000 4181.70813  36.6%   144 2607s
 36013 23918 5174.21006   73  160 6591.14000 4181.70813  36.6%   144 2620s
 36152 24035 5537.71631  106  211 6591.14000 4181.70813  36.6%   145 2633s
 36273 24300 6308.25935  149   78 6591.14000 4181.70813  36.6%   145 2646s
 36559 24440 6052.44359  209  102 6591.14000 4182.85925  36.5%   145 2662s
 36839 24556 4455.63852   42  424 6591.14000 4182.88689  36.5%   145 2675s
 37005 24683 5404.69161   66  362 6591.14000 4184.70716  36.5%   145 2689s
 37155 24757 4592.50678   46  398 6591.14000 4184.97602  36.5%   146 2701s
 37230 24885 5166.07839   78  402 6591.14000 4184.97602  36.5%   146 2714s
 37359 24885 6465.33993  151  144 6591.14000 4184.97602  36.5%   146 2715s
 37373 25014 6162.08287  138  234 6591.14000 4185.68304  36.5%   146 2726s
 37528 25083 4816.33560   55  406 6591.14000 4187.35623  36.5%   146 2739s
 37574 25083     cutoff  128      6591.14000 4187.35623  36.5%   146 2740s
H37595 23036                    6423.5100000 4187.35623  34.8%   147 2740s
 37599 23164 5734.87596  101  267 6423.51000 4187.66191  34.8%   147 2751s
 37739 23405 5049.79852   59   82 6423.51000 4189.67929  34.8%   147 2765s
 38027 23464 6096.98000  207    - 6423.51000 4192.35946  34.7%   147 2783s
 38084 23580 6129.98000  207    - 6423.51000 4192.41398  34.7%   147 2795s
 38203 23664 4896.94743   56  200 6423.51000 4192.41398  34.7%   147 2808s
 38298 23805 5932.01605   76  164 6423.51000 4193.55076  34.7%   148 2821s
 38473 24028 4852.63285   55  313 6423.51000 4193.55076  34.7%   148 2835s
 38716 24126 5718.61629  129   49 6423.51000 4195.32760  34.7%   148 2850s
 38883 24251     cutoff  160      6423.51000 4195.34151  34.7%   148 2862s
 39009 24324 4981.17055   62  337 6423.51000 4195.34151  34.7%   148 2874s
 39061 24324 6349.49204  171  200 6423.51000 4195.34151  34.7%   148 2875s
 39094 24417 5919.99046  113  318 6423.51000 4196.82881  34.7%   148 2888s
H39207 22919                    6319.0200000 4197.27442  33.6%   148 2901s
 39238 22991 4594.76638   47  485 6319.02000 4197.27442  33.6%   149 2913s
 39310 23257 4895.66961   62  388 6319.02000 4197.27442  33.6%   149 2927s
 39587 23370 5482.60563  111   32 6319.02000 4197.47696  33.6%   149 2941s
 39726 23454     cutoff  156      6319.02000 4198.04620  33.6%   149 2953s
 39811 23563 5177.54396   52  365 6319.02000 4198.04620  33.6%   150 2965s
 39932 23635 6015.38418   98  302 6319.02000 4199.95966  33.5%   150 2977s
 40026 23716 4890.22845   46  371 6319.02000 4200.21070  33.5%   150 2990s
 40117 23786 4380.20275   43  505 6319.02000 4200.82767  33.5%   151 3002s
 40187 23919 4918.96262   71  421 6319.02000 4200.82767  33.5%   151 3015s
H40332 23950                    6317.1000000 4200.82767  33.5%   151 3029s
 40396 24032 4642.44813   35  429 6317.10000 4201.70549  33.5%   151 3041s
 40478 24277 5088.17627   55   70 6317.10000 4201.70549  33.5%   152 3055s
 40735 24352 5676.75900  189   57 6317.10000 4202.95258  33.5%   151 3068s
 40843 24468 infeasible  205      6317.10000 4203.14054  33.5%   152 3081s
 40971 24527 4641.73712   46  247 6317.10000 4204.36185  33.4%   152 3099s
 41030 24704 5039.96589   65  189 6317.10000 4204.36185  33.4%   152 3112s
 41207 25000 5610.70440  114   56 6317.10000 4207.43175  33.4%   153 3128s
 41573 25167 4766.86320   51  385 6317.10000 4207.43175  33.4%   153 3142s
 41768 25282 5863.81798  144  159 6317.10000 4212.47802  33.3%   152 3155s
 41891 25399 4719.91875   52  374 6317.10000 4212.53545  33.3%   153 3167s
 42008 25496 5840.03964  108  306 6317.10000 4213.42143  33.3%   153 3180s
 42127 25612 5172.79039   49  110 6317.10000 4215.30475  33.3%   153 3193s
 42265 25716 4468.84243   48  480 6317.10000 4216.75641  33.2%   153 3209s
 42339 25716 5246.15136   59  105 6317.10000 4216.75641  33.2%   154 3210s
 42369 26029 4832.12178   68  139 6317.10000 4217.99281  33.2%   154 3224s
 42402 26029 5033.91683   87  123 6317.10000 4217.99281  33.2%   154 3225s
 42709 26113 4605.73804   40  228 6317.10000 4218.63854  33.2%   153 3238s
 42793 26276 5301.52715   84  290 6317.10000 4219.11512  33.2%   154 3252s
 42981 26376 4515.79622   50  418 6317.10000 4219.14147  33.2%   154 3265s
 43081 26545 5323.08544  104  311 6317.10000 4220.01341  33.2%   154 3278s
 43272 26608 4501.99929   47  516 6317.10000 4220.06840  33.2%   154 3293s
 43335 26808 5019.44608   81  358 6317.10000 4220.14198  33.2%   154 3306s
 43545 26917 4349.96484   37  396 6317.10000 4220.14198  33.2%   154 3321s
 43674 27013 5002.05699   61  390 6317.10000 4220.14198  33.2%   154 3334s
 43765 27013 4956.61649   39  144 6317.10000 4220.14198  33.2%   154 3335s
 43785 27076 5869.22962  110  344 6317.10000 4221.76619  33.2%   155 3347s
 43881 27139 4505.77371   43  392 6317.10000 4222.78184  33.2%   155 3359s
 43909 27139 4585.88260   47  251 6317.10000 4222.78184  33.2%   155 3360s
 43944 27545 5085.21460   56  120 6317.10000 4223.98471  33.1%   155 3376s
 44393 27591 4382.76314   33  467 6317.10000 4224.69589  33.1%   155 3390s
 44440 27673 5130.68717   50  297 6317.10000 4224.92041  33.1%   155 3403s
 44556 27820 4688.87572   56  445 6317.10000 4225.13432  33.1%   155 3416s
 44703 27951 5623.47946  122  276 6317.10000 4225.20273  33.1%   155 3429s
 44743 27951 5921.70252  162  213 6317.10000 4225.20273  33.1%   155 3430s
 44861 28094 4778.01287   55  428 6317.10000 4226.80191  33.1%   156 3443s
 45014 28191 5948.16371  124  244 6317.10000 4227.18758  33.1%   156 3457s
 45121 28315 4714.83740   49  440 6317.10000 4227.18758  33.1%   156 3471s
 45256 28357 6068.23621   96  178 6317.10000 4228.49279  33.1%   156 3484s
 45310 28422 5059.13225   43  315 6317.10000 4228.49279  33.1%   156 3497s
 45375 28480 6187.63596   61  235 6317.10000 4228.83754  33.1%   157 3510s
 45463 28719 4590.85199   44  326 6317.10000 4228.83754  33.1%   157 3525s
 45724 28829 5253.63006   74  338 6317.10000 4229.86056  33.0%   157 3541s
 45844 28910 4621.97307   40  375 6317.10000 4230.97409  33.0%   157 3555s
 45951 29017 4317.70537   40  416 6317.10000 4231.09432  33.0%   158 3572s
 46058 29114 5126.35743   82  287 6317.10000 4231.60438  33.0%   158 3586s
 46185 29204 4753.72049   43  339 6317.10000 4233.62381  33.0%   158 3600s

Cutting planes:
  User: 5921
  Gomory: 29
  Cover: 395
  Implied bound: 54
  Clique: 7
  MIR: 118
  Flow cover: 279
  Inf proof: 1
  Zero half: 9
  Network: 7
  RLT: 237
  Relax-and-lift: 6
  Lazy constraints: 1481

Explored 46296 nodes (7339079 simplex iterations) in 3600.94 seconds
Thread count was 2 (of 32 available processors)

Solution count 10: 6317.1 6319.02 6423.51 ... 8636.24

Time limit reached
Best objective 6.317100000000e+03, best bound 4.233733129959e+03, gap 32.9798%

User-callback calls 445275, time in user-callback 337.91 sec
================================================================================
executing instance: ./input/Instances/Original/4/absH3low_3n10.dat
--------------------------------------------------------------------------------
Instance details
n	11
H	3
C	687
Li:
[0, 0, 0, 0, 0, 0, 0, 0, 0, 0, 0, ]
Ui:
[0, 189, 44, 174, 78, 36, 198, 117, 42, 96, 240, ]
Distance matrix:
|0	209	255	286	142	156	285	317	182	161	135	|
|209	0	464	451	315	356	490	469	361	299	260	|
|255	464	0	221	202	130	74	280	189	254	273	|
|286	451	221	0	145	156	164	479	354	153	192	|
|142	315	202	145	0	73	194	388	250	53	73	|
|156	356	130	156	73	0	134	332	200	127	144	|
|285	490	74	164	194	134	0	353	256	239	267	|
|317	469	280	479	388	332	353	0	141	436	430	|
|182	361	189	354	250	200	256	141	0	296	289	|
|161	299	254	153	53	127	239	436	296	0	39	|
|135	260	273	192	73	144	267	430	289	39	0	|

--------------------------------------------------------------------------------
Building model...
	using lazy and cut (CVRPSEP package)
Solving IRP LP...
--------------------------------------------------------------------------------

Gurobi 9.1.0 (linux64) logging started Sun Jan 10 02:24:24 2021

Gurobi Optimizer version 9.1.0 build v9.1.0rc0 (linux64)
Thread count: 32 physical cores, 32 logical processors, using up to 2 threads
Optimize a model with 557 rows, 1184 columns and 3980 nonzeros
Model fingerprint: 0xdf9f04bf
Variable types: 194 continuous, 990 integer (165 binary)
Coefficient statistics:
  Matrix range     [1e+00, 2e+02]
  Objective range  [1e-02, 5e+02]
  Bounds range     [1e+00, 2e+02]
  RHS range        [2e+01, 1e+03]
Presolve removed 144 rows and 350 columns
Presolve time: 0.02s
Presolved: 413 rows, 834 columns, 2738 nonzeros
Variable types: 143 continuous, 691 integer (570 binary)
Found heuristic solution: objective 9259.8400000

Root relaxation: objective 2.076288e+03, 635 iterations, 0.02 seconds

    Nodes    |    Current Node    |     Objective Bounds      |     Work
 Expl Unexpl |  Obj  Depth IntInf | Incumbent    BestBd   Gap | It/Node Time

     0     0 2076.28777    0   46 9259.84000 2076.28777  77.6%     -    0s
     0     0 2425.49891    0   48 9259.84000 2425.49891  73.8%     -    0s
H    0     0                    6077.7300000 2425.49891  60.1%     -    0s
     0     0 2687.82733    0   93 6077.73000 2687.82733  55.8%     -    0s
H    0     0                    5870.7300000 2687.82733  54.2%     -    0s
     0     0 2713.61543    0  111 5870.73000 2713.61543  53.8%     -    0s
     0     0 2716.97846    0  107 5870.73000 2716.97846  53.7%     -    0s
