




arguments: ./build/bc_mirp -f ./input/orig_exec_163.cfg
Current dir: /scratch/gui/bc_mirp
File verbosity level: 9
date       time         ( uptime  ) [ thread name/id ]                   file:line     v| 
2021-02-10 12:39:17.289 (   0.042s) [main thread     ]             loguru.cpp:789   INFO| Logging to './output/vi_vc+cos/OU/V3/Original/execution_10_02_2021_12_39_17.log', mode: 'a', verbosity: 9
--------------------------------------------------------------------------------
Parameters
                           instance_path           ./input/Instances/Original/4/
                            model_policy                                       1
                             nb_vehicles                                       3
                              output_dir      ./output/vi_vc+cos/OU/V3/Original/
                            sec_strategy                                       1
                       solver_nb_threads                                       2
                         solver_show_log                                    true
                       solver_time_limit                                    3600
                              use_vi_cos                                    true
                              use_vi_cus                                   false
                         use_vi_hc1_full                                   false
                         use_vi_hc1_half                                   false
                      use_vi_hc1_quarter                                   false
                              use_vi_hc2                                   false
                              use_vi_hc3                                   false
                         use_vi_lex_full                                   false
                         use_vi_lex_half                                   false
                      use_vi_lex_quarter                                   false
                              use_vi_qua                                   false
                               use_vi_vc                                    true
                               use_vi_vr                                   false
--------------------------------------------------------------------------------
executing instance: ./input/Instances/Original/4/absH3low_3n30.dat
--------------------------------------------------------------------------------
Instance details
n	31
H	3
C	2841
Li:
[0, 0, 0, 0, 0, 0, 0, 0, 0, 0, 0, 0, 0, 0, 0, 0, 0, 0, 0, 0, 0, 0, 0, 0, 0, 0, 0, 0, 0, 0, 0, ]
Ui:
[0, 246, 98, 54, 144, 171, 192, 180, 165, 98, 122, 198, 297, 144, 130, 129, 219, 138, 142, 150, 108, 66, 64, 285, 180, 204, 276, 168, 240, 198, 122, ]
Distance matrix:
|0	172	56	166	260	198	42	197	296	110	91	112	238	275	323	183	330	232	175	181	162	191	232	280	201	139	356	185	266	216	26	|
|172	0	178	223	320	335	153	355	444	62	231	99	333	376	214	352	176	235	194	106	47	41	353	161	299	175	225	43	326	374	153	|
|56	178	0	110	204	162	93	233	336	125	144	148	187	226	358	180	313	284	123	152	182	185	282	252	256	88	329	177	210	251	42	|
|166	223	110	0	102	150	199	327	431	194	253	237	113	156	431	228	296	386	44	140	248	208	389	218	366	48	287	200	108	344	148	|
|260	320	204	102	0	156	296	391	493	296	340	339	66	90	531	263	362	486	127	226	349	300	469	278	454	148	334	292	6	406	245	|
|198	335	162	150	156	0	239	255	351	286	245	307	93	106	518	111	442	423	194	280	344	335	349	367	352	182	437	327	158	266	199	|
|42	153	93	199	296	239	0	203	296	91	82	76	278	316	284	217	322	191	201	186	133	180	217	281	177	165	356	175	302	222	52	|
|197	355	233	327	391	255	203	0	104	294	125	266	340	361	436	151	524	276	352	377	330	383	109	477	146	319	553	377	395	19	222	|
|296	444	336	431	493	351	296	104	0	384	214	348	440	456	488	241	617	315	456	476	412	475	113	575	176	422	651	470	497	88	322	|
|110	62	125	194	296	286	91	294	384	0	171	55	298	340	238	292	233	210	176	118	58	91	298	201	248	148	273	87	302	313	94	|
|91	231	144	253	340	245	82	125	214	171	0	141	307	339	324	184	403	187	266	266	204	261	140	363	114	230	438	256	346	144	116	|
|112	99	148	237	339	307	76	266	348	55	141	0	332	373	212	292	275	156	225	173	64	137	254	253	200	194	322	135	345	284	108	|
|238	333	187	113	66	93	278	340	440	298	307	332	0	43	536	203	404	469	153	253	354	321	427	322	420	160	385	313	67	353	229	|
|275	376	226	156	90	106	316	361	456	340	339	373	43	0	578	216	443	507	194	295	397	364	453	361	451	203	421	356	88	372	268	|
|323	214	358	431	531	518	284	436	488	238	324	212	536	578	0	498	309	176	407	320	183	245	376	344	312	383	379	251	537	451	319	|
|183	352	180	228	263	111	217	151	241	292	184	292	203	216	498	0	492	371	266	328	345	364	255	426	272	242	501	356	266	159	198	|
|330	176	313	296	362	442	322	524	617	233	403	275	404	443	309	492	0	397	253	164	218	142	529	84	475	260	72	147	367	543	306	|
|232	235	284	386	486	423	191	276	315	210	187	156	469	507	176	371	397	0	379	327	188	276	202	396	139	346	456	277	492	289	242	|
|175	194	123	44	127	194	201	352	456	176	266	225	153	194	407	266	253	379	0	101	225	174	405	174	375	36	244	166	133	370	152	|
|181	106	152	140	226	280	186	377	476	118	266	173	253	295	320	328	164	327	101	0	148	76	403	100	360	98	177	69	232	396	155	|
|162	47	182	248	349	344	133	330	412	58	204	64	354	397	183	345	218	188	225	148	0	89	316	208	259	201	270	90	355	348	149	|
|191	41	185	208	300	335	180	383	475	91	261	137	321	364	245	364	142	276	174	76	89	0	388	119	336	162	185	8	306	402	169	|
|232	353	282	389	469	349	217	109	113	298	140	254	427	453	376	255	529	202	405	403	316	388	0	497	64	369	570	384	474	112	256	|
|280	161	252	218	278	367	281	477	575	201	363	253	322	361	344	426	84	396	174	100	208	119	497	0	449	187	77	119	283	496	255	|
|201	299	256	366	454	352	177	146	176	248	114	200	420	451	312	272	475	139	375	360	259	336	64	449	0	339	521	333	460	156	223	|
|139	175	88	48	148	182	165	319	422	148	230	194	160	203	383	242	260	346	36	98	201	162	369	187	339	0	260	153	154	337	116	|
|356	225	329	287	334	437	356	553	651	273	438	322	385	421	379	501	72	456	244	177	270	185	570	77	521	260	0	187	338	572	331	|
|185	43	177	200	292	327	175	377	470	87	256	135	313	356	251	356	147	277	166	69	90	8	384	119	333	153	187	0	298	396	163	|
|266	326	210	108	6	158	302	395	497	302	346	345	67	88	537	266	367	492	133	232	355	306	474	283	460	154	338	298	0	410	251	|
|216	374	251	344	406	266	222	19	88	313	144	284	353	372	451	159	543	289	370	396	348	402	112	496	156	337	572	396	410	0	241	|
|26	153	42	148	245	199	52	222	322	94	116	108	229	268	319	198	306	242	152	155	149	169	256	255	223	116	331	163	251	241	0	|

--------------------------------------------------------------------------------
Building model...
	using lazy and cut (CVRPSEP package)
Solving IRP LP...
--------------------------------------------------------------------------------

Gurobi 9.1.0 (linux64) logging started Wed Feb 10 12:39:17 2021

Gurobi Optimizer version 9.1.0 build v9.1.0rc0 (linux64)
Thread count: 32 physical cores, 32 logical processors, using up to 2 threads
Optimize a model with 967 rows, 4858 columns and 17350 nonzeros
Model fingerprint: 0xd9466685
Variable types: 394 continuous, 4464 integer (279 binary)
Coefficient statistics:
  Matrix range     [1e+00, 9e+02]
  Objective range  [1e-02, 7e+02]
  Bounds range     [1e+00, 3e+02]
  RHS range        [1e+00, 5e+03]
Presolve removed 274 rows and 121 columns
Presolve time: 0.07s
Presolved: 693 rows, 4737 columns, 16278 nonzeros
Variable types: 242 continuous, 4495 integer (4207 binary)

Root relaxation: objective 2.351709e+03, 762 iterations, 0.02 seconds

    Nodes    |    Current Node    |     Objective Bounds      |     Work
 Expl Unexpl |  Obj  Depth IntInf | Incumbent    BestBd   Gap | It/Node Time

     0     0 2351.70930    0   90          - 2351.70930      -     -    0s
     0     0 2567.02808    0   83          - 2567.02808      -     -    0s
     0     0 3144.03955    0  181          - 3144.03955      -     -    0s
     0     0 3159.83020    0  120          - 3159.83020      -     -    0s
     0     0 3159.83020    0  110          - 3159.83020      -     -    0s
     0     0 3307.21351    0  209          - 3307.21351      -     -    0s
     0     0 3318.27062    0  202          - 3318.27062      -     -    0s
     0     0 3336.17177    0  203          - 3336.17177      -     -    0s
     0     0 3336.37903    0  212          - 3336.37903      -     -    0s
     0     0 3476.30666    0  229          - 3476.30666      -     -    0s
H    0     0                    6277.8000000 3476.30666  44.6%     -    1s
H    0     0                    6173.5200000 3476.30666  43.7%     -    2s
     0     0 3479.14440    0  222 6173.52000 3479.14440  43.6%     -    2s
     0     0 3479.31855    0  218 6173.52000 3479.31855  43.6%     -    2s
     0     0 3483.36996    0  215 6173.52000 3483.36996  43.6%     -    2s
     0     0 3483.36996    0  197 6173.52000 3483.36996  43.6%     -    2s
     0     2 3483.36996    0  190 6173.52000 3483.36996  43.6%     -    3s
    55    59 3668.73223   21  241 6173.52000 3508.40799  43.2%   189    5s
H   57    59                    6011.1700000 3508.40799  41.6%   183    5s
   442   478 4488.13939  128  254 6011.17000 3508.40799  41.6%  77.2   10s
   663   668 5137.15984  246  229 6011.17000 3508.40799  41.6%  77.5   15s
  1013   998 4373.18060   81  197 6011.17000 3509.62698  41.6%  67.5   20s
  1034  1012 4767.41649  154  476 6011.17000 3642.90267  39.4%  66.1   25s
  1047  1021 5105.99148  190  482 6011.17000 3654.18945  39.2%  65.3   30s
H 1050   971                    5983.1700000 3655.79178  38.9%  65.1   31s
H 1063   930                    5943.1300000 3658.48146  38.4%  74.3   35s
H 1073   890                    5817.1300000 3658.66506  37.1%  73.6   37s
  1083   897 3877.11198   17  474 5817.13000 3659.73970  37.1%  72.9   40s
  1088   903 3671.51071   29  392 5817.13000 3671.38991  36.9%  80.0   45s
  1143   943 3859.67651   42  277 5817.13000 3700.93922  36.4%  92.7   50s
  1261  1021 4155.24722   68  216 5817.13000 3700.93922  36.4%   102   55s
H 1271   984                    5804.2100000 3700.93922  36.2%   102   55s
H 1278   939                    5798.2800000 3700.93922  36.2%   102   55s
H 1361   951                    5794.2600000 3700.93922  36.1%   105   57s
  1450  1040 4176.57577  124  102 5794.26000 3700.93922  36.1%   107   60s
H 1619  1096                    5758.1900000 3700.93922  35.7%   106   64s
  1669  1155 4466.20724  188   94 5758.19000 3700.93922  35.7%   107   65s
  1948  1350 4882.31399  263  118 5758.19000 3700.93922  35.7%   105   73s
  2017  1400 4987.08045  281   88 5758.19000 3700.93922  35.7%   105   75s
  2328  1482 3842.50274   42  226 5758.19000 3721.51899  35.4%   102   80s
  2421  1624 4151.77269   60  161 5758.19000 3721.51899  35.4%   104   85s
  2856  1752 5471.63752  181   45 5758.19000 3724.62070  35.3%  96.8   91s
H 2943  1686                    5752.4600000 3724.62070  35.3%  94.7   91s
  2995  1732 3987.43454   40  315 5752.46000 3724.62070  35.3%  98.9   95s
  3077  1810 4275.06403   49  151 5752.46000 3724.62070  35.3%   101  100s
H 3334  1808                    5306.8000000 3724.62070  29.8%  97.6  103s
  3368  1904 4779.86822  121   98 5306.80000 3724.62070  29.8%  96.9  105s
  3596  2001 4160.58690   39  311 5306.80000 3725.78555  29.8%  95.1  111s
  3704  2086 4170.74224   38   97 5306.80000 3741.44862  29.5%  96.5  116s
  3786  2237 4761.31245   52  119 5306.80000 3741.44862  29.5%  98.0  120s
  3933  2270 4190.08842   39  289 5306.80000 3744.37194  29.4%  97.1  130s
H 3941  1405                    4720.3900000 3744.37194  20.7%  97.3  130s
  4025  1487 4383.96621   43  248 4720.39000 3750.98089  20.5%  99.1  136s
  4105  1587 4305.41783   43  166 4720.39000 3777.90246  20.0%   101  141s
  4216  1648 4123.57119   40  152 4720.39000 3777.90246  20.0%   102  145s
  4290  1717 4553.31945   62   76 4720.39000 3785.20586  19.8%   104  151s
  4399  1785 4130.41556   36  293 4720.39000 3785.20586  19.8%   105  157s
  4461  1854 4429.68624   48  132 4720.39000 3791.07506  19.7%   106  160s
  4573  1914 4609.94933   48  159 4720.39000 3792.41083  19.7%   107  165s
  4674  1972 4663.76335   59  240 4720.39000 3800.91155  19.5%   109  171s
* 4763  1296              49    4462.4300000 3822.26201  14.3%   111  177s
  4819  1317 4103.39209   39  387 4462.43000 3824.68057  14.3%   112  181s
  4900  1371     cutoff   55      4462.43000 3825.95675  14.3%   114  187s
  4959  1388 4456.57000   65    - 4462.43000 3826.95305  14.2%   115  190s
  5031  1451 4461.57000   65    - 4462.43000 3830.84699  14.2%   118  197s
  5062  1476     cutoff   65      4462.43000 3831.18124  14.1%   119  201s
  5177  1530 4410.00033   54  212 4462.43000 3834.79884  14.1%   122  208s
H 5183  1421                    4427.4300000 3834.79884  13.4%   122  208s
  5222  1457 4301.56763   47  166 4427.43000 3837.88412  13.3%   123  213s
  5282  1487 4155.17573   36  189 4427.43000 3838.74192  13.3%   124  216s
  5331  1511 4364.81793   45  289 4427.43000 3839.20573  13.3%   125  221s
  5393  1533 4376.04451   49  141 4427.43000 3841.47444  13.2%   127  225s
  5477  1581 4248.67857   40  382 4427.43000 3846.99709  13.1%   129  234s
  5513  1641 4389.99757   42  291 4427.43000 3847.80055  13.1%   131  239s
  5597  1671 4310.88036   45  344 4427.43000 3849.81058  13.0%   131  244s
  5641  1700 4157.65451   41  324 4427.43000 3851.86493  13.0%   132  249s
  5709  1740 4341.03832   59   80 4427.43000 3855.42556  12.9%   133  254s
  5796  1775 4201.33103   52   65 4427.43000 3857.42157  12.9%   134  260s
  5906  1800 4132.17143   36  227 4427.43000 3859.69946  12.8%   135  266s
  5967  1845 4132.12401   44  169 4427.43000 3862.75953  12.8%   136  271s
  6036  1871 4384.47635   49  232 4427.43000 3869.26865  12.6%   137  277s
  6100  1905 4236.26150   43  279 4427.43000 3873.35036  12.5%   139  283s
  6160  1958 4270.55414   39  315 4427.43000 3874.87037  12.5%   140  288s
  6282  1992 4158.31998   43  323 4427.43000 3878.66589  12.4%   141  294s
  6373  2012 4142.83722   42  371 4427.43000 3880.35025  12.4%   142  302s
H 6382  1838                    4387.2900000 3880.35025  11.6%   142  302s
  6417  1859 4258.55641   46  269 4387.29000 3882.03756  11.5%   142  307s
  6488  1873     cutoff   59      4387.29000 3884.32616  11.5%   143  313s
  6544  1907 4231.77512   46  274 4387.29000 3887.06703  11.4%   144  318s
  6623  1932 4090.60971   43  398 4387.29000 3898.60596  11.1%   146  324s
  6682  1947 4027.68037   42  391 4387.29000 3901.76049  11.1%   147  330s
  6748  1962 4296.55629   40  292 4387.29000 3906.28059  11.0%   149  336s
  6824  2019 4343.30971   44  153 4387.29000 3908.89912  10.9%   150  342s
  6924  2050 4028.35939   40  182 4387.29000 3913.66860  10.8%   151  348s
  6990  2088 4016.54045   49  244 4387.29000 3918.10773  10.7%   152  354s
  7068  2117 4354.41774   46  256 4387.29000 3923.08154  10.6%   153  360s
  7164  2142 4347.50207   41  277 4387.29000 3925.94688  10.5%   154  366s
  7242  2168 4041.52575   51  320 4387.29000 3928.38011  10.5%   155  375s
  7332  2211 4251.13205   40  166 4387.29000 3931.77872  10.4%   157  384s
  7471  2254 4325.39608   43  286 4387.29000 3935.13762  10.3%   158  393s
  7583  2294 4277.38853   44  279 4387.29000 3941.49817  10.2%   159  403s
  7696  2357 4242.89670   46  226 4387.29000 3944.49358  10.1%   161  412s
  7830  2383     cutoff   51      4387.29000 3948.48349  10.0%   162  422s
  7952  2406 4203.67589   53  246 4387.29000 3951.52246  9.93%   164  432s
  8011  2454     cutoff   50      4387.29000 3952.71105  9.91%   166  441s
  8137  2492 4328.08242   41  335 4387.29000 3959.33919  9.75%   168  450s
  8272  2508     cutoff   43      4387.29000 3965.04619  9.62%   169  460s
  8397  2528 4245.38708   51  302 4387.29000 3968.17418  9.55%   170  470s
  8521  2577 4279.83126   37  252 4387.29000 3972.61280  9.45%   171  480s
  8645  2618     cutoff   64      4387.29000 3975.50801  9.39%   172  490s
  8782  2648 4313.01828   50  326 4387.29000 3980.93854  9.26%   174  500s
  8881  2687 4274.33197   40  300 4387.29000 3983.34919  9.21%   175  510s
  8978  2740 4311.98667   54  265 4387.29000 3985.12932  9.17%   177  521s
  9092  2791 4277.72902   46  302 4387.29000 3986.50909  9.14%   178  532s
  9266  2842 4195.79926   56  192 4387.29000 3987.25555  9.12%   178  542s
  9442  2875 4180.18516   48  434 4387.29000 3991.80533  9.01%   179  553s
  9567  2925 4260.85414   38  375 4387.29000 3994.58780  8.95%   180  563s
  9680  2950 4300.12770   47  232 4387.29000 3996.84260  8.90%   182  573s
  9790  2975 4369.70089   38  283 4387.29000 4001.49308  8.79%   183  584s
  9934  3030 4175.14226   42  421 4387.29000 4005.12201  8.71%   185  595s
 10088  3065 4333.63025   40  296 4387.29000 4008.04511  8.64%   186  605s
 10207  3115 4225.22098   45  192 4387.29000 4010.36375  8.59%   187  616s
 10346  3158 4327.88731   38  214 4387.29000 4013.52044  8.52%   188  628s
*10452  2388              68    4313.3900000 4013.52044  6.95%   187  628s
 10556  2382 4247.86738   40  204 4313.39000 4016.97196  6.87%   188  638s
 10690  2380     cutoff   49      4313.39000 4019.90812  6.80%   189  649s
 10824  2388 4203.99880   41  151 4313.39000 4024.82110  6.69%   190  660s
 10955  2422     cutoff   43      4313.39000 4028.15353  6.61%   191  671s
 11093  2435 4196.69793   38  142 4313.39000 4034.23732  6.47%   192  682s
 11218  2429     cutoff   50      4313.39000 4037.21254  6.40%   193  694s
H11258  1961                    4278.0000000 4037.21254  5.63%   194  694s
 11314  1973 4176.85136   40  265 4278.00000 4039.83668  5.57%   194  705s
 11450  1969 4271.33081   41  336 4278.00000 4045.17933  5.44%   195  716s
 11562  1956     cutoff   47      4278.00000 4048.49487  5.36%   196  728s
 11679  1954 4262.26864   40  238 4278.00000 4053.95941  5.24%   198  739s
 11814  1949     cutoff   53      4278.00000 4056.68654  5.17%   199  750s
 11952  1935 4214.45799   39  287 4278.00000 4060.93998  5.07%   200  761s
 12092  1916 4179.96733   41  250 4278.00000 4065.60167  4.96%   200  778s
 12309  1904 4267.43720   36  269 4278.00000 4070.99733  4.84%   202  794s
 12533  1879     cutoff   37      4278.00000 4080.52707  4.62%   203  809s
 12712  1862 4247.42616   41  215 4278.00000 4088.09510  4.44%   204  826s
 12904  1848 4181.79300   52  330 4278.00000 4094.77723  4.28%   205  841s
 13092  1801     cutoff   50      4278.00000 4097.87844  4.21%   206  857s
 13311  1773     cutoff   41      4278.00000 4108.31381  3.97%   207  873s
 13529  1736     cutoff   50      4278.00000 4115.89209  3.79%   207  888s
 13759  1701 4267.88815   44  203 4278.00000 4123.08531  3.62%   208  904s
 13948  1648     cutoff   49      4278.00000 4130.90380  3.44%   209  919s
 14163  1600     cutoff   72      4278.00000 4136.55270  3.31%   209  935s
 14374  1554 4219.47150   38  302 4278.00000 4143.83454  3.14%   210  951s
 14587  1488     cutoff   47      4278.00000 4148.93842  3.02%   211  966s
 14821  1403     cutoff   43      4278.00000 4157.88396  2.81%   211  981s
 15039  1316 4241.40843   36  247 4278.00000 4167.07639  2.59%   211  996s
 15301  1238     cutoff  111      4278.00000 4175.50858  2.40%   211 1012s
 15528  1150 4254.83665   49   88 4278.00000 4184.17917  2.19%   211 1026s
 15795  1053     cutoff   44      4278.00000 4192.61372  2.00%   211 1040s
 16074   953     cutoff   37      4278.00000 4200.60652  1.81%   210 1054s
 16359   829 4257.49405   45  169 4278.00000 4209.41454  1.60%   209 1064s
 16561   694     cutoff   44      4278.00000 4218.33274  1.39%   208 1077s
 16852   546 4246.70408   53  108 4278.00000 4229.13394  1.14%   207 1086s
 17136   384     cutoff   40      4278.00000 4239.99207  0.89%   205 1093s
 17353   205     cutoff   46      4278.00000 4250.28140  0.65%   204 1097s
*17537   122              50    4272.4100000 4262.68246  0.23%   202 1098s

Cutting planes:
  User: 4863
  Gomory: 21
  Cover: 289
  Implied bound: 107
  Projected implied bound: 4
  Clique: 10
  MIR: 97
  Flow cover: 213
  GUB cover: 1
  Zero half: 10
  RLT: 149
  Relax-and-lift: 5
  Lazy constraints: 419

Explored 17693 nodes (3554958 simplex iterations) in 1099.19 seconds
Thread count was 2 (of 32 available processors)

Solution count 10: 4272.41 4278 4313.39 ... 5758.19

Optimal solution found (tolerance 1.00e-04)
Best objective 4.272410000000e+03, best bound 4.272410000000e+03, gap 0.0000%

User-callback calls 103119, time in user-callback 40.11 sec
================================================================================
executing instance: ./input/Instances/Original/4/absH3low_3n10.dat
--------------------------------------------------------------------------------
Instance details
n	11
H	3
C	687
Li:
[0, 0, 0, 0, 0, 0, 0, 0, 0, 0, 0, ]
Ui:
[0, 189, 44, 174, 78, 36, 198, 117, 42, 96, 240, ]
Distance matrix:
|0	209	255	286	142	156	285	317	182	161	135	|
|209	0	464	451	315	356	490	469	361	299	260	|
|255	464	0	221	202	130	74	280	189	254	273	|
|286	451	221	0	145	156	164	479	354	153	192	|
|142	315	202	145	0	73	194	388	250	53	73	|
|156	356	130	156	73	0	134	332	200	127	144	|
|285	490	74	164	194	134	0	353	256	239	267	|
|317	469	280	479	388	332	353	0	141	436	430	|
|182	361	189	354	250	200	256	141	0	296	289	|
|161	299	254	153	53	127	239	436	296	0	39	|
|135	260	273	192	73	144	267	430	289	39	0	|

--------------------------------------------------------------------------------
Building model...
	using lazy and cut (CVRPSEP package)
Solving IRP LP...
--------------------------------------------------------------------------------

Gurobi 9.1.0 (linux64) logging started Wed Feb 10 12:57:36 2021

Gurobi Optimizer version 9.1.0 build v9.1.0rc0 (linux64)
Thread count: 32 physical cores, 32 logical processors, using up to 2 threads
Optimize a model with 347 rows, 728 columns and 2810 nonzeros
Model fingerprint: 0x3f082a41
Variable types: 134 continuous, 594 integer (99 binary)
Coefficient statistics:
  Matrix range     [1e+00, 5e+02]
  Objective range  [1e-02, 5e+02]
  Bounds range     [1e+00, 2e+02]
  RHS range        [1e+00, 1e+03]
Presolve removed 94 rows and 41 columns
Presolve time: 0.02s
Presolved: 253 rows, 687 columns, 2467 nonzeros
Variable types: 82 continuous, 605 integer (508 binary)

Root relaxation: objective 1.476189e+03, 398 iterations, 0.01 seconds

    Nodes    |    Current Node    |     Objective Bounds      |     Work
 Expl Unexpl |  Obj  Depth IntInf | Incumbent    BestBd   Gap | It/Node Time

     0     0 1476.18878    0   39          - 1476.18878      -     -    0s
     0     0 1660.68520    0   53          - 1660.68520      -     -    0s
     0     0 2081.52977    0   60          - 2081.52977      -     -    0s
     0     0 2081.69040    0   54          - 2081.69040      -     -    0s
     0     0 2149.71797    0   99          - 2149.71797      -     -    0s
H    0     0                    3595.4600000 2149.71797  40.2%     -    0s
     0     0 2161.29294    0  101 3595.46000 2161.29294  39.9%     -    0s
     0     0 2161.89033    0  100 3595.46000 2161.89033  39.9%     -    0s
     0     0 2226.18138    0  105 3595.46000 2226.18138  38.1%     -    0s
H    0     0                    2734.1000000 2226.18138  18.6%     -    0s
     0     0 2236.45675    0  121 2734.10000 2236.45675  18.2%     -    0s
     0     0 2237.17087    0  115 2734.10000 2237.17087  18.2%     -    0s
     0     0 2237.17087    0  120 2734.10000 2237.17087  18.2%     -    0s
     0     0 2304.71279    0  127 2734.10000 2304.71279  15.7%     -    0s
     0     0 2309.63588    0  157 2734.10000 2309.63588  15.5%     -    0s
     0     0 2310.11287    0  148 2734.10000 2310.11287  15.5%     -    0s
     0     0 2312.10311    0  148 2734.10000 2312.10311  15.4%     -    0s
     0     0 2312.10311    0  148 2734.10000 2312.10311  15.4%     -    0s
     0     2 2312.10311    0  148 2734.10000 2312.10311  15.4%     -    0s

Cutting planes:
  User: 66
  Gomory: 4
  Cover: 89
  Implied bound: 44
  Clique: 18
  MIR: 39
  StrongCG: 2
  Flow cover: 60
  Zero half: 2
  Mod-K: 1
  Network: 3
  RLT: 62
  Relax-and-lift: 15
  Lazy constraints: 9

Explored 771 nodes (31469 simplex iterations) in 1.65 seconds
Thread count was 2 (of 32 available processors)

Solution count 2: 2734.1 3595.46 

Optimal solution found (tolerance 1.00e-04)
Best objective 2.734100000000e+03, best bound 2.734100000000e+03, gap 0.0000%

User-callback calls 2012, time in user-callback 0.18 sec
================================================================================
executing instance: ./input/Instances/Original/4/absH3low_3n15.dat
--------------------------------------------------------------------------------
Instance details
n	16
H	3
C	1267
Li:
[0, 0, 0, 0, 0, 0, 0, 0, 0, 0, 0, 0, 0, 0, 0, 0, ]
Ui:
[0, 156, 267, 148, 144, 87, 33, 171, 76, 141, 270, 282, 60, 110, 172, 57, ]
Distance matrix:
|0	229	567	76	58	96	306	409	310	423	108	346	165	347	159	256	|
|229	0	482	243	279	155	375	525	251	419	158	373	65	123	329	246	|
|567	482	0	506	622	483	342	439	259	200	467	274	486	433	501	312	|
|76	243	506	0	119	88	230	337	255	352	88	272	179	347	94	194	|
|58	279	622	119	0	154	345	431	366	471	166	391	217	399	179	310	|
|96	155	483	88	154	0	266	397	224	358	17	289	92	262	176	179	|
|306	375	342	230	345	266	0	158	184	148	251	68	332	423	181	140	|
|409	525	439	337	431	397	158	0	340	244	386	201	476	581	253	298	|
|310	251	259	255	366	224	184	340	0	170	208	146	238	257	274	66	|
|423	419	200	352	471	358	148	244	170	0	341	84	396	424	323	182	|
|108	158	467	88	166	17	251	386	208	341	0	273	96	259	172	162	|
|346	373	274	272	391	289	68	201	146	84	273	0	340	400	239	127	|
|165	65	486	179	217	92	332	476	238	396	96	340	0	182	267	216	|
|347	123	433	347	399	262	423	581	257	424	259	400	182	0	423	283	|
|159	329	501	94	179	176	181	253	274	323	172	239	267	423	0	208	|
|256	246	312	194	310	179	140	298	66	182	162	127	216	283	208	0	|

--------------------------------------------------------------------------------
Building model...
	using lazy and cut (CVRPSEP package)
Solving IRP LP...
--------------------------------------------------------------------------------

Gurobi 9.1.0 (linux64) logging started Wed Feb 10 12:57:38 2021

Gurobi Optimizer version 9.1.0 build v9.1.0rc0 (linux64)
Thread count: 32 physical cores, 32 logical processors, using up to 2 threads
Optimize a model with 502 rows, 1423 columns and 5320 nonzeros
Model fingerprint: 0x9a878c1c
Variable types: 199 continuous, 1224 integer (144 binary)
Coefficient statistics:
  Matrix range     [1e+00, 6e+02]
  Objective range  [1e-02, 6e+02]
  Bounds range     [1e+00, 3e+02]
  RHS range        [1e+00, 2e+03]
Presolve removed 139 rows and 61 columns
Presolve time: 0.03s
Presolved: 363 rows, 1362 columns, 4781 nonzeros
Variable types: 122 continuous, 1240 integer (1095 binary)

Root relaxation: objective 1.782467e+03, 394 iterations, 0.01 seconds

    Nodes    |    Current Node    |     Objective Bounds      |     Work
 Expl Unexpl |  Obj  Depth IntInf | Incumbent    BestBd   Gap | It/Node Time

     0     0 1782.46686    0   51          - 1782.46686      -     -    0s
     0     0 1964.34871    0   31          - 1964.34871      -     -    0s
     0     0 2450.34063    0   91          - 2450.34063      -     -    0s
     0     0 2462.37928    0   88          - 2462.37928      -     -    0s
     0     0 2462.37928    0   89          - 2462.37928      -     -    0s
     0     0 2562.07055    0  139          - 2562.07055      -     -    0s
     0     0 2582.64610    0  135          - 2582.64610      -     -    0s
     0     0 2585.74330    0  147          - 2585.74330      -     -    0s
     0     0 2586.17954    0  152          - 2586.17954      -     -    0s
     0     0 2675.54492    0  138          - 2675.54492      -     -    0s
     0     0 2688.50720    0  161          - 2688.50720      -     -    0s
     0     0 2695.54645    0  157          - 2695.54645      -     -    0s
     0     0 2696.50562    0  155          - 2696.50562      -     -    0s
     0     0 2697.90583    0  162          - 2697.90583      -     -    0s
     0     0 2697.90591    0  160          - 2697.90591      -     -    0s
     0     0 2716.38931    0  139          - 2716.38931      -     -    0s
     0     0 2717.28250    0  131          - 2717.28250      -     -    0s
     0     0 2728.02464    0  148          - 2728.02464      -     -    0s
     0     0 2731.37929    0  168          - 2731.37929      -     -    0s
     0     0 2732.27647    0  169          - 2732.27647      -     -    0s
     0     0 2741.36736    0  126          - 2741.36736      -     -    0s
     0     0 2741.36736    0  121          - 2741.36736      -     -    0s
     0     0 2743.75732    0  169          - 2743.75732      -     -    0s
     0     0 2743.75732    0  169          - 2743.75732      -     -    0s
     0     2 2743.78144    0  148          - 2743.78144      -     -    0s
*  264   250              95    5636.1700000 2789.03245  50.5%  61.0    1s
*  441   391             103    5333.3000000 2839.35477  46.8%  55.4    2s
*  442   391             104    5325.3000000 2839.35477  46.7%  55.3    2s
*  488   155              38    3530.5200000 2839.35477  19.6%  56.5    2s
*  571   189              20    3520.5200000 2843.95808  19.2%  59.4    3s
H  603   187                    3490.5199872 2843.95808  18.5%  58.0    3s
H  705   232                    3477.5200000 2873.60633  17.4%  61.0    3s
H  745   220                    3448.5200000 2882.65827  16.4%  60.7    4s
   758   229 3132.34866   20  225 3448.52000 2882.65827  16.4%  59.7    5s
H  849   253                    3402.5200000 2882.65827  15.3%  70.7    7s
H  853   245                    3401.5600000 2882.65827  15.3%  71.0    7s
  1159   246 3226.14950   21  164 3401.56000 3002.54331  11.7%  81.2   10s
  1958   133 3324.01366   29   29 3401.56000 3246.70525  4.55%  80.7   15s

Cutting planes:
  User: 413
  Gomory: 5
  Cover: 149
  Implied bound: 68
  Projected implied bound: 7
  Clique: 27
  MIR: 61
  StrongCG: 2
  Flow cover: 126
  Inf proof: 1
  Zero half: 19
  RLT: 104
  Relax-and-lift: 4
  Lazy constraints: 17

Explored 2403 nodes (177993 simplex iterations) in 16.27 seconds
Thread count was 2 (of 32 available processors)

Solution count 10: 3401.56 3402.52 3448.52 ... 5636.17

Optimal solution found (tolerance 1.00e-04)
Best objective 3.401560000000e+03, best bound 3.401560000000e+03, gap 0.0000%

User-callback calls 7269, time in user-callback 1.27 sec
================================================================================
executing instance: ./input/Instances/Original/4/absH3low_2n45.dat
--------------------------------------------------------------------------------
Instance details
n	46
H	3
C	3171
Li:
[0, 0, 0, 0, 0, 0, 0, 0, 0, 0, 0, 0, 0, 0, 0, 0, 0, 0, 0, 0, 0, 0, 0, 0, 0, 0, 0, 0, 0, 0, 0, 0, 0, 0, 0, 0, 0, 0, 0, 0, 0, 0, 0, 0, 0, 0, ]
Ui:
[0, 246, 160, 78, 20, 87, 144, 40, 20, 82, 60, 96, 24, 136, 160, 108, 160, 26, 228, 51, 24, 240, 231, 70, 32, 105, 174, 114, 246, 126, 132, 76, 22, 42, 255, 132, 148, 162, 66, 111, 102, 240, 123, 201, 297, 78, ]
Distance matrix:
|0	148	402	550	329	420	187	318	366	280	504	273	233	333	112	344	379	481	113	593	159	523	261	424	90	359	163	461	413	240	105	299	265	89	371	462	339	273	495	22	41	439	369	506	563	468	|
|148	0	284	517	394	284	136	369	244	311	496	166	329	355	223	202	338	388	204	565	254	506	118	346	71	423	173	471	336	118	105	352	198	105	248	428	302	305	487	153	179	441	230	497	517	370	|
|402	284	0	350	448	80	228	406	42	343	382	129	456	350	412	126	219	131	382	395	410	371	180	137	314	466	289	400	137	167	389	401	169	316	39	280	217	342	373	394	414	362	108	380	324	106	|
|550	517	350	0	339	429	385	308	374	295	93	375	431	249	481	461	180	239	458	48	445	57	474	214	496	333	387	160	216	424	601	321	320	471	376	90	217	301	93	530	534	146	452	88	52	262	|
|329	394	448	339	0	513	282	42	438	105	255	363	115	108	221	484	259	431	217	365	172	289	436	362	333	30	224	189	353	380	423	47	291	296	443	285	240	107	251	307	294	193	495	260	378	437	|
|420	284	80	429	513	0	267	473	76	408	462	163	509	421	449	86	298	201	421	474	455	451	167	217	330	533	333	478	217	181	386	466	225	341	70	360	291	406	453	416	438	440	59	460	400	176	|
|187	136	228	385	282	267	0	249	199	186	360	104	248	224	184	214	207	294	155	432	189	371	155	237	113	308	68	336	227	101	216	236	78	98	205	296	168	181	350	174	190	305	231	360	390	283	|
|318	369	406	308	42	473	249	0	397	66	229	325	128	67	216	447	218	389	206	337	168	260	402	320	311	61	196	167	311	345	406	19	252	275	403	248	198	70	223	296	286	164	457	233	344	395	|
|366	244	42	374	438	76	199	397	0	332	397	96	436	346	383	90	228	168	354	420	385	389	139	161	277	458	263	408	158	128	349	391	150	282	6	298	218	331	388	359	380	370	78	395	352	144	|
|280	311	343	295	105	408	186	66	332	0	231	259	142	53	191	380	171	337	173	332	150	257	337	267	258	127	139	182	258	280	359	58	186	223	338	222	143	6	224	258	254	164	390	234	323	340	|
|504	496	382	93	255	462	360	229	397	231	0	375	356	180	422	478	173	293	403	110	381	36	474	248	463	245	345	68	246	419	568	244	308	433	400	104	200	237	9	482	482	67	474	5	142	312	|
|273	166	129	375	363	163	104	325	96	259	375	0	347	283	288	121	202	221	259	423	292	376	99	183	186	386	170	370	175	52	269	315	76	187	102	288	177	256	365	265	285	333	133	374	365	204	|
|233	329	456	431	115	509	248	128	436	142	356	347	0	181	121	462	311	472	128	463	76	386	398	403	260	141	180	294	392	349	334	111	287	224	442	362	280	139	350	212	194	289	479	360	463	472	|
|333	355	350	249	108	421	224	67	346	53	180	283	181	0	244	403	152	324	226	283	201	207	369	256	307	118	186	129	247	311	409	74	208	273	351	183	136	59	173	311	307	113	410	183	282	331	|
|112	223	412	481	221	449	184	216	383	191	422	288	121	244	0	387	327	461	30	521	49	447	313	396	152	250	125	371	385	273	214	196	249	121	389	400	288	185	415	91	74	355	408	425	503	454	|
|344	202	126	461	484	86	214	447	90	380	478	121	462	403	387	0	305	256	360	508	400	473	84	250	255	507	282	482	246	115	302	437	196	271	90	382	288	377	469	343	367	444	28	476	441	232	|
|379	338	219	180	259	298	207	218	228	171	173	202	311	152	327	305	0	172	301	227	300	174	302	105	318	270	217	180	97	249	423	221	141	296	232	90	40	173	164	361	368	142	303	172	184	180	|
|481	388	131	239	431	201	294	389	168	337	293	221	472	324	461	256	172	0	432	280	446	273	300	70	400	442	337	330	80	271	490	391	217	391	167	191	194	339	286	468	483	294	239	289	203	26	|
|113	204	382	458	217	421	155	206	354	173	403	259	128	226	30	360	301	432	0	499	52	426	287	367	133	246	95	355	356	246	208	187	219	100	360	376	261	167	395	90	81	337	381	406	478	425	|
|593	565	395	48	365	474	432	337	420	332	110	423	463	283	521	508	227	280	499	0	482	77	521	260	542	356	431	178	262	472	647	352	368	516	422	137	264	338	114	573	576	174	499	106	78	304	|
|159	254	410	445	172	455	189	168	385	150	381	292	76	201	49	400	300	446	52	482	0	407	331	378	184	201	122	327	367	286	258	149	242	150	391	367	263	144	374	137	122	314	419	384	470	441	|
|523	506	371	57	289	451	371	260	389	257	36	376	386	207	447	473	174	273	426	77	407	0	475	234	477	280	363	104	234	422	583	275	313	449	392	91	205	263	38	503	504	97	468	31	108	294	|
|261	118	180	474	436	167	155	402	139	337	474	99	398	369	313	84	302	300	287	521	331	475	0	275	173	462	220	465	268	58	219	390	168	193	142	388	275	333	464	261	286	430	111	473	462	279	|
|424	346	137	214	362	217	237	320	161	267	248	183	403	256	396	250	105	70	367	260	378	234	275	0	348	374	274	274	11	234	444	321	159	335	163	145	124	269	239	409	422	237	239	245	191	76	|
|90	71	314	496	333	330	113	311	277	258	463	186	260	307	152	255	318	400	133	542	184	477	173	348	0	362	121	430	338	150	106	293	190	37	282	406	279	252	454	88	113	403	280	464	502	386	|
|359	423	466	333	30	533	308	61	458	127	245	386	141	118	250	507	270	442	246	356	201	280	462	374	362	0	252	178	365	406	453	73	313	325	463	286	254	130	242	336	324	187	517	250	374	449	|
|163	173	289	387	224	333	68	196	263	139	345	170	180	186	125	282	217	337	95	431	122	363	220	274	121	252	0	310	263	168	225	180	124	88	269	300	177	133	337	144	152	284	299	347	400	330	|
|461	471	400	160	189	478	336	167	408	182	68	370	294	129	371	482	180	330	355	178	327	104	465	274	430	178	310	0	269	408	534	184	297	398	412	142	194	188	66	439	436	38	482	73	206	345	|
|413	336	137	216	353	217	227	311	158	258	246	175	392	247	385	246	97	80	356	262	367	234	268	11	338	365	263	269	0	226	434	312	149	324	160	143	115	259	237	399	411	232	237	243	196	84	|
|240	118	167	424	380	181	101	345	128	280	419	52	349	311	273	115	249	271	246	472	286	422	58	234	150	406	168	408	226	0	223	333	111	160	133	336	219	276	409	235	258	373	136	418	416	252	|
|105	105	389	601	423	386	216	406	349	359	568	269	334	409	214	302	423	490	208	647	258	583	219	444	106	453	225	534	434	223	0	388	289	137	353	511	384	353	559	123	145	508	330	570	606	473	|
|299	352	401	321	47	466	236	19	391	58	244	315	111	74	196	437	221	391	187	352	149	275	390	321	293	73	180	184	312	333	388	0	243	257	396	258	197	60	238	276	267	178	448	248	355	395	|
|265	198	169	320	291	225	78	252	150	186	308	76	287	208	249	196	141	217	219	368	242	313	168	159	190	313	124	297	149	111	289	243	0	176	156	231	109	183	299	251	266	262	205	308	319	207	|
|89	105	316	471	296	341	98	275	282	223	433	187	224	273	121	271	296	391	100	516	150	449	193	335	37	325	88	398	324	160	137	257	176	0	287	382	256	217	424	78	98	372	295	434	480	379	|
|371	248	39	376	443	70	205	403	6	338	400	102	442	351	389	90	232	167	360	422	391	392	142	163	282	463	269	412	160	133	353	396	156	287	0	301	222	336	391	365	386	374	77	398	353	143	|
|462	428	280	90	285	360	296	248	298	222	104	288	362	183	400	382	90	191	376	137	367	91	388	145	406	286	300	142	143	336	511	258	231	382	301	0	127	226	96	443	448	110	376	100	103	209	|
|339	302	217	217	240	291	168	198	218	143	200	177	280	136	288	288	40	194	261	264	263	205	275	124	279	254	177	194	115	219	384	197	109	256	222	127	0	145	190	321	328	157	289	199	224	198	|
|273	305	342	301	107	406	181	70	331	6	237	256	139	59	185	377	173	339	167	338	144	263	333	269	252	130	133	188	259	276	353	60	183	217	336	226	145	0	230	251	248	170	388	240	328	341	|
|495	487	373	93	251	453	350	223	388	224	9	365	350	173	415	469	164	286	395	114	374	38	464	239	454	242	337	66	237	409	559	238	299	424	391	96	190	230	0	474	474	61	465	11	141	305	|
|22	153	394	530	307	416	174	296	359	258	482	265	212	311	91	343	361	468	90	573	137	503	261	409	88	336	144	439	399	235	123	276	251	78	365	443	321	251	474	0	26	418	367	485	544	456	|
|41	179	414	534	294	438	190	286	380	254	482	285	194	307	74	367	368	483	81	576	122	504	286	422	113	324	152	436	411	258	145	267	266	98	386	448	328	248	474	26	0	416	391	484	550	472	|
|439	441	362	146	193	440	305	164	370	164	67	333	289	113	355	444	142	294	337	174	314	97	430	237	403	187	284	38	232	373	508	178	262	372	374	110	157	170	61	418	416	0	444	71	187	309	|
|369	230	108	452	495	59	231	457	78	390	474	133	479	410	408	28	303	239	381	499	419	468	111	239	280	517	299	482	237	136	330	448	205	295	77	376	289	388	465	367	391	444	0	472	429	214	|
|506	497	380	88	260	460	360	233	395	234	5	374	360	183	425	476	172	289	406	106	384	31	473	245	464	250	347	73	243	418	570	248	308	434	398	100	199	240	11	485	484	71	472	0	137	309	|
|563	517	324	52	378	400	390	344	352	323	142	365	463	282	503	441	184	203	478	78	470	108	462	191	502	374	400	206	196	416	606	355	319	480	353	103	224	328	141	544	550	187	429	137	0	228	|
|468	370	106	262	437	176	283	395	144	340	312	204	472	331	454	232	180	26	425	304	441	294	279	76	386	449	330	345	84	252	473	395	207	379	143	209	198	341	305	456	472	309	214	309	228	0	|

--------------------------------------------------------------------------------
Building model...
	using lazy and cut (CVRPSEP package)
Solving IRP LP...
--------------------------------------------------------------------------------

Gurobi 9.1.0 (linux64) logging started Wed Feb 10 12:57:55 2021

Gurobi Optimizer version 9.1.0 build v9.1.0rc0 (linux64)
Thread count: 32 physical cores, 32 logical processors, using up to 2 threads
Optimize a model with 1432 rows, 10318 columns and 36130 nonzeros
Model fingerprint: 0x017ec19a
Variable types: 589 continuous, 9729 integer (414 binary)
Coefficient statistics:
