




arguments: ./build/bc_mirp -f ./input/orig_exec_67.cfg
Current dir: /scratch/gui/bc_mirp
File verbosity level: 9
date       time         ( uptime  ) [ thread name/id ]                   file:line     v| 
2021-02-07 06:15:14.391 (   0.125s) [main thread     ]             loguru.cpp:789   INFO| Logging to './output/vi_vc+cos/OU/V3/Original/execution_07_02_2021_06_15_14.log', mode: 'a', verbosity: 9
--------------------------------------------------------------------------------
Parameters
                           instance_path           ./input/Instances/Original/2/
                            model_policy                                       1
                             nb_vehicles                                       3
                              output_dir      ./output/vi_vc+cos/OU/V3/Original/
                            sec_strategy                                       1
                       solver_nb_threads                                       2
                         solver_show_log                                    true
                       solver_time_limit                                    3600
                              use_vi_cos                                    true
                              use_vi_cus                                   false
                         use_vi_hc1_full                                   false
                         use_vi_hc1_half                                   false
                      use_vi_hc1_quarter                                   false
                              use_vi_hc2                                   false
                              use_vi_hc3                                   false
                         use_vi_lex_full                                   false
                         use_vi_lex_half                                   false
                      use_vi_lex_quarter                                   false
                              use_vi_qua                                   false
                               use_vi_vc                                    true
                               use_vi_vr                                   false
--------------------------------------------------------------------------------
executing instance: ./input/Instances/Original/2/absH3high_3n40.dat
--------------------------------------------------------------------------------
Instance details
n	41
H	3
C	3283
Li:
[0, 0, 0, 0, 0, 0, 0, 0, 0, 0, 0, 0, 0, 0, 0, 0, 0, 0, 0, 0, 0, 0, 0, 0, 0, 0, 0, 0, 0, 0, 0, 0, 0, 0, 0, 0, 0, 0, 0, 0, 0, ]
Ui:
[0, 63, 111, 99, 96, 111, 282, 122, 156, 261, 42, 192, 126, 42, 162, 207, 159, 122, 102, 190, 118, 102, 132, 102, 165, 252, 66, 52, 22, 114, 210, 176, 116, 294, 78, 152, 210, 45, 130, 198, 174, ]
Distance matrix:
|0	208	225	252	227	143	258	127	267	150	28	83	163	286	57	149	201	137	214	255	70	73	107	186	328	266	249	343	222	177	293	144	262	215	167	120	169	218	143	173	255	|
|208	0	397	355	416	198	216	99	211	275	193	172	97	166	240	225	362	109	277	314	182	216	273	374	298	208	319	161	14	103	93	120	58	196	152	156	372	227	260	218	453	|
|225	397	0	427	53	364	482	343	492	129	253	225	382	386	171	188	39	291	187	195	295	182	282	55	326	491	180	551	408	315	457	366	455	275	392	244	221	439	341	214	101	|
|252	355	427	0	401	158	201	263	219	396	234	328	259	498	299	400	420	354	465	506	205	324	152	374	574	219	499	393	366	389	446	235	378	456	205	359	224	150	111	423	400	|
|227	416	53	401	0	357	477	352	489	165	253	245	389	424	179	223	85	315	234	245	293	200	264	42	375	488	231	565	428	344	484	370	474	314	392	270	184	430	325	252	50	|
|143	198	364	158	357	0	121	105	134	290	116	196	103	342	200	276	343	205	343	385	74	210	112	319	432	133	382	265	209	237	290	78	226	313	57	220	232	75	69	292	375	|
|258	216	482	201	477	121	0	168	18	397	230	293	135	381	314	372	459	275	437	480	188	317	228	439	501	18	479	197	222	296	290	132	212	386	95	306	347	58	173	381	496	|
|127	99	343	263	352	105	168	0	171	239	105	130	40	237	173	206	313	109	270	312	84	164	175	310	337	169	313	216	112	135	192	37	142	220	77	138	280	155	162	213	382	|
|267	211	492	219	489	134	18	171	0	404	240	298	136	376	323	376	468	276	441	483	198	324	243	450	500	2	483	181	215	294	281	136	202	386	102	309	363	75	189	384	509	|
|150	275	129	396	165	290	397	239	404	0	175	110	279	259	97	59	91	166	84	116	217	80	245	130	226	402	106	434	286	187	329	269	333	149	302	119	244	364	291	87	213	|
|28	193	253	234	253	116	230	105	240	175	0	94	139	286	84	167	229	136	234	275	43	96	98	212	341	238	271	320	206	175	281	118	244	225	140	128	180	191	124	189	280	|
|83	172	225	328	245	196	293	130	298	110	94	0	169	209	77	80	191	71	147	189	127	45	189	203	247	296	187	327	184	106	241	162	230	132	198	38	242	266	217	96	285	|
|163	97	382	259	389	103	135	40	136	279	139	169	0	253	212	244	353	141	307	349	110	203	194	347	366	133	350	183	107	161	187	27	124	251	56	175	306	133	169	249	418	|
|286	166	386	498	424	342	381	237	376	259	286	209	253	0	284	201	347	151	210	230	299	247	383	387	155	374	242	290	162	112	129	270	192	113	308	172	451	386	391	172	471	|
|57	240	171	299	179	200	314	173	323	97	84	77	212	284	0	112	145	147	170	208	127	38	148	137	299	321	201	386	253	183	315	195	297	195	222	112	171	275	195	142	214	|
|149	225	188	400	223	276	372	206	376	59	167	80	244	201	112	0	149	117	67	110	205	78	254	186	187	374	108	387	235	132	272	240	283	93	277	71	279	346	291	32	270	|
|201	362	39	420	85	343	459	313	468	91	229	191	353	347	145	149	0	254	149	160	272	150	271	66	290	466	146	518	373	278	419	339	420	235	367	207	227	418	327	175	135	|
|137	109	291	354	315	205	275	109	276	166	136	71	141	151	147	117	254	0	172	212	151	116	232	273	229	274	215	270	119	39	170	145	167	111	186	47	305	263	245	113	356	|
|214	277	187	465	234	343	437	270	441	84	234	147	307	210	170	67	149	172	0	42	272	141	317	205	144	439	43	437	284	175	307	305	331	99	343	132	327	413	357	60	283	|
|255	314	195	506	245	385	480	312	483	116	275	189	349	230	208	110	160	212	42	0	314	182	356	222	132	481	15	474	321	212	337	347	367	126	385	174	358	455	398	100	295	|
|70	182	295	205	293	74	188	84	198	217	43	127	110	299	127	205	272	151	272	314	0	137	91	253	370	196	310	292	195	188	274	85	226	252	99	155	197	148	94	223	316	|
|73	216	182	324	200	210	317	164	324	80	96	45	203	247	38	78	150	116	141	182	137	0	176	158	263	323	176	369	229	150	286	191	274	157	223	77	208	284	216	106	239	|
|107	273	282	152	264	112	228	175	243	245	98	189	194	383	148	254	271	232	317	356	91	176	0	231	435	242	349	371	286	271	365	167	315	321	164	224	120	174	61	280	274	|
|186	374	55	374	42	319	439	310	450	130	212	203	347	387	137	186	66	273	205	222	253	158	231	0	348	448	208	523	386	303	442	329	431	279	352	229	167	392	291	217	85	|
|328	298	326	574	375	432	501	337	500	226	341	247	366	155	299	187	290	229	144	132	370	263	435	348	0	498	147	441	299	206	283	374	338	119	414	215	465	492	463	157	425	|
|266	208	491	219	488	133	18	169	2	402	238	296	133	374	321	374	466	274	439	481	196	323	242	448	498	0	481	180	213	292	278	134	200	384	100	307	362	75	188	381	508	|
|249	319	180	499	231	382	479	313	483	106	271	187	350	242	201	108	146	215	43	15	310	176	349	208	147	481	0	480	326	217	346	347	373	135	385	175	347	454	392	103	280	|
|343	161	551	393	565	265	197	216	181	434	320	327	183	290	386	387	518	270	437	474	292	369	371	523	441	180	480	0	153	263	163	207	107	352	208	317	487	244	334	379	598	|
|222	14	408	366	428	209	222	112	215	286	206	184	107	162	253	235	373	119	284	321	195	229	286	386	299	213	326	153	0	109	81	132	48	201	162	167	386	236	272	226	466	|
|177	103	315	389	344	237	296	135	294	187	175	106	161	112	183	132	278	39	175	212	188	150	271	303	206	292	217	263	109	0	142	171	156	95	211	74	344	289	281	118	386	|
|293	93	457	446	484	290	290	192	281	329	281	241	187	129	315	272	419	170	307	337	274	286	365	442	283	278	346	163	81	142	0	212	79	211	241	214	461	311	353	254	525	|
|144	120	366	235	370	78	132	37	136	269	118	162	27	270	195	240	339	145	305	347	85	191	167	329	374	134	347	207	132	171	212	0	151	257	40	174	280	119	142	248	398	|
|262	58	455	378	474	226	212	142	202	333	244	230	124	192	297	283	420	167	331	367	226	274	315	431	338	200	373	107	48	156	79	151	0	245	173	214	421	237	293	273	510	|
|215	196	275	456	314	313	386	220	386	149	225	132	251	113	195	93	235	111	99	126	252	157	321	279	119	384	135	352	201	95	211	257	245	0	297	97	365	374	345	62	362	|
|167	152	392	205	392	57	95	77	102	302	140	198	56	308	222	277	367	186	343	385	99	223	164	352	414	100	385	208	162	211	241	40	173	297	0	213	283	79	126	287	415	|
|120	156	244	359	270	220	306	138	309	119	128	38	175	172	112	71	207	47	132	174	155	77	224	229	215	307	175	317	167	74	214	174	214	97	213	0	280	286	248	75	313	|
|169	372	221	224	184	232	347	280	363	244	180	242	306	451	171	279	227	305	327	358	197	208	120	167	465	362	347	487	386	344	461	280	421	365	283	280	0	291	175	310	176	|
|218	227	439	150	430	75	58	155	75	364	191	266	133	386	275	346	418	263	413	455	148	284	174	392	492	75	454	244	236	289	311	119	237	374	79	286	291	0	116	359	445	|
|143	260	341	111	325	69	173	162	189	291	124	217	169	391	195	291	327	245	357	398	94	216	61	291	463	188	392	334	272	281	353	142	293	345	126	248	175	116	0	313	335	|
|173	218	214	423	252	292	381	213	384	87	189	96	249	172	142	32	175	113	60	100	223	106	280	217	157	381	103	379	226	118	254	248	273	62	287	75	310	359	313	0	300	|
|255	453	101	400	50	375	496	382	509	213	280	285	418	471	214	270	135	356	283	295	316	239	274	85	425	508	280	598	466	386	525	398	510	362	415	313	176	445	335	300	0	|

--------------------------------------------------------------------------------
Building model...
	using lazy and cut (CVRPSEP package)
Solving IRP LP...
--------------------------------------------------------------------------------

Gurobi 9.1.0 (linux64) logging started Sun Feb  7 06:15:14 2021

Gurobi Optimizer version 9.1.0 build v9.1.0rc0 (linux64)
Thread count: 32 physical cores, 32 logical processors, using up to 2 threads
Optimize a model with 1277 rows, 8273 columns and 29120 nonzeros
Model fingerprint: 0x188df95c
Variable types: 524 continuous, 7749 integer (369 binary)
Coefficient statistics:
  Matrix range     [1e+00, 1e+03]
  Objective range  [1e-01, 6e+02]
  Bounds range     [1e+00, 3e+02]
  RHS range        [1e+00, 6e+03]
Presolve removed 364 rows and 161 columns
Presolve time: 0.11s
Presolved: 913 rows, 8112 columns, 27555 nonzeros
Variable types: 322 continuous, 7790 integer (7406 binary)

Root relaxation: objective 1.227419e+04, 881 iterations, 0.02 seconds

    Nodes    |    Current Node    |     Objective Bounds      |     Work
 Expl Unexpl |  Obj  Depth IntInf | Incumbent    BestBd   Gap | It/Node Time

     0     0 12274.1946    0  130          - 12274.1946      -     -    0s
     0     0 12732.6933    0  127          - 12732.6933      -     -    0s
     0     0 12737.7917    0  132          - 12737.7917      -     -    0s
     0     0 12737.7917    0  133          - 12737.7917      -     -    0s
     0     0 13299.5543    0  196          - 13299.5543      -     -    0s
     0     0 13465.9258    0  209          - 13465.9258      -     -    0s
     0     0 13472.0651    0  169          - 13472.0651      -     -    0s
     0     0 13475.5456    0  196          - 13475.5456      -     -    0s
     0     0 13475.5457    0  204          - 13475.5457      -     -    0s
     0     0 13564.2573    0  252          - 13564.2573      -     -    1s
     0     0 13572.1329    0  242          - 13572.1329      -     -    1s
     0     0 13573.9740    0  263          - 13573.9740      -     -    1s
     0     0 13578.8450    0  274          - 13578.8450      -     -    1s
     0     0 13582.3713    0  258          - 13582.3713      -     -    1s
     0     0 13582.3713    0  241          - 13582.3713      -     -    1s
     0     0 13648.5427    0  241          - 13648.5427      -     -    1s
     0     0 13666.0395    0  195          - 13666.0395      -     -    1s
     0     0 13692.0214    0  302          - 13692.0214      -     -    1s
     0     0 13706.5650    0  309          - 13706.5650      -     -    2s
     0     0 13712.3045    0  311          - 13712.3045      -     -    2s
     0     0 13722.3843    0  304          - 13722.3843      -     -    2s
     0     0 13722.9793    0  295          - 13722.9793      -     -    2s
     0     0 13749.5717    0  315          - 13749.5717      -     -    2s
     0     0 13759.4476    0  328          - 13759.4476      -     -    2s
     0     0 13760.6515    0  315          - 13760.6515      -     -    2s
     0     0 13771.2320    0  330          - 13771.2320      -     -    2s
     0     0 13775.2977    0  361          - 13775.2977      -     -    3s
     0     0 13777.8854    0  364          - 13777.8854      -     -    3s
     0     0 13778.0903    0  303          - 13778.0903      -     -    3s
     0     0 13783.2113    0  339          - 13783.2113      -     -    3s
     0     0 13783.2113    0  322          - 13783.2113      -     -    3s
     0     2 13783.2113    0  320          - 13783.2113      -     -    4s
     9    12 13821.0207    3  322          - 13809.2949      -   416    5s
   203   220 14753.6028   67  115          - 13814.5553      -   161   10s
   609   688 17242.6327  278   49          - 13814.5553      -  90.4   15s
  1238  1273 18432.4264  725   15          - 13814.5553      -  53.6   20s
  1588  1556 17629.9855  352  137          - 13816.0652      -  47.9   25s
  1604  1567 15418.4772  102  398          - 13893.7176      -  47.4   30s
  1616  1575 18702.9950  816  399          - 13905.7418      -  47.1   35s
  1624  1580 18281.7786  417  313          - 13909.7372      -  46.8   40s
  1628  1586 13925.2596   15  405          - 13924.5530      -  57.5   47s
  1630  1587 13929.4575   16  430          - 13927.3821      -  57.8   50s
  1662  1609 14082.9288   23  326          - 13944.7438      -  66.0   55s
  1719  1654 14247.3524   38  232          - 13944.7438      -  76.1   60s
  1826  1727 14627.7661   61  189          - 13944.7438      -  81.5   65s
  2022  1898 15022.9185   85  112          - 13944.7438      -  82.2   70s
H 2052  1808                    16608.660000 13944.7438  16.0%  82.1   70s
  2163  1845 16587.4301  186   20 16608.6600 13944.7438  16.0%  80.4   75s
  2217  1888 15650.2168  124   57 16608.6600 13944.7438  16.0%  81.2   80s
  2240  1886 15765.8330  134   40 16608.6600 13944.7438  16.0%  81.4   85s
  2347  1972     cutoff  175      16608.6600 13944.7438  16.0%  82.7   90s
  2484  1994     cutoff  237      16608.6600 13945.6332  16.0%  81.1   95s
  2574  1982 14091.1223   21  387 16608.6600 13945.6332  16.0%  81.2  100s
  2629  2038 14209.6900   28  263 16608.6600 13945.6332  16.0%  84.8  105s
  2695  2063 14297.1694   35  357 16608.6600 13945.6332  16.0%  86.9  114s
  2705  2062 14321.2174   35  427 16608.6600 13945.6332  16.0%  87.5  121s
  2760  2142 14370.7407   43  255 16608.6600 13945.6332  16.0%  89.0  125s
  2909  2276 14594.4935   67  152 16608.6600 13945.6332  16.0%  89.8  131s
  3074  2425 14872.9314  104  112 16608.6600 13945.6332  16.0%  88.8  136s
  3263  2454 15143.0440  148  116 16608.6600 13945.6332  16.0%  87.0  141s
  3364  2525 15935.9534  191   42 16608.6600 13945.6332  16.0%  88.5  145s
  3577  2620 16565.7224  256   31 16608.6600 13967.1445  15.9%  88.1  152s
  3699  2757 14468.3557   27  394 16608.6600 13967.1445  15.9%  88.6  157s
* 3719  1634              99    15079.460000 13967.1445  7.38%  88.9  157s
  3809  1528 14705.5258   42  194 15079.4600 13977.3991  7.31%  87.6  160s
  3875  1552 14341.1925   29  343 15079.4600 13977.4286  7.31%  89.4  166s
  3969  1616 14940.9760   71  102 15079.4600 13979.1272  7.30%  90.7  172s
  4033  1639 14308.4662   28  380 15079.4600 13979.7249  7.29%  92.4  177s
  4094  1687 14792.1453   74  146 15079.4600 13979.7249  7.29%  93.5  180s
  4212  1728 14070.7026   22  509 15079.4600 13981.9080  7.28%  93.5  186s
  4268  1806 14484.5667   47  263 15079.4600 13981.9080  7.28%  95.6  191s
  4379  1804 15029.4786  104  108 15079.4600 13981.9237  7.28%  95.2  195s
  4432  1853 14528.3046   35  342 15079.4600 13981.9237  7.28%  97.4  201s
  4506  1894 14327.1281   22  390 15079.4600 13986.3426  7.25%   100  207s
  4549  1899 14790.0020   34  268 15079.4600 13987.0365  7.24%   101  211s
  4586  1915 14143.6963   20  349 15079.4600 13988.1067  7.24%   102  215s
  4675  2009 15019.7712   95  121 15079.4600 13988.1067  7.24%   103  220s
  4759  2037 14261.2350   18  398 15079.4600 13994.6193  7.19%   104  227s
  4813  2195 14576.0795   26  245 15079.4600 13994.6777  7.19%   105  233s
  5015  2168 14122.7111   23  394 15079.4600 13996.0158  7.18%   103  238s
  5052  2271 14229.3051   27  387 15079.4600 13996.0158  7.18%   104  243s
  5167  2337 14303.4262   29  369 15079.4600 13996.0158  7.18%   103  248s
  5296  2338 14458.5454   35  217 15079.4600 13996.0158  7.18%   103  253s
  5340  2508 14623.5683   52  169 15079.4600 13996.0158  7.18%   104  258s
  5524  2464 15060.7430  146   92 15079.4600 13997.8008  7.17%   103  264s
  5571  2518 14345.4287   33  343 15079.4600 14008.2899  7.10%   104  270s
  5657  2506 14088.8493   23  524 15079.4600 14008.2899  7.10%   105  275s
  5680  2580 14392.9809   35  341 15079.4600 14009.0676  7.10%   106  280s
  5789  2591 14200.6987   24  479 15079.4600 14015.0351  7.06%   107  286s
  5844  2645 14579.2020   44  332 15079.4600 14017.7258  7.04%   108  292s
  5926  2681 14235.5446   27  460 15079.4600 14017.7258  7.04%   109  298s
  5994  2824 14732.1299   50  139 15079.4600 14023.0063  7.01%   111  304s
  6034  2824 14984.6012   90   84 15079.4600 14023.0063  7.01%   111  305s
  6146  3001 14229.1126   26  333 15079.4600 14023.0063  7.01%   111  312s
  6343  3100 14840.0578   79  120 15079.4600 14025.3924  6.99%   110  318s
  6465  3316 14716.0367   52  222 15079.4600 14025.9971  6.99%   111  326s
  6699  3380 14522.4477   27  257 15079.4600 14034.2947  6.93%   109  334s
  6763  3525 14699.1600   48   65 15079.4600 14038.3888  6.90%   111  344s
  6966  3618 14385.4640   28  405 15079.4600 14038.4945  6.90%   112  352s
  7153  3684 14346.5743   34  336 15079.4600 14039.5255  6.90%   112  359s
  7300  3745 14656.8793   34  180 15079.4600 14041.1309  6.89%   112  368s
  7384  3900 14658.9533   40  215 15079.4600 14042.7178  6.88%   115  378s
  7569  4010 14365.8726   29  413 15079.4600 14044.9773  6.86%   115  389s
  7675  4010 14849.5894   74  203 15079.4600 14050.1214  6.83%   116  390s
  7699  4053 14314.6731   19  393 15079.4600 14050.1214  6.83%   116  398s
  7751  4118 14808.1569   44  112 15079.4600 14051.7914  6.82%   118  408s
  7832  4169 14408.1783   30  327 15079.4600 14051.8819  6.81%   119  419s
  7907  4239 14810.2647   40  294 15079.4600 14058.6228  6.77%   121  429s
  8004  4280 14307.2024   30  376 15079.4600 14063.9019  6.73%   123  438s
  8045  4301 14809.9686   38  322 15079.4600 14063.9019  6.73%   125  449s
H 8052  3849                    14984.860000 14063.9019  6.15%   125  449s
  8066  3949 14738.8985   45  217 14984.8600 14064.0500  6.14%   126  460s
  8210  4102 14329.9168   30  338 14984.8600 14066.8958  6.13%   127  471s
  8370  4180 14941.7238   63   47 14984.8600 14068.6597  6.11%   129  483s
  8522  4277 infeasible   69      14984.8600 14070.7678  6.10%   129  495s
  8636  4335 14240.0877   29  518 14984.8600 14072.4734  6.09%   131  506s
  8730  4403 14437.8980   33  369 14984.8600 14073.7956  6.08%   133  517s
  8816  4545 14738.6385   41  256 14984.8600 14074.6748  6.07%   135  529s
  8864  4545 14975.9106   63   25 14984.8600 14074.6748  6.07%   135  530s
  9005  4719 14710.3215   51   69 14984.8600 14078.2680  6.05%   135  542s
H 9212  4619                    14972.540000 14079.8289  5.96%   134  543s
  9236  4701     cutoff  115      14972.5400 14081.3634  5.95%   135  555s
  9343  4801 14348.3141   30  388 14972.5400 14082.9451  5.94%   136  567s
  9451  4961 14677.2223   54   20 14972.5400 14083.2806  5.94%   137  581s
  9800  4986     cutoff  153      14972.5400 14088.1903  5.91%   136  594s
H 9802  4475                    14906.540000 14088.1903  5.49%   136  594s
  9826  4562 14600.1298   45  175 14906.5400 14088.5260  5.49%   137  606s
  9951  4650 14706.0045   30  366 14906.5400 14090.9039  5.47%   137  620s
 10069  4809 14179.9783   20  422 14906.5400 14091.5040  5.47%   139  632s
 10114  4809 14707.2468   46   40 14906.5400 14091.5040  5.47%   139  650s
 10236  4893 14743.9822   52   47 14906.5400 14092.3404  5.46%   140  662s
 10369  5034 14489.0676   33  373 14906.5400 14094.1102  5.45%   141  675s
 10543  5129     cutoff  129      14906.5400 14094.9521  5.44%   142  688s
 10652  5278 14487.5649   34  191 14906.5400 14095.9139  5.44%   143  700s
 10850  5633 14572.5418   61   97 14906.5400 14098.9029  5.42%   144  715s
 11288  5702 14852.6989   62  235 14906.5400 14103.0625  5.39%   141  728s
 11381  5817 14612.5767   35  142 14906.5400 14106.2856  5.37%   143  740s
 11548  5932 14511.4892   30  284 14906.5400 14108.4541  5.35%   144  753s
 11698  6108 14301.6550   29  373 14906.5400 14110.9420  5.34%   145  766s
 11941  6153     cutoff   84      14906.5400 14114.9053  5.31%   144  782s
 11982  6288 14660.8141   55  210 14906.5400 14114.9508  5.31%   145  806s
 12146  6385 14712.1496   41  230 14906.5400 14115.2594  5.31%   146  819s
 12200  6385 infeasible   44      14906.5400 14115.2594  5.31%   147  820s
 12328  6487 14481.8238   36  204 14906.5400 14118.2159  5.29%   147  833s
 12463  6595 14326.6729   29  342 14906.5400 14120.9851  5.27%   148  846s
 12601  6698 14676.8716   38  248 14906.5400 14123.3226  5.25%   149  858s
 12748  6759 14220.5823   22  415 14906.5400 14124.1339  5.25%   149  871s
 12809  6858 14774.3279   39  134 14906.5400 14124.1692  5.25%   151  884s
 12849  6858 14505.0103   40  168 14906.5400 14124.1692  5.25%   152  885s
 12970  6936 14404.1868   29  310 14906.5400 14129.0322  5.22%   152  897s
 13111  7048 14522.0561   39  394 14906.5400 14130.3651  5.21%   153  910s
 13266  7170 infeasible   73      14906.5400 14132.3749  5.19%   154  923s
 13427  7276 14435.0734   40  316 14906.5400 14135.1251  5.18%   155  937s
 13571  7405 14863.8178   74  200 14906.5400 14135.8588  5.17%   155  951s
 13751  7511 14487.9626   41  333 14906.5400 14137.2585  5.16%   156  966s
 13893  7674 14491.3032   33  215 14906.5400 14139.0290  5.15%   157  979s
 13962  7674 14274.7378   28  404 14906.5400 14139.0290  5.15%   156  980s
H14095  7021                    14845.460000 14139.3696  4.76%   157  993s
 14213  7204 14528.1733   34  332 14845.4600 14142.3225  4.74%   158 1007s
 14429  7315 14501.4686   40  269 14845.4600 14144.0066  4.73%   157 1021s
 14590  7359     cutoff   38      14845.4600 14144.9832  4.72%   158 1035s
 14648  7438 14775.6553   57  266 14845.4600 14145.0485  4.72%   159 1048s
 14765  7523 14687.0880   44  334 14845.4600 14146.2491  4.71%   160 1062s
 14894  7586 14405.0329   27  398 14845.4600 14147.7805  4.70%   161 1076s
 14983  7690 14511.9542   31  262 14845.4600 14147.9779  4.70%   162 1090s
 15127  7758 infeasible   67      14845.4600 14149.6851  4.69%   163 1105s
 15227  7837 14465.7075   30  390 14845.4600 14150.1726  4.68%   164 1118s
 15350  7855 14467.0929   25  342 14845.4600 14152.4691  4.67%   165 1132s
H15351  7611                    14829.460000 14152.4691  4.57%   165 1132s
 15382  7709 14469.7177   26  302 14829.4600 14153.9825  4.55%   165 1146s
 15538  7904 14342.5768   36  324 14829.4600 14154.7789  4.55%   166 1162s
 15779  8036 14807.2222   44  117 14829.4600 14156.4075  4.54%   166 1178s
 15957  8179 14229.1416   26  416 14829.4600 14158.8358  4.52%   167 1194s
 16124  8364 14510.6171   48   75 14829.4600 14158.8747  4.52%   167 1209s
 16358  8434 14690.7963   38  262 14829.4600 14160.3046  4.51%   167 1224s
 16390  8434 14812.7573   42  157 14829.4600 14160.3046  4.51%   168 1225s
 16484  8627 14294.2267   28  400 14829.4600 14161.7554  4.50%   168 1240s
 16715  8639 14451.0917   34  378 14829.4600 14162.5950  4.50%   169 1335s
 16727  8738 14531.9471   38  343 14829.4600 14162.9044  4.49%   169 1351s
 16890  8789 14333.0887   33  382 14829.4600 14162.9206  4.49%   170 1372s
 16962  8923 14807.0891   47  229 14829.4600 14163.2262  4.49%   170 1387s
 17175  9044 14343.2436   33  406 14829.4600 14163.6589  4.49%   171 1403s
 17341  9137     cutoff   60      14829.4600 14164.2761  4.49%   171 1419s
 17492  9204 14423.9687   27  390 14829.4600 14166.6819  4.47%   172 1435s
 17610  9346 14398.2283   39  396 14829.4600 14167.0901  4.47%   173 1451s
 17809  9423 14225.8838   25  443 14829.4600 14167.6637  4.46%   174 1467s
 17896  9508 14778.8130   39  184 14829.4600 14169.6379  4.45%   175 1484s
 18043  9609 14816.3375   49  180 14829.4600 14170.4824  4.44%   176 1500s
 18198  9733 14637.8770   36  306 14829.4600 14171.6041  4.44%   177 1517s
 18386  9861 14749.3375   55  183 14829.4600 14172.2605  4.43%   177 1534s
 18431  9861 14423.5783   40  286 14829.4600 14172.2605  4.43%   177 1535s
 18586  9948 14548.4224   37  293 14829.4600 14174.5137  4.42%   178 1552s
 18760 10140 14318.0164   19  325 14829.4600 14175.7443  4.41%   178 1570s
 18994 10275     cutoff   50      14829.4600 14176.5093  4.40%   179 1587s
 19235 10328 14247.4036   29  385 14829.4600 14177.6401  4.40%   179 1605s
 19318 10459 14486.4729   34  152 14829.4600 14179.1934  4.38%   179 1621s
 19506 10715 14271.1265   26  325 14829.4600 14181.2078  4.37%   180 1639s
 19585 10715 14581.1819   56  120 14829.4600 14181.2078  4.37%   180 1640s
 19796 10825 14804.1319   43   35 14829.4600 14181.7873  4.37%   180 1656s
 19972 10947 14547.9273   44  254 14829.4600 14183.3288  4.36%   180 1672s
 20180 11037 14431.4984   25  369 14829.4600 14184.8721  4.35%   181 1688s
 20325 11189 14723.4485   40  195 14829.4600 14185.6997  4.34%   181 1706s
 20538 11297 14541.3353   35  309 14829.4600 14186.1324  4.34%   182 1723s
 20699 11342     cutoff   37      14829.4600 14186.9713  4.33%   182 1740s
 20774 11468 14673.6812   34  266 14829.4600 14187.5484  4.33%   183 1755s
 20958 11535 14394.6887   31  499 14829.4600 14188.5006  4.32%   184 1773s
 21094 11648 14455.8536   26  347 14829.4600 14189.4618  4.32%   184 1789s
 21148 11648 14760.9049   50   56 14829.4600 14189.4618  4.32%   185 1790s
 21255 11745 14547.3754   27  169 14829.4600 14189.6612  4.31%   185 1806s
 21420 11858 14668.6119   30  150 14829.4600 14190.7110  4.31%   186 1824s
 21441 11858 14726.6490   41   78 14829.4600 14190.7110  4.31%   186 1825s
 21666 11973 14444.8088   35  355 14829.4600 14191.3673  4.30%   186 1843s
 21868 12072 14506.8515   31  181 14829.4600 14192.0355  4.30%   186 1860s
 22039 12208 14382.4632   30  364 14829.4600 14193.2933  4.29%   187 1877s
 22217 12324 14559.1487   39  246 14829.4600 14194.1396  4.28%   187 1894s
 22390 12481 14612.9517   26  259 14829.4600 14195.2087  4.28%   188 1910s
 22605 12664 14251.9136   33  380 14829.4600 14196.6435  4.27%   188 1927s
 22847 12763 14801.2026   34  197 14829.4600 14197.7261  4.26%   188 1945s
 23027 12931 14501.8451   32  209 14829.4600 14198.4358  4.26%   189 1962s
 23240 13061 14539.8073   29  437 14829.4600 14198.7854  4.25%   189 1980s
 23414 13122     cutoff   68      14829.4600 14199.0297  4.25%   190 1998s
 23524 13258 14386.2255   23  286 14829.4600 14199.9863  4.24%   191 2015s
 23737 13379     cutoff   68      14829.4600 14200.3866  4.24%   191 2033s
 23872 13379 14744.7333   59  189 14829.4600 14201.2565  4.24%   191 2035s
 23904 13473 14462.2129   26  402 14829.4600 14201.4212  4.24%   192 2052s
 24068 13581 14340.6189   26  335 14829.4600 14202.1828  4.23%   192 2070s
 24230 13679 14421.6916   34  416 14829.4600 14202.5502  4.23%   193 2088s
 24376 13771 14721.8187   39  126 14829.4600 14202.9583  4.22%   194 2105s
 24535 13938 14386.2675   38  379 14829.4600 14203.2519  4.22%   194 2123s
 24741 14042 14740.7591   45  377 14829.4600 14204.8060  4.21%   194 2140s
 24932 14178 14383.9675   24  415 14829.4600 14205.5211  4.21%   194 2157s
 25126 14283 14311.2863   33  499 14829.4600 14205.6634  4.21%   195 2176s
 25317 14383 14653.8725   29  189 14829.4600 14206.6506  4.20%   195 2192s
 25516 14459 14486.6351   32  374 14829.4600 14207.9410  4.19%   195 2209s
 25660 14582 14662.2304   44  399 14829.4600 14209.6276  4.18%   196 2226s
 25861 14703 14519.0798   26  287 14829.4600 14210.5681  4.17%   196 2244s
 25901 14704 14820.2454   46   62 14829.4600 14210.5681  4.17%   196 2245s
 26092 14822     cutoff   83      14829.4600 14210.7174  4.17%   197 2262s
 26264 14960 14819.6529   42  235 14829.4600 14211.6571  4.17%   197 2280s
 26477 15096 14493.5029   24  325 14829.4600 14212.3678  4.16%   197 2297s
 26675 15168     cutoff   47      14829.4600 14212.6718  4.16%   198 2315s
 26837 15323 14520.4038   30  411 14829.4600 14213.1008  4.16%   198 2333s
 27064 15413 14492.8643   37  273 14829.4600 14213.8177  4.15%   198 2350s
 27210 15522 14578.9557   31  399 14829.4600 14214.1796  4.15%   199 2368s
 27385 15646 14305.1417   30  397 14829.4600 14214.9975  4.14%   200 2385s
 27559 15759 14630.2873   27  171 14829.4600 14215.6585  4.14%   200 2403s
 27748 15877 14717.4354   38  229 14829.4600 14216.1941  4.14%   200 2420s
 27945 15890 14283.1913   35  353 14829.4600 14217.0578  4.13%   201 2442s
H27947 15747                    14821.420000 14217.0578  4.08%   201 2442s
H27948 15128                    14799.460000 14217.0578  3.94%   201 2442s
 27958 15284 14366.2977   38  287 14799.4600 14217.1076  3.93%   201 2460s
 28176 15429 14633.4905   40  296 14799.4600 14217.5094  3.93%   201 2480s
 28389 15659 14298.8303   32  392 14799.4600 14218.0118  3.93%   201 2498s
 28591 15659 14475.1299   32  336 14799.4600 14218.0118  3.93%   200 2500s
 28686 15808 14682.2400   36  229 14799.4600 14218.7075  3.92%   201 2517s
 28943 15921     cutoff   48      14799.4600 14219.5709  3.92%   201 2534s
 28988 15921 14658.9068   45  101 14799.4600 14219.5709  3.92%   201 2535s
 29113 16020 14729.3469   57  283 14799.4600 14220.4569  3.91%   201 2552s
 29279 16225 14370.4198   33  366 14799.4600 14221.3424  3.91%   201 2571s
 29580 16386 14275.0823   27  399 14799.4600 14221.7672  3.90%   201 2590s
 29787 16552 14697.0107   42  230 14799.4600 14222.1430  3.90%   201 2608s
 29997 16552 14685.5235   50  182 14799.4600 14222.7598  3.90%   201 2610s
 30028 16753 14435.9244   30  333 14799.4600 14222.8257  3.90%   201 2627s
 30298 16898 14645.3328   66   96 14799.4600 14223.0659  3.89%   201 2646s
 30578 16976 14312.6646   32  360 14799.4600 14224.0904  3.89%   201 2664s
 30791 17179 14651.8092   34   11 14799.4600 14224.6498  3.88%   201 2681s
 31065 17299 14615.6815   48   82 14799.4600 14225.1334  3.88%   201 2699s
H31177 17298                    14799.420000 14226.1493  3.87%   201 2699s
 31240 17298 14529.6970   40  233 14799.4200 14226.1493  3.87%   201 2700s
 31283 17436 14373.1663   35  315 14799.4200 14226.3500  3.87%   201 2716s
 31471 17539 14561.8647   32  326 14799.4200 14226.8746  3.87%   201 2734s
 31551 17539 14763.4541   45   47 14799.4200 14226.8746  3.87%   202 2735s
 31651 17647 14791.7345   50  113 14799.4200 14227.4922  3.86%   202 2751s
 31841 17812     cutoff   44      14799.4200 14228.5448  3.86%   202 2770s
 32163 17985 14452.1576   27  208 14799.4200 14229.2362  3.85%   202 2789s
 32233 17985 14386.9029   23  197 14799.4200 14229.4813  3.85%   202 2790s
 32415 18166 14500.8868   26  363 14799.4200 14229.6132  3.85%   202 2807s
 32643 18231 14746.6624   54  135 14799.4200 14230.0562  3.85%   202 2824s
 32771 18435 14653.6426   43  293 14799.4200 14230.9544  3.84%   202 2842s
 33048 18789 14427.6245   37  216 14799.4200 14231.8909  3.83%   202 2862s
 33471 18789 14759.6634   36  173 14799.4200 14232.2256  3.83%   201 2865s
 33492 18905 14629.8433   32  339 14799.4200 14232.6993  3.83%   201 2880s
 33664 19045 14699.7259   34  222 14799.4200 14233.1323  3.83%   201 2898s
 33990 19156 14453.5265   34  344 14799.4200 14234.5460  3.82%   201 2915s
 34164 19330 14455.8836   35  110 14799.4200 14235.0040  3.81%   201 2933s
 34310 19330 14793.2834   52  140 14799.4200 14235.0040  3.81%   201 2935s
 34389 19432 14565.3885   37  243 14799.4200 14235.7744  3.81%   201 2952s
 34585 19518 14786.3721   34  202 14799.4200 14236.2786  3.81%   201 2969s
 34633 19518 14787.6283   53   88 14799.4200 14236.2786  3.81%   201 2970s
 34747 19733 14357.4347   25  334 14799.4200 14237.4105  3.80%   201 2987s
 35025 19855 14795.5357   40  133 14799.4200 14237.9883  3.79%   201 3005s
 35218 19991 14480.3689   32  466 14799.4200 14238.6813  3.79%   201 3023s
 35455 20171 14324.8331   23  339 14799.4200 14238.9210  3.79%   201 3043s
 35707 20296 14651.9394   57   71 14799.4200 14239.0848  3.79%   201 3062s
 36053 20443 14771.9293   34  212 14799.4200 14239.4189  3.78%   201 3079s
 36130 20443 14550.1874   42  107 14799.4200 14239.4189  3.78%   201 3080s
 36290 20529 14424.5802   28  225 14799.4200 14240.0866  3.78%   201 3097s
H36354 20222                    14791.420000 14240.0866  3.73%   201 3097s
 36423 20378     cutoff   43      14791.4200 14240.8248  3.72%   201 3113s
 36667 20489 14599.2695   32  381 14791.4200 14241.2601  3.72%   201 3131s
 36852 20635 14466.5272   35  306 14791.4200 14242.3941  3.71%   202 3149s
 36902 20635 14391.8483   33  361 14791.4200 14242.3941  3.71%   202 3150s
 37075 20671 14313.4051   25  451 14791.4200 14242.9272  3.71%   202 3168s
H37084 19767                    14769.320000 14242.9272  3.56%   202 3168s
 37129 19802     cutoff   45      14769.3200 14243.0552  3.56%   202 3183s
 37267 19983 14698.8011   32  329 14769.3200 14243.4172  3.56%   202 3201s
 37510 20044 14426.3936   30  463 14769.3200 14243.7994  3.56%   202 3218s
H37564 17710                    14727.579997 14243.7994  3.28%   203 3218s
 37637 17894 14403.1930   32  274 14727.5800 14244.6965  3.28%   203 3237s
 37976 18003 14490.4229   28  322 14727.5800 14244.9270  3.28%   202 3254s
 38155 18131 14677.1686   41  111 14727.5800 14246.0822  3.27%   203 3271s
 38366 18212 14545.2386   32  412 14727.5800 14247.0397  3.26%   203 3289s
 38447 18212 14695.6958   30  199 14727.5800 14247.0397  3.26%   203 3290s
 38560 18294     cutoff   39      14727.5800 14247.5151  3.26%   203 3306s
 38741 18453 14448.1236   36  420 14727.5800 14247.8444  3.26%   203 3323s
 38967 18552 14450.7479   32  181 14727.5800 14248.5216  3.25%   203 3342s
 39158 18639     cutoff   40      14727.5800 14249.0993  3.25%   204 3359s
 39313 18717 14493.0492   32  441 14727.5800 14250.0137  3.24%   204 3377s
 39495 18797 14400.1003   30  242 14727.5800 14250.4908  3.24%   204 3394s
 39563 18797 14659.8707   34  236 14727.5800 14250.4908  3.24%   205 3395s
 39728 18912 14344.1912   35  365 14727.5800 14250.8254  3.24%   204 3413s
 39900 19048 14573.5709   40   94 14727.5800 14251.5225  3.23%   205 3431s
 40133 19144     cutoff   65      14727.5800 14251.9239  3.23%   205 3448s
 40320 19242     cutoff   37      14727.5800 14252.8074  3.22%   205 3466s
 40472 19307     cutoff   35      14727.5800 14253.3030  3.22%   206 3484s
 40617 19388 14693.3491   42  225 14727.5800 14254.0037  3.22%   206 3501s
 40790 19567     cutoff   40      14727.5800 14254.3811  3.21%   206 3518s
 41032 19696 14662.8360   34  428 14727.5800 14255.1972  3.21%   206 3537s
 41236 19863 14624.3220   34  141 14727.5800 14255.9254  3.20%   206 3555s
 41491 19996 14430.8499   34  324 14727.5800 14256.2827  3.20%   206 3573s
 41707 20052 14719.5684   35  262 14727.5800 14256.4664  3.20%   206 3590s
 41843 20068 14672.2477   39  240 14727.5800 14257.1975  3.19%   207 3600s
H41867 20068                    14727.579975 14257.1975  3.19%   207 3600s

Cutting planes:
  User: 3955
  Gomory: 25
  Cover: 344
  Implied bound: 167
  Projected implied bound: 8
  Clique: 61
  MIR: 122
  StrongCG: 7
  Flow cover: 320
  GUB cover: 5
  Zero half: 129
  Network: 1
  RLT: 231
  Relax-and-lift: 7
  Lazy constraints: 1674

Explored 41901 nodes (8687299 simplex iterations) in 3600.39 seconds
Thread count was 2 (of 32 available processors)

Solution count 10: 14727.6 14769.3 14791.4 ... 14972.5

Time limit reached
Best objective 1.472757997525e+04, best bound 1.425767636955e+04, gap 3.1906%

User-callback calls 255449, time in user-callback 212.73 sec
================================================================================
executing instance: ./input/Instances/Original/2/absH3high_4n10.dat
--------------------------------------------------------------------------------
Instance details
n	11
H	3
C	822
Li:
[0, 0, 0, 0, 0, 0, 0, 0, 0, 0, 0, ]
Ui:
[0, 102, 52, 88, 182, 153, 138, 38, 165, 297, 86, ]
Distance matrix:
|0	285	411	382	327	239	148	256	307	36	383	|
|285	0	352	98	249	103	227	235	120	268	209	|
|411	352	0	395	106	430	263	549	234	429	174	|
|382	98	395	0	302	173	320	288	168	364	227	|
|327	249	106	302	0	324	179	444	135	339	109	|
|239	103	430	173	324	0	241	132	212	212	305	|
|148	227	263	320	179	241	0	325	192	165	249	|
|256	235	549	288	444	132	325	0	342	220	436	|
|307	120	234	168	135	212	192	342	0	304	94	|
|36	268	429	364	339	212	165	220	304	0	386	|
|383	209	174	227	109	305	249	436	94	386	0	|

--------------------------------------------------------------------------------
Building model...
	using lazy and cut (CVRPSEP package)
Solving IRP LP...
--------------------------------------------------------------------------------

Gurobi 9.1.0 (linux64) logging started Sun Feb  7 07:15:15 2021

Gurobi Optimizer version 9.1.0 build v9.1.0rc0 (linux64)
Thread count: 32 physical cores, 32 logical processors, using up to 2 threads
Optimize a model with 347 rows, 728 columns and 2810 nonzeros
Model fingerprint: 0x129e5f15
Variable types: 134 continuous, 594 integer (99 binary)
Coefficient statistics:
  Matrix range     [1e+00, 5e+02]
  Objective range  [2e-01, 5e+02]
  Bounds range     [1e+00, 3e+02]
  RHS range        [1e+00, 1e+03]
Presolve removed 94 rows and 41 columns
Presolve time: 0.03s
Presolved: 253 rows, 687 columns, 2464 nonzeros
Variable types: 82 continuous, 605 integer (511 binary)

Root relaxation: objective 3.885185e+03, 319 iterations, 0.01 seconds

    Nodes    |    Current Node    |     Objective Bounds      |     Work
 Expl Unexpl |  Obj  Depth IntInf | Incumbent    BestBd   Gap | It/Node Time

     0     0 3885.18490    0   65          - 3885.18490      -     -    0s
     0     0 4112.63893    0   52          - 4112.63893      -     -    0s
     0     0 4116.58034    0   58          - 4116.58034      -     -    0s
     0     0 4306.28471    0  108          - 4306.28471      -     -    0s
     0     0 4334.26763    0   96          - 4334.26763      -     -    0s
     0     0 4334.40237    0   96          - 4334.40237      -     -    0s
     0     0 4338.97075    0   65          - 4338.97075      -     -    0s
     0     0 4343.31000    0   68          - 4343.31000      -     -    0s
     0     0 4360.77771    0   75          - 4360.77771      -     -    0s
     0     0 4430.91752    0  126          - 4430.91752      -     -    0s
     0     0 4435.81637    0   76          - 4435.81637      -     -    0s
     0     0 4435.81637    0   84          - 4435.81637      -     -    0s
     0     0 4447.33247    0   93          - 4447.33247      -     -    0s
     0     0 4447.36786    0   97          - 4447.36786      -     -    0s
     0     0 4452.22229    0   66          - 4452.22229      -     -    0s
     0     0 4452.22229    0   64          - 4452.22229      -     -    0s
     0     0 4453.51844    0   59          - 4453.51844      -     -    0s
     0     0 4453.75407    0   69          - 4453.75407      -     -    0s
     0     0 4454.22197    0   78          - 4454.22197      -     -    0s
     0     0 4454.22197    0   78          - 4454.22197      -     -    0s
     0     2 4480.03825    0   78          - 4480.03825      -     -    0s
*  138   121              46    6655.9200000 4530.83050  31.9%  32.5    0s
H  156   119                    6526.9200000 4530.83050  30.6%  32.6    0s
H  186   148                    6490.2200000 4530.83050  30.2%  35.5    0s
