




arguments: ./build/bc_mirp -f ./input/orig_exec_259.cfg
Current dir: /scratch/gui/bc_mirp
File verbosity level: 9
date       time         ( uptime  ) [ thread name/id ]                   file:line     v| 
2021-02-16 15:03:12.113 (   0.537s) [main thread     ]             loguru.cpp:789   INFO| Logging to './output/vi_vc+cos/OU/V3/Original/execution_16_02_2021_15_03_12.log', mode: 'a', verbosity: 9
--------------------------------------------------------------------------------
Parameters
                           instance_path           ./input/Instances/Original/6/
                            model_policy                                       1
                             nb_vehicles                                       3
                              output_dir      ./output/vi_vc+cos/OU/V3/Original/
                            sec_strategy                                       1
                       solver_nb_threads                                       2
                         solver_show_log                                    true
                       solver_time_limit                                    3600
                              use_vi_cos                                    true
                              use_vi_cus                                   false
                         use_vi_hc1_full                                   false
                         use_vi_hc1_half                                   false
                      use_vi_hc1_quarter                                   false
                              use_vi_hc2                                   false
                              use_vi_hc3                                   false
                         use_vi_lex_full                                   false
                         use_vi_lex_half                                   false
                      use_vi_lex_quarter                                   false
                              use_vi_qua                                   false
                               use_vi_vc                                    true
                               use_vi_vr                                   false
--------------------------------------------------------------------------------
executing instance: ./input/Instances/Original/6/absH6high_1n25.dat
--------------------------------------------------------------------------------
Instance details
n	26
H	6
C	1711
Li:
[0, 0, 0, 0, 0, 0, 0, 0, 0, 0, 0, 0, 0, 0, 0, 0, 0, 0, 0, 0, 0, 0, 0, 0, 0, 0, ]
Ui:
[0, 168, 176, 34, 66, 36, 177, 106, 118, 182, 64, 141, 189, 63, 46, 111, 182, 231, 36, 66, 68, 54, 132, 90, 246, 75, ]
Distance matrix:
|0	191	200	231	334	329	146	196	208	245	218	164	283	394	151	358	156	196	309	253	201	260	127	138	130	104	|
|191	0	226	229	278	146	328	216	390	417	327	293	195	334	106	296	171	122	472	151	12	411	280	53	190	130	|
|200	226	0	38	149	359	321	10	276	274	418	364	139	204	121	173	321	115	303	141	225	236	155	202	311	256	|
|231	229	38	0	110	352	358	37	314	310	448	395	108	167	129	135	342	109	336	120	226	268	194	213	335	277	|
|334	278	149	110	0	367	467	147	422	413	546	495	86	61	203	25	423	163	429	129	271	363	303	282	424	361	|
|329	146	359	352	367	0	453	349	533	562	411	393	282	411	245	378	250	244	617	245	141	556	426	195	284	243	|
|146	328	321	358	467	453	0	321	162	215	160	112	425	524	297	491	223	341	284	397	339	266	186	276	184	210	|
|196	216	10	37	147	349	321	0	281	281	414	360	132	203	112	171	315	105	311	132	216	244	159	193	305	249	|
|208	390	276	314	422	533	162	281	0	54	321	271	410	471	316	445	348	348	123	398	398	115	125	338	313	309	|
|245	417	274	310	413	562	215	281	54	0	375	323	413	457	334	435	393	361	70	406	424	69	139	367	359	349	|
|218	327	418	448	546	411	160	414	321	375	0	57	484	606	347	569	163	393	444	446	339	421	318	288	137	199	|
|164	293	364	395	495	393	112	360	271	323	57	0	437	556	300	519	144	346	393	401	305	367	261	249	109	163	|
|283	195	139	108	86	282	425	132	410	413	484	437	0	139	137	101	349	91	443	44	187	375	286	206	355	291	|
|394	334	204	167	61	411	524	203	471	457	606	556	139	0	264	38	483	222	467	183	326	403	356	341	484	421	|
|151	106	121	129	203	245	297	112	316	334	347	300	137	264	0	225	220	46	381	102	106	316	195	84	221	158	|
|358	296	173	135	25	378	491	171	445	435	569	519	101	38	225	0	444	184	450	145	288	384	328	303	446	383	|
|156	171	321	342	423	250	223	315	348	393	163	144	349	483	220	444	0	261	460	308	183	415	284	143	39	65	|
|196	122	115	109	163	244	341	105	348	361	393	346	91	222	46	184	261	0	402	56	118	336	224	119	264	200	|
|309	472	303	336	429	617	284	311	123	70	444	393	443	467	381	450	460	402	0	442	477	68	192	424	426	413	|
|253	151	141	120	129	245	397	132	398	406	446	401	44	183	102	145	308	56	442	0	143	375	273	164	315	251	|
|201	12	225	226	271	141	339	216	398	424	339	305	187	326	106	288	183	118	477	143	0	416	286	63	202	142	|
|260	411	236	268	363	556	266	244	115	69	421	367	375	403	316	384	415	336	68	375	416	0	135	365	384	363	|
|127	280	155	194	303	426	186	159	125	139	318	261	286	356	195	328	284	224	192	273	286	135	0	232	256	229	|
|138	53	202	213	282	195	276	193	338	367	288	249	206	341	84	303	143	119	424	164	63	365	232	0	153	89	|
|130	190	311	335	424	284	184	305	313	359	137	109	355	484	221	446	39	264	426	315	202	384	256	153	0	64	|
|104	130	256	277	361	243	210	249	309	349	199	163	291	421	158	383	65	200	413	251	142	363	229	89	64	0	|

--------------------------------------------------------------------------------
Building model...
	using lazy and cut (CVRPSEP package)
Solving IRP LP...
--------------------------------------------------------------------------------

Gurobi 9.1.0 (linux64) logging started Tue Feb 16 15:03:12 2021

Gurobi Optimizer version 9.1.0 build v9.1.0rc0 (linux64)
Thread count: 32 physical cores, 32 logical processors, using up to 2 threads
Optimize a model with 1598 rows, 6950 columns and 25154 nonzeros
Model fingerprint: 0x430ee761
Variable types: 632 continuous, 6318 integer (468 binary)
Coefficient statistics:
  Matrix range     [1e+00, 6e+02]
  Objective range  [1e-01, 6e+02]
  Bounds range     [1e+00, 2e+02]
  RHS range        [1e+00, 3e+03]
Presolve removed 307 rows and 101 columns
Presolve time: 0.10s
Presolved: 1291 rows, 6849 columns, 23882 nonzeros
Variable types: 505 continuous, 6344 integer (5879 binary)

Root relaxation: objective 1.362403e+04, 1440 iterations, 0.04 seconds

    Nodes    |    Current Node    |     Objective Bounds      |     Work
 Expl Unexpl |  Obj  Depth IntInf | Incumbent    BestBd   Gap | It/Node Time

     0     0 13624.0297    0  234          - 13624.0297      -     -    0s
     0     0 13855.6483    0  203          - 13855.6483      -     -    0s
     0     0 13867.8942    0  221          - 13867.8942      -     -    0s
     0     0 13872.9779    0  219          - 13872.9779      -     -    0s
     0     0 13873.6848    0  215          - 13873.6848      -     -    0s
     0     0 13878.8794    0  230          - 13878.8794      -     -    0s
     0     0 13880.8877    0  235          - 13880.8877      -     -    0s
     0     0 14641.3361    0  279          - 14641.3361      -     -    1s
     0     0 14718.9076    0  427          - 14718.9076      -     -    1s
     0     0 14730.3298    0  408          - 14730.3298      -     -    1s
     0     0 14737.2520    0  422          - 14737.2520      -     -    1s
     0     0 14737.7866    0  419          - 14737.7866      -     -    1s
     0     0 15098.5987    0  460          - 15098.5987      -     -    1s
     0     0 15150.3065    0  489          - 15150.3065      -     -    2s
     0     0 15234.0208    0  496          - 15234.0208      -     -    3s
     0     0 15249.9978    0  494          - 15249.9978      -     -    3s
     0     0 15290.7342    0  504          - 15290.7342      -     -    3s
     0     0 15302.3449    0  504          - 15302.3449      -     -    3s
     0     0 15315.0296    0  532          - 15315.0296      -     -    3s
     0     0 15315.1692    0  547          - 15315.1692      -     -    3s
     0     0 15547.7638    0  468          - 15547.7638      -     -    4s
     0     0 15593.7310    0  505          - 15593.7310      -     -    4s
     0     0 15609.2247    0  483          - 15609.2247      -     -    4s
     0     0 15610.2054    0  475          - 15610.2054      -     -    4s
     0     0 15661.3579    0  507          - 15661.3579      -     -    4s
     0     0 15674.1379    0  537          - 15674.1379      -     -    5s
     0     0 15678.3138    0  511          - 15678.3138      -     -    5s
     0     0 15680.4196    0  515          - 15680.4196      -     -    5s
     0     0 15696.6194    0  465          - 15696.6194      -     -    5s
     0     0 15700.6464    0  483          - 15700.6464      -     -    5s
     0     0 15708.0871    0  513          - 15708.0871      -     -    5s
     0     0 15708.9940    0  467          - 15708.9940      -     -    5s
     0     0 15720.3761    0  549          - 15720.3761      -     -    6s
     0     0 15720.3761    0  538          - 15720.3761      -     -    6s
     0     2 15720.7065    0  538          - 15720.7065      -     -    7s
    20    23 15769.6186    6  628          - 15721.4858      -   628   10s
    47    51 16180.2207   12  468          - 15721.4858      -   822   15s
    96   101 16259.6575   19  513          - 15721.4858      -   647   20s
   164   179 16547.5937   28  432          - 15721.4858      -   514   25s
   378   401 16899.0070   40  472          - 15721.4858      -   293   30s
   584   587 17390.2278   48  259          - 15721.4858      -   216   35s
   638   647 17813.3082   76  308          - 15721.4858      -   228   47s
   679   688 18612.7297   94  186          - 15721.4858      -   232   50s
   892   981 21283.0705  230   95          - 15721.4858      -   203   55s
  1211  1272 23006.4405  467  107          - 15750.7742      -   160   61s
  1317  1292 17474.5665   57  289          - 15750.7742      -   159   65s
  1329  1300 16855.2258   44  619          - 16276.6473      -   158   70s
  1345  1311 20002.1812  138  728          - 16313.1360      -   156   75s
  1355  1319 20438.9891  236  538          - 16313.6819      -   171   80s
  1372  1330 19710.4781  182  655          - 16313.7648      -   169   85s
  1383  1338 17697.6358   69  583          - 16316.5122      -   168   90s
  1396  1349 16369.7884   31  456          - 16360.7884      -   189   95s
  1421  1367 16504.8796   38  378          - 16370.0378      -   206  100s
  1446  1386 16553.5832   45  498          - 16370.0378      -   219  105s
  1486  1414 16633.5199   57  463          - 16370.0378      -   233  110s
  1535  1450 16740.0183   70  369          - 16370.0378      -   248  115s
  1578  1485 16780.8606   84  293          - 16370.0378      -   258  128s
  1612  1505 16818.8668   94  347          - 16370.0378      -   261  130s
  1668  1537 16851.6417   86  320          - 16370.0378      -   267  135s
  1740  1599 17061.5342  128  239          - 16370.0378      -   273  140s
  1810  1641 17070.5343  147  313          - 16370.0378      -   278  145s
  1896  1711 17262.2850  169  230          - 16370.0378      -   282  151s
  2016  1821 17823.0911  198  247          - 16370.0378      -   283  156s
  2132  1886 17893.1863  225  248          - 16370.0378      -   281  170s
  2240  1980 18026.5551  250  245          - 16370.0378      -   282  175s
  2444  2165 18822.9920  300  154          - 16370.0378      -   273  180s
  2780  2272 16443.2289   34  473          - 16370.1781      -   251  187s
  2898  2287 16614.4870   45  335          - 16370.1781      -   248  191s
  2946  2313 16863.4067   64  321          - 16370.1781      -   249  205s
  2991  2364 17200.5298   82  292          - 16370.1781      -   250  210s
  3079  2386 16569.6507   34  468          - 16379.0616      -   250  215s
  3119  2430 16616.1912   39  425          - 16379.0616      -   253  220s
  3184  2467 16777.8908   60  304          - 16379.0616      -   254  225s
  3257  2530 17071.2684   77  255          - 16379.0616      -   255  236s
  3357  2622 17430.3592  100  210          - 16379.0616      -   256  242s
  3427  2712 17886.8536  113  163          - 16379.0616      -   254  246s
  3543  2772 18356.4749  130  119          - 16379.0616      -   251  250s
  3755  2772 16631.0844   33  463          - 16389.3199      -   247  258s
  3816  2776 16642.1861   37  404          - 16389.3199      -   248  262s
  3840  2810 16666.9477   44  289          - 16389.3199      -   249  265s
  3882  2833 16940.3952   58  268          - 16389.3199      -   250  285s
  3919  2862 16996.2078   69  317          - 16389.3199      -   252  291s
  3961  2911 17164.5799   80  246          - 16389.3199      -   252  295s
  4024  2962 17421.1769   98  225          - 16389.3199      -   252  300s
  4096  3052 17618.0960  122  151          - 16389.3199      -   251  305s
  4214  3107 18110.2225  164   89          - 16392.9476      -   249  310s
  4334  3129 16647.6971   37  388          - 16392.9476      -   248  315s
  4396  3212 16521.1180   45  403          - 16392.9476      -   249  331s
  4500  3294 16669.1788   52  357          - 16392.9476      -   247  337s
  4620  3479 16808.1467   60  304          - 16392.9476      -   245  344s
  4855  3545 16967.4798   68  257          - 16392.9476      -   239  353s
* 5004  3181             201    19737.430000 16392.9476  16.9%   235  354s
  5068  3177 17331.9430   96  139 19737.4300 16393.8981  16.9%   233  360s
  5158  3220 16607.7701   45  459 19737.4300 16393.8981  16.9%   232  366s
  5244  3255 18110.6189   82  218 19737.4300 16397.9155  16.9%   232  375s
  5310  3302 16615.1429   37  491 19737.4300 16397.9155  16.9%   233  381s
  5357  3424 17341.8834   62  296 19737.4300 16399.2824  16.9%   234  389s
  5477  3424 19669.9546  163   51 19737.4300 16399.2824  16.9%   230  390s
  5508  3469 16575.4316   31  662 19737.4300 16399.2824  16.9%   230  396s
  5557  3549 16774.7094   37  465 19737.4300 16399.2824  16.9%   232  402s
  5637  3625 17151.5432   44  407 19737.4300 16399.2824  16.9%   231  439s
  5713  3795 17384.6338   47  385 19737.4300 16399.2824  16.9%   232  449s
  5799  3795 18838.2739  154  124 19737.4300 16399.2824  16.9%   231  450s
  5907  3835 18271.3744   57  339 19737.4300 16399.2824  16.9%   229  458s
  5947  3954 18652.1672   63  324 19737.4300 16401.5569  16.9%   230  467s
H 6075  4006                    19735.430000 16401.5569  16.9%   228  476s
  6144  4129 17227.6714   45  396 19735.4300 16401.5569  16.9%   229  484s
  6178  4129 17874.1281   79  301 19735.4300 16401.5569  16.9%   229  485s
  6267  4199 18166.4986   84  206 19735.4300 16402.7155  16.9%   228  494s
  6326  4199 19714.1648  132  175 19735.4300 16402.7155  16.9%   227  495s
  6369  4292 16688.1038   42  460 19735.4300 16427.3978  16.8%   228  503s
  6462  4379 17909.9428   83  153 19735.4300 16428.2709  16.8%   228  517s
  6580  4408 16593.2993   40  510 19735.4300 16442.2017  16.7%   228  525s
  6609  4446 16739.3229   46  400 19735.4300 16442.2017  16.7%   230  534s
  6647  4511 17001.6392   57  302 19735.4300 16442.2017  16.7%   231  543s
  6712  4661 17245.8788   71  285 19735.4300 16442.2017  16.7%   232  557s
  6864  4772 17601.2136   94  162 19735.4300 16442.2017  16.7%   231  569s
  6993  4915 17993.6273  126   83 19735.4300 16452.5983  16.6%   230  579s
  7073  4915 19051.9863  166   23 19735.4300 16452.5983  16.6%   229  580s
  7182  4967 16561.8879   40  428 19735.4300 16452.6558  16.6%   228  589s
  7226  5036 16776.0467   50  369 19735.4300 16452.6558  16.6%   229  601s
H 7229  4621                    19113.430000 16452.6558  13.9%   229  601s
  7295  4759 17292.3214   70  204 19113.4300 16452.6558  13.9%   230  613s
  7433  4957 17927.8813  114  108 19113.4300 16453.1358  13.9%   230  626s
  7665  5132 17159.0928   60  342 19113.4300 16453.1358  13.9%   228  640s
  7900  5210 16718.6590   42  426 19113.4300 16453.5949  13.9%   226  652s
H 7978  5139                    18966.190000 16453.5949  13.2%   226  664s
  8075  5280 16950.3187   54  342 18966.1900 16456.3474  13.2%   227  702s
  8260  5379 16595.9592   42  494 18966.1900 16459.4965  13.2%   225  718s
H 8344  4999                    18682.270000 16459.4965  11.9%   225  719s
  8370  5055 16667.1300   31  545 18682.2700 16459.4965  11.9%   226  731s
H 8463  5143                    18680.630000 16459.4965  11.9%   227  743s
  8586  5180 16818.1987   34  540 18680.6300 16469.0787  11.8%   228  778s
  8623  5214 16985.2696   42  483 18680.6300 16469.0787  11.8%   230  789s
  8657  5259 16937.4665   45  545 18680.6300 16469.0787  11.8%   232  800s
H 8663  5127                    18607.230000 16469.0787  11.5%   232  801s
H 8702  5107                    18505.990000 16469.0787  11.0%   233  824s
  8874  5166 17215.7069   60  380 18505.9900 16469.0787  11.0%   233  838s
H 8971  5123                    18467.990000 16469.0787  10.8%   233  851s
  9013  5193 17738.4380   71  281 18467.9900 16469.0787  10.8%   235  897s
  9093  5253 18075.9385   80  251 18467.9900 16479.4701  10.8%   236  912s
  9167  5296 16897.5184   37  539 18467.9900 16479.4701  10.8%   237  925s
  9210  5370 17148.4062   47  455 18467.9900 16479.4701  10.8%   239  942s
  9284  5542 17926.9095   60  348 18467.9900 16479.7469  10.8%   241  957s
  9484  5676 16663.9359   46  449 18467.9900 16481.9743  10.8%   240  973s
H 9671  4920                    18130.710000 16483.1146  9.09%   240  989s
  9799  4987 16802.2409   43  418 18130.7100 16495.1738  9.02%   240 1010s
  9909  5040 16886.5497   36  548 18130.7100 16495.4208  9.02%   241 1025s
  9972  5085 17931.6794   64  450 18130.7100 16495.6893  9.02%   242 1038s
 10035  5144 16929.7399   49  447 18130.7100 16497.4658  9.01%   244 1052s
 10108  5224 16576.4142   41  402 18130.7100 16497.5963  9.01%   246 1067s
H10221  5132                    18090.960000 16497.5963  8.81%   246 1084s
H10222  4464                    17898.369998 16497.9910  7.82%   246 1084s
 10323  4546 16653.4270   46  469 17898.3700 16498.0147  7.82%   247 1099s
 10410  4729 17355.3594   66  243 17898.3700 16498.2996  7.82%   248 1116s
 10665  4848 16708.7107   48  270 17898.3700 16500.3505  7.81%   247 1133s
 10788  5049 17303.0595   81  181 17898.3700 16500.4398  7.81%   247 1157s
 11061  5137 17793.6934   72  346 17898.3700 16505.9134  7.78%   245 1174s
H11108  4871                    17832.210000 16505.9134  7.44%   246 1174s
 11175  4940 16707.1067   40  419 17832.2100 16510.3776  7.41%   246 1189s
 11265  5015 16849.9600   49  308 17832.2100 16510.3971  7.41%   247 1206s
 11358  5077 17620.5462   66  255 17832.2100 16516.7698  7.38%   249 1222s
H11413  4949                    17797.210000 16516.7698  7.19%   249 1222s
 11444  4989 17780.7272   76  316 17797.2100 16517.2705  7.19%   250 1237s
H11501  4914                    17766.210000 16517.2705  7.03%   252 1255s
 11578  4989 17264.9733   48  227 17766.2100 16521.1447  7.01%   253 1270s
 11683  5039 17451.8295   70  338 17766.2100 16521.9421  7.00%   254 1286s
 11759  5109 16941.2896   46  453 17766.2100 16522.1640  7.00%   256 1305s
 11831  5205 17169.3896   58  443 17766.2100 16522.1640  7.00%   257 1322s
 11970  5238     cutoff   90      17766.2100 16524.5737  6.99%   258 1339s
 12053  5336 17104.9771   58  479 17766.2100 16525.1199  6.99%   260 1357s
 12189  5394     cutoff   69      17766.2100 16527.2087  6.97%   261 1375s
H12261  5210                    17711.800000 16527.2087  6.69%   263 1392s
 12388  5280 16607.5995   35  406 17711.8000 16532.1934  6.66%   264 1410s
 12479  5333 16870.9313   43  621 17711.8000 16534.0525  6.65%   265 1426s
 12554  5433 16820.4013   44  399 17711.8000 16534.3283  6.65%   266 1443s
 12669  5516 17131.7207   61  424 17711.8000 16535.6137  6.64%   267 1461s
 12772  5581 17530.2838   62  312 17711.8000 16536.9910  6.63%   268 1481s
 12873  5668 17468.9605   47  359 17711.8000 16537.4514  6.63%   269 1499s
 12982  5840 16846.8045   52  386 17711.8000 16538.0277  6.63%   271 1518s
 13185  5972 16633.3132   44  401 17711.8000 16538.0277  6.63%   270 1537s
 13345  6087     cutoff   71      17711.8000 16538.8958  6.62%   271 1556s
 13506  6209 16967.5528   45  467 17711.8000 16539.3534  6.62%   271 1576s
 13644  6342 16819.2189   52  361 17711.8000 16539.3587  6.62%   272 1596s
 13830  6417 17599.1153   80  188 17711.8000 16540.2351  6.61%   271 1615s
 13933  6537 16884.3824   50  452 17711.8000 16540.5852  6.61%   273 1634s
H13987  6519                    17709.360000 16540.5852  6.60%   273 1635s
 14055  6679 17390.3190   77  287 17709.3600 16543.6933  6.58%   274 1654s
 14140  6679 17227.2752   77  185 17709.3600 16545.5972  6.57%   274 1655s
 14276  6772 17086.6731   74  310 17709.3600 16546.4035  6.57%   273 1677s
 14388  6841 16634.6442   45  476 17709.3600 16546.9914  6.56%   274 1697s
 14487  6957 16727.2980   42  470 17709.3600 16547.0380  6.56%   275 1717s
 14619  7064 17071.7059   56  366 17709.3600 16547.0380  6.56%   276 1737s
 14743  7147 17534.2979   95  305 17709.3600 16547.8207  6.56%   277 1758s
 14876  7261 16859.0786   51  333 17709.3600 16548.0239  6.56%   277 1778s
 15038  7382 17066.6453   47  369 17709.3600 16552.5285  6.53%   277 1798s
 15181  7460 17693.0675   72  269 17709.3600 16552.9021  6.53%   278 1821s
H15292  7131                    17641.360000 16553.6000  6.17%   278 1822s
 15300  7233 16686.1676   40  493 17641.3600 16553.6115  6.17%   278 1840s
 15428  7305 17230.1860   54  336 17641.3600 16556.1842  6.15%   279 1861s
 15556  7399 16909.8766   49  439 17641.3600 16556.7467  6.15%   280 1880s
 15678  7502 17336.9872   68  187 17641.3600 16557.9212  6.14%   281 1904s
 15823  7665 16830.6541   41  489 17641.3600 16559.6880  6.13%   281 1926s
 16020  7857 16870.1601   44  300 17641.3600 16560.6319  6.13%   281 1949s
 16258  7973 16909.6516   40  401 17641.3600 16561.6976  6.12%   281 1971s
 16416  8091 17426.4869   75  209 17641.3600 16562.3940  6.12%   281 1992s
 16571  8200 17563.4523   61  267 17641.3600 16564.4478  6.10%   282 2013s
 16698  8292 17307.6241   73  177 17641.3600 16564.5553  6.10%   282 2034s
 16726  8292 17508.8302   88  131 17641.3600 16564.5553  6.10%   282 2035s
 16807  8408     cutoff   57      17641.3600 16564.8501  6.10%   283 2057s
 17012  8544 17386.0803   54  273 17641.3600 16567.2057  6.09%   283 2078s
 17206  8630 16980.0315   55  357 17641.3600 16568.4963  6.08%   283 2101s
 17307  8699 16910.6021   49  601 17641.3600 16568.6672  6.08%   284 2121s
 17386  8761 17233.1245   57  536 17641.3600 16569.3772  6.08%   286 2148s
 17488  8875 16847.5830   46  364 17641.3600 16570.7052  6.07%   287 2169s
 17648  8983 16917.9675   46  418 17641.3600 16571.6838  6.06%   288 2193s
 17774  9143 17206.0985   61  211 17641.3600 16571.8316  6.06%   288 2216s
 18002  9332 16740.7827   47  412 17641.3600 16572.5421  6.06%   288 2239s
 18127  9332 17594.9437   68  218 17641.3600 16572.5421  6.06%   288 2240s
 18220  9435 17523.6274   87  132 17641.3600 16573.5691  6.05%   288 2261s
 18395  9559 17123.1761   38  363 17641.3600 16574.0562  6.05%   288 2284s
 18547  9681 16772.2932   43  490 17641.3600 16574.4071  6.05%   288 2307s
 18709  9783 16650.4933   34  526 17641.3600 16574.7184  6.05%   289 2330s
 18843  9874 16755.8327   46  363 17641.3600 16575.1064  6.04%   289 2351s
 18958  9962 17236.8507   52  541 17641.3600 16575.4316  6.04%   290 2375s
 19062 10095 17504.1121   57  296 17641.3600 16575.6481  6.04%   291 2397s
 19233 10201 16988.5103   46  593 17641.3600 16576.5975  6.04%   292 2424s
 19292 10201 17217.8968   60  218 17641.3600 16576.5975  6.04%   292 2425s
 19400 10283 17136.8882   51  275 17641.3600 16577.0198  6.03%   292 2448s
 19524 10393 16730.2653   48  448 17641.3600 16577.4778  6.03%   293 2474s
 19668 10517 16655.8318   39  521 17641.3600 16577.8924  6.03%   294 2500s
 19850 10615 16747.2148   41  479 17641.3600 16578.0578  6.03%   294 2525s
 20009 10797 16717.5742   40  477 17641.3600 16578.7742  6.02%   294 2549s
 20060 10797 16754.9098   46  331 17641.3600 16578.7742  6.02%   294 2550s
 20236 10910 16745.8940   40  423 17641.3600 16579.4343  6.02%   294 2573s
 20391 10994 17259.9868   52  338 17641.3600 16579.7120  6.02%   294 2595s
 20507 11107 17573.6386   77  360 17641.3600 16580.0182  6.02%   295 2620s
 20677 11206 16754.7656   45  352 17641.3600 16581.4601  6.01%   295 2648s
 20809 11301 17635.8679   72  460 17641.3600 16582.0271  6.00%   295 2671s
 20936 11426 16998.0425   51  367 17641.3600 16582.9208  6.00%   296 2696s
 21099 11560 16827.6488   48  383 17641.3600 16583.4416  6.00%   296 2720s
 21278 11692 17026.0081   43  370 17641.3600 16583.9594  5.99%   296 2745s
 21438 11801 17109.4386   43  519 17641.3600 16584.0876  5.99%   297 2768s
 21580 11887 16958.5182   48  360 17641.3600 16584.5026  5.99%   298 2793s
 21708 12005 17434.0413   59  478 17641.3600 16585.3990  5.99%   298 2816s
 21841 12155 17244.6254   72  278 17641.3600 16585.5397  5.98%   299 2841s
 22062 12248 16962.9256   43  492 17641.3600 16586.9399  5.98%   298 2866s
 22189 12347 17224.1452   59  315 17641.3600 16587.8566  5.97%   299 2888s
 22323 12558 16874.5976   52  271 17641.3600 16588.4688  5.97%   300 2914s
 22460 12558 17522.2815   79  187 17641.3600 16588.4688  5.97%   299 2915s
 22575 12710 16756.5057   41  312 17641.3600 16588.7608  5.97%   299 2953s
 22781 12876 17046.7534   53  459 17641.3600 16589.5773  5.96%   299 2977s
 22989 13002 16694.3404   44  345 17641.3600 16589.7219  5.96%   299 3002s
 23180 13136 17325.1177   62  333 17641.3600 16590.6166  5.96%   299 3027s
 23400 13250 16720.1161   42  466 17641.3600 16592.0146  5.95%   299 3060s
 23569 13356 17634.4123   67  271 17641.3600 16592.0794  5.95%   299 3086s
 23729 13507     cutoff   64      17641.3600 16592.5671  5.95%   300 3111s
 23929 13625 16700.6864   47  314 17641.3600 16593.0828  5.94%   300 3135s
 24124 13782     cutoff   77      17641.3600 16594.1919  5.94%   300 3159s
 24231 13782 16672.6453   46  428 17641.3600 16594.1919  5.94%   299 3160s
 24349 13875 16788.0256   40  372 17641.3600 16595.0617  5.93%   299 3185s
 24489 14008 16895.2327   51  387 17641.3600 16595.8148  5.93%   300 3211s
 24660 14150 16880.4140   49  391 17641.3600 16595.9592  5.93%   300 3235s
 24846 14274 16984.8367   54  307 17641.3600 16596.4214  5.92%   300 3260s
 25070 14389 17096.2216   54  365 17641.3600 16597.3889  5.92%   300 3284s
 25237 14499 17166.4966   60  414 17641.3600 16598.7910  5.91%   300 3307s
 25388 14647 17297.9791   63  229 17641.3600 16598.8607  5.91%   301 3332s
 25567 14863 17039.8512   53  380 17641.3600 16599.1568  5.91%   301 3360s
 25884 14998 16717.4084   41  449 17641.3600 16600.0617  5.90%   300 3385s
 26069 15080 16805.8286   43  448 17641.3600 16600.1997  5.90%   300 3408s
 26151 15297 17291.8950   56  280 17641.3600 16600.2870  5.90%   302 3439s
 26240 15297 17546.3159   83  188 17641.3600 16600.2870  5.90%   301 3440s
 26448 15424 17027.5107   57  446 17641.3600 16601.1119  5.90%   301 3466s
 26651 15673     cutoff   82      17641.3600 16601.7669  5.89%   301 3493s
 26952 15842 16837.9990   50  393 17641.3600 16602.5608  5.89%   300 3519s
 27177 15968 17194.9199   62  319 17641.3600 16602.8916  5.89%   300 3545s
 27357 16046 16688.1241   39  564 17641.3600 16603.7658  5.88%   300 3569s
 27449 16182 16871.5830   44  429 17641.3600 16603.7658  5.88%   302 3601s

Cutting planes:
  User: 6520
  Gomory: 51
  Cover: 476
  Implied bound: 260
  Projected implied bound: 21
  Clique: 24
  MIR: 292
  Flow cover: 648
  Zero half: 27
  Network: 6
  RLT: 352
  Relax-and-lift: 12
  Lazy constraints: 360

Explored 27619 nodes (8351956 simplex iterations) in 3602.44 seconds
Thread count was 2 (of 32 available processors)

Solution count 10: 17641.4 17709.4 17711.8 ... 18468

Time limit reached
Best objective 1.764136000000e+04, best bound 1.660376583963e+04, gap 5.8816%

User-callback calls 358425, time in user-callback 339.16 sec
================================================================================
executing instance: ./input/Instances/Original/6/absH6high_1n20.dat
--------------------------------------------------------------------------------
Instance details
n	21
H	6
C	1651
Li:
[0, 0, 0, 0, 0, 0, 0, 0, 0, 0, 0, 0, 0, 0, 0, 0, 0, 0, 0, 0, 0, ]
Ui:
[0, 36, 182, 182, 90, 261, 117, 30, 110, 42, 276, 153, 40, 94, 144, 46, 129, 213, 264, 160, 174, ]
Distance matrix:
|0	371	401	343	361	341	370	115	392	400	79	266	292	245	355	431	265	194	95	92	348	|
|371	0	37	141	110	250	117	438	67	131	372	305	115	238	247	255	235	296	392	430	185	|
|401	37	0	175	100	284	146	472	90	156	406	342	152	275	280	282	242	333	415	455	178	|
|343	141	175	0	239	110	38	374	95	60	314	182	67	130	106	127	318	201	397	423	303	|
|361	110	100	239	0	341	222	451	177	240	385	374	190	304	341	361	151	345	354	398	78	|
|341	250	284	110	341	0	143	337	203	151	289	102	152	97	15	95	394	156	415	431	398	|
|370	117	146	38	222	143	0	407	61	30	346	220	81	167	137	139	317	237	417	447	292	|
|115	438	472	374	451	337	407	0	443	434	66	241	339	251	351	431	374	181	201	177	450	|
|392	67	90	95	177	203	61	443	0	66	379	275	104	216	197	193	294	283	427	461	252	|
|400	131	156	60	240	151	30	434	66	0	374	237	112	189	142	127	344	261	448	477	312	|
|79	372	406	314	385	289	346	66	379	374	0	202	275	197	304	383	316	134	175	166	388	|
|266	305	342	182	374	102	220	241	275	237	202	0	191	70	117	196	386	73	352	359	415	|
|292	115	152	67	190	152	81	339	104	112	275	191	0	123	154	193	252	183	336	366	246	|
|245	238	275	130	304	97	167	251	216	189	197	70	123	0	110	187	322	72	319	334	346	|
|355	247	280	106	341	15	137	351	197	142	304	117	154	110	0	80	399	171	427	444	400	|
|431	255	282	127	361	95	139	431	193	127	383	196	193	187	80	0	444	251	499	519	429	|
|265	235	242	318	151	394	317	374	294	344	316	386	252	322	399	444	0	332	226	273	97	|
|194	296	333	201	345	156	237	181	283	261	134	73	183	72	171	251	332	0	279	286	375	|
|95	392	415	397	354	415	417	201	427	448	175	352	336	319	427	499	226	279	0	47	321	|
|92	430	455	423	398	431	447	177	461	477	166	359	366	334	444	519	273	286	47	0	368	|
|348	185	178	303	78	398	292	450	252	312	388	415	246	346	400	429	97	375	321	368	0	|

--------------------------------------------------------------------------------
Building model...
	using lazy and cut (CVRPSEP package)
Solving IRP LP...
--------------------------------------------------------------------------------

Gurobi 9.1.0 (linux64) logging started Tue Feb 16 16:03:15 2021

Gurobi Optimizer version 9.1.0 build v9.1.0rc0 (linux64)
Thread count: 32 physical cores, 32 logical processors, using up to 2 threads
Optimize a model with 1293 rows, 4665 columns and 17139 nonzeros
Model fingerprint: 0x0945fd8a
Variable types: 507 continuous, 4158 integer (378 binary)
Coefficient statistics:
  Matrix range     [1e+00, 6e+02]
  Objective range  [1e-01, 5e+02]
  Bounds range     [1e+00, 3e+02]
  RHS range        [1e+00, 3e+03]
Presolve removed 247 rows and 81 columns
Presolve time: 0.08s
Presolved: 1046 rows, 4584 columns, 16122 nonzeros
Variable types: 405 continuous, 4179 integer (3809 binary)

Root relaxation: objective 1.300220e+04, 1377 iterations, 0.04 seconds

    Nodes    |    Current Node    |     Objective Bounds      |     Work
 Expl Unexpl |  Obj  Depth IntInf | Incumbent    BestBd   Gap | It/Node Time

     0     0 13002.2046    0  209          - 13002.2046      -     -    0s
     0     0 13240.8561    0  201          - 13240.8561      -     -    0s
     0     0 13244.0665    0  191          - 13244.0665      -     -    0s
     0     0 13474.4279    0  277          - 13474.4279      -     -    0s
     0     0 13533.8007    0  270          - 13533.8007      -     -    0s
     0     0 13533.8362    0  272          - 13533.8362      -     -    0s
     0     0 13895.6409    0  320          - 13895.6409      -     -    0s
     0     0 13904.2677    0  250          - 13904.2677      -     -    1s
     0     0 13906.0832    0  287          - 13906.0832      -     -    1s
     0     0 13922.2038    0  315          - 13922.2038      -     -    1s
     0     0 13928.1184    0  335          - 13928.1184      -     -    1s
     0     0 13943.0309    0  329          - 13943.0309      -     -    1s
     0     0 13945.8717    0  236          - 13945.8717      -     -    1s
     0     0 13965.8890    0  343          - 13965.8890      -     -    1s
     0     0 13977.3096    0  369          - 13977.3096      -     -    1s
     0     0 13983.9587    0  371          - 13983.9587      -     -    1s
     0     0 13983.9599    0  383          - 13983.9599      -     -    1s
     0     0 14069.1535    0  374          - 14069.1535      -     -    1s
     0     0 14086.5297    0  391          - 14086.5297      -     -    2s
     0     0 14090.3985    0  429          - 14090.3985      -     -    2s
     0     0 14098.5666    0  450          - 14098.5666      -     -    2s
     0     0 14113.4261    0  430          - 14113.4261      -     -    2s
     0     0 14117.0608    0  465          - 14117.0608      -     -    2s
     0     0 14118.0849    0  461          - 14118.0849      -     -    2s
     0     0 14118.4900    0  461          - 14118.4900      -     -    2s
     0     0 14144.7618    0  406          - 14144.7618      -     -    2s
     0     0 14151.1202    0  456          - 14151.1202      -     -    2s
     0     0 14154.8548    0  471          - 14154.8548      -     -    2s
     0     0 14156.0468    0  480          - 14156.0468      -     -    2s
     0     0 14169.7293    0  442          - 14169.7293      -     -    3s
     0     0 14172.9957    0  452          - 14172.9957      -     -    3s
     0     0 14173.1788    0  481          - 14173.1788      -     -    3s
     0     0 14178.5755    0  465          - 14178.5755      -     -    3s
     0     0 14181.6877    0  433          - 14181.6877      -     -    3s
     0     2 14187.1633    0  437          - 14187.1633      -     -    4s
     1     4 14202.4812    1  466          - 14187.1633      -   998    5s
    59    63 14620.0237   16  341          - 14230.0256      -   627   10s
   162   173 15478.5831   43  273          - 14230.0256      -   444   15s
   405   468 17172.7390   89  163          - 14230.0256      -   252   20s
   608   590 14589.3181    7  479          - 14238.8247      -   205   25s
   694   689 14900.3676   21  256          - 14238.8247      -   217   30s
   735   709 14571.9139   13  202          - 14238.8247      -   217   37s
   746   717 14966.0107   20  544          - 14500.3908      -   214   40s
   766   732 18243.4254  137  364          - 14519.2992      -   227   45s
   784   747 14527.0854   27  489          - 14522.4583      -   235   50s
   823   774 14567.4763   39  428          - 14564.1729      -   258   55s
   912   839 14742.2598   63  298          - 14564.1729      -   278   60s
  1038   928 16614.0582  103  189          - 14564.1729      -   273   65s
  1156   998 14837.0645   43  384          - 14564.2267      -   278   70s
  1199  1029 14777.0567   47  401          - 14564.2267      -   277   76s
  1353  1169 14923.6826   61  379          - 14564.2267      -   265   80s
* 1575  1166             270    23120.020000 14564.2267  37.0%   236   84s
* 1579  1129             271    23059.260000 14564.2267  36.8%   236   84s
H 1597  1077                    22854.400000 14564.2267  36.3%   236   85s
  1673  1151 16136.0735  106  237 22854.4000 14564.2267  36.3%   240   91s
H 1700  1136                    22725.660000 14564.2267  35.9%   239   92s
  1756  1181 17158.8149  139  178 22725.6600 14564.2267  35.9%   237   95s
H 1787  1140                    22652.780000 14564.2267  35.7%   234   95s
H 1883  1173                    22531.930000 14564.2267  35.4%   227   99s
  1885  1238 18544.0333  198  104 22531.9300 14564.2267  35.4%   228  101s
H 1976  1181                    21732.460000 14564.2267  33.0%   220  104s
  1979  1211 20340.1809  241   69 21732.4600 14580.5034  32.9%   221  107s
* 2021  1160             260    21602.730000 14580.5034  32.5%   216  107s
* 2023  1135             261    21601.730000 14580.5034  32.5%   216  107s
H 2039  1098                    21386.410000 14580.5034  31.8%   218  108s
  2054  1117 14895.4919   39  404 21386.4100 14580.5034  31.8%   220  110s
H 2073  1111                    21378.800000 14580.5034  31.8%   222  115s
  2115  1160 15084.7537   54  433 21378.8000 14580.5034  31.8%   227  120s
  2183  1239 15538.0590   67  300 21378.8000 14580.5034  31.8%   232  126s
  2226  1290 15526.8983   75  386 21378.8000 14580.5034  31.8%   233  130s
  2258  1294 15831.2907   79  262 21378.8000 14580.5034  31.8%   233  136s
  2319  1380 16352.5360   90  229 21378.8000 14580.5034  31.8%   234  141s
  2348  1430 16100.0583   97  257 21378.8000 14580.5034  31.8%   234  146s
  2398  1472 16480.7141  104  264 21378.8000 14580.5034  31.8%   233  152s
  2440  1524 16668.5644  112  275 21378.8000 14580.5034  31.8%   233  155s
  2551  1650 17398.7993  126  175 21378.8000 14580.5034  31.8%   231  161s
  2709  1782 18354.0633  156  119 21378.8000 14580.5034  31.8%   226  167s
H 2728  1774                    21233.800000 14580.5034  31.3%   226  168s
  2792  1926 19730.3493  180   80 21233.8000 14580.5034  31.3%   224  174s
  2947  1928 20833.5318  203    9 21233.8000 14580.5034  31.3%   216  175s
H 2987  1931                    21107.730000 14584.1689  30.9%   218  183s
  2997  1946 14993.4650   35  519 21107.7300 14584.1689  30.9%   221  185s
  3027  1977 15369.5325   48  407 21107.7300 14584.1689  30.9%   223  190s
  3074  2031 16378.5619   70  304 21107.7300 14584.1689  30.9%   225  196s
  3136  2138 18343.1305  124  142 21107.7300 14584.1689  30.9%   224  200s
  3274  2259 15020.6445   42  404 21107.7300 14585.4951  30.9%   222  207s
  3358  2270 15534.2966   53  361 21107.7300 14585.4951  30.9%   220  213s
  3371  2403 15826.6387   64  295 21107.7300 14585.4951  30.9%   220  218s
  3518  2444 17476.9516   93  198 21107.7300 14585.4951  30.9%   214  222s
  3565  2513 17526.1162   94  198 21107.7300 14585.5903  30.9%   212  226s
  3664  2549 19578.6067  145   81 21107.7300 14587.8099  30.9%   210  230s
* 3714  2544             200    20991.500000 14588.4246  30.5%   209  231s
  3758  2602 15057.5053   50  389 20991.5000 14588.4246  30.5%   211  237s
  3790  2634 15225.9528   61  373 20991.5000 14588.4246  30.5%   212  240s
  3862  2716 15633.4990   72  339 20991.5000 14588.4246  30.5%   214  247s
  3904  2775 15750.5349   83  281 20991.5000 14588.4246  30.5%   215  250s
  3963  2848 16133.0800  102  282 20991.5000 14588.4246  30.5%   216  258s
  4036  3007 17040.6493  114  228 20991.5000 14588.4246  30.5%   215  263s
  4196  3249 18344.8049  139   99 20991.5000 14591.1301  30.5%   212  270s
  4459  3292 14617.0170   31  609 20991.5000 14591.1301  30.5%   206  276s
  4515  3316 14978.9277   33  505 20991.5000 14591.1301  30.5%   208  280s
  4539  3421 14624.6361   34  532 20991.5000 14591.1301  30.5%   209  287s
  4656  3438 14895.4451   40  473 20991.5000 14591.1301  30.5%   207  292s
  4678  3472 14948.4822   43  449 20991.5000 14591.1301  30.5%   209  296s
  4712  3601 15318.2943   49  404 20991.5000 14591.1301  30.5%   210  303s
  4895  3647 15681.1891   55  388 20991.5000 14591.1301  30.5%   206  308s
  4935  3752 16189.9461   65  289 20991.5000 14591.1301  30.5%   207  315s
  5040  3977 18617.9705   99  163 20991.5000 14603.6933  30.4%   206  325s
  5289  4068 infeasible  150      20991.5000 14605.3117  30.4%   200  332s
  5397  4099 15145.4465   42  409 20991.5000 14609.9103  30.4%   200  338s
  5432  4203 16054.4667   60  357 20991.5000 14609.9103  30.4%   201  345s
  5536  4259 18798.6275  142  138 20991.5000 14612.4805  30.4%   201  351s
  5602  4315 15222.2488   52  398 20991.5000 14612.4805  30.4%   202  358s
  5660  4519 16041.9458   75  349 20991.5000 14612.5699  30.4%   203  366s
  5883  4558     cutoff  200      20991.5000 14612.6422  30.4%   199  391s
  5922  4946 15306.3526   55  385 20991.5000 14612.6700  30.4%   200  402s
