




arguments: ./build/bc_mirp -f ./input/orig_exec_115.cfg
Current dir: /scratch/gui/bc_mirp
File verbosity level: 9
date       time         ( uptime  ) [ thread name/id ]                   file:line     v| 
2021-02-07 17:04:12.009 (   0.072s) [main thread     ]             loguru.cpp:789   INFO| Logging to './output/vi_vc+cos/OU/V3/Original/execution_07_02_2021_17_04_12.log', mode: 'a', verbosity: 9
--------------------------------------------------------------------------------
Parameters
                           instance_path           ./input/Instances/Original/3/
                            model_policy                                       1
                             nb_vehicles                                       3
                              output_dir      ./output/vi_vc+cos/OU/V3/Original/
                            sec_strategy                                       1
                       solver_nb_threads                                       2
                         solver_show_log                                    true
                       solver_time_limit                                    3600
                              use_vi_cos                                    true
                              use_vi_cus                                   false
                         use_vi_hc1_full                                   false
                         use_vi_hc1_half                                   false
                      use_vi_hc1_quarter                                   false
                              use_vi_hc2                                   false
                              use_vi_hc3                                   false
                         use_vi_lex_full                                   false
                         use_vi_lex_half                                   false
                      use_vi_lex_quarter                                   false
                              use_vi_qua                                   false
                               use_vi_vc                                    true
                               use_vi_vr                                   false
--------------------------------------------------------------------------------
executing instance: ./input/Instances/Original/3/absH3low_2n5.dat
--------------------------------------------------------------------------------
Instance details
n	6
H	3
C	237
Li:
[0, 0, 0, 0, 0, 0, ]
Ui:
[0, 93, 180, 51, 114, 24, ]
Distance matrix:
|0	170	318	35	112	235	|
|170	0	311	205	258	301	|
|318	311	0	326	278	137	|
|35	205	326	0	89	230	|
|112	258	278	89	0	160	|
|235	301	137	230	160	0	|

--------------------------------------------------------------------------------
Building model...
	using lazy and cut (CVRPSEP package)
Solving IRP LP...
--------------------------------------------------------------------------------

Gurobi 9.1.0 (linux64) logging started Sun Feb  7 17:04:12 2021

Gurobi Optimizer version 9.1.0 build v9.1.0rc0 (linux64)
Thread count: 32 physical cores, 32 logical processors, using up to 2 threads
Optimize a model with 192 rows, 258 columns and 1050 nonzeros
Model fingerprint: 0xc732b612
Variable types: 69 continuous, 189 integer (54 binary)
Coefficient statistics:
  Matrix range     [1e+00, 3e+02]
  Objective range  [1e-02, 3e+02]
  Bounds range     [1e+00, 2e+02]
  RHS range        [1e+00, 5e+02]
Presolve removed 52 rows and 42 columns
Presolve time: 0.01s
Presolved: 140 rows, 216 columns, 825 nonzeros
Variable types: 38 continuous, 178 integer (127 binary)
Found heuristic solution: objective 2934.4600000

Root relaxation: objective 8.459267e+02, 185 iterations, 0.00 seconds

    Nodes    |    Current Node    |     Objective Bounds      |     Work
 Expl Unexpl |  Obj  Depth IntInf | Incumbent    BestBd   Gap | It/Node Time

     0     0  845.92672    0   50 2934.46000  845.92672  71.2%     -    0s
H    0     0                    2916.4600000  845.92672  71.0%     -    0s
     0     0 1261.59685    0   42 2916.46000 1261.59685  56.7%     -    0s
H    0     0                    1854.1800000 1261.59685  32.0%     -    0s
H    0     0                    1824.5200000 1261.59685  30.9%     -    0s
     0     0 1353.92705    0   60 1824.52000 1353.92705  25.8%     -    0s
     0     0 1362.40879    0   67 1824.52000 1362.40879  25.3%     -    0s
     0     0 1362.49560    0   67 1824.52000 1362.49560  25.3%     -    0s
     0     0 1620.21251    0   76 1824.52000 1620.21251  11.2%     -    0s
     0     0 1623.38985    0   64 1824.52000 1623.38985  11.0%     -    0s
     0     0 1623.59116    0   71 1824.52000 1623.59116  11.0%     -    0s
     0     0 1652.81676    0   60 1824.52000 1652.81676  9.41%     -    0s
H    0     0                    1770.8300000 1652.81676  6.66%     -    0s
     0     0 1653.47147    0   69 1770.83000 1653.47147  6.63%     -    0s
     0     0 1654.01772    0   78 1770.83000 1654.01772  6.60%     -    0s
     0     0 1671.71772    0   64 1770.83000 1671.71772  5.60%     -    0s
     0     0 1672.46883    0   76 1770.83000 1672.46883  5.55%     -    0s
     0     0 1672.76155    0   58 1770.83000 1672.76155  5.54%     -    0s
     0     0 1675.89815    0   70 1770.83000 1675.89815  5.36%     -    0s
     0     0 1675.89815    0   69 1770.83000 1675.89815  5.36%     -    0s
     0     0 1675.89815    0   29 1770.83000 1675.89815  5.36%     -    0s
     0     0 1675.89815    0   47 1770.83000 1675.89815  5.36%     -    0s
     0     0 1675.89815    0   28 1770.83000 1675.89815  5.36%     -    0s
     0     0 1687.04464    0   43 1770.83000 1687.04464  4.73%     -    0s
     0     0 1692.33234    0   41 1770.83000 1692.33234  4.43%     -    0s
     0     0 1692.46072    0   40 1770.83000 1692.46072  4.43%     -    0s
     0     0 1698.33000    0    5 1770.83000 1698.33000  4.09%     -    0s
H    0     0                    1720.8300000 1698.33000  1.31%     -    0s
     0     0     cutoff    0      1720.83000 1720.83000  0.00%     -    0s

Cutting planes:
  Gomory: 2
  Cover: 16
  Implied bound: 10
  Clique: 4
  MIR: 11
  StrongCG: 1
  Flow cover: 13
  Network: 1
  RLT: 10
  Relax-and-lift: 1

Explored 1 nodes (1121 simplex iterations) in 0.17 seconds
Thread count was 2 (of 32 available processors)

Solution count 6: 1720.83 1770.83 1824.52 ... 2934.46

Optimal solution found (tolerance 1.00e-04)
Best objective 1.720830000000e+03, best bound 1.720830000000e+03, gap 0.0000%

User-callback calls 270, time in user-callback 0.01 sec
================================================================================
executing instance: ./input/Instances/Original/3/absH3high_5n30.dat
--------------------------------------------------------------------------------
Instance details
n	31
H	3
C	2296
Li:
[0, 0, 0, 0, 0, 0, 0, 0, 0, 0, 0, 0, 0, 0, 0, 0, 0, 0, 0, 0, 0, 0, 0, 0, 0, 0, 0, 0, 0, 0, 0, ]
Ui:
[0, 80, 90, 297, 28, 264, 123, 192, 112, 32, 72, 88, 294, 129, 126, 105, 110, 237, 246, 92, 72, 147, 54, 96, 128, 96, 84, 28, 74, 196, 192, ]
Distance matrix:
|0	87	302	65	389	171	219	120	412	339	129	63	169	401	383	158	393	161	246	275	64	287	345	235	13	274	106	201	85	358	135	|
|87	0	334	128	402	212	301	204	465	384	187	145	232	424	454	238	475	245	289	352	80	307	352	321	81	352	20	261	170	376	215	|
|302	334	0	239	113	132	237	334	157	70	404	263	162	105	227	229	339	251	65	217	259	53	107	352	293	220	339	134	270	75	235	|
|65	128	239	0	330	107	175	130	348	275	174	40	107	339	326	114	351	125	181	224	58	228	290	222	58	224	143	138	65	297	92	|
|389	402	113	330	0	226	349	438	210	151	502	360	269	48	316	339	441	362	175	328	335	102	55	465	377	330	401	245	371	37	342	|
|171	212	132	107	226	0	169	214	253	173	276	134	64	233	261	130	326	153	77	188	133	125	192	264	162	190	220	68	145	193	125	|
|219	301	237	175	349	169	0	157	257	223	244	157	105	334	180	62	175	61	177	63	233	264	334	118	221	61	317	112	136	312	85	|
|120	204	334	130	438	214	157	0	402	348	88	90	173	438	336	115	307	100	269	220	172	338	406	122	130	218	224	204	69	403	101	|
|412	465	157	348	210	253	257	402	0	88	486	359	245	166	129	287	266	303	178	204	386	208	239	370	406	207	473	212	354	187	304	|
|339	384	70	275	151	173	223	348	88	0	427	291	179	120	166	234	290	254	96	187	306	123	166	342	332	190	391	145	291	119	247	|
|129	187	404	174	502	276	244	88	486	427	0	142	248	508	424	200	390	187	342	308	193	400	464	192	142	306	207	281	136	469	182	|
|63	145	263	40	360	134	157	90	359	291	142	0	114	366	321	95	331	99	202	212	90	258	323	186	65	211	163	148	27	327	72	|
|169	232	162	107	269	64	105	173	245	179	248	114	0	266	222	71	268	94	97	131	155	173	244	203	164	132	245	34	113	233	73	|
|401	424	105	339	48	233	334	438	166	120	508	366	266	0	280	332	409	355	169	305	353	117	96	452	391	308	425	237	374	49	339	|
|383	454	227	326	316	261	180	336	129	166	424	321	222	280	0	231	137	238	208	116	376	277	331	272	381	118	467	197	307	285	253	|
|158	238	229	114	339	130	62	115	287	234	200	95	71	332	231	0	238	23	164	118	171	243	314	134	159	117	255	95	77	302	23	|
|393	475	339	351	441	326	175	307	266	290	390	331	268	409	137	238	0	232	300	138	408	383	445	204	395	136	492	258	308	406	260	|
|161	245	251	125	362	153	61	100	303	254	187	99	94	355	238	23	232	0	187	123	183	267	338	111	164	121	262	117	77	325	34	|
|246	289	65	181	175	77	177	269	178	96	342	202	97	169	208	164	300	187	0	168	210	87	157	290	238	171	296	70	206	138	170	|
|275	352	217	224	328	188	63	220	204	187	308	212	131	305	116	118	138	123	168	0	279	255	322	166	275	3	367	120	195	291	141	|
|64	80	259	58	335	133	233	172	386	306	193	90	155	353	376	171	408	183	210	279	0	236	289	276	51	279	90	182	117	307	150	|
|287	307	53	228	102	125	264	338	208	123	400	258	173	117	277	243	383	267	87	255	236	0	71	374	276	257	308	153	270	71	245	|
|345	352	107	290	55	192	334	406	239	166	464	323	244	96	331	314	445	338	157	322	289	71	0	445	334	325	350	224	337	54	315	|
|235	321	352	222	465	264	118	122	370	342	192	186	203	452	272	134	204	111	290	166	276	374	445	0	243	164	341	221	159	428	142	|
|13	81	293	58	377	162	221	130	406	332	142	65	164	391	381	159	395	164	238	275	51	276	334	243	0	274	100	196	89	347	136	|
|274	352	220	224	330	190	61	218	207	190	306	211	132	308	118	117	136	121	171	3	279	257	325	164	274	0	367	122	194	294	140	|
|106	20	339	143	401	220	317	224	473	391	207	163	245	425	467	255	492	262	296	367	90	308	350	341	100	367	0	272	188	377	232	|
|201	261	134	138	245	68	112	204	212	145	281	148	34	237	197	95	258	117	70	120	182	153	224	221	196	122	272	0	146	208	103	|
|85	170	270	65	371	145	136	69	354	291	136	27	113	374	307	77	308	77	206	195	117	270	337	159	89	194	188	146	0	337	54	|
|358	376	75	297	37	193	312	403	187	119	469	327	233	49	285	302	406	325	138	291	307	71	54	428	347	294	377	208	337	0	306	|
|135	215	235	92	342	125	85	101	304	247	182	72	73	339	253	23	260	34	170	141	150	245	315	142	136	140	232	103	54	306	0	|

--------------------------------------------------------------------------------
Building model...
	using lazy and cut (CVRPSEP package)
Solving IRP LP...
--------------------------------------------------------------------------------

Gurobi 9.1.0 (linux64) logging started Sun Feb  7 17:04:12 2021

Gurobi Optimizer version 9.1.0 build v9.1.0rc0 (linux64)
Thread count: 32 physical cores, 32 logical processors, using up to 2 threads
Optimize a model with 967 rows, 4858 columns and 17350 nonzeros
Model fingerprint: 0x62a62667
Variable types: 394 continuous, 4464 integer (279 binary)
Coefficient statistics:
  Matrix range     [1e+00, 8e+02]
  Objective range  [1e-01, 5e+02]
  Bounds range     [1e+00, 3e+02]
  RHS range        [1e+00, 4e+03]
Presolve removed 274 rows and 121 columns
Presolve time: 0.09s
Presolved: 693 rows, 4737 columns, 16280 nonzeros
Variable types: 242 continuous, 4495 integer (4209 binary)

Root relaxation: objective 8.907571e+03, 862 iterations, 0.02 seconds

    Nodes    |    Current Node    |     Objective Bounds      |     Work
 Expl Unexpl |  Obj  Depth IntInf | Incumbent    BestBd   Gap | It/Node Time

     0     0 8907.57081    0  110          - 8907.57081      -     -    0s
     0     0 9218.21793    0  117          - 9218.21793      -     -    0s
     0     0 9218.74049    0  114          - 9218.74049      -     -    0s
     0     0 9660.69730    0  133          - 9660.69730      -     -    0s
     0     0 9706.71899    0  137          - 9706.71899      -     -    0s
     0     0 9706.96619    0  150          - 9706.96619      -     -    0s
     0     0 9813.50415    0  217          - 9813.50415      -     -    0s
     0     0 9815.99870    0  204          - 9815.99870      -     -    0s
     0     0 9818.05952    0  201          - 9818.05952      -     -    0s
     0     0 9820.95944    0  214          - 9820.95944      -     -    0s
     0     0 9822.60340    0  232          - 9822.60340      -     -    0s
     0     0 9828.67492    0  217          - 9828.67492      -     -    0s
     0     0 9828.67492    0  218          - 9828.67492      -     -    0s
     0     0 9877.63105    0  240          - 9877.63105      -     -    0s
     0     0 9883.32126    0  228          - 9883.32126      -     -    0s
     0     0 9883.49969    0  228          - 9883.49969      -     -    0s
     0     0 9906.14898    0  198          - 9906.14898      -     -    1s
     0     0 9907.97149    0  244          - 9907.97149      -     -    1s
     0     0 9913.74698    0  243          - 9913.74698      -     -    1s
     0     0 9914.12254    0  253          - 9914.12254      -     -    1s
     0     0 9922.15261    0  226          - 9922.15261      -     -    1s
     0     0 9924.80902    0  275          - 9924.80902      -     -    1s
     0     0 9926.21518    0  278          - 9926.21518      -     -    1s
     0     0 9926.43148    0  294          - 9926.43148      -     -    1s
     0     0 9930.47674    0  292          - 9930.47674      -     -    1s
     0     0 9930.47674    0  237          - 9930.47674      -     -    2s
     0     2 9934.78805    0  237          - 9934.78805      -     -    2s
   148   158 10760.0217   48  110          - 9934.78805      -   148    5s
   679   662 10078.8755    9  301          - 9934.78805      -  61.0   10s
   739   711 11496.6016   70  348          - 10003.6715      -  76.8   15s
   772   733 12447.0910  194  407          - 10031.2871      -  73.6   20s
   800   753 12777.7600  150  358          - 10032.9389      -  83.7   25s
   826   774 10049.4234   31  372          - 10047.5338      -  95.0   30s
   979   875 10225.4807   64  242          - 10074.2433      -   107   35s
  1239  1083 10701.2847  114  170          - 10074.2433      -   108   40s
  1515  1271 12126.9285  178  132          - 10074.2433      -   102   45s
  1832  1504 12938.2147  253   33          - 10074.2433      -  93.5   50s
  2213  1609 10183.5608   38  278          - 10074.3985      -  83.0   55s
  2309  1680 10339.9427   86   94          - 10074.3985      -  85.3   60s
  2464  1769 11040.4203  175  105          - 10074.3985      -  85.2   65s
  2588  1905 11576.9291  220   70          - 10074.3985      -  86.0   70s
  2854  2012 10205.5392   36  287          - 10081.6875      -  82.1   75s
  2937  2077 10344.7315   46  131          - 10081.6875      -  83.8   82s
  3026  2199 10497.0187   56  149          - 10081.6875      -  83.8   85s
  3389  2504 11995.2995  278   81          - 10081.6875      -  79.1   90s
  3691  2722 10269.5105   34  297          - 10084.4810      -  76.9   95s
  3779  2833 10477.0591   56  193          - 10084.4810      -  79.7  100s
  4058  3200 11112.8894  185   28          - 10085.1581      -  79.8  106s
  4343  3375 10364.0289   47  202          - 10085.1581      -  78.7  111s
  4485  3602 10694.0332   98   61          - 10085.1581      -  79.8  116s
  4916  4001 10393.9378   47  217          - 10088.0455      -  76.8  123s
  5056  4114 10479.1608   51  214          - 10088.0455      -  75.8  126s
  5318  4536 10797.4974  123   20          - 10088.6709      -  75.5  133s
  5737  4621 10163.3412   40  229          - 10088.6709      -  72.1  137s
  5805  4677 10479.0134   44  204          - 10088.6709      -  73.1  140s
  5962  5102 10651.7481   98   25          - 10098.2359      -  74.3  147s
  6321  5143 10380.9625   39  257          - 10107.7717      -  72.3  151s
  6417  5229 10619.6824   65  117          - 10107.7717      -  74.1  155s
  6611  5590 11349.0498   72   78          - 10115.2251      -  73.9  162s
  6847  5732 10217.7813   38  260          - 10115.2251      -  73.2  165s
  7085  6051 11542.0509  164   18          - 10115.2251      -  73.5  170s
  7450  6231 12128.6100  134   14          - 10117.3788      -  71.4  175s
  7778  6415 11445.9645  182   35          - 10117.3788      -  71.2  180s
  7856  6694 10761.1043   73  113          - 10117.3788      -  71.8  187s
  8081  6933 11067.5371   96  103          - 10123.0956      -  71.4  192s
  8431  7008 10462.9831   50  164          - 10125.1363      -  70.0  196s
  8498  7212 10684.7053   61  170          - 10125.1536      -  70.7  200s
  8778  7371 10423.4790   35  185          - 10125.7040      -  71.5  209s
  8844  7371 10733.3762   70  103          - 10125.7040      -  72.1  210s
  9096  7870 10994.9010   98  113          - 10126.5122      -  71.8  218s
  9478  8103 10409.4820   38  302          - 10126.5122      -  70.6  223s
  9721  8142 10400.9321   44  276          - 10126.5122      -  70.2  227s
  9772  8250 10673.3845   64  184          - 10126.5122      -  71.1  244s
  9880  8389 10950.6110  113   41          - 10126.6512      -  71.4  247s
 10049  8629 10434.8720   46  143          - 10126.6512      -  71.8  252s
 10367  8815 10872.0919   61   51          - 10128.0365      -  71.2  257s
 10585  9166 10446.7162   34  311          - 10128.0365      -  71.3  262s
 11053  9329 10823.1914   48  159          - 10129.7895      -  69.8  267s
 11199  9503 10481.4507   49  221          - 10131.3710      -  70.3  272s
 11376  9660 10849.5674   80  112          - 10133.6521      -  70.5  276s
 11581  9720 10417.9010   41  232          - 10144.0731      -  70.5  280s
 11692  9884 11012.0406  110   32          - 10146.3032      -  71.0  285s
 11905 10064 11715.3915  108   26          - 10146.3032      -  71.5  290s
 12088 10236 10618.2647   41  191          - 10146.3032      -  71.6  297s
 12206 10464 10879.5631   65   76          - 10149.4799      -  72.1  302s
 12520 10598 10313.9293   36  189          - 10149.5226      -  71.5  307s
 12643 10940 10777.1552   62   82          - 10149.5765      -  71.9  311s
 13110 11135 10516.1013   49  223          - 10150.3282      -  70.6  316s
 13297 11280 10828.9312   78   47          - 10157.0979      -  70.7  321s
 13440 11461 10574.5493   39  242          - 10157.0979      -  71.0  325s
 13619 11772 11068.4849   56  100          - 10157.0979      -  71.1  330s
 14010 11876 12389.7503  108   41          - 10161.9421      -  70.2  335s
 14154 12038 10618.5532   53  217          - 10161.9421      -  70.4  340s
 14425 12176 12446.0800  149    2          - 10165.5643      -  70.1  345s
 14762 12601 11103.5638   78   59          - 10168.0093      -  70.4  354s
 14948 12606 13111.9350  162   29          - 10168.0093      -  69.9  355s
 15214 12981 10618.3561   46  227          - 10168.0432      -  70.2  363s
 15478 13022 12098.8100  223    -          - 10168.0432      -  69.6  365s
 15776 13337 10889.5582   39  133          - 10175.3320      -  69.4  373s
 15862 13575 11249.9223   80   42          - 10177.0666      -  69.8  377s
 16137 13672 10584.0076   35  276          - 10177.0666      -  69.5  381s
 16240 13811 10925.9266   52   96          - 10180.4794      -  69.8  385s
 16507 14029 10745.3279   62  200          - 10180.4794      -  70.2  394s
 16641 14076 10924.8999   74  129          - 10180.4794      -  70.4  398s
 16680 14269 11509.8171   87  104          - 10185.8469      -  70.8  402s
 16917 14370 10271.4669   41  333          - 10185.8469      -  70.6  406s
 17026 14454 10588.1212   58  158          - 10185.8469      -  70.8  410s
 17300 14779 10681.4844   51   40          - 10186.4085      -  71.1  418s
 17570 14833 10994.0543   64  102          - 10192.1328      -  70.8  423s
 17604 14972 10451.2437   39  328          - 10192.1328      -  71.3  426s
 17743 15047 10617.8770   42  244          - 10192.1328      -  71.4  430s
 17870 15194 11229.5500   77   11          - 10192.1328      -  71.9  435s
 18216 15419 10573.3908   46  216          - 10194.1392      -  71.7  443s
 18262 15534 10826.9154   55  135          - 10194.1392      -  72.2  447s
 18377 15613 11514.2328  101   83          - 10194.1815      -  72.6  451s
 18482 15658 10639.1214   41  197          - 10194.2798      -  72.9  455s
 18592 15946 10856.9613   63  148          - 10195.0174      -  73.7  464s
 18658 15946 11123.1557  106   17          - 10195.0174      -  73.8  465s
 18898 16198 10739.3393   44  201          - 10195.8214      -  74.1  474s
 19146 16352 11093.7911   75   39          - 10196.8813      -  73.9  478s
 19328 16578 10465.3792   36  252          - 10196.8813      -  74.0  483s
 19583 16713 10918.2731   59   61          - 10196.8813      -  73.8  488s
 19721 16834 11204.1443   81  120          - 10198.7884      -  74.0  492s
 19905 16952 10517.1705   44  142          - 10198.8180      -  74.0  497s
 20002 17111 11198.5216   82   61          - 10199.3467      -  74.3  501s
 20196 17260 10592.6479   43  268          - 10199.3467      -  74.3  506s
 20372 17356 10908.3007   56  106          - 10199.5538      -  74.2  511s
 20474 17493 10364.6568   42  154          - 10199.5538      -  74.5  516s
 20625 17581 10596.1243   52  243          - 10199.5538      -  74.5  520s
 20707 17816 10814.5097   86   53          - 10201.4895      -  74.8  525s
 20994 17930 10609.3298   46  221          - 10201.7553      -  74.3  530s
 21180 18097 11188.3967  105   59          - 10202.3225      -  74.6  535s
 21363 18208 12261.7657  129   18          - 10202.9400      -  74.4  540s
 21516 18383 11117.2683   85   78          - 10202.9400      -  74.9  545s
 21719 18529 10539.8312   46  208          - 10203.0772      -  74.6  550s
 21885 18771 10412.3829   42  236          - 10204.9040      -  75.0  558s
 22052 18923 10706.1187   51  205          - 10204.9040      -  75.1  563s
*22210 17229             147    12640.960000 10204.9040  19.3%  74.9  564s
 22233 17266 11514.7036  127   27 12640.9600 10204.9991  19.3%  75.1  568s
*22274 17260             146    12639.960000 10205.0211  19.3%  75.2  568s
 22299 17340 10791.3292   61  258 12639.9600 10205.7629  19.3%  75.3  573s
*22384 17284             144    12617.960000 10206.2600  19.1%  75.3  573s
 22396 17333     cutoff  137      12617.9600 10206.3496  19.1%  75.5  577s
 22450 17458 10743.8286   58  157 12617.9600 10206.7028  19.1%  75.7  582s
 22628 17584     cutoff  131      12617.9600 10207.3184  19.1%  75.8  588s
 22863 17664 10675.0693   48   81 12617.9600 10207.4948  19.1%  75.6  593s
 22941 17822 10773.9640   76  116 12617.9600 10209.2937  19.1%  75.8  598s
 23181 17878 12473.4900  122    - 12617.9600 10209.6071  19.1%  75.6  603s
 23223 17915 10515.7967   42  172 12617.9600 10211.3868  19.1%  75.9  608s
*23243 17400             172    12438.400000 10211.3868  17.9%  76.0  608s
*23246 17375             171    12430.400000 10211.3868  17.9%  76.0  608s
 23261 17480 11003.7795   51  176 12430.4000 10211.3868  17.9%  76.2  613s
 23375 17576 11612.5846   63   96 12430.4000 10212.3271  17.8%  76.2  618s
 23510 17689 10448.1820   40  307 12430.4000 10212.3699  17.8%  76.4  623s
 23647 17780 12172.0190   98   18 12430.4000 10213.4097  17.8%  76.4  628s
 23768 17864 10738.0218   56  166 12430.4000 10213.5667  17.8%  76.4  632s
 23850 18006 11264.1250   92   47 12430.4000 10213.6772  17.8%  76.7  637s
 24031 18037 12087.3444  132   21 12430.4000 10213.9782  17.8%  76.6  642s
 24079 18069 10742.6585   46  202 12430.4000 10214.1307  17.8%  76.9  646s
 24112 18111 10769.1964   58  139 12430.4000 10214.1307  17.8%  77.1  651s
 24165 18148 11083.4040   64  104 12430.4000 10214.1307  17.8%  77.2  655s
 24201 18296 11143.0066   75   99 12430.4000 10217.1608  17.8%  77.5  661s
 24397 18341 10446.5507   43  205 12430.4000 10217.1608  17.8%  77.4  666s
 24442 18454 10561.4685   53  188 12430.4000 10217.1608  17.8%  77.5  672s
 24560 18551 10936.9381   88  113 12430.4000 10217.3737  17.8%  77.4  677s
 24677 18583 10666.1071   40  282 12430.4000 10217.7866  17.8%  77.5  683s
 24709 18773 11227.8892   56  237 12430.4000 10217.8967  17.8%  77.6  688s
H24929 18467                    12351.520000 10218.0292  17.3%  77.4  693s
 24962 18521 10641.3364   53  184 12351.5200 10218.0292  17.3%  77.7  698s
 25018 18643 10833.7852   73   72 12351.5200 10218.5013  17.3%  77.9  702s
 25199 18692 12121.3300  131    - 12351.5200 10219.4450  17.3%  78.0  707s
 25267 18730 12155.0400  131    - 12351.5200 10221.3884  17.2%  78.2  712s
 25318 18795 12225.6900  132    - 12351.5200 10221.7029  17.2%  78.4  716s
*25407 18269             133    12226.240000 10221.8014  16.4%  78.5  721s
*25409 18118             132    12204.240000 10221.8014  16.2%  78.5  721s
 25426 18203 10564.5566   39  224 12204.2400 10221.8014  16.2%  78.6  725s
 25526 18259 11769.0504   82   41 12204.2400 10223.4264  16.2%  78.7  730s
 25592 18397 10588.5527   45  211 12204.2400 10223.4264  16.2%  79.0  735s
 25758 18530 11466.7572   71  103 12204.2400 10223.6494  16.2%  79.0  740s
 25921 18634 11004.2663   64  253 12204.2400 10225.6378  16.2%  78.9  745s
 26061 18673 11901.9489  101   21 12204.2400 10226.4350  16.2%  79.0  750s
 26173 18764 11306.3132   69   97 12204.2400 10229.9368  16.2%  79.3  755s
 26314 18838 11848.2044   77   95 12204.2400 10231.2493  16.2%  79.4  760s
 26419 18934 11105.1746  106   10 12204.2400 10233.2096  16.2%  79.4  765s
 26562 19111     cutoff  106      12204.2400 10234.4380  16.1%  79.7  774s
 26585 19116 11057.4511   57   81 12204.2400 10234.4839  16.1%  79.8  775s
 26709 19214     cutoff  109      12204.2400 10234.5947  16.1%  79.7  780s
 26840 19270 11948.5300  115    - 12204.2400 10235.2631  16.1%  79.8  785s
 26980 19472 10534.7725   44  252 12204.2400 10235.5005  16.1%  80.2  794s
 27153 19475 12194.2800  169    - 12204.2400 10235.5005  16.1%  80.1  795s
 27179 19561 10767.3253   63  192 12204.2400 10235.5005  16.1%  80.0  800s
 27285 19671 11179.0866   82   70 12204.2400 10235.7591  16.1%  80.2  805s
 27417 19706 10509.8256   41  205 12204.2400 10235.7591  16.1%  80.3  813s
 27452 19845 11190.9726   66   91 12204.2400 10237.6447  16.1%  80.4  818s
 27609 19885 infeasible  165      12204.2400 10237.7046  16.1%  80.3  823s
 27687 19929 10878.8081   45  280 12204.2400 10237.7654  16.1%  80.5  827s
 27731 19995 11822.4892   78   95 12204.2400 10238.5459  16.1%  80.7  832s
 27818 20069     cutoff  122      12204.2400 10239.1559  16.1%  80.9  837s
 27911 20135 11103.7096   54  144 12204.2400 10240.5468  16.1%  81.0  842s
 27988 20231 10855.1759   62  232 12204.2400 10240.5917  16.1%  81.2  847s
 28084 20307 11661.7748  120   33 12204.2400 10240.8990  16.1%  81.3  851s
 28200 20411     cutoff  165      12204.2400 10241.0265  16.1%  81.4  856s
 28330 20478 11109.5792   76  221 12204.2400 10243.6157  16.1%  81.4  862s
 28411 20554     cutoff  116      12204.2400 10243.7086  16.1%  81.6  867s
 28510 20634 11143.7699   58   65 12204.2400 10243.9991  16.1%  81.7  872s
 28609 20727 10909.3285   66  164 12204.2400 10244.6904  16.1%  81.8  878s
 28700 20858 11745.5871  102   43 12204.2400 10245.7348  16.0%  82.0  883s
 28860 20963     cutoff  146      12204.2400 10245.7456  16.0%  82.0  888s
 28995 21047 11294.1188   83  183 12204.2400 10247.0144  16.0%  82.1  894s
 29130 21093 10900.4042   61  202 12204.2400 10249.4746  16.0%  82.1  899s
 29197 21161 12133.6161   84   55 12204.2400 10249.7246  16.0%  82.4  904s
 29295 21281 10621.1831   53  197 12204.2400 10250.2890  16.0%  82.4  909s
 29330 21281 10993.0127   88  121 12204.2400 10250.2890  16.0%  82.5  910s
 29440 21386 12076.6500  150   18 12204.2400 10250.5200  16.0%  82.5  915s
 29580 21447     cutoff  160      12204.2400 10250.9865  16.0%  82.5  920s
*29581 21381             159    12196.170000 10250.9865  15.9%  82.5  920s
*29583 21358             158    12193.290000 10250.9865  15.9%  82.5  920s
 29640 21451 11705.5201   68  153 12193.2900 10253.9004  15.9%  82.7  925s
H29781 18588                    11783.410000 10254.1946  13.0%  82.7  930s
 29898 18631 10878.5677   72  222 11783.4100 10254.4312  13.0%  83.2  939s
 29932 18678 11127.9082   81  226 11783.4100 10255.1399  13.0%  83.4  944s
 29989 18750 10526.8367   40  235 11783.4100 10255.1399  13.0%  83.6  948s
 30073 18797 10798.8965   50  252 11783.4100 10255.1399  13.0%  83.8  953s
 30120 18908 10995.5577   59  211 11783.4100 10255.1399  13.0%  84.0  958s
 30250 18972 11555.7342   88   53 11783.4100 10257.2860  13.0%  84.1  963s
 30330 19042     cutoff   94      11783.4100 10258.2431  12.9%  84.3  968s
 30411 19117 11547.6589   95  145 11783.4100 10258.9547  12.9%  84.5  973s
 30510 19194 10791.8789   50  168 11783.4100 10258.9608  12.9%  84.6  979s
 30611 19232 10427.3686   33  316 11783.4100 10259.4329  12.9%  84.8  984s
 30649 19320 10917.6572   54  145 11783.4100 10260.0254  12.9%  85.1  989s
 30759 19405 11424.6200   80   13 11783.4100 10260.9905  12.9%  85.2  995s
 30874 19433 10490.2376   39  269 11783.4100 10260.9905  12.9%  85.3 1001s
 30904 19476 11105.1061   49  279 11783.4100 10260.9905  12.9%  85.6 1005s
 30947 19538 11584.4134   64  182 11783.4100 10261.3396  12.9%  85.8 1010s
H30967 18719                    11687.450000 10261.3396  12.2%  85.8 1010s
 31039 18774 11297.4281   77   63 11687.4500 10264.0904  12.2%  86.0 1015s
 31116 18828 10882.9745   46  229 11687.4500 10264.1418  12.2%  86.2 1020s
 31190 18903 10497.2402   42  267 11687.4500 10264.2432  12.2%  86.4 1025s
 31267 18982 11284.6195   72  117 11687.4500 10264.4985  12.2%  86.5 1032s
 31374 19052 11281.7481   60  118 11687.4500 10265.3947  12.2%  86.7 1037s
 31478 19106 10499.7179   41  152 11687.4500 10266.5645  12.2%  86.9 1042s
 31528 19170 11128.2570   59   92 11687.4500 10266.7173  12.2%  87.1 1048s
 31632 19224 10708.4013   39  322 11687.4500 10267.1788  12.2%  87.3 1053s
 31697 19307 11196.9534   60  141 11687.4500 10268.1885  12.1%  87.5 1059s
 31806 19384 11445.2263   74   64 11687.4500 10268.3316  12.1%  87.6 1064s
 31917 19461 11664.6398   99    7 11687.4500 10268.4458  12.1%  87.7 1070s
 32019 19539 infeasible  118      11687.4500 10268.5396  12.1%  87.8 1075s
 32119 19617 10590.6131   44  256 11687.4500 10268.5593  12.1%  87.9 1080s
 32211 19769 10941.0096   64  195 11687.4500 10269.4012  12.1%  88.1 1086s
 32390 19810     cutoff  153      11687.4500 10269.5789  12.1%  88.0 1092s
 32443 19849 11304.1303   66  161 11687.4500 10269.8447  12.1%  88.3 1097s
 32490 19917 11058.2088   59  223 11687.4500 10270.1927  12.1%  88.5 1103s
 32595 20027 11682.1077  110   73 11687.4500 10270.5684  12.1%  88.6 1109s
 32736 20128 10536.9275   46  289 11687.4500 10271.3830  12.1%  88.7 1115s
H32857 19259                    11608.450000 10271.5649  11.5%  88.8 1121s
 32916 19347     cutoff   84      11608.4500 10274.8380  11.5%  89.0 1127s
 33033 19407 10650.9864   49  245 11608.4500 10275.1362  11.5%  89.2 1132s
 33113 19495 11283.4686   66   36 11608.4500 10275.4694  11.5%  89.3 1137s
 33263 19535     cutoff   92      11608.4500 10276.6300  11.5%  89.4 1142s
 33304 19619 11358.8102   83  140 11608.4500 10277.2121  11.5%  89.7 1148s
 33410 19746 10776.8236   52  245 11608.4500 10278.6529  11.5%  89.8 1154s
 33559 19779 11337.7058   88   14 11608.4500 10280.0736  11.4%  89.8 1159s
 33606 19828 11455.7430   89   78 11608.4500 10280.2788  11.4%  90.0 1164s
 33673 19867 10676.4886   44  205 11608.4500 10280.3520  11.4%  90.2 1170s
 33712 19889 10950.1123   47  114 11608.4500 10280.3520  11.4%  90.5 1176s
H33723 18995                    11532.330000 10280.3520  10.9%  90.5 1177s
 33734 19132 10977.8167   47  120 11532.3300 10280.3520  10.9%  90.6 1184s
 33875 19234 11455.0482   65   21 11532.3300 10280.7315  10.9%  90.7 1190s
 34032 19280     cutoff   67      11532.3300 10280.7730  10.9%  90.7 1196s
 34148 19329 11268.7127   77   94 11532.3300 10280.8961  10.9%  90.9 1202s
 34223 19397 10985.1336   57  132 11532.3300 10281.2754  10.8%  91.0 1207s
 34349 19453 10809.1364   63  296 11532.3300 10282.5167  10.8%  91.2 1214s
 34439 19555 10416.1143   45  263 11532.3300 10283.8188  10.8%  91.3 1219s
 34487 19555 11367.3556   93   51 11532.3300 10283.8188  10.8%  91.3 1220s
 34555 19625 infeasible  112      11532.3300 10284.2917  10.8%  91.4 1225s
 34636 19741 11065.5721   60  174 11532.3300 10284.6580  10.8%  91.6 1231s
 34774 19800 10629.3724   42  330 11532.3300 10284.7880  10.8%  91.6 1237s
 34841 19857 11128.6479   64  196 11532.3300 10285.1036  10.8%  91.8 1243s
 34918 19931 10851.8640   44  205 11532.3300 10286.0169  10.8%  92.0 1248s
 35006 19969 11387.0762   63   59 11532.3300 10286.0709  10.8%  92.2 1254s
 35061 20066 11088.0870   61  151 11532.3300 10286.4810  10.8%  92.4 1260s
 35193 20106     cutoff  110      11532.3300 10287.2833  10.8%  92.5 1266s
 35246 20173 10956.5965   52  255 11532.3300 10287.3832  10.8%  92.8 1271s
 35332 20223 10482.2128   43  377 11532.3300 10287.3832  10.8%  93.0 1277s
 35399 20252 11487.4027   66  174 11532.3300 10287.5689  10.8%  93.1 1283s
 35440 20332 11089.6087   51  139 11532.3300 10288.0728  10.8%  93.3 1288s
 35548 20408 infeasible   78      11532.3300 10288.8177  10.8%  93.4 1294s
 35590 20408 11414.9008   79  129 11532.3300 10288.8177  10.8%  93.5 1295s
 35647 20480 10768.1121   57  204 11532.3300 10288.8834  10.8%  93.6 1301s
 35745 20534 10746.3533   41  303 11532.3300 10289.0478  10.8%  93.7 1306s
 35799 20601 11278.8896   59  291 11532.3300 10289.3252  10.8%  94.0 1312s
 35908 20688 11193.2550   86   28 11532.3300 10290.7126  10.8%  94.1 1317s
 36013 20761 11402.9223   65   93 11532.3300 10291.0682  10.8%  94.2 1323s
 36103 20832 11029.7493   51  319 11532.3300 10291.9908  10.8%  94.4 1329s
 36188 20885 10640.3416   40  346 11532.3300 10292.1776  10.8%  94.5 1335s
 36245 20948 11394.0005   71  121 11532.3300 10292.4128  10.8%  94.8 1341s
 36328 21024 10841.7979   52  269 11532.3300 10292.8293  10.7%  94.9 1347s
 36427 21051 10377.2805   34  313 11532.3300 10292.8301  10.7%  95.1 1354s
 36455 21117 10944.5175   52  139 11532.3300 10293.1243  10.7%  95.2 1360s
 36548 21198     cutoff   64      11532.3300 10293.7354  10.7%  95.4 1366s
 36644 21279 10968.5960   57  234 11532.3300 10294.3822  10.7%  95.5 1372s
 36743 21382 10740.0070   46  189 11532.3300 10296.0587  10.7%  95.7 1379s
 36876 21527 10543.6704   43  147 11532.3300 10296.4907  10.7%  95.7 1386s
H37040 21475                    11520.680000 10296.7825  10.6%  95.7 1393s
 37151 21518 10538.8738   44  320 11520.6800 10297.0989  10.6%  95.9 1399s
 37198 21582 11253.8924   69  199 11520.6800 10297.3600  10.6%  96.1 1406s
 37302 21640 10743.1457   61  129 11520.6800 10297.4400  10.6%  96.2 1414s
 37381 21743 11452.4164   82   73 11520.6800 10297.7286  10.6%  96.3 1421s
 37527 21847 infeasible  107      11520.6800 10297.7675  10.6%  96.3 1427s
 37665 21903 10538.1212   42  191 11520.6800 10298.0614  10.6%  96.4 1434s
 37751 21957 10842.7288   76  266 11520.6800 10298.4723  10.6%  96.6 1440s
 37817 22013     cutoff   95      11520.6800 10298.4842  10.6%  96.8 1446s
 37899 22102 11093.3355   58  130 11520.6800 10298.6431  10.6%  97.0 1452s
 38000 22209 10639.2180   45  272 11520.6800 10298.6431  10.6%  97.1 1459s
 38041 22209 11029.3787   66   45 11520.6800 10298.6431  10.6%  97.2 1460s
 38135 22329 11031.8049   75   25 11520.6800 10300.2796  10.6%  97.2 1466s
 38298 22423     cutoff   91      11520.6800 10301.7117  10.6%  97.2 1473s
 38422 22493 10646.8841   44  285 11520.6800 10302.2713  10.6%  97.3 1480s
 38528 22524     cutoff   86      11520.6800 10302.5373  10.6%  97.5 1486s
 38576 22563 10588.3327   38  293 11520.6800 10302.5373  10.6%  97.7 1492s
 38627 22614 11193.2137   63  294 11520.6800 10302.9665  10.6%  98.0 1498s
 38686 22690 10794.5847   47  203 11520.6800 10303.0857  10.6%  98.2 1505s
 38782 22768 10501.9013   45  246 11520.6800 10303.1595  10.6%  98.3 1511s
 38891 22842 10519.4584   42  178 11520.6800 10304.1028  10.6%  98.4 1518s
 38981 22976 10605.7290   42  270 11520.6800 10304.2402  10.6%  98.6 1525s
 39151 23020 10436.5974   37  286 11520.6800 10304.5130  10.6%  98.6 1532s
 39207 23135 11194.5273   63  154 11520.6800 10304.7637  10.6%  98.8 1538s
 39366 23198 10585.9817   47  314 11520.6800 10306.2789  10.5%  98.8 1546s
 39469 23256     cutoff   84      11520.6800 10306.7352  10.5%  98.9 1553s
 39534 23366 10759.9703   53  142 11520.6800 10307.3345  10.5%  99.2 1560s
 39656 23413 10495.5992   44  278 11520.6800 10307.3345  10.5%  99.3 1567s
 39711 23455 11425.0414   68  122 11520.6800 10307.4323  10.5%   100 1573s
 39760 23527 10922.1747   64   87 11520.6800 10307.4331  10.5%   100 1580s
 39855 23615 10913.2514   55  190 11520.6800 10307.8173  10.5%   100 1588s
 39958 23712     cutoff   99      11520.6800 10307.8510  10.5%   100 1595s
 40110 23833 10795.9690   54  155 11520.6800 10308.4721  10.5%   100 1603s
 40275 23906 11403.1150   64  167 11520.6800 10308.8669  10.5%   100 1609s
 40366 23977 10808.9299   47  220 11520.6800 10308.8853  10.5%   100 1616s
 40457 24031 10659.0332   51  281 11520.6800 10309.3569  10.5%   100 1623s
 40531 24081 10655.4608   44  257 11520.6800 10309.8569  10.5%   100 1629s
 40587 24137 10886.8496   53  235 11520.6800 10309.8569  10.5%   101 1636s
H40588 22936                    11450.680000 10309.8569  10.0%   101 1636s
 40677 23002     cutoff   69      11450.6800 10310.1812  10.0%   101 1644s
 40796 23047 10527.7213   44  249 11450.6800 10310.3920  10.0%   101 1650s
 40843 23108 11410.3215   73  141 11450.6800 10310.9772  10.0%   101 1657s
 40918 23198 10961.6861   54  194 11450.6800 10311.0455  10.0%   101 1664s
 41035 23255 10730.6591   44  201 11450.6800 10311.2439  10.0%   101 1671s
 41194 23313 10722.7496   48  220 11450.6800 10311.7260  9.95%   101 1678s
 41271 23385 10775.5122   45  166 11450.6800 10311.7917  9.95%   102 1685s
 41373 23454 11167.8369   51  163 11450.6800 10311.8313  9.95%   102 1692s
 41474 23625 10696.0266   49  147 11450.6800 10312.4559  9.94%   102 1699s
 41508 23625 10804.6700   75   13 11450.6800 10312.4559  9.94%   102 1700s
 41681 23694     cutoff  137      11450.6800 10312.7323  9.94%   102 1706s
 41771 23752 10678.7370   44  285 11450.6800 10313.6912  9.93%   102 1713s
 41853 23855 11044.8899   81   90 11450.6800 10313.8090  9.93%   102 1721s
 41996 23909 11208.9730   84   94 11450.6800 10314.2157  9.92%   102 1728s
 42070 23964 10623.6455   47  142 11450.6800 10314.2157  9.92%   103 1736s
 42135 24072 10770.0212   75  135 11450.6800 10314.3560  9.92%   103 1743s
 42263 24201 10938.7183   51  125 11450.6800 10314.6783  9.92%   103 1751s
 42438 24290 10814.6020   59  149 11450.6800 10314.8405  9.92%   103 1759s
 42557 24348     cutoff   74      11450.6800 10315.3739  9.91%   103 1767s
 42646 24407 10833.2456   56  176 11450.6800 10315.9302  9.91%   103 1773s
 42719 24493 10815.0010   44  203 11450.6800 10316.2317  9.91%   103 1781s
 42839 24549 10665.3504   39  311 11450.6800 10316.4608  9.91%   103 1788s
 42925 24607 10546.9748   35  313 11450.6800 10316.4875  9.91%   103 1795s
 42989 24658     cutoff   61      11450.6800 10316.6986  9.90%   104 1802s
 43050 24765 11278.4834   56  216 11450.6800 10317.2526  9.90%   104 1809s
 43189 24928 10819.9086   57  180 11450.6800 10317.6877  9.89%   104 1817s
 43394 24984 10841.9946   42  251 11450.6800 10317.8352  9.89%   104 1825s
 43454 25025 10927.7268   47  308 11450.6800 10317.8352  9.89%   104 1832s
 43523 25097 11276.8937   56  173 11450.6800 10318.2021  9.89%   104 1839s
 43628 25237 11009.0383   62  146 11450.6800 10318.9387  9.88%   104 1847s
 43816 25314 10492.6340   42  297 11450.6800 10319.7092  9.88%   104 1857s
