




arguments: ./build/mirp_solver -f ./input/orig_exec_126.cfg
Current dir: /scratch/gui/bnc_mirp
File verbosity level: 9
date       time         ( uptime  ) [ thread name/id ]                   file:line     v| 
2021-01-09 23:13:00.904 (   0.069s) [main thread     ]             loguru.cpp:789   INFO| Logging to './output/vi_qua/OU/V2/Original/execution_09_01_2021_23_13_00.log', mode: 'a', verbosity: 9
--------------------------------------------------------------------------------
Parameters
                           instance_path           ./input/Instances/Original/4/
                            model_policy                                       1
                             nb_vehicles                                       2
                              output_dir         ./output/vi_qua/OU/V2/Original/
                            sec_strategy                                       1
                       solver_nb_threads                                       2
                         solver_show_log                                    true
                       solver_time_limit                                    3600
                              use_vi_cos                                   false
                              use_vi_cus                                   false
                         use_vi_hc1_full                                   false
                         use_vi_hc1_half                                   false
                      use_vi_hc1_quarter                                   false
                              use_vi_hc2                                   false
                              use_vi_hc3                                   false
                         use_vi_lex_full                                   false
                         use_vi_lex_half                                   false
                      use_vi_lex_quarter                                   false
                              use_vi_qua                                    true
                               use_vi_vc                                   false
                               use_vi_vr                                   false
--------------------------------------------------------------------------------
executing instance: ./input/Instances/Original/4/absH3low_3n30.dat
--------------------------------------------------------------------------------
Instance details
n	31
H	3
C	2841
Li:
[0, 0, 0, 0, 0, 0, 0, 0, 0, 0, 0, 0, 0, 0, 0, 0, 0, 0, 0, 0, 0, 0, 0, 0, 0, 0, 0, 0, 0, 0, 0, ]
Ui:
[0, 246, 98, 54, 144, 171, 192, 180, 165, 98, 122, 198, 297, 144, 130, 129, 219, 138, 142, 150, 108, 66, 64, 285, 180, 204, 276, 168, 240, 198, 122, ]
Distance matrix:
|0	172	56	166	260	198	42	197	296	110	91	112	238	275	323	183	330	232	175	181	162	191	232	280	201	139	356	185	266	216	26	|
|172	0	178	223	320	335	153	355	444	62	231	99	333	376	214	352	176	235	194	106	47	41	353	161	299	175	225	43	326	374	153	|
|56	178	0	110	204	162	93	233	336	125	144	148	187	226	358	180	313	284	123	152	182	185	282	252	256	88	329	177	210	251	42	|
|166	223	110	0	102	150	199	327	431	194	253	237	113	156	431	228	296	386	44	140	248	208	389	218	366	48	287	200	108	344	148	|
|260	320	204	102	0	156	296	391	493	296	340	339	66	90	531	263	362	486	127	226	349	300	469	278	454	148	334	292	6	406	245	|
|198	335	162	150	156	0	239	255	351	286	245	307	93	106	518	111	442	423	194	280	344	335	349	367	352	182	437	327	158	266	199	|
|42	153	93	199	296	239	0	203	296	91	82	76	278	316	284	217	322	191	201	186	133	180	217	281	177	165	356	175	302	222	52	|
|197	355	233	327	391	255	203	0	104	294	125	266	340	361	436	151	524	276	352	377	330	383	109	477	146	319	553	377	395	19	222	|
|296	444	336	431	493	351	296	104	0	384	214	348	440	456	488	241	617	315	456	476	412	475	113	575	176	422	651	470	497	88	322	|
|110	62	125	194	296	286	91	294	384	0	171	55	298	340	238	292	233	210	176	118	58	91	298	201	248	148	273	87	302	313	94	|
|91	231	144	253	340	245	82	125	214	171	0	141	307	339	324	184	403	187	266	266	204	261	140	363	114	230	438	256	346	144	116	|
|112	99	148	237	339	307	76	266	348	55	141	0	332	373	212	292	275	156	225	173	64	137	254	253	200	194	322	135	345	284	108	|
|238	333	187	113	66	93	278	340	440	298	307	332	0	43	536	203	404	469	153	253	354	321	427	322	420	160	385	313	67	353	229	|
|275	376	226	156	90	106	316	361	456	340	339	373	43	0	578	216	443	507	194	295	397	364	453	361	451	203	421	356	88	372	268	|
|323	214	358	431	531	518	284	436	488	238	324	212	536	578	0	498	309	176	407	320	183	245	376	344	312	383	379	251	537	451	319	|
|183	352	180	228	263	111	217	151	241	292	184	292	203	216	498	0	492	371	266	328	345	364	255	426	272	242	501	356	266	159	198	|
|330	176	313	296	362	442	322	524	617	233	403	275	404	443	309	492	0	397	253	164	218	142	529	84	475	260	72	147	367	543	306	|
|232	235	284	386	486	423	191	276	315	210	187	156	469	507	176	371	397	0	379	327	188	276	202	396	139	346	456	277	492	289	242	|
|175	194	123	44	127	194	201	352	456	176	266	225	153	194	407	266	253	379	0	101	225	174	405	174	375	36	244	166	133	370	152	|
|181	106	152	140	226	280	186	377	476	118	266	173	253	295	320	328	164	327	101	0	148	76	403	100	360	98	177	69	232	396	155	|
|162	47	182	248	349	344	133	330	412	58	204	64	354	397	183	345	218	188	225	148	0	89	316	208	259	201	270	90	355	348	149	|
|191	41	185	208	300	335	180	383	475	91	261	137	321	364	245	364	142	276	174	76	89	0	388	119	336	162	185	8	306	402	169	|
|232	353	282	389	469	349	217	109	113	298	140	254	427	453	376	255	529	202	405	403	316	388	0	497	64	369	570	384	474	112	256	|
|280	161	252	218	278	367	281	477	575	201	363	253	322	361	344	426	84	396	174	100	208	119	497	0	449	187	77	119	283	496	255	|
|201	299	256	366	454	352	177	146	176	248	114	200	420	451	312	272	475	139	375	360	259	336	64	449	0	339	521	333	460	156	223	|
|139	175	88	48	148	182	165	319	422	148	230	194	160	203	383	242	260	346	36	98	201	162	369	187	339	0	260	153	154	337	116	|
|356	225	329	287	334	437	356	553	651	273	438	322	385	421	379	501	72	456	244	177	270	185	570	77	521	260	0	187	338	572	331	|
|185	43	177	200	292	327	175	377	470	87	256	135	313	356	251	356	147	277	166	69	90	8	384	119	333	153	187	0	298	396	163	|
|266	326	210	108	6	158	302	395	497	302	346	345	67	88	537	266	367	492	133	232	355	306	474	283	460	154	338	298	0	410	251	|
|216	374	251	344	406	266	222	19	88	313	144	284	353	372	451	159	543	289	370	396	348	402	112	496	156	337	572	396	410	0	241	|
|26	153	42	148	245	199	52	222	322	94	116	108	229	268	319	198	306	242	152	155	149	169	256	255	223	116	331	163	251	241	0	|

--------------------------------------------------------------------------------
Building model...
	using lazy and cut (CVRPSEP package)
Solving IRP LP...
--------------------------------------------------------------------------------

Gurobi 9.1.0 (linux64) logging started Sat Jan  9 23:13:01 2021

Gurobi Optimizer version 9.1.0 build v9.1.0rc0 (linux64)
Thread count: 32 physical cores, 32 logical processors, using up to 2 threads
Optimize a model with 682 rows, 3280 columns and 7972 nonzeros
Model fingerprint: 0xafe58a7e
Variable types: 304 continuous, 2976 integer (186 binary)
Coefficient statistics:
  Matrix range     [1e+00, 1e+03]
  Objective range  [1e-02, 7e+02]
  Bounds range     [1e+00, 3e+02]
  RHS range        [3e+01, 5e+03]
Presolve removed 215 rows and 122 columns
Presolve time: 0.05s
Presolved: 467 rows, 3158 columns, 7275 nonzeros
Variable types: 182 continuous, 2976 integer (2796 binary)

Root relaxation: objective 2.308438e+03, 606 iterations, 0.01 seconds

    Nodes    |    Current Node    |     Objective Bounds      |     Work
 Expl Unexpl |  Obj  Depth IntInf | Incumbent    BestBd   Gap | It/Node Time

     0     0 2308.43801    0   74          - 2308.43801      -     -    0s
     0     0 2621.73735    0   87          - 2621.73735      -     -    0s
     0     0 3183.84541    0  131          - 3183.84541      -     -    0s
     0     0 3184.30178    0   91          - 3184.30178      -     -    0s
     0     0 3272.22073    0  146          - 3272.22073      -     -    0s
     0     0 3303.43469    0  130          - 3303.43469      -     -    0s
     0     0 3305.03533    0  130          - 3305.03533      -     -    0s
     0     0 3305.19241    0  136          - 3305.19241      -     -    0s
     0     0 3427.61060    0  148          - 3427.61060      -     -    0s
     0     0 3435.73030    0  157          - 3435.73030      -     -    0s
     0     0 3436.02072    0  178          - 3436.02072      -     -    0s
     0     0 3443.15160    0  164          - 3443.15160      -     -    0s
     0     0 3445.54656    0  162          - 3445.54656      -     -    0s
     0     0 3445.54995    0  172          - 3445.54995      -     -    0s
     0     0 3447.98673    0  224          - 3447.98673      -     -    0s
     0     0 3447.98673    0  224          - 3447.98673      -     -    0s
     0     2 3448.55733    0  224          - 3448.55733      -     -    0s
*  501   316             128    4986.1900000 3461.39609  30.6%  55.7    5s
H  539   343                    4983.1900000 3461.39609  30.5%  60.4    6s
H  650   257                    4264.8500000 3461.39609  18.8%  58.9    7s
H  692   264                    4133.8500000 3461.39609  16.3%  60.5    9s
   724   280 4101.77550   35   94 4133.85000 3461.39609  16.3%  59.6   10s
   756   302 4030.61500   80  308 4133.85000 3601.95839  12.9%  57.0   15s
H  785   305                    4128.8500000 3611.53986  12.5%  62.9   18s
   795   312 3678.75843    9  303 4128.85000 3614.58219  12.5%  62.1   20s
   819   331 3634.32927   25  263 4128.85000 3627.89009  12.1%  71.6   25s
  1003   428 3898.02792   60   89 4128.85000 3637.31408  11.9%  78.6   30s
  1300   509 3992.75873   36   94 4128.85000 3648.46626  11.6%  82.9   35s
  1493   564 3875.42205   29  221 4128.85000 3710.66260  10.1%  87.5   40s
  1651   615 3956.20663   29  115 4128.85000 3714.93561  10.0%  92.6   45s
H 1717   584                    4109.8500000 3725.04450  9.36%  92.6   46s
  1822   636 4045.50479   38  179 4109.85000 3745.99812  8.85%  95.9   50s
  2119   777 4000.49481   31  100 4109.85000 3757.03983  8.58%  94.7   55s
H 2148   338                    3956.8500000 3757.03983  5.05%  95.3   56s
  2261   363 3869.74808   29  205 3956.85000 3774.69437  4.60%  98.6   60s
H 2368   372                    3956.3400000 3788.83583  4.23%  99.3   62s
  2456   381     cutoff   29      3956.34000 3797.49605  4.01%   100   65s
H 2641   352                    3944.1200000 3817.62673  3.21%   103   69s
  2669   339     cutoff   40      3944.12000 3818.83338  3.18%   103   70s
  2796   305 3939.33555   32  159 3944.12000 3835.42109  2.76%   105   75s
* 2906   240              37    3929.3400000 3857.82652  1.82%   106   77s
* 2981   165              34    3917.9500000 3862.95094  1.40%   106   79s
* 2985   151              33    3914.8500000 3862.95094  1.33%   106   79s
  3013    58     cutoff   44      3914.85000 3867.05248  1.22%   106   81s

Cutting planes:
  User: 1731
  Gomory: 13
  Cover: 202
  Implied bound: 15
  Projected implied bound: 1
  Clique: 17
  MIR: 70
  StrongCG: 5
  Flow cover: 256
  GUB cover: 1
  Zero half: 27
  RLT: 125
  Relax-and-lift: 4
  Lazy constraints: 188

Explored 3183 nodes (331565 simplex iterations) in 81.77 seconds
Thread count was 2 (of 32 available processors)

Solution count 10: 3914.85 3917.95 3929.34 ... 4264.85

Optimal solution found (tolerance 1.00e-04)
Best objective 3.914850000000e+03, best bound 3.914850000000e+03, gap 0.0000%

User-callback calls 16893, time in user-callback 7.06 sec
================================================================================
executing instance: ./input/Instances/Original/4/absH3low_3n10.dat
--------------------------------------------------------------------------------
Instance details
n	11
H	3
C	687
Li:
[0, 0, 0, 0, 0, 0, 0, 0, 0, 0, 0, ]
Ui:
[0, 189, 44, 174, 78, 36, 198, 117, 42, 96, 240, ]
Distance matrix:
|0	209	255	286	142	156	285	317	182	161	135	|
|209	0	464	451	315	356	490	469	361	299	260	|
|255	464	0	221	202	130	74	280	189	254	273	|
|286	451	221	0	145	156	164	479	354	153	192	|
|142	315	202	145	0	73	194	388	250	53	73	|
|156	356	130	156	73	0	134	332	200	127	144	|
|285	490	74	164	194	134	0	353	256	239	267	|
|317	469	280	479	388	332	353	0	141	436	430	|
|182	361	189	354	250	200	256	141	0	296	289	|
|161	299	254	153	53	127	239	436	296	0	39	|
|135	260	273	192	73	144	267	430	289	39	0	|

--------------------------------------------------------------------------------
Building model...
	using lazy and cut (CVRPSEP package)
Solving IRP LP...
--------------------------------------------------------------------------------

Gurobi 9.1.0 (linux64) logging started Sat Jan  9 23:14:22 2021

Gurobi Optimizer version 9.1.0 build v9.1.0rc0 (linux64)
Thread count: 32 physical cores, 32 logical processors, using up to 2 threads
Optimize a model with 242 rows, 500 columns and 1472 nonzeros
Model fingerprint: 0x26a2afe0
Variable types: 104 continuous, 396 integer (66 binary)
Coefficient statistics:
  Matrix range     [1e+00, 3e+02]
  Objective range  [1e-02, 5e+02]
  Bounds range     [1e+00, 2e+02]
  RHS range        [2e+01, 1e+03]
Presolve removed 75 rows and 42 columns
Presolve time: 0.01s
Presolved: 167 rows, 458 columns, 1235 nonzeros
Variable types: 62 continuous, 396 integer (336 binary)
Found heuristic solution: objective 5425.2300000

Root relaxation: objective 1.258552e+03, 261 iterations, 0.01 seconds

    Nodes    |    Current Node    |     Objective Bounds      |     Work
 Expl Unexpl |  Obj  Depth IntInf | Incumbent    BestBd   Gap | It/Node Time

     0     0 1258.55224    0   34 5425.23000 1258.55224  76.8%     -    0s
H    0     0                    5168.8400000 1258.55224  75.7%     -    0s
     0     0 1636.47429    0   48 5168.84000 1636.47429  68.3%     -    0s
     0     0 1929.89216    0   56 5168.84000 1929.89216  62.7%     -    0s
H    0     0                    3949.0700000 1929.89216  51.1%     -    0s
H    0     0                    3912.0700000 1929.89216  50.7%     -    0s
     0     0 1929.89216    0   55 3912.07000 1929.89216  50.7%     -    0s
     0     0 2052.41328    0   71 3912.07000 2052.41328  47.5%     -    0s
     0     0 2062.94200    0   90 3912.07000 2062.94200  47.3%     -    0s
     0     0 2063.93858    0   81 3912.07000 2063.93858  47.2%     -    0s
     0     0 2063.93858    0   82 3912.07000 2063.93858  47.2%     -    0s
     0     0 2077.23063    0   71 3912.07000 2077.23063  46.9%     -    0s
     0     0 2096.29279    0   84 3912.07000 2096.29279  46.4%     -    0s
     0     0 2096.29279    0   82 3912.07000 2096.29279  46.4%     -    0s
     0     0 2099.63573    0   97 3912.07000 2099.63573  46.3%     -    0s
     0     0 2099.73694    0   82 3912.07000 2099.73694  46.3%     -    0s
     0     0 2102.31609    0  113 3912.07000 2102.31609  46.3%     -    0s
     0     0 2102.31609    0  113 3912.07000 2102.31609  46.3%     -    0s
H    0     0                    3530.8100000 2106.04364  40.4%     -    0s
     0     2 2106.04364    0  113 3530.81000 2106.04364  40.4%     -    0s
H   58    66                    3524.8100000 2111.73962  40.1%  32.1    0s
H   64    66                    3299.5900000 2111.73962  36.0%  31.9    0s
H   65    78                    2670.3200000 2111.73962  20.9%  31.5    0s
H   97    92                    2624.3200000 2150.21520  18.1%  33.4    0s
H  130   108                    2493.1000000 2156.65033  13.5%  35.2    0s
H  164   113                    2449.1000000 2156.65033  11.9%  38.7    0s

Cutting planes:
  User: 90
  Gomory: 5
  Cover: 68
  Implied bound: 7
  Clique: 6
  MIR: 49
  StrongCG: 6
  Flow cover: 54
  GUB cover: 2
  RLT: 49
  Relax-and-lift: 9
  Lazy constraints: 32

Explored 554 nodes (18378 simplex iterations) in 1.09 seconds
Thread count was 2 (of 32 available processors)

Solution count 10: 2449.1 2493.1 2624.32 ... 5168.84

Optimal solution found (tolerance 1.00e-04)
Best objective 2.449100000000e+03, best bound 2.449100000000e+03, gap 0.0000%

User-callback calls 1537, time in user-callback 0.16 sec
================================================================================
executing instance: ./input/Instances/Original/4/absH3low_3n15.dat
--------------------------------------------------------------------------------
Instance details
n	16
H	3
C	1267
Li:
[0, 0, 0, 0, 0, 0, 0, 0, 0, 0, 0, 0, 0, 0, 0, 0, ]
Ui:
[0, 156, 267, 148, 144, 87, 33, 171, 76, 141, 270, 282, 60, 110, 172, 57, ]
Distance matrix:
|0	229	567	76	58	96	306	409	310	423	108	346	165	347	159	256	|
|229	0	482	243	279	155	375	525	251	419	158	373	65	123	329	246	|
|567	482	0	506	622	483	342	439	259	200	467	274	486	433	501	312	|
|76	243	506	0	119	88	230	337	255	352	88	272	179	347	94	194	|
|58	279	622	119	0	154	345	431	366	471	166	391	217	399	179	310	|
|96	155	483	88	154	0	266	397	224	358	17	289	92	262	176	179	|
|306	375	342	230	345	266	0	158	184	148	251	68	332	423	181	140	|
|409	525	439	337	431	397	158	0	340	244	386	201	476	581	253	298	|
|310	251	259	255	366	224	184	340	0	170	208	146	238	257	274	66	|
|423	419	200	352	471	358	148	244	170	0	341	84	396	424	323	182	|
|108	158	467	88	166	17	251	386	208	341	0	273	96	259	172	162	|
|346	373	274	272	391	289	68	201	146	84	273	0	340	400	239	127	|
|165	65	486	179	217	92	332	476	238	396	96	340	0	182	267	216	|
|347	123	433	347	399	262	423	581	257	424	259	400	182	0	423	283	|
|159	329	501	94	179	176	181	253	274	323	172	239	267	423	0	208	|
|256	246	312	194	310	179	140	298	66	182	162	127	216	283	208	0	|

--------------------------------------------------------------------------------
Building model...
	using lazy and cut (CVRPSEP package)
Solving IRP LP...
--------------------------------------------------------------------------------

Gurobi 9.1.0 (linux64) logging started Sat Jan  9 23:14:24 2021

Gurobi Optimizer version 9.1.0 build v9.1.0rc0 (linux64)
Thread count: 32 physical cores, 32 logical processors, using up to 2 threads
Optimize a model with 352 rows, 970 columns and 2647 nonzeros
Model fingerprint: 0x316248e0
Variable types: 154 continuous, 816 integer (96 binary)
Coefficient statistics:
  Matrix range     [1e+00, 6e+02]
  Objective range  [1e-02, 6e+02]
  Bounds range     [1e+00, 3e+02]
  RHS range        [1e+01, 2e+03]
Presolve removed 110 rows and 62 columns
Presolve time: 0.02s
Presolved: 242 rows, 908 columns, 2295 nonzeros
Variable types: 92 continuous, 816 integer (726 binary)

Root relaxation: objective 1.641402e+03, 328 iterations, 0.01 seconds

    Nodes    |    Current Node    |     Objective Bounds      |     Work
 Expl Unexpl |  Obj  Depth IntInf | Incumbent    BestBd   Gap | It/Node Time

     0     0 1641.40180    0   42          - 1641.40180      -     -    0s
     0     0 1893.88469    0   31          - 1893.88469      -     -    0s
     0     0 2329.00829    0   48          - 2329.00829      -     -    0s
H    0     0                    6730.7500000 2329.00829  65.4%     -    0s
H    0     0                    6367.7500000 2329.00829  63.4%     -    0s
     0     0 2372.36562    0   59 6367.75000 2372.36562  62.7%     -    0s
     0     0 2384.35675    0   58 6367.75000 2384.35675  62.6%     -    0s
     0     0 2384.35675    0   59 6367.75000 2384.35675  62.6%     -    0s
     0     0 2465.49953    0  119 6367.75000 2465.49953  61.3%     -    0s
     0     0 2484.32223    0  115 6367.75000 2484.32223  61.0%     -    0s
     0     0 2486.87860    0  123 6367.75000 2486.87860  60.9%     -    0s
     0     0 2486.87860    0  126 6367.75000 2486.87860  60.9%     -    0s
     0     0 2534.41547    0   97 6367.75000 2534.41547  60.2%     -    0s
H    0     0                    5516.7500000 2534.41547  54.1%     -    0s
     0     0 2554.21096    0  124 5516.75000 2554.21096  53.7%     -    0s
     0     0 2555.00120    0  116 5516.75000 2555.00120  53.7%     -    0s
     0     0 2569.97237    0  132 5516.75000 2569.97237  53.4%     -    0s
     0     0 2582.29450    0   85 5516.75000 2582.29450  53.2%     -    0s
     0     0 2582.63070    0  114 5516.75000 2582.63070  53.2%     -    0s
     0     0 2588.20306    0  108 5516.75000 2588.20306  53.1%     -    0s
     0     0 2588.21147    0  108 5516.75000 2588.21147  53.1%     -    0s
     0     0 2589.08010    0   99 5516.75000 2589.08010  53.1%     -    0s
     0     0 2589.08010    0   98 5516.75000 2589.08010  53.1%     -    0s
     0     2 2605.07846    0  102 5516.75000 2605.07846  52.8%     -    0s
H   54    61                    5008.7500000 2611.86846  47.9%  63.2    1s
H   58    61                    3839.1000000 2611.86846  32.0%  60.8    1s
*  100    98              46    3607.5400000 2611.86846  27.6%  46.9    1s
H  125   106                    3538.5400000 2645.15435  25.2%  46.1    1s
H  146   119                    3420.5400000 2645.15435  22.7%  51.5    1s
H  177   111                    3223.5400000 2645.15435  17.9%  51.8    1s
H  251   148                    3202.9400000 2653.77454  17.1%  55.3    2s
H  414   168                    3136.6800000 2777.34213  11.5%  54.9    3s
H  675   269                    3114.6800000 2811.09827  9.75%  50.7    4s
*  862   285              15    3112.6400000 2868.79606  7.83%  51.6    4s
   866   270     cutoff    8      3112.64000 2869.51433  7.81%  51.7    5s
H 1040   259                    3111.6800000 2902.21717  6.73%  51.4    5s
* 1642   247              18    3096.6800000 2977.94345  3.83%  45.7    7s
H 2111    95                    3081.5600000 3037.31305  1.44%  41.9    8s

Cutting planes:
  User: 384
  Gomory: 7
  Cover: 100
  Implied bound: 15
  Clique: 8
  MIR: 48
  StrongCG: 2
  Flow cover: 104
  Zero half: 15
  Mod-K: 1
  RLT: 69
  Relax-and-lift: 5
  Lazy constraints: 223

Explored 2230 nodes (92134 simplex iterations) in 8.55 seconds
Thread count was 2 (of 32 available processors)

Solution count 10: 3081.56 3096.68 3111.68 ... 3538.54

Optimal solution found (tolerance 1.00e-04)
Best objective 3.081560000000e+03, best bound 3.081560000000e+03, gap 0.0000%

User-callback calls 5850, time in user-callback 1.15 sec
================================================================================
executing instance: ./input/Instances/Original/4/absH3low_2n45.dat
--------------------------------------------------------------------------------
Instance details
n	46
H	3
C	3171
Li:
[0, 0, 0, 0, 0, 0, 0, 0, 0, 0, 0, 0, 0, 0, 0, 0, 0, 0, 0, 0, 0, 0, 0, 0, 0, 0, 0, 0, 0, 0, 0, 0, 0, 0, 0, 0, 0, 0, 0, 0, 0, 0, 0, 0, 0, 0, ]
Ui:
[0, 246, 160, 78, 20, 87, 144, 40, 20, 82, 60, 96, 24, 136, 160, 108, 160, 26, 228, 51, 24, 240, 231, 70, 32, 105, 174, 114, 246, 126, 132, 76, 22, 42, 255, 132, 148, 162, 66, 111, 102, 240, 123, 201, 297, 78, ]
Distance matrix:
|0	148	402	550	329	420	187	318	366	280	504	273	233	333	112	344	379	481	113	593	159	523	261	424	90	359	163	461	413	240	105	299	265	89	371	462	339	273	495	22	41	439	369	506	563	468	|
|148	0	284	517	394	284	136	369	244	311	496	166	329	355	223	202	338	388	204	565	254	506	118	346	71	423	173	471	336	118	105	352	198	105	248	428	302	305	487	153	179	441	230	497	517	370	|
|402	284	0	350	448	80	228	406	42	343	382	129	456	350	412	126	219	131	382	395	410	371	180	137	314	466	289	400	137	167	389	401	169	316	39	280	217	342	373	394	414	362	108	380	324	106	|
|550	517	350	0	339	429	385	308	374	295	93	375	431	249	481	461	180	239	458	48	445	57	474	214	496	333	387	160	216	424	601	321	320	471	376	90	217	301	93	530	534	146	452	88	52	262	|
|329	394	448	339	0	513	282	42	438	105	255	363	115	108	221	484	259	431	217	365	172	289	436	362	333	30	224	189	353	380	423	47	291	296	443	285	240	107	251	307	294	193	495	260	378	437	|
|420	284	80	429	513	0	267	473	76	408	462	163	509	421	449	86	298	201	421	474	455	451	167	217	330	533	333	478	217	181	386	466	225	341	70	360	291	406	453	416	438	440	59	460	400	176	|
|187	136	228	385	282	267	0	249	199	186	360	104	248	224	184	214	207	294	155	432	189	371	155	237	113	308	68	336	227	101	216	236	78	98	205	296	168	181	350	174	190	305	231	360	390	283	|
|318	369	406	308	42	473	249	0	397	66	229	325	128	67	216	447	218	389	206	337	168	260	402	320	311	61	196	167	311	345	406	19	252	275	403	248	198	70	223	296	286	164	457	233	344	395	|
|366	244	42	374	438	76	199	397	0	332	397	96	436	346	383	90	228	168	354	420	385	389	139	161	277	458	263	408	158	128	349	391	150	282	6	298	218	331	388	359	380	370	78	395	352	144	|
|280	311	343	295	105	408	186	66	332	0	231	259	142	53	191	380	171	337	173	332	150	257	337	267	258	127	139	182	258	280	359	58	186	223	338	222	143	6	224	258	254	164	390	234	323	340	|
|504	496	382	93	255	462	360	229	397	231	0	375	356	180	422	478	173	293	403	110	381	36	474	248	463	245	345	68	246	419	568	244	308	433	400	104	200	237	9	482	482	67	474	5	142	312	|
|273	166	129	375	363	163	104	325	96	259	375	0	347	283	288	121	202	221	259	423	292	376	99	183	186	386	170	370	175	52	269	315	76	187	102	288	177	256	365	265	285	333	133	374	365	204	|
|233	329	456	431	115	509	248	128	436	142	356	347	0	181	121	462	311	472	128	463	76	386	398	403	260	141	180	294	392	349	334	111	287	224	442	362	280	139	350	212	194	289	479	360	463	472	|
|333	355	350	249	108	421	224	67	346	53	180	283	181	0	244	403	152	324	226	283	201	207	369	256	307	118	186	129	247	311	409	74	208	273	351	183	136	59	173	311	307	113	410	183	282	331	|
|112	223	412	481	221	449	184	216	383	191	422	288	121	244	0	387	327	461	30	521	49	447	313	396	152	250	125	371	385	273	214	196	249	121	389	400	288	185	415	91	74	355	408	425	503	454	|
|344	202	126	461	484	86	214	447	90	380	478	121	462	403	387	0	305	256	360	508	400	473	84	250	255	507	282	482	246	115	302	437	196	271	90	382	288	377	469	343	367	444	28	476	441	232	|
|379	338	219	180	259	298	207	218	228	171	173	202	311	152	327	305	0	172	301	227	300	174	302	105	318	270	217	180	97	249	423	221	141	296	232	90	40	173	164	361	368	142	303	172	184	180	|
|481	388	131	239	431	201	294	389	168	337	293	221	472	324	461	256	172	0	432	280	446	273	300	70	400	442	337	330	80	271	490	391	217	391	167	191	194	339	286	468	483	294	239	289	203	26	|
|113	204	382	458	217	421	155	206	354	173	403	259	128	226	30	360	301	432	0	499	52	426	287	367	133	246	95	355	356	246	208	187	219	100	360	376	261	167	395	90	81	337	381	406	478	425	|
|593	565	395	48	365	474	432	337	420	332	110	423	463	283	521	508	227	280	499	0	482	77	521	260	542	356	431	178	262	472	647	352	368	516	422	137	264	338	114	573	576	174	499	106	78	304	|
|159	254	410	445	172	455	189	168	385	150	381	292	76	201	49	400	300	446	52	482	0	407	331	378	184	201	122	327	367	286	258	149	242	150	391	367	263	144	374	137	122	314	419	384	470	441	|
|523	506	371	57	289	451	371	260	389	257	36	376	386	207	447	473	174	273	426	77	407	0	475	234	477	280	363	104	234	422	583	275	313	449	392	91	205	263	38	503	504	97	468	31	108	294	|
|261	118	180	474	436	167	155	402	139	337	474	99	398	369	313	84	302	300	287	521	331	475	0	275	173	462	220	465	268	58	219	390	168	193	142	388	275	333	464	261	286	430	111	473	462	279	|
|424	346	137	214	362	217	237	320	161	267	248	183	403	256	396	250	105	70	367	260	378	234	275	0	348	374	274	274	11	234	444	321	159	335	163	145	124	269	239	409	422	237	239	245	191	76	|
|90	71	314	496	333	330	113	311	277	258	463	186	260	307	152	255	318	400	133	542	184	477	173	348	0	362	121	430	338	150	106	293	190	37	282	406	279	252	454	88	113	403	280	464	502	386	|
|359	423	466	333	30	533	308	61	458	127	245	386	141	118	250	507	270	442	246	356	201	280	462	374	362	0	252	178	365	406	453	73	313	325	463	286	254	130	242	336	324	187	517	250	374	449	|
|163	173	289	387	224	333	68	196	263	139	345	170	180	186	125	282	217	337	95	431	122	363	220	274	121	252	0	310	263	168	225	180	124	88	269	300	177	133	337	144	152	284	299	347	400	330	|
|461	471	400	160	189	478	336	167	408	182	68	370	294	129	371	482	180	330	355	178	327	104	465	274	430	178	310	0	269	408	534	184	297	398	412	142	194	188	66	439	436	38	482	73	206	345	|
|413	336	137	216	353	217	227	311	158	258	246	175	392	247	385	246	97	80	356	262	367	234	268	11	338	365	263	269	0	226	434	312	149	324	160	143	115	259	237	399	411	232	237	243	196	84	|
|240	118	167	424	380	181	101	345	128	280	419	52	349	311	273	115	249	271	246	472	286	422	58	234	150	406	168	408	226	0	223	333	111	160	133	336	219	276	409	235	258	373	136	418	416	252	|
|105	105	389	601	423	386	216	406	349	359	568	269	334	409	214	302	423	490	208	647	258	583	219	444	106	453	225	534	434	223	0	388	289	137	353	511	384	353	559	123	145	508	330	570	606	473	|
|299	352	401	321	47	466	236	19	391	58	244	315	111	74	196	437	221	391	187	352	149	275	390	321	293	73	180	184	312	333	388	0	243	257	396	258	197	60	238	276	267	178	448	248	355	395	|
|265	198	169	320	291	225	78	252	150	186	308	76	287	208	249	196	141	217	219	368	242	313	168	159	190	313	124	297	149	111	289	243	0	176	156	231	109	183	299	251	266	262	205	308	319	207	|
|89	105	316	471	296	341	98	275	282	223	433	187	224	273	121	271	296	391	100	516	150	449	193	335	37	325	88	398	324	160	137	257	176	0	287	382	256	217	424	78	98	372	295	434	480	379	|
|371	248	39	376	443	70	205	403	6	338	400	102	442	351	389	90	232	167	360	422	391	392	142	163	282	463	269	412	160	133	353	396	156	287	0	301	222	336	391	365	386	374	77	398	353	143	|
|462	428	280	90	285	360	296	248	298	222	104	288	362	183	400	382	90	191	376	137	367	91	388	145	406	286	300	142	143	336	511	258	231	382	301	0	127	226	96	443	448	110	376	100	103	209	|
|339	302	217	217	240	291	168	198	218	143	200	177	280	136	288	288	40	194	261	264	263	205	275	124	279	254	177	194	115	219	384	197	109	256	222	127	0	145	190	321	328	157	289	199	224	198	|
|273	305	342	301	107	406	181	70	331	6	237	256	139	59	185	377	173	339	167	338	144	263	333	269	252	130	133	188	259	276	353	60	183	217	336	226	145	0	230	251	248	170	388	240	328	341	|
|495	487	373	93	251	453	350	223	388	224	9	365	350	173	415	469	164	286	395	114	374	38	464	239	454	242	337	66	237	409	559	238	299	424	391	96	190	230	0	474	474	61	465	11	141	305	|
|22	153	394	530	307	416	174	296	359	258	482	265	212	311	91	343	361	468	90	573	137	503	261	409	88	336	144	439	399	235	123	276	251	78	365	443	321	251	474	0	26	418	367	485	544	456	|
|41	179	414	534	294	438	190	286	380	254	482	285	194	307	74	367	368	483	81	576	122	504	286	422	113	324	152	436	411	258	145	267	266	98	386	448	328	248	474	26	0	416	391	484	550	472	|
|439	441	362	146	193	440	305	164	370	164	67	333	289	113	355	444	142	294	337	174	314	97	430	237	403	187	284	38	232	373	508	178	262	372	374	110	157	170	61	418	416	0	444	71	187	309	|
|369	230	108	452	495	59	231	457	78	390	474	133	479	410	408	28	303	239	381	499	419	468	111	239	280	517	299	482	237	136	330	448	205	295	77	376	289	388	465	367	391	444	0	472	429	214	|
|506	497	380	88	260	460	360	233	395	234	5	374	360	183	425	476	172	289	406	106	384	31	473	245	464	250	347	73	243	418	570	248	308	434	398	100	199	240	11	485	484	71	472	0	137	309	|
|563	517	324	52	378	400	390	344	352	323	142	365	463	282	503	441	184	203	478	78	470	108	462	191	502	374	400	206	196	416	606	355	319	480	353	103	224	328	141	544	550	187	429	137	0	228	|
|468	370	106	262	437	176	283	395	144	340	312	204	472	331	454	232	180	26	425	304	441	294	279	76	386	449	330	345	84	252	473	395	207	379	143	209	198	341	305	456	472	309	214	309	228	0	|

--------------------------------------------------------------------------------
Building model...
	using lazy and cut (CVRPSEP package)
Solving IRP LP...
--------------------------------------------------------------------------------

Gurobi 9.1.0 (linux64) logging started Sat Jan  9 23:14:32 2021

Gurobi Optimizer version 9.1.0 build v9.1.0rc0 (linux64)
Thread count: 32 physical cores, 32 logical processors, using up to 2 threads
Optimize a model with 1012 rows, 6940 columns and 15997 nonzeros
Model fingerprint: 0x949d8adb
Variable types: 454 continuous, 6486 integer (276 binary)
Coefficient statistics:
  Matrix range     [1e+00, 2e+03]
  Objective range  [1e-02, 6e+02]
  Bounds range     [1e+00, 3e+02]
  RHS range        [1e+01, 5e+03]
Presolve removed 239 rows and 128 columns
Presolve time: 0.06s
Presolved: 773 rows, 6812 columns, 15081 nonzeros
Variable types: 326 continuous, 6486 integer (6216 binary)

Root relaxation: objective 2.539073e+03, 859 iterations, 0.02 seconds

    Nodes    |    Current Node    |     Objective Bounds      |     Work
 Expl Unexpl |  Obj  Depth IntInf | Incumbent    BestBd   Gap | It/Node Time

     0     0 2539.07262    0  133          - 2539.07262      -     -    0s
     0     0 2996.03594    0  137          - 2996.03594      -     -    0s
     0     0 2996.21062    0  129          - 2996.21062      -     -    0s
     0     0 3521.27627    0  173          - 3521.27627      -     -    0s
     0     0 3547.95651    0  178          - 3547.95651      -     -    0s
     0     0 3562.99409    0  214          - 3562.99409      -     -    0s
     0     0 3573.36718    0  191          - 3573.36718      -     -    0s
     0     0 3585.40352    0  223          - 3585.40352      -     -    0s
     0     0 3585.83203    0  223          - 3585.83203      -     -    0s
     0     0 3724.75346    0  230          - 3724.75346      -     -    0s
     0     0 3734.76019    0  193          - 3734.76019      -     -    1s
     0     0 3738.12178    0  229          - 3738.12178      -     -    1s
     0     0 3741.34920    0  179          - 3741.34920      -     -    1s
     0     0 3749.36232    0  199          - 3749.36232      -     -    1s
     0     0 3763.15058    0  177          - 3763.15058      -     -    1s
     0     0 3763.81696    0  168          - 3763.81696      -     -    1s
     0     0 3811.81811    0  262          - 3811.81811      -     -    1s
     0     0 3821.87998    0  215          - 3821.87998      -     -    1s
     0     0 3823.25872    0  214          - 3823.25872      -     -    1s
     0     0 3833.96457    0  256          - 3833.96457      -     -    1s
     0     0 3834.96087    0  282          - 3834.96087      -     -    1s
     0     0 3843.84276    0  205          - 3843.84276      -     -    1s
     0     0 3843.97195    0  199          - 3843.97195      -     -    1s
     0     0 3848.53467    0  222          - 3848.53467      -     -    2s
     0     0 3848.53467    0  203          - 3848.53467      -     -    2s
     0     2 3848.53467    0  203          - 3848.53467      -     -    2s
    53    58 4011.46679   13  152          - 3875.76409      -   207    5s
   309   341 4986.08058  123   40          - 3875.76409      -  95.0   10s
   639   619 4046.94521   14   58          - 3893.37244      -  68.3   15s
   744   710 4989.77643  123  334          - 3898.75304      -  71.4   20s
   764   723 4159.02534   26  405          - 3937.07423      -  69.6   25s
   768   729 3958.73557   11  429          - 3937.27986      -  79.7   30s
   801   751 4054.79103   20  189          - 3974.89690      -  89.7   35s
   930   837 4383.51749   38  141          - 3974.89690      -  95.5   40s
  1163   978 6667.21000  161    6          - 4003.83305      -  85.5   45s
  1292  1062 4188.57551   22  311          - 4003.83305      -  85.8   50s
  1456  1171 5575.28622  161   13          - 4003.83305      -  86.1   55s
  1677  1308 4518.78973   63   40          - 4003.83305      -  81.0   60s
  1865  1477 4867.42800  139    6          - 4003.83305      -  77.4   65s
  2028  1542 4152.90577   16  327          - 4016.09342      -  74.9   70s
  2212  1682 4474.70772   41   61          - 4016.09342      -  74.6   75s
  2405  1805 6328.73697  227   46          - 4016.09342      -  72.0   80s
  2593  1951 4867.85770   99   26          - 4016.09342      -  69.9   85s
  2872  2026 4108.85082   17  312          - 4016.69705      -  65.9   90s
  2948  2084 4325.89862   46  105          - 4016.69705      -  68.1   96s
  3052  2295 4510.65868   67   98          - 4016.69705      -  70.9  101s
  3208  2513 4887.44841  155   32          - 4017.13006      -  69.5  105s
  3556  2652 4397.98553   28   96          - 4017.13006      -  65.8  110s
  3663  2809 4709.72537   56   16          - 4017.13006      -  68.7  116s
  3791  3002 4905.32668  143   28          - 4017.13006      -  68.5  120s
  3939  3008 6999.84594  210   24          - 4017.13006      -  67.5  127s
  3945  3346 7086.55143  209   48          - 4022.32346      -  67.4  130s
  4355  3532 4201.05975   15  275          - 4022.32346      -  62.9  136s
  4623  3670 6539.26663  250   16          - 4022.32346      -  61.4  140s
  4755  3807 4505.12814   44   87          - 4022.32346      -  61.4  145s
  5031  4037 5710.24000  202    8          - 4022.32346      -  60.2  150s
  5165  4242 4350.05676   25  234          - 4026.32271      -  60.9  156s
  5314  4588 4526.48309   46   21          - 4026.32271      -  60.7  160s
  5670  4902 5013.29512   80    6          - 4026.42754      -  58.2  166s
  6078  4969 4124.97879   26  200          - 4027.50596      -  55.5  171s
  6153  5064 4500.63976   44   79          - 4027.50596      -  57.2  176s
  6203  5299 4441.13824   69  104          - 4027.50596      -  57.7  180s
  6506  5460 7285.00000  188    2          - 4027.54461      -  56.9  185s
  6720  5581 4422.32069   26  200          - 4027.54461      -  57.2  191s
  6776  5798 4462.11554   36  177          - 4027.54461      -  57.6  195s
  7078  6029 4681.73025   96   61          - 4029.11424      -  57.4  202s
  7276  6271 5504.18131  132   41          - 4045.98188      -  57.2  208s
  7537  6367 4350.94972   18  212          - 4045.98188      -  56.7  213s
  7629  6459 4390.39130   34  137          - 4045.98188      -  57.1  217s
  7717  6580 4831.93647   67   64          - 4045.98188      -  57.8  222s
  7855  6816 5313.75000  101    4          - 4045.98188      -  58.2  228s
  8044  6829 6477.78000  190    -          - 4045.98188      -  57.6  230s
  8125  7188 5505.51292  106   63          - 4050.04851      -  57.9  235s
  8535  7231 4317.89089   22  285          - 4050.07949      -  56.4  241s
  8601  7271 4447.08585   42   64          - 4050.07949      -  57.8  245s
  8680  7507 4556.98902   62  228          - 4050.07949      -  58.6  252s
  8841  8001 4806.62586  129   79          - 4050.55630      -  58.7  259s
  8896  8001 5854.33089  176   33          - 4050.55630      -  58.5  260s
  9420  8495 4231.15447   20  298          - 4050.55630      -  56.6  270s
 10021  8556 9213.98000  407    2          - 4050.55630      -  54.3  275s
 10165  8721 4703.69063   50  155          - 4050.55630      -  54.5  282s
 10241  8934 4891.14110   78  122          - 4050.55630      -  55.0  287s
 10470  9260 5504.74783  135   34          - 4051.76951      -  55.0  292s
 10914  9350 4190.35374   19  328          - 4053.22469      -  53.8  298s
 10967  9434 4435.72264   37   52          - 4053.22469      -  54.3  302s
 11051  9673 4906.40616   63   44          - 4053.22469      -  54.8  307s
 11334  9827 5324.44268   88   55          - 4053.22469      -  54.6  312s
 11470 10092 6961.00183  165   14          - 4057.41805      -  54.9  320s
 11835 10242 4284.65065   20  177          - 4057.41805      -  53.8  326s
 11937 10476 4611.97845   37   65          - 4057.41805      -  54.1  333s
 12212 10492 7639.53000  216    -          - 4057.41805      -  53.8  335s
 12310 10655 4746.64265   63  139          - 4057.41805      -  54.2  342s
 12433 10741 5245.52842  147   39          - 4069.03352      -  54.4  347s
 12574 10794 4143.69422   20  401          - 4069.03352      -  54.5  351s
 12657 11008 4531.80756   31  178          - 4069.03352      -  55.3  360s
 12821 11140 4726.74675   56   83          - 4069.03352      -  55.2  366s
 13029 11256 4838.64156   86   57          - 4069.03352      -  55.0  371s
 13107 11601 5283.03805  124    6          - 4069.03352      -  55.3  378s
 13378 11625 6292.88000  198    4          - 4069.03352      -  54.4  380s
 13548 11754 6010.92657  146   23          - 4074.19212      -  54.1  385s
 13712 11873 4302.19090   23  187          - 4074.19212      -  54.2  391s
 13802 12127 4560.61961   36   36          - 4074.19212      -  54.3  396s
 14074 12341 4914.27000   73    -          - 4079.15593      -  54.0  403s
 14232 12347 7175.03250  170   11          - 4079.55908      -  54.0  405s
