




arguments: ./build/mirp_solver -f ./input/orig_exec_87.cfg
Current dir: /scratch/gui/bnc_mirp
File verbosity level: 9
date       time         ( uptime  ) [ thread name/id ]                   file:line     v| 
2021-01-09 16:43:24.514 (   0.048s) [main thread     ]             loguru.cpp:789   INFO| Logging to './output/vi_qua/OU/V2/Original/execution_09_01_2021_16_43_24.log', mode: 'a', verbosity: 9
--------------------------------------------------------------------------------
Parameters
                           instance_path           ./input/Instances/Original/3/
                            model_policy                                       1
                             nb_vehicles                                       2
                              output_dir         ./output/vi_qua/OU/V2/Original/
                            sec_strategy                                       1
                       solver_nb_threads                                       2
                         solver_show_log                                    true
                       solver_time_limit                                    3600
                              use_vi_cos                                   false
                              use_vi_cus                                   false
                         use_vi_hc1_full                                   false
                         use_vi_hc1_half                                   false
                      use_vi_hc1_quarter                                   false
                              use_vi_hc2                                   false
                              use_vi_hc3                                   false
                         use_vi_lex_full                                   false
                         use_vi_lex_half                                   false
                      use_vi_lex_quarter                                   false
                              use_vi_qua                                    true
                               use_vi_vc                                   false
                               use_vi_vr                                   false
--------------------------------------------------------------------------------
executing instance: ./input/Instances/Original/3/absH3low_2n5.dat
--------------------------------------------------------------------------------
Instance details
n	6
H	3
C	237
Li:
[0, 0, 0, 0, 0, 0, ]
Ui:
[0, 93, 180, 51, 114, 24, ]
Distance matrix:
|0	170	318	35	112	235	|
|170	0	311	205	258	301	|
|318	311	0	326	278	137	|
|35	205	326	0	89	230	|
|112	258	278	89	0	160	|
|235	301	137	230	160	0	|

--------------------------------------------------------------------------------
Building model...
	using lazy and cut (CVRPSEP package)
Solving IRP LP...
--------------------------------------------------------------------------------

Gurobi 9.1.0 (linux64) logging started Sat Jan  9 16:43:24 2021

Gurobi Optimizer version 9.1.0 build v9.1.0rc0 (linux64)
Thread count: 32 physical cores, 32 logical processors, using up to 2 threads
Optimize a model with 132 rows, 180 columns and 597 nonzeros
Model fingerprint: 0xfb9a0eba
Variable types: 54 continuous, 126 integer (36 binary)
Coefficient statistics:
  Matrix range     [1e+00, 2e+02]
  Objective range  [1e-02, 3e+02]
  Bounds range     [1e+00, 2e+02]
  RHS range        [1e+01, 5e+02]
Presolve removed 40 rows and 24 columns
Presolve time: 0.01s
Presolved: 92 rows, 156 columns, 478 nonzeros
Variable types: 32 continuous, 124 integer (94 binary)
Found heuristic solution: objective 2109.5200000
Found heuristic solution: objective 1828.5200000

Root relaxation: objective 5.780448e+02, 107 iterations, 0.00 seconds

    Nodes    |    Current Node    |     Objective Bounds      |     Work
 Expl Unexpl |  Obj  Depth IntInf | Incumbent    BestBd   Gap | It/Node Time

     0     0  578.04476    0   14 1828.52000  578.04476  68.4%     -    0s
     0     0  714.82163    0   17 1828.52000  714.82163  60.9%     -    0s
     0     0 1110.26299    0   31 1828.52000 1110.26299  39.3%     -    0s
H    0     0                    1804.3500000 1110.26299  38.5%     -    0s
     0     0 1236.26154    0   29 1804.35000 1236.26154  31.5%     -    0s
     0     0 1287.36327    0   33 1804.35000 1287.36327  28.7%     -    0s
     0     0 1296.62422    0   32 1804.35000 1296.62422  28.1%     -    0s
     0     0 1374.22008    0   28 1804.35000 1374.22008  23.8%     -    0s
H    0     0                    1464.9000000 1374.22008  6.19%     -    0s
H    0     0                    1464.7300000 1374.22008  6.18%     -    0s
     0     0 1385.74143    0   27 1464.73000 1385.74143  5.39%     -    0s
     0     0 1403.15210    0   30 1464.73000 1403.15210  4.20%     -    0s
     0     0 1403.38068    0   30 1464.73000 1403.38068  4.19%     -    0s
     0     0 1407.48782    0   23 1464.73000 1407.48782  3.91%     -    0s
     0     0 1407.48782    0   15 1464.73000 1407.48782  3.91%     -    0s
H    0     0                    1437.9000000 1407.48782  2.12%     -    0s
     0     0 1408.93408    0   24 1437.90000 1408.93408  2.01%     -    0s
     0     0 1410.69274    0   23 1437.90000 1410.69274  1.89%     -    0s
     0     0     cutoff    0      1437.90000 1437.90000  0.00%     -    0s

Cutting planes:
  Gomory: 1
  Cover: 11
  Implied bound: 2
  Clique: 3
  MIR: 4
  Flow cover: 14
  Zero half: 1
  Mod-K: 1
  RLT: 4
  Relax-and-lift: 4

Explored 1 nodes (516 simplex iterations) in 0.11 seconds
Thread count was 2 (of 32 available processors)

Solution count 6: 1437.9 1464.73 1464.9 ... 2109.52

Optimal solution found (tolerance 1.00e-04)
Best objective 1.437900000000e+03, best bound 1.437900000000e+03, gap 0.0000%

User-callback calls 189, time in user-callback 0.00 sec
================================================================================
executing instance: ./input/Instances/Original/3/absH3high_5n30.dat
--------------------------------------------------------------------------------
Instance details
n	31
H	3
C	2296
Li:
[0, 0, 0, 0, 0, 0, 0, 0, 0, 0, 0, 0, 0, 0, 0, 0, 0, 0, 0, 0, 0, 0, 0, 0, 0, 0, 0, 0, 0, 0, 0, ]
Ui:
[0, 80, 90, 297, 28, 264, 123, 192, 112, 32, 72, 88, 294, 129, 126, 105, 110, 237, 246, 92, 72, 147, 54, 96, 128, 96, 84, 28, 74, 196, 192, ]
Distance matrix:
|0	87	302	65	389	171	219	120	412	339	129	63	169	401	383	158	393	161	246	275	64	287	345	235	13	274	106	201	85	358	135	|
|87	0	334	128	402	212	301	204	465	384	187	145	232	424	454	238	475	245	289	352	80	307	352	321	81	352	20	261	170	376	215	|
|302	334	0	239	113	132	237	334	157	70	404	263	162	105	227	229	339	251	65	217	259	53	107	352	293	220	339	134	270	75	235	|
|65	128	239	0	330	107	175	130	348	275	174	40	107	339	326	114	351	125	181	224	58	228	290	222	58	224	143	138	65	297	92	|
|389	402	113	330	0	226	349	438	210	151	502	360	269	48	316	339	441	362	175	328	335	102	55	465	377	330	401	245	371	37	342	|
|171	212	132	107	226	0	169	214	253	173	276	134	64	233	261	130	326	153	77	188	133	125	192	264	162	190	220	68	145	193	125	|
|219	301	237	175	349	169	0	157	257	223	244	157	105	334	180	62	175	61	177	63	233	264	334	118	221	61	317	112	136	312	85	|
|120	204	334	130	438	214	157	0	402	348	88	90	173	438	336	115	307	100	269	220	172	338	406	122	130	218	224	204	69	403	101	|
|412	465	157	348	210	253	257	402	0	88	486	359	245	166	129	287	266	303	178	204	386	208	239	370	406	207	473	212	354	187	304	|
|339	384	70	275	151	173	223	348	88	0	427	291	179	120	166	234	290	254	96	187	306	123	166	342	332	190	391	145	291	119	247	|
|129	187	404	174	502	276	244	88	486	427	0	142	248	508	424	200	390	187	342	308	193	400	464	192	142	306	207	281	136	469	182	|
|63	145	263	40	360	134	157	90	359	291	142	0	114	366	321	95	331	99	202	212	90	258	323	186	65	211	163	148	27	327	72	|
|169	232	162	107	269	64	105	173	245	179	248	114	0	266	222	71	268	94	97	131	155	173	244	203	164	132	245	34	113	233	73	|
|401	424	105	339	48	233	334	438	166	120	508	366	266	0	280	332	409	355	169	305	353	117	96	452	391	308	425	237	374	49	339	|
|383	454	227	326	316	261	180	336	129	166	424	321	222	280	0	231	137	238	208	116	376	277	331	272	381	118	467	197	307	285	253	|
|158	238	229	114	339	130	62	115	287	234	200	95	71	332	231	0	238	23	164	118	171	243	314	134	159	117	255	95	77	302	23	|
|393	475	339	351	441	326	175	307	266	290	390	331	268	409	137	238	0	232	300	138	408	383	445	204	395	136	492	258	308	406	260	|
|161	245	251	125	362	153	61	100	303	254	187	99	94	355	238	23	232	0	187	123	183	267	338	111	164	121	262	117	77	325	34	|
|246	289	65	181	175	77	177	269	178	96	342	202	97	169	208	164	300	187	0	168	210	87	157	290	238	171	296	70	206	138	170	|
|275	352	217	224	328	188	63	220	204	187	308	212	131	305	116	118	138	123	168	0	279	255	322	166	275	3	367	120	195	291	141	|
|64	80	259	58	335	133	233	172	386	306	193	90	155	353	376	171	408	183	210	279	0	236	289	276	51	279	90	182	117	307	150	|
|287	307	53	228	102	125	264	338	208	123	400	258	173	117	277	243	383	267	87	255	236	0	71	374	276	257	308	153	270	71	245	|
|345	352	107	290	55	192	334	406	239	166	464	323	244	96	331	314	445	338	157	322	289	71	0	445	334	325	350	224	337	54	315	|
|235	321	352	222	465	264	118	122	370	342	192	186	203	452	272	134	204	111	290	166	276	374	445	0	243	164	341	221	159	428	142	|
|13	81	293	58	377	162	221	130	406	332	142	65	164	391	381	159	395	164	238	275	51	276	334	243	0	274	100	196	89	347	136	|
|274	352	220	224	330	190	61	218	207	190	306	211	132	308	118	117	136	121	171	3	279	257	325	164	274	0	367	122	194	294	140	|
|106	20	339	143	401	220	317	224	473	391	207	163	245	425	467	255	492	262	296	367	90	308	350	341	100	367	0	272	188	377	232	|
|201	261	134	138	245	68	112	204	212	145	281	148	34	237	197	95	258	117	70	120	182	153	224	221	196	122	272	0	146	208	103	|
|85	170	270	65	371	145	136	69	354	291	136	27	113	374	307	77	308	77	206	195	117	270	337	159	89	194	188	146	0	337	54	|
|358	376	75	297	37	193	312	403	187	119	469	327	233	49	285	302	406	325	138	291	307	71	54	428	347	294	377	208	337	0	306	|
|135	215	235	92	342	125	85	101	304	247	182	72	73	339	253	23	260	34	170	141	150	245	315	142	136	140	232	103	54	306	0	|

--------------------------------------------------------------------------------
Building model...
	using lazy and cut (CVRPSEP package)
Solving IRP LP...
--------------------------------------------------------------------------------

Gurobi 9.1.0 (linux64) logging started Sat Jan  9 16:43:24 2021

Gurobi Optimizer version 9.1.0 build v9.1.0rc0 (linux64)
Thread count: 32 physical cores, 32 logical processors, using up to 2 threads
Optimize a model with 682 rows, 3280 columns and 7972 nonzeros
Model fingerprint: 0xdc22f5c0
Variable types: 304 continuous, 2976 integer (186 binary)
Coefficient statistics:
  Matrix range     [1e+00, 1e+03]
  Objective range  [1e-01, 5e+02]
  Bounds range     [1e+00, 3e+02]
  RHS range        [1e+01, 4e+03]
Presolve removed 215 rows and 122 columns
Presolve time: 0.06s
Presolved: 467 rows, 3158 columns, 7275 nonzeros
Variable types: 182 continuous, 2976 integer (2796 binary)

Root relaxation: objective 8.845428e+03, 637 iterations, 0.01 seconds

    Nodes    |    Current Node    |     Objective Bounds      |     Work
 Expl Unexpl |  Obj  Depth IntInf | Incumbent    BestBd   Gap | It/Node Time

     0     0 8845.42804    0   87          - 8845.42804      -     -    0s
     0     0 9277.95198    0  114          - 9277.95198      -     -    0s
     0     0 9285.55804    0  109          - 9285.55804      -     -    0s
     0     0 9626.62066    0  110          - 9626.62066      -     -    0s
     0     0 9731.33360    0  111          - 9731.33360      -     -    0s
     0     0 9741.16139    0  140          - 9741.16139      -     -    0s
     0     0 9756.62868    0  148          - 9756.62868      -     -    0s
     0     0 9756.83224    0  142          - 9756.83224      -     -    0s
     0     0 9811.75253    0  178          - 9811.75253      -     -    0s
     0     0 9820.62213    0  176          - 9820.62213      -     -    0s
     0     0 9822.11813    0  204          - 9822.11813      -     -    0s
     0     0 9824.14445    0  213          - 9824.14445      -     -    0s
     0     0 9824.63892    0  215          - 9824.63892      -     -    0s
     0     0 9849.42320    0  184          - 9849.42320      -     -    0s
     0     0 9855.68844    0  154          - 9855.68844      -     -    0s
     0     0 9856.55366    0  219          - 9856.55366      -     -    0s
     0     0 9862.08254    0  263          - 9862.08254      -     -    0s
     0     0 9862.08254    0  263          - 9862.08254      -     -    0s
     0     2 9862.72025    0  263          - 9862.72025      -     -    0s
   470   419 10142.1944   18   66          - 9897.65297      -  65.0    5s
*  769   637             108    11422.990000 9897.65297  13.4%  53.8    7s
H  845   599                    11161.990000 9897.65297  11.3%  50.2    8s
   861   609 10426.5272   39  230 11161.9900 9959.63802  10.8%  49.3   10s
   882   623 10663.5900   73  297 11161.9900 9980.46208  10.6%  48.1   15s
   971   686 10387.2105   35   80 11161.9900 10007.3966  10.3%  66.1   20s
  1174   797 11092.1080   88   44 11161.9900 10008.9168  10.3%  66.9   25s
H 1198   730                    10966.990000 10008.9168  8.74%  68.1   26s
  1289   798 10500.5005   42   73 10966.9900 10008.9168  8.74%  72.0   30s
  1429   865 10289.8883   25  168 10966.9900 10024.9284  8.59%  73.2   35s
  1654  1014 10693.2436   82   85 10966.9900 10024.9284  8.59%  70.4   40s
  1875  1166 10560.0003   92   35 10966.9900 10025.3037  8.59%  67.4   45s
  2159  1262 10381.6333   33   53 10966.9900 10043.4810  8.42%  64.3   50s
  2335  1365 10378.5147   30   68 10966.9900 10064.0935  8.23%  65.8   55s
  2615  1457 10359.0585   24  158 10966.9900 10073.8521  8.14%  65.0   61s
  2759  1658 10740.0662   61   44 10966.9900 10076.9721  8.12%  67.2   66s
  2953  1710 10781.0477   37   37 10966.9900 10076.9721  8.12%  65.8   70s
  3111  1894 10439.3317   41   45 10966.9900 10079.9256  8.09%  64.3   75s
  3361  2111 10788.3140   94   16 10966.9900 10081.2505  8.08%  63.3   81s
  3536  2291 10239.2894   34   65 10966.9900 10092.8218  7.97%  63.5   85s
  3777  2441 10741.1098   46   24 10966.9900 10094.3762  7.96%  62.6   90s
  4030  2692 10740.6756   67   65 10966.9900 10095.3867  7.95%  61.8   97s
  4243  2809 10587.1393   36  181 10966.9900 10102.2427  7.89%  62.3  102s
  4307  2914 10218.6967   30  156 10966.9900 10103.8275  7.87%  63.2  105s
  4574  3142 10327.6006   25  224 10966.9900 10106.5577  7.85%  63.7  111s
  4739  3260 10440.9171   49    4 10966.9900 10106.7642  7.84%  64.3  115s
  4961  3471 infeasible   77      10966.9900 10114.2002  7.78%  64.5  121s
  5097  3619 10693.1958   41   35 10966.9900 10117.8754  7.74%  64.6  125s
  5306  3740 10943.8221   43   23 10966.9900 10121.2770  7.71%  64.3  130s
H 5489  3794                    10951.690000 10123.6862  7.56%  64.2  134s
  5538  3996 10483.3665   43   40 10951.6900 10125.1110  7.55%  64.4  137s
  5791  4108 10284.9485   27   87 10951.6900 10129.9584  7.50%  63.8  141s
  5940  4233 10596.1291   51   87 10951.6900 10131.2543  7.49%  64.1  146s
  6091  4321 10675.7880   28  166 10951.6900 10136.4847  7.44%  64.3  150s
  6381  4581     cutoff   46      10951.6900 10138.4324  7.43%  65.1  159s
H 6445  3628                    10768.290000 10140.0007  5.83%  65.4  159s
  6524  3692 10466.7737   27  117 10768.2900 10140.2320  5.83%  65.1  162s
  6645  3759     cutoff   53      10768.2900 10141.4784  5.82%  65.8  167s
  6751  3852 10341.6742   26  180 10768.2900 10142.7820  5.81%  66.6  171s
  6896  3958 10684.1544   43   99 10768.2900 10143.8585  5.80%  66.8  175s
  7060  4073 10282.4371   26  209 10768.2900 10145.0459  5.79%  67.1  180s
  7275  4218 10583.0349   55   69 10768.2900 10149.0593  5.75%  67.5  185s
  7454  4378 10315.4148   22  226 10768.2900 10154.9785  5.70%  68.2  193s
  7596  4411 10473.4643   29  176 10768.2900 10156.1899  5.68%  68.6  197s
  7647  4545     cutoff   40      10768.2900 10158.3284  5.66%  68.9  202s
  7835  4609 10722.3789   27  126 10768.2900 10161.6954  5.63%  69.0  208s
  7913  4733 10525.8212   51   76 10768.2900 10163.0961  5.62%  69.2  212s
  8075  4853     cutoff   75      10768.2900 10165.2680  5.60%  69.5  217s
  8244  4942 10288.0582   33  124 10768.2900 10167.8692  5.58%  69.6  221s
H 8351  4074                    10673.290000 10168.9343  4.73%  69.8  222s
  8389  4168     cutoff   60      10673.2900 10170.3558  4.71%  70.1  226s
  8539  4237 10490.9569   42   12 10673.2900 10172.2028  4.69%  70.6  231s
  8646  4340     cutoff   49      10673.2900 10177.5700  4.64%  71.2  237s
  8785  4440 10453.4527   28  136 10673.2900 10181.0077  4.61%  71.7  242s
  8935  4563 infeasible   62      10673.2900 10183.3574  4.59%  72.1  247s
  9153  4627     cutoff   43      10673.2900 10187.8049  4.55%  72.1  252s
  9296  4683 10334.2301   22  148 10673.2900 10191.8450  4.51%  72.6  257s
  9396  4763 10473.3840   23  170 10673.2900 10192.3694  4.51%  73.4  262s
  9551  4850 10595.2568   25  129 10673.2900 10193.4606  4.50%  73.5  268s
  9689  4932 10354.6435   37  227 10673.2900 10194.4070  4.49%  73.9  272s
  9811  5009 10359.0947   27  211 10673.2900 10195.8894  4.47%  74.2  277s
  9930  5062 10377.1303   33  173 10673.2900 10197.4513  4.46%  74.7  282s
 10048  5143 10446.1094   35   41 10673.2900 10197.6650  4.46%  75.3  288s
 10245  5221     cutoff   89      10673.2900 10197.9759  4.45%  75.6  294s
 10345  5303 10460.6387   19  162 10673.2900 10199.6819  4.44%  76.1  299s
 10529  5436     cutoff   43      10673.2900 10200.6210  4.43%  76.2  304s
 10580  5436 10549.8278   42   29 10673.2900 10200.6210  4.43%  76.3  305s
 10761  5562 10623.0482   62   81 10673.2900 10202.4259  4.41%  76.3  310s
 10894  5677 10653.4075   58   76 10673.2900 10203.6544  4.40%  76.4  315s
 11050  5805 10347.6424   33  180 10673.2900 10204.2482  4.39%  76.8  320s
 11236  5907 10618.0372   35  170 10673.2900 10204.6414  4.39%  76.9  327s
H11374  5908                    10673.289983 10205.4636  4.38%  77.0  328s
 11381  6024 10598.6252   31   66 10673.2900 10205.4689  4.38%  77.1  333s
 11572  6152 10557.7220   37  174 10673.2900 10206.1475  4.38%  77.3  339s
 11755  6243 10473.9775   26  266 10673.2900 10207.6900  4.36%  77.5  344s
 11884  6243 infeasible   79      10673.2900 10207.6900  4.36%  77.5  345s
 11893  6357 10646.7457   37  149 10673.2900 10209.2041  4.35%  77.6  350s
 12076  6475 10431.0635   38   20 10673.2900 10210.7619  4.33%  77.7  356s
 12238  6540 10413.0340   32  202 10673.2900 10211.0454  4.33%  78.0  361s
H12260  6540                    10673.289878 10211.0454  4.33%  78.1  361s
 12371  6667 10353.1708   31  167 10673.2899 10213.9872  4.30%  78.2  367s
 12562  6753     cutoff   73      10673.2899 10215.2633  4.29%  78.2  372s
 12670  6821     cutoff   48      10673.2899 10216.5106  4.28%  78.7  377s
 12829  6896 10419.1510   27  217 10673.2899 10217.3501  4.27%  78.9  382s
 12953  6998 10521.7392   25  117 10673.2899 10218.1161  4.26%  79.3  389s
 13093  7058     cutoff   27      10673.2899 10218.1438  4.26%  79.6  394s
 13201  7104     cutoff   29      10673.2899 10218.6360  4.26%  80.0  399s
 13347  7171 10427.6393   24  155 10673.2899 10220.1281  4.25%  79.9  404s
 13472  7275 10431.0599   27  212 10673.2899 10220.9224  4.24%  80.4  410s
 13627  7382     cutoff   59      10673.2899 10222.3534  4.22%  80.6  415s
 13820  7545     cutoff   33      10673.2899 10223.2626  4.22%  80.7  422s
 14031  7695 10603.7120   49   41 10673.2899 10223.8734  4.21%  80.7  428s
 14248  7853 infeasible   68      10673.2899 10224.6654  4.20%  80.6  434s
 14489  7945 10650.2907   30  103 10673.2899 10225.3037  4.20%  80.5  440s
 14629  8110 10371.7305   28  137 10673.2899 10225.3880  4.20%  80.9  448s
 14861  8160 infeasible   91      10673.2899 10225.4027  4.20%  80.7  454s
 14968  8301 10324.8429   40   70 10673.2899 10226.7031  4.18%  80.8  459s
 15127  8304 10654.5927   66    8 10673.2899 10227.3566  4.18%  80.6  460s
 15218  8400     cutoff   62      10673.2899 10227.4748  4.18%  80.6  465s
 15373  8537 10634.1900   44    - 10673.2899 10227.6529  4.18%  80.7  471s
 15607  8638 10478.5089   39  214 10673.2899 10229.6935  4.16%  80.6  477s
 15758  8723 10378.7915   24  251 10673.2899 10230.5116  4.15%  80.7  482s
 15886  8833 10346.5748   26  201 10673.2899 10231.6140  4.14%  80.9  488s
 16069  8868 10650.0219   27  181 10673.2899 10231.7931  4.14%  80.9  493s
 16189  8961     cutoff   27      10673.2899 10232.3242  4.13%  81.2  499s
 16389  9035     cutoff   42      10673.2899 10233.5794  4.12%  81.2  504s
 16442  9035 10557.2554   47   67 10673.2899 10233.5794  4.12%  81.4  505s
 16541  9111 10562.5673   49    4 10673.2899 10233.8596  4.12%  81.4  510s
 16680  9200     cutoff   50      10673.2899 10235.4914  4.10%  81.5  516s
 16793  9343 10556.0493   28  168 10673.2899 10235.6095  4.10%  81.5  522s
 17008  9436 infeasible   87      10673.2899 10236.2023  4.10%  81.4  527s
 17180  9581 10396.0852   48   84 10673.2899 10237.6625  4.08%  81.5  533s
 17418  9702     cutoff   57      10673.2899 10238.5240  4.07%  81.4  538s
 17613  9762 10387.0190   42   92 10673.2899 10239.6030  4.06%  81.4  544s
 17746  9885 10352.4195   38   71 10673.2899 10239.9923  4.06%  81.7  549s
 17945  9976 10371.5884   30  119 10673.2899 10241.0125  4.05%  81.7  554s
 18103 10031 10352.5342   29   25 10673.2899 10242.2069  4.04%  81.8  559s
 18220 10144     cutoff   41      10673.2899 10243.6046  4.03%  82.0  564s
 18410 10213 10288.7334   36  186 10673.2899 10244.8990  4.01%  82.0  569s
 18501 10312 10383.0267   30  119 10673.2899 10245.6254  4.01%  82.2  574s
 18636 10366 10475.7002   44  111 10673.2899 10246.1669  4.00%  82.4  617s
 18738 10438 infeasible   70      10673.2899 10246.5021  4.00%  82.4  623s
 18899 10510     cutoff   48      10673.2899 10247.6701  3.99%  82.5  629s
 19023 10582 10489.2227   36  151 10673.2899 10250.1553  3.96%  82.7  635s
 19150 10729 10361.9821   37   75 10673.2899 10250.3069  3.96%  83.0  642s
 19355 10857 infeasible   58      10673.2899 10250.6283  3.96%  83.0  648s
 19566 10939 10491.4093   68   23 10673.2899 10251.4097  3.95%  83.0  654s
 19623 10941 10482.9207   41   56 10673.2899 10251.4097  3.95%  83.0  655s
 19734 11042     cutoff   74      10673.2899 10251.8914  3.95%  83.1  660s
 19922 11130 10445.4439   27   75 10673.2899 10252.4253  3.94%  83.2  666s
 20124 11214     cutoff   50      10673.2899 10254.0068  3.93%  83.2  673s
 20257 11325 10536.8665   40   31 10673.2899 10254.1112  3.93%  83.4  679s
 20322 11325 10663.5754   49   67 10673.2899 10254.1112  3.93%  83.4  680s
 20435 11412 10480.8207   26  157 10673.2899 10254.6390  3.92%  83.5  685s
 20590 11526 10531.2013   46   81 10673.2899 10255.4960  3.91%  83.7  691s
 20792 11665 10501.1173   70   12 10673.2899 10257.0878  3.90%  83.6  698s
 20999 11741 10651.0931   44   77 10673.2899 10257.8075  3.89%  83.6  704s
 21135 11843 10405.3989   34   53 10673.2899 10258.3137  3.89%  83.8  709s
 21297 11843 10663.6321   57   64 10673.2899 10258.8898  3.88%  84.0  710s
 21304 11950 10483.7504   37   83 10673.2899 10259.0062  3.88%  84.0  716s
 21549 12042 infeasible   40      10673.2899 10259.8130  3.87%  83.8  721s
 21703 12174 10551.4770   33  188 10673.2899 10260.9442  3.86%  84.0  729s
 21913 12256 10607.3700   43    - 10673.2899 10261.4119  3.86%  84.0  735s
 22075 12354     cutoff   47      10673.2899 10262.3469  3.85%  84.1  740s
 22241 12433     cutoff   33      10673.2899 10262.6476  3.85%  84.2  746s
 22417 12539 10600.1911   26  147 10673.2899 10264.3011  3.83%  84.3  752s
 22594 12624 10594.5447   35  182 10673.2899 10264.7030  3.83%  84.4  758s
 22744 12715 10563.2220   28  123 10673.2899 10264.8532  3.83%  84.5  764s
 22894 12806 10456.9371   30  164 10673.2899 10266.2557  3.81%  84.7  770s
 23065 12911     cutoff   45      10673.2899 10267.2129  3.80%  84.8  777s
 23252 13013 10322.6287   31  179 10673.2899 10267.6831  3.80%  84.8  783s
 23431 13132 infeasible   26      10673.2899 10268.5493  3.79%  84.9  790s
 23649 13189 10473.5118   31  191 10673.2899 10269.2802  3.79%  84.9  795s
 23791 13250 10514.6864   42  172 10673.2899 10269.7187  3.78%  85.0  801s
 23927 13358 10402.5783   26   82 10673.2899 10271.4529  3.76%  85.2  807s
 24112 13436 10361.1566   34  224 10673.2899 10271.8556  3.76%  85.2  814s
 24260 13503 10511.9238   29  172 10673.2899 10272.1469  3.76%  85.4  821s
 24426 13632 10516.4410   28  202 10673.2899 10272.8377  3.75%  85.6  827s
 24631 13744 10609.0689   33  100 10673.2899 10273.0562  3.75%  85.6  833s
 24826 13760 10488.9924   35  207 10673.2899 10273.8926  3.74%  85.6  842s
 24868 13859 10538.1681   30  148 10673.2899 10274.1670  3.74%  85.6  848s
 25049 13964 10587.3545   40  142 10673.2899 10274.9985  3.73%  85.7  854s
 25111 13964 10550.1102   29  175 10673.2899 10274.9985  3.73%  85.7  855s
 25244 14080 10554.2765   23  129 10673.2899 10275.6306  3.73%  85.7  860s
 25453 14157 10441.6396   37  103 10673.2899 10276.2858  3.72%  85.7  867s
 25635 14236 10383.1991   21  215 10673.2899 10276.9013  3.71%  85.7  873s
 25763 14342     cutoff   47      10673.2899 10277.5259  3.71%  85.9  879s
 25948 14422     cutoff   54      10673.2899 10278.0686  3.70%  86.0  885s
 26170 14495 10426.7998   36  202 10673.2899 10278.8561  3.70%  85.9  891s
 26336 14582     cutoff   29      10673.2899 10279.3086  3.69%  86.0  897s
 26511 14613     cutoff   66      10673.2899 10279.8756  3.69%  86.1  903s
 26623 14721 10307.1213   32   37 10673.2899 10280.3912  3.68%  86.3  909s
 26827 14849 10435.5300   42    4 10673.2899 10280.9686  3.68%  86.3  916s
 27028 14962     cutoff   70      10673.2899 10281.7719  3.67%  86.3  924s
 27217 15045     cutoff   45      10673.2899 10282.3251  3.66%  86.3  930s
 27416 15145     cutoff   26      10673.2899 10283.2633  3.65%  86.2  937s
 27592 15248 10476.2936   35  109 10673.2899 10283.8620  3.65%  86.3  943s
 27781 15325 10481.2189   37  174 10673.2899 10284.3935  3.64%  86.3  949s
 27950 15429 10476.8703   45  128 10673.2899 10284.6518  3.64%  86.4  955s
 28128 15496 10470.5131   34  150 10673.2899 10285.3642  3.63%  86.4  962s
 28291 15653     cutoff   31      10673.2899 10286.2891  3.63%  86.5  968s
 28540 15780     cutoff   41      10673.2899 10286.8030  3.62%  86.4  976s
 28725 15875 10624.7944   40   95 10673.2899 10287.1924  3.62%  86.4  982s
 28900 15954 10401.8932   37  251 10673.2899 10287.9064  3.61%  86.5  988s
 29067 16060 10658.8544   39   20 10673.2899 10288.2742  3.61%  86.6  995s
 29256 16143     cutoff   47      10673.2899 10288.9363  3.60%  86.5 1002s
 29414 16229 10466.3629   25  198 10673.2899 10289.8716  3.59%  86.6 1008s
 29561 16332 10496.6611   43  134 10673.2899 10290.1833  3.59%  86.7 1015s
 29753 16421 10580.2000   41    - 10673.2899 10290.7388  3.58%  86.7 1021s
 29922 16521 infeasible   58      10673.2899 10291.0600  3.58%  86.8 1029s
 30093 16635 10625.9331   30  136 10673.2899 10291.4936  3.58%  86.8 1036s
 30288 16709 10560.1269   41  147 10673.2899 10291.8744  3.57%  86.8 1043s
 30440 16800 10636.3756   36   61 10673.2899 10292.1941  3.57%  86.9 1049s
 30505 16800 10635.8785   48  107 10673.2899 10292.5025  3.57%  87.0 1050s
 30596 16893     cutoff   45      10673.2899 10292.5589  3.57%  87.0 1056s
 30767 16976 10630.3793   27  131 10673.2899 10293.0670  3.56%  87.1 1063s
 30933 17065 10641.7193   28  104 10673.2899 10293.3539  3.56%  87.1 1070s
 31082 17170 10585.1661   53   61 10673.2899 10293.7216  3.56%  87.2 1077s
 31269 17257     cutoff   61      10673.2899 10294.2505  3.55%  87.3 1084s
 31421 17364 10408.9465   31  167 10673.2899 10294.6854  3.55%  87.4 1090s
 31630 17474 10524.4005   39   63 10673.2899 10295.6217  3.54%  87.3 1098s
 31802 17543 10638.7293   46  133 10673.2899 10296.2540  3.53%  87.4 1105s
 31967 17612 10389.2875   23  209 10673.2899 10296.4990  3.53%  87.4 1112s
 32089 17695 10591.7259   34  139 10673.2899 10296.5892  3.53%  87.6 1119s
 32264 17767 10456.2809   30  121 10673.2899 10296.9578  3.53%  87.6 1126s
 32408 17858 10385.5549   34   95 10673.2899 10297.7889  3.52%  87.8 1132s
 32575 17988 10416.1977   22  141 10673.2899 10298.6273  3.51%  87.8 1139s
 32783 18069 10616.8389   44   40 10673.2899 10299.1436  3.51%  87.7 1146s
 32937 18170     cutoff   54      10673.2899 10299.6497  3.50%  87.8 1153s
 33106 18247 10601.0878   29  153 10673.2899 10299.9672  3.50%  87.8 1160s
 33262 18365 10382.0416   22   81 10673.2899 10300.8522  3.49%  87.9 1167s
 33470 18410     cutoff   65      10673.2899 10301.5689  3.48%  87.9 1173s
 33595 18498 10578.6662   33  149 10673.2899 10301.6649  3.48%  88.0 1180s
 33771 18576 10612.1203   40   56 10673.2899 10302.1110  3.48%  88.1 1188s
 33955 18632 10653.7773   50   82 10673.2899 10302.6209  3.47%  88.1 1195s
 34061 18694 10556.4144   34   54 10673.2899 10302.8736  3.47%  88.3 1202s
 34187 18756     cutoff   43      10673.2899 10303.0196  3.47%  88.4 1209s
 34302 18876 10567.5688   32  121 10673.2899 10303.4172  3.47%  88.6 1216s
 34540 18938 10666.3100   49    - 10673.2899 10304.0514  3.46%  88.5 1223s
 34704 19028     cutoff   49      10673.2899 10304.5761  3.45%  88.5 1230s
 34875 19127 10625.5222   55   39 10673.2899 10305.0200  3.45%  88.5 1239s
 34932 19127 10541.3078   60    9 10673.2899 10305.0200  3.45%  88.5 1240s
 35040 19232 10556.6430   34   32 10673.2899 10305.4809  3.45%  88.5 1247s
 35251 19344     cutoff   49      10673.2899 10305.8756  3.44%  88.5 1255s
 35437 19426 10548.4501   29  179 10673.2899 10306.4788  3.44%  88.4 1262s
 35586 19542     cutoff   28      10673.2899 10306.6990  3.43%  88.5 1269s
 35671 19542 10643.3107   41   26 10673.2899 10307.1782  3.43%  88.5 1270s
 35786 19613 10591.9315   45   94 10673.2899 10307.3352  3.43%  88.4 1277s
 35923 19741 10625.6532   31  175 10673.2899 10307.5271  3.43%  88.4 1285s
 36119 19843 10524.5168   36   71 10673.2899 10307.8206  3.42%  88.3 1292s
 36309 19941 10437.7716   32  194 10673.2899 10308.1834  3.42%  88.3 1299s
 36380 19947 10446.2329   32   73 10673.2899 10308.1834  3.42%  88.3 1300s
 36475 19998     cutoff   50      10673.2899 10308.7265  3.42%  88.3 1306s
 36598 20134 10418.1758   31  132 10673.2899 10309.3102  3.41%  88.4 1313s
 36826 20184 10602.1200   37   14 10673.2899 10309.6964  3.41%  88.3 1321s
 36895 20267 10453.4338   30  111 10673.2899 10310.0683  3.40%  88.3 1330s
 37088 20350 10512.5613   42   40 10673.2899 10310.1700  3.40%  88.2 1337s
 37246 20393 10575.8550   42   69 10673.2899 10310.7150  3.40%  88.3 1345s
 37359 20451 10484.5808   30  194 10673.2899 10311.0855  3.39%  88.4 1353s
 37477 20544 10444.4684   37  192 10673.2899 10311.3119  3.39%  88.5 1360s
 37635 20607     cutoff   53      10673.2899 10311.5530  3.39%  88.6 1367s
 37774 20693 10513.5381   36  101 10673.2899 10312.0865  3.38%  88.6 1374s
 37936 20693 10631.0676   66   33 10673.2899 10312.2041  3.38%  88.6 1375s
 37946 20761 10557.1844   33   26 10673.2899 10312.2860  3.38%  88.6 1381s
 38095 20843 infeasible   53      10673.2899 10312.6849  3.38%  88.7 1389s
 38242 20907 10427.0876   30  140 10673.2899 10313.4354  3.37%  88.7 1397s
 38361 20992 10538.6756   30  147 10673.2899 10313.6131  3.37%  88.8 1404s
 38531 21028 infeasible   68      10673.2899 10313.9843  3.37%  88.8 1412s
 38628 21089     cutoff   49      10673.2899 10314.1172  3.37%  88.9 1418s
 38769 21173     cutoff   36      10673.2899 10314.6468  3.36%  88.9 1426s
 38937 21270 10626.3892   42   49 10673.2899 10315.1827  3.36%  88.9 1433s
 39103 21356     cutoff   29      10673.2899 10315.4577  3.35%  88.9 1441s
 39255 21405 10600.3077   39  168 10673.2899 10315.8065  3.35%  89.0 1449s
 39386 21483 infeasible   29      10673.2899 10316.4305  3.34%  89.1 1456s
 39555 21558     cutoff   40      10673.2899 10317.0145  3.34%  89.1 1464s
 39632 21558 10528.8355   32   81 10673.2899 10317.3644  3.33%  89.1 1465s
 39734 21687 10567.2171   28  213 10673.2899 10317.3814  3.33%  89.1 1474s
 39924 21745 10641.0854   40   27 10673.2899 10317.5774  3.33%  89.1 1482s
 40064 21818 10614.6621   30  101 10673.2899 10317.8815  3.33%  89.1 1491s
 40202 21887 10516.8117   43   97 10673.2899 10318.1773  3.33%  89.2 1499s
 40355 21923 10611.3650   43  141 10673.2899 10318.4273  3.32%  89.2 1507s
 40476 22009 10563.3965   35  161 10673.2899 10318.7247  3.32%  89.3 1516s
 40661 22090     cutoff   62      10673.2899 10318.8955  3.32%  89.3 1524s
 40814 22193 10670.9557   42   33 10673.2899 10319.1544  3.32%  89.4 1532s
 41023 22287     cutoff   36      10673.2899 10319.5468  3.31%  89.3 1540s
 41164 22356 10610.6620   53   16 10673.2899 10319.7677  3.31%  89.3 1549s
 41299 22403     cutoff   65      10673.2899 10320.2774  3.31%  89.4 1557s
 41458 22497     cutoff   41      10673.2899 10320.4871  3.31%  89.4 1566s
 41664 22577     cutoff   23      10673.2899 10320.8913  3.30%  89.4 1574s
 41819 22661 10513.0275   49   90 10673.2899 10321.2080  3.30%  89.5 1582s
 41975 22731 10559.3476   25  130 10673.2899 10321.4227  3.30%  89.5 1591s
 42199 22836 10667.0200   69    - 10673.2899 10321.7528  3.29%  89.4 1600s
 42357 22888 10611.3607   48   18 10673.2899 10322.2168  3.29%  89.4 1608s
 42495 22986     cutoff   47      10673.2899 10322.9763  3.28%  89.4 1615s
 42686 23016 10422.9223   25  197 10673.2899 10323.1417  3.28%  89.4 1624s
 42782 23107 10402.1596   36  142 10673.2899 10323.3010  3.28%  89.5 1632s
 42949 23212 10580.1484   31   65 10673.2899 10323.7026  3.28%  89.5 1641s
 43132 23266     cutoff   56      10673.2899 10323.9441  3.27%  89.5 1649s
 43251 23355 10648.2123   51   40 10673.2899 10324.1564  3.27%  89.6 1658s
 43449 23463 10457.4826   31  224 10673.2899 10324.5666  3.27%  89.5 1667s
 43622 23523     cutoff   51      10673.2899 10324.9336  3.26%  89.5 1676s
 43747 23585 10526.3934   31  178 10673.2899 10325.1924  3.26%  89.6 1685s
 43878 23662 10430.0107   30  141 10673.2899 10325.6739  3.26%  89.7 1693s
 44025 23762     cutoff   53      10673.2899 10325.8059  3.26%  89.7 1702s
 44212 23849 10525.2313   28  172 10673.2899 10326.1158  3.25%  89.7 1710s
 44343 23875     cutoff   52      10673.2899 10326.4071  3.25%  89.7 1719s
 44475 23988     cutoff   28      10673.2899 10326.6868  3.25%  89.8 1728s
 44653 24059 10666.9674   33  166 10673.2899 10327.0460  3.24%  89.8 1738s
 44803 24137     cutoff   41      10673.2899 10327.3244  3.24%  89.8 1746s
 44968 24170 10616.1870   37   68 10673.2899 10327.6355  3.24%  89.8 1755s
 45081 24210     cutoff   35      10673.2899 10327.9329  3.24%  89.9 1765s
 45190 24258     cutoff   34      10673.2899 10328.0024  3.24%  90.0 1773s
 45315 24344 10357.7140   24  153 10673.2899 10328.2825  3.23%  90.1 1782s
 45493 24397 10661.4873   31   26 10673.2899 10328.4986  3.23%  90.1 1791s
 45642 24458     cutoff   44      10673.2899 10328.7416  3.23%  90.1 1800s
 45797 24535     cutoff   49      10673.2899 10329.2834  3.22%  90.1 1809s
 45964 24637 10553.6480   39  110 10673.2899 10329.6673  3.22%  90.1 1818s
 46150 24716 10462.9709   41  124 10673.2899 10329.9243  3.22%  90.1 1827s
 46290 24784     cutoff   29      10673.2899 10330.2600  3.21%  90.1 1835s
 46425 24883 10485.4167   33  143 10673.2899 10330.3942  3.21%  90.2 1845s
 46573 24993 10541.2813   41   72 10673.2899 10330.7264  3.21%  90.2 1855s
 46747 25055     cutoff   48      10673.2899 10330.8789  3.21%  90.2 1865s
 46904 25105     cutoff   34      10673.2899 10331.1057  3.21%  90.3 1874s
 47025 25194 10472.4835   31   95 10673.2899 10331.2455  3.20%  90.3 1883s
 47179 25268     cutoff   58      10673.2899 10331.6042  3.20%  90.3 1893s
 47350 25325 10572.9311   35  124 10673.2899 10332.1301  3.20%  90.3 1904s
 47490 25405     cutoff   53      10673.2899 10332.4788  3.19%  90.3 1913s
 47648 25456 10620.1802   43  151 10673.2899 10332.9698  3.19%  90.3 1923s
 47773 25527 10596.6921   46   77 10673.2899 10333.1451  3.19%  90.4 1932s
 47938 25654     cutoff   51      10673.2899 10333.5309  3.18%  90.4 1943s
 48137 25703     cutoff   70      10673.2899 10333.7490  3.18%  90.4 1953s
 48256 25742 10508.4955   28  149 10673.2899 10333.9579  3.18%  90.4 1961s
 48377 25793 10627.3325   48   16 10673.2899 10334.5158  3.17%  90.5 1971s
 48517 25858 10517.0570   39  115 10673.2899 10334.7499  3.17%  90.5 1980s
 48686 25945     cutoff   61      10673.2899 10335.2113  3.17%  90.5 1990s
 48838 26026 10631.9133   47   15 10673.2899 10335.3462  3.17%  90.5 1997s
 49036 26077 infeasible   61      10673.2899 10335.5870  3.16%  90.5 2004s
 49193 26140 10595.5196   47   32 10673.2899 10335.9157  3.16%  90.5 2011s
 49334 26212 10620.1300   36    - 10673.2899 10336.2855  3.16%  90.6 2019s
 49506 26278 infeasible   60      10673.2899 10336.6812  3.15%  90.5 2027s
 49646 26331     cutoff   38      10673.2899 10337.2622  3.15%  90.5 2034s
 49724 26331     cutoff   59      10673.2899 10337.3828  3.15%  90.5 2035s
 49820 26397 10555.4593   31  183 10673.2899 10337.4262  3.15%  90.5 2042s
 49976 26450 10651.3777   36  149 10673.2899 10337.8094  3.14%  90.5 2050s
 50125 26523     cutoff   54      10673.2899 10338.0092  3.14%  90.5 2058s
 50259 26594 10650.3605   39  121 10673.2899 10338.2700  3.14%  90.5 2065s
 50403 26635     cutoff   24      10673.2899 10338.5327  3.14%  90.6 2073s
 50513 26699 10663.6456   46   67 10673.2899 10338.7282  3.13%  90.7 2080s
 50663 26810     cutoff   45      10673.2899 10339.2150  3.13%  90.7 2087s
 50875 26910     cutoff   37      10673.2899 10339.6587  3.13%  90.6 2096s
 51034 27003 infeasible   55      10673.2899 10339.9992  3.12%  90.6 2104s
 51194 27064 10508.3156   31  175 10673.2899 10340.3539  3.12%  90.6 2112s
 51332 27132 10390.8240   26  100 10673.2899 10340.7175  3.12%  90.6 2121s
 51495 27196     cutoff   57      10673.2899 10340.8394  3.11%  90.6 2130s
 51643 27245 10539.5159   31  128 10673.2899 10341.0869  3.11%  90.6 2137s
 51770 27299 10523.1419   43  156 10673.2899 10341.1574  3.11%  90.7 2145s
 51886 27308 10560.4519   34  141 10673.2899 10341.3600  3.11%  90.8 2155s
 51919 27362 10585.3228   32  177 10673.2899 10341.3861  3.11%  90.8 2162s
 52042 27397 10600.0666   29  128 10673.2899 10341.7334  3.11%  90.8 2170s
 52147 27465 10618.4937   23  228 10673.2899 10342.1080  3.10%  90.9 2179s
 52258 27581 10507.6552   34   92 10673.2899 10342.2257  3.10%  91.0 2189s
 52417 27582 10532.9100   70    4 10673.2899 10342.4221  3.10%  90.9 2190s
 52480 27636 10489.7947   38  202 10673.2899 10342.5459  3.10%  90.9 2198s
 52611 27711     cutoff   46      10673.2899 10342.7481  3.10%  91.0 2206s
 52720 27780 10617.0533   60   10 10673.2899 10342.8819  3.10%  91.0 2214s
 52806 27781 10639.0188   48   81 10673.2899 10343.0823  3.09%  91.0 2215s
 52899 27862 infeasible   60      10673.2899 10343.1320  3.09%  91.0 2223s
 53064 27931 10551.9648   36  206 10673.2899 10343.4638  3.09%  91.0 2232s
 53191 27980 10525.0596   32  150 10673.2899 10343.6660  3.09%  91.1 2240s
 53312 28039 10667.2022   45   66 10673.2899 10343.7243  3.09%  91.1 2248s
 53435 28110 10595.5860   31  181 10673.2899 10344.4561  3.08%  91.2 2257s
 53620 28196 10527.8328   39  113 10673.2899 10344.5838  3.08%  91.1 2266s
 53752 28298 10637.7105   48  111 10673.2899 10344.7101  3.08%  91.2 2275s
 53925 28376 10568.8817   47   59 10673.2899 10344.9693  3.08%  91.2 2283s
 54093 28454 10609.9142   30   82 10673.2899 10345.2069  3.07%  91.2 2291s
 54286 28522 10561.8127   45  135 10673.2899 10345.3577  3.07%  91.1 2300s
 54435 28564     cutoff   33      10673.2899 10345.6645  3.07%  91.1 2308s
 54559 28618     cutoff   37      10673.2899 10346.0058  3.07%  91.1 2316s
 54685 28704 10535.5382   49   89 10673.2899 10346.5512  3.06%  91.2 2324s
 54730 28704 10657.1980   36   46 10673.2899 10346.5512  3.06%  91.1 2325s
 54858 28760 10582.1506   38  170 10673.2899 10346.9011  3.06%  91.2 2335s
 54994 28828 10481.4138   30   78 10673.2899 10346.9696  3.06%  91.2 2342s
 55138 28899 10447.2372   29  103 10673.2899 10347.2730  3.05%  91.2 2352s
 55309 28927     cutoff   33      10673.2899 10347.5402  3.05%  91.2 2361s
