




arguments: ./build/mirp_solver -f ./input/orig_exec_165.cfg
Current dir: /scratch/gui/bnc_mirp
File verbosity level: 9
date       time         ( uptime  ) [ thread name/id ]                   file:line     v| 
2021-01-10 03:46:09.841 (   0.032s) [main thread     ]             loguru.cpp:789   INFO| Logging to './output/vi_qua/OU/V2/Original/execution_10_01_2021_03_46_09.log', mode: 'a', verbosity: 9
--------------------------------------------------------------------------------
Parameters
                           instance_path           ./input/Instances/Original/5/
                            model_policy                                       1
                             nb_vehicles                                       2
                              output_dir         ./output/vi_qua/OU/V2/Original/
                            sec_strategy                                       1
                       solver_nb_threads                                       2
                         solver_show_log                                    true
                       solver_time_limit                                    3600
                              use_vi_cos                                   false
                              use_vi_cus                                   false
                         use_vi_hc1_full                                   false
                         use_vi_hc1_half                                   false
                      use_vi_hc1_quarter                                   false
                              use_vi_hc2                                   false
                              use_vi_hc3                                   false
                         use_vi_lex_full                                   false
                         use_vi_lex_half                                   false
                      use_vi_lex_quarter                                   false
                              use_vi_qua                                    true
                               use_vi_vc                                   false
                               use_vi_vr                                   false
--------------------------------------------------------------------------------
executing instance: ./input/Instances/Original/5/absH3low_4n50.dat
--------------------------------------------------------------------------------
Instance details
n	51
H	3
C	4066
Li:
[0, 0, 0, 0, 0, 0, 0, 0, 0, 0, 0, 0, 0, 0, 0, 0, 0, 0, 0, 0, 0, 0, 0, 0, 0, 0, 0, 0, 0, 0, 0, 0, 0, 0, 0, 0, 0, 0, 0, 0, 0, 0, 0, 0, 0, 0, 0, 0, 0, 0, 0, ]
Ui:
[0, 108, 126, 122, 66, 120, 48, 30, 128, 54, 158, 198, 36, 66, 210, 234, 147, 297, 171, 128, 116, 120, 219, 70, 294, 207, 134, 128, 234, 122, 22, 183, 195, 255, 132, 124, 66, 189, 219, 66, 128, 102, 288, 66, 87, 136, 36, 39, 282, 36, 237, ]
Distance matrix:
|0	210	444	498	509	104	438	228	487	304	456	434	526	476	163	47	293	396	293	290	313	85	280	437	293	336	409	106	449	376	433	478	193	404	404	534	278	181	380	507	189	438	263	473	353	216	202	218	452	254	465	|
|210	0	299	507	359	106	345	409	358	411	320	402	555	448	136	200	289	264	306	427	141	222	83	348	264	320	283	303	380	208	258	357	170	348	475	542	243	347	355	379	65	479	172	373	355	251	112	229	402	210	300	|
|444	299	0	363	65	358	116	542	66	440	26	241	425	272	282	407	251	51	276	490	159	397	224	124	217	237	48	490	170	99	83	74	261	180	430	385	214	479	231	85	270	390	184	116	271	300	409	276	210	215	54	|
|498	507	363	0	385	482	246	424	326	254	343	123	63	93	388	452	221	337	211	314	428	414	480	239	243	187	324	463	194	418	438	307	346	188	156	36	264	392	156	326	444	87	340	258	154	286	603	294	153	297	417	|
|509	359	65	385	0	422	145	602	59	492	59	269	448	292	348	472	305	115	329	545	218	462	281	152	274	286	106	554	192	153	116	78	326	216	472	403	274	540	271	63	334	425	249	127	316	361	468	337	233	278	69	|
|104	106	358	482	422	0	372	309	408	337	374	396	521	441	98	96	262	314	271	342	215	124	177	373	249	302	329	198	394	281	337	402	139	353	419	518	230	250	343	428	90	437	188	405	328	200	134	188	406	199	372	|
|438	345	116	246	145	372	0	485	87	357	97	126	309	155	279	394	180	101	200	414	223	373	288	8	157	150	84	459	53	188	196	68	245	72	328	269	165	427	128	97	297	280	184	36	175	250	456	233	94	184	170	|
|228	409	542	424	602	309	485	0	561	170	544	419	424	446	298	214	305	491	286	115	462	187	457	480	331	339	496	124	470	510	565	545	295	424	279	454	329	66	376	576	363	340	370	520	330	242	429	266	453	328	581	|
|487	358	66	326	59	408	87	561	0	441	40	211	389	233	324	446	258	95	281	497	220	431	287	95	230	234	79	522	133	164	146	19	297	160	415	344	233	500	215	21	323	367	224	68	261	320	470	299	174	242	106	|
|304	411	440	254	492	337	357	170	441	0	434	266	255	286	275	266	189	392	164	63	408	225	428	351	224	207	392	234	330	438	484	424	250	287	112	284	232	149	233	453	349	170	302	389	185	168	471	195	305	248	487	|
|456	320	26	343	59	374	97	544	40	434	0	223	406	252	294	418	247	60	271	487	181	405	247	105	215	229	49	498	149	124	109	48	270	165	419	364	215	482	218	60	288	375	194	92	261	302	431	279	190	220	75	|
|434	402	241	123	269	396	126	419	211	266	223	0	185	46	298	387	140	213	145	328	310	355	366	118	147	97	201	425	78	295	315	191	256	65	211	151	166	371	53	215	343	157	231	145	90	220	505	217	41	198	295	|
|526	555	425	63	448	521	309	424	389	255	406	185	0	156	430	481	266	398	252	310	485	442	534	301	293	237	386	480	257	478	500	370	390	249	145	55	313	401	212	389	491	89	392	321	201	322	646	334	216	345	479	|
|476	448	272	93	292	441	155	446	233	286	252	46	156	0	343	429	183	250	184	348	353	396	411	148	192	140	236	461	102	334	350	214	302	106	214	113	212	402	98	233	389	151	277	165	125	261	551	260	62	244	325	|
|163	136	282	388	348	98	279	298	324	275	294	298	430	343	0	124	167	234	178	296	167	121	162	279	151	205	247	216	297	224	280	316	42	256	340	423	132	232	246	344	74	349	100	314	233	115	216	97	308	101	307	|
|47	200	407	452	472	96	394	214	446	266	418	387	481	429	124	0	246	358	245	259	284	41	261	392	247	289	370	103	403	345	402	436	150	358	361	488	232	158	333	466	165	393	223	430	306	168	217	171	406	210	431	|
|293	289	251	221	305	262	180	305	258	189	247	140	266	183	167	246	0	204	26	240	238	215	276	175	37	43	203	289	169	255	297	242	125	122	202	257	52	248	87	272	225	191	134	215	67	80	382	77	163	81	298	|
|396	264	51	337	115	314	101	491	95	392	60	213	398	250	234	358	204	0	229	442	130	347	196	108	169	194	19	440	152	87	102	93	211	149	390	363	165	428	194	116	228	355	134	117	230	250	376	225	189	164	95	|
|293	306	276	211	329	271	200	286	281	164	271	145	252	184	178	245	26	229	0	216	262	212	297	195	63	53	228	280	184	280	323	264	138	137	178	248	76	232	95	294	241	173	156	234	60	77	395	83	172	102	324	|
|290	427	490	314	545	342	414	115	497	63	487	328	310	348	296	259	240	442	216	0	443	220	456	408	273	264	443	204	390	479	529	480	278	346	165	343	278	115	293	509	369	229	340	447	244	202	473	230	366	288	536	|
|313	141	159	428	218	215	223	462	220	408	181	310	485	353	167	284	238	130	262	443	0	288	67	228	202	252	149	382	267	67	122	221	168	247	440	459	186	396	273	241	125	423	107	245	291	242	251	214	297	162	160	|
|85	222	397	414	462	124	373	187	431	225	405	355	442	396	121	41	215	347	212	220	288	0	273	371	221	258	357	95	378	344	401	420	136	331	321	450	208	126	302	450	177	353	213	409	272	136	253	143	377	190	426	|
|280	83	224	480	281	177	288	457	287	428	247	366	534	411	162	261	276	196	297	456	67	273	0	292	243	298	215	363	329	128	176	288	179	305	475	513	224	392	324	307	96	466	143	311	335	261	187	235	357	195	219	|
|437	348	124	239	152	373	8	480	95	351	105	118	301	148	279	392	175	108	195	408	228	371	292	0	154	144	91	456	46	194	203	76	244	65	320	261	163	423	121	103	299	273	185	40	168	247	459	230	86	183	178	|
|293	264	217	243	274	249	157	331	230	224	215	147	293	192	151	247	37	169	63	273	202	221	243	154	0	57	170	303	157	217	260	215	110	111	238	278	21	271	94	245	201	223	100	193	92	93	362	78	160	54	263	|
|336	320	237	187	286	302	150	339	234	207	229	97	237	140	205	289	43	194	53	264	252	258	298	144	57	0	190	331	131	257	294	216	163	84	197	221	77	285	44	246	258	172	155	183	39	123	418	119	120	110	288	|
|409	283	48	324	106	329	84	496	79	392	49	201	386	236	247	370	203	19	228	443	149	357	215	91	170	190	0	449	136	105	114	75	221	138	384	349	168	434	185	99	245	346	146	98	224	255	394	231	174	171	99	|
|106	303	490	463	554	198	459	124	522	234	498	425	480	461	216	103	289	440	280	204	382	95	363	456	303	331	449	0	458	439	496	510	229	410	344	498	293	89	374	540	267	391	307	495	336	211	308	226	451	280	520	|
|449	380	170	194	192	394	53	470	133	330	149	78	257	102	297	403	169	152	184	390	267	378	329	46	157	131	136	458	0	238	249	114	259	47	287	216	171	416	96	137	327	235	211	67	145	247	488	235	41	197	223	|
|376	208	99	418	153	281	188	510	164	438	124	295	478	334	224	345	255	87	280	479	67	344	128	194	217	257	105	439	238	0	57	169	216	230	453	445	206	445	268	184	191	427	141	202	296	278	315	250	274	191	92	|
|433	258	83	438	116	337	196	565	146	484	109	315	500	350	280	402	297	102	323	529	122	401	176	203	260	294	114	496	249	57	0	157	271	252	490	463	251	499	296	162	247	457	195	199	331	329	362	302	288	241	47	|
|478	357	74	307	78	402	68	545	19	424	48	191	370	214	316	436	242	93	264	480	221	420	288	76	215	216	75	510	114	169	157	0	287	141	396	325	219	485	196	31	319	347	216	49	243	306	469	286	154	230	120	|
|193	170	261	346	326	139	245	295	297	250	270	256	390	302	42	150	125	211	138	278	168	136	179	244	110	163	221	229	259	216	271	287	0	216	305	382	91	229	204	316	105	310	78	280	192	83	257	60	268	62	292	|
|404	348	180	188	216	353	72	424	160	287	165	65	249	106	256	358	122	149	137	346	247	331	305	65	111	84	138	410	47	230	252	141	216	0	255	215	126	369	56	168	292	210	177	102	103	200	454	189	54	155	234	|
|404	475	430	156	472	419	328	279	415	112	419	211	145	214	340	361	202	390	178	165	440	321	475	320	238	197	384	344	287	453	490	396	305	255	0	181	254	261	201	422	410	69	335	353	160	225	551	246	252	280	482	|
|534	542	385	36	403	518	269	454	344	284	364	151	55	113	423	488	257	363	248	343	459	450	513	261	278	221	349	498	216	445	463	325	382	215	181	0	298	425	189	342	479	115	373	276	190	323	638	330	175	332	439	|
|278	243	214	264	274	230	165	329	233	232	215	166	313	212	132	232	52	165	76	278	186	208	224	163	21	77	168	293	171	206	251	219	91	126	254	298	0	267	114	250	181	242	82	202	112	88	341	68	177	33	258	|
|181	347	479	392	540	250	427	66	500	149	482	371	401	402	232	158	248	428	232	115	396	126	392	423	271	285	434	89	416	445	499	485	229	369	261	425	267	0	325	516	298	313	305	463	281	180	375	203	403	264	516	|
|380	355	231	156	271	343	128	376	215	233	218	53	212	98	246	333	87	194	95	293	273	302	324	121	94	44	185	374	96	268	296	196	204	56	201	189	114	325	0	224	294	161	185	157	49	167	455	163	78	147	284	|
|507	379	85	326	63	428	97	576	21	453	60	215	389	233	344	466	272	116	294	509	241	450	307	103	245	246	99	540	137	184	162	31	316	168	422	342	250	516	224	0	344	371	244	70	271	337	490	317	176	261	120	|
|189	65	270	444	334	90	297	363	323	349	288	343	491	389	74	165	225	228	241	369	125	177	96	299	201	258	245	267	327	191	247	319	105	292	410	479	181	298	294	344	0	414	116	328	291	187	163	165	345	147	282	|
|438	479	390	87	425	437	280	340	367	170	375	157	89	151	349	393	191	355	173	229	423	353	466	273	223	172	346	391	235	427	457	347	310	210	69	115	242	313	161	371	414	0	323	301	133	238	565	253	197	273	444	|
|263	172	184	340	249	188	184	370	224	302	194	231	392	277	100	223	134	134	156	340	107	213	143	185	100	155	146	307	211	141	195	216	78	177	335	373	82	305	185	244	116	323	0	217	192	138	278	110	230	55	214	|
|473	373	116	258	127	405	36	520	68	389	92	145	321	165	314	430	215	117	234	447	245	409	311	40	193	183	98	495	67	202	199	49	280	102	353	276	202	463	157	70	328	301	217	0	205	286	485	269	106	220	167	|
|353	355	271	154	316	328	175	330	261	185	261	90	201	125	233	306	67	230	60	244	291	272	335	168	92	39	224	336	145	296	331	243	192	103	160	190	112	281	49	271	291	133	192	205	0	138	449	141	123	145	323	|
|216	251	300	286	361	200	250	242	320	168	302	220	322	261	115	168	80	250	77	202	242	136	261	247	93	123	255	211	247	278	329	306	83	200	225	323	88	180	167	337	187	238	138	286	138	0	328	28	243	88	340	|
|202	112	409	603	468	134	456	429	470	471	431	505	646	551	216	217	382	376	395	473	251	253	187	459	362	418	394	308	488	315	362	469	257	454	551	638	341	375	455	490	163	565	278	485	449	328	0	313	508	308	406	|
|218	229	276	294	337	188	233	266	299	195	279	217	334	260	97	171	77	225	83	230	214	143	235	230	78	119	231	226	235	250	302	286	60	189	246	330	68	203	163	317	165	253	110	269	141	28	313	0	235	61	315	|
|452	402	210	153	233	406	94	453	174	305	190	41	216	62	308	406	163	189	172	366	297	377	357	86	160	120	174	451	41	274	288	154	268	54	252	175	177	403	78	176	345	197	230	106	123	243	508	235	0	207	264	|
|254	210	215	297	278	199	184	328	242	248	220	198	345	244	101	210	81	164	102	288	162	190	195	183	54	110	171	280	197	191	241	230	62	155	280	332	33	264	147	261	147	273	55	220	145	88	308	61	207	0	253	|
|465	300	54	417	69	372	170	581	106	487	75	295	479	325	307	431	298	95	324	536	160	426	219	178	263	288	99	520	223	92	47	120	292	234	482	439	258	516	284	120	282	444	214	167	323	340	406	315	264	253	0	|

--------------------------------------------------------------------------------
Building model...
	using lazy and cut (CVRPSEP package)
Solving IRP LP...
--------------------------------------------------------------------------------

Gurobi 9.1.0 (linux64) logging started Sun Jan 10 03:46:10 2021

Gurobi Optimizer version 9.1.0 build v9.1.0rc0 (linux64)
Thread count: 32 physical cores, 32 logical processors, using up to 2 threads
Optimize a model with 1122 rows, 8460 columns and 19272 nonzeros
Model fingerprint: 0x883e15a7
Variable types: 504 continuous, 7956 integer (306 binary)
Coefficient statistics:
  Matrix range     [1e+00, 2e+03]
  Objective range  [1e-02, 6e+02]
  Bounds range     [1e+00, 3e+02]
  RHS range        [1e+01, 7e+03]
Presolve removed 262 rows and 140 columns
Presolve time: 0.07s
Presolved: 860 rows, 8320 columns, 18263 nonzeros
Variable types: 364 continuous, 7956 integer (7656 binary)

Root relaxation: objective 3.280950e+03, 1022 iterations, 0.02 seconds

    Nodes    |    Current Node    |     Objective Bounds      |     Work
 Expl Unexpl |  Obj  Depth IntInf | Incumbent    BestBd   Gap | It/Node Time

     0     0 3280.94990    0  137          - 3280.94990      -     -    0s
     0     0 3620.51478    0  163          - 3620.51478      -     -    0s
     0     0 3637.05364    0  169          - 3637.05364      -     -    0s
     0     0 3637.05881    0  169          - 3637.05881      -     -    0s
     0     0 4309.64425    0  191          - 4309.64425      -     -    0s
     0     0 4347.79599    0  165          - 4347.79599      -     -    0s
     0     0 4373.16430    0  241          - 4373.16430      -     -    0s
     0     0 4383.05507    0  232          - 4383.05507      -     -    0s
     0     0 4383.64392    0  238          - 4383.64392      -     -    0s
     0     0 4490.05880    0  287          - 4490.05880      -     -    1s
     0     0 4505.63494    0  265          - 4505.63494      -     -    1s
     0     0 4506.73852    0  264          - 4506.73852      -     -    1s
     0     0 4547.00424    0  307          - 4547.00424      -     -    1s
     0     0 4550.73663    0  310          - 4550.73663      -     -    1s
     0     0 4552.27997    0  307          - 4552.27997      -     -    1s
     0     0 4568.08291    0  240          - 4568.08291      -     -    1s
     0     0 4570.33791    0  292          - 4570.33791      -     -    1s
     0     0 4570.42924    0  292          - 4570.42924      -     -    1s
     0     0 4574.27335    0  290          - 4574.27335      -     -    1s
     0     0 4574.27335    0  271          - 4574.27335      -     -    1s
     0     2 4574.27335    0  274          - 4574.27335      -     -    2s
    35    38 4705.13905   10  290          - 4577.28170      -   368    5s
   154   169 4997.51929   46  170          - 4577.28170      -   222   10s
   422   484 5275.92192  113   85          - 4577.28170      -   129   15s
   764   712 5727.42269  117  128          - 4592.83133      -  81.6   20s
   780   723 4911.01093   26  443          - 4622.35346      -  79.9   25s
   796   734 7224.49412  244  448          - 4629.86962      -  78.3   30s
   810   743 5936.49185  170  377          - 4632.26149      -  76.9   35s
   816   747 8326.11000  315  487          - 4632.26495      -  76.4   40s
   825   756 4683.48786   14  316          - 4638.63034      -  93.8   45s
   888   804 4955.15016   30  147          - 4644.01423      -   104   50s
  1029   904 5249.21318   69   47          - 4644.01423      -   104   55s
  1155   995 6050.07584  101   54          - 4644.01423      -   103   60s
  1308  1073 4738.09395   16  279          - 4644.02683      -  97.4   65s
  1423  1159 4847.38131   25  201          - 4644.02683      -  97.4   70s
  1582  1306 4971.05815   40   75          - 4644.02683      -  91.6   76s
* 1729  1283             294    7179.8400000 4644.02683  35.3%  86.6   79s
* 1743  1242             301    7134.2000000 4644.02683  34.9%  86.0   80s
  1812  1278 4805.99428   23  145 7134.20000 4644.02683  34.9%  86.0   85s
  1867  1309 5679.29471   94   80 7134.20000 4644.02683  34.9%  85.9   99s
  1869  1344 5245.89412   95   28 7134.20000 4644.02683  34.9%  85.9  100s
  1961  1390 5939.24748  128   44 7134.20000 4644.02683  34.9%  85.5  106s
  2020  1461 5970.83741  146   31 7134.20000 4644.02683  34.9%  85.2  110s
  2239  1598 6181.05626  205   31 7134.20000 4644.02683  34.9%  81.2  116s
  2382  1701 6106.69636  244   18 7134.20000 4644.02683  34.9%  79.3  122s
* 2513  1547             286    6334.2000000 4644.02683  26.7%  76.8  125s
* 2618  1377             301    6327.2000000 4646.67500  26.6%  74.1  127s
  2656  1406 4821.74332   22  223 6327.20000 4698.92363  25.7%  75.6  131s
  2706  1484 4958.58089   33   75 6327.20000 4698.92363  25.7%  77.2  135s
  2791  1703 5107.32233   50   68 6327.20000 4698.92363  25.7%  78.0  140s
  2971  1843 5263.03009   94   28 6327.20000 4698.92363  25.7%  74.5  145s
  3208  1943 5783.88151  153   58 6327.20000 4698.92363  25.7%  70.7  150s
* 3262  1892             265    6274.4300000 4698.92363  25.1%  69.8  150s
  3300  1941 4920.36907   24   85 6274.43000 4711.41540  24.9%  71.0  155s
  3385  2008 4907.23022   22  139 6274.43000 4713.48480  24.9%  72.1  160s
  3450  2059 4999.25104   29  204 6274.43000 4713.48480  24.9%  74.0  165s
  3582  2297 5117.77624   50   47 6274.43000 4713.48480  24.9%  73.6  172s
  3733  2384 5493.44094   83   49 6274.43000 4726.37318  24.7%  72.2  177s
  3843  2481 4832.64296   18  261 6274.43000 4730.10226  24.6%  71.9  181s
  3940  2567 5038.95572   25  213 6274.43000 4730.10226  24.6%  71.3  185s
  4105  2634 4803.34107   22  185 6274.43000 4730.10226  24.6%  70.0  190s
  4257  2812 6162.24447  115   18 6274.43000 4737.57016  24.5%  69.3  198s
  4323  2854 4885.27399   25  205 6274.43000 4738.20318  24.5%  69.8  202s
  4365  2897 5016.00000   34    8 6274.43000 4738.20318  24.5%  70.7  206s
  4410  2997 5230.77417   45   30 6274.43000 4738.20318  24.5%  71.9  210s
  4517  3176 5230.33722   75    7 6274.43000 4738.28003  24.5%  72.1  217s
  4752  3247 infeasible  105      6274.43000 4740.45230  24.4%  70.5  223s
  4832  3319 infeasible  120      6274.43000 4742.35758  24.4%  70.9  227s
  4906  3389 5299.31719   50   73 6274.43000 4743.99786  24.4%  71.8  232s
  4993  3519 4912.32591   21  172 6274.43000 4747.90567  24.3%  71.7  238s
  5146  3627 5787.16700   67   61 6274.43000 4748.79565  24.3%  71.3  244s
  5234  3627 5273.39226   52   94 6274.43000 4748.79565  24.3%  71.0  245s
  5269  3794 5319.08453   54   60 6274.43000 4750.01582  24.3%  71.3  250s
  5483  3847 6230.79485  107   20 6274.43000 4752.12287  24.3%  70.1  256s
  5536  4056 5083.82450   35  124 6274.43000 4755.80367  24.2%  71.0  262s
  5751  4182 6182.46826  151   12 6274.43000 4757.09476  24.2%  70.1  269s
  5784  4186 4955.65150   31  154 6274.43000 4757.09476  24.2%  70.0  270s
  5908  4252 infeasible  159      6274.43000 4759.42195  24.1%  69.9  275s
  5986  4319 4978.58644   28  185 6274.43000 4760.32416  24.1%  70.7  281s
  6053  4519 5197.34326   39  111 6274.43000 4761.12112  24.1%  71.4  288s
  6274  4553     cutoff   95      6274.43000 4761.23055  24.1%  70.6  295s
  6343  4621 5243.22700   32  226 6274.43000 4763.64038  24.1%  71.4  301s
  6411  4730 5740.08324   81   69 6274.43000 4763.92628  24.1%  71.6  307s
  6541  4760 4887.76421   26  370 6274.43000 4764.29927  24.1%  71.9  313s
  6571  4817 4961.70611   33  211 6274.43000 4764.29927  24.1%  72.8  319s
  6630  5006 5177.34653   64   71 6274.43000 4764.38445  24.1%  73.8  327s
  6847  5124     cutoff  167      6274.43000 4769.78771  24.0%  72.7  352s
  7022  5258 5306.33842   59    8 6274.43000 4774.20172  23.9%  72.1  366s
  7148  5424     cutoff  139      6274.43000 4774.87775  23.9%  71.8  374s
  7243  5424 5563.85199   79   65 6274.43000 4774.87775  23.9%  71.5  375s
  7339  5650 5765.54997  105   60 6274.43000 4778.07361  23.8%  71.4  385s
  7597  5830 5480.56810   41  121 6274.43000 4779.29158  23.8%  70.6  396s
  7806  6074 5053.16848   34   70 6274.43000 4779.64452  23.8%  70.3  406s
* 7971  5942             250    6203.1600000 4780.60313  22.9%  69.5  408s
  8083  6078     cutoff  144      6203.16000 4783.36059  22.9%  69.4  416s
  8245  6277 5672.11645   90   28 6203.16000 4783.88247  22.9%  69.6  425s
  8468  6369 6195.91000  147    - 6203.16000 4784.34243  22.9%  69.5  435s
  8568  6464     cutoff  147      6203.16000 4784.41324  22.9%  69.8  443s
  8674  6577 5037.36573   22  196 6203.16000 4784.94316  22.9%  70.3  450s
  8794  6752 5439.63919   39   78 6203.16000 4784.94316  22.9%  71.1  460s
  9035  6904 6041.11222   72   27 6203.16000 4785.20463  22.9%  70.9  469s
  9061  6904 6158.39014   80   41 6203.16000 4785.20463  22.9%  70.8  470s
  9239  7016 5119.36356   40  121 6203.16000 4787.06427  22.8%  70.8  479s
  9370  7313 4881.89886   21  228 6203.16000 4787.85564  22.8%  71.3  488s
  9550  7321 5056.51734   32  109 6203.16000 4787.85564  22.8%  70.5  490s
  9716  7384 6160.40000  178   10 6203.16000 4789.69160  22.8%  70.1  498s
  9825  7494     cutoff  181      6203.16000 4790.18736  22.8%  70.6  506s
  9944  7734 5265.02105   53  140 6203.16000 4790.61871  22.8%  71.0  516s
 10221  7866 4851.71117   27  169 6203.16000 4791.09339  22.8%  70.3  526s
 10395  8023 5169.83738   34  102 6203.16000 4792.17925  22.7%  70.3  535s
 10571  8169 5082.54033   32  161 6203.16000 4794.01118  22.7%  70.4  546s
 10711  8409 5308.06907   57   80 6203.16000 4794.04099  22.7%  70.6  555s
 11062  8569 5118.76888   38  126 6203.16000 4794.90312  22.7%  69.4  584s
 11082  8569 5259.56619   58   31 6203.16000 4794.90312  22.7%  69.4  585s
 11231  8671 5913.67000  102    - 6203.16000 4795.52076  22.7%  69.3  593s
*11355  8509             102    6136.6700000 4797.14186  21.8%  69.6  602s
 11444  8674 5357.17940   53  130 6136.67000 4798.43238  21.8%  70.2  613s
 11630  8788 5169.82479   26  197 6136.67000 4798.48953  21.8%  70.2  622s
 11798  8869 4925.78025   25  157 6136.67000 4798.63591  21.8%  70.2  632s
 11870  8973 5115.91303   36   39 6136.67000 4798.63591  21.8%  70.8  641s
 11974  9117 5211.99010   44  153 6136.67000 4798.63591  21.8%  71.4  650s
 12126  9441 5371.95437   51   53 6136.67000 4798.63591  21.8%  71.8  663s
 12284  9453 5756.35749   59   37 6136.67000 4798.63591  21.8%  71.4  665s
 12490  9616 5934.45209  107   34 6136.67000 4800.09698  21.8%  70.7  675s
 12711  9727     cutoff  158      6136.67000 4802.17453  21.7%  70.5  685s
 12835  9848 5393.35581   40  209 6136.67000 4802.68285  21.7%  70.8  694s
 12855  9848 5716.68429   60   22 6136.67000 4802.68285  21.7%  70.9  695s
 12962 10040 4944.96736   32  142 6136.67000 4802.80091  21.7%  71.1  705s
 13161 10285 5284.95002   59   78 6136.67000 4802.90873  21.7%  71.1  716s
 13469 10475 5727.07857  169   21 6136.67000 4803.37504  21.7%  70.5  728s
*13472  8247             172    5738.0600000 4803.37504  16.3%  70.4  728s
*13483  8219             172    5735.0600000 4803.37504  16.2%  70.4  728s
 13702  8326 5001.78330   31  180 5735.06000 4804.82190  16.2%  70.3  737s
 13883  8407 5411.41846   37  143 5735.06000 4806.48622  16.2%  70.4  746s
 14028  8524 5622.57094   65   89 5735.06000 4807.12440  16.2%  70.7  754s
 14059  8524 5323.85857   37  114 5735.06000 4807.12440  16.2%  70.8  755s
 14188  8654 4975.34613   31  117 5735.06000 4808.91097  16.1%  70.9  763s
 14335  8841 5100.79019   42  222 5735.06000 4810.04802  16.1%  71.0  773s
 14445  8843 5510.69143  145   30 5735.06000 4810.04802  16.1%  70.7  775s
 14577  8927 5643.04250  153   12 5735.06000 4810.24613  16.1%  70.7  784s
 14608  8930 5029.82612   25  199 5735.06000 4810.34303  16.1%  70.9  785s
 14678  8993     cutoff  155      5735.06000 4810.34427  16.1%  71.1  794s
 14747  9138 5164.89136   44   68 5735.06000 4810.38124  16.1%  71.6  804s
 14827  9143 5335.77324  106    7 5735.06000 4810.38124  16.1%  71.4  805s
 14923  9262 5697.72000  146    - 5735.06000 4810.99192  16.1%  71.6  813s
 15029  9272 5684.99667  111   13 5735.06000 4810.99192  16.1%  71.4  815s
 15104  9406     cutoff  146      5735.06000 4811.67895  16.1%  71.6  823s
 15268  9591 4890.90107   20  268 5735.06000 4811.72851  16.1%  71.7  834s
 15390  9592 5444.84921   73   49 5735.06000 4811.72851  16.1%  71.7  835s
 15474  9762 5608.46769   83    6 5735.06000 4812.66913  16.1%  71.4  844s
 15555  9762 5285.11287   79   30 5735.06000 4812.66913  16.1%  71.3  845s
 15673  9851 5083.44405   25  130 5735.06000 4814.68121  16.0%  71.3  854s
 15718  9851 5372.27889   49   18 5735.06000 4814.68121  16.0%  71.5  855s
 15761 10085 5439.72324   63   67 5735.06000 4814.78825  16.0%  71.7  864s
 15783 10085 5502.99465   75   49 5735.06000 4814.78825  16.0%  71.7  865s
 16027 10250 5514.49333   81   24 5735.06000 4815.49686  16.0%  71.2  876s
 16223 10385 4981.46123   30  159 5735.06000 4815.97129  16.0%  71.1  886s
 16376 10507 infeasible   66      5735.06000 4816.95496  16.0%  71.2  896s
 16531 10595 5066.43565   40  150 5735.06000 4817.76833  16.0%  71.3  906s
 16648 10724 4983.31214   29  162 5735.06000 4818.71650  16.0%  71.7  915s
 16802 10845 5446.35182   45  105 5735.06000 4819.53277  16.0%  72.0  924s
 16872 10845 5202.09214   45   75 5735.06000 4819.53277  16.0%  72.0  925s
 16966 11005 5306.24334   60  137 5735.06000 4821.33788  15.9%  72.1  934s
 17035 11005 5209.83200   49  127 5735.06000 4821.33788  15.9%  72.0  935s
 17161 11091 5636.33343   67   32 5735.06000 4821.91398  15.9%  72.0  944s
 17262 11129 5099.77090   43  107 5735.06000 4821.91398  15.9%  72.3  962s
 17307 11230 5105.70292   44  131 5735.06000 4822.30582  15.9%  72.5  971s
 17423 11336 5189.45577   42  148 5735.06000 4822.51109  15.9%  72.8  981s
 17547 11431 5157.69737   32  309 5735.06000 4822.76911  15.9%  73.0  993s
 17683 11549 4861.26918   22  226 5735.06000 4823.43033  15.9%  73.2 1004s
 17811 11720 5150.21283   36  144 5735.06000 4823.46093  15.9%  73.4 1014s
 17831 11720 5363.33071   56   47 5735.06000 4823.46093  15.9%  73.4 1015s
 18022 11791 5099.00500   36  185 5735.06000 4824.43032  15.9%  73.4 1025s
 18100 11896 4987.66641   25  201 5735.06000 4824.44284  15.9%  73.9 1035s
 18205 12114 5118.55591   85   34 5735.06000 4825.14597  15.9%  74.2 1047s
 18391 12119 5390.37573   62  102 5735.06000 4825.50806  15.9%  73.9 1050s
 18479 12292 5730.85000  149    - 5735.06000 4825.67797  15.9%  73.8 1059s
 18518 12293 5317.07704   63   86 5735.06000 4825.67797  15.9%  73.9 1060s
 18696 12410     cutoff  149      5735.06000 4827.92969  15.8%  73.8 1072s
 18847 12543     cutoff   82      5735.06000 4828.64718  15.8%  74.0 1084s
 18877 12543 5204.93642   53  110 5735.06000 4828.64718  15.8%  74.1 1085s
 19003 12592 5079.40888   25  294 5735.06000 4829.40890  15.8%  74.0 1095s
 19066 12661 5644.36184   53  144 5735.06000 4829.47137  15.8%  74.4 1106s
 19173 12799 5198.78647   44  212 5735.06000 4829.56948  15.8%  74.7 1116s
 19333 12901 5058.58451   28  207 5735.06000 4829.68263  15.8%  74.8 1128s
 19458 12901 infeasible   52      5735.06000 4829.68263  15.8%  75.0 1130s
 19463 12986 5707.96444   59   16 5735.06000 4830.14936  15.8%  75.0 1138s
 19554 13103 5431.24880   66   71 5735.06000 4830.18315  15.8%  75.2 1150s
 19709 13220 4876.60512   23  248 5735.06000 4831.05663  15.8%  75.3 1160s
 19843 13415 5007.78704   19  289 5735.06000 4831.25588  15.8%  75.5 1173s
 19977 13415 5503.72769  105   45 5735.06000 4831.44313  15.8%  75.3 1175s
 20064 13535 4987.18933   27  196 5735.06000 4831.72252  15.8%  75.2 1187s
 20207 13636 4874.07121   22  185 5735.06000 4831.83644  15.7%  75.3 1198s
 20320 13775 5578.36480   66  104 5735.06000 4831.92757  15.7%  75.6 1211s
 20520 13963     cutoff   95      5735.06000 4832.45846  15.7%  75.5 1224s
 20558 13963 5346.26327   55    4 5735.06000 4832.45846  15.7%  75.5 1225s
 20762 14110 infeasible  136      5735.06000 4832.54942  15.7%  75.1 1239s
 20826 14110 5553.23066   78   28 5735.06000 4832.54942  15.7%  75.1 1240s
 20933 14154     cutoff   94      5735.06000 4833.32292  15.7%  75.1 1252s
 20978 14290 5192.87408   38   70 5735.06000 4833.33085  15.7%  75.4 1265s
 21142 14374 5192.84862   30  236 5735.06000 4834.10511  15.7%  75.5 1279s
 21230 14451 5684.26333   47   87 5735.06000 4834.19115  15.7%  75.8 1289s
 21267 14451 5110.20166   40  107 5735.06000 4834.19115  15.7%  75.8 1290s
 21349 14549 5023.96605   26  255 5735.06000 4835.06042  15.7%  76.0 1300s
 21456 14672 4945.61514   26  178 5735.06000 4835.07558  15.7%  76.2 1312s
 21614 14762 5627.30654   57  107 5735.06000 4835.56261  15.7%  76.3 1324s
 21722 14824 4904.04828   22  278 5735.06000 4835.56261  15.7%  76.4 1334s
 21756 14824 5036.38466   31   76 5735.06000 4835.56261  15.7%  76.6 1335s
 21784 14981 5088.37705   46  175 5735.06000 4835.56261  15.7%  76.9 1347s
 21943 15083 5567.07500  107   14 5735.06000 4835.59873  15.7%  77.0 1359s
 22001 15094 5170.98455   38  146 5735.06000 4835.59873  15.7%  77.0 1360s
 22113 15210 5721.65000  127   10 5735.06000 4836.36011  15.7%  77.1 1370s
 22254 15344 5494.15876   44   74 5735.06000 4836.64929  15.7%  77.2 1382s
 22429 15481 4975.30088   23   88 5735.06000 4837.27926  15.7%  77.2 1394s
 22449 15481 5115.94927   43  102 5735.06000 4837.27926  15.7%  77.3 1395s
 22615 15564 5077.40115   40  145 5735.06000 4837.62665  15.6%  77.3 1407s
 22713 15679 5377.27620   49   44 5735.06000 4837.79787  15.6%  77.4 1420s
 22859 15859     cutoff   89      5735.06000 4838.18850  15.6%  77.5 1434s
 22947 15861 5332.90538  108   12 5735.06000 4838.18850  15.6%  77.4 1435s
*23075 15444             127    5677.2900000 4839.07388  14.8%  77.3 1448s
*23323 15445             127    5670.2900000 4840.91580  14.6%  77.2 1463s
 23407 15537 5287.24142   49  163 5670.29000 4840.95636  14.6%  77.5 1474s
 23436 15537 5601.80788   78   18 5670.29000 4840.95636  14.6%  77.4 1475s
 23538 15656 5077.71675   39  222 5670.29000 4841.24936  14.6%  77.6 1487s
 23699 15742 5027.16209   22  287 5670.29000 4841.43939  14.6%  77.7 1501s
 23800 15917 5286.79754   47  232 5670.29000 4841.59686  14.6%  77.9 1514s
 23841 15917 5459.48636   88   23 5670.29000 4841.59686  14.6%  77.9 1515s
 24004 15962 5601.47110   61   52 5670.29000 4842.31941  14.6%  77.8 1528s
 24064 16057 5532.22504   41  266 5670.29000 4842.97877  14.6%  78.2 1542s
 24178 16192 5258.32481   29  188 5670.29000 4843.28299  14.6%  78.2 1552s
 24359 16297 5282.90412   43   91 5670.29000 4843.47856  14.6%  78.3 1567s
 24509 16447 5177.25305   39  216 5670.29000 4843.50178  14.6%  78.4 1583s
 24661 16557 5546.91990  114   14 5670.29000 4843.60836  14.6%  78.3 1598s
 24817 16656 5321.37549   41  115 5670.29000 4843.80912  14.6%  78.4 1666s
 24949 16832 5137.97245   23  191 5670.29000 4844.25454  14.6%  78.4 1679s
 24999 16832 5644.54425   63   55 5670.29000 4844.25454  14.6%  78.4 1680s
 25165 16917 5586.63321   79   43 5670.29000 4844.38400  14.6%  78.2 1695s
 25258 17097 5323.08007   58   17 5670.29000 4844.72637  14.6%  78.5 1711s
 25479 17138     cutoff  143      5670.29000 4844.80348  14.6%  78.3 1727s
 25539 17217 5310.19055   33  316 5670.29000 4845.06579  14.6%  78.6 1743s
 25631 17390 5661.86353   59   29 5670.29000 4845.20054  14.6%  78.8 1758s
 25853 17520 5519.97000   91    - 5670.29000 4845.63483  14.5%  78.7 1774s
 25874 17521 5212.25435   42  133 5670.29000 4845.63483  14.5%  78.7 1775s
 26006 17628 5344.74678   56   75 5670.29000 4846.13035  14.5%  78.7 1790s
 26130 17762     cutoff  101      5670.29000 4846.61944  14.5%  78.9 1805s
 26299 17878 5196.98873   27  194 5670.29000 4847.07049  14.5%  78.9 1821s
 26455 18019 5619.82028   69   34 5670.29000 4847.39796  14.5%  79.0 1837s
 26649 18085 5669.01168   78    6 5670.29000 4847.50304  14.5%  78.9 1851s
 26746 18153     cutoff   57      5670.29000 4848.36065  14.5%  79.1 1862s
 26826 18239 5177.06425   55  189 5670.29000 4848.49720  14.5%  79.4 1875s
 26926 18318 5014.39704   29  389 5670.29000 4848.52322  14.5%  79.5 1890s
 27019 18399 5343.57533   51  262 5670.29000 4848.67988  14.5%  79.7 1904s
 27097 18399 5080.28381   39   78 5670.29000 4848.67988  14.5%  79.9 1905s
 27107 18530 5216.68040   41  119 5670.29000 4849.04430  14.5%  80.0 1916s
 27281 18663 5263.98478   31  154 5670.29000 4849.24215  14.5%  80.0 1932s
 27450 18765 4922.76157   29  246 5670.29000 4849.43622  14.5%  80.0 1947s
 27572 18875 5379.24125   43  221 5670.29000 4849.43622  14.5%  80.1 1961s
 27706 18934     cutoff   60      5670.29000 4850.40585  14.5%  80.3 1976s
 27805 19047 4942.24364   21  389 5670.29000 4850.54011  14.5%  80.5 1992s
 27940 19177 5372.55713   43  237 5670.29000 4850.55809  14.5%  80.6 2010s
 28105 19261 5525.19667   74   23 5670.29000 4850.75241  14.5%  80.6 2026s
 28218 19377 5137.70429   32  148 5670.29000 4850.87554  14.5%  80.8 2040s
 28349 19530 5080.51784   36  144 5670.29000 4850.88418  14.5%  81.0 2056s
 28535 19709 5075.08018   42  122 5670.29000 4850.95283  14.4%  81.0 2072s
 28751 19721 5564.37779   45  134 5670.29000 4850.96372  14.4%  80.9 2075s
 28765 19791     cutoff  105      5670.29000 4851.09884  14.4%  80.9 2089s
 28861 20004 5112.13182   47   66 5670.29000 4851.86084  14.4%  81.0 2105s
*29144 19729             113    5649.1800000 4852.18010  14.1%  80.7 2119s
*29145 18892             111    5606.1800000 4852.18010  13.4%  80.7 2119s
 29171 18892 5210.60947   44  108 5606.18000 4852.18010  13.4%  80.8 2120s
 29212 18989 5453.01587   55   49 5606.18000 4852.26777  13.4%  81.0 2133s
 29340 19091 5348.13618   51   42 5606.18000 4852.71195  13.4%  81.1 2148s
 29458 19169     cutoff   54      5606.18000 4852.86421  13.4%  81.2 2163s
 29558 19223 5363.60203   52   94 5606.18000 4852.86697  13.4%  81.3 2178s
 29653 19351 5350.81000   52   23 5606.18000 4853.00258  13.4%  81.5 2194s
 29673 19353 5461.30405   70   30 5606.18000 4853.00258  13.4%  81.5 2195s
 29814 19493 5605.19000   96    - 5606.18000 4853.33047  13.4%  81.4 2210s
 29969 19635 5057.40052   38  102 5606.18000 4853.42933  13.4%  81.5 2226s
 30132 19666 4970.21622   26  172 5606.18000 4853.47905  13.4%  81.4 2250s
 30167 19827 5326.78811   51   96 5606.18000 4853.65394  13.4%  81.5 2265s
 30372 19909 5495.33313   79    4 5606.18000 4853.84178  13.4%  81.3 2283s
 30473 19978     cutoff   80      5606.18000 4854.21182  13.4%  81.4 2301s
 30544 20151 5071.06000   40  128 5606.18000 4854.63522  13.4%  81.6 2319s
 30625 20152 5178.46769  109    3 5606.18000 4854.63522  13.4%  81.5 2320s
 30767 20242 5147.23408   56   12 5606.18000 4855.13836  13.4%  81.3 2335s
 30885 20314 infeasible  107      5606.18000 4855.15962  13.4%  81.4 2352s
 30965 20431 4961.29891   20  288 5606.18000 4855.42156  13.4%  81.6 2368s
 31108 20434 5359.53768   64   75 5606.18000 4855.42679  13.4%  81.5 2370s
 31136 20522     cutoff   87      5606.18000 4855.65469  13.4%  81.5 2386s
 31234 20677 5220.48399   50   47 5606.18000 4855.71225  13.4%  81.7 2406s
 31436 20739 5318.16954   44  203 5606.18000 4856.19474  13.4%  81.6 2426s
 31514 20869 5097.81218   38  173 5606.18000 4856.77078  13.4%  81.7 2442s
 31674 21008 5288.94697   66   20 5606.18000 4857.17778  13.4%  81.7 2461s
 31851 21167 5299.84545   67   10 5606.18000 4857.32455  13.4%  81.7 2479s
 31896 21168 5459.30455  111   13 5606.18000 4857.32455  13.4%  81.6 2480s
 32040 21251 5419.16400   94   32 5606.18000 4857.55457  13.4%  81.6 2496s
 32152 21340 5449.96038   37  119 5606.18000 4857.59649  13.4%  81.7 2513s
 32264 21443 5245.50677   43   16 5606.18000 4857.65958  13.4%  81.8 2526s
 32410 21526 4979.89190   22  239 5606.18000 4857.96601  13.3%  81.8 2543s
 32524 21601 5188.58035   40  174 5606.18000 4858.13538  13.3%  82.0 2558s
 32608 21763 5321.50154   34  151 5606.18000 4858.22583  13.3%  82.2 2572s
 32810 21855 5532.03588   71   41 5606.18000 4858.41631  13.3%  82.1 2588s
 32937 21900 5080.12161   26  236 5606.18000 4858.65038  13.3%  82.1 2603s
 32980 21956 5418.40160   32  189 5606.18000 4858.70104  13.3%  82.4 2618s
 33058 22047 4951.08078   29  129 5606.18000 4858.72273  13.3%  82.6 2631s
 33178 22097 4965.44318   25  381 5606.18000 4858.72273  13.3%  82.7 2644s
 33270 22197 5312.44864   48  139 5606.18000 4859.05022  13.3%  82.9 2659s
 33332 22197 5251.31087   51   85 5606.18000 4859.06868  13.3%  82.9 2660s
 33417 22227 5419.68369   52   33 5606.18000 4859.06868  13.3%  82.9 2846s
 33447 22343 5562.39994   67  120 5606.18000 4859.16795  13.3%  82.9 2861s
 33595 22493 5260.86152   39   99 5606.18000 4859.68593  13.3%  82.9 2878s
 33786 22648 5562.27000   90    - 5606.18000 4860.27895  13.3%  82.8 2895s
 33982 22727     cutoff   90      5606.18000 4860.85746  13.3%  82.8 2912s
 34109 22823 5252.80971   46  223 5606.18000 4861.25003  13.3%  82.9 2928s
 34236 22983 5217.60840   40  159 5606.18000 4861.69979  13.3%  83.0 2943s
 34460 23136 5241.98635   44  115 5606.18000 4862.63940  13.3%  82.9 2959s
 34611 23136 4922.54192   24  225 5606.18000 4862.87240  13.3%  83.0 2960s
 34668 23295     cutoff   54      5606.18000 4862.89884  13.3%  83.0 2974s
 34713 23295 5404.33464   49   65 5606.18000 4862.89884  13.3%  83.0 2975s
 34869 23382 5439.20774   62   69 5606.18000 4863.06918  13.3%  82.9 2990s
 34982 23498 5492.41490   65   43 5606.18000 4863.31542  13.3%  83.1 3006s
 35138 23621     cutoff   73      5606.18000 4863.59083  13.2%  83.1 3021s
 35298 23703 4998.22243   35   74 5606.18000 4863.92979  13.2%  83.1 3038s
 35388 23778 5138.48619   26  210 5606.18000 4863.95723  13.2%  83.3 3053s
 35477 23878 5247.67286   33   99 5606.18000 4863.95723  13.2%  83.4 3069s
 35531 23878 5577.48249   51   83 5606.18000 4863.95723  13.2%  83.6 3070s
 35600 23986 5440.50271   42  240 5606.18000 4863.95723  13.2%  83.6 3084s
 35625 23986 5481.46078   49   82 5606.18000 4863.95723  13.2%  83.6 3085s
 35718 24111     cutoff   56      5606.18000 4864.29733  13.2%  83.7 3098s
 35911 24126 5099.19542   38   94 5606.18000 4864.55532  13.2%  83.6 3100s
 35912 24221 5339.33538   71   69 5606.18000 4864.92195  13.2%  83.6 3114s
 35962 24222 5096.01994   31   56 5606.18000 4864.92195  13.2%  83.6 3115s
 36043 24406 infeasible   97      5606.18000 4865.04967  13.2%  83.7 3131s
 36284 24510 5260.70351   61   68 5606.18000 4865.28470  13.2%  83.5 3151s
 36415 24639 5217.19834   46  144 5606.18000 4865.31784  13.2%  83.6 3167s
 36577 24788 5601.70000   83    - 5606.18000 4865.68573  13.2%  83.6 3183s
 36755 24912     cutoff   83      5606.18000 4866.04280  13.2%  83.5 3199s
 36820 24912 5310.83596   47  100 5606.18000 4866.04280  13.2%  83.6 3200s
 36907 24980 4993.93365   21  207 5606.18000 4866.44217  13.2%  83.6 3217s
 36987 25091 5361.46148   32  162 5606.18000 4866.63638  13.2%  83.7 3233s
 37136 25225 5229.21255   47   39 5606.18000 4866.87955  13.2%  83.8 3249s
 37156 25225 5316.00139   67   28 5606.18000 4866.87955  13.2%  83.8 3250s
 37319 25346 4940.29054   24  181 5606.18000 4867.10713  13.2%  83.8 3267s
