




arguments: ./build/mirp_solver -f ./input/orig_exec_204.cfg
Current dir: /scratch/gui/bnc_mirp
File verbosity level: 9
date       time         ( uptime  ) [ thread name/id ]                   file:line     v| 
2021-01-10 09:01:26.996 (   0.348s) [main thread     ]             loguru.cpp:789   INFO| Logging to './output/vi_qua/OU/V2/Original/execution_10_01_2021_09_01_26.log', mode: 'a', verbosity: 9
--------------------------------------------------------------------------------
Parameters
                           instance_path           ./input/Instances/Original/6/
                            model_policy                                       1
                             nb_vehicles                                       2
                              output_dir         ./output/vi_qua/OU/V2/Original/
                            sec_strategy                                       1
                       solver_nb_threads                                       2
                         solver_show_log                                    true
                       solver_time_limit                                    3600
                              use_vi_cos                                   false
                              use_vi_cus                                   false
                         use_vi_hc1_full                                   false
                         use_vi_hc1_half                                   false
                      use_vi_hc1_quarter                                   false
                              use_vi_hc2                                   false
                              use_vi_hc3                                   false
                         use_vi_lex_full                                   false
                         use_vi_lex_half                                   false
                      use_vi_lex_quarter                                   false
                              use_vi_qua                                    true
                               use_vi_vc                                   false
                               use_vi_vr                                   false
--------------------------------------------------------------------------------
executing instance: ./input/Instances/Original/6/absH6high_1n25.dat
--------------------------------------------------------------------------------
Instance details
n	26
H	6
C	1711
Li:
[0, 0, 0, 0, 0, 0, 0, 0, 0, 0, 0, 0, 0, 0, 0, 0, 0, 0, 0, 0, 0, 0, 0, 0, 0, 0, ]
Ui:
[0, 168, 176, 34, 66, 36, 177, 106, 118, 182, 64, 141, 189, 63, 46, 111, 182, 231, 36, 66, 68, 54, 132, 90, 246, 75, ]
Distance matrix:
|0	191	200	231	334	329	146	196	208	245	218	164	283	394	151	358	156	196	309	253	201	260	127	138	130	104	|
|191	0	226	229	278	146	328	216	390	417	327	293	195	334	106	296	171	122	472	151	12	411	280	53	190	130	|
|200	226	0	38	149	359	321	10	276	274	418	364	139	204	121	173	321	115	303	141	225	236	155	202	311	256	|
|231	229	38	0	110	352	358	37	314	310	448	395	108	167	129	135	342	109	336	120	226	268	194	213	335	277	|
|334	278	149	110	0	367	467	147	422	413	546	495	86	61	203	25	423	163	429	129	271	363	303	282	424	361	|
|329	146	359	352	367	0	453	349	533	562	411	393	282	411	245	378	250	244	617	245	141	556	426	195	284	243	|
|146	328	321	358	467	453	0	321	162	215	160	112	425	524	297	491	223	341	284	397	339	266	186	276	184	210	|
|196	216	10	37	147	349	321	0	281	281	414	360	132	203	112	171	315	105	311	132	216	244	159	193	305	249	|
|208	390	276	314	422	533	162	281	0	54	321	271	410	471	316	445	348	348	123	398	398	115	125	338	313	309	|
|245	417	274	310	413	562	215	281	54	0	375	323	413	457	334	435	393	361	70	406	424	69	139	367	359	349	|
|218	327	418	448	546	411	160	414	321	375	0	57	484	606	347	569	163	393	444	446	339	421	318	288	137	199	|
|164	293	364	395	495	393	112	360	271	323	57	0	437	556	300	519	144	346	393	401	305	367	261	249	109	163	|
|283	195	139	108	86	282	425	132	410	413	484	437	0	139	137	101	349	91	443	44	187	375	286	206	355	291	|
|394	334	204	167	61	411	524	203	471	457	606	556	139	0	264	38	483	222	467	183	326	403	356	341	484	421	|
|151	106	121	129	203	245	297	112	316	334	347	300	137	264	0	225	220	46	381	102	106	316	195	84	221	158	|
|358	296	173	135	25	378	491	171	445	435	569	519	101	38	225	0	444	184	450	145	288	384	328	303	446	383	|
|156	171	321	342	423	250	223	315	348	393	163	144	349	483	220	444	0	261	460	308	183	415	284	143	39	65	|
|196	122	115	109	163	244	341	105	348	361	393	346	91	222	46	184	261	0	402	56	118	336	224	119	264	200	|
|309	472	303	336	429	617	284	311	123	70	444	393	443	467	381	450	460	402	0	442	477	68	192	424	426	413	|
|253	151	141	120	129	245	397	132	398	406	446	401	44	183	102	145	308	56	442	0	143	375	273	164	315	251	|
|201	12	225	226	271	141	339	216	398	424	339	305	187	326	106	288	183	118	477	143	0	416	286	63	202	142	|
|260	411	236	268	363	556	266	244	115	69	421	367	375	403	316	384	415	336	68	375	416	0	135	365	384	363	|
|127	280	155	194	303	426	186	159	125	139	318	261	286	356	195	328	284	224	192	273	286	135	0	232	256	229	|
|138	53	202	213	282	195	276	193	338	367	288	249	206	341	84	303	143	119	424	164	63	365	232	0	153	89	|
|130	190	311	335	424	284	184	305	313	359	137	109	355	484	221	446	39	264	426	315	202	384	256	153	0	64	|
|104	130	256	277	361	243	210	249	309	349	199	163	291	421	158	383	65	200	413	251	142	363	229	89	64	0	|

--------------------------------------------------------------------------------
Building model...
	using lazy and cut (CVRPSEP package)
Solving IRP LP...
--------------------------------------------------------------------------------

Gurobi 9.1.0 (linux64) logging started Sun Jan 10 09:01:27 2021

Gurobi Optimizer version 9.1.0 build v9.1.0rc0 (linux64)
Thread count: 32 physical cores, 32 logical processors, using up to 2 threads
Optimize a model with 1118 rows, 4694 columns and 11768 nonzeros
Model fingerprint: 0x86a885bb
Variable types: 482 continuous, 4212 integer (312 binary)
Coefficient statistics:
  Matrix range     [1e+00, 9e+02]
  Objective range  [1e-01, 6e+02]
  Bounds range     [1e+00, 2e+02]
  RHS range        [1e+01, 3e+03]
Presolve removed 258 rows and 102 columns
Presolve time: 0.07s
Presolved: 860 rows, 4592 columns, 10883 nonzeros
Variable types: 380 continuous, 4212 integer (3912 binary)

Root relaxation: objective 1.301997e+04, 1470 iterations, 0.03 seconds

    Nodes    |    Current Node    |     Objective Bounds      |     Work
 Expl Unexpl |  Obj  Depth IntInf | Incumbent    BestBd   Gap | It/Node Time

     0     0 13019.9705    0  210          - 13019.9705      -     -    0s
     0     0 13538.9375    0  233          - 13538.9375      -     -    0s
     0     0 13598.2127    0  211          - 13598.2127      -     -    0s
     0     0 13607.5782    0  207          - 13607.5782      -     -    0s
     0     0 13649.8447    0  229          - 13649.8447      -     -    0s
     0     0 13679.8986    0  226          - 13679.8986      -     -    0s
     0     0 13726.5234    0  264          - 13726.5234      -     -    0s
     0     0 13744.7730    0  260          - 13744.7730      -     -    0s
     0     0 13781.0751    0  242          - 13781.0751      -     -    0s
     0     0 13792.4495    0  261          - 13792.4495      -     -    0s
     0     0 13833.1715    0  240          - 13833.1715      -     -    0s
     0     0 13846.2852    0  218          - 13846.2852      -     -    0s
     0     0 13853.2731    0  265          - 13853.2731      -     -    0s
     0     0 13853.5873    0  258          - 13853.5873      -     -    0s
     0     0 14605.1837    0  305          - 14605.1837      -     -    0s
     0     0 14711.7375    0  352          - 14711.7375      -     -    1s
     0     0 14714.3688    0  373          - 14714.3688      -     -    1s
     0     0 14715.5786    0  372          - 14715.5786      -     -    1s
     0     0 14959.6189    0  375          - 14959.6189      -     -    1s
     0     0 14997.9383    0  383          - 14997.9383      -     -    1s
     0     0 14999.3202    0  396          - 14999.3202      -     -    1s
     0     0 15039.1181    0  429          - 15039.1181      -     -    1s
     0     0 15043.0790    0  417          - 15043.0790      -     -    1s
     0     0 15044.4582    0  452          - 15044.4582      -     -    1s
     0     0 15049.1329    0  451          - 15049.1329      -     -    1s
     0     0 15049.1329    0  422          - 15049.1329      -     -    2s
     0     2 15049.8588    0  422          - 15049.8588      -     -    2s
    31    34 15380.9524    9  404          - 15122.4043      -   629    5s
   117   131 15973.7525   26  379          - 15122.4043      -   453   10s
   544   572 18139.6555  142   41          - 15122.4043      -   152   15s
   726   701 17566.7806   97  422          - 15139.7281      -   141   20s
   749   716 18944.6855  187  528          - 15768.1332      -   137   25s
   771   732 16624.8688   47  524          - 15771.3655      -   150   30s
   790   748 15862.4738   31  492          - 15789.5965      -   169   35s
   864   805 15962.7957   49  340          - 15789.5965      -   188   40s
  1093   963 17255.5254  110  242          - 15794.4716      -   177   45s
* 1243   997             162    17676.210000 15794.4716  10.6%   170   48s
  1291   956 16093.5847   32  457 17676.2100 15794.4716  10.6%   169   50s
  1380  1027 16456.8271   78  219 17676.2100 15794.4716  10.6%   176   55s
* 1505   951             132    16941.950000 15808.5735  6.69%   175   59s
  1541   904 15992.4564   30  483 16941.9500 15808.5735  6.69%   176   60s
H 1543   869                    16938.950000 15808.5735  6.67%   176   60s
  1580   903 16044.1165   32  484 16938.9500 15808.5735  6.67%   187   65s
H 1602   870                    16935.950000 15808.5735  6.66%   190   67s
  1633   891 16253.2844   44  314 16935.9500 15808.5735  6.66%   195   70s
  1714   962 16368.7957   66  195 16935.9500 15808.5735  6.66%   199   75s
  1811  1007 16481.7121   88  160 16935.9500 15808.5735  6.66%   198   80s
H 1862   917                    16789.150000 15808.5735  5.84%   198   82s
  1918   933 16128.0522   32  495 16789.1500 15833.6354  5.69%   200   85s
  1998   939 16246.1336   36  490 16789.1500 15850.0977  5.59%   208   91s
  2057   977 16246.1943   40  293 16789.1500 15854.1315  5.57%   215   96s
  2166  1056 16469.2227   42  430 16789.1500 15854.1315  5.57%   219  102s
  2244  1096 16596.8075   46  384 16789.1500 15854.1315  5.57%   221  106s
  2353  1112 15989.7074   33  332 16789.1500 15857.1732  5.55%   222  110s
  2438  1137 16192.8276   37  423 16789.1500 15862.4783  5.52%   223  115s
H 2495   995                    16677.670000 15862.4796  4.89%   229  120s
  2533  1070 16367.5049   54  121 16677.6700 15870.0276  4.84%   233  127s
  2598  1110 16047.7683   33  539 16677.6700 15870.0276  4.84%   233  130s
  2690  1175 16243.2575   42  340 16677.6700 15878.6680  4.79%   236  136s
  2745  1200 16055.7903   30  501 16677.6700 15878.6680  4.79%   239  140s
H 2754  1172                    16656.669913 15878.6680  4.67%   239  140s
  2831  1216 16642.2746   69  150 16656.6699 15899.0190  4.55%   240  147s
  2856  1238 16309.0425   31  505 16656.6699 15910.8544  4.48%   245  150s
  2916  1284 16515.5456   40  339 16656.6699 15910.8544  4.48%   252  156s
  2948  1295 16630.6309   47  192 16656.6699 15912.8953  4.47%   255  160s
  3021  1361 16529.7906   48  357 16656.6699 15922.6488  4.41%   260  168s
  3088  1401 16528.0640   59  223 16656.6699 15929.6878  4.36%   260  171s
  3146  1429 16374.8189   42  299 16656.6699 15934.3278  4.34%   263  175s
  3188  1517 16139.7704   31  542 16656.6699 15934.3278  4.34%   266  180s
  3307  1543 16636.1142   54  223 16656.6699 15950.5109  4.24%   262  185s
  3353  1568 16325.8089   36  425 16656.6699 15956.6783  4.20%   265  190s
  3494  1656 16636.3966   44  279 16656.6699 15959.1395  4.19%   269  198s
  3563  1741 16170.8402   41  264 16656.6699 15964.8599  4.15%   269  203s
  3674  1774 16269.0264   50  327 16656.6699 15968.6240  4.13%   267  209s
  3773  1807 16142.7735   33  357 16656.6699 15973.0564  4.10%   269  214s
  3891  1853     cutoff   56      16656.6699 15974.7110  4.09%   268  220s
  3956  1922 16392.1637   41  460 16656.6699 15979.5494  4.07%   270  226s
  4056  1963 16299.6545   33  420 16656.6699 15981.1101  4.06%   271  231s
  4143  2000 16141.3664   36  293 16656.6699 15982.3660  4.05%   273  237s
  4214  2021 16641.4541   54  193 16656.6699 15987.2561  4.02%   275  243s
  4283  2078 16412.2490   40  353 16656.6699 15988.8280  4.01%   279  249s
  4366  2130 16408.2066   39  294 16656.6699 15989.4095  4.01%   281  256s
  4483  2171 16056.4682   37  380 16656.6699 15997.1291  3.96%   282  262s
  4573  2263 16419.6268   41  338 16656.6699 15997.9241  3.95%   285  269s
  4712  2327 16639.0781   54  289 16656.6699 15999.5664  3.94%   285  280s
  4845  2414 16299.3084   40  320 16656.6699 16007.3355  3.90%   285  304s
H 4918  2404                    16651.670000 16007.3355  3.87%   284  304s
  4998  2612 16282.3125   58  343 16651.6700 16010.0023  3.85%   283  322s
  5286  2715 16156.4826   38  317 16651.6700 16013.0218  3.84%   278  331s
  5458  2787 16636.7554   64  278 16651.6700 16018.5795  3.80%   277  341s
  5608  2865 16312.4958   44  341 16651.6700 16023.4150  3.77%   278  350s
  5761  2954 16375.4433   43  362 16651.6700 16028.2836  3.74%   281  359s
  5923  3048 16122.6728   35  359 16651.6700 16033.9624  3.71%   281  368s
  6087  3221 16566.8880   52  198 16651.6700 16035.5331  3.70%   282  378s
  6352  3299 16315.0688   45  400 16651.6700 16039.1965  3.68%   278  388s
  6517  3420 infeasible   47      16651.6700 16042.2086  3.66%   279  397s
  6687  3573 16329.5533   46  344 16651.6700 16044.1555  3.65%   278  407s
  6897  3716 16529.0859   45  240 16651.6700 16050.5799  3.61%   277  417s
  7094  3802 16277.7427   48  191 16651.6700 16052.6720  3.60%   276  428s
  7257  3933 16303.2364   35  340 16651.6700 16056.3520  3.58%   277  439s
  7493  4062 16527.4832   43  347 16651.6700 16059.7516  3.55%   277  450s
  7687  4173 16146.9751   38  415 16651.6700 16061.9592  3.54%   278  462s
  7872  4318 16614.1774   53  107 16651.6700 16062.7260  3.54%   278  473s
  8149  4479 16246.5477   44  185 16651.6700 16070.9791  3.49%   276  485s
  8428  4585 16545.7956   50  296 16651.6700 16076.5146  3.45%   274  497s
  8703  4707     cutoff   50      16651.6700 16081.0378  3.43%   274  507s
  8911  4779 16235.5345   38  381 16651.6700 16084.8397  3.40%   273  517s
  9055  4882 16301.3511   38  246 16651.6700 16086.6291  3.39%   274  528s
  9265  5007 16159.5230   35  465 16651.6700 16089.6016  3.38%   275  539s
  9459  5147 16364.9320   41  206 16651.6700 16090.8071  3.37%   275  551s
  9681  5264 16437.8098   46  315 16651.6700 16092.1236  3.36%   274  562s
  9849  5391 16195.7481   42  404 16651.6700 16093.1403  3.35%   276  573s
 10056  5538 infeasible   53      16651.6700 16094.8379  3.34%   275  584s
 10308  5698 infeasible   48      16651.6700 16095.4927  3.34%   275  596s
 10572  5862 16423.3089   58  200 16651.6700 16097.1078  3.33%   274  607s
 10846  6054 16542.8480   48  298 16651.6700 16099.4375  3.32%   272  619s
 11146  6224 16363.0025   46  353 16651.6700 16100.5492  3.31%   270  630s
 11417  6355 16515.1383   50  187 16651.6700 16101.8321  3.30%   269  642s
 11677  6514 16201.8508   37  269 16651.6700 16104.1101  3.29%   268  653s
 11928  6659 16250.5398   42  398 16651.6700 16104.8854  3.28%   267  664s
 11975  6659 16620.9914   70  233 16651.6700 16104.8854  3.28%   267  665s
 12166  6778     cutoff   45      16651.6700 16105.4891  3.28%   267  676s
 12394  6897 16289.0571   38  412 16651.6700 16106.8723  3.27%   267  686s
 12615  6984 16200.6126   37  415 16651.6700 16108.5212  3.26%   267  696s
 12768  7092 16269.7037   45  323 16651.6700 16110.5484  3.25%   268  708s
 12960  7199 16358.1843   41  291 16651.6700 16111.4737  3.24%   268  718s
 13161  7335 16235.1982   42  327 16651.6700 16112.3567  3.24%   268  737s
 13364  7532     cutoff   65      16651.6700 16112.8660  3.24%   269  748s
H13675  7314                    16614.070000 16114.6318  3.01%   266  759s
 13794  7463 16507.5855   45  361 16614.0700 16115.1402  3.00%   268  770s
 14062  7609 16401.9147   48  210 16614.0700 16117.9538  2.99%   267  781s
 14354  7744 infeasible   54      16614.0700 16119.0143  2.98%   266  792s
 14593  7853 16178.6317   41  332 16614.0700 16120.9239  2.97%   266  803s
 14818  7994 16268.8832   38  461 16614.0700 16122.4227  2.96%   265  815s
 15115  8220 16367.4760   48  227 16614.0700 16123.0743  2.96%   264  827s
H15270  6663                    16525.530000 16123.0743  2.44%   263  827s
 15447  6695 16207.6994   42  382 16525.5300 16123.8860  2.43%   262  838s
 15614  6789 16332.3148   41  485 16525.5300 16124.7170  2.43%   263  850s
H15708  6260                    16502.170000 16124.7170  2.29%   263  850s
H15832  6116                    16489.990000 16125.4771  2.21%   263  862s
 16110  6212 16338.6164   41  407 16489.9900 16127.3520  2.20%   262  873s
H16227  5787                    16469.990000 16128.2003  2.08%   262  873s
 16341  5857 16253.1435   44  291 16469.9900 16128.7373  2.07%   262  884s
 16505  5935 16370.9464   40  448 16469.9900 16129.4681  2.07%   263  897s
 16726  6006     cutoff   44      16469.9900 16130.2354  2.06%   263  907s
 16910  6059 16263.9409   42  341 16469.9900 16130.9903  2.06%   263  918s
 17077  6130 16326.9906   42  378 16469.9900 16132.9361  2.05%   264  928s
 17255  6230 16249.3123   47  224 16469.9900 16133.6659  2.04%   264  947s
 17501  6336 16426.0191   57  253 16469.9900 16135.4523  2.03%   264  960s
 17762  6442 16293.4377   44  316 16469.9900 16136.3475  2.03%   263  971s
 18034  6565 16297.2136   47  270 16469.9900 16137.1137  2.02%   263  982s
 18328  6669 16167.5702   43  369 16469.9900 16137.9334  2.02%   262  993s
 18554  6824 16196.4141   40  192 16469.9900 16138.6883  2.01%   262 1005s
 18812  6913 16313.1338   38  346 16469.9900 16139.5585  2.01%   261 1017s
 19052  7023     cutoff   49      16469.9900 16140.5091  2.00%   261 1027s
 19324  7106 16410.5904   45  345 16469.9900 16141.4922  1.99%   261 1038s
 19538  7221 16353.3622   39  428 16469.9900 16142.3233  1.99%   261 1051s
 19809  7358 16426.4316   50  193 16469.9900 16142.8728  1.99%   261 1062s
 20081  7467 16429.6641   44  390 16469.9900 16143.6269  1.98%   260 1073s
 20313  7545 16405.0537   44  287 16469.9900 16144.7642  1.97%   260 1084s
 20480  7637     cutoff   42      16469.9900 16145.1597  1.97%   261 1094s
 20698  7733 16155.8095   39  295 16469.9900 16145.8525  1.97%   261 1111s
 20931  7840 16277.7359   36  508 16469.9900 16146.1840  1.97%   260 1122s
 21152  7955 16271.0681   41  244 16469.9900 16146.9650  1.96%   260 1133s
 21416  8050 16273.4671   53  213 16469.9900 16147.8412  1.96%   260 1144s
 21627  8125 16290.8889   42  335 16469.9900 16148.9348  1.95%   260 1155s
 21793  8186 16383.5083   46  301 16469.9900 16149.4292  1.95%   260 1166s
 21983  8270 16436.2177   41  310 16469.9900 16150.1500  1.94%   261 1179s
 22092  8270 16315.5112   40  486 16469.9900 16150.3776  1.94%   261 1180s
 22207  8371 16347.5522   40  380 16469.9900 16151.1330  1.94%   261 1190s
 22450  8460 16439.3335   53  247 16469.9900 16152.0458  1.93%   261 1201s
 22662  8534 16213.6058   43  292 16469.9900 16152.5343  1.93%   261 1212s
 22864  8585     cutoff   48      16469.9900 16153.4103  1.92%   261 1224s
 23006  8624 16385.2046   52  244 16469.9900 16153.7062  1.92%   262 1235s
 23188  8718 16374.7360   41  283 16469.9900 16154.2964  1.92%   263 1246s
 23451  8862 16370.6895   44  277 16469.9900 16154.8025  1.91%   263 1286s
 23764  9015 16335.9869   34  412 16469.9900 16155.2626  1.91%   262 1301s
 24074  9082 16275.3775   42  272 16469.9900 16155.9395  1.91%   261 1313s
 24312  9154 16379.7581   43  324 16469.9900 16157.4085  1.90%   261 1323s
 24495  9234 16410.8471   52  278 16469.9900 16157.5224  1.90%   261 1371s
H24662  9211                    16468.760000 16158.1940  1.89%   261 1376s
 24663  9334 16377.0692   46  255 16468.7600 16158.2685  1.89%   261 1387s
 24939  9504 16326.1126   41  199 16468.7600 16159.2157  1.88%   261 1398s
 25260  9585 16324.5401   42  254 16468.7600 16160.5085  1.87%   260 1410s
 25446  9708 16391.2861   46  335 16468.7600 16161.2636  1.87%   260 1421s
 25701  9769     cutoff   45      16468.7600 16161.8485  1.86%   260 1431s
 25871  9867 16376.4811   49  282 16468.7600 16162.2069  1.86%   261 1442s
 26142  9981     cutoff   42      16468.7600 16163.5018  1.85%   261 1453s
 26385 10223 16233.4654   43  157 16468.7600 16164.3959  1.85%   261 1466s
 26855 10341 16383.0984   48  271 16468.7600 16164.6762  1.85%   259 1478s
 27155 10451     cutoff   50      16468.7600 16165.7015  1.84%   258 1489s
 27440 10588     cutoff   51      16468.7600 16166.5824  1.83%   258 1501s
 27716 10688 16438.4958   64   76 16468.7600 16166.9347  1.83%   257 1513s
 27934 10829     cutoff   41      16468.7600 16167.4387  1.83%   257 1526s
 28246 10953 16302.8261   51  192 16468.7600 16167.8697  1.83%   257 1539s
 28528 11028 16416.6447   45  258 16468.7600 16168.2127  1.82%   257 1551s
 28731 11115 16305.8432   43  264 16468.7600 16168.5619  1.82%   257 1565s
 28974 11175     cutoff   51      16468.7600 16168.8703  1.82%   257 1577s
 29225 11248 16345.9881   41  368 16468.7600 16169.2290  1.82%   257 1588s
 29433 11399 16272.0874   43  351 16468.7600 16169.6318  1.82%   258 1599s
 29609 11399 16354.5913   45  330 16468.7600 16170.0000  1.81%   257 1600s
 29741 11539 16251.1943   45  161 16468.7600 16170.1434  1.81%   257 1611s
*30004 11073              83    16452.170000 16170.5267  1.71%   257 1612s
 30047 11175     cutoff   49      16452.1700 16170.6706  1.71%   257 1621s
*30182 10652              82    16437.170000 16171.6202  1.62%   257 1622s
 30294 10690 16326.0917   40  352 16437.1700 16171.7942  1.61%   257 1632s
 30451 10827 16374.7697   41  301 16437.1700 16172.1514  1.61%   257 1646s
 30768 10930 16319.2182   38  431 16437.1700 16173.2876  1.61%   257 1657s
 31025 11036 16181.3950   45  399 16437.1700 16173.7717  1.60%   257 1668s
 31288 11157     cutoff   65      16437.1700 16174.0387  1.60%   256 1679s
 31456 11157 16395.3561   60  153 16437.1700 16174.8356  1.60%   256 1680s
 31614 11286 16226.1667   44  389 16437.1700 16174.8643  1.60%   256 1691s
 31956 11420 16340.0160   59   81 16437.1700 16175.9095  1.59%   255 1703s
 32302 11489 16381.8226   45  243 16437.1700 16176.3990  1.59%   255 1714s
 32522 11568     cutoff   47      16437.1700 16177.1713  1.58%   255 1724s
 32735 11646 16296.0351   44  358 16437.1700 16177.6552  1.58%   255 1735s
 32987 11697     cutoff   44      16437.1700 16178.5305  1.57%   255 1747s
 33193 11798 16415.0220   51  335 16437.1700 16178.9689  1.57%   255 1764s
 33435 11871     cutoff   50      16437.1700 16179.4992  1.57%   255 1776s
 33725 11961 16224.5210   43  310 16437.1700 16180.3903  1.56%   255 1788s
 33990 12033 16375.0730   45  308 16437.1700 16180.9944  1.56%   255 1800s
 34233 12094 16299.4035   48  309 16437.1700 16181.4709  1.56%   255 1811s
 34454 12202 16392.5617   47  297 16437.1700 16182.0552  1.55%   255 1823s
 34750 12291 16406.9237   73   45 16437.1700 16182.5733  1.55%   255 1835s
 35013 12363 16380.0862   39  385 16437.1700 16183.2104  1.55%   255 1847s
 35277 12493 16301.7693   37  294 16437.1700 16183.6480  1.54%   255 1859s
 35571 12552 16429.9506   50  291 16437.1700 16184.1071  1.54%   255 1871s
 35763 12624 16363.8212   50  278 16437.1700 16184.6208  1.54%   255 1882s
 36050 12756     cutoff   61      16437.1700 16185.1540  1.53%   255 1894s
 36346 12916 16339.9074   46  367 16437.1700 16185.6046  1.53%   255 1908s
 36664 12998 16399.1033   50  184 16437.1700 16185.9077  1.53%   254 1920s
 36957 13059 infeasible   44      16437.1700 16186.5952  1.52%   254 1932s
 37197 13141 16425.1608   54  300 16437.1700 16187.2408  1.52%   254 1945s
 37500 13232 16387.8149   48  252 16437.1700 16187.6639  1.52%   254 1971s
 37808 13375 16310.5981   42  325 16437.1700 16188.1215  1.52%   254 1983s
 38172 13520 16396.0384   40  380 16437.1700 16188.9814  1.51%   253 1995s
 38517 13712 16371.0297   45  285 16437.1700 16189.2862  1.51%   253 2008s
 38923 13821     cutoff   63      16437.1700 16189.6698  1.51%   252 2020s
 39060 13821 16395.8209   45  351 16437.1700 16190.3330  1.50%   252 2045s
 39216 13954 16303.7472   42  337 16437.1700 16190.4848  1.50%   252 2055s
 39534 14038 16411.3566   38  336 16437.1700 16190.8248  1.50%   251 2067s
 39789 14098 16346.2221   47  177 16437.1700 16191.3381  1.50%   251 2079s
 40030 14186     cutoff   48      16437.1700 16192.0789  1.49%   251 2091s
 40307 14281 16307.6979   42  451 16437.1700 16192.5028  1.49%   251 2103s
 40567 14420     cutoff   43      16437.1700 16192.8010  1.49%   251 2115s
 40853 14540 16380.5538   37  333 16437.1700 16193.1377  1.48%   251 2130s
 41181 14600     cutoff   45      16437.1700 16193.7351  1.48%   250 2142s
 41457 14684     cutoff   47      16437.1700 16194.4122  1.48%   250 2155s
 41771 14741     cutoff   44      16437.1700 16194.9689  1.47%   250 2167s
 41904 14741 16257.4911   43  302 16437.1700 16195.1829  1.47%   250 2176s
 42015 14837 16266.2869   42  344 16437.1700 16195.1966  1.47%   250 2188s
 42302 14940 16295.4199   41  387 16437.1700 16195.5427  1.47%   250 2199s
 42450 14940 16304.6068   46  252 16437.1700 16195.9414  1.47%   250 2200s
 42592 15003 16353.1184   46  355 16437.1700 16195.9616  1.47%   250 2211s
 42870 15036 16341.8220   41  193 16437.1700 16196.5120  1.46%   250 2222s
 42983 15060 16418.6260   42  331 16437.1700 16196.7630  1.46%   250 2237s
 43079 15124     cutoff   47      16437.1700 16197.1566  1.46%   250 2248s
 43328 15216 16328.7140   44  365 16437.1700 16197.8957  1.46%   250 2277s
 43583 15329 16344.0992   49  243 16437.1700 16198.5116  1.45%   250 2290s
 43910 15421     cutoff   44      16437.1700 16199.0665  1.45%   250 2303s
 44189 15529     cutoff   49      16437.1700 16199.3779  1.45%   250 2316s
 44329 15529 infeasible   72      16437.1700 16199.3779  1.45%   250 2324s
 44524 15655 16373.1381   46  241 16437.1700 16199.9545  1.44%   250 2336s
 44897 15817     cutoff   41      16437.1700 16200.3721  1.44%   249 2350s
 45328 15940 16370.2347   40  306 16437.1700 16200.7626  1.44%   249 2363s
 45660 16011 16263.4632   41  397 16437.1700 16201.2485  1.44%   248 2375s
 45921 16107 16303.7365   44  304 16437.1700 16201.6749  1.43%   248 2388s
*45993 15828              71    16430.670000 16201.6749  1.39%   248 2388s
 46225 15888 16268.7346   46  294 16430.6700 16202.1366  1.39%   248 2401s
H46334 15611                    16424.670000 16202.4426  1.35%   248 2401s
 46419 15703     cutoff   42      16424.6700 16202.4588  1.35%   248 2413s
 46718 15842     cutoff   48      16424.6700 16202.7702  1.35%   248 2426s
 47077 15998 16327.1459   40  397 16424.6700 16203.4964  1.35%   248 2443s
 47430 16099 16423.1357   53  296 16424.6700 16203.8564  1.34%   247 2455s
 47721 16188 16305.8388   39  316 16424.6700 16204.4032  1.34%   247 2475s
 48052 16286 16233.6807   41  270 16424.6700 16204.8548  1.34%   247 2489s
 48373 16383     cutoff   44      16424.6700 16205.3173  1.34%   247 2501s
 48673 16465 16326.3111   52  236 16424.6700 16205.8646  1.33%   247 2514s
 48964 16526 16383.4594   41  281 16424.6700 16206.2003  1.33%   246 2526s
 49228 16644 16322.9087   40  266 16424.6700 16206.7741  1.33%   247 2539s
 49587 16757 16395.3288   42  340 16424.6700 16207.2037  1.32%   246 2552s
 49973 16853 infeasible   52      16424.6700 16207.7998  1.32%   246 2564s
 50264 16946 16275.3863   37  299 16424.6700 16208.2201  1.32%   246 2576s
 50556 17059 16385.9195   48  285 16424.6700 16208.6019  1.32%   246 2593s
 50908 17139 16401.3942   45  298 16424.6700 16209.2405  1.31%   245 2605s
 51214 17211 16364.1749   46  321 16424.6700 16209.7321  1.31%   245 2618s
 51546 17360 16356.8917   44  338 16424.6700 16210.1765  1.31%   245 2632s
 51922 17446 16396.4722   50  309 16424.6700 16210.6561  1.30%   244 2644s
 52204 17553     cutoff   48      16424.6700 16211.0969  1.30%   244 2657s
 52523 17670 16375.0056   45  303 16424.6700 16211.5704  1.30%   244 2671s
 52875 17764 16370.8179   43  261 16424.6700 16211.9728  1.29%   244 2684s
 53189 17951 16418.9672   53   58 16424.6700 16212.4217  1.29%   244 2698s
 53629 18054 16319.1926   40  386 16424.6700 16212.8209  1.29%   243 2711s
 53947 18113 16306.7151   44  217 16424.6700 16213.1992  1.29%   243 2726s
 54207 18253 16365.9749   48  219 16424.6700 16213.5579  1.29%   243 2738s
 54601 18356 16318.4690   44  357 16424.6700 16213.9316  1.28%   243 2751s
 54921 18444 infeasible   48      16424.6700 16214.3761  1.28%   242 2764s
 55048 18444 16367.4999   56  102 16424.6700 16214.3761  1.28%   242 2765s
 55272 18558 16285.4156   38  454 16424.6700 16214.7502  1.28%   242 2777s
 55620 18624     cutoff   43      16424.6700 16215.2174  1.28%   242 2789s
 55778 18624     cutoff   48      16424.6700 16215.8168  1.27%   242 2791s
 55942 18716 16303.2954   44  309 16424.6700 16215.8422  1.27%   242 2803s
 56266 18791 16282.2071   42  173 16424.6700 16216.3228  1.27%   242 2815s
 56610 18916 16314.7430   44  307 16424.6700 16216.7748  1.27%   241 2829s
 57016 19062 16386.9512   38  328 16424.6700 16217.3705  1.26%   241 2843s
 57389 19197 16341.1588   46  193 16424.6700 16217.7998  1.26%   241 2856s
 57767 19294 16381.3258   51  373 16424.6700 16218.1584  1.26%   240 2881s
 58184 19394 16372.8408   45  300 16424.6700 16218.6515  1.25%   240 2895s
 58559 19451     cutoff   43      16424.6700 16219.1236  1.25%   240 2907s
 58860 19555 16364.4698   46  222 16424.6700 16219.5821  1.25%   240 2954s
 59102 19555     cutoff   46      16424.6700 16220.0344  1.25%   239 2955s
 59232 19606 16259.3320   44  232 16424.6700 16220.0459  1.25%   239 2970s
 59456 19716     cutoff   54      16424.6700 16220.3613  1.24%   239 2982s
 59821 19827 16318.6863   50  214 16424.6700 16220.8473  1.24%   239 2996s
 60184 19907 16300.3225   40  367 16424.6700 16221.2019  1.24%   239 3010s
 60577 19981 16354.8671   49  233 16424.6700 16221.6732  1.24%   238 3023s
 60930 20117 16325.9261   35  399 16424.6700 16222.1296  1.23%   238 3036s
 61325 20251     cutoff   53      16424.6700 16222.4331  1.23%   238 3050s
 61777 20388 16283.0825   44  232 16424.6700 16222.7976  1.23%   237 3065s
 62217 20494 16409.2442   41  327 16424.6700 16223.1648  1.23%   237 3079s
 62638 20568 16329.1370   54  233 16424.6700 16223.6640  1.22%   237 3092s
 62986 20666 16272.7697   36  358 16424.6700 16224.1171  1.22%   236 3105s
 63387 20751     cutoff   47      16424.6700 16224.5178  1.22%   236 3119s
 63587 20751 16274.5479   43  328 16424.6700 16224.9846  1.22%   236 3120s
 63742 20882 16309.5322   50  181 16424.6700 16225.0100  1.22%   236 3133s
 64171 20974 16356.4001   39  327 16424.6700 16225.2826  1.21%   236 3147s
 64512 21069 16364.0945   50  260 16424.6700 16225.7202  1.21%   235 3171s
 64926 21179 16323.6331   40  241 16424.6700 16226.1676  1.21%   235 3186s
 65351 21217 16302.8002   40  373 16424.6700 16226.4461  1.21%   235 3198s
 65620 21390 16375.8762   48  229 16424.6700 16226.8535  1.20%   235 3212s
 66127 21521 16386.7576   45  287 16424.6700 16227.5543  1.20%   234 3227s
 66495 21521 16298.1648   48  130 16424.6700 16227.9623  1.20%   234 3230s
 66515 21611 16335.7199   38  355 16424.6700 16227.9916  1.20%   234 3243s
 66890 21755 16335.3169   39  261 16424.6700 16228.3442  1.20%   234 3256s
 67337 21818     cutoff   45      16424.6700 16228.7170  1.19%   233 3271s
 67665 21951 16416.8846   46  233 16424.6700 16229.0931  1.19%   233 3303s
 68130 22066 16402.5588   44  261 16424.6700 16229.6119  1.19%   233 3318s
 68544 22148 16355.1167   43  342 16424.6700 16230.0992  1.18%   233 3332s
 68906 22273     cutoff   49      16424.6700 16230.4095  1.18%   232 3346s
 69294 22375 16415.7815   44  436 16424.6700 16231.0746  1.18%   232 3359s
 69412 22375 16410.5162   60   92 16424.6700 16231.0746  1.18%   232 3360s
 69675 22468 16345.6359   48  267 16424.6700 16231.4536  1.18%   232 3383s
 70037 22566 16245.1719   44  215 16424.6700 16231.8465  1.17%   232 3396s
 70380 22618 16346.0398   46  301 16424.6700 16232.3446  1.17%   232 3409s
 70687 22678 16300.3532   49  335 16424.6700 16232.6171  1.17%   232 3422s
 70974 22766     cutoff   50      16424.6700 16232.9702  1.17%   232 3434s
 71292 22879 16334.6592   39  339 16424.6700 16233.4840  1.16%   232 3448s
 71712 22956     cutoff   44      16424.6700 16233.9070  1.16%   231 3461s
 72054 23070 16349.6739   46  234 16424.6700 16234.2712  1.16%   231 3474s
 72457 23186 16368.5839   52  173 16424.6700 16234.6716  1.16%   231 3487s
 72856 23278     cutoff   45      16424.6700 16235.0039  1.15%   231 3501s
 73233 23379 16365.2259   43  226 16424.6700 16235.2812  1.15%   231 3514s
 73498 23379 16356.9990   75   93 16424.6700 16235.5375  1.15%   230 3515s
 73631 23473 16252.7081   51  178 16424.6700 16235.5498  1.15%   230 3528s
 74000 23600     cutoff   50      16424.6700 16235.8291  1.15%   230 3541s
 74163 23600 16397.7461   47  281 16424.6700 16236.0912  1.15%   230 3553s
 74369 23701 16336.4652   37  473 16424.6700 16236.1164  1.15%   230 3565s
 74720 23784 16390.8717   58  124 16424.6700 16236.4823  1.15%   230 3578s
 75034 23860     cutoff   45      16424.6700 16236.6817  1.14%   230 3591s
 75389 23901 16322.2370   47  266 16424.6700 16236.9942  1.14%   230 3600s

Cutting planes:
  User: 2569
  Gomory: 44
  Cover: 289
  Implied bound: 22
  Clique: 9
  MIR: 175
  Flow cover: 488
  Zero half: 15
  Network: 2
  RLT: 225
  Relax-and-lift: 3
  Lazy constraints: 255

Explored 75535 nodes (17347606 simplex iterations) in 3600.58 seconds
Thread count was 2 (of 32 available processors)

Solution count 10: 16424.7 16430.7 16437.2 ... 16614.1

Time limit reached
Best objective 1.642467000000e+04, best bound 1.623713700457e+04, gap 1.1418%

User-callback calls 367831, time in user-callback 497.04 sec
================================================================================
executing instance: ./input/Instances/Original/6/absH6high_1n20.dat
--------------------------------------------------------------------------------
Instance details
n	21
H	6
C	1651
Li:
[0, 0, 0, 0, 0, 0, 0, 0, 0, 0, 0, 0, 0, 0, 0, 0, 0, 0, 0, 0, 0, ]
Ui:
[0, 36, 182, 182, 90, 261, 117, 30, 110, 42, 276, 153, 40, 94, 144, 46, 129, 213, 264, 160, 174, ]
Distance matrix:
|0	371	401	343	361	341	370	115	392	400	79	266	292	245	355	431	265	194	95	92	348	|
|371	0	37	141	110	250	117	438	67	131	372	305	115	238	247	255	235	296	392	430	185	|
|401	37	0	175	100	284	146	472	90	156	406	342	152	275	280	282	242	333	415	455	178	|
|343	141	175	0	239	110	38	374	95	60	314	182	67	130	106	127	318	201	397	423	303	|
|361	110	100	239	0	341	222	451	177	240	385	374	190	304	341	361	151	345	354	398	78	|
|341	250	284	110	341	0	143	337	203	151	289	102	152	97	15	95	394	156	415	431	398	|
|370	117	146	38	222	143	0	407	61	30	346	220	81	167	137	139	317	237	417	447	292	|
|115	438	472	374	451	337	407	0	443	434	66	241	339	251	351	431	374	181	201	177	450	|
|392	67	90	95	177	203	61	443	0	66	379	275	104	216	197	193	294	283	427	461	252	|
|400	131	156	60	240	151	30	434	66	0	374	237	112	189	142	127	344	261	448	477	312	|
|79	372	406	314	385	289	346	66	379	374	0	202	275	197	304	383	316	134	175	166	388	|
|266	305	342	182	374	102	220	241	275	237	202	0	191	70	117	196	386	73	352	359	415	|
|292	115	152	67	190	152	81	339	104	112	275	191	0	123	154	193	252	183	336	366	246	|
|245	238	275	130	304	97	167	251	216	189	197	70	123	0	110	187	322	72	319	334	346	|
|355	247	280	106	341	15	137	351	197	142	304	117	154	110	0	80	399	171	427	444	400	|
|431	255	282	127	361	95	139	431	193	127	383	196	193	187	80	0	444	251	499	519	429	|
|265	235	242	318	151	394	317	374	294	344	316	386	252	322	399	444	0	332	226	273	97	|
|194	296	333	201	345	156	237	181	283	261	134	73	183	72	171	251	332	0	279	286	375	|
|95	392	415	397	354	415	417	201	427	448	175	352	336	319	427	499	226	279	0	47	321	|
|92	430	455	423	398	431	447	177	461	477	166	359	366	334	444	519	273	286	47	0	368	|
|348	185	178	303	78	398	292	450	252	312	388	415	246	346	400	429	97	375	321	368	0	|

--------------------------------------------------------------------------------
Building model...
	using lazy and cut (CVRPSEP package)
Solving IRP LP...
--------------------------------------------------------------------------------

Gurobi 9.1.0 (linux64) logging started Sun Jan 10 10:01:44 2021

Gurobi Optimizer version 9.1.0 build v9.1.0rc0 (linux64)
Thread count: 32 physical cores, 32 logical processors, using up to 2 threads
Optimize a model with 903 rows, 3159 columns and 8223 nonzeros
Model fingerprint: 0xc88b082e
Variable types: 387 continuous, 2772 integer (252 binary)
Coefficient statistics:
  Matrix range     [1e+00, 8e+02]
  Objective range  [1e-01, 5e+02]
  Bounds range     [1e+00, 3e+02]
  RHS range        [1e+01, 3e+03]
Presolve removed 208 rows and 82 columns
Presolve time: 0.05s
Presolved: 695 rows, 3077 columns, 7513 nonzeros
Variable types: 305 continuous, 2772 integer (2532 binary)

Root relaxation: objective 1.252368e+04, 1114 iterations, 0.02 seconds

    Nodes    |    Current Node    |     Objective Bounds      |     Work
 Expl Unexpl |  Obj  Depth IntInf | Incumbent    BestBd   Gap | It/Node Time

     0     0 12523.6776    0  163          - 12523.6776      -     -    0s
     0     0 12731.7960    0  187          - 12731.7960      -     -    0s
     0     0 12749.1778    0  177          - 12749.1778      -     -    0s
     0     0 12752.2261    0  183          - 12752.2261      -     -    0s
     0     0 12765.7208    0  171          - 12765.7208      -     -    0s
     0     0 12777.9580    0  182          - 12777.9580      -     -    0s
     0     0 12816.0786    0  187          - 12816.0786      -     -    0s
     0     0 12873.5852    0  189          - 12873.5852      -     -    0s
     0     0 12894.0226    0  168          - 12894.0226      -     -    0s
     0     0 12902.9002    0  190          - 12902.9002      -     -    0s
     0     0 12904.2678    0  188          - 12904.2678      -     -    0s
     0     0 13298.3448    0  242          - 13298.3448      -     -    0s
     0     0 13432.2125    0  288          - 13432.2125      -     -    0s
     0     0 13463.5884    0  215          - 13463.5884      -     -    0s
     0     0 13477.4776    0  237          - 13477.4776      -     -    0s
     0     0 13500.2718    0  317          - 13500.2718      -     -    0s
     0     0 13506.1527    0  291          - 13506.1527      -     -    0s
     0     0 13507.4520    0  295          - 13507.4520      -     -    0s
     0     0 13507.6002    0  300          - 13507.6002      -     -    0s
     0     0 13676.7012    0  370          - 13676.7012      -     -    0s
     0     0 13687.1216    0  311          - 13687.1216      -     -    1s
     0     0 13690.8260    0  329          - 13690.8260      -     -    1s
     0     0 13693.7570    0  349          - 13693.7570      -     -    1s
     0     0 13693.7745    0  344          - 13693.7745      -     -    1s
     0     0 13731.9254    0  357          - 13731.9254      -     -    1s
     0     0 13744.0901    0  392          - 13744.0901      -     -    1s
     0     0 13748.9741    0  386          - 13748.9741      -     -    1s
     0     0 13750.1396    0  393          - 13750.1396      -     -    1s
     0     0 13780.3296    0  343          - 13780.3296      -     -    1s
     0     0 13781.7486    0  372          - 13781.7486      -     -    1s
     0     0 13792.6706    0  376          - 13792.6706      -     -    1s
     0     0 13797.4964    0  366          - 13797.4964      -     -    1s
     0     2 13797.4964    0  364          - 13797.4964      -     -    1s
    69    77 14180.3833   22  150          - 13905.6580      -   352    5s
