




arguments: ./build/mirp_solver -f ./input/orig_exec_48.cfg
Current dir: /scratch/gui/bnc_mirp
File verbosity level: 9
date       time         ( uptime  ) [ thread name/id ]                   file:line     v| 
2021-01-09 04:16:07.739 (   0.255s) [main thread     ]             loguru.cpp:789   INFO| Logging to './output/vi_qua/OU/V2/Original/execution_09_01_2021_04_16_07.log', mode: 'a', verbosity: 9
--------------------------------------------------------------------------------
Parameters
                           instance_path           ./input/Instances/Original/2/
                            model_policy                                       1
                             nb_vehicles                                       2
                              output_dir         ./output/vi_qua/OU/V2/Original/
                            sec_strategy                                       1
                       solver_nb_threads                                       2
                         solver_show_log                                    true
                       solver_time_limit                                    3600
                              use_vi_cos                                   false
                              use_vi_cus                                   false
                         use_vi_hc1_full                                   false
                         use_vi_hc1_half                                   false
                      use_vi_hc1_quarter                                   false
                              use_vi_hc2                                   false
                              use_vi_hc3                                   false
                         use_vi_lex_full                                   false
                         use_vi_lex_half                                   false
                      use_vi_lex_quarter                                   false
                              use_vi_qua                                    true
                               use_vi_vc                                   false
                               use_vi_vr                                   false
--------------------------------------------------------------------------------
executing instance: ./input/Instances/Original/2/absH3high_3n40.dat
--------------------------------------------------------------------------------
Instance details
n	41
H	3
C	3283
Li:
[0, 0, 0, 0, 0, 0, 0, 0, 0, 0, 0, 0, 0, 0, 0, 0, 0, 0, 0, 0, 0, 0, 0, 0, 0, 0, 0, 0, 0, 0, 0, 0, 0, 0, 0, 0, 0, 0, 0, 0, 0, ]
Ui:
[0, 63, 111, 99, 96, 111, 282, 122, 156, 261, 42, 192, 126, 42, 162, 207, 159, 122, 102, 190, 118, 102, 132, 102, 165, 252, 66, 52, 22, 114, 210, 176, 116, 294, 78, 152, 210, 45, 130, 198, 174, ]
Distance matrix:
|0	208	225	252	227	143	258	127	267	150	28	83	163	286	57	149	201	137	214	255	70	73	107	186	328	266	249	343	222	177	293	144	262	215	167	120	169	218	143	173	255	|
|208	0	397	355	416	198	216	99	211	275	193	172	97	166	240	225	362	109	277	314	182	216	273	374	298	208	319	161	14	103	93	120	58	196	152	156	372	227	260	218	453	|
|225	397	0	427	53	364	482	343	492	129	253	225	382	386	171	188	39	291	187	195	295	182	282	55	326	491	180	551	408	315	457	366	455	275	392	244	221	439	341	214	101	|
|252	355	427	0	401	158	201	263	219	396	234	328	259	498	299	400	420	354	465	506	205	324	152	374	574	219	499	393	366	389	446	235	378	456	205	359	224	150	111	423	400	|
|227	416	53	401	0	357	477	352	489	165	253	245	389	424	179	223	85	315	234	245	293	200	264	42	375	488	231	565	428	344	484	370	474	314	392	270	184	430	325	252	50	|
|143	198	364	158	357	0	121	105	134	290	116	196	103	342	200	276	343	205	343	385	74	210	112	319	432	133	382	265	209	237	290	78	226	313	57	220	232	75	69	292	375	|
|258	216	482	201	477	121	0	168	18	397	230	293	135	381	314	372	459	275	437	480	188	317	228	439	501	18	479	197	222	296	290	132	212	386	95	306	347	58	173	381	496	|
|127	99	343	263	352	105	168	0	171	239	105	130	40	237	173	206	313	109	270	312	84	164	175	310	337	169	313	216	112	135	192	37	142	220	77	138	280	155	162	213	382	|
|267	211	492	219	489	134	18	171	0	404	240	298	136	376	323	376	468	276	441	483	198	324	243	450	500	2	483	181	215	294	281	136	202	386	102	309	363	75	189	384	509	|
|150	275	129	396	165	290	397	239	404	0	175	110	279	259	97	59	91	166	84	116	217	80	245	130	226	402	106	434	286	187	329	269	333	149	302	119	244	364	291	87	213	|
|28	193	253	234	253	116	230	105	240	175	0	94	139	286	84	167	229	136	234	275	43	96	98	212	341	238	271	320	206	175	281	118	244	225	140	128	180	191	124	189	280	|
|83	172	225	328	245	196	293	130	298	110	94	0	169	209	77	80	191	71	147	189	127	45	189	203	247	296	187	327	184	106	241	162	230	132	198	38	242	266	217	96	285	|
|163	97	382	259	389	103	135	40	136	279	139	169	0	253	212	244	353	141	307	349	110	203	194	347	366	133	350	183	107	161	187	27	124	251	56	175	306	133	169	249	418	|
|286	166	386	498	424	342	381	237	376	259	286	209	253	0	284	201	347	151	210	230	299	247	383	387	155	374	242	290	162	112	129	270	192	113	308	172	451	386	391	172	471	|
|57	240	171	299	179	200	314	173	323	97	84	77	212	284	0	112	145	147	170	208	127	38	148	137	299	321	201	386	253	183	315	195	297	195	222	112	171	275	195	142	214	|
|149	225	188	400	223	276	372	206	376	59	167	80	244	201	112	0	149	117	67	110	205	78	254	186	187	374	108	387	235	132	272	240	283	93	277	71	279	346	291	32	270	|
|201	362	39	420	85	343	459	313	468	91	229	191	353	347	145	149	0	254	149	160	272	150	271	66	290	466	146	518	373	278	419	339	420	235	367	207	227	418	327	175	135	|
|137	109	291	354	315	205	275	109	276	166	136	71	141	151	147	117	254	0	172	212	151	116	232	273	229	274	215	270	119	39	170	145	167	111	186	47	305	263	245	113	356	|
|214	277	187	465	234	343	437	270	441	84	234	147	307	210	170	67	149	172	0	42	272	141	317	205	144	439	43	437	284	175	307	305	331	99	343	132	327	413	357	60	283	|
|255	314	195	506	245	385	480	312	483	116	275	189	349	230	208	110	160	212	42	0	314	182	356	222	132	481	15	474	321	212	337	347	367	126	385	174	358	455	398	100	295	|
|70	182	295	205	293	74	188	84	198	217	43	127	110	299	127	205	272	151	272	314	0	137	91	253	370	196	310	292	195	188	274	85	226	252	99	155	197	148	94	223	316	|
|73	216	182	324	200	210	317	164	324	80	96	45	203	247	38	78	150	116	141	182	137	0	176	158	263	323	176	369	229	150	286	191	274	157	223	77	208	284	216	106	239	|
|107	273	282	152	264	112	228	175	243	245	98	189	194	383	148	254	271	232	317	356	91	176	0	231	435	242	349	371	286	271	365	167	315	321	164	224	120	174	61	280	274	|
|186	374	55	374	42	319	439	310	450	130	212	203	347	387	137	186	66	273	205	222	253	158	231	0	348	448	208	523	386	303	442	329	431	279	352	229	167	392	291	217	85	|
|328	298	326	574	375	432	501	337	500	226	341	247	366	155	299	187	290	229	144	132	370	263	435	348	0	498	147	441	299	206	283	374	338	119	414	215	465	492	463	157	425	|
|266	208	491	219	488	133	18	169	2	402	238	296	133	374	321	374	466	274	439	481	196	323	242	448	498	0	481	180	213	292	278	134	200	384	100	307	362	75	188	381	508	|
|249	319	180	499	231	382	479	313	483	106	271	187	350	242	201	108	146	215	43	15	310	176	349	208	147	481	0	480	326	217	346	347	373	135	385	175	347	454	392	103	280	|
|343	161	551	393	565	265	197	216	181	434	320	327	183	290	386	387	518	270	437	474	292	369	371	523	441	180	480	0	153	263	163	207	107	352	208	317	487	244	334	379	598	|
|222	14	408	366	428	209	222	112	215	286	206	184	107	162	253	235	373	119	284	321	195	229	286	386	299	213	326	153	0	109	81	132	48	201	162	167	386	236	272	226	466	|
|177	103	315	389	344	237	296	135	294	187	175	106	161	112	183	132	278	39	175	212	188	150	271	303	206	292	217	263	109	0	142	171	156	95	211	74	344	289	281	118	386	|
|293	93	457	446	484	290	290	192	281	329	281	241	187	129	315	272	419	170	307	337	274	286	365	442	283	278	346	163	81	142	0	212	79	211	241	214	461	311	353	254	525	|
|144	120	366	235	370	78	132	37	136	269	118	162	27	270	195	240	339	145	305	347	85	191	167	329	374	134	347	207	132	171	212	0	151	257	40	174	280	119	142	248	398	|
|262	58	455	378	474	226	212	142	202	333	244	230	124	192	297	283	420	167	331	367	226	274	315	431	338	200	373	107	48	156	79	151	0	245	173	214	421	237	293	273	510	|
|215	196	275	456	314	313	386	220	386	149	225	132	251	113	195	93	235	111	99	126	252	157	321	279	119	384	135	352	201	95	211	257	245	0	297	97	365	374	345	62	362	|
|167	152	392	205	392	57	95	77	102	302	140	198	56	308	222	277	367	186	343	385	99	223	164	352	414	100	385	208	162	211	241	40	173	297	0	213	283	79	126	287	415	|
|120	156	244	359	270	220	306	138	309	119	128	38	175	172	112	71	207	47	132	174	155	77	224	229	215	307	175	317	167	74	214	174	214	97	213	0	280	286	248	75	313	|
|169	372	221	224	184	232	347	280	363	244	180	242	306	451	171	279	227	305	327	358	197	208	120	167	465	362	347	487	386	344	461	280	421	365	283	280	0	291	175	310	176	|
|218	227	439	150	430	75	58	155	75	364	191	266	133	386	275	346	418	263	413	455	148	284	174	392	492	75	454	244	236	289	311	119	237	374	79	286	291	0	116	359	445	|
|143	260	341	111	325	69	173	162	189	291	124	217	169	391	195	291	327	245	357	398	94	216	61	291	463	188	392	334	272	281	353	142	293	345	126	248	175	116	0	313	335	|
|173	218	214	423	252	292	381	213	384	87	189	96	249	172	142	32	175	113	60	100	223	106	280	217	157	381	103	379	226	118	254	248	273	62	287	75	310	359	313	0	300	|
|255	453	101	400	50	375	496	382	509	213	280	285	418	471	214	270	135	356	283	295	316	239	274	85	425	508	280	598	466	386	525	398	510	362	415	313	176	445	335	300	0	|

--------------------------------------------------------------------------------
Building model...
	using lazy and cut (CVRPSEP package)
Solving IRP LP...
--------------------------------------------------------------------------------

Gurobi 9.1.0 (linux64) logging started Sat Jan  9 04:16:08 2021

Gurobi Optimizer version 9.1.0 build v9.1.0rc0 (linux64)
Thread count: 32 physical cores, 32 logical processors, using up to 2 threads
Optimize a model with 902 rows, 5570 columns and 13022 nonzeros
Model fingerprint: 0x82216070
Variable types: 404 continuous, 5166 integer (246 binary)
Coefficient statistics:
  Matrix range     [1e+00, 2e+03]
  Objective range  [1e-01, 6e+02]
  Bounds range     [1e+00, 3e+02]
  RHS range        [1e+01, 6e+03]
Presolve removed 285 rows and 162 columns
Presolve time: 0.10s
Presolved: 617 rows, 5408 columns, 12095 nonzeros
Variable types: 242 continuous, 5166 integer (4926 binary)

Root relaxation: objective 1.221287e+04, 747 iterations, 0.02 seconds

    Nodes    |    Current Node    |     Objective Bounds      |     Work
 Expl Unexpl |  Obj  Depth IntInf | Incumbent    BestBd   Gap | It/Node Time

     0     0 12212.8670    0  105          - 12212.8670      -     -    0s
     0     0 12711.6154    0  155          - 12711.6154      -     -    0s
     0     0 12712.3863    0  154          - 12712.3863      -     -    0s
     0     0 13284.9510    0  212          - 13284.9510      -     -    0s
     0     0 13446.9644    0  185          - 13446.9644      -     -    0s
     0     0 13450.8088    0  200          - 13450.8088      -     -    0s
     0     0 13457.2854    0  207          - 13457.2854      -     -    0s
     0     0 13473.9133    0  210          - 13473.9133      -     -    0s
     0     0 13486.1860    0  216          - 13486.1860      -     -    0s
     0     0 13496.1238    0  205          - 13496.1238      -     -    0s
     0     0 13497.8521    0  208          - 13497.8521      -     -    0s
     0     0 13498.1715    0  214          - 13498.1715      -     -    0s
     0     0 13575.5215    0  200          - 13575.5215      -     -    0s
     0     0 13610.2836    0  208          - 13610.2836      -     -    0s
     0     0 13617.7820    0  244          - 13617.7820      -     -    0s
     0     0 13628.8878    0  241          - 13628.8878      -     -    1s
     0     0 13630.6924    0  254          - 13630.6924      -     -    1s
     0     0 13631.4760    0  257          - 13631.4760      -     -    1s
     0     0 13672.9756    0  265          - 13672.9756      -     -    1s
     0     0 13695.7560    0  258          - 13695.7560      -     -    1s
     0     0 13699.5453    0  253          - 13699.5453      -     -    1s
     0     0 13701.4883    0  292          - 13701.4883      -     -    1s
     0     0 13709.4056    0  290          - 13709.4056      -     -    1s
     0     0 13709.5039    0  291          - 13709.5039      -     -    1s
     0     0 13715.6019    0  281          - 13715.6019      -     -    1s
     0     0 13715.6019    0  277          - 13715.6019      -     -    1s
     0     2 13715.6019    0  277          - 13715.6019      -     -    2s
   122   139 14045.3899   25  195          - 13724.8642      -   122    5s
*  391   389             193    16008.490000 13724.8642  14.3%  59.7    7s
   442   416 13890.2356    9  270 16008.4900 13724.8642  14.3%  68.9   10s
H  525   486                    15895.490000 13724.8642  13.7%  69.4   13s
H  551   525                    15820.290000 13724.8642  13.2%  69.7   14s
   571   523 15791.3431  134    9 15820.2900 13726.9380  13.2%  68.3   15s
   682   635 14023.7939   24  229 15820.2900 13726.9380  13.2%  83.7   20s
   729   671 13950.4770   15  328 15820.2900 13789.0200  12.8%  83.4   25s
H  735   641                    15811.290000 13827.8983  12.5%  82.7   26s
   749   650 15265.2533  116  376 15811.2900 13862.0950  12.3%  81.2   33s
   757   656 14132.6804   44  393 15811.2900 13865.0776  12.3%  80.3   35s
H  759   623                    15339.120000 13870.1756  9.58%  80.1   36s
   772   632 15052.6425   84  408 15339.1200 13873.3252  9.56%  78.8   40s
   786   641 14202.7984   40  415 15339.1200 13876.5127  9.54%  77.4   45s
H  794   615                    15292.120000 13876.8061  9.26%  90.5   47s
   805   622 15072.8350   91  422 15292.1200 13877.3426  9.25%  89.2   50s
   815   629 14224.6510   35  416 15292.1200 13877.4704  9.25%  88.1   55s
   820   635 13881.5008   26  412 15292.1200 13881.5008  9.22%  94.8   60s
H  844   618                    15283.960000 13913.0719  8.97%   104   62s
   865   636 14119.6926   37  230 15283.9600 13913.0719  8.97%   110   65s
H  870   609                    15257.960000 13913.0719  8.81%   111   65s
H  933   621                    15249.300000 13913.0719  8.76%   119   69s
   937   627 14082.5559   52  306 15249.3000 13913.0719  8.76%   120   85s
H  989   635                    15204.550000 13913.0719  8.49%   125   89s
   996   647 14069.3210   68  213 15204.5500 13913.0719  8.49%   126   94s
  1005   644 14344.0064   72  232 15204.5500 13913.0719  8.49%   126  103s
  1054   677 14387.2191   81  209 15204.5500 13913.0719  8.49%   127  105s
H 1065   662                    15186.960000 13913.0719  8.39%   128  106s
  1144   737 14343.7299  114  138 15186.9600 13913.0719  8.39%   129  110s
H 1263   786                    15170.960000 13913.0719  8.29%   128  114s
  1274   783 14972.9663  124  194 15170.9600 13913.0719  8.29%   129  115s
  1442   847 14617.1770  180  165 15170.9600 13913.0719  8.29%   124  121s
  1587   879 14802.6670  208  137 15170.9600 13913.0719  8.29%   121  126s
H 1646   888                    15137.960000 13913.0719  8.09%   121  128s
  1664   918 14724.4801  233  177 15137.9600 13913.0719  8.09%   121  130s
  1798  1003 14765.0989  268  120 15137.9600 13913.0719  8.09%   120  136s
  1905  1048 14599.3124  106   97 15137.9600 13913.0719  8.09%   119  140s
  1972  1102 14888.0894  317   57 15137.9600 13913.0719  8.09%   119  145s
  2114  1117 14984.9519  374   95 15137.9600 13913.0719  8.09%   116  151s
  2208  1165 13963.1331   36  320 15137.9600 13919.6323  8.05%   115  155s
  2331  1274 14107.4831   52  296 15137.9600 13919.6323  8.05%   113  160s
* 2368  1278             215    15132.820000 13919.6323  8.02%   113  160s
  2421  1365 14279.2271   72  124 15132.8200 13919.6323  8.02%   114  165s
  2520  1514 14383.4720   83   86 15132.8200 13919.6323  8.02%   113  170s
* 2655   778             111    14484.140000 13919.6323  3.90%   111  174s
  2763   778     cutoff  238      14484.1400 13919.6323  3.90%   107  175s
  2781   653     cutoff  122      14484.1400 13929.6651  3.83%   107  182s
  2820   712 14148.8442   44  142 14484.1400 13932.6282  3.81%   107  185s
  2881   820 14256.3761   75   58 14484.1400 13932.6282  3.81%   107  191s
  2994   986 14351.6857  137   94 14484.1400 13935.9020  3.79%   105  195s
  3187  1109 14070.6865   41  229 14484.1400 13935.9020  3.79%   101  201s
  3345  1150 14446.1170   74  141 14484.1400 13946.5659  3.71%  97.7  205s
  3492  1282 14254.1802   30  203 14484.1400 13953.7519  3.66%  97.8  212s
  3577  1337 14109.4567   33  264 14484.1400 13954.1185  3.66%  97.9  216s
  3722  1435 14444.9266   55  159 14484.1400 13961.0533  3.61%  98.7  223s
  3786  1517 14448.6161   61  117 14484.1400 13961.0799  3.61%  98.5  228s
  3897  1593 14249.8934   43  222 14484.1400 13973.7279  3.52%  98.1  232s
  3989  1663 14225.4389   49  237 14484.1400 13978.3783  3.49%  98.4  236s
  4077  1710 14219.6089   37  290 14484.1400 13980.1118  3.48%  98.7  247s
  4099  1710 14018.2384   30  238 14484.1400 13980.1118  3.48%  98.9  251s
  4126  1914 14359.4694   51   74 14484.1400 13980.3888  3.48%  99.0  256s
  4272  1914 14271.2153  140   80 14484.1400 13980.3888  3.48%  97.5  263s
  4371  1948 14377.4865   45  207 14484.1400 13981.9344  3.47%  95.6  267s
  4427  1974     cutoff   40      14484.1400 13982.9418  3.46%  96.6  272s
  4480  2051 14448.5974   44  210 14484.1400 13986.8164  3.43%  97.6  276s
  4594  2189 14180.6763   40  100 14484.1400 13988.6680  3.42%  97.6  282s
  4759  2359 14093.1893   41  280 14484.1400 13990.6039  3.41%  96.5  295s
  4950  2463 14174.5443   49  208 14484.1400 13992.2039  3.40%  95.2  301s
  5081  2529 14410.9700   76   65 14484.1400 13994.3767  3.38%  95.1  308s
  5171  2565 14235.7775   42  223 14484.1400 13995.3674  3.37%  96.0  315s
  5239  2670 14087.2358   45  178 14484.1400 13998.1240  3.36%  97.2  321s
  5374  2789 14283.4201   32  158 14484.1400 14005.1613  3.31%  97.4  328s
  5522  2900 14422.7255   75   50 14484.1400 14007.1259  3.29%  97.1  335s
  5677  2974 14129.8539   32  284 14484.1400 14015.4589  3.24%  97.2  346s
  5793  3169 14163.6864   37  171 14484.1400 14016.7012  3.23%  98.2  353s
  5836  3169 14284.6035   46   87 14484.1400 14016.7012  3.23%  98.2  362s
  6036  3378 14305.0989  107   35 14484.1400 14019.5923  3.21%  96.9  370s
  6184  3378 14385.9926  152   68 14484.1400 14019.5923  3.21%  95.4  379s
  6273  3448 14088.9182   47  347 14484.1400 14020.1771  3.20%  95.2  385s
  6371  3573 14441.9591   51  221 14484.1400 14021.8858  3.19%  95.9  403s
  6537  3686 14301.6330   42  119 14484.1400 14024.0439  3.18%  96.1  411s
  6679  3767 14391.2324   50  142 14484.1400 14024.4654  3.17%  96.3  418s
  6801  3936 14211.4442   49  235 14484.1400 14030.7604  3.13%  96.7  426s
  7025  4029 14166.0856   39  211 14484.1400 14032.6902  3.12%  95.9  434s
  7067  4029 14344.8088   60   96 14484.1400 14032.6902  3.12%  96.3  435s
  7150  4108 14359.7431   63   70 14484.1400 14033.3511  3.11%  96.5  446s
  7401  4203 14112.5829   37  303 14484.1400 14034.2565  3.11%  95.7  455s
  7524  4408 14269.2514   55  138 14484.1400 14035.2395  3.10%  96.0  464s
  7621  4409 14421.4543   87    4 14484.1400 14035.2395  3.10%  95.5  465s
  7781  4530 infeasible  112      14484.1400 14037.4945  3.08%  95.0  473s
  7942  4613 14378.8652   56  200 14484.1400 14040.7941  3.06%  95.5  481s
  8009  4613 14444.0231   54   44 14484.1400 14040.7941  3.06%  95.5  560s
  8071  4752 14351.0710   45  151 14484.1400 14041.3693  3.06%  96.2  568s
  8250  4850     cutoff   48      14484.1400 14042.6662  3.05%  96.6  578s
  8504  4955 14091.8097   39  235 14484.1400 14044.4869  3.04%  96.0  586s
  8656  5083 14444.7133   62   21 14484.1400 14044.7836  3.03%  96.4  594s
  8697  5085 14402.6897   61   73 14484.1400 14044.7836  3.03%  96.4  595s
  8833  5179 14452.6078   66   70 14484.1400 14045.3493  3.03%  96.3  606s
  8980  5247 14302.7099   37  209 14484.1400 14046.7201  3.02%  96.5  613s
  9067  5294 14321.6390   42  114 14484.1400 14050.0556  3.00%  97.5  622s
  9288  5503 14120.2789   34  163 14484.1400 14051.2504  2.99%  97.0  631s
  9546  5582 14424.7666   73   73 14484.1400 14052.2873  2.98%  96.5  640s
  9664  5742 14207.1360   49  213 14484.1400 14054.2107  2.97%  97.2  648s
  9879  5861 14123.3010   40  146 14484.1400 14055.4784  2.96%  97.0  656s
 10042  5931 14398.9964   42  111 14484.1400 14057.1824  2.95%  97.1  664s
 10113  5931 14383.9129   39  161 14484.1400 14057.1824  2.95%  97.3  665s
 10175  6060     cutoff   46      14484.1400 14059.1035  2.93%  97.7  673s
 10222  6060 14274.5611   46  192 14484.1400 14059.6208  2.93%  98.3  676s
 10367  6186 14359.5669   58  148 14484.1400 14060.4502  2.93%  97.9  684s
 10490  6186 14267.0546   53  156 14484.1400 14061.8312  2.92%  97.8  685s
 10561  6242     cutoff   53      14484.1400 14061.9053  2.92%  98.0  692s
 10666  6392 14376.6839   45  100 14484.1400 14065.8343  2.89%  98.6  700s
 10868  6490 14234.1327   52  282 14484.1400 14066.7595  2.88%  98.1  708s
 11005  6564 14156.4378   37  312 14484.1400 14067.1297  2.88%  98.7  725s
 11127  6711     cutoff   54      14484.1400 14067.8883  2.87%  99.2  733s
 11333  6711 infeasible   79      14484.1400 14070.1797  2.86%  98.9  735s
 11343  6995 14278.3667   41  240 14484.1400 14070.4891  2.86%  99.0  743s
 11684  7113 14366.1406   50  185 14484.1400 14071.3837  2.85%  97.8  752s
 11841  7200     cutoff   41      14484.1400 14073.2364  2.84%  98.0  761s
 11916  7200 14321.2995   53  151 14484.1400 14074.2454  2.83%  98.2  767s
 11999  7366 14150.4436   41  280 14484.1400 14074.5635  2.83%  98.4  775s
 12220  7509 14303.5137   46  218 14484.1400 14075.8997  2.82%  98.3  785s
 12410  7694 14354.0372   64   24 14484.1400 14076.2843  2.82%  98.4  794s
 12513  7696 14316.7631   66  156 14484.1400 14076.2843  2.82%  98.3  795s
 12669  7786     cutoff   84      14484.1400 14077.2210  2.81%  98.0  803s
 12818  7934 14269.4545   38  137 14484.1400 14077.4080  2.81%  98.5  819s
 12918  7934 14409.7552   52  229 14484.1400 14077.5111  2.81%  98.6  820s
 13026  8066 14426.5006   72  121 14484.1400 14078.5767  2.80%  98.6  828s
 13223  8258 14169.6852   50  188 14484.1400 14079.7451  2.79%  98.6  837s
 13478  8456 14404.6086   46  223 14484.1400 14081.0851  2.78%  98.3  846s
 13739  8479 14322.0693   48  197 14484.1400 14082.5349  2.77%  98.0  895s
 13805  8729 14263.9764   58  200 14484.1400 14083.1620  2.77%  98.4  904s
 13876  8729 14382.0558   55  168 14484.1400 14083.1620  2.77%  98.3  905s
 14133  8958 14215.9821   47   52 14484.1400 14086.7634  2.74%  97.7  915s
 14413  9052 14422.6741   45   91 14484.1400 14087.2732  2.74%  97.3  925s
 14575  9178 14287.6692   36  162 14484.1400 14088.0596  2.73%  97.8  935s
 14752  9372 14297.2211   58  230 14484.1400 14088.7553  2.73%  98.1  945s
 15014  9459 14337.5334   52  281 14484.1400 14089.1127  2.73%  97.9  954s
 15092  9459 14180.5577   49  275 14484.1400 14089.6904  2.72%  98.1  955s
 15161  9487 14316.3827   46  143 14484.1400 14089.8187  2.72%  98.4  967s
 15215  9584 14216.9930   30  272 14484.1400 14089.9378  2.72%  98.6  975s
 15373  9724 14226.0644   39  132 14484.1400 14092.1801  2.71%  99.0  984s
 15407  9724 14406.5328   73   45 14484.1400 14092.1801  2.71%  98.9  985s
 15607  9967 14438.9151   47  115 14484.1400 14093.3951  2.70%  99.0  995s
 15927 10213 14431.0502   72  195 14484.1400 14093.9668  2.69%  98.6 1006s
 16229 10318 14241.7006   38  216 14484.1400 14094.1404  2.69%  98.1 1016s
 16391 10505 14322.0842   48  114 14484.1400 14095.1596  2.69%  98.5 1026s
 16732 10719     cutoff  113      14484.1400 14096.5546  2.68%  98.0 1036s
 17062 10869     cutoff   64      14484.1400 14098.0152  2.67%  97.4 1046s
 17313 11055 14241.0019   36  203 14484.1400 14098.3976  2.66%  97.4 1056s
 17588 11246 14448.8867   49  158 14484.1400 14099.0834  2.66%  96.9 1073s
 17665 11248 14345.4943   77   68 14484.1400 14099.0834  2.66%  96.8 1075s
 17887 11346     cutoff   72      14484.1400 14100.2926  2.65%  96.6 1084s
 17997 11347 14381.9484   90    6 14484.1400 14100.2926  2.65%  96.5 1085s
 18124 11508     cutoff   99      14484.1400 14100.7629  2.65%  96.4 1092s
 18347 11652 14361.3845   67  119 14484.1400 14102.4694  2.64%  96.4 1101s
 18568 11793 14308.7730   50  226 14484.1400 14103.8747  2.63%  96.2 1110s
 18785 11906 14216.7735   48  309 14484.1400 14105.1780  2.62%  96.3 1126s
 19004 12073 14442.6999   63  106 14484.1400 14105.4986  2.61%  96.3 1135s
 19262 12164     cutoff   72      14484.1400 14106.3956  2.61%  96.2 1146s
 19436 12243 14405.1521   48  113 14484.1400 14106.9432  2.60%  96.4 1154s
 19507 12243 14319.3556   53  273 14484.1400 14107.7176  2.60%  96.6 1155s
 19563 12363 14356.7799   69  182 14484.1400 14108.2191  2.60%  96.8 1162s
 19745 12514 14196.1870   38  242 14484.1400 14108.5544  2.59%  97.0 1176s
 19972 12667 14320.2080   52  120 14484.1400 14109.9186  2.58%  97.0 1185s
 20203 12847 14322.9539   38  187 14484.1400 14110.9618  2.58%  97.0 1195s
 20439 13028 14280.0282   42  187 14484.1400 14111.3983  2.57%  97.0 1205s
 20704 13118 14457.4002   51   62 14484.1400 14111.8763  2.57%  96.8 1213s
 20857 13270     cutoff   49      14484.1400 14112.5213  2.57%  97.1 1222s
 21083 13540 14427.3009   62   28 14484.1400 14113.6725  2.56%  97.1 1235s
 21444 13685 14180.0260   45  312 14484.1400 14114.3400  2.55%  96.5 1245s
 21656 13728 14314.9303   47  305 14484.1400 14114.6596  2.55%  96.5 1254s
 21714 13728     cutoff   60      14484.1400 14114.9116  2.55%  96.7 1255s
 21757 13912     cutoff   51      14484.1400 14115.0222  2.55%  97.0 1263s
 22028 13912 14424.5020  123   17 14484.1400 14116.3726  2.54%  96.7 1265s
 22043 14054 14310.3835   54  195 14484.1400 14116.8687  2.54%  96.7 1272s
 22248 14216 14388.0219   52  144 14484.1400 14117.4007  2.53%  96.8 1284s
 22482 14336 14462.7949   65  169 14484.1400 14118.0283  2.53%  96.7 1293s
 22710 14576 14255.7519   54  170 14484.1400 14118.8180  2.52%  96.7 1302s
 23004 14691 14313.5779   45  219 14484.1400 14119.4603  2.52%  96.3 1312s
 23215 14857 14310.5217   42  242 14484.1400 14120.4654  2.51%  96.4 1322s
 23477 14965     cutoff   68      14484.1400 14121.6688  2.50%  96.2 1332s
 23678 15139 14193.8899   41  266 14484.1400 14122.2815  2.50%  96.3 1341s
 23904 15313 14431.3207   50   89 14484.1400 14122.5865  2.50%  96.2 1351s
 23998 15313 14202.4478   47  213 14484.1400 14122.9675  2.49%  96.3 1355s
 24144 15418     cutoff   53      14484.1400 14123.1389  2.49%  96.2 1364s
 24280 15418 14351.1762   53   35 14484.1400 14123.6656  2.49%  96.3 1365s
 24324 15520 14342.9593   42  208 14484.1400 14124.1837  2.49%  96.3 1372s
 24508 15633 14237.2869   53  140 14484.1400 14124.8431  2.48%  96.4 1381s
 24687 15762 14167.4368   38  175 14484.1400 14125.4530  2.48%  96.6 1390s
 24897 16098     cutoff  102      14484.1400 14126.5934  2.47%  96.6 1400s
 25318 16333     cutoff  212      14484.1400 14127.2732  2.46%  95.7 1411s
 25602 16448 14403.7730   56  217 14484.1400 14128.5455  2.46%  95.4 1420s
 25788 16595 14297.5467   43  113 14484.1400 14129.0978  2.45%  95.5 1435s
 26022 16779 14352.4286   83   86 14484.1400 14129.8565  2.45%  95.4 1445s
 26281 16900 14200.9990   51  243 14484.1400 14130.1499  2.44%  95.2 1454s
 26340 16900 14391.7808   45  197 14484.1400 14130.1499  2.44%  95.2 1455s
 26520 17025 14342.7077   46  235 14484.1400 14131.0803  2.44%  95.1 1467s
 26708 17244 14217.1991   42  232 14484.1400 14131.6259  2.43%  95.2 1477s
 26983 17363 14247.9699   34  210 14484.1400 14132.1193  2.43%  95.0 1486s
 27194 17464 14360.6384   35  275 14484.1400 14132.8704  2.43%  95.0 1495s
 27374 17610 14303.9731   34  202 14484.1400 14133.6870  2.42%  95.1 1506s
 27599 17746 14184.4428   42  288 14484.1400 14134.2348  2.42%  95.1 1516s
 27793 17941 14344.9943   58  126 14484.1400 14134.3570  2.41%  95.2 1525s
 28075 18078 14353.0323   69  178 14484.1400 14135.0897  2.41%  95.0 1535s
 28289 18139 14295.0710   49  212 14484.1400 14135.8095  2.40%  95.0 1544s
 28352 18139 14398.1508   52  152 14484.1400 14136.1451  2.40%  95.2 1545s
 28433 18215 14409.0755   32  214 14484.1400 14136.2326  2.40%  95.3 1553s
 28586 18402 14285.9033   42  259 14484.1400 14136.8091  2.40%  95.5 1566s
 28844 18493 14251.5177   40  262 14484.1400 14137.2481  2.39%  95.3 1576s
 28994 18588 14402.5501   51   98 14484.1400 14137.5289  2.39%  95.5 1585s
 29191 18690 14399.9844   46  187 14484.1400 14137.7231  2.39%  95.6 1594s
 29346 18804 14339.0728   70  113 14484.1400 14137.9985  2.39%  95.8 1608s
 29567 18936 14449.9058   50  177 14484.1400 14138.5395  2.39%  95.9 1617s
 29825 19039     cutoff   65      14484.1400 14138.8256  2.38%  95.8 1625s
 29999 19150 14260.5765   50  126 14484.1400 14139.4584  2.38%  95.9 1634s
 30177 19263 14286.0864  104   73 14484.1400 14139.5980  2.38%  96.0 1647s
 30471 19340 14423.7978   60  179 14484.1400 14140.3636  2.37%  95.8 1656s
 30635 19411 14465.5283   38  208 14484.1400 14140.6267  2.37%  95.9 1664s
 30781 19561     cutoff   37      14484.1400 14141.2138  2.37%  96.1 1673s
 30965 19561 14409.0292   44  111 14484.1400 14141.4115  2.37%  96.1 1675s
 31011 19652 14300.8926   35  186 14484.1400 14141.5472  2.37%  96.0 1686s
 31172 19799 14287.1931   44  186 14484.1400 14142.3290  2.36%  96.2 1695s
 31402 20069 14393.9606   47   68 14484.1400 14142.6410  2.36%  96.2 1705s
 31765 20313 14362.1491   64   38 14484.1400 14142.8061  2.36%  95.7 1716s
 32099 20360 infeasible   85      14484.1400 14143.2865  2.35%  95.3 1726s
 32204 20496 14402.1813   45  206 14484.1400 14143.6347  2.35%  95.6 1735s
 32410 20728 14442.3200   66   28 14484.1400 14144.3770  2.35%  95.6 1749s
 32575 20728 14335.9680  120   28 14484.1400 14144.6100  2.34%  95.5 1750s
 32713 20811 14400.2956   46  185 14484.1400 14144.6362  2.34%  95.3 1758s
 32848 20936 14459.8141   52   93 14484.1400 14145.3108  2.34%  95.5 1766s
 33046 21069 14448.6338   50  166 14484.1400 14145.5174  2.34%  95.6 1775s
 33275 21272 14377.2675   47  102 14484.1400 14146.2932  2.33%  95.5 1787s
 33559 21391 14321.9856   51   83 14484.1400 14146.6877  2.33%  95.2 1797s
*33753 20564              88    14458.140000 14146.8233  2.15%  95.0 1799s
 33814 20613     cutoff   49      14458.1400 14146.8233  2.15%  95.0 1810s
 33880 20688     cutoff   49      14458.1400 14147.3719  2.15%  94.9 1819s
 34032 20759 14293.0653   43  124 14458.1400 14147.8790  2.15%  95.0 1827s
 34173 20827 14269.4207   46  209 14458.1400 14148.0659  2.14%  95.2 1844s
 34256 20827 14448.5899   52   64 14458.1400 14148.7456  2.14%  95.3 1845s
H34329 17889                    14426.140000 14148.7456  1.92%  95.4 1853s
 34511 17984     cutoff   59      14426.1400 14149.1427  1.92%  95.4 1863s
 34689 18064 14289.6776   49  136 14426.1400 14149.8391  1.92%  95.5 1872s
 34832 18178     cutoff   38      14426.1400 14150.2470  1.91%  95.5 1881s
 35047 18282 14191.6534   44  270 14426.1400 14150.5651  1.91%  95.5 1891s
 35214 18282 14401.6826   64   33 14426.1400 14150.9781  1.91%  95.6 1895s
 35232 18452 14284.0241   49  140 14426.1400 14150.9972  1.91%  95.6 1903s
 35466 18519 14319.1894   58  219 14426.1400 14151.4934  1.90%  95.5 1913s
 35602 18591 14343.9571   68   15 14426.1400 14152.1131  1.90%  95.7 1922s
 35758 18672 14422.4981   52  104 14426.1400 14152.5205  1.90%  95.8 1931s
 35941 18750 14344.8151   44  230 14426.1400 14152.9680  1.89%  95.9 1943s
 36122 18800     cutoff   63      14426.1400 14153.3484  1.89%  96.0 1953s
 36268 18849 14399.1853   42  195 14426.1400 14153.8729  1.89%  96.2 1962s
 36420 18922     cutoff   31      14426.1400 14154.4486  1.88%  96.3 1971s
 36616 18968 14257.1722   39  125 14426.1400 14154.7102  1.88%  96.4 1984s
 36675 18968     cutoff   50      14426.1400 14155.2342  1.88%  96.5 1985s
 36710 19062 14349.0775   44  119 14426.1400 14155.2830  1.88%  96.6 1993s
 36904 19143 14322.5472   50   56 14426.1400 14156.0797  1.87%  96.6 2002s
 37093 19197 14415.6704   45   84 14426.1400 14156.5263  1.87%  96.6 2012s
 37197 19308     cutoff   56      14426.1400 14156.9995  1.87%  96.8 2021s
 37405 19380 14351.6320   37  172 14426.1400 14158.0435  1.86%  96.8 2031s
 37570 19467     cutoff   66      14426.1400 14158.2599  1.86%  97.0 2041s
 37785 19532 infeasible   64      14426.1400 14158.6042  1.85%  97.0 2051s
 37936 19615 14162.8848   48  219 14426.1400 14158.7726  1.85%  97.2 2064s
 38107 19681 14360.4193   50  163 14426.1400 14159.0881  1.85%  97.3 2074s
 38267 19787 14315.8890   45  196 14426.1400 14159.2092  1.85%  97.5 2084s
 38338 19787 14405.8129   71   28 14426.1400 14159.2092  1.85%  97.4 2085s
 38462 19844     cutoff   51      14426.1400 14159.4495  1.85%  97.6 2094s
 38542 19844 14371.2458   38  244 14426.1400 14159.7225  1.85%  97.6 2097s
 38647 19989 14408.2497   53  201 14426.1400 14159.8442  1.85%  97.7 2107s
 38882 20100     cutoff   58      14426.1400 14160.4182  1.84%  97.6 2117s
 39072 20195 14325.6952   47  262 14426.1400 14160.6858  1.84%  97.7 2127s
 39266 20310 14393.0964   61  165 14426.1400 14161.0266  1.84%  97.7 2141s
 39475 20406 14363.8663   66   16 14426.1400 14161.2117  1.84%  97.7 2151s
 39672 20670 14263.0869   51  146 14426.1400 14162.2371  1.83%  97.7 2160s
 40033 20782     cutoff   86      14426.1400 14162.6661  1.83%  97.4 2170s
 40258 20907 14411.5478   74   33 14426.1400 14163.1349  1.82%  97.4 2185s
 40524 21002 14405.7092   56  151 14426.1400 14163.6073  1.82%  97.3 2196s
 40707 21023     cutoff   47      14426.1400 14164.0173  1.82%  97.4 2205s
 40862 21146     cutoff   51      14426.1400 14164.3355  1.81%  97.5 2215s
 41113 21242 14345.7178   49  103 14426.1400 14164.9087  1.81%  97.5 2230s
 41318 21347 14349.8655   42  207 14426.1400 14165.2447  1.81%  97.5 2240s
 41540 21478 14407.0333   49  149 14426.1400 14165.5241  1.81%  97.5 2252s
*41695 21227              66    14423.890000 14166.1217  1.79%  97.4 2253s
 41803 21312 14390.6636   47  153 14423.8900 14166.1763  1.79%  97.4 2262s
 41983 21380     cutoff   68      14423.8900 14166.3657  1.79%  97.5 2272s
 42144 21527     cutoff   43      14423.8900 14166.8160  1.78%  97.6 2282s
 42357 21577 14402.3061   51  170 14423.8900 14167.1032  1.78%  97.6 2294s
 42505 21577 14375.6717   46  299 14423.8900 14167.5017  1.78%  97.7 2295s
 42517 21749     cutoff   45      14423.8900 14167.5251  1.78%  97.7 2303s
 42822 21830 14386.8808   50  205 14423.8900 14167.9048  1.77%  97.5 2313s
 43013 21891 14248.7723   51  339 14423.8900 14168.6884  1.77%  97.5 2322s
 43165 21973     cutoff   62      14423.8900 14169.2550  1.77%  97.6 2339s
 43344 22167 14319.1138   36  163 14423.8900 14169.9444  1.76%  97.6 2350s
 43666 22245     cutoff   56      14423.8900 14170.6314  1.76%  97.4 2361s
 43835 22343 14230.3998   54  228 14423.8900 14170.8851  1.75%  97.5 2373s
 44033 22458     cutoff   68      14423.8900 14171.3366  1.75%  97.6 2384s
 44219 22458 14394.7332   71  132 14423.8900 14171.6016  1.75%  97.7 2385s
 44230 22529 14387.4819   42  226 14423.8900 14171.6433  1.75%  97.7 2393s
 44417 22613     cutoff   65      14423.8900 14171.9595  1.75%  97.7 2402s
 44616 22776 14415.3634   67   59 14423.8900 14172.7211  1.74%  97.7 2412s
 44886 22776 14357.9920   51  124 14423.8900 14172.9898  1.74%  97.6 2415s
 44889 22883 14378.0455   42  163 14423.8900 14173.1248  1.74%  97.6 2424s
 45109 22960 14308.7750   48  242 14423.8900 14173.6066  1.74%  97.6 2433s
 45300 23073 14420.8504   85    8 14423.8900 14173.8830  1.73%  97.6 2445s
*45302 23014              86    14423.390000 14173.8830  1.73%  97.6 2445s
 45554 23078 14244.2840   38  267 14423.3900 14174.1398  1.73%  97.6 2456s
 45703 23176     cutoff   58      14423.3900 14174.3490  1.73%  97.7 2465s
 45918 23233     cutoff   53      14423.3900 14174.5554  1.73%  97.8 2476s
 46052 23362 14365.5298   47   70 14423.3900 14174.9041  1.72%  97.9 2486s
 46299 23433 14259.7558   46   59 14423.3900 14175.3162  1.72%  97.8 2499s
H46372 20710                    14400.350000 14175.5695  1.56%  97.7 2499s
 46426 20834 14253.2626   45  130 14400.3500 14175.5882  1.56%  97.8 2509s
 46536 20834 14359.4948   61   59 14400.3500 14175.5882  1.56%  97.7 2510s
 46700 20935 14326.7296   42  130 14400.3500 14176.1736  1.56%  97.7 2519s
 46759 20935 14243.8915   58  189 14400.3500 14176.1736  1.56%  97.7 2520s
 46928 21002     cutoff   42      14400.3500 14176.5679  1.55%  97.7 2529s
 47007 21002 14392.6795   50  155 14400.3500 14176.5679  1.55%  97.7 2530s
 47091 21129 14371.2162   50  173 14400.3500 14176.9132  1.55%  97.8 2539s
 47131 21129 14295.7807   74   25 14400.3500 14176.9132  1.55%  97.8 2540s
 47334 21202     cutoff   40      14400.3500 14177.2466  1.55%  97.7 2550s
 47495 21285 14316.9973   40  218 14400.3500 14177.7041  1.55%  97.9 2559s
 47701 21351 14260.5519   41  226 14400.3500 14178.2660  1.54%  97.9 2569s
 47881 21443     cutoff   46      14400.3500 14178.5557  1.54%  98.0 2579s
 48055 21443 14332.5494   72   89 14400.3500 14179.0724  1.54%  98.0 2580s
 48082 21515 14321.0304   41  152 14400.3500 14179.1658  1.54%  98.0 2589s
 48286 21606     cutoff   55      14400.3500 14179.3413  1.53%  98.1 2599s
 48477 21664 14320.3387   38  146 14400.3500 14179.7258  1.53%  98.1 2609s
 48663 21728 14371.5373   50  188 14400.3500 14180.2299  1.53%  98.2 2618s
 48822 21817 14376.7444   66   28 14400.3500 14180.5306  1.53%  98.3 2628s
 49071 21912 14342.3674   51  133 14400.3500 14181.1277  1.52%  98.3 2638s
 49303 21995 14333.0566   44  184 14400.3500 14181.5249  1.52%  98.3 2647s
 49536 22107     cutoff   55      14400.3500 14181.8247  1.52%  98.2 2657s
 49743 22132 14359.9559   51  209 14400.3500 14182.1368  1.52%  98.3 2667s
 49898 22225 14249.2138   48   58 14400.3500 14182.6927  1.51%  98.4 2677s
 50100 22276 14283.5479   38  139 14400.3500 14182.9943  1.51%  98.5 2689s
 50263 22342     cutoff   51      14400.3500 14183.2994  1.51%  98.6 2698s
 50448 22446     cutoff   62      14400.3500 14183.6305  1.50%  98.7 2709s
 50607 22446 14369.8189   63   74 14400.3500 14183.8198  1.50%  98.7 2710s
 50668 22612 14333.9313   51  165 14400.3500 14183.8407  1.50%  98.6 2719s
 50748 22612 14307.6264  108   59 14400.3500 14183.8407  1.50%  98.6 2720s
 50930 22669     cutoff   58      14400.3500 14184.1918  1.50%  98.6 2730s
 51114 22715 14397.9719   68    4 14400.3500 14184.6253  1.50%  98.7 2744s
 51266 22807     cutoff   69      14400.3500 14184.8743  1.50%  98.9 2754s
 51365 22807 14331.6779   48   99 14400.3500 14184.8743  1.50%  98.9 2755s
 51493 22856     cutoff   50      14400.3500 14185.1908  1.49%  98.9 2765s
 51655 22979 14356.7310   42  153 14400.3500 14185.3963  1.49%  99.0 2774s
 51714 22979 14341.1258   56  111 14400.3500 14185.3963  1.49%  99.0 2775s
 51899 23056     cutoff   43      14400.3500 14185.6005  1.49%  99.0 2785s
 52113 23140 14298.1863   54  185 14400.3500 14186.0622  1.49%  99.0 2796s
 52315 23217 14326.7003   44  171 14400.3500 14186.7422  1.48%  99.0 2806s
 52484 23385 14280.4057   60  119 14400.3500 14187.0684  1.48%  99.1 2817s
 52793 23442 14278.6063   41   97 14400.3500 14187.4740  1.48%  99.0 2830s
 53004 23540 14281.1320   45  125 14400.3500 14187.8555  1.48%  99.0 2840s
 53211 23687     cutoff   60      14400.3500 14188.1214  1.47%  99.0 2851s
 53520 23777     cutoff   55      14400.3500 14188.5175  1.47%  98.9 2862s
 53733 23839 14331.1591   39  210 14400.3500 14189.0366  1.47%  99.0 2874s
 53808 23839 14352.3054   57   85 14400.3500 14189.0366  1.47%  99.0 2875s
 53893 23904 14266.3105   41  172 14400.3500 14189.2729  1.47%  99.0 2885s
 54120 23984 14265.4303   37  193 14400.3500 14189.5494  1.46%  99.0 2895s
 54322 24100 14367.3945   48  225 14400.3500 14189.8551  1.46%  99.1 2906s
 54595 24153 14321.1614   64   82 14400.3500 14190.2782  1.46%  99.0 2917s
 54757 24214     cutoff   47      14400.3500 14190.6692  1.46%  99.1 2927s
 54992 24293 14380.1212   47  323 14400.3500 14191.0724  1.45%  99.1 2937s
 55186 24402 14393.4804   56  154 14400.3500 14191.3030  1.45%  99.2 2952s
