




arguments: ./build/mirp_solver -f ./input/orig_exec_9.cfg
Current dir: /scratch/gui/bnc_mirp
File verbosity level: 9
date       time         ( uptime  ) [ thread name/id ]                   file:line     v| 
2021-01-08 22:34:34.559 (   0.153s) [main thread     ]             loguru.cpp:789   INFO| Logging to './output/vi_qua/OU/V2/Original/execution_08_01_2021_22_34_34.log', mode: 'a', verbosity: 9
--------------------------------------------------------------------------------
Parameters
                           instance_path           ./input/Instances/Original/1/
                            model_policy                                       1
                             nb_vehicles                                       2
                              output_dir         ./output/vi_qua/OU/V2/Original/
                            sec_strategy                                       1
                       solver_nb_threads                                       2
                         solver_show_log                                    true
                       solver_time_limit                                    3600
                              use_vi_cos                                   false
                              use_vi_cus                                   false
                         use_vi_hc1_full                                   false
                         use_vi_hc1_half                                   false
                      use_vi_hc1_quarter                                   false
                              use_vi_hc2                                   false
                              use_vi_hc3                                   false
                         use_vi_lex_full                                   false
                         use_vi_lex_half                                   false
                      use_vi_lex_quarter                                   false
                              use_vi_qua                                    true
                               use_vi_vc                                   false
                               use_vi_vr                                   false
--------------------------------------------------------------------------------
executing instance: ./input/Instances/Original/1/absH3high_1n5.dat
--------------------------------------------------------------------------------
Instance details
n	6
H	3
C	289
Li:
[0, 0, 0, 0, 0, 0, ]
Ui:
[0, 195, 105, 116, 72, 22, ]
Distance matrix:
|0	85	349	17	203	289	|
|85	0	265	102	214	226	|
|349	265	0	366	368	238	|
|17	102	366	0	207	302	|
|203	214	368	207	0	431	|
|289	226	238	302	431	0	|

--------------------------------------------------------------------------------
Building model...
	using lazy and cut (CVRPSEP package)
Solving IRP LP...
--------------------------------------------------------------------------------

Gurobi 9.1.0 (linux64) logging started Fri Jan  8 22:34:34 2021

Gurobi Optimizer version 9.1.0 build v9.1.0rc0 (linux64)
Thread count: 32 physical cores, 32 logical processors, using up to 2 threads
Optimize a model with 132 rows, 180 columns and 597 nonzeros
Model fingerprint: 0x3d70523d
Variable types: 54 continuous, 126 integer (36 binary)
Coefficient statistics:
  Matrix range     [1e+00, 2e+02]
  Objective range  [2e-01, 4e+02]
  Bounds range     [1e+00, 2e+02]
  RHS range        [1e+01, 5e+02]
Presolve removed 40 rows and 24 columns
Presolve time: 0.01s
Presolved: 92 rows, 156 columns, 474 nonzeros
Variable types: 32 continuous, 124 integer (94 binary)
Found heuristic solution: objective 3206.9700000
Found heuristic solution: objective 3124.0100000

Root relaxation: objective 1.636437e+03, 121 iterations, 0.00 seconds

    Nodes    |    Current Node    |     Objective Bounds      |     Work
 Expl Unexpl |  Obj  Depth IntInf | Incumbent    BestBd   Gap | It/Node Time

     0     0 1636.43659    0   17 3124.01000 1636.43659  47.6%     -    0s
     0     0 1762.23948    0   22 3124.01000 1762.23948  43.6%     -    0s
H    0     0                    3073.6100000 1762.23948  42.7%     -    0s
     0     0 2133.08669    0   30 3073.61000 2133.08669  30.6%     -    0s
     0     0 2141.74721    0   31 3073.61000 2141.74721  30.3%     -    0s
     0     0 2141.74721    0   31 3073.61000 2141.74721  30.3%     -    0s
     0     0 2173.13881    0   49 3073.61000 2173.13881  29.3%     -    0s
     0     0 2174.77588    0   50 3073.61000 2174.77588  29.2%     -    0s
     0     0 2174.77588    0   52 3073.61000 2174.77588  29.2%     -    0s
     0     0 2182.57861    0   36 3073.61000 2182.57861  29.0%     -    0s
H    0     0                    2912.7100000 2182.57861  25.1%     -    0s
     0     0 2182.78913    0   36 2912.71000 2182.78913  25.1%     -    0s
     0     0 2186.25985    0   33 2912.71000 2186.25985  24.9%     -    0s
     0     0 2186.25985    0   28 2912.71000 2186.25985  24.9%     -    0s
H    0     0                    2911.0300000 2186.25985  24.9%     -    0s
H    0     0                    2875.0300000 2186.25985  24.0%     -    0s
H    0     0                    2302.3500000 2214.52804  3.81%     -    0s
     0     0 2214.52804    0   18 2302.35000 2214.52804  3.81%     -    0s
H    0     0                    2266.6100000 2214.52804  2.30%     -    0s
     0     0 2214.52804    0   33 2266.61000 2214.52804  2.30%     -    0s
     0     0 2214.52804    0   34 2266.61000 2214.52804  2.30%     -    0s
     0     0 2214.52804    0   32 2266.61000 2214.52804  2.30%     -    0s
     0     0 2214.52804    0   35 2266.61000 2214.52804  2.30%     -    0s
     0     0 2214.52804    0   39 2266.61000 2214.52804  2.30%     -    0s
     0     0 2214.52804    0   38 2266.61000 2214.52804  2.30%     -    0s
     0     0 2214.52804    0   42 2266.61000 2214.52804  2.30%     -    0s
     0     0 2214.52804    0   27 2266.61000 2214.52804  2.30%     -    0s
     0     0 2214.52804    0   27 2266.61000 2214.52804  2.30%     -    0s
     0     0 2214.52804    0   27 2266.61000 2214.52804  2.30%     -    0s
     0     0 2214.52804    0   22 2266.61000 2214.52804  2.30%     -    0s
     0     0 2240.08256    0   11 2266.61000 2240.08256  1.17%     -    0s
     0     0 2240.08256    0   33 2266.61000 2240.08256  1.17%     -    0s
     0     0 2240.08256    0   18 2266.61000 2240.08256  1.17%     -    0s
     0     0 2240.08256    0   15 2266.61000 2240.08256  1.17%     -    0s
     0     0 2240.08256    0   25 2266.61000 2240.08256  1.17%     -    0s
     0     0 2240.08256    0   23 2266.61000 2240.08256  1.17%     -    0s
     0     0 2240.08256    0   25 2266.61000 2240.08256  1.17%     -    0s
     0     0 2240.08256    0   26 2266.61000 2240.08256  1.17%     -    0s
     0     0 2240.08256    0   39 2266.61000 2240.08256  1.17%     -    0s
     0     0 2240.08256    0   36 2266.61000 2240.08256  1.17%     -    0s
     0     0 2240.08256    0   24 2266.61000 2240.08256  1.17%     -    0s
     0     0 2240.08256    0   38 2266.61000 2240.08256  1.17%     -    0s
     0     0 2240.08256    0   38 2266.61000 2240.08256  1.17%     -    0s
     0     0 2240.08256    0   40 2266.61000 2240.08256  1.17%     -    0s
     0     0 2240.08256    0   38 2266.61000 2240.08256  1.17%     -    0s
     0     0 2240.08256    0   38 2266.61000 2240.08256  1.17%     -    0s
     0     0 2240.08256    0   28 2266.61000 2240.08256  1.17%     -    0s
     0     0 2240.08256    0   30 2266.61000 2240.08256  1.17%     -    0s
     0     0 2240.08256    0   30 2266.61000 2240.08256  1.17%     -    0s
     0     0 2248.17377    0   24 2266.61000 2248.17377  0.81%     -    0s
     0     0 2248.17377    0   24 2266.61000 2248.17377  0.81%     -    0s

Explored 1 nodes (1066 simplex iterations) in 0.23 seconds
Thread count was 2 (of 32 available processors)

Solution count 8: 2266.61 2302.35 2875.03 ... 3206.97

Optimal solution found (tolerance 1.00e-04)
Best objective 2.266610000000e+03, best bound 2.266610000000e+03, gap 0.0000%

User-callback calls 366, time in user-callback 0.01 sec
================================================================================
executing instance: ./input/Instances/Original/1/absH3high_1n45.dat
--------------------------------------------------------------------------------
Instance details
n	46
H	3
C	3462
Li:
[0, 0, 0, 0, 0, 0, 0, 0, 0, 0, 0, 0, 0, 0, 0, 0, 0, 0, 0, 0, 0, 0, 0, 0, 0, 0, 0, 0, 0, 0, 0, 0, 0, 0, 0, 0, 0, 0, 0, 0, 0, 0, 0, 0, 0, 0, ]
Ui:
[0, 273, 270, 36, 165, 192, 148, 45, 30, 75, 180, 198, 112, 117, 90, 64, 180, 22, 264, 174, 168, 270, 86, 66, 26, 66, 237, 156, 92, 108, 144, 72, 30, 45, 94, 54, 174, 96, 198, 136, 44, 180, 210, 249, 198, 48, ]
Distance matrix:
|0	281	201	160	249	201	93	431	236	139	252	136	116	166	390	110	349	374	303	180	327	464	236	70	44	461	346	439	363	254	312	426	305	206	71	137	169	200	247	260	20	219	256	253	460	278	|
|281	0	448	170	53	142	338	184	121	290	371	390	222	302	111	289	169	434	230	177	238	441	59	212	319	211	86	235	399	306	53	176	99	202	263	157	361	101	370	201	264	344	364	374	469	184	|
|201	448	0	285	430	325	114	556	361	171	191	64	228	174	546	294	453	306	364	289	388	435	393	254	157	585	491	536	318	254	490	554	436	407	266	292	108	388	186	337	207	181	205	190	408	364	|
|160	170	285	0	169	43	182	280	80	120	208	231	58	132	262	230	190	294	151	24	174	345	112	107	183	309	207	280	268	158	219	276	155	235	187	45	192	150	205	107	140	177	202	210	356	119	|
|249	53	430	169	0	152	317	238	145	282	377	369	212	299	157	242	215	452	261	183	273	474	76	181	290	264	140	287	421	320	63	229	145	148	221	142	352	53	374	226	234	346	370	378	498	215	|
|201	142	325	43	152	0	224	237	37	156	230	273	101	164	224	261	148	300	127	38	147	333	83	142	225	266	167	238	270	168	193	233	112	246	221	70	228	148	228	84	180	202	222	232	351	87	|
|93	338	114	182	317	224	0	460	262	92	180	52	124	112	440	199	364	307	292	191	317	415	284	140	57	490	387	452	304	208	377	457	336	297	163	181	84	274	175	256	95	152	188	180	402	280	|
|431	184	556	280	238	237	460	0	199	385	420	508	337	385	108	464	110	429	219	269	206	378	202	365	460	30	98	84	388	340	204	9	126	386	432	294	453	283	421	226	411	404	408	423	422	198	|
|236	121	361	80	145	37	262	199	0	191	255	310	138	197	191	290	114	312	118	72	133	330	69	175	262	229	132	204	279	186	174	195	75	258	251	102	262	153	254	81	216	230	246	257	353	72	|
|139	290	171	120	282	156	92	385	191	0	116	129	71	27	380	246	283	235	201	119	226	329	231	141	129	414	323	367	224	119	336	383	266	308	202	141	72	252	112	169	127	82	118	117	322	195	|
|252	371	191	208	377	230	180	420	255	116	0	187	178	90	443	361	311	127	204	195	224	246	313	257	232	446	382	380	129	81	423	421	320	422	318	242	100	355	5	195	241	34	15	2	225	224	|
|136	390	64	231	369	273	52	508	310	129	187	0	173	141	491	233	409	313	330	239	355	431	335	191	93	538	438	495	316	233	429	505	385	342	203	233	88	325	182	297	143	167	199	187	412	323	|
|116	222	228	58	212	101	124	337	138	71	178	173	0	91	319	206	244	284	187	69	212	357	165	85	130	367	265	333	264	151	267	333	213	244	161	70	140	181	175	145	97	145	177	180	359	165	|
|166	302	174	132	299	164	112	385	197	27	90	141	91	0	388	273	280	208	191	127	215	305	243	167	153	413	329	361	198	96	351	383	270	333	229	159	68	272	86	163	153	56	92	91	296	190	|
|390	111	546	262	157	224	440	108	191	380	443	491	319	388	0	399	164	480	264	261	261	456	156	320	426	125	62	186	442	369	107	99	125	300	374	260	452	210	443	252	372	420	433	446	494	227	|
|110	289	294	230	242	261	199	464	290	246	361	233	206	273	399	0	402	480	382	254	404	562	262	124	143	493	369	490	466	355	302	457	344	135	45	191	279	189	356	337	120	328	364	362	563	348	|
|349	169	453	190	215	148	364	110	114	283	311	409	244	280	164	402	0	324	110	174	101	292	151	289	372	135	109	90	284	230	212	111	70	354	364	216	348	245	312	118	329	295	298	313	330	90	|
|374	434	306	294	452	300	307	429	312	235	127	313	284	208	480	480	324	0	216	274	223	137	380	368	357	448	419	367	40	136	487	432	358	525	436	336	227	443	132	234	361	156	119	127	102	255	|
|303	230	364	151	261	127	292	219	118	201	204	330	187	191	264	382	110	216	0	128	25	213	185	258	314	243	203	176	178	123	282	221	144	372	338	193	256	270	206	45	283	193	191	206	239	46	|
|180	177	289	24	183	38	191	269	72	119	195	239	69	127	261	254	174	274	128	0	151	321	118	130	198	299	204	263	246	139	228	266	147	258	211	68	191	169	193	83	159	166	188	197	333	98	|
|327	238	388	174	273	147	317	206	133	226	224	355	212	215	261	404	101	223	25	151	0	203	198	281	339	228	202	156	184	143	288	209	146	390	362	215	280	286	226	68	308	215	210	226	235	61	|
|464	441	435	345	474	333	415	378	330	329	246	431	357	305	456	562	292	137	213	321	203	0	398	440	458	390	400	301	117	211	492	384	348	578	517	389	344	480	251	251	448	265	233	246	54	259	|
|236	59	393	112	76	83	284	202	69	231	313	335	165	243	156	262	151	380	185	118	198	398	0	167	270	231	110	233	347	250	110	195	85	203	230	103	303	95	311	150	217	284	305	315	422	139	|
|70	212	254	107	181	142	140	365	175	141	257	191	85	167	320	124	289	368	258	130	281	440	167	0	109	394	277	378	349	236	244	359	239	167	81	73	196	135	253	213	53	223	257	258	444	226	|
|44	319	157	183	290	225	57	460	262	129	232	93	130	153	426	143	372	357	314	198	339	458	270	109	0	490	379	462	351	247	353	456	334	250	110	168	140	243	226	274	56	201	238	232	449	294	|
|461	211	585	309	264	266	490	30	229	414	446	538	367	413	125	493	135	448	243	299	228	390	231	394	490	0	125	89	408	365	226	36	156	412	462	324	481	311	447	253	441	430	433	448	436	225	|
|346	86	491	207	140	167	387	98	132	323	382	438	265	329	62	369	109	419	203	204	202	400	110	277	379	125	0	155	381	307	113	90	63	288	339	211	394	186	382	190	327	359	371	384	436	165	|
|439	235	536	280	287	238	452	84	204	367	380	495	333	361	186	490	90	367	176	263	156	301	233	378	462	89	155	0	326	299	267	92	148	432	454	306	429	325	382	199	419	369	366	382	348	172	|
|363	399	318	268	421	270	304	388	279	224	129	316	264	198	442	466	284	40	178	246	184	117	347	349	351	408	381	326	0	113	452	391	321	502	422	311	229	415	134	199	348	152	118	130	98	219	|
|254	306	254	158	320	168	208	340	186	119	81	233	151	96	369	355	230	136	123	139	143	211	250	236	247	365	307	299	113	0	359	340	244	390	310	200	148	308	83	117	238	74	68	83	208	145	|
|312	53	490	219	63	193	377	204	174	336	423	429	267	351	107	302	212	487	282	228	288	492	110	244	353	226	113	267	452	359	0	195	145	194	283	199	407	115	421	254	296	394	415	425	521	237	|
|426	176	554	276	229	233	457	9	195	383	421	505	333	383	99	457	111	432	221	266	209	384	195	359	456	36	90	92	391	340	195	0	122	378	426	289	451	275	421	226	406	404	408	423	427	197	|
|305	99	436	155	145	112	336	126	75	266	320	385	213	270	125	344	70	358	144	147	146	348	85	239	334	156	63	148	321	244	145	122	0	286	310	168	336	177	320	128	285	298	309	322	381	103	|
|206	202	407	235	148	246	297	386	258	308	422	342	244	333	300	135	354	525	372	258	390	578	203	167	250	412	288	432	502	390	194	378	286	0	144	191	362	109	418	329	202	388	421	423	591	329	|
|71	263	266	187	221	221	163	432	251	202	318	203	161	229	374	45	364	436	338	211	362	517	230	81	110	462	339	454	422	310	283	426	310	144	0	150	239	168	313	294	77	285	321	319	518	306	|
|137	157	292	45	142	70	181	294	102	141	242	233	70	159	260	191	216	336	193	68	215	389	103	73	168	324	211	306	311	200	199	289	168	191	150	0	210	113	239	148	117	210	238	244	400	157	|
|169	361	108	192	352	228	84	453	262	72	100	88	140	68	452	279	348	227	256	191	280	344	303	196	140	481	394	429	229	148	407	451	336	362	239	210	0	318	95	231	164	79	111	100	325	258	|
|200	101	388	150	53	148	274	283	153	252	355	325	181	272	210	189	245	443	270	169	286	480	95	135	243	311	186	325	415	308	115	275	177	109	168	113	318	0	352	230	187	323	351	357	498	225	|
|247	370	186	205	374	228	175	421	254	112	5	182	175	86	443	356	312	132	206	193	226	251	311	253	226	447	382	382	134	83	421	421	320	418	313	239	95	352	0	196	237	30	19	6	230	224	|
|260	201	337	107	226	84	256	226	81	169	195	297	145	163	252	337	118	234	45	83	68	251	150	213	274	253	190	199	199	117	254	226	128	329	294	148	231	230	196	0	240	178	184	198	272	29	|
|20	264	207	140	234	180	95	411	216	127	241	143	97	153	372	120	329	361	283	159	308	448	217	53	56	441	327	419	348	238	296	406	285	202	77	117	164	187	237	240	0	208	245	242	446	257	|
|219	344	181	177	346	202	152	404	230	82	34	167	145	56	420	328	295	156	193	166	215	265	284	223	201	430	359	369	152	74	394	404	298	388	285	210	79	323	30	178	208	0	37	35	250	206	|
|256	364	205	202	370	222	188	408	246	118	15	199	177	92	433	364	298	119	191	188	210	233	305	257	238	433	371	366	118	68	415	408	309	421	321	238	111	351	19	184	245	37	0	17	214	212	|
|253	374	190	210	378	232	180	423	257	117	2	187	180	91	446	362	313	127	206	197	226	246	315	258	232	448	384	382	130	83	425	423	322	423	319	244	100	357	6	198	242	35	17	0	225	226	|
|460	469	408	356	498	351	402	422	353	322	225	412	359	296	494	563	330	102	239	333	235	54	422	444	449	436	436	348	98	208	521	427	381	591	518	400	325	498	230	272	446	250	214	225	0	285	|
|278	184	364	119	215	87	280	198	72	195	224	323	165	190	227	348	90	255	46	98	61	259	139	226	294	225	165	172	219	145	237	197	103	329	306	157	258	225	224	29	257	206	212	226	285	0	|

--------------------------------------------------------------------------------
Building model...
	using lazy and cut (CVRPSEP package)
Solving IRP LP...
--------------------------------------------------------------------------------

Gurobi 9.1.0 (linux64) logging started Fri Jan  8 22:34:35 2021

Gurobi Optimizer version 9.1.0 build v9.1.0rc0 (linux64)
Thread count: 32 physical cores, 32 logical processors, using up to 2 threads
Optimize a model with 1012 rows, 6940 columns and 15997 nonzeros
Model fingerprint: 0x6ea55c9e
Variable types: 454 continuous, 6486 integer (276 binary)
Coefficient statistics:
  Matrix range     [1e+00, 2e+03]
  Objective range  [1e-01, 6e+02]
  Bounds range     [1e+00, 3e+02]
  RHS range        [1e+01, 6e+03]
Presolve removed 239 rows and 128 columns
Presolve time: 0.06s
Presolved: 773 rows, 6812 columns, 15081 nonzeros
Variable types: 326 continuous, 6486 integer (6216 binary)

Root relaxation: objective 1.302212e+04, 739 iterations, 0.01 seconds

    Nodes    |    Current Node    |     Objective Bounds      |     Work
 Expl Unexpl |  Obj  Depth IntInf | Incumbent    BestBd   Gap | It/Node Time

     0     0 13022.1222    0  114          - 13022.1222      -     -    0s
     0     0 13403.7974    0  138          - 13403.7974      -     -    0s
     0     0 13403.7974    0  138          - 13403.7974      -     -    0s
     0     0 13920.4063    0  209          - 13920.4063      -     -    0s
     0     0 13952.3823    0  216          - 13952.3823      -     -    0s
     0     0 13992.8212    0  225          - 13992.8212      -     -    0s
     0     0 13997.0330    0  240          - 13997.0330      -     -    0s
     0     0 14002.0784    0  220          - 14002.0784      -     -    0s
     0     0 14002.1882    0  230          - 14002.1882      -     -    0s
     0     0 14080.3666    0  232          - 14080.3666      -     -    0s
     0     0 14094.7135    0  218          - 14094.7135      -     -    0s
     0     0 14099.6903    0  200          - 14099.6903      -     -    0s
     0     0 14186.0185    0  237          - 14186.0185      -     -    0s
     0     0 14196.3753    0  259          - 14196.3753      -     -    0s
     0     0 14196.9334    0  253          - 14196.9334      -     -    0s
     0     0 14244.4435    0  226          - 14244.4435      -     -    1s
     0     0 14252.3025    0  230          - 14252.3025      -     -    1s
     0     0 14254.1808    0  285          - 14254.1808      -     -    1s
     0     0 14255.5129    0  277          - 14255.5129      -     -    1s
     0     0 14281.0957    0  216          - 14281.0957      -     -    1s
     0     0 14288.9584    0  206          - 14288.9584      -     -    1s
     0     0 14292.3416    0  258          - 14292.3416      -     -    1s
     0     0 14293.3363    0  232          - 14293.3363      -     -    1s
     0     0 14305.9252    0  231          - 14305.9252      -     -    1s
     0     0 14308.8896    0  267          - 14308.8896      -     -    1s
     0     0 14309.9085    0  240          - 14309.9085      -     -    1s
     0     0 14322.9761    0  255          - 14322.9761      -     -    1s
     0     0 14322.9761    0  245          - 14322.9761      -     -    1s
     0     2 14329.6802    0  243          - 14329.6802      -     -    2s
    78    82 14483.9141   24  198          - 14367.7197      -   168    5s
   449   457 15179.4475   77  125          - 14367.7197      -  66.8   10s
*  518   480             211    17389.540000 14367.7197  17.4%  59.7   10s
*  530   480             212    17385.540000 14367.7197  17.4%  58.4   10s
   587   541 15755.0704  120   73 17385.5400 14367.7197  17.4%  62.0   15s
H  735   646                    17384.780000 14367.7197  17.4%  55.3   18s
   737   647 15757.6418  110  227 17384.7800 14367.7197  17.4%  55.2   20s
   755   659 16063.2637  151  370 17384.7800 14400.0100  17.2%  53.9   25s
H  764   631                    17355.780000 14402.5070  17.0%  53.2   28s
   770   635 15870.2648  133  405 17355.7800 14403.4988  17.0%  52.8   30s
   779   644 14500.9649   18  243 17355.7800 14425.7206  16.9%  67.9   35s
   826   678 14905.4684   32  155 17355.7800 14443.1916  16.8%  78.7   40s
   901   725 15229.9415   58  136 17355.7800 14443.1916  16.8%  88.0   49s
   903   734 15248.1971   58  148 17355.7800 14443.1916  16.8%  88.4   50s
  1006   795 15970.3800   98   57 17355.7800 14443.1916  16.8%  91.1   55s
  1170   938 16578.1700  169    6 17355.7800 14443.1916  16.8%  86.2   60s
* 1187   900             178    16505.020000 14443.1916  12.5%  85.3   60s
  1286   903 15427.1625   84   51 16505.0200 14443.3643  12.5%  89.1   65s
  1377   967 14986.2432   48  125 16505.0200 14443.3643  12.5%  93.9   70s
  1471  1055 14981.5881   71   73 16505.0200 14443.3643  12.5%  95.2   75s
  1678  1144 15039.1386   88  123 16505.0200 14443.3643  12.5%  88.8   80s
  1785  1189 15319.8993  115   55 16505.0200 14443.3643  12.5%  89.2   85s
  1877  1251 15210.8189  154   59 16505.0200 14443.3643  12.5%  90.6   90s
  1958  1302 15478.0514  186  115 16505.0200 14443.3643  12.5%  92.4   96s
  2036  1346 15571.3583  219   92 16505.0200 14443.3643  12.5%  93.1  100s
  2127  1445 15617.0659  254   92 16505.0200 14443.3643  12.5%  93.4  105s
  2302  1483 14624.7990   21  319 16505.0200 14444.1407  12.5%  92.2  111s
  2370  1571 14735.0611   37  244 16505.0200 14444.1407  12.5%  93.7  116s
  2507  1670 14873.5319   58   51 16505.0200 14444.1407  12.5%  92.6  121s
  2641  1787 15037.0705   78   61 16505.0200 14444.1407  12.5%  92.7  127s
  2721  1943 15257.1286   87   23 16505.0200 14444.1407  12.5%  91.1  131s
  2879  2036 15476.0125  119   27 16505.0200 14444.1407  12.5%  88.0  135s
  2993  2209 15630.2962  154   93 16505.0200 14444.1407  12.5%  86.8  140s
  3285  2455 14613.5100   28  309 16505.0200 14465.5269  12.4%  82.9  149s
  3296  2455 14954.1947   47   58 16505.0200 14465.5269  12.4%  83.4  150s
  3562  2605 15312.5598   65   84 16505.0200 14483.5398  12.2%  79.2  157s
  3667  2682 14549.5496   20  273 16505.0200 14483.9993  12.2%  78.6  161s
  3745  2755 15391.8773   77   38 16505.0200 14484.2915  12.2%  78.8  165s
  3843  2865 15049.1050   75  221 16505.0200 14484.2915  12.2%  78.8  170s
  3956  2902 14770.7400   36  271 16505.0200 14484.2915  12.2%  77.6  178s
  3993  2998 15136.7914   63  186 16505.0200 14484.2915  12.2%  78.6  183s
  4089  3153 15890.5457  142   38 16505.0200 14484.2915  12.2%  78.6  188s
  4244  3245 16423.2604  268   30 16505.0200 14490.5780  12.2%  77.0  193s
  4350  3306 14782.7350   28  284 16505.0200 14490.5780  12.2%  77.2  198s
  4441  3308 15257.7250   47   67 16505.0200 14490.5780  12.2%  77.3  208s
  4445  3407 15346.4599   48  122 16505.0200 14499.0402  12.2%  77.5  212s
  4555  3476     cutoff  132      16505.0200 14500.9649  12.1%  77.6  217s
  4627  3617 15331.5455   65   82 16505.0200 14500.9649  12.1%  78.5  222s
  4777  3762 14651.3837   23  222 16505.0200 14500.9649  12.1%  77.7  228s
  4920  3762 16407.1442  196   64 16505.0200 14500.9649  12.1%  77.1  230s
  4941  3891 14840.6976   45  138 16505.0200 14500.9649  12.1%  77.3  235s
  5070  4247 15135.7761   87   60 16505.0200 14500.9649  12.1%  77.8  243s
  5389  4247 15575.0497  249   73 16505.0200 14500.9649  12.1%  75.5  246s
  5426  4470 15517.6176  159   21 16505.0200 14500.9649  12.1%  75.0  252s
  5716  4632 infeasible  261      16505.0200 14512.2023  12.1%  73.1  265s
  5929  4735 14972.6452   63   34 16505.0200 14512.7205  12.1%  72.7  273s
  6065  4818 16452.7308  129   26 16505.0200 14513.1010  12.1%  73.1  279s
  6166  5050 infeasible  136      16505.0200 14513.3945  12.1%  74.0  286s
  6413  5210 15156.9567   40   44 16505.0200 14514.6869  12.1%  73.2  295s
  6595  5340 15811.9675   68   53 16505.0200 14518.1153  12.0%  73.2  302s
  6734  5458 15312.6240   76   13 16505.0200 14518.1449  12.0%  73.7  309s
  6814  5460 14664.2023   32  362 16505.0200 14518.1449  12.0%  73.3  310s
  6865  5529 16458.8392  145    8 16505.0200 14518.3271  12.0%  74.2  317s
* 6866  5472             146    16459.070000 14518.3271  11.8%  74.2  317s
  6956  5544 14872.7223   41  320 16459.0700 14519.8099  11.8%  74.4  323s
  7028  5747 15534.4499   89   41 16459.0700 14519.9762  11.8%  75.4  329s
  7128  5749 16283.7327  181   57 16459.0700 14519.9762  11.8%  74.8  330s
  7270  5860 14760.3892   28  256 16459.0700 14520.4642  11.8%  74.5  336s
  7390  5979 15120.9300   86    - 16459.0700 14521.0474  11.8%  75.3  343s
  7435  5983 15198.7797   61  107 16459.0700 14521.0474  11.8%  75.6  346s
  7512  6286 15603.7667   95   89 16459.0700 14523.3116  11.8%  76.0  354s
  7536  6286 15708.1426  119   52 16459.0700 14523.3116  11.8%  75.8  355s
  7840  6438 15892.5348  124   21 16459.0700 14526.7346  11.7%  74.8  365s
  8051  6584     cutoff  182      16459.0700 14529.6405  11.7%  73.7  373s
  8152  6591 15768.7500  112   17 16459.0700 14529.6405  11.7%  73.6  375s
  8225  6712 16431.8000  153   10 16459.0700 14534.4032  11.7%  73.9  381s
  8348  6850 15259.0630   49  219 16459.0700 14537.1309  11.7%  74.5  388s
  8516  6904 14642.3786   25  388 16459.0700 14537.5056  11.7%  74.8  395s
  8570  7137 14858.5980   34  261 16459.0700 14537.5056  11.7%  76.1  403s
  8803  7277 15058.0546   48  167 16459.0700 14537.5056  11.7%  75.9  413s
  8976  7630 15251.5244   78  132 16459.0700 14537.5056  11.7%  75.8  423s
  9120  7630 15456.1878  182   19 16459.0700 14537.5056  11.7%  75.3  425s
  9341  7833 15688.6492  210   34 16459.0700 14540.8394  11.7%  74.5  433s
  9535  7834 16120.3729  147   26 16459.0700 14540.9134  11.7%  74.3  435s
  9573  8066 infeasible  249      16459.0700 14540.9185  11.7%  74.3  443s
  9824  8140 14645.7500   21  292 16459.0700 14540.9185  11.7%  73.9  452s
  9917  8267 15004.6727   38  217 16459.0700 14542.3509  11.6%  73.9  460s
 10064  8425     cutoff  119      16459.0700 14543.8289  11.6%  74.3  469s
 10235  8475 16245.4700  117    - 16459.0700 14546.6085  11.6%  74.6  476s
 10290  8717 14812.5158   43  213 16459.0700 14548.6621  11.6%  75.7  484s
 10338  8717 14979.8184   80   31 16459.0700 14548.6621  11.6%  75.9  485s
 10533  8968 16042.2544  130   16 16459.0700 14549.8628  11.6%  75.5  495s
 10848  9078     cutoff  233      16459.0700 14552.9898  11.6%  74.6  505s
 10995  9220     cutoff  114      16459.0700 14553.3502  11.6%  74.8  513s
 11134  9459 15550.7035   73   34 16459.0700 14553.7662  11.6%  75.1  522s
 11464  9716 16258.1200  113    6 16459.0700 14556.2255  11.6%  73.9  533s
 11744  9784 16346.4207  114   52 16459.0700 14559.0114  11.5%  73.3  544s
 11820  9785 15066.9131   38  144 16459.0700 14559.2447  11.5%  73.8  545s
 11822  9959 15115.4183   31  202 16459.0700 14559.2447  11.5%  73.8  553s
 12008  9959 infeasible   89      16459.0700 14559.2447  11.5%  73.7  555s
 12010 10086 15762.7122   58   23 16459.0700 14560.7053  11.5%  73.7  562s
 12164 10257 16403.2710   82   40 16459.0700 14560.8745  11.5%  73.7  571s
 12376 10346 15896.3691   89   61 16459.0700 14562.3954  11.5%  73.6  581s
 12513 10401 infeasible  124      16459.0700 14563.5280  11.5%  73.8  589s
 12540 10401 infeasible  109      16459.0700 14563.8097  11.5%  74.1  590s
 12569 10552 15098.6312   48  236 16459.0700 14565.3949  11.5%  74.4  597s
 12751 10611 14676.3074   31  277 16459.0700 14566.1448  11.5%  74.4  637s
 12810 10766 15281.0496   69  108 16459.0700 14567.1847  11.5%  74.9  646s
 12993 10957 14900.4438   42   81 16459.0700 14568.0050  11.5%  75.0  655s
 13213 11226     cutoff  101      16459.0700 14568.0700  11.5%  75.0  666s
 13519 11362 15040.4777   52  214 16459.0700 14569.9417  11.5%  74.1  676s
 13682 11467 14775.5744   24  337 16459.0700 14570.6831  11.5%  74.3  685s
 13789 11747 15276.2591   59  128 16459.0700 14571.6165  11.5%  74.7  695s
 14097 11871 14880.9162   20  283 16459.0700 14571.9886  11.5%  73.9  706s
 14253 11956 15716.7605   50  141 16459.0700 14573.7099  11.5%  74.0  714s
 14344 12065 15336.0309   39  176 16459.0700 14574.0254  11.5%  74.5  721s
 14465 12333 14964.1155   34  195 16459.0700 14574.4099  11.5%  74.9  730s
 14759 12664 16387.5687  161   18 16459.0700 14574.9218  11.4%  74.4  742s
 15084 12671 15825.5772  270   30 16459.0700 14575.5507  11.4%  73.5  745s
 15154 12875 infeasible  171      16459.0700 14576.9848  11.4%  73.3  753s
 15356 12876 15854.4709  195   27 16459.0700 14580.0621  11.4%  73.0  755s
 15405 13049 15350.0808   66   48 16459.0700 14580.2675  11.4%  72.8  762s
 15616 13115     cutoff  191      16459.0700 14581.1040  11.4%  72.6  770s
 15683 13240 15132.1889   37  249 16459.0700 14581.3393  11.4%  73.1  779s
 15711 13240 15679.2340   65  100 16459.0700 14581.3393  11.4%  73.2  780s
 15840 13424 16253.1224   93   21 16459.0700 14583.4953  11.4%  73.2  788s
 15962 13434 14927.4912   37  169 16459.0700 14584.2845  11.4%  73.2  790s
 16069 13499 16291.0750   99   19 16459.0700 14584.7121  11.4%  73.0  798s
 16155 13700 15123.4358   46  232 16459.0700 14585.0923  11.4%  73.4  807s
 16406 13821 16317.5839  118   13 16459.0700 14586.3142  11.4%  73.1  822s
 16547 13891 14921.7881   43  249 16459.0700 14586.3826  11.4%  73.4  832s
 16670 14200 15228.4889   48   43 16459.0700 14586.3826  11.4%  73.5  843s
 16914 14219 15410.7157   57   82 16459.0700 14586.3826  11.4%  73.1  845s
 17012 14334 15456.7600   72    - 16459.0700 14587.1140  11.4%  72.9  853s
 17148 14350 16300.9400   95   14 16459.0700 14587.1140  11.4%  72.6  855s
*17168 14306             119    16439.800000 14587.4363  11.3%  72.6  855s
 17193 14415     cutoff  224      16439.8000 14589.8151  11.3%  72.8  864s
*17285 14064             118    16368.800000 14589.8724  10.9%  72.8  865s
 17306 14124 15585.8280  116   14 16368.8000 14590.1605  10.9%  73.0  873s
 17393 14218 16054.8329  122    6 16368.8000 14590.1936  10.9%  73.1  881s
 17505 14261 14935.3526   36  169 16368.8000 14590.8085  10.9%  73.3  888s
 17545 14380 15162.5725   45  116 16368.8000 14590.8085  10.9%  73.8  900s
 17664 14630 15368.8504  100   14 16368.8000 14591.1204  10.9%  74.1  911s
 18013 14702     cutoff  201      16368.8000 14592.0165  10.9%  73.4  921s
 18069 14844 15395.3429   53  155 16368.8000 14592.4100  10.9%  73.8  930s
 18244 15021 14829.2953   27  185 16368.8000 14593.1468  10.8%  73.8  939s
 18273 15021 15613.6638   56   86 16368.8000 14593.1468  10.8%  73.9  940s
 18459 15061 14748.7914   32  326 16368.8000 14593.1468  10.8%  73.7  952s
 18499 15159 15248.4407   62  165 16368.8000 14593.9722  10.8%  74.1  960s
 18609 15323 14753.4661   32  100 16368.8000 14594.0055  10.8%  74.4  974s
 18707 15333 15264.0361   72   41 16368.8000 14594.0055  10.8%  74.2  975s
 18858 15492 16107.9100  113    - 16368.8000 14594.3914  10.8%  74.1  986s
 19020 15594 16143.7900  113   12 16368.8000 14594.9352  10.8%  74.2  995s
 19129 15683 16367.2200  127    - 16368.8000 14595.3133  10.8%  74.5 1003s
 19249 15789     cutoff  127      16368.8000 14596.1283  10.8%  74.6 1012s
 19368 15898 16089.0300   96    - 16368.8000 14596.7221  10.8%  74.7 1022s
 19527 15970     cutoff  101      16368.8000 14597.3202  10.8%  74.8 1031s
*19533 15324             102    16269.990000 14597.3202  10.3%  74.7 1031s
 19626 15366     cutoff  100      16269.9900 14598.1015  10.3%  75.0 1039s
H19646 15112                    16238.950000 14598.4567  10.1%  75.2 1040s
 19675 15255 15017.6431   46  197 16238.9500 14599.6928  10.1%  75.4 1048s
 19852 15406     cutoff  119      16238.9500 14599.9571  10.1%  75.4 1058s
 20019 15570 15195.4997   67   71 16238.9500 14600.2620  10.1%  75.3 1068s
 20207 15664 14876.9131   32  144 16238.9500 14602.1415  10.1%  75.2 1078s
 20300 15789 15270.0783   65  135 16238.9500 14605.2171  10.1%  75.5 1088s
 20463 15947 16198.3200  111    - 16238.9500 14605.6850  10.1%  75.5 1100s
 20666 16023     cutoff  111      16238.9500 14606.8694  10.1%  75.4 1118s
 20722 16177 15128.9308   48  275 16238.9500 14606.8694  10.1%  75.8 1127s
 20885 16230 infeasible  129      16238.9500 14607.3592  10.0%  75.7 1135s
 20952 16442 15256.4503   59   97 16238.9500 14607.5184  10.0%  76.0 1145s
 21194 16512     cutoff  181      16238.9500 14608.5463  10.0%  75.7 1155s
 21268 16640 15752.2816   86   12 16238.9500 14608.6412  10.0%  75.9 1164s
 21438 16717 14716.3360   32  308 16238.9500 14609.5470  10.0%  75.9 1173s
 21523 16814 14832.3502   39  217 16238.9500 14609.5470  10.0%  76.1 1181s
 21638 17020 14978.0273   60  114 16238.9500 14609.5470  10.0%  76.3 1190s
 21868 17102 15939.8416  191   36 16238.9500 14610.0527  10.0%  76.0 1199s
 21934 17102 15085.1947   50  141 16238.9500 14611.3306  10.0%  76.0 1200s
 22012 17187 14935.5008   32  153 16238.9500 14611.3306  10.0%  76.0 1211s
 22099 17274 15643.5779   58   32 16238.9500 14612.1570  10.0%  76.2 1221s
 22206 17381     cutoff   82      16238.9500 14612.6790  10.0%  76.3 1230s
 22313 17552 15306.9336   86   20 16238.9500 14613.2280  10.0%  76.5 1241s
 22503 17643 infeasible  131      16238.9500 14613.7516  10.0%  76.3 1250s
 22613 17741 15275.6093   68  130 16238.9500 14614.3553  10.0%  76.4 1259s
 22665 17741 16079.2148  120   11 16238.9500 14614.3553  10.0%  76.4 1260s
 22742 17791 infeasible  148      16238.9500 14615.0656  10.0%  76.5 1270s
 22809 17931 15177.2453   43  193 16238.9500 14616.0747  10.0%  76.8 1284s
 22858 17931 15469.3073   92   89 16238.9500 14616.0747  10.0%  76.8 1285s
 22967 18108 14756.7210   22  278 16238.9500 14616.1376  10.0%  76.8 1294s
 23019 18108 15896.8300   74   28 16238.9500 14616.1376  10.0%  76.9 1295s
 23177 18267     cutoff  115      16238.9500 14616.1775  10.0%  76.6 1306s
 23355 18320 15211.7369   44  285 16238.9500 14616.1823  10.0%  76.6 1318s
 23408 18466 15722.6726   73  170 16238.9500 14616.3015  10.0%  76.9 1327s
 23596 18510 14765.4699   30  363 16238.9500 14616.6633  10.0%  76.8 1342s
 23631 18553 14858.2093   37  335 16238.9500 14616.6633  10.0%  77.1 1351s
 23674 18685 15027.7021   46  219 16238.9500 14616.6633  10.0%  77.4 1360s
 23821 18947 15254.8244  100   29 16238.9500 14616.7404  10.0%  77.5 1371s
 24132 18963 15906.0044  128   10 16238.9500 14616.8156  10.0%  77.0 1375s
 24151 19116     cutoff  233      16238.9500 14617.7399  10.0%  77.0 1384s
 24208 19117 15488.6581   74   20 16238.9500 14617.7399  10.0%  77.0 1385s
*24295 18834             137    16206.290000 14617.8142  9.80%  76.7 1385s
*24297 18615             136    16179.290000 14617.8142  9.65%  76.7 1385s
 24332 18666     cutoff  154      16179.2900 14618.1826  9.65%  76.8 1395s
 24409 18859 15238.4120   53  189 16179.2900 14618.7357  9.65%  77.1 1408s
 24618 18884 15780.7530  104    8 16179.2900 14619.2956  9.64%  76.8 1410s
 24666 18960 infeasible  162      16179.2900 14619.4641  9.64%  76.8 1421s
 24766 19059 14854.5484   36  364 16179.2900 14619.4870  9.64%  77.0 1432s
*24785  3960              70    14995.240000 14619.4870  2.51%  77.2 1432s
 24881  3899     cutoff   44      14995.2400 14619.9438  2.50%  77.2 1442s
 24933  3921 14784.1522   41  230 14995.2400 14621.4982  2.49%  77.5 1451s
 24986  3938 14964.4323   38  217 14995.2400 14621.5922  2.49%  77.8 1460s
 25029  3981 14723.1849   24  271 14995.2400 14622.3181  2.49%  78.2 1471s
 25090  4006 14741.7941   29  331 14995.2400 14623.1504  2.48%  78.5 1481s
 25147  4058     cutoff   28      14995.2400 14623.8835  2.48%  78.8 1491s
*25230  4034              42    14993.380000 14624.1102  2.46%  79.0 1493s
 25242  4056     cutoff   51      14993.3800 14624.5955  2.46%  79.0 1500s
 25315  4070 14760.0655   23  362 14993.3800 14625.1918  2.46%  79.3 1511s
 25359  4095 14808.9646   31  272 14993.3800 14625.6777  2.45%  79.6 1521s
 25422  4106 14782.2292   27  390 14993.3800 14626.1884  2.45%  80.0 1530s
 25469  4129 14761.0583   25  221 14993.3800 14626.7807  2.45%  80.3 1539s
 25508  4143 14987.6371   42  131 14993.3800 14627.3790  2.44%  80.5 1548s
 25564  4201 14795.2373   28  206 14993.3800 14628.1020  2.44%  80.9 1557s
 25657  4270     cutoff   43      14993.3800 14628.6839  2.43%  81.1 1568s
 25775  4316 14755.6576   26   91 14993.3800 14631.2448  2.42%  81.1 1577s
 25897  4388 14838.7903   28  244 14993.3800 14631.8488  2.41%  81.2 1588s
 25999  4426     cutoff   44      14993.3800 14633.1554  2.40%  81.4 1597s
 26077  4451     cutoff   68      14993.3800 14633.4216  2.40%  81.6 1607s
 26132  4477 14979.1004   31  216 14993.3800 14633.6473  2.40%  81.9 1617s
 26170  4500 14936.7400   42  333 14993.3800 14634.1018  2.40%  82.2 1626s
 26219  4544 14904.9124   38  265 14993.3800 14634.3541  2.39%  82.5 1635s
 26306  4619     cutoff   57      14993.3800 14635.6344  2.39%  82.7 1645s
 26413  4651 14991.0210   32  213 14993.3800 14636.3406  2.38%  82.9 1655s
 26491  4668 14946.5261   40  219 14993.3800 14638.3935  2.37%  83.1 1665s
 26555  4696 14936.0948   38  204 14993.3800 14638.4823  2.37%  83.3 1675s
 26617  4747 14845.0871   28  222 14993.3800 14638.7290  2.37%  83.6 1687s
 26701  4815     cutoff   44      14993.3800 14639.1002  2.36%  83.9 1697s
 26795  4865 14941.4242   42   80 14993.3800 14639.8145  2.36%  84.2 1708s
 26869  4891     cutoff   36      14993.3800 14639.8653  2.36%  84.5 1717s
 26937  4930 14790.3202   32  232 14993.3800 14640.8253  2.35%  84.8 1727s
 27010  4986 14787.6936   26  154 14993.3800 14641.1551  2.35%  85.1 1736s
 27094  5017     cutoff   52      14993.3800 14641.2284  2.35%  85.3 1746s
 27169  5045 14927.6105   36  293 14993.3800 14641.7958  2.34%  85.7 1756s
 27279  5086 14709.7537   24  245 14993.3800 14642.2531  2.34%  85.9 1766s
 27351  5107 14749.3003   29  342 14993.3800 14642.3902  2.34%  86.2 1776s
 27397  5135 14836.1792   33  214 14993.3800 14642.5344  2.34%  86.4 1786s
 27453  5169 14980.7216   44  253 14993.3800 14643.3990  2.33%  86.7 1796s
 27521  5193 14816.4622   29  234 14993.3800 14643.7438  2.33%  87.0 1913s
H27533  2518                    14844.380000 14643.7438  1.35%  87.1 1915s
 27547  2523     cutoff   35      14844.3800 14643.9997  1.35%  87.2 1925s
 27624  2530 14744.2825   26  365 14844.3800 14644.6411  1.35%  87.5 1937s
 27679  2551 14808.7514   28  239 14844.3800 14645.4441  1.34%  87.7 1950s
 27742  2571 14828.4556   39  258 14844.3800 14645.7928  1.34%  88.1 1961s
 27828  2610 14674.8364   26  139 14844.3800 14646.1424  1.34%  88.4 1972s
 27903  2614 14727.9489   36  161 14844.3800 14646.8012  1.33%  88.7 1982s
 27983  2629 14700.3118   26  447 14844.3800 14647.0354  1.33%  89.0 1993s
 28032  2648 14794.0493   28  316 14844.3800 14648.1645  1.32%  89.4 2004s
 28103  2663 14764.5550   27  207 14844.3800 14648.9481  1.32%  89.6 2015s
 28180  2668 14821.5028   33  391 14844.3800 14649.6678  1.31%  90.0 2027s
 28255  2668 14812.9857   32  129 14844.3800 14650.1215  1.31%  90.3 2038s
 28303  2688 14743.1957   26  196 14844.3800 14650.5383  1.31%  90.6 2050s
 28395  2725 14789.6876   33  354 14844.3800 14651.4404  1.30%  91.0 2062s
 28510  2738 14758.4090   28  237 14844.3800 14652.0854  1.30%  91.2 2074s
 28595  2768 14727.2831   25  433 14844.3800 14652.4314  1.29%  91.6 2085s
