




arguments: ./build/mirp_solver -f ./input/orig_exec_76.cfg
Current dir: /scratch/gui/bnc_mirp
File verbosity level: 9
date       time         ( uptime  ) [ thread name/id ]                   file:line     v| 
2021-01-09 16:01:50.259 (   0.079s) [main thread     ]             loguru.cpp:789   INFO| Logging to './output/vi_lex_full/OU/V5/Original/execution_09_01_2021_16_01_50.log', mode: 'a', verbosity: 9
--------------------------------------------------------------------------------
Parameters
                           instance_path           ./input/Instances/Original/2/
                            model_policy                                       1
                             nb_vehicles                                       5
                              output_dir    ./output/vi_lex_full/OU/V5/Original/
                            sec_strategy                                       1
                       solver_nb_threads                                       2
                         solver_show_log                                    true
                       solver_time_limit                                    3600
                              use_vi_cos                                   false
                              use_vi_cus                                   false
                         use_vi_hc1_full                                   false
                         use_vi_hc1_half                                   false
                      use_vi_hc1_quarter                                   false
                              use_vi_hc2                                   false
                              use_vi_hc3                                   false
                         use_vi_lex_full                                    true
                         use_vi_lex_half                                   false
                      use_vi_lex_quarter                                   false
                              use_vi_qua                                   false
                               use_vi_vc                                   false
                               use_vi_vr                                   false
--------------------------------------------------------------------------------
executing instance: ./input/Instances/Original/2/absH3high_3n40.dat
--------------------------------------------------------------------------------
Instance details
n	41
H	3
C	3283
Li:
[0, 0, 0, 0, 0, 0, 0, 0, 0, 0, 0, 0, 0, 0, 0, 0, 0, 0, 0, 0, 0, 0, 0, 0, 0, 0, 0, 0, 0, 0, 0, 0, 0, 0, 0, 0, 0, 0, 0, 0, 0, ]
Ui:
[0, 63, 111, 99, 96, 111, 282, 122, 156, 261, 42, 192, 126, 42, 162, 207, 159, 122, 102, 190, 118, 102, 132, 102, 165, 252, 66, 52, 22, 114, 210, 176, 116, 294, 78, 152, 210, 45, 130, 198, 174, ]
Distance matrix:
|0	208	225	252	227	143	258	127	267	150	28	83	163	286	57	149	201	137	214	255	70	73	107	186	328	266	249	343	222	177	293	144	262	215	167	120	169	218	143	173	255	|
|208	0	397	355	416	198	216	99	211	275	193	172	97	166	240	225	362	109	277	314	182	216	273	374	298	208	319	161	14	103	93	120	58	196	152	156	372	227	260	218	453	|
|225	397	0	427	53	364	482	343	492	129	253	225	382	386	171	188	39	291	187	195	295	182	282	55	326	491	180	551	408	315	457	366	455	275	392	244	221	439	341	214	101	|
|252	355	427	0	401	158	201	263	219	396	234	328	259	498	299	400	420	354	465	506	205	324	152	374	574	219	499	393	366	389	446	235	378	456	205	359	224	150	111	423	400	|
|227	416	53	401	0	357	477	352	489	165	253	245	389	424	179	223	85	315	234	245	293	200	264	42	375	488	231	565	428	344	484	370	474	314	392	270	184	430	325	252	50	|
|143	198	364	158	357	0	121	105	134	290	116	196	103	342	200	276	343	205	343	385	74	210	112	319	432	133	382	265	209	237	290	78	226	313	57	220	232	75	69	292	375	|
|258	216	482	201	477	121	0	168	18	397	230	293	135	381	314	372	459	275	437	480	188	317	228	439	501	18	479	197	222	296	290	132	212	386	95	306	347	58	173	381	496	|
|127	99	343	263	352	105	168	0	171	239	105	130	40	237	173	206	313	109	270	312	84	164	175	310	337	169	313	216	112	135	192	37	142	220	77	138	280	155	162	213	382	|
|267	211	492	219	489	134	18	171	0	404	240	298	136	376	323	376	468	276	441	483	198	324	243	450	500	2	483	181	215	294	281	136	202	386	102	309	363	75	189	384	509	|
|150	275	129	396	165	290	397	239	404	0	175	110	279	259	97	59	91	166	84	116	217	80	245	130	226	402	106	434	286	187	329	269	333	149	302	119	244	364	291	87	213	|
|28	193	253	234	253	116	230	105	240	175	0	94	139	286	84	167	229	136	234	275	43	96	98	212	341	238	271	320	206	175	281	118	244	225	140	128	180	191	124	189	280	|
|83	172	225	328	245	196	293	130	298	110	94	0	169	209	77	80	191	71	147	189	127	45	189	203	247	296	187	327	184	106	241	162	230	132	198	38	242	266	217	96	285	|
|163	97	382	259	389	103	135	40	136	279	139	169	0	253	212	244	353	141	307	349	110	203	194	347	366	133	350	183	107	161	187	27	124	251	56	175	306	133	169	249	418	|
|286	166	386	498	424	342	381	237	376	259	286	209	253	0	284	201	347	151	210	230	299	247	383	387	155	374	242	290	162	112	129	270	192	113	308	172	451	386	391	172	471	|
|57	240	171	299	179	200	314	173	323	97	84	77	212	284	0	112	145	147	170	208	127	38	148	137	299	321	201	386	253	183	315	195	297	195	222	112	171	275	195	142	214	|
|149	225	188	400	223	276	372	206	376	59	167	80	244	201	112	0	149	117	67	110	205	78	254	186	187	374	108	387	235	132	272	240	283	93	277	71	279	346	291	32	270	|
|201	362	39	420	85	343	459	313	468	91	229	191	353	347	145	149	0	254	149	160	272	150	271	66	290	466	146	518	373	278	419	339	420	235	367	207	227	418	327	175	135	|
|137	109	291	354	315	205	275	109	276	166	136	71	141	151	147	117	254	0	172	212	151	116	232	273	229	274	215	270	119	39	170	145	167	111	186	47	305	263	245	113	356	|
|214	277	187	465	234	343	437	270	441	84	234	147	307	210	170	67	149	172	0	42	272	141	317	205	144	439	43	437	284	175	307	305	331	99	343	132	327	413	357	60	283	|
|255	314	195	506	245	385	480	312	483	116	275	189	349	230	208	110	160	212	42	0	314	182	356	222	132	481	15	474	321	212	337	347	367	126	385	174	358	455	398	100	295	|
|70	182	295	205	293	74	188	84	198	217	43	127	110	299	127	205	272	151	272	314	0	137	91	253	370	196	310	292	195	188	274	85	226	252	99	155	197	148	94	223	316	|
|73	216	182	324	200	210	317	164	324	80	96	45	203	247	38	78	150	116	141	182	137	0	176	158	263	323	176	369	229	150	286	191	274	157	223	77	208	284	216	106	239	|
|107	273	282	152	264	112	228	175	243	245	98	189	194	383	148	254	271	232	317	356	91	176	0	231	435	242	349	371	286	271	365	167	315	321	164	224	120	174	61	280	274	|
|186	374	55	374	42	319	439	310	450	130	212	203	347	387	137	186	66	273	205	222	253	158	231	0	348	448	208	523	386	303	442	329	431	279	352	229	167	392	291	217	85	|
|328	298	326	574	375	432	501	337	500	226	341	247	366	155	299	187	290	229	144	132	370	263	435	348	0	498	147	441	299	206	283	374	338	119	414	215	465	492	463	157	425	|
|266	208	491	219	488	133	18	169	2	402	238	296	133	374	321	374	466	274	439	481	196	323	242	448	498	0	481	180	213	292	278	134	200	384	100	307	362	75	188	381	508	|
|249	319	180	499	231	382	479	313	483	106	271	187	350	242	201	108	146	215	43	15	310	176	349	208	147	481	0	480	326	217	346	347	373	135	385	175	347	454	392	103	280	|
|343	161	551	393	565	265	197	216	181	434	320	327	183	290	386	387	518	270	437	474	292	369	371	523	441	180	480	0	153	263	163	207	107	352	208	317	487	244	334	379	598	|
|222	14	408	366	428	209	222	112	215	286	206	184	107	162	253	235	373	119	284	321	195	229	286	386	299	213	326	153	0	109	81	132	48	201	162	167	386	236	272	226	466	|
|177	103	315	389	344	237	296	135	294	187	175	106	161	112	183	132	278	39	175	212	188	150	271	303	206	292	217	263	109	0	142	171	156	95	211	74	344	289	281	118	386	|
|293	93	457	446	484	290	290	192	281	329	281	241	187	129	315	272	419	170	307	337	274	286	365	442	283	278	346	163	81	142	0	212	79	211	241	214	461	311	353	254	525	|
|144	120	366	235	370	78	132	37	136	269	118	162	27	270	195	240	339	145	305	347	85	191	167	329	374	134	347	207	132	171	212	0	151	257	40	174	280	119	142	248	398	|
|262	58	455	378	474	226	212	142	202	333	244	230	124	192	297	283	420	167	331	367	226	274	315	431	338	200	373	107	48	156	79	151	0	245	173	214	421	237	293	273	510	|
|215	196	275	456	314	313	386	220	386	149	225	132	251	113	195	93	235	111	99	126	252	157	321	279	119	384	135	352	201	95	211	257	245	0	297	97	365	374	345	62	362	|
|167	152	392	205	392	57	95	77	102	302	140	198	56	308	222	277	367	186	343	385	99	223	164	352	414	100	385	208	162	211	241	40	173	297	0	213	283	79	126	287	415	|
|120	156	244	359	270	220	306	138	309	119	128	38	175	172	112	71	207	47	132	174	155	77	224	229	215	307	175	317	167	74	214	174	214	97	213	0	280	286	248	75	313	|
|169	372	221	224	184	232	347	280	363	244	180	242	306	451	171	279	227	305	327	358	197	208	120	167	465	362	347	487	386	344	461	280	421	365	283	280	0	291	175	310	176	|
|218	227	439	150	430	75	58	155	75	364	191	266	133	386	275	346	418	263	413	455	148	284	174	392	492	75	454	244	236	289	311	119	237	374	79	286	291	0	116	359	445	|
|143	260	341	111	325	69	173	162	189	291	124	217	169	391	195	291	327	245	357	398	94	216	61	291	463	188	392	334	272	281	353	142	293	345	126	248	175	116	0	313	335	|
|173	218	214	423	252	292	381	213	384	87	189	96	249	172	142	32	175	113	60	100	223	106	280	217	157	381	103	379	226	118	254	248	273	62	287	75	310	359	313	0	300	|
|255	453	101	400	50	375	496	382	509	213	280	285	418	471	214	270	135	356	283	295	316	239	274	85	425	508	280	598	466	386	525	398	510	362	415	313	176	445	335	300	0	|

--------------------------------------------------------------------------------
Building model...
	using lazy and cut (CVRPSEP package)
Solving IRP LP...
--------------------------------------------------------------------------------

Gurobi 9.1.0 (linux64) logging started Sat Jan  9 16:01:50 2021

Gurobi Optimizer version 9.1.0 build v9.1.0rc0 (linux64)
Thread count: 32 physical cores, 32 logical processors, using up to 2 threads
Optimize a model with 1649 rows, 13679 columns and 32144 nonzeros
Model fingerprint: 0xd35d51b9
Variable types: 764 continuous, 12915 integer (615 binary)
Coefficient statistics:
  Matrix range     [1e+00, 2e+12]
  Objective range  [1e-01, 6e+02]
  Bounds range     [1e+00, 3e+02]
  RHS range        [1e+01, 6e+03]
Warning: Model contains large matrix coefficient range
         Consider reformulating model or setting NumericFocus parameter
         to avoid numerical issues.
Presolve removed 164 rows and 41 columns
Presolve time: 0.06s
Presolved: 1485 rows, 13638 columns, 30819 nonzeros
Variable types: 723 continuous, 12915 integer (12315 binary)

Root relaxation: objective 1.246256e+04, 2292 iterations, 0.09 seconds

    Nodes    |    Current Node    |     Objective Bounds      |     Work
 Expl Unexpl |  Obj  Depth IntInf | Incumbent    BestBd   Gap | It/Node Time

     0     0 12462.5564    0  133          - 12462.5564      -     -    0s
     0     0 12960.5722    0  194          - 12960.5722      -     -    0s
     0     0 12977.3257    0  225          - 12977.3257      -     -    0s
     0     0 12983.9142    0  212          - 12983.9142      -     -    0s
     0     0 12983.9678    0  199          - 12983.9678      -     -    0s
     0     0 13546.8219    0  281          - 13546.8219      -     -    1s
     0     0 13595.6837    0  178          - 13595.6837      -     -    1s
     0     0 13595.9533    0  171          - 13595.9533      -     -    1s
     0     0 13691.3832    0  305          - 13691.3832      -     -    2s
     0     0 13703.8130    0  307          - 13703.8130      -     -    2s
     0     0 13705.2079    0  336          - 13705.2079      -     -    2s
     0     0 13705.6713    0  316          - 13705.6713      -     -    2s
     0     0 13792.0171    0  299          - 13792.0171      -     -    3s
     0     0 13800.0145    0  341          - 13800.0145      -     -    3s
     0     0 13807.2873    0  313          - 13807.2873      -     -    3s
     0     0 13810.9348    0  327          - 13810.9348      -     -    3s
     0     0 13811.1997    0  317          - 13811.1997      -     -    3s
     0     0 13870.2085    0  354          - 13870.2085      -     -    4s
     0     0 13877.0175    0  340          - 13877.0175      -     -    4s
     0     0 13877.8335    0  329          - 13877.8335      -     -    4s
     0     0 13907.1627    0  391          - 13907.1627      -     -    5s
     0     0 13920.5320    0  376          - 13920.5320      -     -    6s
     0     0 13931.4600    0  365          - 13931.4600      -     -    7s
     0     0 13941.6539    0  447          - 13941.6539      -     -    7s
     0     0 13943.3923    0  423          - 13943.3923      -     -    7s
     0     0 13970.9378    0  428          - 13970.9378      -     -    8s
     0     0 13972.9278    0  451          - 13972.9278      -     -    8s
     0     0 13992.0404    0  444          - 13992.0404      -     -    9s
     0     0 14003.9687    0  434          - 14003.9687      -     -   11s
     0     2 14003.9687    0  422          - 14003.9687      -     -   13s
     3     6 14175.5480    2  403          - 14008.1312      -  1241   15s
    15    14 14224.5325    5  337          - 14025.8440      -  1140   20s
    53    53 14369.2359   17  312          - 14025.8440      -   673   25s
    97    95 14470.4995   28  266          - 14025.8440      -   514   36s
   154   164 14736.8148   49  178          - 14025.8440      -   585   40s
   224   230 15406.1451   76  149          - 14025.8440      -   466   45s
   342   372 16143.7069  128   84          - 14025.8440      -   372   50s
   483   476 14359.7785    4  391          - 14033.5354      -   312   56s
   607   627 14381.0490    9  306          - 14033.5354      -   278   61s
   671   644 14606.1878   11  271          - 14033.5354      -   261   65s
   762   728 16421.4595   13  356          - 14033.5354      -   247   72s
   797   741 16460.0717   14  378          - 14033.5354      -   245   76s
   808   745 16935.5507  196  341          - 14033.5354      -   258   80s
   820   753 16863.1235  170  545          - 14106.7145      -   254   85s
   829   759 14645.9377   55  658          - 14130.8534      -   252   90s
   840   766 17293.4113  220  667          - 14141.9916      -   248   96s
   848   771 16310.5989  144  748          - 14144.2352      -   246  100s
   857   777 15923.9090  101  748          - 14148.3504      -   243  105s
   862   781 19603.1600  325  750          - 14152.0095      -   242  123s
   865   786 14162.5005   16  710          - 14161.0561      -   274  125s
   877   794 14176.3690   19  701          - 14173.1022      -   288  131s
   888   802 14232.0066   21  688          - 14197.3338      -   298  135s
   897   809 14240.9883   23  589          - 14197.3338      -   313  140s
   915   819 14250.5188   26  575          - 14197.3338      -   320  145s
   938   835 14305.6190   30  420          - 14197.3338      -   330  150s
   975   867 14469.7146   36  409          - 14197.3338      -   334  156s
  1007   886 14506.7050   42  424          - 14197.3338      -   336  160s
  1060   932 14638.8718   51  302          - 14197.3338      -   338  165s
  1129   981 14686.6688   58  381          - 14197.3338      -   332  171s
  1238  1069 14845.0247   71  310          - 14197.3338      -   318  176s
  1332  1140 14966.7594   77  263          - 14197.3338      -   305  181s
  1519  1218 15117.9945   91  269          - 14197.3338      -   280  188s
  1554  1223 15198.1777   98  257          - 14197.3338      -   278  191s
  1595  1256 15517.7494  113  185          - 14197.3338      -   278  196s
  1649  1306 15844.3341  136  164          - 14197.3338      -   278  200s
  1735  1401 16201.1751  175  132          - 14197.3338      -   272  205s
  1888  1419 17601.0148  249   11          - 14197.3338      -   256  210s
* 1927  1372             260    18733.670000 14197.6289  24.2%   252  214s
* 1929  1333             259    18675.010000 14197.6289  24.0%   252  214s
* 1930  1296             260    18626.670000 14197.6289  23.8%   252  214s
* 1934  1253             258    18490.050000 14197.6289  23.2%   252  214s
  1941  1253 14462.1576   22  413 18490.0500 14197.6289  23.2%   255  217s
  1951  1265 14511.1207   25  391 18490.0500 14197.6289  23.2%   257  221s
  1967  1273 14625.6382   29  377 18490.0500 14197.6289  23.2%   261  241s
  1981  1286 14855.3880   29  263 18490.0500 14197.6289  23.2%   265  245s
  2001  1302 14683.8325   32  346 18490.0500 14197.6289  23.2%   268  250s
  2025  1320 14818.8713   37  346 18490.0500 14197.6289  23.2%   270  255s
  2048  1356 14889.1353   43  325 18490.0500 14197.6289  23.2%   271  260s
  2082  1347 14926.4833   49  321 18490.0500 14197.6289  23.2%   270  274s
  2084  1370 14951.8604   49  332 18490.0500 14197.6289  23.2%   270  276s
  2108  1397 14993.3767   51  296 18490.0500 14197.6289  23.2%   270  280s
  2182  1451 15102.6243   60  321 18490.0500 14197.6289  23.2%   268  288s
  2221  1477 15278.4431   64  284 18490.0500 14197.6289  23.2%   267  293s
  2260  1528 15257.6881   68  248 18490.0500 14197.6289  23.2%   267  297s
  2324  1569 15321.4505   72  256 18490.0500 14197.6289  23.2%   264  301s
  2387  1626 15492.2690   80  157 18490.0500 14197.6289  23.2%   261  306s
  2466  1702 15716.7403   91  181 18490.0500 14197.6289  23.2%   258  312s
  2568  1800 15840.3361   97  178 18490.0500 14197.6289  23.2%   252  318s
  2673  1765 16919.3478  170   34 18490.0500 14197.6289  23.2%   247  320s
  2734  1833 15873.2794  102  161 18490.0500 14197.6289  23.2%   243  329s
  2760  1825 15941.5146  107  138 18490.0500 14197.6289  23.2%   242  330s
* 2765  1657             172    16884.770000 14197.6289  15.9%   242  330s
  2934  1625 16059.7710  109  105 16884.7700 14197.6289  15.9%   231  336s
  2968  1729 16156.4907  117  111 16884.7700 14197.6289  15.9%   231  342s
  3072  1783 16662.8804  133  101 16884.7700 14202.5645  15.9%   227  350s
  3155  1789 14370.7867   20  538 16884.7700 14202.5645  15.9%   226  358s
  3161  1811 14521.2311   24  556 16884.7700 14202.5645  15.9%   228  362s
  3183  1828 14651.6519   33  497 16884.7700 14202.5645  15.9%   229  366s
  3200  1849 14782.1148   43  387 16884.7700 14202.5645  15.9%   231  370s
  3221  1922 14971.1802   59  265 16884.7700 14202.5645  15.9%   233  375s
  3298  1954 16415.7970  129   57 16884.7700 14226.1143  15.7%   231  383s
  3367  1977     cutoff  160      16884.7700 14231.8944  15.7%   231  389s
  3385  1997 14483.2747   19  600 16884.7700 14231.8944  15.7%   233  394s
  3405  2024 15044.1108   21  525 16884.7700 14231.8944  15.7%   235  400s
  3432  2060 15662.0086   27  284 16884.7700 14231.8944  15.7%   237  405s
  3480  2063 infeasible   48      16884.7700 14232.0666  15.7%   238  416s
  3511  2074 14601.1692   19  554 16884.7700 14232.2097  15.7%   242  422s
  3522  2096 14746.2659   25  495 16884.7700 14232.2097  15.7%   243  427s
  3544  2163 15072.5863   35  306 16884.7700 14232.2097  15.7%   245  434s
  3584  2163 15770.2509   75   91 16884.7700 14232.2097  15.7%   244  435s
  3613  2234 16435.1684   89  108 16884.7700 14239.6441  15.7%   245  442s
  3696  2270 14813.8252   23  531 16884.7700 14239.6441  15.7%   244  451s
  3744  2295 15158.1567   30  365 16884.7700 14239.6441  15.7%   244  458s
  3769  2337 15575.9119   48  252 16884.7700 14239.6441  15.7%   246  464s
  3811  2426 16028.5718   74  232 16884.7700 14242.3613  15.6%   246  474s
  3849  2426 16427.1670  112  165 16884.7700 14242.3613  15.6%   245  475s
  3926  2464 14510.6183   18  523 16884.7700 14242.3613  15.6%   245  483s
  3964  2526 14878.0598   24  317 16884.7700 14242.3613  15.6%   245  495s
  4052  2570 15209.4168   49  191 16884.7700 14242.3613  15.6%   244  506s
  4133  2605     cutoff   94      16884.7700 14290.3675  15.4%   244  516s
  4169  2678 14419.0384   23  654 16884.7700 14290.3675  15.4%   246  524s
  4254  2718 14504.2313   27  363 16884.7700 14290.3675  15.4%   245  533s
  4294  2839 14558.2462   33  321 16884.7700 14290.3675  15.4%   247  543s
  4433  2886 14692.7697   42  202 16884.7700 14290.3675  15.4%   244  554s
  4480  2944 14781.5646   60  124 16884.7700 14290.3675  15.4%   246  563s
  4538  3046 14868.4601   82  175 16884.7700 14290.3675  15.4%   247  574s
  4557  3046 15117.4465   91   84 16884.7700 14290.3675  15.4%   247  575s
  4640  3148 15532.3246  127   78 16884.7700 14313.7469  15.2%   246  585s
  4783  3200 infeasible  177      16884.7700 14320.4860  15.2%   243  596s
  4834  3322 15066.5700   39  375 16884.7700 14320.4860  15.2%   245  607s
  4958  3465 15974.5955  103  131 16884.7700 14320.5384  15.2%   245  621s
  5115  3781 15213.0082   36  285 16884.7700 14322.8026  15.2%   243  640s
  5502  3815 14549.8921   32  513 16884.7700 14323.7076  15.2%   233  654s
  5534  3914 14809.6338   36  396 16884.7700 14323.7076  15.2%   236  670s
  5654  3967 15353.0513   44  297 16884.7700 14323.7076  15.2%   235  682s
  5708  4174 15915.5104   58  181 16884.7700 14325.9342  15.2%   237  698s
  5859  4174 15335.6196   59  158 16884.7700 14326.1553  15.2%   235  700s
  5977  4227 14645.5088   33  391 16884.7700 14326.1553  15.2%   233  713s
  6030  4351 15838.7551   74   98 16884.7700 14326.8114  15.1%   234  728s
  6200  4381 14493.6538   27  408 16884.7700 14335.7530  15.1%   233  742s
  6229  4435 14599.7302   35  323 16884.7700 14335.7530  15.1%   235  754s
  6265  4435 14679.4378   28  367 16884.7700 14335.7530  15.1%   237  755s
  6283  4568 14946.3556   51  132 16884.7700 14335.7530  15.1%   238  769s
  6340  4568 15111.2833   84   59 16884.7700 14335.7530  15.1%   238  770s
  6419  4759 15472.0614  106   68 16884.7700 14335.8343  15.1%   238  785s
  6697  4884     cutoff  194      16884.7700 14338.5125  15.1%   234  817s
  6811  5047 infeasible  191      16884.7700 14344.6957  15.0%   234  837s
  7024  5109 15118.8914   29  437 16884.7700 14345.0905  15.0%   233  850s
  7086  5189 15974.8011   75  212 16884.7700 14345.3840  15.0%   235  865s
  7185  5245 15099.1386   30  377 16884.7700 14345.3840  15.0%   236  880s
  7241  5502 16089.1276   54  281 16884.7700 14345.3840  15.0%   237  901s
  7514  5700 15487.7860   63  178 16884.7700 14350.0006  15.0%   236  925s
  7779  5819     cutoff  140      16884.7700 14355.3363  15.0%   234  948s
  7869  5820 15526.7689   82  147 16884.7700 14355.7035  15.0%   236  950s
  7907  5899     cutoff  139      16884.7700 14360.6942  14.9%   235  967s
  7999  6064 15323.8231   67  117 16884.7700 14370.1112  14.9%   237  989s
  8092  6065 15358.1602   54  296 16884.7700 14370.2787  14.9%   237  990s
  8212  6148 15284.0126   37  255 16884.7700 14370.2787  14.9%   236 1041s
  8295  6367 15681.9882   58  164 16884.7700 14371.1345  14.9%   238 1067s
  8553  6367 16782.1888   87   45 16884.7700 14376.3425  14.9%   237 1070s
  8607  6564 15007.4591   38  299 16884.7700 14376.5238  14.9%   236 1089s
  8626  6564 15244.4827   57  177 16884.7700 14376.5238  14.9%   236 1090s
  8818  6606     cutoff  169      16884.7700 14377.4315  14.8%   236 1113s
  8874  6659 14732.8025   26  427 16884.7700 14382.0098  14.8%   238 1133s
  8927  6832 15019.9642   41  178 16884.7700 14382.0098  14.8%   241 1155s
  9104  7071 15574.0521   87  135 16884.7700 14383.3956  14.8%   242 1179s
  9142  7071 15535.3656  106   63 16884.7700 14383.3956  14.8%   242 1180s
  9386  7198     cutoff  146      16884.7700 14388.0921  14.8%   241 1202s
  9549  7348     cutoff  146      16884.7700 14391.4719  14.8%   241 1227s
  9721  7495 15291.6685   31  253 16884.7700 14393.8688  14.8%   241 1252s
  9871  7736 15939.2034   52  168 16884.7700 14401.0893  14.7%   242 1279s
  9890  7736 16119.2172   60  134 16884.7700 14401.0893  14.7%   242 1280s
 10201  7911 15197.1239   42  154 16884.7700 14402.8019  14.7%   240 1303s
 10321  7912 14876.4563   35  250 16884.7700 14402.8019  14.7%   239 1305s
 10388  8115 infeasible  151      16884.7700 14404.3571  14.7%   240 1327s
 10637  8122 16649.4798  118  128 16884.7700 14408.2051  14.7%   238 1330s
 10658  8251 infeasible  140      16884.7700 14409.3213  14.7%   238 1351s
 10801  8313 14683.6692   29  443 16884.7700 14409.3235  14.7%   239 1373s
 10863  8567 14802.1591   43  310 16884.7700 14409.3235  14.7%   240 1395s
 11149  8764 15268.9248   77  227 16884.7700 14416.8257  14.6%   240 1420s
 11389  8936 15091.1545   49  158 16884.7700 14417.9112  14.6%   239 1443s
 11591  9141 15153.9091   54  227 16884.7700 14418.8741  14.6%   239 1466s
 11844  9308 15104.1247   32  378 16884.7700 14420.7458  14.6%   238 1491s
 12031  9451     cutoff  102      16884.7700 14421.6346  14.6%   238 1513s
 12218  9624 14804.4240   28  472 16884.7700 14423.2834  14.6%   238 1537s
 12406  9786 15077.6499   46  238 16884.7700 14423.2834  14.6%   238 1560s
 12606  9988 infeasible   82      16884.7700 14429.4833  14.5%   238 1585s
 12854 10210 16297.5062  139   24 16884.7700 14432.0907  14.5%   237 1609s
 12935 10212 15244.2328   87  113 16884.7700 14432.0907  14.5%   237 1610s
 13112 10395     cutoff  149      16884.7700 14435.9760  14.5%   236 1642s
 13349 10528 14720.5015   34  466 16884.7700 14436.7434  14.5%   236 1669s
 13390 10528 16848.2814  123   78 16884.7700 14436.7434  14.5%   237 1670s
 13508 10694 14933.2574   42  314 16884.7700 14436.7434  14.5%   237 1693s
 13615 10694 15707.3843   57  177 16884.7700 14436.7434  14.5%   237 1695s
 13707 10824 15129.5434   70  236 16884.7700 14436.7434  14.5%   237 1817s
 13837 11250 15385.6992  101  125 16884.7700 14438.7581  14.5%   236 1856s
 14152 11265 infeasible  167      16884.7700 14438.7581  14.5%   233 1860s
 14391 11399     cutoff  179      16884.7700 14441.9550  14.5%   232 1886s
 14534 11515 15019.1840   39  295 16884.7700 14441.9634  14.5%   233 1918s
 14652 11968 15528.3978   62  209 16884.7700 14442.0388  14.5%   235 1964s
 14690 11968 15694.3530   86  121 16884.7700 14442.0388  14.5%   235 1965s
 15161 12113 14629.1972   34  431 16884.7700 14442.4017  14.5%   231 1994s
 15189 12113 15498.6714   62  133 16884.7700 14442.4017  14.5%   232 1995s
 15323 12167     cutoff  166      16884.7700 14445.2744  14.4%   232 2021s
H15378 12213                    16826.770000 14445.2744  14.2%   233 2048s
 15571 12330 14656.2152   28  368 16826.7700 14447.7965  14.1%   233 2077s
H15701 12524                    16824.610000 14447.7965  14.1%   233 2104s
 15740 12524 15385.5561   54  177 16824.6100 14447.7965  14.1%   234 2105s
 15929 12613 16596.1837   92   83 16824.6100 14451.7108  14.1%   233 2157s
 16062 12731 15421.7366   37  278 16824.6100 14452.6005  14.1%   236 2182s
 16203 12969 15007.7049   40  301 16824.6100 14454.1251  14.1%   236 2207s
 16510 13225     cutoff  158      16824.6100 14454.1938  14.1%   235 2236s
H16511 13037                    16769.910000 14454.1938  13.8%   235 2236s
 16775 13044 15699.5015   89  110 16769.9100 14456.5296  13.8%   234 2240s
 16823 13084     cutoff  130      16769.9100 14457.8520  13.8%   234 2262s
 16877 13151 15244.8894   38  249 16769.9100 14457.9457  13.8%   235 2284s
 16944 13313 15634.0120   51  173 16769.9100 14458.6662  13.8%   236 2309s
 17147 13428 14573.5727   41  470 16769.9100 14458.6662  13.8%   236 2334s
 17227 13428 15209.7926   66   99 16769.9100 14458.6662  13.8%   237 2335s
 17262 13620 14927.8951   53  205 16769.9100 14458.6662  13.8%   237 2359s
 17293 13620 15082.2533   69  257 16769.9100 14458.6662  13.8%   237 2360s
 17486 13871 15176.2662   76  178 16769.9100 14461.2205  13.8%   236 2383s
 17600 13871 15893.5298  125   83 16769.9100 14461.2205  13.8%   236 2385s
 17783 14083 14874.4615   38  365 16769.9100 14462.2533  13.8%   236 2407s
 18023 14209     cutoff  114      16769.9100 14462.9832  13.8%   235 2433s
 18170 14388 14821.7086   42  293 16769.9100 14464.0519  13.7%   236 2456s
 18392 14667 14961.1339   45  224 16769.9100 14464.4250  13.7%   236 2482s
 18699 14921 16290.9021  120   40 16769.9100 14465.3126  13.7%   235 2509s
*18712 13698             131    16519.110000 14465.3126  12.4%   235 2509s
 18758 13700     cutoff  139      16519.1100 14465.3126  12.4%   235 2510s
 19036 13857 16452.4700  129    2 16519.1100 14466.4297  12.4%   234 2534s
 19101 13862 15914.5631   77  111 16519.1100 14466.4297  12.4%   234 2535s
 19246 14040 16506.2800  134    - 16519.1100 14468.2956  12.4%   234 2557s
*19250 14013             135    16511.820000 14468.2956  12.4%   234 2557s
 19463 14177 14678.9169   31  364 16511.8200 14469.4990  12.4%   233 2580s
 19643 14450 15166.5129   62  135 16511.8200 14469.7146  12.4%   234 2606s
 19981 14637     cutoff  146      16511.8200 14470.8637  12.4%   233 2631s
 20194 14775 14648.9500   42  443 16511.8200 14470.9954  12.4%   233 2656s
 20347 14888 15653.1680   89   84 16511.8200 14472.2389  12.4%   233 2678s
 20490 15110 16507.2094  120    9 16511.8200 14473.8261  12.3%   233 2701s
 20757 15188     cutoff  123      16511.8200 14475.4036  12.3%   232 2724s
 20806 15188 16292.1832  105   46 16511.8200 14475.4780  12.3%   233 2725s
 20859 15331 15240.8708   55  193 16511.8200 14475.9429  12.3%   233 2746s
 21020 15467 14827.5752   40  417 16511.8200 14475.9429  12.3%   234 2769s
 21078 15467 15733.4423   61  194 16511.8200 14475.9429  12.3%   234 2770s
 21174 15661 15197.1431   59  123 16511.8200 14475.9800  12.3%   234 2792s
 21411 15861 15015.6659   41  345 16511.8200 14477.5521  12.3%   234 2816s
 21653 15982 15885.7875   76  110 16511.8200 14481.7731  12.3%   234 2840s
 21803 16116     cutoff   98      16511.8200 14482.9879  12.3%   234 2866s
 21965 16348 14964.4077   28  648 16511.8200 14483.1426  12.3%   235 2892s
 22255 16416 14929.2745   24  450 16511.8200 14483.2894  12.3%   234 2915s
 22342 16542 14776.7516   23  450 16511.8200 14483.7357  12.3%   235 2937s
 22487 16688 15050.0860   46  205 16511.8200 14483.8150  12.3%   235 2959s
 22511 16688 15518.6627   70  108 16511.8200 14483.8150  12.3%   235 2960s
 22655 16968 14818.0339   35  323 16511.8200 14485.1911  12.3%   236 2986s
 22965 17203 15162.8927   70  103 16511.8200 14487.7975  12.3%   235 3012s
 23231 17210 16325.2355   74  168 16511.8200 14487.8448  12.3%   235 3015s
 23244 17321     cutoff  151      16511.8200 14488.3111  12.3%   235 3035s
 23375 17549 14869.5482   43  337 16511.8200 14489.4937  12.2%   235 3058s
 23617 17639 16057.0219  115   48 16511.8200 14489.9212  12.2%   235 3081s
 23747 17687 15107.4699   37  312 16511.8200 14490.5412  12.2%   236 3102s
H23772 17216                    16439.020000 14490.5412  11.9%   236 3103s
 23794 17380 15410.5365   48  243 16439.0200 14491.2112  11.8%   236 3126s
 23990 17478 14784.5269   26  493 16439.0200 14491.2112  11.8%   237 3149s
 24069 17478 16435.0600   83    - 16439.0200 14491.2112  11.8%   237 3150s
 24103 17659 16208.0431   84  135 16439.0200 14491.6070  11.8%   237 3171s
 24294 17958 15850.0717   92  141 16439.0200 14491.6453  11.8%   237 3197s
 24638 18092 15867.9483  107   93 16439.0200 14491.7955  11.8%   236 3221s
 24809 18323 14849.0103   33  347 16439.0200 14494.6071  11.8%   237 3245s
 25085 18421     cutoff  122      16439.0200 14496.6607  11.8%   236 3268s
 25194 18481 14899.5028   31  436 16439.0200 14496.6684  11.8%   237 3288s
 25254 18631 15295.9466   45  253 16439.0200 14498.9818  11.8%   238 3311s
 25436 18754 14606.9587   28  673 16439.0200 14499.5744  11.8%   238 3600s

Cutting planes:
  User: 4600
  Gomory: 15
  Cover: 722
  Implied bound: 111
  Projected implied bound: 4
  Clique: 12
  MIR: 332
  Flow cover: 829
  Zero half: 46
  RLT: 569
  Relax-and-lift: 26
  Lazy constraints: 2491

Explored 25577 nodes (6113195 simplex iterations) in 3601.58 seconds
Thread count was 2 (of 32 available processors)

Solution count 10: 16439 16511.8 16519.1 ... 18675

Time limit reached
Best objective 1.643902000000e+04, best bound 1.449957439888e+04, gap 11.7978%

User-callback calls 633806, time in user-callback 199.73 sec
================================================================================
executing instance: ./input/Instances/Original/2/absH3high_4n10.dat
--------------------------------------------------------------------------------
Instance details
n	11
H	3
C	822
Li:
[0, 0, 0, 0, 0, 0, 0, 0, 0, 0, 0, ]
Ui:
[0, 102, 52, 88, 182, 153, 138, 38, 165, 297, 86, ]
Distance matrix:
|0	285	411	382	327	239	148	256	307	36	383	|
|285	0	352	98	249	103	227	235	120	268	209	|
|411	352	0	395	106	430	263	549	234	429	174	|
|382	98	395	0	302	173	320	288	168	364	227	|
|327	249	106	302	0	324	179	444	135	339	109	|
|239	103	430	173	324	0	241	132	212	212	305	|
|148	227	263	320	179	241	0	325	192	165	249	|
|256	235	549	288	444	132	325	0	342	220	436	|
|307	120	234	168	135	212	192	342	0	304	94	|
|36	268	429	364	339	212	165	220	304	0	386	|
|383	209	174	227	109	305	249	436	94	386	0	|

--------------------------------------------------------------------------------
Building model...
	using lazy and cut (CVRPSEP package)
Solving IRP LP...
--------------------------------------------------------------------------------

Gurobi 9.1.0 (linux64) logging started Sat Jan  9 17:01:52 2021

Gurobi Optimizer version 9.1.0 build v9.1.0rc0 (linux64)
Thread count: 32 physical cores, 32 logical processors, using up to 2 threads
Optimize a model with 449 rows, 1184 columns and 3584 nonzeros
Model fingerprint: 0xa127ede0
Variable types: 194 continuous, 990 integer (165 binary)
Coefficient statistics:
  Matrix range     [1e+00, 2e+03]
  Objective range  [2e-01, 5e+02]
  Bounds range     [1e+00, 3e+02]
  RHS range        [2e+01, 1e+03]
Presolve removed 44 rows and 11 columns
Presolve time: 0.01s
Presolved: 405 rows, 1173 columns, 3249 nonzeros
Variable types: 183 continuous, 990 integer (840 binary)
Found heuristic solution: objective 11332.500000

Root relaxation: objective 4.545917e+03, 910 iterations, 0.03 seconds

    Nodes    |    Current Node    |     Objective Bounds      |     Work
 Expl Unexpl |  Obj  Depth IntInf | Incumbent    BestBd   Gap | It/Node Time

     0     0 4545.91693    0   52 11332.5000 4545.91693  59.9%     -    0s
     0     0 4739.16958    0   87 11332.5000 4739.16958  58.2%     -    0s
     0     0 4803.19103    0   83 11332.5000 4803.19103  57.6%     -    0s
     0     0 4803.19103    0   85 11332.5000 4803.19103  57.6%     -    0s
     0     0 4962.20778    0  125 11332.5000 4962.20778  56.2%     -    0s
     0     0 5015.83468    0  131 11332.5000 5015.83468  55.7%     -    0s
     0     0 5018.00528    0  131 11332.5000 5018.00528  55.7%     -    0s
     0     0 5018.62226    0  129 11332.5000 5018.62226  55.7%     -    0s
     0     0 5018.70181    0  128 11332.5000 5018.70181  55.7%     -    0s
     0     0 5092.11198    0  133 11332.5000 5092.11198  55.1%     -    0s
H    0     0                    11114.240000 5092.11198  54.2%     -    0s
     0     0 5123.98265    0  133 11114.2400 5123.98265  53.9%     -    0s
     0     0 5130.07764    0  145 11114.2400 5130.07764  53.8%     -    0s
     0     0 5130.55862    0  146 11114.2400 5130.55862  53.8%     -    0s
     0     0 5130.56002    0  151 11114.2400 5130.56002  53.8%     -    0s
     0     0 5194.72363    0  121 11114.2400 5194.72363  53.3%     -    0s
     0     0 5249.26853    0  144 11114.2400 5249.26853  52.8%     -    0s
     0     0 5263.77408    0  136 11114.2400 5263.77408  52.6%     -    0s
     0     0 5264.63957    0  160 11114.2400 5264.63957  52.6%     -    0s
     0     0 5264.82843    0  161 11114.2400 5264.82843  52.6%     -    0s
     0     0 5286.80864    0  171 11114.2400 5286.80864  52.4%     -    0s
     0     0 5286.83131    0  164 11114.2400 5286.83131  52.4%     -    0s
     0     0 5323.08247    0  160 11114.2400 5323.08247  52.1%     -    0s
     0     0 5330.38774    0  148 11114.2400 5330.38774  52.0%     -    0s
     0     0 5330.68752    0  169 11114.2400 5330.68752  52.0%     -    0s
     0     0 5336.46780    0  155 11114.2400 5336.46780  52.0%     -    0s
     0     0 5336.69742    0  150 11114.2400 5336.69742  52.0%     -    0s
     0     0 5337.27384    0  162 11114.2400 5337.27384  52.0%     -    0s
     0     0 5339.08780    0  163 11114.2400 5339.08780  52.0%     -    0s
H    0     0                    10370.140000 5339.08780  48.5%     -    0s
H    0     0                    10363.140000 5339.08780  48.5%     -    0s
     0     2 5339.08780    0  152 10363.1400 5339.08780  48.5%     -    0s
H   26    30                    9599.7200000 5392.67842  43.8%   191    1s
H   29    34                    8215.6800000 5392.67842  34.4%   180    1s
H   54    55                    8140.6800000 5392.67842  33.8%   120    1s
H   59    61                    7788.1800000 5392.67842  30.8%   117    1s
H   89    85                    7721.1800000 5392.67842  30.2%   108    1s
H  113    99                    7682.1800000 5487.02615  28.6%  98.3    1s
H  124   109                    7222.1800000 5487.02615  24.0%  92.9    1s
H  139   112                    7129.6000000 5487.02615  23.0%  88.3    1s
H  190   162                    7115.6000000 5487.02615  22.9%  89.2    2s
H  375   258                    7021.6000000 5602.01367  20.2%  75.7    3s
   773   510 6316.49522   12  205 7021.60000 5616.31933  20.0%  61.6    5s
H  905   539                    6997.2500000 5816.78035  16.9%  70.6    9s
H  934   533                    6834.8300000 5816.78035  14.9%  72.9    9s
H  934   508                    6807.8300000 5816.78035  14.6%  72.9    9s
  1048   525 6755.20072   44   73 6807.83000 5953.11765  12.6%  74.9   10s
  1996   467 infeasible   42      6807.83000 6272.54463  7.86%  76.1   15s
H 2958   547                    6801.1800000 6379.39049  6.20%  75.1   19s
  3111   549 6610.68380   38   83 6801.18000 6399.82401  5.90%  75.1   20s
H 3424   567                    6793.2600000 6435.90933  5.26%  74.5   21s
H 3718   560                    6777.4700000 6464.18654  4.62%  73.3   22s
  4491   412 6673.05043   48   56 6777.47000 6543.76990  3.45%  72.5   25s

Cutting planes:
  User: 252
  Gomory: 2
  Cover: 101
  Implied bound: 29
  Projected implied bound: 21
  Clique: 1
  MIR: 123
  Flow cover: 190
  Inf proof: 3
  Zero half: 3
  Network: 1
  RLT: 139
  Relax-and-lift: 13

Explored 5436 nodes (375012 simplex iterations) in 27.87 seconds
Thread count was 2 (of 32 available processors)

Solution count 10: 6777.47 6793.26 6801.18 ... 7222.18

Optimal solution found (tolerance 1.00e-04)
Best objective 6.777470000000e+03, best bound 6.777470000000e+03, gap 0.0000%

User-callback calls 15727, time in user-callback 3.10 sec
================================================================================
executing instance: ./input/Instances/Original/2/absH3high_3n20.dat
--------------------------------------------------------------------------------
Instance details
n	21
H	3
C	1536
Li:
[0, 0, 0, 0, 0, 0, 0, 0, 0, 0, 0, 0, 0, 0, 0, 0, 0, 0, 0, 0, 0, ]
Ui:
[0, 48, 207, 156, 294, 207, 297, 54, 114, 90, 228, 132, 84, 64, 51, 153, 60, 39, 195, 82, 130, ]
Distance matrix:
|0	41	141	324	154	98	307	402	160	217	284	269	188	233	54	185	307	149	286	276	103	|
|41	0	114	285	184	88	285	385	200	197	251	230	189	270	48	205	295	160	245	241	62	|
|141	114	0	200	208	193	353	459	269	275	289	154	129	371	160	192	380	136	205	267	88	|
|324	285	200	0	406	330	386	484	467	344	286	57	299	555	318	380	442	327	114	255	226	|
|154	184	208	406	0	250	460	553	101	370	436	361	136	247	208	63	455	87	405	425	232	|
|98	88	193	330	250	0	211	304	232	121	204	273	276	249	44	283	210	244	259	204	113	|
|307	285	353	386	460	211	0	106	436	90	104	342	467	407	253	490	72	445	275	134	269	|
|402	385	459	484	553	304	106	0	517	188	198	443	570	463	348	587	102	545	371	229	373	|
|160	200	269	467	101	232	436	517	0	349	434	417	231	148	200	163	415	179	444	431	261	|
|217	197	275	344	370	121	90	188	349	0	111	293	382	335	163	400	106	357	244	128	187	|
|284	251	289	286	436	204	104	198	434	111	0	246	413	441	235	452	170	401	173	31	214	|
|269	230	154	57	361	273	342	443	417	293	246	0	266	500	261	342	393	286	85	215	170	|
|188	189	129	299	136	276	467	570	231	382	413	266	0	368	233	88	483	53	330	394	201	|
|233	270	371	555	247	249	407	463	148	335	441	500	368	0	242	310	364	316	504	448	330	|
