




arguments: ./build/mirp_solver -f ./input/orig_exec_154.cfg
Current dir: /scratch/gui/bnc_mirp
File verbosity level: 9
date       time         ( uptime  ) [ thread name/id ]                   file:line     v| 
2021-01-10 01:55:13.252 (   0.360s) [main thread     ]             loguru.cpp:789   INFO| Logging to './output/vi_lex_full/OU/V5/Original/execution_10_01_2021_01_55_13.log', mode: 'a', verbosity: 9
--------------------------------------------------------------------------------
Parameters
                           instance_path           ./input/Instances/Original/4/
                            model_policy                                       1
                             nb_vehicles                                       5
                              output_dir    ./output/vi_lex_full/OU/V5/Original/
                            sec_strategy                                       1
                       solver_nb_threads                                       2
                         solver_show_log                                    true
                       solver_time_limit                                    3600
                              use_vi_cos                                   false
                              use_vi_cus                                   false
                         use_vi_hc1_full                                   false
                         use_vi_hc1_half                                   false
                      use_vi_hc1_quarter                                   false
                              use_vi_hc2                                   false
                              use_vi_hc3                                   false
                         use_vi_lex_full                                    true
                         use_vi_lex_half                                   false
                      use_vi_lex_quarter                                   false
                              use_vi_qua                                   false
                               use_vi_vc                                   false
                               use_vi_vr                                   false
--------------------------------------------------------------------------------
executing instance: ./input/Instances/Original/4/absH3low_3n30.dat
--------------------------------------------------------------------------------
Instance details
n	31
H	3
C	2841
Li:
[0, 0, 0, 0, 0, 0, 0, 0, 0, 0, 0, 0, 0, 0, 0, 0, 0, 0, 0, 0, 0, 0, 0, 0, 0, 0, 0, 0, 0, 0, 0, ]
Ui:
[0, 246, 98, 54, 144, 171, 192, 180, 165, 98, 122, 198, 297, 144, 130, 129, 219, 138, 142, 150, 108, 66, 64, 285, 180, 204, 276, 168, 240, 198, 122, ]
Distance matrix:
|0	172	56	166	260	198	42	197	296	110	91	112	238	275	323	183	330	232	175	181	162	191	232	280	201	139	356	185	266	216	26	|
|172	0	178	223	320	335	153	355	444	62	231	99	333	376	214	352	176	235	194	106	47	41	353	161	299	175	225	43	326	374	153	|
|56	178	0	110	204	162	93	233	336	125	144	148	187	226	358	180	313	284	123	152	182	185	282	252	256	88	329	177	210	251	42	|
|166	223	110	0	102	150	199	327	431	194	253	237	113	156	431	228	296	386	44	140	248	208	389	218	366	48	287	200	108	344	148	|
|260	320	204	102	0	156	296	391	493	296	340	339	66	90	531	263	362	486	127	226	349	300	469	278	454	148	334	292	6	406	245	|
|198	335	162	150	156	0	239	255	351	286	245	307	93	106	518	111	442	423	194	280	344	335	349	367	352	182	437	327	158	266	199	|
|42	153	93	199	296	239	0	203	296	91	82	76	278	316	284	217	322	191	201	186	133	180	217	281	177	165	356	175	302	222	52	|
|197	355	233	327	391	255	203	0	104	294	125	266	340	361	436	151	524	276	352	377	330	383	109	477	146	319	553	377	395	19	222	|
|296	444	336	431	493	351	296	104	0	384	214	348	440	456	488	241	617	315	456	476	412	475	113	575	176	422	651	470	497	88	322	|
|110	62	125	194	296	286	91	294	384	0	171	55	298	340	238	292	233	210	176	118	58	91	298	201	248	148	273	87	302	313	94	|
|91	231	144	253	340	245	82	125	214	171	0	141	307	339	324	184	403	187	266	266	204	261	140	363	114	230	438	256	346	144	116	|
|112	99	148	237	339	307	76	266	348	55	141	0	332	373	212	292	275	156	225	173	64	137	254	253	200	194	322	135	345	284	108	|
|238	333	187	113	66	93	278	340	440	298	307	332	0	43	536	203	404	469	153	253	354	321	427	322	420	160	385	313	67	353	229	|
|275	376	226	156	90	106	316	361	456	340	339	373	43	0	578	216	443	507	194	295	397	364	453	361	451	203	421	356	88	372	268	|
|323	214	358	431	531	518	284	436	488	238	324	212	536	578	0	498	309	176	407	320	183	245	376	344	312	383	379	251	537	451	319	|
|183	352	180	228	263	111	217	151	241	292	184	292	203	216	498	0	492	371	266	328	345	364	255	426	272	242	501	356	266	159	198	|
|330	176	313	296	362	442	322	524	617	233	403	275	404	443	309	492	0	397	253	164	218	142	529	84	475	260	72	147	367	543	306	|
|232	235	284	386	486	423	191	276	315	210	187	156	469	507	176	371	397	0	379	327	188	276	202	396	139	346	456	277	492	289	242	|
|175	194	123	44	127	194	201	352	456	176	266	225	153	194	407	266	253	379	0	101	225	174	405	174	375	36	244	166	133	370	152	|
|181	106	152	140	226	280	186	377	476	118	266	173	253	295	320	328	164	327	101	0	148	76	403	100	360	98	177	69	232	396	155	|
|162	47	182	248	349	344	133	330	412	58	204	64	354	397	183	345	218	188	225	148	0	89	316	208	259	201	270	90	355	348	149	|
|191	41	185	208	300	335	180	383	475	91	261	137	321	364	245	364	142	276	174	76	89	0	388	119	336	162	185	8	306	402	169	|
|232	353	282	389	469	349	217	109	113	298	140	254	427	453	376	255	529	202	405	403	316	388	0	497	64	369	570	384	474	112	256	|
|280	161	252	218	278	367	281	477	575	201	363	253	322	361	344	426	84	396	174	100	208	119	497	0	449	187	77	119	283	496	255	|
|201	299	256	366	454	352	177	146	176	248	114	200	420	451	312	272	475	139	375	360	259	336	64	449	0	339	521	333	460	156	223	|
|139	175	88	48	148	182	165	319	422	148	230	194	160	203	383	242	260	346	36	98	201	162	369	187	339	0	260	153	154	337	116	|
|356	225	329	287	334	437	356	553	651	273	438	322	385	421	379	501	72	456	244	177	270	185	570	77	521	260	0	187	338	572	331	|
|185	43	177	200	292	327	175	377	470	87	256	135	313	356	251	356	147	277	166	69	90	8	384	119	333	153	187	0	298	396	163	|
|266	326	210	108	6	158	302	395	497	302	346	345	67	88	537	266	367	492	133	232	355	306	474	283	460	154	338	298	0	410	251	|
|216	374	251	344	406	266	222	19	88	313	144	284	353	372	451	159	543	289	370	396	348	402	112	496	156	337	572	396	410	0	241	|
|26	153	42	148	245	199	52	222	322	94	116	108	229	268	319	198	306	242	152	155	149	169	256	255	223	116	331	163	251	241	0	|

--------------------------------------------------------------------------------
Building model...
	using lazy and cut (CVRPSEP package)
Solving IRP LP...
--------------------------------------------------------------------------------

Gurobi 9.1.0 (linux64) logging started Sun Jan 10 01:55:13 2021

Gurobi Optimizer version 9.1.0 build v9.1.0rc0 (linux64)
Thread count: 32 physical cores, 32 logical processors, using up to 2 threads
Optimize a model with 1249 rows, 8014 columns and 19624 nonzeros
Model fingerprint: 0x6dee759d
Variable types: 574 continuous, 7440 integer (465 binary)
Coefficient statistics:
  Matrix range     [1e+00, 2e+09]
  Objective range  [1e-02, 7e+02]
  Bounds range     [1e+00, 3e+02]
  RHS range        [3e+01, 5e+03]
Warning: Model contains large matrix coefficients
         Consider reformulating model or setting NumericFocus parameter
         to avoid numerical issues.
Presolve removed 124 rows and 31 columns
Presolve time: 0.05s
Presolved: 1125 rows, 7983 columns, 18629 nonzeros
Variable types: 543 continuous, 7440 integer (6990 binary)

Root relaxation: objective 2.463279e+03, 2082 iterations, 0.07 seconds

    Nodes    |    Current Node    |     Objective Bounds      |     Work
 Expl Unexpl |  Obj  Depth IntInf | Incumbent    BestBd   Gap | It/Node Time

     0     0 2463.27864    0   96          - 2463.27864      -     -    0s
     0     0 2689.36985    0  143          - 2689.36985      -     -    0s
     0     0 2689.42613    0  141          - 2689.42613      -     -    0s
     0     0 3165.55063    0  159          - 3165.55063      -     -    0s
     0     0 3208.94500    0  214          - 3208.94500      -     -    0s
     0     0 3209.04763    0  161          - 3209.04763      -     -    0s
     0     0 3318.43399    0  255          - 3318.43399      -     -    1s
     0     0 3323.88227    0  250          - 3323.88227      -     -    1s
     0     0 3334.68879    0  272          - 3334.68879      -     -    1s
     0     0 3348.76732    0  260          - 3348.76732      -     -    1s
     0     0 3350.43422    0  260          - 3350.43422      -     -    1s
     0     0 3359.43974    0  283          - 3359.43974      -     -    1s
     0     0 3363.47010    0  284          - 3363.47010      -     -    1s
     0     0 3380.88285    0  275          - 3380.88285      -     -    1s
     0     0 3381.03234    0  280          - 3381.03234      -     -    1s
     0     0 3459.67798    0  287          - 3459.67798      -     -    1s
     0     0 3468.23059    0  275          - 3468.23059      -     -    1s
     0     0 3471.48191    0  262          - 3471.48191      -     -    2s
     0     0 3471.48191    0  252          - 3471.48191      -     -    2s
     0     0 3545.13874    0  291          - 3545.13874      -     -    2s
     0     0 3552.37102    0  319          - 3552.37102      -     -    2s
     0     0 3555.99228    0  285          - 3555.99228      -     -    2s
     0     0 3556.71981    0  314          - 3556.71981      -     -    2s
     0     0 3614.60708    0  302          - 3614.60708      -     -    3s
     0     0 3624.46276    0  303          - 3624.46276      -     -    3s
     0     0 3628.97216    0  383          - 3628.97216      -     -    3s
     0     0 3630.22363    0  381          - 3630.22363      -     -    3s
     0     0 3649.13837    0  396          - 3649.13837      -     -    3s
     0     0 3665.51701    0  346          - 3665.51701      -     -    4s
     0     0 3669.94838    0  308          - 3669.94838      -     -    4s
     0     0 3670.02437    0  328          - 3670.02437      -     -    4s
     0     0 3679.46712    0  351          - 3679.46712      -     -    4s
     0     0 3680.27561    0  308          - 3680.27561      -     -    4s
     0     0 3690.58973    0  321          - 3690.58973      -     -    5s
     0     0 3690.58973    0  321          - 3690.58973      -     -    5s
     0     2 3695.68286    0  319          - 3695.68286      -     -    6s
    38    32 3810.19417   12  235          - 3701.44834      -   414   10s
   212   233 5097.58138   65  100          - 3701.44834      -   203   15s
   415   418 6552.76847  114   32          - 3701.44834      -   130   20s
*  454   418             152    7105.7700000 3701.44834  47.9%   122   21s
   523   417 3992.20211    6  340 7105.77000 3727.67963  47.5%   147   25s
   589   466 4828.53325   22  222 7105.77000 3727.67963  47.5%   151   30s
   595   473 4977.22315   25  250 7105.77000 3727.67963  47.5%   152   36s
   659   534 4568.26482   33  172 7105.77000 3727.67963  47.5%   149   40s
H  761   599                    7065.7700000 3727.67963  47.2%   136   44s
   762   599 4748.19084   45  101 7065.77000 3727.67963  47.2%   136   45s
H  780   580                    7055.9700000 3764.79639  46.6%   133   49s
   783   582 4541.91277   34  566 7055.97000 3765.02244  46.6%   132   50s
H  783   553                    6978.9700000 3766.92900  46.0%   132   50s
   794   561 4541.91277   34  592 6978.97000 3773.66962  45.9%   130   55s
H  795   532                    6605.1100000 3773.66962  42.9%   130   57s
   797   535 3780.01019   13  532 6605.11000 3774.27345  42.9%   149   62s
   799   536 3792.31217   14  406 6605.11000 3791.41036  42.6%   150   65s
   825   553 3938.80901   21  273 6605.11000 3828.50980  42.0%   160   71s
   849   569 4150.59574   27  206 6605.11000 3828.50980  42.0%   165   75s
   906   607 4556.71903   42  164 6605.11000 3828.50980  42.0%   177   80s
  1002   675 4924.90060   72  108 6605.11000 3828.50980  42.0%   178   85s
  1045   729 5216.47891   84   72 6605.11000 3828.50980  42.0%   177   90s
  1274   829 3906.96566   20  372 6605.11000 3829.30220  42.0%   164   95s
  1444   946 4004.75747   27  379 6605.11000 3829.30220  42.0%   158  100s
  1532   938 4260.09867   39  267 6605.11000 3829.30220  42.0%   160  105s
  1581   970 4029.42407   24  438 6605.11000 3829.30220  42.0%   167  110s
  1590   987 4475.68796   68  199 6605.11000 3829.30220  42.0%   170  115s
  1662  1040 4867.69443  105  218 6605.11000 3829.30220  42.0%   177  120s
  1767  1138 5312.74713  163  160 6605.11000 3829.30220  42.0%   179  125s
  1917  1187 4175.30305   21  314 6605.11000 3835.02167  41.9%   176  130s
  1966  1224 4242.02978   26  253 6605.11000 3835.02167  41.9%   181  135s
  2056  1336 4832.70532   45  172 6605.11000 3835.02167  41.9%   183  141s
H 2059  1303                    6563.1100000 3835.02167  41.6%   183  141s
  2244  1449 5844.98204  112   59 6563.11000 3891.96517  40.7%   176  147s
  2419  1534 4263.99301   22  214 6563.11000 3891.96517  40.7%   171  155s
  2503  1605 4701.89328   36  275 6563.11000 3891.96517  40.7%   170  160s
  2687  1837 4096.82782   18  270 6563.11000 3899.91851  40.6%   166  167s
  2809  1932 4852.07836   27  158 6563.11000 3899.91851  40.6%   161  170s
  2954  1958 4470.37722   24  183 6563.11000 3920.18523  40.3%   160  175s
  2988  1983 4423.29159   37  355 6563.11000 3920.18523  40.3%   164  180s
  3050  2106 4930.07311   43  224 6563.11000 3920.18523  40.3%   167  186s
  3187  2235 5528.39940   63  149 6563.11000 3920.18523  40.3%   165  201s
  3252  2367 5811.21993   91  116 6563.11000 3920.18523  40.3%   166  205s
  3452  2427 4322.28759   27  248 6563.11000 3933.64650  40.1%   164  212s
  3482  2489 5549.09597   47   76 6563.11000 3938.83606  40.0%   165  215s
  3593  2544 4428.75287   28  215 6563.11000 3938.83606  40.0%   167  222s
  3623  2645 5172.29773   43  127 6563.11000 3958.31805  39.7%   168  226s
  3740  2732 4210.12454   23  293 6563.11000 3958.31805  39.7%   167  230s
  3855  2855 6069.47537   76  124 6563.11000 3958.89445  39.7%   166  235s
  4014  2990 4732.37712   37  285 6563.11000 3966.34103  39.6%   164  252s
  4115  3067 5655.10478   74  203 6563.11000 3967.24463  39.6%   164  256s
  4223  3209 4356.69114   27  298 6563.11000 3977.13553  39.4%   163  260s
  4378  3290 5566.91572   96   95 6563.11000 3978.55544  39.4%   161  266s
  4472  3325 4536.49389   27  316 6563.11000 3978.55544  39.4%   161  270s
  4507  3435 5199.58517   40  227 6563.11000 3980.69457  39.3%   163  275s
  4625  3587 4319.73645   22  281 6563.11000 3980.69457  39.3%   164  282s
  4811  3680 5172.11678   39  228 6563.11000 3980.69457  39.3%   162  288s
  4904  3712 6294.61723  105  191 6563.11000 3980.69457  39.3%   162  301s
  4951  3734     cutoff  119      6563.11000 3998.86520  39.1%   162  305s
  4983  3774 4759.85672   29  288 6563.11000 4002.28318  39.0%   165  310s
  5023  3839 4961.45257   34  220 6563.11000 4002.28318  39.0%   167  315s
  5088  3885 6206.58993   50  144 6563.11000 4003.18218  39.0%   169  321s
  5169  3891 4375.75324   26  392 6563.11000 4004.86000  39.0%   171  328s
  5175  3976 4580.99484   28  161 6563.11000 4004.86000  39.0%   172  334s
  5270  4035 5606.80174   52  163 6563.11000 4008.71201  38.9%   173  340s
  5350  4117 4518.01867   34  267 6563.11000 4008.72517  38.9%   174  352s
  5444  4204 5373.43606   62  200 6563.11000 4015.50826  38.8%   175  358s
  5543  4243 4542.45161   34  345 6563.11000 4015.50826  38.8%   175  372s
  5582  4403 5513.98341   62  198 6563.11000 4020.31386  38.7%   176  379s
  5654  4403 6054.96214  134  140 6563.11000 4020.31386  38.7%   175  380s
H 5743  4153                    6384.1000000 4020.31386  37.0%   175  381s
  5759  4362 4285.87110   18  393 6384.10000 4020.31386  37.0%   175  390s
  5968  4507 5292.37936   36  214 6384.10000 4020.54300  37.0%   172  405s
  6152  4573 4446.57045   31  334 6384.10000 4024.09405  37.0%   170  413s
* 6194  4568             219    6379.6300000 4024.09405  36.9%   171  413s
* 6195  4562             218    6375.6300000 4024.09405  36.9%   171  413s
  6221  4707 5840.14356   72  200 6375.63000 4027.19551  36.8%   172  421s
  6406  4764 4633.65793   30  272 6375.63000 4027.19551  36.8%   171  429s
  6435  4764     cutoff  109      6375.63000 4027.19551  36.8%   172  430s
  6479  4853 5353.28376   44  117 6375.63000 4028.86223  36.8%   172  437s
  6576  5001 4472.15325   24  307 6375.63000 4029.24074  36.8%   173  449s
  6654  5001 6315.33345   99   89 6375.63000 4029.24074  36.8%   173  450s
  6749  5041 4234.73127   25  362 6375.63000 4029.36766  36.8%   173  457s
H 6765  4232                    6046.6300000 4029.36766  33.4%   174  457s
  6789  4361 4681.20806   41  313 6046.63000 4029.36766  33.4%   174  465s
  6933  4407 5740.85994   95  176 6046.63000 4035.49300  33.3%   174  473s
  6989  4475 4693.12450   31  280 6046.63000 4035.49300  33.3%   175  479s
  7024  4475 5509.94669   66  287 6046.63000 4035.49300  33.3%   175  480s
  7057  4671 5569.54834   71  228 6046.63000 4035.78845  33.3%   176  489s
  7136  4671 5093.58709   41  119 6046.63000 4035.82255  33.3%   176  490s
  7279  4941 4832.72959   37  218 6046.63000 4036.03056  33.3%   175  504s
  7580  5013 4491.66762   25  372 6046.63000 4037.39769  33.2%   172  513s
  7652  5186 5163.16977   65  255 6046.63000 4037.83280  33.2%   174  524s
  7765  5186 5864.57928  178  133 6046.63000 4037.83280  33.2%   173  525s
H 7853  5186                    6022.6300000 4038.71402  32.9%   173  534s
  7921  5358 4831.56534   42  252 6022.63000 4039.34455  32.9%   175  548s
  8103  5358 5906.69361  156  138 6022.63000 4039.36157  32.9%   173  550s
  8123  5399 4446.33862   24  305 6022.63000 4039.36157  32.9%   174  558s
  8164  5481 4955.93213   30  242 6022.63000 4039.36157  32.9%   176  569s
  8194  5481 5479.18339   40  212 6022.63000 4039.36157  32.9%   177  570s
  8282  5544 5589.89848   42  178 6022.63000 4040.03361  32.9%   178  579s
  8315  5544 5982.89191   52   86 6022.63000 4040.03361  32.9%   178  580s
  8363  5595 4470.13268   24  316 6022.63000 4040.03361  32.9%   180  589s
  8422  5714 4800.46701   40  128 6022.63000 4040.03361  32.9%   182  600s
  8551  5945 5145.23057   61  121 6022.63000 4048.08116  32.8%   184  615s
H 8791  5336                    5865.6700000 4048.08116  31.0%   181  617s
  8804  5432 4210.68277   22  342 5865.67000 4048.25662  31.0%   182  629s
  8836  5432 5425.62508   54  225 5865.67000 4048.25662  31.0%   183  630s
  8912  5613 4155.37749   20  240 5865.67000 4048.25662  31.0%   183  643s
  9111  5688 5158.58059   65   84 5865.67000 4055.16220  30.9%   184  654s
  9195  5864 5253.22565   54  149 5865.67000 4065.75517  30.7%   185  665s
H 9397  5993                    5850.6700000 4065.87991  30.5%   185  677s
  9568  6124 5781.44072  168  156 5850.67000 4065.91750  30.5%   184  688s
  9721  6186 4873.86747   46  239 5850.67000 4070.90267  30.4%   184  699s
  9791  6274 4336.87286   27  386 5850.67000 4070.90267  30.4%   186  709s
  9816  6274 4954.41768   41  304 5850.67000 4070.90267  30.4%   187  710s
  9889  6410 4858.10724   43  161 5850.67000 4070.90267  30.4%   187  721s
 10025  6503 5238.90824  109  110 5850.67000 4073.83307  30.4%   188  732s
 10146  6610 5081.30377   60  155 5850.67000 4082.13088  30.2%   190  742s
 10272  6720 4970.95115   52  239 5850.67000 4083.21089  30.2%   191  753s
 10408  6894 4861.27535   41  122 5850.67000 4084.76919  30.2%   192  765s
 10602  7008 5070.84821   42  174 5850.67000 4089.12475  30.1%   191  777s
 10745  7078 4301.26288   28  416 5850.67000 4089.58895  30.1%   192  788s
 10815  7259 4497.47857   34  328 5850.67000 4089.58895  30.1%   194  802s
 11053  7359 4627.80279   44  307 5850.67000 4089.58895  30.1%   193  813s
 11173  7442 5406.29980   71   74 5850.67000 4093.16360  30.0%   195  824s
 11208  7442 5626.96097   88   57 5850.67000 4093.16360  30.0%   195  825s
 11301  7577 5101.81624   57  261 5850.67000 4094.44281  30.0%   196  835s
 11453  7604 5434.37302   59  247 5850.67000 4096.84002  30.0%   197  847s
H11491  6463                    5636.1400000 4097.60724  27.3%   197  847s
 11498  6477 4723.02575   32  303 5636.14000 4097.60724  27.3%   197  861s
 11523  6599 5484.00697   53  265 5636.14000 4098.05301  27.3%   197  872s
 11681  6704 4678.68253   29  169 5636.14000 4102.93746  27.2%   198  883s
 11809  6790 4966.22334   36  301 5636.14000 4104.32567  27.2%   199  894s
 11848  6790 4702.61331   37  259 5636.14000 4104.32567  27.2%   200  895s
 11911  6874 4968.72778   48  271 5636.14000 4104.60950  27.2%   201  906s
 12032  6959 5112.62324   40  252 5636.14000 4107.16881  27.1%   202  918s
 12138  7299 4691.32921   28  210 5636.14000 4107.80539  27.1%   203  933s
 12521  7443 5324.50339  123   38 5636.14000 4108.83829  27.1%   202  946s
 12737  7551 5227.63060   64  316 5636.14000 4117.88974  26.9%   202  959s
 12879  7686 5107.02514   56  132 5636.14000 4123.81435  26.8%   202  971s
 13063  7742 5426.99660   60  200 5636.14000 4124.40736  26.8%   203  983s
 13127  7827 5215.99065   49  263 5636.14000 4124.95125  26.8%   204  993s
 13250  7973 5170.24304   57  268 5636.14000 4125.39267  26.8%   206 1006s
*13390  3857              67    5073.1400000 4129.15015  18.6%   206 1007s
 13437  3888 4881.94482   57  112 5073.14000 4129.43964  18.6%   206 1019s
 13570  3930 4416.03512   27  347 5073.14000 4129.90692  18.6%   208 1030s
 13612  3979 4722.23605   39  315 5073.14000 4130.53704  18.6%   210 1042s
 13693  3998 4598.88264   34  278 5073.14000 4132.31339  18.5%   212 1055s
 13759  4086 4420.44737   22  275 5073.14000 4133.53058  18.5%   213 1068s
 13866  4150 4771.37276   34  187 5073.14000 4134.40829  18.5%   213 1080s
 13953  4210 4808.91486   44  276 5073.14000 4134.53765  18.5%   215 1092s
 14045  4259 4775.95708   43  332 5073.14000 4140.84188  18.4%   217 1104s
 14121  4325 4583.83230   26  269 5073.14000 4144.63772  18.3%   218 1115s
 14206  4388 4953.50690   32  330 5073.14000 4145.19991  18.3%   220 1126s
 14316  4476 4706.01079   26  272 5073.14000 4149.27163  18.2%   222 1139s
 14438  4560 4721.14053   28  281 5073.14000 4152.72724  18.1%   223 1151s
 14560  4610 4997.65883   39  257 5073.14000 4156.57274  18.1%   224 1164s
 14630  4690 4748.09315   36  238 5073.14000 4157.21785  18.1%   226 1176s
 14760  4778 4292.33828   29  304 5073.14000 4158.70179  18.0%   228 1188s
 14880  4872 4857.74576   34  234 5073.14000 4161.04630  18.0%   229 1202s
 15043  4967 4552.54633   25  290 5073.14000 4161.54258  18.0%   230 1215s
 15188  5060 4552.04259   30  420 5073.14000 4162.32054  18.0%   231 1229s
 15321  5060 4759.57202   43  144 5073.14000 4163.38681  17.9%   232 1230s
 15323  5140 4948.16742   34  197 5073.14000 4163.73390  17.9%   232 1241s
 15461  5221 infeasible   47      5073.14000 4166.55629  17.9%   234 1255s
 15590  5277 4885.91091   34  280 5073.14000 4167.80842  17.8%   235 1267s
 15682  5338 4968.16878   39  211 5073.14000 4169.74434  17.8%   236 1280s
H15768  5265                    5056.1400000 4169.74434  17.5%   238 1292s
 15842  5341 4938.03549   35  258 5056.14000 4170.63343  17.5%   239 1305s
 15956  5417 4309.76554   28  383 5056.14000 4172.76765  17.5%   240 1318s
 16068  5477 4979.32536   46  326 5056.14000 4174.91789  17.4%   241 1331s
 16174  5586 4533.84430   40  320 5056.14000 4178.41216  17.4%   243 1345s
 16314  5666 4410.29509   33  288 5056.14000 4178.60208  17.4%   244 1358s
 16451  5739 4972.23456   51  342 5056.14000 4180.34047  17.3%   245 1372s
 16572  5858 4564.95725   29  216 5056.14000 4183.08828  17.3%   247 1387s
 16731  5938 4371.81113   25  369 5056.14000 4184.19811  17.2%   247 1402s
 16843  6061 4424.64668   27  368 5056.14000 4184.70113  17.2%   249 1415s
 17014  6131 4494.14175   30  283 5056.14000 4189.65275  17.1%   249 1429s
 17162  6211 4332.20261   29  347 5056.14000 4191.36312  17.1%   251 1442s
 17278  6268 4834.33575   44  295 5056.14000 4193.29087  17.1%   252 1456s
 17367  6333 4413.50948   25  294 5056.14000 4194.84438  17.0%   253 1470s
 17474  6443 5009.23153   42  104 5056.14000 4196.22968  17.0%   254 1485s
 17608  6534 4752.35152   48  184 5056.14000 4196.91786  17.0%   256 1586s
H17777  5036                    4917.6099939 4198.48954  14.6%   256 1587s
H17778  5004                    4915.6100000 4198.48954  14.6%   256 1603s
 17831  5061 4867.31640   37  323 4915.61000 4198.84377  14.6%   257 1618s
 17945  5124     cutoff   52      4915.61000 4201.39616  14.5%   258 1632s
 18060  5209 4586.78145   33  273 4915.61000 4202.08026  14.5%   260 1646s
 18230  5278 4623.23020   27  271 4915.61000 4204.81726  14.5%   261 1662s
 18363  5347 4351.49491   24  310 4915.61000 4206.61703  14.4%   262 1677s
 18496  5428 4535.71041   28  355 4915.61000 4207.75670  14.4%   263 1691s
 18623  5503 4333.63794   24  353 4915.61000 4209.86746  14.4%   264 1706s
 18755  5571 4674.72422   34  270 4915.61000 4211.27006  14.3%   266 1721s
 18875  5656 4850.98593   33  286 4915.61000 4213.08416  14.3%   267 1737s
 18992  5720 4847.48242   41  242 4915.61000 4215.89344  14.2%   269 1753s
 19154  5756 4622.69539   36  303 4915.61000 4219.22908  14.2%   269 1767s
 19286  5811 4830.11976   34  306 4915.61000 4221.53512  14.1%   271 1782s
 19399  5867 4692.00111   38  203 4915.61000 4225.64238  14.0%   272 1799s
 19507  5939 4576.23594   31  328 4915.61000 4226.47694  14.0%   274 1814s
 19658  6001 4419.71173   23  324 4915.61000 4229.51477  14.0%   275 1830s
 19767  6051 4715.63099   22  266 4915.61000 4230.75774  13.9%   276 1847s
 19879  6121     cutoff   42      4915.61000 4233.11219  13.9%   277 1862s
 19987  6192 4498.78660   28  311 4915.61000 4233.95210  13.9%   279 1877s
 20139  6281 4296.01726   21  242 4915.61000 4236.27358  13.8%   280 1894s
 20215  6281 4665.74177   39  235 4915.61000 4236.87948  13.8%   280 1895s
 20288  6334     cutoff   33      4915.61000 4237.39268  13.8%   281 1909s
 20399  6406 4772.60772   44  264 4915.61000 4238.50441  13.8%   282 1925s
 20527  6501 4773.70328   40  210 4915.61000 4241.05597  13.7%   284 1942s
 20685  6575 4683.18599   28  249 4915.61000 4242.93982  13.7%   284 1958s
 20825  6656 4675.91768   40  195 4915.61000 4243.93885  13.7%   286 1975s
 20948  6726 4595.23280   31  344 4915.61000 4244.59142  13.7%   287 1992s
 21089  6779 4890.32830   39  193 4915.61000 4245.44355  13.6%   288 2009s
 21191  6851 4629.44265   25  248 4915.61000 4247.14119  13.6%   290 2025s
 21310  6870 4859.47331   42  257 4915.61000 4247.70655  13.6%   291 2041s
 21439  6944     cutoff   40      4915.61000 4248.00755  13.6%   293 2057s
 21576  7006 4473.33254   33  226 4915.61000 4248.71649  13.6%   294 2075s
 21688  7059 4862.66194   29  324 4915.61000 4249.48430  13.6%   295 2091s
 21805  7126 4809.80184   37  312 4915.61000 4250.86632  13.5%   296 2108s
 21952  7214 4359.79786   34  331 4915.61000 4252.91508  13.5%   297 2125s
 22102  7297 4425.72365   30  310 4915.61000 4255.59168  13.4%   298 2141s
 22261  7421 4819.14031   30  148 4915.61000 4257.07541  13.4%   299 2159s
 22349  7421 4793.84499   42  279 4915.61000 4259.34004  13.4%   299 2160s
 22472  7516 4606.43260   27  127 4915.61000 4259.49960  13.3%   299 2177s
 22649  7589 4789.93786   40  269 4915.61000 4260.92566  13.3%   300 2193s
 22796  7680 4320.16119   34  286 4915.61000 4263.78075  13.3%   301 2211s
 22982  7769 4627.75284   35  313 4915.61000 4264.51272  13.2%   302 2228s
 23164  7864 4745.26191   38  330 4915.61000 4267.04821  13.2%   302 2246s
 23323  7962 4463.91395   38  310 4915.61000 4268.41538  13.2%   303 2264s
 23495  8017 4671.59031   39  220 4915.61000 4269.98752  13.1%   304 2281s
 23628  8105 4874.99824   32  211 4915.61000 4271.03587  13.1%   305 2299s
 23783  8197 4798.82484   42  254 4915.61000 4272.14428  13.1%   306 2316s
 23941  8257     cutoff   45      4915.61000 4274.09461  13.1%   306 2333s
 24080  8304 4503.83201   29  374 4915.61000 4275.75879  13.0%   307 2351s
 24269  8403     cutoff   50      4915.61000 4276.76633  13.0%   308 2368s
 24426  8490 4487.06539   30  257 4915.61000 4277.66634  13.0%   309 2387s
 24581  8577 4623.68251   34  266 4915.61000 4278.48160  13.0%   310 2405s
 24737  8622 4548.45672   27  267 4915.61000 4278.99055  13.0%   311 2422s
 24835  8696 4905.02013   38  295 4915.61000 4280.48081  12.9%   312 2440s
 24994  8755 4770.28826   37  216 4915.61000 4281.65428  12.9%   313 2459s
 25139  8845     cutoff   55      4915.61000 4282.61840  12.9%   314 2476s
 25321  8925 4765.54590   43  222 4915.61000 4284.67524  12.8%   314 2494s
 25402  8925 4478.90613   24  249 4915.61000 4285.28427  12.8%   314 2495s
 25473  9006 4664.49020   32  341 4915.61000 4285.51455  12.8%   315 2512s
 25603  9160 4665.47140   21  338 4915.61000 4286.42807  12.8%   316 2531s
 25815  9253 4439.26442   23  210 4915.61000 4287.38111  12.8%   316 2549s
 25854  9253 4906.02094   42  165 4915.61000 4287.38111  12.8%   317 2550s
 25989  9368 4488.91840   33  314 4915.61000 4288.46210  12.8%   317 2568s
 26158  9440 4801.26888   35  294 4915.61000 4289.65799  12.7%   318 2586s
 26343  9485 4480.43800   31  337 4915.61000 4291.05879  12.7%   318 2604s
 26446  9561 4685.63166   31  405 4915.61000 4291.72326  12.7%   319 2621s
 26598  9632     cutoff   40      4915.61000 4292.69471  12.7%   320 2639s
 26743  9714 4590.88419   34  329 4915.61000 4294.17355  12.6%   320 2655s
 26891  9791 4895.01173   34  293 4915.61000 4294.78157  12.6%   321 2674s
 27046  9916 4571.25652   30  275 4915.61000 4295.64374  12.6%   322 2692s
 27227 10034 4842.34533   42   62 4915.61000 4296.73054  12.6%   323 2711s
 27450 10122     cutoff   27      4915.61000 4298.77412  12.5%   323 2729s
 27529 10122 4838.22897   38  162 4915.61000 4300.09967  12.5%   323 2730s
 27632 10212 4805.31114   41  297 4915.61000 4300.75737  12.5%   323 2748s
 27796 10291 4423.56749   27  277 4915.61000 4301.90805  12.5%   324 2765s
 27973 10384 4574.16330   31  258 4915.61000 4303.68599  12.4%   325 2783s
 28132 10518 4490.03240   32  317 4915.61000 4305.05895  12.4%   325 2802s
 28357 10582     cutoff   34      4915.61000 4306.23228  12.4%   325 2821s
 28534 10669 4419.35855   24  223 4915.61000 4307.89144  12.4%   326 2839s
 28710 10746 4742.18720   45  320 4915.61000 4309.46538  12.3%   326 2857s
 28847 10802 4878.05650   51  244 4915.61000 4310.31651  12.3%   327 2875s
 28989 10881 4480.68064   27  335 4915.61000 4310.96859  12.3%   328 2893s
 29163 10988 4474.68541   23  241 4915.61000 4312.22157  12.3%   329 2912s
 29362 11060 4682.50158   30  256 4915.61000 4313.58851  12.2%   329 2930s
 29530 11184 4854.34522   37  243 4915.61000 4314.34857  12.2%   330 2949s
 29768 11265 4453.61481   25  280 4915.61000 4316.78125  12.2%   330 2967s
 29971 11372 4844.89789   33  275 4915.61000 4318.36254  12.2%   330 2987s
 30160 11434 4651.03072   35  309 4915.61000 4319.58798  12.1%   330 3005s
 30297 11471 4792.11212   40  275 4915.61000 4321.20649  12.1%   331 3030s
 30346 11516 4747.66438   36  290 4915.61000 4321.56461  12.1%   332 3053s
 30474 11602 4819.10641   44  269 4915.61000 4321.90878  12.1%   332 3072s
 30650 11648 4758.24677   35  262 4915.61000 4323.99279  12.0%   333 3090s
 30790 11749     cutoff   35      4915.61000 4325.10143  12.0%   333 3108s
 30971 11893 4787.34646   39  264 4915.61000 4326.63106  12.0%   334 3127s
 31189 11970 4735.84939   35  257 4915.61000 4328.11465  12.0%   334 3146s
 31346 12031 4768.27843   32  285 4915.61000 4329.19874  11.9%   335 3164s
 31497 12145 4564.54170   28  206 4915.61000 4329.78548  11.9%   335 3182s
 31693 12239 4481.81505   32  362 4915.61000 4330.67126  11.9%   335 3201s
 31871 12336 4872.11571   37  103 4915.61000 4331.04410  11.9%   336 3220s
 32076 12461 4429.58632   28  296 4915.61000 4332.00332  11.9%   336 3240s
 32279 12551 4773.06682   34  196 4915.61000 4332.46922  11.9%   336 3259s
 32348 12551 4902.78993   45  292 4915.61000 4332.46922  11.9%   336 3260s
 32463 12623 4806.06774   27  242 4915.61000 4333.58260  11.8%   337 3278s
 32628 12705 4695.21566   35  357 4915.61000 4334.10575  11.8%   337 3296s
 32830 12801 4636.19882   31  304 4915.61000 4335.04395  11.8%   338 3315s
 33009 12892 4692.01140   27  306 4915.61000 4336.18346  11.8%   338 3335s
 33206 12957 4699.58203   33  234 4915.61000 4337.51001  11.8%   338 3353s
 33363 13037 4812.43134   38  238 4915.61000 4337.81058  11.8%   339 3460s
 33515 13134 4437.19583   24  300 4915.61000 4339.23469  11.7%   340 3480s
 33714 13207 4519.76654   37  371 4915.61000 4340.28402  11.7%   340 3500s
 33901 13291 4602.99528   36  312 4915.61000 4341.32912  11.7%   340 3519s
 34066 13383 4453.01599   33  324 4915.61000 4341.77246  11.7%   341 3538s
 34256 13489 4442.61940   27  270 4915.61000 4342.32215  11.7%   341 3558s
 34456 13572 4727.99232   42  191 4915.61000 4343.58030  11.6%   341 3578s
 34633 13651     cutoff   32      4915.61000 4344.42602  11.6%   342 3597s
 34792 13662 4915.07287   47  310 4915.61000 4346.56921  11.6%   342 3600s

Cutting planes:
  User: 5068
  Gomory: 22
  Cover: 433
  Implied bound: 58
  Projected implied bound: 4
  Clique: 4
  MIR: 213
  StrongCG: 1
  Flow cover: 426
  Zero half: 14
  RLT: 365
  Relax-and-lift: 13
  Lazy constraints: 504

Explored 34818 nodes (11940729 simplex iterations) in 3600.19 seconds
Thread count was 2 (of 32 available processors)

Solution count 10: 4915.61 4917.61 5056.14 ... 6375.63

Time limit reached
Best objective 4.915610000000e+03, best bound 4.346569207506e+03, gap 11.5762%

User-callback calls 390156, time in user-callback 230.68 sec
================================================================================
executing instance: ./input/Instances/Original/4/absH3low_3n10.dat
--------------------------------------------------------------------------------
Instance details
n	11
H	3
C	687
Li:
[0, 0, 0, 0, 0, 0, 0, 0, 0, 0, 0, ]
Ui:
[0, 189, 44, 174, 78, 36, 198, 117, 42, 96, 240, ]
Distance matrix:
|0	209	255	286	142	156	285	317	182	161	135	|
|209	0	464	451	315	356	490	469	361	299	260	|
|255	464	0	221	202	130	74	280	189	254	273	|
|286	451	221	0	145	156	164	479	354	153	192	|
|142	315	202	145	0	73	194	388	250	53	73	|
|156	356	130	156	73	0	134	332	200	127	144	|
|285	490	74	164	194	134	0	353	256	239	267	|
|317	469	280	479	388	332	353	0	141	436	430	|
|182	361	189	354	250	200	256	141	0	296	289	|
|161	299	254	153	53	127	239	436	296	0	39	|
|135	260	273	192	73	144	267	430	289	39	0	|

--------------------------------------------------------------------------------
Building model...
	using lazy and cut (CVRPSEP package)
Solving IRP LP...
--------------------------------------------------------------------------------

Gurobi 9.1.0 (linux64) logging started Sun Jan 10 02:55:17 2021

Gurobi Optimizer version 9.1.0 build v9.1.0rc0 (linux64)
Thread count: 32 physical cores, 32 logical processors, using up to 2 threads
Optimize a model with 449 rows, 1184 columns and 3584 nonzeros
Model fingerprint: 0x5d10051f
Variable types: 194 continuous, 990 integer (165 binary)
Coefficient statistics:
  Matrix range     [1e+00, 2e+03]
  Objective range  [1e-02, 5e+02]
  Bounds range     [1e+00, 2e+02]
  RHS range        [2e+01, 1e+03]
Presolve removed 44 rows and 11 columns
Presolve time: 0.01s
Presolved: 405 rows, 1173 columns, 3249 nonzeros
Variable types: 183 continuous, 990 integer (840 binary)
Found heuristic solution: objective 7312.0600000

Root relaxation: objective 2.071068e+03, 882 iterations, 0.03 seconds

    Nodes    |    Current Node    |     Objective Bounds      |     Work
 Expl Unexpl |  Obj  Depth IntInf | Incumbent    BestBd   Gap | It/Node Time

     0     0 2071.06755    0   53 7312.06000 2071.06755  71.7%     -    0s
     0     0 2335.29648    0   73 7312.06000 2335.29648  68.1%     -    0s
H    0     0                    7233.0600000 2335.29648  67.7%     -    0s
     0     0 2358.04978    0   70 7233.06000 2358.04978  67.4%     -    0s
     0     0 2599.40007    0  100 7233.06000 2599.40007  64.1%     -    0s
H    0     0                    6994.0600000 2599.40007  62.8%     -    0s
     0     0 2638.63994    0  108 6994.06000 2638.63994  62.3%     -    0s
     0     0 2638.97900    0  113 6994.06000 2638.97900  62.3%     -    0s
     0     0 2796.02890    0  139 6994.06000 2796.02890  60.0%     -    0s
H    0     0                    5492.0000000 2796.02890  49.1%     -    0s
     0     0 2804.52592    0  121 5492.00000 2804.52592  48.9%     -    0s
     0     0 2804.62138    0  121 5492.00000 2804.62138  48.9%     -    0s
     0     0 2841.24281    0  113 5492.00000 2841.24281  48.3%     -    0s
H    0     0                    5462.0000000 2841.24281  48.0%     -    0s
     0     0 2843.57385    0  128 5462.00000 2843.57385  47.9%     -    0s
     0     0 2843.84870    0  116 5462.00000 2843.84870  47.9%     -    0s
     0     0 2933.96875    0  133 5462.00000 2933.96875  46.3%     -    0s
     0     0 2938.46968    0  138 5462.00000 2938.46968  46.2%     -    0s
     0     0 2938.60524    0  143 5462.00000 2938.60524  46.2%     -    0s
     0     0 2969.81519    0  121 5462.00000 2969.81519  45.6%     -    0s
     0     0 3013.14690    0  151 5462.00000 3013.14690  44.8%     -    0s
     0     0 3015.73804    0  161 5462.00000 3015.73804  44.8%     -    0s
     0     0 3018.83842    0  158 5462.00000 3018.83842  44.7%     -    0s
     0     0 3019.36760    0  172 5462.00000 3019.36760  44.7%     -    0s
     0     0 3025.01597    0  127 5462.00000 3025.01597  44.6%     -    0s
H    0     0                    5418.0000000 3025.01597  44.2%     -    0s
     0     0 3025.28747    0  127 5418.00000 3025.28747  44.2%     -    0s
     0     0 3057.82893    0  104 5418.00000 3057.82893  43.6%     -    0s
H    0     0                    5128.7500000 3057.82893  40.4%     -    0s
     0     0 3057.82893    0   96 5128.75000 3057.82893  40.4%     -    0s
     0     0 3058.03192    0  113 5128.75000 3058.03192  40.4%     -    0s
     0     0 3063.35766    0   57 5128.75000 3063.35766  40.3%     -    0s
     0     2 3064.44588    0  120 5128.75000 3064.44588  40.2%     -    0s
H   27    28                    4744.7500000 3095.59689  34.8%   240    1s
H   85    83                    4519.7500000 3095.59689  31.5%   146    2s
H  116   121                    4411.7499198 3095.59689  29.8%   111    2s
H  158   151                    3992.1000000 3095.59689  22.5%  83.5    2s
H  193   175                    3933.5800000 3095.59689  21.3%  71.2    2s
H  222   190                    3713.5800000 3096.85080  16.6%  75.7    2s
*  262   215              23    3712.3200000 3096.85080  16.6%  69.3    3s
   600   337 3480.95971   11   56 3712.32000 3212.46743  13.5%  89.9    5s
  1049   401 3504.70899   22  102 3712.32000 3304.00603  11.0%  89.8   10s

Cutting planes:
  User: 191
  Gomory: 14
  Cover: 131
  Implied bound: 30
  Projected implied bound: 12
  Clique: 4
  MIR: 139
  StrongCG: 4
  Flow cover: 219
  Inf proof: 5
  Zero half: 4
  Network: 3
  RLT: 162
  Relax-and-lift: 8
  Lazy constraints: 3

Explored 2110 nodes (148678 simplex iterations) in 14.65 seconds
Thread count was 2 (of 32 available processors)

Solution count 10: 3712.32 3713.58 3933.58 ... 5462

Optimal solution found (tolerance 1.00e-04)
Best objective 3.712320000000e+03, best bound 3.712320000000e+03, gap 0.0000%

User-callback calls 6559, time in user-callback 1.40 sec
================================================================================
executing instance: ./input/Instances/Original/4/absH3low_3n15.dat
--------------------------------------------------------------------------------
Instance details
n	16
H	3
C	1267
Li:
[0, 0, 0, 0, 0, 0, 0, 0, 0, 0, 0, 0, 0, 0, 0, 0, ]
Ui:
[0, 156, 267, 148, 144, 87, 33, 171, 76, 141, 270, 282, 60, 110, 172, 57, ]
Distance matrix:
|0	229	567	76	58	96	306	409	310	423	108	346	165	347	159	256	|
