




arguments: ./build/mirp_solver -f ./input/orig_exec_232.cfg
Current dir: /scratch/gui/bnc_mirp
File verbosity level: 9
date       time         ( uptime  ) [ thread name/id ]                   file:line     v| 
2021-01-10 14:12:25.512 (   0.062s) [main thread     ]             loguru.cpp:789   INFO| Logging to './output/vi_lex_full/OU/V5/Original/execution_10_01_2021_14_12_25.log', mode: 'a', verbosity: 9
--------------------------------------------------------------------------------
Parameters
                           instance_path           ./input/Instances/Original/6/
                            model_policy                                       1
                             nb_vehicles                                       5
                              output_dir    ./output/vi_lex_full/OU/V5/Original/
                            sec_strategy                                       1
                       solver_nb_threads                                       2
                         solver_show_log                                    true
                       solver_time_limit                                    3600
                              use_vi_cos                                   false
                              use_vi_cus                                   false
                         use_vi_hc1_full                                   false
                         use_vi_hc1_half                                   false
                      use_vi_hc1_quarter                                   false
                              use_vi_hc2                                   false
                              use_vi_hc3                                   false
                         use_vi_lex_full                                    true
                         use_vi_lex_half                                   false
                      use_vi_lex_quarter                                   false
                              use_vi_qua                                   false
                               use_vi_vc                                   false
                               use_vi_vr                                   false
--------------------------------------------------------------------------------
executing instance: ./input/Instances/Original/6/absH6high_1n25.dat
--------------------------------------------------------------------------------
Instance details
n	26
H	6
C	1711
Li:
[0, 0, 0, 0, 0, 0, 0, 0, 0, 0, 0, 0, 0, 0, 0, 0, 0, 0, 0, 0, 0, 0, 0, 0, 0, 0, ]
Ui:
[0, 168, 176, 34, 66, 36, 177, 106, 118, 182, 64, 141, 189, 63, 46, 111, 182, 231, 36, 66, 68, 54, 132, 90, 246, 75, ]
Distance matrix:
|0	191	200	231	334	329	146	196	208	245	218	164	283	394	151	358	156	196	309	253	201	260	127	138	130	104	|
|191	0	226	229	278	146	328	216	390	417	327	293	195	334	106	296	171	122	472	151	12	411	280	53	190	130	|
|200	226	0	38	149	359	321	10	276	274	418	364	139	204	121	173	321	115	303	141	225	236	155	202	311	256	|
|231	229	38	0	110	352	358	37	314	310	448	395	108	167	129	135	342	109	336	120	226	268	194	213	335	277	|
|334	278	149	110	0	367	467	147	422	413	546	495	86	61	203	25	423	163	429	129	271	363	303	282	424	361	|
|329	146	359	352	367	0	453	349	533	562	411	393	282	411	245	378	250	244	617	245	141	556	426	195	284	243	|
|146	328	321	358	467	453	0	321	162	215	160	112	425	524	297	491	223	341	284	397	339	266	186	276	184	210	|
|196	216	10	37	147	349	321	0	281	281	414	360	132	203	112	171	315	105	311	132	216	244	159	193	305	249	|
|208	390	276	314	422	533	162	281	0	54	321	271	410	471	316	445	348	348	123	398	398	115	125	338	313	309	|
|245	417	274	310	413	562	215	281	54	0	375	323	413	457	334	435	393	361	70	406	424	69	139	367	359	349	|
|218	327	418	448	546	411	160	414	321	375	0	57	484	606	347	569	163	393	444	446	339	421	318	288	137	199	|
|164	293	364	395	495	393	112	360	271	323	57	0	437	556	300	519	144	346	393	401	305	367	261	249	109	163	|
|283	195	139	108	86	282	425	132	410	413	484	437	0	139	137	101	349	91	443	44	187	375	286	206	355	291	|
|394	334	204	167	61	411	524	203	471	457	606	556	139	0	264	38	483	222	467	183	326	403	356	341	484	421	|
|151	106	121	129	203	245	297	112	316	334	347	300	137	264	0	225	220	46	381	102	106	316	195	84	221	158	|
|358	296	173	135	25	378	491	171	445	435	569	519	101	38	225	0	444	184	450	145	288	384	328	303	446	383	|
|156	171	321	342	423	250	223	315	348	393	163	144	349	483	220	444	0	261	460	308	183	415	284	143	39	65	|
|196	122	115	109	163	244	341	105	348	361	393	346	91	222	46	184	261	0	402	56	118	336	224	119	264	200	|
|309	472	303	336	429	617	284	311	123	70	444	393	443	467	381	450	460	402	0	442	477	68	192	424	426	413	|
|253	151	141	120	129	245	397	132	398	406	446	401	44	183	102	145	308	56	442	0	143	375	273	164	315	251	|
|201	12	225	226	271	141	339	216	398	424	339	305	187	326	106	288	183	118	477	143	0	416	286	63	202	142	|
|260	411	236	268	363	556	266	244	115	69	421	367	375	403	316	384	415	336	68	375	416	0	135	365	384	363	|
|127	280	155	194	303	426	186	159	125	139	318	261	286	356	195	328	284	224	192	273	286	135	0	232	256	229	|
|138	53	202	213	282	195	276	193	338	367	288	249	206	341	84	303	143	119	424	164	63	365	232	0	153	89	|
|130	190	311	335	424	284	184	305	313	359	137	109	355	484	221	446	39	264	426	315	202	384	256	153	0	64	|
|104	130	256	277	361	243	210	249	309	349	199	163	291	421	158	383	65	200	413	251	142	363	229	89	64	0	|

--------------------------------------------------------------------------------
Building model...
	using lazy and cut (CVRPSEP package)
Solving IRP LP...
--------------------------------------------------------------------------------

Gurobi 9.1.0 (linux64) logging started Sun Jan 10 14:12:25 2021

Gurobi Optimizer version 9.1.0 build v9.1.0rc0 (linux64)
Thread count: 32 physical cores, 32 logical processors, using up to 2 threads
Optimize a model with 2072 rows, 11462 columns and 28952 nonzeros
Model fingerprint: 0x5df25d7c
Variable types: 932 continuous, 10530 integer (780 binary)
Coefficient statistics:
  Matrix range     [1e+00, 7e+07]
  Objective range  [1e-01, 6e+02]
  Bounds range     [1e+00, 2e+02]
  RHS range        [1e+01, 3e+03]
Presolve removed 182 rows and 26 columns
Presolve time: 0.06s
Presolved: 1890 rows, 11436 columns, 27369 nonzeros
Variable types: 906 continuous, 10530 integer (9780 binary)

Root relaxation: objective 1.504889e+04, 3458 iterations, 0.12 seconds

    Nodes    |    Current Node    |     Objective Bounds      |     Work
 Expl Unexpl |  Obj  Depth IntInf | Incumbent    BestBd   Gap | It/Node Time

     0     0 15048.8904    0  270          - 15048.8904      -     -    0s
     0     0 15307.7941    0  282          - 15307.7941      -     -    0s
     0     0 15331.0773    0  267          - 15331.0773      -     -    0s
     0     0 15331.1792    0  278          - 15331.1792      -     -    1s
     0     0 15504.0957    0  341          - 15504.0957      -     -    1s
     0     0 15535.3911    0  304          - 15535.3911      -     -    1s
     0     0 15537.5228    0  308          - 15537.5228      -     -    1s
     0     0 15537.5228    0  297          - 15537.5228      -     -    1s
     0     0 16127.5791    0  410          - 16127.5791      -     -    3s
     0     0 16231.6793    0  475          - 16231.6793      -     -    3s
     0     0 16262.3871    0  428          - 16262.3871      -     -    3s
     0     0 16262.6695    0  428          - 16262.6695      -     -    3s
     0     0 16412.0309    0  478          - 16412.0309      -     -    4s
     0     0 16426.5878    0  503          - 16426.5878      -     -    5s
     0     0 16428.6484    0  529          - 16428.6484      -     -    5s
     0     0 16430.0995    0  537          - 16430.0995      -     -    5s
     0     0 16430.2461    0  526          - 16430.2461      -     -    5s
     0     0 16521.7601    0  519          - 16521.7601      -     -    6s
     0     0 16535.4101    0  537          - 16535.4101      -     -    7s
     0     0 16538.0304    0  561          - 16538.0304      -     -    8s
     0     0 16541.4363    0  589          - 16541.4363      -     -    8s
     0     0 16548.4725    0  568          - 16548.4725      -     -    8s
     0     0 16552.8771    0  595          - 16552.8771      -     -    9s
     0     0 16559.5703    0  563          - 16559.5703      -     -    9s
     0     0 16560.0138    0  568          - 16560.0138      -     -   10s
     0     0 16655.4018    0  534          - 16655.4018      -     -   11s
     0     0 16670.8000    0  615          - 16670.8000      -     -   12s
     0     0 16672.8017    0  557          - 16672.8017      -     -   12s
     0     0 16685.5574    0  668          - 16685.5574      -     -   13s
     0     0 16686.3522    0  477          - 16686.3522      -     -   13s
     0     0 16702.1915    0  487          - 16702.1915      -     -   14s
     0     0 16707.5683    0  686          - 16707.5683      -     -   15s
     0     0 16709.1289    0  656          - 16709.1289      -     -   15s
     0     0 16723.9278    0  627          - 16723.9278      -     -   16s
     0     0 16723.9278    0  603          - 16723.9278      -     -   17s
     0     2 16727.3075    0  506          - 16727.3075      -     -   23s
     1     4 16777.9452    1  607          - 16727.3075      -  4722   25s
     7    10 16831.3283    3  611          - 16768.4824      -  2784   30s
    16    18 16802.4987    5  546          - 16778.4350      -  2529   35s
    27    34 16882.4913    8  479          - 16778.4350      -  2253   40s
    44    47 17029.6608   13  390          - 16778.4350      -  1869   46s
    51    57 17030.3404   15  484          - 16778.4350      -  1921   50s
    79    85 17175.1072   23  446          - 16778.4350      -  1537   55s
    98   103 17255.2459   28  464          - 16778.4350      -  1407   60s
   115   116 17444.4178   34  429          - 16778.4350      -  1363   66s
   127   123 17037.2673    5  546          - 16778.4350      -  1389   70s
   142   140 17070.5363   11  757          - 16778.4350      -  1378   77s
   167   176 17125.7114   13  629          - 16778.4350      -  1275   81s
   187   185 17208.8150   15  627          - 16778.4350      -  1178   85s
   223   215 17272.0262   19  647          - 16778.4350      -  1092   91s
   250   251 17323.4921   22  515          - 16778.4350      -  1040   96s
   292   304 17388.9073   26  654          - 16778.4350      -   959  102s
   329   338 17486.0054   30  482          - 16778.4350      -   881  105s
   402   408 17685.7395   36  426          - 16778.4350      -   777  111s
   447   449 18135.9543   43  376          - 16778.4350      -   730  116s
   516   483 18416.4040   62  378          - 16778.4350      -   683  122s
   536   504 18686.7043   73  316          - 16778.4350      -   679  125s
   577   543 19194.6785   91  306          - 16778.4350      -   671  132s
   596   559 19393.5103  100  286          - 16791.5519      -   664  137s
   624   566 17044.1733    5  671          - 16791.5519      -   664  141s
   642   592 17156.7997    9  708          - 16791.5519      -   680  148s
   657   603 17195.7845   14  649          - 16791.5519      -   683  152s
   668   627 17239.9932   16  588          - 16791.5519      -   683  155s
   715   667 17272.9658   20  602          - 16791.5519      -   678  163s
   739   668 16831.3283    4  603          - 16791.5519      -   674  167s
   743   671 20208.6118  170  344          - 16791.5519      -   670  170s
   748   674 17252.5905   23  713          - 16984.3644      -   666  176s
   754   678 21074.6015  186  813          - 17047.8408      -   661  180s
   762   683 17143.8919    5  847          - 17143.8919      -   654  185s
   767   687 17831.4144   68  869          - 17176.8889      -   649  190s
   773   691 19079.0240  124  846          - 17185.7774      -   644  195s
   781   697 17252.7791   17  255          - 17187.4674      -   697  200s
   787   701 17221.4913    9  670          - 17187.4674      -   691  206s
   792   705 17486.0087   31  775          - 17202.0382      -   687  210s
   801   711 17225.6424   11  827          - 17225.6424      -   679  215s
   807   715 17927.9225   38  828          - 17234.3472      -   674  220s
   810   717 17797.2185   58  896          - 17238.0046      -   672  229s
   811   717 19305.3805  143  886          - 17238.0046      -   671  230s
   813   722 17274.8968   24  824          - 17239.5866      -   717  243s
   815   723 17277.1170   25  819          - 17244.3751      -   716  254s
   817   724 17349.6463   25  750          - 17247.3637      -   719  264s
   819   726 17305.8328   26  785          - 17250.0323      -   722  269s
   821   723 infeasible   26               - 17253.0502      -   728  270s
   826   726 17375.3023   27  652          - 17276.6611      -   732  278s
   828   728 17348.2170   28  719          - 17276.6741      -   737  280s
   834   732 17377.9871   29  719          - 17297.1761      -   751  286s
   841   735 17418.1937   31  595          - 17297.1761      -   757  292s
   848   741 17507.1262   33  481          - 17297.1761      -   772  296s
   852   744 17419.9669   34  503          - 17297.1761      -   774  300s
   860   750 17493.6755   36  504          - 17297.1761      -   787  317s
   870   755 17546.4515   39  481          - 17297.1761      -   797  323s
   873   761 17566.1457   40  512          - 17297.1761      -   808  326s
   880   762 infeasible   42               - 17297.1761      -   811  330s
   895   773 17597.8408   47  546          - 17297.1761      -   812  335s
   911   785 17704.3375   51  570          - 17297.1761      -   818  341s
   930   799 17851.2023   55  549          - 17297.1761      -   819  347s
   941   804 17709.2553   58  573          - 17297.1761      -   818  350s
   958   815 17768.2454   63  646          - 17297.1761      -   823  356s
   980   834 17807.3596   69  656          - 17297.1761      -   827  363s
   993   841 17821.3600   73  696          - 17297.1761      -   831  367s
  1004   853 17833.1153   75  694          - 17297.1761      -   833  371s
  1020   866 18021.8601   79  632          - 17297.1761      -   835  375s
  1058   884 17942.6726   85  607          - 17297.1761      -   830  383s
  1079   895 18045.8022   90  594          - 17297.1761      -   829  387s
  1097   905 18062.0591   93  589          - 17297.1761      -   828  391s
  1115   917 18436.0405   96  583          - 17297.1761      -   830  396s
  1137   923 18462.6923   99  594          - 17297.1761      -   835  400s
  1150   935 18449.8316  100  572          - 17297.1761      -   837  405s
  1167   956 18474.6343  103  635          - 17297.1761      -   840  410s
  1193   970 18486.8218  106  597          - 17297.1761      -   839  415s
  1216   989 18550.3492  111  669          - 17297.1761      -   843  420s
  1243  1014 18570.0439  115  560          - 17297.1761      -   842  426s
  1277  1036 18595.0522  120  634          - 17297.1761      -   838  433s
  1312  1067 18683.7217  122  579          - 17297.1761      -   832  439s
  1357  1100 19022.5323  127  500          - 17297.1761      -   824  446s
  1405  1132 18661.8863  133  503          - 17297.1761      -   816  452s
  1453  1176 18677.5808  139  483          - 17297.1761      -   808  459s
  1513  1221 18700.8216  147  495          - 17297.1761      -   795  466s
  1579  1246 18786.1547  154  521          - 17297.1761      -   781  474s
  1626  1292 18872.6675  160  524          - 17297.1761      -   777  481s
  1687  1337 18846.0134  168  541          - 17297.1761      -   767  489s
  1729  1323 19368.6150  331  299          - 17297.1761      -   761  490s
  1757  1380 18912.4309  176  519          - 17297.1761      -   754  498s
  1823  1420 19000.4360  185  507          - 17297.1761      -   745  506s
  1889  1464 19034.2208  194  474          - 17297.1761      -   739  514s
  1955  1516 19113.9788  202  458          - 17297.1761      -   733  523s
  2029  1562 19217.4721  211  461          - 17297.1761      -   725  533s
  2104  1620 19352.6149  217  439          - 17297.1761      -   718  542s
  2195  1623 19320.4905  228  472          - 17297.1761      -   708  555s
  2257  1632 19384.7510  239  457          - 17297.1761      -   706  564s
  2287  1656 19800.1185  250  432          - 17297.1761      -   711  573s
  2321  1682 19445.6291  263  473          - 17297.1761      -   715  583s
  2360  1700 19488.4935  279  449          - 17297.1761      -   720  593s
  2391  1731 19547.3304  292  490          - 17297.1761      -   727  602s
  2432  1763 19857.1819  305  432          - 17297.1761      -   730  613s
  2478  1801 19740.1002  320  496          - 17297.1761      -   731  624s
  2531  1848 19811.2046  335  457          - 17297.1761      -   733  635s
  2596  1914 19893.7320  349  475          - 17297.1761      -   733  647s
  2684  1985 20023.1254  364  443          - 17297.1761      -   727  661s
  2786  2127 20716.5767  378  416          - 17297.1761      -   714  675s
  2962  2224 20799.7038  402  430          - 17297.1761      -   687  690s
  3118  2382 21404.1630  423  405          - 17297.1761      -   666  705s
  3279  2499 21113.8312  444  444          - 17297.1761      -   649  721s
  3441  2550 21148.9219  471  412          - 17297.1761      -   636  736s
  3510  2616 21232.4750  496  425          - 17297.1761      -   639  751s
  3576  2695 21339.8621  522  397          - 17297.1761      -   642  766s
  3659  2808 22128.5075  557  344          - 17297.1761      -   644  782s
  3801  2920 23642.6033  608  330          - 17352.4373      -   636  801s
  3930  2987 17425.0008   29  769          - 17352.4373      -   628  820s
  4001  3080 17505.6799   33  752          - 17352.4373      -   634  838s
  4102  3229 17533.9719   38  669          - 17352.4373      -   635  859s
  4253  3290 17714.7785   45  597          - 17352.4373      -   631  879s
  4328  3346 17982.1152   51  386          - 17352.4373      -   635  897s
  4386  3421 18119.5101   75  419          - 17352.4373      -   640  916s
  4461  3597 18325.1712  114  435          - 17352.4373      -   645  938s
  4637  3829 19192.9825  223  399          - 17352.4373      -   636  963s
  4791  3829 19941.7154  311  329          - 17352.4373      -   623  965s
  4873  4127 20345.5953  329  329          - 17352.4373      -   623  989s
  4923  4127 20265.9097  356  316          - 17352.4373      -   620  990s
  5177  4485 21224.5005  426  321          - 17361.4146      -   605 1024s
  5241  4485 21893.6512  451  304          - 17361.4146      -   601 1025s
  5579  4747 17806.7817   27  821          - 17361.4146      -   584 1061s
  5874  4847 17964.4170   39  507          - 17361.4146      -   573 1086s
  5974  5141 18638.8847   69  419          - 17361.4146      -   577 1115s
  6268  5472 19005.8091  194  368          - 17361.4146      -   563 1145s
  6605  5525 19999.8934  305  261          - 17375.3056      -   546 1173s
  6699  5574 17852.0981   29  839          - 17391.1443      -   553 1194s
  6748  5694 18196.3587   42  603          - 17391.1443      -   558 1217s
  6868  5959 18693.8170  102  324          - 17391.1443      -   558 1246s
  7088  5959 18770.0987   75  475          - 17391.1443      -   551 1250s
  7140  6376 19737.5340  207  339          - 17391.1443      -   550 1292s
  7396  6376 22262.9209  396  231          - 17391.1443      -   536 1295s
  7647  6594 infeasible  454               - 17404.6485      -   528 1326s
  7877  6771 17979.2248   35  546          - 17404.6485      -   524 1354s
  8082  7017 18193.2540   47  384          - 17404.6485      -   522 1380s
  8346  7167 19478.8274  211  234          - 17405.7097      -   514 1406s
  8538  7200 17940.3782   34  799          - 17405.7097      -   512 1428s
  8571  7275 18076.1715   42  668          - 17405.7097      -   517 1450s
  8646  7559 18359.5316   60  416          - 17405.7097      -   521 1477s
  8930  7919 19021.8279  158  326          - 17407.2429      -   515 1507s
  9326  8148 17884.4180   35  768          - 17407.2429      -   504 1544s
  9551  8148 22189.5106  485  260          - 17407.2429      -   497 1546s
  9581  8281 18306.4344   49  481          - 17407.2429      -   500 1566s
  9716  8336 19052.1359  124  266          - 17411.7534      -   500 1590s
  9801  8377 17929.9268   35  781          - 17411.7534      -   503 1610s
  9842  8657 18407.5248   48  629          - 17411.7534      -   508 1634s
  9903  8657 18684.7763   85  300          - 17411.7534      -   508 1635s
 10124  9302 19117.8916  114  312          - 17411.9043      -   502 1678s
 10303  9302 21030.7947  255  217          - 17411.9043      -   495 1680s
 10729  9302 21716.8924  303  224          - 17412.1752      -   483 1685s
 10900  9329 17907.4922   34  722          - 17412.1752      -   479 1701s
 10927  9391 18194.2548   43  561          - 17412.1752      -   481 1719s
 10991  9868 18754.1702   69  326          - 17412.1752      -   484 1743s
 11172  9868 19320.2823  209  265          - 17412.1752      -   478 1745s
 11502  9906 infeasible  461               - 17412.2955      -   469 1768s
 11560 10032 17852.3042   32  725          - 17412.2955      -   472 1787s
 11690 10306 18014.4620   39  683          - 17412.2955      -   470 1809s
 11966 10451 18194.8655   44  566          - 17412.2955      -   463 1850s
 12132 10542 18321.7130   55  478          - 17412.2955      -   464 1867s
 12223 10713 18744.2983  106  307          - 17412.2955      -   465 1886s
 12396 10958 19665.4797  229  326          - 17412.2955      -   462 1907s
 12643 11382 21207.2172  361  287          - 17412.2955      -   459 1929s
 12671 11382 21600.3230  374  260          - 17412.2955      -   458 1930s
 13084 11537 infeasible  548               - 17418.7158      -   448 1965s
 13287 11555 18104.8816   30  776          - 17419.1765      -   447 1981s
 13307 11575 18669.4866   36  696          - 17419.1765      -   449 1995s
 13327 11600 18789.7278   39  704          - 17419.1765      -   452 2010s
 13352 11690 18843.7177   44  645          - 17419.1765      -   454 2026s
 13442 11840 19469.3647   74  387          - 17419.1765      -   455 2043s
 13594 12004 19786.5541  159  355          - 17421.8918      -   453 2082s
 13786 12127 17886.9349   33  738          - 17421.8918      -   453 2102s
 13923 12142 18472.8306   36  654          - 17421.8918      -   452 2117s
 13954 12212 18282.1639   47  475          - 17421.8918      -   454 2133s
 14024 12524 18792.2150   84  392          - 17421.8918      -   455 2152s
 14316 12524 19416.1631  314  245          - 17421.8918      -   448 2155s
 14342 12742 19560.3517  329  232          - 17442.7879      -   449 2187s
 14590 12742 21502.9727  480  229          - 17442.7879      -   443 2190s
 14662 12843 17859.7805   31  822          - 17442.7879      -   444 2207s
 14767 13114 18177.5155   41  746          - 17442.7879      -   445 2228s
 15045 13301 18366.0418   52  470          - 17442.7879      -   440 2337s
 15248 13506 18925.7280   80  384          - 17442.7879      -   439 2365s
 15453 13711 19481.1528  204  271          - 17450.1415      -   438 2397s
 15702 13859 17836.5064   32  787          - 17450.1415      -   437 2424s
 15850 14160 17898.2652   37  775          - 17450.1415      -   437 2457s
 16157 14307 18086.4162   41  643          - 17450.1415      -   434 2488s
 16254 14307 21376.1724  413  268          - 17450.1415      -   434 2490s
 16339 14352 18295.9293   57  606          - 17450.1415      -   434 2512s
 16384 14468 18413.7805   65  521          - 17450.1415      -   437 2537s
 16502 14666 18702.5080  126  487          - 17450.1415      -   438 2566s
 16700 14818 19040.3648  166  485          - 17450.1415      -   438 2596s
 16868 15058 19761.6414  173  310          - 17450.1415      -   439 2636s
 17116 15374 20072.0078  214  503          - 17463.5506      -   438 2678s
 17270 15374 20601.3413  371  281          - 17463.7815      -   437 2680s
 17486 15411 17853.5235   29  763          - 17463.7815      -   435 2705s
 17523 15502 18476.3539   41  424          - 17463.7815      -   438 2731s
 17614 16130 18716.5691   57  384          - 17463.7815      -   440 2798s
 17746 16130 19318.7825  139  246          - 17463.7815      -   439 2800s
 18000 16130 19265.9470  173  288          - 17463.7815      -   434 2805s
 18259 16130 20919.2879  382  247          - 17463.7815      -   429 2810s
 18282 16555 20119.4489  257  195          - 17465.8749      -   431 2867s
 18531 16555 20560.2671  454  223          - 17465.8749      -   426 2870s
 18768 16585 18070.4512   39  763          - 17465.8749      -   425 2892s
 18798 16617 18297.7392   45  739          - 17465.8749      -   427 2924s
 18830 16716 18532.4729   51  379          - 17465.8749      -   429 2947s
 18929 16976 18949.0116   79  354          - 17465.8749      -   430 2981s
 19197 17574 19321.6470  199  294          - 17465.8749      -   427 3012s
 19580 17574 20321.8335  232  307          - 17465.8749      -   422 3015s
 19606 17574 20462.9246  256  281          - 17465.8749      -   421 3025s
 19836 18031 21626.5517  428  236          - 17467.2433      -   418 3073s
 20002 18031 21922.8600  442  216          - 17467.3539      -   417 3075s
 20290 18031 24475.8513  590  109          - 17467.3539      -   412 3080s
 20404 18049 18140.5920   38  699          - 17467.3539      -   411 3098s
 20422 18066 18330.1827   46  732          - 17467.3539      -   413 3118s
 20432 18066 17874.7657   31  876          - 17467.3539      -   414 3138s
 20439 18095 18433.6410   47  642          - 17467.3539      -   415 3156s
 20468 18164 18882.1939   62  372          - 17467.3539      -   416 3172s
 20541 18415 18917.2188  101  388          - 17467.3539      -   417 3194s
 20796 19119 19380.0082  204  308          - 17467.3539      -   415 3225s
 21217 19119 19681.2120  281  177          - 17467.3539      -   409 3230s
 21522 19312 20427.0891  382  249          - 17467.3539      -   404 3256s
 21728 19854 21205.7656  538  250          - 17473.2770      -   403 3298s
 21891 19854 23514.7967  635  137          - 17473.2770      -   401 3300s
 22247 19854 25942.8508  878   54          - 17473.2770      -   395 3305s
 22351 19885 17910.3452   30  812          - 17473.2770      -   396 3326s
 22384 20341 18026.8586   32  763          - 17473.2770      -   397 3531s
 22854 21139 19204.8819  188  415          - 17473.2770      -   399 3600s
 23148 21139 20277.9206  392  208          - 17473.2770      -   396 3605s
 23500 21139 22012.9327  635   74          - 17473.2770      -   391 3610s

Cutting planes:
  User: 6852
  Gomory: 59
  Cover: 746
  Implied bound: 53
  Projected implied bound: 30
  Clique: 18
  MIR: 530
  StrongCG: 1
  Flow cover: 974
  Zero half: 25
  RLT: 660
  Relax-and-lift: 23

Explored 23793 nodes (9339642 simplex iterations) in 3616.00 seconds
Thread count was 2 (of 32 available processors)

Solution count 0

Time limit reached
Best objective -, best bound 1.747327695277e+04, gap -

User-callback calls 438208, time in user-callback 287.99 sec
================================================================================
executing instance: ./input/Instances/Original/6/absH6high_1n20.dat
--------------------------------------------------------------------------------
Instance details
n	21
H	6
C	1651
Li:
[0, 0, 0, 0, 0, 0, 0, 0, 0, 0, 0, 0, 0, 0, 0, 0, 0, 0, 0, 0, 0, ]
Ui:
[0, 36, 182, 182, 90, 261, 117, 30, 110, 42, 276, 153, 40, 94, 144, 46, 129, 213, 264, 160, 174, ]
Distance matrix:
|0	371	401	343	361	341	370	115	392	400	79	266	292	245	355	431	265	194	95	92	348	|
|371	0	37	141	110	250	117	438	67	131	372	305	115	238	247	255	235	296	392	430	185	|
|401	37	0	175	100	284	146	472	90	156	406	342	152	275	280	282	242	333	415	455	178	|
|343	141	175	0	239	110	38	374	95	60	314	182	67	130	106	127	318	201	397	423	303	|
|361	110	100	239	0	341	222	451	177	240	385	374	190	304	341	361	151	345	354	398	78	|
|341	250	284	110	341	0	143	337	203	151	289	102	152	97	15	95	394	156	415	431	398	|
|370	117	146	38	222	143	0	407	61	30	346	220	81	167	137	139	317	237	417	447	292	|
|115	438	472	374	451	337	407	0	443	434	66	241	339	251	351	431	374	181	201	177	450	|
|392	67	90	95	177	203	61	443	0	66	379	275	104	216	197	193	294	283	427	461	252	|
|400	131	156	60	240	151	30	434	66	0	374	237	112	189	142	127	344	261	448	477	312	|
|79	372	406	314	385	289	346	66	379	374	0	202	275	197	304	383	316	134	175	166	388	|
|266	305	342	182	374	102	220	241	275	237	202	0	191	70	117	196	386	73	352	359	415	|
|292	115	152	67	190	152	81	339	104	112	275	191	0	123	154	193	252	183	336	366	246	|
|245	238	275	130	304	97	167	251	216	189	197	70	123	0	110	187	322	72	319	334	346	|
|355	247	280	106	341	15	137	351	197	142	304	117	154	110	0	80	399	171	427	444	400	|
|431	255	282	127	361	95	139	431	193	127	383	196	193	187	80	0	444	251	499	519	429	|
|265	235	242	318	151	394	317	374	294	344	316	386	252	322	399	444	0	332	226	273	97	|
|194	296	333	201	345	156	237	181	283	261	134	73	183	72	171	251	332	0	279	286	375	|
|95	392	415	397	354	415	417	201	427	448	175	352	336	319	427	499	226	279	0	47	321	|
|92	430	455	423	398	431	447	177	461	477	166	359	366	334	444	519	273	286	47	0	368	|
|348	185	178	303	78	398	292	450	252	312	388	415	246	346	400	429	97	375	321	368	0	|

--------------------------------------------------------------------------------
Building model...
	using lazy and cut (CVRPSEP package)
Solving IRP LP...
--------------------------------------------------------------------------------

Gurobi 9.1.0 (linux64) logging started Sun Jan 10 15:12:42 2021

Gurobi Optimizer version 9.1.0 build v9.1.0rc0 (linux64)
Thread count: 32 physical cores, 32 logical processors, using up to 2 threads
Optimize a model with 1677 rows, 7677 columns and 20187 nonzeros
Model fingerprint: 0x8d5f7b01
Variable types: 747 continuous, 6930 integer (630 binary)
Coefficient statistics:
  Matrix range     [1e+00, 2e+06]
  Objective range  [1e-01, 5e+02]
  Bounds range     [1e+00, 3e+02]
  RHS range        [1e+01, 3e+03]
Presolve removed 147 rows and 21 columns
Presolve time: 0.04s
Presolved: 1530 rows, 7656 columns, 18919 nonzeros
Variable types: 726 continuous, 6930 integer (6330 binary)

Root relaxation: objective 1.423789e+04, 3731 iterations, 0.18 seconds

    Nodes    |    Current Node    |     Objective Bounds      |     Work
 Expl Unexpl |  Obj  Depth IntInf | Incumbent    BestBd   Gap | It/Node Time

     0     0 14237.8872    0  232          - 14237.8872      -     -    0s
     0     0 14460.2597    0  306          - 14460.2597      -     -    0s
     0     0 14483.3080    0  273          - 14483.3080      -     -    0s
     0     0 14484.5878    0  284          - 14484.5878      -     -    0s
     0     0 14487.4206    0  289          - 14487.4206      -     -    0s
     0     0 14489.3563    0  281          - 14489.3563      -     -    1s
     0     0 14690.9871    0  336          - 14690.9871      -     -    1s
     0     0 14690.9871    0  263          - 14690.9871      -     -    2s
     0     0 14690.9871    0  341          - 14690.9871      -     -    3s
     0     0 14694.8540    0  357          - 14694.8540      -     -    3s
     0     0 14784.0259    0  382          - 14784.0259      -     -    3s
     0     0 14805.8004    0  424          - 14805.8004      -     -    4s
     0     0 14806.1604    0  404          - 14806.1604      -     -    4s
     0     0 14806.2030    0  399          - 14806.2030      -     -    4s
     0     0 14971.3217    0  432          - 14971.3217      -     -    4s
     0     0 15067.3082    0  455          - 15067.3082      -     -    5s
     0     0 15072.0193    0  481          - 15072.0193      -     -    5s
     0     0 15074.8158    0  495          - 15074.8158      -     -    5s
     0     0 15075.3363    0  506          - 15075.3363      -     -    5s
     0     0 15149.7863    0  512          - 15149.7863      -     -    6s
     0     0 15180.5939    0  489          - 15180.5939      -     -    6s
     0     0 15183.8167    0  538          - 15183.8167      -     -    7s
     0     0 15187.9125    0  549          - 15187.9125      -     -    7s
     0     0 15189.6014    0  535          - 15189.6014      -     -    7s
     0     0 15190.0396    0  536          - 15190.0396      -     -    7s
     0     0 15238.2830    0  479          - 15238.2830      -     -   10s
     0     0 15247.5015    0  553          - 15247.5015      -     -   10s
     0     0 15249.6713    0  574          - 15249.6713      -     -   10s
     0     0 15251.0276    0  565          - 15251.0276      -     -   10s
     0     0 15251.0995    0  570          - 15251.0995      -     -   10s
     0     0 15273.8523    0  583          - 15273.8523      -     -   11s
     0     0 15284.2981    0  587          - 15284.2981      -     -   11s
     0     0 15287.6725    0  527          - 15287.6725      -     -   12s
     0     0 15290.5518    0  534          - 15290.5518      -     -   12s
     0     0 15290.6219    0  547          - 15290.6219      -     -   12s
     0     0 15300.2940    0  521          - 15300.2940      -     -   12s
     0     0 15300.3846    0  504          - 15300.3846      -     -   12s
     0     0 15301.9844    0  529          - 15301.9844      -     -   13s
     0     0 15301.9844    0  443          - 15301.9844      -     -   14s
     0     2 15302.5675    0  435          - 15302.5675      -     -   15s
    18    21 15430.4601    6  504          - 15369.4889      -  1692   20s
    39    41 15538.1864   12  511          - 15373.1816      -  1440   25s
    65    67 15661.3217   22  526          - 15373.1816      -  1282   30s
    95   103 15861.7531   32  421          - 15373.1816      -  1126   35s
   148   167 16102.7752   53  331          - 15373.1816      -   900   40s
   200   207 16587.9338   74  272          - 15373.1816      -   801   45s
   243   242 15532.3417    8  627          - 15374.2226      -   784   50s
   316   318 15631.6687   13  603          - 15374.2226      -   694   55s
   360   337 15758.9722   16  530          - 15374.2226      -   657   60s
   379   352 15832.1670   23  537          - 15374.2226      -   697   67s
   389   367 15896.5995   27  483          - 15374.2226      -   722   71s
   404   385 16070.8579   32  436          - 15374.2226      -   744   75s
   437   416 16341.4598   47  358          - 15374.2226      -   764   81s
   464   449 16582.7628   60  355          - 15374.2226      -   770   87s
   512   519 17362.9206   85  307          - 15374.2226      -   749   93s
   556   543 17936.7917  110  286          - 15374.6104      -   724  100s
   620   560 15599.9743    6  572          - 15374.6104      -   726  106s
   644   589 15596.0885   10  670          - 15374.6104      -   743  112s
   658   599 15624.4269   12  681          - 15374.6104      -   749  115s
   683   635 15635.0595   14  702          - 15374.6104      -   762  122s
   704   659 15664.4526   16  626          - 15374.6104      -   758  125s
   736   663 15556.7913   17  517          - 15374.6104      -   744  130s
   752   674 16330.6277   54  658          - 15484.3223      -   728  135s
   781   693 17586.4716  102  838          - 15509.1531      -   701  140s
   812   714 18443.7912  107  813          - 15519.2925      -   675  145s
   850   739 15638.5105   27  796          - 15528.3436      -   644  150s
   877   759 16504.8027   52  429          - 15529.2267      -   672  155s
   898   773 15556.8135   17  802          - 15546.0972      -   656  160s
   923   790 17076.0931   80  831          - 15550.2577      -   639  166s
   926   795 15574.2292   25  670          - 15553.2033      -   664  173s
   928   796 15582.8855   26  657          - 15581.3712      -   665  178s
   930   797 15590.7976   26  630          - 15582.8855      -   665  183s
   932   799 15601.9908   27  634          - 15582.8900      -   668  188s
   934   800 15661.3439   27  590          - 15591.2265      -   673  190s
   939   804 15618.4453   29  595          - 15591.2265      -   677  196s
   942   807 15642.1021   30  549          - 15591.2265      -   685  200s
   955   815 15711.7624   33  534          - 15591.2265      -   697  205s
   976   832 15785.6000   39  455          - 15591.2265      -   710  210s
  1001   849 15862.5705   44  443          - 15591.2265      -   714  216s
  1019   863 15968.0594   48  417          - 15591.2265      -   723  220s
  1057   874 16227.4338   57  479          - 15591.2265      -   718  225s
  1110   912 16376.2234   71  354          - 15591.2265      -   708  231s
  1140   931 16412.4706   80  407          - 15591.2265      -   707  235s
  1185   962 16557.6023   93  370          - 15591.2265      -   707  240s
  1241   997 16724.8178  107  349          - 15591.2265      -   701  246s
  1281  1023 16777.2410  118  325          - 15591.2265      -   697  250s
  1319  1035 17299.1686  115  413          - 15591.2265      -   692  255s
  1360  1080 18150.7043  142  293          - 15591.2265      -   685  260s
  1422  1119 18223.0664  161  322          - 15591.2265      -   676  265s
  1455  1127 18550.1595  170  316          - 15591.2265      -   671  270s
  1496  1143 18466.7263  181  280          - 15591.2265      -   665  275s
  1559  1210 18671.3060  206  248          - 15591.2265      -   660  282s
  1629  1263 19456.3904  236  190          - 15591.2265      -   643  286s
  1787  1294 16144.5793   42  513          - 15591.2265      -   603  290s
  1893  1386 21460.4875  354  132          - 15657.4397      -   579  296s
  1978  1389 15710.0414   36  570          - 15657.5438      -   569  302s
  1993  1397 15769.3992   37  540          - 15657.5438      -   573  305s
  2034  1441 15816.5236   44  522          - 15657.5438      -   572  312s
  2064  1459 15910.7014   49  478          - 15657.5438      -   570  315s
  2125  1502 15982.4856   61  425          - 15657.5438      -   568  322s
  2155  1544 16203.1486   73  356          - 15657.5438      -   566  326s
  2207  1576 16243.2138  102  383          - 15657.5438      -   560  330s
  2307  1626 17345.0998  141  348          - 15657.5438      -   551  338s
  2340  1688 17398.8564  148  341          - 15657.5438      -   551  343s
  2415  1721 17644.4168  188  318          - 15657.5438      -   542  347s
  2475  1785 17968.7930  198  295          - 15657.5438      -   537  352s
  2561  1823 18102.6454  240  293          - 15657.5438      -   526  357s
  2631  1881 18335.9388  270  305          - 15657.5438      -   520  362s
  2721  1968 18732.4811  307  289          - 15657.5438      -   510  368s
  2838  2052 18712.2155  392  302          - 15657.5438      -   496  374s
  2935  2020 17206.6234  223  387          - 15657.5438      -   484  375s
  2967  2161 19054.6731  468  290          - 15657.5438      -   482  381s
  3142  2106 infeasible  554               - 15661.6475      -   463  387s
  3187  2104 15843.2384   29  487          - 15662.1509      -   463  392s
  3200  2120 15909.0995   32  562          - 15662.1509      -   467  397s
  3220  2136 16367.4590   34  476          - 15662.1509      -   471  403s
  3243  2147 16138.9181   35  480          - 15662.1509      -   473  412s
  3262  2185 16217.9125   38  509          - 15662.1509      -   477  418s
  3306  2198 16409.0568   53  434          - 15662.1509      -   477  424s
  3331  2262 16528.2857   58  397          - 15662.1509      -   480  436s
  3395  2368 16682.4991   88  422          - 15662.1509      -   477  444s
  3474  2368 16554.0642   68  507          - 15662.1509      -   469  445s
  3501  2504 16913.5028  157  370          - 15662.1509      -   469  451s
  3637  2564 17404.6961  236  399          - 15662.1509      -   458  458s
  3698  2649 18101.5231  246  356          - 15662.1509      -   457  465s
  3790  2809 19636.9822  286  363          - 15662.1509      -   453  473s
  3954  2910 19025.0140  349  337          - 15662.1509      -   441  482s
