




arguments: ./build/mirp_solver -f ./input/orig_exec_37.cfg
Current dir: /scratch/gui/bnc_mirp
File verbosity level: 9
date       time         ( uptime  ) [ thread name/id ]                   file:line     v| 
2021-01-09 03:12:52.006 (   0.186s) [main thread     ]             loguru.cpp:789   INFO| Logging to './output/vi_lex_full/OU/V5/Original/execution_09_01_2021_03_12_52.log', mode: 'a', verbosity: 9
--------------------------------------------------------------------------------
Parameters
                           instance_path           ./input/Instances/Original/1/
                            model_policy                                       1
                             nb_vehicles                                       5
                              output_dir    ./output/vi_lex_full/OU/V5/Original/
                            sec_strategy                                       1
                       solver_nb_threads                                       2
                         solver_show_log                                    true
                       solver_time_limit                                    3600
                              use_vi_cos                                   false
                              use_vi_cus                                   false
                         use_vi_hc1_full                                   false
                         use_vi_hc1_half                                   false
                      use_vi_hc1_quarter                                   false
                              use_vi_hc2                                   false
                              use_vi_hc3                                   false
                         use_vi_lex_full                                    true
                         use_vi_lex_half                                   false
                      use_vi_lex_quarter                                   false
                              use_vi_qua                                   false
                               use_vi_vc                                   false
                               use_vi_vr                                   false
--------------------------------------------------------------------------------
executing instance: ./input/Instances/Original/1/absH3high_1n5.dat
--------------------------------------------------------------------------------
Instance details
n	6
H	3
C	289
Li:
[0, 0, 0, 0, 0, 0, ]
Ui:
[0, 195, 105, 116, 72, 22, ]
Distance matrix:
|0	85	349	17	203	289	|
|85	0	265	102	214	226	|
|349	265	0	366	368	238	|
|17	102	366	0	207	302	|
|203	214	368	207	0	431	|
|289	226	238	302	431	0	|

--------------------------------------------------------------------------------
Building model...
	using lazy and cut (CVRPSEP package)
Solving IRP LP...
--------------------------------------------------------------------------------

Gurobi 9.1.0 (linux64) logging started Sat Jan  9 03:12:52 2021

Gurobi Optimizer version 9.1.0 build v9.1.0rc0 (linux64)
Thread count: 32 physical cores, 32 logical processors, using up to 2 threads
Optimize a model with 249 rows, 414 columns and 1449 nonzeros
Model fingerprint: 0x63cbe659
Variable types: 99 continuous, 315 integer (90 binary)
Coefficient statistics:
  Matrix range     [1e+00, 2e+02]
  Objective range  [2e-01, 4e+02]
  Bounds range     [1e+00, 2e+02]
  RHS range        [1e+01, 5e+02]
Presolve removed 34 rows and 61 columns
Presolve time: 0.01s

Explored 0 nodes (0 simplex iterations) in 0.01 seconds
Thread count was 1 (of 32 available processors)

Solution count 0

Model is infeasible
Best objective -, best bound -, gap -

User-callback calls 42, time in user-callback 0.00 sec

Computing Irreducible Inconsistent Subsystem (IIS)...

           Constraints          |            Bounds           |  Runtime
      Min       Max     Guess   |   Min       Max     Guess   |
--------------------------------------------------------------------------
        0       249         -         0       569         -           0s
       31        77        31         0       239         -           5s
       32        47        32         0       124         -          10s
       36        36         -        47        74        74          15s
       36        36         -        61        61         -          18s

IIS computed: 36 constraints, 61 bounds
IIS runtime: 17.76 seconds
================================================================================
executing instance: ./input/Instances/Original/1/absH3high_1n45.dat
--------------------------------------------------------------------------------
Instance details
n	46
H	3
C	3462
Li:
[0, 0, 0, 0, 0, 0, 0, 0, 0, 0, 0, 0, 0, 0, 0, 0, 0, 0, 0, 0, 0, 0, 0, 0, 0, 0, 0, 0, 0, 0, 0, 0, 0, 0, 0, 0, 0, 0, 0, 0, 0, 0, 0, 0, 0, 0, ]
Ui:
[0, 273, 270, 36, 165, 192, 148, 45, 30, 75, 180, 198, 112, 117, 90, 64, 180, 22, 264, 174, 168, 270, 86, 66, 26, 66, 237, 156, 92, 108, 144, 72, 30, 45, 94, 54, 174, 96, 198, 136, 44, 180, 210, 249, 198, 48, ]
Distance matrix:
|0	281	201	160	249	201	93	431	236	139	252	136	116	166	390	110	349	374	303	180	327	464	236	70	44	461	346	439	363	254	312	426	305	206	71	137	169	200	247	260	20	219	256	253	460	278	|
|281	0	448	170	53	142	338	184	121	290	371	390	222	302	111	289	169	434	230	177	238	441	59	212	319	211	86	235	399	306	53	176	99	202	263	157	361	101	370	201	264	344	364	374	469	184	|
|201	448	0	285	430	325	114	556	361	171	191	64	228	174	546	294	453	306	364	289	388	435	393	254	157	585	491	536	318	254	490	554	436	407	266	292	108	388	186	337	207	181	205	190	408	364	|
|160	170	285	0	169	43	182	280	80	120	208	231	58	132	262	230	190	294	151	24	174	345	112	107	183	309	207	280	268	158	219	276	155	235	187	45	192	150	205	107	140	177	202	210	356	119	|
|249	53	430	169	0	152	317	238	145	282	377	369	212	299	157	242	215	452	261	183	273	474	76	181	290	264	140	287	421	320	63	229	145	148	221	142	352	53	374	226	234	346	370	378	498	215	|
|201	142	325	43	152	0	224	237	37	156	230	273	101	164	224	261	148	300	127	38	147	333	83	142	225	266	167	238	270	168	193	233	112	246	221	70	228	148	228	84	180	202	222	232	351	87	|
|93	338	114	182	317	224	0	460	262	92	180	52	124	112	440	199	364	307	292	191	317	415	284	140	57	490	387	452	304	208	377	457	336	297	163	181	84	274	175	256	95	152	188	180	402	280	|
|431	184	556	280	238	237	460	0	199	385	420	508	337	385	108	464	110	429	219	269	206	378	202	365	460	30	98	84	388	340	204	9	126	386	432	294	453	283	421	226	411	404	408	423	422	198	|
|236	121	361	80	145	37	262	199	0	191	255	310	138	197	191	290	114	312	118	72	133	330	69	175	262	229	132	204	279	186	174	195	75	258	251	102	262	153	254	81	216	230	246	257	353	72	|
|139	290	171	120	282	156	92	385	191	0	116	129	71	27	380	246	283	235	201	119	226	329	231	141	129	414	323	367	224	119	336	383	266	308	202	141	72	252	112	169	127	82	118	117	322	195	|
|252	371	191	208	377	230	180	420	255	116	0	187	178	90	443	361	311	127	204	195	224	246	313	257	232	446	382	380	129	81	423	421	320	422	318	242	100	355	5	195	241	34	15	2	225	224	|
|136	390	64	231	369	273	52	508	310	129	187	0	173	141	491	233	409	313	330	239	355	431	335	191	93	538	438	495	316	233	429	505	385	342	203	233	88	325	182	297	143	167	199	187	412	323	|
|116	222	228	58	212	101	124	337	138	71	178	173	0	91	319	206	244	284	187	69	212	357	165	85	130	367	265	333	264	151	267	333	213	244	161	70	140	181	175	145	97	145	177	180	359	165	|
|166	302	174	132	299	164	112	385	197	27	90	141	91	0	388	273	280	208	191	127	215	305	243	167	153	413	329	361	198	96	351	383	270	333	229	159	68	272	86	163	153	56	92	91	296	190	|
|390	111	546	262	157	224	440	108	191	380	443	491	319	388	0	399	164	480	264	261	261	456	156	320	426	125	62	186	442	369	107	99	125	300	374	260	452	210	443	252	372	420	433	446	494	227	|
|110	289	294	230	242	261	199	464	290	246	361	233	206	273	399	0	402	480	382	254	404	562	262	124	143	493	369	490	466	355	302	457	344	135	45	191	279	189	356	337	120	328	364	362	563	348	|
|349	169	453	190	215	148	364	110	114	283	311	409	244	280	164	402	0	324	110	174	101	292	151	289	372	135	109	90	284	230	212	111	70	354	364	216	348	245	312	118	329	295	298	313	330	90	|
|374	434	306	294	452	300	307	429	312	235	127	313	284	208	480	480	324	0	216	274	223	137	380	368	357	448	419	367	40	136	487	432	358	525	436	336	227	443	132	234	361	156	119	127	102	255	|
|303	230	364	151	261	127	292	219	118	201	204	330	187	191	264	382	110	216	0	128	25	213	185	258	314	243	203	176	178	123	282	221	144	372	338	193	256	270	206	45	283	193	191	206	239	46	|
|180	177	289	24	183	38	191	269	72	119	195	239	69	127	261	254	174	274	128	0	151	321	118	130	198	299	204	263	246	139	228	266	147	258	211	68	191	169	193	83	159	166	188	197	333	98	|
|327	238	388	174	273	147	317	206	133	226	224	355	212	215	261	404	101	223	25	151	0	203	198	281	339	228	202	156	184	143	288	209	146	390	362	215	280	286	226	68	308	215	210	226	235	61	|
|464	441	435	345	474	333	415	378	330	329	246	431	357	305	456	562	292	137	213	321	203	0	398	440	458	390	400	301	117	211	492	384	348	578	517	389	344	480	251	251	448	265	233	246	54	259	|
|236	59	393	112	76	83	284	202	69	231	313	335	165	243	156	262	151	380	185	118	198	398	0	167	270	231	110	233	347	250	110	195	85	203	230	103	303	95	311	150	217	284	305	315	422	139	|
|70	212	254	107	181	142	140	365	175	141	257	191	85	167	320	124	289	368	258	130	281	440	167	0	109	394	277	378	349	236	244	359	239	167	81	73	196	135	253	213	53	223	257	258	444	226	|
|44	319	157	183	290	225	57	460	262	129	232	93	130	153	426	143	372	357	314	198	339	458	270	109	0	490	379	462	351	247	353	456	334	250	110	168	140	243	226	274	56	201	238	232	449	294	|
|461	211	585	309	264	266	490	30	229	414	446	538	367	413	125	493	135	448	243	299	228	390	231	394	490	0	125	89	408	365	226	36	156	412	462	324	481	311	447	253	441	430	433	448	436	225	|
|346	86	491	207	140	167	387	98	132	323	382	438	265	329	62	369	109	419	203	204	202	400	110	277	379	125	0	155	381	307	113	90	63	288	339	211	394	186	382	190	327	359	371	384	436	165	|
|439	235	536	280	287	238	452	84	204	367	380	495	333	361	186	490	90	367	176	263	156	301	233	378	462	89	155	0	326	299	267	92	148	432	454	306	429	325	382	199	419	369	366	382	348	172	|
|363	399	318	268	421	270	304	388	279	224	129	316	264	198	442	466	284	40	178	246	184	117	347	349	351	408	381	326	0	113	452	391	321	502	422	311	229	415	134	199	348	152	118	130	98	219	|
|254	306	254	158	320	168	208	340	186	119	81	233	151	96	369	355	230	136	123	139	143	211	250	236	247	365	307	299	113	0	359	340	244	390	310	200	148	308	83	117	238	74	68	83	208	145	|
|312	53	490	219	63	193	377	204	174	336	423	429	267	351	107	302	212	487	282	228	288	492	110	244	353	226	113	267	452	359	0	195	145	194	283	199	407	115	421	254	296	394	415	425	521	237	|
|426	176	554	276	229	233	457	9	195	383	421	505	333	383	99	457	111	432	221	266	209	384	195	359	456	36	90	92	391	340	195	0	122	378	426	289	451	275	421	226	406	404	408	423	427	197	|
|305	99	436	155	145	112	336	126	75	266	320	385	213	270	125	344	70	358	144	147	146	348	85	239	334	156	63	148	321	244	145	122	0	286	310	168	336	177	320	128	285	298	309	322	381	103	|
|206	202	407	235	148	246	297	386	258	308	422	342	244	333	300	135	354	525	372	258	390	578	203	167	250	412	288	432	502	390	194	378	286	0	144	191	362	109	418	329	202	388	421	423	591	329	|
|71	263	266	187	221	221	163	432	251	202	318	203	161	229	374	45	364	436	338	211	362	517	230	81	110	462	339	454	422	310	283	426	310	144	0	150	239	168	313	294	77	285	321	319	518	306	|
|137	157	292	45	142	70	181	294	102	141	242	233	70	159	260	191	216	336	193	68	215	389	103	73	168	324	211	306	311	200	199	289	168	191	150	0	210	113	239	148	117	210	238	244	400	157	|
|169	361	108	192	352	228	84	453	262	72	100	88	140	68	452	279	348	227	256	191	280	344	303	196	140	481	394	429	229	148	407	451	336	362	239	210	0	318	95	231	164	79	111	100	325	258	|
|200	101	388	150	53	148	274	283	153	252	355	325	181	272	210	189	245	443	270	169	286	480	95	135	243	311	186	325	415	308	115	275	177	109	168	113	318	0	352	230	187	323	351	357	498	225	|
|247	370	186	205	374	228	175	421	254	112	5	182	175	86	443	356	312	132	206	193	226	251	311	253	226	447	382	382	134	83	421	421	320	418	313	239	95	352	0	196	237	30	19	6	230	224	|
|260	201	337	107	226	84	256	226	81	169	195	297	145	163	252	337	118	234	45	83	68	251	150	213	274	253	190	199	199	117	254	226	128	329	294	148	231	230	196	0	240	178	184	198	272	29	|
|20	264	207	140	234	180	95	411	216	127	241	143	97	153	372	120	329	361	283	159	308	448	217	53	56	441	327	419	348	238	296	406	285	202	77	117	164	187	237	240	0	208	245	242	446	257	|
|219	344	181	177	346	202	152	404	230	82	34	167	145	56	420	328	295	156	193	166	215	265	284	223	201	430	359	369	152	74	394	404	298	388	285	210	79	323	30	178	208	0	37	35	250	206	|
|256	364	205	202	370	222	188	408	246	118	15	199	177	92	433	364	298	119	191	188	210	233	305	257	238	433	371	366	118	68	415	408	309	421	321	238	111	351	19	184	245	37	0	17	214	212	|
|253	374	190	210	378	232	180	423	257	117	2	187	180	91	446	362	313	127	206	197	226	246	315	258	232	448	384	382	130	83	425	423	322	423	319	244	100	357	6	198	242	35	17	0	225	226	|
|460	469	408	356	498	351	402	422	353	322	225	412	359	296	494	563	330	102	239	333	235	54	422	444	449	436	436	348	98	208	521	427	381	591	518	400	325	498	230	272	446	250	214	225	0	285	|
|278	184	364	119	215	87	280	198	72	195	224	323	165	190	227	348	90	255	46	98	61	259	139	226	294	225	165	172	219	145	237	197	103	329	306	157	258	225	224	29	257	206	212	226	285	0	|

--------------------------------------------------------------------------------
Building model...
	using lazy and cut (CVRPSEP package)
Solving IRP LP...
--------------------------------------------------------------------------------

Gurobi 9.1.0 (linux64) logging started Sat Jan  9 03:13:10 2021

Gurobi Optimizer version 9.1.0 build v9.1.0rc0 (linux64)
Thread count: 32 physical cores, 32 logical processors, using up to 2 threads
Optimize a model with 1849 rows, 17074 columns and 39529 nonzeros
Model fingerprint: 0x9a15d6d0
Variable types: 859 continuous, 16215 integer (690 binary)
Coefficient statistics:
  Matrix range     [1e+00, 7e+13]
  Objective range  [1e-01, 6e+02]
  Bounds range     [1e+00, 3e+02]
  RHS range        [1e+01, 6e+03]
Warning: Model contains large matrix coefficient range
         Consider reformulating model or setting NumericFocus parameter
         to avoid numerical issues.
Presolve removed 184 rows and 46 columns
Presolve time: 0.06s
Presolved: 1665 rows, 17028 columns, 37904 nonzeros
Variable types: 813 continuous, 16215 integer (15540 binary)

Root relaxation: objective 1.323538e+04, 2402 iterations, 0.11 seconds

    Nodes    |    Current Node    |     Objective Bounds      |     Work
 Expl Unexpl |  Obj  Depth IntInf | Incumbent    BestBd   Gap | It/Node Time

     0     0 13235.3799    0  175          - 13235.3799      -     -    0s
     0     0 13568.8960    0  212          - 13568.8960      -     -    0s
     0     0 13569.2579    0  209          - 13569.2579      -     -    1s
     0     0 13932.6899    0  236          - 13932.6899      -     -    1s
     0     0 13940.7683    0  246          - 13940.7683      -     -    1s
     0     0 13941.6089    0  274          - 13941.6089      -     -    1s
     0     0 13941.6320    0  263          - 13941.6320      -     -    1s
     0     0 14074.6755    0  310          - 14074.6755      -     -    2s
     0     0 14075.6120    0  295          - 14075.6120      -     -    2s
     0     0 14076.2892    0  306          - 14076.2892      -     -    2s
     0     0 14169.9662    0  253          - 14169.9662      -     -    3s
     0     0 14206.2937    0  282          - 14206.2937      -     -    4s
     0     0 14212.3849    0  290          - 14212.3849      -     -    4s
     0     0 14217.2439    0  282          - 14217.2439      -     -    4s
     0     0 14217.2972    0  274          - 14217.2972      -     -    4s
     0     0 14256.2185    0  341          - 14256.2185      -     -    5s
     0     0 14260.7753    0  370          - 14260.7753      -     -    6s
     0     0 14263.2034    0  369          - 14263.2034      -     -    6s
     0     0 14263.2120    0  385          - 14263.2120      -     -    7s
     0     0 14336.0043    0  387          - 14336.0043      -     -    8s
     0     0 14353.4436    0  332          - 14353.4436      -     -    8s
     0     0 14359.6092    0  385          - 14359.6092      -     -    9s
     0     0 14360.6164    0  397          - 14360.6164      -     -    9s
     0     0 14400.4609    0  378          - 14400.4609      -     -   11s
     0     0 14405.8998    0  377          - 14405.8998      -     -   13s
     0     0 14412.1763    0  420          - 14412.1763      -     -   13s
     0     0 14477.5529    0  441          - 14477.5529      -     -   14s
     0     0 14492.2557    0  415          - 14492.2557      -     -   14s
     0     0 14493.5976    0  419          - 14493.5976      -     -   14s
     0     0 14518.1191    0  490          - 14518.1191      -     -   15s
     0     0 14524.9066    0  477          - 14524.9066      -     -   15s
     0     0 14530.6386    0  568          - 14530.6386      -     -   16s
     0     0 14531.6124    0  515          - 14531.6124      -     -   17s
     0     0 14537.0951    0  466          - 14537.0951      -     -   28s
     0     0 14537.0951    0  423          - 14537.0951      -     -   30s
     0     2 14546.9178    0  421          - 14546.9178      -     -   34s
     1     4 14546.9178    1  437          - 14546.9178      -  1302   35s
     9    10 14568.7189    3  464          - 14568.7189      -  1294   41s
    20    21 14588.1810    7  400          - 14568.9401      -  1161   45s
    27    28 16855.5713   10  299          - 14568.9401      -  1907   78s
    36    39 14597.5186   14  389          - 14568.9401      -  1487   80s
    86    90 14681.5016   40  331          - 14568.9401      -   741   85s
   138   138 14919.2549   50  368          - 14568.9401      -   556   90s
   174   183 15021.9588   85  183          - 14568.9401      -   490   95s
   191   205 15157.4757   91  188          - 14568.9401      -   473  100s
   276   297 15291.4836  135  182          - 14568.9401      -   355  105s
   382   402 15240.1738  126  306          - 14568.9401      -   283  110s
   507   533 15679.9423  247  188          - 14568.9401      -   236  116s
   538   566 15840.5443  253  176          - 14568.9401      -   229  120s
   655   691 16330.5210  295  198          - 14568.9401      -   208  126s
   743   811 17114.4786  319  168          - 14568.9401      -   199  131s
   820   881 17318.7255  344  160          - 14568.9401      -   192  136s
   898   894 17660.2173  355  132          - 14588.1810      -   187  140s
   925   898 15258.5460  126  423          - 14588.1810      -   199  145s
   932   903 15469.0688  195  454          - 14588.1810      -   197  150s
   940   908 17858.9374  355  675          - 14617.5792      -   195  155s
   945   911 14645.2492   31  583          - 14645.2492      -   194  161s
   950   915 15283.9377  124  550          - 14652.9820      -   193  165s
   959   921 15341.4423  154  755          - 14658.3667      -   192  170s
   966   925 14675.1817   17  583          - 14675.1817      -   190  175s
   970   928 14799.1735   29  745          - 14676.5930      -   189  185s
   974   931 16547.8445  283  694          - 14676.9915      -   189  197s
   979   937 14750.7463   16  444          - 14681.0054      -   227  200s
   990   944 14685.2317   19  465          - 14685.2317      -   235  205s
   996   951 14722.2375   21  412          - 14686.0438      -   243  212s
  1011   957 14899.0759   24  465          - 14686.0438      -   250  215s
  1026   971 14796.8990   29  281          - 14686.0438      -   256  222s
  1035   976 14851.1975   31  333          - 14686.0438      -   267  271s
  1050   986 14869.5145   35  308          - 14686.0438      -   342  276s
  1067   999 14895.3873   41  228          - 14686.0438      -   346  281s
  1092  1018 14969.6567   49  304          - 14686.0438      -   351  286s
  1121  1031 15137.1833   43  399          - 14686.0438      -   353  290s
  1156  1067 15090.8918   72  231          - 14686.0438      -   354  295s
  1205  1091 15426.7254   52  361          - 14686.0438      -   352  300s
  1253  1140 15524.8575  108  192          - 14686.0438      -   351  306s
  1277  1155 15585.6910  117  168          - 14686.0438      -   349  312s
  1300  1180 15644.5565  126  150          - 14686.0438      -   349  315s
  1376  1243 16020.0643  159  129          - 14686.0438      -   340  321s
  1466  1254 15711.3490   75  338          - 14686.0438      -   328  325s
  1527  1345 16841.1437  226   82          - 14686.0438      -   322  331s
  1592  1391 17609.4586  254   54          - 14686.0438      -   315  335s
  1737  1430 18431.0901  320   31          - 14686.3597      -   295  342s
* 1746  1366             324    18535.260000 14686.3597  20.8%   293  342s
* 1751  1320             327    18510.380000 14686.3597  20.7%   293  342s
  1769  1306 14762.5547   21  468 18510.3800 14686.3597  20.7%   295  354s
  1772  1317 14710.3236   21  552 18510.3800 14686.3597  20.7%   296  356s
  1784  1326 14875.7668   22  585 18510.3800 14686.3597  20.7%   300  362s
  1797  1328 14714.6971   23  507 18510.3800 14686.3597  20.7%   299  366s
  1804  1342 14777.2540   23  451 18510.3800 14686.3597  20.7%   300  370s
  1820  1345 14715.3162   24  507 18510.3800 14686.3597  20.7%   301  375s
  1841  1361 14732.8369   27  507 18510.3800 14686.3597  20.7%   303  380s
  1855  1360 14743.8970   28  465 18510.3800 14686.3597  20.7%   304  387s
  1859  1377 14744.5442   29  450 18510.3800 14686.3597  20.7%   306  391s
  1879  1378 14759.2630   31  422 18510.3800 14686.3597  20.7%   307  396s
  1908  1395 14798.8997   34  415 18510.3800 14686.3597  20.7%   309  420s
H 1916  1323                    18194.780000 14686.3597  19.3%   310  420s
  1945  1367 14846.8473   38  419 18194.7800 14686.3597  19.3%   311  432s
  1974  1361 14849.4846   39  433 18194.7800 14686.3597  19.3%   310  437s
  1978  1362 14849.8106   40  431 18194.7800 14686.3597  19.3%   310  474s
  1980  1388 14892.4310   40  400 18194.7800 14686.3597  19.3%   311  479s
  1984  1387 17013.2539  181  175 18194.7800 14686.3597  19.3%   311  480s
  2049  1445 14870.4597   45  383 18194.7800 14686.3597  19.3%   308  490s
  2087  1465 14961.7383   47  326 18194.7800 14686.3597  19.3%   306  495s
  2121  1510 14944.0037   51  411 18194.7800 14686.3597  19.3%   305  501s
  2178  1498 14968.2751   54  328 18194.7800 14686.3597  19.3%   301  516s
  2185  1519 14981.0332   57  354 18194.7800 14686.3597  19.3%   302  526s
  2242  1507 15014.2843   62  360 18194.7800 14686.3597  19.3%   302  533s
  2249  1515 15092.1853   64  370 18194.7800 14686.3597  19.3%   305  538s
  2259  1520 15084.5132   68  318 18194.7800 14686.3597  19.3%   308  544s
  2267  1518 15522.5761   21  357 18194.7800 14686.3597  19.3%   313  545s
  2268  1526 15117.6837   72  411 18194.7800 14686.3597  19.3%   313  564s
  2277  1539 15236.7446   74  327 18194.7800 14686.3597  19.3%   315  569s
  2293  1559 15162.5732   81  301 18194.7800 14686.3597  19.3%   318  573s
  2318  1575 15327.4871   91  262 18194.7800 14686.3597  19.3%   319  581s
  2342  1593 15534.9460  100  200 18194.7800 14686.3597  19.3%   321  594s
  2368  1621 15544.2098  111  203 18194.7800 14686.3597  19.3%   322  600s
  2405  1651 15847.8931  126  186 18194.7800 14686.3597  19.3%   323  607s
  2449  1694 16101.1981  143  192 18194.7800 14686.3597  19.3%   323  614s
  2499  1677 15214.7665   37  268 18194.7800 14686.3597  19.3%   320  615s
  2507  1789 16498.8179  168  150 18194.7800 14686.3597  19.3%   321  622s
  2627  1808 17649.8807  221  105 18194.7800 14745.0634  19.0%   313  637s
  2710  1797 14950.7778   21  527 18194.7800 14745.0634  19.0%   312  655s
  2729  1813 14958.2368   22  494 18194.7800 14745.0634  19.0%   319  662s
  2751  1832 14991.8717   25  413 18194.7800 14745.0634  19.0%   322  669s
  2780  1852 15067.8148   31  423 18194.7800 14745.0634  19.0%   324  676s
  2809  1875 15213.5303   33  327 18194.7800 14745.0634  19.0%   326  684s
  2844  1898 15169.4611   38  331 18194.7800 14745.0634  19.0%   327  692s
  2879  1947 15282.3657   45  259 18194.7800 14745.0634  19.0%   329  700s
  2939  1969 15330.7858   54  236 18194.7800 14745.0634  19.0%   328  710s
  2985  1998     cutoff   60      18194.7800 14746.5168  19.0%   329  723s
  3038  2040 14857.1035   19  522 18194.7800 14746.5168  19.0%   332  736s
  3105  2102 14984.6138   22  408 18194.7800 14746.5168  19.0%   332  748s
  3200  2191 15008.2406   24  388 18194.7800 14746.5168  19.0%   330  765s
  3385  2164 15067.5540   29  385 18194.7800 14746.5168  19.0%   320  777s
  3411  2211 15126.7877   32  337 18194.7800 14746.5168  19.0%   323  786s
  3458  2315 15246.1715   34  341 18194.7800 14746.5168  19.0%   324  798s
  3524  2315 16795.3216  139   57 18194.7800 14746.5168  19.0%   321  800s
  3614  2353 15242.3880   41  339 18194.7800 14746.5168  19.0%   316  810s
  3652  2421 15320.0258   46  349 18194.7800 14746.5168  19.0%   317  827s
  3720  2543 15428.0095   55  276 18194.7800 14746.5168  19.0%   317  839s
  3757  2543 15561.5059   76  184 18194.7800 14746.5168  19.0%   317  840s
  3866  2599 infeasible   82      18194.7800 14746.5168  19.0%   311  860s
  3889  2599 16361.7114   89  207 18194.7800 14746.5168  19.0%   312  866s
  3934  2751 16495.4635   98  190 18194.7800 14746.5168  19.0%   313  889s
  3975  2751 16661.9884  107  134 18194.7800 14746.5168  19.0%   311  890s
  4134  2897     cutoff  129      18194.7800 14752.2290  18.9%   306  932s
  4305  2906 17879.2500  197    6 18194.7800 14752.2290  18.9%   299  935s
  4351  2939 14847.9216   28  448 18194.7800 14752.2290  18.9%   308  957s
  4371  2967 15166.1109   40  251 18194.7800 14752.2290  18.9%   314  978s
  4407  3024 15278.6877   50  204 18194.7800 14752.6973  18.9%   318 1007s
  4466  3102 15448.7187   64  123 18194.7800 14752.6973  18.9%   321 1030s
  4548  3251 15735.7733   91  110 18194.7800 14754.1191  18.9%   323 1055s
  4725  3383 14910.8743   26  409 18194.7800 14754.1191  18.9%   318 1076s
  4857  3527 15579.1532   60  238 18194.7800 14754.1191  18.9%   317 1096s
  5037  3593 17873.4791  139  112 18194.7800 14754.1191  18.9%   311 1137s
  5119  3678     cutoff   28      18194.7800 14762.5600  18.9%   317 1165s
  5230  3689 14956.1060   25  416 18194.7800 14762.7138  18.9%   316 1194s
  5251  3704 15572.3264   30  413 18194.7800 14766.4310  18.8%   322 1223s
  5276  3786 15020.3596   29  424 18194.7800 14766.4310  18.8%   327 1253s
  5358  3886 infeasible   91      18194.7800 14766.4809  18.8%   329 1285s
H 5469  3928                    18113.660000 14766.4809  18.5%   329 1322s
  5555  4130 15257.9388   45  293 18113.6600 14766.4809  18.5%   332 1363s
  5631  4130 15763.6676  114  187 18113.6600 14766.4809  18.5%   332 1365s
  5789  4275 15345.1443   63  205 18113.6600 14766.4809  18.5%   327 1395s
  5942  4504 15856.1406  112  128 18113.6600 14769.9046  18.5%   330 1422s
  6180  4512 17276.3718  135   80 18113.6600 14770.1873  18.5%   324 1425s
  6244  4580 17058.0201  153   56 18113.6600 14770.2470  18.5%   322 1447s
  6334  4824 14966.6114   29  298 18113.6600 14770.2470  18.5%   323 1474s
  6358  4824 15481.0180   43  168 18113.6600 14770.2470  18.5%   324 1475s
  6623  4837 16418.8404   77   67 18113.6600 14770.2470  18.5%   316 1522s
  6626  5032 16588.5310   78   73 18113.6600 14777.2704  18.4%   317 1549s
  6698  5034 16937.5517   95   40 18113.6600 14777.2704  18.4%   315 1550s
  6847  5172 17464.6007   95   89 18113.6600 14777.3434  18.4%   314 1582s
  6988  5173 17462.8607  166   16 18113.6600 14796.9065  18.3%   310 1585s
  7019  5312     cutoff  127      18113.6600 14796.9156  18.3%   311 1607s
  7178  5314 15824.2891   64  243 18113.6600 14798.3632  18.3%   309 1653s
  7180  5539 15875.8445   65  275 18113.6600 14798.9514  18.3%   309 1678s
  7271  5539 17749.8063  155   82 18113.6600 14798.9514  18.3%   307 1680s
  7433  5785 15117.1066   45  295 18113.6600 14799.1336  18.3%   305 1716s
  7695  5850 15014.7090   37  422 18113.6600 14799.1336  18.3%   301 1752s
  7800  6123 15428.2865   57  237 18113.6600 14811.7241  18.2%   305 1791s
  8020  6127 16776.7792  167   10 18113.6600 14811.7241  18.2%   302 1795s
  8122  6351 17056.4322  172   25 18113.6600 14816.0160  18.2%   303 1826s
  8356  6359 16435.4689   81  225 18113.6600 14816.1050  18.2%   300 1830s
  8395  6483 17483.5560  175   52 18113.6600 14818.8920  18.2%   300 1860s
  8545  6902 15432.8481   71  153 18113.6600 14821.4800  18.2%   301 1901s
  8819  6902 17041.7200  152    6 18113.6600 14821.4800  18.2%   295 1905s
  8999  7237     cutoff  173      18113.6600 14822.1558  18.2%   295 1943s
  9068  7239 15931.6417  100  124 18113.6600 14822.1558  18.2%   296 1945s
  9425  7255 infeasible  175      18113.6600 14828.9529  18.1%   289 2030s
  9442  7262 15086.5772   24  468 18113.6600 14829.0153  18.1%   301 2100s
  9455  7288 15519.5047   29  420 18113.6600 14829.4553  18.1%   310 2184s
  9495  7288 infeasible   38      18113.6600 14829.4553  18.1%   312 2185s
  9497  7472 14896.7166   31  397 18113.6600 14830.7817  18.1%   320 2306s
  9706  7479 infeasible   37      18113.6600 14830.7817  18.1%   316 2310s
  9712  7483 14869.3314   25  475 18113.6600 14830.7817  18.1%   329 2499s
  9718  7483 infeasible   28      18113.6600 14830.7817  18.1%   358 2582s
  9720  7484  postponed   28      18113.6600 14830.7817  18.1%   372 2676s
  9723  7483 infeasible   29      18113.6600 14830.8191  18.1%   380 2756s
  9728  7596 14901.9514   29  421 18113.6600 14830.8191  18.1%   388 2914s
  9757  7596 15365.3909   58  319 18113.6600 14830.8191  18.1%   389 2915s
  9841  7752 17564.1685  141   71 18113.6600 14831.1173  18.1%   399 3034s
  9905  7753 15216.6237   46  360 18113.6600 14831.1173  18.1%   399 3035s
 10031  7900 17181.8265  170   24 18113.6600 14831.1518  18.1%   406 3096s
 10228  7985 infeasible  169      18113.6600 14833.0022  18.1%   409 3182s
 10314  8019 17198.4255  116   77 18113.6600 14834.3364  18.1%   416 3291s
 10374  8097     cutoff  157      18113.6600 14834.7241  18.1%   428 3376s
 10409  8097 15607.2337   61  236 18113.6600 14834.7241  18.1%   428 3391s
 10484  8188 15252.3280   37  263 18113.6600 14834.7241  18.1%   439 3465s
 10575  8302 16734.1800   74  132 18113.6600 14838.7982  18.1%   446 3535s
 10741  8471 15295.7726   33  342 18113.6600 14838.7982  18.1%   449 3600s

Cutting planes:
  User: 4809
  Gomory: 18
  Cover: 807
  Implied bound: 91
  Clique: 15
  MIR: 278
  Flow cover: 745
  Zero half: 61
  RLT: 650
  Relax-and-lift: 18
  Lazy constraints: 1381

Explored 10906 nodes (4907587 simplex iterations) in 3602.96 seconds
Thread count was 2 (of 32 available processors)

Solution count 4: 18113.7 18194.8 18510.4 18535.3 

Time limit reached
Best objective 1.811366000000e+04, best bound 1.483879815605e+04, gap 18.0795%

User-callback calls 842523, time in user-callback 240.93 sec
================================================================================
executing instance: ./input/Instances/Original/1/absH3high_2n45.dat
--------------------------------------------------------------------------------
Instance details
n	46
H	3
C	3171
Li:
[0, 0, 0, 0, 0, 0, 0, 0, 0, 0, 0, 0, 0, 0, 0, 0, 0, 0, 0, 0, 0, 0, 0, 0, 0, 0, 0, 0, 0, 0, 0, 0, 0, 0, 0, 0, 0, 0, 0, 0, 0, 0, 0, 0, 0, 0, ]
Ui:
[0, 246, 160, 78, 20, 87, 144, 40, 20, 82, 60, 96, 24, 136, 160, 108, 160, 26, 228, 51, 24, 240, 231, 70, 32, 105, 174, 114, 246, 126, 132, 76, 22, 42, 255, 132, 148, 162, 66, 111, 102, 240, 123, 201, 297, 78, ]
Distance matrix:
|0	148	402	550	329	420	187	318	366	280	504	273	233	333	112	344	379	481	113	593	159	523	261	424	90	359	163	461	413	240	105	299	265	89	371	462	339	273	495	22	41	439	369	506	563	468	|
|148	0	284	517	394	284	136	369	244	311	496	166	329	355	223	202	338	388	204	565	254	506	118	346	71	423	173	471	336	118	105	352	198	105	248	428	302	305	487	153	179	441	230	497	517	370	|
|402	284	0	350	448	80	228	406	42	343	382	129	456	350	412	126	219	131	382	395	410	371	180	137	314	466	289	400	137	167	389	401	169	316	39	280	217	342	373	394	414	362	108	380	324	106	|
|550	517	350	0	339	429	385	308	374	295	93	375	431	249	481	461	180	239	458	48	445	57	474	214	496	333	387	160	216	424	601	321	320	471	376	90	217	301	93	530	534	146	452	88	52	262	|
|329	394	448	339	0	513	282	42	438	105	255	363	115	108	221	484	259	431	217	365	172	289	436	362	333	30	224	189	353	380	423	47	291	296	443	285	240	107	251	307	294	193	495	260	378	437	|
|420	284	80	429	513	0	267	473	76	408	462	163	509	421	449	86	298	201	421	474	455	451	167	217	330	533	333	478	217	181	386	466	225	341	70	360	291	406	453	416	438	440	59	460	400	176	|
|187	136	228	385	282	267	0	249	199	186	360	104	248	224	184	214	207	294	155	432	189	371	155	237	113	308	68	336	227	101	216	236	78	98	205	296	168	181	350	174	190	305	231	360	390	283	|
|318	369	406	308	42	473	249	0	397	66	229	325	128	67	216	447	218	389	206	337	168	260	402	320	311	61	196	167	311	345	406	19	252	275	403	248	198	70	223	296	286	164	457	233	344	395	|
|366	244	42	374	438	76	199	397	0	332	397	96	436	346	383	90	228	168	354	420	385	389	139	161	277	458	263	408	158	128	349	391	150	282	6	298	218	331	388	359	380	370	78	395	352	144	|
|280	311	343	295	105	408	186	66	332	0	231	259	142	53	191	380	171	337	173	332	150	257	337	267	258	127	139	182	258	280	359	58	186	223	338	222	143	6	224	258	254	164	390	234	323	340	|
|504	496	382	93	255	462	360	229	397	231	0	375	356	180	422	478	173	293	403	110	381	36	474	248	463	245	345	68	246	419	568	244	308	433	400	104	200	237	9	482	482	67	474	5	142	312	|
|273	166	129	375	363	163	104	325	96	259	375	0	347	283	288	121	202	221	259	423	292	376	99	183	186	386	170	370	175	52	269	315	76	187	102	288	177	256	365	265	285	333	133	374	365	204	|
|233	329	456	431	115	509	248	128	436	142	356	347	0	181	121	462	311	472	128	463	76	386	398	403	260	141	180	294	392	349	334	111	287	224	442	362	280	139	350	212	194	289	479	360	463	472	|
|333	355	350	249	108	421	224	67	346	53	180	283	181	0	244	403	152	324	226	283	201	207	369	256	307	118	186	129	247	311	409	74	208	273	351	183	136	59	173	311	307	113	410	183	282	331	|
|112	223	412	481	221	449	184	216	383	191	422	288	121	244	0	387	327	461	30	521	49	447	313	396	152	250	125	371	385	273	214	196	249	121	389	400	288	185	415	91	74	355	408	425	503	454	|
|344	202	126	461	484	86	214	447	90	380	478	121	462	403	387	0	305	256	360	508	400	473	84	250	255	507	282	482	246	115	302	437	196	271	90	382	288	377	469	343	367	444	28	476	441	232	|
|379	338	219	180	259	298	207	218	228	171	173	202	311	152	327	305	0	172	301	227	300	174	302	105	318	270	217	180	97	249	423	221	141	296	232	90	40	173	164	361	368	142	303	172	184	180	|
|481	388	131	239	431	201	294	389	168	337	293	221	472	324	461	256	172	0	432	280	446	273	300	70	400	442	337	330	80	271	490	391	217	391	167	191	194	339	286	468	483	294	239	289	203	26	|
|113	204	382	458	217	421	155	206	354	173	403	259	128	226	30	360	301	432	0	499	52	426	287	367	133	246	95	355	356	246	208	187	219	100	360	376	261	167	395	90	81	337	381	406	478	425	|
|593	565	395	48	365	474	432	337	420	332	110	423	463	283	521	508	227	280	499	0	482	77	521	260	542	356	431	178	262	472	647	352	368	516	422	137	264	338	114	573	576	174	499	106	78	304	|
|159	254	410	445	172	455	189	168	385	150	381	292	76	201	49	400	300	446	52	482	0	407	331	378	184	201	122	327	367	286	258	149	242	150	391	367	263	144	374	137	122	314	419	384	470	441	|
|523	506	371	57	289	451	371	260	389	257	36	376	386	207	447	473	174	273	426	77	407	0	475	234	477	280	363	104	234	422	583	275	313	449	392	91	205	263	38	503	504	97	468	31	108	294	|
|261	118	180	474	436	167	155	402	139	337	474	99	398	369	313	84	302	300	287	521	331	475	0	275	173	462	220	465	268	58	219	390	168	193	142	388	275	333	464	261	286	430	111	473	462	279	|
|424	346	137	214	362	217	237	320	161	267	248	183	403	256	396	250	105	70	367	260	378	234	275	0	348	374	274	274	11	234	444	321	159	335	163	145	124	269	239	409	422	237	239	245	191	76	|
|90	71	314	496	333	330	113	311	277	258	463	186	260	307	152	255	318	400	133	542	184	477	173	348	0	362	121	430	338	150	106	293	190	37	282	406	279	252	454	88	113	403	280	464	502	386	|
|359	423	466	333	30	533	308	61	458	127	245	386	141	118	250	507	270	442	246	356	201	280	462	374	362	0	252	178	365	406	453	73	313	325	463	286	254	130	242	336	324	187	517	250	374	449	|
|163	173	289	387	224	333	68	196	263	139	345	170	180	186	125	282	217	337	95	431	122	363	220	274	121	252	0	310	263	168	225	180	124	88	269	300	177	133	337	144	152	284	299	347	400	330	|
|461	471	400	160	189	478	336	167	408	182	68	370	294	129	371	482	180	330	355	178	327	104	465	274	430	178	310	0	269	408	534	184	297	398	412	142	194	188	66	439	436	38	482	73	206	345	|
|413	336	137	216	353	217	227	311	158	258	246	175	392	247	385	246	97	80	356	262	367	234	268	11	338	365	263	269	0	226	434	312	149	324	160	143	115	259	237	399	411	232	237	243	196	84	|
|240	118	167	424	380	181	101	345	128	280	419	52	349	311	273	115	249	271	246	472	286	422	58	234	150	406	168	408	226	0	223	333	111	160	133	336	219	276	409	235	258	373	136	418	416	252	|
|105	105	389	601	423	386	216	406	349	359	568	269	334	409	214	302	423	490	208	647	258	583	219	444	106	453	225	534	434	223	0	388	289	137	353	511	384	353	559	123	145	508	330	570	606	473	|
|299	352	401	321	47	466	236	19	391	58	244	315	111	74	196	437	221	391	187	352	149	275	390	321	293	73	180	184	312	333	388	0	243	257	396	258	197	60	238	276	267	178	448	248	355	395	|
|265	198	169	320	291	225	78	252	150	186	308	76	287	208	249	196	141	217	219	368	242	313	168	159	190	313	124	297	149	111	289	243	0	176	156	231	109	183	299	251	266	262	205	308	319	207	|
|89	105	316	471	296	341	98	275	282	223	433	187	224	273	121	271	296	391	100	516	150	449	193	335	37	325	88	398	324	160	137	257	176	0	287	382	256	217	424	78	98	372	295	434	480	379	|
|371	248	39	376	443	70	205	403	6	338	400	102	442	351	389	90	232	167	360	422	391	392	142	163	282	463	269	412	160	133	353	396	156	287	0	301	222	336	391	365	386	374	77	398	353	143	|
|462	428	280	90	285	360	296	248	298	222	104	288	362	183	400	382	90	191	376	137	367	91	388	145	406	286	300	142	143	336	511	258	231	382	301	0	127	226	96	443	448	110	376	100	103	209	|
|339	302	217	217	240	291	168	198	218	143	200	177	280	136	288	288	40	194	261	264	263	205	275	124	279	254	177	194	115	219	384	197	109	256	222	127	0	145	190	321	328	157	289	199	224	198	|
|273	305	342	301	107	406	181	70	331	6	237	256	139	59	185	377	173	339	167	338	144	263	333	269	252	130	133	188	259	276	353	60	183	217	336	226	145	0	230	251	248	170	388	240	328	341	|
|495	487	373	93	251	453	350	223	388	224	9	365	350	173	415	469	164	286	395	114	374	38	464	239	454	242	337	66	237	409	559	238	299	424	391	96	190	230	0	474	474	61	465	11	141	305	|
|22	153	394	530	307	416	174	296	359	258	482	265	212	311	91	343	361	468	90	573	137	503	261	409	88	336	144	439	399	235	123	276	251	78	365	443	321	251	474	0	26	418	367	485	544	456	|
|41	179	414	534	294	438	190	286	380	254	482	285	194	307	74	367	368	483	81	576	122	504	286	422	113	324	152	436	411	258	145	267	266	98	386	448	328	248	474	26	0	416	391	484	550	472	|
|439	441	362	146	193	440	305	164	370	164	67	333	289	113	355	444	142	294	337	174	314	97	430	237	403	187	284	38	232	373	508	178	262	372	374	110	157	170	61	418	416	0	444	71	187	309	|
|369	230	108	452	495	59	231	457	78	390	474	133	479	410	408	28	303	239	381	499	419	468	111	239	280	517	299	482	237	136	330	448	205	295	77	376	289	388	465	367	391	444	0	472	429	214	|
|506	497	380	88	260	460	360	233	395	234	5	374	360	183	425	476	172	289	406	106	384	31	473	245	464	250	347	73	243	418	570	248	308	434	398	100	199	240	11	485	484	71	472	0	137	309	|
|563	517	324	52	378	400	390	344	352	323	142	365	463	282	503	441	184	203	478	78	470	108	462	191	502	374	400	206	196	416	606	355	319	480	353	103	224	328	141	544	550	187	429	137	0	228	|
|468	370	106	262	437	176	283	395	144	340	312	204	472	331	454	232	180	26	425	304	441	294	279	76	386	449	330	345	84	252	473	395	207	379	143	209	198	341	305	456	472	309	214	309	228	0	|
