




arguments: ./build/mirp_solver -f ./input/orig_exec_193.cfg
Current dir: /scratch/gui/bnc_mirp
File verbosity level: 9
date       time         ( uptime  ) [ thread name/id ]                   file:line     v| 
2021-01-10 07:54:33.964 (   0.154s) [main thread     ]             loguru.cpp:789   INFO| Logging to './output/vi_lex_full/OU/V5/Original/execution_10_01_2021_07_54_33.log', mode: 'a', verbosity: 9
--------------------------------------------------------------------------------
Parameters
                           instance_path           ./input/Instances/Original/5/
                            model_policy                                       1
                             nb_vehicles                                       5
                              output_dir    ./output/vi_lex_full/OU/V5/Original/
                            sec_strategy                                       1
                       solver_nb_threads                                       2
                         solver_show_log                                    true
                       solver_time_limit                                    3600
                              use_vi_cos                                   false
                              use_vi_cus                                   false
                         use_vi_hc1_full                                   false
                         use_vi_hc1_half                                   false
                      use_vi_hc1_quarter                                   false
                              use_vi_hc2                                   false
                              use_vi_hc3                                   false
                         use_vi_lex_full                                    true
                         use_vi_lex_half                                   false
                      use_vi_lex_quarter                                   false
                              use_vi_qua                                   false
                               use_vi_vc                                   false
                               use_vi_vr                                   false
--------------------------------------------------------------------------------
executing instance: ./input/Instances/Original/5/absH3low_4n50.dat
--------------------------------------------------------------------------------
Instance details
n	51
H	3
C	4066
Li:
[0, 0, 0, 0, 0, 0, 0, 0, 0, 0, 0, 0, 0, 0, 0, 0, 0, 0, 0, 0, 0, 0, 0, 0, 0, 0, 0, 0, 0, 0, 0, 0, 0, 0, 0, 0, 0, 0, 0, 0, 0, 0, 0, 0, 0, 0, 0, 0, 0, 0, 0, ]
Ui:
[0, 108, 126, 122, 66, 120, 48, 30, 128, 54, 158, 198, 36, 66, 210, 234, 147, 297, 171, 128, 116, 120, 219, 70, 294, 207, 134, 128, 234, 122, 22, 183, 195, 255, 132, 124, 66, 189, 219, 66, 128, 102, 288, 66, 87, 136, 36, 39, 282, 36, 237, ]
Distance matrix:
|0	210	444	498	509	104	438	228	487	304	456	434	526	476	163	47	293	396	293	290	313	85	280	437	293	336	409	106	449	376	433	478	193	404	404	534	278	181	380	507	189	438	263	473	353	216	202	218	452	254	465	|
|210	0	299	507	359	106	345	409	358	411	320	402	555	448	136	200	289	264	306	427	141	222	83	348	264	320	283	303	380	208	258	357	170	348	475	542	243	347	355	379	65	479	172	373	355	251	112	229	402	210	300	|
|444	299	0	363	65	358	116	542	66	440	26	241	425	272	282	407	251	51	276	490	159	397	224	124	217	237	48	490	170	99	83	74	261	180	430	385	214	479	231	85	270	390	184	116	271	300	409	276	210	215	54	|
|498	507	363	0	385	482	246	424	326	254	343	123	63	93	388	452	221	337	211	314	428	414	480	239	243	187	324	463	194	418	438	307	346	188	156	36	264	392	156	326	444	87	340	258	154	286	603	294	153	297	417	|
|509	359	65	385	0	422	145	602	59	492	59	269	448	292	348	472	305	115	329	545	218	462	281	152	274	286	106	554	192	153	116	78	326	216	472	403	274	540	271	63	334	425	249	127	316	361	468	337	233	278	69	|
|104	106	358	482	422	0	372	309	408	337	374	396	521	441	98	96	262	314	271	342	215	124	177	373	249	302	329	198	394	281	337	402	139	353	419	518	230	250	343	428	90	437	188	405	328	200	134	188	406	199	372	|
|438	345	116	246	145	372	0	485	87	357	97	126	309	155	279	394	180	101	200	414	223	373	288	8	157	150	84	459	53	188	196	68	245	72	328	269	165	427	128	97	297	280	184	36	175	250	456	233	94	184	170	|
|228	409	542	424	602	309	485	0	561	170	544	419	424	446	298	214	305	491	286	115	462	187	457	480	331	339	496	124	470	510	565	545	295	424	279	454	329	66	376	576	363	340	370	520	330	242	429	266	453	328	581	|
|487	358	66	326	59	408	87	561	0	441	40	211	389	233	324	446	258	95	281	497	220	431	287	95	230	234	79	522	133	164	146	19	297	160	415	344	233	500	215	21	323	367	224	68	261	320	470	299	174	242	106	|
|304	411	440	254	492	337	357	170	441	0	434	266	255	286	275	266	189	392	164	63	408	225	428	351	224	207	392	234	330	438	484	424	250	287	112	284	232	149	233	453	349	170	302	389	185	168	471	195	305	248	487	|
|456	320	26	343	59	374	97	544	40	434	0	223	406	252	294	418	247	60	271	487	181	405	247	105	215	229	49	498	149	124	109	48	270	165	419	364	215	482	218	60	288	375	194	92	261	302	431	279	190	220	75	|
|434	402	241	123	269	396	126	419	211	266	223	0	185	46	298	387	140	213	145	328	310	355	366	118	147	97	201	425	78	295	315	191	256	65	211	151	166	371	53	215	343	157	231	145	90	220	505	217	41	198	295	|
|526	555	425	63	448	521	309	424	389	255	406	185	0	156	430	481	266	398	252	310	485	442	534	301	293	237	386	480	257	478	500	370	390	249	145	55	313	401	212	389	491	89	392	321	201	322	646	334	216	345	479	|
|476	448	272	93	292	441	155	446	233	286	252	46	156	0	343	429	183	250	184	348	353	396	411	148	192	140	236	461	102	334	350	214	302	106	214	113	212	402	98	233	389	151	277	165	125	261	551	260	62	244	325	|
|163	136	282	388	348	98	279	298	324	275	294	298	430	343	0	124	167	234	178	296	167	121	162	279	151	205	247	216	297	224	280	316	42	256	340	423	132	232	246	344	74	349	100	314	233	115	216	97	308	101	307	|
|47	200	407	452	472	96	394	214	446	266	418	387	481	429	124	0	246	358	245	259	284	41	261	392	247	289	370	103	403	345	402	436	150	358	361	488	232	158	333	466	165	393	223	430	306	168	217	171	406	210	431	|
|293	289	251	221	305	262	180	305	258	189	247	140	266	183	167	246	0	204	26	240	238	215	276	175	37	43	203	289	169	255	297	242	125	122	202	257	52	248	87	272	225	191	134	215	67	80	382	77	163	81	298	|
|396	264	51	337	115	314	101	491	95	392	60	213	398	250	234	358	204	0	229	442	130	347	196	108	169	194	19	440	152	87	102	93	211	149	390	363	165	428	194	116	228	355	134	117	230	250	376	225	189	164	95	|
|293	306	276	211	329	271	200	286	281	164	271	145	252	184	178	245	26	229	0	216	262	212	297	195	63	53	228	280	184	280	323	264	138	137	178	248	76	232	95	294	241	173	156	234	60	77	395	83	172	102	324	|
|290	427	490	314	545	342	414	115	497	63	487	328	310	348	296	259	240	442	216	0	443	220	456	408	273	264	443	204	390	479	529	480	278	346	165	343	278	115	293	509	369	229	340	447	244	202	473	230	366	288	536	|
|313	141	159	428	218	215	223	462	220	408	181	310	485	353	167	284	238	130	262	443	0	288	67	228	202	252	149	382	267	67	122	221	168	247	440	459	186	396	273	241	125	423	107	245	291	242	251	214	297	162	160	|
|85	222	397	414	462	124	373	187	431	225	405	355	442	396	121	41	215	347	212	220	288	0	273	371	221	258	357	95	378	344	401	420	136	331	321	450	208	126	302	450	177	353	213	409	272	136	253	143	377	190	426	|
|280	83	224	480	281	177	288	457	287	428	247	366	534	411	162	261	276	196	297	456	67	273	0	292	243	298	215	363	329	128	176	288	179	305	475	513	224	392	324	307	96	466	143	311	335	261	187	235	357	195	219	|
|437	348	124	239	152	373	8	480	95	351	105	118	301	148	279	392	175	108	195	408	228	371	292	0	154	144	91	456	46	194	203	76	244	65	320	261	163	423	121	103	299	273	185	40	168	247	459	230	86	183	178	|
|293	264	217	243	274	249	157	331	230	224	215	147	293	192	151	247	37	169	63	273	202	221	243	154	0	57	170	303	157	217	260	215	110	111	238	278	21	271	94	245	201	223	100	193	92	93	362	78	160	54	263	|
|336	320	237	187	286	302	150	339	234	207	229	97	237	140	205	289	43	194	53	264	252	258	298	144	57	0	190	331	131	257	294	216	163	84	197	221	77	285	44	246	258	172	155	183	39	123	418	119	120	110	288	|
|409	283	48	324	106	329	84	496	79	392	49	201	386	236	247	370	203	19	228	443	149	357	215	91	170	190	0	449	136	105	114	75	221	138	384	349	168	434	185	99	245	346	146	98	224	255	394	231	174	171	99	|
|106	303	490	463	554	198	459	124	522	234	498	425	480	461	216	103	289	440	280	204	382	95	363	456	303	331	449	0	458	439	496	510	229	410	344	498	293	89	374	540	267	391	307	495	336	211	308	226	451	280	520	|
|449	380	170	194	192	394	53	470	133	330	149	78	257	102	297	403	169	152	184	390	267	378	329	46	157	131	136	458	0	238	249	114	259	47	287	216	171	416	96	137	327	235	211	67	145	247	488	235	41	197	223	|
|376	208	99	418	153	281	188	510	164	438	124	295	478	334	224	345	255	87	280	479	67	344	128	194	217	257	105	439	238	0	57	169	216	230	453	445	206	445	268	184	191	427	141	202	296	278	315	250	274	191	92	|
|433	258	83	438	116	337	196	565	146	484	109	315	500	350	280	402	297	102	323	529	122	401	176	203	260	294	114	496	249	57	0	157	271	252	490	463	251	499	296	162	247	457	195	199	331	329	362	302	288	241	47	|
|478	357	74	307	78	402	68	545	19	424	48	191	370	214	316	436	242	93	264	480	221	420	288	76	215	216	75	510	114	169	157	0	287	141	396	325	219	485	196	31	319	347	216	49	243	306	469	286	154	230	120	|
|193	170	261	346	326	139	245	295	297	250	270	256	390	302	42	150	125	211	138	278	168	136	179	244	110	163	221	229	259	216	271	287	0	216	305	382	91	229	204	316	105	310	78	280	192	83	257	60	268	62	292	|
|404	348	180	188	216	353	72	424	160	287	165	65	249	106	256	358	122	149	137	346	247	331	305	65	111	84	138	410	47	230	252	141	216	0	255	215	126	369	56	168	292	210	177	102	103	200	454	189	54	155	234	|
|404	475	430	156	472	419	328	279	415	112	419	211	145	214	340	361	202	390	178	165	440	321	475	320	238	197	384	344	287	453	490	396	305	255	0	181	254	261	201	422	410	69	335	353	160	225	551	246	252	280	482	|
|534	542	385	36	403	518	269	454	344	284	364	151	55	113	423	488	257	363	248	343	459	450	513	261	278	221	349	498	216	445	463	325	382	215	181	0	298	425	189	342	479	115	373	276	190	323	638	330	175	332	439	|
|278	243	214	264	274	230	165	329	233	232	215	166	313	212	132	232	52	165	76	278	186	208	224	163	21	77	168	293	171	206	251	219	91	126	254	298	0	267	114	250	181	242	82	202	112	88	341	68	177	33	258	|
|181	347	479	392	540	250	427	66	500	149	482	371	401	402	232	158	248	428	232	115	396	126	392	423	271	285	434	89	416	445	499	485	229	369	261	425	267	0	325	516	298	313	305	463	281	180	375	203	403	264	516	|
|380	355	231	156	271	343	128	376	215	233	218	53	212	98	246	333	87	194	95	293	273	302	324	121	94	44	185	374	96	268	296	196	204	56	201	189	114	325	0	224	294	161	185	157	49	167	455	163	78	147	284	|
|507	379	85	326	63	428	97	576	21	453	60	215	389	233	344	466	272	116	294	509	241	450	307	103	245	246	99	540	137	184	162	31	316	168	422	342	250	516	224	0	344	371	244	70	271	337	490	317	176	261	120	|
|189	65	270	444	334	90	297	363	323	349	288	343	491	389	74	165	225	228	241	369	125	177	96	299	201	258	245	267	327	191	247	319	105	292	410	479	181	298	294	344	0	414	116	328	291	187	163	165	345	147	282	|
|438	479	390	87	425	437	280	340	367	170	375	157	89	151	349	393	191	355	173	229	423	353	466	273	223	172	346	391	235	427	457	347	310	210	69	115	242	313	161	371	414	0	323	301	133	238	565	253	197	273	444	|
|263	172	184	340	249	188	184	370	224	302	194	231	392	277	100	223	134	134	156	340	107	213	143	185	100	155	146	307	211	141	195	216	78	177	335	373	82	305	185	244	116	323	0	217	192	138	278	110	230	55	214	|
|473	373	116	258	127	405	36	520	68	389	92	145	321	165	314	430	215	117	234	447	245	409	311	40	193	183	98	495	67	202	199	49	280	102	353	276	202	463	157	70	328	301	217	0	205	286	485	269	106	220	167	|
|353	355	271	154	316	328	175	330	261	185	261	90	201	125	233	306	67	230	60	244	291	272	335	168	92	39	224	336	145	296	331	243	192	103	160	190	112	281	49	271	291	133	192	205	0	138	449	141	123	145	323	|
|216	251	300	286	361	200	250	242	320	168	302	220	322	261	115	168	80	250	77	202	242	136	261	247	93	123	255	211	247	278	329	306	83	200	225	323	88	180	167	337	187	238	138	286	138	0	328	28	243	88	340	|
|202	112	409	603	468	134	456	429	470	471	431	505	646	551	216	217	382	376	395	473	251	253	187	459	362	418	394	308	488	315	362	469	257	454	551	638	341	375	455	490	163	565	278	485	449	328	0	313	508	308	406	|
|218	229	276	294	337	188	233	266	299	195	279	217	334	260	97	171	77	225	83	230	214	143	235	230	78	119	231	226	235	250	302	286	60	189	246	330	68	203	163	317	165	253	110	269	141	28	313	0	235	61	315	|
|452	402	210	153	233	406	94	453	174	305	190	41	216	62	308	406	163	189	172	366	297	377	357	86	160	120	174	451	41	274	288	154	268	54	252	175	177	403	78	176	345	197	230	106	123	243	508	235	0	207	264	|
|254	210	215	297	278	199	184	328	242	248	220	198	345	244	101	210	81	164	102	288	162	190	195	183	54	110	171	280	197	191	241	230	62	155	280	332	33	264	147	261	147	273	55	220	145	88	308	61	207	0	253	|
|465	300	54	417	69	372	170	581	106	487	75	295	479	325	307	431	298	95	324	536	160	426	219	178	263	288	99	520	223	92	47	120	292	234	482	439	258	516	284	120	282	444	214	167	323	340	406	315	264	253	0	|

--------------------------------------------------------------------------------
Building model...
	using lazy and cut (CVRPSEP package)
Solving IRP LP...
--------------------------------------------------------------------------------

Gurobi 9.1.0 (linux64) logging started Sun Jan 10 07:54:34 2021

Gurobi Optimizer version 9.1.0 build v9.1.0rc0 (linux64)
Thread count: 32 physical cores, 32 logical processors, using up to 2 threads
Optimize a model with 2049 rows, 20844 columns and 47664 nonzeros
Model fingerprint: 0xf8e44960
Variable types: 954 continuous, 19890 integer (765 binary)
Coefficient statistics:
  Matrix range     [1e+00, 2e+15]
  Objective range  [1e-02, 6e+02]
  Bounds range     [1e+00, 3e+02]
  RHS range        [1e+01, 7e+03]
Warning: Model contains large matrix coefficient range
         Consider reformulating model or setting NumericFocus parameter
         to avoid numerical issues.
Presolve removed 204 rows and 51 columns
Presolve time: 0.08s
Presolved: 1845 rows, 20793 columns, 45859 nonzeros
Variable types: 903 continuous, 19890 integer (19140 binary)

Root relaxation: objective 3.620553e+03, 2677 iterations, 0.14 seconds

    Nodes    |    Current Node    |     Objective Bounds      |     Work
 Expl Unexpl |  Obj  Depth IntInf | Incumbent    BestBd   Gap | It/Node Time

     0     0 3620.55296    0  167          - 3620.55296      -     -    0s
     0     0 3863.94791    0  181          - 3863.94791      -     -    1s
     0     0 3879.43763    0  184          - 3879.43763      -     -    1s
     0     0 4248.28025    0  270          - 4248.28025      -     -    1s
     0     0 4435.97826    0  295          - 4435.97826      -     -    2s
     0     0 4440.95750    0  302          - 4440.95750      -     -    2s
     0     0 4441.69761    0  287          - 4441.69761      -     -    2s
     0     0 4441.84432    0  297          - 4441.84432      -     -    2s
     0     0 4647.46227    0  314          - 4647.46227      -     -    3s
     0     0 4652.24777    0  318          - 4652.24777      -     -    3s
     0     0 4655.43470    0  290          - 4655.43470      -     -    4s
     0     0 4655.52431    0  301          - 4655.52431      -     -    4s
     0     0 4730.20925    0  383          - 4730.20925      -     -    5s
     0     0 4731.45374    0  352          - 4731.45374      -     -    5s
     0     0 4732.44520    0  349          - 4732.44520      -     -    5s
     0     0 4840.92700    0  358          - 4840.92700      -     -    7s
     0     0 4860.53672    0  411          - 4860.53672      -     -    8s
     0     0 4863.27244    0  427          - 4863.27244      -     -    8s
     0     0 4866.09887    0  412          - 4866.09887      -     -    8s
     0     0 4866.82090    0  435          - 4866.82090      -     -    9s
     0     0 4900.37622    0  423          - 4900.37622      -     -   10s
     0     0 4908.24705    0  459          - 4908.24705      -     -   11s
     0     0 4910.28442    0  508          - 4910.28442      -     -   11s
     0     0 4910.83033    0  523          - 4910.83033      -     -   11s
     0     0 4935.90912    0  409          - 4935.90912      -     -   13s
     0     0 4936.30507    0  497          - 4936.30507      -     -   13s
     0     0 4944.89264    0  582          - 4944.89264      -     -   14s
     0     0 4952.81417    0  546          - 4952.81417      -     -   16s
     0     2 4963.70738    0  501          - 4963.70738      -     -   21s
     7     8 4973.71525    3  432          - 4973.71525      -  1745   25s
    20    19 4989.14279    7  427          - 4973.71525      -  1251   30s
    53    50 4999.03638   19  408          - 4973.71525      -   707   35s
    82    72 5056.81907   27  313          - 4973.71525      -   660   40s
   143   129 5131.01296   38  303          - 4973.71525      -   471   45s
   204   198 5296.18482   50  301          - 4973.71525      -   390   50s
   272   266 5647.93514   72  207          - 4973.71525      -   348   55s
   365   346 6616.53334  150  147          - 4973.71525      -   300   60s
   452   486 6189.43808  123  137          - 4973.71525      -   266   65s
   581   624 6374.34452  146  107          - 4973.71525      -   224   70s
   734   796 6781.49561  162  103          - 4973.71525      -   190   75s
   829   866 7008.80293  177   73          - 4973.71525      -   173   84s
   865   868 12910.8100  383    2          - 4973.71525      -   168   85s
   921   897 7243.97625  193  104          - 4973.71525      -   164   90s
  1056   988 11978.5500  366  546          - 4973.71525      -   158   97s
  1060   991 8672.34049  256  372          - 4973.71525      -   157  100s
  1064   993 6839.93270  160  480          - 4992.42895      -   156  105s
  1073   999 8907.46924  269  569          - 5044.96462      -   155  113s
  1075  1001 6413.90942  122  641          - 5057.02404      -   155  115s
  1083  1006 5837.60726   78  595          - 5084.89529      -   154  121s
  1091  1011 5872.30318   88  642          - 5109.73041      -   153  131s
  1099  1017 6916.81331  165  721          - 5123.53729      -   151  135s
  1108  1023 7197.20709  172  764          - 5132.82545      -   150  140s
  1118  1029 6680.98779  131  799          - 5172.40323      -   149  145s
  1124  1033 11857.5500  364  735          - 5178.77513      -   148  150s
  1133  1039 7112.66129  168  755          - 5184.32308      -   147  156s
  1141  1045 9329.42227  302  737          - 5186.58187      -   146  160s
  1153  1054 8366.43607  255  313          - 5187.55368      -   187  165s
  1161  1059 7297.08114  176  714          - 5187.55368      -   185  170s
  1168  1064 8474.88011  230  741          - 5188.08787      -   184  175s
  1173  1067 8907.46924  269  744          - 5189.20440      -   184  180s
  1178  1070 6609.74386  136  654          - 5189.90449      -   183  190s
  1180  1072 5616.31303   42  654          - 5189.90449      -   182  200s
  1181  1075 5194.46620   23  765          - 5189.90546      -   198  213s
  1183  1077 5204.02666   24  569          - 5197.22107      -   198  223s
  1185  1078 5555.73397   24  468          - 5199.51198      -   203  229s
  1187  1079 5223.28187   25  392          - 5204.97315      -   205  231s
  1194  1085 5262.88010   26  387          - 5215.41585      -   208  238s
  1201  1091 5260.09984   28  456          - 5222.42157      -   214  243s
  1205  1093 5273.12908   29  491          - 5223.29062      -   219  245s
  1209  1094 5300.49807   30  541          - 5223.29062      -   221  271s
  1218  1100 5326.78494   32  435          - 5223.29062      -   266  298s
  1224  1102  postponed   33               - 5223.29062      -   345  319s
  1228  1103  postponed   33               - 5223.29062      -   399  347s
  1230  1106  postponed   34               - 5223.29062      -   439  371s
  1234  1107  postponed   34               - 5223.29062      -   484  396s
  1236  1107  postponed   35               - 5223.29062      -   526  419s
  1239  1108  postponed   35               - 5223.29062      -   633  464s
  1241  1109  postponed   36               - 5223.29062      -   667  481s
  1243  1108  postponed   36               - 5223.29062      -   744  501s
  1248  1108  postponed   37               - 5223.29062      -   792  518s
  1254  1113  postponed   37               - 5223.29062      -   835  540s
  1261  1119  postponed   38               - 5223.29062      -   864  554s
  1271  1126  postponed   38               - 5223.29062      -   895  576s
  1282  1135  postponed   39               - 5223.29062      -   924  591s
  1294  1144  postponed   39               - 5223.29062      -   969  618s
  1307  1153  postponed   40               - 5223.29062      -  1009  641s
  1321  1162  postponed   40               - 5223.29062      -  1033  657s
  1334  1173 infeasible   41               - 5223.29062      -  1026  670s
  1354  1186  postponed   42               - 5223.29062      -  1074  683s
  1373  1200  postponed   43               - 5223.29062      -  1090  699s
  1394  1217  postponed   43               - 5223.29062      -  1091  718s
  1418  1234  postponed   44               - 5223.29062      -  1130  733s
  1443  1254  postponed   45               - 5223.29062      -  1149  751s
  1471  1276  postponed   45               - 5223.29062      -  1165  772s
  1502  1297 infeasible   46               - 5223.29062      -  1145  791s
  1538  1322  postponed   47               - 5223.29062      -  1177  805s
  1575  1350 infeasible   47               - 5223.29062      -  1154  827s
  1619  1380  postponed   49               - 5223.29062      -  1198  850s
  1664  1413 infeasible   50               - 5223.29062      -  1170  880s
  1716  1450  postponed   51               - 5223.29062      -  1194  902s
  1774  1491  postponed   53               - 5223.29062      -  1194  928s
  1834  1539  postponed   54               - 5223.29062      -  1199  950s
  1902  1587 infeasible   55               - 5223.29062      -  1180  972s
  1979  1634 infeasible   56               - 5223.29062      -  1172  987s
  2062  1659  postponed   58               - 5223.29062      -  1174 1008s
  2152  1630  postponed   58               - 5223.29062      -  1145 1027s
  2167  1639  postponed   59               - 5223.29062      -  1161 1046s
  2181  1656  postponed   59               - 5223.29062      -  1174 1061s
  2203  1665  postponed   60               - 5223.29062      -  1183 1101s
  2221  1692  postponed   61               - 5223.29062      -  1219 1133s
  2254  1715  postponed   62               - 5223.29062      -  1246 1173s
  2288  1753  postponed   63               - 5223.29062      -  1269 1195s
  2338  1809  postponed   64               - 5223.29062      -  1281 1218s
  2414  1909  postponed   64               - 5223.29062      -  1258 1238s
  2540  2003  postponed   65               - 5223.29062      -  1238 1266s
  2678  2096 infeasible   66               - 5223.29062      -  1179 1306s
  2831  2155 infeasible   67               - 5223.29062      -  1150 1349s
  3001  2105  postponed   68               - 5223.29062      -  1133 1373s
  3027  2116  postponed   69               - 5223.29062      -  1144 1400s
  3047  2143  postponed   69               - 5223.29062      -  1159 1431s
  3081  2189  postponed   70               - 5223.29062      -  1165 1452s
  3138  2261  postponed   70               - 5223.29062      -  1163 1475s
  3229  2339  postponed   71               - 5223.29062      -  1144 1512s
  3349  2492  postponed   72               - 5223.29062      -  1129 1551s
  3568  2438 infeasible   73               - 5223.29062      -  1077 1589s
  3607  2460  postponed   74               - 5223.29062      -  1110 1644s
  3642  2506  postponed   74               - 5223.29062      -  1129 1690s
  3700  2589 infeasible   75               - 5223.29062      -  1118 1726s
  3808  2647 infeasible   76               - 5223.29062      -  1111 1758s
  3910  2773  postponed   78               - 5223.29062      -  1117 1791s
  4078  2788  postponed   80               - 5223.29062      -  1092 1835s
  4171  2899  postponed   81               - 5223.29062      -  1096 1889s
  4315  3055  postponed   82               - 5223.29062      -  1086 1997s
  4532  3189  postponed   83               - 5223.29062      -  1081 2041s
  4762  3213 infeasible   84               - 5223.29062      -  1035 2088s
  4790  3289  postponed   85               - 5223.29062      -  1063 2162s
  4866  3379  postponed   86               - 5223.29062      -  1081 2210s
  4956  3658  postponed   87               - 5223.29062      -  1084 2261s
  5241  3790  postponed   87               - 5223.29062      -  1057 2355s
  5438  3833  postponed   88               - 5223.29062      -  1046 2430s
  5481  3869  postponed   88               - 5223.29062      -  1052 2515s
  5529  3878  postponed   89               - 5223.29062      -  1080 2592s
  5556  3900  postponed   90               - 5223.29062      -  1104 2652s
  5578  3990  postponed   90               - 5223.29062      -  1117 2704s
  5668  4228 infeasible   91               - 5223.29062      -  1106 2762s
  5912  4685  postponed   92               - 5223.29062      -  1094 2874s
  6389  4968  postponed   93               - 5223.29062      -  1042 2973s
  6733  5003  postponed   94               - 5223.29062      -  1017 3064s
  6778  5020  postponed   96               - 5223.29062      -  1035 3134s
  6803  5159  postponed   98               - 5223.29062      -  1057 3200s
  6964  5429  postponed   98               - 5223.29062      -  1048 3289s
  7318  5440  postponed   99               - 5223.29062      -  1022 3466s
  7331  5479  postponed  100               - 5223.29062      -  1053 3582s
  7378  5489 infeasible  102               - 5223.29062      -  1074 3600s

Cutting planes:
  User: 6372
  Gomory: 34
  Cover: 610
  Implied bound: 47
  Projected implied bound: 8
  Clique: 6
  MIR: 211
  Flow cover: 577
  Zero half: 16
  RLT: 419
  Relax-and-lift: 13
  Lazy constraints: 113

Explored 7392 nodes (7965578 simplex iterations) in 3600.33 seconds
Thread count was 2 (of 32 available processors)

Solution count 0

Time limit reached
Best objective -, best bound 5.223290617377e+03, gap -

User-callback calls 173034, time in user-callback 99.08 sec
================================================================================
executing instance: ./input/Instances/Original/5/absH3low_4n25.dat
--------------------------------------------------------------------------------
Instance details
n	26
H	3
C	2029
Li:
[0, 0, 0, 0, 0, 0, 0, 0, 0, 0, 0, 0, 0, 0, 0, 0, 0, 0, 0, 0, 0, 0, 0, 0, 0, 0, ]
Ui:
[0, 34, 165, 76, 88, 188, 58, 279, 52, 132, 198, 142, 135, 165, 186, 58, 201, 196, 40, 183, 32, 90, 168, 126, 93, 146, ]
Distance matrix:
|0	299	188	235	91	202	152	147	162	277	268	132	71	162	220	69	220	289	241	124	265	80	162	132	66	302	|
|299	0	468	431	282	142	317	425	443	569	193	178	359	302	422	231	93	28	511	325	457	242	434	215	240	601	|
|188	468	0	153	265	342	308	43	192	106	455	290	117	206	142	246	379	464	252	274	360	267	211	319	231	184	|
|235	431	153	0	326	289	386	145	321	240	482	269	184	129	15	258	339	436	393	355	477	305	336	354	237	334	|
|91	282	265	326	0	228	66	228	166	339	196	157	154	242	311	99	225	264	229	50	201	47	153	71	115	340	|
|202	142	342	289	228	0	285	301	363	447	255	73	245	161	281	139	53	151	440	278	428	181	360	187	136	495	|
|152	317	308	386	66	285	0	275	167	368	188	217	207	308	371	163	274	295	210	34	145	108	148	104	181	350	|
|147	425	43	145	228	301	275	0	179	146	415	248	76	172	131	203	337	421	248	242	341	227	195	279	188	211	|
|162	443	192	321	166	363	167	179	0	216	352	291	152	302	307	225	375	428	81	138	170	201	22	237	227	183	|
|277	569	106	240	339	447	368	146	216	0	535	391	210	312	232	341	481	562	245	335	381	352	238	402	329	106	|
|268	193	455	482	196	255	188	415	352	535	0	225	339	367	469	224	212	165	398	214	302	188	335	136	245	533	|
|132	178	290	269	157	73	217	248	291	391	225	0	183	145	258	66	91	175	367	207	358	110	287	127	67	431	|
|71	359	117	184	154	245	207	76	152	210	339	183	0	152	169	131	274	352	232	174	294	151	161	203	119	251	|
|162	302	206	129	242	161	308	172	302	312	367	145	152	0	120	153	210	308	383	284	426	208	309	249	132	383	|
|220	422	142	15	311	281	371	131	307	232	469	258	169	120	0	245	330	427	379	340	461	291	321	340	224	324	|
|69	231	246	258	99	139	163	203	225	341	224	66	131	153	245	0	152	222	301	147	299	57	221	97	22	371	|
|220	93	379	339	225	53	274	337	375	481	212	91	274	210	330	152	0	99	448	273	419	180	369	171	157	521	|
|289	28	464	436	264	151	295	421	428	562	165	175	352	308	427	222	99	0	493	305	434	227	418	196	234	590	|
|241	511	252	393	229	440	210	248	81	245	398	367	232	383	379	301	448	493	0	190	147	270	80	298	305	175	|
|124	325	274	355	50	278	34	242	138	335	214	207	174	284	340	147	273	305	190	0	152	97	122	110	162	320	|
|265	457	360	477	201	428	145	341	170	381	302	358	294	426	461	299	419	434	147	152	0	248	150	249	312	322	|
|80	242	267	305	47	181	108	227	201	352	188	110	151	208	291	57	180	227	270	97	248	0	192	52	76	366	|
|162	434	211	336	153	360	148	195	22	238	335	287	161	309	321	221	369	418	80	122	150	192	0	224	225	203	|
|132	215	319	354	71	187	104	279	237	402	136	127	203	249	340	97	171	196	298	110	249	52	224	0	118	409	|
|66	240	231	237	115	136	181	188	227	329	245	67	119	132	224	22	157	234	305	162	312	76	225	118	0	364	|
|302	601	184	334	340	495	350	211	183	106	533	431	251	383	324	371	521	590	175	320	322	366	203	409	364	0	|

--------------------------------------------------------------------------------
Building model...
	using lazy and cut (CVRPSEP package)
Solving IRP LP...
--------------------------------------------------------------------------------

Gurobi 9.1.0 (linux64) logging started Sun Jan 10 08:54:36 2021

Gurobi Optimizer version 9.1.0 build v9.1.0rc0 (linux64)
Thread count: 32 physical cores, 32 logical processors, using up to 2 threads
Optimize a model with 1049 rows, 5744 columns and 14489 nonzeros
Model fingerprint: 0x7eb90b9a
Variable types: 479 continuous, 5265 integer (390 binary)
Coefficient statistics:
  Matrix range     [1e+00, 7e+07]
  Objective range  [1e-02, 6e+02]
  Bounds range     [1e+00, 3e+02]
  RHS range        [2e+01, 3e+03]
Presolve removed 104 rows and 26 columns
Presolve time: 0.04s
Presolved: 945 rows, 5718 columns, 13659 nonzeros
Variable types: 453 continuous, 5265 integer (4890 binary)

Root relaxation: objective 2.640433e+03, 1714 iterations, 0.05 seconds

    Nodes    |    Current Node    |     Objective Bounds      |     Work
 Expl Unexpl |  Obj  Depth IntInf | Incumbent    BestBd   Gap | It/Node Time

     0     0 2640.43281    0  102          - 2640.43281      -     -    0s
     0     0 2772.97270    0  158          - 2772.97270      -     -    0s
     0     0 2777.93177    0  153          - 2777.93177      -     -    0s
     0     0 2777.93177    0  149          - 2777.93177      -     -    0s
     0     0 3121.69588    0  161          - 3121.69588      -     -    0s
     0     0 3132.22135    0  157          - 3132.22135      -     -    0s
     0     0 3132.22135    0  154          - 3132.22135      -     -    0s
     0     0 3313.05283    0  221          - 3313.05283      -     -    0s
     0     0 3332.95663    0  219          - 3332.95663      -     -    0s
     0     0 3333.48287    0  254          - 3333.48287      -     -    1s
     0     0 3412.47357    0  253          - 3412.47357      -     -    1s
     0     0 3435.45086    0  252          - 3435.45086      -     -    1s
     0     0 3436.25675    0  259          - 3436.25675      -     -    1s
     0     0 3436.32289    0  269          - 3436.32289      -     -    1s
     0     0 3511.32709    0  301          - 3511.32709      -     -    1s
     0     0 3515.19319    0  315          - 3515.19319      -     -    1s
     0     0 3517.61406    0  285          - 3517.61406      -     -    1s
     0     0 3519.26264    0  290          - 3519.26264      -     -    2s
     0     0 3519.35345    0  299          - 3519.35345      -     -    2s
     0     0 3552.57607    0  307          - 3552.57607      -     -    2s
     0     0 3558.58004    0  284          - 3558.58004      -     -    2s
     0     0 3560.53916    0  334          - 3560.53916      -     -    2s
     0     0 3560.85050    0  329          - 3560.85050      -     -    2s
     0     0 3576.94933    0  324          - 3576.94933      -     -    2s
     0     0 3580.13703    0  330          - 3580.13703      -     -    3s
     0     0 3580.57048    0  343          - 3580.57048      -     -    3s
     0     0 3583.36645    0  317          - 3583.36645      -     -    3s
     0     0 3583.36645    0  317          - 3583.36645      -     -    3s
     0     2 3585.25959    0  317          - 3585.25959      -     -    4s
     9     8 3610.21778    3  335          - 3585.25959      -   342    5s
    86    86 4527.28525   19  251          - 3606.43660      -   346   10s
   306   262 5739.48060   64   73          - 3610.49636      -   174   15s
   400   342 4357.78553   16  169          - 3610.49636      -   209   20s
   539   458 4032.29164   10  322          - 3610.49636      -   201   25s
   785   692 5133.52241   42  200          - 3610.49636      -   167   30s
   807   706 5383.28165   65  509          - 3684.09223      -   163   35s
   838   727 5409.87697   74  491          - 3747.33406      -   157   40s
   871   752 5980.99099  122  169          - 3761.36592      -   182   45s
   900   771 4969.68336   26  411          - 3805.45653      -   176   50s
   906   778 3824.35369   39  367          - 3815.01740      -   187   56s
   917   785 3969.00028   41  368          - 3902.28082      -   195   60s
   977   827 4236.44843   57  152          - 3902.28082      -   207   65s
  1111   934 4684.49204   84  178          - 3902.28082      -   205   70s
  1319  1064 6509.83692  139   81          - 3902.28082      -   198   75s
* 1371  1027             163    7169.2700000 3902.28082  45.6%   194   76s
H 1425   957                    7095.2700000 3917.77333  44.8%   188   78s
  1448   980 4409.14705   47  191 7095.27000 3917.77333  44.8%   193   81s
H 1457   920                    6872.1300000 3917.77333  43.0%   193   81s
H 1489   898                    6670.1300000 3917.77333  41.3%   194   83s
H 1491   835                    6132.7700000 3917.77333  36.1%   194   83s
H 1516   847                    6110.7700000 3917.77333  35.9%   194   84s
  1549   864 4755.86661   62   96 6110.77000 3917.77333  35.9%   193   85s
H 1562   829                    6105.7700000 3917.77333  35.8%   193   85s
* 1656   764             115    5306.5900000 3917.77333  26.2%   191   87s
H 1686   712                    5268.5900000 3918.08740  25.6%   188   89s
  1709   718 4085.93332   45  299 5268.59000 3992.26999  24.2%   191   90s
H 1822   674                    5124.0500000 3992.26999  22.1%   194   94s
  1831   665     cutoff   84      5124.05000 4004.18403  21.9%   194   95s
  1960   708 4102.49977   45  359 5124.05000 4042.85757  21.1%   195  100s
  2063   770 4306.06341   41  229 5124.05000 4060.75143  20.8%   199  105s
  2196   796 4163.85021   44  320 5124.05000 4062.91133  20.7%   199  110s
  2308   867 5012.05081   61  103 5124.05000 4070.90093  20.6%   202  116s
  2424   948 4268.41567   49  163 5124.05000 4073.84932  20.5%   204  121s
  2662  1132 4177.67848   48  335 5124.05000 4084.30224  20.3%   195  126s
* 2707  1174              84    5122.0500000 4098.92646  20.0%   196  127s
  2781  1277 4740.72304   52  240 5122.05000 4111.58610  19.7%   198  132s
  2890  1340 4907.33989   98   47 5122.05000 4115.74489  19.6%   196  135s
  2953  1352 4230.62914   50  265 5122.05000 4115.74489  19.6%   194  144s
H 2958  1150                    4987.7400000 4115.74489  17.5%   195  144s
  2965  1175 4478.58517   54  222 4987.74000 4115.74489  17.5%   196  147s
  3030  1199 4661.93202   50  214 4987.74000 4121.36528  17.4%   199  153s
  3075  1226 4497.84669   52  238 4987.74000 4124.44921  17.3%   202  155s
  3161  1325 4727.94120   60  193 4987.74000 4126.20599  17.3%   206  160s
  3322  1414 4513.94566   45  332 4987.74000 4145.75351  16.9%   207  166s
  3407  1459 4664.33222   55  147 4987.74000 4153.06671  16.7%   208  170s
  3562  1638 4520.85599   57  138 4987.74000 4165.84153  16.5%   210  177s
  3733  1673 4420.44016   49  133 4987.74000 4173.11351  16.3%   206  181s
H 3758  1667                    4984.7400000 4173.11351  16.3%   205  181s
H 3786  1550                    4927.7400000 4173.58482  15.3%   206  181s
  3843  1609 4885.58246   66  147 4927.74000 4173.88441  15.3%   209  187s
  3915  1645 4660.32473   54  209 4927.74000 4179.32605  15.2%   210  191s
  3975  1695 4357.15909   57  217 4927.74000 4188.52548  15.0%   212  199s
  4051  1730 4536.27904   47  218 4927.74000 4189.19245  15.0%   214  203s
  4130  1830 4656.11418   47  147 4927.74000 4190.65585  15.0%   216  207s
  4265  1869 infeasible   57      4927.74000 4198.48054  14.8%   215  211s
  4342  1918 4415.10777   55  213 4927.74000 4199.89198  14.8%   217  216s
  4439  1965 4556.31298   47  375 4927.74000 4209.86499  14.6%   218  220s
  4525  2078 4366.47081   52  307 4927.74000 4216.32344  14.4%   219  225s
  4685  2165 4874.80843   70   47 4927.74000 4218.52444  14.4%   218  231s
  4844  2228 4589.95899   48  228 4927.74000 4220.29947  14.4%   218  236s
  4974  2333 4417.61075   51  158 4927.74000 4226.88515  14.2%   219  241s
  5134  2382 4562.01617   50  289 4927.74000 4230.02220  14.2%   218  246s
  5215  2471 4657.08544   53  100 4927.74000 4234.54037  14.1%   219  251s
  5382  2545 4752.44495   59  169 4927.74000 4237.58565  14.0%   220  257s
  5521  2595 4367.14061   49  292 4927.74000 4238.61161  14.0%   220  263s
  5609  2667 4836.14682   55  219 4927.74000 4242.03768  13.9%   221  269s
  5738  2728 4637.70392   50  127 4927.74000 4250.55202  13.7%   223  276s
  5864  2847 4411.89042   52  278 4927.74000 4253.68813  13.7%   224  283s
  6036  2991 4767.05860   78   96 4927.74000 4258.66086  13.6%   225  290s
  6267  3184 4728.79678   62  199 4927.74000 4266.64067  13.4%   223  297s
  6549  3267 4648.87215   57  206 4927.74000 4273.38243  13.3%   221  304s
  6650  3267 4395.58341   53  163 4927.74000 4284.08181  13.1%   221  305s
  6720  3315 4895.72612   88   66 4927.74000 4284.75807  13.0%   222  311s
  6844  3374 4702.15774   54  113 4927.74000 4289.03786  13.0%   224  317s
  6966  3471 4646.79575   62  161 4927.74000 4291.44134  12.9%   225  324s
  7129  3545 4679.97134   53  195 4927.74000 4292.72945  12.9%   226  330s
  7292  3703 4493.24297   49  241 4927.74000 4299.63704  12.7%   226  339s
  7383  3703 4693.66830   82   64 4927.74000 4301.71640  12.7%   227  340s
  7590  3807 4752.71181   49  226 4927.74000 4302.07041  12.7%   225  348s
  7789  3870     cutoff   59      4927.74000 4305.73227  12.6%   224  356s
  7953  3974 4811.53920   57  228 4927.74000 4313.56616  12.5%   226  363s
H 8045  2975                    4787.5500000 4313.56616  9.90%   226  364s
  8167  2987 4562.64926   54  140 4787.55000 4319.30000  9.78%   225  371s
  8319  3067 4535.00402   50  124 4787.55000 4322.80343  9.71%   228  379s
  8399  3067 4599.95139   51  109 4787.55000 4322.80343  9.71%   229  380s
  8527  3142     cutoff   69      4787.55000 4324.10484  9.68%   228  387s
  8714  3239 4785.62706   51  125 4787.55000 4326.04719  9.64%   229  395s
  8899  3304 4434.23522   44  214 4787.55000 4329.52797  9.57%   230  403s
  9090  3371 4757.77140   54  208 4787.55000 4330.12557  9.55%   231  411s
  9258  3455 4698.75843   57  128 4787.55000 4336.60788  9.42%   232  418s
H 9453  3489                    4785.8400000 4340.35885  9.31%   233  426s
  9635  3572     cutoff   60      4785.84000 4342.67337  9.26%   232  434s
  9826  3595 4658.82248   48  248 4785.84000 4345.47054  9.20%   233  442s
