




arguments: ./build/mirp_solver -f ./input/orig_exec_115.cfg
Current dir: /scratch/gui/bnc_mirp
File verbosity level: 9
date       time         ( uptime  ) [ thread name/id ]                   file:line     v| 
2021-01-09 22:28:30.992 (   0.030s) [main thread     ]             loguru.cpp:789   INFO| Logging to './output/vi_lex_full/OU/V5/Original/execution_09_01_2021_22_28_30.log', mode: 'a', verbosity: 9
--------------------------------------------------------------------------------
Parameters
                           instance_path           ./input/Instances/Original/3/
                            model_policy                                       1
                             nb_vehicles                                       5
                              output_dir    ./output/vi_lex_full/OU/V5/Original/
                            sec_strategy                                       1
                       solver_nb_threads                                       2
                         solver_show_log                                    true
                       solver_time_limit                                    3600
                              use_vi_cos                                   false
                              use_vi_cus                                   false
                         use_vi_hc1_full                                   false
                         use_vi_hc1_half                                   false
                      use_vi_hc1_quarter                                   false
                              use_vi_hc2                                   false
                              use_vi_hc3                                   false
                         use_vi_lex_full                                    true
                         use_vi_lex_half                                   false
                      use_vi_lex_quarter                                   false
                              use_vi_qua                                   false
                               use_vi_vc                                   false
                               use_vi_vr                                   false
--------------------------------------------------------------------------------
executing instance: ./input/Instances/Original/3/absH3low_2n5.dat
--------------------------------------------------------------------------------
Instance details
n	6
H	3
C	237
Li:
[0, 0, 0, 0, 0, 0, ]
Ui:
[0, 93, 180, 51, 114, 24, ]
Distance matrix:
|0	170	318	35	112	235	|
|170	0	311	205	258	301	|
|318	311	0	326	278	137	|
|35	205	326	0	89	230	|
|112	258	278	89	0	160	|
|235	301	137	230	160	0	|

--------------------------------------------------------------------------------
Building model...
	using lazy and cut (CVRPSEP package)
Solving IRP LP...
--------------------------------------------------------------------------------

Gurobi 9.1.0 (linux64) logging started Sat Jan  9 22:28:31 2021

Gurobi Optimizer version 9.1.0 build v9.1.0rc0 (linux64)
Thread count: 32 physical cores, 32 logical processors, using up to 2 threads
Optimize a model with 249 rows, 414 columns and 1449 nonzeros
Model fingerprint: 0x221c3ac0
Variable types: 99 continuous, 315 integer (90 binary)
Coefficient statistics:
  Matrix range     [1e+00, 2e+02]
  Objective range  [1e-02, 3e+02]
  Bounds range     [1e+00, 2e+02]
  RHS range        [1e+01, 5e+02]
Presolve removed 24 rows and 26 columns
Presolve time: 0.00s

Explored 0 nodes (0 simplex iterations) in 0.01 seconds
Thread count was 1 (of 32 available processors)

Solution count 0

Model is infeasible
Best objective -, best bound -, gap -

User-callback calls 34, time in user-callback 0.00 sec

Computing Irreducible Inconsistent Subsystem (IIS)...

           Constraints          |            Bounds           |  Runtime
      Min       Max     Guess   |   Min       Max     Guess   |
--------------------------------------------------------------------------
        0       249         -         0       569         -           0s
       22       201         -         0       536         -           6s
       25       184        30         0       500         -          10s
       32       169        32         0       473         -          15s
       50       155        50         0       461         -          20s
       58       120        58         0       345         -          25s
       60        98        60         0       259         -          30s
       61        91        61         0       233         -          35s
       63        79        63         0       191         -          40s
       63        70        63         0       172         -          45s
       63        63         -         0       141         -          50s
       63        63         -        10       132        90          55s
       63        63         -        23       122        90          60s
       63        63         -        39       114        80          65s
       63        63         -        55       106        90          70s
       63        63         -        69        99        90          75s
       63        63         -        80        92        90          80s
       63        63         -        83        84        84          85s
       63        63         -        83        83         -          86s

IIS computed: 63 constraints, 83 bounds
IIS runtime: 86.24 seconds
================================================================================
executing instance: ./input/Instances/Original/3/absH3high_5n30.dat
--------------------------------------------------------------------------------
Instance details
n	31
H	3
C	2296
Li:
[0, 0, 0, 0, 0, 0, 0, 0, 0, 0, 0, 0, 0, 0, 0, 0, 0, 0, 0, 0, 0, 0, 0, 0, 0, 0, 0, 0, 0, 0, 0, ]
Ui:
[0, 80, 90, 297, 28, 264, 123, 192, 112, 32, 72, 88, 294, 129, 126, 105, 110, 237, 246, 92, 72, 147, 54, 96, 128, 96, 84, 28, 74, 196, 192, ]
Distance matrix:
|0	87	302	65	389	171	219	120	412	339	129	63	169	401	383	158	393	161	246	275	64	287	345	235	13	274	106	201	85	358	135	|
|87	0	334	128	402	212	301	204	465	384	187	145	232	424	454	238	475	245	289	352	80	307	352	321	81	352	20	261	170	376	215	|
|302	334	0	239	113	132	237	334	157	70	404	263	162	105	227	229	339	251	65	217	259	53	107	352	293	220	339	134	270	75	235	|
|65	128	239	0	330	107	175	130	348	275	174	40	107	339	326	114	351	125	181	224	58	228	290	222	58	224	143	138	65	297	92	|
|389	402	113	330	0	226	349	438	210	151	502	360	269	48	316	339	441	362	175	328	335	102	55	465	377	330	401	245	371	37	342	|
|171	212	132	107	226	0	169	214	253	173	276	134	64	233	261	130	326	153	77	188	133	125	192	264	162	190	220	68	145	193	125	|
|219	301	237	175	349	169	0	157	257	223	244	157	105	334	180	62	175	61	177	63	233	264	334	118	221	61	317	112	136	312	85	|
|120	204	334	130	438	214	157	0	402	348	88	90	173	438	336	115	307	100	269	220	172	338	406	122	130	218	224	204	69	403	101	|
|412	465	157	348	210	253	257	402	0	88	486	359	245	166	129	287	266	303	178	204	386	208	239	370	406	207	473	212	354	187	304	|
|339	384	70	275	151	173	223	348	88	0	427	291	179	120	166	234	290	254	96	187	306	123	166	342	332	190	391	145	291	119	247	|
|129	187	404	174	502	276	244	88	486	427	0	142	248	508	424	200	390	187	342	308	193	400	464	192	142	306	207	281	136	469	182	|
|63	145	263	40	360	134	157	90	359	291	142	0	114	366	321	95	331	99	202	212	90	258	323	186	65	211	163	148	27	327	72	|
|169	232	162	107	269	64	105	173	245	179	248	114	0	266	222	71	268	94	97	131	155	173	244	203	164	132	245	34	113	233	73	|
|401	424	105	339	48	233	334	438	166	120	508	366	266	0	280	332	409	355	169	305	353	117	96	452	391	308	425	237	374	49	339	|
|383	454	227	326	316	261	180	336	129	166	424	321	222	280	0	231	137	238	208	116	376	277	331	272	381	118	467	197	307	285	253	|
|158	238	229	114	339	130	62	115	287	234	200	95	71	332	231	0	238	23	164	118	171	243	314	134	159	117	255	95	77	302	23	|
|393	475	339	351	441	326	175	307	266	290	390	331	268	409	137	238	0	232	300	138	408	383	445	204	395	136	492	258	308	406	260	|
|161	245	251	125	362	153	61	100	303	254	187	99	94	355	238	23	232	0	187	123	183	267	338	111	164	121	262	117	77	325	34	|
|246	289	65	181	175	77	177	269	178	96	342	202	97	169	208	164	300	187	0	168	210	87	157	290	238	171	296	70	206	138	170	|
|275	352	217	224	328	188	63	220	204	187	308	212	131	305	116	118	138	123	168	0	279	255	322	166	275	3	367	120	195	291	141	|
|64	80	259	58	335	133	233	172	386	306	193	90	155	353	376	171	408	183	210	279	0	236	289	276	51	279	90	182	117	307	150	|
|287	307	53	228	102	125	264	338	208	123	400	258	173	117	277	243	383	267	87	255	236	0	71	374	276	257	308	153	270	71	245	|
|345	352	107	290	55	192	334	406	239	166	464	323	244	96	331	314	445	338	157	322	289	71	0	445	334	325	350	224	337	54	315	|
|235	321	352	222	465	264	118	122	370	342	192	186	203	452	272	134	204	111	290	166	276	374	445	0	243	164	341	221	159	428	142	|
|13	81	293	58	377	162	221	130	406	332	142	65	164	391	381	159	395	164	238	275	51	276	334	243	0	274	100	196	89	347	136	|
|274	352	220	224	330	190	61	218	207	190	306	211	132	308	118	117	136	121	171	3	279	257	325	164	274	0	367	122	194	294	140	|
|106	20	339	143	401	220	317	224	473	391	207	163	245	425	467	255	492	262	296	367	90	308	350	341	100	367	0	272	188	377	232	|
|201	261	134	138	245	68	112	204	212	145	281	148	34	237	197	95	258	117	70	120	182	153	224	221	196	122	272	0	146	208	103	|
|85	170	270	65	371	145	136	69	354	291	136	27	113	374	307	77	308	77	206	195	117	270	337	159	89	194	188	146	0	337	54	|
|358	376	75	297	37	193	312	403	187	119	469	327	233	49	285	302	406	325	138	291	307	71	54	428	347	294	377	208	337	0	306	|
|135	215	235	92	342	125	85	101	304	247	182	72	73	339	253	23	260	34	170	141	150	245	315	142	136	140	232	103	54	306	0	|

--------------------------------------------------------------------------------
Building model...
	using lazy and cut (CVRPSEP package)
Solving IRP LP...
--------------------------------------------------------------------------------

Gurobi 9.1.0 (linux64) logging started Sat Jan  9 22:29:57 2021

Gurobi Optimizer version 9.1.0 build v9.1.0rc0 (linux64)
Thread count: 32 physical cores, 32 logical processors, using up to 2 threads
Optimize a model with 1249 rows, 8014 columns and 19624 nonzeros
Model fingerprint: 0x62cbeb55
Variable types: 574 continuous, 7440 integer (465 binary)
Coefficient statistics:
  Matrix range     [1e+00, 2e+09]
  Objective range  [1e-01, 5e+02]
  Bounds range     [1e+00, 3e+02]
  RHS range        [1e+01, 4e+03]
Warning: Model contains large matrix coefficients
         Consider reformulating model or setting NumericFocus parameter
         to avoid numerical issues.
Presolve removed 124 rows and 31 columns
Presolve time: 0.04s
Presolved: 1125 rows, 7983 columns, 18629 nonzeros
Variable types: 543 continuous, 7440 integer (6990 binary)

Root relaxation: objective 9.113521e+03, 1771 iterations, 0.06 seconds

    Nodes    |    Current Node    |     Objective Bounds      |     Work
 Expl Unexpl |  Obj  Depth IntInf | Incumbent    BestBd   Gap | It/Node Time

     0     0 9113.52057    0  126          - 9113.52057      -     -    0s
     0     0 9387.49884    0  183          - 9387.49884      -     -    0s
     0     0 9403.50998    0  145          - 9403.50998      -     -    0s
     0     0 9417.17090    0  178          - 9417.17090      -     -    0s
     0     0 9417.76658    0  174          - 9417.76658      -     -    0s
     0     0 9617.70899    0  206          - 9617.70899      -     -    0s
     0     0 9731.48873    0  204          - 9731.48873      -     -    0s
     0     0 9733.25777    0  200          - 9733.25777      -     -    0s
     0     0 9733.25777    0  201          - 9733.25777      -     -    1s
     0     0 9918.21686    0  221          - 9918.21686      -     -    1s
     0     0 9939.64967    0  239          - 9939.64967      -     -    1s
     0     0 9945.83199    0  248          - 9945.83199      -     -    1s
     0     0 9947.22374    0  226          - 9947.22374      -     -    1s
     0     0 9948.83993    0  231          - 9948.83993      -     -    1s
     0     0 9948.86991    0  256          - 9948.86991      -     -    1s
     0     0 10002.5079    0  252          - 10002.5079      -     -    1s
     0     0 10012.9901    0  255          - 10012.9901      -     -    1s
     0     0 10013.5212    0  233          - 10013.5212      -     -    2s
     0     0 10061.7179    0  324          - 10061.7179      -     -    2s
     0     0 10065.8077    0  289          - 10065.8077      -     -    2s
     0     0 10065.9920    0  320          - 10065.9920      -     -    2s
     0     0 10091.1410    0  329          - 10091.1410      -     -    2s
     0     0 10093.8850    0  332          - 10093.8850      -     -    3s
     0     0 10094.1993    0  361          - 10094.1993      -     -    3s
     0     0 10101.6602    0  327          - 10101.6602      -     -    3s
     0     0 10101.6602    0  316          - 10101.6602      -     -    3s
     0     2 10106.5324    0  316          - 10106.5324      -     -    4s
     1     4 10108.0306    1  276          - 10108.0306      -   484    5s
    83    84 10402.1288   28  197          - 10110.7637      -   284   10s
   291   294 11153.2684   79   85          - 10110.7637      -   156   15s
*  543   482             187    14655.880000 10110.7637  31.0%  97.6   17s
   547   484 14025.4180  173   26 14655.8800 10110.7637  31.0%  98.1   21s
   586   517 10435.0943   11  229 14655.8800 10125.6122  30.9%   113   25s
   651   589 10525.9127   30  209 14655.8800 10125.6122  30.9%   125   30s
   682   612 10651.2316   43  217 14655.8800 10125.6122  30.9%   130   37s
   687   616 10684.3551   46  201 14655.8800 10125.6122  30.9%   131   40s
H  723   615                    14357.000000 10125.6122  29.5%   133   43s
   727   617 11137.5180   67  336 14357.0000 10125.6122  29.5%   132   45s
   748   631 11773.2268   87  471 14357.0000 10162.9650  29.2%   128   50s
   764   642 10260.1852   13  456 14357.0000 10174.2489  29.1%   126   55s
   771   650 10320.9489   14  427 14357.0000 10179.0913  29.1%   142   62s
   773   651 10329.0582   15  470 14357.0000 10179.0913  29.1%   142   65s
   790   657 infeasible   19      14357.0000 10203.8328  28.9%   173   72s
   802   664 10444.6285   23  282 14357.0000 10210.1071  28.9%   176   75s
   829   681 10658.9796   30  274 14357.0000 10210.1071  28.9%   186   80s
   871   714 10812.6075   41  187 14357.0000 10210.1071  28.9%   195   85s
   918   734 11254.8498   54  155 14357.0000 10210.1071  28.9%   195   90s
   999   811 12002.0620   79  111 14357.0000 10210.1071  28.9%   194   95s
  1072   871 12631.4276  102  118 14357.0000 10210.1071  28.9%   191  100s
  1190   921 13239.0043  141   31 14357.0000 10210.1071  28.9%   181  105s
  1346  1002 infeasible  187      14357.0000 10210.1807  28.9%   167  111s
  1526  1054 10288.8005   19  365 14357.0000 10210.1807  28.9%   156  115s
  1545  1065 10378.4478   23  310 14357.0000 10210.1807  28.9%   158  120s
  1566  1082 10559.7329   29  245 14357.0000 10210.1807  28.9%   164  125s
  1583  1087 10636.8529   33  262 14357.0000 10210.1807  28.9%   166  134s
  1586  1095 10643.1292   34  261 14357.0000 10210.1807  28.9%   166  135s
  1620  1117 10797.6245   44  226 14357.0000 10210.1807  28.9%   170  141s
  1653  1135 11132.3054   54  157 14357.0000 10210.1807  28.9%   174  147s
H 1656  1027                    13813.120000 10210.1807  26.1%   174  147s
  1679  1063 11207.9368   60  157 13813.1200 10210.1807  26.1%   175  150s
  1750  1113 11377.0785   78  166 13813.1200 10210.1807  26.1%   177  155s
  1835  1188 11544.5002   99  173 13813.1200 10210.1807  26.1%   177  160s
  1958  1261 11738.7241  126  136 13813.1200 10210.1807  26.1%   175  174s
  1994  1302 11798.0743  135  147 13813.1200 10210.1807  26.1%   175  177s
  2047  1345 11901.4143  140  149 13813.1200 10210.1807  26.1%   172  180s
  2108  1327 11962.5714  149  172 13813.1200 10210.1807  26.1%   170  185s
  2192  1433 12199.7883  164  140 13813.1200 10210.1807  26.1%   168  192s
  2317  1485 12474.8566  198   92 13813.1200 10210.1807  26.1%   166  197s
  2370  1574 12864.7376  219  109 13813.1200 10210.1807  26.1%   166  200s
* 2502  1497             279    13799.080000 10214.6893  26.0%   161  204s
  2517  1518 10598.0566   17  350 13799.0800 10214.6893  26.0%   163  206s
  2559  1567 10534.6636   19  416 13799.0800 10214.6893  26.0%   166  211s
  2630  1650 10708.7670   24  355 13799.0800 10214.6893  26.0%   166  217s
  2671  1723 10721.0632   30  253 13799.0800 10214.6893  26.0%   167  221s
  2816  1885 10966.3257   39  267 13799.0800 10214.6893  26.0%   165  228s
  2918  1956 11070.4358   52  192 13799.0800 10214.6893  26.0%   163  233s
  3009  1985 11274.1549   64  163 13799.0800 10214.6893  26.0%   161  237s
  3038  2020 11439.1140   75  210 13799.0800 10214.6893  26.0%   163  240s
  3133  2167 11642.8475  115  216 13799.0800 10214.6893  26.0%   164  248s
  3220  2299 11807.8414  134  168 13799.0800 10214.6893  26.0%   163  253s
  3352  2389 12342.2929  174  182 13799.0800 10214.6893  26.0%   160  258s
  3469  2481 12502.3716  210  147 13799.0800 10214.6893  26.0%   159  264s
  3565  2571 13339.2707  241  103 13799.0800 10246.2423  25.7%   159  269s
  3599  2571 13652.0906  253   70 13799.0800 10246.2423  25.7%   158  270s
  3682  2627 10605.1074   22  347 13799.0800 10246.2423  25.7%   158  275s
  3743  2769 11033.9439   26  197 13799.0800 10254.2648  25.7%   158  281s
  3944  2805 10754.8744   20  251 13799.0800 10256.1311  25.7%   154  287s
  3980  2847 11068.5857   32  250 13799.0800 10256.1311  25.7%   155  291s
  4022  3015 11383.0832   42  210 13799.0800 10256.1311  25.7%   156  297s
  4193  3170 12157.9782   83  141 13799.0800 10256.1311  25.7%   153  305s
  4362  3204 13507.7590  232   49 13799.0800 10276.2630  25.5%   150  312s
  4409  3237 11135.3143   31  281 13799.0800 10276.2630  25.5%   152  317s
  4444  3378 11381.7815   41  214 13799.0800 10276.2630  25.5%   154  325s
  4585  3516 12186.7082  101  175 13799.0800 10286.7025  25.5%   153  333s
  4763  3545 10888.4630   23  208 13799.0800 10288.9861  25.4%   151  340s
H 4765  3484                    13646.400000 10288.9861  24.6%   151  341s
  4794  3598 11298.0661   40  203 13646.4000 10288.9861  24.6%   152  347s
  4909  3758 12698.7008  101   34 13646.4000 10289.9022  24.6%   152  355s
  5109  3797 infeasible  142      13646.4000 10290.9857  24.6%   149  363s
  5152  3920 10979.0349   41  208 13646.4000 10301.6486  24.5%   150  370s
  5275  4174 12282.5894  107  122 13646.4000 10319.1154  24.4%   150  380s
  5558  4185 10514.9104   30  294 13646.4000 10322.7614  24.4%   145  388s
  5569  4273 10512.4025   32  332 13646.4000 10322.7614  24.4%   146  395s
  5657  4420 11105.2408   90  166 13646.4000 10322.7614  24.4%   147  405s
  5806  4698 11715.2861  141   46 13646.4000 10332.3454  24.3%   147  417s
  6108  4871 infeasible  254      13646.4000 10332.5592  24.3%   143  427s
  6297  5061 11137.3235   56  182 13646.4000 10334.7550  24.3%   142  437s
  6522  5200 11304.8989   55  151 13646.4000 10337.4554  24.2%   141  446s
  6684  5307 10816.4170   33  237 13646.4000 10337.4554  24.2%   140  456s
  6811  5481 11648.1515   74  133 13646.4000 10337.8450  24.2%   140  466s
  7025  5632 13614.1911  155   25 13646.4000 10340.2236  24.2%   138  475s
  7198  5761 12116.5708  127  123 13646.4000 10353.2486  24.1%   137  484s
  7341  6078 11626.7361   96   82 13646.4000 10354.5850  24.1%   138  495s
  7700  6353 12067.9158   78  162 13646.4000 10361.0179  24.1%   135  507s
  7991  6498 11167.7670   45  199 13646.4000 10361.0179  24.1%   133  520s
  8171  6541 infeasible  168      13646.4000 10362.6356  24.1%   133  529s
  8214  6843 10827.1487   30  320 13646.4000 10363.4264  24.1%   135  540s
  8536  7108 10421.4196   34  282 13646.4000 10363.4264  24.1%   134  554s
  8637  7108 11912.0142  128   16 13646.4000 10363.4264  24.1%   134  555s
  8825  7197 12130.4715  108   46 13646.4000 10363.9148  24.1%   132  567s
  8929  7343     cutoff  144      13646.4000 10364.8005  24.0%   132  577s
  9092  7562 11267.8199   48  149 13646.4000 10369.8882  24.0%   133  590s
  9331  7834 10940.1673   18  350 13646.4000 10369.8882  24.0%   132  603s
  9552  7834 11643.3022  116   82 13646.4000 10369.8882  24.0%   132  605s
  9605  8088 11970.1384  128   44 13646.4000 10371.7815  24.0%   131  616s
  9940  8190 11144.8301   53  204 13646.4000 10373.0772  24.0%   129  628s
 10067  8381 10888.4585   28  295 13646.4000 10374.1403  24.0%   130  639s
 10138  8381 11902.2532   94  161 13646.4000 10374.1403  24.0%   131  640s
 10279  8600 11710.4102   57  210 13646.4000 10374.1403  24.0%   130  650s
 10498  8707 13310.0100  202   33 13646.4000 10374.3812  24.0%   130  660s
 10642  8966 11010.9823   36  205 13646.4000 10374.4579  24.0%   130  671s
 10919  9207 12930.5836   84   59 13646.4000 10378.2438  23.9%   130  683s
 11190  9497 11151.9355   51  105 13646.4000 10379.3446  23.9%   129  695s
 11521  9782     cutoff  154      13646.4000 10382.4404  23.9%   128  707s
 11831  9994 10430.1894   27  349 13646.4000 10387.6191  23.9%   127  719s
 11864  9994 11418.9841   60   47 13646.4000 10387.6191  23.9%   127  720s
 12083 10154 infeasible  180      13646.4000 10387.6583  23.9%   126  733s
 12242 10423 11558.0518   79  138 13646.4000 10388.5044  23.9%   126  743s
 12414 10423 11308.8892   45  212 13646.4000 10388.5044  23.9%   126  745s
 12541 10719 11377.4805   55  217 13646.4000 10392.5255  23.8%   125  755s
 12868 10798 10458.4014   30  210 13646.4000 10392.6082  23.8%   124  765s
 12947 11143 10988.4882   46  153 13646.4000 10393.5194  23.8%   125  777s
 13229 11150 11925.2045  104   83 13646.4000 10394.2025  23.8%   124  780s
 13352 11215 13337.5249  186   18 13646.4000 10394.6745  23.8%   124  788s
 13436 11276     cutoff  192      13646.4000 10398.7032  23.8%   124  797s
 13504 11508 11025.8885   64  107 13646.4000 10401.1043  23.8%   125  806s
 13750 11658 10989.6561   45  227 13646.4000 10401.1043  23.8%   125  819s
 13805 11658 11770.3296  100  156 13646.4000 10401.1043  23.8%   124  820s
 13910 11881 12284.8916  174   97 13646.4000 10401.5121  23.8%   124  830s
 14175 11912 10684.8213   33  274 13646.4000 10402.1813  23.8%   123  840s
 14206 11995 11005.5504   41  237 13646.4000 10402.1813  23.8%   124  852s
 14289 12162 11391.0781   71  136 13646.4000 10402.1813  23.8%   125  862s
 14456 12524 12109.7227  117   67 13646.4000 10402.3782  23.8%   126  877s
 14928 12605 13178.7063  186   70 13646.4000 10404.3565  23.8%   125  889s
 15040 12893 11477.6151   62  180 13646.4000 10406.1695  23.7%   125  899s
 15067 12893 11713.3344   89  174 13646.4000 10406.1695  23.7%   125  900s
 15347 12968 10800.4164   29  298 13646.4000 10406.1695  23.7%   124  910s
 15437 13163 11568.5792   64  205 13646.4000 10406.5926  23.7%   125  920s
 15672 13263 13491.9281  120   80 13646.4000 10413.6996  23.7%   125  933s
 15786 13540 11300.9376   54  169 13646.4000 10418.1623  23.7%   125  945s
 16118 13670 10845.6354   47  249 13646.4000 10420.4160  23.6%   124  956s
 16273 13952 10654.5571   38  271 13646.4000 10420.4160  23.6%   124  968s
 16508 13952 11331.6529  104   93 13646.4000 10420.4160  23.6%   124  970s
 16565 14104     cutoff  167      13646.4000 10420.4160  23.6%   124  979s
 16647 14104 11810.5807  158   40 13646.4000 10423.2867  23.6%   124  980s
 16768 14363 11213.9807   87  186 13646.4000 10425.1806  23.6%   123  990s
 17074 14616 11212.4298   50  194 13646.4000 10428.2677  23.6%   123 1002s
 17350 14688 10710.8681   31  311 13646.4000 10428.2677  23.6%   122 1012s
 17440 14726 11677.5913   69  107 13646.4000 10428.2677  23.6%   123 1027s
 17478 14808 11930.7950   95  103 13646.4000 10428.4237  23.6%   123 1041s
 17572 14931 10905.8753   30  248 13646.4000 10428.4237  23.6%   123 1051s
 17707 15113 11192.0084   34  226 13646.4000 10428.4237  23.6%   123 1061s
 17905 15461 11445.5989   87   93 13646.4000 10438.9256  23.5%   123 1074s
 18013 15461 11996.4622  167   13 13646.4000 10438.9256  23.5%   123 1075s
 18397 15565 infeasible  212      13646.4000 10439.9541  23.5%   121 1086s
 18463 15786 11639.9138   60  152 13646.4000 10440.5145  23.5%   122 1096s
 18727 15869 10868.4572   32  252 13646.4000 10440.7991  23.5%   122 1107s
 18810 16057 12390.6629   88   86 13646.4000 10441.3398  23.5%   122 1117s
 19027 16195 11243.8212   49  256 13646.4000 10444.6514  23.5%   122 1128s
 19185 16312     cutoff  155      13646.4000 10445.0535  23.5%   122 1138s
 19317 16547 11535.8083   55  183 13646.4000 10448.9454  23.4%   123 1149s
 19403 16547 13285.8826  141   71 13646.4000 10448.9454  23.4%   123 1150s
 19588 16731 11198.9547   47  185 13646.4000 10451.6615  23.4%   122 1161s
 19813 16905 10946.0629   32  220 13646.4000 10451.9295  23.4%   122 1172s
 19991 17102 12859.2982   83   45 13646.4000 10452.9621  23.4%   123 1185s
 20265 17200 10777.9908   41  369 13646.4000 10454.2024  23.4%   122 1195s
 20365 17282 13047.9018  117   75 13646.4000 10456.4460  23.4%   123 1205s
 20465 17589 10995.6848   51  181 13646.4000 10456.6435  23.4%   123 1217s
 20832 17630 10668.0476   27  346 13646.4000 10456.7866  23.4%   122 1229s
 20873 17896 11252.2639   46  284 13646.4000 10456.7866  23.4%   123 1239s
 20939 17896 12602.7789  112  109 13646.4000 10456.7866  23.4%   123 1240s
 21157 18147 13415.5264  192   70 13646.4000 10458.4511  23.4%   122 1252s
 21442 18329 13237.4797  100   59 13646.4000 10460.1183  23.3%   122 1264s
 21545 18329 11818.7987   78  120 13646.4000 10460.1949  23.3%   122 1265s
 21661 18533 11490.7915   49  116 13646.4000 10460.3876  23.3%   122 1277s
 21925 18687 10505.6903   26  232 13646.4000 10460.6146  23.3%   121 1289s
 21968 18687 11308.5638   92   59 13646.4000 10460.6146  23.3%   122 1290s
 22086 18810 10767.8761   38  190 13646.4000 10460.6146  23.3%   121 1299s
 22109 18810 10823.4557   45  317 13646.4000 10460.6146  23.3%   122 1300s
 22227 18973 11012.0191   50  221 13646.4000 10462.0588  23.3%   122 1311s
 22401 19180 13147.9026  139   43 13646.4000 10462.2867  23.3%   122 1322s
 22649 19278     cutoff  145      13646.4000 10463.7769  23.3%   122 1332s
 22747 19475 11568.0041   72  164 13646.4000 10464.2371  23.3%   122 1343s
 22977 19582     cutoff  126      13646.4000 10464.7942  23.3%   122 1355s
 23099 20002 11036.5021   44  130 13646.4000 10465.4154  23.3%   122 1368s
 23605 20062 10608.4043   27  278 13646.4000 10466.2221  23.3%   121 1380s
 23655 20241 11705.6523   56  120 13646.4000 10466.3556  23.3%   121 1391s
 23849 20392 10894.8498   39  249 13646.4000 10466.3556  23.3%   121 1401s
 24017 20498 12547.1430  126  111 13646.4000 10468.4607  23.3%   121 1411s
 24157 20771 11291.2146   46  244 13646.4000 10469.1516  23.3%   122 1423s
 24369 20771 12069.3669   94  152 13646.4000 10469.8656  23.3%   121 1425s
 24462 20820 10669.7530   30  418 13646.4000 10469.8656  23.3%   121 1434s
 24511 20960 11112.1958   40  264 13646.4000 10469.8656  23.3%   122 1445s
 24656 21130 11331.8661   53  132 13646.4000 10469.8656  23.3%   122 1457s
 24872 21330 11714.0053   95   74 13646.4000 10471.1567  23.3%   122 1470s
 25084 21541 12950.2457  163   26 13646.4000 10471.2315  23.3%   122 1482s
H25363 20865                    13422.400000 10473.9250  22.0%   122 1494s
 25456 21086 11696.5811   61   63 13422.4000 10474.7053  22.0%   122 1506s
 25739 21144 infeasible  110      13422.4000 10475.6170  22.0%   122 1516s
 25797 21378 11371.7811   48  256 13422.4000 10476.2494  21.9%   122 1526s
 26058 21514 10667.2420   29  320 13422.4000 10476.2807  21.9%   122 1538s
 26210 21646 11898.2399   69  160 13422.4000 10476.8415  21.9%   122 1548s
 26360 21784 10941.7784   44  249 13422.4000 10476.8415  21.9%   122 1558s
 26510 21889 11156.0359   69  165 13422.4000 10476.8415  21.9%   122 1570s
 26615 22109 11689.6409  102   51 13422.4000 10478.8594  21.9%   122 1580s
 26888 22212     cutoff  158      13422.4000 10480.0871  21.9%   122 1591s
 26994 22332 10725.2295   29  307 13422.4000 10480.0871  21.9%   122 1602s
 27130 22479 10909.3789   35  312 13422.4000 10480.0871  21.9%   122 1613s
 27310 22589 12836.4139   69   66 13422.4000 10480.4770  21.9%   122 1624s
 27462 22805 11607.3062   68  192 13422.4000 10480.8404  21.9%   123 1637s
 27720 22963 10702.9308   30  279 13422.4000 10481.2188  21.9%   122 1648s
 27878 23066     cutoff  138      13422.4000 10481.2550  21.9%   122 1659s
 28005 23147 10918.2159   43  235 13422.4000 10481.5616  21.9%   122 1668s
 28086 23381 11348.4878   78  181 13422.4000 10481.6456  21.9%   123 1680s
 28334 23574 10887.7421   21  390 13422.4000 10481.6456  21.9%   123 1693s
 28555 23773 11500.3860   44  202 13422.4000 10481.6456  21.9%   123 1706s
 28767 23850 10730.3377   36  219 13422.4000 10482.1956  21.9%   123 1717s
 28871 24012 infeasible   80      13422.4000 10482.9293  21.9%   123 1728s
 29045 24116 11742.5782   53  165 13422.4000 10482.9293  21.9%   123 1741s
 29164 24154 10868.3457   24  420 13422.4000 10484.7772  21.9%   123 1752s
 29202 24269 11180.5847   36  225 13422.4000 10484.7772  21.9%   123 1762s
 29317 24489 12045.9382   79  112 13422.4000 10485.6675  21.9%   124 1775s
 29581 24547 10674.5685   34  326 13422.4000 10489.8180  21.8%   123 1785s
 29639 24746 11054.3475   45  212 13422.4000 10489.8180  21.8%   124 1797s
 29872 24955 11519.5011   68   84 13422.4000 10489.8180  21.8%   124 1810s
 30075 25185 12020.3173  143   63 13422.4000 10490.6117  21.8%   124 1822s
 30357 25297     cutoff  214      13422.4000 10490.8225  21.8%   124 1834s
 30493 25417 11183.9475   53  250 13422.4000 10490.9499  21.8%   124 1844s
 30524 25417 12070.2296   84  149 13422.4000 10490.9499  21.8%   124 1845s
 30641 25554 10690.7904   32  275 13422.4000 10490.9499  21.8%   124 1855s
 30803 25631 11049.9717   48  264 13422.4000 10490.9499  21.8%   124 1866s
 30883 25880 11438.3398   89  118 13422.4000 10491.4459  21.8%   124 1877s
 31159 25898 12675.5733  132   78 13422.4000 10491.5907  21.8%   124 1880s
 31204 26002     cutoff  177      13422.4000 10492.1700  21.8%   124 1890s
 31334 26120 11703.0477   57  184 13422.4000 10492.3115  21.8%   124 1901s
 31477 26261 10935.3548   48  171 13422.4000 10492.5665  21.8%   124 1911s
 31642 26366 infeasible  121      13422.4000 10492.9817  21.8%   124 1921s
 31762 26497 10965.6103   44  246 13422.4000 10493.1831  21.8%   124 1932s
 31893 26851 11863.0306  100   58 13422.4000 10493.3257  21.8%   125 1947s
 32325 26901 13421.7600  152    - 13422.4000 10494.6525  21.8%   124 1960s
 32381 26994 infeasible  152      13422.4000 10494.7341  21.8%   124 1973s
 32475 27155 11732.3150   51  277 13422.4000 10495.3270  21.8%   124 1984s
 32558 27155 13311.0449  132   36 13422.4000 10495.3270  21.8%   124 1985s
 32671 27323 10719.8334   31  296 13422.4000 10496.1675  21.8%   124 1995s
 32862 27495 12049.7049   83  142 13422.4000 10496.4858  21.8%   124 2007s
 33054 27655 11484.5150   57  216 13422.4000 10496.5743  21.8%   124 2018s
 33242 27857 11018.9408   36  154 13422.4000 10496.5743  21.8%   124 2030s
 33460 28010     cutoff   96      13422.4000 10496.8858  21.8%   124 2042s
 33629 28111 11400.8910   54  225 13422.4000 10497.1022  21.8%   124 2052s
 33765 28318 11052.1034   32  207 13422.4000 10497.6397  21.8%   124 2063s
 34007 28505 10772.9089   33  235 13422.4000 10498.0727  21.8%   124 2076s
 34209 28664 11696.3934   91  115 13422.4000 10498.8383  21.8%   124 2087s
 34378 28736 11073.7565   50  238 13422.4000 10498.8728  21.8%   124 2213s
 34480 28894 12076.7183   87  174 13422.4000 10498.9148  21.8%   124 2226s
 34646 29229 10918.6849   53  216 13422.4000 10498.9148  21.8%   124 2239s
 34737 29229 12417.8081  144  115 13422.4000 10498.9148  21.8%   124 2240s
 35013 29390 12657.2214  183   81 13422.4000 10499.7959  21.8%   124 2252s
 35204 29550 11189.7129   33  227 13422.4000 10500.7810  21.8%   124 2265s
 35368 29672 10701.6808   24  281 13422.4000 10500.7810  21.8%   124 2276s
 35520 29817 11207.9585   52  227 13422.4000 10502.1436  21.8%   124 2287s
 35684 30021 11254.3292   57  241 13422.4000 10502.5188  21.8%   124 2298s
 35919 30163     cutoff  174      13422.4000 10503.2053  21.7%   124 2310s
 36071 30281 10920.7045   43  185 13422.4000 10503.5360  21.7%   124 2321s
 36199 30644 11233.3448   56  164 13422.4000 10503.9052  21.7%   124 2335s
 36630 30711     cutoff  193      13422.4000 10505.2792  21.7%   124 2348s
 36690 30905 11058.5017   43  259 13422.4000 10505.7521  21.7%   124 2359s
 36744 30905 11866.4775   97  135 13422.4000 10505.7521  21.7%   124 2360s
 36918 31039 10655.2087   28  260 13422.4000 10505.9864  21.7%   124 2371s
 37079 31235 11292.5397   46  244 13422.4000 10507.6117  21.7%   124 2384s
 37187 31235 12777.7417  154   87 13422.4000 10507.6117  21.7%   124 2385s
 37297 31371 10947.2026   31  261 13422.4000 10507.6117  21.7%   124 2395s
 37446 31454 12328.7016   86  120 13422.4000 10507.7645  21.7%   124 2407s
 37551 31806 11041.8237   39  233 13422.4000 10508.4944  21.7%   124 2419s
 37634 31808 11763.1600   93    - 13422.4000 10508.4944  21.7%   124 2420s
 37947 31941 12992.2776  115   61 13422.4000 10508.7189  21.7%   124 2432s
 38090 31986 infeasible  133      13422.4000 10509.6398  21.7%   124 2445s
 38139 32184 11101.0990   54  254 13422.4000 10510.0011  21.7%   124 2456s
 38359 32219 10737.6307   28  215 13422.4000 10510.5632  21.7%   124 2467s
 38394 32262 11005.3830   32  228 13422.4000 10510.5632  21.7%   124 2477s
 38437 32334 11125.2675   36  253 13422.4000 10510.5632  21.7%   125 2488s
 38509 32525 11676.9932   46  103 13422.4000 10510.5632  21.7%   125 2502s
 38716 32673 13150.3935   72   65 13422.4000 10510.9074  21.7%   125 2515s
 38926 32831     cutoff   86      13422.4000 10510.9698  21.7%   125 2528s
 39093 33145 10670.2918   36  235 13422.4000 10510.9698  21.7%   125 2544s
 39192 33145 12191.5579   76  100 13422.4000 10510.9698  21.7%   125 2545s
 39444 33332 11490.7869   66   74 13422.4000 10511.2627  21.7%   125 2556s
 39685 33499     cutoff  185      13422.4000 10511.3921  21.7%   125 2569s
 39770 33503 12047.0291   84  207 13422.4000 10511.6054  21.7%   125 2570s
 39862 33569 infeasible  184      13422.4000 10511.8631  21.7%   125 2580s
 39936 33799 11647.1533   74  174 13422.4000 10512.3299  21.7%   125 2592s
 40208 33902     cutoff  172      13422.4000 10512.5889  21.7%   125 2605s
 40324 34071 11480.4152   58  220 13422.4000 10512.9534  21.7%   125 2616s
 40516 34242 11029.8864   39  260 13422.4000 10514.0579  21.7%   125 2629s
 40592 34242 12131.9954  135   22 13422.4000 10514.0579  21.7%   125 2630s
 40739 34381 11494.3558   52  176 13422.4000 10514.0579  21.7%   125 2641s
 40868 34606 12174.8093  124   73 13422.4000 10514.7067  21.7%   125 2655s
 41132 34717 10818.2519   44  244 13422.4000 10515.3744  21.7%   125 2666s
 41257 34866 10777.3819   34  272 13422.4000 10515.3744  21.7%   125 2677s
 41426 35002 13077.8986  110   75 13422.4000 10516.5721  21.6%   125 2689s
 41573 35002 12913.1444  128   63 13422.4000 10517.3334  21.6%   125 2690s
 41590 35238 11935.0885   64  210 13422.4000 10517.3458  21.6%   125 2702s
 41881 35299     cutoff  163      13422.4000 10518.0984  21.6%   125 2714s
 41943 35452 11326.0109   41  300 13422.4000 10518.2393  21.6%   125 2725s
 42132 35561 12622.1799   79  228 13422.4000 10518.5612  21.6%   125 2737s
 42264 35736 11059.9871   37  270 13422.4000 10519.3629  21.6%   125 2748s
 42457 35930 11976.5342  101   79 13422.4000 10520.0397  21.6%   125 2760s
 42683 36065 10995.6904   37  329 13422.4000 10520.4687  21.6%   125 2772s
 42832 36215     cutoff  147      13422.4000 10520.5699  21.6%   125 2783s
 42997 36455 11998.9036   83  141 13422.4000 10521.3519  21.6%   125 2795s
 43263 36579 11294.0287   57  206 13422.4000 10522.7184  21.6%   125 2809s
 43399 36781 10861.7969   42  280 13422.4000 10523.0200  21.6%   125 2822s
 43625 36930 10732.2518   38  323 13422.4000 10523.0992  21.6%   125 2835s
 43791 37047 12191.1222   97   57 13422.4000 10523.1861  21.6%   125 2848s
 43921 37162 10958.4492   38  157 13422.4000 10523.2588  21.6%   125 2859s
 43948 37162 11342.8789   51  127 13422.4000 10523.2588  21.6%   126 2860s
 44036 37440 11466.2034   68   76 13422.4000 10523.3794  21.6%   126 2873s
 44456 37501 13391.4778  127   30 13422.4000 10523.6131  21.6%   125 2886s
 44520 37585 10984.7287   46  234 13422.4000 10523.7601  21.6%   126 2896s
 44599 37928 11548.3622   66  114 13422.4000 10524.0959  21.6%   126 2910s
 44997 37996 10756.4936   31  282 13422.4000 10524.2759  21.6%   126 2923s
 45089 38143 10740.8137   26  292 13422.4000 10524.4270  21.6%   126 2935s
 45285 38232 11259.8872   38  170 13422.4000 10524.4270  21.6%   126 2946s
 45363 38373 11690.9460   50  263 13422.4000 10526.5651  21.6%   126 2957s
 45537 38491 10869.4934   31  249 13422.4000 10526.8685  21.6%   126 2970s
 45671 38617 10812.6299   30  321 13422.4000 10526.8685  21.6%   126 2981s
 45826 38732 11398.5562   52  259 13422.4000 10527.4124  21.6%   126 2993s
 45964 38902 11085.6583   59  164 13422.4000 10527.4493  21.6%   126 3004s
 45993 38902 11508.8921   88  135 13422.4000 10527.4493  21.6%   126 3005s
 46150 39053 10737.1604   30  328 13422.4000 10527.4493  21.6%   126 3017s
 46303 39338 11595.9018   53  173 13422.4000 10527.5862  21.6%   127 3031s
 46643 39511 11211.0483   49  246 13422.4000 10528.0735  21.6%   126 3044s
 46705 39511 12672.4097  111  100 13422.4000 10528.0735  21.6%   126 3045s
 46846 39744 10906.1071   39  256 13422.4000 10529.0190  21.6%   126 3056s
 47097 39779     cutoff  126      13422.4000 10529.0335  21.6%   126 3069s
 47149 39962 11332.6911   39  263 13422.4000 10529.4103  21.6%   126 3080s
 47379 40043 13176.6651  109   51 13422.4000 10529.5564  21.6%   126 3092s
 47486 40211 11013.9671   43  316 13422.4000 10530.2860  21.5%   126 3104s
 47527 40211 11598.9132   84   85 13422.4000 10530.2860  21.5%   126 3105s
 47687 40364 infeasible  156      13422.4000 10530.5554  21.5%   126 3116s
 47852 40536 11735.1095   60  129 13422.4000 10530.8547  21.5%   126 3129s
 47933 40536 12529.6032  141   60 13422.4000 10530.8547  21.5%   126 3130s
 48046 40739 infeasible  178      13422.4000 10530.9921  21.5%   126 3142s
 48283 40890 13169.5893  121   17 13422.4000 10531.4613  21.5%   126 3154s
 48431 40896 13239.0200  135    8 13422.4000 10531.4802  21.5%   126 3155s
 48487 40926 infeasible  133      13422.4000 10531.5936  21.5%   126 3164s
 48529 41073 11362.4402   40  155 13422.4000 10532.1350  21.5%   126 3176s
 48713 41305     cutoff  115      13422.4000 10532.4319  21.5%   127 3191s
 48966 41450 11370.4552   51  258 13422.4000 10532.7060  21.5%   127 3204s
 49059 41450 12757.8190  144   32 13422.4000 10532.7060  21.5%   126 3205s
 49121 41573 11005.7380   40  144 13422.4000 10533.5383  21.5%   127 3215s
 49258 41737 12715.0809  105   78 13422.4000 10533.7659  21.5%   127 3226s
 49444 41844 11939.9896   81  130 13422.4000 10534.5280  21.5%   127 3239s
 49582 41889 10734.6499   21  376 13422.4000 10534.6221  21.5%   127 3250s
 49627 42040 11589.3648   38  151 13422.4000 10534.6520  21.5%   127 3262s
 49795 42201 11017.8274   34  276 13422.4000 10534.6690  21.5%   127 3276s
 50019 42411 10993.4483   38  285 13422.4000 10534.9441  21.5%   127 3289s
 50055 42411 11531.6589   74  191 13422.4000 10534.9441  21.5%   127 3290s
 50251 42562 12411.1232  118   78 13422.4000 10535.4676  21.5%   127 3302s
 50419 42667 11706.1685   64  209 13422.4000 10535.6669  21.5%   127 3314s
 50552 42712     cutoff  124      13422.4000 10536.0417  21.5%   127 3325s
 50612 42814 10848.6310   28  320 13422.4000 10536.3919  21.5%   128 3336s
 50714 43009 10967.4579   38  207 13422.4000 10536.3919  21.5%   128 3349s
 50806 43009 11787.5194  132   39 13422.4000 10536.3919  21.5%   128 3350s
 50966 43147 11114.5496   57  101 13422.4000 10536.3919  21.5%   128 3363s
 51101 43386 11280.1050  103   54 13422.4000 10537.3631  21.5%   128 3378s
 51369 43399 13302.9047  153   89 13422.4000 10537.9521  21.5%   128 3380s
