




arguments: ./build/bc_mirp -f ./input/orig_exec_204.cfg
Current dir: /scratch/gui/bc_mirp
File verbosity level: 9
date       time         ( uptime  ) [ thread name/id ]                   file:line     v| 
2021-02-14 07:14:27.538 (   0.060s) [main thread     ]             loguru.cpp:789   INFO| Logging to './output/vi_vc+lex_quarter/OU/V2/Original/execution_14_02_2021_07_14_27.log', mode: 'a', verbosity: 9
--------------------------------------------------------------------------------
Parameters
                           instance_path           ./input/Instances/Original/5/
                            model_policy                                       1
                             nb_vehicles                                       2
                              output_dir./output/vi_vc+lex_quarter/OU/V2/Original/
                            sec_strategy                                       1
                       solver_nb_threads                                       2
                         solver_show_log                                    true
                       solver_time_limit                                    3600
                              use_vi_cos                                   false
                              use_vi_cus                                   false
                         use_vi_hc1_full                                   false
                         use_vi_hc1_half                                   false
                      use_vi_hc1_quarter                                   false
                              use_vi_hc2                                   false
                              use_vi_hc3                                   false
                         use_vi_lex_full                                   false
                         use_vi_lex_half                                   false
                      use_vi_lex_quarter                                    true
                              use_vi_qua                                   false
                               use_vi_vc                                    true
                               use_vi_vr                                   false
--------------------------------------------------------------------------------
executing instance: ./input/Instances/Original/5/absH3low_4n50.dat
--------------------------------------------------------------------------------
Instance details
n	51
H	3
C	4066
Li:
[0, 0, 0, 0, 0, 0, 0, 0, 0, 0, 0, 0, 0, 0, 0, 0, 0, 0, 0, 0, 0, 0, 0, 0, 0, 0, 0, 0, 0, 0, 0, 0, 0, 0, 0, 0, 0, 0, 0, 0, 0, 0, 0, 0, 0, 0, 0, 0, 0, 0, 0, ]
Ui:
[0, 108, 126, 122, 66, 120, 48, 30, 128, 54, 158, 198, 36, 66, 210, 234, 147, 297, 171, 128, 116, 120, 219, 70, 294, 207, 134, 128, 234, 122, 22, 183, 195, 255, 132, 124, 66, 189, 219, 66, 128, 102, 288, 66, 87, 136, 36, 39, 282, 36, 237, ]
Distance matrix:
|0	210	444	498	509	104	438	228	487	304	456	434	526	476	163	47	293	396	293	290	313	85	280	437	293	336	409	106	449	376	433	478	193	404	404	534	278	181	380	507	189	438	263	473	353	216	202	218	452	254	465	|
|210	0	299	507	359	106	345	409	358	411	320	402	555	448	136	200	289	264	306	427	141	222	83	348	264	320	283	303	380	208	258	357	170	348	475	542	243	347	355	379	65	479	172	373	355	251	112	229	402	210	300	|
|444	299	0	363	65	358	116	542	66	440	26	241	425	272	282	407	251	51	276	490	159	397	224	124	217	237	48	490	170	99	83	74	261	180	430	385	214	479	231	85	270	390	184	116	271	300	409	276	210	215	54	|
|498	507	363	0	385	482	246	424	326	254	343	123	63	93	388	452	221	337	211	314	428	414	480	239	243	187	324	463	194	418	438	307	346	188	156	36	264	392	156	326	444	87	340	258	154	286	603	294	153	297	417	|
|509	359	65	385	0	422	145	602	59	492	59	269	448	292	348	472	305	115	329	545	218	462	281	152	274	286	106	554	192	153	116	78	326	216	472	403	274	540	271	63	334	425	249	127	316	361	468	337	233	278	69	|
|104	106	358	482	422	0	372	309	408	337	374	396	521	441	98	96	262	314	271	342	215	124	177	373	249	302	329	198	394	281	337	402	139	353	419	518	230	250	343	428	90	437	188	405	328	200	134	188	406	199	372	|
|438	345	116	246	145	372	0	485	87	357	97	126	309	155	279	394	180	101	200	414	223	373	288	8	157	150	84	459	53	188	196	68	245	72	328	269	165	427	128	97	297	280	184	36	175	250	456	233	94	184	170	|
|228	409	542	424	602	309	485	0	561	170	544	419	424	446	298	214	305	491	286	115	462	187	457	480	331	339	496	124	470	510	565	545	295	424	279	454	329	66	376	576	363	340	370	520	330	242	429	266	453	328	581	|
|487	358	66	326	59	408	87	561	0	441	40	211	389	233	324	446	258	95	281	497	220	431	287	95	230	234	79	522	133	164	146	19	297	160	415	344	233	500	215	21	323	367	224	68	261	320	470	299	174	242	106	|
|304	411	440	254	492	337	357	170	441	0	434	266	255	286	275	266	189	392	164	63	408	225	428	351	224	207	392	234	330	438	484	424	250	287	112	284	232	149	233	453	349	170	302	389	185	168	471	195	305	248	487	|
|456	320	26	343	59	374	97	544	40	434	0	223	406	252	294	418	247	60	271	487	181	405	247	105	215	229	49	498	149	124	109	48	270	165	419	364	215	482	218	60	288	375	194	92	261	302	431	279	190	220	75	|
|434	402	241	123	269	396	126	419	211	266	223	0	185	46	298	387	140	213	145	328	310	355	366	118	147	97	201	425	78	295	315	191	256	65	211	151	166	371	53	215	343	157	231	145	90	220	505	217	41	198	295	|
|526	555	425	63	448	521	309	424	389	255	406	185	0	156	430	481	266	398	252	310	485	442	534	301	293	237	386	480	257	478	500	370	390	249	145	55	313	401	212	389	491	89	392	321	201	322	646	334	216	345	479	|
|476	448	272	93	292	441	155	446	233	286	252	46	156	0	343	429	183	250	184	348	353	396	411	148	192	140	236	461	102	334	350	214	302	106	214	113	212	402	98	233	389	151	277	165	125	261	551	260	62	244	325	|
|163	136	282	388	348	98	279	298	324	275	294	298	430	343	0	124	167	234	178	296	167	121	162	279	151	205	247	216	297	224	280	316	42	256	340	423	132	232	246	344	74	349	100	314	233	115	216	97	308	101	307	|
|47	200	407	452	472	96	394	214	446	266	418	387	481	429	124	0	246	358	245	259	284	41	261	392	247	289	370	103	403	345	402	436	150	358	361	488	232	158	333	466	165	393	223	430	306	168	217	171	406	210	431	|
|293	289	251	221	305	262	180	305	258	189	247	140	266	183	167	246	0	204	26	240	238	215	276	175	37	43	203	289	169	255	297	242	125	122	202	257	52	248	87	272	225	191	134	215	67	80	382	77	163	81	298	|
|396	264	51	337	115	314	101	491	95	392	60	213	398	250	234	358	204	0	229	442	130	347	196	108	169	194	19	440	152	87	102	93	211	149	390	363	165	428	194	116	228	355	134	117	230	250	376	225	189	164	95	|
|293	306	276	211	329	271	200	286	281	164	271	145	252	184	178	245	26	229	0	216	262	212	297	195	63	53	228	280	184	280	323	264	138	137	178	248	76	232	95	294	241	173	156	234	60	77	395	83	172	102	324	|
|290	427	490	314	545	342	414	115	497	63	487	328	310	348	296	259	240	442	216	0	443	220	456	408	273	264	443	204	390	479	529	480	278	346	165	343	278	115	293	509	369	229	340	447	244	202	473	230	366	288	536	|
|313	141	159	428	218	215	223	462	220	408	181	310	485	353	167	284	238	130	262	443	0	288	67	228	202	252	149	382	267	67	122	221	168	247	440	459	186	396	273	241	125	423	107	245	291	242	251	214	297	162	160	|
|85	222	397	414	462	124	373	187	431	225	405	355	442	396	121	41	215	347	212	220	288	0	273	371	221	258	357	95	378	344	401	420	136	331	321	450	208	126	302	450	177	353	213	409	272	136	253	143	377	190	426	|
|280	83	224	480	281	177	288	457	287	428	247	366	534	411	162	261	276	196	297	456	67	273	0	292	243	298	215	363	329	128	176	288	179	305	475	513	224	392	324	307	96	466	143	311	335	261	187	235	357	195	219	|
|437	348	124	239	152	373	8	480	95	351	105	118	301	148	279	392	175	108	195	408	228	371	292	0	154	144	91	456	46	194	203	76	244	65	320	261	163	423	121	103	299	273	185	40	168	247	459	230	86	183	178	|
|293	264	217	243	274	249	157	331	230	224	215	147	293	192	151	247	37	169	63	273	202	221	243	154	0	57	170	303	157	217	260	215	110	111	238	278	21	271	94	245	201	223	100	193	92	93	362	78	160	54	263	|
|336	320	237	187	286	302	150	339	234	207	229	97	237	140	205	289	43	194	53	264	252	258	298	144	57	0	190	331	131	257	294	216	163	84	197	221	77	285	44	246	258	172	155	183	39	123	418	119	120	110	288	|
|409	283	48	324	106	329	84	496	79	392	49	201	386	236	247	370	203	19	228	443	149	357	215	91	170	190	0	449	136	105	114	75	221	138	384	349	168	434	185	99	245	346	146	98	224	255	394	231	174	171	99	|
|106	303	490	463	554	198	459	124	522	234	498	425	480	461	216	103	289	440	280	204	382	95	363	456	303	331	449	0	458	439	496	510	229	410	344	498	293	89	374	540	267	391	307	495	336	211	308	226	451	280	520	|
|449	380	170	194	192	394	53	470	133	330	149	78	257	102	297	403	169	152	184	390	267	378	329	46	157	131	136	458	0	238	249	114	259	47	287	216	171	416	96	137	327	235	211	67	145	247	488	235	41	197	223	|
|376	208	99	418	153	281	188	510	164	438	124	295	478	334	224	345	255	87	280	479	67	344	128	194	217	257	105	439	238	0	57	169	216	230	453	445	206	445	268	184	191	427	141	202	296	278	315	250	274	191	92	|
|433	258	83	438	116	337	196	565	146	484	109	315	500	350	280	402	297	102	323	529	122	401	176	203	260	294	114	496	249	57	0	157	271	252	490	463	251	499	296	162	247	457	195	199	331	329	362	302	288	241	47	|
|478	357	74	307	78	402	68	545	19	424	48	191	370	214	316	436	242	93	264	480	221	420	288	76	215	216	75	510	114	169	157	0	287	141	396	325	219	485	196	31	319	347	216	49	243	306	469	286	154	230	120	|
|193	170	261	346	326	139	245	295	297	250	270	256	390	302	42	150	125	211	138	278	168	136	179	244	110	163	221	229	259	216	271	287	0	216	305	382	91	229	204	316	105	310	78	280	192	83	257	60	268	62	292	|
|404	348	180	188	216	353	72	424	160	287	165	65	249	106	256	358	122	149	137	346	247	331	305	65	111	84	138	410	47	230	252	141	216	0	255	215	126	369	56	168	292	210	177	102	103	200	454	189	54	155	234	|
|404	475	430	156	472	419	328	279	415	112	419	211	145	214	340	361	202	390	178	165	440	321	475	320	238	197	384	344	287	453	490	396	305	255	0	181	254	261	201	422	410	69	335	353	160	225	551	246	252	280	482	|
|534	542	385	36	403	518	269	454	344	284	364	151	55	113	423	488	257	363	248	343	459	450	513	261	278	221	349	498	216	445	463	325	382	215	181	0	298	425	189	342	479	115	373	276	190	323	638	330	175	332	439	|
|278	243	214	264	274	230	165	329	233	232	215	166	313	212	132	232	52	165	76	278	186	208	224	163	21	77	168	293	171	206	251	219	91	126	254	298	0	267	114	250	181	242	82	202	112	88	341	68	177	33	258	|
|181	347	479	392	540	250	427	66	500	149	482	371	401	402	232	158	248	428	232	115	396	126	392	423	271	285	434	89	416	445	499	485	229	369	261	425	267	0	325	516	298	313	305	463	281	180	375	203	403	264	516	|
|380	355	231	156	271	343	128	376	215	233	218	53	212	98	246	333	87	194	95	293	273	302	324	121	94	44	185	374	96	268	296	196	204	56	201	189	114	325	0	224	294	161	185	157	49	167	455	163	78	147	284	|
|507	379	85	326	63	428	97	576	21	453	60	215	389	233	344	466	272	116	294	509	241	450	307	103	245	246	99	540	137	184	162	31	316	168	422	342	250	516	224	0	344	371	244	70	271	337	490	317	176	261	120	|
|189	65	270	444	334	90	297	363	323	349	288	343	491	389	74	165	225	228	241	369	125	177	96	299	201	258	245	267	327	191	247	319	105	292	410	479	181	298	294	344	0	414	116	328	291	187	163	165	345	147	282	|
|438	479	390	87	425	437	280	340	367	170	375	157	89	151	349	393	191	355	173	229	423	353	466	273	223	172	346	391	235	427	457	347	310	210	69	115	242	313	161	371	414	0	323	301	133	238	565	253	197	273	444	|
|263	172	184	340	249	188	184	370	224	302	194	231	392	277	100	223	134	134	156	340	107	213	143	185	100	155	146	307	211	141	195	216	78	177	335	373	82	305	185	244	116	323	0	217	192	138	278	110	230	55	214	|
|473	373	116	258	127	405	36	520	68	389	92	145	321	165	314	430	215	117	234	447	245	409	311	40	193	183	98	495	67	202	199	49	280	102	353	276	202	463	157	70	328	301	217	0	205	286	485	269	106	220	167	|
|353	355	271	154	316	328	175	330	261	185	261	90	201	125	233	306	67	230	60	244	291	272	335	168	92	39	224	336	145	296	331	243	192	103	160	190	112	281	49	271	291	133	192	205	0	138	449	141	123	145	323	|
|216	251	300	286	361	200	250	242	320	168	302	220	322	261	115	168	80	250	77	202	242	136	261	247	93	123	255	211	247	278	329	306	83	200	225	323	88	180	167	337	187	238	138	286	138	0	328	28	243	88	340	|
|202	112	409	603	468	134	456	429	470	471	431	505	646	551	216	217	382	376	395	473	251	253	187	459	362	418	394	308	488	315	362	469	257	454	551	638	341	375	455	490	163	565	278	485	449	328	0	313	508	308	406	|
|218	229	276	294	337	188	233	266	299	195	279	217	334	260	97	171	77	225	83	230	214	143	235	230	78	119	231	226	235	250	302	286	60	189	246	330	68	203	163	317	165	253	110	269	141	28	313	0	235	61	315	|
|452	402	210	153	233	406	94	453	174	305	190	41	216	62	308	406	163	189	172	366	297	377	357	86	160	120	174	451	41	274	288	154	268	54	252	175	177	403	78	176	345	197	230	106	123	243	508	235	0	207	264	|
|254	210	215	297	278	199	184	328	242	248	220	198	345	244	101	210	81	164	102	288	162	190	195	183	54	110	171	280	197	191	241	230	62	155	280	332	33	264	147	261	147	273	55	220	145	88	308	61	207	0	253	|
|465	300	54	417	69	372	170	581	106	487	75	295	479	325	307	431	298	95	324	536	160	426	219	178	263	288	99	520	223	92	47	120	292	234	482	439	258	516	284	120	282	444	214	167	323	340	406	315	264	253	0	|

--------------------------------------------------------------------------------
Building model...
	using lazy and cut (CVRPSEP package)
Solving IRP LP...
--------------------------------------------------------------------------------

Gurobi 9.1.0 (linux64) logging started Sun Feb 14 07:14:28 2021

Gurobi Optimizer version 9.1.0 build v9.1.0rc0 (linux64)
Thread count: 32 physical cores, 32 logical processors, using up to 2 threads
Optimize a model with 1275 rows, 8460 columns and 19350 nonzeros
Model fingerprint: 0x982092f1
Variable types: 504 continuous, 7956 integer (306 binary)
Coefficient statistics:
  Matrix range     [1e+00, 4e+03]
  Objective range  [1e-02, 6e+02]
  Bounds range     [1e+00, 3e+02]
  RHS range        [1e+00, 7e+03]
Presolve removed 301 rows and 198 columns
Presolve time: 0.11s
Presolved: 974 rows, 8262 columns, 18157 nonzeros
Variable types: 354 continuous, 7908 integer (7608 binary)

Root relaxation: objective 3.280950e+03, 916 iterations, 0.03 seconds

    Nodes    |    Current Node    |     Objective Bounds      |     Work
 Expl Unexpl |  Obj  Depth IntInf | Incumbent    BestBd   Gap | It/Node Time

     0     0 3280.94990    0  138          - 3280.94990      -     -    0s
     0     0 3666.86541    0  172          - 3666.86541      -     -    0s
     0     0 3670.07895    0  170          - 3670.07895      -     -    0s
     0     0 4366.84043    0  232          - 4366.84043      -     -    0s
     0     0 4376.33086    0  151          - 4376.33086      -     -    0s
     0     0 4377.38395    0  157          - 4377.38395      -     -    0s
     0     0 4462.73761    0  256          - 4462.73761      -     -    1s
     0     0 4479.49956    0  257          - 4479.49956      -     -    1s
     0     0 4484.37721    0  247          - 4484.37721      -     -    1s
     0     0 4488.25946    0  259          - 4488.25946      -     -    1s
     0     0 4488.50491    0  266          - 4488.50491      -     -    1s
     0     0 4533.65876    0  306          - 4533.65876      -     -    2s
     0     0 4546.09850    0  257          - 4546.09850      -     -    2s
     0     0 4548.51647    0  312          - 4548.51647      -     -    2s
     0     0 4550.41840    0  316          - 4550.41840      -     -    2s
     0     0 4561.47163    0  294          - 4561.47163      -     -    2s
     0     0 4565.53500    0  322          - 4565.53500      -     -    2s
     0     0 4566.89749    0  364          - 4566.89749      -     -    2s
     0     0 4577.44189    0  357          - 4577.44189      -     -    2s
     0     0 4577.44189    0  355          - 4577.44189      -     -    3s
     0     2 4577.44189    0  355          - 4577.44189      -     -    3s
    19    22 4661.75537    6  327          - 4602.62978      -   269    5s
   107   121 4986.41402   25  243          - 4602.62978      -   229   10s
   345   395 5213.61000   58    4          - 4602.62978      -   115   15s
   706   674 4697.99579    9  285          - 4616.44487      -  74.8   20s
   735   694 5367.49894   81  372          - 4617.32014      -  76.9   25s
   747   702 9214.26000  281  384          - 4633.38573      -  75.7   37s
   756   708 5415.19066   87  480          - 4637.35374      -  74.8   40s
   764   717 4651.86600   11  279          - 4640.99764      -  82.1   46s
   784   730 4788.39394   16  156          - 4662.54495      -  86.3   50s
   873   795 5169.34054   47   73          - 4662.54495      -  95.4   55s
  1090   956 6223.64000  137    -          - 4662.54495      -  90.4   60s
* 1279   991             216    8335.2100000 4662.54495  44.1%  79.9   63s
* 1281   956             216    8334.6000000 4662.54495  44.1%  79.8   63s
  1287   950     cutoff  215      8334.60000 4662.54495  44.1%  79.8   73s
* 1292   913             215    8296.7200000 4663.25973  43.8%  79.8   73s
  1309   918 4793.37892   15  311 8296.72000 4663.25973  43.8%  81.1   75s
  1352   952 4943.69913   27  167 8296.72000 4663.25973  43.8%  85.4   80s
  1430  1011 5248.15016   55   76 8296.72000 4663.25973  43.8%  89.0   85s
  1485  1048 5348.74312   73   24 8296.72000 4663.25973  43.8%  90.4   90s
  1572  1105 5619.19085  106   50 8296.72000 4663.25973  43.8%  89.8   96s
  1633  1150 5564.65550  132   34 8296.72000 4663.25973  43.8%  88.9  100s
  1692  1196 5600.35013  155   13 8296.72000 4663.25973  43.8%  88.1  112s
  1763  1254 6362.20516  185   21 8296.72000 4663.25973  43.8%  86.7  116s
  1852  1314 6697.29600  220    9 8296.72000 4663.25973  43.8%  84.8  123s
  1909  1365 6733.34994  244   40 8296.72000 4663.25973  43.8%  83.9  125s
  2066  1486 7662.59554  299   30 8296.72000 4663.25973  43.8%  81.2  131s
  2263  1534     cutoff  370      8296.72000 4682.06936  43.6%  76.8  136s
* 2283  1483             380    8144.1500000 4682.06936  42.5%  76.2  136s
* 2285  1443             378    8088.1500000 4682.06936  42.1%  76.2  136s
* 2290  1413             378    8085.1500000 4682.06936  42.1%  76.0  136s
  2394  1501 4883.42938   20  199 8085.15000 4682.06936  42.1%  76.2  140s
  2531  1640 5085.90770   44   66 8085.15000 4682.06936  42.1%  76.5  145s
  2701  1870 5490.30000   77   12 8085.15000 4682.06936  42.1%  74.8  150s
  2970  2143 6346.51385  172   50 8085.15000 4682.06936  42.1%  71.6  157s
H 3082  1983                    7426.1900000 4682.06936  37.0%  69.8  158s
* 3091  1979             370    7419.1900000 4682.06936  36.9%  69.6  158s
* 3095  1968             372    7350.1900000 4682.06936  36.3%  69.5  158s
  3137  1958     cutoff  241      7350.19000 4687.53873  36.2%  68.9  160s
  3178  1999 4822.13712   26  223 7350.19000 4687.53873  36.2%  71.4  166s
  3210  2042 4924.43609   35  210 7350.19000 4687.53873  36.2%  73.5  171s
  3276  2143 5040.92854   56  159 7350.19000 4687.53873  36.2%  75.0  176s
  3340  2260 5120.92848   65  168 7350.19000 4687.53873  36.2%  75.2  180s
  3564  2406 5331.76500  220    9 7350.19000 4687.53873  36.2%  73.4  185s
  3711  2597 5506.21417  150   43 7350.19000 4687.53873  36.2%  72.7  192s
  3842  2695 6086.35775  198   36 7350.19000 4687.53873  36.2%  72.0  203s
  3950  2706 6631.06188  270   27 7350.19000 4694.40238  36.1%  70.9  207s
  3981  2721 4760.74828   15  276 7350.19000 4694.40238  36.1%  71.9  210s
  4057  2894 4891.71958   27  161 7350.19000 4694.40238  36.1%  73.6  218s
  4169  3059 5110.01026   42   94 7350.19000 4694.40238  36.1%  73.3  222s
  4359  3143 5082.39200   90   68 7350.19000 4694.40238  36.1%  71.8  227s
  4443  3313 5438.66046  136   39 7350.19000 4694.40238  36.1%  72.3  232s
  4612  3597 5863.76340  242   38 7350.19000 4699.42225  36.1%  71.1  238s
  4759  3611 6811.91000  293    2 7350.19000 4699.42225  36.1%  69.5  240s
  4954  3753 infeasible  355      7350.19000 4699.64114  36.1%  68.1  246s
  5110  3897 5308.61448   39  200 7350.19000 4722.68734  35.7%  67.8  251s
  5284  4029     cutoff  142      7350.19000 4724.33878  35.7%  67.1  257s
  5428  4105 4930.41634   23  153 7350.19000 4727.83794  35.7%  66.6  263s
  5510  4331 5180.82000   55   12 7350.19000 4727.83794  35.7%  67.2  269s
  5552  4337 5507.92427   74   42 7350.19000 4727.83794  35.7%  66.9  270s
  5764  4561 6188.31000  152   12 7350.19000 4729.91114  35.6%  65.9  276s
  6046  4634 4917.16476   27  136 7350.19000 4730.17401  35.6%  64.4  289s
  6096  4685 5117.75501   48   77 7350.19000 4730.54134  35.6%  65.3  295s
  6159  4726 4915.80065   19  274 7350.19000 4730.54134  35.6%  66.1  300s
  6200  4851 5294.80858   46  223 7350.19000 4730.54134  35.6%  67.3  306s
  6325  4967 6159.20375  145   32 7350.19000 4733.84243  35.6%  67.5  313s
  6460  5111 4890.58566   17  341 7350.19000 4733.84243  35.6%  67.0  319s
  6626  5357 5318.93089   39  251 7350.19000 4733.84243  35.6%  67.0  326s
  6897  5419 6569.23219  131    5 7350.19000 4736.26892  35.6%  65.9  347s
H 6955  3637                    6148.8200000 4736.26892  23.0%  65.5  348s
  6957  3613     cutoff  150      6148.82000 4736.71162  23.0%  65.6  352s
  6997  3706 5293.54376   45   96 6148.82000 4736.85516  23.0%  66.6  358s
  7102  3755 infeasible  124      6148.82000 4737.32361  23.0%  66.8  364s
  7152  3832 5086.87139   36  241 6148.82000 4737.32361  23.0%  67.8  370s
  7247  3935 5599.05017   78  109 6148.82000 4744.39308  22.8%  68.2  378s
  7363  4152 5076.06253   28  229 6148.82000 4746.76086  22.8%  68.9  386s
  7604  4254     cutoff  159      6148.82000 4751.28462  22.7%  68.5  395s
  7706  4393 5141.94243   58  104 6148.82000 4753.64769  22.7%  69.4  402s
  7871  4434 6111.23097  118   39 6148.82000 4754.62503  22.7%  69.8  411s
  7928  4482 4990.06810   30   88 6148.82000 4754.91311  22.7%  70.3  417s
  7975  4529 5139.56754   37   87 6148.82000 4754.91311  22.7%  71.7  426s
  8022  4660 5441.33372   43  103 6148.82000 4754.91311  22.7%  72.8  434s
  8043  4660 5702.40614   49  135 6148.82000 4754.91311  22.7%  73.2  435s
  8168  4801 6048.07004   63   97 6148.82000 4756.75525  22.6%  73.5  443s
  8353  4936 4866.71285   20  241 6148.82000 4762.46226  22.5%  73.7  452s
  8502  5010 5562.02000   72   62 6148.82000 4764.80663  22.5%  74.2  461s
  8614  5220 5888.77250   94   51 6148.82000 4764.82212  22.5%  74.3  469s
  8635  5222 6023.95500  113   50 6148.82000 4764.82212  22.5%  74.1  470s
  8856  5248 6125.61000  114   38 6148.82000 4768.43083  22.4%  73.9  479s
  8899  5317 infeasible  117      6148.82000 4770.18272  22.4%  74.3  487s
  8973  5472 5259.65660   41  109 6148.82000 4773.38418  22.4%  75.2  497s
  9177  5624 5200.84347   36  141 6148.82000 4775.39094  22.3%  75.3  506s
  9354  5738 5000.74906   29  180 6148.82000 4777.96031  22.3%  75.1  515s
  9494  5887 5112.93430   27  235 6148.82000 4777.96031  22.3%  75.5  524s
  9559  5887 5626.15520   92   17 6148.82000 4777.96031  22.3%  75.6  525s
  9657  6029 5925.80000  150    5 6148.82000 4781.84325  22.2%  75.7  533s
  9828  6104 5031.73859   27  117 6148.82000 4782.17499  22.2%  75.9  544s
  9931  6254 4963.34283   23  211 6148.82000 4782.93398  22.2%  76.0  553s
 10109  6328 5664.21781   31  185 6148.82000 4785.15760  22.2%  76.2  566s
 10183  6411 6048.93384   53   72 6148.82000 4787.66912  22.1%  77.1  575s
 10292  6509 5437.14813   52   25 6148.82000 4787.95037  22.1%  77.9  583s
 10443  6678 5178.66901   39   91 6148.82000 4788.05607  22.1%  78.4  594s
 10506  6678 5732.77780  102   38 6148.82000 4788.05607  22.1%  78.4  595s
 10645  6812 infeasible  130      6148.82000 4788.41324  22.1%  78.3  604s
 10800  6979 4976.80871   24  163 6148.82000 4789.57424  22.1%  78.7  615s
 10999  7121 4900.30120   20  193 6148.82000 4790.18502  22.1%  78.1  625s
 11127  7241 5345.00538   55   63 6148.82000 4791.15990  22.1%  78.7  634s
 11271  7458 5616.98811   54  152 6148.82000 4791.27091  22.1%  78.8  644s
 11524  7607 5120.22882   27  182 6148.82000 4793.04372  22.0%  78.5  654s
 11558  7607 5721.54469   61   91 6148.82000 4793.04372  22.0%  78.4  655s
 11694  7725 5209.51000   53    6 6148.82000 4793.50603  22.0%  78.6  664s
 11740  7732 5098.32317   40   14 6148.82000 4793.50603  22.0%  78.8  665s
 11839  7862 5844.04256   73   20 6148.82000 4794.48112  22.0%  78.7  674s
 12038  7983 4986.41848   31  263 6148.82000 4795.79867  22.0%  78.4  685s
 12160  8095 4941.81698   19  291 6148.82000 4795.79867  22.0%  78.8  695s
 12276  8248 5384.89011   62  102 6148.82000 4796.10881  22.0%  79.1  719s
 12507  8394 infeasible  106      6148.82000 4797.63232  22.0%  78.8  729s
 12648  8553 5403.03650   62   64 6148.82000 4798.80566  22.0%  78.8  738s
 12839  8629 6130.49000  104    - 6148.82000 4800.05520  21.9%  78.7  748s
 12909  8779 5007.08607   37  114 6148.82000 4800.08001  21.9%  79.4  758s
 13058  8985 5088.81159   55   68 6148.82000 4800.20829  21.9%  79.7  769s
 13079  8985 5356.34091   62   31 6148.82000 4800.20829  21.9%  79.7  770s
 13411  9156 5374.16745   43   70 6148.82000 4800.52206  21.9%  78.7  781s
 13604  9314 6085.84500   69   20 6148.82000 4802.16929  21.9%  78.6  801s
 13794  9431     cutoff  136      6148.82000 4803.22900  21.9%  78.5  811s
 13925  9553 4962.64659   25  215 6148.82000 4803.55836  21.9%  78.8  820s
 14068  9644 5085.59583   67   16 6148.82000 4804.84116  21.9%  79.1  830s
 14202  9674 6045.27000  115    - 6148.82000 4805.22551  21.9%  79.3  860s
 14226  9764 6081.27000  115    - 6148.82000 4805.33299  21.8%  79.5  869s
 14322  9935     cutoff  114      6148.82000 4805.35109  21.8%  80.0  881s
 14545 10083 6110.27000  117    4 6148.82000 4806.52078  21.8%  79.8  891s
*14549 10069             116    6144.2700000 4806.52078  21.8%  79.8  891s
 14716 10203 infeasible  119      6144.27000 4807.36403  21.8%  79.8  901s
 14866 10416 5507.93052   58   78 6144.27000 4807.74792  21.8%  80.0  912s
 15103 10629     cutoff  132      6144.27000 4807.94162  21.7%  79.8  925s
 15338 10792 5309.91736   42  234 6144.27000 4808.38530  21.7%  79.5  936s
 15526 10895     cutoff   98      6144.27000 4809.15649  21.7%  79.4  947s
 15549 10901 6121.27613  107    6 6144.27000 4809.15649  21.7%  79.3  957s
 15668 11029 6128.26000  106    - 6144.27000 4810.03332  21.7%  79.5  968s
 15837 11078 4895.84995   21  232 6144.27000 4810.96386  21.7%  79.6  977s
 15878 11218 5128.02402   35  216 6144.27000 4810.96386  21.7%  80.0  987s
 16018 11525 5372.14667   65   22 6144.27000 4811.62583  21.7%  80.3 1016s
 16365 11665     cutoff  152      6144.27000 4812.23267  21.7%  79.4 1026s
 16525 11729     cutoff  102      6144.27000 4813.59564  21.7%  79.4 1036s
 16611 11846 5227.91185   48  158 6144.27000 4815.19597  21.6%  79.8 1046s
 16756 12054 5010.94214   24  251 6144.27000 4815.34403  21.6%  79.9 1070s
 16992 12199 5901.75511   97   49 6144.27000 4815.53115  21.6%  79.6 1082s
 17241 12307 4944.70203   24  173 6144.27000 4815.80112  21.6%  79.3 1093s
 17364 12443 5277.99833   37   66 6144.27000 4816.97386  21.6%  79.4 1107s
 17513 12509 5899.92000   77    - 6144.27000 4817.04757  21.6%  79.5 1117s
 17600 12569 5918.58000   77    - 6144.27000 4818.75476  21.6%  79.9 1126s
 17658 12808 5273.09838   27  180 6144.27000 4818.75476  21.6%  80.4 1138s
 17870 12816 5721.47000   95    - 6144.27000 4818.75476  21.6%  80.2 1140s
 17920 12889 6066.52478   51  101 6144.27000 4819.29917  21.6%  80.0 1150s
 18059 12977 6138.41382   55   52 6144.27000 4820.39438  21.5%  80.1 1160s
 18147 13016 4956.89323   26  187 6144.27000 4820.47397  21.5%  80.4 1178s
 18204 13272 5063.20413   27  187 6144.27000 4821.95498  21.5%  80.4 1190s
 18509 13342     cutoff  193      6144.27000 4823.30699  21.5%  79.8 1201s
 18565 13546 5486.67187   50  132 6144.27000 4823.78312  21.5%  80.3 1214s
 18629 13547 5935.99769  112    7 6144.27000 4823.78312  21.5%  80.2 1215s
 18847 13687 6097.43800   90   12 6144.27000 4825.22032  21.5%  79.8 1235s
 19006 13757 6133.42262  104   20 6144.27000 4826.11604  21.5%  79.8 1246s
 19078 13877     cutoff  105      6144.27000 4826.99117  21.4%  80.1 1256s
 19232 14063 5212.05965   35  117 6144.27000 4827.75728  21.4%  80.2 1267s
 19462 14150 infeasible   66      6144.27000 4828.00241  21.4%  80.0 1279s
 19551 14152 5255.28776   29  162 6144.27000 4828.68303  21.4%  80.1 1280s
 19600 14284 4947.08881   25  287 6144.27000 4828.68303  21.4%  80.1 1290s
*19646 13304             134    6000.6500000 4828.68303  19.5%  80.3 1291s
 19683 13304 5372.93214   60   49 6000.65000 4828.68303  19.5%  80.3 1300s
 19768 13337     cutoff   59      6000.65000 4829.07026  19.5%  80.0 1309s
 19793 13337     cutoff  134      6000.65000 4829.87957  19.5%  80.2 1310s
 19807 13470 5254.32470   45  264 6000.65000 4830.11601  19.5%  80.4 1319s
 19969 13632     cutoff  108      6000.65000 4830.28771  19.5%  80.5 1331s
 20146 13743 5045.91649   27  158 6000.65000 4830.31109  19.5%  80.4 1341s
 20280 13815 5560.99182   57   76 6000.65000 4830.76911  19.5%  80.6 1352s
 20381 13949 5229.41742   35  330 6000.65000 4831.30243  19.5%  80.7 1363s
 20546 13988     cutoff  118      6000.65000 4831.97582  19.5%  80.7 1374s
 20594 14088 infeasible  122      6000.65000 4832.76965  19.5%  80.9 1386s
 20720 14219 5896.93385   78    4 6000.65000 4832.99813  19.5%  81.0 1399s
 20825 14219 5250.80066   60   77 6000.65000 4833.96928  19.4%  81.0 1400s
 20904 14307 5048.95524   22  364 6000.65000 4833.96928  19.4%  80.9 1410s
 21001 14374 5487.24856   41  227 6000.65000 4834.08111  19.4%  81.0 1430s
 21081 14444 4882.83725   26  250 6000.65000 4834.08111  19.4%  81.3 1441s
 21151 14549 5174.41791   45   31 6000.65000 4834.08111  19.4%  81.6 1452s
 21300 14634 5759.57807   90   64 6000.65000 4834.48762  19.4%  81.7 1478s
 21433 14746     cutoff  131      6000.65000 4834.54290  19.4%  81.8 1488s
 21561 14838     cutoff   82      6000.65000 4834.88386  19.4%  82.0 1500s
 21677 14907 4950.55134   21  359 6000.65000 4835.05389  19.4%  82.1 1510s
 21758 14957 5560.98911   32  286 6000.65000 4835.50146  19.4%  82.4 1522s
 21832 15066 4971.91977   20  193 6000.65000 4836.16947  19.4%  82.6 1533s
 21939 15289 5379.56273   44   24 6000.65000 4836.16947  19.4%  82.8 1547s
 22208 15401 5997.21000  104    - 6000.65000 4836.31261  19.4%  82.3 1561s
 22349 15513     cutoff  107      6000.65000 4836.58766  19.4%  82.3 1573s
 22479 15551 5974.21000  107    - 6000.65000 4838.08435  19.4%  82.3 1585s
*22501 15523             114    5996.6400000 4838.24461  19.3%  82.5 1585s
H22503 14908                    5936.1900000 4838.24461  18.5%  82.5 1585s
 22521 14956     cutoff  107      5936.19000 4838.39072  18.5%  82.7 1595s
 22573 15085 5284.39000   55    - 5936.19000 4838.51310  18.5%  83.1 1607s
 22722 15180 5008.68093   23  108 5936.19000 4838.69775  18.5%  83.1 1618s
 22818 15255 5132.18997   32  156 5936.19000 4838.69775  18.5%  83.3 1630s
 22924 15348 5368.19727   41  101 5936.19000 4838.69775  18.5%  83.5 1655s
 23036 15502 5409.69147   65  142 5936.19000 4839.90514  18.5%  83.6 1668s
 23207 15552 5131.91691   36  124 5936.19000 4840.23796  18.5%  83.5 1679s
 23238 15552 5768.82542   59   30 5936.19000 4840.23796  18.5%  83.5 1680s
 23322 15606 5103.91056   26  153 5936.19000 4840.34227  18.5%  83.6 1689s
 23384 15691     cutoff   55      5936.19000 4840.57667  18.5%  84.0 1700s
 23492 15691 infeasible   73      5936.19000 4841.07684  18.4%  84.2 1714s
 23496 15747 5074.36667   18  283 5936.19000 4841.07684  18.4%  84.2 1733s
 23552 15836 5542.39337   46   96 5936.19000 4841.40374  18.4%  84.5 1838s
 23649 15977 5052.21235   26  323 5936.19000 4841.61646  18.4%  84.7 1852s
 23832 16008     cutoff   89      5936.19000 4841.70731  18.4%  84.6 1877s
 23868 16119 5889.29000   88   12 5936.19000 4841.97995  18.4%  84.7 1916s
 24009 16189     cutoff   93      5936.19000 4842.35674  18.4%  84.7 1929s
 24092 16372 5255.50000   42    8 5936.19000 4842.65334  18.4%  84.9 1952s
 24319 16429     cutoff  102      5936.19000 4843.19801  18.4%  84.7 1965s
 24384 16537 5222.09949   29  290 5936.19000 4843.70379  18.4%  84.9 1977s
 24517 16615 5393.69319   36  181 5936.19000 4844.37682  18.4%  84.9 1990s
 24607 16702 5207.77584   40  233 5936.19000 4844.37682  18.4%  85.1 2012s
 24694 16911 5746.86285   95   33 5936.19000 4844.64093  18.4%  85.3 2026s
 24924 17033 infeasible   89      5936.19000 4844.81691  18.4%  85.0 2041s
 25064 17141 5180.52300   35  118 5936.19000 4845.25467  18.4%  85.0 2068s
 25250 17242 4892.84507   21  188 5936.19000 4845.55768  18.4%  84.9 2083s
 25361 17317 4925.92908   27  328 5936.19000 4845.57949  18.4%  85.1 2098s
 25444 17419 5704.44442   38  246 5936.19000 4846.14086  18.4%  85.3 2110s
 25571 17510 5194.39118   36  284 5936.19000 4846.50887  18.4%  85.3 2125s
 25688 17573 4967.50962   22  170 5936.19000 4846.87488  18.4%  85.4 2149s
 25759 17647 5614.50863   43  168 5936.19000 4847.24073  18.3%  85.7 2161s
 25859 17718 5025.36685   34  256 5936.19000 4847.71444  18.3%  85.9 2172s
 25940 17807 5669.73952   72   30 5936.19000 4848.09059  18.3%  86.1 2184s
 26063 17853     cutoff   98      5936.19000 4848.38695  18.3%  86.2 2197s
 26122 17945 5366.05798   33  307 5936.19000 4848.58613  18.3%  86.4 2208s
 26231 18073 5112.74614   20  225 5936.19000 4849.14865  18.3%  86.6 2221s
 26402 18170     cutoff   89      5936.19000 4849.43835  18.3%  86.4 2236s
 26526 18282 5152.30812   37  161 5936.19000 4850.54663  18.3%  86.6 2251s
 26674 18326 5747.93943   72   29 5936.19000 4850.70821  18.3%  86.6 2265s
 26730 18480 5855.70667   78   16 5936.19000 4850.73409  18.3%  86.9 2281s
 26922 18561 infeasible   82      5936.19000 4851.43098  18.3%  86.7 2294s
 26975 18561 4889.59733   34  218 5936.19000 4851.50837  18.3%  86.9 2295s
 27011 18732 5327.80000   47    6 5936.19000 4851.50837  18.3%  86.9 2309s
 27032 18733 5499.23493   57  159 5936.19000 4851.50837  18.3%  87.0 2310s
 27200 18890 5673.36643   53  157 5936.19000 4851.86563  18.3%  86.9 2328s
 27388 19131 5732.26633  132   22 5936.19000 4851.96815  18.3%  86.8 2343s
 27502 19135 5849.20962  124    6 5936.19000 4851.96815  18.3%  86.6 2345s
 27664 19197     cutoff  138      5936.19000 4852.38423  18.3%  86.3 2358s
 27746 19290 5450.71051   50  127 5936.19000 4853.21893  18.2%  86.5 2370s
 27869 19385 5106.08975   29  201 5936.19000 4853.31234  18.2%  86.6 2385s
 27998 19477 5115.23962   34  219 5936.19000 4853.36391  18.2%  86.7 2399s
 28046 19477 5799.14000   64    - 5936.19000 4853.36391  18.2%  86.8 2400s
 28103 19556     cutoff   56      5936.19000 4853.44230  18.2%  86.8 2413s
 28143 19556 5750.37142   37  149 5936.19000 4853.44230  18.2%  86.9 2420s
 28195 19607 5826.55750   38   95 5936.19000 4854.00089  18.2%  87.0 2433s
 28299 19687 5928.55000   61    - 5936.19000 4854.18628  18.2%  87.1 2448s
 28387 19789     cutoff   61      5936.19000 4854.46939  18.2%  87.3 2463s
 28421 19789 5099.02263   56   26 5936.19000 4854.46939  18.2%  87.4 2467s
 28533 19918 5687.35857   82   66 5936.19000 4855.23237  18.2%  87.4 2481s
 28691 20037 5914.80000  122    - 5936.19000 4855.53646  18.2%  87.3 2497s
 28843 20137     cutoff  122      5936.19000 4856.37512  18.2%  87.3 2513s
 28876 20137 5662.37255   54   58 5936.19000 4856.37512  18.2%  87.3 2520s
 28955 20270     cutoff   76      5936.19000 4856.49172  18.2%  87.4 2536s
 29088 20436 5350.29472   35  105 5936.19000 4856.55927  18.2%  87.4 2551s
 29320 20577 5446.24372   71   24 5936.19000 4856.75340  18.2%  87.2 2568s
 29469 20628 5274.77625  114   22 5936.19000 4857.47687  18.2%  87.1 2582s
 29551 20654     cutoff  131      5936.19000 4857.78328  18.2%  87.3 2597s
 29578 20687 4996.08927   25  160 5936.19000 4857.86388  18.2%  87.6 2611s
 29610 20737 5153.29758   31  150 5936.19000 4857.86388  18.2%  87.9 2625s
 29660 20781 5811.38585   45  150 5936.19000 4858.06494  18.2%  88.2 2643s
 29740 20855     cutoff   48      5936.19000 4858.26933  18.2%  88.4 2655s
 29821 20922 5281.28277   42  132 5936.19000 4858.34713  18.2%  88.6 2669s
 29898 21002 5176.03078   34  108 5936.19000 4858.43656  18.2%  88.7 2687s
 29988 21096 5009.16091   28  393 5936.19000 4858.43656  18.2%  88.9 2702s
 30106 21218 5437.95778   59   44 5936.19000 4859.55859  18.1%  89.0 2716s
 30251 21338 5864.84000   88    - 5936.19000 4860.07501  18.1%  88.9 2732s
 30383 21362 5887.04000   88    - 5936.19000 4860.09988  18.1%  89.0 2747s
 30416 21395 5122.93629   27  281 5936.19000 4860.24866  18.1%  89.3 2761s
 30448 21441 5329.43347   38  177 5936.19000 4860.24866  18.1%  89.6 2776s
 30496 21511 5644.30092   48  123 5936.19000 4860.54347  18.1%  89.9 2791s
 30583 21567     cutoff   69      5936.19000 4860.80168  18.1%  90.0 2810s
 30624 21567 5272.80319   63   25 5936.19000 4860.80168  18.1%  90.1 2815s
 30679 21655 5015.96715   24  355 5936.19000 4861.41850  18.1%  90.2 2829s
 30701 21655 5164.86490   31  194 5936.19000 4861.41850  18.1%  90.4 2830s
 30791 21743 5333.82136   46  164 5936.19000 4861.41850  18.1%  90.3 2844s
 30812 21743 5527.70358   67  137 5936.19000 4861.41850  18.1%  90.4 2845s
 30889 21817 5650.02854   93   55 5936.19000 4861.88590  18.1%  90.4 2860s
 30996 21857 5019.84174   31  290 5936.19000 4862.32918  18.1%  90.5 2875s
 31052 21892 5330.97900   43   91 5936.19000 4862.32918  18.1%  90.7 2891s
 31100 21965 5389.70134   53   93 5936.19000 4862.32918  18.1%  90.9 2907s
 31188 22114 5611.89658   84   74 5936.19000 4862.32918  18.1%  91.1 2922s
 31363 22179 5727.99228  137   27 5936.19000 4862.87260  18.1%  91.0 2938s
 31520 22235 5509.48554   30  239 5936.19000 4863.00826  18.1%  91.0 2963s
 31586 22350 4974.77886   23  342 5936.19000 4863.00826  18.1%  91.2 2979s
 31626 22350 5344.93943   58   62 5936.19000 4863.00826  18.1%  91.3 2980s
 31736 22445 5520.65849   63  116 5936.19000 4863.13274  18.1%  91.2 3018s
 31874 22515 5935.35000   89   14 5936.19000 4863.65832  18.1%  91.3 3033s
 31984 22665     cutoff  125      5936.19000 4863.74973  18.1%  91.3 3049s
 32049 22665 5606.23333   82   14 5936.19000 4863.74973  18.1%  91.3 3050s
*32107 22091             133    5902.7400000 4864.83562  17.6%  91.1 3050s
*32108 22032             133    5900.7400000 4864.83562  17.6%  91.1 3050s
*32115 21667             133    5880.4200000 4864.83562  17.3%  91.1 3050s
 32176 21763     cutoff  125      5880.42000 4864.92561  17.3%  91.2 3068s
 32312 21829     cutoff  124      5880.42000 4865.23090  17.3%  91.1 3084s
 32427 21877 4997.21132   22   26 5880.42000 4865.33251  17.3%  91.3 3099s
 32483 21935 4974.42854   19  389 5880.42000 4865.33251  17.3%  91.5 3112s
 32550 21962 5292.17650   35  286 5880.42000 4865.33251  17.3%  91.6 3125s
 32585 22025 5533.87731   59   73 5880.42000 4865.84989  17.3%  91.9 3156s
 32657 22079 5074.26675   38   76 5880.42000 4866.55522  17.2%  92.1 3183s
 32748 22121 5185.42144   28  349 5880.42000 4866.56005  17.2%  92.2 3199s
 32790 22189 5736.99623   47  231 5880.42000 4866.64715  17.2%  92.5 3213s
 32876 22293 5313.01261   49   78 5880.42000 4866.88561  17.2%  92.6 3229s
H33009 20540                    5790.6500000 4866.91653  16.0%  92.6 3230s
 33010 20610 4976.24684   28  303 5790.65000 4867.13833  15.9%  92.6 3247s
 33109 20702 5000.40391   21  318 5790.65000 4867.28632  15.9%  92.8 3263s
 33233 20754 infeasible   67      5790.65000 4867.81007  15.9%  92.8 3279s
 33299 20801 5198.49558   31  216 5790.65000 4868.14704  15.9%  93.0 3295s
 33346 20900 5444.20136   40  143 5790.65000 4868.14704  15.9%  93.3 3313s
 33455 20974 5668.73520   60   65 5790.65000 4868.25838  15.9%  93.5 3333s
 33573 21082 5046.03868   28  375 5790.65000 4868.34682  15.9%  93.5 3348s
 33699 21163 5487.91347   67  100 5790.65000 4868.58694  15.9%  93.6 3364s
 33738 21163 5670.92545   65   15 5790.65000 4868.96702  15.9%  93.7 3372s
 33811 21220 5306.95938   28  373 5790.65000 4868.96702  15.9%  93.6 3387s
 33910 21310 5783.04538   52  206 5790.65000 4869.14682  15.9%  93.8 3402s
 34028 21413 5197.25798   34  203 5790.65000 4869.78124  15.9%  93.8 3418s
 34156 21461 4929.32630   23  365 5790.65000 4870.04029  15.9%  93.9 3435s
 34203 21577 5040.12656   38   86 5790.65000 4870.06783  15.9%  94.2 3466s
