




arguments: ./build/bc_mirp -f ./input/orig_exec_108.cfg
Current dir: /scratch/gui/bc_mirp
File verbosity level: 9
date       time         ( uptime  ) [ thread name/id ]                   file:line     v| 
2021-02-07 15:16:54.157 (   0.746s) [main thread     ]             loguru.cpp:789   INFO| Logging to './output/vi_vc+lex_quarter/OU/V2/Original/execution_07_02_2021_15_16_54.log', mode: 'a', verbosity: 9
--------------------------------------------------------------------------------
Parameters
                           instance_path           ./input/Instances/Original/3/
                            model_policy                                       1
                             nb_vehicles                                       2
                              output_dir./output/vi_vc+lex_quarter/OU/V2/Original/
                            sec_strategy                                       1
                       solver_nb_threads                                       2
                         solver_show_log                                    true
                       solver_time_limit                                    3600
                              use_vi_cos                                   false
                              use_vi_cus                                   false
                         use_vi_hc1_full                                   false
                         use_vi_hc1_half                                   false
                      use_vi_hc1_quarter                                   false
                              use_vi_hc2                                   false
                              use_vi_hc3                                   false
                         use_vi_lex_full                                   false
                         use_vi_lex_half                                   false
                      use_vi_lex_quarter                                    true
                              use_vi_qua                                   false
                               use_vi_vc                                    true
                               use_vi_vr                                   false
--------------------------------------------------------------------------------
executing instance: ./input/Instances/Original/3/absH3low_2n5.dat
--------------------------------------------------------------------------------
Instance details
n	6
H	3
C	237
Li:
[0, 0, 0, 0, 0, 0, ]
Ui:
[0, 93, 180, 51, 114, 24, ]
Distance matrix:
|0	170	318	35	112	235	|
|170	0	311	205	258	301	|
|318	311	0	326	278	137	|
|35	205	326	0	89	230	|
|112	258	278	89	0	160	|
|235	301	137	230	160	0	|

--------------------------------------------------------------------------------
Building model...
	using lazy and cut (CVRPSEP package)
Solving IRP LP...
--------------------------------------------------------------------------------

Gurobi 9.1.0 (linux64) logging started Sun Feb  7 15:16:57 2021

Gurobi Optimizer version 9.1.0 build v9.1.0rc0 (linux64)
Thread count: 32 physical cores, 32 logical processors, using up to 2 threads
Optimize a model with 150 rows, 180 columns and 609 nonzeros
Model fingerprint: 0xa63e3bc8
Variable types: 54 continuous, 126 integer (36 binary)
Coefficient statistics:
  Matrix range     [1e+00, 2e+02]
  Objective range  [1e-02, 3e+02]
  Bounds range     [1e+00, 2e+02]
  RHS range        [1e+00, 5e+02]
Presolve removed 48 rows and 22 columns
Presolve time: 0.01s
Presolved: 102 rows, 158 columns, 484 nonzeros
Variable types: 32 continuous, 126 integer (96 binary)
Found heuristic solution: objective 2312.9000000
Found heuristic solution: objective 2271.5200000
Found heuristic solution: objective 1828.8300000

Root relaxation: objective 5.780448e+02, 125 iterations, 0.00 seconds

    Nodes    |    Current Node    |     Objective Bounds      |     Work
 Expl Unexpl |  Obj  Depth IntInf | Incumbent    BestBd   Gap | It/Node Time

     0     0  578.04476    0   14 1828.83000  578.04476  68.4%     -    0s
     0     0  689.73102    0   20 1828.83000  689.73102  62.3%     -    0s
     0     0  844.80912    0   24 1828.83000  844.80912  53.8%     -    0s
     0     0 1177.97805    0   27 1828.83000 1177.97805  35.6%     -    0s
H    0     0                    1695.3500000 1177.97805  30.5%     -    0s
     0     0 1211.55250    0   31 1695.35000 1211.55250  28.5%     -    0s
     0     0 1379.58524    0   45 1695.35000 1379.58524  18.6%     -    0s
H    0     0                    1464.7300000 1379.58524  5.81%     -    0s
     0     0 1400.98323    0   27 1464.73000 1400.98323  4.35%     -    0s
     0     0 1401.07000    0    4 1464.73000 1401.07000  4.35%     -    0s
     0     0 1402.10705    0   30 1464.73000 1402.10705  4.28%     -    0s
     0     0 1402.77710    0   48 1464.73000 1402.77710  4.23%     -    0s
     0     0 1402.86498    0   30 1464.73000 1402.86498  4.22%     -    0s
     0     0 1407.75857    0   24 1464.73000 1407.75857  3.89%     -    0s
     0     0 1407.75857    0   24 1464.73000 1407.75857  3.89%     -    0s
     0     0 1407.75857    0   24 1464.73000 1407.75857  3.89%     -    0s
H    0     0                    1437.9000000 1407.75857  2.10%     -    0s
     0     0 1407.75857    0    4 1437.90000 1407.75857  2.10%     -    0s
     0     0 1409.13638    0   24 1437.90000 1409.13638  2.00%     -    0s
     0     0 1428.21148    0   16 1437.90000 1428.21148  0.67%     -    0s
     0     0 1433.04700    0   17 1437.90000 1433.04700  0.34%     -    0s
     0     0     cutoff    0      1437.90000 1437.90000  0.00%     -    0s

Explored 1 nodes (595 simplex iterations) in 0.11 seconds
Thread count was 2 (of 32 available processors)

Solution count 6: 1437.9 1464.73 1695.35 ... 2312.9

Optimal solution found (tolerance 1.00e-04)
Best objective 1.437900000000e+03, best bound 1.437900000000e+03, gap 0.0000%

User-callback calls 201, time in user-callback 0.00 sec
================================================================================
executing instance: ./input/Instances/Original/3/absH3high_5n30.dat
--------------------------------------------------------------------------------
Instance details
n	31
H	3
C	2296
Li:
[0, 0, 0, 0, 0, 0, 0, 0, 0, 0, 0, 0, 0, 0, 0, 0, 0, 0, 0, 0, 0, 0, 0, 0, 0, 0, 0, 0, 0, 0, 0, ]
Ui:
[0, 80, 90, 297, 28, 264, 123, 192, 112, 32, 72, 88, 294, 129, 126, 105, 110, 237, 246, 92, 72, 147, 54, 96, 128, 96, 84, 28, 74, 196, 192, ]
Distance matrix:
|0	87	302	65	389	171	219	120	412	339	129	63	169	401	383	158	393	161	246	275	64	287	345	235	13	274	106	201	85	358	135	|
|87	0	334	128	402	212	301	204	465	384	187	145	232	424	454	238	475	245	289	352	80	307	352	321	81	352	20	261	170	376	215	|
|302	334	0	239	113	132	237	334	157	70	404	263	162	105	227	229	339	251	65	217	259	53	107	352	293	220	339	134	270	75	235	|
|65	128	239	0	330	107	175	130	348	275	174	40	107	339	326	114	351	125	181	224	58	228	290	222	58	224	143	138	65	297	92	|
|389	402	113	330	0	226	349	438	210	151	502	360	269	48	316	339	441	362	175	328	335	102	55	465	377	330	401	245	371	37	342	|
|171	212	132	107	226	0	169	214	253	173	276	134	64	233	261	130	326	153	77	188	133	125	192	264	162	190	220	68	145	193	125	|
|219	301	237	175	349	169	0	157	257	223	244	157	105	334	180	62	175	61	177	63	233	264	334	118	221	61	317	112	136	312	85	|
|120	204	334	130	438	214	157	0	402	348	88	90	173	438	336	115	307	100	269	220	172	338	406	122	130	218	224	204	69	403	101	|
|412	465	157	348	210	253	257	402	0	88	486	359	245	166	129	287	266	303	178	204	386	208	239	370	406	207	473	212	354	187	304	|
|339	384	70	275	151	173	223	348	88	0	427	291	179	120	166	234	290	254	96	187	306	123	166	342	332	190	391	145	291	119	247	|
|129	187	404	174	502	276	244	88	486	427	0	142	248	508	424	200	390	187	342	308	193	400	464	192	142	306	207	281	136	469	182	|
|63	145	263	40	360	134	157	90	359	291	142	0	114	366	321	95	331	99	202	212	90	258	323	186	65	211	163	148	27	327	72	|
|169	232	162	107	269	64	105	173	245	179	248	114	0	266	222	71	268	94	97	131	155	173	244	203	164	132	245	34	113	233	73	|
|401	424	105	339	48	233	334	438	166	120	508	366	266	0	280	332	409	355	169	305	353	117	96	452	391	308	425	237	374	49	339	|
|383	454	227	326	316	261	180	336	129	166	424	321	222	280	0	231	137	238	208	116	376	277	331	272	381	118	467	197	307	285	253	|
|158	238	229	114	339	130	62	115	287	234	200	95	71	332	231	0	238	23	164	118	171	243	314	134	159	117	255	95	77	302	23	|
|393	475	339	351	441	326	175	307	266	290	390	331	268	409	137	238	0	232	300	138	408	383	445	204	395	136	492	258	308	406	260	|
|161	245	251	125	362	153	61	100	303	254	187	99	94	355	238	23	232	0	187	123	183	267	338	111	164	121	262	117	77	325	34	|
|246	289	65	181	175	77	177	269	178	96	342	202	97	169	208	164	300	187	0	168	210	87	157	290	238	171	296	70	206	138	170	|
|275	352	217	224	328	188	63	220	204	187	308	212	131	305	116	118	138	123	168	0	279	255	322	166	275	3	367	120	195	291	141	|
|64	80	259	58	335	133	233	172	386	306	193	90	155	353	376	171	408	183	210	279	0	236	289	276	51	279	90	182	117	307	150	|
|287	307	53	228	102	125	264	338	208	123	400	258	173	117	277	243	383	267	87	255	236	0	71	374	276	257	308	153	270	71	245	|
|345	352	107	290	55	192	334	406	239	166	464	323	244	96	331	314	445	338	157	322	289	71	0	445	334	325	350	224	337	54	315	|
|235	321	352	222	465	264	118	122	370	342	192	186	203	452	272	134	204	111	290	166	276	374	445	0	243	164	341	221	159	428	142	|
|13	81	293	58	377	162	221	130	406	332	142	65	164	391	381	159	395	164	238	275	51	276	334	243	0	274	100	196	89	347	136	|
|274	352	220	224	330	190	61	218	207	190	306	211	132	308	118	117	136	121	171	3	279	257	325	164	274	0	367	122	194	294	140	|
|106	20	339	143	401	220	317	224	473	391	207	163	245	425	467	255	492	262	296	367	90	308	350	341	100	367	0	272	188	377	232	|
|201	261	134	138	245	68	112	204	212	145	281	148	34	237	197	95	258	117	70	120	182	153	224	221	196	122	272	0	146	208	103	|
|85	170	270	65	371	145	136	69	354	291	136	27	113	374	307	77	308	77	206	195	117	270	337	159	89	194	188	146	0	337	54	|
|358	376	75	297	37	193	312	403	187	119	469	327	233	49	285	302	406	325	138	291	307	71	54	428	347	294	377	208	337	0	306	|
|135	215	235	92	342	125	85	101	304	247	182	72	73	339	253	23	260	34	170	141	150	245	315	142	136	140	232	103	54	306	0	|

--------------------------------------------------------------------------------
Building model...
	using lazy and cut (CVRPSEP package)
Solving IRP LP...
--------------------------------------------------------------------------------

Gurobi 9.1.0 (linux64) logging started Sun Feb  7 15:17:03 2021

Gurobi Optimizer version 9.1.0 build v9.1.0rc0 (linux64)
Thread count: 32 physical cores, 32 logical processors, using up to 2 threads
Optimize a model with 775 rows, 3280 columns and 8020 nonzeros
Model fingerprint: 0x60768e42
Variable types: 304 continuous, 2976 integer (186 binary)
Coefficient statistics:
  Matrix range     [1e+00, 1e+03]
  Objective range  [1e-01, 5e+02]
  Bounds range     [1e+00, 3e+02]
  RHS range        [1e+00, 4e+03]
Presolve removed 257 rows and 221 columns
Presolve time: 0.08s
Presolved: 518 rows, 3059 columns, 7073 nonzeros
Variable types: 176 continuous, 2883 integer (2706 binary)

Root relaxation: objective 8.876604e+03, 455 iterations, 0.01 seconds

    Nodes    |    Current Node    |     Objective Bounds      |     Work
 Expl Unexpl |  Obj  Depth IntInf | Incumbent    BestBd   Gap | It/Node Time

     0     0 8876.60441    0   85          - 8876.60441      -     -    0s
     0     0 9351.41058    0  117          - 9351.41058      -     -    0s
     0     0 9358.24837    0  112          - 9358.24837      -     -    7s
     0     0 9709.97586    0  138          - 9709.97586      -     -    7s
     0     0 9759.04809    0  131          - 9759.04809      -     -    7s
     0     0 9766.11736    0  148          - 9766.11736      -     -    7s
     0     0 9777.30926    0  145          - 9777.30926      -     -    7s
     0     0 9777.44174    0  147          - 9777.44174      -     -    7s
     0     0 9834.05227    0  145          - 9834.05227      -     -    7s
     0     0 9852.99675    0  171          - 9852.99675      -     -    7s
     0     0 9860.12678    0  190          - 9860.12678      -     -    7s
     0     0 9861.97903    0  166          - 9861.97903      -     -    7s
     0     0 9866.76714    0  178          - 9866.76714      -     -    7s
     0     0 9870.58505    0  185          - 9870.58505      -     -    7s
     0     0 9872.98737    0  192          - 9872.98737      -     -    7s
     0     0 9874.04652    0  196          - 9874.04652      -     -    7s
     0     0 9898.00454    0  210          - 9898.00454      -     -    8s
     0     0 9904.62864    0  218          - 9904.62864      -     -    8s
     0     0 9905.38149    0  221          - 9905.38149      -     -    8s
     0     0 9911.87857    0  208          - 9911.87857      -     -    8s
     0     0 9911.87857    0  208          - 9911.87857      -     -    8s
     0     2 9917.32891    0  253          - 9917.32891      -     -    8s
    94   100 10350.8323   29   71          - 9931.15319      -   115   10s
*  469   439             142    13282.450000 9947.48962  25.1%  50.1   12s
   627   606 10706.7025   51   26 13282.4500 9948.10863  25.1%  57.0   15s
H  728   638                    13211.450000 9948.10863  24.7%  53.8   16s
H  744   615                    12807.810000 9990.51792  22.0%  52.6   19s
   754   622 12099.7200  115  288 12807.8100 9992.90834  22.0%  51.9   20s
   765   632 10041.8297   17  176 12807.8100 9999.10215  21.9%  56.6   72s
   806   662 10246.7765   27   88 12807.8100 10039.8884  21.6%  64.7   75s
   970   776 10682.2223   53   76 12807.8100 10039.8884  21.6%  68.3   80s
* 1043   772             110    11567.980000 10039.8884  13.2%  66.8   81s
  1120   813 10898.8310   86   19 11567.9800 10039.8884  13.2%  69.6   85s
  1297   914 10395.3532   29  159 11567.9800 10040.0465  13.2%  72.9   90s
  1430   983 10370.1063   52   27 11567.9800 10040.0465  13.2%  74.6   95s
  1770  1198 11319.5566  146   52 11567.9800 10040.0465  13.2%  70.6  100s
  2052  1313 11398.8585   94    4 11567.9800 10048.1596  13.1%  68.0  105s
  2184  1353 10385.2843   36    9 11567.9800 10057.3108  13.1%  70.7  110s
  2356  1476 11234.9777   93   29 11567.9800 10080.1127  12.9%  69.7  118s
  2474  1573 10339.2778   41   31 11567.9800 10082.9844  12.8%  69.5  121s
  2704  1667 10497.7901   28  175 11567.9800 10118.8719  12.5%  69.8  125s
  2738  1751 10522.6598   32  113 11567.9800 10118.8719  12.5%  70.7  131s
  2782  1754 10763.3100   51    6 11567.9800 10118.8719  12.5%  70.3  138s
  2860  1854 10814.2402   52   42 11567.9800 10119.7175  12.5%  69.6  140s
  3085  1960 10353.2179   28  193 11567.9800 10126.6292  12.5%  69.6  145s
  3123  1999 10534.1282   32  116 11567.9800 10126.6292  12.5%  70.5  150s
  3293  2174 10363.5062   30  145 11567.9800 10131.6723  12.4%  71.2  156s
  3472  2271 infeasible   90      11567.9800 10134.0333  12.4%  70.7  160s
  3640  2449 10776.5890   44   28 11567.9800 10135.2145  12.4%  70.7  165s
  3865  2654 11540.9188   79   27 11567.9800 10143.9790  12.3%  70.7  172s
  4004  2728 10676.4627   40   99 11567.9800 10146.4933  12.3%  70.0  175s
  4300  3009     cutoff  104      11567.9800 10153.7582  12.2%  69.2  181s
  4546  3133     cutoff   70      11567.9800 10160.9850  12.2%  68.9  186s
  4739  3295 11425.8406   92   35 11567.9800 10167.1336  12.1%  69.7  192s
  4829  3380 10426.3876   40   91 11567.9800 10167.5954  12.1%  70.2  196s
  4872  3380 10611.7898   40   48 11567.9800 10167.5954  12.1%  70.6  203s
  4938  3468 11328.3328   70   23 11567.9800 10168.9984  12.1%  70.6  206s
  5144  3639     cutoff  103      11567.9800 10172.1933  12.1%  71.0  213s
  5245  3749 11126.8753   54   64 11567.9800 10173.0383  12.1%  71.0  216s
  5290  3750 11271.2968   96   17 11567.9800 10173.0383  12.1%  70.7  220s
  5382  3799     cutoff   97      11567.9800 10173.1556  12.1%  71.1  225s
  5501  3961 11330.9800   65   28 11567.9800 10173.9207  12.1%  72.4  233s
  5680  4067 11530.7047   89   22 11567.9800 10178.1947  12.0%  72.1  237s
  5805  4150 infeasible   90      11567.9800 10179.3236  12.0%  72.3  242s
  5908  4332 10981.0800   39   78 11567.9800 10182.6167  12.0%  73.1  247s
  6128  4458 10464.7185   39   64 11567.9800 10182.7387  12.0%  72.5  252s
  6291  4550 10784.6182   71   26 11567.9800 10185.0636  12.0%  72.4  258s
  6422  4654 11529.5600  102    4 11567.9800 10187.4101  11.9%  72.9  262s
* 6423  4617             103    11531.560000 10187.4101  11.7%  72.8  262s
  6569  4704 11487.0600   78    4 11531.5600 10190.7330  11.6%  72.9  266s
  6658  4838 10570.9444   51   56 11531.5600 10194.2755  11.6%  73.9  271s
  6869  4890 infeasible  117      11531.5600 10194.6921  11.6%  73.5  277s
  6913  5000 10761.7468   44   83 11531.5600 10195.4660  11.6%  73.8  282s
  7055  5070     cutoff   72      11531.5600 10196.1581  11.6%  73.8  286s
  7141  5104     cutoff   78      11531.5600 10196.9225  11.6%  74.6  293s
  7184  5249 10796.9192   36   59 11531.5600 10196.9225  11.6%  75.0  299s
  7272  5258 11205.2600   66    - 11531.5600 10196.9225  11.6%  74.9  300s
  7392  5356 10832.5100   38    - 11531.5600 10197.7145  11.6%  74.6  305s
  7534  5457     cutoff   78      11531.5600 10197.9173  11.6%  74.9  311s
  7669  5570 10854.7421   44   68 11531.5600 10198.8096  11.6%  75.3  316s
  7800  5689 infeasible   70      11531.5600 10200.9518  11.5%  75.7  325s
  7933  5796     cutoff   88      11531.5600 10201.8808  11.5%  75.8  330s
  8094  5888     cutoff   69      11531.5600 10203.4384  11.5%  75.9  335s
  8215  6024     cutoff   65      11531.5600 10204.8043  11.5%  76.5  340s
  8365  6097 11479.2867   85   10 11531.5600 10206.6050  11.5%  76.5  345s
  8551  6203 11503.5600   86    - 11531.5600 10208.3853  11.5%  76.6  351s
  8650  6326     cutoff   86      11531.5600 10209.4751  11.5%  76.9  360s
  8700  6330 11200.5409   73    4 11531.5600 10209.4751  11.5%  77.0  378s
  8825  6441     cutoff   86      11531.5600 10212.4621  11.4%  77.1  385s
  8957  6571     cutoff   89      11531.5600 10213.0955  11.4%  77.5  395s
  9120  6633     cutoff   81      11531.5600 10214.7002  11.4%  77.6  401s
  9232  6748 11125.5000   62    - 11531.5600 10216.3939  11.4%  77.9  407s
  9394  6860 11205.0908   62   44 11531.5600 10218.0753  11.4%  78.1  413s
  9504  6929     cutoff   88      11531.5600 10219.8361  11.4%  78.2  418s
  9593  7083 10989.3934   66   17 11531.5600 10222.0133  11.4%  78.7  425s
  9795  7162 11508.1300   77    - 11531.5600 10224.3994  11.3%  78.4  434s
  9885  7244     cutoff   77      11531.5600 10224.6870  11.3%  78.8  440s
 10000  7362 10613.7320   31  111 11531.5600 10225.6828  11.3%  79.1  447s
 10155  7484     cutoff   47      11531.5600 10226.0483  11.3%  79.4  453s
 10314  7596     cutoff   94      11531.5600 10228.1511  11.3%  79.6  459s
 10487  7778 11507.0300   84    - 11531.5600 10228.5720  11.3%  79.6  465s
*10618  7716             107    11508.790000 10228.6768  11.1%  79.2  465s
 10690  7801     cutoff  144      11508.7900 10229.7048  11.1%  79.3  472s
 10833  7907 11358.2500   76    - 11508.7900 10230.5460  11.1%  79.6  478s
 10957  8023 11397.8000   76    - 11508.7900 10231.7861  11.1%  80.0  483s
 11096  8092     cutoff   87      11508.7900 10233.5241  11.1%  80.2  490s
*11174  8036              79    11487.230000 10236.1150  10.9%  80.2  490s
*11176  7416              78    11346.790000 10236.1150  9.79%  80.2  490s
 11234  7526     cutoff   69      11346.7900 10236.8354  9.78%  80.2  496s
 11363  7572 10359.7542   28  278 11346.7900 10238.7632  9.77%  80.5  503s
 11412  7620 10514.4561   53  133 11346.7900 10238.8478  9.76%  80.9  508s
 11450  7622 11117.9850   44   54 11346.7900 10238.9664  9.76%  81.2  510s
 11478  7698     cutoff   73      11346.7900 10239.2369  9.76%  81.6  516s
 11584  7837     cutoff   53      11346.7900 10241.7610  9.74%  81.8  523s
 11778  7936 11339.1500   82    - 11346.7900 10242.3559  9.73%  81.6  529s
 11898  8056     cutoff   82      11346.7900 10243.9428  9.72%  81.7  535s
 12052  8149 infeasible   97      11346.7900 10244.5167  9.71%  81.7  545s
 12162  8254     cutoff   58      11346.7900 10244.9318  9.71%  82.0  552s
 12276  8327     cutoff   61      11346.7900 10245.6717  9.70%  82.3  558s
 12372  8461 10702.5270   43   38 11346.7900 10246.1332  9.70%  82.4  564s
 12521  8531     cutoff  117      11346.7900 10246.8379  9.69%  82.4  570s
 12619  8588 11042.6800   55    - 11346.7900 10248.0525  9.68%  82.8  576s
 12672  8687 10693.0369   44   25 11346.7900 10248.3168  9.68%  83.4  583s
 12803  8768     cutoff   66      11346.7900 10248.6296  9.68%  83.6  591s
 12860  8774 10402.1184   28  119 11346.7900 10248.6296  9.68%  83.6  615s
 12917  8831     cutoff   54      11346.7900 10250.3946  9.66%  83.9  620s
 12992  8916 10740.5758   46  137 11346.7900 10251.1319  9.66%  84.4  626s
 13089  9030 10547.8386   28  188 11346.7900 10251.1319  9.66%  84.9  633s
 13233  9081 11178.3782   66   42 11346.7900 10251.6759  9.65%  85.1  639s
 13292  9136 10767.8875   38  182 11346.7900 10252.2862  9.65%  85.8  645s
 13368  9221     cutoff   53      11346.7900 10252.5052  9.64%  86.2  652s
 13509  9307 10569.4210   28  173 11346.7900 10253.5491  9.63%  86.4  658s
 13656  9356 11295.5700   66    - 11346.7900 10255.2833  9.62%  86.3  665s
 13710  9460 11323.6034   66   75 11346.7900 10255.7012  9.62%  86.4  672s
 13856  9552     cutoff   88      11346.7900 10256.3472  9.61%  86.5  678s
 13979  9688 11326.1200   90    - 11346.7900 10256.9246  9.61%  86.5  686s
 14147  9809 10701.1666   44   10 11346.7900 10257.3518  9.60%  86.5  693s
 14311  9900 11343.5900  100    - 11346.7900 10258.8209  9.59%  86.5  699s
 14400  9960 infeasible  100      11346.7900 10259.5256  9.58%  86.8  706s
 14477 10112 10673.9100   39   12 11346.7900 10259.7639  9.58%  87.3  715s
 14663 10265 10999.5087   50   56 11346.7900 10260.7592  9.57%  87.2  723s
 14929 10357     cutoff   78      11346.7900 10260.9542  9.57%  86.5  730s
 15061 10406     cutoff   66      11346.7900 10261.5302  9.56%  86.7  737s
 15106 10488 10672.9586   39  101 11346.7900 10262.5114  9.56%  87.1  743s
 15216 10626 11310.8467   69   38 11346.7900 10263.3962  9.55%  87.3  751s
 15382 10708 11159.3400   84    - 11346.7900 10264.0970  9.54%  87.2  758s
 15496 10748 11261.7400   84    - 11346.7900 10264.8536  9.54%  87.4  765s
 15533 10852 11315.0200   84    - 11346.7900 10265.3920  9.53%  87.6  772s
 15689 10897 11336.7000   84    - 11346.7900 10266.5799  9.52%  87.7  778s
 15731 10961     cutoff   84      11346.7900 10266.9290  9.52%  88.3  785s
 15849 11046     cutoff   85      11346.7900 10267.3174  9.51%  88.7  791s
 15951 11152 11015.9843   67   16 11346.7900 10268.7950  9.50%  89.1  798s
 16086 11227     cutoff   83      11346.7900 10269.4568  9.49%  89.1  806s
 16179 11307 10762.0230   48    8 11346.7900 10269.9893  9.49%  89.5  813s
 16292 11373 11063.3195   69   30 11346.7900 10270.2068  9.49%  89.8  820s
 16386 11473 11156.8033   71   16 11346.7900 10270.6317  9.48%  90.1  827s
 16529 11589     cutoff   86      11346.7900 10271.0074  9.48%  90.2  835s
 16786 11679 11233.1300   90    - 11346.7900 10273.2508  9.46%  89.7  843s
 16900 11787 11274.2900   52    - 11346.7900 10274.0910  9.45%  89.9  850s
 17052 11870 11323.6800   73    - 11346.7900 10274.7147  9.45%  89.9  858s
 17149 11973 10654.7192   32  175 11346.7900 10274.7375  9.45%  90.2  865s
 17274 12056 10860.8171   39   54 11346.7900 10275.1820  9.44%  90.4  873s
 17386 12134 11134.3621   58   39 11346.7900 10275.4201  9.44%  90.7  881s
 17465 12225 10922.3562   45    4 11346.7900 10275.7243  9.44%  90.9  891s
 17604 12338 11117.7714   76   24 11346.7900 10275.8655  9.44%  90.9  900s
 17741 12400 10951.5299   42  149 11346.7900 10276.5623  9.43%  91.0  908s
 17823 12505     cutoff   68      11346.7900 10276.7395  9.43%  91.1  916s
 17942 12575     cutoff   74      11346.7900 10277.0887  9.43%  91.2  923s
 18042 12686 10917.0811   43   39 11346.7900 10277.9552  9.42%  91.4  930s
 18183 12771 10479.6052   29   54 11346.7900 10278.5483  9.41%  91.4  939s
 18272 12778 10926.9500   69    - 11346.7900 10278.5483  9.41%  91.6  940s
 18289 12890 10589.2205   42   23 11346.7900 10278.6730  9.41%  91.7  947s
 18446 12933     cutoff   80      11346.7900 10279.1547  9.41%  91.6  956s
 18486 13003     cutoff   80      11346.7900 10279.2084  9.41%  91.7  963s
 18567 13069 10910.1000   40   10 11346.7900 10279.6146  9.41%  92.0  970s
 18646 13174 10473.8236   58   65 11346.7900 10279.6412  9.40%  92.3  977s
 18784 13261 10647.2494   64   44 11346.7900 10279.8900  9.40%  92.5  984s
 18938 13336     cutoff   80      11346.7900 10280.0321  9.40%  92.6  992s
 19029 13413     cutoff   89      11346.7900 10280.7481  9.40%  92.7  999s
 19076 13421 11309.6500   80    - 11346.7900 10281.3327  9.39%  92.8 1000s
 19136 13424 10345.2958   22  208 11346.7900 10281.3327  9.39%  92.8 1025s
 19139 13426 10911.4052   66 1013 11346.7900 10281.3327  9.39%  92.8 1033s
 19145 13430 10760.9390   36  994 11346.7900 10281.3327  9.39%  92.8 1037s
 19148 13432 10658.3113   41  826 11346.7900 10281.3327  9.39%  92.8 1040s
 19153 13435 10603.5920   30 1026 11346.7900 10281.3327  9.39%  92.7 1045s
 19156 13437 10489.6788   37 1018 11346.7900 10281.3327  9.39%  92.7 1052s
 19157 13438 10531.6413   33 1049 11346.7900 10281.3327  9.39%  92.7 1055s
 19159 13439 10636.0709   46 1057 11346.7900 10281.3327  9.39%  92.7 1094s
 19160 13440 10334.8718   24 1057 11346.7900 10281.3327  9.39%  92.7 1096s
H19160 12767                    11171.390000 10281.3327  7.97%  92.7 1098s
 19162 12771 10281.3327   27 1013 11171.3900 10281.3327  7.97%  93.1 1166s
 19164 12773 10281.3327   28 1025 11171.3900 10281.3327  7.97%  93.1 1236s
 19166 12774 10281.3327   28 1003 11171.3900 10281.3327  7.97%  93.2 1246s
 19168 12775 10281.3327   29 1019 11171.3900 10281.3327  7.97%  93.2 1252s
 19170 12777 10281.3327   29 1032 11171.3900 10281.3327  7.97%  93.4 1257s
 19172 12780 10281.3327   30  949 11171.3900 10281.3327  7.97%  93.5 1262s
 19176 12783 10281.3327   31  807 11171.3900 10281.3327  7.97%  93.5 1266s
 19184 12790 10281.3327   33  853 11171.3900 10281.3327  7.97%  93.7 1272s
 19190 12792 10636.6123   34  515 11171.3900 10281.3327  7.97%  93.8 1275s
 19202 12803 10398.4670   37  844 11171.3900 10281.3327  7.97%  94.0 1280s
 19214 12814 10544.1031   40  684 11171.3900 10281.3327  7.97%  94.2 1286s
H19222 12172                    11152.390000 10281.3327  7.81%  94.2 1286s
 19232 12186 10911.7683   43  528 11152.3900 10281.3327  7.81%  94.3 1291s
 19251 12206 10814.4999   49  309 11152.3900 10281.3327  7.81%  94.4 1295s
 19289 12215 11138.4308   60  434 11152.3900 10281.3327  7.81%  94.5 1300s
 19344 12209 11126.6200   65  136 11152.3900 10281.3327  7.81%  94.6 1306s
 19372 12218 10281.3327   32  947 11152.3900 10281.3327  7.81%  94.7 1311s
 19407 12258 10281.3327   36  556 11152.3900 10281.3327  7.81%  94.7 1316s
 19460 12277 10488.5120   48  155 11152.3900 10281.3327  7.81%  94.8 1321s
 19514 12289 10389.9558   35  911 11152.3900 10281.3327  7.81%  94.8 1325s
 19545 12327 11005.6086   76   20 11152.3900 10281.3327  7.81%  94.8 1331s
 19610 12343 10359.4080   36  915 11152.3900 10281.3327  7.81%  94.8 1336s
 19665 12330 10489.4638   46  424 11152.3900 10281.3327  7.81%  94.6 1349s
 19674 12352 10556.5647   51  461 11152.3900 10281.3327  7.81%  94.7 1352s
 19703 12370 10817.7535   74  100 11152.3900 10281.3327  7.81%  94.7 1355s
 19757 12375 10511.2264   35  945 11152.3900 10281.3327  7.81%  94.8 1362s
 19772 12402 10580.5574   44  673 11152.3900 10281.3327  7.81%  94.8 1367s
 19804 12413 10852.6444   70  760 11152.3900 10281.3327  7.81%  94.9 1371s
 19835 12421 10340.1930   31  637 11152.3900 10281.3327  7.81%  94.9 1375s
 19853 12435 10649.1168   43  699 11152.3900 10281.3327  7.81%  95.0 1380s
 19873 12477 10875.4350   57  320 11152.3900 10281.3327  7.81%  95.1 1385s
 19948 12499     cutoff  124      11152.3900 10281.3327  7.81%  95.0 1397s
H20006 11909                    11109.990000 10281.3327  7.46%  95.3 1409s
 20106 11937 10359.4433   33  908 11109.9900 10281.3327  7.46%  95.6 1422s
 20188 12022 10513.9678   33  912 11109.9900 10281.3327  7.46%  95.8 1436s
 20352 12078 10487.6152   45  650 11109.9900 10281.3327  7.46%  95.7 1453s
 20500 12216     cutoff  106      11109.9900 10281.3327  7.46%  95.6 1467s
 20699 12155 10542.6781   48  353 11109.9900 10281.3327  7.46%  95.5 1470s
 20708 12298 10793.4880   80  134 11109.9900 10281.3327  7.46%  95.5 1494s
 20894 12374 10664.2965   66  565 11109.9900 10281.3327  7.46%  95.5 1511s
 21076 12441     cutoff   77      11109.9900 10281.3327  7.46%  95.4 1527s
 21242 12536 10786.9884   77  374 11109.9900 10281.3327  7.46%  95.3 1544s
 21300 12517 11091.6699  128  367 11109.9900 10281.3327  7.46%  95.1 1545s
 21430 12544 10908.8493   50  608 11109.9900 10281.3327  7.46%  95.1 1563s
 21543 12598 10994.7733   61   17 11109.9900 10281.3327  7.46%  95.4 1600s
 21673 12683 infeasible  108      11109.9900 10281.3327  7.46%  95.3 1619s
 21831 12768 10802.8009   51  297 11109.9900 10281.3327  7.46%  95.4 1642s
 22014 12816 10979.6686   90   74 11109.9900 10281.3327  7.46%  95.3 1661s
 22150 12984 11094.3400  101    - 11109.9900 10281.3327  7.46%  95.4 1682s
 22425 13011 infeasible  121      11109.9900 10281.3327  7.46%  94.9 1703s
 22624 13067     cutoff   85      11109.9900 10281.3327  7.46%  95.0 1723s
 22757 13196 10397.1009   46  799 11109.9900 10281.3327  7.46%  95.2 1746s
 22973 13322 10546.9597   35  966 11109.9900 10281.3327  7.46%  95.1 1769s
 23057 13295 10991.5098   81  276 11109.9900 10281.3327  7.46%  95.2 1770s
 23204 13424 infeasible   96      11109.9900 10283.9435  7.44%  95.1 1792s
 23428 13506 11020.6118   94   43 11109.9900 10285.7697  7.42%  95.2 1819s
 23639 13675 10833.6031   45  277 11109.9900 10291.1075  7.37%  95.4 1845s
 23966 13787     cutoff   99      11109.9900 10294.6174  7.34%  95.1 1872s
 24229 13936 10602.0893   49  277 11109.9900 10297.6323  7.31%  95.2 1900s
H24460 13284                    11109.690000 10299.7481  7.29%  95.1 1900s
 24539 13394     cutoff  113      11109.6900 10300.7218  7.28%  95.1 1929s
 24760 13342 11090.1767   59   42 11109.6900 10304.3868  7.25%  95.1 1930s
 24771 13576     cutoff   89      11109.6900 10304.4761  7.25%  95.1 1955s
 25085 13714 11036.4513   56  156 11109.6900 10305.7728  7.24%  95.0 1985s
 25399 13769 10882.4228   50  238 11109.6900 10306.9925  7.23%  94.9 2044s
 25687 13718 11068.4466   98  208 11109.6900 10307.1482  7.22%  95.0 2045s
 25693 13920 11074.6469   80  175 11109.6900 10308.2687  7.21%  95.0 2071s
*25983 13278             100    11101.220000 10309.4701  7.13%  94.8 2072s
*26022 10668              66    10784.190000 10309.4701  4.40%  94.8 2072s
 26044 10674     cutoff   87      10784.1900 10309.6898  4.40%  94.8 2097s
 26243 10730     cutoff   35      10784.1900 10316.0615  4.34%  95.0 2122s
*26346  9819              68    10739.800000 10316.7228  3.94%  95.1 2122s
 26449  9876     cutoff   47      10739.8000 10317.0640  3.94%  95.1 2146s
 26678  9957     cutoff   60      10739.8000 10323.6210  3.88%  95.2 2169s
 26802  9916 10669.3464   62  374 10739.8000 10323.6210  3.88%  95.2 2171s
 26896  9989 10699.1457   68   58 10739.8000 10326.5302  3.85%  95.3 2194s
 27072 10013 10433.3613   42  709 10739.8000 10328.3483  3.83%  95.6 2220s
 27255 10025     cutoff   67      10739.8000 10330.9438  3.81%  95.6 2247s
 27411 10058 10351.5742   35  833 10739.8000 10334.1409  3.78%  95.9 2271s
 27576 10119 10701.8921   52  619 10739.8000 10334.2958  3.78%  96.2 2294s
 27763 10174 10735.8429   54  431 10739.8000 10338.1021  3.74%  96.5 2317s
 27953 10233 10617.8911   47  720 10739.8000 10340.0600  3.72%  96.7 2340s
 28164 10281     cutoff   70      10739.8000 10342.7351  3.70%  96.8 2363s
 28347 10351 10690.3174   43  405 10739.8000 10344.9254  3.68%  97.0 2388s
 28578 10319     cutoff   51      10739.8000 10346.8791  3.66%  97.0 2429s
 28665 10354 10655.6573   56  631 10739.8000 10347.1559  3.66%  97.2 2459s
 28823 10346     cutoff   47      10739.8000 10348.8169  3.64%  97.4 2484s
 28939 10484 10406.2363   45  687 10739.8000 10349.9973  3.63%  97.5 2509s
 29076 10443 10634.4050   60  335 10739.8000 10349.9973  3.63%  97.5 2510s
 29223 10485 infeasible   63      10739.8000 10352.0624  3.61%  97.5 2535s
 29418 10509     cutoff   61      10739.8000 10354.3000  3.59%  97.6 2559s
 29580 10525 10541.7048   42  727 10739.8000 10356.4799  3.57%  97.7 2587s
 29715 10580 10709.9376   51  775 10739.8000 10356.8058  3.57%  97.9 2612s
 29896 10656     cutoff   70      10739.8000 10358.3469  3.55%  98.0 2637s
H30008  9952                    10719.890000 10359.5458  3.36%  98.1 2637s
 30095 10066 10660.0384   51  274 10719.8900 10359.6619  3.36%  98.1 2664s
 30333 10054     cutoff   68      10719.8900 10360.7252  3.35%  98.1 2687s
 30467 10122 10589.8637   49  647 10719.8900 10362.7644  3.33%  98.4 2714s
 30694 10220 10565.5117   41  483 10719.8900 10364.1629  3.32%  98.5 2742s
 30924 10225     cutoff   74      10719.8900 10364.7979  3.31%  98.5 2768s
 31085 10247     cutoff   60      10719.8900 10365.9338  3.30%  98.8 2793s
 31235 10323 10644.3878   46  653 10719.8900 10367.6397  3.29%  99.1 2820s
 31462 10333 10673.9720   53  346 10719.8900 10368.8005  3.28%  99.2 2845s
 31645 10361 10533.8753   43  747 10719.8900 10369.4967  3.27%  99.4 2871s
 31807 10415     cutoff   56      10719.8900 10369.9965  3.26%   100 2901s
 32003 10455 10478.6221   43  779 10719.8900 10372.1147  3.24%   100 2930s
 32178 10467 10711.3724   60  357 10719.8900 10373.0515  3.24%   100 2959s
 32318 10536 10446.6030   39  886 10719.8900 10373.9698  3.23%   100 2986s
 32569 10566 10478.6751   41  940 10719.8900 10374.8419  3.22%   100 3015s
 32755 10641 10641.4700   67    - 10719.8900 10376.6051  3.20%   101 3040s
 32989 10725     cutoff   58      10719.8900 10378.0081  3.19%   101 3068s
 33239 10777 10710.6787   63  504 10719.8900 10379.6589  3.17%   101 3095s
 33514 10789     cutoff   64      10719.8900 10381.5118  3.16%   101 3121s
 33695 10856 10466.8717   55  209 10719.8900 10382.6410  3.15%   101 3146s
 33906 10884     cutoff   72      10719.8900 10383.7490  3.14%   101 3174s
 34088 10942 10554.7507   43  683 10719.8900 10385.7651  3.12%   101 3199s
 34213 10901     cutoff   57      10719.8900 10385.9873  3.11%   101 3200s
 34304 11010 infeasible   65      10719.8900 10386.1156  3.11%   101 3227s
 34555 11079     cutoff   68      10719.8900 10387.8669  3.10%   101 3254s
 34618 11058 10713.3527   72    7 10719.8900 10387.8669  3.10%   101 3255s
 34795 11113     cutoff   74      10719.8900 10388.4158  3.09%   101 3281s
 35011 11167 10632.9802   74   50 10719.8900 10389.2214  3.08%   101 3307s
 35210 11184 10648.1841   76  131 10719.8900 10390.1008  3.08%   102 3339s
 35412 11186 10660.6572   52  516 10719.8900 10390.6948  3.07%   102 3364s
 35497 11157     cutoff   50      10719.8900 10391.2613  3.07%   102 3365s
 35563 11249 10626.2747   43  661 10719.8900 10391.4193  3.06%   102 3391s
 35783 11274 10516.2275   48  744 10719.8900 10392.4869  3.05%   102 3418s
 36014 11334 10639.9848   48  346 10719.8900 10393.0754  3.05%   102 3447s
 36267 11356     cutoff   66      10719.8900 10393.8478  3.04%   102 3476s
 36443 11427 10572.7141   39  372 10719.8900 10394.3160  3.04%   102 3503s
 36692 11483 infeasible   68      10719.8900 10394.7486  3.03%   102 3528s
 36957 11465 10712.6422   67  379 10719.8900 10396.4733  3.02%   102 3553s
 37177 11439     cutoff   52      10719.8900 10398.0535  3.00%   102 3578s
 37268 11482 10553.2784   45  693 10719.8900 10398.6985  3.00%   102 3600s

Cutting planes:
  User: 6197
  Gomory: 11
  Cover: 134
  Implied bound: 29
  Clique: 16
  MIR: 66
  StrongCG: 2
  Flow cover: 185
  Inf proof: 1
  Zero half: 20
  RLT: 115
  Relax-and-lift: 1
  Lazy constraints: 3993

Explored 37429 nodes (3834734 simplex iterations) in 3600.52 seconds
Thread count was 2 (of 32 available processors)

Solution count 10: 10719.9 10739.8 10784.2 ... 11487.2

Time limit reached
Best objective 1.071989000000e+04, best bound 1.039905490125e+04, gap 2.9929%

User-callback calls 263192, time in user-callback 212.65 sec
================================================================================
executing instance: ./input/Instances/Original/3/absH3high_5n20.dat
--------------------------------------------------------------------------------
Instance details
n	21
H	3
C	1734
Li:
[0, 0, 0, 0, 0, 0, 0, 0, 0, 0, 0, 0, 0, 0, 0, 0, 0, 0, 0, 0, 0, ]
Ui:
[0, 40, 237, 68, 194, 144, 207, 114, 118, 207, 120, 72, 128, 48, 102, 237, 261, 135, 84, 184, 142, ]
Distance matrix:
|0	408	254	408	305	286	284	573	384	380	400	384	552	461	243	577	274	285	345	92	431	|
|408	0	189	21	111	218	178	168	182	283	211	86	158	222	191	168	136	320	219	318	87	|
|254	189	0	198	81	230	31	354	276	174	157	136	307	348	158	348	110	313	275	180	183	|
|408	21	198	0	118	204	190	165	163	302	230	105	169	202	184	170	134	306	202	317	107	|
|305	111	81	118	0	188	80	278	209	221	172	86	247	276	129	276	61	285	220	218	130	|
|286	218	230	204	188	0	249	342	102	401	360	260	373	176	73	360	128	103	60	202	290	|
|284	178	31	190	80	249	0	339	286	151	127	114	284	355	180	330	124	337	290	211	160	|
|573	168	354	165	278	342	339	0	262	411	330	229	118	248	342	37	298	434	316	482	194	|
|384	182	276	163	209	102	286	262	0	429	372	252	319	79	149	287	167	174	55	297	268	|
|380	283	174	302	221	401	151	411	429	0	82	197	318	491	331	390	274	488	439	331	219	|
|400	211	157	230	172	360	127	330	372	82	0	125	237	427	297	308	232	455	390	335	139	|
|384	86	136	105	86	260	114	229	252	197	125	0	171	303	210	217	143	361	278	301	47	|
|552	158	307	169	247	373	284	118	319	318	237	171	0	331	349	84	289	474	366	465	124	|
|461	222	348	202	276	176	355	248	79	491	427	303	331	0	228	279	241	226	119	375	308	|
|243	191	158	184	129	73	180	342	149	331	297	210	349	228	0	352	68	159	127	152	248	|
|577	168	348	170	276	360	330	37	287	390	308	217	84	279	352	0	303	455	339	486	177	|
|274	136	110	134	61	128	124	298	167	274	232	143	289	241	68	303	0	224	166	183	182	|
|285	320	313	306	285	103	337	434	174	488	455	361	474	226	159	455	224	0	119	224	393	|
|345	219	275	202	220	60	290	316	55	439	390	278	366	119	127	339	166	119	0	262	301	|
|92	318	180	317	218	202	211	482	297	331	335	301	465	375	152	486	183	224	262	0	347	|
|431	87	183	107	130	290	160	194	268	219	139	47	124	308	248	177	182	393	301	347	0	|

--------------------------------------------------------------------------------
Building model...
	using lazy and cut (CVRPSEP package)
Solving IRP LP...
--------------------------------------------------------------------------------

Gurobi 9.1.0 (linux64) logging started Sun Feb  7 16:17:06 2021

Gurobi Optimizer version 9.1.0 build v9.1.0rc0 (linux64)
Thread count: 32 physical cores, 32 logical processors, using up to 2 threads
Optimize a model with 525 rows, 1590 columns and 4158 nonzeros
Model fingerprint: 0xc3fe2ae7
Variable types: 204 continuous, 1386 integer (126 binary)
Coefficient statistics:
  Matrix range     [1e+00, 9e+02]
  Objective range  [2e-01, 6e+02]
  Bounds range     [1e+00, 3e+02]
  RHS range        [1e+00, 3e+03]
Presolve removed 177 rows and 151 columns
Presolve time: 0.05s
Presolved: 348 rows, 1439 columns, 3511 nonzeros
Variable types: 116 continuous, 1323 integer (1206 binary)

Root relaxation: objective 6.990152e+03, 389 iterations, 0.01 seconds

    Nodes    |    Current Node    |     Objective Bounds      |     Work
 Expl Unexpl |  Obj  Depth IntInf | Incumbent    BestBd   Gap | It/Node Time

     0     0 6990.15180    0   59          - 6990.15180      -     -    0s
     0     0 7448.39060    0   80          - 7448.39060      -     -    0s
     0     0 7801.82970    0  112          - 7801.82970      -     -    0s
     0     0 7813.41968    0  114          - 7813.41968      -     -    0s
     0     0 7818.29599    0  116          - 7818.29599      -     -    0s
