




arguments: ./build/bc_mirp -f ./input/orig_exec_12.cfg
Current dir: /scratch/gui/bc_mirp
File verbosity level: 9
date       time         ( uptime  ) [ thread name/id ]                   file:line     v| 
2021-02-06 12:14:46.361 (   0.088s) [main thread     ]             loguru.cpp:789   INFO| Logging to './output/vi_vc+lex_quarter/OU/V2/Original/execution_06_02_2021_12_14_46.log', mode: 'a', verbosity: 9
--------------------------------------------------------------------------------
Parameters
                           instance_path           ./input/Instances/Original/1/
                            model_policy                                       1
                             nb_vehicles                                       2
                              output_dir./output/vi_vc+lex_quarter/OU/V2/Original/
                            sec_strategy                                       1
                       solver_nb_threads                                       2
                         solver_show_log                                    true
                       solver_time_limit                                    3600
                              use_vi_cos                                   false
                              use_vi_cus                                   false
                         use_vi_hc1_full                                   false
                         use_vi_hc1_half                                   false
                      use_vi_hc1_quarter                                   false
                              use_vi_hc2                                   false
                              use_vi_hc3                                   false
                         use_vi_lex_full                                   false
                         use_vi_lex_half                                   false
                      use_vi_lex_quarter                                    true
                              use_vi_qua                                   false
                               use_vi_vc                                    true
                               use_vi_vr                                   false
--------------------------------------------------------------------------------
executing instance: ./input/Instances/Original/1/absH3high_1n5.dat
--------------------------------------------------------------------------------
Instance details
n	6
H	3
C	289
Li:
[0, 0, 0, 0, 0, 0, ]
Ui:
[0, 195, 105, 116, 72, 22, ]
Distance matrix:
|0	85	349	17	203	289	|
|85	0	265	102	214	226	|
|349	265	0	366	368	238	|
|17	102	366	0	207	302	|
|203	214	368	207	0	431	|
|289	226	238	302	431	0	|

--------------------------------------------------------------------------------
Building model...
	using lazy and cut (CVRPSEP package)
Solving IRP LP...
--------------------------------------------------------------------------------

Gurobi 9.1.0 (linux64) logging started Sat Feb  6 12:14:46 2021

Gurobi Optimizer version 9.1.0 build v9.1.0rc0 (linux64)
Thread count: 32 physical cores, 32 logical processors, using up to 2 threads
Optimize a model with 150 rows, 180 columns and 609 nonzeros
Model fingerprint: 0x0d334ffc
Variable types: 54 continuous, 126 integer (36 binary)
Coefficient statistics:
  Matrix range     [1e+00, 2e+02]
  Objective range  [2e-01, 4e+02]
  Bounds range     [1e+00, 2e+02]
  RHS range        [1e+00, 5e+02]
Presolve removed 48 rows and 22 columns
Presolve time: 0.01s
Presolved: 102 rows, 158 columns, 484 nonzeros
Variable types: 32 continuous, 126 integer (96 binary)
Found heuristic solution: objective 2806.2700000

Root relaxation: objective 1.636437e+03, 110 iterations, 0.00 seconds

    Nodes    |    Current Node    |     Objective Bounds      |     Work
 Expl Unexpl |  Obj  Depth IntInf | Incumbent    BestBd   Gap | It/Node Time

     0     0 1636.43659    0   17 2806.27000 1636.43659  41.7%     -    0s
     0     0 1762.23948    0   19 2806.27000 1762.23948  37.2%     -    0s
     0     0 2025.14367    0   26 2806.27000 2025.14367  27.8%     -    0s
     0     0 2034.84316    0   30 2806.27000 2034.84316  27.5%     -    0s
     0     0 2036.31369    0   31 2806.27000 2036.31369  27.4%     -    0s
     0     0 2159.66066    0   34 2806.27000 2159.66066  23.0%     -    0s
H    0     0                    2801.2300000 2159.66066  22.9%     -    0s
     0     0 2168.64161    0   40 2801.23000 2168.64161  22.6%     -    0s
     0     0 2172.38829    0   52 2801.23000 2172.38829  22.4%     -    0s
H    0     0                    2714.4600000 2172.38829  20.0%     -    0s
     0     0 2179.48469    0   45 2714.46000 2179.48469  19.7%     -    0s
     0     0 2179.48469    0   46 2714.46000 2179.48469  19.7%     -    0s
     0     0 2182.60965    0   49 2714.46000 2182.60965  19.6%     -    0s
H    0     0                    2302.3500000 2182.60965  5.20%     -    0s
     0     0 2183.29450    0   43 2302.35000 2183.29450  5.17%     -    0s
     0     0 2183.29450    0   42 2302.35000 2183.29450  5.17%     -    0s
     0     0 2184.89201    0   50 2302.35000 2184.89201  5.10%     -    0s
     0     0 2184.93567    0   41 2302.35000 2184.93567  5.10%     -    0s
     0     0 2184.93567    0   41 2302.35000 2184.93567  5.10%     -    0s
H    0     0                    2297.8000000 2184.93567  4.91%     -    0s
H    0     0                    2266.6100000 2184.93567  3.60%     -    0s
     0     0 2214.90313    0   18 2266.61000 2214.90313  2.28%     -    0s
     0     0 2214.90313    0   20 2266.61000 2214.90313  2.28%     -    0s
     0     0 2226.89470    0   40 2266.61000 2226.89470  1.75%     -    0s
     0     0 2235.06520    0   34 2266.61000 2235.06520  1.39%     -    0s
     0     0 2235.26628    0   35 2266.61000 2235.26628  1.38%     -    0s
     0     0 2235.28234    0   36 2266.61000 2235.28234  1.38%     -    0s
     0     0 2236.70583    0   39 2266.61000 2236.70583  1.32%     -    0s
     0     0 2237.23419    0   39 2266.61000 2237.23419  1.30%     -    0s
     0     0 2244.43093    0   34 2266.61000 2244.43093  0.98%     -    0s
     0     0 2244.72289    0   34 2266.61000 2244.72289  0.97%     -    0s
     0     0 2245.34367    0   35 2266.61000 2245.34367  0.94%     -    0s
     0     0 2245.37781    0   35 2266.61000 2245.37781  0.94%     -    0s
     0     0 2245.91071    0   35 2266.61000 2245.91071  0.91%     -    0s
     0     0     cutoff    0      2266.61000 2266.61000  0.00%     -    0s

Cutting planes:
  Gomory: 1
  Cover: 9
  Implied bound: 3
  MIR: 14
  Flow cover: 8
  GUB cover: 2
  Zero half: 1
  RLT: 1
  Relax-and-lift: 5

Explored 1 nodes (705 simplex iterations) in 0.16 seconds
Thread count was 2 (of 32 available processors)

Solution count 6: 2266.61 2297.8 2302.35 ... 2806.27

Optimal solution found (tolerance 1.00e-04)
Best objective 2.266610000000e+03, best bound 2.266610000000e+03, gap 0.0000%

User-callback calls 272, time in user-callback 0.01 sec
================================================================================
executing instance: ./input/Instances/Original/1/absH3high_1n45.dat
--------------------------------------------------------------------------------
Instance details
n	46
H	3
C	3462
Li:
[0, 0, 0, 0, 0, 0, 0, 0, 0, 0, 0, 0, 0, 0, 0, 0, 0, 0, 0, 0, 0, 0, 0, 0, 0, 0, 0, 0, 0, 0, 0, 0, 0, 0, 0, 0, 0, 0, 0, 0, 0, 0, 0, 0, 0, 0, ]
Ui:
[0, 273, 270, 36, 165, 192, 148, 45, 30, 75, 180, 198, 112, 117, 90, 64, 180, 22, 264, 174, 168, 270, 86, 66, 26, 66, 237, 156, 92, 108, 144, 72, 30, 45, 94, 54, 174, 96, 198, 136, 44, 180, 210, 249, 198, 48, ]
Distance matrix:
|0	281	201	160	249	201	93	431	236	139	252	136	116	166	390	110	349	374	303	180	327	464	236	70	44	461	346	439	363	254	312	426	305	206	71	137	169	200	247	260	20	219	256	253	460	278	|
|281	0	448	170	53	142	338	184	121	290	371	390	222	302	111	289	169	434	230	177	238	441	59	212	319	211	86	235	399	306	53	176	99	202	263	157	361	101	370	201	264	344	364	374	469	184	|
|201	448	0	285	430	325	114	556	361	171	191	64	228	174	546	294	453	306	364	289	388	435	393	254	157	585	491	536	318	254	490	554	436	407	266	292	108	388	186	337	207	181	205	190	408	364	|
|160	170	285	0	169	43	182	280	80	120	208	231	58	132	262	230	190	294	151	24	174	345	112	107	183	309	207	280	268	158	219	276	155	235	187	45	192	150	205	107	140	177	202	210	356	119	|
|249	53	430	169	0	152	317	238	145	282	377	369	212	299	157	242	215	452	261	183	273	474	76	181	290	264	140	287	421	320	63	229	145	148	221	142	352	53	374	226	234	346	370	378	498	215	|
|201	142	325	43	152	0	224	237	37	156	230	273	101	164	224	261	148	300	127	38	147	333	83	142	225	266	167	238	270	168	193	233	112	246	221	70	228	148	228	84	180	202	222	232	351	87	|
|93	338	114	182	317	224	0	460	262	92	180	52	124	112	440	199	364	307	292	191	317	415	284	140	57	490	387	452	304	208	377	457	336	297	163	181	84	274	175	256	95	152	188	180	402	280	|
|431	184	556	280	238	237	460	0	199	385	420	508	337	385	108	464	110	429	219	269	206	378	202	365	460	30	98	84	388	340	204	9	126	386	432	294	453	283	421	226	411	404	408	423	422	198	|
|236	121	361	80	145	37	262	199	0	191	255	310	138	197	191	290	114	312	118	72	133	330	69	175	262	229	132	204	279	186	174	195	75	258	251	102	262	153	254	81	216	230	246	257	353	72	|
|139	290	171	120	282	156	92	385	191	0	116	129	71	27	380	246	283	235	201	119	226	329	231	141	129	414	323	367	224	119	336	383	266	308	202	141	72	252	112	169	127	82	118	117	322	195	|
|252	371	191	208	377	230	180	420	255	116	0	187	178	90	443	361	311	127	204	195	224	246	313	257	232	446	382	380	129	81	423	421	320	422	318	242	100	355	5	195	241	34	15	2	225	224	|
|136	390	64	231	369	273	52	508	310	129	187	0	173	141	491	233	409	313	330	239	355	431	335	191	93	538	438	495	316	233	429	505	385	342	203	233	88	325	182	297	143	167	199	187	412	323	|
|116	222	228	58	212	101	124	337	138	71	178	173	0	91	319	206	244	284	187	69	212	357	165	85	130	367	265	333	264	151	267	333	213	244	161	70	140	181	175	145	97	145	177	180	359	165	|
|166	302	174	132	299	164	112	385	197	27	90	141	91	0	388	273	280	208	191	127	215	305	243	167	153	413	329	361	198	96	351	383	270	333	229	159	68	272	86	163	153	56	92	91	296	190	|
|390	111	546	262	157	224	440	108	191	380	443	491	319	388	0	399	164	480	264	261	261	456	156	320	426	125	62	186	442	369	107	99	125	300	374	260	452	210	443	252	372	420	433	446	494	227	|
|110	289	294	230	242	261	199	464	290	246	361	233	206	273	399	0	402	480	382	254	404	562	262	124	143	493	369	490	466	355	302	457	344	135	45	191	279	189	356	337	120	328	364	362	563	348	|
|349	169	453	190	215	148	364	110	114	283	311	409	244	280	164	402	0	324	110	174	101	292	151	289	372	135	109	90	284	230	212	111	70	354	364	216	348	245	312	118	329	295	298	313	330	90	|
|374	434	306	294	452	300	307	429	312	235	127	313	284	208	480	480	324	0	216	274	223	137	380	368	357	448	419	367	40	136	487	432	358	525	436	336	227	443	132	234	361	156	119	127	102	255	|
|303	230	364	151	261	127	292	219	118	201	204	330	187	191	264	382	110	216	0	128	25	213	185	258	314	243	203	176	178	123	282	221	144	372	338	193	256	270	206	45	283	193	191	206	239	46	|
|180	177	289	24	183	38	191	269	72	119	195	239	69	127	261	254	174	274	128	0	151	321	118	130	198	299	204	263	246	139	228	266	147	258	211	68	191	169	193	83	159	166	188	197	333	98	|
|327	238	388	174	273	147	317	206	133	226	224	355	212	215	261	404	101	223	25	151	0	203	198	281	339	228	202	156	184	143	288	209	146	390	362	215	280	286	226	68	308	215	210	226	235	61	|
|464	441	435	345	474	333	415	378	330	329	246	431	357	305	456	562	292	137	213	321	203	0	398	440	458	390	400	301	117	211	492	384	348	578	517	389	344	480	251	251	448	265	233	246	54	259	|
|236	59	393	112	76	83	284	202	69	231	313	335	165	243	156	262	151	380	185	118	198	398	0	167	270	231	110	233	347	250	110	195	85	203	230	103	303	95	311	150	217	284	305	315	422	139	|
|70	212	254	107	181	142	140	365	175	141	257	191	85	167	320	124	289	368	258	130	281	440	167	0	109	394	277	378	349	236	244	359	239	167	81	73	196	135	253	213	53	223	257	258	444	226	|
|44	319	157	183	290	225	57	460	262	129	232	93	130	153	426	143	372	357	314	198	339	458	270	109	0	490	379	462	351	247	353	456	334	250	110	168	140	243	226	274	56	201	238	232	449	294	|
|461	211	585	309	264	266	490	30	229	414	446	538	367	413	125	493	135	448	243	299	228	390	231	394	490	0	125	89	408	365	226	36	156	412	462	324	481	311	447	253	441	430	433	448	436	225	|
|346	86	491	207	140	167	387	98	132	323	382	438	265	329	62	369	109	419	203	204	202	400	110	277	379	125	0	155	381	307	113	90	63	288	339	211	394	186	382	190	327	359	371	384	436	165	|
|439	235	536	280	287	238	452	84	204	367	380	495	333	361	186	490	90	367	176	263	156	301	233	378	462	89	155	0	326	299	267	92	148	432	454	306	429	325	382	199	419	369	366	382	348	172	|
|363	399	318	268	421	270	304	388	279	224	129	316	264	198	442	466	284	40	178	246	184	117	347	349	351	408	381	326	0	113	452	391	321	502	422	311	229	415	134	199	348	152	118	130	98	219	|
|254	306	254	158	320	168	208	340	186	119	81	233	151	96	369	355	230	136	123	139	143	211	250	236	247	365	307	299	113	0	359	340	244	390	310	200	148	308	83	117	238	74	68	83	208	145	|
|312	53	490	219	63	193	377	204	174	336	423	429	267	351	107	302	212	487	282	228	288	492	110	244	353	226	113	267	452	359	0	195	145	194	283	199	407	115	421	254	296	394	415	425	521	237	|
|426	176	554	276	229	233	457	9	195	383	421	505	333	383	99	457	111	432	221	266	209	384	195	359	456	36	90	92	391	340	195	0	122	378	426	289	451	275	421	226	406	404	408	423	427	197	|
|305	99	436	155	145	112	336	126	75	266	320	385	213	270	125	344	70	358	144	147	146	348	85	239	334	156	63	148	321	244	145	122	0	286	310	168	336	177	320	128	285	298	309	322	381	103	|
|206	202	407	235	148	246	297	386	258	308	422	342	244	333	300	135	354	525	372	258	390	578	203	167	250	412	288	432	502	390	194	378	286	0	144	191	362	109	418	329	202	388	421	423	591	329	|
|71	263	266	187	221	221	163	432	251	202	318	203	161	229	374	45	364	436	338	211	362	517	230	81	110	462	339	454	422	310	283	426	310	144	0	150	239	168	313	294	77	285	321	319	518	306	|
|137	157	292	45	142	70	181	294	102	141	242	233	70	159	260	191	216	336	193	68	215	389	103	73	168	324	211	306	311	200	199	289	168	191	150	0	210	113	239	148	117	210	238	244	400	157	|
|169	361	108	192	352	228	84	453	262	72	100	88	140	68	452	279	348	227	256	191	280	344	303	196	140	481	394	429	229	148	407	451	336	362	239	210	0	318	95	231	164	79	111	100	325	258	|
|200	101	388	150	53	148	274	283	153	252	355	325	181	272	210	189	245	443	270	169	286	480	95	135	243	311	186	325	415	308	115	275	177	109	168	113	318	0	352	230	187	323	351	357	498	225	|
|247	370	186	205	374	228	175	421	254	112	5	182	175	86	443	356	312	132	206	193	226	251	311	253	226	447	382	382	134	83	421	421	320	418	313	239	95	352	0	196	237	30	19	6	230	224	|
|260	201	337	107	226	84	256	226	81	169	195	297	145	163	252	337	118	234	45	83	68	251	150	213	274	253	190	199	199	117	254	226	128	329	294	148	231	230	196	0	240	178	184	198	272	29	|
|20	264	207	140	234	180	95	411	216	127	241	143	97	153	372	120	329	361	283	159	308	448	217	53	56	441	327	419	348	238	296	406	285	202	77	117	164	187	237	240	0	208	245	242	446	257	|
|219	344	181	177	346	202	152	404	230	82	34	167	145	56	420	328	295	156	193	166	215	265	284	223	201	430	359	369	152	74	394	404	298	388	285	210	79	323	30	178	208	0	37	35	250	206	|
|256	364	205	202	370	222	188	408	246	118	15	199	177	92	433	364	298	119	191	188	210	233	305	257	238	433	371	366	118	68	415	408	309	421	321	238	111	351	19	184	245	37	0	17	214	212	|
|253	374	190	210	378	232	180	423	257	117	2	187	180	91	446	362	313	127	206	197	226	246	315	258	232	448	384	382	130	83	425	423	322	423	319	244	100	357	6	198	242	35	17	0	225	226	|
|460	469	408	356	498	351	402	422	353	322	225	412	359	296	494	563	330	102	239	333	235	54	422	444	449	436	436	348	98	208	521	427	381	591	518	400	325	498	230	272	446	250	214	225	0	285	|
|278	184	364	119	215	87	280	198	72	195	224	323	165	190	227	348	90	255	46	98	61	259	139	226	294	225	165	172	219	145	237	197	103	329	306	157	258	225	224	29	257	206	212	226	285	0	|

--------------------------------------------------------------------------------
Building model...
	using lazy and cut (CVRPSEP package)
Solving IRP LP...
--------------------------------------------------------------------------------

Gurobi 9.1.0 (linux64) logging started Sat Feb  6 12:14:46 2021

Gurobi Optimizer version 9.1.0 build v9.1.0rc0 (linux64)
Thread count: 32 physical cores, 32 logical processors, using up to 2 threads
Optimize a model with 1150 rows, 6940 columns and 16069 nonzeros
Model fingerprint: 0xe44a99ce
Variable types: 454 continuous, 6486 integer (276 binary)
Coefficient statistics:
  Matrix range     [1e+00, 2e+03]
  Objective range  [1e-01, 6e+02]
  Bounds range     [1e+00, 3e+02]
  RHS range        [1e+00, 6e+03]
Presolve removed 277 rows and 180 columns
Presolve time: 0.09s
Presolved: 873 rows, 6760 columns, 14983 nonzeros
Variable types: 316 continuous, 6444 integer (6174 binary)

Root relaxation: objective 1.302212e+04, 630 iterations, 0.01 seconds

    Nodes    |    Current Node    |     Objective Bounds      |     Work
 Expl Unexpl |  Obj  Depth IntInf | Incumbent    BestBd   Gap | It/Node Time

     0     0 13022.1222    0  113          - 13022.1222      -     -    0s
     0     0 13427.4541    0  121          - 13427.4541      -     -    0s
     0     0 13430.7836    0  118          - 13430.7836      -     -    0s
     0     0 13436.4947    0  129          - 13436.4947      -     -    0s
     0     0 13913.2234    0  183          - 13913.2234      -     -    0s
     0     0 13959.6320    0  139          - 13959.6320      -     -    0s
     0     0 14015.4670    0  174          - 14015.4670      -     -    0s
     0     0 14021.4809    0  173          - 14021.4809      -     -    0s
     0     0 14024.2123    0  188          - 14024.2123      -     -    0s
     0     0 14038.0139    0  214          - 14038.0139      -     -    0s
     0     0 14046.1938    0  180          - 14046.1938      -     -    0s
     0     0 14046.2473    0  181          - 14046.2473      -     -    0s
     0     0 14135.8267    0  201          - 14135.8267      -     -    0s
     0     0 14154.2548    0  180          - 14154.2548      -     -    0s
     0     0 14156.2951    0  180          - 14156.2951      -     -    0s
     0     0 14157.8441    0  216          - 14157.8441      -     -    1s
     0     0 14158.6194    0  234          - 14158.6194      -     -    1s
     0     0 14228.0302    0  281          - 14228.0302      -     -    1s
     0     0 14245.5052    0  299          - 14245.5052      -     -    1s
     0     0 14246.8734    0  288          - 14246.8734      -     -    1s
     0     0 14265.9858    0  277          - 14265.9858      -     -    1s
     0     0 14274.0828    0  287          - 14274.0828      -     -    1s
     0     0 14275.8580    0  299          - 14275.8580      -     -    1s
     0     0 14287.8702    0  241          - 14287.8702      -     -    1s
     0     0 14294.9467    0  258          - 14294.9467      -     -    1s
     0     0 14295.5132    0  326          - 14295.5132      -     -    1s
     0     0 14306.0157    0  254          - 14306.0157      -     -    1s
     0     0 14310.2940    0  263          - 14310.2940      -     -    2s
     0     2 14318.2178    0  304          - 14318.2178      -     -    2s
    68    75 14521.8771   19  220          - 14342.3911      -   196    5s
   371   394 15205.6443   82  130          - 14342.3911      -  96.9   10s
   622   608 14538.9795   13  105          - 14346.6553      -  80.7   15s
   737   707 14619.4316   29  406          - 14395.2227      -  82.2   20s
   757   721 16430.2200  179  416          - 14432.9274      -  80.0   25s
   764   728 14440.2989   14  349          - 14440.2989      -  89.2   30s
   800   754 14534.3005   24  208          - 14466.5322      -   102   35s
   879   811 14962.8558   46   49          - 14466.5322      -   114   40s
  1022   915 15784.4206  106   42          - 14466.5322      -   111   45s
* 1058   873             121    15914.940000 14466.5322  9.10%   110   45s
H 1068   806                    15791.990000 14466.5322  8.39%   109   49s
  1092   805 14495.6377   17  367 15791.9900 14467.0485  8.39%   108   50s
  1164   856 14598.1748   24  297 15791.9900 14467.0485  8.39%   112   55s
  1216   877 14921.6589   32  170 15791.9900 14467.0485  8.39%   116   60s
  1282   939 15007.7131   56   32 15791.9900 14467.0485  8.39%   119   66s
  1342   959 14769.5175   35  144 15791.9900 14467.0485  8.39%   119   70s
  1405  1035 15307.3973  100   44 15791.9900 14467.0485  8.39%   119   75s
  1513  1071     cutoff  140      15791.9900 14467.0485  8.39%   115   80s
  1643  1134 14727.5465   22  329 15791.9900 14475.6968  8.34%   112   90s
  1768  1287 14811.5895   28  287 15791.9900 14475.6968  8.34%   108   95s
* 1949  1137             281    15453.770000 14475.6968  6.33%   101   99s
  2004  1146 14989.4445   56   87 15453.7700 14475.6968  6.33%  99.0  102s
  2136  1175 15311.0594  125   14 15453.7700 14475.6968  6.33%  95.8  105s
  2225  1274 14972.6132   42  140 15453.7700 14484.2556  6.27%  97.4  111s
  2384  1345 14626.0611   27  278 15453.7700 14486.4661  6.26%  95.2  117s
  2487  1362 14790.0952   40  286 15453.7700 14486.4661  6.26%  94.0  120s
  2620  1377 14716.7438   18  248 15453.7700 14494.4486  6.21%  93.5  125s
  2716  1529 14969.2565   40  127 15453.7700 14494.4486  6.21%  97.3  133s
  2791  1667 15197.9828   60   42 15453.7700 14494.4486  6.21%  97.5  136s
  2973  1683 15393.6103  102   30 15453.7700 14496.6794  6.19%  94.0  140s
  3042  1772 15054.7009   47  136 15453.7700 14496.6960  6.19%  96.4  146s
  3144  1846 14994.8277   30  196 15453.7700 14507.9942  6.12%  97.7  152s
  3208  1876 14599.7496   23  357 15453.7700 14507.9942  6.12%  98.5  156s
  3294  1962 15410.2650   64   28 15453.7700 14510.0293  6.11%   100  162s
  3344  2018 14773.0433   27  276 15453.7700 14510.0293  6.11%   101  166s
  3414  2078 15111.9559   41   70 15453.7700 14510.0293  6.11%   102  170s
  3547  2202 14953.4465   35  235 15453.7700 14522.1329  6.03%   103  178s
  3641  2242     cutoff   74      15453.7700 14522.3908  6.03%   104  182s
  3703  2324 14920.5099   43  254 15453.7700 14523.7890  6.02%   105  187s
  3802  2376 14816.7601   26  161 15453.7700 14526.5204  6.00%   105  192s
  3851  2428 15016.9994   32  197 15453.7700 14526.5204  6.00%   106  196s
  3936  2435     cutoff   50      15453.7700 14527.6420  5.99%   107  202s
  3951  2523 14604.3592   24  315 15453.7700 14527.6420  5.99%   108  206s
  4051  2602 15298.2993   86   16 15453.7700 14529.0937  5.98%   108  212s
  4148  2701 14844.2890   36  318 15453.7700 14529.3856  5.98%   108  217s
  4267  2817 14791.6830   33  291 15453.7700 14530.6773  5.97%   108  224s
  4416  2901     cutoff   96      15453.7700 14534.2195  5.95%   107  230s
  4500  2997 14932.4856   40  279 15453.7700 14534.3169  5.95%   108  236s
  4619  3091 14743.3772   34  272 15453.7700 14535.2102  5.94%   108  242s
  4735  3167 14836.7302   25  225 15453.7700 14536.7334  5.93%   108  249s
  4802  3167 15137.3248   31   83 15453.7700 14536.7334  5.93%   110  250s
  4811  3256 15092.2692   39   98 15453.7700 14537.6708  5.93%   110  256s
  4967  3332 14811.0473   33  201 15453.7700 14539.1255  5.92%   110  263s
  5060  3408     cutoff   66      15453.7700 14545.7492  5.88%   111  270s
  5176  3500     cutoff   57      15453.7700 14549.7063  5.85%   111  278s
  5296  3614     cutoff   69      15453.7700 14551.9266  5.84%   112  286s
  5440  3775     cutoff   86      15453.7700 14554.1320  5.82%   113  295s
  5620  3920 15320.8207   86   41 15453.7700 14555.0327  5.82%   113  304s
  5786  3922 15043.4536   72   22 15453.7700 14556.9256  5.80%   113  305s
  5805  4144 14860.0785   43   34 15453.7700 14557.3925  5.80%   112  315s
  6068  4257     cutoff  110      15453.7700 14562.4186  5.77%   110  326s
H 6069  3854                    15349.290000 14562.4186  5.13%   110  326s
  6222  3935 14824.8589   38  117 15349.2900 14565.0798  5.11%   110  334s
  6274  3935 15149.1711   90   59 15349.2900 14565.0798  5.11%   110  335s
  6355  4115 14903.1388   43  147 15349.2900 14568.4183  5.09%   111  343s
  6543  4123 15115.7000   93    - 15349.2900 14569.9148  5.08%   110  345s
  6571  4212     cutoff   93      15349.2900 14569.9444  5.08%   110  353s
  6671  4369 14942.1245   70   15 15349.2900 14571.7947  5.07%   111  362s
  6850  4456 15114.6942   52  152 15349.2900 14572.4781  5.06%   111  371s
  6957  4573 15175.1195   47  182 15349.2900 14573.0629  5.06%   111  380s
  7097  4650 14644.4848   21  335 15349.2900 14576.1256  5.04%   111  389s
  7152  4650 15140.4040   39  260 15349.2900 14576.1256  5.04%   112  390s
  7202  4719 15140.6328   40  267 15349.2900 14577.3403  5.03%   112  398s
  7279  4849 14630.5322   26  390 15349.2900 14577.6448  5.03%   114  409s
  7419  4849 15189.3309   90   35 15349.2900 14579.0862  5.02%   115  410s
  7465  4956 15123.0591   28  292 15349.2900 14579.4324  5.02%   114  419s
  7605  5024 15038.2877   35  259 15349.2900 14580.3809  5.01%   115  429s
  7709  5128 14914.5605   26  365 15349.2900 14581.5823  5.00%   117  438s
  7847  5263 15056.9502   42  196 15349.2900 14581.6985  5.00%   118  450s
  8043  5362 14908.5134   31  294 15349.2900 14582.3373  5.00%   117  460s
  8169  5464 14723.9144   26  369 15349.2900 14584.3706  4.98%   118  471s
  8305  5552     cutoff   57      15349.2900 14584.6746  4.98%   119  482s
  8427  5627 14842.3410   22  396 15349.2900 14586.3991  4.97%   120  492s
  8502  5741 15114.3557   39  104 15349.2900 14586.5213  4.97%   121  504s
  8625  5741 15234.9292   43  140 15349.2900 14586.7962  4.97%   122  505s
  8683  5827 14897.7594   43  166 15349.2900 14587.5400  4.96%   122  516s
H 8757  3738                    15135.490000 14587.7444  3.62%   122  516s
  8788  3766 15090.9451   25  261 15135.4900 14587.9363  3.62%   122  526s
  8887  3872 14842.8737   28  220 15135.4900 14589.9957  3.60%   123  536s
  9030  4003 14774.9002   35  229 15135.4900 14592.7056  3.59%   124  548s
  9196  4129 14704.1657   23  381 15135.4900 14594.9690  3.57%   125  559s
  9228  4129 14997.8348   39   91 15135.4900 14594.9690  3.57%   125  560s
  9361  4220 14947.0990   44  178 15135.4900 14598.3975  3.55%   125  570s
  9497  4329 14944.8352   34  258 15135.4900 14598.7728  3.55%   126  582s
  9675  4439 15098.5695   37  207 15135.4900 14603.0309  3.52%   126  593s
  9833  4453 14693.7279   26  321 15135.4900 14604.1987  3.51%   127  634s
  9847  4545 14785.9663   33  268 15135.4900 14604.3417  3.51%   127  645s
  9980  4642 14977.9666   60  180 15135.4900 14604.5965  3.51%   128  658s
 10142  4761 14911.6970   42  215 15135.4900 14606.7005  3.49%   129  671s
 10324  4884 14807.3938   31  203 15135.4900 14607.4953  3.49%   130  683s
 10511  4887 15118.0333   40   97 15135.4900 14609.4898  3.48%   130  685s
 10519  5006     cutoff   82      15135.4900 14612.7475  3.45%   130  696s
 10691  5109 15106.1066   38  288 15135.4900 14616.5515  3.43%   131  708s
 10842  5186 15034.8959   47   80 15135.4900 14617.6692  3.42%   131  720s
 10978  5315 14855.9924   33  260 15135.4900 14619.4016  3.41%   133  733s
 11145  5395 14998.0485   76   29 15135.4900 14620.2734  3.40%   133  745s
 11316  5477 14953.5226   30  234 15135.4900 14621.4032  3.40%   133  758s
 11452  5579 15013.5100   46    4 15135.4900 14621.7969  3.39%   134  771s
 11628  5705 15072.3013   49   79 15135.4900 14623.5682  3.38%   135  784s
 11661  5705 14675.5539   24  226 15135.4900 14623.5682  3.38%   135  785s
 11805  5845 14782.9089   26  281 15135.4900 14624.9562  3.37%   135  798s
 11995  5999 15015.7100   43    4 15135.4900 14626.2233  3.36%   135  812s
 12258  6071     cutoff   66      15135.4900 14626.5729  3.36%   135  826s
 12374  6180 14934.8406   32  314 15135.4900 14628.5780  3.35%   135  838s
 12515  6293 15005.9279   39  100 15135.4900 14630.5667  3.34%   136  852s
 12712  6409 14886.9391   22  309 15135.4900 14632.1742  3.33%   136  865s
 12881  6541 14929.8486   24  289 15135.4900 14632.4684  3.32%   137  878s
 13057  6547 15124.6049   42   26 15135.4900 14633.1122  3.32%   137  880s
 13067  6691 infeasible   78      15135.4900 14633.2550  3.32%   137  892s
 13279  6772     cutoff   45      15135.4900 14634.4688  3.31%   137  905s
 13423  6897     cutoff   36      15135.4900 14635.3076  3.30%   138  920s
 13631  6986     cutoff   93      15135.4900 14636.0789  3.30%   138  933s
 13780  7063 14996.5962   31  198 15135.4900 14637.6583  3.29%   139  947s
 13928  7140     cutoff   59      15135.4900 14638.9998  3.28%   139  960s
 14063  7222 15104.3226   33  235 15135.4900 14640.3901  3.27%   140  972s
 14188  7363     cutoff   39      15135.4900 14642.2852  3.26%   141  985s
 14380  7499     cutoff   85      15135.4900 14643.5602  3.25%   141  999s
 14414  7499 15060.8879   58  109 15135.4900 14643.5602  3.25%   141 1000s
 14591  7601 14881.6729   31  279 15135.4900 14644.7731  3.24%   141 1013s
 14719  7718     cutoff   39      15135.4900 14645.4165  3.24%   141 1026s
 14929  7842 14914.6900   48   16 15135.4900 14645.8988  3.23%   141 1040s
 15125  7988 14993.0262   31  189 15135.4900 14646.3445  3.23%   142 1055s
*15277  3527              55    14919.530000 14646.5458  1.83%   142 1056s
 15316  3503     cutoff   45      14919.5300 14646.6838  1.83%   142 1067s
 15455  3554     cutoff   37      14919.5300 14648.6232  1.82%   142 1080s
 15598  3594 14863.8254   26  398 14919.5300 14649.1408  1.81%   143 1092s
 15714  3647     cutoff   39      14919.5300 14649.9625  1.81%   144 1104s
 15803  3647 14781.0608   34  191 14919.5300 14653.3029  1.78%   144 1105s
 15849  3686     cutoff   33      14919.5300 14653.8881  1.78%   144 1117s
 15981  3704     cutoff   42      14919.5300 14654.8301  1.77%   145 1130s
 16073  3737 14835.9470   26  258 14919.5300 14656.9219  1.76%   146 1142s
 16165  3780     cutoff   40      14919.5300 14657.8036  1.75%   147 1154s
 16286  3842     cutoff   33      14919.5300 14658.8685  1.75%   147 1168s
 16423  3896 14891.6086   28  352 14919.5300 14660.7992  1.73%   148 1182s
 16539  3925 14784.0387   32  222 14919.5300 14661.5136  1.73%   149 1195s
 16676  3994 14887.9946   28  253 14919.5300 14662.1897  1.72%   149 1208s
 16829  4040 14761.4398   29  253 14919.5300 14663.9693  1.71%   150 1221s
 16941  4114 14847.5429   31  232 14919.5300 14665.0304  1.71%   150 1235s
 17089  4147 14871.2072   33  143 14919.5300 14665.8718  1.70%   151 1248s
 17222  4167 14918.4666   26  372 14919.5300 14666.9311  1.69%   151 1261s
 17362  4230 14694.8840   19  286 14919.5300 14667.3510  1.69%   152 1275s
 17518  4252 14753.4138   29  300 14919.5300 14667.9909  1.69%   152 1291s
H17553  2680                    14844.640000 14667.9909  1.19%   153 1291s
 17576  2675 14756.2657   25  206 14844.6400 14668.5741  1.19%   153 1303s
 17676  2691 14833.6138   30  136 14844.6400 14670.9179  1.17%   154 1317s
 17798  2694     cutoff   30      14844.6400 14671.8063  1.16%   154 1329s
 17859  2694     cutoff   26      14844.6400 14675.1424  1.14%   155 1330s
 17922  2686 14788.6439   28  287 14844.6400 14675.5478  1.14%   155 1342s
 18036  2708 14784.4964   28  190 14844.6400 14677.7119  1.12%   156 1355s
 18185  2728 14809.5283   27  200 14844.6400 14679.1083  1.12%   156 1369s
 18323  2747     cutoff   24      14844.6400 14680.6347  1.10%   157 1382s
 18478  2774 14795.3711   28  249 14844.6400 14683.2314  1.09%   157 1396s
 18606  2784     cutoff   35      14844.6400 14684.6635  1.08%   157 1409s
 18660  2784 14706.2078   30  228 14844.6400 14686.5656  1.06%   158 1410s
 18742  2786     cutoff   30      14844.6400 14686.6447  1.06%   158 1423s
 18874  2824 14839.6318   24  272 14844.6400 14688.8591  1.05%   159 1437s
 19037  2814 14803.9487   21  228 14844.6400 14689.7506  1.04%   159 1451s
 19164  2820 14742.5792   30  253 14844.6400 14691.2961  1.03%   160 1465s
 19300  2837     cutoff   34      14844.6400 14692.9965  1.02%   160 1479s
 19362  2837     cutoff   25      14844.6400 14694.3032  1.01%   161 1480s
 19457  2850 14740.2678   24  326 14844.6400 14694.4909  1.01%   161 1495s
 19617  2836 14805.6391   37  226 14844.6400 14695.5248  1.00%   161 1509s
 19730  2841 14836.7641   30  222 14844.6400 14697.4915  0.99%   162 1523s
 19863  2854     cutoff   34      14844.6400 14698.5685  0.98%   163 1538s
 20006  2862 14805.2364   26  193 14844.6400 14700.6630  0.97%   163 1552s
 20158  2863     cutoff   30      14844.6400 14701.9552  0.96%   164 1567s
 20286  2886 14739.2220   21  358 14844.6400 14703.8595  0.95%   164 1582s
 20451  2888 14806.6686   26  337 14844.6400 14704.7256  0.94%   165 1597s
 20638  2900     cutoff   29      14844.6400 14706.5741  0.93%   165 1613s
 20780  2898 14834.3304   36  203 14844.6400 14708.0444  0.92%   166 1627s
 20934  2883 infeasible   29      14844.6400 14709.1517  0.91%   166 1642s
 21096  2883     cutoff   18      14844.6400 14711.0460  0.90%   167 1658s
 21244  2911 14765.0067   32  250 14844.6400 14713.0503  0.89%   167 1675s
 21429  2921     cutoff   34      14844.6400 14714.4506  0.88%   167 1691s
 21611  2945 14775.2762   23  150 14844.6400 14715.6861  0.87%   168 1707s
 21791  2950 14777.7586   29  346 14844.6400 14717.3243  0.86%   168 1722s
 21952  2950     cutoff   30      14844.6400 14719.1443  0.85%   169 1740s
 22114  2955     cutoff   33      14844.6400 14721.6023  0.83%   169 1755s
 22258  2952     cutoff   31      14844.6400 14723.2344  0.82%   169 1772s
 22414  2959     cutoff   29      14844.6400 14724.7002  0.81%   170 1789s
 22507  2959     cutoff   30      14844.6400 14725.9096  0.80%   170 1790s
 22586  2959 14823.4975   30  111 14844.6400 14726.0645  0.80%   170 1807s
 22786  2966 14757.9850   34  210 14844.6400 14727.2832  0.79%   170 1824s
 22953  2967     cutoff   30      14844.6400 14728.9186  0.78%   171 1842s
H22955  2515                    14824.900000 14728.9186  0.65%   171 1842s
 23105  2480 14771.7465   29  201 14824.9000 14729.7334  0.64%   171 1859s
 23190  2480 14820.6438   32  213 14824.9000 14732.3261  0.62%   171 1860s
 23290  2441     cutoff   25      14824.9000 14732.3854  0.62%   171 1880s
H23483  1945                    14808.900000 14735.4318  0.50%   172 1901s
 23677  1922     cutoff   38      14808.9000 14738.1552  0.48%   172 1923s
 23958  1849 14777.8804   30  195 14808.9000 14741.4245  0.46%   173 1944s
 24202  1775 14776.9409   28  211 14808.9000 14745.8107  0.43%   173 1966s
 24426  1699     cutoff   23      14808.9000 14748.8342  0.41%   173 1986s
 24667  1613     cutoff   81      14808.9000 14752.0257  0.38%   173 2006s
 24929  1525 14780.5387   26  267 14808.9000 14755.9333  0.36%   173 2027s
 25212  1441 14801.5888   36  101 14808.9000 14759.6846  0.33%   173 2046s
 25460  1325     cutoff   28      14808.9000 14763.0176  0.31%   173 2067s
 25728  1200     cutoff   27      14808.9000 14766.4055  0.29%   173 2089s
 25977  1049     cutoff   30      14808.9000 14770.4256  0.26%   173 2107s
 26264   887     cutoff   26      14808.9000 14774.6565  0.23%   173 2124s
 26448   887 14801.8036   34   98 14808.9000 14774.6565  0.23%   173 2125s
 26589   709     cutoff   40      14808.9000 14779.7614  0.20%   172 2139s
 26893   514     cutoff   38      14808.9000 14784.8894  0.16%   172 2153s
 27154   299     cutoff   36      14808.9000 14790.5855  0.12%   171 2164s
 27428    63     cutoff   30      14808.9000 14798.4674  0.07%   170 2170s

Cutting planes:
  User: 1735
  Gomory: 25
  Cover: 270
  Implied bound: 110
  Clique: 33
  MIR: 86
  StrongCG: 4
  Flow cover: 303
  GUB cover: 1
  Zero half: 67
  RLT: 210
  Relax-and-lift: 2
  Lazy constraints: 2421

Explored 27731 nodes (4677814 simplex iterations) in 2171.86 seconds
Thread count was 2 (of 32 available processors)

Solution count 9: 14808.9 14824.9 14844.6 ... 15914.9

Optimal solution found (tolerance 1.00e-04)
Best objective 1.480890000000e+04, best bound 1.480890000000e+04, gap 0.0000%

User-callback calls 192552, time in user-callback 118.17 sec
================================================================================
executing instance: ./input/Instances/Original/1/absH3high_2n45.dat
--------------------------------------------------------------------------------
Instance details
n	46
H	3
C	3171
Li:
[0, 0, 0, 0, 0, 0, 0, 0, 0, 0, 0, 0, 0, 0, 0, 0, 0, 0, 0, 0, 0, 0, 0, 0, 0, 0, 0, 0, 0, 0, 0, 0, 0, 0, 0, 0, 0, 0, 0, 0, 0, 0, 0, 0, 0, 0, ]
Ui:
[0, 246, 160, 78, 20, 87, 144, 40, 20, 82, 60, 96, 24, 136, 160, 108, 160, 26, 228, 51, 24, 240, 231, 70, 32, 105, 174, 114, 246, 126, 132, 76, 22, 42, 255, 132, 148, 162, 66, 111, 102, 240, 123, 201, 297, 78, ]
Distance matrix:
|0	148	402	550	329	420	187	318	366	280	504	273	233	333	112	344	379	481	113	593	159	523	261	424	90	359	163	461	413	240	105	299	265	89	371	462	339	273	495	22	41	439	369	506	563	468	|
|148	0	284	517	394	284	136	369	244	311	496	166	329	355	223	202	338	388	204	565	254	506	118	346	71	423	173	471	336	118	105	352	198	105	248	428	302	305	487	153	179	441	230	497	517	370	|
|402	284	0	350	448	80	228	406	42	343	382	129	456	350	412	126	219	131	382	395	410	371	180	137	314	466	289	400	137	167	389	401	169	316	39	280	217	342	373	394	414	362	108	380	324	106	|
|550	517	350	0	339	429	385	308	374	295	93	375	431	249	481	461	180	239	458	48	445	57	474	214	496	333	387	160	216	424	601	321	320	471	376	90	217	301	93	530	534	146	452	88	52	262	|
|329	394	448	339	0	513	282	42	438	105	255	363	115	108	221	484	259	431	217	365	172	289	436	362	333	30	224	189	353	380	423	47	291	296	443	285	240	107	251	307	294	193	495	260	378	437	|
|420	284	80	429	513	0	267	473	76	408	462	163	509	421	449	86	298	201	421	474	455	451	167	217	330	533	333	478	217	181	386	466	225	341	70	360	291	406	453	416	438	440	59	460	400	176	|
|187	136	228	385	282	267	0	249	199	186	360	104	248	224	184	214	207	294	155	432	189	371	155	237	113	308	68	336	227	101	216	236	78	98	205	296	168	181	350	174	190	305	231	360	390	283	|
|318	369	406	308	42	473	249	0	397	66	229	325	128	67	216	447	218	389	206	337	168	260	402	320	311	61	196	167	311	345	406	19	252	275	403	248	198	70	223	296	286	164	457	233	344	395	|
|366	244	42	374	438	76	199	397	0	332	397	96	436	346	383	90	228	168	354	420	385	389	139	161	277	458	263	408	158	128	349	391	150	282	6	298	218	331	388	359	380	370	78	395	352	144	|
|280	311	343	295	105	408	186	66	332	0	231	259	142	53	191	380	171	337	173	332	150	257	337	267	258	127	139	182	258	280	359	58	186	223	338	222	143	6	224	258	254	164	390	234	323	340	|
|504	496	382	93	255	462	360	229	397	231	0	375	356	180	422	478	173	293	403	110	381	36	474	248	463	245	345	68	246	419	568	244	308	433	400	104	200	237	9	482	482	67	474	5	142	312	|
|273	166	129	375	363	163	104	325	96	259	375	0	347	283	288	121	202	221	259	423	292	376	99	183	186	386	170	370	175	52	269	315	76	187	102	288	177	256	365	265	285	333	133	374	365	204	|
|233	329	456	431	115	509	248	128	436	142	356	347	0	181	121	462	311	472	128	463	76	386	398	403	260	141	180	294	392	349	334	111	287	224	442	362	280	139	350	212	194	289	479	360	463	472	|
|333	355	350	249	108	421	224	67	346	53	180	283	181	0	244	403	152	324	226	283	201	207	369	256	307	118	186	129	247	311	409	74	208	273	351	183	136	59	173	311	307	113	410	183	282	331	|
|112	223	412	481	221	449	184	216	383	191	422	288	121	244	0	387	327	461	30	521	49	447	313	396	152	250	125	371	385	273	214	196	249	121	389	400	288	185	415	91	74	355	408	425	503	454	|
|344	202	126	461	484	86	214	447	90	380	478	121	462	403	387	0	305	256	360	508	400	473	84	250	255	507	282	482	246	115	302	437	196	271	90	382	288	377	469	343	367	444	28	476	441	232	|
|379	338	219	180	259	298	207	218	228	171	173	202	311	152	327	305	0	172	301	227	300	174	302	105	318	270	217	180	97	249	423	221	141	296	232	90	40	173	164	361	368	142	303	172	184	180	|
|481	388	131	239	431	201	294	389	168	337	293	221	472	324	461	256	172	0	432	280	446	273	300	70	400	442	337	330	80	271	490	391	217	391	167	191	194	339	286	468	483	294	239	289	203	26	|
