




arguments: ./build/bc_mirp -f ./input/orig_exec_252.cfg
Current dir: /scratch/gui/bc_mirp
File verbosity level: 9
date       time         ( uptime  ) [ thread name/id ]                   file:line     v| 
2021-02-16 05:36:46.206 (   0.603s) [main thread     ]             loguru.cpp:789   INFO| Logging to './output/vi_vc+lex_quarter/OU/V2/Original/execution_16_02_2021_05_36_46.log', mode: 'a', verbosity: 9
--------------------------------------------------------------------------------
Parameters
                           instance_path           ./input/Instances/Original/6/
                            model_policy                                       1
                             nb_vehicles                                       2
                              output_dir./output/vi_vc+lex_quarter/OU/V2/Original/
                            sec_strategy                                       1
                       solver_nb_threads                                       2
                         solver_show_log                                    true
                       solver_time_limit                                    3600
                              use_vi_cos                                   false
                              use_vi_cus                                   false
                         use_vi_hc1_full                                   false
                         use_vi_hc1_half                                   false
                      use_vi_hc1_quarter                                   false
                              use_vi_hc2                                   false
                              use_vi_hc3                                   false
                         use_vi_lex_full                                   false
                         use_vi_lex_half                                   false
                      use_vi_lex_quarter                                    true
                              use_vi_qua                                   false
                               use_vi_vc                                    true
                               use_vi_vr                                   false
--------------------------------------------------------------------------------
executing instance: ./input/Instances/Original/6/absH6high_1n25.dat
--------------------------------------------------------------------------------
Instance details
n	26
H	6
C	1711
Li:
[0, 0, 0, 0, 0, 0, 0, 0, 0, 0, 0, 0, 0, 0, 0, 0, 0, 0, 0, 0, 0, 0, 0, 0, 0, 0, ]
Ui:
[0, 168, 176, 34, 66, 36, 177, 106, 118, 182, 64, 141, 189, 63, 46, 111, 182, 231, 36, 66, 68, 54, 132, 90, 246, 75, ]
Distance matrix:
|0	191	200	231	334	329	146	196	208	245	218	164	283	394	151	358	156	196	309	253	201	260	127	138	130	104	|
|191	0	226	229	278	146	328	216	390	417	327	293	195	334	106	296	171	122	472	151	12	411	280	53	190	130	|
|200	226	0	38	149	359	321	10	276	274	418	364	139	204	121	173	321	115	303	141	225	236	155	202	311	256	|
|231	229	38	0	110	352	358	37	314	310	448	395	108	167	129	135	342	109	336	120	226	268	194	213	335	277	|
|334	278	149	110	0	367	467	147	422	413	546	495	86	61	203	25	423	163	429	129	271	363	303	282	424	361	|
|329	146	359	352	367	0	453	349	533	562	411	393	282	411	245	378	250	244	617	245	141	556	426	195	284	243	|
|146	328	321	358	467	453	0	321	162	215	160	112	425	524	297	491	223	341	284	397	339	266	186	276	184	210	|
|196	216	10	37	147	349	321	0	281	281	414	360	132	203	112	171	315	105	311	132	216	244	159	193	305	249	|
|208	390	276	314	422	533	162	281	0	54	321	271	410	471	316	445	348	348	123	398	398	115	125	338	313	309	|
|245	417	274	310	413	562	215	281	54	0	375	323	413	457	334	435	393	361	70	406	424	69	139	367	359	349	|
|218	327	418	448	546	411	160	414	321	375	0	57	484	606	347	569	163	393	444	446	339	421	318	288	137	199	|
|164	293	364	395	495	393	112	360	271	323	57	0	437	556	300	519	144	346	393	401	305	367	261	249	109	163	|
|283	195	139	108	86	282	425	132	410	413	484	437	0	139	137	101	349	91	443	44	187	375	286	206	355	291	|
|394	334	204	167	61	411	524	203	471	457	606	556	139	0	264	38	483	222	467	183	326	403	356	341	484	421	|
|151	106	121	129	203	245	297	112	316	334	347	300	137	264	0	225	220	46	381	102	106	316	195	84	221	158	|
|358	296	173	135	25	378	491	171	445	435	569	519	101	38	225	0	444	184	450	145	288	384	328	303	446	383	|
|156	171	321	342	423	250	223	315	348	393	163	144	349	483	220	444	0	261	460	308	183	415	284	143	39	65	|
|196	122	115	109	163	244	341	105	348	361	393	346	91	222	46	184	261	0	402	56	118	336	224	119	264	200	|
|309	472	303	336	429	617	284	311	123	70	444	393	443	467	381	450	460	402	0	442	477	68	192	424	426	413	|
|253	151	141	120	129	245	397	132	398	406	446	401	44	183	102	145	308	56	442	0	143	375	273	164	315	251	|
|201	12	225	226	271	141	339	216	398	424	339	305	187	326	106	288	183	118	477	143	0	416	286	63	202	142	|
|260	411	236	268	363	556	266	244	115	69	421	367	375	403	316	384	415	336	68	375	416	0	135	365	384	363	|
|127	280	155	194	303	426	186	159	125	139	318	261	286	356	195	328	284	224	192	273	286	135	0	232	256	229	|
|138	53	202	213	282	195	276	193	338	367	288	249	206	341	84	303	143	119	424	164	63	365	232	0	153	89	|
|130	190	311	335	424	284	184	305	313	359	137	109	355	484	221	446	39	264	426	315	202	384	256	153	0	64	|
|104	130	256	277	361	243	210	249	309	349	199	163	291	421	158	383	65	200	413	251	142	363	229	89	64	0	|

--------------------------------------------------------------------------------
Building model...
	using lazy and cut (CVRPSEP package)
Solving IRP LP...
--------------------------------------------------------------------------------

Gurobi 9.1.0 (linux64) logging started Tue Feb 16 05:36:46 2021

Gurobi Optimizer version 9.1.0 build v9.1.0rc0 (linux64)
Thread count: 32 physical cores, 32 logical processors, using up to 2 threads
Optimize a model with 1274 rows, 4694 columns and 11852 nonzeros
Model fingerprint: 0xbefff752
Variable types: 482 continuous, 4212 integer (312 binary)
Coefficient statistics:
  Matrix range     [1e+00, 9e+02]
  Objective range  [1e-01, 6e+02]
  Bounds range     [1e+00, 2e+02]
  RHS range        [1e+00, 3e+03]
Presolve removed 300 rows and 263 columns
Presolve time: 0.08s
Presolved: 974 rows, 4431 columns, 10646 nonzeros
Variable types: 375 continuous, 4056 integer (3762 binary)

Root relaxation: objective 1.302510e+04, 1142 iterations, 0.03 seconds

    Nodes    |    Current Node    |     Objective Bounds      |     Work
 Expl Unexpl |  Obj  Depth IntInf | Incumbent    BestBd   Gap | It/Node Time

     0     0 13025.1025    0  213          - 13025.1025      -     -    0s
     0     0 13668.9040    0  240          - 13668.9040      -     -    0s
     0     0 13678.2836    0  239          - 13678.2836      -     -    0s
     0     0 13681.9297    0  230          - 13681.9297      -     -    0s
     0     0 13688.8302    0  206          - 13688.8302      -     -    0s
     0     0 13795.3148    0  221          - 13795.3148      -     -    0s
     0     0 13797.4664    0  186          - 13797.4664      -     -    0s
     0     0 13846.1363    0  227          - 13846.1363      -     -    0s
     0     0 13847.1890    0  221          - 13847.1890      -     -    0s
     0     0 13847.2469    0  224          - 13847.2469      -     -    0s
     0     0 14486.1356    0  337          - 14486.1356      -     -    0s
     0     0 14562.5891    0  386          - 14562.5891      -     -    0s
     0     0 14627.9342    0  360          - 14627.9342      -     -    1s
     0     0 14632.4274    0  405          - 14632.4274      -     -    1s
     0     0 14650.4399    0  378          - 14650.4399      -     -    1s
     0     0 14650.5846    0  393          - 14650.5846      -     -    1s
     0     0 14955.1250    0  367          - 14955.1250      -     -    1s
     0     0 14988.8624    0  383          - 14988.8624      -     -    1s
     0     0 15052.9941    0  367          - 15052.9941      -     -    1s
     0     0 15055.7820    0  361          - 15055.7820      -     -    1s
     0     0 15057.0776    0  357          - 15057.0776      -     -    1s
     0     0 15100.7483    0  427          - 15100.7483      -     -    1s
     0     0 15162.6820    0  391          - 15162.6820      -     -    2s
     0     0 15167.6020    0  408          - 15167.6020      -     -    2s
     0     0 15168.0267    0  430          - 15168.0267      -     -    2s
     0     0 15206.1140    0  407          - 15206.1140      -     -    2s
     0     0 15213.3865    0  420          - 15213.3865      -     -    2s
     0     0 15215.1155    0  435          - 15215.1155      -     -    2s
     0     0 15222.7338    0  393          - 15222.7338      -     -    2s
     0     0 15222.7338    0  393          - 15222.7338      -     -    2s
     0     2 15223.6459    0  358          - 15223.6459      -     -    3s
    21    24 15442.2216    7  413          - 15223.8870      -   505    5s
   128   144 16010.3046   40  148          - 15223.8870      -   344   10s
   380   437 18606.8049  120   71          - 15223.8870      -   212   15s
   952   896 16306.5756   53  393          - 15295.8486      -   109   20s
   971   909 15993.5476   29  540          - 15746.9097      -   107   25s
H  971   863                    21593.200000 15747.8122  27.1%   107   25s
H  978   825                    20928.200000 15749.6811  24.7%   117   28s
   982   827 15976.3160   32  460 20928.2000 15749.6811  24.7%   116   30s
H  994   793                    20385.200000 15768.7817  22.6%   115   33s
  1001   798 17892.8853  144  532 20385.2000 15772.6181  22.6%   114   35s
H 1004   759                    19683.600000 15774.5782  19.9%   114   36s
  1010   766 15781.4371   27  498 19683.6000 15781.4371  19.8%   124   40s
  1063   803 15955.1036   41  427 19683.6000 15819.2658  19.6%   142   45s
  1139   858 16014.9052   59  304 19683.6000 15819.2658  19.6%   152   50s
  1253   945 16192.0152   79  230 19683.6000 15819.2658  19.6%   155   57s
H 1256   906                    19675.320000 15819.2658  19.6%   155   57s
  1323   961 16701.4829   91  202 19675.3200 15819.2658  19.6%   154   60s
H 1325   923                    19449.680000 15819.2658  18.7%   154   60s
  1496  1052 16885.5676  120  199 19449.6800 15819.2658  18.7%   149   65s
* 1532  1006             189    18582.420000 15819.2658  14.9%   147   65s
H 1598   992                    18280.610000 15819.2658  13.5%   146   67s
  1658  1030 17924.2544  171   57 18280.6100 15825.2432  13.4%   144   71s
* 1713   978             192    18252.570000 15825.2432  13.3%   141   71s
  1751  1006 16154.7805   39  332 18252.5700 15825.2432  13.3%   145   75s
  1837  1062 16286.6512   51  252 18252.5700 15825.2432  13.3%   149   80s
  1951  1165 16358.2690   55  147 18252.5700 15825.2432  13.3%   146   85s
  2077  1184 16128.5494   38  273 18252.5700 15828.3485  13.3%   147   90s
  2137  1213 16321.2714   51  147 18252.5700 15828.3485  13.3%   151   95s
  2215  1338 16728.4635   73  103 18252.5700 15828.3485  13.3%   153  100s
* 2273   893             105    16905.700000 15828.3485  6.37%   151  100s
  2366   886 16463.9981   46  290 16905.7000 15830.3786  6.36%   152  106s
  2427   897 16462.9725   38  331 16905.7000 15830.3786  6.36%   155  110s
  2503   926 16087.6386   35  447 16905.7000 15836.9251  6.32%   158  115s
  2576   994 16432.8806   52  190 16905.7000 15836.9251  6.32%   162  121s
  2654   991 16004.2960   30  448 16905.7000 15862.7365  6.17%   164  126s
  2682  1022 16473.6794   37  420 16905.7000 15862.7365  6.17%   169  130s
  2765  1069 16818.9391   51  328 16905.7000 15870.3188  6.12%   173  138s
  2796  1097 16012.0390   39  402 16905.7000 15872.3097  6.11%   175  143s
  2834  1116 16240.8182   29  435 16905.7000 15872.3097  6.11%   177  146s
  2912  1174 15988.0701   41  391 16905.7000 15882.4626  6.05%   179  151s
  2951  1182 16870.7919   57  232 16905.7000 15899.3831  5.95%   180  155s
H 2967  1143                    16842.700000 15899.3831  5.60%   181  158s
H 2977  1131                    16830.210000 15899.3831  5.53%   181  158s
H 3007  1147                    16826.610000 15899.3831  5.51%   181  161s
H 3024  1049                    16752.550000 15899.3831  5.09%   181  161s
  3027  1103 16342.3566   48  275 16752.5500 15899.3831  5.09%   181  165s
H 3051  1005                    16700.470000 15899.3831  4.80%   181  165s
  3134  1042 16571.5686   47  259 16700.4700 15907.1848  4.75%   183  171s
  3180  1084 16556.7099   34  412 16700.4700 15907.5207  4.75%   188  177s
  3210  1098 16545.4362   37  208 16700.4700 15907.9319  4.75%   190  181s
  3256  1154 16199.8474   32  469 16700.4700 15930.1998  4.61%   191  185s
  3411  1209 16254.8950   47  187 16700.4700 15938.0738  4.57%   192  193s
  3458  1241 16268.8442   37  330 16700.4700 15940.3747  4.55%   193  198s
H 3512  1232                    16661.690000 15942.2972  4.32%   194  203s
  3585  1265 16231.8131   40  346 16661.6900 15942.5062  4.32%   195  208s
  3620  1314 16377.3712   50  157 16661.6900 15942.5062  4.32%   197  213s
  3683  1370 16456.0535   68   67 16661.6900 15942.5430  4.32%   197  218s
  3783  1403 16553.6497   51  252 16661.6900 15946.6162  4.29%   197  223s
  3847  1454 16395.1880   41  400 16661.6900 15954.4481  4.24%   198  228s
H 3861  1382                    16636.690000 15954.4481  4.10%   198  228s
  3922  1408 16275.5550   52  170 16636.6900 15955.7935  4.09%   199  246s
  3962  1428     cutoff   68      16636.6900 15958.3348  4.08%   199  252s
  4022  1464 16182.7165   38  432 16636.6900 15965.3725  4.04%   201  258s
  4083  1488 16379.4127   51  344 16636.6900 15966.1974  4.03%   201  264s
  4195  1532 16153.1789   34  361 16636.6900 15966.7818  4.03%   201  270s
  4267  1619 16281.1190   40  341 16636.6900 15975.7559  3.97%   203  276s
  4410  1665 16423.3649   39  392 16636.6900 15976.0123  3.97%   202  283s
  4515  1724 16281.9649   35  294 16636.6900 15978.0613  3.96%   203  290s
  4598  1783 16393.4861   60  324 16636.6900 15978.4278  3.96%   204  297s
  4719  1857 16215.1635   34  385 16636.6900 15984.6052  3.92%   204  305s
  4834  1918 16135.4475   34  332 16636.6900 15985.6034  3.91%   204  314s
  4923  1968 16262.7525   39  322 16636.6900 15986.6420  3.91%   205  322s
  5036  2019 16556.7300   34  209 16636.6900 15987.3045  3.90%   206  330s
  5113  2091 16549.6972   43  394 16636.6900 15988.1530  3.90%   207  339s
  5241  2146 16629.4962   50  367 16636.6900 15990.7677  3.88%   208  347s
  5338  2246 16264.1093   41  295 16636.6900 15992.5113  3.87%   209  356s
  5512  2320 16518.8778   54  310 16636.6900 15995.5703  3.85%   209  369s
  5645  2389 16460.3979   45  297 16636.6900 15997.8678  3.84%   210  379s
  5774  2443 16262.5331   60  412 16636.6900 16001.9343  3.82%   211  388s
  5903  2568 16419.1658   52  110 16636.6900 16006.0427  3.79%   212  399s
  6086  2630 16556.5064   52  226 16636.6900 16009.5502  3.77%   212  410s
  6218  2683 16320.3499   45  390 16636.6900 16013.6475  3.74%   213  422s
  6348  2726     cutoff   38      16636.6900 16015.1235  3.74%   214  433s
  6473  2830 16452.7750   41  449 16636.6900 16018.8125  3.71%   216  443s
  6632  2856     cutoff   43      16636.6900 16022.9338  3.69%   216  456s
H 6633  2700                    16600.690000 16022.9338  3.48%   216  456s
H 6713  2699                    16592.790000 16023.3707  3.43%   217  466s
  6874  2769 16330.9613   44  243 16592.7900 16034.0118  3.37%   217  476s
  7010  2837 16422.8638   42  277 16592.7900 16038.1934  3.34%   219  489s
  7104  2837 16277.9032   38  383 16592.7900 16040.9207  3.33%   219  490s
  7160  2906 16170.7154   36  477 16592.7900 16041.3738  3.32%   220  500s
  7323  2958 16259.2886   41  350 16592.7900 16047.2466  3.29%   220  512s
  7482  3051 16551.3792   42  311 16592.7900 16050.5855  3.27%   221  530s
  7633  3141 16549.0956   65  146 16592.7900 16054.8096  3.24%   222  544s
  7756  3141 16257.1602   41  263 16592.7900 16058.1950  3.22%   222  545s
  7848  3208     cutoff   43      16592.7900 16058.3152  3.22%   222  559s
  8016  3295 16451.2088   57  358 16592.7900 16060.8872  3.21%   223  571s
  8186  3400 16380.0011   39  298 16592.7900 16065.9685  3.18%   224  584s
  8381  3488 16332.0885   39  406 16592.7900 16070.0627  3.15%   224  596s
  8575  3591     cutoff   45      16592.7900 16071.8860  3.14%   224  609s
  8745  3735     cutoff   48      16592.7900 16074.1455  3.13%   225  623s
* 8798  3382              73    16552.790000 16074.1455  2.89%   224  623s
  9005  3466 16183.4313   36  328 16552.7900 16075.7542  2.88%   224  636s
  9194  3514     cutoff   41      16552.7900 16077.7962  2.87%   224  650s
  9354  3581 16450.2665   38  342 16552.7900 16080.7789  2.85%   225  663s
  9486  3658 16496.1073   46  205 16552.7900 16082.2962  2.84%   227  677s
  9647  3739 16420.1213   42  220 16552.7900 16086.1748  2.82%   227  690s
  9785  3788     cutoff   35      16552.7900 16087.6386  2.81%   228  703s
  9947  3845 16422.9622   41  300 16552.7900 16088.2277  2.81%   229  717s
H 9998  3751                    16545.020000 16088.2277  2.76%   229  717s
 10098  3827 16212.4525   37  290 16545.0200 16090.4029  2.75%   229  730s
H10278  2913                    16462.790000 16093.7301  2.24%   230  744s
 10452  2991     cutoff   49      16462.7900 16095.6058  2.23%   230  759s
 10642  3056 16255.4752   39  352 16462.7900 16099.5475  2.21%   230  772s
 10810  3104 16333.7239   47  323 16462.7900 16103.6756  2.18%   231  787s
 10992  3147 16373.0498   39  288 16462.7900 16106.4835  2.16%   231  800s
 11138  3226 16147.5502   40  285 16462.7900 16110.0865  2.14%   232  813s
 11315  3285     cutoff   56      16462.7900 16111.9664  2.13%   232  827s
 11463  3335 16257.3358   42  311 16462.7900 16113.0723  2.12%   233  840s
 11643  3420 16373.8302   39  363 16462.7900 16115.9425  2.11%   233  853s
 11821  3462 16288.4238   39  432 16462.7900 16118.8993  2.09%   234  866s
 11945  3495     cutoff   46      16462.7900 16120.1962  2.08%   235  879s
 12022  3495 16451.5971   40  333 16462.7900 16123.2684  2.06%   235  880s
 12108  3565 16176.5829   36  344 16462.7900 16123.3093  2.06%   236  892s
 12302  3613 16372.4723   45  394 16462.7900 16125.6326  2.05%   236  905s
 12471  3681 16372.8532   38  146 16462.7900 16127.2561  2.04%   236  919s
 12665  3745 16348.8925   43  266 16462.7900 16129.0271  2.03%   236  933s
 12838  3814 16349.8806   41  309 16462.7900 16131.5168  2.01%   237  948s
 13033  3874 16459.6843   49  245 16462.7900 16132.6864  2.01%   237  964s
 13216  3961 16293.5707   40  326 16462.7900 16133.5338  2.00%   239  980s
 13400  4028     cutoff   49      16462.7900 16134.9802  1.99%   239  994s
 13568  4065 16362.0887   38  369 16462.7900 16138.0276  1.97%   240 1008s
 13735  4153     cutoff   44      16462.7900 16140.3797  1.96%   240 1023s
 13953  4234 16268.9662   41  219 16462.7900 16142.3150  1.95%   240 1037s
 14155  4264 16325.7628   41  284 16462.7900 16144.6460  1.93%   240 1051s
 14314  4306     cutoff   38      16462.7900 16146.2381  1.92%   240 1065s
 14492  4365 16432.5120   49  119 16462.7900 16147.6073  1.91%   241 1080s
 14677  4436     cutoff   39      16462.7900 16149.5768  1.90%   241 1141s
H14864  4201                    16445.560000 16150.5631  1.79%   240 1142s
 14865  4252 16412.7302   42  255 16445.5600 16150.9882  1.79%   240 1159s
 15044  4323 16260.4430   40  262 16445.5600 16153.2945  1.78%   241 1174s
 15258  4378 16416.0249   43  323 16445.5600 16155.2160  1.77%   240 1190s
 15483  4424 16352.4559   42  358 16445.5600 16157.4914  1.75%   240 1205s
 15692  4483 16437.0288   43  330 16445.5600 16159.1293  1.74%   240 1220s
 15909  4536     cutoff   46      16445.5600 16162.1364  1.72%   240 1234s
*15998  4014              77    16414.780000 16165.1480  1.52%   240 1234s
 16083  4045 16330.9385   37  306 16414.7800 16165.4040  1.52%   241 1248s
 16319  4107     cutoff   53      16414.7800 16166.9268  1.51%   240 1263s
 16541  4148 16302.4888   38  302 16414.7800 16170.2589  1.49%   240 1281s
 16722  4185     cutoff   43      16414.7800 16171.8130  1.48%   240 1295s
H16723  4022                    16404.780000 16171.8130  1.42%   240 1295s
 16943  4063     cutoff   41      16404.7800 16173.3957  1.41%   240 1311s
 17135  4142     cutoff   47      16404.7800 16175.9259  1.40%   240 1327s
 17382  4191 16242.3521   38  372 16404.7800 16177.0084  1.39%   240 1344s
 17492  4191     cutoff   38      16404.7800 16179.2018  1.38%   240 1345s
H17493  3772                    16385.620000 16179.2018  1.26%   240 1345s
 17580  3836 16371.9942   49  252 16385.6200 16179.2849  1.26%   240 1360s
 17812  3871 16229.3308   37  433 16385.6200 16180.4908  1.25%   239 1377s
 18014  3904 16283.1612   35  343 16385.6200 16182.3465  1.24%   240 1393s
 18218  3922     cutoff   44      16385.6200 16184.3726  1.23%   239 1409s
 18310  3922     cutoff   40      16385.6200 16186.0209  1.22%   240 1410s
 18412  3986     cutoff   45      16385.6200 16186.1878  1.22%   240 1426s
H18572  3925                    16383.060000 16186.1878  1.20%   239 1427s
 18699  3960 16225.5302   41  232 16383.0600 16187.9794  1.19%   239 1443s
 18940  3982 16361.2724   43  339 16383.0600 16189.5702  1.18%   238 1459s
 19134  4001 16236.4988   41  394 16383.0600 16191.3398  1.17%   239 1474s
 19330  4007 16307.7975   41  374 16383.0600 16193.1191  1.16%   239 1491s
 19549  4027 16331.3180   42  352 16383.0600 16194.7406  1.15%   239 1505s
 19746  4075 16378.0115   37  318 16383.0600 16197.4473  1.13%   239 1521s
 19999  4102 16365.7047   39  242 16383.0600 16199.7950  1.12%   238 1536s
 20213  4095     cutoff   45      16383.0600 16201.9217  1.11%   238 1553s
 20398  4122     cutoff   43      16383.0600 16204.2138  1.09%   238 1569s
 20632  4166 16324.5298   41  261 16383.0600 16205.4409  1.08%   238 1586s
 20843  4201 16353.7081   40  346 16383.0600 16206.8975  1.08%   238 1601s
 21095  4231 16255.9486   38  422 16383.0600 16208.6207  1.06%   238 1616s
 21311  4234     cutoff   44      16383.0600 16210.0930  1.06%   238 1632s
 21522  4255 16308.4744   40  356 16383.0600 16212.0258  1.04%   238 1647s
 21752  4281 16378.7533   46  302 16383.0600 16214.1543  1.03%   238 1663s
 21989  4292 16336.2565   46  154 16383.0600 16215.9364  1.02%   237 1678s
 22209  4327 16323.5777   39  369 16383.0600 16217.4538  1.01%   237 1691s
 22442  4355     cutoff   42      16383.0600 16219.2913  1.00%   237 1707s
 22692  4383     cutoff   41      16383.0600 16220.6307  0.99%   237 1723s
 22927  4396 16341.8005   41  218 16383.0600 16221.7667  0.98%   236 1740s
 23162  4418     cutoff   44      16383.0600 16223.1302  0.98%   236 1757s
 23388  4437 16267.7838   39  366 16383.0600 16224.2576  0.97%   236 1783s
 23634  4467 16263.3570   41  310 16383.0600 16225.3064  0.96%   236 1798s
 23888  4496     cutoff   41      16383.0600 16226.7050  0.95%   236 1813s
 24108  4497     cutoff   42      16383.0600 16229.3388  0.94%   235 1828s
 24233  4497 16366.1363   43  234 16383.0600 16230.4459  0.93%   235 1836s
 24346  4475 16375.8784   45  301 16383.0600 16230.5408  0.93%   235 1851s
 24573  4484 16353.9927   41  364 16383.0600 16233.1268  0.92%   235 1871s
 24850  4509 16299.6898   39  397 16383.0600 16235.2938  0.90%   235 1889s
 24979  4509     cutoff   39      16383.0600 16236.6748  0.89%   235 1890s
 25110  4527 16376.0823   41  297 16383.0600 16236.8242  0.89%   234 1906s
 25368  4513 16366.7880   44  256 16383.0600 16237.9326  0.89%   234 1920s
 25580  4531     cutoff   44      16383.0600 16240.4258  0.87%   234 1937s
 25830  4532     cutoff   48      16383.0600 16241.9223  0.86%   234 1954s
 26108  4567     cutoff   47      16383.0600 16243.2878  0.85%   234 1973s
 26411  4584 16346.9775   43  275 16383.0600 16245.3688  0.84%   233 1990s
 26731  4575 16368.5595   46  256 16383.0600 16247.1646  0.83%   233 2007s
 26991  4596     cutoff   38      16383.0600 16248.9389  0.82%   232 2023s
 27236  4627     cutoff   40      16383.0600 16250.4751  0.81%   232 2039s
 27527  4622     cutoff   40      16383.0600 16252.4769  0.80%   232 2056s
 27813  4635 16356.7653   37  278 16383.0600 16254.2995  0.79%   231 2074s
 27961  4635     cutoff   39      16383.0600 16255.2987  0.78%   231 2075s
 28100  4623     cutoff   37      16383.0600 16255.3544  0.78%   231 2095s
 28368  4607     cutoff   39      16383.0600 16256.9310  0.77%   231 2112s
 28670  4612 16368.1813   37  324 16383.0600 16258.6181  0.76%   230 2126s
 28911  4606     cutoff   42      16383.0600 16260.2418  0.75%   230 2140s
 29127  4598     cutoff   42      16383.0600 16261.2191  0.74%   230 2154s
 29351  4572 infeasible   40      16383.0600 16262.1372  0.74%   230 2167s
 29567  4576 16363.2585   38  281 16383.0600 16263.4677  0.73%   230 2182s
 29824  4577 16357.8312   41  277 16383.0600 16265.0150  0.72%   229 2198s
 30105  4567 16364.5837   48  211 16383.0600 16266.3701  0.71%   229 2213s
 30353  4560 16371.7081   42  272 16383.0600 16268.0526  0.70%   229 2229s
 30649  4538 16372.8924   44  330 16383.0600 16269.7356  0.69%   228 2243s
 30882  4518 16358.3447   44  278 16383.0600 16271.2029  0.68%   228 2256s
 31102  4497 16362.7811   44  363 16383.0600 16272.9076  0.67%   228 2272s
 31358  4479     cutoff   43      16383.0600 16273.9032  0.67%   228 2294s
 31411  4479 16350.1214   45  365 16383.0600 16274.7553  0.66%   228 2295s
 31459  4484 16374.0455   39  479 16383.0600 16274.7983  0.66%   228 2314s
 31678  4448     cutoff   47      16383.0600 16275.9318  0.65%   227 2331s
 32006  4424 16378.5937   49  240 16383.0600 16277.5327  0.64%   227 2348s
 32292  4389 16345.4172   36  398 16383.0600 16279.1010  0.63%   226 2363s
 32561  4348     cutoff   42      16383.0600 16280.5492  0.63%   226 2378s
 32806  4317 16354.7942   38  283 16383.0600 16282.2026  0.62%   226 2393s
 33077  4270     cutoff   42      16383.0600 16283.5258  0.61%   226 2408s
 33346  4232 16327.5570   40  348 16383.0600 16285.1385  0.60%   225 2424s
 33510  4232     cutoff   43      16383.0600 16286.9127  0.59%   225 2425s
 33658  4209 16324.5954   42  255 16383.0600 16287.0924  0.59%   225 2442s
 33967  4169 16352.3705   50  313 16383.0600 16288.4020  0.58%   224 2458s
 34275  4099     cutoff   44      16383.0600 16290.1765  0.57%   224 2473s
 34567  4066     cutoff   45      16383.0600 16291.9057  0.56%   224 2488s
 34886  4027     cutoff   40      16383.0600 16293.4496  0.55%   223 2505s
 35163  3990     cutoff   40      16383.0600 16294.9556  0.54%   223 2520s
 35473  3916     cutoff   40      16383.0600 16296.6006  0.53%   223 2537s
 35826  3862 16338.9550   54  122 16383.0600 16298.4637  0.52%   222 2555s
 36231  3788 16334.3301   42  244 16383.0600 16300.2440  0.51%   221 2572s
 36556  3711 16368.4786   55  174 16383.0600 16302.0496  0.49%   221 2588s
 36849  3633     cutoff   42      16383.0600 16303.6827  0.48%   220 2601s
 37144  3548     cutoff   46      16383.0600 16305.7686  0.47%   220 2617s
 37582  3453 16357.9028   53  108 16383.0600 16307.4350  0.46%   219 2632s
 37920  3383 16374.7500   44  297 16383.0600 16309.1480  0.45%   218 2648s
 38263  3318 16358.8177   50  198 16383.0600 16310.8195  0.44%   217 2665s
 38575  3209     cutoff   48      16383.0600 16312.3713  0.43%   217 2681s
 38889  3137     cutoff   41      16383.0600 16314.5314  0.42%   217 2696s
 39201  3013 16370.0904   39  355 16383.0600 16316.4337  0.41%   216 2712s
 39527  2935 16353.1238   48  284 16383.0600 16318.8115  0.39%   215 2727s
 39900  2829     cutoff   45      16383.0600 16320.6763  0.38%   215 2742s
 40282  2682 16366.0136   36  425 16383.0600 16322.9250  0.37%   214 2756s
 40682  2552     cutoff   45      16383.0600 16325.5123  0.35%   213 2771s
 41035  2396     cutoff   47      16383.0600 16328.1827  0.33%   213 2786s
 41412  2229     cutoff   44      16383.0600 16330.8164  0.32%   212 2802s
 41751  2047 16359.8981   42  345 16383.0600 16333.5740  0.30%   211 2815s
 42171  1833     cutoff   52      16383.0600 16336.4544  0.28%   210 2831s
 42558  1604     cutoff   42      16383.0600 16339.6504  0.26%   209 2848s
 43038  1376     cutoff   47      16383.0600 16343.5631  0.24%   208 2860s
 43520  1093     cutoff   42      16383.0600 16348.1810  0.21%   207 2874s
 44052   884     cutoff   40      16383.0600 16353.1762  0.18%   205 2930s
 44481   569 16363.5050   64  105 16383.0600 16356.6047  0.16%   204 2939s
 44708   569 16374.7430   72   10 16383.0600 16358.7052  0.15%   204 2940s
 44956   227     cutoff   46      16383.0600 16364.2736  0.11%   203 2949s
 45385     0     cutoff   44      16383.0600 16374.1236  0.05%   201 2952s
 45501     0     cutoff   41      16383.0600 16378.6038  0.03%   201 2955s

Cutting planes:
  User: 3328
  Gomory: 48
  Cover: 289
  Implied bound: 229
  Clique: 18
  MIR: 194
  Flow cover: 435
  GUB cover: 1
  Inf proof: 1
  Zero half: 20
  Network: 3
  RLT: 234
  Relax-and-lift: 5
  Lazy constraints: 448

Explored 45618 nodes (9158251 simplex iterations) in 2955.67 seconds
Thread count was 2 (of 32 available processors)

Solution count 10: 16383.1 16385.6 16404.8 ... 16600.7

Optimal solution found (tolerance 1.00e-04)
Best objective 1.638306000000e+04, best bound 1.638306000000e+04, gap 0.0000%

User-callback calls 295573, time in user-callback 142.12 sec
================================================================================
executing instance: ./input/Instances/Original/6/absH6high_1n20.dat
--------------------------------------------------------------------------------
Instance details
n	21
H	6
C	1651
Li:
[0, 0, 0, 0, 0, 0, 0, 0, 0, 0, 0, 0, 0, 0, 0, 0, 0, 0, 0, 0, 0, ]
Ui:
[0, 36, 182, 182, 90, 261, 117, 30, 110, 42, 276, 153, 40, 94, 144, 46, 129, 213, 264, 160, 174, ]
Distance matrix:
|0	371	401	343	361	341	370	115	392	400	79	266	292	245	355	431	265	194	95	92	348	|
|371	0	37	141	110	250	117	438	67	131	372	305	115	238	247	255	235	296	392	430	185	|
|401	37	0	175	100	284	146	472	90	156	406	342	152	275	280	282	242	333	415	455	178	|
|343	141	175	0	239	110	38	374	95	60	314	182	67	130	106	127	318	201	397	423	303	|
|361	110	100	239	0	341	222	451	177	240	385	374	190	304	341	361	151	345	354	398	78	|
|341	250	284	110	341	0	143	337	203	151	289	102	152	97	15	95	394	156	415	431	398	|
|370	117	146	38	222	143	0	407	61	30	346	220	81	167	137	139	317	237	417	447	292	|
|115	438	472	374	451	337	407	0	443	434	66	241	339	251	351	431	374	181	201	177	450	|
|392	67	90	95	177	203	61	443	0	66	379	275	104	216	197	193	294	283	427	461	252	|
|400	131	156	60	240	151	30	434	66	0	374	237	112	189	142	127	344	261	448	477	312	|
|79	372	406	314	385	289	346	66	379	374	0	202	275	197	304	383	316	134	175	166	388	|
|266	305	342	182	374	102	220	241	275	237	202	0	191	70	117	196	386	73	352	359	415	|
|292	115	152	67	190	152	81	339	104	112	275	191	0	123	154	193	252	183	336	366	246	|
|245	238	275	130	304	97	167	251	216	189	197	70	123	0	110	187	322	72	319	334	346	|
|355	247	280	106	341	15	137	351	197	142	304	117	154	110	0	80	399	171	427	444	400	|
|431	255	282	127	361	95	139	431	193	127	383	196	193	187	80	0	444	251	499	519	429	|
|265	235	242	318	151	394	317	374	294	344	316	386	252	322	399	444	0	332	226	273	97	|
|194	296	333	201	345	156	237	181	283	261	134	73	183	72	171	251	332	0	279	286	375	|
|95	392	415	397	354	415	417	201	427	448	175	352	336	319	427	499	226	279	0	47	321	|
|92	430	455	423	398	431	447	177	461	477	166	359	366	334	444	519	273	286	47	0	368	|
|348	185	178	303	78	398	292	450	252	312	388	415	246	346	400	429	97	375	321	368	0	|

--------------------------------------------------------------------------------
Building model...
	using lazy and cut (CVRPSEP package)
Solving IRP LP...
--------------------------------------------------------------------------------

Gurobi 9.1.0 (linux64) logging started Tue Feb 16 06:26:06 2021

Gurobi Optimizer version 9.1.0 build v9.1.0rc0 (linux64)
Thread count: 32 physical cores, 32 logical processors, using up to 2 threads
Optimize a model with 1029 rows, 3159 columns and 8295 nonzeros
Model fingerprint: 0x0915b950
Variable types: 387 continuous, 2772 integer (252 binary)
Coefficient statistics:
  Matrix range     [1e+00, 8e+02]
  Objective range  [1e-01, 5e+02]
  Bounds range     [1e+00, 3e+02]
  RHS range        [1e+00, 3e+03]
Presolve removed 245 rows and 213 columns
Presolve time: 0.08s
Presolved: 784 rows, 2946 columns, 7314 nonzeros
Variable types: 300 continuous, 2646 integer (2412 binary)

Root relaxation: objective 1.252404e+04, 1032 iterations, 0.02 seconds

    Nodes    |    Current Node    |     Objective Bounds      |     Work
 Expl Unexpl |  Obj  Depth IntInf | Incumbent    BestBd   Gap | It/Node Time

     0     0 12524.0417    0  160          - 12524.0417      -     -    0s
     0     0 12770.7627    0  184          - 12770.7627      -     -    0s
     0     0 12779.6056    0  177          - 12779.6056      -     -    0s
     0     0 12810.5693    0  181          - 12810.5693      -     -    0s
     0     0 12858.1926    0  189          - 12858.1926      -     -    0s
     0     0 12866.9313    0  185          - 12866.9313      -     -    0s
     0     0 12869.9479    0  202          - 12869.9479      -     -    0s
     0     0 13238.8885    0  253          - 13238.8885      -     -    0s
     0     0 13438.6486    0  267          - 13438.6486      -     -    0s
     0     0 13474.6722    0  262          - 13474.6722      -     -    0s
     0     0 13499.0691    0  260          - 13499.0691      -     -    0s
     0     0 13522.4253    0  282          - 13522.4253      -     -    0s
     0     0 13525.2163    0  322          - 13525.2163      -     -    0s
     0     0 13525.3418    0  271          - 13525.3418      -     -    0s
     0     0 13657.5399    0  289          - 13657.5399      -     -    0s
     0     0 13733.8655    0  351          - 13733.8655      -     -    1s
     0     0 13771.1022    0  377          - 13771.1022      -     -    1s
     0     0 13786.5922    0  388          - 13786.5922      -     -    1s
     0     0 13787.5401    0  389          - 13787.5401      -     -    1s
     0     0 13831.8685    0  384          - 13831.8685      -     -    1s
     0     0 13880.4367    0  405          - 13880.4367      -     -    1s
     0     0 13889.7169    0  404          - 13889.7169      -     -    1s
     0     0 13891.2085    0  422          - 13891.2085      -     -    1s
     0     0 13908.0765    0  395          - 13908.0765      -     -    1s
     0     0 13911.2489    0  419          - 13911.2489      -     -    1s
     0     0 13911.9631    0  426          - 13911.9631      -     -    1s
     0     0 13923.1378    0  385          - 13923.1378      -     -    1s
     0     0 13923.1378    0  374          - 13923.1378      -     -    2s
     0     2 13923.3056    0  372          - 13923.3056      -     -    2s
    45    49 14701.1686   13  252          - 13960.1972      -   445    5s
   330   388 15926.0493  109   48          - 13960.1972      -   166   10s
*  599   570             191    21069.420000 13979.1915  33.7%   111   13s
H  637   563                    20113.790000 13979.6576  30.5%   113   13s
H  666   596                    20020.990000 13979.6576  30.2%   124   14s
   674   604 14452.1055   16  313 20020.9900 13979.6576  30.2%   126   15s
H  727   616                    19799.120000 13979.6576  29.4%   130   18s
H  728   585                    18992.050000 13979.6576  26.4%   130   19s
   733   589 14490.8157   38  416 18992.0500 14088.2574  25.8%   129   20s
H  745   567                    18962.050000 14140.7058  25.4%   127   22s
H  748   540                    18792.090000 14142.0017  24.7%   127   22s
   761   548 14351.7991   22  452 18792.0900 14155.6154  24.7%   124   25s
   763   550 16102.9285  130  449 18792.0900 14157.6429  24.7%   124   37s
H  763   524                    18784.090000 14157.6429  24.6%   137   38s
   766   527 14194.8720   17  466 18784.0900 14176.5547  24.5%   138   41s
   801   552 14346.3135   25  291 18784.0900 14205.4161  24.4%   154   45s
   878   608 14749.1652   42  317 18784.0900 14205.4161  24.4%   166   50s
   986   689 15314.5653   66  257 18784.0900 14205.4161  24.4%   169   55s
  1101   761 16005.2004   90  213 18784.0900 14205.4161  24.4%   170   60s
  1224   865 16430.4779  118  207 18784.0900 14205.4161  24.4%   170   65s
  1354   929 16657.1058  143  182 18784.0900 14205.4161  24.4%   165   72s
  1461  1065 16947.5563  165  185 18784.0900 14205.4161  24.4%   161   76s
  1624  1209 17052.6477  196  162 18784.0900 14205.4161  24.4%   153   80s
  1879  1267 18475.0665  250  127 18784.0900 14205.4161  24.4%   140   85s
  1973  1249 14281.5448   22  378 18784.0900 14231.9824  24.2%   139   93s
  1987  1263 14358.8637   27  310 18784.0900 14231.9824  24.2%   141   95s
  2038  1302 14804.0785   38  329 18784.0900 14231.9824  24.2%   151  100s
  2109  1355 15176.3807   55  277 18784.0900 14231.9824  24.2%   156  105s
  2197  1442 16142.2825   81  185 18784.0900 14231.9824  24.2%   158  112s
  2341  1588 16642.7802  158  165 18784.0900 14231.9824  24.2%   154  116s
  2561  1842 17263.9545  277  154 18784.0900 14232.6260  24.2%   146  121s
H 2714  1951                    18776.870000 14232.6260  24.2%   141  124s
  2823  1980 14429.3983   23  414 18776.8700 14232.6260  24.2%   139  127s
H 2826  1888                    18297.870000 14232.6260  22.2%   140  127s
  2905  1854 14480.7824   23  375 18297.8700 14232.6260  22.2%   138  130s
  2929  1894 14725.9410   32  308 18297.8700 14232.6260  22.2%   143  135s
  2982  1961 15272.6089   58  214 18297.8700 14232.6260  22.2%   147  141s
  3015  2028 15547.9842   72  158 18297.8700 14232.6260  22.2%   148  145s
  3244  2255 16617.8013  140   76 18297.8700 14236.9557  22.2%   143  159s
  3290  2256 16404.6133  181   16 18297.8700 14236.9557  22.2%   141  160s
  3395  2349 14473.4701   23  411 18297.8700 14240.4158  22.2%   142  165s
  3453  2470 14970.6094   39  368 18297.8700 14240.4158  22.2%   144  171s
  3561  2590 15297.0782   59  299 18297.8700 14240.4158  22.2%   142  175s
  3878  2729     cutoff  169      18297.8700 14264.1364  22.0%   136  183s
  3898  2743 14505.3751   24  430 18297.8700 14264.2218  22.0%   139  185s
  3927  2785 14961.4064   32  387 18297.8700 14264.2218  22.0%   143  190s
  3991  2962 15079.0184   38  371 18297.8700 14264.2218  22.0%   147  199s
  4187  2987 17652.9765  140   12 18297.8700 14264.2218  22.0%   142  200s
  4228  3034 15313.1373   55  321 18297.8700 14264.2218  22.0%   144  209s
  4250  3143 15442.3950   60  296 18297.8700 14264.2218  22.0%   145  213s
  4359  3416 15713.1177   78  248 18297.8700 14285.3871  21.9%   144  220s
  4683  3434 14716.7617   23  341 18297.8700 14298.2010  21.9%   139  225s
  4722  3524 15529.3424   41  349 18297.8700 14298.2010  21.9%   142  234s
  4792  3702 16708.3212   79  113 18297.8700 14306.1077  21.8%   142  239s
  4885  3705 18011.8483  168    4 18297.8700 14306.1077  21.8%   140  240s
  5031  3748     cutoff  164      18297.8700 14310.5418  21.8%   141  248s
  5061  3831 14675.3117   24  374 18297.8700 14310.5418  21.8%   142  251s
  5144  3957 15023.0692   34  278 18297.8700 14310.5418  21.8%   143  256s
  5280  4130 16106.1954   62  234 18297.8700 14310.5418  21.8%   142  263s
  5453  4299 16643.3022  133   18 18297.8700 14311.5965  21.8%   141  270s
  5668  4328 14807.1956   22  333 18297.8700 14311.6153  21.8%   138  276s
  5697  4655 15444.1635   38  319 18297.8700 14311.6153  21.8%   139  282s
  6050  4669 18174.3795  206   12 18297.8700 14315.8571  21.8%   134  288s
  6075  4870 15119.0411   31  299 18297.8700 14316.2571  21.8%   136  294s
  6182  4878 17887.3618  121   17 18297.8700 14316.2571  21.8%   134  295s
  6362  4927     cutoff  118      18297.8700 14333.3502  21.7%   135  303s
  6385  4964 14547.2611   24  359 18297.8700 14335.7695  21.7%   137  315s
  6422  5053 14798.1787   31  364 18297.8700 14335.7695  21.7%   139  320s
  6511  5359 15478.6914   48  128 18297.8700 14335.7695  21.7%   140  328s
