




arguments: ./build/bc_mirp -f ./input/orig_exec_60.cfg
Current dir: /scratch/gui/bc_mirp
File verbosity level: 9
date       time         ( uptime  ) [ thread name/id ]                   file:line     v| 
2021-02-07 02:22:02.074 (   0.149s) [main thread     ]             loguru.cpp:789   INFO| Logging to './output/vi_vc+lex_quarter/OU/V2/Original/execution_07_02_2021_02_22_02.log', mode: 'a', verbosity: 9
--------------------------------------------------------------------------------
Parameters
                           instance_path           ./input/Instances/Original/2/
                            model_policy                                       1
                             nb_vehicles                                       2
                              output_dir./output/vi_vc+lex_quarter/OU/V2/Original/
                            sec_strategy                                       1
                       solver_nb_threads                                       2
                         solver_show_log                                    true
                       solver_time_limit                                    3600
                              use_vi_cos                                   false
                              use_vi_cus                                   false
                         use_vi_hc1_full                                   false
                         use_vi_hc1_half                                   false
                      use_vi_hc1_quarter                                   false
                              use_vi_hc2                                   false
                              use_vi_hc3                                   false
                         use_vi_lex_full                                   false
                         use_vi_lex_half                                   false
                      use_vi_lex_quarter                                    true
                              use_vi_qua                                   false
                               use_vi_vc                                    true
                               use_vi_vr                                   false
--------------------------------------------------------------------------------
executing instance: ./input/Instances/Original/2/absH3high_3n40.dat
--------------------------------------------------------------------------------
Instance details
n	41
H	3
C	3283
Li:
[0, 0, 0, 0, 0, 0, 0, 0, 0, 0, 0, 0, 0, 0, 0, 0, 0, 0, 0, 0, 0, 0, 0, 0, 0, 0, 0, 0, 0, 0, 0, 0, 0, 0, 0, 0, 0, 0, 0, 0, 0, ]
Ui:
[0, 63, 111, 99, 96, 111, 282, 122, 156, 261, 42, 192, 126, 42, 162, 207, 159, 122, 102, 190, 118, 102, 132, 102, 165, 252, 66, 52, 22, 114, 210, 176, 116, 294, 78, 152, 210, 45, 130, 198, 174, ]
Distance matrix:
|0	208	225	252	227	143	258	127	267	150	28	83	163	286	57	149	201	137	214	255	70	73	107	186	328	266	249	343	222	177	293	144	262	215	167	120	169	218	143	173	255	|
|208	0	397	355	416	198	216	99	211	275	193	172	97	166	240	225	362	109	277	314	182	216	273	374	298	208	319	161	14	103	93	120	58	196	152	156	372	227	260	218	453	|
|225	397	0	427	53	364	482	343	492	129	253	225	382	386	171	188	39	291	187	195	295	182	282	55	326	491	180	551	408	315	457	366	455	275	392	244	221	439	341	214	101	|
|252	355	427	0	401	158	201	263	219	396	234	328	259	498	299	400	420	354	465	506	205	324	152	374	574	219	499	393	366	389	446	235	378	456	205	359	224	150	111	423	400	|
|227	416	53	401	0	357	477	352	489	165	253	245	389	424	179	223	85	315	234	245	293	200	264	42	375	488	231	565	428	344	484	370	474	314	392	270	184	430	325	252	50	|
|143	198	364	158	357	0	121	105	134	290	116	196	103	342	200	276	343	205	343	385	74	210	112	319	432	133	382	265	209	237	290	78	226	313	57	220	232	75	69	292	375	|
|258	216	482	201	477	121	0	168	18	397	230	293	135	381	314	372	459	275	437	480	188	317	228	439	501	18	479	197	222	296	290	132	212	386	95	306	347	58	173	381	496	|
|127	99	343	263	352	105	168	0	171	239	105	130	40	237	173	206	313	109	270	312	84	164	175	310	337	169	313	216	112	135	192	37	142	220	77	138	280	155	162	213	382	|
|267	211	492	219	489	134	18	171	0	404	240	298	136	376	323	376	468	276	441	483	198	324	243	450	500	2	483	181	215	294	281	136	202	386	102	309	363	75	189	384	509	|
|150	275	129	396	165	290	397	239	404	0	175	110	279	259	97	59	91	166	84	116	217	80	245	130	226	402	106	434	286	187	329	269	333	149	302	119	244	364	291	87	213	|
|28	193	253	234	253	116	230	105	240	175	0	94	139	286	84	167	229	136	234	275	43	96	98	212	341	238	271	320	206	175	281	118	244	225	140	128	180	191	124	189	280	|
|83	172	225	328	245	196	293	130	298	110	94	0	169	209	77	80	191	71	147	189	127	45	189	203	247	296	187	327	184	106	241	162	230	132	198	38	242	266	217	96	285	|
|163	97	382	259	389	103	135	40	136	279	139	169	0	253	212	244	353	141	307	349	110	203	194	347	366	133	350	183	107	161	187	27	124	251	56	175	306	133	169	249	418	|
|286	166	386	498	424	342	381	237	376	259	286	209	253	0	284	201	347	151	210	230	299	247	383	387	155	374	242	290	162	112	129	270	192	113	308	172	451	386	391	172	471	|
|57	240	171	299	179	200	314	173	323	97	84	77	212	284	0	112	145	147	170	208	127	38	148	137	299	321	201	386	253	183	315	195	297	195	222	112	171	275	195	142	214	|
|149	225	188	400	223	276	372	206	376	59	167	80	244	201	112	0	149	117	67	110	205	78	254	186	187	374	108	387	235	132	272	240	283	93	277	71	279	346	291	32	270	|
|201	362	39	420	85	343	459	313	468	91	229	191	353	347	145	149	0	254	149	160	272	150	271	66	290	466	146	518	373	278	419	339	420	235	367	207	227	418	327	175	135	|
|137	109	291	354	315	205	275	109	276	166	136	71	141	151	147	117	254	0	172	212	151	116	232	273	229	274	215	270	119	39	170	145	167	111	186	47	305	263	245	113	356	|
|214	277	187	465	234	343	437	270	441	84	234	147	307	210	170	67	149	172	0	42	272	141	317	205	144	439	43	437	284	175	307	305	331	99	343	132	327	413	357	60	283	|
|255	314	195	506	245	385	480	312	483	116	275	189	349	230	208	110	160	212	42	0	314	182	356	222	132	481	15	474	321	212	337	347	367	126	385	174	358	455	398	100	295	|
|70	182	295	205	293	74	188	84	198	217	43	127	110	299	127	205	272	151	272	314	0	137	91	253	370	196	310	292	195	188	274	85	226	252	99	155	197	148	94	223	316	|
|73	216	182	324	200	210	317	164	324	80	96	45	203	247	38	78	150	116	141	182	137	0	176	158	263	323	176	369	229	150	286	191	274	157	223	77	208	284	216	106	239	|
|107	273	282	152	264	112	228	175	243	245	98	189	194	383	148	254	271	232	317	356	91	176	0	231	435	242	349	371	286	271	365	167	315	321	164	224	120	174	61	280	274	|
|186	374	55	374	42	319	439	310	450	130	212	203	347	387	137	186	66	273	205	222	253	158	231	0	348	448	208	523	386	303	442	329	431	279	352	229	167	392	291	217	85	|
|328	298	326	574	375	432	501	337	500	226	341	247	366	155	299	187	290	229	144	132	370	263	435	348	0	498	147	441	299	206	283	374	338	119	414	215	465	492	463	157	425	|
|266	208	491	219	488	133	18	169	2	402	238	296	133	374	321	374	466	274	439	481	196	323	242	448	498	0	481	180	213	292	278	134	200	384	100	307	362	75	188	381	508	|
|249	319	180	499	231	382	479	313	483	106	271	187	350	242	201	108	146	215	43	15	310	176	349	208	147	481	0	480	326	217	346	347	373	135	385	175	347	454	392	103	280	|
|343	161	551	393	565	265	197	216	181	434	320	327	183	290	386	387	518	270	437	474	292	369	371	523	441	180	480	0	153	263	163	207	107	352	208	317	487	244	334	379	598	|
|222	14	408	366	428	209	222	112	215	286	206	184	107	162	253	235	373	119	284	321	195	229	286	386	299	213	326	153	0	109	81	132	48	201	162	167	386	236	272	226	466	|
|177	103	315	389	344	237	296	135	294	187	175	106	161	112	183	132	278	39	175	212	188	150	271	303	206	292	217	263	109	0	142	171	156	95	211	74	344	289	281	118	386	|
|293	93	457	446	484	290	290	192	281	329	281	241	187	129	315	272	419	170	307	337	274	286	365	442	283	278	346	163	81	142	0	212	79	211	241	214	461	311	353	254	525	|
|144	120	366	235	370	78	132	37	136	269	118	162	27	270	195	240	339	145	305	347	85	191	167	329	374	134	347	207	132	171	212	0	151	257	40	174	280	119	142	248	398	|
|262	58	455	378	474	226	212	142	202	333	244	230	124	192	297	283	420	167	331	367	226	274	315	431	338	200	373	107	48	156	79	151	0	245	173	214	421	237	293	273	510	|
|215	196	275	456	314	313	386	220	386	149	225	132	251	113	195	93	235	111	99	126	252	157	321	279	119	384	135	352	201	95	211	257	245	0	297	97	365	374	345	62	362	|
|167	152	392	205	392	57	95	77	102	302	140	198	56	308	222	277	367	186	343	385	99	223	164	352	414	100	385	208	162	211	241	40	173	297	0	213	283	79	126	287	415	|
|120	156	244	359	270	220	306	138	309	119	128	38	175	172	112	71	207	47	132	174	155	77	224	229	215	307	175	317	167	74	214	174	214	97	213	0	280	286	248	75	313	|
|169	372	221	224	184	232	347	280	363	244	180	242	306	451	171	279	227	305	327	358	197	208	120	167	465	362	347	487	386	344	461	280	421	365	283	280	0	291	175	310	176	|
|218	227	439	150	430	75	58	155	75	364	191	266	133	386	275	346	418	263	413	455	148	284	174	392	492	75	454	244	236	289	311	119	237	374	79	286	291	0	116	359	445	|
|143	260	341	111	325	69	173	162	189	291	124	217	169	391	195	291	327	245	357	398	94	216	61	291	463	188	392	334	272	281	353	142	293	345	126	248	175	116	0	313	335	|
|173	218	214	423	252	292	381	213	384	87	189	96	249	172	142	32	175	113	60	100	223	106	280	217	157	381	103	379	226	118	254	248	273	62	287	75	310	359	313	0	300	|
|255	453	101	400	50	375	496	382	509	213	280	285	418	471	214	270	135	356	283	295	316	239	274	85	425	508	280	598	466	386	525	398	510	362	415	313	176	445	335	300	0	|

--------------------------------------------------------------------------------
Building model...
	using lazy and cut (CVRPSEP package)
Solving IRP LP...
--------------------------------------------------------------------------------

Gurobi 9.1.0 (linux64) logging started Sun Feb  7 02:22:02 2021

Gurobi Optimizer version 9.1.0 build v9.1.0rc0 (linux64)
Thread count: 32 physical cores, 32 logical processors, using up to 2 threads
Optimize a model with 1025 rows, 5570 columns and 13088 nonzeros
Model fingerprint: 0x52eb3e4e
Variable types: 404 continuous, 5166 integer (246 binary)
Coefficient statistics:
  Matrix range     [1e+00, 2e+03]
  Objective range  [1e-01, 6e+02]
  Bounds range     [1e+00, 3e+02]
  RHS range        [1e+00, 6e+03]
Presolve removed 331 rows and 287 columns
Presolve time: 0.14s
Presolved: 694 rows, 5283 columns, 11855 nonzeros
Variable types: 240 continuous, 5043 integer (4806 binary)

Root relaxation: objective 1.221516e+04, 547 iterations, 0.01 seconds

    Nodes    |    Current Node    |     Objective Bounds      |     Work
 Expl Unexpl |  Obj  Depth IntInf | Incumbent    BestBd   Gap | It/Node Time

     0     0 12215.1645    0   99          - 12215.1645      -     -    0s
     0     0 12715.9435    0  111          - 12715.9435      -     -    0s
     0     0 13297.7301    0  167          - 13297.7301      -     -    0s
     0     0 13505.2643    0  181          - 13505.2643      -     -    0s
     0     0 13513.2714    0  224          - 13513.2714      -     -    0s
     0     0 13515.8790    0  200          - 13515.8790      -     -    0s
     0     0 13537.7829    0  181          - 13537.7829      -     -    0s
     0     0 13538.0115    0  183          - 13538.0115      -     -    0s
     0     0 13618.0278    0  252          - 13618.0278      -     -    0s
     0     0 13630.8637    0  224          - 13630.8637      -     -    0s
     0     0 13632.4275    0  210          - 13632.4275      -     -    0s
     0     0 13677.3459    0  262          - 13677.3459      -     -    0s
     0     0 13680.9595    0  279          - 13680.9595      -     -    1s
     0     0 13683.2126    0  310          - 13683.2126      -     -    1s
     0     0 13713.1593    0  258          - 13713.1593      -     -    1s
     0     0 13716.8135    0  285          - 13716.8135      -     -    1s
     0     0 13717.7956    0  285          - 13717.7956      -     -    1s
     0     0 13725.2558    0  366          - 13725.2558      -     -    1s
     0     0 13725.2558    0  366          - 13725.2558      -     -    1s
     0     2 13725.2558    0  366          - 13725.2558      -     -    1s
   160   178 14288.8943   46  100          - 13745.4276      -   110    5s
*  647   585             204    15578.940000 13745.4276  11.8%  45.9    7s
   683   545 13993.5278   13  206 15578.9400 13767.1191  11.6%  51.0   10s
H  723   553                    15545.940000 13767.1191  11.4%  56.7   13s
   734   560 14448.9850   57  351 15545.9400 13831.7421  11.0%  55.8   15s
   751   571 15224.9754  127  352 15545.9400 13861.6687  10.8%  54.5   20s
   781   594 13955.0259   21  334 15545.9400 13887.9638  10.7%  67.3   25s
   805   612 14033.2970   27  305 15545.9400 13887.9638  10.7%  74.1   30s
H  807   583                    15534.940000 13887.9638  10.6%  74.0   30s
   847   614 14119.1573   38  306 15534.9400 13887.9638  10.6%  83.5   35s
   959   703 14313.1016   68  146 15534.9400 13887.9638  10.6%  95.9   40s
H 1041   723                    15502.940000 13887.9638  10.4%  98.4   42s
* 1142   772             130    14826.380000 13887.9638  6.33%  95.6   44s
  1174   738     cutoff  136      14826.3800 13888.0894  6.33%  94.4   45s
  1223   754 14136.0057   24  237 14826.3800 13905.3876  6.21%   105   50s
  1263   788 14212.7360   33  191 14826.3800 13905.3876  6.21%   109   55s
  1368   867 14492.1990   58   67 14826.3800 13905.3876  6.21%   115   60s
  1511   893 14005.0562   22  232 14826.3800 13911.4103  6.17%   117   65s
  1621   948 14163.6595   36  180 14826.3800 13911.4103  6.17%   120   70s
  1688  1039 14389.8651   62   52 14826.3800 13911.4103  6.17%   122   75s
  1898  1109 14212.2672   18  264 14826.3800 13916.6535  6.14%   117   80s
  2007  1139 14151.0994   21  211 14826.3800 13928.7527  6.05%   117   86s
  2115  1272 14062.5820   21  350 14826.3800 13928.9807  6.05%   120   91s
  2235  1270 14473.1488   35   92 14826.3800 13928.9807  6.05%   118   95s
  2357  1374 14241.5663   20  272 14826.3800 13941.4105  5.97%   119  101s
  2525  1514 14123.4611   24  299 14826.3800 13949.0643  5.92%   117  106s
  2634  1605 14165.5454   26  261 14826.3800 13956.7648  5.87%   119  112s
  2702  1676 14639.5463   78   48 14826.3800 13959.0232  5.85%   119  115s
H 2750  1191                    14615.960000 13959.0232  4.49%   119  118s
  2760  1215 14121.2924   23  358 14615.9600 13959.0232  4.49%   120  120s
  2870  1373 14271.8276   48   48 14615.9600 13965.6357  4.45%   122  127s
  2984  1417 14162.8733   28  256 14615.9600 13971.7438  4.41%   121  130s
  3113  1489 14443.2239   40  114 14615.9600 13974.0951  4.39%   124  138s
  3149  1540 14127.9536   19  304 14615.9600 13974.0951  4.39%   124  142s
H 3164  1498                    14601.960000 13974.0951  4.30%   125  142s
  3208  1536     cutoff   34      14601.9600 13979.2618  4.26%   125  145s
  3371  1655 14563.9006   77   29 14601.9600 13992.0723  4.18%   126  152s
  3417  1691 14505.1417   32  131 14601.9600 13994.5140  4.16%   128  156s
H 3512  1503                    14525.960000 13998.6609  3.63%   131  160s
  3565  1560 14153.0444   29  254 14525.9600 14002.0927  3.61%   134  167s
  3628  1621 14169.3818   24  219 14525.9600 14004.8107  3.59%   135  171s
  3707  1749 14197.4175   26  359 14525.9600 14005.8807  3.58%   138  175s
  3870  1805 14194.1779   33  179 14525.9600 14008.0176  3.57%   136  181s
  3947  1882 14316.3225   32  249 14525.9600 14008.7244  3.56%   136  185s
  4052  1934 14463.6940   57   32 14525.9600 14009.2728  3.56%   138  191s
  4159  1968 14521.7913   56   24 14525.9600 14009.6398  3.55%   138  196s
  4235  2013 14285.8411   22  235 14525.9600 14013.0083  3.53%   140  200s
  4309  2083 14273.6834   23  310 14525.9600 14015.1363  3.52%   142  206s
  4438  2146 14120.2646   24  324 14525.9600 14016.6759  3.51%   144  211s
  4508  2254 14154.1735   20  282 14525.9600 14019.2408  3.49%   146  217s
  4663  2344 14272.2859   43  288 14525.9600 14024.3229  3.45%   146  224s
  4720  2344 14496.7012   38  182 14525.9600 14024.3229  3.45%   146  225s
  4800  2412 14127.0552   26  259 14525.9600 14027.8799  3.43%   147  230s
  4905  2450     cutoff   53      14525.9600 14033.5213  3.39%   149  250s
  4945  2532 14357.6256   34   93 14525.9600 14033.9103  3.39%   150  257s
  5074  2616     cutoff   37      14525.9600 14037.4829  3.36%   149  264s
  5206  2752 14346.9138   42  218 14525.9600 14039.3115  3.35%   151  271s
  5386  2897 14446.2449   31  107 14525.9600 14043.1280  3.32%   151  279s
  5579  3063 14362.3858   40  172 14525.9600 14049.2390  3.28%   150  287s
  5787  3244 infeasible   78      14525.9600 14052.0355  3.26%   150  297s
  6017  3325     cutoff   95      14525.9600 14053.2519  3.25%   150  305s
  6148  3412 14304.3877   29  223 14525.9600 14054.4735  3.25%   152  313s
  6316  3519 14271.0064   28  280 14525.9600 14056.3118  3.23%   153  320s
  6503  3625     cutoff   30      14525.9600 14056.4968  3.23%   153  329s
  6647  3722 14286.3398   25  241 14525.9600 14057.8509  3.22%   154  337s
  6813  3902 14193.9024   28  180 14525.9600 14059.0285  3.21%   155  346s
  7049  3990 14509.8136   66   85 14525.9600 14060.3354  3.21%   154  354s
  7154  3990 14301.9834   40   94 14525.9600 14061.8673  3.19%   155  355s
  7188  4062 14221.7898   28  237 14525.9600 14061.8814  3.19%   155  363s
  7331  4228 14192.7880   38  110 14525.9600 14063.7809  3.18%   157  372s
  7583  4339     cutoff   76      14525.9600 14065.5219  3.17%   156  382s
* 7585  4275              76    14512.870000 14065.5219  3.08%   156  382s
  7785  4307 14273.6330   28  275 14512.8700 14068.6343  3.06%   156  391s
  7847  4432 14267.4633   24  287 14512.8700 14070.4199  3.05%   157  401s
H 8055  3426                    14433.870000 14070.6471  2.52%   157  411s
  8190  3509 14140.9894   24  352 14433.8700 14073.5976  2.50%   159  420s
  8349  3588 14139.4127   25  342 14433.8700 14076.8874  2.47%   160  429s
  8507  3688     cutoff   38      14433.8700 14079.2777  2.46%   162  439s
  8657  3748 14306.4087   31  217 14433.8700 14080.0342  2.45%   163  450s
  8794  3817 14268.9880   34  304 14433.8700 14082.4688  2.43%   165  460s
H 8850  3614                    14420.870000 14082.4688  2.35%   166  461s
  8949  3676 14405.9036   30  207 14420.8700 14083.5040  2.34%   167  470s
  9091  3737 14151.6415   28  244 14420.8700 14084.5871  2.33%   169  479s
  9146  3737 14260.6671   22  240 14420.8700 14084.5871  2.33%   169  480s
  9221  3813 14246.2983   32  257 14420.8700 14085.9191  2.32%   170  490s
  9369  3981 14178.6392   31  347 14420.8700 14087.9736  2.31%   172  500s
  9610  4023     cutoff   45      14420.8700 14089.3956  2.30%   171  511s
  9717  4099 14294.3926   28  246 14420.8700 14090.3436  2.29%   173  520s
  9873  4232 14305.6779   27  322 14420.8700 14092.2446  2.28%   174  531s
 10086  4296 14409.3381   44   54 14420.8700 14094.4784  2.26%   175  541s
 10226  4380 14303.9697   30  179 14420.8700 14095.7452  2.25%   176  551s
H10375  3726                    14382.710000 14097.9556  1.98%   178  560s
 10475  3797     cutoff   41      14382.7100 14099.6785  1.97%   179  570s
 10623  3911 14322.1732   64   93 14382.7100 14101.1876  1.96%   180  580s
 10822  4007 14299.7474   36  266 14382.7100 14102.4094  1.95%   180  591s
 10996  4086 14201.9880   29  304 14382.7100 14104.2059  1.94%   181  601s
 11156  4135 14284.6078   27  196 14382.7100 14105.7802  1.93%   182  611s
 11318  4259 14225.3718   36  101 14382.7100 14108.3498  1.91%   183  621s
 11554  4318 14184.8328   39  102 14382.7100 14110.5334  1.89%   182  633s
 11738  4361 14315.5133   24  288 14382.7100 14111.7046  1.88%   183  643s
 11871  4461 14316.6272   32   47 14382.7100 14113.1086  1.87%   185  653s
 12054  4536 14237.0342   35   98 14382.7100 14115.8361  1.86%   185  663s
 12235  4586 14295.5647   26  215 14382.7100 14117.3987  1.84%   186  674s
 12395  4599 14294.7317   25  271 14382.7100 14119.1632  1.83%   187  685s
 12445  4644 14334.4902   29  229 14382.7100 14119.8429  1.83%   187  695s
 12570  4723 14298.7050   27  255 14382.7100 14120.9046  1.82%   188  704s
 12751  4772 14360.9753   33  227 14382.7100 14122.4759  1.81%   189  714s
 12898  4817 14291.0646   24  272 14382.7100 14124.1057  1.80%   190  724s
 12967  4817 14328.3800   34   48 14382.7100 14125.7890  1.79%   191  725s
 13041  4886 14367.2244   51  135 14382.7100 14125.8973  1.79%   191  735s
 13221  4920 14331.6492   41   20 14382.7100 14126.9991  1.78%   192  745s
 13390  4982 14280.8789   29  146 14382.7100 14127.8456  1.77%   193  756s
 13554  5017     cutoff   38      14382.7100 14128.7054  1.77%   194  766s
 13705  5098 14293.1841   36  292 14382.7100 14130.6152  1.75%   195  777s
 13875  5151 14352.0363   42  188 14382.7100 14132.4420  1.74%   195  789s
 14041  5201     cutoff   34      14382.7100 14133.6048  1.73%   196  799s
 14127  5201 14237.0317   55   30 14382.7100 14133.6048  1.73%   197  800s
 14209  5274 14248.5562   66   76 14382.7100 14134.8393  1.72%   197  810s
 14408  5357     cutoff   32      14382.7100 14136.9582  1.71%   198  821s
 14597  5416     cutoff   26      14382.7100 14137.7708  1.70%   198  832s
 14758  5486     cutoff   49      14382.7100 14138.8490  1.70%   199  843s
 14954  5564 14325.0506   34  254 14382.7100 14139.7767  1.69%   200  854s
 15051  5564 14335.5300   44   10 14382.7100 14139.7767  1.69%   200  855s
 15143  5616     cutoff   46      14382.7100 14140.9853  1.68%   200  866s
 15292  5712 14335.1146   33  188 14382.7100 14141.9798  1.67%   201  877s
 15525  5795 14324.4163   39  205 14382.7100 14142.8524  1.67%   201  888s
 15725  5830 14227.8208   21  329 14382.7100 14144.5090  1.66%   202  899s
 15799  5830 14262.2315   30  250 14382.7100 14145.0625  1.65%   202  900s
 15871  5862     cutoff   38      14382.7100 14145.1340  1.65%   202  910s
 16034  5902 14278.7305   27  305 14382.7100 14146.5562  1.64%   203  921s
 16202  5951 14296.6077   27  232 14382.7100 14147.9311  1.63%   204  931s
 16365  6056 14223.1119   29  253 14382.7100 14149.2004  1.62%   205  943s
 16588  6168 14299.0239   33  295 14382.7100 14150.2816  1.62%   205  955s
 16847  6232 infeasible   28      14382.7100 14151.5093  1.61%   205  967s
 17016  6284 14333.8107   32  341 14382.7100 14152.4387  1.60%   205  978s
 17201  6338 14334.7916   37  226 14382.7100 14153.5814  1.59%   206  990s
 17386  6396 14311.4597   28  193 14382.7100 14154.1976  1.59%   206 1001s
 17568  6492 14265.3465   31  276 14382.7100 14155.0495  1.58%   207 1013s
 17805  6610     cutoff   29      14382.7100 14155.7453  1.58%   207 1025s
 18043  6662 14260.9727   28  275 14382.7100 14156.4908  1.57%   206 1039s
 18204  6773 14201.1008   32  104 14382.7100 14157.1427  1.57%   207 1050s
 18433  6831     cutoff   40      14382.7100 14158.2083  1.56%   207 1061s
 18652  6885 14315.1888   40   99 14382.7100 14159.1537  1.55%   207 1074s
 18842  6885 14347.3078   33   68 14382.7100 14160.1372  1.55%   207 1075s
 18856  6957     cutoff   35      14382.7100 14160.1695  1.55%   207 1085s
 19058  7093 14350.6603   32  289 14382.7100 14161.0454  1.54%   208 1096s
 19340  7140     cutoff   28      14382.7100 14161.8703  1.54%   207 1108s
 19522  7226 14356.4768   24  246 14382.7100 14163.3676  1.53%   208 1119s
 19612  7226 14278.9681   52   83 14382.7100 14163.3676  1.53%   208 1120s
 19773  7276 14326.1532   50  190 14382.7100 14164.1013  1.52%   208 1130s
 19927  7303 14271.8902   23  298 14382.7100 14165.3971  1.51%   208 1141s
 20072  7371 14314.1988   35  251 14382.7100 14166.6251  1.50%   209 1152s
 20262  7455 14351.4109   27  318 14382.7100 14167.6810  1.50%   209 1165s
 20495  7563     cutoff   53      14382.7100 14168.1755  1.49%   209 1177s
 20728  7642 14278.6959   47  121 14382.7100 14168.8465  1.49%   209 1189s
 20862  7642 14345.0573   42   54 14382.7100 14168.8465  1.49%   209 1190s
 20962  7765 14353.5150   44   55 14382.7100 14169.6097  1.48%   209 1201s
 21244  7861 14247.1121   53   33 14382.7100 14170.5954  1.47%   209 1214s
 21490  7895 14366.8960   47   33 14382.7100 14171.4471  1.47%   209 1225s
 21678  7991 14371.0200   49   16 14382.7100 14172.5504  1.46%   209 1237s
*21681  7795              51    14374.510000 14172.5504  1.40%   209 1237s
 21892  7825     cutoff   51      14374.5100 14173.4073  1.40%   209 1250s
 22062  7894 14324.2312   30  247 14374.5100 14174.1358  1.39%   210 1261s
 22291  7980 14361.7902   31  114 14374.5100 14175.3865  1.39%   209 1272s
 22492  8066     cutoff   34      14374.5100 14176.5610  1.38%   210 1285s
 22764  8108 14297.1062   35  206 14374.5100 14177.2867  1.37%   209 1299s
 22947  8149 14237.9717   29  330 14374.5100 14177.8044  1.37%   210 1311s
 23124  8184 14276.2143   28  291 14374.5100 14178.0415  1.37%   210 1322s
 23297  8258 14283.1023   27  195 14374.5100 14178.6328  1.36%   211 1336s
 23494  8308     cutoff   48      14374.5100 14179.4332  1.36%   211 1347s
 23685  8374 14281.5589   24  301 14374.5100 14180.5296  1.35%   211 1359s
 23917  8425     cutoff   35      14374.5100 14181.9961  1.34%   211 1371s
 24125  8523 14288.7656   30  219 14374.5100 14183.0388  1.33%   211 1383s
 24348  8603 14256.5206   45   61 14374.5100 14183.8769  1.33%   211 1397s
 24568  8637 14212.2410   30  254 14374.5100 14184.6768  1.32%   211 1409s
 24670  8638     cutoff   36      14374.5100 14185.1510  1.32%   211 1410s
 24750  8668     cutoff   50      14374.5100 14185.3276  1.32%   211 1422s
 24936  8742 14229.2289   34  222 14374.5100 14185.8767  1.31%   212 1435s
 25161  8781 14352.1799   37  155 14374.5100 14186.2369  1.31%   212 1447s
 25310  8894 14349.4605   27  174 14374.5100 14186.9449  1.30%   212 1460s
 25611  8977     cutoff   72      14374.5100 14187.6615  1.30%   212 1473s
 25809  9047     cutoff   30      14374.5100 14188.1436  1.30%   212 1487s
 26072  9107     cutoff   49      14374.5100 14188.5094  1.29%   212 1499s
 26290  9162     cutoff   41      14374.5100 14189.0044  1.29%   211 1511s
 26439  9183     cutoff   40      14374.5100 14189.6058  1.29%   212 1524s
 26632  9204 14281.0718   30  171 14374.5100 14190.5456  1.28%   212 1537s
 26827  9245     cutoff   39      14374.5100 14191.0424  1.28%   212 1549s
 26941  9245     cutoff   42      14374.5100 14191.6842  1.27%   212 1550s
 27014  9295     cutoff   31      14374.5100 14191.7195  1.27%   212 1562s
 27265  9340 14364.3685   39  192 14374.5100 14192.5041  1.27%   212 1574s
 27367  9340 14259.5957   35  114 14374.5100 14192.5041  1.27%   212 1575s
 27471  9441 14308.2905   37  141 14374.5100 14193.1935  1.26%   212 1586s
 27753  9518     cutoff   44      14374.5100 14193.8605  1.26%   212 1599s
 27978  9556 14321.6871   37  145 14374.5100 14194.3079  1.25%   212 1610s
 28144  9596 14314.8763   44  253 14374.5100 14195.1050  1.25%   212 1622s
 28329  9619 14280.8039   24  277 14374.5100 14196.1566  1.24%   212 1635s
 28480  9637 14249.5726   27  304 14374.5100 14196.6059  1.24%   213 1706s
 28554  9683 14350.0605   42   99 14374.5100 14196.8250  1.24%   213 1719s
 28735  9724 14299.4032   32  308 14374.5100 14197.3470  1.23%   213 1736s
 28861  9771 14359.7228   30  168 14374.5100 14197.7050  1.23%   213 1748s
 29085  9833 14348.7725   29  299 14374.5100 14198.2436  1.23%   214 1761s
 29318  9922 14243.9503   31  217 14374.5100 14198.8086  1.22%   213 1779s
 29547  9963 14331.2833   25  261 14374.5100 14199.2409  1.22%   214 1791s
 29736 10062 14330.0088   46   74 14374.5100 14199.7218  1.22%   214 1804s
 29932 10064 14297.3293   32  238 14374.5100 14200.6969  1.21%   214 1805s
 29979 10142 14357.7100   47    - 14374.5100 14200.7275  1.21%   214 1817s
 30208 10181     cutoff   29      14374.5100 14201.4058  1.20%   214 1831s
 30443 10240     cutoff   28      14374.5100 14202.3311  1.20%   214 1845s
 30723 10275 14322.6161   35  173 14374.5100 14202.6106  1.20%   214 1859s
 30909 10306 14338.0785   42  217 14374.5100 14202.9728  1.19%   214 1871s
 31077 10349     cutoff   36      14374.5100 14203.6236  1.19%   214 1884s
 31308 10436     cutoff   38      14374.5100 14204.1005  1.19%   215 1898s
 31564 10509 14254.6033   34  168 14374.5100 14204.6779  1.18%   214 1912s
 31815 10569 infeasible   27      14374.5100 14205.2373  1.18%   214 1925s
 32034 10599     cutoff   29      14374.5100 14205.9943  1.17%   215 1938s
 32235 10621 14287.7177   29  321 14374.5100 14206.6498  1.17%   215 1951s
 32410 10681 14285.7674   35  258 14374.5100 14207.1971  1.16%   215 1964s
 32544 10681 14367.7406   40  185 14374.5100 14207.6215  1.16%   215 1965s
 32683 10775     cutoff   46      14374.5100 14207.6323  1.16%   215 1978s
 33029 10843 14286.0128   30  277 14374.5100 14208.4641  1.16%   214 1992s
 33297 10917     cutoff   33      14374.5100 14208.9955  1.15%   214 2006s
 33597 10931 14297.4970   31  281 14374.5100 14209.7935  1.15%   214 2018s
 33802 11010     cutoff   38      14374.5100 14210.7180  1.14%   214 2033s
 34094 11109     cutoff   34      14374.5100 14211.3565  1.14%   214 2047s
 34389 11141 14327.8641   27  259 14374.5100 14211.8560  1.13%   214 2067s
 34543 11180     cutoff   32      14374.5100 14212.2131  1.13%   214 2083s
 34704 11229 14272.0445   25  155 14374.5100 14212.5709  1.13%   214 2101s
 34884 11261     cutoff   33      14374.5100 14213.2447  1.12%   214 2119s
 35019 11321     cutoff   36      14374.5100 14213.8354  1.12%   215 2132s
 35270 11379     cutoff   43      14374.5100 14214.4333  1.11%   215 2147s
 35507 11418     cutoff   31      14374.5100 14214.8867  1.11%   215 2161s
 35809 11465 14325.6092   38  107 14374.5100 14215.4624  1.11%   214 2175s
 36132 11512     cutoff   21      14374.5100 14215.9149  1.10%   214 2189s
 36228 11512     cutoff   36      14374.5100 14216.3680  1.10%   214 2190s
 36357 11548 14282.0009   23  276 14374.5100 14216.4329  1.10%   214 2203s
 36562 11567 14305.3929   28  231 14374.5100 14216.7248  1.10%   214 2216s
 36746 11636 14292.4461   25  246 14374.5100 14217.7212  1.09%   215 2230s
 37023 11692 14313.2349   34  146 14374.5100 14218.3315  1.09%   215 2244s
 37283 11765 14325.4952   61   89 14374.5100 14218.6472  1.08%   215 2258s
 37561 11804 14351.4025   45   74 14374.5100 14219.1340  1.08%   215 2271s
 37812 11883     cutoff   23      14374.5100 14219.8647  1.08%   215 2286s
 38073 11910     cutoff   32      14374.5100 14220.2320  1.07%   215 2300s
 38304 11936 14253.3939   22  312 14374.5100 14220.6382  1.07%   215 2313s
 38489 12022     cutoff   26      14374.5100 14221.2682  1.07%   215 2327s
 38773 12028     cutoff   33      14374.5100 14221.6607  1.06%   215 2341s
 38970 12071 14239.1299   36  240 14374.5100 14222.2081  1.06%   215 2354s
 39158 12095     cutoff   36      14374.5100 14222.8058  1.06%   215 2368s
 39448 12137 14251.1760   24  200 14374.5100 14223.3586  1.05%   215 2383s
 39702 12160 14277.3606   26  232 14374.5100 14223.8794  1.05%   215 2397s
 39928 12247 14297.8928   31  228 14374.5100 14224.3026  1.04%   215 2412s
 40265 12321 14330.4568   33  151 14374.5100 14224.8761  1.04%   215 2426s
 40543 12337 14345.4065   31  238 14374.5100 14225.5286  1.04%   215 2440s
 40728 12422     cutoff   34      14374.5100 14225.8168  1.03%   215 2455s
 41059 12455 14296.0963   30  257 14374.5100 14226.2874  1.03%   215 2469s
*41145 12173              50    14365.740000 14226.2874  0.97%   215 2470s
 41325 12175     cutoff   36      14365.7400 14226.7035  0.97%   215 2485s
 41514 12203 14284.0999   36  121 14365.7400 14227.2363  0.96%   215 2499s
 41628 12203 14312.6794   27  205 14365.7400 14227.6575  0.96%   215 2500s
 41713 12245     cutoff   30      14365.7400 14227.6657  0.96%   215 2516s
 41963 12282 14341.6240   35  249 14365.7400 14228.0122  0.96%   215 2530s
 42268 12336 14353.7839   29   39 14365.7400 14228.5958  0.95%   215 2545s
 42555 12395     cutoff   44      14365.7400 14229.1942  0.95%   214 2559s
 42667 12395 14262.9181   48   97 14365.7400 14229.1942  0.95%   214 2560s
 42829 12424 14348.4694   43  147 14365.7400 14229.7229  0.95%   214 2574s
 43080 12476     cutoff   46      14365.7400 14230.2679  0.94%   214 2589s
 43351 12550 14283.7865   36  112 14365.7400 14230.9423  0.94%   214 2604s
 43562 12552 14334.5739   50  166 14365.7400 14231.4055  0.94%   214 2605s
 43623 12617     cutoff   45      14365.7400 14231.4434  0.93%   214 2620s
 43913 12688     cutoff   45      14365.7400 14231.9344  0.93%   214 2636s
 44220 12728     cutoff   35      14365.7400 14232.3921  0.93%   214 2653s
 44508 12768 14352.6340   33  135 14365.7400 14232.8567  0.93%   214 2668s
 44785 12810 14363.3200   33  210 14365.7400 14233.2367  0.92%   214 2683s
 45057 12843 14287.9653   34  174 14365.7400 14233.6125  0.92%   213 2698s
 45355 12851 14292.4292   25  307 14365.7400 14234.1476  0.92%   213 2713s
 45609 12933 14350.2113   39  183 14365.7400 14234.6406  0.91%   213 2729s
 45737 12933 14302.4366   34  204 14365.7400 14234.6406  0.91%   213 2730s
 45965 12977     cutoff   38      14365.7400 14235.1583  0.91%   212 2745s
 46258 13024 14312.0060   40  158 14365.7400 14235.6327  0.91%   212 2762s
 46527 13069 14321.8470   44  189 14365.7400 14236.0273  0.90%   212 2777s
 46799 13099 14312.2616   40  158 14365.7400 14236.4591  0.90%   212 2792s
 47062 13097     cutoff   34      14365.7400 14236.8577  0.90%   213 2807s
 47308 13145     cutoff   38      14365.7400 14237.1898  0.89%   213 2822s
 47590 13168     cutoff   27      14365.7400 14237.8448  0.89%   213 2839s
 47872 13210 14307.8924   49  176 14365.7400 14238.2403  0.89%   213 2855s
 48177 13232     cutoff   27      14365.7400 14238.6500  0.88%   213 2871s
 48410 13293 14308.9182   31  308 14365.7400 14239.1033  0.88%   213 2886s
 48706 13315 14323.0069   39   85 14365.7400 14239.4709  0.88%   213 2901s
 48970 13382 14332.8481   38  124 14365.7400 14239.9413  0.88%   212 2916s
 49272 13407 14348.5328   37   44 14365.7400 14240.4378  0.87%   212 2932s
 49553 13452 14324.2756   36  194 14365.7400 14241.0311  0.87%   212 2947s
 49850 13500     cutoff   30      14365.7400 14241.4856  0.86%   212 2964s
 50181 13556     cutoff   36      14365.7400 14242.1024  0.86%   211 2982s
 50525 13607     cutoff   29      14365.7400 14242.5887  0.86%   211 2998s
 50776 13613 14312.5126   31  106 14365.7400 14243.0160  0.85%   211 3013s
 51027 13657 14292.0054   33  244 14365.7400 14243.4376  0.85%   211 3029s
 51114 13657 14349.2067   40   15 14365.7400 14243.4376  0.85%   211 3030s
 51365 13661 14356.7343   28  104 14365.7400 14244.2585  0.85%   211 3045s
 51640 13679 14351.2502   45  195 14365.7400 14244.6066  0.84%   211 3060s
 51904 13726     cutoff   36      14365.7400 14245.3016  0.84%   211 3076s
 52204 13747 14305.3695   35  221 14365.7400 14245.6666  0.84%   211 3091s
 52485 13778 14307.3426   25  199 14365.7400 14246.2089  0.83%   211 3107s
 52761 13804     cutoff   46      14365.7400 14246.4987  0.83%   211 3123s
 53083 13829 14319.0009   32  321 14365.7400 14246.9794  0.83%   211 3139s
 53307 13854     cutoff   30      14365.7400 14247.2720  0.82%   211 3155s
 53589 13873     cutoff   37      14365.7400 14247.8224  0.82%   211 3171s
 53876 13874 14331.7825   41  143 14365.7400 14248.2831  0.82%   211 3194s
 53990 13874 14360.6577   44   77 14365.7400 14248.2831  0.82%   211 3195s
 54137 13905     cutoff   36      14365.7400 14248.7820  0.81%   211 3213s
 54377 13922 14286.6134   41  164 14365.7400 14249.1138  0.81%   211 3239s
 54499 13922     cutoff   23      14365.7400 14249.5449  0.81%   211 3240s
 54641 13955 14284.4153   32  210 14365.7400 14249.5511  0.81%   211 3255s
 54922 13989 14327.2789   27  184 14365.7400 14249.9634  0.81%   211 3271s
*55018 13638              41    14358.600000 14249.9634  0.76%   211 3271s
 55213 13672 14300.3846   30  212 14358.6000 14250.3465  0.75%   211 3288s
 55523 13676 14330.2649   36   53 14358.6000 14250.9675  0.75%   211 3304s
 55810 13690     cutoff   28      14358.6000 14251.4884  0.75%   211 3321s
 55993 13716 14296.1931   33  192 14358.6000 14251.6780  0.74%   211 3337s
 56301 13719 14340.1747   36   94 14358.6000 14252.0645  0.74%   211 3352s
 56569 13711 14317.0658   45  137 14358.6000 14252.6207  0.74%   211 3368s
 56841 13763 14315.2270   42  188 14358.6000 14253.1939  0.73%   211 3384s
 56940 13763 14339.7947   50   53 14358.6000 14253.1939  0.73%   211 3385s
 57194 13772     cutoff   33      14358.6000 14253.6538  0.73%   211 3400s
 57448 13770 14328.7956   30  271 14358.6000 14254.0385  0.73%   211 3416s
 57743 13758 14325.0084   32  173 14358.6000 14254.5155  0.72%   211 3432s
 58007 13760 14338.5460   38  198 14358.6000 14254.9603  0.72%   211 3448s
 58285 13768     cutoff   26      14358.6000 14255.5462  0.72%   211 3466s
 58550 13751 14343.9624   33  144 14358.6000 14256.0751  0.71%   211 3482s
 58819 13745 14317.8758   36  257 14358.6000 14256.7952  0.71%   211 3499s
 59029 13745 14299.0433   33  190 14358.6000 14257.3232  0.71%   211 3500s
 59088 13757 14299.1533   29  237 14358.6000 14257.3360  0.71%   211 3518s
 59480 13763     cutoff   52      14358.6000 14257.6819  0.70%   211 3536s
 59585 13764 14321.1348   45   31 14358.6000 14257.6819  0.70%   211 3540s
 59784 13766     cutoff   50      14358.6000 14258.1541  0.70%   211 3555s
 60112 13775 14326.3815   27  294 14358.6000 14258.6811  0.70%   211 3570s
 60333 13770 14328.1262   31  214 14358.6000 14259.1237  0.69%   211 3586s
 60645 13798     cutoff   36      14358.6000 14259.5130  0.69%   211 3600s

Cutting planes:
  User: 1515
  Gomory: 37
  Cover: 264
  Implied bound: 60
  Clique: 42
  MIR: 70
  StrongCG: 3
  Flow cover: 266
  GUB cover: 2
  Zero half: 30
  RLT: 194
  Relax-and-lift: 2
  Lazy constraints: 2725

Explored 60875 nodes (12835105 simplex iterations) in 3600.76 seconds
Thread count was 2 (of 32 available processors)

Solution count 10: 14358.6 14365.7 14374.5 ... 14616

Time limit reached
Best objective 1.435860000000e+04, best bound 1.425988736626e+04, gap 0.6875%

User-callback calls 268745, time in user-callback 250.03 sec
================================================================================
executing instance: ./input/Instances/Original/2/absH3high_4n10.dat
--------------------------------------------------------------------------------
Instance details
n	11
H	3
C	822
Li:
[0, 0, 0, 0, 0, 0, 0, 0, 0, 0, 0, ]
Ui:
[0, 102, 52, 88, 182, 153, 138, 38, 165, 297, 86, ]
Distance matrix:
|0	285	411	382	327	239	148	256	307	36	383	|
|285	0	352	98	249	103	227	235	120	268	209	|
|411	352	0	395	106	430	263	549	234	429	174	|
|382	98	395	0	302	173	320	288	168	364	227	|
|327	249	106	302	0	324	179	444	135	339	109	|
|239	103	430	173	324	0	241	132	212	212	305	|
|148	227	263	320	179	241	0	325	192	165	249	|
|256	235	549	288	444	132	325	0	342	220	436	|
|307	120	234	168	135	212	192	342	0	304	94	|
|36	268	429	364	339	212	165	220	304	0	386	|
|383	209	174	227	109	305	249	436	94	386	0	|

--------------------------------------------------------------------------------
Building model...
	using lazy and cut (CVRPSEP package)
Solving IRP LP...
--------------------------------------------------------------------------------

Gurobi 9.1.0 (linux64) logging started Sun Feb  7 03:22:10 2021

Gurobi Optimizer version 9.1.0 build v9.1.0rc0 (linux64)
Thread count: 32 physical cores, 32 logical processors, using up to 2 threads
Optimize a model with 275 rows, 500 columns and 1490 nonzeros
Model fingerprint: 0x99d9202b
Variable types: 104 continuous, 396 integer (66 binary)
Coefficient statistics:
  Matrix range     [1e+00, 4e+02]
  Objective range  [2e-01, 5e+02]
  Bounds range     [1e+00, 3e+02]
  RHS range        [1e+00, 1e+03]
Presolve removed 100 rows and 81 columns
Presolve time: 0.02s
Presolved: 175 rows, 419 columns, 1132 nonzeros
Variable types: 56 continuous, 363 integer (306 binary)
Found heuristic solution: objective 8081.0900000

Root relaxation: objective 3.740135e+03, 223 iterations, 0.01 seconds

    Nodes    |    Current Node    |     Objective Bounds      |     Work
 Expl Unexpl |  Obj  Depth IntInf | Incumbent    BestBd   Gap | It/Node Time

     0     0 3740.13526    0   51 8081.09000 3740.13526  53.7%     -    0s
