




arguments: ./build/mirp_solver -f ./input/orig_exec_354.cfg
Current dir: /scratch/gui/bnc_mirp
File verbosity level: 9
date       time         ( uptime  ) [ thread name/id ]                   file:line     v| 
2021-01-23 14:50:56.441 (   0.244s) [main thread     ]             loguru.cpp:789   INFO| Logging to './output/vi_hc1_full/OU/V4/Original/execution_23_01_2021_14_50_56.log', mode: 'a', verbosity: 9
--------------------------------------------------------------------------------
Parameters
                           instance_path           ./input/Instances/Original/4/
                            model_policy                                       1
                             nb_vehicles                                       4
                              output_dir    ./output/vi_hc1_full/OU/V4/Original/
                            sec_strategy                                       1
                       solver_nb_threads                                       2
                         solver_show_log                                    true
                       solver_time_limit                                    3600
                              use_vi_cos                                   false
                              use_vi_cus                                   false
                         use_vi_hc1_full                                    true
                         use_vi_hc1_half                                   false
                      use_vi_hc1_quarter                                   false
                              use_vi_hc2                                   false
                              use_vi_hc3                                   false
                         use_vi_lex_full                                   false
                         use_vi_lex_half                                   false
                      use_vi_lex_quarter                                   false
                              use_vi_qua                                   false
                               use_vi_vc                                   false
                               use_vi_vr                                   false
--------------------------------------------------------------------------------
executing instance: ./input/Instances/Original/4/absH3low_3n30.dat
--------------------------------------------------------------------------------
Instance details
n	31
H	3
C	2841
Li:
[0, 0, 0, 0, 0, 0, 0, 0, 0, 0, 0, 0, 0, 0, 0, 0, 0, 0, 0, 0, 0, 0, 0, 0, 0, 0, 0, 0, 0, 0, 0, ]
Ui:
[0, 246, 98, 54, 144, 171, 192, 180, 165, 98, 122, 198, 297, 144, 130, 129, 219, 138, 142, 150, 108, 66, 64, 285, 180, 204, 276, 168, 240, 198, 122, ]
Distance matrix:
|0	172	56	166	260	198	42	197	296	110	91	112	238	275	323	183	330	232	175	181	162	191	232	280	201	139	356	185	266	216	26	|
|172	0	178	223	320	335	153	355	444	62	231	99	333	376	214	352	176	235	194	106	47	41	353	161	299	175	225	43	326	374	153	|
|56	178	0	110	204	162	93	233	336	125	144	148	187	226	358	180	313	284	123	152	182	185	282	252	256	88	329	177	210	251	42	|
|166	223	110	0	102	150	199	327	431	194	253	237	113	156	431	228	296	386	44	140	248	208	389	218	366	48	287	200	108	344	148	|
|260	320	204	102	0	156	296	391	493	296	340	339	66	90	531	263	362	486	127	226	349	300	469	278	454	148	334	292	6	406	245	|
|198	335	162	150	156	0	239	255	351	286	245	307	93	106	518	111	442	423	194	280	344	335	349	367	352	182	437	327	158	266	199	|
|42	153	93	199	296	239	0	203	296	91	82	76	278	316	284	217	322	191	201	186	133	180	217	281	177	165	356	175	302	222	52	|
|197	355	233	327	391	255	203	0	104	294	125	266	340	361	436	151	524	276	352	377	330	383	109	477	146	319	553	377	395	19	222	|
|296	444	336	431	493	351	296	104	0	384	214	348	440	456	488	241	617	315	456	476	412	475	113	575	176	422	651	470	497	88	322	|
|110	62	125	194	296	286	91	294	384	0	171	55	298	340	238	292	233	210	176	118	58	91	298	201	248	148	273	87	302	313	94	|
|91	231	144	253	340	245	82	125	214	171	0	141	307	339	324	184	403	187	266	266	204	261	140	363	114	230	438	256	346	144	116	|
|112	99	148	237	339	307	76	266	348	55	141	0	332	373	212	292	275	156	225	173	64	137	254	253	200	194	322	135	345	284	108	|
|238	333	187	113	66	93	278	340	440	298	307	332	0	43	536	203	404	469	153	253	354	321	427	322	420	160	385	313	67	353	229	|
|275	376	226	156	90	106	316	361	456	340	339	373	43	0	578	216	443	507	194	295	397	364	453	361	451	203	421	356	88	372	268	|
|323	214	358	431	531	518	284	436	488	238	324	212	536	578	0	498	309	176	407	320	183	245	376	344	312	383	379	251	537	451	319	|
|183	352	180	228	263	111	217	151	241	292	184	292	203	216	498	0	492	371	266	328	345	364	255	426	272	242	501	356	266	159	198	|
|330	176	313	296	362	442	322	524	617	233	403	275	404	443	309	492	0	397	253	164	218	142	529	84	475	260	72	147	367	543	306	|
|232	235	284	386	486	423	191	276	315	210	187	156	469	507	176	371	397	0	379	327	188	276	202	396	139	346	456	277	492	289	242	|
|175	194	123	44	127	194	201	352	456	176	266	225	153	194	407	266	253	379	0	101	225	174	405	174	375	36	244	166	133	370	152	|
|181	106	152	140	226	280	186	377	476	118	266	173	253	295	320	328	164	327	101	0	148	76	403	100	360	98	177	69	232	396	155	|
|162	47	182	248	349	344	133	330	412	58	204	64	354	397	183	345	218	188	225	148	0	89	316	208	259	201	270	90	355	348	149	|
|191	41	185	208	300	335	180	383	475	91	261	137	321	364	245	364	142	276	174	76	89	0	388	119	336	162	185	8	306	402	169	|
|232	353	282	389	469	349	217	109	113	298	140	254	427	453	376	255	529	202	405	403	316	388	0	497	64	369	570	384	474	112	256	|
|280	161	252	218	278	367	281	477	575	201	363	253	322	361	344	426	84	396	174	100	208	119	497	0	449	187	77	119	283	496	255	|
|201	299	256	366	454	352	177	146	176	248	114	200	420	451	312	272	475	139	375	360	259	336	64	449	0	339	521	333	460	156	223	|
|139	175	88	48	148	182	165	319	422	148	230	194	160	203	383	242	260	346	36	98	201	162	369	187	339	0	260	153	154	337	116	|
|356	225	329	287	334	437	356	553	651	273	438	322	385	421	379	501	72	456	244	177	270	185	570	77	521	260	0	187	338	572	331	|
|185	43	177	200	292	327	175	377	470	87	256	135	313	356	251	356	147	277	166	69	90	8	384	119	333	153	187	0	298	396	163	|
|266	326	210	108	6	158	302	395	497	302	346	345	67	88	537	266	367	492	133	232	355	306	474	283	460	154	338	298	0	410	251	|
|216	374	251	344	406	266	222	19	88	313	144	284	353	372	451	159	543	289	370	396	348	402	112	496	156	337	572	396	410	0	241	|
|26	153	42	148	245	199	52	222	322	94	116	108	229	268	319	198	306	242	152	155	149	169	256	255	223	116	331	163	251	241	0	|

--------------------------------------------------------------------------------
Building model...
	using lazy and cut (CVRPSEP package)
Solving IRP LP...
--------------------------------------------------------------------------------

Gurobi 9.1.0 (linux64) logging started Sat Jan 23 14:50:56 2021

Gurobi Optimizer version 9.1.0 build v9.1.0rc0 (linux64)
Thread count: 32 physical cores, 32 logical processors, using up to 2 threads
Optimize a model with 1321 rows, 6436 columns and 19369 nonzeros
Model fingerprint: 0x8f9aeab4
Variable types: 484 continuous, 5952 integer (372 binary)
Coefficient statistics:
  Matrix range     [1e+00, 7e+02]
  Objective range  [1e-02, 7e+02]
  Bounds range     [1e+00, 3e+02]
  RHS range        [3e+01, 5e+03]
Presolve removed 184 rows and 601 columns
Presolve time: 0.05s
Presolved: 1137 rows, 5835 columns, 17276 nonzeros
Variable types: 429 continuous, 5406 integer (5064 binary)

Root relaxation: objective 2.405836e+03, 1089 iterations, 0.03 seconds

    Nodes    |    Current Node    |     Objective Bounds      |     Work
 Expl Unexpl |  Obj  Depth IntInf | Incumbent    BestBd   Gap | It/Node Time

     0     0 2405.83567    0   96          - 2405.83567      -     -    0s
     0     0 2625.03137    0  117          - 2625.03137      -     -    0s
     0     0 3258.23673    0  220          - 3258.23673      -     -    0s
     0     0 3261.90717    0  236          - 3261.90717      -     -    0s
     0     0 3262.25973    0  228          - 3262.25973      -     -    0s
     0     0 3360.63205    0  271          - 3360.63205      -     -    0s
     0     0 3383.54488    0  265          - 3383.54488      -     -    0s
     0     0 3384.88521    0  263          - 3384.88521      -     -    0s
     0     0 3385.15344    0  241          - 3385.15344      -     -    0s
     0     0 3490.97318    0  306          - 3490.97318      -     -    1s
     0     0 3504.71424    0  275          - 3504.71424      -     -    1s
     0     0 3510.89996    0  313          - 3510.89996      -     -    1s
     0     0 3511.33940    0  312          - 3511.33940      -     -    1s
     0     0 3544.07980    0  307          - 3544.07980      -     -    1s
     0     0 3551.28780    0  354          - 3551.28780      -     -    1s
     0     0 3552.35358    0  349          - 3552.35358      -     -    1s
     0     0 3564.40849    0  340          - 3564.40849      -     -    1s
     0     0 3568.71802    0  350          - 3568.71802      -     -    1s
     0     0 3569.36889    0  302          - 3569.36889      -     -    1s
     0     0 3584.38595    0  315          - 3584.38595      -     -    2s
     0     0 3586.94629    0  308          - 3586.94629      -     -    2s
     0     0 3587.01416    0  320          - 3587.01416      -     -    2s
     0     0 3591.81141    0  279          - 3591.81141      -     -    2s
     0     0 3592.22959    0  278          - 3592.22959      -     -    2s
     0     0 3598.28075    0  284          - 3598.28075      -     -    2s
     0     0 3598.28075    0  282          - 3598.28075      -     -    2s
     0     2 3599.01188    0  282          - 3599.01188      -     -    2s
    47    51 3762.09091   14  283          - 3609.00147      -   301    5s
   186   201 4720.71776   43  153          - 3609.00147      -   253   10s
   573   586 6512.13754  174    6          - 3617.43204      -   131   15s
   664   646 4147.35492   18  136          - 3617.50727      -   170   20s
   736   707 4344.49690   21  467          - 3746.69545      -   178   25s
   755   719 4187.29109   20  462          - 3776.61300      -   173   30s
   778   736 4329.36500   19  455          - 3778.61753      -   181   35s
   796   748 4396.43330   22  485          - 3786.23201      -   177   40s
   804   756 3788.03537   23  463          - 3788.03537      -   185   45s
   817   765 3815.95549   27  447          - 3803.72447      -   188   50s
   865   800 4092.23931   39  181          - 3813.93920      -   202   55s
  1007   906 4626.66655   92  115          - 3813.93920      -   197   60s
  1203  1064 5559.44662  171   56          - 3813.93920      -   185   65s
H 1365  1106                    6876.2600000 3814.06797  44.5%   170   67s
  1426  1101 3879.11807   30  429 6876.26000 3814.06797  44.5%   171   70s
  1490  1142 4110.98324   39  364 6876.26000 3814.06797  44.5%   178   76s
  1542  1185 4150.05379   47  343 6876.26000 3814.06797  44.5%   182   81s
  1616  1229 4358.79661   56  349 6876.26000 3814.06797  44.5%   183   85s
  1674  1280 4483.86857   64  373 6876.26000 3814.06797  44.5%   186   90s
  1745  1299 4653.33828   76  323 6876.26000 3814.06797  44.5%   189   95s
  1798  1327 4843.19459   92  236 6876.26000 3814.06797  44.5%   193  100s
  1858  1386 4947.74863  108  129 6876.26000 3814.06797  44.5%   197  105s
  1907  1428 5166.13789  123  171 6876.26000 3814.06797  44.5%   198  110s
H 1925  1266                    6079.2400000 3814.06797  37.3%   198  110s
  2034  1368 5452.91088  151  238 6079.24000 3814.06797  37.3%   197  115s
  2207  1502 5493.64933  176  174 6079.24000 3814.06797  37.3%   192  120s
  2393  1485 5728.73717  216   90 6079.24000 3814.06797  37.3%   187  125s
  2468  1509 4049.93702   33  416 6079.24000 3858.55304  36.5%   190  130s
  2515  1566 4364.63045   47  170 6079.24000 3858.55304  36.5%   193  135s
  2629  1691 4684.28397   73   82 6079.24000 3858.55304  36.5%   193  141s
  2723  1722 4927.26325  126  104 6079.24000 3858.67428  36.5%   190  150s
  2896  1875 5240.36262   70  134 6079.24000 3858.67428  36.5%   187  157s
  3011  1890     cutoff  124      6079.24000 3864.41067  36.4%   183  161s
* 3013  1886             121    6062.9700000 3864.41067  36.3%   182  161s
  3085  2044 4886.92583   59  170 6062.97000 3868.22984  36.2%   184  167s
  3206  2173 5504.01560  168  118 6062.97000 3874.72411  36.1%   180  171s
  3349  2309 4113.30819   31  435 6062.97000 3874.72411  36.1%   175  175s
H 3450  2292                    6021.6100000 3874.72411  35.7%   173  176s
  3514  2338 4617.58815   60  376 6021.61000 3874.72411  35.7%   173  183s
  3543  2376 4889.29570   82  345 6021.61000 3874.72411  35.7%   174  187s
  3581  2462 5295.18691  105  312 6021.61000 3874.72411  35.7%   176  190s
H 3667  2599                    6008.8800000 3874.72411  35.5%   174  195s
  3826  2676 4112.11322   29  331 6008.88000 3880.07466  35.4%   170  200s
H 3900  2574                    5870.8400000 3880.07466  33.9%   170  200s
H 3904  2570                    5865.8400000 3880.07466  33.9%   170  200s
  3919  2601 4492.93192   49  339 5865.84000 3880.07466  33.9%   170  206s
H 3942  2186                    5510.1200000 3880.07466  29.6%   170  206s
  3951  2291 5094.65932   72  189 5510.12000 3883.52811  29.5%   171  210s
  4106  2359 4685.65797   42  426 5510.12000 3883.52811  29.5%   171  218s
  4152  2426 5184.04969   70  145 5510.12000 3891.25830  29.4%   172  224s
  4253  2476 4327.12872   38  289 5510.12000 3894.26836  29.3%   172  228s
  4303  2589 5126.63289   71  195 5510.12000 3898.45485  29.2%   173  233s
  4428  2636 4136.64731   33  484 5510.12000 3898.45485  29.2%   173  238s
  4488  2681 4552.44992   49  311 5510.12000 3898.45485  29.2%   174  243s
  4533  2783 5093.12337   78  282 5510.12000 3900.26549  29.2%   176  248s
  4616  2783 4573.07149   65   61 5510.12000 3900.26549  29.2%   176  251s
  4647  2918 4186.44897   34  416 5510.12000 3900.26549  29.2%   176  257s
  4794  3043 4592.07300   52  308 5510.12000 3900.26549  29.2%   175  264s
  4966  3084 5271.57585   93  175 5510.12000 3911.98669  29.0%   173  269s
  5047  3135 4414.04535   41  422 5510.12000 3912.61704  29.0%   173  274s
  5098  3172 5157.63413   66  321 5510.12000 3915.94367  28.9%   175  280s
  5153  3254 4716.56811   45  259 5510.12000 3918.24270  28.9%   176  285s
  5250  3305 4250.99028   35  416 5510.12000 3918.24270  28.9%   177  291s
  5316  3371 4920.27324   56  322 5510.12000 3918.24270  28.9%   178  297s
  5382  3408     cutoff  111      5510.12000 3920.53081  28.8%   179  304s
  5429  3452     cutoff   52      5510.12000 3921.69861  28.8%   181  311s
  5485  3487 4513.30168   40  323 5510.12000 3921.69861  28.8%   183  317s
  5541  3579 4952.74332   58  317 5510.12000 3928.05757  28.7%   184  323s
  5661  3647 4222.37339   37  430 5510.12000 3928.09607  28.7%   184  330s
  5729  3800 5037.49160   72  119 5510.12000 3932.85658  28.6%   185  338s
  5941  3941 4312.01392   28  487 5510.12000 3934.84648  28.6%   183  347s
  6091  4010 4672.67307   40  175 5510.12000 3934.84648  28.6%   182  356s
  6161  4177 5063.11051   73   46 5510.12000 3936.11778  28.6%   183  364s
  6315  4177 4526.43919   46  262 5510.12000 3936.11778  28.6%   180  365s
  6362  4227 4691.36714   50  186 5510.12000 3936.46755  28.6%   180  373s
  6426  4314 4523.86514   43  237 5510.12000 3938.21832  28.5%   182  381s
  6545  4352 4114.96529   38  445 5510.12000 3938.25468  28.5%   182  388s
  6583  4437 4855.31807   45  323 5510.12000 3938.25468  28.5%   185  396s
  6693  4490 5279.08084   53  283 5510.12000 3943.82723  28.4%   186  404s
  6723  4490 4266.79251   32  256 5510.12000 3943.82723  28.4%   186  405s
  6764  4580 4369.40001   34  379 5510.12000 3943.93978  28.4%   187  412s
  6889  4609 4315.87729   34  379 5510.12000 3952.25621  28.3%   187  421s
  6918  4695 4643.61583   43  226 5510.12000 3956.64155  28.2%   187  428s
  7020  4771 4680.51561   45  275 5510.12000 3958.41826  28.2%   188  437s
  7110  4887 4518.60564   50  376 5510.12000 3965.82175  28.0%   189  445s
  7248  4967 4185.57075   29  350 5510.12000 3966.96690  28.0%   189  456s
  7346  5052 5162.28769   55  247 5510.12000 3967.80812  28.0%   190  466s
  7455  5110 4681.01471   42  448 5510.12000 3969.77027  28.0%   192  476s
  7521  5280     cutoff   53      5510.12000 3970.44630  27.9%   194  488s
  7739  5446 4276.29503   39  392 5510.12000 3974.70696  27.9%   193  499s
  7917  5546 4749.38494   50  124 5510.12000 3974.70696  27.9%   193  516s
  8017  5690 5092.11588   79   67 5510.12000 3986.71019  27.6%   194  527s
  8201  5825 4587.62726   45  443 5510.12000 3987.38274  27.6%   194  538s
  8369  6094 4875.38020   59  232 5510.12000 3992.35171  27.5%   194  550s
  8687  6193 4368.09456   35  422 5510.12000 3993.01700  27.5%   191  562s
H 8733  5173                    5320.1200000 3993.01700  24.9%   192  563s
  8814  5282 4262.73456   33  286 5320.12000 3994.35747  24.9%   192  578s
  8959  5520 4711.35781   56  129 5320.12000 3998.03197  24.9%   193  590s
  9244  5697 4815.25136   57  196 5320.12000 3998.10213  24.8%   191  602s
  9468  5873 4707.83643   50  308 5320.12000 4007.10071  24.7%   190  614s
  9548  5873 4728.07499   66   93 5320.12000 4007.10071  24.7%   190  615s
  9672  5993 4418.71208   35  419 5320.12000 4009.28268  24.6%   190  626s
H 9756  5572                    5256.1200000 4013.56039  23.6%   190  627s
  9811  5791 4453.93453   36  249 5256.12000 4013.79433  23.6%   191  638s
 10091  5880     cutoff  142      5256.12000 4019.50838  23.5%   189  649s
 10193  5959 4218.52483   30  464 5256.12000 4022.84683  23.5%   190  660s
 10317  6059 4526.49781   39  334 5256.12000 4028.00296  23.4%   191  671s
 10457  6164 5152.58321   64  129 5256.12000 4035.69913  23.2%   192  682s
 10576  6307 4442.41857   43  270 5256.12000 4035.79784  23.2%   193  693s
 10746  6415 4775.26722   56  192 5256.12000 4038.74347  23.2%   193  707s
 10878  6549 4698.23454   48  304 5256.12000 4039.70502  23.1%   194  718s
 11030  6647 4483.71130   39  302 5256.12000 4040.49144  23.1%   195  730s
 11165  6752 4978.49510   44  251 5256.12000 4042.84964  23.1%   196  741s
 11289  6947 4290.25027   31  273 5256.12000 4048.08470  23.0%   197  753s
 11512  7016 4766.48851   46  286 5256.12000 4050.27122  22.9%   196  764s
 11635  7106 5143.36468   54  186 5256.12000 4053.26356  22.9%   197  775s
 11759  7185 4482.00989   36  159 5256.12000 4057.99316  22.8%   198  790s
 11854  7409 4438.94273   38  352 5256.12000 4058.81910  22.8%   199  802s
 12124  7514     cutoff  112      5256.12000 4060.05774  22.8%   198  814s
 12259  7691 4577.11974   40  327 5256.12000 4060.58406  22.7%   199  826s
 12488  7787 5036.48637   81  109 5256.12000 4061.23072  22.7%   198  838s
 12633  7862 4267.98212   33  389 5256.12000 4061.66349  22.7%   199  850s
 12726  8092 4599.86665   32  202 5256.12000 4062.05349  22.7%   200  862s
 12994  8172 5244.84095   75   87 5256.12000 4065.16672  22.7%   199  875s
 13093  8266 4606.48974   51  393 5256.12000 4068.25981  22.6%   201  887s
 13208  8413 4765.17199   54  236 5256.12000 4068.74899  22.6%   202  906s
 13377  8600 4724.78282   48  245 5256.12000 4071.21463  22.5%   202  919s
H13438  8202                    5208.7500000 4071.21463  21.8%   203  920s
 13614  8403 4551.43776   44  128 5208.75000 4075.53404  21.8%   202  932s
 13836  8477 4918.76421   46   81 5208.75000 4079.44437  21.7%   201  945s
H13947  8438                    5197.7299929 4084.03135  21.4%   203  957s
 14036  8585 5168.18003   66  160 5197.72999 4089.46947  21.3%   203  970s
 14216  8708 4760.40182   48  168 5197.72999 4090.43473  21.3%   203  982s
 14389  8949     cutoff   62      5197.72999 4091.84761  21.3%   203  996s
 14782  9079 5100.92670   70   48 5197.72999 4094.07422  21.2%   201 1009s
 14822  9079 4763.31086   90   14 5197.72999 4094.07422  21.2%   201 1010s
 14989  9209 5011.47243   52  165 5197.72999 4095.16759  21.2%   201 1022s
 15164  9307 4358.28824   43  422 5197.72999 4097.74532  21.2%   201 1033s
 15282  9384 4654.52860   55  337 5197.72999 4100.26678  21.1%   202 1046s
H15333  9373                    5196.7300000 4100.26678  21.1%   202 1046s
 15383  9448 5014.07008   57  230 5196.73000 4101.70095  21.1%   203 1057s
 15478  9553     cutoff   39      5196.73000 4105.30248  21.0%   204 1069s
 15622  9729 4506.56375   35  228 5196.73000 4105.30504  21.0%   205 1145s
 15854  9829 5152.72969   93   25 5196.73000 4105.84345  21.0%   204 1159s
 16036  9913 4313.92793   37  243 5196.73000 4106.98386  21.0%   204 1172s
 16144 10005 4686.13105   40  365 5196.73000 4107.94044  21.0%   205 1185s
 16267 10078 4993.17649   63  173 5196.73000 4109.33951  20.9%   206 1197s
 16389 10154 4898.74216   56  314 5196.73000 4111.19375  20.9%   207 1210s
 16482 10358 4652.51272   41  378 5196.73000 4111.85781  20.9%   208 1224s
 16735 10488 5167.56373   58   82 5196.73000 4114.53682  20.8%   208 1239s
 16989 10576 4575.59574   36  423 5196.73000 4115.16945  20.8%   208 1252s
 17095 10701 4833.07589   53  317 5196.73000 4117.06385  20.8%   209 1265s
 17263 10855 4893.95108   59  251 5196.73000 4117.75431  20.8%   209 1279s
 17459 10993 4924.62560   48  143 5196.73000 4120.41417  20.7%   210 1293s
 17646 11202 4835.92428   55   97 5196.73000 4121.91033  20.7%   210 1306s
*17649  5148              56    4781.2300000 4121.91033  13.8%   210 1306s
 17917  5054 4219.48889   36  447 4781.23000 4123.03194  13.8%   210 1321s
H17929  4455                    4733.2300000 4123.03194  12.9%   210 1321s
 18028  4503 4614.82517   39  196 4733.23000 4123.63673  12.9%   210 1334s
 18156  4579 4589.91341   35  307 4733.23000 4124.65992  12.9%   211 1347s
 18334  4642 4709.12993   46  158 4733.23000 4126.55592  12.8%   212 1360s
 18477  4703 4292.95923   42  538 4733.23000 4128.72590  12.8%   213 1373s
 18582  4741 4619.99493   45  270 4733.23000 4130.77782  12.7%   214 1386s
 18692  4814 4474.07070   42  491 4733.23000 4132.94558  12.7%   215 1399s
 18829  4884 4519.75417   42  289 4733.23000 4136.91495  12.6%   216 1412s
 18971  4940 4431.11222   34  316 4733.23000 4140.27230  12.5%   217 1425s
 19089  5028 4366.74798   32  339 4733.23000 4141.90031  12.5%   218 1438s
 19226  5105 4720.52490   47  279 4733.23000 4142.58229  12.5%   218 1452s
 19368  5166 4539.30298   46  276 4733.23000 4144.22802  12.4%   219 1465s
 19493  5219 4683.60135   39  377 4733.23000 4146.64572  12.4%   220 1479s
 19535  5219 4354.01287   36  372 4733.23000 4148.15607  12.4%   221 1480s
 19616  5299 4487.41829   35  283 4733.23000 4149.08306  12.3%   221 1492s
 19765  5393 4327.51354   37  431 4733.23000 4153.84537  12.2%   222 1506s
 19926  5449     cutoff   31      4733.23000 4155.56850  12.2%   222 1520s
 20038  5521 4239.08527   37  416 4733.23000 4157.33872  12.2%   223 1533s
 20163  5601 4579.18312   38  262 4733.23000 4158.59792  12.1%   224 1547s
 20311  5668 4679.75477   51  187 4733.23000 4161.46709  12.1%   225 1561s
 20428  5742 4684.68740   55  241 4733.23000 4162.99764  12.0%   226 1574s
 20552  5771 4407.87640   42  427 4733.23000 4164.40943  12.0%   227 1587s
 20665  5851 4601.12786   43  345 4733.23000 4165.54737  12.0%   228 1601s
 20811  5907 4631.02281   35  318 4733.23000 4169.60099  11.9%   229 1615s
 20956  5960     cutoff   51      4733.23000 4170.56788  11.9%   230 1629s
 21078  6019 4433.76436   43  530 4733.23000 4171.52673  11.9%   230 1644s
 21187  6090 4471.18130   41  278 4733.23000 4171.99096  11.9%   231 1658s
 21324  6158 4689.82691   48  246 4733.23000 4172.97888  11.8%   232 1672s
 21466  6221 4461.52195   33  238 4733.23000 4175.28274  11.8%   233 1686s
 21605  6287 4375.85054   33  362 4733.23000 4176.77503  11.8%   234 1703s
 21737  6323 4586.30208   40  244 4733.23000 4178.46106  11.7%   235 1717s
 21863  6387 4585.79051   43  355 4733.23000 4179.51748  11.7%   235 1732s
 21987  6462 4567.43734   42  220 4733.23000 4180.29524  11.7%   236 1753s
 22106  6501 4670.90742   52  327 4733.23000 4181.71344  11.7%   237 1768s
 22207  6548 4593.24321   42  320 4733.23000 4183.72074  11.6%   238 1781s
 22326  6610 4466.50545   35  234 4733.23000 4185.80786  11.6%   239 1796s
 22462  6689 4680.24520   46  279 4733.23000 4187.36402  11.5%   240 1811s
 22628  6727     cutoff   40      4733.23000 4189.97860  11.5%   240 1826s
 22767  6789     cutoff   33      4733.23000 4190.94934  11.5%   241 1841s
 22897  6888 4422.47858   40  277 4733.23000 4192.56653  11.4%   242 1857s
 23066  7028 4726.85669   47  369 4733.23000 4194.03980  11.4%   242 1873s
 23286  7081 4638.67134   39  123 4733.23000 4197.55612  11.3%   242 1888s
 23430  7153     cutoff   47      4733.23000 4199.09128  11.3%   243 1902s
 23570  7180 4707.15862   46  295 4733.23000 4201.47204  11.2%   244 1918s
 23657  7235 4722.88041   48  168 4733.23000 4202.09472  11.2%   245 1932s
 23814  7321     cutoff   42      4733.23000 4203.68446  11.2%   245 1947s
 23912  7321     cutoff   32      4733.23000 4204.27959  11.2%   245 1950s
 23984  7400 4716.14175   40  307 4733.23000 4204.58735  11.2%   246 1965s
 24160  7469 4552.87919   40  405 4733.23000 4205.67074  11.1%   246 1980s
 24327  7516 4418.48655   31  415 4733.23000 4206.71186  11.1%   247 1994s
 24390  7516 4508.25766   38  452 4733.23000 4207.29452  11.1%   247 1995s
 24444  7629 4355.01207   32  172 4733.23000 4207.45917  11.1%   248 2009s
 24636  7683     cutoff   48      4733.23000 4209.20361  11.1%   248 2024s
 24738  7764 4501.31739   48  350 4733.23000 4210.36736  11.0%   249 2039s
 24920  7825 4617.48920   46  360 4733.23000 4211.95365  11.0%   249 2054s
 24979  7825 4635.58119   45  191 4733.23000 4212.78760  11.0%   250 2055s
 25089  7866     cutoff   36      4733.23000 4213.08339  11.0%   249 2069s
 25159  7866     cutoff   47      4733.23000 4213.64277  11.0%   250 2070s
 25217  7964 4426.36027   38  271 4733.23000 4214.52614  11.0%   250 2085s
 25415  8049 4529.26762   45  467 4733.23000 4215.95511  10.9%   250 2100s
 25574  8116 4447.66049   37  472 4733.23000 4217.03836  10.9%   251 2115s
 25718  8168     cutoff   45      4733.23000 4218.04627  10.9%   251 2137s
 25847  8246 4518.11235   45  242 4733.23000 4219.08661  10.9%   252 2152s
 25972  8358 4577.73014   39  292 4733.23000 4219.52670  10.9%   253 2169s
 26234  8434 4359.57449   35  380 4733.23000 4221.49190  10.8%   253 2185s
 26372  8481     cutoff   46      4733.23000 4222.92519  10.8%   253 2199s
 26538  8563 4330.75851   38  409 4733.23000 4224.30450  10.8%   254 2215s
 26680  8633     cutoff   56      4733.23000 4224.73628  10.7%   254 2230s
 26825  8700 4618.85675   50  373 4733.23000 4226.14208  10.7%   255 2246s
 26964  8759 4576.32726   51  109 4733.23000 4226.44457  10.7%   255 2261s
H27117  8720                    4724.2300000 4227.68793  10.5%   256 2276s
 27261  8785 4699.10315   50  143 4724.23000 4228.60536  10.5%   257 2290s
 27418  8851 4669.69589   42  381 4724.23000 4229.81788  10.5%   257 2306s
 27564  8941     cutoff   44      4724.23000 4230.33843  10.5%   258 2322s
 27750  9002 4639.13066   53  347 4724.23000 4231.02023  10.4%   258 2337s
 27910  9044 4602.11338   42  260 4724.23000 4233.41748  10.4%   258 2354s
 28066  9099 4460.28166   35  300 4724.23000 4234.48579  10.4%   259 2369s
 28208  9099 4702.05541   57  333 4724.23000 4235.12924  10.4%   259 2370s
 28217  9184     cutoff   55      4724.23000 4235.23032  10.4%   259 2384s
 28307  9184 4382.02403   38  299 4724.23000 4237.02907  10.3%   259 2385s
 28409  9245 4396.01730   35  427 4724.23000 4237.51921  10.3%   259 2400s
 28568  9334 4533.24340   42  378 4724.23000 4238.70602  10.3%   260 2416s
 28778  9395 4440.57017   41  330 4724.23000 4240.03849  10.2%   260 2431s
 28935  9488 4460.56759   44  108 4724.23000 4241.30792  10.2%   261 2447s
 29121  9560 4509.78639   44  334 4724.23000 4242.15423  10.2%   261 2462s
 29291  9667 4416.12107   31  242 4724.23000 4243.78958  10.2%   261 2478s
 29492  9737 4694.50815   45  239 4724.23000 4245.52724  10.1%   261 2494s
 29650  9807     cutoff   39      4724.23000 4246.36321  10.1%   262 2510s
 29804  9873 4425.14690   35  287 4724.23000 4248.26476  10.1%   262 2526s
 29950  9949 4681.02726   51  363 4724.23000 4250.17337  10.0%   263 2541s
 30114 10064 4556.60860   47  403 4724.23000 4251.74296  10.0%   263 2558s
 30320 10140 4668.55406   36  326 4724.23000 4252.67172  10.0%   263 2573s
 30506 10229 4516.91946   47  449 4724.23000 4253.81708  10.0%   264 2589s
 30593 10229 4653.64636   43  292 4724.23000 4254.67982  9.94%   264 2590s
 30671 10270     cutoff   43      4724.23000 4254.68445  9.94%   264 2606s
 30826 10318 4412.83133   36  334 4724.23000 4256.16899  9.91%   264 2623s
 30945 10401     cutoff   47      4724.23000 4256.92895  9.89%   265 2639s
 31134 10485 4698.87607   49  183 4724.23000 4258.13011  9.87%   265 2655s
 31340 10549     cutoff   39      4724.23000 4259.30903  9.84%   265 2671s
 31510 10626 4395.08286   34  516 4724.23000 4260.21733  9.82%   266 2687s
 31655 10655 4620.63742   43  375 4724.23000 4261.31730  9.80%   266 2702s
 31778 10711 4506.76903   40  433 4724.23000 4261.82149  9.79%   267 2718s
 31914 10808 4459.99428   40  427 4724.23000 4262.81127  9.77%   267 2734s
 32077 10916 4708.65309   43  327 4724.23000 4263.72398  9.75%   268 2750s
 32329 11014 4475.35943   32  319 4724.23000 4264.69814  9.73%   268 2767s
 32520 11085 4501.50643   45  213 4724.23000 4265.43366  9.71%   268 2783s
 32648 11161 4635.43954   50  281 4724.23000 4265.98245  9.70%   268 2800s
 32844 11223     cutoff   38      4724.23000 4266.49511  9.69%   269 2817s
 33022 11303 4580.39256   49  364 4724.23000 4266.97823  9.68%   269 2833s
 33203 11414 4631.55257   55  247 4724.23000 4267.50714  9.67%   269 2850s
 33406 11499 4499.36057   45  335 4724.23000 4267.95971  9.66%   269 2869s
 33583 11597 4390.73655   38  103 4724.23000 4268.76428  9.64%   270 2886s
 33812 11660 4559.32259   46  383 4724.23000 4269.33559  9.63%   270 2903s
 33992 11755 4693.00551   39  233 4724.23000 4269.70248  9.62%   270 2919s
 34204 11884 4446.54607   35  410 4724.23000 4271.33745  9.59%   270 2935s
 34436 11949 4501.21571   40  352 4724.23000 4272.15310  9.57%   270 2952s
 34598 12000 4682.06394   36  418 4724.23000 4272.72802  9.56%   270 2968s
 34731 12083 4582.92042   36  386 4724.23000 4273.80034  9.53%   271 2984s
 34786 12083 4710.52966   47   34 4724.23000 4273.80034  9.53%   271 2985s
 34906 12161 4474.79553   39  321 4724.23000 4274.27123  9.52%   271 3000s
 35068 12286 4386.51601   38  294 4724.23000 4274.83449  9.51%   272 3017s
 35280 12364 4591.34580   36  291 4724.23000 4275.45711  9.50%   272 3034s
 35502 12435 4424.63344   39  222 4724.23000 4276.83442  9.47%   272 3050s
 35685 12521 4413.58029   39  232 4724.23000 4277.70422  9.45%   272 3066s
 35876 12594 4644.91148   41  316 4724.23000 4278.93974  9.43%   272 3083s
 36066 12676 4407.13691   34  258 4724.23000 4279.48625  9.41%   272 3099s
 36254 12726 4590.16940   32  254 4724.23000 4280.02126  9.40%   272 3115s
 36432 12785     cutoff   41      4724.23000 4280.61496  9.39%   273 3133s
 36559 12863 4618.31723   43  362 4724.23000 4281.18857  9.38%   273 3149s
 36732 12952 4566.52284   49  270 4724.23000 4282.52281  9.35%   273 3165s
 36920 13010 4529.76110   48  314 4724.23000 4282.75979  9.34%   274 3181s
 37077 13081 4562.15200   37  394 4724.23000 4283.17686  9.34%   274 3198s
 37222 13162     cutoff   41      4724.23000 4284.23416  9.31%   274 3214s
 37327 13162 4650.16013   46  303 4724.23000 4284.23416  9.31%   274 3215s
 37455 13225 4710.17697   48  197 4724.23000 4284.64160  9.30%   274 3230s
 37608 13282 4710.97839   48  319 4724.23000 4285.08637  9.30%   275 3247s
 37756 13378 4547.17936   31  245 4724.23000 4285.57791  9.29%   275 3264s
 37968 13466 4413.93285   35  316 4724.23000 4286.46516  9.27%   275 3281s
 38166 13541 4708.17060   40  353 4724.23000 4287.24665  9.25%   275 3297s
 38377 13631 4443.51511   34  298 4724.23000 4288.78648  9.22%   275 3314s
 38573 13714 4637.42518   43  251 4724.23000 4289.37969  9.20%   276 3329s
 38718 13790 4533.90027   39  327 4724.23000 4290.23975  9.19%   276 3346s
 38944 13853 4673.21390   35  347 4724.23000 4290.66561  9.18%   276 3363s
 39098 13927 4543.98841   48  354 4724.23000 4292.05825  9.15%   276 3379s
 39174 13927 4495.34037   35  315 4724.23000 4292.44520  9.14%   277 3380s
 39279 14016 4665.73977   52  281 4724.23000 4292.55428  9.14%   277 3396s
 39475 14106 4680.05807   48  299 4724.23000 4292.78605  9.13%   277 3413s
 39666 14152 4609.69542   46  264 4724.23000 4293.45597  9.12%   277 3436s
 39808 14221 4689.60868   50  223 4724.23000 4293.93326  9.11%   277 3459s
 39883 14221 4454.74984   40  299 4724.23000 4294.45143  9.10%   277 3460s
 39954 14279     cutoff   46      4724.23000 4294.49639  9.10%   277 3486s
 40101 14354     cutoff   55      4724.23000 4295.26057  9.08%   277 3502s
 40286 14439 4538.71945   38  294 4724.23000 4295.61844  9.07%   277 3518s
 40491 14542 4476.37398   36  187 4724.23000 4296.76927  9.05%   277 3535s
 40690 14635 4500.89699   36  395 4724.23000 4297.40816  9.03%   277 3552s
 40871 14691 4609.85039   46  245 4724.23000 4298.20347  9.02%   278 3569s
 41029 14788 4537.72797   41  356 4724.23000 4298.75209  9.01%   278 3585s
 41242 14832 4619.17766   40  374 4724.23000 4299.50340  8.99%   278 3600s

Cutting planes:
  User: 4098
  Gomory: 20
  Cover: 336
  Implied bound: 41
  Projected implied bound: 2
  Clique: 1
  MIR: 141
  Flow cover: 372
  Inf proof: 1
  Zero half: 11
  Network: 6
  RLT: 238
  Relax-and-lift: 5
  Lazy constraints: 967

Explored 41359 nodes (11515450 simplex iterations) in 3600.60 seconds
Thread count was 2 (of 32 available processors)

Solution count 10: 4724.23 4733.23 4781.23 ... 5865.84

Time limit reached
Best objective 4.724230000000e+03, best bound 4.299914514624e+03, gap 8.9817%

User-callback calls 309899, time in user-callback 214.41 sec
================================================================================
executing instance: ./input/Instances/Original/4/absH3low_3n10.dat
--------------------------------------------------------------------------------
Instance details
n	11
H	3
C	687
Li:
[0, 0, 0, 0, 0, 0, 0, 0, 0, 0, 0, ]
Ui:
[0, 189, 44, 174, 78, 36, 198, 117, 42, 96, 240, ]
Distance matrix:
|0	209	255	286	142	156	285	317	182	161	135	|
|209	0	464	451	315	356	490	469	361	299	260	|
|255	464	0	221	202	130	74	280	189	254	273	|
|286	451	221	0	145	156	164	479	354	153	192	|
|142	315	202	145	0	73	194	388	250	53	73	|
|156	356	130	156	73	0	134	332	200	127	144	|
|285	490	74	164	194	134	0	353	256	239	267	|
|317	469	280	479	388	332	353	0	141	436	430	|
|182	361	189	354	250	200	256	141	0	296	289	|
|161	299	254	153	53	127	239	436	296	0	39	|
|135	260	273	192	73	144	267	430	289	39	0	|

--------------------------------------------------------------------------------
Building model...
	using lazy and cut (CVRPSEP package)
Solving IRP LP...
--------------------------------------------------------------------------------

Gurobi 9.1.0 (linux64) logging started Sat Jan 23 15:50:57 2021

Gurobi Optimizer version 9.1.0 build v9.1.0rc0 (linux64)
Thread count: 32 physical cores, 32 logical processors, using up to 2 threads
Optimize a model with 461 rows, 956 columns and 3179 nonzeros
Model fingerprint: 0x8be93959
Variable types: 164 continuous, 792 integer (132 binary)
Coefficient statistics:
  Matrix range     [1e+00, 2e+02]
  Objective range  [1e-02, 5e+02]
  Bounds range     [1e+00, 2e+02]
  RHS range        [2e+01, 1e+03]
Presolve removed 108 rows and 224 columns
Presolve time: 0.02s
Presolved: 353 rows, 732 columns, 2358 nonzeros
Variable types: 125 continuous, 607 integer (504 binary)
Found heuristic solution: objective 7909.3700000

Root relaxation: objective 1.765486e+03, 402 iterations, 0.01 seconds

    Nodes    |    Current Node    |     Objective Bounds      |     Work
 Expl Unexpl |  Obj  Depth IntInf | Incumbent    BestBd   Gap | It/Node Time

     0     0 1765.48637    0   49 7909.37000 1765.48637  77.7%     -    0s
H    0     0                    7580.3700000 1765.48637  76.7%     -    0s
     0     0 2211.68349    0   61 7580.37000 2211.68349  70.8%     -    0s
H    0     0                    6260.2300000 2211.68349  64.7%     -    0s
     0     0 2219.53894    0   63 6260.23000 2219.53894  64.5%     -    0s
     0     0 2219.53894    0   66 6260.23000 2219.53894  64.5%     -    0s
     0     0 2464.81638    0   63 6260.23000 2464.81638  60.6%     -    0s
H    0     0                    6238.2300000 2464.81638  60.5%     -    0s
     0     0 2474.15246    0   73 6238.23000 2474.15246  60.3%     -    0s
     0     0 2590.39320    0  103 6238.23000 2590.39320  58.5%     -    0s
H    0     0                    5968.2300000 2590.39320  56.6%     -    0s
     0     0 2592.21375    0  111 5968.23000 2592.21375  56.6%     -    0s
     0     0 2593.46910    0  110 5968.23000 2593.46910  56.5%     -    0s
     0     0 2594.24659    0  111 5968.23000 2594.24659  56.5%     -    0s
     0     0 2594.62425    0  115 5968.23000 2594.62425  56.5%     -    0s
     0     0 2651.45904    0   79 5968.23000 2651.45904  55.6%     -    0s
H    0     0                    5836.2300000 2651.45904  54.6%     -    0s
     0     0 2654.77093    0   86 5836.23000 2654.77093  54.5%     -    0s
     0     0 2654.80319    0   87 5836.23000 2654.80319  54.5%     -    0s
     0     0 2691.15733    0  143 5836.23000 2691.15733  53.9%     -    0s
     0     0 2699.68703    0  154 5836.23000 2699.68703  53.7%     -    0s
     0     0 2700.03919    0  158 5836.23000 2700.03919  53.7%     -    0s
     0     0 2712.99804    0  135 5836.23000 2712.99804  53.5%     -    0s
     0     0 2713.39979    0  146 5836.23000 2713.39979  53.5%     -    0s
     0     0 2718.01459    0   96 5836.23000 2718.01459  53.4%     -    0s
     0     0 2719.05251    0  105 5836.23000 2719.05251  53.4%     -    0s
     0     0 2719.14359    0  110 5836.23000 2719.14359  53.4%     -    0s
     0     0 2721.16437    0  137 5836.23000 2721.16437  53.4%     -    0s
     0     0 2721.21881    0  133 5836.23000 2721.21881  53.4%     -    0s
     0     2 2723.01991    0  133 5836.23000 2723.01991  53.3%     -    0s
H   32    36                    4411.2700000 2835.20231  35.7%   133    0s
H   62    61                    3579.3200000 2835.20231  20.8%   108    0s
H   87    77                    3321.3200000 2843.41612  14.4%  89.9    0s
H  236   133                    3263.3199883 2900.34258  11.1%  79.4    1s
H  275   106                    3160.3600000 2905.59680  8.06%  79.4    1s
H  400   101                    3111.1000000 2966.25239  4.66%  75.1    2s

Cutting planes:
  User: 108
  Gomory: 5
  Cover: 100
  Implied bound: 28
  Clique: 9
  MIR: 91
  StrongCG: 1
  Flow cover: 133
  GUB cover: 1
  Zero half: 4
  Network: 2
  RLT: 104
  Relax-and-lift: 5
  Lazy constraints: 3

Explored 553 nodes (37210 simplex iterations) in 2.44 seconds
Thread count was 2 (of 32 available processors)

Solution count 10: 3111.1 3160.36 3263.32 ... 6260.23

Optimal solution found (tolerance 1.00e-04)
Best objective 3.111100000000e+03, best bound 3.111100000000e+03, gap 0.0000%

User-callback calls 1833, time in user-callback 0.27 sec
================================================================================
executing instance: ./input/Instances/Original/4/absH3low_3n15.dat
--------------------------------------------------------------------------------
Instance details
n	16
H	3
C	1267
Li:
[0, 0, 0, 0, 0, 0, 0, 0, 0, 0, 0, 0, 0, 0, 0, 0, ]
Ui:
[0, 156, 267, 148, 144, 87, 33, 171, 76, 141, 270, 282, 60, 110, 172, 57, ]
Distance matrix:
|0	229	567	76	58	96	306	409	310	423	108	346	165	347	159	256	|
|229	0	482	243	279	155	375	525	251	419	158	373	65	123	329	246	|
|567	482	0	506	622	483	342	439	259	200	467	274	486	433	501	312	|
|76	243	506	0	119	88	230	337	255	352	88	272	179	347	94	194	|
|58	279	622	119	0	154	345	431	366	471	166	391	217	399	179	310	|
