




arguments: ./build/mirp_solver -f ./input/orig_exec_315.cfg
Current dir: /scratch/gui/bnc_mirp
File verbosity level: 9
date       time         ( uptime  ) [ thread name/id ]                   file:line     v| 
2021-01-17 09:28:40.722 (   0.046s) [main thread     ]             loguru.cpp:789   INFO| Logging to './output/vi_hc1_full/OU/V4/Original/execution_17_01_2021_09_28_40.log', mode: 'a', verbosity: 9
--------------------------------------------------------------------------------
Parameters
                           instance_path           ./input/Instances/Original/1/
                            model_policy                                       1
                             nb_vehicles                                       4
                              output_dir    ./output/vi_hc1_full/OU/V4/Original/
                            sec_strategy                                       1
                       solver_nb_threads                                       2
                         solver_show_log                                    true
                       solver_time_limit                                    3600
                              use_vi_cos                                   false
                              use_vi_cus                                   false
                         use_vi_hc1_full                                    true
                         use_vi_hc1_half                                   false
                      use_vi_hc1_quarter                                   false
                              use_vi_hc2                                   false
                              use_vi_hc3                                   false
                         use_vi_lex_full                                   false
                         use_vi_lex_half                                   false
                      use_vi_lex_quarter                                   false
                              use_vi_qua                                   false
                               use_vi_vc                                   false
                               use_vi_vr                                   false
--------------------------------------------------------------------------------
executing instance: ./input/Instances/Original/1/absH3high_1n5.dat
--------------------------------------------------------------------------------
Instance details
n	6
H	3
C	289
Li:
[0, 0, 0, 0, 0, 0, ]
Ui:
[0, 195, 105, 116, 72, 22, ]
Distance matrix:
|0	85	349	17	203	289	|
|85	0	265	102	214	226	|
|349	265	0	366	368	238	|
|17	102	366	0	207	302	|
|203	214	368	207	0	431	|
|289	226	238	302	431	0	|

--------------------------------------------------------------------------------
Building model...
	using lazy and cut (CVRPSEP package)
Solving IRP LP...
--------------------------------------------------------------------------------

Gurobi 9.1.0 (linux64) logging started Sun Jan 17 09:28:40 2021

Gurobi Optimizer version 9.1.0 build v9.1.0rc0 (linux64)
Thread count: 32 physical cores, 32 logical processors, using up to 2 threads
Optimize a model with 246 rows, 336 columns and 1194 nonzeros
Model fingerprint: 0xde2233c3
Variable types: 84 continuous, 252 integer (72 binary)
Coefficient statistics:
  Matrix range     [1e+00, 2e+02]
  Objective range  [2e-01, 4e+02]
  Bounds range     [1e+00, 2e+02]
  RHS range        [1e+01, 5e+02]
Presolve removed 111 rows and 168 columns
Presolve time: 0.01s
Presolved: 135 rows, 168 columns, 575 nonzeros
Variable types: 41 continuous, 127 integer (89 binary)
Found heuristic solution: objective 4521.5000000

Root relaxation: objective 1.855658e+03, 173 iterations, 0.00 seconds

    Nodes    |    Current Node    |     Objective Bounds      |     Work
 Expl Unexpl |  Obj  Depth IntInf | Incumbent    BestBd   Gap | It/Node Time

     0     0 1855.65807    0   14 4521.50000 1855.65807  59.0%     -    0s
     0     0 2010.24860    0   25 4521.50000 2010.24860  55.5%     -    0s
H    0     0                    3786.0100000 2010.24860  46.9%     -    0s
H    0     0                    3347.6300000 2010.24860  40.0%     -    0s
     0     0 2283.19603    0   60 3347.63000 2283.19603  31.8%     -    0s
     0     0 2334.79445    0   67 3347.63000 2334.79445  30.3%     -    0s
     0     0 2335.87148    0   43 3347.63000 2335.87148  30.2%     -    0s
     0     0 2427.70606    0   57 3347.63000 2427.70606  27.5%     -    0s
H    0     0                    3212.0000000 2427.70606  24.4%     -    0s
H    0     0                    3046.5500000 2427.70606  20.3%     -    0s
     0     0 2434.15925    0   62 3046.55000 2434.15925  20.1%     -    0s
     0     0 2436.99333    0   55 3046.55000 2436.99333  20.0%     -    0s
     0     0 2437.18263    0   55 3046.55000 2437.18263  20.0%     -    0s
     0     0 2462.05648    0   44 3046.55000 2462.05648  19.2%     -    0s
     0     0 2470.93870    0   53 3046.55000 2470.93870  18.9%     -    0s
     0     0 2473.29306    0   53 3046.55000 2473.29306  18.8%     -    0s
     0     0 2475.80539    0   56 3046.55000 2475.80539  18.7%     -    0s
     0     0 2483.19695    0   57 3046.55000 2483.19695  18.5%     -    0s
     0     0 2483.25247    0   57 3046.55000 2483.25247  18.5%     -    0s
     0     0 2489.10867    0   54 3046.55000 2489.10867  18.3%     -    0s
H    0     0                    2825.3500000 2489.10867  11.9%     -    0s
     0     0 2490.34899    0   51 2825.35000 2490.34899  11.9%     -    0s
     0     0 2509.29279    0   50 2825.35000 2509.29279  11.2%     -    0s
     0     0 2509.50079    0   50 2825.35000 2509.50079  11.2%     -    0s
     0     0 2510.08292    0   54 2825.35000 2510.08292  11.2%     -    0s
     0     0 2510.08292    0   54 2825.35000 2510.08292  11.2%     -    0s
     0     2 2510.08292    0   54 2825.35000 2510.08292  11.2%     -    0s
H    4     4                    2703.3300000 2531.99238  6.34%  32.8    0s

Cutting planes:
  Cover: 16
  Implied bound: 4
  Clique: 3
  MIR: 15
  Flow cover: 16
  RLT: 11
  Relax-and-lift: 1

Explored 11 nodes (745 simplex iterations) in 0.17 seconds
Thread count was 2 (of 32 available processors)

Solution count 7: 2703.33 2825.35 3046.55 ... 4521.5

Optimal solution found (tolerance 1.00e-04)
Best objective 2.703330000000e+03, best bound 2.703330000000e+03, gap 0.0000%

User-callback calls 278, time in user-callback 0.01 sec
================================================================================
executing instance: ./input/Instances/Original/1/absH3high_1n45.dat
--------------------------------------------------------------------------------
Instance details
n	46
H	3
C	3462
Li:
[0, 0, 0, 0, 0, 0, 0, 0, 0, 0, 0, 0, 0, 0, 0, 0, 0, 0, 0, 0, 0, 0, 0, 0, 0, 0, 0, 0, 0, 0, 0, 0, 0, 0, 0, 0, 0, 0, 0, 0, 0, 0, 0, 0, 0, 0, ]
Ui:
[0, 273, 270, 36, 165, 192, 148, 45, 30, 75, 180, 198, 112, 117, 90, 64, 180, 22, 264, 174, 168, 270, 86, 66, 26, 66, 237, 156, 92, 108, 144, 72, 30, 45, 94, 54, 174, 96, 198, 136, 44, 180, 210, 249, 198, 48, ]
Distance matrix:
|0	281	201	160	249	201	93	431	236	139	252	136	116	166	390	110	349	374	303	180	327	464	236	70	44	461	346	439	363	254	312	426	305	206	71	137	169	200	247	260	20	219	256	253	460	278	|
|281	0	448	170	53	142	338	184	121	290	371	390	222	302	111	289	169	434	230	177	238	441	59	212	319	211	86	235	399	306	53	176	99	202	263	157	361	101	370	201	264	344	364	374	469	184	|
|201	448	0	285	430	325	114	556	361	171	191	64	228	174	546	294	453	306	364	289	388	435	393	254	157	585	491	536	318	254	490	554	436	407	266	292	108	388	186	337	207	181	205	190	408	364	|
|160	170	285	0	169	43	182	280	80	120	208	231	58	132	262	230	190	294	151	24	174	345	112	107	183	309	207	280	268	158	219	276	155	235	187	45	192	150	205	107	140	177	202	210	356	119	|
|249	53	430	169	0	152	317	238	145	282	377	369	212	299	157	242	215	452	261	183	273	474	76	181	290	264	140	287	421	320	63	229	145	148	221	142	352	53	374	226	234	346	370	378	498	215	|
|201	142	325	43	152	0	224	237	37	156	230	273	101	164	224	261	148	300	127	38	147	333	83	142	225	266	167	238	270	168	193	233	112	246	221	70	228	148	228	84	180	202	222	232	351	87	|
|93	338	114	182	317	224	0	460	262	92	180	52	124	112	440	199	364	307	292	191	317	415	284	140	57	490	387	452	304	208	377	457	336	297	163	181	84	274	175	256	95	152	188	180	402	280	|
|431	184	556	280	238	237	460	0	199	385	420	508	337	385	108	464	110	429	219	269	206	378	202	365	460	30	98	84	388	340	204	9	126	386	432	294	453	283	421	226	411	404	408	423	422	198	|
|236	121	361	80	145	37	262	199	0	191	255	310	138	197	191	290	114	312	118	72	133	330	69	175	262	229	132	204	279	186	174	195	75	258	251	102	262	153	254	81	216	230	246	257	353	72	|
|139	290	171	120	282	156	92	385	191	0	116	129	71	27	380	246	283	235	201	119	226	329	231	141	129	414	323	367	224	119	336	383	266	308	202	141	72	252	112	169	127	82	118	117	322	195	|
|252	371	191	208	377	230	180	420	255	116	0	187	178	90	443	361	311	127	204	195	224	246	313	257	232	446	382	380	129	81	423	421	320	422	318	242	100	355	5	195	241	34	15	2	225	224	|
|136	390	64	231	369	273	52	508	310	129	187	0	173	141	491	233	409	313	330	239	355	431	335	191	93	538	438	495	316	233	429	505	385	342	203	233	88	325	182	297	143	167	199	187	412	323	|
|116	222	228	58	212	101	124	337	138	71	178	173	0	91	319	206	244	284	187	69	212	357	165	85	130	367	265	333	264	151	267	333	213	244	161	70	140	181	175	145	97	145	177	180	359	165	|
|166	302	174	132	299	164	112	385	197	27	90	141	91	0	388	273	280	208	191	127	215	305	243	167	153	413	329	361	198	96	351	383	270	333	229	159	68	272	86	163	153	56	92	91	296	190	|
|390	111	546	262	157	224	440	108	191	380	443	491	319	388	0	399	164	480	264	261	261	456	156	320	426	125	62	186	442	369	107	99	125	300	374	260	452	210	443	252	372	420	433	446	494	227	|
|110	289	294	230	242	261	199	464	290	246	361	233	206	273	399	0	402	480	382	254	404	562	262	124	143	493	369	490	466	355	302	457	344	135	45	191	279	189	356	337	120	328	364	362	563	348	|
|349	169	453	190	215	148	364	110	114	283	311	409	244	280	164	402	0	324	110	174	101	292	151	289	372	135	109	90	284	230	212	111	70	354	364	216	348	245	312	118	329	295	298	313	330	90	|
|374	434	306	294	452	300	307	429	312	235	127	313	284	208	480	480	324	0	216	274	223	137	380	368	357	448	419	367	40	136	487	432	358	525	436	336	227	443	132	234	361	156	119	127	102	255	|
|303	230	364	151	261	127	292	219	118	201	204	330	187	191	264	382	110	216	0	128	25	213	185	258	314	243	203	176	178	123	282	221	144	372	338	193	256	270	206	45	283	193	191	206	239	46	|
|180	177	289	24	183	38	191	269	72	119	195	239	69	127	261	254	174	274	128	0	151	321	118	130	198	299	204	263	246	139	228	266	147	258	211	68	191	169	193	83	159	166	188	197	333	98	|
|327	238	388	174	273	147	317	206	133	226	224	355	212	215	261	404	101	223	25	151	0	203	198	281	339	228	202	156	184	143	288	209	146	390	362	215	280	286	226	68	308	215	210	226	235	61	|
|464	441	435	345	474	333	415	378	330	329	246	431	357	305	456	562	292	137	213	321	203	0	398	440	458	390	400	301	117	211	492	384	348	578	517	389	344	480	251	251	448	265	233	246	54	259	|
|236	59	393	112	76	83	284	202	69	231	313	335	165	243	156	262	151	380	185	118	198	398	0	167	270	231	110	233	347	250	110	195	85	203	230	103	303	95	311	150	217	284	305	315	422	139	|
|70	212	254	107	181	142	140	365	175	141	257	191	85	167	320	124	289	368	258	130	281	440	167	0	109	394	277	378	349	236	244	359	239	167	81	73	196	135	253	213	53	223	257	258	444	226	|
|44	319	157	183	290	225	57	460	262	129	232	93	130	153	426	143	372	357	314	198	339	458	270	109	0	490	379	462	351	247	353	456	334	250	110	168	140	243	226	274	56	201	238	232	449	294	|
|461	211	585	309	264	266	490	30	229	414	446	538	367	413	125	493	135	448	243	299	228	390	231	394	490	0	125	89	408	365	226	36	156	412	462	324	481	311	447	253	441	430	433	448	436	225	|
|346	86	491	207	140	167	387	98	132	323	382	438	265	329	62	369	109	419	203	204	202	400	110	277	379	125	0	155	381	307	113	90	63	288	339	211	394	186	382	190	327	359	371	384	436	165	|
|439	235	536	280	287	238	452	84	204	367	380	495	333	361	186	490	90	367	176	263	156	301	233	378	462	89	155	0	326	299	267	92	148	432	454	306	429	325	382	199	419	369	366	382	348	172	|
|363	399	318	268	421	270	304	388	279	224	129	316	264	198	442	466	284	40	178	246	184	117	347	349	351	408	381	326	0	113	452	391	321	502	422	311	229	415	134	199	348	152	118	130	98	219	|
|254	306	254	158	320	168	208	340	186	119	81	233	151	96	369	355	230	136	123	139	143	211	250	236	247	365	307	299	113	0	359	340	244	390	310	200	148	308	83	117	238	74	68	83	208	145	|
|312	53	490	219	63	193	377	204	174	336	423	429	267	351	107	302	212	487	282	228	288	492	110	244	353	226	113	267	452	359	0	195	145	194	283	199	407	115	421	254	296	394	415	425	521	237	|
|426	176	554	276	229	233	457	9	195	383	421	505	333	383	99	457	111	432	221	266	209	384	195	359	456	36	90	92	391	340	195	0	122	378	426	289	451	275	421	226	406	404	408	423	427	197	|
|305	99	436	155	145	112	336	126	75	266	320	385	213	270	125	344	70	358	144	147	146	348	85	239	334	156	63	148	321	244	145	122	0	286	310	168	336	177	320	128	285	298	309	322	381	103	|
|206	202	407	235	148	246	297	386	258	308	422	342	244	333	300	135	354	525	372	258	390	578	203	167	250	412	288	432	502	390	194	378	286	0	144	191	362	109	418	329	202	388	421	423	591	329	|
|71	263	266	187	221	221	163	432	251	202	318	203	161	229	374	45	364	436	338	211	362	517	230	81	110	462	339	454	422	310	283	426	310	144	0	150	239	168	313	294	77	285	321	319	518	306	|
|137	157	292	45	142	70	181	294	102	141	242	233	70	159	260	191	216	336	193	68	215	389	103	73	168	324	211	306	311	200	199	289	168	191	150	0	210	113	239	148	117	210	238	244	400	157	|
|169	361	108	192	352	228	84	453	262	72	100	88	140	68	452	279	348	227	256	191	280	344	303	196	140	481	394	429	229	148	407	451	336	362	239	210	0	318	95	231	164	79	111	100	325	258	|
|200	101	388	150	53	148	274	283	153	252	355	325	181	272	210	189	245	443	270	169	286	480	95	135	243	311	186	325	415	308	115	275	177	109	168	113	318	0	352	230	187	323	351	357	498	225	|
|247	370	186	205	374	228	175	421	254	112	5	182	175	86	443	356	312	132	206	193	226	251	311	253	226	447	382	382	134	83	421	421	320	418	313	239	95	352	0	196	237	30	19	6	230	224	|
|260	201	337	107	226	84	256	226	81	169	195	297	145	163	252	337	118	234	45	83	68	251	150	213	274	253	190	199	199	117	254	226	128	329	294	148	231	230	196	0	240	178	184	198	272	29	|
|20	264	207	140	234	180	95	411	216	127	241	143	97	153	372	120	329	361	283	159	308	448	217	53	56	441	327	419	348	238	296	406	285	202	77	117	164	187	237	240	0	208	245	242	446	257	|
|219	344	181	177	346	202	152	404	230	82	34	167	145	56	420	328	295	156	193	166	215	265	284	223	201	430	359	369	152	74	394	404	298	388	285	210	79	323	30	178	208	0	37	35	250	206	|
|256	364	205	202	370	222	188	408	246	118	15	199	177	92	433	364	298	119	191	188	210	233	305	257	238	433	371	366	118	68	415	408	309	421	321	238	111	351	19	184	245	37	0	17	214	212	|
|253	374	190	210	378	232	180	423	257	117	2	187	180	91	446	362	313	127	206	197	226	246	315	258	232	448	384	382	130	83	425	423	322	423	319	244	100	357	6	198	242	35	17	0	225	226	|
|460	469	408	356	498	351	402	422	353	322	225	412	359	296	494	563	330	102	239	333	235	54	422	444	449	436	436	348	98	208	521	427	381	591	518	400	325	498	230	272	446	250	214	225	0	285	|
|278	184	364	119	215	87	280	198	72	195	224	323	165	190	227	348	90	255	46	98	61	259	139	226	294	225	165	172	219	145	237	197	103	329	306	157	258	225	224	29	257	206	212	226	285	0	|

--------------------------------------------------------------------------------
Building model...
	using lazy and cut (CVRPSEP package)
Solving IRP LP...
--------------------------------------------------------------------------------

Gurobi 9.1.0 (linux64) logging started Sun Jan 17 09:28:41 2021

Gurobi Optimizer version 9.1.0 build v9.1.0rc0 (linux64)
Thread count: 32 physical cores, 32 logical processors, using up to 2 threads
Optimize a model with 1966 rows, 13696 columns and 40174 nonzeros
Model fingerprint: 0x228101c2
Variable types: 724 continuous, 12972 integer (552 binary)
Coefficient statistics:
  Matrix range     [1e+00, 9e+02]
  Objective range  [1e-01, 6e+02]
  Bounds range     [1e+00, 3e+02]
  RHS range        [1e+01, 6e+03]
Presolve removed 235 rows and 877 columns
Presolve time: 0.09s
Presolved: 1731 rows, 12819 columns, 36305 nonzeros
Variable types: 654 continuous, 12165 integer (11634 binary)

Root relaxation: objective 1.313336e+04, 1419 iterations, 0.06 seconds

    Nodes    |    Current Node    |     Objective Bounds      |     Work
 Expl Unexpl |  Obj  Depth IntInf | Incumbent    BestBd   Gap | It/Node Time

     0     0 13133.3551    0  147          - 13133.3551      -     -    0s
     0     0 13464.1028    0  219          - 13464.1028      -     -    0s
     0     0 13474.5837    0  210          - 13474.5837      -     -    0s
     0     0 13475.2897    0  200          - 13475.2897      -     -    0s
     0     0 13475.2897    0  202          - 13475.2897      -     -    0s
     0     0 13976.3771    0  234          - 13976.3771      -     -    1s
     0     0 13985.6756    0  244          - 13985.6756      -     -    1s
     0     0 13988.0312    0  273          - 13988.0312      -     -    1s
     0     0 13988.0392    0  273          - 13988.0392      -     -    1s
     0     0 14138.3787    0  258          - 14138.3787      -     -    1s
     0     0 14149.9371    0  240          - 14149.9371      -     -    1s
     0     0 14151.5466    0  216          - 14151.5466      -     -    2s
     0     0 14151.5497    0  203          - 14151.5497      -     -    2s
     0     0 14201.8055    0  305          - 14201.8055      -     -    2s
     0     0 14213.5711    0  265          - 14213.5711      -     -    2s
     0     0 14223.6138    0  306          - 14223.6138      -     -    2s
     0     0 14230.2583    0  295          - 14230.2583      -     -    2s
     0     0 14230.3783    0  295          - 14230.3783      -     -    2s
     0     0 14285.3354    0  352          - 14285.3354      -     -    3s
     0     0 14292.1189    0  313          - 14292.1189      -     -    3s
     0     0 14293.4414    0  392          - 14293.4414      -     -    3s
     0     0 14295.7842    0  349          - 14295.7842      -     -    3s
     0     0 14295.8851    0  352          - 14295.8851      -     -    3s
     0     0 14323.5246    0  363          - 14323.5246      -     -    4s
     0     0 14341.8486    0  411          - 14341.8486      -     -    4s
     0     0 14351.1657    0  410          - 14351.1657      -     -    4s
     0     0 14387.9446    0  395          - 14387.9446      -     -    4s
     0     0 14429.7460    0  498          - 14429.7460      -     -    5s
     0     0 14437.3208    0  467          - 14437.3208      -     -    5s
     0     0 14437.7368    0  476          - 14437.7368      -     -    5s
     0     0 14450.4475    0  323          - 14450.4475      -     -    5s
     0     0 14451.8167    0  347          - 14451.8167      -     -    6s
     0     0 14459.1253    0  322          - 14459.1253      -     -    6s
     0     0 14459.1253    0  320          - 14459.1253      -     -    6s
     0     2 14459.1253    0  319          - 14459.1253      -     -    7s
    21    24 14568.4800    7  354          - 14478.1977      -   360   10s
    56    64 14974.3173   16  486          - 14478.1977      -   443   15s
   107   114 15218.3586   35  352          - 14478.1977      -   393   20s
   154   169 15404.5795   50  332          - 14478.1977      -   373   25s
   207   226 15617.8144   72  250          - 14478.1977      -   340   30s
   326   371 16359.1116  129  169          - 14478.1977      -   287   35s
   438   467 14585.3755    5  477          - 14478.4553      -   251   40s
   579   570 14646.4587   10  330          - 14478.4553      -   220   45s
   606   600 14746.0311   22  322          - 14478.4553      -   245   50s
   642   636 14878.0586   37  251          - 14478.4553      -   261   55s
   686   677 15267.5827   58  131          - 14478.4553      -   274   65s
   732   716 15432.2264   77  148          - 14478.4553      -   279   70s
   745   725 15072.4448   47  590          - 14542.3372      -   274   75s
   757   733 14867.4125   14  577          - 14573.7046      -   269   80s
   769   741 14671.5666    9  589          - 14579.1109      -   265   85s
   776   746 15951.9763  126  624          - 14579.6077      -   263   90s
   788   755 15999.0637  106  509          - 14579.6081      -   276   95s
   799   763 15656.6793   84  626          - 14579.6131      -   272  100s
   805   767 15754.3576  109  624          - 14579.6212      -   270  105s
   814   776 14597.4526   26  525          - 14596.3466      -   282  110s
   843   796 14660.8250   33  343          - 14599.8163      -   290  115s
   872   817 14718.4563   41  418          - 14599.8163      -   297  120s
   916   846 14841.0524   51  321          - 14599.8163      -   306  125s
   946   869 14951.1840   60  425          - 14599.8163      -   313  130s
  1005   910 15283.7321   75  258          - 14599.8163      -   312  135s
  1075   965 15503.2955   93  348          - 14599.8163      -   310  140s
  1139   998 15419.7630  103  298          - 14599.8163      -   306  145s
  1209  1064 15852.3804  128  279          - 14599.8163      -   302  151s
  1271  1110 16001.9380  140  225          - 14599.8163      -   297  155s
  1368  1182 16412.3966  162  236          - 14599.8163      -   291  162s
  1440  1228 16590.5735  181  221          - 14599.8163      -   288  166s
  1517  1272 17057.4074  210  154          - 14599.8163      -   281  170s
  1613  1374 17440.0443  236  186          - 14599.8163      -   273  176s
  1723  1419 18086.6265  279  134          - 14599.8163      -   263  180s
  1875  1606 19590.9884  325   85          - 14599.8163      -   251  197s
  2017  1699 21334.7051  376   42          - 14599.8163      -   238  202s
  2211  1660 18013.5381  311   78          - 14599.8163      -   220  205s
* 2264  1669             431    23142.020000 14599.8604  36.9%   215  208s
  2359  1636     cutoff  430      23142.0200 14613.5346  36.9%   209  211s
  2388  1657 14843.0646   32  290 23142.0200 14613.5346  36.9%   211  216s
  2401  1659 14890.7811   36  302 23142.0200 14613.5346  36.9%   212  220s
  2416  1676 14923.2659   37  344 23142.0200 14613.5346  36.9%   215  225s
  2439  1699 14959.7977   41  329 23142.0200 14613.5346  36.9%   218  231s
  2460  1702 15153.8415   44  313 23142.0200 14613.5346  36.9%   219  243s
  2472  1721 15024.6649   47  291 23142.0200 14613.5346  36.9%   219  245s
  2520  1756 15120.6104   55  255 23142.0200 14613.5346  36.9%   221  251s
  2567  1775 15167.7879   73  281 23142.0200 14613.5346  36.9%   221  255s
  2617  1835 15350.2555   75  243 23142.0200 14613.5346  36.9%   221  261s
  2672  1865 15474.4353  100  188 23142.0200 14613.5346  36.9%   221  265s
  2765  1963 15629.7767   94  197 23142.0200 14613.5346  36.9%   219  289s
  2835  1966 15827.3598   96  191 23142.0200 14613.5346  36.9%   216  295s
  2861  2083 15828.0488  104  206 23142.0200 14613.5346  36.9%   215  302s
  3029  2084 15981.7724  111  185 23142.0200 14613.5346  36.9%   207  308s
  3057  2117 16004.2784  117  198 23142.0200 14613.5346  36.9%   207  312s
  3090  2139 16137.7563  125  204 23142.0200 14613.5346  36.9%   208  322s
  3112  2189 16262.3352  129  163 23142.0200 14613.5346  36.9%   209  327s
  3164  2254 16758.0945  147  156 23142.0200 14613.5346  36.9%   209  333s
  3233  2337 17032.9701  161  131 23142.0200 14613.5346  36.9%   209  339s
  3279  2337 17069.7300  176   82 23142.0200 14613.5346  36.9%   208  340s
  3322  2458 17506.3306  186  126 23142.0200 14613.5346  36.9%   207  347s
  3451  2465 infeasible  219      23142.0200 14617.0222  36.8%   204  353s
  3482  2519 15356.0261   36  291 23142.0200 14617.0222  36.8%   205  359s
  3538  2539 17565.3458   75  211 23142.0200 14617.2070  36.8%   205  365s
  3578  2556 14888.8566   34  410 23142.0200 14617.2070  36.8%   206  372s
  3595  2588 15085.3162   39  371 23142.0200 14617.2070  36.8%   207  393s
  3627  2625 15289.7060   51  296 23142.0200 14617.2070  36.8%   207  400s
  3664  2742 15579.4473   69  287 23142.0200 14617.2070  36.8%   207  407s
  3781  2832 16318.8173  134  110 23142.0200 14617.2821  36.8%   204  416s
  3883  2895 18344.9596  189   60 23142.0200 14621.6652  36.8%   203  426s
  3955  2901 14767.6833   29  473 23142.0200 14621.6652  36.8%   203  441s
  3961  3026 15115.3337   34  226 23142.0200 14621.6652  36.8%   204  451s
  4086  3220 15587.5442   69   88 23142.0200 14622.2629  36.8%   201  462s
  4325  3258 14736.3618   33  458 23142.0200 14624.9834  36.8%   194  472s
  4355  3307 14978.8621   40  256 23142.0200 14624.9834  36.8%   196  479s
  4404  3380 15168.7066   48  275 23142.0200 14624.9834  36.8%   197  488s
  4477  3534 15180.8742   54  125 23142.0200 14624.9834  36.8%   197  502s
  4666  3756 15474.8062   88   40 23142.0200 14630.0041  36.8%   194  518s
  4783  3758 16522.9270  131   63 23142.0200 14630.0041  36.8%   191  520s
  5014  3801 17446.3400  163    - 23142.0200 14634.4778  36.8%   186  529s
  5036  3816 17744.3400  163    - 23142.0200 14637.4207  36.7%   187  536s
  5058  3846 17832.3400  163    - 23142.0200 14637.4248  36.7%   189  544s
* 5095  3491             162    17789.340000 14640.0341  17.7%   190  555s
  5189  3524 14851.7160   40  527 17789.3400 14640.0341  17.7%   189  566s
  5231  3565 15272.1572   52  330 17789.3400 14640.0341  17.7%   190  576s
  5272  3663 15770.0517   74  280 17789.3400 14640.0341  17.7%   191  587s
  5370  3797 16711.6914  112  193 17789.3400 14641.1209  17.7%   191  600s
  5551  3826 14848.1803   30  505 17789.3400 14644.0088  17.7%   188  612s
  5580  3872 15132.5219   41  242 17789.3400 14644.0088  17.7%   190  622s
  5626  3934 15383.4140   49  220 17789.3400 14644.0088  17.7%   192  633s
  5688  4083 15447.1764   64  168 17789.3400 14644.0088  17.7%   193  648s
  5831  4083 15415.2041  101  121 17789.3400 14644.0088  17.7%   192  650s
  5837  4231 15862.5337  115   19 17789.3400 14648.4613  17.7%   193  666s
  6018  4277 16763.0200  160    - 17789.3400 14648.4779  17.7%   191  680s
  6085  4333 17134.3814  160   36 17789.3400 14653.8533  17.6%   192  691s
  6147  4426 15063.1881   40  596 17789.3400 14653.8533  17.6%   193  704s
  6240  4549 15627.4833   61  301 17789.3400 14653.8533  17.6%   193  717s
  6376  4605 17411.3164  127   39 17789.3400 14663.9268  17.6%   193  732s
  6446  4717     cutoff  152      17789.3400 14664.3168  17.6%   194  745s
  6576  4798 15157.4741   43  423 17789.3400 14671.3336  17.5%   193  759s
  6657  4896 15991.9283   71  352 17789.3400 14676.7112  17.5%   194  773s
  6766  4896 17510.0300  122    - 17789.3400 14676.7956  17.5%   193  775s
  6790  4974 14866.4233   37  282 17789.3400 14676.7956  17.5%   193  787s
  6868  5078 15078.4553   67   91 17789.3400 14676.7956  17.5%   194  802s
  6972  5183 15554.9762  103   49 17789.3400 14676.8024  17.5%   194  817s
  7104  5308 14978.8961   39  514 17789.3400 14676.8024  17.5%   194  833s
  7211  5308 15823.2653  135   63 17789.3400 14676.8024  17.5%   194  835s
  7235  5471 15568.3335   70  250 17789.3400 14677.0183  17.5%   194  855s
  7443  5558 15280.7733   41  450 17789.3400 14677.7996  17.5%   193  874s
  7496  5558 15350.8166   43  380 17789.3400 14677.7996  17.5%   194  875s
  7530  5730 16700.6940   94  213 17789.3400 14678.0435  17.5%   195  895s
  7719  5805 15204.1001   42  329 17789.3400 14678.5698  17.5%   194  915s
  7799  6053 15450.7660   74  149 17789.3400 14682.0388  17.5%   196  939s
  7818  6053 15539.7331   83  146 17789.3400 14682.0388  17.5%   196  940s
  8120  6067 infeasible  151      17789.3400 14684.3320  17.5%   192  972s
  8131  6268 14902.1785   29  379 17789.3400 14684.4384  17.5%   192  992s
  8288  6268 16056.0192   89  205 17789.3400 14684.4384  17.5%   192  995s
  8350  6424 16939.6437  125  136 17789.3400 14686.1901  17.4%   191 1015s
  8571  6538 infeasible  156      17789.3400 14687.5211  17.4%   190 1037s
  8729  6610 15358.2247   48  303 17789.3400 14687.5407  17.4%   190 1057s
  8799  6736 16645.5208  103  199 17789.3400 14687.9562  17.4%   191 1079s
  8837  6736 17657.5830  141  101 17789.3400 14687.9562  17.4%   191 1080s
  8954  6897 15825.2110   62  157 17789.3400 14689.7164  17.4%   191 1102s
  9083  6904 16986.6158  106  203 17789.3400 14692.2065  17.4%   191 1105s
  9150  6937 15143.2835   40  304 17789.3400 14692.2065  17.4%   191 1125s
  9183  7152 15377.0008   48  244 17789.3400 14692.4200  17.4%   191 1153s
  9243  7152 16268.0023   72  119 17789.3400 14692.4200  17.4%   191 1155s
  9422  7308     cutoff  127      17789.3400 14694.0704  17.4%   190 1183s
  9523  7308 17391.8679   98  115 17789.3400 14694.2701  17.4%   191 1185s
  9618  7364 15178.4065   47  267 17789.3400 14694.2701  17.4%   190 1205s
  9674  7471 15456.2385   67  258 17789.3400 14694.2701  17.4%   192 1226s
  9781  7699 15830.7186  104  112 17789.3400 14694.2701  17.4%   193 1255s
 10013  7860 16644.3080  159   35 17789.3400 14694.3104  17.4%   193 1282s
 10151  7869 15897.2631  115  117 17789.3400 14698.5195  17.4%   193 1285s
 10251  7940 17234.3933  174   26 17789.3400 14698.8204  17.4%   192 1309s
 10290  7942 17477.4900  194   17 17789.3400 14698.8204  17.4%   192 1310s
 10354  8095     cutoff  205      17789.3400 14701.2666  17.4%   193 1331s
 10528  8179 16792.2900  140    2 17789.3400 14702.0030  17.4%   193 1355s
 10627  8293 17240.6700  157    - 17789.3400 14702.0132  17.4%   194 1382s
 10748  8294 16695.9766  129   67 17789.3400 14702.1272  17.4%   195 1385s
 10761  8335 17488.6500  157   16 17789.3400 14703.1433  17.3%   195 1404s
*10762  7869             158    17494.650000 14703.1433  16.0%   195 1404s
 10825  8029 15162.9333   41  398 17494.6500 14703.1433  16.0%   197 1428s
 10894  8029 15833.2796   76  217 17494.6500 14703.1433  16.0%   197 1430s
 11015  8179 15933.5074   60  206 17494.6500 14705.2759  15.9%   196 1471s
 11191  8320 14853.6343   38  527 17494.6500 14705.2759  15.9%   196 1496s
 11342  8540 16473.1171  103  108 17494.6500 14706.0069  15.9%   196 1527s
 11631  8717 15741.0425   57  188 17494.6500 14708.3282  15.9%   195 1554s
 11674  8717 16819.9424  100  111 17494.6500 14708.3282  15.9%   195 1555s
 11812  8757 15017.8020   36  477 17494.6500 14709.1306  15.9%   195 1580s
 11854  8981 15453.2648   52  411 17494.6500 14710.9295  15.9%   196 1608s
 11951  8981 17240.8991  149   38 17494.6500 14710.9295  15.9%   196 1610s
 12109  9032 14885.5933   34  470 17494.6500 14711.6175  15.9%   195 1633s
 12163  9256 15882.7341   64  307 17494.6500 14715.6905  15.9%   197 1658s
 12220  9256 16635.4250  121  107 17494.6500 14715.6905  15.9%   196 1660s
 12470  9330     cutoff  178      17494.6500 14718.4792  15.9%   195 1687s
 12520  9364 15024.6851   39  556 17494.6500 14718.4792  15.9%   196 1709s
 12554  9511 15213.4593   42  257 17494.6500 14718.4792  15.9%   197 1733s
H12705  9376                    17371.310000 14718.4792  15.3%   198 1858s
 12873  9467 17104.4082   96   32 17371.3100 14718.4842  15.3%   197 1885s
 13010  9525     cutoff  112      17371.3100 14719.0221  15.3%   198 1916s
 13080  9672 15014.7687   43  515 17371.3100 14719.5504  15.3%   198 1947s
 13202  9672 16463.4053  111  150 17371.3100 14719.5504  15.3%   199 1950s
 13251  9871 16823.6730   98  175 17371.3100 14719.6931  15.3%   199 1979s
 13271  9871 17121.8058  118  121 17371.3100 14719.6931  15.3%   199 1980s
 13479 10041 15445.5384   54  399 17371.3100 14720.5226  15.3%   198 2008s
 13536 10041 16342.1205  111  168 17371.3100 14720.5226  15.3%   198 2010s
 13674 10181 14850.5847   39  574 17371.3100 14721.6171  15.3%   198 2040s
 13849 10327     cutoff  142      17371.3100 14723.0659  15.2%   198 2066s
 14018 10555 14911.0216   36  260 17371.3100 14725.2495  15.2%   199 2092s
 14289 10623 17180.1750  156   14 17371.3100 14726.8025  15.2%   198 2120s
 14375 10839     cutoff  158      17371.3100 14727.2480  15.2%   199 2146s
 14628 11033 16758.8248  135  105 17371.3100 14727.5721  15.2%   199 2173s
 14730 11039 15727.5189   89  128 17371.3100 14727.5721  15.2%   198 2175s
 14852 11261 17144.9047  151   39 17371.3100 14730.9860  15.2%   198 2201s
 15099 11314 17088.9325  134   60 17371.3100 14731.9225  15.2%   198 2225s
 15164 11520 15446.8771   47  317 17371.3100 14733.1760  15.2%   199 2252s
 15405 11687 16741.3255  110  147 17371.3100 14733.6580  15.2%   198 2281s
 15618 11777     cutoff  142      17371.3100 14734.0130  15.2%   198 2305s
 15710 11948 15393.6295   67  355 17371.3100 14735.2398  15.2%   199 2330s
 15927 11989 15001.5868   40  409 17371.3100 14735.3140  15.2%   199 2356s
 15980 12072 15059.4931   36  386 17371.3100 14736.5107  15.2%   200 2383s
 16067 12226 14982.1741   45  515 17371.3100 14736.5107  15.2%   201 2412s
 16210 12227 16083.0400  133   39 17371.3100 14736.5107  15.2%   202 2415s
 16239 12315 15122.2710   59  326 17371.3100 14736.5107  15.2%   202 2436s
 16333 12436 15433.9610   94  220 17371.3100 14737.1656  15.2%   203 2462s
 16485 12569 15177.6906   40  431 17371.3100 14737.3737  15.2%   204 2490s
 16645 12677 14834.9415   36  475 17371.3100 14737.3737  15.2%   205 2514s
 16688 12677 16094.1737   67  234 17371.3100 14737.3737  15.2%   205 2515s
 16770 12791 16354.4074   79  194 17371.3100 14739.4043  15.2%   205 2535s
 16895 12891 14827.7514   39  623 17371.3100 14739.4043  15.2%   206 2556s
 17009 13033 14923.5728   52  476 17371.3100 14739.4043  15.2%   206 2579s
 17043 13033 15270.5328   57  454 17371.3100 14739.4043  15.2%   207 2580s
 17168 13219 15131.7681   72  250 17371.3100 14739.4043  15.2%   207 2602s
 17332 13219     cutoff  170      17371.3100 14739.4043  15.2%   207 2605s
 17368 13419 16292.4970  141  123 17371.3100 14742.8050  15.1%   207 2626s
 17621 13567 15119.9353   43  404 17371.3100 14743.3274  15.1%   207 2649s
 17723 13567 15790.4737   81  144 17371.3100 14743.3274  15.1%   207 2650s
 17781 13709 16454.3915  105  178 17371.3100 14744.3625  15.1%   207 2671s
 17952 13846 15474.2849   53  409 17371.3100 14744.6525  15.1%   207 2694s
 18003 13846 16442.2408  104   24 17371.3100 14744.6525  15.1%   207 2695s
 18115 13919     cutoff  139      17371.3100 14744.8415  15.1%   208 2715s
 18221 14059 15159.6502   47  311 17371.3100 14745.7089  15.1%   208 2741s
 18402 14133 16324.0700  109    8 17371.3100 14746.0159  15.1%   208 2761s
 18472 14236 16370.5900  110    8 17371.3100 14746.0540  15.1%   210 2781s
 18588 14408 16980.5100  131    - 17371.3100 14746.2035  15.1%   210 2806s
 18821 14534     cutoff  142      17371.3100 14747.0164  15.1%   210 2830s
 18971 14606 17328.9700  142    7 17371.3100 14747.4271  15.1%   211 2850s
 19060 14720     cutoff  144      17371.3100 14748.5137  15.1%   212 2871s
 19201 14817 15029.0965   46  366 17371.3100 14751.0756  15.1%   212 2892s
 19296 15043 15486.5882   74  117 17371.3100 14751.1821  15.1%   213 2916s
 19578 15187     cutoff  146      17371.3100 14751.6865  15.1%   212 2940s
 19780 15376 15597.4468   69  285 17371.3100 14752.9151  15.1%   212 2965s
 19994 15468 14894.6649   33  480 17371.3100 14752.9538  15.1%   212 2986s
 20086 15682 15650.1359   71  284 17371.3100 14752.9874  15.1%   213 3009s
 20166 15682 17165.5838  151   55 17371.3100 14752.9874  15.1%   213 3010s
 20321 15843 15015.8704   41  589 17371.3100 14753.4603  15.1%   213 3031s
 20507 15964 16765.6858  122   42 17371.3100 14753.7715  15.1%   213 3053s
 20681 16028 infeasible  147      17371.3100 14754.6050  15.1%   213 3074s
 20718 16028     cutoff  154      17371.3100 14754.6644  15.1%   213 3075s
 20751 16157 16218.4483   65  308 17371.3100 14755.1210  15.1%   214 3096s
 20911 16270 15400.3749   46  569 17371.3100 14755.2270  15.1%   214 3118s
 21036 16472 16420.7861   84  340 17371.3100 14756.2351  15.1%   215 3142s
 21270 16652     cutoff  121      17371.3100 14756.8567  15.1%   214 3170s
 21491 16718 15437.2065   50  323 17371.3100 14757.0971  15.0%   214 3190s
 21565 16818 16225.0196   83  198 17371.3100 14757.7928  15.0%   215 3210s
 21678 16969 15856.0077   64  264 17371.3100 14759.9006  15.0%   215 3232s
 21881 17058 15224.1715   42  410 17371.3100 14759.9246  15.0%   215 3254s
 21975 17058 15516.3971   59  280 17371.3100 14759.9246  15.0%   216 3255s
 21982 17168 16846.2830   65  225 17371.3100 14759.9938  15.0%   216 3277s
 22102 17284 15345.2821   56  324 17371.3100 14759.9938  15.0%   217 3299s
 22143 17284 15379.9019   77  229 17371.3100 14759.9938  15.0%   217 3300s
 22232 17478 15569.2032   83  323 17371.3100 14760.1723  15.0%   218 3323s
 22357 17478 16167.5480  113  225 17371.3100 14760.3871  15.0%   218 3325s
 22455 17661 15353.5663   50  452 17371.3100 14760.4583  15.0%   218 3347s
 22679 17817     cutoff  139      17371.3100 14761.4863  15.0%   217 3372s
 22843 18044 15945.0539   70  336 17371.3100 14761.8048  15.0%   218 3399s
 22883 18044 16567.3324  110  150 17371.3100 14761.8048  15.0%   218 3400s
 23117 18124 15046.7673   48  445 17371.3100 14762.3271  15.0%   217 3424s
 23228 18235 15131.4490   32  428 17371.3100 14762.4912  15.0%   217 3449s
 23359 18371 17045.7550   93   54 17371.3100 14762.6313  15.0%   218 3473s
 23485 18371 16901.1733  128   64 17371.3100 14762.9051  15.0%   218 3475s
 23532 18442 15798.5608   72  230 17371.3100 14763.1060  15.0%   218 3496s
 23627 18510 14974.1502   37  528 17371.3100 14763.7363  15.0%   218 3517s
 23697 18612 15358.6015   57  253 17371.3100 14763.7363  15.0%   219 3539s
 23799 18918 15677.3631   80  255 17371.3100 14764.2937  15.0%   220 3566s
 24169 19096 17081.3300  152   28 17371.3100 14765.5106  15.0%   218 3593s
 24371 19101 infeasible  157      17371.3100 14765.7055  15.0%   218 3600s

Cutting planes:
  User: 5840
  Gomory: 15
  Cover: 454
  Implied bound: 60
  Clique: 2
  MIR: 127
  StrongCG: 3
  Flow cover: 387
  Zero half: 13
  RLT: 318
  Relax-and-lift: 8
  Lazy constraints: 4469

Explored 24375 nodes (5333472 simplex iterations) in 3600.05 seconds
Thread count was 2 (of 32 available processors)

Solution count 4: 17371.3 17494.6 17789.3 23142 

Time limit reached
Best objective 1.737131000000e+04, best bound 1.476617733068e+04, gap 14.9968%

User-callback calls 417387, time in user-callback 265.89 sec
================================================================================
executing instance: ./input/Instances/Original/1/absH3high_2n45.dat
--------------------------------------------------------------------------------
Instance details
n	46
H	3
C	3171
Li:
[0, 0, 0, 0, 0, 0, 0, 0, 0, 0, 0, 0, 0, 0, 0, 0, 0, 0, 0, 0, 0, 0, 0, 0, 0, 0, 0, 0, 0, 0, 0, 0, 0, 0, 0, 0, 0, 0, 0, 0, 0, 0, 0, 0, 0, 0, ]
Ui:
[0, 246, 160, 78, 20, 87, 144, 40, 20, 82, 60, 96, 24, 136, 160, 108, 160, 26, 228, 51, 24, 240, 231, 70, 32, 105, 174, 114, 246, 126, 132, 76, 22, 42, 255, 132, 148, 162, 66, 111, 102, 240, 123, 201, 297, 78, ]
Distance matrix:
|0	148	402	550	329	420	187	318	366	280	504	273	233	333	112	344	379	481	113	593	159	523	261	424	90	359	163	461	413	240	105	299	265	89	371	462	339	273	495	22	41	439	369	506	563	468	|
|148	0	284	517	394	284	136	369	244	311	496	166	329	355	223	202	338	388	204	565	254	506	118	346	71	423	173	471	336	118	105	352	198	105	248	428	302	305	487	153	179	441	230	497	517	370	|
|402	284	0	350	448	80	228	406	42	343	382	129	456	350	412	126	219	131	382	395	410	371	180	137	314	466	289	400	137	167	389	401	169	316	39	280	217	342	373	394	414	362	108	380	324	106	|
|550	517	350	0	339	429	385	308	374	295	93	375	431	249	481	461	180	239	458	48	445	57	474	214	496	333	387	160	216	424	601	321	320	471	376	90	217	301	93	530	534	146	452	88	52	262	|
|329	394	448	339	0	513	282	42	438	105	255	363	115	108	221	484	259	431	217	365	172	289	436	362	333	30	224	189	353	380	423	47	291	296	443	285	240	107	251	307	294	193	495	260	378	437	|
|420	284	80	429	513	0	267	473	76	408	462	163	509	421	449	86	298	201	421	474	455	451	167	217	330	533	333	478	217	181	386	466	225	341	70	360	291	406	453	416	438	440	59	460	400	176	|
