




arguments: ./build/mirp_solver -f ./input/orig_exec_341.cfg
Current dir: /scratch/gui/bnc_mirp
File verbosity level: 9
date       time         ( uptime  ) [ thread name/id ]                   file:line     v| 
2021-01-23 12:50:20.409 (   0.103s) [main thread     ]             loguru.cpp:789   INFO| Logging to './output/vi_hc1_full/OU/V4/Original/execution_23_01_2021_12_50_20.log', mode: 'a', verbosity: 9
--------------------------------------------------------------------------------
Parameters
                           instance_path           ./input/Instances/Original/3/
                            model_policy                                       1
                             nb_vehicles                                       4
                              output_dir    ./output/vi_hc1_full/OU/V4/Original/
                            sec_strategy                                       1
                       solver_nb_threads                                       2
                         solver_show_log                                    true
                       solver_time_limit                                    3600
                              use_vi_cos                                   false
                              use_vi_cus                                   false
                         use_vi_hc1_full                                    true
                         use_vi_hc1_half                                   false
                      use_vi_hc1_quarter                                   false
                              use_vi_hc2                                   false
                              use_vi_hc3                                   false
                         use_vi_lex_full                                   false
                         use_vi_lex_half                                   false
                      use_vi_lex_quarter                                   false
                              use_vi_qua                                   false
                               use_vi_vc                                   false
                               use_vi_vr                                   false
--------------------------------------------------------------------------------
executing instance: ./input/Instances/Original/3/absH3low_2n5.dat
--------------------------------------------------------------------------------
Instance details
n	6
H	3
C	237
Li:
[0, 0, 0, 0, 0, 0, ]
Ui:
[0, 93, 180, 51, 114, 24, ]
Distance matrix:
|0	170	318	35	112	235	|
|170	0	311	205	258	301	|
|318	311	0	326	278	137	|
|35	205	326	0	89	230	|
|112	258	278	89	0	160	|
|235	301	137	230	160	0	|

--------------------------------------------------------------------------------
Building model...
	using lazy and cut (CVRPSEP package)
Solving IRP LP...
--------------------------------------------------------------------------------

Gurobi 9.1.0 (linux64) logging started Sat Jan 23 12:50:20 2021

Gurobi Optimizer version 9.1.0 build v9.1.0rc0 (linux64)
Thread count: 32 physical cores, 32 logical processors, using up to 2 threads
Optimize a model with 246 rows, 336 columns and 1194 nonzeros
Model fingerprint: 0x929ea737
Variable types: 84 continuous, 252 integer (72 binary)
Coefficient statistics:
  Matrix range     [1e+00, 2e+02]
  Objective range  [1e-02, 3e+02]
  Bounds range     [1e+00, 2e+02]
  RHS range        [1e+01, 5e+02]
Presolve removed 109 rows and 171 columns
Presolve time: 0.00s

Explored 0 nodes (0 simplex iterations) in 0.01 seconds
Thread count was 1 (of 32 available processors)

Solution count 0

Model is infeasible
Best objective -, best bound -, gap -

User-callback calls 52, time in user-callback 0.00 sec

Computing Irreducible Inconsistent Subsystem (IIS)...

           Constraints          |            Bounds           |  Runtime
      Min       Max     Guess   |   Min       Max     Guess   |
--------------------------------------------------------------------------
        0       246         -         0       464         -           0s
       34        34         -        33        33         -           0s

IIS computed: 34 constraints, 33 bounds
IIS runtime: 0.41 seconds
================================================================================
executing instance: ./input/Instances/Original/3/absH3high_5n30.dat
--------------------------------------------------------------------------------
Instance details
n	31
H	3
C	2296
Li:
[0, 0, 0, 0, 0, 0, 0, 0, 0, 0, 0, 0, 0, 0, 0, 0, 0, 0, 0, 0, 0, 0, 0, 0, 0, 0, 0, 0, 0, 0, 0, ]
Ui:
[0, 80, 90, 297, 28, 264, 123, 192, 112, 32, 72, 88, 294, 129, 126, 105, 110, 237, 246, 92, 72, 147, 54, 96, 128, 96, 84, 28, 74, 196, 192, ]
Distance matrix:
|0	87	302	65	389	171	219	120	412	339	129	63	169	401	383	158	393	161	246	275	64	287	345	235	13	274	106	201	85	358	135	|
|87	0	334	128	402	212	301	204	465	384	187	145	232	424	454	238	475	245	289	352	80	307	352	321	81	352	20	261	170	376	215	|
|302	334	0	239	113	132	237	334	157	70	404	263	162	105	227	229	339	251	65	217	259	53	107	352	293	220	339	134	270	75	235	|
|65	128	239	0	330	107	175	130	348	275	174	40	107	339	326	114	351	125	181	224	58	228	290	222	58	224	143	138	65	297	92	|
|389	402	113	330	0	226	349	438	210	151	502	360	269	48	316	339	441	362	175	328	335	102	55	465	377	330	401	245	371	37	342	|
|171	212	132	107	226	0	169	214	253	173	276	134	64	233	261	130	326	153	77	188	133	125	192	264	162	190	220	68	145	193	125	|
|219	301	237	175	349	169	0	157	257	223	244	157	105	334	180	62	175	61	177	63	233	264	334	118	221	61	317	112	136	312	85	|
|120	204	334	130	438	214	157	0	402	348	88	90	173	438	336	115	307	100	269	220	172	338	406	122	130	218	224	204	69	403	101	|
|412	465	157	348	210	253	257	402	0	88	486	359	245	166	129	287	266	303	178	204	386	208	239	370	406	207	473	212	354	187	304	|
|339	384	70	275	151	173	223	348	88	0	427	291	179	120	166	234	290	254	96	187	306	123	166	342	332	190	391	145	291	119	247	|
|129	187	404	174	502	276	244	88	486	427	0	142	248	508	424	200	390	187	342	308	193	400	464	192	142	306	207	281	136	469	182	|
|63	145	263	40	360	134	157	90	359	291	142	0	114	366	321	95	331	99	202	212	90	258	323	186	65	211	163	148	27	327	72	|
|169	232	162	107	269	64	105	173	245	179	248	114	0	266	222	71	268	94	97	131	155	173	244	203	164	132	245	34	113	233	73	|
|401	424	105	339	48	233	334	438	166	120	508	366	266	0	280	332	409	355	169	305	353	117	96	452	391	308	425	237	374	49	339	|
|383	454	227	326	316	261	180	336	129	166	424	321	222	280	0	231	137	238	208	116	376	277	331	272	381	118	467	197	307	285	253	|
|158	238	229	114	339	130	62	115	287	234	200	95	71	332	231	0	238	23	164	118	171	243	314	134	159	117	255	95	77	302	23	|
|393	475	339	351	441	326	175	307	266	290	390	331	268	409	137	238	0	232	300	138	408	383	445	204	395	136	492	258	308	406	260	|
|161	245	251	125	362	153	61	100	303	254	187	99	94	355	238	23	232	0	187	123	183	267	338	111	164	121	262	117	77	325	34	|
|246	289	65	181	175	77	177	269	178	96	342	202	97	169	208	164	300	187	0	168	210	87	157	290	238	171	296	70	206	138	170	|
|275	352	217	224	328	188	63	220	204	187	308	212	131	305	116	118	138	123	168	0	279	255	322	166	275	3	367	120	195	291	141	|
|64	80	259	58	335	133	233	172	386	306	193	90	155	353	376	171	408	183	210	279	0	236	289	276	51	279	90	182	117	307	150	|
|287	307	53	228	102	125	264	338	208	123	400	258	173	117	277	243	383	267	87	255	236	0	71	374	276	257	308	153	270	71	245	|
|345	352	107	290	55	192	334	406	239	166	464	323	244	96	331	314	445	338	157	322	289	71	0	445	334	325	350	224	337	54	315	|
|235	321	352	222	465	264	118	122	370	342	192	186	203	452	272	134	204	111	290	166	276	374	445	0	243	164	341	221	159	428	142	|
|13	81	293	58	377	162	221	130	406	332	142	65	164	391	381	159	395	164	238	275	51	276	334	243	0	274	100	196	89	347	136	|
|274	352	220	224	330	190	61	218	207	190	306	211	132	308	118	117	136	121	171	3	279	257	325	164	274	0	367	122	194	294	140	|
|106	20	339	143	401	220	317	224	473	391	207	163	245	425	467	255	492	262	296	367	90	308	350	341	100	367	0	272	188	377	232	|
|201	261	134	138	245	68	112	204	212	145	281	148	34	237	197	95	258	117	70	120	182	153	224	221	196	122	272	0	146	208	103	|
|85	170	270	65	371	145	136	69	354	291	136	27	113	374	307	77	308	77	206	195	117	270	337	159	89	194	188	146	0	337	54	|
|358	376	75	297	37	193	312	403	187	119	469	327	233	49	285	302	406	325	138	291	307	71	54	428	347	294	377	208	337	0	306	|
|135	215	235	92	342	125	85	101	304	247	182	72	73	339	253	23	260	34	170	141	150	245	315	142	136	140	232	103	54	306	0	|

--------------------------------------------------------------------------------
Building model...
	using lazy and cut (CVRPSEP package)
Solving IRP LP...
--------------------------------------------------------------------------------

Gurobi 9.1.0 (linux64) logging started Sat Jan 23 12:50:21 2021

Gurobi Optimizer version 9.1.0 build v9.1.0rc0 (linux64)
Thread count: 32 physical cores, 32 logical processors, using up to 2 threads
Optimize a model with 1321 rows, 6436 columns and 19369 nonzeros
Model fingerprint: 0x3f68e8b5
Variable types: 484 continuous, 5952 integer (372 binary)
Coefficient statistics:
  Matrix range     [1e+00, 6e+02]
  Objective range  [1e-01, 5e+02]
  Bounds range     [1e+00, 3e+02]
  RHS range        [1e+01, 4e+03]
Presolve removed 191 rows and 607 columns
Presolve time: 0.06s
Presolved: 1130 rows, 5829 columns, 17259 nonzeros
Variable types: 422 continuous, 5407 integer (5064 binary)

Root relaxation: objective 9.019239e+03, 1053 iterations, 0.04 seconds

    Nodes    |    Current Node    |     Objective Bounds      |     Work
 Expl Unexpl |  Obj  Depth IntInf | Incumbent    BestBd   Gap | It/Node Time

     0     0 9019.23861    0   92          - 9019.23861      -     -    0s
     0     0 9361.38461    0  113          - 9361.38461      -     -    0s
     0     0 9727.01459    0  186          - 9727.01459      -     -    0s
     0     0 9732.53710    0  182          - 9732.53710      -     -    0s
     0     0 9732.77938    0  180          - 9732.77938      -     -    0s
     0     0 9866.22935    0  238          - 9866.22935      -     -    0s
     0     0 9893.40678    0  245          - 9893.40678      -     -    1s
     0     0 9894.78617    0  232          - 9894.78617      -     -    1s
     0     0 9895.30660    0  256          - 9895.30660      -     -    1s
     0     0 9961.30359    0  233          - 9961.30359      -     -    1s
     0     0 9969.62864    0  225          - 9969.62864      -     -    1s
     0     0 9970.60338    0  230          - 9970.60338      -     -    1s
     0     0 9970.87005    0  242          - 9970.87005      -     -    1s
     0     0 9986.96293    0  318          - 9986.96293      -     -    1s
     0     0 9992.89240    0  335          - 9992.89240      -     -    1s
     0     0 9996.15901    0  348          - 9996.15901      -     -    2s
     0     0 9996.71493    0  343          - 9996.71493      -     -    2s
     0     0 10014.7687    0  328          - 10014.7687      -     -    2s
     0     0 10016.7663    0  390          - 10016.7663      -     -    2s
     0     0 10017.4496    0  364          - 10017.4496      -     -    2s
     0     0 10023.3386    0  418          - 10023.3386      -     -    2s
     0     0 10023.3386    0  418          - 10023.3386      -     -    2s
     0     2 10024.8182    0  417          - 10024.8182      -     -    3s
    27    30 10062.1245    9  242          - 10029.1603      -   287    5s
   118   129 10456.5303   36  164          - 10029.1603      -   288   10s
   321   354 11104.3507   74  160          - 10029.1603      -   176   15s
*  537   497             235    14972.480000 10029.1603  33.0%   122   18s
*  539   497             235    14681.040000 10029.1603  31.7%   122   18s
*  544   497             233    14580.040000 10029.1603  31.2%   121   18s
   565   528 11885.0827  111   74 14580.0400 10029.1603  31.2%   123   20s
   634   637 12660.7867  157   55 14580.0400 10029.1603  31.2%   122   25s
*  726   675             218    13645.890000 10031.9144  26.5%   114   27s
*  731   676             221    13638.890000 10031.9144  26.4%   113   27s
   783   636 11519.9862  109  418 13638.8900 10031.9144  26.4%   109   30s
H  784   605                    13468.770000 10031.9144  25.5%   108   31s
   803   617 12724.3346  153  447 13468.7700 10095.4125  25.0%   106   35s
   822   630 13340.1650  209  482 13468.7700 10120.7571  24.9%   103   40s
   835   639 10122.7666    5  482 13468.7700 10122.7666  24.8%   102   45s
H  840   609                    13460.770000 10123.1303  24.8%   101   47s
   848   616 10123.1845   13  418 13460.7700 10123.1845  24.8%   113   50s
H  849   586                    13401.770000 10123.1845  24.5%   113   50s
   870   600 11426.5054   83  512 13401.7700 10123.4117  24.5%   110   55s
   882   608 12474.3656  150  474 13401.7700 10124.7893  24.5%   108   60s
   889   615 10127.4245   19  503 13401.7700 10127.4245  24.4%   116   66s
   895   619 10139.4438   21  444 13401.7700 10139.4438  24.3%   119   70s
   926   642 10186.4695   28  402 13401.7700 10161.0618  24.2%   130   75s
   958   665 10240.6358   36  362 13401.7700 10161.0618  24.2%   142   80s
   982   680 10375.5208   41  411 13401.7700 10161.0618  24.2%   149   85s
  1021   713 10427.3263   51  362 13401.7700 10161.0618  24.2%   157   90s
H 1064   700                    13371.650000 10161.0618  24.0%   163   93s
  1075   719 10518.3782   63  347 13371.6500 10161.0618  24.0%   164   95s
H 1102   701                    13316.410000 10161.0618  23.7%   168   98s
  1124   720 10895.6095   73  229 13316.4100 10161.0618  23.7%   172  101s
  1165   749 10611.6700   82  330 13316.4100 10161.0618  23.7%   178  105s
  1218   789 10667.8812   90  325 13316.4100 10161.0618  23.7%   181  110s
  1271   829 10704.6568  101  350 13316.4100 10161.0618  23.7%   185  115s
  1331   871 10768.5612  113  329 13316.4100 10161.0618  23.7%   188  121s
  1379   893 10796.4437  122  358 13316.4100 10161.0618  23.7%   192  125s
  1433   960 10800.7876  129  343 13316.4100 10161.0618  23.7%   192  130s
  1547  1007 10874.3897  139  269 13316.4100 10161.0618  23.7%   189  135s
  1729  1112 10917.3247  153  239 13316.4100 10161.0618  23.7%   179  141s
* 1744  1064             309    13069.040000 10161.0618  22.3%   179  141s
  1835  1051 10975.6321  160  160 13069.0400 10161.0618  22.3%   174  145s
  1893  1096 11115.8827  181  225 13069.0400 10161.0618  22.3%   179  151s
  1942  1131 11176.3462  197  183 13069.0400 10161.0618  22.3%   182  156s
  1970  1134 11372.4186  205  158 13069.0400 10161.0618  22.3%   183  160s
H 2002  1073                    12857.940000 10161.0618  21.0%   185  162s
  2009  1098 11231.9570  215  198 12857.9400 10161.0618  21.0%   185  165s
  2095  1186 11294.8586  235  207 12857.9400 10161.0618  21.0%   185  171s
  2208  1287 11851.2251  262  108 12857.9400 10161.0618  21.0%   184  177s
  2293  1337 11877.7179  287  180 12857.9400 10161.0618  21.0%   183  181s
  2373  1434 11910.7296  301  194 12857.9400 10169.2862  20.9%   182  186s
  2519  1465 10287.8443   28  379 12857.9400 10169.2862  20.9%   177  190s
  2583  1496 10387.7129   35  416 12857.9400 10169.2862  20.9%   179  197s
  2622  1543 10596.4837   45  272 12857.9400 10169.2862  20.9%   182  203s
  2645  1598 10653.8095   50  233 12857.9400 10169.2862  20.9%   183  206s
  2700  1673 10791.4035   62  232 12857.9400 10169.2862  20.9%   183  210s
  2862  1803 11083.9399  124  196 12857.9400 10169.2862  20.9%   181  218s
H 2907  1809                    12552.620000 10169.2862  19.0%   179  234s
  2968  1989 11243.2778  171  157 12552.6200 10169.2862  19.0%   177  239s
  3042  1989 11576.0906  218  164 12552.6200 10169.2862  19.0%   175  240s
  3160  2016 infeasible  236      12552.6200 10169.7667  19.0%   172  245s
  3259  2084 10631.0866   40  202 12552.6200 10169.7902  19.0%   174  253s
  3297  2190 10732.8140   50  155 12552.6200 10169.7902  19.0%   175  258s
  3403  2271 11137.0304   90  210 12552.6200 10169.7902  19.0%   175  264s
  3486  2407 11335.4332  110   92 12552.6200 10169.7902  19.0%   175  271s
  3633  2528 11800.6405  167   71 12552.6200 10169.7902  19.0%   172  278s
  3775  2684 12274.3017  237   79 12552.6200 10178.8872  18.9%   169  286s
  3963  2764 10438.6156   26  350 12552.6200 10178.9085  18.9%   164  294s
  4087  2847     cutoff   78      12552.6200 10180.9278  18.9%   163  301s
  4175  2870 10386.1280   26  363 12552.6200 10185.4384  18.9%   163  307s
  4198  2915 10463.0371   38  241 12552.6200 10185.4384  18.9%   164  314s
  4243  2979 10579.5469   54  209 12552.6200 10185.4384  18.9%   165  320s
  4307  3070 10776.2202   89  214 12552.6200 10185.4384  18.9%   166  327s
  4398  3193 10911.0887  130  163 12552.6200 10185.4384  18.9%   165  333s
  4521  3342 11406.5036  179  183 12552.6200 10185.5811  18.9%   165  342s
  4690  3371 10320.9528   30  399 12552.6200 10185.5811  18.9%   163  350s
  4745  3409 10549.7474   35  351 12552.6200 10185.5811  18.9%   164  358s
  4783  3529 10843.9294   42  188 12552.6200 10185.5811  18.9%   166  366s
  4914  3577 12037.3577   61   78 12552.6200 10229.2664  18.5%   165  375s
  4978  3657     cutoff   74      12552.6200 10229.3333  18.5%   165  384s
  5070  3767 10962.7834   39  241 12552.6200 10231.4255  18.5%   165  393s
  5190  3834 10396.2115   26  341 12552.6200 10231.4255  18.5%   165  402s
  5276  3862 10418.4077   30  397 12552.6200 10231.4255  18.5%   165  411s
  5308  3939 10658.8417   35  174 12552.6200 10231.4255  18.5%   167  421s
  5397  3969 10724.7772   41  347 12552.6200 10231.4255  18.5%   168  430s
H 5414  3790                    12394.380000 10231.4255  17.5%   169  430s
  5427  3823 10874.2879   50  284 12394.3800 10231.4255  17.5%   170  440s
  5460  3957 10978.4060   57  235 12394.3800 10231.4255  17.5%   171  450s
  5594  4156 11320.8448   78  175 12394.3800 10231.4255  17.5%   171  462s
  5821  4262 11581.4850  106  102 12394.3800 10231.4255  17.5%   170  475s
  5932  4448 11785.9674  156  109 12394.3800 10244.6385  17.3%   170  487s
  6157  4628 10726.5278   31  296 12394.3800 10244.7822  17.3%   167  501s
  6374  4681 infeasible   96      12394.3800 10245.4696  17.3%   166  511s
  6426  4881 11487.3868   62  104 12394.3800 10255.6447  17.3%   167  523s
  6586  4881 11454.1887   57   78 12394.3800 10255.7122  17.3%   166  525s
  6696  4971 10737.5588   42  159 12394.3800 10255.7122  17.3%   165  535s
  6785  5122 11864.9813  111   19 12394.3800 10256.9800  17.2%   166  545s
  6963  5311 11316.1645  108  173 12394.3800 10261.5872  17.2%   164  557s
  7170  5509 10945.4848   58  128 12394.3800 10261.6110  17.2%   163  570s
  7397  5642 10730.4578   38  185 12394.3800 10266.9361  17.2%   161  585s
  7558  5759 10474.7225   27  439 12394.3800 10272.4914  17.1%   161  597s
  7707  5850 10443.3307   25  281 12394.3800 10273.6805  17.1%   162  610s
  7798  6036 10908.1908   42   83 12394.3800 10273.6807  17.1%   164  624s
  7862  6037 11309.3733   65   25 12394.3800 10273.6807  17.1%   163  625s
  8064  6246     cutoff   96      12394.3800 10278.6339  17.1%   163  639s
  8141  6246 12066.8609  111   40 12394.3800 10278.6339  17.1%   163  640s
  8295  6377 10429.4712   26  333 12394.3800 10284.1659  17.0%   162  652s
  8447  6617 10880.9854   48  220 12394.3800 10286.3813  17.0%   162  667s
  8715  6727 12086.7038  123   37 12394.3800 10291.2501  17.0%   161  680s
  8843  6877 11246.6926   51  244 12394.3800 10291.9674  17.0%   162  697s
  9015  7059 11823.4796   85   45 12394.3800 10300.9191  16.9%   161  712s
  9229  7160 12038.7805   98   35 12394.3800 10303.4244  16.9%   160  724s
  9264  7160 12325.4968  129   19 12394.3800 10303.4244  16.9%   160  725s
  9342  7493 10831.8383   50  281 12394.3800 10306.9874  16.8%   161  741s
  9693  7680 11366.4280   90  133 12394.3800 10309.2513  16.8%   159  761s
  9926  7850     cutoff  214      12394.3800 10312.2552  16.8%   157  776s
 10125  7990 11849.7872   76   25 12394.3800 10312.8863  16.8%   158  790s
 10298  8111 10957.6627   34  353 12394.3800 10314.5179  16.8%   157  804s
 10447  8317 10827.7648   42  171 12394.3800 10315.0491  16.8%   158  818s
 10678  8361 10456.4779   30  434 12394.3800 10315.2457  16.8%   157  830s
 10721  8452 10631.2930   37  197 12394.3800 10315.2457  16.8%   158  842s
 10812  8474 11231.2518   50  110 12394.3800 10315.2457  16.8%   160  905s
 10834  8610 11459.4546   58   71 12394.3800 10315.9717  16.8%   160  921s
 11032  8866     cutoff   87      12394.3800 10316.4539  16.8%   159  937s
H11035  8826                    12374.080000 10316.4539  16.6%   159  937s
 11316  8954 10487.3335   29  354 12374.0800 10319.0411  16.6%   158  952s
 11446  9189 11742.5228   77  120 12374.0800 10321.0803  16.6%   159  969s
 11720  9355 12335.7350  127   14 12374.0800 10323.8891  16.6%   158  987s
 11906  9531     cutoff  133      12374.0800 10327.0961  16.5%   157 1002s
 12103  9648 10718.9273   36  380 12374.0800 10327.1052  16.5%   157 1017s
 12220  9919 10823.4713   83   14 12374.0800 10328.0536  16.5%   159 1034s
 12380  9919 11351.4084  163   25 12374.0800 10328.0536  16.5%   157 1035s
 12530 10063 infeasible  163      12374.0800 10328.3956  16.5%   158 1049s
 12601 10063 12206.4235   95   69 12374.0800 10328.3956  16.5%   158 1050s
 12705 10194 10476.4992   30  391 12374.0800 10329.8068  16.5%   158 1064s
 12752 10194 10745.5938   32  217 12374.0800 10329.8068  16.5%   159 1065s
 12851 10468 11249.9779   77  234 12374.0800 10330.7628  16.5%   159 1080s
 13161 10691 11461.2978   64   50 12374.0800 10333.8519  16.5%   158 1097s
 13423 10747 10562.8101   33  385 12374.0800 10338.4380  16.5%   157 1111s
 13475 11018 10837.0685   44  246 12374.0800 10339.7591  16.4%   159 1125s
 13816 11105     cutoff  185      12374.0800 10341.0326  16.4%   157 1140s
 13903 11411 11672.6188   84  170 12374.0800 10346.4257  16.4%   158 1156s
 14244 11676 11617.9245   87   64 12374.0800 10348.5366  16.4%   156 1173s
 14423 11688 11041.8356   46  308 12374.0800 10348.5366  16.4%   156 1175s
 14554 11796     cutoff  159      12374.0800 10348.6149  16.4%   155 1191s
 14696 11878 10753.5281   36  251 12374.0800 10349.0755  16.4%   156 1207s
 14780 12346 11175.9654   49   87 12374.0800 10349.1356  16.4%   157 1225s
 15337 12425     cutoff  145      12374.0800 10349.2489  16.4%   154 1241s
 15413 12575 11102.2771   74   80 12374.0800 10350.3796  16.4%   155 1255s
 15588 12811 11324.4999   59  197 12374.0800 10351.8369  16.3%   155 1272s
 15864 12949 10535.6751   25  340 12374.0800 10352.1341  16.3%   155 1286s
 16024 13253 11576.7165   95   68 12374.0800 10352.4508  16.3%   155 1302s
 16391 13314 infeasible  135      12374.0800 10353.9158  16.3%   154 1318s
 16446 13442 10953.7858   39  258 12374.0800 10356.2261  16.3%   154 1332s
 16590 13691 10482.8094   30  274 12374.0800 10356.5182  16.3%   155 1347s
 16876 13824 10740.0323   30  333 12374.0800 10360.2026  16.3%   155 1364s
 16992 13824 11904.9000  101    - 12374.0800 10360.2026  16.3%   155 1365s
 17034 13944 11225.4372   44  130 12374.0800 10363.0768  16.3%   155 1380s
 17215 14169 10755.3840   39  239 12374.0800 10364.8667  16.2%   155 1395s
 17487 14236 10617.9570   35  290 12374.0800 10366.7224  16.2%   155 1410s
 17554 14368 11126.6160   61  190 12374.0800 10368.5617  16.2%   155 1424s
 17628 14368 10715.7482   30  271 12374.0800 10368.5617  16.2%   155 1425s
 17713 14515 11185.9177   50  105 12374.0800 10374.5608  16.2%   156 1439s
 17889 14620 11823.4107   88   15 12374.0800 10375.3600  16.2%   156 1454s
 18006 14739 10840.7601   40  336 12374.0800 10375.9335  16.1%   156 1469s
 18154 14880 10967.3458   48  203 12374.0800 10376.9291  16.1%   156 1483s
 18342 14971 11241.2379   51  241 12374.0800 10377.1655  16.1%   157 1499s
 18381 14971 12230.7574   89  141 12374.0800 10377.1655  16.1%   157 1500s
 18445 15136 10788.6903   35  232 12374.0800 10380.4765  16.1%   157 1514s
 18637 15265 10731.4150   35  247 12374.0800 10380.9383  16.1%   157 1530s
 18796 15360     cutoff  108      12374.0800 10382.2921  16.1%   157 1545s
 18902 15523 10727.4476   26  285 12374.0800 10385.9813  16.1%   158 1561s
 19081 15778 11245.9469   52  128 12374.0800 10386.1395  16.1%   157 1578s
 19294 15778 12087.5280  114   12 12374.0800 10386.8046  16.1%   157 1580s
 19371 15880 11145.3453   43  237 12374.0800 10386.8832  16.1%   156 1594s
 19505 15993 10947.2421   39  342 12374.0800 10387.7292  16.1%   157 1608s
 19643 16147 10539.2488   32  361 12374.0800 10389.1850  16.0%   157 1622s
 19820 16321 10751.0355   32  369 12374.0800 10389.6524  16.0%   157 1638s
 20020 16443     cutoff  108      12374.0800 10391.3890  16.0%   157 1652s
 20163 16577 11304.0662   64  302 12374.0800 10391.9913  16.0%   157 1668s
 20343 16714 10773.4500   43  349 12374.0800 10392.5967  16.0%   158 1682s
 20502 16861     cutoff  121      12374.0800 10395.6195  16.0%   158 1698s
 20684 16978 10729.2021   34  322 12374.0800 10396.0009  16.0%   158 1712s
 20812 17231 10681.1805   35  378 12374.0800 10396.1105  16.0%   158 1727s
 21119 17292     cutoff  194      12374.0800 10396.3038  16.0%   158 1743s
 21204 17450 10982.0912   45  190 12374.0800 10396.5449  16.0%   158 1757s
 21369 17528 12056.6575   78   39 12374.0800 10398.7118  16.0%   159 1771s
 21476 17754 10933.3157   36   46 12374.0800 10399.4062  16.0%   159 1788s
 21785 17851     cutoff   89      12374.0800 10401.9923  15.9%   159 1803s
 21877 18009 12021.9552   70  149 12374.0800 10403.7290  15.9%   159 1818s
 22076 18125 10675.6245   26  354 12374.0800 10404.8540  15.9%   159 1833s
 22215 18331 11467.1095   74  155 12374.0800 10405.5963  15.9%   159 1848s
 22464 18465 11912.2448   68   53 12374.0800 10406.2396  15.9%   159 1865s
 22628 18680     cutoff  102      12374.0800 10406.9495  15.9%   159 1881s
 22872 18862 10723.3685   45  401 12374.0800 10407.3113  15.9%   159 1897s
 23102 19016     cutoff  126      12374.0800 10407.5215  15.9%   158 1913s
 23299 19228 10843.7614   37  229 12374.0800 10408.4205  15.9%   158 1929s
 23442 19228 11033.9942   50   84 12374.0800 10408.4205  15.9%   158 1930s
 23549 19322 11299.5483   58  210 12374.0800 10408.8012  15.9%   158 1943s
 23663 19371 10826.4086   45  324 12374.0800 10409.7356  15.9%   158 1970s
 23711 19587 11098.9102   59   31 12374.0800 10410.5975  15.9%   159 1986s
 24019 19686 12147.6781  111   75 12374.0800 10413.7179  15.8%   158 2000s
*24124 19856             119    12364.540000 10414.0959  15.8%   158 2016s
 24366 20013 10684.3293   27  414 12364.5400 10415.8064  15.8%   158 2034s
 24437 20013 12077.3201   98  115 12364.5400 10415.8064  15.8%   158 2035s
 24535 20184 12077.8473   99   22 12364.5400 10416.0823  15.8%   158 2051s
 24746 20383 11017.0454   52  126 12364.5400 10416.2291  15.8%   158 2067s
 24996 20600     cutoff   89      12364.5400 10417.6803  15.7%   158 2085s
 25246 20762 11827.0290  127   21 12364.5400 10417.9996  15.7%   157 2102s
 25466 20950 infeasible  169      12364.5400 10418.5291  15.7%   157 2118s
 25651 20950 12166.3762  146   37 12364.5400 10421.0823  15.7%   157 2120s
 25688 21085 10841.2869   38  285 12364.5400 10421.5921  15.7%   157 2133s
 25849 21224 10773.8570   32  359 12364.5400 10422.5153  15.7%   157 2149s
 25887 21224 11495.0382   70  151 12364.5400 10422.5153  15.7%   157 2150s
 26003 21373     cutoff  122      12364.5400 10423.0629  15.7%   157 2165s
 26169 21507 11486.5863   60  146 12364.5400 10425.2561  15.7%   157 2180s
H26251 20631                    12257.020000 10425.2561  14.9%   157 2180s
 26335 20779 11701.1343   76  175 12257.0200 10426.0995  14.9%   157 2195s
 26503 20943 11469.0216   75   55 12257.0200 10426.2627  14.9%   157 2210s
 26693 21078 10846.4761   45  293 12257.0200 10428.8898  14.9%   157 2226s
H26836 19953                    12136.700000 10428.8898  14.1%   158 2242s
 27080 20111 11549.8250   69  119 12136.7000 10430.6348  14.1%   157 2259s
 27160 20111 11648.8155   77  158 12136.7000 10430.6348  14.1%   158 2260s
 27265 20243 11693.9493   88   92 12136.7000 10430.9940  14.1%   158 2275s
 27458 20430     cutoff  118      12136.7000 10432.1363  14.0%   158 2290s
 27687 20603 11174.2950   52  129 12136.7000 10432.5526  14.0%   157 2306s
 27886 20729     cutoff   93      12136.7000 10432.6122  14.0%   157 2324s
 28000 20729 11358.6855   54   29 12136.7000 10433.8405  14.0%   158 2325s
 28051 20819 11558.5343   65   63 12136.7000 10434.4451  14.0%   158 2337s
 28149 20973 11389.9724   64  181 12136.7000 10434.9850  14.0%   158 2351s
 28332 21121 11899.3115  101   40 12136.7000 10437.1535  14.0%   158 2366s
 28526 21237 10796.0073   35  194 12136.7000 10437.4388  14.0%   158 2383s
 28657 21374 11271.3544   70   23 12136.7000 10438.0252  14.0%   158 2399s
 28846 21626 11901.5743   86    8 12136.7000 10439.7161  14.0%   158 2414s
 28896 21631 11327.4076   58  111 12136.7000 10439.7161  14.0%   158 2415s
 29120 21743 10837.1193   34  302 12136.7000 10440.8950  14.0%   158 2430s
 29251 21918 10920.1983   37  286 12136.7000 10440.8950  14.0%   158 2446s
 29451 22162 11163.3590   46  202 12136.7000 10440.8950  14.0%   158 2462s
 29721 22283 11591.4130   59   99 12136.7000 10443.0950  14.0%   158 2478s
 29901 22447 infeasible   81      12136.7000 10443.1437  14.0%   158 2494s
 30028 22452 11007.4865   44  203 12136.7000 10446.8443  13.9%   158 2495s
 30106 22539     cutoff  107      12136.7000 10447.3155  13.9%   158 2508s
 30230 22689 11018.4836   54  376 12136.7000 10447.7057  13.9%   158 2522s
 30404 22839 10882.1464   43  260 12136.7000 10448.1924  13.9%   158 2538s
 30585 22987 10914.7495   33  306 12136.7000 10448.7642  13.9%   158 2554s
 30649 22987 12073.2248   97   89 12136.7000 10448.7642  13.9%   158 2555s
 30762 23164 10662.9187   38  376 12136.7000 10448.7920  13.9%   158 2570s
 30959 23328     cutoff  147      12136.7000 10448.8945  13.9%   158 2585s
 31167 23525 10985.8518   53  187 12136.7000 10450.6317  13.9%   158 2600s
 31398 23601 infeasible  111      12136.7000 10452.1339  13.9%   158 2617s
 31498 23835 10790.7091   47  106 12136.7000 10452.1891  13.9%   158 2633s
 31673 23835 11284.7539   58  136 12136.7000 10452.2033  13.9%   159 2635s
 31777 23970 11116.5551   47  120 12136.7000 10453.4841  13.9%   158 2650s
 31960 24087 10527.3505   36  429 12136.7000 10454.5349  13.9%   158 2665s
 32093 24220 11383.4250   68  203 12136.7000 10455.7041  13.9%   158 2682s
 32268 24297 10654.3104   26  415 12136.7000 10455.8037  13.8%   158 2696s
 32346 24462 11153.0484   58  229 12136.7000 10455.8361  13.8%   159 2710s
 32537 24644 11025.5925   44  343 12136.7000 10457.1541  13.8%   159 2728s
 32757 24689 10731.9758   46  266 12136.7000 10457.4287  13.8%   159 2744s
 32802 24821 10838.4930   47  250 12136.7000 10458.6589  13.8%   159 2757s
 32968 24915 10847.1588   39  262 12136.7000 10459.0828  13.8%   159 2772s
 33089 25054 10993.6570   39  343 12136.7000 10459.2478  13.8%   159 2787s
 33262 25103 10935.2298   56  424 12136.7000 10459.7098  13.8%   159 2803s
 33314 25246 11394.5536   77  189 12136.7000 10460.5209  13.8%   160 2818s
 33505 25378 11676.7708   53  115 12136.7000 10461.3294  13.8%   160 2833s
 33663 25444     cutoff   71      12136.7000 10461.5554  13.8%   160 2849s
 33734 25543 11448.0127   75   47 12136.7000 10462.4413  13.8%   160 2863s
 33867 25671 11364.5668   56   82 12136.7000 10464.1624  13.8%   161 2879s
 33997 25671 11609.8392   77   47 12136.7000 10464.3803  13.8%   161 2880s
 34033 25895 11461.9738   55  230 12136.7000 10466.0728  13.8%   161 2895s
 34317 26020 infeasible  107      12136.7000 10466.5555  13.8%   160 2912s
 34447 26177 10863.7168   44  325 12136.7000 10467.2180  13.8%   161 2928s
 34634 26282 11747.9110  104   10 12136.7000 10467.2690  13.8%   161 2943s
 34765 26370     cutoff  104      12136.7000 10467.5661  13.8%   161 2959s
 34857 26486 11310.1948   64  242 12136.7000 10468.1427  13.7%   161 2974s
 34999 26752 10989.0391   41  151 12136.7000 10468.6431  13.7%   161 2990s
 35299 26856 10968.6524   40  260 12136.7000 10470.0652  13.7%   161 3007s
 35421 26977 10721.0336   34  416 12136.7000 10470.1641  13.7%   161 3023s
 35558 27154 11442.3991   76  217 12136.7000 10470.3025  13.7%   161 3039s
 35702 27154 10960.8270   47  213 12136.7000 10470.3025  13.7%   161 3040s
 35749 27299 11015.8164   54  214 12136.7000 10470.8781  13.7%   161 3054s
 35813 27300 11901.2486  117   45 12136.7000 10470.8781  13.7%   161 3055s
 35926 27373     cutoff  118      12136.7000 10471.8978  13.7%   161 3070s
 36010 27528 11047.4940   54   86 12136.7000 10472.0750  13.7%   162 3085s
 36194 27720     cutoff  139      12136.7000 10472.3626  13.7%   162 3102s
 36402 27890 11195.6661   62  187 12136.7000 10472.5677  13.7%   162 3119s
 36466 27890 11739.9195  126   53 12136.7000 10472.5677  13.7%   161 3120s
 36595 28055 11145.1697   45  260 12136.7000 10472.5963  13.7%   161 3137s
 36798 28162 10890.0210   34  167 12136.7000 10473.1923  13.7%   161 3151s
 36925 28249 10945.8203   41  222 12136.7000 10473.2231  13.7%   162 3166s
 37038 28341 10839.9418   39  272 12136.7000 10473.6641  13.7%   162 3181s
 37130 28558 11291.9164   54  110 12136.7000 10473.6641  13.7%   162 3199s
 37195 28558 11575.7764   66   37 12136.7000 10473.6641  13.7%   162 3200s
 37424 28691 11565.8552   68  111 12136.7000 10474.1740  13.7%   162 3214s
 37537 28691 11187.1795   52  179 12136.7000 10474.1740  13.7%   162 3215s
 37609 28779 11275.1712   55  196 12136.7000 10474.5228  13.7%   162 3228s
 37719 28867     cutoff  105      12136.7000 10474.5232  13.7%   162 3244s
 37754 28867 11151.7319   65  206 12136.7000 10474.5232  13.7%   163 3245s
 37818 28977 11278.1727   69  157 12136.7000 10474.5488  13.7%   163 3261s
 37962 29146 10974.6797   38  219 12136.7000 10474.7367  13.7%   163 3278s
 38205 29299 11612.4819   53   58 12136.7000 10475.0133  13.7%   163 3295s
 38392 29421 11847.2671   79   18 12136.7000 10475.4533  13.7%   163 3312s
 38556 29542 12018.2827   84  103 12136.7000 10475.8980  13.7%   163 3327s
 38707 29638 infeasible  101      12136.7000 10476.3136  13.7%   163 3342s
 38833 29831 10747.4129   40  243 12136.7000 10476.4313  13.7%   163 3359s
 38903 29832 11392.7997   88   27 12136.7000 10476.4313  13.7%   163 3362s
 39104 29947 11800.5252   87   30 12136.7000 10476.5196  13.7%   163 3377s
 39251 30106 11136.8649   45  165 12136.7000 10476.8474  13.7%   163 3393s
 39438 30170 11002.3591   44  262 12136.7000 10476.8474  13.7%   163 3418s
 39516 30371 11479.7821   56  189 12136.7000 10477.5419  13.7%   163 3434s
 39657 30371 11952.4532  127   12 12136.7000 10477.5419  13.7%   163 3435s
 39794 30527 10886.4587   37  268 12136.7000 10478.4518  13.7%   163 3451s
 40000 30657 10683.1520   29  434 12136.7000 10478.6964  13.7%   163 3467s
 40144 30780 11496.1218   64  130 12136.7000 10479.3123  13.7%   163 3482s
 40282 30888 11234.8542   43  138 12136.7000 10479.5896  13.7%   163 3497s
 40418 31017 10766.8920   36  292 12136.7000 10479.6057  13.7%   163 3512s
 40578 31135 10711.0179   30  324 12136.7000 10479.7990  13.7%   163 3527s
 40706 31254 12066.0637   80   30 12136.7000 10480.0355  13.7%   164 3541s
 40842 31447 11371.5394   99   37 12136.7000 10480.4593  13.6%   164 3556s
 41072 31592 11297.0417   59  163 12136.7000 10480.6850  13.6%   164 3572s
 41225 31800 11154.6940   46  205 12136.7000 10480.7563  13.6%   164 3587s
 41488 31961 11112.5843   45   68 12136.7000 10481.2367  13.6%   164 3600s

Cutting planes:
  User: 5258
  Gomory: 22
  Cover: 361
  Implied bound: 44
  Projected implied bound: 3
  Clique: 2
  MIR: 124
  StrongCG: 1
  Flow cover: 308
  Zero half: 23
  RLT: 243
  Relax-and-lift: 4
  Lazy constraints: 4236

Explored 41673 nodes (6815789 simplex iterations) in 3601.09 seconds
Thread count was 2 (of 32 available processors)

Solution count 10: 12136.7 12257 12364.5 ... 13371.6

Time limit reached
Best objective 1.213670000000e+04, best bound 1.048152564812e+04, gap 13.6378%

User-callback calls 413639, time in user-callback 211.12 sec
================================================================================
executing instance: ./input/Instances/Original/3/absH3high_5n20.dat
--------------------------------------------------------------------------------
Instance details
n	21
H	3
C	1734
Li:
[0, 0, 0, 0, 0, 0, 0, 0, 0, 0, 0, 0, 0, 0, 0, 0, 0, 0, 0, 0, 0, ]
Ui:
[0, 40, 237, 68, 194, 144, 207, 114, 118, 207, 120, 72, 128, 48, 102, 237, 261, 135, 84, 184, 142, ]
Distance matrix:
|0	408	254	408	305	286	284	573	384	380	400	384	552	461	243	577	274	285	345	92	431	|
|408	0	189	21	111	218	178	168	182	283	211	86	158	222	191	168	136	320	219	318	87	|
|254	189	0	198	81	230	31	354	276	174	157	136	307	348	158	348	110	313	275	180	183	|
|408	21	198	0	118	204	190	165	163	302	230	105	169	202	184	170	134	306	202	317	107	|
|305	111	81	118	0	188	80	278	209	221	172	86	247	276	129	276	61	285	220	218	130	|
|286	218	230	204	188	0	249	342	102	401	360	260	373	176	73	360	128	103	60	202	290	|
|284	178	31	190	80	249	0	339	286	151	127	114	284	355	180	330	124	337	290	211	160	|
|573	168	354	165	278	342	339	0	262	411	330	229	118	248	342	37	298	434	316	482	194	|
|384	182	276	163	209	102	286	262	0	429	372	252	319	79	149	287	167	174	55	297	268	|
|380	283	174	302	221	401	151	411	429	0	82	197	318	491	331	390	274	488	439	331	219	|
|400	211	157	230	172	360	127	330	372	82	0	125	237	427	297	308	232	455	390	335	139	|
|384	86	136	105	86	260	114	229	252	197	125	0	171	303	210	217	143	361	278	301	47	|
|552	158	307	169	247	373	284	118	319	318	237	171	0	331	349	84	289	474	366	465	124	|
|461	222	348	202	276	176	355	248	79	491	427	303	331	0	228	279	241	226	119	375	308	|
|243	191	158	184	129	73	180	342	149	331	297	210	349	228	0	352	68	159	127	152	248	|
|577	168	348	170	276	360	330	37	287	390	308	217	84	279	352	0	303	455	339	486	177	|
|274	136	110	134	61	128	124	298	167	274	232	143	289	241	68	303	0	224	166	183	182	|
|285	320	313	306	285	103	337	434	174	488	455	361	474	226	159	455	224	0	119	224	393	|
|345	219	275	202	220	60	290	316	55	439	390	278	366	119	127	339	166	119	0	262	301	|
|92	318	180	317	218	202	211	482	297	331	335	301	465	375	152	486	183	224	262	0	347	|
|431	87	183	107	130	290	160	194	268	219	139	47	124	308	248	177	182	393	301	347	0	|

--------------------------------------------------------------------------------
Building model...
	using lazy and cut (CVRPSEP package)
Solving IRP LP...
--------------------------------------------------------------------------------

Gurobi 9.1.0 (linux64) logging started Sat Jan 23 13:50:23 2021

Gurobi Optimizer version 9.1.0 build v9.1.0rc0 (linux64)
Thread count: 32 physical cores, 32 logical processors, using up to 2 threads
Optimize a model with 891 rows, 3096 columns and 9624 nonzeros
Model fingerprint: 0x287f1293
Variable types: 324 continuous, 2772 integer (252 binary)
Coefficient statistics:
  Matrix range     [1e+00, 4e+02]
  Objective range  [2e-01, 6e+02]
  Bounds range     [1e+00, 3e+02]
  RHS range        [2e+01, 3e+03]
Presolve removed 148 rows and 414 columns
Presolve time: 0.03s
Presolved: 743 rows, 2682 columns, 8164 nonzeros
Variable types: 276 continuous, 2406 integer (2184 binary)

Root relaxation: objective 7.723341e+03, 851 iterations, 0.02 seconds

    Nodes    |    Current Node    |     Objective Bounds      |     Work
 Expl Unexpl |  Obj  Depth IntInf | Incumbent    BestBd   Gap | It/Node Time

     0     0 7723.34081    0   82          - 7723.34081      -     -    0s
     0     0 8174.97528    0  132          - 8174.97528      -     -    0s
     0     0 8228.09814    0  189          - 8228.09814      -     -    0s
     0     0 8419.67852    0   89          - 8419.67852      -     -    0s
     0     0 8477.59580    0  138          - 8477.59580      -     -    0s
     0     0 8511.58656    0  132          - 8511.58656      -     -    0s
     0     0 8512.47298    0  125          - 8512.47298      -     -    0s
     0     0 8512.47298    0  124          - 8512.47298      -     -    0s
     0     0 8602.24280    0  176          - 8602.24280      -     -    0s
