




arguments: ./build/mirp_solver -f ./input/orig_exec_367.cfg
Current dir: /scratch/gui/bnc_mirp
File verbosity level: 9
date       time         ( uptime  ) [ thread name/id ]                   file:line     v| 
2021-01-28 18:31:51.376 (   0.208s) [main thread     ]             loguru.cpp:789   INFO| Logging to './output/vi_hc1_full/OU/V4/Original/execution_28_01_2021_18_31_51.log', mode: 'a', verbosity: 9
--------------------------------------------------------------------------------
Parameters
                           instance_path           ./input/Instances/Original/5/
                            model_policy                                       1
                             nb_vehicles                                       4
                              output_dir    ./output/vi_hc1_full/OU/V4/Original/
                            sec_strategy                                       1
                       solver_nb_threads                                       2
                         solver_show_log                                    true
                       solver_time_limit                                    3600
                              use_vi_cos                                   false
                              use_vi_cus                                   false
                         use_vi_hc1_full                                    true
                         use_vi_hc1_half                                   false
                      use_vi_hc1_quarter                                   false
                              use_vi_hc2                                   false
                              use_vi_hc3                                   false
                         use_vi_lex_full                                   false
                         use_vi_lex_half                                   false
                      use_vi_lex_quarter                                   false
                              use_vi_qua                                   false
                               use_vi_vc                                   false
                               use_vi_vr                                   false
--------------------------------------------------------------------------------
executing instance: ./input/Instances/Original/5/absH3low_4n50.dat
--------------------------------------------------------------------------------
Instance details
n	51
H	3
C	4066
Li:
[0, 0, 0, 0, 0, 0, 0, 0, 0, 0, 0, 0, 0, 0, 0, 0, 0, 0, 0, 0, 0, 0, 0, 0, 0, 0, 0, 0, 0, 0, 0, 0, 0, 0, 0, 0, 0, 0, 0, 0, 0, 0, 0, 0, 0, 0, 0, 0, 0, 0, 0, ]
Ui:
[0, 108, 126, 122, 66, 120, 48, 30, 128, 54, 158, 198, 36, 66, 210, 234, 147, 297, 171, 128, 116, 120, 219, 70, 294, 207, 134, 128, 234, 122, 22, 183, 195, 255, 132, 124, 66, 189, 219, 66, 128, 102, 288, 66, 87, 136, 36, 39, 282, 36, 237, ]
Distance matrix:
|0	210	444	498	509	104	438	228	487	304	456	434	526	476	163	47	293	396	293	290	313	85	280	437	293	336	409	106	449	376	433	478	193	404	404	534	278	181	380	507	189	438	263	473	353	216	202	218	452	254	465	|
|210	0	299	507	359	106	345	409	358	411	320	402	555	448	136	200	289	264	306	427	141	222	83	348	264	320	283	303	380	208	258	357	170	348	475	542	243	347	355	379	65	479	172	373	355	251	112	229	402	210	300	|
|444	299	0	363	65	358	116	542	66	440	26	241	425	272	282	407	251	51	276	490	159	397	224	124	217	237	48	490	170	99	83	74	261	180	430	385	214	479	231	85	270	390	184	116	271	300	409	276	210	215	54	|
|498	507	363	0	385	482	246	424	326	254	343	123	63	93	388	452	221	337	211	314	428	414	480	239	243	187	324	463	194	418	438	307	346	188	156	36	264	392	156	326	444	87	340	258	154	286	603	294	153	297	417	|
|509	359	65	385	0	422	145	602	59	492	59	269	448	292	348	472	305	115	329	545	218	462	281	152	274	286	106	554	192	153	116	78	326	216	472	403	274	540	271	63	334	425	249	127	316	361	468	337	233	278	69	|
|104	106	358	482	422	0	372	309	408	337	374	396	521	441	98	96	262	314	271	342	215	124	177	373	249	302	329	198	394	281	337	402	139	353	419	518	230	250	343	428	90	437	188	405	328	200	134	188	406	199	372	|
|438	345	116	246	145	372	0	485	87	357	97	126	309	155	279	394	180	101	200	414	223	373	288	8	157	150	84	459	53	188	196	68	245	72	328	269	165	427	128	97	297	280	184	36	175	250	456	233	94	184	170	|
|228	409	542	424	602	309	485	0	561	170	544	419	424	446	298	214	305	491	286	115	462	187	457	480	331	339	496	124	470	510	565	545	295	424	279	454	329	66	376	576	363	340	370	520	330	242	429	266	453	328	581	|
|487	358	66	326	59	408	87	561	0	441	40	211	389	233	324	446	258	95	281	497	220	431	287	95	230	234	79	522	133	164	146	19	297	160	415	344	233	500	215	21	323	367	224	68	261	320	470	299	174	242	106	|
|304	411	440	254	492	337	357	170	441	0	434	266	255	286	275	266	189	392	164	63	408	225	428	351	224	207	392	234	330	438	484	424	250	287	112	284	232	149	233	453	349	170	302	389	185	168	471	195	305	248	487	|
|456	320	26	343	59	374	97	544	40	434	0	223	406	252	294	418	247	60	271	487	181	405	247	105	215	229	49	498	149	124	109	48	270	165	419	364	215	482	218	60	288	375	194	92	261	302	431	279	190	220	75	|
|434	402	241	123	269	396	126	419	211	266	223	0	185	46	298	387	140	213	145	328	310	355	366	118	147	97	201	425	78	295	315	191	256	65	211	151	166	371	53	215	343	157	231	145	90	220	505	217	41	198	295	|
|526	555	425	63	448	521	309	424	389	255	406	185	0	156	430	481	266	398	252	310	485	442	534	301	293	237	386	480	257	478	500	370	390	249	145	55	313	401	212	389	491	89	392	321	201	322	646	334	216	345	479	|
|476	448	272	93	292	441	155	446	233	286	252	46	156	0	343	429	183	250	184	348	353	396	411	148	192	140	236	461	102	334	350	214	302	106	214	113	212	402	98	233	389	151	277	165	125	261	551	260	62	244	325	|
|163	136	282	388	348	98	279	298	324	275	294	298	430	343	0	124	167	234	178	296	167	121	162	279	151	205	247	216	297	224	280	316	42	256	340	423	132	232	246	344	74	349	100	314	233	115	216	97	308	101	307	|
|47	200	407	452	472	96	394	214	446	266	418	387	481	429	124	0	246	358	245	259	284	41	261	392	247	289	370	103	403	345	402	436	150	358	361	488	232	158	333	466	165	393	223	430	306	168	217	171	406	210	431	|
|293	289	251	221	305	262	180	305	258	189	247	140	266	183	167	246	0	204	26	240	238	215	276	175	37	43	203	289	169	255	297	242	125	122	202	257	52	248	87	272	225	191	134	215	67	80	382	77	163	81	298	|
|396	264	51	337	115	314	101	491	95	392	60	213	398	250	234	358	204	0	229	442	130	347	196	108	169	194	19	440	152	87	102	93	211	149	390	363	165	428	194	116	228	355	134	117	230	250	376	225	189	164	95	|
|293	306	276	211	329	271	200	286	281	164	271	145	252	184	178	245	26	229	0	216	262	212	297	195	63	53	228	280	184	280	323	264	138	137	178	248	76	232	95	294	241	173	156	234	60	77	395	83	172	102	324	|
|290	427	490	314	545	342	414	115	497	63	487	328	310	348	296	259	240	442	216	0	443	220	456	408	273	264	443	204	390	479	529	480	278	346	165	343	278	115	293	509	369	229	340	447	244	202	473	230	366	288	536	|
|313	141	159	428	218	215	223	462	220	408	181	310	485	353	167	284	238	130	262	443	0	288	67	228	202	252	149	382	267	67	122	221	168	247	440	459	186	396	273	241	125	423	107	245	291	242	251	214	297	162	160	|
|85	222	397	414	462	124	373	187	431	225	405	355	442	396	121	41	215	347	212	220	288	0	273	371	221	258	357	95	378	344	401	420	136	331	321	450	208	126	302	450	177	353	213	409	272	136	253	143	377	190	426	|
|280	83	224	480	281	177	288	457	287	428	247	366	534	411	162	261	276	196	297	456	67	273	0	292	243	298	215	363	329	128	176	288	179	305	475	513	224	392	324	307	96	466	143	311	335	261	187	235	357	195	219	|
|437	348	124	239	152	373	8	480	95	351	105	118	301	148	279	392	175	108	195	408	228	371	292	0	154	144	91	456	46	194	203	76	244	65	320	261	163	423	121	103	299	273	185	40	168	247	459	230	86	183	178	|
|293	264	217	243	274	249	157	331	230	224	215	147	293	192	151	247	37	169	63	273	202	221	243	154	0	57	170	303	157	217	260	215	110	111	238	278	21	271	94	245	201	223	100	193	92	93	362	78	160	54	263	|
|336	320	237	187	286	302	150	339	234	207	229	97	237	140	205	289	43	194	53	264	252	258	298	144	57	0	190	331	131	257	294	216	163	84	197	221	77	285	44	246	258	172	155	183	39	123	418	119	120	110	288	|
|409	283	48	324	106	329	84	496	79	392	49	201	386	236	247	370	203	19	228	443	149	357	215	91	170	190	0	449	136	105	114	75	221	138	384	349	168	434	185	99	245	346	146	98	224	255	394	231	174	171	99	|
|106	303	490	463	554	198	459	124	522	234	498	425	480	461	216	103	289	440	280	204	382	95	363	456	303	331	449	0	458	439	496	510	229	410	344	498	293	89	374	540	267	391	307	495	336	211	308	226	451	280	520	|
|449	380	170	194	192	394	53	470	133	330	149	78	257	102	297	403	169	152	184	390	267	378	329	46	157	131	136	458	0	238	249	114	259	47	287	216	171	416	96	137	327	235	211	67	145	247	488	235	41	197	223	|
|376	208	99	418	153	281	188	510	164	438	124	295	478	334	224	345	255	87	280	479	67	344	128	194	217	257	105	439	238	0	57	169	216	230	453	445	206	445	268	184	191	427	141	202	296	278	315	250	274	191	92	|
|433	258	83	438	116	337	196	565	146	484	109	315	500	350	280	402	297	102	323	529	122	401	176	203	260	294	114	496	249	57	0	157	271	252	490	463	251	499	296	162	247	457	195	199	331	329	362	302	288	241	47	|
|478	357	74	307	78	402	68	545	19	424	48	191	370	214	316	436	242	93	264	480	221	420	288	76	215	216	75	510	114	169	157	0	287	141	396	325	219	485	196	31	319	347	216	49	243	306	469	286	154	230	120	|
|193	170	261	346	326	139	245	295	297	250	270	256	390	302	42	150	125	211	138	278	168	136	179	244	110	163	221	229	259	216	271	287	0	216	305	382	91	229	204	316	105	310	78	280	192	83	257	60	268	62	292	|
|404	348	180	188	216	353	72	424	160	287	165	65	249	106	256	358	122	149	137	346	247	331	305	65	111	84	138	410	47	230	252	141	216	0	255	215	126	369	56	168	292	210	177	102	103	200	454	189	54	155	234	|
|404	475	430	156	472	419	328	279	415	112	419	211	145	214	340	361	202	390	178	165	440	321	475	320	238	197	384	344	287	453	490	396	305	255	0	181	254	261	201	422	410	69	335	353	160	225	551	246	252	280	482	|
|534	542	385	36	403	518	269	454	344	284	364	151	55	113	423	488	257	363	248	343	459	450	513	261	278	221	349	498	216	445	463	325	382	215	181	0	298	425	189	342	479	115	373	276	190	323	638	330	175	332	439	|
|278	243	214	264	274	230	165	329	233	232	215	166	313	212	132	232	52	165	76	278	186	208	224	163	21	77	168	293	171	206	251	219	91	126	254	298	0	267	114	250	181	242	82	202	112	88	341	68	177	33	258	|
|181	347	479	392	540	250	427	66	500	149	482	371	401	402	232	158	248	428	232	115	396	126	392	423	271	285	434	89	416	445	499	485	229	369	261	425	267	0	325	516	298	313	305	463	281	180	375	203	403	264	516	|
|380	355	231	156	271	343	128	376	215	233	218	53	212	98	246	333	87	194	95	293	273	302	324	121	94	44	185	374	96	268	296	196	204	56	201	189	114	325	0	224	294	161	185	157	49	167	455	163	78	147	284	|
|507	379	85	326	63	428	97	576	21	453	60	215	389	233	344	466	272	116	294	509	241	450	307	103	245	246	99	540	137	184	162	31	316	168	422	342	250	516	224	0	344	371	244	70	271	337	490	317	176	261	120	|
|189	65	270	444	334	90	297	363	323	349	288	343	491	389	74	165	225	228	241	369	125	177	96	299	201	258	245	267	327	191	247	319	105	292	410	479	181	298	294	344	0	414	116	328	291	187	163	165	345	147	282	|
|438	479	390	87	425	437	280	340	367	170	375	157	89	151	349	393	191	355	173	229	423	353	466	273	223	172	346	391	235	427	457	347	310	210	69	115	242	313	161	371	414	0	323	301	133	238	565	253	197	273	444	|
|263	172	184	340	249	188	184	370	224	302	194	231	392	277	100	223	134	134	156	340	107	213	143	185	100	155	146	307	211	141	195	216	78	177	335	373	82	305	185	244	116	323	0	217	192	138	278	110	230	55	214	|
|473	373	116	258	127	405	36	520	68	389	92	145	321	165	314	430	215	117	234	447	245	409	311	40	193	183	98	495	67	202	199	49	280	102	353	276	202	463	157	70	328	301	217	0	205	286	485	269	106	220	167	|
|353	355	271	154	316	328	175	330	261	185	261	90	201	125	233	306	67	230	60	244	291	272	335	168	92	39	224	336	145	296	331	243	192	103	160	190	112	281	49	271	291	133	192	205	0	138	449	141	123	145	323	|
|216	251	300	286	361	200	250	242	320	168	302	220	322	261	115	168	80	250	77	202	242	136	261	247	93	123	255	211	247	278	329	306	83	200	225	323	88	180	167	337	187	238	138	286	138	0	328	28	243	88	340	|
|202	112	409	603	468	134	456	429	470	471	431	505	646	551	216	217	382	376	395	473	251	253	187	459	362	418	394	308	488	315	362	469	257	454	551	638	341	375	455	490	163	565	278	485	449	328	0	313	508	308	406	|
|218	229	276	294	337	188	233	266	299	195	279	217	334	260	97	171	77	225	83	230	214	143	235	230	78	119	231	226	235	250	302	286	60	189	246	330	68	203	163	317	165	253	110	269	141	28	313	0	235	61	315	|
|452	402	210	153	233	406	94	453	174	305	190	41	216	62	308	406	163	189	172	366	297	377	357	86	160	120	174	451	41	274	288	154	268	54	252	175	177	403	78	176	345	197	230	106	123	243	508	235	0	207	264	|
|254	210	215	297	278	199	184	328	242	248	220	198	345	244	101	210	81	164	102	288	162	190	195	183	54	110	171	280	197	191	241	230	62	155	280	332	33	264	147	261	147	273	55	220	145	88	308	61	207	0	253	|
|465	300	54	417	69	372	170	581	106	487	75	295	479	325	307	431	298	95	324	536	160	426	219	178	263	288	99	520	223	92	47	120	292	234	482	439	258	516	284	120	282	444	214	167	323	340	406	315	264	253	0	|

--------------------------------------------------------------------------------
Building model...
	using lazy and cut (CVRPSEP package)
Solving IRP LP...
--------------------------------------------------------------------------------

Gurobi 9.1.0 (linux64) logging started Thu Jan 28 18:31:51 2021

Gurobi Optimizer version 9.1.0 build v9.1.0rc0 (linux64)
Thread count: 32 physical cores, 32 logical processors, using up to 2 threads
Optimize a model with 2181 rows, 16716 columns and 48759 nonzeros
Model fingerprint: 0x6eb8c9ff
Variable types: 804 continuous, 15912 integer (612 binary)
Coefficient statistics:
  Matrix range     [1e+00, 1e+03]
  Objective range  [1e-02, 6e+02]
  Bounds range     [1e+00, 3e+02]
  RHS range        [1e+01, 7e+03]
Presolve removed 253 rows and 971 columns
Presolve time: 0.09s
Presolved: 1928 rows, 15745 columns, 43948 nonzeros
Variable types: 730 continuous, 15015 integer (14424 binary)

Root relaxation: objective 3.480598e+03, 1789 iterations, 0.09 seconds

    Nodes    |    Current Node    |     Objective Bounds      |     Work
 Expl Unexpl |  Obj  Depth IntInf | Incumbent    BestBd   Gap | It/Node Time

     0     0 3480.59763    0  175          - 3480.59763      -     -    0s
     0     0 3726.16548    0  145          - 3726.16548      -     -    0s
     0     0 3744.02530    0  139          - 3744.02530      -     -    1s
     0     0 4404.89782    0  273          - 4404.89782      -     -    1s
     0     0 4427.19460    0  289          - 4427.19460      -     -    1s
     0     0 4429.36858    0  274          - 4429.36858      -     -    1s
     0     0 4439.42176    0  280          - 4439.42176      -     -    1s
     0     0 4441.27404    0  275          - 4441.27404      -     -    2s
     0     0 4441.27404    0  270          - 4441.27404      -     -    2s
     0     0 4566.78317    0  309          - 4566.78317      -     -    2s
     0     0 4578.44568    0  327          - 4578.44568      -     -    2s
     0     0 4585.96211    0  354          - 4585.96211      -     -    2s
     0     0 4586.65957    0  358          - 4586.65957      -     -    3s
     0     0 4699.30530    0  432          - 4699.30530      -     -    3s
     0     0 4708.64637    0  385          - 4708.64637      -     -    4s
     0     0 4710.08066    0  357          - 4710.08066      -     -    4s
     0     0 4710.65246    0  379          - 4710.65246      -     -    4s
     0     0 4759.48051    0  392          - 4759.48051      -     -    5s
     0     0 4783.66044    0  436          - 4783.66044      -     -    5s
     0     0 4784.96560    0  399          - 4784.96560      -     -    6s
     0     0 4811.18052    0  447          - 4811.18052      -     -    6s
     0     0 4816.74021    0  479          - 4816.74021      -     -    7s
     0     0 4817.02386    0  446          - 4817.02386      -     -    7s
     0     0 4837.54923    0  519          - 4837.54923      -     -    7s
     0     0 4840.97111    0  496          - 4840.97111      -     -    8s
     0     0 4841.91841    0  461          - 4841.91841      -     -    9s
     0     0 4845.88975    0  419          - 4845.88975      -     -    9s
     0     0 4846.64852    0  417          - 4846.64852      -     -    9s
     0     0 4854.79638    0  487          - 4854.79638      -     -   10s
     0     0 4854.79638    0  476          - 4854.79638      -     -   10s
     0     2 4868.57924    0  458          - 4868.57924      -     -   13s
    11    12 4903.62711    4  289          - 4886.77364      -   434   15s
    38    41 4985.02150   14  277          - 4886.77364      -   475   20s
    68    73 5098.35105   24  274          - 4886.77364      -   480   25s
   124   133 5494.29704   51  221          - 4886.77364      -   379   30s
   204   218 6157.88206   88  111          - 4886.77364      -   308   35s
   285   301 6756.98491  133   37          - 4886.77364      -   265   41s
   406   409 8395.02215  204   80          - 4886.77364      -   215   45s
   498   489 5203.80987   14  141          - 4917.08036      -   204   50s
   579   591 5506.39600   40   51          - 4917.08036      -   205   55s
   705   757 6180.56386   95   58          - 4917.08036      -   189   61s
   854   915 7446.10697  177   85          - 4917.08036      -   171   66s
  1010  1000 9082.54941  271   12          - 4917.08036      -   152   70s
  1107  1038 8447.65320  235  476          - 4917.11747      -   150   75s
  1115  1043 6540.43545  132  595          - 4917.11747      -   149   80s
  1123  1049 5918.80485   73  669          - 4918.25371      -   148   86s
  1130  1053 6158.19775   89  627          - 4928.67990      -   147   90s
  1137  1058 6431.93605  128  693          - 4942.94259      -   146   95s
  1142  1061 8750.82753  248  764          - 4945.74192      -   146  102s
  1149  1069 4966.05744   13  632          - 4959.07603      -   162  105s
  1187  1096 5033.69007   23  424          - 4959.07603      -   167  110s
  1229  1127 5241.27438   32  363          - 4959.07603      -   175  115s
  1283  1163 5451.81636   41  249          - 4959.07603      -   181  120s
  1334  1204 5605.49409   52  257          - 4959.07603      -   185  125s
  1411  1261 5697.77794   66  231          - 4959.07603      -   186  130s
  1507  1339 5926.00086   80  227          - 4959.07603      -   184  136s
  1598  1364 6822.96705  158   35          - 4959.07603      -   180  140s
  1665  1391 6159.09832   98  216          - 4959.07603      -   177  146s
  1699  1415 6441.65201  111  204          - 4959.07603      -   179  150s
  1724  1440 6664.08265  122  239          - 4959.07603      -   181  155s
  1790  1467 7334.72169  149  229          - 4959.07603      -   181  161s
  1828  1502 7468.14672  166  166          - 4959.07603      -   183  165s
  1883  1541 7900.51100  191  151          - 4959.07603      -   183  170s
  1953  1561 9347.46717  223   81          - 4966.66297      -   183  176s
  2001  1560 5028.34198   16  674          - 4966.66297      -   183  181s
  2024  1574 5072.92440   20  356          - 4966.66297      -   186  187s
  2047  1592 5122.14554   23  522          - 4966.66297      -   189  191s
  2071  1614 5170.99872   27  448          - 4966.66297      -   192  196s
  2104  1636 5209.36700   29  525          - 4966.66297      -   195  201s
  2146  1679 5227.50262   30  350          - 4966.66297      -   197  207s
  2179  1705 5277.17231   31  310          - 4966.66297      -   197  211s
  2216  1732 5280.20564   34  361          - 4966.66297      -   197  215s
  2310  1786 5392.38702   37  407          - 4966.66297      -   196  224s
  2341  1862 5327.26418   40  450          - 4966.66297      -   197  229s
  2427  1875 5330.82857   41  464          - 4966.66297      -   193  234s
  2433  1873 7072.14419  150   63          - 4966.66297      -   194  235s
  2491  1873 5388.08132   45  334          - 4966.66297      -   194  242s
  2502  1882 5434.55074   47  312          - 4966.66297      -   196  246s
  2515  1889 5445.08746   53  273          - 4966.66297      -   197  250s
  2537  1896 5118.41055   23  508          - 4966.66297      -   201  255s
  2552  1915 5531.83252   64  264          - 4966.66297      -   203  262s
  2565  1927 5594.54678   66  205          - 4966.66297      -   205  266s
  2581  1941 5591.98208   72  323          - 4966.66297      -   207  271s
  2600  1951 5681.65672   77  246          - 4966.66297      -   209  275s
  2617  1968 5927.90146   80  203          - 4966.66297      -   211  280s
  2639  1988 5702.78725   85  204          - 4966.66297      -   212  285s
  2667  2003 5760.21828   89  256          - 4966.66297      -   214  290s
  2691  2041 5994.30137   91  127          - 4966.66297      -   216  296s
  2737  2078 6088.79948  103  125          - 4966.66297      -   216  302s
  2789  2120 6111.05489  112   82          - 4966.66297      -   216  310s
  2849  2180 6301.27832  121  127          - 4966.66297      -   216  318s
  2929  2241 6531.06098  142   30          - 4966.66297      -   215  326s
  3016  2358 6634.32017  167  111          - 4966.66297      -   213  336s
  3210  2384 7737.60068  182   51          - 4983.12803      -   206  347s
  3345  2397 5040.75670   15  608          - 4983.12803      -   205  355s
  3384  2425 5129.62012   21  602          - 4983.12803      -   207  361s
  3425  2466 5152.51710   24  541          - 4983.12803      -   208  368s
  3480  2559 5186.96886   26  429          - 4983.12803      -   209  377s
  3612  2564 5231.47864   30  275          - 4983.12803      -   206  386s
  3683  2562 5265.95926   38  299          - 4983.12803      -   207  399s
  3705  2604 5343.12424   40  280          - 4983.12803      -   208  407s
  3754  2647 5358.67248   46  273          - 4983.12803      -   210  415s
  3813  2707 5486.73762   52  267          - 4983.12803      -   211  424s
  3846  2696 5499.08754   59  258          - 4983.12803      -   210  425s
  3893  2763 5496.50421   63  250          - 4983.12803      -   210  434s
  3926  2752 5631.14489   70  224          - 4983.12803      -   211  435s
  3976  2858 5562.90424   70  230          - 4983.12803      -   210  447s
  4100  2931 5665.91080   82  216          - 4983.12803      -   209  459s
  4146  2916 5786.25265   87   68          - 4983.12803      -   209  460s
  4254  2967 5858.82802   94  169          - 4983.12803      -   207  472s
  4333  3053 6379.75577  107  164          - 4983.12803      -   208  486s
  4451  3203 7064.39900  138   69          - 4985.74247      -   207  502s
  4563  3207 7625.63000  152    6          - 4985.74247      -   204  505s
  4692  3254 5140.26942   18  601          - 4985.74949      -   202  516s
  4727  3315 5358.40761   26  308          - 4985.74949      -   204  528s
  4787  3315 5907.24121   63  227          - 4985.74949      -   206  530s
  4788  3403 5477.07099   38  259          - 4985.74949      -   206  542s
  4876  3529 5672.67763   57  260          - 4985.74949      -   206  557s
  5002  3668 6067.31945   94   23          - 4987.19654      -   206  572s
  5176  3866 5338.64332   21  514          - 4987.19654      -   205  592s
  5305  3868 7009.75889  157    8          - 4987.19654      -   205  595s
  5494  3967 5486.20647   30  401          - 4987.19654      -   199  609s
  5522  3967 5102.85482   17  613          - 4987.19654      -   200  610s
  5538  4074 5794.89186   45  293          - 4987.19654      -   201  623s
  5645  4277 5907.78739   57  263          - 4987.19654      -   202  641s
  5860  4492 6150.18747   66  208          - 4987.19654      -   201  660s
  6204  4619 6208.91161   85  146          - 4987.19654      -   195  677s
  6272  4703 6364.81678  101   98          - 4987.19654      -   197  692s
  6356  4973 6730.49660  126  118          - 4987.19654      -   199  711s
  6630  5089 8110.08459  186   69          - 4997.01260      -   197  730s
  6820  5196 5292.06769   26  513          - 4997.05833      -   196  746s
  6890  5307 5443.27506   41  317          - 4997.05833      -   198  764s
  7001  5372 5504.39482   53  200          - 4997.05833      -   199  781s
  7088  5412 5671.62865   59  154          - 4997.05833      -   201  795s
  7130  5474 5967.31910   71  273          - 4997.05833      -   203  809s
  7192  5586 6387.79152   88  121          - 4997.05833      -   206  823s
  7297  5586 5931.00254   52  395          - 4997.05833      -   208  825s
  7304  5746 6899.97779  121  104          - 4998.00220      -   208  841s
  7482  5867 5509.25326   23  644          - 4998.00220      -   209  863s
  7603  6090 5706.12726   40  398          - 4998.00220      -   210  889s
  7625  6090 5782.90957   51  202          - 4998.00220      -   212  890s
  7866  6136 5852.27793   54  305          - 4998.00220      -   210  911s
  7912  6261 6043.55014   63  146          - 4998.00220      -   213  930s
  8041  6441 6862.18366  100  166          - 5003.18168      -   214  951s
  8241  6520 5094.61845   20  497          - 5003.18168      -   215  972s
  8320  6656 5388.19567   30  355          - 5003.18168      -   218  995s
  8462  6872 5693.57512   43  192          - 5003.18168      -   219 1019s
  8484  6872 5792.17953   50  176          - 5003.18168      -   220 1020s
  8748  7005 6077.05007   75   77          - 5003.18168      -   219 1042s
  8878  7055 7108.27426  116   28          - 5004.65418      -   221 1063s
  8957  7102 5432.90471   27  470          - 5004.65418      -   222 1083s
  9000  7186 5657.65419   41  203          - 5004.65418      -   225 1103s
  9084  7335 5879.34600   58  157          - 5004.65418      -   228 1124s
  9108  7335 6055.99214   68  184          - 5004.65418      -   228 1125s
  9233  7720 6190.23480   87  233          - 5005.57585      -   229 1151s
  9509  7742 7499.55700  165   58          - 5005.57585      -   225 1155s
  9734  7788 5153.03916   15  603          - 5006.56091      -   224 1176s
  9775  7867 5515.41932   34  420          - 5006.56091      -   227 1197s
  9855  7981 5827.27728   54  137          - 5006.56091      -   229 1219s
  9877  7981 5854.96880   65   91          - 5006.56091      -   229 1220s
  9969  8182 6152.99444   88  136          - 5007.32413      -   230 1246s
 10200  8312 5180.08792   18  594          - 5007.32413      -   230 1269s
 10327  8502 5644.37039   35  457          - 5007.32413      -   232 1295s
 10559  8597 5767.68335   49  175          - 5007.32413      -   231 1317s
 10640  8743 5944.93484   72  244          - 5014.57524      -   233 1343s
 10742  8743 6551.26387  116  118          - 5014.57524      -   233 1345s
 10810  8831 5271.12054   20  685          - 5014.57524      -   234 1368s
 10900  9039 5595.94255   33  401          - 5014.57524      -   236 1393s
 11127  9167 5860.54238   56  184          - 5014.57524      -   236 1415s
 11255  9396 6197.77193   73  158          - 5020.18953      -   237 1438s
 11349  9396 6991.86365  111   79          - 5020.18953      -   237 1440s
 11538  9488 5576.46517   22  349          - 5020.79739      -   237 1461s
 11630  9678 5926.55854   52  199          - 5020.79739      -   239 1485s
 11824  9759 7254.69088  107   80          - 5021.64573      -   239 1510s
 11927  9849 5491.34972   30  426          - 5021.64573      -   240 1535s
 12017  9994 5671.68428   47  258          - 5021.64573      -   242 1560s
 12162 10288 5915.83398   68  180          - 5021.64573      -   243 1588s
 12313 10288 6912.33542  130  120          - 5021.64573      -   242 1590s
 12512 10388 6209.09195  110   75          - 5021.75548      -   241 1612s
 12649 10460 5524.36526   25  534          - 5021.75548      -   241 1633s
 12710 10545 5807.49276   40  383          - 5021.75548      -   243 1655s
 12797 10733 6045.83463   60  166          - 5021.75548      -   245 1682s
 12941 10733 6466.58966  117   58          - 5021.75548      -   244 1685s
 12989 10887 6501.87308  121   87          - 5021.80576      -   245 1709s
 13011 10887 6926.61438  127  123          - 5021.80576      -   245 1710s
 13162 11138 6072.88488   50  199          - 5021.80576      -   246 1736s
 13387 11138 6188.89664   99  142          - 5021.80576      -   245 1740s
 13412 11496 6916.75134  107   77          - 5021.86838      -   245 1764s
 13467 11496 7468.64970  124   84          - 5021.86838      -   245 1765s
 13870 11793 5808.55156   34  300          - 5021.86838      -   242 1794s
 13907 11793 6060.18066   49  177          - 5021.86838      -   243 1795s
 14282 12153 6226.32791   77  118          - 5025.30863      -   239 1822s
 14427 12154 6767.85462  130    6          - 5025.30863      -   238 1825s
 14660 12327 5366.97394   22  296          - 5025.30863      -   237 1850s
 14878 12466 5739.94610   42  349          - 5025.30863      -   237 1876s
 15006 12861 6163.12709   65  199          - 5025.30863      -   237 1902s
 15303 12861 6749.84022  100   85          - 5025.30863      -   236 1905s
 15409 13010 7401.77888  120  119          - 5026.92242      -   235 1927s
 15614 13112 5863.27375   34  214          - 5028.37698      -   235 1949s
 15640 13112 5993.11337   45  242          - 5028.37698      -   235 1950s
 15702 13239 6209.49523   61  151          - 5028.37698      -   235 1972s
 15829 13300 6874.21053   98  108          - 5029.22417      -   236 1995s
 15909 13373 5702.41789   32  470          - 5029.22417      -   237 2017s
 15982 13504 5933.86417   49  133          - 5029.22417      -   238 2039s
 16026 13504 6147.33634   70   79          - 5029.22417      -   239 2040s
 16113 13718 6214.78727   77   50          - 5029.22417      -   239 2062s
 16393 13952 6867.82463  116  129          - 5029.43641      -   239 2086s
 16646 14133 5667.88887   28  390          - 5029.43641      -   239 2111s
 16854 14133 7688.33196  120   57          - 5029.43641      -   239 2115s
 16865 14320 6067.91826   60  130          - 5029.43641      -   239 2135s
 17054 14483 7048.68722  108   99          - 5030.31703      -   239 2161s
 17259 14638 5845.23082   35  204          - 5032.18393      -   239 2184s
 17270 14638 5873.24938   38  206          - 5032.18393      -   239 2185s
 17424 14847 6599.75826   84  101          - 5032.43736      -   240 2208s
 17669 14983 5667.77433   42  278          - 5032.43736      -   239 2232s
 17817 15171 5982.47006   62  193          - 5032.43736      -   239 2254s
 17861 15171 6115.11158   84  160          - 5032.43736      -   239 2255s
 18007 15378 6819.25485  110  146          - 5034.22521      -   240 2283s
 18114 15378 6479.56520   83  137          - 5034.68769      -   240 2285s
 18275 15424 5611.80442   27  418          - 5034.68769      -   239 2308s
 18321 15477 6077.35530   41  283          - 5034.68769      -   240 2330s
 18374 15611 6264.59822   55  254          - 5034.68769      -   241 2351s
 18508 15861 6522.14691   75   76          - 5034.68769      -   242 2376s
 18784 15872 7143.36500  136    8          - 5034.68769      -   241 2380s
 18788 16174 6986.63501  107   46          - 5036.52329      -   241 2404s
 18846 16174 7236.06000  131    -          - 5036.52329      -   241 2405s
 19250 16346 5355.75791   19  657          - 5037.47229      -   239 2429s
 19349 16472 6027.68278   30  307          - 5037.47229      -   240 2451s
 19491 16538 6361.02127   50  311          - 5037.47229      -   241 2477s
 19557 16642 6717.98625   64  226          - 5037.47229      -   242 2500s
 19661 16859 6802.42479   98   76          - 5037.47229      -   243 2527s
 19882 17039 7501.44952  172   27          - 5040.31137      -   242 2550s
 20111 17195 5588.89041   25  628          - 5040.31137      -   242 2576s
 20274 17380 5952.53637   35  449          - 5040.31137      -   243 2604s
 20300 17380 6126.91294   48  268          - 5040.31137      -   243 2605s
 20531 17519 6135.47811   49  268          - 5040.31137      -   242 2629s
 20543 17519 6167.72220   51  207          - 5040.31137      -   242 2630s
 20633 17559 6359.25473   70  146          - 5040.31137      -   243 2747s
 20673 17742 6355.37509   83  157          - 5040.31137      -   243 2769s
 20684 17742 6382.88442   91  154          - 5040.31137      -   243 2770s
 20858 18116 infeasible  110               - 5040.69306      -   244 2797s
 21064 18116 6631.51868   79  116          - 5040.69306      -   243 2801s
 21293 18196 5779.04910   34  261          - 5040.69306      -   242 2824s
 21326 18196 5937.74630   47  217          - 5040.69306      -   242 2825s
 21419 18416 6045.65184   58  206          - 5040.79893      -   242 2849s
 21463 18416 6326.02627   77  108          - 5040.79893      -   242 2850s
 21669 18489 5155.26094   25  295          - 5040.79893      -   242 2874s
 21709 18489 6240.16335   56  136          - 5040.79893      -   242 2875s
 21742 18635 6241.02408   57  168          - 5040.79893      -   243 2900s
 21888 18775 6613.72259   97  129          - 5041.16293      -   243 2926s
 22068 18971 5951.89360   39  377          - 5041.16293      -   243 2953s
 22164 18971 6653.04734   95   97          - 5041.16293      -   244 2955s
 22304 19100 6779.82656   77   10          - 5041.89667      -   243 2981s
 22465 19197 5589.28058   27  489          - 5041.89667      -   244 3006s
 22553 19350 6182.91837   42  265          - 5041.89667      -   245 3030s
 22712 19527 6446.24575   62  223          - 5041.89667      -   245 3057s
 22890 19721 6540.05605   95  118          - 5041.90484      -   246 3085s
 23175 20156 6008.41524   50  189          - 5042.33398      -   246 3114s
 23208 20156 6421.95811   66  121          - 5042.33398      -   246 3115s
 23715 20284 5347.03509   17  600          - 5042.33398      -   243 3141s
 23843 20442 5962.72251   33  378          - 5042.33398      -   243 3163s
 23905 20442 6054.26103   62  152          - 5042.33398      -   244 3165s
 24019 20620 6301.70821   53  300          - 5042.33398      -   244 3188s
 24118 20620 6941.67216  107  140          - 5042.33398      -   244 3190s
 24197 20855 7116.92202  115   53          - 5042.39325      -   244 3215s
 24492 21044 6132.16251   55  226          - 5047.62430      -   244 3243s
 24602 21044 6802.24227   91  102          - 5047.62430      -   244 3245s
 24703 21182 5280.13326   18  657          - 5047.62430      -   244 3269s
 24880 21218 5920.53406   31  423          - 5047.62430      -   244 3291s
 24920 21286 6231.25185   44  477          - 5047.62430      -   245 3312s
 24990 21395 6309.11831   62  346          - 5047.62430      -   246 3335s
 25099 21718 6640.49760   82  119          - 5047.62430      -   246 3364s
 25122 21718 6704.12002   89  148          - 5047.62430      -   246 3365s
 25473 21734 7581.47000  126   26          - 5047.62430      -   245 3370s
 25538 21774 7707.90000  152    -          - 5054.02400      -   244 3391s
 25585 21882 6185.39596   31  368          - 5054.02400      -   245 3415s
 25687 22109 6467.42170   53  115          - 5054.02400      -   246 3441s
 25879 22109 6996.80857   93  124          - 5054.02400      -   246 3445s
 25914 22371 7087.62949   94   18          - 5057.22790      -   246 3473s
 26013 22379 7426.73000  128    -          - 5057.22790      -   245 3475s
 26304 22444 5579.58440   24  553          - 5058.86378      -   244 3504s
 26350 22548 6389.40106   39  247          - 5058.86378      -   245 3529s
 26377 22548 6491.68491   53  165          - 5058.86378      -   245 3530s
 26454 22701 6564.58572   61  362          - 5058.86378      -   245 3555s
 26609 23054 6814.62647   93   12          - 5058.99468      -   246 3590s
 27002 23090 8877.12202  174    9          - 5059.03283      -   244 3595s
 27232 23131 5698.86531   23  467          - 5059.03283      -   242 3600s

Cutting planes:
  User: 3823
  Gomory: 35
  Cover: 608
  Implied bound: 99
  Clique: 11
  MIR: 233
  Flow cover: 630
  Zero half: 53
  Network: 1
  RLT: 504
  Relax-and-lift: 12
  Lazy constraints: 3219

Explored 27234 nodes (6618087 simplex iterations) in 3600.06 seconds
Thread count was 2 (of 32 available processors)

Solution count 0

Time limit reached
Best objective -, best bound 5.059032831014e+03, gap -

User-callback calls 401453, time in user-callback 280.30 sec
================================================================================
executing instance: ./input/Instances/Original/5/absH3low_4n25.dat
--------------------------------------------------------------------------------
Instance details
n	26
H	3
C	2029
Li:
[0, 0, 0, 0, 0, 0, 0, 0, 0, 0, 0, 0, 0, 0, 0, 0, 0, 0, 0, 0, 0, 0, 0, 0, 0, 0, ]
Ui:
[0, 34, 165, 76, 88, 188, 58, 279, 52, 132, 198, 142, 135, 165, 186, 58, 201, 196, 40, 183, 32, 90, 168, 126, 93, 146, ]
Distance matrix:
|0	299	188	235	91	202	152	147	162	277	268	132	71	162	220	69	220	289	241	124	265	80	162	132	66	302	|
|299	0	468	431	282	142	317	425	443	569	193	178	359	302	422	231	93	28	511	325	457	242	434	215	240	601	|
|188	468	0	153	265	342	308	43	192	106	455	290	117	206	142	246	379	464	252	274	360	267	211	319	231	184	|
|235	431	153	0	326	289	386	145	321	240	482	269	184	129	15	258	339	436	393	355	477	305	336	354	237	334	|
|91	282	265	326	0	228	66	228	166	339	196	157	154	242	311	99	225	264	229	50	201	47	153	71	115	340	|
|202	142	342	289	228	0	285	301	363	447	255	73	245	161	281	139	53	151	440	278	428	181	360	187	136	495	|
|152	317	308	386	66	285	0	275	167	368	188	217	207	308	371	163	274	295	210	34	145	108	148	104	181	350	|
|147	425	43	145	228	301	275	0	179	146	415	248	76	172	131	203	337	421	248	242	341	227	195	279	188	211	|
|162	443	192	321	166	363	167	179	0	216	352	291	152	302	307	225	375	428	81	138	170	201	22	237	227	183	|
|277	569	106	240	339	447	368	146	216	0	535	391	210	312	232	341	481	562	245	335	381	352	238	402	329	106	|
|268	193	455	482	196	255	188	415	352	535	0	225	339	367	469	224	212	165	398	214	302	188	335	136	245	533	|
|132	178	290	269	157	73	217	248	291	391	225	0	183	145	258	66	91	175	367	207	358	110	287	127	67	431	|
|71	359	117	184	154	245	207	76	152	210	339	183	0	152	169	131	274	352	232	174	294	151	161	203	119	251	|
|162	302	206	129	242	161	308	172	302	312	367	145	152	0	120	153	210	308	383	284	426	208	309	249	132	383	|
|220	422	142	15	311	281	371	131	307	232	469	258	169	120	0	245	330	427	379	340	461	291	321	340	224	324	|
|69	231	246	258	99	139	163	203	225	341	224	66	131	153	245	0	152	222	301	147	299	57	221	97	22	371	|
|220	93	379	339	225	53	274	337	375	481	212	91	274	210	330	152	0	99	448	273	419	180	369	171	157	521	|
|289	28	464	436	264	151	295	421	428	562	165	175	352	308	427	222	99	0	493	305	434	227	418	196	234	590	|
|241	511	252	393	229	440	210	248	81	245	398	367	232	383	379	301	448	493	0	190	147	270	80	298	305	175	|
|124	325	274	355	50	278	34	242	138	335	214	207	174	284	340	147	273	305	190	0	152	97	122	110	162	320	|
|265	457	360	477	201	428	145	341	170	381	302	358	294	426	461	299	419	434	147	152	0	248	150	249	312	322	|
|80	242	267	305	47	181	108	227	201	352	188	110	151	208	291	57	180	227	270	97	248	0	192	52	76	366	|
|162	434	211	336	153	360	148	195	22	238	335	287	161	309	321	221	369	418	80	122	150	192	0	224	225	203	|
|132	215	319	354	71	187	104	279	237	402	136	127	203	249	340	97	171	196	298	110	249	52	224	0	118	409	|
|66	240	231	237	115	136	181	188	227	329	245	67	119	132	224	22	157	234	305	162	312	76	225	118	0	364	|
|302	601	184	334	340	495	350	211	183	106	533	431	251	383	324	371	521	590	175	320	322	366	203	409	364	0	|

--------------------------------------------------------------------------------
Building model...
	using lazy and cut (CVRPSEP package)
Solving IRP LP...
--------------------------------------------------------------------------------

Gurobi 9.1.0 (linux64) logging started Thu Jan 28 19:31:53 2021

Gurobi Optimizer version 9.1.0 build v9.1.0rc0 (linux64)
Thread count: 32 physical cores, 32 logical processors, using up to 2 threads
Optimize a model with 1106 rows, 4616 columns and 14084 nonzeros
Model fingerprint: 0xd0043adf
Variable types: 404 continuous, 4212 integer (312 binary)
Coefficient statistics:
