




arguments: ./build/mirp_solver -f ./input/orig_exec_328.cfg
Current dir: /scratch/gui/bnc_mirp
File verbosity level: 9
date       time         ( uptime  ) [ thread name/id ]                   file:line     v| 
2021-01-23 10:39:08.412 (   0.737s) [main thread     ]             loguru.cpp:789   INFO| Logging to './output/vi_hc1_full/OU/V4/Original/execution_23_01_2021_10_39_08.log', mode: 'a', verbosity: 9
--------------------------------------------------------------------------------
Parameters
                           instance_path           ./input/Instances/Original/2/
                            model_policy                                       1
                             nb_vehicles                                       4
                              output_dir    ./output/vi_hc1_full/OU/V4/Original/
                            sec_strategy                                       1
                       solver_nb_threads                                       2
                         solver_show_log                                    true
                       solver_time_limit                                    3600
                              use_vi_cos                                   false
                              use_vi_cus                                   false
                         use_vi_hc1_full                                    true
                         use_vi_hc1_half                                   false
                      use_vi_hc1_quarter                                   false
                              use_vi_hc2                                   false
                              use_vi_hc3                                   false
                         use_vi_lex_full                                   false
                         use_vi_lex_half                                   false
                      use_vi_lex_quarter                                   false
                              use_vi_qua                                   false
                               use_vi_vc                                   false
                               use_vi_vr                                   false
--------------------------------------------------------------------------------
executing instance: ./input/Instances/Original/2/absH3high_3n40.dat
--------------------------------------------------------------------------------
Instance details
n	41
H	3
C	3283
Li:
[0, 0, 0, 0, 0, 0, 0, 0, 0, 0, 0, 0, 0, 0, 0, 0, 0, 0, 0, 0, 0, 0, 0, 0, 0, 0, 0, 0, 0, 0, 0, 0, 0, 0, 0, 0, 0, 0, 0, 0, 0, ]
Ui:
[0, 63, 111, 99, 96, 111, 282, 122, 156, 261, 42, 192, 126, 42, 162, 207, 159, 122, 102, 190, 118, 102, 132, 102, 165, 252, 66, 52, 22, 114, 210, 176, 116, 294, 78, 152, 210, 45, 130, 198, 174, ]
Distance matrix:
|0	208	225	252	227	143	258	127	267	150	28	83	163	286	57	149	201	137	214	255	70	73	107	186	328	266	249	343	222	177	293	144	262	215	167	120	169	218	143	173	255	|
|208	0	397	355	416	198	216	99	211	275	193	172	97	166	240	225	362	109	277	314	182	216	273	374	298	208	319	161	14	103	93	120	58	196	152	156	372	227	260	218	453	|
|225	397	0	427	53	364	482	343	492	129	253	225	382	386	171	188	39	291	187	195	295	182	282	55	326	491	180	551	408	315	457	366	455	275	392	244	221	439	341	214	101	|
|252	355	427	0	401	158	201	263	219	396	234	328	259	498	299	400	420	354	465	506	205	324	152	374	574	219	499	393	366	389	446	235	378	456	205	359	224	150	111	423	400	|
|227	416	53	401	0	357	477	352	489	165	253	245	389	424	179	223	85	315	234	245	293	200	264	42	375	488	231	565	428	344	484	370	474	314	392	270	184	430	325	252	50	|
|143	198	364	158	357	0	121	105	134	290	116	196	103	342	200	276	343	205	343	385	74	210	112	319	432	133	382	265	209	237	290	78	226	313	57	220	232	75	69	292	375	|
|258	216	482	201	477	121	0	168	18	397	230	293	135	381	314	372	459	275	437	480	188	317	228	439	501	18	479	197	222	296	290	132	212	386	95	306	347	58	173	381	496	|
|127	99	343	263	352	105	168	0	171	239	105	130	40	237	173	206	313	109	270	312	84	164	175	310	337	169	313	216	112	135	192	37	142	220	77	138	280	155	162	213	382	|
|267	211	492	219	489	134	18	171	0	404	240	298	136	376	323	376	468	276	441	483	198	324	243	450	500	2	483	181	215	294	281	136	202	386	102	309	363	75	189	384	509	|
|150	275	129	396	165	290	397	239	404	0	175	110	279	259	97	59	91	166	84	116	217	80	245	130	226	402	106	434	286	187	329	269	333	149	302	119	244	364	291	87	213	|
|28	193	253	234	253	116	230	105	240	175	0	94	139	286	84	167	229	136	234	275	43	96	98	212	341	238	271	320	206	175	281	118	244	225	140	128	180	191	124	189	280	|
|83	172	225	328	245	196	293	130	298	110	94	0	169	209	77	80	191	71	147	189	127	45	189	203	247	296	187	327	184	106	241	162	230	132	198	38	242	266	217	96	285	|
|163	97	382	259	389	103	135	40	136	279	139	169	0	253	212	244	353	141	307	349	110	203	194	347	366	133	350	183	107	161	187	27	124	251	56	175	306	133	169	249	418	|
|286	166	386	498	424	342	381	237	376	259	286	209	253	0	284	201	347	151	210	230	299	247	383	387	155	374	242	290	162	112	129	270	192	113	308	172	451	386	391	172	471	|
|57	240	171	299	179	200	314	173	323	97	84	77	212	284	0	112	145	147	170	208	127	38	148	137	299	321	201	386	253	183	315	195	297	195	222	112	171	275	195	142	214	|
|149	225	188	400	223	276	372	206	376	59	167	80	244	201	112	0	149	117	67	110	205	78	254	186	187	374	108	387	235	132	272	240	283	93	277	71	279	346	291	32	270	|
|201	362	39	420	85	343	459	313	468	91	229	191	353	347	145	149	0	254	149	160	272	150	271	66	290	466	146	518	373	278	419	339	420	235	367	207	227	418	327	175	135	|
|137	109	291	354	315	205	275	109	276	166	136	71	141	151	147	117	254	0	172	212	151	116	232	273	229	274	215	270	119	39	170	145	167	111	186	47	305	263	245	113	356	|
|214	277	187	465	234	343	437	270	441	84	234	147	307	210	170	67	149	172	0	42	272	141	317	205	144	439	43	437	284	175	307	305	331	99	343	132	327	413	357	60	283	|
|255	314	195	506	245	385	480	312	483	116	275	189	349	230	208	110	160	212	42	0	314	182	356	222	132	481	15	474	321	212	337	347	367	126	385	174	358	455	398	100	295	|
|70	182	295	205	293	74	188	84	198	217	43	127	110	299	127	205	272	151	272	314	0	137	91	253	370	196	310	292	195	188	274	85	226	252	99	155	197	148	94	223	316	|
|73	216	182	324	200	210	317	164	324	80	96	45	203	247	38	78	150	116	141	182	137	0	176	158	263	323	176	369	229	150	286	191	274	157	223	77	208	284	216	106	239	|
|107	273	282	152	264	112	228	175	243	245	98	189	194	383	148	254	271	232	317	356	91	176	0	231	435	242	349	371	286	271	365	167	315	321	164	224	120	174	61	280	274	|
|186	374	55	374	42	319	439	310	450	130	212	203	347	387	137	186	66	273	205	222	253	158	231	0	348	448	208	523	386	303	442	329	431	279	352	229	167	392	291	217	85	|
|328	298	326	574	375	432	501	337	500	226	341	247	366	155	299	187	290	229	144	132	370	263	435	348	0	498	147	441	299	206	283	374	338	119	414	215	465	492	463	157	425	|
|266	208	491	219	488	133	18	169	2	402	238	296	133	374	321	374	466	274	439	481	196	323	242	448	498	0	481	180	213	292	278	134	200	384	100	307	362	75	188	381	508	|
|249	319	180	499	231	382	479	313	483	106	271	187	350	242	201	108	146	215	43	15	310	176	349	208	147	481	0	480	326	217	346	347	373	135	385	175	347	454	392	103	280	|
|343	161	551	393	565	265	197	216	181	434	320	327	183	290	386	387	518	270	437	474	292	369	371	523	441	180	480	0	153	263	163	207	107	352	208	317	487	244	334	379	598	|
|222	14	408	366	428	209	222	112	215	286	206	184	107	162	253	235	373	119	284	321	195	229	286	386	299	213	326	153	0	109	81	132	48	201	162	167	386	236	272	226	466	|
|177	103	315	389	344	237	296	135	294	187	175	106	161	112	183	132	278	39	175	212	188	150	271	303	206	292	217	263	109	0	142	171	156	95	211	74	344	289	281	118	386	|
|293	93	457	446	484	290	290	192	281	329	281	241	187	129	315	272	419	170	307	337	274	286	365	442	283	278	346	163	81	142	0	212	79	211	241	214	461	311	353	254	525	|
|144	120	366	235	370	78	132	37	136	269	118	162	27	270	195	240	339	145	305	347	85	191	167	329	374	134	347	207	132	171	212	0	151	257	40	174	280	119	142	248	398	|
|262	58	455	378	474	226	212	142	202	333	244	230	124	192	297	283	420	167	331	367	226	274	315	431	338	200	373	107	48	156	79	151	0	245	173	214	421	237	293	273	510	|
|215	196	275	456	314	313	386	220	386	149	225	132	251	113	195	93	235	111	99	126	252	157	321	279	119	384	135	352	201	95	211	257	245	0	297	97	365	374	345	62	362	|
|167	152	392	205	392	57	95	77	102	302	140	198	56	308	222	277	367	186	343	385	99	223	164	352	414	100	385	208	162	211	241	40	173	297	0	213	283	79	126	287	415	|
|120	156	244	359	270	220	306	138	309	119	128	38	175	172	112	71	207	47	132	174	155	77	224	229	215	307	175	317	167	74	214	174	214	97	213	0	280	286	248	75	313	|
|169	372	221	224	184	232	347	280	363	244	180	242	306	451	171	279	227	305	327	358	197	208	120	167	465	362	347	487	386	344	461	280	421	365	283	280	0	291	175	310	176	|
|218	227	439	150	430	75	58	155	75	364	191	266	133	386	275	346	418	263	413	455	148	284	174	392	492	75	454	244	236	289	311	119	237	374	79	286	291	0	116	359	445	|
|143	260	341	111	325	69	173	162	189	291	124	217	169	391	195	291	327	245	357	398	94	216	61	291	463	188	392	334	272	281	353	142	293	345	126	248	175	116	0	313	335	|
|173	218	214	423	252	292	381	213	384	87	189	96	249	172	142	32	175	113	60	100	223	106	280	217	157	381	103	379	226	118	254	248	273	62	287	75	310	359	313	0	300	|
|255	453	101	400	50	375	496	382	509	213	280	285	418	471	214	270	135	356	283	295	316	239	274	85	425	508	280	598	466	386	525	398	510	362	415	313	176	445	335	300	0	|

--------------------------------------------------------------------------------
Building model...
	using lazy and cut (CVRPSEP package)
Solving IRP LP...
--------------------------------------------------------------------------------

Gurobi 9.1.0 (linux64) logging started Sat Jan 23 10:39:08 2021

Gurobi Optimizer version 9.1.0 build v9.1.0rc0 (linux64)
Thread count: 32 physical cores, 32 logical processors, using up to 2 threads
Optimize a model with 1751 rows, 10976 columns and 32414 nonzeros
Model fingerprint: 0x1f1fc16a
Variable types: 644 continuous, 10332 integer (492 binary)
Coefficient statistics:
  Matrix range     [1e+00, 8e+02]
  Objective range  [1e-01, 6e+02]
  Bounds range     [1e+00, 3e+02]
  RHS range        [1e+01, 6e+03]
Presolve removed 218 rows and 785 columns
Presolve time: 0.08s
Presolved: 1533 rows, 10191 columns, 28960 nonzeros
Variable types: 575 continuous, 9616 integer (9144 binary)

Root relaxation: objective 1.236458e+04, 1355 iterations, 0.05 seconds

    Nodes    |    Current Node    |     Objective Bounds      |     Work
 Expl Unexpl |  Obj  Depth IntInf | Incumbent    BestBd   Gap | It/Node Time

     0     0 12364.5773    0  141          - 12364.5773      -     -    0s
     0     0 12842.6332    0  152          - 12842.6332      -     -    0s
     0     0 12874.0123    0  140          - 12874.0123      -     -    0s
     0     0 12874.0313    0  143          - 12874.0313      -     -    0s
     0     0 13465.6010    0  211          - 13465.6010      -     -    1s
     0     0 13558.7293    0  234          - 13558.7293      -     -    1s
     0     0 13561.2602    0  239          - 13561.2602      -     -    1s
     0     0 13561.4804    0  236          - 13561.4804      -     -    1s
     0     0 13694.3369    0  311          - 13694.3369      -     -    1s
     0     0 13698.3782    0  327          - 13698.3782      -     -    1s
     0     0 13699.1278    0  297          - 13699.1278      -     -    1s
     0     0 13761.9499    0  316          - 13761.9499      -     -    2s
     0     0 13797.5223    0  366          - 13797.5223      -     -    2s
     0     0 13804.3005    0  361          - 13804.3005      -     -    2s
     0     0 13805.7223    0  398          - 13805.7223      -     -    2s
     0     0 13836.6710    0  294          - 13836.6710      -     -    2s
     0     0 13848.6113    0  359          - 13848.6113      -     -    3s
     0     0 13849.6119    0  402          - 13849.6119      -     -    3s
     0     0 13884.7031    0  378          - 13884.7031      -     -    4s
     0     0 13897.2236    0  390          - 13897.2236      -     -    4s
     0     0 13902.1718    0  402          - 13902.1718      -     -    4s
     0     0 13907.5951    0  383          - 13907.5951      -     -    4s
     0     0 13915.2222    0  397          - 13915.2222      -     -    4s
     0     0 13916.1274    0  419          - 13916.1274      -     -    4s
     0     0 13928.6340    0  441          - 13928.6340      -     -    5s
     0     0 13930.6370    0  461          - 13930.6370      -     -    5s
     0     0 13931.9579    0  487          - 13931.9579      -     -    5s
     0     0 13941.9033    0  380          - 13941.9033      -     -    5s
     0     0 13946.1885    0  486          - 13946.1885      -     -    5s
     0     0 13946.4303    0  444          - 13946.4303      -     -    5s
     0     0 13951.4406    0  519          - 13951.4406      -     -    6s
     0     0 13951.4406    0  508          - 13951.4406      -     -    6s
     0     2 13954.8714    0  508          - 13954.8714      -     -    7s
    21    24 13991.1098    7  515          - 13976.6717      -   448   10s
    67    72 14128.7609   20  365          - 13976.6717      -   457   15s
   126   140 14473.9979   38  234          - 13976.6717      -   419   20s
   203   213 14822.4134   68  188          - 13976.6717      -   364   25s
   282   311 15283.8016   91  219          - 13976.6717      -   337   31s
   409   427 16452.8585  147   83          - 13976.6717      -   280   35s
   698   813 18428.3117  255   27          - 13976.6717      -   188   40s
   962   900 14096.7729    7  530          - 13978.7957      -   153   45s
   976   908 14149.1756   29  534          - 13998.1044      -   153   50s
   988   916 16886.1171  175  503          - 14027.3526      -   151   55s
  1001   924 14533.4718   41  620          - 14039.8288      -   149   60s
  1010   930 15946.6253  158  610          - 14042.0500      -   148   65s
  1027   945 14153.8335   17  439          - 14067.5861      -   175   70s
  1052   961 14142.7926   24  532          - 14067.5861      -   186   75s
  1080   980 14248.2528   30  487          - 14067.5861      -   198   80s
  1109  1003 14291.4200   38  418          - 14067.5861      -   210   85s
  1144  1031 14462.1489   48  196          - 14067.5861      -   219   90s
  1208  1076 14932.3586   71  122          - 14067.5861      -   221   95s
  1271  1127 15024.7616   93  164          - 14067.5861      -   224  100s
  1413  1209 16016.0800  152    7          - 14067.5975      -   216  106s
  1507  1247 16837.9600  184   14          - 14079.7382      -   209  110s
  1591  1270 14290.5012   20  428          - 14079.7382      -   210  115s
  1637  1320 14344.0467   25  517          - 14079.7382      -   213  120s
  1820  1410 14401.7054   26  425          - 14079.7382      -   200  127s
  1870  1408 14408.9150   27  452          - 14079.7382      -   200  130s
  1899  1429 14430.8763   40  401          - 14079.7382      -   204  135s
  1923  1449 14562.1600   46  310          - 14079.7382      -   210  140s
  1960  1479 14676.8782   55  194          - 14079.7382      -   215  146s
  1992  1499 14847.4711   61  184          - 14079.7382      -   218  150s
H 2044  1445                    16864.900000 14079.7382  16.5%   221  156s
  2054  1443 15017.5237   76  195 16864.9000 14079.7382  16.5%   222  166s
  2079  1482 15035.9119   81  264 16864.9000 14079.7382  16.5%   224  170s
  2124  1517 15228.2378   92  181 16864.9000 14079.7382  16.5%   227  175s
H 2139  1395                    16428.839998 14079.7382  14.3%   227  176s
  2205  1478 15477.3179  114  127 16428.8400 14079.7382  14.3%   227  182s
  2272  1521 15976.0627  125  114 16428.8400 14079.7382  14.3%   224  186s
  2349  1567 16189.0251  136   67 16428.8400 14080.4449  14.3%   222  191s
H 2428  1337                    15821.459998 14080.4449  11.0%   219  192s
  2442  1297 14338.2797   16  386 15821.4600 14080.4449  11.0%   219  195s
  2495  1291 14448.7568   21  465 15821.4600 14080.4449  11.0%   221  202s
  2511  1298 14478.3524   24  372 15821.4600 14080.4449  11.0%   223  205s
  2546  1367 14567.3892   27  348 15821.4600 14080.4449  11.0%   225  213s
  2606  1357 14596.2959   30  349 15821.4600 14080.4449  11.0%   224  217s
  2655  1350 14695.1625   35  305 15821.4600 14080.4449  11.0%   224  221s
  2672  1361 14389.7144   28  489 15821.4600 14080.4449  11.0%   227  225s
  2699  1404 14855.1901   41  229 15821.4600 14080.4449  11.0%   229  237s
  2733  1454 14992.5382   47  288 15821.4600 14080.4449  11.0%   230  242s
  2810  1461 15036.5342   52  258 15821.4600 14080.4449  11.0%   227  246s
  2843  1489 15236.6845   61  213 15821.4600 14080.4449  11.0%   228  252s
  2900  1501 15353.3495   67  240 15821.4600 14080.4449  11.0%   229  257s
  2931  1526 15537.8100   78  202 15821.4600 14080.4449  11.0%   230  262s
  2966  1540 15764.6953   89  117 15821.4600 14118.3961  10.8%   231  267s
  3014  1587 14262.6930   22  639 15821.4600 14118.3961  10.8%   233  274s
  3046  1577 15355.3959   89  115 15821.4600 14118.3961  10.8%   232  275s
  3094  1576 14323.3611   27  384 15821.4600 14118.3961  10.8%   231  280s
  3109  1594 14425.5699   30  339 15821.4600 14118.3961  10.8%   234  285s
  3132  1612 14463.7811   35  392 15821.4600 14118.3961  10.8%   235  290s
  3158  1642 14450.2511   37  369 15821.4600 14118.3961  10.8%   237  295s
  3197  1669 14664.3591   39  355 15821.4600 14118.3961  10.8%   238  301s
  3247  1676 14553.0835   45  349 15821.4600 14118.3961  10.8%   239  308s
  3270  1696 14653.6802   50  244 15821.4600 14118.3961  10.8%   241  313s
  3298  1723 14744.3339   58  231 15821.4600 14118.3961  10.8%   243  319s
  3334  1733 14911.5571   70  142 15821.4600 14118.3961  10.8%   245  330s
  3356  1826 15032.4584   77   79 15821.4600 14118.3961  10.8%   245  338s
  3457  1893 15344.3929  113   56 15821.4600 14124.3092  10.7%   243  346s
  3563  1929 14525.0931   22  517 15821.4600 14124.3092  10.7%   241  354s
  3601  1979 14813.5318   33  419 15821.4600 14124.3092  10.7%   243  361s
  3667  2015 infeasible   80      15821.4600 14125.1254  10.7%   243  368s
  3713  2073 14545.4208   22  548 15821.4600 14125.1254  10.7%   244  376s
  3783  2122 14903.2530   39  271 15821.4600 14125.1254  10.7%   244  384s
  3836  2163     cutoff   71      15821.4600 14133.6617  10.7%   245  393s
  3893  2226 14489.9995   24  472 15821.4600 14133.8934  10.7%   247  401s
  3956  2353 14931.9166   71  142 15821.4600 14134.1615  10.7%   248  410s
  4109  2382 14565.6352   22  504 15821.4600 14134.1615  10.7%   244  419s
  4129  2382     cutoff  100      15821.4600 14134.1615  10.7%   245  420s
  4145  2476 15009.8738   42  362 15821.4600 14136.5071  10.6%   246  429s
  4249  2520 14484.0619   20  485 15821.4600 14136.5071  10.6%   246  439s
  4313  2561 14551.5313   28  371 15821.4600 14136.5071  10.6%   247  448s
  4354  2643 14731.1750   32  257 15821.4600 14136.5071  10.6%   249  458s
  4449  2802 14904.7287   56  155 15821.4600 14144.9371  10.6%   249  471s
  4635  2856 14453.2421   16  545 15821.4600 14144.9371  10.6%   246  482s
  4701  2916 15126.6292   35  169 15821.4600 14154.0825  10.5%   248  493s
  4772  3031 14506.0279   19  506 15821.4600 14154.0825  10.5%   249  506s
  4891  3096 15217.2349   44  203 15821.4600 14155.5405  10.5%   249  519s
  4916  3096 15706.2436   69  129 15821.4600 14155.5405  10.5%   249  520s
  4975  3192 14925.6589   33  213 15821.4600 14175.6043  10.4%   250  532s
  5097  3312 14618.3832   32  425 15821.4600 14179.4837  10.4%   250  546s
  5252  3451 14581.4141   23  477 15821.4600 14184.1752  10.3%   249  560s
  5407  3506     cutoff   92      15821.4600 14190.2101  10.3%   248  574s
  5473  3619 14966.0451   54  236 15821.4600 14191.9028  10.3%   250  587s
  5605  3731 14862.1383   41  252 15821.4600 14196.4661  10.3%   250  603s
  5743  3802 14597.9074   23  394 15821.4600 14206.3046  10.2%   250  619s
  5769  3802 14933.2315   37  303 15821.4600 14206.3046  10.2%   252  620s
  5816  3946 14879.3536   37  229 15821.4600 14210.6413  10.2%   253  638s
  6010  4005 14289.4231   25  557 15821.4600 14215.1830  10.2%   252  656s
  6069  4128 15359.6424   59  197 15821.4600 14215.6396  10.1%   254  672s
  6227  4246 15043.2707   46  130 15821.4600 14220.8527  10.1%   254  691s
  6386  4390 15615.1650   79   37 15821.4600 14226.4721  10.1%   254  710s
  6562  4526     cutoff   93      15821.4600 14235.6875  10.0%   253  729s
  6622  4526 15796.3939   85   50 15821.4600 14235.6875  10.0%   254  730s
  6739  4569 14656.0485   29  474 15821.4600 14239.7504  10.0%   253  749s
  6780  4667 15048.7187   41  270 15821.4600 14245.8885  10.0%   254  766s
  6925  4832 14606.0391   30  526 15821.4600 14247.5320  9.95%   255  784s
  6979  4832 15338.5603   84   67 15821.4600 14247.5320  9.95%   255  785s
  7113  4959 14682.9385   28  242 15821.4600 14248.2623  9.94%   254  802s
  7272  5193 14647.3093   43  302 15821.4600 14251.8166  9.92%   254  826s
  7584  5306     cutoff  112      15821.4600 14253.3201  9.91%   250  848s
  7733  5497 14393.3169   24  569 15821.4600 14256.5963  9.89%   251  870s
  7981  5622 14546.9104   24  483 15821.4600 14258.5909  9.88%   250  893s
  8119  5769 14608.4985   31  409 15821.4600 14258.9115  9.88%   251  914s
  8290  5979 14773.3816   37  449 15821.4600 14259.1615  9.87%   252  936s
  8534  6130 15327.9146   67   79 15821.4600 14262.7652  9.85%   250  959s
  8584  6130 15527.0958  117   35 15821.4600 14262.7652  9.85%   249  960s
  8703  6472 14728.6806   61   81 15821.4600 14263.1333  9.85%   250  984s
  8779  6472 15142.2656   89   81 15821.4600 14263.1333  9.85%   249  985s
  9119  6613 infeasible  119      15821.4600 14266.4642  9.83%   245 1006s
  9295  6741 14704.5979   33  425 15821.4600 14269.8962  9.81%   245 1026s
  9453  6886 14968.3842   51  166 15821.4600 14275.0844  9.77%   246 1047s
  9632  7109 14546.2094   27  557 15821.4600 14275.1101  9.77%   246 1073s
  9759  7109 15016.8134   79   27 15821.4600 14275.1101  9.77%   247 1075s
  9874  7249 14892.2685   46  130 15821.4600 14275.1101  9.77%   245 1098s
 10045  7431 15080.8032   87   45 15821.4600 14275.6993  9.77%   245 1122s
 10283  7543 14624.0873   40  514 15821.4600 14277.8597  9.76%   244 1142s
 10427  7714 14677.9244   39  423 15821.4600 14285.2268  9.71%   245 1165s
 10640  7908     cutoff  119      15821.4600 14285.9557  9.71%   245 1188s
 10865  8011 14537.4928   33  372 15821.4600 14287.6541  9.69%   244 1208s
 10981  8213 14814.7647   36  362 15821.4600 14289.0485  9.69%   245 1231s
 11216  8420 14463.6130   27  567 15821.4600 14289.7058  9.68%   245 1254s
 11267  8420 15384.7913   78  142 15821.4600 14289.7058  9.68%   245 1255s
 11468  8676 14526.4033   27  542 15821.4600 14290.5474  9.68%   244 1278s
 11673  8676 14762.2834   44  270 15821.4600 14291.2079  9.67%   243 1280s
 11764  8759 14841.4773   40  418 15821.4600 14291.2079  9.67%   242 1381s
 11848  8921 15707.3613   82  218 15821.4600 14293.7460  9.66%   242 1405s
 12063  9086 14501.3825   25  464 15821.4600 14299.6516  9.62%   242 1428s
 12256  9260 14698.8905   28  438 15821.4600 14303.0432  9.60%   242 1453s
 12435  9263 15558.4975   75  107 15821.4600 14303.0575  9.60%   242 1455s
 12469  9389 infeasible  137      15821.4600 14303.0659  9.60%   242 1477s
 12615  9504 14411.4644   25  560 15821.4600 14304.4687  9.59%   243 1499s
 12669  9504 14751.0201   43  164 15821.4600 14304.4687  9.59%   245 1500s
 12750  9668 14673.3459   33  448 15821.4600 14304.4687  9.59%   244 1521s
 12937  9934 15014.8798   54  119 15821.4600 14305.7214  9.58%   245 1546s
 13274 10110     cutoff  113      15821.4600 14311.1908  9.55%   243 1570s
 13480 10182 15810.6000   94    - 15821.4600 14314.7048  9.52%   243 1592s
 13569 10341 14627.2024   22  401 15821.4600 14316.7235  9.51%   245 1615s
 13751 10624 14872.2726   43  317 15821.4600 14317.8580  9.50%   246 1640s
 14103 10812 14593.2566   25  504 15821.4600 14318.5310  9.50%   244 1664s
 14217 10812 14804.2831   42  382 15821.4600 14318.5310  9.50%   244 1665s
 14313 10996 14868.9629   45  274 15821.4600 14320.8658  9.48%   244 1686s
 14526 11245 14673.3398   43  453 15821.4600 14325.6596  9.45%   244 1711s
 14833 11511     cutoff  107      15821.4600 14326.8473  9.45%   243 1735s
 15152 11583 15198.0163   68  106 15821.4600 14329.1669  9.43%   241 1768s
 15241 11731 14772.1985   26  476 15821.4600 14329.1669  9.43%   241 1791s
 15409 11974 15155.0941   71   41 15821.4600 14330.9246  9.42%   241 1816s
 15719 12109 14587.2778   24  331 15821.4600 14332.1562  9.41%   241 1839s
*15775 11779             110    15724.520000 14332.1562  8.85%   241 1839s
*15777 11332             108    15666.080000 14332.1562  8.51%   241 1839s
 15818 11332 15252.7709   67  132 15666.0800 14332.1562  8.51%   241 1840s
 15868 11437 15227.8771   46  165 15666.0800 14332.5953  8.51%   241 1861s
H15964 10611                    15556.150000 14335.5831  7.85%   241 1862s
 16030 10763 14398.1343   19  540 15556.1500 14336.3868  7.84%   242 1884s
 16223 10956 14701.7146   46  224 15556.1500 14337.0863  7.84%   242 1907s
 16454 11020 14406.9819   23  401 15556.1500 14338.4316  7.83%   241 1932s
 16528 11238 15036.7093   46  309 15556.1500 14340.8330  7.81%   241 1955s
 16785 11431 14502.0583   26  392 15556.1500 14344.5080  7.79%   241 1979s
 16887 11431 15066.9111   64  108 15556.1500 14344.5080  7.79%   241 1980s
 17014 11540 14562.7199   26  539 15556.1500 14345.4351  7.78%   241 2001s
 17173 11742 14489.6548   28  384 15556.1500 14345.7708  7.78%   241 2025s
 17385 11953 15044.9602   63  137 15556.1500 14345.8007  7.78%   241 2047s
 17638 12089     cutoff   83      15556.1500 14347.8398  7.77%   241 2069s
 17667 12089 15105.9918   52  125 15556.1500 14347.8398  7.77%   241 2070s
 17821 12222 14956.0075   40  298 15556.1500 14353.0428  7.73%   241 2091s
 17983 12449 14666.2598   34  337 15556.1500 14353.0947  7.73%   242 2113s
 18210 12572 15254.0215   76  143 15556.1500 14353.7770  7.73%   242 2136s
 18403 12703 14779.9792   58   58 15556.1500 14355.0261  7.72%   242 2161s
 18562 12909     cutoff  113      15556.1500 14355.9316  7.72%   243 2185s
 18824 13063 15380.9662   59  280 15556.1500 14356.2611  7.71%   242 2210s
 19024 13202 14569.5839   33  307 15556.1500 14357.4773  7.71%   242 2233s
 19163 13402 15004.6401   67  111 15556.1500 14358.0286  7.70%   243 2256s
 19429 13531     cutoff  108      15556.1500 14358.2429  7.70%   243 2279s
 19586 13723 14645.9299   19  435 15556.1500 14359.0915  7.70%   243 2302s
 19805 13905 14779.4636   53  176 15556.1500 14360.0448  7.69%   242 2326s
 20032 14072 15350.4364   93   25 15556.1500 14361.2939  7.68%   242 2348s
 20237 14231 15548.0700  104    - 15556.1500 14361.8438  7.68%   242 2371s
H20315 14211                    15553.990000 14361.8438  7.66%   243 2372s
 20419 14354     cutoff  104      15553.9900 14365.1747  7.64%   242 2393s
H20485 14120                    15526.430000 14365.1747  7.48%   243 2394s
 20579 14123 15417.9787   85  228 15526.4300 14367.7364  7.46%   243 2395s
 20600 14257 14748.9712   34  348 15526.4300 14367.8408  7.46%   243 2416s
 20753 14387 15125.5259   60  248 15526.4300 14368.7111  7.46%   243 2437s
 20922 14543 14564.2439   35  351 15526.4300 14370.5368  7.44%   243 2459s
 21026 14543 15076.0884   47  328 15526.4300 14371.0458  7.44%   243 2460s
 21098 14692 14591.7708   28  514 15526.4300 14371.0458  7.44%   243 2482s
 21269 14816 14758.1649   49  275 15526.4300 14371.0458  7.44%   244 2506s
 21406 15020 15108.8335   69  195 15526.4300 14371.7906  7.44%   244 2530s
 21666 15220     cutoff   97      15526.4300 14372.4607  7.43%   244 2554s
 21777 15220 14728.6828   20  336 15526.4300 14373.6069  7.42%   244 2555s
 21906 15381 15108.3800   70  102 15526.4300 14374.0020  7.42%   244 2576s
 22107 15550 14880.8622   34  287 15526.4300 14374.9441  7.42%   244 2600s
 22308 15689 14914.1502   45  292 15526.4300 14376.5729  7.41%   244 2622s
 22476 15796 14694.2948   23  363 15526.4300 14377.4339  7.40%   244 2643s
 22599 15954 15294.5241   48  252 15526.4300 14378.1646  7.40%   244 2667s
 22828 16072     cutoff   88      15526.4300 14379.6795  7.39%   244 2689s
 22881 16072 15443.1061   78   50 15526.4300 14379.6795  7.39%   244 2690s
 22985 16238 14816.9430   44  278 15526.4300 14381.5872  7.37%   245 2711s
 23189 16323 14710.4918   34  295 15526.4300 14382.3830  7.37%   245 2732s
 23286 16435 15058.6216   40  367 15526.4300 14382.3830  7.37%   245 2754s
 23332 16435 14813.6529   48  180 15526.4300 14382.3830  7.37%   246 2755s
 23420 16545 15073.8235   45  312 15526.4300 14383.0329  7.36%   246 2777s
 23561 16691 14979.8452   42  237 15526.4300 14383.2256  7.36%   247 2799s
 23665 16691 14889.4544   38  215 15526.4300 14383.2256  7.36%   246 2800s
 23740 16854 15024.5794   42   85 15526.4300 14384.3639  7.36%   247 2821s
 23974 16899     cutoff   56      15526.4300 14384.8524  7.35%   246 2842s
 24028 17089 14916.5138   29  316 15526.4300 14385.8530  7.35%   247 2863s
 24270 17312 14545.8148   26  427 15526.4300 14387.2168  7.34%   246 2889s
 24388 17312 15005.5456   54  174 15526.4300 14387.2168  7.34%   246 2890s
 24514 17442 14987.4216   65    5 15526.4300 14387.6805  7.33%   246 2912s
 24678 17569 15216.3012   46   62 15526.4300 14387.9974  7.33%   246 2934s
 24770 17569 15473.0137   65  168 15526.4300 14387.9974  7.33%   246 2935s
 24830 17680 15483.2188   66  168 15526.4300 14388.5596  7.33%   246 2957s
 24979 17752 14997.2025   41  344 15526.4300 14388.8878  7.33%   247 2980s
 25089 18046 14672.1271   38  267 15526.4300 14389.7656  7.32%   247 3006s
 25408 18166 15427.6740   88   24 15526.4300 14389.9162  7.32%   246 3032s
*25425 17950              95    15506.930000 14389.9162  7.20%   246 3032s
 25585 18100     cutoff   92      15506.9300 14390.5178  7.20%   247 3055s
 25772 18203     cutoff   87      15506.9300 14390.9015  7.20%   247 3079s
 25886 18350 14847.6464   51  198 15506.9300 14391.1908  7.20%   247 3101s
 26061 18453 15414.3361   97    6 15506.9300 14391.4867  7.19%   248 3123s
 26198 18565     cutoff   98      15506.9300 14391.9419  7.19%   248 3145s
 26323 18690 15490.2959   98   76 15506.9300 14391.9827  7.19%   249 3168s
H26419 17653                    15442.960000 14391.9827  6.81%   249 3168s
 26497 17815     cutoff   99      15442.9600 14393.4345  6.80%   249 3192s
 26681 17981 14829.5771   48  167 15442.9600 14393.6715  6.79%   249 3217s
 26913 18178     cutoff   88      15442.9600 14394.3958  6.79%   249 3240s
 27150 18335 15344.4870   87   28 15442.9600 14394.8134  6.79%   249 3264s
 27239 18336 15401.4974   94   84 15442.9600 14394.8134  6.79%   249 3265s
 27359 18430 14678.7248   40  298 15442.9600 14396.1385  6.78%   249 3286s
H27419 17071                    15371.780000 14396.1385  6.35%   249 3287s
 27453 17207 15034.3386   73  205 15371.7800 14396.4801  6.34%   250 3310s
 27618 17333 15299.0253   48  228 15371.7800 14396.7559  6.34%   250 3333s
 27785 17434 14522.2800   30  506 15371.7800 14397.3877  6.34%   250 3355s
 27929 17557 14871.9178   44  269 15371.7800 14397.7465  6.34%   251 3378s
H28011 17405                    15365.000000 14397.7465  6.30%   251 3378s
 28131 17497 14729.2422   41  442 15365.0000 14398.1427  6.29%   251 3400s
 28223 17564 15167.3759   53  363 15365.0000 14398.1893  6.29%   251 3421s
 28332 17692 14893.5627   29  339 15365.0000 14398.5742  6.29%   252 3444s
 28397 17692 15098.6654   48  199 15365.0000 14398.8085  6.29%   252 3445s
 28508 17828 14977.3875   45  272 15365.0000 14399.4669  6.28%   252 3467s
 28676 17990 15305.9049   57   93 15365.0000 14400.3825  6.28%   253 3491s
 28875 18160 14969.0171   53  368 15365.0000 14400.4076  6.28%   253 3515s
 29084 18294 15166.7359   73  225 15365.0000 14401.2999  6.27%   252 3539s
 29125 18294 15129.9830   52  366 15365.0000 14401.2999  6.27%   253 3540s
 29265 18412 14568.9163   29  440 15365.0000 14402.6035  6.26%   252 3561s
 29411 18532 14871.5611   35  250 15365.0000 14402.8954  6.26%   253 3586s
 29543 18649 14960.3287   48  174 15365.0000 14403.1031  6.26%   253 3600s

Cutting planes:
  User: 4471
  Gomory: 24
  Cover: 572
  Implied bound: 97
  Clique: 10
  MIR: 329
  StrongCG: 2
  Flow cover: 677
  Zero half: 46
  RLT: 463
  Relax-and-lift: 19
  Lazy constraints: 2716

Explored 29703 nodes (7530591 simplex iterations) in 3601.08 seconds
Thread count was 2 (of 32 available processors)

Solution count 10: 15365 15371.8 15443 ... 15821.5

Time limit reached
Best objective 1.536500000000e+04, best bound 1.440310306698e+04, gap 6.2603%

User-callback calls 347431, time in user-callback 216.13 sec
================================================================================
executing instance: ./input/Instances/Original/2/absH3high_4n10.dat
--------------------------------------------------------------------------------
Instance details
n	11
H	3
C	822
Li:
[0, 0, 0, 0, 0, 0, 0, 0, 0, 0, 0, ]
Ui:
[0, 102, 52, 88, 182, 153, 138, 38, 165, 297, 86, ]
Distance matrix:
|0	285	411	382	327	239	148	256	307	36	383	|
|285	0	352	98	249	103	227	235	120	268	209	|
|411	352	0	395	106	430	263	549	234	429	174	|
|382	98	395	0	302	173	320	288	168	364	227	|
|327	249	106	302	0	324	179	444	135	339	109	|
|239	103	430	173	324	0	241	132	212	212	305	|
|148	227	263	320	179	241	0	325	192	165	249	|
|256	235	549	288	444	132	325	0	342	220	436	|
|307	120	234	168	135	212	192	342	0	304	94	|
|36	268	429	364	339	212	165	220	304	0	386	|
|383	209	174	227	109	305	249	436	94	386	0	|

--------------------------------------------------------------------------------
Building model...
	using lazy and cut (CVRPSEP package)
Solving IRP LP...
--------------------------------------------------------------------------------

Gurobi 9.1.0 (linux64) logging started Sat Jan 23 11:39:09 2021

Gurobi Optimizer version 9.1.0 build v9.1.0rc0 (linux64)
Thread count: 32 physical cores, 32 logical processors, using up to 2 threads
Optimize a model with 461 rows, 956 columns and 3179 nonzeros
Model fingerprint: 0x21559f63
Variable types: 164 continuous, 792 integer (132 binary)
Coefficient statistics:
  Matrix range     [1e+00, 3e+02]
  Objective range  [2e-01, 5e+02]
  Bounds range     [1e+00, 3e+02]
  RHS range        [2e+01, 1e+03]
Presolve removed 108 rows and 224 columns
Presolve time: 0.02s
Presolved: 353 rows, 732 columns, 2364 nonzeros
Variable types: 126 continuous, 606 integer (504 binary)
Found heuristic solution: objective 12141.450000

Root relaxation: objective 4.199728e+03, 557 iterations, 0.01 seconds

    Nodes    |    Current Node    |     Objective Bounds      |     Work
 Expl Unexpl |  Obj  Depth IntInf | Incumbent    BestBd   Gap | It/Node Time

     0     0 4199.72843    0   57 12141.4500 4199.72843  65.4%     -    0s
H    0     0                    8962.5800000 4199.72843  53.1%     -    0s
H    0     0                    8598.5400000 4199.72843  51.2%     -    0s
     0     0 4606.46956    0   62 8598.54000 4606.46956  46.4%     -    0s
     0     0 4627.65137    0   83 8598.54000 4627.65137  46.2%     -    0s
     0     0 4633.99551    0   87 8598.54000 4633.99551  46.1%     -    0s
     0     0 4636.30460    0   81 8598.54000 4636.30460  46.1%     -    0s
     0     0 4741.54106    0  116 8598.54000 4741.54106  44.9%     -    0s
     0     0 4744.18565    0   95 8598.54000 4744.18565  44.8%     -    0s
     0     0 4772.10097    0   94 8598.54000 4772.10097  44.5%     -    0s
     0     0 4782.43497    0   92 8598.54000 4782.43497  44.4%     -    0s
     0     0 4784.68261    0   90 8598.54000 4784.68261  44.4%     -    0s
     0     0 4784.71852    0   96 8598.54000 4784.71852  44.4%     -    0s
     0     0 4826.39551    0  108 8598.54000 4826.39551  43.9%     -    0s
     0     0 4844.59169    0  103 8598.54000 4844.59169  43.7%     -    0s
     0     0 4845.64374    0  102 8598.54000 4845.64374  43.6%     -    0s
     0     0 4845.64914    0  104 8598.54000 4845.64914  43.6%     -    0s
     0     0 4923.63859    0  104 8598.54000 4923.63859  42.7%     -    0s
H    0     0                    8579.5400000 4923.63859  42.6%     -    0s
     0     0 4932.50399    0  102 8579.54000 4932.50399  42.5%     -    0s
     0     0 4933.40400    0  101 8579.54000 4933.40400  42.5%     -    0s
     0     0 4938.57776    0  112 8579.54000 4938.57776  42.4%     -    0s
     0     0 4939.61326    0  120 8579.54000 4939.61326  42.4%     -    0s
     0     0 4943.78993    0   95 8579.54000 4943.78993  42.4%     -    0s
     0     0 4944.75239    0  112 8579.54000 4944.75239  42.4%     -    0s
     0     0 4945.06852    0  118 8579.54000 4945.06852  42.4%     -    0s
     0     0 4949.25395    0  128 8579.54000 4949.25395  42.3%     -    0s
     0     0 4949.25395    0  128 8579.54000 4949.25395  42.3%     -    0s
     0     2 4950.09884    0  128 8579.54000 4950.09884  42.3%     -    0s
H   27    33                    8077.2000000 5052.34734  37.4%   105    0s
H   30    33                    7963.2400000 5052.34734  36.6%  99.1    0s
H   88    92                    7700.2400000 5052.34734  34.4%  78.0    0s
H  133   131                    7264.2400000 5052.34734  30.4%  65.8    0s
H  150   152                    6986.0400000 5052.34734  27.7%  61.0    0s
H  169   153                    6982.0800000 5052.34734  27.6%  55.8    0s
H  169   153                    6965.0800000 5052.34734  27.5%  55.8    0s
H  206   189                    6954.7300000 5149.41550  26.0%  59.0    1s
H  221   190                    6743.7300000 5149.41550  23.6%  58.0    1s
H  247   173                    6472.7700000 5149.41550  20.4%  56.0    1s
H  264   188                    6408.6900000 5149.41550  19.6%  56.3    1s
H  305   208                    6375.6900000 5226.52281  18.0%  56.5    1s
H  338   206                    6297.3900000 5226.52281  17.0%  57.5    1s
H  409   231                    6207.3500000 5242.06947  15.6%  55.7    1s
H  494   217                    6090.1100000 5272.43709  13.4%  56.1    2s
   833   367 5682.27147   20  133 6090.11000 5356.69607  12.0%  67.2    5s
H 1239   324                    6088.4500000 5624.66733  7.62%  70.3    7s
H 1389   259                    5991.4500000 5668.38670  5.39%  71.9    8s
  1794   149     cutoff   27      5991.45000 5766.15604  3.76%  71.9   10s

Cutting planes:
  User: 328
  Gomory: 8
  Cover: 89
  Implied bound: 23
  Projected implied bound: 1
  Clique: 2
  MIR: 93
  Flow cover: 106
  Zero half: 2
  RLT: 94
  Relax-and-lift: 4

Explored 2139 nodes (149340 simplex iterations) in 10.92 seconds
Thread count was 2 (of 32 available processors)

Solution count 10: 5991.45 6088.45 6090.11 ... 6954.73

Optimal solution found (tolerance 1.00e-04)
Best objective 5.991450000000e+03, best bound 5.991450000000e+03, gap 0.0000%

User-callback calls 6139, time in user-callback 1.26 sec
================================================================================
executing instance: ./input/Instances/Original/2/absH3high_3n20.dat
--------------------------------------------------------------------------------
Instance details
n	21
H	3
C	1536
Li:
[0, 0, 0, 0, 0, 0, 0, 0, 0, 0, 0, 0, 0, 0, 0, 0, 0, 0, 0, 0, 0, ]
Ui:
[0, 48, 207, 156, 294, 207, 297, 54, 114, 90, 228, 132, 84, 64, 51, 153, 60, 39, 195, 82, 130, ]
Distance matrix:
|0	41	141	324	154	98	307	402	160	217	284	269	188	233	54	185	307	149	286	276	103	|
|41	0	114	285	184	88	285	385	200	197	251	230	189	270	48	205	295	160	245	241	62	|
|141	114	0	200	208	193	353	459	269	275	289	154	129	371	160	192	380	136	205	267	88	|
|324	285	200	0	406	330	386	484	467	344	286	57	299	555	318	380	442	327	114	255	226	|
|154	184	208	406	0	250	460	553	101	370	436	361	136	247	208	63	455	87	405	425	232	|
|98	88	193	330	250	0	211	304	232	121	204	273	276	249	44	283	210	244	259	204	113	|
|307	285	353	386	460	211	0	106	436	90	104	342	467	407	253	490	72	445	275	134	269	|
|402	385	459	484	553	304	106	0	517	188	198	443	570	463	348	587	102	545	371	229	373	|
