




arguments: ./build/mirp_solver -f ./input/orig_exec_380.cfg
Current dir: /scratch/gui/bnc_mirp
File verbosity level: 9
date       time         ( uptime  ) [ thread name/id ]                   file:line     v| 
2021-01-29 02:16:08.537 (   0.420s) [main thread     ]             loguru.cpp:789   INFO| Logging to './output/vi_hc1_full/OU/V4/Original/execution_29_01_2021_02_16_08.log', mode: 'a', verbosity: 9
--------------------------------------------------------------------------------
Parameters
                           instance_path           ./input/Instances/Original/6/
                            model_policy                                       1
                             nb_vehicles                                       4
                              output_dir    ./output/vi_hc1_full/OU/V4/Original/
                            sec_strategy                                       1
                       solver_nb_threads                                       2
                         solver_show_log                                    true
                       solver_time_limit                                    3600
                              use_vi_cos                                   false
                              use_vi_cus                                   false
                         use_vi_hc1_full                                    true
                         use_vi_hc1_half                                   false
                      use_vi_hc1_quarter                                   false
                              use_vi_hc2                                   false
                              use_vi_hc3                                   false
                         use_vi_lex_full                                   false
                         use_vi_lex_half                                   false
                      use_vi_lex_quarter                                   false
                              use_vi_qua                                   false
                               use_vi_vc                                   false
                               use_vi_vr                                   false
--------------------------------------------------------------------------------
executing instance: ./input/Instances/Original/6/absH6high_1n25.dat
--------------------------------------------------------------------------------
Instance details
n	26
H	6
C	1711
Li:
[0, 0, 0, 0, 0, 0, 0, 0, 0, 0, 0, 0, 0, 0, 0, 0, 0, 0, 0, 0, 0, 0, 0, 0, 0, 0, ]
Ui:
[0, 168, 176, 34, 66, 36, 177, 106, 118, 182, 64, 141, 189, 63, 46, 111, 182, 231, 36, 66, 68, 54, 132, 90, 246, 75, ]
Distance matrix:
|0	191	200	231	334	329	146	196	208	245	218	164	283	394	151	358	156	196	309	253	201	260	127	138	130	104	|
|191	0	226	229	278	146	328	216	390	417	327	293	195	334	106	296	171	122	472	151	12	411	280	53	190	130	|
|200	226	0	38	149	359	321	10	276	274	418	364	139	204	121	173	321	115	303	141	225	236	155	202	311	256	|
|231	229	38	0	110	352	358	37	314	310	448	395	108	167	129	135	342	109	336	120	226	268	194	213	335	277	|
|334	278	149	110	0	367	467	147	422	413	546	495	86	61	203	25	423	163	429	129	271	363	303	282	424	361	|
|329	146	359	352	367	0	453	349	533	562	411	393	282	411	245	378	250	244	617	245	141	556	426	195	284	243	|
|146	328	321	358	467	453	0	321	162	215	160	112	425	524	297	491	223	341	284	397	339	266	186	276	184	210	|
|196	216	10	37	147	349	321	0	281	281	414	360	132	203	112	171	315	105	311	132	216	244	159	193	305	249	|
|208	390	276	314	422	533	162	281	0	54	321	271	410	471	316	445	348	348	123	398	398	115	125	338	313	309	|
|245	417	274	310	413	562	215	281	54	0	375	323	413	457	334	435	393	361	70	406	424	69	139	367	359	349	|
|218	327	418	448	546	411	160	414	321	375	0	57	484	606	347	569	163	393	444	446	339	421	318	288	137	199	|
|164	293	364	395	495	393	112	360	271	323	57	0	437	556	300	519	144	346	393	401	305	367	261	249	109	163	|
|283	195	139	108	86	282	425	132	410	413	484	437	0	139	137	101	349	91	443	44	187	375	286	206	355	291	|
|394	334	204	167	61	411	524	203	471	457	606	556	139	0	264	38	483	222	467	183	326	403	356	341	484	421	|
|151	106	121	129	203	245	297	112	316	334	347	300	137	264	0	225	220	46	381	102	106	316	195	84	221	158	|
|358	296	173	135	25	378	491	171	445	435	569	519	101	38	225	0	444	184	450	145	288	384	328	303	446	383	|
|156	171	321	342	423	250	223	315	348	393	163	144	349	483	220	444	0	261	460	308	183	415	284	143	39	65	|
|196	122	115	109	163	244	341	105	348	361	393	346	91	222	46	184	261	0	402	56	118	336	224	119	264	200	|
|309	472	303	336	429	617	284	311	123	70	444	393	443	467	381	450	460	402	0	442	477	68	192	424	426	413	|
|253	151	141	120	129	245	397	132	398	406	446	401	44	183	102	145	308	56	442	0	143	375	273	164	315	251	|
|201	12	225	226	271	141	339	216	398	424	339	305	187	326	106	288	183	118	477	143	0	416	286	63	202	142	|
|260	411	236	268	363	556	266	244	115	69	421	367	375	403	316	384	415	336	68	375	416	0	135	365	384	363	|
|127	280	155	194	303	426	186	159	125	139	318	261	286	356	195	328	284	224	192	273	286	135	0	232	256	229	|
|138	53	202	213	282	195	276	193	338	367	288	249	206	341	84	303	143	119	424	164	63	365	232	0	153	89	|
|130	190	311	335	424	284	184	305	313	359	137	109	355	484	221	446	39	264	426	315	202	384	256	153	0	64	|
|104	130	256	277	361	243	210	249	309	349	199	163	291	421	158	383	65	200	413	251	142	363	229	89	64	0	|

--------------------------------------------------------------------------------
Building model...
	using lazy and cut (CVRPSEP package)
Solving IRP LP...
--------------------------------------------------------------------------------

Gurobi 9.1.0 (linux64) logging started Fri Jan 29 02:16:08 2021

Gurobi Optimizer version 9.1.0 build v9.1.0rc0 (linux64)
Thread count: 32 physical cores, 32 logical processors, using up to 2 threads
Optimize a model with 2186 rows, 9206 columns and 28142 nonzeros
Model fingerprint: 0xf166b04a
Variable types: 782 continuous, 8424 integer (624 binary)
Coefficient statistics:
  Matrix range     [1e+00, 4e+02]
  Objective range  [1e-01, 6e+02]
  Bounds range     [1e+00, 2e+02]
  RHS range        [1e+01, 3e+03]
Presolve removed 296 rows and 980 columns
Presolve time: 0.07s
Presolved: 1890 rows, 8226 columns, 24707 nonzeros
Variable types: 714 continuous, 7512 integer (6948 binary)

Root relaxation: objective 1.430778e+04, 2278 iterations, 0.08 seconds

    Nodes    |    Current Node    |     Objective Bounds      |     Work
 Expl Unexpl |  Obj  Depth IntInf | Incumbent    BestBd   Gap | It/Node Time

     0     0 14307.7796    0  236          - 14307.7796      -     -    0s
     0     0 14595.2670    0  269          - 14595.2670      -     -    0s
     0     0 14595.5591    0  222          - 14595.5591      -     -    0s
     0     0 15065.5443    0  340          - 15065.5443      -     -    1s
     0     0 15103.2153    0  348          - 15103.2153      -     -    1s
     0     0 15107.9369    0  339          - 15107.9369      -     -    1s
     0     0 15124.7662    0  315          - 15124.7662      -     -    1s
     0     0 15125.8031    0  319          - 15125.8031      -     -    1s
     0     0 15126.1174    0  323          - 15126.1174      -     -    1s
     0     0 15589.2048    0  436          - 15589.2048      -     -    2s
     0     0 15651.6284    0  442          - 15651.6284      -     -    2s
     0     0 15672.2596    0  447          - 15672.2596      -     -    2s
     0     0 15678.9159    0  445          - 15678.9159      -     -    2s
     0     0 15684.6486    0  479          - 15684.6486      -     -    2s
     0     0 15685.0998    0  467          - 15685.0998      -     -    2s
     0     0 15941.7591    0  434          - 15941.7591      -     -    3s
     0     0 15955.5846    0  431          - 15955.5846      -     -    3s
     0     0 15957.0975    0  427          - 15957.0975      -     -    3s
     0     0 16050.8779    0  462          - 16050.8779      -     -    4s
     0     0 16091.0210    0  469          - 16091.0210      -     -    4s
     0     0 16105.5901    0  489          - 16105.5901      -     -    4s
     0     0 16110.8538    0  473          - 16110.8538      -     -    4s
     0     0 16111.8957    0  481          - 16111.8957      -     -    4s
     0     0 16175.3976    0  460          - 16175.3976      -     -    5s
     0     0 16185.9727    0  454          - 16185.9727      -     -    5s
     0     0 16224.0307    0  460          - 16224.0307      -     -    5s
     0     0 16244.1363    0  514          - 16244.1363      -     -    5s
     0     0 16246.5983    0  517          - 16246.5983      -     -    6s
     0     0 16250.5218    0  481          - 16250.5218      -     -    6s
     0     0 16251.6772    0  499          - 16251.6772      -     -    6s
     0     0 16269.9849    0  538          - 16269.9849      -     -    6s
     0     0 16270.8935    0  582          - 16270.8935      -     -    6s
     0     0 16278.8795    0  499          - 16278.8795      -     -    7s
     0     0 16278.8795    0  475          - 16278.8795      -     -    7s
     0     2 16279.0442    0  468          - 16279.0442      -     -    9s
     5     8 16489.9858    2  465          - 16298.0473      -  1195   10s
    25    29 16533.4023    7  474          - 16348.2716      -  1153   15s
    59    64 16719.3420   16  351          - 16348.2716      -   825   20s
   122   126 16930.9054   38  313          - 16348.2716      -   558   25s
   187   191 17546.7646   45  344          - 16348.2716      -   461   30s
   207   220 17237.7634   64  244          - 16348.2716      -   439   47s
   272   289 17436.3166   82  178          - 16348.2716      -   374   50s
   364   395 18120.6328  107  209          - 16348.2716      -   321   55s
   588   640 19334.4328  168  202          - 16348.3872      -   238   61s
   708   669 16816.4365   10  526          - 16348.3872      -   219   65s
   726   678 20237.3054  218  435          - 16348.3872      -   225   70s
   735   684 18182.5673   83  634          - 16802.6514      -   222   75s
   743   689 17069.6313   58  616          - 16917.3747      -   220   80s
   752   695 16966.8169   12  714          - 16932.6296      -   217   85s
   762   703 17216.7066   27  571          - 16932.6296      -   250   90s
   764   704 17542.7543   37  654          - 16932.6296      -   249  103s
   768   707 20265.3677  223  699          - 16932.6296      -   248  105s
   775   711 18450.4889  127  741          - 16933.4198      -   246  110s
   779   716 17067.6975   26  586          - 16944.0433      -   271  115s
   796   728 16971.4072   31  536          - 16967.2098      -   286  120s
   814   741 16995.8463   35  552          - 16986.6089      -   298  125s
   831   754 17097.3927   39  443          - 16986.6089      -   311  131s
   851   768 17074.9703   43  441          - 16986.6089      -   323  135s
   879   786 17344.3812   50  506          - 16986.6089      -   336  141s
   883   789 17175.4956   51  434          - 16986.6089      -   340  148s
   897   805 17196.6246   56  425          - 16986.6089      -   346  150s
   932   825 17492.4506   63  443          - 16986.6089      -   354  155s
   967   861 17697.4001   73  351          - 16986.6089      -   355  160s
  1025   896 17918.9734   84  366          - 16986.6089      -   355  166s
  1083   937 17983.5454   98  406          - 16986.6089      -   354  171s
  1129   975 18069.8833  111  284          - 16986.6089      -   353  175s
  1222  1035 18259.0224  128  244          - 16986.6089      -   346  184s
  1249  1058 18396.9074  134  305          - 16986.6089      -   345  186s
  1324  1132 18648.8819  152  268          - 16986.6089      -   341  191s
  1438  1201 18908.4910  184  305          - 16986.6089      -   329  196s
  1565  1335 19586.0839  219  220          - 16986.6089      -   318  202s
  1680  1344 20482.7891  247  189          - 16986.6124      -   304  206s
  1774  1330 17084.5432   37  489          - 16995.6246      -   298  211s
  1793  1346 17203.7812   42  575          - 16995.6246      -   304  215s
  1822  1367 17315.4102   49  577          - 16995.6246      -   307  220s
  1854  1392 17479.5694   57  472          - 16995.6246      -   311  226s
  1895  1434 17574.3737   66  557          - 16995.6246      -   314  231s
  1929  1466 17655.0984   74  420          - 16995.6246      -   314  235s
  2023  1535 17836.6205   87  413          - 16995.6246      -   311  248s
  2077  1583 17891.3283   95  381          - 16995.6246      -   309  252s
  2145  1657 18050.4725  106  337          - 16995.6246      -   306  256s
  2249  1737 18139.5279  116  330          - 16995.6246      -   300  261s
  2366  1867 18265.1136  130  286          - 16995.6246      -   293  266s
  2561  1837 18470.2838  148  285          - 16995.6246      -   277  271s
  2602  1866 18886.9221  165  243          - 16995.6246      -   278  275s
  2700  1950 19116.2460  209  230          - 16995.6246      -   278  283s
  2763  2031 19347.9682  238  212          - 16995.6246      -   277  289s
  2873  2070 20529.7608  290   84          - 16995.6246      -   273  295s
  2973  2131 21798.0994  327    9          - 17010.2617      -   267  301s
* 2982  2106             331    22072.660000 17010.2617  22.9%   267  301s
* 2983  2106             332    22033.660000 17010.2617  22.8%   267  301s
  3094  2055 17200.4862   37  601 22033.6600 17010.2617  22.8%   263  307s
  3102  2083 17179.9481   38  539 22033.6600 17010.2617  22.8%   264  323s
H 3131  2107                    22025.160000 17010.2617  22.8%   266  329s
  3155  2128 17328.1584   43  454 22025.1600 17010.2617  22.8%   268  333s
  3176  2161 17395.0149   47  398 22025.1600 17010.2617  22.8%   271  342s
  3209  2212 17467.4231   52  376 22025.1600 17010.2617  22.8%   273  348s
  3260  2248 17601.1125   57  446 22025.1600 17010.2617  22.8%   273  354s
  3296  2296 17701.2322   60  313 22025.1600 17010.2617  22.8%   275  360s
H 3323  2228                    21472.660000 17010.2617  20.8%   276  361s
  3344  2292 17790.7894   68  334 21472.6600 17010.2617  20.8%   275  367s
  3408  2343 17849.6406   75  321 21472.6600 17010.2617  20.8%   275  374s
  3461  2505 17964.2970   82  335 21472.6600 17010.2617  20.8%   276  385s
  3665  2539 17988.9103   87  350 21472.6600 17010.2617  20.8%   264  392s
* 3692  2519             205    21378.440000 17010.2617  20.4%   265  392s
  3699  2565 18204.0292  101  312 21378.4400 17010.2617  20.4%   266  399s
  3745  2619 18441.1066  108  289 21378.4400 17010.2617  20.4%   267  406s
H 3801  2658                    21319.300000 17010.2617  20.2%   267  418s
  3852  2769 18592.8474  124  300 21319.3000 17010.2617  20.2%   267  426s
  3979  2845 19005.9627  138  227 21319.3000 17010.2617  20.2%   265  435s
  4063  3175 19398.8251  165  165 21319.3000 17018.6664  20.2%   265  446s
  4462  3196     cutoff  240      21319.3000 17019.1340  20.2%   249  456s
H 4466  3185                    21266.070000 17019.1340  20.0%   249  456s
  4486  3244 17929.0452   49  453 21266.0700 17019.1340  20.0%   252  464s
H 4536  3043                    20935.370000 17019.1340  18.7%   253  464s
  4545  3157 18319.6650   82  307 20935.3700 17019.1340  18.7%   253  472s
  4659  3310 19329.6004  148  168 20935.3700 17019.4069  18.7%   251  481s
  4855  3352 17596.5966   38  379 20935.3700 17019.9888  18.7%   247  491s
  4897  3403 18323.1941   52  393 20935.3700 17019.9888  18.7%   249  505s
  4950  3522 18740.3268   63  385 20935.3700 17019.9888  18.7%   251  521s
  5069  3612 19983.3820   83  251 20935.3700 17021.8919  18.7%   250  532s
H 5206  3434                    20603.730000 17034.5490  17.3%   250  542s
H 5206  3033                    20099.170000 17034.5490  15.2%   250  542s
  5237  3114 17891.7498   60  395 20099.1700 17034.5490  15.2%   251  551s
  5318  3161 20039.4392  114  169 20099.1700 17034.5665  15.2%   252  561s
H 5370  3125                    20057.070000 17037.3462  15.1%   253  561s
  5399  3187 17568.7721   43  401 20057.0700 17037.3462  15.1%   253  571s
  5461  3290 18806.3716   79  357 20057.0700 17041.0732  15.0%   255  582s
  5598  3324 17202.0427   38  563 20057.0700 17041.0970  15.0%   254  593s
  5632  3360 17398.4081   46  460 20057.0700 17041.0970  15.0%   257  603s
  5668  3403 17591.4323   53  436 20057.0700 17041.0970  15.0%   260  614s
  5711  3476 17941.8516   64  318 20057.0700 17041.0970  15.0%   262  640s
H 5742  3348                    19950.610000 17041.0970  14.6%   263  640s
  5784  3492 18040.6206   80  391 19950.6100 17041.0970  14.6%   264  655s
  5942  3558 18329.2450   97  331 19950.6100 17041.0970  14.6%   263  668s
  6008  3648 18760.6135  122  199 19950.6100 17055.9563  14.5%   265  683s
  6119  3749 17392.0710   40  442 19950.6100 17055.9563  14.5%   265  696s
  6231  3815 17882.1166   50  490 19950.6100 17055.9563  14.5%   266  708s
H 6256  3728                    19882.830000 17055.9563  14.2%   267  708s
  6297  3780 18188.0232   60  364 19882.8300 17055.9563  14.2%   268  720s
  6361  3844 18174.9868   70  457 19882.8300 17055.9563  14.2%   270  734s
  6425  3901 18598.6706   87  416 19882.8300 17055.9563  14.2%   272  747s
  6482  3999 18945.0263   99  286 19882.8300 17055.9563  14.2%   274  759s
  6518  3999 19150.8693  109  273 19882.8300 17055.9563  14.2%   274  760s
  6590  4108 19473.4432  113  209 19882.8300 17067.1254  14.2%   275  773s
  6730  4164 17326.0450   32  553 19882.8300 17067.1254  14.2%   274  788s
  6796  4212 17581.9699   35  536 19882.8300 17067.1254  14.2%   275  800s
  6844  4300 17950.0862   45  393 19882.8300 17067.1254  14.2%   277  817s
  6932  4368 18578.6792   61  309 19882.8300 17069.6358  14.1%   278  833s
  7034  4434 17280.6015   32  620 19882.8300 17069.6358  14.1%   279  851s
  7100  4522 18129.4359   54  416 19882.8300 17069.6358  14.1%   281  864s
  7156  4522 19552.5743  110  180 19882.8300 17069.6358  14.1%   281  865s
  7213  4633 19791.7570  126  170 19882.8300 17070.6056  14.1%   281  882s
H 7336  4608                    19777.070000 17070.6056  13.7%   281  914s
  7368  4608 18551.0473   98  324 19777.0700 17075.3928  13.7%   281  915s
H 7482  4559                    19757.060000 17076.1909  13.6%   280  916s
  7483  4665 17392.9780   37  635 19757.0600 17076.1909  13.6%   280  935s
  7604  4751 18400.5963   73  475 19757.0600 17081.6034  13.5%   282  954s
  7638  4751 19113.2094  107  356 19757.0600 17081.6034  13.5%   282  955s
  7704  4881 17811.1208   50  531 19757.0600 17081.6064  13.5%   283  976s
  7856  4911 17870.9550   51  468 19757.0600 17081.6064  13.5%   284 1047s
H 7873  4278                    19358.560000 17081.6064  11.8%   284 1048s
  7892  4393 18290.1984   69  483 19358.5600 17081.8765  11.8%   285 1067s
  8026  4462 17461.8993   49  507 19358.5600 17087.7400  11.7%   286 1089s
  8095  4610 17760.4353   65  485 19358.5600 17087.7400  11.7%   289 1111s
  8247  4740 18984.7597   99  223 19358.5600 17087.7603  11.7%   291 1133s
  8392  4740 18827.8165  142  159 19358.5600 17087.8456  11.7%   291 1135s
  8415  4853 18682.6009   78  308 19358.5600 17087.9037  11.7%   292 1155s
  8552  5002 18057.5589   62  446 19358.5600 17088.2468  11.7%   293 1180s
  8731  5103 17893.7484   51  498 19358.5600 17092.8009  11.7%   294 1203s
  8832  5329 18282.2996   69  342 19358.5600 17092.8009  11.7%   295 1227s
  9105  5451 18473.3801   92  263 19358.5600 17092.8009  11.7%   293 1249s
  9180  5451 17475.8669   43  560 19358.5600 17092.8009  11.7%   293 1250s
  9227  5509 19254.3325  121  256 19358.5600 17094.1961  11.7%   294 1277s
  9315  5593 18315.1443   47  604 19358.5600 17097.4329  11.7%   297 1298s
  9413  5698 17582.3692   31  660 19358.5600 17097.4329  11.7%   298 1323s
  9533  5782 19199.2159   83  304 19358.5600 17113.6465  11.6%   300 1361s
  9645  5884 18311.7736   54  278 19358.5600 17120.3252  11.6%   302 1386s
  9781  5958 17738.2227   33  622 19358.5600 17121.3410  11.6%   304 1407s
  9855  6077 18253.9387   73  551 19358.5600 17122.6045  11.6%   305 1428s
 10004  6214 17554.2038   44  517 19358.5600 17123.8190  11.5%   305 1451s
 10165  6350 17634.3676   50  430 19358.5600 17128.9732  11.5%   306 1476s
 10323  6445 17628.8150   49  622 19358.5600 17141.1968  11.5%   306 1498s
 10418  6547 19099.7513   91  389 19358.5600 17141.9665  11.5%   308 1521s
 10542  6697 18494.5471   74  208 19358.5600 17144.8407  11.4%   308 1546s
 10720  6794 18820.8341   73  355 19358.5600 17145.6260  11.4%   308 1569s
 10757  6794 19324.8450  110  247 19358.5600 17145.6260  11.4%   308 1570s
 10837  6869 17711.2323   48  530 19358.5600 17145.9274  11.4%   310 1595s
 10912  7001 18069.4398   63  372 19358.5600 17145.9274  11.4%   312 1621s
 11063  7104     cutoff   88      19358.5600 17152.6685  11.4%   314 1646s
H11196  7183                    19333.560000 17152.6685  11.3%   316 1684s
 11294  7183     cutoff  101      19333.5600 17157.5824  11.3%   315 1685s
 11379  7282 17692.0562   40  517 19333.5600 17158.5605  11.2%   316 1711s
 11504  7355 17508.6229   34  669 19333.5600 17161.1166  11.2%   317 1736s
 11577  7446 18597.6045   65  618 19333.5600 17161.1295  11.2%   319 1759s
 11690  7541 17682.9057   47  471 19333.5600 17162.7294  11.2%   320 1786s
 11806  7581 17347.4308   40  506 19333.5600 17162.7984  11.2%   322 1811s
 11846  7720 17938.4330   48  364 19333.5600 17162.7984  11.2%   324 1835s
 11985  7905 18418.7092   75  241 19333.5600 17164.2141  11.2%   325 1862s
 12225  7983 18176.0138   50  522 19333.5600 17165.0571  11.2%   324 1886s
 12329  8077 18035.1962   49  399 19333.5600 17165.7442  11.2%   326 1912s
H12438  8150                    19327.200000 17165.7442  11.2%   327 1937s
 12549  8250 18053.9732   53  563 19327.2000 17169.5543  11.2%   328 1963s
 12613  8250 18344.3269   65  369 19327.2000 17169.5816  11.2%   328 1968s
H12674  8229                    19281.200000 17169.5816  11.0%   329 1996s
 12787  8292 17692.9004   36  579 19281.2000 17170.3160  10.9%   330 2021s
 12882  8464 18230.3032   58  492 19281.2000 17170.3160  10.9%   332 2050s
 13068  8626 18805.5341  118  191 19281.2000 17172.2977  10.9%   332 2075s
 13248  8740 18470.2581   62  418 19281.2000 17174.3153  10.9%   332 2101s
 13390  8827 18542.1668   90  341 19281.2000 17176.3695  10.9%   332 2126s
 13507  8928 18580.7269   66  336 19281.2000 17177.6280  10.9%   333 2151s
 13627  9041 18358.2180   62  634 19281.2000 17184.1264  10.9%   334 2176s
 13764  9172 17869.5043   47  419 19281.2000 17189.4349  10.8%   335 2203s
*13908  9128             133    19269.080000 17189.5305  10.8%   335 2204s
H13917  9211                    19266.830000 17189.5305  10.8%   335 2227s
 14018  9302 17987.1418   39  566 19266.8300 17189.8570  10.8%   337 2252s
 14127  9422 17408.6730   32  575 19266.8300 17195.4192  10.8%   338 2279s
 14222  9422 18820.6204   88  348 19266.8300 17195.4192  10.8%   338 2280s
 14259  9521 19214.7295   89  275 19266.8300 17195.9984  10.7%   338 2309s
 14376  9691 18476.2976   64  448 19266.8300 17199.0028  10.7%   339 2334s
 14564  9820 18008.5118   58  473 19266.8300 17200.6341  10.7%   338 2361s
 14719  9876 17747.0283   44  480 19266.8300 17201.2852  10.7%   339 2389s
 14775  9993 17856.6199   53  496 19266.8300 17201.2852  10.7%   341 2422s
 14892 10220 18360.0239   74  384 19266.8300 17202.1414  10.7%   342 2451s
 15191 10323 17472.2205   39  531 19266.8300 17202.2217  10.7%   340 2478s
 15312 10407 19173.0523   89  163 19266.8300 17203.6615  10.7%   341 2503s
 15414 10558 18816.7683   76  296 19266.8300 17204.4073  10.7%   343 2531s
H15617  9905                    19134.630000 17207.0306  10.1%   342 2573s
 15688 10004 17666.0113   41  561 19134.6300 17207.0306  10.1%   344 2599s
 15796 10199 18284.6177   52  301 19134.6300 17210.6800  10.1%   345 2628s
H15904 10187                    19131.610000 17210.6800  10.0%   345 2629s
*15947  9860             141    19084.130000 17210.9713  9.82%   344 2629s
 15987  9860 17971.9283   66  293 19084.1300 17210.9713  9.82%   344 2630s
 16031  9972 17812.4781   61  340 19084.1300 17210.9713  9.82%   344 2655s
 16177 10049 18120.4772   43  531 19084.1300 17213.5091  9.80%   343 2683s
 16313 10174 17604.5017   38  598 19084.1300 17213.5132  9.80%   344 2723s
 16448 10282 18422.2983  107  499 19084.1300 17216.3680  9.79%   344 2749s
 16573 10362 17951.8752   50  457 19084.1300 17216.4745  9.79%   345 2775s
 16679 10473 17691.5008   46  433 19084.1300 17217.5124  9.78%   346 2802s
 16807 10608 17895.2775   47  555 19084.1300 17218.8189  9.77%   347 2828s
 16965 10705 18277.3016   55  402 19084.1300 17220.1914  9.77%   347 2864s
 17092 10812 18227.2248   59  513 19084.1300 17221.2832  9.76%   348 2894s
 17221 10893 17730.1092   47  561 19084.1300 17229.2540  9.72%   349 2920s
 17322 10984 17889.5665   50  607 19084.1300 17230.0409  9.72%   350 2954s
 17435 11084 17773.9775   45  611 19084.1300 17230.4217  9.71%   351 2980s
 17537 11214 18140.7914   63  276 19084.1300 17230.4217  9.71%   353 3018s
 17688 11301 18855.5568   97  269 19084.1300 17233.2503  9.70%   353 3046s
 17819 11427 17763.6326   56  479 19084.1300 17234.0025  9.69%   353 3075s
 17913 11427 19034.6326  149  166 19084.1300 17234.0025  9.69%   353 3086s
 17965 11518 17494.8850   41  622 19084.1300 17236.5799  9.68%   354 3113s
 18075 11631 17855.4322   46  577 19084.1300 17236.6315  9.68%   355 3142s
 18210 11704 17767.2510   47  428 19084.1300 17236.7224  9.68%   355 3172s
 18283 11816 18071.0674   65  357 19084.1300 17236.7224  9.68%   357 3210s
 18403 11879 18827.9850   95  289 19084.1300 17237.9889  9.67%   358 3239s
 18440 11879 19002.4164  114  203 19084.1300 17237.9889  9.67%   358 3240s
 18498 11952 18378.6350   55  564 19084.1300 17238.1660  9.67%   359 3270s
 18582 12085 17849.1505   58  545 19084.1300 17238.4253  9.67%   361 3298s
 18727 12188 18205.7767   60  602 19084.1300 17240.6596  9.66%   362 3328s
 18875 12278 18363.5946   63  384 19084.1300 17241.6940  9.65%   362 3373s
 18937 12278 18577.7706   73  469 19084.1300 17241.8597  9.65%   363 3376s
 18985 12415 18358.8641   73  550 19084.1300 17243.1812  9.65%   364 3403s
 19144 12506 17929.5182   54  566 19084.1300 17244.1183  9.64%   364 3432s
 19261 12600 17766.3171   44  580 19084.1300 17244.9421  9.64%   364 3460s
 19371 12701 17633.4836   44  380 19084.1300 17246.1699  9.63%   366 3492s
 19515 12774 17920.1680   59  551 19084.1300 17247.4525  9.62%   366 3528s
 19636 12858 17634.6457   48  513 19084.1300 17247.4663  9.62%   367 3559s
 19720 12990 18123.1518   66  457 19084.1300 17247.4974  9.62%   369 3591s
 19887 13003 17881.6764   32  614 19084.1300 17247.9972  9.62%   369 3600s

Cutting planes:
  User: 7920
  Gomory: 55
  Cover: 530
  Implied bound: 84
  Clique: 12
  MIR: 307
  StrongCG: 3
  Flow cover: 673
  Inf proof: 7
  Zero half: 18
  Network: 8
  RLT: 448
  Relax-and-lift: 9
  Lazy constraints: 402

Explored 19900 nodes (7377509 simplex iterations) in 3600.14 seconds
Thread count was 2 (of 32 available processors)

Solution count 10: 19084.1 19131.6 19134.6 ... 19757.1

Time limit reached
Best objective 1.908413000000e+04, best bound 1.724799722902e+04, gap 9.6213%

User-callback calls 288081, time in user-callback 395.22 sec
================================================================================
executing instance: ./input/Instances/Original/6/absH6high_1n20.dat
--------------------------------------------------------------------------------
Instance details
n	21
H	6
C	1651
Li:
[0, 0, 0, 0, 0, 0, 0, 0, 0, 0, 0, 0, 0, 0, 0, 0, 0, 0, 0, 0, 0, ]
Ui:
[0, 36, 182, 182, 90, 261, 117, 30, 110, 42, 276, 153, 40, 94, 144, 46, 129, 213, 264, 160, 174, ]
Distance matrix:
|0	371	401	343	361	341	370	115	392	400	79	266	292	245	355	431	265	194	95	92	348	|
|371	0	37	141	110	250	117	438	67	131	372	305	115	238	247	255	235	296	392	430	185	|
|401	37	0	175	100	284	146	472	90	156	406	342	152	275	280	282	242	333	415	455	178	|
|343	141	175	0	239	110	38	374	95	60	314	182	67	130	106	127	318	201	397	423	303	|
|361	110	100	239	0	341	222	451	177	240	385	374	190	304	341	361	151	345	354	398	78	|
|341	250	284	110	341	0	143	337	203	151	289	102	152	97	15	95	394	156	415	431	398	|
|370	117	146	38	222	143	0	407	61	30	346	220	81	167	137	139	317	237	417	447	292	|
|115	438	472	374	451	337	407	0	443	434	66	241	339	251	351	431	374	181	201	177	450	|
|392	67	90	95	177	203	61	443	0	66	379	275	104	216	197	193	294	283	427	461	252	|
|400	131	156	60	240	151	30	434	66	0	374	237	112	189	142	127	344	261	448	477	312	|
|79	372	406	314	385	289	346	66	379	374	0	202	275	197	304	383	316	134	175	166	388	|
|266	305	342	182	374	102	220	241	275	237	202	0	191	70	117	196	386	73	352	359	415	|
|292	115	152	67	190	152	81	339	104	112	275	191	0	123	154	193	252	183	336	366	246	|
|245	238	275	130	304	97	167	251	216	189	197	70	123	0	110	187	322	72	319	334	346	|
|355	247	280	106	341	15	137	351	197	142	304	117	154	110	0	80	399	171	427	444	400	|
|431	255	282	127	361	95	139	431	193	127	383	196	193	187	80	0	444	251	499	519	429	|
|265	235	242	318	151	394	317	374	294	344	316	386	252	322	399	444	0	332	226	273	97	|
|194	296	333	201	345	156	237	181	283	261	134	73	183	72	171	251	332	0	279	286	375	|
|95	392	415	397	354	415	417	201	427	448	175	352	336	319	427	499	226	279	0	47	321	|
|92	430	455	423	398	431	447	177	461	477	166	359	366	334	444	519	273	286	47	0	368	|
|348	185	178	303	78	398	292	450	252	312	388	415	246	346	400	429	97	375	321	368	0	|

--------------------------------------------------------------------------------
Building model...
	using lazy and cut (CVRPSEP package)
Solving IRP LP...
--------------------------------------------------------------------------------

Gurobi 9.1.0 (linux64) logging started Fri Jan 29 03:16:34 2021

Gurobi Optimizer version 9.1.0 build v9.1.0rc0 (linux64)
Thread count: 32 physical cores, 32 logical processors, using up to 2 threads
Optimize a model with 1761 rows, 6171 columns and 19227 nonzeros
Model fingerprint: 0x4f9fdc13
Variable types: 627 continuous, 5544 integer (504 binary)
Coefficient statistics:
  Matrix range     [1e+00, 4e+02]
  Objective range  [1e-01, 5e+02]
  Bounds range     [1e+00, 3e+02]
  RHS range        [1e+01, 3e+03]
Presolve removed 261 rows and 795 columns
Presolve time: 0.06s
Presolved: 1500 rows, 5376 columns, 16412 nonzeros
Variable types: 564 continuous, 4812 integer (4368 binary)

Root relaxation: objective 1.358933e+04, 2027 iterations, 0.07 seconds

    Nodes    |    Current Node    |     Objective Bounds      |     Work
 Expl Unexpl |  Obj  Depth IntInf | Incumbent    BestBd   Gap | It/Node Time

     0     0 13589.3310    0  205          - 13589.3310      -     -    0s
     0     0 13839.1637    0  282          - 13839.1637      -     -    0s
     0     0 13862.1513    0  266          - 13862.1513      -     -    0s
     0     0 13862.3938    0  273          - 13862.3938      -     -    0s
     0     0 13862.3938    0  278          - 13862.3938      -     -    0s
     0     0 14166.7314    0  332          - 14166.7314      -     -    1s
     0     0 14303.5176    0  346          - 14303.5176      -     -    1s
     0     0 14314.0277    0  348          - 14314.0277      -     -    1s
     0     0 14317.6922    0  351          - 14317.6922      -     -    1s
     0     0 14317.7598    0  352          - 14317.7598      -     -    1s
     0     0 14500.9764    0  456          - 14500.9764      -     -    1s
     0     0 14506.2511    0  423          - 14506.2511      -     -    2s
     0     0 14506.7148    0  455          - 14506.7148      -     -    2s
     0     0 14567.4101    0  435          - 14567.4101      -     -    3s
     0     0 14578.7492    0  395          - 14578.7492      -     -    3s
     0     0 14581.2510    0  437          - 14581.2510      -     -    3s
     0     0 14581.4380    0  451          - 14581.4380      -     -    3s
     0     0 14614.8814    0  501          - 14614.8814      -     -    3s
     0     0 14620.8784    0  453          - 14620.8784      -     -    3s
     0     0 14622.5661    0  461          - 14622.5661      -     -    3s
     0     0 14622.6594    0  459          - 14622.6594      -     -    3s
     0     0 14625.7227    0  406          - 14625.7227      -     -    4s
     0     0 14626.9231    0  480          - 14626.9231      -     -    4s
     0     0 14631.0918    0  440          - 14631.0918      -     -    4s
     0     0 14640.6888    0  484          - 14640.6888      -     -    4s
     0     0 14643.7823    0  476          - 14643.7823      -     -    4s
     0     0 14646.2277    0  494          - 14646.2277      -     -    4s
     0     0 14646.7021    0  496          - 14646.7021      -     -    4s
     0     0 14652.9291    0  461          - 14652.9291      -     -    5s
     0     0 14658.8657    0  513          - 14658.8657      -     -    5s
     0     0 14661.9201    0  463          - 14661.9201      -     -    5s
     0     0 14662.7329    0  481          - 14662.7329      -     -    5s
     0     0 14667.8556    0  509          - 14667.8556      -     -    5s
     0     0 14672.0208    0  500          - 14672.0208      -     -    5s
     0     0 14672.4685    0  485          - 14672.4685      -     -    5s
     0     0 14672.7875    0  486          - 14672.7875      -     -    6s
     0     0 14672.7875    0  463          - 14672.7875      -     -    6s
     0     2 14672.8819    0  463          - 14672.8819      -     -    7s
    15    18 14771.2334    5  437          - 14714.4726      -   932   10s
    63    69 14943.1664   19  391          - 14714.4726      -   645   15s
   113   118 15442.3089   34  292          - 14714.4726      -   579   20s
   189   196 16484.7206   64  304          - 14714.4726      -   486   25s
   296   302 18148.1768  113  188          - 14714.4726      -   385   30s
   328   324 19074.0421  133  173          - 14743.1839      -   363   41s
   379   342 14960.5908    5  470          - 14743.9879      -   371   45s
   408   369 15086.1485    9  455          - 14743.9879      -   394   50s
   458   428 15414.9103   13  401          - 14743.9879      -   418   56s
   510   502 15334.7503   14  475          - 14743.9879      -   424   61s
   569   522 15489.7306   16  446          - 14743.9879      -   408   65s
   615   578 15568.9928   19  468          - 14743.9879      -   423   70s
   697   657 15717.1082   21  499          - 14743.9879      -   420   75s
   752   663 14912.5781   11  575          - 14875.5904      -   402   80s
   757   667 16317.2080   48  531          - 14926.5736      -   400   93s
   762   670 17521.7356  101  588          - 14943.2052      -   397   95s
   772   677 15972.9843   28  574          - 14961.9336      -   392  101s
   775   682 14963.6582   13  552          - 14963.6582      -   414  107s
   777   683 14991.4261   14  524          - 14965.6930      -   415  111s
   779   684 15017.3719   14  529          - 14993.2958      -   415  115s
   795   697 15069.6684   18  453          - 15016.7287      -   418  120s
   822   716 15262.1835   24  525          - 15016.7287      -   427  125s
   848   730 infeasible   29               - 15016.7287      -   434  130s
   852   733 15530.4967   30  472          - 15016.7287      -   435  136s
   872   750 15668.0754   35  456          - 15016.7287      -   439  141s
   906   777 15875.7320   41  473          - 15016.7287      -   442  145s
   945   808 16008.6301   47  407          - 15016.7287      -   440  150s
  1003   842 16347.1048   59  435          - 15016.7287      -   435  156s
  1048   877 16466.1272   70  392          - 15016.7287      -   432  161s
  1100   914 16612.6662   82  367          - 15016.7287      -   429  166s
  1140   944 16851.3913   91  417          - 15016.7287      -   427  170s
  1218  1010 16951.9555  108  384          - 15016.7287      -   420  176s
  1295  1066 17051.3844  123  368          - 15016.7287      -   408  181s
  1382  1132 17413.7191  138  324          - 15016.7287      -   396  186s
  1486  1214 18324.4864  158  227          - 15016.7287      -   382  191s
  1617  1286 18555.2651  187  213          - 15016.7287      -   362  197s
  1694  1291 18656.3874  203  236          - 15016.7287      -   352  200s
  1725  1319 18912.4386  216  217          - 15016.7287      -   350  207s
  1765  1343 19253.6675  234  182          - 15016.7287      -   348  210s
  1845  1407 19569.9145  270  107          - 15016.7287      -   344  216s
  1894  1455 19693.7813  291  134          - 15016.7287      -   342  220s
  2010  1522 20057.1805  340  191          - 15016.7287      -   334  227s
  2067  1557 20222.9564  362  191          - 15016.7287      -   330  231s
  2121  1610 20440.6314  383  190          - 15016.7287      -   328  235s
  2280  1642 15245.0377   19  554          - 15018.5929      -   317  250s
  2337  1677 15374.5037   24  544          - 15018.5929      -   319  258s
  2361  1710 15389.0348   25  625          - 15018.5929      -   320  261s
  2402  1736 15473.5023   28  456          - 15018.5929      -   319  265s
  2442  1769 15656.1130   34  454          - 15018.5929      -   319  270s
  2543  1848 15858.1683   42  421          - 15018.5929      -   317  279s
  2605  1930 16204.7168   47  370          - 15018.5929      -   315  285s
  2707  2003 infeasible   53               - 15018.5929      -   309  291s
  2818  2127 16570.0628   58  368          - 15018.5929      -   303  300s
  2983  2254 16663.6645   79  356          - 15018.5929      -   293  307s
  3132  2281 17029.1682   89  347          - 15018.5929      -   284  312s
  3159  2319 17027.4677   98  297          - 15018.5929      -   286  317s
  3197  2354 17287.7373  117  296          - 15018.5929      -   286  322s
  3232  2393 17704.3040  129  307          - 15018.5929      -   287  327s
  3271  2436 18110.5529  142  254          - 15018.5929      -   288  332s
  3314  2488 18355.2102  164  215          - 15018.5929      -   288  338s
  3366  2550 18393.6107  195  281          - 15018.5929      -   287  347s
  3446  2563 19535.7568  229  208          - 15034.2187      -   286  353s
  3476  2581 15229.3495   18  563          - 15034.2187      -   289  359s
  3494  2602 15260.4732   17  479          - 15034.2187      -   291  365s
  3515  2618 15409.6355   20  620          - 15034.2187      -   294  371s
  3531  2652 15530.4584   21  557          - 15034.2187      -   298  377s
  3565  2690 15747.7613   28  413          - 15034.2187      -   299  397s
  3603  2753 15839.4026   40  415          - 15034.2187      -   301  404s
  3666  2844 16042.6916   53  375          - 15034.2187      -   302  412s
  3757  2934 16352.2621   84  334          - 15034.2187      -   300  419s
  3847  3051 16604.5802  122  308          - 15034.2187      -   300  427s
  3964  3168 17216.6537  152  327          - 15034.2187      -   298  436s
  4095  3424 18438.6211  200  221          - 15034.2187      -   295  446s
  4367  3822 20413.5191  298   62          - 15035.8237      -   285  456s
  4817  3888 15319.1123   18  507          - 15035.8237      -   265  475s
  4908  3910 15371.2922   18  616          - 15035.8237      -   265  483s
  4930  3932 15449.4795   22  490          - 15035.8237      -   268  491s
  4952  3959 15591.3099   23  536          - 15035.8237      -   272  499s
  4979  3981 15593.4950   23  451          - 15035.8237      -   275  507s
  5001  4021 15498.4090   22  497          - 15035.8237      -   277  523s
  5041  4060 15533.9485   24  463          - 15035.8237      -   279  532s
  5080  4090 15592.8419   23  439          - 15035.8237      -   282  541s
  5110  4138 15669.6690   30  485          - 15035.8237      -   283  549s
  5158  4233 15952.5715   31  401          - 15035.8237      -   285  559s
  5253  4451 16050.7321   36  422          - 15035.8237      -   285  572s
  5475  4835 16094.3231   50  401          - 15035.8237      -   279  588s
  5657  4835 20468.0397  357   50          - 15035.8237      -   274  590s
  5934  4878 16362.0799   53  376          - 15035.8237      -   264  602s
