




arguments: ./build/mirp_solver -f ./input/orig_exec_350.cfg
Current dir: /scratch/gui/bnc_mirp
File verbosity level: 9
date       time         ( uptime  ) [ thread name/id ]                   file:line     v| 
2021-01-23 14:38:45.852 (   0.117s) [main thread     ]             loguru.cpp:789   INFO| Logging to './output/vi_lex_half/OU/V4/Original/execution_23_01_2021_14_38_45.log', mode: 'a', verbosity: 9
--------------------------------------------------------------------------------
Parameters
                           instance_path           ./input/Instances/Original/3/
                            model_policy                                       1
                             nb_vehicles                                       4
                              output_dir    ./output/vi_lex_half/OU/V4/Original/
                            sec_strategy                                       1
                       solver_nb_threads                                       2
                         solver_show_log                                    true
                       solver_time_limit                                    3600
                              use_vi_cos                                   false
                              use_vi_cus                                   false
                         use_vi_hc1_full                                   false
                         use_vi_hc1_half                                   false
                      use_vi_hc1_quarter                                   false
                              use_vi_hc2                                   false
                              use_vi_hc3                                   false
                         use_vi_lex_full                                   false
                         use_vi_lex_half                                    true
                      use_vi_lex_quarter                                   false
                              use_vi_qua                                   false
                               use_vi_vc                                   false
                               use_vi_vr                                   false
--------------------------------------------------------------------------------
executing instance: ./input/Instances/Original/3/absH3low_2n5.dat
--------------------------------------------------------------------------------
Instance details
n	6
H	3
C	237
Li:
[0, 0, 0, 0, 0, 0, ]
Ui:
[0, 93, 180, 51, 114, 24, ]
Distance matrix:
|0	170	318	35	112	235	|
|170	0	311	205	258	301	|
|318	311	0	326	278	137	|
|35	205	326	0	89	230	|
|112	258	278	89	0	160	|
|235	301	137	230	160	0	|

--------------------------------------------------------------------------------
Building model...
	using lazy and cut (CVRPSEP package)
Solving IRP LP...
--------------------------------------------------------------------------------

Gurobi 9.1.0 (linux64) logging started Sat Jan 23 14:38:45 2021

Gurobi Optimizer version 9.1.0 build v9.1.0rc0 (linux64)
Thread count: 32 physical cores, 32 logical processors, using up to 2 threads
Optimize a model with 210 rows, 336 columns and 1113 nonzeros
Model fingerprint: 0x5651f12c
Variable types: 84 continuous, 252 integer (72 binary)
Coefficient statistics:
  Matrix range     [1e+00, 2e+02]
  Objective range  [1e-02, 3e+02]
  Bounds range     [1e+00, 2e+02]
  RHS range        [1e+01, 5e+02]
Presolve removed 24 rows and 22 columns
Presolve time: 0.00s

Explored 0 nodes (0 simplex iterations) in 0.01 seconds
Thread count was 1 (of 32 available processors)

Solution count 0

Model is infeasible
Best objective -, best bound -, gap -

User-callback calls 31, time in user-callback 0.00 sec

Computing Irreducible Inconsistent Subsystem (IIS)...

           Constraints          |            Bounds           |  Runtime
      Min       Max     Guess   |   Min       Max     Guess   |
--------------------------------------------------------------------------
        0       210         -         0       464         -           0s
       11       184         -         0       454         -           5s
       26       177         -         0       452         -          10s
       33       176       176         0       452         -          16s
       35       174       174         0       452         -          21s
       40       174       174         0       452         -          26s
       46       168       168         0       447         -          34s
       50       167       140         0       447         -          39s
       53       166       120         0       445         -          40s
       98       153       120         0       431         -          45s
       98       150       120         0       427         -          51s
       98       147       120         0       427         -          56s
       98       144       120         0       423         -          60s
       98       140       120         0       423         -          66s
       98       137       120         0       417         -          71s
       98       134       120         0       417         -          76s
       98       132       120         0       411         -          81s
       98       121       120         0       391         -          85s
       98       101       101         0       344         -          90s
       98        98         -         0       315         -          95s
       98        98         -         0       315         -         100s
       98        98         -         0       315         -         105s
       98        98         -         3       304       130         110s
       98        98         -        17       286       130         115s
       98        98         -        28       267       120         120s
       98        98         -        35       249       110         125s
       98        98         -        47       238       110         130s
       98        98         -        60       220       120         135s
       98        98         -        64       218       120         140s
       98        98         -        67       215       120         146s
       98        98         -        70       212       120         151s
       98        98         -        70       209       120         156s
       98        98         -        72       206       120         161s
       98        98         -        73       204       120         165s
       98        98         -        75       203       120         170s
       98        98         -        78       200       120         176s
       98        98         -        82       199       120         180s
       98        98         -        85       197       120         185s
       98        98         -        86       194       120         191s
       98        98         -        88       191       120         196s
       98        98         -        91       191       130         201s
       98        98         -        93       189       130         205s
       98        98         -        94       186       130         211s
       98        98         -        96       183       130         216s
       98        98         -        97       181       130         221s
       98        98         -       109       171       130         225s
       98        98         -       128       160       140         230s
       98        98         -       129       141       140         235s
       98        98         -       129       136       136         240s
       98        98         -       129       129         -         245s

IIS computed: 98 constraints, 129 bounds
IIS runtime: 244.53 seconds
================================================================================
executing instance: ./input/Instances/Original/3/absH3high_5n30.dat
--------------------------------------------------------------------------------
Instance details
n	31
H	3
C	2296
Li:
[0, 0, 0, 0, 0, 0, 0, 0, 0, 0, 0, 0, 0, 0, 0, 0, 0, 0, 0, 0, 0, 0, 0, 0, 0, 0, 0, 0, 0, 0, 0, ]
Ui:
[0, 80, 90, 297, 28, 264, 123, 192, 112, 32, 72, 88, 294, 129, 126, 105, 110, 237, 246, 92, 72, 147, 54, 96, 128, 96, 84, 28, 74, 196, 192, ]
Distance matrix:
|0	87	302	65	389	171	219	120	412	339	129	63	169	401	383	158	393	161	246	275	64	287	345	235	13	274	106	201	85	358	135	|
|87	0	334	128	402	212	301	204	465	384	187	145	232	424	454	238	475	245	289	352	80	307	352	321	81	352	20	261	170	376	215	|
|302	334	0	239	113	132	237	334	157	70	404	263	162	105	227	229	339	251	65	217	259	53	107	352	293	220	339	134	270	75	235	|
|65	128	239	0	330	107	175	130	348	275	174	40	107	339	326	114	351	125	181	224	58	228	290	222	58	224	143	138	65	297	92	|
|389	402	113	330	0	226	349	438	210	151	502	360	269	48	316	339	441	362	175	328	335	102	55	465	377	330	401	245	371	37	342	|
|171	212	132	107	226	0	169	214	253	173	276	134	64	233	261	130	326	153	77	188	133	125	192	264	162	190	220	68	145	193	125	|
|219	301	237	175	349	169	0	157	257	223	244	157	105	334	180	62	175	61	177	63	233	264	334	118	221	61	317	112	136	312	85	|
|120	204	334	130	438	214	157	0	402	348	88	90	173	438	336	115	307	100	269	220	172	338	406	122	130	218	224	204	69	403	101	|
|412	465	157	348	210	253	257	402	0	88	486	359	245	166	129	287	266	303	178	204	386	208	239	370	406	207	473	212	354	187	304	|
|339	384	70	275	151	173	223	348	88	0	427	291	179	120	166	234	290	254	96	187	306	123	166	342	332	190	391	145	291	119	247	|
|129	187	404	174	502	276	244	88	486	427	0	142	248	508	424	200	390	187	342	308	193	400	464	192	142	306	207	281	136	469	182	|
|63	145	263	40	360	134	157	90	359	291	142	0	114	366	321	95	331	99	202	212	90	258	323	186	65	211	163	148	27	327	72	|
|169	232	162	107	269	64	105	173	245	179	248	114	0	266	222	71	268	94	97	131	155	173	244	203	164	132	245	34	113	233	73	|
|401	424	105	339	48	233	334	438	166	120	508	366	266	0	280	332	409	355	169	305	353	117	96	452	391	308	425	237	374	49	339	|
|383	454	227	326	316	261	180	336	129	166	424	321	222	280	0	231	137	238	208	116	376	277	331	272	381	118	467	197	307	285	253	|
|158	238	229	114	339	130	62	115	287	234	200	95	71	332	231	0	238	23	164	118	171	243	314	134	159	117	255	95	77	302	23	|
|393	475	339	351	441	326	175	307	266	290	390	331	268	409	137	238	0	232	300	138	408	383	445	204	395	136	492	258	308	406	260	|
|161	245	251	125	362	153	61	100	303	254	187	99	94	355	238	23	232	0	187	123	183	267	338	111	164	121	262	117	77	325	34	|
|246	289	65	181	175	77	177	269	178	96	342	202	97	169	208	164	300	187	0	168	210	87	157	290	238	171	296	70	206	138	170	|
|275	352	217	224	328	188	63	220	204	187	308	212	131	305	116	118	138	123	168	0	279	255	322	166	275	3	367	120	195	291	141	|
|64	80	259	58	335	133	233	172	386	306	193	90	155	353	376	171	408	183	210	279	0	236	289	276	51	279	90	182	117	307	150	|
|287	307	53	228	102	125	264	338	208	123	400	258	173	117	277	243	383	267	87	255	236	0	71	374	276	257	308	153	270	71	245	|
|345	352	107	290	55	192	334	406	239	166	464	323	244	96	331	314	445	338	157	322	289	71	0	445	334	325	350	224	337	54	315	|
|235	321	352	222	465	264	118	122	370	342	192	186	203	452	272	134	204	111	290	166	276	374	445	0	243	164	341	221	159	428	142	|
|13	81	293	58	377	162	221	130	406	332	142	65	164	391	381	159	395	164	238	275	51	276	334	243	0	274	100	196	89	347	136	|
|274	352	220	224	330	190	61	218	207	190	306	211	132	308	118	117	136	121	171	3	279	257	325	164	274	0	367	122	194	294	140	|
|106	20	339	143	401	220	317	224	473	391	207	163	245	425	467	255	492	262	296	367	90	308	350	341	100	367	0	272	188	377	232	|
|201	261	134	138	245	68	112	204	212	145	281	148	34	237	197	95	258	117	70	120	182	153	224	221	196	122	272	0	146	208	103	|
|85	170	270	65	371	145	136	69	354	291	136	27	113	374	307	77	308	77	206	195	117	270	337	159	89	194	188	146	0	337	54	|
|358	376	75	297	37	193	312	403	187	119	469	327	233	49	285	302	406	325	138	291	307	71	54	428	347	294	377	208	337	0	306	|
|135	215	235	92	342	125	85	101	304	247	182	72	73	339	253	23	260	34	170	141	150	245	315	142	136	140	232	103	54	306	0	|

--------------------------------------------------------------------------------
Building model...
	using lazy and cut (CVRPSEP package)
Solving IRP LP...
--------------------------------------------------------------------------------

Gurobi 9.1.0 (linux64) logging started Sat Jan 23 14:42:50 2021

Gurobi Optimizer version 9.1.0 build v9.1.0rc0 (linux64)
Thread count: 32 physical cores, 32 logical processors, using up to 2 threads
Optimize a model with 1060 rows, 6436 columns and 15454 nonzeros
Model fingerprint: 0xdaeda3f7
Variable types: 484 continuous, 5952 integer (372 binary)
Coefficient statistics:
  Matrix range     [1e+00, 3e+04]
  Objective range  [1e-01, 5e+02]
  Bounds range     [1e+00, 3e+02]
  RHS range        [1e+01, 4e+03]
Presolve removed 124 rows and 31 columns
Presolve time: 0.04s
Presolved: 936 rows, 6405 columns, 14639 nonzeros
Variable types: 453 continuous, 5952 integer (5592 binary)

Root relaxation: objective 9.007851e+03, 1316 iterations, 0.04 seconds

    Nodes    |    Current Node    |     Objective Bounds      |     Work
 Expl Unexpl |  Obj  Depth IntInf | Incumbent    BestBd   Gap | It/Node Time

     0     0 9007.85143    0  107          - 9007.85143      -     -    0s
     0     0 9309.81430    0  143          - 9309.81430      -     -    0s
     0     0 9316.19036    0  131          - 9316.19036      -     -    0s
     0     0 9671.44416    0  179          - 9671.44416      -     -    0s
     0     0 9682.69059    0  181          - 9682.69059      -     -    0s
     0     0 9682.89633    0  186          - 9682.89633      -     -    0s
     0     0 9896.57206    0  187          - 9896.57206      -     -    0s
     0     0 9910.74741    0  196          - 9910.74741      -     -    0s
     0     0 9912.51966    0  180          - 9912.51966      -     -    0s
     0     0 9912.80682    0  190          - 9912.80682      -     -    1s
     0     0 9958.26134    0  243          - 9958.26134      -     -    1s
     0     0 9961.74580    0  243          - 9961.74580      -     -    1s
     0     0 9962.17434    0  222          - 9962.17434      -     -    1s
     0     0 9982.78299    0  210          - 9982.78299      -     -    1s
     0     0 9983.53648    0  217          - 9983.53648      -     -    1s
     0     0 9988.77734    0  286          - 9988.77734      -     -    1s
     0     0 9988.77734    0  252          - 9988.77734      -     -    1s
     0     2 9991.18469    0  226          - 9991.18469      -     -    2s
    28    32 10023.3004   10  330          - 9995.66776      -   374    5s
    77    83 10156.0273   25  233          - 9995.66776      -   332   10s
   136   146 10496.9045   42  179          - 9995.66776      -   296   15s
   249   268 11440.5466   75  107          - 9995.66776      -   217   20s
   469   476 10080.6118   10  318          - 9995.79510      -   145   26s
   529   501 10277.8229   17  283          - 9995.79510      -   149   30s
   564   535 10602.8035   29  237          - 9995.79510      -   164   35s
   609   585 10881.5915   53  241          - 9995.79510      -   173   40s
   701   682 11750.4617   97  165          - 9995.79510      -   184   45s
   771   725 11678.6506   87  276          - 9995.79510      -   181   50s
   793   740 11013.6062   58  418          - 10075.2216      -   176   55s
   802   746 10317.0245   35  405          - 10086.7672      -   174   60s
   806   752 10088.2724   23  356          - 10088.2724      -   188   67s
   808   753 10123.3118   23  297          - 10088.8625      -   189   70s
   818   761 10112.6915   26  332          - 10103.5492      -   193   75s
   843   778 10197.9306   33  184          - 10103.5492      -   198   80s
   909   829 10939.2830   53  189          - 10103.5492      -   205   85s
   972   872 11311.2810   69  237          - 10103.5492      -   212   90s
  1042   928 11401.1165   84  163          - 10103.5492      -   212   95s
  1183  1030 11618.8461  107  134          - 10103.5492      -   211  100s
  1317  1123 11707.9705  130  187          - 10103.5492      -   206  105s
  1454  1222 11888.9151  154  169          - 10103.5492      -   202  110s
  1652  1401 12232.8158  182  107          - 10103.5492      -   192  115s
* 1873  1355             342    14745.010000 10103.5492  31.5%   176  117s
  1919  1417 12806.5399  245    8 14745.0100 10103.5492  31.5%   175  121s
  1980  1479 12997.3623  271   14 14745.0100 10103.5492  31.5%   173  128s
  2049  1488 13451.2131  302   52 14745.0100 10120.8978  31.4%   170  131s
  2114  1503 10181.6699   31  261 14745.0100 10120.8978  31.4%   169  137s
  2136  1497 10249.2537   36  210 14745.0100 10120.8978  31.4%   170  146s
  2155  1543 10313.4689   38  178 14745.0100 10120.8978  31.4%   171  152s
  2190  1557 10379.9732   46  191 14745.0100 10120.8978  31.4%   171  155s
  2216  1571 10404.9236   51  144 14745.0100 10120.8978  31.4%   170  163s
  2276  1610 10647.4168   90  129 14745.0100 10120.8978  31.4%   168  165s
  2402  1782 11043.5576  140   74 14745.0100 10120.8978  31.4%   163  170s
  2654  2042 11021.3398  291   97 14745.0100 10120.8978  31.4%   151  175s
  2863  2148 11776.0765  351   75 14745.0100 10120.8978  31.4%   143  180s
  3159  2257 13160.3614  313   35 14745.0100 10123.4681  31.3%   133  185s
  3281  2299 10278.4127   37  232 14745.0100 10123.4681  31.3%   132  191s
  3315  2362 10437.5871   50  157 14745.0100 10123.4681  31.3%   135  196s
  3351  2366 10463.7648   63   65 14745.0100 10123.4681  31.3%   136  201s
  3404  2463 10617.9541   80  106 14745.0100 10123.4681  31.3%   137  206s
  3488  2599 10849.1800  121    - 14745.0100 10123.4681  31.3%   136  210s
  3854  3031 12259.6445  238   47 14745.0100 10123.4681  31.3%   129  218s
  4030  3221 12443.4200  271    6 14745.0100 10125.6675  31.3%   125  221s
  4330  3261 infeasible  329      14745.0100 10128.9050  31.3%   119  225s
  4542  3450 12402.4428  214   41 14745.0100 10128.9050  31.3%   117  230s
  4736  3654 12647.0531  205   24 14745.0100 10137.8297  31.2%   115  238s
  4800  3708 10703.3514   41  231 14745.0100 10137.8297  31.2%   115  241s
  4854  3805 11296.0456   89  122 14745.0100 10137.8297  31.2%   117  245s
  5060  3954 13662.0500  240    - 14745.0100 10137.9087  31.2%   114  250s
  5220  4299 infeasible  265      14745.0100 10139.4280  31.2%   113  255s
  5614  4572 10487.8469   44  296 14745.0100 10151.9979  31.1%   110  263s
  5850  4701 11815.0125  160   46 14745.0100 10153.8228  31.1%   109  268s
  5999  4858 10253.4519   29  263 14745.0100 10153.8228  31.1%   108  272s
  6171  5004 10364.2522   38  210 14745.0100 10153.8228  31.1%   107  276s
  6317  5257 10537.1002   55  111 14745.0100 10153.8228  31.1%   108  281s
  6593  5451 11559.4199  131   59 14745.0100 10157.3458  31.1%   106  286s
  6810  5540 10310.0226   38  246 14745.0100 10157.3458  31.1%   105  293s
  6913  5623 10416.2453   47  187 14745.0100 10157.3458  31.1%   106  296s
  6996  5881 10654.2892   69  100 14745.0100 10157.3458  31.1%   107  301s
  7272  6254 11050.4074  123   47 14745.0100 10169.2265  31.0%   106  308s
  7714  6635 infeasible  299      14745.0100 10181.6842  30.9%   103  315s
  8113  6883 10429.8650   33  230 14745.0100 10181.9827  30.9%   101  321s
  8408  6983 14508.6200  219    2 14745.0100 10185.9062  30.9%   100  326s
  8544  7195     cutoff  227      14745.0100 10188.6168  30.9%   101  332s
  8787  7309 infeasible  228      14745.0100 10196.9699  30.8%   100  339s
  8910  7639 10958.6833   76   84 14745.0100 10197.9439  30.8%   101  344s
  8982  7639 11485.6927  148   55 14745.0100 10197.9439  30.8%   100  345s
  9265  7689 10334.0153   34  274 14745.0100 10198.5851  30.8%  98.9  350s
  9358  7772 10620.8790   54   56 14745.0100 10198.5851  30.8%   102  355s
  9414  8136 10900.8624   66   97 14745.0100 10200.2584  30.8%   102  360s
  9835  8201 infeasible  199      14745.0100 10201.2985  30.8%   101  367s
  9896  8372 10686.4898   38  243 14745.0100 10201.4784  30.8%   101  372s
 10106  8485 10638.5659   42  172 14745.0100 10201.4955  30.8%   101  377s
 10211  8947 11012.7348   74  106 14745.0100 10204.0485  30.8%   102  385s
 10875  9099     cutoff  237      14745.0100 10206.1607  30.8%  99.0  392s
 10997  9171 infeasible  235      14745.0100 10207.6524  30.8%  99.3  397s
 11069  9434 10905.5534   52  232 14745.0100 10211.2446  30.7%   100  402s
 11360  9491 10414.1273   35  289 14745.0100 10212.0284  30.7%   100  408s
 11432  9604 10673.0309   42  190 14745.0100 10212.0284  30.7%   101  413s
 11557  9825 11515.4453   55  123 14745.0100 10213.3775  30.7%   101  418s
 11818  9964 10460.3062   34  338 14745.0100 10213.3784  30.7%   101  423s
 11954 10255 11271.1697   69   79 14745.0100 10214.2348  30.7%   102  429s
 12137 10260 14551.3300  243    6 14745.0100 10214.2348  30.7%   101  430s
 12299 10438     cutoff  247      14745.0100 10218.0601  30.7%   101  435s
 12514 10479 14679.9000  247    - 14745.0100 10219.5034  30.7%   101  440s
 12564 10499 infeasible  247      14745.0100 10221.3395  30.7%   102  445s
 12588 10587 10382.1412   28  341 14745.0100 10221.3395  30.7%   102  450s
 12676 10704 10679.7708   36  202 14745.0100 10221.3395  30.7%   103  455s
 12818 10778 10692.2924   38  200 14745.0100 10221.3395  30.7%   102  460s
 12892 10979 11290.2969   52  188 14745.0100 10221.3395  30.7%   103  466s
 13093 11213 12573.4537   79   76 14745.0100 10221.9100  30.7%   104  472s
 13413 11260 10515.9665   33  376 14745.0100 10221.9115  30.7%   103  478s
 13451 11368 11203.4235   56   74 14745.0100 10223.3987  30.7%   103  483s
 13584 11489 14640.5957  169   13 14745.0100 10223.4835  30.7%   103  488s
 13704 11585 11904.7299  126   83 14745.0100 10225.6165  30.7%   103  495s
 13810 11801 11175.8032   62   79 14745.0100 10226.5030  30.6%   103  501s
 14061 11908 14048.2213  147   28 14745.0100 10232.7833  30.6%   103  507s
 14190 12053     cutoff  190      14745.0100 10234.1474  30.6%   103  513s
 14346 12387 10726.9050   38  157 14745.0100 10234.1474  30.6%   104  521s
 14779 12466 12488.9163   78   26 14745.0100 10235.0388  30.6%   103  532s
 14885 12572     cutoff  112      14745.0100 10235.9287  30.6%   103  537s
 14981 12630 10917.0904   47  168 14745.0100 10235.9287  30.6%   104  545s
 15050 12791 10938.7179   48  152 14745.0100 10235.9287  30.6%   104  550s
 15211 12976 12191.2414  144   52 14745.0100 10236.4764  30.6%   104  556s
 15443 13120 13680.4100  195    - 14745.0100 10237.9494  30.6%   103  562s
 15599 13305 13609.3700  195   28 14745.0100 10239.5246  30.6%   104  568s
 15813 13465 14197.5900  219    - 14745.0100 10239.8185  30.6%   104  574s
 15844 13466 11187.5300   49  139 14745.0100 10239.8830  30.6%   104  575s
*16075 13533             220    14505.590000 10243.7524  29.4%   104  584s
 16209 13533 13643.5521  141   26 14505.5900 10244.0183  29.4%   104  585s
 16316 13681 11948.2906  139   49 14505.5900 10244.9061  29.4%   104  590s
 16414 13880 10533.6326   32  252 14505.5900 10244.9061  29.4%   104  595s
 16613 14110 11415.0510   57  188 14505.5900 10244.9090  29.4%   104  602s
 16921 14395 10353.8862   36  273 14505.5900 10245.7801  29.4%   104  611s
 17329 14483 10569.8929   50  217 14505.5900 10245.7801  29.4%   103  617s
 17379 14543 10780.8138   55  206 14505.5900 10245.7801  29.4%   104  621s
 17446 14668 10955.7756   70  156 14505.5900 10245.7801  29.4%   104  626s
 17573 14894 11670.0260  109   95 14505.5900 10245.7801  29.4%   105  638s
 17813 14992 12149.8242  163   56 14505.5900 10248.9840  29.3%   105  645s
 17950 15131 10670.4768   33  343 14505.5900 10248.9840  29.3%   105  651s
 18120 15327 11304.2692   54  227 14505.5900 10253.0806  29.3%   105  657s
 18342 15395     cutoff  243      14505.5900 10253.4139  29.3%   105  663s
*18344 15274             240    14346.730000 10253.4139  28.5%   105  663s
 18414 15334 14285.2700  240    - 14346.7300 10254.4689  28.5%   106  668s
 18490 15406     cutoff  240      14346.7300 10254.6678  28.5%   106  673s
H18491 15392                    14325.850000 10254.6678  28.4%   106  673s
 18575 15508 10733.2797   44  251 14325.8500 10254.7318  28.4%   106  678s
 18709 15703 13576.7600  142    - 14325.8500 10255.0203  28.4%   107  685s
*18942 15669             181    14248.780000 10255.6971  28.0%   106  691s
 18987 15822 10525.5110   37  307 14248.7800 10255.9617  28.0%   107  696s
 19143 15934 11372.0146   84  181 14248.7800 10256.2195  28.0%   107  702s
 19283 16245 11002.0583   48  158 14248.7800 10256.6377  28.0%   107  709s
 19429 16245 13932.9175  192    9 14248.7800 10256.6377  28.0%   106  710s
 19653 16290     cutoff  205      14248.7800 10258.3411  28.0%   106  716s
 19703 16465 10754.1862   43  234 14248.7800 10259.3363  28.0%   107  721s
 19893 16628 11288.8955   80  136 14248.7800 10259.8131  28.0%   107  728s
 20081 16701     cutoff  211      14248.7800 10260.4607  28.0%   106  734s
H20084 16465                    14037.100000 10260.4607  26.9%   106  734s
 20169 16587 10984.1298   49  234 14037.1000 10261.4314  26.9%   107  740s
 20329 16625     cutoff  154      14037.1000 10262.7612  26.9%   107  746s
 20374 16744 10888.1618   54  167 14037.1000 10263.2991  26.9%   108  751s
 20516 16770 10505.0749   27  230 14037.1000 10263.3433  26.9%   108  756s
H20530 16600                    13938.220000 10263.3433  26.4%   108  756s
 20544 16755 10991.1043   39  179 13938.2200 10264.1262  26.4%   108  762s
 20749 16817 12459.0167  120   17 13938.2200 10264.7950  26.4%   108  768s
 20881 16882     cutoff  138      13938.2200 10266.1631  26.3%   108  773s
 20927 17009 10797.1262   50  176 13938.2200 10266.2599  26.3%   109  778s
 21064 17082 12140.5979  156   60 13938.2200 10266.5036  26.3%   109  784s
 21165 17145     cutoff  198      13938.2200 10267.1288  26.3%   110  790s
 21278 17290 10871.0768   53  195 13938.2200 10267.2616  26.3%   110  795s
 21453 17329     cutoff  176      13938.2200 10267.9712  26.3%   110  800s
*21454 17094             176    13784.940000 10267.9712  25.5%   110  800s
*21455 17090             175    13783.380000 10267.9712  25.5%   110  800s
*21458 17086             173    13776.060000 10267.9712  25.5%   110  800s
*21459 17082             173    13774.940000 10267.9712  25.5%   110  800s
 21502 17286 11111.2456   42  205 13774.9400 10268.7772  25.5%   110  807s
 21755 17329 infeasible  148      13774.9400 10269.8818  25.4%   110  812s
H21796 17519                    13773.060000 10270.8667  25.4%   111  819s
 21837 17519 11582.4401   73   30 13773.0600 10271.6864  25.4%   111  820s
 22036 17653 infeasible  162      13773.0600 10272.1300  25.4%   111  826s
 22185 17744 11265.0815   65  197 13773.0600 10274.4503  25.4%   111  832s
 22296 17785 10645.0311   34  246 13773.0600 10275.3690  25.4%   111  837s
 22337 17959 11098.9477   48  258 13773.0600 10275.4525  25.4%   111  842s
 22542 18016     cutoff  153      13773.0600 10277.6637  25.4%   111  848s
 22604 18190 10478.8669   48  318 13773.0600 10278.1846  25.4%   112  854s
 22650 18190 11389.2188   81   46 13773.0600 10278.1846  25.4%   112  855s
 22805 18313 10692.1054   56  326 13773.0600 10278.1846  25.4%   112  860s
 22945 18497 11140.2465   84   29 13773.0600 10279.3413  25.4%   112  866s
 23207 18531 infeasible  137      13773.0600 10279.6350  25.4%   111  872s
 23228 18558 10867.1708   32  245 13773.0600 10279.6350  25.4%   112  877s
 23255 18619 10921.6506   41  165 13773.0600 10279.6350  25.4%   113  882s
 23316 18730 11257.1813   64   59 13773.0600 10280.1240  25.4%   113  889s
 23457 18818 13424.3571  120    4 13773.0600 10280.7700  25.4%   114  894s
 23546 18952 13668.3275  123   41 13773.0600 10281.1241  25.4%   114  901s
 23730 19023 10833.3921   45  336 13773.0600 10283.1137  25.3%   114  907s
 23795 19211 11475.3089   83  154 13773.0600 10283.1922  25.3%   114  914s
 23939 19218 13411.5600  217    - 13773.0600 10283.1922  25.3%   114  915s
 24003 19449     cutoff  219      13773.0600 10283.2489  25.3%   114  922s
 24316 19552 10689.9483   52  277 13773.0600 10283.4083  25.3%   114  929s
 24352 19552 11525.1140   88  106 13773.0600 10283.4083  25.3%   114  930s
 24412 19705 12078.0484  124   91 13773.0600 10283.6357  25.3%   114  936s
 24594 19784 10908.3464   38  254 13773.0600 10286.0201  25.3%   114  943s
*24691 19754             225    13750.400000 10286.2387  25.2%   114  943s
*24692 19751             224    13746.400000 10286.2387  25.2%   114  943s
 24722 19847 10541.5611   33  292 13746.4000 10286.2387  25.2%   114  949s
 24828 20009 11207.8784   58  128 13746.4000 10286.7024  25.2%   115  956s
 25035 20234 10655.6375   37  259 13746.4000 10286.7675  25.2%   114  964s
 25166 20234 11585.7750  107    4 13746.4000 10286.7675  25.2%   114  965s
 25296 20301 10895.1092   52  204 13746.4000 10286.7675  25.2%   114  970s
 25369 20446 11066.1974   67  177 13746.4000 10286.7675  25.2%   115  976s
 25515 20709 11956.7356  144   49 13746.4000 10287.2871  25.2%   115  983s
 25817 20715 13615.9700  128    - 13746.4000 10287.3498  25.2%   114  985s
 25837 20801 10769.5075   36  293 13746.4000 10287.3498  25.2%   114  990s
 25937 20887 11697.5629   98   73 13746.4000 10287.7843  25.2%   115  995s
 26044 21027     cutoff  160      13746.4000 10288.3205  25.2%   115 1003s
 26249 21140 10695.9202   31  339 13746.4000 10288.3205  25.2%   115 1010s
 26364 21251 11610.0051   71   72 13746.4000 10288.5021  25.2%   115 1016s
 26499 21302     cutoff  160      13746.4000 10288.6317  25.2%   115 1022s
 26542 21538 11164.1297   54  212 13746.4000 10288.7328  25.2%   116 1028s
 26723 21538 13312.8760  234   36 13746.4000 10288.7328  25.2%   116 1030s
 26799 21671 10447.3420   41  238 13746.4000 10288.7328  25.2%   116 1036s
 26932 21832 11426.4378   69  151 13746.4000 10289.0734  25.2%   116 1043s
 27153 21944 10582.7399   37  288 13746.4000 10289.0856  25.2%   116 1049s
 27258 22077 11542.4939   82  147 13746.4000 10289.3017  25.1%   116 1055s
 27413 22227 12793.8100  160   26 13746.4000 10290.0664  25.1%   117 1061s
 27598 22317 13674.0681  195   28 13746.4000 10290.3161  25.1%   116 1068s
 27694 22361 10723.1943   33  231 13746.4000 10290.8521  25.1%   117 1073s
 27736 22485 11340.6150   47  131 13746.4000 10291.2402  25.1%   117 1080s
 27874 22595     cutoff   93      13746.4000 10291.3604  25.1%   118 1088s
 27992 22750 11057.1949   52  104 13746.4000 10291.7705  25.1%   118 1095s
 28183 22863     cutoff  139      13746.4000 10291.9947  25.1%   118 1102s
 28317 23076 11012.9668   43  196 13746.4000 10292.1895  25.1%   118 1109s
 28476 23076 11924.2049  108   22 13746.4000 10292.1895  25.1%   118 1110s
 28546 23162 12594.8897  130   28 13746.4000 10292.4085  25.1%   118 1115s
 28649 23327 10695.6695   44  260 13746.4000 10292.5002  25.1%   118 1122s
 28814 23506 13167.3381  188   26 13746.4000 10292.7644  25.1%   118 1137s
*28838 22749             212    13462.260000 10292.7644  23.5%   118 1137s
 29016 22836 10939.9194   51   80 13462.2600 10293.4487  23.5%   118 1146s
 29140 22910 10748.3604   41  182 13462.2600 10293.4487  23.5%   118 1152s
 29201 23083 11293.6666   51  189 13462.2600 10293.5839  23.5%   118 1159s
 29449 23134     cutoff  106      13462.2600 10294.7646  23.5%   118 1164s
 29490 23271 10706.0617   44  281 13462.2600 10295.0476  23.5%   119 1170s
 29627 23425 11896.5441  120   59 13462.2600 10295.1732  23.5%   119 1176s
 29808 23573 10883.3376   51  232 13462.2600 10295.9965  23.5%   119 1184s
 29844 23573 11134.2972   87  116 13462.2600 10295.9965  23.5%   119 1185s
 29985 23688     cutoff  157      13462.2600 10296.4151  23.5%   119 1192s
 30136 23774 10785.0580   46  320 13462.2600 10296.4568  23.5%   119 1198s
 30225 23891 11265.2513   78  192 13462.2600 10298.6754  23.5%   119 1204s
 30269 23891 12359.0909  122   72 13462.2600 10298.6754  23.5%   119 1205s
 30368 23999 10440.7258   29  396 13462.2600 10298.8763  23.5%   119 1211s
 30495 24199 11017.6761   58  185 13462.2600 10300.0194  23.5%   119 1218s
 30723 24327 10465.2089   37  299 13462.2600 10300.0474  23.5%   119 1225s
 30867 24450 11298.5737   79  112 13462.2600 10300.6171  23.5%   119 1231s
 30999 24663 11093.1472   57  105 13462.2600 10301.4585  23.5%   119 1238s
 31259 24693     cutoff  146      13462.2600 10301.9037  23.5%   119 1244s
 31294 24728 10461.1450   44  264 13462.2600 10302.2948  23.5%   120 1249s
 31329 24823 10902.9469   57  118 13462.2600 10302.2948  23.5%   120 1255s
 31424 25033 11641.4777  104   36 13462.2600 10302.7893  23.5%   120 1264s
 31647 25054 11949.4792  143   10 13462.2600 10302.8597  23.5%   120 1265s
 31698 25138 12682.8851  147   30 13462.2600 10304.4659  23.5%   120 1270s
 31818 25193 infeasible  151      13462.2600 10304.9905  23.5%   120 1275s
 31882 25312 infeasible  158      13462.2600 10306.5135  23.4%   121 1282s
 32034 25437 11025.8685   51  231 13462.2600 10306.9157  23.4%   121 1289s
 32070 25437 11558.0700   87   77 13462.2600 10306.9157  23.4%   121 1290s
 32178 25592     cutoff  159      13462.2600 10307.9057  23.4%   121 1297s
 32348 25799 10990.8221   55  127 13462.2600 10308.0146  23.4%   121 1305s
 32657 26015 13200.9607  141   23 13462.2600 10308.4461  23.4%   121 1314s
 32808 26020 11850.7374  119   15 13462.2600 10308.5611  23.4%   121 1315s
 32876 26054     cutoff  131      13462.2600 10308.5861  23.4%   121 1320s
H32881 25448                    13307.060000 10308.5861  22.5%   121 1320s
 32916 25525 10811.4778   53  247 13307.0600 10308.6409  22.5%   121 1326s
*32980 25302             141    13261.380000 10308.6409  22.3%   121 1326s
 32996 25474 12123.5403  116   60 13261.3800 10309.0136  22.3%   121 1333s
 33203 25597 10819.4591   54  177 13261.3800 10309.8372  22.3%   121 1341s
 33346 25629 10523.2331   34  213 13261.3800 10309.8951  22.3%   121 1346s
 33378 25822 10790.7165   49  219 13261.3800 10309.8951  22.3%   122 1356s
 33596 25902 11067.7199   67  141 13261.3800 10309.8951  22.3%   122 1363s
 33680 26008 11806.3664  117   82 13261.3800 10310.8366  22.2%   122 1369s
 33811 26036     cutoff  157      13261.3800 10311.5277  22.2%   122 1374s
 33848 26138 10436.1696   39  361 13261.3800 10311.5277  22.2%   122 1381s
 33969 26345 10936.2252   58  184 13261.3800 10312.8986  22.2%   123 1389s
 34041 26345 11869.0073  130   13 13261.3800 10312.8986  22.2%   123 1390s
 34197 26438 13223.8800  236    - 13261.3800 10312.9591  22.2%   122 1397s
 34312 26526 infeasible  236      13261.3800 10313.4803  22.2%   123 1403s
 34403 26671 10636.3720   38  308 13261.3800 10313.4911  22.2%   123 1411s
 34615 26717 10842.9478   47  216 13261.3800 10313.4911  22.2%   123 1418s
 34666 26959 11018.0246   59  181 13261.3800 10314.6863  22.2%   123 1425s
 34968 26989 infeasible  189      13261.3800 10314.9138  22.2%   123 1431s
 34993 27036 10677.3416   38  366 13261.3800 10314.9192  22.2%   123 1437s
 35040 27219 11025.0141   56  257 13261.3800 10315.6465  22.2%   123 1443s
 35278 27261     cutoff  155      13261.3800 10316.1279  22.2%   123 1450s
 35319 27363 11124.9035   51  222 13261.3800 10316.1973  22.2%   123 1455s
 35448 27548     cutoff  121      13261.3800 10316.2553  22.2%   123 1464s
 35634 27594 10959.7517   53  224 13261.3800 10316.2553  22.2%   124 1470s
 35716 27689 11810.8396   81  184 13261.3800 10316.9307  22.2%   124 1477s
 35829 27747 10727.5599   34  263 13261.3800 10316.9307  22.2%   124 1483s
 35887 27848 11084.8659   47  233 13261.3800 10316.9307  22.2%   124 1489s
 36003 27937 11737.0520   85   97 13261.3800 10317.0498  22.2%   124 1495s
H36109 27951                    13250.080000 10317.3403  22.1%   124 1501s
 36172 28088 11103.7549   72  158 13250.0800 10317.9160  22.1%   125 1508s
 36338 28129 10631.6401   40  263 13250.0800 10318.0165  22.1%   125 1513s
 36382 28250 11179.0863   68  150 13250.0800 10318.0866  22.1%   125 1521s
 36528 28316 10708.4881   36  221 13250.0800 10318.0866  22.1%   125 1527s
 36600 28473 11291.0921   55  200 13250.0800 10318.0866  22.1%   125 1535s
 36789 28623 11952.8134  100   73 13250.0800 10318.1645  22.1%   125 1543s
 36955 28736 12817.6169  128   46 13250.0800 10318.2472  22.1%   125 1551s
 37091 28781     cutoff  129      13250.0800 10318.4823  22.1%   125 1556s
 37142 28942 11065.7424   39  235 13250.0800 10318.4823  22.1%   126 1564s
 37353 29036 11835.7849   79   76 13250.0800 10318.9026  22.1%   126 1571s
 37474 29080 13103.2117  122   11 13250.0800 10319.3205  22.1%   126 1577s
 37523 29188 10815.3160   43  329 13250.0800 10319.3205  22.1%   126 1583s
 37643 29306 11149.9596   55  207 13250.0800 10319.3205  22.1%   126 1591s
 37778 29370 12457.6405  124   85 13250.0800 10320.0819  22.1%   127 1597s
 37899 29426     cutoff  152      13250.0800 10320.6051  22.1%   127 1602s
 37949 29545 11318.5359   51  215 13250.0800 10321.0754  22.1%   127 1608s
 38119 29609     cutoff  110      13250.0800 10322.8074  22.1%   127 1614s
 38193 29713 11075.2331   54  233 13250.0800 10323.1891  22.1%   127 1620s
*38281 27332             138    12879.890000 10323.3968  19.8%   127 1621s
 38307 27471 10539.8899   35  281 12879.8900 10323.3968  19.8%   127 1628s
 38503 27531 10712.4120   43  336 12879.8900 10323.3968  19.8%   127 1634s
 38572 27715 11174.5586   69   43 12879.8900 10323.5174  19.8%   128 1641s
 38792 27755     cutoff  192      12879.8900 10323.8475  19.8%   128 1647s
H38801 27738                    12877.130000 10323.8475  19.8%   128 1648s
 38832 27870 10791.9074   31  225 12877.1300 10323.8475  19.8%   128 1654s
 38966 27935 11072.8983   37  235 12877.1300 10323.8475  19.8%   128 1660s
 39046 27956 11335.3432   41  178 12877.1300 10323.8475  19.8%   128 1666s
 39067 28065 11311.7609   46  227 12877.1300 10323.8475  19.8%   129 1672s
 39202 28114 infeasible   61      12877.1300 10325.2863  19.8%   129 1679s
 39265 28214 10937.3723   34  216 12877.1300 10325.2863  19.8%   129 1684s
 39320 28214 11858.3973   91    9 12877.1300 10325.2863  19.8%   129 1685s
 39384 28285 11182.2996   53  197 12877.1300 10325.2863  19.8%   129 1691s
 39453 28348 12521.7262  114   83 12877.1300 10325.8423  19.8%   130 1696s
 39525 28563 11124.6777   51  234 12877.1300 10326.5987  19.8%   130 1703s
 39776 28601 10723.4993   43  255 12877.1300 10327.2275  19.8%   130 1709s
 39815 28682 11373.6310   68  185 12877.1300 10327.4693  19.8%   130 1715s
 39908 28760 10672.9744   36  257 12877.1300 10327.4693  19.8%   130 1720s
 39999 28828 11137.2664   47  235 12877.1300 10327.4693  19.8%   130 1726s
 40067 28988 11838.6182   91   69 12877.1300 10327.7463  19.8%   131 1733s
 40251 29052 11150.6384   43  174 12877.1300 10327.9826  19.8%   131 1741s
 40316 29108 12594.0304  100   62 12877.1300 10328.6458  19.8%   131 1746s
 40384 29251 10959.3407   55  238 12877.1300 10328.6570  19.8%   131 1753s
 40556 29283 10698.8017   34  249 12877.1300 10328.8660  19.8%   131 1759s
 40588 29344 11039.7568   44  204 12877.1300 10328.8660  19.8%   131 1765s
 40649 29565 11452.5185   70  161 12877.1300 10328.8934  19.8%   132 1779s
 40757 29566 infeasible  130      12877.1300 10328.8934  19.8%   132 1780s
 40912 29611 infeasible  131      12877.1300 10329.0705  19.8%   132 1790s
 40969 29693 11156.6861   57  232 12877.1300 10329.1439  19.8%   132 1799s
 41088 29722     cutoff  134      12877.1300 10329.2833  19.8%   132 1806s
 41111 29802 10668.7577   39  299 12877.1300 10329.2833  19.8%   132 1812s
 41216 29910 11106.8948   56  263 12877.1300 10329.2833  19.8%   133 1820s
 41335 29996     cutoff  150      12877.1300 10329.4984  19.8%   133 1826s
 41428 30052 10958.0613   45  169 12877.1300 10329.4984  19.8%   133 1833s
 41515 30169 11213.6561   57   66 12877.1300 10329.9597  19.8%   133 1841s
 41656 30293 10526.1617   32  263 12877.1300 10329.9597  19.8%   133 1848s
H41657 29968                    12834.850000 10329.9597  19.5%   133 1848s
 41781 30187 12392.0935   71   56 12834.8500 10330.4416  19.5%   134 1855s
 42079 30219 10735.8395   48  300 12834.8500 10330.9365  19.5%   133 1861s
 42103 30363 11005.8705   66  179 12834.8500 10331.1771  19.5%   134 1869s
 42269 30495     cutoff  159      12834.8500 10331.1794  19.5%   134 1876s
