




arguments: ./build/mirp_solver -f ./input/orig_exec_337.cfg
Current dir: /scratch/gui/bnc_mirp
File verbosity level: 9
date       time         ( uptime  ) [ thread name/id ]                   file:line     v| 
2021-01-23 11:49:50.672 (   0.230s) [main thread     ]             loguru.cpp:789   INFO| Logging to './output/vi_lex_half/OU/V4/Original/execution_23_01_2021_11_49_50.log', mode: 'a', verbosity: 9
--------------------------------------------------------------------------------
Parameters
                           instance_path           ./input/Instances/Original/2/
                            model_policy                                       1
                             nb_vehicles                                       4
                              output_dir    ./output/vi_lex_half/OU/V4/Original/
                            sec_strategy                                       1
                       solver_nb_threads                                       2
                         solver_show_log                                    true
                       solver_time_limit                                    3600
                              use_vi_cos                                   false
                              use_vi_cus                                   false
                         use_vi_hc1_full                                   false
                         use_vi_hc1_half                                   false
                      use_vi_hc1_quarter                                   false
                              use_vi_hc2                                   false
                              use_vi_hc3                                   false
                         use_vi_lex_full                                   false
                         use_vi_lex_half                                    true
                      use_vi_lex_quarter                                   false
                              use_vi_qua                                   false
                               use_vi_vc                                   false
                               use_vi_vr                                   false
--------------------------------------------------------------------------------
executing instance: ./input/Instances/Original/2/absH3high_3n40.dat
--------------------------------------------------------------------------------
Instance details
n	41
H	3
C	3283
Li:
[0, 0, 0, 0, 0, 0, 0, 0, 0, 0, 0, 0, 0, 0, 0, 0, 0, 0, 0, 0, 0, 0, 0, 0, 0, 0, 0, 0, 0, 0, 0, 0, 0, 0, 0, 0, 0, 0, 0, 0, 0, ]
Ui:
[0, 63, 111, 99, 96, 111, 282, 122, 156, 261, 42, 192, 126, 42, 162, 207, 159, 122, 102, 190, 118, 102, 132, 102, 165, 252, 66, 52, 22, 114, 210, 176, 116, 294, 78, 152, 210, 45, 130, 198, 174, ]
Distance matrix:
|0	208	225	252	227	143	258	127	267	150	28	83	163	286	57	149	201	137	214	255	70	73	107	186	328	266	249	343	222	177	293	144	262	215	167	120	169	218	143	173	255	|
|208	0	397	355	416	198	216	99	211	275	193	172	97	166	240	225	362	109	277	314	182	216	273	374	298	208	319	161	14	103	93	120	58	196	152	156	372	227	260	218	453	|
|225	397	0	427	53	364	482	343	492	129	253	225	382	386	171	188	39	291	187	195	295	182	282	55	326	491	180	551	408	315	457	366	455	275	392	244	221	439	341	214	101	|
|252	355	427	0	401	158	201	263	219	396	234	328	259	498	299	400	420	354	465	506	205	324	152	374	574	219	499	393	366	389	446	235	378	456	205	359	224	150	111	423	400	|
|227	416	53	401	0	357	477	352	489	165	253	245	389	424	179	223	85	315	234	245	293	200	264	42	375	488	231	565	428	344	484	370	474	314	392	270	184	430	325	252	50	|
|143	198	364	158	357	0	121	105	134	290	116	196	103	342	200	276	343	205	343	385	74	210	112	319	432	133	382	265	209	237	290	78	226	313	57	220	232	75	69	292	375	|
|258	216	482	201	477	121	0	168	18	397	230	293	135	381	314	372	459	275	437	480	188	317	228	439	501	18	479	197	222	296	290	132	212	386	95	306	347	58	173	381	496	|
|127	99	343	263	352	105	168	0	171	239	105	130	40	237	173	206	313	109	270	312	84	164	175	310	337	169	313	216	112	135	192	37	142	220	77	138	280	155	162	213	382	|
|267	211	492	219	489	134	18	171	0	404	240	298	136	376	323	376	468	276	441	483	198	324	243	450	500	2	483	181	215	294	281	136	202	386	102	309	363	75	189	384	509	|
|150	275	129	396	165	290	397	239	404	0	175	110	279	259	97	59	91	166	84	116	217	80	245	130	226	402	106	434	286	187	329	269	333	149	302	119	244	364	291	87	213	|
|28	193	253	234	253	116	230	105	240	175	0	94	139	286	84	167	229	136	234	275	43	96	98	212	341	238	271	320	206	175	281	118	244	225	140	128	180	191	124	189	280	|
|83	172	225	328	245	196	293	130	298	110	94	0	169	209	77	80	191	71	147	189	127	45	189	203	247	296	187	327	184	106	241	162	230	132	198	38	242	266	217	96	285	|
|163	97	382	259	389	103	135	40	136	279	139	169	0	253	212	244	353	141	307	349	110	203	194	347	366	133	350	183	107	161	187	27	124	251	56	175	306	133	169	249	418	|
|286	166	386	498	424	342	381	237	376	259	286	209	253	0	284	201	347	151	210	230	299	247	383	387	155	374	242	290	162	112	129	270	192	113	308	172	451	386	391	172	471	|
|57	240	171	299	179	200	314	173	323	97	84	77	212	284	0	112	145	147	170	208	127	38	148	137	299	321	201	386	253	183	315	195	297	195	222	112	171	275	195	142	214	|
|149	225	188	400	223	276	372	206	376	59	167	80	244	201	112	0	149	117	67	110	205	78	254	186	187	374	108	387	235	132	272	240	283	93	277	71	279	346	291	32	270	|
|201	362	39	420	85	343	459	313	468	91	229	191	353	347	145	149	0	254	149	160	272	150	271	66	290	466	146	518	373	278	419	339	420	235	367	207	227	418	327	175	135	|
|137	109	291	354	315	205	275	109	276	166	136	71	141	151	147	117	254	0	172	212	151	116	232	273	229	274	215	270	119	39	170	145	167	111	186	47	305	263	245	113	356	|
|214	277	187	465	234	343	437	270	441	84	234	147	307	210	170	67	149	172	0	42	272	141	317	205	144	439	43	437	284	175	307	305	331	99	343	132	327	413	357	60	283	|
|255	314	195	506	245	385	480	312	483	116	275	189	349	230	208	110	160	212	42	0	314	182	356	222	132	481	15	474	321	212	337	347	367	126	385	174	358	455	398	100	295	|
|70	182	295	205	293	74	188	84	198	217	43	127	110	299	127	205	272	151	272	314	0	137	91	253	370	196	310	292	195	188	274	85	226	252	99	155	197	148	94	223	316	|
|73	216	182	324	200	210	317	164	324	80	96	45	203	247	38	78	150	116	141	182	137	0	176	158	263	323	176	369	229	150	286	191	274	157	223	77	208	284	216	106	239	|
|107	273	282	152	264	112	228	175	243	245	98	189	194	383	148	254	271	232	317	356	91	176	0	231	435	242	349	371	286	271	365	167	315	321	164	224	120	174	61	280	274	|
|186	374	55	374	42	319	439	310	450	130	212	203	347	387	137	186	66	273	205	222	253	158	231	0	348	448	208	523	386	303	442	329	431	279	352	229	167	392	291	217	85	|
|328	298	326	574	375	432	501	337	500	226	341	247	366	155	299	187	290	229	144	132	370	263	435	348	0	498	147	441	299	206	283	374	338	119	414	215	465	492	463	157	425	|
|266	208	491	219	488	133	18	169	2	402	238	296	133	374	321	374	466	274	439	481	196	323	242	448	498	0	481	180	213	292	278	134	200	384	100	307	362	75	188	381	508	|
|249	319	180	499	231	382	479	313	483	106	271	187	350	242	201	108	146	215	43	15	310	176	349	208	147	481	0	480	326	217	346	347	373	135	385	175	347	454	392	103	280	|
|343	161	551	393	565	265	197	216	181	434	320	327	183	290	386	387	518	270	437	474	292	369	371	523	441	180	480	0	153	263	163	207	107	352	208	317	487	244	334	379	598	|
|222	14	408	366	428	209	222	112	215	286	206	184	107	162	253	235	373	119	284	321	195	229	286	386	299	213	326	153	0	109	81	132	48	201	162	167	386	236	272	226	466	|
|177	103	315	389	344	237	296	135	294	187	175	106	161	112	183	132	278	39	175	212	188	150	271	303	206	292	217	263	109	0	142	171	156	95	211	74	344	289	281	118	386	|
|293	93	457	446	484	290	290	192	281	329	281	241	187	129	315	272	419	170	307	337	274	286	365	442	283	278	346	163	81	142	0	212	79	211	241	214	461	311	353	254	525	|
|144	120	366	235	370	78	132	37	136	269	118	162	27	270	195	240	339	145	305	347	85	191	167	329	374	134	347	207	132	171	212	0	151	257	40	174	280	119	142	248	398	|
|262	58	455	378	474	226	212	142	202	333	244	230	124	192	297	283	420	167	331	367	226	274	315	431	338	200	373	107	48	156	79	151	0	245	173	214	421	237	293	273	510	|
|215	196	275	456	314	313	386	220	386	149	225	132	251	113	195	93	235	111	99	126	252	157	321	279	119	384	135	352	201	95	211	257	245	0	297	97	365	374	345	62	362	|
|167	152	392	205	392	57	95	77	102	302	140	198	56	308	222	277	367	186	343	385	99	223	164	352	414	100	385	208	162	211	241	40	173	297	0	213	283	79	126	287	415	|
|120	156	244	359	270	220	306	138	309	119	128	38	175	172	112	71	207	47	132	174	155	77	224	229	215	307	175	317	167	74	214	174	214	97	213	0	280	286	248	75	313	|
|169	372	221	224	184	232	347	280	363	244	180	242	306	451	171	279	227	305	327	358	197	208	120	167	465	362	347	487	386	344	461	280	421	365	283	280	0	291	175	310	176	|
|218	227	439	150	430	75	58	155	75	364	191	266	133	386	275	346	418	263	413	455	148	284	174	392	492	75	454	244	236	289	311	119	237	374	79	286	291	0	116	359	445	|
|143	260	341	111	325	69	173	162	189	291	124	217	169	391	195	291	327	245	357	398	94	216	61	291	463	188	392	334	272	281	353	142	293	345	126	248	175	116	0	313	335	|
|173	218	214	423	252	292	381	213	384	87	189	96	249	172	142	32	175	113	60	100	223	106	280	217	157	381	103	379	226	118	254	248	273	62	287	75	310	359	313	0	300	|
|255	453	101	400	50	375	496	382	509	213	280	285	418	471	214	270	135	356	283	295	316	239	274	85	425	508	280	598	466	386	525	398	510	362	415	313	176	445	335	300	0	|

--------------------------------------------------------------------------------
Building model...
	using lazy and cut (CVRPSEP package)
Solving IRP LP...
--------------------------------------------------------------------------------

Gurobi 9.1.0 (linux64) logging started Sat Jan 23 11:49:50 2021

Gurobi Optimizer version 9.1.0 build v9.1.0rc0 (linux64)
Thread count: 32 physical cores, 32 logical processors, using up to 2 threads
Optimize a model with 1400 rows, 10976 columns and 25394 nonzeros
Model fingerprint: 0x7d01762c
Variable types: 644 continuous, 10332 integer (492 binary)
Coefficient statistics:
  Matrix range     [1e+00, 1e+06]
  Objective range  [1e-01, 6e+02]
  Bounds range     [1e+00, 3e+02]
  RHS range        [1e+01, 6e+03]
Presolve removed 164 rows and 41 columns
Presolve time: 0.06s
Presolved: 1236 rows, 10935 columns, 24309 nonzeros
Variable types: 603 continuous, 10332 integer (9852 binary)

Root relaxation: objective 1.235839e+04, 1576 iterations, 0.06 seconds

    Nodes    |    Current Node    |     Objective Bounds      |     Work
 Expl Unexpl |  Obj  Depth IntInf | Incumbent    BestBd   Gap | It/Node Time

     0     0 12358.3927    0  138          - 12358.3927      -     -    0s
     0     0 12853.5549    0  139          - 12853.5549      -     -    0s
     0     0 12883.1827    0  121          - 12883.1827      -     -    0s
     0     0 13389.7780    0  255          - 13389.7780      -     -    1s
     0     0 13515.9160    0  233          - 13515.9160      -     -    1s
     0     0 13515.9160    0  238          - 13515.9160      -     -    1s
     0     0 13651.4987    0  250          - 13651.4987      -     -    1s
     0     0 13668.5868    0  251          - 13668.5868      -     -    1s
     0     0 13669.0315    0  269          - 13669.0315      -     -    2s
     0     0 13718.5795    0  260          - 13718.5795      -     -    2s
     0     0 13728.5488    0  273          - 13728.5488      -     -    2s
     0     0 13732.5196    0  271          - 13732.5196      -     -    2s
     0     0 13733.0647    0  270          - 13733.0647      -     -    2s
     0     0 13773.8238    0  349          - 13773.8238      -     -    3s
     0     0 13788.1245    0  334          - 13788.1245      -     -    3s
     0     0 13791.1082    0  367          - 13791.1082      -     -    3s
     0     0 13791.1082    0  383          - 13791.1082      -     -    4s
     0     0 13815.9608    0  344          - 13815.9608      -     -    4s
     0     0 13819.8488    0  322          - 13819.8488      -     -    4s
     0     0 13820.1541    0  355          - 13820.1541      -     -    4s
     0     0 13841.2273    0  397          - 13841.2273      -     -    5s
     0     0 13850.4361    0  346          - 13850.4361      -     -    5s
     0     0 13869.0083    0  375          - 13869.0083      -     -    5s
     0     0 13870.6765    0  367          - 13870.6765      -     -    6s
     0     0 13883.3827    0  325          - 13883.3827      -     -    6s
     0     0 13885.3841    0  295          - 13885.3841      -     -    6s
     0     0 13889.4215    0  367          - 13889.4215      -     -    7s
     0     0 13889.4215    0  346          - 13889.4215      -     -    7s
     0     2 13894.5802    0  216          - 13894.5802      -     -    9s
     1     4 13903.4095    1  467          - 13894.5802      -  1290   10s
    21    24 14014.0051    6  438          - 13907.7514      -   997   15s
    62    67 14106.0927   16  344          - 13907.7514      -   594   20s
   119   126 14490.5549   34  249          - 13907.7514      -   464   25s
   174   166 14119.1082   10  440          - 13907.7591      -   417   30s
   205   194 infeasible   14               - 13907.7591      -   421   35s
   260   242 infeasible   22               - 13915.5194      -   407   40s
   330   325 14031.4563    6  386          - 13915.5194      -   362   45s
   498   502 14063.0351    8  422          - 13915.5194      -   278   51s
   593   547 14118.0054   11  326          - 13915.5194      -   254   56s
   624   578 14144.3520   18  340          - 13915.5194      -   266   62s
   640   591 14191.2781   20  280          - 13915.5194      -   276   65s
   662   611 14337.3453   23  348          - 13915.5194      -   291   71s
   694   644 14493.0057   29  196          - 13915.5194      -   301   76s
   735   669 16181.2908  144  346          - 13915.5194      -   309   81s
   741   673 16102.1922  130  425          - 13915.5194      -   306   85s
   754   682 14044.4362    7  481          - 14021.8246      -   301   90s
   766   690 15071.3468   84  484          - 14048.0469      -   296   95s
   777   697 14429.3903   47  461          - 14066.3129      -   292  100s
   785   702 15602.3942   92  462          - 14067.9208      -   289  105s
   795   709 14805.7338   68  508          - 14071.0155      -   285  110s
   808   719 16731.3690  188  413          - 14072.3069      -   311  115s
   824   730 14077.9918    6  473          - 14077.9918      -   305  120s
   837   738 14088.2051    5  558          - 14088.2051      -   300  125s
   844   743 14155.9474   20  546          - 14088.4850      -   298  130s
   858   755 14168.1076   32  400          - 14116.1688      -   319  135s
   885   774 14201.0954   39  417          - 14135.0259      -   328  140s
   913   796 14243.3845   46  231          - 14135.0259      -   336  145s
   958   825 14360.6096   59  369          - 14135.0259      -   341  150s
   992   851 14336.5927   67  306          - 14135.0259      -   344  155s
  1031   876 14499.1507   78  239          - 14135.0259      -   349  160s
  1087   916 14612.7452   95  257          - 14135.0259      -   347  166s
  1135   963 15023.9037  110  209          - 14135.0259      -   349  170s
  1212  1015 15402.9462  136  182          - 14135.0259      -   343  176s
  1284  1087 15659.6784  163  134          - 14135.0259      -   336  180s
  1405  1203 16151.3516  208   95          - 14135.0259      -   319  185s
  1586  1350 17281.8262  269   77          - 14135.0259      -   294  191s
  1814  1430 14203.7827   33  375          - 14135.2259      -   267  196s
  1916  1461 14217.1499   35  375          - 14135.2259      -   256  200s
* 1994  1421             301    18418.080000 14135.2259  23.3%   250  203s
  2035  1380 14243.5807   37  394 18418.0800 14135.2259  23.3%   247  205s
  2047  1391 14328.5974   41  395 18418.0800 14135.2259  23.3%   251  210s
  2059  1401 14354.7388   45  192 18418.0800 14135.2259  23.3%   255  215s
  2083  1420 14432.7568   53  307 18418.0800 14135.2259  23.3%   260  220s
  2093  1419 14523.3308   56  303 18418.0800 14135.2259  23.3%   261  231s
  2102  1431 14535.1054   59  248 18418.0800 14135.2259  23.3%   264  236s
  2132  1455 14905.2756   69  241 18418.0800 14135.2259  23.3%   269  241s
  2156  1471 15008.4002   77  258 18418.0800 14135.2259  23.3%   272  246s
  2185  1489 15150.7835   86  124 18418.0800 14135.2259  23.3%   275  251s
  2219  1534 15268.6621   98  156 18418.0800 14135.2259  23.3%   276  255s
  2283  1578 15438.0202  119  151 18418.0800 14135.2259  23.3%   275  261s
  2390  1703 16148.8710  153  104 18418.0800 14135.2259  23.3%   269  268s
  2482  1747 16338.7928  189   52 18418.0800 14135.3462  23.3%   263  275s
  2621  1761 14250.1087   35  490 18418.0800 14135.3462  23.3%   254  280s
  2703  1816 14356.1835   40  358 18418.0800 14135.3462  23.3%   253  290s
  2744  1906 14355.1389   41  493 18418.0800 14135.3462  23.3%   252  298s
  2866  1871 16094.1800  168    - 18418.0800 14135.3462  23.3%   245  300s
  2915  1879 14360.0415   42  391 18418.0800 14135.3462  23.3%   246  306s
  2927  1893 14459.0192   44  283 18418.0800 14135.3462  23.3%   250  312s
  2939  1902 14544.7430   46  250 18418.0800 14135.3462  23.3%   252  315s
  2963  1935 14593.5873   51  223 18418.0800 14135.3462  23.3%   256  320s
  3002  1971 14749.3013   62  187 18418.0800 14135.3462  23.3%   260  328s
  3028  2004 14818.5740   67  185 18418.0800 14135.3462  23.3%   261  332s
  3061  2043 14915.9715   77   87 18418.0800 14135.3462  23.3%   261  336s
  3102  2114 15038.8471   88   70 18418.0800 14135.3462  23.3%   262  341s
  3174  2280 infeasible  112      18418.0800 14143.6432  23.2%   261  353s
  3401  2359 16750.0078  165   17 18418.0800 14143.9584  23.2%   250  361s
  3482  2487 16825.1238  169   10 18418.0800 14144.0418  23.2%   249  368s
* 3636  2232             171    16970.090000 14144.4721  16.7%   243  374s
* 3637  2223             170    16938.090000 14144.4721  16.5%   243  374s
  3682  2244 14443.7400   32  378 16938.0900 14144.5075  16.5%   244  380s
  3720  2274 15009.0542   49  207 16938.0900 14144.5075  16.5%   247  389s
  3736  2302 15509.7107   62  189 16938.0900 14144.5075  16.5%   248  394s
  3764  2356 15933.9672   81   47 16938.0900 14155.4272  16.4%   249  403s
  3834  2441     cutoff  127      16938.0900 14168.1186  16.4%   248  411s
  3943  2444 14445.2645   38  405 16938.0900 14168.1505  16.4%   247  435s
  3949  2450 14520.9646   39  330 16938.0900 14168.1505  16.4%   248  441s
* 3954  2264             148    16453.080000 14168.1505  13.9%   249  441s
* 3966  2229             147    16416.200000 14168.1505  13.7%   248  441s
  3969  2256 14869.2005   43  233 16416.2000 14168.1505  13.7%   250  446s
  3996  2326 15153.1015   64  162 16416.2000 14199.2170  13.5%   251  454s
  4026  2326 15609.1175   94   13 16416.2000 14199.2170  13.5%   249  455s
  4097  2338 16185.7122  104   17 16416.2000 14199.3842  13.5%   248  460s
  4118  2358 16281.5506  106   24 16416.2000 14204.5788  13.5%   251  465s
  4155  2372 14564.0525   38  470 16416.2000 14204.5788  13.5%   252  472s
  4169  2395 14712.5820   41  287 16416.2000 14204.5788  13.5%   255  478s
  4192  2422 14926.6963   45  213 16416.2000 14204.5788  13.5%   257  484s
  4219  2456 14978.9391   45  221 16416.2000 14204.5788  13.5%   260  491s
  4253  2521 15166.8556   54  247 16416.2000 14204.5788  13.5%   262  498s
  4318  2652 15402.8267   69   62 16416.2000 14204.5788  13.5%   262  507s
  4495  2748 15700.8647  103   49 16416.2000 14211.4632  13.4%   258  519s
  4577  2753 16159.3300  131    - 16416.2000 14211.4632  13.4%   255  520s
  4631  2770     cutoff  136      16416.2000 14213.5983  13.4%   256  527s
  4647  2780 14528.0064   37  322 16416.2000 14219.3221  13.4%   259  534s
  4657  2818 14599.1996   39  328 16416.2000 14219.3221  13.4%   262  541s
  4695  2913 15527.8654   58   88 16416.2000 14219.4263  13.4%   263  554s
  4778  2913 16361.2946   91   50 16416.2000 14219.4263  13.4%   261  555s
  4808  2943 14411.8443   39  488 16416.2000 14219.4263  13.4%   263  562s
  4838  3020 14696.4166   54  332 16416.2000 14219.4263  13.4%   265  570s
  4915  3112 15150.3331   92   73 16416.2000 14223.4515  13.4%   265  581s
  5023  3130 16380.5300  150    6 16416.2000 14224.1267  13.4%   263  590s
  5064  3166     cutoff  153      16416.2000 14225.4114  13.3%   266  599s
  5101  3269 14920.5282   40  253 16416.2000 14225.4114  13.3%   268  608s
  5229  3325 15681.3133   88  101 16416.2000 14227.1623  13.3%   266  618s
  5302  3387 14576.3697   34  358 16416.2000 14227.1623  13.3%   267  628s
  5364  3604 15309.4186   62  187 16416.2000 14227.2311  13.3%   269  644s
  5391  3604 15477.3096   89   92 16416.2000 14227.2311  13.3%   268  645s
  5661  3690 14592.2336   39  347 16416.2000 14233.3646  13.3%   262  656s
  5725  3771 15752.2794   90  111 16416.2000 14233.5858  13.3%   263  667s
  5842  3799 14346.1902   44  350 16416.2000 14233.7637  13.3%   263  677s
  5870  3834 14459.8166   51  368 16416.2000 14233.7637  13.3%   266  687s
  5905  3880 14621.3071   61  185 16416.2000 14233.7637  13.3%   270  701s
  5955  4047 14674.9094   75  237 16416.2000 14233.7637  13.3%   271  716s
  6124  4204 16033.7954  140   17 16416.2000 14236.3298  13.3%   270  732s
  6338  4253 infeasible  159      16416.2000 14240.9566  13.3%   267  744s
  6377  4344 14767.1399   59  207 16416.2000 14241.2290  13.2%   269  757s
  6492  4397 14472.3275   40  320 16416.2000 14242.7905  13.2%   269  769s
  6542  4530 14691.3198   45  334 16416.2000 14242.7905  13.2%   272  785s
  6737  4641 14934.3187   64  169 16416.2000 14242.7905  13.2%   269  799s
  6792  4641 15201.1169   84  174 16416.2000 14242.7905  13.2%   269  800s
  6840  4789 15177.6028   95  105 16416.2000 14242.7905  13.2%   270  816s
  7013  4935 15875.3141  137   76 16416.2000 14245.0782  13.2%   268  831s
  7198  5099     cutoff  174      16416.2000 14246.1366  13.2%   266  854s
  7226  5099 15144.6905   70   93 16416.2000 14246.1366  13.2%   265  855s
  7385  5354 15698.5227  106   36 16416.2000 14246.9579  13.2%   262  875s
  7696  5533 14288.6930   35  432 16416.2000 14250.2619  13.2%   258  903s
  7873  5535 14939.0395   84  133 16416.2000 14250.2619  13.2%   260  962s
  7875  5935 14951.4089   85  155 16416.2000 14250.3122  13.2%   260  984s
  7957  5935 15378.2280  116   72 16416.2000 14250.3122  13.2%   258  985s
  8341  6142 infeasible  164      16416.2000 14251.0559  13.2%   254 1006s
  8551  6312 15596.1455  140   14 16416.2000 14253.4116  13.2%   253 1027s
  8764  6482     cutoff  159      16416.2000 14255.2662  13.2%   252 1047s
  8973  6489 16118.3219  133    4 16416.2000 14260.2449  13.1%   251 1050s
  8980  6609 14441.5605   40  481 16416.2000 14260.2449  13.1%   251 1071s
  9116  6742 14734.9472   47  135 16416.2000 14260.2449  13.1%   253 1091s
  9262  6913 15816.0226   64  195 16416.2000 14263.4380  13.1%   255 1111s
  9464  7093 15491.7600  104    - 16416.2000 14267.1857  13.1%   254 1134s
  9558  7101 15434.8535  119   24 16416.2000 14267.1857  13.1%   254 1135s
  9711  7299 16285.7425  149   15 16416.2000 14268.1505  13.1%   253 1158s
* 9715  7168             151    16328.650000 14268.1505  12.6%   253 1159s
  9820  7168 15771.4233   75  127 16328.6500 14268.1505  12.6%   253 1160s
  9940  7294 14619.8267   38  362 16328.6500 14268.9761  12.6%   254 1178s
 10085  7444 14704.5364   43  316 16328.6500 14269.1916  12.6%   254 1198s
 10229  7444 16166.5996   86  135 16328.6500 14269.7922  12.6%   254 1200s
 10285  7629 15147.6864   49  228 16328.6500 14270.1762  12.6%   254 1219s
 10432  7629 15523.6111   98  166 16328.6500 14271.3953  12.6%   254 1221s
 10500  7785 14979.1330   67  195 16328.6500 14272.5752  12.6%   253 1239s
 10528  7785 15332.0580   95  169 16328.6500 14272.5752  12.6%   253 1240s
 10692  7941 14986.1496   65  297 16328.6500 14274.0495  12.6%   253 1260s
 10886  8158 14739.1517   52  222 16328.6500 14275.9198  12.6%   253 1283s
 11123  8451 14614.9008   46  462 16328.6500 14276.0774  12.6%   253 1307s
 11486  8628 14359.3648   46  412 16328.6500 14277.1479  12.6%   250 1331s
 11684  8774 15983.2203  123   31 16328.6500 14277.8150  12.6%   250 1351s
 11868  8897     cutoff  118      16328.6500 14279.6658  12.5%   250 1372s
 12006  9184 14798.6399   56  220 16328.6500 14280.3586  12.5%   251 1401s
 12401  9235 16221.1400  139    - 16328.6500 14280.3586  12.5%   246 1405s
 12440  9374     cutoff  143      16328.6500 14280.5611  12.5%   248 1425s
 12578  9542 15345.4159   54  297 16328.6500 14280.5611  12.5%   249 1449s
 12611  9542 15054.0133   93   67 16328.6500 14280.5611  12.5%   248 1450s
 12826  9766 15461.9304   60  228 16328.6500 14282.2737  12.5%   246 1470s
 13046  9901 14859.5208   51  225 16328.6500 14282.6971  12.5%   246 1492s
 13213 10042 14678.9196   44  317 16328.6500 14283.0979  12.5%   246 1516s
 13376 10183 14666.9252   55  334 16328.6500 14283.6449  12.5%   247 1536s
 13552 10336 14836.8625   54  228 16328.6500 14284.1592  12.5%   247 1558s
 13699 10350 15480.8000  122    2 16328.6500 14284.1592  12.5%   247 1560s
 13758 10544 15057.3047   67  192 16328.6500 14284.1592  12.5%   247 1580s
 13958 10618 15763.4277  109   64 16328.6500 14284.5907  12.5%   247 1599s
 14019 10618 16271.3300  135    - 16328.6500 14284.5907  12.5%   246 1600s
 14071 10815     cutoff  135      16328.6500 14285.7190  12.5%   248 1620s
 14304 10939 16321.1081  162   14 16328.6500 14288.2158  12.5%   248 1642s
 14436 11320 15264.7587   57  230 16328.6500 14288.2505  12.5%   248 1670s
 14940 11450 15735.7959  133   24 16328.6500 14291.2459  12.5%   244 1691s
 15177 11594 16273.8600  151    - 16328.6500 14293.0040  12.5%   243 1711s
 15313 11778 16298.4800  151   10 16328.6500 14294.7589  12.5%   244 1731s
 15540 11931 14557.8506   43  335 16328.6500 14297.7479  12.4%   243 1753s
 15692 12175 15502.5506  112   64 16328.6500 14297.9667  12.4%   244 1774s
 15746 12183 15651.8037  139    6 16328.6500 14297.9667  12.4%   243 1775s
 15986 12347 16184.2900  152    - 16328.6500 14298.1679  12.4%   243 1799s
 16016 12353 15218.6266  120   90 16328.6500 14299.7845  12.4%   243 1800s
 16178 12449     cutoff  152      16328.6500 14301.1263  12.4%   243 1824s
 16250 12451 15292.1348   82   65 16328.6500 14301.1677  12.4%   243 1825s
 16303 12594 infeasible  150      16328.6500 14301.6268  12.4%   243 1846s
 16494 12706     cutoff  108      16328.6500 14302.3027  12.4%   243 1865s
 16612 12828 15751.0144   82  111 16328.6500 14302.6465  12.4%   244 1883s
 16787 12982 14946.9039   65  229 16328.6500 14304.4537  12.4%   244 1903s
 16967 13096     cutoff  145      16328.6500 14305.0224  12.4%   244 1923s
 17071 13096 15938.0325  133   38 16328.6500 14307.6830  12.4%   244 1925s
 17111 13220 14869.4382   58  256 16328.6500 14307.6830  12.4%   244 1944s
 17140 13220 15018.6333   72  130 16328.6500 14307.6830  12.4%   244 1945s
 17235 13393 15417.5010  106   27 16328.6500 14309.0246  12.4%   245 1967s
 17445 13670 14654.7796   58  116 16328.6500 14309.7561  12.4%   245 1995s
 17772 13833     cutoff  142      16328.6500 14309.9942  12.4%   244 2016s
 17998 13936 infeasible  146      16328.6500 14311.2710  12.4%   243 2041s
H18100 13102                    16122.980000 14311.2710  11.2%   244 2042s
 18101 13247 15265.2251   88  155 16122.9800 14311.8947  11.2%   244 2060s
 18304 13352 15755.3662  110   27 16122.9800 14311.9785  11.2%   244 2080s
 18437 13441 14816.1800   51  293 16122.9800 14311.9990  11.2%   245 2100s
 18542 13648 15124.7420   60  283 16122.9800 14313.1681  11.2%   246 2126s
 18845 13841     cutoff  135      16122.9800 14313.8582  11.2%   245 2149s
 18907 13841 15306.8744   98  126 16122.9800 14313.8582  11.2%   245 2150s
 19067 13932     cutoff  138      16122.9800 14314.2377  11.2%   245 2169s
 19148 13932 15843.3861  123   45 16122.9800 14314.2436  11.2%   245 2170s
 19171 14070 15581.6302   78  170 16122.9800 14315.5327  11.2%   245 2188s
 19312 14070 15701.2537   85  150 16122.9800 14315.7284  11.2%   245 2190s
 19343 14219 15351.5079   86  136 16122.9800 14315.7415  11.2%   245 2212s
 19525 14349 15332.0359   76  225 16122.9800 14316.1158  11.2%   245 2232s
 19686 14456 infeasible  135      16122.9800 14317.2242  11.2%   245 2252s
 19813 14558 14520.7439   42  482 16122.9800 14317.9515  11.2%   246 2271s
 19938 14619     cutoff  115      16122.9800 14318.6366  11.2%   246 2297s
 20019 14728 14672.3073   40  471 16122.9800 14319.3267  11.2%   246 2318s
 20144 14814     cutoff  115      16122.9800 14320.0351  11.2%   247 2337s
 20240 14944 15475.0005   60  217 16122.9800 14320.4689  11.2%   248 2356s
 20400 15030     cutoff  105      16122.9800 14321.1486  11.2%   248 2376s
 20519 15182 15232.2733   68  184 16122.9800 14321.6381  11.2%   249 2397s
 20705 15320     cutoff  124      16122.9800 14322.0179  11.2%   249 2423s
 20850 15416 14706.6160   44  456 16122.9800 14322.0179  11.2%   250 2444s
 20975 15549 14784.3559   49  335 16122.9800 14322.0179  11.2%   250 2464s
 21044 15549 15430.8121   85   77 16122.9800 14322.0179  11.2%   250 2465s
 21125 15723 15448.6075   77   92 16122.9800 14323.2855  11.2%   250 2486s
 21341 15888     cutoff  145      16122.9800 14324.0464  11.2%   250 2508s
 21556 15993     cutoff  135      16122.9800 14324.3796  11.2%   250 2528s
 21687 16118 14390.0013   36  413 16122.9800 14324.5334  11.2%   250 2553s
 21826 16118 16120.3530  115   54 16122.9800 14324.5334  11.2%   251 2555s
 21845 16256 15285.7714   66   82 16122.9800 14324.5779  11.2%   251 2574s
 22028 16398 15167.3782   51  119 16122.9800 14325.3096  11.1%   251 2599s
 22195 16549     cutoff  109      16122.9800 14326.5441  11.1%   251 2621s
 22378 16644     cutoff  122      16122.9800 14328.2612  11.1%   251 2643s
 22501 16728     cutoff  135      16122.9800 14328.6577  11.1%   251 2662s
 22586 16908 15585.0827   82   61 16122.9800 14328.7200  11.1%   252 2684s
 22613 16908 16017.1007   98   64 16122.9800 14328.7200  11.1%   252 2685s
 22818 17012 14953.8651   62  215 16122.9800 14329.0865  11.1%   252 2705s
 22932 17094     cutoff  117      16122.9800 14330.1631  11.1%   252 2725s
 23032 17299 15126.9925   64  209 16122.9800 14331.5549  11.1%   253 2746s
 23298 17377 16022.8400  125    - 16122.9800 14333.0825  11.1%   252 2767s
 23399 17490     cutoff  125      16122.9800 14333.6357  11.1%   253 2786s
 23524 17650 15282.6479   72  217 16122.9800 14335.6053  11.1%   253 2808s
*23712 17621             132    16118.340000 14335.6222  11.1%   253 2810s
 23720 17777 15394.9608   85  170 16118.3400 14336.7289  11.1%   253 2830s
 23906 17887 15956.8456  125   47 16118.3400 14336.7530  11.1%   253 2851s
 24044 18001 15750.3470   95  131 16118.3400 14336.9158  11.1%   254 2871s
 24201 18065 15087.6965   66  259 16118.3400 14337.7386  11.0%   254 2892s
 24291 18144 14575.6544   44  508 16118.3400 14337.8360  11.0%   255 2912s
 24368 18234 14824.7910   53  348 16118.3400 14337.8360  11.0%   256 2933s
 24472 18357 15343.0674   68  370 16118.3400 14337.8360  11.0%   257 2953s
 24616 18441     cutoff   98      16118.3400 14338.3053  11.0%   258 2973s
 24746 18552 15061.4901   64  260 16118.3400 14338.5090  11.0%   258 2995s
 24866 18761 14664.2484   66  390 16118.3400 14338.5407  11.0%   259 3021s
 25109 18999 14981.7891   76  244 16118.3400 14338.6361  11.0%   258 3047s
 25391 19124 16088.1100  158    - 16118.3400 14339.5866  11.0%   258 3069s
H25459 18507                    16035.340000 14339.5866  10.6%   258 3069s
 25539 18650 14655.0545   50  358 16035.3400 14340.8346  10.6%   258 3094s
 25573 18650 14959.5119   55  285 16035.3400 14340.8346  10.6%   259 3095s
 25711 18730 14803.5229   55  310 16035.3400 14340.8346  10.6%   258 3115s
 25797 19004 15157.0557   63  260 16035.3400 14340.8346  10.6%   259 3140s
 26075 19162 15533.0337   82  136 16035.3400 14341.3702  10.6%   259 3167s
 26303 19264     cutoff  107      16035.3400 14343.1626  10.6%   259 3190s
H26304 18775                    15979.340000 14343.1626  10.2%   259 3190s
 26435 18919     cutoff  115      15979.3400 14345.5898  10.2%   259 3213s
 26609 18997     cutoff  120      15979.3400 14346.4537  10.2%   259 3234s
 26708 19137 15115.0189   53  359 15979.3400 14347.7712  10.2%   260 3256s
 26880 19236 14497.3092   52  254 15979.3400 14348.8324  10.2%   259 3277s
 26990 19349 15658.5611  116   42 15979.3400 14350.8740  10.2%   260 3299s
 27060 19349 15816.2208  104  117 15979.3400 14350.8740  10.2%   260 3300s
 27146 19454 14638.7989   62  301 15979.3400 14351.4205  10.2%   260 3321s
 27308 19594 14586.1370   38  343 15979.3400 14351.6522  10.2%   260 3342s
 27482 19628     cutoff  124      15979.3400 14351.8198  10.2%   260 3363s
 27524 19840 14731.7968   43  338 15979.3400 14351.9362  10.2%   261 3391s
 27788 20034     cutoff  124      15979.3400 14352.2205  10.2%   261 3416s
 28019 20149     cutoff   94      15979.3400 14353.2222  10.2%   261 3441s
 28149 20231 15567.4814   81  130 15979.3400 14355.9017  10.2%   261 3460s
 28253 20278 15334.3728   84  194 15979.3400 14357.5940  10.1%   262 3480s
 28323 20362 15047.8028   44  228 15979.3400 14357.6893  10.1%   263 3505s
 28436 20475 14743.7731   70  452 15979.3400 14357.7231  10.1%   263 3528s
 28569 20615 15680.9191  108  137 15979.3400 14358.5886  10.1%   263 3550s
 28733 20765 15218.8585   59  213 15979.3400 14358.8798  10.1%   263 3573s
 28872 20765 15920.2356  126   32 15979.3400 14359.3978  10.1%   263 3575s
 28925 20942 15020.5252   79  184 15979.3400 14360.1531  10.1%   263 3598s
 29039 20942 15095.4158   91  122 15979.3400 14360.1531  10.1%   263 3600s

Cutting planes:
  User: 3240
  Gomory: 19
  Cover: 409
  Implied bound: 58
  Projected implied bound: 19
  Clique: 1
  MIR: 210
  StrongCG: 1
  Flow cover: 519
  Zero half: 25
  RLT: 315
  Relax-and-lift: 14
  Lazy constraints: 4224

Explored 29151 nodes (7678185 simplex iterations) in 3601.39 seconds
Thread count was 2 (of 32 available processors)

Solution count 10: 15979.3 16035.3 16118.3 ... 18418.1

Time limit reached
Best objective 1.597934000000e+04, best bound 1.436063353495e+04, gap 10.1300%

User-callback calls 364123, time in user-callback 230.09 sec
================================================================================
executing instance: ./input/Instances/Original/2/absH3high_4n10.dat
--------------------------------------------------------------------------------
Instance details
n	11
H	3
C	822
Li:
[0, 0, 0, 0, 0, 0, 0, 0, 0, 0, 0, ]
Ui:
[0, 102, 52, 88, 182, 153, 138, 38, 165, 297, 86, ]
Distance matrix:
|0	285	411	382	327	239	148	256	307	36	383	|
|285	0	352	98	249	103	227	235	120	268	209	|
|411	352	0	395	106	430	263	549	234	429	174	|
|382	98	395	0	302	173	320	288	168	364	227	|
|327	249	106	302	0	324	179	444	135	339	109	|
|239	103	430	173	324	0	241	132	212	212	305	|
|148	227	263	320	179	241	0	325	192	165	249	|
|256	235	549	288	444	132	325	0	342	220	436	|
|307	120	234	168	135	212	192	342	0	304	94	|
|36	268	429	364	339	212	165	220	304	0	386	|
|383	209	174	227	109	305	249	436	94	386	0	|

--------------------------------------------------------------------------------
Building model...
	using lazy and cut (CVRPSEP package)
Solving IRP LP...
--------------------------------------------------------------------------------

Gurobi 9.1.0 (linux64) logging started Sat Jan 23 12:49:53 2021

Gurobi Optimizer version 9.1.0 build v9.1.0rc0 (linux64)
Thread count: 32 physical cores, 32 logical processors, using up to 2 threads
Optimize a model with 380 rows, 956 columns and 2774 nonzeros
Model fingerprint: 0x5ec76cee
Variable types: 164 continuous, 792 integer (132 binary)
Coefficient statistics:
  Matrix range     [1e+00, 3e+02]
  Objective range  [2e-01, 5e+02]
  Bounds range     [1e+00, 3e+02]
  RHS range        [2e+01, 1e+03]
Presolve removed 44 rows and 11 columns
Presolve time: 0.01s
Presolved: 336 rows, 945 columns, 2499 nonzeros
Variable types: 153 continuous, 792 integer (672 binary)
Found heuristic solution: objective 10122.790000

Root relaxation: objective 4.143476e+03, 620 iterations, 0.02 seconds

    Nodes    |    Current Node    |     Objective Bounds      |     Work
 Expl Unexpl |  Obj  Depth IntInf | Incumbent    BestBd   Gap | It/Node Time

     0     0 4143.47605    0   44 10122.7900 4143.47605  59.1%     -    0s
     0     0 4347.54914    0   69 10122.7900 4347.54914  57.1%     -    0s
H    0     0                    8290.2300000 4347.54914  47.6%     -    0s
     0     0 4350.74819    0   66 8290.23000 4350.74819  47.5%     -    0s
     0     0 4539.95177    0  108 8290.23000 4539.95177  45.2%     -    0s
     0     0 4565.86495    0   88 8290.23000 4565.86495  44.9%     -    0s
     0     0 4566.52600    0  101 8290.23000 4566.52600  44.9%     -    0s
     0     0 4566.52600    0   98 8290.23000 4566.52600  44.9%     -    0s
     0     0 4649.55561    0  108 8290.23000 4649.55561  43.9%     -    0s
     0     0 4652.35427    0  119 8290.23000 4652.35427  43.9%     -    0s
     0     0 4656.35671    0  113 8290.23000 4656.35671  43.8%     -    0s
     0     0 4656.64581    0  119 8290.23000 4656.64581  43.8%     -    0s
     0     0 4713.87055    0  114 8290.23000 4713.87055  43.1%     -    0s
H    0     0                    8266.2300000 4713.87055  43.0%     -    0s
     0     0 4716.56882    0  114 8266.23000 4716.56882  42.9%     -    0s
     0     0 4716.56882    0  116 8266.23000 4716.56882  42.9%     -    0s
     0     0 4745.19821    0  103 8266.23000 4745.19821  42.6%     -    0s
     0     0 4746.50448    0  102 8266.23000 4746.50448  42.6%     -    0s
     0     0 4747.47738    0  135 8266.23000 4747.47738  42.6%     -    0s
     0     0 4747.56781    0  139 8266.23000 4747.56781  42.6%     -    0s
     0     0 4754.88770    0   96 8266.23000 4754.88770  42.5%     -    0s
H    0     0                    8004.5100000 4754.88770  40.6%     -    0s
     0     0 4755.06986    0  107 8004.51000 4755.06986  40.6%     -    0s
     0     0 4755.48304    0  130 8004.51000 4755.48304  40.6%     -    0s
     0     0 4755.48570    0  105 8004.51000 4755.48570  40.6%     -    0s
     0     2 4759.42004    0  108 8004.51000 4759.42004  40.5%     -    0s
H   28    30                    7777.5100000 4814.77553  38.1%   151    1s
H   31    35                    7168.3500000 4814.77553  32.8%   150    1s
H   56    61                    7149.3500000 4814.77553  32.7%   115    1s
H   58    61                    7057.6900000 4814.77553  31.8%   116    1s
H   60    69                    6854.7000000 4814.77553  29.8%   118    1s
H  118   131                    6438.4300000 4814.77553  25.2%  76.4    1s
H  148   157                    6431.4300000 4814.77553  25.1%  68.2    1s
H  157   157                    6334.4300000 4814.77553  24.0%  65.8    1s
H  162   166                    6270.3500000 4814.77553  23.2%  64.5    1s
H  183   173                    6207.3500000 4814.77553  22.4%  60.3    1s
H  508   391                    5991.4500000 4927.41706  17.8%  74.1    3s
   737   464 5057.52871   10  105 5991.45000 5002.19734  16.5%  74.2    5s
H  781   469                    5991.4498418 5096.06745  14.9%  73.3    7s
H 1110   484                    5991.4498411 5375.59455  10.3%  77.5    9s
  1115   488 5655.39228   32   70 5991.44984 5376.26813  10.3%  77.7   10s
  2133   262 5857.70785   36   67 5991.44984 5634.90227  5.95%  75.6   15s

Cutting planes:
  User: 246
  Gomory: 4
  Cover: 88
  Implied bound: 23
  Projected implied bound: 5
  MIR: 75
  StrongCG: 2
  Flow cover: 114
  Zero half: 6
  RLT: 108
  Relax-and-lift: 10

Explored 3425 nodes (242092 simplex iterations) in 19.99 seconds
Thread count was 2 (of 32 available processors)

Solution count 10: 5991.45 5991.45 6207.35 ... 7149.35

Optimal solution found (tolerance 1.00e-04)
Best objective 5.991449841149e+03, best bound 5.991449841149e+03, gap 0.0000%

User-callback calls 9655, time in user-callback 2.28 sec
================================================================================
