




arguments: ./build/mirp_solver -f ./input/orig_exec_363.cfg
Current dir: /scratch/gui/bnc_mirp
File verbosity level: 9
date       time         ( uptime  ) [ thread name/id ]                   file:line     v| 
2021-01-26 00:40:04.803 (   0.539s) [main thread     ]             loguru.cpp:789   INFO| Logging to './output/vi_lex_half/OU/V4/Original/execution_26_01_2021_00_40_04.log', mode: 'a', verbosity: 9
--------------------------------------------------------------------------------
Parameters
                           instance_path           ./input/Instances/Original/4/
                            model_policy                                       1
                             nb_vehicles                                       4
                              output_dir    ./output/vi_lex_half/OU/V4/Original/
                            sec_strategy                                       1
                       solver_nb_threads                                       2
                         solver_show_log                                    true
                       solver_time_limit                                    3600
                              use_vi_cos                                   false
                              use_vi_cus                                   false
                         use_vi_hc1_full                                   false
                         use_vi_hc1_half                                   false
                      use_vi_hc1_quarter                                   false
                              use_vi_hc2                                   false
                              use_vi_hc3                                   false
                         use_vi_lex_full                                   false
                         use_vi_lex_half                                    true
                      use_vi_lex_quarter                                   false
                              use_vi_qua                                   false
                               use_vi_vc                                   false
                               use_vi_vr                                   false
--------------------------------------------------------------------------------
executing instance: ./input/Instances/Original/4/absH3low_3n30.dat
--------------------------------------------------------------------------------
Instance details
n	31
H	3
C	2841
Li:
[0, 0, 0, 0, 0, 0, 0, 0, 0, 0, 0, 0, 0, 0, 0, 0, 0, 0, 0, 0, 0, 0, 0, 0, 0, 0, 0, 0, 0, 0, 0, ]
Ui:
[0, 246, 98, 54, 144, 171, 192, 180, 165, 98, 122, 198, 297, 144, 130, 129, 219, 138, 142, 150, 108, 66, 64, 285, 180, 204, 276, 168, 240, 198, 122, ]
Distance matrix:
|0	172	56	166	260	198	42	197	296	110	91	112	238	275	323	183	330	232	175	181	162	191	232	280	201	139	356	185	266	216	26	|
|172	0	178	223	320	335	153	355	444	62	231	99	333	376	214	352	176	235	194	106	47	41	353	161	299	175	225	43	326	374	153	|
|56	178	0	110	204	162	93	233	336	125	144	148	187	226	358	180	313	284	123	152	182	185	282	252	256	88	329	177	210	251	42	|
|166	223	110	0	102	150	199	327	431	194	253	237	113	156	431	228	296	386	44	140	248	208	389	218	366	48	287	200	108	344	148	|
|260	320	204	102	0	156	296	391	493	296	340	339	66	90	531	263	362	486	127	226	349	300	469	278	454	148	334	292	6	406	245	|
|198	335	162	150	156	0	239	255	351	286	245	307	93	106	518	111	442	423	194	280	344	335	349	367	352	182	437	327	158	266	199	|
|42	153	93	199	296	239	0	203	296	91	82	76	278	316	284	217	322	191	201	186	133	180	217	281	177	165	356	175	302	222	52	|
|197	355	233	327	391	255	203	0	104	294	125	266	340	361	436	151	524	276	352	377	330	383	109	477	146	319	553	377	395	19	222	|
|296	444	336	431	493	351	296	104	0	384	214	348	440	456	488	241	617	315	456	476	412	475	113	575	176	422	651	470	497	88	322	|
|110	62	125	194	296	286	91	294	384	0	171	55	298	340	238	292	233	210	176	118	58	91	298	201	248	148	273	87	302	313	94	|
|91	231	144	253	340	245	82	125	214	171	0	141	307	339	324	184	403	187	266	266	204	261	140	363	114	230	438	256	346	144	116	|
|112	99	148	237	339	307	76	266	348	55	141	0	332	373	212	292	275	156	225	173	64	137	254	253	200	194	322	135	345	284	108	|
|238	333	187	113	66	93	278	340	440	298	307	332	0	43	536	203	404	469	153	253	354	321	427	322	420	160	385	313	67	353	229	|
|275	376	226	156	90	106	316	361	456	340	339	373	43	0	578	216	443	507	194	295	397	364	453	361	451	203	421	356	88	372	268	|
|323	214	358	431	531	518	284	436	488	238	324	212	536	578	0	498	309	176	407	320	183	245	376	344	312	383	379	251	537	451	319	|
|183	352	180	228	263	111	217	151	241	292	184	292	203	216	498	0	492	371	266	328	345	364	255	426	272	242	501	356	266	159	198	|
|330	176	313	296	362	442	322	524	617	233	403	275	404	443	309	492	0	397	253	164	218	142	529	84	475	260	72	147	367	543	306	|
|232	235	284	386	486	423	191	276	315	210	187	156	469	507	176	371	397	0	379	327	188	276	202	396	139	346	456	277	492	289	242	|
|175	194	123	44	127	194	201	352	456	176	266	225	153	194	407	266	253	379	0	101	225	174	405	174	375	36	244	166	133	370	152	|
|181	106	152	140	226	280	186	377	476	118	266	173	253	295	320	328	164	327	101	0	148	76	403	100	360	98	177	69	232	396	155	|
|162	47	182	248	349	344	133	330	412	58	204	64	354	397	183	345	218	188	225	148	0	89	316	208	259	201	270	90	355	348	149	|
|191	41	185	208	300	335	180	383	475	91	261	137	321	364	245	364	142	276	174	76	89	0	388	119	336	162	185	8	306	402	169	|
|232	353	282	389	469	349	217	109	113	298	140	254	427	453	376	255	529	202	405	403	316	388	0	497	64	369	570	384	474	112	256	|
|280	161	252	218	278	367	281	477	575	201	363	253	322	361	344	426	84	396	174	100	208	119	497	0	449	187	77	119	283	496	255	|
|201	299	256	366	454	352	177	146	176	248	114	200	420	451	312	272	475	139	375	360	259	336	64	449	0	339	521	333	460	156	223	|
|139	175	88	48	148	182	165	319	422	148	230	194	160	203	383	242	260	346	36	98	201	162	369	187	339	0	260	153	154	337	116	|
|356	225	329	287	334	437	356	553	651	273	438	322	385	421	379	501	72	456	244	177	270	185	570	77	521	260	0	187	338	572	331	|
|185	43	177	200	292	327	175	377	470	87	256	135	313	356	251	356	147	277	166	69	90	8	384	119	333	153	187	0	298	396	163	|
|266	326	210	108	6	158	302	395	497	302	346	345	67	88	537	266	367	492	133	232	355	306	474	283	460	154	338	298	0	410	251	|
|216	374	251	344	406	266	222	19	88	313	144	284	353	372	451	159	543	289	370	396	348	402	112	496	156	337	572	396	410	0	241	|
|26	153	42	148	245	199	52	222	322	94	116	108	229	268	319	198	306	242	152	155	149	169	256	255	223	116	331	163	251	241	0	|

--------------------------------------------------------------------------------
Building model...
	using lazy and cut (CVRPSEP package)
Solving IRP LP...
--------------------------------------------------------------------------------

Gurobi 9.1.0 (linux64) logging started Tue Jan 26 00:40:05 2021

Gurobi Optimizer version 9.1.0 build v9.1.0rc0 (linux64)
Thread count: 32 physical cores, 32 logical processors, using up to 2 threads
Optimize a model with 1060 rows, 6436 columns and 15454 nonzeros
Model fingerprint: 0x0478d31c
Variable types: 484 continuous, 5952 integer (372 binary)
Coefficient statistics:
  Matrix range     [1e+00, 3e+04]
  Objective range  [1e-02, 7e+02]
  Bounds range     [1e+00, 3e+02]
  RHS range        [3e+01, 5e+03]
Presolve removed 124 rows and 31 columns
Presolve time: 0.04s
Presolved: 936 rows, 6405 columns, 14639 nonzeros
Variable types: 453 continuous, 5952 integer (5592 binary)

Root relaxation: objective 2.396539e+03, 1401 iterations, 0.04 seconds

    Nodes    |    Current Node    |     Objective Bounds      |     Work
 Expl Unexpl |  Obj  Depth IntInf | Incumbent    BestBd   Gap | It/Node Time

     0     0 2396.53937    0   92          - 2396.53937      -     -    0s
     0     0 2592.94614    0   87          - 2592.94614      -     -    0s
     0     0 3158.96462    0  147          - 3158.96462      -     -    0s
     0     0 3192.39716    0  137          - 3192.39716      -     -    0s
     0     0 3192.39716    0  142          - 3192.39716      -     -    0s
     0     0 3284.57243    0  194          - 3284.57243      -     -    0s
     0     0 3297.34455    0  157          - 3297.34455      -     -    0s
     0     0 3297.47903    0  156          - 3297.47903      -     -    0s
     0     0 3346.36480    0  253          - 3346.36480      -     -    1s
     0     0 3385.61694    0  242          - 3385.61694      -     -    1s
     0     0 3387.35499    0  218          - 3387.35499      -     -    1s
     0     0 3387.57148    0  221          - 3387.57148      -     -    1s
     0     0 3500.89291    0  269          - 3500.89291      -     -    2s
     0     0 3511.25567    0  281          - 3511.25567      -     -    2s
     0     0 3512.88144    0  302          - 3512.88144      -     -    2s
     0     0 3513.56916    0  258          - 3513.56916      -     -    2s
     0     0 3545.17745    0  292          - 3545.17745      -     -    2s
     0     0 3555.65300    0  277          - 3555.65300      -     -    2s
     0     0 3558.83348    0  281          - 3558.83348      -     -    2s
     0     0 3558.93040    0  291          - 3558.93040      -     -    2s
     0     0 3567.99303    0  256          - 3567.99303      -     -    3s
     0     0 3569.89185    0  308          - 3569.89185      -     -    3s
     0     0 3570.37000    0  285          - 3570.37000      -     -    3s
     0     0 3573.01213    0  348          - 3573.01213      -     -    3s
     0     0 3573.14458    0  316          - 3573.14458      -     -    3s
     0     2 3573.90121    0  316          - 3573.90121      -     -    4s
    11    14 3590.71702    4  312          - 3579.13927      -   371    5s
    86    91 3935.45796   21  205          - 3579.13927      -   362   10s
   347   375 5627.74628   73   88          - 3579.13927      -   168   15s
   548   506 3855.62890    5  288          - 3579.13927      -   142   20s
*  608   555             209    8552.4200000 3583.72166  58.1%   131   22s
   643   575 3937.96765    9  275 8552.42000 3583.72166  58.1%   157   25s
   687   619 4332.71996   22  266 8552.42000 3583.72166  58.1%   177   30s
   729   658 4325.85180   33  316 8552.42000 3583.72166  58.1%   188   36s
H  730   626                    8321.4200000 3583.72166  56.9%   188   37s
   736   630 6925.15747  126  409 8321.42000 3685.23249  55.7%   186   40s
H  753   608                    7919.2100000 3756.17630  52.6%   182   44s
   758   611 7919.21000  202  420 7919.21000 3762.16525  52.5%   181   45s
   776   623 3987.73157   36  421 7919.21000 3766.97217  52.4%   176   50s
H  781   596                    7864.2600000 3767.01621  52.1%   189   51s
   800   608 6152.25419   92  479 7864.26000 3771.54398  52.0%   185   55s
   815   618 3775.48905    5  521 7864.26000 3775.48905  52.0%   181   60s
H  826   594                    7820.8700000 3782.86827  51.6%   179   64s
   830   596 6616.34316  117  505 7820.87000 3782.95028  51.6%   178   65s
H  846   578                    7819.8700000 3789.60177  51.5%   186   68s
   853   584 3810.50294   26  461 7819.87000 3798.62451  51.4%   189   70s
H  874   567                    7460.7900000 3844.89574  48.5%   194   73s
   882   573 3902.67256   33  396 7460.79000 3844.89574  48.5%   197   75s
   915   597 3953.67744   42  303 7460.79000 3844.89574  48.5%   208   80s
   955   629 4066.75808   51  234 7460.79000 3844.89574  48.5%   219   85s
  1139   790 5353.47728   92   43 7460.79000 3844.89574  48.5%   206   90s
* 1288   811             141    6063.3600000 3844.89574  36.6%   187   92s
* 1318   739             140    6053.9700000 3845.24238  36.5%   184   93s
H 1336   698                    5963.9700000 3847.18055  35.5%   183   94s
  1342   704 3914.75115   29  442 5963.97000 3847.18055  35.5%   185   95s
  1383   740 4160.65956   38  138 5963.97000 3847.18055  35.5%   190  100s
  1521   821 4836.66227   63  108 5963.97000 3847.18055  35.5%   188  106s
H 1522   702                    5345.5700000 3847.18055  28.0%   187  106s
  1591   747 4916.50498   74   97 5345.57000 3847.18055  28.0%   182  110s
  1681   774 5242.32626   70   52 5345.57000 3852.71403  27.9%   184  115s
  1762   813 4644.04351   48  216 5345.57000 3852.71403  27.9%   185  120s
  1909   912 4152.82197   32  227 5345.57000 3870.50754  27.6%   183  126s
  2009  1010 5193.82567   75  111 5345.57000 3872.68849  27.6%   180  131s
* 2117   915             130    5244.1700000 3872.79624  26.2%   174  133s
  2133   930 4493.12979   34  195 5244.17000 3872.79624  26.2%   176  135s
  2191   998 4999.63387   49  157 5244.17000 3872.79624  26.2%   179  140s
  2270  1058 4671.66732   40  271 5244.17000 3873.16492  26.1%   183  146s
  2348  1148     cutoff   49      5244.17000 3874.35444  26.1%   185  151s
  2400  1215 4518.63589   30  255 5244.17000 3874.35444  26.1%   185  155s
  2542  1283 4258.52631   44  323 5244.17000 3886.66552  25.9%   184  161s
  2642  1378 5035.80896   87   50 5244.17000 3887.61089  25.9%   183  167s
  2744  1439 4078.13628   34  285 5244.17000 3892.91956  25.8%   183  171s
  2840  1526 4467.15286   47  150 5244.17000 3892.91956  25.8%   184  177s
  2880  1617 4658.95000   62   36 5244.17000 3897.15285  25.7%   185  180s
  3019  1667 4317.72560   35  218 5244.17000 3898.23290  25.7%   183  186s
  3112  1769 5142.92516   69   61 5244.17000 3898.49044  25.7%   185  193s
  3161  1792 4257.35458   39  434 5244.17000 3898.49044  25.7%   185  195s
  3254  1899 4225.94636   37  336 5244.17000 3901.40467  25.6%   187  203s
  3315  1942 4498.67139   47  124 5244.17000 3902.74731  25.6%   187  206s
  3413  1992 4521.26956   35  357 5244.17000 3902.74731  25.6%   187  210s
  3452  2025 4197.11702   38  452 5244.17000 3902.80777  25.6%   189  216s
  3484  2060 4772.59338   52  200 5244.17000 3923.21648  25.2%   190  220s
  3589  2157 4837.31731   62  106 5244.17000 3923.48618  25.2%   190  229s
  3674  2203     cutoff  100      5244.17000 3928.89370  25.1%   189  233s
  3738  2255 infeasible   40      5244.17000 3932.26081  25.0%   189  239s
  3804  2269     cutoff   63      5244.17000 3935.63972  25.0%   189  243s
  3841  2292     cutoff   49      5244.17000 3936.23694  24.9%   191  247s
  3870  2320 4538.64355   35  400 5244.17000 3936.23694  24.9%   192  252s
  3908  2361 4924.79761   41  190 5244.17000 3936.23694  24.9%   194  257s
  3949  2392 5119.42894   47  215 5244.17000 3941.44077  24.8%   194  262s
  4014  2436 4142.66489   38  317 5244.17000 3951.56795  24.6%   195  267s
  4066  2478 5118.56708   61  130 5244.17000 3951.63613  24.6%   196  271s
  4126  2491 4858.32582   42  265 5244.17000 3951.85279  24.6%   196  277s
  4147  2529 4299.29311   39  319 5244.17000 3951.85279  24.6%   197  282s
  4214  2620 4821.78798   52  207 5244.17000 3952.48111  24.6%   198  288s
  4320  2698 4325.71179   35  170 5244.17000 3956.94755  24.5%   197  294s
  4414  2761 4570.76055   34  353 5244.17000 3960.68313  24.5%   197  301s
  4495  2789 4355.47226   39  286 5244.17000 3962.40386  24.4%   197  307s
  4523  2862 4719.61180   46  255 5244.17000 3964.01580  24.4%   199  314s
  4616  2879 4375.94665   28  355 5244.17000 3964.01580  24.4%   200  323s
  4635  2915 4822.62254   43  263 5244.17000 3967.98016  24.3%   200  329s
  4707  2995 4336.14457   31  346 5244.17000 3968.89364  24.3%   201  336s
  4787  3102 4534.61522   36  316 5244.17000 3968.89364  24.3%   202  344s
  4897  3102 5164.18743  100   20 5244.17000 3968.89364  24.3%   201  345s
  4916  3120 4916.28709   45  192 5244.17000 3968.89364  24.3%   201  370s
  4934  3184 4937.02390   49  177 5244.17000 3970.15867  24.3%   202  378s
  5011  3206 4567.08504   29  410 5244.17000 3970.15867  24.3%   203  389s
  5033  3258 5058.84588   40  162 5244.17000 3970.96575  24.3%   204  396s
  5107  3326     cutoff   58      5244.17000 3972.58977  24.2%   205  404s
  5223  3378 4821.05443   36  404 5244.17000 3980.66987  24.1%   205  412s
  5293  3467 4593.93897   39  232 5244.17000 3982.13563  24.1%   207  420s
  5411  3535 4466.22460   32  348 5244.17000 3985.35089  24.0%   208  429s
  5502  3608 4705.00292   54  448 5244.17000 3986.95087  24.0%   208  437s
  5591  3700 5029.89277   42  173 5244.17000 3989.21596  23.9%   209  446s
  5718  3788 4250.08109   47  370 5244.17000 3994.42746  23.8%   210  455s
  5817  3838 4322.59132   33  346 5244.17000 3994.65029  23.8%   211  465s
  5868  3968 4602.34466   50  110 5244.17000 3995.27431  23.8%   213  475s
  6047  4054     cutoff  106      5244.17000 3996.44286  23.8%   212  485s
  6166  4155 4358.28190   33  351 5244.17000 4002.79043  23.7%   213  496s
  6284  4277 4563.90307   42  102 5244.17000 4006.89173  23.6%   213  507s
  6432  4462 4371.73392   48  232 5244.17000 4012.58603  23.5%   213  518s
* 6547  4352             109    5192.2200000 4012.58603  22.7%   211  519s
  6676  4427 4373.64128   42  427 5192.22000 4015.53355  22.7%   210  529s
  6773  4539 4434.13572   51  224 5192.22000 4020.40065  22.6%   211  540s
  6911  4623 4698.18976   51  115 5192.22000 4025.48004  22.5%   212  551s
  7013  4752 5048.00558   68   24 5192.22000 4025.56340  22.5%   211  562s
  7180  4836 4414.41964   34  173 5192.22000 4030.32064  22.4%   211  575s
  7290  4976 4580.09225   41  309 5192.22000 4030.32064  22.4%   212  589s
  7448  5113 4663.53609   62  239 5192.22000 4037.69297  22.2%   213  602s
  7663  5257 4222.21214   41  425 5192.22000 4045.03469  22.1%   213  617s
  7855  5377 5165.16667   95   12 5192.22000 4051.21428  22.0%   213  630s
  8024  5441     cutoff   98      5192.22000 4054.51003  21.9%   214  643s
  8125  5561 4358.89164   37  327 5192.22000 4055.79382  21.9%   216  658s
  8276  5659 4878.23133   69  223 5192.22000 4056.18786  21.9%   216  672s
  8428  5821 4796.35442   41  300 5192.22000 4058.49442  21.8%   216  687s
  8649  5946 4447.28921   33  189 5192.22000 4061.62399  21.8%   216  702s
  8815  6022 4337.16909   39  185 5192.22000 4062.49205  21.8%   216  718s
  8895  6165 4727.38933   54  109 5192.22000 4062.68841  21.8%   218  732s
  9100  6353 4648.67220   55   84 5192.22000 4070.63609  21.6%   218  749s
  9352  6446 4480.66978   35  303 5192.22000 4073.51080  21.5%   217  764s
  9512  6597     cutoff   84      5192.22000 4079.75828  21.4%   218  780s
  9699  6760 4775.03710   50  316 5192.22000 4085.69194  21.3%   218  794s
  9924  6885 4351.67749   37  357 5192.22000 4089.41914  21.2%   218  810s
 10094  7043 4357.75038   42  306 5192.22000 4092.59249  21.2%   218  825s
 10305  7164 4452.87066   36  187 5192.22000 4097.09273  21.1%   218  841s
 10454  7322 4635.05419   47  196 5192.22000 4099.27129  21.0%   219  857s
 10719  7461 4899.72198   62  185 5192.22000 4101.29262  21.0%   218  878s
 10920  7689 4925.55315   55  165 5192.22000 4103.93966  21.0%   217  895s
 11199  7896 infeasible   86      5192.22000 4108.29954  20.9%   216  911s
 11469  8054 4633.61892   51  304 5192.22000 4110.81413  20.8%   215  926s
 11686  8174     cutoff   69      5192.22000 4116.36805  20.7%   214  946s
 11839  8318     cutoff   70      5192.22000 4116.59043  20.7%   214  961s
 12048  8476 4415.24888   33  293 5192.22000 4119.61960  20.7%   214  975s
 12235  8658 4895.98100   52  103 5192.22000 4122.63620  20.6%   215  990s
 12474  8812 4273.94670   37  469 5192.22000 4124.05673  20.6%   214 1005s
 12680  8945 4809.64694   37  364 5192.22000 4125.03330  20.6%   214 1020s
 12872  9107 4357.08170   39  291 5192.22000 4132.76234  20.4%   214 1034s
 12988  9107 4373.94264   42  290 5192.22000 4134.20562  20.4%   214 1035s
 13066  9285 4769.50424   50   64 5192.22000 4134.23725  20.4%   214 1049s
 13154  9285 4580.89943   38  127 5192.22000 4134.23725  20.4%   214 1050s
 13283  9475 4800.68275   50  148 5192.22000 4138.76308  20.3%   214 1066s
 13528  9722 4529.75465   44  210 5192.22000 4140.74921  20.3%   214 1081s
*13579  8980              95    5109.4900000 4140.74921  19.0%   213 1081s
 13834  9071 4287.77599   40  305 5109.49000 4147.83509  18.8%   212 1096s
 13970  9209 4356.08139   46  291 5109.49000 4147.84994  18.8%   213 1110s
 14180  9335 4684.56415   48  327 5109.49000 4150.31997  18.8%   213 1124s
 14356  9470 4877.94268   49   95 5109.49000 4153.90025  18.7%   213 1138s
 14560  9598 infeasible   70      5109.49000 4157.46692  18.6%   213 1152s
 14736  9713 4912.12093   58  139 5109.49000 4158.71525  18.6%   214 1166s
 14896  9783 4636.84098   50  270 5109.49000 4160.09901  18.6%   214 1185s
H14934  8914                    5041.5200000 4160.09901  17.5%   214 1186s
 14982  9015 4536.95138   42  213 5041.52000 4161.22868  17.5%   215 1199s
 15065  9015 4576.59964   45  274 5041.52000 4161.22868  17.5%   215 1200s
 15105  9105 5027.47339   50  125 5041.52000 4161.29532  17.5%   216 1214s
 15209  9105 4936.16455   50  273 5041.52000 4161.62195  17.5%   216 1215s
 15322  9216 4617.43680   47  249 5041.52000 4161.82189  17.4%   216 1230s
 15489  9323 4850.24004   50  201 5041.52000 4167.42615  17.3%   216 1244s
 15648  9482 4673.22443   45  180 5041.52000 4171.00900  17.3%   216 1260s
 15893  9647 4562.09912   51  167 5041.52000 4173.03672  17.2%   216 1276s
 16129  9826 4733.30876   47  205 5041.52000 4174.35344  17.2%   216 1291s
 16371  9975 4537.07615   46  260 5041.52000 4177.07234  17.1%   216 1306s
 16570 10084 4762.56804   58   69 5041.52000 4179.82634  17.1%   216 1321s
 16722 10217 infeasible   68      5041.52000 4180.02680  17.1%   216 1335s
*16856  8917              86    4957.9800000 4181.73042  15.7%   216 1335s
 16916  8987 4718.03557   41  140 4957.98000 4181.73955  15.7%   216 1349s
H16918  8561                    4934.9800000 4181.73955  15.3%   216 1349s
 17074  8669 4821.90824   38  275 4934.98000 4183.70319  15.2%   217 1364s
 17272  8764     cutoff   51      4934.98000 4186.98406  15.2%   217 1378s
 17412  8888 4695.38285   53   98 4934.98000 4188.21616  15.1%   218 1393s
 17637  8986 4517.99877   44  247 4934.98000 4191.20666  15.1%   218 1412s
 17786  9067 4712.12296   50  238 4934.98000 4191.94688  15.1%   218 1427s
 17946  9140 4687.84325   40  400 4934.98000 4195.54196  15.0%   218 1442s
 18054  9280 4800.34049   53  241 4934.98000 4197.41997  14.9%   219 1457s
 18262  9367 4437.16432   37  502 4934.98000 4199.08574  14.9%   219 1472s
 18406  9464 4681.12987   36  370 4934.98000 4201.70507  14.9%   219 1486s
 18550  9586 4666.21431   42  193 4934.98000 4203.11233  14.8%   220 1501s
 18738  9747 4574.57726   39  207 4934.98000 4205.41974  14.8%   220 1516s
 18954  9850 4881.79009   41  405 4934.98000 4206.17090  14.8%   220 1531s
 19118  9965 4334.33311   40  252 4934.98000 4211.09785  14.7%   220 1546s
 19290 10091 4482.93563   45  186 4934.98000 4213.08569  14.6%   220 1561s
 19490 10211 4575.21132   35  252 4934.98000 4214.71279  14.6%   220 1577s
 19666 10219 4586.46670   42  392 4934.98000 4216.05385  14.6%   220 1646s
 19674 10362 4657.43798   46  189 4934.98000 4216.20453  14.6%   220 1662s
 19901 10432 4611.43624   41  227 4934.98000 4217.75640  14.5%   220 1678s
 20002 10498 4550.24929   54  261 4934.98000 4218.25392  14.5%   220 1694s
 20105 10560 4925.77774   44  105 4934.98000 4218.51344  14.5%   221 1709s
 20234 10666 4492.84779   41  404 4934.98000 4220.28776  14.5%   222 1724s
 20382 10817 4638.68734   43  239 4934.98000 4220.92111  14.5%   222 1740s
 20607 10911     cutoff   36      4934.98000 4222.23060  14.4%   222 1756s
 20793 11049     cutoff   68      4934.98000 4224.07209  14.4%   222 1771s
 20997 11189 4785.10210   65   82 4934.98000 4228.28653  14.3%   223 1788s
 21227 11337 4586.37115   44  286 4934.98000 4230.66674  14.3%   223 1805s
 21481 11444 4853.33173   43  249 4934.98000 4232.16189  14.2%   222 1821s
 21698 11562 4460.07463   39  212 4934.98000 4235.76906  14.2%   222 1837s
 21907 11694 4492.63453   45  265 4934.98000 4236.70197  14.1%   222 1853s
 22082 11790 4492.02920   39  126 4934.98000 4239.20440  14.1%   223 1868s
 22252 11923 4476.34205   43  304 4934.98000 4240.93351  14.1%   223 1884s
 22455 12069 4866.19154   50   55 4934.98000 4241.76711  14.0%   223 1899s
 22699 12175 4546.33226   45  265 4934.98000 4243.55695  14.0%   223 1914s
 22842 12264 4628.08311   51  304 4934.98000 4245.48299  14.0%   224 1931s
 23003 12361 4774.44149   52  284 4934.98000 4247.96431  13.9%   224 1947s
 23155 12504 4900.59040   46  258 4934.98000 4249.95679  13.9%   225 1964s
 23356 12608 4923.16836   49  147 4934.98000 4250.62109  13.9%   225 1980s
 23518 12707 4826.62618   50  227 4934.98000 4251.47622  13.9%   225 1995s
 23684 12903 4692.24272   48  240 4934.98000 4252.32159  13.8%   225 2012s
 23947 13003 4549.49861   43  413 4934.98000 4254.38873  13.8%   225 2028s
 24112 13155 4368.03305   40  348 4934.98000 4255.77330  13.8%   225 2044s
 24308 13155 4760.42221   65  134 4934.98000 4256.37989  13.8%   225 2045s
 24331 13271 4847.94360   60  162 4934.98000 4256.70695  13.7%   225 2060s
 24555 13399 4584.19216   34  289 4934.98000 4257.61185  13.7%   225 2075s
 24734 13576 4596.77464   45  298 4934.98000 4258.24126  13.7%   225 2092s
 24988 13671 4655.10879   44  184 4934.98000 4259.13677  13.7%   225 2107s
 25117 13778 4454.03663   41  257 4934.98000 4259.68934  13.7%   226 2123s
 25264 13851 4520.82728   52  140 4934.98000 4260.38652  13.7%   226 2142s
 25456 13970 4479.28244   46  329 4934.98000 4260.45580  13.7%   226 2157s
 25624 14079 4806.16605   37  283 4934.98000 4260.95361  13.7%   226 2173s
 25780 14188 4665.52545   49  192 4934.98000 4261.49499  13.6%   227 2189s
 25967 14337 4809.24805   45  263 4934.98000 4263.13872  13.6%   227 2205s
 26183 14439 4439.93405   54  206 4934.98000 4264.64314  13.6%   227 2221s
 26382 14549 4862.18473   67   69 4934.98000 4266.00880  13.6%   227 2237s
 26562 14661 4449.58284   37  311 4934.98000 4266.68387  13.5%   227 2253s
 26730 14765 4605.70586   40  358 4934.98000 4267.51691  13.5%   227 2269s
 26886 14934 4452.20878   48  198 4934.98000 4268.87384  13.5%   228 2285s
 27125 15020     cutoff   92      4934.98000 4270.33994  13.5%   227 2301s
 27283 15097 4806.97816   46  387 4934.98000 4271.07291  13.5%   228 2317s
 27412 15216 4581.80683   43  177 4934.98000 4271.59506  13.4%   228 2333s
 27602 15354 4567.49281   47  266 4934.98000 4273.48969  13.4%   229 2351s
 27794 15468 4913.43136   49   69 4934.98000 4274.80836  13.4%   229 2366s
 27971 15550     cutoff   41      4934.98000 4275.71200  13.4%   229 2382s
 28136 15676 4589.71572   48  246 4934.98000 4276.56457  13.3%   229 2398s
 28404 15792 4483.08275   34  193 4934.98000 4278.12242  13.3%   229 2413s
 28573 15916 4853.03825   41  320 4934.98000 4278.90310  13.3%   229 2429s
 28742 15916 4756.02595   53   33 4934.98000 4279.64003  13.3%   229 2430s
 28793 16079 4756.53774   61  166 4934.98000 4280.20226  13.3%   229 2446s
 29072 16186 4468.19812   38  241 4934.98000 4281.51310  13.2%   228 2462s
 29250 16361 4431.72198   47  156 4934.98000 4282.13243  13.2%   229 2479s
 29511 16505 4675.60302   43  294 4934.98000 4282.77457  13.2%   228 2495s
 29732 16542 4546.78784   48  171 4934.98000 4283.60851  13.2%   228 2524s
 29803 16653     cutoff   66      4934.98000 4283.71895  13.2%   228 2540s
 29985 16768 4507.00635   35  251 4934.98000 4285.09429  13.2%   229 2555s
 30173 16922 4609.97529   55  169 4934.98000 4286.16528  13.1%   229 2571s
 30396 17052 infeasible   34      4934.98000 4286.96859  13.1%   229 2588s
 30567 17139 4915.14263   50  199 4934.98000 4287.92220  13.1%   229 2603s
 30713 17274 4616.78704   37  344 4934.98000 4288.94561  13.1%   229 2619s
 30893 17394     cutoff   53      4934.98000 4289.29463  13.1%   229 2635s
 31090 17525     cutoff   61      4934.98000 4290.86620  13.1%   229 2650s
 31292 17658 4400.29822   46  246 4934.98000 4291.73231  13.0%   229 2668s
 31490 17767     cutoff   82      4934.98000 4292.10986  13.0%   230 2684s
 31573 17767 4739.90095   46  126 4934.98000 4293.28848  13.0%   230 2685s
 31652 17998 4779.18314   46  342 4934.98000 4293.38584  13.0%   230 2701s
 31981 18110     cutoff   89      4934.98000 4294.39600  13.0%   229 2718s
 32146 18198 4596.49578   43  209 4934.98000 4294.83584  13.0%   229 2734s
 32209 18198 4890.68447   74   53 4934.98000 4294.83584  13.0%   229 2735s
 32344 18286 4437.73131   43  310 4934.98000 4295.58376  13.0%   229 2750s
 32491 18424     cutoff   48      4934.98000 4296.01007  12.9%   230 2765s
H32741 18329                    4925.7100000 4296.98869  12.8%   230 2782s
 32962 18431 4845.54785   49  177 4925.71000 4298.40547  12.7%   230 2799s
 33032 18431 4574.79493   52  231 4925.71000 4298.40547  12.7%   229 2800s
 33144 18541 4578.13902   52  108 4925.71000 4299.46442  12.7%   229 2817s
 33302 18655 4715.15541   54   35 4925.71000 4300.51859  12.7%   230 2833s
 33504 18818 4915.61917   55  318 4925.71000 4301.92200  12.7%   230 2850s
 33745 19046 4559.99571   32  146 4925.71000 4303.50847  12.6%   229 2868s
 34043 19212     cutoff   82      4925.71000 4304.08061  12.6%   229 2886s
*34152 18498              73    4900.6200000 4305.14326  12.2%   229 2887s
H34293 16058                    4839.6200000 4305.14326  11.0%   229 2904s
 34484 16111 4608.49900   52  361 4839.62000 4305.80144  11.0%   229 2920s
 34617 16185 4726.62065   44  175 4839.62000 4306.94474  11.0%   229 2935s
 34787 16261 4606.95521   40  301 4839.62000 4307.84057  11.0%   230 2951s
 34924 16373 4567.03395   51  125 4839.62000 4308.50944  11.0%   230 2973s
 35115 16494 4557.93961   47   66 4839.62000 4308.91596  11.0%   230 2989s
 35339 16573 4367.92125   39  239 4839.62000 4310.32634  10.9%   230 3005s
H35521 11762                    4734.6200000 4311.12196  8.94%   230 3022s
H35559 10541                    4706.6200000 4311.22635  8.40%   231 3022s
 35603 10583     cutoff   53      4706.62000 4311.25707  8.40%   231 3038s
 35773 10660 4640.37494   42  414 4706.62000 4312.42818  8.38%   231 3054s
 35846 10660 4558.84094   51  275 4706.62000 4312.92377  8.36%   231 3055s
 35960 10689     cutoff   46      4706.62000 4313.02602  8.36%   231 3070s
 36084 10747 4671.75486   39  229 4706.62000 4314.31635  8.34%   232 3085s
 36250 10830 4570.62139   56  261 4706.62000 4315.24516  8.32%   232 3101s
 36439 10886 4671.21387   38  250 4706.62000 4316.50504  8.29%   232 3116s
 36593 10960 4544.68201   46  221 4706.62000 4317.33117  8.27%   232 3132s
 36739 11039 4588.17522   48  273 4706.62000 4317.79592  8.26%   233 3149s
 36927 11114     cutoff   38      4706.62000 4319.00739  8.24%   233 3164s
 37113 11154     cutoff   56      4706.62000 4320.08393  8.21%   233 3180s
 37240 11234 4464.52273   39  402 4706.62000 4321.21660  8.19%   233 3195s
 37421 11266 4618.22799   49  196 4706.62000 4321.97582  8.17%   234 3211s
 37552 11348 4496.33562   48  294 4706.62000 4322.59897  8.16%   234 3227s
 37726 11403 4433.68738   46  256 4706.62000 4323.19288  8.15%   234 3243s
 37855 11475 4540.58067   52  306 4706.62000 4323.68790  8.14%   234 3259s
 38033 11540 4664.32570   39  344 4706.62000 4324.42545  8.12%   235 3274s
 38113 11540 4680.87406   38  239 4706.62000 4325.84468  8.09%   235 3275s
 38185 11591     cutoff   47      4706.62000 4325.95489  8.09%   235 3290s
 38342 11703 4480.21809   46  271 4706.62000 4327.28346  8.06%   235 3306s
 38562 11777 4640.64740   60  128 4706.62000 4328.38236  8.04%   235 3323s
 38733 11844 4585.77577   44  269 4706.62000 4329.36810  8.02%   235 3338s
 38897 11884 4479.86509   52  289 4706.62000 4330.24009  8.00%   235 3355s
 39044 11926 4653.21378   55   64 4706.62000 4331.48821  7.97%   236 3371s
 39202 12036 4550.86509   38  284 4706.62000 4333.16135  7.93%   236 3387s
 39436 12089 4667.28316   39  356 4706.62000 4334.09397  7.91%   236 3403s
 39599 12148     cutoff   43      4706.62000 4334.90693  7.90%   236 3418s
 39755 12183     cutoff   51      4706.62000 4335.74727  7.88%   236 3434s
 39901 12303 4456.93386   45  354 4706.62000 4337.19632  7.85%   236 3450s
 40130 12393 4627.20439   36  334 4706.62000 4338.11953  7.83%   236 3466s
 40314 12445     cutoff   40      4706.62000 4338.74794  7.82%   236 3482s
 40486 12505     cutoff   47      4706.62000 4339.42211  7.80%   237 3498s
*40551 11553              62    4685.0500000 4339.42211  7.38%   237 3499s
 40706 11595 4589.88140   43  274 4685.05000 4340.01419  7.36%   237 3514s
 40860 11640 4518.74216   41  282 4685.05000 4340.52405  7.35%   237 3531s
 40974 11693 4594.38275   40  287 4685.05000 4341.12621  7.34%   237 3547s
 41127 11747     cutoff   46      4685.05000 4341.89406  7.32%   237 3563s
 41301 11804 4517.72087   58  127 4685.05000 4343.15810  7.30%   238 3580s
 41481 11845 4667.87802   45  200 4685.05000 4344.38325  7.27%   238 3596s
H41540 10685                    4661.0500000 4344.38325  6.79%   238 3596s
 41631 10694 4626.09715   39  307 4661.05000 4345.06119  6.78%   238 3600s

Cutting planes:
  User: 4107
  Gomory: 25
  Cover: 335
  Implied bound: 30
  Projected implied bound: 34
  Clique: 6
  MIR: 143
  StrongCG: 1
  Flow cover: 478
  Zero half: 8
  Network: 6
  RLT: 230
  Relax-and-lift: 11
  Lazy constraints: 1093

Explored 41648 nodes (9917938 simplex iterations) in 3600.10 seconds
Thread count was 2 (of 32 available processors)

Solution count 10: 4661.05 4685.05 4706.62 ... 5041.52

Time limit reached
Best objective 4.661050000000e+03, best bound 4.345061192226e+03, gap 6.7793%

User-callback calls 284314, time in user-callback 209.40 sec
================================================================================
executing instance: ./input/Instances/Original/4/absH3low_3n10.dat
--------------------------------------------------------------------------------
Instance details
n	11
H	3
C	687
Li:
[0, 0, 0, 0, 0, 0, 0, 0, 0, 0, 0, ]
Ui:
[0, 189, 44, 174, 78, 36, 198, 117, 42, 96, 240, ]
Distance matrix:
|0	209	255	286	142	156	285	317	182	161	135	|
|209	0	464	451	315	356	490	469	361	299	260	|
|255	464	0	221	202	130	74	280	189	254	273	|
|286	451	221	0	145	156	164	479	354	153	192	|
|142	315	202	145	0	73	194	388	250	53	73	|
|156	356	130	156	73	0	134	332	200	127	144	|
|285	490	74	164	194	134	0	353	256	239	267	|
|317	469	280	479	388	332	353	0	141	436	430	|
|182	361	189	354	250	200	256	141	0	296	289	|
|161	299	254	153	53	127	239	436	296	0	39	|
|135	260	273	192	73	144	267	430	289	39	0	|

--------------------------------------------------------------------------------
Building model...
	using lazy and cut (CVRPSEP package)
Solving IRP LP...
--------------------------------------------------------------------------------

Gurobi 9.1.0 (linux64) logging started Tue Jan 26 01:40:06 2021

Gurobi Optimizer version 9.1.0 build v9.1.0rc0 (linux64)
Thread count: 32 physical cores, 32 logical processors, using up to 2 threads
Optimize a model with 380 rows, 956 columns and 2774 nonzeros
Model fingerprint: 0xb996a011
Variable types: 164 continuous, 792 integer (132 binary)
Coefficient statistics:
  Matrix range     [1e+00, 2e+02]
  Objective range  [1e-02, 5e+02]
  Bounds range     [1e+00, 2e+02]
  RHS range        [2e+01, 1e+03]
Presolve removed 44 rows and 11 columns
Presolve time: 0.01s
Presolved: 336 rows, 945 columns, 2499 nonzeros
Variable types: 153 continuous, 792 integer (672 binary)
Found heuristic solution: objective 6484.7100000
Found heuristic solution: objective 5620.2900000

Root relaxation: objective 1.746329e+03, 619 iterations, 0.02 seconds

    Nodes    |    Current Node    |     Objective Bounds      |     Work
 Expl Unexpl |  Obj  Depth IntInf | Incumbent    BestBd   Gap | It/Node Time

     0     0 1746.32912    0   51 5620.29000 1746.32912  68.9%     -    0s
H    0     0                    5606.1700000 1746.32912  68.8%     -    0s
     0     0 2055.92273    0   59 5606.17000 2055.92273  63.3%     -    0s
H    0     0                    4283.4700000 2055.92273  52.0%     -    0s
     0     0 2144.32462    0   61 4283.47000 2144.32462  49.9%     -    0s
     0     0 2351.79558    0   81 4283.47000 2351.79558  45.1%     -    0s
H    0     0                    4176.2100000 2351.79558  43.7%     -    0s
     0     0 2400.08685    0   83 4176.21000 2400.08685  42.5%     -    0s
     0     0 2401.18505    0   88 4176.21000 2401.18505  42.5%     -    0s
     0     0 2406.05534    0   89 4176.21000 2406.05534  42.4%     -    0s
     0     0 2406.89011    0   90 4176.21000 2406.89011  42.4%     -    0s
     0     0 2406.94499    0   94 4176.21000 2406.94499  42.4%     -    0s
     0     0 2510.42142    0   80 4176.21000 2510.42142  39.9%     -    0s
H    0     0                    4113.6900000 2510.42142  39.0%     -    0s
     0     0 2521.70652    0  120 4113.69000 2521.70652  38.7%     -    0s
     0     0 2523.63670    0  124 4113.69000 2523.63670  38.7%     -    0s
     0     0 2525.05043    0  131 4113.69000 2525.05043  38.6%     -    0s
     0     0 2530.24571    0  127 4113.69000 2530.24571  38.5%     -    0s
     0     0 2531.81011    0  130 4113.69000 2531.81011  38.5%     -    0s
     0     0 2531.81528    0  132 4113.69000 2531.81528  38.5%     -    0s
     0     0 2565.73610    0  111 4113.69000 2565.73610  37.6%     -    0s
     0     0 2568.49950    0  115 4113.69000 2568.49950  37.6%     -    0s
     0     0 2568.66965    0  120 4113.69000 2568.66965  37.6%     -    0s
     0     0 2605.61260    0   79 4113.69000 2605.61260  36.7%     -    0s
     0     0 2606.82943    0  141 4113.69000 2606.82943  36.6%     -    0s
     0     0 2606.90486    0  140 4113.69000 2606.90486  36.6%     -    0s
     0     0 2658.03456    0  119 4113.69000 2658.03456  35.4%     -    0s
H    0     0                    4075.6900000 2658.03456  34.8%     -    0s
     0     0 2658.26429    0   78 4075.69000 2658.26429  34.8%     -    0s
     0     0 2681.14345    0   81 4075.69000 2681.14345  34.2%     -    0s
     0     0 2681.83221    0  128 4075.69000 2681.83221  34.2%     -    0s
     0     0 2682.47504    0   67 4075.69000 2682.47504  34.2%     -    0s
     0     0 2682.67163    0  125 4075.69000 2682.67163  34.2%     -    0s
     0     0 2683.04378    0  148 4075.69000 2683.04378  34.2%     -    0s
     0     0 2683.59760    0  144 4075.69000 2683.59760  34.2%     -    0s
H    0     0                    3988.5900000 2683.60834  32.7%     -    0s
     0     2 2683.66830    0  132 3988.59000 2683.66830  32.7%     -    0s
H   27    31                    3784.7500000 2782.97927  26.5%   147    1s
H   88    81                    3561.7500000 2791.83206  21.6%   110    1s
H  121   116                    3446.3600000 2791.83206  19.0%   107    1s
H  144   126                    3367.3600000 2791.83206  17.1%  94.7    1s
H  272   217                    3238.5800000 2793.68758  13.7%  86.7    2s
H  339   258                    3230.5800000 2793.68758  13.5%  85.3    3s
H  349   250                    3212.5800000 2793.68758  13.0%  84.3    3s
H  461   274                    3199.5800000 2823.43024  11.8%  91.2    3s
H  591   267                    3112.3600000 2843.66096  8.63%  95.4    4s
   623   270     cutoff    9      3112.36000 2855.26290  8.26%  93.7    5s
*  939   263              41    3111.1000000 2878.63602  7.47%  90.5    9s

Cutting planes:
  User: 82
  Gomory: 6
  Cover: 73
  Implied bound: 10
  Projected implied bound: 7
  Clique: 2
  MIR: 74
  StrongCG: 2
  Flow cover: 117
  Zero half: 5
  Network: 1
  RLT: 87
  Relax-and-lift: 3

Explored 1024 nodes (93211 simplex iterations) in 9.36 seconds
Thread count was 2 (of 32 available processors)

Solution count 10: 3111.1 3112.36 3199.58 ... 3784.75

Optimal solution found (tolerance 1.00e-04)
Best objective 3.111100000000e+03, best bound 3.111100000000e+03, gap 0.0000%

User-callback calls 3980, time in user-callback 0.81 sec
================================================================================
executing instance: ./input/Instances/Original/4/absH3low_3n15.dat
--------------------------------------------------------------------------------
Instance details
n	16
H	3
C	1267
Li:
[0, 0, 0, 0, 0, 0, 0, 0, 0, 0, 0, 0, 0, 0, 0, 0, ]
Ui:
[0, 156, 267, 148, 144, 87, 33, 171, 76, 141, 270, 282, 60, 110, 172, 57, ]
Distance matrix:
