




arguments: ./build/mirp_solver -f ./input/orig_exec_324.cfg
Current dir: /scratch/gui/bnc_mirp
File verbosity level: 9
date       time         ( uptime  ) [ thread name/id ]                   file:line     v| 
2021-01-23 08:40:59.958 (   0.294s) [main thread     ]             loguru.cpp:789   INFO| Logging to './output/vi_lex_half/OU/V4/Original/execution_23_01_2021_08_40_59.log', mode: 'a', verbosity: 9
--------------------------------------------------------------------------------
Parameters
                           instance_path           ./input/Instances/Original/1/
                            model_policy                                       1
                             nb_vehicles                                       4
                              output_dir    ./output/vi_lex_half/OU/V4/Original/
                            sec_strategy                                       1
                       solver_nb_threads                                       2
                         solver_show_log                                    true
                       solver_time_limit                                    3600
                              use_vi_cos                                   false
                              use_vi_cus                                   false
                         use_vi_hc1_full                                   false
                         use_vi_hc1_half                                   false
                      use_vi_hc1_quarter                                   false
                              use_vi_hc2                                   false
                              use_vi_hc3                                   false
                         use_vi_lex_full                                   false
                         use_vi_lex_half                                    true
                      use_vi_lex_quarter                                   false
                              use_vi_qua                                   false
                               use_vi_vc                                   false
                               use_vi_vr                                   false
--------------------------------------------------------------------------------
executing instance: ./input/Instances/Original/1/absH3high_1n5.dat
--------------------------------------------------------------------------------
Instance details
n	6
H	3
C	289
Li:
[0, 0, 0, 0, 0, 0, ]
Ui:
[0, 195, 105, 116, 72, 22, ]
Distance matrix:
|0	85	349	17	203	289	|
|85	0	265	102	214	226	|
|349	265	0	366	368	238	|
|17	102	366	0	207	302	|
|203	214	368	207	0	431	|
|289	226	238	302	431	0	|

--------------------------------------------------------------------------------
Building model...
	using lazy and cut (CVRPSEP package)
Solving IRP LP...
--------------------------------------------------------------------------------

Gurobi 9.1.0 (linux64) logging started Sat Jan 23 08:41:00 2021

Gurobi Optimizer version 9.1.0 build v9.1.0rc0 (linux64)
Thread count: 32 physical cores, 32 logical processors, using up to 2 threads
Optimize a model with 210 rows, 336 columns and 1113 nonzeros
Model fingerprint: 0x4ac5286d
Variable types: 84 continuous, 252 integer (72 binary)
Coefficient statistics:
  Matrix range     [1e+00, 2e+02]
  Objective range  [2e-01, 4e+02]
  Bounds range     [1e+00, 2e+02]
  RHS range        [1e+01, 5e+02]
Presolve removed 24 rows and 6 columns
Presolve time: 0.01s
Presolved: 186 rows, 330 columns, 973 nonzeros
Variable types: 78 continuous, 252 integer (192 binary)
Found heuristic solution: objective 5180.4600000

Root relaxation: objective 1.817850e+03, 354 iterations, 0.01 seconds

    Nodes    |    Current Node    |     Objective Bounds      |     Work
 Expl Unexpl |  Obj  Depth IntInf | Incumbent    BestBd   Gap | It/Node Time

     0     0 1817.85045    0   32 5180.46000 1817.85045  64.9%     -    0s
H    0     0                    4485.7600000 1817.85045  59.5%     -    0s
     0     0 1984.13590    0   41 4485.76000 1984.13590  55.8%     -    0s
H    0     0                    3784.6800000 1984.13590  47.6%     -    0s
     0     0 2193.96255    0   75 3784.68000 2193.96255  42.0%     -    0s
H    0     0                    3654.9700000 2193.96255  40.0%     -    0s
     0     0 2200.91281    0   65 3654.97000 2200.91281  39.8%     -    0s
     0     0 2202.78906    0   84 3654.97000 2202.78906  39.7%     -    0s
     0     0 2348.31056    0   61 3654.97000 2348.31056  35.8%     -    0s
H    0     0                    3494.0700000 2348.31056  32.8%     -    0s
     0     0 2348.31056    0   61 3494.07000 2348.31056  32.8%     -    0s
     0     0 2363.64982    0   59 3494.07000 2363.64982  32.4%     -    0s
     0     0 2372.93243    0   84 3494.07000 2372.93243  32.1%     -    0s
     0     0 2374.17278    0   74 3494.07000 2374.17278  32.1%     -    0s
     0     0 2374.17278    0   79 3494.07000 2374.17278  32.1%     -    0s
     0     0 2382.74427    0   79 3494.07000 2382.74427  31.8%     -    0s
     0     0 2383.63877    0   74 3494.07000 2383.63877  31.8%     -    0s
     0     0 2383.67426    0   74 3494.07000 2383.67426  31.8%     -    0s
     0     0 2398.83568    0   68 3494.07000 2398.83568  31.3%     -    0s
H    0     0                    2825.3500000 2398.83568  15.1%     -    0s
     0     0 2401.04186    0   90 2825.35000 2401.04186  15.0%     -    0s
     0     0 2403.48438    0   96 2825.35000 2403.48438  14.9%     -    0s
     0     0 2404.63469    0   99 2825.35000 2404.63469  14.9%     -    0s
     0     0 2404.81228    0   99 2825.35000 2404.81228  14.9%     -    0s
     0     0 2415.72257    0   81 2825.35000 2415.72257  14.5%     -    0s
     0     0 2416.69586    0   96 2825.35000 2416.69586  14.5%     -    0s
     0     0 2416.69928    0   93 2825.35000 2416.69928  14.5%     -    0s
     0     0 2419.07281    0   92 2825.35000 2419.07281  14.4%     -    0s
     0     0 2436.27041    0  104 2825.35000 2436.27041  13.8%     -    0s
     0     0 2445.93105    0   17 2825.35000 2445.93105  13.4%     -    0s
     0     0 2445.93105    0   45 2825.35000 2445.93105  13.4%     -    0s
     0     0 2445.93105    0   36 2825.35000 2445.93105  13.4%     -    0s
     0     0 2455.57684    0   60 2825.35000 2455.57684  13.1%     -    0s
     0     0 2468.92349    0   59 2825.35000 2468.92349  12.6%     -    0s
     0     0 2469.34992    0   64 2825.35000 2469.34992  12.6%     -    0s
     0     0 2469.72091    0   66 2825.35000 2469.72091  12.6%     -    0s
     0     0 2634.11649    0   48 2825.35000 2634.11649  6.77%     -    0s
     0     0 2637.63182    0   50 2825.35000 2637.63182  6.64%     -    0s
     0     0 2647.35155    0   53 2825.35000 2647.35155  6.30%     -    0s
     0     0 2648.96026    0   56 2825.35000 2648.96026  6.24%     -    0s
     0     0 2648.96026    0   53 2825.35000 2648.96026  6.24%     -    0s
     0     0 2649.85503    0   57 2825.35000 2649.85503  6.21%     -    0s
     0     0 2676.26863    0   58 2825.35000 2676.26863  5.28%     -    0s
     0     0 2681.28058    0   34 2825.35000 2681.28058  5.10%     -    0s
     0     0 2681.28058    0   34 2825.35000 2681.28058  5.10%     -    0s
H    0     0                    2703.3300000 2681.28058  0.82%     -    0s
     0     0     cutoff    0      2703.33000 2703.33000  0.00%     -    0s

Explored 1 nodes (2304 simplex iterations) in 0.48 seconds
Thread count was 2 (of 32 available processors)

Solution count 7: 2703.33 2825.35 3494.07 ... 5180.46

Optimal solution found (tolerance 1.00e-04)
Best objective 2.703330000000e+03, best bound 2.703330000000e+03, gap 0.0000%

User-callback calls 401, time in user-callback 0.02 sec
================================================================================
executing instance: ./input/Instances/Original/1/absH3high_1n45.dat
--------------------------------------------------------------------------------
Instance details
n	46
H	3
C	3462
Li:
[0, 0, 0, 0, 0, 0, 0, 0, 0, 0, 0, 0, 0, 0, 0, 0, 0, 0, 0, 0, 0, 0, 0, 0, 0, 0, 0, 0, 0, 0, 0, 0, 0, 0, 0, 0, 0, 0, 0, 0, 0, 0, 0, 0, 0, 0, ]
Ui:
[0, 273, 270, 36, 165, 192, 148, 45, 30, 75, 180, 198, 112, 117, 90, 64, 180, 22, 264, 174, 168, 270, 86, 66, 26, 66, 237, 156, 92, 108, 144, 72, 30, 45, 94, 54, 174, 96, 198, 136, 44, 180, 210, 249, 198, 48, ]
Distance matrix:
|0	281	201	160	249	201	93	431	236	139	252	136	116	166	390	110	349	374	303	180	327	464	236	70	44	461	346	439	363	254	312	426	305	206	71	137	169	200	247	260	20	219	256	253	460	278	|
|281	0	448	170	53	142	338	184	121	290	371	390	222	302	111	289	169	434	230	177	238	441	59	212	319	211	86	235	399	306	53	176	99	202	263	157	361	101	370	201	264	344	364	374	469	184	|
|201	448	0	285	430	325	114	556	361	171	191	64	228	174	546	294	453	306	364	289	388	435	393	254	157	585	491	536	318	254	490	554	436	407	266	292	108	388	186	337	207	181	205	190	408	364	|
|160	170	285	0	169	43	182	280	80	120	208	231	58	132	262	230	190	294	151	24	174	345	112	107	183	309	207	280	268	158	219	276	155	235	187	45	192	150	205	107	140	177	202	210	356	119	|
|249	53	430	169	0	152	317	238	145	282	377	369	212	299	157	242	215	452	261	183	273	474	76	181	290	264	140	287	421	320	63	229	145	148	221	142	352	53	374	226	234	346	370	378	498	215	|
|201	142	325	43	152	0	224	237	37	156	230	273	101	164	224	261	148	300	127	38	147	333	83	142	225	266	167	238	270	168	193	233	112	246	221	70	228	148	228	84	180	202	222	232	351	87	|
|93	338	114	182	317	224	0	460	262	92	180	52	124	112	440	199	364	307	292	191	317	415	284	140	57	490	387	452	304	208	377	457	336	297	163	181	84	274	175	256	95	152	188	180	402	280	|
|431	184	556	280	238	237	460	0	199	385	420	508	337	385	108	464	110	429	219	269	206	378	202	365	460	30	98	84	388	340	204	9	126	386	432	294	453	283	421	226	411	404	408	423	422	198	|
|236	121	361	80	145	37	262	199	0	191	255	310	138	197	191	290	114	312	118	72	133	330	69	175	262	229	132	204	279	186	174	195	75	258	251	102	262	153	254	81	216	230	246	257	353	72	|
|139	290	171	120	282	156	92	385	191	0	116	129	71	27	380	246	283	235	201	119	226	329	231	141	129	414	323	367	224	119	336	383	266	308	202	141	72	252	112	169	127	82	118	117	322	195	|
|252	371	191	208	377	230	180	420	255	116	0	187	178	90	443	361	311	127	204	195	224	246	313	257	232	446	382	380	129	81	423	421	320	422	318	242	100	355	5	195	241	34	15	2	225	224	|
|136	390	64	231	369	273	52	508	310	129	187	0	173	141	491	233	409	313	330	239	355	431	335	191	93	538	438	495	316	233	429	505	385	342	203	233	88	325	182	297	143	167	199	187	412	323	|
|116	222	228	58	212	101	124	337	138	71	178	173	0	91	319	206	244	284	187	69	212	357	165	85	130	367	265	333	264	151	267	333	213	244	161	70	140	181	175	145	97	145	177	180	359	165	|
|166	302	174	132	299	164	112	385	197	27	90	141	91	0	388	273	280	208	191	127	215	305	243	167	153	413	329	361	198	96	351	383	270	333	229	159	68	272	86	163	153	56	92	91	296	190	|
|390	111	546	262	157	224	440	108	191	380	443	491	319	388	0	399	164	480	264	261	261	456	156	320	426	125	62	186	442	369	107	99	125	300	374	260	452	210	443	252	372	420	433	446	494	227	|
|110	289	294	230	242	261	199	464	290	246	361	233	206	273	399	0	402	480	382	254	404	562	262	124	143	493	369	490	466	355	302	457	344	135	45	191	279	189	356	337	120	328	364	362	563	348	|
|349	169	453	190	215	148	364	110	114	283	311	409	244	280	164	402	0	324	110	174	101	292	151	289	372	135	109	90	284	230	212	111	70	354	364	216	348	245	312	118	329	295	298	313	330	90	|
|374	434	306	294	452	300	307	429	312	235	127	313	284	208	480	480	324	0	216	274	223	137	380	368	357	448	419	367	40	136	487	432	358	525	436	336	227	443	132	234	361	156	119	127	102	255	|
|303	230	364	151	261	127	292	219	118	201	204	330	187	191	264	382	110	216	0	128	25	213	185	258	314	243	203	176	178	123	282	221	144	372	338	193	256	270	206	45	283	193	191	206	239	46	|
|180	177	289	24	183	38	191	269	72	119	195	239	69	127	261	254	174	274	128	0	151	321	118	130	198	299	204	263	246	139	228	266	147	258	211	68	191	169	193	83	159	166	188	197	333	98	|
|327	238	388	174	273	147	317	206	133	226	224	355	212	215	261	404	101	223	25	151	0	203	198	281	339	228	202	156	184	143	288	209	146	390	362	215	280	286	226	68	308	215	210	226	235	61	|
|464	441	435	345	474	333	415	378	330	329	246	431	357	305	456	562	292	137	213	321	203	0	398	440	458	390	400	301	117	211	492	384	348	578	517	389	344	480	251	251	448	265	233	246	54	259	|
|236	59	393	112	76	83	284	202	69	231	313	335	165	243	156	262	151	380	185	118	198	398	0	167	270	231	110	233	347	250	110	195	85	203	230	103	303	95	311	150	217	284	305	315	422	139	|
|70	212	254	107	181	142	140	365	175	141	257	191	85	167	320	124	289	368	258	130	281	440	167	0	109	394	277	378	349	236	244	359	239	167	81	73	196	135	253	213	53	223	257	258	444	226	|
|44	319	157	183	290	225	57	460	262	129	232	93	130	153	426	143	372	357	314	198	339	458	270	109	0	490	379	462	351	247	353	456	334	250	110	168	140	243	226	274	56	201	238	232	449	294	|
|461	211	585	309	264	266	490	30	229	414	446	538	367	413	125	493	135	448	243	299	228	390	231	394	490	0	125	89	408	365	226	36	156	412	462	324	481	311	447	253	441	430	433	448	436	225	|
|346	86	491	207	140	167	387	98	132	323	382	438	265	329	62	369	109	419	203	204	202	400	110	277	379	125	0	155	381	307	113	90	63	288	339	211	394	186	382	190	327	359	371	384	436	165	|
|439	235	536	280	287	238	452	84	204	367	380	495	333	361	186	490	90	367	176	263	156	301	233	378	462	89	155	0	326	299	267	92	148	432	454	306	429	325	382	199	419	369	366	382	348	172	|
|363	399	318	268	421	270	304	388	279	224	129	316	264	198	442	466	284	40	178	246	184	117	347	349	351	408	381	326	0	113	452	391	321	502	422	311	229	415	134	199	348	152	118	130	98	219	|
|254	306	254	158	320	168	208	340	186	119	81	233	151	96	369	355	230	136	123	139	143	211	250	236	247	365	307	299	113	0	359	340	244	390	310	200	148	308	83	117	238	74	68	83	208	145	|
|312	53	490	219	63	193	377	204	174	336	423	429	267	351	107	302	212	487	282	228	288	492	110	244	353	226	113	267	452	359	0	195	145	194	283	199	407	115	421	254	296	394	415	425	521	237	|
|426	176	554	276	229	233	457	9	195	383	421	505	333	383	99	457	111	432	221	266	209	384	195	359	456	36	90	92	391	340	195	0	122	378	426	289	451	275	421	226	406	404	408	423	427	197	|
|305	99	436	155	145	112	336	126	75	266	320	385	213	270	125	344	70	358	144	147	146	348	85	239	334	156	63	148	321	244	145	122	0	286	310	168	336	177	320	128	285	298	309	322	381	103	|
|206	202	407	235	148	246	297	386	258	308	422	342	244	333	300	135	354	525	372	258	390	578	203	167	250	412	288	432	502	390	194	378	286	0	144	191	362	109	418	329	202	388	421	423	591	329	|
|71	263	266	187	221	221	163	432	251	202	318	203	161	229	374	45	364	436	338	211	362	517	230	81	110	462	339	454	422	310	283	426	310	144	0	150	239	168	313	294	77	285	321	319	518	306	|
|137	157	292	45	142	70	181	294	102	141	242	233	70	159	260	191	216	336	193	68	215	389	103	73	168	324	211	306	311	200	199	289	168	191	150	0	210	113	239	148	117	210	238	244	400	157	|
|169	361	108	192	352	228	84	453	262	72	100	88	140	68	452	279	348	227	256	191	280	344	303	196	140	481	394	429	229	148	407	451	336	362	239	210	0	318	95	231	164	79	111	100	325	258	|
|200	101	388	150	53	148	274	283	153	252	355	325	181	272	210	189	245	443	270	169	286	480	95	135	243	311	186	325	415	308	115	275	177	109	168	113	318	0	352	230	187	323	351	357	498	225	|
|247	370	186	205	374	228	175	421	254	112	5	182	175	86	443	356	312	132	206	193	226	251	311	253	226	447	382	382	134	83	421	421	320	418	313	239	95	352	0	196	237	30	19	6	230	224	|
|260	201	337	107	226	84	256	226	81	169	195	297	145	163	252	337	118	234	45	83	68	251	150	213	274	253	190	199	199	117	254	226	128	329	294	148	231	230	196	0	240	178	184	198	272	29	|
|20	264	207	140	234	180	95	411	216	127	241	143	97	153	372	120	329	361	283	159	308	448	217	53	56	441	327	419	348	238	296	406	285	202	77	117	164	187	237	240	0	208	245	242	446	257	|
|219	344	181	177	346	202	152	404	230	82	34	167	145	56	420	328	295	156	193	166	215	265	284	223	201	430	359	369	152	74	394	404	298	388	285	210	79	323	30	178	208	0	37	35	250	206	|
|256	364	205	202	370	222	188	408	246	118	15	199	177	92	433	364	298	119	191	188	210	233	305	257	238	433	371	366	118	68	415	408	309	421	321	238	111	351	19	184	245	37	0	17	214	212	|
|253	374	190	210	378	232	180	423	257	117	2	187	180	91	446	362	313	127	206	197	226	246	315	258	232	448	384	382	130	83	425	423	322	423	319	244	100	357	6	198	242	35	17	0	225	226	|
|460	469	408	356	498	351	402	422	353	322	225	412	359	296	494	563	330	102	239	333	235	54	422	444	449	436	436	348	98	208	521	427	381	591	518	400	325	498	230	272	446	250	214	225	0	285	|
|278	184	364	119	215	87	280	198	72	195	224	323	165	190	227	348	90	255	46	98	61	259	139	226	294	225	165	172	219	145	237	197	103	329	306	157	258	225	224	29	257	206	212	226	285	0	|

--------------------------------------------------------------------------------
Building model...
	using lazy and cut (CVRPSEP package)
Solving IRP LP...
--------------------------------------------------------------------------------

Gurobi 9.1.0 (linux64) logging started Sat Jan 23 08:41:00 2021

Gurobi Optimizer version 9.1.0 build v9.1.0rc0 (linux64)
Thread count: 32 physical cores, 32 logical processors, using up to 2 threads
Optimize a model with 1570 rows, 13696 columns and 31273 nonzeros
Model fingerprint: 0x2d88637b
Variable types: 724 continuous, 12972 integer (552 binary)
Coefficient statistics:
  Matrix range     [1e+00, 8e+06]
  Objective range  [1e-01, 6e+02]
  Bounds range     [1e+00, 3e+02]
  RHS range        [1e+01, 6e+03]
Presolve removed 184 rows and 46 columns
Presolve time: 0.05s
Presolved: 1386 rows, 13650 columns, 29918 nonzeros
Variable types: 678 continuous, 12972 integer (12432 binary)

Root relaxation: objective 1.313329e+04, 1672 iterations, 0.07 seconds

    Nodes    |    Current Node    |     Objective Bounds      |     Work
 Expl Unexpl |  Obj  Depth IntInf | Incumbent    BestBd   Gap | It/Node Time

     0     0 13133.2868    0  121          - 13133.2868      -     -    0s
     0     0 13442.5188    0  184          - 13442.5188      -     -    0s
     0     0 13898.8606    0  241          - 13898.8606      -     -    1s
     0     0 13948.0824    0  250          - 13948.0824      -     -    1s
     0     0 13948.5597    0  255          - 13948.5597      -     -    1s
     0     0 14063.9859    0  252          - 14063.9859      -     -    1s
     0     0 14065.7876    0  252          - 14065.7876      -     -    2s
     0     0 14065.7948    0  273          - 14065.7948      -     -    2s
     0     0 14122.8465    0  292          - 14122.8465      -     -    2s
     0     0 14143.3039    0  267          - 14143.3039      -     -    3s
     0     0 14160.2557    0  250          - 14160.2557      -     -    3s
     0     0 14161.0482    0  291          - 14161.0482      -     -    3s
     0     0 14201.4587    0  265          - 14201.4587      -     -    4s
     0     0 14213.0746    0  250          - 14213.0746      -     -    4s
     0     0 14215.7443    0  295          - 14215.7443      -     -    4s
     0     0 14248.0029    0  332          - 14248.0029      -     -    4s
     0     0 14293.6341    0  340          - 14293.6341      -     -    4s
     0     0 14305.5035    0  321          - 14305.5035      -     -    5s
     0     0 14306.5257    0  363          - 14306.5257      -     -    5s
     0     0 14376.1478    0  421          - 14376.1478      -     -    6s
     0     0 14389.6932    0  420          - 14389.6932      -     -    6s
     0     0 14394.0000    0  407          - 14394.0000      -     -    6s
     0     0 14398.4851    0  420          - 14398.4851      -     -    6s
     0     0 14398.7412    0  471          - 14398.7412      -     -    6s
     0     0 14414.5002    0  415          - 14414.5002      -     -    7s
     0     0 14416.2973    0  373          - 14416.2973      -     -    7s
     0     0 14425.4717    0  364          - 14425.4717      -     -    8s
     0     0 14427.5503    0  432          - 14427.5503      -     -    8s
     0     0 14428.4408    0  455          - 14428.4408      -     -    8s
     0     0 14431.1451    0  374          - 14431.1451      -     -    9s
     0     0 14431.4102    0  410          - 14431.4102      -     -    9s
     0     2 14438.5499    0  395          - 14438.5499      -     -   11s
    19    22 14462.3114    6  442          - 14443.2168      -   627   15s
    57    59 14519.7649   16  360          - 14443.2168      -   514   20s
    89    93 14625.3963   27  235          - 14443.2168      -   486   25s
   139   138 14803.5677   41  195          - 14443.2168      -   426   30s
   194   194 15287.7663   59  135          - 14443.2168      -   377   36s
   271   300 16060.1490   92  130          - 14443.2168      -   311   40s
   519   507 16374.0270  140   58          - 14443.2168      -   192   45s
   762   766 14491.2186    4  438          - 14443.2274      -   146   50s
   940   889 14508.6514   10  446          - 14443.2274      -   127   55s
   952   895 14590.0402   16  412          - 14462.3289      -   127   60s
   965   903 15302.3810   57  474          - 14512.4595      -   125   65s
   976   911 17570.3925  202  560          - 14531.1343      -   124   70s
   992   921 18843.9750  280  514          - 14545.0101      -   122   75s
  1000   927 15713.2636   84  524          - 14547.3965      -   121   80s
  1009   933 14656.9259   22  489          - 14548.9837      -   120   85s
  1013   935 14613.8567   22  487          - 14548.9974      -   120   90s
  1023   943 18069.1403  242  348          - 14548.9974      -   139   95s
  1036   952 16098.6013   96  523          - 14548.9974      -   138  100s
  1040   954 17021.5167  160  489          - 14548.9974      -   137  106s
  1042   956 14590.0661   16  487          - 14558.6751      -   137  114s
  1043   959 14558.6751   28  405          - 14558.6751      -   147  119s
  1044   959 14587.1884   28  424          - 14558.6751      -   148  120s
  1047   962 14601.2393   29  294          - 14560.1995      -   149  127s
  1051   965 14586.1292   30  411          - 14569.4862      -   152  131s
  1063   975 14581.1098   34  392          - 14581.1098      -   157  136s
  1081   989 14616.7944   39  339          - 14582.9701      -   162  140s
  1121  1012 14676.3839   50  323          - 14582.9701      -   169  145s
  1151  1036 14851.5651   59  284          - 14582.9701      -   174  150s
  1217  1087 15124.1308   77  212          - 14582.9701      -   178  156s
  1285  1136 15423.9027   99  166          - 14582.9701      -   180  160s
  1374  1227 16088.4725  129   62          - 14582.9701      -   178  165s
  1547  1367 17001.0696  187   46          - 14582.9701      -   167  170s
  1739  1516 17856.7843  242   27          - 14582.9701      -   157  175s
  1991  1620 14677.0697   34  373          - 14583.1908      -   143  180s
  2123  1605 14732.4679   39  267          - 14583.1908      -   138  185s
  2149  1617 14822.2415   45  290          - 14583.1908      -   141  190s
  2182  1644 14963.2035   54  219          - 14583.1908      -   144  195s
  2233  1681 15208.3989   70  112          - 14583.1908      -   146  200s
  2307  1744 15557.4974   93  146          - 14583.1908      -   148  206s
  2386  1794 15751.5051  112  112          - 14583.1908      -   148  210s
  2462  1842 16440.5034  133  122          - 14583.1908      -   149  215s
  2594  1948 16964.5820  167   64          - 14583.1908      -   146  221s
  2709  2043 17644.4895  205   83          - 14583.1908      -   143  225s
  2886  2187 17926.6612  268   50          - 14583.1908      -   139  232s
  2993  2242 18201.9891  304   46          - 14583.1908      -   136  236s
  3189  2300 14661.7989   34  419          - 14585.8213      -   131  242s
  3298  2377 14757.2707   41  342          - 14585.8213      -   131  247s
  3362  2382 14874.7141   44  303          - 14585.8213      -   131  250s
  3424  2399 14886.8594   54  243          - 14585.8213      -   131  255s
  3480  2436 15129.4099   71  254          - 14585.8213      -   133  260s
  3539  2533 15161.3417   97  100          - 14585.8213      -   134  266s
  3668  2598 15410.4077  167   64          - 14585.8213      -   132  270s
  3831  2667 14704.0860   36  409          - 14586.1399      -   131  278s
  3882  2697 14803.9498   42  350          - 14586.1399      -   131  281s
  3931  2730 14939.9084   45  235          - 14586.1399      -   132  286s
  4049  2821 16559.6486  195   34          - 14586.1399      -   132  290s
  4186  2939 16865.2890  260   96          - 14586.1399      -   131  295s
  4358  3334 15076.8190   70  190          - 14586.1399      -   129  304s
  4375  3334 15267.0866   75  140          - 14586.1399      -   129  305s
  4608  3506 15268.0735   85  158          - 14586.1399      -   125  311s
  4822  3615 15443.6447  125   70          - 14586.1399      -   122  317s
  4922  3621 15717.6799  160   53          - 14586.1399      -   122  335s
  4945  3833 15764.4961  167   72          - 14586.1399      -   122  340s
  5192  3870 19042.4338  248   49          - 14597.9801      -   119  345s
  5245  3931 14802.1853   39  307          - 14597.9801      -   120  350s
  5396  4024 15498.1079  132  139          - 14597.9801      -   121  356s
  5399  4219 14921.2498   66  170          - 14597.9801      -   121  360s
  5594  4687 15162.8003  102   85          - 14597.9801      -   120  369s
  5611  4687 15185.0689  116   95          - 14597.9801      -   119  370s
  6155  4948 15630.1487  255   13          - 14608.3855      -   112  380s
  6419  4971 14938.7091   38  505          - 14608.3855      -   110  387s
  6440  5016 14771.7001   40  446          - 14608.3855      -   111  391s
  6485  5074 14866.0931   48  363          - 14608.3855      -   112  396s
  6543  5236 15000.5887   57  282          - 14608.3855      -   113  402s
  6705  5475 15130.6195   69  240          - 14608.3855      -   112  410s
  6994  5539 15262.3302   85  226          - 14608.3855      -   110  418s
  7038  5626 15416.0300  104  146          - 14608.3855      -   111  423s
  7125  5835 15688.2461  129   43          - 14608.3855      -   112  429s
  7193  5835 15874.1319  177   21          - 14608.3855      -   112  430s
  7336  6104 16782.8509  215   29          - 14609.4859      -   111  438s
  7459  6104 17423.8800  269   34          - 14609.4859      -   111  440s
  7662  6295 14961.1104   37  256          - 14609.4859      -   110  449s
  7811  6295 15998.5406  165   43          - 14609.4859      -   110  450s
  7845  6373 15085.6695   45  258          - 14609.4859      -   110  457s
  8003  6434 15244.2164   54   91          - 14609.4859      -   110  465s
  8064  6644 15368.9177   87   74          - 14611.2085      -   111  475s
  8307  7035 14787.2207   39  464          - 14611.2085      -   111  485s
  8776  7121 15033.2800   61   93          - 14611.2085      -   108  495s
  8881  7429 15315.7195   81   72          - 14626.9507      -   108  504s
  8898  7429 15284.2601   96  100          - 14626.9507      -   109  505s
  9204  7577 14772.4644   38  445          - 14626.9507      -   107  515s
  9353  7785 14998.2641   52  260          - 14626.9507      -   108  524s
  9403  7785 16070.7266  159   10          - 14626.9507      -   108  525s
  9661  7999 15277.8340   66  147          - 14626.9507      -   107  533s
  9763  7999 15726.3970  119   59          - 14626.9507      -   107  535s
  9834  8146 16313.7769  146   72          - 14627.8117      -   107  541s
 10015  8264 14878.9536   47  313          - 14627.8117      -   107  550s
 10133  8546 15204.4594   64  178          - 14627.8117      -   108  558s
 10340  8546 16645.9693  178   60          - 14627.8117      -   108  560s
 10417  8888 15737.3421  116   18          - 14630.8351      -   108  569s
 10522  8888 16116.9900  166   10          - 14630.8351      -   107  570s
 10881  8972 14712.4526   35  299          - 14630.8352      -   105  578s
 10928  9077 14980.2830   51  114          - 14630.8352      -   106  585s
 11033  9512 15601.5249   88   93          - 14630.8352      -   107  594s
 11050  9512 15442.6792  101   44          - 14630.8352      -   107  595s
 11495  9779 17305.6107  208   73          - 14632.9069      -   105  616s
 11722  9805 18625.0300  281    -          - 14632.9069      -   104  620s
 11882  9881 14958.5106   43  257          - 14635.2474      -   104  627s
 11951 10012 15109.8687   74  161          - 14635.2474      -   105  634s
 11985 10012 15189.6924   95   24          - 14635.2474      -   105  635s
 12082 10647 15271.2369  124   46          - 14636.4545      -   105  644s
 12184 10649 15466.8686  180    5          - 14636.4545      -   105  645s
 12831 10800 15579.6136  137   47          - 14645.2554      -   102  656s
 12990 10844 14919.3785   44  321          - 14645.2571      -   102  663s
 13030 10910 15028.5748   52  314          - 14645.2571      -   103  669s
 13047 10910 15110.4847   56  240          - 14645.2571      -   103  670s
 13096 11000 15180.8125   61  221          - 14645.2571      -   104  677s
 13186 11190 15312.6075   71  186          - 14645.2571      -   104  684s
 13220 11190 15437.0852   92  111          - 14645.2571      -   105  685s
 13398 11355 15618.7325  120   27          - 14645.2571      -   105  693s
 13535 11355 16041.6166  209   23          - 14645.2571      -   104  695s
 13565 11622 16288.5485  213   36          - 14657.3687      -   105  703s
 13750 11622 14993.3153   48   90          - 14657.3709      -   104  705s
 13889 11662 14984.7913   46  288          - 14657.3709      -   104  712s
 13929 11700 15203.5572   57  233          - 14657.3709      -   105  719s
 13967 11838 15267.3497   65  156          - 14657.3709      -   105  726s
 14105 12203 15650.1868   91   52          - 14659.4863      -   106  737s
 14576 12308 14729.5110   32  546          - 14659.4863      -   104  748s
 14636 12468 14840.8983   38  507          - 14659.4863      -   105  758s
 14826 12770 14959.5137   41  352          - 14659.4863      -   104  769s
 14856 12770 16988.1930  224   34          - 14659.4863      -   105  770s
 15271 12890 14999.4295   46  244          - 14659.4863      -   103  779s
 15313 12970 15190.1758   52  152          - 14659.4863      -   104  786s
 15397 13132 15220.4976   66  177          - 14659.4863      -   104  794s
 15509 13132 15901.4830  115   50          - 14659.4863      -   104  795s
 15561 13321 15478.9719   88   86          - 14661.9036      -   104  802s
 15796 13369 14768.7779   36  385          - 14661.9128      -   104  810s
 15841 13443 15004.5519   51  146          - 14661.9128      -   105  817s
 15917 13668 15190.5857   71  160          - 14662.5163      -   105  825s
 16195 13816 15444.6533   79  199          - 14665.7789      -   105  836s
 16380 13840 14977.9524   33  437          - 14665.8167      -   106  844s
 16391 13840 14757.8038   38  604          - 14665.8167      -   106  845s
 16398 13875 15125.7124   40  334          - 14665.8167      -   106  851s
 16433 13946 15217.6301   45  224          - 14665.8167      -   107  859s
 16504 14233 15403.8743   67  149          - 14665.8167      -   107  869s
 16555 14233 15503.3843  104   70          - 14665.8167      -   107  870s
 16792 14875 15690.1078  143   37          - 14665.9006      -   107  884s
 16843 14875 15841.0974  178   39          - 14665.9006      -   107  885s
 17582 14965 14782.4765   38  529          - 14666.4072      -   103  896s
 17623 15021 14874.5928   47  489          - 14666.4072      -   104  903s
 17679 15080 15004.9540   51  299          - 14666.4072      -   105  911s
 17740 15339 15202.2648   56  301          - 14666.4072      -   105  920s
 18084 15423 15251.3864   64  245          - 14666.4072      -   104  929s
 18101 15423 15497.0077   73  196          - 14666.4072      -   104  930s
 18133 15508 15455.2164   75  232          - 14666.4072      -   105  937s
 18218 15633 15722.4715   96  207          - 14666.4072      -   105  946s
 18343 16015 15879.8311  135  104          - 14666.4072      -   106  957s
 18662 16015 17160.8709  203   19          - 14666.4072      -   105  960s
 18776 16502 16468.8713  192   30          - 14666.4072      -   105  971s
 19237 16534 19410.4250  417    2          - 14666.4072      -   103  975s
 19427 16777 18559.5033  292   58          - 14668.2733      -   102 1037s
 19675 16841 14832.8257   37  318          - 14668.2733      -   102 1046s
 19721 16980 15017.5185   50  183          - 14668.2733      -   103 1053s
 19840 16984 15492.1926  126   11          - 14668.2733      -   103 1055s
 19868 17173 15398.3191   70   44          - 14668.8371      -   103 1062s
 20083 17278 15138.8930   49  393          - 14668.8371      -   103 1071s
 20178 17561 15410.3627   60  292          - 14668.8371      -   104 1081s
 20502 17581 17573.6900  235    2          - 14668.8371      -   103 1085s
 20550 17669 15626.8878   79  216          - 14668.8371      -   103 1092s
 20616 17879 16017.4796  105   82          - 14668.8371      -   103 1100s
 20836 18208 16945.6907  216   20          - 14669.5416      -   103 1112s
 21116 18209 17725.0585  377    8          - 14669.5416      -   102 1115s
 21236 18358 14917.7271   41  372          - 14669.5416      -   102 1125s
 21385 18420 15101.5968   53  325          - 14669.5416      -   102 1133s
 21464 18477 15245.1148   64  234          - 14669.5416      -   103 1140s
 21523 18710 15511.1574   76  136          - 14669.5416      -   103 1149s
 21591 18710 16005.8491  128   18          - 14669.5416      -   104 1150s
 21763 18949 16395.2298  151   40          - 14670.4639      -   103 1159s
 21800 18950 17025.7207  165   26          - 14670.4639      -   103 1160s
 22063 19005 14897.9348   38  397          - 14672.4403      -   103 1169s
 22108 19071 15024.7339   46  325          - 14672.4403      -   104 1177s
 22178 19311 15215.4906   66   42          - 14677.0180      -   104 1189s
 22246 19311 15294.4178  125    3          - 14677.0180      -   104 1190s
 22459 19376 14701.9333   34  389          - 14677.0986      -   104 1198s
 22513 19518 14949.9722   43  274          - 14677.0986      -   104 1207s
 22674 19588 15223.9801   59  226          - 14677.0986      -   105 1216s
 22744 19715 15565.7445   82  100          - 14677.0986      -   105 1224s
 22831 19715 16131.7454  124   11          - 14677.0986      -   105 1225s
 22880 19902 16774.7295  131   35          - 14677.9940      -   106 1233s
 23105 20070 14956.2329   39  389          - 14677.9940      -   105 1243s
 23296 20152 15087.7525   50  297          - 14677.9940      -   105 1251s
 23368 20272 15422.0227   78   49          - 14677.9940      -   106 1259s
 23437 20272 16076.3960  109   13          - 14677.9940      -   106 1260s
 23492 20638 16091.1960  110   12          - 14681.4342      -   106 1269s
 23611 20652 17282.8600  175    4          - 14681.4342      -   106 1270s
 23990 20847 15196.3707   32  440          - 14682.5159      -   105 1280s
 24228 20927 15179.1935   38  470          - 14682.5159      -   105 1290s
 24278 21041 15414.2660   50  328          - 14682.5159      -   105 1298s
 24392 21166 15494.7820   55  347          - 14682.5159      -   105 1307s
 24553 21233 15675.5342   73  236          - 14682.5159      -   105 1316s
 24602 21294 15705.3440   82  184          - 14682.5159      -   106 1324s
 24663 21451 15812.4068   84  175          - 14682.5159      -   106 1332s
 24824 21740 16027.3302  114   41          - 14682.5159      -   107 1342s
 25035 21744 17390.7600  184   13          - 14682.5159      -   106 1345s
 25214 22215 16244.7497  189   19          - 14682.5159      -   106 1356s
 25672 22380 infeasible  342               - 14687.6633      -   105 1367s
 25921 22696 infeasible   47               - 14687.6633      -   105 1380s
 26286 22745 15341.4529   55  162          - 14687.6633      -   104 1389s
 26331 22839 15524.7532   70  188          - 14687.6633      -   105 1396s
 26427 23007 16001.9034  104   48          - 14688.8960      -   105 1406s
 26640 23259 15640.5896   31  350          - 14688.8960      -   105 1416s
 26918 23291 infeasible   43               - 14689.5439      -   105 1425s
 26949 23346 14983.5297   51  315          - 14689.5439      -   105 1432s
 27004 23462 15237.4651   65  154          - 14689.5439      -   106 1440s
 27128 23658 15472.0357   78  190          - 14689.5439      -   106 1449s
 27175 23658 16145.6867  109   33          - 14689.5439      -   106 1450s
 27351 23758 15925.6260   95  109          - 14692.0738      -   106 1458s
 27502 23875 16471.9300  126   83          - 14692.0900      -   106 1466s
 27618 23968 15162.1097   45  224          - 14692.0900      -   107 1474s
 27701 24229 15406.6041   62  157          - 14692.0900      -   107 1482s
 27959 24243 17112.2016  137   35          - 14692.0900      -   107 1485s
 28030 24503 16641.1716  132   87          - 14692.2430      -   107 1493s
 28183 24527 17381.4291  194   14          - 14692.2430      -   106 1495s
 28400 24615 15091.0361   47  377          - 14692.2430      -   106 1503s
 28455 24699 15421.5811   59  197          - 14692.2430      -   106 1510s
 28539 24988 15598.3872   78  162          - 14692.2430      -   107 1519s
 28590 24988 16040.5063   97   41          - 14692.2430      -   107 1520s
 28910 25314 16376.5671  109   12          - 14692.6389      -   106 1531s
 29379 25448 15012.3764   45  294          - 14692.6868      -   105 1541s
 29435 25553 15297.0248   63  204          - 14692.6868      -   106 1549s
 29501 25553 15628.6665   91   65          - 14692.6868      -   106 1550s
 29540 25677 15389.7559   77   96          - 14692.6868      -   106 1557s
 29680 25776 15928.0722  106   39          - 14693.9023      -   106 1567s
 29799 25839 14910.9381   39  412          - 14693.9023      -   106 1575s
 29862 25921 15042.7573   49  376          - 14693.9023      -   107 1582s
 29944 26025 15280.1634   63  294          - 14693.9023      -   107 1590s
 30066 26094 15473.7757   75  210          - 14693.9023      -   107 1598s
 30135 26193 15842.7272  104  122          - 14693.9023      -   108 1606s
 30234 26377 16253.9850  132  144          - 14693.9023      -   108 1614s
 30268 26377 16556.8587  153  116          - 14693.9023      -   108 1615s
 30426 26522 18060.0615  220   43          - 14695.2036      -   108 1624s
 30494 26527 15536.2540   97  161          - 14695.4093      -   108 1625s
 30607 26585 15228.4629   63  254          - 14695.4093      -   108 1632s
 30659 26673 15424.6065   74  160          - 14695.4093      -   108 1640s
 30747 26978 15994.0192   87  164          - 14695.7266      -   109 1650s
 31146 27131 14797.8599   33  524          - 14695.7266      -   108 1662s
 31305 27197 14976.8834   41  368          - 14695.7266      -   108 1670s
 31352 27286 15214.4018   53  242          - 14695.7266      -   109 1678s
 31441 27398 15538.2542   71   71          - 14695.7266      -   109 1687s
 31557 27654 16120.6100   89   55          - 14695.7266      -   109 1698s
 31745 27677 16822.4718  175   12          - 14695.7266      -   109 1700s
 31914 28207 16533.6550  110    4          - 14696.5196      -   109 1713s
 32068 28238 18121.9900  213    6          - 14696.5196      -   109 1715s
 32824 28414 14980.4870   33  503          - 14697.0021      -   107 1729s
 32841 28459 14972.2309   35  581          - 14697.0021      -   107 1735s
 32886 28529 15143.9749   45  359          - 14697.0021      -   108 1743s
 32956 28651 15308.3981   53  284          - 14697.0021      -   108 1752s
 33116 28726 15671.3358   82   65          - 14697.0021      -   108 1761s
 33173 28868 15827.0023  100   43          - 14697.0021      -   108 1771s
 33315 29082 16145.9561  152   29          - 14697.6815      -   108 1786s
 33610 29188 14930.6773   40  452          - 14697.6815      -   108 1796s
 33687 29546 15168.7740   53  176          - 14697.6815      -   108 1806s
 33983 29558 17719.6536  231    9          - 14697.6815      -   108 1810s
