




arguments: ./build/mirp_solver -f ./input/orig_exec_376.cfg
Current dir: /scratch/gui/bnc_mirp
File verbosity level: 9
date       time         ( uptime  ) [ thread name/id ]                   file:line     v| 
2021-01-29 00:26:56.610 (   0.548s) [main thread     ]             loguru.cpp:789   INFO| Logging to './output/vi_lex_half/OU/V4/Original/execution_29_01_2021_00_26_56.log', mode: 'a', verbosity: 9
--------------------------------------------------------------------------------
Parameters
                           instance_path           ./input/Instances/Original/5/
                            model_policy                                       1
                             nb_vehicles                                       4
                              output_dir    ./output/vi_lex_half/OU/V4/Original/
                            sec_strategy                                       1
                       solver_nb_threads                                       2
                         solver_show_log                                    true
                       solver_time_limit                                    3600
                              use_vi_cos                                   false
                              use_vi_cus                                   false
                         use_vi_hc1_full                                   false
                         use_vi_hc1_half                                   false
                      use_vi_hc1_quarter                                   false
                              use_vi_hc2                                   false
                              use_vi_hc3                                   false
                         use_vi_lex_full                                   false
                         use_vi_lex_half                                    true
                      use_vi_lex_quarter                                   false
                              use_vi_qua                                   false
                               use_vi_vc                                   false
                               use_vi_vr                                   false
--------------------------------------------------------------------------------
executing instance: ./input/Instances/Original/5/absH3low_4n50.dat
--------------------------------------------------------------------------------
Instance details
n	51
H	3
C	4066
Li:
[0, 0, 0, 0, 0, 0, 0, 0, 0, 0, 0, 0, 0, 0, 0, 0, 0, 0, 0, 0, 0, 0, 0, 0, 0, 0, 0, 0, 0, 0, 0, 0, 0, 0, 0, 0, 0, 0, 0, 0, 0, 0, 0, 0, 0, 0, 0, 0, 0, 0, 0, ]
Ui:
[0, 108, 126, 122, 66, 120, 48, 30, 128, 54, 158, 198, 36, 66, 210, 234, 147, 297, 171, 128, 116, 120, 219, 70, 294, 207, 134, 128, 234, 122, 22, 183, 195, 255, 132, 124, 66, 189, 219, 66, 128, 102, 288, 66, 87, 136, 36, 39, 282, 36, 237, ]
Distance matrix:
|0	210	444	498	509	104	438	228	487	304	456	434	526	476	163	47	293	396	293	290	313	85	280	437	293	336	409	106	449	376	433	478	193	404	404	534	278	181	380	507	189	438	263	473	353	216	202	218	452	254	465	|
|210	0	299	507	359	106	345	409	358	411	320	402	555	448	136	200	289	264	306	427	141	222	83	348	264	320	283	303	380	208	258	357	170	348	475	542	243	347	355	379	65	479	172	373	355	251	112	229	402	210	300	|
|444	299	0	363	65	358	116	542	66	440	26	241	425	272	282	407	251	51	276	490	159	397	224	124	217	237	48	490	170	99	83	74	261	180	430	385	214	479	231	85	270	390	184	116	271	300	409	276	210	215	54	|
|498	507	363	0	385	482	246	424	326	254	343	123	63	93	388	452	221	337	211	314	428	414	480	239	243	187	324	463	194	418	438	307	346	188	156	36	264	392	156	326	444	87	340	258	154	286	603	294	153	297	417	|
|509	359	65	385	0	422	145	602	59	492	59	269	448	292	348	472	305	115	329	545	218	462	281	152	274	286	106	554	192	153	116	78	326	216	472	403	274	540	271	63	334	425	249	127	316	361	468	337	233	278	69	|
|104	106	358	482	422	0	372	309	408	337	374	396	521	441	98	96	262	314	271	342	215	124	177	373	249	302	329	198	394	281	337	402	139	353	419	518	230	250	343	428	90	437	188	405	328	200	134	188	406	199	372	|
|438	345	116	246	145	372	0	485	87	357	97	126	309	155	279	394	180	101	200	414	223	373	288	8	157	150	84	459	53	188	196	68	245	72	328	269	165	427	128	97	297	280	184	36	175	250	456	233	94	184	170	|
|228	409	542	424	602	309	485	0	561	170	544	419	424	446	298	214	305	491	286	115	462	187	457	480	331	339	496	124	470	510	565	545	295	424	279	454	329	66	376	576	363	340	370	520	330	242	429	266	453	328	581	|
|487	358	66	326	59	408	87	561	0	441	40	211	389	233	324	446	258	95	281	497	220	431	287	95	230	234	79	522	133	164	146	19	297	160	415	344	233	500	215	21	323	367	224	68	261	320	470	299	174	242	106	|
|304	411	440	254	492	337	357	170	441	0	434	266	255	286	275	266	189	392	164	63	408	225	428	351	224	207	392	234	330	438	484	424	250	287	112	284	232	149	233	453	349	170	302	389	185	168	471	195	305	248	487	|
|456	320	26	343	59	374	97	544	40	434	0	223	406	252	294	418	247	60	271	487	181	405	247	105	215	229	49	498	149	124	109	48	270	165	419	364	215	482	218	60	288	375	194	92	261	302	431	279	190	220	75	|
|434	402	241	123	269	396	126	419	211	266	223	0	185	46	298	387	140	213	145	328	310	355	366	118	147	97	201	425	78	295	315	191	256	65	211	151	166	371	53	215	343	157	231	145	90	220	505	217	41	198	295	|
|526	555	425	63	448	521	309	424	389	255	406	185	0	156	430	481	266	398	252	310	485	442	534	301	293	237	386	480	257	478	500	370	390	249	145	55	313	401	212	389	491	89	392	321	201	322	646	334	216	345	479	|
|476	448	272	93	292	441	155	446	233	286	252	46	156	0	343	429	183	250	184	348	353	396	411	148	192	140	236	461	102	334	350	214	302	106	214	113	212	402	98	233	389	151	277	165	125	261	551	260	62	244	325	|
|163	136	282	388	348	98	279	298	324	275	294	298	430	343	0	124	167	234	178	296	167	121	162	279	151	205	247	216	297	224	280	316	42	256	340	423	132	232	246	344	74	349	100	314	233	115	216	97	308	101	307	|
|47	200	407	452	472	96	394	214	446	266	418	387	481	429	124	0	246	358	245	259	284	41	261	392	247	289	370	103	403	345	402	436	150	358	361	488	232	158	333	466	165	393	223	430	306	168	217	171	406	210	431	|
|293	289	251	221	305	262	180	305	258	189	247	140	266	183	167	246	0	204	26	240	238	215	276	175	37	43	203	289	169	255	297	242	125	122	202	257	52	248	87	272	225	191	134	215	67	80	382	77	163	81	298	|
|396	264	51	337	115	314	101	491	95	392	60	213	398	250	234	358	204	0	229	442	130	347	196	108	169	194	19	440	152	87	102	93	211	149	390	363	165	428	194	116	228	355	134	117	230	250	376	225	189	164	95	|
|293	306	276	211	329	271	200	286	281	164	271	145	252	184	178	245	26	229	0	216	262	212	297	195	63	53	228	280	184	280	323	264	138	137	178	248	76	232	95	294	241	173	156	234	60	77	395	83	172	102	324	|
|290	427	490	314	545	342	414	115	497	63	487	328	310	348	296	259	240	442	216	0	443	220	456	408	273	264	443	204	390	479	529	480	278	346	165	343	278	115	293	509	369	229	340	447	244	202	473	230	366	288	536	|
|313	141	159	428	218	215	223	462	220	408	181	310	485	353	167	284	238	130	262	443	0	288	67	228	202	252	149	382	267	67	122	221	168	247	440	459	186	396	273	241	125	423	107	245	291	242	251	214	297	162	160	|
|85	222	397	414	462	124	373	187	431	225	405	355	442	396	121	41	215	347	212	220	288	0	273	371	221	258	357	95	378	344	401	420	136	331	321	450	208	126	302	450	177	353	213	409	272	136	253	143	377	190	426	|
|280	83	224	480	281	177	288	457	287	428	247	366	534	411	162	261	276	196	297	456	67	273	0	292	243	298	215	363	329	128	176	288	179	305	475	513	224	392	324	307	96	466	143	311	335	261	187	235	357	195	219	|
|437	348	124	239	152	373	8	480	95	351	105	118	301	148	279	392	175	108	195	408	228	371	292	0	154	144	91	456	46	194	203	76	244	65	320	261	163	423	121	103	299	273	185	40	168	247	459	230	86	183	178	|
|293	264	217	243	274	249	157	331	230	224	215	147	293	192	151	247	37	169	63	273	202	221	243	154	0	57	170	303	157	217	260	215	110	111	238	278	21	271	94	245	201	223	100	193	92	93	362	78	160	54	263	|
|336	320	237	187	286	302	150	339	234	207	229	97	237	140	205	289	43	194	53	264	252	258	298	144	57	0	190	331	131	257	294	216	163	84	197	221	77	285	44	246	258	172	155	183	39	123	418	119	120	110	288	|
|409	283	48	324	106	329	84	496	79	392	49	201	386	236	247	370	203	19	228	443	149	357	215	91	170	190	0	449	136	105	114	75	221	138	384	349	168	434	185	99	245	346	146	98	224	255	394	231	174	171	99	|
|106	303	490	463	554	198	459	124	522	234	498	425	480	461	216	103	289	440	280	204	382	95	363	456	303	331	449	0	458	439	496	510	229	410	344	498	293	89	374	540	267	391	307	495	336	211	308	226	451	280	520	|
|449	380	170	194	192	394	53	470	133	330	149	78	257	102	297	403	169	152	184	390	267	378	329	46	157	131	136	458	0	238	249	114	259	47	287	216	171	416	96	137	327	235	211	67	145	247	488	235	41	197	223	|
|376	208	99	418	153	281	188	510	164	438	124	295	478	334	224	345	255	87	280	479	67	344	128	194	217	257	105	439	238	0	57	169	216	230	453	445	206	445	268	184	191	427	141	202	296	278	315	250	274	191	92	|
|433	258	83	438	116	337	196	565	146	484	109	315	500	350	280	402	297	102	323	529	122	401	176	203	260	294	114	496	249	57	0	157	271	252	490	463	251	499	296	162	247	457	195	199	331	329	362	302	288	241	47	|
|478	357	74	307	78	402	68	545	19	424	48	191	370	214	316	436	242	93	264	480	221	420	288	76	215	216	75	510	114	169	157	0	287	141	396	325	219	485	196	31	319	347	216	49	243	306	469	286	154	230	120	|
|193	170	261	346	326	139	245	295	297	250	270	256	390	302	42	150	125	211	138	278	168	136	179	244	110	163	221	229	259	216	271	287	0	216	305	382	91	229	204	316	105	310	78	280	192	83	257	60	268	62	292	|
|404	348	180	188	216	353	72	424	160	287	165	65	249	106	256	358	122	149	137	346	247	331	305	65	111	84	138	410	47	230	252	141	216	0	255	215	126	369	56	168	292	210	177	102	103	200	454	189	54	155	234	|
|404	475	430	156	472	419	328	279	415	112	419	211	145	214	340	361	202	390	178	165	440	321	475	320	238	197	384	344	287	453	490	396	305	255	0	181	254	261	201	422	410	69	335	353	160	225	551	246	252	280	482	|
|534	542	385	36	403	518	269	454	344	284	364	151	55	113	423	488	257	363	248	343	459	450	513	261	278	221	349	498	216	445	463	325	382	215	181	0	298	425	189	342	479	115	373	276	190	323	638	330	175	332	439	|
|278	243	214	264	274	230	165	329	233	232	215	166	313	212	132	232	52	165	76	278	186	208	224	163	21	77	168	293	171	206	251	219	91	126	254	298	0	267	114	250	181	242	82	202	112	88	341	68	177	33	258	|
|181	347	479	392	540	250	427	66	500	149	482	371	401	402	232	158	248	428	232	115	396	126	392	423	271	285	434	89	416	445	499	485	229	369	261	425	267	0	325	516	298	313	305	463	281	180	375	203	403	264	516	|
|380	355	231	156	271	343	128	376	215	233	218	53	212	98	246	333	87	194	95	293	273	302	324	121	94	44	185	374	96	268	296	196	204	56	201	189	114	325	0	224	294	161	185	157	49	167	455	163	78	147	284	|
|507	379	85	326	63	428	97	576	21	453	60	215	389	233	344	466	272	116	294	509	241	450	307	103	245	246	99	540	137	184	162	31	316	168	422	342	250	516	224	0	344	371	244	70	271	337	490	317	176	261	120	|
|189	65	270	444	334	90	297	363	323	349	288	343	491	389	74	165	225	228	241	369	125	177	96	299	201	258	245	267	327	191	247	319	105	292	410	479	181	298	294	344	0	414	116	328	291	187	163	165	345	147	282	|
|438	479	390	87	425	437	280	340	367	170	375	157	89	151	349	393	191	355	173	229	423	353	466	273	223	172	346	391	235	427	457	347	310	210	69	115	242	313	161	371	414	0	323	301	133	238	565	253	197	273	444	|
|263	172	184	340	249	188	184	370	224	302	194	231	392	277	100	223	134	134	156	340	107	213	143	185	100	155	146	307	211	141	195	216	78	177	335	373	82	305	185	244	116	323	0	217	192	138	278	110	230	55	214	|
|473	373	116	258	127	405	36	520	68	389	92	145	321	165	314	430	215	117	234	447	245	409	311	40	193	183	98	495	67	202	199	49	280	102	353	276	202	463	157	70	328	301	217	0	205	286	485	269	106	220	167	|
|353	355	271	154	316	328	175	330	261	185	261	90	201	125	233	306	67	230	60	244	291	272	335	168	92	39	224	336	145	296	331	243	192	103	160	190	112	281	49	271	291	133	192	205	0	138	449	141	123	145	323	|
|216	251	300	286	361	200	250	242	320	168	302	220	322	261	115	168	80	250	77	202	242	136	261	247	93	123	255	211	247	278	329	306	83	200	225	323	88	180	167	337	187	238	138	286	138	0	328	28	243	88	340	|
|202	112	409	603	468	134	456	429	470	471	431	505	646	551	216	217	382	376	395	473	251	253	187	459	362	418	394	308	488	315	362	469	257	454	551	638	341	375	455	490	163	565	278	485	449	328	0	313	508	308	406	|
|218	229	276	294	337	188	233	266	299	195	279	217	334	260	97	171	77	225	83	230	214	143	235	230	78	119	231	226	235	250	302	286	60	189	246	330	68	203	163	317	165	253	110	269	141	28	313	0	235	61	315	|
|452	402	210	153	233	406	94	453	174	305	190	41	216	62	308	406	163	189	172	366	297	377	357	86	160	120	174	451	41	274	288	154	268	54	252	175	177	403	78	176	345	197	230	106	123	243	508	235	0	207	264	|
|254	210	215	297	278	199	184	328	242	248	220	198	345	244	101	210	81	164	102	288	162	190	195	183	54	110	171	280	197	191	241	230	62	155	280	332	33	264	147	261	147	273	55	220	145	88	308	61	207	0	253	|
|465	300	54	417	69	372	170	581	106	487	75	295	479	325	307	431	298	95	324	536	160	426	219	178	263	288	99	520	223	92	47	120	292	234	482	439	258	516	284	120	282	444	214	167	323	340	406	315	264	253	0	|

--------------------------------------------------------------------------------
Building model...
	using lazy and cut (CVRPSEP package)
Solving IRP LP...
--------------------------------------------------------------------------------

Gurobi 9.1.0 (linux64) logging started Fri Jan 29 00:26:57 2021

Gurobi Optimizer version 9.1.0 build v9.1.0rc0 (linux64)
Thread count: 32 physical cores, 32 logical processors, using up to 2 threads
Optimize a model with 1740 rows, 16716 columns and 37734 nonzeros
Model fingerprint: 0x5320d975
Variable types: 804 continuous, 15912 integer (612 binary)
Coefficient statistics:
  Matrix range     [1e+00, 3e+07]
  Objective range  [1e-02, 6e+02]
  Bounds range     [1e+00, 3e+02]
  RHS range        [1e+01, 7e+03]
Presolve removed 204 rows and 51 columns
Presolve time: 0.06s
Presolved: 1536 rows, 16665 columns, 36229 nonzeros
Variable types: 753 continuous, 15912 integer (15312 binary)

Root relaxation: objective 3.473436e+03, 2010 iterations, 0.09 seconds

    Nodes    |    Current Node    |     Objective Bounds      |     Work
 Expl Unexpl |  Obj  Depth IntInf | Incumbent    BestBd   Gap | It/Node Time

     0     0 3473.43557    0  166          - 3473.43557      -     -    0s
     0     0 3717.99372    0  158          - 3717.99372      -     -    0s
     0     0 3733.52440    0  173          - 3733.52440      -     -    0s
     0     0 4454.29843    0  272          - 4454.29843      -     -    1s
     0     0 4487.22615    0  246          - 4487.22615      -     -    1s
     0     0 4489.07928    0  258          - 4489.07928      -     -    1s
     0     0 4489.07928    0  261          - 4489.07928      -     -    1s
     0     0 4539.23641    0  264          - 4539.23641      -     -    1s
     0     0 4551.54218    0  245          - 4551.54218      -     -    1s
     0     0 4552.43688    0  286          - 4552.43688      -     -    2s
     0     0 4642.59194    0  321          - 4642.59194      -     -    2s
     0     0 4653.07462    0  273          - 4653.07462      -     -    2s
     0     0 4653.59906    0  333          - 4653.59906      -     -    3s
     0     0 4705.11041    0  317          - 4705.11041      -     -    3s
     0     0 4711.89194    0  387          - 4711.89194      -     -    4s
     0     0 4712.73017    0  369          - 4712.73017      -     -    4s
     0     0 4730.10429    0  345          - 4730.10429      -     -    5s
     0     0 4738.45192    0  384          - 4738.45192      -     -    5s
     0     0 4749.07851    0  388          - 4749.07851      -     -    5s
     0     0 4755.78521    0  384          - 4755.78521      -     -    6s
     0     0 4764.68930    0  445          - 4764.68930      -     -    6s
     0     0 4766.02212    0  451          - 4766.02212      -     -    6s
     0     0 4786.93832    0  417          - 4786.93832      -     -    7s
     0     0 4797.19028    0  418          - 4797.19028      -     -    9s
     0     0 4799.04229    0  448          - 4799.04229      -     -    9s
     0     0 4815.43338    0  495          - 4815.43338      -     -   10s
     0     0 4824.27430    0  448          - 4824.27430      -     -   11s
     0     0 4825.98410    0  451          - 4825.98410      -     -   11s
     0     0 4835.01870    0  593          - 4835.01870      -     -   12s
     0     0 4845.77420    0  457          - 4845.77420      -     -   14s
     0     2 4855.95571    0  451          - 4855.95571      -     -   20s
    15    19 4868.36213    6  555          - 4855.95571      -   870   25s
    41    45 5397.29416   12  324          - 4855.95571      -   675   30s
    68    74 5031.79694   19  352          - 4855.95571      -   580   35s
    92   101 5065.84995   25  336          - 4855.95571      -   501   41s
   137   153 5351.39147   39  249          - 4855.95571      -   422   45s
   223   244 6088.14970   67  232          - 4855.95571      -   333   51s
   314   339 6548.57059  105  185          - 4855.95571      -   279   56s
   424   463 7147.16937  162  149          - 4855.95571      -   234   60s
   587   653 8289.78681  246   45          - 4855.95571      -   193   65s
   756   801 10263.7682  336   56          - 4855.95571      -   161   70s
   885   936 5504.89067    4  364          - 4855.95571      -   151   76s
  1080   989 5522.45232    8  372          - 4855.95571      -   131   81s
  1101  1000 4857.74343    8  167          - 4855.95571      -   135   85s
  1106  1004 5879.55484   89  528          - 4855.95571      -   135   90s
  1114  1009 8783.65620  270  374          - 4883.02097      -   134   96s
  1122  1014 6596.44389  160  616          - 4904.72129      -   133  100s
  1130  1020 8232.03849  238  604          - 4914.47425      -   132  108s
  1133  1022 7833.83488  249  550          - 4915.27896      -   132  111s
  1144  1029 7052.64337  205  544          - 4918.06308      -   130  115s
  1152  1034 9781.34390  325  558          - 4921.45599      -   129  120s
  1160  1040 5573.29884   12  673          - 4924.79032      -   129  125s
  1166  1044 7119.27790  156  642          - 4925.50147      -   128  130s
  1171  1047 6862.26270  184  600          - 4925.80401      -   127  135s
  1181  1055 5460.01071   50  171          - 4926.69268      -   151  140s
  1190  1061 5514.86942   49  620          - 4926.69268      -   150  145s
  1200  1068 8654.40073  267  647          - 4927.18468      -   149  151s
  1202  1069 7723.72085  247  768          - 4927.27141      -   149  157s
  1207  1073 5871.89687   85  627          - 4932.09122      -   148  160s
  1215  1078 6559.74158  108  807          - 4940.44278      -   147  165s
  1222  1083 6596.44389  160  646          - 4944.29646      -   146  170s
  1226  1085 5899.82975   91  665          - 4944.79690      -   146  179s
  1227  1089 4945.15080   27  600          - 4944.88000      -   159  180s
  1235  1094 4983.22057   29  365          - 4958.18211      -   164  185s
  1245  1102 4973.55663   32  339          - 4973.55663      -   169  190s
  1259  1109 5088.35229   35  553          - 4979.53792      -   179  195s
  1286  1130 5240.23103   44  347          - 4979.53792      -   186  200s
  1308  1148 5713.40908   51  234          - 4979.53792      -   191  205s
  1363  1191 5414.55641   71  214          - 4979.53792      -   194  210s
  1428  1241 5509.14396   90  178          - 4979.53792      -   194  216s
  1486  1283 5652.91203  109  134          - 4979.53792      -   193  220s
  1571  1352 6170.19272  143   91          - 4979.53792      -   191  225s
  1652  1415 7076.78415  178   83          - 4979.53792      -   187  230s
  1734  1466 7882.80029  212   70          - 4979.53792      -   184  236s
  1784  1448 infeasible  234               - 4979.56638      -   181  240s
  1817  1465 5061.89405   35  450          - 4979.56638      -   184  245s
  1848  1488 5091.41927   38  290          - 4979.56638      -   186  250s
  1889  1518 5138.38607   43  484          - 4979.56638      -   188  256s
  1923  1539 5170.96474   46  322          - 4979.56638      -   189  260s
  1972  1579 5243.20348   50  327          - 4979.56638      -   189  266s
  2016  1614 5268.49605   54  320          - 4979.56638      -   190  272s
  2046  1637 5291.45490   57  331          - 4979.56638      -   189  275s
  2120  1681 7280.56183  230   20          - 4979.56638      -   188  280s
  2217  1704 5425.37057   71  154          - 4979.56638      -   183  287s
  2236  1715 5496.05979   79  149          - 4979.56638      -   184  290s
  2278  1753 5636.92624   96  134          - 4979.56638      -   184  295s
  2346  1786 6182.92171  127   80          - 4979.56638      -   182  300s
  2455  1842 6883.22638  173   34          - 4983.33140      -   178  308s
  2488  1858 5275.68846   33  461          - 4983.33140      -   179  312s
  2515  1879 5296.36697   36  354          - 4983.33140      -   179  316s
  2547  1912 5359.09784   38  253          - 4983.33140      -   179  322s
  2591  1984 5373.00701   40  237          - 4983.33140      -   178  328s
  2678  2075 5410.93455   42  286          - 4983.33140      -   176  336s
  2835  2072 5462.16389   48  219          - 4983.33140      -   170  343s
  2895  2082 5524.09698   51  190          - 4983.33140      -   170  348s
  2915  2101 5585.35845   58  202          - 4983.33140      -   171  352s
  2941  2120 5676.12251   62  203          - 4983.33140      -   171  357s
  2968  2147 5727.84456   69  174          - 4983.33140      -   171  362s
  3004  2187 5880.39565   77  131          - 4983.33140      -   171  368s
  3056  2246 5990.43651   88  105          - 4983.33140      -   171  374s
  3082  2238 6052.64975   96  103          - 4983.33140      -   171  375s
  3133  2346 6097.03427  109   67          - 4983.33140      -   170  382s
  3258  2571 6727.47610  145   80          - 4983.33140      -   168  391s
  3455  2505 7467.44409  203   35          - 4983.33140      -   161  395s
  3534  2590 7771.13132  203   49          - 4985.26348      -   159  402s
  3691  2701 5137.94404   31  421          - 4985.26348      -   156  414s
  3709  2695 6283.35500  140   31          - 4985.26348      -   156  415s
  3935  2669 5174.78054   35  410          - 4985.26348      -   149  423s
  3944  2679 5216.65518   38  433          - 4985.26348      -   151  429s
  3959  2691 5242.02275   40  384          - 4985.26348      -   153  435s
  3976  2702 5290.79713   42  467          - 4985.26348      -   154  441s
  3992  2721 5304.48325   43  360          - 4985.26348      -   155  447s
  4017  2765 5469.23847   44  228          - 4985.26348      -   156  454s
  4071  2823 5344.15349   47  367          - 4985.26348      -   157  462s
  4147  2879 5406.76261   47  240          - 4985.26348      -   157  471s
  4228  3012 5461.43157   53  291          - 4985.26348      -   157  481s
  4406  3107 5510.14023   58  300          - 4985.26348      -   154  494s
  4441  3096 7112.60977  153   44          - 4985.26348      -   155  495s
  4627  3110 5558.49049   65  198          - 4985.26348      -   151  505s
  4651  3140 5669.37677   67  261          - 4985.26348      -   153  512s
  4681  3173 5722.97589   73  247          - 4985.26348      -   154  519s
  4695  3173 5890.60103   75  251          - 4985.26348      -   154  520s
  4714  3215 5909.24613   76  293          - 4985.26348      -   155  528s
  4756  3282 5940.81021   85  238          - 4985.26348      -   157  536s
  4823  3357 6001.20388   94  139          - 4985.26348      -   157  546s
  4862  3357 6231.64699  102  109          - 4985.26348      -   157  557s
  4900  3400 6601.91052  106  130          - 4985.26348      -   158  566s
  4951  3536 6337.96248  109  128          - 4985.26348      -   159  577s
  5087  3754 6542.39867  123   78          - 4996.29373      -   159  593s
  5165  3759 7173.29470  146   45          - 4996.29373      -   158  595s
  5424  4007 5056.15772   35  512          - 4996.29373      -   155  610s
  5657  4077 5221.18554   43  387          - 4996.29373      -   152  624s
  5686  4086 8279.23595  205    6          - 4996.29373      -   153  625s
  5810  4152 5339.74882   49  375          - 4996.29373      -   151  637s
  5838  4233 5426.59827   55  288          - 4996.29373      -   153  648s
  5915  4233 5560.40841   57  243          - 4996.29373      -   153  650s
  5919  4305 5675.40634   76  141          - 4996.29373      -   153  659s
  5932  4305 5697.03423   81  124          - 4996.29373      -   153  660s
  5991  4556 5732.99232   88  100          - 5003.29717      -   153  676s
  6290  4721 5062.52737   37  586          - 5003.29717      -   151  694s
  6548  4796 5510.86622   50  345          - 5003.29717      -   148  708s
  6590  4852 5574.65606   59  125          - 5003.29717      -   149  719s
  6603  4852 5618.43762   61  128          - 5003.29717      -   150  720s
  6646  4922 5716.70779   73  114          - 5003.29717      -   151  731s
  6716  5011 5973.16675   87   80          - 5003.29717      -   153  742s
  6805  5136 6118.32570  112   73          - 5003.29717      -   154  756s
  6932  5342 6540.35239  141   36          - 5008.23863      -   155  774s
  6960  5342 6819.50793  147   15          - 5008.23863      -   155  775s
  7180  5644 5754.28584   49  321          - 5008.23863      -   153  794s
  7201  5644 5498.77327   61  211          - 5008.23863      -   154  795s
  7474  5670 7352.03292  207   12          - 5008.23863      -   151  800s
  7551  6047 5512.19149   67  200          - 5008.23863      -   150  819s
  7590  6047 5770.59349   84   47          - 5008.23863      -   150  820s
  7899  6069 8047.94154  205   11          - 5008.23863      -   146  825s
  8015  6278 6560.15471  121   48          - 5015.69338      -   145  842s
  8146  6286 7093.51192  160   36          - 5015.69338      -   144  845s
  8257  6514 5222.23237   41  420          - 5015.69338      -   144  862s
  8526  6719 5469.87564   56  366          - 5015.69338      -   143  887s
  8659  6723 6791.54333  202    6          - 5015.69338      -   142  890s
  8740  6867 5577.14002   66  270          - 5015.69338      -   142  904s
  8778  6867 5788.52124   80  168          - 5015.69338      -   142  905s
  8875  7239 5940.31593   89  157          - 5015.69338      -   143  929s
  8920  7239 6292.45460  109  109          - 5015.69338      -   143  930s
  9159  7248 7189.41000  142    -          - 5015.69338      -   141  935s
  9426  7317 9336.22000  196    -          - 5015.69338      -   138  940s
  9433  7600 6737.63371  128   69          - 5015.69338      -   138  957s
  9563  7600 7183.16454  174   26          - 5015.69338      -   138  960s
  9719  7718 7943.15754  199   58          - 5020.52515      -   137 1010s
  9868  7835 5250.70261   44  289          - 5020.52515      -   137 1028s
  9947  7835 5879.59365   69  184          - 5020.52515      -   137 1030s
  9970  7948 5470.94128   61  194          - 5020.52515      -   138 1045s
 10083  8227 5781.47464   82   79          - 5020.52515      -   139 1066s
 10239  8230 6397.42151  105   96          - 5020.52515      -   139 1070s
 10400  8371 6483.25197  115  144          - 5021.27052      -   138 1088s
 10465  8371 7296.12755  141   56          - 5021.27052      -   138 1090s
 10546  8403 5321.87716   38  311          - 5021.27052      -   139 1105s
 10578  8456 5651.46181   44  299          - 5021.27052      -   140 1119s
 10591  8456 5707.83019   52  193          - 5021.27052      -   140 1120s
 10631  8576 5792.76222   55  159          - 5021.27052      -   141 1136s
 10751  8770 6123.04291   92   86          - 5024.77804      -   143 1159s
 10777  8770 6251.88012  104  111          - 5024.77804      -   142 1160s
 10987  8888 5245.62603   31  490          - 5024.77804      -   143 1180s
 11103  9133 5561.49867   44  325          - 5024.77804      -   143 1208s
 11167  9133 7400.44810  131   63          - 5024.77804      -   144 1210s
 11417  9166 9636.01863  205   10          - 5024.77804      -   142 1215s
 11452  9204 5962.73534   52  275          - 5024.77804      -   142 1230s
 11480  9276 6027.29344   59  271          - 5024.77804      -   143 1245s
 11552  9393 6475.51438   74  188          - 5024.77804      -   144 1265s
 11673  9687 6639.14436   91  220          - 5024.77804      -   145 1290s
 11862  9687 7017.95669  120   47          - 5024.77804      -   145 1295s
 11967 10030 6895.86545  123   55          - 5024.77804      -   144 1316s
 12137 10030 7852.88801  184   34          - 5024.77804      -   144 1320s
 12404 10172 10131.3869  209   12          - 5029.91866      -   142 1341s
 12565 10233 5273.08902   40  320          - 5029.91866      -   142 1358s
 12601 10321 5481.84460   53  185          - 5029.91866      -   144 1381s
 12689 10596 5951.82141   75   58          - 5029.91866      -   145 1403s
 12767 10597 6299.83881  114    9          - 5029.91866      -   145 1405s
 12987 10894 6363.99968  108   72          - 5030.50999      -   144 1429s
 13000 10894 6970.57899  153   30          - 5030.50999      -   144 1430s
 13252 10899 7583.40924  168   20          - 5030.50999      -   144 1435s
 13336 11046 5545.72410   53  197          - 5030.50999      -   143 1452s
 13487 11050 8743.89000  218    -          - 5030.50999      -   143 1455s
 13613 11157 5741.00641   67  136          - 5030.50999      -   142 1472s
 13682 11334 5935.70080   89   36          - 5030.50999      -   143 1489s
 13695 11334 5989.32333   95   27          - 5030.50999      -   143 1490s
 13881 11383 6285.71697  108   49          - 5035.33530      -   143 1508s
 13945 11504 5371.32686   35  412          - 5035.33530      -   144 1525s
 14074 11777 5874.51539   50  261          - 5035.33530      -   145 1546s
 14364 12056 6040.65579   58  227          - 5035.33530      -   144 1569s
 14390 12056 6189.54806   65  221          - 5035.33530      -   145 1570s
 14593 12058 7748.03000  205    -          - 5035.33530      -   144 1575s
 14719 12295 6326.51300   78  154          - 5035.33530      -   143 1595s
 14930 12489 6972.85134  138   18          - 5036.50888      -   143 1613s
 14995 12491 7030.97716  179   15          - 5036.50888      -   143 1615s
 15157 12652 5463.48713   55  357          - 5036.50888      -   143 1637s
 15324 12888 5701.57868   63  135          - 5036.50888      -   143 1670s
 15557 12907 7010.86000  195    -          - 5036.50888      -   143 1675s
 15691 13062 6005.91533   74  145          - 5036.50888      -   142 1691s
 15797 13245 5870.95387   83   69          - 5036.50888      -   143 1708s
 15862 13245 5946.45957   89   44          - 5036.50888      -   143 1710s
 15980 13486 6179.33515  105   34          - 5039.31267      -   143 1734s
 16006 13486 6784.44347  112   15          - 5039.31267      -   143 1735s
 16314 13525 8169.05727  188   12          - 5039.31267      -   141 1740s
 16374 13642 5221.40982   36  510          - 5039.31817      -   142 1755s
 16483 13784 5851.94946   49  271          - 5039.31817      -   142 1774s
 16496 13784 5956.09619   52  212          - 5039.31817      -   143 1775s
 16677 13947 5908.29807   56  161          - 5039.31817      -   142 1793s
 16742 13948 6178.43931   88   40          - 5039.31817      -   142 1795s
 16829 14164 6264.29678   82   76          - 5041.44001      -   143 1813s
 16894 14164 6402.15636  101   15          - 5041.44001      -   142 1815s
 17073 14332 5236.13836   38  353          - 5041.44258      -   143 1835s
 17254 14361 5637.66579   44  356          - 5041.44258      -   143 1852s
 17283 14421 5643.95323   50  287          - 5041.44258      -   144 1867s
 17343 14519 5716.05070   64  285          - 5041.44258      -   144 1881s
 17441 14722 5971.89729   93  105          - 5045.49842      -   145 1906s
 17628 14733 7284.55000  155    4          - 5045.49842      -   144 1910s
 17690 14823 5440.18368   37  346          - 5045.49842      -   145 1931s
 17776 15059 5587.32611   46  364          - 5045.49842      -   145 1953s
 17935 15059 7333.72024  157    5          - 5045.49842      -   145 1957s
 18037 15282 5877.75218   59  196          - 5045.49842      -   145 1980s
 18236 15294 8530.14000  222    -          - 5045.49842      -   144 1985s
 18375 15490 6098.35814   78   36          - 5045.49842      -   144 2005s
 18525 15699 6763.79722  123   89          - 5046.24902      -   144 2029s
 18538 15699 6848.43640  127  114          - 5046.24902      -   144 2030s
 18784 15776 5133.03133   38  399          - 5046.24902      -   144 2049s
 18827 15776 5829.60828   85  236          - 5046.24902      -   144 2050s
 18838 15873 5788.96375   52  255          - 5046.24902      -   144 2064s
 18935 16043 5636.47144   60  247          - 5046.24902      -   145 2087s
 19107 16175 5784.35530   68  209          - 5046.24902      -   145 2107s
 19191 16175 7254.60695  180   41          - 5046.24902      -   145 2110s
 19290 16295 5871.42757   86  150          - 5046.24902      -   145 2126s
 19388 16454 6359.67285   97  118          - 5046.24902      -   146 2150s
 19583 16578 6788.25500  114   18          - 5048.60185      -   146 2175s
 19773 16648 5357.56931   39  402          - 5048.60185      -   146 2194s
 19815 16709 5848.46636   49  307          - 5048.60185      -   147 2209s
 19876 16807 6112.10980   62  273          - 5048.60185      -   147 2227s
 19974 16982 6245.59059   84  101          - 5048.60185      -   148 2249s
 19987 16982 6330.89011   90   38          - 5048.60185      -   148 2250s
 20173 17217 6514.33258   97   45          - 5048.60185      -   148 2280s
 20354 17224 7527.73111  175   14          - 5048.60185      -   148 2285s
 20550 17455 6908.88581  114  131          - 5048.60185      -   147 2310s
 20773 17502 8088.58687  189   12          - 5048.60185      -   146 2315s
 20873 17613 7190.01834  129   60          - 5049.17588      -   146 2339s
 20912 17617 7644.17000  139    -          - 5049.17588      -   146 2340s
 21007 17688 5460.19289   41  298          - 5049.17588      -   146 2356s
 21058 17797 5578.71931   57  136          - 5049.17588      -   147 2374s
 21071 17797 5685.67378   64  150          - 5049.17588      -   147 2375s
 21167 18079 5702.86794   73  317          - 5049.17588      -   147 2402s
 21285 18079 6811.19019  118   40          - 5049.17588      -   147 2405s
 21547 18121 8460.71000  209    -          - 5049.17588      -   146 2410s
 21563 18210 5949.62141   87   90          - 5049.17588      -   146 2427s
 21648 18385 6473.89098  114   79          - 5054.33476      -   146 2448s
 21713 18385 6902.01529  134    6          - 5054.33476      -   147 2450s
 21870 18452 5097.13257   39  415          - 5054.33476      -   146 2467s
 21919 18504 5720.94311   54  214          - 5054.33476      -   147 2483s
 21971 18639 5965.86028   64  151          - 5054.33476      -   147 2500s
 22106 18924 6406.37810   94   33          - 5055.33840      -   148 2525s
 22366 18971 8668.92857  176   15          - 5055.33840      -   146 2530s
 22564 19078 5458.48561   37  304          - 5055.33840      -   146 2654s
 22593 19078 5695.32892   51  210          - 5055.33840      -   147 2655s
 22654 19268 5763.19602   56  192          - 5055.33840      -   147 2675s
 22833 19275 8357.63000  202   10          - 5055.33840      -   146 2680s
 22893 19442 6103.78199   79   91          - 5056.18983      -   146 2698s
 22958 19442 6396.28526  109   81          - 5056.18983      -   146 2700s
 23061 19525 5275.21020   34  480          - 5056.18983      -   147 2718s
 23144 19825 5764.73650   44  344          - 5056.18983      -   147 2754s
 23173 19825 6357.84766   62   90          - 5056.18983      -   147 2755s
 23416 19864 7634.69581  175    3          - 5056.18983      -   146 2760s
 23616 20029 6344.96546   64  126          - 5056.18983      -   145 2783s
 23694 20029 6868.05739   91   62          - 5056.18983      -   145 2785s
 23747 20325 6973.83057  102   40          - 5058.02731      -   146 2811s
 23949 20337 8250.07242  179    4          - 5058.02731      -   145 2815s
 24129 20418 5158.42780   37  491          - 5058.02731      -   145 2834s
 24189 20564 5919.11974   49  328          - 5058.02731      -   145 2855s
 24335 20745 6360.05931   62  289          - 5058.02731      -   146 2878s
 24547 20870 6762.82399   82   74          - 5058.02731      -   145 2900s
 24661 21028 7319.59246  124   28          - 5061.94846      -   146 2922s
 24818 21053 7902.77000  169    -          - 5061.94846      -   145 2925s
 24897 21160 5472.25339   40  320          - 5061.94846      -   145 2944s
 24940 21160 6336.12939   79  132          - 5061.94846      -   146 2945s
 24991 21273 5707.95882   56  186          - 5061.94846      -   146 2969s
 25037 21273 6557.27392  102   61          - 5061.94846      -   146 2970s
 25124 21342 5806.18645   68  124          - 5061.94846      -   146 2988s
 25185 21448 5931.78445   83   62          - 5061.94846      -   147 3005s
 25291 21629 6439.35763  109   62          - 5061.94846      -   147 3030s
 25460 21638 7614.11000  165    -          - 5061.94846      -   147 3035s
 25512 21840 6752.11405  136   45          - 5062.23654      -   147 3056s
 25714 21856 8438.85000  199    -          - 5062.23654      -   147 3060s
 25766 21907 5144.58073   37  543          - 5062.23654      -   147 3093s
 25810 22139 5630.35398   49  206          - 5062.23654      -   148 3122s
 25963 22145 6552.01981   93   43          - 5062.23654      -   148 3125s
 26060 22315 5919.49735   65  164          - 5062.23654      -   148 3145s
 26234 22580 6175.26306   83   93          - 5062.23654      -   148 3170s
 26487 22603 7485.09121  160   26          - 5062.23654      -   148 3175s
 26562 22899 6546.62467  107   31          - 5062.54949      -   147 3196s
 26705 22911 7586.95701  157   45          - 5062.54949      -   147 3200s
 27028 23051 5181.84708   37  379          - 5062.54949      -   146 3224s
 27069 23051 8561.78956  193   27          - 5062.54949      -   147 3225s
 27157 23118 5702.59092   51  210          - 5062.54949      -   146 3242s
 27199 23205 5901.30602   63  143          - 5062.54949      -   147 3260s
 27288 23398 5966.57388   80  102          - 5062.54949      -   147 3280s
 27491 23648 6189.12573   89   47          - 5062.54949      -   147 3305s
 27728 23651 8299.08224  169   11          - 5062.54949      -   147 3310s
 27796 23753 6322.96400  118    8          - 5063.46112      -   147 3329s
 27835 23761 6746.68667  134   32          - 5063.46112      -   147 3330s
 27949 23824 5152.28495   38  551          - 5063.46112      -   147 3350s
 27989 23893 5783.95742   50  284          - 5063.46112      -   147 3370s
 28058 24035 6020.01640   59  163          - 5063.46112      -   148 3389s
 28110 24035 6262.09368   79  119          - 5063.46112      -   148 3390s
 28200 24229 6241.25583   79  155          - 5063.46112      -   148 3418s
 28272 24230 6407.81214  115   18          - 5063.46112      -   148 3420s
 28418 24416 6627.38133  100   28          - 5063.46112      -   148 3445s
 28593 24545 7378.04924  154   15          - 5065.41616      -   148 3466s
 28750 24612 5301.67675   42  435          - 5065.41616      -   148 3488s
 28815 24734 6012.71358   53  229          - 5065.41616      -   149 3511s
 28941 24858 6166.95534   68  158          - 5065.41616      -   149 3532s
 29049 24858 7063.34596  141   67          - 5065.41616      -   149 3535s
 29091 24969 6319.95800   86   60          - 5065.41616      -   149 3556s
 29204 25112 6802.08988  129   45          - 5066.48896      -   149 3579s
 29230 25112 6870.41092  131   67          - 5066.48896      -   150 3580s
 29400 25170 5179.90819   40  510          - 5066.48896      -   150 3600s

Cutting planes:
  User: 2618
  Gomory: 32
  Cover: 493
  Implied bound: 62
  Clique: 4
  MIR: 148
  Flow cover: 537
  Zero half: 23
  RLT: 328
  Relax-and-lift: 11
  Lazy constraints: 4445

