




arguments: ./build/mirp_solver -f ./input/orig_exec_389.cfg
Current dir: /scratch/gui/bnc_mirp
File verbosity level: 9
date       time         ( uptime  ) [ thread name/id ]                   file:line     v| 
2021-01-29 02:22:56.886 (   0.079s) [main thread     ]             loguru.cpp:789   INFO| Logging to './output/vi_lex_half/OU/V4/Original/execution_29_01_2021_02_22_56.log', mode: 'a', verbosity: 9
--------------------------------------------------------------------------------
Parameters
                           instance_path           ./input/Instances/Original/6/
                            model_policy                                       1
                             nb_vehicles                                       4
                              output_dir    ./output/vi_lex_half/OU/V4/Original/
                            sec_strategy                                       1
                       solver_nb_threads                                       2
                         solver_show_log                                    true
                       solver_time_limit                                    3600
                              use_vi_cos                                   false
                              use_vi_cus                                   false
                         use_vi_hc1_full                                   false
                         use_vi_hc1_half                                   false
                      use_vi_hc1_quarter                                   false
                              use_vi_hc2                                   false
                              use_vi_hc3                                   false
                         use_vi_lex_full                                   false
                         use_vi_lex_half                                    true
                      use_vi_lex_quarter                                   false
                              use_vi_qua                                   false
                               use_vi_vc                                   false
                               use_vi_vr                                   false
--------------------------------------------------------------------------------
executing instance: ./input/Instances/Original/6/absH6high_1n25.dat
--------------------------------------------------------------------------------
Instance details
n	26
H	6
C	1711
Li:
[0, 0, 0, 0, 0, 0, 0, 0, 0, 0, 0, 0, 0, 0, 0, 0, 0, 0, 0, 0, 0, 0, 0, 0, 0, 0, ]
Ui:
[0, 168, 176, 34, 66, 36, 177, 106, 118, 182, 64, 141, 189, 63, 46, 111, 182, 231, 36, 66, 68, 54, 132, 90, 246, 75, ]
Distance matrix:
|0	191	200	231	334	329	146	196	208	245	218	164	283	394	151	358	156	196	309	253	201	260	127	138	130	104	|
|191	0	226	229	278	146	328	216	390	417	327	293	195	334	106	296	171	122	472	151	12	411	280	53	190	130	|
|200	226	0	38	149	359	321	10	276	274	418	364	139	204	121	173	321	115	303	141	225	236	155	202	311	256	|
|231	229	38	0	110	352	358	37	314	310	448	395	108	167	129	135	342	109	336	120	226	268	194	213	335	277	|
|334	278	149	110	0	367	467	147	422	413	546	495	86	61	203	25	423	163	429	129	271	363	303	282	424	361	|
|329	146	359	352	367	0	453	349	533	562	411	393	282	411	245	378	250	244	617	245	141	556	426	195	284	243	|
|146	328	321	358	467	453	0	321	162	215	160	112	425	524	297	491	223	341	284	397	339	266	186	276	184	210	|
|196	216	10	37	147	349	321	0	281	281	414	360	132	203	112	171	315	105	311	132	216	244	159	193	305	249	|
|208	390	276	314	422	533	162	281	0	54	321	271	410	471	316	445	348	348	123	398	398	115	125	338	313	309	|
|245	417	274	310	413	562	215	281	54	0	375	323	413	457	334	435	393	361	70	406	424	69	139	367	359	349	|
|218	327	418	448	546	411	160	414	321	375	0	57	484	606	347	569	163	393	444	446	339	421	318	288	137	199	|
|164	293	364	395	495	393	112	360	271	323	57	0	437	556	300	519	144	346	393	401	305	367	261	249	109	163	|
|283	195	139	108	86	282	425	132	410	413	484	437	0	139	137	101	349	91	443	44	187	375	286	206	355	291	|
|394	334	204	167	61	411	524	203	471	457	606	556	139	0	264	38	483	222	467	183	326	403	356	341	484	421	|
|151	106	121	129	203	245	297	112	316	334	347	300	137	264	0	225	220	46	381	102	106	316	195	84	221	158	|
|358	296	173	135	25	378	491	171	445	435	569	519	101	38	225	0	444	184	450	145	288	384	328	303	446	383	|
|156	171	321	342	423	250	223	315	348	393	163	144	349	483	220	444	0	261	460	308	183	415	284	143	39	65	|
|196	122	115	109	163	244	341	105	348	361	393	346	91	222	46	184	261	0	402	56	118	336	224	119	264	200	|
|309	472	303	336	429	617	284	311	123	70	444	393	443	467	381	450	460	402	0	442	477	68	192	424	426	413	|
|253	151	141	120	129	245	397	132	398	406	446	401	44	183	102	145	308	56	442	0	143	375	273	164	315	251	|
|201	12	225	226	271	141	339	216	398	424	339	305	187	326	106	288	183	118	477	143	0	416	286	63	202	142	|
|260	411	236	268	363	556	266	244	115	69	421	367	375	403	316	384	415	336	68	375	416	0	135	365	384	363	|
|127	280	155	194	303	426	186	159	125	139	318	261	286	356	195	328	284	224	192	273	286	135	0	232	256	229	|
|138	53	202	213	282	195	276	193	338	367	288	249	206	341	84	303	143	119	424	164	63	365	232	0	153	89	|
|130	190	311	335	424	284	184	305	313	359	137	109	355	484	221	446	39	264	426	315	202	384	256	153	0	64	|
|104	130	256	277	361	243	210	249	309	349	199	163	291	421	158	383	65	200	413	251	142	363	229	89	64	0	|

--------------------------------------------------------------------------------
Building model...
	using lazy and cut (CVRPSEP package)
Solving IRP LP...
--------------------------------------------------------------------------------

Gurobi 9.1.0 (linux64) logging started Fri Jan 29 02:22:58 2021

Gurobi Optimizer version 9.1.0 build v9.1.0rc0 (linux64)
Thread count: 32 physical cores, 32 logical processors, using up to 2 threads
Optimize a model with 1754 rows, 9206 columns and 22760 nonzeros
Model fingerprint: 0x03d50457
Variable types: 782 continuous, 8424 integer (624 binary)
Coefficient statistics:
  Matrix range     [1e+00, 8e+03]
  Objective range  [1e-01, 6e+02]
  Bounds range     [1e+00, 2e+02]
  RHS range        [1e+01, 3e+03]
Presolve removed 182 rows and 26 columns
Presolve time: 0.05s
Presolved: 1572 rows, 9180 columns, 21477 nonzeros
Variable types: 756 continuous, 8424 integer (7824 binary)

Root relaxation: objective 1.430251e+04, 2840 iterations, 0.11 seconds

    Nodes    |    Current Node    |     Objective Bounds      |     Work
 Expl Unexpl |  Obj  Depth IntInf | Incumbent    BestBd   Gap | It/Node Time

     0     0 14302.5051    0  231          - 14302.5051      -     -    0s
     0     0 14570.5416    0  295          - 14570.5416      -     -    0s
     0     0 14591.4312    0  287          - 14591.4312      -     -    0s
     0     0 14592.0765    0  283          - 14592.0765      -     -    0s
     0     0 14592.0765    0  277          - 14592.0765      -     -    0s
     0     0 14993.8978    0  360          - 14993.8978      -     -    1s
     0     0 15042.4583    0  377          - 15042.4583      -     -    1s
     0     0 15046.0991    0  377          - 15046.0991      -     -    1s
     0     0 15048.4127    0  362          - 15048.4127      -     -    1s
     0     0 15048.9995    0  372          - 15048.9995      -     -    1s
     0     0 15049.0104    0  372          - 15049.0104      -     -    2s
     0     0 15560.9538    0  388          - 15560.9538      -     -    2s
     0     0 15653.9170    0  458          - 15653.9170      -     -    3s
     0     0 15664.2082    0  502          - 15664.2082      -     -    3s
     0     0 15665.2211    0  488          - 15665.2211      -     -    3s
     0     0 15832.4384    0  529          - 15832.4384      -     -    4s
     0     0 15856.9685    0  525          - 15856.9685      -     -    5s
     0     0 15877.3433    0  554          - 15877.3433      -     -    5s
     0     0 15888.3579    0  559          - 15888.3579      -     -    6s
     0     0 15888.8064    0  568          - 15888.8064      -     -    6s
     0     0 15996.9586    0  512          - 15996.9586      -     -    7s
     0     0 16014.7791    0  502          - 16014.7791      -     -    8s
     0     0 16045.2398    0  532          - 16045.2398      -     -    8s
     0     0 16080.4660    0  508          - 16080.4660      -     -    9s
     0     0 16091.9255    0  545          - 16091.9255      -     -   10s
     0     0 16097.8835    0  531          - 16097.8835      -     -   10s
     0     0 16100.0233    0  531          - 16100.0233      -     -   10s
     0     0 16139.9765    0  396          - 16139.9765      -     -   11s
     0     0 16148.5157    0  394          - 16148.5157      -     -   12s
     0     0 16149.1472    0  378          - 16149.1472      -     -   12s
     0     0 16158.6786    0  451          - 16158.6786      -     -   13s
     0     0 16159.1364    0  443          - 16159.1364      -     -   14s
     0     2 16164.2302    0  564          - 16164.2302      -     -   19s
     1     4 16193.4353    1  500          - 16164.2302      -  1800   20s
    11    14 16348.2355    4  462          - 16194.4067      -  1639   25s
    26    30 16383.5566    8  509          - 16194.4067      -  1655   30s
    35    38 16426.9590   12  476          - 16194.4067      -  1453   35s
    65    75 16583.5786   17  461          - 16194.4067      -  1163   40s
   105   107 16727.2006   27  479          - 16194.4067      -   913   45s
   145   152 16891.5088   34  419          - 16194.4067      -   803   50s
   216   238 17119.9032   41  425          - 16194.4067      -   658   55s
   296   289 17203.5178   52  355          - 16194.4067      -   534   62s
   321   308 17423.5585   62  358          - 16194.4067      -   552   66s
   358   346 17815.9776   80  293          - 16194.4067      -   558   71s
   391   377 18049.9102   93  256          - 16194.4067      -   541   75s
   481   501 19376.4711  145  197          - 16194.4067      -   483   80s
   565   529 16964.2457    3  516          - 16203.5117      -   444   85s
   586   547 17476.2265    7  477          - 16203.5117      -   465   90s
   643   619 17287.0161   20  430          - 16203.5117      -   468   96s
   705   678 17474.1527   32  336          - 16203.5117      -   457  100s
   743   681 19412.3384  147  316          - 16203.5117      -   447  105s
   748   684 16682.3738   25  568          - 16547.0391      -   444  110s
   755   689 17386.8719   30  668          - 16771.0240      -   440  116s
   762   694 16822.1047   26  724          - 16822.1047      -   436  120s
   772   700 17357.6975   25  762          - 16865.0582      -   430  125s
   781   706 17109.7660   40  748          - 16870.0165      -   425  130s
   790   714 17969.8148   90  531          - 16870.0165      -   478  135s
   801   721 17605.4286   38  750          - 16872.8689      -   471  140s
   810   727 17637.5075   48  697          - 16883.1331      -   466  145s
   822   735 17618.4833   46  658          - 16891.7996      -   459  150s
   825   737 17361.7780   19  636          - 16891.8333      -   457  155s
   827   742 16947.3704   23  475          - 16892.5484      -   496  167s
   829   743 16987.0218   24  463          - 16915.4885      -   497  173s
   831   744 17086.4770   24  497          - 16918.2073      -   500  181s
   837   750 17019.2345   26  521          - 17008.6272      -   507  186s
   848   758 17040.5348   29  529          - 17014.9123      -   510  190s
   870   772 17061.2503   34  548          - 17021.6851      -   516  195s
   886   782 17071.4368   38  487          - 17021.6851      -   522  200s
   907   802 17121.4353   44  412          - 17021.6851      -   527  206s
   929   817 17141.9705   51  463          - 17021.6851      -   529  210s
   938   822 infeasible   53               - 17021.6851      -   528  215s
   944   820 17132.4549   49  548          - 17021.6851      -   526  234s
   948   829 17296.4745   56  415          - 17021.6851      -   527  236s
   985   855 17175.4513   65  412          - 17021.6851      -   522  241s
  1017   878 17186.3878   72  427          - 17021.6851      -   520  246s
  1057   913 17211.3265   83  461          - 17021.6851      -   516  251s
  1097   928 17218.4248   94  426          - 17021.6851      -   511  256s
  1137   946 17244.3130  107  406          - 17021.6851      -   506  260s
  1174   972 17278.9222  118  338          - 17021.6851      -   503  265s
  1221  1015 17308.7178  132  290          - 17021.6851      -   497  270s
  1276  1051 17402.7878  149  251          - 17021.6851      -   488  276s
  1348  1101 17717.3209  171  265          - 17021.6851      -   476  281s
  1411  1118 17663.8588  143  346          - 17021.6851      -   466  285s
  1460  1170 17735.5815  204  244          - 17021.6851      -   461  291s
  1527  1224 17717.3230  224  260          - 17021.6851      -   455  297s
  1573  1250 17741.9090  238  282          - 17021.6851      -   450  301s
  1614  1291 18179.8092  251  278          - 17021.6851      -   448  313s
  1647  1280 17741.9876  189  419          - 17021.6851      -   443  319s
  1669  1334 17859.6872  268  265          - 17021.6851      -   442  322s
  1730  1384 17979.5971  286  272          - 17021.6851      -   434  326s
  1800  1433 17994.4334  308  275          - 17021.6851      -   426  331s
  1873  1479 18076.8615  330  266          - 17021.6851      -   417  335s
  1955  1506 18351.9518  353  253          - 17021.6851      -   408  340s
  2021  1516 infeasible  363               - 17021.8655      -   403  345s
  2065  1557 17084.5597   28  532          - 17021.8655      -   403  350s
  2123  1597 17127.4215   32  558          - 17021.8655      -   401  355s
  2184  1631 17265.9539   37  555          - 17021.8655      -   398  360s
  2239  1689 17329.5171   39  424          - 17021.8655      -   396  366s
  2317  1744 17403.2632   47  422          - 17021.8655      -   391  371s
  2398  1800 17450.1506   56  350          - 17021.8655      -   386  378s
  2492  1798 17674.6275   68  358          - 17021.8655      -   380  383s
  2535  1832 17790.0498   80  333          - 17021.8655      -   381  389s
  2584  1873 17851.7327  100  314          - 17021.8655      -   381  395s
  2641  1922 17803.2674  122  288          - 17021.8655      -   380  401s
  2709  1983 17968.8669  148  234          - 17021.8655      -   379  408s
  2793  2086 18249.0202  177  206          - 17021.8655      -   376  416s
  2924  2136 18674.7510  228  233          - 17021.8655      -   369  424s
  3016  2105 18121.0025  112  226          - 17021.8655      -   367  425s
  3019  2249 19640.0113  252  215          - 17021.8655      -   367  432s
  3168  2320 infeasible  293               - 17022.6563      -   359  441s
  3266  2444 17231.2252   31  448          - 17022.6563      -   356  449s
  3390  2593 17415.9898   43  344          - 17022.6563      -   351  459s
  3537  2593 19329.4872  382  301          - 17022.6563      -   343  460s
  3543  2731 17701.0916   51  346          - 17022.6563      -   343  468s
  3701  3066 17909.1145   77  272          - 17022.6563      -   338  478s
  4050  3154 18053.7476  110  304          - 17022.6563      -   318  490s
  4172  3275 18360.6521  160  297          - 17022.6563      -   314  499s
  4287  3275 17332.6769   35  428          - 17022.6563      -   309  500s
  4301  3416 infeasible  249               - 17022.6563      -   311  509s
  4382  3416 20086.6034  301  220          - 17022.6563      -   308  510s
  4446  3452 20396.4619  329  216          - 17025.2357      -   307  518s
  4506  3538 17356.8981   37  491          - 17025.2357      -   310  528s
  4594  3595 17399.1364   38  442          - 17025.2357      -   310  538s
  4659  3658 17337.8745   36  554          - 17025.2357      -   311  549s
  4738  3691 17439.3329   36  571          - 17025.2357      -   312  558s
  4771  3720 17482.0792   38  457          - 17025.2357      -   316  569s
  4800  3807 17496.7699   39  425          - 17025.2357      -   318  579s
  4887  3890 17532.6957   38  509          - 17025.2357      -   318  591s
  4970  4022 17550.4128   40  448          - 17025.2357      -   318  609s
  5102  4157 17652.8270   51  466          - 17025.2357      -   315  622s
  5237  4317 17678.0048   53  462          - 17025.2357      -   313  635s
  5402  4671 17987.0001   75  369          - 17025.2357      -   312  652s
  5642  4671 22733.1718  449  114          - 17025.2357      -   305  655s
  5772  4771 18105.4788   86  306          - 17025.2357      -   300  668s
  5892  4839 infeasible  114               - 17037.9156      -   301  683s
  5980  4907 17217.3980   30  431          - 17037.9156      -   301  695s
  6056  5111 17702.4234   46  317          - 17037.9156      -   304  709s
  6124  5111 17863.2929   89  225          - 17037.9156      -   303  710s
  6260  5286 18157.2717  125  202          - 17037.9953      -   301  724s
  6363  5286 18626.2779  192  202          - 17037.9953      -   298  725s
  6455  5562 17396.4116   37  484          - 17037.9953      -   299  740s
  6749  5821 17465.4763   42  491          - 17037.9953      -   293  759s
  7077  5951 17736.5017   57  390          - 17037.9953      -   285  773s
  7234  6277 18200.4733   94  265          - 17037.9953      -   284  790s
  7568  6372 infeasible  259               - 17040.2291      -   279  808s
  7695  6449 17478.8737   40  380          - 17043.0916      -   280  827s
  7774  6571 17838.5105   53  319          - 17043.0916      -   283  844s
  7852  6571 18305.8935   91  177          - 17043.0916      -   282  845s
  7904  6882 18417.8167  109  249          - 17043.0916      -   283  861s
  8215  7226 19232.9236  260  183          - 17043.7886      -   278  880s
  8579  7272 17345.2962   38  498          - 17043.7886      -   271  897s
  8639  7311 17552.8109   42  489          - 17043.7886      -   273  910s
  8678  7364 17804.4642   51  490          - 17043.7886      -   276  924s
  8733  7544 17990.7642   64  304          - 17043.7886      -   277  941s
  8929  7576 18717.1395  181  214          - 17046.1337      -   276  957s
  8973  7605 17376.6591   34  503          - 17046.1337      -   278  971s
  9002  7710 17581.8661   41  446          - 17051.2227      -   280 1000s
  9115  7855 17430.7060   32  526          - 17051.2227      -   281 1016s
  9260  8019 17612.1591   36  495          - 17051.2227      -   280 1035s
  9442  8276 17974.7616   57  268          - 17051.2227      -   280 1053s
  9575  8276 18466.9281  154  187          - 17051.2227      -   278 1055s
  9699  8555 18951.2940  204  176          - 17051.2227      -   277 1074s
  9794  8555 19676.6478  260  204          - 17051.2227      -   276 1075s
 10018  8621 21176.6917  317  136          - 17053.3121      -   273 1093s
 10063  8621 21346.3209  345  128          - 17053.3121      -   272 1096s
 10151  8645 17246.2762   29  609          - 17053.4040      -   272 1110s
 10175  8684 17437.0699   38  521          - 17053.4040      -   274 1125s
 10214  8768 17752.7297   44  510          - 17053.4040      -   276 1140s
 10298  9014 18016.0380   70  240          - 17053.4040      -   277 1158s
 10544  9450 18443.9077  183  243          - 17053.8865      -   274 1182s
 11008  9721 17446.9844   31  546          - 17053.8865      -   267 1204s
 11030  9721 19317.1957  278  177          - 17053.8865      -   268 1205s
 11307  9765 17885.8632   41  403          - 17053.8865      -   264 1222s
 11353  9857 infeasible   55               - 17053.8865      -   266 1239s
 11409  9857 17726.3973   42  458          - 17053.8865      -   267 1246s
 11455  9973 infeasible   86               - 17057.8292      -   267 1261s
 11587 10270 17627.0463   42  392          - 17057.8292      -   267 1281s
 11885 10423 17851.1571   54  439          - 17057.8292      -   263 1299s
 11934 10423 18318.1195   78  256          - 17057.8292      -   263 1300s
 12090 10494 18428.6894  104  194          - 17067.0804      -   262 1316s
 12179 10544 17369.3835   37  532          - 17067.0804      -   264 1331s
 12229 10743 17661.1214   44  376          - 17067.0804      -   266 1348s
 12436 10892 17926.1276   58  353          - 17067.0804      -   265 1372s
 12605 10924 18665.5404  100  295          - 17069.1890      -   264 1388s
 12665 11030 17708.3867   32  517          - 17069.1890      -   266 1403s
 12710 11030 18036.7680   55  298          - 17069.1890      -   266 1408s
 12771 11544 18037.9620   56  260          - 17069.1890      -   267 1428s
 12928 11544 18485.0099  146  214          - 17069.1890      -   264 1430s
 13298 11983 infeasible  301               - 17069.4997      -   259 1452s
 13599 11983 20289.5272  286  129          - 17080.2467      -   256 1455s
 13829 12070 17589.8724   41  478          - 17080.2467      -   253 1475s
 13916 12233 17914.8540   63  369          - 17080.2467      -   254 1493s
 14107 12432 18419.2851  104  260          - 17087.6350      -   254 1512s
 14338 12463 17296.2615   28  633          - 17087.6350      -   253 1528s
 14369 12509 17382.5675   35  502          - 17087.6350      -   254 1542s
 14415 12722 17652.7822   41  467          - 17087.6350      -   256 1558s
 14632 12825 18044.4955   61  395          - 17087.6350      -   254 1575s
 14757 12920 18308.4651   84  342          - 17087.6350      -   255 1590s
 14852 13219 18765.5564  129  336          - 17087.6350      -   256 1609s
 14974 13219 20329.1513  193  185          - 17087.6350      -   255 1610s
 15173 13707 20640.5367  232  166          - 17087.6350      -   254 1631s
 15519 13707 24643.0611  488   87          - 17087.6350      -   250 1635s
 15681 14055 25445.7191  587   42          - 17093.8630      -   248 1663s
 15839 14055 26011.5450  698   25          - 17093.8630      -   246 1666s
 16083 14101 17347.1782   33  596          - 17093.8630      -   245 1682s
 16138 14164 17727.9852   45  424          - 17093.8630      -   246 1698s
 16205 14242 18487.7283   62  277          - 17096.7137      -   247 1713s
 16295 14402 17626.1961   47  453          - 17096.7137      -   248 1731s
 16469 14445 17890.5744   58  477          - 17096.7137      -   248 1747s
 16512 14572 18145.0166   84  334          - 17096.7137      -   249 1762s
 16639 14675 18650.8335  134  253          - 17097.1354      -   250 1779s
 16762 14708 17332.0224   34  540          - 17097.1354      -   250 1795s
 16803 14795 17780.3333   50  388          - 17097.1354      -   251 1811s
 16890 15038 18243.1463   77  300          - 17097.1354      -   252 1828s
 17050 15038 18754.3903  170  231          - 17097.1354      -   251 1830s
 17149 15268 18752.6374  170  230          - 17099.5172      -   251 1848s
 17423 15299 17711.2409   39  527          - 17099.5686      -   250 1864s
 17454 15460 17935.8368   44  422          - 17099.5686      -   251 1880s
 17615 15638 18402.2313  124  205          - 17099.5686      -   251 1961s
 17793 15979 18747.1813  190  172          - 17104.8369      -   250 1984s
 17887 15979 19023.3633  248  150          - 17104.8369      -   249 1985s
 18192 16047 17778.3181   52  425          - 17110.3408      -   248 2002s
 18260 16224 18411.9010   76  299          - 17110.3408      -   249 2020s
 18441 16384 19251.8921  141  157          - 17110.3710      -   249 2039s
 18565 16384 18480.0645   65  312          - 17110.7169      -   249 2040s
 18653 16503 17730.5701   44  509          - 17110.7169      -   249 2057s
 18778 16691 18213.7514   68  241          - 17110.7169      -   250 2078s
 18988 16723 17306.3057   29  564          - 17112.1713      -   250 2096s
 19020 16864 17437.2585   36  564          - 17112.1713      -   251 2114s
 19161 17237 17880.0362   44  294          - 17112.1713      -   251 2134s
 19536 17549 18098.2614   53  485          - 17112.1713      -   249 2159s
 19859 17549 20760.7370  614  117          - 17112.1713      -   247 2162s
 19884 17676 18395.4708   69  370          - 17112.1713      -   247 2178s
 20013 17902 18963.0846  125  183          - 17113.1027      -   247 2202s
 20254 18088 17627.1790   42  550          - 17113.1027      -   247 2221s
 20450 18322 17969.1232   56  352          - 17113.1027      -   247 2240s
 20702 18614 18383.2449   90  258          - 17120.6863      -   246 2259s
 20733 18614 18512.1258  115  261          - 17120.6863      -   246 2260s
 21030 18758 17512.4823   38  563          - 17120.6863      -   244 2280s
 21202 18902 18147.9137   66  304          - 17120.6863      -   245 2299s
 21264 18902 18548.9728  108  235          - 17120.6863      -   245 2300s
 21350 19064 18933.5176  149  128          - 17121.1898      -   245 2317s
 21536 19362 17796.8484   54  403          - 17121.1898      -   245 2338s
 21743 19362 18780.8676  114  191          - 17121.1898      -   245 2340s
 21854 19482 18595.2055  123  158          - 17121.2956      -   244 2358s
 22024 19610 17715.7247   42  425          - 17124.2578      -   244 2376s
 22160 19716 19174.3856  103  243          - 17124.6972      -   245 2394s
 22259 19716 18288.0950   83  261          - 17124.6972      -   245 2395s
 22279 19880 17719.8722   42  291          - 17124.9458      -   245 2413s
 22469 19933 17326.8007   46  469          - 17128.5271      -   246 2432s
 22526 20109 17624.7885   53  420          - 17128.5271      -   246 2452s
 22732 20187 18148.5184   78  344          - 17131.1446      -   247 2470s
 22832 20268 17469.7300   45  559          - 17131.1446      -   247 2494s
 22913 20604 17955.9765   60  377          - 17131.1446      -   248 2514s
 22983 20604 18389.8656  100  214          - 17131.1446      -   248 2515s
 23251 20893 18677.2127  133  242          - 17131.2283      -   246 2536s
 23600 21078 17805.4869   54  378          - 17134.9323      -   245 2564s
 23803 21112 17539.9206   29  635          - 17134.9323      -   245 2581s
 23853 21206 17831.9247   37  576          - 17134.9323      -   246 2598s
 23949 21297 18003.9071   45  447          - 17134.9323      -   246 2616s
 24068 21381 18315.2763   60  442          - 17134.9323      -   247 2645s
 24152 21629 18423.4357   96  159          - 17134.9323      -   248 2664s
 24183 21629 18454.9108  116  111          - 17134.9323      -   248 2665s
 24400 21933 18792.0662  258  143          - 17138.5296      -   247 2697s
 24652 21933 18706.3440  129  214          - 17144.6662      -   246 2700s
 24760 22004 17738.3273   42  490          - 17144.6662      -   246 2717s
 24833 22285 18223.9003   59  358          - 17144.7738      -   246 2737s
 25150 22384 17357.3711   37  536          - 17144.8627      -   246 2783s
 25202 22384 18133.0233   64  249          - 17144.8627      -   246 2797s
 25255 22498 18181.1886   73  275          - 17145.3980      -   247 2815s
 25391 22610 17950.4521   64  372          - 17145.4905      -   247 2834s
 25545 22656 17516.3108   37  508          - 17146.0278      -   248 2935s
 25591 22766 17904.2746   51  331          - 17146.2659      -   248 2961s
 25749 22832 17409.4237   47  465          - 17146.4963      -   249 2980s
 25815 22990 17822.9788   57  364          - 17146.4963      -   250 3000s
 25973 23097 18512.7879   99  184          - 17146.9520      -   251 3020s
 26126 23233 17984.0364   57  444          - 17146.9603      -   251 3041s
 26292 23308 17466.7649   67  536          - 17146.9603      -   252 3067s
 26367 23612 17903.4835   82  324          - 17147.8686      -   253 3088s
 26523 23612 19594.2828  173  130          - 17147.8686      -   253 3090s
 26731 23639 17254.2157   29  444          - 17148.0033      -   252 3116s
 26758 23717 17957.0514   36  394          - 17148.1438      -   253 3135s
 26848 23815 17539.7980   41  536          - 17148.1482      -   254 3154s
 26896 23815 18268.9073   72  266          - 17148.1482      -   254 3155s
 26984 23877 17695.9972   44  471          - 17148.1482      -   255 3181s
 27052 24157 18325.7647   68  323          - 17148.1482      -   256 3203s
 27344 24223 18912.7573  118  202          - 17149.9454      -   255 3223s
 27454 24436 17929.1154   55  442          - 17150.1504      -   256 3243s
 27667 24552 18556.0975  130  248          - 17150.8417      -   255 3263s
 27828 24673 17519.9847   34  471          - 17151.2877      -   256 3284s
 27953 24895 18028.5268   74  206          - 17151.2877      -   256 3307s
 28223 25006 19702.8743  193  132          - 17151.7188      -   256 3329s
 28390 25171 17634.2145   42  465          - 17151.7188      -   257 3351s
 28584 25236 18944.2325  149  193          - 17152.0392      -   257 3370s
 28665 25470 17741.6173   41  478          - 17152.0392      -   258 3390s
 28915 25610 18320.5909   74  206          - 17153.7286      -   257 3410s
 29083 25941 17264.4705   33  453          - 17153.7286      -   258 3433s
 29387 25941 19364.7680  212  163          - 17153.7286      -   257 3436s
 29422 26557 17878.0886   50  294          - 17153.7286      -   257 3457s
 29708 26557 21292.8214  253   80          - 17153.7286      -   255 3460s
 30113 26903 19185.5927  204  145          - 17158.4044      -   253 3481s
 30471 27102 17836.3633   42  521          - 17158.4044      -   251 3502s
 30694 27302 18269.0401   78  383          - 17158.4044      -   251 3523s
 30818 27302 18940.7870  141  119          - 17158.4044      -   251 3525s
 30894 27501 19187.8964  173  163          - 17159.1363      -   251 3544s
 30988 27501 19774.8502  246  151          - 17159.1363      -   250 3545s
 31115 27701 17812.9110   50  438          - 17159.1363      -   251 3565s
 31321 27840 18733.0101  128  247          - 17160.5290      -   251 3585s
 31564 27909 17702.0495   51  436          - 17160.5311      -   251 3600s

Cutting planes:
  User: 5207
  Gomory: 43
  Cover: 566
  Implied bound: 43
  Projected implied bound: 31
  Clique: 13
  MIR: 509
  StrongCG: 3
  Flow cover: 1012
  Zero half: 25
  Network: 12
  RLT: 447
  Relax-and-lift: 29
  Lazy constraints: 107

Explored 31633 nodes (7990255 simplex iterations) in 3600.74 seconds
Thread count was 2 (of 32 available processors)

Solution count 0

Time limit reached
Best objective -, best bound 1.716053110080e+04, gap -

User-callback calls 311743, time in user-callback 428.13 sec
================================================================================
executing instance: ./input/Instances/Original/6/absH6high_1n20.dat
--------------------------------------------------------------------------------
Instance details
n	21
H	6
C	1651
Li:
[0, 0, 0, 0, 0, 0, 0, 0, 0, 0, 0, 0, 0, 0, 0, 0, 0, 0, 0, 0, 0, ]
Ui:
[0, 36, 182, 182, 90, 261, 117, 30, 110, 42, 276, 153, 40, 94, 144, 46, 129, 213, 264, 160, 174, ]
Distance matrix:
|0	371	401	343	361	341	370	115	392	400	79	266	292	245	355	431	265	194	95	92	348	|
|371	0	37	141	110	250	117	438	67	131	372	305	115	238	247	255	235	296	392	430	185	|
|401	37	0	175	100	284	146	472	90	156	406	342	152	275	280	282	242	333	415	455	178	|
|343	141	175	0	239	110	38	374	95	60	314	182	67	130	106	127	318	201	397	423	303	|
|361	110	100	239	0	341	222	451	177	240	385	374	190	304	341	361	151	345	354	398	78	|
|341	250	284	110	341	0	143	337	203	151	289	102	152	97	15	95	394	156	415	431	398	|
|370	117	146	38	222	143	0	407	61	30	346	220	81	167	137	139	317	237	417	447	292	|
|115	438	472	374	451	337	407	0	443	434	66	241	339	251	351	431	374	181	201	177	450	|
|392	67	90	95	177	203	61	443	0	66	379	275	104	216	197	193	294	283	427	461	252	|
|400	131	156	60	240	151	30	434	66	0	374	237	112	189	142	127	344	261	448	477	312	|
|79	372	406	314	385	289	346	66	379	374	0	202	275	197	304	383	316	134	175	166	388	|
|266	305	342	182	374	102	220	241	275	237	202	0	191	70	117	196	386	73	352	359	415	|
|292	115	152	67	190	152	81	339	104	112	275	191	0	123	154	193	252	183	336	366	246	|
|245	238	275	130	304	97	167	251	216	189	197	70	123	0	110	187	322	72	319	334	346	|
|355	247	280	106	341	15	137	351	197	142	304	117	154	110	0	80	399	171	427	444	400	|
|431	255	282	127	361	95	139	431	193	127	383	196	193	187	80	0	444	251	499	519	429	|
|265	235	242	318	151	394	317	374	294	344	316	386	252	322	399	444	0	332	226	273	97	|
|194	296	333	201	345	156	237	181	283	261	134	73	183	72	171	251	332	0	279	286	375	|
|95	392	415	397	354	415	417	201	427	448	175	352	336	319	427	499	226	279	0	47	321	|
|92	430	455	423	398	431	447	177	461	477	166	359	366	334	444	519	273	286	47	0	368	|
|348	185	178	303	78	398	292	450	252	312	388	415	246	346	400	429	97	375	321	368	0	|

--------------------------------------------------------------------------------
Building model...
	using lazy and cut (CVRPSEP package)
Solving IRP LP...
--------------------------------------------------------------------------------

Gurobi 9.1.0 (linux64) logging started Fri Jan 29 03:22:59 2021

Gurobi Optimizer version 9.1.0 build v9.1.0rc0 (linux64)
Thread count: 32 physical cores, 32 logical processors, using up to 2 threads
Optimize a model with 1419 rows, 6171 columns and 15807 nonzeros
Model fingerprint: 0x95e39f61
Variable types: 627 continuous, 5544 integer (504 binary)
Coefficient statistics:
  Matrix range     [1e+00, 1e+03]
  Objective range  [1e-01, 5e+02]
  Bounds range     [1e+00, 3e+02]
  RHS range        [1e+01, 3e+03]
Presolve removed 147 rows and 21 columns
Presolve time: 0.04s
Presolved: 1272 rows, 6150 columns, 14779 nonzeros
Variable types: 606 continuous, 5544 integer (5064 binary)

Root relaxation: objective 1.358628e+04, 2596 iterations, 0.10 seconds

    Nodes    |    Current Node    |     Objective Bounds      |     Work
 Expl Unexpl |  Obj  Depth IntInf | Incumbent    BestBd   Gap | It/Node Time

     0     0 13586.2755    0  216          - 13586.2755      -     -    0s
     0     0 13762.6744    0  206          - 13762.6744      -     -    0s
     0     0 13776.4218    0  204          - 13776.4218      -     -    0s
     0     0 13780.5064    0  237          - 13780.5064      -     -    0s
     0     0 13780.8812    0  232          - 13780.8812      -     -    0s
     0     0 14116.7798    0  293          - 14116.7798      -     -    1s
     0     0 14196.5582    0  280          - 14196.5582      -     -    1s
     0     0 14220.8368    0  284          - 14220.8368      -     -    1s
     0     0 14229.7932    0  324          - 14229.7932      -     -    1s
     0     0 14229.7963    0  330          - 14229.7963      -     -    1s
     0     0 14352.1565    0  362          - 14352.1565      -     -    2s
     0     0 14421.4544    0  375          - 14421.4544      -     -    2s
     0     0 14425.7275    0  386          - 14425.7275      -     -    2s
     0     0 14427.5293    0  400          - 14427.5293      -     -    2s
     0     0 14427.8093    0  441          - 14427.8093      -     -    2s
     0     0 14505.1989    0  390          - 14505.1989      -     -    3s
     0     0 14529.9732    0  329          - 14529.9732      -     -    3s
     0     0 14541.7327    0  432          - 14541.7327      -     -    3s
     0     0 14544.5840    0  443          - 14544.5840      -     -    3s
     0     0 14548.5090    0  448          - 14548.5090      -     -    3s
     0     0 14564.3214    0  473          - 14564.3214      -     -    4s
     0     0 14572.7897    0  486          - 14572.7897      -     -    4s
     0     0 14573.5277    0  510          - 14573.5277      -     -    4s
     0     0 14620.5565    0  528          - 14620.5565      -     -    4s
     0     0 14627.1720    0  500          - 14627.1720      -     -    5s
     0     0 14629.5029    0  478          - 14629.5029      -     -    5s
     0     0 14629.8795    0  531          - 14629.8795      -     -    5s
     0     0 14656.5872    0  466          - 14656.5872      -     -    5s
     0     0 14660.0030    0  435          - 14660.0030      -     -    6s
     0     0 14661.6840    0  491          - 14661.6840      -     -    6s
     0     0 14661.9859    0  508          - 14661.9859      -     -    6s
     0     0 14666.1077    0  440          - 14666.1077      -     -    6s
     0     0 14666.1348    0  411          - 14666.1348      -     -    7s
     0     2 14667.2276    0  354          - 14667.2276      -     -    8s
     5     8 14837.1871    2  387          - 14689.4411      -  1263   10s
    44    40 15123.5192   14  350          - 14769.4596      -   750   15s
    85    83 15423.5366   27  354          - 14769.4596      -   665   20s
   219   197 15896.9229   38  336          - 14769.4596      -   385   25s
   277   246 15106.6804    9  459          - 14769.4596      -   383   30s
   368   325 15397.2462   18  358          - 14769.4596      -   349   44s
   376   327 15500.3777   21  459          - 14769.4596      -   356   45s
   417   378 15685.0535   32  341          - 14769.4596      -   369   50s
   479   454 16392.2044   50  247          - 14769.4596      -   371   55s
   584   585 17854.1346   83  209          - 14769.4596      -   345   61s
   726   677 20069.2983  147  176          - 14769.4596      -   304   65s
   755   683 16249.1872   46  519          - 14854.9154      -   297   70s
   768   691 16835.4361   60  578          - 14986.1104      -   292   75s
   778   698 16760.0505   59  643          - 14998.8000      -   289   80s
   781   703 15001.7017   16  670          - 15001.7017      -   318   86s
   783   704 15009.1479   17  593          - 15001.9751      -   318   91s
   789   708 15169.8539   18  533          - 15011.5042      -   325   95s
   799   716 15171.8025   21  464          - 15025.0224      -   341  101s
   809   722 15524.7371   23  461          - 15025.0224      -   358  105s
   830   738 15441.4767   27  544          - 15025.0224      -   369  110s
   856   754 15556.0724   34  435          - 15025.0224      -   378  116s
   877   773 15670.1697   38  371          - 15025.0224      -   383  120s
   916   799 15999.9784   46  405          - 15025.0224      -   387  125s
   961   835 16100.6920   56  326          - 15025.0224      -   391  130s
  1008   866 infeasible   66               - 15025.0224      -   391  135s
  1079   915 16881.5166   81  296          - 15025.0224      -   388  140s
  1161   984 17308.2764   98  239          - 15025.0224      -   380  146s
  1237  1047 17630.7259  115  232          - 15025.0224      -   369  150s
  1391  1125 18006.9140  150  220          - 15025.0224      -   346  156s
  1491  1200 18258.8391  174  211          - 15025.0224      -   334  160s
  1615  1291 18739.6377  206  154          - 15025.0224      -   321  165s
  1700  1361 20642.6482  225  131          - 15025.0224      -   312  171s
  1833  1311 infeasible  269               - 15025.3970      -   299  175s
  1850  1316 15204.8431   20  558          - 15025.3970      -   309  181s
  1858  1322 15211.5503   21  552          - 15025.3970      -   318  195s
  1867  1329 15272.0422   22  536          - 15025.3970      -   327  200s
  1888  1343 15423.8734   31  543          - 15025.3970      -   335  207s
  1894  1348 15421.2082   31  516          - 15025.3970      -   340  210s
  1908  1356 15563.1161   35  577          - 15025.3970      -   348  215s
  1921  1370 15682.8118   36  513          - 15025.3970      -   354  220s
  1955  1398 15684.1987   41  427          - 15025.3970      -   358  225s
  1984  1419 15718.8065   44  448          - 15025.3970      -   360  231s
  2019  1457 15725.3057   46  414          - 15025.3970      -   361  237s
  2056  1494 15782.3778   49  402          - 15025.3970      -   361  240s
  2168  1570 15946.6331   54  403          - 15025.3970      -   355  248s
  2228  1586 15984.6125   56  409          - 15025.3970      -   352  256s
  2282  1576 16191.2629   58  379          - 15025.3970      -   353  260s
  2305  1593 16417.9793   66  370          - 15025.3970      -   359  267s
  2315  1609 16489.2102   67  384          - 15025.3970      -   362  270s
  2334  1617 16567.4500   79  402          - 15025.3970      -   364  276s
  2349  1630 16903.8710   83  337          - 15025.3970      -   369  280s
