




arguments: ./build/bc_mirp -f ./input/orig_exec_92.cfg
Current dir: /scratch/gui/bc_mirp
File verbosity level: 9
date       time         ( uptime  ) [ thread name/id ]                   file:line     v| 
2021-02-07 08:41:35.306 (   0.076s) [main thread     ]             loguru.cpp:789   INFO| Logging to './output/vi_vc+qua/OU/V5/Original/execution_07_02_2021_08_41_35.log', mode: 'a', verbosity: 9
--------------------------------------------------------------------------------
Parameters
                           instance_path           ./input/Instances/Original/2/
                            model_policy                                       1
                             nb_vehicles                                       5
                              output_dir      ./output/vi_vc+qua/OU/V5/Original/
                            sec_strategy                                       1
                       solver_nb_threads                                       2
                         solver_show_log                                    true
                       solver_time_limit                                    3600
                              use_vi_cos                                   false
                              use_vi_cus                                   false
                         use_vi_hc1_full                                   false
                         use_vi_hc1_half                                   false
                      use_vi_hc1_quarter                                   false
                              use_vi_hc2                                   false
                              use_vi_hc3                                   false
                         use_vi_lex_full                                   false
                         use_vi_lex_half                                   false
                      use_vi_lex_quarter                                   false
                              use_vi_qua                                    true
                               use_vi_vc                                    true
                               use_vi_vr                                   false
--------------------------------------------------------------------------------
executing instance: ./input/Instances/Original/2/absH3high_3n40.dat
--------------------------------------------------------------------------------
Instance details
n	41
H	3
C	3283
Li:
[0, 0, 0, 0, 0, 0, 0, 0, 0, 0, 0, 0, 0, 0, 0, 0, 0, 0, 0, 0, 0, 0, 0, 0, 0, 0, 0, 0, 0, 0, 0, 0, 0, 0, 0, 0, 0, 0, 0, 0, 0, ]
Ui:
[0, 63, 111, 99, 96, 111, 282, 122, 156, 261, 42, 192, 126, 42, 162, 207, 159, 122, 102, 190, 118, 102, 132, 102, 165, 252, 66, 52, 22, 114, 210, 176, 116, 294, 78, 152, 210, 45, 130, 198, 174, ]
Distance matrix:
|0	208	225	252	227	143	258	127	267	150	28	83	163	286	57	149	201	137	214	255	70	73	107	186	328	266	249	343	222	177	293	144	262	215	167	120	169	218	143	173	255	|
|208	0	397	355	416	198	216	99	211	275	193	172	97	166	240	225	362	109	277	314	182	216	273	374	298	208	319	161	14	103	93	120	58	196	152	156	372	227	260	218	453	|
|225	397	0	427	53	364	482	343	492	129	253	225	382	386	171	188	39	291	187	195	295	182	282	55	326	491	180	551	408	315	457	366	455	275	392	244	221	439	341	214	101	|
|252	355	427	0	401	158	201	263	219	396	234	328	259	498	299	400	420	354	465	506	205	324	152	374	574	219	499	393	366	389	446	235	378	456	205	359	224	150	111	423	400	|
|227	416	53	401	0	357	477	352	489	165	253	245	389	424	179	223	85	315	234	245	293	200	264	42	375	488	231	565	428	344	484	370	474	314	392	270	184	430	325	252	50	|
|143	198	364	158	357	0	121	105	134	290	116	196	103	342	200	276	343	205	343	385	74	210	112	319	432	133	382	265	209	237	290	78	226	313	57	220	232	75	69	292	375	|
|258	216	482	201	477	121	0	168	18	397	230	293	135	381	314	372	459	275	437	480	188	317	228	439	501	18	479	197	222	296	290	132	212	386	95	306	347	58	173	381	496	|
|127	99	343	263	352	105	168	0	171	239	105	130	40	237	173	206	313	109	270	312	84	164	175	310	337	169	313	216	112	135	192	37	142	220	77	138	280	155	162	213	382	|
|267	211	492	219	489	134	18	171	0	404	240	298	136	376	323	376	468	276	441	483	198	324	243	450	500	2	483	181	215	294	281	136	202	386	102	309	363	75	189	384	509	|
|150	275	129	396	165	290	397	239	404	0	175	110	279	259	97	59	91	166	84	116	217	80	245	130	226	402	106	434	286	187	329	269	333	149	302	119	244	364	291	87	213	|
|28	193	253	234	253	116	230	105	240	175	0	94	139	286	84	167	229	136	234	275	43	96	98	212	341	238	271	320	206	175	281	118	244	225	140	128	180	191	124	189	280	|
|83	172	225	328	245	196	293	130	298	110	94	0	169	209	77	80	191	71	147	189	127	45	189	203	247	296	187	327	184	106	241	162	230	132	198	38	242	266	217	96	285	|
|163	97	382	259	389	103	135	40	136	279	139	169	0	253	212	244	353	141	307	349	110	203	194	347	366	133	350	183	107	161	187	27	124	251	56	175	306	133	169	249	418	|
|286	166	386	498	424	342	381	237	376	259	286	209	253	0	284	201	347	151	210	230	299	247	383	387	155	374	242	290	162	112	129	270	192	113	308	172	451	386	391	172	471	|
|57	240	171	299	179	200	314	173	323	97	84	77	212	284	0	112	145	147	170	208	127	38	148	137	299	321	201	386	253	183	315	195	297	195	222	112	171	275	195	142	214	|
|149	225	188	400	223	276	372	206	376	59	167	80	244	201	112	0	149	117	67	110	205	78	254	186	187	374	108	387	235	132	272	240	283	93	277	71	279	346	291	32	270	|
|201	362	39	420	85	343	459	313	468	91	229	191	353	347	145	149	0	254	149	160	272	150	271	66	290	466	146	518	373	278	419	339	420	235	367	207	227	418	327	175	135	|
|137	109	291	354	315	205	275	109	276	166	136	71	141	151	147	117	254	0	172	212	151	116	232	273	229	274	215	270	119	39	170	145	167	111	186	47	305	263	245	113	356	|
|214	277	187	465	234	343	437	270	441	84	234	147	307	210	170	67	149	172	0	42	272	141	317	205	144	439	43	437	284	175	307	305	331	99	343	132	327	413	357	60	283	|
|255	314	195	506	245	385	480	312	483	116	275	189	349	230	208	110	160	212	42	0	314	182	356	222	132	481	15	474	321	212	337	347	367	126	385	174	358	455	398	100	295	|
|70	182	295	205	293	74	188	84	198	217	43	127	110	299	127	205	272	151	272	314	0	137	91	253	370	196	310	292	195	188	274	85	226	252	99	155	197	148	94	223	316	|
|73	216	182	324	200	210	317	164	324	80	96	45	203	247	38	78	150	116	141	182	137	0	176	158	263	323	176	369	229	150	286	191	274	157	223	77	208	284	216	106	239	|
|107	273	282	152	264	112	228	175	243	245	98	189	194	383	148	254	271	232	317	356	91	176	0	231	435	242	349	371	286	271	365	167	315	321	164	224	120	174	61	280	274	|
|186	374	55	374	42	319	439	310	450	130	212	203	347	387	137	186	66	273	205	222	253	158	231	0	348	448	208	523	386	303	442	329	431	279	352	229	167	392	291	217	85	|
|328	298	326	574	375	432	501	337	500	226	341	247	366	155	299	187	290	229	144	132	370	263	435	348	0	498	147	441	299	206	283	374	338	119	414	215	465	492	463	157	425	|
|266	208	491	219	488	133	18	169	2	402	238	296	133	374	321	374	466	274	439	481	196	323	242	448	498	0	481	180	213	292	278	134	200	384	100	307	362	75	188	381	508	|
|249	319	180	499	231	382	479	313	483	106	271	187	350	242	201	108	146	215	43	15	310	176	349	208	147	481	0	480	326	217	346	347	373	135	385	175	347	454	392	103	280	|
|343	161	551	393	565	265	197	216	181	434	320	327	183	290	386	387	518	270	437	474	292	369	371	523	441	180	480	0	153	263	163	207	107	352	208	317	487	244	334	379	598	|
|222	14	408	366	428	209	222	112	215	286	206	184	107	162	253	235	373	119	284	321	195	229	286	386	299	213	326	153	0	109	81	132	48	201	162	167	386	236	272	226	466	|
|177	103	315	389	344	237	296	135	294	187	175	106	161	112	183	132	278	39	175	212	188	150	271	303	206	292	217	263	109	0	142	171	156	95	211	74	344	289	281	118	386	|
|293	93	457	446	484	290	290	192	281	329	281	241	187	129	315	272	419	170	307	337	274	286	365	442	283	278	346	163	81	142	0	212	79	211	241	214	461	311	353	254	525	|
|144	120	366	235	370	78	132	37	136	269	118	162	27	270	195	240	339	145	305	347	85	191	167	329	374	134	347	207	132	171	212	0	151	257	40	174	280	119	142	248	398	|
|262	58	455	378	474	226	212	142	202	333	244	230	124	192	297	283	420	167	331	367	226	274	315	431	338	200	373	107	48	156	79	151	0	245	173	214	421	237	293	273	510	|
|215	196	275	456	314	313	386	220	386	149	225	132	251	113	195	93	235	111	99	126	252	157	321	279	119	384	135	352	201	95	211	257	245	0	297	97	365	374	345	62	362	|
|167	152	392	205	392	57	95	77	102	302	140	198	56	308	222	277	367	186	343	385	99	223	164	352	414	100	385	208	162	211	241	40	173	297	0	213	283	79	126	287	415	|
|120	156	244	359	270	220	306	138	309	119	128	38	175	172	112	71	207	47	132	174	155	77	224	229	215	307	175	317	167	74	214	174	214	97	213	0	280	286	248	75	313	|
|169	372	221	224	184	232	347	280	363	244	180	242	306	451	171	279	227	305	327	358	197	208	120	167	465	362	347	487	386	344	461	280	421	365	283	280	0	291	175	310	176	|
|218	227	439	150	430	75	58	155	75	364	191	266	133	386	275	346	418	263	413	455	148	284	174	392	492	75	454	244	236	289	311	119	237	374	79	286	291	0	116	359	445	|
|143	260	341	111	325	69	173	162	189	291	124	217	169	391	195	291	327	245	357	398	94	216	61	291	463	188	392	334	272	281	353	142	293	345	126	248	175	116	0	313	335	|
|173	218	214	423	252	292	381	213	384	87	189	96	249	172	142	32	175	113	60	100	223	106	280	217	157	381	103	379	226	118	254	248	273	62	287	75	310	359	313	0	300	|
|255	453	101	400	50	375	496	382	509	213	280	285	418	471	214	270	135	356	283	295	316	239	274	85	425	508	280	598	466	386	525	398	510	362	415	313	176	445	335	300	0	|

--------------------------------------------------------------------------------
Building model...
	using lazy and cut (CVRPSEP package)
Solving IRP LP...
--------------------------------------------------------------------------------

Gurobi 9.1.0 (linux64) logging started Sun Feb  7 08:41:35 2021

Gurobi Optimizer version 9.1.0 build v9.1.0rc0 (linux64)
Thread count: 32 physical cores, 32 logical processors, using up to 2 threads
Optimize a model with 1781 rows, 13679 columns and 32744 nonzeros
Model fingerprint: 0xc1f283d1
Variable types: 764 continuous, 12915 integer (615 binary)
Coefficient statistics:
  Matrix range     [1e+00, 7e+02]
  Objective range  [1e-01, 6e+02]
  Bounds range     [1e+00, 3e+02]
  RHS range        [1e+00, 6e+03]
Presolve removed 435 rows and 232 columns
Presolve time: 0.15s
Presolved: 1346 rows, 13447 columns, 29498 nonzeros
Variable types: 488 continuous, 12959 integer (12332 binary)

Root relaxation: objective 1.244563e+04, 1647 iterations, 0.06 seconds

    Nodes    |    Current Node    |     Objective Bounds      |     Work
 Expl Unexpl |  Obj  Depth IntInf | Incumbent    BestBd   Gap | It/Node Time

     0     0 12445.6272    0  145          - 12445.6272      -     -    0s
     0     0 12910.9694    0  173          - 12910.9694      -     -    0s
     0     0 12934.6030    0  158          - 12934.6030      -     -    1s
     0     0 12938.4238    0  161          - 12938.4238      -     -    1s
     0     0 13497.8732    0  262          - 13497.8732      -     -    1s
     0     0 13504.0871    0  241          - 13504.0871      -     -    1s
     0     0 13504.8545    0  236          - 13504.8545      -     -    1s
     0     0 13642.5992    0  303          - 13642.5992      -     -    2s
     0     0 13697.8650    0  294          - 13697.8650      -     -    2s
     0     0 13700.9252    0  309          - 13700.9252      -     -    2s
     0     0 13701.5842    0  314          - 13701.5842      -     -    2s
     0     0 13766.6856    0  333          - 13766.6856      -     -    3s
     0     0 13787.2685    0  325          - 13787.2685      -     -    4s
     0     0 13788.7499    0  367          - 13788.7499      -     -    4s
     0     0 13795.6224    0  346          - 13795.6224      -     -    4s
     0     0 13797.7145    0  328          - 13797.7145      -     -    4s
     0     0 13797.7760    0  334          - 13797.7760      -     -    5s
     0     0 13874.5792    0  296          - 13874.5792      -     -    5s
     0     0 13894.2427    0  329          - 13894.2427      -     -    5s
     0     0 13896.5767    0  327          - 13896.5767      -     -    5s
     0     0 13896.9014    0  343          - 13896.9014      -     -    5s
     0     0 13932.0817    0  355          - 13932.0817      -     -    6s
     0     0 13942.0440    0  416          - 13942.0440      -     -    6s
     0     0 13956.0965    0  392          - 13956.0965      -     -    6s
     0     0 13957.9058    0  403          - 13957.9058      -     -    7s
     0     0 13987.2669    0  423          - 13987.2669      -     -    7s
     0     0 13995.1930    0  449          - 13995.1930      -     -    7s
     0     0 13997.8914    0  449          - 13997.8914      -     -    8s
     0     0 13998.1472    0  450          - 13998.1472      -     -    8s
     0     0 14010.5042    0  473          - 14010.5042      -     -    8s
     0     0 14010.5042    0  447          - 14010.5042      -     -    8s
     0     0 14010.5042    0  447          - 14010.5042      -     -   10s
     0     2 14017.1106    0  341          - 14017.1106      -     -   11s
    19    22 14062.0507    6  571          - 14032.8556      -   706   15s
    49    53 14114.3984   15  506          - 14032.8556      -   702   20s
    76    86 14233.5931   21  459          - 14032.8556      -   723   25s
   129   142 14397.5760   35  396          - 14032.8556      -   589   30s
   212   227 14599.2839   52  354          - 14032.8556      -   453   35s
   341   366 14938.2852   77  371          - 14032.8556      -   362   41s
   457   513 15267.1665   92  348          - 14032.8556      -   302   45s
   636   643 15518.6782  109  216          - 14032.8556      -   249   50s
   727   774 16232.1113  166  116          - 14032.8556      -   244   56s
   939   938 19078.6718  309   22          - 14032.8556      -   207   60s
* 1021   999             358    20606.710000 14062.0878  31.8%   193   62s
  1031  1000 19746.3129  279  447 20606.7100 14062.0878  31.8%   198   69s
H 1032   950                    19819.760000 14062.0878  29.1%   198   73s
  1034   951 18535.3950  300  294 19819.7600 14062.0878  29.1%   198   75s
  1044   958 17127.4567  242  574 19819.7600 14108.2202  28.8%   196   80s
  1050   962 16036.9918  148  576 19819.7600 14141.1740  28.7%   195   85s
  1058   967 16291.8178  152  681 19819.7600 14155.3681  28.6%   193   91s
  1064   971 16618.9389  171  766 19819.7600 14159.4684  28.6%   192   96s
H 1065   923                    19653.760000 14159.4684  28.0%   192   99s
  1067   927 14162.7004   16  707 19653.7600 14159.5060  28.0%   216  101s
  1077   934 14169.4627   19  704 19653.7600 14167.7146  27.9%   225  105s
  1092   945 14177.9560   23  667 19653.7600 14173.8777  27.9%   238  112s
  1107   956 14225.7558   27  568 19653.7600 14173.8777  27.9%   246  115s
  1120   962 14227.9054   30  600 19653.7600 14173.8777  27.9%   251  120s
  1143   984 14347.9488   35  560 19653.7600 14173.8777  27.9%   260  125s
  1159   990 14412.3682   38  480 19653.7600 14173.8777  27.9%   263  130s
  1183  1004 14426.1585   44  429 19653.7600 14173.8777  27.9%   271  146s
  1200  1025 14455.8234   47  469 19653.7600 14173.8777  27.9%   277  150s
H 1211   977                    18430.240000 14173.8777  23.1%   279  152s
  1227  1004 14650.3590   53  427 18430.2400 14173.8777  23.1%   283  155s
  1273  1021 14734.2778   60  475 18430.2400 14173.8777  23.1%   285  163s
  1297  1049 14789.4528   66  455 18430.2400 14173.8777  23.1%   287  166s
  1336  1082 14933.9100   72  464 18430.2400 14173.8777  23.1%   289  170s
  1405  1127 15008.3787   86  361 18430.2400 14173.8777  23.1%   290  177s
  1461  1155 15104.1958   95  364 18430.2400 14173.8777  23.1%   291  182s
  1504  1213 15242.6726  103  260 18430.2400 14173.8777  23.1%   291  187s
  1589  1289 15290.4574  117  317 18430.2400 14173.8777  23.1%   287  193s
  1652  1340 15454.2101  125  282 18430.2400 14173.8777  23.1%   282  195s
* 1780  1297             243    18034.830000 14173.8777  21.4%   271  199s
  1792  1320 15498.3275  145  239 18034.8300 14173.8777  21.4%   271  203s
* 1826  1268             249    17906.250000 14173.8777  20.8%   268  203s
  1835  1313 15661.4811  159  213 17906.2500 14173.8777  20.8%   270  206s
  1883  1331 16078.8641  180  161 17906.2500 14173.8777  20.8%   268  212s
  1919  1352 16485.7381  198  145 17906.2500 14173.8777  20.8%   265  216s
  1952  1413 16780.3016  214  124 17906.2500 14173.8777  20.8%   263  220s
  2024  1467 17098.2200  247  106 17906.2500 14179.2677  20.8%   257  225s
  2139  1452 14312.1936   26  560 17906.2500 14179.2677  20.8%   253  233s
  2144  1469 14447.7981   26  444 17906.2500 14179.2677  20.8%   255  236s
  2185  1501 14382.3186   35  531 17906.2500 14179.2677  20.8%   258  243s
  2209  1524 14533.3023   36  509 17906.2500 14179.2677  20.8%   260  246s
  2240  1522 14406.1404   43  458 17906.2500 14179.2677  20.8%   261  250s
  2298  1607 14644.1753   54  375 17906.2500 14179.2677  20.8%   261  258s
  2352  1706 14626.8684   61  361 17906.2500 14179.2677  20.8%   260  263s
  2469  1767 14717.6540   69  313 17906.2500 14179.2677  20.8%   255  270s
  2569  1852 14785.5459   71  312 17906.2500 14179.2677  20.8%   249  277s
  2716  1825 14849.4249   78  265 17906.2500 14179.2677  20.8%   241  286s
  2738  1820 14952.5749   84  229 17906.2500 14179.2677  20.8%   243  301s
  2740  1848 15070.7515   83  252 17906.2500 14179.2677  20.8%   243  305s
  2769  1887 15083.6914   92  235 17906.2500 14179.2677  20.8%   243  310s
  2817  1901 15293.6308  104  212 17906.2500 14179.2677  20.8%   244  315s
  2847  1964 15410.6910  111  214 17906.2500 14179.2677  20.8%   244  320s
  2920  2029 15766.3600  128  167 17906.2500 14179.2677  20.8%   243  327s
  3010  2115 16199.5150  155  110 17906.2500 14185.1051  20.8%   240  334s
  3054  2101 16229.6963  169   50 17906.2500 14185.1051  20.8%   237  335s
  3153  2103 14228.1398   26  723 17906.2500 14185.1051  20.8%   234  340s
  3188  2136 14284.6882   37  719 17906.2500 14185.1051  20.8%   235  345s
  3233  2123 14467.4475   49  409 17906.2500 14185.1051  20.8%   235  364s
  3235  2232 14498.4715   50  362 17906.2500 14185.1051  20.8%   236  369s
  3269  2221 15153.1433   84  185 17906.2500 14185.1051  20.8%   235  370s
  3345  2460 15156.5030   86  184 17906.2500 14189.2265  20.8%   232  377s
  3637  2440 14323.6366   23  541 17906.2500 14189.2265  20.8%   220  385s
  3676  2478 14527.0546   35  433 17906.2500 14189.2265  20.8%   221  391s
  3714  2576 14952.0640   62  310 17906.2500 14189.2265  20.8%   222  397s
  3826  2674 16033.6320  103  192 17906.2500 14197.8874  20.7%   220  406s
  3948  2706 14329.2022   23  599 17906.2500 14204.3905  20.7%   217  413s
  3972  2732 14387.4702   33  559 17906.2500 14204.3905  20.7%   218  419s
  3998  2757 14524.1997   40  424 17906.2500 14204.3905  20.7%   220  425s
  4023  2826 14712.5911   45  228 17906.2500 14204.3905  20.7%   222  431s
  4092  3010 15116.1276   66  134 17906.2500 14204.3905  20.7%   223  441s
  4292  3127 15814.5625   96   91 17906.2500 14204.9481  20.7%   218  450s
* 4475  3091             176    17137.410000 14214.3176  17.1%   214  459s
  4563  3234 14504.2334   34  514 17137.4100 14214.3176  17.1%   214  468s
  4694  3234 16421.6674  140   36 17137.4100 14214.3176  17.1%   212  470s
  4708  3383 15218.5758   55  162 17137.4100 14214.9032  17.1%   211  481s
  4910  3400 14326.2538   19  695 17137.4100 14215.2113  17.1%   207  490s
* 4917  3276             172    16865.090000 14215.2113  15.7%   208  490s
  4935  3311 14486.1603   24  635 16865.0900 14215.2113  15.7%   209  498s
  4971  3419 14939.6011   39  349 16865.0900 14215.2113  15.7%   211  509s
  5051  3419 16036.5744   89  107 16865.0900 14215.2113  15.7%   210  510s
  5094  3507 15619.6858   74  152 16865.0900 14220.0069  15.7%   209  521s
  5205  3541 14377.9998   30  594 16865.0900 14220.0069  15.7%   208  530s
  5239  3584 14425.3890   35  553 16865.0900 14220.0069  15.7%   210  538s
  5282  3676 14567.0222   40  540 16865.0900 14220.0069  15.7%   211  549s
  5315  3676 15769.3786  114   84 16865.0900 14220.0069  15.7%   212  550s
  5394  3704 14574.8120   46  420 16865.0900 14220.0069  15.7%   211  558s
  5422  3828 14658.7413   55  409 16865.0900 14220.0069  15.7%   213  571s
  5567  3923 14931.5565   68  274 16865.0900 14220.0069  15.7%   212  583s
  5664  4069 15179.8481  111   67 16865.0900 14228.1432  15.6%   213  596s
  5843  4097     cutoff  179      16865.0900 14228.2922  15.6%   211  607s
  5872  4167 14562.0483   39  415 16865.0900 14228.2922  15.6%   213  619s
  5942  4258 15154.9392   86  188 16865.0900 14228.8452  15.6%   214  630s
  6053  4337 16613.3266  142   63 16865.0900 14231.0905  15.6%   214  642s
  6147  4492 14692.6713   42  298 16865.0900 14231.0905  15.6%   215  655s
  6302  4644 15642.9257   64  139 16865.0900 14234.0243  15.6%   216  670s
  6511  4722 14511.5444   25  569 16865.0900 14237.8356  15.6%   214  684s
  6597  4845 15310.5946   62  182 16865.0900 14243.1412  15.5%   215  698s
  6746  4892 14542.7108   28  442 16865.0900 14248.9945  15.5%   214  710s
  6793  4898 14826.3165   51  378 16865.0900 14248.9945  15.5%   216  736s
  6799  5034 14850.6487   54  404 16865.0900 14248.9945  15.5%   216  752s
  6935  5167 15461.5379   98  207 16865.0900 14251.3561  15.5%   215  767s
  7095  5320 14652.5691   30  266 16865.0900 14251.3698  15.5%   214  782s
  7260  5519 15403.9923   78  248 16865.0900 14251.9198  15.5%   213  802s
  7487  5658 14461.8145   33  409 16865.0900 14255.0854  15.5%   212  822s
  7645  5746     cutoff  133      16865.0900 14256.9904  15.5%   213  839s
  7747  5807 14429.1104   38  451 16865.0900 14256.9926  15.5%   214  856s
  7808  5925 14912.3829   54  208 16865.0900 14256.9926  15.5%   217  920s
  7926  6161 15183.4577   87  162 16865.0900 14257.2387  15.5%   218  943s
  8151  6161 16146.2501  113   62 16865.0900 14258.2404  15.5%   217  945s
  8194  6360 14850.9252   41  184 16865.0900 14258.2404  15.5%   217  966s
  8409  6514 14544.6424   38  444 16865.0900 14258.4232  15.5%   216  987s
  8599  6701 14501.7251   22  483 16865.0900 14258.4603  15.5%   216 1009s
  8665  6701 15668.9682   88   94 16865.0900 14258.4603  15.5%   216 1010s
  8818  6851     cutoff  114      16865.0900 14258.7947  15.5%   215 1033s
  8997  6993 infeasible   99      16865.0900 14259.2694  15.5%   215 1055s
  9156  7206 14733.3099   45  380 16865.0900 14259.9642  15.4%   215 1075s
* 9261  6828             148    16540.770000 14259.9642  13.8%   214 1076s
  9384  6990 14693.3534   43  329 16540.7700 14261.3870  13.8%   214 1096s
  9576  7082 14503.7393   36  557 16540.7700 14261.8700  13.8%   215 1116s
  9706  7303 14913.7056   52  267 16540.7700 14261.8700  13.8%   216 1139s
  9794  7303 16137.1618   86  117 16540.7700 14261.8700  13.8%   216 1140s
  9952  7391 infeasible  100      16540.7700 14263.4109  13.8%   215 1159s
  9999  7391 15050.3408   64  337 16540.7700 14263.4109  13.8%   215 1160s
 10062  7566 15247.8517   67  324 16540.7700 14263.4650  13.8%   216 1179s
 10131  7566 16467.8523  134  139 16540.7700 14263.4650  13.8%   216 1180s
 10249  7745 14518.3176   32  495 16540.7700 14263.4650  13.8%   217 1201s
 10457  8043 14867.4035   51  181 16540.7700 14264.6776  13.8%   216 1232s
 10785  8121     cutoff  147      16540.7700 14266.9035  13.7%   214 1255s
 10863  8123 15015.2133   54  345 16540.7700 14266.9035  13.7%   216 1282s
 10865  8305 15018.2817   55  332 16540.7700 14267.4114  13.7%   216 1305s
 11085  8520 14496.7476   30  509 16540.7700 14272.1422  13.7%   215 1329s
 11130  8520 15030.9239   75  165 16540.7700 14272.1422  13.7%   216 1330s
 11335  8589 14538.7430   39  650 16540.7700 14272.1422  13.7%   214 1350s
 11404  8724 14626.1660   48  572 16540.7700 14272.1422  13.7%   216 1375s
 11548  8956 15091.3168   61  186 16540.7700 14276.7011  13.7%   217 1399s
 11570  8956 15406.8712   71  219 16540.7700 14276.7011  13.7%   217 1400s
 11819  9130 14586.2170   29  441 16540.7700 14283.1175  13.6%   216 1423s
 12008  9332 14357.1911   33  547 16540.7700 14283.4339  13.6%   216 1446s
 12252  9469 14497.3511   23  496 16540.7700 14283.9745  13.6%   215 1467s
 12414  9629 15800.1321   87  123 16540.7700 14284.7826  13.6%   216 1488s
 12624  9764     cutoff  137      16540.7700 14286.2583  13.6%   216 1510s
 12771 10050 14765.2604   44  303 16540.7700 14289.8231  13.6%   216 1535s
 13087 10212 14480.8494   22  562 16540.7700 14289.8231  13.6%   216 1559s
 13129 10212 15160.1243   39  163 16540.7700 14289.8231  13.6%   216 1560s
 13273 10391 15332.2201   49  102 16540.7700 14291.4672  13.6%   216 1583s
 13490 10575 14976.5425   45  352 16540.7700 14292.3200  13.6%   216 1605s
 13699 10728 14846.6271   42  481 16540.7700 14292.6237  13.6%   216 1631s
 13888 10886 14729.4457   31  294 16540.7700 14293.5735  13.6%   216 1654s
 13927 10886 16439.3607   69  123 16540.7700 14293.5735  13.6%   216 1655s
 14065 11122 14845.4846   47  333 16540.7700 14294.1678  13.6%   216 1679s
 14155 11122 16256.2269  137   50 16540.7700 14294.1678  13.6%   216 1680s
 14337 11327 15045.0693   40  260 16540.7700 14295.4307  13.6%   215 1703s
 14448 11327 15306.9448  103   66 16540.7700 14295.4307  13.6%   215 1705s
 14533 11544 15921.1103  128   32 16540.7700 14296.7394  13.6%   215 1728s
 14682 11545 16247.0150  113   29 16540.7700 14296.7394  13.6%   214 1730s
 14778 11754     cutoff  155      16540.7700 14297.6469  13.6%   215 1753s
 14878 11754 15364.9976  107  150 16540.7700 14297.6469  13.6%   216 1755s
 14991 12003 15159.5580   59  436 16540.7700 14298.3235  13.6%   215 1778s
 15126 12003 16438.3509  185  176 16540.7700 14298.3235  13.6%   214 1780s
 15328 12170 14532.7448   47  487 16540.7700 14298.4180  13.6%   213 1801s
 15506 12334 15543.3968   93  262 16540.7700 14298.6117  13.6%   214 1823s
 15686 12449 15507.7973   60  214 16540.7700 14300.0223  13.5%   214 1847s
 15835 12626 14955.8359   47  311 16540.7700 14301.7894  13.5%   214 1869s
 15865 12626 15488.2656   77  133 16540.7700 14301.7894  13.5%   214 1870s
 16056 12833 14813.1291   28  202 16540.7700 14303.6871  13.5%   214 1893s
 16283 12985 14844.0495   47  374 16540.7700 14304.9521  13.5%   214 1916s
 16452 13276 14544.7126   34  366 16540.7700 14306.4863  13.5%   214 1941s
 16738 13276 16473.0332  117   20 16540.7700 14306.4863  13.5%   213 1945s
 16760 13412 15771.1156   74  154 16540.7700 14307.0178  13.5%   214 1965s
 16929 13605 15204.9141   71  206 16540.7700 14308.7191  13.5%   214 1988s
 17183 13756 14746.4969   33  405 16540.7700 14310.5553  13.5%   214 2011s
 17373 13947 14646.2307   38  483 16540.7700 14312.4378  13.5%   214 2035s
 17592 14092 14475.9408   28  465 16540.7700 14314.6479  13.5%   213 2061s
 17791 14238 14530.8541   42  484 16540.7700 14314.9918  13.5%   213 2084s
 17839 14238 16100.6799   90  208 16540.7700 14314.9918  13.5%   214 2085s
 17981 14398 14473.1503   32  542 16540.7700 14315.9357  13.5%   213 2108s
 18143 14659 15050.1821   53  162 16540.7700 14316.9234  13.4%   214 2134s
 18231 14659 16188.9778   89   69 16540.7700 14316.9234  13.4%   214 2135s
 18439 14816 14852.8875   47  303 16540.7700 14318.2771  13.4%   213 2157s
 18635 14987 14479.2196   44  516 16540.7700 14319.0531  13.4%   213 2182s
 18831 15121 14877.2317   59  300 16540.7700 14319.0531  13.4%   213 2204s
 18910 15121 15542.7976   85  129 16540.7700 14319.0531  13.4%   214 2205s
 18981 15389 15148.6393   74  217 16540.7700 14320.5320  13.4%   214 2228s
 19171 15392 14625.4849   38  506 16540.7700 14320.5320  13.4%   213 2230s
 19302 15524 16440.3059  135   24 16540.7700 14320.7608  13.4%   213 2252s
 19476 15664 14773.0645   46  358 16540.7700 14322.7063  13.4%   213 2274s
 19524 15664 15495.3951   94  149 16540.7700 14322.7063  13.4%   213 2275s
 19630 15771 14768.3110   31  389 16540.7700 14322.7063  13.4%   213 2297s
 19756 15928 15751.7055   49   84 16540.7700 14325.2692  13.4%   214 2319s
 19778 15928 16008.9346   57   70 16540.7700 14325.2692  13.4%   214 2320s
 19945 15995 14597.5411   55  450 16540.7700 14325.6837  13.4%   214 2339s
 19981 15995 14662.7421   32  512 16540.7700 14325.6837  13.4%   214 2340s
 20012 16278 14912.6491   73  238 16540.7700 14325.8575  13.4%   215 2364s
 20078 16278 15406.1424   96  102 16540.7700 14325.8575  13.4%   215 2365s
 20311 16441 14551.4533   32  401 16540.7700 14326.2914  13.4%   214 2388s
 20488 16724 14673.3540   33  468 16540.7700 14327.1615  13.4%   215 2415s
 20837 16884 14491.4377   28  376 16540.7700 14329.3212  13.4%   214 2439s
 20925 16884 15424.4965  116   52 16540.7700 14329.3212  13.4%   214 2440s
 20997 17066 15751.6567  145   92 16540.7700 14329.4143  13.4%   215 2461s
 21235 17264 14984.9080   42  338 16540.7700 14329.5918  13.4%   214 2484s
 21304 17264 infeasible  106      16540.7700 14329.5918  13.4%   214 2485s
 21453 17400 15819.2705   72  137 16540.7700 14330.4873  13.4%   214 2506s
 21616 17481 14637.6161   48  319 16540.7700 14330.4873  13.4%   214 2527s
 21697 17882 14863.2263   62  264 16540.7700 14331.6281  13.4%   215 2553s
 21829 17882 15450.0597  117   81 16540.7700 14331.6281  13.4%   215 2555s
 22167 17906     cutoff  166      16540.7700 14332.4839  13.4%   214 2587s
 22192 18094 14781.9439   45  510 16540.7700 14332.5086  13.4%   214 2609s
 22234 18094 15661.3525   87  144 16540.7700 14332.5086  13.4%   214 2610s
 22443 18281 14822.2179   32  314 16540.7700 14332.9318  13.3%   214 2634s
 22470 18281 15173.8411   59  246 16540.7700 14332.9318  13.3%   214 2635s
 22644 18371 16484.5310  142   45 16540.7700 14333.8334  13.3%   213 2655s
 22751 18488 14804.4143   46  417 16540.7700 14334.2705  13.3%   214 2676s
 22870 18618 15163.4546   62  295 16540.7700 14334.2705  13.3%   215 2697s
 23025 18820 15389.1698   93   95 16540.7700 14335.4837  13.3%   215 2722s
 23263 19098 14873.3045   45  362 16540.7700 14335.6608  13.3%   215 2748s
 23582 19216 14947.1005   33  340 16540.7700 14335.7355  13.3%   215 2772s
 23700 19377 15624.1003   58  127 16540.7700 14335.7355  13.3%   215 2793s
 23872 19377 16483.6493   90   55 16540.7700 14336.1259  13.3%   215 2795s
 23891 19503 15134.3365   57  184 16540.7700 14336.1417  13.3%   215 2815s
 24030 19716 14933.1780   48  254 16540.7700 14336.9663  13.3%   215 2836s
 24265 19878 14567.7761   36  428 16540.7700 14338.4647  13.3%   215 2858s
 24409 19878 16396.0878  104  147 16540.7700 14338.5474  13.3%   215 2860s
 24471 20063 14682.0445   43  401 16540.7700 14338.5697  13.3%   215 2884s
 24494 20063 15100.7244   66  152 16540.7700 14338.5697  13.3%   215 2885s
 24675 20192 14607.4802   36  522 16540.7700 14338.6122  13.3%   215 2905s
 24800 20443 14910.4546   43  376 16540.7700 14338.6122  13.3%   216 2929s
 24886 20443 15432.0402  115   88 16540.7700 14338.6122  13.3%   216 2930s
 25085 20653 14964.8558   59  220 16540.7700 14338.6122  13.3%   215 2954s
 25144 20653 15348.2462   82  158 16540.7700 14338.6122  13.3%   215 2955s
 25299 20768 16391.3071  116   61 16540.7700 14339.0636  13.3%   215 2976s
 25459 21046 15115.3624   49  268 16540.7700 14339.6793  13.3%   216 3003s
 25767 21279 14503.2382   29  401 16540.7700 14339.6793  13.3%   215 3028s
 25949 21279 15290.2986   79   75 16540.7700 14339.6793  13.3%   215 3030s
 26043 21527 15749.2205   79   76 16540.7700 14340.4110  13.3%   215 3050s
 26337 21699     cutoff  136      16540.7700 14341.5098  13.3%   214 3072s
 26502 21699 16336.4652  101  146 16540.7700 14341.7639  13.3%   214 3075s
 26524 21848 16016.2184  130  173 16540.7700 14342.0641  13.3%   214 3097s
 26697 21949 15494.4640   80   60 16540.7700 14342.5257  13.3%   214 3118s
 26812 22185     cutoff  105      16540.7700 14342.7074  13.3%   215 3141s
 27081 22321 14745.9749   40  381 16540.7700 14343.2540  13.3%   214 3163s
 27247 22458 14896.9954   50  293 16540.7700 14343.4312  13.3%   214 3185s
 27404 22578 14605.4345   43  364 16540.7700 14343.5159  13.3%   215 3205s
 27524 22941 15162.3713   68  190 16540.7700 14343.5296  13.3%   215 3229s
 27546 22941 15265.2928   76   90 16540.7700 14343.5296  13.3%   215 3230s
 27939 23081     cutoff  159      16540.7700 14343.5956  13.3%   214 3257s
 28111 23292 14432.6704   28  543 16540.7700 14343.8225  13.3%   214 3279s
 28133 23292 14873.8316   50  236 16540.7700 14343.8225  13.3%   214 3280s
 28357 23448     cutoff  147      16540.7700 14344.4000  13.3%   214 3301s
 28536 23584 15411.4258   73  217 16540.7700 14345.5080  13.3%   214 3321s
 28701 23699 14600.2047   40  290 16540.7700 14345.5145  13.3%   214 3342s
 28816 24064 14911.3857   61  107 16540.7700 14346.2553  13.3%   215 3366s
 29163 24071 15543.6835   94  125 16540.7700 14347.4706  13.3%   214 3370s
 29243 24069 infeasible  164      16540.7700 14349.2332  13.2%   214 3401s
 29251 24252 14435.9136   33  457 16540.7700 14349.3104  13.2%   214 3421s
 29464 24428 14484.7982   36  479 16540.7700 14350.2055  13.2%   214 3444s
 29530 24428 15683.9680  102  105 16540.7700 14350.2055  13.2%   214 3445s
 29663 24639 14566.6642   29  573 16540.7700 14350.9715  13.2%   213 3466s
 29906 24744 14612.9765   35  363 16540.7700 14351.2412  13.2%   213 3489s
 29951 24744 15313.9482   57   98 16540.7700 14351.2412  13.2%   213 3490s
 30008 24852 15547.5942   63   44 16540.7700 14351.3980  13.2%   214 3518s
 30155 24959 14387.4985   23  664 16540.7700 14351.4298  13.2%   213 3537s
 30262 25115 15425.2821   75  116 16540.7700 14351.7501  13.2%   214 3557s
 30448 25185 15184.7842   60  287 16540.7700 14352.0847  13.2%   214 3600s

Cutting planes:
  User: 5992
  Gomory: 27
  Cover: 544
  Implied bound: 213
  Projected implied bound: 21
  Clique: 104
  MIR: 164
  StrongCG: 2
  Flow cover: 438
  GUB cover: 1
  Zero half: 72
  Network: 1
  RLT: 434
  Relax-and-lift: 14
  Lazy constraints: 1711

Explored 30518 nodes (6534375 simplex iterations) in 3600.86 seconds
Thread count was 2 (of 32 available processors)

Solution count 9: 16540.8 16865.1 17137.4 ... 20606.7

Time limit reached
Best objective 1.654077000000e+04, best bound 1.435208473768e+04, gap 13.2321%

User-callback calls 467727, time in user-callback 228.87 sec
================================================================================
executing instance: ./input/Instances/Original/2/absH3high_4n10.dat
--------------------------------------------------------------------------------
Instance details
n	11
H	3
C	822
Li:
[0, 0, 0, 0, 0, 0, 0, 0, 0, 0, 0, ]
Ui:
[0, 102, 52, 88, 182, 153, 138, 38, 165, 297, 86, ]
Distance matrix:
|0	285	411	382	327	239	148	256	307	36	383	|
|285	0	352	98	249	103	227	235	120	268	209	|
|411	352	0	395	106	430	263	549	234	429	174	|
|382	98	395	0	302	173	320	288	168	364	227	|
|327	249	106	302	0	324	179	444	135	339	109	|
|239	103	430	173	324	0	241	132	212	212	305	|
|148	227	263	320	179	241	0	325	192	165	249	|
|256	235	549	288	444	132	325	0	342	220	436	|
|307	120	234	168	135	212	192	342	0	304	94	|
|36	268	429	364	339	212	165	220	304	0	386	|
|383	209	174	227	109	305	249	436	94	386	0	|

--------------------------------------------------------------------------------
Building model...
	using lazy and cut (CVRPSEP package)
Solving IRP LP...
--------------------------------------------------------------------------------

Gurobi 9.1.0 (linux64) logging started Sun Feb  7 09:41:39 2021

Gurobi Optimizer version 9.1.0 build v9.1.0rc0 (linux64)
Thread count: 32 physical cores, 32 logical processors, using up to 2 threads
Optimize a model with 491 rows, 1184 columns and 3734 nonzeros
Model fingerprint: 0x864756e9
Variable types: 194 continuous, 990 integer (165 binary)
Coefficient statistics:
  Matrix range     [1e+00, 3e+02]
  Objective range  [2e-01, 5e+02]
  Bounds range     [1e+00, 3e+02]
  RHS range        [1e+00, 1e+03]
Presolve removed 115 rows and 102 columns
Presolve time: 0.06s
Presolved: 376 rows, 1082 columns, 3139 nonzeros
Variable types: 110 continuous, 972 integer (817 binary)

Root relaxation: objective 4.578582e+03, 652 iterations, 0.02 seconds

    Nodes    |    Current Node    |     Objective Bounds      |     Work
 Expl Unexpl |  Obj  Depth IntInf | Incumbent    BestBd   Gap | It/Node Time

     0     0 4578.58222    0   74          - 4578.58222      -     -    0s
     0     0 4867.90748    0  125          - 4867.90748      -     -    0s
     0     0 4916.63284    0  123          - 4916.63284      -     -    0s
     0     0 5206.42749    0  112          - 5206.42749      -     -    0s
     0     0 5229.18759    0  142          - 5229.18759      -     -    0s
     0     0 5230.07794    0  109          - 5230.07794      -     -    0s
     0     0 5230.33924    0  146          - 5230.33924      -     -    0s
     0     0 5341.65504    0  122          - 5341.65504      -     -    0s
     0     0 5373.88265    0   95          - 5373.88265      -     -    0s
     0     0 5373.88265    0  103          - 5373.88265      -     -    0s
     0     0 5433.11910    0  148          - 5433.11910      -     -    0s
     0     0 5444.91301    0  147          - 5444.91301      -     -    0s
     0     0 5447.29834    0  152          - 5447.29834      -     -    0s
     0     0 5448.10637    0  150          - 5448.10637      -     -    0s
     0     0 5448.16904    0  150          - 5448.16904      -     -    0s
     0     0 5490.62023    0  174          - 5490.62023      -     -    0s
     0     0 5493.90573    0  152          - 5493.90573      -     -    0s
     0     0 5494.38431    0  174          - 5494.38431      -     -    0s
     0     0 5524.25454    0  178          - 5524.25454      -     -    0s
     0     0 5539.57254    0  182          - 5539.57254      -     -    0s
     0     0 5540.02977    0  203          - 5540.02977      -     -    0s
     0     0 5557.03156    0  178          - 5557.03156      -     -    0s
     0     0 5557.73988    0  213          - 5557.73988      -     -    0s
     0     0 5562.42382    0  211          - 5562.42382      -     -    0s
     0     0 5562.42382    0  209          - 5562.42382      -     -    0s
     0     2 5563.70028    0  191          - 5563.70028      -     -    0s
H  191   152                    8269.5200000 5586.43797  32.4%  62.5    1s
H  199   151                    7781.1600000 5586.43797  28.2%  61.8    1s
H  332   244                    7314.6900000 5634.92309  23.0%  65.2    1s
H  338   244                    7280.4400000 5634.92309  22.6%  64.7    1s
H  339   240                    7145.6200000 5634.92309  21.1%  65.0    1s
H  369   242                    6868.5200000 5634.92309  18.0%  68.3    2s
H  529   288                    6856.1700000 5662.02893  17.4%  71.0    2s
H  691   351                    6847.8700000 5699.56067  16.8%  74.6    3s
H  722   374                    6844.1700000 5701.17819  16.7%  75.3    3s
   767   391 5990.12677   11  202 6844.17000 5701.39797  16.7%  73.3    5s
  1291   568     cutoff   30      6844.17000 5851.98930  14.5%  81.0   10s
  2318   883 6105.31508   22   89 6844.17000 5960.93305  12.9%  79.4   15s
  3512  1359 6338.20277   27  117 6844.17000 6060.63098  11.4%  80.2   20s
  4732  1754 6448.45018   23  121 6844.17000 6108.14658  10.8%  80.4   25s
  5921  2109 6339.27800   20  154 6844.17000 6145.49165  10.2%  78.4   30s
  6888  2403 6455.02686   26  113 6844.17000 6169.84920  9.85%  78.9   35s
  8120  2726 6465.48890   22  100 6844.17000 6204.69605  9.34%  78.2   40s
  9266  3080 6672.67880   29   81 6844.17000 6229.86532  8.98%  77.7   45s
*10571  3342              34    6793.2600000 6252.42746  7.96%  77.1   49s
 10803  3384     cutoff   27      6793.26000 6255.76122  7.91%  77.4   50s
 12034  3586 infeasible   25      6793.26000 6279.44090  7.56%  77.3   55s
 12896  3722 6534.39990   33  135 6793.26000 6292.98886  7.36%  77.3   60s
 14369  3934 6477.51012   25  109 6793.26000 6315.60762  7.03%  76.6   65s
H14465  3918                    6777.4700000 6315.60762  6.81%  76.7   65s
 14625  3944 infeasible   32      6777.47000 6317.31561  6.79%  76.5   70s
 16150  4098 6587.50985   24  108 6777.47000 6335.78491  6.52%  76.2   75s
