




arguments: ./build/bc_mirp -f ./input/orig_exec_236.cfg
Current dir: /scratch/gui/bc_mirp
File verbosity level: 9
date       time         ( uptime  ) [ thread name/id ]                   file:line     v| 
2021-02-16 00:42:41.891 (   0.062s) [main thread     ]             loguru.cpp:789   INFO| Logging to './output/vi_vc+qua/OU/V5/Original/execution_16_02_2021_00_42_41.log', mode: 'a', verbosity: 9
--------------------------------------------------------------------------------
Parameters
                           instance_path           ./input/Instances/Original/5/
                            model_policy                                       1
                             nb_vehicles                                       5
                              output_dir      ./output/vi_vc+qua/OU/V5/Original/
                            sec_strategy                                       1
                       solver_nb_threads                                       2
                         solver_show_log                                    true
                       solver_time_limit                                    3600
                              use_vi_cos                                   false
                              use_vi_cus                                   false
                         use_vi_hc1_full                                   false
                         use_vi_hc1_half                                   false
                      use_vi_hc1_quarter                                   false
                              use_vi_hc2                                   false
                              use_vi_hc3                                   false
                         use_vi_lex_full                                   false
                         use_vi_lex_half                                   false
                      use_vi_lex_quarter                                   false
                              use_vi_qua                                    true
                               use_vi_vc                                    true
                               use_vi_vr                                   false
--------------------------------------------------------------------------------
executing instance: ./input/Instances/Original/5/absH3low_4n50.dat
--------------------------------------------------------------------------------
Instance details
n	51
H	3
C	4066
Li:
[0, 0, 0, 0, 0, 0, 0, 0, 0, 0, 0, 0, 0, 0, 0, 0, 0, 0, 0, 0, 0, 0, 0, 0, 0, 0, 0, 0, 0, 0, 0, 0, 0, 0, 0, 0, 0, 0, 0, 0, 0, 0, 0, 0, 0, 0, 0, 0, 0, 0, 0, ]
Ui:
[0, 108, 126, 122, 66, 120, 48, 30, 128, 54, 158, 198, 36, 66, 210, 234, 147, 297, 171, 128, 116, 120, 219, 70, 294, 207, 134, 128, 234, 122, 22, 183, 195, 255, 132, 124, 66, 189, 219, 66, 128, 102, 288, 66, 87, 136, 36, 39, 282, 36, 237, ]
Distance matrix:
|0	210	444	498	509	104	438	228	487	304	456	434	526	476	163	47	293	396	293	290	313	85	280	437	293	336	409	106	449	376	433	478	193	404	404	534	278	181	380	507	189	438	263	473	353	216	202	218	452	254	465	|
|210	0	299	507	359	106	345	409	358	411	320	402	555	448	136	200	289	264	306	427	141	222	83	348	264	320	283	303	380	208	258	357	170	348	475	542	243	347	355	379	65	479	172	373	355	251	112	229	402	210	300	|
|444	299	0	363	65	358	116	542	66	440	26	241	425	272	282	407	251	51	276	490	159	397	224	124	217	237	48	490	170	99	83	74	261	180	430	385	214	479	231	85	270	390	184	116	271	300	409	276	210	215	54	|
|498	507	363	0	385	482	246	424	326	254	343	123	63	93	388	452	221	337	211	314	428	414	480	239	243	187	324	463	194	418	438	307	346	188	156	36	264	392	156	326	444	87	340	258	154	286	603	294	153	297	417	|
|509	359	65	385	0	422	145	602	59	492	59	269	448	292	348	472	305	115	329	545	218	462	281	152	274	286	106	554	192	153	116	78	326	216	472	403	274	540	271	63	334	425	249	127	316	361	468	337	233	278	69	|
|104	106	358	482	422	0	372	309	408	337	374	396	521	441	98	96	262	314	271	342	215	124	177	373	249	302	329	198	394	281	337	402	139	353	419	518	230	250	343	428	90	437	188	405	328	200	134	188	406	199	372	|
|438	345	116	246	145	372	0	485	87	357	97	126	309	155	279	394	180	101	200	414	223	373	288	8	157	150	84	459	53	188	196	68	245	72	328	269	165	427	128	97	297	280	184	36	175	250	456	233	94	184	170	|
|228	409	542	424	602	309	485	0	561	170	544	419	424	446	298	214	305	491	286	115	462	187	457	480	331	339	496	124	470	510	565	545	295	424	279	454	329	66	376	576	363	340	370	520	330	242	429	266	453	328	581	|
|487	358	66	326	59	408	87	561	0	441	40	211	389	233	324	446	258	95	281	497	220	431	287	95	230	234	79	522	133	164	146	19	297	160	415	344	233	500	215	21	323	367	224	68	261	320	470	299	174	242	106	|
|304	411	440	254	492	337	357	170	441	0	434	266	255	286	275	266	189	392	164	63	408	225	428	351	224	207	392	234	330	438	484	424	250	287	112	284	232	149	233	453	349	170	302	389	185	168	471	195	305	248	487	|
|456	320	26	343	59	374	97	544	40	434	0	223	406	252	294	418	247	60	271	487	181	405	247	105	215	229	49	498	149	124	109	48	270	165	419	364	215	482	218	60	288	375	194	92	261	302	431	279	190	220	75	|
|434	402	241	123	269	396	126	419	211	266	223	0	185	46	298	387	140	213	145	328	310	355	366	118	147	97	201	425	78	295	315	191	256	65	211	151	166	371	53	215	343	157	231	145	90	220	505	217	41	198	295	|
|526	555	425	63	448	521	309	424	389	255	406	185	0	156	430	481	266	398	252	310	485	442	534	301	293	237	386	480	257	478	500	370	390	249	145	55	313	401	212	389	491	89	392	321	201	322	646	334	216	345	479	|
|476	448	272	93	292	441	155	446	233	286	252	46	156	0	343	429	183	250	184	348	353	396	411	148	192	140	236	461	102	334	350	214	302	106	214	113	212	402	98	233	389	151	277	165	125	261	551	260	62	244	325	|
|163	136	282	388	348	98	279	298	324	275	294	298	430	343	0	124	167	234	178	296	167	121	162	279	151	205	247	216	297	224	280	316	42	256	340	423	132	232	246	344	74	349	100	314	233	115	216	97	308	101	307	|
|47	200	407	452	472	96	394	214	446	266	418	387	481	429	124	0	246	358	245	259	284	41	261	392	247	289	370	103	403	345	402	436	150	358	361	488	232	158	333	466	165	393	223	430	306	168	217	171	406	210	431	|
|293	289	251	221	305	262	180	305	258	189	247	140	266	183	167	246	0	204	26	240	238	215	276	175	37	43	203	289	169	255	297	242	125	122	202	257	52	248	87	272	225	191	134	215	67	80	382	77	163	81	298	|
|396	264	51	337	115	314	101	491	95	392	60	213	398	250	234	358	204	0	229	442	130	347	196	108	169	194	19	440	152	87	102	93	211	149	390	363	165	428	194	116	228	355	134	117	230	250	376	225	189	164	95	|
|293	306	276	211	329	271	200	286	281	164	271	145	252	184	178	245	26	229	0	216	262	212	297	195	63	53	228	280	184	280	323	264	138	137	178	248	76	232	95	294	241	173	156	234	60	77	395	83	172	102	324	|
|290	427	490	314	545	342	414	115	497	63	487	328	310	348	296	259	240	442	216	0	443	220	456	408	273	264	443	204	390	479	529	480	278	346	165	343	278	115	293	509	369	229	340	447	244	202	473	230	366	288	536	|
|313	141	159	428	218	215	223	462	220	408	181	310	485	353	167	284	238	130	262	443	0	288	67	228	202	252	149	382	267	67	122	221	168	247	440	459	186	396	273	241	125	423	107	245	291	242	251	214	297	162	160	|
|85	222	397	414	462	124	373	187	431	225	405	355	442	396	121	41	215	347	212	220	288	0	273	371	221	258	357	95	378	344	401	420	136	331	321	450	208	126	302	450	177	353	213	409	272	136	253	143	377	190	426	|
|280	83	224	480	281	177	288	457	287	428	247	366	534	411	162	261	276	196	297	456	67	273	0	292	243	298	215	363	329	128	176	288	179	305	475	513	224	392	324	307	96	466	143	311	335	261	187	235	357	195	219	|
|437	348	124	239	152	373	8	480	95	351	105	118	301	148	279	392	175	108	195	408	228	371	292	0	154	144	91	456	46	194	203	76	244	65	320	261	163	423	121	103	299	273	185	40	168	247	459	230	86	183	178	|
|293	264	217	243	274	249	157	331	230	224	215	147	293	192	151	247	37	169	63	273	202	221	243	154	0	57	170	303	157	217	260	215	110	111	238	278	21	271	94	245	201	223	100	193	92	93	362	78	160	54	263	|
|336	320	237	187	286	302	150	339	234	207	229	97	237	140	205	289	43	194	53	264	252	258	298	144	57	0	190	331	131	257	294	216	163	84	197	221	77	285	44	246	258	172	155	183	39	123	418	119	120	110	288	|
|409	283	48	324	106	329	84	496	79	392	49	201	386	236	247	370	203	19	228	443	149	357	215	91	170	190	0	449	136	105	114	75	221	138	384	349	168	434	185	99	245	346	146	98	224	255	394	231	174	171	99	|
|106	303	490	463	554	198	459	124	522	234	498	425	480	461	216	103	289	440	280	204	382	95	363	456	303	331	449	0	458	439	496	510	229	410	344	498	293	89	374	540	267	391	307	495	336	211	308	226	451	280	520	|
|449	380	170	194	192	394	53	470	133	330	149	78	257	102	297	403	169	152	184	390	267	378	329	46	157	131	136	458	0	238	249	114	259	47	287	216	171	416	96	137	327	235	211	67	145	247	488	235	41	197	223	|
|376	208	99	418	153	281	188	510	164	438	124	295	478	334	224	345	255	87	280	479	67	344	128	194	217	257	105	439	238	0	57	169	216	230	453	445	206	445	268	184	191	427	141	202	296	278	315	250	274	191	92	|
|433	258	83	438	116	337	196	565	146	484	109	315	500	350	280	402	297	102	323	529	122	401	176	203	260	294	114	496	249	57	0	157	271	252	490	463	251	499	296	162	247	457	195	199	331	329	362	302	288	241	47	|
|478	357	74	307	78	402	68	545	19	424	48	191	370	214	316	436	242	93	264	480	221	420	288	76	215	216	75	510	114	169	157	0	287	141	396	325	219	485	196	31	319	347	216	49	243	306	469	286	154	230	120	|
|193	170	261	346	326	139	245	295	297	250	270	256	390	302	42	150	125	211	138	278	168	136	179	244	110	163	221	229	259	216	271	287	0	216	305	382	91	229	204	316	105	310	78	280	192	83	257	60	268	62	292	|
|404	348	180	188	216	353	72	424	160	287	165	65	249	106	256	358	122	149	137	346	247	331	305	65	111	84	138	410	47	230	252	141	216	0	255	215	126	369	56	168	292	210	177	102	103	200	454	189	54	155	234	|
|404	475	430	156	472	419	328	279	415	112	419	211	145	214	340	361	202	390	178	165	440	321	475	320	238	197	384	344	287	453	490	396	305	255	0	181	254	261	201	422	410	69	335	353	160	225	551	246	252	280	482	|
|534	542	385	36	403	518	269	454	344	284	364	151	55	113	423	488	257	363	248	343	459	450	513	261	278	221	349	498	216	445	463	325	382	215	181	0	298	425	189	342	479	115	373	276	190	323	638	330	175	332	439	|
|278	243	214	264	274	230	165	329	233	232	215	166	313	212	132	232	52	165	76	278	186	208	224	163	21	77	168	293	171	206	251	219	91	126	254	298	0	267	114	250	181	242	82	202	112	88	341	68	177	33	258	|
|181	347	479	392	540	250	427	66	500	149	482	371	401	402	232	158	248	428	232	115	396	126	392	423	271	285	434	89	416	445	499	485	229	369	261	425	267	0	325	516	298	313	305	463	281	180	375	203	403	264	516	|
|380	355	231	156	271	343	128	376	215	233	218	53	212	98	246	333	87	194	95	293	273	302	324	121	94	44	185	374	96	268	296	196	204	56	201	189	114	325	0	224	294	161	185	157	49	167	455	163	78	147	284	|
|507	379	85	326	63	428	97	576	21	453	60	215	389	233	344	466	272	116	294	509	241	450	307	103	245	246	99	540	137	184	162	31	316	168	422	342	250	516	224	0	344	371	244	70	271	337	490	317	176	261	120	|
|189	65	270	444	334	90	297	363	323	349	288	343	491	389	74	165	225	228	241	369	125	177	96	299	201	258	245	267	327	191	247	319	105	292	410	479	181	298	294	344	0	414	116	328	291	187	163	165	345	147	282	|
|438	479	390	87	425	437	280	340	367	170	375	157	89	151	349	393	191	355	173	229	423	353	466	273	223	172	346	391	235	427	457	347	310	210	69	115	242	313	161	371	414	0	323	301	133	238	565	253	197	273	444	|
|263	172	184	340	249	188	184	370	224	302	194	231	392	277	100	223	134	134	156	340	107	213	143	185	100	155	146	307	211	141	195	216	78	177	335	373	82	305	185	244	116	323	0	217	192	138	278	110	230	55	214	|
|473	373	116	258	127	405	36	520	68	389	92	145	321	165	314	430	215	117	234	447	245	409	311	40	193	183	98	495	67	202	199	49	280	102	353	276	202	463	157	70	328	301	217	0	205	286	485	269	106	220	167	|
|353	355	271	154	316	328	175	330	261	185	261	90	201	125	233	306	67	230	60	244	291	272	335	168	92	39	224	336	145	296	331	243	192	103	160	190	112	281	49	271	291	133	192	205	0	138	449	141	123	145	323	|
|216	251	300	286	361	200	250	242	320	168	302	220	322	261	115	168	80	250	77	202	242	136	261	247	93	123	255	211	247	278	329	306	83	200	225	323	88	180	167	337	187	238	138	286	138	0	328	28	243	88	340	|
|202	112	409	603	468	134	456	429	470	471	431	505	646	551	216	217	382	376	395	473	251	253	187	459	362	418	394	308	488	315	362	469	257	454	551	638	341	375	455	490	163	565	278	485	449	328	0	313	508	308	406	|
|218	229	276	294	337	188	233	266	299	195	279	217	334	260	97	171	77	225	83	230	214	143	235	230	78	119	231	226	235	250	302	286	60	189	246	330	68	203	163	317	165	253	110	269	141	28	313	0	235	61	315	|
|452	402	210	153	233	406	94	453	174	305	190	41	216	62	308	406	163	189	172	366	297	377	357	86	160	120	174	451	41	274	288	154	268	54	252	175	177	403	78	176	345	197	230	106	123	243	508	235	0	207	264	|
|254	210	215	297	278	199	184	328	242	248	220	198	345	244	101	210	81	164	102	288	162	190	195	183	54	110	171	280	197	191	241	230	62	155	280	332	33	264	147	261	147	273	55	220	145	88	308	61	207	0	253	|
|465	300	54	417	69	372	170	581	106	487	75	295	479	325	307	431	298	95	324	536	160	426	219	178	263	288	99	520	223	92	47	120	292	234	482	439	258	516	284	120	282	444	214	167	323	340	406	315	264	253	0	|

--------------------------------------------------------------------------------
Building model...
	using lazy and cut (CVRPSEP package)
Solving IRP LP...
--------------------------------------------------------------------------------

Gurobi 9.1.0 (linux64) logging started Tue Feb 16 00:42:42 2021

Gurobi Optimizer version 9.1.0 build v9.1.0rc0 (linux64)
Thread count: 32 physical cores, 32 logical processors, using up to 2 threads
Optimize a model with 2211 rows, 20844 columns and 48414 nonzeros
Model fingerprint: 0x8afdf1be
Variable types: 954 continuous, 19890 integer (765 binary)
Coefficient statistics:
  Matrix range     [1e+00, 8e+02]
  Objective range  [1e-02, 6e+02]
  Bounds range     [1e+00, 3e+02]
  RHS range        [1e+00, 7e+03]
Presolve removed 545 rows and 292 columns
Presolve time: 0.22s
Presolved: 1666 rows, 20552 columns, 44348 nonzeros
Variable types: 608 continuous, 19944 integer (19163 binary)

Root relaxation: objective 3.625273e+03, 2145 iterations, 0.09 seconds

    Nodes    |    Current Node    |     Objective Bounds      |     Work
 Expl Unexpl |  Obj  Depth IntInf | Incumbent    BestBd   Gap | It/Node Time

     0     0 3625.27330    0  169          - 3625.27330      -     -    0s
     0     0 3939.15460    0  167          - 3939.15460      -     -    1s
     0     0 4126.86523    0  218          - 4126.86523      -     -    1s
     0     0 4333.14236    0  229          - 4333.14236      -     -    1s
     0     0 4335.30282    0  237          - 4335.30282      -     -    1s
     0     0 4335.30282    0  226          - 4335.30282      -     -    2s
     0     0 4565.15625    0  338          - 4565.15625      -     -    2s
     0     0 4614.54168    0  289          - 4614.54168      -     -    3s
     0     0 4621.25426    0  304          - 4621.25426      -     -    3s
     0     0 4621.40695    0  326          - 4621.40695      -     -    3s
     0     0 4741.57815    0  369          - 4741.57815      -     -    4s
     0     0 4750.37659    0  413          - 4750.37659      -     -    4s
     0     0 4757.24652    0  426          - 4757.24652      -     -    5s
     0     0 4758.26698    0  427          - 4758.26698      -     -    5s
     0     0 4872.11728    0  427          - 4872.11728      -     -    6s
     0     0 4886.03361    0  444          - 4886.03361      -     -    6s
     0     0 4888.95297    0  443          - 4888.95297      -     -    6s
     0     0 4889.92551    0  467          - 4889.92551      -     -    6s
     0     0 4956.17294    0  304          - 4956.17294      -     -    7s
     0     0 4960.37693    0  394          - 4960.37693      -     -    9s
     0     0 4964.40936    0  314          - 4964.40936      -     -    9s
     0     0 4965.19217    0  382          - 4965.19217      -     -    9s
     0     0 4971.13127    0  351          - 4971.13127      -     -   10s
     0     0 4972.53144    0  368          - 4972.53144      -     -   11s
     0     2 4973.48077    0  287          - 4973.48077      -     -   17s
     7    10 4999.27757    3  464          - 4994.12148      -  1014   20s
    24    28 5018.54263    6  434          - 4996.04294      -   841   25s
    64    73 5123.96534   17  269          - 4996.04294      -   510   30s
   191   226 5451.11579   44  161          - 4996.04294      -   253   35s
   378   413 6256.82945  114   98          - 4996.04294      -   159   40s
   601   594 9689.35033  255   41          - 4996.04294      -   117   45s
   720   683 5097.75766    6  329          - 5004.97471      -   112   50s
   727   686 5107.98713   15  288          - 5004.97471      -   111   56s
   734   691 5542.02304   49  536          - 5032.80875      -   110   60s
   741   695 5593.67402   60  605          - 5063.07268      -   109   65s
   747   699 5371.77987   32  647          - 5073.50769      -   108   71s
   752   703 7427.78512  183  562          - 5100.62721      -   108   75s
   757   706 6307.99275   92  599          - 5107.40215      -   107   80s
   760   708 5505.42906   49  722          - 5108.36861      -   107   85s
   764   711 6276.83880  116  675          - 5110.80561      -   106   90s
   769   714 8433.78876  214  685          - 5112.12122      -   105   96s
   771   715 7809.80948  200  628          - 5112.12122      -   105  103s
   774   720 5113.64929   16  483          - 5112.68521      -   151  105s
   784   727 5126.18235   18  559          - 5116.20532      -   163  110s
   796   738 5136.56488   22  303          - 5116.20532      -   173  115s
   827   760 5192.14369   29  228          - 5116.20532      -   187  120s
   861   786 5295.94429   38  326          - 5116.20532      -   199  125s
   919   822 5446.28295   51  222          - 5116.20532      -   202  130s
   969   869 5556.81688   65  207          - 5116.20532      -   203  135s
  1052   926 5713.43261   92  245          - 5116.20532      -   199  140s
  1154  1004 6007.10469  121  209          - 5116.20532      -   192  145s
  1253  1083 6336.36514  148  161          - 5116.20532      -   187  150s
  1298  1116 6497.08500  162  135          - 5116.20532      -   183  162s
  1386  1134 6527.25455  151  106          - 5116.20532      -   177  165s
  1501  1265 7456.98147  214   87          - 5116.20532      -   170  171s
  1634  1340 8328.91749  251   73          - 5116.20532      -   162  176s
  1697  1318 8906.96598  270   82          - 5116.75523      -   159  180s
  1734  1307 5159.22840   18  658          - 5120.41162      -   160  185s
* 1735  1270             231    9861.3300000 5120.41162  48.1%   160  185s
  1738  1271 5121.20035   18  718 9861.33000 5121.20035  48.1%   162  191s
  1744  1275 5149.34607   20  677 9861.33000 5121.72253  48.1%   165  195s
  1753  1284 5187.72789   22  422 9861.33000 5121.90369  48.1%   169  201s
  1758  1288 5190.02955   23  364 9861.33000 5121.90369  48.1%   169  217s
  1764  1291 5200.14504   24  421 9861.33000 5121.90369  48.1%   171  223s
  1769  1295 5255.52600   25  392 9861.33000 5121.90369  48.1%   172  225s
  1786  1306 5217.84585   29  378 9861.33000 5121.90369  48.1%   175  230s
  1794  1309 5246.03507   31  397 9861.33000 5121.90369  48.1%   179  239s
  1797  1315 5269.97338   32  401 9861.33000 5121.90369  48.1%   181  241s
  1811  1325 5321.65762   36  383 9861.33000 5121.90369  48.1%   184  245s
  1825  1329 5337.75280   39  365 9861.33000 5121.90369  48.1%   186  283s
  1827  1334 5365.17335   39  358 9861.33000 5121.90369  48.1%   187  285s
  1846  1346 5433.47125   45  264 9861.33000 5121.90369  48.1%   192  291s
  1856  1354 5549.32726   48  376 9861.33000 5121.90369  48.1%   194  296s
  1870  1368 5544.82774   51  311 9861.33000 5121.90369  48.1%   197  301s
  1886  1382 5629.06325   57  330 9861.33000 5121.90369  48.1%   199  306s
  1914  1389 5689.40186   65  301 9861.33000 5121.90369  48.1%   201  311s
  1934  1413 5751.63753   72  290 9861.33000 5121.90369  48.1%   202  316s
  1947  1411 5779.03311   75  301 9861.33000 5121.90369  48.1%   203  320s
  1966  1440 5834.77767   82  261 9861.33000 5121.90369  48.1%   204  327s
  1985  1449 5914.72384   87  244 9861.33000 5121.90369  48.1%   205  330s
  2000  1448 5994.69687   92  204 9861.33000 5121.90369  48.1%   206  345s
  2024  1479 6087.92008  101  228 9861.33000 5121.90369  48.1%   207  351s
  2070  1516 6329.25292  117  210 9861.33000 5121.90369  48.1%   208  357s
  2096  1540 6402.06695  126  210 9861.33000 5121.90369  48.1%   208  361s
  2128  1574 6531.58494  139  174 9861.33000 5121.90369  48.1%   209  382s
  2173  1617 6646.44228  156  144 9861.33000 5121.90369  48.1%   208  387s
  2231  1683 7384.90973  179   77 9861.33000 5121.90369  48.1%   205  392s
  2324  1666 infeasible  221      9861.33000 5124.24571  48.0%   200  398s
  2352  1676 5233.24202   19  599 9861.33000 5124.24571  48.0%   201  402s
  2372  1702 5195.62125   20  666 9861.33000 5124.24571  48.0%   202  406s
  2404  1717 5221.83619   23  587 9861.33000 5124.24571  48.0%   202  411s
  2430  1735 5267.03584   25  616 9861.33000 5124.24571  48.0%   204  416s
  2457  1746 5287.65201   25  602 9861.33000 5124.24571  48.0%   206  420s
  2477  1775 5282.67595   27  349 9861.33000 5124.24571  48.0%   207  429s
  2512  1810 5338.41525   29  305 9861.33000 5124.24571  48.0%   208  434s
  2559  1831 5385.95347   34  485 9861.33000 5124.24571  48.0%   208  439s
  2595  1819 7227.96079  157  188 9861.33000 5124.24571  48.0%   209  440s
  2596  1857 5435.60843   35  295 9861.33000 5124.24571  48.0%   209  445s
  2634  1904 5407.58432   38  432 9861.33000 5124.24571  48.0%   209  451s
  2694  1917 5482.34882   40  348 9861.33000 5124.24571  48.0%   207  456s
  2727  1966 5733.42778   40  445 9861.33000 5124.24571  48.0%   209  462s
  2787  1997 5499.95456   42  335 9861.33000 5124.24571  48.0%   208  469s
  2838  2047 5544.23373   46  253 9861.33000 5124.24571  48.0%   208  474s
  2894  2106 5609.11961   49  286 9861.33000 5124.24571  48.0%   208  481s
  2953  2139 5663.43851   60  206 9861.33000 5124.24571  48.0%   209  488s
  2986  2241 5719.44372   63  152 9861.33000 5124.24571  48.0%   209  496s
  3090  2271 5975.37608   68  272 9861.33000 5124.24571  48.0%   206  542s
  3120  2273 5770.39957   67  138 9861.33000 5124.24571  48.0%   205  566s
  3122  2366 5787.96020   69  325 9861.33000 5124.24571  48.0%   205  575s
  3260  2413 5901.56172   73  250 9861.33000 5124.24571  48.0%   201  585s
  3299  2470 6098.51068   88  123 9861.33000 5124.24571  48.0%   202  593s
  3356  2595 6378.54687  101  115 9861.33000 5124.24571  48.0%   203  602s
  3481  2632 6983.13957  138   66 9861.33000 5130.56953  48.0%   199  613s
  3540  2689 5241.83583   19  724 9861.33000 5130.56953  48.0%   200  623s
  3597  2726 5345.95034   22  523 9861.33000 5130.56953  48.0%   199  632s
  3648  2744 5677.03472   28  309 9861.33000 5130.56953  48.0%   200  640s
  3666  2824 5971.34713   38  337 9861.33000 5132.40199  48.0%   202  653s
  3765  2850 5229.59638   19  798 9861.33000 5132.40199  48.0%   202  663s
  3787  2884 5262.24516   24  740 9861.33000 5132.40199  48.0%   203  672s
  3821  2943 5292.11816   28  674 9861.33000 5132.40199  48.0%   204  684s
  3839  2943 6521.58924   98  189 9861.33000 5132.40199  48.0%   205  685s
  3896  2957 5329.46712   29  351 9861.33000 5132.40199  48.0%   204  695s
  3910  2984 5387.89208   32  521 9861.33000 5132.40199  48.0%   207  703s
  3937  3021 5440.78910   37  415 9861.33000 5132.40199  48.0%   209  713s
  3974  3119 5532.35285   42  377 9861.33000 5132.40199  48.0%   210  729s
  3992  3119 5583.28063   53  256 9861.33000 5132.40199  48.0%   210  730s
  4094  3178 5617.27152   59  233 9861.33000 5132.40199  48.0%   208  740s
  4153  3243 5786.48141   81  245 9861.33000 5132.40199  48.0%   209  751s
  4218  3366 6025.73667  102  144 9861.33000 5132.40199  48.0%   210  765s
  4341  3562 7227.87646  151   80 9861.33000 5136.63960  47.9%   209  783s
  4453  3562 7334.20397  181   80 9861.33000 5136.63960  47.9%   205  785s
  4586  3587 8996.05000  215    - 9861.33000 5136.76720  47.9%   203  801s
  4612  3610     cutoff  215      9861.33000 5143.91770  47.8%   205  815s
  4642  3642 5461.82695   28  536 9861.33000 5143.91770  47.8%   208  827s
  4674  3723 5725.67540   41  265 9861.33000 5143.91770  47.8%   210  840s
  4755  3927 6293.20182   88  143 9861.33000 5143.92728  47.8%   211  905s
  4997  4101 9221.97000  227    - 9861.33000 5149.04171  47.8%   207  931s
  5176  4125     cutoff  227      9861.33000 5149.40041  47.8%   204  951s
  5211  4168     cutoff  225      9861.33000 5149.40519  47.8%   206  967s
  5255  4170 6156.88006   49  223 9861.33000 5149.40519  47.8%   208 1039s
  5257  4297 6270.57677   50  214 9861.33000 5150.24172  47.8%   208 1060s
  5420  4364 5331.96081   26  536 9861.33000 5150.24172  47.8%   207 1082s
  5487  4388 5192.21999   25  645 9861.33000 5150.24172  47.8%   205 1100s
  5525  4426 5363.17204   32  463 9861.33000 5150.24172  47.8%   208 1115s
  5563  4592 5420.71186   46  251 9861.33000 5150.24172  47.8%   210 1134s
  5743  4654 5564.85947   53  175 9861.33000 5150.24172  47.8%   209 1155s
  5829  4800 5701.56847   81  100 9861.33000 5150.24172  47.8%   211 1176s
  5975  4961 5908.69535  128   74 9861.33000 5151.12100  47.8%   212 1199s
  6186  5018 5290.98103   33  598 9861.33000 5151.14090  47.8%   210 1219s
  6254  5091 5826.48495   63  421 9861.33000 5151.14090  47.8%   211 1236s
  6337  5320 6332.51163   93  174 9861.33000 5156.95788  47.7%   213 1258s
  6617  5382 5300.23603   29  690 9861.33000 5157.31429  47.7%   209 1277s
* 6639  5379             174    9734.3300000 5157.31429  47.0%   210 1277s
* 6640  5364             171    9569.3300000 5157.31429  46.1%   210 1277s
  6682  5510 5988.88260   49  300 9569.33000 5157.45159  46.1%   211 1298s
  6752  5510 8015.55797  119  132 9569.33000 5157.45159  46.1%   210 1300s
  6842  5609 5243.89402   31  691 9569.33000 5157.45688  46.1%   211 1322s
  6951  5686 5800.18282   49  359 9569.33000 5157.45688  46.1%   211 1342s
  7028  5866 6421.07940   97  316 9569.33000 5158.95706  46.1%   213 1364s
  7056  5866 6750.82024  125   78 9569.33000 5158.95706  46.1%   213 1365s
  7242  6112 5357.51990   39  613 9569.33000 5158.95953  46.1%   211 1399s
  7313  6112 6944.32665  110  164 9569.33000 5158.95953  46.1%   211 1400s
  7546  6332 5342.65822   29  769 9569.33000 5158.96936  46.1%   209 1432s
  7697  6332 6739.37401  104  186 9569.33000 5158.96936  46.1%   210 1435s
  7788  6462 7103.01273  120   77 9569.33000 5161.65625  46.1%   209 1464s
  7802  6462 7671.46025  134   90 9569.33000 5161.65625  46.1%   209 1465s
  7943  6681     cutoff  178      9569.33000 5161.84957  46.1%   210 1503s
  8041  6681 6693.76888   68  244 9569.33000 5162.19225  46.1%   212 1505s
  8227  6898 6176.54970   64  280 9569.33000 5163.66641  46.0%   209 1538s
  8339  6898 8905.02560  176   54 9569.33000 5163.66641  46.0%   208 1540s
  8474  7085 5736.53581   32  503 9569.33000 5164.29927  46.0%   208 1572s
  8633  7085 9399.62986  184   37 9569.33000 5164.29927  46.0%   208 1575s
  8683  7289 5260.02084   30  677 9569.33000 5164.29927  46.0%   209 1606s
  8916  7289 5558.63543   37  299 9569.33000 5164.29927  46.0%   208 1610s
  8927  7562 5817.42051   62  295 9569.33000 5164.75640  46.0%   208 1640s
  9238  7724 5318.76795   35  564 9569.33000 5165.07810  46.0%   206 1674s
  9273  7724 6073.74376   70  175 9569.33000 5165.07810  46.0%   207 1675s
  9420  7853 6558.95605  104  143 9569.33000 5165.44767  46.0%   207 1706s
  9583  7966     cutoff  177      9569.33000 5166.33628  46.0%   208 1737s
  9718  8133 6080.84028   48  261 9569.33000 5168.53493  46.0%   210 1773s
  9817  8133 8909.13844  147   67 9569.33000 5168.53493  46.0%   209 1775s
  9904  8318 5521.92821   28  716 9569.33000 5168.53493  46.0%   210 1806s
 10111  8605 6231.50213   62  310 9569.33000 5168.97917  46.0%   210 1839s
 10125  8605 6498.30284   76  262 9569.33000 5168.97917  46.0%   210 1840s
 10477  8674 5290.45886   38  653 9569.33000 5168.97917  46.0%   207 1872s
 10564  8812 5407.85208   52  477 9569.33000 5168.97917  46.0%   209 1903s
 10675  8812 7598.27145  122  101 9569.33000 5168.97917  46.0%   211 1905s
 10720  8934 5690.40067   75  427 9569.33000 5168.97917  46.0%   211 2051s
 10842  9190 6315.17213  132  216 9569.33000 5171.31492  46.0%   212 2097s
 10968  9190 7060.27512  177  119 9569.33000 5171.31492  46.0%   211 2100s
 11127  9277 5382.00651   21  691 9569.33000 5171.31492  46.0%   212 2133s
 11214  9473 6008.49657   58  331 9569.33000 5172.50895  45.9%   213 2164s
 11242  9473 6567.17976   86  133 9569.33000 5172.50895  45.9%   214 2165s
 11428  9774 5667.45964   38  639 9569.33000 5172.50895  45.9%   215 2201s
 11637  9774 7218.65239  179  165 9569.33000 5172.50895  45.9%   215 2205s
 11766 10073 6964.10820  121  122 9569.33000 5173.60887  45.9%   214 2238s
 11869 10073 5960.01561   43  250 9569.33000 5173.60887  45.9%   213 2240s
 12147 10435 5432.40136   27  431 9569.33000 5174.35147  45.9%   211 2276s
 12530 10435 6608.86929  107   69 9569.33000 5177.02383  45.9%   209 2282s
 12557 10607 5884.73805   56  215 9569.33000 5177.09908  45.9%   209 2311s
 12769 10848 5660.53045   36  389 9569.33000 5177.65445  45.9%   209 2344s
 12799 10848 5836.81271   53  282 9569.33000 5177.65445  45.9%   209 2345s
 13000 11141 6174.51902   85  182 9569.33000 5177.68381  45.9%   210 2381s
 13255 11141 6613.18156  134   96 9569.33000 5178.48504  45.9%   208 2385s
 13361 11212 5399.79667   35  570 9569.33000 5178.48504  45.9%   208 2422s
 13445 11257 5907.90373   69  298 9569.33000 5178.48504  45.9%   209 2459s
 13473 11257 6325.89411   97  186 9569.33000 5178.48504  45.9%   209 2460s
 13495 11399 6489.18272  105  146 9569.33000 5179.37057  45.9%   209 2490s
 13660 11648 5790.20253   53  500 9569.33000 5179.71103  45.9%   210 2523s
 13732 11648 6906.93346  125  253 9569.33000 5179.71103  45.9%   210 2525s
 13943 11776 7783.01794  169  137 9569.33000 5183.58550  45.8%   209 2557s
 14109 11936 5892.62102   59  167 9569.33000 5184.67283  45.8%   210 2592s
 14337 11999 5208.35022   35  717 9569.33000 5185.92742  45.8%   210 2621s
 14391 12138 5721.95265   44  529 9569.33000 5185.92742  45.8%   212 2652s
 14530 12325 6155.26294   56  447 9569.33000 5185.92742  45.8%   213 2685s
 14742 12667 6960.10385   81  188 9569.33000 5186.31698  45.8%   214 2721s
 14939 12667 9269.92750  144   15 9569.33000 5186.31698  45.8%   213 2725s
 15126 12919 5930.99383   37  329 9569.33000 5187.64214  45.8%   213 2760s
 15366 12919 8084.99585  152   98 9569.33000 5187.71121  45.8%   212 2765s
 15421 13010 5627.04637   35  519 9569.33000 5187.71121  45.8%   212 2793s
 15512 13223 6543.59484   80  176 9569.33000 5187.76539  45.8%   213 2827s
 15695 13223 8427.69596  169   41 9569.33000 5187.76839  45.8%   213 2830s
 15747 13433 5669.61024   35  571 9569.33000 5187.78122  45.8%   213 2862s
 15898 13433 9136.22704  176   58 9569.33000 5187.78122  45.8%   213 2865s
 15995 13435 5364.33975   26  660 9569.33000 5187.78122  45.8%   213 2950s
 15997 13541 5384.64970   27  682 9569.33000 5187.78122  45.8%   213 2979s
 16019 13541 5923.32673   49  440 9569.33000 5187.78122  45.8%   214 2980s
 16115 13719 6197.86248   65  413 9569.33000 5188.57373  45.8%   214 3013s
 16199 13719 8505.89785  149   81 9569.33000 5188.57373  45.8%   214 3015s
 16325 13865     cutoff  192      9569.33000 5188.58264  45.8%   214 3046s
 16476 14190 5807.64636   57  432 9569.33000 5188.69293  45.8%   216 3083s
 16546 14190 6876.46100  127   90 9569.33000 5188.69293  45.8%   216 3085s
 16941 14307 5352.47824   28  574 9569.33000 5191.31515  45.8%   214 3118s
 17020 14520 6193.62060   69  432 9569.33000 5192.06384  45.7%   215 3150s
 17289 14724 5652.25554   37  612 9569.33000 5192.11225  45.7%   214 3183s
 17369 14724     cutoff  176      9569.33000 5192.11225  45.7%   215 3185s
 17516 14962 7160.70666  117  157 9569.33000 5192.30772  45.7%   214 3218s
 17789 15220 6097.24776   58  421 9569.33000 5192.69360  45.7%   214 3256s
 17978 15220 6854.12347  103  123 9569.33000 5192.98188  45.7%   214 3260s
 18091 15302 5410.02153   34  531 9569.33000 5192.98188  45.7%   213 3289s
 18135 15302 5830.49549   78  262 9569.33000 5192.98188  45.7%   213 3290s
 18187 15402 5840.63445   79  306 9569.33000 5193.86416  45.7%   214 3320s
 18301 15447 5657.84522   30  517 9569.33000 5193.98228  45.7%   215 3348s
 18346 15557 5794.80646   37  459 9569.33000 5193.98228  45.7%   216 3379s
 18360 15557 5815.93039   39  272 9569.33000 5193.98228  45.7%   216 3380s
 18456 15926 6170.80995   56  120 9569.33000 5194.06845  45.7%   217 3419s
 18512 15926 6866.71086   77   66 9569.33000 5194.06845  45.7%   217 3420s
 18866 15989 5341.43117   28  697 9569.33000 5194.06845  45.7%   216 3452s
 18953 16270 5998.64638   64  402 9569.33000 5194.53590  45.7%   217 3488s
 19066 16270 8323.12405  177   66 9569.33000 5194.53590  45.7%   216 3490s
 19276 16356 5390.29027   26  674 9569.33000 5194.89863  45.7%   216 3521s
 19362 16394 5917.26677   80  217 9569.33000 5194.89863  45.7%   217 3570s
 19400 16399 6237.91896  102  144 9569.33000 5194.89863  45.7%   217 3600s

Cutting planes:
  User: 5807
  Gomory: 19
  Cover: 778
  Implied bound: 267
  Projected implied bound: 32
  Clique: 89
  MIR: 177
  StrongCG: 1
  Flow cover: 756
  Zero half: 25
  RLT: 541
  Relax-and-lift: 33
  Lazy constraints: 2292

Explored 19405 nodes (4228955 simplex iterations) in 3600.20 seconds
Thread count was 2 (of 32 available processors)

Solution count 3: 9569.33 9734.33 9861.33 

Time limit reached
Best objective 9.569330000000e+03, best bound 5.194898632543e+03, gap 45.7130%

User-callback calls 557645, time in user-callback 257.20 sec
================================================================================
executing instance: ./input/Instances/Original/5/absH3low_4n25.dat
--------------------------------------------------------------------------------
Instance details
n	26
H	3
C	2029
Li:
[0, 0, 0, 0, 0, 0, 0, 0, 0, 0, 0, 0, 0, 0, 0, 0, 0, 0, 0, 0, 0, 0, 0, 0, 0, 0, ]
Ui:
[0, 34, 165, 76, 88, 188, 58, 279, 52, 132, 198, 142, 135, 165, 186, 58, 201, 196, 40, 183, 32, 90, 168, 126, 93, 146, ]
Distance matrix:
|0	299	188	235	91	202	152	147	162	277	268	132	71	162	220	69	220	289	241	124	265	80	162	132	66	302	|
|299	0	468	431	282	142	317	425	443	569	193	178	359	302	422	231	93	28	511	325	457	242	434	215	240	601	|
|188	468	0	153	265	342	308	43	192	106	455	290	117	206	142	246	379	464	252	274	360	267	211	319	231	184	|
|235	431	153	0	326	289	386	145	321	240	482	269	184	129	15	258	339	436	393	355	477	305	336	354	237	334	|
|91	282	265	326	0	228	66	228	166	339	196	157	154	242	311	99	225	264	229	50	201	47	153	71	115	340	|
|202	142	342	289	228	0	285	301	363	447	255	73	245	161	281	139	53	151	440	278	428	181	360	187	136	495	|
|152	317	308	386	66	285	0	275	167	368	188	217	207	308	371	163	274	295	210	34	145	108	148	104	181	350	|
|147	425	43	145	228	301	275	0	179	146	415	248	76	172	131	203	337	421	248	242	341	227	195	279	188	211	|
|162	443	192	321	166	363	167	179	0	216	352	291	152	302	307	225	375	428	81	138	170	201	22	237	227	183	|
|277	569	106	240	339	447	368	146	216	0	535	391	210	312	232	341	481	562	245	335	381	352	238	402	329	106	|
|268	193	455	482	196	255	188	415	352	535	0	225	339	367	469	224	212	165	398	214	302	188	335	136	245	533	|
|132	178	290	269	157	73	217	248	291	391	225	0	183	145	258	66	91	175	367	207	358	110	287	127	67	431	|
|71	359	117	184	154	245	207	76	152	210	339	183	0	152	169	131	274	352	232	174	294	151	161	203	119	251	|
|162	302	206	129	242	161	308	172	302	312	367	145	152	0	120	153	210	308	383	284	426	208	309	249	132	383	|
|220	422	142	15	311	281	371	131	307	232	469	258	169	120	0	245	330	427	379	340	461	291	321	340	224	324	|
|69	231	246	258	99	139	163	203	225	341	224	66	131	153	245	0	152	222	301	147	299	57	221	97	22	371	|
|220	93	379	339	225	53	274	337	375	481	212	91	274	210	330	152	0	99	448	273	419	180	369	171	157	521	|
|289	28	464	436	264	151	295	421	428	562	165	175	352	308	427	222	99	0	493	305	434	227	418	196	234	590	|
|241	511	252	393	229	440	210	248	81	245	398	367	232	383	379	301	448	493	0	190	147	270	80	298	305	175	|
|124	325	274	355	50	278	34	242	138	335	214	207	174	284	340	147	273	305	190	0	152	97	122	110	162	320	|
|265	457	360	477	201	428	145	341	170	381	302	358	294	426	461	299	419	434	147	152	0	248	150	249	312	322	|
|80	242	267	305	47	181	108	227	201	352	188	110	151	208	291	57	180	227	270	97	248	0	192	52	76	366	|
|162	434	211	336	153	360	148	195	22	238	335	287	161	309	321	221	369	418	80	122	150	192	0	224	225	203	|
|132	215	319	354	71	187	104	279	237	402	136	127	203	249	340	97	171	196	298	110	249	52	224	0	118	409	|
|66	240	231	237	115	136	181	188	227	329	245	67	119	132	224	22	157	234	305	162	312	76	225	118	0	364	|
|302	601	184	334	340	495	350	211	183	106	533	431	251	383	324	371	521	590	175	320	322	366	203	409	364	0	|

--------------------------------------------------------------------------------
Building model...
	using lazy and cut (CVRPSEP package)
Solving IRP LP...
--------------------------------------------------------------------------------

Gurobi 9.1.0 (linux64) logging started Tue Feb 16 01:42:43 2021

Gurobi Optimizer version 9.1.0 build v9.1.0rc0 (linux64)
Thread count: 32 physical cores, 32 logical processors, using up to 2 threads
Optimize a model with 1136 rows, 5744 columns and 14864 nonzeros
Model fingerprint: 0x91fe856f
Variable types: 479 continuous, 5265 integer (390 binary)
Coefficient statistics:
  Matrix range     [1e+00, 4e+02]
  Objective range  [1e-02, 6e+02]
  Bounds range     [1e+00, 3e+02]
  RHS range        [1e+00, 3e+03]
Presolve removed 279 rows and 151 columns
Presolve time: 0.09s
Presolved: 857 rows, 5593 columns, 13425 nonzeros
Variable types: 302 continuous, 5291 integer (4906 binary)

Root relaxation: objective 2.653684e+03, 1440 iterations, 0.04 seconds

    Nodes    |    Current Node    |     Objective Bounds      |     Work
 Expl Unexpl |  Obj  Depth IntInf | Incumbent    BestBd   Gap | It/Node Time

     0     0 2653.68381    0   96          - 2653.68381      -     -    0s
     0     0 2775.64159    0  133          - 2775.64159      -     -    0s
     0     0 2776.28216    0  142          - 2776.28216      -     -    0s
     0     0 3143.23033    0  216          - 3143.23033      -     -    0s
     0     0 3144.78566    0  212          - 3144.78566      -     -    0s
     0     0 3391.24297    0  242          - 3391.24297      -     -    0s
     0     0 3399.10891    0  253          - 3399.10891      -     -    0s
     0     0 3400.93259    0  237          - 3400.93259      -     -    0s
     0     0 3400.99881    0  247          - 3400.99881      -     -    0s
     0     0 3469.36837    0  243          - 3469.36837      -     -    1s
     0     0 3481.42056    0  247          - 3481.42056      -     -    1s
     0     0 3485.57329    0  276          - 3485.57329      -     -    1s
     0     0 3485.69488    0  267          - 3485.69488      -     -    1s
     0     0 3533.87078    0  281          - 3533.87078      -     -    1s
     0     0 3535.24997    0  277          - 3535.24997      -     -    1s
     0     0 3535.36733    0  298          - 3535.36733      -     -    1s
     0     0 3589.07289    0  337          - 3589.07289      -     -    1s
     0     0 3601.97172    0  284          - 3601.97172      -     -    1s
     0     0 3602.35268    0  310          - 3602.35268      -     -    1s
     0     0 3622.27614    0  345          - 3622.27614      -     -    1s
     0     0 3625.89051    0  335          - 3625.89051      -     -    2s
     0     0 3625.98322    0  340          - 3625.98322      -     -    2s
     0     0 3634.38687    0  283          - 3634.38687      -     -    2s
     0     0 3635.45899    0  291          - 3635.45899      -     -    2s
     0     0 3641.12015    0  371          - 3641.12015      -     -    2s
