




arguments: ./build/bc_mirp -f ./input/orig_exec_140.cfg
Current dir: /scratch/gui/bc_mirp
File verbosity level: 9
date       time         ( uptime  ) [ thread name/id ]                   file:line     v| 
2021-02-08 04:25:39.070 (   0.139s) [main thread     ]             loguru.cpp:789   INFO| Logging to './output/vi_vc+qua/OU/V5/Original/execution_08_02_2021_04_25_39.log', mode: 'a', verbosity: 9
--------------------------------------------------------------------------------
Parameters
                           instance_path           ./input/Instances/Original/3/
                            model_policy                                       1
                             nb_vehicles                                       5
                              output_dir      ./output/vi_vc+qua/OU/V5/Original/
                            sec_strategy                                       1
                       solver_nb_threads                                       2
                         solver_show_log                                    true
                       solver_time_limit                                    3600
                              use_vi_cos                                   false
                              use_vi_cus                                   false
                         use_vi_hc1_full                                   false
                         use_vi_hc1_half                                   false
                      use_vi_hc1_quarter                                   false
                              use_vi_hc2                                   false
                              use_vi_hc3                                   false
                         use_vi_lex_full                                   false
                         use_vi_lex_half                                   false
                      use_vi_lex_quarter                                   false
                              use_vi_qua                                    true
                               use_vi_vc                                    true
                               use_vi_vr                                   false
--------------------------------------------------------------------------------
executing instance: ./input/Instances/Original/3/absH3low_2n5.dat
--------------------------------------------------------------------------------
Instance details
n	6
H	3
C	237
Li:
[0, 0, 0, 0, 0, 0, ]
Ui:
[0, 93, 180, 51, 114, 24, ]
Distance matrix:
|0	170	318	35	112	235	|
|170	0	311	205	258	301	|
|318	311	0	326	278	137	|
|35	205	326	0	89	230	|
|112	258	278	89	0	160	|
|235	301	137	230	160	0	|

--------------------------------------------------------------------------------
Building model...
	using lazy and cut (CVRPSEP package)
Solving IRP LP...
--------------------------------------------------------------------------------

Gurobi 9.1.0 (linux64) logging started Mon Feb  8 04:25:39 2021

Gurobi Optimizer version 9.1.0 build v9.1.0rc0 (linux64)
Thread count: 32 physical cores, 32 logical processors, using up to 2 threads
Optimize a model with 276 rows, 414 columns and 1524 nonzeros
Model fingerprint: 0xdc8be8ea
Variable types: 99 continuous, 315 integer (90 binary)
Coefficient statistics:
  Matrix range     [1e+00, 2e+02]
  Objective range  [1e-02, 3e+02]
  Bounds range     [1e+00, 2e+02]
  RHS range        [1e+00, 5e+02]
Presolve removed 24 rows and 47 columns
Presolve time: 0.01s

Explored 0 nodes (0 simplex iterations) in 0.01 seconds
Thread count was 1 (of 32 available processors)

Solution count 0

Model is infeasible
Best objective -, best bound -, gap -

User-callback calls 34, time in user-callback 0.00 sec

Computing Irreducible Inconsistent Subsystem (IIS)...

           Constraints          |            Bounds           |  Runtime
      Min       Max     Guess   |   Min       Max     Guess   |
--------------------------------------------------------------------------
        0       276         -         0       569         -           0s
       36        36         -        61        61         -           1s

IIS computed: 36 constraints, 61 bounds
IIS runtime: 0.99 seconds
================================================================================
executing instance: ./input/Instances/Original/3/absH3high_5n30.dat
--------------------------------------------------------------------------------
Instance details
n	31
H	3
C	2296
Li:
[0, 0, 0, 0, 0, 0, 0, 0, 0, 0, 0, 0, 0, 0, 0, 0, 0, 0, 0, 0, 0, 0, 0, 0, 0, 0, 0, 0, 0, 0, 0, ]
Ui:
[0, 80, 90, 297, 28, 264, 123, 192, 112, 32, 72, 88, 294, 129, 126, 105, 110, 237, 246, 92, 72, 147, 54, 96, 128, 96, 84, 28, 74, 196, 192, ]
Distance matrix:
|0	87	302	65	389	171	219	120	412	339	129	63	169	401	383	158	393	161	246	275	64	287	345	235	13	274	106	201	85	358	135	|
|87	0	334	128	402	212	301	204	465	384	187	145	232	424	454	238	475	245	289	352	80	307	352	321	81	352	20	261	170	376	215	|
|302	334	0	239	113	132	237	334	157	70	404	263	162	105	227	229	339	251	65	217	259	53	107	352	293	220	339	134	270	75	235	|
|65	128	239	0	330	107	175	130	348	275	174	40	107	339	326	114	351	125	181	224	58	228	290	222	58	224	143	138	65	297	92	|
|389	402	113	330	0	226	349	438	210	151	502	360	269	48	316	339	441	362	175	328	335	102	55	465	377	330	401	245	371	37	342	|
|171	212	132	107	226	0	169	214	253	173	276	134	64	233	261	130	326	153	77	188	133	125	192	264	162	190	220	68	145	193	125	|
|219	301	237	175	349	169	0	157	257	223	244	157	105	334	180	62	175	61	177	63	233	264	334	118	221	61	317	112	136	312	85	|
|120	204	334	130	438	214	157	0	402	348	88	90	173	438	336	115	307	100	269	220	172	338	406	122	130	218	224	204	69	403	101	|
|412	465	157	348	210	253	257	402	0	88	486	359	245	166	129	287	266	303	178	204	386	208	239	370	406	207	473	212	354	187	304	|
|339	384	70	275	151	173	223	348	88	0	427	291	179	120	166	234	290	254	96	187	306	123	166	342	332	190	391	145	291	119	247	|
|129	187	404	174	502	276	244	88	486	427	0	142	248	508	424	200	390	187	342	308	193	400	464	192	142	306	207	281	136	469	182	|
|63	145	263	40	360	134	157	90	359	291	142	0	114	366	321	95	331	99	202	212	90	258	323	186	65	211	163	148	27	327	72	|
|169	232	162	107	269	64	105	173	245	179	248	114	0	266	222	71	268	94	97	131	155	173	244	203	164	132	245	34	113	233	73	|
|401	424	105	339	48	233	334	438	166	120	508	366	266	0	280	332	409	355	169	305	353	117	96	452	391	308	425	237	374	49	339	|
|383	454	227	326	316	261	180	336	129	166	424	321	222	280	0	231	137	238	208	116	376	277	331	272	381	118	467	197	307	285	253	|
|158	238	229	114	339	130	62	115	287	234	200	95	71	332	231	0	238	23	164	118	171	243	314	134	159	117	255	95	77	302	23	|
|393	475	339	351	441	326	175	307	266	290	390	331	268	409	137	238	0	232	300	138	408	383	445	204	395	136	492	258	308	406	260	|
|161	245	251	125	362	153	61	100	303	254	187	99	94	355	238	23	232	0	187	123	183	267	338	111	164	121	262	117	77	325	34	|
|246	289	65	181	175	77	177	269	178	96	342	202	97	169	208	164	300	187	0	168	210	87	157	290	238	171	296	70	206	138	170	|
|275	352	217	224	328	188	63	220	204	187	308	212	131	305	116	118	138	123	168	0	279	255	322	166	275	3	367	120	195	291	141	|
|64	80	259	58	335	133	233	172	386	306	193	90	155	353	376	171	408	183	210	279	0	236	289	276	51	279	90	182	117	307	150	|
|287	307	53	228	102	125	264	338	208	123	400	258	173	117	277	243	383	267	87	255	236	0	71	374	276	257	308	153	270	71	245	|
|345	352	107	290	55	192	334	406	239	166	464	323	244	96	331	314	445	338	157	322	289	71	0	445	334	325	350	224	337	54	315	|
|235	321	352	222	465	264	118	122	370	342	192	186	203	452	272	134	204	111	290	166	276	374	445	0	243	164	341	221	159	428	142	|
|13	81	293	58	377	162	221	130	406	332	142	65	164	391	381	159	395	164	238	275	51	276	334	243	0	274	100	196	89	347	136	|
|274	352	220	224	330	190	61	218	207	190	306	211	132	308	118	117	136	121	171	3	279	257	325	164	274	0	367	122	194	294	140	|
|106	20	339	143	401	220	317	224	473	391	207	163	245	425	467	255	492	262	296	367	90	308	350	341	100	367	0	272	188	377	232	|
|201	261	134	138	245	68	112	204	212	145	281	148	34	237	197	95	258	117	70	120	182	153	224	221	196	122	272	0	146	208	103	|
|85	170	270	65	371	145	136	69	354	291	136	27	113	374	307	77	308	77	206	195	117	270	337	159	89	194	188	146	0	337	54	|
|358	376	75	297	37	193	312	403	187	119	469	327	233	49	285	302	406	325	138	291	307	71	54	428	347	294	377	208	337	0	306	|
|135	215	235	92	342	125	85	101	304	247	182	72	73	339	253	23	260	34	170	141	150	245	315	142	136	140	232	103	54	306	0	|

--------------------------------------------------------------------------------
Building model...
	using lazy and cut (CVRPSEP package)
Solving IRP LP...
--------------------------------------------------------------------------------

Gurobi 9.1.0 (linux64) logging started Mon Feb  8 04:25:40 2021

Gurobi Optimizer version 9.1.0 build v9.1.0rc0 (linux64)
Thread count: 32 physical cores, 32 logical processors, using up to 2 threads
Optimize a model with 1351 rows, 8014 columns and 20074 nonzeros
Model fingerprint: 0x3881419b
Variable types: 574 continuous, 7440 integer (465 binary)
Coefficient statistics:
  Matrix range     [1e+00, 5e+02]
  Objective range  [1e-01, 5e+02]
  Bounds range     [1e+00, 3e+02]
  RHS range        [1e+00, 4e+03]
Presolve removed 325 rows and 172 columns
Presolve time: 0.10s
Presolved: 1026 rows, 7842 columns, 17648 nonzeros
Variable types: 368 continuous, 7474 integer (7005 binary)

Root relaxation: objective 9.096652e+03, 1510 iterations, 0.05 seconds

    Nodes    |    Current Node    |     Objective Bounds      |     Work
 Expl Unexpl |  Obj  Depth IntInf | Incumbent    BestBd   Gap | It/Node Time

     0     0 9096.65241    0  150          - 9096.65241      -     -    0s
     0     0 9403.15474    0  167          - 9403.15474      -     -    0s
     0     0 9407.99385    0  118          - 9407.99385      -     -    0s
     0     0 9683.90290    0  200          - 9683.90290      -     -    0s
     0     0 9700.88775    0  220          - 9700.88775      -     -    0s
     0     0 9701.02224    0  230          - 9701.02224      -     -    0s
     0     0 9888.43940    0  231          - 9888.43940      -     -    1s
     0     0 9902.13835    0  271          - 9902.13835      -     -    1s
     0     0 9907.74998    0  245          - 9907.74998      -     -    1s
     0     0 9908.18705    0  253          - 9908.18705      -     -    1s
     0     0 9967.80709    0  286          - 9967.80709      -     -    1s
     0     0 9998.21181    0  327          - 9998.21181      -     -    1s
     0     0 9999.16732    0  333          - 9999.16732      -     -    1s
     0     0 9999.21581    0  329          - 9999.21581      -     -    1s
     0     0 10040.0286    0  264          - 10040.0286      -     -    2s
     0     0 10042.4290    0  265          - 10042.4290      -     -    2s
     0     0 10043.0334    0  281          - 10043.0334      -     -    2s
     0     0 10055.0626    0  246          - 10055.0626      -     -    2s
     0     0 10056.6246    0  317          - 10056.6246      -     -    3s
     0     0 10057.2715    0  342          - 10057.2715      -     -    3s
     0     0 10067.9040    0  376          - 10067.9040      -     -    3s
     0     0 10069.4449    0  339          - 10069.4449      -     -    3s
     0     0 10069.8506    0  366          - 10069.8506      -     -    3s
     0     0 10076.9538    0  384          - 10076.9538      -     -    3s
     0     0 10076.9538    0  344          - 10076.9538      -     -    3s
     0     2 10082.4653    0  344          - 10082.4653      -     -    4s
    13    16 10169.9857    5  331          - 10082.4653      -   283    5s
    90    96 10400.0860   27  280          - 10082.4653      -   392   10s
   216   231 11280.1299   69  131          - 10082.4653      -   305   15s
   461   498 10293.0710    5  348          - 10082.4653      -   195   20s
   642   622 10664.9528   26  269          - 10082.4653      -   180   25s
   731   705 12876.7977  100  344          - 10082.4653      -   189   30s
   757   722 10271.5179    5  441          - 10132.0374      -   183   35s
   782   739 13097.8787  110  504          - 10150.9740      -   177   40s
   806   755 11543.2395   59  506          - 10159.1283      -   172   45s
   834   774 10319.3949   26  531          - 10162.1298      -   166   50s
   861   793 10439.5020   19  488          - 10162.4981      -   185   55s
   881   806 10489.6875   39  512          - 10163.7238      -   181   60s
   916   833 10242.1807   29  426          - 10174.8460      -   202   65s
   972   873 10219.1509   45  410          - 10174.8460      -   216   70s
  1005   901 10256.6139   53  294          - 10174.8460      -   222   75s
  1119   990 10581.0863   87  205          - 10174.8460      -   224   80s
  1382  1212 12499.5414  166   72          - 10174.8460      -   204   85s
  1584  1277 10349.8013   28  314          - 10175.0245      -   193   90s
  1719  1309 10559.2122   33  322          - 10175.0245      -   189   95s
  1756  1338 10442.0839   42  396          - 10175.0245      -   199  100s
  1795  1369 10615.5712   52  258          - 10175.0245      -   206  105s
  1898  1466 11011.5790   88  171          - 10175.0245      -   208  110s
  2072  1587 12725.7868  152   94          - 10183.2184      -   200  116s
  2202  1633 10328.4257   27  471          - 10183.2184      -   199  121s
  2271  1731 10371.2865   29  414          - 10183.2184      -   199  125s
  2503  1804 10397.9445   31  368          - 10183.2184      -   188  132s
* 2507  1702             182    13515.030000 10183.2184  24.7%   189  132s
* 2509  1664             184    13504.030000 10183.2184  24.6%   189  132s
  2558  1634 10419.0869   33  367 13504.0300 10183.2184  24.6%   189  135s
  2582  1642 10525.6468   37  242 13504.0300 10183.2184  24.6%   194  144s
  2584  1654 10539.6417   38  346 13504.0300 10183.2184  24.6%   195  145s
  2607  1665 10678.3722   44  216 13504.0300 10183.2184  24.6%   198  154s
  2615  1680 10725.9835   45  182 13504.0300 10183.2184  24.6%   199  156s
  2672  1702 10874.0730   52  198 13504.0300 10183.2184  24.6%   203  162s
H 2673  1649                    13370.030000 10183.2184  23.8%   202  162s
  2705  1680 10837.6932   59  211 13370.0300 10183.2184  23.8%   204  166s
  2768  1749 10994.2412   65  277 13370.0300 10183.2184  23.8%   204  171s
  2851  1794 11152.0866   74  239 13370.0300 10183.2184  23.8%   203  178s
  2882  1791 11139.0748   77  235 13370.0300 10183.2184  23.8%   203  185s
  2964  1863 11250.3453   86  211 13370.0300 10183.2184  23.8%   201  190s
  3038  1916 11740.0696  101  130 13370.0300 10183.2184  23.8%   202  196s
  3067  1954 12113.0231  106  142 13370.0300 10183.2184  23.8%   204  202s
  3105  2087 12342.0805  108  127 13370.0300 10183.2184  23.8%   204  205s
* 3302  2060             146    13166.200000 10196.9566  22.6%   199  210s
  3365  2102 10605.0904   31  195 13166.2000 10196.9566  22.6%   199  215s
  3395  2189 11056.3407   46  229 13166.2000 10196.9566  22.6%   200  221s
  3528  2221 10497.1806   27  422 13166.2000 10202.2275  22.5%   201  227s
  3544  2273 10409.3060   29  467 13166.2000 10202.2275  22.5%   203  231s
  3618  2312 10593.1909   37  332 13166.2000 10202.2275  22.5%   205  237s
  3645  2366 10663.5620   39  303 13166.2000 10202.2275  22.5%   207  242s
  3729  2384 10687.4854   40  308 13166.2000 10202.2275  22.5%   206  246s
  3770  2442 11016.7352   50  185 13166.2000 10202.2275  22.5%   210  253s
  3805  2487 11156.8365   58  165 13166.2000 10202.2275  22.5%   212  257s
  3850  2593 11570.6970   71  153 13166.2000 10202.2275  22.5%   214  262s
  3956  2681 12866.5481  101   90 13166.2000 10203.7760  22.5%   213  267s
  4068  2753 10380.4282   37  420 13166.2000 10203.7760  22.5%   211  275s
  4150  2782 10743.2558   48  411 13166.2000 10203.7760  22.5%   212  301s
  4179  2894 11237.1409   65  209 13166.2000 10204.5840  22.5%   213  308s
  4304  2934 10463.6125   29  430 13166.2000 10204.5840  22.5%   212  313s
  4363  2974 10788.5572   36  365 13166.2000 10204.5840  22.5%   212  317s
  4403  3083 11379.1590   59   95 13166.2000 10206.1023  22.5%   213  323s
  4550  3097 10455.8599   39  447 13166.2000 10206.1262  22.5%   211  328s
  4564  3231 10871.9731   46  215 13166.2000 10209.7997  22.5%   213  335s
  4734  3242 infeasible  131      13166.2000 10216.7838  22.4%   211  340s
  4749  3347 10556.1482   37  407 13166.2000 10216.7838  22.4%   213  346s
  4854  3369 10725.3641   43  334 13166.2000 10216.7838  22.4%   212  351s
  4912  3396 10808.0572   49  264 13166.2000 10216.7838  22.4%   213  375s
  4938  3498 10937.2992   55  250 13166.2000 10216.7838  22.4%   214  382s
  5064  3536 11048.3995   61  231 13166.2000 10216.7838  22.4%   213  388s
  5098  3609 11408.8110   71  227 13166.2000 10216.7838  22.4%   216  394s
  5132  3609 11648.1064   87  212 13166.2000 10216.7838  22.4%   216  395s
  5171  3911 11638.2441   99  159 13166.2000 10229.7516  22.3%   217  406s
  5526  3940 10459.8345   32  477 13166.2000 10231.9332  22.3%   211  414s
  5555  4047 10984.4334   38  310 13166.2000 10232.6149  22.3%   212  422s
  5686  4121 infeasible  114      13166.2000 10232.7660  22.3%   211  432s
  5779  4200 11109.6063   45  262 13166.2000 10234.9546  22.3%   212  442s
  5886  4267 10574.1147   45  432 13166.2000 10234.9546  22.3%   213  450s
  5973  4292 10748.5047   48  213 13166.2000 10234.9546  22.3%   213  457s
  5999  4403 10549.8910   53  383 13166.2000 10234.9546  22.3%   215  466s
  6138  4440 10640.4419   65  329 13166.2000 10234.9546  22.3%   214  474s
  6175  4540 10831.3132   75  276 13166.2000 10234.9546  22.3%   216  484s
  6292  4714 11414.9792   96  172 13166.2000 10234.9546  22.3%   217  494s
  6326  4714 11610.6975  105  150 13166.2000 10234.9546  22.3%   216  495s
  6470  4762 12970.0357  140   47 13166.2000 10242.1807  22.2%   215  504s
  6560  4788 10576.1049   47  389 13166.2000 10242.2659  22.2%   216  512s
  6586  4828 10606.7862   55  318 13166.2000 10242.2659  22.2%   218  519s
  6604  4828 10574.6872   38  440 13166.2000 10242.2659  22.2%   220  522s
  6626  4900 10717.5336   64  318 13166.2000 10242.2659  22.2%   221  530s
  6698  5009 10988.5377   76  164 13166.2000 10242.2659  22.2%   224  539s
  6767  5009 12250.9196   90   64 13166.2000 10242.2659  22.2%   225  540s
  6831  5157 11184.3339   93  245 13166.2000 10242.2659  22.2%   225  549s
  6865  5157 11453.9633  110  170 13166.2000 10242.2659  22.2%   226  550s
  7003  5249 11894.5336  135   96 13166.2000 10243.9091  22.2%   224  560s
  7133  5360 10686.8954   35  354 13166.2000 10245.5547  22.2%   224  570s
  7264  5479 10643.4589   25  391 13166.2000 10245.5547  22.2%   224  582s
  7395  5729 10900.5874   48  171 13166.2000 10246.0652  22.2%   225  604s
  7532  5729 11949.0188  104   52 13166.2000 10246.0652  22.2%   224  605s
  7690  5921 infeasible  134      13166.2000 10249.2450  22.2%   222  618s
  7921  6069 10302.2088   29  440 13166.2000 10253.3865  22.1%   221  632s
  8083  6233 11707.3380   84   63 13166.2000 10253.7453  22.1%   221  647s
  8319  6323 10674.9500   35  360 13166.2000 10253.7453  22.1%   221  659s
  8409  6512 11424.1002   53  249 13166.2000 10255.5740  22.1%   222  673s
  8640  6695 10867.4539   64  290 13166.2000 10266.7898  22.0%   222  691s
  8846  6753 10475.0872   28  396 13166.2000 10266.7898  22.0%   222  704s
  8904  6991 10525.9698   36  381 13166.2000 10266.7898  22.0%   225  737s
  9168  7248 10958.2143   51  100 13166.2000 10270.5206  22.0%   225  754s
  9236  7248 11246.4968   85   77 13166.2000 10270.5206  22.0%   225  755s
  9483  7350     cutoff  146      13166.2000 10270.5669  22.0%   223  769s
  9601  7468 11492.0291   72  227 13166.2000 10271.9865  22.0%   224  782s
  9741  7617 11550.6607   59  164 13166.2000 10272.8182  22.0%   224  796s
  9914  7792 11039.2228   35  268 13166.2000 10272.8913  22.0%   225  811s
 10084  7949 11696.0093   57  139 13166.2000 10275.0156  22.0%   226  827s
 10280  8082 11206.5502   45  134 13166.2000 10276.6494  21.9%   226  841s
 10451  8212 11064.4879   48  303 13166.2000 10276.9840  21.9%   226  855s
 10598  8322     cutoff  123      13166.2000 10277.1079  21.9%   226  870s
 10725  8477 11038.1235   74  222 13166.2000 10280.3923  21.9%   226  884s
 10908  8568     cutoff  138      13166.2000 10281.2593  21.9%   226  898s
 11003  8829 11153.0688   71  231 13166.2000 10281.6933  21.9%   228  914s
 11129  8829 13010.6329  115   72 13166.2000 10281.6933  21.9%   227  915s
 11329  9083 10731.3569   36  336 13166.2000 10282.4859  21.9%   226  930s
 11616  9219 10937.5149   72  266 13166.2000 10294.8624  21.8%   224  945s
 11796  9384     cutoff  160      13166.2000 10296.1224  21.8%   223  961s
 11987  9496 13134.3800  121   12 13166.2000 10299.8411  21.8%   223  976s
 12119  9636 infeasible  122      13166.2000 10301.0774  21.8%   224  989s
 12166  9636 11471.1614   82  169 13166.2000 10301.0774  21.8%   224  990s
 12271  9796 11730.9247   95  183 13166.2000 10302.8930  21.7%   224 1004s
 12361  9796 11209.8023   71  185 13166.2000 10302.8930  21.7%   224 1005s
H12462  9815                    13124.200000 10302.8930  21.5%   224 1020s
 12553  9847 10361.5942   37  478 13124.2000 10306.0622  21.5%   224 1032s
 12585  9900 10583.5557   44  464 13124.2000 10306.0622  21.5%   226 1045s
 12638 10071 10752.7177   53  340 13124.2000 10306.0622  21.5%   229 1063s
 12827 10316 11046.6728   73  140 13124.2000 10309.1566  21.4%   230 1082s
 13114 10500     cutoff  162      13124.2000 10310.0942  21.4%   229 1099s
 13323 10663 10590.6885   31  257 13124.2000 10311.4282  21.4%   229 1113s
 13538 10841 10957.8763   57  366 13124.2000 10312.9822  21.4%   228 1127s
 13746 11017 11731.9776   55  171 13124.2000 10314.9564  21.4%   228 1143s
 13968 11165 11182.0340   54  208 13124.2000 10316.5416  21.4%   227 1158s
 14133 11237 10958.3869   57  398 13124.2000 10316.5416  21.4%   228 1172s
 14241 11453 11134.4715   65  346 13124.2000 10316.5416  21.4%   229 1190s
 14471 11664 infeasible  126      13124.2000 10319.2917  21.4%   229 1206s
 14708 11808 11666.9206   67  225 13124.2000 10322.1497  21.4%   228 1221s
 14882 11954 11194.3323   70  237 13124.2000 10323.4506  21.3%   228 1236s
 15054 12036 11010.8328   40  337 13124.2000 10323.8195  21.3%   228 1250s
 15136 12244 11364.6336   49  189 13124.2000 10324.3025  21.3%   230 1268s
 15389 12244 11193.4616   63  100 13124.2000 10325.3119  21.3%   229 1270s
 15399 12507 10983.3609   67  254 13124.2000 10325.5437  21.3%   229 1285s
 15699 12649 10524.8482   40  308 13124.2000 10325.5460  21.3%   228 1303s
 15865 12811 10709.7647   49  405 13124.2000 10325.5460  21.3%   228 1317s
 16047 13156 11236.8447   87   87 13124.2000 10328.1102  21.3%   228 1336s
 16410 13280     cutoff  181      13124.2000 10328.1492  21.3%   226 1352s
 16566 13484 11395.5627   73  255 13124.2000 10329.8812  21.3%   227 1368s
 16819 13597 10579.4811   38  422 13124.2000 10334.5850  21.3%   226 1384s
 16965 13803 11070.7590   51  315 13124.2000 10336.0797  21.2%   226 1400s
 17213 13985 10685.7252   36  408 13124.2000 10337.7954  21.2%   226 1415s
 17431 14129 10642.1162   34  343 13124.2000 10338.9148  21.2%   226 1431s
 17618 14283 10688.5299   38  380 13124.2000 10339.1622  21.2%   226 1447s
 17800 14421 13017.5836  116   21 13124.2000 10339.8687  21.2%   226 1463s
 17967 14560 10527.5094   44  319 13124.2000 10339.9124  21.2%   226 1480s
 18145 14665 10798.3054   49  279 13124.2000 10339.9124  21.2%   225 1495s
 18296 14775 10980.2308   61  195 13124.2000 10339.9124  21.2%   226 1509s
 18434 15046 11457.6075   79  264 13124.2000 10342.2333  21.2%   227 1526s
 18750 15291 10925.5391   43  307 13124.2000 10343.4505  21.2%   226 1544s
 18784 15291 12245.7217   77  123 13124.2000 10343.4505  21.2%   226 1545s
 19041 15362 11066.5249   47  169 13124.2000 10344.3102  21.2%   225 1560s
 19139 15441 10733.4829   43  293 13124.2000 10345.3079  21.2%   226 1574s
 19218 15752 10923.8956   57  129 13124.2000 10346.0514  21.2%   228 1592s
 19577 15795 10464.4431   31  452 13124.2000 10346.9547  21.2%   227 1608s
 19613 15946 10503.6448   37  381 13124.2000 10346.9547  21.2%   228 1628s
 19764 16112 10800.3388   42  290 13124.2000 10346.9547  21.2%   229 1644s
 19828 16112 12089.8706  105   64 13124.2000 10346.9547  21.2%   230 1645s
 19958 16361 10961.0065   80   64 13124.2000 10348.4995  21.1%   229 1662s
 20250 16578     cutoff  125      13124.2000 10348.6875  21.1%   228 1682s
 20526 16753 10651.2271   31  402 13124.2000 10350.8652  21.1%   228 1699s
 20597 16753 12261.2208  102   40 13124.2000 10350.8652  21.1%   227 1700s
 20739 16866 infeasible  117      13124.2000 10354.1748  21.1%   227 1714s
 20870 16930 10737.3680   51  341 13124.2000 10354.4442  21.1%   228 1728s
 20934 17161 10905.2187   59  363 13124.2000 10354.4442  21.1%   229 1745s
 21195 17377 11612.3028   86  127 13124.2000 10355.5574  21.1%   229 1762s
 21432 17582 11230.9213   71  186 13124.2000 10357.1256  21.1%   229 1778s
 21655 17584 12154.1083  133   67 13124.2000 10357.7301  21.1%   228 1780s
 21698 17752 11022.0255   43  238 13124.2000 10358.3642  21.1%   228 1794s
 21833 17758 11701.6652  106  161 13124.2000 10358.3642  21.1%   227 1795s
 21920 17832 infeasible  117      13124.2000 10359.8768  21.1%   228 1808s
 22015 17895 10537.2070   41  312 13124.2000 10359.9716  21.1%   228 1822s
 22078 18179 10693.0544   47  378 13124.2000 10359.9716  21.1%   230 1841s
 22392 18459 11473.9300   68  160 13124.2000 10359.9716  21.1%   229 1984s
 22460 18459 11385.3550  104  141 13124.2000 10359.9716  21.1%   229 1985s
 22688 18597 12707.1710  163   29 13124.2000 10362.2787  21.0%   228 2002s
 22866 18718 11034.1989   46  184 13124.2000 10363.4057  21.0%   228 2020s
 23023 18882 10985.9212   45  308 13124.2000 10364.2560  21.0%   228 2038s
 23153 18882 11957.1394   99   57 13124.2000 10364.6796  21.0%   228 2040s
 23218 19162 11173.3249   50  276 13124.2000 10364.7264  21.0%   228 2059s
 23518 19162 11602.9945   87   67 13124.2000 10364.7450  21.0%   227 2061s
 23540 19607 11244.5611   78  222 13124.2000 10365.0725  21.0%   227 2084s
 23624 19607 11868.4635  110  157 13124.2000 10365.0725  21.0%   227 2085s
 24032 19771 10674.0706   37  433 13124.2000 10365.3592  21.0%   225 2105s
 24233 19939 10548.8963   33  321 13124.2000 10365.7799  21.0%   225 2124s
 24290 19939 11764.1933   90   60 13124.2000 10365.7799  21.0%   224 2125s
 24441 20064 10916.8255   48  364 13124.2000 10365.9589  21.0%   224 2140s
 24582 20174 11443.5228   60  208 13124.2000 10366.5052  21.0%   225 2157s
 24717 20210 10554.1898   41  357 13124.2000 10366.7341  21.0%   225 2171s
 24752 20246 10777.7576   52  294 13124.2000 10366.7341  21.0%   226 2186s
 24788 20449 10922.7705   60  215 13124.2000 10366.7341  21.0%   226 2207s
 24995 20684 12472.1686  125   49 13124.2000 10366.7574  21.0%   227 2228s
 25270 20690 12929.3000  140    - 13124.2000 10368.0025  21.0%   226 2231s
 25297 20713 infeasible  142      13124.2000 10368.9945  21.0%   226 2252s
H25304 20704                    13118.610000 10368.9945  21.0%   226 2253s
 25322 20862 10781.6621   49  310 13118.6100 10369.1318  21.0%   227 2268s
 25522 21042 10731.0560   45  371 13118.6100 10370.3489  20.9%   226 2287s
 25741 21134 11730.0942   88  215 13118.6100 10370.8947  20.9%   226 2303s
 25850 21321 11006.0118   46  283 13118.6100 10371.2321  20.9%   226 2342s
 26057 21495 12365.6716   82  132 13118.6100 10371.2534  20.9%   227 2359s
 26128 21495 infeasible  104      13118.6100 10371.2534  20.9%   226 2360s
 26283 21670 11117.4373   52  303 13118.6100 10371.5720  20.9%   227 2375s
 26489 21835 10846.9151   40  299 13118.6100 10373.0915  20.9%   226 2393s
 26708 22005 10937.4362   58  402 13118.6100 10373.8719  20.9%   226 2409s
 26743 22005 11670.3409   93  213 13118.6100 10373.8719  20.9%   226 2410s
 26925 22131 11607.5683   98  165 13118.6100 10377.3281  20.9%   226 2426s
 27073 22203 10852.1332   40  387 13118.6100 10377.4816  20.9%   226 2439s
 27144 22525 11087.8733   61  269 13118.6100 10377.5114  20.9%   227 2459s
 27178 22525 11435.2071   75  211 13118.6100 10377.5114  20.9%   227 2460s
 27525 22647 10652.9276   44  460 13118.6100 10378.0139  20.9%   227 2479s
 27578 22647 12542.3905   97  102 13118.6100 10378.0139  20.9%   227 2480s
 27649 22841 10721.8128   30  383 13118.6100 10378.4722  20.9%   227 2497s
 27871 22878     cutoff  109      13118.6100 10378.7745  20.9%   227 2513s
 27933 22975 10678.6497   38  286 13118.6100 10379.0301  20.9%   228 2529s
 28018 22975 11063.9451   69  257 13118.6100 10379.0301  20.9%   229 2530s
 28030 23208 11379.9861   63  118 13118.6100 10379.8209  20.9%   229 2550s
 28347 23249 10698.4427   28  420 13118.6100 10381.1358  20.9%   228 2571s
 28378 23463 10884.8501   35  280 13118.6100 10381.4753  20.9%   229 2590s
 28647 23549     cutoff  109      13118.6100 10383.9185  20.8%   229 2608s
 28730 23736 11621.2135   78  250 13118.6100 10383.9413  20.8%   229 2626s
 28959 23898 11556.3486   63  184 13118.6100 10385.7239  20.8%   229 2644s
 29059 23898 10857.7507   44  399 13118.6100 10385.9594  20.8%   229 2645s
 29196 24041 11201.6341   56  212 13118.6100 10386.0133  20.8%   229 2662s
 29386 24196 11142.4747   46  304 13118.6100 10386.4647  20.8%   229 2679s
 29487 24196 10821.6723   32  373 13118.6100 10386.5409  20.8%   229 2680s
 29579 24319 11299.6410   58  214 13118.6100 10386.5442  20.8%   229 2696s
 29746 24418 11004.1411   44  282 13118.6100 10389.0616  20.8%   229 2712s
 29874 24563 11085.7166   40  331 13118.6100 10389.1801  20.8%   229 2729s
 29908 24563 11519.7328   56  197 13118.6100 10389.1801  20.8%   229 2730s
 30040 24759 11664.8101   63  189 13118.6100 10389.5245  20.8%   229 2748s
 30282 24886 11230.2040   58  250 13118.6100 10389.8849  20.8%   229 2768s
 30425 25030 10662.9557   34  475 13118.6100 10390.0736  20.8%   229 2787s
 30589 25183 infeasible  125      13118.6100 10390.2395  20.8%   229 2805s
 30772 25269 10937.2806   49  396 13118.6100 10390.5724  20.8%   229 2822s
 30858 25391 12362.3852   99   65 13118.6100 10390.6725  20.8%   229 2838s
 31010 25560 12384.3178   87   92 13118.6100 10390.9009  20.8%   229 2855s
 31226 25782 11090.2437   51  322 13118.6100 10391.2627  20.8%   229 2873s
 31484 25925 10509.2299   38  421 13118.6100 10391.3425  20.8%   229 2892s
 31659 26054 10853.3065   43  357 13118.6100 10391.3425  20.8%   229 2920s
 31829 26337 11118.5247   63  217 13118.6100 10393.1002  20.8%   230 2940s
 32180 26449     cutoff  125      13118.6100 10395.2669  20.8%   229 2957s
 32293 26628 12189.7604   95  156 13118.6100 10395.5017  20.8%   229 2973s
 32508 26803 10971.0620   34  366 13118.6100 10395.9536  20.8%   229 2989s
 32553 26803 11580.6193   79  217 13118.6100 10395.9536  20.8%   229 2990s
 32711 26951 10777.4007   40  319 13118.6100 10396.1268  20.8%   229 3005s
 32893 27145 10801.0846   55  337 13118.6100 10397.2526  20.7%   229 3021s
 33128 27335 10733.8903   41  439 13118.6100 10397.8679  20.7%   228 3038s
 33362 27465 10859.6834   43  283 13118.6100 10398.0012  20.7%   228 3203s
 33502 27537 11753.8262  113  269 13118.6100 10398.0584  20.7%   228 3219s
 33610 27608 10790.1166   39  357 13118.6100 10398.1106  20.7%   228 3235s
 33681 27887 11120.1597   53  252 13118.6100 10398.1106  20.7%   229 3253s
 33841 27887 11493.9815   84  113 13118.6100 10398.1106  20.7%   229 3255s
 34016 28029 12710.6004  116   93 13118.6100 10398.7633  20.7%   229 3272s
 34198 28194 11798.6951   78  107 13118.6100 10399.4569  20.7%   229 3290s
 34400 28364 11533.3439   72  238 13118.6100 10400.3343  20.7%   229 3307s
 34608 28516 11667.4804   86  170 13118.6100 10401.0257  20.7%   229 3327s
 34790 28649 11203.2161   61  316 13118.6100 10402.0498  20.7%   229 3346s
 34949 28719 10546.6777   37  367 13118.6100 10402.4743  20.7%   229 3362s
 35019 29100 10822.9307   57  254 13118.6100 10403.6524  20.7%   230 3386s
 35466 29188 10682.5524   41  404 13118.6100 10404.7759  20.7%   229 3404s
 35515 29188 10684.8263   45  326 13118.6100 10404.7759  20.7%   229 3405s
H35542 29318                    13105.450000 10404.7759  20.6%   230 3427s
 35722 29424 13057.7713  100   75 13105.4500 10404.8291  20.6%   229 3446s
 35871 29613 11802.5442   78  164 13105.4500 10406.1066  20.6%   230 3465s
 36100 29716 10689.4919   35  428 13105.4500 10406.4546  20.6%   229 3483s
 36234 29915 11065.8858   46  270 13105.4500 10406.4546  20.6%   230 3502s
 36498 30057 11978.3550  110   44 13105.4500 10407.1985  20.6%   230 3520s
H36676 30054                    13077.450000 10407.2980  20.4%   230 3535s
 36748 30303 11070.6061   58  189 13077.4500 10407.3715  20.4%   231 3556s
 37037 30589     cutoff  139      13077.4500 10407.4324  20.4%   231 3578s
 37350 30683 10617.9613   34  443 13077.4500 10408.4110  20.4%   230 3595s
 37453 30706 10859.1926   37  319 13077.4500 10408.4110  20.4%   231 3600s

Cutting planes:
  User: 5318
  Gomory: 19
  Cover: 474
  Implied bound: 118
  Projected implied bound: 12
  Clique: 35
  MIR: 136
  StrongCG: 2
  Flow cover: 316
  GUB cover: 1
  Zero half: 24
  RLT: 326
  Relax-and-lift: 10
  Lazy constraints: 2586

Explored 37476 nodes (8655395 simplex iterations) in 3600.20 seconds
Thread count was 2 (of 32 available processors)

Solution count 8: 13077.4 13105.4 13118.6 ... 13515

Time limit reached
Best objective 1.307745000000e+04, best bound 1.040841098097e+04, gap 20.4095%

User-callback calls 522754, time in user-callback 257.35 sec
================================================================================
executing instance: ./input/Instances/Original/3/absH3high_5n20.dat
--------------------------------------------------------------------------------
Instance details
n	21
H	3
C	1734
Li:
[0, 0, 0, 0, 0, 0, 0, 0, 0, 0, 0, 0, 0, 0, 0, 0, 0, 0, 0, 0, 0, ]
Ui:
[0, 40, 237, 68, 194, 144, 207, 114, 118, 207, 120, 72, 128, 48, 102, 237, 261, 135, 84, 184, 142, ]
Distance matrix:
|0	408	254	408	305	286	284	573	384	380	400	384	552	461	243	577	274	285	345	92	431	|
|408	0	189	21	111	218	178	168	182	283	211	86	158	222	191	168	136	320	219	318	87	|
|254	189	0	198	81	230	31	354	276	174	157	136	307	348	158	348	110	313	275	180	183	|
|408	21	198	0	118	204	190	165	163	302	230	105	169	202	184	170	134	306	202	317	107	|
|305	111	81	118	0	188	80	278	209	221	172	86	247	276	129	276	61	285	220	218	130	|
|286	218	230	204	188	0	249	342	102	401	360	260	373	176	73	360	128	103	60	202	290	|
|284	178	31	190	80	249	0	339	286	151	127	114	284	355	180	330	124	337	290	211	160	|
|573	168	354	165	278	342	339	0	262	411	330	229	118	248	342	37	298	434	316	482	194	|
|384	182	276	163	209	102	286	262	0	429	372	252	319	79	149	287	167	174	55	297	268	|
|380	283	174	302	221	401	151	411	429	0	82	197	318	491	331	390	274	488	439	331	219	|
|400	211	157	230	172	360	127	330	372	82	0	125	237	427	297	308	232	455	390	335	139	|
|384	86	136	105	86	260	114	229	252	197	125	0	171	303	210	217	143	361	278	301	47	|
|552	158	307	169	247	373	284	118	319	318	237	171	0	331	349	84	289	474	366	465	124	|
|461	222	348	202	276	176	355	248	79	491	427	303	331	0	228	279	241	226	119	375	308	|
|243	191	158	184	129	73	180	342	149	331	297	210	349	228	0	352	68	159	127	152	248	|
|577	168	348	170	276	360	330	37	287	390	308	217	84	279	352	0	303	455	339	486	177	|
|274	136	110	134	61	128	124	298	167	274	232	143	289	241	68	303	0	224	166	183	182	|
|285	320	313	306	285	103	337	434	174	488	455	361	474	226	159	455	224	0	119	224	393	|
|345	219	275	202	220	60	290	316	55	439	390	278	366	119	127	339	166	119	0	262	301	|
|92	318	180	317	218	202	211	482	297	331	335	301	465	375	152	486	183	224	262	0	347	|
|431	87	183	107	130	290	160	194	268	219	139	47	124	308	248	177	182	393	301	347	0	|

--------------------------------------------------------------------------------
Building model...
	using lazy and cut (CVRPSEP package)
Solving IRP LP...
--------------------------------------------------------------------------------

Gurobi 9.1.0 (linux64) logging started Mon Feb  8 05:25:42 2021

Gurobi Optimizer version 9.1.0 build v9.1.0rc0 (linux64)
Thread count: 32 physical cores, 32 logical processors, using up to 2 threads
Optimize a model with 921 rows, 3849 columns and 10404 nonzeros
Model fingerprint: 0xb2bfaa5f
Variable types: 384 continuous, 3465 integer (315 binary)
Coefficient statistics:
  Matrix range     [1e+00, 3e+02]
  Objective range  [2e-01, 6e+02]
  Bounds range     [1e+00, 3e+02]
  RHS range        [1e+00, 3e+03]
Presolve removed 224 rows and 121 columns
Presolve time: 0.09s
Presolved: 697 rows, 3728 columns, 9250 nonzeros
Variable types: 242 continuous, 3486 integer (3176 binary)

Root relaxation: objective 8.177392e+03, 1118 iterations, 0.03 seconds

    Nodes    |    Current Node    |     Objective Bounds      |     Work
 Expl Unexpl |  Obj  Depth IntInf | Incumbent    BestBd   Gap | It/Node Time

     0     0 8177.39219    0   93          - 8177.39219      -     -    0s
     0     0 8485.04222    0  109          - 8485.04222      -     -    0s
     0     0 8509.64800    0  105          - 8509.64800      -     -    0s
     0     0 8529.93159    0  111          - 8529.93159      -     -    0s
     0     0 8834.66997    0  160          - 8834.66997      -     -    0s
     0     0 8892.28944    0  165          - 8892.28944      -     -    0s
     0     0 8893.22513    0  161          - 8893.22513      -     -    0s
     0     0 8893.24179    0  167          - 8893.24179      -     -    0s
     0     0 9084.84386    0  201          - 9084.84386      -     -    0s
     0     0 9091.56159    0  204          - 9091.56159      -     -    0s
     0     0 9093.25842    0  160          - 9093.25842      -     -    0s
     0     0 9101.64750    0  216          - 9101.64750      -     -    0s
     0     0 9102.01470    0  213          - 9102.01470      -     -    0s
     0     0 9260.66189    0  205          - 9260.66189      -     -    0s
     0     0 9273.32684    0  209          - 9273.32684      -     -    0s
     0     0 9275.13866    0  211          - 9275.13866      -     -    0s
     0     0 9275.13991    0  195          - 9275.13991      -     -    0s
     0     0 9302.83192    0  200          - 9302.83192      -     -    0s
     0     0 9304.71201    0  228          - 9304.71201      -     -    1s
     0     0 9305.72528    0  227          - 9305.72528      -     -    1s
     0     0 9347.54776    0  261          - 9347.54776      -     -    1s
     0     0 9354.74618    0  215          - 9354.74618      -     -    1s
     0     0 9355.04258    0  221          - 9355.04258      -     -    1s
     0     0 9398.27962    0  273          - 9398.27962      -     -    1s
     0     0 9398.93245    0  268          - 9398.93245      -     -    1s
     0     0 9402.19043    0  208          - 9402.19043      -     -    1s
     0     0 9402.21292    0  220          - 9402.21292      -     -    1s
     0     0 9405.97053    0  269          - 9405.97053      -     -    1s
     0     0 9422.75777    0  268          - 9422.75777      -     -    1s
     0     2 9422.75777    0  236          - 9422.75777      -     -    2s
   171   181 10862.9608   65   72          - 9465.84692      -   181    5s
   564   571 11778.7872   74   76          - 9522.24566      -   152   10s
*  668   631             101    13428.300000 9522.24566  29.1%   135   10s
H  710   578                    12962.300000 9522.24977  26.5%   129   12s
H  726   558                    12959.300000 9522.24977  26.5%   131   14s
   727   558 9652.73645    7   98 12959.3000 9522.24977  26.5%   131   15s
   752   575 12922.1404   90  308 12959.3000 9563.74969  26.2%   127   20s
   772   592 9802.58975   15  169 12959.3000 9623.81502  25.7%   143   25s
   909   690 10479.4882   40  116 12959.3000 9623.81502  25.7%   143   30s
  1089   761 10177.1970   41  126 12959.3000 9624.73778  25.7%   141   35s
  1342   926 10519.2819   40  104 12959.3000 9641.11459  25.6%   138   40s
  1593  1038 9959.50106   17  216 12959.3000 9707.08321  25.1%   136   45s
