




arguments: ./build/bc_mirp -f ./input/orig_exec_284.cfg
Current dir: /scratch/gui/bc_mirp
File verbosity level: 9
date       time         ( uptime  ) [ thread name/id ]                   file:line     v| 
2021-02-17 23:19:43.529 (   0.170s) [main thread     ]             loguru.cpp:789   INFO| Logging to './output/vi_vc+qua/OU/V5/Original/execution_17_02_2021_23_19_43.log', mode: 'a', verbosity: 9
--------------------------------------------------------------------------------
Parameters
                           instance_path           ./input/Instances/Original/6/
                            model_policy                                       1
                             nb_vehicles                                       5
                              output_dir      ./output/vi_vc+qua/OU/V5/Original/
                            sec_strategy                                       1
                       solver_nb_threads                                       2
                         solver_show_log                                    true
                       solver_time_limit                                    3600
                              use_vi_cos                                   false
                              use_vi_cus                                   false
                         use_vi_hc1_full                                   false
                         use_vi_hc1_half                                   false
                      use_vi_hc1_quarter                                   false
                              use_vi_hc2                                   false
                              use_vi_hc3                                   false
                         use_vi_lex_full                                   false
                         use_vi_lex_half                                   false
                      use_vi_lex_quarter                                   false
                              use_vi_qua                                    true
                               use_vi_vc                                    true
                               use_vi_vr                                   false
--------------------------------------------------------------------------------
executing instance: ./input/Instances/Original/6/absH6high_1n25.dat
--------------------------------------------------------------------------------
Instance details
n	26
H	6
C	1711
Li:
[0, 0, 0, 0, 0, 0, 0, 0, 0, 0, 0, 0, 0, 0, 0, 0, 0, 0, 0, 0, 0, 0, 0, 0, 0, 0, ]
Ui:
[0, 168, 176, 34, 66, 36, 177, 106, 118, 182, 64, 141, 189, 63, 46, 111, 182, 231, 36, 66, 68, 54, 132, 90, 246, 75, ]
Distance matrix:
|0	191	200	231	334	329	146	196	208	245	218	164	283	394	151	358	156	196	309	253	201	260	127	138	130	104	|
|191	0	226	229	278	146	328	216	390	417	327	293	195	334	106	296	171	122	472	151	12	411	280	53	190	130	|
|200	226	0	38	149	359	321	10	276	274	418	364	139	204	121	173	321	115	303	141	225	236	155	202	311	256	|
|231	229	38	0	110	352	358	37	314	310	448	395	108	167	129	135	342	109	336	120	226	268	194	213	335	277	|
|334	278	149	110	0	367	467	147	422	413	546	495	86	61	203	25	423	163	429	129	271	363	303	282	424	361	|
|329	146	359	352	367	0	453	349	533	562	411	393	282	411	245	378	250	244	617	245	141	556	426	195	284	243	|
|146	328	321	358	467	453	0	321	162	215	160	112	425	524	297	491	223	341	284	397	339	266	186	276	184	210	|
|196	216	10	37	147	349	321	0	281	281	414	360	132	203	112	171	315	105	311	132	216	244	159	193	305	249	|
|208	390	276	314	422	533	162	281	0	54	321	271	410	471	316	445	348	348	123	398	398	115	125	338	313	309	|
|245	417	274	310	413	562	215	281	54	0	375	323	413	457	334	435	393	361	70	406	424	69	139	367	359	349	|
|218	327	418	448	546	411	160	414	321	375	0	57	484	606	347	569	163	393	444	446	339	421	318	288	137	199	|
|164	293	364	395	495	393	112	360	271	323	57	0	437	556	300	519	144	346	393	401	305	367	261	249	109	163	|
|283	195	139	108	86	282	425	132	410	413	484	437	0	139	137	101	349	91	443	44	187	375	286	206	355	291	|
|394	334	204	167	61	411	524	203	471	457	606	556	139	0	264	38	483	222	467	183	326	403	356	341	484	421	|
|151	106	121	129	203	245	297	112	316	334	347	300	137	264	0	225	220	46	381	102	106	316	195	84	221	158	|
|358	296	173	135	25	378	491	171	445	435	569	519	101	38	225	0	444	184	450	145	288	384	328	303	446	383	|
|156	171	321	342	423	250	223	315	348	393	163	144	349	483	220	444	0	261	460	308	183	415	284	143	39	65	|
|196	122	115	109	163	244	341	105	348	361	393	346	91	222	46	184	261	0	402	56	118	336	224	119	264	200	|
|309	472	303	336	429	617	284	311	123	70	444	393	443	467	381	450	460	402	0	442	477	68	192	424	426	413	|
|253	151	141	120	129	245	397	132	398	406	446	401	44	183	102	145	308	56	442	0	143	375	273	164	315	251	|
|201	12	225	226	271	141	339	216	398	424	339	305	187	326	106	288	183	118	477	143	0	416	286	63	202	142	|
|260	411	236	268	363	556	266	244	115	69	421	367	375	403	316	384	415	336	68	375	416	0	135	365	384	363	|
|127	280	155	194	303	426	186	159	125	139	318	261	286	356	195	328	284	224	192	273	286	135	0	232	256	229	|
|138	53	202	213	282	195	276	193	338	367	288	249	206	341	84	303	143	119	424	164	63	365	232	0	153	89	|
|130	190	311	335	424	284	184	305	313	359	137	109	355	484	221	446	39	264	426	315	202	384	256	153	0	64	|
|104	130	256	277	361	243	210	249	309	349	199	163	291	421	158	383	65	200	413	251	142	363	229	89	64	0	|

--------------------------------------------------------------------------------
Building model...
	using lazy and cut (CVRPSEP package)
Solving IRP LP...
--------------------------------------------------------------------------------

Gurobi 9.1.0 (linux64) logging started Wed Feb 17 23:19:43 2021

Gurobi Optimizer version 9.1.0 build v9.1.0rc0 (linux64)
Thread count: 32 physical cores, 32 logical processors, using up to 2 threads
Optimize a model with 2246 rows, 11462 columns and 29702 nonzeros
Model fingerprint: 0x2ece28b9
Variable types: 932 continuous, 10530 integer (780 binary)
Coefficient statistics:
  Matrix range     [1e+00, 3e+02]
  Objective range  [1e-01, 6e+02]
  Bounds range     [1e+00, 2e+02]
  RHS range        [1e+00, 3e+03]
Presolve removed 357 rows and 151 columns
Presolve time: 0.17s
Presolved: 1889 rows, 11311 columns, 27580 nonzeros
Variable types: 755 continuous, 10556 integer (9791 binary)

Root relaxation: objective 1.503734e+04, 3402 iterations, 0.14 seconds

    Nodes    |    Current Node    |     Objective Bounds      |     Work
 Expl Unexpl |  Obj  Depth IntInf | Incumbent    BestBd   Gap | It/Node Time

     0     0 15037.3409    0  252          - 15037.3409      -     -    0s
     0     0 15265.8714    0  253          - 15265.8714      -     -    1s
     0     0 15279.4640    0  269          - 15279.4640      -     -    1s
     0     0 15280.1712    0  247          - 15280.1712      -     -    1s
     0     0 15280.1923    0  252          - 15280.1923      -     -    1s
     0     0 15521.3204    0  300          - 15521.3204      -     -    2s
     0     0 15558.4841    0  283          - 15558.4841      -     -    2s
     0     0 15602.8447    0  319          - 15602.8447      -     -    2s
     0     0 15612.0830    0  295          - 15612.0830      -     -    2s
     0     0 15612.2167    0  288          - 15612.2167      -     -    2s
     0     0 16169.0212    0  493          - 16169.0212      -     -    3s
     0     0 16214.3197    0  455          - 16214.3197      -     -    3s
     0     0 16227.4891    0  437          - 16227.4891      -     -    3s
     0     0 16229.0478    0  431          - 16229.0478      -     -    3s
     0     0 16229.1677    0  446          - 16229.1677      -     -    3s
     0     0 16441.0388    0  440          - 16441.0388      -     -    5s
     0     0 16452.0500    0  429          - 16452.0500      -     -    5s
     0     0 16457.4659    0  435          - 16457.4659      -     -    5s
     0     0 16459.0759    0  454          - 16459.0759      -     -    5s
     0     0 16459.3077    0  435          - 16459.3077      -     -    5s
     0     0 16587.9522    0  503          - 16587.9522      -     -    7s
     0     0 16619.7803    0  513          - 16619.7803      -     -    7s
     0     0 16656.0376    0  497          - 16656.0376      -     -    8s
     0     0 16703.2273    0  523          - 16703.2273      -     -    8s
     0     0 16706.0268    0  535          - 16706.0268      -     -    9s
     0     0 16707.5246    0  515          - 16707.5246      -     -    9s
     0     0 16785.4737    0  561          - 16785.4737      -     -   10s
     0     0 16798.8200    0  571          - 16798.8200      -     -   11s
     0     0 16804.7116    0  534          - 16804.7116      -     -   11s
     0     0 16805.9894    0  548          - 16805.9894      -     -   11s
     0     0 16824.9736    0  571          - 16824.9736      -     -   12s
     0     0 16828.9049    0  612          - 16828.9049      -     -   12s
     0     0 16833.7624    0  549          - 16833.7624      -     -   13s
     0     0 16834.0287    0  520          - 16834.0287      -     -   13s
     0     0 16843.7014    0  572          - 16843.7014      -     -   14s
     0     0 16847.7670    0  447          - 16847.7670      -     -   15s
     0     2 16848.4329    0  441          - 16848.4329      -     -   18s
     3     6 16851.7272    2  611          - 16849.0977      -  1231   20s
     9    12 16967.5461    3  633          - 16932.5082      -  1870   25s
    18    21 16989.5970    6  582          - 16955.2243      -  1728   30s
    22    27 16989.8417    7  601          - 16955.2243      -  1691   35s
    35    41 17004.6237   12  582          - 16955.2243      -  1323   41s
    44    48 17051.2276   14  608          - 16955.2243      -  1312   45s
    52    55 17249.1578   15  527          - 16955.2243      -  1244   50s
    56    59 17203.0384   17  599          - 16955.2243      -  1332   55s
    61    70 17579.1227   18  533          - 16955.2243      -  1433   60s
    71    78 17305.9973   19  554          - 16955.2243      -  1323   65s
    81    85 17503.6531   23  562          - 16955.2243      -  1328   71s
    88    95 17520.7264   24  529          - 16955.2243      -  1317   76s
    99   104 17578.7986   26  523          - 16955.2243      -  1297   81s
   115   122 17617.2774   31  495          - 16955.2243      -  1201   87s
   121   128 17630.5498   34  501          - 16955.2243      -  1188   91s
   138   148 17737.0214   39  503          - 16955.2243      -  1145   95s
   162   177 17727.2889   44  494          - 16955.2243      -  1087  100s
   187   193 17775.0813   51  470          - 16955.2243      -  1014  105s
   211   234 17892.0737   59  427          - 16955.2243      -   954  111s
   255   286 18147.2708   71  376          - 16955.2243      -   851  116s
   310   352 18558.0148   91  339          - 16955.2243      -   751  121s
   382   401 18877.9615  100  292          - 16955.2243      -   643  125s
   464   512 20137.4862  151  194          - 16955.2243      -   557  130s
   593   654 22831.3922  214  143          - 16955.2243      -   463  136s
   671   674 17332.6901    4  645          - 16955.2243      -   429  145s
   768   835 17420.6552   12  503          - 16955.2243      -   403  152s
   852   901 17468.9092   18  576          - 16955.2243      -   377  200s
   928   907 17580.0654   19  513          - 16955.2243      -   360  206s
   937   909 17154.8497   10  261          - 16955.2243      -   364  210s
   942   913 23693.7700  241  613          - 16955.2243      -   362  215s
   947   916 21637.6980  179  708          - 17176.7623      -   360  220s
   958   923 18961.0873  103  728          - 17237.4592      -   356  228s
   962   926 17268.6930    7  703          - 17268.6930      -   354  230s
   968   930 17932.6022   43  792          - 17287.0984      -   352  235s
   974   934 22622.6003  259  815          - 17297.5290      -   350  240s
   977   936 21527.9942  176  734          - 17298.3703      -   349  250s
   979   937 19402.4324  141  718          - 17299.4980      -   348  256s
   980   941 17354.3042   13  676          - 17299.4980      -   405  271s
   982   942 17356.2869   14  647          - 17355.7571      -   407  282s
   984   944 17378.4845   14  614          - 17356.4447      -   408  297s
   986   945 17362.1774   15  635          - 17358.5307      -   411  306s
   988   946 17453.9661   15  538          - 17362.1960      -   415  314s
   990   948 17372.5832   16  682          - 17362.1960      -   421  321s
   992   949 17369.1573   16  658          - 17369.1573      -   425  327s
   994   952 17375.8435   17  627          - 17369.1573      -   428  333s
   998   955 17376.6183   18  608          - 17369.1573      -   430  337s
  1002   958 17385.4784   19  587          - 17369.1573      -   433  342s
  1006   960 17390.8303   20  572          - 17369.1573      -   437  348s
  1010   964 17391.0787   21  587          - 17369.1573      -   442  351s
  1015   966 17392.9285   22  588          - 17369.1573      -   445  356s
  1024   973 17401.0529   25  610          - 17369.1573      -   453  363s
  1029   975 17428.0650   26  632          - 17369.1573      -   456  369s
  1032   980 17465.9616   27  614          - 17369.1573      -   463  375s
  1038   982 17537.9049   28  595          - 17369.1573      -   470  382s
  1042   985 17590.3032   29  546          - 17369.1573      -   478  387s
  1047   988 17557.7959   30  565          - 17369.1573      -   481  392s
  1051   991 17558.3735   31  573          - 17369.1573      -   485  396s
  1056   994 17703.2811   32  574          - 17369.1573      -   492  400s
  1067  1006 17595.5644   36  587          - 17369.1573      -   502  406s
  1083  1019 17600.1389   40  545          - 17369.1573      -   513  413s
  1094  1025 17600.2133   42  537          - 17369.1573      -   517  417s
  1104  1031 17611.5265   45  650          - 17369.1573      -   518  423s
  1113  1041 17663.4988   47  485          - 17369.1573      -   522  430s
  1126  1045 17750.8699   50  501          - 17369.1573      -   526  438s
  1135  1055 17766.7463   51  510          - 17369.1573      -   529  444s
  1148  1063 17784.8414   55  516          - 17369.1573      -   529  448s
  1160  1070 17789.4318   58  543          - 17369.1573      -   534  453s
  1171  1077 17822.2407   60  535          - 17369.1573      -   539  458s
  1182  1085 17870.3363   63  549          - 17369.1573      -   544  463s
  1193  1095 17955.7076   65  509          - 17369.1573      -   550  467s
  1207  1108 17875.8653   69  532          - 17369.1573      -   551  471s
  1225  1125 18004.7651   73  550          - 17369.1573      -   553  476s
  1248  1144 18054.2185   80  505          - 17369.1573      -   552  481s
  1274  1163 18105.4361   87  446          - 17369.1573      -   552  486s
  1302  1177 18152.3791   93  487          - 17369.1573      -   552  491s
  1325  1192 18188.5549  101  512          - 17369.1573      -   553  497s
  1348  1208 18329.3538  108  442          - 17369.1573      -   556  503s
  1372  1233 18221.0772  115  469          - 17369.1573      -   558  508s
  1405  1237 18275.8647  124  466          - 17369.1573      -   557  515s
  1420  1266 18289.3593  128  430          - 17369.1573      -   558  521s
  1454  1286 18513.6820  138  467          - 17369.1573      -   559  527s
  1485  1320 18807.0464  146  441          - 17369.1573      -   560  533s
  1529  1340 18708.7942  160  343          - 17369.1573      -   557  540s
  1564  1376 18800.1484  171  321          - 17369.1573      -   556  547s
  1612  1408 19095.1299  182  367          - 17369.1573      -   553  554s
  1660  1457 19417.5520  193  303          - 17369.1573      -   549  562s
  1725  1507 19491.3654  210  300          - 17369.1573      -   541  570s
  1796  1556 19620.8769  225  312          - 17369.1573      -   532  579s
  1869  1627 19792.1804  244  298          - 17369.1573      -   524  588s
  1964  1687 19973.5194  266  244          - 17369.1573      -   513  597s
  2056  1755 20136.3031  289  256          - 17369.1573      -   501  606s
  2155  1855 20519.1449  315  179          - 17369.1573      -   492  615s
  2288  1977 20450.9309  354  210          - 17369.1573      -   478  625s
  2454  2087 20710.6432  408  189          - 17369.1573      -   458  634s
  2555  2053 21521.4531  458  162          - 17369.1573      -   446  635s
  2619  2222 21176.6616  467  201          - 17369.1573      -   441  644s
  2733  2184 22928.1757  523  117          - 17369.1573      -   428  645s
  2841  2273 23372.3441  549  133          - 17369.2909      -   418  657s
  3003  2291 17623.9319   18  666          - 17369.2909      -   407  668s
  3075  2366 17728.6576   20  680          - 17369.2909      -   409  679s
  3176  2329 17631.3532   22  597          - 17369.2909      -   404  690s
  3197  2329 17747.3081   26  609          - 17369.2909      -   413  698s
  3204  2334 17781.4513   27  655          - 17369.2909      -   420  711s
  3211  2357 17677.9256   29  581          - 17369.2909      -   427  723s
  3237  2373 17771.1824   37  473          - 17369.2909      -   435  733s
  3261  2396 17983.6058   44  444          - 17369.2909      -   441  743s
  3292  2421 18304.6634   51  454          - 17369.2909      -   448  753s
  3328  2450 18240.1564   60  345          - 17369.2909      -   454  763s
  3369  2499 18279.5052   68  363          - 17369.2909      -   458  774s
  3431  2618 18463.4826   79  366          - 17369.2909      -   461  787s
  3577  2632 18485.0678   91  343          - 17369.2909      -   453  805s
  3668  2636 18614.8153  110  354          - 17369.2909      -   456  818s
  3702  2655 19001.2343  124  375          - 17369.2909      -   462  831s
  3732  2706 19116.8260  134  350          - 17369.2909      -   465  845s
  3793  2748 19624.8871  152  336          - 17369.2909      -   468  858s
  3855  2827 19882.1638  174  304          - 17369.2909      -   470  871s
  3934  2908 20484.6976  202  272          - 17369.2909      -   471  886s
  4015  3128 20800.0168  225  187          - 17369.2909      -   469  905s
  4239  3387 22047.7839  313  153          - 17378.6461      -   456  932s
  4522  3498 17645.9656   18  669          - 17378.6461      -   443 1007s
  4529  3498 19262.8925  152  168          - 17378.6461      -   447 1011s
  4683  3516 17661.9146   21  715          - 17378.6461      -   441 1029s
  4701  3549 17805.8551   28  630          - 17378.6461      -   449 1087s
  4734  3594 17958.2101   37  490          - 17378.6461      -   456 1106s
  4779  3638 18131.7305   54  425          - 17378.6461      -   461 1123s
  4825  3709 18393.3114   64  396          - 17378.6461      -   468 1145s
  4898  3767 18723.1611   86  436          - 17378.6461      -   473 1165s
  4958  3818 19495.7817  102  342          - 17384.9178      -   478 1184s
  4987  3818 19333.4991  125  383          - 17384.9178      -   476 1185s
  5027  3850 17737.8496   16  776          - 17384.9178      -   484 1203s
  5059  3904 17915.1137   24  558          - 17384.9178      -   493 1222s
  5113  3957 18070.0399   46  401          - 17384.9178      -   498 1242s
  5166  4100 18321.4750   56  359          - 17384.9178      -   503 1274s
  5218  4100 18534.0431   87  299          - 17384.9178      -   502 1275s
  5309  4385 18795.2262   89  243          - 17384.9178      -   500 1298s
  5508  4385 18931.3584  147  251          - 17384.9178      -   491 1301s
  5598  4602 19663.3734  155  279          - 17384.9178      -   484 1332s
  5871  4651 17659.2304   21  740          - 17393.2923      -   476 1379s
  5902  4651 17659.2304   21  726          - 17393.2923      -   479 1380s
  5920  4716 17985.7013   40  493          - 17393.2923      -   483 1418s
  5985  4902 18208.2499   52  454          - 17393.2923      -   487 1466s
  6171  5247 infeasible  161               - 17393.3473      -   481 1499s
  6199  5247 19203.2621  168  146          - 17393.3473      -   480 1500s
  6607  5341 17768.8635   24  738          - 17393.3473      -   461 1525s
  6701  5527 18059.2031   44  454          - 17393.3473      -   463 1555s
  6887  5687 18711.8698   68  304          - 17393.3473      -   459 1601s
  7067  5754 19353.7045  143  240          - 17396.0749      -   455 1630s
  7148  5770 17742.4022   25  690          - 17396.0749      -   458 1655s
  7164  5813 17812.4087   31  595          - 17396.0749      -   465 1683s
  7207  5861 18187.6823   50  467          - 17396.0749      -   470 1707s
  7255  5969 18593.4401   64  499          - 17396.0749      -   474 1742s
  7363  6153 19207.4022  118  309          - 17396.0749      -   479 1778s
  7562  6292 infeasible  219               - 17402.9788      -   480 1811s
  7733  6429 17773.3421   16  724          - 17402.9788      -   481 1846s
  7870  6732 17854.6406   29  684          - 17402.9788      -   483 1906s
  8213  6815 17986.8469   35  747          - 17402.9788      -   473 1961s
  8296  6972 18376.8128   72  448          - 17402.9788      -   478 1999s
  8356  6972 18732.2027   96  308          - 17402.9788      -   478 2000s
  8453  7269 19093.9232  120  347          - 17402.9788      -   479 2037s
  8531  7269 19255.7652  186  333          - 17402.9788      -   477 2040s
  8786  7344 infeasible  332               - 17408.7109      -   471 2138s
  8875  7408 18098.6031   29  559          - 17408.7109      -   475 2175s
  8973  7461 18068.2527   32  631          - 17408.7109      -   479 2217s
  9026  7518 18524.8737   51  376          - 17408.7109      -   485 2257s
  9083  7709 18778.4126   68  447          - 17408.7109      -   489 2295s
  9280  7768 20321.6865  178  256          - 17417.2207      -   489 2334s
  9335  7768 infeasible  199               - 17417.2207      -   488 2335s
  9395  7932 17748.9489   18  833          - 17417.2207      -   492 2410s
  9559  8210 17949.8560   40  821          - 17417.2207      -   492 2462s
  9702  8210 19830.9854  214  232          - 17417.2207      -   491 2465s
  9869  8275 18188.6067   53  701          - 17417.2207      -   487 2509s
  9934  8456 18494.0069   68  517          - 17417.2207      -   492 2547s
 10121  9315 19154.1780  119  450          - 17417.2207      -   491 2604s
 10414  9315 20362.9311  346  335          - 17417.2207      -   480 2607s
 10736  9315 21462.6132  286  136          - 17417.2207      -   469 2610s
 11023  9579 19944.4811  379  287          - 17418.5720      -   460 2651s
 11336  9669 17732.7867   27  661          - 17418.5720      -   455 2689s
 11426  9973 18007.5600   37  581          - 17418.5720      -   458 2728s
 11591  9973 19013.8036  128  245          - 17418.5720      -   458 2730s
 11732 10494 18457.6773   65  353          - 17421.2296      -   454 2778s
 12356 10543 17802.5980   25  741          - 17421.2414      -   440 2819s
 12405 10627 17903.2182   35  564          - 17421.2414      -   445 2853s
 12489 10868 18268.2061   46  586          - 17421.2414      -   448 2891s
 12738 10992 19007.7706   71  302          - 17421.2414      -   446 2932s
 12884 11141 19738.5236  139  282          - 17428.1960      -   448 2975s
 13064 11201 17921.3051   27  752          - 17428.1960      -   449 3011s
 13124 11451 18183.6631   49  463          - 17428.1960      -   453 3045s
 13376 11641 19230.8976  142  233          - 17430.0791      -   450 3089s
 13464 11641 20118.7758  198  199          - 17430.0791      -   448 3091s
 13653 11676 17844.7108   33  590          - 17430.1115      -   448 3148s
 13688 11724 18260.4732   40  562          - 17430.1115      -   452 3181s
 13736 11786 18258.3018   54  426          - 17430.1115      -   455 3293s
 13798 11943 18572.2324   76  321          - 17430.1115      -   457 3335s
 13955 12480 19564.4484  148  260          - 17442.1083      -   457 3419s
 14186 12480 20256.7252  323  208          - 17442.1083      -   451 3421s
 14574 12573 17750.2139   23  630          - 17442.1083      -   446 3476s
 14693 12624 17935.1242   32  498          - 17442.1083      -   449 3541s
 14744 12751 18355.7508   53  414          - 17442.1083      -   451 3577s
 14871 12934 19277.0307   90  297          - 17442.1083      -   453 3600s

Cutting planes:
  User: 6341
  Gomory: 50
  Cover: 858
  Implied bound: 405
  Projected implied bound: 42
  Clique: 67
  MIR: 580
  StrongCG: 4
  Flow cover: 968
  GUB cover: 1
  Zero half: 41
  Network: 7
  RLT: 703
  Relax-and-lift: 48
  Lazy constraints: 41

Explored 15064 nodes (6808599 simplex iterations) in 3602.46 seconds
Thread count was 2 (of 32 available processors)

Solution count 0

Time limit reached
Best objective -, best bound 1.744210826920e+04, gap -

User-callback calls 545612, time in user-callback 234.14 sec
writeSolution() exp: Unable to retrieve attribute 'X'
================================================================================
executing instance: ./input/Instances/Original/6/absH6high_1n20.dat
--------------------------------------------------------------------------------
Instance details
n	21
H	6
C	1651
Li:
[0, 0, 0, 0, 0, 0, 0, 0, 0, 0, 0, 0, 0, 0, 0, 0, 0, 0, 0, 0, 0, ]
Ui:
[0, 36, 182, 182, 90, 261, 117, 30, 110, 42, 276, 153, 40, 94, 144, 46, 129, 213, 264, 160, 174, ]
Distance matrix:
|0	371	401	343	361	341	370	115	392	400	79	266	292	245	355	431	265	194	95	92	348	|
|371	0	37	141	110	250	117	438	67	131	372	305	115	238	247	255	235	296	392	430	185	|
|401	37	0	175	100	284	146	472	90	156	406	342	152	275	280	282	242	333	415	455	178	|
|343	141	175	0	239	110	38	374	95	60	314	182	67	130	106	127	318	201	397	423	303	|
|361	110	100	239	0	341	222	451	177	240	385	374	190	304	341	361	151	345	354	398	78	|
|341	250	284	110	341	0	143	337	203	151	289	102	152	97	15	95	394	156	415	431	398	|
|370	117	146	38	222	143	0	407	61	30	346	220	81	167	137	139	317	237	417	447	292	|
|115	438	472	374	451	337	407	0	443	434	66	241	339	251	351	431	374	181	201	177	450	|
|392	67	90	95	177	203	61	443	0	66	379	275	104	216	197	193	294	283	427	461	252	|
|400	131	156	60	240	151	30	434	66	0	374	237	112	189	142	127	344	261	448	477	312	|
|79	372	406	314	385	289	346	66	379	374	0	202	275	197	304	383	316	134	175	166	388	|
|266	305	342	182	374	102	220	241	275	237	202	0	191	70	117	196	386	73	352	359	415	|
|292	115	152	67	190	152	81	339	104	112	275	191	0	123	154	193	252	183	336	366	246	|
|245	238	275	130	304	97	167	251	216	189	197	70	123	0	110	187	322	72	319	334	346	|
|355	247	280	106	341	15	137	351	197	142	304	117	154	110	0	80	399	171	427	444	400	|
|431	255	282	127	361	95	139	431	193	127	383	196	193	187	80	0	444	251	499	519	429	|
|265	235	242	318	151	394	317	374	294	344	316	386	252	322	399	444	0	332	226	273	97	|
|194	296	333	201	345	156	237	181	283	261	134	73	183	72	171	251	332	0	279	286	375	|
|95	392	415	397	354	415	417	201	427	448	175	352	336	319	427	499	226	279	0	47	321	|
|92	430	455	423	398	431	447	177	461	477	166	359	366	334	444	519	273	286	47	0	368	|
|348	185	178	303	78	398	292	450	252	312	388	415	246	346	400	429	97	375	321	368	0	|

--------------------------------------------------------------------------------
Building model...
	using lazy and cut (CVRPSEP package)
Solving IRP LP...
--------------------------------------------------------------------------------

Gurobi 9.1.0 (linux64) logging started Thu Feb 18 00:19:46 2021

Gurobi Optimizer version 9.1.0 build v9.1.0rc0 (linux64)
Thread count: 32 physical cores, 32 logical processors, using up to 2 threads
Optimize a model with 1821 rows, 7677 columns and 20787 nonzeros
Model fingerprint: 0x13ca70aa
Variable types: 747 continuous, 6930 integer (630 binary)
Coefficient statistics:
  Matrix range     [1e+00, 3e+02]
  Objective range  [1e-01, 5e+02]
  Bounds range     [1e+00, 3e+02]
  RHS range        [1e+00, 3e+03]
Presolve removed 287 rows and 121 columns
Presolve time: 0.11s
Presolved: 1534 rows, 7556 columns, 19090 nonzeros
Variable types: 605 continuous, 6951 integer (6341 binary)

Root relaxation: objective 1.421493e+04, 2719 iterations, 0.10 seconds

    Nodes    |    Current Node    |     Objective Bounds      |     Work
 Expl Unexpl |  Obj  Depth IntInf | Incumbent    BestBd   Gap | It/Node Time

     0     0 14214.9310    0  225          - 14214.9310      -     -    0s
     0     0 14422.5676    0  286          - 14422.5676      -     -    0s
     0     0 14457.7364    0  257          - 14457.7364      -     -    0s
     0     0 14469.1404    0  254          - 14469.1404      -     -    0s
     0     0 14469.9577    0  252          - 14469.9577      -     -    0s
     0     0 14469.9635    0  253          - 14469.9635      -     -    0s
     0     0 14665.2871    0  297          - 14665.2871      -     -    1s
     0     0 14723.4221    0  298          - 14723.4221      -     -    1s
     0     0 14734.0654    0  308          - 14734.0654      -     -    1s
     0     0 14758.4878    0  322          - 14758.4878      -     -    1s
     0     0 14765.7203    0  315          - 14765.7203      -     -    1s
     0     0 14771.0793    0  302          - 14771.0793      -     -    1s
     0     0 14772.6903    0  305          - 14772.6903      -     -    2s
     0     0 14775.6150    0  316          - 14775.6150      -     -    2s
     0     0 14777.9472    0  325          - 14777.9472      -     -    2s
     0     0 14777.9472    0  333          - 14777.9472      -     -    2s
     0     0 14984.4227    0  404          - 14984.4227      -     -    2s
     0     0 15017.1240    0  401          - 15017.1240      -     -    2s
     0     0 15040.1733    0  408          - 15040.1733      -     -    3s
     0     0 15041.0728    0  440          - 15041.0728      -     -    3s
     0     0 15041.1718    0  458          - 15041.1718      -     -    3s
     0     0 15140.2738    0  457          - 15140.2738      -     -    3s
     0     0 15148.3198    0  473          - 15148.3198      -     -    4s
     0     0 15165.1760    0  425          - 15165.1760      -     -    4s
     0     0 15165.4392    0  421          - 15165.4392      -     -    4s
     0     0 15217.7736    0  468          - 15217.7736      -     -    4s
     0     0 15244.0640    0  434          - 15244.0640      -     -    5s
     0     0 15251.4971    0  511          - 15251.4971      -     -    5s
     0     0 15255.2742    0  514          - 15255.2742      -     -    5s
     0     0 15255.6273    0  519          - 15255.6273      -     -    5s
     0     0 15281.5903    0  497          - 15281.5903      -     -    6s
     0     0 15285.2762    0  514          - 15285.2762      -     -    6s
     0     0 15286.4172    0  512          - 15286.4172      -     -    6s
     0     0 15293.0969    0  509          - 15293.0969      -     -    6s
     0     0 15293.0969    0  423          - 15293.0969      -     -    7s
     0     2 15294.8949    0  422          - 15294.8949      -     -    9s
     3     6 15299.8643    2  551          - 15295.9818      -   838   10s
    19    22 15345.3902    6  512          - 15311.2341      -  1336   15s
    45    49 15542.4459   11  477          - 15311.2341      -  1139   20s
    77    82 15708.6352   18  384          - 15311.2341      -   986   25s
   119   134 15843.7351   30  311          - 15311.2341      -   833   30s
   193   205 16232.8528   51  345          - 15311.2341      -   637   35s
   283   296 16846.8207   79  301          - 15311.2341      -   515   40s
   395   444 18076.3679  122  213          - 15311.2341      -   425   45s
   511   523 21146.1023  171  184          - 15311.2341      -   356   51s
   572   605 15618.1431    7  636          - 15311.2341      -   341   57s
   690   687 15659.1674   10  491          - 15311.2341      -   300   60s
   730   696 20659.6776  183  275          - 15311.2341      -   298   65s
   743   705 20951.4228  189  684          - 15448.0550      -   292   70s
   756   713 19752.7239  155  715          - 15493.8501      -   287   75s
   766   720 18373.7580  127  759          - 15509.3251      -   284   80s
   776   727 16442.1968   54  845          - 15514.4298      -   280   85s
   787   734 16235.3528   52  810          - 15520.7297      -   276   90s
   798   741 22818.0900  237  912          - 15524.4947      -   272   95s
   809   750 19958.0889  159  273          - 15525.7573      -   313  100s
   819   757 16421.1908   63  799          - 15525.7573      -   309  105s
   829   763 22837.0210  233  841          - 15526.8743      -   305  110s
   831   765 22435.9778  230  852          - 15527.2263      -   304  116s
   834   770 15529.9255   25  793          - 15529.9255      -   328  127s
   836   771 15541.0673   26  756          - 15533.4468      -   330  135s
   842   775 15598.8032   27  624          - 15544.0250      -   332  142s
   846   778 15584.8085   28  657          - 15555.0364      -   338  148s
   848   781 15559.9229   29  660          - 15559.9229      -   340  151s
   852   784 15573.7954   30  624          - 15573.7954      -   344  155s
   865   791 15626.4471   33  524          - 15584.8142      -   353  160s
   886   810 15608.9815   38  519          - 15584.8142      -   358  166s
   900   818 15636.7809   41  471          - 15584.8142      -   361  170s
   914   827 15671.1693   44  465          - 15584.8142      -   365  175s
   931   839 15809.4879   48  364          - 15584.8142      -   372  181s
   941   842 15905.7559   53  541          - 15584.8142      -   374  185s
   960   858 15739.1906   55  500          - 15584.8142      -   378  192s
   971   863 16123.4926   60  436          - 15584.8142      -   382  195s
   983   877 15769.2658   61  500          - 15584.8142      -   387  200s
  1004   891 15804.7646   66  502          - 15584.8142      -   391  207s
  1014   904 15862.0724   68  460          - 15584.8142      -   392  210s
  1042   910 15831.8675   74  508          - 15584.8142      -   396  217s
  1059   933 15921.8504   77  463          - 15584.8142      -   400  221s
  1088   950 16004.4271   84  474          - 15584.8142      -   408  226s
  1101   959 16215.5971   86  473          - 15584.8142      -   413  230s
  1114   970 16046.9287   88  492          - 15584.8142      -   414  235s
  1130   980 16068.4664   91  457          - 15584.8142      -   416  241s
  1145   994 16078.4826   94  426          - 15584.8142      -   422  246s
  1164  1005 16086.6960   98  453          - 15584.8142      -   424  251s
  1181  1020 16092.1904  101  440          - 15584.8142      -   427  256s
  1202  1034 16108.7452  104  425          - 15584.8142      -   431  262s
  1223  1045 16294.8807  107  439          - 15584.8142      -   435  269s
  1241  1057 16131.6850  111  429          - 15584.8142      -   439  274s
  1259  1078 16447.1857  114  449          - 15584.8142      -   446  278s
  1288  1098 16190.1049  118  463          - 15584.8142      -   448  281s
  1320  1114 16291.4515  123  397          - 15584.8142      -   448  285s
  1372  1152 16261.1666  132  470          - 15584.8142      -   457  293s
  1402  1167 16279.5697  137  437          - 15584.8142      -   463  297s
  1428  1198 16302.2974  143  445          - 15584.8142      -   470  301s
  1467  1215 16329.3626  149  428          - 15584.8142      -   472  306s
  1497  1215 16389.0290  155  455          - 15584.8142      -   478  310s
  1507  1236 16393.9557  156  439          - 15584.8142      -   480  315s
  1534  1266 16463.8381  161  436          - 15584.8142      -   488  320s
  1585  1259 16495.2592  167  425          - 15584.8142      -   487  325s
  1613  1255 16608.0156  172  408          - 15584.8142      -   497  330s
  1628  1270 16741.8963  176  413          - 15584.8142      -   503  335s
  1648  1283 17281.6240  182  374          - 15584.8142      -   512  340s
  1668  1308 17244.8658  188  416          - 15584.8142      -   518  345s
  1699  1322 16926.9022  196  380          - 15584.8142      -   523  351s
  1724  1340 17029.7599  202  399          - 15584.8142      -   531  357s
  1754  1359 17363.5057  210  400          - 15584.8142      -   538  363s
  1783  1369 infeasible  215               - 15584.8142      -   547  370s
  1807  1381 17870.0468  219  390          - 15584.8142      -   557  377s
  1835  1374 17961.1986  225  347          - 15584.8142      -   569  384s
  1857  1375 18025.4635  231  360          - 15584.8142      -   579  391s
  1879  1379 infeasible  237               - 15588.3721      -   591  399s
  1911  1377 15724.8961   31  582          - 15588.3721      -   599  408s
  1919  1405 15728.7440   33  584          - 15588.3721      -   602  423s
  1950  1425 15805.9355   41  535          - 15588.3721      -   611  430s
  1980  1450 15935.9220   44  591          - 15588.3721      -   620  440s
  2015  1484 16066.2784   55  502          - 15588.3721      -   623  457s
  2061  1505 16340.5929   61  433          - 15588.3721      -   626  469s
  2097  1562 16386.5340   68  505          - 15588.3721      -   630  487s
  2166  1591 16704.8449   90  444          - 15588.3721      -   627  506s
  2220  1634 16949.9754  109  459          - 15588.3721      -   629  526s
  2281  1664 17325.4127  132  460          - 15588.3721      -   633  548s
  2338  1688 17679.1721  147  428          - 15588.3721      -   640  571s
  2403  1715 18251.5553  171  444          - 15588.3721      -   647  590s
  2451  1763 18396.0865  174  463          - 15588.3721      -   653  613s
  2517  1818 18712.8234  190  395          - 15588.3721      -   657  629s
  2594  1845 19216.0785  195  303          - 15588.3721      -   660  655s
  2653  1860 infeasible  204               - 15596.0611      -   666  681s
  2708  1883 15659.3106   29  647          - 15596.0611      -   676  709s
  2751  1919 15757.9159   39  574          - 15596.0611      -   684  736s
  2807  1936 15799.0183   45  541          - 15596.0611      -   692  764s
  2863  1959 15886.0174   56  434          - 15596.0611      -   701  794s
  2909  2009 16033.5161   63  441          - 15596.0611      -   711  823s
  2978  2097 16432.2554   73  419          - 15596.0611      -   716  846s
  3089  2166 16486.4970   97  423          - 15596.0611      -   707  863s
  3195  2258 16752.9430  114  387          - 15596.0611      -   702  895s
  3309  2333 16815.9244  139  367          - 15596.0611      -   696  928s
  3410  2450 17016.9481  191  393          - 15596.0611      -   695  961s
  3539  2522 17521.2721  207  306          - 15596.0611      -   688  997s
  3627  2597 18635.9641  223  443          - 15596.0611      -   690 1017s
  3708  2654 19614.2629  235  431          - 15609.1354      -   695 1054s
  3797  2766 15989.9175   44  473          - 15609.1354      -   695 1077s
  3921  2826 16270.5163   99  453          - 15609.1354      -   689 1099s
  3995  2892 17234.8028  114  379          - 15609.1354      -   693 1120s
  4063  2981 16989.8504  134  396          - 15609.1354      -   701 1144s
  4176  3047 infeasible  145               - 15617.3604      -   705 1171s
  4276  3129 16001.1501   47  491          - 15617.3604      -   711 1199s
  4323  3129 16480.0172   66  419          - 15617.3604      -   712 1200s
  4372  3251 16409.8903   70  524          - 15617.3604      -   715 1238s
  4494  3390 17144.9669   94  415          - 15626.5140      -   714 1268s
  4661  3481 15724.7578   34  640          - 15626.5140      -   710 1298s
  4772  3667 15936.7820   47  702          - 15626.5140      -   715 1330s
  4964  3798 16415.0554  101  545          - 15626.5140      -   710 1364s
  5117  3798 infeasible  237               - 15626.5140      -   710 1365s
  5149  3900 17492.1177  129  498          - 15626.5140      -   710 1395s
  5281  4000 infeasible  174               - 15630.0958      -   711 1430s
  5391  4138 16247.4761   51  574          - 15630.0958      -   716 1464s
  5519  4138 16974.5517  136  386          - 15630.0958      -   720 1465s
  5529  4316 16891.4104   98  500          - 15630.0958      -   721 1515s
