




arguments: ./build/bc_mirp -f ./input/orig_exec_188.cfg
Current dir: /scratch/gui/bc_mirp
File verbosity level: 9
date       time         ( uptime  ) [ thread name/id ]                   file:line     v| 
2021-02-12 20:26:54.837 (   0.175s) [main thread     ]             loguru.cpp:789   INFO| Logging to './output/vi_vc+qua/OU/V5/Original/execution_12_02_2021_20_26_54.log', mode: 'a', verbosity: 9
--------------------------------------------------------------------------------
Parameters
                           instance_path           ./input/Instances/Original/4/
                            model_policy                                       1
                             nb_vehicles                                       5
                              output_dir      ./output/vi_vc+qua/OU/V5/Original/
                            sec_strategy                                       1
                       solver_nb_threads                                       2
                         solver_show_log                                    true
                       solver_time_limit                                    3600
                              use_vi_cos                                   false
                              use_vi_cus                                   false
                         use_vi_hc1_full                                   false
                         use_vi_hc1_half                                   false
                      use_vi_hc1_quarter                                   false
                              use_vi_hc2                                   false
                              use_vi_hc3                                   false
                         use_vi_lex_full                                   false
                         use_vi_lex_half                                   false
                      use_vi_lex_quarter                                   false
                              use_vi_qua                                    true
                               use_vi_vc                                    true
                               use_vi_vr                                   false
--------------------------------------------------------------------------------
executing instance: ./input/Instances/Original/4/absH3low_3n30.dat
--------------------------------------------------------------------------------
Instance details
n	31
H	3
C	2841
Li:
[0, 0, 0, 0, 0, 0, 0, 0, 0, 0, 0, 0, 0, 0, 0, 0, 0, 0, 0, 0, 0, 0, 0, 0, 0, 0, 0, 0, 0, 0, 0, ]
Ui:
[0, 246, 98, 54, 144, 171, 192, 180, 165, 98, 122, 198, 297, 144, 130, 129, 219, 138, 142, 150, 108, 66, 64, 285, 180, 204, 276, 168, 240, 198, 122, ]
Distance matrix:
|0	172	56	166	260	198	42	197	296	110	91	112	238	275	323	183	330	232	175	181	162	191	232	280	201	139	356	185	266	216	26	|
|172	0	178	223	320	335	153	355	444	62	231	99	333	376	214	352	176	235	194	106	47	41	353	161	299	175	225	43	326	374	153	|
|56	178	0	110	204	162	93	233	336	125	144	148	187	226	358	180	313	284	123	152	182	185	282	252	256	88	329	177	210	251	42	|
|166	223	110	0	102	150	199	327	431	194	253	237	113	156	431	228	296	386	44	140	248	208	389	218	366	48	287	200	108	344	148	|
|260	320	204	102	0	156	296	391	493	296	340	339	66	90	531	263	362	486	127	226	349	300	469	278	454	148	334	292	6	406	245	|
|198	335	162	150	156	0	239	255	351	286	245	307	93	106	518	111	442	423	194	280	344	335	349	367	352	182	437	327	158	266	199	|
|42	153	93	199	296	239	0	203	296	91	82	76	278	316	284	217	322	191	201	186	133	180	217	281	177	165	356	175	302	222	52	|
|197	355	233	327	391	255	203	0	104	294	125	266	340	361	436	151	524	276	352	377	330	383	109	477	146	319	553	377	395	19	222	|
|296	444	336	431	493	351	296	104	0	384	214	348	440	456	488	241	617	315	456	476	412	475	113	575	176	422	651	470	497	88	322	|
|110	62	125	194	296	286	91	294	384	0	171	55	298	340	238	292	233	210	176	118	58	91	298	201	248	148	273	87	302	313	94	|
|91	231	144	253	340	245	82	125	214	171	0	141	307	339	324	184	403	187	266	266	204	261	140	363	114	230	438	256	346	144	116	|
|112	99	148	237	339	307	76	266	348	55	141	0	332	373	212	292	275	156	225	173	64	137	254	253	200	194	322	135	345	284	108	|
|238	333	187	113	66	93	278	340	440	298	307	332	0	43	536	203	404	469	153	253	354	321	427	322	420	160	385	313	67	353	229	|
|275	376	226	156	90	106	316	361	456	340	339	373	43	0	578	216	443	507	194	295	397	364	453	361	451	203	421	356	88	372	268	|
|323	214	358	431	531	518	284	436	488	238	324	212	536	578	0	498	309	176	407	320	183	245	376	344	312	383	379	251	537	451	319	|
|183	352	180	228	263	111	217	151	241	292	184	292	203	216	498	0	492	371	266	328	345	364	255	426	272	242	501	356	266	159	198	|
|330	176	313	296	362	442	322	524	617	233	403	275	404	443	309	492	0	397	253	164	218	142	529	84	475	260	72	147	367	543	306	|
|232	235	284	386	486	423	191	276	315	210	187	156	469	507	176	371	397	0	379	327	188	276	202	396	139	346	456	277	492	289	242	|
|175	194	123	44	127	194	201	352	456	176	266	225	153	194	407	266	253	379	0	101	225	174	405	174	375	36	244	166	133	370	152	|
|181	106	152	140	226	280	186	377	476	118	266	173	253	295	320	328	164	327	101	0	148	76	403	100	360	98	177	69	232	396	155	|
|162	47	182	248	349	344	133	330	412	58	204	64	354	397	183	345	218	188	225	148	0	89	316	208	259	201	270	90	355	348	149	|
|191	41	185	208	300	335	180	383	475	91	261	137	321	364	245	364	142	276	174	76	89	0	388	119	336	162	185	8	306	402	169	|
|232	353	282	389	469	349	217	109	113	298	140	254	427	453	376	255	529	202	405	403	316	388	0	497	64	369	570	384	474	112	256	|
|280	161	252	218	278	367	281	477	575	201	363	253	322	361	344	426	84	396	174	100	208	119	497	0	449	187	77	119	283	496	255	|
|201	299	256	366	454	352	177	146	176	248	114	200	420	451	312	272	475	139	375	360	259	336	64	449	0	339	521	333	460	156	223	|
|139	175	88	48	148	182	165	319	422	148	230	194	160	203	383	242	260	346	36	98	201	162	369	187	339	0	260	153	154	337	116	|
|356	225	329	287	334	437	356	553	651	273	438	322	385	421	379	501	72	456	244	177	270	185	570	77	521	260	0	187	338	572	331	|
|185	43	177	200	292	327	175	377	470	87	256	135	313	356	251	356	147	277	166	69	90	8	384	119	333	153	187	0	298	396	163	|
|266	326	210	108	6	158	302	395	497	302	346	345	67	88	537	266	367	492	133	232	355	306	474	283	460	154	338	298	0	410	251	|
|216	374	251	344	406	266	222	19	88	313	144	284	353	372	451	159	543	289	370	396	348	402	112	496	156	337	572	396	410	0	241	|
|26	153	42	148	245	199	52	222	322	94	116	108	229	268	319	198	306	242	152	155	149	169	256	255	223	116	331	163	251	241	0	|

--------------------------------------------------------------------------------
Building model...
	using lazy and cut (CVRPSEP package)
Solving IRP LP...
--------------------------------------------------------------------------------

Gurobi 9.1.0 (linux64) logging started Fri Feb 12 20:26:55 2021

Gurobi Optimizer version 9.1.0 build v9.1.0rc0 (linux64)
Thread count: 32 physical cores, 32 logical processors, using up to 2 threads
Optimize a model with 1351 rows, 8014 columns and 20074 nonzeros
Model fingerprint: 0x1fb475c1
Variable types: 574 continuous, 7440 integer (465 binary)
Coefficient statistics:
  Matrix range     [1e+00, 6e+02]
  Objective range  [1e-02, 7e+02]
  Bounds range     [1e+00, 3e+02]
  RHS range        [1e+00, 5e+03]
Presolve removed 325 rows and 172 columns
Presolve time: 0.09s
Presolved: 1026 rows, 7842 columns, 17648 nonzeros
Variable types: 368 continuous, 7474 integer (7003 binary)

Root relaxation: objective 2.465332e+03, 1371 iterations, 0.04 seconds

    Nodes    |    Current Node    |     Objective Bounds      |     Work
 Expl Unexpl |  Obj  Depth IntInf | Incumbent    BestBd   Gap | It/Node Time

     0     0 2465.33247    0  108          - 2465.33247      -     -    0s
     0     0 2686.09450    0  124          - 2686.09450      -     -    0s
     0     0 2688.31451    0  143          - 2688.31451      -     -    0s
     0     0 2688.34805    0  145          - 2688.34805      -     -    0s
     0     0 3214.06813    0  180          - 3214.06813      -     -    0s
     0     0 3214.43453    0  177          - 3214.43453      -     -    0s
     0     0 3301.06019    0  206          - 3301.06019      -     -    0s
     0     0 3305.90907    0  206          - 3305.90907      -     -    1s
     0     0 3308.31515    0  214          - 3308.31515      -     -    1s
     0     0 3308.39391    0  208          - 3308.39391      -     -    1s
     0     0 3439.96525    0  246          - 3439.96525      -     -    1s
     0     0 3454.41220    0  283          - 3454.41220      -     -    2s
     0     0 3460.27132    0  236          - 3460.27132      -     -    2s
     0     0 3461.56281    0  247          - 3461.56281      -     -    2s
     0     0 3461.61191    0  258          - 3461.61191      -     -    2s
     0     0 3508.08023    0  230          - 3508.08023      -     -    2s
     0     0 3530.40742    0  291          - 3530.40742      -     -    2s
     0     0 3548.69639    0  312          - 3548.69639      -     -    2s
     0     0 3554.22539    0  291          - 3554.22539      -     -    2s
     0     0 3577.86205    0  269          - 3577.86205      -     -    2s
     0     0 3585.11641    0  278          - 3585.11641      -     -    2s
     0     0 3590.84278    0  267          - 3590.84278      -     -    3s
     0     0 3594.86009    0  288          - 3594.86009      -     -    3s
     0     0 3595.28991    0  309          - 3595.28991      -     -    3s
     0     0 3654.70735    0  262          - 3654.70735      -     -    3s
     0     0 3657.26573    0  341          - 3657.26573      -     -    3s
     0     0 3659.41533    0  334          - 3659.41533      -     -    3s
     0     0 3659.41599    0  280          - 3659.41599      -     -    3s
     0     0 3664.56872    0  357          - 3664.56872      -     -    3s
     0     0 3664.56872    0  304          - 3664.56872      -     -    3s
     0     2 3666.97025    0  304          - 3666.97025      -     -    4s
    11    15 3686.48903    4  319          - 3674.06805      -   350    5s
   107   117 3916.11121   33  309          - 3677.68098      -   319   10s
   440   490 4527.19355   74  163          - 3677.68098      -   166   15s
*  527   519             246    9387.0500000 3677.68098  60.8%   147   16s
   560   566 6198.56437  103  151 9387.05000 3677.68098  60.8%   156   20s
   650   654 6892.25702  159  125 9387.05000 3677.68098  60.8%   150   25s
   717   734 7542.52549  198   51 9387.05000 3677.68098  60.8%   147   30s
H  746   699                    8979.5800000 3677.68098  59.0%   144   33s
   748   700 4577.25640   46  183 8979.58000 3677.68098  59.0%   143   42s
   765   711 4306.37286   64  538 8979.58000 3762.62364  58.1%   140   45s
   787   726 4957.45016   50  620 8979.58000 3795.82730  57.7%   136   50s
   802   736 4537.97833   42  614 8979.58000 3805.86051  57.6%   134   55s
   816   745 4049.83776   43  639 8979.58000 3809.86773  57.6%   131   60s
H  821   712                    8888.2800000 3810.05468  57.1%   149   61s
   835   721 3816.44678   14  532 8888.28000 3816.44678  57.1%   147   65s
H  843   689                    8360.7700000 3827.17792  54.2%   146   68s
   848   693 4577.25640   46  578 8360.77000 3828.13237  54.2%   145   70s
   858   699 4295.07453   24  597 8360.77000 3828.20071  54.2%   143  119s
   859   703 3830.16094   22  601 8360.77000 3830.16094  54.2%   156  241s
   875   714 3879.76130   26  474 8360.77000 3874.21504  53.7%   169  245s
   911   744 3971.93844   34  492 8360.77000 3874.21504  53.7%   182  250s
   982   788 4000.41177   43  482 8360.77000 3874.21504  53.7%   187  255s
H  996   759                    8252.7700000 3874.21504  53.1%   188  255s
  1067   811 4048.73927   53  451 8252.77000 3874.21504  53.1%   193  260s
  1267   977 4131.15547   65  433 8252.77000 3874.21504  53.1%   186  265s
H 1412   957                    8192.7300000 3874.21504  52.7%   181  269s
  1414   964 4338.80846   76  368 8192.73000 3874.21504  52.7%   182  270s
  1479  1011 4437.49802   97  292 8192.73000 3874.21504  52.7%   190  313s
  1491  1020 4418.92493  102  269 8192.73000 3874.21504  52.7%   191  406s
  1542  1062 4819.54940  121  236 8192.73000 3874.21504  52.7%   197  410s
  1582  1071 4642.14394   51  314 8192.73000 3874.21504  52.7%   199  415s
  1757  1188 8078.63311  210   67 8192.73000 3890.30423  52.5%   194  420s
  1916  1300 4077.92596   35  371 8192.73000 3890.30423  52.5%   193  425s
  1975  1300 4195.91460   40  331 8192.73000 3890.30423  52.5%   198  430s
  2020  1350 4323.98018   58  289 8192.73000 3890.30423  52.5%   203  436s
  2088  1403 4993.89753   79  302 8192.73000 3890.30423  52.5%   209  440s
  2314  1533 6500.79898  154   60 8192.73000 3890.30423  52.5%   202  529s
  2335  1617 6792.47420  154   52 8192.73000 3891.50739  52.5%   203  531s
  2558  1800 4116.37487   34  414 8192.73000 3891.50739  52.5%   196  536s
* 2770  1720             155    7245.0600000 3891.50739  46.3%   187  538s
  2833  1671 4276.61899   35  332 7245.06000 3891.50739  46.3%   186  542s
  2859  1689 4267.71225   39  323 7245.06000 3891.50739  46.3%   189  546s
  2892  1737 4231.85541   46  380 7245.06000 3891.50739  46.3%   193  550s
  2941  1779 4336.25724   52  334 7245.06000 3891.50739  46.3%   196  556s
  3009  1901 4616.18549   65  202 7245.06000 3891.50739  46.3%   198  561s
  3129  1985 5137.73596   83  178 7245.06000 3891.50739  46.3%   200  853s
  3181  2080 5236.45087  103  123 7245.06000 3891.50739  46.3%   201  857s
  3276  2152 5638.66298  140   57 7245.06000 3956.24505  45.4%   200  861s
  3397  2219 4627.36750   35  256 7245.06000 3956.24505  45.4%   200  866s
  3439  2316 5367.87629   59  136 7245.06000 3956.26186  45.4%   202  870s
  3591  2504 4190.45464   27  498 7245.06000 3956.26186  45.4%   202  878s
  3742  2619 4342.20203   33  387 7245.06000 3956.26186  45.4%   199  882s
  3885  2643 4626.91268   38  209 7245.06000 3956.26186  45.4%   197 1156s
  3916  2681 4738.77649   46  279 7245.06000 3956.26186  45.4%   198 1162s
  3955  2784 5514.57715   55  123 7245.06000 3956.26186  45.4%   199 1166s
  4076  2785     cutoff  103      7245.06000 3974.77203  45.1%   197 1170s
H 4103  2505                    6569.3800000 3979.09368  39.4%   202 1177s
  4126  2569 5288.09412   53  219 6569.38000 4001.95792  39.1%   202 1180s
  4292  2681 5971.49939  104  149 6569.38000 4001.95792  39.1%   201 1185s
  4406  2811 4513.68719   49  256 6569.38000 4017.01377  38.9%   200 1193s
  4487  2859 4126.56367   31  458 6569.38000 4017.01377  38.9%   201 1212s
  4535  2930 5283.83316   57  127 6569.38000 4020.54641  38.8%   202 1216s
  4616  3016 4671.55543   39  232 6569.38000 4022.47430  38.8%   203 1221s
  4722  3097 4442.61236   26  387 6569.38000 4022.47430  38.8%   203 1226s
  4803  3259 4784.72824   33  215 6569.38000 4022.47430  38.8%   204 1245s
  4889  3259 5724.43763  132  136 6569.38000 4022.47430  38.8%   205 1256s
  4965  3332 5358.49808   48  160 6569.38000 4023.26049  38.8%   203 1262s
  5085  3444 4229.30507   34  372 6569.38000 4024.42294  38.7%   203 1267s
  5209  3496 6040.04712   74  141 6569.38000 4025.82890  38.7%   202 1273s
  5277  3655 4638.87831   35  300 6569.38000 4027.11388  38.7%   203 1279s
  5326  3655 5227.14719   84  142 6569.38000 4027.11388  38.7%   202 1451s
  5490  3758 4666.76980   39  251 6569.38000 4030.59043  38.6%   200 1457s
  5614  3832 4081.85530   31  330 6569.38000 4030.59043  38.6%   200 1463s
  5713  3982 4347.73314   41  138 6569.38000 4030.59043  38.6%   200 1469s
  5872  4183 4910.78587   60  101 6569.38000 4030.59043  38.6%   200 1476s
  6113  4220 5821.42941  118   64 6569.38000 4038.39929  38.5%   197 1482s
  6160  4325 4785.39139   42  179 6569.38000 4039.23567  38.5%   200 1666s
  6294  4362 4429.00746   37  476 6569.38000 4039.30788  38.5%   200 1673s
  6331  4432 5167.36872   49  137 6569.38000 4039.30788  38.5%   202 1679s
  6401  4497 6054.89526   60  200 6569.38000 4041.25041  38.5%   204 1684s
  6441  4497 6345.74215   63   89 6569.38000 4041.28874  38.5%   205 1685s
  6492  4601 4930.26156   46  309 6569.38000 4046.65952  38.4%   205 1691s
  6638  4699 4425.54918   33  398 6569.38000 4047.28310  38.4%   204 1697s
  6742  4785     cutoff  105      6569.38000 4047.28332  38.4%   204 1704s
  6846  4892 5293.14681   61  143 6569.38000 4047.50527  38.4%   204 1844s
  6974  4967 4237.05681   34  434 6569.38000 4047.50527  38.4%   203 1851s
  7058  5044 5957.53954   75   61 6569.38000 4052.11177  38.3%   204 1857s
  7155  5144 4754.87363   42  286 6569.38000 4054.28516  38.3%   204 1864s
  7281  5244 4268.54101   49  432 6569.38000 4054.28516  38.3%   204 1872s
  7409  5277 6223.58142   98  151 6569.38000 4054.80681  38.3%   204 1897s
  7451  5362 4987.63213   47  270 6569.38000 4055.53438  38.3%   206 1905s
  7553  5428 4290.35270   38  452 6569.38000 4055.53438  38.3%   207 1917s
  7653  5528 4834.16412   61  150 6569.38000 4057.09077  38.2%   208 1925s
  7771  5629 4337.11304   38  386 6569.38000 4057.70766  38.2%   209 2015s
  7882  5776 4220.73144   37  197 6569.38000 4057.70766  38.2%   210 2024s
  8029  5843 4548.10244   48  195 6569.38000 4057.70766  38.2%   211 2034s
  8114  6029 4856.33873   64  176 6569.38000 4061.00123  38.2%   213 2045s
  8335  6148 4407.39507   33  468 6569.38000 4061.49932  38.2%   212 2071s
  8491  6287 4378.09081   28  397 6569.38000 4065.22458  38.1%   212 2081s
  8652  6395 4452.42283   35  501 6569.38000 4065.86277  38.1%   212 2091s
  8786  6467 4344.84049   32  491 6569.38000 4065.94215  38.1%   212 2101s
  8858  6649 5748.72105   55   64 6569.38000 4066.85063  38.1%   214 2261s
  9068  6728 5796.76529   92   65 6569.38000 4067.68199  38.1%   214 2270s
  9183  6862 4992.08059   52  384 6569.38000 4068.80878  38.1%   215 2279s
  9359  6945 4171.00416   35  591 6569.38000 4070.86288  38.0%   214 2289s
  9442  7033 5529.22807   63  161 6569.38000 4071.21083  38.0%   215 2368s
  9568  7198 4458.38802   49  381 6569.38000 4071.39441  38.0%   215 2378s
H 9585  7196                    6564.3000000 4071.39441  38.0%   215 2378s
  9745  7295 6478.67899  142  168 6564.30000 4074.13051  37.9%   215 2388s
  9886  7413 4808.77229   63  399 6564.30000 4077.45301  37.9%   214 2398s
 10032  7458 4420.88504   36  417 6564.30000 4077.84121  37.9%   215 2407s
 10077  7613 4842.02943   44  287 6564.30000 4077.84121  37.9%   217 2776s
 10232  7837 5110.73364   61  129 6564.30000 4077.94122  37.9%   218 2788s
 10504  7950 4544.41456   36  350 6564.30000 4078.03217  37.9%   216 2801s
 10645  8037 4286.31443   37  381 6564.30000 4079.50148  37.9%   216 2971s
 10748  8048 4235.67115   26  295 6564.30000 4079.50148  37.9%   217 2988s
 10759  8202 4533.89169   32  127 6564.30000 4079.52279  37.9%   218 2999s
 10943  8297 infeasible  101      6564.30000 4081.06515  37.8%   217 3055s
 11051  8425 5160.10289   59  194 6564.30000 4081.28836  37.8%   218 3248s
 11201  8467 4528.17394   40  340 6564.30000 4081.30103  37.8%   218 3258s
 11243  8714 4610.83161   46  221 6564.30000 4081.30103  37.8%   220 3602s

Cutting planes:
  User: 6396
  Gomory: 11
  Cover: 515
  Implied bound: 196
  Projected implied bound: 20
  Clique: 41
  MIR: 110
  StrongCG: 3
  Flow cover: 348
  Inf proof: 2
  Zero half: 23
  RLT: 340
  Relax-and-lift: 8
  Lazy constraints: 772

Explored 11512 nodes (2540851 simplex iterations) in 3604.24 seconds
Thread count was 2 (of 32 available processors)

Solution count 9: 6564.3 6569.38 7245.06 ... 9387.05

Time limit reached
Best objective 6.564300000000e+03, best bound 4.081301032415e+03, gap 37.8258%

User-callback calls 129552, time in user-callback 2350.19 sec
================================================================================
executing instance: ./input/Instances/Original/4/absH3low_3n10.dat
--------------------------------------------------------------------------------
Instance details
n	11
H	3
C	687
Li:
[0, 0, 0, 0, 0, 0, 0, 0, 0, 0, 0, ]
Ui:
[0, 189, 44, 174, 78, 36, 198, 117, 42, 96, 240, ]
Distance matrix:
|0	209	255	286	142	156	285	317	182	161	135	|
|209	0	464	451	315	356	490	469	361	299	260	|
|255	464	0	221	202	130	74	280	189	254	273	|
|286	451	221	0	145	156	164	479	354	153	192	|
|142	315	202	145	0	73	194	388	250	53	73	|
|156	356	130	156	73	0	134	332	200	127	144	|
|285	490	74	164	194	134	0	353	256	239	267	|
|317	469	280	479	388	332	353	0	141	436	430	|
|182	361	189	354	250	200	256	141	0	296	289	|
|161	299	254	153	53	127	239	436	296	0	39	|
|135	260	273	192	73	144	267	430	289	39	0	|

--------------------------------------------------------------------------------
Building model...
	using lazy and cut (CVRPSEP package)
Solving IRP LP...
--------------------------------------------------------------------------------

Gurobi 9.1.0 (linux64) logging started Fri Feb 12 21:30:32 2021

Gurobi Optimizer version 9.1.0 build v9.1.0rc0 (linux64)
Thread count: 32 physical cores, 32 logical processors, using up to 2 threads
Optimize a model with 491 rows, 1184 columns and 3734 nonzeros
Model fingerprint: 0x19cdd2f3
Variable types: 194 continuous, 990 integer (165 binary)
Coefficient statistics:
  Matrix range     [1e+00, 2e+02]
  Objective range  [1e-02, 5e+02]
  Bounds range     [1e+00, 2e+02]
  RHS range        [1e+00, 1e+03]
Presolve removed 115 rows and 162 columns
Presolve time: 0.04s
Presolved: 376 rows, 1022 columns, 3026 nonzeros
Variable types: 110 continuous, 912 integer (754 binary)

Root relaxation: objective 2.191072e+03, 556 iterations, 0.01 seconds

    Nodes    |    Current Node    |     Objective Bounds      |     Work
 Expl Unexpl |  Obj  Depth IntInf | Incumbent    BestBd   Gap | It/Node Time

     0     0 2191.07205    0   78          - 2191.07205      -     -    0s
     0     0 2699.83356    0   85          - 2699.83356      -     -    0s
     0     0 2953.25668    0  136          - 2953.25668      -     -    0s
     0     0 2965.98925    0  111          - 2965.98925      -     -    0s
     0     0 2966.02896    0  109          - 2966.02896      -     -    0s
     0     0 3025.73091    0   95          - 3025.73091      -     -    0s
     0     0 3045.49147    0  101          - 3045.49147      -     -    0s
     0     0 3047.22192    0  118          - 3047.22192      -     -    0s
     0     0 3048.89587    0  117          - 3048.89587      -     -    0s
     0     0 3125.77397    0  158          - 3125.77397      -     -    0s
H    0     0                    4473.1700000 3125.77397  30.1%     -    0s
     0     0 3134.81854    0  181 4473.17000 3134.81854  29.9%     -    0s
     0     0 3137.59485    0  161 4473.17000 3137.59485  29.9%     -    0s
     0     0 3137.82237    0  159 4473.17000 3137.82237  29.9%     -    0s
     0     0 3164.06412    0  183 4473.17000 3164.06412  29.3%     -    0s
     0     0 3167.00526    0  182 4473.17000 3167.00526  29.2%     -    0s
     0     0 3167.31116    0  179 4473.17000 3167.31116  29.2%     -    0s
     0     0 3184.48447    0  162 4473.17000 3184.48447  28.8%     -    0s
H    0     0                    4464.1700000 3184.48447  28.7%     -    0s
     0     0 3186.55369    0  141 4464.17000 3186.55369  28.6%     -    0s
     0     0 3201.40589    0  175 4464.17000 3201.40589  28.3%     -    0s
     0     0 3203.06853    0  178 4464.17000 3203.06853  28.2%     -    0s
     0     0 3205.53770    0  197 4464.17000 3205.53770  28.2%     -    0s
     0     0 3205.74972    0  196 4464.17000 3205.74972  28.2%     -    0s
     0     0 3209.03680    0  194 4464.17000 3209.03680  28.1%     -    0s
     0     0 3209.29629    0  202 4464.17000 3209.29629  28.1%     -    0s
H    0     0                    4041.3200000 3209.29629  20.6%     -    0s
     0     2 3210.93431    0  202 4041.32000 3210.93431  20.5%     -    0s
H    8    10                    4032.2300000 3226.66795  20.0%  88.5    0s
H   29    35                    4026.2300000 3237.68396  19.6%  71.3    0s
H   57    59                    4004.2300000 3237.68396  19.1%  66.5    0s
H  118    98                    3864.1000000 3237.68396  16.2%  62.6    1s
H  302   214                    3827.1000000 3253.47676  15.0%  59.4    1s
H  440   224                    3712.3200000 3275.35039  11.8%  58.8    1s
  1593   487     cutoff   11      3712.32000 3445.69347  7.18%  60.0    5s

Cutting planes:
  User: 44
  Gomory: 7
  Cover: 160
  Implied bound: 111
  Clique: 25
  MIR: 51
  StrongCG: 7
  Flow cover: 67
  Inf proof: 3
  Zero half: 1
  Network: 3
  RLT: 89
  Relax-and-lift: 32
  Lazy constraints: 3

Explored 3749 nodes (216212 simplex iterations) in 9.15 seconds
Thread count was 2 (of 32 available processors)

Solution count 9: 3712.32 3827.1 3864.1 ... 4473.17

Optimal solution found (tolerance 1.00e-04)
Best objective 3.712320000000e+03, best bound 3.712320000000e+03, gap 0.0000%

User-callback calls 8616, time in user-callback 1.04 sec
================================================================================
executing instance: ./input/Instances/Original/4/absH3low_3n15.dat
--------------------------------------------------------------------------------
Instance details
n	16
H	3
C	1267
Li:
[0, 0, 0, 0, 0, 0, 0, 0, 0, 0, 0, 0, 0, 0, 0, 0, ]
Ui:
[0, 156, 267, 148, 144, 87, 33, 171, 76, 141, 270, 282, 60, 110, 172, 57, ]
Distance matrix:
|0	229	567	76	58	96	306	409	310	423	108	346	165	347	159	256	|
|229	0	482	243	279	155	375	525	251	419	158	373	65	123	329	246	|
|567	482	0	506	622	483	342	439	259	200	467	274	486	433	501	312	|
|76	243	506	0	119	88	230	337	255	352	88	272	179	347	94	194	|
|58	279	622	119	0	154	345	431	366	471	166	391	217	399	179	310	|
|96	155	483	88	154	0	266	397	224	358	17	289	92	262	176	179	|
|306	375	342	230	345	266	0	158	184	148	251	68	332	423	181	140	|
|409	525	439	337	431	397	158	0	340	244	386	201	476	581	253	298	|
|310	251	259	255	366	224	184	340	0	170	208	146	238	257	274	66	|
|423	419	200	352	471	358	148	244	170	0	341	84	396	424	323	182	|
|108	158	467	88	166	17	251	386	208	341	0	273	96	259	172	162	|
|346	373	274	272	391	289	68	201	146	84	273	0	340	400	239	127	|
|165	65	486	179	217	92	332	476	238	396	96	340	0	182	267	216	|
|347	123	433	347	399	262	423	581	257	424	259	400	182	0	423	283	|
|159	329	501	94	179	176	181	253	274	323	172	239	267	423	0	208	|
|256	246	312	194	310	179	140	298	66	182	162	127	216	283	208	0	|

--------------------------------------------------------------------------------
Building model...
	using lazy and cut (CVRPSEP package)
Solving IRP LP...
--------------------------------------------------------------------------------

Gurobi 9.1.0 (linux64) logging started Fri Feb 12 21:30:44 2021

Gurobi Optimizer version 9.1.0 build v9.1.0rc0 (linux64)
Thread count: 32 physical cores, 32 logical processors, using up to 2 threads
Optimize a model with 706 rows, 2329 columns and 6694 nonzeros
Model fingerprint: 0x1c4de059
Variable types: 289 continuous, 2040 integer (240 binary)
Coefficient statistics:
  Matrix range     [1e+00, 3e+02]
  Objective range  [1e-02, 6e+02]
  Bounds range     [1e+00, 3e+02]
  RHS range        [1e+00, 2e+03]
Presolve removed 169 rows and 91 columns
Presolve time: 0.04s
Presolved: 537 rows, 2238 columns, 5860 nonzeros
Variable types: 182 continuous, 2056 integer (1821 binary)

Root relaxation: objective 2.105739e+03, 869 iterations, 0.02 seconds

    Nodes    |    Current Node    |     Objective Bounds      |     Work
 Expl Unexpl |  Obj  Depth IntInf | Incumbent    BestBd   Gap | It/Node Time

     0     0 2105.73907    0   89          - 2105.73907      -     -    0s
     0     0 2489.79364    0   94          - 2489.79364      -     -    0s
     0     0 2489.95710    0   77          - 2489.95710      -     -    0s
     0     0 2723.84900    0  101          - 2723.84900      -     -    0s
     0     0 2733.07795    0  123          - 2733.07795      -     -    0s
     0     0 2733.40575    0   94          - 2733.40575      -     -    0s
     0     0 2816.95389    0  160          - 2816.95389      -     -    0s
     0     0 2842.57715    0  128          - 2842.57715      -     -    0s
     0     0 2842.69933    0  130          - 2842.69933      -     -    0s
     0     0 2920.36442    0  189          - 2920.36442      -     -    0s
     0     0 2926.53032    0  177          - 2926.53032      -     -    0s
     0     0 2926.56612    0  199          - 2926.56612      -     -    0s
     0     0 2979.83241    0  178          - 2979.83241      -     -    0s
     0     0 2985.58461    0  186          - 2985.58461      -     -    0s
     0     0 2985.99864    0  168          - 2985.99864      -     -    0s
     0     0 3005.04567    0  164          - 3005.04567      -     -    0s
     0     0 3009.92958    0  191          - 3009.92958      -     -    0s
     0     0 3012.05506    0  184          - 3012.05506      -     -    0s
     0     0 3012.52798    0  198          - 3012.52798      -     -    0s
     0     0 3015.10242    0  211          - 3015.10242      -     -    0s
     0     0 3015.10242    0  168          - 3015.10242      -     -    0s
     0     2 3017.91918    0  190          - 3017.91918      -     -    0s
*  227   220              96    6522.8200000 3082.41092  52.7%   137    2s
H  233   221                    6510.4800000 3082.41092  52.7%   134    3s
H  241   221                    6399.1600000 3082.41092  51.8%   131    3s
H  269   251                    6398.5600000 3082.41092  51.8%   136    3s
H  370   317                    5943.5600000 3094.91831  47.9%   124    4s
H  371   302                    5522.5600000 3094.91831  44.0%   124    4s
   401   349 3544.80263    8  132 5522.56000 3094.91831  44.0%   127    5s
H  553   412                    5193.5200000 3094.91831  40.4%   115    6s
H  719   570                    5169.3200000 3111.86191  39.8%   117    7s
H  755   543                    5062.7200000 3111.86191  38.5%   114    8s
H  756   516                    4869.7600000 3111.86191  36.1%   114    8s
   771   526 3408.64002   12  249 4869.76000 3111.86191  36.1%   112   17s
   788   542 3210.18525   15  190 4869.76000 3158.14600  35.1%   125   20s
H  829   542                    4829.7600000 3179.59853  34.2%   130   21s
  1145   659 3728.88842   19  115 4829.76000 3180.27245  34.2%   121   25s
  1453   834 3854.89748   23  195 4829.76000 3187.93036  34.0%   127   30s
  1810   984 4116.83906   36  180 4829.76000 3250.89292  32.7%   125   35s
  2143  1111 4570.31374   42  152 4829.76000 3362.04422  30.4%   129   40s
  2461  1356 4079.29937   23  143 4829.76000 3392.27346  29.8%   132   45s
  2812  1574 4696.57834   54  105 4829.76000 3407.15855  29.5%   133   50s
  2878  1636 3930.57509   45  226 4829.76000 3415.98793  29.3%   133  130s
H 2939  1630                    4786.7600000 3415.98793  28.6%   132  130s
  3174  1865 infeasible   25      4786.76000 3420.46862  28.5%   130  135s
  3493  2029     cutoff   48      4786.76000 3428.37038  28.4%   133  140s
  3940  2401     cutoff   44      4786.76000 3446.12169  28.0%   131  146s
  4213  2619 3651.39726   29  173 4786.76000 3452.59461  27.9%   133  150s
  4676  2916 3523.16725   21  194 4786.76000 3468.27312  27.5%   132  155s
  4968  3091 4139.30679   34  159 4786.76000 3485.22537  27.2%   135  160s
  5036  3153 3521.77295   23  219 4786.76000 3485.22537  27.2%   135  200s
  5420  3426 4054.60124   27  211 4786.76000 3494.17776  27.0%   136  206s
  5760  3753 4673.18292   41  192 4786.76000 3501.92848  26.8%   137  212s
  6023  3837 3607.01406   24  177 4786.76000 3502.77530  26.8%   135  215s
  6361  4087     cutoff   44      4786.76000 3515.39159  26.6%   136  220s
  6742  4353 3875.71335   40  178 4786.76000 3526.36933  26.3%   137  226s
  7136  4631 3978.65335   23  147 4786.76000 3540.99832  26.0%   136  416s
  7547  4901 3865.35759   36  169 4786.76000 3560.66447  25.6%   136  422s
* 7637  4828              50    4718.3000000 3560.66447  24.5%   136  422s
  7745  4970 4039.88237   23  143 4718.30000 3562.87703  24.5%   136  425s
  8158  5215 4118.10713   28  164 4718.30000 3568.89470  24.4%   137  430s
* 8434  5236              34    4686.9800000 3577.41904  23.7%   137  433s
  8561  5331     cutoff   25      4686.98000 3580.11958  23.6%   138  435s
  8941  5595 4550.92485   71  106 4686.98000 3589.63339  23.4%   137  441s
  9323  5856     cutoff   60      4686.98000 3598.47089  23.2%   137  446s
  9805  6083     cutoff   62      4686.98000 3608.56301  23.0%   137  576s
  9908  6176 4368.86019   59  100 4686.98000 3609.97374  23.0%   137  620s
 10261  6356 4507.90204   37  195 4686.98000 3614.91550  22.9%   138  625s
 10602  6596 4079.40755   18  102 4686.98000 3624.05799  22.7%   139  630s
 11009  6718 4564.93461   35  100 4686.98000 3628.86959  22.6%   139  635s
 11333  6941 4040.46383   31  209 4686.98000 3631.92626  22.5%   140  640s
 11758  7114 4253.22698   22  176 4686.98000 3636.79593  22.4%   140  700s
 11854  7251     cutoff   31      4686.98000 3638.82606  22.4%   140  767s
 12069  7348 3758.74634   25  156 4686.98000 3642.55245  22.3%   140  770s
 12426  7541 4188.91318   39  168 4686.98000 3646.58069  22.2%   141  776s
 12809  7711 4311.18568   26  114 4686.98000 3650.25329  22.1%   142  782s
 13203  7920 3747.76974   29  136 4686.98000 3658.43767  21.9%   142  787s
 13390  8008 4598.20800   28  123 4686.98000 3662.65852  21.9%   143  790s
 13737  8229 4351.50896   32  112 4686.98000 3666.54190  21.8%   143  796s
 14135  8409 4543.00826   35  172 4686.98000 3672.56505  21.6%   143  801s
 14323  8520 4557.89943   22  140 4686.98000 3675.71811  21.6%   144  877s
 14521  8641 4391.81734   56  186 4686.98000 3680.33772  21.5%   144  880s
 14920  8841 4264.56815   37  165 4686.98000 3687.22798  21.3%   144  885s
 15276  9025 infeasible   35      4686.98000 3691.15821  21.2%   145  890s
 15646  9206 4568.35947   29   98 4686.98000 3696.69685  21.1%   146  896s
 16059  9408 4533.14497   34   66 4686.98000 3700.08811  21.1%   146  901s
 16400  9590 4589.88589   34  110 4686.98000 3704.11521  21.0%   147  907s
 16790  9725 4633.34265   27  133 4686.98000 3707.84534  20.9%   147  912s
 16943  9814 4626.80269   31  134 4686.98000 3709.80027  20.8%   148  938s
 17117  9891 3935.85448   30  190 4686.98000 3710.75107  20.8%   148  940s
 17481 10075 4369.27454   26  140 4686.98000 3714.67866  20.7%   148  946s
 17942 10281 4577.93658   31  178 4686.98000 3719.77243  20.6%   148  951s
 18263 10402 4214.55622   31  144 4686.98000 3722.70107  20.6%   149  957s
 18580 10577 3942.83782   27  180 4686.98000 3725.06108  20.5%   150  962s
 18762 10694 4376.65319   25   98 4686.98000 3726.45114  20.5%   150  965s
 19233 10883 4098.68015   35  162 4686.98000 3731.12999  20.4%   150  970s
 19407 10977 4273.78064   30  168 4686.98000 3734.37450  20.3%   151 1042s
 19604 11086 4271.14912   41  118 4686.98000 3737.06574  20.3%   151 1045s
*19735 10989              36    4667.2700000 3738.58532  19.9%   151 1045s
 19973 11137 4416.49019   43  130 4667.27000 3741.46767  19.8%   151 1051s
 20370 11327     cutoff   34      4667.27000 3744.24719  19.8%   151 1056s
 20793 11525 4257.48767   23  102 4667.27000 3750.13325  19.7%   151 1062s
 21243 11709 4312.59444   33   85 4667.27000 3753.92486  19.6%   151 1067s
 21416 11776 4420.69186   32  160 4667.27000 3756.83405  19.5%   152 1070s
 21801 11878 4470.09520   23  116 4667.27000 3762.14394  19.4%   152 1075s
H21945 11531                    4614.2700000 3763.00063  18.4%   152 1078s
 22144 11645 4592.89090   42  164 4614.27000 3765.37948  18.4%   152 1081s
*22357 11587              47    4601.3700000 3767.45344  18.1%   152 1111s
 22723 11695     cutoff   26      4601.37000 3770.29737  18.1%   153 1116s
 23086 11822 3837.88347   24  191 4601.37000 3776.19996  17.9%   153 1121s
 23451 11939 4340.08896   28  170 4601.37000 3780.82527  17.8%   153 1127s
 23761 12068 4088.12030   34  169 4601.37000 3784.87051  17.7%   154 1132s
 23938 12126     cutoff   39      4601.37000 3785.94657  17.7%   154 1135s
H23942 11773                    4577.9900000 3785.94657  17.3%   154 1135s
 24262 11922 4234.11816   37  194 4577.99000 3788.98694  17.2%   154 1140s
 24454 11967 4340.12264   18  155 4577.99000 3790.20734  17.2%   154 1275s
 24828 12125 4383.65714   32  124 4577.99000 3793.62389  17.1%   155 1281s
 25224 12266 4203.69965   27  172 4577.99000 3797.22486  17.1%   155 1286s
 25573 12384 4098.38563   32  135 4577.99000 3799.32025  17.0%   155 1292s
 25980 12514 4211.84435   31   97 4577.99000 3801.74395  17.0%   155 1297s
 26311 12608 4242.47924   28  136 4577.99000 3806.26140  16.9%   155 1302s
 26685 12691     cutoff   38      4577.99000 3809.63691  16.8%   155 1307s
 26811 12751 4447.31083   36  171 4577.99000 3811.16487  16.8%   156 1310s
 27002 12806     cutoff   31      4577.99000 3812.19090  16.7%   156 1339s
 27147 12851 3952.85914   24  254 4577.99000 3814.18073  16.7%   156 1426s
 27290 12937 4353.84048   28  120 4577.99000 3815.75735  16.6%   156 1431s
 27715 13061 4196.14990   33  158 4577.99000 3819.68460  16.6%   156 1437s
H27938 12573                    4546.9900000 3822.08920  15.9%   156 1440s
 28217 12705 4262.07459   32  177 4546.99000 3824.29255  15.9%   156 1445s
 28610 12782 4043.83384   33  191 4546.99000 3827.30722  15.8%   157 1450s
 28916 12904 infeasible   33      4546.99000 3831.27003  15.7%   157 1456s
 29305 13023 4174.62406   26  167 4546.99000 3833.44494  15.7%   157 1461s
 29472 13087     cutoff   37      4546.99000 3834.97068  15.7%   157 1501s
 29857 13221     cutoff   36      4546.99000 3838.31380  15.6%   157 1507s
 30029 13284 4519.00248   40   41 4546.99000 3839.49910  15.6%   157 1510s
 30414 13439 4175.95442   29  149 4546.99000 3843.91551  15.5%   158 1515s
 30804 13533 4278.93979   34  111 4546.99000 3846.65584  15.4%   158 1521s
 31215 13682     cutoff   29      4546.99000 3850.50352  15.3%   158 1526s
 31544 13782 4174.33751   34  171 4546.99000 3853.05689  15.3%   158 1531s
 31692 13826 4542.92754   45  143 4546.99000 3853.96538  15.2%   158 1610s
 31783 13826 4463.96425   36  106 4546.99000 3855.16813  15.2%   158 1651s
 32060 13940 3978.95079   38  165 4546.99000 3855.92060  15.2%   158 1657s
 32243 13995 4052.56039   24  179 4546.99000 3857.70827  15.2%   158 1660s
 32600 14131     cutoff   35      4546.99000 3859.37276  15.1%   158 1665s
 33031 14287 4257.96282   27  110 4546.99000 3863.26165  15.0%   158 1671s
 33488 14414 4086.48509   26  130 4546.99000 3866.89720  15.0%   158 1676s
 33877 14520 4452.72899   32  151 4546.99000 3870.44917  14.9%   158 1681s
 34035 14561 4423.02838   33  146 4546.99000 3871.41936  14.9%   159 1700s
 34384 14680 4276.63440   32  111 4546.99000 3874.14432  14.8%   159 1706s
 34841 14777     cutoff   31      4546.99000 3877.65753  14.7%   158 1711s
 35189 14913 4202.36177   33  101 4546.99000 3880.00919  14.7%   159 1716s
 35589 15048 4298.57662   40  186 4546.99000 3882.91346  14.6%   159 1722s
 35841 15144 4510.28275   33  115 4546.99000 3884.36121  14.6%   158 1725s
 36270 15271     cutoff   33      4546.99000 3886.67431  14.5%   158 1730s
 36590 15347 4009.23463   37  199 4546.99000 3888.54123  14.5%   159 2065s
 36637 15347 4463.24712   41  161 4546.99000 3889.07834  14.5%   159 2079s
 36727 15418 4485.63814   41  135 4546.99000 3889.12858  14.5%   159 2082s
 36937 15476 4435.04999   22  158 4546.99000 3890.48702  14.4%   159 2085s
 37397 15583 4412.43675   29  122 4546.99000 3893.62962  14.4%   159 2090s
*37630 15063              36    4521.6700000 3894.76822  13.9%   159 2093s
 37753 15131 4367.93174   49  132 4521.67000 3895.83367  13.8%   159 2096s
 38156 15270 4236.78486   23  103 4521.67000 3899.44470  13.8%   159 2101s
 38548 15371     cutoff   35      4521.67000 3901.96266  13.7%   159 2107s
H38613 14664                    4494.5100000 3901.96266  13.2%   158 2175s
 38934 14715     cutoff   39      4494.51000 3905.03025  13.1%   159 2180s
 39271 14776 4398.16523   29  160 4494.51000 3908.11759  13.0%   159 2186s
 39538 14878 4378.46639   34  154 4494.51000 3909.45168  13.0%   159 2192s
