




arguments: ./build/bc_mirp -f ./input/orig_exec_44.cfg
Current dir: /scratch/gui/bc_mirp
File verbosity level: 9
date       time         ( uptime  ) [ thread name/id ]                   file:line     v| 
2021-02-06 18:51:57.848 (   0.477s) [main thread     ]             loguru.cpp:789   INFO| Logging to './output/vi_vc+qua/OU/V5/Original/execution_06_02_2021_18_51_57.log', mode: 'a', verbosity: 9
--------------------------------------------------------------------------------
Parameters
                           instance_path           ./input/Instances/Original/1/
                            model_policy                                       1
                             nb_vehicles                                       5
                              output_dir      ./output/vi_vc+qua/OU/V5/Original/
                            sec_strategy                                       1
                       solver_nb_threads                                       2
                         solver_show_log                                    true
                       solver_time_limit                                    3600
                              use_vi_cos                                   false
                              use_vi_cus                                   false
                         use_vi_hc1_full                                   false
                         use_vi_hc1_half                                   false
                      use_vi_hc1_quarter                                   false
                              use_vi_hc2                                   false
                              use_vi_hc3                                   false
                         use_vi_lex_full                                   false
                         use_vi_lex_half                                   false
                      use_vi_lex_quarter                                   false
                              use_vi_qua                                    true
                               use_vi_vc                                    true
                               use_vi_vr                                   false
--------------------------------------------------------------------------------
executing instance: ./input/Instances/Original/1/absH3high_1n5.dat
--------------------------------------------------------------------------------
Instance details
n	6
H	3
C	289
Li:
[0, 0, 0, 0, 0, 0, ]
Ui:
[0, 195, 105, 116, 72, 22, ]
Distance matrix:
|0	85	349	17	203	289	|
|85	0	265	102	214	226	|
|349	265	0	366	368	238	|
|17	102	366	0	207	302	|
|203	214	368	207	0	431	|
|289	226	238	302	431	0	|

--------------------------------------------------------------------------------
Building model...
	using lazy and cut (CVRPSEP package)
Solving IRP LP...
--------------------------------------------------------------------------------

Gurobi 9.1.0 (linux64) logging started Sat Feb  6 18:51:57 2021

Gurobi Optimizer version 9.1.0 build v9.1.0rc0 (linux64)
Thread count: 32 physical cores, 32 logical processors, using up to 2 threads
Optimize a model with 276 rows, 414 columns and 1524 nonzeros
Model fingerprint: 0xf9e1c34d
Variable types: 99 continuous, 315 integer (90 binary)
Coefficient statistics:
  Matrix range     [1e+00, 2e+02]
  Objective range  [2e-01, 4e+02]
  Bounds range     [1e+00, 2e+02]
  RHS range        [1e+00, 5e+02]
Presolve removed 24 rows and 38 columns
Presolve time: 0.00s

Explored 0 nodes (0 simplex iterations) in 0.01 seconds
Thread count was 1 (of 32 available processors)

Solution count 0

Model is infeasible
Best objective -, best bound -, gap -

User-callback calls 31, time in user-callback 0.00 sec

Computing Irreducible Inconsistent Subsystem (IIS)...

           Constraints          |            Bounds           |  Runtime
      Min       Max     Guess   |   Min       Max     Guess   |
--------------------------------------------------------------------------
        0       276         -         0       569         -           0s
       36        36         -        36        77        77           5s
       36        36         -        61        62        62          10s
       36        36         -        61        61         -          10s

IIS computed: 36 constraints, 61 bounds
IIS runtime: 10.12 seconds
================================================================================
executing instance: ./input/Instances/Original/1/absH3high_1n45.dat
--------------------------------------------------------------------------------
Instance details
n	46
H	3
C	3462
Li:
[0, 0, 0, 0, 0, 0, 0, 0, 0, 0, 0, 0, 0, 0, 0, 0, 0, 0, 0, 0, 0, 0, 0, 0, 0, 0, 0, 0, 0, 0, 0, 0, 0, 0, 0, 0, 0, 0, 0, 0, 0, 0, 0, 0, 0, 0, ]
Ui:
[0, 273, 270, 36, 165, 192, 148, 45, 30, 75, 180, 198, 112, 117, 90, 64, 180, 22, 264, 174, 168, 270, 86, 66, 26, 66, 237, 156, 92, 108, 144, 72, 30, 45, 94, 54, 174, 96, 198, 136, 44, 180, 210, 249, 198, 48, ]
Distance matrix:
|0	281	201	160	249	201	93	431	236	139	252	136	116	166	390	110	349	374	303	180	327	464	236	70	44	461	346	439	363	254	312	426	305	206	71	137	169	200	247	260	20	219	256	253	460	278	|
|281	0	448	170	53	142	338	184	121	290	371	390	222	302	111	289	169	434	230	177	238	441	59	212	319	211	86	235	399	306	53	176	99	202	263	157	361	101	370	201	264	344	364	374	469	184	|
|201	448	0	285	430	325	114	556	361	171	191	64	228	174	546	294	453	306	364	289	388	435	393	254	157	585	491	536	318	254	490	554	436	407	266	292	108	388	186	337	207	181	205	190	408	364	|
|160	170	285	0	169	43	182	280	80	120	208	231	58	132	262	230	190	294	151	24	174	345	112	107	183	309	207	280	268	158	219	276	155	235	187	45	192	150	205	107	140	177	202	210	356	119	|
|249	53	430	169	0	152	317	238	145	282	377	369	212	299	157	242	215	452	261	183	273	474	76	181	290	264	140	287	421	320	63	229	145	148	221	142	352	53	374	226	234	346	370	378	498	215	|
|201	142	325	43	152	0	224	237	37	156	230	273	101	164	224	261	148	300	127	38	147	333	83	142	225	266	167	238	270	168	193	233	112	246	221	70	228	148	228	84	180	202	222	232	351	87	|
|93	338	114	182	317	224	0	460	262	92	180	52	124	112	440	199	364	307	292	191	317	415	284	140	57	490	387	452	304	208	377	457	336	297	163	181	84	274	175	256	95	152	188	180	402	280	|
|431	184	556	280	238	237	460	0	199	385	420	508	337	385	108	464	110	429	219	269	206	378	202	365	460	30	98	84	388	340	204	9	126	386	432	294	453	283	421	226	411	404	408	423	422	198	|
|236	121	361	80	145	37	262	199	0	191	255	310	138	197	191	290	114	312	118	72	133	330	69	175	262	229	132	204	279	186	174	195	75	258	251	102	262	153	254	81	216	230	246	257	353	72	|
|139	290	171	120	282	156	92	385	191	0	116	129	71	27	380	246	283	235	201	119	226	329	231	141	129	414	323	367	224	119	336	383	266	308	202	141	72	252	112	169	127	82	118	117	322	195	|
|252	371	191	208	377	230	180	420	255	116	0	187	178	90	443	361	311	127	204	195	224	246	313	257	232	446	382	380	129	81	423	421	320	422	318	242	100	355	5	195	241	34	15	2	225	224	|
|136	390	64	231	369	273	52	508	310	129	187	0	173	141	491	233	409	313	330	239	355	431	335	191	93	538	438	495	316	233	429	505	385	342	203	233	88	325	182	297	143	167	199	187	412	323	|
|116	222	228	58	212	101	124	337	138	71	178	173	0	91	319	206	244	284	187	69	212	357	165	85	130	367	265	333	264	151	267	333	213	244	161	70	140	181	175	145	97	145	177	180	359	165	|
|166	302	174	132	299	164	112	385	197	27	90	141	91	0	388	273	280	208	191	127	215	305	243	167	153	413	329	361	198	96	351	383	270	333	229	159	68	272	86	163	153	56	92	91	296	190	|
|390	111	546	262	157	224	440	108	191	380	443	491	319	388	0	399	164	480	264	261	261	456	156	320	426	125	62	186	442	369	107	99	125	300	374	260	452	210	443	252	372	420	433	446	494	227	|
|110	289	294	230	242	261	199	464	290	246	361	233	206	273	399	0	402	480	382	254	404	562	262	124	143	493	369	490	466	355	302	457	344	135	45	191	279	189	356	337	120	328	364	362	563	348	|
|349	169	453	190	215	148	364	110	114	283	311	409	244	280	164	402	0	324	110	174	101	292	151	289	372	135	109	90	284	230	212	111	70	354	364	216	348	245	312	118	329	295	298	313	330	90	|
|374	434	306	294	452	300	307	429	312	235	127	313	284	208	480	480	324	0	216	274	223	137	380	368	357	448	419	367	40	136	487	432	358	525	436	336	227	443	132	234	361	156	119	127	102	255	|
|303	230	364	151	261	127	292	219	118	201	204	330	187	191	264	382	110	216	0	128	25	213	185	258	314	243	203	176	178	123	282	221	144	372	338	193	256	270	206	45	283	193	191	206	239	46	|
|180	177	289	24	183	38	191	269	72	119	195	239	69	127	261	254	174	274	128	0	151	321	118	130	198	299	204	263	246	139	228	266	147	258	211	68	191	169	193	83	159	166	188	197	333	98	|
|327	238	388	174	273	147	317	206	133	226	224	355	212	215	261	404	101	223	25	151	0	203	198	281	339	228	202	156	184	143	288	209	146	390	362	215	280	286	226	68	308	215	210	226	235	61	|
|464	441	435	345	474	333	415	378	330	329	246	431	357	305	456	562	292	137	213	321	203	0	398	440	458	390	400	301	117	211	492	384	348	578	517	389	344	480	251	251	448	265	233	246	54	259	|
|236	59	393	112	76	83	284	202	69	231	313	335	165	243	156	262	151	380	185	118	198	398	0	167	270	231	110	233	347	250	110	195	85	203	230	103	303	95	311	150	217	284	305	315	422	139	|
|70	212	254	107	181	142	140	365	175	141	257	191	85	167	320	124	289	368	258	130	281	440	167	0	109	394	277	378	349	236	244	359	239	167	81	73	196	135	253	213	53	223	257	258	444	226	|
|44	319	157	183	290	225	57	460	262	129	232	93	130	153	426	143	372	357	314	198	339	458	270	109	0	490	379	462	351	247	353	456	334	250	110	168	140	243	226	274	56	201	238	232	449	294	|
|461	211	585	309	264	266	490	30	229	414	446	538	367	413	125	493	135	448	243	299	228	390	231	394	490	0	125	89	408	365	226	36	156	412	462	324	481	311	447	253	441	430	433	448	436	225	|
|346	86	491	207	140	167	387	98	132	323	382	438	265	329	62	369	109	419	203	204	202	400	110	277	379	125	0	155	381	307	113	90	63	288	339	211	394	186	382	190	327	359	371	384	436	165	|
|439	235	536	280	287	238	452	84	204	367	380	495	333	361	186	490	90	367	176	263	156	301	233	378	462	89	155	0	326	299	267	92	148	432	454	306	429	325	382	199	419	369	366	382	348	172	|
|363	399	318	268	421	270	304	388	279	224	129	316	264	198	442	466	284	40	178	246	184	117	347	349	351	408	381	326	0	113	452	391	321	502	422	311	229	415	134	199	348	152	118	130	98	219	|
|254	306	254	158	320	168	208	340	186	119	81	233	151	96	369	355	230	136	123	139	143	211	250	236	247	365	307	299	113	0	359	340	244	390	310	200	148	308	83	117	238	74	68	83	208	145	|
|312	53	490	219	63	193	377	204	174	336	423	429	267	351	107	302	212	487	282	228	288	492	110	244	353	226	113	267	452	359	0	195	145	194	283	199	407	115	421	254	296	394	415	425	521	237	|
|426	176	554	276	229	233	457	9	195	383	421	505	333	383	99	457	111	432	221	266	209	384	195	359	456	36	90	92	391	340	195	0	122	378	426	289	451	275	421	226	406	404	408	423	427	197	|
|305	99	436	155	145	112	336	126	75	266	320	385	213	270	125	344	70	358	144	147	146	348	85	239	334	156	63	148	321	244	145	122	0	286	310	168	336	177	320	128	285	298	309	322	381	103	|
|206	202	407	235	148	246	297	386	258	308	422	342	244	333	300	135	354	525	372	258	390	578	203	167	250	412	288	432	502	390	194	378	286	0	144	191	362	109	418	329	202	388	421	423	591	329	|
|71	263	266	187	221	221	163	432	251	202	318	203	161	229	374	45	364	436	338	211	362	517	230	81	110	462	339	454	422	310	283	426	310	144	0	150	239	168	313	294	77	285	321	319	518	306	|
|137	157	292	45	142	70	181	294	102	141	242	233	70	159	260	191	216	336	193	68	215	389	103	73	168	324	211	306	311	200	199	289	168	191	150	0	210	113	239	148	117	210	238	244	400	157	|
|169	361	108	192	352	228	84	453	262	72	100	88	140	68	452	279	348	227	256	191	280	344	303	196	140	481	394	429	229	148	407	451	336	362	239	210	0	318	95	231	164	79	111	100	325	258	|
|200	101	388	150	53	148	274	283	153	252	355	325	181	272	210	189	245	443	270	169	286	480	95	135	243	311	186	325	415	308	115	275	177	109	168	113	318	0	352	230	187	323	351	357	498	225	|
|247	370	186	205	374	228	175	421	254	112	5	182	175	86	443	356	312	132	206	193	226	251	311	253	226	447	382	382	134	83	421	421	320	418	313	239	95	352	0	196	237	30	19	6	230	224	|
|260	201	337	107	226	84	256	226	81	169	195	297	145	163	252	337	118	234	45	83	68	251	150	213	274	253	190	199	199	117	254	226	128	329	294	148	231	230	196	0	240	178	184	198	272	29	|
|20	264	207	140	234	180	95	411	216	127	241	143	97	153	372	120	329	361	283	159	308	448	217	53	56	441	327	419	348	238	296	406	285	202	77	117	164	187	237	240	0	208	245	242	446	257	|
|219	344	181	177	346	202	152	404	230	82	34	167	145	56	420	328	295	156	193	166	215	265	284	223	201	430	359	369	152	74	394	404	298	388	285	210	79	323	30	178	208	0	37	35	250	206	|
|256	364	205	202	370	222	188	408	246	118	15	199	177	92	433	364	298	119	191	188	210	233	305	257	238	433	371	366	118	68	415	408	309	421	321	238	111	351	19	184	245	37	0	17	214	212	|
|253	374	190	210	378	232	180	423	257	117	2	187	180	91	446	362	313	127	206	197	226	246	315	258	232	448	384	382	130	83	425	423	322	423	319	244	100	357	6	198	242	35	17	0	225	226	|
|460	469	408	356	498	351	402	422	353	322	225	412	359	296	494	563	330	102	239	333	235	54	422	444	449	436	436	348	98	208	521	427	381	591	518	400	325	498	230	272	446	250	214	225	0	285	|
|278	184	364	119	215	87	280	198	72	195	224	323	165	190	227	348	90	255	46	98	61	259	139	226	294	225	165	172	219	145	237	197	103	329	306	157	258	225	224	29	257	206	212	226	285	0	|

--------------------------------------------------------------------------------
Building model...
	using lazy and cut (CVRPSEP package)
Solving IRP LP...
--------------------------------------------------------------------------------

Gurobi 9.1.0 (linux64) logging started Sat Feb  6 18:52:08 2021

Gurobi Optimizer version 9.1.0 build v9.1.0rc0 (linux64)
Thread count: 32 physical cores, 32 logical processors, using up to 2 threads
Optimize a model with 1996 rows, 17074 columns and 40204 nonzeros
Model fingerprint: 0x469f4a1c
Variable types: 859 continuous, 16215 integer (690 binary)
Coefficient statistics:
  Matrix range     [1e+00, 7e+02]
  Objective range  [1e-01, 6e+02]
  Bounds range     [1e+00, 3e+02]
  RHS range        [1e+00, 6e+03]
Presolve removed 490 rows and 262 columns
Presolve time: 0.20s
Presolved: 1506 rows, 16812 columns, 36548 nonzeros
Variable types: 548 continuous, 16264 integer (15560 binary)

Root relaxation: objective 1.324580e+04, 1905 iterations, 0.09 seconds

    Nodes    |    Current Node    |     Objective Bounds      |     Work
 Expl Unexpl |  Obj  Depth IntInf | Incumbent    BestBd   Gap | It/Node Time

     0     0 13245.7990    0  150          - 13245.7990      -     -    0s
     0     0 13603.1283    0  154          - 13603.1283      -     -    1s
     0     0 13912.7551    0  222          - 13912.7551      -     -    1s
     0     0 13954.9929    0  219          - 13954.9929      -     -    1s
     0     0 13968.8321    0  220          - 13968.8321      -     -    1s
     0     0 13970.9723    0  227          - 13970.9723      -     -    1s
     0     0 13971.0115    0  227          - 13971.0115      -     -    2s
     0     0 14174.2117    0  286          - 14174.2117      -     -    2s
     0     0 14203.6467    0  300          - 14203.6467      -     -    4s
     0     0 14225.6150    0  306          - 14225.6150      -     -    4s
     0     0 14227.5426    0  311          - 14227.5426      -     -    4s
     0     0 14227.6604    0  321          - 14227.6604      -     -    4s
     0     0 14297.6299    0  336          - 14297.6299      -     -    5s
     0     0 14302.0050    0  343          - 14302.0050      -     -    5s
     0     0 14303.0004    0  362          - 14303.0004      -     -    6s
     0     0 14363.6132    0  323          - 14363.6132      -     -    6s
     0     0 14379.9546    0  358          - 14379.9546      -     -    7s
     0     0 14381.7923    0  348          - 14381.7923      -     -    7s
     0     0 14381.8536    0  368          - 14381.8536      -     -    7s
     0     0 14423.5150    0  368          - 14423.5150      -     -    8s
     0     0 14431.9268    0  397          - 14431.9268      -     -    8s
     0     0 14433.5014    0  396          - 14433.5014      -     -    8s
     0     0 14464.0312    0  379          - 14464.0312      -     -    9s
     0     0 14468.3836    0  381          - 14468.3836      -     -    9s
     0     0 14526.1143    0  437          - 14526.1143      -     -   10s
     0     0 14541.8262    0  472          - 14541.8262      -     -   10s
     0     0 14558.7958    0  463          - 14558.7958      -     -   10s
     0     0 14558.8786    0  419          - 14558.8786      -     -   10s
     0     0 14571.8678    0  444          - 14571.8678      -     -   11s
     0     0 14573.4145    0  478          - 14573.4145      -     -   12s
     0     0 14575.6607    0  495          - 14575.6607      -     -   12s
     0     0 14575.6607    0  475          - 14575.6607      -     -   13s
     0     2 14592.3033    0  411          - 14592.3033      -     -   15s
    21    25 14624.1188    7  577          - 14592.3033      -   595   20s
    55    60 14642.7926   18  470          - 14592.3033      -   462   25s
    90   100 14732.4897   29  383          - 14592.3033      -   440   30s
   139   146 14862.0646   49  362          - 14592.3033      -   400   35s
   173   184 15142.3441   61  220          - 14592.3033      -   405   40s
   222   239 15546.2590   81  186          - 14592.3033      -   379   45s
   291   323 15851.2061  111  173          - 14592.3033      -   343   50s
   387   432 16995.9416  165  158          - 14592.3033      -   297   56s
   535   594 19013.3288  249   98          - 14592.3033      -   246   61s
   639   661 21405.7747  312   29          - 14592.3033      -   215   65s
   732   729 14672.0755    4  609          - 14592.3033      -   206   70s
   776   778 14719.1505   10  517          - 14592.3033      -   208   75s
   880   870 14880.3541   17  416          - 14592.3033      -   205   85s
   977  1063 15122.5814   22  346          - 14592.3033      -   196   90s
  1192  1241 15245.6527   27  185          - 14592.3033      -   171   96s
  1316  1273 19909.0970  324  475          - 14592.3033      -   163  102s
  1320  1276 18830.9670  262  350          - 14592.3033      -   163  105s
  1327  1280 21727.2695  392  633          - 14635.8700      -   162  110s
  1339  1288 22168.6366  327  625          - 14662.6434      -   160  115s
  1344  1292 16454.0712  126  541          - 14676.1029      -   160  136s
  1349  1295 16103.5893  118  609          - 14678.8203      -   159  140s
  1355  1299 20243.3627  272  584          - 14681.5447      -   158  145s
  1360  1302 15288.6851   73  603          - 14682.3150      -   158  150s
  1368  1309 15729.9010   94  278          - 14682.3150      -   174  155s
  1380  1317 15774.4126  107  570          - 14682.3150      -   172  160s
  1388  1323 22160.1036  324  581          - 14683.0766      -   171  165s
  1391  1325 16688.2043  144  613          - 14684.8598      -   171  170s
  1397  1329 16811.5718  161  521          - 14687.1442      -   170  175s
  1400  1331 15100.2979   47  426          - 14687.3082      -   170  183s
  1401  1331 17904.4493  199  494          - 14693.9240      -   170  186s
  1402  1332 15707.5385   66  494          - 14693.9240      -   169  192s
  1403  1336 14703.2165   22  514          - 14694.1014      -   186  200s
  1405  1337 14703.4271   23  457          - 14703.4271      -   186  205s
  1407  1338 15120.5325   23  418          - 14703.6300      -   187  210s
  1411  1341 14870.6583   24  507          - 14706.1494      -   190  216s
  1417  1346 14729.1536   26  490          - 14729.1536      -   195  221s
  1426  1351 14778.4219   28  429          - 14741.2826      -   201  226s
  1432  1357 14752.7188   30  414          - 14752.7188      -   206  231s
  1438  1360 14785.4913   31  478          - 14760.6822      -   213  235s
  1447  1369 14845.7922   33  488          - 14760.6822      -   221  241s
  1459  1376 14834.3851   35  495          - 14760.6822      -   226  245s
  1479  1392 14870.0864   40  512          - 14760.6822      -   235  251s
  1509  1419 14947.3209   46  447          - 14760.6822      -   240  257s
  1535  1433 14959.8106   51  385          - 14760.6822      -   244  261s
  1562  1453 15050.2170   56  411          - 14760.6822      -   248  265s
  1612  1496 15022.2669   66  417          - 14760.6822      -   252  272s
  1659  1526 15139.0199   75  345          - 14760.6822      -   253  277s
  1709  1568 15279.6486   85  404          - 14760.6822      -   253  282s
  1770  1610 15383.0669   96  263          - 14760.6822      -   252  287s
  1802  1628 15422.6726  104  203          - 14760.6822      -   252  290s
  1855  1672 15564.3389  113  221          - 14760.6822      -   253  295s
  1924  1706 15640.4649  125  305          - 14760.6822      -   251  301s
  1963  1727 15956.9257  188  261          - 14760.6822      -   251  305s
  2020  1788 15956.8128  142  255          - 14760.6822      -   250  311s
  2063  1820 15989.4726  149  276          - 14760.6822      -   248  315s
  2159  1884 15986.8890  167  301          - 14760.6822      -   244  323s
  2205  1913 16150.3145  176  276          - 14760.6822      -   243  327s
  2250  1961 16222.0006  184  285          - 14760.6822      -   243  331s
  2313  1984 16240.9591  197  277          - 14760.6822      -   241  336s
  2357  2022 16265.6516  207  300          - 14760.6822      -   241  340s
  2477  2124 16383.9707  231  235          - 14760.6822      -   240  349s
  2555  2184 16454.1750  248  257          - 14760.6822      -   238  354s
  2641  2227 16543.2455  260  261          - 14760.6822      -   235  359s
  2713  2265 16585.9904  273  266          - 14760.6822      -   234  365s
  2775  2310 16709.2348  285  253          - 14760.6822      -   234  370s
  2841  2355 16838.2912  302  242          - 14760.6822      -   233  376s
  2910  2408 16857.0100  319  251          - 14760.6822      -   232  382s
  2986  2438 17210.7837  332  193          - 14760.6822      -   230  388s
  3065  2447 17269.1041  345  270          - 14760.6822      -   228  394s
  3100  2471 17072.7502  359  241          - 14760.6822      -   229  399s
  3136  2503 17099.0534  374  236          - 14760.6822      -   231  407s
  3180  2519 17234.2826  391  213          - 14760.6822      -   232  414s
  3211  2555 17204.2831  403  232          - 14760.6822      -   234  420s
  3257  2589 17292.6214  422  254          - 14760.6822      -   236  426s
  3307  2583 17325.9860  443  218          - 14763.6212      -   237  432s
  3338  2599 14839.8130   31  547          - 14763.6212      -   238  439s
  3364  2613 14862.4654   36  549          - 14763.6212      -   241  445s
  3387  2638 14927.5825   38  531          - 14763.6212      -   242  452s
  3420  2663 14997.5999   47  335          - 14763.6212      -   244  459s
  3456  2692 15054.2693   56  378          - 14763.6212      -   246  466s
  3497  2723 15214.3613   67  354          - 14763.6212      -   248  473s
  3541  2790 15233.5718   72  388          - 14763.6212      -   249  481s
  3625  2876 15332.3950   89  367          - 14763.6212      -   247  492s
  3739  2932 15509.6915  143  291          - 14763.6212      -   245  502s
  3835  3009 15599.1100  182  309          - 14763.6212      -   243  512s
  3948  3092 15777.8724  218  191          - 14763.6212      -   241  523s
  4069  3205 15931.1509  250  182          - 14763.6212      -   238  533s
  4229  3244 16198.4185  322  169          - 14763.6212      -   234  544s
  4274  3229 15975.8766  293  171          - 14763.6212      -   234  545s
  4355  3370 16291.6381  353  252          - 14763.6212      -   232  555s
  4652  3436 16555.1422  453  158          - 14763.6212      -   222  569s
  4791  3389 14923.8050   32  457          - 14763.6212      -   218  570s
  4817  3550 17111.0912  577  148          - 14763.6212      -   219  582s
  4996  3543 infeasible  657               - 14765.0308      -   215  595s
  5065  3638 14960.5062   35  504          - 14765.0308      -   217  606s
  5185  3749 15039.4582   39  478          - 14765.0308      -   217  619s
  5336  3882 15165.2813   50  439          - 14765.0308      -   214  634s
  5529  4210 15405.7588   61  251          - 14765.0308      -   212  652s
  5772  4210 18377.7005  584   88          - 14765.0308      -   207  655s
  5888  4250 15513.4784   74  349          - 14765.0308      -   203  670s
  5944  4332 15512.2942  103  343          - 14765.0308      -   204  680s
  6026  4438 15655.9721  157  295          - 14765.0308      -   205  693s
  6132  4567 15968.1941  223  295          - 14765.0308      -   205  705s
  6269  4687 16596.2230  289  204          - 14769.9953      -   204  720s
  6407  4892 14921.3049   31  503          - 14769.9953      -   205  735s
  6612  5089 15040.6097   40  327          - 14769.9953      -   202  751s
  6809  5289 15312.7516   53  259          - 14769.9953      -   200  769s
  6864  5289 15392.8425   94  201          - 14769.9953      -   199  770s
  7009  5626 15718.7429  113  245          - 14769.9953      -   197  787s
  7352  6314 15806.9521  222  186          - 14769.9953      -   191  812s
  7586  6314 16667.3621  399  112          - 14769.9953      -   187  815s
  8046  6758 17660.5143  442  144          - 14769.9953      -   179  839s
  8064  6758 17443.4333  457  149          - 14769.9953      -   179  840s
  8443  6758 17839.7869  830  151          - 14769.9953      -   172  845s
  8548  6778 infeasible  867               - 14778.4299      -   172  858s
  8584  6847 14855.0352   32  489          - 14778.4299      -   174  871s
  8653  7100 15014.6508   46  304          - 14778.4299      -   175  886s
  8906  7613 15147.7341  104  302          - 14778.4299      -   173  906s
  9158  7613 15274.1622  347  258          - 14778.4299      -   170  910s
  9419  8160 15293.4213  386  267          - 14778.4299      -   166  929s
  9437  8160 15305.0754  404  258          - 14778.4299      -   166  930s
  9653  8160 15468.7820  609  228          - 14778.4299      -   163  948s
  9968  8771 15662.1136  718  209          - 14778.4299      -   160  971s
 10584  9269 16576.5479  916  150          - 14778.4299      -   154 1000s
 10978  9269 17207.1306  979  125          - 14778.4299      -   150 1005s
 11106  9629 17241.3891 1174   96          - 14778.4547      -   149 1020s
 11624  9662 14883.4770   33  525          - 14800.6669      -   144 1043s
 11657  9718 15022.8100   41  512          - 14800.6669      -   146 1054s
 11675  9718 15120.1441   52  330          - 14800.6669      -   146 1055s
 11713  9843 15143.2838   66  302          - 14800.6669      -   147 1066s
 11838 10172 15335.0059  124  216          - 14800.6669      -   147 1081s
 11982 10172 15591.0636  250  217          - 14800.6669      -   146 1091s
 12167 10729 15682.3963  305  238          - 14800.6669      -   145 1109s
 12221 10729 15795.3782  356  237          - 14800.6669      -   145 1110s
 12589 10729 15752.1195  399  170          - 14800.6669      -   142 1115s
 12724 11266 16368.0411  471  119          - 14800.6669      -   140 1132s
 12887 11266 16799.5931  596  153          - 14800.6669      -   139 1135s
 13263 11631 18106.5704  729   98          - 14800.7113      -   136 1153s
 13410 11631 19197.8826  822  103          - 14800.7113      -   135 1155s
 13713 11788 15008.3694   38  494          - 14800.7113      -   133 1175s
 13915 11826 15155.2370   51  300          - 14800.7113      -   133 1190s
 13953 11917 15306.7300   62  237          - 14800.7113      -   134 1201s
 14044 12268 15529.4201  110  219          - 14800.7113      -   134 1215s
 14353 12268 17271.4587  374  147          - 14800.7113      -   132 1220s
 14409 12701 17314.7452  398  146          - 14800.7113      -   133 1240s
 14743 12701 18594.7362  691  156          - 14800.7113      -   130 1245s
 14864 12838 18760.5008  782  135          - 14804.7908      -   130 1257s
 15025 13005 15084.5208   39  474          - 14804.7908      -   130 1271s
 15192 13567 15158.3332   49  375          - 14804.7908      -   130 1296s
 15442 13567 16003.0429  510  139          - 14804.7908      -   129 1300s
 15748 13567 16347.6714  812  155          - 14804.7908      -   127 1305s
 15754 13954 15242.7808   55  300          - 14804.7908      -   127 1318s
 15874 13954 16560.3785  860  178          - 14804.7908      -   126 1320s
 16201 14040 infeasible  103               - 14807.5190      -   125 1337s
 16388 14073 15115.6676   34  343          - 14807.5579      -   124 1349s
 16421 14126 15266.9070   45  250          - 14807.5579      -   125 1360s
 16474 14313 15318.1241   68  271          - 14807.5579      -   126 1371s
 16661 14433 15434.4974  172  224          - 14807.5579      -   125 1453s
 16679 14433 15442.9951  190  312          - 14807.5579      -   125 1471s
 16781 14850 15513.3174  232  162          - 14807.5579      -   125 1488s
 16907 14850 15776.0698  324  128          - 14807.5579      -   125 1490s
 17198 15417 15739.3475  330  165          - 14807.5579      -   123 1511s
 17564 15417 16605.6308  527   81          - 14807.5579      -   122 1516s
 17779 15984 15983.3121  552  151          - 14807.7954      -   120 1552s
 18003 15984 16513.0896  742   96          - 14807.7954      -   119 1555s
 18427 16035 15129.5923   26  519          - 14808.6561      -   118 1570s
 18478 16222 15256.2155   40  251          - 14808.6561      -   118 1582s
 18665 16730 15506.3442  107  135          - 14808.6561      -   119 1607s
 18845 16730 15830.2371  277  196          - 14808.6561      -   118 1610s
 19173 17235 15899.5061  337  203          - 14808.6561      -   117 1626s
 19559 17235 16427.8837  508  152          - 14808.6561      -   116 1631s
 19678 17599 16593.2559  507  185          - 14808.6561      -   115 1647s
 19876 17599 17425.9315  628  155          - 14808.6561      -   115 1650s
 20070 17887 17752.1199  632  131          - 14808.6561      -   115 1663s
 20196 17887 17955.6816  691  117          - 14808.6561      -   114 1665s
 20362 18222 18621.5492  791   80          - 14813.7727      -   114 1680s
 20601 18222 20458.9952  909   55          - 14813.7727      -   113 1689s
 20637 18222 infeasible  944               - 14813.7727      -   113 1690s
 20832 18262 15021.4933   33  457          - 14813.7727      -   113 1701s
 20872 18306 15101.1876   48  364          - 14813.7727      -   113 1711s
 20916 18384 15236.9790   54  312          - 14813.7727      -   114 1722s
 20994 18756 15435.0422   84   93          - 14813.7727      -   114 1737s
 21192 18756 15551.6079  267  189          - 14813.7727      -   114 1740s
 21366 19481 15580.3359  338  146          - 14813.7727      -   113 1758s
 21546 19481 15643.7942  515  186          - 14813.7727      -   113 1760s
 22091 20140 15970.2007  842   96          - 14813.7727      -   111 1780s
 22494 20140 17260.0455 1160   99          - 14813.7727      -   109 1785s
 22764 20525 17568.1899 1161   73          - 14817.8498      -   109 1802s
 23049 20525 19435.9151 1340   95          - 14817.8498      -   108 1805s
 23413 20546 14980.6562   34  538          - 14821.1265      -   107 1818s
 23434 20584 15072.0148   39  460          - 14821.1265      -   107 1828s
 23472 20660 15213.0569   48  386          - 14821.1265      -   108 1838s
 23548 20963 15343.4783   62  356          - 14821.1265      -   108 1849s
 23571 20963 15558.3970   75  189          - 14821.1265      -   108 1850s
 23846 20963 15874.7548  311  195          - 14821.1265      -   108 1858s
 23851 21440 15624.1437   77  182          - 14821.1265      -   108 1869s
 23905 21440 15698.3916  119  190          - 14821.1265      -   108 1870s
 24263 21440 16558.4285  535  146          - 14821.1265      -   107 1875s
 24328 21832 15825.9811  188  144          - 14821.1265      -   107 1887s
 24525 21832 17256.3299  665  145          - 14821.1265      -   107 1890s
 24788 22160 16050.3395  246  116          - 14821.1265      -   106 1904s
 24806 22160 16344.6592  254  115          - 14821.1265      -   106 1905s
 25122 22849 16828.3811  518   32          - 14822.6585      -   106 1924s
 25158 22849 16870.9144  551   46          - 14822.6585      -   105 1925s
 25633 22849 18591.8694  846    9          - 14822.6585      -   104 1930s
 25932 22906 14985.1384   31  541          - 14822.6585      -   103 1942s
 25989 23094 15095.2687   36  390          - 14822.6585      -   104 1952s
 26177 23387 15328.0678   51  181          - 14822.6585      -   104 1966s
 26472 23798 15423.1708   64  263          - 14822.6585      -   104 1981s
 26768 23798 18067.3035  520   93          - 14822.6585      -   103 1985s
 26933 23984 15575.3651  141  186          - 14822.6585      -   103 1996s
 27119 24431 15958.5551  265  167          - 14822.6585      -   103 2010s
 27407 24431 16633.1938  522  136          - 14822.6585      -   102 2015s
 27566 24565 17136.8841  646  127          - 14832.6642      -   102 2026s
 27760 24645 14988.9443   33  383          - 14832.6642      -   102 2038s
 27840 24722 15065.1346   39  371          - 14832.6642      -   102 2049s
 27907 24722 15579.8078  149  196          - 14832.6642      -   103 2050s
 27917 24819 15235.4529   46  286          - 14832.6642      -   103 2060s
 28014 25130 15325.2479   56  232          - 14832.6642      -   103 2073s
 28133 25130 16368.6532  283  113          - 14832.6642      -   103 2075s
 28327 25680 15342.1773   66  198          - 14832.6642      -   103 2089s
 28345 25680 15386.1585   81  195          - 14832.6642      -   103 2090s
 28729 25680 18344.4601  624   62          - 14832.6642      -   102 2095s
 28923 26006 15592.6980  174  130          - 14832.6642      -   102 2108s
 29049 26006 16188.4342  283  109          - 14832.6642      -   102 2110s
 29342 26072 16996.1547  384   76          - 14835.5909      -   101 2123s
 29460 26152 15047.3900   39  333          - 14835.5909      -   102 2133s
 29540 26470 15089.4706   43  403          - 14835.5909      -   102 2146s
 29850 26470 16576.3575  340   76          - 14835.5909      -   102 2150s
 29871 26571 15271.0939   52  249          - 14835.5909      -   102 2159s
 29919 26571 16666.8691  356   72          - 14835.5909      -   102 2160s
 30006 26880 15393.1667   85  112          - 14840.5521      -   102 2174s
 30042 26880 15556.5913  106   95          - 14840.5521      -   102 2175s
 30337 26913 14993.7846   30  407          - 14840.5521      -   101 2187s
 30370 26952 15203.8382   39  239          - 14840.5521      -   102 2196s
 30409 27079 15309.1648   54  248          - 14840.5521      -   102 2206s
 30536 27421 15572.5041  127  140          - 14840.5521      -   103 2218s
 30644 27421 15748.3850  227  141          - 14840.5521      -   102 2220s
 30882 27494 17315.7022  392   84          - 14840.5941      -   102 2232s
 30993 27597 14987.8587   41  336          - 14840.5941      -   102 2243s
 31096 28069 15080.5214   46  350          - 14840.5941      -   103 2259s
 31142 28069 16127.2079  165   52          - 14840.5941      -   103 2260s
 31557 28069 16486.7429  557   65          - 14840.5941      -   102 2265s
 31570 28250 15148.0406   52  347          - 14840.5941      -   102 2275s
 31806 28266 15333.0602   56  306          - 14840.5941      -   102 2286s
 31822 28322 15293.2899   62  292          - 14840.5941      -   102 2295s
 31878 28430 15491.7460   90  204          - 14840.5941      -   102 2305s
 31986 28729 15765.2354  164  149          - 14840.5941      -   103 2317s
 32184 28729 16328.7590  332  142          - 14840.5941      -   102 2320s
 32285 29083 16432.8188  370  156          - 14840.5941      -   102 2332s
 32492 29083 15671.9093  197  131          - 14840.5941      -   102 2335s
 32657 29456 infeasible  434               - 14841.1416      -   102 2351s
 32918 29456 16373.3725  563  153          - 14841.1761      -   102 2355s
 33109 29473 15091.3802   36  383          - 14841.1761      -   101 2366s
 33126 29508 15178.2928   40  391          - 14841.1761      -   102 2375s
 33161 29544 15293.1875   46  313          - 14841.1761      -   102 2384s
 33197 29622 15368.8105   57  293          - 14841.1761      -   102 2394s
 33259 29622 15485.7399   67  271          - 14841.1761      -   102 2395s
 33275 29919 15492.8202   94  209          - 14841.1761      -   102 2500s
 33580 30411 16164.0077  280   96          - 14842.1960      -   102 2516s
 34123 30696 15001.3252   27  618          - 14842.1960      -   101 2534s
 34512 30722 15121.7561   31  383          - 14842.1960      -   101 2547s
 34538 30912 15337.0286   39  197          - 14842.1960      -   101 2558s
 34646 30912 15510.7101  125  127          - 14842.1960      -   101 2560s
 34728 31135 15522.8523  194   89          - 14842.9256      -   101 2571s
 34969 31178 15025.4409   39  503          - 14842.9256      -   101 2584s
 35012 31240 15140.4316   45  399          - 14842.9256      -   102 2594s
 35043 31240 15593.1242   89  150          - 14842.9256      -   102 2595s
 35074 31358 15154.1534   48  337          - 14842.9256      -   102 2620s
 35194 31451 15272.9077   54  296          - 14842.9256      -   102 2632s
 35333 31502 15391.8493   62  201          - 14842.9256      -   102 2642s
 35384 31661 15557.0577   80  160          - 14842.9256      -   103 2654s
 35456 31661 15890.8169  124   92          - 14842.9256      -   103 2655s
 35545 31763 16169.6763  182   86          - 14844.2415      -   103 2666s
 35707 31816 14980.5480   40  436          - 14844.2415      -   103 2677s
 35760 31915 15283.8390   54  288          - 14844.2415      -   103 2688s
 35837 31915 15577.9042   93   70          - 14844.2415      -   104 2690s
 35859 32295 15642.9543   74   89          - 14844.2415      -   104 2701s
 36200 32295 15956.0554  169   85          - 14844.2415      -   103 2706s
 36239 32829 15918.3778  295   73          - 14845.7924      -   103 2718s
 36401 32829 16769.6416  403   47          - 14845.7924      -   103 2720s
 36817 32899 15101.9903   34  441          - 14845.7924      -   103 2734s
 36890 32899 19311.9843  405   42          - 14845.7924      -   103 2735s
 36941 32927 15189.6938   46  351          - 14845.7924      -   103 2744s
 36959 32927 15315.3231   56  314          - 14845.7924      -   103 2745s
 36969 32998 15329.7584   56  261          - 14845.7924      -   103 2754s
 37023 32998 15280.3449   43  352          - 14845.7924      -   103 2755s
 37040 33259 15461.9990  103  151          - 14845.7924      -   103 2766s
 37301 33706 16827.8030  268   67          - 14847.1024      -   103 2783s
 37463 33706 16609.5664  414   63          - 14847.1024      -   103 2785s
 37783 33862 14887.2058   35  528          - 14847.1024      -   103 2800s
 37939 34108 15046.7642   45  339          - 14847.1024      -   103 2814s
 38185 34440 15180.7864   55  259          - 14847.1024      -   103 2829s
 38244 34440 15450.6024   94   84          - 14847.1024      -   103 2830s
 38599 34909 15567.5771  177   97          - 14847.1024      -   102 2846s
 38869 34909 16556.1643  379   23          - 14847.1024      -   102 2850s
 39092 34927 infeasible  481               - 14849.0730      -   102 2860s
 39133 35021 15040.2774   41  408          - 14849.0730      -   102 2871s
 39227 35433 15199.4086   49  305          - 14849.0730      -   102 2890s
 39584 35433 15908.8070  431   64          - 14849.0730      -   102 2895s
 39661 35458 15217.4852   56  306          - 14849.0730      -   102 2904s
 39686 35495 15351.9538   63  261          - 14849.0730      -   102 2913s
 39723 35565 15528.3908   74  265          - 14849.0730      -   102 2922s
 39793 35791 15584.8202   90  260          - 14849.0730      -   103 2934s
 39847 35791 15767.0952  127  201          - 14849.0730      -   103 2935s
 40019 36114 15874.8955  183  181          - 14849.0730      -   103 2948s
 40145 36114 16802.7554  277  110          - 14849.0730      -   102 2950s
