




arguments: ./build/mirp_solver -f ./input/orig_exec_138.cfg
Current dir: /scratch/gui/bnc_mirp
File verbosity level: 9
date       time         ( uptime  ) [ thread name/id ]                   file:line     v| 
2021-01-10 00:26:33.856 (   0.063s) [main thread     ]             loguru.cpp:789   INFO| Logging to './output/vi_cos/OU/V3/Original/execution_10_01_2021_00_26_33.log', mode: 'a', verbosity: 9
--------------------------------------------------------------------------------
Parameters
                           instance_path           ./input/Instances/Original/4/
                            model_policy                                       1
                             nb_vehicles                                       3
                              output_dir         ./output/vi_cos/OU/V3/Original/
                            sec_strategy                                       1
                       solver_nb_threads                                       2
                         solver_show_log                                    true
                       solver_time_limit                                    3600
                              use_vi_cos                                    true
                              use_vi_cus                                   false
                         use_vi_hc1_full                                   false
                         use_vi_hc1_half                                   false
                      use_vi_hc1_quarter                                   false
                              use_vi_hc2                                   false
                              use_vi_hc3                                   false
                         use_vi_lex_full                                   false
                         use_vi_lex_half                                   false
                      use_vi_lex_quarter                                   false
                              use_vi_qua                                   false
                               use_vi_vc                                   false
                               use_vi_vr                                   false
--------------------------------------------------------------------------------
executing instance: ./input/Instances/Original/4/absH3low_3n30.dat
--------------------------------------------------------------------------------
Instance details
n	31
H	3
C	2841
Li:
[0, 0, 0, 0, 0, 0, 0, 0, 0, 0, 0, 0, 0, 0, 0, 0, 0, 0, 0, 0, 0, 0, 0, 0, 0, 0, 0, 0, 0, 0, 0, ]
Ui:
[0, 246, 98, 54, 144, 171, 192, 180, 165, 98, 122, 198, 297, 144, 130, 129, 219, 138, 142, 150, 108, 66, 64, 285, 180, 204, 276, 168, 240, 198, 122, ]
Distance matrix:
|0	172	56	166	260	198	42	197	296	110	91	112	238	275	323	183	330	232	175	181	162	191	232	280	201	139	356	185	266	216	26	|
|172	0	178	223	320	335	153	355	444	62	231	99	333	376	214	352	176	235	194	106	47	41	353	161	299	175	225	43	326	374	153	|
|56	178	0	110	204	162	93	233	336	125	144	148	187	226	358	180	313	284	123	152	182	185	282	252	256	88	329	177	210	251	42	|
|166	223	110	0	102	150	199	327	431	194	253	237	113	156	431	228	296	386	44	140	248	208	389	218	366	48	287	200	108	344	148	|
|260	320	204	102	0	156	296	391	493	296	340	339	66	90	531	263	362	486	127	226	349	300	469	278	454	148	334	292	6	406	245	|
|198	335	162	150	156	0	239	255	351	286	245	307	93	106	518	111	442	423	194	280	344	335	349	367	352	182	437	327	158	266	199	|
|42	153	93	199	296	239	0	203	296	91	82	76	278	316	284	217	322	191	201	186	133	180	217	281	177	165	356	175	302	222	52	|
|197	355	233	327	391	255	203	0	104	294	125	266	340	361	436	151	524	276	352	377	330	383	109	477	146	319	553	377	395	19	222	|
|296	444	336	431	493	351	296	104	0	384	214	348	440	456	488	241	617	315	456	476	412	475	113	575	176	422	651	470	497	88	322	|
|110	62	125	194	296	286	91	294	384	0	171	55	298	340	238	292	233	210	176	118	58	91	298	201	248	148	273	87	302	313	94	|
|91	231	144	253	340	245	82	125	214	171	0	141	307	339	324	184	403	187	266	266	204	261	140	363	114	230	438	256	346	144	116	|
|112	99	148	237	339	307	76	266	348	55	141	0	332	373	212	292	275	156	225	173	64	137	254	253	200	194	322	135	345	284	108	|
|238	333	187	113	66	93	278	340	440	298	307	332	0	43	536	203	404	469	153	253	354	321	427	322	420	160	385	313	67	353	229	|
|275	376	226	156	90	106	316	361	456	340	339	373	43	0	578	216	443	507	194	295	397	364	453	361	451	203	421	356	88	372	268	|
|323	214	358	431	531	518	284	436	488	238	324	212	536	578	0	498	309	176	407	320	183	245	376	344	312	383	379	251	537	451	319	|
|183	352	180	228	263	111	217	151	241	292	184	292	203	216	498	0	492	371	266	328	345	364	255	426	272	242	501	356	266	159	198	|
|330	176	313	296	362	442	322	524	617	233	403	275	404	443	309	492	0	397	253	164	218	142	529	84	475	260	72	147	367	543	306	|
|232	235	284	386	486	423	191	276	315	210	187	156	469	507	176	371	397	0	379	327	188	276	202	396	139	346	456	277	492	289	242	|
|175	194	123	44	127	194	201	352	456	176	266	225	153	194	407	266	253	379	0	101	225	174	405	174	375	36	244	166	133	370	152	|
|181	106	152	140	226	280	186	377	476	118	266	173	253	295	320	328	164	327	101	0	148	76	403	100	360	98	177	69	232	396	155	|
|162	47	182	248	349	344	133	330	412	58	204	64	354	397	183	345	218	188	225	148	0	89	316	208	259	201	270	90	355	348	149	|
|191	41	185	208	300	335	180	383	475	91	261	137	321	364	245	364	142	276	174	76	89	0	388	119	336	162	185	8	306	402	169	|
|232	353	282	389	469	349	217	109	113	298	140	254	427	453	376	255	529	202	405	403	316	388	0	497	64	369	570	384	474	112	256	|
|280	161	252	218	278	367	281	477	575	201	363	253	322	361	344	426	84	396	174	100	208	119	497	0	449	187	77	119	283	496	255	|
|201	299	256	366	454	352	177	146	176	248	114	200	420	451	312	272	475	139	375	360	259	336	64	449	0	339	521	333	460	156	223	|
|139	175	88	48	148	182	165	319	422	148	230	194	160	203	383	242	260	346	36	98	201	162	369	187	339	0	260	153	154	337	116	|
|356	225	329	287	334	437	356	553	651	273	438	322	385	421	379	501	72	456	244	177	270	185	570	77	521	260	0	187	338	572	331	|
|185	43	177	200	292	327	175	377	470	87	256	135	313	356	251	356	147	277	166	69	90	8	384	119	333	153	187	0	298	396	163	|
|266	326	210	108	6	158	302	395	497	302	346	345	67	88	537	266	367	492	133	232	355	306	474	283	460	154	338	298	0	410	251	|
|216	374	251	344	406	266	222	19	88	313	144	284	353	372	451	159	543	289	370	396	348	402	112	496	156	337	572	396	410	0	241	|
|26	153	42	148	245	199	52	222	322	94	116	108	229	268	319	198	306	242	152	155	149	169	256	255	223	116	331	163	251	241	0	|

--------------------------------------------------------------------------------
Building model...
	using lazy and cut (CVRPSEP package)
Solving IRP LP...
--------------------------------------------------------------------------------

Gurobi 9.1.0 (linux64) logging started Sun Jan 10 00:26:34 2021

Gurobi Optimizer version 9.1.0 build v9.1.0rc0 (linux64)
Thread count: 32 physical cores, 32 logical processors, using up to 2 threads
Optimize a model with 871 rows, 4858 columns and 17068 nonzeros
Model fingerprint: 0x53de5792
Variable types: 394 continuous, 4464 integer (279 binary)
Coefficient statistics:
  Matrix range     [1e+00, 9e+02]
  Objective range  [1e-02, 7e+02]
  Bounds range     [1e+00, 3e+02]
  RHS range        [3e+01, 5e+03]
Presolve removed 192 rows and 82 columns
Presolve time: 0.07s
Presolved: 679 rows, 4776 columns, 16139 nonzeros
Variable types: 295 continuous, 4481 integer (4194 binary)

Root relaxation: objective 2.349472e+03, 722 iterations, 0.01 seconds

    Nodes    |    Current Node    |     Objective Bounds      |     Work
 Expl Unexpl |  Obj  Depth IntInf | Incumbent    BestBd   Gap | It/Node Time

     0     0 2349.47180    0   88          - 2349.47180      -     -    0s
     0     0 2484.12786    0  103          - 2484.12786      -     -    0s
     0     0 2494.77931    0  100          - 2494.77931      -     -    0s
     0     0 2501.40276    0  100          - 2501.40276      -     -    0s
     0     0 3018.02351    0  163          - 3018.02351      -     -    0s
     0     0 3067.52201    0  176          - 3067.52201      -     -    0s
     0     0 3067.52201    0  163          - 3067.52201      -     -    0s
     0     0 3178.14699    0  177          - 3178.14699      -     -    0s
     0     0 3227.44514    0  185          - 3227.44514      -     -    0s
     0     0 3227.71243    0  192          - 3227.71243      -     -    0s
     0     0 3410.44395    0  250          - 3410.44395      -     -    0s
     0     0 3419.98110    0  242          - 3419.98110      -     -    0s
     0     0 3421.57239    0  259          - 3421.57239      -     -    1s
     0     0 3421.74789    0  272          - 3421.74789      -     -    1s
     0     0 3461.46317    0  243          - 3461.46317      -     -    1s
     0     0 3464.29689    0  285          - 3464.29689      -     -    1s
     0     0 3466.38747    0  282          - 3466.38747      -     -    1s
     0     0 3466.53057    0  296          - 3466.53057      -     -    1s
     0     0 3480.65647    0  292          - 3480.65647      -     -    1s
     0     0 3483.58058    0  330          - 3483.58058      -     -    1s
     0     0 3483.76926    0  266          - 3483.76926      -     -    1s
     0     0 3487.45314    0  273          - 3487.45314      -     -    1s
     0     0 3487.45314    0  260          - 3487.45314      -     -    1s
     0     2 3488.32008    0  260          - 3488.32008      -     -    1s
   113   119 3879.55351   35   98          - 3502.91683      -   170    5s
   435   471 5218.14392  164   72          - 3502.91683      -   113   10s
  1100  1115 3733.35898    8  177          - 3504.62994      -  68.5   15s
  1179  1139 5132.60166   99  403          - 3612.33697      -  67.3   20s
  1207  1159 6059.96705  212  419          - 3614.98731      -  71.8   25s
  1225  1174 3664.64986   32  284          - 3637.53548      -  75.7   30s
  1337  1249 3875.86430   58  184          - 3665.22852      -  88.2   35s
  1548  1391 4958.96361  104   85          - 3665.22852      -  95.2   40s
  1894  1620 4737.77405  161   77          - 3665.22852      -  93.6   45s
  2168  1774 3949.29505   43  296          - 3679.57740      -  92.3   50s
  2413  1886 4301.48443   70  142          - 3679.57740      -  94.4   55s
  2543  2001 4808.48173  122  127          - 3679.57740      -  97.9   60s
  2699  2098 3869.72815   38  281          - 3698.95382      -   101   65s
  2908  2250 4124.63575   52  204          - 3698.95382      -   101   71s
  3121  2339 4389.43784   73  118          - 3698.95382      -   100   75s
  3311  2503 5282.56643  155   55          - 3698.95382      -   103   81s
  3487  2665 6184.21661  255   33          - 3705.40872      -   102   85s
  3750  2793 4242.31215   47  119          - 3705.40872      -   101   90s
  3975  2837 4476.37412   68  179          - 3705.40872      -   100   95s
  4248  3013 4927.68875  113   29          - 3705.40872      -  99.3  100s
  4535  3235 5839.05605  237   45          - 3710.81605      -  95.6  105s
  4688  3308 4217.07336   52  160          - 3710.81605      -  97.4  111s
  4926  3535 4700.92943   98   64          - 3710.81605      -  96.5  117s
  5007  3702 4895.97829  133   34          - 3729.27644      -  96.8  120s
  5239  3799 4041.49607   46  267          - 3729.27644      -  96.4  126s
  5361  4016 4266.98907   55  202          - 3729.27644      -  97.5  131s
  5572  4096 4730.03916   76  181          - 3729.27644      -  97.3  137s
  5691  4276 5468.24174  105  145          - 3729.27644      -  98.8  142s
  5825  4357 5698.39647  131  133          - 3729.27644      -  98.6  147s
  5919  4398 infeasible  175               - 3742.16941      -  98.8  150s
  6044  4749 4363.28540   64   69          - 3743.76058      -   101  157s
  6397  4792 4215.60597   38  246          - 3744.25168      -  98.5  162s
  6429  4952 4615.32207   45  139          - 3744.25168      -  99.2  165s
  6595  5089 5131.31444   77   50          - 3746.82438      -  98.8  170s
  6811  5217 4509.37706   72   42          - 3746.86032      -  98.7  176s
  6883  5339 4683.84625  102   41          - 3746.86032      -  99.5  181s
  7013  5515 infeasible  155               - 3747.75540      -  98.8  185s
  7356  5650 6972.73632  247   12          - 3747.75540      -  97.1  190s
  7562  6027 5077.47093  114   33          - 3750.86715      -  97.0  199s
  7812  6058 4100.07410   43  322          - 3751.70969      -  96.2  202s
  7842  6121 4199.79975   51  195          - 3751.70969      -  97.0  206s
  7907  6322 4688.48997   81   28          - 3751.97636      -  97.8  211s
  8199  6548 4701.81000   89    4          - 3756.30547      -  96.5  217s
* 8204  2345              94    4714.3100000 3756.30547  20.3%  96.5  217s
H 8486  2070                    4702.3100000 3758.05601  20.1%  95.3  222s
  8497  2105 4376.63169   43  210 4702.31000 3758.05601  20.1%  95.8  226s
  8534  2136 4638.44261   49   66 4702.31000 3758.06463  20.1%  96.6  230s
  8637  2196 4297.31629   45  251 4702.31000 3764.68254  19.9%  98.3  238s
  8686  2233 4042.15324   38  154 4702.31000 3765.69964  19.9%  99.1  242s
H 8726  1285                    4466.6300000 3766.95678  15.7%   100  243s
  8745  1285 4002.76866   41  309 4466.63000 3766.95678  15.7%   100  247s
  8770  1313 4289.96537   47  237 4466.63000 3767.66920  15.6%   101  251s
  8822  1331 4100.47321   38  192 4466.63000 3773.05419  15.5%   102  256s
  8866  1353 4094.13853   35  315 4466.63000 3773.58052  15.5%   102  260s
H 8874  1319                    4455.5800000 3773.58052  15.3%   103  260s
  8896  1329 4239.54470   40  281 4455.58000 3773.58052  15.3%   103  265s
H 8903  1281                    4443.5800000 3773.58052  15.1%   104  265s
H 8921  1277                    4441.3100000 3773.58052  15.0%   104  265s
H 8929  1232                    4428.2200000 3773.58052  14.8%   104  265s
H 8949  1230                    4422.2200000 3781.51867  14.5%   104  269s
H 8968  1177                    4407.9500000 3783.44471  14.2%   105  269s
  8969  1188 4218.39165   49  294 4407.95000 3788.60035  14.1%   105  274s
  9014  1201 4231.05179   57  221 4407.95000 3791.62911  14.0%   106  278s
  9055  1237 4315.41568   49  175 4407.95000 3793.97074  13.9%   107  283s
  9103  1258 4132.02014   49  285 4407.95000 3798.32963  13.8%   108  287s
  9145  1290 4012.26502   41  345 4407.95000 3798.77160  13.8%   109  293s
  9192  1309     cutoff   65      4407.95000 3799.06655  13.8%   110  297s
  9243  1322 4388.82333   52  106 4407.95000 3801.44869  13.8%   111  303s
  9303  1335 4405.60240   53  280 4407.95000 3811.00587  13.5%   112  308s
  9351  1368     cutoff   44      4407.95000 3812.64561  13.5%   113  313s
H 9375  1346                    4402.4600000 3812.64561  13.4%   114  313s
  9423  1363 4058.78660   38  288 4402.46000 3818.23903  13.3%   114  319s
  9464  1379 3944.09029   41  454 4402.46000 3818.27508  13.3%   115  325s
  9496  1388 4316.12255   52  333 4402.46000 3828.20955  13.0%   116  330s
H 9530  1273                    4377.8500000 3828.22229  12.6%   117  331s
  9535  1308     cutoff   67      4377.85000 3830.40068  12.5%   117  336s
  9590  1312 4237.00897   49  149 4377.85000 3832.39482  12.5%   118  342s
  9658  1346 4308.77269   49  183 4377.85000 3837.41990  12.3%   119  349s
  9702  1372 4329.35114   50  309 4377.85000 3837.56178  12.3%   120  355s
  9765  1395 4237.17373   47  234 4377.85000 3839.05773  12.3%   121  362s
  9838  1414     cutoff   56      4377.85000 3847.45261  12.1%   122  370s
  9889  1430     cutoff   58      4377.85000 3849.53991  12.1%   123  376s
  9947  1460 3973.29479   40  401 4377.85000 3854.46456  12.0%   124  383s
 10001  1472 4330.28227   51  189 4377.85000 3857.23864  11.9%   125  390s
 10029  1552 4075.27191   44  274 4377.85000 3857.52450  11.9%   125  398s
 10170  1580 4091.81767   54  337 4377.85000 3858.92100  11.9%   126  405s
 10242  1606 4302.14927   46  305 4377.85000 3863.63379  11.7%   127  411s
 10310  1634 4355.59120   53  204 4377.85000 3866.46530  11.7%   129  418s
 10386  1666     cutoff   47      4377.85000 3868.23035  11.6%   130  425s
 10450  1716 4280.29221   44  353 4377.85000 3869.25793  11.6%   131  432s
 10559  1763 4087.89996   37  360 4377.85000 3874.30373  11.5%   132  439s
 10622  1803 4259.01014   55  295 4377.85000 3880.34640  11.4%   132  447s
 10702  1850 4097.34719   48  458 4377.85000 3886.62585  11.2%   133  455s
 10777  1890     cutoff   45      4377.85000 3888.52205  11.2%   134  464s
 10867  1935 4190.39221   41  127 4377.85000 3888.78541  11.2%   135  472s
 10971  1992 4126.65299   42  339 4377.85000 3894.62960  11.0%   136  480s
 11087  2047 4077.07919   39  312 4377.85000 3901.09074  10.9%   137  487s
 11201  2086 3949.28034   39  336 4377.85000 3908.29536  10.7%   138  496s
 11301  2125 4092.22990   44  317 4377.85000 3919.57264  10.5%   139  504s
 11377  2157 4115.92401   48  313 4377.85000 3921.33916  10.4%   140  512s
 11496  2168 4337.22017   69  148 4377.85000 3924.34487  10.4%   140  520s
 11594  2200 4262.14046   44  312 4377.85000 3927.28439  10.3%   141  528s
 11662  2236 4160.94512   52  327 4377.85000 3928.65502  10.3%   142  536s
 11752  2263     cutoff   46      4377.85000 3932.29611  10.2%   143  544s
 11840  2311     cutoff   43      4377.85000 3936.55889  10.1%   144  552s
 11941  2346 4099.40618   43  247 4377.85000 3942.36628  9.95%   145  561s
 12043  2367     cutoff   51      4377.85000 3942.74788  9.94%   146  569s
 12124  2403 4022.39268   46  334 4377.85000 3944.44564  9.90%   147  578s
 12223  2476 4265.30905   68  203 4377.85000 3948.08918  9.82%   148  587s
 12376  2531 4329.17366   52   67 4377.85000 3953.75382  9.69%   148  596s
 12493  2586 4116.49197   42  304 4377.85000 3957.39655  9.60%   149  604s
 12613  2607 4147.83218   46  348 4377.85000 3958.36943  9.58%   150  613s
 12696  2629     cutoff   50      4377.85000 3961.09136  9.52%   151  623s
 12752  2662 4196.11726   46  294 4377.85000 3961.55992  9.51%   152  632s
 12855  2689 4101.56008   49  318 4377.85000 3963.20249  9.47%   153  641s
 12954  2757 4076.26267   42  208 4377.85000 3969.03313  9.34%   154  650s
 13106  2778 4335.48151   54  296 4377.85000 3973.29762  9.24%   154  660s
 13180  2826 4295.17276   54   89 4377.85000 3975.71216  9.19%   155  669s
 13257  2878 4346.40654   46  212 4377.85000 3976.58814  9.17%   157  679s
 13413  2932     cutoff   73      4377.85000 3976.65662  9.16%   157  689s
 13526  2962 4256.16396   43  278 4377.85000 3978.65707  9.12%   158  698s
 13619  3014 4199.81123   44  147 4377.85000 3982.44751  9.03%   159  708s
 13729  3067 4131.02854   47  320 4377.85000 3983.60200  9.01%   160  719s
 13848  3128 4200.73449   51  315 4377.85000 3985.16210  8.97%   161  729s
 13979  3238     cutoff   43      4377.85000 3987.13781  8.92%   161  739s
 14158  3285 4300.35031   50  197 4377.85000 3990.01349  8.86%   162  749s
 14295  3339 4269.37412   47  291 4377.85000 3992.39237  8.80%   162  760s
 14422  3394 4244.93748   47  318 4377.85000 3994.52413  8.76%   163  770s
 14536  3445 4145.67324   42  286 4377.85000 3995.39694  8.74%   164  780s
 14652  3505 4084.65895   48  471 4377.85000 3996.83434  8.70%   165  790s
 14777  3532 4347.02603   61  280 4377.85000 3997.12521  8.70%   166  800s
 14878  3575 4277.94961   44  234 4377.85000 4000.21166  8.63%   167  810s
 15011  3653     cutoff   50      4377.85000 4003.12867  8.56%   167  820s
 15170  3710     cutoff   47      4377.85000 4004.99832  8.52%   168  831s
 15296  3771 4273.17475   49   88 4377.85000 4007.03411  8.47%   168  841s
 15425  3809 4244.49389   62  259 4377.85000 4009.03551  8.42%   169  852s
 15571  3869 4322.36416   44  121 4377.85000 4011.52011  8.37%   170  863s
 15705  3896 4073.47801   43  306 4377.85000 4012.72319  8.34%   170  873s
 15800  3928     cutoff   52      4377.85000 4015.48069  8.28%   171  884s
 15892  3962 4187.53839   47  246 4377.85000 4017.27638  8.24%   172  894s
 16028  4058 4245.89037   42  274 4377.85000 4018.61748  8.21%   173  905s
 16197  4116 infeasible   44      4377.85000 4021.26216  8.15%   173  916s
 16358  4179     cutoff   52      4377.85000 4021.60725  8.14%   174  926s
 16482  4202 4101.99492   49  332 4377.85000 4023.72863  8.09%   174  937s
 16578  4244 4276.29458   53  273 4377.85000 4024.17706  8.08%   175  947s
 16708  4273     cutoff   49      4377.85000 4026.08672  8.04%   176  959s
 16819  4333 4172.99703   45  336 4377.85000 4027.52671  8.00%   177  969s
 16955  4363 4173.02891   49  252 4377.85000 4028.52126  7.98%   177  980s
 17075  4433     cutoff   48      4377.85000 4030.21531  7.94%   178  991s
 17234  4483 4152.24943   53  259 4377.85000 4033.08573  7.88%   179 1003s
 17393  4527     cutoff   41      4377.85000 4034.80244  7.84%   179 1014s
 17525  4593 4164.31589   49   82 4377.85000 4036.35493  7.80%   180 1025s
 17701  4626     cutoff   41      4377.85000 4038.18727  7.76%   180 1109s
 17796  4626 4338.33890   46  236 4377.85000 4038.18727  7.76%   180 1110s
 17799  4717 4165.51170   44  373 4377.85000 4038.68868  7.75%   180 1122s
 17987  4786     cutoff   47      4377.85000 4040.97608  7.69%   180 1135s
 18145  4840     cutoff   56      4377.85000 4042.20885  7.67%   181 1147s
 18293  4915     cutoff   51      4377.85000 4042.74883  7.65%   181 1159s
 18492  4955 4252.24180   44  202 4377.85000 4045.60504  7.59%   182 1170s
 18633  5031 4120.07275   45  360 4377.85000 4047.07513  7.56%   182 1182s
 18807  5068 4246.49121   44  241 4377.85000 4048.56723  7.52%   183 1193s
 18946  5135 4311.48522   53  147 4377.85000 4050.50559  7.48%   183 1205s
 19127  5177 4172.23824   49  301 4377.85000 4051.78046  7.45%   184 1216s
 19264  5212     cutoff   55      4377.85000 4052.85521  7.42%   184 1228s
 19395  5287 4192.67503   52  270 4377.85000 4054.22055  7.39%   185 1240s
 19591  5347 4326.53795   55  113 4377.85000 4055.57825  7.36%   185 1251s
 19755  5387 4105.10151   48  286 4377.85000 4057.17762  7.32%   186 1262s
 19902  5427 4294.13511   47  226 4377.85000 4059.28439  7.28%   186 1274s
 20044  5486 4226.70850   52  271 4377.85000 4060.82939  7.24%   187 1285s
 20183  5545 4198.41128   44  297 4377.85000 4062.24871  7.21%   188 1297s
 20356  5592 4324.59573   54  258 4377.85000 4063.01106  7.19%   188 1309s
 20513  5684 4239.92043   49  198 4377.85000 4064.80533  7.15%   189 1321s
 20718  5742 4286.49505   45  277 4377.85000 4065.58615  7.13%   189 1332s
 20892  5791 4346.06273   51  188 4377.85000 4066.77142  7.11%   189 1344s
 20977  5791 4244.29802   46  295 4377.85000 4067.41611  7.09%   189 1345s
 21088  5835     cutoff   63      4377.85000 4067.56479  7.09%   189 1356s
 21250  5877 4172.69718   49  315 4377.85000 4069.71081  7.04%   190 1367s
 21410  5957 4306.41777   46  331 4377.85000 4072.00047  6.99%   190 1378s
 21618  6011 4320.68481   59  312 4377.85000 4072.95412  6.96%   190 1390s
 21782  6078 4278.43817   42  340 4377.85000 4074.69827  6.92%   191 1402s
 21968  6126 4372.72000   55    - 4377.85000 4075.81140  6.90%   191 1414s
 22114  6162 4373.72000   55    - 4377.85000 4076.82057  6.88%   192 1432s
 22223  6208     cutoff   55      4377.85000 4077.50240  6.86%   192 1447s
 22406  6269 4275.48919   62  198 4377.85000 4079.04275  6.83%   192 1459s
 22611  6341 4228.92432   39  231 4377.85000 4081.85604  6.76%   192 1471s
 22794  6395 4286.95667   54  298 4377.85000 4082.35718  6.75%   192 1483s
 22984  6442     cutoff   58      4377.85000 4084.36936  6.70%   193 1495s
 23150  6495 4114.90635   47  372 4377.85000 4084.64646  6.70%   193 1507s
 23313  6528     cutoff   48      4377.85000 4085.78742  6.67%   193 1519s
 23467  6595 infeasible   41      4377.85000 4088.09999  6.62%   194 1531s
 23658  6652 infeasible   72      4377.85000 4088.69318  6.60%   194 1543s
 23835  6713 4155.89418   48  300 4377.85000 4089.56593  6.59%   194 1555s
 24024  6797 4297.55228   57  269 4377.85000 4091.86853  6.53%   195 1568s
 24230  6832 4133.68771   46  298 4377.85000 4093.74896  6.49%   195 1580s
 24412  6896     cutoff   50      4377.85000 4094.63913  6.47%   195 1592s
 24618  6940 4338.17512   50  276 4377.85000 4095.98087  6.44%   195 1604s
 24788  6982     cutoff   45      4377.85000 4097.15669  6.41%   195 1616s
 24985  7022 4349.57766   57  189 4377.85000 4099.04696  6.37%   196 1628s
 25153  7071     cutoff   54      4377.85000 4099.61380  6.36%   196 1641s
 25334  7088     cutoff   55      4377.85000 4100.11422  6.34%   196 1652s
 25508  7159 4205.98117   46  189 4377.85000 4100.91960  6.33%   197 1664s
 25600  7159     cutoff   58      4377.85000 4101.78713  6.31%   197 1665s
 25699  7195 4285.16618   49  126 4377.85000 4101.81444  6.31%   197 1677s
 25862  7278     cutoff   48      4377.85000 4102.72841  6.28%   197 1689s
 25940  7278     cutoff   44      4377.85000 4103.17040  6.27%   197 1690s
 26073  7356     cutoff   56      4377.85000 4103.24136  6.27%   197 1702s
 26275  7381 4303.99159   47  191 4377.85000 4104.48423  6.24%   197 1714s
 26447  7417     cutoff   52      4377.85000 4105.02177  6.23%   198 1726s
 26646  7442 4271.46347   47  187 4377.85000 4106.84681  6.19%   198 1739s
 26799  7491 4292.23246   54  289 4377.85000 4107.44036  6.18%   198 1752s
 26980  7514 4154.81798   49  381 4377.85000 4108.82557  6.15%   199 1765s
 27121  7610 4312.88875   48  312 4377.85000 4109.78260  6.12%   199 1778s
 27366  7640 4197.35451   40  273 4377.85000 4111.15792  6.09%   199 1791s
 27556  7678 4316.75048   47  159 4377.85000 4112.44775  6.06%   199 1804s
 27738  7715 4313.22565   51  199 4377.85000 4113.29862  6.04%   199 1816s
 27911  7794     cutoff   57      4377.85000 4113.92372  6.03%   200 1829s
 28126  7845 4335.52794   53  250 4377.85000 4114.69854  6.01%   200 1842s
 28334  7915 4341.84695   41  231 4377.85000 4115.38920  6.00%   200 1854s
 28436  7915 4361.66061   63  232 4377.85000 4115.38920  6.00%   200 1855s
 28543  7963 4292.93937   50  227 4377.85000 4115.81999  5.99%   200 1868s
 28727  7991     cutoff   77      4377.85000 4117.15931  5.95%   200 1880s
*28817  7966              73    4374.8000000 4118.45582  5.86%   200 1881s
 28894  7985 4191.36476   54  310 4374.80000 4118.50260  5.86%   200 1894s
 29029  8014 4341.60200   52  236 4374.80000 4119.65970  5.83%   201 1906s
 29213  8090 4288.85158   60   89 4374.80000 4120.81318  5.81%   201 1920s
 29437  8119 4171.15542   49  276 4374.80000 4121.47919  5.79%   201 1933s
 29590  8171     cutoff   57      4374.80000 4122.23363  5.77%   201 1946s
H29695  7049                    4323.8000000 4122.23363  4.66%   201 1946s
 29785  7072 4264.76028   52  220 4323.80000 4123.25483  4.64%   201 1959s
 30009  7082     cutoff   46      4323.80000 4124.31924  4.61%   201 1972s
 30175  7119 4294.15157   48   95 4323.80000 4125.68920  4.58%   201 1985s
H30365  5079                    4272.4100000 4126.70868  3.41%   201 1999s
 30583  5064 infeasible   45      4272.41000 4127.48400  3.39%   201 2012s
 30753  5040     cutoff   48      4272.41000 4128.91697  3.36%   202 2024s
 30849  5040 4250.83980   43  225 4272.41000 4130.76854  3.32%   202 2025s
 30934  5033     cutoff   52      4272.41000 4130.91135  3.31%   202 2037s
 31138  5031     cutoff   48      4272.41000 4133.13501  3.26%   202 2049s
 31312  5013     cutoff   53      4272.41000 4134.08184  3.24%   202 2062s
 31482  5012     cutoff   49      4272.41000 4135.85484  3.20%   202 2077s
 31769  5021     cutoff   52      4272.41000 4136.94866  3.17%   202 2089s
 31968  5015 4227.11945   52   69 4272.41000 4138.70449  3.13%   202 2102s
 32174  4999 4264.31203   48  234 4272.41000 4140.02365  3.10%   202 2115s
 32394  4983 4190.08330   45  248 4272.41000 4141.74315  3.06%   202 2129s
 32493  4983 4173.15102   50  314 4272.41000 4143.44853  3.02%   202 2130s
 32588  4968 4257.41478   50  239 4272.41000 4143.52106  3.02%   202 2143s
 32824  4957 4186.72209   51  254 4272.41000 4145.45809  2.97%   202 2159s
 33061  4927     cutoff   55      4272.41000 4147.14861  2.93%   202 2175s
 33252  4913     cutoff   52      4272.41000 4149.82780  2.87%   202 2188s
 33473  4913     cutoff   53      4272.41000 4151.19526  2.84%   202 2202s
 33716  4890 4254.38059   54  220 4272.41000 4153.15857  2.79%   202 2215s
 33934  4896     cutoff   48      4272.41000 4154.52071  2.76%   202 2226s
 34158  4864 4253.94515   45  179 4272.41000 4156.66999  2.71%   202 2238s
 34350  4864 4258.03994   47  146 4272.41000 4157.81191  2.68%   202 2251s
 34611  4844     cutoff   53      4272.41000 4159.83619  2.63%   202 2263s
 34822  4846 4187.53516   40  193 4272.41000 4161.57696  2.59%   202 2275s
 35082  4811 4243.28651   49  272 4272.41000 4162.74593  2.57%   201 2287s
 35289  4783     cutoff   47      4272.41000 4164.26477  2.53%   201 2300s
 35524  4770 4190.28681   49   83 4272.41000 4165.83175  2.49%   201 2312s
 35746  4746 4184.76315   49  103 4272.41000 4167.37605  2.46%   201 2324s
 35994  4703     cutoff   44      4272.41000 4169.42719  2.41%   201 2337s
 36242  4661     cutoff   53      4272.41000 4171.08672  2.37%   201 2348s
 36452  4627     cutoff   48      4272.41000 4172.51870  2.34%   201 2360s
 36662  4564     cutoff   44      4272.41000 4174.23683  2.30%   201 2371s
 36862  4542 4253.87004   52  230 4272.41000 4176.03461  2.26%   201 2384s
 37127  4519 4260.09017   51   80 4272.41000 4177.44249  2.22%   200 2395s
 37352  4483     cutoff   47      4272.41000 4178.78399  2.19%   200 2408s
 37597  4434 4235.34551   53  268 4272.41000 4180.42303  2.15%   200 2420s
 37835  4409 4246.84283   55  233 4272.41000 4181.86415  2.12%   200 2432s
 38060  4385 4233.97131   50  359 4272.41000 4182.87740  2.10%   200 2445s
 38369  4331 4219.24747   46  180 4272.41000 4184.19310  2.06%   199 2458s
 38598  4271 4208.13517   50  318 4272.41000 4186.37725  2.01%   199 2470s
 38826  4219     cutoff   49      4272.41000 4188.67832  1.96%   199 2481s
 39044  4150 4243.54537   49  333 4272.41000 4190.07367  1.93%   199 2493s
 39292  4093 4249.10402   51  142 4272.41000 4191.70004  1.89%   199 2504s
 39404  4093     cutoff   44      4272.41000 4193.12011  1.86%   199 2505s
 39532  4030 4255.36769   43  234 4272.41000 4193.20041  1.85%   198 2515s
 39795  3962     cutoff   55      4272.41000 4195.43243  1.80%   198 2526s
 39989  3881     cutoff   47      4272.41000 4197.35000  1.76%   198 2537s
 40248  3823     cutoff   46      4272.41000 4198.78594  1.72%   198 2549s
 40536  3763 4251.36122   48  275 4272.41000 4200.78818  1.68%   197 2560s
 40840  3691 4211.77680   53  282 4272.41000 4202.75022  1.63%   197 2571s
 41081  3589 infeasible   57      4272.41000 4204.45103  1.59%   197 2582s
 41316  3509 4226.09639   41  138 4272.41000 4206.64848  1.54%   196 2594s
 41589  3418     cutoff   51      4272.41000 4208.43665  1.50%   196 2605s
 41909  3330     cutoff   48      4272.41000 4210.24211  1.46%   195 2617s
 42204  3243 4237.23260   47  244 4272.41000 4211.99816  1.41%   195 2629s
 42504  3152     cutoff   54      4272.41000 4213.82944  1.37%   195 2640s
 42799  3047     cutoff   47      4272.41000 4215.90897  1.32%   194 2651s
 43120  2945 4257.98714   59  183 4272.41000 4218.11435  1.27%   194 2667s
 43368  2840 4271.04991   53  231 4272.41000 4219.47253  1.24%   193 2680s
 43633  2722     cutoff   60      4272.41000 4222.04777  1.18%   193 2690s
 43997  2585     cutoff   41      4272.41000 4224.12031  1.13%   192 2702s
 44328  2432     cutoff   56      4272.41000 4226.27984  1.08%   191 2712s
 44690  2298     cutoff   56      4272.41000 4229.09720  1.01%   191 2722s
 45057  2116     cutoff   49      4272.41000 4231.21493  0.96%   190 2732s
 45402  1922     cutoff   50      4272.41000 4234.61525  0.88%   189 2742s
 45752  1722     cutoff   51      4272.41000 4237.23613  0.82%   189 2752s
 46125  1501     cutoff   48      4272.41000 4240.22291  0.75%   188 2762s
 46530  1243     cutoff   54      4272.41000 4243.60774  0.67%   187 2771s
 46946   959     cutoff   50      4272.41000 4248.43634  0.56%   186 2778s
 47308   647     cutoff   50      4272.41000 4253.12782  0.45%   185 2784s
 47681   306     cutoff   64      4272.41000 4259.35045  0.31%   184 2789s
 48039     0     cutoff   54      4272.41000 4266.17174  0.15%   183 2792s

Cutting planes:
  User: 4894
  Gomory: 19
  Cover: 241
  Implied bound: 29
  Projected implied bound: 1
  Clique: 16
  MIR: 126
  StrongCG: 2
  Flow cover: 333
  Zero half: 4
  Network: 4
  RLT: 202
  Relax-and-lift: 11
  Lazy constraints: 582

Explored 48353 nodes (8783464 simplex iterations) in 2792.75 seconds
Thread count was 2 (of 32 available processors)

Solution count 10: 4272.41 4323.8 4374.8 ... 4443.58

Optimal solution found (tolerance 1.00e-04)
Best objective 4.272410000000e+03, best bound 4.272410000000e+03, gap 0.0000%

User-callback calls 349474, time in user-callback 142.65 sec
================================================================================
executing instance: ./input/Instances/Original/4/absH3low_3n10.dat
--------------------------------------------------------------------------------
Instance details
n	11
H	3
C	687
Li:
[0, 0, 0, 0, 0, 0, 0, 0, 0, 0, 0, ]
Ui:
[0, 189, 44, 174, 78, 36, 198, 117, 42, 96, 240, ]
Distance matrix:
|0	209	255	286	142	156	285	317	182	161	135	|
|209	0	464	451	315	356	490	469	361	299	260	|
|255	464	0	221	202	130	74	280	189	254	273	|
|286	451	221	0	145	156	164	479	354	153	192	|
|142	315	202	145	0	73	194	388	250	53	73	|
|156	356	130	156	73	0	134	332	200	127	144	|
|285	490	74	164	194	134	0	353	256	239	267	|
|317	469	280	479	388	332	353	0	141	436	430	|
|182	361	189	354	250	200	256	141	0	296	289	|
|161	299	254	153	53	127	239	436	296	0	39	|
|135	260	273	192	73	144	267	430	289	39	0	|

--------------------------------------------------------------------------------
Building model...
	using lazy and cut (CVRPSEP package)
Solving IRP LP...
--------------------------------------------------------------------------------

Gurobi 9.1.0 (linux64) logging started Sun Jan 10 01:13:07 2021

Gurobi Optimizer version 9.1.0 build v9.1.0rc0 (linux64)
Thread count: 32 physical cores, 32 logical processors, using up to 2 threads
Optimize a model with 311 rows, 728 columns and 2708 nonzeros
Model fingerprint: 0x3e0a4456
Variable types: 134 continuous, 594 integer (99 binary)
Coefficient statistics:
  Matrix range     [1e+00, 5e+02]
  Objective range  [1e-02, 5e+02]
  Bounds range     [1e+00, 2e+02]
  RHS range        [2e+01, 1e+03]
Presolve removed 68 rows and 29 columns
Presolve time: 0.02s
Presolved: 243 rows, 699 columns, 2391 nonzeros
Variable types: 99 continuous, 600 integer (504 binary)

Root relaxation: objective 1.472052e+03, 351 iterations, 0.01 seconds

    Nodes    |    Current Node    |     Objective Bounds      |     Work
 Expl Unexpl |  Obj  Depth IntInf | Incumbent    BestBd   Gap | It/Node Time

     0     0 1472.05243    0   43          - 1472.05243      -     -    0s
     0     0 1621.72332    0   34          - 1621.72332      -     -    0s
     0     0 1885.12203    0   89          - 1885.12203      -     -    0s
     0     0 2024.30855    0   80          - 2024.30855      -     -    0s
     0     0 2024.30855    0   80          - 2024.30855      -     -    0s
     0     0 2096.05301    0   78          - 2096.05301      -     -    0s
     0     0 2164.77953    0  105          - 2164.77953      -     -    0s
     0     0 2176.88780    0  106          - 2176.88780      -     -    0s
     0     0 2176.97501    0  107          - 2176.97501      -     -    0s
     0     0 2235.24159    0   94          - 2235.24159      -     -    0s
     0     0 2238.42518    0   95          - 2238.42518      -     -    0s
     0     0 2239.11834    0   99          - 2239.11834      -     -    0s
     0     0 2239.14102    0  103          - 2239.14102      -     -    0s
     0     0 2269.96106    0   84          - 2269.96106      -     -    0s
     0     0 2272.32852    0   98          - 2272.32852      -     -    0s
     0     0 2276.48582    0  108          - 2276.48582      -     -    0s
     0     0 2285.51975    0  121          - 2285.51975      -     -    0s
     0     0 2285.51975    0  123          - 2285.51975      -     -    0s
     0     0 2289.87793    0  130          - 2289.87793      -     -    0s
     0     0 2289.87871    0  132          - 2289.87871      -     -    0s
     0     0 2296.17453    0   79          - 2296.17453      -     -    0s
     0     0 2296.17453    0   82          - 2296.17453      -     -    0s
     0     0 2298.50942    0  126          - 2298.50942      -     -    0s
     0     0 2298.50942    0  121          - 2298.50942      -     -    0s
H    0     0                    3148.3200000 2298.50942  27.0%     -    0s
     0     2 2298.70826    0  121 3148.32000 2298.70826  27.0%     -    0s
H  197   143                    2990.4600000 2329.74799  22.1%  36.8    1s
H  282   215                    2987.1000000 2329.74799  22.0%  36.5    1s
H  494   243                    2778.1000000 2345.63867  15.6%  37.5    2s
H  541   217                    2734.1000000 2348.07089  14.1%  37.3    2s
  1156   265 2684.64621   26   81 2734.10000 2593.51947  5.14%  43.7    5s

Cutting planes:
  User: 102
  Gomory: 6
  Cover: 96
  Implied bound: 19
  Clique: 9
  MIR: 83
  Flow cover: 133
  Zero half: 1
  Network: 2
  RLT: 104
  Relax-and-lift: 8
  Lazy constraints: 6

Explored 1626 nodes (67084 simplex iterations) in 5.95 seconds
Thread count was 2 (of 32 available processors)

Solution count 5: 2734.1 2778.1 2987.1 ... 3148.32

Optimal solution found (tolerance 1.00e-04)
Best objective 2.734100000000e+03, best bound 2.734100000000e+03, gap 0.0000%

User-callback calls 4662, time in user-callback 0.80 sec
================================================================================
executing instance: ./input/Instances/Original/4/absH3low_3n15.dat
--------------------------------------------------------------------------------
Instance details
n	16
H	3
C	1267
Li:
[0, 0, 0, 0, 0, 0, 0, 0, 0, 0, 0, 0, 0, 0, 0, 0, ]
Ui:
[0, 156, 267, 148, 144, 87, 33, 171, 76, 141, 270, 282, 60, 110, 172, 57, ]
Distance matrix:
|0	229	567	76	58	96	306	409	310	423	108	346	165	347	159	256	|
|229	0	482	243	279	155	375	525	251	419	158	373	65	123	329	246	|
|567	482	0	506	622	483	342	439	259	200	467	274	486	433	501	312	|
|76	243	506	0	119	88	230	337	255	352	88	272	179	347	94	194	|
|58	279	622	119	0	154	345	431	366	471	166	391	217	399	179	310	|
|96	155	483	88	154	0	266	397	224	358	17	289	92	262	176	179	|
|306	375	342	230	345	266	0	158	184	148	251	68	332	423	181	140	|
|409	525	439	337	431	397	158	0	340	244	386	201	476	581	253	298	|
|310	251	259	255	366	224	184	340	0	170	208	146	238	257	274	66	|
|423	419	200	352	471	358	148	244	170	0	341	84	396	424	323	182	|
|108	158	467	88	166	17	251	386	208	341	0	273	96	259	172	162	|
|346	373	274	272	391	289	68	201	146	84	273	0	340	400	239	127	|
|165	65	486	179	217	92	332	476	238	396	96	340	0	182	267	216	|
|347	123	433	347	399	262	423	581	257	424	259	400	182	0	423	283	|
|159	329	501	94	179	176	181	253	274	323	172	239	267	423	0	208	|
|256	246	312	194	310	179	140	298	66	182	162	127	216	283	208	0	|

--------------------------------------------------------------------------------
Building model...
	using lazy and cut (CVRPSEP package)
Solving IRP LP...
--------------------------------------------------------------------------------

Gurobi 9.1.0 (linux64) logging started Sun Jan 10 01:13:13 2021

Gurobi Optimizer version 9.1.0 build v9.1.0rc0 (linux64)
Thread count: 32 physical cores, 32 logical processors, using up to 2 threads
Optimize a model with 451 rows, 1423 columns and 5173 nonzeros
Model fingerprint: 0x98f13508
Variable types: 199 continuous, 1224 integer (144 binary)
Coefficient statistics:
  Matrix range     [1e+00, 6e+02]
  Objective range  [1e-02, 6e+02]
  Bounds range     [1e+00, 3e+02]
  RHS range        [1e+01, 2e+03]
Presolve removed 100 rows and 43 columns
Presolve time: 0.03s
Presolved: 351 rows, 1380 columns, 4700 nonzeros
