




arguments: ./build/mirp_solver -f ./input/orig_exec_99.cfg
Current dir: /scratch/gui/bnc_mirp
File verbosity level: 9
date       time         ( uptime  ) [ thread name/id ]                   file:line     v| 
2021-01-09 21:02:46.474 (   0.038s) [main thread     ]             loguru.cpp:789   INFO| Logging to './output/vi_cos/OU/V3/Original/execution_09_01_2021_21_02_46.log', mode: 'a', verbosity: 9
--------------------------------------------------------------------------------
Parameters
                           instance_path           ./input/Instances/Original/3/
                            model_policy                                       1
                             nb_vehicles                                       3
                              output_dir         ./output/vi_cos/OU/V3/Original/
                            sec_strategy                                       1
                       solver_nb_threads                                       2
                         solver_show_log                                    true
                       solver_time_limit                                    3600
                              use_vi_cos                                    true
                              use_vi_cus                                   false
                         use_vi_hc1_full                                   false
                         use_vi_hc1_half                                   false
                      use_vi_hc1_quarter                                   false
                              use_vi_hc2                                   false
                              use_vi_hc3                                   false
                         use_vi_lex_full                                   false
                         use_vi_lex_half                                   false
                      use_vi_lex_quarter                                   false
                              use_vi_qua                                   false
                               use_vi_vc                                   false
                               use_vi_vr                                   false
--------------------------------------------------------------------------------
executing instance: ./input/Instances/Original/3/absH3low_2n5.dat
--------------------------------------------------------------------------------
Instance details
n	6
H	3
C	237
Li:
[0, 0, 0, 0, 0, 0, ]
Ui:
[0, 93, 180, 51, 114, 24, ]
Distance matrix:
|0	170	318	35	112	235	|
|170	0	311	205	258	301	|
|318	311	0	326	278	137	|
|35	205	326	0	89	230	|
|112	258	278	89	0	160	|
|235	301	137	230	160	0	|

--------------------------------------------------------------------------------
Building model...
	using lazy and cut (CVRPSEP package)
Solving IRP LP...
--------------------------------------------------------------------------------

Gurobi 9.1.0 (linux64) logging started Sat Jan  9 21:02:46 2021

Gurobi Optimizer version 9.1.0 build v9.1.0rc0 (linux64)
Thread count: 32 physical cores, 32 logical processors, using up to 2 threads
Optimize a model with 171 rows, 258 columns and 993 nonzeros
Model fingerprint: 0x04469d1e
Variable types: 69 continuous, 189 integer (54 binary)
Coefficient statistics:
  Matrix range     [1e+00, 3e+02]
  Objective range  [1e-02, 3e+02]
  Bounds range     [1e+00, 2e+02]
  RHS range        [1e+01, 5e+02]
Presolve removed 43 rows and 27 columns
Presolve time: 0.01s
Presolved: 128 rows, 231 columns, 822 nonzeros
Variable types: 43 continuous, 188 integer (138 binary)

Root relaxation: objective 7.766896e+02, 152 iterations, 0.00 seconds

    Nodes    |    Current Node    |     Objective Bounds      |     Work
 Expl Unexpl |  Obj  Depth IntInf | Incumbent    BestBd   Gap | It/Node Time

     0     0  776.68958    0   33          -  776.68958      -     -    0s
H    0     0                    2427.9700000  776.68958  68.0%     -    0s
H    0     0                    2274.5200000  776.68958  65.9%     -    0s
     0     0 1097.07583    0   64 2274.52000 1097.07583  51.8%     -    0s
H    0     0                    1804.5200000 1097.07583  39.2%     -    0s
     0     0 1098.35575    0   64 1804.52000 1098.35575  39.1%     -    0s
     0     0 1099.41878    0   64 1804.52000 1099.41878  39.1%     -    0s
     0     0 1337.32292    0   76 1804.52000 1337.32292  25.9%     -    0s
     0     0 1356.09483    0   88 1804.52000 1356.09483  24.9%     -    0s
     0     0 1357.48772    0   70 1804.52000 1357.48772  24.8%     -    0s
     0     0 1357.48772    0   73 1804.52000 1357.48772  24.8%     -    0s
     0     0 1424.48525    0   51 1804.52000 1424.48525  21.1%     -    0s
H    0     0                    1801.5200000 1424.48525  20.9%     -    0s
     0     0 1542.19219    0   56 1801.52000 1542.19219  14.4%     -    0s
     0     0 1542.28704    0   57 1801.52000 1542.28704  14.4%     -    0s
     0     0 1568.70518    0   56 1801.52000 1568.70518  12.9%     -    0s
     0     0 1568.71608    0   54 1801.52000 1568.71608  12.9%     -    0s
     0     0 1572.52128    0   38 1801.52000 1572.52128  12.7%     -    0s
     0     0 1576.57026    0   33 1801.52000 1576.57026  12.5%     -    0s
     0     0 1585.32904    0   55 1801.52000 1585.32904  12.0%     -    0s
     0     0 1585.32904    0   55 1801.52000 1585.32904  12.0%     -    0s
     0     0 1589.22237    0   76 1801.52000 1589.22237  11.8%     -    0s
     0     0 1589.66232    0   77 1801.52000 1589.66232  11.8%     -    0s
     0     0 1596.97062    0   74 1801.52000 1596.97062  11.4%     -    0s
     0     0 1598.63326    0   66 1801.52000 1598.63326  11.3%     -    0s
     0     0 1598.63385    0   79 1801.52000 1598.63385  11.3%     -    0s
     0     0 1601.12115    0   75 1801.52000 1601.12115  11.1%     -    0s
     0     0 1603.93669    0   55 1801.52000 1603.93669  11.0%     -    0s
     0     0 1603.93669    0   55 1801.52000 1603.93669  11.0%     -    0s
     0     0 1603.93669    0   28 1801.52000 1603.93669  11.0%     -    0s
     0     0 1603.93669    0   30 1801.52000 1603.93669  11.0%     -    0s
     0     0 1603.93669    0   57 1801.52000 1603.93669  11.0%     -    0s
     0     0 1603.93669    0   58 1801.52000 1603.93669  11.0%     -    0s
     0     0 1603.93669    0   63 1801.52000 1603.93669  11.0%     -    0s
     0     0 1604.10845    0   57 1801.52000 1604.10845  11.0%     -    0s
     0     0 1604.10845    0   57 1801.52000 1604.10845  11.0%     -    0s
     0     0 1626.82215    0   69 1801.52000 1626.82215  9.70%     -    0s
     0     0 1627.84199    0   69 1801.52000 1627.84199  9.64%     -    0s
     0     0 1628.27507    0   73 1801.52000 1628.27507  9.62%     -    0s
     0     0 1631.45675    0   65 1801.52000 1631.45675  9.44%     -    0s
     0     0 1633.43117    0   38 1801.52000 1633.43117  9.33%     -    0s
     0     0 1633.43117    0   38 1801.52000 1633.43117  9.33%     -    0s
H    0     0                    1779.2100000 1633.43117  8.19%     -    0s
     0     2 1650.75201    0   38 1779.21000 1650.75201  7.22%     -    0s
H    3     3                    1720.8300000 1671.79279  2.85%  26.0    0s

Cutting planes:
  User: 1
  Cover: 19
  Implied bound: 5
  Clique: 1
  MIR: 10
  Flow cover: 18
  Mod-K: 1
  RLT: 20
  Relax-and-lift: 4

Explored 9 nodes (1651 simplex iterations) in 0.37 seconds
Thread count was 2 (of 32 available processors)

Solution count 6: 1720.83 1779.21 1801.52 ... 2427.97

Optimal solution found (tolerance 1.00e-04)
Best objective 1.720830000000e+03, best bound 1.720830000000e+03, gap 0.0000%

User-callback calls 408, time in user-callback 0.02 sec
================================================================================
executing instance: ./input/Instances/Original/3/absH3high_5n30.dat
--------------------------------------------------------------------------------
Instance details
n	31
H	3
C	2296
Li:
[0, 0, 0, 0, 0, 0, 0, 0, 0, 0, 0, 0, 0, 0, 0, 0, 0, 0, 0, 0, 0, 0, 0, 0, 0, 0, 0, 0, 0, 0, 0, ]
Ui:
[0, 80, 90, 297, 28, 264, 123, 192, 112, 32, 72, 88, 294, 129, 126, 105, 110, 237, 246, 92, 72, 147, 54, 96, 128, 96, 84, 28, 74, 196, 192, ]
Distance matrix:
|0	87	302	65	389	171	219	120	412	339	129	63	169	401	383	158	393	161	246	275	64	287	345	235	13	274	106	201	85	358	135	|
|87	0	334	128	402	212	301	204	465	384	187	145	232	424	454	238	475	245	289	352	80	307	352	321	81	352	20	261	170	376	215	|
|302	334	0	239	113	132	237	334	157	70	404	263	162	105	227	229	339	251	65	217	259	53	107	352	293	220	339	134	270	75	235	|
|65	128	239	0	330	107	175	130	348	275	174	40	107	339	326	114	351	125	181	224	58	228	290	222	58	224	143	138	65	297	92	|
|389	402	113	330	0	226	349	438	210	151	502	360	269	48	316	339	441	362	175	328	335	102	55	465	377	330	401	245	371	37	342	|
|171	212	132	107	226	0	169	214	253	173	276	134	64	233	261	130	326	153	77	188	133	125	192	264	162	190	220	68	145	193	125	|
|219	301	237	175	349	169	0	157	257	223	244	157	105	334	180	62	175	61	177	63	233	264	334	118	221	61	317	112	136	312	85	|
|120	204	334	130	438	214	157	0	402	348	88	90	173	438	336	115	307	100	269	220	172	338	406	122	130	218	224	204	69	403	101	|
|412	465	157	348	210	253	257	402	0	88	486	359	245	166	129	287	266	303	178	204	386	208	239	370	406	207	473	212	354	187	304	|
|339	384	70	275	151	173	223	348	88	0	427	291	179	120	166	234	290	254	96	187	306	123	166	342	332	190	391	145	291	119	247	|
|129	187	404	174	502	276	244	88	486	427	0	142	248	508	424	200	390	187	342	308	193	400	464	192	142	306	207	281	136	469	182	|
|63	145	263	40	360	134	157	90	359	291	142	0	114	366	321	95	331	99	202	212	90	258	323	186	65	211	163	148	27	327	72	|
|169	232	162	107	269	64	105	173	245	179	248	114	0	266	222	71	268	94	97	131	155	173	244	203	164	132	245	34	113	233	73	|
|401	424	105	339	48	233	334	438	166	120	508	366	266	0	280	332	409	355	169	305	353	117	96	452	391	308	425	237	374	49	339	|
|383	454	227	326	316	261	180	336	129	166	424	321	222	280	0	231	137	238	208	116	376	277	331	272	381	118	467	197	307	285	253	|
|158	238	229	114	339	130	62	115	287	234	200	95	71	332	231	0	238	23	164	118	171	243	314	134	159	117	255	95	77	302	23	|
|393	475	339	351	441	326	175	307	266	290	390	331	268	409	137	238	0	232	300	138	408	383	445	204	395	136	492	258	308	406	260	|
|161	245	251	125	362	153	61	100	303	254	187	99	94	355	238	23	232	0	187	123	183	267	338	111	164	121	262	117	77	325	34	|
|246	289	65	181	175	77	177	269	178	96	342	202	97	169	208	164	300	187	0	168	210	87	157	290	238	171	296	70	206	138	170	|
|275	352	217	224	328	188	63	220	204	187	308	212	131	305	116	118	138	123	168	0	279	255	322	166	275	3	367	120	195	291	141	|
|64	80	259	58	335	133	233	172	386	306	193	90	155	353	376	171	408	183	210	279	0	236	289	276	51	279	90	182	117	307	150	|
|287	307	53	228	102	125	264	338	208	123	400	258	173	117	277	243	383	267	87	255	236	0	71	374	276	257	308	153	270	71	245	|
|345	352	107	290	55	192	334	406	239	166	464	323	244	96	331	314	445	338	157	322	289	71	0	445	334	325	350	224	337	54	315	|
|235	321	352	222	465	264	118	122	370	342	192	186	203	452	272	134	204	111	290	166	276	374	445	0	243	164	341	221	159	428	142	|
|13	81	293	58	377	162	221	130	406	332	142	65	164	391	381	159	395	164	238	275	51	276	334	243	0	274	100	196	89	347	136	|
|274	352	220	224	330	190	61	218	207	190	306	211	132	308	118	117	136	121	171	3	279	257	325	164	274	0	367	122	194	294	140	|
|106	20	339	143	401	220	317	224	473	391	207	163	245	425	467	255	492	262	296	367	90	308	350	341	100	367	0	272	188	377	232	|
|201	261	134	138	245	68	112	204	212	145	281	148	34	237	197	95	258	117	70	120	182	153	224	221	196	122	272	0	146	208	103	|
|85	170	270	65	371	145	136	69	354	291	136	27	113	374	307	77	308	77	206	195	117	270	337	159	89	194	188	146	0	337	54	|
|358	376	75	297	37	193	312	403	187	119	469	327	233	49	285	302	406	325	138	291	307	71	54	428	347	294	377	208	337	0	306	|
|135	215	235	92	342	125	85	101	304	247	182	72	73	339	253	23	260	34	170	141	150	245	315	142	136	140	232	103	54	306	0	|

--------------------------------------------------------------------------------
Building model...
	using lazy and cut (CVRPSEP package)
Solving IRP LP...
--------------------------------------------------------------------------------

Gurobi 9.1.0 (linux64) logging started Sat Jan  9 21:02:47 2021

Gurobi Optimizer version 9.1.0 build v9.1.0rc0 (linux64)
Thread count: 32 physical cores, 32 logical processors, using up to 2 threads
Optimize a model with 871 rows, 4858 columns and 17068 nonzeros
Model fingerprint: 0xc5099196
Variable types: 394 continuous, 4464 integer (279 binary)
Coefficient statistics:
  Matrix range     [1e+00, 8e+02]
  Objective range  [1e-01, 5e+02]
  Bounds range     [1e+00, 3e+02]
  RHS range        [1e+01, 4e+03]
Presolve removed 184 rows and 76 columns
Presolve time: 0.08s
Presolved: 687 rows, 4782 columns, 16163 nonzeros
Variable types: 303 continuous, 4479 integer (4194 binary)

Root relaxation: objective 8.902980e+03, 737 iterations, 0.02 seconds

    Nodes    |    Current Node    |     Objective Bounds      |     Work
 Expl Unexpl |  Obj  Depth IntInf | Incumbent    BestBd   Gap | It/Node Time

     0     0 8902.98019    0  108          - 8902.98019      -     -    0s
     0     0 9102.35848    0  125          - 9102.35848      -     -    0s
     0     0 9148.07288    0  117          - 9148.07288      -     -    0s
     0     0 9155.24090    0  121          - 9155.24090      -     -    0s
     0     0 9502.07330    0  184          - 9502.07330      -     -    0s
     0     0 9573.42444    0  195          - 9573.42444      -     -    0s
     0     0 9573.73134    0  201          - 9573.73134      -     -    0s
     0     0 9672.58565    0  162          - 9672.58565      -     -    0s
     0     0 9783.52843    0  173          - 9783.52843      -     -    0s
     0     0 9783.52843    0  156          - 9783.52843      -     -    0s
     0     0 9874.35449    0  245          - 9874.35449      -     -    0s
     0     0 9884.89060    0  250          - 9884.89060      -     -    1s
     0     0 9886.04628    0  215          - 9886.04628      -     -    1s
     0     0 9886.55848    0  257          - 9886.55848      -     -    1s
     0     0 9901.25334    0  270          - 9901.25334      -     -    1s
     0     0 9906.09170    0  248          - 9906.09170      -     -    1s
     0     0 9907.17002    0  266          - 9907.17002      -     -    1s
     0     0 9915.07303    0  301          - 9915.07303      -     -    1s
     0     0 9924.40603    0  242          - 9924.40603      -     -    1s
     0     0 9925.09140    0  245          - 9925.09140      -     -    1s
     0     0 9927.74375    0  313          - 9927.74375      -     -    1s
     0     0 9927.74375    0  281          - 9927.74375      -     -    1s
     0     2 9928.80914    0  295          - 9928.80914      -     -    2s
    89    95 10223.4727   23  171          - 9932.98462      -   184    5s
   403   422 10061.6478    4  281          - 9937.28887      -   112   10s
   685   659 10716.7022   19  170          - 9937.28887      -   109   15s
   741   705 12260.0284  179  329          - 9982.02462      -   123   20s
   771   725 12264.6535  196  332          - 10013.2348      -   119   25s
   804   748 10963.0473   74  395          - 10015.4129      -   123   30s
   814   758 10019.3239   27  378          - 10019.3239      -   128   35s
   845   781 10039.7466   35  384          - 10039.7466      -   139   40s
   934   841 10144.8394   60  213          - 10045.9205      -   155   45s
  1050   927 10276.9808   92  196          - 10045.9205      -   168   50s
  1182  1027 10413.7985  130  163          - 10045.9205      -   177   55s
  1350  1152 10544.0969  173  179          - 10045.9205      -   182   60s
  1572  1327 10986.1085  217  130          - 10045.9205      -   179   66s
  1795  1464 11454.8271  254  116          - 10045.9205      -   172   70s
  2064  1612 12583.5241  313   72          - 10045.9205      -   169   76s
  2195  1627 10255.6234   39  189          - 10060.5109      -   168   80s
  2294  1696 10563.2886   63  161          - 10060.5109      -   171   85s
  2423  1819 10920.5874   98   89          - 10060.5109      -   170   90s
  2621  1951 11604.9387  184   64          - 10060.5109      -   166   96s
  2768  2000 10314.9246   47  304          - 10060.5506      -   163  101s
  2890  2107 10501.5754   52  239          - 10060.5506      -   162  106s
  2965  2210 10546.1870   56  281          - 10060.5506      -   160  110s
  3162  2245 10565.7898   76  243          - 10060.5506      -   157  116s
  3267  2451 10780.9346  101  142          - 10060.5506      -   157  120s
  3548  2694 11739.5073  258   59          - 10060.5506      -   148  125s
  3645  2972 11784.8541  262   43          - 10060.5506      -   146  130s
  4077  3060 10315.5834   45  315          - 10063.9064      -   135  135s
  4146  3158 10450.7740   62  228          - 10063.9064      -   138  141s
  4291  3456 11086.0841  135   57          - 10063.9064      -   139  148s
  4487  3740 11610.9008  231   28          - 10063.9450      -   136  153s
  4752  3740 13324.8076  389   18          - 10063.9450      -   130  155s
  4871  3857 10291.1822   37  181          - 10063.9450      -   131  161s
  5000  3934 11123.0639  145   89          - 10063.9450      -   132  165s
  5238  4122 10193.0902   36  179          - 10069.4906      -   130  172s
  5278  4417 10366.5723   44  148          - 10069.4906      -   132  176s
  5575  4595 10515.7299   62  141          - 10069.4906      -   128  181s
  5797  4760 10865.7427  130   18          - 10074.5032      -   126  186s
  5982  4822 10206.1353   45  336          - 10074.5032      -   125  190s
  6044  5038 10405.5610   50  216          - 10074.5032      -   125  195s
  6319  5162 10711.2512   92   61          - 10074.6409      -   123  200s
  6488  5483 10469.2345   57  228          - 10074.6409      -   124  208s
  6713  5491 11897.4200  198    9          - 10074.6409      -   122  210s
  6926  5793 10731.0538   91   86          - 10077.9601      -   120  219s
  7074  5795 11209.2858  196    5          - 10077.9601      -   119  220s
  7232  6088 10521.3818   53  252          - 10077.9601      -   120  229s
  7487  6225 10847.2562   89  111          - 10077.9601      -   118  234s
  7624  6536 11518.9622  153  102          - 10079.2451      -   119  240s
  7957  6752 10302.4513   50  200          - 10079.2451      -   117  246s
  8199  6980 10715.9883   66   95          - 10083.5849      -   116  252s
  8510  7132 10250.9934   46  268          - 10083.5849      -   114  258s
  8637  7497 10413.5165   58  205          - 10083.5849      -   115  266s
  9016  7689 11030.6885  155   21          - 10084.0518      -   113  272s
  9262  7884 10574.1824   68  101          - 10084.0914      -   112  277s
  9496  8085 10445.0309   56   91          - 10084.5802      -   112  282s
  9693  8321 11237.4642  125   61          - 10084.6167      -   112  288s
 10015  8449 10461.7398   59   94          - 10086.5217      -   110  293s
 10146  8651 11048.6321   99   48          - 10091.1814      -   111  298s
 10395  8705 10504.4306   42  158          - 10091.2203      -   111  303s
 10445  8953 10624.1813   55  204          - 10091.2203      -   112  308s
 10741  9102 10832.9555  119   45          - 10092.1474      -   110  314s
 10815  9102 11030.9632  179   29          - 10092.1474      -   110  315s
 10982  9313 10423.1198   36  286          - 10092.1474      -   110  324s
 11187  9509 10545.8371   45  178          - 10094.4535      -   110  329s
 11224  9509 10709.7998   78   65          - 10094.4535      -   110  330s
 11410  9706 10133.9326   32  242          - 10094.4535      -   110  336s
 11666  9776 10519.0680   41  186          - 10094.4535      -   109  341s
 11738  9897 11058.1047   63  146          - 10094.4535      -   110  345s
 11859 10134 11178.9372   87  110          - 10094.4535      -   111  351s
 12121 10342 infeasible  177               - 10095.9955      -   110  356s
 12400 10504 10436.8088   53  166          - 10095.9955      -   109  362s
 12556 10684 10743.4478  133   29          - 10100.3539      -   110  367s
 12818 10796 10362.3404   45  185          - 10102.3244      -   109  372s
 12933 11138 10697.4402   70   48          - 10103.8353      -   110  377s
 13343 11347 10880.8591   75   73          - 10104.9553      -   108  384s
 13503 11354 12343.9264  137   32          - 10104.9553      -   108  385s
 13668 11468 10411.6566   45  294          - 10105.9745      -   109  393s
 13728 11614 10537.3376   55  189          - 10105.9745      -   110  397s
 13874 11943 10763.7969   76  113          - 10105.9745      -   110  403s
 14104 11943 13117.6671  232   16          - 10105.9745      -   109  405s
 14323 12367 11046.4156  129   42          - 10107.8176      -   108  411s
 14861 12413 10434.5121   36  241          - 10107.9066      -   106  417s
 14900 12447 10639.4337   53  208          - 10107.9066      -   106  421s
 14934 12536 10787.8127   60  144          - 10107.9066      -   107  425s
 15023 12870 11201.1376  102   57          - 10109.1312      -   108  431s
 15431 13023 10371.4098   57  187          - 10109.1312      -   106  437s
 15582 13186 10650.0405   86   17          - 10111.5400      -   106  443s
 15791 13230 10465.2625   50  224          - 10112.2465      -   106  447s
 15830 13326 10814.3559   61  180          - 10112.2465      -   107  452s
 15944 13745 11175.8052   79  123          - 10112.2465      -   108  458s
 16410 13747 12016.2719  172   13          - 10112.2465      -   106  460s
 16592 13935 10416.8788   46  261          - 10115.8061      -   106  468s
 16667 14209 10897.0826   62   80          - 10115.8061      -   107  473s
 16995 14453 11767.0640  131   32          - 10117.3170      -   106  480s
 17352 14622 10538.6264   51  259          - 10117.4994      -   105  485s
 17530 14696 infeasible  141               - 10120.1419      -   105  490s
 17620 15033 10553.5823   61  139          - 10121.6690      -   106  496s
 18078 15167 11486.8554   98   29          - 10125.6438      -   105  501s
 18257 15294 10536.6326   54  117          - 10125.6438      -   105  506s
 18407 15409 10835.1409   92  102          - 10126.3319      -   105  510s
 18578 15531 10546.1282   55  269          - 10126.3319      -   105  516s
 18704 15739 10678.1168   65  140          - 10128.1878      -   105  520s
 18960 15824 10219.7521   51  381          - 10128.2172      -   105  525s
 19036 15981 10372.7062   60  227          - 10128.2172      -   105  530s
 19219 16171 10621.6463   70  163          - 10128.2172      -   105  535s
 19408 16372 11720.5266  115   29          - 10129.7713      -   105  542s
 19692 16430 10296.1630   41  241          - 10129.9908      -   105  547s
 19743 16608 10512.9697   55  219          - 10129.9908      -   105  552s
 19943 16730 10825.6362   76   35          - 10131.7582      -   105  557s
 20097 16812 10422.1182   38  289          - 10131.7582      -   105  562s
 20194 17197 10814.6687   63   27          - 10131.7582      -   106  569s
 20426 17217 11860.0027  185   11          - 10131.7582      -   105  570s
 20785 17482 10643.3703   67  133          - 10133.7165      -   105  579s
 20929 17482 11281.6444  108   38          - 10133.7165      -   105  580s
 21210 17757 10448.2523   52  240          - 10134.5514      -   105  589s
 21279 17758 10933.0091   74   17          - 10134.5514      -   105  590s
 21417 17905 11001.8086   91   86          - 10134.5514      -   105  595s
 21558 18395 11236.0143  108   97          - 10134.5514      -   105  601s
 22086 18455 14989.6237  365   11          - 10138.1605      -   103  607s
 22206 18666 10496.0121   59  173          - 10138.5390      -   104  612s
 22415 18962 11346.8780  146   19          - 10138.8509      -   104  618s
 22883 19160 10668.9641   63  156          - 10139.4381      -   103  624s
 23026 19388 10948.7759   94   31          - 10139.4414      -   103  629s
 23106 19390 11785.9057  152   28          - 10139.4414      -   103  630s
 23345 19533 10723.7699   62  162          - 10140.7860      -   102  635s
 23493 19850 12246.6364  139   12          - 10142.3995      -   103  640s
 23913 19979 10379.4562   60  259          - 10142.3995      -   102  646s
 24122 20150 10864.2997   91   74          - 10142.3995      -   102  651s
 24302 20174 11994.1520  169   34          - 10143.3049      -   102  655s
 24340 20272 10515.8401   59  201          - 10143.3049      -   102  660s
 24438 20485 10958.6032   73   51          - 10143.8219      -   102  665s
 24771 20582 10703.9706   66  107          - 10144.0690      -   102  673s
 24836 20733 11018.0517   85  110          - 10144.4047      -   103  678s
 25031 20965 10408.1050   57  200          - 10144.4047      -   103  684s
 25124 20965 12112.8113  146   74          - 10144.4047      -   103  685s
 25389 21186 10875.9443   79   84          - 10145.5123      -   103  694s
 25579 21376 11389.2700  105   96          - 10146.5551      -   103  700s
 25821 21509 10224.0733   35  337          - 10146.5551      -   102  706s
 25932 21625 10459.9591   37  261          - 10146.5551      -   103  710s
 26073 21699 10585.9652   44  254          - 10146.5551      -   103  715s
 26147 21964 10720.3100   67  179          - 10148.0152      -   103  720s
 26456 22009 10241.7947   54  352          - 10149.9942      -   102  725s
 26500 22203 10399.4101   63  231          - 10149.9942      -   103  730s
 26696 22282 10741.1332   71  144          - 10149.9942      -   103  735s
 26872 22377 11285.1371  174   25          - 10154.6433      -   103  740s
 26913 22631 10446.9147   45  301          - 10154.6433      -   103  746s
 27167 22779 10602.7374   53  252          - 10154.6433      -   103  751s
 27338 22910 10884.2755   69  152          - 10154.6433      -   102  756s
 27464 23026 11306.7603  141   72          - 10157.5885      -   103  761s
 27612 23141 10471.7983   44  220          - 10157.5885      -   103  766s
 27727 23433 10620.5254   71  129          - 10158.7190      -   103  772s
 28093 23496 10260.2721   52  221          - 10159.0649      -   102  777s
 28155 23569 10757.9732   75   74          - 10159.0923      -   103  781s
 28270 23656 10425.0006   31  295          - 10159.0923      -   103  785s
 28350 23746 10579.7384   43  333          - 10159.0923      -   103  790s
 28440 23863 10875.7633   51  201          - 10159.0923      -   103  795s
 28597 24066 10991.4070   68  203          - 10159.4625      -   103  800s
 28822 24252 10436.6316   36  274          - 10159.4625      -   103  806s
 29013 24291 10685.4237   47  149          - 10159.4625      -   103  810s
 29052 24448 10877.5984   54  160          - 10159.4625      -   104  815s
 29221 24717 12017.7356  141   46          - 10159.7122      -   104  821s
 29598 24851 10709.4693   68  152          - 10160.0740      -   103  827s
 29694 25098 11299.4434   97   83          - 10160.0882      -   103  832s
 29985 25199 10479.2272   64  172          - 10160.1957      -   103  837s
 30082 25549 11316.9336  101   10          - 10161.0284      -   103  842s
 30516 25597 10292.1459   54  354          - 10161.2121      -   103  847s
 30546 25652 10491.5030   64  237          - 10161.2121      -   103  851s
 30601 26000 10722.8899   83  229          - 10161.2121      -   103  858s
 30830 26012 12363.8200  159    6          - 10161.2121      -   103  860s
 31015 26175 10991.1794  107   95          - 10161.2121      -   103  865s
 31176 26251 12560.7169  186   37          - 10164.6895      -   103  871s
 31268 26410 10384.1908   44  278          - 10164.6895      -   103  876s
 31427 26523 10648.0563   56  109          - 10164.6895      -   103  881s
 31550 26750 11051.9762  114   22          - 10167.0011      -   103  886s
 31829 26830 10491.4536   61  147          - 10167.6545      -   103  891s
 31898 27186 10653.3342   79  102          - 10167.9308      -   103  896s
 32320 27220 10357.4677   40  297          - 10170.2719      -   103  902s
 32354 27263 10548.0724   53  230          - 10170.2719      -   103  905s
 32397 27529 10754.0177   63  158          - 10170.2719      -   103  911s
 32732 27905 11119.3008   82  127          - 10171.8704      -   103  917s
 33188 27988 10310.5861   43  252          - 10172.1546      -   102  923s
 33225 28115 10582.3895   55  180          - 10172.1546      -   103  927s
 33360 28402 11329.4619  118   35          - 10172.5357      -   103  932s
 33706 28488 10318.6845   43  291          - 10172.6082      -   102  938s
 33781 28710 10655.6992   60   39          - 10173.1593      -   103  943s
 34127 28810 11091.3660  110   34          - 10175.0720      -   102  950s
 34258 28943 11793.4483  148   32          - 10175.0720      -   102  955s
 34421 29058 10424.2422   50  316          - 10175.0720      -   102  960s
 34531 29203 10598.9237   57  255          - 10175.0720      -   103  965s
 34773 29285 11207.3675   83   90          - 10176.2649      -   103  973s
 34816 29381 10439.0952   47  276          - 10176.2649      -   103  978s
 34916 29496 10612.1073   56  232          - 10176.2649      -   103  983s
 35046 29583 10754.9436   70  166          - 10176.2649      -   103  987s
 35131 29910 11077.8165  119   98          - 10177.1661      -   104  993s
 35279 29911 12194.2820  194   21          - 10177.1661      -   103  995s
 35503 30059 10404.8823   42  241          - 10177.1661      -   103 1000s
 35661 30141 10568.4520   51   36          - 10177.1661      -   103 1005s
 35743 30228 10968.1887  102   65          - 10179.0232      -   103 1010s
 35925 30306 10748.8646   69  164          - 10179.0232      -   104 1015s
 36122 30617 11103.2750   96   43          - 10179.1690      -   104 1024s
 36355 30669 10410.6680   66  270          - 10179.2902      -   104 1028s
 36399 30877 10807.7578   80  138          - 10180.1294      -   104 1033s
 36635 30938 10258.4693   41  309          - 10180.2473      -   104 1038s
 36696 31116 10610.8368   49  197          - 10180.2473      -   104 1042s
 36930 31313 10982.7401   96   54          - 10180.6894      -   104 1048s
 37156 31404 10551.2903   32  208          - 10180.6894      -   104 1053s
 37264 31429 10594.4844   34  336          - 10180.6894      -   104 1057s
 37289 31460 10799.4107   43  337          - 10180.6894      -   105 1060s
 37363 31693 11073.2001   58  143          - 10180.6894      -   105 1069s
 37400 31693 11319.4639   85   61          - 10180.6894      -   105 1070s
 37575 31920 11555.2090  101   92          - 10182.1134      -   105 1076s
 37836 31984 10381.6198   36  341          - 10182.1134      -   105 1082s
 37900 32132 10443.6126   39  348          - 10182.1134      -   105 1088s
 38066 32189 10679.2869   50  257          - 10182.1134      -   105 1092s
 38120 32314 10922.5152   57  200          - 10182.1134      -   106 1097s
 38267 32408 11075.5579   74  195          - 10182.1134      -   106 1101s
 38356 32670 11497.7082  111  112          - 10183.0011      -   106 1107s
 38721 32759 10386.9709   54  282          - 10183.0011      -   106 1112s
 38804 32902 10689.5643   66  109          - 10183.2590      -   106 1118s
 38965 33023 11570.0256  107   67          - 10183.9696      -   106 1122s
 39106 33165 10452.7496   55  310          - 10183.9696      -   106 1129s
 39126 33165 10766.5097   90  121          - 10183.9696      -   106 1130s
 39356 33318 10633.2447   68  229          - 10183.9696      -   106 1135s
 39497 33598 11629.3351  148   29          - 10184.4285      -   106 1140s
 39851 33652 10551.3585   45  287          - 10184.4285      -   105 1146s
 39912 33779 10726.7644   51  210          - 10184.4285      -   106 1150s
 40030 34074 10871.2631   61  208          - 10186.3216      -   106 1156s
 40509 34185 11216.8117   78  134          - 10187.5304      -   105 1162s
 40561 34225 10408.8723   63  260          - 10187.5304      -   105 1165s
 40590 34375 10659.3088   75  174          - 10187.5304      -   105 1170s
 40742 34527 11704.8667  156   26          - 10187.5508      -   105 1175s
 40918 34764 10484.5335   33  293          - 10187.5508      -   105 1182s
 41208 34797 10508.3521   36  289          - 10187.5508      -   105 1187s
 41234 34848 10630.7003   41  254          - 10187.5508      -   106 1191s
 41285 35068 11035.5375   52  127          - 10188.1918      -   106 1197s
 41545 35314 11493.7626  107   43          - 10188.6352      -   106 1203s
 41861 35432 10505.2388   59  206          - 10189.2368      -   105 1209s
 41938 35438 11187.2476  102   20          - 10189.2368      -   105 1210s
 42062 35558 12518.6545  141   17          - 10189.7816      -   105 1215s
 42123 35683 10682.1801   35  138          - 10189.7816      -   106 1220s
 42282 35796 10971.2877   45   58          - 10189.7816      -   106 1225s
 42404 36055 11066.7545   75   88          - 10190.2689      -   106 1232s
 42689 36089 10415.6118   39  306          - 10190.2689      -   106 1237s
 42723 36154 10561.1271   45  212          - 10190.2689      -   106 1241s
 42788 36306 10946.5720   63  133          - 10190.2689      -   106 1246s
 42960 36542 11265.8802   91  104          - 10190.4690      -   106 1252s
 43242 36581 10265.5476   41  325          - 10190.4690      -   106 1258s
 43283 36757 10454.9571   48  323          - 10190.4690      -   106 1263s
 43461 36860 10703.6991   51  285          - 10190.4690      -   106 1269s
 43595 36872 11950.5630  144   25          - 10190.4690      -   106 1270s
 43607 37026 10737.9168   62  130          - 10191.5325      -   106 1275s
 43801 37194 11039.9334   82   98          - 10191.7442      -   106 1281s
 44054 37248 10427.9736   56  316          - 10192.9776      -   106 1286s
 44087 37315 10626.7523   65  248          - 10192.9776      -   106 1290s
 44292 37572 11407.6424   99   74          - 10193.6324      -   106 1300s
 44455 37630 10512.8669   55  158          - 10193.8536      -   106 1305s
 44506 37848 10819.3914   72  151          - 10194.0807      -   107 1310s
 44792 37904 10317.0238   44  334          - 10194.2693      -   106 1315s
 44865 38105 10811.7920   72   96          - 10194.2693      -   107 1324s
 45043 38355 10984.9300   85   29          - 10194.4631      -   107 1330s
 45377 38419 10427.5717   46  270          - 10194.4690      -   107 1335s
 45419 38749 10788.5812   65   91          - 10194.5649      -   107 1341s
 45809 38805 10332.3276   36  313          - 10194.5649      -   106 1347s
 45854 38917 10579.1435   43  208          - 10194.5649      -   107 1353s
 46007 39052 10763.2013   52  191          - 10194.5649      -   107 1357s
 46170 39206 11138.0199   68   99          - 10195.2444      -   107 1363s
 46348 39283 10331.1431   52  286          - 10195.2444      -   106 1368s
 46425 39427 10591.3823   62  293          - 10195.2444      -   107 1374s
 46522 39429 11260.9600  125    3          - 10195.2444      -   107 1375s
 46597 39512 10734.8520   71  180          - 10195.2444      -   107 1380s
 46693 39614 10918.5796   86  162          - 10195.8128      -   107 1386s
 46812 39817 11541.6888  147   35          - 10196.3275      -   107 1392s
 47084 39883 10632.8308   58  226          - 10196.3898      -   107 1397s
 47151 40061 11136.1023   83   66          - 10196.3898      -   107 1402s
 47383 40200 11614.4641  106   58          - 10199.3258      -   107 1407s
 47557 40273 10513.0748   62  166          - 10200.6771      -   107 1412s
 47618 40452 10882.5826   80  112          - 10200.7140      -   107 1417s
 47839 40518 10413.8812   60  190          - 10200.7991      -   107 1422s
 47934 40577 10789.7202   72  111          - 10200.7991      -   107 1427s
 47987 40673 11482.4828   87   97          - 10200.7991      -   107 1431s
 48087 40719 11872.0215  132   31          - 10202.2685      -   107 1436s
 48149 40839 10652.7306   57  193          - 10202.2685      -   107 1441s
 48287 41003 10881.5491   62  186          - 10202.2685      -   108 1447s
 48514 41111 11313.5622   78   71          - 10204.0570      -   108 1452s
 48623 41167 10665.8713   58  193          - 10204.0570      -   108 1457s
 48675 41369 10973.2667   74   72          - 10204.5232      -   108 1463s
 48947 41526 11888.6949  135   44          - 10204.7366      -   108 1468s
 49105 41639 10474.1064   41  191          - 10204.7366      -   108 1473s
 49246 41700 10630.7187   47  187          - 10204.7366      -   108 1477s
 49294 41810 10703.8035   62  184          - 10204.7366      -   108 1482s
 49446 41983 10867.1538   75  152          - 10205.5966      -   108 1489s
 49523 41983 13174.6800  115   23          - 10205.5966      -   108 1490s
 49697 42089 10839.4000   52   38          - 10205.5966      -   108 1498s
 49759 42338 10969.5412   56   46          - 10205.5966      -   108 1504s
 49874 42339 11730.9000  139    6          - 10205.5966      -   108 1505s
 50042 42538 11234.9348   85   26          - 10206.1462      -   108 1511s
 50321 42576 10476.0923   40  179          - 10207.6077      -   108 1515s
 50378 42656 10639.6421   52  184          - 10207.6077      -   108 1523s
 50422 42843 10743.4540   61  186          - 10207.6077      -   108 1530s
 50621 42944 11507.3499   93   47          - 10209.6325      -   108 1536s
 50753 42980 10417.5523   52  263          - 10209.6325      -   108 1540s
 50779 43024 10575.1978   65  180          - 10210.9875      -   109 1545s
 50835 43118 10787.0319   88   42          - 10211.7634      -   109 1550s
 50948 43152 11318.1029  114   38          - 10213.6482      -   109 1555s
 51048 43228 11447.0304   92   32          - 10213.6482      -   109 1560s
 51060 43386 10771.4978   73  154          - 10213.6482      -   109 1565s
 51254 43489 11210.4583   97  125          - 10214.6440      -   109 1571s
 51405 43610 11542.0660  126   40          - 10214.6692      -   109 1577s
 51531 43638 10557.0835   44  204          - 10214.6692      -   109 1581s
 51557 43754 10661.9230   54  193          - 10214.6692      -   109 1586s
 51675 43860 10852.8393   66  108          - 10214.6692      -   110 1592s
 51815 43939 11315.3713   78  132          - 10214.6692      -   110 1597s
 51886 44158 11510.3643  107   52          - 10216.4107      -   110 1603s
 52156 44191 10333.1218   48  368          - 10216.6888      -   110 1608s
 52179 44236 10510.3125   59  306          - 10216.6888      -   110 1612s
 52226 44448 10752.2657   69  210          - 10216.6888      -   110 1618s
 52472 44509 11133.4053   73   87          - 10216.6888      -   110 1624s
 52522 44643 11640.6508   93   29          - 10216.9579      -   110 1630s
 52702 44701 10542.8818   47  192          - 10216.9579      -   110 1635s
 52758 44792 10723.1993   55  158          - 10216.9579      -   110 1640s
 52853 45105 10958.7074   76   18          - 10217.5095      -   110 1647s
 53280 45168 10444.3608   59  209          - 10217.6256      -   110 1653s
 53309 45244 10732.0158   70  179          - 10217.6256      -   110 1657s
 53385 45322 11177.3600  112   56          - 10217.7350      -   110 1662s
 53480 45423 10472.7368   61  196          - 10217.7350      -   110 1668s
 53641 45629 10831.3292   82   73          - 10217.7880      -   110 1674s
 53678 45630 11625.1444  108   17          - 10217.7880      -   110 1675s
 53880 45804 11138.5538  105   84          - 10217.9185      -   110 1681s
 54097 45967 10500.9345   52  149          - 10217.9185      -   110 1688s
 54272 46053 10726.5498   76  117          - 10217.9185      -   110 1694s
 54374 46118 11330.5112  101   71          - 10218.4670      -   110 1699s
 54413 46119 11543.8900  134    -          - 10218.4670      -   110 1700s
 54533 46410 10748.0409   73   55          - 10218.5003      -   111 1711s
 54830 46608 10427.3312   49  199          - 10218.5003      -   110 1719s
 55033 46646 10548.4906   52  240          - 10218.5003      -   110 1724s
 55057 46646 10466.0334   43  339          - 10218.5003      -   110 1725s
