




arguments: ./build/mirp_solver -f ./input/orig_exec_21.cfg
Current dir: /scratch/gui/bnc_mirp
File verbosity level: 9
date       time         ( uptime  ) [ thread name/id ]                   file:line     v| 
2021-01-09 02:29:32.962 (   0.196s) [main thread     ]             loguru.cpp:789   INFO| Logging to './output/vi_cos/OU/V3/Original/execution_09_01_2021_02_29_32.log', mode: 'a', verbosity: 9
--------------------------------------------------------------------------------
Parameters
                           instance_path           ./input/Instances/Original/1/
                            model_policy                                       1
                             nb_vehicles                                       3
                              output_dir         ./output/vi_cos/OU/V3/Original/
                            sec_strategy                                       1
                       solver_nb_threads                                       2
                         solver_show_log                                    true
                       solver_time_limit                                    3600
                              use_vi_cos                                    true
                              use_vi_cus                                   false
                         use_vi_hc1_full                                   false
                         use_vi_hc1_half                                   false
                      use_vi_hc1_quarter                                   false
                              use_vi_hc2                                   false
                              use_vi_hc3                                   false
                         use_vi_lex_full                                   false
                         use_vi_lex_half                                   false
                      use_vi_lex_quarter                                   false
                              use_vi_qua                                   false
                               use_vi_vc                                   false
                               use_vi_vr                                   false
--------------------------------------------------------------------------------
executing instance: ./input/Instances/Original/1/absH3high_1n5.dat
--------------------------------------------------------------------------------
Instance details
n	6
H	3
C	289
Li:
[0, 0, 0, 0, 0, 0, ]
Ui:
[0, 195, 105, 116, 72, 22, ]
Distance matrix:
|0	85	349	17	203	289	|
|85	0	265	102	214	226	|
|349	265	0	366	368	238	|
|17	102	366	0	207	302	|
|203	214	368	207	0	431	|
|289	226	238	302	431	0	|

--------------------------------------------------------------------------------
Building model...
	using lazy and cut (CVRPSEP package)
Solving IRP LP...
--------------------------------------------------------------------------------

Gurobi 9.1.0 (linux64) logging started Sat Jan  9 02:29:33 2021

Gurobi Optimizer version 9.1.0 build v9.1.0rc0 (linux64)
Thread count: 32 physical cores, 32 logical processors, using up to 2 threads
Optimize a model with 171 rows, 258 columns and 993 nonzeros
Model fingerprint: 0x2b339e5a
Variable types: 69 continuous, 189 integer (54 binary)
Coefficient statistics:
  Matrix range     [1e+00, 4e+02]
  Objective range  [2e-01, 4e+02]
  Bounds range     [1e+00, 2e+02]
  RHS range        [1e+01, 5e+02]
Presolve removed 36 rows and 21 columns
Presolve time: 0.01s
Presolved: 135 rows, 237 columns, 814 nonzeros
Variable types: 51 continuous, 186 integer (138 binary)

Root relaxation: objective 1.701803e+03, 171 iterations, 0.00 seconds

    Nodes    |    Current Node    |     Objective Bounds      |     Work
 Expl Unexpl |  Obj  Depth IntInf | Incumbent    BestBd   Gap | It/Node Time

     0     0 1701.80263    0   29          - 1701.80263      -     -    0s
     0     0 1826.20540    0   51          - 1826.20540      -     -    0s
     0     0 1831.12067    0   33          - 1831.12067      -     -    0s
     0     0 1831.13714    0   34          - 1831.13714      -     -    0s
     0     0 2056.82706    0   38          - 2056.82706      -     -    0s
H    0     0                    3224.9100000 2056.82706  36.2%     -    0s
     0     0 2152.28173    0   71 3224.91000 2152.28173  33.3%     -    0s
     0     0 2154.47585    0   51 3224.91000 2154.47585  33.2%     -    0s
     0     0 2241.44083    0   73 3224.91000 2241.44083  30.5%     -    0s
     0     0 2250.11128    0   75 3224.91000 2250.11128  30.2%     -    0s
     0     0 2250.38880    0   77 3224.91000 2250.38880  30.2%     -    0s
     0     0 2250.39335    0   77 3224.91000 2250.39335  30.2%     -    0s
     0     0 2298.45801    0   55 3224.91000 2298.45801  28.7%     -    0s
     0     0 2304.87183    0   74 3224.91000 2304.87183  28.5%     -    0s
     0     0 2309.94010    0   74 3224.91000 2309.94010  28.4%     -    0s
     0     0 2310.01362    0   84 3224.91000 2310.01362  28.4%     -    0s
     0     0 2332.32840    0   72 3224.91000 2332.32840  27.7%     -    0s
     0     0 2333.47639    0   67 3224.91000 2333.47639  27.6%     -    0s
     0     0 2333.47889    0   70 3224.91000 2333.47889  27.6%     -    0s
     0     0 2342.84606    0  114 3224.91000 2342.84606  27.4%     -    0s
H    0     0                    3064.0100000 2342.84606  23.5%     -    0s
     0     0 2344.19417    0  102 3064.01000 2344.19417  23.5%     -    0s
     0     0 2345.40296    0  104 3064.01000 2345.40296  23.5%     -    0s
     0     0 2347.72685    0  105 3064.01000 2347.72685  23.4%     -    0s
     0     0 2347.87110    0  107 3064.01000 2347.87110  23.4%     -    0s
     0     0 2371.76825    0   54 3064.01000 2371.76825  22.6%     -    0s
H    0     0                    2414.0300000 2371.76825  1.75%     -    0s
     0     0 2377.41920    0   75 2414.03000 2377.41920  1.52%     -    0s
     0     0 2381.81182    0   82 2414.03000 2381.81182  1.33%     -    0s
     0     0 2382.29474    0  102 2414.03000 2382.29474  1.31%     -    0s
     0     0 2384.47295    0  104 2414.03000 2384.47295  1.22%     -    0s
     0     0 2384.93865    0   98 2414.03000 2384.93865  1.21%     -    0s
     0     0 2385.72500    0   97 2414.03000 2385.72500  1.17%     -    0s
     0     0 2385.72500    0   24 2414.03000 2385.72500  1.17%     -    0s
     0     0 2385.72500    0   48 2414.03000 2385.72500  1.17%     -    0s
     0     0 2385.72500    0   38 2414.03000 2385.72500  1.17%     -    0s
     0     0 2388.16857    0   37 2414.03000 2388.16857  1.07%     -    0s
     0     0 2388.35662    0   41 2414.03000 2388.35662  1.06%     -    0s
     0     0 2390.60859    0   31 2414.03000 2390.60859  0.97%     -    0s
     0     0 2392.85341    0   31 2414.03000 2392.85341  0.88%     -    0s
     0     0 2396.39982    0   43 2414.03000 2396.39982  0.73%     -    0s
     0     0 2399.79994    0   46 2414.03000 2399.79994  0.59%     -    0s
     0     0 2401.84066    0   43 2414.03000 2401.84066  0.50%     -    0s
     0     0 2401.86263    0   43 2414.03000 2401.86263  0.50%     -    0s
     0     0 2402.04257    0   44 2414.03000 2402.04257  0.50%     -    0s

Explored 1 nodes (1653 simplex iterations) in 0.26 seconds
Thread count was 2 (of 32 available processors)

Solution count 3: 2414.03 3064.01 3224.91 

Optimal solution found (tolerance 1.00e-04)
Best objective 2.414030000000e+03, best bound 2.414030000000e+03, gap 0.0000%

User-callback calls 360, time in user-callback 0.02 sec
================================================================================
executing instance: ./input/Instances/Original/1/absH3high_1n45.dat
--------------------------------------------------------------------------------
Instance details
n	46
H	3
C	3462
Li:
[0, 0, 0, 0, 0, 0, 0, 0, 0, 0, 0, 0, 0, 0, 0, 0, 0, 0, 0, 0, 0, 0, 0, 0, 0, 0, 0, 0, 0, 0, 0, 0, 0, 0, 0, 0, 0, 0, 0, 0, 0, 0, 0, 0, 0, 0, ]
Ui:
[0, 273, 270, 36, 165, 192, 148, 45, 30, 75, 180, 198, 112, 117, 90, 64, 180, 22, 264, 174, 168, 270, 86, 66, 26, 66, 237, 156, 92, 108, 144, 72, 30, 45, 94, 54, 174, 96, 198, 136, 44, 180, 210, 249, 198, 48, ]
Distance matrix:
|0	281	201	160	249	201	93	431	236	139	252	136	116	166	390	110	349	374	303	180	327	464	236	70	44	461	346	439	363	254	312	426	305	206	71	137	169	200	247	260	20	219	256	253	460	278	|
|281	0	448	170	53	142	338	184	121	290	371	390	222	302	111	289	169	434	230	177	238	441	59	212	319	211	86	235	399	306	53	176	99	202	263	157	361	101	370	201	264	344	364	374	469	184	|
|201	448	0	285	430	325	114	556	361	171	191	64	228	174	546	294	453	306	364	289	388	435	393	254	157	585	491	536	318	254	490	554	436	407	266	292	108	388	186	337	207	181	205	190	408	364	|
|160	170	285	0	169	43	182	280	80	120	208	231	58	132	262	230	190	294	151	24	174	345	112	107	183	309	207	280	268	158	219	276	155	235	187	45	192	150	205	107	140	177	202	210	356	119	|
|249	53	430	169	0	152	317	238	145	282	377	369	212	299	157	242	215	452	261	183	273	474	76	181	290	264	140	287	421	320	63	229	145	148	221	142	352	53	374	226	234	346	370	378	498	215	|
|201	142	325	43	152	0	224	237	37	156	230	273	101	164	224	261	148	300	127	38	147	333	83	142	225	266	167	238	270	168	193	233	112	246	221	70	228	148	228	84	180	202	222	232	351	87	|
|93	338	114	182	317	224	0	460	262	92	180	52	124	112	440	199	364	307	292	191	317	415	284	140	57	490	387	452	304	208	377	457	336	297	163	181	84	274	175	256	95	152	188	180	402	280	|
|431	184	556	280	238	237	460	0	199	385	420	508	337	385	108	464	110	429	219	269	206	378	202	365	460	30	98	84	388	340	204	9	126	386	432	294	453	283	421	226	411	404	408	423	422	198	|
|236	121	361	80	145	37	262	199	0	191	255	310	138	197	191	290	114	312	118	72	133	330	69	175	262	229	132	204	279	186	174	195	75	258	251	102	262	153	254	81	216	230	246	257	353	72	|
|139	290	171	120	282	156	92	385	191	0	116	129	71	27	380	246	283	235	201	119	226	329	231	141	129	414	323	367	224	119	336	383	266	308	202	141	72	252	112	169	127	82	118	117	322	195	|
|252	371	191	208	377	230	180	420	255	116	0	187	178	90	443	361	311	127	204	195	224	246	313	257	232	446	382	380	129	81	423	421	320	422	318	242	100	355	5	195	241	34	15	2	225	224	|
|136	390	64	231	369	273	52	508	310	129	187	0	173	141	491	233	409	313	330	239	355	431	335	191	93	538	438	495	316	233	429	505	385	342	203	233	88	325	182	297	143	167	199	187	412	323	|
|116	222	228	58	212	101	124	337	138	71	178	173	0	91	319	206	244	284	187	69	212	357	165	85	130	367	265	333	264	151	267	333	213	244	161	70	140	181	175	145	97	145	177	180	359	165	|
|166	302	174	132	299	164	112	385	197	27	90	141	91	0	388	273	280	208	191	127	215	305	243	167	153	413	329	361	198	96	351	383	270	333	229	159	68	272	86	163	153	56	92	91	296	190	|
|390	111	546	262	157	224	440	108	191	380	443	491	319	388	0	399	164	480	264	261	261	456	156	320	426	125	62	186	442	369	107	99	125	300	374	260	452	210	443	252	372	420	433	446	494	227	|
|110	289	294	230	242	261	199	464	290	246	361	233	206	273	399	0	402	480	382	254	404	562	262	124	143	493	369	490	466	355	302	457	344	135	45	191	279	189	356	337	120	328	364	362	563	348	|
|349	169	453	190	215	148	364	110	114	283	311	409	244	280	164	402	0	324	110	174	101	292	151	289	372	135	109	90	284	230	212	111	70	354	364	216	348	245	312	118	329	295	298	313	330	90	|
|374	434	306	294	452	300	307	429	312	235	127	313	284	208	480	480	324	0	216	274	223	137	380	368	357	448	419	367	40	136	487	432	358	525	436	336	227	443	132	234	361	156	119	127	102	255	|
|303	230	364	151	261	127	292	219	118	201	204	330	187	191	264	382	110	216	0	128	25	213	185	258	314	243	203	176	178	123	282	221	144	372	338	193	256	270	206	45	283	193	191	206	239	46	|
|180	177	289	24	183	38	191	269	72	119	195	239	69	127	261	254	174	274	128	0	151	321	118	130	198	299	204	263	246	139	228	266	147	258	211	68	191	169	193	83	159	166	188	197	333	98	|
|327	238	388	174	273	147	317	206	133	226	224	355	212	215	261	404	101	223	25	151	0	203	198	281	339	228	202	156	184	143	288	209	146	390	362	215	280	286	226	68	308	215	210	226	235	61	|
|464	441	435	345	474	333	415	378	330	329	246	431	357	305	456	562	292	137	213	321	203	0	398	440	458	390	400	301	117	211	492	384	348	578	517	389	344	480	251	251	448	265	233	246	54	259	|
|236	59	393	112	76	83	284	202	69	231	313	335	165	243	156	262	151	380	185	118	198	398	0	167	270	231	110	233	347	250	110	195	85	203	230	103	303	95	311	150	217	284	305	315	422	139	|
|70	212	254	107	181	142	140	365	175	141	257	191	85	167	320	124	289	368	258	130	281	440	167	0	109	394	277	378	349	236	244	359	239	167	81	73	196	135	253	213	53	223	257	258	444	226	|
|44	319	157	183	290	225	57	460	262	129	232	93	130	153	426	143	372	357	314	198	339	458	270	109	0	490	379	462	351	247	353	456	334	250	110	168	140	243	226	274	56	201	238	232	449	294	|
|461	211	585	309	264	266	490	30	229	414	446	538	367	413	125	493	135	448	243	299	228	390	231	394	490	0	125	89	408	365	226	36	156	412	462	324	481	311	447	253	441	430	433	448	436	225	|
|346	86	491	207	140	167	387	98	132	323	382	438	265	329	62	369	109	419	203	204	202	400	110	277	379	125	0	155	381	307	113	90	63	288	339	211	394	186	382	190	327	359	371	384	436	165	|
|439	235	536	280	287	238	452	84	204	367	380	495	333	361	186	490	90	367	176	263	156	301	233	378	462	89	155	0	326	299	267	92	148	432	454	306	429	325	382	199	419	369	366	382	348	172	|
|363	399	318	268	421	270	304	388	279	224	129	316	264	198	442	466	284	40	178	246	184	117	347	349	351	408	381	326	0	113	452	391	321	502	422	311	229	415	134	199	348	152	118	130	98	219	|
|254	306	254	158	320	168	208	340	186	119	81	233	151	96	369	355	230	136	123	139	143	211	250	236	247	365	307	299	113	0	359	340	244	390	310	200	148	308	83	117	238	74	68	83	208	145	|
|312	53	490	219	63	193	377	204	174	336	423	429	267	351	107	302	212	487	282	228	288	492	110	244	353	226	113	267	452	359	0	195	145	194	283	199	407	115	421	254	296	394	415	425	521	237	|
|426	176	554	276	229	233	457	9	195	383	421	505	333	383	99	457	111	432	221	266	209	384	195	359	456	36	90	92	391	340	195	0	122	378	426	289	451	275	421	226	406	404	408	423	427	197	|
|305	99	436	155	145	112	336	126	75	266	320	385	213	270	125	344	70	358	144	147	146	348	85	239	334	156	63	148	321	244	145	122	0	286	310	168	336	177	320	128	285	298	309	322	381	103	|
|206	202	407	235	148	246	297	386	258	308	422	342	244	333	300	135	354	525	372	258	390	578	203	167	250	412	288	432	502	390	194	378	286	0	144	191	362	109	418	329	202	388	421	423	591	329	|
|71	263	266	187	221	221	163	432	251	202	318	203	161	229	374	45	364	436	338	211	362	517	230	81	110	462	339	454	422	310	283	426	310	144	0	150	239	168	313	294	77	285	321	319	518	306	|
|137	157	292	45	142	70	181	294	102	141	242	233	70	159	260	191	216	336	193	68	215	389	103	73	168	324	211	306	311	200	199	289	168	191	150	0	210	113	239	148	117	210	238	244	400	157	|
|169	361	108	192	352	228	84	453	262	72	100	88	140	68	452	279	348	227	256	191	280	344	303	196	140	481	394	429	229	148	407	451	336	362	239	210	0	318	95	231	164	79	111	100	325	258	|
|200	101	388	150	53	148	274	283	153	252	355	325	181	272	210	189	245	443	270	169	286	480	95	135	243	311	186	325	415	308	115	275	177	109	168	113	318	0	352	230	187	323	351	357	498	225	|
|247	370	186	205	374	228	175	421	254	112	5	182	175	86	443	356	312	132	206	193	226	251	311	253	226	447	382	382	134	83	421	421	320	418	313	239	95	352	0	196	237	30	19	6	230	224	|
|260	201	337	107	226	84	256	226	81	169	195	297	145	163	252	337	118	234	45	83	68	251	150	213	274	253	190	199	199	117	254	226	128	329	294	148	231	230	196	0	240	178	184	198	272	29	|
|20	264	207	140	234	180	95	411	216	127	241	143	97	153	372	120	329	361	283	159	308	448	217	53	56	441	327	419	348	238	296	406	285	202	77	117	164	187	237	240	0	208	245	242	446	257	|
|219	344	181	177	346	202	152	404	230	82	34	167	145	56	420	328	295	156	193	166	215	265	284	223	201	430	359	369	152	74	394	404	298	388	285	210	79	323	30	178	208	0	37	35	250	206	|
|256	364	205	202	370	222	188	408	246	118	15	199	177	92	433	364	298	119	191	188	210	233	305	257	238	433	371	366	118	68	415	408	309	421	321	238	111	351	19	184	245	37	0	17	214	212	|
|253	374	190	210	378	232	180	423	257	117	2	187	180	91	446	362	313	127	206	197	226	246	315	258	232	448	384	382	130	83	425	423	322	423	319	244	100	357	6	198	242	35	17	0	225	226	|
|460	469	408	356	498	351	402	422	353	322	225	412	359	296	494	563	330	102	239	333	235	54	422	444	449	436	436	348	98	208	521	427	381	591	518	400	325	498	230	272	446	250	214	225	0	285	|
|278	184	364	119	215	87	280	198	72	195	224	323	165	190	227	348	90	255	46	98	61	259	139	226	294	225	165	172	219	145	237	197	103	329	306	157	258	225	224	29	257	206	212	226	285	0	|

--------------------------------------------------------------------------------
Building model...
	using lazy and cut (CVRPSEP package)
Solving IRP LP...
--------------------------------------------------------------------------------

Gurobi 9.1.0 (linux64) logging started Sat Jan  9 02:29:33 2021

Gurobi Optimizer version 9.1.0 build v9.1.0rc0 (linux64)
Thread count: 32 physical cores, 32 logical processors, using up to 2 threads
Optimize a model with 1291 rows, 10318 columns and 35713 nonzeros
Model fingerprint: 0x1c698b35
Variable types: 589 continuous, 9729 integer (414 binary)
Coefficient statistics:
  Matrix range     [1e+00, 1e+03]
  Objective range  [1e-01, 6e+02]
  Bounds range     [1e+00, 3e+02]
  RHS range        [1e+01, 6e+03]
Presolve removed 284 rows and 121 columns
Presolve time: 0.16s
Presolved: 1007 rows, 10197 columns, 34328 nonzeros
Variable types: 443 continuous, 9754 integer (9324 binary)

Root relaxation: objective 1.306174e+04, 905 iterations, 0.02 seconds

    Nodes    |    Current Node    |     Objective Bounds      |     Work
 Expl Unexpl |  Obj  Depth IntInf | Incumbent    BestBd   Gap | It/Node Time

     0     0 13061.7393    0  117          - 13061.7393      -     -    0s
     0     0 13314.5756    0  173          - 13314.5756      -     -    0s
     0     0 13314.5756    0  177          - 13314.5756      -     -    0s
     0     0 13835.3971    0  157          - 13835.3971      -     -    0s
     0     0 13895.5227    0  201          - 13895.5227      -     -    0s
     0     0 13897.1270    0  204          - 13897.1270      -     -    0s
     0     0 13900.6929    0  222          - 13900.6929      -     -    0s
     0     0 13901.1312    0  224          - 13901.1312      -     -    0s
     0     0 14003.2403    0  252          - 14003.2403      -     -    1s
     0     0 14018.1464    0  220          - 14018.1464      -     -    1s
     0     0 14042.9521    0  216          - 14042.9521      -     -    1s
     0     0 14042.9918    0  241          - 14042.9918      -     -    1s
     0     0 14086.5041    0  268          - 14086.5041      -     -    1s
     0     0 14105.3018    0  257          - 14105.3018      -     -    1s
     0     0 14107.5941    0  270          - 14107.5941      -     -    1s
     0     0 14107.6022    0  300          - 14107.6022      -     -    1s
     0     0 14190.0148    0  292          - 14190.0148      -     -    2s
     0     0 14192.8418    0  351          - 14192.8418      -     -    2s
     0     0 14262.6815    0  363          - 14262.6815      -     -    2s
     0     0 14280.3603    0  346          - 14280.3603      -     -    2s
     0     0 14282.5347    0  349          - 14282.5347      -     -    2s
     0     0 14287.5029    0  376          - 14287.5029      -     -    2s
     0     0 14287.7892    0  359          - 14287.7892      -     -    2s
     0     0 14310.6093    0  323          - 14310.6093      -     -    3s
     0     0 14326.3770    0  333          - 14326.3770      -     -    3s
     0     0 14330.9429    0  350          - 14330.9429      -     -    3s
     0     0 14333.9026    0  428          - 14333.9026      -     -    3s
     0     0 14334.9772    0  362          - 14334.9772      -     -    3s
     0     0 14342.8526    0  417          - 14342.8526      -     -    3s
     0     0 14343.9082    0  461          - 14343.9082      -     -    3s
     0     0 14348.1844    0  372          - 14348.1844      -     -    4s
     0     0 14349.1465    0  423          - 14349.1465      -     -    4s
     0     0 14354.9544    0  368          - 14354.9544      -     -    4s
     0     0 14354.9544    0  321          - 14354.9544      -     -    4s
     0     2 14361.2710    0  319          - 14361.2710      -     -    5s
    54    60 14452.6121   18  312          - 14361.2710      -   315   10s
   159   171 15038.9424   51  102          - 14361.2710      -   220   15s
   305   340 15954.8302  120   73          - 14361.2710      -   153   20s
   524   534 15498.6355   97   94          - 14361.2710      -   105   25s
   868   909 17357.6332  498    4          - 14361.2710      -  71.8   30s
  1072  1078 14500.8854   10  360          - 14361.2710      -  70.2   35s
  1170  1141 17000.3504  468  203          - 14361.2710      -  71.6   40s
  1187  1152 16880.9029  296  341          - 14410.0431      -  70.6   45s
  1201  1162 15043.4111   38  457          - 14424.8872      -  69.8   50s
  1209  1167 14458.6890   21  478          - 14425.2721      -  69.3   55s
  1224  1179 16400.2301  149  327          - 14425.2736      -  80.3   60s
  1241  1190 16880.6324  271  428          - 14432.3322      -  79.2   65s
  1249  1195 17367.3641  210  455          - 14432.3720      -  78.7   70s
  1253  1198 16990.8246  442  447          - 14440.7445      -  78.5   77s
  1256  1203 14441.2208   26  465          - 14441.2208      -  87.8   81s
  1266  1211 14461.5369   28  466          - 14449.7171      -  92.9   85s
  1295  1230 14526.2778   34  375          - 14449.7171      -   102   90s
  1347  1270 14743.4224   45  246          - 14449.7171      -   110   95s
  1404  1310 infeasible   57               - 14449.7171      -   116  100s
  1493  1376 15159.7543   77  200          - 14449.7171      -   119  105s
  1578  1424 15631.2660   95  188          - 14449.7171      -   120  110s
  1695  1517 15719.7210  126  191          - 14449.7171      -   120  115s
  1829  1620 16063.6372  159  142          - 14449.7171      -   117  121s
  1954  1673 16520.4398  191  101          - 14449.7171      -   115  125s
  2081  1806 16803.0259  211  125          - 14449.7171      -   113  130s
  2218  1895 16938.2169  235  152          - 14449.7171      -   111  135s
  2357  2002 17782.5963  277   49          - 14449.7171      -   109  140s
  2532  2076 18310.1900  351   32          - 14449.7171      -   104  145s
  2672  2130 14477.7609   32  445          - 14449.7575      -   104  150s
  2820  2247 14765.3053   38  301          - 14449.7575      -   104  157s
  2923  2304 14758.5107   45  325          - 14449.7575      -   104  168s
  2965  2337 14783.6351   48  336          - 14449.7575      -   104  170s
  3064  2414 14861.3217   57  270          - 14449.7575      -   104  176s
  3179  2494 14949.1368   69  210          - 14449.7575      -   104  181s
  3297  2513 15014.4410   83  187          - 14449.7575      -   105  187s
  3347  2567 15053.1859   99  159          - 14449.7575      -   106  192s
  3433  2610 15191.8405  127  151          - 14449.7575      -   108  197s
  3465  2658 15371.0776  137  151          - 14449.7575      -   109  200s
  3571  2729 15720.7899  161  123          - 14449.7575      -   109  207s
  3630  2792 15622.6430  174  149          - 14449.7575      -   109  211s
  3714  2866 15941.2422  197  110          - 14449.7575      -   109  215s
  3818  2905 16388.2329  223   93          - 14449.7575      -   108  220s
  3932  2932 16229.9182  249  104          - 14449.7575      -   108  225s
  4013  2967 16331.4338  284   82          - 14449.7575      -   109  230s
  4107  3003 16546.5429  325   82          - 14449.7575      -   110  235s
  4126  3075 16431.4109  327   93          - 14449.7575      -   111  240s
  4205  3167 16580.7469  355  122          - 14449.7575      -   112  248s
  4323  3284 16929.8571  387  110          - 14449.7575      -   111  254s
  4344  3277 17010.1347  397   79          - 14449.7575      -   111  255s
  4496  3499 17283.0757  438   62          - 14449.7575      -   109  262s
  4754  3413 15138.6627  232   55          - 14449.7575      -   105  265s
  4783  3556 17497.4172  518   42          - 14478.3861      -   105  271s
  4985  3655 14513.7514   30  464          - 14478.3861      -   103  279s
  5105  3782 14602.6366   34  375          - 14478.3861      -   102  287s
  5236  4092 14691.1563   38  377          - 14478.3861      -   101  294s
  5441  4092 17202.1319  600   31          - 14478.3861      -   100  297s
  5457  4092 18546.2200  612   27          - 14478.3861      -  99.4  300s
  5550  4213 14726.3316   44  266          - 14478.3861      -  98.2  306s
  5716  4280 14813.9219   56  177          - 14478.3861      -  97.5  313s
  5783  4359 14960.3400   98  112          - 14478.3861      -  98.2  320s
  5862  4429 15058.6607  129   63          - 14478.3861      -  99.0  326s
  5932  4554 15184.9029  171   84          - 14478.3861      -   100  333s
  6041  4554 15037.1985   50  224          - 14478.3861      -  98.9  335s
  6057  4686 15431.4360  265  106          - 14478.3861      -  99.5  340s
  6191  4920 15828.6274  354   61          - 14478.3861      -   100  350s
  6427  5039 16974.7718  499   38          - 14487.2113      -  98.0  359s
  6443  5039 16978.3335  503   31          - 14487.2113      -  97.8  360s
  6594  5090 14859.1643   34  403          - 14487.2113      -  97.9  367s
  6645  5184 14888.2924   44  329          - 14487.2113      -  98.8  373s
  6739  5294 14942.0233   56  286          - 14487.2113      -   100  380s
  6849  5408 15043.7190   82  187          - 14487.2113      -   100  388s
  6963  5596 15105.4377  111  153          - 14487.2113      -   100  398s
  7151  5925 15200.8376  158  155          - 14487.2113      -  99.0  409s
  7183  5925 15294.1028  184  160          - 14487.2113      -  99.0  410s
  7480  6046 15620.9634  215  151          - 14487.2113      -  96.9  421s
  7621  6235 15673.9936  292  130          - 14487.2113      -  97.2  431s
  7812  6674 16660.5998  399   72          - 14487.2113      -  97.3  444s
  7876  6674 16957.3333  423   22          - 14487.2113      -  97.0  445s
  8253  6933 18096.2227  539   11          - 14495.1903      -  94.4  460s
  8565  7308 14695.8944   42  308          - 14495.1903      -  93.0  473s
  8694  7308 16052.5913  360   44          - 14495.1903      -  92.7  475s
  8963  7343 14804.8268   65  186          - 14495.1903      -  90.9  485s
  8997  7383 14950.2133   75  145          - 14495.1903      -  91.9  491s
  9037  7512 14979.3923   97  187          - 14495.1903      -  92.6  498s
  9127  7512 14942.8267   43  300          - 14495.1903      -  92.6  500s
  9166  7741 15226.7031  155   77          - 14495.1903      -  93.1  509s
  9214  7741 15286.4758  199  145          - 14495.1903      -  92.8  510s
  9395  8036 15838.3760  300   40          - 14495.1903      -  92.6  521s
  9610  8036 16990.8217  425   70          - 14495.1903      -  91.7  525s
  9704  8320 16856.0011  430   46          - 14496.3726      -  91.6  535s
 10032  8721 14577.2806   38  412          - 14496.3726      -  90.1  549s
 10189  8721 15900.2667  342   37          - 14496.3726      -  89.9  552s
 10369  8721 16639.7366  469   40          - 14496.3726      -  88.8  555s
 10447  9033 14778.8484   54  250          - 14496.3726      -  88.2  564s
 10488  9033 16895.5835  538   32          - 14496.3726      -  88.6  565s
 10850  9033 14602.4182   32  471          - 14496.3726      -  86.2  570s
 10854  9096 14971.6653   66  170          - 14496.3726      -  86.4  576s
 10917  9193 15029.0481   85  206          - 14496.3726      -  87.1  584s
 10965  9193 15247.1368  115  207          - 14496.3726      -  87.4  585s
 11014  9336 15363.1790  113  198          - 14496.3726      -  87.7  592s
 11156  9336 15416.3148  102  106          - 14496.3726      -  88.0  595s
 11159  9525 15670.0903  170  138          - 14496.3726      -  88.0  602s
 11307  9525 15555.1728  123   88          - 14496.3726      -  88.0  605s
 11372  9647 17751.3520  235  124          - 14498.4325      -  88.0  613s
 11477  9647 16338.1479  215  106          - 14498.4325      -  88.2  615s
 11517  9947 14629.4531   41  429          - 14498.4325      -  88.2  624s
 11620  9947 16551.2370  304   58          - 14498.4325      -  88.4  626s
 11821 10089 14758.7643   58  339          - 14498.4325      -  87.4  636s
 12001 10144 14914.4215   85  234          - 14498.4325      -  87.3  645s
 12056 10226 15256.2491  102  166          - 14498.4325      -  88.0  652s
 12144 10354 15279.3125  132  148          - 14498.4325      -  88.7  660s
 12274 10705 15448.6052  182  165          - 14498.4325      -  89.0  670s
 12629 11079 16605.1150  339  100          - 14498.4325      -  87.9  684s
 12645 11079 16632.5862  345   89          - 14498.4325      -  88.0  685s
 13017 11261 17282.1013  500  109          - 14500.8382      -  86.4  698s
 13119 11261 19209.6672  544   42          - 14500.8382      -  86.0  700s
 13290 11313 14695.8292   44  293          - 14500.9298      -  85.9  707s
 13344 11473 15007.4228   57  175          - 14500.9298      -  86.7  714s
 13393 11473 15081.4984   84   69          - 14500.9298      -  86.8  715s
 13508 11766 15538.1217  132   22          - 14500.9977      -  87.0  723s
 13623 11766 15884.5133  213   29          - 14500.9977      -  86.6  725s
 13833 11904 14616.1355   32  402          - 14500.9977      -  86.4  734s
 13915 11904 15824.8366  172  122          - 14500.9977      -  86.6  735s
 13979 11975 14869.0159   47  246          - 14500.9977      -  86.8  741s
 14064 12095 15149.7624   72   71          - 14500.9977      -  87.4  749s
 14112 12095 15344.5258  101   53          - 14500.9977      -  87.5  750s
 14186 12253 15467.4969  130   47          - 14512.7286      -  87.8  758s
 14334 12253 16481.7188  227   33          - 14512.7286      -  87.3  760s
 14405 12330 14650.8147   33  431          - 14512.7286      -  87.8  767s
 14486 12541 14861.4310   41  290          - 14512.7286      -  88.3  776s
 14705 12541 16177.5222  264   45          - 14512.7286      -  88.2  780s
 14711 12713 15174.4249   51  140          - 14512.7286      -  88.2  788s
 14919 12825 15181.5204   77   42          - 14512.7286      -  88.1  798s
 15030 12825 15109.1199   62  135          - 14512.7286      -  88.5  800s
 15031 13239 15606.3074  127   82          - 14513.7514      -  88.5  810s
 15324 13239 16353.0377  326   56          - 14513.7514      -  87.3  815s
 15493 13399 14562.2185   29  443          - 14513.7514      -  87.3  823s
 15667 13508 14878.9239   41  244          - 14513.7514      -  87.5  833s
 15759 13508 16222.5633  215   45          - 14513.7514      -  88.0  835s
 15778 13862 14911.4202   73  116          - 14513.7514      -  87.9  845s
 16035 13862 17241.6649  326   33          - 14513.7514      -  87.5  850s
 16186 13997 15066.0346  104  160          - 14513.7514      -  87.0  857s
 16321 14394 15321.4305  160  145          - 14513.7514      -  87.4  867s
 16497 14394 15959.8990  254   53          - 14513.7514      -  86.8  870s
 16739 14553 17614.3408  357   21          - 14513.8419      -  86.6  881s
 16936 14697 14752.3043   39  342          - 14513.8419      -  86.4  891s
 17074 15036 14760.4207   58  230          - 14513.8419      -  86.7  902s
 17463 15103 15117.7677   74  229          - 14513.8419      -  85.8  913s
 17530 15158 15112.2768  109   45          - 14513.8419      -  86.2  920s
 17599 15303 15699.4123  118   41          - 14513.8419      -  87.0  928s
 17744 15531 16042.6277  162   58          - 14516.1543      -  87.3  938s
 17858 15531 16663.2682  232   14          - 14516.1543      -  87.1  940s
 18040 15633 14638.3306   36  393          - 14516.1543      -  87.1  948s
 18130 15833 14782.0049   49  367          - 14516.1543      -  87.5  967s
 18311 15833 16348.7620  310    4          - 14516.1543      -  87.2  970s
 18376 15870 14877.2188   56  311          - 14516.1543      -  87.1  975s
 18413 16001 15044.2833   64  161          - 14516.1543      -  87.6  982s
 18546 16224 15350.4793  142   45          - 14517.9695      -  87.9  992s
 18711 16224 16061.8179  266   38          - 14517.9695      -  87.4  995s
 18803 16283 14720.3099   35  282          - 14517.9695      -  87.5 1002s
 18855 16364 14850.4980   46  259          - 14517.9695      -  87.9 1008s
 18936 16483 15062.6159   68  152          - 14517.9695      -  88.3 1016s
 19055 16897 15302.9998  115   81          - 14518.9613      -  88.5 1026s
 19353 16897 16829.5677  294   18          - 14518.9613      -  87.6 1030s
 19522 17053 14531.2925   35  557          - 14518.9613      -  87.5 1039s
 19558 17053 16322.8819  215   95          - 14518.9613      -  87.7 1040s
 19686 17218 14664.5795   46  469          - 14518.9613      -  87.4 1048s
 19871 17259 14774.6270   58  330          - 14518.9613      -  87.4 1057s
 19912 17297 14961.1727   70  248          - 14518.9613      -  87.9 1063s
 19952 17393 15083.1015   81  222          - 14518.9613      -  88.4 1070s
 20048 17628 15226.6929  111  164          - 14518.9613      -  88.8 1078s
 20283 18062 15393.9740  167  121          - 14518.9613      -  88.6 1089s
 20315 18062 15427.4147  194  119          - 14518.9613      -  88.5 1090s
 20492 18062 16098.1661  303   61          - 14518.9613      -  88.2 1095s
 20736 18491 16103.5026  307   59          - 14518.9613      -  87.7 1108s
 20816 18491 16305.3030  357   76          - 14518.9613      -  87.5 1110s
 21142 18491 19286.5275  603   51          - 14518.9613      -  86.5 1115s
 21186 18534 20516.6248  617   48          - 14522.7426      -  86.7 1121s
 21252 18649 15000.0595   47  328          - 14522.7426      -  87.1 1127s
 21369 18933 15280.4611   63  116          - 14522.7426      -  87.3 1137s
 21622 18933 16109.4882  271   86          - 14522.7426      -  87.1 1141s
 21659 19136 15572.3934  101  176          - 14522.7426      -  87.1 1147s
 21830 19136 16631.9520  304   62          - 14522.7426      -  87.0 1150s
 21892 19598 17464.5876  213   98          - 14523.0046      -  87.1 1161s
 22203 19598 19370.7029  362    9          - 14523.0046      -  86.3 1165s
 22423 19680 14611.4098   42  389          - 14523.0046      -  85.9 1174s
 22505 19959 14758.7688   58  302          - 14523.0046      -  86.2 1183s
 22581 19959 15049.9429  123   75          - 14523.0046      -  86.4 1185s
 22826 20155 14929.2724   72  226          - 14523.3794      -  85.8 1195s
 23045 20181 14591.9997   32  456          - 14523.3794      -  85.8 1203s
 23071 20234 14721.7738   45  347          - 14523.3794      -  86.2 1209s
 23126 20334 14933.0892   52  187          - 14523.3794      -  86.6 1216s
 23226 20704 15026.4377   64  219          - 14523.3794      -  87.0 1225s
 23491 20704 16847.7202  233   55          - 14523.3794      -  86.9 1230s
 23612 21115 15143.7220   87  129          - 14523.3794      -  86.5 1238s
 23692 21115 15358.3854  129   59          - 14523.3794      -  86.4 1240s
 24061 21399 16751.7614  331   48          - 14526.9213      -  85.7 1253s
 24229 21407 20152.3700  379    -          - 14526.9213      -  85.3 1255s
 24439 21517 14646.3116   37  392          - 14526.9213      -  85.2 1264s
 24536 21576 infeasible   45               - 14526.9213      -  85.6 1272s
 24598 21576 15778.2333  169   94          - 14526.9213      -  85.9 1275s
 24599 21685 14871.4615   52  277          - 14526.9213      -  85.9 1281s
 24708 21998 15101.5158   72  127          - 14526.9213      -  86.1 1290s
 25059 22206 15469.0172  136   53          - 14526.9213      -  85.7 1302s
 25245 22206 17092.5522  257   48          - 14526.9213      -  85.3 1305s
 25292 22413 17321.1817  284   39          - 14527.8737      -  85.4 1312s
 25550 22449 14722.5353   49  408          - 14527.8737      -  85.2 1322s
 25586 22640 14878.3849   61  236          - 14527.8737      -  85.4 1329s
 25777 22858 15034.6578   76   96          - 14527.8737      -  85.4 1338s
 25908 22858 15687.8355  250   73          - 14527.8737      -  85.5 1340s
 25997 23077 15241.4496  116   78          - 14528.7622      -  85.5 1347s
 26147 23077 16664.8660  204   90          - 14528.7622      -  85.4 1350s
 26294 23108 14584.3146   36  500          - 14530.1433      -  85.4 1357s
 26325 23158 14747.9159   42  421          - 14530.1433      -  85.7 1363s
 26375 23259 14907.8005   50  363          - 14530.1433      -  86.1 1370s
 26478 23363 15096.3097   61  268          - 14530.1433      -  86.3 1439s
 26495 23363 15156.4751   71  225          - 14530.1433      -  86.4 1450s
 26584 23741 15156.8933   83  235          - 14530.1433      -  86.4 1460s
 26868 23741 16921.0500  272   12          - 14530.1433      -  86.2 1465s
 26974 23817 15349.6934  109  158          - 14530.1433      -  86.0 1472s
 27052 23990 15555.8621  138  163          - 14530.1433      -  86.3 1480s
 27225 24288 15836.2487  211   64          - 14530.1433      -  86.4 1492s
 27412 24288 15099.4618   68   78          - 14530.1433      -  86.3 1495s
 27577 24362 16921.6053  322   85          - 14530.7019      -  86.2 1504s
 27611 24362 17072.8064  346   69          - 14530.7019      -  86.1 1505s
 27677 24404 14824.0908   34  180          - 14530.7019      -  86.5 1512s
 27719 24476 14826.7286   40  281          - 14530.7019      -  86.9 1519s
 27793 24572 15026.5935   59  131          - 14530.7019      -  87.2 1527s
 27893 24738 15209.4572   84  101          - 14530.7019      -  87.5 1535s
 28061 25189 15648.6084  125   60          - 14531.2482      -  87.8 1546s
 28297 25189 15669.3557  225   37          - 14531.3242      -  87.4 1550s
 28593 25231 14766.0410   47  343          - 14531.3242      -  86.9 1559s
 28635 25365 15050.5314   57  230          - 14531.3242      -  87.3 1566s
 28769 25647 15298.3863   82  120          - 14531.3242      -  87.5 1575s
 29075 26039 16172.1321  195   57          - 14536.0729      -  87.4 1588s
 29225 26039 17432.4056  283   67          - 14536.0729      -  87.2 1590s
 29544 26090 14698.2398   41  461          - 14536.0729      -  86.7 1599s
 29595 26183 14848.4024   53  399          - 14536.0729      -  87.0 1607s
 29688 26480 14964.2194   58  345          - 14536.0729      -  87.3 1617s
 29907 26480 16231.7700  249   20          - 14536.0729      -  87.2 1620s
 30001 26663 15103.4848   71  281          - 14536.0729      -  87.0 1628s
 30106 26663 17431.0502  315   26          - 14536.0729      -  87.1 1630s
 30202 26730 15223.7453   86  198          - 14536.0729      -  87.0 1637s
 30267 26980 15460.5237  108  169          - 14536.0729      -  87.4 1646s
 30465 26980 15496.0219  172   11          - 14536.0729      -  87.4 1650s
 30559 27168 15692.6834  141  115          - 14537.4865      -  87.4 1659s
 30607 27168 15710.4181  188   54          - 14537.4865      -  87.3 1660s
 30748 27192 14841.3648   32  258          - 14537.4865      -  87.4 1668s
 30772 27254 14948.4059   38  208          - 14537.4865      -  87.8 1674s
 30834 27341 15147.6560   46  190          - 14537.4865      -  88.1 1682s
 30921 27474 15296.0982   58  164          - 14537.4865      -  88.4 1690s
 31054 28145 15532.3092   91   87          - 14537.4865      -  88.6 1702s
 31377 28145 16573.9598  264   82          - 14537.4865      -  88.2 1707s
 31602 28145 17230.2156  432   36          - 14537.4865      -  87.7 1710s
 31736 28305 16166.0687  200   65          - 14538.2173      -  87.4 1720s
 31952 28337 14737.5538   35  370          - 14538.3722      -  87.5 1728s
 31986 28388 14994.0067   47  326          - 14538.3722      -  87.8 1734s
 32041 28507 15201.5893   56  221          - 14538.3722      -  88.1 1740s
 32160 28831 15304.0124   67  214          - 14538.3722      -  88.4 1749s
 32176 28831 15310.6600   76  100          - 14538.3722      -  88.4 1750s
 32488 29255 15413.4500  117   63          - 14538.3722      -  88.1 1761s
 32712 29255 17854.4198  267   26          - 14538.3722      -  87.9 1765s
 32941 29395 15875.4419  260   53          - 14539.3373      -  87.6 1775s
