




arguments: ./build/mirp_solver -f ./input/orig_exec_371.cfg
Current dir: /scratch/gui/bnc_mirp
File verbosity level: 9
date       time         ( uptime  ) [ thread name/id ]                   file:line     v| 
2021-01-28 22:40:57.592 (   0.125s) [main thread     ]             loguru.cpp:789   INFO| Logging to './output/vi_hc3/OU/V4/Original/execution_28_01_2021_22_40_57.log', mode: 'a', verbosity: 9
--------------------------------------------------------------------------------
Parameters
                           instance_path           ./input/Instances/Original/5/
                            model_policy                                       1
                             nb_vehicles                                       4
                              output_dir         ./output/vi_hc3/OU/V4/Original/
                            sec_strategy                                       1
                       solver_nb_threads                                       2
                         solver_show_log                                    true
                       solver_time_limit                                    3600
                              use_vi_cos                                   false
                              use_vi_cus                                   false
                         use_vi_hc1_full                                   false
                         use_vi_hc1_half                                   false
                      use_vi_hc1_quarter                                   false
                              use_vi_hc2                                   false
                              use_vi_hc3                                    true
                         use_vi_lex_full                                   false
                         use_vi_lex_half                                   false
                      use_vi_lex_quarter                                   false
                              use_vi_qua                                   false
                               use_vi_vc                                   false
                               use_vi_vr                                   false
--------------------------------------------------------------------------------
executing instance: ./input/Instances/Original/5/absH3low_4n50.dat
--------------------------------------------------------------------------------
Instance details
n	51
H	3
C	4066
Li:
[0, 0, 0, 0, 0, 0, 0, 0, 0, 0, 0, 0, 0, 0, 0, 0, 0, 0, 0, 0, 0, 0, 0, 0, 0, 0, 0, 0, 0, 0, 0, 0, 0, 0, 0, 0, 0, 0, 0, 0, 0, 0, 0, 0, 0, 0, 0, 0, 0, 0, 0, ]
Ui:
[0, 108, 126, 122, 66, 120, 48, 30, 128, 54, 158, 198, 36, 66, 210, 234, 147, 297, 171, 128, 116, 120, 219, 70, 294, 207, 134, 128, 234, 122, 22, 183, 195, 255, 132, 124, 66, 189, 219, 66, 128, 102, 288, 66, 87, 136, 36, 39, 282, 36, 237, ]
Distance matrix:
|0	210	444	498	509	104	438	228	487	304	456	434	526	476	163	47	293	396	293	290	313	85	280	437	293	336	409	106	449	376	433	478	193	404	404	534	278	181	380	507	189	438	263	473	353	216	202	218	452	254	465	|
|210	0	299	507	359	106	345	409	358	411	320	402	555	448	136	200	289	264	306	427	141	222	83	348	264	320	283	303	380	208	258	357	170	348	475	542	243	347	355	379	65	479	172	373	355	251	112	229	402	210	300	|
|444	299	0	363	65	358	116	542	66	440	26	241	425	272	282	407	251	51	276	490	159	397	224	124	217	237	48	490	170	99	83	74	261	180	430	385	214	479	231	85	270	390	184	116	271	300	409	276	210	215	54	|
|498	507	363	0	385	482	246	424	326	254	343	123	63	93	388	452	221	337	211	314	428	414	480	239	243	187	324	463	194	418	438	307	346	188	156	36	264	392	156	326	444	87	340	258	154	286	603	294	153	297	417	|
|509	359	65	385	0	422	145	602	59	492	59	269	448	292	348	472	305	115	329	545	218	462	281	152	274	286	106	554	192	153	116	78	326	216	472	403	274	540	271	63	334	425	249	127	316	361	468	337	233	278	69	|
|104	106	358	482	422	0	372	309	408	337	374	396	521	441	98	96	262	314	271	342	215	124	177	373	249	302	329	198	394	281	337	402	139	353	419	518	230	250	343	428	90	437	188	405	328	200	134	188	406	199	372	|
|438	345	116	246	145	372	0	485	87	357	97	126	309	155	279	394	180	101	200	414	223	373	288	8	157	150	84	459	53	188	196	68	245	72	328	269	165	427	128	97	297	280	184	36	175	250	456	233	94	184	170	|
|228	409	542	424	602	309	485	0	561	170	544	419	424	446	298	214	305	491	286	115	462	187	457	480	331	339	496	124	470	510	565	545	295	424	279	454	329	66	376	576	363	340	370	520	330	242	429	266	453	328	581	|
|487	358	66	326	59	408	87	561	0	441	40	211	389	233	324	446	258	95	281	497	220	431	287	95	230	234	79	522	133	164	146	19	297	160	415	344	233	500	215	21	323	367	224	68	261	320	470	299	174	242	106	|
|304	411	440	254	492	337	357	170	441	0	434	266	255	286	275	266	189	392	164	63	408	225	428	351	224	207	392	234	330	438	484	424	250	287	112	284	232	149	233	453	349	170	302	389	185	168	471	195	305	248	487	|
|456	320	26	343	59	374	97	544	40	434	0	223	406	252	294	418	247	60	271	487	181	405	247	105	215	229	49	498	149	124	109	48	270	165	419	364	215	482	218	60	288	375	194	92	261	302	431	279	190	220	75	|
|434	402	241	123	269	396	126	419	211	266	223	0	185	46	298	387	140	213	145	328	310	355	366	118	147	97	201	425	78	295	315	191	256	65	211	151	166	371	53	215	343	157	231	145	90	220	505	217	41	198	295	|
|526	555	425	63	448	521	309	424	389	255	406	185	0	156	430	481	266	398	252	310	485	442	534	301	293	237	386	480	257	478	500	370	390	249	145	55	313	401	212	389	491	89	392	321	201	322	646	334	216	345	479	|
|476	448	272	93	292	441	155	446	233	286	252	46	156	0	343	429	183	250	184	348	353	396	411	148	192	140	236	461	102	334	350	214	302	106	214	113	212	402	98	233	389	151	277	165	125	261	551	260	62	244	325	|
|163	136	282	388	348	98	279	298	324	275	294	298	430	343	0	124	167	234	178	296	167	121	162	279	151	205	247	216	297	224	280	316	42	256	340	423	132	232	246	344	74	349	100	314	233	115	216	97	308	101	307	|
|47	200	407	452	472	96	394	214	446	266	418	387	481	429	124	0	246	358	245	259	284	41	261	392	247	289	370	103	403	345	402	436	150	358	361	488	232	158	333	466	165	393	223	430	306	168	217	171	406	210	431	|
|293	289	251	221	305	262	180	305	258	189	247	140	266	183	167	246	0	204	26	240	238	215	276	175	37	43	203	289	169	255	297	242	125	122	202	257	52	248	87	272	225	191	134	215	67	80	382	77	163	81	298	|
|396	264	51	337	115	314	101	491	95	392	60	213	398	250	234	358	204	0	229	442	130	347	196	108	169	194	19	440	152	87	102	93	211	149	390	363	165	428	194	116	228	355	134	117	230	250	376	225	189	164	95	|
|293	306	276	211	329	271	200	286	281	164	271	145	252	184	178	245	26	229	0	216	262	212	297	195	63	53	228	280	184	280	323	264	138	137	178	248	76	232	95	294	241	173	156	234	60	77	395	83	172	102	324	|
|290	427	490	314	545	342	414	115	497	63	487	328	310	348	296	259	240	442	216	0	443	220	456	408	273	264	443	204	390	479	529	480	278	346	165	343	278	115	293	509	369	229	340	447	244	202	473	230	366	288	536	|
|313	141	159	428	218	215	223	462	220	408	181	310	485	353	167	284	238	130	262	443	0	288	67	228	202	252	149	382	267	67	122	221	168	247	440	459	186	396	273	241	125	423	107	245	291	242	251	214	297	162	160	|
|85	222	397	414	462	124	373	187	431	225	405	355	442	396	121	41	215	347	212	220	288	0	273	371	221	258	357	95	378	344	401	420	136	331	321	450	208	126	302	450	177	353	213	409	272	136	253	143	377	190	426	|
|280	83	224	480	281	177	288	457	287	428	247	366	534	411	162	261	276	196	297	456	67	273	0	292	243	298	215	363	329	128	176	288	179	305	475	513	224	392	324	307	96	466	143	311	335	261	187	235	357	195	219	|
|437	348	124	239	152	373	8	480	95	351	105	118	301	148	279	392	175	108	195	408	228	371	292	0	154	144	91	456	46	194	203	76	244	65	320	261	163	423	121	103	299	273	185	40	168	247	459	230	86	183	178	|
|293	264	217	243	274	249	157	331	230	224	215	147	293	192	151	247	37	169	63	273	202	221	243	154	0	57	170	303	157	217	260	215	110	111	238	278	21	271	94	245	201	223	100	193	92	93	362	78	160	54	263	|
|336	320	237	187	286	302	150	339	234	207	229	97	237	140	205	289	43	194	53	264	252	258	298	144	57	0	190	331	131	257	294	216	163	84	197	221	77	285	44	246	258	172	155	183	39	123	418	119	120	110	288	|
|409	283	48	324	106	329	84	496	79	392	49	201	386	236	247	370	203	19	228	443	149	357	215	91	170	190	0	449	136	105	114	75	221	138	384	349	168	434	185	99	245	346	146	98	224	255	394	231	174	171	99	|
|106	303	490	463	554	198	459	124	522	234	498	425	480	461	216	103	289	440	280	204	382	95	363	456	303	331	449	0	458	439	496	510	229	410	344	498	293	89	374	540	267	391	307	495	336	211	308	226	451	280	520	|
|449	380	170	194	192	394	53	470	133	330	149	78	257	102	297	403	169	152	184	390	267	378	329	46	157	131	136	458	0	238	249	114	259	47	287	216	171	416	96	137	327	235	211	67	145	247	488	235	41	197	223	|
|376	208	99	418	153	281	188	510	164	438	124	295	478	334	224	345	255	87	280	479	67	344	128	194	217	257	105	439	238	0	57	169	216	230	453	445	206	445	268	184	191	427	141	202	296	278	315	250	274	191	92	|
|433	258	83	438	116	337	196	565	146	484	109	315	500	350	280	402	297	102	323	529	122	401	176	203	260	294	114	496	249	57	0	157	271	252	490	463	251	499	296	162	247	457	195	199	331	329	362	302	288	241	47	|
|478	357	74	307	78	402	68	545	19	424	48	191	370	214	316	436	242	93	264	480	221	420	288	76	215	216	75	510	114	169	157	0	287	141	396	325	219	485	196	31	319	347	216	49	243	306	469	286	154	230	120	|
|193	170	261	346	326	139	245	295	297	250	270	256	390	302	42	150	125	211	138	278	168	136	179	244	110	163	221	229	259	216	271	287	0	216	305	382	91	229	204	316	105	310	78	280	192	83	257	60	268	62	292	|
|404	348	180	188	216	353	72	424	160	287	165	65	249	106	256	358	122	149	137	346	247	331	305	65	111	84	138	410	47	230	252	141	216	0	255	215	126	369	56	168	292	210	177	102	103	200	454	189	54	155	234	|
|404	475	430	156	472	419	328	279	415	112	419	211	145	214	340	361	202	390	178	165	440	321	475	320	238	197	384	344	287	453	490	396	305	255	0	181	254	261	201	422	410	69	335	353	160	225	551	246	252	280	482	|
|534	542	385	36	403	518	269	454	344	284	364	151	55	113	423	488	257	363	248	343	459	450	513	261	278	221	349	498	216	445	463	325	382	215	181	0	298	425	189	342	479	115	373	276	190	323	638	330	175	332	439	|
|278	243	214	264	274	230	165	329	233	232	215	166	313	212	132	232	52	165	76	278	186	208	224	163	21	77	168	293	171	206	251	219	91	126	254	298	0	267	114	250	181	242	82	202	112	88	341	68	177	33	258	|
|181	347	479	392	540	250	427	66	500	149	482	371	401	402	232	158	248	428	232	115	396	126	392	423	271	285	434	89	416	445	499	485	229	369	261	425	267	0	325	516	298	313	305	463	281	180	375	203	403	264	516	|
|380	355	231	156	271	343	128	376	215	233	218	53	212	98	246	333	87	194	95	293	273	302	324	121	94	44	185	374	96	268	296	196	204	56	201	189	114	325	0	224	294	161	185	157	49	167	455	163	78	147	284	|
|507	379	85	326	63	428	97	576	21	453	60	215	389	233	344	466	272	116	294	509	241	450	307	103	245	246	99	540	137	184	162	31	316	168	422	342	250	516	224	0	344	371	244	70	271	337	490	317	176	261	120	|
|189	65	270	444	334	90	297	363	323	349	288	343	491	389	74	165	225	228	241	369	125	177	96	299	201	258	245	267	327	191	247	319	105	292	410	479	181	298	294	344	0	414	116	328	291	187	163	165	345	147	282	|
|438	479	390	87	425	437	280	340	367	170	375	157	89	151	349	393	191	355	173	229	423	353	466	273	223	172	346	391	235	427	457	347	310	210	69	115	242	313	161	371	414	0	323	301	133	238	565	253	197	273	444	|
|263	172	184	340	249	188	184	370	224	302	194	231	392	277	100	223	134	134	156	340	107	213	143	185	100	155	146	307	211	141	195	216	78	177	335	373	82	305	185	244	116	323	0	217	192	138	278	110	230	55	214	|
|473	373	116	258	127	405	36	520	68	389	92	145	321	165	314	430	215	117	234	447	245	409	311	40	193	183	98	495	67	202	199	49	280	102	353	276	202	463	157	70	328	301	217	0	205	286	485	269	106	220	167	|
|353	355	271	154	316	328	175	330	261	185	261	90	201	125	233	306	67	230	60	244	291	272	335	168	92	39	224	336	145	296	331	243	192	103	160	190	112	281	49	271	291	133	192	205	0	138	449	141	123	145	323	|
|216	251	300	286	361	200	250	242	320	168	302	220	322	261	115	168	80	250	77	202	242	136	261	247	93	123	255	211	247	278	329	306	83	200	225	323	88	180	167	337	187	238	138	286	138	0	328	28	243	88	340	|
|202	112	409	603	468	134	456	429	470	471	431	505	646	551	216	217	382	376	395	473	251	253	187	459	362	418	394	308	488	315	362	469	257	454	551	638	341	375	455	490	163	565	278	485	449	328	0	313	508	308	406	|
|218	229	276	294	337	188	233	266	299	195	279	217	334	260	97	171	77	225	83	230	214	143	235	230	78	119	231	226	235	250	302	286	60	189	246	330	68	203	163	317	165	253	110	269	141	28	313	0	235	61	315	|
|452	402	210	153	233	406	94	453	174	305	190	41	216	62	308	406	163	189	172	366	297	377	357	86	160	120	174	451	41	274	288	154	268	54	252	175	177	403	78	176	345	197	230	106	123	243	508	235	0	207	264	|
|254	210	215	297	278	199	184	328	242	248	220	198	345	244	101	210	81	164	102	288	162	190	195	183	54	110	171	280	197	191	241	230	62	155	280	332	33	264	147	261	147	273	55	220	145	88	308	61	207	0	253	|
|465	300	54	417	69	372	170	581	106	487	75	295	479	325	307	431	298	95	324	536	160	426	219	178	263	288	99	520	223	92	47	120	292	234	482	439	258	516	284	120	282	444	214	167	323	340	406	315	264	253	0	|

--------------------------------------------------------------------------------
Building model...
	using lazy and cut (CVRPSEP package)
Solving IRP LP...
--------------------------------------------------------------------------------

Gurobi 9.1.0 (linux64) logging started Thu Jan 28 22:40:59 2021

Gurobi Optimizer version 9.1.0 build v9.1.0rc0 (linux64)
Thread count: 32 physical cores, 32 logical processors, using up to 2 threads
Optimize a model with 2331 rows, 16716 columns and 60684 nonzeros
Model fingerprint: 0x345e3030
Variable types: 804 continuous, 15912 integer (612 binary)
Coefficient statistics:
  Matrix range     [1e+00, 1e+03]
  Objective range  [1e-02, 6e+02]
  Bounds range     [1e+00, 3e+02]
  RHS range        [1e+01, 7e+03]
Presolve removed 504 rows and 51 columns
Presolve time: 0.10s
Presolved: 1827 rows, 16665 columns, 55204 nonzeros
Variable types: 753 continuous, 15912 integer (15312 binary)

Root relaxation: objective 3.473436e+03, 1774 iterations, 0.09 seconds

    Nodes    |    Current Node    |     Objective Bounds      |     Work
 Expl Unexpl |  Obj  Depth IntInf | Incumbent    BestBd   Gap | It/Node Time

     0     0 3473.43557    0  148          - 3473.43557      -     -    0s
     0     0 3720.71717    0  135          - 3720.71717      -     -    0s
     0     0 3739.56161    0  133          - 3739.56161      -     -    0s
     0     0 3739.56161    0  125          - 3739.56161      -     -    1s
     0     0 4436.17138    0  238          - 4436.17138      -     -    1s
     0     0 4447.99064    0  242          - 4447.99064      -     -    1s
     0     0 4447.99064    0  242          - 4447.99064      -     -    1s
     0     0 4498.80463    0  239          - 4498.80463      -     -    1s
     0     0 4515.08499    0  177          - 4515.08499      -     -    1s
     0     0 4518.32339    0  186          - 4518.32339      -     -    2s
     0     0 4519.33499    0  186          - 4519.33499      -     -    2s
     0     0 4521.47878    0  186          - 4521.47878      -     -    2s
     0     0 4523.80650    0  206          - 4523.80650      -     -    2s
     0     0 4524.79772    0  212          - 4524.79772      -     -    2s
     0     0 4530.92301    0  215          - 4530.92301      -     -    2s
     0     0 4531.17549    0  217          - 4531.17549      -     -    2s
     0     0 4622.91604    0  298          - 4622.91604      -     -    3s
     0     0 4629.89456    0  281          - 4629.89456      -     -    3s
     0     0 4630.82682    0  244          - 4630.82682      -     -    3s
     0     0 4679.61892    0  329          - 4679.61892      -     -    4s
     0     0 4692.95708    0  386          - 4692.95708      -     -    5s
     0     0 4695.22493    0  415          - 4695.22493      -     -    5s
     0     0 4697.34376    0  372          - 4697.34376      -     -    5s
     0     0 4697.51264    0  376          - 4697.51264      -     -    5s
     0     0 4733.80213    0  365          - 4733.80213      -     -    6s
     0     0 4740.35707    0  388          - 4740.35707      -     -    6s
     0     0 4744.13846    0  379          - 4744.13846      -     -    6s
     0     0 4744.70670    0  351          - 4744.70670      -     -    6s
     0     0 4767.81357    0  426          - 4767.81357      -     -    7s
     0     0 4772.31131    0  385          - 4772.31131      -     -    8s
     0     0 4773.46110    0  474          - 4773.46110      -     -    8s
     0     0 4785.33305    0  378          - 4785.33305      -     -    9s
     0     0 4796.44977    0  385          - 4796.44977      -     -    9s
     0     0 4797.46490    0  374          - 4797.46490      -     -    9s
     0     0 4809.49914    0  402          - 4809.49914      -     -   10s
     0     0 4811.27475    0  373          - 4811.27475      -     -   10s
     0     0 4813.63752    0  457          - 4813.63752      -     -   10s
     0     0 4813.69663    0  463          - 4813.69663      -     -   10s
     0     0 4829.81859    0  446          - 4829.81859      -     -   11s
     0     0 4830.55804    0  506          - 4830.55804      -     -   12s
     0     0 4832.62653    0  357          - 4832.62653      -     -   12s
     0     0 4834.37879    0  488          - 4834.37879      -     -   13s
     0     0 4837.48705    0  539          - 4837.48705      -     -   14s
     0     0 4839.07989    0  459          - 4839.07989      -     -   14s
     0     2 4851.58784    0  461          - 4851.58784      -     -   19s
     1     4 4856.30751    1  546          - 4851.58784      -  1389   20s
    24    27 4903.80417   10  333          - 4856.30751      -   765   25s
    47    52 4923.50475   15  477          - 4856.30751      -   718   30s
    72    73 5047.06228   21  324          - 4856.30751      -   672   35s
   107   112 5241.22507   32  393          - 4856.30751      -   598   40s
   147   153 5606.29102   43  346          - 4856.30751      -   558   45s
   184   194 5705.18923   59  282          - 4856.30751      -   525   50s
   229   239 5824.47293   80  283          - 4856.30751      -   499   55s
   291   317 5989.14385  100  248          - 4856.30751      -   442   60s
   386   414 6230.96662  129  272          - 4856.30751      -   374   66s
   448   498 6294.40613  145  224          - 4856.30751      -   348   70s
   567   630 6367.98395  160  265          - 4856.30751      -   296   75s
   707   772 6474.22771  172  231          - 4856.30751      -   251   80s
   860   904 6523.75644  177  183          - 4856.30751      -   213   86s
   960   925 6746.71133  186  191          - 4856.30751      -   194   90s
  1039   969 6533.33436  151  249          - 4856.30751      -   188   95s
  1046   974 6527.03276  155  519          - 4864.70874      -   186  100s
  1054   979 7687.40244  222  542          - 4881.34070      -   185  105s
  1065   986 5414.45041   39  709          - 4889.30954      -   183  110s
  1073   992 11707.5200  334  691          - 4891.00114      -   182  116s
  1079   996 7452.76526  200  693          - 4892.86447      -   181  120s
  1085  1000 6392.78816  166  654          - 4893.65436      -   180  125s
  1091  1004 5474.28834   52  640          - 4893.95912      -   179  130s
  1099  1009 5725.11369   70  676          - 4894.69473      -   177  136s
  1104  1012 12961.7439  361  643          - 4895.05131      -   176  140s
  1109  1016 5638.56479   62  573          - 4896.51053      -   176  147s
  1114  1019 5897.34029   89  679          - 4899.07532      -   175  150s
  1124  1026 9440.96000  285  683          - 4901.55064      -   173  155s
  1130  1030 5757.02864   73  590          - 4901.72557      -   172  161s
  1137  1035 8504.32620  246  160          - 4901.72557      -   215  165s
  1146  1041 6527.03276  155  423          - 4901.72557      -   213  170s
  1154  1047 7687.40244  222  517          - 4901.72560      -   212  176s
  1161  1051 6476.05538  141  711          - 4904.45389      -   210  180s
  1168  1056 5407.47360   45  660          - 4905.07903      -   209  185s
  1175  1061 5854.81530   86  593          - 4905.73232      -   208  191s
  1182  1065 5069.07260   20  708          - 4906.88508      -   207  195s
  1187  1069 5994.56055  101  720          - 4907.22028      -   206  200s
  1191  1071 5474.28834   52  688          - 4907.41403      -   205  205s
  1196  1075 7755.11206  232  604          - 4908.47843      -   204  210s
  1205  1081 5648.24412   61  712          - 4908.84463      -   203  215s
  1211  1085 7750.79494  228  731          - 4908.84637      -   202  220s
  1213  1086 6186.09049  116  728          - 4908.84637      -   201  227s
  1214  1090 4908.85005   25  700          - 4908.85005      -   233  230s
  1222  1095 4979.88087   27  560          - 4909.42873      -   247  236s
  1230  1100 4922.93410   29  529          - 4910.02443      -   253  240s
  1238  1107 4914.77892   32  445          - 4914.77892      -   262  247s
  1247  1113 4921.97539   35  531          - 4921.97539      -   268  251s
  1261  1124 4932.58685   39  428          - 4922.93942      -   275  255s
  1281  1138 4965.07557   45  338          - 4922.93942      -   284  260s
  1324  1171 5000.31439   54  384          - 4922.93942      -   291  266s
  1355  1193 5051.53330   61  338          - 4922.93942      -   295  271s
  1391  1225 5091.42362   69  303          - 4922.93942      -   296  275s
  1438  1253 5157.60052   79  373          - 4922.93942      -   298  280s
  1494  1300 5235.49591   92  258          - 4922.93942      -   298  286s
  1545  1334 5434.59039  104  259          - 4922.93942      -   296  290s
  1606  1378 5375.11898  119  235          - 4922.93942      -   294  295s
  1679  1448 5473.79567  134  201          - 4922.93942      -   289  300s
  1780  1537 5696.84410  160  120          - 4922.93942      -   282  307s
  1860  1590 6341.66949  188   40          - 4922.93942      -   274  310s
  1948  1665 7008.23218  219   32          - 4922.93942      -   265  315s
  2066  1687 7699.03000  254   12          - 4923.06910      -   253  320s
  2144  1725 8119.56667  268   18          - 4926.36274      -   246  325s
  2218  1783 5178.06411   31  410          - 4926.36274      -   241  330s
  2295  1838 5274.20769   35  444          - 4926.36274      -   236  335s
  2386  1839 5259.49937   33  477          - 4926.36274      -   230  340s
  2449  1836 5297.40502   40  394          - 4926.36274      -   227  345s
  2460  1847 5316.07616   42  405          - 4926.36274      -   229  350s
  2481  1860 5323.40485   44  410          - 4926.36274      -   232  356s
  2497  1870 5368.09932   48  393          - 4926.36274      -   234  362s
  2514  1891 5394.47629   51  373          - 4926.36274      -   236  367s
  2531  1902 5402.88159   54  360          - 4926.36274      -   237  370s
  2562  1918 5459.70323   59  388          - 4926.36274      -   238  376s
  2584  1932 5475.43758   60  388          - 4926.36274      -   240  382s
  2595  1946 5525.60255   62  309          - 4926.36274      -   241  385s
  2646  1997 5560.86672   66  262          - 4926.36274      -   241  393s
  2681  2012 5588.28237   73  241          - 4926.36274      -   240  397s
  2707  2031 5654.41558   77  188          - 4926.36274      -   241  401s
  2735  2052 5703.92410   79  170          - 4926.36274      -   241  406s
  2765  2077 5721.64893   85  230          - 4926.36274      -   241  410s
  2800  2088 5861.71629   89  224          - 4926.36274      -   241  415s
  2854  2128 6000.07842   99  190          - 4926.36274      -   242  424s
  2881  2163 5881.46812  105  244          - 4926.36274      -   243  429s
  2925  2182 5921.95745  108  200          - 4926.36274      -   242  434s
  2959  2219 6164.95430  115  187          - 4926.36274      -   243  439s
  2987  2210 6324.39918  140   98          - 4926.36274      -   242  440s
  3007  2244 5961.49633  125  267          - 4926.36274      -   242  445s
  3048  2337 5989.81688  128  239          - 4926.36274      -   241  452s
  3155  2412 6099.27712  137  197          - 4926.36274      -   237  460s
  3267  2503 6204.72995  141  259          - 4926.36274      -   233  470s
  3428  2607 6505.30755  152  236          - 4926.36274      -   225  481s
  3622  2748 6315.49912  163  211          - 4926.36274      -   217  492s
  3773  2704 8265.05718  288    4          - 4926.36274      -   211  495s
  3860  2730 6386.89271  172  220          - 4926.36274      -   207  501s
  3899  2771 6726.69706  187  142          - 4926.36274      -   208  507s
  3953  2808 6601.01498  199  163          - 4926.36274      -   208  514s
  4003  2791 5218.03184   49  348          - 4926.36274      -   208  515s
  4008  2838 6699.25064  209  133          - 4926.36274      -   208  520s
  4061  2901 6840.02339  218  144          - 4926.36274      -   208  526s
  4145  3013 7058.13707  233   62          - 4926.36274      -   207  535s
  4287  3043 7419.80343  267   20          - 4928.07809      -   204  545s
  4396  3051 5061.70478   29  506          - 4928.07809      -   202  555s
  4429  3083 5188.23067   34  432          - 4928.07809      -   203  563s
  4472  3106 5214.62982   40  376          - 4928.07809      -   204  571s
  4509  3153 5260.59863   43  377          - 4928.07809      -   205  579s
  4550  3153 6039.45979  115  157          - 4928.07809      -   206  580s
  4556  3209 5276.21338   45  356          - 4928.07809      -   206  589s
  4616  3277 5397.60716   47  362          - 4928.07809      -   207  600s
  4684  3398 5433.14914   47  298          - 4928.07809      -   207  613s
  4760  3398 6946.17483  168   63          - 4928.07809      -   206  615s
  4807  3484 5302.87716   48  257          - 4928.07809      -   205  626s
  4963  3543 5334.70956   53  284          - 4928.07809      -   201  635s
  4988  3565 5471.61937   54  277          - 4928.07809      -   203  644s
  5010  3600 5380.70542   58  253          - 4928.07809      -   205  653s
  5045  3626 5439.19390   61  218          - 4928.07809      -   206  663s
  5071  3666 5528.39090   65  168          - 4928.07809      -   208  673s
  5113  3732 5656.23640   71  141          - 4928.07809      -   210  685s
  5179  3828 5781.21801   83   86          - 4928.07809      -   211  698s
  5277  3930 5939.09500   93   28          - 4928.07809      -   211  713s
  5379  4056 6220.05262  106   63          - 4928.07809      -   211  727s
  5505  4192 6385.25762  122   63          - 4928.07809      -   211  743s
  5641  4507 6578.14652  150   97          - 4928.07809      -   210  764s
  5671  4508 6677.19674  160    8          - 4928.07809      -   210  765s
  6013  4580 7971.13000  235    6          - 4928.07809      -   199  770s
  6144  4833 6903.16894  160   77          - 4937.05599      -   197  788s
  6224  4862 8092.17000  236    -          - 4937.05599      -   196  790s
  6627  5182 5010.43592   29  457          - 4937.05599      -   187  811s
  6856  5259 5251.23373   31  490          - 4937.05599      -   184  828s
  6992  5315 5113.29686   37  376          - 4937.05599      -   183  839s
  7019  5315 5061.00771   39  457          - 4937.05599      -   183  840s
  7033  5365 5176.89936   50  264          - 4937.05599      -   184  851s
  7083  5416 5263.68489   62  232          - 4937.05599      -   186  863s
  7134  5468 5416.08645   74  153          - 4937.05599      -   187  874s
  7154  5468 5538.79932   83  181          - 4937.05599      -   188  875s
  7186  5569 5549.94074   86  144          - 4937.05599      -   188  886s
  7287  5802 5694.29407  112  101          - 4937.05599      -   189  906s
  7506  5802 5684.62118  122   51          - 4937.05599      -   188  910s
  7534  6026 6534.13806  165   55          - 4940.08313      -   188  933s
  7651  6033 6165.00667  161   10          - 4940.14253      -   188  935s
  7911  6140 5196.27657   38  383          - 4940.14253      -   184  952s
  7960  6201 5281.94731   47  241          - 4940.14253      -   186  969s
  7987  6201 5370.78969   60  249          - 4940.14253      -   186  970s
  8021  6281 5372.00934   61  247          - 4940.14253      -   187  988s
  8101  6428 5592.30882   76  173          - 4940.14253      -   189 1009s
  8121  6428 5639.32856   87  101          - 4940.14253      -   189 1010s
  8252  6597 6116.28058  114   60          - 4943.54810      -   189 1034s
  8262  6597 5995.57522  121    8          - 4943.54810      -   189 1035s
  8447  6784 5170.73963   39  359          - 4943.54810      -   189 1059s
  8505  6784 6749.58626  171  101          - 4943.54810      -   190 1060s
  8624  7062 5461.86844   53  236          - 4943.54810      -   189 1089s
  8654  7062 5550.50842   66   48          - 4943.54810      -   190 1090s
  8902  7255 5798.95891   72  152          - 4943.54810      -   187 1115s
  9099  7258 8987.08000  290    -          - 4943.54810      -   185 1120s
  9115  7344 5890.73414  112   88          - 4945.76505      -   186 1144s
  9136  7345 6141.31917  122    8          - 4945.76505      -   186 1145s
  9243  7425 5094.59014   45  305          - 4945.76505      -   186 1168s
  9302  7516 5211.11957   59  143          - 4945.76505      -   188 1190s
  9395  7693 5550.78263   88  218          - 4945.76505      -   189 1212s
  9572  7885 5923.83945  123   74          - 4945.77010      -   190 1235s
  9812  7953 5110.70710   38  348          - 4945.77010      -   189 1320s
  9868  8107 5198.44377   49  297          - 4945.77010      -   189 1341s
 10052  8208 5498.67455   64  316          - 4945.77010      -   190 1368s
 10102  8208 5647.70076   88  148          - 4945.77010      -   190 1370s
 10155  8414 5796.70282   92  146          - 4945.77010      -   191 1395s
 10381  8423 5457.84063   73  237          - 4945.77010      -   191 1400s
 10389  8607 6492.17073  133   80          - 4949.18003      -   191 1426s
 10642  8857 5194.16883   42  377          - 4949.18003      -   190 1454s
 10684  8857 5849.43571  121   38          - 4949.18003      -   191 1455s
 10913  8984 5477.28537   57  186          - 4949.18003      -   189 1481s
 11030  9237 5654.44907   83  103          - 4949.18003      -   191 1507s
 11293  9609 6310.40752  145   61          - 4951.17472      -   190 1540s
 11544  9637 7695.61692  209   12          - 4951.17472      -   187 1545s
 11873  9778 5153.91364   40  442          - 4954.82313      -   184 1575s
 11960  9954 5420.19372   53  263          - 4954.82313      -   186 1603s
 12140 10258 5666.96391   83  123          - 4954.82313      -   186 1633s
 12235 10258 5893.02052  122   74          - 4954.82313      -   186 1635s
 12493 10272 7869.96000  175    -          - 4954.82313      -   184 1640s
 12512 10439 6173.06979  133  102          - 4955.63812      -   184 1669s
 12546 10439 6335.76278  147   89          - 4955.63812      -   184 1670s
 12770 10554 5208.62581   46  288          - 4955.63812      -   183 1698s
 12850 10554 5498.28291   66  142          - 4955.63812      -   184 1700s
 12864 10746 5459.25614   67  104          - 4955.63812      -   184 1731s
 13056 11027 5804.32083  113   31          - 4957.90744      -   184 1768s
 13106 11028 6131.42729  138   43          - 4957.90744      -   184 1770s
 13407 11425 5234.97345   37  500          - 4957.90744      -   183 1807s
 13568 11431 7047.16167  195   15          - 4957.90744      -   182 1810s
 13842 11504 5334.71638   47  391          - 4957.90744      -   180 1835s
 13894 11564 5418.86256   55  446          - 4957.90744      -   181 1862s
 13954 11632 5490.05614   64  347          - 4957.90744      -   182 1884s
 14022 11725 5652.30932   76  321          - 4957.90744      -   184 1909s
 14059 11725 5974.81408   88  230          - 4957.90744      -   184 1910s
 14115 11971 6009.78407   90  225          - 4957.90744      -   185 1937s
 14266 11971 6121.91580  122   79          - 4957.90744      -   185 1941s
 14365 12570 6323.06609  121   80          - 4960.29905      -   185 1976s
 14526 12588 6819.93014  171    8          - 4960.29905      -   184 1980s
 14779 12615 9527.91000  242    -          - 4960.29905      -   181 1985s
 15291 12765 5014.51829   38  340          - 4960.64186      -   177 2016s
 15346 12855 5269.85427   50  153          - 4960.64186      -   178 2045s
 15436 13035 5599.15562   76   77          - 4960.64186      -   179 2075s
 15622 13171 6337.12886  130   30          - 4960.78747      -   179 2105s
 15802 13367 5515.29917   46  303          - 4960.78747      -   179 2135s
 15978 13439 5698.82063   57  285          - 4960.78747      -   180 2168s
 16063 13631 5959.71808   80  222          - 4960.78747      -   180 2198s
 16158 13631 6440.93883  117   28          - 4960.78747      -   180 2200s
 16257 13808 6484.42907  137   14          - 4961.45636      -   180 2226s
 16418 13846 7361.28000  191    6          - 4961.45636      -   179 2230s
 16536 14188 5398.32264   46  287          - 4961.45636      -   179 2264s
 16546 14188 5430.68489   50  210          - 4961.45636      -   180 2265s
 16749 14188 6658.43542  135   11          - 4961.45636      -   179 2270s
 16951 14319 5597.20767   62  140          - 4961.45636      -   177 2297s
 17042 14439 5738.46085   89   99          - 4961.45636      -   178 2329s
 17062 14439 5855.07909   94  117          - 4961.45636      -   178 2330s
 17168 14619 6046.03636  107   12          - 4962.05136      -   179 2378s
 17268 14627 6304.78000  150    -          - 4962.05136      -   178 2380s
 17413 14758 5372.25903   47  321          - 4962.05136      -   178 2407s
 17521 14758 6322.25214  105   88          - 4962.05136      -   179 2410s
 17531 15041 5539.84424   64  302          - 4962.05136      -   179 2441s
 17684 15042 7203.28880  154   62          - 4962.05136      -   179 2445s
 17838 15071 8143.20000  198    2          - 4962.05136      -   178 2450s
 17946 15155 5783.80542   78  191          - 4962.05136      -   177 2472s
 17999 15229 5944.78490   88  214          - 4962.05136      -   178 2506s
 18073 15359 6214.10389  103  157          - 4962.05136      -   179 2540s
 18204 15361 5472.55151   60  134          - 4962.05136      -   180 2545s
 18207 15617 7095.39061  131   69          - 4963.17899      -   180 2577s
 18338 15622 7774.74000  186    2          - 4963.17899      -   179 2580s
 18547 15872 5254.79308   47  434          - 4963.17899      -   179 2610s
 18803 15977 5429.63264   56  271          - 4963.17899      -   178 2640s
 18944 16083 5647.89429   66  299          - 4963.17899      -   179 2674s
 18964 16083 5736.28537   76  118          - 4963.17899      -   179 2675s
 19029 16235 6008.75944   88  115          - 4963.17899      -   179 2708s
 19079 16235 6204.22176  103   59          - 4963.17899      -   179 2710s
 19181 16486 6378.25752  119   43          - 4964.11969      -   180 2751s
 19341 16487 6934.23000  171    4          - 4964.11969      -   179 2755s
 19480 16640 5109.61478   38  450          - 4964.11969      -   179 2782s
 19615 16913 5276.11735   52  308          - 4964.11969      -   179 2817s
 19754 16913 7197.55480  186   23          - 4964.11969      -   179 2820s
 19905 16932 7859.63000  213    -          - 4964.11969      -   178 2825s
 19993 17016 5450.52169   62  203          - 4964.11969      -   178 2853s
 20048 17095 5645.28695   73  160          - 4964.11969      -   179 2875s
 20127 17201 5871.88891   90  248          - 4964.11969      -   180 2909s
 20147 17201 5958.88859  101  167          - 4964.11969      -   180 2910s
 20233 17508 6298.74627  115  165          - 4964.11969      -   180 2943s
 20293 17508 6526.56521  141  113          - 4964.11969      -   180 2945s
 20434 17508 7448.97325  179   58          - 4964.11969      -   180 2950s
 20556 17720 7834.81819  189   65          - 4964.58891      -   180 2988s
 20617 17725 8252.04478  208   12          - 4964.58891      -   179 2990s
 20872 17818 5353.16983   42  363          - 4965.10813      -   179 3016s
 20926 17889 5494.44851   55  185          - 4965.10813      -   180 3036s
 20999 18034 5720.24604   74  155          - 4965.10813      -   180 3063s
 21050 18034 5976.51551  100   32          - 4965.10813      -   181 3065s
 21146 18166 6299.21500  129    2          - 4965.35274      -   181 3111s
 21327 18414 5544.49697   42  408          - 4965.35274      -   181 3156s
 21506 18414 6518.33364  166    9          - 4965.35274      -   181 3160s
 21602 18483 5670.30924   52  285          - 4965.35274      -   180 3187s
 21649 18545 5802.02462   71  269          - 4965.35274      -   181 3209s
 21713 18643 5984.19345   91  150          - 4965.35274      -   182 3235s
 21811 18866 6228.72971  110  127          - 4965.35274      -   183 3267s
 21911 18866 6495.94945  142   23          - 4965.35274      -   182 3270s
 22034 19108 6723.21253  175   27          - 4966.00035      -   183 3303s
 22144 19110 7190.20250  208    5          - 4966.00035      -   182 3305s
 22327 19263 5124.13777   49  309          - 4966.00035      -   182 3332s
 22480 19330 5502.63533   59  256          - 4966.00035      -   182 3366s
 22547 19450 5653.46200   72  176          - 4966.00035      -   183 3397s
 22666 19450 5590.43759   81  226          - 4966.00035      -   183 3400s
 22667 19626 6031.17487  103  134          - 4966.99012      -   183 3429s
 22708 19626 6233.22867  118   42          - 4966.99012      -   183 3430s
 22859 19919 5316.72181   52  277          - 4966.99012      -   183 3461s
 23031 19919 6550.06522  160   17          - 4966.99012      -   183 3465s
 23188 20033 5531.50221   67  248          - 4966.99012      -   183 3497s
 23271 20033 7809.54333  205   19          - 4966.99012      -   183 3500s
 23307 20196 5964.59038   86  223          - 4966.99012      -   183 3534s
 23317 20196 6024.93984   91  172          - 4966.99012      -   183 3535s
 23460 20576 6423.41089  136   21          - 4968.77656      -   183 3582s
 23570 20576 6861.66894  179   23          - 4968.77656      -   183 3585s
 23790 20601 8000.83667  233   14          - 4968.77656      -   181 3590s
 23944 20634 5606.38796   64  181          - 4968.77656      -   181 3600s

Cutting planes:
  User: 4851
  Gomory: 42
  Cover: 507
  Implied bound: 65
  Clique: 1
  MIR: 166
  StrongCG: 1
  Flow cover: 683
  Zero half: 166
  RLT: 343
  Relax-and-lift: 3
  Lazy constraints: 2987

Explored 23952 nodes (4358492 simplex iterations) in 3600.22 seconds
Thread count was 2 (of 32 available processors)

Solution count 0

Time limit reached
Best objective -, best bound 4.968776558332e+03, gap -

User-callback calls 291498, time in user-callback 269.58 sec
================================================================================
executing instance: ./input/Instances/Original/5/absH3low_4n25.dat
--------------------------------------------------------------------------------
Instance details
n	26
H	3
C	2029
Li:
[0, 0, 0, 0, 0, 0, 0, 0, 0, 0, 0, 0, 0, 0, 0, 0, 0, 0, 0, 0, 0, 0, 0, 0, 0, 0, ]
Ui:
[0, 34, 165, 76, 88, 188, 58, 279, 52, 132, 198, 142, 135, 165, 186, 58, 201, 196, 40, 183, 32, 90, 168, 126, 93, 146, ]
Distance matrix:
|0	299	188	235	91	202	152	147	162	277	268	132	71	162	220	69	220	289	241	124	265	80	162	132	66	302	|
|299	0	468	431	282	142	317	425	443	569	193	178	359	302	422	231	93	28	511	325	457	242	434	215	240	601	|
|188	468	0	153	265	342	308	43	192	106	455	290	117	206	142	246	379	464	252	274	360	267	211	319	231	184	|
|235	431	153	0	326	289	386	145	321	240	482	269	184	129	15	258	339	436	393	355	477	305	336	354	237	334	|
|91	282	265	326	0	228	66	228	166	339	196	157	154	242	311	99	225	264	229	50	201	47	153	71	115	340	|
|202	142	342	289	228	0	285	301	363	447	255	73	245	161	281	139	53	151	440	278	428	181	360	187	136	495	|
|152	317	308	386	66	285	0	275	167	368	188	217	207	308	371	163	274	295	210	34	145	108	148	104	181	350	|
