




arguments: ./build/mirp_solver -f ./input/orig_exec_358.cfg
Current dir: /scratch/gui/bnc_mirp
File verbosity level: 9
date       time         ( uptime  ) [ thread name/id ]                   file:line     v| 
2021-01-25 16:52:37.514 (   0.616s) [main thread     ]             loguru.cpp:789   INFO| Logging to './output/vi_hc3/OU/V4/Original/execution_25_01_2021_16_52_37.log', mode: 'a', verbosity: 9
--------------------------------------------------------------------------------
Parameters
                           instance_path           ./input/Instances/Original/4/
                            model_policy                                       1
                             nb_vehicles                                       4
                              output_dir         ./output/vi_hc3/OU/V4/Original/
                            sec_strategy                                       1
                       solver_nb_threads                                       2
                         solver_show_log                                    true
                       solver_time_limit                                    3600
                              use_vi_cos                                   false
                              use_vi_cus                                   false
                         use_vi_hc1_full                                   false
                         use_vi_hc1_half                                   false
                      use_vi_hc1_quarter                                   false
                              use_vi_hc2                                   false
                              use_vi_hc3                                    true
                         use_vi_lex_full                                   false
                         use_vi_lex_half                                   false
                      use_vi_lex_quarter                                   false
                              use_vi_qua                                   false
                               use_vi_vc                                   false
                               use_vi_vr                                   false
--------------------------------------------------------------------------------
executing instance: ./input/Instances/Original/4/absH3low_3n30.dat
--------------------------------------------------------------------------------
Instance details
n	31
H	3
C	2841
Li:
[0, 0, 0, 0, 0, 0, 0, 0, 0, 0, 0, 0, 0, 0, 0, 0, 0, 0, 0, 0, 0, 0, 0, 0, 0, 0, 0, 0, 0, 0, 0, ]
Ui:
[0, 246, 98, 54, 144, 171, 192, 180, 165, 98, 122, 198, 297, 144, 130, 129, 219, 138, 142, 150, 108, 66, 64, 285, 180, 204, 276, 168, 240, 198, 122, ]
Distance matrix:
|0	172	56	166	260	198	42	197	296	110	91	112	238	275	323	183	330	232	175	181	162	191	232	280	201	139	356	185	266	216	26	|
|172	0	178	223	320	335	153	355	444	62	231	99	333	376	214	352	176	235	194	106	47	41	353	161	299	175	225	43	326	374	153	|
|56	178	0	110	204	162	93	233	336	125	144	148	187	226	358	180	313	284	123	152	182	185	282	252	256	88	329	177	210	251	42	|
|166	223	110	0	102	150	199	327	431	194	253	237	113	156	431	228	296	386	44	140	248	208	389	218	366	48	287	200	108	344	148	|
|260	320	204	102	0	156	296	391	493	296	340	339	66	90	531	263	362	486	127	226	349	300	469	278	454	148	334	292	6	406	245	|
|198	335	162	150	156	0	239	255	351	286	245	307	93	106	518	111	442	423	194	280	344	335	349	367	352	182	437	327	158	266	199	|
|42	153	93	199	296	239	0	203	296	91	82	76	278	316	284	217	322	191	201	186	133	180	217	281	177	165	356	175	302	222	52	|
|197	355	233	327	391	255	203	0	104	294	125	266	340	361	436	151	524	276	352	377	330	383	109	477	146	319	553	377	395	19	222	|
|296	444	336	431	493	351	296	104	0	384	214	348	440	456	488	241	617	315	456	476	412	475	113	575	176	422	651	470	497	88	322	|
|110	62	125	194	296	286	91	294	384	0	171	55	298	340	238	292	233	210	176	118	58	91	298	201	248	148	273	87	302	313	94	|
|91	231	144	253	340	245	82	125	214	171	0	141	307	339	324	184	403	187	266	266	204	261	140	363	114	230	438	256	346	144	116	|
|112	99	148	237	339	307	76	266	348	55	141	0	332	373	212	292	275	156	225	173	64	137	254	253	200	194	322	135	345	284	108	|
|238	333	187	113	66	93	278	340	440	298	307	332	0	43	536	203	404	469	153	253	354	321	427	322	420	160	385	313	67	353	229	|
|275	376	226	156	90	106	316	361	456	340	339	373	43	0	578	216	443	507	194	295	397	364	453	361	451	203	421	356	88	372	268	|
|323	214	358	431	531	518	284	436	488	238	324	212	536	578	0	498	309	176	407	320	183	245	376	344	312	383	379	251	537	451	319	|
|183	352	180	228	263	111	217	151	241	292	184	292	203	216	498	0	492	371	266	328	345	364	255	426	272	242	501	356	266	159	198	|
|330	176	313	296	362	442	322	524	617	233	403	275	404	443	309	492	0	397	253	164	218	142	529	84	475	260	72	147	367	543	306	|
|232	235	284	386	486	423	191	276	315	210	187	156	469	507	176	371	397	0	379	327	188	276	202	396	139	346	456	277	492	289	242	|
|175	194	123	44	127	194	201	352	456	176	266	225	153	194	407	266	253	379	0	101	225	174	405	174	375	36	244	166	133	370	152	|
|181	106	152	140	226	280	186	377	476	118	266	173	253	295	320	328	164	327	101	0	148	76	403	100	360	98	177	69	232	396	155	|
|162	47	182	248	349	344	133	330	412	58	204	64	354	397	183	345	218	188	225	148	0	89	316	208	259	201	270	90	355	348	149	|
|191	41	185	208	300	335	180	383	475	91	261	137	321	364	245	364	142	276	174	76	89	0	388	119	336	162	185	8	306	402	169	|
|232	353	282	389	469	349	217	109	113	298	140	254	427	453	376	255	529	202	405	403	316	388	0	497	64	369	570	384	474	112	256	|
|280	161	252	218	278	367	281	477	575	201	363	253	322	361	344	426	84	396	174	100	208	119	497	0	449	187	77	119	283	496	255	|
|201	299	256	366	454	352	177	146	176	248	114	200	420	451	312	272	475	139	375	360	259	336	64	449	0	339	521	333	460	156	223	|
|139	175	88	48	148	182	165	319	422	148	230	194	160	203	383	242	260	346	36	98	201	162	369	187	339	0	260	153	154	337	116	|
|356	225	329	287	334	437	356	553	651	273	438	322	385	421	379	501	72	456	244	177	270	185	570	77	521	260	0	187	338	572	331	|
|185	43	177	200	292	327	175	377	470	87	256	135	313	356	251	356	147	277	166	69	90	8	384	119	333	153	187	0	298	396	163	|
|266	326	210	108	6	158	302	395	497	302	346	345	67	88	537	266	367	492	133	232	355	306	474	283	460	154	338	298	0	410	251	|
|216	374	251	344	406	266	222	19	88	313	144	284	353	372	451	159	543	289	370	396	348	402	112	496	156	337	572	396	410	0	241	|
|26	153	42	148	245	199	52	222	322	94	116	108	229	268	319	198	306	242	152	155	149	169	256	255	223	116	331	163	251	241	0	|

--------------------------------------------------------------------------------
Building model...
	using lazy and cut (CVRPSEP package)
Solving IRP LP...
--------------------------------------------------------------------------------

Gurobi 9.1.0 (linux64) logging started Mon Jan 25 16:52:37 2021

Gurobi Optimizer version 9.1.0 build v9.1.0rc0 (linux64)
Thread count: 32 physical cores, 32 logical processors, using up to 2 threads
Optimize a model with 1411 rows, 6436 columns and 23824 nonzeros
Model fingerprint: 0x8db98bd3
Variable types: 484 continuous, 5952 integer (372 binary)
Coefficient statistics:
  Matrix range     [1e+00, 7e+02]
  Objective range  [1e-02, 7e+02]
  Bounds range     [1e+00, 3e+02]
  RHS range        [3e+01, 5e+03]
Presolve removed 304 rows and 31 columns
Presolve time: 0.07s
Presolved: 1107 rows, 6405 columns, 21518 nonzeros
Variable types: 453 continuous, 5952 integer (5592 binary)

Root relaxation: objective 2.396539e+03, 1041 iterations, 0.03 seconds

    Nodes    |    Current Node    |     Objective Bounds      |     Work
 Expl Unexpl |  Obj  Depth IntInf | Incumbent    BestBd   Gap | It/Node Time

     0     0 2396.53937    0   92          - 2396.53937      -     -    0s
     0     0 2581.53717    0   77          - 2581.53717      -     -    0s
     0     0 3203.61500    0  175          - 3203.61500      -     -    0s
     0     0 3203.72969    0  175          - 3203.72969      -     -    0s
     0     0 3236.29310    0  157          - 3236.29310      -     -    0s
     0     0 3242.28539    0  142          - 3242.28539      -     -    0s
     0     0 3242.41660    0  149          - 3242.41660      -     -    0s
     0     0 3280.74225    0  148          - 3280.74225      -     -    1s
     0     0 3367.06944    0  146          - 3367.06944      -     -    1s
     0     0 3399.59460    0  194          - 3399.59460      -     -    1s
     0     0 3402.55986    0  175          - 3402.55986      -     -    1s
     0     0 3405.13684    0  192          - 3405.13684      -     -    1s
     0     0 3405.20152    0  194          - 3405.20152      -     -    1s
     0     0 3518.30615    0  255          - 3518.30615      -     -    1s
     0     0 3520.90204    0  186          - 3520.90204      -     -    1s
     0     0 3525.25585    0  204          - 3525.25585      -     -    1s
     0     0 3527.01948    0  176          - 3527.01948      -     -    1s
     0     0 3527.01948    0  169          - 3527.01948      -     -    1s
     0     0 3527.34774    0  169          - 3527.34774      -     -    2s
     0     0 3528.27439    0  211          - 3528.27439      -     -    2s
     0     0 3533.83205    0  233          - 3533.83205      -     -    2s
     0     0 3533.83205    0  209          - 3533.83205      -     -    2s
     0     2 3536.08066    0  202          - 3536.08066      -     -    2s
    54    59 3818.16505   15  183          - 3536.08066      -   285    5s
   298   326 4780.25591   74   83          - 3536.08066      -   167   10s
   566   538 3721.87202   12  258          - 3540.38404      -   135   15s
   709   696 3957.78798   20  174          - 3540.38404      -   149   20s
   758   715 6126.86771  165  452          - 3680.41309      -   143   25s
   786   734 5205.02359   86  400          - 3696.97977      -   138   30s
   816   754 4512.77498   43  486          - 3708.29576      -   133   35s
   848   776 4244.92200   27  490          - 3708.65963      -   149   40s
   865   788 4449.60257   54  441          - 3715.60519      -   146   45s
   883   803 3723.96545   28  402          - 3718.41820      -   155   51s
   889   807 3726.41724   30  399          - 3726.41724      -   158   55s
   927   837 3747.27925   38  390          - 3745.86935      -   171   60s
  1000   890 3903.02637   50  274          - 3745.86935      -   183   65s
  1109   967 3876.97581   66  305          - 3745.86935      -   190   70s
  1222  1044 3976.33709   83  241          - 3745.86935      -   197   75s
  1380  1179 3989.12612  101  206          - 3745.86935      -   194   80s
  1624  1372 4029.04155  117  198          - 3745.86935      -   181   85s
  1780  1387 4182.19366  143  248          - 3745.86935      -   180   90s
  1861  1450 4278.00795  164  232          - 3745.86935      -   186   95s
  1972  1507 4416.99103  193  192          - 3745.86935      -   190  100s
  2049  1591 4526.17331  213  182          - 3745.86935      -   193  105s
  2188  1711 4730.58549  253  129          - 3745.86935      -   194  110s
  2432  1932 4909.20822  324  129          - 3745.86935      -   189  116s
  2691  2107 5374.81652  398   83          - 3745.86935      -   181  121s
  2962  2318 6250.68137  465   91          - 3745.86935      -   174  127s
  3123  2438 5953.94167  501  119          - 3745.86935      -   169  132s
  3316  2597 7398.52259  543   58          - 3757.32598      -   164  136s
  3611  2640 4023.98656   35  190          - 3757.32598      -   158  141s
  3653  2686 4037.55208   44  154          - 3757.32598      -   161  145s
  3697  2731 4131.94371   60  187          - 3757.32598      -   165  150s
  3797  2835 4166.49892   74  184          - 3757.32598      -   168  155s
  3934  2960 4944.11190  136   81          - 3757.32598      -   167  162s
  3976  3051 4732.14078  106  149          - 3757.32598      -   168  165s
  4041  3196 4977.91066  151  156          - 3757.32598      -   167  173s
  4186  3381 5242.51626  217  126          - 3757.32598      -   164  177s
  4371  3720 5788.65943  311   81          - 3757.69961      -   160  183s
  4747  3832 3789.38655   35  341          - 3757.69961      -   151  188s
  4859  3909 3858.38504   40  330          - 3757.69961      -   150  192s
  4936  4096 3916.17589   47  314          - 3757.69961      -   150  197s
  5183  4126 3953.63419   55  291          - 3757.69961      -   146  201s
  5246  4211 4245.21189   73  194          - 3757.69961      -   150  207s
  5300  4247 4574.41923   98  125          - 3757.69961      -   152  211s
  5358  4343 4806.02620  111  177          - 3757.69961      -   155  220s
  5432  4488 4830.69441  157  161          - 3757.69961      -   156  225s
  5577  4649 5284.34861  278  143          - 3757.69961      -   154  230s
  5738  4841 5805.08469  383  137          - 3757.69961      -   153  247s
  5930  4965 8067.35908  507   93          - 3761.94662      -   150  253s
  6076  4997 3902.93148   45  368          - 3761.94662      -   150  258s
  6108  5034 3955.79414   46  404          - 3761.94662      -   152  262s
  6145  5069 4047.57156   51  338          - 3761.94662      -   153  266s
  6180  5123 4163.11697   61  284          - 3761.94662      -   155  270s
  6309  5340 4487.76307   85  251          - 3761.94662      -   158  280s
  6451  5824 4724.08301   93  142          - 3761.94662      -   158  289s
  6492  5824 4811.13364  115   34          - 3761.94662      -   158  290s
  7113  6105 5169.88124  143  109          - 3761.94662      -   148  299s
  7196  6105 5374.43237  201   46          - 3761.94662      -   147  300s
  7332  6240 6495.04444  272    6          - 3762.50452      -   146  307s
  7502  6261 4177.36305   42  302          - 3762.50452      -   145  310s
  7514  6290 3938.57760   38  315          - 3762.50452      -   146  315s
  7543  6340 4202.35128   44  245          - 3762.50452      -   148  320s
  7593  6404 4388.51617   54  182          - 3762.50452      -   150  327s
  7657  6650 4462.09420   60  157          - 3762.50452      -   152  334s
  7699  6650 5391.36664   89  104          - 3762.50452      -   153  335s
  7928  6835 4826.23421   81  128          - 3762.50452      -   151  343s
  8098  6835 5151.20396  205   82          - 3762.50452      -   149  345s
  8113  7204 5283.85075  207   95          - 3762.50452      -   150  353s
  8281  7204 6168.65243  325   52          - 3762.50452      -   148  355s
  8494  7280 7568.00264  441   54          - 3764.63532      -   147  362s
  8600  7441 4034.82108   36  323          - 3764.63532      -   148  369s
  8761  7550 4270.12170   51   81          - 3764.63532      -   148  376s
  8896  7793 4511.08407   68   31          - 3764.63532      -   149  384s
  9019  7793 4654.95174  166   49          - 3764.63532      -   148  385s
  9156  7857 5307.66000  166    -          - 3766.30195      -   147  391s
  9266  7908 4080.79578   44  316          - 3766.30195      -   148  397s
  9297  7980 4063.74644   46  240          - 3766.30195      -   149  403s
  9369  8203 4340.86796   66  152          - 3766.30195      -   150  410s
  9592  8680 4721.32541  113   37          - 3766.63445      -   149  421s
 10110  8724 3862.72317   35  380          - 3766.63445      -   144  429s
 10184  8759 3983.02375   38  291          - 3766.63445      -   146  434s
 10219  8819 4458.28251   49  212          - 3766.63445      -   147  440s
 10279  9084 4297.56936   64  149          - 3766.63445      -   149  448s
 10546  9332 4682.40339  135   35          - 3789.22308      -   147  457s
*10844  4481             215    5110.1400000 3789.22308  25.8%   145  459s
 10919  4481     cutoff  225      5110.14000 3789.22308  25.8%   145  460s
 10955  4346     cutoff  243      5110.14000 3792.49562  25.8%   145  465s
*10978  4167             210    5068.1400000 3797.75862  25.1%   146  465s
 10990  4166 4287.06322   48  193 5068.14000 3797.75862  25.1%   147  471s
 11019  4209 4404.41885   55  320 5068.14000 3797.75862  25.1%   148  477s
 11062  4267 4573.68069   66  137 5068.14000 3797.75862  25.1%   150  483s
 11122  4335 4722.61380   79  160 5068.14000 3797.75862  25.1%   151  491s
 11268  4389 4971.20598  135  121 5068.14000 3798.59602  25.0%   151  498s
 11351  4483 4270.40462   45  406 5068.14000 3798.59602  25.0%   153  506s
 11447  4654 4648.53847   75  237 5068.14000 3809.48947  24.8%   154  515s
 11650  4706 4064.22992   35  307 5068.14000 3809.48947  24.8%   154  524s
 11777  4806 4089.16831   37  252 5068.14000 3809.48947  24.8%   154  531s
 11894  4891 4406.05890   54   95 5068.14000 3809.48947  24.8%   155  539s
 11979  5111 4506.28346   92  130 5068.14000 3809.48947  24.8%   156  548s
 12232  5158 5011.94384  265   90 5068.14000 3818.11563  24.7%   154  556s
 12304  5186 4561.97103   49  156 5068.14000 3819.57437  24.6%   156  563s
 12348  5222 4220.43840   38  299 5068.14000 3819.57437  24.6%   157  570s
H12364  3364                    4752.8200000 3819.57437  19.6%   157  570s
 12396  3386     cutoff   55      4752.82000 3826.76064  19.5%   157  577s
 12438  3401 4498.87819   53  253 4752.82000 3830.13818  19.4%   159  584s
 12475  3470 3987.43368   44  363 4752.82000 3830.15456  19.4%   160  591s
 12558  3504 4315.00644   72  223 4752.82000 3830.15456  19.4%   161  599s
 12592  3553 4731.94818   85   22 4752.82000 3830.94155  19.4%   161  607s
 12664  3588 4034.22199   46  354 4752.82000 3830.94155  19.4%   162  614s
 12711  3689 4323.11884   53  152 4752.82000 3836.25799  19.3%   163  623s
 12832  3733 4082.32323   42  254 4752.82000 3836.25799  19.3%   164  630s
 12884  3781 4524.35916   64  282 4752.82000 3840.87787  19.2%   165  637s
 12940  3852 4211.15170   41  213 4752.82000 3840.88532  19.2%   166  645s
 13033  3910 4160.47993   45  357 4752.82000 3843.54994  19.1%   167  653s
 13091  3984 4360.59575   53  254 4752.82000 3843.54994  19.1%   168  662s
 13216  4037 4683.82416   69  227 4752.82000 3848.22227  19.0%   169  672s
 13287  4080 4362.37012   56  234 4752.82000 3848.26681  19.0%   170  679s
 13324  4080 4682.72305   76  212 4752.82000 3849.33008  19.0%   171  680s
 13356  4127 4380.25024   45  280 4752.82000 3849.33008  19.0%   172  687s
 13423  4158     cutoff   70      4752.82000 3853.33977  18.9%   173  694s
 13458  4232 4496.17128   54  361 4752.82000 3853.33977  18.9%   175  703s
 13550  4265 4706.75697   73  244 4752.82000 3854.32939  18.9%   175  711s
 13601  4309 4573.13034   63  277 4752.82000 3861.31099  18.8%   176  719s
 13661  4380 4175.17839   62  336 4752.82000 3862.75853  18.7%   177  728s
 13751  4450 4028.54235   37  394 4752.82000 3863.09730  18.7%   178  736s
 13821  4495 4572.80791   84  158 4752.82000 3863.12493  18.7%   179  744s
 13886  4528 4401.68425   60  274 4752.82000 3864.68288  18.7%   180  753s
 13964  4583 4147.88837   48  292 4752.82000 3864.95838  18.7%   181  762s
 14029  4615 4674.13439   75  305 4752.82000 3869.83992  18.6%   182  771s
 14080  4678 4382.92286   49  238 4752.82000 3869.86156  18.6%   183  780s
 14179  4730 4515.65790   64  248 4752.82000 3869.89667  18.6%   185  789s
 14263  4819 4034.61075   40  306 4752.82000 3871.33990  18.5%   186  798s
 14374  4884 4013.43815   58  379 4752.82000 3873.37935  18.5%   187  809s
 14416  4884 4686.96752   88  145 4752.82000 3873.39415  18.5%   188  810s
 14463  4941 4376.05268   48  265 4752.82000 3873.49784  18.5%   188  818s
 14536  4979 4173.93404   44  225 4752.82000 3873.49784  18.5%   190  828s
 14582  5037 4502.88984   58  148 4752.82000 3875.15538  18.5%   191  837s
 14658  5110 4219.41030   61  329 4752.82000 3876.51127  18.4%   193  847s
H14687  4694                    4692.8000000 3876.51127  17.4%   193  847s
 14745  4726     cutoff   86      4692.80000 3877.20788  17.4%   194  856s
 14794  4796 4374.51806   47  190 4692.80000 3877.92057  17.4%   194  866s
H14888  4736                    4678.8000000 3878.09159  17.1%   195  875s
 14949  4775 4019.22176   46  340 4678.80000 3878.58851  17.1%   196  885s
 14996  4813 4205.58694   53  281 4678.80000 3878.58851  17.1%   198  894s
 15034  4855 4323.86607   61  335 4678.80000 3878.58851  17.1%   200  904s
 15094  4915 4419.10150   73  201 4678.80000 3878.58851  17.1%   201  914s
 15156  4958 4508.13078   87  268 4678.80000 3878.58851  17.1%   203  924s
 15225  5020 4624.22995  101  152 4678.80000 3883.56159  17.0%   204  934s
 15322  5080 4351.89504   54  308 4678.80000 3884.91041  17.0%   205  944s
 15406  5133 4519.21682   64  190 4678.80000 3885.33841  17.0%   206  955s
 15479  5202 4422.06051   67  240 4678.80000 3885.79789  16.9%   208  965s
 15593  5254 4152.45916   42  284 4678.80000 3889.53486  16.9%   209  975s
 15645  5312 4551.90441   62  155 4678.80000 3890.55361  16.8%   211  986s
 15717  5404 4196.49307   54  369 4678.80000 3890.58031  16.8%   212  998s
 15829  5484 3986.48752   41  240 4678.80000 3892.47426  16.8%   213 1008s
 15925  5585 4340.11635   54  320 4678.80000 3893.11757  16.8%   214 1019s
H16043  5262                    4644.0700000 3893.62592  16.2%   215 1031s
 16086  5345 4132.81777   35  190 4644.07000 3896.26959  16.1%   215 1042s
 16187  5435 4395.61591   55  269 4644.07000 3897.74742  16.1%   217 1053s
 16299  5537 4348.37990   65  321 4644.07000 3898.28664  16.1%   218 1065s
 16423  5599 4418.10363   42  165 4644.07000 3900.15159  16.0%   218 1077s
 16525  5666 4369.60531   66  249 4644.07000 3901.34194  16.0%   220 1088s
 16600  5732 4470.80548   76  253 4644.07000 3901.86476  16.0%   220 1100s
 16688  5900 4383.83078   50  176 4644.07000 3904.10459  15.9%   222 1112s
 16892  5988     cutoff   63      4644.07000 3904.49093  15.9%   222 1125s
 16993  6039 4468.01376   63  300 4644.07000 3904.63573  15.9%   223 1137s
 17110  6109 4288.96598   56  242 4644.07000 3906.62503  15.9%   224 1149s
 17216  6253 4308.44465   43  185 4644.07000 3907.49578  15.9%   225 1161s
 17397  6331 4112.59239   42  341 4644.07000 3908.26400  15.8%   226 1173s
 17500  6388 4357.07803   47  147 4644.07000 3908.61313  15.8%   227 1185s
 17590  6459 4105.33935   47  312 4644.07000 3909.08460  15.8%   228 1196s
 17695  6525 4135.58978   39  298 4644.07000 3909.43903  15.8%   230 1209s
 17792  6662 4018.83199   38  385 4644.07000 3910.91310  15.8%   231 1221s
 17962  6734 4246.54783   56  359 4644.07000 3913.41704  15.7%   232 1233s
 18052  6771 4400.79462   52  314 4644.07000 3913.83731  15.7%   233 1245s
 18125  6869 4198.71024   39  216 4644.07000 3914.27437  15.7%   235 1257s
 18252  6963 4227.81433   41  205 4644.07000 3915.54629  15.7%   236 1270s
 18391  7058 4475.66173   54  182 4644.07000 3916.17589  15.7%   237 1283s
 18508  7156 4528.52309  103  122 4644.07000 3916.45788  15.7%   238 1295s
 18626  7235 4531.09658   84  298 4644.07000 3916.88767  15.7%   239 1308s
 18722  7335 4172.59029   49  321 4644.07000 3917.16777  15.7%   241 1321s
 18885  7501 4102.87938   37  246 4644.07000 3918.29377  15.6%   241 1335s
 19078  7586 4562.97436  111  105 4644.07000 3920.47329  15.6%   241 1349s
 19200  7701 4018.98793   41  242 4644.07000 3921.07550  15.6%   242 1361s
 19333  7792 4128.58232   46  323 4644.07000 3921.69791  15.6%   243 1374s
 19442  7881 4297.17442   53  187 4644.07000 3923.19817  15.5%   244 1386s
 19565  7937     cutoff   80      4644.07000 3925.04261  15.5%   246 1399s
 19638  7967 4352.95932   58  112 4644.07000 3925.80204  15.5%   248 1412s
 19704  8064 4204.81759   44  288 4644.07000 3926.35029  15.5%   248 1425s
 19829  8151 4290.08485   52  250 4644.07000 3927.87214  15.4%   249 1438s
 19966  8235 4640.37993   55  188 4644.07000 3928.43489  15.4%   250 1451s
 20090  8329 4390.16022   91  267 4644.07000 3929.72862  15.4%   251 1464s
 20233  8432 4173.43303   36  315 4644.07000 3933.14839  15.3%   252 1477s
 20366  8508 4036.73237   40  378 4644.07000 3934.32584  15.3%   253 1490s
 20479  8594 4132.42813   48  251 4644.07000 3935.82011  15.3%   254 1503s
 20604  8695 4254.51974   51  232 4644.07000 3936.16161  15.2%   255 1516s
 20737  8751 4379.95919   85  341 4644.07000 3938.09438  15.2%   256 1530s
 20840  8815 4635.74488   58  236 4644.07000 3938.30024  15.2%   257 1543s
 20924  8971 4599.98182   63  191 4644.07000 3938.80058  15.2%   258 1557s
 21098  9081 4530.95965  109   93 4644.07000 3939.01640  15.2%   259 1570s
 21264  9164 4600.86217   78  181 4644.07000 3941.24827  15.1%   259 1584s
 21393  9243 4461.49371   68  188 4644.07000 3942.39824  15.1%   260 1597s
 21497  9446 4269.01570   63  136 4644.07000 3942.92404  15.1%   261 1612s
 21738  9519 4314.94954   51  347 4644.07000 3944.16795  15.1%   261 1625s
 21849  9596 4480.17831   60  278 4644.07000 3944.47287  15.1%   262 1638s
 21968  9677 4214.68925   49  346 4644.07000 3945.97865  15.0%   263 1651s
 22073  9776 4482.03389   45  166 4644.07000 3946.32299  15.0%   264 1665s
 22216  9859 4254.29090   51  223 4644.07000 3947.52889  15.0%   265 1678s
 22335  9933     cutoff   54      4644.07000 3952.14165  14.9%   266 1692s
 22455 10086 4370.57035   63  245 4644.07000 3953.07451  14.9%   267 1707s
 22629 10168 4256.29561   49  263 4644.07000 3953.19312  14.9%   268 1720s
 22747 10273 4352.83432   57  248 4644.07000 3953.69271  14.9%   269 1734s
 22883 10349 4300.09565   71  348 4644.07000 3954.44986  14.8%   270 1748s
 22977 10486 4387.58970   53  292 4644.07000 3955.22308  14.8%   271 1762s
 23147 10563 4084.05559   44  264 4644.07000 3955.86000  14.8%   271 1776s
 23256 10647 4010.93343   48  464 4644.07000 3956.39152  14.8%   272 1790s
 23394 10721 4225.82016   55  421 4644.07000 3958.33249  14.8%   273 1803s
 23488 10794 4345.90770   49  341 4644.07000 3959.18640  14.7%   274 1816s
 23595 10948     cutoff   59      4644.07000 3960.20471  14.7%   275 1830s
 23801 11070 4383.28370   69  224 4644.07000 3963.06909  14.7%   275 1845s
 23960 11154 4223.45702   53  310 4644.07000 3963.94558  14.6%   276 1859s
 24087 11253 4515.66505   77  307 4644.07000 3964.41520  14.6%   277 1873s
 24210 11334 4557.69411   63  275 4644.07000 3965.76845  14.6%   278 1887s
 24345 11449 4054.13331   36  185 4644.07000 3966.90296  14.6%   279 1902s
 24494 11530 4558.75817   75  141 4644.07000 3967.41162  14.6%   279 1916s
 24614 11600 4428.59223   62  263 4644.07000 3969.16151  14.5%   280 1930s
 24718 11706     cutoff   75      4644.07000 3971.34384  14.5%   281 1945s
 24865 11779     cutoff   77      4644.07000 3972.56727  14.5%   282 1959s
 24931 11779 4117.51292   39  272 4644.07000 3973.13511  14.4%   283 1960s
 24978 11887 4388.47493   72  259 4644.07000 3973.40590  14.4%   283 1975s
 25138 11964 4380.79420   63  266 4644.07000 3973.78327  14.4%   284 1990s
 25261 12076 4589.50524   44   55 4644.07000 3974.65058  14.4%   284 2005s
 25417 12169 4414.97832   48  330 4644.07000 3975.34282  14.4%   285 2020s
 25582 12244 4574.70513   59  231 4644.07000 3975.65027  14.4%   286 2036s
 25694 12334     cutoff   56      4644.07000 3976.40085  14.4%   287 2050s
 25830 12495 4554.98885   81  312 4644.07000 3977.38581  14.4%   287 2065s
 26025 12599 4482.93023   54  321 4644.07000 3977.70665  14.3%   288 2079s
 26178 12756 4022.18502   44  257 4644.07000 3977.85816  14.3%   288 2095s
 26408 12858 4610.35988   69  214 4644.07000 3978.26416  14.3%   288 2110s
 26546 12976 4252.50480   51  289 4644.07000 3978.67199  14.3%   289 2125s
 26696 13105 4363.19900   57  284 4644.07000 3980.34033  14.3%   290 2140s
 26863 13176 4208.32761   47  217 4644.07000 3981.08728  14.3%   290 2156s
 27010 13279 4274.20745   53  321 4644.07000 3981.28957  14.3%   291 2171s
 27155 13374 4221.28722   40  254 4644.07000 3982.16203  14.3%   292 2186s
 27274 13468 4582.78103   64  296 4644.07000 3982.21686  14.3%   293 2201s
 27440 13530 4091.13578   39  256 4644.07000 3983.03357  14.2%   293 2216s
 27552 13623 4483.71599   44  151 4644.07000 3983.17412  14.2%   294 2230s
 27679 13739 4338.30071   46  291 4644.07000 3983.85748  14.2%   295 2245s
 27850 13970 4336.73762   47  183 4644.07000 3984.99939  14.2%   296 2261s
 28112 14079 4536.78261   88  215 4644.07000 3985.14160  14.2%   295 2278s
 28266 14174 4334.22141   47  282 4644.07000 3986.61995  14.2%   296 2293s
 28399 14360 4197.33399   53  190 4644.07000 3987.23456  14.1%   297 2308s
 28642 14471 4276.65084   49  232 4644.07000 3987.51564  14.1%   296 2324s
 28714 14471 4055.39036   51  254 4644.07000 3987.87041  14.1%   297 2325s
 28815 14503 4361.57325   62  264 4644.07000 3987.89865  14.1%   297 2346s
 28869 14643 4169.91734   47  313 4644.07000 3988.16151  14.1%   297 2361s
 29035 14789 4208.78379   47  280 4644.07000 3988.43404  14.1%   297 2377s
 29235 14864 4456.24709   46  208 4644.07000 3989.57853  14.1%   298 2393s
 29348 14957 4182.38584   50  253 4644.07000 3989.72163  14.1%   299 2407s
 29487 15069 4400.19736   62  209 4644.07000 3990.09477  14.1%   300 2422s
 29641 15167 4522.37557   62  229 4644.07000 3990.99199  14.1%   300 2437s
 29801 15344 4209.72768   50  232 4644.07000 3992.13935  14.0%   301 2453s
 30038 15444 4434.89361   64  224 4644.07000 3992.23088  14.0%   301 2469s
 30103 15444 4164.08102   40  310 4644.07000 3992.37340  14.0%   301 2470s
 30180 15548 4146.10394   49  341 4644.07000 3992.38484  14.0%   302 2485s
 30333 15638 4502.77999   67  220 4644.07000 3993.05150  14.0%   302 2499s
 30463 15731 4271.32386   60  325 4644.07000 3993.51055  14.0%   303 2514s
 30531 15731 4372.62840   59  188 4644.07000 3994.09336  14.0%   303 2515s
 30605 15830 4127.26585   48  303 4644.07000 3994.15215  14.0%   304 2529s
 30663 15830 4547.85341   59  163 4644.07000 3995.25475  14.0%   304 2530s
 30736 15929 4473.27821   82  250 4644.07000 3995.52841  14.0%   304 2545s
 30890 16007     cutoff   64      4644.07000 3995.86833  14.0%   305 2561s
 31000 16146 4289.27233   46  252 4644.07000 3996.66059  13.9%   306 2576s
 31199 16279     cutoff   60      4644.07000 3996.84309  13.9%   306 2592s
 31388 16424 4314.45702   55  360 4644.07000 3997.57977  13.9%   306 2609s
 31573 16546 4376.01554   51  192 4644.07000 3998.16347  13.9%   307 2625s
 31749 16691 4334.36844   54  263 4644.07000 3999.13774  13.9%   307 2641s
 31966 16805 4030.79280   35  252 4644.07000 3999.98429  13.9%   307 2657s
 32104 16884 4414.51596   58  303 4644.07000 4001.38530  13.8%   308 2673s
 32287 17006 4325.37883   57  331 4644.07000 4002.44676  13.8%   308 2689s
 32345 17006 4037.15946   45  311 4644.07000 4002.46890  13.8%   309 2690s
 32433 17134 4511.46722   82  223 4644.07000 4002.56268  13.8%   309 2706s
 32642 17250 4346.25468   77  299 4644.07000 4003.70386  13.8%   309 2721s
 32798 17359 4244.91103   38  179 4644.07000 4004.08059  13.8%   309 2737s
 32941 17497     cutoff   78      4644.07000 4004.28510  13.8%   310 2753s
 33120 17591 4378.85797   70  314 4644.07000 4004.80517  13.8%   311 2769s
 33183 17591 4373.80023   55  206 4644.07000 4005.06017  13.8%   311 2770s
 33250 17747 4422.83852   72  319 4644.07000 4005.10282  13.8%   311 2785s
 33453 17907 4148.67811   51  193 4644.07000 4006.12796  13.7%   311 2802s
 33655 18010 4593.62595   93  217 4644.07000 4006.89756  13.7%   311 2818s
 33812 18149 4258.84151   60  261 4644.07000 4007.32717  13.7%   312 2835s
 34009 18326 4466.61635   60  276 4644.07000 4008.04349  13.7%   312 2852s
 34242 18478 4592.11899   94  103 4644.07000 4008.24055  13.7%   312 2868s
 34445 18573 4130.97997   45  226 4644.07000 4009.05595  13.7%   312 2885s
 34594 18681 4572.72089   72  358 4644.07000 4009.22648  13.7%   313 2901s
 34766 18779 4169.36823   49  407 4644.07000 4009.99872  13.7%   313 2916s
 34908 18892 4335.99358   49  238 4644.07000 4010.40421  13.6%   314 2932s
 35089 18990 4120.24510   36  254 4644.07000 4010.83980  13.6%   314 2947s
 35278 19101 4104.44524   52  361 4644.07000 4012.31378  13.6%   314 2963s
 35449 19256 4291.75065   65  289 4644.07000 4012.71219  13.6%   314 2979s
 35513 19256 4262.03524   45  178 4644.07000 4012.71219  13.6%   314 2980s
 35650 19400 4375.78091   51   79 4644.07000 4013.73326  13.6%   314 2996s
 35919 19512 4227.28954   38  270 4644.07000 4014.52824  13.6%   314 3013s
 36073 19641 4443.96073   45  242 4644.07000 4014.69142  13.6%   315 3029s
 36253 19641 4145.15110   45  221 4644.07000 4015.00352  13.5%   315 3030s
 36255 19733 4607.09178   69  223 4644.07000 4015.34418  13.5%   315 3046s
 36419 19829 4484.26776   60  133 4644.07000 4015.65152  13.5%   315 3061s
 36575 19967 4239.01063   48  318 4644.07000 4016.14784  13.5%   316 3077s
 36765 20086 4229.15255   45  233 4644.07000 4017.68247  13.5%   316 3093s
 36950 20172 4187.69819   43  273 4644.07000 4018.22377  13.5%   316 3112s
 37080 20302 4275.91536   57  233 4644.07000 4018.94405  13.5%   317 3129s
 37157 20302 4542.64268   70  323 4644.07000 4018.94405  13.5%   317 3130s
 37256 20426 4603.58712   80  224 4644.07000 4019.22920  13.5%   317 3147s
 37446 20563 4348.79752   47  302 4644.07000 4019.71800  13.4%   318 3163s
 37619 20706 4114.26522   40  231 4644.07000 4020.08310  13.4%   318 3179s
 37663 20706 4488.93763   62   62 4644.07000 4020.08310  13.4%   318 3180s
 37831 20875 4098.36114   38  273 4644.07000 4020.46073  13.4%   318 3196s
 38038 21005 4505.56129   48  232 4644.07000 4021.28416  13.4%   318 3212s
 38218 21105 4572.24938   68  232 4644.07000 4021.76553  13.4%   318 3229s
 38362 21201     cutoff   50      4644.07000 4021.99462  13.4%   319 3245s
 38516 21346 4221.41371   49  183 4644.07000 4022.18502  13.4%   319 3262s
 38744 21465 4223.68082   54  321 4644.07000 4022.97959  13.4%   319 3278s
 38909 21548 4246.92253   48  314 4644.07000 4023.09349  13.4%   320 3294s
 39038 21627 4490.02854   51  212 4644.07000 4023.68163  13.4%   320 3310s
 39185 21734 4095.51670   53  327 4644.07000 4024.00166  13.4%   320 3326s
 39383 21825 4139.30499   47  350 4644.07000 4024.67071  13.3%   321 3342s
 39566 21934 4249.91953   45  282 4644.07000 4025.16920  13.3%   321 3358s
 39721 22036 4458.15296   53  172 4644.07000 4025.90243  13.3%   321 3375s
 39893 22190     cutoff   57      4644.07000 4026.01593  13.3%   322 3391s
 40097 22301 4286.56063   47  333 4644.07000 4026.57739  13.3%   322 3408s
 40248 22392 4396.52460   79  321 4644.07000 4026.75076  13.3%   322 3424s
 40413 22547 4604.01135   60  255 4644.07000 4027.04433  13.3%   323 3442s
 40636 22695 4076.70871   42  294 4644.07000 4027.61126  13.3%   323 3459s
 40731 22695 4590.34838   89   54 4644.07000 4027.61126  13.3%   323 3460s
 40850 22766 4585.54299   56  219 4644.07000 4027.83211  13.3%   323 3475s
 40983 22910 4310.74132   48  266 4644.07000 4028.10298  13.3%   323 3492s
 41189 23024 4260.16752   66  282 4644.07000 4028.56501  13.3%   323 3508s
 41358 23146     cutoff   70      4644.07000 4028.94577  13.2%   324 3524s
 41521 23218 4531.39355   62  275 4644.07000 4029.50567  13.2%   324 3539s
 41659 23401 4131.64364   44  333 4644.07000 4029.96933  13.2%   325 3556s
 41888 23600 4468.30064   67   28 4644.07000 4030.35318  13.2%   324 3574s
 41977 23600 4538.12755   72  213 4644.07000 4030.35318  13.2%   324 3575s
 42133 23684 4526.91944   61  344 4644.07000 4030.65836  13.2%   324 3591s
 42260 23734 4327.99909   56  190 4644.07000 4030.70413  13.2%   325 3600s

Cutting planes:
  User: 5331
  Gomory: 31
  Cover: 315
  Implied bound: 53
  Clique: 2
  MIR: 149
  Flow cover: 427
  Zero half: 10
  RLT: 235
  Relax-and-lift: 5
  Lazy constraints: 675

Explored 42371 nodes (13767887 simplex iterations) in 3600.56 seconds
Thread count was 2 (of 32 available processors)

Solution count 6: 4644.07 4678.8 4692.8 ... 5110.14

Time limit reached
Best objective 4.644070000000e+03, best bound 4.030704133097e+03, gap 13.2075%

User-callback calls 295912, time in user-callback 222.10 sec
================================================================================
executing instance: ./input/Instances/Original/4/absH3low_3n10.dat
--------------------------------------------------------------------------------
Instance details
n	11
H	3
C	687
Li:
[0, 0, 0, 0, 0, 0, 0, 0, 0, 0, 0, ]
Ui:
[0, 189, 44, 174, 78, 36, 198, 117, 42, 96, 240, ]
Distance matrix:
|0	209	255	286	142	156	285	317	182	161	135	|
|209	0	464	451	315	356	490	469	361	299	260	|
|255	464	0	221	202	130	74	280	189	254	273	|
|286	451	221	0	145	156	164	479	354	153	192	|
|142	315	202	145	0	73	194	388	250	53	73	|
|156	356	130	156	73	0	134	332	200	127	144	|
|285	490	74	164	194	134	0	353	256	239	267	|
|317	469	280	479	388	332	353	0	141	436	430	|
|182	361	189	354	250	200	256	141	0	296	289	|
|161	299	254	153	53	127	239	436	296	0	39	|
|135	260	273	192	73	144	267	430	289	39	0	|

--------------------------------------------------------------------------------
Building model...
	using lazy and cut (CVRPSEP package)
Solving IRP LP...
--------------------------------------------------------------------------------

Gurobi 9.1.0 (linux64) logging started Mon Jan 25 17:52:39 2021

Gurobi Optimizer version 9.1.0 build v9.1.0rc0 (linux64)
Thread count: 32 physical cores, 32 logical processors, using up to 2 threads
Optimize a model with 491 rows, 956 columns and 3764 nonzeros
Model fingerprint: 0xc29e03a2
Variable types: 164 continuous, 792 integer (132 binary)
Coefficient statistics:
  Matrix range     [1e+00, 2e+02]
  Objective range  [1e-02, 5e+02]
  Bounds range     [1e+00, 2e+02]
  RHS range        [2e+01, 1e+03]
Presolve removed 104 rows and 11 columns
Presolve time: 0.01s
Presolved: 387 rows, 945 columns, 3288 nonzeros
Variable types: 153 continuous, 792 integer (672 binary)

Root relaxation: objective 1.746329e+03, 584 iterations, 0.01 seconds

    Nodes    |    Current Node    |     Objective Bounds      |     Work
 Expl Unexpl |  Obj  Depth IntInf | Incumbent    BestBd   Gap | It/Node Time

     0     0 1746.32912    0   54          - 1746.32912      -     -    0s
H    0     0                    4604.7500000 1746.32912  62.1%     -    0s
     0     0 2068.04405    0   37 4604.75000 2068.04405  55.1%     -    0s
H    0     0                    4603.4900000 2068.04405  55.1%     -    0s
     0     0 2331.44964    0   81 4603.49000 2331.44964  49.4%     -    0s
     0     0 2375.10128    0   49 4603.49000 2375.10128  48.4%     -    0s
     0     0 2434.79781    0   57 4603.49000 2434.79781  47.1%     -    0s
     0     0 2435.05875    0   65 4603.49000 2435.05875  47.1%     -    0s
     0     0 2526.69433    0   84 4603.49000 2526.69433  45.1%     -    0s
     0     0 2552.24947    0   72 4603.49000 2552.24947  44.6%     -    0s
     0     0 2605.54084    0   91 4603.49000 2605.54084  43.4%     -    0s
     0     0 2608.31317    0  124 4603.49000 2608.31317  43.3%     -    0s
     0     0 2610.00583    0  110 4603.49000 2610.00583  43.3%     -    0s
     0     0 2610.76131    0   89 4603.49000 2610.76131  43.3%     -    0s
     0     0 2611.03590    0  121 4603.49000 2611.03590  43.3%     -    0s
     0     0 2642.08571    0  100 4603.49000 2642.08571  42.6%     -    0s
     0     0 2657.48227    0   78 4603.49000 2657.48227  42.3%     -    0s
     0     0 2657.48227    0   84 4603.49000 2657.48227  42.3%     -    0s
     0     0 2667.36606    0  116 4603.49000 2667.36606  42.1%     -    0s
H    0     0                    4318.0700000 2667.36606  38.2%     -    0s
     0     0 2667.58189    0  126 4318.07000 2667.58189  38.2%     -    0s
     0     0 2673.55808    0  102 4318.07000 2673.55808  38.1%     -    0s
     0     0 2675.07513    0   91 4318.07000 2675.07513  38.0%     -    0s
     0     0 2675.08976    0  101 4318.07000 2675.08976  38.0%     -    0s
     0     0 2677.90537    0   85 4318.07000 2677.90537  38.0%     -    0s
     0     0 2682.67687    0   84 4318.07000 2682.67687  37.9%     -    0s
     0     0 2682.69107    0   91 4318.07000 2682.69107  37.9%     -    0s
     0     0 2683.48005    0   84 4318.07000 2683.48005  37.9%     -    0s
     0     0 2683.52201    0   76 4318.07000 2683.52201  37.9%     -    0s
H    0     0                    3943.6800000 2688.04238  31.8%     -    1s
H    0     0                    3436.6800000 2688.04238  21.8%     -    1s
     0     2 2688.04238    0  102 3436.68000 2688.04238  21.8%     -    1s
