




arguments: ./build/mirp_solver -f ./input/orig_exec_384.cfg
Current dir: /scratch/gui/bnc_mirp
File verbosity level: 9
date       time         ( uptime  ) [ thread name/id ]                   file:line     v| 
2021-01-29 02:15:57.499 (   0.156s) [main thread     ]             loguru.cpp:789   INFO| Logging to './output/vi_hc3/OU/V4/Original/execution_29_01_2021_02_15_57.log', mode: 'a', verbosity: 9
--------------------------------------------------------------------------------
Parameters
                           instance_path           ./input/Instances/Original/6/
                            model_policy                                       1
                             nb_vehicles                                       4
                              output_dir         ./output/vi_hc3/OU/V4/Original/
                            sec_strategy                                       1
                       solver_nb_threads                                       2
                         solver_show_log                                    true
                       solver_time_limit                                    3600
                              use_vi_cos                                   false
                              use_vi_cus                                   false
                         use_vi_hc1_full                                   false
                         use_vi_hc1_half                                   false
                      use_vi_hc1_quarter                                   false
                              use_vi_hc2                                   false
                              use_vi_hc3                                    true
                         use_vi_lex_full                                   false
                         use_vi_lex_half                                   false
                      use_vi_lex_quarter                                   false
                              use_vi_qua                                   false
                               use_vi_vc                                   false
                               use_vi_vr                                   false
--------------------------------------------------------------------------------
executing instance: ./input/Instances/Original/6/absH6high_1n25.dat
--------------------------------------------------------------------------------
Instance details
n	26
H	6
C	1711
Li:
[0, 0, 0, 0, 0, 0, 0, 0, 0, 0, 0, 0, 0, 0, 0, 0, 0, 0, 0, 0, 0, 0, 0, 0, 0, 0, ]
Ui:
[0, 168, 176, 34, 66, 36, 177, 106, 118, 182, 64, 141, 189, 63, 46, 111, 182, 231, 36, 66, 68, 54, 132, 90, 246, 75, ]
Distance matrix:
|0	191	200	231	334	329	146	196	208	245	218	164	283	394	151	358	156	196	309	253	201	260	127	138	130	104	|
|191	0	226	229	278	146	328	216	390	417	327	293	195	334	106	296	171	122	472	151	12	411	280	53	190	130	|
|200	226	0	38	149	359	321	10	276	274	418	364	139	204	121	173	321	115	303	141	225	236	155	202	311	256	|
|231	229	38	0	110	352	358	37	314	310	448	395	108	167	129	135	342	109	336	120	226	268	194	213	335	277	|
|334	278	149	110	0	367	467	147	422	413	546	495	86	61	203	25	423	163	429	129	271	363	303	282	424	361	|
|329	146	359	352	367	0	453	349	533	562	411	393	282	411	245	378	250	244	617	245	141	556	426	195	284	243	|
|146	328	321	358	467	453	0	321	162	215	160	112	425	524	297	491	223	341	284	397	339	266	186	276	184	210	|
|196	216	10	37	147	349	321	0	281	281	414	360	132	203	112	171	315	105	311	132	216	244	159	193	305	249	|
|208	390	276	314	422	533	162	281	0	54	321	271	410	471	316	445	348	348	123	398	398	115	125	338	313	309	|
|245	417	274	310	413	562	215	281	54	0	375	323	413	457	334	435	393	361	70	406	424	69	139	367	359	349	|
|218	327	418	448	546	411	160	414	321	375	0	57	484	606	347	569	163	393	444	446	339	421	318	288	137	199	|
|164	293	364	395	495	393	112	360	271	323	57	0	437	556	300	519	144	346	393	401	305	367	261	249	109	163	|
|283	195	139	108	86	282	425	132	410	413	484	437	0	139	137	101	349	91	443	44	187	375	286	206	355	291	|
|394	334	204	167	61	411	524	203	471	457	606	556	139	0	264	38	483	222	467	183	326	403	356	341	484	421	|
|151	106	121	129	203	245	297	112	316	334	347	300	137	264	0	225	220	46	381	102	106	316	195	84	221	158	|
|358	296	173	135	25	378	491	171	445	435	569	519	101	38	225	0	444	184	450	145	288	384	328	303	446	383	|
|156	171	321	342	423	250	223	315	348	393	163	144	349	483	220	444	0	261	460	308	183	415	284	143	39	65	|
|196	122	115	109	163	244	341	105	348	361	393	346	91	222	46	184	261	0	402	56	118	336	224	119	264	200	|
|309	472	303	336	429	617	284	311	123	70	444	393	443	467	381	450	460	402	0	442	477	68	192	424	426	413	|
|253	151	141	120	129	245	397	132	398	406	446	401	44	183	102	145	308	56	442	0	143	375	273	164	315	251	|
|201	12	225	226	271	141	339	216	398	424	339	305	187	326	106	288	183	118	477	143	0	416	286	63	202	142	|
|260	411	236	268	363	556	266	244	115	69	421	367	375	403	316	384	415	336	68	375	416	0	135	365	384	363	|
|127	280	155	194	303	426	186	159	125	139	318	261	286	356	195	328	284	224	192	273	286	135	0	232	256	229	|
|138	53	202	213	282	195	276	193	338	367	288	249	206	341	84	303	143	119	424	164	63	365	232	0	153	89	|
|130	190	311	335	424	284	184	305	313	359	137	109	355	484	221	446	39	264	426	315	202	384	256	153	0	64	|
|104	130	256	277	361	243	210	249	309	349	199	163	291	421	158	383	65	200	413	251	142	363	229	89	64	0	|

--------------------------------------------------------------------------------
Building model...
	using lazy and cut (CVRPSEP package)
Solving IRP LP...
--------------------------------------------------------------------------------

Gurobi 9.1.0 (linux64) logging started Fri Jan 29 02:15:57 2021

Gurobi Optimizer version 9.1.0 build v9.1.0rc0 (linux64)
Thread count: 32 physical cores, 32 logical processors, using up to 2 threads
Optimize a model with 2336 rows, 9206 columns and 34442 nonzeros
Model fingerprint: 0xadfbc42d
Variable types: 782 continuous, 8424 integer (624 binary)
Coefficient statistics:
  Matrix range     [1e+00, 4e+02]
  Objective range  [1e-01, 6e+02]
  Bounds range     [1e+00, 2e+02]
  RHS range        [1e+01, 3e+03]
Presolve removed 482 rows and 26 columns
Presolve time: 0.08s
Presolved: 1854 rows, 9180 columns, 31047 nonzeros
Variable types: 756 continuous, 8424 integer (7824 binary)

Root relaxation: objective 1.429673e+04, 2461 iterations, 0.09 seconds

    Nodes    |    Current Node    |     Objective Bounds      |     Work
 Expl Unexpl |  Obj  Depth IntInf | Incumbent    BestBd   Gap | It/Node Time

     0     0 14296.7307    0  246          - 14296.7307      -     -    0s
     0     0 14526.9835    0  267          - 14526.9835      -     -    0s
     0     0 14556.4708    0  282          - 14556.4708      -     -    0s
     0     0 14558.8106    0  286          - 14558.8106      -     -    0s
     0     0 14558.8106    0  288          - 14558.8106      -     -    0s
     0     0 14845.3243    0  260          - 14845.3243      -     -    1s
     0     0 14908.4512    0  299          - 14908.4512      -     -    1s
     0     0 14918.7994    0  278          - 14918.7994      -     -    1s
     0     0 14923.5227    0  278          - 14923.5227      -     -    1s
     0     0 14924.2886    0  262          - 14924.2886      -     -    1s
     0     0 14924.3345    0  268          - 14924.3345      -     -    1s
     0     0 15504.9941    0  357          - 15504.9941      -     -    2s
     0     0 15562.8198    0  333          - 15562.8198      -     -    2s
     0     0 15566.0123    0  345          - 15566.0123      -     -    2s
     0     0 15569.0056    0  320          - 15569.0056      -     -    2s
     0     0 15574.7443    0  314          - 15574.7443      -     -    2s
     0     0 15577.7993    0  353          - 15577.7993      -     -    3s
     0     0 15582.3428    0  359          - 15582.3428      -     -    3s
     0     0 15583.5537    0  328          - 15583.5537      -     -    3s
     0     0 15583.6576    0  330          - 15583.6576      -     -    3s
     0     0 15736.3736    0  395          - 15736.3736      -     -    3s
     0     0 15758.9483    0  383          - 15758.9483      -     -    3s
     0     0 15806.7259    0  403          - 15806.7259      -     -    4s
     0     0 15829.1548    0  365          - 15829.1548      -     -    4s
     0     0 15830.7690    0  398          - 15830.7690      -     -    4s
     0     0 15830.9129    0  356          - 15830.9129      -     -    4s
     0     0 15968.1708    0  392          - 15968.1708      -     -    5s
     0     0 15989.8701    0  374          - 15989.8701      -     -    5s
     0     0 15990.2987    0  366          - 15990.2987      -     -    5s
     0     0 16184.5781    0  430          - 16184.5781      -     -    6s
     0     0 16198.9372    0  412          - 16198.9372      -     -    6s
     0     0 16213.2937    0  434          - 16213.2937      -     -    6s
     0     0 16227.8260    0  444          - 16227.8260      -     -    6s
     0     0 16235.0826    0  469          - 16235.0826      -     -    7s
     0     0 16243.0592    0  373          - 16243.0592      -     -    7s
     0     0 16245.8800    0  456          - 16245.8800      -     -    7s
     0     0 16247.3329    0  452          - 16247.3329      -     -    7s
     0     0 16265.8566    0  410          - 16265.8566      -     -    7s
     0     0 16266.3328    0  428          - 16266.3328      -     -    8s
     0     0 16268.6105    0  418          - 16268.6105      -     -    8s
     0     0 16268.6105    0  347          - 16268.6105      -     -    9s
     0     2 16269.9365    0  324          - 16269.9365      -     -   11s
    17    20 16383.9792    7  379          - 16272.8880      -   637   15s
    39    42 16561.1300   14  409          - 16272.8880      -   809   20s
    62    67 16549.4758   21  415          - 16272.8880      -   806   25s
    93   103 16615.8960   27  416          - 16272.8880      -   747   30s
   121   129 16741.9274   36  436          - 16272.8880      -   721   35s
   162   169 16888.1176   47  352          - 16272.8880      -   662   40s
   193   205 17102.8581   53  347          - 16272.8880      -   625   45s
   251   275 17426.2681   73  356          - 16272.8880      -   554   50s
   355   382 17832.0688   93  299          - 16272.8880      -   448   56s
   435   480 18173.0620  106  283          - 16272.8880      -   394   60s
   605   668 18714.8227  136  232          - 16272.8880      -   316   66s
   681   684 18955.5716  146  208          - 16272.8880      -   290   70s
   787   782 19426.9637  170  180          - 16272.8880      -   265   75s
   882   852 16781.2540    6  487          - 16274.4272      -   267   81s
   899   857 23586.7199  333  448          - 16274.4272      -   266   85s
   916   868 20461.7229  216  566          - 16647.2310      -   261   90s
   935   881 19465.2477  171  570          - 16707.1664      -   256   95s
   946   888 19541.2872  221  605          - 16712.4672      -   253  100s
   957   896 17982.9453  102  623          - 16716.1860      -   250  105s
   960   898 16757.2665   32  569          - 16716.3344      -   249  110s
   966   902 17947.1259   98  623          - 16716.5475      -   248  115s
   975   909 16716.7003   18  239          - 16716.7003      -   288  120s
   986   917 16727.6636   10  564          - 16716.7003      -   285  125s
   998   925 17378.0423   68  630          - 16719.3498      -   281  130s
  1009   932 20295.7487  209  638          - 16721.0196      -   278  135s
  1018   938 17484.8630   84  617          - 16723.2172      -   276  140s
  1031   947 17156.7486   55  675          - 16725.9392      -   272  145s
  1039   952 19809.6445  186  628          - 16726.0206      -   270  151s
  1042   957 16726.9651   25  635          - 16726.9651      -   303  160s
  1044   958 16731.9283   26  620          - 16728.6463      -   305  167s
  1046   960 16773.5627   26  511          - 16732.0744      -   308  172s
  1048   961 16752.8569   27  623          - 16733.1374      -   311  175s
  1052   964 16768.0480   28  711          - 16752.9114      -   319  180s
  1056   968 16771.3838   29  676          - 16759.8727      -   332  185s
  1065   973 16806.8773   31  550          - 16759.8727      -   344  190s
  1076   982 16811.2370   34  637          - 16759.8727      -   356  197s
  1084   987 16850.9576   36  698          - 16759.8727      -   366  201s
  1094   996 16927.9917   38  587          - 16759.8727      -   376  205s
  1110  1008 16898.6441   43  564          - 16759.8727      -   389  212s
  1126  1014 16908.2673   47  611          - 16759.8727      -   402  216s
  1138  1025 16984.9390   49  517          - 16759.8727      -   410  221s
  1153  1036 16930.4386   53  566          - 16759.8727      -   418  226s
  1168  1048 16996.4234   57  521          - 16759.8727      -   426  231s
  1187  1067 17022.5205   62  548          - 16759.8727      -   435  238s
  1202  1069 17046.8729   65  579          - 16759.8727      -   441  241s
  1216  1081 17076.0796   68  617          - 16759.8727      -   452  247s
  1226  1094 17109.6889   71  526          - 16759.8727      -   461  250s
  1258  1113 17293.6752   79  473          - 16759.8727      -   468  257s
  1272  1124 17339.3822   82  476          - 16759.8727      -   471  260s
  1313  1151 17482.5023   96  427          - 16759.8727      -   474  267s
  1328  1169 17512.7050  100  410          - 16759.8727      -   476  271s
  1351  1176 17625.9006  106  388          - 16759.8727      -   477  275s
  1384  1193 17777.9492  103  436          - 16759.8727      -   480  280s
  1424  1230 17871.5515  125  364          - 16759.8727      -   481  288s
  1444  1256 17845.5356  132  365          - 16759.8727      -   485  292s
  1477  1274 18093.2164  140  255          - 16759.8727      -   485  296s
  1506  1300 18077.2474  148  343          - 16759.8727      -   485  301s
  1542  1331 18099.3123  158  284          - 16759.8727      -   484  305s
  1585  1360 18183.5077  169  355          - 16759.8727      -   482  310s
  1628  1392 18224.7094  178  282          - 16759.8727      -   480  316s
  1674  1432 18283.4215  192  277          - 16759.8727      -   478  321s
  1730  1462 18318.8726  202  246          - 16759.8727      -   473  327s
  1786  1503 18354.8639  215  258          - 16759.8727      -   469  334s
  1850  1540 18385.8927  229  247          - 16759.8727      -   463  339s
  1876  1531 18197.3417  226  227          - 16759.8727      -   462  340s
  1908  1576 18433.3758  242  228          - 16759.8727      -   460  346s
  1964  1619 18463.3312  254  252          - 16759.8727      -   455  352s
  2025  1666 18481.9807  267  250          - 16759.8727      -   452  359s
  2093  1719 18623.3078  287  146          - 16759.8727      -   448  366s
  2170  1770 18835.9853  308  133          - 16759.8727      -   444  373s
  2247  1827 18860.6549  329  192          - 16759.8727      -   439  380s
  2332  1880 19228.3612  352  231          - 16759.8727      -   434  388s
  2413  1958 19333.3640  371  245          - 16759.8727      -   430  395s
  2518  2047 19412.8190  399  177          - 16759.8727      -   423  404s
  2642  2131 19536.0356  428  216          - 16759.8727      -   414  413s
  2767  2238 19563.5350  453  185          - 16759.8727      -   407  422s
  2918  2336 19576.2732  481  228          - 16759.8727      -   396  431s
  3079  2419 19799.3466  514  209          - 16759.8727      -   387  441s
  3220  2586 19840.1346  543  205          - 16759.8727      -   382  451s
  3434  2769 19948.5478  586  156          - 16759.8727      -   369  462s
  3705  3092 20188.1447  648  153          - 16759.8727      -   354  507s
  4125  3553 21394.4132  766   67          - 16759.8727      -   330  524s
  4185  3553 22281.7820  796   53          - 16759.8727      -   326  525s
  4615  3553 24102.5451  922   74          - 16759.8727      -   306  530s
  4651  4002 21947.2063  915   90          - 16759.8727      -   305  541s
  4972  4002 24626.6835 1076   32          - 16759.8727      -   288  545s
  5198  4015 infeasible 1096               - 16775.2837      -   279  556s
* 5216  4015            1002    29029.370000 16781.6364  42.2%   280  556s
* 5231  4016             999    28401.190000 16781.6364  40.9%   280  556s
  5244  4032 17132.9083   31  650 28401.1900 16781.6364  40.9%   282  565s
  5263  4060 17248.6059   31  541 28401.1900 16781.6364  40.9%   285  574s
  5292  4087 17245.7919   40  637 28401.1900 16781.6364  40.9%   288  582s
  5319  4109 17325.5036   42  571 28401.1900 16781.6364  40.9%   291  591s
  5341  4156 17331.2954   44  572 28401.1900 16781.6364  40.9%   293  600s
  5388  4206 17403.2654   54  480 28401.1900 16781.6364  40.9%   294  610s
  5438  4302 17460.3571   67  471 28401.1900 16781.6364  40.9%   295  620s
  5534  4380 17570.1570  104  416 28401.1900 16781.6364  40.9%   294  631s
  5612  4467 17572.9166  123  487 28401.1900 16781.6364  40.9%   294  642s
  5699  4612 17632.9870  150  438 28401.1900 16781.6364  40.9%   293  654s
  5734  4612 17701.2402  172  382 28401.1900 16781.6364  40.9%   292  655s
  5844  4733 17685.3140  204  458 28401.1900 16781.6364  40.9%   289  669s
  5901  4733 17778.3585  269  299 28401.1900 16781.6364  40.9%   288  670s
H 5965  4924                    28010.290000 16781.6364  40.1%   286  683s
  6053  4924 17856.7465  317  275 28010.2900 16781.6364  40.1%   283  685s
H 6071  4914                    27363.249984 16781.6364  38.7%   283  685s
H 6158  5056                    26225.980000 16781.6364  36.0%   280  700s
  6329  5189 18133.4340  377  364 26225.9800 16781.6364  36.0%   276  714s
  6390  5189 18227.5184  416  319 26225.9800 16781.6364  36.0%   276  715s
  6468  5454 18230.6313  421  306 26225.9800 16781.6364  36.0%   274  729s
  6545  5454 18533.6738  471  299 26225.9800 16781.6364  36.0%   273  730s
  6733  5753 18607.4380  492  233 26225.9800 16781.6364  36.0%   268  748s
  6816  5753 18678.5787  561  253 26225.9800 16781.6364  36.0%   266  750s
  7049  6079 18850.6446  631  213 26225.9800 16781.6364  36.0%   260  765s
  7377  6380 19181.7613  734  280 26225.9800 16781.6364  36.0%   253  785s
H 7710  6639                    26178.580000 16781.6364  35.9%   247  806s
  7966  6639 20164.1270 1158  230 26178.5800 16781.6364  35.9%   241  810s
  7975  6678 20339.9616 1162  211 26178.5800 16781.6364  35.9%   242  829s
  8024  7016 20483.6879 1176  243 26178.5800 16807.1691  35.8%   243  850s
  8520  7083 17212.6452   28  611 26178.5800 16807.1691  35.8%   234  873s
  8587  7243 17250.4404   30  607 26178.5800 16807.1691  35.8%   234  891s
  8747  7425 17859.0236   49  480 26178.5800 16807.1691  35.8%   233  910s
  8929  7783 18519.2209  100  338 26178.5800 16807.1691  35.8%   231  930s
  9205  7783 18691.1501  494  181 26178.5800 16807.1691  35.8%   227  935s
  9287  8430 19815.8500  186  162 26178.5800 16807.1691  35.8%   226  957s
  9502  8430 21518.6703  401  159 26178.5800 16807.1691  35.8%   222  960s
H 9705  8429                    26120.500000 16807.1691  35.7%   218  963s
  9808  8429 19278.0739  650  145 26120.5000 16807.1691  35.7%   216  965s
H 9940  7685                    23323.210000 16807.1691  27.9%   214  984s
  9986  7685     cutoff  645      23323.2100 16813.4009  27.9%   213  985s
 10060  8021 17397.2978   38  496 23323.2100 16813.4009  27.9%   213 1004s
H10112  7851                    23061.210000 16813.4009  27.1%   214 1004s
 10478  8154 17907.3100   90  288 23061.2100 16813.4009  27.1%   208 1023s
 10615  8154 18623.9345  227  243 23061.2100 16813.4009  27.1%   207 1025s
 10817  8328 19237.7504  328  221 23061.2100 16813.4009  27.1%   205 1044s
 10843  8328 19445.8256  354  206 23061.2100 16813.4009  27.1%   204 1045s
 10991  8586 20744.8084  480  216 23061.2100 16823.4599  27.0%   203 1064s
 11069  8586 21929.0253  558  228 23061.2100 16823.4599  27.0%   202 1065s
 11292  8655 17144.9431   35  580 23061.2100 16823.8453  27.0%   201 1081s
 11361  8800 17505.2519   68  466 23061.2100 16823.8453  27.0%   203 1095s
 11506  9080 18090.4756  137  322 23061.2100 16823.8453  27.0%   202 1112s
 11786  9292 18911.3302  295  312 23061.2100 16823.8453  27.0%   200 1131s
 11998  9771 19254.0192  408  291 23061.2100 16823.8453  27.0%   198 1150s
 12477 10095 20178.7648  670  363 23061.2100 16836.4259  27.0%   192 1173s
 12617 10095 21863.3875  668  245 23061.2100 16846.2355  26.9%   191 1175s
 12843 10163 17225.4123   46  552 23061.2100 16846.2355  26.9%   189 1190s
 12911 10276 17464.1927   81  439 23061.2100 16846.2355  26.9%   190 1203s
 13024 10472 17789.3061  157  318 23061.2100 16846.2355  26.9%   191 1217s
 13220 10683 18686.6691  300  284 23061.2100 16846.2355  26.9%   190 1234s
 13286 10683 18934.9184  366  277 23061.2100 16846.2355  26.9%   190 1235s
 13432 10985 19804.1232  420  282 23061.2100 16846.2355  26.9%   189 1249s
 13517 10985 20119.5386  505  288 23061.2100 16846.2355  26.9%   188 1250s
 13734 11219 20619.6049  617  269 23061.2100 16846.2355  26.9%   186 1267s
 13968 11460 22274.9837  752  246 23061.2100 16846.3713  26.9%   184 1284s
 14236 11687 17343.7919   42  545 23061.2100 16846.3713  26.9%   183 1301s
H14473 11693                    22918.210000 16846.3713  26.5%   182 1317s
 14571 11914 19367.2104  142  223 22918.2100 16867.6099  26.4%   183 1336s
 14806 12105 17251.2441   31  753 22918.2100 16867.6099  26.4%   182 1352s
 14997 12420 17775.5877   42  536 22918.2100 16867.6099  26.4%   182 1374s
 15098 12420 19199.5927  364  321 22918.2100 16867.6099  26.4%   182 1375s
H15326 12497                    22787.700000 16867.6099  26.0%   180 1391s
 15450 12686 20079.3472  189  222 22787.7000 16867.6099  26.0%   181 1407s
 15643 12780     cutoff  349      22787.7000 16879.7386  25.9%   180 1427s
H15650 12534                    22448.160000 16879.7386  24.8%   180 1427s
 15751 12773 17560.1078   30  644 22448.1600 16879.7386  24.8%   180 1442s
 15991 13130 17608.1608   36  515 22448.1600 16879.7386  24.8%   179 1460s
 16343 13130 21048.9317  744  238 22448.1600 16879.7386  24.8%   177 1465s
 16348 13275 17669.4415   42  551 22448.1600 16879.7386  24.8%   177 1479s
 16463 13275 21344.1829  856  227 22448.1600 16879.7386  24.8%   177 1480s
 16509 13329 17689.7984   46  572 22448.1600 16879.7386  24.8%   177 1492s
 16563 13449 17765.3544   52  527 22448.1600 16879.7386  24.8%   178 1504s
 16683 13562 17814.3034   57  543 22448.1600 16879.7386  24.8%   178 1519s
 16796 13843 17832.1348   63  567 22448.1600 16879.7386  24.8%   178 1534s
 17077 14192 17925.7595   75  311 22448.1600 16879.7386  24.8%   177 1550s
H17428 13676                    22003.320000 16879.7386  23.3%   175 1566s
 17566 13721 18059.3583   99  274 22003.3200 16879.7386  23.3%   175 1579s
 17615 13766 18121.7254  114  263 22003.3200 16879.7386  23.3%   176 1596s
 17660 13832 18151.9470  124  266 22003.3200 16879.7386  23.3%   177 1705s
 17726 13930 18212.5160  135  300 22003.3200 16879.7386  23.3%   178 1721s
 17824 14307 18233.2038  146  258 22003.3200 16879.7386  23.3%   178 1742s
 18210 14341 18271.2544  160  295 22003.3200 16879.7386  23.3%   176 1759s
 18237 14341     cutoff  551      22003.3200 16879.7386  23.3%   176 1760s
 18256 14381 18480.0996  173  299 22003.3200 16879.7386  23.3%   177 1772s
 18296 14416 18370.9708  186  336 22003.3200 16879.7386  23.3%   178 1787s
 18331 14467 18391.7917  197  320 22003.3200 16879.7386  23.3%   179 1801s
 18382 14521 18421.2275  213  284 22003.3200 16879.7386  23.3%   180 1815s
H18418 14477                    21978.120000 16879.7386  23.2%   180 1815s
 18436 14553 18450.1226  227  272 21978.1200 16879.7386  23.2%   181 1828s
 18512 14642 18466.9055  243  322 21978.1200 16879.7386  23.2%   181 1843s
 18601 14749 18479.4458  257  274 21978.1200 16879.7386  23.2%   182 1858s
H18637 14738                    21972.280000 16879.7386  23.2%   182 1860s
 18708 14828 18510.0594  275  300 21972.2800 16879.7386  23.2%   182 1875s
 18798 14902 18523.5984  289  282 21972.2800 16879.7386  23.2%   183 1891s
 18872 15000 18528.0008  303  255 21972.2800 16879.7386  23.2%   184 1906s
 18970 15129 18551.6138  318  251 21972.2800 16879.7386  23.2%   185 1922s
H18988 15034                    21900.000000 16879.7386  22.9%   185 1922s
 19099 15186 18560.0630  327  266 21900.0000 16879.7386  22.9%   184 1939s
 19251 15237 18572.9369  346  244 21900.0000 16879.7386  22.9%   185 1958s
 19316 15313 18587.8120  363  271 21900.0000 16879.7386  22.9%   186 1973s
 19392 15397 19003.0413  385  210 21900.0000 16879.7386  22.9%   187 1988s
 19476 15584 18863.6022  405  265 21900.0000 16879.7386  22.9%   187 2007s
 19688 15654 18896.5299  427  252 21900.0000 16879.7386  22.9%   187 2024s
 19721 15654 19185.4902  443  238 21900.0000 16879.7386  22.9%   188 2025s
 19758 15749 18928.8690  447  222 21900.0000 16879.7386  22.9%   188 2040s
 19853 15877 19020.9804  473  229 21900.0000 16879.7386  22.9%   189 2056s
 19981 16020 19094.1800  504  284 21900.0000 16879.7386  22.9%   189 2072s
 20124 16197 19171.5644  528  229 21900.0000 16879.7386  22.9%   189 2089s
 20301 16372 19218.7167  548  235 21900.0000 16879.7386  22.9%   189 2108s
 20476 16575 19264.3996  570  240 21900.0000 16879.7386  22.9%   189 2126s
 20679 16699 19290.3225  599  235 21900.0000 16879.7386  22.9%   189 2144s
 20728 16699 20490.8312  676  370 21900.0000 16879.7386  22.9%   189 2145s
 20819 16765 19541.3197  623  208 21900.0000 16879.7386  22.9%   189 2162s
 20885 16851 19605.1280  644  283 21900.0000 16879.7386  22.9%   190 2178s
 20971 17090 19668.1849  663  312 21900.0000 16879.7386  22.9%   190 2202s
 21222 17169 20030.2543  688  257 21900.0000 16879.7386  22.9%   190 2220s
 21301 17286 19863.7421  718  310 21900.0000 16879.7386  22.9%   191 2236s
 21418 17432 19955.2622  767  278 21900.0000 16879.7386  22.9%   191 2254s
 21487 17432 21075.8077  801  168 21900.0000 16879.7386  22.9%   191 2255s
 21568 17647 20907.5149  832  170 21900.0000 16879.7386  22.9%   192 2272s
H21742 17364                    21713.080000 16879.7386  22.3%   191 2274s
 21783 17601 21106.6045  908  164 21713.0800 16879.7386  22.3%   191 2292s
 22072 17713 21451.4116 1006  156 21713.0800 16906.0100  22.1%   191 2315s
 22258 17777 17328.0837   45  580 21713.0800 16908.7941  22.1%   191 2330s
 22322 17917 17674.3931   82  357 21713.0800 16908.7941  22.1%   192 2346s
 22462 18331 18859.9959  154  314 21713.0800 16909.7564  22.1%   192 2369s
 22566 18331 20231.3967  258  108 21713.0800 16909.7564  22.1%   192 2370s
H22705 18203                    21637.930000 16909.7564  21.9%   191 2371s
 22927 18236 17150.1916   45  496 21637.9300 16915.7005  21.8%   190 2389s
 22962 18305 17469.9878   64  542 21637.9300 16915.7005  21.8%   191 2404s
 23031 18391 17853.5942  105  390 21637.9300 16915.7005  21.8%   192 2420s
 23117 18768 18663.4205  149  267 21637.9300 16917.3008  21.8%   192 2446s
 23518 18809 17130.5278   39  633 21637.9300 16917.3008  21.8%   191 2466s
 23586 18892 17538.1852   61  547 21637.9300 16917.3008  21.8%   192 2480s
 23669 19013 18492.8531  115  280 21637.9300 16917.8427  21.8%   192 2499s
 23754 19013 20127.3160  190  176 21637.9300 16917.8427  21.8%   192 2500s
 23816 19113 17251.5542   48  536 21637.9300 16917.8427  21.8%   192 2516s
 23916 19266 17397.5679   54  533 21637.9300 16917.8427  21.8%   193 2533s
H24069 18863                    21432.930000 16917.8427  21.1%   193 2553s
 24283 18991 17509.9654   72  537 21432.9300 16917.8427  21.1%   193 2572s
 24425 18993 17657.2257   80  557 21432.9300 16917.8427  21.1%   193 2602s
H24426 18757                    21359.930000 16917.8427  20.8%   193 2602s
 24427 18800 17507.7848   82  487 21359.9300 16917.8427  20.8%   193 2618s
H24470 17766                    21018.290000 16917.8427  19.5%   194 2634s
 24480 17766 17796.3214   54  638 21018.2900 16917.8427  19.5%   194 2635s
 24509 17820 17693.4636  106  409 21018.2900 16917.8427  19.5%   195 2650s
 24563 17903 17875.1390  122  425 21018.2900 16917.8427  19.5%   195 2666s
 24646 18072 17913.4597  147  380 21018.2900 16917.8427  19.5%   196 2683s
 24815 18179 18052.7702  207  322 21018.2900 16917.8427  19.5%   196 2702s
 24922 18448 18136.6511  248  412 21018.2900 16917.8427  19.5%   195 2720s
 25191 18835 18286.8071  354  403 21018.2900 16917.8427  19.5%   194 2745s
 25531 18835 20529.2452  592  306 21018.2900 16917.8427  19.5%   193 2750s
 25592 18948 18526.9049  557  358 21018.2900 16917.8427  19.5%   193 2766s
 25709 19074 19351.2959  609  322 21018.2900 16917.8427  19.5%   193 2782s
 25835 19336 19854.1873  650  330 21018.2900 16917.8427  19.5%   194 2802s
 26065 19336 20090.3636  220  145 21018.2900 16917.8427  19.5%   193 2805s
 26097 19565 20207.7632  716  298 21018.2900 16917.8427  19.5%   193 2822s
 26296 19565 20535.4072  304  199 21018.2900 16917.8427  19.5%   192 2825s
 26346 19609 20627.1051  824  256 21018.2900 16928.0021  19.5%   192 2841s
 26426 19694 17752.9022   37  573 21018.2900 16928.0021  19.5%   193 2856s
 26511 20005 18573.6373   70  365 21018.2900 16928.0021  19.5%   194 2875s
 26832 20137     cutoff  277      21018.2900 16928.0319  19.5%   193 2895s
 26970 20287 17174.6737   46  463 21018.2900 16928.0319  19.5%   193 2913s
 27121 20599 17283.3612   54  460 21018.2900 16928.0319  19.5%   193 2935s
 27449 20637 17430.9268   64  468 21018.2900 16928.0319  19.5%   192 2954s
 27487 20687 17591.3307   74  346 21018.2900 16928.0319  19.5%   193 2969s
 27537 20773 17516.3756   86  405 21018.2900 16928.0319  19.5%   194 2985s
 27623 20926 17574.3214  101  318 21018.2900 16928.0319  19.5%   195 3005s
 27810 20996 17713.1897  121  328 21018.2900 16928.0319  19.5%   195 3022s
 27880 21066 17825.8017  140  303 21018.2900 16928.0319  19.5%   196 3038s
H27910 20262                    20744.200000 16928.0319  18.4%   196 3039s
 27950 20454 17925.2949  155  307 20744.2000 16928.0319  18.4%   196 3056s
H27992 19845                    20555.040000 16928.0319  17.6%   197 3056s
 28142 20205 18034.8975  176  275 20555.0400 16928.0319  17.6%   196 3076s
 28478 20205 18966.2755  540  307 20555.0400 16928.0319  17.6%   195 3080s
 28502 20355 18183.4583  210  196 20555.0400 16928.0319  17.6%   195 3098s
 28692 20459 18282.7874  252  255 20555.0400 16928.0319  17.6%   195 3116s
H28774 20439                    20549.200000 16928.0319  17.6%   195 3117s
 28802 20606 18415.5461  293  196 20549.2000 16928.0319  17.6%   196 3134s
 28880 20606 18580.3026  332  177 20549.2000 16928.0319  17.6%   196 3135s
 28969 20850 18601.3538  343  174 20549.2000 16928.0319  17.6%   196 3159s
 29070 20850 19197.4774  393  174 20549.2000 16928.0319  17.6%   196 3160s
 29234 21028 18813.2340  412  145 20549.2000 16928.0319  17.6%   196 3180s
 29412 21262 18922.1289  493  152 20549.2000 16928.0319  17.6%   196 3200s
 29648 21485 19146.4281  596  101 20549.2000 16943.5572  17.5%   197 3222s
 29956 21597 17135.5847   49  545 20549.2000 16943.5572  17.5%   196 3244s
 30020 21597 19682.0909  200  195 20549.2000 16943.5572  17.5%   196 3245s
 30079 21668 17571.8242   66  520 20549.2000 16943.5572  17.5%   196 3262s
 30150 21874 18718.1230  122  222 20549.2000 16948.0305  17.5%   197 3286s
 30384 21932 17575.1283   31  656 20549.2000 16948.0305  17.5%   197 3305s
 30442 22024 17929.3106   50  608 20549.2000 16948.0305  17.5%   197 3323s
 30534 22128 18739.7574   73  407 20549.2000 16948.0305  17.5%   198 3342s
 30641 22239 19514.0116  140  339 20549.2000 16949.2619  17.5%   199 3362s
 30779 22415 17443.4718   53  619 20549.2000 16949.2619  17.5%   199 3382s
 30981 22576 17906.7781   95  361 20549.2000 16949.2619  17.5%   199 3401s
 31142 22941 18283.4277  231  316 20549.2000 16949.2619  17.5%   199 3425s
 31529 23129 18888.5980  467  338 20549.2000 16950.2528  17.5%   198 3449s
 31581 23129 19127.1722  519  317 20549.2000 16950.2528  17.5%   198 3450s
 31732 23222 17141.2428   53  633 20549.2000 16950.2528  17.5%   198 3467s
 31825 23506 17602.2946   77  486 20549.2000 16950.2528  17.5%   198 3488s
 32050 23506 18727.0109  314  198 20549.2000 16950.2528  17.5%   198 3490s
 32109 23963 18257.5903  130  311 20549.2000 16950.2528  17.5%   197 3512s
 32341 23963 18912.6932  373  271 20549.2000 16950.2528  17.5%   197 3515s
 32587 24011 20418.9825  359  197 20549.2000 16950.8580  17.5%   196 3535s
 32657 24182 17371.0262   61  469 20549.2000 16950.8580  17.5%   196 3553s
 32828 24469 17891.9199   95  340 20549.2000 16950.8580  17.5%   196 3574s
 32906 24469 18565.6159  173  260 20549.2000 16950.8580  17.5%   196 3575s
 33135 24608 18715.6187  200  312 20549.2000 16950.8580  17.5%   196 3600s

Cutting planes:
  User: 6013
  Gomory: 71
  Cover: 700
  Implied bound: 90
  Clique: 12
  MIR: 694
  StrongCG: 2
  Flow cover: 1315
  Zero half: 47
  RLT: 492
  Relax-and-lift: 17
  Lazy constraints: 1107

Explored 33292 nodes (6537919 simplex iterations) in 3601.75 seconds
Thread count was 2 (of 32 available processors)

Solution count 10: 20549.2 20555 20744.2 ... 21972.3

Time limit reached
Best objective 2.054920000000e+04, best bound 1.695085800747e+04, gap 17.5109%

User-callback calls 520342, time in user-callback 306.80 sec
================================================================================
executing instance: ./input/Instances/Original/6/absH6high_1n20.dat
--------------------------------------------------------------------------------
Instance details
n	21
H	6
C	1651
Li:
[0, 0, 0, 0, 0, 0, 0, 0, 0, 0, 0, 0, 0, 0, 0, 0, 0, 0, 0, 0, 0, ]
Ui:
[0, 36, 182, 182, 90, 261, 117, 30, 110, 42, 276, 153, 40, 94, 144, 46, 129, 213, 264, 160, 174, ]
Distance matrix:
|0	371	401	343	361	341	370	115	392	400	79	266	292	245	355	431	265	194	95	92	348	|
|371	0	37	141	110	250	117	438	67	131	372	305	115	238	247	255	235	296	392	430	185	|
|401	37	0	175	100	284	146	472	90	156	406	342	152	275	280	282	242	333	415	455	178	|
|343	141	175	0	239	110	38	374	95	60	314	182	67	130	106	127	318	201	397	423	303	|
|361	110	100	239	0	341	222	451	177	240	385	374	190	304	341	361	151	345	354	398	78	|
|341	250	284	110	341	0	143	337	203	151	289	102	152	97	15	95	394	156	415	431	398	|
|370	117	146	38	222	143	0	407	61	30	346	220	81	167	137	139	317	237	417	447	292	|
|115	438	472	374	451	337	407	0	443	434	66	241	339	251	351	431	374	181	201	177	450	|
|392	67	90	95	177	203	61	443	0	66	379	275	104	216	197	193	294	283	427	461	252	|
|400	131	156	60	240	151	30	434	66	0	374	237	112	189	142	127	344	261	448	477	312	|
|79	372	406	314	385	289	346	66	379	374	0	202	275	197	304	383	316	134	175	166	388	|
|266	305	342	182	374	102	220	241	275	237	202	0	191	70	117	196	386	73	352	359	415	|
|292	115	152	67	190	152	81	339	104	112	275	191	0	123	154	193	252	183	336	366	246	|
|245	238	275	130	304	97	167	251	216	189	197	70	123	0	110	187	322	72	319	334	346	|
|355	247	280	106	341	15	137	351	197	142	304	117	154	110	0	80	399	171	427	444	400	|
|431	255	282	127	361	95	139	431	193	127	383	196	193	187	80	0	444	251	499	519	429	|
|265	235	242	318	151	394	317	374	294	344	316	386	252	322	399	444	0	332	226	273	97	|
|194	296	333	201	345	156	237	181	283	261	134	73	183	72	171	251	332	0	279	286	375	|
|95	392	415	397	354	415	417	201	427	448	175	352	336	319	427	499	226	279	0	47	321	|
|92	430	455	423	398	431	447	177	461	477	166	359	366	334	444	519	273	286	47	0	368	|
|348	185	178	303	78	398	292	450	252	312	388	415	246	346	400	429	97	375	321	368	0	|

--------------------------------------------------------------------------------
Building model...
	using lazy and cut (CVRPSEP package)
Solving IRP LP...
--------------------------------------------------------------------------------

Gurobi 9.1.0 (linux64) logging started Fri Jan 29 03:16:01 2021

Gurobi Optimizer version 9.1.0 build v9.1.0rc0 (linux64)
Thread count: 32 physical cores, 32 logical processors, using up to 2 threads
Optimize a model with 1881 rows, 6171 columns and 23367 nonzeros
Model fingerprint: 0x74e672f4
Variable types: 627 continuous, 5544 integer (504 binary)
Coefficient statistics:
  Matrix range     [1e+00, 4e+02]
  Objective range  [1e-01, 5e+02]
  Bounds range     [1e+00, 3e+02]
  RHS range        [1e+01, 3e+03]
Presolve removed 387 rows and 21 columns
Presolve time: 0.06s
Presolved: 1494 rows, 6150 columns, 20947 nonzeros
Variable types: 606 continuous, 5544 integer (5064 binary)

Root relaxation: objective 1.357215e+04, 2061 iterations, 0.07 seconds

    Nodes    |    Current Node    |     Objective Bounds      |     Work
 Expl Unexpl |  Obj  Depth IntInf | Incumbent    BestBd   Gap | It/Node Time

     0     0 13572.1487    0  197          - 13572.1487      -     -    0s
     0     0 13784.8472    0  225          - 13784.8472      -     -    0s
     0     0 13815.6122    0  219          - 13815.6122      -     -    0s
     0     0 13815.7761    0  223          - 13815.7761      -     -    0s
     0     0 14034.0417    0  249          - 14034.0417      -     -    0s
     0     0 14071.4704    0  255          - 14071.4704      -     -    0s
     0     0 14075.3906    0  235          - 14075.3906      -     -    1s
     0     0 14076.2525    0  254          - 14076.2525      -     -    1s
     0     0 14076.3083    0  254          - 14076.3083      -     -    1s
     0     0 14274.2138    0  290          - 14274.2138      -     -    1s
     0     0 14287.2937    0  273          - 14287.2937      -     -    1s
     0     0 14287.7868    0  296          - 14287.7868      -     -    1s
     0     0 14426.5662    0  355          - 14426.5662      -     -    1s
     0     0 14435.4903    0  352          - 14435.4903      -     -    2s
     0     0 14438.0008    0  352          - 14438.0008      -     -    2s
     0     0 14438.0008    0  360          - 14438.0008      -     -    2s
     0     0 14541.6742    0  329          - 14541.6742      -     -    2s
     0     0 14560.1260    0  353          - 14560.1260      -     -    2s
     0     0 14563.0883    0  399          - 14563.0883      -     -    2s
     0     0 14564.3519    0  368          - 14564.3519      -     -    2s
     0     0 14564.5336    0  384          - 14564.5336      -     -    2s
     0     0 14588.1360    0  387          - 14588.1360      -     -    3s
     0     0 14595.7930    0  416          - 14595.7930      -     -    3s
     0     0 14600.9188    0  371          - 14600.9188      -     -    3s
     0     0 14607.1413    0  357          - 14607.1413      -     -    3s
     0     0 14608.7422    0  388          - 14608.7422      -     -    3s
     0     0 14608.8224    0  415          - 14608.8224      -     -    3s
     0     0 14623.5706    0  316          - 14623.5706      -     -    4s
     0     0 14626.3744    0  374          - 14626.3744      -     -    4s
     0     0 14626.9894    0  338          - 14626.9894      -     -    4s
     0     0 14656.8854    0  325          - 14656.8854      -     -    4s
     0     0 14662.4489    0  381          - 14662.4489      -     -    5s
     0     0 14664.3698    0  358          - 14664.3698      -     -    5s
     0     0 14664.8967    0  388          - 14664.8967      -     -    5s
     0     0 14675.9859    0  367          - 14675.9859      -     -    5s
     0     0 14676.3973    0  395          - 14676.3973      -     -    5s
     0     0 14691.9267    0  370          - 14691.9267      -     -    5s
     0     0 14697.8816    0  380          - 14697.8816      -     -    6s
     0     0 14704.4287    0  360          - 14704.4287      -     -    6s
     0     0 14710.4612    0  399          - 14710.4612      -     -    6s
     0     0 14711.2690    0  410          - 14711.2690      -     -    6s
     0     0 14734.0336    0  415          - 14734.0336      -     -    6s
     0     0 14742.7835    0  399          - 14742.7835      -     -    7s
     0     0 14753.4845    0  449          - 14753.4845      -     -    7s
     0     0 14755.3301    0  496          - 14755.3301      -     -    7s
     0     0 14755.8118    0  434          - 14755.8118      -     -    7s
