




arguments: ./build/mirp_solver -f ./input/orig_exec_319.cfg
Current dir: /scratch/gui/bnc_mirp
File verbosity level: 9
date       time         ( uptime  ) [ thread name/id ]                   file:line     v| 
2021-01-18 01:59:44.440 (   0.081s) [main thread     ]             loguru.cpp:789   INFO| Logging to './output/vi_hc3/OU/V4/Original/execution_18_01_2021_01_59_44.log', mode: 'a', verbosity: 9
--------------------------------------------------------------------------------
Parameters
                           instance_path           ./input/Instances/Original/1/
                            model_policy                                       1
                             nb_vehicles                                       4
                              output_dir         ./output/vi_hc3/OU/V4/Original/
                            sec_strategy                                       1
                       solver_nb_threads                                       2
                         solver_show_log                                    true
                       solver_time_limit                                    3600
                              use_vi_cos                                   false
                              use_vi_cus                                   false
                         use_vi_hc1_full                                   false
                         use_vi_hc1_half                                   false
                      use_vi_hc1_quarter                                   false
                              use_vi_hc2                                   false
                              use_vi_hc3                                    true
                         use_vi_lex_full                                   false
                         use_vi_lex_half                                   false
                      use_vi_lex_quarter                                   false
                              use_vi_qua                                   false
                               use_vi_vc                                   false
                               use_vi_vr                                   false
--------------------------------------------------------------------------------
executing instance: ./input/Instances/Original/1/absH3high_1n5.dat
--------------------------------------------------------------------------------
Instance details
n	6
H	3
C	289
Li:
[0, 0, 0, 0, 0, 0, ]
Ui:
[0, 195, 105, 116, 72, 22, ]
Distance matrix:
|0	85	349	17	203	289	|
|85	0	265	102	214	226	|
|349	265	0	366	368	238	|
|17	102	366	0	207	302	|
|203	214	368	207	0	431	|
|289	226	238	302	431	0	|

--------------------------------------------------------------------------------
Building model...
	using lazy and cut (CVRPSEP package)
Solving IRP LP...
--------------------------------------------------------------------------------

Gurobi 9.1.0 (linux64) logging started Mon Jan 18 01:59:44 2021

Gurobi Optimizer version 9.1.0 build v9.1.0rc0 (linux64)
Thread count: 32 physical cores, 32 logical processors, using up to 2 threads
Optimize a model with 261 rows, 336 columns and 1374 nonzeros
Model fingerprint: 0x0f5d9f3b
Variable types: 84 continuous, 252 integer (72 binary)
Coefficient statistics:
  Matrix range     [1e+00, 2e+02]
  Objective range  [2e-01, 4e+02]
  Bounds range     [1e+00, 2e+02]
  RHS range        [1e+01, 5e+02]
Presolve removed 54 rows and 6 columns
Presolve time: 0.01s
Presolved: 207 rows, 330 columns, 1168 nonzeros
Variable types: 78 continuous, 252 integer (192 binary)
Found heuristic solution: objective 3586.7300000

Root relaxation: objective 1.817850e+03, 321 iterations, 0.01 seconds

    Nodes    |    Current Node    |     Objective Bounds      |     Work
 Expl Unexpl |  Obj  Depth IntInf | Incumbent    BestBd   Gap | It/Node Time

     0     0 1817.85045    0   31 3586.73000 1817.85045  49.3%     -    0s
H    0     0                    2921.3900000 1817.85045  37.8%     -    0s
H    0     0                    2860.3900000 1817.85045  36.4%     -    0s
     0     0 1984.10518    0   40 2860.39000 1984.10518  30.6%     -    0s
H    0     0                    2824.6500000 1984.10518  29.8%     -    0s
     0     0 2250.66673    0   31 2824.65000 2250.66673  20.3%     -    0s
     0     0 2250.66673    0   36 2824.65000 2250.66673  20.3%     -    0s
     0     0 2327.23822    0   74 2824.65000 2327.23822  17.6%     -    0s
     0     0 2339.15136    0   65 2824.65000 2339.15136  17.2%     -    0s
     0     0 2339.15136    0   65 2824.65000 2339.15136  17.2%     -    0s
     0     0 2364.80348    0   56 2824.65000 2364.80348  16.3%     -    0s
     0     0 2373.12503    0   79 2824.65000 2373.12503  16.0%     -    0s
     0     0 2373.12503    0   77 2824.65000 2373.12503  16.0%     -    0s
     0     0 2413.09261    0   65 2824.65000 2413.09261  14.6%     -    0s
H    0     0                    2703.3300000 2413.09261  10.7%     -    0s
     0     0 2419.39178    0   75 2703.33000 2419.39178  10.5%     -    0s
     0     0 2419.39856    0   71 2703.33000 2419.39856  10.5%     -    0s
     0     0 2437.13214    0  102 2703.33000 2437.13214  9.85%     -    0s
     0     0 2440.69112    0   51 2703.33000 2440.69112  9.72%     -    0s
     0     0 2441.74138    0   72 2703.33000 2441.74138  9.68%     -    0s
     0     0 2442.15578    0   75 2703.33000 2442.15578  9.66%     -    0s
     0     0 2464.70603    0   72 2703.33000 2464.70603  8.83%     -    0s
     0     0 2473.45779    0   74 2703.33000 2473.45779  8.50%     -    0s
     0     0 2473.45779    0   82 2703.33000 2473.45779  8.50%     -    0s
     0     0 2479.11926    0   70 2703.33000 2479.11926  8.29%     -    0s
     0     0 2480.61226    0   74 2703.33000 2480.61226  8.24%     -    0s
     0     0 2480.70644    0   84 2703.33000 2480.70644  8.24%     -    0s
     0     0 2483.64289    0   79 2703.33000 2483.64289  8.13%     -    0s
     0     0 2521.66035    0   62 2703.33000 2521.66035  6.72%     -    0s
     0     0 2524.71874    0   79 2703.33000 2524.71874  6.61%     -    0s
     0     0 2525.51458    0   84 2703.33000 2525.51458  6.58%     -    0s
     0     0 2537.74355    0   26 2703.33000 2537.74355  6.13%     -    0s
     0     0 2537.74355    0   25 2703.33000 2537.74355  6.13%     -    0s
     0     0 2537.74355    0   35 2703.33000 2537.74355  6.13%     -    0s
     0     0 2537.74355    0   52 2703.33000 2537.74355  6.13%     -    0s
     0     0 2551.92330    0   34 2703.33000 2551.92330  5.60%     -    0s
     0     0 2574.61252    0   42 2703.33000 2574.61252  4.76%     -    0s
     0     0 2574.61252    0   41 2703.33000 2574.61252  4.76%     -    0s
     0     0 2584.68133    0   49 2703.33000 2584.68133  4.39%     -    0s
     0     0 2589.35933    0   55 2703.33000 2589.35933  4.22%     -    0s
     0     0 2594.32681    0   62 2703.33000 2594.32681  4.03%     -    0s
     0     0 2595.44016    0   59 2703.33000 2595.44016  3.99%     -    0s
     0     0 2595.44988    0   61 2703.33000 2595.44988  3.99%     -    0s
     0     0 2605.40690    0   72 2703.33000 2605.40690  3.62%     -    0s
     0     0 2605.92669    0   89 2703.33000 2605.92669  3.60%     -    0s
     0     0 2611.26476    0   73 2703.33000 2611.26476  3.41%     -    0s
     0     0 2617.01021    0   60 2703.33000 2617.01021  3.19%     -    0s
     0     0 2647.64960    0   39 2703.33000 2647.64960  2.06%     -    0s
     0     0 2669.05421    0   36 2703.33000 2669.05421  1.27%     -    0s
     0     0 2694.70310    0    3 2703.33000 2694.70310  0.32%     -    0s
     0     0 2694.70310    0    3 2703.33000 2694.70310  0.32%     -    0s
     0     0 2694.70310    0   11 2703.33000 2694.70310  0.32%     -    0s
*    0     0               0    2703.3299430 2703.32994  0.00%     -    0s

Cutting planes:
  Gomory: 3
  Cover: 6
  Implied bound: 2
  Clique: 2
  MIR: 4
  Flow cover: 5
  Network: 1
  RLT: 4

Explored 1 nodes (3110 simplex iterations) in 0.90 seconds
Thread count was 2 (of 32 available processors)

Solution count 6: 2703.33 2703.33 2824.65 ... 3586.73

Optimal solution found (tolerance 1.00e-04)
Best objective 2.703329943046e+03, best bound 2.703329943046e+03, gap 0.0000%

User-callback calls 503, time in user-callback 0.03 sec
================================================================================
executing instance: ./input/Instances/Original/1/absH3high_1n45.dat
--------------------------------------------------------------------------------
Instance details
n	46
H	3
C	3462
Li:
[0, 0, 0, 0, 0, 0, 0, 0, 0, 0, 0, 0, 0, 0, 0, 0, 0, 0, 0, 0, 0, 0, 0, 0, 0, 0, 0, 0, 0, 0, 0, 0, 0, 0, 0, 0, 0, 0, 0, 0, 0, 0, 0, 0, 0, 0, ]
Ui:
[0, 273, 270, 36, 165, 192, 148, 45, 30, 75, 180, 198, 112, 117, 90, 64, 180, 22, 264, 174, 168, 270, 86, 66, 26, 66, 237, 156, 92, 108, 144, 72, 30, 45, 94, 54, 174, 96, 198, 136, 44, 180, 210, 249, 198, 48, ]
Distance matrix:
|0	281	201	160	249	201	93	431	236	139	252	136	116	166	390	110	349	374	303	180	327	464	236	70	44	461	346	439	363	254	312	426	305	206	71	137	169	200	247	260	20	219	256	253	460	278	|
|281	0	448	170	53	142	338	184	121	290	371	390	222	302	111	289	169	434	230	177	238	441	59	212	319	211	86	235	399	306	53	176	99	202	263	157	361	101	370	201	264	344	364	374	469	184	|
|201	448	0	285	430	325	114	556	361	171	191	64	228	174	546	294	453	306	364	289	388	435	393	254	157	585	491	536	318	254	490	554	436	407	266	292	108	388	186	337	207	181	205	190	408	364	|
|160	170	285	0	169	43	182	280	80	120	208	231	58	132	262	230	190	294	151	24	174	345	112	107	183	309	207	280	268	158	219	276	155	235	187	45	192	150	205	107	140	177	202	210	356	119	|
|249	53	430	169	0	152	317	238	145	282	377	369	212	299	157	242	215	452	261	183	273	474	76	181	290	264	140	287	421	320	63	229	145	148	221	142	352	53	374	226	234	346	370	378	498	215	|
|201	142	325	43	152	0	224	237	37	156	230	273	101	164	224	261	148	300	127	38	147	333	83	142	225	266	167	238	270	168	193	233	112	246	221	70	228	148	228	84	180	202	222	232	351	87	|
|93	338	114	182	317	224	0	460	262	92	180	52	124	112	440	199	364	307	292	191	317	415	284	140	57	490	387	452	304	208	377	457	336	297	163	181	84	274	175	256	95	152	188	180	402	280	|
|431	184	556	280	238	237	460	0	199	385	420	508	337	385	108	464	110	429	219	269	206	378	202	365	460	30	98	84	388	340	204	9	126	386	432	294	453	283	421	226	411	404	408	423	422	198	|
|236	121	361	80	145	37	262	199	0	191	255	310	138	197	191	290	114	312	118	72	133	330	69	175	262	229	132	204	279	186	174	195	75	258	251	102	262	153	254	81	216	230	246	257	353	72	|
|139	290	171	120	282	156	92	385	191	0	116	129	71	27	380	246	283	235	201	119	226	329	231	141	129	414	323	367	224	119	336	383	266	308	202	141	72	252	112	169	127	82	118	117	322	195	|
|252	371	191	208	377	230	180	420	255	116	0	187	178	90	443	361	311	127	204	195	224	246	313	257	232	446	382	380	129	81	423	421	320	422	318	242	100	355	5	195	241	34	15	2	225	224	|
|136	390	64	231	369	273	52	508	310	129	187	0	173	141	491	233	409	313	330	239	355	431	335	191	93	538	438	495	316	233	429	505	385	342	203	233	88	325	182	297	143	167	199	187	412	323	|
|116	222	228	58	212	101	124	337	138	71	178	173	0	91	319	206	244	284	187	69	212	357	165	85	130	367	265	333	264	151	267	333	213	244	161	70	140	181	175	145	97	145	177	180	359	165	|
|166	302	174	132	299	164	112	385	197	27	90	141	91	0	388	273	280	208	191	127	215	305	243	167	153	413	329	361	198	96	351	383	270	333	229	159	68	272	86	163	153	56	92	91	296	190	|
|390	111	546	262	157	224	440	108	191	380	443	491	319	388	0	399	164	480	264	261	261	456	156	320	426	125	62	186	442	369	107	99	125	300	374	260	452	210	443	252	372	420	433	446	494	227	|
|110	289	294	230	242	261	199	464	290	246	361	233	206	273	399	0	402	480	382	254	404	562	262	124	143	493	369	490	466	355	302	457	344	135	45	191	279	189	356	337	120	328	364	362	563	348	|
|349	169	453	190	215	148	364	110	114	283	311	409	244	280	164	402	0	324	110	174	101	292	151	289	372	135	109	90	284	230	212	111	70	354	364	216	348	245	312	118	329	295	298	313	330	90	|
|374	434	306	294	452	300	307	429	312	235	127	313	284	208	480	480	324	0	216	274	223	137	380	368	357	448	419	367	40	136	487	432	358	525	436	336	227	443	132	234	361	156	119	127	102	255	|
|303	230	364	151	261	127	292	219	118	201	204	330	187	191	264	382	110	216	0	128	25	213	185	258	314	243	203	176	178	123	282	221	144	372	338	193	256	270	206	45	283	193	191	206	239	46	|
|180	177	289	24	183	38	191	269	72	119	195	239	69	127	261	254	174	274	128	0	151	321	118	130	198	299	204	263	246	139	228	266	147	258	211	68	191	169	193	83	159	166	188	197	333	98	|
|327	238	388	174	273	147	317	206	133	226	224	355	212	215	261	404	101	223	25	151	0	203	198	281	339	228	202	156	184	143	288	209	146	390	362	215	280	286	226	68	308	215	210	226	235	61	|
|464	441	435	345	474	333	415	378	330	329	246	431	357	305	456	562	292	137	213	321	203	0	398	440	458	390	400	301	117	211	492	384	348	578	517	389	344	480	251	251	448	265	233	246	54	259	|
|236	59	393	112	76	83	284	202	69	231	313	335	165	243	156	262	151	380	185	118	198	398	0	167	270	231	110	233	347	250	110	195	85	203	230	103	303	95	311	150	217	284	305	315	422	139	|
|70	212	254	107	181	142	140	365	175	141	257	191	85	167	320	124	289	368	258	130	281	440	167	0	109	394	277	378	349	236	244	359	239	167	81	73	196	135	253	213	53	223	257	258	444	226	|
|44	319	157	183	290	225	57	460	262	129	232	93	130	153	426	143	372	357	314	198	339	458	270	109	0	490	379	462	351	247	353	456	334	250	110	168	140	243	226	274	56	201	238	232	449	294	|
|461	211	585	309	264	266	490	30	229	414	446	538	367	413	125	493	135	448	243	299	228	390	231	394	490	0	125	89	408	365	226	36	156	412	462	324	481	311	447	253	441	430	433	448	436	225	|
|346	86	491	207	140	167	387	98	132	323	382	438	265	329	62	369	109	419	203	204	202	400	110	277	379	125	0	155	381	307	113	90	63	288	339	211	394	186	382	190	327	359	371	384	436	165	|
|439	235	536	280	287	238	452	84	204	367	380	495	333	361	186	490	90	367	176	263	156	301	233	378	462	89	155	0	326	299	267	92	148	432	454	306	429	325	382	199	419	369	366	382	348	172	|
|363	399	318	268	421	270	304	388	279	224	129	316	264	198	442	466	284	40	178	246	184	117	347	349	351	408	381	326	0	113	452	391	321	502	422	311	229	415	134	199	348	152	118	130	98	219	|
|254	306	254	158	320	168	208	340	186	119	81	233	151	96	369	355	230	136	123	139	143	211	250	236	247	365	307	299	113	0	359	340	244	390	310	200	148	308	83	117	238	74	68	83	208	145	|
|312	53	490	219	63	193	377	204	174	336	423	429	267	351	107	302	212	487	282	228	288	492	110	244	353	226	113	267	452	359	0	195	145	194	283	199	407	115	421	254	296	394	415	425	521	237	|
|426	176	554	276	229	233	457	9	195	383	421	505	333	383	99	457	111	432	221	266	209	384	195	359	456	36	90	92	391	340	195	0	122	378	426	289	451	275	421	226	406	404	408	423	427	197	|
|305	99	436	155	145	112	336	126	75	266	320	385	213	270	125	344	70	358	144	147	146	348	85	239	334	156	63	148	321	244	145	122	0	286	310	168	336	177	320	128	285	298	309	322	381	103	|
|206	202	407	235	148	246	297	386	258	308	422	342	244	333	300	135	354	525	372	258	390	578	203	167	250	412	288	432	502	390	194	378	286	0	144	191	362	109	418	329	202	388	421	423	591	329	|
|71	263	266	187	221	221	163	432	251	202	318	203	161	229	374	45	364	436	338	211	362	517	230	81	110	462	339	454	422	310	283	426	310	144	0	150	239	168	313	294	77	285	321	319	518	306	|
|137	157	292	45	142	70	181	294	102	141	242	233	70	159	260	191	216	336	193	68	215	389	103	73	168	324	211	306	311	200	199	289	168	191	150	0	210	113	239	148	117	210	238	244	400	157	|
|169	361	108	192	352	228	84	453	262	72	100	88	140	68	452	279	348	227	256	191	280	344	303	196	140	481	394	429	229	148	407	451	336	362	239	210	0	318	95	231	164	79	111	100	325	258	|
|200	101	388	150	53	148	274	283	153	252	355	325	181	272	210	189	245	443	270	169	286	480	95	135	243	311	186	325	415	308	115	275	177	109	168	113	318	0	352	230	187	323	351	357	498	225	|
|247	370	186	205	374	228	175	421	254	112	5	182	175	86	443	356	312	132	206	193	226	251	311	253	226	447	382	382	134	83	421	421	320	418	313	239	95	352	0	196	237	30	19	6	230	224	|
|260	201	337	107	226	84	256	226	81	169	195	297	145	163	252	337	118	234	45	83	68	251	150	213	274	253	190	199	199	117	254	226	128	329	294	148	231	230	196	0	240	178	184	198	272	29	|
|20	264	207	140	234	180	95	411	216	127	241	143	97	153	372	120	329	361	283	159	308	448	217	53	56	441	327	419	348	238	296	406	285	202	77	117	164	187	237	240	0	208	245	242	446	257	|
|219	344	181	177	346	202	152	404	230	82	34	167	145	56	420	328	295	156	193	166	215	265	284	223	201	430	359	369	152	74	394	404	298	388	285	210	79	323	30	178	208	0	37	35	250	206	|
|256	364	205	202	370	222	188	408	246	118	15	199	177	92	433	364	298	119	191	188	210	233	305	257	238	433	371	366	118	68	415	408	309	421	321	238	111	351	19	184	245	37	0	17	214	212	|
|253	374	190	210	378	232	180	423	257	117	2	187	180	91	446	362	313	127	206	197	226	246	315	258	232	448	384	382	130	83	425	423	322	423	319	244	100	357	6	198	242	35	17	0	225	226	|
|460	469	408	356	498	351	402	422	353	322	225	412	359	296	494	563	330	102	239	333	235	54	422	444	449	436	436	348	98	208	521	427	381	591	518	400	325	498	230	272	446	250	214	225	0	285	|
|278	184	364	119	215	87	280	198	72	195	224	323	165	190	227	348	90	255	46	98	61	259	139	226	294	225	165	172	219	145	237	197	103	329	306	157	258	225	224	29	257	206	212	226	285	0	|

--------------------------------------------------------------------------------
Building model...
	using lazy and cut (CVRPSEP package)
Solving IRP LP...
--------------------------------------------------------------------------------

Gurobi 9.1.0 (linux64) logging started Mon Jan 18 01:59:47 2021

Gurobi Optimizer version 9.1.0 build v9.1.0rc0 (linux64)
Thread count: 32 physical cores, 32 logical processors, using up to 2 threads
Optimize a model with 2101 rows, 13696 columns and 49894 nonzeros
Model fingerprint: 0x13b2e0b5
Variable types: 724 continuous, 12972 integer (552 binary)
Coefficient statistics:
  Matrix range     [1e+00, 9e+02]
  Objective range  [1e-01, 6e+02]
  Bounds range     [1e+00, 3e+02]
  RHS range        [1e+01, 6e+03]
Presolve removed 454 rows and 46 columns
Presolve time: 0.10s
Presolved: 1647 rows, 13650 columns, 45299 nonzeros
Variable types: 678 continuous, 12972 integer (12432 binary)

Root relaxation: objective 1.313329e+04, 1455 iterations, 0.07 seconds

    Nodes    |    Current Node    |     Objective Bounds      |     Work
 Expl Unexpl |  Obj  Depth IntInf | Incumbent    BestBd   Gap | It/Node Time

     0     0 13133.2868    0  130          - 13133.2868      -     -    0s
     0     0 13462.0330    0  162          - 13462.0330      -     -    0s
     0     0 13808.2324    0  208          - 13808.2324      -     -    1s
     0     0 13821.1999    0  236          - 13821.1999      -     -    1s
     0     0 13828.3013    0  251          - 13828.3013      -     -    1s
     0     0 14028.8364    0  223          - 14028.8364      -     -    1s
     0     0 14032.0794    0  261          - 14032.0794      -     -    1s
     0     0 14032.5884    0  266          - 14032.5884      -     -    1s
     0     0 14083.3993    0  215          - 14083.3993      -     -    2s
     0     0 14096.3329    0  192          - 14096.3329      -     -    2s
     0     0 14096.3574    0  197          - 14096.3574      -     -    2s
     0     0 14190.2806    0  238          - 14190.2806      -     -    2s
     0     0 14200.5378    0  243          - 14200.5378      -     -    2s
     0     0 14204.4815    0  258          - 14204.4815      -     -    2s
     0     0 14211.1598    0  240          - 14211.1598      -     -    2s
     0     0 14211.2601    0  254          - 14211.2601      -     -    3s
     0     0 14266.8224    0  272          - 14266.8224      -     -    3s
     0     0 14357.1589    0  331          - 14357.1589      -     -    3s
     0     0 14365.4077    0  315          - 14365.4077      -     -    3s
     0     0 14367.0084    0  307          - 14367.0084      -     -    4s
     0     0 14369.1174    0  321          - 14369.1174      -     -    4s
     0     0 14369.2106    0  344          - 14369.2106      -     -    4s
     0     0 14397.5271    0  250          - 14397.5271      -     -    4s
     0     0 14399.7487    0  288          - 14399.7487      -     -    5s
     0     0 14402.4362    0  337          - 14402.4362      -     -    5s
     0     0 14402.8474    0  312          - 14402.8474      -     -    5s
     0     0 14410.0382    0  359          - 14410.0382      -     -    5s
     0     0 14410.0382    0  294          - 14410.0382      -     -    6s
     0     2 14410.0382    0  235          - 14410.0382      -     -    7s
    15    18 14466.5494    5  366          - 14410.3116      -   476   10s
    81    88 14598.4257   21  229          - 14410.3116      -   316   15s
   177   189 14974.5994   54  137          - 14410.3116      -   254   20s
   292   309 15325.9547   78  102          - 14410.3116      -   218   25s
   436   441 16097.8878  143   78          - 14410.3116      -   187   30s
   634   724 16576.1710  160   68          - 14410.3116      -   155   36s
   819   872 17563.2817  216   35          - 14410.3116      -   129   40s
   997   950 16686.4850  176  294          - 14414.6608      -   113   45s
  1012   960 18595.6333  293  269          - 14433.2983      -   112   50s
  1022   967 18340.8227  264  322          - 14473.5816      -   111   55s
  1037   977 14486.0498    7  384          - 14486.0498      -   109   60s
  1050   985 16234.4052  153  392          - 14489.9694      -   108   65s
  1058   991 16266.4902  149  302          - 14494.2834      -   107   70s
  1068   997 16209.1487  144  447          - 14498.1867      -   106   75s
  1083  1009 19279.3700  315  294          - 14498.4520      -   129   80s
  1100  1020 18617.9073  289  490          - 14498.4520      -   127   85s
  1108  1026 17688.4965  224  443          - 14498.7795      -   126   90s
  1118  1032 14692.2537   28  541          - 14507.9031      -   125   95s
  1137  1045 14514.7519    7  506          - 14514.7519      -   123  100s
  1152  1055 14713.2959   38  526          - 14515.7799      -   122  105s
  1155  1060 14516.6442   28  473          - 14516.6442      -   137  110s
  1165  1067 14521.0393   31  458          - 14519.2154      -   143  115s
  1178  1075 14526.3586   34  424          - 14525.9269      -   152  120s
  1199  1091 14535.8800   39  528          - 14530.7307      -   161  125s
  1224  1108 14579.0203   45  407          - 14530.7307      -   172  130s
  1254  1130 14654.3197   53  401          - 14530.7307      -   182  136s
  1280  1149 14693.8360   58  420          - 14530.7307      -   190  140s
  1319  1182 14723.6732   67  277          - 14530.7307      -   197  145s
  1387  1240 14972.4772   84  215          - 14530.7307      -   201  151s
  1441  1274 15092.7601  102  195          - 14530.7307      -   201  155s
  1487  1287 15142.3884  102  228          - 14530.7307      -   201  160s
  1526  1346 15244.8745  131  172          - 14530.7307      -   202  167s
  1606  1392 15433.0195  159  144          - 14530.7307      -   199  171s
  1641  1424 15609.8836  172  135          - 14530.7307      -   199  175s
  1731  1510 16267.5795  203  128          - 14530.7307      -   196  180s
  1878  1573 17688.2778  264   36          - 14530.8576      -   187  187s
  1954  1580 18764.4087  293   46          - 14530.8576      -   183  191s
  2025  1608 14662.3970   31  407          - 14547.8095      -   181  195s
  2068  1636 14706.8008   35  355          - 14547.8095      -   182  200s
  2108  1671 14710.6832   38  355          - 14547.8095      -   185  205s
  2166  1707 14758.8043   41  416          - 14547.8095      -   186  212s
  2193  1746 14749.1403   42  397          - 14547.8095      -   186  216s
  2241  1789 14764.4963   46  385          - 14547.8095      -   185  220s
  2304  1838 14974.3668   49  308          - 14547.8095      -   184  225s
  2374  1889 14918.7828   51  375          - 14547.8095      -   182  230s
  2472  1870 14956.4669   55  342          - 14547.8095      -   181  237s
  2494  1893 14979.7782   61  279          - 14547.8095      -   185  242s
  2514  1899 15129.1663   69  199          - 14547.8095      -   187  245s
  2541  1935 15215.1423   73  165          - 14547.8095      -   190  251s
  2572  1942 15335.6064   81  257          - 14547.8095      -   191  255s
  2622  1981 15639.4620   95  190          - 14547.8095      -   194  263s
  2645  1998 15671.6819  100  174          - 14547.8095      -   196  266s
  2670  2020 15697.1048  105  176          - 14547.8095      -   197  270s
  2720  2044 15721.4012  129  148          - 14547.8095      -   199  275s
  2774  2099 15946.2608  137  179          - 14547.8095      -   201  283s
  2814  2149 15994.1872  141  104          - 14547.8095      -   202  289s
  2858  2134 16035.8758  159   56          - 14547.8095      -   201  290s
  2877  2215 16098.8576  161   75          - 14547.8095      -   201  296s
  2964  2324 16505.9976  177   81          - 14547.8095      -   200  304s
  2992  2315 16579.9949  182   90          - 14547.8095      -   199  305s
  3102  2472 16877.5977  200   48          - 14547.8095      -   196  314s
  3139  2460 16934.9656  202   35          - 14547.8095      -   195  315s
  3296  2540 17182.8843  235   15          - 14547.8095      -   189  326s
  3508  2510 18316.6300  270    -          - 14547.8095      -   180  330s
  3538  2540 17460.4267  236    9          - 14550.1354      -   180  335s
  3585  2578 14670.6547   40  441          - 14550.1354      -   181  341s
  3634  2606 14685.0782   42  399          - 14550.1354      -   181  346s
  3678  2657 14755.5115   46  323          - 14550.1354      -   182  352s
  3748  2729 14811.0439   49  344          - 14550.1354      -   183  359s
  3845  2774 14852.3096   54  323          - 14550.1354      -   182  381s
  3955  2801 14905.1706   56  204          - 14550.1354      -   179  391s
  4036  2809 15014.1192   62  231          - 14550.1354      -   179  399s
  4062  2826 14948.8299   67  223          - 14550.1354      -   180  405s
  4088  2849 15018.8564   74  124          - 14550.1354      -   182  412s
  4120  2910 15048.6039   83  142          - 14550.1354      -   184  422s
  4201  2946 15664.8167  101   50          - 14550.1354      -   184  430s
  4260  3119 16381.6987  126   52          - 14552.2528      -   185  445s
  4514  3144 14613.7505   36  466          - 14552.2528      -   179  455s
  4536  3164 14697.9995   44  373          - 14552.2528      -   181  462s
  4556  3194 14766.9741   46  288          - 14552.2528      -   183  469s
  4586  3231 14829.2042   52  291          - 14552.2528      -   185  476s
  4625  3282 14918.3852   64  233          - 14552.2528      -   187  484s
  4642  3282 14958.1258   73  231          - 14552.2528      -   187  485s
  4676  3367 15046.5161   79  181          - 14552.2528      -   188  494s
  4761  3502 15216.3535  100  153          - 14552.2528      -   189  506s
  4898  3697 15592.7343  135   13          - 14552.5337      -   188  520s
  5191  3815 14701.7433   42  388          - 14552.5337      -   183  536s
  5268  4013 14756.7736   45  360          - 14552.5337      -   184  555s
  5468  4328 14870.2182   50  344          - 14552.5337      -   182  577s
  5924  4531 15021.3747   62  203          - 14552.5337      -   172  601s
  6151  4573 18390.6800  241   10          - 14552.5337      -   168  605s
  6196  4663 15094.8151   75  178          - 14552.5337      -   168  616s
  6264  4773 15260.3721   98  184          - 14552.5337      -   169  627s
  6374  5024 15563.1602  120  103          - 14558.1734      -   170  645s
  6825  5202 14766.0810   43  337          - 14558.1734      -   162  692s
  6905  5418 14862.7632   49  265          - 14558.1734      -   162  712s
  7142  5430 16486.3633  175   10          - 14558.1734      -   160  715s
  7181  5481 15117.6082   61  150          - 14558.1734      -   160  729s
  7215  5587 15120.9339   70  189          - 14558.1734      -   162  744s
  7249  5587 15270.0724   83   53          - 14558.1734      -   162  745s
  7321  5756 15546.9955  105   85          - 14560.7978      -   164  763s
  7443  5763 15930.6878  156    4          - 14560.7978      -   163  765s
  7571  5856 14833.9134   43  393          - 14560.7978      -   163  779s
  7593  5856 15031.5018   56  228          - 14560.7978      -   164  780s
  7647  6047 15043.7527   61  115          - 14560.7978      -   165  795s
  7842  6263 15463.0110  124   25          - 14563.7712      -   165  817s
  8021  6266 15953.2284  131   33          - 14563.8712      -   165  820s
  8100  6327 14981.9051   43  334          - 14563.8712      -   165  833s
  8148  6393 15215.6970   54  293          - 14563.8712      -   167  850s
  8214  6497 15370.6214   66  193          - 14563.8712      -   168  867s
  8318  6737 15631.6660   90  153          - 14563.8712      -   170  887s
  8454  6737 16101.2470  146   90          - 14563.8712      -   170  890s
  8558  7253 16160.0156  151   88          - 14567.9301      -   170  913s
  8660  7253 16808.2819  176   71          - 14567.9301      -   169  915s
  9106  7280 16610.5587  184   15          - 14567.9528      -   164  921s
  9253  7361 14732.1134   45  359          - 14567.9528      -   162  935s
  9296  7428 14918.1733   55  377          - 14567.9528      -   164  948s
  9363  7540 15193.7057   65  251          - 14567.9528      -   166  967s
  9477  7767 15417.0439   79  179          - 14567.9528      -   167  988s
  9557  7767 15691.1644  107   78          - 14567.9528      -   167  990s
  9747  7992 15617.6162  103  162          - 14568.5089      -   166 1012s
  9900  7996 16237.8247  144   11          - 14568.5089      -   165 1015s
 10045  8080 14842.0184   47  342          - 14568.5089      -   164 1029s
 10090  8180 14984.3356   57  182          - 14568.5089      -   166 1044s
 10107  8180 15282.2315   64  174          - 14568.5089      -   167 1045s
 10190  8434 15567.2822   91   36          - 14568.5698      -   167 1064s
 10241  8434 15764.5989  116   29          - 14568.5698      -   167 1065s
 10533  8750 14865.8197   44  373          - 14568.5698      -   165 1089s
 10550  8750 14883.8519   52  207          - 14568.5698      -   166 1090s
 10863  8916 15014.6999   57  170          - 14568.5698      -   164 1109s
 10882  8916 15088.3152   63  153          - 14568.5698      -   164 1110s
 11109  9032 15201.7285   74  146          - 14569.5723      -   163 1127s
 11218  9114 14833.0354   33  398          - 14569.5723      -   164 1141s
 11285  9283 15126.9501   47  164          - 14569.5723      -   165 1159s
 11336  9283 15509.3548   70   61          - 14569.5723      -   166 1160s
 11472  9618 15498.2572   73  116          - 14569.7370      -   165 1183s
 11574  9618 15919.8469  111   18          - 14569.7370      -   165 1185s
 11846  9661 16715.9655  186    7          - 14570.4158      -   163 1190s
 11910  9714 14711.4727   38  503          - 14570.4158      -   163 1203s
 11954  9773 15104.7479   49  223          - 14570.4158      -   164 1217s
 12013  9907 15287.8856   65  142          - 14570.4158      -   165 1233s
 12147 10320 15808.5413   98   75          - 14570.4158      -   166 1259s
 12198 10320 15938.2894  119   40          - 14570.4158      -   166 1260s
 12522 10332 16339.6533  128   12          - 14570.4158      -   164 1265s
 12707 10512 16828.0633  159   53          - 14571.1243      -   163 1282s
 12882 10624 15053.7527   43  217          - 14571.1243      -   163 1298s
 12955 10624 15236.8779   52  252          - 14571.1243      -   164 1300s
 12972 10800 15404.9667   66   89          - 14571.1243      -   164 1318s
 13092 10800 15943.1192  107   20          - 14571.1243      -   164 1320s
 13150 11120 15768.2944  105   14          - 14571.1830      -   164 1341s
 13557 11276 14774.7956   36  395          - 14571.1830      -   162 1364s
 13578 11276 16885.5345  171   17          - 14571.1830      -   163 1365s
 13696 11329 15063.8992   46  294          - 14571.1830      -   162 1379s
 13739 11385 15202.4698   54  336          - 14571.1830      -   163 1392s
 13795 11458 15371.5869   62  198          - 14571.1830      -   165 1407s
 13868 11614 15510.9521   79  147          - 14571.1830      -   166 1427s
 14000 11618 15320.6475   68  266          - 14571.1830      -   166 1431s
 14034 11875 15945.9571   99   97          - 14571.1830      -   166 1452s
 14204 11888 16703.0281  164   27          - 14571.1830      -   166 1455s
 14365 12126 16425.5500  133   18          - 14571.4015      -   165 1476s
 14685 12267 14937.7539   36  312          - 14571.4015      -   164 1571s
 14784 12553 15153.4463   51  238          - 14571.4015      -   165 1594s
 14835 12553 15416.6835   66  169          - 14571.4015      -   165 1595s
 15163 12618 18467.5145  236   10          - 14571.4015      -   162 1600s
 15230 12753 15534.9814   67  157          - 14571.4015      -   162 1619s
 15281 12753 15599.7846   89   81          - 14571.4015      -   162 1620s
 15356 12951 15739.9239  106   28          - 14575.0191      -   163 1642s
 15545 12972 17461.1791  170   10          - 14575.0191      -   162 1645s
 15647 13070 14924.8962   38  343          - 14575.0191      -   162 1661s
 15724 13199 15070.6167   50  344          - 14575.0191      -   163 1679s
 15799 13199 15714.6498   83   73          - 14575.0191      -   164 1680s
 15853 13586 15315.4771   64  257          - 14575.0191      -   164 1714s
 15870 13586 15342.3324   74  220          - 14575.0191      -   164 1715s
 16121 13589 16318.6300  139    -          - 14575.0191      -   163 1720s
 16448 13693 18049.1311  205   10          - 14575.0191      -   160 1725s
 16520 13812 15433.7209   78   81          - 14575.0191      -   160 1740s
 16615 14037 15705.9834  104   32          - 14575.0191      -   161 1760s
 16860 14356 16442.7043  136   59          - 14577.7183      -   161 1792s
 17030 14360 17557.2533  185    6          - 14577.7183      -   160 1795s
 17267 14452 15139.6546   39  301          - 14579.6199      -   160 1812s
 17319 14545 15455.3467   48  285          - 14579.6199      -   161 1828s
 17412 14736 15624.0189   65   44          - 14579.6825      -   161 1851s
 17677 14960 14872.4983   49  315          - 14579.6825      -   161 1874s
 17695 14960 15074.7362   60  215          - 14579.6825      -   161 1875s
 17938 15094 15147.6810   69  225          - 14579.6825      -   161 1896s
 18089 15234 15467.7375   80  211          - 14579.6825      -   161 1916s
 18207 15339 15841.7531  119   38          - 14584.6175      -   162 1932s
 18340 15436 15051.9333   57  283          - 14584.6175      -   162 1949s
 18394 15436 15235.4104   55  257          - 14584.6175      -   162 1950s
 18425 15616 15311.3448   82  159          - 14584.6175      -   163 1966s
 18605 15825 16043.7311  124  112          - 14586.5719      -   163 1989s
 18658 15825 16565.9179  151  101          - 14586.5719      -   163 1990s
 18860 15982 14997.6305   38  287          - 14586.5719      -   163 2010s
 19064 16047 15142.2377   47  309          - 14586.5719      -   163 2028s
 19108 16109 15288.3853   58  268          - 14586.5719      -   163 2043s
 19172 16242 15468.4277   72  193          - 14586.5719      -   164 2065s
 19333 16462 16057.3041   94   56          - 14589.5617      -   165 2085s
 19574 16576 14815.1673   41  352          - 14589.5617      -   165 2104s
 19692 16687 15217.9556   53  211          - 14589.5617      -   165 2123s
 19799 16916 15511.8584   78  156          - 14597.4465      -   166 2147s
 19969 16921 16210.2900  158    8          - 14597.4465      -   165 2150s
 20073 17046 14802.2305   44  366          - 14597.4465      -   165 2166s
 20182 17290 15170.5944   56  239          - 14597.4465      -   166 2191s
 20387 17301 16993.7632  173   25          - 14597.4465      -   165 2195s
 20519 17406 15241.0544   71  207          - 14597.4465      -   165 2210s
 20596 17701 15516.8924   93  143          - 14599.8723      -   165 2238s
 20682 17704 16051.9127  128    4          - 14599.8723      -   165 2240s
 21010 17776 18070.4400  206    8          - 14599.8723      -   163 2245s
 21115 17902 14657.1592   37  449          - 14599.8723      -   163 2262s
 21212 18015 15201.3130   51  284          - 14599.8723      -   164 2282s
 21346 18260 15437.4958   68  105          - 14600.2032      -   164 2309s
 21414 18260 15665.8965   92   21          - 14600.2032      -   164 2310s
 21646 18421 14804.5233   45  354          - 14600.2032      -   164 2329s
 21676 18421 15199.3696   62  184          - 14600.2032      -   164 2330s
 21808 18670 15186.1587   64  163          - 14601.2160      -   164 2353s
 21894 18670 15444.0800   94    2          - 14601.2160      -   164 2355s
 22139 18758 14846.0150   31  324          - 14601.2667      -   163 2372s
 22185 18834 15182.4046   43  289          - 14601.2667      -   164 2387s
 22261 18957 15363.5048   57  176          - 14601.2667      -   164 2404s
 22304 18957 15566.5837   75  150          - 14601.2667      -   164 2405s
 22384 19314 15778.7158   83  124          - 14601.2667      -   165 2430s
 22755 19866 16535.5121  131   86          - 14601.8406      -   164 2463s
 22908 19871 17251.6965  197   10          - 14601.8406      -   163 2465s
 23485 19991 14931.5129   43  384          - 14612.2235      -   161 2493s
 23528 20049 15461.9156   60  265          - 14612.2235      -   161 2507s
 23586 20118 15577.7228   69  260          - 14612.2235      -   162 2523s
 23655 20260 15980.9622   80  173          - 14612.2235      -   162 2539s
 23689 20260 16063.9495   89  195          - 14612.2235      -   162 2540s
 23797 20591 16316.2723  101  167          - 14612.4376      -   163 2563s
 23933 20591 16762.2222  140   31          - 14612.4376      -   162 2565s
 24208 20895 14723.2020   39  367          - 14612.4376      -   162 2589s
 24243 20895 17033.0879  170   74          - 14612.4376      -   162 2590s
 24575 20983 15189.6027   52  332          - 14612.4376      -   161 2608s
 24621 21053 15269.0156   65  262          - 14612.4376      -   161 2622s
 24691 21147 15567.6673   83  224          - 14612.4376      -   162 2638s
 24785 21331 15940.7306  104   46          - 14612.4376      -   162 2658s
 24853 21331 16392.2362  126   82          - 14612.4376      -   162 2660s
 24976 21624 16498.4465  128   54          - 14613.8951      -   162 2685s
 25284 21685 18902.0800  242    8          - 14613.8951      -   161 2690s
 25453 21955 14965.5643   44  388          - 14613.8951      -   161 2720s
 25729 22203 15128.0801   51  329          - 14613.8951      -   160 2749s
 25993 22411 15282.6394   54  353          - 14613.8951      -   160 2776s
 26168 22418 20062.2000  293   23          - 14613.8951      -   160 2780s
 26255 22480 15479.4733   61  292          - 14613.8951      -   159 2795s
 26297 22581 15479.9880   65  260          - 14613.8951      -   160 2812s
 26398 22816 15557.1918   68  250          - 14613.8951      -   160 2840s
 26633 22820 16577.1200  150   12          - 14613.8951      -   160 2845s
 26645 22995 15702.5437   84  142          - 14613.8951      -   160 2868s
 26713 22995 15869.3351   93  138          - 14613.8951      -   160 2870s
 26838 23086 15932.0908   97  142          - 14613.8951      -   160 2889s
 26856 23086 15980.4295   98  111          - 14613.8951      -   160 2890s
 26922 23211 16071.8750  109  118          - 14613.8951      -   161 2908s
 27007 23211 16393.1325  124   72          - 14613.8951      -   161 2910s
 27047 23487 16209.6777  129   49          - 14613.8951      -   161 2935s
 27366 23540 17673.2500  207    6          - 14613.8951      -   160 2940s
 27519 23700 16702.8396  154   67          - 14615.5650      -   159 2958s
 27655 23723 17665.7500  211    -          - 14615.5650      -   159 2960s
 27734 23827 15019.7788   46  184          - 14615.5650      -   159 2977s
 27823 24024 15246.2187   58  160          - 14615.5650      -   160 3000s
