




arguments: ./build/mirp_solver -f ./input/orig_exec_345.cfg
Current dir: /scratch/gui/bnc_mirp
File verbosity level: 9
date       time         ( uptime  ) [ thread name/id ]                   file:line     v| 
2021-01-23 13:04:50.115 (   0.043s) [main thread     ]             loguru.cpp:789   INFO| Logging to './output/vi_hc3/OU/V4/Original/execution_23_01_2021_13_04_50.log', mode: 'a', verbosity: 9
--------------------------------------------------------------------------------
Parameters
                           instance_path           ./input/Instances/Original/3/
                            model_policy                                       1
                             nb_vehicles                                       4
                              output_dir         ./output/vi_hc3/OU/V4/Original/
                            sec_strategy                                       1
                       solver_nb_threads                                       2
                         solver_show_log                                    true
                       solver_time_limit                                    3600
                              use_vi_cos                                   false
                              use_vi_cus                                   false
                         use_vi_hc1_full                                   false
                         use_vi_hc1_half                                   false
                      use_vi_hc1_quarter                                   false
                              use_vi_hc2                                   false
                              use_vi_hc3                                    true
                         use_vi_lex_full                                   false
                         use_vi_lex_half                                   false
                      use_vi_lex_quarter                                   false
                              use_vi_qua                                   false
                               use_vi_vc                                   false
                               use_vi_vr                                   false
--------------------------------------------------------------------------------
executing instance: ./input/Instances/Original/3/absH3low_2n5.dat
--------------------------------------------------------------------------------
Instance details
n	6
H	3
C	237
Li:
[0, 0, 0, 0, 0, 0, ]
Ui:
[0, 93, 180, 51, 114, 24, ]
Distance matrix:
|0	170	318	35	112	235	|
|170	0	311	205	258	301	|
|318	311	0	326	278	137	|
|35	205	326	0	89	230	|
|112	258	278	89	0	160	|
|235	301	137	230	160	0	|

--------------------------------------------------------------------------------
Building model...
	using lazy and cut (CVRPSEP package)
Solving IRP LP...
--------------------------------------------------------------------------------

Gurobi 9.1.0 (linux64) logging started Sat Jan 23 13:04:50 2021

Gurobi Optimizer version 9.1.0 build v9.1.0rc0 (linux64)
Thread count: 32 physical cores, 32 logical processors, using up to 2 threads
Optimize a model with 261 rows, 336 columns and 1374 nonzeros
Model fingerprint: 0x95c1d9d4
Variable types: 84 continuous, 252 integer (72 binary)
Coefficient statistics:
  Matrix range     [1e+00, 2e+02]
  Objective range  [1e-02, 3e+02]
  Bounds range     [1e+00, 2e+02]
  RHS range        [1e+01, 5e+02]
Presolve removed 54 rows and 23 columns
Presolve time: 0.00s

Explored 0 nodes (0 simplex iterations) in 0.01 seconds
Thread count was 1 (of 32 available processors)

Solution count 0

Model is infeasible
Best objective -, best bound -, gap -

User-callback calls 34, time in user-callback 0.00 sec

Computing Irreducible Inconsistent Subsystem (IIS)...

           Constraints          |            Bounds           |  Runtime
      Min       Max     Guess   |   Min       Max     Guess   |
--------------------------------------------------------------------------
        0       231         -         0       464         -           0s
       30        30         -        49        49         -           0s

IIS computed: 30 constraints, 49 bounds
IIS runtime: 0.44 seconds
================================================================================
executing instance: ./input/Instances/Original/3/absH3high_5n30.dat
--------------------------------------------------------------------------------
Instance details
n	31
H	3
C	2296
Li:
[0, 0, 0, 0, 0, 0, 0, 0, 0, 0, 0, 0, 0, 0, 0, 0, 0, 0, 0, 0, 0, 0, 0, 0, 0, 0, 0, 0, 0, 0, 0, ]
Ui:
[0, 80, 90, 297, 28, 264, 123, 192, 112, 32, 72, 88, 294, 129, 126, 105, 110, 237, 246, 92, 72, 147, 54, 96, 128, 96, 84, 28, 74, 196, 192, ]
Distance matrix:
|0	87	302	65	389	171	219	120	412	339	129	63	169	401	383	158	393	161	246	275	64	287	345	235	13	274	106	201	85	358	135	|
|87	0	334	128	402	212	301	204	465	384	187	145	232	424	454	238	475	245	289	352	80	307	352	321	81	352	20	261	170	376	215	|
|302	334	0	239	113	132	237	334	157	70	404	263	162	105	227	229	339	251	65	217	259	53	107	352	293	220	339	134	270	75	235	|
|65	128	239	0	330	107	175	130	348	275	174	40	107	339	326	114	351	125	181	224	58	228	290	222	58	224	143	138	65	297	92	|
|389	402	113	330	0	226	349	438	210	151	502	360	269	48	316	339	441	362	175	328	335	102	55	465	377	330	401	245	371	37	342	|
|171	212	132	107	226	0	169	214	253	173	276	134	64	233	261	130	326	153	77	188	133	125	192	264	162	190	220	68	145	193	125	|
|219	301	237	175	349	169	0	157	257	223	244	157	105	334	180	62	175	61	177	63	233	264	334	118	221	61	317	112	136	312	85	|
|120	204	334	130	438	214	157	0	402	348	88	90	173	438	336	115	307	100	269	220	172	338	406	122	130	218	224	204	69	403	101	|
|412	465	157	348	210	253	257	402	0	88	486	359	245	166	129	287	266	303	178	204	386	208	239	370	406	207	473	212	354	187	304	|
|339	384	70	275	151	173	223	348	88	0	427	291	179	120	166	234	290	254	96	187	306	123	166	342	332	190	391	145	291	119	247	|
|129	187	404	174	502	276	244	88	486	427	0	142	248	508	424	200	390	187	342	308	193	400	464	192	142	306	207	281	136	469	182	|
|63	145	263	40	360	134	157	90	359	291	142	0	114	366	321	95	331	99	202	212	90	258	323	186	65	211	163	148	27	327	72	|
|169	232	162	107	269	64	105	173	245	179	248	114	0	266	222	71	268	94	97	131	155	173	244	203	164	132	245	34	113	233	73	|
|401	424	105	339	48	233	334	438	166	120	508	366	266	0	280	332	409	355	169	305	353	117	96	452	391	308	425	237	374	49	339	|
|383	454	227	326	316	261	180	336	129	166	424	321	222	280	0	231	137	238	208	116	376	277	331	272	381	118	467	197	307	285	253	|
|158	238	229	114	339	130	62	115	287	234	200	95	71	332	231	0	238	23	164	118	171	243	314	134	159	117	255	95	77	302	23	|
|393	475	339	351	441	326	175	307	266	290	390	331	268	409	137	238	0	232	300	138	408	383	445	204	395	136	492	258	308	406	260	|
|161	245	251	125	362	153	61	100	303	254	187	99	94	355	238	23	232	0	187	123	183	267	338	111	164	121	262	117	77	325	34	|
|246	289	65	181	175	77	177	269	178	96	342	202	97	169	208	164	300	187	0	168	210	87	157	290	238	171	296	70	206	138	170	|
|275	352	217	224	328	188	63	220	204	187	308	212	131	305	116	118	138	123	168	0	279	255	322	166	275	3	367	120	195	291	141	|
|64	80	259	58	335	133	233	172	386	306	193	90	155	353	376	171	408	183	210	279	0	236	289	276	51	279	90	182	117	307	150	|
|287	307	53	228	102	125	264	338	208	123	400	258	173	117	277	243	383	267	87	255	236	0	71	374	276	257	308	153	270	71	245	|
|345	352	107	290	55	192	334	406	239	166	464	323	244	96	331	314	445	338	157	322	289	71	0	445	334	325	350	224	337	54	315	|
|235	321	352	222	465	264	118	122	370	342	192	186	203	452	272	134	204	111	290	166	276	374	445	0	243	164	341	221	159	428	142	|
|13	81	293	58	377	162	221	130	406	332	142	65	164	391	381	159	395	164	238	275	51	276	334	243	0	274	100	196	89	347	136	|
|274	352	220	224	330	190	61	218	207	190	306	211	132	308	118	117	136	121	171	3	279	257	325	164	274	0	367	122	194	294	140	|
|106	20	339	143	401	220	317	224	473	391	207	163	245	425	467	255	492	262	296	367	90	308	350	341	100	367	0	272	188	377	232	|
|201	261	134	138	245	68	112	204	212	145	281	148	34	237	197	95	258	117	70	120	182	153	224	221	196	122	272	0	146	208	103	|
|85	170	270	65	371	145	136	69	354	291	136	27	113	374	307	77	308	77	206	195	117	270	337	159	89	194	188	146	0	337	54	|
|358	376	75	297	37	193	312	403	187	119	469	327	233	49	285	302	406	325	138	291	307	71	54	428	347	294	377	208	337	0	306	|
|135	215	235	92	342	125	85	101	304	247	182	72	73	339	253	23	260	34	170	141	150	245	315	142	136	140	232	103	54	306	0	|

--------------------------------------------------------------------------------
Building model...
	using lazy and cut (CVRPSEP package)
Solving IRP LP...
--------------------------------------------------------------------------------

Gurobi 9.1.0 (linux64) logging started Sat Jan 23 13:04:51 2021

Gurobi Optimizer version 9.1.0 build v9.1.0rc0 (linux64)
Thread count: 32 physical cores, 32 logical processors, using up to 2 threads
Optimize a model with 1411 rows, 6436 columns and 23824 nonzeros
Model fingerprint: 0xf8bd0fa4
Variable types: 484 continuous, 5952 integer (372 binary)
Coefficient statistics:
  Matrix range     [1e+00, 6e+02]
  Objective range  [1e-01, 5e+02]
  Bounds range     [1e+00, 3e+02]
  RHS range        [1e+01, 4e+03]
Presolve removed 304 rows and 31 columns
Presolve time: 0.06s
Presolved: 1107 rows, 6405 columns, 21518 nonzeros
Variable types: 453 continuous, 5952 integer (5592 binary)

Root relaxation: objective 8.994719e+03, 1104 iterations, 0.05 seconds

    Nodes    |    Current Node    |     Objective Bounds      |     Work
 Expl Unexpl |  Obj  Depth IntInf | Incumbent    BestBd   Gap | It/Node Time

     0     0 8994.71908    0  112          - 8994.71908      -     -    0s
     0     0 9223.65468    0  127          - 9223.65468      -     -    0s
     0     0 9260.02871    0  125          - 9260.02871      -     -    0s
     0     0 9260.02871    0  125          - 9260.02871      -     -    0s
     0     0 9625.18731    0  165          - 9625.18731      -     -    0s
     0     0 9651.75333    0  173          - 9651.75333      -     -    0s
     0     0 9660.65670    0  175          - 9660.65670      -     -    0s
     0     0 9660.65670    0  181          - 9660.65670      -     -    0s
     0     0 9785.54578    0  154          - 9785.54578      -     -    0s
     0     0 9786.30354    0  146          - 9786.30354      -     -    0s
     0     0 9786.30354    0  140          - 9786.30354      -     -    0s
     0     0 9891.54115    0  211          - 9891.54115      -     -    1s
     0     0 9904.73870    0  189          - 9904.73870      -     -    1s
     0     0 9907.10808    0  191          - 9907.10808      -     -    1s
     0     0 9907.10808    0  197          - 9907.10808      -     -    1s
     0     0 9953.39996    0  198          - 9953.39996      -     -    1s
     0     0 9954.29758    0  218          - 9954.29758      -     -    1s
     0     0 9960.93666    0  221          - 9960.93666      -     -    1s
     0     0 9960.93666    0  205          - 9960.93666      -     -    2s
     0     2 9965.90914    0  205          - 9965.90914      -     -    2s
    39    42 10017.6263   14  250          - 9970.81491      -   261    5s
   145   151 10331.3543   47  215          - 9970.81491      -   231   10s
   300   303 11087.2140  110  106          - 9970.81491      -   187   15s
   558   623 13472.5571  226   43          - 9970.81491      -   146   20s
*  652   653             265    14190.190000 9970.81491  29.7%   131   21s
   754   743 10218.2303    9  219 14190.1900 9970.81491  29.7%   129   25s
   839   785 11807.1832  118  205 14190.1900 9970.81491  29.7%   128   30s
H  840   746                    13986.190000 9970.81491  28.7%   128   30s
   859   758 10831.5978   83  323 13986.1900 10069.1588  28.0%   125   35s
H  863   723                    13663.190000 10080.6506  26.2%   125   36s
   879   734 10195.1011   32  324 13663.1900 10087.4476  26.2%   122   40s
   896   745 10104.7041   10  388 13663.1900 10104.7041  26.0%   120   45s
H  906   715                    13660.190000 10105.1177  26.0%   139   48s
H  907   679                    13341.790000 10105.1177  24.3%   138   48s
   916   685 10307.6843   17  367 13341.7900 10105.1177  24.3%   137   50s
   932   696 11722.5271  124  427 13341.7900 10111.7120  24.2%   135   55s
   943   703 10460.9898   61  435 13341.7900 10118.2061  24.2%   133   60s
   958   713 12468.0504  193  498 13341.7900 10119.9397  24.1%   131   65s
   973   723 13341.7900  217  478 13341.7900 10124.0267  24.1%   129   70s
   976   728 10127.4436   20  382 13341.7900 10124.8352  24.1%   143   75s
   984   734 10133.1736   22  384 13341.7900 10133.1736  24.0%   146   80s
H 1001   709                    13330.790000 10135.9723  24.0%   153   84s
  1008   715 10170.1276   29  289 13330.7900 10135.9723  24.0%   155   85s
  1036   737 10233.5988   36  319 13330.7900 10135.9723  24.0%   165   90s
  1078   765 10292.3653   47  343 13330.7900 10135.9723  24.0%   178   95s
  1114   785 10353.7751   57  246 13330.7900 10135.9723  24.0%   188  103s
  1128   803 10385.6931   60  246 13330.7900 10135.9723  24.0%   191  105s
  1166   831 10469.0907   70  245 13330.7900 10135.9723  24.0%   199  110s
  1205   851 10520.2654   82  274 13330.7900 10135.9723  24.0%   206  115s
  1249   888 10561.6950   95  251 13330.7900 10135.9723  24.0%   211  121s
  1276   905 10587.7486  103  258 13330.7900 10135.9723  24.0%   216  125s
  1326   939 10620.2665  116  254 13330.7900 10135.9723  24.0%   223  132s
  1362   962 10635.6049  125  270 13330.7900 10135.9723  24.0%   229  137s
  1400   987 10656.3301  134  313 13330.7900 10135.9723  24.0%   233  142s
  1441  1022 10798.0573  143  316 13330.7900 10135.9723  24.0%   239  147s
  1493  1057 10741.4364  156  220 13330.7900 10135.9723  24.0%   244  152s
  1516  1074 10754.7247  161  220 13330.7900 10135.9723  24.0%   246  155s
  1566  1109 10808.5718  172  247 13330.7900 10135.9723  24.0%   250  162s
  1592  1127 10867.9483  178  231 13330.7900 10135.9723  24.0%   251  167s
  1619  1138 11043.5665  184  220 13330.7900 10135.9723  24.0%   251  170s
  1639  1163 11008.2145  188  200 13330.7900 10135.9723  24.0%   252  175s
  1701  1226 11127.1431  205  205 13330.7900 10135.9723  24.0%   253  183s
  1754  1234 11157.3964  220  230 13330.7900 10135.9723  24.0%   252  187s
  1780  1271 11171.1862  225  181 13330.7900 10135.9723  24.0%   253  191s
  1826  1308 11237.6844  238  209 13330.7900 10135.9723  24.0%   253  195s
  1878  1329 11262.0288  251  207 13330.7900 10135.9723  24.0%   252  200s
  1968  1380 11341.7021  274  219 13330.7900 10135.9723  24.0%   252  209s
  1999  1406 11408.5508  281  150 13330.7900 10135.9723  24.0%   252  214s
  2036  1414 11614.9028  287  206 13330.7900 10135.9723  24.0%   252  219s
  2056  1457 11704.9484  290  185 13330.7900 10135.9723  24.0%   253  224s
  2106  1494 11550.7274  300  182 13330.7900 10135.9723  24.0%   253  229s
  2159  1525 11715.6012  311  191 13330.7900 10135.9723  24.0%   254  234s
  2208  1541 11858.2219  322  181 13330.7900 10135.9723  24.0%   255  240s
  2240  1584 11623.2948  330  228 13330.7900 10135.9723  24.0%   255  245s
  2294  1606 11647.8901  343  223 13330.7900 10135.9723  24.0%   256  250s
  2338  1661 11863.0982  349  199 13330.7900 10135.9723  24.0%   256  255s
  2408  1700 11929.5670  369  179 13330.7900 10135.9723  24.0%   254  262s
  2470  1765 11993.7873  390  164 13330.7900 10135.9723  24.0%   252  268s
  2556  1818 12088.5609  414  119 13330.7900 10135.9723  24.0%   251  274s
  2637  1881 12082.9673  439  166 13330.7900 10135.9723  24.0%   250  281s
  2727  1943 12467.7492  463  106 13330.7900 10135.9723  24.0%   249  287s
  2819  1970 12278.9229  486  130 13330.7900 10135.9723  24.0%   248  295s
  2877  2082 12363.1026  495  128 13330.7900 10135.9723  24.0%   247  305s
  3010  2135 12531.6284  536  117 13330.7900 10135.9772  24.0%   244  313s
  3156  2189 10262.1021   24  307 13330.7900 10135.9772  24.0%   240  322s
  3219  2290 10328.0705   35  199 13330.7900 10135.9772  24.0%   240  329s
  3246  2290 10500.4903   48   65 13330.7900 10135.9772  24.0%   241  330s
  3320  2360 10520.2222   51  197 13330.7900 10135.9772  24.0%   239  342s
  3431  2463 10608.1998   74   81 13330.7900 10135.9772  24.0%   237  351s
  3534  2612 10657.8656  114  118 13330.7900 10135.9772  24.0%   237  360s
  3683  2784 11088.1274  156   73 13330.7900 10135.9772  24.0%   235  371s
  3855  2958 11272.2653  194   63 13330.7900 10135.9772  24.0%   231  383s
  4029  3193 11702.8930  237  100 13330.7900 10135.9772  24.0%   225  394s
  4056  3193 11566.1273  251  115 13330.7900 10135.9772  24.0%   225  395s
  4264  3448 11789.9895  300  113 13330.7900 10135.9772  24.0%   220  416s
  4541  3724     cutoff  366      13330.7900 10139.9590  23.9%   212  430s
  4866  3844 10399.4984   44  128 13330.7900 10139.9590  23.9%   206  445s
  5016  4227 10586.1700   87  150 13330.7900 10139.9590  23.9%   205  458s
  5208  4227 11048.2117  248  112 13330.7900 10139.9590  23.9%   199  460s
  5406  4628 11808.0624  326   70 13330.7900 10148.9086  23.9%   197  474s
  5460  4628 11905.5911  362   60 13330.7900 10148.9086  23.9%   195  475s
  5858  4814 infeasible  442      13330.7900 10155.3762  23.8%   187  491s
  6042  5275 10942.5654   66  255 13330.7900 10155.3762  23.8%   186  506s
  6471  5275 13037.9170  558   20 13330.7900 10155.3762  23.8%   178  511s
  6547  5435 12470.8920  180  127 13330.7900 10170.8979  23.7%   177  522s
  6720  5786 10898.3446   66  222 13330.7900 10170.9272  23.7%   176  538s
  7083  6002 11967.5731  237  101 13330.7900 10187.7823  23.6%   170  554s
  7191  6002 12808.2738  345   86 13330.7900 10187.7823  23.6%   168  555s
  7314  6253 10629.7305   37  209 13330.7900 10187.7823  23.6%   169  568s
  7511  6253 12417.1032  179   70 13330.7900 10187.7823  23.6%   168  570s
  7598  6523 11885.3938   75   24 13330.7900 10188.2979  23.6%   168  583s
  7784  6525 11323.7757   84   88 13330.7900 10188.2979  23.6%   166  585s
  7917  6736     cutoff  109      13330.7900 10190.2033  23.6%   165  597s
  8144  7316 10742.0553  110  217 13330.7900 10191.9835  23.5%   164  612s
  8409  7316 10741.5545   83  131 13330.7900 10191.9835  23.5%   161  615s
  8740  7548 12526.3503  375  107 13330.7900 10193.1304  23.5%   157  630s
  8986  7826 10313.0867   31  339 13330.7900 10193.1304  23.5%   155  644s
  9054  7826 11614.3362  162   63 13330.7900 10193.1304  23.5%   156  645s
  9294  8040 10580.8479   51   80 13330.7900 10193.1304  23.5%   154  657s
  9508  8384 10682.5249   85  129 13330.7900 10193.1304  23.5%   154  672s
  9798  8384 12589.0285  420  101 13330.7900 10193.1304  23.5%   152  675s
  9866  8582 10840.8389  122  125 13330.7900 10193.1304  23.5%   151  685s
 10064  8919 11301.3267  176  109 13330.7900 10193.1304  23.5%   152  699s
 10172  8919 11524.8305  230  119 13330.7900 10193.1304  23.5%   152  700s
 10414  9153 11870.2334  260   73 13330.7900 10193.1304  23.5%   150  714s
 10522  9153 12139.4458  314   44 13330.7900 10193.1304  23.5%   150  715s
 10648  9373 12344.8512  357   56 13330.7900 10197.9550  23.5%   150  732s
 10954  9683     cutoff  419      13330.7900 10197.9561  23.5%   148  747s
 11288  9792 10530.9648   41  291 13330.7900 10198.5302  23.5%   146  759s
 11352  9792 11407.3926  105   76 13330.7900 10198.5302  23.5%   146  760s
 11397 10236 11759.2491  113  142 13330.7900 10198.6195  23.5%   147  772s
 11865 10466 10491.7446   30  201 13330.7900 10198.6195  23.5%   143  789s
 11986 10466 11278.4153   86   20 13330.7900 10198.6195  23.5%   144  790s
 12148 10789 10925.2836   48  121 13330.7900 10200.9011  23.5%   142  802s
 12444 10806 11131.1632   90   45 13330.7900 10200.9998  23.5%   141  805s
 12556 10940     cutoff  112      13330.7900 10202.6385  23.5%   141  815s
 12688 11219     cutoff  111      13330.7900 10206.2099  23.4%   141  827s
 12968 11572 10660.6036   56  315 13330.7900 10206.2099  23.4%   140  840s
 13337 11853 12128.1382  226   56 13330.7900 10210.0581  23.4%   138  854s
 13418 11853 12341.2614  307   21 13330.7900 10210.0581  23.4%   137  855s
 13639 11968 10598.3238   47  298 13330.7900 10210.0581  23.4%   137  866s
 13765 12062 11092.6042   93  259 13330.7900 10210.0581  23.4%   137  881s
 13859 12406 11247.5996  112  185 13330.7900 10214.0386  23.4%   137  893s
 14075 12406 12402.8723  328   56 13330.7900 10214.0386  23.4%   136  895s
 14247 12537 10420.0771   29  356 13330.7900 10215.3621  23.4%   135  905s
 14377 12716 11102.9400   69   10 13330.7900 10216.2927  23.4%   136  915s
 14572 12882 12673.3800  128   18 13330.7900 10217.0900  23.4%   136  930s
 14795 12998     cutoff  163      13330.7900 10219.3875  23.3%   136  941s
 14906 13266 11872.5586   98   84 13330.7900 10224.3421  23.3%   137  953s
 15205 13483 10736.4626   47  211 13330.7900 10224.8717  23.3%   136  965s
 15424 13631     cutoff  232      13330.7900 10225.6944  23.3%   135  977s
 15587 13872 11130.6557   58  148 13330.7900 10225.7404  23.3%   136  990s
 15877 14129 13291.1144  250   29 13330.7900 10228.2814  23.3%   135 1002s
 16145 14212 10504.0833   34  268 13330.7900 10228.8660  23.3%   134 1014s
 16176 14212 10960.5950   44  123 13330.7900 10228.8660  23.3%   135 1015s
 16227 14527 11209.1745   55   67 13330.7900 10229.5610  23.3%   135 1027s
 16634 14558     cutoff  118      13330.7900 10229.9913  23.3%   134 1047s
 16638 14609 10508.5169   30  368 13330.7900 10229.9913  23.3%   134 1057s
 16707 14824 10761.3353   49  186 13330.7900 10229.9913  23.3%   134 1067s
 16951 14968 11103.2583  114   42 13330.7900 10232.9567  23.2%   134 1080s
 17118 15139 10699.9406   36  293 13330.7900 10233.4733  23.2%   134 1091s
 17289 15449 11174.5498   90  157 13330.7900 10234.4874  23.2%   134 1104s
 17370 15449 11993.0460  171   68 13330.7900 10234.4874  23.2%   134 1105s
 17631 15535 10473.3857   32  361 13330.7900 10234.6470  23.2%   133 1116s
 17717 15840 10977.2197   74  180 13330.7900 10238.7674  23.2%   133 1127s
 18066 15907     cutoff  239      13330.7900 10243.0219  23.2%   132 1140s
 18147 16062     cutoff  241      13330.7900 10243.1756  23.2%   133 1150s
 18303 16281 10656.3139   41  235 13330.7900 10243.1756  23.2%   133 1162s
 18532 16536 10980.0454   70  156 13330.7900 10243.1756  23.2%   133 1174s
 18559 16536 11064.2947   86  150 13330.7900 10243.1756  23.2%   133 1175s
 18801 16943 11547.1255  126   72 13330.7900 10243.4596  23.2%   132 1190s
 19258 17037 10528.0684   34  362 13330.7900 10243.6101  23.2%   131 1203s
 19352 17319 11103.4288   91  135 13330.7900 10243.6888  23.2%   131 1214s
 19379 17319 11654.1442  118   65 13330.7900 10243.6888  23.2%   131 1215s
 19680 17475 11037.6149   47  166 13330.7900 10248.0737  23.1%   130 1228s
 19855 17707     cutoff  164      13330.7900 10249.1581  23.1%   130 1240s
 20112 17883 13080.7609  148   77 13330.7900 10249.2770  23.1%   130 1254s
 20187 17883 11102.8291   75   88 13330.7900 10250.4131  23.1%   130 1255s
 20313 17977 10952.4288   51  217 13330.7900 10250.4131  23.1%   130 1265s
 20407 18422 11133.9411   88   98 13330.7900 10250.8295  23.1%   131 1281s
 20912 18522 infeasible  289      13330.7900 10252.8587  23.1%   129 1295s
 21018 18804 11160.7675   87   79 13330.7900 10254.5437  23.1%   129 1306s
 21338 18979 infeasible  229      13330.7900 10255.0799  23.1%   129 1318s
 21508 19199 11039.7912   59  147 13330.7900 10255.0799  23.1%   129 1329s
 21564 19199 11534.9047  115  194 13330.7900 10255.0799  23.1%   129 1330s
 21755 19390 10416.9767   30  299 13330.7900 10255.0799  23.1%   129 1341s
 21957 19525 11962.1466  100   48 13330.7900 10258.1600  23.0%   128 1352s
 22101 19785 10695.5964   44  162 13330.7900 10258.5183  23.0%   129 1364s
 22209 19789 11086.2500  113   21 13330.7900 10258.5183  23.0%   129 1365s
 22410 19977 12299.9124  174   43 13330.7900 10259.4643  23.0%   128 1376s
 22652 20072     cutoff  222      13330.7900 10261.0956  23.0%   128 1388s
 22740 20340 11229.2243   66   58 13330.7900 10261.9623  23.0%   128 1399s
 22821 20340 12515.5556  147    6 13330.7900 10261.9623  23.0%   128 1400s
 23048 20444     cutoff  185      13330.7900 10262.6734  23.0%   128 1411s
 23153 20715 11784.9656  111   97 13330.7900 10262.7127  23.0%   128 1423s
 23430 20715 11647.8344  144   17 13330.7900 10262.7127  23.0%   128 1425s
 23436 20907 10930.0647   48  182 13330.7900 10262.7127  23.0%   128 1435s
 23680 21144 12082.7327  125   78 13330.7900 10264.3052  23.0%   128 1447s
 23921 21408 10764.3229   49  322 13330.7900 10264.3052  23.0%   127 1459s
 23948 21408 11156.7450   76  114 13330.7900 10264.3052  23.0%   127 1460s
 24214 21581 11654.2163  126  178 13330.7900 10265.9859  23.0%   127 1472s
 24416 21831 10536.4630   35  251 13330.7900 10266.0529  23.0%   127 1483s
 24588 21831 11764.1902  144  107 13330.7900 10266.0529  23.0%   127 1485s
 24684 22020 11650.0312  126  101 13330.7900 10266.2621  23.0%   126 1496s
 24887 22203 10928.9167   50   89 13330.7900 10266.4713  23.0%   126 1508s
 25082 22366     cutoff  166      13330.7900 10266.8271  23.0%   126 1521s
 25303 22472 11650.0431   72   51 13330.7900 10268.0673  23.0%   126 1532s
 25429 22613     cutoff  143      13330.7900 10268.4806  23.0%   126 1543s
 25609 22772 11220.9879   56  152 13330.7900 10269.5201  23.0%   126 1554s
 25690 22772 13082.2043  137   63 13330.7900 10269.5201  23.0%   126 1555s
 25783 22907 10651.2681   36  293 13330.7900 10270.1952  23.0%   126 1565s
 25936 23031 10441.8066   32  337 13330.7900 10270.3404  23.0%   126 1576s
 26084 23157 11318.6974   60  212 13330.7900 10270.9280  23.0%   126 1587s
 26220 23316 13188.2350  155   12 13330.7900 10271.8849  22.9%   126 1599s
 26409 23455 10955.8164   56  249 13330.7900 10274.0262  22.9%   126 1611s
 26567 23702 10546.2762   32  279 13330.7900 10275.0037  22.9%   126 1622s
 26831 23869 11473.4978  110   71 13330.7900 10275.2298  22.9%   126 1635s
 27038 24069 10652.5464   45  213 13330.7900 10276.1224  22.9%   125 1648s
 27146 24069 12509.2340  132   24 13330.7900 10276.1224  22.9%   125 1650s
 27261 24193 11233.4704   72  160 13330.7900 10276.3581  22.9%   125 1661s
 27410 24370 infeasible  173      13330.7900 10277.7185  22.9%   125 1672s
 27604 24499 10997.4682   56  218 13330.7900 10278.0610  22.9%   125 1684s
 27685 24499 12260.7317  137  114 13330.7900 10278.0610  22.9%   125 1685s
 27742 24657     cutoff  167      13330.7900 10278.3000  22.9%   125 1695s
 27910 24860 12830.4362  151   35 13330.7900 10278.3527  22.9%   125 1708s
 28160 24928 10550.9581   44  223 13330.7900 10278.3800  22.9%   125 1719s
 28213 25087 10685.8311   58  190 13330.7900 10278.3800  22.9%   126 1742s
 28409 25342 10935.0314   74   91 13330.7900 10278.6870  22.9%   125 1755s
 28712 25517 12825.4964  242   37 13330.7900 10279.6432  22.9%   125 1767s
 28904 25653 11003.5357   73  151 13330.7900 10280.0455  22.9%   125 1779s
 28985 25653 13035.1263  154   30 13330.7900 10280.0455  22.9%   125 1780s
 29063 25798 10647.7332   29  292 13330.7900 10280.4054  22.9%   125 1790s
 29246 26023 11098.1859   51  226 13330.7900 10280.6969  22.9%   125 1803s
 29485 26132 10480.4561   40  265 13330.7900 10280.6969  22.9%   125 1814s
 29535 26132 11248.9001   90  174 13330.7900 10280.6969  22.9%   125 1815s
 29633 26499 11263.3817   94  122 13330.7900 10281.1036  22.9%   125 1826s
 30050 26610 10572.5182   45  268 13330.7900 10282.0825  22.9%   124 1838s
 30172 26987 11240.0991   79  215 13330.7900 10282.8841  22.9%   124 1851s
 30538 26987 12636.3495  219   51 13330.7900 10283.1747  22.9%   123 1855s
 30594 26996 10631.5119   43  222 13330.7900 10283.1747  22.9%   123 1865s
 30606 27124 10693.2671   45  200 13330.7900 10283.1747  22.9%   124 1873s
 30730 27124 12005.6775  100  136 13330.7900 10283.1747  22.9%   124 1875s
 30734 27280 11735.1974  101  109 13330.7900 10284.1132  22.9%   124 1885s
 30930 27514 12659.8854  144   51 13330.7900 10284.7543  22.8%   124 1897s
 31206 27514 10440.4189   32  250 13330.7900 10284.8104  22.8%   123 1900s
 31209 27562 10698.2508   28  267 13330.7900 10284.8104  22.8%   123 1908s
 31257 27630 10922.3979   37  311 13330.7900 10284.8104  22.8%   124 1917s
 31327 27897 11013.1884   45  311 13330.7900 10284.8104  22.8%   124 1928s
 31563 27897 11484.0927  169   28 13330.7900 10284.8104  22.8%   124 1930s
 31604 28057 11610.0797   69   62 13330.7900 10284.8104  22.8%   124 1941s
 31797 28168 12326.8022  148   70 13330.7900 10285.6067  22.8%   124 1952s
 31958 28472     cutoff  187      13330.7900 10285.6406  22.8%   124 1968s
 32304 28744 10769.1157   41  240 13330.7900 10285.6406  22.8%   124 1984s
 32372 28744 11446.0034  110   21 13330.7900 10285.6406  22.8%   124 1985s
 32595 28871 11733.3768   60  121 13330.7900 10285.9099  22.8%   123 1997s
 32742 29050     cutoff  105      13330.7900 10286.9689  22.8%   123 2007s
 32933 29336 10974.1976   58  184 13330.7900 10287.0186  22.8%   123 2021s
 33253 29471     cutoff  316      13330.7900 10288.1963  22.8%   123 2033s
 33411 29560 10843.0291   56  251 13330.7900 10288.9424  22.8%   123 2043s
 33530 29684 11994.8283   87   77 13330.7900 10290.1862  22.8%   123 2054s
 33666 29760 10733.0242   55  186 13330.7900 10290.1862  22.8%   123 2063s
 33742 30079 11296.9523   89  234 13330.7900 10290.2624  22.8%   123 2075s
 34122 30159 10548.3454   32  265 13330.7900 10290.3224  22.8%   123 2086s
 34192 30289 11324.9405   80   92 13330.7900 10290.8649  22.8%   123 2096s
 34342 30542 10764.1039   54  254 13330.7900 10290.8721  22.8%   123 2107s
 34658 30614 13241.8300  197   14 13330.7900 10291.3401  22.8%   123 2119s
 34760 30676     cutoff  213      13330.7900 10291.4940  22.8%   123 2128s
 34818 30889 11464.9972   69   87 13330.7900 10291.8169  22.8%   123 2139s
 34957 30889 11670.6336   65  118 13330.7900 10292.3466  22.8%   123 2140s
 35078 30951 10514.4762   32  259 13330.7900 10292.3466  22.8%   123 2149s
 35143 31145 11539.8564   72  125 13330.7900 10292.8718  22.8%   123 2159s
 35264 31145 10944.3474   51  233 13330.7900 10292.9562  22.8%   123 2160s
 35384 31220 10811.5374   53  261 13330.7900 10292.9562  22.8%   123 2171s
 35458 31411 11384.8678   92  255 13330.7900 10293.4027  22.8%   123 2182s
 35671 31611 10676.8317   27  184 13330.7900 10294.0103  22.8%   123 2194s
 35848 31613 12209.0100  123   12 13330.7900 10295.2283  22.8%   123 2195s
 35894 31704 12029.0737   89   32 13330.7900 10295.7126  22.8%   123 2205s
 36007 31770 10721.1753   44  265 13330.7900 10295.7840  22.8%   123 2214s
 36068 31967 10948.5843   54  243 13330.7900 10295.7840  22.8%   124 2224s
 36095 31967 11114.3849   73  132 13330.7900 10295.7840  22.8%   124 2225s
 36298 32261 11237.0824   86   76 13330.7900 10295.7840  22.8%   123 2238s
 36515 32261 12521.8200  220    4 13330.7900 10295.7840  22.8%   123 2240s
 36607 32364 13137.3379  222   37 13330.7900 10297.2213  22.8%   123 2249s
 36661 32364 13083.9167  256   29 13330.7900 10297.2213  22.8%   123 2250s
 36724 32464 10664.1622   46  230 13330.7900 10297.2213  22.8%   123 2259s
 36824 32652 11326.5454   84  172 13330.7900 10297.2750  22.8%   124 2269s
 36905 32652 13060.6768  165   34 13330.7900 10297.2750  22.8%   123 2270s
 37065 32745 13254.7649  175   41 13330.7900 10298.5642  22.7%   123 2279s
 37113 32745 11377.8667   78  176 13330.7900 10298.5642  22.7%   124 2280s
 37158 32960 11504.9179   90  100 13330.7900 10299.0149  22.7%   124 2290s
 37384 33142 10612.4689   33  229 13330.7900 10299.0149  22.7%   124 2301s
 37579 33295 12001.0357   85   67 13330.7900 10300.2480  22.7%   123 2315s
 37749 33710 10842.8501   40  184 13330.7900 10300.2480  22.7%   124 2329s
 37776 33710 10837.5442   64   39 13330.7900 10300.2480  22.7%   124 2330s
 38213 33876     cutoff  235      13330.7900 10300.5077  22.7%   123 2342s
 38409 33974 10730.0857   56  308 13330.7900 10300.8559  22.7%   123 2353s
 38518 34116 11540.9063   91  233 13330.7900 10301.4939  22.7%   123 2363s
 38656 34116     cutoff  237      13330.7900 10301.7290  22.7%   123 2365s
 38680 34237 10588.8900   34  356 13330.7900 10301.7290  22.7%   123 2373s
 38801 34370 11761.1138   66  148 13330.7900 10302.3781  22.7%   123 2385s
 38962 34568 10688.0671   46  187 13330.7900 10302.4649  22.7%   123 2398s
 39172 34576 13163.7057  171   20 13330.7900 10302.4649  22.7%   123 2400s
 39197 34679 12367.1657  117   32 13330.7900 10302.5525  22.7%   123 2409s
 39285 34683 11103.3628   43  200 13330.7900 10302.5525  22.7%   123 2410s
 39320 34750 13011.2931  124   60 13330.7900 10304.0959  22.7%   123 2425s
 39391 34978 11157.1964   61  134 13330.7900 10304.0959  22.7%   123 2438s
 39622 34994 12427.7050  107   14 13330.7900 10304.0959  22.7%   123 2440s
 39689 35065 12908.0769  157   63 13330.7900 10304.9957  22.7%   123 2452s
H39732 34901                    13259.790000 10304.9957  22.3%   123 2452s
 39771 34955     cutoff  187      13259.7900 10305.4771  22.3%   123 2460s
 39828 35105 10717.4002   55  346 13259.7900 10305.4771  22.3%   123 2472s
 39999 35287 11087.1002   86  229 13259.7900 10306.6357  22.3%   123 2483s
 40219 35488 10815.9419   40  213 13259.7900 10306.6357  22.3%   123 2495s
 40434 35656 11979.5609  133   62 13259.7900 10307.1385  22.3%   123 2506s
 40617 35890 11277.9978   66  177 13259.7900 10307.8740  22.3%   123 2520s
 40890 35930     cutoff  172      13259.7900 10309.3033  22.3%   123 2531s
 40932 35997 10912.9665   40  176 13259.7900 10310.0689  22.2%   123 2541s
 40998 36179 11695.0734   57  119 13259.7900 10310.3735  22.2%   123 2552s
 41203 36271     cutoff  111      13259.7900 10310.9521  22.2%   123 2563s
 41320 36357 11144.7154   49  203 13259.7900 10311.0720  22.2%   123 2572s
 41407 36461 12635.2710  118   31 13259.7900 10312.2800  22.2%   124 2582s
 41520 36598 12900.7840  126   34 13259.7900 10312.7119  22.2%   124 2593s
 41676 36669 10752.8592   42  192 13259.7900 10312.7119  22.2%   124 2604s
 41779 36827 11192.9179   72   76 13259.7900 10313.1732  22.2%   124 2616s
 41972 36959 12610.4200  149    - 13259.7900 10313.6551  22.2%   124 2629s
 42106 37024 10702.3911   41  144 13259.7900 10313.7909  22.2%   124 2638s
 42169 37376 10875.4483   54   64 13259.7900 10313.8019  22.2%   124 2651s
 42603 37478     cutoff  177      13259.7900 10315.0948  22.2%   124 2664s
 42706 37518 10706.7532   37  301 13259.7900 10315.2046  22.2%   124 2673s
 42746 37592 10846.9476   43  314 13259.7900 10315.2046  22.2%   124 2683s
 42820 37780 11247.5896   54  178 13259.7900 10315.2046  22.2%   125 2695s
 43046 37855 12660.8811   94   44 13259.7900 10315.8844  22.2%   125 2706s
 43142 38020 10802.2967   57  283 13259.7900 10316.9505  22.2%   125 2717s
 43337 38080     cutoff  147      13259.7900 10317.6180  22.2%   125 2729s
 43410 38080 10711.6610   52  265 13259.7900 10318.3614  22.2%   125 2730s
 43417 38200 10859.4205   47  192 13259.7900 10318.3614  22.2%   125 2740s
 43537 38363 11629.8952   88  211 13259.7900 10318.3614  22.2%   125 2751s
 43714 38414     cutoff  180      13259.7900 10318.5759  22.2%   125 2762s
 43776 38596 10987.9079   53  266 13259.7900 10318.5759  22.2%   125 2774s
 43805 38596 11272.3021   82  181 13259.7900 10318.5759  22.2%   125 2775s
 43959 38742 11751.0860  122  103 13259.7900 10318.6856  22.2%   125 2787s
 44156 38934 11004.4928   74  244 13259.7900 10318.8726  22.2%   125 2799s
 44183 38934 11269.2294  101  122 13259.7900 10318.8726  22.2%   125 2800s
 44368 39012     cutoff  251      13259.7900 10319.3124  22.2%   125 2810s
 44446 39278 10951.1576   72  244 13259.7900 10319.3124  22.2%   125 2823s
 44607 39278 12479.3387  162   92 13259.7900 10319.3124  22.2%   125 2825s
 44736 39326 12616.8124  179   57 13259.7900 10319.5114  22.2%   125 2836s
 44807 39453 10860.1709   39  378 13259.7900 10319.5114  22.2%   125 2849s
 44918 39453 13035.4418  145   17 13259.7900 10319.5114  22.2%   125 2850s
 44962 39542 11284.1921   65  232 13259.7900 10319.5114  22.2%   125 2859s
 45023 39542 10625.8431   33  344 13259.7900 10319.5114  22.2%   125 2860s
 45051 39811 11998.1936  126  159 13259.7900 10319.5481  22.2%   125 2871s
 45347 39903 10688.2876   38  274 13259.7900 10320.0329  22.2%   125 2895s
 45439 40109 11565.0968   89   19 13259.7900 10320.1822  22.2%   125 2911s
 45689 40163 13147.8800  181    - 13259.7900 10320.3929  22.2%   125 2922s
 45738 40343     cutoff  181      13259.7900 10320.8145  22.2%   125 2934s
 45953 40499 10732.9389   54  266 13259.7900 10321.1856  22.2%   125 2945s
 46110 40572 infeasible  166      13259.7900 10321.5973  22.2%   125 2956s
 46224 40639 10793.9128   31  325 13259.7900 10321.7716  22.2%   125 2967s
 46281 40843 11304.4222   62  137 13259.7900 10322.0932  22.2%   125 2978s
 46489 40845 12782.5352  161   23 13259.7900 10322.2804  22.2%   125 2980s
 46519 40901 10595.4642   34  327 13259.7900 10322.2804  22.2%   125 2988s
 46575 41085 10935.9167   45  166 13259.7900 10322.2804  22.2%   125 3000s
 46765 41279 12098.5352   86   17 13259.7900 10322.3967  22.2%   125 3016s
 47038 41417     cutoff  151      13259.7900 10322.9183  22.1%   125 3030s
 47191 41454     cutoff   77      13259.7900 10323.6744  22.1%   125 3039s
 47230 41529 10873.4931   38  278 13259.7900 10323.8147  22.1%   126 3048s
 47305 41782 11369.6742   72  129 13259.7900 10324.1752  22.1%   126 3058s
 47580 41855 10556.8581   38  323 13259.7900 10324.1752  22.1%   125 3070s
 47673 42000 10995.5809   67  247 13259.7900 10324.1752  22.1%   126 3082s
 47853 42122 11958.0726  112  160 13259.7900 10324.7914  22.1%   126 3094s
 47977 42122 infeasible  158      13259.7900 10325.9204  22.1%   125 3095s
 47995 42184 10669.2831   66  197 13259.7900 10325.9204  22.1%   126 3104s
 48057 42439 11135.4717   83   90 13259.7900 10325.9858  22.1%   126 3117s
 48353 42672 infeasible  222      13259.7900 10325.9937  22.1%   126 3132s
 48680 42777 10933.8267   53  117 13259.7900 10326.0501  22.1%   125 3144s
 48766 43037 11382.9108  102   58 13259.7900 10326.1186  22.1%   125 3156s
 49055 43209 10614.9248   33  396 13259.7900 10326.1428  22.1%   125 3170s
 49246 43304 11150.1843   57  229 13259.7900 10326.9953  22.1%   125 3182s
 49360 43381     cutoff  144      13259.7900 10327.0059  22.1%   125 3193s
 49438 43509 10742.2565   47  253 13259.7900 10327.0059  22.1%   125 3204s
 49517 43509 12205.3890  124  160 13259.7900 10327.0059  22.1%   125 3205s
 49578 43732 11160.2018   74   63 13259.7900 10327.7963  22.1%   125 3218s
 49767 43741 11405.2532  230   17 13259.7900 10327.7963  22.1%   125 3220s
 49841 43794     cutoff  256      13259.7900 10327.9509  22.1%   125 3230s
 49898 43953 10920.1557   51  207 13259.7900 10327.9699  22.1%   125 3240s
 50084 44008 10755.5205   51  288 13259.7900 10328.2051  22.1%   125 3251s
 50139 44176 11430.7579   77   65 13259.7900 10328.5382  22.1%   126 3262s
 50322 44300 10621.1339   35  348 13259.7900 10328.5382  22.1%   125 3274s
 50421 44300 12946.2534  200  131 13259.7900 10328.5382  22.1%   125 3275s
 50475 44408 11164.2248   53  235 13259.7900 10328.5382  22.1%   125 3284s
 50583 44562 11791.0807   96  105 13259.7900 10328.7738  22.1%   126 3299s
 50637 44562 12446.3051  150   63 13259.7900 10328.7738  22.1%   126 3300s
 50785 44723 10920.3698   39  235 13259.7900 10328.7842  22.1%   125 3320s
 50964 44836 11864.3401   77  141 13259.7900 10329.4288  22.1%   125 3335s
 51104 45019 10794.8909   40  329 13259.7900 10330.0009  22.1%   125 3348s
 51284 45155 11447.6612   70   89 13259.7900 10330.0009  22.1%   125 3359s
 51417 45155 11985.6800  175    8 13259.7900 10330.0009  22.1%   125 3360s
 51450 45392 11984.2307  106   96 13259.7900 10330.0833  22.1%   126 3370s
 51696 45603 10917.7955   48  132 13259.7900 10330.0833  22.1%   125 3385s
 51949 45704 11761.0937  157  114 13259.7900 10330.5089  22.1%   125 3397s
 52079 45816 10586.9854   43  390 13259.7900 10331.7937  22.1%   125 3408s
 52214 45885 11143.1520   69  237 13259.7900 10331.7937  22.1%   125 3418s
 52286 46045 11793.5858  108  159 13259.7900 10331.7937  22.1%   125 3433s
