




arguments: ./build/mirp_solver -f ./input/orig_exec_332.cfg
Current dir: /scratch/gui/bnc_mirp
File verbosity level: 9
date       time         ( uptime  ) [ thread name/id ]                   file:line     v| 
2021-01-23 10:39:08.255 (   0.132s) [main thread     ]             loguru.cpp:789   INFO| Logging to './output/vi_hc3/OU/V4/Original/execution_23_01_2021_10_39_08.log', mode: 'a', verbosity: 9
--------------------------------------------------------------------------------
Parameters
                           instance_path           ./input/Instances/Original/2/
                            model_policy                                       1
                             nb_vehicles                                       4
                              output_dir         ./output/vi_hc3/OU/V4/Original/
                            sec_strategy                                       1
                       solver_nb_threads                                       2
                         solver_show_log                                    true
                       solver_time_limit                                    3600
                              use_vi_cos                                   false
                              use_vi_cus                                   false
                         use_vi_hc1_full                                   false
                         use_vi_hc1_half                                   false
                      use_vi_hc1_quarter                                   false
                              use_vi_hc2                                   false
                              use_vi_hc3                                    true
                         use_vi_lex_full                                   false
                         use_vi_lex_half                                   false
                      use_vi_lex_quarter                                   false
                              use_vi_qua                                   false
                               use_vi_vc                                   false
                               use_vi_vr                                   false
--------------------------------------------------------------------------------
executing instance: ./input/Instances/Original/2/absH3high_3n40.dat
--------------------------------------------------------------------------------
Instance details
n	41
H	3
C	3283
Li:
[0, 0, 0, 0, 0, 0, 0, 0, 0, 0, 0, 0, 0, 0, 0, 0, 0, 0, 0, 0, 0, 0, 0, 0, 0, 0, 0, 0, 0, 0, 0, 0, 0, 0, 0, 0, 0, 0, 0, 0, 0, ]
Ui:
[0, 63, 111, 99, 96, 111, 282, 122, 156, 261, 42, 192, 126, 42, 162, 207, 159, 122, 102, 190, 118, 102, 132, 102, 165, 252, 66, 52, 22, 114, 210, 176, 116, 294, 78, 152, 210, 45, 130, 198, 174, ]
Distance matrix:
|0	208	225	252	227	143	258	127	267	150	28	83	163	286	57	149	201	137	214	255	70	73	107	186	328	266	249	343	222	177	293	144	262	215	167	120	169	218	143	173	255	|
|208	0	397	355	416	198	216	99	211	275	193	172	97	166	240	225	362	109	277	314	182	216	273	374	298	208	319	161	14	103	93	120	58	196	152	156	372	227	260	218	453	|
|225	397	0	427	53	364	482	343	492	129	253	225	382	386	171	188	39	291	187	195	295	182	282	55	326	491	180	551	408	315	457	366	455	275	392	244	221	439	341	214	101	|
|252	355	427	0	401	158	201	263	219	396	234	328	259	498	299	400	420	354	465	506	205	324	152	374	574	219	499	393	366	389	446	235	378	456	205	359	224	150	111	423	400	|
|227	416	53	401	0	357	477	352	489	165	253	245	389	424	179	223	85	315	234	245	293	200	264	42	375	488	231	565	428	344	484	370	474	314	392	270	184	430	325	252	50	|
|143	198	364	158	357	0	121	105	134	290	116	196	103	342	200	276	343	205	343	385	74	210	112	319	432	133	382	265	209	237	290	78	226	313	57	220	232	75	69	292	375	|
|258	216	482	201	477	121	0	168	18	397	230	293	135	381	314	372	459	275	437	480	188	317	228	439	501	18	479	197	222	296	290	132	212	386	95	306	347	58	173	381	496	|
|127	99	343	263	352	105	168	0	171	239	105	130	40	237	173	206	313	109	270	312	84	164	175	310	337	169	313	216	112	135	192	37	142	220	77	138	280	155	162	213	382	|
|267	211	492	219	489	134	18	171	0	404	240	298	136	376	323	376	468	276	441	483	198	324	243	450	500	2	483	181	215	294	281	136	202	386	102	309	363	75	189	384	509	|
|150	275	129	396	165	290	397	239	404	0	175	110	279	259	97	59	91	166	84	116	217	80	245	130	226	402	106	434	286	187	329	269	333	149	302	119	244	364	291	87	213	|
|28	193	253	234	253	116	230	105	240	175	0	94	139	286	84	167	229	136	234	275	43	96	98	212	341	238	271	320	206	175	281	118	244	225	140	128	180	191	124	189	280	|
|83	172	225	328	245	196	293	130	298	110	94	0	169	209	77	80	191	71	147	189	127	45	189	203	247	296	187	327	184	106	241	162	230	132	198	38	242	266	217	96	285	|
|163	97	382	259	389	103	135	40	136	279	139	169	0	253	212	244	353	141	307	349	110	203	194	347	366	133	350	183	107	161	187	27	124	251	56	175	306	133	169	249	418	|
|286	166	386	498	424	342	381	237	376	259	286	209	253	0	284	201	347	151	210	230	299	247	383	387	155	374	242	290	162	112	129	270	192	113	308	172	451	386	391	172	471	|
|57	240	171	299	179	200	314	173	323	97	84	77	212	284	0	112	145	147	170	208	127	38	148	137	299	321	201	386	253	183	315	195	297	195	222	112	171	275	195	142	214	|
|149	225	188	400	223	276	372	206	376	59	167	80	244	201	112	0	149	117	67	110	205	78	254	186	187	374	108	387	235	132	272	240	283	93	277	71	279	346	291	32	270	|
|201	362	39	420	85	343	459	313	468	91	229	191	353	347	145	149	0	254	149	160	272	150	271	66	290	466	146	518	373	278	419	339	420	235	367	207	227	418	327	175	135	|
|137	109	291	354	315	205	275	109	276	166	136	71	141	151	147	117	254	0	172	212	151	116	232	273	229	274	215	270	119	39	170	145	167	111	186	47	305	263	245	113	356	|
|214	277	187	465	234	343	437	270	441	84	234	147	307	210	170	67	149	172	0	42	272	141	317	205	144	439	43	437	284	175	307	305	331	99	343	132	327	413	357	60	283	|
|255	314	195	506	245	385	480	312	483	116	275	189	349	230	208	110	160	212	42	0	314	182	356	222	132	481	15	474	321	212	337	347	367	126	385	174	358	455	398	100	295	|
|70	182	295	205	293	74	188	84	198	217	43	127	110	299	127	205	272	151	272	314	0	137	91	253	370	196	310	292	195	188	274	85	226	252	99	155	197	148	94	223	316	|
|73	216	182	324	200	210	317	164	324	80	96	45	203	247	38	78	150	116	141	182	137	0	176	158	263	323	176	369	229	150	286	191	274	157	223	77	208	284	216	106	239	|
|107	273	282	152	264	112	228	175	243	245	98	189	194	383	148	254	271	232	317	356	91	176	0	231	435	242	349	371	286	271	365	167	315	321	164	224	120	174	61	280	274	|
|186	374	55	374	42	319	439	310	450	130	212	203	347	387	137	186	66	273	205	222	253	158	231	0	348	448	208	523	386	303	442	329	431	279	352	229	167	392	291	217	85	|
|328	298	326	574	375	432	501	337	500	226	341	247	366	155	299	187	290	229	144	132	370	263	435	348	0	498	147	441	299	206	283	374	338	119	414	215	465	492	463	157	425	|
|266	208	491	219	488	133	18	169	2	402	238	296	133	374	321	374	466	274	439	481	196	323	242	448	498	0	481	180	213	292	278	134	200	384	100	307	362	75	188	381	508	|
|249	319	180	499	231	382	479	313	483	106	271	187	350	242	201	108	146	215	43	15	310	176	349	208	147	481	0	480	326	217	346	347	373	135	385	175	347	454	392	103	280	|
|343	161	551	393	565	265	197	216	181	434	320	327	183	290	386	387	518	270	437	474	292	369	371	523	441	180	480	0	153	263	163	207	107	352	208	317	487	244	334	379	598	|
|222	14	408	366	428	209	222	112	215	286	206	184	107	162	253	235	373	119	284	321	195	229	286	386	299	213	326	153	0	109	81	132	48	201	162	167	386	236	272	226	466	|
|177	103	315	389	344	237	296	135	294	187	175	106	161	112	183	132	278	39	175	212	188	150	271	303	206	292	217	263	109	0	142	171	156	95	211	74	344	289	281	118	386	|
|293	93	457	446	484	290	290	192	281	329	281	241	187	129	315	272	419	170	307	337	274	286	365	442	283	278	346	163	81	142	0	212	79	211	241	214	461	311	353	254	525	|
|144	120	366	235	370	78	132	37	136	269	118	162	27	270	195	240	339	145	305	347	85	191	167	329	374	134	347	207	132	171	212	0	151	257	40	174	280	119	142	248	398	|
|262	58	455	378	474	226	212	142	202	333	244	230	124	192	297	283	420	167	331	367	226	274	315	431	338	200	373	107	48	156	79	151	0	245	173	214	421	237	293	273	510	|
|215	196	275	456	314	313	386	220	386	149	225	132	251	113	195	93	235	111	99	126	252	157	321	279	119	384	135	352	201	95	211	257	245	0	297	97	365	374	345	62	362	|
|167	152	392	205	392	57	95	77	102	302	140	198	56	308	222	277	367	186	343	385	99	223	164	352	414	100	385	208	162	211	241	40	173	297	0	213	283	79	126	287	415	|
|120	156	244	359	270	220	306	138	309	119	128	38	175	172	112	71	207	47	132	174	155	77	224	229	215	307	175	317	167	74	214	174	214	97	213	0	280	286	248	75	313	|
|169	372	221	224	184	232	347	280	363	244	180	242	306	451	171	279	227	305	327	358	197	208	120	167	465	362	347	487	386	344	461	280	421	365	283	280	0	291	175	310	176	|
|218	227	439	150	430	75	58	155	75	364	191	266	133	386	275	346	418	263	413	455	148	284	174	392	492	75	454	244	236	289	311	119	237	374	79	286	291	0	116	359	445	|
|143	260	341	111	325	69	173	162	189	291	124	217	169	391	195	291	327	245	357	398	94	216	61	291	463	188	392	334	272	281	353	142	293	345	126	248	175	116	0	313	335	|
|173	218	214	423	252	292	381	213	384	87	189	96	249	172	142	32	175	113	60	100	223	106	280	217	157	381	103	379	226	118	254	248	273	62	287	75	310	359	313	0	300	|
|255	453	101	400	50	375	496	382	509	213	280	285	418	471	214	270	135	356	283	295	316	239	274	85	425	508	280	598	466	386	525	398	510	362	415	313	176	445	335	300	0	|

--------------------------------------------------------------------------------
Building model...
	using lazy and cut (CVRPSEP package)
Solving IRP LP...
--------------------------------------------------------------------------------

Gurobi 9.1.0 (linux64) logging started Sat Jan 23 10:39:08 2021

Gurobi Optimizer version 9.1.0 build v9.1.0rc0 (linux64)
Thread count: 32 physical cores, 32 logical processors, using up to 2 threads
Optimize a model with 1871 rows, 10976 columns and 40154 nonzeros
Model fingerprint: 0x27de937d
Variable types: 644 continuous, 10332 integer (492 binary)
Coefficient statistics:
  Matrix range     [1e+00, 8e+02]
  Objective range  [1e-01, 6e+02]
  Bounds range     [1e+00, 3e+02]
  RHS range        [1e+01, 6e+03]
Presolve removed 404 rows and 41 columns
Presolve time: 0.08s
Presolved: 1467 rows, 10935 columns, 36483 nonzeros
Variable types: 603 continuous, 10332 integer (9852 binary)

Root relaxation: objective 1.234247e+04, 1557 iterations, 0.06 seconds

    Nodes    |    Current Node    |     Objective Bounds      |     Work
 Expl Unexpl |  Obj  Depth IntInf | Incumbent    BestBd   Gap | It/Node Time

     0     0 12342.4721    0  144          - 12342.4721      -     -    0s
     0     0 12796.3713    0  142          - 12796.3713      -     -    0s
     0     0 12801.6410    0  148          - 12801.6410      -     -    0s
     0     0 13446.7013    0  188          - 13446.7013      -     -    1s
     0     0 13484.7401    0  221          - 13484.7401      -     -    1s
     0     0 13485.0501    0  211          - 13485.0501      -     -    1s
     0     0 13566.1460    0  189          - 13566.1460      -     -    1s
     0     0 13587.8119    0  176          - 13587.8119      -     -    1s
     0     0 13589.1123    0  184          - 13589.1123      -     -    1s
     0     0 13589.1123    0  207          - 13589.1123      -     -    1s
     0     0 13662.1789    0  194          - 13662.1789      -     -    1s
     0     0 13669.0328    0  192          - 13669.0328      -     -    1s
     0     0 13669.7960    0  190          - 13669.7960      -     -    2s
     0     0 13749.1392    0  257          - 13749.1392      -     -    2s
     0     0 13760.7793    0  280          - 13760.7793      -     -    3s
     0     0 13780.6030    0  288          - 13780.6030      -     -    3s
     0     0 13790.6239    0  299          - 13790.6239      -     -    3s
     0     0 13794.8352    0  335          - 13794.8352      -     -    3s
     0     0 13795.1230    0  351          - 13795.1230      -     -    4s
     0     0 13824.0212    0  294          - 13824.0212      -     -    4s
     0     0 13839.6926    0  364          - 13839.6926      -     -    4s
     0     0 13846.2704    0  358          - 13846.2704      -     -    4s
     0     0 13846.6386    0  379          - 13846.6386      -     -    4s
     0     0 13855.1567    0  374          - 13855.1567      -     -    5s
     0     0 13860.1959    0  437          - 13860.1959      -     -    5s
     0     0 13863.1361    0  393          - 13863.1361      -     -    5s
     0     0 13864.0017    0  358          - 13864.0017      -     -    5s
     0     0 13868.9344    0  369          - 13868.9344      -     -    6s
     0     0 13868.9344    0  369          - 13868.9344      -     -    6s
     0     2 13871.9423    0  369          - 13871.9423      -     -    8s
     1     4 13871.9423    1  370          - 13871.9423      -   665   10s
    64    75 13922.3645   20  384          - 13882.1907      -   366   15s
   139   159 14097.9361   43  243          - 13882.1907      -   359   20s
   284   344 14547.5012   78  177          - 13882.1907      -   271   25s
   567   705 16157.3990  164   54          - 13882.1907      -   166   30s
   806   809 13961.1897    3  348          - 13882.5797      -   134   35s
   873   828 16374.1316  187  379          - 13893.6109      -   127   40s
   886   837 15940.2224  161  528          - 13914.9679      -   126   45s
   905   850 16828.1055  222  573          - 13944.9888      -   123   50s
   920   860 15101.5775  108  504          - 13964.1816      -   121   55s
   940   873 15051.9245   93  589          - 13980.4354      -   118   60s
   951   880 14379.1810   56  519          - 13989.7028      -   117   65s
   969   894 14621.2702   81  369          - 13992.3680      -   146   70s
   985   905 14749.4394   89  498          - 13992.3680      -   143   75s
   996   912 17211.5800  260  511          - 13995.3166      -   142   80s
  1004   917 13995.8799   26  516          - 13995.8799      -   141   85s
  1006   922 13997.0936   26  484          - 13997.0936      -   156   90s
  1018   930 14055.0740   29  440          - 14005.1630      -   171   95s
  1039   944 14029.3849   35  470          - 14020.1479      -   186  100s
  1067   966 14097.2375   41  373          - 14025.6978      -   201  105s
  1098   985 14165.6382   48  378          - 14025.6978      -   214  110s
  1134  1010 14090.2648   55  432          - 14025.6978      -   227  115s
  1166  1036 14105.0300   64  449          - 14025.6978      -   242  121s
  1223  1084 14136.4963   76  366          - 14025.6978      -   249  126s
  1291  1134 14185.5467   87  356          - 14025.6978      -   249  131s
  1368  1192 14303.7016   97  330          - 14025.6978      -   249  136s
  1448  1270 14445.6998  110  233          - 14025.6978      -   245  141s
* 1538  1234             193    15655.590000 14025.6978  10.4%   238  144s
  1566  1217 14532.4103  125  216 15655.5900 14025.6978  10.4%   236  146s
  1595  1236 14622.1611  137  213 15655.5900 14025.6978  10.4%   237  159s
H 1599  1143                    15444.779995 14025.6978  9.19%   237  159s
  1603  1164 14715.5464  140  230 15444.7800 14025.6978  9.19%   239  161s
  1651  1199 14789.0696  159  190 15444.7800 14025.6978  9.19%   241  165s
  1707  1244 14798.8614  180  241 15444.7800 14025.6978  9.19%   241  171s
  1768  1290 14945.5195  201  186 15444.7800 14025.6978  9.19%   241  176s
  1835  1314 15184.4156  229  150 15444.7800 14025.6978  9.19%   239  180s
  1926  1367     cutoff  261      15444.7800 14028.0566  9.17%   235  187s
  1955  1383 14187.7162   29  456 15444.7800 14028.0566  9.17%   237  198s
  1981  1430 14198.5094   30  472 15444.7800 14028.0566  9.17%   237  202s
  2036  1459 14246.3635   33  411 15444.7800 14028.0566  9.17%   236  206s
  2108  1447 14254.0169   34  355 15444.7800 14028.0566  9.17%   234  211s
  2140  1466 14296.0302   38  360 15444.7800 14028.0566  9.17%   238  219s
  2149  1485 14327.7708   43  387 15444.7800 14028.0566  9.17%   239  223s
  2171  1508 14367.7489   44  391 15444.7800 14028.0566  9.17%   242  226s
  2202  1516 14436.3530   56  281 15444.7800 14028.0566  9.17%   243  230s
  2262  1586 14599.8696   68  300 15444.7800 14028.0566  9.17%   245  238s
  2310  1646 14647.9527   75  237 15444.7800 14028.0566  9.17%   246  242s
  2386  1746 14826.0728   93  120 15444.7800 14028.0566  9.17%   244  247s
  2511  1803 15259.6406  113  108 15444.7800 14028.0566  9.17%   238  253s
H 2610  1826                    15444.779880 14028.0566  9.17%   235  259s
  2741  1828 14149.8849   33  446 15444.7799 14029.2110  9.17%   231  265s
  2807  1824 14224.2361   36  364 15444.7799 14029.2110  9.17%   230  270s
  2861  1942 14260.9216   44  401 15444.7799 14029.2110  9.17%   234  282s
  2974  1941 14360.9898   48  348 15444.7799 14029.2110  9.17%   231  288s
  3010  1964 14362.6039   53  386 15444.7799 14029.2110  9.17%   232  293s
  3029  1957 15253.8527   64   73 15444.7799 14029.2110  9.17%   233  295s
  3059  1996 14434.4351   61  255 15444.7799 14029.2110  9.17%   233  300s
  3108  2089 14541.7196   67  218 15444.7799 14029.2110  9.17%   234  306s
  3217  2101 14685.0155   77  189 15444.7799 14029.2110  9.17%   231  313s
  3288  2161 14912.8550   97  212 15444.7799 14029.2110  9.17%   231  320s
  3372  2175 15244.5372  122   92 15444.7799 14042.4411  9.08%   231  327s
  3436  2204 14105.6374   33  518 15444.7799 14042.4411  9.08%   232  334s
  3465  2213 14341.4776   51  318 15444.7799 14042.4411  9.08%   234  341s
  3474  2302 14354.2007   52  374 15444.7799 14042.4411  9.08%   234  347s
  3563  2346 15170.3221  110  173 15444.7799 14042.5297  9.08%   233  355s
  3621  2436 14306.2550   32  386 15444.7799 14042.5297  9.08%   235  363s
  3711  2588 14642.0534   42  256 15444.7799 14042.5297  9.08%   235  374s
  3751  2588 15013.3428  106   83 15444.7799 14042.5297  9.08%   235  375s
  3905  2634 15276.0773   60  129 15444.7799 14042.5297  9.08%   231  400s
  3962  2698     cutoff   75      15444.7799 14051.4960  9.02%   231  411s
  4051  2750 14378.1221   33  431 15444.7799 14055.1580  9.00%   231  419s
  4103  2859 14742.5578   57  266 15444.7799 14055.8340  8.99%   232  431s
  4248  2906 14224.7265   31  473 15444.7799 14062.1910  8.95%   231  440s
  4295  2936 14464.5502   47  430 15444.7799 14062.1910  8.95%   233  450s
  4325  2988 15187.6061   76  182 15444.7799 14062.3730  8.95%   233  459s
  4350  2988 infeasible   88      15444.7799 14062.3730  8.95%   233  460s
  4410  3016 14204.8179   36  519 15444.7799 14063.2234  8.95%   235  469s
  4438  3046 14220.4413   43  488 15444.7799 14063.2234  8.95%   238  478s
  4468  3097 14327.9111   49  424 15444.7799 14063.2234  8.95%   241  487s
  4519  3180 14521.7657   61  333 15444.7799 14063.2234  8.95%   243  497s
  4602  3341 14745.1225   85  238 15444.7799 14063.2234  8.95%   245  510s
  4765  3421 15179.2736  130   96 15444.7799 14063.2379  8.95%   243  523s
  4889  3557 14461.3506   44  344 15444.7799 14064.3686  8.94%   242  537s
  5052  3650 14354.0754   36  394 15444.7799 14083.9436  8.81%   241  551s
  5157  3734 15035.1126   74  219 15444.7799 14086.4612  8.79%   241  563s
  5255  3798 14314.3884   49  381 15444.7799 14086.4612  8.79%   242  575s
  5333  3889 14546.2378   55  333 15444.7799 14088.2628  8.78%   244  589s
  5392  3889 15434.6904   76   72 15444.7799 14088.2628  8.78%   244  590s
  5455  4002 14229.7773   47  445 15444.7799 14091.9880  8.76%   245  603s
  5584  4096 15196.1316   98  170 15444.7799 14093.6828  8.75%   244  617s
  5703  4194 14744.0027   72  110 15444.7799 14093.9359  8.75%   245  632s
  5840  4312 14563.6401   62  292 15444.7799 14095.5915  8.74%   244  647s
  5970  4417 15268.2735  126  191 15444.7799 14097.2375  8.72%   244  663s
  6085  4537 14684.5308   51  241 15444.7799 14098.1350  8.72%   243  678s
  6190  4537 15248.1488  134  210 15444.7799 14101.9202  8.69%   243  680s
  6241  4651 14270.5987   47  332 15444.7799 14101.9202  8.69%   243  696s
  6369  4712 14921.5397  100  238 15444.7799 14104.3197  8.68%   243  712s
  6445  4743 14518.5926   30  435 15444.7799 14104.3197  8.68%   245  726s
  6476  4801 14612.2263   38  275 15444.7799 14104.3197  8.68%   249  740s
  6534  4879 14872.4159   49  199 15444.7799 14104.6736  8.68%   251  756s
  6640  5024 14510.5218   51  363 15444.7799 14105.6423  8.67%   252  773s
  6801  5105 14256.8540   55  450 15444.7799 14105.6423  8.67%   252  790s
  6902  5213 15163.6865   93  129 15444.7799 14107.2893  8.66%   253  807s
  7039  5342 14496.1489   54  337 15444.7799 14114.0190  8.62%   254  825s
  7202  5468 14315.0736   37  391 15444.7799 14114.1410  8.62%   253  844s
  7235  5468 14781.4797   70  224 15444.7799 14114.1410  8.62%   253  845s
  7359  5600     cutoff  108      15444.7799 14114.8574  8.61%   253  867s
  7526  5697 14226.9619   44  436 15444.7799 14115.3108  8.61%   253  887s
  7635  5787 15115.4054   84  163 15444.7799 14116.3662  8.60%   254  907s
  7739  5876 14911.9606   63  295 15444.7799 14116.4906  8.60%   256  928s
  7874  5982     cutoff   91      15444.7799 14117.8392  8.59%   256  951s
  8005  6019 14240.2528   49  391 15444.7799 14120.3850  8.58%   257  972s
H 8008  5999                    15425.980000 14120.3850  8.46%   257  972s
  8068  6098 14229.2177   52  450 15425.9800 14120.3850  8.46%   256  993s
  8188  6238 14477.7418   64  304 15425.9800 14120.3850  8.46%   258 1014s
  8208  6238 14713.4622   74  307 15425.9800 14120.3850  8.46%   258 1015s
  8338  6376 14955.6228  104   93 15425.9800 14124.1159  8.44%   259 1039s
  8358  6376 15095.7808  114   78 15425.9800 14124.1159  8.44%   258 1040s
  8510  6566 14956.8281   87   25 15425.9800 14124.5384  8.44%   259 1062s
  8742  6714 14280.0886   37  469 15425.9800 14126.1389  8.43%   257 1085s
  8902  6863 15017.7959   66  124 15425.9800 14126.5952  8.42%   258 1108s
  9076  7070 14786.2753  112  199 15425.9800 14126.9713  8.42%   258 1135s
  9332  7232     cutoff  133      15425.9800 14129.9949  8.40%   257 1159s
  9379  7232 14766.3959   85  118 15425.9800 14129.9949  8.40%   257 1160s
  9522  7322     cutoff  139      15425.9800 14130.6765  8.40%   257 1182s
  9628  7387 14366.6888   48  388 15425.9800 14130.8565  8.40%   259 1202s
  9693  7521 14557.6430   60  294 15425.9800 14130.8565  8.40%   262 1222s
  9827  7740 14970.3078   89  178 15425.9800 14131.3225  8.39%   264 1248s
  9951  7741 15345.7126  137   16 15425.9800 14131.3225  8.39%   262 1250s
 10116  7851     cutoff  148      15425.9800 14132.2885  8.39%   260 1271s
 10277  8035 14375.4951   47  467 15425.9800 14134.3292  8.37%   261 1295s
 10497  8160     cutoff  135      15425.9800 14134.6460  8.37%   259 1318s
 10649  8295 14273.9674   40  388 15425.9800 14134.8054  8.37%   260 1341s
 10806  8382 14381.2836   79  438 15425.9800 14135.8762  8.36%   260 1365s
 10927  8493 14304.9566   35  485 15425.9800 14141.9747  8.32%   261 1388s
 11050  8605 14395.5804   42  292 15425.9800 14142.2164  8.32%   262 1410s
 11185  8624 14265.5386   79  499 15425.9800 14142.3428  8.32%   263 1434s
 11204  8791 14349.5347   83  412 15425.9800 14142.3428  8.32%   264 1457s
 11402  9033 14819.0979  118  169 15425.9800 14145.8577  8.30%   264 1486s
 11683  9107 15231.3923  104  141 15425.9800 14147.8946  8.29%   262 1509s
 11730  9107 15138.1776   79  193 15425.9800 14147.8946  8.29%   263 1510s
 11785  9186 14486.9368   58  383 15425.9800 14149.4166  8.28%   264 1534s
 11876  9258 14346.0513   58  432 15425.9800 14149.5051  8.27%   266 1555s
 11966  9349 14475.4097   46  350 15425.9800 14149.5051  8.27%   268 1578s
 12057  9471 15122.6583   67  131 15425.9800 14149.6083  8.27%   269 1604s
 12148  9471 15423.9864   77   35 15425.9800 14149.6083  8.27%   269 1605s
 12211  9722 14347.4006   42  433 15425.9800 14149.9184  8.27%   270 1635s
 12474  9894 14455.5650   42  351 15425.9800 14150.0639  8.27%   269 1668s
 12635  9895 15343.7300  116    - 15425.9800 14151.4347  8.26%   268 1670s
 12712 10028 14558.1209   45  370 15425.9800 14151.6622  8.26%   268 1694s
 12797 10028 15283.6249  130   20 15425.9800 14151.6622  8.26%   267 1695s
 12851 10237 14305.1426   38  371 15425.9800 14153.1764  8.25%   268 1722s
 13075 10352 14571.6463   48  293 15425.9800 14153.1764  8.25%   268 1746s
 13224 10581 14828.7503   74  138 15425.9800 14155.2798  8.24%   269 1775s
 13505 10621 14436.9275   32  493 15425.9800 14156.4363  8.23%   268 1799s
 13545 10731 14655.6673   43  411 15425.9800 14156.4610  8.23%   270 1823s
 13690 10896 15234.4529   92   32 15425.9800 14157.1498  8.23%   271 1976s
H13772 10800                    15402.780000 14157.1498  8.09%   271 1977s
 13854 10990 15144.9702   69   93 15402.7800 14157.8209  8.08%   271 2004s
 13931 10990 14997.2319  107  122 15402.7800 14157.8209  8.08%   271 2005s
 14123 11096 14382.1735   54  366 15402.7800 14159.0236  8.07%   270 2031s
 14244 11274 14470.2439   55  368 15402.7800 14160.5177  8.07%   271 2059s
 14282 11274 14730.0857   71  280 15402.7800 14160.5177  8.07%   272 2060s
 14479 11439 14792.2387   76  197 15402.7800 14160.9706  8.06%   271 2088s
 14609 11443 15390.7002  130   21 15402.7800 14160.9706  8.06%   270 2090s
 14689 11617 infeasible  131      15402.7800 14161.7247  8.06%   271 2115s
 14897 11765 14864.1796   60  267 15402.7800 14162.3497  8.05%   271 2141s
 15063 11894 14909.7972   54  132 15402.7800 14162.7854  8.05%   272 2168s
 15226 12082 14516.6088   61  490 15402.7800 14163.2324  8.05%   273 2196s
 15411 12274 14775.1165   73  188 15402.7800 14163.2952  8.05%   273 2223s
 15681 12447 14521.6874   54  449 15402.7800 14165.7828  8.03%   272 2249s
 15702 12447 14895.2482   75  212 15402.7800 14165.7828  8.03%   272 2250s
 15875 12525 15183.4477  104  292 15402.7800 14166.0114  8.03%   272 2276s
 16003 12659 14425.7604   49  305 15402.7800 14166.8079  8.02%   273 2302s
 16162 12864 14636.9286   59  327 15402.7800 14167.4912  8.02%   274 2329s
 16190 12864 15089.7045   87  148 15402.7800 14167.4912  8.02%   274 2330s
 16418 13026 15116.6346   81  350 15402.7800 14168.0007  8.02%   273 2356s
 16641 13119 15157.7388   89   49 15402.7800 14171.2497  8.00%   273 2381s
 16747 13228     cutoff   98      15402.7800 14171.3827  7.99%   274 2407s
 16912 13283 14359.0573   34  495 15402.7800 14173.5712  7.98%   275 2431s
 16967 13421 14518.8394   42  400 15402.7800 14173.5712  7.98%   277 2456s
 17105 13703 14781.4506   65  181 15402.7800 14173.5836  7.98%   278 2488s
 17310 13703 15304.6336   97   54 15402.7800 14173.8196  7.98%   277 2490s
 17459 13830 14264.8512   38  427 15402.7800 14174.4425  7.97%   276 2515s
 17620 13976 14351.8420   48  421 15402.7800 14175.8420  7.97%   277 2542s
 17794 14109 14649.9162   69  395 15402.7800 14177.1452  7.96%   277 2567s
 17952 14283 14733.4219   53  231 15402.7800 14177.4067  7.96%   277 2593s
 18151 14284 15095.4754   86  120 15402.7800 14177.4713  7.96%   277 2595s
 18152 14431 15065.6929  103  106 15402.7800 14177.6020  7.95%   277 2621s
 18340 14515 infeasible   90      15402.7800 14178.9233  7.95%   278 2647s
 18455 14671 14952.1807   47  185 15402.7800 14179.0920  7.94%   279 2676s
 18613 14933 14989.4104   97   74 15402.7800 14180.0728  7.94%   279 2705s
 19006 15059 14282.8056   36  465 15402.7800 14181.4660  7.93%   277 2733s
 19142 15179 14435.8855   38  417 15402.7800 14182.7015  7.92%   278 2758s
 19292 15310 14803.6372   65  290 15402.7800 14183.5593  7.92%   278 2784s
 19332 15310 15358.5864  105  298 15402.7800 14183.5593  7.92%   278 2785s
 19442 15487 15316.8508   78   43 15402.7800 14185.0934  7.91%   279 2811s
 19668 15649 14631.1082   94  427 15402.7800 14186.2820  7.90%   278 2839s
 19689 15649 15052.4829  115  199 15402.7800 14186.2820  7.90%   278 2840s
 19856 15795 14945.4059   81  201 15402.7800 14186.6019  7.90%   279 2868s
 20117 15984 14513.2979   53  300 15402.7800 14187.0443  7.89%   278 2895s
 20335 16105 14684.3072   93  271 15402.7800 14187.5145  7.89%   278 2925s
 20516 16190 14459.1528   66  497 15402.7800 14187.5326  7.89%   278 2951s
 20601 16407 14772.7282   78  345 15402.7800 14187.5326  7.89%   279 2978s
 20756 16407 14932.5396   79  154 15402.7800 14187.5326  7.89%   279 2980s
 20838 16511 15148.0635  125   88 15402.7800 14187.6485  7.89%   279 3004s
 20884 16511 14930.5677   68  371 15402.7800 14187.6485  7.89%   279 3005s
 20969 16684 14943.1205   70  365 15402.7800 14188.8381  7.88%   279 3029s
 21033 16684 14914.8923   91   87 15402.7800 14188.8381  7.88%   279 3030s
 21172 16830 14667.6309   60  191 15402.7800 14189.9020  7.87%   279 3056s
 21355 16956 14302.1305   49  431 15402.7800 14192.6883  7.86%   280 3082s
 21494 17122 14540.3701   92  389 15402.7800 14193.1401  7.85%   280 3109s
 21570 17122 14938.0448   74  156 15402.7800 14193.1401  7.85%   280 3110s
 21698 17336 14950.7828   76  167 15402.7800 14193.3711  7.85%   280 3139s
 21718 17336 15057.9897   96  156 15402.7800 14193.3711  7.85%   280 3140s
 21962 17455 14344.6373   42  489 15402.7800 14194.6877  7.84%   279 3166s
 22106 17550 14516.6513   57  415 15402.7800 14195.3030  7.84%   280 3191s
 22217 17670 14733.1262   87  281 15402.7800 14195.6919  7.84%   281 3217s
 22376 17790 14402.6346   50  380 15402.7800 14195.8811  7.84%   281 3244s
 22460 17790 14984.4603   64  174 15402.7800 14195.8811  7.84%   281 3245s
 22532 17941 14993.5784   65  193 15402.7800 14196.7052  7.83%   282 3271s
 22730 18095 15314.8321   86   59 15402.7800 14197.4962  7.83%   282 3302s
 22929 18190 15376.4212  102  224 15402.7800 14198.6489  7.82%   282 3330s
 23052 18330 14604.4612   34  323 15402.7800 14200.7560  7.80%   282 3358s
 23203 18542 15086.0632   63  186 15402.7800 14200.9497  7.80%   283 3386s
 23453 18674 14600.6104   81  417 15402.7800 14201.5954  7.80%   282 3414s
 23551 18674 15162.4422   93  100 15402.7800 14201.7616  7.80%   282 3415s
 23644 18824 14870.3921   61  294 15402.7800 14201.7621  7.80%   282 3441s
 23837 19067 14387.6127   42  350 15402.7800 14202.3086  7.79%   282 3471s
 24108 19301 14767.9726   60   91 15402.7800 14203.0496  7.79%   282 3500s
 24379 19429     cutoff  121      15402.7800 14206.1245  7.77%   281 3530s
 24545 19525 14562.2738   36  404 15402.7800 14207.1440  7.76%   281 3555s
 24657 19686 14637.0842   37  365 15402.7800 14207.3369  7.76%   282 3583s
 24840 19686 15348.0512  128  139 15402.7800 14207.4973  7.76%   282 3585s
 24859 19792 14887.1299   70  206 15402.7800 14208.0320  7.76%   282 3600s

Cutting planes:
  User: 6957
  Gomory: 39
  Cover: 517
  Implied bound: 78
  Clique: 9
  MIR: 218
  StrongCG: 1
  Flow cover: 561
  Inf proof: 2
  Zero half: 29
  RLT: 356
  Relax-and-lift: 8
  Lazy constraints: 1745

Explored 24976 nodes (7062897 simplex iterations) in 3601.14 seconds
Thread count was 2 (of 32 available processors)

Solution count 4: 15402.8 15426 15444.8 15655.6 

Time limit reached
Best objective 1.540278000000e+04, best bound 1.420803198358e+04, gap 7.7567%

User-callback calls 328855, time in user-callback 207.94 sec
================================================================================
executing instance: ./input/Instances/Original/2/absH3high_4n10.dat
--------------------------------------------------------------------------------
Instance details
n	11
H	3
C	822
Li:
[0, 0, 0, 0, 0, 0, 0, 0, 0, 0, 0, ]
Ui:
[0, 102, 52, 88, 182, 153, 138, 38, 165, 297, 86, ]
Distance matrix:
|0	285	411	382	327	239	148	256	307	36	383	|
|285	0	352	98	249	103	227	235	120	268	209	|
|411	352	0	395	106	430	263	549	234	429	174	|
|382	98	395	0	302	173	320	288	168	364	227	|
|327	249	106	302	0	324	179	444	135	339	109	|
|239	103	430	173	324	0	241	132	212	212	305	|
|148	227	263	320	179	241	0	325	192	165	249	|
|256	235	549	288	444	132	325	0	342	220	436	|
|307	120	234	168	135	212	192	342	0	304	94	|
|36	268	429	364	339	212	165	220	304	0	386	|
|383	209	174	227	109	305	249	436	94	386	0	|

--------------------------------------------------------------------------------
Building model...
	using lazy and cut (CVRPSEP package)
Solving IRP LP...
--------------------------------------------------------------------------------

Gurobi 9.1.0 (linux64) logging started Sat Jan 23 11:39:09 2021

Gurobi Optimizer version 9.1.0 build v9.1.0rc0 (linux64)
Thread count: 32 physical cores, 32 logical processors, using up to 2 threads
Optimize a model with 491 rows, 956 columns and 3764 nonzeros
Model fingerprint: 0x12b92daa
Variable types: 164 continuous, 792 integer (132 binary)
Coefficient statistics:
  Matrix range     [1e+00, 3e+02]
  Objective range  [2e-01, 5e+02]
  Bounds range     [1e+00, 3e+02]
  RHS range        [2e+01, 1e+03]
Presolve removed 104 rows and 11 columns
Presolve time: 0.01s
Presolved: 387 rows, 945 columns, 3288 nonzeros
Variable types: 153 continuous, 792 integer (672 binary)

Root relaxation: objective 4.141947e+03, 479 iterations, 0.01 seconds

    Nodes    |    Current Node    |     Objective Bounds      |     Work
 Expl Unexpl |  Obj  Depth IntInf | Incumbent    BestBd   Gap | It/Node Time

     0     0 4141.94665    0   53          - 4141.94665      -     -    0s
H    0     0                    7144.2300000 4141.94665  42.0%     -    0s
     0     0 4276.95496    0   78 7144.23000 4276.95496  40.1%     -    0s
H    0     0                    7133.8800000 4276.95496  40.0%     -    0s
     0     0 4284.00863    0   76 7133.88000 4284.00863  39.9%     -    0s
     0     0 4429.68233    0   88 7133.88000 4429.68233  37.9%     -    0s
H    0     0                    6955.8800000 4429.68233  36.3%     -    0s
     0     0 4462.57056    0   71 6955.88000 4462.57056  35.8%     -    0s
     0     0 4462.57056    0   74 6955.88000 4462.57056  35.8%     -    0s
     0     0 4575.20793    0   82 6955.88000 4575.20793  34.2%     -    0s
     0     0 4593.94858    0   86 6955.88000 4593.94858  34.0%     -    0s
     0     0 4606.01883    0   67 6955.88000 4606.01883  33.8%     -    0s
     0     0 4606.01883    0   79 6955.88000 4606.01883  33.8%     -    0s
     0     0 4637.19532    0  104 6955.88000 4637.19532  33.3%     -    0s
     0     0 4652.80221    0   92 6955.88000 4652.80221  33.1%     -    0s
     0     0 4653.36356    0  131 6955.88000 4653.36356  33.1%     -    0s
     0     0 4653.61024    0  123 6955.88000 4653.61024  33.1%     -    0s
     0     0 4676.69629    0  100 6955.88000 4676.69629  32.8%     -    0s
     0     0 4677.13408    0  114 6955.88000 4677.13408  32.8%     -    0s
     0     0 4677.14705    0  141 6955.88000 4677.14705  32.8%     -    0s
     0     0 4680.02504    0  132 6955.88000 4680.02504  32.7%     -    0s
     0     0 4680.02504    0  110 6955.88000 4680.02504  32.7%     -    0s
     0     2 4680.02504    0   87 6955.88000 4680.02504  32.7%     -    0s
H  187   173                    6931.8800000 4687.13809  32.4%  69.0    1s
H  188   175                    6630.2300000 4687.13809  29.3%  68.9    1s
H  430   395                    6471.8400000 4687.13809  27.6%  59.5    3s
H  496   391                    6169.4500000 4705.30331  23.7%  59.3    3s
   773   636 5000.97367   11  143 6169.45000 4905.31038  20.5%  51.3    5s
H  946   722                    5991.4500000 4981.33487  16.9%  64.6    8s
  1124   768 5614.68691   49   30 5991.45000 4993.95695  16.6%  71.0   10s
  2000  1053 5888.28047   73   22 5991.45000 5107.52801  14.8%  74.7   15s
  2954  1346 5694.85135   46  111 5991.45000 5237.24729  12.6%  76.0   20s
  3931  2046 5795.93104   61   46 5991.45000 5290.23914  11.7%  75.2   25s
  5110  2772     cutoff   46      5991.45000 5339.17921  10.9%  75.0   30s
  5896  3147 5749.75137   36  152 5991.45000 5385.28242  10.1%  76.4   35s
  6859  3657 5796.92240   42   84 5991.45000 5416.32769  9.60%  75.9   40s
  7845  4137 5722.36216   39  107 5991.45000 5442.77589  9.16%  75.9   45s
  9034  4643 5795.09331   41   34 5991.45000 5457.95671  8.90%  74.6   50s
 10066  5032     cutoff   49      5991.45000 5474.63236  8.63%  74.1   55s
 11186  5485     cutoff   51      5991.45000 5500.94818  8.19%  73.7   60s
 12508  5971 5730.14559   41  124 5991.45000 5530.17302  7.70%  73.5   65s
 13446  6318 5698.90312   39   84 5991.45000 5547.72821  7.41%  74.2   70s
 14432  6626 5890.56228   42   90 5991.45000 5561.30945  7.18%  73.9   75s
 15442  6935     cutoff   41      5991.45000 5574.50931  6.96%  74.0   80s
 16548  7220 5790.87304   39  128 5991.45000 5590.38019  6.69%  73.9   85s
 17747  7625 5700.15230   44   86 5991.45000 5601.66218  6.51%  74.2   90s
 19080  7908     cutoff   37      5991.45000 5616.29500  6.26%  74.0   95s
 20187  8207 5827.28806   41   64 5991.45000 5629.28908  6.04%  73.7  100s
 21318  8538     cutoff   42      5991.45000 5637.73489  5.90%  73.4  105s
 22697  8858 5754.91181   40   76 5991.45000 5647.35725  5.74%  73.1  110s
 23827  9027 5985.94811   54   80 5991.45000 5653.74169  5.64%  72.9  115s
 25013  9300     cutoff   51      5991.45000 5660.18254  5.53%  72.5  120s
 26439  9587     cutoff   46      5991.45000 5668.62999  5.39%  72.1  125s
 27655  9873 5926.87807   43   37 5991.45000 5676.18593  5.26%  71.6  130s
 28880 10129 5880.93509   49   75 5991.45000 5681.56200  5.17%  71.2  135s
 30236 10360 5899.53082   45   87 5991.45000 5688.37202  5.06%  70.9  140s
 31325 10578 5863.67321   45   49 5991.45000 5692.98163  4.98%  70.8  145s
 32671 10747     cutoff   46      5991.45000 5699.60715  4.87%  70.5  150s
 34040 10907 5900.58494   52   47 5991.45000 5707.26709  4.74%  70.3  156s
 35086 10958 5812.15296   42   76 5991.45000 5712.24925  4.66%  70.1  160s
 36181 11053     cutoff   40      5991.45000 5717.10027  4.58%  70.0  165s
 37495 11171 5937.02308   47  121 5991.45000 5722.63884  4.49%  70.0  170s
 38493 11251 5918.68205   69   41 5991.45000 5727.01444  4.41%  69.9  175s
 39654 11387 5888.77566   52   62 5991.45000 5732.27621  4.33%  69.8  180s
 40892 11553 5939.60707   55   41 5991.45000 5737.48646  4.24%  69.7  185s
 42148 11635     cutoff   55      5991.45000 5741.81947  4.17%  69.4  190s
 43400 11726 5791.70883   42   91 5991.45000 5747.95478  4.06%  69.3  195s
 44688 11733     cutoff   51      5991.45000 5753.68744  3.97%  69.3  200s
 45871 11782 5809.23129   41   74 5991.45000 5758.35486  3.89%  69.1  205s
 47211 11773     cutoff   64      5991.45000 5764.18760  3.79%  69.1  210s
 48327 11741 5959.62150   46   83 5991.45000 5768.28865  3.72%  69.0  215s
 49656 11608     cutoff   54      5991.45000 5773.98579  3.63%  69.1  220s
 50860 11544 5886.88820   59   79 5991.45000 5779.55232  3.54%  69.0  225s
 52249 11495     cutoff   51      5991.45000 5785.20905  3.44%  68.9  230s
 53465 11436     cutoff   63      5991.45000 5789.66032  3.37%  68.7  235s
 54750 11392 5970.94671   48   96 5991.45000 5794.24170  3.29%  68.4  240s
 56091 11318 5953.55910   41   69 5991.45000 5798.92061  3.21%  68.2  245s
 57599 11170 infeasible   45      5991.45000 5804.40115  3.12%  68.0  250s
 58762 11020     cutoff   50      5991.45000 5810.19711  3.03%  67.9  255s
 60198 10856 5904.99789   53   57 5991.45000 5816.03438  2.93%  67.6  260s
 61718 10649 5852.77283   45   71 5991.45000 5821.37053  2.84%  67.4  265s
 63045 10335     cutoff   47      5991.45000 5827.11303  2.74%  67.2  270s
 64572  9973 5956.39967   47   69 5991.45000 5833.49622  2.64%  67.0  275s
 65900  9636 5889.64687   51   62 5991.45000 5839.13724  2.54%  66.8  280s
 67408  9274 5961.86784   57   53 5991.45000 5845.40472  2.44%  66.5  285s
 69006  8749 5895.46057   62   73 5991.45000 5851.90112  2.33%  66.2  290s
 70589  8230     cutoff   64      5991.45000 5858.10778  2.23%  66.0  295s
 72197  7581     cutoff   54      5991.45000 5865.15469  2.11%  65.7  300s
 73642  7020     cutoff   54      5991.45000 5870.98774  2.01%  65.4  305s
 75579  6135     cutoff   60      5991.45000 5879.76297  1.86%  65.0  310s
 77324  5256 5971.10429   52   55 5991.45000 5889.06370  1.71%  64.6  315s
 78933  4366     cutoff   50      5991.45000 5897.13887  1.57%  64.3  320s
 81382  2866     cutoff   53      5991.45000 5913.00542  1.31%  63.5  325s
