




arguments: ./build/bc_mirp -f ./input/orig_exec_153.cfg
Current dir: /scratch/gui/bc_mirp
File verbosity level: 9
date       time         ( uptime  ) [ thread name/id ]                   file:line     v| 
2021-02-08 05:45:19.220 (   0.054s) [main thread     ]             loguru.cpp:789   INFO| Logging to './output/vi_vc+cus/OU/V2/Original/execution_08_02_2021_05_45_19.log', mode: 'a', verbosity: 9
--------------------------------------------------------------------------------
Parameters
                           instance_path           ./input/Instances/Original/4/
                            model_policy                                       1
                             nb_vehicles                                       2
                              output_dir      ./output/vi_vc+cus/OU/V2/Original/
                            sec_strategy                                       1
                       solver_nb_threads                                       2
                         solver_show_log                                    true
                       solver_time_limit                                    3600
                              use_vi_cos                                   false
                              use_vi_cus                                    true
                         use_vi_hc1_full                                   false
                         use_vi_hc1_half                                   false
                      use_vi_hc1_quarter                                   false
                              use_vi_hc2                                   false
                              use_vi_hc3                                   false
                         use_vi_lex_full                                   false
                         use_vi_lex_half                                   false
                      use_vi_lex_quarter                                   false
                              use_vi_qua                                   false
                               use_vi_vc                                    true
                               use_vi_vr                                   false
--------------------------------------------------------------------------------
executing instance: ./input/Instances/Original/4/absH3low_3n30.dat
--------------------------------------------------------------------------------
Instance details
n	31
H	3
C	2841
Li:
[0, 0, 0, 0, 0, 0, 0, 0, 0, 0, 0, 0, 0, 0, 0, 0, 0, 0, 0, 0, 0, 0, 0, 0, 0, 0, 0, 0, 0, 0, 0, ]
Ui:
[0, 246, 98, 54, 144, 171, 192, 180, 165, 98, 122, 198, 297, 144, 130, 129, 219, 138, 142, 150, 108, 66, 64, 285, 180, 204, 276, 168, 240, 198, 122, ]
Distance matrix:
|0	172	56	166	260	198	42	197	296	110	91	112	238	275	323	183	330	232	175	181	162	191	232	280	201	139	356	185	266	216	26	|
|172	0	178	223	320	335	153	355	444	62	231	99	333	376	214	352	176	235	194	106	47	41	353	161	299	175	225	43	326	374	153	|
|56	178	0	110	204	162	93	233	336	125	144	148	187	226	358	180	313	284	123	152	182	185	282	252	256	88	329	177	210	251	42	|
|166	223	110	0	102	150	199	327	431	194	253	237	113	156	431	228	296	386	44	140	248	208	389	218	366	48	287	200	108	344	148	|
|260	320	204	102	0	156	296	391	493	296	340	339	66	90	531	263	362	486	127	226	349	300	469	278	454	148	334	292	6	406	245	|
|198	335	162	150	156	0	239	255	351	286	245	307	93	106	518	111	442	423	194	280	344	335	349	367	352	182	437	327	158	266	199	|
|42	153	93	199	296	239	0	203	296	91	82	76	278	316	284	217	322	191	201	186	133	180	217	281	177	165	356	175	302	222	52	|
|197	355	233	327	391	255	203	0	104	294	125	266	340	361	436	151	524	276	352	377	330	383	109	477	146	319	553	377	395	19	222	|
|296	444	336	431	493	351	296	104	0	384	214	348	440	456	488	241	617	315	456	476	412	475	113	575	176	422	651	470	497	88	322	|
|110	62	125	194	296	286	91	294	384	0	171	55	298	340	238	292	233	210	176	118	58	91	298	201	248	148	273	87	302	313	94	|
|91	231	144	253	340	245	82	125	214	171	0	141	307	339	324	184	403	187	266	266	204	261	140	363	114	230	438	256	346	144	116	|
|112	99	148	237	339	307	76	266	348	55	141	0	332	373	212	292	275	156	225	173	64	137	254	253	200	194	322	135	345	284	108	|
|238	333	187	113	66	93	278	340	440	298	307	332	0	43	536	203	404	469	153	253	354	321	427	322	420	160	385	313	67	353	229	|
|275	376	226	156	90	106	316	361	456	340	339	373	43	0	578	216	443	507	194	295	397	364	453	361	451	203	421	356	88	372	268	|
|323	214	358	431	531	518	284	436	488	238	324	212	536	578	0	498	309	176	407	320	183	245	376	344	312	383	379	251	537	451	319	|
|183	352	180	228	263	111	217	151	241	292	184	292	203	216	498	0	492	371	266	328	345	364	255	426	272	242	501	356	266	159	198	|
|330	176	313	296	362	442	322	524	617	233	403	275	404	443	309	492	0	397	253	164	218	142	529	84	475	260	72	147	367	543	306	|
|232	235	284	386	486	423	191	276	315	210	187	156	469	507	176	371	397	0	379	327	188	276	202	396	139	346	456	277	492	289	242	|
|175	194	123	44	127	194	201	352	456	176	266	225	153	194	407	266	253	379	0	101	225	174	405	174	375	36	244	166	133	370	152	|
|181	106	152	140	226	280	186	377	476	118	266	173	253	295	320	328	164	327	101	0	148	76	403	100	360	98	177	69	232	396	155	|
|162	47	182	248	349	344	133	330	412	58	204	64	354	397	183	345	218	188	225	148	0	89	316	208	259	201	270	90	355	348	149	|
|191	41	185	208	300	335	180	383	475	91	261	137	321	364	245	364	142	276	174	76	89	0	388	119	336	162	185	8	306	402	169	|
|232	353	282	389	469	349	217	109	113	298	140	254	427	453	376	255	529	202	405	403	316	388	0	497	64	369	570	384	474	112	256	|
|280	161	252	218	278	367	281	477	575	201	363	253	322	361	344	426	84	396	174	100	208	119	497	0	449	187	77	119	283	496	255	|
|201	299	256	366	454	352	177	146	176	248	114	200	420	451	312	272	475	139	375	360	259	336	64	449	0	339	521	333	460	156	223	|
|139	175	88	48	148	182	165	319	422	148	230	194	160	203	383	242	260	346	36	98	201	162	369	187	339	0	260	153	154	337	116	|
|356	225	329	287	334	437	356	553	651	273	438	322	385	421	379	501	72	456	244	177	270	185	570	77	521	260	0	187	338	572	331	|
|185	43	177	200	292	327	175	377	470	87	256	135	313	356	251	356	147	277	166	69	90	8	384	119	333	153	187	0	298	396	163	|
|266	326	210	108	6	158	302	395	497	302	346	345	67	88	537	266	367	492	133	232	355	306	474	283	460	154	338	298	0	410	251	|
|216	374	251	344	406	266	222	19	88	313	144	284	353	372	451	159	543	289	370	396	348	402	112	496	156	337	572	396	410	0	241	|
|26	153	42	148	245	199	52	222	322	94	116	108	229	268	319	198	306	242	152	155	149	169	256	255	223	116	331	163	251	241	0	|

--------------------------------------------------------------------------------
Building model...
	using lazy and cut (CVRPSEP package)
Solving IRP LP...
--------------------------------------------------------------------------------

Gurobi 9.1.0 (linux64) logging started Mon Feb  8 05:45:19 2021

Gurobi Optimizer version 9.1.0 build v9.1.0rc0 (linux64)
Thread count: 32 physical cores, 32 logical processors, using up to 2 threads
Optimize a model with 775 rows, 3280 columns and 8164 nonzeros
Model fingerprint: 0x68bf5c46
Variable types: 304 continuous, 2976 integer (186 binary)
Coefficient statistics:
  Matrix range     [1e+00, 1e+03]
  Objective range  [1e-02, 7e+02]
  Bounds range     [1e+00, 3e+02]
  RHS range        [1e+00, 5e+03]
Presolve removed 245 rows and 122 columns
Presolve time: 0.07s
Presolved: 530 rows, 3158 columns, 7437 nonzeros
Variable types: 182 continuous, 2976 integer (2796 binary)

Root relaxation: objective 2.308499e+03, 542 iterations, 0.01 seconds

    Nodes    |    Current Node    |     Objective Bounds      |     Work
 Expl Unexpl |  Obj  Depth IntInf | Incumbent    BestBd   Gap | It/Node Time

     0     0 2308.49937    0   79          - 2308.49937      -     -    0s
     0     0 2608.36636    0   85          - 2608.36636      -     -    0s
     0     0 3176.30178    0   99          - 3176.30178      -     -    0s
     0     0 3257.00983    0  129          - 3257.00983      -     -    0s
     0     0 3403.58237    0  149          - 3403.58237      -     -    0s
     0     0 3425.61872    0  184          - 3425.61872      -     -    0s
     0     0 3427.09262    0  216          - 3427.09262      -     -    0s
     0     0 3448.03674    0  228          - 3448.03674      -     -    0s
     0     0 3454.03837    0  191          - 3454.03837      -     -    0s
     0     0 3454.45893    0  204          - 3454.45893      -     -    0s
     0     0 3458.18757    0  224          - 3458.18757      -     -    0s
     0     0 3458.18757    0  206          - 3458.18757      -     -    1s
     0     2 3458.67915    0  205          - 3458.67915      -     -    1s
H  234   225                    4938.1900000 3494.82846  29.2%  85.8    3s
*  238   225              89    4886.7800000 3508.22627  28.2%  84.6    3s
   348   319 3925.61352   19  205 4886.78000 3508.22627  28.2%  92.8    5s
*  418   363              74    4745.3700000 3508.22627  26.1%  84.7    5s
*  439   344              85    4568.4700000 3508.22627  23.2%  81.3    6s
*  505   373              49    4567.6400000 3508.22627  23.2%  80.8    7s
*  509   374              47    4560.6400000 3508.22627  23.1%  80.2    7s
   775   614 4090.46204   50   83 4560.64000 3522.85900  22.8%  73.9   10s
H  775   583                    4210.9800000 3522.85900  16.3%  73.9   10s
H  781   557                    4195.9800000 3590.33136  14.4%  73.3   11s
H  787   533                    4192.9800000 3599.87786  14.1%  72.7   11s
   800   545 3610.36096   17  284 4192.98000 3610.36096  13.9%  77.4   15s
H  826   533                    4108.4700000 3652.19203  11.1%  82.2   17s
H  853   530                    4082.9800000 3654.84757  10.5%  83.6   17s
   969   564 4070.55461   35  102 4082.98000 3655.18208  10.5%  89.3   20s
*  987   523              42    3960.6400000 3655.18208  7.71%  90.7   20s
H 1006   480                    3955.6400000 3661.43067  7.44%  91.9   21s
  1125   469 3942.12751   25  203 3955.64000 3703.39400  6.38%   102   25s
* 1308   445              35    3944.1200000 3748.31457  4.96%   109   29s
  1339   436 3909.72309   31  206 3944.12000 3751.13364  4.89%   110   30s
* 1355   394              26    3934.1200000 3761.22823  4.39%   110   30s
  1567   344     cutoff   27      3934.12000 3799.60999  3.42%   117   35s
H 1631   293                    3914.8500000 3802.66711  2.87%   117   36s
  1805   213     cutoff   26      3914.85000 3826.85746  2.25%   119   40s
  2131    15     cutoff   32      3914.85000 3885.17496  0.76%   118   45s

Cutting planes:
  User: 1043
  Learned: 1
  Gomory: 20
  Cover: 193
  Implied bound: 62
  Clique: 19
  MIR: 63
  StrongCG: 3
  Flow cover: 197
  GUB cover: 4
  Zero half: 23
  RLT: 128
  Relax-and-lift: 1
  Lazy constraints: 107

Explored 2190 nodes (255584 simplex iterations) in 45.30 seconds
Thread count was 2 (of 32 available processors)

Solution count 10: 3914.85 3934.12 3944.12 ... 4210.98

Optimal solution found (tolerance 1.00e-04)
Best objective 3.914850000000e+03, best bound 3.914850000000e+03, gap 0.0000%

User-callback calls 10064, time in user-callback 3.07 sec
================================================================================
executing instance: ./input/Instances/Original/4/absH3low_3n10.dat
--------------------------------------------------------------------------------
Instance details
n	11
H	3
C	687
Li:
[0, 0, 0, 0, 0, 0, 0, 0, 0, 0, 0, ]
Ui:
[0, 189, 44, 174, 78, 36, 198, 117, 42, 96, 240, ]
Distance matrix:
|0	209	255	286	142	156	285	317	182	161	135	|
|209	0	464	451	315	356	490	469	361	299	260	|
|255	464	0	221	202	130	74	280	189	254	273	|
|286	451	221	0	145	156	164	479	354	153	192	|
|142	315	202	145	0	73	194	388	250	53	73	|
|156	356	130	156	73	0	134	332	200	127	144	|
|285	490	74	164	194	134	0	353	256	239	267	|
|317	469	280	479	388	332	353	0	141	436	430	|
|182	361	189	354	250	200	256	141	0	296	289	|
|161	299	254	153	53	127	239	436	296	0	39	|
|135	260	273	192	73	144	267	430	289	39	0	|

--------------------------------------------------------------------------------
Building model...
	using lazy and cut (CVRPSEP package)
Solving IRP LP...
--------------------------------------------------------------------------------

Gurobi 9.1.0 (linux64) logging started Mon Feb  8 05:46:04 2021

Gurobi Optimizer version 9.1.0 build v9.1.0rc0 (linux64)
Thread count: 32 physical cores, 32 logical processors, using up to 2 threads
Optimize a model with 275 rows, 500 columns and 1544 nonzeros
Model fingerprint: 0xcc5319c9
Variable types: 104 continuous, 396 integer (66 binary)
Coefficient statistics:
  Matrix range     [1e+00, 3e+02]
  Objective range  [1e-02, 5e+02]
  Bounds range     [1e+00, 2e+02]
  RHS range        [1e+00, 1e+03]
Presolve removed 85 rows and 42 columns
Presolve time: 0.02s
Presolved: 190 rows, 458 columns, 1298 nonzeros
Variable types: 62 continuous, 396 integer (336 binary)
Found heuristic solution: objective 4202.6500000

Root relaxation: objective 1.258552e+03, 262 iterations, 0.01 seconds

    Nodes    |    Current Node    |     Objective Bounds      |     Work
 Expl Unexpl |  Obj  Depth IntInf | Incumbent    BestBd   Gap | It/Node Time

     0     0 1258.55224    0   34 4202.65000 1258.55224  70.1%     -    0s
H    0     0                    4003.6500000 1258.55224  68.6%     -    0s
     0     0 1617.65599    0   36 4003.65000 1617.65599  59.6%     -    0s
H    0     0                    3883.6500000 1617.65599  58.3%     -    0s
     0     0 1937.46019    0   64 3883.65000 1937.46019  50.1%     -    0s
H    0     0                    2883.9800000 1937.46019  32.8%     -    0s
     0     0 1941.35665    0   70 2883.98000 1941.35665  32.7%     -    0s
     0     0 2051.03298    0   81 2883.98000 2051.03298  28.9%     -    0s
     0     0 2059.14903    0   80 2883.98000 2059.14903  28.6%     -    0s
     0     0 2060.04670    0   76 2883.98000 2060.04670  28.6%     -    0s
     0     0 2060.04670    0   71 2883.98000 2060.04670  28.6%     -    0s
     0     0 2077.98121    0   72 2883.98000 2077.98121  27.9%     -    0s
H    0     0                    2728.1000000 2077.98121  23.8%     -    0s
H    0     0                    2648.1000000 2077.98121  21.5%     -    0s
     0     0 2096.74043    0   64 2648.10000 2096.74043  20.8%     -    0s
     0     0 2096.74043    0   68 2648.10000 2096.74043  20.8%     -    0s
     0     0 2101.59255    0   84 2648.10000 2101.59255  20.6%     -    0s
     0     0 2103.51898    0   84 2648.10000 2103.51898  20.6%     -    0s
     0     0 2104.30104    0   84 2648.10000 2104.30104  20.5%     -    0s
     0     0 2110.74520    0  103 2648.10000 2110.74520  20.3%     -    0s
     0     0 2110.74520    0  103 2648.10000 2110.74520  20.3%     -    0s
     0     2 2112.17492    0   87 2648.10000 2112.17492  20.2%     -    0s
H  105    97                    2615.1000000 2149.96018  17.8%  26.0    0s
H  153   124                    2604.1000000 2165.30467  16.9%  25.0    0s
H  196   128                    2538.8400000 2165.30467  14.7%  23.7    0s
*  212   112               9    2449.1000000 2166.17741  11.6%  23.5    0s

Cutting planes:
  User: 108
  Gomory: 4
  Cover: 65
  Implied bound: 21
  Clique: 4
  MIR: 36
  StrongCG: 1
  Flow cover: 35
  RLT: 44
  Relax-and-lift: 1
  Lazy constraints: 35

Explored 649 nodes (16873 simplex iterations) in 0.97 seconds
Thread count was 2 (of 32 available processors)

Solution count 10: 2449.1 2538.84 2604.1 ... 4202.65

Optimal solution found (tolerance 1.00e-04)
Best objective 2.449100000000e+03, best bound 2.449100000000e+03, gap 0.0000%

User-callback calls 1721, time in user-callback 0.11 sec
================================================================================
executing instance: ./input/Instances/Original/4/absH3low_3n15.dat
--------------------------------------------------------------------------------
Instance details
n	16
H	3
C	1267
Li:
[0, 0, 0, 0, 0, 0, 0, 0, 0, 0, 0, 0, 0, 0, 0, 0, ]
Ui:
[0, 156, 267, 148, 144, 87, 33, 171, 76, 141, 270, 282, 60, 110, 172, 57, ]
Distance matrix:
|0	229	567	76	58	96	306	409	310	423	108	346	165	347	159	256	|
|229	0	482	243	279	155	375	525	251	419	158	373	65	123	329	246	|
|567	482	0	506	622	483	342	439	259	200	467	274	486	433	501	312	|
|76	243	506	0	119	88	230	337	255	352	88	272	179	347	94	194	|
|58	279	622	119	0	154	345	431	366	471	166	391	217	399	179	310	|
|96	155	483	88	154	0	266	397	224	358	17	289	92	262	176	179	|
|306	375	342	230	345	266	0	158	184	148	251	68	332	423	181	140	|
|409	525	439	337	431	397	158	0	340	244	386	201	476	581	253	298	|
|310	251	259	255	366	224	184	340	0	170	208	146	238	257	274	66	|
|423	419	200	352	471	358	148	244	170	0	341	84	396	424	323	182	|
|108	158	467	88	166	17	251	386	208	341	0	273	96	259	172	162	|
|346	373	274	272	391	289	68	201	146	84	273	0	340	400	239	127	|
|165	65	486	179	217	92	332	476	238	396	96	340	0	182	267	216	|
|347	123	433	347	399	262	423	581	257	424	259	400	182	0	423	283	|
|159	329	501	94	179	176	181	253	274	323	172	239	267	423	0	208	|
|256	246	312	194	310	179	140	298	66	182	162	127	216	283	208	0	|

--------------------------------------------------------------------------------
Building model...
	using lazy and cut (CVRPSEP package)
Solving IRP LP...
--------------------------------------------------------------------------------

Gurobi 9.1.0 (linux64) logging started Mon Feb  8 05:46:05 2021

Gurobi Optimizer version 9.1.0 build v9.1.0rc0 (linux64)
Thread count: 32 physical cores, 32 logical processors, using up to 2 threads
Optimize a model with 400 rows, 970 columns and 2749 nonzeros
Model fingerprint: 0xa90d1015
Variable types: 154 continuous, 816 integer (96 binary)
Coefficient statistics:
  Matrix range     [1e+00, 6e+02]
  Objective range  [1e-02, 6e+02]
  Bounds range     [1e+00, 3e+02]
  RHS range        [1e+00, 2e+03]
Presolve removed 125 rows and 62 columns
Presolve time: 0.03s
Presolved: 275 rows, 908 columns, 2382 nonzeros
Variable types: 92 continuous, 816 integer (726 binary)

Root relaxation: objective 1.641402e+03, 316 iterations, 0.01 seconds

    Nodes    |    Current Node    |     Objective Bounds      |     Work
 Expl Unexpl |  Obj  Depth IntInf | Incumbent    BestBd   Gap | It/Node Time

     0     0 1641.40180    0   42          - 1641.40180      -     -    0s
     0     0 1898.05136    0   28          - 1898.05136      -     -    0s
     0     0 2356.85778    0   89          - 2356.85778      -     -    0s
     0     0 2395.63964    0   86          - 2395.63964      -     -    0s
     0     0 2397.15915    0   84          - 2397.15915      -     -    0s
     0     0 2485.01492    0  127          - 2485.01492      -     -    0s
     0     0 2555.56365    0   93          - 2555.56365      -     -    0s
     0     0 2562.63730    0  117          - 2562.63730      -     -    0s
     0     0 2567.10948    0  126          - 2567.10948      -     -    0s
     0     0 2568.46318    0  128          - 2568.46318      -     -    0s
     0     0 2569.13897    0  128          - 2569.13897      -     -    0s
     0     0 2585.90249    0   99          - 2585.90249      -     -    0s
     0     0 2586.44432    0  121          - 2586.44432      -     -    0s
     0     0 2587.40537    0  110          - 2587.40537      -     -    0s
     0     0 2587.40537    0  109          - 2587.40537      -     -    0s
     0     2 2589.53843    0  108          - 2589.53843      -     -    0s
*  220   218              69    5297.0400000 2641.06874  50.1%  35.4    0s
*  226   203              72    4833.4100000 2641.06874  45.4%  34.6    0s
*  227   192              73    4575.8500000 2641.06874  42.3%  34.5    0s
H  312   274                    4458.9200000 2657.65009  40.4%  37.2    1s
*  344   205              43    3863.6900000 2658.18404  31.2%  35.0    1s
H  355   188                    3751.4200000 2658.18404  29.1%  34.9    1s
*  357   146              34    3486.6000000 2658.18404  23.8%  35.1    1s
H  370   132                    3406.6800000 2658.18404  22.0%  35.8    1s
H  384   125                    3321.6800000 2658.18404  20.0%  37.4    1s
H  404   112                    3112.6400000 2658.18404  14.6%  37.8    1s
H  561   118                    3111.6800000 2779.08911  10.7%  42.5    1s
* 1353    83              18    3096.6800000 3004.88393  2.96%  47.1    4s
* 1540    18              18    3082.3200000 3028.55193  1.74%  44.4    4s
* 1587    18              17    3081.5600000 3065.41230  0.52%  43.8    4s

Cutting planes:
  User: 353
  Gomory: 8
  Cover: 91
  Implied bound: 39
  Clique: 11
  MIR: 50
  Flow cover: 91
  Zero half: 7
  RLT: 63
  Relax-and-lift: 3
  Lazy constraints: 263

Explored 1630 nodes (71457 simplex iterations) in 4.76 seconds
Thread count was 2 (of 32 available processors)

Solution count 10: 3081.56 3082.32 3096.68 ... 3863.69

Optimal solution found (tolerance 1.00e-04)
Best objective 3.081560000000e+03, best bound 3.081560000000e+03, gap 0.0000%

User-callback calls 4338, time in user-callback 0.49 sec
================================================================================
executing instance: ./input/Instances/Original/4/absH3low_2n45.dat
--------------------------------------------------------------------------------
Instance details
n	46
H	3
C	3171
Li:
[0, 0, 0, 0, 0, 0, 0, 0, 0, 0, 0, 0, 0, 0, 0, 0, 0, 0, 0, 0, 0, 0, 0, 0, 0, 0, 0, 0, 0, 0, 0, 0, 0, 0, 0, 0, 0, 0, 0, 0, 0, 0, 0, 0, 0, 0, ]
Ui:
[0, 246, 160, 78, 20, 87, 144, 40, 20, 82, 60, 96, 24, 136, 160, 108, 160, 26, 228, 51, 24, 240, 231, 70, 32, 105, 174, 114, 246, 126, 132, 76, 22, 42, 255, 132, 148, 162, 66, 111, 102, 240, 123, 201, 297, 78, ]
Distance matrix:
|0	148	402	550	329	420	187	318	366	280	504	273	233	333	112	344	379	481	113	593	159	523	261	424	90	359	163	461	413	240	105	299	265	89	371	462	339	273	495	22	41	439	369	506	563	468	|
|148	0	284	517	394	284	136	369	244	311	496	166	329	355	223	202	338	388	204	565	254	506	118	346	71	423	173	471	336	118	105	352	198	105	248	428	302	305	487	153	179	441	230	497	517	370	|
|402	284	0	350	448	80	228	406	42	343	382	129	456	350	412	126	219	131	382	395	410	371	180	137	314	466	289	400	137	167	389	401	169	316	39	280	217	342	373	394	414	362	108	380	324	106	|
|550	517	350	0	339	429	385	308	374	295	93	375	431	249	481	461	180	239	458	48	445	57	474	214	496	333	387	160	216	424	601	321	320	471	376	90	217	301	93	530	534	146	452	88	52	262	|
|329	394	448	339	0	513	282	42	438	105	255	363	115	108	221	484	259	431	217	365	172	289	436	362	333	30	224	189	353	380	423	47	291	296	443	285	240	107	251	307	294	193	495	260	378	437	|
|420	284	80	429	513	0	267	473	76	408	462	163	509	421	449	86	298	201	421	474	455	451	167	217	330	533	333	478	217	181	386	466	225	341	70	360	291	406	453	416	438	440	59	460	400	176	|
|187	136	228	385	282	267	0	249	199	186	360	104	248	224	184	214	207	294	155	432	189	371	155	237	113	308	68	336	227	101	216	236	78	98	205	296	168	181	350	174	190	305	231	360	390	283	|
|318	369	406	308	42	473	249	0	397	66	229	325	128	67	216	447	218	389	206	337	168	260	402	320	311	61	196	167	311	345	406	19	252	275	403	248	198	70	223	296	286	164	457	233	344	395	|
|366	244	42	374	438	76	199	397	0	332	397	96	436	346	383	90	228	168	354	420	385	389	139	161	277	458	263	408	158	128	349	391	150	282	6	298	218	331	388	359	380	370	78	395	352	144	|
|280	311	343	295	105	408	186	66	332	0	231	259	142	53	191	380	171	337	173	332	150	257	337	267	258	127	139	182	258	280	359	58	186	223	338	222	143	6	224	258	254	164	390	234	323	340	|
|504	496	382	93	255	462	360	229	397	231	0	375	356	180	422	478	173	293	403	110	381	36	474	248	463	245	345	68	246	419	568	244	308	433	400	104	200	237	9	482	482	67	474	5	142	312	|
|273	166	129	375	363	163	104	325	96	259	375	0	347	283	288	121	202	221	259	423	292	376	99	183	186	386	170	370	175	52	269	315	76	187	102	288	177	256	365	265	285	333	133	374	365	204	|
|233	329	456	431	115	509	248	128	436	142	356	347	0	181	121	462	311	472	128	463	76	386	398	403	260	141	180	294	392	349	334	111	287	224	442	362	280	139	350	212	194	289	479	360	463	472	|
|333	355	350	249	108	421	224	67	346	53	180	283	181	0	244	403	152	324	226	283	201	207	369	256	307	118	186	129	247	311	409	74	208	273	351	183	136	59	173	311	307	113	410	183	282	331	|
|112	223	412	481	221	449	184	216	383	191	422	288	121	244	0	387	327	461	30	521	49	447	313	396	152	250	125	371	385	273	214	196	249	121	389	400	288	185	415	91	74	355	408	425	503	454	|
|344	202	126	461	484	86	214	447	90	380	478	121	462	403	387	0	305	256	360	508	400	473	84	250	255	507	282	482	246	115	302	437	196	271	90	382	288	377	469	343	367	444	28	476	441	232	|
|379	338	219	180	259	298	207	218	228	171	173	202	311	152	327	305	0	172	301	227	300	174	302	105	318	270	217	180	97	249	423	221	141	296	232	90	40	173	164	361	368	142	303	172	184	180	|
|481	388	131	239	431	201	294	389	168	337	293	221	472	324	461	256	172	0	432	280	446	273	300	70	400	442	337	330	80	271	490	391	217	391	167	191	194	339	286	468	483	294	239	289	203	26	|
|113	204	382	458	217	421	155	206	354	173	403	259	128	226	30	360	301	432	0	499	52	426	287	367	133	246	95	355	356	246	208	187	219	100	360	376	261	167	395	90	81	337	381	406	478	425	|
|593	565	395	48	365	474	432	337	420	332	110	423	463	283	521	508	227	280	499	0	482	77	521	260	542	356	431	178	262	472	647	352	368	516	422	137	264	338	114	573	576	174	499	106	78	304	|
|159	254	410	445	172	455	189	168	385	150	381	292	76	201	49	400	300	446	52	482	0	407	331	378	184	201	122	327	367	286	258	149	242	150	391	367	263	144	374	137	122	314	419	384	470	441	|
|523	506	371	57	289	451	371	260	389	257	36	376	386	207	447	473	174	273	426	77	407	0	475	234	477	280	363	104	234	422	583	275	313	449	392	91	205	263	38	503	504	97	468	31	108	294	|
|261	118	180	474	436	167	155	402	139	337	474	99	398	369	313	84	302	300	287	521	331	475	0	275	173	462	220	465	268	58	219	390	168	193	142	388	275	333	464	261	286	430	111	473	462	279	|
|424	346	137	214	362	217	237	320	161	267	248	183	403	256	396	250	105	70	367	260	378	234	275	0	348	374	274	274	11	234	444	321	159	335	163	145	124	269	239	409	422	237	239	245	191	76	|
|90	71	314	496	333	330	113	311	277	258	463	186	260	307	152	255	318	400	133	542	184	477	173	348	0	362	121	430	338	150	106	293	190	37	282	406	279	252	454	88	113	403	280	464	502	386	|
|359	423	466	333	30	533	308	61	458	127	245	386	141	118	250	507	270	442	246	356	201	280	462	374	362	0	252	178	365	406	453	73	313	325	463	286	254	130	242	336	324	187	517	250	374	449	|
|163	173	289	387	224	333	68	196	263	139	345	170	180	186	125	282	217	337	95	431	122	363	220	274	121	252	0	310	263	168	225	180	124	88	269	300	177	133	337	144	152	284	299	347	400	330	|
|461	471	400	160	189	478	336	167	408	182	68	370	294	129	371	482	180	330	355	178	327	104	465	274	430	178	310	0	269	408	534	184	297	398	412	142	194	188	66	439	436	38	482	73	206	345	|
|413	336	137	216	353	217	227	311	158	258	246	175	392	247	385	246	97	80	356	262	367	234	268	11	338	365	263	269	0	226	434	312	149	324	160	143	115	259	237	399	411	232	237	243	196	84	|
|240	118	167	424	380	181	101	345	128	280	419	52	349	311	273	115	249	271	246	472	286	422	58	234	150	406	168	408	226	0	223	333	111	160	133	336	219	276	409	235	258	373	136	418	416	252	|
|105	105	389	601	423	386	216	406	349	359	568	269	334	409	214	302	423	490	208	647	258	583	219	444	106	453	225	534	434	223	0	388	289	137	353	511	384	353	559	123	145	508	330	570	606	473	|
|299	352	401	321	47	466	236	19	391	58	244	315	111	74	196	437	221	391	187	352	149	275	390	321	293	73	180	184	312	333	388	0	243	257	396	258	197	60	238	276	267	178	448	248	355	395	|
|265	198	169	320	291	225	78	252	150	186	308	76	287	208	249	196	141	217	219	368	242	313	168	159	190	313	124	297	149	111	289	243	0	176	156	231	109	183	299	251	266	262	205	308	319	207	|
|89	105	316	471	296	341	98	275	282	223	433	187	224	273	121	271	296	391	100	516	150	449	193	335	37	325	88	398	324	160	137	257	176	0	287	382	256	217	424	78	98	372	295	434	480	379	|
|371	248	39	376	443	70	205	403	6	338	400	102	442	351	389	90	232	167	360	422	391	392	142	163	282	463	269	412	160	133	353	396	156	287	0	301	222	336	391	365	386	374	77	398	353	143	|
|462	428	280	90	285	360	296	248	298	222	104	288	362	183	400	382	90	191	376	137	367	91	388	145	406	286	300	142	143	336	511	258	231	382	301	0	127	226	96	443	448	110	376	100	103	209	|
|339	302	217	217	240	291	168	198	218	143	200	177	280	136	288	288	40	194	261	264	263	205	275	124	279	254	177	194	115	219	384	197	109	256	222	127	0	145	190	321	328	157	289	199	224	198	|
|273	305	342	301	107	406	181	70	331	6	237	256	139	59	185	377	173	339	167	338	144	263	333	269	252	130	133	188	259	276	353	60	183	217	336	226	145	0	230	251	248	170	388	240	328	341	|
|495	487	373	93	251	453	350	223	388	224	9	365	350	173	415	469	164	286	395	114	374	38	464	239	454	242	337	66	237	409	559	238	299	424	391	96	190	230	0	474	474	61	465	11	141	305	|
|22	153	394	530	307	416	174	296	359	258	482	265	212	311	91	343	361	468	90	573	137	503	261	409	88	336	144	439	399	235	123	276	251	78	365	443	321	251	474	0	26	418	367	485	544	456	|
|41	179	414	534	294	438	190	286	380	254	482	285	194	307	74	367	368	483	81	576	122	504	286	422	113	324	152	436	411	258	145	267	266	98	386	448	328	248	474	26	0	416	391	484	550	472	|
|439	441	362	146	193	440	305	164	370	164	67	333	289	113	355	444	142	294	337	174	314	97	430	237	403	187	284	38	232	373	508	178	262	372	374	110	157	170	61	418	416	0	444	71	187	309	|
|369	230	108	452	495	59	231	457	78	390	474	133	479	410	408	28	303	239	381	499	419	468	111	239	280	517	299	482	237	136	330	448	205	295	77	376	289	388	465	367	391	444	0	472	429	214	|
|506	497	380	88	260	460	360	233	395	234	5	374	360	183	425	476	172	289	406	106	384	31	473	245	464	250	347	73	243	418	570	248	308	434	398	100	199	240	11	485	484	71	472	0	137	309	|
|563	517	324	52	378	400	390	344	352	323	142	365	463	282	503	441	184	203	478	78	470	108	462	191	502	374	400	206	196	416	606	355	319	480	353	103	224	328	141	544	550	187	429	137	0	228	|
|468	370	106	262	437	176	283	395	144	340	312	204	472	331	454	232	180	26	425	304	441	294	279	76	386	449	330	345	84	252	473	395	207	379	143	209	198	341	305	456	472	309	214	309	228	0	|

--------------------------------------------------------------------------------
Building model...
	using lazy and cut (CVRPSEP package)
Solving IRP LP...
--------------------------------------------------------------------------------

Gurobi 9.1.0 (linux64) logging started Mon Feb  8 05:46:10 2021

Gurobi Optimizer version 9.1.0 build v9.1.0rc0 (linux64)
Thread count: 32 physical cores, 32 logical processors, using up to 2 threads
Optimize a model with 1150 rows, 6940 columns and 16279 nonzeros
Model fingerprint: 0x7de680dc
Variable types: 454 continuous, 6486 integer (276 binary)
Coefficient statistics:
  Matrix range     [1e+00, 2e+03]
  Objective range  [1e-02, 6e+02]
  Bounds range     [1e+00, 3e+02]
  RHS range        [1e+00, 5e+03]
Presolve removed 233 rows and 116 columns
Presolve time: 0.07s
Presolved: 917 rows, 6824 columns, 15387 nonzeros
Variable types: 338 continuous, 6486 integer (6216 binary)

Root relaxation: objective 2.539073e+03, 902 iterations, 0.02 seconds

    Nodes    |    Current Node    |     Objective Bounds      |     Work
 Expl Unexpl |  Obj  Depth IntInf | Incumbent    BestBd   Gap | It/Node Time

     0     0 2539.07262    0  135          - 2539.07262      -     -    0s
     0     0 2991.50630    0  140          - 2991.50630      -     -    0s
     0     0 2991.54105    0  140          - 2991.54105      -     -    0s
     0     0 3519.29696    0  182          - 3519.29696      -     -    0s
     0     0 3552.20933    0  120          - 3552.20933      -     -    0s
     0     0 3595.11465    0  143          - 3595.11465      -     -    0s
     0     0 3601.84829    0  175          - 3601.84829      -     -    0s
     0     0 3610.83226    0  152          - 3610.83226      -     -    0s
     0     0 3611.25490    0  162          - 3611.25490      -     -    0s
     0     0 3683.89554    0  209          - 3683.89554      -     -    0s
     0     0 3754.47548    0  199          - 3754.47548      -     -    1s
     0     0 3767.37551    0  225          - 3767.37551      -     -    1s
     0     0 3772.02321    0  209          - 3772.02321      -     -    1s
     0     0 3780.14638    0  251          - 3780.14638      -     -    1s
     0     0 3780.19478    0  240          - 3780.19478      -     -    1s
     0     0 3821.86464    0  245          - 3821.86464      -     -    1s
     0     0 3830.19757    0  236          - 3830.19757      -     -    1s
     0     0 3832.31697    0  310          - 3832.31697      -     -    1s
     0     0 3834.18792    0  249          - 3834.18792      -     -    1s
     0     0 3834.56895    0  232          - 3834.56895      -     -    1s
     0     0 3843.08199    0  266          - 3843.08199      -     -    1s
     0     0 3849.33505    0  301          - 3849.33505      -     -    2s
     0     0 3852.40328    0  305          - 3852.40328      -     -    2s
     0     0 3854.06871    0  327          - 3854.06871      -     -    2s
     0     0 3866.34532    0  351          - 3866.34532      -     -    2s
     0     0 3870.81213    0  307          - 3870.81213      -     -    2s
     0     0 3875.69201    0  354          - 3875.69201      -     -    2s
     0     0 3876.51884    0  412          - 3876.51884      -     -    2s
     0     0 3882.90456    0  366          - 3882.90456      -     -    2s
     0     0 3882.90456    0  359          - 3882.90456      -     -    2s
     0     2 3882.90456    0  350          - 3882.90456      -     -    3s
    42    49 3976.66828   12  181          - 3895.51520      -   223    5s
   494   550 5183.96987  141   46          - 3895.51520      -  67.0   10s
   757   711 6605.69332  207  360          - 3922.34878      -  49.2   15s
   781   727 4549.14968   74  416          - 3939.02948      -  47.7   20s
   786   733 3956.51592   12  485          - 3953.81815      -  58.0   25s
   861   791 4229.01627   27  222          - 3972.82467      -  74.7   30s
  1107   969 4609.48440   47  105          - 3972.82467      -  72.5   35s
  1353  1083 4820.43333   65   25          - 3972.82467      -  64.9   40s
  1474  1125 4039.85975   15  393          - 3984.99529      -  67.8   45s
  1516  1157 4173.91614   26  317          - 3984.99529      -  76.1   50s
  1590  1215 4311.18150   39  198          - 3984.99529      -  84.3   55s
  1706  1299 4577.20818   62   61          - 3984.99529      -  87.6   60s
  1926  1427 6324.38399  188   10          - 3984.99529      -  84.9   65s
  2097  1570 5259.89000  139    -          - 3984.99529      -  81.6   71s
  2371  1664 6605.24000  215    6          - 3984.99529      -  75.9   75s
  2581  1739 4086.90973   16  398          - 3995.12749      -  73.2   80s
  2650  1813 4341.05455   23  221          - 3995.12749      -  77.5   85s
  2839  1970 4373.95889   24  245          - 3995.12749      -  77.2   93s
  2964  1945 4346.23337   27  236          - 3995.12749      -  75.2   95s
  3062  2018 4389.78469   31  189          - 3995.12749      -  77.4  100s
  3133  2094 4494.00616   37  116          - 3995.12749      -  82.1  106s
  3236  2239 4710.98583   39  246          - 3995.12749      -  84.9  111s
  3397  2482 4727.34737   44  138          - 3995.12749      -  84.3  116s
  3594  2683 4844.80856   55   74          - 3995.12749      -  81.8  120s
  3944  2876 4855.11892  103    9          - 3995.12749      -  76.3  125s
  4206  3018 4055.59471   15  305          - 4030.68734      -  75.8  131s
  4262  3091 4253.72092   24  360          - 4030.68734      -  78.4  136s
  4396  3216 4402.22239   29  105          - 4030.68734      -  78.9  143s
  4476  3252 4629.27000   43   10          - 4030.68734      -  80.0  146s
  4590  3380 5899.79998  113  102          - 4035.96052      -  81.2  152s
  4677  3426 4192.41682   17  420          - 4035.96052      -  81.7  155s
  4750  3532 4419.28192   39  201          - 4035.96052      -  84.2  161s
  4875  3669 4754.00062   52  149          - 4035.96052      -  86.5  169s
  4917  3673 5400.55111   85   32          - 4035.96052      -  86.9  170s
  5108  3826 6397.22000  137   13          - 4035.96052      -  86.8  175s
  5214  4031 5798.64000  111   17          - 4035.96052      -  86.1  180s
  5413  4198 5888.13683   98   48          - 4035.96052      -  84.3  185s
  5605  4323 6900.29500  145   14          - 4040.03929      -  83.5  190s
  5817  4465 4291.77872   21  293          - 4040.03929      -  82.4  195s
  5979  4765 4533.43900   33  183          - 4040.03929      -  83.1  206s
  6262  4876 4725.83348   45   59          - 4040.03929      -  81.6  212s
  6346  5020 4990.90400   59   49          - 4040.03929      -  82.4  216s
  6491  5248 4915.06130  104  100          - 4040.03929      -  82.6  222s
  6776  5415 5699.30000  123   18          - 4053.27632      -  81.3  229s
  6872  5426 7713.88889  201    6          - 4053.27632      -  80.6  230s
  6989  5502 4601.10688   20  256          - 4053.27632      -  81.2  237s
  7033  5564 4551.94005   30  207          - 4053.27632      -  82.2  241s
  7095  5654 4650.49798   35  231          - 4053.27632      -  83.0  246s
  7203  5702 4834.97102   45  267          - 4053.27632      -  83.4  250s
  7242  5841 4939.62315   62   49          - 4053.27632      -  84.2  255s
  7381  6106 5171.98000  104   10          - 4062.01774      -  84.8  263s
  7772  6315 4358.86519   21  279          - 4062.01774      -  83.2  271s
  7955  6454 4515.88250   65   13          - 4062.01774      -  83.2  279s
  7979  6454 4916.43136   73   16          - 4062.01774      -  83.4  280s
  8161  6681 5185.45899   79   50          - 4066.92574      -  83.3  287s
  8380  6811 4575.18516   14  362          - 4066.92574      -  83.5  295s
  8572  7060 4774.87169   27  193          - 4066.92574      -  83.3  304s
  8596  7066 4919.57661   37  119          - 4066.92574      -  83.4  305s
  8929  7182 4876.86181   32  194          - 4066.92574      -  81.9  311s
  8978  7317 5815.36500   91   29          - 4069.30267      -  83.0  318s
  9175  7377 4585.16398   16  234          - 4069.97860      -  82.9  324s
  9204  7439 4589.86050   25  168          - 4069.97860      -  84.0  329s
  9266  7570 5068.96000   44   38          - 4069.97860      -  85.1  337s
  9463  7704 5210.58970   58  165          - 4070.88075      -  85.4  345s
  9686  7868 4547.40359   16  120          - 4076.96716      -  85.1  352s
  9791  8062 4755.14667   35    4          - 4076.96716      -  85.9  362s
 10098  8267 4816.50000   36   18          - 4076.96716      -  85.2  370s
 10291  8742 5013.10000   44   20          - 4076.96716      -  85.0  381s
 10960  8845 7746.21500  187    6          - 4076.96716      -  81.4  385s
 10979  9093 5272.65773   59   63          - 4083.27732      -  81.5  393s
 11236  9145 5290.51115   83    6          - 4089.81934      -  80.6  395s
 11357  9185 4441.89679   20  236          - 4089.81934      -  80.4  400s
*11380  7824             170    6818.0700000 4089.81934  40.0%  80.8  400s
*11383  7517             166    6602.0700000 4089.81934  38.1%  80.7  400s
 11392  7510 4564.16572   28  226 6602.07000 4089.81934  38.1%  81.1  406s
 11430  7586 5005.02044   47   75 6602.07000 4094.13611  38.0%  81.8  413s
 11548  7632     cutoff  118      6602.07000 4095.54309  38.0%  82.1  419s
 11583  7680 4428.33878   28  272 6602.07000 4095.54309  38.0%  82.5  432s
 11637  7772 5232.10671   55   59 6602.07000 4098.02761  37.9%  83.0  438s
 11753  7812     cutoff  132      6602.07000 4098.95429  37.9%  83.3  444s
 11790  7891 4664.64471   27  242 6602.07000 4098.95429  37.9%  83.9  452s
 11921  7975 5263.87601   53  174 6602.07000 4101.48367  37.9%  83.9  459s
 12008  8012 6024.78963   87   30 6602.07000 4102.92123  37.9%  84.2  477s
 12038  8051 4471.96557   30  221 6602.07000 4102.92123  37.9%  84.9  501s
 12077  8228 4903.71367   46  215 6602.07000 4103.08921  37.9%  85.7  513s
 12288  8240 infeasible  119      6602.07000 4106.20861  37.8%  85.3  520s
 12302  8289 4489.35736   23  238 6602.07000 4106.21151  37.8%  85.9  526s
 12351  8430 4795.45070   44  214 6602.07000 4107.78507  37.8%  86.4  533s
