




arguments: ./build/bc_mirp -f ./input/orig_exec_57.cfg
Current dir: /scratch/gui/bc_mirp
File verbosity level: 9
date       time         ( uptime  ) [ thread name/id ]                   file:line     v| 
2021-02-07 01:38:58.397 (   0.047s) [main thread     ]             loguru.cpp:789   INFO| Logging to './output/vi_vc+cus/OU/V2/Original/execution_07_02_2021_01_38_58.log', mode: 'a', verbosity: 9
--------------------------------------------------------------------------------
Parameters
                           instance_path           ./input/Instances/Original/2/
                            model_policy                                       1
                             nb_vehicles                                       2
                              output_dir      ./output/vi_vc+cus/OU/V2/Original/
                            sec_strategy                                       1
                       solver_nb_threads                                       2
                         solver_show_log                                    true
                       solver_time_limit                                    3600
                              use_vi_cos                                   false
                              use_vi_cus                                    true
                         use_vi_hc1_full                                   false
                         use_vi_hc1_half                                   false
                      use_vi_hc1_quarter                                   false
                              use_vi_hc2                                   false
                              use_vi_hc3                                   false
                         use_vi_lex_full                                   false
                         use_vi_lex_half                                   false
                      use_vi_lex_quarter                                   false
                              use_vi_qua                                   false
                               use_vi_vc                                    true
                               use_vi_vr                                   false
--------------------------------------------------------------------------------
executing instance: ./input/Instances/Original/2/absH3high_3n40.dat
--------------------------------------------------------------------------------
Instance details
n	41
H	3
C	3283
Li:
[0, 0, 0, 0, 0, 0, 0, 0, 0, 0, 0, 0, 0, 0, 0, 0, 0, 0, 0, 0, 0, 0, 0, 0, 0, 0, 0, 0, 0, 0, 0, 0, 0, 0, 0, 0, 0, 0, 0, 0, 0, ]
Ui:
[0, 63, 111, 99, 96, 111, 282, 122, 156, 261, 42, 192, 126, 42, 162, 207, 159, 122, 102, 190, 118, 102, 132, 102, 165, 252, 66, 52, 22, 114, 210, 176, 116, 294, 78, 152, 210, 45, 130, 198, 174, ]
Distance matrix:
|0	208	225	252	227	143	258	127	267	150	28	83	163	286	57	149	201	137	214	255	70	73	107	186	328	266	249	343	222	177	293	144	262	215	167	120	169	218	143	173	255	|
|208	0	397	355	416	198	216	99	211	275	193	172	97	166	240	225	362	109	277	314	182	216	273	374	298	208	319	161	14	103	93	120	58	196	152	156	372	227	260	218	453	|
|225	397	0	427	53	364	482	343	492	129	253	225	382	386	171	188	39	291	187	195	295	182	282	55	326	491	180	551	408	315	457	366	455	275	392	244	221	439	341	214	101	|
|252	355	427	0	401	158	201	263	219	396	234	328	259	498	299	400	420	354	465	506	205	324	152	374	574	219	499	393	366	389	446	235	378	456	205	359	224	150	111	423	400	|
|227	416	53	401	0	357	477	352	489	165	253	245	389	424	179	223	85	315	234	245	293	200	264	42	375	488	231	565	428	344	484	370	474	314	392	270	184	430	325	252	50	|
|143	198	364	158	357	0	121	105	134	290	116	196	103	342	200	276	343	205	343	385	74	210	112	319	432	133	382	265	209	237	290	78	226	313	57	220	232	75	69	292	375	|
|258	216	482	201	477	121	0	168	18	397	230	293	135	381	314	372	459	275	437	480	188	317	228	439	501	18	479	197	222	296	290	132	212	386	95	306	347	58	173	381	496	|
|127	99	343	263	352	105	168	0	171	239	105	130	40	237	173	206	313	109	270	312	84	164	175	310	337	169	313	216	112	135	192	37	142	220	77	138	280	155	162	213	382	|
|267	211	492	219	489	134	18	171	0	404	240	298	136	376	323	376	468	276	441	483	198	324	243	450	500	2	483	181	215	294	281	136	202	386	102	309	363	75	189	384	509	|
|150	275	129	396	165	290	397	239	404	0	175	110	279	259	97	59	91	166	84	116	217	80	245	130	226	402	106	434	286	187	329	269	333	149	302	119	244	364	291	87	213	|
|28	193	253	234	253	116	230	105	240	175	0	94	139	286	84	167	229	136	234	275	43	96	98	212	341	238	271	320	206	175	281	118	244	225	140	128	180	191	124	189	280	|
|83	172	225	328	245	196	293	130	298	110	94	0	169	209	77	80	191	71	147	189	127	45	189	203	247	296	187	327	184	106	241	162	230	132	198	38	242	266	217	96	285	|
|163	97	382	259	389	103	135	40	136	279	139	169	0	253	212	244	353	141	307	349	110	203	194	347	366	133	350	183	107	161	187	27	124	251	56	175	306	133	169	249	418	|
|286	166	386	498	424	342	381	237	376	259	286	209	253	0	284	201	347	151	210	230	299	247	383	387	155	374	242	290	162	112	129	270	192	113	308	172	451	386	391	172	471	|
|57	240	171	299	179	200	314	173	323	97	84	77	212	284	0	112	145	147	170	208	127	38	148	137	299	321	201	386	253	183	315	195	297	195	222	112	171	275	195	142	214	|
|149	225	188	400	223	276	372	206	376	59	167	80	244	201	112	0	149	117	67	110	205	78	254	186	187	374	108	387	235	132	272	240	283	93	277	71	279	346	291	32	270	|
|201	362	39	420	85	343	459	313	468	91	229	191	353	347	145	149	0	254	149	160	272	150	271	66	290	466	146	518	373	278	419	339	420	235	367	207	227	418	327	175	135	|
|137	109	291	354	315	205	275	109	276	166	136	71	141	151	147	117	254	0	172	212	151	116	232	273	229	274	215	270	119	39	170	145	167	111	186	47	305	263	245	113	356	|
|214	277	187	465	234	343	437	270	441	84	234	147	307	210	170	67	149	172	0	42	272	141	317	205	144	439	43	437	284	175	307	305	331	99	343	132	327	413	357	60	283	|
|255	314	195	506	245	385	480	312	483	116	275	189	349	230	208	110	160	212	42	0	314	182	356	222	132	481	15	474	321	212	337	347	367	126	385	174	358	455	398	100	295	|
|70	182	295	205	293	74	188	84	198	217	43	127	110	299	127	205	272	151	272	314	0	137	91	253	370	196	310	292	195	188	274	85	226	252	99	155	197	148	94	223	316	|
|73	216	182	324	200	210	317	164	324	80	96	45	203	247	38	78	150	116	141	182	137	0	176	158	263	323	176	369	229	150	286	191	274	157	223	77	208	284	216	106	239	|
|107	273	282	152	264	112	228	175	243	245	98	189	194	383	148	254	271	232	317	356	91	176	0	231	435	242	349	371	286	271	365	167	315	321	164	224	120	174	61	280	274	|
|186	374	55	374	42	319	439	310	450	130	212	203	347	387	137	186	66	273	205	222	253	158	231	0	348	448	208	523	386	303	442	329	431	279	352	229	167	392	291	217	85	|
|328	298	326	574	375	432	501	337	500	226	341	247	366	155	299	187	290	229	144	132	370	263	435	348	0	498	147	441	299	206	283	374	338	119	414	215	465	492	463	157	425	|
|266	208	491	219	488	133	18	169	2	402	238	296	133	374	321	374	466	274	439	481	196	323	242	448	498	0	481	180	213	292	278	134	200	384	100	307	362	75	188	381	508	|
|249	319	180	499	231	382	479	313	483	106	271	187	350	242	201	108	146	215	43	15	310	176	349	208	147	481	0	480	326	217	346	347	373	135	385	175	347	454	392	103	280	|
|343	161	551	393	565	265	197	216	181	434	320	327	183	290	386	387	518	270	437	474	292	369	371	523	441	180	480	0	153	263	163	207	107	352	208	317	487	244	334	379	598	|
|222	14	408	366	428	209	222	112	215	286	206	184	107	162	253	235	373	119	284	321	195	229	286	386	299	213	326	153	0	109	81	132	48	201	162	167	386	236	272	226	466	|
|177	103	315	389	344	237	296	135	294	187	175	106	161	112	183	132	278	39	175	212	188	150	271	303	206	292	217	263	109	0	142	171	156	95	211	74	344	289	281	118	386	|
|293	93	457	446	484	290	290	192	281	329	281	241	187	129	315	272	419	170	307	337	274	286	365	442	283	278	346	163	81	142	0	212	79	211	241	214	461	311	353	254	525	|
|144	120	366	235	370	78	132	37	136	269	118	162	27	270	195	240	339	145	305	347	85	191	167	329	374	134	347	207	132	171	212	0	151	257	40	174	280	119	142	248	398	|
|262	58	455	378	474	226	212	142	202	333	244	230	124	192	297	283	420	167	331	367	226	274	315	431	338	200	373	107	48	156	79	151	0	245	173	214	421	237	293	273	510	|
|215	196	275	456	314	313	386	220	386	149	225	132	251	113	195	93	235	111	99	126	252	157	321	279	119	384	135	352	201	95	211	257	245	0	297	97	365	374	345	62	362	|
|167	152	392	205	392	57	95	77	102	302	140	198	56	308	222	277	367	186	343	385	99	223	164	352	414	100	385	208	162	211	241	40	173	297	0	213	283	79	126	287	415	|
|120	156	244	359	270	220	306	138	309	119	128	38	175	172	112	71	207	47	132	174	155	77	224	229	215	307	175	317	167	74	214	174	214	97	213	0	280	286	248	75	313	|
|169	372	221	224	184	232	347	280	363	244	180	242	306	451	171	279	227	305	327	358	197	208	120	167	465	362	347	487	386	344	461	280	421	365	283	280	0	291	175	310	176	|
|218	227	439	150	430	75	58	155	75	364	191	266	133	386	275	346	418	263	413	455	148	284	174	392	492	75	454	244	236	289	311	119	237	374	79	286	291	0	116	359	445	|
|143	260	341	111	325	69	173	162	189	291	124	217	169	391	195	291	327	245	357	398	94	216	61	291	463	188	392	334	272	281	353	142	293	345	126	248	175	116	0	313	335	|
|173	218	214	423	252	292	381	213	384	87	189	96	249	172	142	32	175	113	60	100	223	106	280	217	157	381	103	379	226	118	254	248	273	62	287	75	310	359	313	0	300	|
|255	453	101	400	50	375	496	382	509	213	280	285	418	471	214	270	135	356	283	295	316	239	274	85	425	508	280	598	466	386	525	398	510	362	415	313	176	445	335	300	0	|

--------------------------------------------------------------------------------
Building model...
	using lazy and cut (CVRPSEP package)
Solving IRP LP...
--------------------------------------------------------------------------------

Gurobi 9.1.0 (linux64) logging started Sun Feb  7 01:38:58 2021

Gurobi Optimizer version 9.1.0 build v9.1.0rc0 (linux64)
Thread count: 32 physical cores, 32 logical processors, using up to 2 threads
Optimize a model with 1025 rows, 5570 columns and 13274 nonzeros
Model fingerprint: 0xb7f8c009
Variable types: 404 continuous, 5166 integer (246 binary)
Coefficient statistics:
  Matrix range     [1e+00, 2e+03]
  Objective range  [1e-01, 6e+02]
  Bounds range     [1e+00, 3e+02]
  RHS range        [1e+00, 6e+03]
Presolve removed 325 rows and 162 columns
Presolve time: 0.09s
Presolved: 700 rows, 5408 columns, 12307 nonzeros
Variable types: 242 continuous, 5166 integer (4926 binary)

Root relaxation: objective 1.221287e+04, 639 iterations, 0.01 seconds

    Nodes    |    Current Node    |     Objective Bounds      |     Work
 Expl Unexpl |  Obj  Depth IntInf | Incumbent    BestBd   Gap | It/Node Time

     0     0 12212.8670    0  104          - 12212.8670      -     -    0s
     0     0 12715.9701    0  140          - 12715.9701      -     -    0s
     0     0 12718.1542    0  139          - 12718.1542      -     -    0s
     0     0 13356.1738    0  164          - 13356.1738      -     -    0s
     0     0 13477.4304    0  168          - 13477.4304      -     -    0s
     0     0 13485.4618    0  202          - 13485.4618      -     -    0s
     0     0 13487.6668    0  183          - 13487.6668      -     -    0s
     0     0 13512.6152    0  206          - 13512.6152      -     -    0s
     0     0 13512.6152    0  208          - 13512.6152      -     -    0s
     0     0 13598.7834    0  232          - 13598.7834      -     -    0s
     0     0 13623.7497    0  177          - 13623.7497      -     -    0s
     0     0 13643.5490    0  212          - 13643.5490      -     -    0s
     0     0 13645.2071    0  224          - 13645.2071      -     -    0s
     0     0 13701.0782    0  279          - 13701.0782      -     -    1s
     0     0 13709.9429    0  247          - 13709.9429      -     -    1s
     0     0 13724.6264    0  288          - 13724.6264      -     -    1s
     0     0 13727.5513    0  286          - 13727.5513      -     -    1s
     0     0 13728.3174    0  286          - 13728.3174      -     -    1s
     0     0 13730.7768    0  280          - 13730.7768      -     -    1s
     0     0 13732.5223    0  280          - 13732.5223      -     -    1s
     0     0 13734.0420    0  243          - 13734.0420      -     -    1s
     0     0 13735.8021    0  286          - 13735.8021      -     -    1s
     0     0 13741.7233    0  283          - 13741.7233      -     -    2s
     0     0 13741.7233    0  272          - 13741.7233      -     -    2s
     0     2 13741.7233    0  272          - 13741.7233      -     -    2s
    79    83 14074.4826   23  169          - 13772.4668      -   187    5s
   530   564 13943.7387    4  238          - 13791.8229      -  77.0   10s
*  721   700             254    18327.820000 13791.8229  24.7%  62.6   11s
H  760   648                    18106.820000 13791.8229  23.8%  60.3   13s
   769   654 17918.3800  246  343 18106.8200 13815.4053  23.7%  59.6   15s
H  778   627                    17357.610000 13863.0480  20.1%  58.9   17s
   788   633 14214.7653   36  358 17357.6100 13867.2070  20.1%  58.1   20s
   817   657 14040.9561   17  318 17357.6100 13894.0668  20.0%  74.6   25s
   879   701 14140.3685   33  329 17357.6100 13894.0668  20.0%  90.1   30s
   973   771 14323.3619   53  232 17357.6100 13894.0668  20.0%   102   35s
H  993   749                    16733.040000 13894.0668  17.0%   103   36s
  1101   831 14609.6060   88   59 16733.0400 13894.0668  17.0%   105   40s
  1244   944 14745.3688  128  101 16733.0400 13894.0668  17.0%   102   45s
* 1452  1041             169    15251.990000 13894.0668  8.90%  95.9   48s
  1536  1011 14813.9478  200   29 15251.9900 13894.0668  8.90%  94.0   50s
H 1653   915                    15020.750000 13894.0668  7.50%  91.8   52s
  1782   907 14105.8574   26  302 15020.7500 13901.1437  7.45%  91.7   55s
  1883   951 14401.6205   35  238 15020.7500 13901.1437  7.45%  95.8   60s
  1979  1027 14512.5768   59  117 15020.7500 13901.1437  7.45%   101   65s
  2161  1172 14757.0091  123   49 15020.7500 13901.1437  7.45%   100   71s
  2344  1252 14244.6384   31  110 15020.7500 13918.5289  7.34%  98.7   76s
  2609  1423 14082.7766   20  122 15020.7500 13919.2952  7.33%  94.2   81s
  2698  1588 14483.8666   88   85 15020.7500 13919.2952  7.33%  94.7   86s
  2946  1690 14223.1812   25   90 15020.7500 13931.3366  7.25%  92.2   92s
  3018  1843 14553.7464   68  126 15020.7500 13931.3366  7.25%  93.7   96s
  3183  1920     cutoff  130      15020.7500 13946.2141  7.15%  92.9  101s
  3262  1999 14470.8954   34  166 15020.7500 13948.1681  7.14%  94.3  106s
  3379  2112 14325.4683   29  173 15020.7500 13954.0246  7.10%  95.3  111s
  3535  2217 14109.3648   24  197 15020.7500 13957.2124  7.08%  95.3  116s
  3649  2433 14343.4340   26  186 15020.7500 13958.1549  7.07%  97.6  122s
  3827  2490 14861.9288   80   66 15020.7500 13962.8843  7.04%  95.3  125s
  3905  2542 14321.3244   31  299 15020.7500 13975.6113  6.96%  95.7  136s
  4019  2645 14806.8559   59   31 15020.7500 13975.9448  6.96%  96.4  140s
  4192  2762 14821.9787   36  193 15020.7500 13980.2743  6.93%  96.3  147s
  4237  2823 14437.4902   30  223 15020.7500 13983.5710  6.90%  97.6  150s
* 4300  2721              87    14961.870000 13987.9855  6.51%  97.5  150s
  4389  2816 14380.9950   18  234 14961.8700 13987.9855  6.51%  98.0  155s
  4578  3010 infeasible  136      14961.8700 13997.5578  6.45%  97.4  163s
H 4668  2985                    14930.310000 13997.5859  6.25%  97.7  167s
  4798  3026 14277.6019   26  162 14930.3100 13998.5623  6.24%  97.9  172s
  4854  3122 14358.0262   38   69 14930.3100 13998.5623  6.24%  98.7  177s
  4951  3260 14578.6032   70   31 14930.3100 14004.2463  6.20%  99.1  182s
  5141  3335 14867.1228   64   66 14930.3100 14005.0582  6.20%  98.0  187s
  5235  3500 14353.0234   37   59 14930.3100 14011.0831  6.16%  98.8  193s
  5458  3638     cutoff   71      14930.3100 14011.5774  6.15%  97.4  198s
  5599  3753 14468.3430   62   68 14930.3100 14016.1790  6.12%  97.6  203s
  5757  3910     cutoff  136      14930.3100 14017.0096  6.12%  97.8  209s
  5938  3982 14163.2926   19  319 14930.3100 14017.5456  6.11%  97.8  214s
  6013  4103 14467.7175   49   88 14930.3100 14020.3154  6.09%  99.4  220s
  6152  4231 14791.0892   44  166 14930.3100 14020.6645  6.09%   100  226s
  6340  4385 14636.3908   47  148 14930.3100 14023.9121  6.07%   100  231s
  6553  4442 14819.0539   87   23 14930.3100 14025.0259  6.06%  99.5  237s
  6629  4618 14406.7190   29  256 14930.3100 14025.0317  6.06%   100  243s
  6823  4705 14904.1891   59   20 14930.3100 14025.5424  6.06%   100  249s
  6952  4851     cutoff   71      14930.3100 14028.9899  6.04%   100  255s
  7124  4966     cutoff   99      14930.3100 14032.5410  6.01%   100  261s
  7283  5160 14091.3335   17  241 14930.3100 14034.8211  6.00%   100  268s
* 7534  4646              87    14821.960000 14036.5832  5.30%   100  275s
* 7538  4333              85    14768.960000 14036.5832  4.96%   100  275s
  7720  4404     cutoff   86      14768.9600 14040.4051  4.93%  99.5  282s
  7849  4479     cutoff   58      14768.9600 14042.5168  4.92%   100  288s
H 7892  4329                    14744.960000 14042.5168  4.76%   101  288s
  7942  4410 14399.8186   27  217 14744.9600 14044.2496  4.75%   101  295s
  8061  4512 14148.7788   24  232 14744.9600 14046.6553  4.74%   102  301s
  8207  4622 14653.2413   34   44 14744.9600 14047.6471  4.73%   103  308s
  8367  4690 14679.8334   61   18 14744.9600 14049.1731  4.72%   103  315s
  8472  4770 14740.3300   64   25 14744.9600 14050.9018  4.71%   104  323s
  8609  4891     cutoff   59      14744.9600 14053.7640  4.69%   105  330s
H 8613  3775                    14625.850000 14053.7640  3.91%   105  330s
  8769  3835 14131.3225   18  278 14625.8500 14058.3954  3.88%   105  337s
  8906  3921 14135.6151   25   98 14625.8500 14061.7628  3.86%   106  344s
  9033  4021     cutoff   47      14625.8500 14064.0539  3.84%   106  351s
  9192  4090 14266.3780   34  252 14625.8500 14065.8761  3.83%   106  358s
  9279  4152 14538.4309   36  216 14625.8500 14066.8113  3.82%   107  365s
  9399  4243 14458.4620   22  187 14625.8500 14070.6665  3.80%   108  372s
  9546  4359 14358.8075   36   59 14625.8500 14072.1104  3.79%   109  379s
  9729  4490 14323.8152   32  216 14625.8500 14074.3558  3.77%   109  387s
  9910  4624 14272.7960   44  137 14625.8500 14075.3162  3.76%   109  394s
 10084  4709 14427.2500   60    - 14625.8500 14078.0084  3.75%   109  402s
 10216  4768 14586.2449   60   52 14625.8500 14078.1624  3.74%   110  409s
 10328  4838 infeasible   64      14625.8500 14079.4449  3.74%   110  416s
 10431  4954 14478.2193   35   40 14625.8500 14080.2634  3.73%   111  423s
*10499  4883              62    14616.970000 14080.2634  3.67%   111  423s
 10593  5035     cutoff   46      14616.9700 14083.4446  3.65%   111  431s
 10810  5116 14545.5300   76    8 14616.9700 14084.8008  3.64%   111  439s
*10811  4403              77    14548.030000 14084.8008  3.18%   111  439s
 10919  4500 14499.6938   30   90 14548.0300 14085.5403  3.18%   111  446s
 11099  4576     cutoff   41      14548.0300 14087.2762  3.17%   111  453s
 11217  4676 14344.0503   32  290 14548.0300 14090.4368  3.15%   112  461s
 11350  4744 14315.5974   37  256 14548.0300 14091.2113  3.14%   113  469s
 11444  4862 14450.9703   52  131 14548.0300 14091.9763  3.13%   113  477s
 11628  4969 14485.0300   62    - 14548.0300 14093.6041  3.12%   113  485s
 11768  5041 14423.5037   30  191 14548.0300 14095.1792  3.11%   114  493s
 11915  5120     cutoff   38      14548.0300 14096.1527  3.11%   114  500s
 12033  5204     cutoff   49      14548.0300 14097.9008  3.09%   114  507s
*12071  5145              63    14542.730000 14098.4938  3.05%   115  507s
 12164  5259 14353.4327   27   98 14542.7300 14098.7813  3.05%   115  515s
 12322  5343 14420.7877   48   38 14542.7300 14099.2382  3.05%   115  523s
 12462  5404     cutoff   42      14542.7300 14099.9465  3.04%   115  530s
 12586  5444 14535.4841   27  213 14542.7300 14100.3328  3.04%   116  538s
 12673  5465     cutoff   27      14542.7300 14102.3710  3.03%   117  545s
 12758  5567 14152.2337   27  201 14542.7300 14103.3124  3.02%   117  554s
 12896  5703     cutoff   66      14542.7300 14104.6554  3.01%   117  562s
 13080  5724     cutoff   87      14542.7300 14106.1046  3.00%   117  569s
 13158  5798     cutoff   34      14542.7300 14107.1200  3.00%   118  577s
 13287  5920     cutoff   40      14542.7300 14108.4970  2.99%   119  585s
 13464  6025 infeasible   69      14542.7300 14109.2156  2.98%   119  593s
 13600  6096 14472.6139   30  172 14542.7300 14110.4788  2.97%   119  602s
 13695  6126     cutoff   21      14542.7300 14111.1694  2.97%   120  615s
 13802  6253 14448.2134   29  157 14542.7300 14111.3677  2.97%   120  624s
 14010  6357 14352.4716   47   19 14542.7300 14113.6702  2.95%   120  632s
 14174  6481 14516.3100   59   18 14542.7300 14114.9611  2.94%   120  641s
 14352  6583 14265.1266   32  196 14542.7300 14116.4593  2.93%   120  649s
 14525  6663 14135.1753   26  332 14542.7300 14117.8866  2.92%   120  658s
 14651  6796 14533.7970   40    3 14542.7300 14118.1498  2.92%   120  667s
 14845  6873     cutoff   79      14542.7300 14120.2873  2.90%   120  675s
H14905  5314                    14464.220000 14121.2070  2.37%   120  676s
 14977  5403 14273.6288   28  290 14464.2200 14121.2561  2.37%   120  684s
H15174  4180                    14401.340000 14121.5797  1.94%   120  692s
 15259  4194 14343.3975   34  236 14401.3400 14122.4859  1.94%   121  700s
 15344  4246 14261.7810   31  211 14401.3400 14122.9637  1.93%   122  708s
H15388  4212                    14400.340000 14122.9637  1.93%   122  708s
 15470  4308 14370.7923   35  136 14400.3400 14124.0463  1.92%   122  717s
H15552  3793                    14373.450000 14124.7483  1.73%   122  717s
 15641  3844 14230.7601   30  295 14373.4500 14124.8988  1.73%   122  725s
 15796  3885 14211.1098   19  317 14373.4500 14126.4019  1.72%   122  733s
 15913  3936 14319.8509   28  273 14373.4500 14127.7002  1.71%   123  742s
 16024  3983 14361.9307   36  174 14373.4500 14128.1899  1.71%   123  750s
 16172  4003 14306.5178   35   42 14373.4500 14128.7196  1.70%   124  758s
 16294  4060 14201.5269   22  337 14373.4500 14130.0067  1.69%   124  767s
 16440  4090     cutoff   51      14373.4500 14131.2433  1.69%   124  776s
 16542  4134     cutoff   38      14373.4500 14132.4629  1.68%   125  785s
 16675  4168     cutoff   39      14373.4500 14133.3406  1.67%   125  849s
 16767  4208 14334.0754   28  339 14373.4500 14133.9992  1.67%   125  858s
 16926  4243     cutoff   33      14373.4500 14135.7164  1.65%   126  868s
 17077  4347 14190.4591   26  208 14373.4500 14137.5116  1.64%   126  877s
 17295  4435 14246.1286   23  230 14373.4500 14139.6378  1.63%   126  888s
 17474  4469 14328.2967   19  253 14373.4500 14140.5476  1.62%   126  898s
 17597  4533 14295.5927   22  206 14373.4500 14142.0139  1.61%   127  907s
 17763  4608     cutoff   36      14373.4500 14143.5158  1.60%   127  917s
 17945  4680 14192.1494   34  208 14373.4500 14145.1067  1.59%   127  927s
 18088  4702 14307.1422   23  207 14373.4500 14145.8108  1.58%   127  937s
 18239  4759 14260.1425   23  385 14373.4500 14147.5262  1.57%   128  947s
 18398  4802 14221.3879   23  193 14373.4500 14148.6854  1.56%   128  956s
 18528  4854 14202.7346   21  187 14373.4500 14149.7899  1.56%   128  966s
 18664  4886 14302.6628   28  326 14373.4500 14151.2539  1.55%   129  975s
 18793  4944 14307.9630   32  182 14373.4500 14152.1412  1.54%   129  985s
 18950  4954 14345.9184   37  101 14373.4500 14153.7508  1.53%   130  997s
 19027  5031 14299.0684   21  232 14373.4500 14154.3179  1.52%   130 1008s
 19223  5075     cutoff   44      14373.4500 14155.2203  1.52%   130 1018s
 19364  5116 14323.6462   43   37 14373.4500 14155.8904  1.51%   130 1028s
 19518  5163 14365.2804   38  149 14373.4500 14156.9919  1.51%   131 1039s
 19681  5229     cutoff   23      14373.4500 14157.6366  1.50%   131 1049s
 19864  5277 14306.1454   28  260 14373.4500 14158.4051  1.50%   131 1060s
 19988  5318 14343.9387   31   86 14373.4500 14159.3112  1.49%   132 1071s
 20153  5351     cutoff   26      14373.4500 14160.3358  1.48%   132 1081s
 20291  5394 14293.6985   24  317 14373.4500 14161.2343  1.48%   132 1092s
 20451  5459     cutoff   37      14373.4500 14161.9826  1.47%   133 1103s
 20634  5512 14355.6366   38  205 14373.4500 14162.7461  1.47%   133 1114s
 20789  5571 14323.7031   30  181 14373.4500 14163.8878  1.46%   133 1125s
 20986  5639 14215.6480   28  128 14373.4500 14164.5262  1.45%   133 1135s
 21126  5701 14348.1477   29  275 14373.4500 14165.0047  1.45%   134 1146s
 21319  5754 14272.6442   29  258 14373.4500 14166.2831  1.44%   134 1156s
 21499  5882 14240.0046   29  226 14373.4500 14167.4761  1.43%   134 1167s
 21715  5995 14293.1447   39  131 14373.4500 14167.7155  1.43%   134 1179s
 21939  6081 14328.7951   29  331 14373.4500 14169.1841  1.42%   134 1190s
 22133  6158     cutoff   35      14373.4500 14170.2542  1.41%   134 1200s
 22324  6220 14224.5789   23  261 14373.4500 14171.3753  1.41%   134 1211s
 22504  6265 14351.5993   41   26 14373.4500 14172.4418  1.40%   134 1222s
 22690  6304 14350.8249   39  249 14373.4500 14173.9750  1.39%   134 1233s
 22871  6357 infeasible   32      14373.4500 14174.9667  1.38%   134 1243s
 23037  6455     cutoff   48      14373.4500 14175.8097  1.38%   135 1254s
 23237  6499 14287.8226   22  298 14373.4500 14176.8401  1.37%   135 1265s
 23369  6562 14288.1101   29  220 14373.4500 14177.5786  1.36%   135 1276s
 23606  6603 14289.8416   31  261 14373.4500 14178.6411  1.36%   135 1286s
 23761  6681 14324.5110   30  231 14373.4500 14179.9404  1.35%   135 1297s
 23979  6721     cutoff   29      14373.4500 14181.0309  1.34%   135 1307s
 24150  6756 14224.2442   30  255 14373.4500 14181.9724  1.33%   135 1319s
 24305  6812 14373.0800   23  233 14373.4500 14182.7981  1.33%   136 1330s
 24477  6851 14248.0849   24  206 14373.4500 14183.8766  1.32%   136 1341s
 24625  6883 14327.2537   38  178 14373.4500 14184.6627  1.31%   136 1351s
 24770  6914 14329.4366   31  255 14373.4500 14185.4521  1.31%   136 1362s
H24855  6715                    14365.410000 14185.4521  1.25%   136 1363s
 24926  6779 14208.5266   18  267 14365.4100 14186.0400  1.25%   137 1374s
 25132  6779 14332.4505   53   88 14365.4100 14186.7424  1.24%   137 1375s
 25145  6828 14226.2972   35  197 14365.4100 14187.0105  1.24%   137 1385s
 25321  6877     cutoff   29      14365.4100 14187.5856  1.24%   137 1397s
 25522  6972 14321.2192   36  121 14365.4100 14188.4626  1.23%   137 1409s
 25700  6974 14331.4817   52   15 14365.4100 14189.4347  1.22%   137 1410s
 25786  6992 14335.7689   39  197 14365.4100 14189.5335  1.22%   136 1421s
 25915  7035     cutoff   29      14365.4100 14190.7748  1.22%   137 1433s
 26090  7096 14325.8584   29   93 14365.4100 14191.3579  1.21%   137 1445s
 26288  7133 14338.0912   35  249 14365.4100 14192.0941  1.21%   137 1457s
 26463  7186 14266.3677   25  265 14365.4100 14192.4808  1.20%   137 1469s
 26633  7217     cutoff   38      14365.4100 14193.2023  1.20%   137 1481s
 26810  7282 14299.6719   31  242 14365.4100 14194.0213  1.19%   138 1496s
 27047  7322     cutoff   46      14365.4100 14195.1887  1.18%   137 1508s
 27227  7342 14295.6857   31  228 14365.4100 14195.7617  1.18%   138 1519s
 27293  7342     cutoff   29      14365.4100 14196.3610  1.18%   138 1520s
 27361  7415     cutoff   20      14365.4100 14196.4279  1.18%   138 1531s
 27589  7440 14255.9812   32  203 14365.4100 14197.1089  1.17%   138 1543s
 27748  7485 14297.7852   33  245 14365.4100 14198.4591  1.16%   138 1555s
 27947  7557     cutoff   31      14365.4100 14198.8285  1.16%   138 1567s
 28162  7619 14344.9562   43    4 14365.4100 14199.7462  1.15%   138 1578s
 28365  7667     cutoff   44      14365.4100 14200.8897  1.15%   138 1590s
 28568  7713     cutoff   41      14365.4100 14201.5674  1.14%   138 1603s
 28760  7786     cutoff   31      14365.4100 14202.1456  1.14%   138 1616s
 29014  7824     cutoff   39      14365.4100 14202.9457  1.13%   138 1629s
 29200  7862 14331.5387   31  239 14365.4100 14203.4441  1.13%   138 1640s
 29405  7894 14323.1400   44   63 14365.4100 14203.9139  1.12%   139 1652s
 29628  7920 14260.7533   30  151 14365.4100 14205.1006  1.12%   139 1664s
 29774  7967 14310.6271   30  103 14365.4100 14205.7310  1.11%   139 1676s
 29993  8012 14303.4984   37  157 14365.4100 14206.7097  1.10%   139 1689s
 30172  8045 14296.4766   29  137 14365.4100 14207.2794  1.10%   139 1701s
 30330  8074     cutoff   32      14365.4100 14207.7866  1.10%   139 1714s
 30479  8117 14277.2519   36  218 14365.4100 14208.4289  1.09%   139 1727s
 30666  8156     cutoff   35      14365.4100 14208.9832  1.09%   140 1740s
 30856  8224     cutoff   36      14365.4100 14209.7631  1.08%   140 1753s
 31127  8295 14268.5249   35   92 14365.4100 14210.3996  1.08%   140 1765s
 31337  8317     cutoff   32      14365.4100 14211.1294  1.07%   140 1777s
 31504  8318 14325.5030   29  189 14365.4100 14212.0756  1.07%   140 1788s
*31588  8205              50    14362.120000 14212.9122  1.04%   140 1789s
 31671  8249     cutoff   26      14362.1200 14212.9482  1.04%   140 1800s
 31866  8296 14344.1856   26  119 14362.1200 14213.9320  1.03%   140 1812s
 32064  8344     cutoff   35      14362.1200 14214.7509  1.03%   140 1823s
 32265  8412     cutoff   31      14362.1200 14215.3759  1.02%   140 1836s
H32269  7575                    14342.770000 14215.3759  0.89%   140 1836s
 32494  7577     cutoff   28      14342.7700 14216.0322  0.88%   140 1847s
 32698  7582     cutoff   27      14342.7700 14217.3200  0.87%   140 1860s
 32884  7611 14298.1953   26  100 14342.7700 14218.1844  0.87%   140 1872s
 33093  7635     cutoff   27      14342.7700 14219.0469  0.86%   140 1884s
 33273  7617 14342.4117   30   59 14342.7700 14219.5420  0.86%   141 1897s
 33443  7625     cutoff   24      14342.7700 14220.6694  0.85%   141 1910s
 33677  7685 14298.9707   37   46 14342.7700 14221.3324  0.85%   141 1922s
 33926  7710 14277.5191   28  240 14342.7700 14222.0374  0.84%   141 1935s
 34129  7727 14296.5509   20  286 14342.7700 14222.6004  0.84%   141 1948s
 34325  7801 14303.5226   32  216 14342.7700 14223.4285  0.83%   141 1960s
 34544  7828 14320.3948   28  118 14342.7700 14224.2635  0.83%   141 1973s
 34754  7816 14280.6886   32  219 14342.7700 14225.0410  0.82%   141 1985s
 34927  7858 14263.7524   22  184 14342.7700 14226.2748  0.81%   141 1998s
 35160  7886     cutoff   34      14342.7700 14226.7489  0.81%   141 2010s
 35365  7899     cutoff   32      14342.7700 14227.6523  0.80%   141 2024s
 35575  7915     cutoff   39      14342.7700 14228.4218  0.80%   141 2037s
 35754  7956 14260.4085   22  287 14342.7700 14229.2883  0.79%   141 2050s
 36030  7976 14325.1706   24   56 14342.7700 14230.0120  0.79%   141 2063s
 36271  8003     cutoff   32      14342.7700 14230.9761  0.78%   141 2076s
 36468  8010 infeasible   29      14342.7700 14231.5787  0.78%   141 2090s
 36684  8017     cutoff   27      14342.7700 14232.2185  0.77%   141 2104s
 36938  8040     cutoff   42      14342.7700 14233.0162  0.77%   141 2117s
 37163  8056 14313.7955   20  184 14342.7700 14233.5945  0.76%   141 2130s
 37396  8063 14311.5949   31  257 14342.7700 14234.3731  0.76%   141 2143s
 37605  8059     cutoff   34      14342.7700 14235.0761  0.75%   141 2158s
 37814  8089 14254.9196   34  135 14342.7700 14235.4542  0.75%   141 2171s
 38055  8101     cutoff   33      14342.7700 14236.1007  0.74%   141 2185s
 38291  8107 14282.8130   28   98 14342.7700 14236.9335  0.74%   141 2199s
 38496  8117     cutoff   50      14342.7700 14237.5320  0.73%   141 2211s
 38772  8158 14330.0272   28  300 14342.7700 14238.5162  0.73%   141 2225s
 39015  8167 14305.2654   37  157 14342.7700 14238.9561  0.72%   141 2238s
 39222  8153 14261.4380   27  169 14342.7700 14239.9626  0.72%   141 2251s
 39435  8178 14317.0664   18  191 14342.7700 14240.6540  0.71%   142 2266s
 39657  8191 14314.2759   38  145 14342.7700 14241.1157  0.71%   142 2279s
 39941  8187 14267.4041   30  100 14342.7700 14242.2713  0.70%   141 2293s
 40211  8182 14285.0740   23  232 14342.7700 14243.1529  0.69%   141 2308s
H40321  8123                    14341.790000 14243.1529  0.69%   141 2308s
 40407  8126     cutoff   32      14341.7900 14243.6843  0.68%   142 2323s
 40644  8140 14310.6566   34  164 14341.7900 14244.3644  0.68%   142 2338s
 40905  8164 14288.8200   20   44 14341.7900 14245.1693  0.67%   142 2353s
 41156  8152     cutoff   40      14341.7900 14245.8183  0.67%   142 2368s
 41407  8165 14325.7662   37   79 14341.7900 14246.4291  0.66%   142 2382s
 41661  8156 14328.2841   31  131 14341.7900 14247.0814  0.66%   142 2398s
 41887  8162     cutoff   36      14341.7900 14247.8840  0.65%   142 2412s
 42129  8121     cutoff   33      14341.7900 14248.7256  0.65%   142 2427s
 42347  8141 14277.0023   31  211 14341.7900 14249.9154  0.64%   142 2445s
 42665  8137 14272.8646   26  112 14341.7900 14250.5825  0.64%   142 2461s
 42944  8144 14299.3719   37   12 14341.7900 14251.5947  0.63%   142 2479s
 43238  8132     cutoff   43      14341.7900 14252.3081  0.62%   142 2498s
 43545  8125 14331.4040   37   16 14341.7900 14252.9533  0.62%   142 2516s
 43839  8110     cutoff   42      14341.7900 14253.9417  0.61%   142 2532s
 44097  8117 14340.6941   26  145 14341.7900 14254.7749  0.61%   142 2550s
*44252  7467              37    14332.490000 14255.4634  0.54%   142 2550s
 44399  7423 14319.2834   26  137 14332.4900 14255.4666  0.54%   142 2567s
 44657  7383 14267.9692   18  102 14332.4900 14256.3236  0.53%   142 2585s
 44946  7347 14322.9927   28  252 14332.4900 14257.1581  0.53%   142 2603s
 45193  7314 14313.6476   21  221 14332.4900 14258.0488  0.52%   142 2621s
 45468  7262 14330.8629   33   58 14332.4900 14258.9835  0.51%   142 2640s
 45753  7219     cutoff   29      14332.4900 14259.7496  0.51%   142 2657s
 45992  7156 14314.6821   28   88 14332.4900 14260.9342  0.50%   142 2676s
 46315  7099     cutoff   27      14332.4900 14262.1482  0.49%   142 2695s
 46653  7041 14317.5184   32   46 14332.4900 14263.2570  0.48%   142 2713s
 46958  6970 14287.0514   25  125 14332.4900 14264.0588  0.48%   142 2731s
 47295  6893 14328.7574   18  239 14332.4900 14265.0489  0.47%   142 2749s
 47605  6878     cutoff   32      14332.4900 14266.1234  0.46%   142 2768s
 47882  6812 14303.0660   25  202 14332.4900 14266.6801  0.46%   142 2786s
 48182  6739     cutoff   37      14332.4900 14267.9252  0.45%   142 2803s
 48478  6664     cutoff   18      14332.4900 14269.3632  0.44%   142 2821s
 48827  6596 14326.3844   23  114 14332.4900 14270.3242  0.43%   142 2839s
 49136  6512 14317.5988   26  326 14332.4900 14271.2087  0.43%   142 2858s
 49435  6447     cutoff   23      14332.4900 14272.2844  0.42%   142 2876s
 49738  6348 14298.4543   33  114 14332.4900 14273.5750  0.41%   142 2894s
 50047  6252     cutoff   41      14332.4900 14274.7881  0.40%   142 2912s
 50396  6152     cutoff   42      14332.4900 14275.9897  0.39%   142 2931s
 50725  6058     cutoff   35      14332.4900 14277.2032  0.39%   142 2952s
 51043  5934 14310.4389   34   56 14332.4900 14278.3540  0.38%   142 2970s
 51392  5806 14299.7127   31  245 14332.4900 14279.4016  0.37%   142 2990s
 51722  5686     cutoff   41      14332.4900 14280.5820  0.36%   142 3010s
 52147  5554     cutoff   32      14332.4900 14281.7934  0.35%   142 3028s
 52484  5423 14293.9680   36  214 14332.4900 14283.2828  0.34%   142 3047s
 52929  5301     cutoff   32      14332.4900 14284.6246  0.33%   141 3066s
 53407  5126     cutoff   23      14332.4900 14286.0075  0.32%   141 3086s
 53776  4938     cutoff   32      14332.4900 14287.4985  0.31%   141 3104s
 54156  4723     cutoff   32      14332.4900 14289.2763  0.30%   141 3124s
 54345  4723 14329.9373   42  114 14332.4900 14289.2763  0.30%   141 3125s
 54593  4535     cutoff   35      14332.4900 14290.7550  0.29%   141 3143s
 55024  4325     cutoff   29      14332.4900 14292.4004  0.28%   140 3162s
 55453  4087 14315.2934   22  295 14332.4900 14293.9579  0.27%   140 3181s
 55891  3810     cutoff   34      14332.4900 14295.8304  0.26%   140 3200s
 56367  3508     cutoff   41      14332.4900 14297.9292  0.24%   140 3219s
 56882  3234     cutoff   33      14332.4900 14300.2691  0.22%   139 3238s
 57431  2986     cutoff   36      14332.4900 14302.5771  0.21%   139 3265s
 57817  2641     cutoff   42      14332.4900 14304.5455  0.19%   139 3285s
 58296  2265     cutoff   38      14332.4900 14307.4635  0.17%   138 3308s
 58792  1850     cutoff   28      14332.4900 14310.4519  0.15%   138 3323s
 59309  1394     cutoff   21      14332.4900 14313.5032  0.13%   137 3341s
 59844   895     cutoff   41      14332.4900 14317.2658  0.11%   136 3354s
 60380   344     cutoff   27      14332.4900 14322.1090  0.07%   136 3366s
*60794   247              32    14331.170000 14328.2565  0.02%   135 3366s
 60951     0     cutoff   32      14331.1700 14328.2694  0.02%   135 3371s

Cutting planes:
  User: 2045
  Gomory: 20
  Cover: 200
  Implied bound: 48
  Clique: 27
  MIR: 82
  StrongCG: 1
  Flow cover: 227
  GUB cover: 1
  Zero half: 64
  RLT: 156
  Lazy constraints: 4028

Explored 61199 nodes (8208197 simplex iterations) in 3371.64 seconds
Thread count was 2 (of 32 available processors)

Solution count 10: 14331.2 14332.5 14341.8 ... 14464.2

Optimal solution found (tolerance 1.00e-04)
Best objective 1.433117000000e+04, best bound 1.433117000000e+04, gap 0.0000%

User-callback calls 299699, time in user-callback 147.60 sec
================================================================================
executing instance: ./input/Instances/Original/2/absH3high_4n10.dat
--------------------------------------------------------------------------------
Instance details
n	11
H	3
C	822
Li:
[0, 0, 0, 0, 0, 0, 0, 0, 0, 0, 0, ]
Ui:
[0, 102, 52, 88, 182, 153, 138, 38, 165, 297, 86, ]
Distance matrix:
|0	285	411	382	327	239	148	256	307	36	383	|
|285	0	352	98	249	103	227	235	120	268	209	|
|411	352	0	395	106	430	263	549	234	429	174	|
|382	98	395	0	302	173	320	288	168	364	227	|
|327	249	106	302	0	324	179	444	135	339	109	|
|239	103	430	173	324	0	241	132	212	212	305	|
|148	227	263	320	179	241	0	325	192	165	249	|
|256	235	549	288	444	132	325	0	342	220	436	|
|307	120	234	168	135	212	192	342	0	304	94	|
|36	268	429	364	339	212	165	220	304	0	386	|
|383	209	174	227	109	305	249	436	94	386	0	|

--------------------------------------------------------------------------------
Building model...
	using lazy and cut (CVRPSEP package)
Solving IRP LP...
--------------------------------------------------------------------------------

Gurobi 9.1.0 (linux64) logging started Sun Feb  7 02:35:10 2021

Gurobi Optimizer version 9.1.0 build v9.1.0rc0 (linux64)
Thread count: 32 physical cores, 32 logical processors, using up to 2 threads
Optimize a model with 275 rows, 500 columns and 1544 nonzeros
Model fingerprint: 0xc2dd0235
Variable types: 104 continuous, 396 integer (66 binary)
Coefficient statistics:
  Matrix range     [1e+00, 4e+02]
  Objective range  [2e-01, 5e+02]
  Bounds range     [1e+00, 3e+02]
  RHS range        [1e+00, 1e+03]
Presolve removed 85 rows and 42 columns
Presolve time: 0.02s
Presolved: 190 rows, 458 columns, 1298 nonzeros
Variable types: 62 continuous, 396 integer (336 binary)
Found heuristic solution: objective 8514.1300000

Root relaxation: objective 3.672950e+03, 226 iterations, 0.01 seconds

    Nodes    |    Current Node    |     Objective Bounds      |     Work
 Expl Unexpl |  Obj  Depth IntInf | Incumbent    BestBd   Gap | It/Node Time

     0     0 3672.94953    0   46 8514.13000 3672.94953  56.9%     -    0s
H    0     0                    8339.2100000 3672.94953  56.0%     -    0s
     0     0 3923.26691    0   40 8339.21000 3923.26691  53.0%     -    0s
H    0     0                    7827.3100000 3923.26691  49.9%     -    0s
     0     0 3979.97799    0   60 7827.31000 3979.97799  49.2%     -    0s
