




arguments: ./build/bc_mirp -f ./input/orig_exec_9.cfg
Current dir: /scratch/gui/bc_mirp
File verbosity level: 9
date       time         ( uptime  ) [ thread name/id ]                   file:line     v| 
2021-02-06 11:48:36.353 (   0.063s) [main thread     ]             loguru.cpp:789   INFO| Logging to './output/vi_vc+cus/OU/V2/Original/execution_06_02_2021_11_48_36.log', mode: 'a', verbosity: 9
--------------------------------------------------------------------------------
Parameters
                           instance_path           ./input/Instances/Original/1/
                            model_policy                                       1
                             nb_vehicles                                       2
                              output_dir      ./output/vi_vc+cus/OU/V2/Original/
                            sec_strategy                                       1
                       solver_nb_threads                                       2
                         solver_show_log                                    true
                       solver_time_limit                                    3600
                              use_vi_cos                                   false
                              use_vi_cus                                    true
                         use_vi_hc1_full                                   false
                         use_vi_hc1_half                                   false
                      use_vi_hc1_quarter                                   false
                              use_vi_hc2                                   false
                              use_vi_hc3                                   false
                         use_vi_lex_full                                   false
                         use_vi_lex_half                                   false
                      use_vi_lex_quarter                                   false
                              use_vi_qua                                   false
                               use_vi_vc                                    true
                               use_vi_vr                                   false
--------------------------------------------------------------------------------
executing instance: ./input/Instances/Original/1/absH3high_1n5.dat
--------------------------------------------------------------------------------
Instance details
n	6
H	3
C	289
Li:
[0, 0, 0, 0, 0, 0, ]
Ui:
[0, 195, 105, 116, 72, 22, ]
Distance matrix:
|0	85	349	17	203	289	|
|85	0	265	102	214	226	|
|349	265	0	366	368	238	|
|17	102	366	0	207	302	|
|203	214	368	207	0	431	|
|289	226	238	302	431	0	|

--------------------------------------------------------------------------------
Building model...
	using lazy and cut (CVRPSEP package)
Solving IRP LP...
--------------------------------------------------------------------------------

Gurobi 9.1.0 (linux64) logging started Sat Feb  6 11:48:36 2021

Gurobi Optimizer version 9.1.0 build v9.1.0rc0 (linux64)
Thread count: 32 physical cores, 32 logical processors, using up to 2 threads
Optimize a model with 150 rows, 180 columns and 639 nonzeros
Model fingerprint: 0x916d867d
Variable types: 54 continuous, 126 integer (36 binary)
Coefficient statistics:
  Matrix range     [1e+00, 2e+02]
  Objective range  [2e-01, 4e+02]
  Bounds range     [1e+00, 2e+02]
  RHS range        [1e+00, 5e+02]
Presolve removed 45 rows and 22 columns
Presolve time: 0.01s
Presolved: 105 rows, 158 columns, 520 nonzeros
Variable types: 32 continuous, 126 integer (96 binary)
Found heuristic solution: objective 3105.6700000
Found heuristic solution: objective 2819.2700000

Root relaxation: objective 1.636437e+03, 119 iterations, 0.00 seconds

    Nodes    |    Current Node    |     Objective Bounds      |     Work
 Expl Unexpl |  Obj  Depth IntInf | Incumbent    BestBd   Gap | It/Node Time

     0     0 1636.43659    0   17 2819.27000 1636.43659  42.0%     -    0s
     0     0 1762.23948    0   22 2819.27000 1762.23948  37.5%     -    0s
H    0     0                    2806.2700000 1762.23948  37.2%     -    0s
     0     0 2134.92668    0   27 2806.27000 2134.92668  23.9%     -    0s
H    0     0                    2802.2700000 2134.92668  23.8%     -    0s
     0     0 2141.93196    0   35 2802.27000 2141.93196  23.6%     -    0s
     0     0 2141.93196    0   33 2802.27000 2141.93196  23.6%     -    0s
     0     0 2173.86681    0   53 2802.27000 2173.86681  22.4%     -    0s
     0     0 2174.24843    0   51 2802.27000 2174.24843  22.4%     -    0s
     0     0 2175.27332    0   51 2802.27000 2175.27332  22.4%     -    0s
     0     0 2175.34213    0   54 2802.27000 2175.34213  22.4%     -    0s
     0     0 2182.61822    0   38 2802.27000 2182.61822  22.1%     -    0s
H    0     0                    2302.3500000 2182.61822  5.20%     -    0s
     0     0 2183.64401    0   38 2302.35000 2183.64401  5.16%     -    0s
     0     0 2186.25985    0   30 2302.35000 2186.25985  5.04%     -    0s
     0     0 2186.51428    0   33 2302.35000 2186.51428  5.03%     -    0s
     0     0 2190.36033    0   44 2302.35000 2190.36033  4.86%     -    0s
     0     0 2190.36033    0   44 2302.35000 2190.36033  4.86%     -    0s
     0     0 2233.32834    0   14 2302.35000 2233.32834  3.00%     -    0s
     0     0 2233.32834    0   23 2302.35000 2233.32834  3.00%     -    0s
     0     0 2233.32834    0   24 2302.35000 2233.32834  3.00%     -    0s
     0     0 2233.32834    0   27 2302.35000 2233.32834  3.00%     -    0s
     0     0 2233.32834    0   33 2302.35000 2233.32834  3.00%     -    0s
     0     0 2233.32834    0   35 2302.35000 2233.32834  3.00%     -    0s
     0     0 2233.32834    0   26 2302.35000 2233.32834  3.00%     -    0s
     0     0 2233.32834    0   37 2302.35000 2233.32834  3.00%     -    0s
     0     0 2233.32834    0   37 2302.35000 2233.32834  3.00%     -    0s
     0     0 2233.32834    0   31 2302.35000 2233.32834  3.00%     -    0s
     0     0 2233.32834    0   31 2302.35000 2233.32834  3.00%     -    0s
H    0     0                    2266.6100000 2233.32834  1.47%     -    0s
     0     0     cutoff    0      2266.61000 2266.61000  0.00%     -    0s

Explored 1 nodes (718 simplex iterations) in 0.18 seconds
Thread count was 2 (of 32 available processors)

Solution count 6: 2266.61 2302.35 2802.27 ... 3105.67

Optimal solution found (tolerance 1.00e-04)
Best objective 2.266610000000e+03, best bound 2.266610000000e+03, gap 0.0000%

User-callback calls 262, time in user-callback 0.01 sec
================================================================================
executing instance: ./input/Instances/Original/1/absH3high_1n45.dat
--------------------------------------------------------------------------------
Instance details
n	46
H	3
C	3462
Li:
[0, 0, 0, 0, 0, 0, 0, 0, 0, 0, 0, 0, 0, 0, 0, 0, 0, 0, 0, 0, 0, 0, 0, 0, 0, 0, 0, 0, 0, 0, 0, 0, 0, 0, 0, 0, 0, 0, 0, 0, 0, 0, 0, 0, 0, 0, ]
Ui:
[0, 273, 270, 36, 165, 192, 148, 45, 30, 75, 180, 198, 112, 117, 90, 64, 180, 22, 264, 174, 168, 270, 86, 66, 26, 66, 237, 156, 92, 108, 144, 72, 30, 45, 94, 54, 174, 96, 198, 136, 44, 180, 210, 249, 198, 48, ]
Distance matrix:
|0	281	201	160	249	201	93	431	236	139	252	136	116	166	390	110	349	374	303	180	327	464	236	70	44	461	346	439	363	254	312	426	305	206	71	137	169	200	247	260	20	219	256	253	460	278	|
|281	0	448	170	53	142	338	184	121	290	371	390	222	302	111	289	169	434	230	177	238	441	59	212	319	211	86	235	399	306	53	176	99	202	263	157	361	101	370	201	264	344	364	374	469	184	|
|201	448	0	285	430	325	114	556	361	171	191	64	228	174	546	294	453	306	364	289	388	435	393	254	157	585	491	536	318	254	490	554	436	407	266	292	108	388	186	337	207	181	205	190	408	364	|
|160	170	285	0	169	43	182	280	80	120	208	231	58	132	262	230	190	294	151	24	174	345	112	107	183	309	207	280	268	158	219	276	155	235	187	45	192	150	205	107	140	177	202	210	356	119	|
|249	53	430	169	0	152	317	238	145	282	377	369	212	299	157	242	215	452	261	183	273	474	76	181	290	264	140	287	421	320	63	229	145	148	221	142	352	53	374	226	234	346	370	378	498	215	|
|201	142	325	43	152	0	224	237	37	156	230	273	101	164	224	261	148	300	127	38	147	333	83	142	225	266	167	238	270	168	193	233	112	246	221	70	228	148	228	84	180	202	222	232	351	87	|
|93	338	114	182	317	224	0	460	262	92	180	52	124	112	440	199	364	307	292	191	317	415	284	140	57	490	387	452	304	208	377	457	336	297	163	181	84	274	175	256	95	152	188	180	402	280	|
|431	184	556	280	238	237	460	0	199	385	420	508	337	385	108	464	110	429	219	269	206	378	202	365	460	30	98	84	388	340	204	9	126	386	432	294	453	283	421	226	411	404	408	423	422	198	|
|236	121	361	80	145	37	262	199	0	191	255	310	138	197	191	290	114	312	118	72	133	330	69	175	262	229	132	204	279	186	174	195	75	258	251	102	262	153	254	81	216	230	246	257	353	72	|
|139	290	171	120	282	156	92	385	191	0	116	129	71	27	380	246	283	235	201	119	226	329	231	141	129	414	323	367	224	119	336	383	266	308	202	141	72	252	112	169	127	82	118	117	322	195	|
|252	371	191	208	377	230	180	420	255	116	0	187	178	90	443	361	311	127	204	195	224	246	313	257	232	446	382	380	129	81	423	421	320	422	318	242	100	355	5	195	241	34	15	2	225	224	|
|136	390	64	231	369	273	52	508	310	129	187	0	173	141	491	233	409	313	330	239	355	431	335	191	93	538	438	495	316	233	429	505	385	342	203	233	88	325	182	297	143	167	199	187	412	323	|
|116	222	228	58	212	101	124	337	138	71	178	173	0	91	319	206	244	284	187	69	212	357	165	85	130	367	265	333	264	151	267	333	213	244	161	70	140	181	175	145	97	145	177	180	359	165	|
|166	302	174	132	299	164	112	385	197	27	90	141	91	0	388	273	280	208	191	127	215	305	243	167	153	413	329	361	198	96	351	383	270	333	229	159	68	272	86	163	153	56	92	91	296	190	|
|390	111	546	262	157	224	440	108	191	380	443	491	319	388	0	399	164	480	264	261	261	456	156	320	426	125	62	186	442	369	107	99	125	300	374	260	452	210	443	252	372	420	433	446	494	227	|
|110	289	294	230	242	261	199	464	290	246	361	233	206	273	399	0	402	480	382	254	404	562	262	124	143	493	369	490	466	355	302	457	344	135	45	191	279	189	356	337	120	328	364	362	563	348	|
|349	169	453	190	215	148	364	110	114	283	311	409	244	280	164	402	0	324	110	174	101	292	151	289	372	135	109	90	284	230	212	111	70	354	364	216	348	245	312	118	329	295	298	313	330	90	|
|374	434	306	294	452	300	307	429	312	235	127	313	284	208	480	480	324	0	216	274	223	137	380	368	357	448	419	367	40	136	487	432	358	525	436	336	227	443	132	234	361	156	119	127	102	255	|
|303	230	364	151	261	127	292	219	118	201	204	330	187	191	264	382	110	216	0	128	25	213	185	258	314	243	203	176	178	123	282	221	144	372	338	193	256	270	206	45	283	193	191	206	239	46	|
|180	177	289	24	183	38	191	269	72	119	195	239	69	127	261	254	174	274	128	0	151	321	118	130	198	299	204	263	246	139	228	266	147	258	211	68	191	169	193	83	159	166	188	197	333	98	|
|327	238	388	174	273	147	317	206	133	226	224	355	212	215	261	404	101	223	25	151	0	203	198	281	339	228	202	156	184	143	288	209	146	390	362	215	280	286	226	68	308	215	210	226	235	61	|
|464	441	435	345	474	333	415	378	330	329	246	431	357	305	456	562	292	137	213	321	203	0	398	440	458	390	400	301	117	211	492	384	348	578	517	389	344	480	251	251	448	265	233	246	54	259	|
|236	59	393	112	76	83	284	202	69	231	313	335	165	243	156	262	151	380	185	118	198	398	0	167	270	231	110	233	347	250	110	195	85	203	230	103	303	95	311	150	217	284	305	315	422	139	|
|70	212	254	107	181	142	140	365	175	141	257	191	85	167	320	124	289	368	258	130	281	440	167	0	109	394	277	378	349	236	244	359	239	167	81	73	196	135	253	213	53	223	257	258	444	226	|
|44	319	157	183	290	225	57	460	262	129	232	93	130	153	426	143	372	357	314	198	339	458	270	109	0	490	379	462	351	247	353	456	334	250	110	168	140	243	226	274	56	201	238	232	449	294	|
|461	211	585	309	264	266	490	30	229	414	446	538	367	413	125	493	135	448	243	299	228	390	231	394	490	0	125	89	408	365	226	36	156	412	462	324	481	311	447	253	441	430	433	448	436	225	|
|346	86	491	207	140	167	387	98	132	323	382	438	265	329	62	369	109	419	203	204	202	400	110	277	379	125	0	155	381	307	113	90	63	288	339	211	394	186	382	190	327	359	371	384	436	165	|
|439	235	536	280	287	238	452	84	204	367	380	495	333	361	186	490	90	367	176	263	156	301	233	378	462	89	155	0	326	299	267	92	148	432	454	306	429	325	382	199	419	369	366	382	348	172	|
|363	399	318	268	421	270	304	388	279	224	129	316	264	198	442	466	284	40	178	246	184	117	347	349	351	408	381	326	0	113	452	391	321	502	422	311	229	415	134	199	348	152	118	130	98	219	|
|254	306	254	158	320	168	208	340	186	119	81	233	151	96	369	355	230	136	123	139	143	211	250	236	247	365	307	299	113	0	359	340	244	390	310	200	148	308	83	117	238	74	68	83	208	145	|
|312	53	490	219	63	193	377	204	174	336	423	429	267	351	107	302	212	487	282	228	288	492	110	244	353	226	113	267	452	359	0	195	145	194	283	199	407	115	421	254	296	394	415	425	521	237	|
|426	176	554	276	229	233	457	9	195	383	421	505	333	383	99	457	111	432	221	266	209	384	195	359	456	36	90	92	391	340	195	0	122	378	426	289	451	275	421	226	406	404	408	423	427	197	|
|305	99	436	155	145	112	336	126	75	266	320	385	213	270	125	344	70	358	144	147	146	348	85	239	334	156	63	148	321	244	145	122	0	286	310	168	336	177	320	128	285	298	309	322	381	103	|
|206	202	407	235	148	246	297	386	258	308	422	342	244	333	300	135	354	525	372	258	390	578	203	167	250	412	288	432	502	390	194	378	286	0	144	191	362	109	418	329	202	388	421	423	591	329	|
|71	263	266	187	221	221	163	432	251	202	318	203	161	229	374	45	364	436	338	211	362	517	230	81	110	462	339	454	422	310	283	426	310	144	0	150	239	168	313	294	77	285	321	319	518	306	|
|137	157	292	45	142	70	181	294	102	141	242	233	70	159	260	191	216	336	193	68	215	389	103	73	168	324	211	306	311	200	199	289	168	191	150	0	210	113	239	148	117	210	238	244	400	157	|
|169	361	108	192	352	228	84	453	262	72	100	88	140	68	452	279	348	227	256	191	280	344	303	196	140	481	394	429	229	148	407	451	336	362	239	210	0	318	95	231	164	79	111	100	325	258	|
|200	101	388	150	53	148	274	283	153	252	355	325	181	272	210	189	245	443	270	169	286	480	95	135	243	311	186	325	415	308	115	275	177	109	168	113	318	0	352	230	187	323	351	357	498	225	|
|247	370	186	205	374	228	175	421	254	112	5	182	175	86	443	356	312	132	206	193	226	251	311	253	226	447	382	382	134	83	421	421	320	418	313	239	95	352	0	196	237	30	19	6	230	224	|
|260	201	337	107	226	84	256	226	81	169	195	297	145	163	252	337	118	234	45	83	68	251	150	213	274	253	190	199	199	117	254	226	128	329	294	148	231	230	196	0	240	178	184	198	272	29	|
|20	264	207	140	234	180	95	411	216	127	241	143	97	153	372	120	329	361	283	159	308	448	217	53	56	441	327	419	348	238	296	406	285	202	77	117	164	187	237	240	0	208	245	242	446	257	|
|219	344	181	177	346	202	152	404	230	82	34	167	145	56	420	328	295	156	193	166	215	265	284	223	201	430	359	369	152	74	394	404	298	388	285	210	79	323	30	178	208	0	37	35	250	206	|
|256	364	205	202	370	222	188	408	246	118	15	199	177	92	433	364	298	119	191	188	210	233	305	257	238	433	371	366	118	68	415	408	309	421	321	238	111	351	19	184	245	37	0	17	214	212	|
|253	374	190	210	378	232	180	423	257	117	2	187	180	91	446	362	313	127	206	197	226	246	315	258	232	448	384	382	130	83	425	423	322	423	319	244	100	357	6	198	242	35	17	0	225	226	|
|460	469	408	356	498	351	402	422	353	322	225	412	359	296	494	563	330	102	239	333	235	54	422	444	449	436	436	348	98	208	521	427	381	591	518	400	325	498	230	272	446	250	214	225	0	285	|
|278	184	364	119	215	87	280	198	72	195	224	323	165	190	227	348	90	255	46	98	61	259	139	226	294	225	165	172	219	145	237	197	103	329	306	157	258	225	224	29	257	206	212	226	285	0	|

--------------------------------------------------------------------------------
Building model...
	using lazy and cut (CVRPSEP package)
Solving IRP LP...
--------------------------------------------------------------------------------

Gurobi 9.1.0 (linux64) logging started Sat Feb  6 11:48:36 2021

Gurobi Optimizer version 9.1.0 build v9.1.0rc0 (linux64)
Thread count: 32 physical cores, 32 logical processors, using up to 2 threads
Optimize a model with 1150 rows, 6940 columns and 16279 nonzeros
Model fingerprint: 0x0abadb05
Variable types: 454 continuous, 6486 integer (276 binary)
Coefficient statistics:
  Matrix range     [1e+00, 2e+03]
  Objective range  [1e-01, 6e+02]
  Bounds range     [1e+00, 3e+02]
  RHS range        [1e+00, 6e+03]
Presolve removed 233 rows and 116 columns
Presolve time: 0.05s
Presolved: 917 rows, 6824 columns, 15387 nonzeros
Variable types: 338 continuous, 6486 integer (6216 binary)

Root relaxation: objective 1.302212e+04, 738 iterations, 0.02 seconds

    Nodes    |    Current Node    |     Objective Bounds      |     Work
 Expl Unexpl |  Obj  Depth IntInf | Incumbent    BestBd   Gap | It/Node Time

     0     0 13022.1222    0  111          - 13022.1222      -     -    0s
     0     0 13410.1488    0  124          - 13410.1488      -     -    0s
     0     0 13412.6101    0  123          - 13412.6101      -     -    0s
     0     0 13925.5626    0  176          - 13925.5626      -     -    0s
     0     0 13926.2173    0  181          - 13926.2173      -     -    0s
     0     0 14026.5061    0  257          - 14026.5061      -     -    0s
     0     0 14061.0517    0  209          - 14061.0517      -     -    0s
     0     0 14066.4087    0  223          - 14066.4087      -     -    1s
     0     0 14068.6778    0  241          - 14068.6778      -     -    1s
     0     0 14132.0567    0  235          - 14132.0567      -     -    1s
     0     0 14132.7022    0  237          - 14132.7022      -     -    1s
     0     0 14225.4641    0  249          - 14225.4641      -     -    1s
     0     0 14261.4168    0  250          - 14261.4168      -     -    1s
     0     0 14270.9720    0  281          - 14270.9720      -     -    1s
     0     0 14274.7208    0  251          - 14274.7208      -     -    1s
     0     0 14276.2176    0  236          - 14276.2176      -     -    1s
     0     0 14291.0179    0  218          - 14291.0179      -     -    1s
     0     0 14302.3869    0  267          - 14302.3869      -     -    2s
     0     0 14307.0642    0  276          - 14307.0642      -     -    2s
     0     0 14308.1044    0  289          - 14308.1044      -     -    2s
     0     0 14315.5262    0  240          - 14315.5262      -     -    2s
     0     0 14316.7092    0  220          - 14316.7092      -     -    2s
     0     2 14322.5555    0  238          - 14322.5555      -     -    3s
    54    60 14460.5348   16  146          - 14356.7948      -   185    5s
   416   417 16388.7000  137    8          - 14356.7948      -  83.5   10s
   650   635 14759.7182   28  147          - 14361.4946      -  90.9   15s
   753   724 15747.0404  117  350          - 14366.5799      -  92.1   20s
   776   739 15877.7778  141  393          - 14410.3692      -  89.3   25s
   783   747 14410.4589   11  372          - 14410.3713      -   101   30s
   809   766 14441.5103   18  336          - 14424.6854      -   108   35s
   884   819 14655.6043   38  158          - 14424.6854      -   120   40s
   984   896 15021.8459   67   31          - 14424.6854      -   127   45s
  1117   991 15259.1040  104  130          - 14424.6854      -   127   50s
  1331  1122 14596.6790   18  337          - 14425.6984      -   117   56s
* 1449  1129             189    17165.360000 14425.6984  16.0%   111   58s
  1469  1102 14663.9761   22  279 17165.3600 14425.6984  16.0%   110   60s
  1508  1128 14696.7579   23  292 17165.3600 14425.6984  16.0%   113   65s
H 1532  1080                    16957.360000 14425.6984  14.9%   114   68s
  1556  1100 14776.0084   28  187 16957.3600 14425.6984  14.9%   115   70s
  1566  1099 14815.3658   32  123 16957.3600 14425.6984  14.9%   115   78s
  1576  1119 14840.4478   32  227 16957.3600 14425.6984  14.9%   116   80s
  1703  1205 15149.3874  109    4 16957.3600 14425.6984  14.9%   114   85s
  1873  1333 15302.5207   55   61 16957.3600 14425.6984  14.9%   107   90s
  1936  1339 15277.9958   67  111 16957.3600 14425.6984  14.9%   106   97s
H 1938  1281                    16684.330000 14425.6984  13.5%   106   97s
H 1985  1269                    16665.770000 14425.6984  13.4%   106   99s
  2047  1297 15316.4755   71   92 16665.7700 14425.6984  13.4%   103  100s
  2111  1340 15415.5093  107   72 16665.7700 14425.6984  13.4%   105  106s
  2196  1375 14696.5796   34  292 16665.7700 14425.6984  13.4%   107  110s
  2297  1450 16562.3512  173   45 16665.7700 14444.9605  13.3%   107  117s
  2374  1501 14717.3752   20  304 16665.7700 14444.9605  13.3%   107  121s
  2489  1639 15342.3311   57   98 16665.7700 14452.9960  13.3%   107  127s
  2620  1727     cutoff  157      16665.7700 14454.0795  13.3%   105  131s
  2849  1824 15486.6520   43   29 16665.7700 14454.6049  13.3%   101  137s
  2906  1851 16137.3372   60    6 16665.7700 14457.4613  13.3%   102  140s
  2983  1971 16571.0700   79   20 16665.7700 14464.3606  13.2%   103  146s
  3150  2008     cutoff   91      16665.7700 14466.5549  13.2%   100  150s
  3214  2195 15576.4967   51   77 16665.7700 14472.7940  13.2%   103  157s
  3373  2330     cutoff  175      16665.7700 14473.7707  13.2%   100  162s
  3533  2351     cutoff  171      16665.7700 14474.6242  13.1%  98.2  166s
* 3596  2100             197    16221.610000 14474.9076  10.8%   100  169s
  3613  2134 15349.8852   53   95 16221.6100 14474.9076  10.8%   101  173s
* 3653  2120             195    16176.610000 14474.9076  10.5%   100  173s
* 3655  2100             194    16146.610000 14474.9076  10.4%   100  173s
  3660  2127 15890.7072   87   92 16146.6100 14478.8103  10.3%   101  177s
  3707  2172 14689.6492   28  237 16146.6100 14479.1553  10.3%   102  180s
  3829  2279 16131.1200  106    4 16146.6100 14479.2835  10.3%   101  185s
  3937  2345 14810.9011   32  352 16146.6100 14481.0560  10.3%   102  193s
  3977  2380 14877.9453   39  258 16146.6100 14481.0560  10.3%   102  197s
  4020  2407 15225.8178   65  192 16146.6100 14481.0560  10.3%   103  201s
  4048  2495 15666.0077   88  149 16146.6100 14489.3421  10.3%   103  205s
  4146  2564 14815.8974   23  234 16146.6100 14489.3421  10.3%   103  210s
  4214  2685 14980.9465   33   94 16146.6100 14489.3421  10.3%   103  216s
  4345  2831 15167.0902   59   41 16146.6100 14489.9242  10.3%   103  224s
* 4510  2349             161    15806.290000 14493.0227  8.31%   100  225s
  4530  2415     cutoff  157      15806.2900 14493.1926  8.31%   101  230s
  4637  2491 14978.9975   36  244 15806.2900 14493.6527  8.30%   101  235s
  4746  2527 14685.9148   16  378 15806.2900 14496.1601  8.29%   102  241s
  4782  2581 15048.2336   25  235 15806.2900 14496.1601  8.29%   104  246s
  4836  2647 15372.1706   37  175 15806.2900 14496.2520  8.29%   105  252s
  4934  2757 14859.0557   34  210 15806.2900 14497.1632  8.28%   107  259s
  4973  2757 15477.3400   73   18 15806.2900 14497.1632  8.28%   106  260s
  5073  2848     cutoff  109      15806.2900 14499.8450  8.27%   106  267s
  5199  2913 15233.1657   32  302 15806.2900 14500.1264  8.26%   107  273s
  5281  3149 14728.7729   31  241 15806.2900 14505.9723  8.23%   108  281s
  5553  3213     cutoff  110      15806.2900 14509.2476  8.21%   106  288s
  5615  3297 14899.2883   42  235 15806.2900 14509.8765  8.20%   107  296s
  5758  3477 15359.6155   64   80 15806.2900 14511.1505  8.19%   107  306s
  5966  3656 15710.3820  136   34 15806.2900 14511.8600  8.19%   107  318s
  6176  3734 14723.0225   23  292 15806.2900 14511.8600  8.19%   106  325s
  6264  3792 14723.2821   30  286 15806.2900 14511.8600  8.19%   107  332s
  6323  3898 14898.4141   41   14 15806.2900 14511.8600  8.19%   108  343s
  6432  4075 15193.8700   70    4 15806.2900 14517.3981  8.15%   109  353s
  6643  4206     cutoff  121      15806.2900 14520.9482  8.13%   109  362s
  6813  4329 15534.2723   66   34 15806.2900 14524.2844  8.11%   109  371s
  6955  4423 15766.6563   86   14 15806.2900 14524.5303  8.11%   109  379s
  7062  4533     cutoff   89      15806.2900 14525.0364  8.11%   109  388s
  7189  4616 15488.9964   50  244 15806.2900 14525.5066  8.10%   110  396s
  7298  4727 14839.0463   35  259 15806.2900 14525.6548  8.10%   111  406s
  7437  4840 14895.4629   30  236 15806.2900 14528.3061  8.09%   111  416s
  7578  5024 15751.1919   73   15 15806.2900 14529.2035  8.08%   112  427s
  7778  5241 15545.2900   89   16 15806.2900 14530.8477  8.07%   112  440s
  8029  5356 15719.8200  109    2 15806.2900 14532.6847  8.06%   111  452s
  8204  5463     cutoff  111      15806.2900 14536.4345  8.03%   111  461s
  8303  5525 15720.6131   68   80 15806.2900 14537.1295  8.03%   112  470s
  8400  5633 15351.6852   47  203 15806.2900 14538.9871  8.02%   113  480s
  8530  5736 15784.5900   72   45 15806.2900 14540.0033  8.01%   114  490s
* 8588  4647              70    15553.120000 14540.0033  6.51%   114  491s
  8662  4819     cutoff   70      15553.1200 14540.9099  6.51%   114  502s
  8883  4906 15369.4942   81   79 15553.1200 14542.4892  6.50%   114  514s
H 8954  4256                    15428.120000 14542.4892  5.74%   114  514s
  8979  4315 15207.4576   55  165 15428.1200 14543.0299  5.74%   114  526s
H 8981  4254                    15417.210000 14543.0299  5.67%   114  526s
  9091  4396     cutoff   78      15417.2100 14544.2258  5.66%   115  537s
H 9093  4264                    15396.320000 14544.2258  5.53%   115  537s
* 9226  3407             107    15235.970000 14544.6807  4.54%   115  537s
  9262  3486 15107.4444   64   82 15235.9700 14546.8160  4.52%   115  547s
  9382  3583 14733.2023   19  233 15235.9700 14547.5658  4.52%   116  558s
  9510  3680 14671.3104   16  229 15235.9700 14551.1978  4.49%   117  569s
H 9643  2227                    15033.050000 14551.3351  3.20%   117  579s
  9670  2227     cutoff   64      15033.0500 14552.2460  3.20%   118  580s
  9747  2229 14991.3466   30  141 15033.0500 14553.2154  3.19%   118  589s
  9832  2269 14809.8506   35  247 15033.0500 14556.2020  3.17%   119  599s
  9908  2299 14913.7303   26  214 15033.0500 14558.1736  3.16%   120  609s
  9961  2360 14981.0047   31  244 15033.0500 14558.4760  3.16%   122  618s
H 9989  1783                    14948.020000 14559.7235  2.60%   123  619s
 10051  1763     cutoff   37      14948.0200 14559.9866  2.60%   123  630s
H10059  1557                    14908.780000 14560.5665  2.34%   123  630s
 10082  1585 14698.2581   26  348 14908.7800 14561.6623  2.33%   124  639s
 10119  1585     cutoff   25      14908.7800 14562.1759  2.32%   124  640s
 10158  1616 14793.0906   29  191 14908.7800 14562.5295  2.32%   125  650s
 10248  1666 14728.2944   20  322 14908.7800 14563.8913  2.31%   126  660s
 10339  1706 14872.0567   34  177 14908.7800 14564.6242  2.31%   128  670s
 10445  1746 14892.0100   42    - 14908.7800 14567.8936  2.29%   129  681s
 10530  1794 14907.2300   42    4 14908.7800 14569.6837  2.27%   131  691s
 10631  1844 14670.3402   31  417 14908.7800 14572.2385  2.26%   132  702s
 10715  1896     cutoff   37      14908.7800 14573.6100  2.25%   134  713s
 10831  1915     cutoff   41      14908.7800 14576.8752  2.23%   135  724s
H10833  1796                    14892.680000 14576.8752  2.12%   135  724s
 10855  1796     cutoff   24      14892.6800 14576.9250  2.12%   135  725s
 10882  1843     cutoff   42      14892.6800 14577.9567  2.11%   136  735s
 10975  1883 14639.5971   28  397 14892.6800 14580.3935  2.10%   137  746s
 11043  1905 14875.8022   23  196 14892.6800 14580.7600  2.09%   139  757s
 11138  1930 14869.2611   42  305 14892.6800 14582.7350  2.08%   140  768s
 11228  1969 14818.3239   30  212 14892.6800 14583.7404  2.07%   141  780s
 11337  2017 14663.0136   32  287 14892.6800 14585.1962  2.06%   143  792s
 11439  2058 14798.7977   30  197 14892.6800 14587.0512  2.05%   144  803s
 11538  2132 14629.4149   20  262 14892.6800 14588.4929  2.04%   146  816s
 11669  2153 14727.2917   28  335 14892.6800 14588.9434  2.04%   147  827s
 11759  2191     cutoff   26      14892.6800 14590.2108  2.03%   148  840s
 11853  2257 14796.5966   33   98 14892.6800 14590.5486  2.03%   150  851s
 11969  2281 14839.2602   40  322 14892.6800 14591.3282  2.02%   151  864s
 12043  2326     cutoff   30      14892.6800 14592.6368  2.01%   152  876s
 12126  2369 14634.7485   32  317 14892.6800 14593.8847  2.01%   154  888s
 12220  2439 14824.0460   22  251 14892.6800 14594.4821  2.00%   155  901s
 12350  2484 14886.4903   35   32 14892.6800 14594.8918  2.00%   155  913s
 12481  2541 14838.0378   34  329 14892.6800 14595.7156  1.99%   157  924s
 12598  2584 14836.5323   29  310 14892.6800 14597.6826  1.98%   158  937s
 12718  2652     cutoff   34      14892.6800 14599.2986  1.97%   159  951s
 12837  2719 14874.9499   34  290 14892.6800 14600.0294  1.97%   160  964s
H12946  2763                    14890.680000 14600.5389  1.95%   161  977s
 13062  2832 14864.3995   36  329 14890.6800 14602.2153  1.94%   162  989s
 13189  2881 14847.5039   26  207 14890.6800 14603.8104  1.93%   163 1002s
 13361  2924 14675.4393   30  328 14890.6800 14606.0775  1.91%   164 1015s
H13425  2831                    14877.980000 14606.0775  1.83%   164 1015s
 13484  2889 14805.3017   29  203 14877.9800 14606.9874  1.82%   165 1029s
 13596  2921     cutoff   40      14877.9800 14608.3407  1.81%   166 1043s
 13706  2997 14847.5990   23  352 14877.9800 14610.3515  1.80%   167 1126s
H13771  2995                    14877.240000 14610.3515  1.79%   168 1127s
 13824  3043     cutoff   46      14877.2400 14610.6163  1.79%   169 1141s
 13954  3070 14733.2126   27  182 14877.2400 14612.0577  1.78%   170 1155s
 14081  3152 infeasible   20      14877.2400 14613.9350  1.77%   171 1169s
 14246  3162     cutoff   45      14877.2400 14614.9466  1.76%   172 1185s
H14247  2886                    14858.240000 14614.9466  1.64%   172 1185s
 14285  2941     cutoff   30      14858.2400 14615.5711  1.63%   172 1199s
 14429  3008 14749.6703   36  219 14858.2400 14617.4442  1.62%   173 1214s
 14508  3008 14780.8998   32  153 14858.2400 14617.4442  1.62%   173 1215s
 14587  3053 14827.1353   35  162 14858.2400 14619.2150  1.61%   174 1229s
 14734  3105 14704.4660   33  323 14858.2400 14620.0634  1.60%   175 1243s
 14852  3138 14826.7647   29  137 14858.2400 14620.4549  1.60%   176 1257s
 14979  3159 14830.0371   21  232 14858.2400 14622.3399  1.59%   178 1270s
 15096  3195 14673.2636   20  285 14858.2400 14624.1448  1.58%   179 1284s
 15137  3195 14856.9310   41  218 14858.2400 14624.1448  1.58%   179 1285s
 15199  3242 14814.9045   34  265 14858.2400 14625.8854  1.56%   180 1299s
 15337  3288 14715.1392   32  357 14858.2400 14626.8976  1.56%   181 1313s
 15465  3334 14743.3432   34  270 14858.2400 14628.2512  1.55%   183 1328s
 15638  3391 14800.6008   43  215 14858.2400 14629.1935  1.54%   183 1343s
 15792  3426 14816.7417   38  196 14858.2400 14631.2201  1.53%   184 1358s
 15959  3466 14819.1317   21  376 14858.2400 14632.1861  1.52%   185 1373s
 16085  3529 14767.7735   28  386 14858.2400 14633.4786  1.51%   186 1388s
 16257  3593     cutoff   29      14858.2400 14634.5592  1.51%   187 1403s
 16440  3659 14726.3598   27  277 14858.2400 14636.1427  1.49%   188 1419s
 16581  3687     cutoff   28      14858.2400 14636.8939  1.49%   189 1435s
 16715  3730 14810.5996   39  286 14858.2400 14638.2121  1.48%   190 1450s
 16842  3773     cutoff   43      14858.2400 14638.8003  1.48%   191 1466s
 17003  3804 14826.0516   27  325 14858.2400 14639.5857  1.47%   192 1482s
 17176  3825     cutoff   41      14858.2400 14639.9848  1.47%   193 1497s
 17324  3870     cutoff   27      14858.2400 14641.6251  1.46%   194 1513s
 17524  3919 14729.1026   28  176 14858.2400 14643.8928  1.44%   194 1529s
 17674  3971     cutoff   32      14858.2400 14644.3011  1.44%   195 1545s
 17834  4039 14796.9960   28  191 14858.2400 14645.0579  1.43%   196 1561s
 18008  4076 14756.9489   26  335 14858.2400 14646.6365  1.42%   197 1577s
 18166  4133     cutoff   24      14858.2400 14647.6286  1.42%   198 1594s
 18313  4206 14743.9984   26  324 14858.2400 14648.3952  1.41%   198 1610s
 18522  4241     cutoff   26      14858.2400 14649.2153  1.41%   199 1626s
 18694  4293     cutoff   27      14858.2400 14649.8679  1.40%   200 1642s
 18862  4345 14778.3807   33  231 14858.2400 14650.9937  1.39%   200 1658s
 19051  4422 14687.2324   28  361 14858.2400 14652.5046  1.38%   201 1674s
 19203  4467 14739.0578   31   85 14858.2400 14652.8747  1.38%   202 1690s
 19385  4509 14767.9230   37  323 14858.2400 14653.9974  1.37%   202 1706s
 19553  4549 14709.6134   27  291 14858.2400 14654.7852  1.37%   203 1722s
 19723  4630 14825.7310   30  158 14858.2400 14655.8979  1.36%   204 1738s
 19930  4690 14805.5186   32  223 14858.2400 14656.7982  1.36%   204 1755s
 20135  4759 14740.8087   24  257 14858.2400 14658.4777  1.34%   205 1772s
 20310  4818 14811.6728   35  189 14858.2400 14659.4513  1.34%   205 1788s
 20495  4873 14805.6988   32  389 14858.2400 14659.9527  1.33%   206 1804s
 20577  4873 14807.0315   19  282 14858.2400 14660.9060  1.33%   206 1805s
 20673  4920     cutoff   37      14858.2400 14661.4339  1.32%   206 1820s
 20854  4987     cutoff   37      14858.2400 14662.6876  1.32%   207 1837s
 21043  5056 14829.2900   31   60 14858.2400 14663.7401  1.31%   207 1854s
 21200  5056 14731.0857   29  231 14858.2400 14664.4094  1.30%   208 1855s
 21226  5106     cutoff   26      14858.2400 14664.5254  1.30%   208 1871s
 21401  5168 14725.0563   34  182 14858.2400 14665.1421  1.30%   209 1888s
 21567  5229 14731.2505   43  273 14858.2400 14665.8029  1.30%   209 1906s
 21775  5290 14742.6922   27  228 14858.2400 14666.2804  1.29%   210 1923s
 21957  5343 14806.8063   25  154 14858.2400 14667.1174  1.29%   210 1940s
 22138  5368 14770.8956   36  342 14858.2400 14668.0938  1.28%   211 1956s
 22300  5393 14761.5277   32  317 14858.2400 14669.0269  1.27%   212 1972s
 22475  5437 14767.8157   34  357 14858.2400 14670.2872  1.26%   212 1990s
 22660  5517 14715.5090   22  346 14858.2400 14671.0763  1.26%   213 2008s
 22864  5564 14796.6813   39  251 14858.2400 14671.3621  1.26%   213 2027s
 23049  5634 14836.6609   38  231 14858.2400 14672.4714  1.25%   213 2046s
 23275  5652 14854.2369   45  180 14858.2400 14673.2159  1.25%   213 2063s
 23435  5706 14822.9062   26  129 14858.2400 14674.0457  1.24%   214 2080s
 23615  5733 14785.1738   33  131 14858.2400 14674.8319  1.23%   215 2098s
 23812  5793 14697.5625   23  306 14858.2400 14675.9010  1.23%   215 2116s
 24004  5841 14736.7800   29  337 14858.2400 14676.6907  1.22%   215 2134s
 24181  5906 14684.9074   24  275 14858.2400 14677.3184  1.22%   216 2152s
 24351  5984 14810.3443   35  208 14858.2400 14677.7671  1.21%   216 2170s
 24580  6016 14785.5660   38  331 14858.2400 14678.9442  1.21%   216 2187s
 24764  6076 14750.8375   39  247 14858.2400 14679.8360  1.20%   216 2205s
 24969  6118     cutoff   21      14858.2400 14680.5754  1.20%   217 2223s
 25170  6173 14709.3050   32  161 14858.2400 14681.5054  1.19%   217 2241s
 25414  6258 14854.0590   39    4 14858.2400 14682.1939  1.18%   217 2258s
*25416  6213              41    14855.940000 14682.1939  1.17%   217 2258s
 25643  6225 14756.7783   36  151 14855.9400 14682.9714  1.16%   217 2276s
 25831  6253     cutoff   30      14855.9400 14684.0998  1.16%   217 2298s
H25881  6095                    14848.200000 14684.0998  1.11%   217 2299s
 25966  6116 14835.9982   31  174 14848.2000 14685.3042  1.10%   217 2315s
 26140  6172 14766.0621   29  254 14848.2000 14686.1473  1.09%   218 2333s
 26352  6213     cutoff   29      14848.2000 14686.8451  1.09%   218 2350s
 26559  6241 14794.5503   28  240 14848.2000 14687.8838  1.08%   218 2369s
 26742  6291     cutoff   29      14848.2000 14688.3245  1.08%   218 2388s
 26952  6345 14835.7092   29  227 14848.2000 14688.9291  1.07%   219 2406s
 27151  6377     cutoff   22      14848.2000 14689.8465  1.07%   219 2424s
 27200  6377 14719.5013   29  264 14848.2000 14689.8465  1.07%   219 2425s
 27402  6416 14783.2522   25  299 14848.2000 14690.4599  1.06%   219 2443s
 27615  6438 14762.3674   39  323 14848.2000 14691.5634  1.05%   219 2461s
 27812  6502 14713.2880   26  334 14848.2000 14692.3996  1.05%   219 2480s
 28017  6546     cutoff   38      14848.2000 14692.7677  1.05%   219 2498s
 28217  6565 14802.5621   33  149 14848.2000 14693.6011  1.04%   220 2516s
 28446  6633 14745.6290   23  295 14848.2000 14694.8285  1.03%   220 2623s
 28603  6633 14785.2487   38  254 14848.2000 14695.2412  1.03%   220 2625s
 28608  6685 14811.7893   22  248 14848.2000 14695.2793  1.03%   220 2643s
 28819  6758 14777.8678   33  281 14848.2000 14695.9270  1.03%   219 2663s
 29043  6809 14792.6048   38  292 14848.2000 14696.7988  1.02%   220 2681s
 29248  6840 14783.8299   31  314 14848.2000 14697.4999  1.01%   220 2699s
 29323  6840 14831.9076   25  219 14848.2000 14697.4999  1.01%   220 2700s
 29442  6865 14762.2687   33  254 14848.2000 14698.5975  1.01%   221 2720s
 29676  6913 14751.1241   33  351 14848.2000 14699.1408  1.00%   221 2741s
 29939  6935 14828.9141   37  257 14848.2000 14699.8018  1.00%   221 2760s
 30133  6958     cutoff   34      14848.2000 14700.3848  1.00%   222 2780s
 30322  7006 14746.4481   28  260 14848.2000 14700.9570  0.99%   222 2798s
 30545  7043 14842.2802   31  110 14848.2000 14701.4456  0.99%   223 2817s
 30784  7107 infeasible   31      14848.2000 14702.3970  0.98%   223 2837s
 30997  7128     cutoff   36      14848.2000 14702.7809  0.98%   223 2856s
 31249  7168     cutoff   41      14848.2000 14703.8325  0.97%   223 2876s
 31506  7200 14822.0319   30  342 14848.2000 14704.4503  0.97%   223 2896s
 31743  7240 14716.1822   29  198 14848.2000 14705.0325  0.96%   223 2915s
 31941  7273 14732.9944   27  300 14848.2000 14705.7240  0.96%   223 2935s
 32192  7295 14762.2055   32  184 14848.2000 14706.4741  0.95%   223 2955s
 32426  7324 14764.7696   38  270 14848.2000 14706.9643  0.95%   223 2975s
 32629  7364 14811.4848   35  224 14848.2000 14707.4454  0.95%   224 2994s
 32754  7364 14822.9477   34  261 14848.2000 14708.0787  0.94%   224 2995s
 32862  7401 14835.3222   45  113 14848.2000 14708.1613  0.94%   224 3015s
 33125  7453     cutoff   28      14848.2000 14708.9190  0.94%   224 3036s
*33163  7367              41    14844.640000 14708.9190  0.91%   224 3036s
 33361  7378 14779.9708   35  293 14844.6400 14709.4338  0.91%   224 3056s
 33548  7408     cutoff   30      14844.6400 14710.2330  0.91%   224 3076s
 33764  7490 14786.8768   34  334 14844.6400 14710.7968  0.90%   225 3098s
 34018  7523 14824.5920   28  224 14844.6400 14711.3566  0.90%   225 3120s
 34275  7560 14825.9966   37  243 14844.6400 14711.8029  0.89%   224 3142s
 34572  7585 14790.3593   26  241 14844.6400 14712.3239  0.89%   224 3164s
 34823  7585 14793.8681   28  244 14844.6400 14712.6151  0.89%   224 3165s
 34827  7632 14816.6531   31  146 14844.6400 14712.6397  0.89%   224 3184s
 35072  7695 14763.0684   26  168 14844.6400 14713.5343  0.88%   224 3205s
 35332  7735 14837.5704   27  202 14844.6400 14714.2377  0.88%   224 3226s
 35582  7792     cutoff   40      14844.6400 14715.0445  0.87%   224 3249s
 35693  7792 14820.4128   34  160 14844.6400 14715.0445  0.87%   224 3250s
 35849  7819     cutoff   45      14844.6400 14715.4912  0.87%   224 3271s
 36113  7875     cutoff   30      14844.6400 14716.1259  0.87%   224 3292s
 36366  7931 14776.4034   33  322 14844.6400 14716.5856  0.86%   224 3314s
 36462  7931 14841.0543   25  248 14844.6400 14716.5856  0.86%   225 3315s
 36616  7952 14833.4818   33  218 14844.6400 14716.9528  0.86%   225 3335s
 36851  7971 14798.5805   38  191 14844.6400 14717.4673  0.86%   225 3357s
 37068  8004 14800.1440   20  288 14844.6400 14718.2936  0.85%   225 3379s
 37203  8004 14837.3409   34  247 14844.6400 14718.2936  0.85%   225 3380s
 37328  8064 14782.9282   31  325 14844.6400 14718.8486  0.85%   225 3401s
 37627  8105     cutoff   40      14844.6400 14719.3057  0.84%   225 3423s
 37882  8105 14825.6526   33  222 14844.6400 14719.6670  0.84%   226 3425s
 37899  8119 14806.7415   39  266 14844.6400 14719.7119  0.84%   226 3444s
