




arguments: ./build/bc_mirp -f ./input/orig_exec_249.cfg
Current dir: /scratch/gui/bc_mirp
File verbosity level: 9
date       time         ( uptime  ) [ thread name/id ]                   file:line     v| 
2021-02-16 02:31:20.096 (   0.226s) [main thread     ]             loguru.cpp:789   INFO| Logging to './output/vi_vc+cus/OU/V2/Original/execution_16_02_2021_02_31_20.log', mode: 'a', verbosity: 9
--------------------------------------------------------------------------------
Parameters
                           instance_path           ./input/Instances/Original/6/
                            model_policy                                       1
                             nb_vehicles                                       2
                              output_dir      ./output/vi_vc+cus/OU/V2/Original/
                            sec_strategy                                       1
                       solver_nb_threads                                       2
                         solver_show_log                                    true
                       solver_time_limit                                    3600
                              use_vi_cos                                   false
                              use_vi_cus                                    true
                         use_vi_hc1_full                                   false
                         use_vi_hc1_half                                   false
                      use_vi_hc1_quarter                                   false
                              use_vi_hc2                                   false
                              use_vi_hc3                                   false
                         use_vi_lex_full                                   false
                         use_vi_lex_half                                   false
                      use_vi_lex_quarter                                   false
                              use_vi_qua                                   false
                               use_vi_vc                                    true
                               use_vi_vr                                   false
--------------------------------------------------------------------------------
executing instance: ./input/Instances/Original/6/absH6high_1n25.dat
--------------------------------------------------------------------------------
Instance details
n	26
H	6
C	1711
Li:
[0, 0, 0, 0, 0, 0, 0, 0, 0, 0, 0, 0, 0, 0, 0, 0, 0, 0, 0, 0, 0, 0, 0, 0, 0, 0, ]
Ui:
[0, 168, 176, 34, 66, 36, 177, 106, 118, 182, 64, 141, 189, 63, 46, 111, 182, 231, 36, 66, 68, 54, 132, 90, 246, 75, ]
Distance matrix:
|0	191	200	231	334	329	146	196	208	245	218	164	283	394	151	358	156	196	309	253	201	260	127	138	130	104	|
|191	0	226	229	278	146	328	216	390	417	327	293	195	334	106	296	171	122	472	151	12	411	280	53	190	130	|
|200	226	0	38	149	359	321	10	276	274	418	364	139	204	121	173	321	115	303	141	225	236	155	202	311	256	|
|231	229	38	0	110	352	358	37	314	310	448	395	108	167	129	135	342	109	336	120	226	268	194	213	335	277	|
|334	278	149	110	0	367	467	147	422	413	546	495	86	61	203	25	423	163	429	129	271	363	303	282	424	361	|
|329	146	359	352	367	0	453	349	533	562	411	393	282	411	245	378	250	244	617	245	141	556	426	195	284	243	|
|146	328	321	358	467	453	0	321	162	215	160	112	425	524	297	491	223	341	284	397	339	266	186	276	184	210	|
|196	216	10	37	147	349	321	0	281	281	414	360	132	203	112	171	315	105	311	132	216	244	159	193	305	249	|
|208	390	276	314	422	533	162	281	0	54	321	271	410	471	316	445	348	348	123	398	398	115	125	338	313	309	|
|245	417	274	310	413	562	215	281	54	0	375	323	413	457	334	435	393	361	70	406	424	69	139	367	359	349	|
|218	327	418	448	546	411	160	414	321	375	0	57	484	606	347	569	163	393	444	446	339	421	318	288	137	199	|
|164	293	364	395	495	393	112	360	271	323	57	0	437	556	300	519	144	346	393	401	305	367	261	249	109	163	|
|283	195	139	108	86	282	425	132	410	413	484	437	0	139	137	101	349	91	443	44	187	375	286	206	355	291	|
|394	334	204	167	61	411	524	203	471	457	606	556	139	0	264	38	483	222	467	183	326	403	356	341	484	421	|
|151	106	121	129	203	245	297	112	316	334	347	300	137	264	0	225	220	46	381	102	106	316	195	84	221	158	|
|358	296	173	135	25	378	491	171	445	435	569	519	101	38	225	0	444	184	450	145	288	384	328	303	446	383	|
|156	171	321	342	423	250	223	315	348	393	163	144	349	483	220	444	0	261	460	308	183	415	284	143	39	65	|
|196	122	115	109	163	244	341	105	348	361	393	346	91	222	46	184	261	0	402	56	118	336	224	119	264	200	|
|309	472	303	336	429	617	284	311	123	70	444	393	443	467	381	450	460	402	0	442	477	68	192	424	426	413	|
|253	151	141	120	129	245	397	132	398	406	446	401	44	183	102	145	308	56	442	0	143	375	273	164	315	251	|
|201	12	225	226	271	141	339	216	398	424	339	305	187	326	106	288	183	118	477	143	0	416	286	63	202	142	|
|260	411	236	268	363	556	266	244	115	69	421	367	375	403	316	384	415	336	68	375	416	0	135	365	384	363	|
|127	280	155	194	303	426	186	159	125	139	318	261	286	356	195	328	284	224	192	273	286	135	0	232	256	229	|
|138	53	202	213	282	195	276	193	338	367	288	249	206	341	84	303	143	119	424	164	63	365	232	0	153	89	|
|130	190	311	335	424	284	184	305	313	359	137	109	355	484	221	446	39	264	426	315	202	384	256	153	0	64	|
|104	130	256	277	361	243	210	249	309	349	199	163	291	421	158	383	65	200	413	251	142	363	229	89	64	0	|

--------------------------------------------------------------------------------
Building model...
	using lazy and cut (CVRPSEP package)
Solving IRP LP...
--------------------------------------------------------------------------------

Gurobi 9.1.0 (linux64) logging started Tue Feb 16 02:31:20 2021

Gurobi Optimizer version 9.1.0 build v9.1.0rc0 (linux64)
Thread count: 32 physical cores, 32 logical processors, using up to 2 threads
Optimize a model with 1274 rows, 4694 columns and 12092 nonzeros
Model fingerprint: 0x68611e28
Variable types: 482 continuous, 4212 integer (312 binary)
Coefficient statistics:
  Matrix range     [1e+00, 9e+02]
  Objective range  [1e-01, 6e+02]
  Bounds range     [1e+00, 2e+02]
  RHS range        [1e+00, 3e+03]
Presolve removed 283 rows and 102 columns
Presolve time: 0.09s
Presolved: 991 rows, 4592 columns, 11257 nonzeros
Variable types: 380 continuous, 4212 integer (3912 binary)

Root relaxation: objective 1.301997e+04, 1375 iterations, 0.04 seconds

    Nodes    |    Current Node    |     Objective Bounds      |     Work
 Expl Unexpl |  Obj  Depth IntInf | Incumbent    BestBd   Gap | It/Node Time

     0     0 13019.9705    0  212          - 13019.9705      -     -    0s
     0     0 13546.2842    0  230          - 13546.2842      -     -    0s
     0     0 13621.2403    0  206          - 13621.2403      -     -    0s
     0     0 13637.2018    0  229          - 13637.2018      -     -    0s
     0     0 13707.4193    0  256          - 13707.4193      -     -    0s
     0     0 13714.1512    0  258          - 13714.1512      -     -    0s
     0     0 13725.4300    0  282          - 13725.4300      -     -    0s
     0     0 13731.0247    0  279          - 13731.0247      -     -    0s
     0     0 13731.2972    0  279          - 13731.2972      -     -    0s
     0     0 14480.5844    0  327          - 14480.5844      -     -    0s
     0     0 14665.7979    0  342          - 14665.7979      -     -    1s
     0     0 14697.4719    0  397          - 14697.4719      -     -    1s
     0     0 14765.4097    0  361          - 14765.4097      -     -    1s
     0     0 14783.6307    0  379          - 14783.6307      -     -    1s
     0     0 14783.9445    0  386          - 14783.9445      -     -    1s
     0     0 14998.0785    0  377          - 14998.0785      -     -    1s
     0     0 15020.2387    0  385          - 15020.2387      -     -    1s
     0     0 15027.7842    0  376          - 15027.7842      -     -    1s
     0     0 15028.2180    0  380          - 15028.2180      -     -    1s
     0     0 15051.6444    0  384          - 15051.6444      -     -    2s
     0     0 15083.3476    0  421          - 15083.3476      -     -    2s
     0     0 15106.7180    0  411          - 15106.7180      -     -    2s
     0     0 15112.0527    0  385          - 15112.0527      -     -    2s
     0     0 15112.6248    0  394          - 15112.6248      -     -    2s
     0     0 15135.3601    0  451          - 15135.3601      -     -    2s
     0     0 15139.4943    0  407          - 15139.4943      -     -    2s
     0     0 15140.9611    0  463          - 15140.9611      -     -    2s
     0     0 15155.5184    0  409          - 15155.5184      -     -    2s
     0     0 15155.5184    0  398          - 15155.5184      -     -    2s
     0     2 15156.0020    0  387          - 15156.0020      -     -    3s
    19    23 15274.5095    7  399          - 15234.9777      -   666    5s
    82    86 15711.1555   21  394          - 15234.9777      -   574   10s
   499   523 16486.1305   79  111          - 15234.9777      -   152   15s
*  531   525             252    21556.530000 15234.9777  29.3%   145   15s
*  558   512             245    21367.020000 15234.9777  28.7%   141   16s
   728   676 16571.6755   40  398 21367.0200 15234.9777  28.7%   127   22s
H  729   643                    21105.020000 15234.9777  27.8%   127   22s
H  730   610                    20892.940000 15234.9777  27.1%   127   23s
   737   615 17323.9605  159  492 20892.9400 15709.0612  24.8%   126   25s
   757   628 15796.7911   21  585 20892.9400 15796.7911  24.4%   122   30s
H  757   596                    20875.220000 15798.5088  24.3%   122   30s
H  764   572                    20560.340000 15798.6414  23.2%   138   32s
   768   574 16029.5725   17  516 20560.3400 15798.6414  23.2%   138   35s
H  780   553                    19260.960000 15799.9253  18.0%   136   56s
H  780   525                    19237.210000 15799.9253  17.9%   136   56s
   808   547 15907.3602   34  396 19237.2100 15847.7740  17.6%   161   60s
   921   630 16675.2722   59  219 19237.2100 15847.7740  17.6%   174   65s
  1056   682 15984.8314   37  383 19237.2100 15876.9851  17.5%   175   70s
H 1057   655                    19232.930000 15876.9851  17.4%   175   70s
  1087   677 16179.8347   45  326 19232.9300 15876.9851  17.4%   189   89s
  1092   682 infeasible   46      19232.9300 15876.9851  17.4%   191   90s
  1182   757 16753.8428   70  178 19232.9300 15876.9851  17.4%   201   95s
  1406   894 18334.8321  150   42 19232.9300 15876.9851  17.4%   187  100s
* 1465   915             175    18723.060000 15882.3921  15.2%   182  101s
* 1468   890             174    18721.060000 15882.3921  15.2%   181  101s
* 1568   827             147    17995.750000 15882.3921  11.7%   178  103s
  1605   834 16364.2325   42  300 17995.7500 15882.3921  11.7%   182  105s
H 1642   805                    17712.750000 15882.3921  10.3%   186  109s
  1645   820 16560.3587   59  220 17712.7500 15882.3921  10.3%   187  110s
  1765   928 17079.0175  101   54 17712.7500 15890.2584  10.3%   189  115s
* 1810   874             121    17635.520000 15890.2584  9.90%   186  115s
* 1813   825             122    17506.440000 15890.2584  9.23%   186  115s
* 1817   796             124    17474.440000 15890.2584  9.07%   186  115s
  1869   879 16920.9327   58  216 17474.4400 15890.2584  9.07%   191  120s
  2024   986 16035.8067   35  443 17474.4400 15893.5656  9.05%   189  126s
  2141  1072 15928.7795   32  452 17474.4400 15898.8570  9.02%   188  131s
  2260  1174 16293.7793   40  281 17474.4400 15898.8570  9.02%   188  136s
  2353  1314 16522.7038   64  184 17474.4400 15898.8570  9.02%   186  141s
  2492  1340 16359.8342   44  245 17474.4400 15899.1076  9.02%   185  146s
  2562  1401 16050.5574   38  455 17474.4400 15899.2283  9.01%   187  150s
  2736  1546 16106.5247   35  411 17474.4400 15900.2271  9.01%   184  157s
  2782  1597 16521.7894   46  282 17474.4400 15900.2271  9.01%   184  160s
  2866  1680 16411.7580   40  349 17474.4400 15900.8381  9.01%   186  169s
  2935  1720 17352.5516   79   93 17474.4400 15901.7124  9.00%   185  175s
  3027  1761 16364.3773   42  290 17474.4400 15901.7124  9.00%   187  181s
  3081  1908 16644.0493   60  179 17474.4400 15902.8039  8.99%   190  187s
* 3220  1931             108    17471.250000 15906.2362  8.96%   187  190s
* 3221  1926             107    17463.250000 15906.2362  8.92%   187  190s
* 3222  1855             106    17384.880000 15906.2362  8.51%   187  190s
  3341  1966 16666.6324   43  270 17384.8800 15910.4050  8.48%   188  196s
  3389  2018 16005.2087   35  331 17384.8800 15910.4050  8.48%   189  200s
H 3422  1702                    17128.550000 15910.4050  7.11%   189  200s
  3497  1796 16253.4547   37  210 17128.5500 15919.3564  7.06%   191  233s
* 3598  1570              77    16982.570000 15919.3564  6.26%   190  233s
  3616  1627 15974.0098   32  401 16982.5700 15925.2235  6.23%   189  238s
  3694  1684 16200.0231   32  412 16982.5700 15926.4715  6.22%   190  242s
  3751  1778 16480.3970   44  236 16982.5700 15927.9589  6.21%   191  248s
  3891  1824 16190.3361   35  324 16982.5700 15928.8731  6.20%   190  252s
  3957  1876 16184.4544   39  503 16982.5700 15932.0869  6.19%   191  258s
  4021  1904 16853.5657   71  235 16982.5700 15935.0893  6.17%   192  262s
  4057  1948 16324.6602   36  417 16982.5700 15935.5732  6.17%   195  267s
  4124  1989 16172.2629   36  358 16982.5700 15936.0020  6.16%   197  272s
  4185  2073 16087.1982   38  350 16982.5700 15940.7769  6.13%   198  278s
* 4265  2048             110    16966.570000 15940.7769  6.05%   196  278s
  4307  2094 16958.2100  109    8 16966.5700 15941.9253  6.04%   196  283s
* 4310  2091             111    16965.350000 15941.9253  6.03%   196  283s
  4381  2138 16312.7018   43  281 16965.3500 15942.1497  6.03%   198  288s
  4449  2189 16560.3662   50  276 16965.3500 15943.3613  6.02%   199  294s
H 4502  2186                    16961.430000 15944.8941  5.99%   199  294s
  4519  2248 16937.9237   83   14 16961.4300 15944.8992  5.99%   200  300s
H 4529  2221                    16941.250000 15944.8992  5.88%   200  300s
  4600  2245 16831.0291   73  109 16941.2500 15951.6317  5.84%   201  320s
  4682  2308 16219.4309   45  327 16941.2500 15951.7434  5.84%   202  325s
  4745  2444 16441.0839   57  245 16941.2500 15952.0287  5.84%   204  333s
  4921  2452 16183.7307   39  428 16941.2500 15952.6735  5.84%   202  354s
H 4924  2182                    16831.750000 15952.6735  5.22%   203  354s
  4929  2219 16188.2724   41  420 16831.7500 15952.6735  5.22%   203  359s
H 4966  2270                    16826.340000 15952.6735  5.19%   206  366s
  5031  2355 16673.2858   65  160 16826.3400 15952.7287  5.19%   206  373s
  5192  2442 16505.4615   45  255 16826.3400 15955.2369  5.18%   205  380s
  5295  2508     cutoff   68      16826.3400 15955.5396  5.18%   205  387s
  5409  2574 16439.7390   41  420 16826.3400 15959.4274  5.15%   206  394s
  5534  2697 16203.8218   39  225 16826.3400 15961.5288  5.14%   207  401s
  5699  2788 16551.7299   51  230 16826.3400 15962.2932  5.14%   206  410s
  5861  2855 16680.0363   45  143 16826.3400 15964.7247  5.12%   207  418s
  5999  2929 16458.1872   43  329 16826.3400 15967.0382  5.11%   208  427s
  6100  2969     cutoff   57      16826.3400 15969.6631  5.09%   208  434s
  6185  3105 16152.1945   37  361 16826.3400 15974.5416  5.06%   210  443s
  6359  3197 16252.9507   33  383 16826.3400 15978.1730  5.04%   209  453s
  6477  3317 16564.4648   62  103 16826.3400 15983.0116  5.01%   210  462s
* 6545  3283              66    16819.350000 15983.0116  4.97%   210  462s
  6652  3325 16070.5027   36  403 16819.3500 15983.3158  4.97%   210  470s
  6728  3418 16380.1198   44  272 16819.3500 15983.3158  4.97%   211  477s
  6834  3522 16647.8725   55  124 16819.3500 15984.8800  4.96%   213  488s
  7047  3632 16235.9338   40  269 16819.3500 15986.2209  4.95%   212  498s
H 7193  2978                    16694.090000 15987.2979  4.23%   212  507s
H 7306  3026                    16693.090000 15989.8446  4.21%   213  518s
H 7361  2995                    16686.980000 15990.7280  4.17%   213  518s
  7440  3098 16163.6554   37  253 16686.9800 15994.5256  4.15%   214  529s
H 7586  2616                    16602.670000 15994.8981  3.66%   215  541s
H 7737  2615                    16594.670000 15999.2021  3.59%   216  551s
  7875  2684 16382.4421   37  325 16594.6700 16001.6232  3.57%   218  562s
H 7931  2587                    16579.330000 16001.6232  3.48%   219  562s
  8015  2679 16265.8345   39  255 16579.3300 16003.6312  3.47%   220  573s
H 8095  2620                    16567.490000 16003.6312  3.40%   220  573s
  8159  2683 16462.4719   47  199 16567.4900 16005.2087  3.39%   221  585s
  8320  2784     cutoff   52      16567.4900 16008.3816  3.37%   222  596s
  8480  2871 16310.8842   43  236 16567.4900 16012.0040  3.35%   223  608s
  8643  2973     cutoff   45      16567.4900 16012.0772  3.35%   225  620s
  8833  3056 16347.3265   44  274 16567.4900 16015.0236  3.33%   225  631s
H 8986  2858                    16538.340000 16017.9405  3.15%   226  644s
H 8992  2747                    16525.580000 16017.9405  3.07%   227  644s
H 8999  2148                    16449.030000 16017.9405  2.62%   227  644s
  9007  2199     cutoff   41      16449.0300 16018.1461  2.62%   227  654s
  9058  2199 16436.6404   43  273 16449.0300 16019.8823  2.61%   228  655s
  9147  2241 16425.9229   42  196 16449.0300 16021.1048  2.60%   229  665s
  9273  2288     cutoff   41      16449.0300 16025.3462  2.58%   231  675s
  9408  2338 infeasible   49      16449.0300 16026.4654  2.57%   233  686s
  9529  2414 16319.0431   40  332 16449.0300 16029.4402  2.55%   235  698s
  9671  2460 16307.5109   36  325 16449.0300 16033.5486  2.53%   237  709s
  9793  2508 16256.1237   40  230 16449.0300 16035.8822  2.51%   239  722s
  9937  2582 16098.9020   39  310 16449.0300 16037.8788  2.50%   240  734s
 10077  2638 16393.3317   43  340 16449.0300 16038.2754  2.50%   242  746s
 10238  2686 16134.7712   31  413 16449.0300 16040.9264  2.48%   243  758s
 10376  2761 16384.6563   48  200 16449.0300 16042.0805  2.47%   245  771s
 10538  2831 16269.5590   42  337 16449.0300 16043.5360  2.47%   246  783s
H10619  2787                    16442.670000 16043.5360  2.43%   247  783s
 10711  2826 16321.8729   41  279 16442.6700 16045.9256  2.41%   247  795s
 10871  2864 16279.3286   40  466 16442.6700 16049.3567  2.39%   248  806s
 11055  2949 16146.6329   36  314 16442.6700 16050.8747  2.38%   249  819s
 11267  2981     cutoff   41      16442.6700 16052.7165  2.37%   249  831s
 11404  3037 16425.2040   48  307 16442.6700 16055.4600  2.35%   251  843s
 11569  3091 16364.5189   47  327 16442.6700 16059.5753  2.33%   252  854s
 11654  3091 16320.3424   42  299 16442.6700 16060.5374  2.32%   252  855s
 11713  3131 16239.9192   38  263 16442.6700 16060.5675  2.32%   253  868s
 11894  3178 16201.0914   43  254 16442.6700 16063.4444  2.31%   254  882s
 12047  3247 16364.8562   44  200 16442.6700 16065.0438  2.30%   255  894s
 12234  3298 16252.2301   41  287 16442.6700 16067.5760  2.28%   256  907s
 12425  3343 16313.2328   35  315 16442.6700 16069.9010  2.27%   257  919s
 12607  3400 16375.0756   39  333 16442.6700 16072.4471  2.25%   258  929s
 12770  3453     cutoff   44      16442.6700 16075.3293  2.23%   258  941s
 12937  3503 16376.4957   38  376 16442.6700 16078.0984  2.22%   258  953s
 13118  3595 16398.6094   43  280 16442.6700 16080.9337  2.20%   259  964s
 13332  3674 16279.8763   43  324 16442.6700 16082.6253  2.19%   259  977s
 13532  3707 16360.3862   50  181 16442.6700 16084.9901  2.18%   259  996s
 13707  3766 16413.0440   41  367 16442.6700 16088.7026  2.15%   260 1009s
 13893  3824 16340.4160   41  258 16442.6700 16092.1031  2.13%   261 1022s
 14078  3910 16306.3921   36  394 16442.6700 16094.0102  2.12%   261 1035s
 14280  3962 16324.3405   41  276 16442.6700 16095.9097  2.11%   262 1076s
 14472  4023 16401.3942   43  220 16442.6700 16098.0232  2.10%   262 1091s
 14654  4097 16310.4741   39  249 16442.6700 16101.7327  2.07%   263 1104s
 14861  4135 16236.6150   44  211 16442.6700 16103.7007  2.06%   263 1141s
 15041  4215 16416.1670   38  263 16442.6700 16105.6019  2.05%   264 1155s
 15230  4296 16280.7226   37  368 16442.6700 16106.8125  2.04%   264 1168s
 15447  4349 16293.0864   40  227 16442.6700 16108.8803  2.03%   264 1196s
 15652  4393 16313.7716   39  331 16442.6700 16112.9835  2.01%   264 1212s
 15825  4434 16379.1874   41  275 16442.6700 16114.7021  1.99%   265 1223s
 16020  4481 16367.3289   40  255 16442.6700 16118.0924  1.97%   265 1235s
 16219  4532 16284.7594   41  371 16442.6700 16120.9064  1.96%   265 1248s
 16425  4592 16262.3381   37  289 16442.6700 16122.6267  1.95%   266 1261s
 16621  4672 16278.1268   40  339 16442.6700 16125.6865  1.93%   266 1275s
 16815  4710 16397.9439   51  322 16442.6700 16126.6086  1.92%   267 1298s
 16979  4755     cutoff   45      16442.6700 16128.0129  1.91%   268 1312s
 17142  4813     cutoff   46      16442.6700 16129.3346  1.91%   268 1325s
 17344  4889     cutoff   46      16442.6700 16130.3305  1.90%   269 1339s
 17630  4932 16261.9776   39  392 16442.6700 16132.8003  1.88%   267 1353s
 17789  4942 16321.8950   39  239 16442.6700 16135.3650  1.87%   267 1366s
 17938  4982     cutoff   42      16442.6700 16137.0212  1.86%   267 1380s
 18114  5062 16323.2598   42  226 16442.6700 16138.4082  1.85%   268 1393s
 18342  5114     cutoff   43      16442.6700 16140.7064  1.84%   268 1407s
 18563  5198     cutoff   40      16442.6700 16141.9964  1.83%   268 1421s
 18793  5246 16331.7583   41  284 16442.6700 16144.2044  1.82%   268 1434s
 18906  5246 16398.1999   43  341 16442.6700 16146.2524  1.80%   268 1435s
 19025  5311 16246.2367   38  319 16442.6700 16146.4225  1.80%   268 1448s
 19238  5352     cutoff   43      16442.6700 16148.3752  1.79%   268 1462s
 19408  5429 16440.3920   48  207 16442.6700 16148.9454  1.79%   269 1476s
 19651  5443 16264.2842   42  205 16442.6700 16151.8939  1.77%   269 1534s
 19689  5476 16322.9284   47  187 16442.6700 16151.9660  1.77%   269 1552s
 19926  5552 16396.1704   46  242 16442.6700 16152.6945  1.76%   269 1566s
 20159  5623     cutoff   45      16442.6700 16154.8189  1.75%   269 1581s
 20405  5714     cutoff   49      16442.6700 16156.2796  1.74%   269 1596s
 20670  5811 16249.1401   45  300 16442.6700 16157.7689  1.73%   268 1612s
 20993  5867 16402.4994   43  377 16442.6700 16158.9323  1.73%   268 1626s
 21224  5927 16289.3188   40  295 16442.6700 16160.4380  1.72%   268 1641s
 21450  5971 16284.4396   39  311 16442.6700 16162.0211  1.71%   268 1655s
 21668  6017 16331.8906   40  239 16442.6700 16162.9250  1.70%   269 1670s
 21889  6047 16409.5983   43  346 16442.6700 16165.6554  1.68%   269 1693s
 22064  6095 16406.8713   48  236 16442.6700 16166.8265  1.68%   270 1707s
 22312  6167     cutoff   46      16442.6700 16169.2292  1.66%   270 1722s
 22619  6224 16384.3299   47  424 16442.6700 16170.4836  1.66%   269 1738s
 22857  6309 16383.1287   40  208 16442.6700 16171.3235  1.65%   270 1753s
 23122  6371     cutoff   43      16442.6700 16173.6842  1.64%   269 1767s
 23339  6399 16315.6035   43  316 16442.6700 16174.9800  1.63%   270 1786s
 23471  6451 16342.8682   41  304 16442.6700 16175.8695  1.62%   270 1801s
 23676  6516 16253.5980   43  311 16442.6700 16177.3387  1.61%   270 1814s
 23825  6516 16271.9661   33  285 16442.6700 16178.6041  1.61%   270 1815s
 23916  6610 16349.6387   44  338 16442.6700 16178.6352  1.61%   270 1828s
 24185  6655     cutoff   45      16442.6700 16179.9826  1.60%   270 1841s
 24377  6726 16347.4052   42  261 16442.6700 16180.9846  1.59%   270 1855s
 24655  6787 16299.8767   41  294 16442.6700 16181.8930  1.59%   270 1869s
 24914  6821 16385.0082   43  331 16442.6700 16183.6566  1.58%   270 1882s
 25143  6894 16320.7001   37  350 16442.6700 16185.7138  1.56%   270 1897s
 25388  6953 16282.2140   43  208 16442.6700 16186.8983  1.56%   270 1911s
 25648  7021 16395.0735   40  347 16442.6700 16188.9507  1.54%   270 1926s
 25894  7104 16418.4936   44  295 16442.6700 16190.2666  1.54%   270 1942s
 26155  7172 16273.4068   45  253 16442.6700 16190.9247  1.53%   270 1956s
 26414  7251 16341.2751   55   96 16442.6700 16192.6158  1.52%   270 1973s
 26690  7299 16358.9562   40  400 16442.6700 16193.8117  1.51%   270 1988s
 26896  7346     cutoff   41      16442.6700 16195.3421  1.50%   270 2003s
 27142  7408 16343.7371   44  193 16442.6700 16196.0078  1.50%   270 2017s
 27442  7451     cutoff   43      16442.6700 16198.3121  1.49%   269 2032s
 27680  7495 16364.6372   42  360 16442.6700 16199.2210  1.48%   270 2048s
 27925  7565 16402.2112   49  391 16442.6700 16200.2981  1.47%   270 2063s
 28200  7602     cutoff   41      16442.6700 16201.7226  1.47%   269 2078s
 28419  7639 16415.4810   59  118 16442.6700 16202.8672  1.46%   270 2092s
 28660  7672 16395.1791   40  388 16442.6700 16203.7570  1.45%   270 2107s
 28921  7718 16313.3145   39  337 16442.6700 16204.8328  1.45%   270 2124s
 29191  7771 16306.2224   36  353 16442.6700 16206.2397  1.44%   270 2139s
 29415  7810     cutoff   41      16442.6700 16207.4427  1.43%   270 2153s
 29625  7901 16397.2096   38  238 16442.6700 16208.7726  1.42%   270 2169s
 29950  7959 16359.6187   42  361 16442.6700 16209.8491  1.42%   269 2184s
 30201  8012 16434.3587   38  294 16442.6700 16210.9039  1.41%   269 2199s
 30461  8073     cutoff   46      16442.6700 16212.0193  1.40%   269 2215s
 30788  8161 16257.6768   44  203 16442.6700 16212.9115  1.40%   269 2231s
 31080  8283 16348.0432   44  215 16442.6700 16213.8487  1.39%   268 2247s
 31423  8335 16345.5136   41  303 16442.6700 16214.9676  1.38%   268 2262s
 31696  8402 16429.1613   51  229 16442.6700 16216.2470  1.38%   268 2277s
 31998  8473     cutoff   51      16442.6700 16217.0859  1.37%   267 2291s
 32268  8588     cutoff   58      16442.6700 16218.3407  1.36%   267 2306s
 32619  8672 16316.5319   46  217 16442.6700 16219.4726  1.36%   266 2321s
 32954  8736 16424.2584   38  330 16442.6700 16220.8695  1.35%   266 2337s
 33235  8794     cutoff   45      16442.6700 16221.6384  1.34%   266 2352s
 33524  8845 16317.2948   41  311 16442.6700 16222.5856  1.34%   266 2368s
 33793  8889 16285.8460   45  186 16442.6700 16223.3526  1.33%   266 2383s
 34056  8934 16344.8497   46  322 16442.6700 16224.4843  1.33%   266 2397s
 34302  8989     cutoff   44      16442.6700 16225.4275  1.32%   266 2413s
 34611  9061 16418.6332   49  280 16442.6700 16226.2389  1.32%   265 2428s
 34895  9112 16340.4883   37  309 16442.6700 16227.4805  1.31%   265 2444s
 35165  9178     cutoff   39      16442.6700 16228.1115  1.30%   265 2460s
 35450  9249 16432.3753   42  216 16442.6700 16228.8070  1.30%   265 2475s
 35776  9331 16413.0578   48  251 16442.6700 16229.8403  1.29%   264 2491s
 36073  9389 16380.3119   36  324 16442.6700 16230.6384  1.29%   264 2507s
 36343  9479     cutoff   47      16442.6700 16231.7461  1.28%   264 2523s
 36702  9505 infeasible   46      16442.6700 16232.7375  1.28%   264 2538s
 36976  9572 16347.4916   37  315 16442.6700 16233.4821  1.27%   263 2553s
 37269  9653 16430.2113   40  302 16442.6700 16234.6202  1.27%   263 2569s
 37610  9736 16336.0111   43  367 16442.6700 16235.4506  1.26%   263 2584s
 37921  9793 16263.6049   50  235 16442.6700 16236.6819  1.25%   262 2599s
*38052  9485              61    16426.720000 16236.6819  1.16%   262 2599s
 38230  9534 16331.1925   40  241 16426.7200 16237.8075  1.15%   262 2615s
 38532  9582     cutoff   45      16426.7200 16238.7760  1.14%   262 2631s
 38848  9629 16246.8979   40  220 16426.7200 16239.9588  1.14%   261 2647s
 39142  9678 16356.5269   38  199 16426.7200 16241.2594  1.13%   261 2662s
 39433  9720 16387.3023   44  239 16426.7200 16242.4838  1.12%   261 2679s
 39733  9750     cutoff   48      16426.7200 16243.0989  1.12%   260 2694s
 39987  9761     cutoff   43      16426.7200 16243.9970  1.11%   260 2709s
H40196  7818                    16387.380000 16245.3854  0.87%   260 2725s
 40513  7814     cutoff   52      16387.3800 16246.1607  0.86%   260 2741s
 40797  7825 16385.7240   39  294 16387.3800 16247.1997  0.86%   260 2756s
 41102  7825     cutoff   46      16387.3800 16248.8226  0.85%   260 2773s
 41367  7849 16323.2737   46  234 16387.3800 16250.0222  0.84%   260 2789s
 41701  7867     cutoff   36      16387.3800 16251.6507  0.83%   259 2805s
 42058  7879 16365.5228   40  386 16387.3800 16253.1413  0.82%   259 2820s
 42356  7876     cutoff   47      16387.3800 16254.6458  0.81%   259 2836s
 42672  7877 16346.7066   36  271 16387.3800 16255.5486  0.80%   258 2852s
 42980  7867     cutoff   42      16387.3800 16257.0171  0.80%   258 2868s
 43303  7863 16304.2506   47  193 16387.3800 16258.2782  0.79%   258 2882s
 43554  7885     cutoff   40      16387.3800 16259.5397  0.78%   258 2896s
 43866  7908 16365.6101   47  364 16387.3800 16260.7489  0.77%   257 2913s
 44247  7928     cutoff   43      16387.3800 16261.9907  0.77%   256 2930s
 44649  7932     cutoff   46      16387.3800 16263.5416  0.76%   256 2948s
 45029  7964     cutoff   46      16387.3800 16264.8665  0.75%   255 2966s
 45502  7973 16318.1089   60   87 16387.3800 16266.2605  0.74%   254 2984s
 45675  7973 16361.1014   44  242 16387.3800 16267.3613  0.73%   254 2985s
 45872  7949     cutoff   48      16387.3800 16267.4224  0.73%   254 3001s
 46230  7938 16335.6191   41  321 16387.3800 16268.4386  0.73%   254 3015s
 46516  7933 16335.2477   46  218 16387.3800 16269.5900  0.72%   253 3028s
 46771  7923     cutoff   57      16387.3800 16270.2662  0.71%   253 3041s
 47043  7917     cutoff   43      16387.3800 16271.4924  0.71%   253 3055s
 47346  7904 16368.9662   43  300 16387.3800 16272.3033  0.70%   252 3069s
 47483  7882     cutoff   39      16387.3800 16272.9798  0.70%   252 3082s
 47716  7895 16289.4636   41  254 16387.3800 16274.0876  0.69%   252 3096s
 48046  7892     cutoff   44      16387.3800 16275.2336  0.68%   252 3109s
 48298  7883     cutoff   44      16387.3800 16276.3605  0.68%   252 3123s
 48661  7888 16375.2273   52  247 16387.3800 16277.4094  0.67%   251 3137s
 49020  7882 16383.9934   41  276 16387.3800 16278.4156  0.66%   251 3150s
 49307  7844     cutoff   60      16387.3800 16279.6153  0.66%   250 3162s
 49575  7851 16381.8333   46  301 16387.3800 16281.0011  0.65%   250 3175s
 49917  7836     cutoff   48      16387.3800 16281.9420  0.64%   250 3189s
 50256  7827     cutoff   51      16387.3800 16282.9856  0.64%   249 3202s
 50615  7805 16351.8709   49  128 16387.3800 16284.3022  0.63%   249 3216s
 50959  7769 16337.5259   45  205 16387.3800 16285.4052  0.62%   248 3229s
 51284  7744 16336.8392   41  192 16387.3800 16286.6323  0.61%   248 3241s
 51602  7729     cutoff   56      16387.3800 16287.6803  0.61%   248 3254s
 51901  7707     cutoff   49      16387.3800 16288.4385  0.60%   248 3266s
 52218  7682     cutoff   45      16387.3800 16289.6866  0.60%   247 3279s
 52578  7691     cutoff   42      16387.3800 16290.8402  0.59%   247 3291s
 52917  7659 16357.9772   52  162 16387.3800 16291.6702  0.58%   246 3308s
 53075  7635 16360.9681   50  103 16387.3800 16292.0495  0.58%   246 3320s
 53373  7593 16340.3550   39  345 16387.3800 16293.2020  0.57%   246 3333s
 53694  7544     cutoff   43      16387.3800 16294.2712  0.57%   246 3347s
 54045  7513     cutoff   51      16387.3800 16295.6545  0.56%   245 3361s
 54383  7471     cutoff   40      16387.3800 16296.8504  0.55%   245 3375s
 54764  7426 16354.4974   54  217 16387.3800 16297.5415  0.55%   244 3389s
 55122  7368 16355.6783   46  121 16387.3800 16298.7889  0.54%   244 3402s
 55464  7299 16367.4145   43  320 16387.3800 16300.1142  0.53%   243 3415s
 55817  7286     cutoff   61      16387.3800 16301.2472  0.53%   243 3429s
 56235  7250 16364.9677   45  195 16387.3800 16302.1560  0.52%   242 3442s
 56617  7178 16366.3436   43  178 16387.3800 16302.8961  0.52%   242 3455s
 56998  7111 16326.1736   63   79 16387.3800 16304.0517  0.51%   241 3468s
 57377  7056     cutoff   42      16387.3800 16305.2032  0.50%   241 3482s
 57777  7013     cutoff   38      16387.3800 16306.5073  0.49%   240 3496s
 58203  6952     cutoff   49      16387.3800 16307.8049  0.49%   239 3509s
 58517  6891 16351.2928   52  177 16387.3800 16309.2778  0.48%   239 3522s
 58902  6832     cutoff   47      16387.3800 16310.2878  0.47%   239 3534s
 59068  6832 16352.0721   43  298 16387.3800 16311.3510  0.46%   238 3535s
 59219  6760     cutoff   47      16387.3800 16311.3705  0.46%   238 3547s
 59561  6684     cutoff   47      16387.3800 16312.4676  0.46%   238 3561s
 59934  6595     cutoff   54      16387.3800 16313.9058  0.45%   237 3574s
 60308  6515 16337.1258   42  299 16387.3800 16314.9917  0.44%   237 3587s
 60623  6423     cutoff   45      16387.3800 16316.1089  0.43%   237 3600s

Cutting planes:
  User: 3067
  Gomory: 45
  Cover: 249
  Implied bound: 214
  Clique: 21
  MIR: 133
  StrongCG: 2
  Flow cover: 342
  GUB cover: 1
  Zero half: 10
  Network: 3
  RLT: 225
  Relax-and-lift: 3
  Lazy constraints: 395

Explored 60979 nodes (14412985 simplex iterations) in 3600.51 seconds
Thread count was 2 (of 32 available processors)

Solution count 10: 16387.4 16426.7 16442.7 ... 16602.7

Time limit reached
Best objective 1.638738000000e+04, best bound 1.631749665508e+04, gap 0.4264%

User-callback calls 285598, time in user-callback 266.20 sec
================================================================================
executing instance: ./input/Instances/Original/6/absH6high_1n20.dat
--------------------------------------------------------------------------------
Instance details
n	21
H	6
C	1651
Li:
[0, 0, 0, 0, 0, 0, 0, 0, 0, 0, 0, 0, 0, 0, 0, 0, 0, 0, 0, 0, 0, ]
Ui:
[0, 36, 182, 182, 90, 261, 117, 30, 110, 42, 276, 153, 40, 94, 144, 46, 129, 213, 264, 160, 174, ]
Distance matrix:
|0	371	401	343	361	341	370	115	392	400	79	266	292	245	355	431	265	194	95	92	348	|
|371	0	37	141	110	250	117	438	67	131	372	305	115	238	247	255	235	296	392	430	185	|
|401	37	0	175	100	284	146	472	90	156	406	342	152	275	280	282	242	333	415	455	178	|
|343	141	175	0	239	110	38	374	95	60	314	182	67	130	106	127	318	201	397	423	303	|
|361	110	100	239	0	341	222	451	177	240	385	374	190	304	341	361	151	345	354	398	78	|
|341	250	284	110	341	0	143	337	203	151	289	102	152	97	15	95	394	156	415	431	398	|
|370	117	146	38	222	143	0	407	61	30	346	220	81	167	137	139	317	237	417	447	292	|
|115	438	472	374	451	337	407	0	443	434	66	241	339	251	351	431	374	181	201	177	450	|
|392	67	90	95	177	203	61	443	0	66	379	275	104	216	197	193	294	283	427	461	252	|
|400	131	156	60	240	151	30	434	66	0	374	237	112	189	142	127	344	261	448	477	312	|
|79	372	406	314	385	289	346	66	379	374	0	202	275	197	304	383	316	134	175	166	388	|
|266	305	342	182	374	102	220	241	275	237	202	0	191	70	117	196	386	73	352	359	415	|
|292	115	152	67	190	152	81	339	104	112	275	191	0	123	154	193	252	183	336	366	246	|
|245	238	275	130	304	97	167	251	216	189	197	70	123	0	110	187	322	72	319	334	346	|
|355	247	280	106	341	15	137	351	197	142	304	117	154	110	0	80	399	171	427	444	400	|
|431	255	282	127	361	95	139	431	193	127	383	196	193	187	80	0	444	251	499	519	429	|
|265	235	242	318	151	394	317	374	294	344	316	386	252	322	399	444	0	332	226	273	97	|
|194	296	333	201	345	156	237	181	283	261	134	73	183	72	171	251	332	0	279	286	375	|
|95	392	415	397	354	415	417	201	427	448	175	352	336	319	427	499	226	279	0	47	321	|
|92	430	455	423	398	431	447	177	461	477	166	359	366	334	444	519	273	286	47	0	368	|
|348	185	178	303	78	398	292	450	252	312	388	415	246	346	400	429	97	375	321	368	0	|

--------------------------------------------------------------------------------
Building model...
	using lazy and cut (CVRPSEP package)
Solving IRP LP...
--------------------------------------------------------------------------------

Gurobi 9.1.0 (linux64) logging started Tue Feb 16 03:31:21 2021

Gurobi Optimizer version 9.1.0 build v9.1.0rc0 (linux64)
Thread count: 32 physical cores, 32 logical processors, using up to 2 threads
Optimize a model with 1029 rows, 3159 columns and 8487 nonzeros
Model fingerprint: 0xda264816
Variable types: 387 continuous, 2772 integer (252 binary)
Coefficient statistics:
  Matrix range     [1e+00, 8e+02]
  Objective range  [1e-01, 5e+02]
  Bounds range     [1e+00, 3e+02]
  RHS range        [1e+00, 3e+03]
Presolve removed 228 rows and 82 columns
Presolve time: 0.07s
Presolved: 801 rows, 3077 columns, 7817 nonzeros
Variable types: 305 continuous, 2772 integer (2532 binary)

Root relaxation: objective 1.252368e+04, 946 iterations, 0.02 seconds

    Nodes    |    Current Node    |     Objective Bounds      |     Work
 Expl Unexpl |  Obj  Depth IntInf | Incumbent    BestBd   Gap | It/Node Time

     0     0 12523.6776    0  165          - 12523.6776      -     -    0s
     0     0 12756.1569    0  186          - 12756.1569      -     -    0s
     0     0 12766.7153    0  195          - 12766.7153      -     -    0s
     0     0 12788.7164    0  195          - 12788.7164      -     -    0s
     0     0 12843.9150    0  184          - 12843.9150      -     -    0s
     0     0 12874.6304    0  190          - 12874.6304      -     -    0s
     0     0 12907.8462    0  203          - 12907.8462      -     -    0s
     0     0 12950.8562    0  216          - 12950.8562      -     -    0s
     0     0 12953.6979    0  213          - 12953.6979      -     -    0s
     0     0 12954.1218    0  210          - 12954.1218      -     -    0s
     0     0 12954.1987    0  217          - 12954.1987      -     -    0s
     0     0 13356.9875    0  261          - 13356.9875      -     -    0s
     0     0 13465.3542    0  278          - 13465.3542      -     -    0s
     0     0 13489.5517    0  308          - 13489.5517      -     -    0s
     0     0 13524.9518    0  235          - 13524.9518      -     -    0s
     0     0 13525.5074    0  306          - 13525.5074      -     -    0s
     0     0 13661.9747    0  344          - 13661.9747      -     -    1s
     0     0 13686.0886    0  327          - 13686.0886      -     -    1s
     0     0 13688.2334    0  328          - 13688.2334      -     -    1s
     0     0 13688.3884    0  342          - 13688.3884      -     -    1s
     0     0 13796.0293    0  370          - 13796.0293      -     -    1s
     0     0 13799.7754    0  345          - 13799.7754      -     -    1s
     0     0 13800.3901    0  358          - 13800.3901      -     -    1s
     0     0 13818.1562    0  371          - 13818.1562      -     -    1s
     0     0 13821.8410    0  384          - 13821.8410      -     -    1s
     0     0 13823.1318    0  385          - 13823.1318      -     -    1s
     0     0 13848.1169    0  299          - 13848.1169      -     -    1s
     0     0 13851.2835    0  388          - 13851.2835      -     -    1s
     0     0 13852.4833    0  383          - 13852.4833      -     -    1s
     0     0 13861.0486    0  360          - 13861.0486      -     -    1s
     0     0 13861.0486    0  329          - 13861.0486      -     -    1s
     0     2 13864.7296    0  370          - 13864.7296      -     -    2s
    44    47 14292.5062   12  354          - 13896.1068      -   501    5s
   394   414 15837.1565  110   82          - 13896.1068      -   146   10s
   715   693 14428.5487   28  144          - 13936.2286      -   121   15s
   753   708 19925.5914  192  434          - 14130.1451      -   118   20s
   775   727 14217.3639   18  327          - 14177.0053      -   137   25s
   887   808 14775.8840   55  161          - 14177.0053      -   148   30s
  1004   891 16048.5577   92  149          - 14177.0053      -   150   35s
  1201  1053 18077.3013  165   57          - 14177.0053      -   143   40s
* 1367  1069             234    21735.180000 14179.3701  34.8%   131   42s
* 1369  1032             235    20953.460000 14179.3701  32.3%   131   42s
* 1371   999             233    20866.860000 14179.3701  32.0%   131   42s
