




arguments: ./build/bc_mirp -f ./input/orig_exec_105.cfg
Current dir: /scratch/gui/bc_mirp
File verbosity level: 9
date       time         ( uptime  ) [ thread name/id ]                   file:line     v| 
2021-02-07 12:35:57.054 (   0.243s) [main thread     ]             loguru.cpp:789   INFO| Logging to './output/vi_vc+cus/OU/V2/Original/execution_07_02_2021_12_35_57.log', mode: 'a', verbosity: 9
--------------------------------------------------------------------------------
Parameters
                           instance_path           ./input/Instances/Original/3/
                            model_policy                                       1
                             nb_vehicles                                       2
                              output_dir      ./output/vi_vc+cus/OU/V2/Original/
                            sec_strategy                                       1
                       solver_nb_threads                                       2
                         solver_show_log                                    true
                       solver_time_limit                                    3600
                              use_vi_cos                                   false
                              use_vi_cus                                    true
                         use_vi_hc1_full                                   false
                         use_vi_hc1_half                                   false
                      use_vi_hc1_quarter                                   false
                              use_vi_hc2                                   false
                              use_vi_hc3                                   false
                         use_vi_lex_full                                   false
                         use_vi_lex_half                                   false
                      use_vi_lex_quarter                                   false
                              use_vi_qua                                   false
                               use_vi_vc                                    true
                               use_vi_vr                                   false
--------------------------------------------------------------------------------
executing instance: ./input/Instances/Original/3/absH3low_2n5.dat
--------------------------------------------------------------------------------
Instance details
n	6
H	3
C	237
Li:
[0, 0, 0, 0, 0, 0, ]
Ui:
[0, 93, 180, 51, 114, 24, ]
Distance matrix:
|0	170	318	35	112	235	|
|170	0	311	205	258	301	|
|318	311	0	326	278	137	|
|35	205	326	0	89	230	|
|112	258	278	89	0	160	|
|235	301	137	230	160	0	|

--------------------------------------------------------------------------------
Building model...
	using lazy and cut (CVRPSEP package)
Solving IRP LP...
--------------------------------------------------------------------------------

Gurobi 9.1.0 (linux64) logging started Sun Feb  7 12:35:57 2021

Gurobi Optimizer version 9.1.0 build v9.1.0rc0 (linux64)
Thread count: 32 physical cores, 32 logical processors, using up to 2 threads
Optimize a model with 150 rows, 180 columns and 639 nonzeros
Model fingerprint: 0x26672f09
Variable types: 54 continuous, 126 integer (36 binary)
Coefficient statistics:
  Matrix range     [1e+00, 2e+02]
  Objective range  [1e-02, 3e+02]
  Bounds range     [1e+00, 2e+02]
  RHS range        [1e+00, 5e+02]
Presolve removed 45 rows and 22 columns
Presolve time: 0.01s
Presolved: 105 rows, 158 columns, 520 nonzeros
Variable types: 32 continuous, 126 integer (96 binary)
Found heuristic solution: objective 1848.1800000
Found heuristic solution: objective 1828.8300000
Found heuristic solution: objective 1738.9000000

Root relaxation: objective 5.780448e+02, 106 iterations, 0.00 seconds

    Nodes    |    Current Node    |     Objective Bounds      |     Work
 Expl Unexpl |  Obj  Depth IntInf | Incumbent    BestBd   Gap | It/Node Time

     0     0  578.04476    0   14 1738.90000  578.04476  66.8%     -    0s
     0     0  714.82163    0   20 1738.90000  714.82163  58.9%     -    0s
H    0     0                    1695.9000000  714.82163  57.9%     -    0s
H    0     0                    1641.9000000  714.82163  56.5%     -    0s
     0     0 1085.60578    0   32 1641.90000 1085.60578  33.9%     -    0s
     0     0 1278.21500    0    4 1641.90000 1278.21500  22.2%     -    0s
H    0     0                    1476.5600000 1278.21500  13.4%     -    0s
     0     0 1366.77333    0   18 1476.56000 1366.77333  7.44%     -    0s
     0     0 1381.13393    0   21 1476.56000 1381.13393  6.46%     -    0s
     0     0 1383.35750    0   21 1476.56000 1383.35750  6.31%     -    0s
     0     0 1403.78175    0   30 1476.56000 1403.78175  4.93%     -    0s
     0     0 1403.78175    0   25 1476.56000 1403.78175  4.93%     -    0s
     0     0 1403.78175    0   10 1476.56000 1403.78175  4.93%     -    0s
     0     0 1403.78175    0    4 1476.56000 1403.78175  4.93%     -    0s
     0     0 1403.78175    0   30 1476.56000 1403.78175  4.93%     -    0s
     0     0 1403.78175    0   33 1476.56000 1403.78175  4.93%     -    0s
     0     0 1403.78175    0   30 1476.56000 1403.78175  4.93%     -    0s
     0     0 1408.10164    0   42 1476.56000 1408.10164  4.64%     -    0s
H    0     0                    1437.9000000 1408.10164  2.07%     -    0s
     0     0 1408.93408    0   24 1437.90000 1408.93408  2.01%     -    0s
     0     0 1411.11635    0   31 1437.90000 1411.11635  1.86%     -    0s
     0     0     cutoff    0      1437.90000 1437.90000  0.00%     -    0s

Explored 1 nodes (604 simplex iterations) in 0.12 seconds
Thread count was 2 (of 32 available processors)

Solution count 7: 1437.9 1476.56 1641.9 ... 1848.18

Optimal solution found (tolerance 1.00e-04)
Best objective 1.437900000000e+03, best bound 1.437900000000e+03, gap 0.0000%

User-callback calls 194, time in user-callback 0.00 sec
================================================================================
executing instance: ./input/Instances/Original/3/absH3high_5n30.dat
--------------------------------------------------------------------------------
Instance details
n	31
H	3
C	2296
Li:
[0, 0, 0, 0, 0, 0, 0, 0, 0, 0, 0, 0, 0, 0, 0, 0, 0, 0, 0, 0, 0, 0, 0, 0, 0, 0, 0, 0, 0, 0, 0, ]
Ui:
[0, 80, 90, 297, 28, 264, 123, 192, 112, 32, 72, 88, 294, 129, 126, 105, 110, 237, 246, 92, 72, 147, 54, 96, 128, 96, 84, 28, 74, 196, 192, ]
Distance matrix:
|0	87	302	65	389	171	219	120	412	339	129	63	169	401	383	158	393	161	246	275	64	287	345	235	13	274	106	201	85	358	135	|
|87	0	334	128	402	212	301	204	465	384	187	145	232	424	454	238	475	245	289	352	80	307	352	321	81	352	20	261	170	376	215	|
|302	334	0	239	113	132	237	334	157	70	404	263	162	105	227	229	339	251	65	217	259	53	107	352	293	220	339	134	270	75	235	|
|65	128	239	0	330	107	175	130	348	275	174	40	107	339	326	114	351	125	181	224	58	228	290	222	58	224	143	138	65	297	92	|
|389	402	113	330	0	226	349	438	210	151	502	360	269	48	316	339	441	362	175	328	335	102	55	465	377	330	401	245	371	37	342	|
|171	212	132	107	226	0	169	214	253	173	276	134	64	233	261	130	326	153	77	188	133	125	192	264	162	190	220	68	145	193	125	|
|219	301	237	175	349	169	0	157	257	223	244	157	105	334	180	62	175	61	177	63	233	264	334	118	221	61	317	112	136	312	85	|
|120	204	334	130	438	214	157	0	402	348	88	90	173	438	336	115	307	100	269	220	172	338	406	122	130	218	224	204	69	403	101	|
|412	465	157	348	210	253	257	402	0	88	486	359	245	166	129	287	266	303	178	204	386	208	239	370	406	207	473	212	354	187	304	|
|339	384	70	275	151	173	223	348	88	0	427	291	179	120	166	234	290	254	96	187	306	123	166	342	332	190	391	145	291	119	247	|
|129	187	404	174	502	276	244	88	486	427	0	142	248	508	424	200	390	187	342	308	193	400	464	192	142	306	207	281	136	469	182	|
|63	145	263	40	360	134	157	90	359	291	142	0	114	366	321	95	331	99	202	212	90	258	323	186	65	211	163	148	27	327	72	|
|169	232	162	107	269	64	105	173	245	179	248	114	0	266	222	71	268	94	97	131	155	173	244	203	164	132	245	34	113	233	73	|
|401	424	105	339	48	233	334	438	166	120	508	366	266	0	280	332	409	355	169	305	353	117	96	452	391	308	425	237	374	49	339	|
|383	454	227	326	316	261	180	336	129	166	424	321	222	280	0	231	137	238	208	116	376	277	331	272	381	118	467	197	307	285	253	|
|158	238	229	114	339	130	62	115	287	234	200	95	71	332	231	0	238	23	164	118	171	243	314	134	159	117	255	95	77	302	23	|
|393	475	339	351	441	326	175	307	266	290	390	331	268	409	137	238	0	232	300	138	408	383	445	204	395	136	492	258	308	406	260	|
|161	245	251	125	362	153	61	100	303	254	187	99	94	355	238	23	232	0	187	123	183	267	338	111	164	121	262	117	77	325	34	|
|246	289	65	181	175	77	177	269	178	96	342	202	97	169	208	164	300	187	0	168	210	87	157	290	238	171	296	70	206	138	170	|
|275	352	217	224	328	188	63	220	204	187	308	212	131	305	116	118	138	123	168	0	279	255	322	166	275	3	367	120	195	291	141	|
|64	80	259	58	335	133	233	172	386	306	193	90	155	353	376	171	408	183	210	279	0	236	289	276	51	279	90	182	117	307	150	|
|287	307	53	228	102	125	264	338	208	123	400	258	173	117	277	243	383	267	87	255	236	0	71	374	276	257	308	153	270	71	245	|
|345	352	107	290	55	192	334	406	239	166	464	323	244	96	331	314	445	338	157	322	289	71	0	445	334	325	350	224	337	54	315	|
|235	321	352	222	465	264	118	122	370	342	192	186	203	452	272	134	204	111	290	166	276	374	445	0	243	164	341	221	159	428	142	|
|13	81	293	58	377	162	221	130	406	332	142	65	164	391	381	159	395	164	238	275	51	276	334	243	0	274	100	196	89	347	136	|
|274	352	220	224	330	190	61	218	207	190	306	211	132	308	118	117	136	121	171	3	279	257	325	164	274	0	367	122	194	294	140	|
|106	20	339	143	401	220	317	224	473	391	207	163	245	425	467	255	492	262	296	367	90	308	350	341	100	367	0	272	188	377	232	|
|201	261	134	138	245	68	112	204	212	145	281	148	34	237	197	95	258	117	70	120	182	153	224	221	196	122	272	0	146	208	103	|
|85	170	270	65	371	145	136	69	354	291	136	27	113	374	307	77	308	77	206	195	117	270	337	159	89	194	188	146	0	337	54	|
|358	376	75	297	37	193	312	403	187	119	469	327	233	49	285	302	406	325	138	291	307	71	54	428	347	294	377	208	337	0	306	|
|135	215	235	92	342	125	85	101	304	247	182	72	73	339	253	23	260	34	170	141	150	245	315	142	136	140	232	103	54	306	0	|

--------------------------------------------------------------------------------
Building model...
	using lazy and cut (CVRPSEP package)
Solving IRP LP...
--------------------------------------------------------------------------------

Gurobi 9.1.0 (linux64) logging started Sun Feb  7 12:35:57 2021

Gurobi Optimizer version 9.1.0 build v9.1.0rc0 (linux64)
Thread count: 32 physical cores, 32 logical processors, using up to 2 threads
Optimize a model with 775 rows, 3280 columns and 8164 nonzeros
Model fingerprint: 0x587477ca
Variable types: 304 continuous, 2976 integer (186 binary)
Coefficient statistics:
  Matrix range     [1e+00, 1e+03]
  Objective range  [1e-01, 5e+02]
  Bounds range     [1e+00, 3e+02]
  RHS range        [1e+00, 4e+03]
Presolve removed 245 rows and 122 columns
Presolve time: 0.07s
Presolved: 530 rows, 3158 columns, 7437 nonzeros
Variable types: 182 continuous, 2976 integer (2796 binary)

Root relaxation: objective 8.845428e+03, 512 iterations, 0.01 seconds

    Nodes    |    Current Node    |     Objective Bounds      |     Work
 Expl Unexpl |  Obj  Depth IntInf | Incumbent    BestBd   Gap | It/Node Time

     0     0 8845.42804    0   87          - 8845.42804      -     -    0s
     0     0 9314.76686    0  113          - 9314.76686      -     -    0s
     0     0 9321.97089    0  109          - 9321.97089      -     -    0s
     0     0 9321.97089    0  117          - 9321.97089      -     -    0s
     0     0 9637.92048    0  106          - 9637.92048      -     -    0s
     0     0 9731.14932    0  149          - 9731.14932      -     -    0s
     0     0 9731.30806    0  148          - 9731.30806      -     -    0s
     0     0 9841.88031    0  178          - 9841.88031      -     -    0s
     0     0 9850.18416    0  151          - 9850.18416      -     -    0s
     0     0 9852.36857    0  200          - 9852.36857      -     -    0s
     0     0 9856.84484    0  187          - 9856.84484      -     -    0s
     0     0 9859.85262    0  196          - 9859.85262      -     -    0s
     0     0 9860.79750    0  200          - 9860.79750      -     -    0s
     0     0 9886.35222    0  162          - 9886.35222      -     -    1s
     0     0 9892.57805    0  190          - 9892.57805      -     -    1s
     0     0 9895.04091    0   97          - 9895.04091      -     -    1s
     0     0 9895.27859    0  149          - 9895.27859      -     -    1s
     0     0 9897.44067    0  166          - 9897.44067      -     -    1s
     0     0 9897.44067    0  128          - 9897.44067      -     -    1s
     0     2 9900.17384    0  160          - 9900.17384      -     -    1s
   422   400 12392.9216  126   11          - 9940.65271      -  55.6    5s
   757   709 10379.3410   20  243          - 9982.17188      -  63.7   10s
   815   755 10207.1374   26  171          - 10013.2093      -  74.6   15s
H  921   787                    12634.740000 10013.2093  20.7%  77.2   16s
* 1016   795              91    11622.140000 10013.2093  13.8%  77.8   19s
  1040   790 10465.6731   66   62 11622.1400 10013.2093  13.8%  77.9   20s
  1199   889 10151.5112   22  146 11622.1400 10016.2252  13.8%  82.1   25s
  1356   985 10666.8763   38   36 11622.1400 10016.2252  13.8%  82.8   30s
  1384  1009 10694.5256   50   85 11622.1400 10016.2252  13.8%  83.9   36s
  1509  1091 10944.2014   97   42 11622.1400 10016.2252  13.8%  83.0   40s
* 1803  1242             185    11511.360000 10026.1731  12.9%  73.9   44s
  1899  1219 10136.7879   21  223 11511.3600 10027.5594  12.9%  71.9   45s
  1970  1264 10591.1531   40  107 11511.3600 10027.5594  12.9%  75.7   50s
  2118  1397 11502.1967   86   24 11511.3600 10043.5410  12.8%  74.1   55s
H 2218  1268                    11421.360000 10047.1220  12.0%  72.2   56s
  2318  1435 10846.1931   79  114 11421.3600 10047.1220  12.0%  72.3   60s
  2528  1478 10728.3066   31   99 11421.3600 10048.1904  12.0%  72.3   66s
  2733  1648     cutoff  102      11421.3600 10053.8065  12.0%  71.7   71s
  2800  1672 10385.6901   28  185 11421.3600 10054.1893  12.0%  71.5   76s
  2943  1824 11378.2700  111    - 11421.3600 10071.1838  11.8%  70.7   82s
* 3051  1883             111    11409.270000 10086.4553  11.6%  71.6   85s
  3277  2125 11265.6550   98   10 11409.2700 10089.2130  11.6%  71.9   91s
  3412  2267 10632.8717   32  133 11409.2700 10094.3984  11.5%  73.8   96s
  3614  2402     cutoff   68      11409.2700 10100.3406  11.5%  73.1  101s
  3811  2540 infeasible   97      11409.2700 10120.6062  11.3%  72.4  106s
  4024  2718     cutoff  102      11409.2700 10123.2144  11.3%  71.5  111s
  4207  2897     cutoff   93      11409.2700 10131.7659  11.2%  71.8  116s
* 4262  2892              92    11403.630000 10137.1790  11.1%  71.7  117s
* 4350  2939              91    11369.630000 10143.7591  10.8%  72.1  119s
* 4351  2930              89    11358.630000 10143.7591  10.7%  72.0  119s
  4394  2997 10507.8231   41  147 11358.6300 10144.2386  10.7%  72.2  122s
  4479  3056 10247.3823   24  208 11358.6300 10151.3333  10.6%  72.5  125s
  4764  3352 11315.4019  116    8 11358.6300 10154.4625  10.6%  71.7  132s
  4904  3410     cutoff  116      11358.6300 10160.0633  10.6%  71.3  135s
  5057  3564 10597.2568   56   29 11358.6300 10160.6706  10.5%  73.1  142s
  5095  3568 10993.6400   89    4 11358.6300 10160.6706  10.5%  72.7  145s
  5278  3730 11256.9500   89    9 11358.6300 10162.9041  10.5%  73.5  153s
  5393  3841 11326.8200   92    - 11358.6300 10164.1488  10.5%  73.5  157s
  5537  3895 11337.0200   92    8 11358.6300 10170.6532  10.5%  73.4  161s
  5595  4076 10474.4095   45   61 11358.6300 10174.2734  10.4%  74.6  165s
  5822  4190     cutoff  107      11358.6300 10175.4732  10.4%  73.4  172s
  5947  4294 10484.7958   25  171 11358.6300 10176.2319  10.4%  73.4  176s
  6092  4378 10340.5745   27  184 11358.6300 10177.2622  10.4%  73.5  181s
  6198  4449 11310.4114   72   72 11358.6300 10178.3174  10.4%  74.4  185s
  6377  4600 10748.7995   59   68 11358.6300 10180.4322  10.4%  75.0  190s
H 6486  2581                    10729.150000 10180.5568  5.11%  75.0  194s
  6535  2581     cutoff   87      10729.1500 10185.0285  5.07%  75.2  195s
  6769  2728 10501.4828   50   35 10729.1500 10190.9159  5.02%  75.1  203s
  6907  2815 infeasible   76      10729.1500 10192.4651  5.00%  75.4  207s
  7029  2860     cutoff   74      10729.1500 10193.7593  4.99%  75.9  211s
  7075  2929 10564.5607   50  120 10729.1500 10194.0748  4.99%  76.7  215s
  7171  2982 10382.4641   30  145 10729.1500 10194.1036  4.99%  77.4  220s
  7237  3087 10481.5083   35   26 10729.1500 10195.3146  4.98%  78.1  225s
  7387  3196 10318.8099   51   39 10729.1500 10198.1998  4.95%  78.5  231s
  7549  3338     cutoff   63      10729.1500 10202.3157  4.91%  79.1  237s
  7752  3402 10715.3300   72    - 10729.1500 10203.7190  4.90%  79.2  243s
  7892  3462     cutoff   72      10729.1500 10203.9568  4.90%  80.0  248s
  7972  3549 10445.2677   26  174 10729.1500 10205.9485  4.88%  81.2  253s
  8097  3650 10328.4689   31   59 10729.1500 10207.7542  4.86%  81.8  259s
  8258  3735 10510.1773   24   89 10729.1500 10208.1939  4.86%  82.4  264s
  8338  3736     cutoff   62      10729.1500 10210.6924  4.83%  82.6  265s
  8395  3800 10637.6372   39   99 10729.1500 10211.1700  4.83%  82.8  270s
  8485  3851 10556.9873   25  199 10729.1500 10213.7451  4.80%  83.7  275s
  8566  3904 10571.8455   55   38 10729.1500 10214.1119  4.80%  84.3  282s
  8649  3997 10643.3587   33  161 10729.1500 10220.6721  4.74%  85.1  288s
  8782  4076 10480.1774   50   18 10729.1500 10221.9975  4.73%  85.5  294s
  8926  4077 10336.8525   32  148 10729.1500 10222.6234  4.72%  85.6  295s
  8932  4203 10575.6533   42   47 10729.1500 10222.6560  4.72%  85.6  300s
  9095  4327     cutoff   56      10729.1500 10224.7781  4.70%  85.8  308s
  9275  4451 10523.2155   38  105 10729.1500 10226.7904  4.68%  86.0  314s
  9462  4526     cutoff   64      10729.1500 10229.9533  4.65%  86.2  320s
  9580  4668 10406.2274   27   28 10729.1500 10231.6757  4.64%  87.1  326s
  9776  4715     cutoff   69      10729.1500 10232.7992  4.63%  87.1  333s
H 9777  4705                    10726.080000 10232.7992  4.60%  87.1  334s
  9849  4821 10611.7952   34   68 10726.0800 10233.8067  4.59%  88.0  340s
 10013  4936     cutoff   48      10726.0800 10235.1817  4.58%  88.0  347s
 10173  5008 10624.8564   42   90 10726.0800 10237.0828  4.56%  88.1  353s
 10270  5100 10367.0196   38  160 10726.0800 10238.7366  4.54%  88.8  359s
 10391  5191 10698.8180   63   73 10726.0800 10239.7708  4.53%  89.1  366s
 10544  5245     cutoff   65      10726.0800 10240.7602  4.52%  89.4  371s
 10633  5318 10518.3541   32   60 10726.0800 10241.9534  4.51%  90.1  377s
 10732  5443 10611.4578   30  100 10726.0800 10242.7720  4.51%  90.8  383s
 10912  5544     cutoff   62      10726.0800 10244.5761  4.49%  90.7  389s
 10967  5544 10435.0436   41   35 10726.0800 10244.5761  4.49%  90.9  390s
 11066  5631     cutoff   62      10726.0800 10246.0265  4.48%  91.0  395s
 11184  5714 10673.5498   46  126 10726.0800 10247.0408  4.47%  91.7  402s
 11331  5767     cutoff   44      10726.0800 10248.1582  4.46%  92.0  408s
H11354  5674                    10711.760000 10248.1582  4.33%  92.3  408s
 11421  5731 10413.9999   29  220 10711.7600 10249.2011  4.32%  92.3  413s
 11520  5855 10672.1239   38  147 10711.7600 10251.1553  4.30%  93.0  419s
 11717  5955     cutoff   70      10711.7600 10252.8424  4.28%  93.1  426s
 11847  6009 10504.8817   32   24 10711.7600 10253.2216  4.28%  93.4  434s
 11952  6039     cutoff   28      10711.7600 10255.2686  4.26%  94.2  440s
 12046  6131 10406.1736   28   54 10711.7600 10257.2341  4.24%  94.7  446s
 12210  6273 10630.6231   32  137 10711.7600 10257.9672  4.24%  95.1  453s
 12420  6389 10575.2067   45   26 10711.7600 10259.7345  4.22%  95.0  460s
 12640  6549 10328.8803   29  159 10711.7600 10260.8628  4.21%  94.8  469s
 12854  6697     cutoff   70      10711.7600 10261.5232  4.20%  94.8  475s
 13023  6792 10630.4039   92   22 10711.7600 10262.4009  4.20%  95.0  481s
 13163  6886     cutoff   59      10711.7600 10263.0234  4.19%  95.5  488s
 13313  7025 10637.2748   53   28 10711.7600 10263.7598  4.18%  95.9  495s
 13522  7203     cutoff   54      10711.7600 10265.6123  4.17%  95.7  503s
 13791  7272     cutoff   59      10711.7600 10266.4747  4.16%  95.0  511s
 13930  7349 10663.5300   61    - 10711.7600 10268.1066  4.14%  95.1  520s
 14036  7396     cutoff   30      10711.7600 10268.8587  4.13%  95.6  527s
 14092  7396 10538.5018   26  123 10711.7600 10269.2282  4.13%  95.8  530s
 14125  7506 10641.6385   50   44 10711.7600 10269.4037  4.13%  96.0  536s
 14252  7574 10547.1933   42   34 10711.7600 10269.5752  4.13%  96.4  543s
 14427  7649 10643.0675   45   66 10711.7600 10271.3864  4.11%  96.5  550s
 14551  7757 10430.6751   42  166 10711.7600 10272.2760  4.10%  96.9  558s
 14734  7831 10646.4274   30  146 10711.7600 10272.9161  4.10%  97.2  565s
 14851  7936 10685.5439   42   23 10711.7600 10274.2706  4.08%  97.3  572s
 15028  8090 10459.6918   41   27 10711.7600 10274.9991  4.08%  97.4  580s
 15226  8152 10474.2498   43  139 10711.7600 10275.7202  4.07%  97.4  587s
 15358  8228 10301.3894   23   63 10711.7600 10276.8636  4.06%  97.8  598s
 15465  8303 10412.2557   29   79 10711.7600 10277.6941  4.05%  98.3  605s
 15631  8407     cutoff   59      10711.7600 10278.1700  4.05%  98.6  612s
 15793  8547     cutoff   71      10711.7600 10279.4372  4.04%  98.8  619s
 15883  8548     cutoff   53      10711.7600 10280.1257  4.03%  98.9  620s
 15940  8548 10572.8335   49  111 10711.7600 10280.1257  4.03%  99.0  673s
 15968  8661     cutoff   60      10711.7600 10280.5187  4.03%  98.9  681s
 16130  8775 infeasible   79      10711.7600 10280.8142  4.02%  99.1  688s
 16294  8868     cutoff   57      10711.7600 10281.3993  4.02%  99.3  695s
 16422  8972 10411.3092   24   67 10711.7600 10282.3289  4.01%   100  703s
 16613  9042     cutoff   55      10711.7600 10282.9476  4.00%   100  709s
 16727  9116 10413.7250   30  164 10711.7600 10283.4790  4.00%   100  715s
 16865  9189     cutoff   63      10711.7600 10284.8264  3.99%   100  721s
 16981  9226 10651.1347   29  139 10711.7600 10285.7711  3.98%   101  728s
 17058  9292     cutoff   26      10711.7600 10286.1001  3.97%   101  735s
 17224  9377 10635.5416   43  105 10711.7600 10286.4723  3.97%   101  742s
 17388  9515 10551.6907   35  104 10711.7600 10286.9624  3.97%   101  749s
 17580  9575 10661.7208   28  211 10711.7600 10287.7043  3.96%   101  756s
 17735  9659     cutoff   60      10711.7600 10288.1346  3.95%   101  763s
 17906  9707 10639.9763   41  115 10711.7600 10288.5704  3.95%   101  770s
 18001  9837 10524.4856   37  123 10711.7600 10289.1199  3.95%   102  777s
 18224  9960     cutoff   31      10711.7600 10289.6399  3.94%   102  787s
 18437 10045     cutoff   66      10711.7600 10290.3330  3.93%   101  794s
 18556 10148     cutoff   62      10711.7600 10290.7145  3.93%   102  802s
 18732 10206 10606.0706   44  145 10711.7600 10291.6889  3.92%   102  809s
 18854 10288 10467.4888   33  146 10711.7600 10292.1914  3.92%   102  815s
 18993 10384 10581.8009   41   77 10711.7600 10292.3303  3.92%   102  822s
 19156 10459 infeasible   56      10711.7600 10293.2633  3.91%   102  830s
 19311 10567     cutoff   58      10711.7600 10293.8228  3.90%   103  837s
 19498 10652 10447.0941   36  142 10711.7600 10294.3561  3.90%   103  849s
 19629 10719 10587.8752   28   72 10711.7600 10295.0249  3.89%   103  857s
 19780 10796     cutoff   47      10711.7600 10295.4830  3.89%   103  865s
 19917 10862     cutoff   34      10711.7600 10296.0929  3.88%   103  872s
 20029 10965 10461.8844   37  139 10711.7600 10296.8244  3.87%   103  879s
 20191 11039 10645.3319   25  154 10711.7600 10297.8427  3.86%   103  886s
 20294 11163 10449.8057   38   62 10711.7600 10298.0890  3.86%   103  894s
 20487 11242     cutoff   56      10711.7600 10298.7092  3.86%   103  903s
 20626 11280 infeasible   63      10711.7600 10299.6051  3.85%   104  963s
 20680 11355 10697.5122   53   98 10711.7600 10300.0729  3.84%   104  971s
 20812 11491 10395.0113   40   98 10711.7600 10301.3150  3.83%   104  979s
 21017 11561     cutoff   75      10711.7600 10301.7962  3.83%   104  987s
 21122 11636 10544.9467   43  167 10711.7600 10301.8879  3.83%   104  995s
 21260 11707     cutoff   40      10711.7600 10302.3744  3.82%   104 1003s
 21406 11800 10454.0878   37  108 10711.7600 10302.3784  3.82%   104 1010s
 21543 11911     cutoff   47      10711.7600 10302.6959  3.82%   105 1018s
 21746 12001 10340.4124   26  126 10711.7600 10303.6511  3.81%   105 1026s
 21885 12100 infeasible   54      10711.7600 10304.0421  3.81%   105 1034s
 22054 12160     cutoff   54      10711.7600 10304.9990  3.80%   105 1041s
 22177 12262 10703.1156   44  119 10711.7600 10305.3959  3.79%   105 1050s
 22336 12331     cutoff   43      10711.7600 10305.5838  3.79%   105 1057s
 22483 12458 10656.3101   39   96 10711.7600 10305.8483  3.79%   106 1066s
 22653 12516 10695.0052   41   59 10711.7600 10306.2329  3.79%   106 1073s
 22788 12629     cutoff   33      10711.7600 10306.7906  3.78%   106 1082s
 22971 12730 10677.8246   40   18 10711.7600 10308.1506  3.77%   106 1090s
 23155 12878     cutoff   43      10711.7600 10308.8573  3.76%   106 1099s
 23357 12942     cutoff   53      10711.7600 10309.0597  3.76%   106 1107s
 23491 13049 10570.8269   40   73 10711.7600 10309.3979  3.76%   106 1115s
 23640 13133     cutoff   56      10711.7600 10309.8841  3.75%   106 1122s
 23785 13189 10617.0286   33  104 10711.7600 10310.1368  3.75%   106 1130s
 23891 13198 10485.9974   32   61 10711.7600 10310.5547  3.75%   107 1142s
 23906 13287 10597.5900   36   30 10711.7600 10310.7413  3.74%   107 1149s
 23945 13287 10667.9457   64   23 10711.7600 10310.7413  3.74%   107 1150s
 24061 13364 10528.6623   28  104 10711.7600 10310.9225  3.74%   107 1157s
 24181 13432     cutoff   53      10711.7600 10311.6781  3.73%   107 1165s
 24308 13514 10633.4830   36   66 10711.7600 10312.4600  3.73%   107 1172s
 24441 13596 10404.5589   41  138 10711.7600 10312.7760  3.72%   107 1180s
 24599 13662     cutoff   28      10711.7600 10313.3970  3.72%   108 1188s
 24748 13809 10385.6960   31  199 10711.7600 10313.9448  3.71%   108 1197s
 24966 13867 10560.2114   31   53 10711.7600 10314.4379  3.71%   108 1204s
 25061 13971 10426.4848   29  178 10711.7600 10314.7536  3.71%   108 1212s
 25230 14032 10655.5246   33  105 10711.7600 10315.3189  3.70%   108 1221s
 25386 14104 10543.5299   29  226 10711.7600 10315.6949  3.70%   108 1228s
 25502 14201 10635.0866   36   14 10711.7600 10315.7893  3.70%   108 1237s
 25687 14278     cutoff   54      10711.7600 10316.1881  3.69%   108 1244s
 25827 14391     cutoff   61      10711.7600 10316.5678  3.69%   108 1253s
 26030 14474     cutoff   60      10711.7600 10316.9033  3.69%   108 1261s
 26205 14573     cutoff   46      10711.7600 10317.8165  3.68%   108 1269s
 26378 14632 infeasible   51      10711.7600 10318.5707  3.67%   108 1277s
 26510 14678     cutoff   52      10711.7600 10319.0619  3.67%   109 1284s
 26629 14777     cutoff   52      10711.7600 10319.9107  3.66%   109 1292s
 26790 14857     cutoff   47      10711.7600 10320.0999  3.66%   109 1301s
 26972 14974 10564.5300   37    - 10711.7600 10320.8241  3.65%   109 1309s
 27143 15030 10594.8410   37   44 10711.7600 10321.0508  3.65%   109 1317s
 27291 15145     cutoff   50      10711.7600 10321.5379  3.64%   109 1325s
 27448 15198 10432.0013   40  153 10711.7600 10321.8502  3.64%   109 1333s
 27534 15270 10642.5226   42  124 10711.7600 10322.1843  3.64%   109 1340s
 27664 15349     cutoff   47      10711.7600 10322.4956  3.63%   109 1348s
 27806 15467 10709.8600   43    - 10711.7600 10323.5280  3.62%   110 1356s
 27976 15538     cutoff   50      10711.7600 10323.8166  3.62%   110 1364s
 28093 15597 10706.6825   35    8 10711.7600 10324.3789  3.62%   110 1371s
 28216 15664     cutoff   54      10711.7600 10324.6971  3.61%   110 1379s
 28345 15748 10550.9197   32   99 10711.7600 10325.3484  3.61%   110 1387s
 28483 15800 10643.9853   34  138 10711.7600 10325.7346  3.60%   110 1394s
 28603 15887 10521.2102   42  115 10711.7600 10326.1924  3.60%   110 1403s
 28778 15985 10434.3009   30  166 10711.7600 10326.4112  3.60%   110 1411s
 28928 16081 10540.3920   30   49 10711.7600 10326.4988  3.60%   110 1419s
 28971 16082 10530.3291   35  186 10711.7600 10326.4988  3.60%   111 1420s
 29050 16134 infeasible   61      10711.7600 10327.0078  3.59%   111 1428s
 29165 16189 10652.7703   31  117 10711.7600 10327.9770  3.58%   111 1439s
 29257 16268     cutoff   32      10711.7600 10328.1131  3.58%   111 1447s
 29403 16357 10619.8045   33  118 10711.7600 10328.6337  3.58%   111 1456s
 29548 16420 10617.8234   38  172 10711.7600 10329.0408  3.57%   111 1464s
 29689 16555 10697.8325   33   86 10711.7600 10329.3984  3.57%   111 1472s
 29890 16646     cutoff   56      10711.7600 10329.9409  3.56%   111 1481s
 30038 16715 10581.5790   50   30 10711.7600 10330.3858  3.56%   111 1490s
 30184 16786     cutoff   55      10711.7600 10330.9392  3.56%   111 1498s
 30307 16845 10590.8380   51   69 10711.7600 10331.3066  3.55%   111 1507s
 30440 16933 10437.8675   27  147 10711.7600 10331.6989  3.55%   112 1516s
 30593 17028 10701.5615   44   57 10711.7600 10332.0052  3.55%   112 1534s
 30641 17030 10698.6234   66   19 10711.7600 10332.0052  3.55%   112 1535s
 30737 17085     cutoff   61      10711.7600 10332.1881  3.54%   112 1548s
 30838 17146 10587.4600   29   26 10711.7600 10332.5127  3.54%   112 1557s
 30970 17223 10694.8450   33   42 10711.7600 10333.2849  3.53%   112 1567s
 31099 17313     cutoff   36      10711.7600 10333.9129  3.53%   112 1576s
 31242 17377 10566.4302   28  169 10711.7600 10334.0240  3.53%   112 1587s
 31362 17447     cutoff   40      10711.7600 10334.1712  3.52%   112 1595s
 31467 17521     cutoff   41      10711.7600 10334.4000  3.52%   113 1605s
 31611 17588 10446.6628   24   96 10711.7600 10334.7471  3.52%   113 1615s
 31700 17634     cutoff   82      10711.7600 10334.8156  3.52%   113 1623s
 31832 17708     cutoff   37      10711.7600 10335.1151  3.52%   113 1632s
 31976 17799 10646.1801   37   72 10711.7600 10335.3951  3.51%   113 1640s
 32131 17884 10421.8644   35    8 10711.7600 10335.8823  3.51%   113 1650s
 32299 17987 10500.7204   40   34 10711.7600 10336.1767  3.51%   113 1658s
 32472 18132 10588.3729   39  154 10711.7600 10336.5737  3.50%   113 1667s
 32659 18193 10672.8000   59   16 10711.7600 10336.9416  3.50%   113 1675s
 32784 18262     cutoff   61      10711.7600 10337.8427  3.49%   113 1683s
 32909 18296 10533.7890   46  164 10711.7600 10338.2772  3.49%   113 1691s
 33005 18372 10679.6801   44  147 10711.7600 10338.6738  3.48%   113 1700s
 33203 18430 10662.4000   45    - 10711.7600 10339.1771  3.48%   113 1709s
 33312 18432 10626.1098   41   99 10711.7600 10339.3509  3.48%   113 1710s
 33325 18551     cutoff   45      10711.7600 10339.5383  3.47%   113 1718s
 33496 18599 10525.3956   38  187 10711.7600 10340.4231  3.47%   113 1726s
 33608 18672 10645.6300   43  141 10711.7600 10340.6313  3.46%   113 1736s
 33730 18722 10686.0133   37   38 10711.7600 10340.9720  3.46%   113 1745s
 33851 18811     cutoff   41      10711.7600 10341.6805  3.45%   113 1757s
 34008 18906 10538.0200   53    - 10711.7600 10341.9500  3.45%   113 1768s
 34212 19023 10657.5746   53   59 10711.7600 10342.4435  3.45%   113 1777s
 34389 19104 10507.4077   38   95 10711.7600 10342.8418  3.44%   113 1787s
 34550 19152     cutoff   47      10711.7600 10342.9418  3.44%   113 1796s
 34631 19238 10641.3063   40   44 10711.7600 10343.1720  3.44%   113 1805s
 34764 19270     cutoff   59      10711.7600 10343.5998  3.44%   113 1814s
 34882 19415 10551.2660   30   82 10711.7600 10343.9339  3.43%   114 1825s
 35083 19497 10624.3231   37  146 10711.7600 10344.0238  3.43%   113 1834s
 35207 19529 10688.8967   44  111 10711.7600 10344.5980  3.43%   113 1843s
 35308 19616     cutoff   32      10711.7600 10345.2420  3.42%   114 1852s
 35497 19706 10675.2857   53   70 10711.7600 10345.6542  3.42%   113 1862s
 35670 19746     cutoff   59      10711.7600 10346.0477  3.41%   113 1871s
 35746 19807 10671.7908   27  108 10711.7600 10346.3859  3.41%   114 1880s
 35883 19896     cutoff   42      10711.7600 10346.7571  3.41%   114 1891s
 36067 19979     cutoff   54      10711.7600 10347.0434  3.40%   114 1901s
 36251 20085 infeasible   48      10711.7600 10347.3620  3.40%   114 1910s
 36402 20142 10585.3538   35  171 10711.7600 10347.9422  3.40%   114 1920s
 36517 20214 10575.5453   29  115 10711.7600 10348.1414  3.39%   114 1931s
 36657 20230 10574.7777   25  164 10711.7600 10348.3259  3.39%   114 1939s
 36729 20332     cutoff   50      10711.7600 10348.8117  3.39%   114 1949s
 36896 20404 10557.5244   36   69 10711.7600 10349.0642  3.39%   114 1960s
 37041 20436 10699.8300   39    - 10711.7600 10349.2570  3.38%   114 1970s
 37106 20481 10599.3447   34   37 10711.7600 10349.3859  3.38%   114 1980s
 37200 20542 10691.5125   43   24 10711.7600 10349.5891  3.38%   114 1990s
 37325 20614 10700.4700   47    - 10711.7600 10349.9647  3.38%   114 2000s
 37445 20657     cutoff   62      10711.7600 10350.3023  3.37%   114 2008s
 37544 20717 10597.3022   37  193 10711.7600 10350.6528  3.37%   114 2018s
 37655 20795 10631.6707   44    8 10711.7600 10350.6985  3.37%   114 2030s
 37818 20855 10500.2227   28  187 10711.7600 10351.0370  3.37%   114 2039s
 37912 20915     cutoff   35      10711.7600 10351.2889  3.37%   115 2050s
 38054 20987 10619.5930   32  124 10711.7600 10351.3820  3.36%   115 2059s
 38190 21031 10450.9245   37  207 10711.7600 10351.8466  3.36%   115 2071s
 38338 21073 10573.1772   41   91 10711.7600 10352.5161  3.35%   115 2080s
 38436 21089     cutoff   26      10711.7600 10352.7111  3.35%   115 2091s
 38524 21133 10643.5900   32   26 10711.7600 10353.1554  3.35%   115 2100s
 38614 21170 10593.7071   37  137 10711.7600 10353.2765  3.35%   115 2111s
 38741 21233 10620.3203   31  137 10711.7600 10353.5828  3.34%   115 2120s
 38849 21271 10650.4481   29  155 10711.7600 10353.7532  3.34%   115 2130s
 38968 21340 10651.8611   33   62 10711.7600 10353.7917  3.34%   115 2139s
 39095 21409 10699.0359   36   23 10711.7600 10354.3324  3.34%   115 2150s
 39244 21469 10450.0871   30  105 10711.7600 10354.8334  3.33%   115 2160s
 39360 21507 10601.0083   39  147 10711.7600 10354.9344  3.33%   115 2170s
 39454 21532 10694.5348   33  200 10711.7600 10355.0617  3.33%   115 2180s
 39535 21598 10649.1805   35  197 10711.7600 10355.2070  3.33%   115 2190s
 39651 21633 10619.3586   52   55 10711.7600 10355.2809  3.33%   116 2200s
 39748 21688 10635.4743   22  175 10711.7600 10355.5547  3.33%   116 2209s
 39842 21768 10617.1736   45   99 10711.7600 10356.1106  3.32%   116 2218s
 39985 21837     cutoff   29      10711.7600 10356.3890  3.32%   116 2230s
 40106 21896 10552.9103   35  109 10711.7600 10356.6547  3.32%   116 2242s
 40253 21953     cutoff   35      10711.7600 10356.7740  3.31%   116 2251s
 40388 22006     cutoff   50      10711.7600 10357.2613  3.31%   116 2268s
 40497 22071 10523.9318   27   44 10711.7600 10357.4634  3.31%   116 2280s
 40617 22111 10549.4977   37  104 10711.7600 10357.7106  3.31%   116 2298s
 40715 22172 10610.2501   47  137 10711.7600 10357.8638  3.30%   116 2308s
 40855 22233 10458.0332   37  125 10711.7600 10358.3374  3.30%   116 2318s
 40971 22276 10567.3617   25   76 10711.7600 10358.6152  3.30%   116 2330s
 41042 22435 10499.8022   26  167 10711.7600 10358.6819  3.30%   116 2342s
 41264 22524 10493.2534   33  175 10711.7600 10358.8474  3.29%   116 2355s
 41395 22606     cutoff   53      10711.7600 10359.1764  3.29%   116 2365s
 41506 22669     cutoff   68      10711.7600 10359.3078  3.29%   116 2377s
H41561 22670                    10711.680000 10359.3078  3.29%   116 2377s
 41612 22767     cutoff   58      10711.6800 10359.5511  3.29%   116 2390s
 41781 22849     cutoff   50      10711.6800 10359.9074  3.28%   116 2403s
 41895 22906     cutoff   38      10711.6800 10360.4127  3.28%   116 2413s
 42003 22994     cutoff   50      10711.6800 10360.6338  3.28%   116 2424s
 42055 22995 10704.7162   46   24 10711.6800 10360.6338  3.28%   116 2425s
 42163 23079     cutoff   43      10711.6800 10361.2611  3.27%   116 2436s
 42279 23144 10611.5373   39   78 10711.6800 10361.5958  3.27%   116 2447s
 42399 23170     cutoff   45      10711.6800 10362.0002  3.26%   116 2457s
 42496 23210 10490.8321   25  143 10711.6800 10362.3878  3.26%   116 2471s
 42552 23285 10472.7155   28  120 10711.6800 10362.4288  3.26%   116 2482s
 42670 23346     cutoff   38      10711.6800 10362.7174  3.26%   116 2494s
 42786 23367 10695.5200   37   26 10711.6800 10362.8222  3.26%   116 2509s
H42817 23256                    10706.380000 10362.8222  3.21%   117 2509s
 42847 23361 10515.2786   33    4 10706.3800 10363.0288  3.21%   117 2520s
 43011 23394     cutoff   52      10706.3800 10363.3223  3.20%   116 2533s
 43107 23448 10704.0678   27  173 10706.3800 10363.6772  3.20%   117 2542s
 43211 23503 10653.3715   28   18 10706.3800 10364.1409  3.20%   117 2555s
 43304 23601     cutoff   39      10706.3800 10364.2385  3.20%   117 2567s
 43488 23681 10638.1590   71   46 10706.3800 10364.5858  3.19%   117 2579s
 43629 23740 10703.2000   45    - 10706.3800 10364.8734  3.19%   117 2591s
 43743 23743 10405.6608   42  128 10706.3800 10365.1057  3.19%   117 3315s
 43745 23744 10609.2735   42  547 10706.3800 10365.1057  3.19%   117 3331s
 43747 23746 10369.5955   28 1136 10706.3800 10365.1057  3.19%   117 3335s
 43755 23751 10452.8997   33 1034 10706.3800 10365.1057  3.19%   117 3342s
 43758 23753 10524.1527   26 1012 10706.3800 10365.1057  3.19%   117 3345s
 43763 23756 10617.7527   59 1140 10706.3800 10365.1057  3.19%   117 3372s
 43765 23758 10576.6072   42 1140 10706.3800 10365.1057  3.19%   117 3375s
 43766 23761 10365.1057   25 1138 10706.3800 10365.1057  3.19%   117 3451s
 43768 23763 10365.1057   26 1134 10706.3800 10365.1057  3.19%   117 3507s
 43770 23764 10365.1057   26 1019 10706.3800 10365.1057  3.19%   117 3536s
 43772 23765 10365.1057   27 1020 10706.3800 10365.1057  3.19%   117 3561s
 43774 23767 10365.1057   27 1082 10706.3800 10365.1057  3.19%   117 3591s
 43776 23768 10365.1057   28 1066 10706.3800 10365.1057  3.19%   117 3600s

Cutting planes:
  User: 43
  Gomory: 12
  Cover: 81
  Implied bound: 16
  Clique: 8
  MIR: 31
  Flow cover: 71
  Zero half: 8
  RLT: 57

Explored 43778 nodes (5121902 simplex iterations) in 3600.14 seconds
Thread count was 2 (of 32 available processors)

Solution count 10: 10706.4 10711.7 10711.8 ... 11421.4

Time limit reached
Best objective 1.070638000000e+04, best bound 1.036510569444e+04, gap 3.1876%

User-callback calls 225395, time in user-callback 115.97 sec
================================================================================
executing instance: ./input/Instances/Original/3/absH3high_5n20.dat
--------------------------------------------------------------------------------
Instance details
n	21
H	3
C	1734
Li:
[0, 0, 0, 0, 0, 0, 0, 0, 0, 0, 0, 0, 0, 0, 0, 0, 0, 0, 0, 0, 0, ]
Ui:
[0, 40, 237, 68, 194, 144, 207, 114, 118, 207, 120, 72, 128, 48, 102, 237, 261, 135, 84, 184, 142, ]
Distance matrix:
|0	408	254	408	305	286	284	573	384	380	400	384	552	461	243	577	274	285	345	92	431	|
|408	0	189	21	111	218	178	168	182	283	211	86	158	222	191	168	136	320	219	318	87	|
|254	189	0	198	81	230	31	354	276	174	157	136	307	348	158	348	110	313	275	180	183	|
|408	21	198	0	118	204	190	165	163	302	230	105	169	202	184	170	134	306	202	317	107	|
|305	111	81	118	0	188	80	278	209	221	172	86	247	276	129	276	61	285	220	218	130	|
