




arguments: ./build/bc_mirp -f ./input/orig_exec_201.cfg
Current dir: /scratch/gui/bc_mirp
File verbosity level: 9
date       time         ( uptime  ) [ thread name/id ]                   file:line     v| 
2021-02-14 07:05:18.220 (   3.830s) [main thread     ]             loguru.cpp:789   INFO| Logging to './output/vi_vc+cus/OU/V2/Original/execution_14_02_2021_07_05_17.log', mode: 'a', verbosity: 9
--------------------------------------------------------------------------------
Parameters
                           instance_path           ./input/Instances/Original/5/
                            model_policy                                       1
                             nb_vehicles                                       2
                              output_dir      ./output/vi_vc+cus/OU/V2/Original/
                            sec_strategy                                       1
                       solver_nb_threads                                       2
                         solver_show_log                                    true
                       solver_time_limit                                    3600
                              use_vi_cos                                   false
                              use_vi_cus                                    true
                         use_vi_hc1_full                                   false
                         use_vi_hc1_half                                   false
                      use_vi_hc1_quarter                                   false
                              use_vi_hc2                                   false
                              use_vi_hc3                                   false
                         use_vi_lex_full                                   false
                         use_vi_lex_half                                   false
                      use_vi_lex_quarter                                   false
                              use_vi_qua                                   false
                               use_vi_vc                                    true
                               use_vi_vr                                   false
--------------------------------------------------------------------------------
executing instance: ./input/Instances/Original/5/absH3low_4n50.dat
--------------------------------------------------------------------------------
Instance details
n	51
H	3
C	4066
Li:
[0, 0, 0, 0, 0, 0, 0, 0, 0, 0, 0, 0, 0, 0, 0, 0, 0, 0, 0, 0, 0, 0, 0, 0, 0, 0, 0, 0, 0, 0, 0, 0, 0, 0, 0, 0, 0, 0, 0, 0, 0, 0, 0, 0, 0, 0, 0, 0, 0, 0, 0, ]
Ui:
[0, 108, 126, 122, 66, 120, 48, 30, 128, 54, 158, 198, 36, 66, 210, 234, 147, 297, 171, 128, 116, 120, 219, 70, 294, 207, 134, 128, 234, 122, 22, 183, 195, 255, 132, 124, 66, 189, 219, 66, 128, 102, 288, 66, 87, 136, 36, 39, 282, 36, 237, ]
Distance matrix:
|0	210	444	498	509	104	438	228	487	304	456	434	526	476	163	47	293	396	293	290	313	85	280	437	293	336	409	106	449	376	433	478	193	404	404	534	278	181	380	507	189	438	263	473	353	216	202	218	452	254	465	|
|210	0	299	507	359	106	345	409	358	411	320	402	555	448	136	200	289	264	306	427	141	222	83	348	264	320	283	303	380	208	258	357	170	348	475	542	243	347	355	379	65	479	172	373	355	251	112	229	402	210	300	|
|444	299	0	363	65	358	116	542	66	440	26	241	425	272	282	407	251	51	276	490	159	397	224	124	217	237	48	490	170	99	83	74	261	180	430	385	214	479	231	85	270	390	184	116	271	300	409	276	210	215	54	|
|498	507	363	0	385	482	246	424	326	254	343	123	63	93	388	452	221	337	211	314	428	414	480	239	243	187	324	463	194	418	438	307	346	188	156	36	264	392	156	326	444	87	340	258	154	286	603	294	153	297	417	|
|509	359	65	385	0	422	145	602	59	492	59	269	448	292	348	472	305	115	329	545	218	462	281	152	274	286	106	554	192	153	116	78	326	216	472	403	274	540	271	63	334	425	249	127	316	361	468	337	233	278	69	|
|104	106	358	482	422	0	372	309	408	337	374	396	521	441	98	96	262	314	271	342	215	124	177	373	249	302	329	198	394	281	337	402	139	353	419	518	230	250	343	428	90	437	188	405	328	200	134	188	406	199	372	|
|438	345	116	246	145	372	0	485	87	357	97	126	309	155	279	394	180	101	200	414	223	373	288	8	157	150	84	459	53	188	196	68	245	72	328	269	165	427	128	97	297	280	184	36	175	250	456	233	94	184	170	|
|228	409	542	424	602	309	485	0	561	170	544	419	424	446	298	214	305	491	286	115	462	187	457	480	331	339	496	124	470	510	565	545	295	424	279	454	329	66	376	576	363	340	370	520	330	242	429	266	453	328	581	|
|487	358	66	326	59	408	87	561	0	441	40	211	389	233	324	446	258	95	281	497	220	431	287	95	230	234	79	522	133	164	146	19	297	160	415	344	233	500	215	21	323	367	224	68	261	320	470	299	174	242	106	|
|304	411	440	254	492	337	357	170	441	0	434	266	255	286	275	266	189	392	164	63	408	225	428	351	224	207	392	234	330	438	484	424	250	287	112	284	232	149	233	453	349	170	302	389	185	168	471	195	305	248	487	|
|456	320	26	343	59	374	97	544	40	434	0	223	406	252	294	418	247	60	271	487	181	405	247	105	215	229	49	498	149	124	109	48	270	165	419	364	215	482	218	60	288	375	194	92	261	302	431	279	190	220	75	|
|434	402	241	123	269	396	126	419	211	266	223	0	185	46	298	387	140	213	145	328	310	355	366	118	147	97	201	425	78	295	315	191	256	65	211	151	166	371	53	215	343	157	231	145	90	220	505	217	41	198	295	|
|526	555	425	63	448	521	309	424	389	255	406	185	0	156	430	481	266	398	252	310	485	442	534	301	293	237	386	480	257	478	500	370	390	249	145	55	313	401	212	389	491	89	392	321	201	322	646	334	216	345	479	|
|476	448	272	93	292	441	155	446	233	286	252	46	156	0	343	429	183	250	184	348	353	396	411	148	192	140	236	461	102	334	350	214	302	106	214	113	212	402	98	233	389	151	277	165	125	261	551	260	62	244	325	|
|163	136	282	388	348	98	279	298	324	275	294	298	430	343	0	124	167	234	178	296	167	121	162	279	151	205	247	216	297	224	280	316	42	256	340	423	132	232	246	344	74	349	100	314	233	115	216	97	308	101	307	|
|47	200	407	452	472	96	394	214	446	266	418	387	481	429	124	0	246	358	245	259	284	41	261	392	247	289	370	103	403	345	402	436	150	358	361	488	232	158	333	466	165	393	223	430	306	168	217	171	406	210	431	|
|293	289	251	221	305	262	180	305	258	189	247	140	266	183	167	246	0	204	26	240	238	215	276	175	37	43	203	289	169	255	297	242	125	122	202	257	52	248	87	272	225	191	134	215	67	80	382	77	163	81	298	|
|396	264	51	337	115	314	101	491	95	392	60	213	398	250	234	358	204	0	229	442	130	347	196	108	169	194	19	440	152	87	102	93	211	149	390	363	165	428	194	116	228	355	134	117	230	250	376	225	189	164	95	|
|293	306	276	211	329	271	200	286	281	164	271	145	252	184	178	245	26	229	0	216	262	212	297	195	63	53	228	280	184	280	323	264	138	137	178	248	76	232	95	294	241	173	156	234	60	77	395	83	172	102	324	|
|290	427	490	314	545	342	414	115	497	63	487	328	310	348	296	259	240	442	216	0	443	220	456	408	273	264	443	204	390	479	529	480	278	346	165	343	278	115	293	509	369	229	340	447	244	202	473	230	366	288	536	|
|313	141	159	428	218	215	223	462	220	408	181	310	485	353	167	284	238	130	262	443	0	288	67	228	202	252	149	382	267	67	122	221	168	247	440	459	186	396	273	241	125	423	107	245	291	242	251	214	297	162	160	|
|85	222	397	414	462	124	373	187	431	225	405	355	442	396	121	41	215	347	212	220	288	0	273	371	221	258	357	95	378	344	401	420	136	331	321	450	208	126	302	450	177	353	213	409	272	136	253	143	377	190	426	|
|280	83	224	480	281	177	288	457	287	428	247	366	534	411	162	261	276	196	297	456	67	273	0	292	243	298	215	363	329	128	176	288	179	305	475	513	224	392	324	307	96	466	143	311	335	261	187	235	357	195	219	|
|437	348	124	239	152	373	8	480	95	351	105	118	301	148	279	392	175	108	195	408	228	371	292	0	154	144	91	456	46	194	203	76	244	65	320	261	163	423	121	103	299	273	185	40	168	247	459	230	86	183	178	|
|293	264	217	243	274	249	157	331	230	224	215	147	293	192	151	247	37	169	63	273	202	221	243	154	0	57	170	303	157	217	260	215	110	111	238	278	21	271	94	245	201	223	100	193	92	93	362	78	160	54	263	|
|336	320	237	187	286	302	150	339	234	207	229	97	237	140	205	289	43	194	53	264	252	258	298	144	57	0	190	331	131	257	294	216	163	84	197	221	77	285	44	246	258	172	155	183	39	123	418	119	120	110	288	|
|409	283	48	324	106	329	84	496	79	392	49	201	386	236	247	370	203	19	228	443	149	357	215	91	170	190	0	449	136	105	114	75	221	138	384	349	168	434	185	99	245	346	146	98	224	255	394	231	174	171	99	|
|106	303	490	463	554	198	459	124	522	234	498	425	480	461	216	103	289	440	280	204	382	95	363	456	303	331	449	0	458	439	496	510	229	410	344	498	293	89	374	540	267	391	307	495	336	211	308	226	451	280	520	|
|449	380	170	194	192	394	53	470	133	330	149	78	257	102	297	403	169	152	184	390	267	378	329	46	157	131	136	458	0	238	249	114	259	47	287	216	171	416	96	137	327	235	211	67	145	247	488	235	41	197	223	|
|376	208	99	418	153	281	188	510	164	438	124	295	478	334	224	345	255	87	280	479	67	344	128	194	217	257	105	439	238	0	57	169	216	230	453	445	206	445	268	184	191	427	141	202	296	278	315	250	274	191	92	|
|433	258	83	438	116	337	196	565	146	484	109	315	500	350	280	402	297	102	323	529	122	401	176	203	260	294	114	496	249	57	0	157	271	252	490	463	251	499	296	162	247	457	195	199	331	329	362	302	288	241	47	|
|478	357	74	307	78	402	68	545	19	424	48	191	370	214	316	436	242	93	264	480	221	420	288	76	215	216	75	510	114	169	157	0	287	141	396	325	219	485	196	31	319	347	216	49	243	306	469	286	154	230	120	|
|193	170	261	346	326	139	245	295	297	250	270	256	390	302	42	150	125	211	138	278	168	136	179	244	110	163	221	229	259	216	271	287	0	216	305	382	91	229	204	316	105	310	78	280	192	83	257	60	268	62	292	|
|404	348	180	188	216	353	72	424	160	287	165	65	249	106	256	358	122	149	137	346	247	331	305	65	111	84	138	410	47	230	252	141	216	0	255	215	126	369	56	168	292	210	177	102	103	200	454	189	54	155	234	|
|404	475	430	156	472	419	328	279	415	112	419	211	145	214	340	361	202	390	178	165	440	321	475	320	238	197	384	344	287	453	490	396	305	255	0	181	254	261	201	422	410	69	335	353	160	225	551	246	252	280	482	|
|534	542	385	36	403	518	269	454	344	284	364	151	55	113	423	488	257	363	248	343	459	450	513	261	278	221	349	498	216	445	463	325	382	215	181	0	298	425	189	342	479	115	373	276	190	323	638	330	175	332	439	|
|278	243	214	264	274	230	165	329	233	232	215	166	313	212	132	232	52	165	76	278	186	208	224	163	21	77	168	293	171	206	251	219	91	126	254	298	0	267	114	250	181	242	82	202	112	88	341	68	177	33	258	|
|181	347	479	392	540	250	427	66	500	149	482	371	401	402	232	158	248	428	232	115	396	126	392	423	271	285	434	89	416	445	499	485	229	369	261	425	267	0	325	516	298	313	305	463	281	180	375	203	403	264	516	|
|380	355	231	156	271	343	128	376	215	233	218	53	212	98	246	333	87	194	95	293	273	302	324	121	94	44	185	374	96	268	296	196	204	56	201	189	114	325	0	224	294	161	185	157	49	167	455	163	78	147	284	|
|507	379	85	326	63	428	97	576	21	453	60	215	389	233	344	466	272	116	294	509	241	450	307	103	245	246	99	540	137	184	162	31	316	168	422	342	250	516	224	0	344	371	244	70	271	337	490	317	176	261	120	|
|189	65	270	444	334	90	297	363	323	349	288	343	491	389	74	165	225	228	241	369	125	177	96	299	201	258	245	267	327	191	247	319	105	292	410	479	181	298	294	344	0	414	116	328	291	187	163	165	345	147	282	|
|438	479	390	87	425	437	280	340	367	170	375	157	89	151	349	393	191	355	173	229	423	353	466	273	223	172	346	391	235	427	457	347	310	210	69	115	242	313	161	371	414	0	323	301	133	238	565	253	197	273	444	|
|263	172	184	340	249	188	184	370	224	302	194	231	392	277	100	223	134	134	156	340	107	213	143	185	100	155	146	307	211	141	195	216	78	177	335	373	82	305	185	244	116	323	0	217	192	138	278	110	230	55	214	|
|473	373	116	258	127	405	36	520	68	389	92	145	321	165	314	430	215	117	234	447	245	409	311	40	193	183	98	495	67	202	199	49	280	102	353	276	202	463	157	70	328	301	217	0	205	286	485	269	106	220	167	|
|353	355	271	154	316	328	175	330	261	185	261	90	201	125	233	306	67	230	60	244	291	272	335	168	92	39	224	336	145	296	331	243	192	103	160	190	112	281	49	271	291	133	192	205	0	138	449	141	123	145	323	|
|216	251	300	286	361	200	250	242	320	168	302	220	322	261	115	168	80	250	77	202	242	136	261	247	93	123	255	211	247	278	329	306	83	200	225	323	88	180	167	337	187	238	138	286	138	0	328	28	243	88	340	|
|202	112	409	603	468	134	456	429	470	471	431	505	646	551	216	217	382	376	395	473	251	253	187	459	362	418	394	308	488	315	362	469	257	454	551	638	341	375	455	490	163	565	278	485	449	328	0	313	508	308	406	|
|218	229	276	294	337	188	233	266	299	195	279	217	334	260	97	171	77	225	83	230	214	143	235	230	78	119	231	226	235	250	302	286	60	189	246	330	68	203	163	317	165	253	110	269	141	28	313	0	235	61	315	|
|452	402	210	153	233	406	94	453	174	305	190	41	216	62	308	406	163	189	172	366	297	377	357	86	160	120	174	451	41	274	288	154	268	54	252	175	177	403	78	176	345	197	230	106	123	243	508	235	0	207	264	|
|254	210	215	297	278	199	184	328	242	248	220	198	345	244	101	210	81	164	102	288	162	190	195	183	54	110	171	280	197	191	241	230	62	155	280	332	33	264	147	261	147	273	55	220	145	88	308	61	207	0	253	|
|465	300	54	417	69	372	170	581	106	487	75	295	479	325	307	431	298	95	324	536	160	426	219	178	263	288	99	520	223	92	47	120	292	234	482	439	258	516	284	120	282	444	214	167	323	340	406	315	264	253	0	|

--------------------------------------------------------------------------------
Building model...
	using lazy and cut (CVRPSEP package)
Solving IRP LP...
--------------------------------------------------------------------------------

Gurobi 9.1.0 (linux64) logging started Sun Feb 14 07:05:28 2021

Gurobi Optimizer version 9.1.0 build v9.1.0rc0 (linux64)
Thread count: 32 physical cores, 32 logical processors, using up to 2 threads
Optimize a model with 1275 rows, 8460 columns and 19584 nonzeros
Model fingerprint: 0xd7b1ff8a
Variable types: 504 continuous, 7956 integer (306 binary)
Coefficient statistics:
  Matrix range     [1e+00, 2e+03]
  Objective range  [1e-02, 6e+02]
  Bounds range     [1e+00, 3e+02]
  RHS range        [1e+00, 7e+03]
Presolve removed 245 rows and 122 columns
Presolve time: 0.08s
Presolved: 1030 rows, 8338 columns, 18627 nonzeros
Variable types: 382 continuous, 7956 integer (7656 binary)

Root relaxation: objective 3.281071e+03, 1036 iterations, 0.02 seconds

    Nodes    |    Current Node    |     Objective Bounds      |     Work
 Expl Unexpl |  Obj  Depth IntInf | Incumbent    BestBd   Gap | It/Node Time

     0     0 3281.07132    0  137          - 3281.07132      -     -    0s
     0     0 3664.09189    0  132          - 3664.09189      -     -    0s
     0     0 4314.21492    0  182          - 4314.21492      -     -    0s
     0     0 4333.97160    0  193          - 4333.97160      -     -    0s
     0     0 4335.66769    0  220          - 4335.66769      -     -    0s
     0     0 4346.66071    0  216          - 4346.66071      -     -    0s
     0     0 4354.54857    0  226          - 4354.54857      -     -    0s
     0     0 4359.46852    0  247          - 4359.46852      -     -    0s
     0     0 4370.87846    0  240          - 4370.87846      -     -    0s
     0     0 4371.65195    0  246          - 4371.65195      -     -    0s
     0     0 4459.05518    0  235          - 4459.05518      -     -    1s
     0     0 4474.13466    0  216          - 4474.13466      -     -    1s
     0     0 4486.59335    0  255          - 4486.59335      -     -    1s
     0     0 4489.03626    0  255          - 4489.03626      -     -    1s
     0     0 4491.66177    0  241          - 4491.66177      -     -    1s
     0     0 4492.96218    0  239          - 4492.96218      -     -    1s
     0     0 4493.14097    0  245          - 4493.14097      -     -    1s
     0     0 4543.13138    0  296          - 4543.13138      -     -    1s
     0     0 4550.23627    0  206          - 4550.23627      -     -    1s
     0     0 4552.22297    0  243          - 4552.22297      -     -    2s
     0     0 4552.64977    0  228          - 4552.64977      -     -    3s
     0     0 4561.22565    0  296          - 4561.22565      -     -    3s
     0     0 4565.48931    0  306          - 4565.48931      -     -    3s
     0     0 4566.44723    0  319          - 4566.44723      -     -    3s
     0     0 4568.36180    0  314          - 4568.36180      -     -    3s
     0     0 4568.36180    0  288          - 4568.36180      -     -    3s
     0     2 4568.36180    0  288          - 4568.36180      -     -    4s
    13    16 4588.49195    4  273          - 4576.46524      -   204    5s
   274   301 5019.06345   25  180          - 4576.46524      -  89.4   10s
*  418   380             220    7290.6600000 4576.46524  37.2%  69.1   11s
*  420   380             219    7281.6600000 4576.46524  37.2%  68.7   11s
*  424   380             220    7251.6600000 4576.46524  36.9%  68.1   11s
   463   409 5317.84165   44   95 7251.66000 4576.46524  36.9%  74.9   15s
H  527   448                    6569.4400000 4576.46524  30.3%  77.6   17s
   588   511 6045.45385  123   11 6569.44000 4576.46524  30.3%  74.2   20s
H  591   506                    6498.4400000 4576.46524  29.6%  74.1   20s
   700   605 4787.21569   17  193 6498.44000 4581.60518  29.5%  87.7   25s
   704   605 4954.51054   40   74 6498.44000 4581.60518  29.5%  88.0   31s
H  734   599                    6483.0200000 4581.60518  29.3%  87.4   34s
   736   600 5387.82703   71  271 6483.02000 4581.60518  29.3%  87.1   36s
   750   609 5327.60319   79  424 6483.02000 4616.10883  28.8%  85.5   40s
H  754   581                    6371.4400000 4622.46570  27.5%  85.0   41s
   763   587 4982.45268   30  460 6371.44000 4627.57224  27.4%  84.0   45s
H  769   561                    6370.0000000 4630.39009  27.3%  83.4   47s
   778   567 4794.05224   15  476 6370.00000 4635.25522  27.2%  82.4   50s
   787   573 5469.68242  118  431 6370.00000 4636.70252  27.2%  81.5   55s
   794   578 5482.24333  159  479 6370.00000 4637.31421  27.2%  80.8   60s
   805   586 5643.85029   80  463 6370.00000 4637.31421  27.2%  93.8   65s
   810   590 5319.90838   77  474 6370.00000 4637.31421  27.2%  93.2   92s
   816   594 5333.45041   41  425 6370.00000 4637.81452  27.2%  92.5   95s
   825   600 4975.50143   52  431 6370.00000 4637.91657  27.2%  91.5  102s
   827   601 5195.91308   53  431 6370.00000 4637.91657  27.2%  91.3  105s
   830   606 4643.67879   23  435 6370.00000 4642.86508  27.1%   101  110s
   853   622 4693.22339   28  367 6370.00000 4676.18331  26.6%   112  118s
   869   636 4702.72851   31  310 6370.00000 4676.18331  26.6%   116  120s
   949   692 4811.46745   46  333 6370.00000 4676.18331  26.6%   125  125s
  1044   764 4775.34904   60  317 6370.00000 4676.18331  26.6%   127  130s
  1129   826 4818.98136   75  279 6370.00000 4676.18331  26.6%   130  135s
  1152   843 4842.86186   78  256 6370.00000 4676.18331  26.6%   130  179s
  1176   859 4832.36008   82  283 6370.00000 4676.18331  26.6%   131  180s
  1280   935 4967.51941   99  230 6370.00000 4676.18331  26.6%   132  185s
  1351   992 4883.42443  107  187 6370.00000 4676.18331  26.6%   131  190s
  1494  1055 5706.82200  253   45 6370.00000 4676.18331  26.6%   128  195s
  1649  1190 5014.00474  139  179 6370.00000 4676.18331  26.6%   125  201s
  1747  1248 5177.35782  147  123 6370.00000 4676.18331  26.6%   124  205s
  1931  1250 5280.89074  166  158 6370.00000 4676.18331  26.6%   123  211s
H 1944  1187                    6202.9800000 4676.18331  24.6%   124  213s
  1969  1221 5337.51643  177  162 6202.98000 4676.18331  24.6%   126  225s
  2035  1252 5231.98738  193  145 6202.98000 4676.18331  24.6%   127  230s
H 2043   974                    5734.8200000 4676.18331  18.5%   127  230s
  2168  1108 5266.20879  215  129 5734.82000 4676.18331  18.5%   126  237s
  2302  1231 5515.18250  236   35 5734.82000 4676.18331  18.5%   123  242s
  2395  1257 5448.90352  254  115 5734.82000 4676.18331  18.5%   120  246s
  2564  1349 5586.12045  306   11 5734.82000 4676.18331  18.5%   117  250s
  2626  1378 5591.94076  298   95 5734.82000 4690.40756  18.2%   117  255s
  2680  1399 4697.16629   28  412 5734.82000 4697.16629  18.1%   118  287s
  2701  1437 4738.85440   30  392 5734.82000 4700.92959  18.0%   120  290s
  2761  1505 4769.37494   34  428 5734.82000 4700.92959  18.0%   122  295s
  2896  1672 4913.06364   55  269 5734.82000 4700.92959  18.0%   120  301s
  2974  1774 4994.82205   84  150 5734.82000 4700.92959  18.0%   119  306s
  3085  1829 5145.50605  138  115 5734.82000 4700.92959  18.0%   116  310s
  3201  1991 5477.87601  194   69 5734.82000 4700.92959  18.0%   116  316s
  3306  2098 5569.95706  253   80 5734.82000 4705.52138  17.9%   115  349s
  3451  2107 4857.84476   26  364 5734.82000 4705.69641  17.9%   112  352s
  3460  2163 4966.08547   30  293 5734.82000 4705.69641  17.9%   113  355s
  3516  2312 5313.97197   67  137 5734.82000 4705.69641  17.9%   114  360s
  3669  2351 infeasible  155      5734.82000 4708.81707  17.9%   110  365s
  3749  2513 4917.21707   34  353 5734.82000 4708.83774  17.9%   113  372s
  3887  2647 5195.90013   90  101 5734.82000 4708.83774  17.9%   110  377s
  4031  2819 5465.95784  184   90 5734.82000 4711.26052  17.8%   108  383s
  4213  2974 4813.65430   30  313 5734.82000 4711.26052  17.8%   105  388s
  4344  2974 5586.71365  232  114 5734.82000 4711.26052  17.8%   104  390s
  4434  3045 4868.22653   33  302 5734.82000 4711.26052  17.8%   104  398s
  4454  3128 5096.85398   34  168 5734.82000 4711.26052  17.8%   106  404s
  4529  3128 5657.12646  109   70 5734.82000 4711.26052  17.8%   106  405s
  4578  3239 5269.41914   42  139 5734.82000 4711.26052  17.8%   108  413s
  4662  3272 5646.97877   65   93 5734.82000 4713.66101  17.8%   109  418s
  4735  3421 4943.26446   37  260 5734.82000 4714.50689  17.8%   110  424s
  4872  3421 5434.99788  118   90 5734.82000 4714.50689  17.8%   109  425s
  4884  3470 5424.08000   95    6 5734.82000 4715.75071  17.8%   109  430s
  4956  3527     cutoff  120      5734.82000 4715.77941  17.8%   110  435s
  5013  3529 4900.02738   30  241 5734.82000 4715.77941  17.8%   111  484s
  5015  3745 4925.33837   31  218 5734.82000 4715.77941  17.8%   111  490s
  5245  3856 5684.50083  142  107 5734.82000 4717.59631  17.7%   108  498s
  5368  3869 4894.60441   31  195 5734.82000 4717.59631  17.7%   109  505s
  5390  4005 4969.09234   39  162 5734.82000 4717.59631  17.7%   110  511s
  5526  4104 5488.36796  103   57 5734.82000 4719.79962  17.7%   110  524s
  5543  4104 5243.83527  119   44 5734.82000 4719.79962  17.7%   110  525s
  5672  4262 5042.80998   49  177 5734.82000 4723.28353  17.6%   109  532s
  5844  4319 4943.72779   39  273 5734.82000 4723.28353  17.6%   109  540s
  5921  4383 5094.36910   43  227 5734.82000 4723.28353  17.6%   110  547s
  6005  4468 5353.84750   54  207 5734.82000 4723.28353  17.6%   111  555s
  6102  4579 5641.38022   70   52 5734.82000 4725.67758  17.6%   112  563s
  6233  4826 5117.68212   74  116 5734.82000 4726.08931  17.6%   112  572s
  6504  5151 5358.08949  130   57 5734.82000 4728.02989  17.6%   110  582s
  6753  5151 5457.05152  183  100 5734.82000 4729.88941  17.5%   107  585s
  6852  5241 4965.89315   34  181 5734.82000 4729.88941  17.5%   106  594s
  6928  5241 5070.84070   48   98 5734.82000 4729.88941  17.5%   106  595s
  6942  5515 5093.52752   68   99 5734.82000 4729.88941  17.5%   106  620s
  7216  5948 5298.73616  138   64 5734.82000 4730.18071  17.5%   104  633s
  7437  5948 5346.44811  352   37 5734.82000 4730.18071  17.5%   101  635s
  7706  6085 4977.21186   42  296 5734.82000 4730.94602  17.5%   100  647s
  7871  6234 4807.71634   31  445 5734.82000 4732.51419  17.5%   100  665s
  8055  6308     cutoff   90      5734.82000 4734.17245  17.4%   100  675s
  8157  6559 5250.08179   72   71 5734.82000 4735.46314  17.4%   101  685s
  8436  6633 4917.20743   27  388 5734.82000 4735.96069  17.4%   100  695s
  8521  6750 5346.58259   47  125 5734.82000 4739.25494  17.4%   101  706s
  8651  6940 5529.14183   71   54 5734.82000 4739.40099  17.4%   102  716s
  8875  7036 5061.02146   42  282 5734.82000 4740.52298  17.3%   102  726s
  8979  7289 5074.22957   49  163 5734.82000 4740.58197  17.3%   103  736s
  9257  7408 5591.72802   97  116 5734.82000 4742.78566  17.3%   102  746s
  9420  7466 5412.46558   68  188 5734.82000 4743.07073  17.3%   103  755s
  9489  7606 5070.45191   48  211 5734.82000 4744.66535  17.3%   104  786s
  9653  7812 5031.66943   51  153 5734.82000 4751.98737  17.1%   104  797s
  9911  7872 4939.20855   34  303 5734.82000 4757.44318  17.0%   104  807s
H 9930  7809                    5706.8200000 4757.44318  16.6%   104  807s
  9971  7963 5149.25209   43  224 5706.82000 4757.44318  16.6%   105  817s
 10128  7993 5371.48115   61  172 5706.82000 4757.44318  16.6%   106  842s
 10158  8234 5284.63791   76   80 5706.82000 4757.44318  16.6%   106  853s
 10413  8246 infeasible  175      5706.82000 4757.44318  16.6%   106  855s
 10499  8301     cutoff  136      5706.82000 4757.70430  16.6%   106  863s
 10613  8400 5462.73410   55  148 5706.82000 4760.75480  16.6%   106  872s
 10738  8583 5158.02741   42  142 5706.82000 4761.80497  16.6%   107  891s
 10951  8914 5022.32100   35  257 5706.82000 4764.71818  16.5%   107  903s
 11140  8914 5267.45103   81  128 5706.82000 4764.71818  16.5%   106  905s
 11305  9155 5438.95455  187    5 5706.82000 4765.66854  16.5%   105  915s
 11575  9671     cutoff  102      5706.82000 4766.07214  16.5%   105  931s
 11621  9671 5275.02467   77   75 5706.82000 4766.07214  16.5%   105  966s
 12138  9904 4828.78448   32  211 5706.82000 4770.31842  16.4%   101  979s
 12185  9904 5407.16215   79   78 5706.82000 4770.31842  16.4%   101  980s
 12394 10011 5581.07266   55   83 5706.82000 4772.02678  16.4%   100  990s
 12532 10221 4818.42015   28  364 5706.82000 4773.25643  16.4%   101 1060s
 12754 10264 5665.23721  176   30 5706.82000 4774.02780  16.3%   101 1070s
H12788 10261                    5705.1800000 4774.02780  16.3%   101 1070s
 12809 10412 5082.23337   44  137 5705.18000 4774.02780  16.3%   102 1086s
 13020 10616 5427.31125  115   12 5705.18000 4774.78232  16.3%   102 1097s
 13206 10618 5014.80221   65  162 5705.18000 4774.78232  16.3%   101 1100s
 13255 10758 5684.33000  250    - 5705.18000 4774.81903  16.3%   102 1172s
 13341 10760 5621.87000  119   12 5705.18000 4774.81903  16.3%   102 1175s
 13421 10935     cutoff  250      5705.18000 4775.81895  16.3%   102 1184s
 13622 11099 5152.92822   41  226 5705.18000 4779.38249  16.2%   103 1194s
 13810 11215 4999.18198   44  173 5705.18000 4779.75056  16.2%   103 1203s
 13948 11215 5092.16827   71  126 5705.18000 4780.30076  16.2%   103 1205s
 13960 11548 5101.65133   46  222 5705.18000 4780.30076  16.2%   103 1219s
 13994 11548 5204.58257   66   96 5705.18000 4780.30076  16.2%   103 1220s
 14337 11769 5323.81277   82  132 5705.18000 4780.91269  16.2%   101 1231s
 14579 11925 5149.02963   58  239 5705.18000 4781.58369  16.2%   101 1241s
 14767 12008 4849.51970   42  263 5705.18000 4781.86536  16.2%   101 1250s
 14872 12062 4918.92130   53  268 5705.18000 4782.10521  16.2%   102 1310s
H14917 12033                    5699.1800000 4782.10521  16.1%   102 1310s
 14943 12074 5257.32876   56  302 5699.18000 4782.25545  16.1%   102 1320s
 15024 12343 4833.15805   27  311 5699.18000 4782.71817  16.1%   103 1330s
 15321 12552 5384.12000  102    6 5699.18000 4782.95267  16.1%   102 1342s
 15579 12613 5415.98000  107    - 5699.18000 4784.22056  16.1%   102 1352s
 15637 12761 5556.03667  142   23 5699.18000 4784.37496  16.1%   102 1361s
 15810 13035 5241.60606   56  174 5699.18000 4784.57936  16.0%   102 1372s
 16109 13168 5025.74241   46  126 5699.18000 4785.46838  16.0%   102 1447s
 16127 13168 5156.98640   58  139 5699.18000 4785.46838  16.0%   102 1450s
 16283 13238 5106.40921   33  217 5699.18000 4787.86018  16.0%   102 1461s
 16377 13275 4826.64604   26  332 5699.18000 4789.22001  16.0%   102 1470s
 16414 13351 5045.41214   33  105 5699.18000 4789.22001  16.0%   103 1507s
 16431 13351 5121.81462   42   26 5699.18000 4789.22001  16.0%   103 1520s
 16490 13460 5265.29208   58   64 5699.18000 4789.22001  16.0%   104 1531s
 16599 13641 5324.66211   99   71 5699.18000 4789.22001  16.0%   105 1547s
 16843 13772 5528.95733  160   17 5699.18000 4789.38339  16.0%   105 1561s
 17183 13903 5386.14588   60   20 5699.18000 4789.82681  16.0%   104 1572s
 17331 14165 5259.37405   70  119 5699.18000 4790.03238  16.0%   104 1583s
 17617 14314 4968.34010   39  156 5699.18000 4790.17453  15.9%   103 1595s
 17800 14529 5132.18905   86  113 5699.18000 4791.47604  15.9%   103 1605s
 18044 14753 5321.07348   77   57 5699.18000 4791.87236  15.9%   103 1616s
 18299 14839 5602.77784  130  102 5699.18000 4793.35469  15.9%   103 1625s
 18414 15093 5363.54580   77  127 5699.18000 4794.31645  15.9%   103 1636s
 18691 15182 5162.90828   44  197 5699.18000 4794.82746  15.9%   103 1647s
 18806 15246 4956.50004   45  272 5699.18000 4794.82746  15.9%   103 1657s
 18902 15381 5091.19876   63  131 5699.18000 4795.39863  15.9%   104 1666s
 19083 15441 5004.17987   62  284 5699.18000 4796.64439  15.8%   104 1676s
 19163 15499 5652.28554   81  181 5699.18000 4797.75119  15.8%   104 1685s
 19257 15593 5140.17761   47  136 5699.18000 4798.69915  15.8%   104 1717s
 19383 15698 5577.82614   75   76 5699.18000 4798.85202  15.8%   105 1727s
 19521 15823 5089.32532   48  179 5699.18000 4800.11152  15.8%   105 1738s
 19680 15915 5083.39892   52  273 5699.18000 4801.34959  15.8%   105 1748s
 19745 15915 5187.84614   31  383 5699.18000 4801.34959  15.8%   105 1755s
 19808 16069 5334.33036   71   60 5699.18000 4801.82405  15.7%   106 1765s
 20001 16328 5699.09000   97    - 5699.18000 4802.84722  15.7%   105 1777s
 20281 16395     cutoff   97      5699.18000 4803.39356  15.7%   105 1788s
H20340 16188                    5675.0700000 4803.39356  15.4%   105 1800s
 20353 16286 5128.82075   45  134 5675.07000 4803.39356  15.4%   105 1811s
 20459 16381 5383.02114   99   47 5675.07000 4803.45817  15.4%   106 1821s
 20586 16491 5512.82000  113    - 5675.07000 4803.86661  15.4%   106 1832s
 20701 16541 5626.62923  140   12 5675.07000 4803.95008  15.3%   106 1841s
 20791 16639 5659.47000  144    - 5675.07000 4804.64970  15.3%   107 1887s
 20935 16819     cutoff  144      5675.07000 4806.13610  15.3%   107 1898s
 21135 16897 5016.91000   48  239 5675.07000 4807.19365  15.3%   107 1909s
 21153 16897 5117.71762   59  140 5675.07000 4807.19365  15.3%   107 1910s
 21230 16946 5307.29059   67  123 5675.07000 4807.97739  15.3%   108 1969s
 21290 17013 5251.00152   52  223 5675.07000 4808.29514  15.3%   108 1979s
 21323 17013 5646.91724   78  172 5675.07000 4808.29514  15.3%   108 1980s
 21412 17042 5010.58139   31  397 5675.07000 4808.33931  15.3%   109 1988s
 21440 17086 5261.27726   38  291 5675.07000 4808.33931  15.3%   109 1997s
 21484 17119     cutoff   48      5675.07000 4808.63951  15.3%   110 2007s
 21531 17167 4992.24292   39  233 5675.07000 4808.63951  15.3%   111 2067s
 21591 17251 5105.92565   52  123 5675.07000 4809.46219  15.3%   111 2080s
 21693 17465 5004.77017   29  273 5675.07000 4809.80690  15.2%   111 2091s
 21945 17634 4995.25193   33  243 5675.07000 4810.84291  15.2%   111 2119s
 21989 17634 5474.55571   77   58 5675.07000 4810.84291  15.2%   111 2120s
 22153 17697 5086.41387   58  111 5675.07000 4811.04963  15.2%   111 2131s
 22239 17768 4968.52200   55  309 5675.07000 4811.47842  15.2%   111 2141s
 22339 17818     cutoff   73      5675.07000 4811.63797  15.2%   111 2151s
 22434 17939 5099.93062   64  334 5675.07000 4811.96390  15.2%   112 2175s
 22587 17995 5599.11572  110  116 5675.07000 4812.35069  15.2%   112 2186s
 22658 18106 5306.98550   48  203 5675.07000 4812.99684  15.2%   112 2197s
 22804 18167 5044.93719   49  210 5675.07000 4813.36419  15.2%   112 2207s
 22923 18207 5100.70995   39  268 5675.07000 4813.46021  15.2%   113 2254s
 22964 18309 5529.09447   63  146 5675.07000 4813.79165  15.2%   113 2267s
 23113 18378 5147.44167   41  216 5675.07000 4815.15728  15.2%   113 2277s
 23204 18607 5126.87355   38  172 5675.07000 4815.68554  15.1%   114 2288s
 23258 18607 5339.99719   61  126 5675.07000 4815.68554  15.1%   114 2318s
 23465 18659 5038.45738   35  266 5675.07000 4816.67433  15.1%   113 2329s
 23506 18659 5659.28000   87    - 5675.07000 4816.86250  15.1%   113 2330s
 23556 18742 5091.50284   31  290 5675.07000 4816.86250  15.1%   114 2343s
 23658 18804 5441.55530   77   80 5675.07000 4818.34699  15.1%   114 2410s
 23736 18857 5251.59790   55  204 5675.07000 4818.51034  15.1%   114 2422s
 23800 18977 5044.81109   36  337 5675.07000 4819.06984  15.1%   115 2432s
H23845 18748                    5659.9300000 4819.06984  14.9%   115 2433s
 23948 18920 4948.21255   37  179 5659.93000 4819.92602  14.8%   115 2444s
 23992 18920 5295.78427   78   38 5659.93000 4819.92602  14.8%   115 2445s
 24142 19073 5239.25207   59  188 5659.93000 4820.05546  14.8%   115 2534s
 24160 19073 5467.07330   77   32 5659.93000 4820.05546  14.8%   115 2536s
 24333 19148 4972.70322   40  254 5659.93000 4820.67235  14.8%   115 2547s
 24427 19225 5360.76575   46  252 5659.93000 4820.94731  14.8%   115 2557s
 24520 19324 5361.99156   51   58 5659.93000 4822.56227  14.8%   116 2568s
 24639 19443     cutoff   99      5659.93000 4823.20482  14.8%   116 2580s
 24785 19585     cutoff   95      5659.93000 4824.07952  14.8%   116 2591s
 24951 19664 4944.66793   36  275 5659.93000 4824.96295  14.8%   116 2602s
 25045 19724 5354.65610   53  155 5659.93000 4825.21580  14.7%   117 2614s
 25083 19724 5242.10999   43  167 5659.93000 4825.22944  14.7%   117 2615s
 25139 19854 5079.60233   40  300 5659.93000 4825.33276  14.7%   117 2626s
 25298 19916 4958.16089   36  241 5659.93000 4825.84993  14.7%   117 2638s
 25378 19985 5028.92429   40  312 5659.93000 4826.89352  14.7%   118 2649s
 25481 20075 4910.21794   35  335 5659.93000 4827.13551  14.7%   118 2660s
 25609 20210 4944.40681   29  227 5659.93000 4827.31707  14.7%   118 2671s
 25779 20286 5008.75189   59  252 5659.93000 4829.08263  14.7%   118 2683s
 25885 20426 5267.15075   43  157 5659.93000 4829.11086  14.7%   118 2724s
 25927 20426 5651.01043   77   20 5659.93000 4829.11086  14.7%   118 2729s
 26001 20428 5184.43284   67  139 5659.93000 4829.19981  14.7%   119 2730s
 26038 20601 5381.74657   53  128 5659.93000 4829.29151  14.7%   118 2743s
 26189 20601 5301.82221  167    9 5659.93000 4829.29189  14.7%   118 2745s
 26249 20746 5139.08249   52  221 5659.93000 4830.06590  14.7%   118 2755s
 26424 20917 5038.40501   32  249 5659.93000 4830.14173  14.7%   118 2806s
 26615 20982 5631.71595  141   26 5659.93000 4831.05173  14.6%   118 2818s
 26694 21071 5568.74481   76  185 5659.93000 4831.37131  14.6%   118 2829s
 26740 21073 5073.47765   48  173 5659.93000 4831.37131  14.6%   119 2830s
 26818 21108 5653.79000   96   12 5659.93000 4831.38760  14.6%   119 2895s
H26830 20874                    5646.8000000 4831.38760  14.4%   119 2895s
 26866 20970     cutoff   97      5646.80000 4831.74907  14.4%   119 2907s
 27037 21054 5411.31922   98   52 5646.80000 4832.26450  14.4%   119 2919s
 27055 21054 5476.82555  109   53 5646.80000 4832.26450  14.4%   119 2920s
 27149 21112 5092.28390   31  272 5646.80000 4832.68098  14.4%   119 2968s
 27247 21279 4966.13709   36  274 5646.80000 4832.96347  14.4%   119 2982s
 27447 21409 5022.58860   39  191 5646.80000 4833.21573  14.4%   119 2997s
 27603 21534 5484.04152   76   24 5646.80000 4833.35524  14.4%   119 3039s
 27724 21535 5085.70086   62  104 5646.80000 4833.51303  14.4%   120 3040s
 27746 21674 5036.69149   35  248 5646.80000 4833.51303  14.4%   119 3052s
 27906 21824 5374.30608   76   59 5646.80000 4833.93124  14.4%   120 3065s
 28092 21871     cutoff   85      5646.80000 4834.54415  14.4%   120 3077s
 28150 21997 5369.21626   50  184 5646.80000 4834.76640  14.4%   120 3099s
 28193 21997 5123.22681   44  274 5646.80000 4834.76640  14.4%   120 3100s
 28321 22071 5288.06166   56  200 5646.80000 4835.27686  14.4%   120 3111s
 28439 22218 5183.29000   63   18 5646.80000 4835.68227  14.4%   120 3129s
 28558 22229 5467.28000  111    6 5646.80000 4835.68227  14.4%   120 3130s
 28650 22324     cutoff  129      5646.80000 4836.07581  14.4%   120 3142s
 28757 22511 5246.10191   54  152 5646.80000 4836.31637  14.4%   120 3156s
 28991 22566 5626.91000  104    - 5646.80000 4836.88286  14.3%   120 3190s
 29078 22623 4933.43687   32  367 5646.80000 4836.96791  14.3%   121 3202s
 29148 22655 5128.04199   47  149 5646.80000 4836.96791  14.3%   121 3216s
 29223 22817 5189.65142   55  163 5646.80000 4836.96791  14.3%   121 3251s
 29397 22902 5446.56641  124   42 5646.80000 4837.72566  14.3%   121 3263s
 29530 22999 5079.74503   52   82 5646.80000 4837.76890  14.3%   121 3275s
 29663 23135 5400.15256  110   31 5646.80000 4837.90416  14.3%   122 3289s
 29724 23135 5508.54350   77   48 5646.80000 4837.90416  14.3%   122 3290s
 29813 23237     cutoff  104      5646.80000 4837.97335  14.3%   122 3307s
 29844 23237 5299.27340   82  162 5646.80000 4837.97335  14.3%   122 3330s
 30016 23266     cutoff  100      5646.80000 4839.13301  14.3%   122 3341s
 30063 23316 5324.66599   47  167 5646.80000 4839.25333  14.3%   122 3353s
 30125 23472 5307.72952   43  317 5646.80000 4839.28917  14.3%   123 3368s
 30322 23503 4924.74176   32  281 5646.80000 4839.40913  14.3%   123 3380s
 30353 23562 5252.29755   37  101 5646.80000 4839.40913  14.3%   123 3393s
 30414 23596 5572.37360   55   62 5646.80000 4839.59502  14.3%   124 3425s
 30497 23661 5068.19207   46  359 5646.80000 4839.98290  14.3%   124 3437s
 30571 23819 5096.36103   60  138 5646.80000 4840.34046  14.3%   124 3449s
 30629 23819 5607.60958   85   62 5646.80000 4840.34046  14.3%   124 3450s
 30769 23893 5184.26443   53  256 5646.80000 4840.82548  14.3%   124 3462s
 30866 23966 5451.23464   42   32 5646.80000 4841.24727  14.3%   125 3482s
 30947 24200 5215.51500   53   35 5646.80000 4841.29187  14.3%   125 3500s
 31226 24331 5098.27622   44  176 5646.80000 4841.54605  14.3%   125 3513s
 31363 24332 5089.96167   56  238 5646.80000 4842.03233  14.3%   125 3515s
 31375 24418 5311.09228   71   41 5646.80000 4842.13370  14.2%   125 3527s
 31488 24493 5132.12160   92  195 5646.80000 4842.54080  14.2%   125 3539s
 31605 24545 5230.60751   58  114 5646.80000 4842.98613  14.2%   125 3557s
 31717 24648 5095.04138   82  279 5646.80000 4843.01928  14.2%   126 3569s
 31827 24650 5058.98367   87  197 5646.80000 4843.18588  14.2%   126 3570s
 31850 24753 5620.08164   77   61 5646.80000 4843.18933  14.2%   126 3582s
 31994 24822     cutoff   97      5646.80000 4843.62729  14.2%   126 3599s
 32029 24822 5596.59926   60  154 5646.80000 4843.62729  14.2%   126 3622s

Cutting planes:
  User: 3818
  Gomory: 19
  Cover: 291
  Implied bound: 115
  Projected implied bound: 2
  Clique: 27
  MIR: 76
  StrongCG: 1
  Flow cover: 295
  Zero half: 59
  RLT: 182
  Relax-and-lift: 7
  Lazy constraints: 3898

Explored 32098 nodes (4056990 simplex iterations) in 3623.20 seconds
Thread count was 2 (of 32 available processors)

Solution count 10: 5646.8 5659.93 5675.07 ... 6371.44

Time limit reached
Best objective 5.646800000000e+03, best bound 4.843686046438e+03, gap 14.2225%

User-callback calls 233790, time in user-callback 1333.13 sec
================================================================================
executing instance: ./input/Instances/Original/5/absH3low_4n25.dat
--------------------------------------------------------------------------------
Instance details
n	26
H	3
C	2029
Li:
[0, 0, 0, 0, 0, 0, 0, 0, 0, 0, 0, 0, 0, 0, 0, 0, 0, 0, 0, 0, 0, 0, 0, 0, 0, 0, ]
Ui:
[0, 34, 165, 76, 88, 188, 58, 279, 52, 132, 198, 142, 135, 165, 186, 58, 201, 196, 40, 183, 32, 90, 168, 126, 93, 146, ]
Distance matrix:
|0	299	188	235	91	202	152	147	162	277	268	132	71	162	220	69	220	289	241	124	265	80	162	132	66	302	|
|299	0	468	431	282	142	317	425	443	569	193	178	359	302	422	231	93	28	511	325	457	242	434	215	240	601	|
|188	468	0	153	265	342	308	43	192	106	455	290	117	206	142	246	379	464	252	274	360	267	211	319	231	184	|
|235	431	153	0	326	289	386	145	321	240	482	269	184	129	15	258	339	436	393	355	477	305	336	354	237	334	|
