




arguments: ./build/mirp_solver -f ./input/orig_exec_344.cfg
Current dir: /scratch/gui/bnc_mirp
File verbosity level: 9
date       time         ( uptime  ) [ thread name/id ]                   file:line     v| 
2021-01-23 12:50:21.492 (   0.141s) [main thread     ]             loguru.cpp:789   INFO| Logging to './output/vi_hc2/OU/V4/Original/execution_23_01_2021_12_50_21.log', mode: 'a', verbosity: 9
--------------------------------------------------------------------------------
Parameters
                           instance_path           ./input/Instances/Original/3/
                            model_policy                                       1
                             nb_vehicles                                       4
                              output_dir         ./output/vi_hc2/OU/V4/Original/
                            sec_strategy                                       1
                       solver_nb_threads                                       2
                         solver_show_log                                    true
                       solver_time_limit                                    3600
                              use_vi_cos                                   false
                              use_vi_cus                                   false
                         use_vi_hc1_full                                   false
                         use_vi_hc1_half                                   false
                      use_vi_hc1_quarter                                   false
                              use_vi_hc2                                    true
                              use_vi_hc3                                   false
                         use_vi_lex_full                                   false
                         use_vi_lex_half                                   false
                      use_vi_lex_quarter                                   false
                              use_vi_qua                                   false
                               use_vi_vc                                   false
                               use_vi_vr                                   false
--------------------------------------------------------------------------------
executing instance: ./input/Instances/Original/3/absH3low_2n5.dat
--------------------------------------------------------------------------------
Instance details
n	6
H	3
C	237
Li:
[0, 0, 0, 0, 0, 0, ]
Ui:
[0, 93, 180, 51, 114, 24, ]
Distance matrix:
|0	170	318	35	112	235	|
|170	0	311	205	258	301	|
|318	311	0	326	278	137	|
|35	205	326	0	89	230	|
|112	258	278	89	0	160	|
|235	301	137	230	160	0	|

--------------------------------------------------------------------------------
Building model...
	using lazy and cut (CVRPSEP package)
Solving IRP LP...
--------------------------------------------------------------------------------

Gurobi 9.1.0 (linux64) logging started Sat Jan 23 12:50:21 2021

Gurobi Optimizer version 9.1.0 build v9.1.0rc0 (linux64)
Thread count: 32 physical cores, 32 logical processors, using up to 2 threads
Optimize a model with 267 rows, 336 columns and 1284 nonzeros
Model fingerprint: 0x27e8f082
Variable types: 84 continuous, 252 integer (72 binary)
Coefficient statistics:
  Matrix range     [1e+00, 2e+02]
  Objective range  [1e-02, 3e+02]
  Bounds range     [1e+00, 2e+02]
  RHS range        [1e+01, 5e+02]
Presolve removed 33 rows and 27 columns
Presolve time: 0.00s

Explored 0 nodes (0 simplex iterations) in 0.01 seconds
Thread count was 1 (of 32 available processors)

Solution count 0

Model is infeasible
Best objective -, best bound -, gap -

User-callback calls 31, time in user-callback 0.00 sec

Computing Irreducible Inconsistent Subsystem (IIS)...

           Constraints          |            Bounds           |  Runtime
      Min       Max     Guess   |   Min       Max     Guess   |
--------------------------------------------------------------------------
        0       267         -         0       464         -           0s
       30        30         -        49        49         -           0s

IIS computed: 30 constraints, 49 bounds
IIS runtime: 0.48 seconds
================================================================================
executing instance: ./input/Instances/Original/3/absH3high_5n30.dat
--------------------------------------------------------------------------------
Instance details
n	31
H	3
C	2296
Li:
[0, 0, 0, 0, 0, 0, 0, 0, 0, 0, 0, 0, 0, 0, 0, 0, 0, 0, 0, 0, 0, 0, 0, 0, 0, 0, 0, 0, 0, 0, 0, ]
Ui:
[0, 80, 90, 297, 28, 264, 123, 192, 112, 32, 72, 88, 294, 129, 126, 105, 110, 237, 246, 92, 72, 147, 54, 96, 128, 96, 84, 28, 74, 196, 192, ]
Distance matrix:
|0	87	302	65	389	171	219	120	412	339	129	63	169	401	383	158	393	161	246	275	64	287	345	235	13	274	106	201	85	358	135	|
|87	0	334	128	402	212	301	204	465	384	187	145	232	424	454	238	475	245	289	352	80	307	352	321	81	352	20	261	170	376	215	|
|302	334	0	239	113	132	237	334	157	70	404	263	162	105	227	229	339	251	65	217	259	53	107	352	293	220	339	134	270	75	235	|
|65	128	239	0	330	107	175	130	348	275	174	40	107	339	326	114	351	125	181	224	58	228	290	222	58	224	143	138	65	297	92	|
|389	402	113	330	0	226	349	438	210	151	502	360	269	48	316	339	441	362	175	328	335	102	55	465	377	330	401	245	371	37	342	|
|171	212	132	107	226	0	169	214	253	173	276	134	64	233	261	130	326	153	77	188	133	125	192	264	162	190	220	68	145	193	125	|
|219	301	237	175	349	169	0	157	257	223	244	157	105	334	180	62	175	61	177	63	233	264	334	118	221	61	317	112	136	312	85	|
|120	204	334	130	438	214	157	0	402	348	88	90	173	438	336	115	307	100	269	220	172	338	406	122	130	218	224	204	69	403	101	|
|412	465	157	348	210	253	257	402	0	88	486	359	245	166	129	287	266	303	178	204	386	208	239	370	406	207	473	212	354	187	304	|
|339	384	70	275	151	173	223	348	88	0	427	291	179	120	166	234	290	254	96	187	306	123	166	342	332	190	391	145	291	119	247	|
|129	187	404	174	502	276	244	88	486	427	0	142	248	508	424	200	390	187	342	308	193	400	464	192	142	306	207	281	136	469	182	|
|63	145	263	40	360	134	157	90	359	291	142	0	114	366	321	95	331	99	202	212	90	258	323	186	65	211	163	148	27	327	72	|
|169	232	162	107	269	64	105	173	245	179	248	114	0	266	222	71	268	94	97	131	155	173	244	203	164	132	245	34	113	233	73	|
|401	424	105	339	48	233	334	438	166	120	508	366	266	0	280	332	409	355	169	305	353	117	96	452	391	308	425	237	374	49	339	|
|383	454	227	326	316	261	180	336	129	166	424	321	222	280	0	231	137	238	208	116	376	277	331	272	381	118	467	197	307	285	253	|
|158	238	229	114	339	130	62	115	287	234	200	95	71	332	231	0	238	23	164	118	171	243	314	134	159	117	255	95	77	302	23	|
|393	475	339	351	441	326	175	307	266	290	390	331	268	409	137	238	0	232	300	138	408	383	445	204	395	136	492	258	308	406	260	|
|161	245	251	125	362	153	61	100	303	254	187	99	94	355	238	23	232	0	187	123	183	267	338	111	164	121	262	117	77	325	34	|
|246	289	65	181	175	77	177	269	178	96	342	202	97	169	208	164	300	187	0	168	210	87	157	290	238	171	296	70	206	138	170	|
|275	352	217	224	328	188	63	220	204	187	308	212	131	305	116	118	138	123	168	0	279	255	322	166	275	3	367	120	195	291	141	|
|64	80	259	58	335	133	233	172	386	306	193	90	155	353	376	171	408	183	210	279	0	236	289	276	51	279	90	182	117	307	150	|
|287	307	53	228	102	125	264	338	208	123	400	258	173	117	277	243	383	267	87	255	236	0	71	374	276	257	308	153	270	71	245	|
|345	352	107	290	55	192	334	406	239	166	464	323	244	96	331	314	445	338	157	322	289	71	0	445	334	325	350	224	337	54	315	|
|235	321	352	222	465	264	118	122	370	342	192	186	203	452	272	134	204	111	290	166	276	374	445	0	243	164	341	221	159	428	142	|
|13	81	293	58	377	162	221	130	406	332	142	65	164	391	381	159	395	164	238	275	51	276	334	243	0	274	100	196	89	347	136	|
|274	352	220	224	330	190	61	218	207	190	306	211	132	308	118	117	136	121	171	3	279	257	325	164	274	0	367	122	194	294	140	|
|106	20	339	143	401	220	317	224	473	391	207	163	245	425	467	255	492	262	296	367	90	308	350	341	100	367	0	272	188	377	232	|
|201	261	134	138	245	68	112	204	212	145	281	148	34	237	197	95	258	117	70	120	182	153	224	221	196	122	272	0	146	208	103	|
|85	170	270	65	371	145	136	69	354	291	136	27	113	374	307	77	308	77	206	195	117	270	337	159	89	194	188	146	0	337	54	|
|358	376	75	297	37	193	312	403	187	119	469	327	233	49	285	302	406	325	138	291	307	71	54	428	347	294	377	208	337	0	306	|
|135	215	235	92	342	125	85	101	304	247	182	72	73	339	253	23	260	34	170	141	150	245	315	142	136	140	232	103	54	306	0	|

--------------------------------------------------------------------------------
Building model...
	using lazy and cut (CVRPSEP package)
Solving IRP LP...
--------------------------------------------------------------------------------

Gurobi 9.1.0 (linux64) logging started Sat Jan 23 12:50:22 2021

Gurobi Optimizer version 9.1.0 build v9.1.0rc0 (linux64)
Thread count: 32 physical cores, 32 logical processors, using up to 2 threads
Optimize a model with 1567 rows, 6436 columns and 23359 nonzeros
Model fingerprint: 0xed4dfe6d
Variable types: 484 continuous, 5952 integer (372 binary)
Coefficient statistics:
  Matrix range     [1e+00, 6e+02]
  Objective range  [1e-01, 5e+02]
  Bounds range     [1e+00, 3e+02]
  RHS range        [1e+01, 4e+03]
Presolve removed 133 rows and 34 columns
Presolve time: 0.07s
Presolved: 1434 rows, 6402 columns, 22919 nonzeros
Variable types: 453 continuous, 5949 integer (5589 binary)

Root relaxation: objective 8.994719e+03, 1193 iterations, 0.06 seconds

    Nodes    |    Current Node    |     Objective Bounds      |     Work
 Expl Unexpl |  Obj  Depth IntInf | Incumbent    BestBd   Gap | It/Node Time

     0     0 8994.71908    0  103          - 8994.71908      -     -    0s
     0     0 9270.19479    0  119          - 9270.19479      -     -    0s
     0     0 9285.69072    0  116          - 9285.69072      -     -    0s
     0     0 9633.46391    0  170          - 9633.46391      -     -    0s
     0     0 9665.05447    0  185          - 9665.05447      -     -    0s
     0     0 9665.64597    0  189          - 9665.64597      -     -    1s
     0     0 9665.64597    0  189          - 9665.64597      -     -    1s
     0     0 9820.09707    0  222          - 9820.09707      -     -    1s
     0     0 9876.66216    0  241          - 9876.66216      -     -    1s
     0     0 9901.04827    0  271          - 9901.04827      -     -    1s
     0     0 9902.70479    0  278          - 9902.70479      -     -    1s
     0     0 9902.70552    0  298          - 9902.70552      -     -    1s
     0     0 9960.96381    0  250          - 9960.96381      -     -    2s
     0     0 9982.03109    0  280          - 9982.03109      -     -    2s
     0     0 9993.75272    0  308          - 9993.75272      -     -    2s
     0     0 9996.26978    0  303          - 9996.26978      -     -    3s
     0     0 9996.86536    0  297          - 9996.86536      -     -    3s
     0     0 10009.3601    0  271          - 10009.3601      -     -    3s
     0     0 10012.7075    0  309          - 10012.7075      -     -    3s
     0     0 10014.3467    0  319          - 10014.3467      -     -    3s
     0     0 10015.2730    0  311          - 10015.2730      -     -    3s
     0     0 10017.7388    0  349          - 10017.7388      -     -    3s
     0     0 10018.3263    0  336          - 10018.3263      -     -    4s
     0     2 10018.3472    0  336          - 10018.3472      -     -    4s
     1     4 10018.4017    1  388          - 10018.3472      -   613    5s
    70    73 10155.9599   23  206          - 10026.7040      -   307   10s
   145   156 10743.5750   44  246          - 10026.7040      -   302   15s
   232   256 11046.3344   71  260          - 10026.7040      -   258   20s
   429   432 11402.1730  100  175          - 10026.7040      -   179   25s
   516   519 12343.3063  131   93          - 10026.7040      -   185   30s
   699   743 14200.4241  240   84          - 10026.7040      -   161   35s
   786   754 11542.8681  106  160          - 10027.6667      -   158   40s
   808   769 10463.8563   33  455          - 10063.9655      -   154   45s
   827   781 12908.1474  184  444          - 10067.1595      -   150   50s
   850   798 10885.5087   52  412          - 10067.2580      -   159   55s
   857   803 12976.5008  181  404          - 10070.7166      -   158   60s
   860   808 10073.8664   28  353          - 10073.8520      -   167   65s
   878   817 10123.6259   32  299          - 10084.7975      -   170   70s
   921   847 10259.2004   41  231          - 10084.7975      -   181   75s
   968   881 10464.1882   49  216          - 10084.7975      -   189   80s
  1036   934 10638.0768   62  230          - 10084.7975      -   193   85s
  1123   996 10847.5808   72  218          - 10084.7975      -   191   90s
  1243  1080 10975.1940   92  176          - 10084.7975      -   187   96s
  1324  1144 11127.3726  104  210          - 10084.7975      -   185  100s
  1427  1213 11455.1062  121  172          - 10084.7975      -   181  105s
  1567  1329 11297.3916  140  191          - 10084.7975      -   173  112s
  1628  1382 11358.9210  144  194          - 10084.7975      -   170  115s
  1762  1474 11477.2410  153  181          - 10084.7975      -   163  121s
  1838  1547 11498.9118  159  178          - 10084.7975      -   159  125s
  1936  1560 11533.2214  165  177          - 10084.7975      -   154  133s
  1986  1648 11576.9189  170  209          - 10084.7975      -   152  136s
  2111  1681 11599.1333  176  198          - 10084.7975      -   145  140s
  2256  1686 11683.2321  194  184          - 10084.7975      -   142  146s
  2323  1733 11711.4073  212  200          - 10084.7975      -   144  151s
  2372  1773 11748.5498  227  212          - 10084.7975      -   146  155s
  2457  1845 11811.3772  247  204          - 10084.7975      -   147  162s
  2501  1871 11871.7699  259  179          - 10084.7975      -   147  165s
  2584  1921 12235.6564  278  147          - 10084.7975      -   146  170s
  2654  1965 12200.3987  295  162          - 10084.7975      -   148  176s
  2707  1995 12331.4879  308  140          - 10084.7975      -   149  181s
  2764  2035 12087.4636  321  228          - 10084.7975      -   151  187s
  2828  2072 12166.8208  338  200          - 10084.7975      -   153  192s
  2854  2103 12224.8348  343  226          - 10084.7975      -   154  195s
  2938  2154 12920.0653  361  115          - 10084.7975      -   154  204s
  2977  2196 12561.7658  372  181          - 10084.7975      -   155  207s
  3032  2242 12675.1491  387  202          - 10084.7975      -   155  211s
  3098  2294 12893.0237  401  209          - 10084.7975      -   155  215s
  3184  2335 13927.8541  419  164          - 10084.7975      -   154  220s
  3274  2389 14245.1859  442  161          - 10085.4126      -   153  226s
  3375  2458 10171.1259   31  291          - 10085.4126      -   152  232s
  3446  2546 10213.2504   39  284          - 10085.4126      -   152  238s
  3536  2680 10380.3686   45  262          - 10085.4126      -   151  246s
  3672  2921 10416.2994   50  240          - 10085.4126      -   149  261s
  3916  2932 14833.3218  566   24          - 10085.4126      -   142  265s
  3959  2968 10414.7619   62  211          - 10085.4126      -   141  270s
  4007  3006 10564.1380   76  133          - 10085.4126      -   142  275s
  4047  3046 10753.9710   97  122          - 10085.4126      -   143  280s
  4089  3117 10999.3077  110  122          - 10085.4126      -   144  286s
  4160  3210 11319.2124  133  164          - 10085.4126      -   145  293s
  4253  3322 11774.9226  182  109          - 10085.4126      -   144  301s
  4367  3533 12123.8502  221   94          - 10095.5856      -   143  311s
  4634  3614 10196.4982   32  320          - 10095.5856      -   138  320s
  4696  3697 10305.2174   38  240          - 10095.5856      -   139  327s
  4781  3840 10501.7870   44  181          - 10095.5856      -   138  336s
  4926  3962 10726.7458   57  173          - 10095.5856      -   137  345s
  5066  4043 10819.7792   67  155          - 10095.5856      -   136  354s
  5096  4043 10889.9950   91  183          - 10095.5856      -   135  355s
  5147  4144 10975.0082  120  207          - 10095.5856      -   136  363s
  5237  4144 11124.6619  194  214          - 10095.5856      -   135  365s
  5248  4218 11129.7137  197  210          - 10095.5856      -   135  373s
  5322  4390 11868.1240  243  135          - 10095.5856      -   136  383s
  5412  4390 11882.2698  323   98          - 10095.5856      -   134  385s
  5494  4587 12142.6223  391  110          - 10095.5856      -   134  397s
  5646  4587 12850.7091  465  101          - 10095.5856      -   132  400s
  5695  4632 12881.0088  471  100          - 10123.6520      -   132  408s
  5760  4704 10320.1092   35  361          - 10123.6520      -   133  417s
  5832  4800 10391.5769   43  258          - 10123.6520      -   134  429s
  5882  4800 10686.8749  107   43          - 10123.6520      -   135  430s
  5928  4969 10485.8556   48  154          - 10123.6520      -   134  442s
  6097  5175 10922.4949   70  147          - 10123.6520      -   134  455s
  6313  5442 11078.8054  133  175          - 10123.6520      -   132  470s
  6635  5738 11369.9265  262   83          - 10123.6520      -   128  486s
  6916  6037 13467.6343  370   40          - 10125.3156      -   127  502s
  7269  6096 10360.2390   42  288          - 10125.3156      -   123  515s
  7325  6402 10470.8914   53  233          - 10125.3156      -   125  528s
  7477  6402 10556.3915  148   84          - 10125.3156      -   125  530s
  7650  6514 10774.6064   70  140          - 10125.3156      -   122  543s
  7762  6650 11682.3964  129  157          - 10125.3156      -   123  559s
  7795  6650 11756.8910  145  136          - 10125.3156      -   124  560s
  7900  6917 11945.4931  201   61          - 10149.6272      -   124  573s
  7991  6917 12315.5842  246   74          - 10149.6272      -   123  575s
  8197  7125 10260.9546   38  382          - 10149.6272      -   122  588s
  8340  7125 11577.1777  195   78          - 10149.6272      -   122  590s
  8431  7161 10439.0583   44  275          - 10149.6272      -   121  599s
  8467  7395 10441.4549   50  262          - 10149.6272      -   122  612s
  8670  7396 11563.5383  165   29          - 10149.6272      -   122  615s
  8717  7456 10669.7663   58  331          - 10149.6272      -   121  625s
  8788  7571 10937.6263   93   53          - 10149.6272      -   122  638s
  8903  7840 11031.1148  133   72          - 10156.6546      -   123  652s
  9200  7978 10326.4374   39  286          - 10156.6546      -   121  665s
  9357  8013 10707.9294   64   88          - 10158.1287      -   122  675s
  9410  8108 10306.4134   39  303          - 10158.1287      -   123  686s
  9507  8304 10550.1007   46  223          - 10158.1287      -   124  699s
  9538  8304 10846.4155   62  112          - 10158.1287      -   125  700s
  9707  8447 10912.0273   63  129          - 10158.1287      -   125  719s
  9767  8447 11288.4536   97   61          - 10158.1287      -   124  720s
  9878  8541 11904.3881  137   79          - 10162.9595      -   124  732s
 10001  8597 10569.7670   38  313          - 10162.9595      -   125  743s
 10062  8843 10612.5785   44  252          - 10162.9595      -   126  758s
 10192  8843 11075.3514  146   37          - 10162.9595      -   126  760s
 10373  9052 10949.0225   65  135          - 10162.9595      -   125  774s
 10433  9052 11142.5311  102   57          - 10162.9595      -   125  775s
 10559  9285 infeasible  161               - 10166.0851      -   125  790s
 10838  9367 10362.3217   39  269          - 10169.5128      -   124  803s
 10919  9602 10562.6650   46  251          - 10169.5128      -   125  818s
 11031  9602 11036.2720  109   67          - 10169.5128      -   125  820s
 11197  9805 10978.1271   76  106          - 10173.0866      -   124  836s
 11454 10133 10379.0387   38  352          - 10173.0866      -   124  854s
 11539 10133 10859.4755   95   42          - 10173.0866      -   124  855s
 11777 10384 10713.7072   59  152          - 10173.0866      -   122  871s
 12066 10564 11076.2583  114   40          - 10173.7345      -   121  886s
 12261 10603 10270.2842   41  309          - 10173.7345      -   121  897s
 12300 10643 10487.8689   46  244          - 10173.7345      -   122  906s
 12340 10710 10741.7317   55  243          - 10173.7345      -   123  914s
 12382 10710 10734.4586   63  275          - 10173.7345      -   123  915s
 12407 11002 10941.5046   81  149          - 10173.7345      -   124  928s
 12595 11002 11553.8463  165   47          - 10173.7345      -   123  930s
 12703 11141 11507.1106  107  142          - 10173.7345      -   123  948s
 12851 11296 12005.7141  145  108          - 10175.2517      -   123  960s
 13090 11393 10477.9342   44  286          - 10175.2517      -   122  973s
 13152 11661 10767.2051   50  209          - 10175.2517      -   123  988s
 13528 11721 10735.5054   51  235          - 10175.2517      -   122 1002s
 13568 11840 10895.4201   63  205          - 10175.2517      -   123 1014s
 13599 11840 11037.0359   78   54          - 10175.2517      -   123 1015s
 13691 12001 11204.4699  116   86          - 10175.2517      -   123 1085s
 13853 12378 11677.6214  155   42          - 10176.6773      -   123 1103s
 14009 12380 13594.1863  229   10          - 10176.6773      -   123 1105s
 14389 12645 10422.4408   42  256          - 10177.0798      -   121 1122s
 14570 12650 11408.8288  108   14          - 10177.0798      -   121 1125s
 14622 12831 10850.1650   58   92          - 10180.1127      -   121 1137s
 14834 12949 10561.8652   45  233          - 10181.4415      -   121 1150s
 14945 13066 11125.0770   99   17          - 10186.0293      -   122 1162s
 15091 13276 10437.9712   46  377          - 10186.0293      -   122 1178s
 15227 13276 11686.0023  165   76          - 10186.0293      -   122 1180s
 15316 13314 10603.9435   52  312          - 10186.0293      -   122 1191s
 15354 13450 10750.4780   56  315          - 10186.0293      -   123 1204s
 15490 13981 10886.4925   67  268          - 10190.2206      -   123 1225s
 15855 14017 14190.3432  269   23          - 10190.2206      -   121 1230s
 16174 14080 10409.4648   36  282          - 10190.4992      -   120 1243s
 16217 14280 10869.1861   53  173          - 10190.9073      -   121 1256s
 16450 14561 10439.4556   37  348          - 10190.9073      -   121 1273s
 16606 14561 11368.1564  151   54          - 10190.9073      -   121 1275s
 16757 14911 11008.4959   56  131          - 10191.5309      -   121 1293s
 16878 14911 11534.5254  131   51          - 10191.5309      -   120 1295s
 17156 15032 10299.7398   32  352          - 10191.5309      -   119 1310s
 17277 15234 10471.8292   43  344          - 10191.5309      -   120 1325s
 17547 15659 10877.0363   59  170          - 10191.7406      -   119 1345s
 17877 15659 12175.3674  280   42          - 10191.7406      -   118 1350s
 18010 15766 10273.5429   43  300          - 10191.7406      -   118 1363s
 18102 15984 10575.0055   53  208          - 10191.7406      -   118 1378s
 18214 15984 11403.9498  166   41          - 10191.7406      -   118 1380s
 18343 16207 11012.2444   62  182          - 10192.0485      -   118 1393s
 18496 16210 12436.3733  191   22          - 10192.0485      -   117 1395s
 18624 16382 10690.0750   37  289          - 10192.0485      -   117 1410s
 18790 16448 10897.5847   44  232          - 10192.0485      -   117 1423s
 18856 16710 11171.0838   77   44          - 10192.6862      -   118 1437s
 19067 16710 13040.8043  239   28          - 10192.6862      -   117 1440s
 19168 16776 10499.8981   43  300          - 10192.6862      -   117 1451s
 19217 17009 10662.2251   51  253          - 10192.6862      -   118 1467s
 19477 17027 12115.9800  199    -          - 10192.6862      -   117 1470s
 19511 17246 11084.6190   76  112          - 10196.7504      -   117 1484s
 19541 17246 11284.6706   93   76          - 10196.7504      -   117 1485s
 19783 17377 10489.3884   40  239          - 10196.7504      -   117 1498s
 19891 17655 11114.9087   68   87          - 10196.8103      -   117 1513s
 20078 17664 13302.5100  177    -          - 10196.8103      -   117 1515s
 20300 17790 10719.0644   51  379          - 10199.0661      -   116 1529s
 20390 18108 11061.8135   61  139          - 10200.6684      -   117 1546s
 20771 18167 10391.8630   36  377          - 10201.3735      -   116 1560s
 20813 18217 10762.7089   48  279          - 10201.3735      -   116 1571s
 20865 18313 10943.2262   57  253          - 10201.3735      -   117 1583s
 20975 18913 11324.7855   65   77          - 10201.3735      -   118 1600s
 21390 18920 11194.6424  123   33          - 10201.3735      -   117 1605s
 21646 18976 13437.9300  181    -          - 10203.3740      -   116 1617s
 21713 19075 10389.5417   47  311          - 10203.3740      -   116 1629s
 21807 19303 10662.2572   57  200          - 10203.3740      -   117 1645s
 22081 19605 11048.3199   80  130          - 10203.8107      -   116 1662s
 22354 19610 13380.8135  216   10          - 10203.8107      -   116 1665s
 22408 19892 10339.0122   39  339          - 10203.8107      -   116 1681s
 22681 19981 10403.9128   44  335          - 10203.8107      -   116 1695s
 22823 20071 10550.1611   50  297          - 10203.8107      -   116 1707s
 22894 20354 10847.2333   72  133          - 10205.6076      -   116 1721s
 23275 20705 10647.0911   46  232          - 10206.2624      -   115 1740s
 23679 20852 10970.1411   66   55          - 10206.8778      -   115 1756s
 23828 21072 10507.2813   46  387          - 10206.8778      -   115 1769s
 23860 21072 11011.0655   59   80          - 10206.8778      -   115 1770s
 24042 21408 11017.3689   60   75          - 10207.4639      -   115 1787s
 24317 21423 13001.8300  194    6          - 10207.4639      -   114 1790s
 24476 21490 10510.4055   36  283          - 10207.4639      -   114 1801s
 24527 21526 10902.6185   52  158          - 10208.2363      -   114 1811s
 24579 21850 10587.8192   40  329          - 10208.2363      -   115 1827s
 24801 21854 12444.4739  151   48          - 10208.2363      -   115 1830s
 24961 21992 10968.5821   61   43          - 10210.8036      -   115 1843s
 25109 22076 10581.7328   46  251          - 10210.8036      -   115 1854s
 25188 22218 10929.5671   55  187          - 10210.8036      -   115 1865s
 25351 22300 infeasible  127               - 10211.5561      -   115 1878s
 25449 22351 10436.8310   44  370          - 10211.5561      -   116 1888s
 25500 22522 10844.1324   61   56          - 10211.7087      -   116 1904s
 25560 22522 11051.5067   96   16          - 10211.7087      -   116 1905s
 25715 22794 11269.5902  103   23          - 10212.5291      -   116 1922s
 25958 22816 13450.8900  240    -          - 10212.5291      -   115 1925s
 26063 23038 10453.7708   40  334          - 10212.5291      -   116 1941s
 26362 23150 10811.2025   51  210          - 10212.5291      -   115 1954s
 26393 23150 11244.5227   65  156          - 10212.5291      -   115 1955s
 26427 23394 11239.4886   72  110          - 10213.1170      -   116 1969s
 26487 23394 11661.8548  106   28          - 10213.1170      -   116 1970s
 26723 23660 10497.5791   39  304          - 10213.1170      -   115 1987s
 26887 23660 13234.4371  180   41          - 10213.1170      -   115 1990s
 27013 23712 10674.3719   46  267          - 10213.1170      -   115 2001s
 27059 23867 10955.8157   62  217          - 10213.1170      -   115 2014s
 27119 23867 11083.8742  113   89          - 10213.1170      -   115 2015s
 27214 24347 11628.1219  153   30          - 10215.9897      -   116 2036s
 27529 24364 11964.3805  158    6          - 10217.1125      -   115 2040s
 27941 24482 10345.1658   46  365          - 10217.1125      -   114 2054s
 27972 24526 10654.6972   53  181          - 10217.1125      -   114 2063s
 28016 24632 10998.2448   69   52          - 10217.1125      -   115 2074s
 28076 24632 11251.6987  110   81          - 10217.1125      -   115 2075s
 28122 24839 11355.7051  127   71          - 10218.6668      -   115 2088s
 28376 24988 10491.0490   42  275          - 10218.6668      -   115 2103s
 28557 25060 10641.6881   57  297          - 10218.6668      -   115 2114s
 28614 25337 10967.2828   69  170          - 10221.5630      -   115 2130s
 29016 25414 10491.9320   47  274          - 10221.7222      -   115 2144s
 29078 25503 10712.5660   62  252          - 10221.7222      -   115 2154s
 29122 25503 11185.2513   88  105          - 10221.7222      -   115 2155s
 29150 25716 11187.5295   97   49          - 10221.7222      -   115 2167s
 29330 25716 12729.4936  184   42          - 10221.7222      -   115 2170s
 29364 25972 12796.5777  192   47          - 10223.3262      -   115 2183s
 29486 25972 13569.0151  278   36          - 10223.3262      -   115 2185s
 29640 26124 10466.7696   45  369          - 10223.3262      -   115 2198s
 29781 26124 12122.2680  153   45          - 10223.3262      -   115 2200s
 29810 26211 10795.0712   53  220          - 10223.3262      -   115 2211s
 29897 26526 10972.0627  100  120          - 10224.5091      -   116 2225s
 30269 26665 10485.3008   47  306          - 10224.5091      -   115 2242s
 30394 26847 11058.0739   65   74          - 10232.3946      -   115 2256s
 30584 26927 10473.1219   43  299          - 10232.3946      -   115 2270s
 30685 27041 10641.7748   51  245          - 10232.3946      -   116 2282s
 30787 27308 11188.0043  100  125          - 10233.3661      -   116 2296s
 31094 27626 10412.2513   47  280          - 10233.3661      -   115 2315s
 31451 27848 11055.0561   84    4          - 10234.0816      -   115 2332s
 31662 27863 13072.6566  196   10          - 10234.0816      -   114 2335s
 31709 28041 11215.7083   84   97          - 10234.2945      -   115 2347s
 31901 28122 10586.4201   44  306          - 10234.2945      -   115 2360s
 31998 28217 10750.5393   54  219          - 10234.2945      -   115 2371s
 32086 28343 11129.1241   98   81          - 10235.3867      -   115 2383s
 32247 28493 10599.5881   46  290          - 10235.3867      -   115 2398s
 32394 28500 11919.3000  144   10          - 10235.3867      -   115 2400s
 32424 28739 10831.5897   59  153          - 10235.3867      -   115 2413s
 32522 28739 12661.4895  152   30          - 10235.3867      -   115 2415s
 32735 28953 11390.9649  103  115          - 10237.8411      -   115 2431s
 32955 29151 10508.6011   48  302          - 10237.8411      -   115 2448s
 33097 29154 12104.0963  139    8          - 10237.8411      -   115 2450s
 33204 29231 10760.1502   55  140          - 10237.8411      -   115 2461s
 33265 29334 11109.6433   79  147          - 10237.8411      -   115 2473s
 33368 29642 11685.8355  122  112          - 10239.4257      -   115 2489s
 33466 29642 11147.0557   80   71          - 10239.6708      -   115 2490s
 33814 29724 10531.4648   45  365          - 10239.6708      -   114 2505s
 33846 29931 10884.9145   56  137          - 10240.3130      -   115 2521s
 34091 30098 10332.9814   42  404          - 10240.3130      -   114 2538s
 34193 30099 11785.6313  122    9          - 10240.3130      -   115 2540s
 34293 30152 10630.8980   49  192          - 10240.3130      -   114 2551s
 34325 30201 10651.2718   55  220          - 10240.3130      -   115 2562s
 34374 30310 10882.4242   66  162          - 10241.2966      -   115 2575s
 34493 30464 10315.1559   34  382          - 10241.2966      -   115 2590s
 34690 30500 10483.1090   42  431          - 10241.2966      -   115 2602s
 34717 30562 10712.9911   54  201          - 10241.2966      -   115 2614s
 34747 30562 10994.5460   67  113          - 10241.2966      -   116 2615s
 34779 30899 11180.6676   76   14          - 10241.7994      -   116 2635s
 35227 31136 10444.9415   45  320          - 10241.7994      -   115 2657s
 35455 31149 13925.8200  218    2          - 10241.7994      -   115 2660s
 35499 31206 10544.9099   51  254          - 10241.7994      -   115 2671s
 35536 31354 10934.5493   60  164          - 10241.7994      -   115 2684s
 35566 31354 11243.4803   75   16          - 10241.7994      -   115 2685s
 35686 31583 11738.3762  129   84          - 10242.1312      -   115 2707s
 35884 31586 11535.8700  159    -          - 10242.2358      -   115 2710s
 35967 31664 10718.0351   43  239          - 10242.2358      -   115 2723s
 36042 31840 11021.0663   85   98          - 10242.4265      -   115 2740s
 36277 31948 10579.5494   45  336          - 10242.4265      -   115 2755s
 36370 32122 10837.9320   53  272          - 10242.4265      -   115 2770s
 36543 32306 11526.9935   80   90          - 10242.6341      -   115 2787s
 36755 32331 12378.9157  203   12          - 10242.6341      -   115 2790s
 36827 32412 10757.7711   46  173          - 10242.6352      -   115 2802s
 36905 32832 11171.6913   62   86          - 10242.9661      -   116 2823s
 37025 32833 11726.1007  140   46          - 10242.9661      -   115 2825s
 37391 32901 10547.5691   36  371          - 10243.4378      -   115 2840s
 37442 33023 10806.4596   52  274          - 10243.4378      -   115 2852s
 37582 33262 11198.6260  121   93          - 10245.9999      -   115 2870s
 37862 33367 10482.5078   48  421          - 10245.9999      -   115 2887s
 37951 33553 10702.1858   59  327          - 10245.9999      -   115 2904s
 38005 33553 11103.6246  108   15          - 10245.9999      -   115 2905s
 38174 33619 10910.5778   74  226          - 10245.9999      -   115 2918s
 38230 33892 11308.3642   95  104          - 10246.6199      -   116 2935s
 38614 33998 10458.8274   41  349          - 10246.6199      -   115 2953s
 38750 34055 10735.4844   48  235          - 10246.6199      -   115 2964s
 38807 34236 11092.7233   63   87          - 10248.2023      -   116 2979s
 38867 34236 11367.2271   95    4          - 10248.2023      -   116 2980s
 39001 34348 10350.1514   36  434          - 10248.2023      -   116 2993s
 39133 34439 10649.4875   44  208          - 10248.2023      -   116 3006s
 39224 34735 10932.4622   59  142          - 10248.2023      -   116 3021s
 39491 34736 11715.6186  114   25          - 10248.2023      -   116 3025s
 39546 34847 11836.6005  201   18          - 10249.4157      -   116 3037s
 39700 34973 10766.3966   50  152          - 10249.4157      -   116 3051s
 39813 35164 11695.6727   79   47          - 10250.6140      -   116 3066s
 40037 35426 10648.5699   38  235          - 10250.6140      -   116 3085s
 40287 35617 10885.6598   50  109          - 10251.0832      -   116 3102s
 40519 35634 10432.2005   40  442          - 10251.7491      -   116 3105s
 40530 35676 11328.9406   81   57          - 10252.6070      -   116 3116s
 40614 35866 10626.6116   50  311          - 10252.6070      -   116 3132s
 40791 36163 11115.6173   63  153          - 10252.6070      -   116 3150s
 41159 36385 12110.1835  107   55          - 10253.1825      -   116 3168s
 41281 36385 13671.2721  165   37          - 10253.1825      -   115 3170s
 41406 36605 10631.3367   47  273          - 10253.1825      -   116 3185s
 41635 36711 11326.2512   77   87          - 10253.4450      -   115 3200s
 41769 36759 10723.9469   46  216          - 10253.4450      -   116 3211s
 41817 37125 11176.7850   67  105          - 10257.0892      -   116 3225s
 42258 37190 10673.1910   44  368          - 10257.8597      -   115 3239s
 42300 37312 10917.1540   62   36          - 10257.8597      -   115 3250s
 42427 37449 11458.6790  101   35          - 10257.9382      -   116 3265s
 42664 37519 10412.3422   42  347          - 10257.9480      -   116 3277s
 42696 37600 10605.2682   48  303          - 10257.9480      -   116 3288s
 42777 37826 11213.8053   65  153          - 10259.2494      -   116 3305s
 43067 37894 10610.9167   41  245          - 10260.0083      -   116 3319s
 43123 38075 10877.2702   60   46          - 10260.9631      -   116 3333s
 43354 38231 11284.6376   67   59          - 10260.9657      -   116 3351s
 43579 38295 10469.1497   43  339          - 10260.9756      -   116 3364s
 43605 38295 10499.6551   46  388          - 10260.9756      -   116 3365s
 43619 38492 10926.3255   55  108          - 10260.9756      -   116 3381s
 43858 38545 11312.9904   68   37          - 10260.9773      -   116 3397s
 43957 38827 10533.5791   47  357          - 10260.9773      -   116 3417s
 44154 38850 12514.8741  186   17          - 10260.9773      -   116 3420s
 44351 39021 10829.2324   55  201          - 10264.0998      -   116 3438s
 44534 39044 12646.4900  156    -          - 10264.0998      -   116 3440s
 44569 39097 10383.9618   37  256          - 10264.0998      -   116 3451s
 44610 39207 10765.9267   54  202          - 10264.0998      -   116 3463s
 44724 39304 11448.6510   91   29          - 10264.3404      -   116 3476s
 44849 39670 11643.4499   93   66          - 10265.4317      -   116 3497s
 45096 39691 12890.8757  162    8          - 10266.0684      -   116 3500s
 45275 39777 10768.0278   45  174          - 10266.0684      -   116 3513s
 45359 40126 11233.1715   71  108          - 10266.0695      -   116 3532s
 45539 40127 11733.4268  170   36          - 10266.0695      -   116 3535s
 45823 40231 10527.2385   43  363          - 10266.0695      -   115 3549s
 45873 40458 10747.7749   53  306          - 10266.0695      -   116 3566s
 46146 40576 11115.3045   75  216          - 10266.0695      -   116 3584s
 46253 40819 11797.1943  130   61          - 10266.6734      -   116 3600s

Cutting planes:
  User: 4622
  Gomory: 27
  Cover: 323
  Implied bound: 53
  Clique: 2
  MIR: 125
  Flow cover: 285
  Zero half: 12
  RLT: 256
  Relax-and-lift: 6
  Lazy constraints: 3348

Explored 46558 nodes (5381675 simplex iterations) in 3603.45 seconds
Thread count was 2 (of 32 available processors)

Solution count 0

Time limit reached
Best objective -, best bound 1.026667341830e+04, gap -

User-callback calls 487398, time in user-callback 307.39 sec
================================================================================
executing instance: ./input/Instances/Original/3/absH3high_5n20.dat
--------------------------------------------------------------------------------
Instance details
n	21
H	3
C	1734
Li:
[0, 0, 0, 0, 0, 0, 0, 0, 0, 0, 0, 0, 0, 0, 0, 0, 0, 0, 0, 0, 0, ]
Ui:
[0, 40, 237, 68, 194, 144, 207, 114, 118, 207, 120, 72, 128, 48, 102, 237, 261, 135, 84, 184, 142, ]
Distance matrix:
|0	408	254	408	305	286	284	573	384	380	400	384	552	461	243	577	274	285	345	92	431	|
|408	0	189	21	111	218	178	168	182	283	211	86	158	222	191	168	136	320	219	318	87	|
|254	189	0	198	81	230	31	354	276	174	157	136	307	348	158	348	110	313	275	180	183	|
|408	21	198	0	118	204	190	165	163	302	230	105	169	202	184	170	134	306	202	317	107	|
|305	111	81	118	0	188	80	278	209	221	172	86	247	276	129	276	61	285	220	218	130	|
|286	218	230	204	188	0	249	342	102	401	360	260	373	176	73	360	128	103	60	202	290	|
|284	178	31	190	80	249	0	339	286	151	127	114	284	355	180	330	124	337	290	211	160	|
|573	168	354	165	278	342	339	0	262	411	330	229	118	248	342	37	298	434	316	482	194	|
|384	182	276	163	209	102	286	262	0	429	372	252	319	79	149	287	167	174	55	297	268	|
|380	283	174	302	221	401	151	411	429	0	82	197	318	491	331	390	274	488	439	331	219	|
|400	211	157	230	172	360	127	330	372	82	0	125	237	427	297	308	232	455	390	335	139	|
|384	86	136	105	86	260	114	229	252	197	125	0	171	303	210	217	143	361	278	301	47	|
|552	158	307	169	247	373	284	118	319	318	237	171	0	331	349	84	289	474	366	465	124	|
|461	222	348	202	276	176	355	248	79	491	427	303	331	0	228	279	241	226	119	375	308	|
|243	191	158	184	129	73	180	342	149	331	297	210	349	228	0	352	68	159	127	152	248	|
|577	168	348	170	276	360	330	37	287	390	308	217	84	279	352	0	303	455	339	486	177	|
|274	136	110	134	61	128	124	298	167	274	232	143	289	241	68	303	0	224	166	183	182	|
|285	320	313	306	285	103	337	434	174	488	455	361	474	226	159	455	224	0	119	224	393	|
