




arguments: ./build/mirp_solver -f ./input/orig_exec_318.cfg
Current dir: /scratch/gui/bnc_mirp
File verbosity level: 9
date       time         ( uptime  ) [ thread name/id ]                   file:line     v| 
2021-01-18 01:59:48.834 (   2.726s) [main thread     ]             loguru.cpp:789   INFO| Logging to './output/vi_hc2/OU/V4/Original/execution_18_01_2021_01_59_48.log', mode: 'a', verbosity: 9
--------------------------------------------------------------------------------
Parameters
                           instance_path           ./input/Instances/Original/1/
                            model_policy                                       1
                             nb_vehicles                                       4
                              output_dir         ./output/vi_hc2/OU/V4/Original/
                            sec_strategy                                       1
                       solver_nb_threads                                       2
                         solver_show_log                                    true
                       solver_time_limit                                    3600
                              use_vi_cos                                   false
                              use_vi_cus                                   false
                         use_vi_hc1_full                                   false
                         use_vi_hc1_half                                   false
                      use_vi_hc1_quarter                                   false
                              use_vi_hc2                                    true
                              use_vi_hc3                                   false
                         use_vi_lex_full                                   false
                         use_vi_lex_half                                   false
                      use_vi_lex_quarter                                   false
                              use_vi_qua                                   false
                               use_vi_vc                                   false
                               use_vi_vr                                   false
--------------------------------------------------------------------------------
executing instance: ./input/Instances/Original/1/absH3high_1n5.dat
--------------------------------------------------------------------------------
Instance details
n	6
H	3
C	289
Li:
[0, 0, 0, 0, 0, 0, ]
Ui:
[0, 195, 105, 116, 72, 22, ]
Distance matrix:
|0	85	349	17	203	289	|
|85	0	265	102	214	226	|
|349	265	0	366	368	238	|
|17	102	366	0	207	302	|
|203	214	368	207	0	431	|
|289	226	238	302	431	0	|

--------------------------------------------------------------------------------
Building model...
	using lazy and cut (CVRPSEP package)
Solving IRP LP...
--------------------------------------------------------------------------------

Gurobi 9.1.0 (linux64) logging started Mon Jan 18 01:59:48 2021

Gurobi Optimizer version 9.1.0 build v9.1.0rc0 (linux64)
Thread count: 32 physical cores, 32 logical processors, using up to 2 threads
Optimize a model with 267 rows, 336 columns and 1284 nonzeros
Model fingerprint: 0x913c9f84
Variable types: 84 continuous, 252 integer (72 binary)
Coefficient statistics:
  Matrix range     [1e+00, 2e+02]
  Objective range  [2e-01, 4e+02]
  Bounds range     [1e+00, 2e+02]
  RHS range        [1e+01, 5e+02]
Presolve removed 33 rows and 13 columns
Presolve time: 0.01s
Presolved: 234 rows, 323 columns, 1136 nonzeros
Variable types: 78 continuous, 245 integer (185 binary)
Found heuristic solution: objective 4063.5200000
Found heuristic solution: objective 3913.0800000

Root relaxation: objective 1.817850e+03, 352 iterations, 0.01 seconds

    Nodes    |    Current Node    |     Objective Bounds      |     Work
 Expl Unexpl |  Obj  Depth IntInf | Incumbent    BestBd   Gap | It/Node Time

     0     0 1817.85045    0   36 3913.08000 1817.85045  53.5%     -    0s
     0     0 1959.71375    0   54 3913.08000 1959.71375  49.9%     -    0s
H    0     0                    2923.0700000 1959.71375  33.0%     -    0s
     0     0 2269.13836    0   85 2923.07000 2269.13836  22.4%     -    0s
     0     0 2276.57461    0   94 2923.07000 2276.57461  22.1%     -    0s
     0     0 2278.12992    0   94 2923.07000 2278.12992  22.1%     -    0s
     0     0 2278.24619    0   98 2923.07000 2278.24619  22.1%     -    0s
     0     0 2386.65273    0   85 2923.07000 2386.65273  18.4%     -    0s
H    0     0                    2885.6500000 2386.65273  17.3%     -    0s
     0     0 2393.05487    0   93 2885.65000 2393.05487  17.1%     -    0s
     0     0 2393.06389    0  103 2885.65000 2393.06389  17.1%     -    0s
     0     0 2441.38878    0   89 2885.65000 2441.38878  15.4%     -    0s
     0     0 2443.38567    0   79 2885.65000 2443.38567  15.3%     -    0s
     0     0 2443.57142    0   82 2885.65000 2443.57142  15.3%     -    0s
     0     0 2472.99939    0  108 2885.65000 2472.99939  14.3%     -    0s
H    0     0                    2703.3300000 2472.99939  8.52%     -    0s
     0     0 2478.42595    0  122 2703.33000 2478.42595  8.32%     -    0s
     0     0 2479.77804    0  120 2703.33000 2479.77804  8.27%     -    0s
     0     0 2489.85149    0  118 2703.33000 2489.85149  7.90%     -    0s
     0     0 2490.13182    0  119 2703.33000 2490.13182  7.89%     -    0s
     0     0 2497.47325    0  120 2703.33000 2497.47325  7.61%     -    0s
     0     0 2499.18179    0  127 2703.33000 2499.18179  7.55%     -    0s
     0     0 2499.25055    0  135 2703.33000 2499.25055  7.55%     -    0s
     0     0 2502.31578    0  136 2703.33000 2502.31578  7.44%     -    0s
     0     0 2502.67603    0  118 2703.33000 2502.67603  7.42%     -    0s
     0     2 2502.70203    0  122 2703.33000 2502.70203  7.42%     -    0s

Cutting planes:
  User: 28
  Cover: 39
  Implied bound: 6
  Clique: 4
  MIR: 54
  StrongCG: 1
  Flow cover: 57
  Mod-K: 1
  RLT: 62
  Relax-and-lift: 5

Explored 66 nodes (4093 simplex iterations) in 0.42 seconds
Thread count was 2 (of 32 available processors)

Solution count 5: 2703.33 2885.65 2923.07 ... 4063.52

Optimal solution found (tolerance 1.00e-04)
Best objective 2.703330000000e+03, best bound 2.703330000000e+03, gap 0.0000%

User-callback calls 447, time in user-callback 0.03 sec
================================================================================
executing instance: ./input/Instances/Original/1/absH3high_1n45.dat
--------------------------------------------------------------------------------
Instance details
n	46
H	3
C	3462
Li:
[0, 0, 0, 0, 0, 0, 0, 0, 0, 0, 0, 0, 0, 0, 0, 0, 0, 0, 0, 0, 0, 0, 0, 0, 0, 0, 0, 0, 0, 0, 0, 0, 0, 0, 0, 0, 0, 0, 0, 0, 0, 0, 0, 0, 0, 0, ]
Ui:
[0, 273, 270, 36, 165, 192, 148, 45, 30, 75, 180, 198, 112, 117, 90, 64, 180, 22, 264, 174, 168, 270, 86, 66, 26, 66, 237, 156, 92, 108, 144, 72, 30, 45, 94, 54, 174, 96, 198, 136, 44, 180, 210, 249, 198, 48, ]
Distance matrix:
|0	281	201	160	249	201	93	431	236	139	252	136	116	166	390	110	349	374	303	180	327	464	236	70	44	461	346	439	363	254	312	426	305	206	71	137	169	200	247	260	20	219	256	253	460	278	|
|281	0	448	170	53	142	338	184	121	290	371	390	222	302	111	289	169	434	230	177	238	441	59	212	319	211	86	235	399	306	53	176	99	202	263	157	361	101	370	201	264	344	364	374	469	184	|
|201	448	0	285	430	325	114	556	361	171	191	64	228	174	546	294	453	306	364	289	388	435	393	254	157	585	491	536	318	254	490	554	436	407	266	292	108	388	186	337	207	181	205	190	408	364	|
|160	170	285	0	169	43	182	280	80	120	208	231	58	132	262	230	190	294	151	24	174	345	112	107	183	309	207	280	268	158	219	276	155	235	187	45	192	150	205	107	140	177	202	210	356	119	|
|249	53	430	169	0	152	317	238	145	282	377	369	212	299	157	242	215	452	261	183	273	474	76	181	290	264	140	287	421	320	63	229	145	148	221	142	352	53	374	226	234	346	370	378	498	215	|
|201	142	325	43	152	0	224	237	37	156	230	273	101	164	224	261	148	300	127	38	147	333	83	142	225	266	167	238	270	168	193	233	112	246	221	70	228	148	228	84	180	202	222	232	351	87	|
|93	338	114	182	317	224	0	460	262	92	180	52	124	112	440	199	364	307	292	191	317	415	284	140	57	490	387	452	304	208	377	457	336	297	163	181	84	274	175	256	95	152	188	180	402	280	|
|431	184	556	280	238	237	460	0	199	385	420	508	337	385	108	464	110	429	219	269	206	378	202	365	460	30	98	84	388	340	204	9	126	386	432	294	453	283	421	226	411	404	408	423	422	198	|
|236	121	361	80	145	37	262	199	0	191	255	310	138	197	191	290	114	312	118	72	133	330	69	175	262	229	132	204	279	186	174	195	75	258	251	102	262	153	254	81	216	230	246	257	353	72	|
|139	290	171	120	282	156	92	385	191	0	116	129	71	27	380	246	283	235	201	119	226	329	231	141	129	414	323	367	224	119	336	383	266	308	202	141	72	252	112	169	127	82	118	117	322	195	|
|252	371	191	208	377	230	180	420	255	116	0	187	178	90	443	361	311	127	204	195	224	246	313	257	232	446	382	380	129	81	423	421	320	422	318	242	100	355	5	195	241	34	15	2	225	224	|
|136	390	64	231	369	273	52	508	310	129	187	0	173	141	491	233	409	313	330	239	355	431	335	191	93	538	438	495	316	233	429	505	385	342	203	233	88	325	182	297	143	167	199	187	412	323	|
|116	222	228	58	212	101	124	337	138	71	178	173	0	91	319	206	244	284	187	69	212	357	165	85	130	367	265	333	264	151	267	333	213	244	161	70	140	181	175	145	97	145	177	180	359	165	|
|166	302	174	132	299	164	112	385	197	27	90	141	91	0	388	273	280	208	191	127	215	305	243	167	153	413	329	361	198	96	351	383	270	333	229	159	68	272	86	163	153	56	92	91	296	190	|
|390	111	546	262	157	224	440	108	191	380	443	491	319	388	0	399	164	480	264	261	261	456	156	320	426	125	62	186	442	369	107	99	125	300	374	260	452	210	443	252	372	420	433	446	494	227	|
|110	289	294	230	242	261	199	464	290	246	361	233	206	273	399	0	402	480	382	254	404	562	262	124	143	493	369	490	466	355	302	457	344	135	45	191	279	189	356	337	120	328	364	362	563	348	|
|349	169	453	190	215	148	364	110	114	283	311	409	244	280	164	402	0	324	110	174	101	292	151	289	372	135	109	90	284	230	212	111	70	354	364	216	348	245	312	118	329	295	298	313	330	90	|
|374	434	306	294	452	300	307	429	312	235	127	313	284	208	480	480	324	0	216	274	223	137	380	368	357	448	419	367	40	136	487	432	358	525	436	336	227	443	132	234	361	156	119	127	102	255	|
|303	230	364	151	261	127	292	219	118	201	204	330	187	191	264	382	110	216	0	128	25	213	185	258	314	243	203	176	178	123	282	221	144	372	338	193	256	270	206	45	283	193	191	206	239	46	|
|180	177	289	24	183	38	191	269	72	119	195	239	69	127	261	254	174	274	128	0	151	321	118	130	198	299	204	263	246	139	228	266	147	258	211	68	191	169	193	83	159	166	188	197	333	98	|
|327	238	388	174	273	147	317	206	133	226	224	355	212	215	261	404	101	223	25	151	0	203	198	281	339	228	202	156	184	143	288	209	146	390	362	215	280	286	226	68	308	215	210	226	235	61	|
|464	441	435	345	474	333	415	378	330	329	246	431	357	305	456	562	292	137	213	321	203	0	398	440	458	390	400	301	117	211	492	384	348	578	517	389	344	480	251	251	448	265	233	246	54	259	|
|236	59	393	112	76	83	284	202	69	231	313	335	165	243	156	262	151	380	185	118	198	398	0	167	270	231	110	233	347	250	110	195	85	203	230	103	303	95	311	150	217	284	305	315	422	139	|
|70	212	254	107	181	142	140	365	175	141	257	191	85	167	320	124	289	368	258	130	281	440	167	0	109	394	277	378	349	236	244	359	239	167	81	73	196	135	253	213	53	223	257	258	444	226	|
|44	319	157	183	290	225	57	460	262	129	232	93	130	153	426	143	372	357	314	198	339	458	270	109	0	490	379	462	351	247	353	456	334	250	110	168	140	243	226	274	56	201	238	232	449	294	|
|461	211	585	309	264	266	490	30	229	414	446	538	367	413	125	493	135	448	243	299	228	390	231	394	490	0	125	89	408	365	226	36	156	412	462	324	481	311	447	253	441	430	433	448	436	225	|
|346	86	491	207	140	167	387	98	132	323	382	438	265	329	62	369	109	419	203	204	202	400	110	277	379	125	0	155	381	307	113	90	63	288	339	211	394	186	382	190	327	359	371	384	436	165	|
|439	235	536	280	287	238	452	84	204	367	380	495	333	361	186	490	90	367	176	263	156	301	233	378	462	89	155	0	326	299	267	92	148	432	454	306	429	325	382	199	419	369	366	382	348	172	|
|363	399	318	268	421	270	304	388	279	224	129	316	264	198	442	466	284	40	178	246	184	117	347	349	351	408	381	326	0	113	452	391	321	502	422	311	229	415	134	199	348	152	118	130	98	219	|
|254	306	254	158	320	168	208	340	186	119	81	233	151	96	369	355	230	136	123	139	143	211	250	236	247	365	307	299	113	0	359	340	244	390	310	200	148	308	83	117	238	74	68	83	208	145	|
|312	53	490	219	63	193	377	204	174	336	423	429	267	351	107	302	212	487	282	228	288	492	110	244	353	226	113	267	452	359	0	195	145	194	283	199	407	115	421	254	296	394	415	425	521	237	|
|426	176	554	276	229	233	457	9	195	383	421	505	333	383	99	457	111	432	221	266	209	384	195	359	456	36	90	92	391	340	195	0	122	378	426	289	451	275	421	226	406	404	408	423	427	197	|
|305	99	436	155	145	112	336	126	75	266	320	385	213	270	125	344	70	358	144	147	146	348	85	239	334	156	63	148	321	244	145	122	0	286	310	168	336	177	320	128	285	298	309	322	381	103	|
|206	202	407	235	148	246	297	386	258	308	422	342	244	333	300	135	354	525	372	258	390	578	203	167	250	412	288	432	502	390	194	378	286	0	144	191	362	109	418	329	202	388	421	423	591	329	|
|71	263	266	187	221	221	163	432	251	202	318	203	161	229	374	45	364	436	338	211	362	517	230	81	110	462	339	454	422	310	283	426	310	144	0	150	239	168	313	294	77	285	321	319	518	306	|
|137	157	292	45	142	70	181	294	102	141	242	233	70	159	260	191	216	336	193	68	215	389	103	73	168	324	211	306	311	200	199	289	168	191	150	0	210	113	239	148	117	210	238	244	400	157	|
|169	361	108	192	352	228	84	453	262	72	100	88	140	68	452	279	348	227	256	191	280	344	303	196	140	481	394	429	229	148	407	451	336	362	239	210	0	318	95	231	164	79	111	100	325	258	|
|200	101	388	150	53	148	274	283	153	252	355	325	181	272	210	189	245	443	270	169	286	480	95	135	243	311	186	325	415	308	115	275	177	109	168	113	318	0	352	230	187	323	351	357	498	225	|
|247	370	186	205	374	228	175	421	254	112	5	182	175	86	443	356	312	132	206	193	226	251	311	253	226	447	382	382	134	83	421	421	320	418	313	239	95	352	0	196	237	30	19	6	230	224	|
|260	201	337	107	226	84	256	226	81	169	195	297	145	163	252	337	118	234	45	83	68	251	150	213	274	253	190	199	199	117	254	226	128	329	294	148	231	230	196	0	240	178	184	198	272	29	|
|20	264	207	140	234	180	95	411	216	127	241	143	97	153	372	120	329	361	283	159	308	448	217	53	56	441	327	419	348	238	296	406	285	202	77	117	164	187	237	240	0	208	245	242	446	257	|
|219	344	181	177	346	202	152	404	230	82	34	167	145	56	420	328	295	156	193	166	215	265	284	223	201	430	359	369	152	74	394	404	298	388	285	210	79	323	30	178	208	0	37	35	250	206	|
|256	364	205	202	370	222	188	408	246	118	15	199	177	92	433	364	298	119	191	188	210	233	305	257	238	433	371	366	118	68	415	408	309	421	321	238	111	351	19	184	245	37	0	17	214	212	|
|253	374	190	210	378	232	180	423	257	117	2	187	180	91	446	362	313	127	206	197	226	246	315	258	232	448	384	382	130	83	425	423	322	423	319	244	100	357	6	198	242	35	17	0	225	226	|
|460	469	408	356	498	351	402	422	353	322	225	412	359	296	494	563	330	102	239	333	235	54	422	444	449	436	436	348	98	208	521	427	381	591	518	400	325	498	230	272	446	250	214	225	0	285	|
|278	184	364	119	215	87	280	198	72	195	224	323	165	190	227	348	90	255	46	98	61	259	139	226	294	225	165	172	219	145	237	197	103	329	306	157	258	225	224	29	257	206	212	226	285	0	|

--------------------------------------------------------------------------------
Building model...
	using lazy and cut (CVRPSEP package)
Solving IRP LP...
--------------------------------------------------------------------------------

Gurobi 9.1.0 (linux64) logging started Mon Jan 18 01:59:49 2021

Gurobi Optimizer version 9.1.0 build v9.1.0rc0 (linux64)
Thread count: 32 physical cores, 32 logical processors, using up to 2 threads
Optimize a model with 2347 rows, 13696 columns and 49204 nonzeros
Model fingerprint: 0x05cd15d7
Variable types: 724 continuous, 12972 integer (552 binary)
Coefficient statistics:
  Matrix range     [1e+00, 9e+02]
  Objective range  [1e-01, 6e+02]
  Bounds range     [1e+00, 3e+02]
  RHS range        [1e+01, 6e+03]
Presolve removed 187 rows and 43 columns
Presolve time: 0.10s
Presolved: 2160 rows, 13653 columns, 47714 nonzeros
Variable types: 678 continuous, 12975 integer (12429 binary)

Root relaxation: objective 1.313329e+04, 1596 iterations, 0.09 seconds

    Nodes    |    Current Node    |     Objective Bounds      |     Work
 Expl Unexpl |  Obj  Depth IntInf | Incumbent    BestBd   Gap | It/Node Time

     0     0 13133.2868    0  137          - 13133.2868      -     -    0s
     0     0 13401.6251    0  211          - 13401.6251      -     -    0s
     0     0 13443.8517    0  223          - 13443.8517      -     -    0s
     0     0 13825.6037    0  245          - 13825.6037      -     -    1s
     0     0 13854.1960    0  257          - 13854.1960      -     -    1s
     0     0 13867.9487    0  286          - 13867.9487      -     -    1s
     0     0 13868.4150    0  288          - 13868.4150      -     -    1s
     0     0 13868.4522    0  295          - 13868.4522      -     -    1s
     0     0 14037.9596    0  235          - 14037.9596      -     -    2s
     0     0 14052.0962    0  254          - 14052.0962      -     -    2s
     0     0 14052.2473    0  263          - 14052.2473      -     -    2s
     0     0 14141.7562    0  292          - 14141.7562      -     -    3s
     0     0 14182.1063    0  326          - 14182.1063      -     -    4s
     0     0 14190.2464    0  362          - 14190.2464      -     -    4s
     0     0 14192.2270    0  353          - 14192.2270      -     -    4s
     0     0 14197.7387    0  320          - 14197.7387      -     -    4s
     0     0 14199.1816    0  328          - 14199.1816      -     -    4s
     0     0 14199.1957    0  328          - 14199.1957      -     -    4s
     0     0 14251.5487    0  283          - 14251.5487      -     -    5s
     0     0 14261.1080    0  406          - 14261.1080      -     -    5s
     0     0 14263.2710    0  377          - 14263.2710      -     -    5s
     0     0 14337.0894    0  416          - 14337.0894      -     -    5s
     0     0 14340.6466    0  391          - 14340.6466      -     -    6s
     0     0 14351.6410    0  446          - 14351.6410      -     -    6s
     0     0 14353.8620    0  440          - 14353.8620      -     -    6s
     0     0 14355.8200    0  453          - 14355.8200      -     -    6s
     0     0 14356.2536    0  450          - 14356.2536      -     -    6s
     0     0 14375.9940    0  428          - 14375.9940      -     -    7s
     0     0 14380.7088    0  380          - 14380.7088      -     -    7s
     0     0 14381.0706    0  431          - 14381.0706      -     -    7s
     0     0 14397.0529    0  301          - 14397.0529      -     -    8s
     0     0 14397.7852    0  318          - 14397.7852      -     -    8s
     0     0 14406.8574    0  373          - 14406.8574      -     -    8s
     0     0 14406.8574    0  373          - 14406.8574      -     -    9s
     0     2 14406.8574    0  359          - 14406.8574      -     -   10s
    37    42 14471.3071   13  472          - 14421.1165      -   418   15s
    71    75 14624.5459   21  442          - 14421.1165      -   444   20s
   114   122 14781.8046   30  368          - 14421.1165      -   413   25s
   172   186 14889.0475   48  323          - 14421.1165      -   375   30s
   263   286 15086.9017   73  291          - 14421.1165      -   313   35s
   331   368 15512.9725   98  167          - 14421.1165      -   285   41s
   409   432 14488.7302    6  419          - 14421.4236      -   264   45s
   468   461 14570.5927   13  307          - 14421.4236      -   257   50s
   516   507 14743.0884   34  284          - 14421.4236      -   268   55s
   557   561 14872.5341   47  195          - 14421.4236      -   275   60s
   633   650 15238.4485   83  143          - 14440.2434      -   269   66s
   712   722 14493.3111    6  493          - 14440.2434      -   260   70s
   766   725 15229.5924   67  262          - 14440.2434      -   251   75s
   777   732 14668.8810    6  616          - 14482.8654      -   247   80s
   785   738 14576.5599   10  661          - 14507.2877      -   245   85s
   793   743 15272.7544   61  644          - 14515.7865      -   242   90s
   799   747 15152.7972   44  648          - 14517.8192      -   241   95s
   802   752 14517.9925   14  629          - 14517.9275      -   269  100s
   812   759 14519.8506   17  628          - 14519.3864      -   282  105s
   827   770 14530.2784   20  532          - 14521.8928      -   291  110s
   844   782 14570.2992   24  581          - 14530.2951      -   300  115s
   862   793 14614.5844   28  570          - 14530.2951      -   309  120s
   882   809 14656.1816   32  513          - 14530.2951      -   317  125s
   907   825 14761.7960   37  441          - 14530.2951      -   325  130s
   930   843 14826.3279   43  359          - 14530.2951      -   332  135s
   963   866 14943.5680   51  293          - 14530.2951      -   337  141s
   981   881 15033.3789   54  314          - 14530.2951      -   341  145s
  1023   917 15122.3103   64  287          - 14530.2951      -   344  151s
  1066   946 15264.6769   75  279          - 14530.2951      -   342  155s
  1110   983 15585.6161   85  211          - 14530.2951      -   339  160s
  1178  1053 15707.7221  100  180          - 14530.2951      -   332  166s
  1287  1135 16013.0608  115  178          - 14530.2951      -   316  172s
  1351  1186 16384.9501  122  159          - 14530.2951      -   306  176s
  1512  1277 16732.1993  143  169          - 14530.2951      -   281  182s
  1605  1286 16859.6968  154  153          - 14530.2951      -   268  187s
* 1636  1238             273    18856.470000 14530.2951  22.9%   265  187s
  1680  1222 17016.0874  169  141 18856.4700 14530.2951  22.9%   259  191s
  1710  1242 17131.7937  181  139 18856.4700 14530.2951  22.9%   258  198s
  1714  1263 17166.5955  182  156 18856.4700 14530.2951  22.9%   259  200s
  1742  1280 17578.1600  194  161 18856.4700 14530.2951  22.9%   260  206s
  1772  1302 17566.6623  207  124 18856.4700 14530.2951  22.9%   260  222s
  1802  1319 17924.3314  220   50 18856.4700 14530.2951  22.9%   259  233s
  1829  1328 infeasible  232      18856.4700 14533.9064  22.9%   258  239s
  1881  1320 14635.5964   22  594 18856.4700 14533.9064  22.9%   256  243s
  1891  1322 14682.9643   27  540 18856.4700 14533.9064  22.9%   258  245s
  1903  1330 15056.8012   27  442 18856.4700 14533.9064  22.9%   263  250s
  1916  1342 14796.3199   29  437 18856.4700 14533.9064  22.9%   268  257s
  1924  1347 15041.5487   30  385 18856.4700 14533.9064  22.9%   270  260s
  1943  1358 14823.7916   32  448 18856.4700 14533.9064  22.9%   274  267s
  1949  1365 14848.8658   33  443 18856.4700 14533.9064  22.9%   276  270s
  1975  1380 14903.3918   41  391 18856.4700 14533.9064  22.9%   278  276s
  1982  1380 14925.6663   43  406 18856.4700 14533.9064  22.9%   278  293s
  1984  1391 14972.5584   42  392 18856.4700 14533.9064  22.9%   279  296s
  2011  1409 15202.4383   48  369 18856.4700 14533.9064  22.9%   282  302s
  2023  1430 15237.6324   51  359 18856.4700 14533.9064  22.9%   283  306s
  2048  1457 15143.0065   51  226 18856.4700 14533.9064  22.9%   284  310s
  2097  1473 15290.3242   85  141 18856.4700 14533.9064  22.9%   284  315s
  2138  1527 15481.9416   64  160 18856.4700 14533.9064  22.9%   284  323s
  2189  1559 15937.9227   77  146 18856.4700 14533.9064  22.9%   282  329s
  2242  1587 15988.0732   88  156 18856.4700 14533.9064  22.9%   280  356s
  2292  1670 16216.1866   96  155 18856.4700 14533.9064  22.9%   279  362s
  2404  1728 16643.3670  114  135 18856.4700 14542.4687  22.9%   273  369s
  2425  1721 17275.3494  117   92 18856.4700 14542.4687  22.9%   271  370s
  2515  1771 14630.8635   20  587 18856.4700 14542.4687  22.9%   268  377s
  2599  1819 14808.3168   22  423 18856.4700 14542.4687  22.9%   265  384s
  2683  1899 14854.8222   27  405 18856.4700 14542.4687  22.9%   262  392s
  2814  1903 14911.8073   29  350 18856.4700 14542.4687  22.9%   256  400s
  2903  1898 15145.4761   33  300 18856.4700 14542.4687  22.9%   253  406s
  2930  1936 15218.9476   42  165 18856.4700 14542.4687  22.9%   254  412s
  2977  2006 15395.1592   52  148 18856.4700 14542.4687  22.9%   255  420s
  3047  2106 15630.5571   63   95 18856.4700 14542.4687  22.9%   253  428s
  3140  2106 16915.2280  152   69 18856.4700 14542.4687  22.9%   249  430s
  3156  2167 infeasible   81      18856.4700 14542.4687  22.9%   250  437s
  3219  2232 16450.6728  103  113 18856.4700 14580.1965  22.7%   250  451s
  3356  2256 infeasible  138      18856.4700 14589.7304  22.6%   247  459s
  3370  2272 14732.0291   21  707 18856.4700 14589.7304  22.6%   249  465s
  3386  2295 14928.3972   27  526 18856.4700 14589.7304  22.6%   251  472s
  3409  2325 15086.3812   39  464 18856.4700 14589.7304  22.6%   252  478s
  3439  2385 15310.4636   55  342 18856.4700 14589.7304  22.6%   253  486s
  3508  2393 infeasible  109      18856.4700 14597.4267  22.6%   252  495s
  3526  2409 14946.5193   31  517 18856.4700 14597.4267  22.6%   255  502s
  3542  2435 15137.0175   39  583 18856.4700 14597.4267  22.6%   257  510s
  3568  2510 15437.4022   52  327 18856.4700 14597.4267  22.6%   259  519s
  3643  2628 16150.8740   90  171 18856.4700 14597.4267  22.6%   258  530s
  3761  2683 17825.5055  179  140 18856.4700 14597.5789  22.6%   255  541s
  3848  2818 14984.4931   27  379 18856.4700 14601.0864  22.6%   254  554s
  3904  2818 16848.1533  102   21 18856.4700 14601.0864  22.6%   253  555s
  4016  2883 15742.9320   67  206 18856.4700 14601.2481  22.6%   248  567s
  4086  2909 14911.1714   26  489 18856.4700 14601.6840  22.6%   248  576s
  4112  2957 15125.2520   38  516 18856.4700 14601.6840  22.6%   250  586s
  4160  3040 15361.5276   63  296 18856.4700 14601.6840  22.6%   251  596s
  4243  3149 16150.2566  110   90 18856.4700 14601.7012  22.6%   250  611s
  4259  3149 16384.2625  126  100 18856.4700 14601.7012  22.6%   250  615s
  4396  3176 14710.7247   25  613 18856.4700 14604.4046  22.5%   247  627s
  4423  3226 14994.9967   35  370 18856.4700 14604.4046  22.5%   250  637s
  4473  3309 15281.4357   54  225 18856.4700 14604.4046  22.5%   251  649s
  4489  3309 15456.5487   70  193 18856.4700 14604.4046  22.5%   251  650s
  4556  3422 15787.6779   91   52 18856.4700 14604.4866  22.5%   251  664s
  4606  3422 16858.3369  139   46 18856.4700 14604.4866  22.5%   249  665s
  4700  3468 14893.2963   24  373 18856.4700 14606.3673  22.5%   248  677s
  4739  3513 15131.7357   34  203 18856.4700 14606.3673  22.5%   251  690s
  4784  3583 15096.8827   39  337 18856.4700 14606.3673  22.5%   253  704s
  4800  3583 15190.9592   50  256 18856.4700 14606.3673  22.5%   254  705s
  4854  3693 15235.8179   56  225 18856.4700 14606.3673  22.5%   254  721s
  4964  3835 15383.6891   80  112 18856.4700 14606.6163  22.5%   254  741s
  5171  3883 14845.9525   19  506 18856.4700 14607.1791  22.5%   251  758s
  5219  3990 15183.8715   44  327 18856.4700 14607.1791  22.5%   252  774s
  5267  3990 16075.1789   92  108 18856.4700 14607.1791  22.5%   252  775s
  5328  4081 infeasible  109      18856.4700 14607.2271  22.5%   253  794s
  5374  4083 15894.6722   87  177 18856.4700 14608.5242  22.5%   252  795s
  5445  4119 14808.8203   26  346 18856.4700 14608.5242  22.5%   252  811s
  5478  4166 15097.5628   37  242 18856.4700 14608.5242  22.5%   254  828s
  5525  4247 16270.2232   55  143 18856.4700 14608.5242  22.5%   257  848s
  5606  4418 16527.1593   78  165 18856.4700 14610.1996  22.5%   258  875s
  5825  4538     cutoff  140      18856.4700 14610.2644  22.5%   254  902s
  5932  4540 15494.6722   40  202 18856.4700 14610.2644  22.5%   254  942s
  5934  4807 15501.4406   41  183 18856.4700 14610.3451  22.5%   254  966s
  6131  4812 17728.7789  128    6 18856.4700 14610.3768  22.5%   250  970s
  6256  4940 14833.6977   30  442 18856.4700 14612.1148  22.5%   247  991s
  6408  4991 14740.0515   28  522 18856.4700 14612.1352  22.5%   246 1010s
  6459  5118 14914.4273   41  346 18856.4700 14612.1352  22.5%   248 1031s
  6596  5442 15081.5943   65  271 18856.4700 14613.6112  22.5%   249 1059s
  6644  5442 15391.4771   89   44 18856.4700 14613.6112  22.5%   249 1060s
  7000  5560 16056.8524  123   74 18856.4700 14614.9370  22.5%   242 1084s
  7043  5560 15133.3306   28  339 18856.4700 14614.9370  22.5%   242 1085s
  7140  5607 15518.5984   37  384 18856.4700 14615.8540  22.5%   241 1105s
  7202  5653 14850.5492   20  443 18856.4700 14621.6679  22.5%   243 1122s
  7250  5900 15041.5389   28  278 18856.4700 14621.6679  22.5%   246 1154s
  7501  6175 15421.6333   40  306 18856.4700 14621.6679  22.5%   244 1185s
  7809  6455 16052.0519   66  142 18856.4700 14621.6679  22.5%   241 1224s
  7825  6455 16386.4051   75   47 18856.4700 14621.6679  22.5%   241 1225s
  8100  6616     cutoff  142      18856.4700 14622.9568  22.5%   237 1256s
  8313  6760 14888.2181   29  439 18856.4700 14627.9882  22.4%   236 1282s
  8476  6868 15309.2457   84   94 18856.4700 14630.8693  22.4%   237 1308s
  8618  7081 15454.2970   43  344 18856.4700 14635.3748  22.4%   238 1336s
  8881  7157 18407.6798  173   54 18856.4700 14637.3998  22.4%   236 1362s
  8965  7386 15113.4011   36  210 18856.4700 14637.3998  22.4%   238 1391s
  9180  7388 17294.1602  196   58 18856.4700 14637.3998  22.4%   235 1395s
  9220  7640 16258.2248   77  115 18856.4700 14639.8080  22.4%   235 1425s
  9430  7648 18258.0900  219    - 18856.4700 14640.8295  22.4%   233 1430s
  9621  7736     cutoff  135      18856.4700 14640.8816  22.4%   230 1456s
  9687  7863 15668.2224   65  211 18856.4700 14641.7926  22.4%   232 1487s
* 9824  7861             233    18845.940000 14641.8380  22.3%   230 1489s
* 9826  7829             232    18810.940000 14641.8380  22.2%   230 1489s
  9834  7865 18317.6307  194   44 18810.9400 14642.6642  22.2%   230 1514s
  9850  7869 18536.2200  205    - 18810.9400 14642.6642  22.2%   230 1515s
* 9878  7877             230    18805.010000 14645.4937  22.1%   230 1515s
  9898  7990     cutoff  208      18805.0100 14645.5073  22.1%   231 1539s
  9936  7991 15328.4516   43  285 18805.0100 14645.5073  22.1%   232 1540s
 10030  8122     cutoff  214      18805.0100 14650.1895  22.1%   232 1568s
 10172  8350 15850.0780   67  152 18805.0100 14654.5059  22.1%   233 1598s
 10285  8353 18223.9557  176   33 18805.0100 14654.5059  22.1%   231 1600s
 10445  8477 14891.3184   28  295 18805.0100 14655.7638  22.1%   231 1628s
 10551  8773 15242.1080   54  161 18805.0100 14655.7638  22.1%   233 1667s
 10716  8773 15378.2604  105   67 18805.0100 14655.7638  22.1%   233 1670s
 10924  8936 15536.6777  101   39 18805.0100 14657.5574  22.1%   230 1698s
 11009  8936 16445.2112  135   51 18805.0100 14657.5574  22.1%   229 1700s
 11154  9033 15332.8184   49  258 18805.0100 14659.4549  22.0%   229 1726s
 11279  9135 15093.3105   38  504 18805.0100 14662.4242  22.0%   230 1753s
 11352  9143 14916.5610   29  494 18805.0100 14662.4242  22.0%   231 1755s
 11387  9252 16360.3544   91  179 18805.0100 14669.0140  22.0%   231 1783s
 11499  9258 18139.9355  193   10 18805.0100 14669.0140  22.0%   229 1785s
 11551  9335 18386.4500  197    - 18805.0100 14671.4503  22.0%   230 1813s
 11650  9406     cutoff  227      18805.0100 14673.1266  22.0%   231 1839s
 11719  9452 15154.2362   34  531 18805.0100 14673.1266  22.0%   233 1865s
 11785  9612 15217.0670   43  186 18805.0100 14673.1266  22.0%   235 1895s
 11977  9888 15827.5077   63  160 18805.0100 14675.6277  22.0%   234 1938s
 12025  9888 16288.7789   82   27 18805.0100 14675.6277  22.0%   233 1940s
 12363 10107     cutoff  171      18805.0100 14675.9366  22.0%   230 1972s
 12521 10108 17929.2079  151   35 18805.0100 14678.3238  21.9%   230 1975s
 12566 10347 16062.7631   81  122 18805.0100 14678.3335  21.9%   230 2004s
 12614 10347 17258.9290  129   53 18805.0100 14678.3335  21.9%   229 2005s
 12829 10516 15447.7435   49  190 18805.0100 14680.5548  21.9%   228 2038s
 12895 10516 17061.8114  115   70 18805.0100 14680.5548  21.9%   228 2040s
 13016 10703 14826.2929   37  400 18805.0100 14682.5488  21.9%   228 2070s
 13222 10725 14842.7432   19  591 18805.0100 14683.1664  21.9%   228 2104s
 13244 10911 14916.4406   20  558 18805.0100 14683.1664  21.9%   228 2134s
 13278 10911 15893.7498   54  180 18805.0100 14683.1664  21.9%   229 2135s
 13490 11206 16045.4233   64  132 18805.0100 14684.3002  21.9%   227 2166s
 13717 11213 15611.8918   62  247 18805.0100 14685.8726  21.9%   226 2170s
 13837 11307     cutoff  171      18805.0100 14686.2544  21.9%   225 2198s
 13957 11331 15457.3920   63  296 18805.0100 14687.6338  21.9%   226 2225s
 13987 11476 15492.2881   64  258 18805.0100 14688.9662  21.9%   226 2252s
 14166 11656 14982.9381   30  258 18805.0100 14689.1067  21.9%   226 2285s
 14338 11979 15246.3512   56  138 18805.0100 14689.1067  21.9%   227 2322s
 14661 12204 15508.1971   78  124 18805.0100 14689.3666  21.9%   226 2357s
 14838 12212 16540.1700  164    - 18805.0100 14689.3666  21.9%   225 2360s
 15025 12334 17596.9429  165   47 18805.0100 14689.5338  21.9%   224 2389s
 15084 12337 15597.5854   64  129 18805.0100 14689.5338  21.9%   224 2390s
 15156 12416 17927.0450  171    2 18805.0100 14689.7162  21.9%   224 2417s
 15279 12541 18282.3300  181   24 18805.0100 14691.4069  21.9%   225 2447s
 15425 12624 18592.5500  186    - 18805.0100 14692.4842  21.9%   225 2476s
 15517 12747 15301.4643   54  121 18805.0100 14693.1428  21.9%   226 2508s
 15627 12936 15926.7185  101   18 18805.0100 14694.4854  21.9%   226 2542s
 15772 12954 16757.8800  159    5 18805.0100 14694.4854  21.9%   225 2545s
 15859 13268 16926.0359  160   54 18805.0100 14695.5829  21.9%   226 2579s
 15936 13281 15264.1521   42  271 18805.0100 14695.5829  21.9%   226 2580s
 16261 13413     cutoff  196      18805.0100 14695.6413  21.9%   224 2615s
 16406 13540 14861.2369   26  533 18805.0100 14695.6526  21.9%   226 2643s
 16522 13550 15688.3919   62  215 18805.0100 14695.6526  21.9%   226 2645s
 16559 13733 15210.0882   42  126 18805.0100 14696.1977  21.8%   226 2678s
 16624 13733 15431.0106   75   58 18805.0100 14696.1977  21.8%   226 2680s
 16774 13869 14886.3362   24  394 18805.0100 14696.5211  21.8%   225 2708s
 16928 13955 15056.8745   27  460 18805.0100 14696.5211  21.8%   226 2735s
 17038 14174 16145.9406   54  187 18805.0100 14697.7452  21.8%   227 2767s
 17191 14174 18588.7395  109   42 18805.0100 14697.7452  21.8%   226 2770s
 17302 14316 15345.9440   44  217 18805.0100 14697.7452  21.8%   226 2799s
 17334 14316 15835.0929   76  153 18805.0100 14697.7452  21.8%   226 2800s
 17482 14420 16535.5204  103  136 18805.0100 14697.9952  21.8%   225 2827s
 17515 14424 17983.9400  129    - 18805.0100 14697.9952  21.8%   225 2830s
 17584 14620 18205.9400  130    - 18805.0100 14698.7242  21.8%   226 2861s
*17818 14164             130    18328.940000 14698.9744  19.8%   226 2894s
*17821 14039             129    18239.940000 14698.9744  19.4%   226 2894s
 17847 14041 15527.9392   55  268 18239.9400 14698.9744  19.4%   226 2895s
 18022 14089     cutoff  130      18239.9400 14700.5106  19.4%   226 2922s
*18029 14036             134    18207.400000 14700.5106  19.3%   225 2922s
*18036 14034             134    18206.180000 14700.5106  19.3%   225 2923s
 18081 14164 15267.2959   48  357 18206.1800 14700.5796  19.3%   226 2950s
 18228 14287 14825.2359   27  446 18206.1800 14700.9248  19.3%   227 2978s
*18339 14040             169    18045.210000 14701.7834  18.5%   227 2979s
 18364 14082 14875.2528   31  511 18045.2100 14701.7834  18.5%   227 3003s
 18406 14315 15085.4441   36  405 18045.2100 14701.7834  18.5%   229 3041s
 18617 14315 17562.3618  119   53 18045.2100 14701.7834  18.5%   228 3045s
 18665 14393 15390.0560   50  202 18045.2100 14701.7834  18.5%   228 3074s
 18698 14393 16052.0942   67   95 18045.2100 14701.7834  18.5%   228 3075s
 18743 14700 16147.7921   74  113 18045.2100 14701.9740  18.5%   229 3111s
 19162 14895 14853.5444   20  404 18045.2100 14701.9740  18.5%   227 3148s
 19254 14896 16561.6900  124   42 18045.2100 14701.9740  18.5%   227 3150s
 19355 15040 15855.5584   95   53 18045.2100 14702.8162  18.5%   227 3177s
 19538 15252 17747.6700  175   16 18045.2100 14703.0326  18.5%   227 3212s
 19723 15254 17048.6945  108   43 18045.2100 14703.2999  18.5%   227 3215s
 19781 15321 17947.2375  181   16 18045.2100 14703.3250  18.5%   227 3239s
 19822 15322     cutoff  148      18045.2100 14703.3585  18.5%   227 3240s
 19863 15405 17971.2875  182   14 18045.2100 14703.5215  18.5%   228 3266s
 19987 15551 14925.2347   28  335 18045.2100 14706.2088  18.5%   229 3296s
 20144 15818 15140.9849   51  168 18045.2100 14706.2088  18.5%   229 3330s
 20406 15818 15823.7448   77  114 18045.2100 14706.2088  18.5%   228 3335s
 20438 16036 infeasible  116      18045.2100 14706.8389  18.5%   228 3364s
 20475 16036 16310.3188  128   54 18045.2100 14706.8389  18.5%   228 3365s
 20708 16170 17410.8700  152    8 18045.2100 14708.0923  18.5%   227 3398s
 20893 16223 17898.2700  161    - 18045.2100 14708.5954  18.5%   227 3427s
 20946 16335 18032.2700  161    - 18045.2100 14709.2851  18.5%   228 3457s
 21083 16443     cutoff  161      18045.2100 14710.4662  18.5%   229 3486s
*21084 16404             160    18028.270000 14710.4662  18.4%   229 3486s
 21208 16599     cutoff  159      18028.2700 14712.0708  18.4%   230 3516s
 21430 16675 16757.9069  104  159 18028.2700 14714.6823  18.4%   229 3546s
 21520 16854 15893.6425   77   68 18028.2700 14715.8416  18.4%   230 3578s
 21747 16920 16459.6535  104  130 18028.2700 14716.6649  18.4%   230 3600s

Cutting planes:
  User: 5124
  Gomory: 29
  Cover: 708
  Implied bound: 138
  Clique: 8
  MIR: 374
  StrongCG: 4
  Flow cover: 788
  GUB cover: 1
  Zero half: 30
  RLT: 569
  Relax-and-lift: 27
  Lazy constraints: 4335

Explored 21828 nodes (5033493 simplex iterations) in 3601.21 seconds
Thread count was 2 (of 32 available processors)

Solution count 10: 18028.3 18045.2 18206.2 ... 18856.5

Time limit reached
Best objective 1.802827000000e+04, best bound 1.471674697837e+04, gap 18.3685%

User-callback calls 433511, time in user-callback 246.95 sec
================================================================================
executing instance: ./input/Instances/Original/1/absH3high_2n45.dat
--------------------------------------------------------------------------------
Instance details
n	46
H	3
C	3171
Li:
[0, 0, 0, 0, 0, 0, 0, 0, 0, 0, 0, 0, 0, 0, 0, 0, 0, 0, 0, 0, 0, 0, 0, 0, 0, 0, 0, 0, 0, 0, 0, 0, 0, 0, 0, 0, 0, 0, 0, 0, 0, 0, 0, 0, 0, 0, ]
Ui:
[0, 246, 160, 78, 20, 87, 144, 40, 20, 82, 60, 96, 24, 136, 160, 108, 160, 26, 228, 51, 24, 240, 231, 70, 32, 105, 174, 114, 246, 126, 132, 76, 22, 42, 255, 132, 148, 162, 66, 111, 102, 240, 123, 201, 297, 78, ]
Distance matrix:
|0	148	402	550	329	420	187	318	366	280	504	273	233	333	112	344	379	481	113	593	159	523	261	424	90	359	163	461	413	240	105	299	265	89	371	462	339	273	495	22	41	439	369	506	563	468	|
|148	0	284	517	394	284	136	369	244	311	496	166	329	355	223	202	338	388	204	565	254	506	118	346	71	423	173	471	336	118	105	352	198	105	248	428	302	305	487	153	179	441	230	497	517	370	|
|402	284	0	350	448	80	228	406	42	343	382	129	456	350	412	126	219	131	382	395	410	371	180	137	314	466	289	400	137	167	389	401	169	316	39	280	217	342	373	394	414	362	108	380	324	106	|
|550	517	350	0	339	429	385	308	374	295	93	375	431	249	481	461	180	239	458	48	445	57	474	214	496	333	387	160	216	424	601	321	320	471	376	90	217	301	93	530	534	146	452	88	52	262	|
|329	394	448	339	0	513	282	42	438	105	255	363	115	108	221	484	259	431	217	365	172	289	436	362	333	30	224	189	353	380	423	47	291	296	443	285	240	107	251	307	294	193	495	260	378	437	|
|420	284	80	429	513	0	267	473	76	408	462	163	509	421	449	86	298	201	421	474	455	451	167	217	330	533	333	478	217	181	386	466	225	341	70	360	291	406	453	416	438	440	59	460	400	176	|
