




arguments: ./build/mirp_solver -f ./input/orig_exec_357.cfg
Current dir: /scratch/gui/bnc_mirp
File verbosity level: 9
date       time         ( uptime  ) [ thread name/id ]                   file:line     v| 
2021-01-25 16:52:37.794 (   0.896s) [main thread     ]             loguru.cpp:789   INFO| Logging to './output/vi_hc2/OU/V4/Original/execution_25_01_2021_16_52_37.log', mode: 'a', verbosity: 9
--------------------------------------------------------------------------------
Parameters
                           instance_path           ./input/Instances/Original/4/
                            model_policy                                       1
                             nb_vehicles                                       4
                              output_dir         ./output/vi_hc2/OU/V4/Original/
                            sec_strategy                                       1
                       solver_nb_threads                                       2
                         solver_show_log                                    true
                       solver_time_limit                                    3600
                              use_vi_cos                                   false
                              use_vi_cus                                   false
                         use_vi_hc1_full                                   false
                         use_vi_hc1_half                                   false
                      use_vi_hc1_quarter                                   false
                              use_vi_hc2                                    true
                              use_vi_hc3                                   false
                         use_vi_lex_full                                   false
                         use_vi_lex_half                                   false
                      use_vi_lex_quarter                                   false
                              use_vi_qua                                   false
                               use_vi_vc                                   false
                               use_vi_vr                                   false
--------------------------------------------------------------------------------
executing instance: ./input/Instances/Original/4/absH3low_3n30.dat
--------------------------------------------------------------------------------
Instance details
n	31
H	3
C	2841
Li:
[0, 0, 0, 0, 0, 0, 0, 0, 0, 0, 0, 0, 0, 0, 0, 0, 0, 0, 0, 0, 0, 0, 0, 0, 0, 0, 0, 0, 0, 0, 0, ]
Ui:
[0, 246, 98, 54, 144, 171, 192, 180, 165, 98, 122, 198, 297, 144, 130, 129, 219, 138, 142, 150, 108, 66, 64, 285, 180, 204, 276, 168, 240, 198, 122, ]
Distance matrix:
|0	172	56	166	260	198	42	197	296	110	91	112	238	275	323	183	330	232	175	181	162	191	232	280	201	139	356	185	266	216	26	|
|172	0	178	223	320	335	153	355	444	62	231	99	333	376	214	352	176	235	194	106	47	41	353	161	299	175	225	43	326	374	153	|
|56	178	0	110	204	162	93	233	336	125	144	148	187	226	358	180	313	284	123	152	182	185	282	252	256	88	329	177	210	251	42	|
|166	223	110	0	102	150	199	327	431	194	253	237	113	156	431	228	296	386	44	140	248	208	389	218	366	48	287	200	108	344	148	|
|260	320	204	102	0	156	296	391	493	296	340	339	66	90	531	263	362	486	127	226	349	300	469	278	454	148	334	292	6	406	245	|
|198	335	162	150	156	0	239	255	351	286	245	307	93	106	518	111	442	423	194	280	344	335	349	367	352	182	437	327	158	266	199	|
|42	153	93	199	296	239	0	203	296	91	82	76	278	316	284	217	322	191	201	186	133	180	217	281	177	165	356	175	302	222	52	|
|197	355	233	327	391	255	203	0	104	294	125	266	340	361	436	151	524	276	352	377	330	383	109	477	146	319	553	377	395	19	222	|
|296	444	336	431	493	351	296	104	0	384	214	348	440	456	488	241	617	315	456	476	412	475	113	575	176	422	651	470	497	88	322	|
|110	62	125	194	296	286	91	294	384	0	171	55	298	340	238	292	233	210	176	118	58	91	298	201	248	148	273	87	302	313	94	|
|91	231	144	253	340	245	82	125	214	171	0	141	307	339	324	184	403	187	266	266	204	261	140	363	114	230	438	256	346	144	116	|
|112	99	148	237	339	307	76	266	348	55	141	0	332	373	212	292	275	156	225	173	64	137	254	253	200	194	322	135	345	284	108	|
|238	333	187	113	66	93	278	340	440	298	307	332	0	43	536	203	404	469	153	253	354	321	427	322	420	160	385	313	67	353	229	|
|275	376	226	156	90	106	316	361	456	340	339	373	43	0	578	216	443	507	194	295	397	364	453	361	451	203	421	356	88	372	268	|
|323	214	358	431	531	518	284	436	488	238	324	212	536	578	0	498	309	176	407	320	183	245	376	344	312	383	379	251	537	451	319	|
|183	352	180	228	263	111	217	151	241	292	184	292	203	216	498	0	492	371	266	328	345	364	255	426	272	242	501	356	266	159	198	|
|330	176	313	296	362	442	322	524	617	233	403	275	404	443	309	492	0	397	253	164	218	142	529	84	475	260	72	147	367	543	306	|
|232	235	284	386	486	423	191	276	315	210	187	156	469	507	176	371	397	0	379	327	188	276	202	396	139	346	456	277	492	289	242	|
|175	194	123	44	127	194	201	352	456	176	266	225	153	194	407	266	253	379	0	101	225	174	405	174	375	36	244	166	133	370	152	|
|181	106	152	140	226	280	186	377	476	118	266	173	253	295	320	328	164	327	101	0	148	76	403	100	360	98	177	69	232	396	155	|
|162	47	182	248	349	344	133	330	412	58	204	64	354	397	183	345	218	188	225	148	0	89	316	208	259	201	270	90	355	348	149	|
|191	41	185	208	300	335	180	383	475	91	261	137	321	364	245	364	142	276	174	76	89	0	388	119	336	162	185	8	306	402	169	|
|232	353	282	389	469	349	217	109	113	298	140	254	427	453	376	255	529	202	405	403	316	388	0	497	64	369	570	384	474	112	256	|
|280	161	252	218	278	367	281	477	575	201	363	253	322	361	344	426	84	396	174	100	208	119	497	0	449	187	77	119	283	496	255	|
|201	299	256	366	454	352	177	146	176	248	114	200	420	451	312	272	475	139	375	360	259	336	64	449	0	339	521	333	460	156	223	|
|139	175	88	48	148	182	165	319	422	148	230	194	160	203	383	242	260	346	36	98	201	162	369	187	339	0	260	153	154	337	116	|
|356	225	329	287	334	437	356	553	651	273	438	322	385	421	379	501	72	456	244	177	270	185	570	77	521	260	0	187	338	572	331	|
|185	43	177	200	292	327	175	377	470	87	256	135	313	356	251	356	147	277	166	69	90	8	384	119	333	153	187	0	298	396	163	|
|266	326	210	108	6	158	302	395	497	302	346	345	67	88	537	266	367	492	133	232	355	306	474	283	460	154	338	298	0	410	251	|
|216	374	251	344	406	266	222	19	88	313	144	284	353	372	451	159	543	289	370	396	348	402	112	496	156	337	572	396	410	0	241	|
|26	153	42	148	245	199	52	222	322	94	116	108	229	268	319	198	306	242	152	155	149	169	256	255	223	116	331	163	251	241	0	|

--------------------------------------------------------------------------------
Building model...
	using lazy and cut (CVRPSEP package)
Solving IRP LP...
--------------------------------------------------------------------------------

Gurobi 9.1.0 (linux64) logging started Mon Jan 25 16:52:37 2021

Gurobi Optimizer version 9.1.0 build v9.1.0rc0 (linux64)
Thread count: 32 physical cores, 32 logical processors, using up to 2 threads
Optimize a model with 1567 rows, 6436 columns and 23359 nonzeros
Model fingerprint: 0x771352b6
Variable types: 484 continuous, 5952 integer (372 binary)
Coefficient statistics:
  Matrix range     [1e+00, 7e+02]
  Objective range  [1e-02, 7e+02]
  Bounds range     [1e+00, 3e+02]
  RHS range        [3e+01, 5e+03]
Presolve removed 133 rows and 34 columns
Presolve time: 0.06s
Presolved: 1434 rows, 6402 columns, 22919 nonzeros
Variable types: 453 continuous, 5949 integer (5589 binary)

Root relaxation: objective 2.396539e+03, 1045 iterations, 0.04 seconds

    Nodes    |    Current Node    |     Objective Bounds      |     Work
 Expl Unexpl |  Obj  Depth IntInf | Incumbent    BestBd   Gap | It/Node Time

     0     0 2396.53937    0   90          - 2396.53937      -     -    0s
     0     0 2565.04149    0   95          - 2565.04149      -     -    0s
     0     0 2992.92102    0  151          - 2992.92102      -     -    0s
     0     0 3030.11106    0  144          - 3030.11106      -     -    0s
     0     0 3031.29217    0  113          - 3031.29217      -     -    0s
     0     0 3054.15339    0  133          - 3054.15339      -     -    0s
     0     0 3055.11380    0  120          - 3055.11380      -     -    0s
     0     0 3265.62206    0  199          - 3265.62206      -     -    1s
     0     0 3322.62859    0  210          - 3322.62859      -     -    1s
     0     0 3323.99827    0  228          - 3323.99827      -     -    1s
     0     0 3324.09799    0  223          - 3324.09799      -     -    1s
     0     0 3463.31143    0  244          - 3463.31143      -     -    1s
     0     0 3514.02408    0  200          - 3514.02408      -     -    1s
     0     0 3518.95811    0  216          - 3518.95811      -     -    2s
     0     0 3520.12990    0  264          - 3520.12990      -     -    2s
     0     0 3520.41951    0  269          - 3520.41951      -     -    2s
     0     0 3532.44599    0  261          - 3532.44599      -     -    2s
     0     0 3533.66590    0  226          - 3533.66590      -     -    2s
     0     0 3536.18445    0  237          - 3536.18445      -     -    2s
     0     0 3536.18869    0  182          - 3536.18869      -     -    2s
     0     0 3537.50492    0  147          - 3537.50492      -     -    2s
     0     0 3540.74859    0  249          - 3540.74859      -     -    2s
     0     0 3545.15600    0  293          - 3545.15600      -     -    2s
     0     0 3546.33942    0  309          - 3546.33942      -     -    4s
     0     0 3546.87824    0  303          - 3546.87824      -     -    4s
     0     0 3554.22362    0  311          - 3554.22362      -     -    4s
     0     0 3555.20646    0  295          - 3555.20646      -     -    4s
     0     0 3559.99868    0  330          - 3559.99868      -     -    4s
     0     0 3559.99868    0  315          - 3559.99868      -     -    4s
     0     2 3563.91782    0  280          - 3563.91782      -     -    5s
    86    93 3963.33696   23  231          - 3563.91782      -   324   10s
   216   236 4531.58973   60  174          - 3563.91782      -   252   15s
   552   531 5715.14390  109   71          - 3563.91782      -   138   20s
*  720   647             225    7913.9900000 3571.82637  54.9%   118   22s
H  770   585                    7831.3800000 3571.82637  54.4%   115   24s
   772   586 5449.26554   80  186 7831.38000 3571.82637  54.4%   114   25s
   799   604 6341.71087  133  517 7831.38000 3686.91380  52.9%   110   30s
   818   617 5759.92057  101  472 7831.38000 3693.99040  52.8%   108   35s
H  828   593                    7610.0200000 3694.77848  51.4%   123   38s
   838   599 4473.64058   53  448 7610.02000 3694.77848  51.4%   121   40s
H  849   577                    7328.7000000 3696.22690  49.6%   120   43s
   852   579 3896.51600   21  466 7328.70000 3696.26310  49.6%   119   45s
   855   584 3699.61246   27  478 7328.70000 3699.61246  49.5%   128   50s
   863   589 3792.16845   29  426 7328.70000 3708.67785  49.4%   133   55s
   888   609 3724.22018   36  481 7328.70000 3724.22018  49.2%   147   60s
   939   639 3870.28137   46  380 7328.70000 3730.84696  49.1%   160   66s
   977   666 3944.28142   52  394 7328.70000 3730.84696  49.1%   164   70s
  1048   724 4074.38102   64  307 7328.70000 3730.84696  49.1%   170   75s
  1097   753 4085.34712   73  335 7328.70000 3730.84696  49.1%   173   80s
  1158   806 4107.57671   84  328 7328.70000 3730.84696  49.1%   177   85s
  1243   851 4202.74401   96  319 7328.70000 3730.84696  49.1%   181   91s
  1312   914 4251.84258  105  300 7328.70000 3730.84696  49.1%   183   96s
  1379   959 4340.27215  115  296 7328.70000 3730.84696  49.1%   184  100s
  1483  1032 4433.91937  130  342 7328.70000 3730.84696  49.1%   184  106s
  1580  1122 4439.97397  138  308 7328.70000 3730.84696  49.1%   181  110s
  1651  1145 4461.26760  143  287 7328.70000 3730.84696  49.1%   179  115s
  1783  1295 4800.18589  152  242 7328.70000 3730.84696  49.1%   177  120s
H 1954  1311                    6926.9200000 3730.84696  46.1%   170  124s
  1986  1333 4581.76113  163  316 6926.92000 3730.84696  46.1%   168  126s
  2067  1320 4828.39786  167  245 6926.92000 3730.84696  46.1%   165  133s
  2081  1332 4615.53856  174  295 6926.92000 3730.84696  46.1%   166  135s
  2138  1389 4719.07520  195  287 6926.92000 3730.84696  46.1%   172  141s
  2200  1420 4944.43338  219  244 6926.92000 3730.84696  46.1%   177  146s
  2258  1463 5059.11368  241  261 6926.92000 3730.84696  46.1%   181  151s
  2320  1501 5133.96357  261  254 6926.92000 3730.84696  46.1%   185  156s
  2386  1554 5255.17495  283  263 6926.92000 3730.84696  46.1%   189  161s
  2472  1588 5334.41103  307  238 6926.92000 3730.84696  46.1%   193  173s
  2492  1599 5350.82886  312  240 6926.92000 3730.84696  46.1%   194  177s
  2561  1671 5587.54100  335  245 6926.92000 3730.84696  46.1%   197  183s
  2593  1730 5833.93506  346  253 6926.92000 3730.84696  46.1%   198  186s
  2653  1776 5994.08542  362  225 6926.92000 3730.84696  46.1%   199  190s
  2773  1891 6393.28945  410  214 6926.92000 3730.84696  46.1%   202  198s
  2828  1948 6743.35269  435  181 6926.92000 3730.84696  46.1%   203  202s
  2901  1957     cutoff  463      6926.92000 3747.22627  45.9%   203  207s
  2922  1992 3879.78129   42  457 6926.92000 3747.22627  45.9%   205  211s
  2957  1996 3978.60670   46  352 6926.92000 3747.22627  45.9%   208  225s
  3034  2161 4004.06931   53  362 6926.92000 3747.22627  45.9%   208  233s
  3126  2281 4151.31372   62  335 6926.92000 3747.22627  45.9%   207  238s
  3250  2398 4337.52774   76  269 6926.92000 3747.22627  45.9%   205  244s
  3377  2637 4671.35184   95  227 6926.92000 3747.22627  45.9%   204  250s
  3628  2720 4653.11497  167  287 6926.92000 3747.22627  45.9%   195  257s
  3725  2809 4837.03661  234  262 6926.92000 3747.22627  45.9%   195  262s
  3820  3165 infeasible  290      6926.92000 3747.22627  45.9%   195  270s
  4199  3397 5334.26203  359  222 6926.92000 3764.99453  45.6%   183  279s
  4268  3397 5533.83423  400  154 6926.92000 3764.99453  45.6%   182  280s
  4528  3467 4143.64454   30  169 6926.92000 3765.06251  45.6%   176  286s
  4574  3564 5024.63851   60  133 6926.92000 3765.06251  45.6%   178  291s
  4678  3636 6066.32254  128  168 6926.92000 3785.34610  45.4%   178  298s
  4776  3700 3920.26490   37  349 6926.92000 3785.34610  45.4%   179  303s
  4840  3890 4001.12861   44  177 6926.92000 3785.34610  45.4%   181  310s
  5030  4408 4403.23915  105   79 6926.92000 3785.34610  45.4%   178  320s
  5550  4557 5087.10333  458   55 6926.92000 3787.24686  45.3%   165  330s
  5747  4613 4236.30734   49  348 6926.92000 3788.32607  45.3%   164  336s
  5803  4753 4860.67211   79  283 6926.92000 3788.32607  45.3%   165  342s
  5943  5052 5672.73378  145  242 6926.92000 3789.27281  45.3%   165  351s
  6269  5093 3929.61013   42  489 6926.92000 3791.28129  45.3%   160  359s
  6310  5219 4665.59169   62  337 6926.92000 3791.28129  45.3%   162  365s
  6436  5355 6149.54242  129   63 6926.92000 3791.28630  45.3%   163  373s
  6609  5429 3975.56187   49  496 6926.92000 3792.36552  45.3%   162  381s
  6683  5670 4432.17378   62  433 6926.92000 3792.36552  45.3%   164  389s
  6821  5670 6058.22783  226   46 6926.92000 3792.36552  45.3%   162  390s
  6924  5819 4871.73588   93  268 6926.92000 3792.36552  45.3%   160  398s
  7095  6073 5596.90562  184  230 6926.92000 3792.36552  45.3%   160  406s
  7351  6181 6860.98885  409  224 6926.92000 3812.17979  45.0%   157  417s
  7482  6240 4013.60657   37  229 6926.92000 3816.02354  44.9%   158  426s
  7541  6413 4479.43480   58   93 6926.92000 3816.02354  44.9%   161  435s
  7714  6687 4826.45412  102   39 6926.92000 3816.02354  44.9%   163  448s
  7990  7203 5344.94701  174   64 6926.92000 3816.32617  44.9%   163  465s
* 8552  6308             232    6386.3500000 3817.14749  40.2%   158  470s
  8584  6246     cutoff  376      6386.35000 3817.19334  40.2%   158  478s
  8604  6370 4205.49499   53  284 6386.35000 3826.77104  40.1%   159  486s
  8748  6473 4305.36500   47  383 6386.35000 3826.77104  40.1%   159  496s
  8859  6543 5035.24481   77  281 6386.35000 3831.13617  40.0%   160  505s
  8939  6625 4096.59103   35  321 6386.35000 3831.13617  40.0%   162  514s
  9023  6768 5285.74898   81  274 6386.35000 3832.63325  40.0%   163  524s
  9092  6768 5956.76408  150   95 6386.35000 3832.63325  40.0%   163  525s
  9196  6812 4191.63203   45  193 6386.35000 3832.64235  40.0%   164  534s
  9240  7091 4938.11948   70   80 6386.35000 3833.51836  40.0%   165  544s
  9271  7091 5226.07616  101   47 6386.35000 3833.51836  40.0%   165  545s
  9545  7254     cutoff  156      6386.35000 3834.14109  40.0%   164  556s
  9726  7371 4624.88988   54  331 6386.35000 3835.23126  39.9%   163  565s
  9843  7570 5313.69162  120  234 6386.35000 3835.82836  39.9%   164  575s
 10077  7646 4172.98088   44  422 6386.35000 3841.81614  39.8%   164  585s
 10153  7946 4943.47083   81  280 6386.35000 3843.46302  39.8%   165  595s
 10476  8053 4208.36655   36  213 6386.35000 3843.62060  39.8%   163  606s
 10583  8384 5026.99402   96  205 6386.35000 3848.78757  39.7%   164  616s
 10944  8470 4161.44828   37  335 6386.35000 3848.95553  39.7%   161  627s
 11030  8759 4528.84374   73   74 6386.35000 3848.95553  39.7%   163  640s
 11319  9125 4822.59626  204   33 6386.35000 3851.29401  39.7%   163  652s
 11778  9239 6327.25643  328   10 6386.35000 3851.29653  39.7%   160  664s
 11870  9383     cutoff  329      6386.35000 3858.33988  39.6%   161  675s
 12118  9681 5117.16132   62  110 6386.35000 3859.21731  39.6%   159  685s
 12446  9879 4121.06794   36  265 6386.35000 3859.55976  39.6%   158  696s
 12644 10179 4651.68483   50  136 6386.35000 3860.44591  39.6%   158  708s
 12855 10184 5504.63992  232   45 6386.35000 3860.44591  39.6%   156  710s
 13041 10265     cutoff  269      6386.35000 3862.42594  39.5%   156  719s
 13122 10323     cutoff  271      6386.35000 3862.59065  39.5%   157  727s
 13187 10528 4750.00502   65  258 6386.35000 3864.30844  39.5%   158  738s
 13339 10528 5979.61205  217   67 6386.35000 3864.30844  39.5%   157  740s
 13416 10552 4054.09346   41  341 6386.35000 3865.25631  39.5%   158  747s
 13444 10591 4565.52895   46  214 6386.35000 3869.14022  39.4%   159  755s
 13502 10653 4086.29599   48  389 6386.35000 3869.18538  39.4%   161  764s
 13558 10916 4385.81491   57  363 6386.35000 3869.18538  39.4%   163  777s
 13837 11043 4859.16884   72  179 6386.35000 3869.18538  39.4%   162  787s
 13975 11403 4981.18954  106  147 6386.35000 3869.18538  39.4%   163  799s
 14065 11403 5198.77490  166  126 6386.35000 3869.18538  39.4%   163  800s
 14462 11526 6058.63473  283   47 6386.35000 3875.03963  39.3%   160  812s
 14599 11614 4877.37861   51  230 6386.35000 3876.79061  39.3%   161  821s
 14713 11667 4238.05459   50  438 6386.35000 3879.97002  39.2%   161  829s
 14766 11736 4805.59940   83  338 6386.35000 3879.97002  39.2%   163  837s
 14837 11865 5319.40067  113  279 6386.35000 3881.59366  39.2%   163  845s
 14985 12050 4272.47679   49  389 6386.35000 3882.61524  39.2%   164  856s
 15170 12204 4872.85473   72  250 6386.35000 3882.61524  39.2%   163  866s
 15336 12300 5868.56445  144  124 6386.35000 3890.56529  39.1%   164  875s
 15450 12547 4284.92592   53  480 6386.35000 3890.56529  39.1%   164  888s
 15694 12568 6111.82323  173   22 6386.35000 3890.56529  39.1%   163  890s
 15800 12659 5246.92117   83  265 6386.35000 3890.78777  39.1%   162  899s
 15897 12824 4416.37993   46  302 6386.35000 3891.26843  39.1%   163  909s
 16012 12824 5912.54895  123   35 6386.35000 3891.26843  39.1%   163  910s
 16077 12895 5918.16515   96  161 6386.35000 3893.96875  39.0%   163  918s
 16168 12992 4394.85986   54  433 6386.35000 3893.96875  39.0%   164  927s
 16275 13060 5120.77307   86  403 6386.35000 3895.26983  39.0%   164  937s
 16353 13157 4069.83011   45  489 6386.35000 3895.26983  39.0%   165  947s
 16464 13292 4884.70472   60  299 6386.35000 3895.26983  39.0%   166  957s
 16612 13357 5954.15364  106  209 6386.35000 3901.18693  38.9%   166  967s
 16686 13417 4218.00487   39  414 6386.35000 3901.18693  38.9%   167  976s
 16746 13611 4363.51669   47  334 6386.35000 3901.18693  38.9%   168  987s
 16964 13827 4975.06641   73  119 6386.35000 3901.29757  38.9%   169  998s
 17198 13827 5798.07076  205   27 6386.35000 3901.37600  38.9%   168 1000s
 17255 13942 4291.38796   53  284 6386.35000 3901.37600  38.9%   168 1010s
 17370 14015 5293.83673   70  180 6386.35000 3903.57408  38.9%   169 1019s
 17440 14016 5390.18096   75  102 6386.35000 3903.64014  38.9%   170 1020s
 17469 14067 6318.01906   91   45 6386.35000 3903.92500  38.9%   170 1028s
 17527 14149 4408.11087   56  395 6386.35000 3903.92500  38.9%   171 1037s
 17633 14309 5178.72477   90  207 6386.35000 3903.92500  38.9%   172 1050s
 17795 14379 6289.59703  161  181 6386.35000 3910.35619  38.8%   172 1060s
 17889 14521 4772.28531   62  189 6386.35000 3911.30411  38.8%   172 1070s
 18052 14592 4423.96310   48  346 6386.35000 3911.30411  38.8%   172 1081s
 18139 14749 5332.60637   89  254 6386.35000 3913.63334  38.7%   173 1091s
 18323 14778 4073.21744   50  549 6386.35000 3913.74109  38.7%   173 1100s
 18352 14810 4475.28372   56  402 6386.35000 3913.74109  38.7%   174 1112s
 18384 15071 4688.66779   65  188 6386.35000 3919.20715  38.6%   175 1124s
 18418 15071 4932.76537   85  117 6386.35000 3919.20715  38.6%   175 1125s
 18699 15391 4548.69006   59  371 6386.35000 3919.65679  38.6%   174 1138s
 19057 15429 4019.54342   36  192 6386.35000 3920.30330  38.6%   173 1148s
 19099 15591 4607.57276   53  217 6386.35000 3921.62072  38.6%   174 1158s
 19290 15692     cutoff  159      6386.35000 3923.25023  38.6%   174 1171s
 19411 15718 4058.59010   42  465 6386.35000 3923.25023  38.6%   174 1179s
 19441 15857 infeasible   56      6386.35000 3923.81786  38.6%   176 1190s
 19614 16127 4213.23231   49  225 6386.35000 3924.58602  38.5%   176 1203s
 19970 16322 5352.23386  151   15 6386.35000 3925.04630  38.5%   175 1215s
 20163 16384 5737.11000  165    - 6386.35000 3925.93315  38.5%   175 1225s
 20223 16455 5960.01000  166    8 6386.35000 3927.46447  38.5%   176 1234s
 20302 16802 6059.76000  167    - 6386.35000 3927.84513  38.5%   177 1247s
H20304  7889                    5146.9000000 3927.84513  23.7%   177 1247s
 20740  7690     cutoff  167      5146.90000 3930.13205  23.6%   175 1258s
H20742  6048                    4945.2900000 3930.13205  20.5%   175 1258s
H20792  5546                    4875.7000000 3930.23596  19.4%   176 1268s
 20848  5627 4232.05059   57  340 4875.70000 3934.57541  19.3%   177 1278s
 20939  5710 4081.35979   49  379 4875.70000 3934.57541  19.3%   178 1287s
 21044  5739 4651.10225   65  437 4875.70000 3934.84825  19.3%   179 1296s
 21099  5768 4236.74371   46  314 4875.70000 3935.49380  19.3%   180 1306s
 21128  5809 4294.07690   52  500 4875.70000 3935.49380  19.3%   181 1316s
 21181  5831 4744.69440   61  331 4875.70000 3935.91239  19.3%   182 1326s
 21232  5877 4338.92591   46  279 4875.70000 3936.60802  19.3%   183 1336s
 21307  5913 4061.52486   45  535 4875.70000 3937.01069  19.3%   184 1346s
H21308  5913                    4875.6999240 3937.01069  19.3%   184 1346s
 21361  6020 4837.46560   67  140 4875.69992 3939.30165  19.2%   185 1357s
 21478  6055 4828.05427   71  190 4875.69992 3940.77262  19.2%   186 1367s
 21548  6110 4504.50367   62  386 4875.69992 3941.27582  19.2%   187 1377s
 21643  6156 4702.26412   60  212 4875.69992 3942.83930  19.1%   188 1388s
H21669  6156                    4875.6998937 3942.83930  19.1%   188 1388s
 21715  6209 4655.94183   51  275 4875.69989 3943.12888  19.1%   189 1398s
 21788  6238 4454.18785   44  262 4875.69989 3943.99384  19.1%   190 1407s
 21845  6271 4384.81309   49  475 4875.69989 3943.99384  19.1%   191 1417s
 21890  6316 4496.12853   55  301 4875.69989 3943.99384  19.1%   192 1430s
H21944  6310                    4868.3400000 3943.99384  19.0%   193 1440s
 22021  6355 4205.24185   51  440 4868.34000 3945.13257  19.0%   194 1450s
 22074  6411 4203.97967   54  368 4868.34000 3945.45058  19.0%   195 1462s
 22175  6452 4152.07374   53  378 4868.34000 3946.11003  18.9%   196 1474s
 22209  6452 4315.42780   50  250 4868.34000 3946.46451  18.9%   197 1475s
 22251  6501 4446.01525   54  375 4868.34000 3946.92121  18.9%   197 1485s
 22322  6554 4254.93423   53  355 4868.34000 3947.11851  18.9%   198 1497s
 22423  6596 4229.71788   46  498 4868.34000 3947.11851  18.9%   199 1507s
 22487  6643     cutoff   68      4868.34000 3948.78177  18.9%   200 1518s
 22552  6682 4848.45792   64  178 4868.34000 3950.05585  18.9%   202 1530s
 22621  6813 4187.15926   39  282 4868.34000 3951.46596  18.8%   203 1541s
 22775  6869 4263.52321   43  183 4868.34000 3952.57128  18.8%   203 1553s
 22864  6912 4230.66838   50  342 4868.34000 3952.62262  18.8%   204 1566s
 22923  6958 4068.45167   43  338 4868.34000 3952.66082  18.8%   205 1576s
 22985  7004 4166.92368   35  389 4868.34000 3952.76232  18.8%   206 1587s
 23047  7073 4351.27684   53  379 4868.34000 3952.97736  18.8%   207 1599s
 23132  7134 4634.04050   59  225 4868.34000 3954.39773  18.8%   208 1610s
 23215  7193 4813.86393   82  181 4868.34000 3955.22874  18.8%   209 1622s
 23315  7311 4155.24153   34  284 4868.34000 3955.99625  18.7%   210 1637s
 23500  7362 4227.39342   45  335 4868.34000 3959.11086  18.7%   210 1649s
 23581  7392 4017.22395   47  385 4868.34000 3959.65381  18.7%   211 1660s
 23633  7448 4155.44248   55  388 4868.34000 3961.09108  18.6%   212 1672s
 23723  7493 4231.74383   52  350 4868.34000 3962.30541  18.6%   213 1683s
 23806  7549 4158.02768   41  398 4868.34000 3962.76697  18.6%   214 1695s
 23886  7590     cutoff   61      4868.34000 3963.19286  18.6%   215 1707s
 23957  7622 4208.04104   41  472 4868.34000 3965.74488  18.5%   216 1718s
 24011  7662 4656.61631   54  168 4868.34000 3965.92763  18.5%   218 1731s
 24073  7715 4277.36837   51  388 4868.34000 3967.64828  18.5%   219 1742s
 24142  7773 4150.18110   41  281 4868.34000 3967.81547  18.5%   220 1755s
 24230  7846 4118.42549   44  402 4868.34000 3968.02423  18.5%   221 1767s
 24323  7898 4183.05893   50  478 4868.34000 3968.92110  18.5%   222 1779s
 24394  7995 4423.78918   56  313 4868.34000 3969.10958  18.5%   223 1792s
 24539  8063 4235.65937   40  255 4868.34000 3971.69460  18.4%   224 1804s
 24594  8063     cutoff   66      4868.34000 3971.73679  18.4%   224 1805s
 24637  8110 4688.84840   61  223 4868.34000 3972.24887  18.4%   225 1815s
 24700  8221 4760.14860   75  261 4868.34000 3974.12014  18.4%   226 1828s
 24850  8281 4112.38406   37  354 4868.34000 3975.09053  18.3%   226 1841s
 24924  8321 4552.23517   49  200 4868.34000 3975.60957  18.3%   227 1853s
 25004  8370 4205.11826   53  384 4868.34000 3976.58687  18.3%   229 1866s
 25075  8427 4146.17932   57  441 4868.34000 3976.80323  18.3%   229 1877s
 25148  8512 4339.27185   58  407 4868.34000 3977.28830  18.3%   230 1890s
 25265  8643 4102.33054   38  407 4868.34000 3978.03219  18.3%   231 1905s
 25409  8693 4658.22525   49  314 4868.34000 3979.19330  18.3%   232 1919s
 25493  8755 4177.64600   53  502 4868.34000 3980.26364  18.2%   233 1931s
 25585  8790     cutoff   76      4868.34000 3981.48456  18.2%   234 1944s
 25649  8841 4174.96582   48  443 4868.34000 3982.28310  18.2%   235 1957s
 25728  8914 4332.38915   46  163 4868.34000 3982.51614  18.2%   236 1971s
 25845  8961 4332.95575   41  420 4868.34000 3982.82743  18.2%   237 1983s
 25912  8987 4833.61130   57  300 4868.34000 3984.57675  18.2%   239 1996s
 25990  9076 4032.43984   48  431 4868.34000 3985.56315  18.1%   239 2009s
 26104  9181 4526.50211   42  208 4868.34000 3986.22641  18.1%   240 2022s
 26242  9243 4276.33114   51  453 4868.34000 3986.43918  18.1%   241 2035s
 26320  9302 4417.38496   55  219 4868.34000 3986.99849  18.1%   242 2048s
 26401  9366 4677.82495   57  230 4868.34000 3987.99814  18.1%   243 2061s
 26497  9431 4398.98342   38  292 4868.34000 3989.88069  18.0%   244 2074s
 26588  9514 4700.56989   75  333 4868.34000 3990.85375  18.0%   245 2089s
 26697  9575 4101.74242   51  437 4868.34000 3992.34847  18.0%   245 2102s
 26788  9718 4095.05012   45  245 4868.34000 3992.36514  18.0%   247 2118s
 27044  9783 4800.96169   67   89 4868.34000 3992.81841  18.0%   246 2132s
 27159  9876 4556.05877   52   93 4868.34000 3993.03143  18.0%   247 2147s
 27293  9929 4327.84771   43  356 4868.34000 3993.83335  18.0%   248 2160s
 27370 10007 4125.38807   51  330 4868.34000 3994.61779  17.9%   249 2173s
 27488 10088 4384.03479   54  498 4868.34000 3995.05522  17.9%   250 2187s
 27595 10165 4159.92979   47  306 4868.34000 3996.06896  17.9%   251 2201s
 27701 10220 4667.69619   51  163 4868.34000 3996.52761  17.9%   252 2215s
 27813 10325 4124.58391   46  352 4868.34000 3997.43540  17.9%   253 2230s
 27974 10398     cutoff   85      4868.34000 3997.49440  17.9%   253 2244s
 28066 10467 4183.12950   54  279 4868.34000 3997.80874  17.9%   254 2258s
 28170 10564 4343.88209   59  405 4868.34000 3999.11098  17.9%   255 2272s
 28295 10686 4373.64502   66  477 4868.34000 3999.87968  17.8%   256 2288s
 28466 10765 4517.96927   48  252 4868.34000 3999.99781  17.8%   256 2303s
 28585 10892 4517.49579   57  352 4868.34000 4000.45221  17.8%   257 2317s
 28750 10998 4848.83585   54  214 4868.34000 4000.80109  17.8%   257 2331s
 28909 11039 4652.56566   69  435 4868.34000 4001.80762  17.8%   257 2345s
 29036 11125 4145.88378   47  455 4868.34000 4002.52301  17.8%   258 2359s
 29144 11239 4722.60232   77  153 4868.34000 4002.96496  17.8%   258 2372s
 29283 11372 4462.53691   68  215 4868.34000 4003.97772  17.8%   259 2387s
 29454 11455 4616.18062   58  149 4868.34000 4005.31780  17.7%   259 2403s
 29587 11501 4835.93869   58  194 4868.34000 4006.53910  17.7%   260 2417s
 29682 11524     cutoff   68      4868.34000 4007.29415  17.7%   261 2434s
H29683 11246                    4842.9500000 4007.29415  17.3%   261 2435s
 29783 11301 4343.85481   51  168 4842.95000 4007.51000  17.3%   261 2449s
 29872 11339     cutoff   57      4842.95000 4008.20464  17.2%   262 2463s
 29956 11394 4287.50831   51  374 4842.95000 4009.66445  17.2%   263 2476s
 30027 11543 4665.35774   57  299 4842.95000 4010.42124  17.2%   264 2492s
 30221 11621 4385.04297   53  358 4842.95000 4011.23321  17.2%   264 2507s
 30333 11687 4602.60186   56  270 4842.95000 4012.06171  17.2%   265 2521s
 30435 11753 4425.37057   63  404 4842.95000 4012.94718  17.1%   266 2536s
H30547 11830                    4842.9499823 4013.66370  17.1%   266 2551s
 30658 11939 4403.44111   58  320 4842.94998 4013.81791  17.1%   267 2566s
 30824 12040 4644.93902   65  318 4842.94998 4014.47412  17.1%   268 2581s
 30975 12104 4806.42268   79  211 4842.94998 4015.02033  17.1%   268 2596s
 31053 12186 4689.05058   62  176 4842.94998 4015.04103  17.1%   269 2610s
 31182 12259 4260.60699   43  333 4842.94998 4015.81530  17.1%   270 2625s
 31273 12358 4752.39055   51  253 4842.94998 4016.11035  17.1%   271 2640s
 31431 12405     cutoff   78      4842.94998 4016.89668  17.1%   271 2654s
 31514 12472 4303.96044   56  331 4842.94998 4017.66972  17.0%   272 2669s
 31633 12576 4293.89099   49  327 4842.94998 4017.91694  17.0%   273 2685s
 31765 12704 4817.45645   64  215 4842.94998 4018.36535  17.0%   274 2700s
 31933 12762 4817.51893   56  193 4842.94998 4018.67963  17.0%   274 2716s
 32020 12861 4497.48228   64  326 4842.94998 4019.82986  17.0%   275 2731s
 32197 12927 4224.16090   45  438 4842.94998 4020.95737  17.0%   276 2746s
 32296 13023 4531.73926   59  185 4842.94998 4021.79840  17.0%   277 2761s
 32447 13093 4261.76450   37  178 4842.94998 4022.66950  16.9%   277 2777s
 32556 13142 4109.61406   48  350 4842.94998 4023.14258  16.9%   278 2792s
 32641 13209 4196.96229   46  468 4842.94998 4024.44835  16.9%   279 2806s
 32726 13330 4539.34723   63  282 4842.94998 4024.94411  16.9%   280 2821s
 32886 13428     cutoff   87      4842.94998 4025.09843  16.9%   280 2837s
 33004 13532 4744.96417   71  113 4842.94998 4025.71340  16.9%   281 2854s
 33117 13532 4741.66604   70   39 4842.94998 4025.71340  16.9%   281 2855s
 33191 13589 4354.46704   54  288 4842.94998 4027.22366  16.8%   281 2869s
 33299 13679 4324.62162   57  231 4842.94998 4027.36182  16.8%   282 2884s
 33440 13782 4691.55771   72  225 4842.94998 4027.69287  16.8%   282 2900s
 33596 13879 4435.43919   48  406 4842.94998 4028.59141  16.8%   283 2916s
 33720 14028 4414.51442   52  160 4842.94998 4029.37268  16.8%   284 2933s
 33955 14101 4121.39004   35  226 4842.94998 4031.06462  16.8%   283 2949s
 34066 14208     cutoff   62      4842.94998 4031.38811  16.8%   284 2964s
 34246 14396 4346.34237   54  228 4842.94998 4032.40659  16.7%   284 2982s
 34516 14492 4325.58445   56  316 4842.94998 4032.66875  16.7%   283 2999s
 34685 14617 4822.20953   77  259 4842.94998 4033.21771  16.7%   283 3014s
 34773 14617 4452.08979   45  174 4842.94998 4033.60307  16.7%   283 3015s
 34853 14671 4757.70742   56  296 4842.94998 4033.64499  16.7%   283 3030s
 34979 14720     cutoff   60      4842.94998 4033.90308  16.7%   283 3045s
 35068 14800 4332.55676   45  420 4842.94998 4035.36884  16.7%   284 3062s
 35182 14933 4477.67222   47  262 4842.94998 4035.93525  16.7%   284 3078s
 35356 14997 4092.68021   38  197 4842.94998 4036.40435  16.7%   285 3094s
 35386 14997 4633.10810   50   97 4842.94998 4036.40435  16.7%   285 3095s
 35430 15101 4409.89133   60  353 4842.94998 4036.52249  16.7%   286 3111s
 35579 15158 4434.49816   53  404 4842.94998 4036.94147  16.6%   286 3126s
 35678 15254 4722.59372   67  310 4842.94998 4037.58351  16.6%   287 3144s
 35728 15254 4695.51527   78   74 4842.94998 4037.58351  16.6%   287 3145s
 35850 15359 4794.26075   60   59 4842.94998 4038.20544  16.6%   287 3162s
 36022 15436     cutoff   66      4842.94998 4039.26276  16.6%   288 3179s
 36159 15523 4388.12476   49  337 4842.94998 4040.08586  16.6%   288 3195s
 36290 15606 4250.63509   52  398 4842.94998 4041.50213  16.5%   289 3211s
 36403 15648 4385.75355   54  413 4842.94998 4041.56408  16.5%   290 3228s
 36515 15805 4204.90411   52  337 4842.94998 4042.09107  16.5%   291 3244s
 36599 15805 4652.00326   55  138 4842.94998 4042.09107  16.5%   291 3246s
 36722 15862 4487.96267   51  235 4842.94998 4042.51165  16.5%   291 3261s
 36837 15897 4650.57925   62  354 4842.94998 4043.37838  16.5%   291 3275s
 36912 15975 4199.33197   51  322 4842.94998 4044.14115  16.5%   292 3291s
 37010 16054 4700.27218   77  246 4842.94998 4044.52419  16.5%   293 3308s
 37136 16129 4725.93645   55  173 4842.94998 4045.57102  16.5%   293 3323s
 37267 16213 4678.42462   74  385 4842.94998 4046.51266  16.4%   294 3339s
 37391 16263 4631.44956   70  235 4842.94998 4046.67609  16.4%   295 3356s
 37469 16331 4787.46478   66  318 4842.94998 4046.86357  16.4%   295 3373s
 37605 16426 4353.42248   40  237 4842.94998 4047.39091  16.4%   296 3389s
 37687 16426 4372.99939   42  330 4842.94998 4047.83780  16.4%   296 3390s
 37734 16499 4746.52152   69   99 4842.94998 4047.84546  16.4%   297 3406s
 37841 16585 4336.19370   39  449 4842.94998 4048.12468  16.4%   297 3423s
 37979 16689 4807.57169   65  217 4842.94998 4048.76094  16.4%   298 3440s
 38124 16774 4399.04519   54  353 4842.94998 4049.47478  16.4%   298 3457s
 38259 16875 4112.08633   38  219 4842.94998 4049.88477  16.4%   299 3474s
 38400 17000 4603.02035   66   72 4842.94998 4050.36204  16.4%   300 3492s
 38593 17078 4230.68204   49  452 4842.94998 4051.57284  16.3%   300 3508s
 38697 17138 4494.44967   68  421 4842.94998 4051.79142  16.3%   301 3524s
 38813 17218 4825.10728   65  320 4842.94998 4052.13810  16.3%   301 3541s
 38975 17304 4681.77753   52  216 4842.94998 4052.85723  16.3%   302 3557s
 39121 17402 4429.54710   52  327 4842.94998 4053.80761  16.3%   302 3574s
 39237 17402 4729.49306   52  132 4842.94998 4054.12433  16.3%   302 3575s
 39263 17490 4781.05444   51  241 4842.94998 4054.13345  16.3%   302 3592s
 39422 17513     cutoff   63      4842.94998 4054.67734  16.3%   303 3600s

Cutting planes:
  User: 5138
  Gomory: 27
  Cover: 355
  Implied bound: 46
  Projected implied bound: 1
  Clique: 2
  MIR: 110
  StrongCG: 2
  Flow cover: 300
  Inf proof: 1
  Zero half: 4
  RLT: 230
  Relax-and-lift: 4
  Lazy constraints: 1366

Explored 39469 nodes (11979064 simplex iterations) in 3600.26 seconds
Thread count was 2 (of 32 available processors)

Solution count 10: 4842.95 4868.34 4875.7 ... 7610.02

Time limit reached
Best objective 4.842949982264e+03, best bound 4.054677339724e+03, gap 16.2767%

User-callback calls 350883, time in user-callback 219.15 sec
================================================================================
executing instance: ./input/Instances/Original/4/absH3low_3n10.dat
--------------------------------------------------------------------------------
Instance details
n	11
H	3
C	687
Li:
[0, 0, 0, 0, 0, 0, 0, 0, 0, 0, 0, ]
Ui:
[0, 189, 44, 174, 78, 36, 198, 117, 42, 96, 240, ]
Distance matrix:
|0	209	255	286	142	156	285	317	182	161	135	|
|209	0	464	451	315	356	490	469	361	299	260	|
|255	464	0	221	202	130	74	280	189	254	273	|
|286	451	221	0	145	156	164	479	354	153	192	|
|142	315	202	145	0	73	194	388	250	53	73	|
|156	356	130	156	73	0	134	332	200	127	144	|
|285	490	74	164	194	134	0	353	256	239	267	|
|317	469	280	479	388	332	353	0	141	436	430	|
|182	361	189	354	250	200	256	141	0	296	289	|
|161	299	254	153	53	127	239	436	296	0	39	|
|135	260	273	192	73	144	267	430	289	39	0	|

--------------------------------------------------------------------------------
Building model...
	using lazy and cut (CVRPSEP package)
Solving IRP LP...
--------------------------------------------------------------------------------

Gurobi 9.1.0 (linux64) logging started Mon Jan 25 17:52:39 2021

Gurobi Optimizer version 9.1.0 build v9.1.0rc0 (linux64)
Thread count: 32 physical cores, 32 logical processors, using up to 2 threads
Optimize a model with 527 rows, 956 columns and 3599 nonzeros
Model fingerprint: 0xf0c3a671
Variable types: 164 continuous, 792 integer (132 binary)
Coefficient statistics:
  Matrix range     [1e+00, 2e+02]
  Objective range  [1e-02, 5e+02]
  Bounds range     [1e+00, 2e+02]
  RHS range        [2e+01, 1e+03]
Presolve removed 53 rows and 14 columns
Presolve time: 0.01s
Presolved: 474 rows, 942 columns, 3399 nonzeros
Variable types: 153 continuous, 789 integer (669 binary)
Found heuristic solution: objective 7090.0100000

Root relaxation: objective 1.746329e+03, 571 iterations, 0.01 seconds

    Nodes    |    Current Node    |     Objective Bounds      |     Work
 Expl Unexpl |  Obj  Depth IntInf | Incumbent    BestBd   Gap | It/Node Time

     0     0 1746.32912    0   57 7090.01000 1746.32912  75.4%     -    0s
H    0     0                    6672.4300000 1746.32912  73.8%     -    0s
     0     0 2023.59087    0   54 6672.43000 2023.59087  69.7%     -    0s
H    0     0                    5859.2700000 2023.59087  65.5%     -    0s
     0     0 2100.06339    0   57 5859.27000 2100.06339  64.2%     -    0s
     0     0 2307.89983    0   90 5859.27000 2307.89983  60.6%     -    0s
H    0     0                    5567.2700000 2307.89983  58.5%     -    0s
     0     0 2347.71862    0   75 5567.27000 2347.71862  57.8%     -    0s
     0     0 2347.71862    0   76 5567.27000 2347.71862  57.8%     -    0s
     0     0 2426.49060    0  119 5567.27000 2426.49060  56.4%     -    0s
H    0     0                    3581.6200000 2426.49060  32.3%     -    0s
     0     0 2539.32734    0   97 3581.62000 2539.32734  29.1%     -    0s
     0     0 2545.09143    0  112 3581.62000 2545.09143  28.9%     -    0s
     0     0 2545.09143    0  117 3581.62000 2545.09143  28.9%     -    0s
     0     0 2627.29747    0   69 3581.62000 2627.29747  26.6%     -    0s
     0     0 2639.97143    0  133 3581.62000 2639.97143  26.3%     -    0s
     0     0 2645.27422    0  136 3581.62000 2645.27422  26.1%     -    0s
     0     0 2649.79305    0  141 3581.62000 2649.79305  26.0%     -    0s
