




arguments: ./build/mirp_solver -f ./input/orig_exec_383.cfg
Current dir: /scratch/gui/bnc_mirp
File verbosity level: 9
date       time         ( uptime  ) [ thread name/id ]                   file:line     v| 
2021-01-29 02:15:57.480 (   0.136s) [main thread     ]             loguru.cpp:789   INFO| Logging to './output/vi_hc2/OU/V4/Original/execution_29_01_2021_02_15_57.log', mode: 'a', verbosity: 9
--------------------------------------------------------------------------------
Parameters
                           instance_path           ./input/Instances/Original/6/
                            model_policy                                       1
                             nb_vehicles                                       4
                              output_dir         ./output/vi_hc2/OU/V4/Original/
                            sec_strategy                                       1
                       solver_nb_threads                                       2
                         solver_show_log                                    true
                       solver_time_limit                                    3600
                              use_vi_cos                                   false
                              use_vi_cus                                   false
                         use_vi_hc1_full                                   false
                         use_vi_hc1_half                                   false
                      use_vi_hc1_quarter                                   false
                              use_vi_hc2                                    true
                              use_vi_hc3                                   false
                         use_vi_lex_full                                   false
                         use_vi_lex_half                                   false
                      use_vi_lex_quarter                                   false
                              use_vi_qua                                   false
                               use_vi_vc                                   false
                               use_vi_vr                                   false
--------------------------------------------------------------------------------
executing instance: ./input/Instances/Original/6/absH6high_1n25.dat
--------------------------------------------------------------------------------
Instance details
n	26
H	6
C	1711
Li:
[0, 0, 0, 0, 0, 0, 0, 0, 0, 0, 0, 0, 0, 0, 0, 0, 0, 0, 0, 0, 0, 0, 0, 0, 0, 0, ]
Ui:
[0, 168, 176, 34, 66, 36, 177, 106, 118, 182, 64, 141, 189, 63, 46, 111, 182, 231, 36, 66, 68, 54, 132, 90, 246, 75, ]
Distance matrix:
|0	191	200	231	334	329	146	196	208	245	218	164	283	394	151	358	156	196	309	253	201	260	127	138	130	104	|
|191	0	226	229	278	146	328	216	390	417	327	293	195	334	106	296	171	122	472	151	12	411	280	53	190	130	|
|200	226	0	38	149	359	321	10	276	274	418	364	139	204	121	173	321	115	303	141	225	236	155	202	311	256	|
|231	229	38	0	110	352	358	37	314	310	448	395	108	167	129	135	342	109	336	120	226	268	194	213	335	277	|
|334	278	149	110	0	367	467	147	422	413	546	495	86	61	203	25	423	163	429	129	271	363	303	282	424	361	|
|329	146	359	352	367	0	453	349	533	562	411	393	282	411	245	378	250	244	617	245	141	556	426	195	284	243	|
|146	328	321	358	467	453	0	321	162	215	160	112	425	524	297	491	223	341	284	397	339	266	186	276	184	210	|
|196	216	10	37	147	349	321	0	281	281	414	360	132	203	112	171	315	105	311	132	216	244	159	193	305	249	|
|208	390	276	314	422	533	162	281	0	54	321	271	410	471	316	445	348	348	123	398	398	115	125	338	313	309	|
|245	417	274	310	413	562	215	281	54	0	375	323	413	457	334	435	393	361	70	406	424	69	139	367	359	349	|
|218	327	418	448	546	411	160	414	321	375	0	57	484	606	347	569	163	393	444	446	339	421	318	288	137	199	|
|164	293	364	395	495	393	112	360	271	323	57	0	437	556	300	519	144	346	393	401	305	367	261	249	109	163	|
|283	195	139	108	86	282	425	132	410	413	484	437	0	139	137	101	349	91	443	44	187	375	286	206	355	291	|
|394	334	204	167	61	411	524	203	471	457	606	556	139	0	264	38	483	222	467	183	326	403	356	341	484	421	|
|151	106	121	129	203	245	297	112	316	334	347	300	137	264	0	225	220	46	381	102	106	316	195	84	221	158	|
|358	296	173	135	25	378	491	171	445	435	569	519	101	38	225	0	444	184	450	145	288	384	328	303	446	383	|
|156	171	321	342	423	250	223	315	348	393	163	144	349	483	220	444	0	261	460	308	183	415	284	143	39	65	|
|196	122	115	109	163	244	341	105	348	361	393	346	91	222	46	184	261	0	402	56	118	336	224	119	264	200	|
|309	472	303	336	429	617	284	311	123	70	444	393	443	467	381	450	460	402	0	442	477	68	192	424	426	413	|
|253	151	141	120	129	245	397	132	398	406	446	401	44	183	102	145	308	56	442	0	143	375	273	164	315	251	|
|201	12	225	226	271	141	339	216	398	424	339	305	187	326	106	288	183	118	477	143	0	416	286	63	202	142	|
|260	411	236	268	363	556	266	244	115	69	421	367	375	403	316	384	415	336	68	375	416	0	135	365	384	363	|
|127	280	155	194	303	426	186	159	125	139	318	261	286	356	195	328	284	224	192	273	286	135	0	232	256	229	|
|138	53	202	213	282	195	276	193	338	367	288	249	206	341	84	303	143	119	424	164	63	365	232	0	153	89	|
|130	190	311	335	424	284	184	305	313	359	137	109	355	484	221	446	39	264	426	315	202	384	256	153	0	64	|
|104	130	256	277	361	243	210	249	309	349	199	163	291	421	158	383	65	200	413	251	142	363	229	89	64	0	|

--------------------------------------------------------------------------------
Building model...
	using lazy and cut (CVRPSEP package)
Solving IRP LP...
--------------------------------------------------------------------------------

Gurobi 9.1.0 (linux64) logging started Fri Jan 29 02:15:57 2021

Gurobi Optimizer version 9.1.0 build v9.1.0rc0 (linux64)
Thread count: 32 physical cores, 32 logical processors, using up to 2 threads
Optimize a model with 2588 rows, 9206 columns and 33662 nonzeros
Model fingerprint: 0xfc03a7ac
Variable types: 782 continuous, 8424 integer (624 binary)
Coefficient statistics:
  Matrix range     [1e+00, 4e+02]
  Objective range  [1e-01, 6e+02]
  Bounds range     [1e+00, 2e+02]
  RHS range        [1e+01, 3e+03]
Presolve removed 200 rows and 29 columns
Presolve time: 0.09s
Presolved: 2388 rows, 9177 columns, 32985 nonzeros
Variable types: 756 continuous, 8421 integer (7821 binary)

Root relaxation: objective 1.429728e+04, 2433 iterations, 0.11 seconds

    Nodes    |    Current Node    |     Objective Bounds      |     Work
 Expl Unexpl |  Obj  Depth IntInf | Incumbent    BestBd   Gap | It/Node Time

     0     0 14297.2777    0  268          - 14297.2777      -     -    0s
     0     0 14482.0614    0  268          - 14482.0614      -     -    0s
     0     0 14505.4016    0  267          - 14505.4016      -     -    0s
     0     0 14510.1703    0  254          - 14510.1703      -     -    1s
     0     0 14510.2149    0  257          - 14510.2149      -     -    1s
     0     0 14996.1592    0  287          - 14996.1592      -     -    1s
     0     0 15097.6425    0  292          - 15097.6425      -     -    1s
     0     0 15108.0896    0  354          - 15108.0896      -     -    1s
     0     0 15108.1388    0  357          - 15108.1388      -     -    1s
     0     0 15622.1626    0  397          - 15622.1626      -     -    2s
     0     0 15671.2653    0  441          - 15671.2653      -     -    3s
     0     0 15701.9753    0  404          - 15701.9753      -     -    3s
     0     0 15739.2116    0  407          - 15739.2116      -     -    3s
     0     0 15741.0367    0  436          - 15741.0367      -     -    3s
     0     0 15742.2961    0  395          - 15742.2961      -     -    3s
     0     0 15749.4232    0  433          - 15749.4232      -     -    3s
     0     0 15754.2804    0  452          - 15754.2804      -     -    3s
     0     0 15754.5038    0  434          - 15754.5038      -     -    4s
     0     0 15930.5316    0  441          - 15930.5316      -     -    5s
     0     0 15991.4950    0  401          - 15991.4950      -     -    5s
     0     0 15993.3026    0  446          - 15993.3026      -     -    6s
     0     0 15995.6308    0  466          - 15995.6308      -     -    6s
     0     0 15995.8094    0  457          - 15995.8094      -     -    6s
     0     0 16058.6145    0  431          - 16058.6145      -     -    6s
     0     0 16065.2800    0  478          - 16065.2800      -     -    7s
     0     0 16067.4805    0  386          - 16067.4805      -     -    7s
     0     0 16071.2492    0  389          - 16071.2492      -     -    7s
     0     0 16075.2372    0  441          - 16075.2372      -     -    7s
     0     0 16075.7793    0  505          - 16075.7793      -     -    7s
     0     0 16082.0704    0  467          - 16082.0704      -     -    8s
     0     0 16084.0700    0  400          - 16084.0700      -     -    8s
     0     0 16084.5880    0  461          - 16084.5880      -     -    8s
     0     0 16091.4727    0  432          - 16091.4727      -     -    9s
     0     0 16091.4727    0  376          - 16091.4727      -     -   10s
     0     2 16093.2749    0  370          - 16093.2749      -     -   11s
     7    10 16157.9775    3  486          - 16094.9458      -   970   15s
    17    20 16230.9148    6  419          - 16094.9458      -  1381   20s
    28    33 16316.8805    9  471          - 16094.9458      -  1461   25s
    41    45 16510.1187   14  526          - 16094.9458      -  1449   30s
    51    52 16786.3526   16  489          - 16094.9458      -  1387   36s
    68    73 16713.3746   20  532          - 16094.9458      -  1239   40s
    94    99 17163.5967   29  408          - 16094.9458      -  1102   46s
   122   133 17424.0714   39  414          - 16094.9458      -   952   50s
   178   186 17821.8542   61  293          - 16094.9458      -   761   55s
   229   250 18501.8748   81  317          - 16094.9458      -   661   60s
   336   353 18930.8280  137  218          - 16094.9458      -   497   65s
   444   445 20143.8442  189  145          - 16094.9477      -   418   72s
   490   488 16631.9523    6  712          - 16094.9477      -   412   76s
   561   592 16708.6147    8  615          - 16094.9477      -   385   81s
   675   660 16854.4520   10  642          - 16094.9477      -   347   86s
   767   740 16849.2874   14  590          - 16094.9477      -   320   92s
   791   754 19338.0649  167  376          - 16094.9477      -   327   96s
   796   757 19383.1045  176  325          - 16094.9477      -   325  100s
   809   766 18168.9061   71  637          - 16656.1332      -   320  105s
   817   771 21622.8488  259  612          - 16712.8289      -   317  110s
   829   779 19307.0002  162  614          - 16741.8386      -   312  115s
   847   791 18728.9362  122  712          - 16752.2368      -   305  120s
   858   799 21576.2577  247  792          - 16759.7106      -   301  125s
   870   807 18913.5149  134  784          - 16763.1764      -   297  130s
   881   814 17194.1681   49  820          - 16764.3109      -   294  135s
   892   821 18626.1784  105  764          - 16767.6921      -   290  140s
   904   831 20344.2867  214  329          - 16767.7387      -   333  145s
   912   836 20047.7423  204  660          - 16767.7387      -   330  150s
   924   844 18677.2977  111  790          - 16767.7686      -   326  155s
   931   849 16768.1133   14  756          - 16768.1133      -   323  160s
   940   855 18913.5149  134  755          - 16769.2665      -   320  165s
   947   859 18728.9362  122  775          - 16769.3181      -   318  170s
   955   865 19338.0649  167  778          - 16770.1523      -   315  175s
   964   871 20373.1780  209  775          - 16771.0153      -   312  181s
   971   878 16807.0675   29  729          - 16786.8853      -   350  185s
   979   884 16826.9442   31  734          - 16816.1530      -   364  190s
   987   890 16937.4945   33  640          - 16832.1206      -   378  195s
  1001   899 16872.1141   36  712          - 16839.6871      -   389  200s
  1011   906 16953.9604   39  623          - 16839.6871      -   404  205s
  1026   919 16943.7926   43  493          - 16839.6871      -   418  210s
  1061   942 16958.8929   52  468          - 16839.6871      -   421  215s
  1095   970 16988.8994   60  367          - 16839.6871      -   428  220s
  1133   995 17037.0222   69  413          - 16839.6871      -   435  226s
  1163  1016 17083.3674   77  473          - 16839.6871      -   443  231s
  1191  1035 17136.7093   83  425          - 16839.6871      -   445  235s
  1233  1062 17209.0607   91  376          - 16839.6871      -   449  241s
  1262  1083 17335.9580   97  379          - 16839.6871      -   453  245s
  1309  1114 17368.5178  108  326          - 16839.6871      -   458  252s
  1325  1126 17373.5936  113  365          - 16839.6871      -   461  255s
  1371  1153 17684.7503  125  353          - 16839.6871      -   461  261s
  1413  1193 17804.1796  136  329          - 16839.6871      -   463  267s
  1445  1213 17885.2025  143  332          - 16839.6871      -   461  270s
  1513  1254 18409.8072  158  279          - 16839.6871      -   456  277s
  1547  1261 18447.9607  169  276          - 16839.6871      -   454  281s
  1584  1274 18492.2098  179  270          - 16839.6871      -   453  285s
  1642  1339 18721.1513  205  208          - 16839.6871      -   455  293s
  1701  1384 19029.2300  231  155          - 16839.6871      -   448  298s
  1766  1440 19381.6011  261  188          - 16839.6871      -   440  303s
  1844  1480 19899.3823  296  180          - 16839.6871      -   429  308s
  1910  1515 20136.3779  325  160          - 16839.6871      -   423  313s
  1967  1514 20376.0391  350  164          - 16839.6871      -   419  327s
  1985  1595 20973.7765  354  137          - 16839.6871      -   419  332s
  2084  1586 21397.7857  398  126          - 16858.9595      -   408  338s
  2134  1590 17038.4693   32  682          - 16858.9595      -   407  343s
  2154  1611 17022.9506   33  561          - 16858.9595      -   410  347s
  2182  1632 17080.5634   39  539          - 16858.9595      -   412  353s
  2212  1651 17115.3878   42  474          - 16858.9595      -   413  358s
  2241  1675 17108.8894   47  514          - 16858.9595      -   416  364s
  2275  1706 17157.8867   49  460          - 16858.9595      -   417  370s
  2317  1734 17227.9325   54  330          - 16858.9595      -   417  376s
  2359  1769 17262.6508   61  342          - 16858.9595      -   418  382s
  2408  1803 17295.4718   69  400          - 16858.9595      -   417  388s
  2461  1842 17379.0128   77  469          - 16858.9595      -   417  395s
  2517  1908 17434.1293   81  429          - 16858.9595      -   416  402s
  2602  1951 17538.1577   91  415          - 16858.9595      -   411  410s
  2677  2007 17644.4376  107  376          - 16858.9595      -   409  419s
  2758  2069 17695.7669  121  363          - 16858.9595      -   406  427s
  2847  2130 17919.5029  143  364          - 16858.9595      -   402  436s
  2938  2186 17956.6047  158  388          - 16858.9595      -   399  445s
  3024  2265 18138.9930  172  337          - 16858.9595      -   397  454s
  3154  2387 18832.6031  191  245          - 16858.9595      -   390  464s
  3220  2365 18988.3088  213  168          - 16858.9595      -   386  465s
  3319  2637 19044.5751  221  155          - 16858.9595      -   381  475s
  3664  2793 19372.4286  243  118          - 16858.9595      -   356  490s
* 3921  2788             537    22172.240000 16858.9595  24.0%   341  492s
  3929  2881 21584.8659  301   87 22172.2400 16875.9546  23.9%   343  506s
* 4008  2861             335    21947.420000 16875.9546  23.1%   338  506s
* 4019  2852             340    21900.860000 16875.9546  22.9%   337  506s
  4080  2836 17272.0948   36  581 21900.8600 16875.9546  22.9%   336  516s
  4111  2871 17635.4373   46  472 21900.8600 16875.9546  22.9%   339  524s
  4146  2937 18010.6535   50  447 21900.8600 16875.9546  22.9%   343  534s
  4212  3000 18156.6173   60  396 21900.8600 16875.9546  22.9%   344  545s
  4275  3070 18484.3904   66  332 21900.8600 16875.9546  22.9%   344  639s
  4345  3141 18679.7775   73  338 21900.8600 16875.9546  22.9%   346  651s
  4432  3245 18859.7871   80  305 21900.8600 16875.9546  22.9%   346  664s
  4529  3245 19663.5620  137  147 21900.8600 16875.9546  22.9%   343  665s
  4540  3486 19011.2936   92  292 21900.8600 16875.9546  22.9%   343  679s
  4588  3486 19210.8653  110  340 21900.8600 16875.9546  22.9%   342  680s
  4787  3676 19376.4570  113  222 21900.8600 16875.9546  22.9%   335  731s
H 4981  2429                    19624.260000 16875.9546  14.0%   328  734s
  4982  2303     cutoff  133      19624.2600 16877.4618  14.0%   328  748s
  5042  2343 17105.3419   36  599 19624.2600 16883.5148  14.0%   330  766s
  5084  2449 17693.0649   60  394 19624.2600 16883.5148  14.0%   332  779s
  5190  2504 19243.0226  125  110 19624.2600 16883.5148  14.0%   331  795s
  5279  2574 17791.3596   45  353 19624.2600 16902.3115  13.9%   332  811s
  5379  2610 17371.7893   38  576 19624.2600 16913.1147  13.8%   333  825s
  5415  2658 17727.9282   45  594 19624.2600 16913.1147  13.8%   337  840s
  5463  2701 18029.6248   55  480 19624.2600 16913.1147  13.8%   341  855s
  5506  2786 18318.1824   58  345 19624.2600 16913.1147  13.8%   345  871s
  5591  2874 18636.8903   79  451 19624.2600 16913.1147  13.8%   347  888s
  5679  2991 18957.1334  104  275 19624.2600 16913.7635  13.8%   349  907s
  5824  3081 17108.1162   38  725 19624.2600 16913.7635  13.8%   348  926s
  5920  3133 17525.7819   44  600 19624.2600 16913.7635  13.8%   350  944s
  5994  3249 17881.6297   50  488 19624.2600 16913.7635  13.8%   353  962s
  6128  3317 18325.1860   63  394 19624.2600 16913.7635  13.8%   352  981s
  6200  3393 19090.7643   77  403 19624.2600 16928.0231  13.7%   354 1002s
  6322  3485 17807.4229   37  669 19624.2600 16929.5699  13.7%   355 1026s
H 6413  2878                    19190.670000 16929.5699  11.8%   356 1027s
  6414  2947     cutoff   73      19190.6700 16931.5012  11.8%   356 1045s
  6511  3093 17821.9526   48  407 19190.6700 16933.3391  11.8%   357 1065s
  6672  3147 17334.2999   30  669 19190.6700 16933.3391  11.8%   356 1084s
  6736  3238 18160.7923   56  498 19190.6700 16936.8173  11.7%   358 1104s
  6768  3238 18752.1267   88  401 19190.6700 16936.8173  11.7%   358 1105s
  6854  3297 17245.6602   36  641 19190.6700 16936.8797  11.7%   359 1124s
  6913  3382 17721.2864   46  391 19190.6700 16936.8797  11.7%   362 1143s
  6998  3485 18072.4738   68  397 19190.6700 16936.8797  11.7%   363 1164s
  7103  3703 18431.9709   85  300 19190.6700 16936.8797  11.7%   363 1188s
  7304  3703 18726.7149  133  229 19190.6700 16936.8797  11.7%   360 1190s
  7353  3784 19100.9849  143  178 19190.6700 16937.5355  11.7%   359 1213s
  7446  3899 18776.8484   83  347 19190.6700 16947.1461  11.7%   361 1239s
  7588  4020 17670.9147   41  532 19190.6700 16947.8046  11.7%   363 1267s
  7735  4130 17180.4412   46  614 19190.6700 16947.9458  11.7%   364 1297s
  7883  4241 17271.9312   39  677 19190.6700 16947.9992  11.7%   365 1323s
  8006  4374 18533.6465   75  291 19190.6700 16949.1941  11.7%   367 1350s
  8191  4500 18135.9435   73  415 19190.6700 16950.0789  11.7%   366 1378s
  8347  4611 18364.4434   93  207 19190.6700 16953.9747  11.7%   366 1404s
  8414  4611 18281.1334   93  250 19190.6700 16954.2489  11.7%   366 1405s
  8484  4695 18738.5281   82  425 19190.6700 16960.5462  11.6%   366 1431s
  8594  4763 17180.4575   49  543 19190.6700 16961.7754  11.6%   368 1457s
  8662  4871 17340.4467   66  435 19190.6700 16961.7754  11.6%   372 1484s
  8722  4871 17345.7053   66  505 19190.6700 16961.7754  11.6%   373 1485s
  8770  5035 17841.5837   96  290 19190.6700 16961.7754  11.6%   374 1516s
  8934  5170 18575.0469  147  234 19190.6700 16963.0891  11.6%   374 1545s
  9108  5306 18912.0294   90  388 19190.6700 16963.5097  11.6%   374 1575s
  9298  5426 17364.6863   45  584 19190.6700 16968.4258  11.6%   374 1605s
  9446  5554 17215.7800   49  578 19190.6700 16975.0960  11.5%   375 1635s
  9599  5656 17393.2212   49  519 19190.6700 16981.8168  11.5%   376 1662s
  9727  5764 17332.4179   44  668 19190.6700 16981.8399  11.5%   377 1693s
H 9788  5723                    19168.520000 16981.8399  11.4%   378 1693s
  9848  5829 18607.5054  105  362 19168.5200 16987.5241  11.4%   378 1721s
  9986  5930 17689.5330   52  602 19168.5200 16987.6710  11.4%   379 1752s
 10109  6012 17418.2352   33  470 19168.5200 16987.6710  11.4%   381 1781s
 10197  6083 18592.0929   78  503 19168.5200 16987.8755  11.4%   383 1810s
 10298  6145 17810.1094   45  401 19168.5200 16991.3779  11.4%   385 1838s
 10362  6235 18224.1065   53  603 19168.5200 16991.3779  11.4%   388 1866s
 10457  6417 18807.5913   63  499 19168.5200 16991.3779  11.4%   390 1900s
 10686  6520 17215.7966   62  520 19168.5200 16993.2011  11.3%   389 1930s
 10809  6602 17421.3459   72  447 19168.5200 16994.8094  11.3%   390 1962s
 10911  6747 17781.3254   66  554 19168.5200 16997.9564  11.3%   391 1991s
 11068  6872 17751.0905   76  410 19168.5200 16999.2896  11.3%   391 2023s
 11177  6872 18831.0818  127  312 19168.5200 16999.3279  11.3%   391 2025s
 11236  6999 18133.1444   69  444 19168.5200 17000.2463  11.3%   391 2053s
 11352  6999 18620.2118   83  356 19168.5200 17001.5935  11.3%   392 2055s
 11382  7147 17775.9236   64  395 19168.5200 17001.5935  11.3%   392 2084s
 11423  7147 18061.6737   88  320 19168.5200 17001.5935  11.3%   392 2085s
 11539  7283     cutoff  112      19168.5200 17001.5935  11.3%   393 2120s
 11715  7369 17468.6986   42  630 19168.5200 17001.6649  11.3%   394 2151s
 11829  7481 18849.5486   97  354 19168.5200 17004.1707  11.3%   396 2182s
 11974  7567 17640.8262   38  670 19168.5200 17011.8574  11.3%   396 2212s
 12060  7649 19145.0669   83  344 19168.5200 17012.5987  11.2%   398 2244s
 12145  7649 19134.1031  119  197 19168.5200 17012.7207  11.2%   399 2245s
 12164  7736 17641.3240   63  503 19168.5200 17012.7207  11.2%   400 2274s
 12251  7886 17877.5686   90  316 19168.5200 17013.1291  11.2%   402 2308s
 12427  7918 17558.3489   51  577 19168.5200 17013.1291  11.2%   402 2346s
 12459  8168 17674.3670   55  479 19168.5200 17014.7043  11.2%   403 2382s
 12773  8227 17591.2574   31  835 19168.5200 17017.6177  11.2%   400 2416s
 12846  8307 18490.4142   52  511 19168.5200 17019.5949  11.2%   401 2446s
 12943  8404 17927.2025   33  808 19168.5200 17022.6698  11.2%   403 2477s
 13061  8518 17348.7074   40  566 19168.5200 17022.9911  11.2%   404 2508s
 13189  8639 18754.2496   98  357 19168.5200 17024.9817  11.2%   405 2540s
 13340  8744 18308.6711   67  425 19168.5200 17026.4632  11.2%   405 2572s
 13477  8829 18842.4837   76  473 19168.5200 17027.3798  11.2%   406 2604s
 13547  8829 17444.3686   37  516 19168.5200 17029.8064  11.2%   407 2605s
 13614  8939 17604.5204   54  428 19168.5200 17029.8082  11.2%   407 2636s
 13752  8979 17906.0593   55  477 19168.5200 17030.9380  11.2%   409 2846s
H13771  8458                    19044.820000 17030.9380  10.6%   409 2847s
 13792  8618 18341.8056   75  410 19044.8200 17030.9505  10.6%   410 2882s
 13973  8731 18059.7484   69  326 19044.8200 17031.6832  10.6%   410 2917s
 14113  8904 18514.0576   92  346 19044.8200 17031.8769  10.6%   411 2953s
 14321  9060 17066.9962   35  519 19044.8200 17032.3181  10.6%   411 2989s
 14501  9216 17528.2019   66  481 19044.8200 17032.6153  10.6%   411 3025s
H14703  9253                    19023.690000 17034.3380  10.5%   411 3061s
H14886  8882                    18951.410000 17034.7175  10.1%   412 3096s
 15004  8973 17511.3768   73  538 18951.4100 17038.5822  10.1%   414 3131s
H15128  8643                    18878.050000 17041.8342  9.73%   415 3166s
 15272  8789 17512.6206   55  567 18878.0500 17043.3988  9.72%   417 3202s
 15441  8955 17825.1031   84  429 18878.0500 17043.4978  9.72%   417 3240s
 15643  9111 18205.3680   97  299 18878.0500 17044.7153  9.71%   417 3277s
 15831  9257 17443.4657   40  596 18878.0500 17045.5569  9.71%   417 3314s
 15956  9257 18484.9731  128  136 18878.0500 17046.3774  9.70%   417 3315s
 16007  9355 17544.4341   46  497 18878.0500 17047.1816  9.70%   417 3349s
 16121  9444 17798.2978   48  563 18878.0500 17050.1996  9.68%   419 3384s
 16239  9444 18011.6203   74  382 18878.0500 17050.6514  9.68%   420 3385s
 16260  9582 18331.2933   95  347 18878.0500 17051.2317  9.68%   420 3420s
 16442  9725 18671.1490   76  256 18878.0500 17052.9878  9.67%   420 3458s
 16595  9848 18207.6786   67  478 18878.0500 17054.9713  9.66%   421 3496s
 16769  9989 18140.4806   74  482 18878.0500 17061.8236  9.62%   422 3534s
 16845  9989 18619.7263   56  240 18878.0500 17061.8236  9.62%   422 3535s
 16935 10076     cutoff   61      18878.0500 17062.5147  9.62%   422 3572s
 17051 10155 17477.2343   59  475 18878.0500 17064.0719  9.61%   424 3600s

Cutting planes:
  User: 7554
  Gomory: 61
  Cover: 635
  Implied bound: 94
  Projected implied bound: 3
  Clique: 13
  MIR: 602
  StrongCG: 2
  Flow cover: 1043
  Inf proof: 6
  Zero half: 13
  RLT: 512
  Relax-and-lift: 18
  Lazy constraints: 364

Explored 17171 nodes (7320210 simplex iterations) in 3601.00 seconds
Thread count was 2 (of 32 available processors)

Solution count 10: 18878.1 18951.4 19023.7 ... 22172.2

Time limit reached
Best objective 1.887805000000e+04, best bound 1.706491458689e+04, gap 9.6045%

User-callback calls 316911, time in user-callback 153.75 sec
================================================================================
executing instance: ./input/Instances/Original/6/absH6high_1n20.dat
--------------------------------------------------------------------------------
Instance details
n	21
H	6
C	1651
Li:
[0, 0, 0, 0, 0, 0, 0, 0, 0, 0, 0, 0, 0, 0, 0, 0, 0, 0, 0, 0, 0, ]
Ui:
[0, 36, 182, 182, 90, 261, 117, 30, 110, 42, 276, 153, 40, 94, 144, 46, 129, 213, 264, 160, 174, ]
Distance matrix:
|0	371	401	343	361	341	370	115	392	400	79	266	292	245	355	431	265	194	95	92	348	|
|371	0	37	141	110	250	117	438	67	131	372	305	115	238	247	255	235	296	392	430	185	|
|401	37	0	175	100	284	146	472	90	156	406	342	152	275	280	282	242	333	415	455	178	|
|343	141	175	0	239	110	38	374	95	60	314	182	67	130	106	127	318	201	397	423	303	|
|361	110	100	239	0	341	222	451	177	240	385	374	190	304	341	361	151	345	354	398	78	|
|341	250	284	110	341	0	143	337	203	151	289	102	152	97	15	95	394	156	415	431	398	|
|370	117	146	38	222	143	0	407	61	30	346	220	81	167	137	139	317	237	417	447	292	|
|115	438	472	374	451	337	407	0	443	434	66	241	339	251	351	431	374	181	201	177	450	|
|392	67	90	95	177	203	61	443	0	66	379	275	104	216	197	193	294	283	427	461	252	|
|400	131	156	60	240	151	30	434	66	0	374	237	112	189	142	127	344	261	448	477	312	|
|79	372	406	314	385	289	346	66	379	374	0	202	275	197	304	383	316	134	175	166	388	|
|266	305	342	182	374	102	220	241	275	237	202	0	191	70	117	196	386	73	352	359	415	|
|292	115	152	67	190	152	81	339	104	112	275	191	0	123	154	193	252	183	336	366	246	|
|245	238	275	130	304	97	167	251	216	189	197	70	123	0	110	187	322	72	319	334	346	|
|355	247	280	106	341	15	137	351	197	142	304	117	154	110	0	80	399	171	427	444	400	|
|431	255	282	127	361	95	139	431	193	127	383	196	193	187	80	0	444	251	499	519	429	|
|265	235	242	318	151	394	317	374	294	344	316	386	252	322	399	444	0	332	226	273	97	|
|194	296	333	201	345	156	237	181	283	261	134	73	183	72	171	251	332	0	279	286	375	|
|95	392	415	397	354	415	417	201	427	448	175	352	336	319	427	499	226	279	0	47	321	|
|92	430	455	423	398	431	447	177	461	477	166	359	366	334	444	519	273	286	47	0	368	|
|348	185	178	303	78	398	292	450	252	312	388	415	246	346	400	429	97	375	321	368	0	|

--------------------------------------------------------------------------------
Building model...
	using lazy and cut (CVRPSEP package)
Solving IRP LP...
--------------------------------------------------------------------------------

Gurobi 9.1.0 (linux64) logging started Fri Jan 29 03:16:01 2021

Gurobi Optimizer version 9.1.0 build v9.1.0rc0 (linux64)
Thread count: 32 physical cores, 32 logical processors, using up to 2 threads
Optimize a model with 2073 rows, 6171 columns and 22737 nonzeros
Model fingerprint: 0x13d74747
Variable types: 627 continuous, 5544 integer (504 binary)
Coefficient statistics:
  Matrix range     [1e+00, 4e+02]
  Objective range  [1e-01, 5e+02]
  Bounds range     [1e+00, 3e+02]
  RHS range        [1e+01, 3e+03]
Presolve removed 165 rows and 24 columns
Presolve time: 0.06s
Presolved: 1908 rows, 6147 columns, 22165 nonzeros
Variable types: 606 continuous, 5541 integer (5061 binary)

Root relaxation: objective 1.357532e+04, 2054 iterations, 0.08 seconds

    Nodes    |    Current Node    |     Objective Bounds      |     Work
 Expl Unexpl |  Obj  Depth IntInf | Incumbent    BestBd   Gap | It/Node Time

     0     0 13575.3185    0  224          - 13575.3185      -     -    0s
     0     0 13780.6429    0  225          - 13780.6429      -     -    0s
     0     0 13803.1450    0  211          - 13803.1450      -     -    0s
     0     0 13803.4067    0  201          - 13803.4067      -     -    0s
     0     0 13803.4067    0  205          - 13803.4067      -     -    0s
     0     0 13973.9637    0  321          - 13973.9637      -     -    1s
     0     0 14047.8660    0  274          - 14047.8660      -     -    1s
     0     0 14058.2702    0  340          - 14058.2702      -     -    1s
     0     0 14061.8767    0  344          - 14061.8767      -     -    1s
     0     0 14061.9532    0  345          - 14061.9532      -     -    1s
     0     0 14284.9602    0  346          - 14284.9602      -     -    2s
     0     0 14416.6639    0  370          - 14416.6639      -     -    2s
     0     0 14428.6259    0  377          - 14428.6259      -     -    2s
     0     0 14434.3679    0  404          - 14434.3679      -     -    2s
     0     0 14434.8498    0  441          - 14434.8498      -     -    2s
     0     0 14434.8498    0  447          - 14434.8498      -     -    2s
     0     0 14530.7665    0  375          - 14530.7665      -     -    3s
     0     0 14567.8095    0  421          - 14567.8095      -     -    3s
     0     0 14576.7973    0  482          - 14576.7973      -     -    4s
     0     0 14579.1887    0  506          - 14579.1887      -     -    4s
     0     0 14582.4108    0  497          - 14582.4108      -     -    4s
     0     0 14585.7552    0  514          - 14585.7552      -     -    4s
     0     0 14585.9161    0  493          - 14585.9161      -     -    4s
     0     0 14601.6666    0  466          - 14601.6666      -     -    4s
     0     0 14609.7146    0  471          - 14609.7146      -     -    5s
     0     0 14612.6772    0  470          - 14612.6772      -     -    5s
     0     0 14613.2441    0  480          - 14613.2441      -     -    5s
     0     0 14632.0386    0  464          - 14632.0386      -     -    5s
     0     0 14652.3095    0  462          - 14652.3095      -     -    6s
     0     0 14669.0780    0  450          - 14669.0780      -     -    6s
     0     0 14671.2591    0  425          - 14671.2591      -     -    6s
     0     0 14672.0079    0  415          - 14672.0079      -     -    6s
     0     0 14683.5148    0  505          - 14683.5148      -     -    7s
     0     0 14688.8933    0  476          - 14688.8933      -     -    7s
     0     0 14689.5349    0  448          - 14689.5349      -     -    7s
     0     0 14691.4276    0  474          - 14691.4276      -     -    7s
     0     0 14691.4276    0  449          - 14691.4276      -     -    8s
     0     2 14691.4576    0  385          - 14691.4576      -     -    9s
     5     8 14736.4757    2  458          - 14691.7824      -   704   10s
    35    39 14734.5945   12  652          - 14704.9812      -   730   15s
    54    57 14857.9483   17  596          - 14704.9812      -   914   20s
    78    86 14919.7241   26  509          - 14704.9812      -   833   25s
   117   123 15245.1315   37  481          - 14704.9812      -   762   30s
   159   165 15526.8481   51  418          - 14704.9812      -   686   35s
   209   214 16013.6221   65  352          - 14705.1773      -   633   41s
   252   248 14908.6593    9  612          - 14705.1773      -   600   45s
   289   272 15064.2024   17  520          - 14705.1773      -   594   51s
   321   299 15272.9882   26  459          - 14705.1773      -   608   56s
   338   319 15548.9988   34  432          - 14705.1773      -   623   60s
   382   372 15971.6356   51  386          - 14705.1773      -   617   65s
   472   434 15140.7601   23  483          - 14705.1773      -   547   70s
   518   474 15014.5625   11  528          - 14710.0071      -   545   76s
   550   520 15001.3300   15  540          - 14710.0071      -   545   81s
   618   600 15141.0312   25  528          - 14710.0071      -   521   86s
   694   679 15277.3860   30  413          - 14710.0071      -   493   92s
   741   682 15216.1348   29  237          - 14710.0071      -   477   95s
   755   691 15214.9117   27  636          - 14895.2876      -   468  101s
   768   700 16138.4504   58  604          - 14921.1040      -   460  105s
   782   709 15543.3628   46  744          - 14940.4968      -   452  110s
   792   716 15165.8190   20  735          - 14956.8212      -   446  115s
   806   725 14975.2608   28  691          - 14975.2608      -   438  120s
   815   731 15363.5667   40  761          - 14977.9842      -   433  125s
   826   740 15435.5759   46  399          - 14978.1528      -   476  130s
   838   748 17225.4848   79  747          - 14978.2761      -   469  135s
   847   754 16053.5008   72  740          - 14979.6356      -   464  140s
   861   766 15041.9700   34  523          - 15032.8639      -   493  145s
   882   782 15081.7080   39  600          - 15043.5500      -   505  150s
   898   793 15108.1832   43  564          - 15043.5500      -   518  156s
   914   804 15151.8453   47  543          - 15043.5500      -   529  160s
   935   818 15236.5120   52  587          - 15043.5500      -   545  165s
   948   828 15201.1106   56  539          - 15043.5500      -   555  170s
   972   846 15259.5412   63  622          - 15043.5500      -   567  176s
   994   859 15336.9221   69  550          - 15043.5500      -   575  180s
  1013   873 15443.8197   74  451          - 15043.5500      -   581  185s
  1038   889 15417.3361   81  434          - 15043.5500      -   588  190s
  1065   904 15574.7422   89  500          - 15043.5500      -   598  195s
  1086   923 15665.3495   96  450          - 15043.5500      -   604  200s
  1118   937 15757.2800  105  449          - 15043.5500      -   606  205s
  1151   953 infeasible  114               - 15043.5500      -   607  210s
  1187   980 16370.6407  123  375          - 15043.5500      -   609  215s
  1236  1017 17093.6555  136  305          - 15043.5500      -   606  220s
  1312  1075 17695.9662  158  245          - 15043.5500      -   593  227s
  1356  1108 17892.2382  173  290          - 15043.5500      -   583  230s
  1448  1156 18467.1727  202  248          - 15043.5500      -   565  236s
  1490  1192 18542.5265  216  278          - 15043.5500      -   559  240s
  1629  1269 19500.8897  256  200          - 15043.5500      -   530  247s
  1691  1333 19952.6895  274  195          - 15043.5500      -   519  250s
  1820  1414 20332.8740  321   80          - 15043.5500      -   495  255s
  1976  1491 21566.3419  384   16          - 15043.5500      -   464  260s
* 2061  1498             404    24339.370000 15044.2914  38.2%   449  264s
* 2062  1462             405    24324.230000 15044.2914  38.2%   449  264s
  2166  1530 15608.4449   36  460 24324.2300 15044.2914  38.2%   435  268s
  2307  1497 15612.1239   40  460 24324.2300 15044.2914  38.2%   413  273s
  2331  1514 15680.8640   46  493 24324.2300 15044.2914  38.2%   414  276s
  2376  1546 15774.5613   61  440 24324.2300 15044.2914  38.2%   415  282s
  2403  1564 15841.6885   70  464 24324.2300 15044.2914  38.2%   415  286s
  2430  1586 15995.6505   79  384 24324.2300 15044.2914  38.2%   415  290s
  2493  1650 16672.3327   99  297 24324.2300 15044.2914  38.2%   414  299s
  2530  1638 17049.2011  118  254 24324.2300 15044.2914  38.2%   410  300s
  2550  1690 17479.5866  118  276 24324.2300 15044.2914  38.2%   411  305s
  2611  1727 18285.7067  143  228 24324.2300 15044.2914  38.2%   407  310s
  2668  1841 19076.5503  167  196 24324.2300 15044.2914  38.2%   403  316s
  2807  1873 infeasible  233      24324.2300 15044.2914  38.2%   390  324s
  2879  1849 22085.9595  269   64 24324.2300 15044.2914  38.2%   381  325s
  2929  1885 15265.0207   40  588 24324.2300 15053.7263  38.1%   383  334s
  2950  1902 15178.0749   46  583 24324.2300 15053.7263  38.1%   384  357s
  2967  1932 15279.4387   50  565 24324.2300 15053.7263  38.1%   385  362s
  3001  1968 15280.2252   56  599 24324.2300 15053.7263  38.1%   385  368s
  3037  2000 15478.6938   60  525 24324.2300 15053.7263  38.1%   385  374s
  3069  2036 15382.7608   66  603 24324.2300 15053.7263  38.1%   386  379s
  3111  2099 15422.5576   69  567 24324.2300 15053.7263  38.1%   385  386s
  3178  2153 15543.0111   73  483 24324.2300 15053.7263  38.1%   382  392s
  3238  2261 15786.3997   77  359 24324.2300 15053.7263  38.1%   380  400s
  3374  2274 15833.0215   80  463 24324.2300 15053.7263  38.1%   372  408s
H 3390  2260                    23818.210000 15053.7263  36.8%   372  408s
  3405  2295 16108.6782   81  463 23818.2100 15053.7263  36.8%   373  415s
  3440  2329 16084.2330   90  437 23818.2100 15053.7263  36.8%   372  427s
  3474  2392 16229.0043   96  397 23818.2100 15053.7263  36.8%   373  434s
  3537  2547 16394.3518  107  384 23818.2100 15053.7263  36.8%   371  443s
  3693  2608 16664.9968  123  372 23818.2100 15053.7263  36.8%   360  453s
  3787  2667 17059.0920  134  350 23818.2100 15053.7263  36.8%   356  461s
  3846  2752 17885.9480  148  313 23818.2100 15053.7263  36.8%   356  471s
  3933  2845 18125.8416  154  319 23818.2100 15053.7263  36.8%   353  480s
  4044  2939 18930.8153  182  277 23818.2100 15053.7263  36.8%   349  490s
  4153  3082 19058.6604  201  237 23818.2100 15053.7263  36.8%   346  500s
  4316  3379 20378.3294  237  135 23818.2100 15065.8026  36.7%   339  515s
  4671  3433 15182.9688   33  603 23818.2100 15065.8026  36.7%   321  527s
  4706  3483 15476.8352   46  533 23818.2100 15065.8026  36.7%   322  536s
  4756  3569 15578.1547   59  541 23818.2100 15065.8026  36.7%   324  546s
  4844  3660 15614.8692   68  513 23818.2100 15065.8026  36.7%   322  558s
  4959  3711 15996.8513   76  390 23818.2100 15065.8026  36.7%   320  568s
  5010  3741 16210.2030   89  299 23818.2100 15065.8026  36.7%   321  580s
  5040  3849 16638.4478   96  333 23818.2100 15065.8026  36.7%   322  590s
  5148  3906 16960.4201  110  307 23818.2100 15065.8026  36.7%   320  603s
  5215  3935 17410.8086  120  284 23818.2100 15065.8026  36.7%   320  615s
H 5236  3931                    23618.540000 15065.8026  36.2%   320  615s
  5251  4038 17585.8644  125  304 23618.5400 15065.8026  36.2%   321  626s
  5364  4263 18538.6227  161  211 23618.5400 15079.9694  36.2%   319  643s
  5539  4263 19772.6818  215   79 23618.5400 15079.9694  36.2%   313  645s
  5657  4371 22130.8500  238    8 23618.5400 15082.4355  36.1%   311  658s
  5781  4489 22999.7062  239   25 23618.5400 15086.6142  36.1%   310  673s
  5937  4519     cutoff  249      23618.5400 15088.2508  36.1%   308  686s
  5972  4566 15579.1765   51  556 23618.5400 15088.7322  36.1%   311  697s
  6021  4652 16042.1249   67  415 23618.5400 15088.7322  36.1%   312  709s
  6059  4652 17322.5257   82  349 23618.5400 15088.7322  36.1%   312  710s
  6127  4795 18032.6747  105  334 23618.5400 15095.8269  36.1%   311  725s
  6293  4830     cutoff  237      23618.5400 15096.1053  36.1%   308  739s
  6330  4906 15243.1100   39  611 23618.5400 15096.1053  36.1%   311  753s
  6406  5010 15542.9952   46  594 23618.5400 15096.1053  36.1%   311  767s
