




arguments: ./build/mirp_solver -f ./input/orig_exec_331.cfg
Current dir: /scratch/gui/bnc_mirp
File verbosity level: 9
date       time         ( uptime  ) [ thread name/id ]                   file:line     v| 
2021-01-23 10:39:07.444 (   0.179s) [main thread     ]             loguru.cpp:789   INFO| Logging to './output/vi_hc2/OU/V4/Original/execution_23_01_2021_10_39_07.log', mode: 'a', verbosity: 9
--------------------------------------------------------------------------------
Parameters
                           instance_path           ./input/Instances/Original/2/
                            model_policy                                       1
                             nb_vehicles                                       4
                              output_dir         ./output/vi_hc2/OU/V4/Original/
                            sec_strategy                                       1
                       solver_nb_threads                                       2
                         solver_show_log                                    true
                       solver_time_limit                                    3600
                              use_vi_cos                                   false
                              use_vi_cus                                   false
                         use_vi_hc1_full                                   false
                         use_vi_hc1_half                                   false
                      use_vi_hc1_quarter                                   false
                              use_vi_hc2                                    true
                              use_vi_hc3                                   false
                         use_vi_lex_full                                   false
                         use_vi_lex_half                                   false
                      use_vi_lex_quarter                                   false
                              use_vi_qua                                   false
                               use_vi_vc                                   false
                               use_vi_vr                                   false
--------------------------------------------------------------------------------
executing instance: ./input/Instances/Original/2/absH3high_3n40.dat
--------------------------------------------------------------------------------
Instance details
n	41
H	3
C	3283
Li:
[0, 0, 0, 0, 0, 0, 0, 0, 0, 0, 0, 0, 0, 0, 0, 0, 0, 0, 0, 0, 0, 0, 0, 0, 0, 0, 0, 0, 0, 0, 0, 0, 0, 0, 0, 0, 0, 0, 0, 0, 0, ]
Ui:
[0, 63, 111, 99, 96, 111, 282, 122, 156, 261, 42, 192, 126, 42, 162, 207, 159, 122, 102, 190, 118, 102, 132, 102, 165, 252, 66, 52, 22, 114, 210, 176, 116, 294, 78, 152, 210, 45, 130, 198, 174, ]
Distance matrix:
|0	208	225	252	227	143	258	127	267	150	28	83	163	286	57	149	201	137	214	255	70	73	107	186	328	266	249	343	222	177	293	144	262	215	167	120	169	218	143	173	255	|
|208	0	397	355	416	198	216	99	211	275	193	172	97	166	240	225	362	109	277	314	182	216	273	374	298	208	319	161	14	103	93	120	58	196	152	156	372	227	260	218	453	|
|225	397	0	427	53	364	482	343	492	129	253	225	382	386	171	188	39	291	187	195	295	182	282	55	326	491	180	551	408	315	457	366	455	275	392	244	221	439	341	214	101	|
|252	355	427	0	401	158	201	263	219	396	234	328	259	498	299	400	420	354	465	506	205	324	152	374	574	219	499	393	366	389	446	235	378	456	205	359	224	150	111	423	400	|
|227	416	53	401	0	357	477	352	489	165	253	245	389	424	179	223	85	315	234	245	293	200	264	42	375	488	231	565	428	344	484	370	474	314	392	270	184	430	325	252	50	|
|143	198	364	158	357	0	121	105	134	290	116	196	103	342	200	276	343	205	343	385	74	210	112	319	432	133	382	265	209	237	290	78	226	313	57	220	232	75	69	292	375	|
|258	216	482	201	477	121	0	168	18	397	230	293	135	381	314	372	459	275	437	480	188	317	228	439	501	18	479	197	222	296	290	132	212	386	95	306	347	58	173	381	496	|
|127	99	343	263	352	105	168	0	171	239	105	130	40	237	173	206	313	109	270	312	84	164	175	310	337	169	313	216	112	135	192	37	142	220	77	138	280	155	162	213	382	|
|267	211	492	219	489	134	18	171	0	404	240	298	136	376	323	376	468	276	441	483	198	324	243	450	500	2	483	181	215	294	281	136	202	386	102	309	363	75	189	384	509	|
|150	275	129	396	165	290	397	239	404	0	175	110	279	259	97	59	91	166	84	116	217	80	245	130	226	402	106	434	286	187	329	269	333	149	302	119	244	364	291	87	213	|
|28	193	253	234	253	116	230	105	240	175	0	94	139	286	84	167	229	136	234	275	43	96	98	212	341	238	271	320	206	175	281	118	244	225	140	128	180	191	124	189	280	|
|83	172	225	328	245	196	293	130	298	110	94	0	169	209	77	80	191	71	147	189	127	45	189	203	247	296	187	327	184	106	241	162	230	132	198	38	242	266	217	96	285	|
|163	97	382	259	389	103	135	40	136	279	139	169	0	253	212	244	353	141	307	349	110	203	194	347	366	133	350	183	107	161	187	27	124	251	56	175	306	133	169	249	418	|
|286	166	386	498	424	342	381	237	376	259	286	209	253	0	284	201	347	151	210	230	299	247	383	387	155	374	242	290	162	112	129	270	192	113	308	172	451	386	391	172	471	|
|57	240	171	299	179	200	314	173	323	97	84	77	212	284	0	112	145	147	170	208	127	38	148	137	299	321	201	386	253	183	315	195	297	195	222	112	171	275	195	142	214	|
|149	225	188	400	223	276	372	206	376	59	167	80	244	201	112	0	149	117	67	110	205	78	254	186	187	374	108	387	235	132	272	240	283	93	277	71	279	346	291	32	270	|
|201	362	39	420	85	343	459	313	468	91	229	191	353	347	145	149	0	254	149	160	272	150	271	66	290	466	146	518	373	278	419	339	420	235	367	207	227	418	327	175	135	|
|137	109	291	354	315	205	275	109	276	166	136	71	141	151	147	117	254	0	172	212	151	116	232	273	229	274	215	270	119	39	170	145	167	111	186	47	305	263	245	113	356	|
|214	277	187	465	234	343	437	270	441	84	234	147	307	210	170	67	149	172	0	42	272	141	317	205	144	439	43	437	284	175	307	305	331	99	343	132	327	413	357	60	283	|
|255	314	195	506	245	385	480	312	483	116	275	189	349	230	208	110	160	212	42	0	314	182	356	222	132	481	15	474	321	212	337	347	367	126	385	174	358	455	398	100	295	|
|70	182	295	205	293	74	188	84	198	217	43	127	110	299	127	205	272	151	272	314	0	137	91	253	370	196	310	292	195	188	274	85	226	252	99	155	197	148	94	223	316	|
|73	216	182	324	200	210	317	164	324	80	96	45	203	247	38	78	150	116	141	182	137	0	176	158	263	323	176	369	229	150	286	191	274	157	223	77	208	284	216	106	239	|
|107	273	282	152	264	112	228	175	243	245	98	189	194	383	148	254	271	232	317	356	91	176	0	231	435	242	349	371	286	271	365	167	315	321	164	224	120	174	61	280	274	|
|186	374	55	374	42	319	439	310	450	130	212	203	347	387	137	186	66	273	205	222	253	158	231	0	348	448	208	523	386	303	442	329	431	279	352	229	167	392	291	217	85	|
|328	298	326	574	375	432	501	337	500	226	341	247	366	155	299	187	290	229	144	132	370	263	435	348	0	498	147	441	299	206	283	374	338	119	414	215	465	492	463	157	425	|
|266	208	491	219	488	133	18	169	2	402	238	296	133	374	321	374	466	274	439	481	196	323	242	448	498	0	481	180	213	292	278	134	200	384	100	307	362	75	188	381	508	|
|249	319	180	499	231	382	479	313	483	106	271	187	350	242	201	108	146	215	43	15	310	176	349	208	147	481	0	480	326	217	346	347	373	135	385	175	347	454	392	103	280	|
|343	161	551	393	565	265	197	216	181	434	320	327	183	290	386	387	518	270	437	474	292	369	371	523	441	180	480	0	153	263	163	207	107	352	208	317	487	244	334	379	598	|
|222	14	408	366	428	209	222	112	215	286	206	184	107	162	253	235	373	119	284	321	195	229	286	386	299	213	326	153	0	109	81	132	48	201	162	167	386	236	272	226	466	|
|177	103	315	389	344	237	296	135	294	187	175	106	161	112	183	132	278	39	175	212	188	150	271	303	206	292	217	263	109	0	142	171	156	95	211	74	344	289	281	118	386	|
|293	93	457	446	484	290	290	192	281	329	281	241	187	129	315	272	419	170	307	337	274	286	365	442	283	278	346	163	81	142	0	212	79	211	241	214	461	311	353	254	525	|
|144	120	366	235	370	78	132	37	136	269	118	162	27	270	195	240	339	145	305	347	85	191	167	329	374	134	347	207	132	171	212	0	151	257	40	174	280	119	142	248	398	|
|262	58	455	378	474	226	212	142	202	333	244	230	124	192	297	283	420	167	331	367	226	274	315	431	338	200	373	107	48	156	79	151	0	245	173	214	421	237	293	273	510	|
|215	196	275	456	314	313	386	220	386	149	225	132	251	113	195	93	235	111	99	126	252	157	321	279	119	384	135	352	201	95	211	257	245	0	297	97	365	374	345	62	362	|
|167	152	392	205	392	57	95	77	102	302	140	198	56	308	222	277	367	186	343	385	99	223	164	352	414	100	385	208	162	211	241	40	173	297	0	213	283	79	126	287	415	|
|120	156	244	359	270	220	306	138	309	119	128	38	175	172	112	71	207	47	132	174	155	77	224	229	215	307	175	317	167	74	214	174	214	97	213	0	280	286	248	75	313	|
|169	372	221	224	184	232	347	280	363	244	180	242	306	451	171	279	227	305	327	358	197	208	120	167	465	362	347	487	386	344	461	280	421	365	283	280	0	291	175	310	176	|
|218	227	439	150	430	75	58	155	75	364	191	266	133	386	275	346	418	263	413	455	148	284	174	392	492	75	454	244	236	289	311	119	237	374	79	286	291	0	116	359	445	|
|143	260	341	111	325	69	173	162	189	291	124	217	169	391	195	291	327	245	357	398	94	216	61	291	463	188	392	334	272	281	353	142	293	345	126	248	175	116	0	313	335	|
|173	218	214	423	252	292	381	213	384	87	189	96	249	172	142	32	175	113	60	100	223	106	280	217	157	381	103	379	226	118	254	248	273	62	287	75	310	359	313	0	300	|
|255	453	101	400	50	375	496	382	509	213	280	285	418	471	214	270	135	356	283	295	316	239	274	85	425	508	280	598	466	386	525	398	510	362	415	313	176	445	335	300	0	|

--------------------------------------------------------------------------------
Building model...
	using lazy and cut (CVRPSEP package)
Solving IRP LP...
--------------------------------------------------------------------------------

Gurobi 9.1.0 (linux64) logging started Sat Jan 23 10:39:07 2021

Gurobi Optimizer version 9.1.0 build v9.1.0rc0 (linux64)
Thread count: 32 physical cores, 32 logical processors, using up to 2 threads
Optimize a model with 2087 rows, 10976 columns and 39539 nonzeros
Model fingerprint: 0x7417bb73
Variable types: 644 continuous, 10332 integer (492 binary)
Coefficient statistics:
  Matrix range     [1e+00, 8e+02]
  Objective range  [1e-01, 6e+02]
  Bounds range     [1e+00, 3e+02]
  RHS range        [1e+01, 6e+03]
Presolve removed 167 rows and 38 columns
Presolve time: 0.08s
Presolved: 1920 rows, 10938 columns, 38214 nonzeros
Variable types: 603 continuous, 10335 integer (9849 binary)

Root relaxation: objective 1.234269e+04, 1484 iterations, 0.07 seconds

    Nodes    |    Current Node    |     Objective Bounds      |     Work
 Expl Unexpl |  Obj  Depth IntInf | Incumbent    BestBd   Gap | It/Node Time

     0     0 12342.6920    0  143          - 12342.6920      -     -    0s
     0     0 12783.6808    0  162          - 12783.6808      -     -    0s
     0     0 12791.5693    0  155          - 12791.5693      -     -    0s
     0     0 12791.5693    0  158          - 12791.5693      -     -    0s
     0     0 13310.9492    0  238          - 13310.9492      -     -    1s
     0     0 13504.5006    0  241          - 13504.5006      -     -    1s
     0     0 13504.5006    0  236          - 13504.5006      -     -    1s
     0     0 13604.3602    0  279          - 13604.3602      -     -    1s
     0     0 13627.7691    0  254          - 13627.7691      -     -    1s
     0     0 13644.1075    0  281          - 13644.1075      -     -    2s
     0     0 13645.0238    0  321          - 13645.0238      -     -    2s
     0     0 13645.1886    0  324          - 13645.1886      -     -    2s
     0     0 13694.3889    0  315          - 13694.3889      -     -    2s
     0     0 13727.2678    0  296          - 13727.2678      -     -    3s
     0     0 13738.0075    0  319          - 13738.0075      -     -    3s
     0     0 13742.5920    0  306          - 13742.5920      -     -    3s
     0     0 13746.6020    0  297          - 13746.6020      -     -    3s
     0     0 13760.0381    0  307          - 13760.0381      -     -    3s
     0     0 13765.7219    0  337          - 13765.7219      -     -    4s
     0     0 13778.8132    0  308          - 13778.8132      -     -    4s
     0     0 13779.0471    0  332          - 13779.0471      -     -    4s
     0     0 13836.9457    0  335          - 13836.9457      -     -    4s
     0     0 13844.7122    0  427          - 13844.7122      -     -    5s
     0     0 13845.3924    0  397          - 13845.3924      -     -    5s
     0     0 13860.0048    0  434          - 13860.0048      -     -    5s
     0     0 13864.0010    0  459          - 13864.0010      -     -    5s
     0     0 13864.5409    0  450          - 13864.5409      -     -    6s
     0     0 13873.8624    0  454          - 13873.8624      -     -    6s
     0     0 13873.8624    0  417          - 13873.8624      -     -    6s
     0     2 13873.8624    0  417          - 13873.8624      -     -    7s
    25    28 13910.6336    9  399          - 13885.6150      -   344   10s
    98   101 14157.2405   30  208          - 13885.6150      -   317   15s
   181   193 14380.9149   49  333          - 13885.6150      -   298   20s
   302   336 14601.5343   66  259          - 13885.6150      -   245   25s
   525   539 15055.7309   82  176          - 13885.6150      -   167   30s
*  562   586             245    18117.470000 13885.6150  23.4%   164   31s
   617   549 15164.1250   88   48 18117.4700 13885.6150  23.4%   153   35s
   681   604 15891.5058  124   83 18117.4700 13885.6150  23.4%   154   40s
   712   660 16253.3154  145   58 18117.4700 13885.6150  23.4%   156   48s
   740   661 13987.0576   15  417 18117.4700 13885.6150  23.4%   153   51s
H  741   628                    17972.990000 13885.6150  22.7%   153   52s
   743   629 14779.3961   65  267 17972.9900 13885.6150  22.7%   153   55s
   755   637 14155.5318   34  602 17972.9900 13952.0339  22.4%   150   60s
H  767   613                    17945.990000 13990.7556  22.0%   148   65s
   782   623 14007.1120   12  670 17945.9900 14007.1120  21.9%   145   70s
   794   631 14959.0194   81  629 17945.9900 14019.0857  21.9%   143   76s
   806   639 17462.1200  219  684 17945.9900 14028.1730  21.8%   141   80s
   815   645 15578.9484  118  649 17945.9900 14031.4211  21.8%   139   85s
   822   650 14324.9949   46  609 17945.9900 14043.8991  21.7%   138   90s
   832   656 14453.1777   56  550 17945.9900 14048.3585  21.7%   136   95s
H  840   629                    17860.350000 14048.4851  21.3%   179   98s
   842   630 14790.8749   75  300 17860.3500 14048.4851  21.3%   178  100s
   853   637 16094.4661  137  561 17860.3500 14049.1668  21.3%   176  105s
H  856   607                    17806.350000 14049.2905  21.1%   176  107s
   862   611 15471.5239  106  586 17806.3500 14049.3058  21.1%   174  110s
   866   614 14108.6562    7  576 17806.3500 14049.3092  21.1%   173  115s
H  866   585                    17686.070000 14049.3092  20.6%   188  115s
   877   594 14056.3220   25  530 17686.0700 14056.3220  20.5%   195  120s
   894   603 14088.5547   29  582 17686.0700 14068.1204  20.5%   212  125s
   911   614 14116.6198   34  493 17686.0700 14068.1204  20.5%   225  130s
   926   623 14121.3696   38  523 17686.0700 14068.1204  20.5%   234  135s
   952   634 14136.9081   44  551 17686.0700 14068.1204  20.5%   246  141s
   973   637 14155.2165   47  553 17686.0700 14068.1204  20.5%   252  145s
   987   645 14264.0771   49  433 17686.0700 14068.1204  20.5%   259  150s
  1000   653 14188.4667   54  516 17686.0700 14068.1204  20.5%   272  156s
  1011   667 14201.5479   57  605 17686.0700 14068.1204  20.5%   281  160s
  1043   681 14212.1590   64  548 17686.0700 14068.1204  20.5%   291  168s
  1046   688 14376.5846   64  511 17686.0700 14068.1204  20.5%   294  170s
  1074   714 14229.1069   71  594 17686.0700 14068.1204  20.5%   306  176s
  1104   733 14280.3372   77  340 17686.0700 14068.1204  20.5%   310  180s
  1144   764 14435.6983   90  288 17686.0700 14068.1204  20.5%   314  185s
  1163   760 14547.2907   96  232 17686.0700 14068.1204  20.5%   315  191s
  1197   814 14750.5023  105  190 17686.0700 14068.1204  20.5%   315  197s
  1230   853 14811.2698  116  207 17686.0700 14068.1204  20.5%   314  200s
  1328   911 15041.1256  142  192 17686.0700 14068.1204  20.5%   305  207s
  1371   966 15195.4617  160  172 17686.0700 14068.1204  20.5%   302  210s
  1526  1087 15987.7365  212   88 17686.0700 14068.1204  20.5%   282  217s
  1625  1082 16622.5623  245   25 17686.0700 14087.4602  20.3%   270  223s
  1681  1144 14137.8876   28  629 17686.0700 14087.4602  20.3%   266  226s
  1830  1237 14212.1881   36  520 17686.0700 14087.4602  20.3%   256  233s
  1901  1295 14293.7959   39  301 17686.0700 14087.4602  20.3%   252  238s
  1983  1357 14210.9784   44  427 17686.0700 14087.4602  20.3%   247  241s
H 2053  1303                    17600.280000 14087.4602  20.0%   244  242s
  2079  1313 14408.9606   49  225 17600.2800 14087.4602  20.0%   243  245s
  2142  1339 14401.5261   57  170 17600.2800 14087.4602  20.0%   244  251s
  2202  1417 14631.0592   76  185 17600.2800 14087.4602  20.0%   245  258s
  2269  1492 15100.1204   99   99 17600.2800 14087.4602  20.0%   243  262s
  2367  1570 15402.0998  124   63 17600.2800 14087.4602  20.0%   239  267s
  2479  1570 15972.3222  157   50 17600.2800 14090.3735  19.9%   234  272s
* 2522  1495             172    16935.920000 14090.3735  16.8%   231  272s
* 2523  1457             173    16745.010000 14090.3735  15.9%   231  272s
  2546  1475 14181.5637   31  614 16745.0100 14090.3735  15.9%   232  275s
  2606  1545 14602.5592   49  302 16745.0100 14090.3735  15.9%   235  283s
  2641  1666 15098.6567   61  235 16745.0100 14090.3735  15.9%   237  288s
  2762  1709 16560.7398  146   11 16745.0100 14105.3781  15.8%   232  293s
  2836  1758 16718.4233  146    8 16745.0100 14105.4350  15.8%   231  298s
  2891  1760 16743.3200  147    - 16745.0100 14107.8988  15.7%   232  303s
  2917  1788     cutoff  147      16745.0100 14124.3647  15.7%   235  308s
  2946  1814 14391.1992   38  542 16745.0100 14124.3647  15.7%   236  314s
  2972  1878 14600.9192   51  339 16745.0100 14124.3647  15.7%   237  319s
  3036  1992 14846.6725   74  293 16745.0100 14124.3647  15.7%   236  325s
  3168  2048 15973.1914  132  178 16745.0100 14129.8573  15.6%   231  332s
  3240  2080 14262.8372   39  492 16745.0100 14129.8573  15.6%   230  337s
  3272  2235 14845.9296   48  298 16745.0100 14129.8573  15.6%   232  344s
  3316  2235 15384.4661   92  121 16745.0100 14129.8573  15.6%   231  345s
  3443  2293 15705.5580   99  104 16745.0100 14131.0863  15.6%   226  352s
  3562  2313 16687.3500  137    - 16745.0100 14136.2263  15.6%   223  359s
  3587  2336 infeasible  137      16745.0100 14137.8382  15.6%   225  365s
  3625  2374 16744.3100  141    - 16745.0100 14141.9055  15.5%   226  370s
  3663  2464 infeasible  141      16745.0100 14142.1819  15.5%   228  378s
  3767  2481 14321.4225   31  602 16745.0100 14145.5685  15.5%   226  386s
  3784  2534 14401.5396   34  622 16745.0100 14145.5685  15.5%   227  393s
  3837  2600 14668.4176   44  346 16745.0100 14145.5685  15.5%   227  401s
  3916  2653 15241.2480   67  198 16745.0100 14145.9385  15.5%   227  411s
  3978  2746 14377.5323   42  566 16745.0100 14145.9385  15.5%   227  420s
  4083  2749 14517.9240   53  505 16745.0100 14145.9385  15.5%   225  431s
  4087  2780 14581.1676   54  448 16745.0100 14145.9385  15.5%   226  438s
  4118  2863 15078.4096   77  187 16745.0100 14145.9385  15.5%   228  446s
  4203  2956 15923.9197  144  131 16745.0100 14149.9808  15.5%   228  456s
  4310  3055 14434.1242   34  548 16745.0100 14149.9808  15.5%   227  467s
  4448  3064 14695.9187   48  487 16745.0100 14149.9808  15.5%   226  487s
  4462  3104 14888.9045   57  495 16745.0100 14149.9808  15.5%   227  495s
  4502  3256 15295.8574   78  474 16745.0100 14149.9808  15.5%   229  506s
  4678  3292 16600.3116  142  138 16745.0100 14149.9808  15.5%   225  515s
  4729  3386 14750.6807   52  247 16745.0100 14154.8107  15.5%   227  526s
  4823  3482 15517.7418   95  167 16745.0100 14156.1635  15.5%   227  536s
  4963  3534     cutoff  149      16745.0100 14156.8428  15.5%   225  547s
  5017  3681 14598.7231   62  293 16745.0100 14157.4174  15.5%   225  558s
  5182  3729 16643.8285  135   58 16745.0100 14157.4358  15.5%   223  570s
  5255  3751     cutoff  138      16745.0100 14157.8352  15.5%   223  581s
  5280  3803 14375.8340   44  449 16745.0100 14158.2473  15.4%   225  591s
  5332  3917 14572.7438   67  403 16745.0100 14158.2473  15.4%   225  609s
  5408  3917 15711.2191  122   91 16745.0100 14158.2473  15.4%   226  610s
  5457  4018 15158.2584   90  347 16745.0100 14158.4296  15.4%   225  622s
  5568  4040 14299.2787   37  547 16745.0100 14158.4296  15.4%   225  652s
  5590  4115 14430.8736   45  448 16745.0100 14158.4296  15.4%   226  666s
  5678  4149 14678.5985   55  362 16745.0100 14158.4296  15.4%   227  677s
  5712  4267 14664.7223   65  241 16745.0100 14158.4296  15.4%   229  690s
  5859  4431 14828.0668   84  279 16745.0100 14158.4296  15.4%   228  707s
  6025  4529 15070.4278   96  213 16745.0100 14158.4296  15.4%   226  721s
* 6115  4500             188    16682.790000 14158.4296  15.1%   225  722s
  6144  4717 15332.8557  122  131 16682.7900 14161.3212  15.1%   226  742s
  6339  4720 16468.6182  198   35 16682.7900 14161.3212  15.1%   222  745s
* 6409  4496             180    16406.450000 14168.8246  13.6%   221  745s
  6427  4521     cutoff  209      16406.4500 14170.4836  13.6%   222  757s
  6480  4674 14535.3975   45  380 16406.4500 14170.4836  13.6%   223  771s
  6650  4737 15299.4402  138   64 16406.4500 14171.4485  13.6%   222  784s
  6672  4737 15928.5600  159    9 16406.4500 14171.4485  13.6%   221  785s
  6734  4818 14527.9758   40  359 16406.4500 14171.4485  13.6%   222  797s
  6823  4848 14658.2938   45  294 16406.4500 14171.4485  13.6%   223  810s
  6854  4937 15187.6567   51  201 16406.4500 14171.4485  13.6%   225  825s
  6943  5105 15718.4937   72   91 16406.4500 14175.3135  13.6%   225  843s
  7196  5145 14317.6513   37  527 16406.4500 14175.4483  13.6%   222  857s
  7225  5236 14450.1542   46  359 16406.4500 14175.4483  13.6%   224  875s
  7316  5483 14602.6054   53  376 16406.4500 14175.4483  13.6%   225  899s
  7383  5483 15007.5687   86   43 16406.4500 14175.4483  13.6%   226  900s
  7594  5665 15160.2283  101   61 16406.4500 14175.9784  13.6%   224  923s
  7864  5725 16281.6170  155   15 16406.4500 14179.1321  13.6%   221  943s
  7917  5788 16072.2200  158    - 16406.4500 14181.0030  13.6%   223  960s
* 7924  5790             158    16404.660000 14181.0030  13.6%   223  960s
  7990  5936 16108.2200  158    - 16404.6600 14181.6951  13.6%   224  980s
  8167  6015 16120.2200  158    5 16404.6600 14182.0195  13.5%   224 1000s
* 8171  5615             161    16188.220000 14182.0195  12.4%   224 1000s
  8253  5807 14697.1418   57  108 16188.2200 14182.4267  12.4%   226 1022s
  8482  5982     cutoff  142      16188.2200 14183.0745  12.4%   225 1045s
  8698  6072 16032.3839   92   47 16188.2200 14183.6689  12.4%   224 1064s
  8748  6074 14723.2420   59  262 16188.2200 14183.6689  12.4%   224 1065s
  8811  6147     cutoff  101      16188.2200 14186.2576  12.4%   225 1086s
* 8873  6078             144    16146.530000 14186.2576  12.1%   225 1087s
  8903  6147 15260.4269   82  154 16146.5300 14187.2459  12.1%   226 1105s
  9003  6199     cutoff  132      16146.5300 14188.3204  12.1%   226 1133s
  9059  6383 15182.9100   48  110 16146.5300 14189.1602  12.1%   228 1156s
  9257  6603 14738.2690   56  213 16146.5300 14189.3104  12.1%   228 1181s
  9540  6716 14446.5257   45  353 16146.5300 14192.2107  12.1%   226 1203s
  9647  6853 15516.9967  118  128 16146.5300 14195.2967  12.1%   227 1224s
  9805  6961 14844.8462   65  272 16146.5300 14196.8016  12.1%   227 1245s
  9938  7077 14660.1241   32  531 16146.5300 14197.9770  12.1%   227 1265s
 10088  7143 14467.0421   35  412 16146.5300 14198.6050  12.1%   227 1286s
 10153  7252 14858.7048   45  207 16146.5300 14198.6050  12.1%   229 1317s
 10262  7527 14933.1862   87  115 16146.5300 14199.0366  12.1%   230 1342s
 10616  7696     cutoff  145      16146.5300 14199.2591  12.1%   228 1366s
 10792  7790 15284.7033   78   70 16146.5300 14200.0592  12.1%   227 1389s
 10882  7790 16115.2400  150    - 16146.5300 14200.6763  12.1%   227 1390s
 10899  7862 14328.6298   40  530 16146.5300 14200.6763  12.1%   228 1410s
 10972  8076 14657.3685   61  275 16146.5300 14200.6763  12.1%   230 1431s
 11210  8213 15457.0489  129   80 16146.5300 14201.3191  12.0%   229 1454s
 11236  8213 15802.8521  142   63 16146.5300 14201.3191  12.0%   228 1455s
 11382  8311 14602.0113   53  287 16146.5300 14201.4406  12.0%   229 1477s
 11479  8452 14786.0044   75   35 16146.5300 14201.4406  12.0%   230 1501s
 11620  8677 15141.7037  100   99 16146.5300 14202.2677  12.0%   231 1529s
 11726  8683 15366.9990  136   15 16146.5300 14202.2677  12.0%   230 1530s
 11958  8809     cutoff  165      16146.5300 14202.6031  12.0%   230 1556s
 12100  8937 14518.9896   39  425 16146.5300 14204.0360  12.0%   230 1580s
 12239  8985 14360.0042   40  388 16146.5300 14204.0528  12.0%   230 1601s
 12288  9108 14913.7160   52  481 16146.5300 14204.0528  12.0%   232 1623s
 12429  9242 16025.4983   72  260 16146.5300 14204.8769  12.0%   233 1648s
 12555  9242 15955.6800  108   18 16146.5300 14205.6892  12.0%   233 1650s
 12593  9458 14651.7520   39  406 16146.5300 14205.8200  12.0%   233 1673s
 12746  9458 15357.1400   83  120 16146.5300 14206.6770  12.0%   233 1675s
 12832  9614 14328.9321   33  473 16146.5300 14206.6770  12.0%   232 1697s
 12990 10000 14808.9739   79  170 16146.5300 14206.9717  12.0%   233 1725s
 13420 10048 15951.1091  149   47 16146.5300 14209.4782  12.0%   229 1748s
 13469 10163 14446.4772   38  276 16146.5300 14209.4902  12.0%   231 1771s
 13584 10414 14889.0302   76   39 16146.5300 14210.8555  12.0%   232 1797s
 13953 10488 15518.3497  115   24 16146.5300 14211.2261  12.0%   230 1822s
 14017 10609 14607.8754   45  470 16146.5300 14212.1892  12.0%   231 1845s
 14159 10828 14299.2159   41  558 16146.5300 14212.3593  12.0%   231 1871s
 14423 10944 15096.2005  107  168 16146.5300 14212.3593  12.0%   230 1895s
 14553 11109 14550.3841   48  467 16146.5300 14217.4677  11.9%   230 1918s
 14660 11109 15355.5297  108  187 16146.5300 14217.4677  11.9%   231 1920s
 14730 11173 15803.6222  106  156 16146.5300 14219.0426  11.9%   230 1942s
 14807 11408 14671.4709   62  445 16146.5300 14219.7800  11.9%   231 1967s
 15069 11530 14349.6558   38  475 16146.5300 14220.6385  11.9%   230 1991s
 15211 11662 14556.7358   38  451 16146.5300 14223.2858  11.9%   230 2014s
 15311 11662 15277.7305   57  214 16146.5300 14223.5697  11.9%   230 2015s
 15373 11834 14649.0607   58  343 16146.5300 14225.2563  11.9%   230 2041s
 15568 11953 14603.8752   40  437 16146.5300 14225.7728  11.9%   230 2066s
 15707 12067 15998.8125   99   48 16146.5300 14225.9962  11.9%   230 2090s
 15857 12230 16071.1000   74   27 16146.5300 14227.4384  11.9%   230 2117s
 16082 12393 15519.3135   90   77 16146.5300 14228.2016  11.9%   229 2140s
 16272 12758 14544.0988   49  257 16146.5300 14228.6600  11.9%   229 2168s
 16712 12914 16146.4900  142    - 16146.5300 14228.7194  11.9%   226 2194s
 16815 12920 15587.8334  139   44 16146.5300 14228.7194  11.9%   225 2195s
 16890 13089     cutoff  155      16146.5300 14229.6211  11.9%   226 2219s
 16962 13089 15745.7916  107   10 16146.5300 14229.6211  11.9%   226 2220s
 17097 13200     cutoff  139      16146.5300 14231.7437  11.9%   225 2242s
 17226 13357 15447.7087   82  138 16146.5300 14234.5290  11.8%   226 2267s
 17398 13505 14864.8774   75  269 16146.5300 14234.5290  11.8%   226 2291s
 17575 13639 15617.7777  101  116 16146.5300 14234.7981  11.8%   226 2316s
 17740 13755 14946.1146   59  155 16146.5300 14235.5950  11.8%   226 2339s
 17761 13755 15078.2833   80   72 16146.5300 14235.5950  11.8%   226 2340s
 17875 13956 infeasible  134      16146.5300 14235.9875  11.8%   226 2365s
 18114 14127 15246.3929  108  235 16146.5300 14237.2693  11.8%   225 2388s
 18306 14399 14726.5636   69  141 16146.5300 14240.9749  11.8%   225 2413s
 18637 14557 14820.7096   51  361 16146.5300 14242.7257  11.8%   224 2438s
 18828 14596 14597.0644   33  605 16146.5300 14244.4324  11.8%   224 2459s
 18867 14673 15010.2509   40  306 16146.5300 14244.4324  11.8%   225 2481s
 18944 14859 15401.6628   57  118 16146.5300 14244.6781  11.8%   226 2504s
 18966 14859 15505.3429   66  138 16146.5300 14244.6781  11.8%   226 2505s
 19183 14975 14397.6346   48  558 16146.5300 14244.6831  11.8%   225 2528s
 19312 15082 infeasible   60      16146.5300 14244.6831  11.8%   226 2551s
H19313 14983                    16113.350000 14244.6831  11.6%   226 2551s
 19423 15056 15186.7148  101  187 16113.3500 14246.8750  11.6%   226 2577s
 19535 15153     cutoff  148      16113.3500 14247.5039  11.6%   226 2598s
 19643 15204 14643.8790   48  408 16113.3500 14247.9426  11.6%   226 2783s
 19694 15513 14846.7115   60  189 16113.3500 14248.6618  11.6%   227 2810s
 20073 15697     cutoff  153      16113.3500 14248.9051  11.6%   226 2837s
 20277 15911 15713.1292   87  105 16113.3500 14249.7845  11.6%   226 2863s
 20481 15911 15248.9605   80   97 16113.3500 14250.2153  11.6%   225 2865s
 20530 16112 14482.4414   40  397 16113.3500 14250.2323  11.6%   225 2890s
 20766 16229 14629.4134   43  538 16113.3500 14250.3466  11.6%   224 2914s
 20854 16229 15128.3761   72  315 16113.3500 14250.3466  11.6%   225 2915s
 20883 16324 15589.3101   92  259 16113.3500 14250.9138  11.6%   225 2940s
 21015 16478 14526.5727   53  446 16113.3500 14251.1527  11.6%   225 2966s
 21184 16711 15445.8447  114  105 16113.3500 14251.5327  11.6%   225 2994s
 21306 16718 14949.9135   74  270 16113.3500 14251.5327  11.6%   224 2995s
 21513 16825 infeasible  181      16113.3500 14252.0428  11.6%   224 3020s
 21626 16893 15836.5127   83   66 16113.3500 14252.6104  11.5%   224 3042s
 21727 17024 14684.9209   63  303 16113.3500 14252.6104  11.5%   225 3066s
 21878 17218 15045.8378   78  280 16113.3500 14254.0474  11.5%   225 3093s
 22007 17218 15779.1014  128  108 16113.3500 14254.0474  11.5%   225 3095s
 22104 17338 14341.4426   39  466 16113.3500 14254.3442  11.5%   225 3119s
 22193 17338 15891.9014  141   41 16113.3500 14254.3442  11.5%   225 3120s
 22241 17440 15478.0617   86  117 16113.3500 14256.0808  11.5%   225 3141s
 22363 17570     cutoff  112      16113.3500 14256.9627  11.5%   226 3165s
 22504 17738 15074.0036   67  233 16113.3500 14257.3451  11.5%   226 3189s
 22525 17738 15394.2214   88  175 16113.3500 14257.3451  11.5%   226 3190s
 22700 17905 14787.3406   36  321 16113.3500 14257.5765  11.5%   226 3217s
 22883 18001 15624.5029   66  108 16113.3500 14258.2382  11.5%   226 3241s
 23005 18111 15041.9354   53  283 16113.3500 14258.3764  11.5%   227 3265s
 23153 18261 14667.9724   40  435 16113.3500 14258.7828  11.5%   227 3296s
 23351 18427 14678.4417   55  567 16113.3500 14259.3226  11.5%   227 3327s
 23557 18560 14297.6950   39  472 16113.3500 14259.3518  11.5%   227 3351s
 23690 18714 15133.9435   71  156 16113.3500 14260.0522  11.5%   228 3377s
 23869 18869 15059.0222   97   70 16113.3500 14261.5899  11.5%   228 3402s
 24061 18992     cutoff  129      16113.3500 14261.6466  11.5%   228 3425s
*24183 19089             128    16090.980000 14261.6883  11.4%   228 3449s
*24185 18984             128    16070.570000 14261.6883  11.3%   228 3449s
 24225 18984 14937.9721   81  239 16070.5700 14262.9921  11.2%   229 3450s
 24384 19126 15134.5731   71  299 16070.5700 14263.9582  11.2%   228 3474s
 24469 19126 14940.5986   66  200 16070.5700 14263.9582  11.2%   228 3475s
 24554 19268 15211.7988   89  187 16070.5700 14264.1200  11.2%   228 3501s
 24731 19412 14574.1398   58  441 16070.5700 14264.2271  11.2%   229 3526s
 24893 19429 14988.0073   93  147 16070.5700 14264.2271  11.2%   229 3555s
 24910 19634 15106.2410  101  143 16070.5700 14264.7430  11.2%   229 3581s
 25152 19784 14429.5222   44  543 16070.5700 14264.7430  11.2%   229 3600s

Cutting planes:
  User: 7694
  Gomory: 33
  Cover: 563
  Implied bound: 88
  MIR: 217
  StrongCG: 3
  Flow cover: 398
  Zero half: 14
  RLT: 332
  Relax-and-lift: 2
  Lazy constraints: 3336

Explored 25333 nodes (5801296 simplex iterations) in 3601.35 seconds
Thread count was 2 (of 32 available processors)

Solution count 10: 16070.6 16091 16113.4 ... 16935.9

Time limit reached
Best objective 1.607057000000e+04, best bound 1.426474304767e+04, gap 11.2369%

User-callback calls 415191, time in user-callback 179.92 sec
================================================================================
executing instance: ./input/Instances/Original/2/absH3high_4n10.dat
--------------------------------------------------------------------------------
Instance details
n	11
H	3
C	822
Li:
[0, 0, 0, 0, 0, 0, 0, 0, 0, 0, 0, ]
Ui:
[0, 102, 52, 88, 182, 153, 138, 38, 165, 297, 86, ]
Distance matrix:
|0	285	411	382	327	239	148	256	307	36	383	|
|285	0	352	98	249	103	227	235	120	268	209	|
|411	352	0	395	106	430	263	549	234	429	174	|
|382	98	395	0	302	173	320	288	168	364	227	|
|327	249	106	302	0	324	179	444	135	339	109	|
|239	103	430	173	324	0	241	132	212	212	305	|
|148	227	263	320	179	241	0	325	192	165	249	|
|256	235	549	288	444	132	325	0	342	220	436	|
|307	120	234	168	135	212	192	342	0	304	94	|
|36	268	429	364	339	212	165	220	304	0	386	|
|383	209	174	227	109	305	249	436	94	386	0	|

--------------------------------------------------------------------------------
Building model...
	using lazy and cut (CVRPSEP package)
Solving IRP LP...
--------------------------------------------------------------------------------

Gurobi 9.1.0 (linux64) logging started Sat Jan 23 11:39:09 2021

Gurobi Optimizer version 9.1.0 build v9.1.0rc0 (linux64)
Thread count: 32 physical cores, 32 logical processors, using up to 2 threads
Optimize a model with 527 rows, 956 columns and 3599 nonzeros
Model fingerprint: 0xe3d536c2
Variable types: 164 continuous, 792 integer (132 binary)
Coefficient statistics:
  Matrix range     [1e+00, 3e+02]
  Objective range  [2e-01, 5e+02]
  Bounds range     [1e+00, 3e+02]
  RHS range        [2e+01, 1e+03]
Presolve removed 53 rows and 14 columns
Presolve time: 0.01s
Presolved: 474 rows, 942 columns, 3399 nonzeros
Variable types: 153 continuous, 789 integer (669 binary)

Root relaxation: objective 4.141947e+03, 525 iterations, 0.01 seconds

    Nodes    |    Current Node    |     Objective Bounds      |     Work
 Expl Unexpl |  Obj  Depth IntInf | Incumbent    BestBd   Gap | It/Node Time

     0     0 4141.94665    0   61          - 4141.94665      -     -    0s
     0     0 4258.94512    0   77          - 4258.94512      -     -    0s
     0     0 4286.94222    0   68          - 4286.94222      -     -    0s
     0     0 4287.28923    0   88          - 4287.28923      -     -    0s
     0     0 4287.28923    0   88          - 4287.28923      -     -    0s
     0     0 4518.65959    0   90          - 4518.65959      -     -    0s
     0     0 4528.60138    0   91          - 4528.60138      -     -    0s
     0     0 4533.54431    0  100          - 4533.54431      -     -    0s
     0     0 4533.54431    0  101          - 4533.54431      -     -    0s
     0     0 4640.65468    0  118          - 4640.65468      -     -    0s
     0     0 4653.66343    0  112          - 4653.66343      -     -    0s
     0     0 4653.91794    0   91          - 4653.91794      -     -    0s
     0     0 4653.91794    0   87          - 4653.91794      -     -    0s
     0     0 4680.42424    0  135          - 4680.42424      -     -    0s
     0     0 4681.20757    0  140          - 4681.20757      -     -    0s
     0     0 4681.87766    0  143          - 4681.87766      -     -    0s
     0     0 4682.48913    0  156          - 4682.48913      -     -    0s
     0     0 4682.53854    0  143          - 4682.53854      -     -    0s
     0     0 4754.50948    0  111          - 4754.50948      -     -    0s
     0     0 4755.58374    0  144          - 4755.58374      -     -    0s
     0     0 4756.12978    0  140          - 4756.12978      -     -    0s
     0     0 4756.12978    0  140          - 4756.12978      -     -    0s
     0     0 4774.41069    0  138          - 4774.41069      -     -    0s
     0     0 4777.26386    0  150          - 4777.26386      -     -    0s
     0     0 4777.29851    0  154          - 4777.29851      -     -    0s
     0     0 4782.71794    0  155          - 4782.71794      -     -    0s
     0     0 4783.11783    0  134          - 4783.11783      -     -    0s
     0     0 4784.33196    0  163          - 4784.33196      -     -    0s
     0     0 4784.33196    0  141          - 4784.33196      -     -    0s
     0     2 4785.19673    0  137          - 4785.19673      -     -    0s
H   92    90                    9051.9400000 4785.39755  47.1%   109    1s
H  100    93                    7160.7100000 4785.39755  33.2%   106    1s
H  183   151                    6879.8100000 4785.43664  30.4%  89.9    1s
H  195   141                    6353.5700000 4785.43664  24.7%  87.5    1s
H  209   128                    6256.5700000 4806.54819  23.2%  86.4    1s
H  331   218                    6090.1100000 4806.54819  21.1%  90.9    2s
   726   472 5952.21625   46   66 6090.11000 4938.70289  18.9%  81.9    5s
  1112   618     cutoff   23      6090.11000 5188.14068  14.8%  90.4   10s
H 1286   612                    5991.4500000 5209.87967  13.0%  90.2   11s
  1924   666 5917.12125   20   97 5991.45000 5325.72482  11.1%  89.1   15s
  2798   839 5868.39646   20   75 5991.45000 5445.18380  9.12%  90.8   20s
  3752  1003 infeasible   19      5991.45000 5528.97473  7.72%  87.2   25s
  4677  1136 5927.85406   19  157 5991.45000 5588.13651  6.73%  84.6   30s
  5777  1222 5928.64688   22   51 5991.45000 5654.41795  5.63%  81.8   35s
  7365  1198 5858.81882   23  110 5991.45000 5736.10858  4.26%  77.8   40s
  8691  1015     cutoff   22      5991.45000 5781.19636  3.51%  74.6   45s
 10320   454     cutoff   29      5991.45000 5850.94935  2.35%  71.2   50s

Cutting planes:
  User: 438
  Gomory: 5
  Cover: 141
  Implied bound: 33
  Projected implied bound: 3
  Clique: 5
  MIR: 112
  Flow cover: 116
  Inf proof: 11
  Zero half: 4
  Network: 1
  RLT: 166
  Relax-and-lift: 7
  Lazy constraints: 3

Explored 11360 nodes (773027 simplex iterations) in 51.76 seconds
Thread count was 2 (of 32 available processors)

Solution count 7: 5991.45 6090.11 6256.57 ... 9051.94

Optimal solution found (tolerance 1.00e-04)
Best objective 5.991450000000e+03, best bound 5.991450000000e+03, gap 0.0000%

User-callback calls 29857, time in user-callback 5.10 sec
================================================================================
executing instance: ./input/Instances/Original/2/absH3high_3n20.dat
--------------------------------------------------------------------------------
Instance details
n	21
H	3
C	1536
Li:
[0, 0, 0, 0, 0, 0, 0, 0, 0, 0, 0, 0, 0, 0, 0, 0, 0, 0, 0, 0, 0, ]
Ui:
[0, 48, 207, 156, 294, 207, 297, 54, 114, 90, 228, 132, 84, 64, 51, 153, 60, 39, 195, 82, 130, ]
Distance matrix:
|0	41	141	324	154	98	307	402	160	217	284	269	188	233	54	185	307	149	286	276	103	|
|41	0	114	285	184	88	285	385	200	197	251	230	189	270	48	205	295	160	245	241	62	|
|141	114	0	200	208	193	353	459	269	275	289	154	129	371	160	192	380	136	205	267	88	|
|324	285	200	0	406	330	386	484	467	344	286	57	299	555	318	380	442	327	114	255	226	|
|154	184	208	406	0	250	460	553	101	370	436	361	136	247	208	63	455	87	405	425	232	|
|98	88	193	330	250	0	211	304	232	121	204	273	276	249	44	283	210	244	259	204	113	|
|307	285	353	386	460	211	0	106	436	90	104	342	467	407	253	490	72	445	275	134	269	|
|402	385	459	484	553	304	106	0	517	188	198	443	570	463	348	587	102	545	371	229	373	|
|160	200	269	467	101	232	436	517	0	349	434	417	231	148	200	163	415	179	444	431	261	|
|217	197	275	344	370	121	90	188	349	0	111	293	382	335	163	400	106	357	244	128	187	|
