




arguments: ./build/mirp_solver -f ./input/orig_exec_370.cfg
Current dir: /scratch/gui/bnc_mirp
File verbosity level: 9
date       time         ( uptime  ) [ thread name/id ]                   file:line     v| 
2021-01-28 22:40:57.717 (   0.082s) [main thread     ]             loguru.cpp:789   INFO| Logging to './output/vi_hc2/OU/V4/Original/execution_28_01_2021_22_40_57.log', mode: 'a', verbosity: 9
--------------------------------------------------------------------------------
Parameters
                           instance_path           ./input/Instances/Original/5/
                            model_policy                                       1
                             nb_vehicles                                       4
                              output_dir         ./output/vi_hc2/OU/V4/Original/
                            sec_strategy                                       1
                       solver_nb_threads                                       2
                         solver_show_log                                    true
                       solver_time_limit                                    3600
                              use_vi_cos                                   false
                              use_vi_cus                                   false
                         use_vi_hc1_full                                   false
                         use_vi_hc1_half                                   false
                      use_vi_hc1_quarter                                   false
                              use_vi_hc2                                    true
                              use_vi_hc3                                   false
                         use_vi_lex_full                                   false
                         use_vi_lex_half                                   false
                      use_vi_lex_quarter                                   false
                              use_vi_qua                                   false
                               use_vi_vc                                   false
                               use_vi_vr                                   false
--------------------------------------------------------------------------------
executing instance: ./input/Instances/Original/5/absH3low_4n50.dat
--------------------------------------------------------------------------------
Instance details
n	51
H	3
C	4066
Li:
[0, 0, 0, 0, 0, 0, 0, 0, 0, 0, 0, 0, 0, 0, 0, 0, 0, 0, 0, 0, 0, 0, 0, 0, 0, 0, 0, 0, 0, 0, 0, 0, 0, 0, 0, 0, 0, 0, 0, 0, 0, 0, 0, 0, 0, 0, 0, 0, 0, 0, 0, ]
Ui:
[0, 108, 126, 122, 66, 120, 48, 30, 128, 54, 158, 198, 36, 66, 210, 234, 147, 297, 171, 128, 116, 120, 219, 70, 294, 207, 134, 128, 234, 122, 22, 183, 195, 255, 132, 124, 66, 189, 219, 66, 128, 102, 288, 66, 87, 136, 36, 39, 282, 36, 237, ]
Distance matrix:
|0	210	444	498	509	104	438	228	487	304	456	434	526	476	163	47	293	396	293	290	313	85	280	437	293	336	409	106	449	376	433	478	193	404	404	534	278	181	380	507	189	438	263	473	353	216	202	218	452	254	465	|
|210	0	299	507	359	106	345	409	358	411	320	402	555	448	136	200	289	264	306	427	141	222	83	348	264	320	283	303	380	208	258	357	170	348	475	542	243	347	355	379	65	479	172	373	355	251	112	229	402	210	300	|
|444	299	0	363	65	358	116	542	66	440	26	241	425	272	282	407	251	51	276	490	159	397	224	124	217	237	48	490	170	99	83	74	261	180	430	385	214	479	231	85	270	390	184	116	271	300	409	276	210	215	54	|
|498	507	363	0	385	482	246	424	326	254	343	123	63	93	388	452	221	337	211	314	428	414	480	239	243	187	324	463	194	418	438	307	346	188	156	36	264	392	156	326	444	87	340	258	154	286	603	294	153	297	417	|
|509	359	65	385	0	422	145	602	59	492	59	269	448	292	348	472	305	115	329	545	218	462	281	152	274	286	106	554	192	153	116	78	326	216	472	403	274	540	271	63	334	425	249	127	316	361	468	337	233	278	69	|
|104	106	358	482	422	0	372	309	408	337	374	396	521	441	98	96	262	314	271	342	215	124	177	373	249	302	329	198	394	281	337	402	139	353	419	518	230	250	343	428	90	437	188	405	328	200	134	188	406	199	372	|
|438	345	116	246	145	372	0	485	87	357	97	126	309	155	279	394	180	101	200	414	223	373	288	8	157	150	84	459	53	188	196	68	245	72	328	269	165	427	128	97	297	280	184	36	175	250	456	233	94	184	170	|
|228	409	542	424	602	309	485	0	561	170	544	419	424	446	298	214	305	491	286	115	462	187	457	480	331	339	496	124	470	510	565	545	295	424	279	454	329	66	376	576	363	340	370	520	330	242	429	266	453	328	581	|
|487	358	66	326	59	408	87	561	0	441	40	211	389	233	324	446	258	95	281	497	220	431	287	95	230	234	79	522	133	164	146	19	297	160	415	344	233	500	215	21	323	367	224	68	261	320	470	299	174	242	106	|
|304	411	440	254	492	337	357	170	441	0	434	266	255	286	275	266	189	392	164	63	408	225	428	351	224	207	392	234	330	438	484	424	250	287	112	284	232	149	233	453	349	170	302	389	185	168	471	195	305	248	487	|
|456	320	26	343	59	374	97	544	40	434	0	223	406	252	294	418	247	60	271	487	181	405	247	105	215	229	49	498	149	124	109	48	270	165	419	364	215	482	218	60	288	375	194	92	261	302	431	279	190	220	75	|
|434	402	241	123	269	396	126	419	211	266	223	0	185	46	298	387	140	213	145	328	310	355	366	118	147	97	201	425	78	295	315	191	256	65	211	151	166	371	53	215	343	157	231	145	90	220	505	217	41	198	295	|
|526	555	425	63	448	521	309	424	389	255	406	185	0	156	430	481	266	398	252	310	485	442	534	301	293	237	386	480	257	478	500	370	390	249	145	55	313	401	212	389	491	89	392	321	201	322	646	334	216	345	479	|
|476	448	272	93	292	441	155	446	233	286	252	46	156	0	343	429	183	250	184	348	353	396	411	148	192	140	236	461	102	334	350	214	302	106	214	113	212	402	98	233	389	151	277	165	125	261	551	260	62	244	325	|
|163	136	282	388	348	98	279	298	324	275	294	298	430	343	0	124	167	234	178	296	167	121	162	279	151	205	247	216	297	224	280	316	42	256	340	423	132	232	246	344	74	349	100	314	233	115	216	97	308	101	307	|
|47	200	407	452	472	96	394	214	446	266	418	387	481	429	124	0	246	358	245	259	284	41	261	392	247	289	370	103	403	345	402	436	150	358	361	488	232	158	333	466	165	393	223	430	306	168	217	171	406	210	431	|
|293	289	251	221	305	262	180	305	258	189	247	140	266	183	167	246	0	204	26	240	238	215	276	175	37	43	203	289	169	255	297	242	125	122	202	257	52	248	87	272	225	191	134	215	67	80	382	77	163	81	298	|
|396	264	51	337	115	314	101	491	95	392	60	213	398	250	234	358	204	0	229	442	130	347	196	108	169	194	19	440	152	87	102	93	211	149	390	363	165	428	194	116	228	355	134	117	230	250	376	225	189	164	95	|
|293	306	276	211	329	271	200	286	281	164	271	145	252	184	178	245	26	229	0	216	262	212	297	195	63	53	228	280	184	280	323	264	138	137	178	248	76	232	95	294	241	173	156	234	60	77	395	83	172	102	324	|
|290	427	490	314	545	342	414	115	497	63	487	328	310	348	296	259	240	442	216	0	443	220	456	408	273	264	443	204	390	479	529	480	278	346	165	343	278	115	293	509	369	229	340	447	244	202	473	230	366	288	536	|
|313	141	159	428	218	215	223	462	220	408	181	310	485	353	167	284	238	130	262	443	0	288	67	228	202	252	149	382	267	67	122	221	168	247	440	459	186	396	273	241	125	423	107	245	291	242	251	214	297	162	160	|
|85	222	397	414	462	124	373	187	431	225	405	355	442	396	121	41	215	347	212	220	288	0	273	371	221	258	357	95	378	344	401	420	136	331	321	450	208	126	302	450	177	353	213	409	272	136	253	143	377	190	426	|
|280	83	224	480	281	177	288	457	287	428	247	366	534	411	162	261	276	196	297	456	67	273	0	292	243	298	215	363	329	128	176	288	179	305	475	513	224	392	324	307	96	466	143	311	335	261	187	235	357	195	219	|
|437	348	124	239	152	373	8	480	95	351	105	118	301	148	279	392	175	108	195	408	228	371	292	0	154	144	91	456	46	194	203	76	244	65	320	261	163	423	121	103	299	273	185	40	168	247	459	230	86	183	178	|
|293	264	217	243	274	249	157	331	230	224	215	147	293	192	151	247	37	169	63	273	202	221	243	154	0	57	170	303	157	217	260	215	110	111	238	278	21	271	94	245	201	223	100	193	92	93	362	78	160	54	263	|
|336	320	237	187	286	302	150	339	234	207	229	97	237	140	205	289	43	194	53	264	252	258	298	144	57	0	190	331	131	257	294	216	163	84	197	221	77	285	44	246	258	172	155	183	39	123	418	119	120	110	288	|
|409	283	48	324	106	329	84	496	79	392	49	201	386	236	247	370	203	19	228	443	149	357	215	91	170	190	0	449	136	105	114	75	221	138	384	349	168	434	185	99	245	346	146	98	224	255	394	231	174	171	99	|
|106	303	490	463	554	198	459	124	522	234	498	425	480	461	216	103	289	440	280	204	382	95	363	456	303	331	449	0	458	439	496	510	229	410	344	498	293	89	374	540	267	391	307	495	336	211	308	226	451	280	520	|
|449	380	170	194	192	394	53	470	133	330	149	78	257	102	297	403	169	152	184	390	267	378	329	46	157	131	136	458	0	238	249	114	259	47	287	216	171	416	96	137	327	235	211	67	145	247	488	235	41	197	223	|
|376	208	99	418	153	281	188	510	164	438	124	295	478	334	224	345	255	87	280	479	67	344	128	194	217	257	105	439	238	0	57	169	216	230	453	445	206	445	268	184	191	427	141	202	296	278	315	250	274	191	92	|
|433	258	83	438	116	337	196	565	146	484	109	315	500	350	280	402	297	102	323	529	122	401	176	203	260	294	114	496	249	57	0	157	271	252	490	463	251	499	296	162	247	457	195	199	331	329	362	302	288	241	47	|
|478	357	74	307	78	402	68	545	19	424	48	191	370	214	316	436	242	93	264	480	221	420	288	76	215	216	75	510	114	169	157	0	287	141	396	325	219	485	196	31	319	347	216	49	243	306	469	286	154	230	120	|
|193	170	261	346	326	139	245	295	297	250	270	256	390	302	42	150	125	211	138	278	168	136	179	244	110	163	221	229	259	216	271	287	0	216	305	382	91	229	204	316	105	310	78	280	192	83	257	60	268	62	292	|
|404	348	180	188	216	353	72	424	160	287	165	65	249	106	256	358	122	149	137	346	247	331	305	65	111	84	138	410	47	230	252	141	216	0	255	215	126	369	56	168	292	210	177	102	103	200	454	189	54	155	234	|
|404	475	430	156	472	419	328	279	415	112	419	211	145	214	340	361	202	390	178	165	440	321	475	320	238	197	384	344	287	453	490	396	305	255	0	181	254	261	201	422	410	69	335	353	160	225	551	246	252	280	482	|
|534	542	385	36	403	518	269	454	344	284	364	151	55	113	423	488	257	363	248	343	459	450	513	261	278	221	349	498	216	445	463	325	382	215	181	0	298	425	189	342	479	115	373	276	190	323	638	330	175	332	439	|
|278	243	214	264	274	230	165	329	233	232	215	166	313	212	132	232	52	165	76	278	186	208	224	163	21	77	168	293	171	206	251	219	91	126	254	298	0	267	114	250	181	242	82	202	112	88	341	68	177	33	258	|
|181	347	479	392	540	250	427	66	500	149	482	371	401	402	232	158	248	428	232	115	396	126	392	423	271	285	434	89	416	445	499	485	229	369	261	425	267	0	325	516	298	313	305	463	281	180	375	203	403	264	516	|
|380	355	231	156	271	343	128	376	215	233	218	53	212	98	246	333	87	194	95	293	273	302	324	121	94	44	185	374	96	268	296	196	204	56	201	189	114	325	0	224	294	161	185	157	49	167	455	163	78	147	284	|
|507	379	85	326	63	428	97	576	21	453	60	215	389	233	344	466	272	116	294	509	241	450	307	103	245	246	99	540	137	184	162	31	316	168	422	342	250	516	224	0	344	371	244	70	271	337	490	317	176	261	120	|
|189	65	270	444	334	90	297	363	323	349	288	343	491	389	74	165	225	228	241	369	125	177	96	299	201	258	245	267	327	191	247	319	105	292	410	479	181	298	294	344	0	414	116	328	291	187	163	165	345	147	282	|
|438	479	390	87	425	437	280	340	367	170	375	157	89	151	349	393	191	355	173	229	423	353	466	273	223	172	346	391	235	427	457	347	310	210	69	115	242	313	161	371	414	0	323	301	133	238	565	253	197	273	444	|
|263	172	184	340	249	188	184	370	224	302	194	231	392	277	100	223	134	134	156	340	107	213	143	185	100	155	146	307	211	141	195	216	78	177	335	373	82	305	185	244	116	323	0	217	192	138	278	110	230	55	214	|
|473	373	116	258	127	405	36	520	68	389	92	145	321	165	314	430	215	117	234	447	245	409	311	40	193	183	98	495	67	202	199	49	280	102	353	276	202	463	157	70	328	301	217	0	205	286	485	269	106	220	167	|
|353	355	271	154	316	328	175	330	261	185	261	90	201	125	233	306	67	230	60	244	291	272	335	168	92	39	224	336	145	296	331	243	192	103	160	190	112	281	49	271	291	133	192	205	0	138	449	141	123	145	323	|
|216	251	300	286	361	200	250	242	320	168	302	220	322	261	115	168	80	250	77	202	242	136	261	247	93	123	255	211	247	278	329	306	83	200	225	323	88	180	167	337	187	238	138	286	138	0	328	28	243	88	340	|
|202	112	409	603	468	134	456	429	470	471	431	505	646	551	216	217	382	376	395	473	251	253	187	459	362	418	394	308	488	315	362	469	257	454	551	638	341	375	455	490	163	565	278	485	449	328	0	313	508	308	406	|
|218	229	276	294	337	188	233	266	299	195	279	217	334	260	97	171	77	225	83	230	214	143	235	230	78	119	231	226	235	250	302	286	60	189	246	330	68	203	163	317	165	253	110	269	141	28	313	0	235	61	315	|
|452	402	210	153	233	406	94	453	174	305	190	41	216	62	308	406	163	189	172	366	297	377	357	86	160	120	174	451	41	274	288	154	268	54	252	175	177	403	78	176	345	197	230	106	123	243	508	235	0	207	264	|
|254	210	215	297	278	199	184	328	242	248	220	198	345	244	101	210	81	164	102	288	162	190	195	183	54	110	171	280	197	191	241	230	62	155	280	332	33	264	147	261	147	273	55	220	145	88	308	61	207	0	253	|
|465	300	54	417	69	372	170	581	106	487	75	295	479	325	307	431	298	95	324	536	160	426	219	178	263	288	99	520	223	92	47	120	292	234	482	439	258	516	284	120	282	444	214	167	323	340	406	315	264	253	0	|

--------------------------------------------------------------------------------
Building model...
	using lazy and cut (CVRPSEP package)
Solving IRP LP...
--------------------------------------------------------------------------------

Gurobi 9.1.0 (linux64) logging started Thu Jan 28 22:40:59 2021

Gurobi Optimizer version 9.1.0 build v9.1.0rc0 (linux64)
Thread count: 32 physical cores, 32 logical processors, using up to 2 threads
Optimize a model with 2607 rows, 16716 columns and 59919 nonzeros
Model fingerprint: 0x6bffc431
Variable types: 804 continuous, 15912 integer (612 binary)
Coefficient statistics:
  Matrix range     [1e+00, 1e+03]
  Objective range  [1e-02, 6e+02]
  Bounds range     [1e+00, 3e+02]
  RHS range        [1e+01, 7e+03]
Presolve removed 207 rows and 45 columns
Presolve time: 0.10s
Presolved: 2400 rows, 16671 columns, 57421 nonzeros
Variable types: 753 continuous, 15918 integer (15312 binary)

Root relaxation: objective 3.473436e+03, 2023 iterations, 0.14 seconds

    Nodes    |    Current Node    |     Objective Bounds      |     Work
 Expl Unexpl |  Obj  Depth IntInf | Incumbent    BestBd   Gap | It/Node Time

     0     0 3473.43557    0  160          - 3473.43557      -     -    0s
     0     0 3700.50947    0  123          - 3700.50947      -     -    1s
     0     0 3719.17041    0  133          - 3719.17041      -     -    1s
     0     0 4286.20977    0  244          - 4286.20977      -     -    1s
     0     0 4445.24821    0  242          - 4445.24821      -     -    1s
     0     0 4449.08440    0  266          - 4449.08440      -     -    1s
     0     0 4449.08440    0  269          - 4449.08440      -     -    1s
     0     0 4545.83094    0  286          - 4545.83094      -     -    2s
     0     0 4563.05773    0  271          - 4563.05773      -     -    2s
     0     0 4563.05773    0  219          - 4563.05773      -     -    3s
     0     0 4627.51311    0  286          - 4627.51311      -     -    4s
     0     0 4643.40080    0  351          - 4643.40080      -     -    4s
     0     0 4652.78087    0  276          - 4652.78087      -     -    4s
     0     0 4653.60283    0  278          - 4653.60283      -     -    5s
     0     0 4718.78503    0  421          - 4718.78503      -     -    5s
     0     0 4736.22594    0  436          - 4736.22594      -     -    7s
     0     0 4739.25850    0  421          - 4739.25850      -     -    7s
     0     0 4740.19903    0  429          - 4740.19903      -     -    7s
     0     0 4761.83911    0  479          - 4761.83911      -     -    8s
     0     0 4766.61891    0  394          - 4766.61891      -     -    9s
     0     0 4770.00438    0  506          - 4770.00438      -     -    9s
     0     0 4771.35768    0  555          - 4771.35768      -     -   10s
     0     0 4771.56199    0  546          - 4771.56199      -     -   10s
     0     0 4795.77577    0  523          - 4795.77577      -     -   11s
     0     0 4798.34538    0  467          - 4798.34538      -     -   11s
     0     0 4799.20800    0  489          - 4799.20800      -     -   12s
     0     0 4806.55814    0  487          - 4806.55814      -     -   12s
     0     0 4808.86505    0  464          - 4808.86505      -     -   14s
     0     2 4818.30327    0  458          - 4818.30327      -     -   16s
     9    12 4875.78980    3  610          - 4818.30327      -   910   20s
    23    24 4951.55367    7  559          - 4818.30327      -  1023   25s
    36    38 4952.17152   10  536          - 4818.30327      -   968   30s
    54    56 5144.85536   14  556          - 4818.30327      -   892   35s
    73    71 4864.97049    6  509          - 4818.30327      -   889   40s
    87    84 4890.98874   10  364          - 4818.30327      -   844   45s
   101   101 4920.52331   14  431          - 4818.30327      -   834   50s
   121   121 4972.41883   20  319          - 4818.30327      -   807   55s
   156   151 5108.85749   27  291          - 4818.30327      -   748   61s
   170   172 5136.06163   30  301          - 4818.30327      -   733   65s
   197   202 5320.98139   39  225          - 4818.30327      -   684   71s
   231   240 5485.85509   49  186          - 4818.30327      -   628   75s
   277   288 5642.76473   69  148          - 4818.30327      -   570   80s
   328   335 5920.29222   92  154          - 4818.30327      -   524   86s
   395   418 6800.92152  130  120          - 4818.30327      -   473   91s
   463   436 4862.20391    5  580          - 4818.30327      -   436   97s
   477   446 4891.46639    7  534          - 4818.30327      -   438  100s
   496   467 4974.60945   10  584          - 4818.30327      -   448  105s
   521   496 4954.43262   17  429          - 4818.30327      -   452  111s
   550   516 5016.07596   19  456          - 4818.30327      -   458  117s
   559   535 4986.08353   20  457          - 4818.30327      -   466  120s
   594   580 5015.78142   24  367          - 4818.30327      -   467  128s
   623   604 5071.60326   27  368          - 4818.30327      -   460  132s
   647   625 5194.51915   29  233          - 4818.30327      -   458  136s
   668   655 5125.14566   30  155          - 4818.30327      -   459  142s
   698   733 5173.66539   34  138          - 4818.30327      -   451  146s
   777   734 5531.24384   63  464          - 4818.30327      -   421  150s
   783   738 5637.12420   76  501          - 4818.30327      -   418  156s
   790   743 5114.56655   20  624          - 4847.23233      -   414  160s
   792   744 5158.08378   28  720          - 4868.69568      -   413  165s
   798   748 5358.46841   42  700          - 4883.60107      -   410  171s
   805   753 5387.16269   44  706          - 4889.63252      -   406  175s
   810   756 5077.56950   29  690          - 4894.53959      -   404  181s
   815   759 5159.55703   14  733          - 4896.80728      -   401  185s
   822   764 5358.46841   42  798          - 4898.15093      -   398  190s
   826   767 5937.44950   95  815          - 4899.41413      -   396  195s
   832   771 5821.48430   70  785          - 4899.99210      -   393  200s
   836   773 5384.47669   46  833          - 4900.12715      -   391  205s
   841   777 5386.30476   44  855          - 4900.72708      -   389  210s
   845   779 5083.27957   22  824          - 4902.15283      -   387  217s
   849   782 5212.94136   43  673          - 4902.85292      -   385  222s
   854   785 4903.55713    9  745          - 4903.55713      -   383  225s
   859   789 5342.01509   40  840          - 4904.31659      -   381  230s
   867   794 5597.14043   72  838          - 4905.16142      -   377  235s
   876   801 5172.16372   40  175          - 4905.51828      -   430  241s
   882   805 6329.56889  107  533          - 4905.51828      -   427  246s
   891   811 5099.96611   35  838          - 4905.71526      -   422  252s
   894   813 5384.10092   45  799          - 4905.85884      -   421  255s
   899   817 5091.61258   28  784          - 4907.40997      -   419  260s
   904   820 7126.20929  143  835          - 4908.41806      -   416  265s
   910   824 5077.56950   29  854          - 4909.57112      -   414  270s
   916   828 4910.07624    9  839          - 4910.07624      -   411  275s
   920   831 4987.70336   20  816          - 4910.23231      -   409  280s
   924   833 7170.54270  149  786          - 4910.31719      -   407  285s
   927   835 5733.12841  101  789          - 4910.32126      -   406  293s
   928   839 4911.72191   27  730          - 4910.35573      -   425  295s
   938   846 4915.32670   30  647          - 4915.32670      -   429  300s
   944   850 4942.65781   31  642          - 4922.67370      -   438  305s
   953   857 5007.00716   33  445          - 4942.67529      -   445  310s
   973   869 4991.96657   38  432          - 4942.67529      -   448  315s
   993   884 4988.90541   44  347          - 4942.67529      -   449  320s
  1004   894 5019.99066   48  371          - 4942.67529      -   455  325s
  1020   903 5062.25101   51  325          - 4942.67529      -   458  330s
  1036   916 5125.47053   55  493          - 4942.67529      -   463  335s
  1056   931 5135.95853   59  466          - 4942.67529      -   466  340s
  1081   948 5161.34958   64  455          - 4942.67529      -   467  346s
  1099   966 5207.85067   68  421          - 4942.67529      -   469  351s
  1128   983 5237.04407   76  433          - 4942.67529      -   465  355s
  1154  1005 5260.35468   81  379          - 4942.67529      -   465  360s
  1194  1035 5350.07267   92  368          - 4942.67529      -   459  365s
  1241  1083 5538.07995  100  276          - 4942.67529      -   453  371s
  1309  1099 5708.20435  133  115          - 4942.67529      -   440  375s
  1360  1181 5587.49765  117  205          - 4942.67529      -   431  381s
  1484  1227 5683.11886  132  163          - 4942.67529      -   407  388s
* 1535  1174             215    8225.8800000 4942.67529  39.9%   396  388s
* 1537  1132             216    8111.8800000 4942.67529  39.1%   396  388s
  1541  1128 5712.84852  138  216 8111.88000 4942.67529  39.1%   396  405s
  1569  1153 5764.94850  145  236 8111.88000 4942.67529  39.1%   394  410s
  1598  1173 6193.41366  157  172 8111.88000 4942.67529  39.1%   395  416s
  1612  1191 5952.63605  163  171 8111.88000 4942.67529  39.1%   395  420s
  1660  1226 6425.17633  183  141 8111.88000 4942.67529  39.1%   390  428s
  1686  1248 6290.24455  195  198 8111.88000 4942.67529  39.1%   388  433s
  1717  1263 6567.39235  206  208 8111.88000 4942.67529  39.1%   385  437s
  1742  1285 6472.05709  216  142 8111.88000 4942.67529  39.1%   383  441s
  1772  1304 6537.39165  228  176 8111.88000 4942.67529  39.1%   380  446s
  1805  1307     cutoff  241      8111.88000 4942.67529  39.1%   377  451s
  1823  1341 6838.64125  249  165 8111.88000 4942.67529  39.1%   375  455s
  1865  1368 7026.25322  266  173 8111.88000 4942.67529  39.1%   371  461s
  1906  1382 7251.14849  282  112 8111.88000 4942.67529  39.1%   367  466s
  1934  1420 7325.89333  292   93 8111.88000 4942.67529  39.1%   365  475s
  1985  1461 7710.97168  313   98 8111.88000 4942.67529  39.1%   360  482s
  2044  1450     cutoff  340      8111.88000 4952.12766  39.0%   353  487s
  2073  1475 5129.58387   36  334 8111.88000 4952.12766  39.0%   353  492s
  2108  1491 5143.46283   43  434 8111.88000 4952.12766  39.0%   351  497s
  2135  1499 5284.33696   49  346 8111.88000 4952.12766  39.0%   350  504s
  2154  1528 5225.66071   53  313 8111.88000 4952.12766  39.0%   350  509s
  2190  1554 5290.67838   61  323 8111.88000 4952.12766  39.0%   349  515s
  2228  1574 5338.72669   67  288 8111.88000 4952.12766  39.0%   348  521s
  2260  1612 5416.18621   74  251 8111.88000 4952.12766  39.0%   347  527s
  2309  1644 5617.63889   88  267 8111.88000 4952.12766  39.0%   345  535s
  2357  1682 5648.51434   96  216 8111.88000 4952.12766  39.0%   342  542s
  2412  1719 5994.10120  107  212 8111.88000 4952.12766  39.0%   339  550s
  2472  1805 6122.82211  111  205 8111.88000 4952.12766  39.0%   337  558s
  2565  1774 6501.21715  161   77 8111.88000 4952.12766  39.0%   329  560s
  2584  1896 6286.75409  126  201 8111.88000 4952.12766  39.0%   327  569s
  2633  1880 6677.91666  167  101 8111.88000 4952.12766  39.0%   324  570s
  2719  1943 infeasible  150      8111.88000 4952.12766  39.0%   316  579s
  2757  1930 6808.53128  160  142 8111.88000 4952.12766  39.0%   314  580s
  2841  1943 7063.07403  169  159 8111.88000 4960.89811  38.8%   308  588s
  2887  1979 5045.61102   32  541 8111.88000 4960.89811  38.8%   309  599s
  2962  1984 5060.17622   34  644 8111.88000 4960.89811  38.8%   304  607s
  3038  1972 5080.08918   40  600 8111.88000 4960.89811  38.8%   300  617s
  3057  1983 5148.40407   43  297 8111.88000 4960.89811  38.8%   301  624s
  3075  2000 5177.51420   49  364 8111.88000 4960.89811  38.8%   303  632s
  3098  2013 5209.32011   54  204 8111.88000 4960.89811  38.8%   304  642s
  3118  2036 5239.60679   58  381 8111.88000 4960.89811  38.8%   305  651s
  3148  2087 5283.31412   63  155 8111.88000 4960.89811  38.8%   306  661s
  3209  2162 5446.66606   67  172 8111.88000 4960.89811  38.8%   305  673s
  3327  2193 5506.47959   74  213 8111.88000 4960.89811  38.8%   299  684s
  3358  2234 5581.49109   89   68 8111.88000 4960.89811  38.8%   300  695s
  3399  2287 5741.21717  100   60 8111.88000 4960.89811  38.8%   300  706s
  3452  2351 5731.08458  107  128 8111.88000 4960.89811  38.8%   301  718s
  3528  2420 5907.34087  125   60 8111.88000 4960.89811  38.8%   300  731s
  3597  2560 6019.17649  141   82 8111.88000 4960.89811  38.8%   299  745s
  3753  2619 7064.36856  194   32 8111.88000 4969.65116  38.7%   292  760s
  3844  2702 5190.45988   37  366 8111.88000 4969.65116  38.7%   290  774s
  3864  2702 5851.23223  131   54 8111.88000 4969.65116  38.7%   290  775s
  3934  2718 5213.85758   37  337 8111.88000 4969.65116  38.7%   288  788s
  3955  2748 5160.55383   43  336 8111.88000 4969.65116  38.7%   289  802s
  3985  2773 5207.46921   55  386 8111.88000 4969.65116  38.7%   291  816s
  4010  2818 5288.39129   65  213 8111.88000 4969.65116  38.7%   292  829s
  4055  2863 5405.43822   81  254 8111.88000 4969.65116  38.7%   294  845s
  4100  2945 5483.78853   97  192 8111.88000 4969.65116  38.7%   294  860s
  4182  3015 5608.07726  118  147 8111.88000 4969.65116  38.7%   294  876s
  4252  3135 5765.63131  133  176 8111.88000 4969.65116  38.7%   295  892s
  4372  3341 6142.77368  170   40 8111.88000 4981.50901  38.6%   293  913s
  4533  3341 7892.97000  215   13 8111.88000 4981.50901  38.6%   285  915s
  4647  3377 infeasible  224      8111.88000 4981.80623  38.6%   283  931s
  4685  3507 5283.32158   54  277 8111.88000 4981.80623  38.6%   285  949s
  4731  3507 5790.45759  100   99 8111.88000 4981.80623  38.6%   284  950s
  4817  3630 6007.01863  120   75 8111.88000 4983.17446  38.6%   282  970s
  5008  3703 5209.77260   53  342 8111.88000 4985.71128  38.5%   275  989s
  5027  3703 5533.65007   72  235 8111.88000 4985.71128  38.5%   276  990s
  5086  3705 6511.58493  113  104 8111.88000 4985.71128  38.5%   276 1042s
  5088  3782 6513.27991  114  122 8111.88000 4986.41391  38.5%   276 1062s
  5181  3877 5307.95520   50  420 8111.88000 4986.41391  38.5%   276 1083s
  5276  3910 6617.46056  115  133 8111.88000 4986.41391  38.5%   276 1122s
  5311  4035 6642.54891  116  147 8111.88000 4986.77026  38.5%   276 1142s
  5471  4090 5398.91542   47  475 8111.88000 4986.96438  38.5%   274 1164s
  5500  4090 6340.91887   76  317 8111.88000 4986.96438  38.5%   275 1165s
  5547  4145 5074.76815   35  571 8111.88000 4988.54721  38.5%   276 1185s
  5602  4254 5250.35525   53  355 8111.88000 4988.54721  38.5%   279 1208s
  5685  4254 5454.58932   79  154 8111.88000 4988.54721  38.5%   280 1210s
  5711  4430 5466.70606   75  214 8111.88000 4988.54721  38.5%   279 1241s
  5887  4743 5745.00416   99  178 8111.88000 4988.54721  38.5%   277 1269s
  5922  4743 5876.00112  114  182 8111.88000 4988.54721  38.5%   276 1270s
  6308  5004 6242.59894  153   83 8111.88000 4991.97865  38.5%   265 1297s
  6563  5057     cutoff  221      8111.88000 4992.01077  38.5%   261 1321s
  6635  5239 infeasible  221      8111.88000 4995.31629  38.4%   263 1346s
  6858  5293     cutoff  226      8111.88000 4995.92392  38.4%   260 1375s
  6930  5371 5275.82890   60  254 8111.88000 4997.28581  38.4%   262 1397s
  7008  5511 5544.21702   77  219 8111.88000 4997.28581  38.4%   264 1422s
  7148  5946 5739.57825  106  245 8111.88000 4997.28581  38.4%   265 1453s
  7316  5946 7180.75994  166   48 8111.88000 4997.28581  38.4%   262 1455s
  7588  6121 7344.80027  173   26 8111.88000 4997.58263  38.4%   257 1485s
  7842  6315 6121.63517   96  194 8111.88000 4997.94495  38.4%   254 1518s
  8076  6398 5340.45141   47  495 8111.88000 5001.51140  38.3%   251 1546s
  8162  6573 6813.21496   89  235 8111.88000 5004.24273  38.3%   254 1575s
  8378  6819 5813.89154   64  298 8111.88000 5004.45812  38.3%   253 1608s
  8441  6819 7040.18755  127  110 8111.88000 5004.45812  38.3%   253 1610s
  8650  7047 5436.98183   57  327 8111.88000 5005.23217  38.3%   251 1643s
  8905  7100 5353.33092   47  454 8111.88000 5005.25754  38.3%   249 1673s
  8954  7173 5581.02653   59  352 8111.88000 5005.25754  38.3%   252 1702s
  9027  7314 5878.42226   79  355 8111.88000 5005.25754  38.3%   254 1733s
  9112  7314 6239.18614  123  191 8111.88000 5005.25754  38.3%   254 1735s
  9170  7463 6448.15269  141  164 8111.88000 5007.02183  38.3%   255 1765s
  9344  7673 5414.63424   50  565 8111.88000 5007.02183  38.3%   256 1801s
  9551  7673 6953.29000  177    7 8111.88000 5007.02183  38.3%   255 1805s
  9606  7880 6186.35837   92  306 8111.88000 5008.25663  38.3%   254 1869s
  9621  7880 6329.85008  107  281 8111.88000 5008.25663  38.3%   254 1870s
  9845  8002 5169.96434   38  373 8111.88000 5008.35830  38.3%   252 1902s
  9977  8171 5537.53799   51  470 8111.88000 5008.35830  38.3%   253 1933s
 10076  8171 6163.11932  106  123 8111.88000 5008.35830  38.3%   253 1935s
 10164  8358 6741.44110  136  148 8111.88000 5011.05802  38.2%   253 1969s
 10178  8358 6843.70975  150  125 8111.88000 5011.05802  38.2%   253 1970s
 10378  8463 5350.39176   57  271 8111.88000 5011.06983  38.2%   252 2003s
 10487  8629 6540.59601   92   60 8111.88000 5013.83790  38.2%   253 2037s
 10678  8748 5699.66706   39  640 8111.88000 5013.83790  38.2%   253 2069s
 10799  8951 6450.47685   84  412 8111.88000 5014.85527  38.2%   254 2106s
 10963  8951 7119.59134  100  108 8111.88000 5015.38610  38.2%   254 2110s
 11038  8979 5292.53650   32  679 8111.88000 5015.38610  38.2%   253 2140s
 11068  9055 5228.41744   35  510 8111.88000 5015.38610  38.2%   256 2171s
 11146  9083 5713.40077   63  207 8111.88000 5015.38610  38.2%   258 2241s
 11178  9251 5927.10347   73  181 8111.88000 5016.00671  38.2%   259 2273s
 11317  9251 5888.01798   95  255 8111.88000 5016.00671  38.2%   259 2275s
 11369  9593 5626.79404   38  440 8111.88000 5016.00671  38.2%   259 2311s
 11585  9593 6462.30418  141  118 8111.88000 5016.00671  38.2%   258 2315s
 11749  9909 6387.33673  118   12 8111.88000 5016.19609  38.2%   256 2350s
 12102  9976     cutoff  219      8111.88000 5019.58366  38.1%   252 2384s
 12176 10199 infeasible  218      8111.88000 5021.64013  38.1%   254 2421s
 12448 10320 5420.55315   41  471 8111.88000 5024.74124  38.1%   252 2457s
 12596 10399 5148.79121   31  772 8111.88000 5024.75820  38.1%   253 2489s
 12642 10399 6073.14713   77  252 8111.88000 5024.75820  38.1%   254 2490s
 12688 10602 6223.49468   85  291 8111.88000 5025.14846  38.1%   255 2523s
 12792 10602 5714.95462   79  146 8111.88000 5025.14846  38.1%   254 2525s
 12917 10863 5729.33154   80  152 8111.88000 5025.84662  38.0%   253 2560s
 13208 10997 5839.54697   83  302 8111.88000 5026.85910  38.0%   251 2597s
 13358 11177 5472.80895   46  474 8111.88000 5026.85910  38.0%   252 2631s
 13573 11368 6445.41969  123  316 8111.88000 5028.99709  38.0%   251 2666s
 13797 11530 5354.77556   45  275 8111.88000 5029.82981  38.0%   251 2704s
 13828 11530 5495.79451   60  220 8111.88000 5029.82981  38.0%   251 2705s
 13959 11721 6025.76083  103   86 8111.88000 5030.37183  38.0%   251 2745s
 14177 11771 infeasible  168      8111.88000 5030.37278  38.0%   251 2792s
 14225 11982 5559.31797   46  281 8111.88000 5031.55356  38.0%   252 2826s
 14499 12159 5482.83046   46  409 8111.88000 5032.30387  38.0%   251 2862s
 14652 12161 5735.17576   62  244 8111.88000 5032.30387  38.0%   251 2865s
 14678 12255 7812.78241  167  145 8111.88000 5034.18541  37.9%   251 2901s
 14802 12498 6171.88071   74  344 8111.88000 5034.63006  37.9%   252 2935s
 15075 12669 6416.78524   92  183 8111.88000 5036.93216  37.9%   251 2971s
 15286 12880 6937.52324   61  222 8111.88000 5038.01259  37.9%   250 3006s
 15505 12880 7782.96593  159   92 8111.88000 5038.08219  37.9%   250 3010s
 15529 13002 5651.04788   70  386 8111.88000 5039.38122  37.9%   250 3041s
 15688 13168 5368.09056   53  167 8111.88000 5040.84873  37.9%   251 3078s
 15775 13168 6747.83725  135   84 8111.88000 5040.84873  37.9%   250 3080s
 15878 13263 8063.37000  192    - 8111.88000 5040.92171  37.9%   250 3113s
 15987 13318 8075.37000  192    - 8111.88000 5041.67938  37.8%   251 3147s
 16043 13451     cutoff  192      8111.88000 5042.08585  37.8%   253 3179s
 16177 13702 6386.72806   89  121 8111.88000 5042.41844  37.8%   254 3218s
 16286 13702 5751.44890  107  190 8111.88000 5043.78018  37.8%   253 3220s
 16471 13704 5266.11724   47  327 8111.88000 5043.78018  37.8%   252 3264s
 16474 13784 5250.48275   48  293 8111.88000 5043.78018  37.8%   252 3297s
 16554 13928 5494.67817   63  261 8111.88000 5043.78018  37.8%   253 3333s
 16654 13928 5633.84543   55  236 8111.88000 5043.78018  37.8%   254 3335s
 16698 14063 5724.02784   85  116 8111.88000 5043.78018  37.8%   254 3371s
 16843 14486 5975.37357  113  210 8111.88000 5043.78018  37.8%   255 3411s
 17230 14486 6467.31067  154   37 8111.88000 5043.78018  37.8%   254 3417s
 17269 14876 6634.10426  150  157 8111.88000 5043.78674  37.8%   253 3450s
 17814 14939 infeasible  215      8111.88000 5044.01119  37.8%   250 3487s
 17876 15072 5695.54877   64  364 8111.88000 5044.74949  37.8%   251 3521s
 18040 15224 5457.44790   36  388 8111.88000 5045.41464  37.8%   251 3556s
 18209 15359 5248.39333   35  514 8111.88000 5045.46646  37.8%   251 3592s
 18353 15421 7078.24731  115  120 8111.88000 5045.46646  37.8%   251 3600s

Cutting planes:
  User: 4887
  Gomory: 40
  Cover: 573
  Implied bound: 79
  Projected implied bound: 1
  Clique: 9
  MIR: 217
  Flow cover: 676
  Zero half: 21
  RLT: 428
  Relax-and-lift: 11
  Lazy constraints: 2394

Explored 18429 nodes (4641561 simplex iterations) in 3600.86 seconds
Thread count was 2 (of 32 available processors)

Solution count 2: 8111.88 8225.88 

Time limit reached
Best objective 8.111880000000e+03, best bound 5.045466461487e+03, gap 37.8015%

User-callback calls 435546, time in user-callback 224.36 sec
================================================================================
executing instance: ./input/Instances/Original/5/absH3low_4n25.dat
--------------------------------------------------------------------------------
Instance details
n	26
H	3
C	2029
Li:
[0, 0, 0, 0, 0, 0, 0, 0, 0, 0, 0, 0, 0, 0, 0, 0, 0, 0, 0, 0, 0, 0, 0, 0, 0, 0, ]
Ui:
[0, 34, 165, 76, 88, 188, 58, 279, 52, 132, 198, 142, 135, 165, 186, 58, 201, 196, 40, 183, 32, 90, 168, 126, 93, 146, ]
Distance matrix:
|0	299	188	235	91	202	152	147	162	277	268	132	71	162	220	69	220	289	241	124	265	80	162	132	66	302	|
|299	0	468	431	282	142	317	425	443	569	193	178	359	302	422	231	93	28	511	325	457	242	434	215	240	601	|
|188	468	0	153	265	342	308	43	192	106	455	290	117	206	142	246	379	464	252	274	360	267	211	319	231	184	|
|235	431	153	0	326	289	386	145	321	240	482	269	184	129	15	258	339	436	393	355	477	305	336	354	237	334	|
|91	282	265	326	0	228	66	228	166	339	196	157	154	242	311	99	225	264	229	50	201	47	153	71	115	340	|
|202	142	342	289	228	0	285	301	363	447	255	73	245	161	281	139	53	151	440	278	428	181	360	187	136	495	|
|152	317	308	386	66	285	0	275	167	368	188	217	207	308	371	163	274	295	210	34	145	108	148	104	181	350	|
|147	425	43	145	228	301	275	0	179	146	415	248	76	172	131	203	337	421	248	242	341	227	195	279	188	211	|
|162	443	192	321	166	363	167	179	0	216	352	291	152	302	307	225	375	428	81	138	170	201	22	237	227	183	|
|277	569	106	240	339	447	368	146	216	0	535	391	210	312	232	341	481	562	245	335	381	352	238	402	329	106	|
|268	193	455	482	196	255	188	415	352	535	0	225	339	367	469	224	212	165	398	214	302	188	335	136	245	533	|
|132	178	290	269	157	73	217	248	291	391	225	0	183	145	258	66	91	175	367	207	358	110	287	127	67	431	|
|71	359	117	184	154	245	207	76	152	210	339	183	0	152	169	131	274	352	232	174	294	151	161	203	119	251	|
|162	302	206	129	242	161	308	172	302	312	367	145	152	0	120	153	210	308	383	284	426	208	309	249	132	383	|
|220	422	142	15	311	281	371	131	307	232	469	258	169	120	0	245	330	427	379	340	461	291	321	340	224	324	|
|69	231	246	258	99	139	163	203	225	341	224	66	131	153	245	0	152	222	301	147	299	57	221	97	22	371	|
|220	93	379	339	225	53	274	337	375	481	212	91	274	210	330	152	0	99	448	273	419	180	369	171	157	521	|
|289	28	464	436	264	151	295	421	428	562	165	175	352	308	427	222	99	0	493	305	434	227	418	196	234	590	|
|241	511	252	393	229	440	210	248	81	245	398	367	232	383	379	301	448	493	0	190	147	270	80	298	305	175	|
|124	325	274	355	50	278	34	242	138	335	214	207	174	284	340	147	273	305	190	0	152	97	122	110	162	320	|
|265	457	360	477	201	428	145	341	170	381	302	358	294	426	461	299	419	434	147	152	0	248	150	249	312	322	|
|80	242	267	305	47	181	108	227	201	352	188	110	151	208	291	57	180	227	270	97	248	0	192	52	76	366	|
|162	434	211	336	153	360	148	195	22	238	335	287	161	309	321	221	369	418	80	122	150	192	0	224	225	203	|
|132	215	319	354	71	187	104	279	237	402	136	127	203	249	340	97	171	196	298	110	249	52	224	0	118	409	|
|66	240	231	237	115	136	181	188	227	329	245	67	119	132	224	22	157	234	305	162	312	76	225	118	0	364	|
|302	601	184	334	340	495	350	211	183	106	533	431	251	383	324	371	521	590	175	320	322	366	203	409	364	0	|

--------------------------------------------------------------------------------
Building model...
	using lazy and cut (CVRPSEP package)
Solving IRP LP...
--------------------------------------------------------------------------------

Gurobi 9.1.0 (linux64) logging started Thu Jan 28 23:41:00 2021

Gurobi Optimizer version 9.1.0 build v9.1.0rc0 (linux64)
Thread count: 32 physical cores, 32 logical processors, using up to 2 threads
Optimize a model with 1307 rows, 4616 columns and 16844 nonzeros
Model fingerprint: 0x815037a1
Variable types: 404 continuous, 4212 integer (312 binary)
Coefficient statistics:
  Matrix range     [1e+00, 5e+02]
  Objective range  [1e-02, 6e+02]
  Bounds range     [1e+00, 3e+02]
  RHS range        [2e+01, 3e+03]
Presolve removed 113 rows and 29 columns
Presolve time: 0.05s
Presolved: 1194 rows, 4587 columns, 16464 nonzeros
Variable types: 378 continuous, 4209 integer (3909 binary)

Root relaxation: objective 2.491208e+03, 913 iterations, 0.03 seconds

    Nodes    |    Current Node    |     Objective Bounds      |     Work
 Expl Unexpl |  Obj  Depth IntInf | Incumbent    BestBd   Gap | It/Node Time

     0     0 2491.20830    0   94          - 2491.20830      -     -    0s
     0     0 2603.53626    0   80          - 2603.53626      -     -    0s
     0     0 2944.06116    0  166          - 2944.06116      -     -    0s
     0     0 2948.24019    0  163          - 2948.24019      -     -    0s
     0     0 3124.26124    0  199          - 3124.26124      -     -    0s
     0     0 3154.15834    0  222          - 3154.15834      -     -    0s
     0     0 3160.24487    0  234          - 3160.24487      -     -    1s
     0     0 3164.68944    0  244          - 3164.68944      -     -    1s
