




arguments: ./build/mirp_solver -f ./input/orig_exec_131.cfg
Current dir: /scratch/gui/bnc_mirp
File verbosity level: 9
date       time         ( uptime  ) [ thread name/id ]                   file:line     v| 
2021-01-09 23:41:26.149 (   0.064s) [main thread     ]             loguru.cpp:789   INFO| Logging to './output/vi_vc/OU/V3/Original/execution_09_01_2021_23_41_26.log', mode: 'a', verbosity: 9
--------------------------------------------------------------------------------
Parameters
                           instance_path           ./input/Instances/Original/4/
                            model_policy                                       1
                             nb_vehicles                                       3
                              output_dir          ./output/vi_vc/OU/V3/Original/
                            sec_strategy                                       1
                       solver_nb_threads                                       2
                         solver_show_log                                    true
                       solver_time_limit                                    3600
                              use_vi_cos                                   false
                              use_vi_cus                                   false
                         use_vi_hc1_full                                   false
                         use_vi_hc1_half                                   false
                      use_vi_hc1_quarter                                   false
                              use_vi_hc2                                   false
                              use_vi_hc3                                   false
                         use_vi_lex_full                                   false
                         use_vi_lex_half                                   false
                      use_vi_lex_quarter                                   false
                              use_vi_qua                                   false
                               use_vi_vc                                    true
                               use_vi_vr                                   false
--------------------------------------------------------------------------------
executing instance: ./input/Instances/Original/4/absH3low_3n30.dat
--------------------------------------------------------------------------------
Instance details
n	31
H	3
C	2841
Li:
[0, 0, 0, 0, 0, 0, 0, 0, 0, 0, 0, 0, 0, 0, 0, 0, 0, 0, 0, 0, 0, 0, 0, 0, 0, 0, 0, 0, 0, 0, 0, ]
Ui:
[0, 246, 98, 54, 144, 171, 192, 180, 165, 98, 122, 198, 297, 144, 130, 129, 219, 138, 142, 150, 108, 66, 64, 285, 180, 204, 276, 168, 240, 198, 122, ]
Distance matrix:
|0	172	56	166	260	198	42	197	296	110	91	112	238	275	323	183	330	232	175	181	162	191	232	280	201	139	356	185	266	216	26	|
|172	0	178	223	320	335	153	355	444	62	231	99	333	376	214	352	176	235	194	106	47	41	353	161	299	175	225	43	326	374	153	|
|56	178	0	110	204	162	93	233	336	125	144	148	187	226	358	180	313	284	123	152	182	185	282	252	256	88	329	177	210	251	42	|
|166	223	110	0	102	150	199	327	431	194	253	237	113	156	431	228	296	386	44	140	248	208	389	218	366	48	287	200	108	344	148	|
|260	320	204	102	0	156	296	391	493	296	340	339	66	90	531	263	362	486	127	226	349	300	469	278	454	148	334	292	6	406	245	|
|198	335	162	150	156	0	239	255	351	286	245	307	93	106	518	111	442	423	194	280	344	335	349	367	352	182	437	327	158	266	199	|
|42	153	93	199	296	239	0	203	296	91	82	76	278	316	284	217	322	191	201	186	133	180	217	281	177	165	356	175	302	222	52	|
|197	355	233	327	391	255	203	0	104	294	125	266	340	361	436	151	524	276	352	377	330	383	109	477	146	319	553	377	395	19	222	|
|296	444	336	431	493	351	296	104	0	384	214	348	440	456	488	241	617	315	456	476	412	475	113	575	176	422	651	470	497	88	322	|
|110	62	125	194	296	286	91	294	384	0	171	55	298	340	238	292	233	210	176	118	58	91	298	201	248	148	273	87	302	313	94	|
|91	231	144	253	340	245	82	125	214	171	0	141	307	339	324	184	403	187	266	266	204	261	140	363	114	230	438	256	346	144	116	|
|112	99	148	237	339	307	76	266	348	55	141	0	332	373	212	292	275	156	225	173	64	137	254	253	200	194	322	135	345	284	108	|
|238	333	187	113	66	93	278	340	440	298	307	332	0	43	536	203	404	469	153	253	354	321	427	322	420	160	385	313	67	353	229	|
|275	376	226	156	90	106	316	361	456	340	339	373	43	0	578	216	443	507	194	295	397	364	453	361	451	203	421	356	88	372	268	|
|323	214	358	431	531	518	284	436	488	238	324	212	536	578	0	498	309	176	407	320	183	245	376	344	312	383	379	251	537	451	319	|
|183	352	180	228	263	111	217	151	241	292	184	292	203	216	498	0	492	371	266	328	345	364	255	426	272	242	501	356	266	159	198	|
|330	176	313	296	362	442	322	524	617	233	403	275	404	443	309	492	0	397	253	164	218	142	529	84	475	260	72	147	367	543	306	|
|232	235	284	386	486	423	191	276	315	210	187	156	469	507	176	371	397	0	379	327	188	276	202	396	139	346	456	277	492	289	242	|
|175	194	123	44	127	194	201	352	456	176	266	225	153	194	407	266	253	379	0	101	225	174	405	174	375	36	244	166	133	370	152	|
|181	106	152	140	226	280	186	377	476	118	266	173	253	295	320	328	164	327	101	0	148	76	403	100	360	98	177	69	232	396	155	|
|162	47	182	248	349	344	133	330	412	58	204	64	354	397	183	345	218	188	225	148	0	89	316	208	259	201	270	90	355	348	149	|
|191	41	185	208	300	335	180	383	475	91	261	137	321	364	245	364	142	276	174	76	89	0	388	119	336	162	185	8	306	402	169	|
|232	353	282	389	469	349	217	109	113	298	140	254	427	453	376	255	529	202	405	403	316	388	0	497	64	369	570	384	474	112	256	|
|280	161	252	218	278	367	281	477	575	201	363	253	322	361	344	426	84	396	174	100	208	119	497	0	449	187	77	119	283	496	255	|
|201	299	256	366	454	352	177	146	176	248	114	200	420	451	312	272	475	139	375	360	259	336	64	449	0	339	521	333	460	156	223	|
|139	175	88	48	148	182	165	319	422	148	230	194	160	203	383	242	260	346	36	98	201	162	369	187	339	0	260	153	154	337	116	|
|356	225	329	287	334	437	356	553	651	273	438	322	385	421	379	501	72	456	244	177	270	185	570	77	521	260	0	187	338	572	331	|
|185	43	177	200	292	327	175	377	470	87	256	135	313	356	251	356	147	277	166	69	90	8	384	119	333	153	187	0	298	396	163	|
|266	326	210	108	6	158	302	395	497	302	346	345	67	88	537	266	367	492	133	232	355	306	474	283	460	154	338	298	0	410	251	|
|216	374	251	344	406	266	222	19	88	313	144	284	353	372	451	159	543	289	370	396	348	402	112	496	156	337	572	396	410	0	241	|
|26	153	42	148	245	199	52	222	322	94	116	108	229	268	319	198	306	242	152	155	149	169	256	255	223	116	331	163	251	241	0	|

--------------------------------------------------------------------------------
Building model...
	using lazy and cut (CVRPSEP package)
Solving IRP LP...
--------------------------------------------------------------------------------

Gurobi 9.1.0 (linux64) logging started Sat Jan  9 23:41:26 2021

Gurobi Optimizer version 9.1.0 build v9.1.0rc0 (linux64)
Thread count: 32 physical cores, 32 logical processors, using up to 2 threads
Optimize a model with 871 rows, 4858 columns and 11500 nonzeros
Model fingerprint: 0x0600a22f
Variable types: 394 continuous, 4464 integer (279 binary)
Coefficient statistics:
  Matrix range     [1e+00, 9e+02]
  Objective range  [1e-02, 7e+02]
  Bounds range     [1e+00, 3e+02]
  RHS range        [3e+01, 5e+03]
Presolve removed 175 rows and 82 columns
Presolve time: 0.07s
Presolved: 696 rows, 4776 columns, 10678 nonzeros
Variable types: 295 continuous, 4481 integer (4194 binary)

Root relaxation: objective 2.351438e+03, 732 iterations, 0.01 seconds

    Nodes    |    Current Node    |     Objective Bounds      |     Work
 Expl Unexpl |  Obj  Depth IntInf | Incumbent    BestBd   Gap | It/Node Time

     0     0 2351.43787    0   87          - 2351.43787      -     -    0s
     0     0 2562.98223    0   62          - 2562.98223      -     -    0s
     0     0 3105.41239    0  133          - 3105.41239      -     -    0s
     0     0 3169.03897    0  171          - 3169.03897      -     -    0s
     0     0 3177.34746    0  102          - 3177.34746      -     -    0s
     0     0 3199.10636    0  186          - 3199.10636      -     -    0s
     0     0 3219.45702    0  161          - 3219.45702      -     -    0s
     0     0 3227.54396    0  164          - 3227.54396      -     -    0s
     0     0 3227.87528    0  180          - 3227.87528      -     -    0s
     0     0 3313.93557    0  181          - 3313.93557      -     -    0s
     0     0 3326.30089    0  189          - 3326.30089      -     -    0s
     0     0 3329.10015    0  217          - 3329.10015      -     -    0s
     0     0 3330.07815    0  225          - 3330.07815      -     -    0s
     0     0 3422.68614    0  255          - 3422.68614      -     -    0s
     0     0 3443.26548    0  227          - 3443.26548      -     -    0s
     0     0 3443.44598    0  212          - 3443.44598      -     -    1s
     0     0 3489.24996    0  301          - 3489.24996      -     -    1s
     0     0 3492.12230    0  303          - 3492.12230      -     -    1s
     0     0 3492.75932    0  260          - 3492.75932      -     -    1s
     0     0 3498.66948    0  288          - 3498.66948      -     -    1s
     0     0 3498.66948    0  267          - 3498.66948      -     -    1s
     0     2 3498.93043    0  248          - 3498.93043      -     -    1s
   131   150 4444.80522   40   48          - 3506.74347      -   198    5s
   675   642 3784.62150    5  275          - 3507.14875      -  71.1   10s
   741   699 6238.85282  167  370          - 3623.79363      -  81.6   15s
H  746   666                    6007.9100000 3643.87639  39.3%  81.1   16s
H  746   632                    5815.9100000 3643.87639  37.3%  81.1   16s
   768   647 5815.91000  151  479 5815.91000 3654.54173  37.2%  78.7   20s
   787   660 5815.91000  172  437 5815.91000 3660.55072  37.1%  76.8   25s
   818   681 5815.91000  249  453 5815.91000 3665.22913  37.0%  91.4   30s
   844   699 4080.17570   31  468 5815.91000 3669.34718  36.9%  88.6   35s
H  846   664                    5790.9100000 3669.39269  36.6%  88.4   37s
   852   671 3712.81668   24  328 5790.91000 3674.61451  36.5%  98.5   40s
H  874   653                    5682.9100000 3709.50501  34.7%   108   42s
   920   687 3864.45878   41  264 5682.91000 3709.50501  34.7%   119   45s
  1031   766 4157.94458   72  184 5682.91000 3709.50501  34.7%   131   50s
H 1092   765                    5660.9100000 3709.50501  34.5%   138   52s
H 1118   755                    5659.9300000 3709.50501  34.5%   140   53s
  1177   819 4253.96914  118  154 5659.93000 3709.50501  34.5%   143   55s
H 1220   797                    5547.9300000 3709.50501  33.1%   144   56s
  1376   880 3766.67774   27  205 5547.93000 3709.67706  33.1%   146   60s
  1589  1053 4165.48208   73  137 5547.93000 3709.67706  33.1%   145   65s
  1903  1316 4628.39264  165   48 5547.93000 3709.67706  33.1%   138   70s
* 2419  1287             345    5520.2000000 3715.51003  32.7%   119   74s
  2453  1292 3846.10354   30  237 5520.20000 3715.51003  32.7%   119   76s
  2627  1559 4440.02718  126   75 5520.20000 3715.51003  32.7%   119   80s
  2901  1747 3899.47251   26  199 5520.20000 3729.71511  32.4%   113   87s
  2962  1840 4086.06774   30  252 5520.20000 3729.71511  32.4%   114   91s
  3140  2061 4416.08686   47  134 5520.20000 3729.71511  32.4%   113   95s
  3510  2347 3774.39065   32  328 5520.20000 3749.18478  32.1%   106  100s
  3718  2665 4699.86864   86  123 5520.20000 3749.18478  32.1%   106  105s
  3949  2729 5310.78772  221  100 5520.20000 3759.61498  31.9%   101  111s
  4072  2841 4126.50313   31  200 5520.20000 3759.85884  31.9%   104  115s
  4222  2986 4181.15606   32  202 5520.20000 3759.85884  31.9%   103  120s
  4395  3212 4718.10895   59   66 5520.20000 3770.96163  31.7%   105  127s
  4574  3257     cutoff   67      5520.20000 3774.41613  31.6%   104  130s
  4740  3540 4844.25373   92   66 5520.20000 3794.08103  31.3%   103  135s
  5026  3781 4312.96285   54  175 5520.20000 3796.77983  31.2%   100  140s
  5450  4163 4247.81502   34   94 5520.20000 3807.02297  31.0%  95.5  149s
  5556  4163 4900.55410  140   16 5520.20000 3807.02297  31.0%  94.2  150s
  5646  4335 4165.20229   41  209 5520.20000 3807.02297  31.0%  95.6  155s
  5795  4566 4434.65442   61  113 5520.20000 3807.02297  31.0%  95.3  161s
  6062  4720 4970.64277  149   62 5520.20000 3810.61268  31.0%  93.2  165s
* 6141  2594              64    4691.6100000 3811.05307  18.8%  92.8  165s
  6390  2562 4603.30769   58   28 4691.61000 3818.10416  18.6%  92.0  172s
H 6437  2464                    4662.1200000 3818.24204  18.1%  92.9  174s
H 6437  1326                    4430.6100000 3818.24204  13.8%  92.9  174s
H 6441  1282                    4419.6100000 3818.24204  13.6%  93.6  174s
H 6442  1270                    4417.3400000 3818.24204  13.6%  93.7  174s
  6450  1298 3947.62798   31  424 4417.34000 3818.24204  13.6%  93.9  177s
  6567  1373     cutoff   57      4417.34000 3820.96287  13.5%  95.9  182s
  6632  1391 4035.48792   32  268 4417.34000 3821.29838  13.5%  97.1  185s
  6743  1458 4024.81799   38  241 4417.34000 3826.06940  13.4%  98.9  191s
  6840  1561 4077.67607   36  122 4417.34000 3829.83423  13.3%   101  197s
  6911  1587 4155.76056   30  207 4417.34000 3829.83423  13.3%   101  200s
  7043  1650 4332.64355   60  110 4417.34000 3835.89713  13.2%   103  206s
  7123  1758 4298.82204   34  216 4417.34000 3837.82036  13.1%   105  213s
  7245  1816     cutoff   75      4417.34000 3842.67184  13.0%   105  217s
  7360  1917 4146.72745   48  162 4417.34000 3846.74306  12.9%   106  222s
  7524  1976 4016.50300   31  177 4417.34000 3850.26605  12.8%   106  227s
  7621  2028 3942.67367   30  415 4417.34000 3851.50395  12.8%   108  232s
  7687  2142 4271.13750   55  223 4417.34000 3851.88256  12.8%   109  236s
  7873  2230 4132.41359   39   54 4417.34000 3861.37658  12.6%   109  242s
  7984  2284 4009.43494   38  237 4417.34000 3864.07161  12.5%   110  246s
  8064  2405 4232.69980   42  215 4417.34000 3865.47214  12.5%   111  251s
  8230  2439 4108.24065   28  291 4417.34000 3867.27129  12.5%   111  256s
  8305  2468 4146.26772   35  267 4417.34000 3868.41074  12.4%   113  260s
  8427  2608 4298.52206   50   44 4417.34000 3879.97196  12.2%   115  269s
  8606  2629     cutoff   58      4417.34000 3882.13467  12.1%   115  277s
  8644  2713 4188.41166   40  153 4417.34000 3886.07561  12.0%   116  282s
  8801  2778 4209.05568   38  278 4417.34000 3887.95333  12.0%   116  301s
  8896  2855 4006.25001   38  208 4417.34000 3889.41436  12.0%   117  307s
  9021  2956 4247.48650   45   90 4417.34000 3890.47382  11.9%   118  312s
H 9153  2830                    4392.3400000 3896.11490  11.3%   118  313s
  9206  2855     cutoff   61      4392.34000 3898.75987  11.2%   118  318s
  9280  2884 4054.10593   32  344 4392.34000 3899.49735  11.2%   120  323s
  9359  2918 4230.70502   29  212 4392.34000 3900.24738  11.2%   121  328s
  9445  2972 4022.60880   32  247 4392.34000 3902.69663  11.1%   123  333s
  9523  3017     cutoff   36      4392.34000 3904.06207  11.1%   124  338s
  9620  3043 4118.75183   34  282 4392.34000 3908.80777  11.0%   126  343s
  9662  3144 4207.86799   38  242 4392.34000 3913.12240  10.9%   127  348s
  9842  3216 4083.76439   44  181 4392.34000 3914.20946  10.9%   128  355s
  9995  3270 4192.78907   44  232 4392.34000 3916.92212  10.8%   128  360s
 10112  3329 4224.69879   43  123 4392.34000 3919.38763  10.8%   130  366s
 10241  3380 4280.04590   43  139 4392.34000 3921.65787  10.7%   131  372s
 10373  3424 4352.02497   39  150 4392.34000 3926.14153  10.6%   132  378s
 10512  3477 4158.93260   45  221 4392.34000 3928.91326  10.6%   133  383s
 10646  3529 4224.61754   49   94 4392.34000 3931.30935  10.5%   134  389s
 10752  3628 4346.13576   38  219 4392.34000 3932.75698  10.5%   135  395s
 10942  3678 4200.52516   44  248 4392.34000 3935.81827  10.4%   135  400s
 11088  3736 4289.03081   35  198 4392.34000 3937.58582  10.4%   136  407s
 11194  3810 4154.54486   31  228 4392.34000 3939.71038  10.3%   137  413s
 11400  3839 4238.42344   45  255 4392.34000 3940.42176  10.3%   137  420s
 11470  3915 4126.56987   30  253 4392.34000 3940.91847  10.3%   139  425s
 11611  3998 4121.56539   33  302 4392.34000 3943.86722  10.2%   139  431s
 11747  4071 4241.65887   41  186 4392.34000 3947.28603  10.1%   140  438s
 11915  4122 4017.36782   35  352 4392.34000 3949.46406  10.1%   141  444s
 11996  4168 4286.38777   37  264 4392.34000 3950.06824  10.1%   142  450s
 12102  4251 4378.85556   33  157 4392.34000 3951.09485  10.0%   143  457s
 12280  4329 4314.40023   42   96 4392.34000 3954.68600  10.0%   144  463s
 12459  4403     cutoff   55      4392.34000 3957.70711  9.90%   144  470s
 12602  4440 4369.91000   55    - 4392.34000 3962.53743  9.79%   145  476s
 12687  4476 4391.18000   55    - 4392.34000 3964.36847  9.74%   146  482s
 12771  4547 4285.35438   40  149 4392.34000 3966.82278  9.69%   147  489s
 12896  4603 4333.68617   42  217 4392.34000 3968.33308  9.65%   148  495s
 12991  4657 4269.61084   61  193 4392.34000 3969.07439  9.64%   149  501s
 13136  4699 4367.98090   53  191 4392.34000 3973.02762  9.55%   150  508s
 13235  4802 4121.56862   39  195 4392.34000 3974.63907  9.51%   151  515s
 13405  4911 4292.55885   47  143 4392.34000 3976.49583  9.47%   151  523s
 13599  4980 4349.92044   49  105 4392.34000 3982.40739  9.33%   152  530s
 13724  5052 4358.45224   65  122 4392.34000 3983.53685  9.31%   152  537s
 13856  5092 4357.43352   40  110 4392.34000 3985.66411  9.26%   153  544s
 14006  5185     cutoff   44      4392.34000 3987.98459  9.21%   153  551s
 14220  5235 4179.36294   36  311 4392.34000 3989.77636  9.17%   154  557s
 14354  5303 4181.34258   33  275 4392.34000 3991.05142  9.14%   155  564s
 14507  5358     cutoff   42      4392.34000 3991.14498  9.13%   155  570s
 14632  5450 4081.65564   42  235 4392.34000 3992.74638  9.10%   156  578s
 14820  5511 4125.81719   34  240 4392.34000 3995.11197  9.04%   156  584s
 14972  5625 4182.13759   34  107 4392.34000 3995.66073  9.03%   157  592s
 15185  5685 4260.89600   40  136 4392.34000 3996.97923  9.00%   157  598s
*15373  5604              68    4384.4100000 3997.91557  8.82%   157  599s
 15374  5656 4228.76336   39  253 4384.41000 3998.43336  8.80%   157  605s
 15480  5761 4360.64006   49  167 4384.41000 3999.90693  8.77%   158  612s
*15549  5754              53    4382.8000000 3999.90693  8.74%   158  612s
 15693  5796     cutoff   59      4382.80000 4003.29104  8.66%   159  619s
 15840  5881 4149.23805   38  275 4382.80000 4006.25001  8.59%   159  627s
 16031  5950 4211.69234   38   86 4382.80000 4008.50106  8.54%   159  633s
 16189  6024 4192.09791   35  275 4382.80000 4011.76696  8.47%   160  640s
 16335  6099 4106.42575   33  328 4382.80000 4012.36563  8.45%   161  647s
 16497  6163     cutoff   51      4382.80000 4013.41125  8.43%   161  654s
 16615  6216     cutoff   45      4382.80000 4014.51085  8.40%   162  661s
 16792  6297 4308.52489   57  125 4382.80000 4016.90285  8.35%   162  668s
 16947  6379 4233.04496   36  121 4382.80000 4017.99333  8.32%   163  675s
*16966  5187              46    4335.3900000 4017.99333  7.32%   163  675s
 17150  5199 4140.07939   48  122 4335.39000 4019.45359  7.29%   163  682s
 17291  5257 4286.38358   40  258 4335.39000 4021.52490  7.24%   164  689s
H17301  3570                    4279.0000000 4021.52490  6.02%   164  689s
 17457  3576     cutoff   44      4279.00000 4022.92475  5.98%   164  696s
 17579  3575     cutoff   43      4279.00000 4025.67738  5.92%   165  703s
 17728  3604 4150.47906   47  128 4279.00000 4028.23166  5.86%   166  709s
 17861  3614     cutoff   35      4279.00000 4030.10599  5.82%   166  715s
 17969  3629 4226.07013   36  161 4279.00000 4031.31776  5.79%   167  723s
 18067  3664 4179.24098   40  192 4279.00000 4033.28535  5.74%   168  729s
 18241  3689 4201.59298   33  159 4279.00000 4035.56468  5.69%   168  736s
 18335  3706     cutoff   37      4279.00000 4037.11130  5.65%   169  743s
 18494  3719 4203.26368   34  203 4279.00000 4039.48021  5.60%   170  750s
 18609  3738 4220.64567   40  110 4279.00000 4040.85013  5.57%   171  757s
 18747  3750 4246.47944   35  162 4279.00000 4044.01801  5.49%   171  763s
H18894  3727                    4278.0000000 4045.00929  5.45%   172  770s
 19006  3729     cutoff   38      4278.00000 4046.00012  5.42%   173  777s
 19104  3750 4176.14873   35  217 4278.00000 4047.10283  5.40%   174  783s
 19275  3774 4204.67933   41  258 4278.00000 4049.80870  5.33%   174  790s
 19443  3790 4237.09477   38  133 4278.00000 4051.73519  5.29%   175  797s
 19582  3798     cutoff   34      4278.00000 4053.52264  5.25%   175  804s
 19710  3802 infeasible   39      4278.00000 4054.61720  5.22%   176  811s
 19837  3829 4165.89633   30  266 4278.00000 4056.72220  5.17%   177  818s
 19992  3855 4142.57650   36  136 4278.00000 4059.01995  5.12%   177  825s
 20181  3863 4264.71701   63  184 4278.00000 4062.52610  5.04%   178  833s
 20297  3882 4120.56876   37  307 4278.00000 4063.03709  5.02%   178  840s
 20449  3900 4261.51797   34  313 4278.00000 4065.21163  4.97%   179  847s
 20613  3915 4166.04518   33  153 4278.00000 4066.20757  4.95%   179  855s
 20702  3921     cutoff   40      4278.00000 4067.38084  4.92%   180  862s
 20858  3938 4224.28865   41  336 4278.00000 4069.60879  4.87%   180  870s
 20997  3944 4192.01101   40  231 4278.00000 4070.89109  4.84%   181  877s
 21141  3954 4216.54715   40  244 4278.00000 4072.27385  4.81%   181  884s
 21295  3987 4223.92435   36  181 4278.00000 4073.45473  4.78%   182  892s
 21466  4029 4263.94379   48   60 4278.00000 4075.02378  4.74%   182  899s
 21647  4038 4172.45073   39  323 4278.00000 4076.65966  4.71%   182  906s
 21784  4039 4205.49295   37  147 4278.00000 4076.97064  4.70%   183  914s
 21932  4053 4117.42483   59  271 4278.00000 4079.39636  4.64%   184  921s
 22042  4069     cutoff   36      4278.00000 4080.55760  4.62%   184  929s
 22170  4090     cutoff   42      4278.00000 4081.37564  4.60%   185  936s
 22354  4105 4195.62747   48  246 4278.00000 4083.31771  4.55%   185  944s
 22559  4118 4147.06287   53  124 4278.00000 4084.93817  4.51%   185  952s
 22709  4120     cutoff   39      4278.00000 4086.84485  4.47%   186  960s
 22867  4131 4220.99581   42  174 4278.00000 4087.85919  4.44%   186  967s
 23049  4140 4219.27150   32  221 4278.00000 4089.18863  4.41%   187  975s
 23238  4173 4171.43737   38  130 4278.00000 4091.13891  4.37%   187  983s
 23438  4176 4210.47670   38  209 4278.00000 4092.61056  4.33%   187  990s
 23599  4173     cutoff   54      4278.00000 4094.26584  4.29%   188  998s
 23710  4191 4259.43518   38  103 4278.00000 4095.08090  4.28%   188 1006s
 23886  4206 4272.57227   37  196 4278.00000 4096.44087  4.24%   189 1013s
 24043  4223 4160.43850   35  142 4278.00000 4097.59117  4.22%   189 1021s
 24160  4244 4217.74450   45  185 4278.00000 4098.67846  4.19%   190 1029s
 24334  4250 4214.94997   34  331 4278.00000 4099.65856  4.17%   190 1037s
 24511  4258     cutoff   45      4278.00000 4101.35114  4.13%   190 1044s
 24643  4272 4268.12600   36  141 4278.00000 4103.12371  4.09%   191 1052s
 24821  4273 4271.18749   54  171 4278.00000 4104.97447  4.04%   191 1060s
 24988  4297     cutoff   41      4278.00000 4106.22249  4.02%   191 1068s
 25142  4296 4222.88867   44  180 4278.00000 4108.10295  3.97%   192 1076s
 25330  4301 4247.21840   38   38 4278.00000 4109.63522  3.94%   192 1084s
 25489  4305 4219.93849   37  195 4278.00000 4110.87512  3.91%   192 1094s
 25650  4318 4233.55114   40  160 4278.00000 4111.87062  3.88%   193 1102s
 25855  4312 4245.86191   49  101 4278.00000 4113.14927  3.85%   193 1109s
 25924  4312 4222.40606   40  118 4278.00000 4114.07496  3.83%   193 1110s
 25997  4337 4191.88088   36  190 4278.00000 4114.52093  3.82%   193 1118s
 26257  4353 4240.03356   37  241 4278.00000 4115.72881  3.79%   193 1126s
 26486  4350 4274.28733   50  215 4278.00000 4116.41857  3.78%   193 1187s
 26618  4370 4218.92609   45  300 4278.00000 4117.66309  3.75%   194 1196s
 26801  4380     cutoff   43      4278.00000 4118.84559  3.72%   194 1204s
 26991  4380     cutoff   37      4278.00000 4120.12126  3.69%   194 1212s
 27153  4380     cutoff   39      4278.00000 4120.85413  3.67%   194 1220s
 27313  4375     cutoff   38      4278.00000 4122.39524  3.64%   195 1227s
 27518  4365     cutoff   44      4278.00000 4124.43328  3.59%   195 1236s
 27676  4376 4243.00933   42  191 4278.00000 4126.18765  3.55%   195 1245s
 27875  4379 4267.31490   44  332 4278.00000 4127.23988  3.52%   196 1254s
 28054  4371 4276.32056   40  106 4278.00000 4129.07701  3.48%   196 1262s
 28208  4359     cutoff   40      4278.00000 4129.96473  3.46%   197 1272s
 28453  4354 4240.29404   36  176 4278.00000 4131.59169  3.42%   197 1282s
 28596  4364 4261.71359   44  263 4278.00000 4133.32059  3.38%   197 1292s
 28885  4360     cutoff   33      4278.00000 4135.54259  3.33%   198 1300s
 29069  4359 4254.06208   38  224 4278.00000 4136.87452  3.30%   198 1309s
 29275  4379     cutoff   62      4278.00000 4138.56341  3.26%   198 1317s
 29517  4366     cutoff   40      4278.00000 4140.64766  3.21%   198 1325s
 29752  4367 4234.91682   46  172 4278.00000 4141.93940  3.18%   198 1333s
 29950  4362     cutoff   40      4278.00000 4143.13404  3.15%   198 1341s
 30139  4369 4263.71830   39  131 4278.00000 4144.42545  3.12%   198 1349s
 30404  4366 4185.45790   37   96 4278.00000 4146.37341  3.08%   198 1357s
 30612  4362 4277.89121   41   18 4278.00000 4147.55532  3.05%   198 1365s
 30857  4365     cutoff   43      4278.00000 4149.32232  3.01%   198 1372s
 31113  4361 4209.43589   40  256 4278.00000 4150.54750  2.98%   198 1379s
 31246  4361 4263.45246   53  177 4278.00000 4151.80098  2.95%   198 1380s
 31335  4352 4197.57867   42  172 4278.00000 4151.85485  2.95%   198 1386s
 31537  4352 4216.79750   36  221 4278.00000 4152.67663  2.93%   198 1396s
 31600  4346 4271.77328   40  116 4278.00000 4153.25623  2.92%   198 1406s
 31698  4372 4270.27992   37  111 4278.00000 4153.89524  2.90%   198 1413s
 31921  4384     cutoff   43      4278.00000 4154.95312  2.88%   198 1421s
 32129  4388     cutoff   35      4278.00000 4155.96075  2.85%   199 1429s
 32368  4399 4251.22635   45   39 4278.00000 4157.18677  2.82%   198 1437s
 32636  4391     cutoff   42      4278.00000 4158.66495  2.79%   198 1445s
 32829  4394     cutoff   61      4278.00000 4159.69811  2.77%   198 1452s
 33053  4381 4227.06480   41  306 4278.00000 4161.59425  2.72%   198 1460s
 33284  4369     cutoff   41      4278.00000 4163.21862  2.68%   198 1468s
 33499  4361 4245.57707   36  108 4278.00000 4164.19248  2.66%   198 1475s
 33709  4327     cutoff   42      4278.00000 4165.17197  2.64%   198 1481s
 33892  4341     cutoff   35      4278.00000 4166.78368  2.60%   199 1489s
 34147  4331 4240.34405   48   81 4278.00000 4167.73190  2.58%   198 1496s
 34363  4322     cutoff   40      4278.00000 4168.92686  2.55%   198 1503s
 34601  4316     cutoff   40      4278.00000 4170.40735  2.52%   198 1510s
 34814  4308     cutoff   44      4278.00000 4171.49686  2.49%   198 1517s
 35025  4287     cutoff   47      4278.00000 4172.91435  2.46%   198 1524s
 35210  4261     cutoff   42      4278.00000 4173.94837  2.43%   198 1532s
 35414  4246     cutoff   41      4278.00000 4174.74041  2.41%   198 1539s
 35594  4231     cutoff   39      4278.00000 4175.56470  2.39%   198 1546s
 35825  4192 4232.22338   40  201 4278.00000 4177.28518  2.35%   198 1553s
 36007  4177 4215.46045   35  343 4278.00000 4178.23508  2.33%   198 1560s
 36277  4164     cutoff   48      4278.00000 4180.04724  2.29%   198 1568s
 36567  4156     cutoff   53      4278.00000 4181.34056  2.26%   197 1575s
 36802  4148 4248.85505   39  188 4278.00000 4182.52417  2.23%   197 1583s
 37046  4137 4256.18647   41  254 4278.00000 4184.00095  2.20%   197 1590s
 37279  4109 4259.88923   63  190 4278.00000 4184.92474  2.18%   197 1597s
 37530  4082     cutoff   40      4278.00000 4186.36739  2.14%   197 1605s
 37797  4070     cutoff   35      4278.00000 4187.85119  2.11%   196 1612s
 38045  4036 4267.69457   40   41 4278.00000 4189.41171  2.07%   196 1618s
 38262  4019     cutoff   37      4278.00000 4190.61337  2.04%   196 1625s
 38514  4006     cutoff   42      4278.00000 4192.19322  2.01%   196 1632s
*38561  3844              50    4272.4100000 4192.19322  1.88%   196 1632s
 38737  3795     cutoff   44      4272.41000 4193.04825  1.86%   195 1639s
 38950  3760     cutoff   50      4272.41000 4194.73938  1.82%   195 1646s
 39181  3712 4258.75433   33  226 4272.41000 4195.66757  1.80%   195 1653s
 39436  3670     cutoff   33      4272.41000 4197.35500  1.76%   194 1660s
 39647  3621 4234.07005   37  116 4272.41000 4198.42190  1.73%   194 1667s
 39892  3570 4218.21397   39  193 4272.41000 4199.67716  1.70%   194 1674s
 40138  3529 4242.57901   44  305 4272.41000 4201.34120  1.66%   194 1681s
 40399  3519     cutoff   38      4272.41000 4203.29045  1.62%   193 1687s
 40718  3472 4258.17096   41  149 4272.41000 4204.91519  1.58%   193 1695s
 41006  3448     cutoff   39      4272.41000 4206.69412  1.54%   192 1702s
 41338  3382     cutoff   38      4272.41000 4208.05151  1.51%   192 1709s
 41623  3351     cutoff   51      4272.41000 4209.64590  1.47%   191 1716s
 41976  3293 4235.43709   37  133 4272.41000 4211.29141  1.43%   190 1722s
 42245  3231     cutoff   31      4272.41000 4212.81435  1.39%   190 1729s
 42511  3231 4257.38393   47   16 4272.41000 4214.36316  1.36%   189 1730s
 42571  3196     cutoff   58      4272.41000 4214.42822  1.36%   189 1736s
 42932  3120 4265.98718   45  193 4272.41000 4216.31389  1.31%   188 1742s
 43211  3057     cutoff   43      4272.41000 4218.24667  1.27%   188 1748s
 43511  2974 4260.69749   37  229 4272.41000 4219.81079  1.23%   187 1754s
 43838  2902 4255.10394   36  267 4272.41000 4221.43950  1.19%   187 1760s
 44160  2848     cutoff   36      4272.41000 4223.13890  1.15%   186 1767s
 44644  2723 infeasible   45      4272.41000 4225.01768  1.11%   185 1772s
 45006  2590     cutoff   58      4272.41000 4227.06022  1.06%   184 1778s
 45354  2461     cutoff   42      4272.41000 4228.75699  1.02%   183 1784s
 45643  2461 4266.07545   44   50 4272.41000 4230.80472  0.97%   183 1785s
 45767  2326     cutoff   35      4272.41000 4230.81179  0.97%   182 1790s
 46176  2206     cutoff   48      4272.41000 4232.19755  0.94%   181 1796s
 46587  2099 4241.59862   42   45 4272.41000 4234.51556  0.89%   180 1801s
 47031  1931     cutoff   47      4272.41000 4236.40702  0.84%   179 1807s
 47467  1776     cutoff   52      4272.41000 4238.49854  0.79%   178 1812s
 47975  1578     cutoff   56      4272.41000 4240.86613  0.74%   177 1817s
 48370  1365     cutoff   46      4272.41000 4243.05000  0.69%   176 1821s
 48658  1130     cutoff   41      4272.41000 4245.38938  0.63%   175 1826s
 49276   872     cutoff   54      4272.41000 4250.43795  0.51%   174 1830s
 49876   277     cutoff   40      4272.41000 4256.69691  0.37%   172 1836s

Cutting planes:
  User: 3191
  Gomory: 21
  Cover: 254
  Implied bound: 19
  Projected implied bound: 6
  Clique: 3
  MIR: 91
  Flow cover: 322
  Zero half: 11
  Network: 6
  RLT: 150
  Relax-and-lift: 4
  Lazy constraints: 924

Explored 50522 nodes (8624810 simplex iterations) in 1838.83 seconds
Thread count was 2 (of 32 available processors)

Solution count 10: 4272.41 4278 4279 ... 4430.61

Optimal solution found (tolerance 1.00e-04)
Best objective 4.272410000000e+03, best bound 4.272410000000e+03, gap 0.0000%

User-callback calls 270443, time in user-callback 113.46 sec
================================================================================
executing instance: ./input/Instances/Original/4/absH3low_3n10.dat
--------------------------------------------------------------------------------
Instance details
n	11
H	3
C	687
Li:
[0, 0, 0, 0, 0, 0, 0, 0, 0, 0, 0, ]
Ui:
[0, 189, 44, 174, 78, 36, 198, 117, 42, 96, 240, ]
Distance matrix:
|0	209	255	286	142	156	285	317	182	161	135	|
|209	0	464	451	315	356	490	469	361	299	260	|
|255	464	0	221	202	130	74	280	189	254	273	|
|286	451	221	0	145	156	164	479	354	153	192	|
|142	315	202	145	0	73	194	388	250	53	73	|
|156	356	130	156	73	0	134	332	200	127	144	|
|285	490	74	164	194	134	0	353	256	239	267	|
|317	469	280	479	388	332	353	0	141	436	430	|
|182	361	189	354	250	200	256	141	0	296	289	|
|161	299	254	153	53	127	239	436	296	0	39	|
|135	260	273	192	73	144	267	430	289	39	0	|

--------------------------------------------------------------------------------
Building model...
	using lazy and cut (CVRPSEP package)
Solving IRP LP...
--------------------------------------------------------------------------------

Gurobi 9.1.0 (linux64) logging started Sun Jan 10 00:12:06 2021

Gurobi Optimizer version 9.1.0 build v9.1.0rc0 (linux64)
Thread count: 32 physical cores, 32 logical processors, using up to 2 threads
Optimize a model with 311 rows, 728 columns and 2060 nonzeros
Model fingerprint: 0x08fddd10
Variable types: 134 continuous, 594 integer (99 binary)
Coefficient statistics:
  Matrix range     [1e+00, 2e+02]
  Objective range  [1e-02, 5e+02]
  Bounds range     [1e+00, 2e+02]
  RHS range        [2e+01, 1e+03]
Presolve removed 68 rows and 29 columns
Presolve time: 0.02s
Presolved: 243 rows, 699 columns, 1767 nonzeros
Variable types: 99 continuous, 600 integer (504 binary)
Found heuristic solution: objective 5385.4600000
Found heuristic solution: objective 4654.7100000

Root relaxation: objective 1.476189e+03, 403 iterations, 0.01 seconds

    Nodes    |    Current Node    |     Objective Bounds      |     Work
 Expl Unexpl |  Obj  Depth IntInf | Incumbent    BestBd   Gap | It/Node Time

     0     0 1476.18878    0   45 4654.71000 1476.18878  68.3%     -    0s
H    0     0                    4495.7100000 1476.18878  67.2%     -    0s
     0     0 1664.97842    0   50 4495.71000 1664.97842  63.0%     -    0s
     0     0 1982.82079    0   89 4495.71000 1982.82079  55.9%     -    0s
     0     0 2049.50019    0   67 4495.71000 2049.50019  54.4%     -    0s
     0     0 2049.51587    0   66 4495.71000 2049.51587  54.4%     -    0s
     0     0 2151.05883    0   99 4495.71000 2151.05883  52.2%     -    0s
     0     0 2154.82072    0  109 4495.71000 2154.82072  52.1%     -    0s
     0     0 2157.50838    0  122 4495.71000 2157.50838  52.0%     -    0s
     0     0 2157.85524    0  117 4495.71000 2157.85524  52.0%     -    0s
     0     0 2258.18207    0  123 4495.71000 2258.18207  49.8%     -    0s
H    0     0                    2997.1000000 2258.18207  24.7%     -    0s
H    0     0                    2734.1000000 2258.18207  17.4%     -    0s
     0     0 2266.49009    0  130 2734.10000 2266.49009  17.1%     -    0s
     0     0 2266.73277    0  127 2734.10000 2266.73277  17.1%     -    0s
     0     0 2299.20670    0  140 2734.10000 2299.20670  15.9%     -    0s
     0     0 2302.10255    0  133 2734.10000 2302.10255  15.8%     -    0s
     0     0 2302.96637    0  139 2734.10000 2302.96637  15.8%     -    0s
     0     0 2303.44120    0  155 2734.10000 2303.44120  15.8%     -    0s
     0     0 2312.50146    0  153 2734.10000 2312.50146  15.4%     -    0s
     0     0 2313.78464    0  148 2734.10000 2313.78464  15.4%     -    0s
     0     0 2313.84206    0  146 2734.10000 2313.84206  15.4%     -    0s
     0     0 2318.98485    0  150 2734.10000 2318.98485  15.2%     -    0s
     0     0 2318.98485    0  136 2734.10000 2318.98485  15.2%     -    0s
     0     2 2320.93279    0  136 2734.10000 2320.93279  15.1%     -    0s

Cutting planes:
  User: 117
  Gomory: 2
  Cover: 95
  Implied bound: 9
  Clique: 11
  MIR: 64
  Flow cover: 86
  Zero half: 3
  Network: 5
  RLT: 92
  Relax-and-lift: 5
  Lazy constraints: 13

Explored 1454 nodes (76085 simplex iterations) in 3.75 seconds
Thread count was 2 (of 32 available processors)

Solution count 5: 2734.1 2997.1 4495.71 ... 5385.46

Optimal solution found (tolerance 1.00e-04)
Best objective 2.734100000000e+03, best bound 2.734100000000e+03, gap 0.0000%

User-callback calls 3609, time in user-callback 0.50 sec
================================================================================
executing instance: ./input/Instances/Original/4/absH3low_3n15.dat
--------------------------------------------------------------------------------
Instance details
n	16
H	3
C	1267
Li:
[0, 0, 0, 0, 0, 0, 0, 0, 0, 0, 0, 0, 0, 0, 0, 0, ]
Ui:
[0, 156, 267, 148, 144, 87, 33, 171, 76, 141, 270, 282, 60, 110, 172, 57, ]
Distance matrix:
|0	229	567	76	58	96	306	409	310	423	108	346	165	347	159	256	|
|229	0	482	243	279	155	375	525	251	419	158	373	65	123	329	246	|
|567	482	0	506	622	483	342	439	259	200	467	274	486	433	501	312	|
|76	243	506	0	119	88	230	337	255	352	88	272	179	347	94	194	|
|58	279	622	119	0	154	345	431	366	471	166	391	217	399	179	310	|
|96	155	483	88	154	0	266	397	224	358	17	289	92	262	176	179	|
|306	375	342	230	345	266	0	158	184	148	251	68	332	423	181	140	|
|409	525	439	337	431	397	158	0	340	244	386	201	476	581	253	298	|
|310	251	259	255	366	224	184	340	0	170	208	146	238	257	274	66	|
|423	419	200	352	471	358	148	244	170	0	341	84	396	424	323	182	|
|108	158	467	88	166	17	251	386	208	341	0	273	96	259	172	162	|
|346	373	274	272	391	289	68	201	146	84	273	0	340	400	239	127	|
|165	65	486	179	217	92	332	476	238	396	96	340	0	182	267	216	|
|347	123	433	347	399	262	423	581	257	424	259	400	182	0	423	283	|
|159	329	501	94	179	176	181	253	274	323	172	239	267	423	0	208	|
|256	246	312	194	310	179	140	298	66	182	162	127	216	283	208	0	|

--------------------------------------------------------------------------------
Building model...
	using lazy and cut (CVRPSEP package)
Solving IRP LP...
--------------------------------------------------------------------------------

Gurobi 9.1.0 (linux64) logging started Sun Jan 10 00:12:11 2021

Gurobi Optimizer version 9.1.0 build v9.1.0rc0 (linux64)
Thread count: 32 physical cores, 32 logical processors, using up to 2 threads
Optimize a model with 451 rows, 1423 columns and 3745 nonzeros
Model fingerprint: 0x7096a451
Variable types: 199 continuous, 1224 integer (144 binary)
Coefficient statistics:
  Matrix range     [1e+00, 4e+02]
  Objective range  [1e-02, 6e+02]
  Bounds range     [1e+00, 3e+02]
  RHS range        [1e+01, 2e+03]
Presolve removed 100 rows and 43 columns
Presolve time: 0.03s
Presolved: 351 rows, 1380 columns, 3308 nonzeros
Variable types: 147 continuous, 1233 integer (1089 binary)
Found heuristic solution: objective 7052.1200000

Root relaxation: objective 1.780944e+03, 453 iterations, 0.01 seconds

    Nodes    |    Current Node    |     Objective Bounds      |     Work
 Expl Unexpl |  Obj  Depth IntInf | Incumbent    BestBd   Gap | It/Node Time

     0     0 1780.94385    0   53 7052.12000 1780.94385  74.7%     -    0s
H    0     0                    6480.1200000 1780.94385  72.5%     -    0s
     0     0 1960.74366    0   41 6480.12000 1960.74366  69.7%     -    0s
H    0     0                    6162.1200000 1960.74366  68.2%     -    0s
     0     0 2005.56670    0   35 6162.12000 2005.56670  67.5%     -    0s
     0     0 2005.56670    0   35 6162.12000 2005.56670  67.5%     -    0s
     0     0 2505.44549    0   90 6162.12000 2505.44549  59.3%     -    0s
     0     0 2587.63891    0  153 6162.12000 2587.63891  58.0%     -    0s
H    0     0                    4482.1200000 2587.63891  42.3%     -    0s
     0     0 2595.84993    0  158 4482.12000 2595.84993  42.1%     -    0s
     0     0 2595.91321    0  158 4482.12000 2595.91321  42.1%     -    0s
     0     0 2682.26659    0  138 4482.12000 2682.26659  40.2%     -    0s
     0     0 2687.39888    0  133 4482.12000 2687.39888  40.0%     -    0s
     0     0 2688.71467    0  141 4482.12000 2688.71467  40.0%     -    0s
     0     0 2689.02768    0  142 4482.12000 2689.02768  40.0%     -    0s
     0     0 2722.35319    0  126 4482.12000 2722.35319  39.3%     -    0s
