




arguments: ./build/mirp_solver -f ./input/orig_exec_170.cfg
Current dir: /scratch/gui/bnc_mirp
File verbosity level: 9
date       time         ( uptime  ) [ thread name/id ]                   file:line     v| 
2021-01-10 04:39:25.922 (   0.465s) [main thread     ]             loguru.cpp:789   INFO| Logging to './output/vi_vc/OU/V3/Original/execution_10_01_2021_04_39_25.log', mode: 'a', verbosity: 9
--------------------------------------------------------------------------------
Parameters
                           instance_path           ./input/Instances/Original/5/
                            model_policy                                       1
                             nb_vehicles                                       3
                              output_dir          ./output/vi_vc/OU/V3/Original/
                            sec_strategy                                       1
                       solver_nb_threads                                       2
                         solver_show_log                                    true
                       solver_time_limit                                    3600
                              use_vi_cos                                   false
                              use_vi_cus                                   false
                         use_vi_hc1_full                                   false
                         use_vi_hc1_half                                   false
                      use_vi_hc1_quarter                                   false
                              use_vi_hc2                                   false
                              use_vi_hc3                                   false
                         use_vi_lex_full                                   false
                         use_vi_lex_half                                   false
                      use_vi_lex_quarter                                   false
                              use_vi_qua                                   false
                               use_vi_vc                                    true
                               use_vi_vr                                   false
--------------------------------------------------------------------------------
executing instance: ./input/Instances/Original/5/absH3low_4n50.dat
--------------------------------------------------------------------------------
Instance details
n	51
H	3
C	4066
Li:
[0, 0, 0, 0, 0, 0, 0, 0, 0, 0, 0, 0, 0, 0, 0, 0, 0, 0, 0, 0, 0, 0, 0, 0, 0, 0, 0, 0, 0, 0, 0, 0, 0, 0, 0, 0, 0, 0, 0, 0, 0, 0, 0, 0, 0, 0, 0, 0, 0, 0, 0, ]
Ui:
[0, 108, 126, 122, 66, 120, 48, 30, 128, 54, 158, 198, 36, 66, 210, 234, 147, 297, 171, 128, 116, 120, 219, 70, 294, 207, 134, 128, 234, 122, 22, 183, 195, 255, 132, 124, 66, 189, 219, 66, 128, 102, 288, 66, 87, 136, 36, 39, 282, 36, 237, ]
Distance matrix:
|0	210	444	498	509	104	438	228	487	304	456	434	526	476	163	47	293	396	293	290	313	85	280	437	293	336	409	106	449	376	433	478	193	404	404	534	278	181	380	507	189	438	263	473	353	216	202	218	452	254	465	|
|210	0	299	507	359	106	345	409	358	411	320	402	555	448	136	200	289	264	306	427	141	222	83	348	264	320	283	303	380	208	258	357	170	348	475	542	243	347	355	379	65	479	172	373	355	251	112	229	402	210	300	|
|444	299	0	363	65	358	116	542	66	440	26	241	425	272	282	407	251	51	276	490	159	397	224	124	217	237	48	490	170	99	83	74	261	180	430	385	214	479	231	85	270	390	184	116	271	300	409	276	210	215	54	|
|498	507	363	0	385	482	246	424	326	254	343	123	63	93	388	452	221	337	211	314	428	414	480	239	243	187	324	463	194	418	438	307	346	188	156	36	264	392	156	326	444	87	340	258	154	286	603	294	153	297	417	|
|509	359	65	385	0	422	145	602	59	492	59	269	448	292	348	472	305	115	329	545	218	462	281	152	274	286	106	554	192	153	116	78	326	216	472	403	274	540	271	63	334	425	249	127	316	361	468	337	233	278	69	|
|104	106	358	482	422	0	372	309	408	337	374	396	521	441	98	96	262	314	271	342	215	124	177	373	249	302	329	198	394	281	337	402	139	353	419	518	230	250	343	428	90	437	188	405	328	200	134	188	406	199	372	|
|438	345	116	246	145	372	0	485	87	357	97	126	309	155	279	394	180	101	200	414	223	373	288	8	157	150	84	459	53	188	196	68	245	72	328	269	165	427	128	97	297	280	184	36	175	250	456	233	94	184	170	|
|228	409	542	424	602	309	485	0	561	170	544	419	424	446	298	214	305	491	286	115	462	187	457	480	331	339	496	124	470	510	565	545	295	424	279	454	329	66	376	576	363	340	370	520	330	242	429	266	453	328	581	|
|487	358	66	326	59	408	87	561	0	441	40	211	389	233	324	446	258	95	281	497	220	431	287	95	230	234	79	522	133	164	146	19	297	160	415	344	233	500	215	21	323	367	224	68	261	320	470	299	174	242	106	|
|304	411	440	254	492	337	357	170	441	0	434	266	255	286	275	266	189	392	164	63	408	225	428	351	224	207	392	234	330	438	484	424	250	287	112	284	232	149	233	453	349	170	302	389	185	168	471	195	305	248	487	|
|456	320	26	343	59	374	97	544	40	434	0	223	406	252	294	418	247	60	271	487	181	405	247	105	215	229	49	498	149	124	109	48	270	165	419	364	215	482	218	60	288	375	194	92	261	302	431	279	190	220	75	|
|434	402	241	123	269	396	126	419	211	266	223	0	185	46	298	387	140	213	145	328	310	355	366	118	147	97	201	425	78	295	315	191	256	65	211	151	166	371	53	215	343	157	231	145	90	220	505	217	41	198	295	|
|526	555	425	63	448	521	309	424	389	255	406	185	0	156	430	481	266	398	252	310	485	442	534	301	293	237	386	480	257	478	500	370	390	249	145	55	313	401	212	389	491	89	392	321	201	322	646	334	216	345	479	|
|476	448	272	93	292	441	155	446	233	286	252	46	156	0	343	429	183	250	184	348	353	396	411	148	192	140	236	461	102	334	350	214	302	106	214	113	212	402	98	233	389	151	277	165	125	261	551	260	62	244	325	|
|163	136	282	388	348	98	279	298	324	275	294	298	430	343	0	124	167	234	178	296	167	121	162	279	151	205	247	216	297	224	280	316	42	256	340	423	132	232	246	344	74	349	100	314	233	115	216	97	308	101	307	|
|47	200	407	452	472	96	394	214	446	266	418	387	481	429	124	0	246	358	245	259	284	41	261	392	247	289	370	103	403	345	402	436	150	358	361	488	232	158	333	466	165	393	223	430	306	168	217	171	406	210	431	|
|293	289	251	221	305	262	180	305	258	189	247	140	266	183	167	246	0	204	26	240	238	215	276	175	37	43	203	289	169	255	297	242	125	122	202	257	52	248	87	272	225	191	134	215	67	80	382	77	163	81	298	|
|396	264	51	337	115	314	101	491	95	392	60	213	398	250	234	358	204	0	229	442	130	347	196	108	169	194	19	440	152	87	102	93	211	149	390	363	165	428	194	116	228	355	134	117	230	250	376	225	189	164	95	|
|293	306	276	211	329	271	200	286	281	164	271	145	252	184	178	245	26	229	0	216	262	212	297	195	63	53	228	280	184	280	323	264	138	137	178	248	76	232	95	294	241	173	156	234	60	77	395	83	172	102	324	|
|290	427	490	314	545	342	414	115	497	63	487	328	310	348	296	259	240	442	216	0	443	220	456	408	273	264	443	204	390	479	529	480	278	346	165	343	278	115	293	509	369	229	340	447	244	202	473	230	366	288	536	|
|313	141	159	428	218	215	223	462	220	408	181	310	485	353	167	284	238	130	262	443	0	288	67	228	202	252	149	382	267	67	122	221	168	247	440	459	186	396	273	241	125	423	107	245	291	242	251	214	297	162	160	|
|85	222	397	414	462	124	373	187	431	225	405	355	442	396	121	41	215	347	212	220	288	0	273	371	221	258	357	95	378	344	401	420	136	331	321	450	208	126	302	450	177	353	213	409	272	136	253	143	377	190	426	|
|280	83	224	480	281	177	288	457	287	428	247	366	534	411	162	261	276	196	297	456	67	273	0	292	243	298	215	363	329	128	176	288	179	305	475	513	224	392	324	307	96	466	143	311	335	261	187	235	357	195	219	|
|437	348	124	239	152	373	8	480	95	351	105	118	301	148	279	392	175	108	195	408	228	371	292	0	154	144	91	456	46	194	203	76	244	65	320	261	163	423	121	103	299	273	185	40	168	247	459	230	86	183	178	|
|293	264	217	243	274	249	157	331	230	224	215	147	293	192	151	247	37	169	63	273	202	221	243	154	0	57	170	303	157	217	260	215	110	111	238	278	21	271	94	245	201	223	100	193	92	93	362	78	160	54	263	|
|336	320	237	187	286	302	150	339	234	207	229	97	237	140	205	289	43	194	53	264	252	258	298	144	57	0	190	331	131	257	294	216	163	84	197	221	77	285	44	246	258	172	155	183	39	123	418	119	120	110	288	|
|409	283	48	324	106	329	84	496	79	392	49	201	386	236	247	370	203	19	228	443	149	357	215	91	170	190	0	449	136	105	114	75	221	138	384	349	168	434	185	99	245	346	146	98	224	255	394	231	174	171	99	|
|106	303	490	463	554	198	459	124	522	234	498	425	480	461	216	103	289	440	280	204	382	95	363	456	303	331	449	0	458	439	496	510	229	410	344	498	293	89	374	540	267	391	307	495	336	211	308	226	451	280	520	|
|449	380	170	194	192	394	53	470	133	330	149	78	257	102	297	403	169	152	184	390	267	378	329	46	157	131	136	458	0	238	249	114	259	47	287	216	171	416	96	137	327	235	211	67	145	247	488	235	41	197	223	|
|376	208	99	418	153	281	188	510	164	438	124	295	478	334	224	345	255	87	280	479	67	344	128	194	217	257	105	439	238	0	57	169	216	230	453	445	206	445	268	184	191	427	141	202	296	278	315	250	274	191	92	|
|433	258	83	438	116	337	196	565	146	484	109	315	500	350	280	402	297	102	323	529	122	401	176	203	260	294	114	496	249	57	0	157	271	252	490	463	251	499	296	162	247	457	195	199	331	329	362	302	288	241	47	|
|478	357	74	307	78	402	68	545	19	424	48	191	370	214	316	436	242	93	264	480	221	420	288	76	215	216	75	510	114	169	157	0	287	141	396	325	219	485	196	31	319	347	216	49	243	306	469	286	154	230	120	|
|193	170	261	346	326	139	245	295	297	250	270	256	390	302	42	150	125	211	138	278	168	136	179	244	110	163	221	229	259	216	271	287	0	216	305	382	91	229	204	316	105	310	78	280	192	83	257	60	268	62	292	|
|404	348	180	188	216	353	72	424	160	287	165	65	249	106	256	358	122	149	137	346	247	331	305	65	111	84	138	410	47	230	252	141	216	0	255	215	126	369	56	168	292	210	177	102	103	200	454	189	54	155	234	|
|404	475	430	156	472	419	328	279	415	112	419	211	145	214	340	361	202	390	178	165	440	321	475	320	238	197	384	344	287	453	490	396	305	255	0	181	254	261	201	422	410	69	335	353	160	225	551	246	252	280	482	|
|534	542	385	36	403	518	269	454	344	284	364	151	55	113	423	488	257	363	248	343	459	450	513	261	278	221	349	498	216	445	463	325	382	215	181	0	298	425	189	342	479	115	373	276	190	323	638	330	175	332	439	|
|278	243	214	264	274	230	165	329	233	232	215	166	313	212	132	232	52	165	76	278	186	208	224	163	21	77	168	293	171	206	251	219	91	126	254	298	0	267	114	250	181	242	82	202	112	88	341	68	177	33	258	|
|181	347	479	392	540	250	427	66	500	149	482	371	401	402	232	158	248	428	232	115	396	126	392	423	271	285	434	89	416	445	499	485	229	369	261	425	267	0	325	516	298	313	305	463	281	180	375	203	403	264	516	|
|380	355	231	156	271	343	128	376	215	233	218	53	212	98	246	333	87	194	95	293	273	302	324	121	94	44	185	374	96	268	296	196	204	56	201	189	114	325	0	224	294	161	185	157	49	167	455	163	78	147	284	|
|507	379	85	326	63	428	97	576	21	453	60	215	389	233	344	466	272	116	294	509	241	450	307	103	245	246	99	540	137	184	162	31	316	168	422	342	250	516	224	0	344	371	244	70	271	337	490	317	176	261	120	|
|189	65	270	444	334	90	297	363	323	349	288	343	491	389	74	165	225	228	241	369	125	177	96	299	201	258	245	267	327	191	247	319	105	292	410	479	181	298	294	344	0	414	116	328	291	187	163	165	345	147	282	|
|438	479	390	87	425	437	280	340	367	170	375	157	89	151	349	393	191	355	173	229	423	353	466	273	223	172	346	391	235	427	457	347	310	210	69	115	242	313	161	371	414	0	323	301	133	238	565	253	197	273	444	|
|263	172	184	340	249	188	184	370	224	302	194	231	392	277	100	223	134	134	156	340	107	213	143	185	100	155	146	307	211	141	195	216	78	177	335	373	82	305	185	244	116	323	0	217	192	138	278	110	230	55	214	|
|473	373	116	258	127	405	36	520	68	389	92	145	321	165	314	430	215	117	234	447	245	409	311	40	193	183	98	495	67	202	199	49	280	102	353	276	202	463	157	70	328	301	217	0	205	286	485	269	106	220	167	|
|353	355	271	154	316	328	175	330	261	185	261	90	201	125	233	306	67	230	60	244	291	272	335	168	92	39	224	336	145	296	331	243	192	103	160	190	112	281	49	271	291	133	192	205	0	138	449	141	123	145	323	|
|216	251	300	286	361	200	250	242	320	168	302	220	322	261	115	168	80	250	77	202	242	136	261	247	93	123	255	211	247	278	329	306	83	200	225	323	88	180	167	337	187	238	138	286	138	0	328	28	243	88	340	|
|202	112	409	603	468	134	456	429	470	471	431	505	646	551	216	217	382	376	395	473	251	253	187	459	362	418	394	308	488	315	362	469	257	454	551	638	341	375	455	490	163	565	278	485	449	328	0	313	508	308	406	|
|218	229	276	294	337	188	233	266	299	195	279	217	334	260	97	171	77	225	83	230	214	143	235	230	78	119	231	226	235	250	302	286	60	189	246	330	68	203	163	317	165	253	110	269	141	28	313	0	235	61	315	|
|452	402	210	153	233	406	94	453	174	305	190	41	216	62	308	406	163	189	172	366	297	377	357	86	160	120	174	451	41	274	288	154	268	54	252	175	177	403	78	176	345	197	230	106	123	243	508	235	0	207	264	|
|254	210	215	297	278	199	184	328	242	248	220	198	345	244	101	210	81	164	102	288	162	190	195	183	54	110	171	280	197	191	241	230	62	155	280	332	33	264	147	261	147	273	55	220	145	88	308	61	207	0	253	|
|465	300	54	417	69	372	170	581	106	487	75	295	479	325	307	431	298	95	324	536	160	426	219	178	263	288	99	520	223	92	47	120	292	234	482	439	258	516	284	120	282	444	214	167	323	340	406	315	264	253	0	|

--------------------------------------------------------------------------------
Building model...
	using lazy and cut (CVRPSEP package)
Solving IRP LP...
--------------------------------------------------------------------------------

Gurobi 9.1.0 (linux64) logging started Sun Jan 10 04:39:28 2021

Gurobi Optimizer version 9.1.0 build v9.1.0rc0 (linux64)
Thread count: 32 physical cores, 32 logical processors, using up to 2 threads
Optimize a model with 1431 rows, 12588 columns and 28140 nonzeros
Model fingerprint: 0xc0664366
Variable types: 654 continuous, 11934 integer (459 binary)
Coefficient statistics:
  Matrix range     [1e+00, 1e+03]
  Objective range  [1e-02, 6e+02]
  Bounds range     [1e+00, 3e+02]
  RHS range        [1e+01, 7e+03]
Presolve removed 219 rows and 66 columns
Presolve time: 0.08s
Presolved: 1212 rows, 12522 columns, 26890 nonzeros
Variable types: 587 continuous, 11935 integer (11484 binary)

Root relaxation: objective 3.373564e+03, 1445 iterations, 0.04 seconds

    Nodes    |    Current Node    |     Objective Bounds      |     Work
 Expl Unexpl |  Obj  Depth IntInf | Incumbent    BestBd   Gap | It/Node Time

     0     0 3373.56424    0  156          - 3373.56424      -     -    0s
     0     0 3616.14880    0  136          - 3616.14880      -     -    0s
     0     0 3620.41047    0  138          - 3620.41047      -     -    0s
     0     0 3629.66747    0  138          - 3629.66747      -     -    0s
     0     0 3630.32999    0  138          - 3630.32999      -     -    0s
     0     0 4242.46413    0  245          - 4242.46413      -     -    1s
     0     0 4402.50333    0  232          - 4402.50333      -     -    1s
     0     0 4408.15748    0  231          - 4408.15748      -     -    1s
     0     0 4423.98922    0  280          - 4423.98922      -     -    1s
     0     0 4423.99147    0  287          - 4423.99147      -     -    1s
     0     0 4545.73883    0  264          - 4545.73883      -     -    1s
     0     0 4560.03632    0  240          - 4560.03632      -     -    1s
     0     0 4561.04144    0  303          - 4561.04144      -     -    1s
     0     0 4601.29490    0  306          - 4601.29490      -     -    2s
     0     0 4605.11676    0  300          - 4605.11676      -     -    2s
     0     0 4605.73187    0  315          - 4605.73187      -     -    2s
     0     0 4621.47990    0  352          - 4621.47990      -     -    2s
     0     0 4621.92853    0  355          - 4621.92853      -     -    3s
     0     0 4637.70675    0  348          - 4637.70675      -     -    3s
     0     0 4637.70675    0  305          - 4637.70675      -     -    3s
     0     2 4637.70675    0  297          - 4637.70675      -     -    4s
     7    10 4684.73609    3  288          - 4669.75796      -   475    5s
   117   119 4749.02816    6  351          - 4683.57588      -   216   10s
   369   370 4803.66461    4  222          - 4695.36905      -   111   15s
   462   448 4920.69147   16  202          - 4695.36905      -   127   20s
   645   673 5298.29400   61   23          - 4695.36905      -   115   25s
   740   711 5015.78457   23  470          - 4695.36905      -   109   30s
   749   717 5417.86244   83  444          - 4715.51240      -   108   35s
   760   724 5182.85555   24  579          - 4725.56583      -   106   40s
   769   733 4742.42764   17  539          - 4736.62491      -   128   45s
   795   753 4792.10887   23  410          - 4766.34328      -   144   50s
   845   790 4971.51659   34  288          - 4766.34328      -   157   55s
   925   845 5157.54032   53  216          - 4766.34328      -   164   60s
  1000   901 5453.31412   71  208          - 4766.34328      -   170   65s
  1104   981 5681.61115   92  181          - 4766.34328      -   172   70s
  1240  1050 6490.99176  149   71          - 4766.34328      -   168   75s
  1375  1191 6267.42685  134  111          - 4766.34328      -   160   80s
  1522  1223 6391.45888  149   83          - 4766.34328      -   150   86s
* 1562  1177             257    10179.820000 4766.34328  53.2%   147   87s
* 1567  1141             260    10070.820000 4766.34328  52.7%   147   87s
  1570  1139 6510.00878  160   77 10070.8200 4766.34328  52.7%   148   99s
  1572  1163 6516.67400  160   55 10070.8200 4766.34328  52.7%   150  100s
  1643  1206 6891.86407  193   47 10070.8200 4766.34328  52.7%   151  105s
  1729  1221 4854.73224   22  442 10070.8200 4768.48617  52.7%   149  110s
  1747  1236 4942.02451   25  313 10070.8200 4768.48617  52.7%   154  115s
  1780  1259 5060.07056   31  238 10070.8200 4768.48617  52.7%   158  121s
  1816  1286 5095.21877   37  204 10070.8200 4768.48617  52.7%   161  125s
  1863  1320 5138.84917   43  145 10070.8200 4768.48617  52.7%   163  130s
  1922  1364 5220.70603   51  143 10070.8200 4768.48617  52.7%   167  137s
  1971  1398 5311.52921   55  136 10070.8200 4768.48617  52.7%   168  143s
  1991  1414 5283.74298   57  108 10070.8200 4768.48617  52.7%   167  146s
  2050  1471 5463.24124   61  159 10070.8200 4768.48617  52.7%   168  157s
  2091  1522 5573.93958   68  106 10070.8200 4768.48617  52.7%   168  161s
  2155  1583 5634.44530   71   80 10070.8200 4768.48617  52.7%   167  165s
  2297  1626 6231.78557  158    3 10070.8200 4768.48617  52.7%   165  170s
  2349  1672 5847.22374   81  103 10070.8200 4768.48617  52.7%   162  175s
  2471  1684 6069.40167   95   33 10070.8200 4768.48617  52.7%   161  181s
  2484  1700 6193.20182   99   58 10070.8200 4768.48617  52.7%   162  185s
  2574  1752 6404.24595  123   21 10070.8200 4768.48617  52.7%   161  190s
  2588  1837 6485.85642  126   18 10070.8200 4770.02636  52.6%   161  195s
  2801  1856 7607.69000  180    - 10070.8200 4775.23607  52.6%   155  203s
  2826  1892 7661.95000  180    9 10070.8200 4784.93713  52.5%   157  207s
  2918  1949 9114.30000  206   16 10070.8200 4786.76018  52.5%   154  212s
  2977  1993 4852.68066   18  483 10070.8200 4786.76018  52.5%   155  217s
  3003  2041 4878.04778   21  488 10070.8200 4786.76018  52.5%   156  221s
  3053  2113 4960.01078   23  395 10070.8200 4786.76018  52.5%   158  228s
  3148  2190 5076.94767   27  281 10070.8200 4786.76018  52.5%   158  234s
  3211  2198 8259.54000  160    7 10070.8200 4786.76018  52.5%   156  235s
  3298  2266 5081.46133   42  237 10070.8200 4786.76018  52.5%   157  242s
  3321  2315 5211.82713   45  247 10070.8200 4786.76018  52.5%   159  247s
  3372  2403 5257.99567   50  175 10070.8200 4786.76018  52.5%   160  253s
  3460  2560 5432.60316   55  271 10070.8200 4786.76018  52.5%   160  261s
  3696  2641 5428.47226   62  244 10070.8200 4786.76018  52.5%   153  269s
  3773  2719 5543.02484   69  113 10070.8200 4786.76018  52.5%   154  275s
  3868  2755 5798.77691  111   45 10070.8200 4789.69703  52.4%   154  281s
  3927  2791 6107.37995  125   70 10070.8200 4797.92311  52.4%   155  287s
  3983  2829 8094.59667  151   23 10070.8200 4803.68884  52.3%   155  292s
  4036  2880 8552.61000  169   12 10070.8200 4803.69180  52.3%   156  298s
  4132  2925 4911.32971   25  483 10070.8200 4803.69180  52.3%   155  303s
  4150  2962 5165.95025   32  197 10070.8200 4803.69180  52.3%   158  309s
  4187  2997 5301.91918   36  198 10070.8200 4803.69180  52.3%   161  314s
  4222  3043 5277.75826   44   23 10070.8200 4803.69180  52.3%   163  320s
H 4255  3042                    10057.360000 4803.69180  52.2%   165  321s
  4268  3132 5390.92595   52   18 10057.3600 4803.69180  52.2%   165  327s
  4358  3297 5610.51927   78   50 10057.3600 4803.69180  52.2%   166  337s
  4531  3571 5825.45667   99   41 10057.3600 4804.79831  52.2%   165  348s
  4633  3588 6570.73000  159    - 10057.3600 4804.79831  52.2%   163  350s
  5007  3659 7728.78000  223    - 10057.3600 4809.39650  52.2%   155  360s
  5031  3695 8913.76000  223    - 10057.3600 4811.12818  52.2%   156  366s
  5085  3827 9487.46000  226   10 10057.3600 4818.15140  52.1%   157  387s
  5246  3835 9666.54000  227    - 10057.3600 4821.32457  52.1%   155  396s
* 5269  3842             227    9720.7800000 4822.75714  50.4%   157  403s
* 5271  3832             227    9549.2000000 4822.75714  49.5%   157  403s
* 5277  3831             226    9501.2000000 4822.75714  49.2%   156  403s
* 5297  3586             151    8220.9000000 4823.89482  41.3%   157  403s
* 5299  3581             150    8185.9200000 4823.89482  41.1%   157  403s
  5309  3600 5013.49128   30  331 8185.92000 4823.89482  41.1%   158  410s
H 5319  3443                    7726.8300000 4823.89482  37.6%   159  411s
  5328  3481 5111.50094   36  369 7726.83000 4823.89482  37.6%   161  418s
  5368  3540 5202.98662   48  199 7726.83000 4823.89482  37.6%   163  426s
  5427  3693 5380.73298   58  104 7726.83000 4823.89482  37.6%   164  437s
  5580  3879 5777.49689  101   21 7726.83000 4823.89756  37.6%   165  451s
  5843  3942 7335.98000  167    - 7726.83000 4824.31476  37.6%   163  462s
  5899  3962     cutoff  167      7726.83000 4824.87019  37.6%   164  474s
  5926  3986 4882.89971   23  486 7726.83000 4824.94192  37.6%   165  483s
  5944  4021 5039.38505   25  459 7726.83000 4824.94192  37.6%   168  491s
  5979  4057 5128.88754   29  460 7726.83000 4824.94192  37.6%   171  501s
  6015  4061 5232.38400   34  364 7726.83000 4824.94192  37.6%   172  537s
  6019  4196 5497.96238   37  259 7726.83000 4824.94192  37.6%   172  549s
  6158  4259 5629.02342   46  129 7726.83000 4824.94192  37.6%   172  559s
  6181  4259 5786.79041   55  180 7726.83000 4824.94192  37.6%   173  560s
  6234  4546 6029.47446   62  119 7726.83000 4824.94192  37.6%   173  576s
  6456  4546 6211.81239   84  122 7726.83000 4824.94192  37.6%   171  580s
  6557  4610 7555.17068  123   79 7726.83000 4826.17906  37.5%   169  590s
  6649  4783 5302.19336   41  273 7726.83000 4827.14364  37.5%   170  601s
  6855  4836 4950.23578   28  439 7726.83000 4829.66005  37.5%   168  613s
  6914  5035 5762.30952   56  213 7726.83000 4831.88424  37.5%   169  626s
  7160  5114     cutoff  169      7726.83000 4832.68634  37.5%   166  638s
  7240  5253 5118.22008   28  397 7726.83000 4832.70824  37.5%   167  655s
  7406  5482 6589.66175   80   83 7726.83000 4835.27727  37.4%   168  673s
  7550  5483 6526.88782   79   68 7726.83000 4835.27727  37.4%   167  675s
  7676  5605 7618.78571  140   10 7726.83000 4840.57541  37.4%   166  691s
  7849  5733 infeasible  141      7726.83000 4841.54815  37.3%   166  709s
  8000  5895 5933.49499   54  254 7726.83000 4843.66143  37.3%   167  726s
  8170  6030     cutoff  175      7726.83000 4844.61597  37.3%   167  743s
  8311  6033 5524.24533   36  253 7726.83000 4846.75725  37.3%   167  745s
  8325  6132 7238.57000  126   14 7726.83000 4846.79028  37.3%   167  760s
  8450  6218 4952.35629   23  448 7726.83000 4847.44398  37.3%   168  777s
  8559  6382 5194.56071   34  298 7726.83000 4847.44398  37.3%   170  794s
  8617  6382     cutoff  145      7726.83000 4847.44398  37.3%   171  795s
  8744  6558 6319.55390   64  121 7726.83000 4847.78781  37.3%   170  816s
  9011  6803 7666.35000  116    - 7726.83000 4848.74753  37.2%   169  836s
  9327  6869     cutoff  175      7726.83000 4850.50936  37.2%   167  855s
  9392  7183 5266.80724   45   91 7726.83000 4852.01463  37.2%   169  874s
  9477  7183 5480.68346   82   37 7726.83000 4852.01463  37.2%   169  875s
  9733  7377 6089.45078  102   34 7726.83000 4852.29474  37.2%   167  898s
  9993  7568 7102.77000  151    - 7726.83000 4853.24317  37.2%   166  916s
 10247  7681 infeasible  180      7726.83000 4853.45314  37.2%   164  933s
 10334  7688 7537.21687  128    8 7726.83000 4853.45821  37.2%   164  935s
 10379  7857 5333.95453   33  413 7726.83000 4853.45821  37.2%   165  952s
 10575  7868 7035.47803  127    4 7726.83000 4853.45821  37.2%   164  955s
 10613  7973 6350.78548   81  274 7726.83000 4856.17817  37.2%   163  969s
 10689  7973 5057.48609   24  385 7726.83000 4856.17817  37.2%   163  970s
 10723  8097 5265.81951   30  231 7726.83000 4856.17817  37.2%   164  988s
 10809  8097 6881.89390  116   44 7726.83000 4856.17817  37.2%   164  990s
 10849  8175 7690.21708  129   62 7726.83000 4856.68706  37.1%   165 1005s
 10937  8412 5957.37472   61  245 7726.83000 4857.43723  37.1%   166 1023s
 11048  8413 7226.25605  168   11 7726.83000 4857.43723  37.1%   165 1025s
 11200  8558 7454.54000  176    - 7726.83000 4857.61374  37.1%   166 1045s
 11400  8582 7596.05025  176    4 7726.83000 4857.65823  37.1%   166 1063s
 11425  8740     cutoff  184      7726.83000 4858.00112  37.1%   166 1078s
 11515  8745 6408.60299  102    4 7726.83000 4858.00112  37.1%   166 1080s
H11591  8699                    7688.8300000 4858.00112  36.8%   166 1081s
 11596  8866     cutoff  184      7688.83000 4858.10506  36.8%   166 1097s
 11792  8875 5477.93804   44  198 7688.83000 4858.16082  36.8%   166 1100s
 11803  8964 5876.89581   80  112 7688.83000 4858.31364  36.8%   166 1116s
 11920  9014 5036.51781   30  362 7688.83000 4858.31841  36.8%   166 1131s
 11969  9047 5250.30140   46  287 7688.83000 4858.31841  36.8%   168 1145s
 12002  9146 5337.61905   49  264 7688.83000 4858.31841  36.8%   170 1162s
 12101  9382 5442.27004   63  162 7688.83000 4858.31841  36.8%   171 1183s
 12177  9382 5588.39660   78  103 7688.83000 4858.31841  36.8%   172 1185s
 12337  9689 5684.10528   79   65 7688.83000 4858.31841  36.8%   171 1209s
 12406  9689 5805.08000   89    6 7688.83000 4858.31841  36.8%   171 1210s
 12734  9882 5956.22701   89   75 7688.83000 4858.93418  36.8%   169 1235s
 13027 10062     cutoff  159      7688.83000 4861.21356  36.8%   168 1256s
 13168 10100 5125.26841   31  407 7688.83000 4861.52970  36.8%   168 1273s
H13187  9812                    7500.4400000 4861.52970  35.2%   169 1273s
 13206  9876 5484.34170   37  291 7500.44000 4861.52970  35.2%   170 1288s
 13270  9892 5660.57696   51  245 7500.44000 4861.52970  35.2%   171 1343s
 13286 10044 5728.18410   54  207 7500.44000 4861.52970  35.2%   172 1365s
 13442 10210 7050.07052   92   38 7500.44000 4862.37752  35.2%   173 1386s
 13664 10366 5578.40239   43  226 7500.44000 4863.87360  35.2%   173 1409s
 13732 10366 6536.98070  111   22 7500.44000 4863.87360  35.2%   173 1410s
 13820 10549 6697.37291  151   24 7500.44000 4864.61527  35.1%   173 1429s
 13871 10552 7269.88688  199    7 7500.44000 4864.61527  35.1%   172 1430s
 14064 10606     cutoff  221      7500.44000 4865.94319  35.1%   172 1449s
 14112 10668 5263.47403   37  329 7500.44000 4866.35961  35.1%   174 1464s
 14133 10668 5174.11998   45  209 7500.44000 4866.35961  35.1%   174 1465s
 14174 10834 5322.08678   44  231 7500.44000 4866.35961  35.1%   175 1482s
 14331 10834 5835.58237  105   82 7500.44000 4866.35961  35.1%   176 1485s
 14342 11040 5654.13751   75  118 7500.44000 4866.35961  35.1%   176 1504s
 14376 11040 5814.06286   88   23 7500.44000 4866.35961  35.1%   176 1505s
 14616 11240 6158.37402   98   51 7500.44000 4867.19872  35.1%   176 1528s
 14748 11255 5474.00440   50   78 7500.44000 4867.27976  35.1%   176 1530s
 14850 11387 6610.52795  138   43 7500.44000 4867.33118  35.1%   175 1548s
 14948 11401 5305.31243   46  128 7500.44000 4867.33118  35.1%   174 1550s
 15024 11455     cutoff  175      7500.44000 4867.43633  35.1%   175 1567s
 15084 11673 5207.50964   34  347 7500.44000 4868.73493  35.1%   176 1591s
 15341 11757 5366.52750   43  263 7500.44000 4868.73493  35.1%   175 1609s
 15417 11757 5614.89902   69  186 7500.44000 4868.73493  35.1%   176 1610s
 15424 11997 5759.20278   56  142 7500.44000 4869.35143  35.1%   176 1630s
 15698 12059 5166.09375   31  364 7500.44000 4869.62363  35.1%   175 1650s
 15756 12200 5454.39827   51  171 7500.44000 4869.62363  35.1%   177 1669s
 15807 12201 5649.57514   71   23 7500.44000 4869.62363  35.1%   177 1670s
 15899 12468 5840.03839   71  113 7500.44000 4869.62363  35.1%   178 1693s
 16001 12468 6185.61807  127   30 7500.44000 4869.62363  35.1%   178 1695s
 16180 12661 6937.37252  148   98 7500.44000 4869.74833  35.1%   177 1717s
 16329 12680 6055.35714  120   14 7500.44000 4870.81028  35.1%   177 1720s
 16524 12872 7309.49043  192   16 7500.44000 4871.23736  35.1%   176 1740s
 16728 12963     cutoff  193      7500.44000 4872.11301  35.0%   176 1759s
 16792 12965     cutoff  178      7500.44000 4872.47663  35.0%   176 1760s
 16823 13085     cutoff  193      7500.44000 4872.97293  35.0%   176 1777s
 16973 13129 5179.79950   35  236 7500.44000 4873.29939  35.0%   176 1793s
 17017 13210 5570.59657   48  182 7500.44000 4873.29939  35.0%   178 1810s
 17098 13321 6731.66060   75  132 7500.44000 4873.34007  35.0%   179 1829s
 17163 13321 7333.66132  103   83 7500.44000 4873.34007  35.0%   178 1830s
 17262 13387 5172.37243   33  409 7500.44000 4873.34007  35.0%   179 1847s
 17328 13530 5294.78485   46  234 7500.44000 4873.34007  35.0%   180 1869s
 17345 13530 5462.38239   52  195 7500.44000 4873.34007  35.0%   180 1870s
 17497 13707 5612.08544   65   68 7500.44000 4873.34007  35.0%   180 1893s
 17582 13707 5752.91486  115   74 7500.44000 4873.34007  35.0%   180 1895s
 17684 13917 6083.87934  126   66 7500.44000 4874.50163  35.0%   181 1916s
 17986 14014 7460.33000  192    - 7500.44000 4875.17723  35.0%   179 1936s
 18064 14110     cutoff  192      7500.44000 4875.19494  35.0%   180 1956s
 18187 14148     cutoff  195      7500.44000 4875.74769  35.0%   180 1974s
*18226 14238             191    7490.0900000 4876.31537  34.9%   181 1994s
 18357 14370 5189.65932   32  326 7490.09000 4877.61155  34.9%   181 2015s
 18538 14448 5351.14316   41  187 7490.09000 4877.61155  34.9%   181 2034s
 18555 14448 5550.83188   50  209 7490.09000 4877.61155  34.9%   182 2035s
 18603 14571 5528.41957   62  133 7490.09000 4877.61155  34.9%   182 2056s
 18734 14729 5900.66561   87   67 7490.09000 4878.36989  34.9%   183 2078s
 18853 14759 6755.30000  139    - 7490.09000 4878.36989  34.9%   182 2080s
 18971 14912 6905.71143  139   21 7490.09000 4878.65860  34.9%   182 2099s
 19037 14916 5626.21871   64  165 7490.09000 4878.65860  34.9%   182 2100s
 19149 14950 7446.60333  158   39 7490.09000 4878.74666  34.9%   182 2117s
 19196 15011 5103.04327   30  275 7490.09000 4878.74671  34.9%   183 2134s
 19257 15179 5261.70249   40  240 7490.09000 4878.74671  34.9%   184 2154s
 19404 15180 6094.25366  113   49 7490.09000 4878.74671  34.9%   185 2156s
 19433 15288 5594.38782   60  182 7490.09000 4878.74671  34.9%   185 2176s
 19563 15338 5830.52144  100   48 7490.09000 4878.91964  34.9%   185 2198s
 19625 15374 6409.40155  112   36 7490.09000 4879.26829  34.9%   186 2360s
 19686 15436 6759.85111  125   12 7490.09000 4879.65180  34.9%   187 2381s
 19745 15481 7299.13385  134    8 7490.09000 4879.94836  34.8%   187 2400s
 19795 15627 5847.89296   46  259 7490.09000 4879.99677  34.8%   189 2423s
 19897 15631 7415.47000  143    - 7490.09000 4879.99677  34.8%   188 2425s
 19960 15747     cutoff  143      7490.09000 4880.42123  34.8%   189 2447s
 20090 15887 5559.14078   38  448 7490.09000 4880.42123  34.8%   189 2468s
 20169 15891 6905.96697  134    8 7490.09000 4880.42123  34.8%   189 2470s
 20289 16032 6532.90625   82  109 7490.09000 4881.05470  34.8%   189 2491s
 20458 16091     cutoff  151      7490.09000 4881.22187  34.8%   189 2511s
 20526 16318 5772.77348   57  245 7490.09000 4882.92473  34.8%   190 2532s
 20647 16324 5651.14354   55  318 7490.09000 4882.94541  34.8%   189 2535s
 20806 16363     cutoff  160      7490.09000 4883.74790  34.8%   188 2554s
 20851 16545 5433.06319   38  393 7490.09000 4884.25494  34.8%   189 2575s
 21089 16642 6341.92159  105   20 7490.09000 4884.50385  34.8%   188 2598s
 21199 16768     cutoff  172      7490.09000 4884.70227  34.8%   189 2620s
 21353 16828     cutoff  172      7490.09000 4885.83910  34.8%   189 2643s
 21413 16918 5497.06339   44  110 7490.09000 4886.37824  34.8%   190 2663s
 21503 17127 5560.56126   80   93 7490.09000 4886.48234  34.8%   191 2690s
 21791 17242 7475.68000  161    8 7490.09000 4886.64742  34.8%   190 2713s
 21885 17350     cutoff  163      7490.09000 4886.84042  34.8%   190 2738s
 22024 17501 5129.74773   27  384 7490.09000 4887.05679  34.8%   191 2760s
 22183 17600 5923.14524   80   54 7490.09000 4888.81441  34.7%   190 2783s
 22306 17741 7427.09000  141    9 7490.09000 4889.25845  34.7%   191 2808s
 22449 17746 6493.51908  102   27 7490.09000 4890.09732  34.7%   190 2810s
 22495 17831     cutoff  142      7490.09000 4891.25284  34.7%   190 2830s
 22596 17954 5606.37365   55  312 7490.09000 4891.91748  34.7%   191 2853s
 22668 17954 6383.20055  127   24 7490.09000 4891.91748  34.7%   190 2855s
 22753 18010     cutoff  172      7490.09000 4892.51619  34.7%   191 2874s
 22810 18127 5838.94844   70  190 7490.09000 4892.54798  34.7%   191 2897s
 22947 18177     cutoff  168      7490.09000 4892.78833  34.7%   191 2918s
 22998 18309 5402.08636   34  418 7490.09000 4892.78833  34.7%   192 2940s
 23130 18477 6581.34188  109   84 7490.09000 4893.05999  34.7%   193 2965s
 23358 18511 5119.51169   28  418 7490.09000 4893.14176  34.7%   192 2986s
 23407 18627 5397.71565   33  353 7490.09000 4893.14176  34.7%   193 3005s
 23547 18690 5439.40603   39  266 7490.09000 4893.14176  34.7%   193 3025s
 23609 18807 5712.08110   48  191 7490.09000 4893.14176  34.7%   194 3044s
 23626 18807 6095.08472   54  203 7490.09000 4893.14176  34.7%   195 3045s
 23726 19156 6213.61752   59  252 7490.09000 4893.14176  34.7%   195 3072s
 23897 19169 7215.75524  123    8 7490.09000 4893.14176  34.7%   194 3075s
 24170 19308 7386.71667  113   21 7490.09000 4895.68551  34.6%   193 3099s
 24193 19308 7443.67152  133    9 7490.09000 4895.68551  34.6%   193 3100s
 24329 19382     cutoff  134      7490.09000 4896.94530  34.6%   193 3121s
 24427 19539 5475.40402   63  188 7490.09000 4897.14292  34.6%   193 3146s
 24604 19648     cutoff  157      7490.09000 4898.97923  34.6%   193 3173s
 24699 19650 6000.39000  113    7 7490.09000 4898.97923  34.6%   193 3175s
 24756 19814 6650.50630  127   70 7490.09000 4899.73342  34.6%   193 3199s
 24824 19822 5588.84491   60  130 7490.09000 4899.73342  34.6%   193 3200s
 24929 19933 7374.80000  147   27 7490.09000 4900.16595  34.6%   193 3222s
 25074 20125 7405.98000  152    - 7490.09000 4901.00205  34.6%   193 3248s
 25161 20137 5486.04771   84   91 7490.09000 4901.00205  34.6%   193 3250s
 25329 20212     cutoff  159      7490.09000 4901.55760  34.6%   192 3274s
 25404 20328     cutoff  163      7490.09000 4902.31531  34.5%   192 3296s
 25544 20376 5569.97670   32  344 7490.09000 4902.41662  34.5%   192 3319s
 25574 20376 6057.06238   62  262 7490.09000 4902.41662  34.5%   193 3320s
 25605 20418 6254.67899   67  232 7490.09000 4902.58525  34.5%   193 3343s
 25658 20513 5054.48967   26  324 7490.09000 4902.66096  34.5%   193 3365s
 25767 20594 5764.08533   75   39 7490.09000 4903.01900  34.5%   193 3386s
 25877 20674 7289.61448  144   23 7490.09000 4903.44539  34.5%   193 3407s
 25959 20700     cutoff  147      7490.09000 4903.82097  34.5%   194 3426s
 26013 20809 4956.25667   27  261 7490.09000 4903.82097  34.5%   195 3448s
 26117 20809 6605.02011   80   72 7490.09000 4903.82097  34.5%   195 3450s
 26122 20921 5298.73231   45  234 7490.09000 4903.82097  34.5%   195 3472s
 26276 21089 5550.49264   71   97 7490.09000 4904.01401  34.5%   195 3500s
 26478 21166 infeasible  156      7490.09000 4904.62633  34.5%   195 3520s
 26547 21237 5393.99339   36  416 7490.09000 4904.62633  34.5%   195 3541s
 26648 21355 5944.46650   56  286 7490.09000 4904.63479  34.5%   195 3562s
 26778 21440 4996.73415   32  326 7490.09000 4904.63479  34.5%   195 3584s
 26881 21481 5427.78968   39  386 7490.09000 4904.63479  34.5%   196 3600s

Cutting planes:
  User: 2953
  Gomory: 15
  Cover: 387
  Implied bound: 88
  Clique: 13
  MIR: 155
  StrongCG: 1
  Flow cover: 478
  Zero half: 75
  Network: 11
  RLT: 335
  Relax-and-lift: 11
  Lazy constraints: 9017

Explored 26926 nodes (5284542 simplex iterations) in 3600.70 seconds
Thread count was 2 (of 32 available processors)

Solution count 10: 7490.09 7500.44 7688.83 ... 10057.4

Time limit reached
Best objective 7.490090000000e+03, best bound 4.904634793444e+03, gap 34.5183%

User-callback calls 335613, time in user-callback 245.39 sec
================================================================================
executing instance: ./input/Instances/Original/5/absH3low_4n25.dat
--------------------------------------------------------------------------------
Instance details
n	26
H	3
C	2029
Li:
[0, 0, 0, 0, 0, 0, 0, 0, 0, 0, 0, 0, 0, 0, 0, 0, 0, 0, 0, 0, 0, 0, 0, 0, 0, 0, ]
Ui:
[0, 34, 165, 76, 88, 188, 58, 279, 52, 132, 198, 142, 135, 165, 186, 58, 201, 196, 40, 183, 32, 90, 168, 126, 93, 146, ]
Distance matrix:
|0	299	188	235	91	202	152	147	162	277	268	132	71	162	220	69	220	289	241	124	265	80	162	132	66	302	|
|299	0	468	431	282	142	317	425	443	569	193	178	359	302	422	231	93	28	511	325	457	242	434	215	240	601	|
|188	468	0	153	265	342	308	43	192	106	455	290	117	206	142	246	379	464	252	274	360	267	211	319	231	184	|
|235	431	153	0	326	289	386	145	321	240	482	269	184	129	15	258	339	436	393	355	477	305	336	354	237	334	|
|91	282	265	326	0	228	66	228	166	339	196	157	154	242	311	99	225	264	229	50	201	47	153	71	115	340	|
|202	142	342	289	228	0	285	301	363	447	255	73	245	161	281	139	53	151	440	278	428	181	360	187	136	495	|
|152	317	308	386	66	285	0	275	167	368	188	217	207	308	371	163	274	295	210	34	145	108	148	104	181	350	|
|147	425	43	145	228	301	275	0	179	146	415	248	76	172	131	203	337	421	248	242	341	227	195	279	188	211	|
|162	443	192	321	166	363	167	179	0	216	352	291	152	302	307	225	375	428	81	138	170	201	22	237	227	183	|
|277	569	106	240	339	447	368	146	216	0	535	391	210	312	232	341	481	562	245	335	381	352	238	402	329	106	|
|268	193	455	482	196	255	188	415	352	535	0	225	339	367	469	224	212	165	398	214	302	188	335	136	245	533	|
|132	178	290	269	157	73	217	248	291	391	225	0	183	145	258	66	91	175	367	207	358	110	287	127	67	431	|
|71	359	117	184	154	245	207	76	152	210	339	183	0	152	169	131	274	352	232	174	294	151	161	203	119	251	|
|162	302	206	129	242	161	308	172	302	312	367	145	152	0	120	153	210	308	383	284	426	208	309	249	132	383	|
|220	422	142	15	311	281	371	131	307	232	469	258	169	120	0	245	330	427	379	340	461	291	321	340	224	324	|
|69	231	246	258	99	139	163	203	225	341	224	66	131	153	245	0	152	222	301	147	299	57	221	97	22	371	|
|220	93	379	339	225	53	274	337	375	481	212	91	274	210	330	152	0	99	448	273	419	180	369	171	157	521	|
|289	28	464	436	264	151	295	421	428	562	165	175	352	308	427	222	99	0	493	305	434	227	418	196	234	590	|
|241	511	252	393	229	440	210	248	81	245	398	367	232	383	379	301	448	493	0	190	147	270	80	298	305	175	|
|124	325	274	355	50	278	34	242	138	335	214	207	174	284	340	147	273	305	190	0	152	97	122	110	162	320	|
|265	457	360	477	201	428	145	341	170	381	302	358	294	426	461	299	419	434	147	152	0	248	150	249	312	322	|
|80	242	267	305	47	181	108	227	201	352	188	110	151	208	291	57	180	227	270	97	248	0	192	52	76	366	|
