




arguments: ./build/mirp_solver -f ./input/orig_exec_92.cfg
Current dir: /scratch/gui/bnc_mirp
File verbosity level: 9
date       time         ( uptime  ) [ thread name/id ]                   file:line     v| 
2021-01-09 18:08:32.480 (   0.272s) [main thread     ]             loguru.cpp:789   INFO| Logging to './output/vi_vc/OU/V3/Original/execution_09_01_2021_18_08_32.log', mode: 'a', verbosity: 9
--------------------------------------------------------------------------------
Parameters
                           instance_path           ./input/Instances/Original/3/
                            model_policy                                       1
                             nb_vehicles                                       3
                              output_dir          ./output/vi_vc/OU/V3/Original/
                            sec_strategy                                       1
                       solver_nb_threads                                       2
                         solver_show_log                                    true
                       solver_time_limit                                    3600
                              use_vi_cos                                   false
                              use_vi_cus                                   false
                         use_vi_hc1_full                                   false
                         use_vi_hc1_half                                   false
                      use_vi_hc1_quarter                                   false
                              use_vi_hc2                                   false
                              use_vi_hc3                                   false
                         use_vi_lex_full                                   false
                         use_vi_lex_half                                   false
                      use_vi_lex_quarter                                   false
                              use_vi_qua                                   false
                               use_vi_vc                                    true
                               use_vi_vr                                   false
--------------------------------------------------------------------------------
executing instance: ./input/Instances/Original/3/absH3low_2n5.dat
--------------------------------------------------------------------------------
Instance details
n	6
H	3
C	237
Li:
[0, 0, 0, 0, 0, 0, ]
Ui:
[0, 93, 180, 51, 114, 24, ]
Distance matrix:
|0	170	318	35	112	235	|
|170	0	311	205	258	301	|
|318	311	0	326	278	137	|
|35	205	326	0	89	230	|
|112	258	278	89	0	160	|
|235	301	137	230	160	0	|

--------------------------------------------------------------------------------
Building model...
	using lazy and cut (CVRPSEP package)
Solving IRP LP...
--------------------------------------------------------------------------------

Gurobi 9.1.0 (linux64) logging started Sat Jan  9 18:08:32 2021

Gurobi Optimizer version 9.1.0 build v9.1.0rc0 (linux64)
Thread count: 32 physical cores, 32 logical processors, using up to 2 threads
Optimize a model with 171 rows, 258 columns and 825 nonzeros
Model fingerprint: 0x822d06c1
Variable types: 69 continuous, 189 integer (54 binary)
Coefficient statistics:
  Matrix range     [1e+00, 2e+02]
  Objective range  [1e-02, 3e+02]
  Bounds range     [1e+00, 2e+02]
  RHS range        [1e+01, 5e+02]
Presolve removed 43 rows and 27 columns
Presolve time: 0.01s
Presolved: 128 rows, 231 columns, 671 nonzeros
Variable types: 43 continuous, 188 integer (138 binary)
Found heuristic solution: objective 2593.2500000
Found heuristic solution: objective 1882.5200000
Found heuristic solution: objective 1828.8300000

Root relaxation: objective 7.933909e+02, 228 iterations, 0.01 seconds

    Nodes    |    Current Node    |     Objective Bounds      |     Work
 Expl Unexpl |  Obj  Depth IntInf | Incumbent    BestBd   Gap | It/Node Time

     0     0  793.39092    0   41 1828.83000  793.39092  56.6%     -    0s
     0     0 1275.14960    0   46 1828.83000 1275.14960  30.3%     -    0s
H    0     0                    1828.6600000 1275.14960  30.3%     -    0s
     0     0 1290.88535    0   50 1828.66000 1290.88535  29.4%     -    0s
     0     0 1323.45104    0   47 1828.66000 1323.45104  27.6%     -    0s
     0     0 1330.20783    0   54 1828.66000 1330.20783  27.3%     -    0s
     0     0 1337.01108    0   67 1828.66000 1337.01108  26.9%     -    0s
     0     0 1479.01135    0   57 1828.66000 1479.01135  19.1%     -    0s
     0     0 1490.26308    0   58 1828.66000 1490.26308  18.5%     -    0s
     0     0 1491.32811    0   60 1828.66000 1491.32811  18.4%     -    0s
     0     0 1535.30382    0   62 1828.66000 1535.30382  16.0%     -    0s
     0     0 1555.93819    0   86 1828.66000 1555.93819  14.9%     -    0s
     0     0 1558.08372    0   77 1828.66000 1558.08372  14.8%     -    0s
     0     0 1558.83757    0   86 1828.66000 1558.83757  14.8%     -    0s
     0     0 1559.07849    0   85 1828.66000 1559.07849  14.7%     -    0s
     0     0 1588.28539    0   68 1828.66000 1588.28539  13.1%     -    0s
H    0     0                    1789.0400000 1588.28539  11.2%     -    0s
     0     0 1590.51492    0   30 1789.04000 1590.51492  11.1%     -    0s
     0     0 1591.26897    0   41 1789.04000 1591.26897  11.1%     -    0s
     0     0 1591.27110    0   41 1789.04000 1591.27110  11.1%     -    0s
     0     0 1592.36876    0   81 1789.04000 1592.36876  11.0%     -    0s
     0     0 1592.36876    0   72 1789.04000 1592.36876  11.0%     -    0s
     0     0 1608.61289    0   20 1789.04000 1608.61289  10.1%     -    0s
     0     0 1608.61289    0   43 1789.04000 1608.61289  10.1%     -    0s
     0     0 1608.61289    0   44 1789.04000 1608.61289  10.1%     -    0s
     0     0 1608.61289    0   75 1789.04000 1608.61289  10.1%     -    0s
     0     0 1608.61289    0   78 1789.04000 1608.61289  10.1%     -    0s
     0     0 1608.61289    0   79 1789.04000 1608.61289  10.1%     -    0s
     0     0 1608.61289    0   80 1789.04000 1608.61289  10.1%     -    0s
     0     0 1608.61289    0   73 1789.04000 1608.61289  10.1%     -    0s
H    0     0                    1788.7300000 1608.61289  10.1%     -    0s
     0     0 1608.61289    0   71 1788.73000 1608.61289  10.1%     -    0s
     0     0 1608.61289    0   75 1788.73000 1608.61289  10.1%     -    0s
     0     0 1608.61289    0   81 1788.73000 1608.61289  10.1%     -    0s
     0     0 1608.61289    0   81 1788.73000 1608.61289  10.1%     -    0s
     0     2 1608.61289    0   81 1788.73000 1608.61289  10.1%     -    0s
H   15    12                    1779.0400000 1635.08144  8.09%  27.5    0s
*   26    16               6    1777.5200000 1635.08144  8.01%  23.0    0s
*   27    16               6    1770.5200000 1635.08144  7.65%  22.5    0s
*   32    12               6    1764.3500000 1635.08144  7.33%  20.1    0s
H   37    12                    1720.8300000 1647.21685  4.28%  18.7    0s

Cutting planes:
  User: 3
  Gomory: 1
  Cover: 19
  Implied bound: 4
  Clique: 3
  MIR: 18
  Flow cover: 23
  Zero half: 2
  RLT: 21
  Relax-and-lift: 5

Explored 81 nodes (2687 simplex iterations) in 0.39 seconds
Thread count was 2 (of 32 available processors)

Solution count 10: 1720.83 1764.35 1770.52 ... 1882.52

Optimal solution found (tolerance 1.00e-04)
Best objective 1.720830000000e+03, best bound 1.720830000000e+03, gap 0.0000%

User-callback calls 545, time in user-callback 0.02 sec
================================================================================
executing instance: ./input/Instances/Original/3/absH3high_5n30.dat
--------------------------------------------------------------------------------
Instance details
n	31
H	3
C	2296
Li:
[0, 0, 0, 0, 0, 0, 0, 0, 0, 0, 0, 0, 0, 0, 0, 0, 0, 0, 0, 0, 0, 0, 0, 0, 0, 0, 0, 0, 0, 0, 0, ]
Ui:
[0, 80, 90, 297, 28, 264, 123, 192, 112, 32, 72, 88, 294, 129, 126, 105, 110, 237, 246, 92, 72, 147, 54, 96, 128, 96, 84, 28, 74, 196, 192, ]
Distance matrix:
|0	87	302	65	389	171	219	120	412	339	129	63	169	401	383	158	393	161	246	275	64	287	345	235	13	274	106	201	85	358	135	|
|87	0	334	128	402	212	301	204	465	384	187	145	232	424	454	238	475	245	289	352	80	307	352	321	81	352	20	261	170	376	215	|
|302	334	0	239	113	132	237	334	157	70	404	263	162	105	227	229	339	251	65	217	259	53	107	352	293	220	339	134	270	75	235	|
|65	128	239	0	330	107	175	130	348	275	174	40	107	339	326	114	351	125	181	224	58	228	290	222	58	224	143	138	65	297	92	|
|389	402	113	330	0	226	349	438	210	151	502	360	269	48	316	339	441	362	175	328	335	102	55	465	377	330	401	245	371	37	342	|
|171	212	132	107	226	0	169	214	253	173	276	134	64	233	261	130	326	153	77	188	133	125	192	264	162	190	220	68	145	193	125	|
|219	301	237	175	349	169	0	157	257	223	244	157	105	334	180	62	175	61	177	63	233	264	334	118	221	61	317	112	136	312	85	|
|120	204	334	130	438	214	157	0	402	348	88	90	173	438	336	115	307	100	269	220	172	338	406	122	130	218	224	204	69	403	101	|
|412	465	157	348	210	253	257	402	0	88	486	359	245	166	129	287	266	303	178	204	386	208	239	370	406	207	473	212	354	187	304	|
|339	384	70	275	151	173	223	348	88	0	427	291	179	120	166	234	290	254	96	187	306	123	166	342	332	190	391	145	291	119	247	|
|129	187	404	174	502	276	244	88	486	427	0	142	248	508	424	200	390	187	342	308	193	400	464	192	142	306	207	281	136	469	182	|
|63	145	263	40	360	134	157	90	359	291	142	0	114	366	321	95	331	99	202	212	90	258	323	186	65	211	163	148	27	327	72	|
|169	232	162	107	269	64	105	173	245	179	248	114	0	266	222	71	268	94	97	131	155	173	244	203	164	132	245	34	113	233	73	|
|401	424	105	339	48	233	334	438	166	120	508	366	266	0	280	332	409	355	169	305	353	117	96	452	391	308	425	237	374	49	339	|
|383	454	227	326	316	261	180	336	129	166	424	321	222	280	0	231	137	238	208	116	376	277	331	272	381	118	467	197	307	285	253	|
|158	238	229	114	339	130	62	115	287	234	200	95	71	332	231	0	238	23	164	118	171	243	314	134	159	117	255	95	77	302	23	|
|393	475	339	351	441	326	175	307	266	290	390	331	268	409	137	238	0	232	300	138	408	383	445	204	395	136	492	258	308	406	260	|
|161	245	251	125	362	153	61	100	303	254	187	99	94	355	238	23	232	0	187	123	183	267	338	111	164	121	262	117	77	325	34	|
|246	289	65	181	175	77	177	269	178	96	342	202	97	169	208	164	300	187	0	168	210	87	157	290	238	171	296	70	206	138	170	|
|275	352	217	224	328	188	63	220	204	187	308	212	131	305	116	118	138	123	168	0	279	255	322	166	275	3	367	120	195	291	141	|
|64	80	259	58	335	133	233	172	386	306	193	90	155	353	376	171	408	183	210	279	0	236	289	276	51	279	90	182	117	307	150	|
|287	307	53	228	102	125	264	338	208	123	400	258	173	117	277	243	383	267	87	255	236	0	71	374	276	257	308	153	270	71	245	|
|345	352	107	290	55	192	334	406	239	166	464	323	244	96	331	314	445	338	157	322	289	71	0	445	334	325	350	224	337	54	315	|
|235	321	352	222	465	264	118	122	370	342	192	186	203	452	272	134	204	111	290	166	276	374	445	0	243	164	341	221	159	428	142	|
|13	81	293	58	377	162	221	130	406	332	142	65	164	391	381	159	395	164	238	275	51	276	334	243	0	274	100	196	89	347	136	|
|274	352	220	224	330	190	61	218	207	190	306	211	132	308	118	117	136	121	171	3	279	257	325	164	274	0	367	122	194	294	140	|
|106	20	339	143	401	220	317	224	473	391	207	163	245	425	467	255	492	262	296	367	90	308	350	341	100	367	0	272	188	377	232	|
|201	261	134	138	245	68	112	204	212	145	281	148	34	237	197	95	258	117	70	120	182	153	224	221	196	122	272	0	146	208	103	|
|85	170	270	65	371	145	136	69	354	291	136	27	113	374	307	77	308	77	206	195	117	270	337	159	89	194	188	146	0	337	54	|
|358	376	75	297	37	193	312	403	187	119	469	327	233	49	285	302	406	325	138	291	307	71	54	428	347	294	377	208	337	0	306	|
|135	215	235	92	342	125	85	101	304	247	182	72	73	339	253	23	260	34	170	141	150	245	315	142	136	140	232	103	54	306	0	|

--------------------------------------------------------------------------------
Building model...
	using lazy and cut (CVRPSEP package)
Solving IRP LP...
--------------------------------------------------------------------------------

Gurobi 9.1.0 (linux64) logging started Sat Jan  9 18:08:33 2021

Gurobi Optimizer version 9.1.0 build v9.1.0rc0 (linux64)
Thread count: 32 physical cores, 32 logical processors, using up to 2 threads
Optimize a model with 871 rows, 4858 columns and 11500 nonzeros
Model fingerprint: 0x81bec5d6
Variable types: 394 continuous, 4464 integer (279 binary)
Coefficient statistics:
  Matrix range     [1e+00, 8e+02]
  Objective range  [1e-01, 5e+02]
  Bounds range     [1e+00, 3e+02]
  RHS range        [1e+01, 4e+03]
Presolve removed 169 rows and 76 columns
Presolve time: 0.07s
Presolved: 702 rows, 4782 columns, 10700 nonzeros
Variable types: 303 continuous, 4479 integer (4194 binary)

Root relaxation: objective 8.913816e+03, 843 iterations, 0.02 seconds

    Nodes    |    Current Node    |     Objective Bounds      |     Work
 Expl Unexpl |  Obj  Depth IntInf | Incumbent    BestBd   Gap | It/Node Time

     0     0 8913.81602    0   90          - 8913.81602      -     -    0s
     0     0 9194.28309    0  107          - 9194.28309      -     -    0s
     0     0 9202.86881    0  108          - 9202.86881      -     -    0s
     0     0 9653.84681    0  158          - 9653.84681      -     -    0s
     0     0 9718.35900    0  180          - 9718.35900      -     -    0s
     0     0 9720.02717    0  176          - 9720.02717      -     -    0s
     0     0 9720.05888    0  182          - 9720.05888      -     -    0s
     0     0 9833.76777    0  200          - 9833.76777      -     -    0s
     0     0 9838.97370    0  217          - 9838.97370      -     -    0s
     0     0 9840.30456    0  215          - 9840.30456      -     -    0s
     0     0 9840.45311    0  199          - 9840.45311      -     -    0s
     0     0 9874.92682    0  180          - 9874.92682      -     -    0s
     0     0 9883.58401    0  238          - 9883.58401      -     -    0s
     0     0 9883.99538    0  276          - 9883.99538      -     -    0s
     0     0 9898.35451    0  229          - 9898.35451      -     -    1s
     0     0 9901.70456    0  241          - 9901.70456      -     -    1s
     0     0 9901.98867    0  248          - 9901.98867      -     -    1s
     0     0 9907.09080    0  263          - 9907.09080      -     -    1s
     0     0 9907.09080    0  218          - 9907.09080      -     -    1s
     0     2 9908.15193    0  195          - 9908.15193      -     -    1s
   124   132 10352.2489   37  187          - 9908.65438      -   196    5s
   603   576 10054.3567    6  231          - 9908.65438      -  80.3   10s
   706   678 10288.4928   14  170          - 9915.96661      -   103   15s
H  750   671                    13397.850000 10023.1247  25.2%   101   19s
   754   674 10540.8351   59  306 13397.8500 10025.0528  25.2%   101   20s
   784   695 10047.2964    4  274 13397.8500 10047.2964  25.0%   112   25s
H  814   678                    13100.250000 10053.4024  23.3%   108   30s
   824   688 10076.3032   29  343 13100.2500 10066.7886  23.2%   116   35s
   879   729 10217.1628   41  243 13100.2500 10078.3994  23.1%   125   40s
   981   800 10510.8647   64  244 13100.2500 10078.3994  23.1%   136   45s
H  995   767                    12821.250000 10078.3994  21.4%   137   45s
  1080   842 10700.5580   88  182 12821.2500 10078.3994  21.4%   142   50s
  1205   927 10850.6013  116  169 12821.2500 10078.3994  21.4%   141   55s
  1305  1004 10884.6451  137  171 12821.2500 10078.3994  21.4%   140   60s
  1388  1038 10919.0280  154  151 12821.2500 10078.3994  21.4%   138   65s
  1574  1209 11021.1731  184  172 12821.2500 10078.3994  21.4%   131   70s
  1775  1285 11072.5587  205  183 12821.2500 10078.3994  21.4%   123   75s
  1890  1352 11334.9714  246  104 12821.2500 10078.3994  21.4%   124   80s
  2080  1443 10503.7913   54  146 12821.2500 10078.3994  21.4%   119   85s
* 2242  1522             396    12776.970000 10088.3964  21.0%   113   89s
* 2244  1487             395    12743.560000 10088.3964  20.8%   113   89s
* 2245  1455             395    12736.510000 10088.3964  20.8%   113   89s
  2305  1522 10153.7743   33  295 12736.5100 10088.3964  20.8%   112   91s
  2503  1669 10889.0838  160   71 12736.5100 10088.3964  20.8%   110   95s
  2733  1901 10732.0534   99   48 12736.5100 10088.3964  20.8%   105  100s
  2858  2021 11050.0511  150   16 12736.5100 10088.3964  20.8%   103  107s
  3019  2146 11596.7561  265   11 12736.5100 10088.7232  20.8%   100  110s
  3226  2414 10265.9687   44  187 12736.5100 10088.7232  20.8%  97.5  115s
  3732  2814 10340.1880   36  269 12736.5100 10088.9751  20.8%  89.0  122s
  3860  3009 10882.8241   74  126 12736.5100 10103.7392  20.7%  88.2  125s
  4293  3219     cutoff  163      12736.5100 10106.8145  20.6%  83.2  131s
  4380  3450 10426.7785   52   66 12736.5100 10109.6576  20.6%  85.4  135s
  4660  3822 11335.1100  149    8 12736.5100 10115.6357  20.6%  83.2  140s
  5065  3948 10415.1433   39  242 12736.5100 10116.0644  20.6%  80.1  146s
  5172  4116 11127.4275   71   18 12736.5100 10119.1646  20.5%  80.7  150s
  5542  4369 10504.2623   49  173 12736.5100 10128.4605  20.5%  79.5  156s
  5686  4601 12493.0339  156   69 12736.5100 10134.2503  20.4%  79.3  160s
  6018  4776 10583.9949   60   78 12736.5100 10135.3960  20.4%  78.6  168s
  6173  4861 11750.2582  117   35 12736.5100 10137.3597  20.4%  78.3  172s
  6252  4983 10502.9252   45  134 12736.5100 10137.3597  20.4%  78.1  175s
  6455  5374 10895.1584  128   10 12736.5100 10137.3597  20.4%  78.3  180s
  6799  5515 12040.5048  198   29 12736.5100 10137.9634  20.4%  75.9  187s
  6983  5559 11353.7794  105   18 12736.5100 10138.8276  20.4%  75.8  191s
  7258  5904 10515.2516   61  188 12736.5100 10145.6053  20.3%  75.1  198s
  7434  6049     cutoff  179      12736.5100 10150.7413  20.3%  75.2  203s
  7609  6330     cutoff  177      12736.5100 10152.5505  20.3%  74.8  208s
  7915  6407     cutoff  203      12736.5100 10154.0416  20.3%  73.7  212s
  8005  6640 10785.7860   56  151 12736.5100 10155.3525  20.3%  74.7  217s
  8237  6826 11186.0604  106   51 12736.5100 10155.6471  20.3%  74.3  222s
  8478  6970 12536.7400  203    6 12736.5100 10156.1808  20.3%  73.6  227s
  8674  7026     cutoff  212      12736.5100 10156.3256  20.3%  73.3  231s
  8724  7209 11020.6550   50  159 12736.5100 10156.5127  20.3%  74.3  238s
  8905  7386 12551.2838   97   23 12736.5100 10156.8460  20.3%  74.5  243s
  9180  7520 infeasible  117      12736.5100 10162.0091  20.2%  73.9  248s
  9304  7720 12436.2971  127   33 12736.5100 10163.6956  20.2%  74.2  252s
  9532  7913 11278.9993   79   26 12736.5100 10164.4446  20.2%  73.8  257s
  9737  7983     cutoff  168      12736.5100 10164.8854  20.2%  73.7  262s
  9817  8305 10843.7572   79   84 12736.5100 10167.3740  20.2%  74.3  267s
 10186  8448 12683.5800  184    - 12736.5100 10168.3244  20.2%  72.9  272s
 10344  8526 10480.9153   41   70 12736.5100 10168.4971  20.2%  72.9  276s
 10418  8579 11092.2755   61   63 12736.5100 10168.4971  20.2%  73.6  286s
 10473  8756 11586.3789   79   21 12736.5100 10169.7791  20.2%  73.5  291s
 10704  8913 10820.2751   72   36 12736.5100 10175.1561  20.1%  73.3  295s
 10884  9105 11271.5272   94   16 12736.5100 10178.4985  20.1%  73.5  300s
 11098  9216     cutoff  143      12736.5100 10178.6909  20.1%  73.6  305s
 11318  9334 11462.5393  104   10 12736.5100 10180.7551  20.1%  73.8  310s
 11489  9558 11019.1024   89   50 12736.5100 10183.7876  20.0%  73.9  315s
 11748  9741 11441.2381  107  107 12736.5100 10187.3009  20.0%  74.0  320s
 11938  9897 11638.5600   85    - 12736.5100 10187.8931  20.0%  73.4  325s
 12154 10026 12141.3200  180    5 12736.5100 10190.9917  20.0%  73.5  330s
 12326 10303 12735.6700  123    - 12736.5100 10191.7280  20.0%  73.8  338s
 12517 10389     cutoff  123      12736.5100 10191.9069  20.0%  73.7  343s
 12605 10561 10592.1157   48   90 12736.5100 10191.9069  20.0%  74.2  347s
 12801 10784 11188.7520   78   26 12736.5100 10192.5118  20.0%  74.2  353s
 13082 10960 11883.2319  112   37 12736.5100 10192.5198  20.0%  73.8  358s
 13299 11065 10951.3923   80   93 12736.5100 10193.1590  20.0%  73.6  362s
 13424 11160 12419.0824  149   28 12736.5100 10194.6053  20.0%  73.7  367s
 13532 11314     cutoff  174      12736.5100 10195.1313  20.0%  74.1  371s
 13714 11427 11196.5073   96   49 12736.5100 10196.2113  19.9%  74.1  376s
 13883 11577 12613.4644  131   32 12736.5100 10196.3778  19.9%  74.1  381s
 14045 11630     cutoff  135      12736.5100 10196.7375  19.9%  74.1  385s
 14144 11796 11548.9266  100   25 12736.5100 10197.9860  19.9%  74.7  390s
 14376 11919     cutoff  147      12736.5100 10198.6428  19.9%  75.2  397s
 14455 12037 10804.3255   53  175 12736.5100 10199.9718  19.9%  75.7  401s
 14592 12207 10516.2539   44  167 12736.5100 10200.7871  19.9%  75.9  406s
 14777 12620 10706.7229   81   15 12736.5100 10201.1884  19.9%  76.1  411s
 15297 12689     cutoff  203      12736.5100 10201.7554  19.9%  74.5  420s
 15383 12826 10831.1076   45  139 12736.5100 10201.9525  19.9%  75.2  427s
 15484 13015 11843.7721   74   68 12736.5100 10202.0052  19.9%  75.6  432s
 15757 13158 10873.0882   85   87 12736.5100 10203.4117  19.9%  75.3  436s
 15895 13226 12652.4886  167   19 12736.5100 10204.3227  19.9%  75.5  441s
 15977 13451 10573.2005   52   99 12736.5100 10205.4782  19.9%  75.9  445s
 16270 13683 10993.3358   64   44 12736.5100 10205.7171  19.9%  75.5  451s
 16519 13778     cutoff  193      12736.5100 10206.1531  19.9%  75.3  455s
 16678 13897 11467.2326   93   22 12736.5100 10206.4841  19.9%  75.4  460s
 16837 14150 10975.6404   47  122 12736.5100 10207.5241  19.9%  75.9  468s
 17133 14241 12465.1158  107   39 12736.5100 10207.7587  19.9%  75.6  473s
 17229 14413 10804.3274   49  138 12736.5100 10207.9695  19.9%  75.8  478s
 17444 14581 11157.4675   75   24 12736.5100 10208.2615  19.9%  75.7  483s
 17644 14609 11698.6770  168   22 12736.5100 10208.2615  19.9%  75.7  485s
 17787 14742     cutoff  144      12736.5100 10210.0550  19.8%  75.8  492s
 17847 14830 11256.8773   78  127 12736.5100 10210.8527  19.8%  76.2  496s
*17940 12380             128    11913.430000 10211.0194  14.3%  76.1  497s
*17942 11928             125    11813.430000 10211.0194  13.6%  76.1  497s
 17958 11996     cutoff  151      11813.4300 10211.2742  13.6%  76.4  500s
 18108 12059 10311.2907   38  300 11813.4300 10211.5236  13.6%  76.7  505s
 18282 12225 10491.2651   41  316 11813.4300 10211.5815  13.6%  77.2  513s
 18336 12327 10561.6966   55  211 11813.4300 10211.5815  13.6%  77.6  517s
 18438 12496 10742.3489  108   21 11813.4300 10212.6975  13.6%  77.9  521s
 18642 12656     cutoff  186      11813.4300 10213.1316  13.5%  77.7  526s
 18827 12720 infeasible   96      11813.4300 10213.8777  13.5%  77.7  530s
 18910 12819 10852.2176   52  144 11813.4300 10214.7867  13.5%  78.0  535s
 19114 12920 11538.8150  111   35 11813.4300 10215.5943  13.5%  78.3  540s
 19267 13184 10377.0195   41  239 11813.4300 10216.3921  13.5%  78.7  548s
 19464 13229     cutoff  115      11813.4300 10216.8136  13.5%  78.6  553s
 19509 13402 10731.0527   59   87 11813.4300 10217.1642  13.5%  79.1  557s
 19703 13510 10463.4870   38  159 11813.4300 10218.3403  13.5%  78.9  561s
 19838 13600 10364.2468   44  324 11813.4300 10218.4362  13.5%  79.1  565s
 19939 13702 11136.9516   78   98 11813.4300 10218.5179  13.5%  79.3  570s
 20149 13935 10827.5606   55   20 11813.4300 10218.8041  13.5%  79.9  580s
 20395 13976     cutoff   98      11813.4300 10219.6120  13.5%  79.6  585s
 20532 14122     cutoff   82      11813.4300 10222.5989  13.5%  80.2  593s
 20632 14234 10772.5825   54   37 11813.4300 10222.9595  13.5%  80.4  598s
 20758 14304 10512.0245   41  215 11813.4300 10223.3119  13.5%  80.5  603s
 20828 14414 10719.6136   54  168 11813.4300 10223.3119  13.5%  80.7  608s
 20971 14488 11153.7401   70   75 11813.4300 10223.5989  13.5%  80.8  613s
 21063 14622 11746.4800   88    - 11813.4300 10224.3516  13.5%  81.1  618s
 21242 14664     cutoff  126      11813.4300 10225.3729  13.4%  81.0  623s
 21290 14835 10627.3172   55  116 11813.4300 10225.6007  13.4%  81.4  628s
 21487 14888     cutoff  137      11813.4300 10226.5113  13.4%  81.3  633s
 21541 15092 10515.7707   50  132 11813.4300 10226.5113  13.4%  81.6  639s
 21729 15094 10907.3782  116   82 11813.4300 10226.5113  13.4%  81.4  640s
 21844 15255 11296.0193  143   15 11813.4300 10227.7504  13.4%  81.3  645s
 22068 15447 10660.9023   62  264 11813.4300 10229.2584  13.4%  81.5  654s
 22196 15551 10318.3108   35  244 11813.4300 10229.2584  13.4%  81.5  659s
 22315 15684 11100.1204   58   31 11813.4300 10229.3695  13.4%  81.7  664s
 22482 15801     cutoff   93      11813.4300 10230.2805  13.4%  81.7  669s
 22611 15865 10442.1273   38  228 11813.4300 10230.8638  13.4%  81.8  673s
 22697 15939 10786.6302   49  232 11813.4300 10230.8638  13.4%  82.1  678s
 22774 16105 11145.2037   60   71 11813.4300 10231.9020  13.4%  82.5  683s
 23021 16196     cutoff  117      11813.4300 10232.4957  13.4%  82.4  689s
 23133 16287 10997.9449   75   86 11813.4300 10234.7046  13.4%  82.6  693s
 23240 16408 10676.2763   48  231 11813.4300 10234.9395  13.4%  82.7  698s
 23371 16553 11460.3926  120   59 11813.4300 10235.2437  13.4%  82.9  704s
 23528 16710 10712.7070   62   12 11813.4300 10235.2975  13.4%  82.9  709s
 23721 16814 10801.3180   54  170 11813.4300 10235.8742  13.4%  82.8  714s
 23866 16938 10407.6153   41  227 11813.4300 10236.2403  13.4%  82.9  719s
 24014 17084 11002.4304  104   38 11813.4300 10236.9604  13.3%  82.9  724s
 24106 17085 10660.8802   58   60 11813.4300 10236.9604  13.3%  82.8  725s
 24267 17212 10854.0958   56   88 11813.4300 10238.1717  13.3%  83.1  734s
 24312 17212 11641.7869   75   85 11813.4300 10238.1717  13.3%  83.2  735s
 24385 17245 10543.2104   50  229 11813.4300 10238.3136  13.3%  83.6  740s
 24442 17324 11706.7700   91    - 11813.4300 10238.3927  13.3%  83.6  745s
 24487 17423 11712.7534   92   24 11813.4300 10238.4776  13.3%  84.0  750s
 24604 17532 11108.9001   73  127 11813.4300 10238.5755  13.3%  84.1  755s
 24749 17675 10782.6239   59  161 11813.4300 10238.6713  13.3%  84.2  761s
 24927 17826 10430.3074   39  154 11813.4300 10238.9644  13.3%  84.1  767s
 25096 17950 11640.0967  139   23 11813.4300 10239.2508  13.3%  84.0  772s
 25242 18025 infeasible  143      11813.4300 10239.2704  13.3%  84.0  777s
 25342 18109 10616.8654   48   45 11813.4300 10239.6827  13.3%  84.2  783s
 25455 18191 11734.3533   83   11 11813.4300 10239.9418  13.3%  84.4  788s
 25553 18202     cutoff   84      11813.4300 10240.4974  13.3%  84.5  797s
 25564 18305 10735.9170   41  337 11813.4300 10240.7204  13.3%  84.8  802s
 25686 18427 11314.8282   78   70 11813.4300 10241.2258  13.3%  84.9  808s
 25848 18502 10426.7000   38  192 11813.4300 10241.2258  13.3%  84.9  813s
 25945 18603 10960.7090   60   65 11813.4300 10241.8561  13.3%  85.0  818s
 26083 18679     cutoff  102      11813.4300 10242.1688  13.3%  85.1  823s
 26185 18757 11258.5931   52  106 11813.4300 10243.1016  13.3%  85.2  829s
 26305 18879 10644.0065   46  160 11813.4300 10243.3804  13.3%  85.4  834s
 26349 18879 11149.2041   90  122 11813.4300 10243.3804  13.3%  85.5  835s
 26435 18955 11194.2775   93  132 11813.4300 10243.9562  13.3%  85.5  840s
 26540 19067 10714.0993   91   31 11813.4300 10244.8107  13.3%  85.6  846s
 26709 19238     cutoff  113      11813.4300 10244.9990  13.3%  85.7  853s
 26879 19348 11566.6081   97    8 11813.4300 10245.1358  13.3%  85.6  859s
 27021 19433     cutoff  101      11813.4300 10245.4407  13.3%  85.7  865s
 27137 19521     cutoff  122      11813.4300 10246.1986  13.3%  85.8  870s
 27237 19655 10915.6593   73   74 11813.4300 10246.5067  13.3%  86.0  875s
 27413 19721     cutoff  138      11813.4300 10246.6154  13.3%  86.0  881s
 27484 19820 11010.3011   66  156 11813.4300 10247.5102  13.3%  86.2  885s
 27606 19876 10713.8271   44  230 11813.4300 10248.1449  13.3%  86.2  890s
 27674 19967 10655.0014   42  187 11813.4300 10249.1670  13.2%  86.5  895s
 27794 20026     cutoff  100      11813.4300 10250.2436  13.2%  86.6  900s
 27917 20121 10688.0847   41  195 11813.4300 10250.9539  13.2%  86.9  905s
 28021 20175 11801.2533   87   30 11813.4300 10251.9594  13.2%  87.1  910s
 28120 20328 11568.5200   73   29 11813.4300 10252.4665  13.2%  87.4  919s
 28241 20406     cutoff   92      11813.4300 10252.4754  13.2%  87.4  925s
 28322 20576 10690.5560   57   59 11813.4300 10253.3012  13.2%  87.7  930s
 28552 20644 infeasible  145      11813.4300 10253.8227  13.2%  87.6  936s
 28626 20760 11264.9868   65   67 11813.4300 10254.1737  13.2%  87.8  941s
 28787 20896 infeasible   95      11813.4300 10254.6774  13.2%  87.8  947s
 28933 20959     cutoff  107      11813.4300 10255.8500  13.2%  87.9  953s
 29028 21018     cutoff   85      11813.4300 10256.2492  13.2%  88.0  958s
 29099 21157 10838.1132   55  175 11813.4300 10256.7153  13.2%  88.3  964s
 29280 21214     cutoff  112      11813.4300 10257.3248  13.2%  88.2  970s
 29335 21306 11161.2525   62  110 11813.4300 10258.1662  13.2%  88.5  975s
 29451 21325     cutoff   92      11813.4300 10258.3524  13.2%  88.6  980s
 29474 21423 10814.2700   46    - 11813.4300 10258.7247  13.2%  88.9  986s
 29615 21530     cutoff  113      11813.4300 10259.1138  13.2%  88.9  993s
 29729 21638     cutoff   92      11813.4300 10259.7673  13.2%  89.1 1000s
 29893 21750 10899.1420   49  117 11813.4300 10260.6158  13.1%  89.1 1006s
 30006 21797     cutoff  135      11813.4300 10261.7108  13.1%  89.2 1011s
 30054 21871 10968.5268   63  147 11813.4300 10262.2544  13.1%  89.5 1016s
 30142 21961 10707.6235   56  168 11813.4300 10262.3462  13.1%  89.7 1022s
 30274 22040 11544.6751   95    5 11813.4300 10262.5395  13.1%  89.8 1029s
 30398 22091     cutoff  100      11813.4300 10263.9856  13.1%  89.9 1034s
 30464 22140 10962.0508   58  131 11813.4300 10264.0151  13.1%  90.0 1043s
 30515 22243 11770.7965   94   55 11813.4300 10264.3705  13.1%  90.1 1049s
 30647 22333 10885.9269   61  112 11813.4300 10265.1939  13.1%  90.1 1055s
 30751 22529 10623.4609   44  268 11813.4300 10265.6076  13.1%  90.2 1063s
 31026 22604 11676.4739  126   11 11813.4300 10265.7325  13.1%  89.9 1070s
 31109 22670 10890.6691   47  158 11813.4300 10265.7390  13.1%  90.1 1076s
 31177 22698 11688.8109   74   95 11813.4300 10266.1115  13.1%  90.4 1081s
 31219 22811 10632.7401   54  166 11813.4300 10266.1662  13.1%  90.6 1087s
 31340 22894 10648.5378   47  186 11813.4300 10266.2335  13.1%  90.7 1093s
 31442 22945 10512.8481   37  268 11813.4300 10266.2335  13.1%  90.9 1099s
 31518 22998 11359.1793   61   77 11813.4300 10266.3945  13.1%  91.1 1105s
 31586 23037 10563.5971   41  153 11813.4300 10266.6115  13.1%  91.3 1110s
 31624 23144 10720.8840   53  121 11813.4300 10266.6127  13.1%  91.6 1117s
 31751 23239 11775.9920  100   26 11813.4300 10267.1700  13.1%  91.8 1123s
 31858 23321 11237.0390   74   68 11813.4300 10267.3206  13.1%  91.9 1129s
 31954 23397 10747.1572   53   99 11813.4300 10267.6513  13.1%  92.1 1135s
 32069 23475     cutoff   90      11813.4300 10268.5787  13.1%  92.2 1141s
 32150 23562 11217.3724   75   57 11813.4300 10268.7798  13.1%  92.4 1147s
 32254 23723 10616.9774   45  264 11813.4300 10268.8691  13.1%  92.5 1154s
 32324 23723 10839.2326   52  150 11813.4300 10268.8691  13.1%  92.5 1155s
 32437 23862 11336.4607   94   42 11813.4300 10269.2198  13.1%  92.4 1162s
 32608 23928     cutoff  146      11813.4300 10269.3698  13.1%  92.4 1168s
 32686 24075 11078.9723   56  143 11813.4300 10269.5728  13.1%  92.6 1174s
 32727 24075 11236.6764   97   40 11813.4300 10269.5728  13.1%  92.6 1175s
 32867 24120 infeasible  134      11813.4300 10270.1051  13.1%  92.5 1180s
 32912 24219 11283.9253   50  168 11813.4300 10270.3275  13.1%  92.8 1187s
 33031 24280 10531.2978   36  282 11813.4300 10270.5312  13.1%  93.0 1193s
 33152 24357     cutoff   85      11813.4300 10270.9316  13.1%  93.1 1199s
 33224 24451 11174.4624   74  146 11813.4300 10271.0945  13.1%  93.2 1206s
 33345 24531 11602.4568  100   57 11813.4300 10271.8540  13.0%  93.3 1212s
 33462 24640 11104.6370   59   98 11813.4300 10272.0695  13.0%  93.4 1218s
 33587 24671     cutoff   94      11813.4300 10272.2612  13.0%  93.5 1225s
 33623 24770 10672.5723   50  193 11813.4300 10272.5311  13.0%  93.8 1231s
 33758 24858     cutoff  120      11813.4300 10272.5317  13.0%  93.9 1238s
 33861 24953 11537.6913   71   77 11813.4300 10272.6361  13.0%  94.1 1245s
 33992 25034     cutoff  111      11813.4300 10273.3197  13.0%  94.1 1252s
 34085 25105 10689.9053   48  297 11813.4300 10273.4025  13.0%  94.2 1257s
 34159 25182 11390.4900   83    8 11813.4300 10274.2825  13.0%  94.4 1264s
 34271 25286 10608.5119   42  150 11813.4300 10274.5982  13.0%  94.5 1271s
 34390 25387 11408.2991  106   34 11813.4300 10274.8748  13.0%  94.6 1278s
 34499 25499 10719.2017   45  231 11813.4300 10274.8748  13.0%  94.7 1286s
 34620 25583 11513.0200   56  110 11813.4300 10275.7398  13.0%  94.8 1293s
 34741 25703     cutoff   73      11813.4300 10276.0863  13.0%  94.9 1300s
 34923 25741 11782.9450   89    4 11813.4300 10277.3219  13.0%  94.8 1306s
 34968 25817 infeasible   92      11813.4300 10277.3347  13.0%  95.0 1313s
 35067 25966 10770.4964   59  180 11813.4300 10277.5452  13.0%  95.2 1319s
 35267 26036 10454.6860   42  248 11813.4300 10277.5538  13.0%  95.0 1326s
 35331 26143     cutoff   59      11813.4300 10277.9492  13.0%  95.2 1333s
 35470 26192 11418.1465   83   71 11813.4300 10278.9981  13.0%  95.3 1339s
 35528 26299 10856.0688   43  218 11813.4300 10280.0386  13.0%  95.5 1345s
 35656 26502 10413.0755   37  170 11813.4300 10280.2985  13.0%  95.5 1353s
 35898 26610 11466.8418   90   29 11813.4300 10280.3166  13.0%  95.3 1361s
*35971 24068             155    11600.350000 10280.5659  11.4%  95.3 1361s
 36014 24108 10862.4019   57  152 11600.3500 10280.5758  11.4%  95.4 1368s
 36095 24189 10777.0203   46  196 11600.3500 10280.7088  11.4%  95.5 1375s
 36215 24276 10545.1060   46  211 11600.3500 10280.8339  11.4%  95.5 1384s
 36317 24326 10644.0624   51  150 11600.3500 10280.8339  11.4%  95.6 1391s
 36367 24362 11407.1466   70    8 11600.3500 10281.1005  11.4%  95.8 1398s
 36431 24409 11551.7500   75   13 11600.3500 10281.6823  11.4%  95.9 1404s
 36480 24440     cutoff   78      11600.3500 10282.0508  11.4%  96.2 1410s
 36529 24578 10697.1731   47  284 11600.3500 10282.1371  11.4%  96.3 1418s
 36706 24643     cutoff  123      11600.3500 10283.1970  11.4%  96.3 1425s
 36782 24716     cutoff   92      11600.3500 10283.7878  11.3%  96.4 1431s
 36873 24756 10708.2799   51  236 11600.3500 10283.8449  11.3%  96.5 1438s
 36913 24828 11132.5791   65   69 11600.3500 10284.0016  11.3%  96.7 1446s
 37010 24945 10648.4591   47   48 11600.3500 10284.0254  11.3%  96.9 1454s
 37094 24947 11137.4700  102    6 11600.3500 10284.0254  11.3%  96.8 1455s
 37180 25021     cutoff  109      11600.3500 10284.3887  11.3%  96.9 1461s
 37277 25135 11031.4079   52  125 11600.3500 10284.6614  11.3%  97.0 1468s
 37405 25164 11494.1790   94   37 11600.3500 10285.9665  11.3%  97.0 1475s
 37485 25233 10748.7042   50  208 11600.3500 10286.2434  11.3%  97.1 1482s
 37552 25327 11186.5297   93  107 11600.3500 10286.4679  11.3%  97.3 1489s
 37673 25425 10862.2452   54  204 11600.3500 10287.1653  11.3%  97.3 1496s
 37779 25509 10591.5841   55  263 11600.3500 10287.1653  11.3%  97.4 1504s
 37879 25604 10974.4002   82  152 11600.3500 10287.5863  11.3%  97.4 1512s
 37992 25700 10576.9502   41  279 11600.3500 10287.8541  11.3%  97.5 1520s
 38110 25792     cutoff   84      11600.3500 10288.0904  11.3%  97.6 1527s
 38210 25844 11524.8362   80   45 11600.3500 10288.2519  11.3%  97.7 1533s
 38281 25963 10893.8257   58  135 11600.3500 10289.5047  11.3%  97.9 1540s
 38440 26055 10738.9072   46  231 11600.3500 10290.2214  11.3%  97.9 1548s
 38556 26156 10825.1237   51  144 11600.3500 10290.4577  11.3%  97.9 1556s
 38686 26256 10776.7826   47  148 11600.3500 10290.6646  11.3%  98.0 1563s
 38812 26365 10647.0370   41  234 11600.3500 10291.4410  11.3%  98.0 1570s
 38948 26434     cutoff  103      11600.3500 10291.5601  11.3%  98.1 1578s
 39033 26504 10923.0067   58  119 11600.3500 10291.6237  11.3%  98.2 1585s
 39123 26556 10541.9620   43  246 11600.3500 10291.6237  11.3%  98.2 1592s
 39188 26659 10731.6112   53  183 11600.3500 10291.7557  11.3%  98.4 1600s
 39313 26741 10504.8686   37  144 11600.3500 10292.2070  11.3%  98.4 1607s
 39407 26814 11088.2098   67   83 11600.3500 10292.4735  11.3%  98.5 1614s
 39494 26894 10560.9590   53  248 11600.3500 10292.4735  11.3%  98.6 1621s
 39589 27004 10957.5017   70   84 11600.3500 10292.9610  11.3%  98.7 1628s
 39729 27108 11251.5791   87   45 11600.3500 10293.4942  11.3%  98.7 1635s
 39854 27192 11042.1511   63  206 11600.3500 10293.9227  11.3%  98.8 1643s
 39962 27266 infeasible   88      11600.3500 10294.2060  11.3%  98.9 1650s
 40048 27406 10749.1136   57  239 11600.3500 10294.3317  11.3%  99.0 1658s
 40212 27476 10491.4298   39  222 11600.3500 10294.3655  11.3%  99.0 1666s
 40282 27560 10775.1471   48  207 11600.3500 10294.4656  11.3%  99.2 1674s
 40394 27637 10467.0755   39  267 11600.3500 10294.4739  11.3%  99.2 1680s
 40472 27704 11417.9120   92   72 11600.3500 10294.7405  11.3%  99.4 1687s
 40556 27835 10753.3247   50  170 11600.3500 10294.7806  11.3%  99.5 1696s
 40708 27889     cutoff  137      11600.3500 10294.8330  11.3%   100 1703s
 40761 27987 10931.0843   53   93 11600.3500 10295.1681  11.3%   100 1710s
 40891 28040 10449.3787   43  254 11600.3500 10295.3058  11.3%   100 1720s
 40965 28100 11079.0098   65  130 11600.3500 10295.6192  11.2%   100 1726s
 41066 28190 10746.0286   45  188 11600.3500 10296.5901  11.2%   100 1734s
 41188 28240 11380.9118   73   70 11600.3500 10296.7046  11.2%   100 1741s
 41267 28305 10647.4791   49  185 11600.3500 10297.1304  11.2%   100 1747s
 41334 28446 11102.8594   85   46 11600.3500 10297.1583  11.2%   100 1754s
 41532 28540 10845.1643   50  153 11600.3500 10297.2259  11.2%   100 1762s
 41638 28606     cutoff  114      11600.3500 10297.8868  11.2%   100 1774s
H41643 28436                    11589.350000 10297.8868  11.1%   100 1774s
 41691 28436 11128.3523  104   45 11589.3500 10297.9097  11.1%   100 1775s
 41731 28525 10664.3838   46  220 11589.3500 10298.0845  11.1%   100 1782s
 41850 28560     cutoff  111      11589.3500 10298.1090  11.1%   101 1789s
 41889 28658 10862.1502   51  185 11589.3500 10298.4430  11.1%   101 1796s
 42011 28771 10720.1376   47  164 11589.3500 10298.7372  11.1%   101 1803s
 42161 28869     cutoff  102      11589.3500 10299.2493  11.1%   101 1811s
 42274 28929 11235.5870   85  115 11589.3500 10299.3024  11.1%   101 1819s
 42350 29010 10865.5308   50  247 11589.3500 10299.6332  11.1%   101 1825s
 42446 29075 10491.1040   47  245 11589.3500 10299.6332  11.1%   101 1832s
 42521 29144 11418.8624   80  129 11589.3500 10300.0939  11.1%   101 1839s
 42593 29146 11308.5217   95   24 11589.3500 10300.1689  11.1%   101 1840s
 42618 29182 10926.5147   56  146 11589.3500 10300.1689  11.1%   101 1847s
 42658 29257 10942.7814   72  168 11589.3500 10300.2270  11.1%   101 1854s
 42757 29338     cutoff   96      11589.3500 10300.6106  11.1%   102 1862s
 42851 29438 11062.2179   60  195 11589.3500 10300.7847  11.1%   102 1871s
 42973 29539 11185.6195   55   91 11589.3500 10301.5974  11.1%   102 1880s
 43103 29622 10890.5672   50  278 11589.3500 10301.6080  11.1%   102 1888s
 43208 29717 10517.9224   42  221 11589.3500 10301.6080  11.1%   102 1896s
 43331 29840 11182.3706   94   37 11589.3500 10301.9780  11.1%   102 1904s
 43417 29844 10964.2863   82    6 11589.3500 10302.0345  11.1%   102 1905s
 43478 29936     cutoff  120      11589.3500 10302.0649  11.1%   102 1913s
 43592 29999 10798.2379   43  137 11589.3500 10302.2774  11.1%   102 1920s
 43655 30046 11419.4413   63   32 11589.3500 10302.3952  11.1%   102 1927s
 43746 30119     cutoff   76      11589.3500 10302.4001  11.1%   102 1935s
