




arguments: ./build/mirp_solver -f ./input/orig_exec_14.cfg
Current dir: /scratch/gui/bnc_mirp
File verbosity level: 9
date       time         ( uptime  ) [ thread name/id ]                   file:line     v| 
2021-01-09 00:10:02.158 (   0.446s) [main thread     ]             loguru.cpp:789   INFO| Logging to './output/vi_vc/OU/V3/Original/execution_09_01_2021_00_10_02.log', mode: 'a', verbosity: 9
--------------------------------------------------------------------------------
Parameters
                           instance_path           ./input/Instances/Original/1/
                            model_policy                                       1
                             nb_vehicles                                       3
                              output_dir          ./output/vi_vc/OU/V3/Original/
                            sec_strategy                                       1
                       solver_nb_threads                                       2
                         solver_show_log                                    true
                       solver_time_limit                                    3600
                              use_vi_cos                                   false
                              use_vi_cus                                   false
                         use_vi_hc1_full                                   false
                         use_vi_hc1_half                                   false
                      use_vi_hc1_quarter                                   false
                              use_vi_hc2                                   false
                              use_vi_hc3                                   false
                         use_vi_lex_full                                   false
                         use_vi_lex_half                                   false
                      use_vi_lex_quarter                                   false
                              use_vi_qua                                   false
                               use_vi_vc                                    true
                               use_vi_vr                                   false
--------------------------------------------------------------------------------
executing instance: ./input/Instances/Original/1/absH3high_1n5.dat
--------------------------------------------------------------------------------
Instance details
n	6
H	3
C	289
Li:
[0, 0, 0, 0, 0, 0, ]
Ui:
[0, 195, 105, 116, 72, 22, ]
Distance matrix:
|0	85	349	17	203	289	|
|85	0	265	102	214	226	|
|349	265	0	366	368	238	|
|17	102	366	0	207	302	|
|203	214	368	207	0	431	|
|289	226	238	302	431	0	|

--------------------------------------------------------------------------------
Building model...
	using lazy and cut (CVRPSEP package)
Solving IRP LP...
--------------------------------------------------------------------------------

Gurobi 9.1.0 (linux64) logging started Sat Jan  9 00:10:02 2021

Gurobi Optimizer version 9.1.0 build v9.1.0rc0 (linux64)
Thread count: 32 physical cores, 32 logical processors, using up to 2 threads
Optimize a model with 171 rows, 258 columns and 825 nonzeros
Model fingerprint: 0x9717091f
Variable types: 69 continuous, 189 integer (54 binary)
Coefficient statistics:
  Matrix range     [1e+00, 2e+02]
  Objective range  [2e-01, 4e+02]
  Bounds range     [1e+00, 2e+02]
  RHS range        [1e+01, 5e+02]
Presolve removed 36 rows and 21 columns
Presolve time: 0.01s
Presolved: 135 rows, 237 columns, 664 nonzeros
Variable types: 51 continuous, 186 integer (138 binary)
Found heuristic solution: objective 2887.3300000

Root relaxation: objective 1.702923e+03, 225 iterations, 0.00 seconds

    Nodes    |    Current Node    |     Objective Bounds      |     Work
 Expl Unexpl |  Obj  Depth IntInf | Incumbent    BestBd   Gap | It/Node Time

     0     0 1702.92263    0   23 2887.33000 1702.92263  41.0%     -    0s
     0     0 1901.20116    0   25 2887.33000 1901.20116  34.2%     -    0s
     0     0 2080.90446    0   48 2887.33000 2080.90446  27.9%     -    0s
     0     0 2220.49343    0   44 2887.33000 2220.49343  23.1%     -    0s
     0     0 2223.99240    0   54 2887.33000 2223.99240  23.0%     -    0s
     0     0 2224.11080    0   61 2887.33000 2224.11080  23.0%     -    0s
     0     0 2262.58144    0   45 2887.33000 2262.58144  21.6%     -    0s
H    0     0                    2813.3300000 2262.58144  19.6%     -    0s
     0     0 2262.74236    0   39 2813.33000 2262.74236  19.6%     -    0s
     0     0 2289.73917    0   53 2813.33000 2289.73917  18.6%     -    0s
H    0     0                    2809.3300000 2289.73917  18.5%     -    0s
     0     0 2290.29953    0   67 2809.33000 2290.29953  18.5%     -    0s
     0     0 2291.04792    0   69 2809.33000 2291.04792  18.4%     -    0s
     0     0 2291.21913    0   66 2809.33000 2291.21913  18.4%     -    0s
     0     0 2326.67317    0   48 2809.33000 2326.67317  17.2%     -    0s
H    0     0                    2488.0300000 2326.67317  6.49%     -    0s
     0     0 2326.67317    0   48 2488.03000 2326.67317  6.49%     -    0s
     0     0 2340.67771    0   64 2488.03000 2340.67771  5.92%     -    0s
     0     0 2341.50628    0   82 2488.03000 2341.50628  5.89%     -    0s
     0     0 2344.28116    0   82 2488.03000 2344.28116  5.78%     -    0s
     0     0 2344.38960    0   76 2488.03000 2344.38960  5.77%     -    0s
     0     0 2349.46125    0   87 2488.03000 2349.46125  5.57%     -    0s
     0     0 2370.14004    0   82 2488.03000 2370.14004  4.74%     -    0s
     0     0 2370.75573    0   77 2488.03000 2370.75573  4.71%     -    0s
     0     0 2373.33137    0   90 2488.03000 2373.33137  4.61%     -    0s
H    0     0                    2414.0300000 2373.33137  1.69%     -    0s
     0     0 2373.36356    0   90 2414.03000 2373.36356  1.68%     -    0s
     0     0 2374.25297    0   91 2414.03000 2374.25297  1.65%     -    0s
     0     0 2375.05055    0   89 2414.03000 2375.05055  1.61%     -    0s
     0     0 2375.64796    0   36 2414.03000 2375.64796  1.59%     -    0s
     0     0 2375.64796    0   43 2414.03000 2375.64796  1.59%     -    0s
     0     0 2375.64796    0   28 2414.03000 2375.64796  1.59%     -    0s
     0     0 2399.79586    0   27 2414.03000 2399.79586  0.59%     -    0s
     0     0 2400.18047    0   29 2414.03000 2400.18047  0.57%     -    0s
     0     0 2400.67387    0   31 2414.03000 2400.67387  0.55%     -    0s
     0     0 2409.11148    0   26 2414.03000 2409.11148  0.20%     -    0s
     0     0     cutoff    0      2414.03000 2414.03000  0.00%     -    0s

Explored 1 nodes (1357 simplex iterations) in 0.25 seconds
Thread count was 2 (of 32 available processors)

Solution count 5: 2414.03 2488.03 2809.33 ... 2887.33

Optimal solution found (tolerance 1.00e-04)
Best objective 2.414030000000e+03, best bound 2.414030000000e+03, gap 0.0000%

User-callback calls 329, time in user-callback 0.01 sec
================================================================================
executing instance: ./input/Instances/Original/1/absH3high_1n45.dat
--------------------------------------------------------------------------------
Instance details
n	46
H	3
C	3462
Li:
[0, 0, 0, 0, 0, 0, 0, 0, 0, 0, 0, 0, 0, 0, 0, 0, 0, 0, 0, 0, 0, 0, 0, 0, 0, 0, 0, 0, 0, 0, 0, 0, 0, 0, 0, 0, 0, 0, 0, 0, 0, 0, 0, 0, 0, 0, ]
Ui:
[0, 273, 270, 36, 165, 192, 148, 45, 30, 75, 180, 198, 112, 117, 90, 64, 180, 22, 264, 174, 168, 270, 86, 66, 26, 66, 237, 156, 92, 108, 144, 72, 30, 45, 94, 54, 174, 96, 198, 136, 44, 180, 210, 249, 198, 48, ]
Distance matrix:
|0	281	201	160	249	201	93	431	236	139	252	136	116	166	390	110	349	374	303	180	327	464	236	70	44	461	346	439	363	254	312	426	305	206	71	137	169	200	247	260	20	219	256	253	460	278	|
|281	0	448	170	53	142	338	184	121	290	371	390	222	302	111	289	169	434	230	177	238	441	59	212	319	211	86	235	399	306	53	176	99	202	263	157	361	101	370	201	264	344	364	374	469	184	|
|201	448	0	285	430	325	114	556	361	171	191	64	228	174	546	294	453	306	364	289	388	435	393	254	157	585	491	536	318	254	490	554	436	407	266	292	108	388	186	337	207	181	205	190	408	364	|
|160	170	285	0	169	43	182	280	80	120	208	231	58	132	262	230	190	294	151	24	174	345	112	107	183	309	207	280	268	158	219	276	155	235	187	45	192	150	205	107	140	177	202	210	356	119	|
|249	53	430	169	0	152	317	238	145	282	377	369	212	299	157	242	215	452	261	183	273	474	76	181	290	264	140	287	421	320	63	229	145	148	221	142	352	53	374	226	234	346	370	378	498	215	|
|201	142	325	43	152	0	224	237	37	156	230	273	101	164	224	261	148	300	127	38	147	333	83	142	225	266	167	238	270	168	193	233	112	246	221	70	228	148	228	84	180	202	222	232	351	87	|
|93	338	114	182	317	224	0	460	262	92	180	52	124	112	440	199	364	307	292	191	317	415	284	140	57	490	387	452	304	208	377	457	336	297	163	181	84	274	175	256	95	152	188	180	402	280	|
|431	184	556	280	238	237	460	0	199	385	420	508	337	385	108	464	110	429	219	269	206	378	202	365	460	30	98	84	388	340	204	9	126	386	432	294	453	283	421	226	411	404	408	423	422	198	|
|236	121	361	80	145	37	262	199	0	191	255	310	138	197	191	290	114	312	118	72	133	330	69	175	262	229	132	204	279	186	174	195	75	258	251	102	262	153	254	81	216	230	246	257	353	72	|
|139	290	171	120	282	156	92	385	191	0	116	129	71	27	380	246	283	235	201	119	226	329	231	141	129	414	323	367	224	119	336	383	266	308	202	141	72	252	112	169	127	82	118	117	322	195	|
|252	371	191	208	377	230	180	420	255	116	0	187	178	90	443	361	311	127	204	195	224	246	313	257	232	446	382	380	129	81	423	421	320	422	318	242	100	355	5	195	241	34	15	2	225	224	|
|136	390	64	231	369	273	52	508	310	129	187	0	173	141	491	233	409	313	330	239	355	431	335	191	93	538	438	495	316	233	429	505	385	342	203	233	88	325	182	297	143	167	199	187	412	323	|
|116	222	228	58	212	101	124	337	138	71	178	173	0	91	319	206	244	284	187	69	212	357	165	85	130	367	265	333	264	151	267	333	213	244	161	70	140	181	175	145	97	145	177	180	359	165	|
|166	302	174	132	299	164	112	385	197	27	90	141	91	0	388	273	280	208	191	127	215	305	243	167	153	413	329	361	198	96	351	383	270	333	229	159	68	272	86	163	153	56	92	91	296	190	|
|390	111	546	262	157	224	440	108	191	380	443	491	319	388	0	399	164	480	264	261	261	456	156	320	426	125	62	186	442	369	107	99	125	300	374	260	452	210	443	252	372	420	433	446	494	227	|
|110	289	294	230	242	261	199	464	290	246	361	233	206	273	399	0	402	480	382	254	404	562	262	124	143	493	369	490	466	355	302	457	344	135	45	191	279	189	356	337	120	328	364	362	563	348	|
|349	169	453	190	215	148	364	110	114	283	311	409	244	280	164	402	0	324	110	174	101	292	151	289	372	135	109	90	284	230	212	111	70	354	364	216	348	245	312	118	329	295	298	313	330	90	|
|374	434	306	294	452	300	307	429	312	235	127	313	284	208	480	480	324	0	216	274	223	137	380	368	357	448	419	367	40	136	487	432	358	525	436	336	227	443	132	234	361	156	119	127	102	255	|
|303	230	364	151	261	127	292	219	118	201	204	330	187	191	264	382	110	216	0	128	25	213	185	258	314	243	203	176	178	123	282	221	144	372	338	193	256	270	206	45	283	193	191	206	239	46	|
|180	177	289	24	183	38	191	269	72	119	195	239	69	127	261	254	174	274	128	0	151	321	118	130	198	299	204	263	246	139	228	266	147	258	211	68	191	169	193	83	159	166	188	197	333	98	|
|327	238	388	174	273	147	317	206	133	226	224	355	212	215	261	404	101	223	25	151	0	203	198	281	339	228	202	156	184	143	288	209	146	390	362	215	280	286	226	68	308	215	210	226	235	61	|
|464	441	435	345	474	333	415	378	330	329	246	431	357	305	456	562	292	137	213	321	203	0	398	440	458	390	400	301	117	211	492	384	348	578	517	389	344	480	251	251	448	265	233	246	54	259	|
|236	59	393	112	76	83	284	202	69	231	313	335	165	243	156	262	151	380	185	118	198	398	0	167	270	231	110	233	347	250	110	195	85	203	230	103	303	95	311	150	217	284	305	315	422	139	|
|70	212	254	107	181	142	140	365	175	141	257	191	85	167	320	124	289	368	258	130	281	440	167	0	109	394	277	378	349	236	244	359	239	167	81	73	196	135	253	213	53	223	257	258	444	226	|
|44	319	157	183	290	225	57	460	262	129	232	93	130	153	426	143	372	357	314	198	339	458	270	109	0	490	379	462	351	247	353	456	334	250	110	168	140	243	226	274	56	201	238	232	449	294	|
|461	211	585	309	264	266	490	30	229	414	446	538	367	413	125	493	135	448	243	299	228	390	231	394	490	0	125	89	408	365	226	36	156	412	462	324	481	311	447	253	441	430	433	448	436	225	|
|346	86	491	207	140	167	387	98	132	323	382	438	265	329	62	369	109	419	203	204	202	400	110	277	379	125	0	155	381	307	113	90	63	288	339	211	394	186	382	190	327	359	371	384	436	165	|
|439	235	536	280	287	238	452	84	204	367	380	495	333	361	186	490	90	367	176	263	156	301	233	378	462	89	155	0	326	299	267	92	148	432	454	306	429	325	382	199	419	369	366	382	348	172	|
|363	399	318	268	421	270	304	388	279	224	129	316	264	198	442	466	284	40	178	246	184	117	347	349	351	408	381	326	0	113	452	391	321	502	422	311	229	415	134	199	348	152	118	130	98	219	|
|254	306	254	158	320	168	208	340	186	119	81	233	151	96	369	355	230	136	123	139	143	211	250	236	247	365	307	299	113	0	359	340	244	390	310	200	148	308	83	117	238	74	68	83	208	145	|
|312	53	490	219	63	193	377	204	174	336	423	429	267	351	107	302	212	487	282	228	288	492	110	244	353	226	113	267	452	359	0	195	145	194	283	199	407	115	421	254	296	394	415	425	521	237	|
|426	176	554	276	229	233	457	9	195	383	421	505	333	383	99	457	111	432	221	266	209	384	195	359	456	36	90	92	391	340	195	0	122	378	426	289	451	275	421	226	406	404	408	423	427	197	|
|305	99	436	155	145	112	336	126	75	266	320	385	213	270	125	344	70	358	144	147	146	348	85	239	334	156	63	148	321	244	145	122	0	286	310	168	336	177	320	128	285	298	309	322	381	103	|
|206	202	407	235	148	246	297	386	258	308	422	342	244	333	300	135	354	525	372	258	390	578	203	167	250	412	288	432	502	390	194	378	286	0	144	191	362	109	418	329	202	388	421	423	591	329	|
|71	263	266	187	221	221	163	432	251	202	318	203	161	229	374	45	364	436	338	211	362	517	230	81	110	462	339	454	422	310	283	426	310	144	0	150	239	168	313	294	77	285	321	319	518	306	|
|137	157	292	45	142	70	181	294	102	141	242	233	70	159	260	191	216	336	193	68	215	389	103	73	168	324	211	306	311	200	199	289	168	191	150	0	210	113	239	148	117	210	238	244	400	157	|
|169	361	108	192	352	228	84	453	262	72	100	88	140	68	452	279	348	227	256	191	280	344	303	196	140	481	394	429	229	148	407	451	336	362	239	210	0	318	95	231	164	79	111	100	325	258	|
|200	101	388	150	53	148	274	283	153	252	355	325	181	272	210	189	245	443	270	169	286	480	95	135	243	311	186	325	415	308	115	275	177	109	168	113	318	0	352	230	187	323	351	357	498	225	|
|247	370	186	205	374	228	175	421	254	112	5	182	175	86	443	356	312	132	206	193	226	251	311	253	226	447	382	382	134	83	421	421	320	418	313	239	95	352	0	196	237	30	19	6	230	224	|
|260	201	337	107	226	84	256	226	81	169	195	297	145	163	252	337	118	234	45	83	68	251	150	213	274	253	190	199	199	117	254	226	128	329	294	148	231	230	196	0	240	178	184	198	272	29	|
|20	264	207	140	234	180	95	411	216	127	241	143	97	153	372	120	329	361	283	159	308	448	217	53	56	441	327	419	348	238	296	406	285	202	77	117	164	187	237	240	0	208	245	242	446	257	|
|219	344	181	177	346	202	152	404	230	82	34	167	145	56	420	328	295	156	193	166	215	265	284	223	201	430	359	369	152	74	394	404	298	388	285	210	79	323	30	178	208	0	37	35	250	206	|
|256	364	205	202	370	222	188	408	246	118	15	199	177	92	433	364	298	119	191	188	210	233	305	257	238	433	371	366	118	68	415	408	309	421	321	238	111	351	19	184	245	37	0	17	214	212	|
|253	374	190	210	378	232	180	423	257	117	2	187	180	91	446	362	313	127	206	197	226	246	315	258	232	448	384	382	130	83	425	423	322	423	319	244	100	357	6	198	242	35	17	0	225	226	|
|460	469	408	356	498	351	402	422	353	322	225	412	359	296	494	563	330	102	239	333	235	54	422	444	449	436	436	348	98	208	521	427	381	591	518	400	325	498	230	272	446	250	214	225	0	285	|
|278	184	364	119	215	87	280	198	72	195	224	323	165	190	227	348	90	255	46	98	61	259	139	226	294	225	165	172	219	145	237	197	103	329	306	157	258	225	224	29	257	206	212	226	285	0	|

--------------------------------------------------------------------------------
Building model...
	using lazy and cut (CVRPSEP package)
Solving IRP LP...
--------------------------------------------------------------------------------

Gurobi 9.1.0 (linux64) logging started Sat Jan  9 00:10:02 2021

Gurobi Optimizer version 9.1.0 build v9.1.0rc0 (linux64)
Thread count: 32 physical cores, 32 logical processors, using up to 2 threads
Optimize a model with 1291 rows, 10318 columns and 23305 nonzeros
Model fingerprint: 0xfed183f2
Variable types: 589 continuous, 9729 integer (414 binary)
Coefficient statistics:
  Matrix range     [1e+00, 1e+03]
  Objective range  [1e-01, 6e+02]
  Bounds range     [1e+00, 3e+02]
  RHS range        [1e+01, 6e+03]
Presolve removed 259 rows and 121 columns
Presolve time: 0.12s
Presolved: 1032 rows, 10197 columns, 22080 nonzeros
Variable types: 443 continuous, 9754 integer (9324 binary)

Root relaxation: objective 1.306174e+04, 1041 iterations, 0.03 seconds

    Nodes    |    Current Node    |     Objective Bounds      |     Work
 Expl Unexpl |  Obj  Depth IntInf | Incumbent    BestBd   Gap | It/Node Time

     0     0 13061.7393    0  108          - 13061.7393      -     -    0s
     0     0 13374.6821    0  155          - 13374.6821      -     -    0s
     0     0 13374.6821    0  149          - 13374.6821      -     -    0s
     0     0 13866.9417    0  195          - 13866.9417      -     -    1s
     0     0 13976.8263    0  205          - 13976.8263      -     -    1s
     0     0 13980.6504    0  232          - 13980.6504      -     -    1s
     0     0 13980.8657    0  238          - 13980.8657      -     -    1s
     0     0 14069.5435    0  259          - 14069.5435      -     -    1s
     0     0 14074.2063    0  166          - 14074.2063      -     -    1s
     0     0 14074.9709    0  191          - 14074.9709      -     -    1s
     0     0 14136.5800    0  321          - 14136.5800      -     -    2s
     0     0 14152.6828    0  268          - 14152.6828      -     -    2s
     0     0 14153.1854    0  298          - 14153.1854      -     -    2s
     0     0 14205.3777    0  329          - 14205.3777      -     -    2s
     0     0 14221.3167    0  302          - 14221.3167      -     -    3s
     0     0 14269.6388    0  319          - 14269.6388      -     -    3s
     0     0 14301.3639    0  325          - 14301.3639      -     -    3s
     0     0 14304.5525    0  326          - 14304.5525      -     -    3s
     0     0 14304.7877    0  360          - 14304.7877      -     -    3s
     0     0 14326.6724    0  283          - 14326.6724      -     -    3s
     0     0 14329.0258    0  361          - 14329.0258      -     -    4s
     0     0 14330.1434    0  352          - 14330.1434      -     -    4s
     0     0 14342.9339    0  253          - 14342.9339      -     -    4s
     0     0 14345.3376    0  368          - 14345.3376      -     -    4s
     0     0 14345.7458    0  373          - 14345.7458      -     -    4s
     0     0 14363.0427    0  281          - 14363.0427      -     -    5s
     0     0 14363.0427    0  204          - 14363.0427      -     -    5s
     0     2 14363.0427    0  204          - 14363.0427      -     -    6s
    36    39 14462.2095   12  264          - 14402.9709      -   377   10s
   112   124 14842.2469   30  215          - 14402.9709      -   295   15s
   272   293 15075.7864   66  143          - 14402.9709      -   187   20s
   479   495 15779.2667  105  109          - 14402.9709      -   130   25s
   680   649 15894.8486  152   36          - 14402.9709      -   108   30s
   787   724 17057.9550  193  325          - 14402.9709      -   100   35s
   803   735 15193.1325   65  501          - 14460.5460      -  97.9   40s
   812   741 18052.4803  243  489          - 14475.4397      -  96.8   45s
   822   748 15232.4448   82  542          - 14501.0205      -  95.7   51s
   828   752 17849.4662  220  542          - 14502.0654      -  95.0   55s
   834   759 14504.7943   12  402          - 14504.3746      -   120   60s
   860   776 14524.7190   18  463          - 14510.0348      -   137   65s
   905   808 14586.5055   27  444          - 14519.0763      -   148   70s
   951   843 14651.6262   35  436          - 14519.0763      -   157   75s
  1004   888 14677.8150   40  427          - 14519.0763      -   159   80s
  1128   955 14721.7608   46  333          - 14519.0763      -   151   85s
H 1167   917                    16702.610000 14519.0763  13.1%   148   86s
* 1172   878             138    16695.940000 14519.0763  13.0%   147   86s
* 1173   844             139    16690.200000 14519.0763  13.0%   147   86s
* 1175   810             140    16684.420000 14519.0763  13.0%   147   86s
  1194   821 14752.9170   53  408 16684.4200 14519.0763  13.0%   150   90s
  1209   830 14787.5847   57  415 16684.4200 14519.0763  13.0%   154   99s
  1213   832 14891.6365   58  375 16684.4200 14519.0763  13.0%   155  100s
  1242   855 14893.2447   67  332 16684.4200 14519.0763  13.0%   163  105s
  1282   883 14999.5136   79  245 16684.4200 14519.0763  13.0%   169  110s
  1328   918 15175.4618   94  184 16684.4200 14519.0763  13.0%   173  115s
  1356   930 14808.7053   48  234 16684.4200 14519.0763  13.0%   173  120s
  1396   976 15466.6273  118  153 16684.4200 14519.0763  13.0%   174  125s
  1460  1036 15796.6853  140   96 16684.4200 14519.0763  13.0%   174  132s
  1503  1060 16255.9036  157   73 16684.4200 14519.0763  13.0%   172  135s
  1549  1041     cutoff  176      16684.4200 14521.7591  13.0%   170  146s
  1571  1062 14613.1447   20  537 16684.4200 14521.7591  13.0%   171  150s
  1601  1091 14641.3356   21  571 16684.4200 14521.7591  13.0%   174  155s
  1667  1138 14694.1840   31  375 16684.4200 14521.7591  13.0%   175  162s
  1696  1179 14721.7209   35  298 16684.4200 14521.7591  13.0%   175  166s
  1747  1191 14735.0978   37  279 16684.4200 14521.7591  13.0%   172  170s
  1841  1187 14765.2052   45  326 16684.4200 14521.7591  13.0%   168  176s
  1871  1206 14839.0781   52  329 16684.4200 14521.7591  13.0%   172  181s
  1908  1228 14982.9953   64  211 16684.4200 14521.7591  13.0%   175  188s
  1918  1268 15004.0676   68  166 16684.4200 14521.7591  13.0%   176  191s
  1962  1299 15197.2530   82   71 16684.4200 14521.7591  13.0%   176  195s
  2074  1405 15227.9408  122   66 16684.4200 14521.7591  13.0%   174  203s
  2151  1536 15836.3693  137   50 16684.4200 14521.7591  13.0%   173  212s
  2314  1571 16262.2143  183   12 16684.4200 14522.0016  13.0%   166  218s
  2438  1583 14797.9809   24  193 16684.4200 14522.0016  13.0%   162  222s
  2482  1679 14826.0280   26  234 16684.4200 14522.0016  13.0%   161  227s
  2641  1671 14963.2219   32  303 16684.4200 14522.0016  13.0%   156  232s
  2698  1688 15046.6075   35  163 16684.4200 14522.0016  13.0%   156  236s
  2722  1720 15101.2351   41  149 16684.4200 14522.0016  13.0%   157  240s
  2754  1726 15164.9299   49  155 16684.4200 14522.0016  13.0%   158  250s
  2809  1832 15247.7664   62  144 16684.4200 14522.0016  13.0%   158  264s
  2846  1832 15449.0427   81  170 16684.4200 14522.0016  13.0%   158  265s
  2908  1928 15654.0938  105    4 16684.4200 14522.0016  13.0%   157  270s
  2985  2018 15998.4871  104   57 16684.4200 14522.0016  13.0%   156  275s
  3081  2064 16555.7517  137   41 16684.4200 14529.8524  12.9%   156  281s
  3156  2105 14576.5071   17  605 16684.4200 14529.8524  12.9%   156  285s
  3196  2179 14649.5345   25  575 16684.4200 14529.8524  12.9%   157  291s
  3291  2209 14699.3781   28  500 16684.4200 14529.8524  12.9%   156  296s
  3324  2243 14774.1308   36  365 16684.4200 14529.8524  12.9%   158  301s
  3354  2283 14783.9585   45  301 16684.4200 14529.8524  12.9%   160  306s
  3394  2366 14887.0186   56  216 16684.4200 14529.8524  12.9%   162  311s
  3477  2494 14993.2483   78  156 16684.4200 14529.8524  12.9%   163  319s
  3533  2494 15824.4006   56  127 16684.4200 14529.8524  12.9%   163  320s
  3640  2620 15239.2667   95   82 16684.4200 14535.5345  12.9%   160  328s
  3789  2730 15993.2829  136   29 16684.4200 14557.7007  12.7%   159  337s
  3921  2764     cutoff  149      16684.4200 14564.6837  12.7%   158  346s
  3957  2887 14999.4465   37  204 16684.4200 14564.6837  12.7%   160  353s
  4080  2990 15775.0671   96   96 16684.4200 14570.5082  12.7%   159  361s
  4208  3014 14729.1061   26  460 16684.4200 14570.5082  12.7%   158  369s
  4236  3130 14811.9166   32  304 16684.4200 14570.5082  12.7%   160  377s
  4364  3176 14910.6086   40  248 16684.4200 14570.5082  12.7%   159  385s
  4406  3229 15089.9583   54  196 16684.4200 14570.5082  12.7%   162  392s
  4459  3342 15296.5619   70   77 16684.4200 14570.5082  12.7%   164  401s
  4574  3456 15837.1763  116   19 16684.4200 14576.8898  12.6%   165  411s
  4723  3564     cutoff  166      16684.4200 14583.0116  12.6%   164  422s
  4828  3780 15018.3875   40  182 16684.4200 14583.0381  12.6%   165  434s
  4870  3780 15292.1151   82   67 16684.4200 14583.0381  12.6%   164  435s
  5126  3853     cutoff  126      16684.4200 14584.6486  12.6%   160  445s
  5192  4007 15496.5958   58  109 16684.4200 14586.4528  12.6%   162  455s
  5389  4134 16585.9900  109    - 16684.4200 14588.1149  12.6%   160  467s
  5519  4171     cutoff  109      16684.4200 14588.2430  12.6%   161  477s
  5560  4231 14908.1509   23  318 16684.4200 14588.8478  12.6%   163  486s
  5620  4358 14932.6485   38  250 16684.4200 14588.8478  12.6%   166  497s
  5759  4476 15288.0803   70   59 16684.4200 14588.8478  12.6%   167  537s
  5909  4612 15095.4673   73   63 16684.4200 14589.5630  12.6%   165  549s
  5973  4613 15456.7943  108   25 16684.4200 14589.5630  12.6%   164  550s
  6132  4748 16486.1060  129   38 16684.4200 14592.4949  12.5%   163  561s
  6265  4793     cutoff  143      16684.4200 14596.4672  12.5%   163  573s
  6316  4911 15073.9085   35  325 16684.4200 14597.0374  12.5%   166  585s
  6434  5148 15770.6286   53  199 16684.4200 14598.1946  12.5%   167  599s
  6518  5148 16467.0373   87   16 16684.4200 14598.1946  12.5%   166  600s
  6735  5232     cutoff  101      16684.4200 14599.1988  12.5%   164  612s
  6823  5427 15461.6484   58  153 16684.4200 14599.2464  12.5%   165  625s
  7086  5560 16103.2787   94   43 16684.4200 14607.7826  12.4%   163  640s
  7245  5683     cutoff  133      16684.4200 14608.9189  12.4%   163  655s
  7403  5777 15847.0504   71  202 16684.4200 14611.0472  12.4%   163  671s
  7523  5895 15017.0358   28  332 16684.4200 14612.3910  12.4%   164  687s
  7635  6089 15308.0372   44  119 16684.4200 14612.5046  12.4%   166  703s
  7778  6089 16043.7947   58  119 16684.4200 14612.9354  12.4%   166  705s
  7868  6279 14886.2734   32  269 16684.4200 14613.1816  12.4%   166  720s
  8093  6453 16207.3139  115  102 16684.4200 14618.1172  12.4%   165  739s
  8186  6466 15603.8563   48  130 16684.4200 14618.1172  12.4%   164  740s
  8332  6636 infeasible  146      16684.4200 14620.2457  12.4%   164  757s
  8533  6796 16245.2292   91   57 16684.4200 14620.6233  12.4%   164  773s
  8657  6796 infeasible  135      16684.4200 14620.6233  12.4%   164  775s
  8725  6948 14655.6761   19  494 16684.4200 14623.3999  12.4%   164  791s
  8932  7102 14766.0484   25  226 16684.4200 14623.3999  12.4%   164  807s
  9085  7242 15126.4394   36  116 16684.4200 14625.3821  12.3%   165  824s
  9117  7242 15974.3969   51  160 16684.4200 14625.3821  12.3%   165  825s
  9272  7422 14905.2867   28  387 16684.4200 14625.7102  12.3%   165  840s
  9514  7592 infeasible  148      16684.4200 14628.9584  12.3%   165  858s
  9737  7644 16633.6200  103    - 16684.4200 14631.0896  12.3%   165  873s
  9778  7766 14962.9286   24  275 16684.4200 14631.1568  12.3%   167  888s
  9888  7769 15679.0700   62   14 16684.4200 14631.1568  12.3%   169  890s
  9915  7970 15605.0136   46  237 16684.4200 14631.4542  12.3%   168  907s
 10184  8051     cutoff   92      16684.4200 14631.7265  12.3%   167  929s
 10258  8242 14814.6403   24  352 16684.4200 14632.4068  12.3%   167  945s
 10478  8416 15004.8630   30  261 16684.4200 14633.2361  12.3%   167  962s
 10697  8433 16074.7300   86    8 16684.4200 14633.2495  12.3%   166  965s
 10717  8555     cutoff  136      16684.4200 14635.2600  12.3%   166  978s
 10880  8699 16327.7762   95  106 16684.4200 14635.7024  12.3%   166  995s
 11043  8898 15628.3497   48  164 16684.4200 14637.1488  12.3%   167 1013s
 11219  8907 15758.0196   99   38 16684.4200 14637.1488  12.3%   165 1015s
*11257  8150             111    16430.550000 14637.1496  10.9%   165 1015s
 11298  8267 16078.4240  126   16 16430.5500 14638.3291  10.9%   166 1030s
*11306  7987             134    16334.430000 14638.3291  10.4%   165 1030s
 11482  8062 15428.4996   86  146 16334.4300 14639.0565  10.4%   165 1046s
 11599  8140 14830.9092   41  353 16334.4300 14639.8672  10.4%   166 1061s
 11666  8221 14881.0945   43  308 16334.4300 14639.8672  10.4%   168 1075s
 11747  8339 14972.2127   49  251 16334.4300 14639.8672  10.4%   169 1092s
 11865  8624 15277.3483   64  165 16334.4300 14639.8672  10.4%   170 1109s
 11886  8624 15156.6009   70  193 16334.4300 14639.8672  10.4%   170 1110s
 12150  8834 15455.3155   91  110 16334.4300 14639.9199  10.4%   170 1129s
 12171  8834 15565.5998   97   56 16334.4300 14639.9199  10.4%   169 1130s
 12434  9016     cutoff  132      16334.4300 14641.2239  10.4%   169 1147s
 12643  9061 14769.8936   23  451 16334.4300 14641.4194  10.4%   168 1163s
 12688  9140 15230.4574   35  324 16334.4300 14641.4194  10.4%   170 1178s
 12767  9263 15904.8880   52  206 16334.4300 14642.6515  10.4%   171 1196s
 12926  9453 15345.8065   54  107 16334.4300 14642.9005  10.4%   171 1215s
 13178  9583 15043.9479   36  365 16334.4300 14643.2819  10.4%   170 1233s
 13278  9583 16010.0023   78   20 16334.4300 14643.2819  10.4%   171 1235s
 13317  9781 15498.1133   64   21 16334.4300 14643.3941  10.4%   171 1253s
 13444  9796 15757.4246  111   13 16334.4300 14643.3941  10.4%   170 1255s
 13660 10058     cutoff  156      16334.4300 14644.4676  10.3%   169 1273s
 13823 10062 16084.3873  119   21 16334.4300 14644.7257  10.3%   169 1275s
 13940 10192 15708.3416  111   11 16334.4300 14645.7133  10.3%   168 1292s
 14102 10291     cutoff  174      16334.4300 14647.1622  10.3%   168 1310s
 14272 10447     cutoff  171      16334.4300 14647.4011  10.3%   168 1328s
 14455 10590     cutoff   92      16334.4300 14647.6925  10.3%   168 1346s
 14624 10726 15338.2019   52  117 16334.4300 14648.4881  10.3%   168 1364s
 14708 10732 15302.6013   44  106 16334.4300 14648.4881  10.3%   168 1365s
 14780 10820     cutoff   91      16334.4300 14648.8095  10.3%   168 1380s
 14900 10946     cutoff   95      16334.4300 14649.7162  10.3%   169 1398s
 15037 11059 15368.5985   63  123 16334.4300 14650.8517  10.3%   169 1415s
 15180 11218     cutoff  114      16334.4300 14651.0914  10.3%   169 1434s
 15230 11218 15569.2048   72   44 16334.4300 14651.0914  10.3%   169 1435s
 15391 11356     cutoff  110      16334.4300 14651.4577  10.3%   169 1454s
 15417 11356 15113.9558   51  233 16334.4300 14651.4577  10.3%   169 1455s
 15548 11469 14822.9947   26  312 16334.4300 14651.8097  10.3%   169 1473s
 15667 11545 15046.2599   38  242 16334.4300 14651.8097  10.3%   169 1491s
 15746 11694 15217.7570   48  229 16334.4300 14651.8097  10.3%   170 1509s
 15830 11694 15709.3399   85   24 16334.4300 14651.8097  10.3%   170 1510s
 15907 11897 15838.7037   94   49 16334.4300 14655.3211  10.3%   171 1528s
 16116 11921 14917.2969   37  157 16334.4300 14655.4884  10.3%   170 1530s
 16178 12126 16210.9300  143    - 16334.4300 14655.5105  10.3%   170 1546s
 16418 12191     cutoff  143      16334.4300 14655.7278  10.3%   169 1565s
 16483 12389 15049.1837   47  158 16334.4300 14656.8041  10.3%   170 1585s
 16720 12490 14759.6161   29  540 16334.4300 14656.8041  10.3%   170 1603s
 16816 12667 15094.9580   43  236 16334.4300 14656.8041  10.3%   170 1630s
 17048 12818 15293.6537   73  194 16334.4300 14657.8108  10.3%   170 1648s
 17197 12830 16315.1967  123   10 16334.4300 14657.8108  10.3%   169 1650s
H17213 12430                    16254.430000 14658.6797  9.82%   169 1650s
 17233 12475 14820.1971   20  336 16254.4300 14658.6797  9.82%   170 1665s
 17285 12574 15153.4163   30  360 16254.4300 14658.6797  9.82%   171 1683s
 17395 12740 15540.5824   40  177 16254.4300 14659.0900  9.81%   171 1703s
 17603 12904 15881.7220   60  137 16254.4300 14659.6586  9.81%   171 1721s
 17803 13053 16094.9300   74   15 16254.4300 14660.4414  9.81%   171 1739s
 17862 13058 15379.1274   75   38 16254.4300 14660.4414  9.81%   171 1740s
 17960 13191 15413.9019   76   38 16254.4300 14660.7468  9.80%   171 1755s
 18116 13384 15503.0339   86   20 16254.4300 14660.9709  9.80%   171 1773s
 18360 13438     cutoff  125      16254.4300 14662.1550  9.80%   170 1792s
H18363 12188                    16074.350000 14662.1550  8.79%   170 1792s
 18409 12249 15119.5970   32  192 16074.3500 14663.3596  8.78%   171 1808s
 18470 12328 15435.7770   50  175 16074.3500 14665.0990  8.77%   172 1824s
 18491 12328 15831.3506   60   88 16074.3500 14665.0990  8.77%   172 1825s
 18594 12330 14828.9946   28  435 16074.3500 14665.2746  8.77%   172 1844s
 18596 12367 14850.9390   28  495 16074.3500 14665.2746  8.77%   172 1859s
 18633 12436 14942.1704   36  298 16074.3500 14665.2746  8.77%   173 1875s
 18702 12599 15279.2201   54  113 16074.3500 14665.2746  8.77%   174 1893s
 18934 12626 15669.1700  113    - 16074.3500 14665.2746  8.77%   174 1895s
 18944 12707     cutoff  107      16074.3500 14665.8393  8.76%   174 1911s
 19055 12837 15921.4650   70   11 16074.3500 14665.9537  8.76%   174 1929s
 19082 12837 15016.1572   43  320 16074.3500 14665.9537  8.76%   174 1930s
 19200 13046 15143.7219   57  161 16074.3500 14666.9716  8.76%   174 1950s
 19432 13228     cutoff  105      16074.3500 14667.0860  8.75%   174 1970s
 19673 13345 15058.8954   46  268 16074.3500 14667.7749  8.75%   173 1989s
 19812 13462 15011.7427   31  212 16074.3500 14668.2682  8.75%   174 2007s
 19959 13542 15360.2043   38  448 16074.3500 14668.5665  8.75%   174 2025s
 20063 13690 15128.7297   44  270 16074.3500 14668.9104  8.74%   174 2045s
 20243 13877     cutoff  139      16074.3500 14669.4940  8.74%   174 2063s
 20462 13907     cutoff  124      16074.3500 14669.5712  8.74%   174 2082s
 20509 13944 14978.1690   45  315 16074.3500 14669.6692  8.74%   174 2098s
 20546 14021 15045.3795   52  282 16074.3500 14669.6692  8.74%   175 2114s
 20623 14164 15289.8703   68  147 16074.3500 14669.6692  8.74%   176 2133s
 20779 14304 15369.3258   95   79 16074.3500 14669.9317  8.74%   176 2152s
 20940 14502 15761.1511  102   81 16074.3500 14670.2999  8.73%   176 2173s
 21073 14508 15583.3997  105   11 16074.3500 14670.2999  8.73%   176 2175s
 21192 14643     cutoff  118      16074.3500 14671.4069  8.73%   175 2194s
 21345 14721 15776.1528   79  123 16074.3500 14672.7849  8.72%   176 2213s
 21437 14790     cutoff  100      16074.3500 14673.3435  8.72%   176 2231s
 21517 14888 15376.8364   49  215 16074.3500 14673.7876  8.71%   177 2250s
 21652 14985     cutoff   79      16074.3500 14674.2579  8.71%   177 2267s
 21787 15012     cutoff   79      16074.3500 14675.2054  8.70%   177 2285s
 21817 15049 14993.3060   33  429 16074.3500 14675.5452  8.70%   178 2301s
 21854 15087 15436.2901   42  248 16074.3500 14675.5452  8.70%   179 2318s
 21892 15197 15649.7764   49  347 16074.3500 14675.5560  8.70%   179 2339s
 21988 15197 15858.2435   53   90 16074.3500 14675.7558  8.70%   179 2340s
 22028 15256 14970.5529   31  253 16074.3500 14675.7571  8.70%   179 2357s
 22095 15369 15206.9828   36  218 16074.3500 14676.3044  8.70%   180 2375s
 22243 15491 15045.9062   41  263 16074.3500 14677.2178  8.69%   180 2394s
 22289 15491 15875.9664   87   33 16074.3500 14677.2178  8.69%   180 2395s
 22394 15548 16045.0979   91   28 16074.3500 14677.6216  8.69%   180 2413s
 22469 15631 15342.9324   46  199 16074.3500 14678.1644  8.69%   181 2434s
 22528 15631     cutoff   92      16074.3500 14678.2341  8.69%   181 2435s
 22591 15711 14918.1490   48  307 16074.3500 14678.4815  8.68%   181 2453s
 22685 15796 14883.4209   32  292 16074.3500 14678.5415  8.68%   181 2471s
 22804 15939     cutoff   94      16074.3500 14679.0718  8.68%   182 2492s
 22970 16073 15648.3080   58  104 16074.3500 14679.0801  8.68%   182 2513s
 23160 16181 15357.3168   41  155 16074.3500 14679.5422  8.68%   182 2534s
 23243 16185 15870.1573  166   23 16074.3500 14679.5518  8.68%   182 2535s
 23281 16249     cutoff   92      16074.3500 14680.0288  8.67%   182 2554s
 23361 16354 15303.1460   40  330 16074.3500 14680.5848  8.67%   182 2573s
 23494 16542 15063.8674   34  245 16074.3500 14680.6254  8.67%   182 2761s
 23692 16656 15461.1500   82    - 16074.3500 14680.9314  8.67%   182 2784s
 23734 16659 15956.4678   97    7 16074.3500 14680.9314  8.67%   182 2785s
 23876 16796 15974.2184  107   47 16074.3500 14682.6015  8.66%   182 2807s
 24050 16852     cutoff  119      16074.3500 14683.7591  8.65%   182 2827s
 24112 16962 15182.8517   33  430 16074.3500 14684.5396  8.65%   183 2846s
 24249 17013 15985.2017   76   22 16074.3500 14685.0011  8.64%   183 2865s
 24314 17136 15212.9764   50  163 16074.3500 14686.2097  8.64%   183 2888s
 24398 17148 15278.2836   97   12 16074.3500 14686.2097  8.64%   183 2890s
 24506 17260 15969.8200  130   12 16074.3500 14686.8453  8.63%   183 2909s
 24533 17263 15082.5515   43  173 16074.3500 14686.8453  8.63%   183 2910s
 24608 17404     cutoff  132      16074.3500 14687.1916  8.63%   183 2932s
 24781 17570 15492.2785   72  176 16074.3500 14687.5495  8.63%   183 2952s
 24965 17713 15352.6938   61  144 16074.3500 14688.1234  8.62%   183 2975s
 25135 17774     cutoff   93      16074.3500 14688.9307  8.62%   183 2998s
 25209 17817 15526.7352   50  211 16074.3500 14689.1457  8.62%   184 3019s
 25267 17939 15067.1106   35  275 16074.3500 14689.4923  8.62%   184 3039s
 25305 17939 15596.2110   73  133 16074.3500 14689.4923  8.62%   184 3040s
 25403 18080 14795.6218   28  468 16074.3500 14689.5908  8.61%   184 3061s
 25613 18139 14821.7398   32  486 16074.3500 14689.9193  8.61%   184 3081s
 25664 18193 15679.4772   66  135 16074.3500 14690.5870  8.61%   185 3102s
 25729 18257 15023.7551   28  272 16074.3500 14690.9693  8.61%   185 3120s
 25792 18326 15512.8219   40  282 16074.3500 14690.9693  8.61%   186 3140s
 25861 18432 15720.5154   46  132 16074.3500 14690.9693  8.61%   187 3163s
 25967 18652 15787.6261   48  109 16074.3500 14690.9868  8.61%   187 3187s
 26274 18754 14904.6637   29  250 16074.3500 14691.5049  8.60%   186 3211s
 26410 18833 15025.3693   34  212 16074.3500 14692.0427  8.60%   186 3233s
 26473 18950 15175.9339   68   92 16074.3500 14692.1374  8.60%   187 3254s
 26495 18950 15258.0450   81   89 16074.3500 14692.1374  8.60%   187 3255s
 26645 19021     cutoff  118      16074.3500 14692.1990  8.60%   187 3276s
 26723 19105 14853.4740   27  462 16074.3500 14692.1990  8.60%   187 3296s
 26807 19217 15592.0460   61  245 16074.3500 14692.4025  8.60%   188 3318s
 26949 19228 15134.0259   40  346 16074.3500 14692.5061  8.60%   188 3343s
 26960 19355 15509.0278   50  300 16074.3500 14692.5061  8.60%   188 3362s
 27125 19446     cutoff   91      16074.3500 14692.8897  8.59%   188 3387s
 27228 19545 15229.0357   35  360 16074.3500 14693.2932  8.59%   188 3409s
 27270 19545 15738.1215   77   69 16074.3500 14693.2932  8.59%   188 3410s
 27351 19707 15099.6526   33   61 16074.3500 14693.3527  8.59%   188 3435s
 27557 19858     cutoff  103      16074.3500 14693.5335  8.59%   188 3458s
 27733 19947 14851.4361   31  446 16074.3500 14693.8750  8.59%   188 3480s
 27850 20075 16031.2250   80   72 16074.3500 14693.9957  8.59%   188 3500s
 27998 20139 15619.4094   61   75 16074.3500 14694.3424  8.59%   189 3521s
 28076 20252 15106.2645   37  298 16074.3500 14694.4637  8.58%   189 3541s
 28190 20408 15260.5393   52  139 16074.3500 14694.7599  8.58%   189 3565s
 28412 20518     cutoff  126      16074.3500 14695.5902  8.58%   189 3587s
