




arguments: ./build/mirp_solver -f ./input/orig_exec_53.cfg
Current dir: /scratch/gui/bnc_mirp
File verbosity level: 9
date       time         ( uptime  ) [ thread name/id ]                   file:line     v| 
2021-01-09 04:56:02.871 (   0.174s) [main thread     ]             loguru.cpp:789   INFO| Logging to './output/vi_vc/OU/V3/Original/execution_09_01_2021_04_56_02.log', mode: 'a', verbosity: 9
--------------------------------------------------------------------------------
Parameters
                           instance_path           ./input/Instances/Original/2/
                            model_policy                                       1
                             nb_vehicles                                       3
                              output_dir          ./output/vi_vc/OU/V3/Original/
                            sec_strategy                                       1
                       solver_nb_threads                                       2
                         solver_show_log                                    true
                       solver_time_limit                                    3600
                              use_vi_cos                                   false
                              use_vi_cus                                   false
                         use_vi_hc1_full                                   false
                         use_vi_hc1_half                                   false
                      use_vi_hc1_quarter                                   false
                              use_vi_hc2                                   false
                              use_vi_hc3                                   false
                         use_vi_lex_full                                   false
                         use_vi_lex_half                                   false
                      use_vi_lex_quarter                                   false
                              use_vi_qua                                   false
                               use_vi_vc                                    true
                               use_vi_vr                                   false
--------------------------------------------------------------------------------
executing instance: ./input/Instances/Original/2/absH3high_3n40.dat
--------------------------------------------------------------------------------
Instance details
n	41
H	3
C	3283
Li:
[0, 0, 0, 0, 0, 0, 0, 0, 0, 0, 0, 0, 0, 0, 0, 0, 0, 0, 0, 0, 0, 0, 0, 0, 0, 0, 0, 0, 0, 0, 0, 0, 0, 0, 0, 0, 0, 0, 0, 0, 0, ]
Ui:
[0, 63, 111, 99, 96, 111, 282, 122, 156, 261, 42, 192, 126, 42, 162, 207, 159, 122, 102, 190, 118, 102, 132, 102, 165, 252, 66, 52, 22, 114, 210, 176, 116, 294, 78, 152, 210, 45, 130, 198, 174, ]
Distance matrix:
|0	208	225	252	227	143	258	127	267	150	28	83	163	286	57	149	201	137	214	255	70	73	107	186	328	266	249	343	222	177	293	144	262	215	167	120	169	218	143	173	255	|
|208	0	397	355	416	198	216	99	211	275	193	172	97	166	240	225	362	109	277	314	182	216	273	374	298	208	319	161	14	103	93	120	58	196	152	156	372	227	260	218	453	|
|225	397	0	427	53	364	482	343	492	129	253	225	382	386	171	188	39	291	187	195	295	182	282	55	326	491	180	551	408	315	457	366	455	275	392	244	221	439	341	214	101	|
|252	355	427	0	401	158	201	263	219	396	234	328	259	498	299	400	420	354	465	506	205	324	152	374	574	219	499	393	366	389	446	235	378	456	205	359	224	150	111	423	400	|
|227	416	53	401	0	357	477	352	489	165	253	245	389	424	179	223	85	315	234	245	293	200	264	42	375	488	231	565	428	344	484	370	474	314	392	270	184	430	325	252	50	|
|143	198	364	158	357	0	121	105	134	290	116	196	103	342	200	276	343	205	343	385	74	210	112	319	432	133	382	265	209	237	290	78	226	313	57	220	232	75	69	292	375	|
|258	216	482	201	477	121	0	168	18	397	230	293	135	381	314	372	459	275	437	480	188	317	228	439	501	18	479	197	222	296	290	132	212	386	95	306	347	58	173	381	496	|
|127	99	343	263	352	105	168	0	171	239	105	130	40	237	173	206	313	109	270	312	84	164	175	310	337	169	313	216	112	135	192	37	142	220	77	138	280	155	162	213	382	|
|267	211	492	219	489	134	18	171	0	404	240	298	136	376	323	376	468	276	441	483	198	324	243	450	500	2	483	181	215	294	281	136	202	386	102	309	363	75	189	384	509	|
|150	275	129	396	165	290	397	239	404	0	175	110	279	259	97	59	91	166	84	116	217	80	245	130	226	402	106	434	286	187	329	269	333	149	302	119	244	364	291	87	213	|
|28	193	253	234	253	116	230	105	240	175	0	94	139	286	84	167	229	136	234	275	43	96	98	212	341	238	271	320	206	175	281	118	244	225	140	128	180	191	124	189	280	|
|83	172	225	328	245	196	293	130	298	110	94	0	169	209	77	80	191	71	147	189	127	45	189	203	247	296	187	327	184	106	241	162	230	132	198	38	242	266	217	96	285	|
|163	97	382	259	389	103	135	40	136	279	139	169	0	253	212	244	353	141	307	349	110	203	194	347	366	133	350	183	107	161	187	27	124	251	56	175	306	133	169	249	418	|
|286	166	386	498	424	342	381	237	376	259	286	209	253	0	284	201	347	151	210	230	299	247	383	387	155	374	242	290	162	112	129	270	192	113	308	172	451	386	391	172	471	|
|57	240	171	299	179	200	314	173	323	97	84	77	212	284	0	112	145	147	170	208	127	38	148	137	299	321	201	386	253	183	315	195	297	195	222	112	171	275	195	142	214	|
|149	225	188	400	223	276	372	206	376	59	167	80	244	201	112	0	149	117	67	110	205	78	254	186	187	374	108	387	235	132	272	240	283	93	277	71	279	346	291	32	270	|
|201	362	39	420	85	343	459	313	468	91	229	191	353	347	145	149	0	254	149	160	272	150	271	66	290	466	146	518	373	278	419	339	420	235	367	207	227	418	327	175	135	|
|137	109	291	354	315	205	275	109	276	166	136	71	141	151	147	117	254	0	172	212	151	116	232	273	229	274	215	270	119	39	170	145	167	111	186	47	305	263	245	113	356	|
|214	277	187	465	234	343	437	270	441	84	234	147	307	210	170	67	149	172	0	42	272	141	317	205	144	439	43	437	284	175	307	305	331	99	343	132	327	413	357	60	283	|
|255	314	195	506	245	385	480	312	483	116	275	189	349	230	208	110	160	212	42	0	314	182	356	222	132	481	15	474	321	212	337	347	367	126	385	174	358	455	398	100	295	|
|70	182	295	205	293	74	188	84	198	217	43	127	110	299	127	205	272	151	272	314	0	137	91	253	370	196	310	292	195	188	274	85	226	252	99	155	197	148	94	223	316	|
|73	216	182	324	200	210	317	164	324	80	96	45	203	247	38	78	150	116	141	182	137	0	176	158	263	323	176	369	229	150	286	191	274	157	223	77	208	284	216	106	239	|
|107	273	282	152	264	112	228	175	243	245	98	189	194	383	148	254	271	232	317	356	91	176	0	231	435	242	349	371	286	271	365	167	315	321	164	224	120	174	61	280	274	|
|186	374	55	374	42	319	439	310	450	130	212	203	347	387	137	186	66	273	205	222	253	158	231	0	348	448	208	523	386	303	442	329	431	279	352	229	167	392	291	217	85	|
|328	298	326	574	375	432	501	337	500	226	341	247	366	155	299	187	290	229	144	132	370	263	435	348	0	498	147	441	299	206	283	374	338	119	414	215	465	492	463	157	425	|
|266	208	491	219	488	133	18	169	2	402	238	296	133	374	321	374	466	274	439	481	196	323	242	448	498	0	481	180	213	292	278	134	200	384	100	307	362	75	188	381	508	|
|249	319	180	499	231	382	479	313	483	106	271	187	350	242	201	108	146	215	43	15	310	176	349	208	147	481	0	480	326	217	346	347	373	135	385	175	347	454	392	103	280	|
|343	161	551	393	565	265	197	216	181	434	320	327	183	290	386	387	518	270	437	474	292	369	371	523	441	180	480	0	153	263	163	207	107	352	208	317	487	244	334	379	598	|
|222	14	408	366	428	209	222	112	215	286	206	184	107	162	253	235	373	119	284	321	195	229	286	386	299	213	326	153	0	109	81	132	48	201	162	167	386	236	272	226	466	|
|177	103	315	389	344	237	296	135	294	187	175	106	161	112	183	132	278	39	175	212	188	150	271	303	206	292	217	263	109	0	142	171	156	95	211	74	344	289	281	118	386	|
|293	93	457	446	484	290	290	192	281	329	281	241	187	129	315	272	419	170	307	337	274	286	365	442	283	278	346	163	81	142	0	212	79	211	241	214	461	311	353	254	525	|
|144	120	366	235	370	78	132	37	136	269	118	162	27	270	195	240	339	145	305	347	85	191	167	329	374	134	347	207	132	171	212	0	151	257	40	174	280	119	142	248	398	|
|262	58	455	378	474	226	212	142	202	333	244	230	124	192	297	283	420	167	331	367	226	274	315	431	338	200	373	107	48	156	79	151	0	245	173	214	421	237	293	273	510	|
|215	196	275	456	314	313	386	220	386	149	225	132	251	113	195	93	235	111	99	126	252	157	321	279	119	384	135	352	201	95	211	257	245	0	297	97	365	374	345	62	362	|
|167	152	392	205	392	57	95	77	102	302	140	198	56	308	222	277	367	186	343	385	99	223	164	352	414	100	385	208	162	211	241	40	173	297	0	213	283	79	126	287	415	|
|120	156	244	359	270	220	306	138	309	119	128	38	175	172	112	71	207	47	132	174	155	77	224	229	215	307	175	317	167	74	214	174	214	97	213	0	280	286	248	75	313	|
|169	372	221	224	184	232	347	280	363	244	180	242	306	451	171	279	227	305	327	358	197	208	120	167	465	362	347	487	386	344	461	280	421	365	283	280	0	291	175	310	176	|
|218	227	439	150	430	75	58	155	75	364	191	266	133	386	275	346	418	263	413	455	148	284	174	392	492	75	454	244	236	289	311	119	237	374	79	286	291	0	116	359	445	|
|143	260	341	111	325	69	173	162	189	291	124	217	169	391	195	291	327	245	357	398	94	216	61	291	463	188	392	334	272	281	353	142	293	345	126	248	175	116	0	313	335	|
|173	218	214	423	252	292	381	213	384	87	189	96	249	172	142	32	175	113	60	100	223	106	280	217	157	381	103	379	226	118	254	248	273	62	287	75	310	359	313	0	300	|
|255	453	101	400	50	375	496	382	509	213	280	285	418	471	214	270	135	356	283	295	316	239	274	85	425	508	280	598	466	386	525	398	510	362	415	313	176	445	335	300	0	|

--------------------------------------------------------------------------------
Building model...
	using lazy and cut (CVRPSEP package)
Solving IRP LP...
--------------------------------------------------------------------------------

Gurobi 9.1.0 (linux64) logging started Sat Jan  9 04:56:03 2021

Gurobi Optimizer version 9.1.0 build v9.1.0rc0 (linux64)
Thread count: 32 physical cores, 32 logical processors, using up to 2 threads
Optimize a model with 1151 rows, 8273 columns and 18920 nonzeros
Model fingerprint: 0xf75a1608
Variable types: 524 continuous, 7749 integer (369 binary)
Coefficient statistics:
  Matrix range     [1e+00, 1e+03]
  Objective range  [1e-01, 6e+02]
  Bounds range     [1e+00, 3e+02]
  RHS range        [1e+01, 6e+03]
Presolve removed 233 rows and 110 columns
Presolve time: 0.10s
Presolved: 918 rows, 8163 columns, 17822 nonzeros
Variable types: 391 continuous, 7772 integer (7389 binary)

Root relaxation: objective 1.227348e+04, 984 iterations, 0.03 seconds

    Nodes    |    Current Node    |     Objective Bounds      |     Work
 Expl Unexpl |  Obj  Depth IntInf | Incumbent    BestBd   Gap | It/Node Time

     0     0 12273.4818    0  118          - 12273.4818      -     -    0s
     0     0 12707.1293    0  168          - 12707.1293      -     -    0s
     0     0 12709.6952    0  150          - 12709.6952      -     -    0s
     0     0 12709.7493    0  116          - 12709.7493      -     -    0s
     0     0 13461.8211    0  195          - 13461.8211      -     -    0s
     0     0 13472.1781    0  221          - 13472.1781      -     -    0s
     0     0 13476.3507    0  213          - 13476.3507      -     -    0s
     0     0 13476.4198    0  220          - 13476.4198      -     -    0s
     0     0 13582.7215    0  271          - 13582.7215      -     -    1s
     0     0 13613.9743    0  284          - 13613.9743      -     -    1s
     0     0 13616.6621    0  280          - 13616.6621      -     -    1s
     0     0 13620.1070    0  296          - 13620.1070      -     -    1s
     0     0 13620.7470    0  287          - 13620.7470      -     -    1s
     0     0 13667.6972    0  262          - 13667.6972      -     -    1s
     0     0 13677.5441    0  271          - 13677.5441      -     -    1s
     0     0 13681.4831    0  274          - 13681.4831      -     -    1s
     0     0 13682.5512    0  300          - 13682.5512      -     -    1s
     0     0 13730.2114    0  322          - 13730.2114      -     -    2s
     0     0 13732.3145    0  302          - 13732.3145      -     -    2s
     0     0 13743.3897    0  335          - 13743.3897      -     -    2s
     0     0 13753.5323    0  322          - 13753.5323      -     -    2s
     0     2 13753.5323    0  310          - 13753.5323      -     -    3s
    23    26 13799.7362    8  291          - 13770.8378      -   288    5s
   139   151 14120.5617   43  153          - 13770.8378      -   210   10s
   371   390 13863.2624    5  319          - 13770.8378      -   139   15s
*  597   582             266    18398.900000 13770.8378  25.2%   100   19s
*  599   582             267    18398.310000 13770.8378  25.2%  99.5   19s
   654   551 13904.8671    9  395 18398.3100 13770.8378  25.2%  92.1   21s
H  688   577                    18154.670000 13770.8378  24.1%   116   24s
   689   579 14136.7544   20  247 18154.6700 13770.8378  24.1%   117   25s
   718   608 14400.2755   29  190 18154.6700 13770.8378  24.1%   124   30s
   736   623 13800.5448    9  321 18154.6700 13770.8378  24.1%   125   36s
   746   630 13961.4362   23  419 18154.6700 13874.4141  23.6%   123   40s
H  755   603                    17531.320000 13910.5039  20.7%   122   43s
   760   606 15066.9562   84  481 17531.3200 13916.8191  20.6%   121   45s
   773   615 13922.8836    7  482 17531.3200 13922.8836  20.6%   119   50s
   788   625 15536.6750  123  483 17531.3200 13928.2414  20.6%   117   55s
H  796   600                    17025.710000 13928.7075  18.2%   137   57s
   800   602 14039.2003   18  394 17025.7100 13928.7075  18.2%   136   60s
H  807   576                    17019.000000 13928.7175  18.2%   135   63s
H  811   550                    17014.000000 13929.6413  18.1%   134   64s
   813   551 14226.9179   29  467 17014.0000 13930.1449  18.1%   134   65s
H  824   530                    16910.120000 13932.1490  17.6%   132   68s
   829   534 14189.3071   47  470 16910.1200 13933.2763  17.6%   131   70s
H  829   506                    16704.120000 13933.2763  16.6%   131   70s
H  839   486                    16443.120000 13936.6616  15.2%   130   75s
   845   493 13937.0722   23  459 16443.1200 13937.0722  15.2%   141   82s
   847   493 13942.4961   24  457 16443.1200 13938.6698  15.2%   144   85s
   855   498 13971.7476   26  366 16443.1200 13961.9959  15.1%   149   90s
   874   513 14043.1076   31  272 16443.1200 13978.9114  15.0%   161   95s
   911   540 14308.0495   39  202 16443.1200 13978.9114  15.0%   171  100s
   970   573 14532.3185   51  254 16443.1200 13978.9114  15.0%   174  105s
H 1028   597                    16380.510000 13978.9114  14.7%   180  110s
  1109   662 14739.6216   77  231 16380.5100 13978.9114  14.7%   179  115s
  1180   707 14893.5817   88  210 16380.5100 13978.9114  14.7%   180  121s
H 1222   691                    15943.320000 13978.9114  12.3%   180  123s
  1246   727 14827.1212  101  222 15943.3200 13978.9114  12.3%   181  125s
  1321   786 15004.7044  119  195 15943.3200 13978.9114  12.3%   183  130s
  1410   848 15047.3141  143  154 15943.3200 13978.9114  12.3%   182  135s
  1443   854 15066.2877  152  149 15943.3200 13978.9114  12.3%   182  140s
  1529   933 15118.3715  175  172 15943.3200 13978.9114  12.3%   181  145s
  1656  1037 15464.7543  206  102 15943.3200 13978.9114  12.3%   180  152s
  1789  1045 15262.5151  233  215 15943.3200 13978.9114  12.3%   175  156s
  1847  1097 15328.7835  252  193 15943.3200 13978.9114  12.3%   177  161s
  1937  1156 15386.1252  279  172 15943.3200 13978.9114  12.3%   177  166s
  2033  1241 15413.9321  303  146 15943.3200 13978.9114  12.3%   176  172s
  2095  1273 15429.8351  320  131 15943.3200 13978.9114  12.3%   176  175s
  2217  1353 15669.4167  355   62 15943.3200 13979.1524  12.3%   173  184s
  2368  1399 14023.3908   26  477 15943.3200 13979.1524  12.3%   166  187s
  2414  1440 14082.7930   27  439 15943.3200 13979.1524  12.3%   167  191s
  2518  1558 14144.9574   44  336 15943.3200 13979.1524  12.3%   166  198s
  2573  1576 14275.1366   56  311 15943.3200 13979.1524  12.3%   166  204s
  2591  1649 14303.5395   68  247 15943.3200 13979.1524  12.3%   166  207s
  2664  1725 14379.7708   84  262 15943.3200 13979.1524  12.3%   165  211s
  2740  1838 14463.2947  105  214 15943.3200 13979.1524  12.3%   164  215s
  2853  1944 14551.3440  163  235 15943.3200 13979.1524  12.3%   160  220s
  2959  2075 14650.2623  202  230 15943.3200 13979.1524  12.3%   158  225s
  3090  2212 14869.8939  270  188 15943.3200 13979.1524  12.3%   155  230s
  3227  2359 15018.8166  328  203 15943.3200 13979.1524  12.3%   152  235s
  3374  2508 15071.8965  402  189 15943.3200 13979.1524  12.3%   149  241s
  3523  2733 15194.1427  500  197 15943.3200 13979.1524  12.3%   145  247s
  3748  2928 15587.3990  652  142 15943.3200 13979.1530  12.3%   139  254s
  3840  2928 15715.6697  718  155 15943.3200 13979.1530  12.3%   136  255s
  3968  3008 14234.5140   28  244 15943.3200 13979.1530  12.3%   135  260s
  4048  3115 14350.9315   37  189 15943.3200 13979.1530  12.3%   135  265s
  4155  3257 14466.6714   52   97 15943.3200 13979.1530  12.3%   135  271s
  4297  3359 14605.4150   95  136 15943.3200 13979.1530  12.3%   134  277s
  4401  3526 14757.9405  127  122 15943.3200 13979.1530  12.3%   134  284s
  4461  3526 14817.2471  171  130 15943.3200 13979.1530  12.3%   133  285s
  4574  3690 14969.6397  199  121 15943.3200 13979.1530  12.3%   132  291s
  4742  3857 15078.8738  280  175 15943.3200 13979.1530  12.3%   130  298s
  4931  4112 15393.5520  351  130 15943.3200 13979.1530  12.3%   128  307s
  5261  4194 15759.3795  531   33 15943.3200 14001.3843  12.2%   123  315s
  5468  4211 14254.1958   33  306 15943.3200 14001.4610  12.2%   121  325s
  5485  4279 14264.3505   34  300 15943.3200 14001.4610  12.2%   121  331s
  5553  4455 14521.2865   69  154 15943.3200 14001.4610  12.2%   122  337s
  5729  4638 14778.0028  187  139 15943.3200 14001.4610  12.2%   121  347s
  5912  5005 15103.6080  311   60 15943.3200 14001.4610  12.2%   119  355s
  6285  5158     cutoff  545      15943.3200 14011.0710  12.1%   115  365s
  6458  5481 14164.1760   33  485 15943.3200 14011.0710  12.1%   114  373s
  6783  5637 14686.7376   71  250 15943.3200 14011.0710  12.1%   110  399s
  6813  5637 14816.4244  101  177 15943.3200 14011.0710  12.1%   110  400s
  6960  5862 14994.3327  179  132 15943.3200 14011.0710  12.1%   109  408s
  7140  5862 15345.4073  359  135 15943.3200 14011.0710  12.1%   107  410s
  7219  6031 15518.4736  364  168 15943.3200 14013.0157  12.1%   107  420s
  7403  6061 14158.2151   31  397 15943.3200 14019.6778  12.1%   106  428s
  7433  6096 14240.6228   39  405 15943.3200 14019.6778  12.1%   108  437s
  7468  6221 14365.9381   49  301 15943.3200 14019.6778  12.1%   109  444s
  7583  6221 14502.6101   73  238 15943.3200 14019.6778  12.1%   110  445s
  7593  6537 14822.2933  115  139 15943.3200 14019.6778  12.1%   110  452s
  7909  7181 14982.3623  313  183 15943.3200 14019.6778  12.1%   108  463s
  8105  7181 15107.6902  499  192 15943.3200 14019.6778  12.1%   106  465s
H 8144  7180                    15937.320000 14019.6778  12.0%   105  465s
  8555  7532 15277.2979  726  164 15937.3200 14027.2742  12.0%   101  477s
  8954  7636 14161.6463   28  387 15937.3200 14027.2742  12.0%  98.6  487s
  9100  7715 14660.2520   35  248 15937.3200 14027.2742  12.0%  98.8  495s
  9179  7873 15237.8005   59   51 15937.3200 14043.1076  11.9%   100  504s
  9363  7942 infeasible   92      15937.3200 14044.6172  11.9%   100  512s
  9432  8216 14683.5087   67  208 15937.3200 14052.2931  11.8%   101  521s
  9739  8245 14185.5747   30  323 15937.3200 14056.1214  11.8%   100  530s
  9768  8402 14662.6827   46  194 15937.3200 14056.1214  11.8%   101  537s
  9925  8678 15100.9139  155  182 15937.3200 14056.1214  11.8%   101  546s
 10201  9195 15242.0169  352  224 15937.3200 14056.3275  11.8%  99.1  558s
 10381  9195 15721.5143  532  108 15937.3200 14056.3275  11.8%  97.9  560s
 10740  9363 14149.8832   32  514 15937.3200 14056.3275  11.8%  95.8  570s
 10922  9758 14490.4928   81  190 15937.3200 14056.3275  11.8%  95.4  579s
 10956  9758 14658.6654  115  171 15937.3200 14056.3275  11.8%  95.3  580s
 11329  9885 15091.8631  381  192 15937.3200 14059.5716  11.8%  93.4  589s
 11359  9885 15299.2021  411  157 15937.3200 14059.5716  11.8%  93.2  590s
 11474 10521 14496.0495   46  218 15937.3200 14059.7463  11.8%  93.6  600s
 12120 10847 14167.9690   30  434 15937.3200 14059.7463  11.8%  90.0  612s
 12496 11238 14935.2282  115  142 15937.3200 14065.3372  11.7%  88.6  622s
 12800 11238 15798.2188  419  105 15937.3200 14065.3372  11.7%  87.0  625s
 12904 11347 14232.1256   29  262 15937.3200 14065.3372  11.7%  87.0  632s
 13030 11519 14480.2060   35  172 15937.3200 14065.3372  11.7%  87.3  639s
 13082 11519 14977.7827   56   84 15937.3200 14065.3372  11.7%  87.5  640s
 13202 11640 15168.2446   66   55 15937.3200 14075.7346  11.7%  87.5  648s
 13384 11697 infeasible   99      15937.3200 14078.6016  11.7%  87.5  656s
 13428 11924 14600.5417   51  343 15937.3200 14078.6016  11.7%  88.2  663s
 13631 11924 15906.7708  152  113 15937.3200 14078.6016  11.7%  88.0  665s
 13665 12424 15255.8373  158   66 15937.3200 14078.6016  11.7%  87.9  674s
 13755 12424 15476.9712  248   95 15937.3200 14078.6016  11.7%  87.5  675s
 14179 12516     cutoff  649      15937.3200 14082.7930  11.6%  85.7  685s
 14285 12677 14733.7237   53  259 15937.3200 14082.7930  11.6%  86.2  693s
 14475 13144 15281.1277  150  193 15937.3200 14085.5194  11.6%  86.2  702s
 14956 13484 14196.6356   31  394 15937.3200 14085.5194  11.6%  84.5  714s
 15065 13484 14695.0465  429   83 15937.3200 14085.5194  11.6%  84.3  715s
 15320 13596 14520.0722   50  294 15937.3200 14085.5194  11.6%  83.4  722s
 15433 14018 14854.2785  108  234 15937.3200 14085.5194  11.6%  83.7  730s
 15855 14385 15213.3907  261  230 15937.3200 14085.5194  11.6%  82.4  741s
 16205 14385 15927.9379  532   15 15937.3200 14085.5194  11.6%  81.3  745s
 16243 14509 15781.2575  431  226 15937.3200 14091.9828  11.6%  81.3  750s
 16381 14644 14379.4082   40  227 15937.3200 14091.9828  11.6%  81.5  758s
 16528 14776 14576.8310   73   41 15937.3200 14091.9828  11.6%  81.9  766s
 16662 14965 15230.6600  128   10 15937.3200 14091.9828  11.6%  82.3  773s
 16852 15166 14950.9076  191   72 15937.3200 14091.9828  11.6%  82.6  782s
 17110 15379 15040.8152  271   39 15937.3200 14091.9828  11.6%  82.4  790s
 17312 15617 15360.8277  354   55 15937.3200 14091.9828  11.6%  82.5  797s
 17586 16033 15450.9892  443  111 15937.3200 14103.2301  11.5%  82.2  806s
 18153 16063 14197.7196   34  382 15937.3200 14103.2347  11.5%  80.6  816s
 18183 16168 14354.3887   48  355 15937.3200 14103.2347  11.5%  80.9  821s
 18288 16346 15083.9199   86  156 15937.3200 14104.9055  11.5%  81.2  829s
 18412 16349 15823.1252  151   79 15937.3200 14104.9624  11.5%  81.2  830s
 18512 16523     cutoff  154      15937.3200 14105.0681  11.5%  81.1  837s
 18716 16745 14757.6850   88   80 15937.3200 14106.3854  11.5%  80.9  845s
 18995 16825 14627.3369   53  294 15937.3200 14107.6808  11.5%  80.5  853s
 19099 17015 15243.1240  104   41 15937.3200 14111.3318  11.5%  80.6  860s
 19319 17075     cutoff  276      15937.3200 14111.7690  11.5%  80.4  868s
*19376 17068             213    15927.900000 14113.1354  11.4%  80.5  868s
 19396 17190 14498.7005   45  100 15927.9000 14113.1354  11.4%  80.8  875s
 19548 17302 15648.5311   88   13 15927.9000 14113.2437  11.4%  81.0  883s
 19690 17435     cutoff  120      15927.9000 14115.4283  11.4%  81.1  891s
 19831 17827 14473.2046   75   39 15927.9000 14116.0364  11.4%  81.4  901s
 20238 17926 14133.9469   29  414 15927.9000 14116.0364  11.4%  80.5  910s
 20337 18240 14178.8797   36  330 15927.9000 14116.0364  11.4%  80.8  918s
 20538 18240 14925.3966  276   64 15927.9000 14116.0364  11.4%  80.5  920s
 20669 18277 14302.3056   47  281 15927.9000 14116.0364  11.4%  80.2  928s
 20706 18344 14416.2843   54  193 15927.9000 14116.0364  11.4%  80.5  934s
 20773 18400 14529.7012   70  193 15927.9000 14116.0364  11.4%  80.9  941s
 20829 18648 14578.8424   71  137 15927.9000 14116.0364  11.4%  80.9  947s
 21048 18648 15577.5799  269  222 15927.9000 14116.0364  11.4%  80.8  950s
 21077 18885 14773.8505  119  123 15927.9000 14116.0364  11.4%  80.7  956s
 21334 19050 14864.6555  169  139 15927.9000 14116.0364  11.4%  80.5  964s
 21364 19050 14885.8358  184   87 15927.9000 14116.0364  11.4%  80.5  965s
 21499 19266 14898.7620  242   87 15927.9000 14116.0364  11.4%  80.8  972s
 21725 19418 15146.1181  314   75 15927.9000 14123.8607  11.3%  81.0  981s
 21934 19470 14353.1955   38  347 15927.9000 14123.8607  11.3%  80.9  988s
 21986 19734 14901.6139   58  259 15927.9000 14124.1279  11.3%  81.2  995s
 22267 20130 14422.8501   42  231 15927.9000 14124.1279  11.3%  80.8 1005s
 22667 20452 14856.4078  135  112 15927.9000 14124.1279  11.3%  80.0 1020s
 23003 20511 15720.0710  440   41 15927.9000 14125.1087  11.3%  79.4 1029s
 23085 20632 14464.8160   52  379 15927.9000 14125.1087  11.3%  79.6 1035s
 23206 20951 15011.4714  132  147 15927.9000 14125.1087  11.3%  79.8 1043s
 23402 20951 15638.9275  328  184 15927.9000 14125.1087  11.3%  79.4 1045s
 23534 21034 15759.1870  419  149 15927.9000 14125.2150  11.3%  79.3 1052s
 23641 21203 14383.1078   52  258 15927.9000 14125.2150  11.3%  79.6 1060s
 23858 21608 14639.4672  129   63 15927.9000 14128.2125  11.3%  79.6 1080s
 24289 21801 15324.9500  259    4 15927.9000 14129.7178  11.3%  78.7 1090s
 24492 21923     cutoff  415      15927.9000 14130.7102  11.3%  78.6 1098s
 24626 22080     cutoff  414      15927.9000 14132.6513  11.3%  78.7 1105s
 24788 22210 14638.2175   51  325 15927.9000 14132.6513  11.3%  78.8 1115s
 24932 22391 14894.7109   93  260 15927.9000 14132.6513  11.3%  78.8 1122s
 25113 22677 15391.1783  226  133 15927.9000 14132.6513  11.3%  78.7 1131s
 25429 22789 15690.4003  410  169 15927.9000 14137.3365  11.2%  78.3 1140s
 25556 23068 14568.2768   50  237 15927.9000 14138.5432  11.2%  78.4 1148s
 25849 23210 infeasible  133      15927.9000 14138.5800  11.2%  78.1 1157s
 26016 23258 14493.4852   45  256 15927.9000 14140.0191  11.2%  78.1 1164s
 26064 23487 14672.2815   68  209 15927.9000 14140.0191  11.2%  78.3 1170s
 26293 23790 14993.5258  220  135 15927.9000 14140.9673  11.2%  78.2 1179s
 26383 23790 15107.4243  310  143 15927.9000 14140.9673  11.2%  78.0 1180s
 26654 24264 14625.6808   56  136 15927.9000 14140.9855  11.2%  77.7 1189s
 26746 24265 15564.8902  147   32 15927.9000 14140.9855  11.2%  77.6 1190s
 27153 24660 15502.7558  126   42 15927.9000 14141.2961  11.2%  76.8 1200s
 27602 24756 14366.0793   50  314 15927.9000 14141.3851  11.2%  76.0 1209s
 27706 24835 15896.5437  126   69 15927.9000 14142.0272  11.2%  76.2 1216s
 27815 24920 14501.1514   50  281 15927.9000 14142.7466  11.2%  76.4 1222s
 27901 25023 15900.4279  122   36 15927.9000 14143.4547  11.2%  76.6 1229s
 28018 25087 14450.0492   49  348 15927.9000 14143.4547  11.2%  76.7 1236s
 28092 25342 14772.0526   92  240 15927.9000 14143.4547  11.2%  77.0 1243s
 28218 25342 15342.4157  218  168 15927.9000 14143.4547  11.2%  76.9 1245s
 28356 25584 15396.8867  267  169 15927.9000 14144.6575  11.2%  76.8 1253s
 28476 25584 15655.0585  387  168 15927.9000 14144.6575  11.2%  76.5 1255s
 28614 25751 14280.1774   41  351 15927.9000 14144.6575  11.2%  76.6 1263s
 28781 26149 14754.2324  102  160 15927.9000 14145.1523  11.2%  76.7 1273s
 29101 26149 14963.9914  273   35 15927.9000 14145.1523  11.2%  76.3 1276s
 29205 26211 14361.2120   38  369 15927.9000 14145.1523  11.2%  76.0 1283s
 29287 26345 14663.0964   57  273 15927.9000 14145.1523  11.2%  76.2 1290s
 29425 26667 15260.7555  165   88 15927.9000 14147.1333  11.2%  76.3 1297s
 29772 26942 14375.2032   31  496 15927.9000 14147.1333  11.2%  75.9 1308s
 29935 26942 15523.7423  357  136 15927.9000 14147.1333  11.2%  75.8 1310s
 30061 26996 14599.3694   44  303 15927.9000 14147.1333  11.2%  75.6 1316s
 30115 27077 15510.7107   83  117 15927.9000 14149.2071  11.2%  75.8 1323s
 30216 27296 14442.2489   39  240 15927.9000 14149.2071  11.2%  76.0 1330s
 30435 27567 14618.7463   64   80 15927.9000 14149.2071  11.2%  76.0 1340s
 30719 27718 14641.3484  103   25 15927.9000 14149.2071  11.2%  75.8 1350s
 30870 28006 14663.9976  163   31 15927.9000 14149.2071  11.2%  76.0 1358s
 31158 28342 14717.4584  235   10 15927.9000 14149.2071  11.2%  75.9 1369s
 31281 28342 15609.4600  296    6 15927.9000 14149.2071  11.2%  75.9 1370s
 31538 28461 15471.8721  335   27 15927.9000 14150.3193  11.2%  75.6 1379s
 31685 28461 15681.4146  408   33 15927.9000 14150.3193  11.2%  75.5 1380s
 31735 28565 14396.0755   39  253 15927.9000 14150.3193  11.2%  75.6 1386s
 31849 28593 14913.8315   69  134 15927.9000 14150.3193  11.2%  75.8 1398s
 31877 28734 15083.4650   83   64 15927.9000 14151.2846  11.2%  75.9 1405s
 32032 29085 14482.5170   46  157 15927.9000 14151.3677  11.2%  76.0 1413s
 32215 29085 15263.8334  229   84 15927.9000 14151.3677  11.2%  75.7 1415s
 32397 29351 14450.4889   36  345 15927.9000 14151.3677  11.2%  75.6 1424s
 32533 29351 15031.6205  151   70 15927.9000 14151.3677  11.2%  75.7 1425s
H32665 28955                    15837.860000 14151.3677  10.6%  75.5 1433s
 33056 29075 14791.3235   50  234 15837.8600 14151.5735  10.6%  75.1 1443s
 33191 29392 15397.3668  131  138 15837.8600 14151.8867  10.6%  75.2 1451s
H33526 25413                    15605.860000 14151.8867  9.32%  74.9 1461s
 33670 25446 14428.4717   40  390 15605.8600 14151.8867  9.32%  75.0 1468s
 33732 25492 14655.0614   42  277 15605.8600 14151.8867  9.32%  75.2 1475s
 33789 25685 14587.5394   50  293 15605.8600 14151.8867  9.32%  75.4 1482s
 34006 25913 15365.1801   70   62 15605.8600 14153.0910  9.31%  75.4 1491s
 34281 25952     cutoff   92      15605.8600 14153.7446  9.30%  75.2 1499s
 34320 26051 14490.1824   43  409 15605.8600 14153.7446  9.30%  75.4 1506s
 34451 26142 14830.5287   62  227 15605.8600 14155.2619  9.30%  75.5 1513s
 34558 26262 14498.7653   41  245 15605.8600 14155.2619  9.30%  75.7 1520s
 34690 26389     cutoff  113      15605.8600 14155.5818  9.29%  75.8 1528s
 34819 26712 14803.5294   74   62 15605.8600 14157.0845  9.28%  76.0 1537s
 35152 26881 14575.6472   53   90 15605.8600 14157.2049  9.28%  75.6 1547s
 35355 27042 14457.2021   46  242 15605.8600 14157.8684  9.28%  75.7 1555s
 35530 27320 14829.4038   75   26 15605.8600 14157.8684  9.28%  75.9 1564s
 35596 27320 15022.8190  108   57 15605.8600 14157.8684  9.28%  75.9 1565s
 35849 27511 14979.6536  134   41 15605.8600 14157.8684  9.28%  75.8 1573s
 36053 27527 15039.3531  236   28 15605.8600 14157.8684  9.28%  75.7 1575s
 36344 27576     cutoff  290      15605.8600 14158.2459  9.28%  75.4 1583s
 36372 27591 14516.4227   37  160 15605.8600 14158.3793  9.28%  75.7 1589s
 36390 27633 14559.5605   39  201 15605.8600 14158.3793  9.28%  75.8 1595s
 36433 27646 15035.2017   48  202 15605.8600 14158.3793  9.28%  76.0 1603s
 36446 27861 15140.2811   51  158 15605.8600 14158.3793  9.28%  76.1 1610s
 36673 27912 15368.1845   64   99 15605.8600 14159.0030  9.27%  76.0 1618s
 36747 28015 14380.8579   36  313 15605.8600 14159.0030  9.27%  76.2 1625s
 36850 28153 14709.6120   54  262 15605.8600 14159.0030  9.27%  76.4 1633s
 37000 28300 15023.4333   93  192 15605.8600 14159.4354  9.27%  76.4 1640s
 37161 28414 14424.8858   41  291 15605.8600 14159.4354  9.27%  76.4 1649s
 37238 28414 15272.7617   86   79 15605.8600 14159.4354  9.27%  76.5 1650s
 37287 28506 14979.3172   85  231 15605.8600 14159.4354  9.27%  76.5 1659s
 37347 28506 15174.4374  145  156 15605.8600 14159.4354  9.27%  76.5 1660s
 37379 28713 15235.6603  162  164 15605.8600 14159.5653  9.27%  76.6 1668s
 37606 28713 15579.0677  110   72 15605.8600 14160.1233  9.26%  76.4 1670s
 37622 28769 14328.1846   43  398 15605.8600 14160.1233  9.26%  76.5 1676s
 37678 28870 15064.2436   90   96 15605.8600 14160.2036  9.26%  76.7 1683s
 37791 29052 14609.5657   53  144 15605.8600 14160.2036  9.26%  76.8 1691s
 37989 29086 15425.5609  197  173 15605.8600 14160.4152  9.26%  76.8 1699s
 38037 29126 14346.1124   31  442 15605.8600 14160.4152  9.26%  77.0 1706s
 38077 29221 14303.1476   32  346 15605.8600 14160.4152  9.26%  77.2 1712s
 38180 29250 14446.7566   35  346 15605.8600 14160.4152  9.26%  77.3 1719s
 38189 29250     cutoff  157      15605.8600 14160.4152  9.26%  77.5 1720s
 38213 29332 14591.9088   37  259 15605.8600 14160.4152  9.26%  77.6 1727s
 38305 29383 14789.7950   42  245 15605.8600 14160.4152  9.26%  77.8 1734s
 38356 29610 14972.8569   49  103 15605.8600 14160.4152  9.26%  78.0 1742s
 38583 29741 15375.9384   59   79 15605.8600 14160.9338  9.26%  78.0 1752s
 38748 29832 14468.7984   42  306 15605.8600 14161.5720  9.25%  78.0 1760s
 38849 29923 15346.9731   84   78 15605.8600 14161.6887  9.25%  78.2 1767s
 38952 30054 14557.9222   45  276 15605.8600 14161.6887  9.25%  78.3 1775s
 39098 30160 15173.0534  120   97 15605.8600 14161.8337  9.25%  78.3 1782s
 39217 30228 14463.4383   42  417 15605.8600 14164.3018  9.24%  78.3 1790s
 39316 30250 14310.8258   31  435 15605.8600 14164.3215  9.24%  78.5 1801s
 39338 30333 14682.7826   39  455 15605.8600 14164.3215  9.24%  78.7 1808s
 39433 30404 15000.7954   52  257 15605.8600 14164.9403  9.23%  78.9 1816s
 39514 30569 14221.9492   32  416 15605.8600 14164.9403  9.23%  79.1 1824s
 39679 30789 14452.9342   47  281 15605.8600 14164.9403  9.23%  79.1 1833s
 39858 30789 15404.6290  364  100 15605.8600 14164.9403  9.23%  79.0 1835s
 39913 31118 14613.8073   60   62 15605.8600 14164.9403  9.23%  79.0 1842s
 40242 31406 14919.3219  235  100 15605.8600 14164.9403  9.23%  78.7 1854s
 40272 31406 14942.0818  263   62 15605.8600 14164.9403  9.23%  78.6 1855s
 40544 31581 15126.3589  423   71 15605.8600 14165.9889  9.23%  78.3 1863s
 40716 31581 15164.9882  115   82 15605.8600 14165.9889  9.23%  78.2 1865s
 40747 31676 14633.9138   34  229 15605.8600 14165.9889  9.23%  78.2 1872s
 40883 31834 15086.5606   66  152 15605.8600 14167.4081  9.22%  78.3 1880s
 41053 31970 14388.3047   30  245 15605.8600 14167.4081  9.22%  78.3 1888s
 41147 31970 15210.6204   81   93 15605.8600 14167.4081  9.22%  78.4 1890s
 41201 32215 14918.3534   93  161 15605.8600 14167.8997  9.21%  78.4 1897s
 41457 32215 15529.4713  130   20 15605.8600 14168.0302  9.21%  78.3 1900s
 41472 32373 14420.6146   39  356 15605.8600 14168.0302  9.21%  78.3 1906s
 41630 32682 14890.0114   72  245 15605.8600 14168.3130  9.21%  78.3 1915s
 41974 32739 14331.9277   37  363 15605.8600 14168.6136  9.21%  78.1 1924s
 42031 32834 14415.5813   45  318 15605.8600 14168.6136  9.21%  78.3 1932s
 42132 32971 14590.6775   58  282 15605.8600 14168.6136  9.21%  78.5 1939s
 42266 33139 14761.2133   74  211 15605.8600 14168.6136  9.21%  78.7 1948s
 42434 33369 14842.0232   99   95 15605.8600 14168.6136  9.21%  78.8 1957s
 42663 33369 15050.7924  286   15 15605.8600 14168.6136  9.21%  78.9 1960s
 42672 33635 14916.9111  132  153 15605.8600 14168.6136  9.21%  78.9 1967s
 42961 33635 15048.9302  389   88 15605.8600 14168.6136  9.21%  78.8 1970s
 42996 33749 15016.8892  178   40 15605.8600 14168.6136  9.21%  78.7 1977s
 43132 33893 15052.3752  231  119 15605.8600 14168.6136  9.21%  78.8 1984s
 43168 33893 15094.3031  249  113 15605.8600 14168.6136  9.21%  78.9 1985s
 43301 34090 15159.5761  303   79 15605.8600 14168.9807  9.21%  78.9 1993s
 43505 34090 15490.4002  402   46 15605.8600 14168.9807  9.21%  78.8 1995s
 43636 34304 14323.7483   33  296 15605.8600 14168.9807  9.21%  78.8 2003s
 43788 34304 15317.6462  243   50 15605.8600 14168.9807  9.21%  78.7 2005s
 43874 34437 14734.8154   61  181 15605.8600 14169.9768  9.20%  78.7 2011s
 44029 34522 14490.3475   31  363 15605.8600 14169.9768  9.20%  78.8 2019s
 44076 34522 15195.1678   55  183 15605.8600 14169.9768  9.20%  78.8 2020s
 44123 34687 15422.6807   78  134 15605.8600 14170.1266  9.20%  78.9 2027s
 44304 34878 14751.3748   50   44 15605.8600 14170.6983  9.20%  78.9 2037s
 44521 34948 14413.3855   27  312 15605.8600 14171.2861  9.19%  78.9 2045s
 44591 35070 14548.8865   43  147 15605.8600 14171.2861  9.19%  79.1 2053s
 44724 35265 14913.3884   88  202 15605.8600 14171.4717  9.19%  79.1 2061s
 44943 35377 14244.2993   40  385 15605.8600 14171.4717  9.19%  79.1 2070s
 45055 35463 15309.7771   91   54 15605.8600 14171.6932  9.19%  79.2 2077s
 45172 35575 14638.4034   70  219 15605.8600 14171.7352  9.19%  79.3 2089s
 45228 35575 14429.6140   54  263 15605.8600 14171.7352  9.19%  79.2 2090s
 45284 35987 14929.3773  126  179 15605.8600 14171.8364  9.19%  79.3 2098s
 45677 35987 15438.1512  265  124 15605.8600 14171.8540  9.19%  78.8 2101s
 45726 36177 14436.6810   44  332 15605.8600 14171.8540  9.19%  78.8 2107s
 45916 36455 15127.4880  138  116 15605.8600 14172.1853  9.19%  78.7 2116s
 46222 36480 14491.6654   43  381 15605.8600 14173.1033  9.18%  78.5 2129s
 46247 36573 14839.5824   53  272 15605.8600 14173.1087  9.18%  78.6 2136s
 46384 36657 14200.6647   36  343 15605.8600 14173.4168  9.18%  78.6 2143s
 46468 37138 14765.6583   95   49 15605.8600 14173.6122  9.18%  78.7 2154s
 46588 37138 14872.1532  215   98 15605.8600 14173.6122  9.18%  78.6 2155s
 46963 37256 14226.2952   38  392 15605.8600 14173.6122  9.18%  78.2 2164s
 47093 37417 14744.6421   67  167 15605.8600 14174.7347  9.17%  78.3 2172s
 47284 37494 14405.8836   40  307 15605.8600 14174.9722  9.17%  78.2 2181s
 47362 37756 14910.6000  109  112 15605.8600 14175.7104  9.16%  78.4 2190s
 47636 38019 14379.9279   39  294 15605.8600 14175.7104  9.16%  78.3 2201s
 47915 38098 14922.6933   61  232 15605.8600 14175.9825  9.16%  78.2 2211s
 48002 38260 14257.7795   39  317 15605.8600 14175.9825  9.16%  78.3 2218s
 48157 38260 15351.2561  159  167 15605.8600 14175.9825  9.16%  78.3 2220s
 48164 38375 15112.9697   80   82 15605.8600 14176.0322  9.16%  78.3 2227s
 48303 38550 14353.3844   44  375 15605.8600 14176.1455  9.16%  78.4 2235s
 48478 38822 15047.4473   77  151 15605.8600 14176.3001  9.16%  78.4 2244s
 48523 38822 15269.3353  122  116 15605.8600 14176.3001  9.16%  78.4 2245s
 48772 38931 14761.0492   46  202 15605.8600 14176.7725  9.16%  78.2 2254s
 48891 38996 14289.8517   36  372 15605.8600 14176.7725  9.16%  78.3 2262s
 48968 39174 14656.5248   53  301 15605.8600 14176.7725  9.16%  78.5 2269s
 49052 39174 14705.2613   57  134 15605.8600 14176.7725  9.16%  78.5 2270s
 49158 39325 15261.4712  137  195 15605.8600 14177.2068  9.15%  78.5 2278s
 49329 39368 14371.7566   38  245 15605.8600 14177.3591  9.15%  78.5 2286s
 49372 39759 14542.3848   51  166 15605.8600 14177.4053  9.15%  78.7 2296s
 49783 39942 14300.0274   33  356 15605.8600 14177.4053  9.15%  78.3 2307s
 49966 40109 15296.7413   66   95 15605.8600 14177.4507  9.15%  78.4 2316s
 50174 40158 14436.1094   41  340 15605.8600 14177.5721  9.15%  78.4 2330s
 50223 40238 14623.1966   48  165 15605.8600 14177.5721  9.15%  78.6 2337s
 50303 40346 14971.9067   72   14 15605.8600 14177.6230  9.15%  78.8 2346s
 50479 40420     cutoff  133      15605.8600 14177.9404  9.15%  78.9 2354s
 50538 40537 14715.1738   43  314 15605.8600 14177.9404  9.15%  79.2 2362s
 50659 40652 15589.1975   97   86 15605.8600 14178.0386  9.15%  79.4 2370s
 50796 40844 14683.6279   68  173 15605.8600 14178.0386  9.15%  79.5 2378s
 50984 40844 14826.0554  221  124 15605.8600 14178.0386  9.15%  79.6 2380s
 50990 40947 15418.0163  195  143 15605.8600 14178.0509  9.15%  79.6 2386s
 51116 41032 14284.8170   39  265 15605.8600 14178.0509  9.15%  79.8 2398s
 51205 41180 14591.7721   43  282 15605.8600 14178.0509  9.15%  79.9 2406s
 51381 41368 14703.0950   49  280 15605.8600 14178.0509  9.15%  80.0 2415s
 51638 41532 15085.2353   62  106 15605.8600 14178.0509  9.15%  80.0 2424s
 51669 41532 15295.0331   72   26 15605.8600 14178.0509  9.15%  80.0 2425s
 51900 41733 15542.9235   79   71 15605.8600 14178.8901  9.14%  79.9 2434s
 52016 41734 15310.6043  135   25 15605.8600 14178.8901  9.14%  79.9 2435s
 52120 41803 15388.9500  144    - 15605.8600 14179.8380  9.14%  79.9 2442s
