




arguments: ./build/mirp_solver -f ./input/orig_exec_202.cfg
Current dir: /scratch/gui/bnc_mirp
File verbosity level: 9
date       time         ( uptime  ) [ thread name/id ]                   file:line     v| 
2021-01-10 08:53:21.483 (   0.107s) [main thread     ]             loguru.cpp:789   INFO| Logging to './output/vi_hc3/OU/V2/Original/execution_10_01_2021_08_53_21.log', mode: 'a', verbosity: 9
--------------------------------------------------------------------------------
Parameters
                           instance_path           ./input/Instances/Original/6/
                            model_policy                                       1
                             nb_vehicles                                       2
                              output_dir         ./output/vi_hc3/OU/V2/Original/
                            sec_strategy                                       1
                       solver_nb_threads                                       2
                         solver_show_log                                    true
                       solver_time_limit                                    3600
                              use_vi_cos                                   false
                              use_vi_cus                                   false
                         use_vi_hc1_full                                   false
                         use_vi_hc1_half                                   false
                      use_vi_hc1_quarter                                   false
                              use_vi_hc2                                   false
                              use_vi_hc3                                    true
                         use_vi_lex_full                                   false
                         use_vi_lex_half                                   false
                      use_vi_lex_quarter                                   false
                              use_vi_qua                                   false
                               use_vi_vc                                   false
                               use_vi_vr                                   false
--------------------------------------------------------------------------------
executing instance: ./input/Instances/Original/6/absH6high_1n25.dat
--------------------------------------------------------------------------------
Instance details
n	26
H	6
C	1711
Li:
[0, 0, 0, 0, 0, 0, 0, 0, 0, 0, 0, 0, 0, 0, 0, 0, 0, 0, 0, 0, 0, 0, 0, 0, 0, 0, ]
Ui:
[0, 168, 176, 34, 66, 36, 177, 106, 118, 182, 64, 141, 189, 63, 46, 111, 182, 231, 36, 66, 68, 54, 132, 90, 246, 75, ]
Distance matrix:
|0	191	200	231	334	329	146	196	208	245	218	164	283	394	151	358	156	196	309	253	201	260	127	138	130	104	|
|191	0	226	229	278	146	328	216	390	417	327	293	195	334	106	296	171	122	472	151	12	411	280	53	190	130	|
|200	226	0	38	149	359	321	10	276	274	418	364	139	204	121	173	321	115	303	141	225	236	155	202	311	256	|
|231	229	38	0	110	352	358	37	314	310	448	395	108	167	129	135	342	109	336	120	226	268	194	213	335	277	|
|334	278	149	110	0	367	467	147	422	413	546	495	86	61	203	25	423	163	429	129	271	363	303	282	424	361	|
|329	146	359	352	367	0	453	349	533	562	411	393	282	411	245	378	250	244	617	245	141	556	426	195	284	243	|
|146	328	321	358	467	453	0	321	162	215	160	112	425	524	297	491	223	341	284	397	339	266	186	276	184	210	|
|196	216	10	37	147	349	321	0	281	281	414	360	132	203	112	171	315	105	311	132	216	244	159	193	305	249	|
|208	390	276	314	422	533	162	281	0	54	321	271	410	471	316	445	348	348	123	398	398	115	125	338	313	309	|
|245	417	274	310	413	562	215	281	54	0	375	323	413	457	334	435	393	361	70	406	424	69	139	367	359	349	|
|218	327	418	448	546	411	160	414	321	375	0	57	484	606	347	569	163	393	444	446	339	421	318	288	137	199	|
|164	293	364	395	495	393	112	360	271	323	57	0	437	556	300	519	144	346	393	401	305	367	261	249	109	163	|
|283	195	139	108	86	282	425	132	410	413	484	437	0	139	137	101	349	91	443	44	187	375	286	206	355	291	|
|394	334	204	167	61	411	524	203	471	457	606	556	139	0	264	38	483	222	467	183	326	403	356	341	484	421	|
|151	106	121	129	203	245	297	112	316	334	347	300	137	264	0	225	220	46	381	102	106	316	195	84	221	158	|
|358	296	173	135	25	378	491	171	445	435	569	519	101	38	225	0	444	184	450	145	288	384	328	303	446	383	|
|156	171	321	342	423	250	223	315	348	393	163	144	349	483	220	444	0	261	460	308	183	415	284	143	39	65	|
|196	122	115	109	163	244	341	105	348	361	393	346	91	222	46	184	261	0	402	56	118	336	224	119	264	200	|
|309	472	303	336	429	617	284	311	123	70	444	393	443	467	381	450	460	402	0	442	477	68	192	424	426	413	|
|253	151	141	120	129	245	397	132	398	406	446	401	44	183	102	145	308	56	442	0	143	375	273	164	315	251	|
|201	12	225	226	271	141	339	216	398	424	339	305	187	326	106	288	183	118	477	143	0	416	286	63	202	142	|
|260	411	236	268	363	556	266	244	115	69	421	367	375	403	316	384	415	336	68	375	416	0	135	365	384	363	|
|127	280	155	194	303	426	186	159	125	139	318	261	286	356	195	328	284	224	192	273	286	135	0	232	256	229	|
|138	53	202	213	282	195	276	193	338	367	288	249	206	341	84	303	143	119	424	164	63	365	232	0	153	89	|
|130	190	311	335	424	284	184	305	313	359	137	109	355	484	221	446	39	264	426	315	202	384	256	153	0	64	|
|104	130	256	277	361	243	210	249	309	349	199	163	291	421	158	383	65	200	413	251	142	363	229	89	64	0	|

--------------------------------------------------------------------------------
Building model...
	using lazy and cut (CVRPSEP package)
Solving IRP LP...
--------------------------------------------------------------------------------

Gurobi 9.1.0 (linux64) logging started Sun Jan 10 08:53:22 2021

Gurobi Optimizer version 9.1.0 build v9.1.0rc0 (linux64)
Thread count: 32 physical cores, 32 logical processors, using up to 2 threads
Optimize a model with 1412 rows, 4694 columns and 13568 nonzeros
Model fingerprint: 0xf547d95d
Variable types: 482 continuous, 4212 integer (312 binary)
Coefficient statistics:
  Matrix range     [1e+00, 9e+02]
  Objective range  [1e-01, 6e+02]
  Bounds range     [1e+00, 2e+02]
  RHS range        [1e+01, 3e+03]
Presolve removed 558 rows and 102 columns
Presolve time: 0.06s
Presolved: 854 rows, 4592 columns, 10458 nonzeros
Variable types: 380 continuous, 4212 integer (3912 binary)

Root relaxation: objective 1.299358e+04, 943 iterations, 0.01 seconds

    Nodes    |    Current Node    |     Objective Bounds      |     Work
 Expl Unexpl |  Obj  Depth IntInf | Incumbent    BestBd   Gap | It/Node Time

     0     0 12993.5773    0  200          - 12993.5773      -     -    0s
     0     0 13483.0266    0  234          - 13483.0266      -     -    0s
     0     0 13493.6792    0  218          - 13493.6792      -     -    0s
     0     0 13494.4068    0  225          - 13494.4068      -     -    0s
     0     0 13496.4603    0  236          - 13496.4603      -     -    0s
     0     0 13497.9041    0  227          - 13497.9041      -     -    0s
     0     0 13499.5620    0  232          - 13499.5620      -     -    0s
     0     0 13520.2925    0  245          - 13520.2925      -     -    0s
     0     0 13538.2125    0  229          - 13538.2125      -     -    0s
     0     0 13607.6347    0  244          - 13607.6347      -     -    0s
     0     0 13625.6378    0  249          - 13625.6378      -     -    0s
     0     0 13626.0962    0  257          - 13626.0962      -     -    0s
     0     0 14227.8520    0  253          - 14227.8520      -     -    0s
     0     0 14302.6198    0  255          - 14302.6198      -     -    0s
     0     0 14352.6038    0  292          - 14352.6038      -     -    0s
     0     0 14360.7723    0  304          - 14360.7723      -     -    0s
     0     0 14374.2923    0  312          - 14374.2923      -     -    0s
     0     0 14374.4463    0  308          - 14374.4463      -     -    0s
     0     0 14758.2386    0  335          - 14758.2386      -     -    0s
     0     0 14789.0251    0  367          - 14789.0251      -     -    1s
     0     0 14867.2630    0  391          - 14867.2630      -     -    1s
     0     0 14915.5798    0  376          - 14915.5798      -     -    1s
     0     0 14924.8032    0  395          - 14924.8032      -     -    1s
     0     0 14948.8980    0  363          - 14948.8980      -     -    1s
     0     0 14955.0205    0  382          - 14955.0205      -     -    1s
     0     0 14959.3885    0  392          - 14959.3885      -     -    1s
     0     0 14969.1270    0  400          - 14969.1270      -     -    1s
     0     0 14969.6892    0  412          - 14969.6892      -     -    1s
     0     0 15090.9633    0  407          - 15090.9633      -     -    1s
     0     0 15113.4684    0  382          - 15113.4684      -     -    1s
     0     0 15115.4357    0  391          - 15115.4357      -     -    1s
     0     0 15128.8671    0  400          - 15128.8671      -     -    1s
     0     0 15128.8671    0  388          - 15128.8671      -     -    2s
     0     2 15129.4389    0  368          - 15129.4389      -     -    2s
    46    50 15589.2966   13  248          - 15171.2349      -   464    5s
   247   259 17359.8258   71  132          - 15171.2349      -   216   10s
   708   686 15706.6570   13  225          - 15171.5689      -   110   15s
   752   716 18677.9808  155  462          - 15622.8159      -   108   20s
   781   736 15689.6021    9  530          - 15626.9342      -   119   25s
   820   766 15822.1237   34  373          - 15647.7413      -   146   30s
   893   818 15874.7164   55  273          - 15647.7413      -   168   35s
  1016   909 16379.1099   89  137          - 15647.7413      -   180   40s
H 1171   971                    18251.200000 15647.7413  14.3%   182   44s
  1228   976 16488.3590   98  241 18251.2000 15647.7413  14.3%   177   45s
  1329  1046 15934.6481   39  395 18251.2000 15648.8847  14.3%   188   50s
H 1359  1024                    18185.970000 15648.8847  14.0%   189   51s
  1425  1046 16034.2016   55  345 18185.9700 15648.8847  14.0%   195   55s
  1504  1112 16331.4166   76  233 18185.9700 15648.8847  14.0%   203   60s
H 1592  1105                    17997.110000 15648.8847  13.0%   203   63s
  1600  1127 16908.0580  112  213 17997.1100 15648.8847  13.0%   204   65s
  1662  1164 17631.7421  136   44 17997.1100 15668.6592  12.9%   205   71s
H 1715  1128                    17962.110000 15668.6592  12.8%   204   73s
H 1720  1085                    17929.260000 15668.6592  12.6%   206   73s
  1745  1114 15911.8256   32  458 17929.2600 15668.6592  12.6%   210   76s
H 1746  1070                    17837.509995 15668.6592  12.2%   210   76s
  1788  1109 16007.2700   39  417 17837.5100 15668.6592  12.2%   216   80s
H 1859  1017                    17585.510000 15668.6592  10.9%   219   85s
  1928  1082 16337.4542   60  284 17585.5100 15668.6592  10.9%   223   91s
H 1990  1061                    17527.530000 15668.6592  10.6%   225   95s
H 2017  1023                    17496.660000 15668.6592  10.4%   225   95s
  2080  1077 17402.7603  102  122 17496.6600 15772.4726  9.85%   229  101s
H 2082   952                    17293.460000 15772.4726  8.80%   228  105s
  2215  1012 17187.1771   89    6 17293.4600 15772.4726  8.80%   231  110s
  2276  1130 16061.6113   33  446 17293.4600 15774.2937  8.78%   236  116s
  2383  1162 16283.4795   53  310 17293.4600 15783.6268  8.73%   233  120s
  2477  1261 16162.6266   46  271 17293.4600 15788.3621  8.70%   237  127s
  2546  1294 16007.7939   32  457 17293.4600 15788.3621  8.70%   240  130s
  2644  1395 17115.9624   83  287 17293.4600 15788.3756  8.70%   241  136s
  2692  1459 16217.6042   36  353 17293.4600 15788.3756  8.70%   244  140s
  2758  1488 16097.1850   38  335 17293.4600 15788.3756  8.70%   245  145s
  2861  1588 16940.1077   54  229 17293.4600 15795.6922  8.66%   250  155s
H 2935  1554                    17191.930000 15795.9863  8.12%   253  158s
H 2947  1554                    17188.630000 15795.9863  8.10%   253  159s
H 2947  1307                    16967.960000 15795.9863  6.91%   253  159s
  2955  1315 16304.3935   46  243 16967.9600 15795.9863  6.91%   254  168s
  2963  1363 16449.3102   50  149 16967.9600 15796.1929  6.91%   254  172s
  3031  1416 15885.5798   32  480 16967.9600 15803.1554  6.86%   254  176s
  3084  1458 16268.2595   48  320 16967.9600 15803.5309  6.86%   255  180s
  3143  1480 15981.6696   34  432 16967.9600 15809.5410  6.83%   258  185s
H 3165  1486                    16942.389999 15809.5410  6.69%   263  189s
  3205  1529 16072.7084   45  406 16942.3900 15809.5410  6.69%   266  194s
H 3247  1495                    16913.290000 15809.5410  6.53%   269  194s
  3265  1542 16431.7533   54  308 16913.2900 15809.5410  6.53%   271  199s
  3312  1578 16491.2630   67  272 16913.2900 15813.5279  6.50%   275  204s
  3370  1614 15956.6156   30  378 16913.2900 15814.3621  6.50%   279  209s
  3406  1668 16121.4506   43  345 16913.2900 15814.3621  6.50%   284  214s
  3460  1788 16267.4664   53  341 16913.2900 15814.3621  6.50%   285  220s
  3588  1832 16505.0378   76  210 16913.2900 15819.3946  6.47%   282  225s
  3691  1902 16113.1013   33  383 16913.2900 15822.8289  6.45%   282  235s
  3786  1938 16083.1282   32  365 16913.2900 15822.8811  6.45%   283  240s
  3822  1981 16598.3665   40  359 16913.2900 15822.8811  6.45%   287  247s
  3892  2012     cutoff   57      16913.2900 15823.0790  6.45%   290  253s
  3945  2059 16594.4667   47  271 16913.2900 15837.6098  6.36%   293  259s
H 3949  1875                    16813.040000 15837.6098  5.80%   293  259s
  4021  1927 16203.0699   49  269 16813.0400 15839.0080  5.79%   294  266s
H 4124  1995                    16810.760000 15840.3968  5.77%   294  273s
  4207  2091 16220.5878   50  419 16810.7600 15842.4932  5.76%   296  280s
  4327  2165 16520.3034   54  316 16810.7600 15847.0847  5.73%   296  288s
  4417  2223 16356.3202   43  361 16810.7600 15848.9037  5.72%   298  296s
  4495  2306 16127.3918   46  358 16810.7600 15850.9291  5.71%   303  303s
H 4529  1973                    16654.960000 15850.9291  4.83%   303  304s
  4586  2015 16156.7568   47  321 16654.9600 15851.3267  4.83%   304  311s
  4680  2081 16263.7156   49  366 16654.9600 15854.1378  4.81%   307  319s
  4774  2128 16590.9318   56  251 16654.9600 15859.0579  4.78%   309  327s
  4865  2232 16363.4484   56  300 16654.9600 15861.0176  4.77%   312  336s
  4989  2291 16367.1832   66  163 16654.9600 15861.5862  4.76%   314  345s
  5096  2354 16189.5765   36  246 16654.9600 15861.9535  4.76%   317  354s
  5163  2435 16562.3517   52  195 16654.9600 15863.1589  4.75%   322  363s
  5301  2540 16095.8434   55  295 16654.9600 15865.9620  4.74%   323  373s
  5457  2620 16636.4102   57  268 16654.9600 15868.4998  4.72%   323  383s
  5579  2742 16462.4709   71   89 16654.9600 15871.0541  4.71%   325  394s
  5748  2844 16057.7168   34  454 16654.9600 15880.8550  4.65%   324  405s
  5896  2954     cutoff   50      16654.9600 15883.9589  4.63%   324  417s
  6056  3066 16280.9983   31  502 16654.9600 15892.1845  4.58%   325  429s
  6150  3066 16527.6408   76  113 16654.9600 15894.5012  4.57%   324  430s
  6243  3145 16128.2605   45  362 16654.9600 15896.4394  4.55%   325  440s
  6362  3277 16257.0262   62  242 16654.9600 15900.2099  4.53%   328  454s
  6448  3277 16206.7595   60  280 16654.9600 15902.4598  4.52%   328  455s
  6563  3380 16254.3457   46  230 16654.9600 15903.1708  4.51%   328  466s
  6690  3494 16329.6234   42  330 16654.9600 15903.8802  4.51%   331  477s
  6861  3592 16111.5489   42  401 16654.9600 15907.1901  4.49%   330  489s
  6936  3592     cutoff   72      16654.9600 15907.1901  4.49%   331  490s
  7005  3712     cutoff   66      16654.9600 15908.9268  4.48%   332  501s
  7193  3824 16097.8521   29  448 16654.9600 15914.1727  4.45%   332  514s
  7339  3961 16540.3819   48  329 16654.9600 15919.0568  4.42%   333  526s
  7521  4094 16566.8109   54  167 16654.9600 15921.0960  4.41%   333  540s
  7737  4246 16217.6005   42  362 16654.9600 15926.7647  4.37%   333  555s
  7947  4402 16052.9940   31  516 16654.9600 15928.4878  4.36%   333  568s
  8120  4627 16241.7031   51  249 16654.9600 15929.0157  4.36%   334  582s
H 8403  4430                    16604.510000 15933.8725  4.04%   330  584s
  8437  4562     cutoff   85      16604.5100 15934.6988  4.03%   330  597s
H 8521  4547                    16602.230000 15934.6988  4.02%   330  597s
  8639  4709 16299.6086   65  228 16602.2300 15938.8043  4.00%   330  610s
  8871  4832 16148.6906   45  336 16602.2300 15941.0847  3.98%   329  624s
  8963  4832 16566.7991   75  338 16602.2300 15943.0152  3.97%   329  625s
  9061  4990 16067.5405   34  394 16602.2300 15945.3135  3.96%   330  638s
H 9280  5089                    16601.830000 15949.5260  3.93%   329  651s
  9450  5215 16076.1916   51  263 16601.8300 15950.1206  3.93%   331  665s
  9655  5327     cutoff   52      16601.8300 15952.0490  3.91%   332  678s
  9827  5497 16539.0813   81  292 16601.8300 15954.4514  3.90%   332  693s
 10041  5607 16108.4145   53  344 16601.8300 15954.9408  3.90%   331  707s
 10275  5745 15985.1003   32  429 16601.8300 15957.1596  3.88%   331  719s
 10465  5868 16343.0496   51  345 16601.8300 15958.7981  3.87%   331  733s
 10668  6016 16502.5506   43  326 16601.8300 15962.3694  3.85%   331  746s
 10873  6188 16040.8049   38  311 16601.8300 15965.6425  3.83%   331  760s
 11115  6307 16427.6200   50  285 16601.8300 15966.9760  3.82%   330  774s
 11228  6307 16102.8066   37  403 16601.8300 15968.3659  3.82%   330  775s
 11317  6495 16247.3997   46  315 16601.8300 15968.5884  3.81%   330  788s
 11562  6661 16199.5761   46  372 16601.8300 15969.2489  3.81%   329  802s
 11781  6768 16158.0184   37  378 16601.8300 15971.0241  3.80%   328  815s
 11932  6901 16384.6986   52  329 16601.8300 15973.0412  3.79%   329  828s
 12127  7045 16121.3958   43  331 16601.8300 15975.5385  3.77%   330  842s
 12316  7174 16116.5565   40  368 16601.8300 15976.8748  3.76%   330  855s
 12502  7324 16393.4927   52  251 16601.8300 15978.1079  3.76%   331  869s
 12637  7324 16269.7624   43  340 16601.8300 15978.3717  3.76%   330  870s
 12742  7498 16501.9317   41  445 16601.8300 15978.4745  3.75%   330  883s
 12978  7680 16199.0766   47  224 16601.8300 15982.4055  3.73%   329  896s
 13218  7790 16210.1252   34  383 16601.8300 15984.7621  3.72%   327  910s
 13407  7954 16221.3070   40  293 16601.8300 15986.0324  3.71%   328  924s
 13622  8101 16567.7138   69  193 16601.8300 15986.4510  3.71%   328  938s
 13812  8238 16337.5103   61  257 16601.8300 15986.8263  3.70%   329  951s
 14047  8370 16130.3756   40  319 16601.8300 15987.8336  3.70%   328  965s
 14268  8500 16161.1243   36  398 16601.8300 15989.8398  3.69%   328  978s
 14430  8605 16338.3054   60  263 16601.8300 15990.3823  3.68%   329  991s
 14603  8726 16590.3823   53  289 16601.8300 15991.5856  3.68%   330 1005s
 14772  8890 16363.4662   56  282 16601.8300 15991.8108  3.67%   331 1019s
 14962  8890 16493.6774   71  248 16601.8300 15992.2608  3.67%   331 1020s
 15013  9075 16154.1061   54  233 16601.8300 15992.9196  3.67%   330 1032s
 15272  9202 16409.5530   59  301 16601.8300 15995.9358  3.65%   329 1047s
 15480  9329 16403.7938   46  317 16601.8300 15997.1426  3.64%   329 1061s
 15673  9472 16037.3547   40  460 16601.8300 15997.3875  3.64%   329 1075s
 15857  9597 16397.8329   57  254 16601.8300 15997.9762  3.64%   329 1089s
 15936  9597 16164.0231   40  406 16601.8300 15998.0857  3.64%   330 1090s
 16040  9721 16272.7340   38  337 16601.8300 15998.2142  3.64%   330 1103s
 16231  9870 16503.7293   59  241 16601.8300 15999.5307  3.63%   330 1116s
 16458 10004 16018.9946   40  370 16601.8300 16000.1459  3.62%   330 1131s
 16650 10104 16076.1205   39  439 16601.8300 16000.3942  3.62%   331 1182s
 16792 10309 16562.7741   53  263 16601.8300 16000.9198  3.62%   330 1196s
 17063 10430 16181.4047   43  328 16601.8300 16002.5256  3.61%   329 1211s
 17243 10569 16142.4550   42  442 16601.8300 16003.2430  3.61%   330 1226s
 17439 10731 16136.3528   39  375 16601.8300 16004.0438  3.60%   330 1240s
 17626 10877 16179.6951   38  408 16601.8300 16004.0716  3.60%   331 1255s
 17820 11030 16277.4317   59  393 16601.8300 16004.1085  3.60%   331 1269s
 17921 11030 16333.4758   60  314 16601.8300 16004.1085  3.60%   331 1270s
 18067 11188 16479.6903   43  277 16601.8300 16004.7700  3.60%   330 1284s
 18274 11362 16135.1403   43  386 16601.8300 16005.7295  3.59%   331 1298s
 18524 11510 16449.0268   62  349 16601.8300 16006.8039  3.58%   330 1313s
 18766 11656 16391.3020   39  362 16601.8300 16007.8781  3.58%   330 1328s
 18989 11822 16585.5685   60  359 16601.8300 16008.2820  3.58%   330 1342s
 19231 12034 16319.8753   56  194 16601.8300 16009.3052  3.57%   329 1357s
 19506 12235 16458.1571   95   99 16601.8300 16011.0256  3.56%   328 1372s
 19829 12373 16548.3455  102  208 16601.8300 16011.9226  3.55%   327 1387s
 20040 12546 16237.4673   37  379 16601.8300 16012.6692  3.55%   327 1401s
 20292 12748 16342.1057   54  388 16601.8300 16013.6372  3.54%   327 1416s
 20577 12908 16104.2995   44  453 16601.8300 16014.4109  3.54%   326 1430s
 20797 13083 16568.3896   61  297 16601.8300 16014.5553  3.54%   326 1445s
 21066 13218 16173.0583   38  346 16601.8300 16015.6757  3.53%   325 1460s
 21275 13384     cutoff   50      16601.8300 16015.7619  3.53%   326 1474s
 21542 13528 16307.6454   66  345 16601.8300 16016.5349  3.53%   325 1489s
 21748 13707 16371.1527   40  318 16601.8300 16017.2445  3.52%   325 1503s
 21997 13789 16518.1947   56  308 16601.8300 16017.6121  3.52%   325 1525s
 22090 13982 infeasible   78      16601.8300 16017.9164  3.52%   325 1539s
 22385 14133 16409.4710   44  307 16601.8300 16018.6356  3.51%   324 1554s
 22494 14133 16577.5720   54  327 16601.8300 16019.2855  3.51%   324 1555s
 22600 14266 16518.8535   61  247 16601.8300 16019.3209  3.51%   324 1569s
 22796 14416 16047.5000   43  328 16601.8300 16019.7735  3.51%   325 1582s
 22991 14552 16463.8386   49  250 16601.8300 16020.2254  3.50%   325 1597s
 23217 14659     cutoff   54      16601.8300 16021.0894  3.50%   325 1611s
 23412 14826 16247.2797   42  363 16601.8300 16021.6084  3.49%   325 1625s
 23640 14997 16495.5549   61  306 16601.8300 16021.9114  3.49%   326 1640s
 23891 15143 16337.0344   41  380 16601.8300 16022.6952  3.49%   325 1654s
 24114 15337 16126.5942   53  369 16601.8300 16022.9602  3.49%   325 1669s
 24172 15337 16436.5273   82  217 16601.8300 16022.9602  3.49%   325 1670s
 24386 15506 16166.3441   51  280 16601.8300 16023.6822  3.48%   325 1685s
 24654 15647 16472.4371   41  399 16601.8300 16024.0392  3.48%   324 1700s
 24845 15802 16266.3974   39  399 16601.8300 16024.8812  3.48%   325 1714s
 25074 15969 16431.9916   50  293 16601.8300 16025.3026  3.47%   325 1729s
 25187 15969 16443.5465   72  336 16601.8300 16025.3026  3.47%   324 1730s
 25355 16128 16148.8580   43  381 16601.8300 16025.9880  3.47%   324 1744s
 25459 16128 16222.6293   42  357 16601.8300 16026.3775  3.47%   324 1745s
 25583 16270 16352.4165   49  269 16601.8300 16026.5114  3.47%   324 1759s
 25782 16462 16331.5976   54  352 16601.8300 16026.9108  3.46%   324 1773s
 26049 16592 16203.6664   46  416 16601.8300 16027.4966  3.46%   324 1788s
 26263 16713 16573.3611   53  334 16601.8300 16027.7503  3.46%   324 1802s
 26488 16877 16471.0996   68  340 16601.8300 16028.3692  3.45%   324 1817s
 26745 17048 16139.4559   45  407 16601.8300 16029.0970  3.45%   324 1832s
 27007 17266     cutoff   63      16601.8300 16030.1820  3.44%   323 1848s
 27336 17417 16473.2932   51  334 16601.8300 16030.5508  3.44%   322 1863s
 27588 17555 16230.5558   45  335 16601.8300 16031.2687  3.44%   322 1878s
 27847 17710 16326.7788   57  275 16601.8300 16031.6687  3.43%   322 1892s
 28102 17913 16249.3447   41  360 16601.8300 16032.4156  3.43%   322 1907s
 28392 18081 16057.4223   42  302 16601.8300 16032.7115  3.43%   321 1923s
 28666 18235 16404.8485   77  275 16601.8300 16033.3387  3.42%   321 1939s
H28905 18306                    16593.470000 16033.7912  3.37%   321 1954s
 29011 18306 16512.5005   80  228 16593.4700 16033.8215  3.37%   321 1955s
 29096 18423 16238.3500   39  371 16593.4700 16033.9866  3.37%   321 1970s
 29320 18558 16332.6223   43  265 16593.4700 16034.3246  3.37%   321 1985s
 29497 18690 16442.5279   55  155 16593.4700 16034.3991  3.37%   321 2001s
 29705 18853     cutoff   66      16593.4700 16034.6827  3.37%   322 2016s
 29957 18986 16156.6261   51  302 16593.4700 16035.1225  3.36%   322 2031s
 30163 19138 16303.3637   45  473 16593.4700 16035.4571  3.36%   322 2046s
 30394 19280 16510.9533   58  369 16593.4700 16035.5958  3.36%   322 2061s
 30613 19447 16199.9889   48  298 16593.4700 16035.8700  3.36%   322 2076s
 30861 19585 16269.7847   44  299 16593.4700 16036.0915  3.36%   322 2091s
 31130 19699 16497.1521   50  434 16593.4700 16036.9364  3.35%   321 2105s
 31340 19886 16464.7827   44  368 16593.4700 16037.6729  3.35%   322 2120s
 31640 20004 16398.2872   60  215 16593.4700 16038.0850  3.35%   321 2135s
 31853 20172 16321.8699   47  401 16593.4700 16038.4099  3.35%   321 2151s
 32085 20365 16387.9292   71  135 16593.4700 16038.4914  3.34%   321 2167s
 32406 20520 16221.9392   50  260 16593.4700 16039.1573  3.34%   320 2181s
 32612 20646 16237.8151   46  308 16593.4700 16039.5193  3.34%   320 2196s
 32822 20782 16076.6114   46  462 16593.4700 16039.6766  3.34%   320 2210s
 33037 20928 16099.8447   41  251 16593.4700 16039.9461  3.34%   320 2225s
 33265 21096     cutoff   51      16593.4700 16040.4136  3.33%   320 2239s
 33507 21238 16543.4115   55  410 16593.4700 16040.9551  3.33%   320 2254s
 33772 21404 16172.9729   53  360 16593.4700 16041.6750  3.33%   320 2268s
 34039 21404 16470.2441   80  346 16593.4700 16042.3440  3.32%   319 2270s
 34054 21494 16421.4756   51  383 16593.4700 16042.5088  3.32%   319 2283s
 34184 21676 16230.4417   40  209 16593.4700 16042.7294  3.32%   320 2297s
 34446 21801     cutoff   79      16593.4700 16042.8957  3.32%   320 2312s
 34694 21957 16296.6201   37  365 16593.4700 16043.2260  3.32%   320 2327s
 34938 22082 16111.1727   43  271 16593.4700 16044.1155  3.31%   320 2342s
 35148 22243 16136.9878   53  358 16593.4700 16044.3490  3.31%   320 2358s
 35420 22402 16403.1945   58  352 16593.4700 16044.9074  3.31%   320 2374s
 35670 22584 16298.4193   73  269 16593.4700 16045.3276  3.30%   320 2388s
 35937 22732 16345.8650   59  323 16593.4700 16045.6610  3.30%   319 2403s
 36174 22882 16435.5823   49  284 16593.4700 16045.8175  3.30%   319 2418s
 36419 23071 16293.0399   49  348 16593.4700 16046.4457  3.30%   319 2433s
 36695 23234 16587.5809   49  372 16593.4700 16046.9294  3.29%   319 2448s
 36926 23395 16293.2054   62  195 16593.4700 16047.1689  3.29%   319 2463s
 37142 23569 16166.0456   40  440 16593.4700 16047.3199  3.29%   319 2477s
 37378 23723 16329.2943   70  270 16593.4700 16047.7768  3.29%   319 2492s
 37612 23887 16178.7554   57  376 16593.4700 16048.2057  3.29%   318 2507s
 37836 24062 16502.3415   56  296 16593.4700 16048.4375  3.28%   318 2522s
 38133 24260 16301.3181   48  264 16593.4700 16049.2452  3.28%   318 2538s
 38418 24401 infeasible   59      16593.4700 16049.5788  3.28%   318 2553s
 38644 24600 16308.0001   43  431 16593.4700 16049.7896  3.28%   318 2570s
 38939 24776 16427.8979   55  239 16593.4700 16050.1434  3.27%   318 2586s
 39216 24921 16440.9122   62  329 16593.4700 16050.4047  3.27%   317 2601s
 39456 25120 16241.0401   50  245 16593.4700 16050.6289  3.27%   318 2616s
 39740 25261 16543.6132   58  290 16593.4700 16050.7390  3.27%   317 2632s
 39978 25406 16417.1106   42  443 16593.4700 16050.9861  3.27%   317 2646s
 40190 25626 16223.8391   43  381 16593.4700 16051.3962  3.27%   317 2661s
 40499 25794 16520.8211   65  337 16593.4700 16051.8896  3.26%   317 2677s
 40740 26044 16590.0328   57  269 16593.4700 16052.1827  3.26%   317 2693s
 41017 26044 16406.6593   70   80 16593.4700 16052.4039  3.26%   316 2695s
 41106 26198 16178.1997   54  305 16593.4700 16052.4146  3.26%   316 2710s
 41360 26344 16376.1884   43  314 16593.4700 16052.6857  3.26%   316 2725s
 41586 26429 16256.3964   57  362 16593.4700 16052.9965  3.26%   316 2744s
 41730 26573 16521.5204   41  354 16593.4700 16053.2751  3.26%   316 2759s
 41961 26786 16125.1152   43  394 16593.4700 16053.5123  3.25%   316 2775s
 42250 26899 16379.5217   64  272 16593.4700 16053.7668  3.25%   316 2791s
 42438 27099 16238.7299   44  311 16593.4700 16053.9192  3.25%   316 2808s
 42737 27332 16394.8135   43  283 16593.4700 16054.2775  3.25%   316 2824s
 43074 27513 16504.2735   55  299 16593.4700 16054.5652  3.25%   316 2841s
 43328 27758 16434.4714   65  153 16593.4700 16054.6717  3.25%   316 2858s
 43680 27928 16156.1988   48  344 16593.4700 16054.9640  3.25%   315 2875s
 43956 28080 16400.5606   51  417 16593.4700 16055.1880  3.24%   315 2891s
 44226 28255 16097.6388   48  324 16593.4700 16055.5275  3.24%   315 2908s
 44501 28368     cutoff   76      16593.4700 16055.7890  3.24%   315 2924s
 44737 28578 16206.9108   34  471 16593.4700 16055.9015  3.24%   315 2939s
 44957 28578 16572.5917   81  126 16593.4700 16056.0764  3.24%   315 2940s
 45035 28715 16377.8391   47  192 16593.4700 16056.1590  3.24%   315 2954s
 45136 28715     cutoff   75      16593.4700 16056.2919  3.24%   315 2955s
 45236 28894 16544.6128   62  240 16593.4700 16056.3480  3.24%   315 2970s
 45516 29130 16192.8820   50  309 16593.4700 16056.6951  3.23%   315 2986s
 45854 29258 16245.7913   47  372 16593.4700 16057.1255  3.23%   314 3002s
 46055 29442 16250.5189   49  275 16593.4700 16057.4816  3.23%   314 3065s
H46210 26516                    16521.020000 16057.4816  2.81%   314 3068s
 46331 26639     cutoff   63      16521.0200 16057.8830  2.80%   314 3084s
 46583 26824 16321.8220   45  317 16521.0200 16058.0012  2.80%   314 3100s
H46709 25769                    16504.020000 16058.0012  2.70%   314 3101s
 46848 25875 16222.5912   39  460 16504.0200 16058.4687  2.70%   314 3116s
 47062 26024     cutoff   55      16504.0200 16058.6243  2.70%   314 3131s
 47302 26203 16135.9915   45  358 16504.0200 16059.0541  2.70%   314 3147s
 47607 26357 16193.9653   49  299 16504.0200 16059.4721  2.69%   314 3162s
 47868 26508 16125.3513   42  398 16504.0200 16060.1311  2.69%   314 3178s
 48123 26731 16106.4778   46  317 16504.0200 16060.4357  2.69%   314 3194s
 48279 26731     cutoff   66      16504.0200 16060.7527  2.69%   313 3195s
 48474 26882 16207.0455   45  236 16504.0200 16060.7796  2.69%   313 3211s
 48726 27030 16428.2979   48  386 16504.0200 16061.1406  2.68%   313 3226s
 49019 27168 16215.4131   52  229 16504.0200 16061.3546  2.68%   313 3242s
 49267 27324 16342.2869   44  204 16504.0200 16061.6432  2.68%   313 3258s
 49482 27452     cutoff   62      16504.0200 16061.7724  2.68%   313 3272s
 49738 27583 16142.7384   46  377 16504.0200 16062.0613  2.68%   313 3287s
 49957 27751 16464.6986   44  453 16504.0200 16062.6473  2.67%   313 3302s
 50238 27902 16479.6584   56  381 16504.0200 16062.9934  2.67%   313 3317s
 50485 28106 16333.0745   48  241 16504.0200 16063.2962  2.67%   313 3332s
 50758 28245 16329.3991   57  294 16504.0200 16063.4500  2.67%   313 3348s
 51033 28403 infeasible   58      16504.0200 16063.9017  2.67%   313 3363s
 51325 28535 16339.4395   58  362 16504.0200 16064.2426  2.66%   313 3379s
 51579 28687 16102.9632   48  333 16504.0200 16064.6146  2.66%   313 3394s
 51701 28687 16479.2810   61  199 16504.0200 16064.9296  2.66%   313 3395s
 51836 28801 16232.4333   49  286 16504.0200 16065.0093  2.66%   313 3410s
 52054 28961 16155.2254   36  266 16504.0200 16065.4926  2.66%   313 3426s
 52347 29131 16336.4837   51  298 16504.0200 16065.7210  2.66%   313 3443s
 52620 29281 16359.3143   42  414 16504.0200 16066.0999  2.65%   313 3459s
 52887 29408 16091.8623   41  474 16504.0200 16066.4043  2.65%   313 3475s
 53110 29558 16476.5622   58  256 16504.0200 16066.7994  2.65%   313 3490s
 53370 29677 16375.2668   52  401 16504.0200 16067.0970  2.65%   313 3505s
 53598 29820 16293.9618   68  329 16504.0200 16067.2775  2.65%   313 3521s
 53853 29990 16104.8382   44  397 16504.0200 16067.5472  2.64%   313 3537s
 54121 30128 16222.9643   40  408 16504.0200 16067.7343  2.64%   313 3552s
 54348 30283 16480.7443   49  305 16504.0200 16068.0954  2.64%   313 3568s
 54611 30420 16138.0559   47  425 16504.0200 16068.4953  2.64%   313 3584s
 54828 30590 16182.9812   47  382 16504.0200 16068.7659  2.64%   313 3600s

Cutting planes:
  User: 2403
  Gomory: 77
  Cover: 278
  Implied bound: 36
  Clique: 7
  MIR: 214
  StrongCG: 4
  Flow cover: 536
  Zero half: 21
  RLT: 259
  Relax-and-lift: 3
  Lazy constraints: 561

Explored 55130 nodes (17266671 simplex iterations) in 3601.51 seconds
Thread count was 2 (of 32 available processors)

Solution count 10: 16504 16521 16593.5 ... 16913.3

Time limit reached
Best objective 1.650402000000e+04, best bound 1.606885525364e+04, gap 2.6367%

User-callback calls 307851, time in user-callback 229.94 sec
================================================================================
executing instance: ./input/Instances/Original/6/absH6high_1n20.dat
--------------------------------------------------------------------------------
Instance details
n	21
H	6
C	1651
Li:
[0, 0, 0, 0, 0, 0, 0, 0, 0, 0, 0, 0, 0, 0, 0, 0, 0, 0, 0, 0, 0, ]
Ui:
[0, 36, 182, 182, 90, 261, 117, 30, 110, 42, 276, 153, 40, 94, 144, 46, 129, 213, 264, 160, 174, ]
Distance matrix:
|0	371	401	343	361	341	370	115	392	400	79	266	292	245	355	431	265	194	95	92	348	|
|371	0	37	141	110	250	117	438	67	131	372	305	115	238	247	255	235	296	392	430	185	|
|401	37	0	175	100	284	146	472	90	156	406	342	152	275	280	282	242	333	415	455	178	|
|343	141	175	0	239	110	38	374	95	60	314	182	67	130	106	127	318	201	397	423	303	|
|361	110	100	239	0	341	222	451	177	240	385	374	190	304	341	361	151	345	354	398	78	|
|341	250	284	110	341	0	143	337	203	151	289	102	152	97	15	95	394	156	415	431	398	|
|370	117	146	38	222	143	0	407	61	30	346	220	81	167	137	139	317	237	417	447	292	|
|115	438	472	374	451	337	407	0	443	434	66	241	339	251	351	431	374	181	201	177	450	|
|392	67	90	95	177	203	61	443	0	66	379	275	104	216	197	193	294	283	427	461	252	|
|400	131	156	60	240	151	30	434	66	0	374	237	112	189	142	127	344	261	448	477	312	|
|79	372	406	314	385	289	346	66	379	374	0	202	275	197	304	383	316	134	175	166	388	|
|266	305	342	182	374	102	220	241	275	237	202	0	191	70	117	196	386	73	352	359	415	|
|292	115	152	67	190	152	81	339	104	112	275	191	0	123	154	193	252	183	336	366	246	|
|245	238	275	130	304	97	167	251	216	189	197	70	123	0	110	187	322	72	319	334	346	|
|355	247	280	106	341	15	137	351	197	142	304	117	154	110	0	80	399	171	427	444	400	|
|431	255	282	127	361	95	139	431	193	127	383	196	193	187	80	0	444	251	499	519	429	|
|265	235	242	318	151	394	317	374	294	344	316	386	252	322	399	444	0	332	226	273	97	|
|194	296	333	201	345	156	237	181	283	261	134	73	183	72	171	251	332	0	279	286	375	|
|95	392	415	397	354	415	417	201	427	448	175	352	336	319	427	499	226	279	0	47	321	|
|92	430	455	423	398	431	447	177	461	477	166	359	366	334	444	519	273	286	47	0	368	|
|348	185	178	303	78	398	292	450	252	312	388	415	246	346	400	429	97	375	321	368	0	|

--------------------------------------------------------------------------------
Building model...
	using lazy and cut (CVRPSEP package)
Solving IRP LP...
--------------------------------------------------------------------------------

Gurobi 9.1.0 (linux64) logging started Sun Jan 10 09:53:25 2021

Gurobi Optimizer version 9.1.0 build v9.1.0rc0 (linux64)
Thread count: 32 physical cores, 32 logical processors, using up to 2 threads
Optimize a model with 1137 rows, 3159 columns and 9363 nonzeros
Model fingerprint: 0x6bb3e39d
Variable types: 387 continuous, 2772 integer (252 binary)
Coefficient statistics:
  Matrix range     [1e+00, 8e+02]
  Objective range  [1e-01, 5e+02]
  Bounds range     [1e+00, 3e+02]
  RHS range        [1e+01, 3e+03]
Presolve removed 448 rows and 82 columns
Presolve time: 0.04s
Presolved: 689 rows, 3077 columns, 7173 nonzeros
Variable types: 305 continuous, 2772 integer (2532 binary)

Root relaxation: objective 1.251625e+04, 782 iterations, 0.01 seconds

    Nodes    |    Current Node    |     Objective Bounds      |     Work
 Expl Unexpl |  Obj  Depth IntInf | Incumbent    BestBd   Gap | It/Node Time

     0     0 12516.2487    0  170          - 12516.2487      -     -    0s
     0     0 12767.8190    0  188          - 12767.8190      -     -    0s
     0     0 12773.2557    0  181          - 12773.2557      -     -    0s
     0     0 12786.3164    0  196          - 12786.3164      -     -    0s
     0     0 12802.7788    0  189          - 12802.7788      -     -    0s
     0     0 12802.7788    0  190          - 12802.7788      -     -    0s
     0     0 13123.8886    0  234          - 13123.8886      -     -    0s
     0     0 13221.1070    0  235          - 13221.1070      -     -    0s
     0     0 13228.7727    0  254          - 13228.7727      -     -    0s
     0     0 13229.5397    0  246          - 13229.5397      -     -    0s
     0     0 13229.5842    0  256          - 13229.5842      -     -    0s
     0     0 13409.8730    0  278          - 13409.8730      -     -    0s
     0     0 13462.4734    0  290          - 13462.4734      -     -    0s
     0     0 13494.9816    0  281          - 13494.9816      -     -    0s
     0     0 13506.0178    0  312          - 13506.0178      -     -    0s
     0     0 13506.7154    0  313          - 13506.7154      -     -    0s
     0     0 13656.1214    0  336          - 13656.1214      -     -    0s
     0     0 13662.6408    0  316          - 13662.6408      -     -    0s
     0     0 13664.2427    0  313          - 13664.2427      -     -    0s
     0     0 13706.8218    0  338          - 13706.8218      -     -    1s
     0     0 13718.4802    0  350          - 13718.4802      -     -    1s
     0     0 13724.5807    0  303          - 13724.5807      -     -    1s
     0     0 13734.9524    0  353          - 13734.9524      -     -    1s
     0     0 13743.9674    0  305          - 13743.9674      -     -    1s
     0     0 13766.6511    0  334          - 13766.6511      -     -    1s
     0     0 13796.1480    0  358          - 13796.1480      -     -    1s
     0     0 13797.8737    0  344          - 13797.8737      -     -    1s
     0     0 13824.1821    0  331          - 13824.1821      -     -    1s
     0     0 13825.7388    0  331          - 13825.7388      -     -    1s
     0     0 13835.1832    0  317          - 13835.1832      -     -    1s
     0     0 13835.1832    0  308          - 13835.1832      -     -    1s
     0     2 13835.3692    0  305          - 13835.3692      -     -    2s
    96    99 14337.3236   30  221          - 14016.5160      -   266    5s
   494   501 18527.4200  175    -          - 14025.1296      -   115   10s
   731   690 16408.4659  113  373          - 14034.5802      -   111   15s
   754   708 14141.4823   13  400          - 14139.7932      -   122   20s
   822   754 14360.2913   29  279          - 14148.7939      -   141   25s
   936   838 14673.0586   63  213          - 14148.7939      -   152   30s
  1082   949 15490.5261  108  218          - 14148.7939      -   153   35s
  1292  1103 16084.3604  180  145          - 14148.7939      -   148   40s
  1556  1292 16803.5237  255  115          - 14148.7939      -   138   45s
  1850  1496 17228.4037  305  144          - 14148.7939      -   127   50s
  2125  1509 18954.1999  385   90          - 14163.5814      -   117   55s
  2246  1583 14422.6121   35  284          - 14163.5814      -   120   60s
  2485  1833 14607.6431   51  244          - 14163.5814      -   115   65s
  2745  1893 15092.6892   86  155          - 14163.5814      -   112   70s
  2940  2032 16233.5053  199   44          - 14163.5814      -   109   75s
  3334  2461 14309.8733   20  341          - 14164.6056      -   102   82s
