




arguments: ./build/mirp_solver -f ./input/orig_exec_163.cfg
Current dir: /scratch/gui/bnc_mirp
File verbosity level: 9
date       time         ( uptime  ) [ thread name/id ]                   file:line     v| 
2021-01-10 03:24:39.645 (   0.111s) [main thread     ]             loguru.cpp:789   INFO| Logging to './output/vi_hc3/OU/V2/Original/execution_10_01_2021_03_24_39.log', mode: 'a', verbosity: 9
--------------------------------------------------------------------------------
Parameters
                           instance_path           ./input/Instances/Original/5/
                            model_policy                                       1
                             nb_vehicles                                       2
                              output_dir         ./output/vi_hc3/OU/V2/Original/
                            sec_strategy                                       1
                       solver_nb_threads                                       2
                         solver_show_log                                    true
                       solver_time_limit                                    3600
                              use_vi_cos                                   false
                              use_vi_cus                                   false
                         use_vi_hc1_full                                   false
                         use_vi_hc1_half                                   false
                      use_vi_hc1_quarter                                   false
                              use_vi_hc2                                   false
                              use_vi_hc3                                    true
                         use_vi_lex_full                                   false
                         use_vi_lex_half                                   false
                      use_vi_lex_quarter                                   false
                              use_vi_qua                                   false
                               use_vi_vc                                   false
                               use_vi_vr                                   false
--------------------------------------------------------------------------------
executing instance: ./input/Instances/Original/5/absH3low_4n50.dat
--------------------------------------------------------------------------------
Instance details
n	51
H	3
C	4066
Li:
[0, 0, 0, 0, 0, 0, 0, 0, 0, 0, 0, 0, 0, 0, 0, 0, 0, 0, 0, 0, 0, 0, 0, 0, 0, 0, 0, 0, 0, 0, 0, 0, 0, 0, 0, 0, 0, 0, 0, 0, 0, 0, 0, 0, 0, 0, 0, 0, 0, 0, 0, ]
Ui:
[0, 108, 126, 122, 66, 120, 48, 30, 128, 54, 158, 198, 36, 66, 210, 234, 147, 297, 171, 128, 116, 120, 219, 70, 294, 207, 134, 128, 234, 122, 22, 183, 195, 255, 132, 124, 66, 189, 219, 66, 128, 102, 288, 66, 87, 136, 36, 39, 282, 36, 237, ]
Distance matrix:
|0	210	444	498	509	104	438	228	487	304	456	434	526	476	163	47	293	396	293	290	313	85	280	437	293	336	409	106	449	376	433	478	193	404	404	534	278	181	380	507	189	438	263	473	353	216	202	218	452	254	465	|
|210	0	299	507	359	106	345	409	358	411	320	402	555	448	136	200	289	264	306	427	141	222	83	348	264	320	283	303	380	208	258	357	170	348	475	542	243	347	355	379	65	479	172	373	355	251	112	229	402	210	300	|
|444	299	0	363	65	358	116	542	66	440	26	241	425	272	282	407	251	51	276	490	159	397	224	124	217	237	48	490	170	99	83	74	261	180	430	385	214	479	231	85	270	390	184	116	271	300	409	276	210	215	54	|
|498	507	363	0	385	482	246	424	326	254	343	123	63	93	388	452	221	337	211	314	428	414	480	239	243	187	324	463	194	418	438	307	346	188	156	36	264	392	156	326	444	87	340	258	154	286	603	294	153	297	417	|
|509	359	65	385	0	422	145	602	59	492	59	269	448	292	348	472	305	115	329	545	218	462	281	152	274	286	106	554	192	153	116	78	326	216	472	403	274	540	271	63	334	425	249	127	316	361	468	337	233	278	69	|
|104	106	358	482	422	0	372	309	408	337	374	396	521	441	98	96	262	314	271	342	215	124	177	373	249	302	329	198	394	281	337	402	139	353	419	518	230	250	343	428	90	437	188	405	328	200	134	188	406	199	372	|
|438	345	116	246	145	372	0	485	87	357	97	126	309	155	279	394	180	101	200	414	223	373	288	8	157	150	84	459	53	188	196	68	245	72	328	269	165	427	128	97	297	280	184	36	175	250	456	233	94	184	170	|
|228	409	542	424	602	309	485	0	561	170	544	419	424	446	298	214	305	491	286	115	462	187	457	480	331	339	496	124	470	510	565	545	295	424	279	454	329	66	376	576	363	340	370	520	330	242	429	266	453	328	581	|
|487	358	66	326	59	408	87	561	0	441	40	211	389	233	324	446	258	95	281	497	220	431	287	95	230	234	79	522	133	164	146	19	297	160	415	344	233	500	215	21	323	367	224	68	261	320	470	299	174	242	106	|
|304	411	440	254	492	337	357	170	441	0	434	266	255	286	275	266	189	392	164	63	408	225	428	351	224	207	392	234	330	438	484	424	250	287	112	284	232	149	233	453	349	170	302	389	185	168	471	195	305	248	487	|
|456	320	26	343	59	374	97	544	40	434	0	223	406	252	294	418	247	60	271	487	181	405	247	105	215	229	49	498	149	124	109	48	270	165	419	364	215	482	218	60	288	375	194	92	261	302	431	279	190	220	75	|
|434	402	241	123	269	396	126	419	211	266	223	0	185	46	298	387	140	213	145	328	310	355	366	118	147	97	201	425	78	295	315	191	256	65	211	151	166	371	53	215	343	157	231	145	90	220	505	217	41	198	295	|
|526	555	425	63	448	521	309	424	389	255	406	185	0	156	430	481	266	398	252	310	485	442	534	301	293	237	386	480	257	478	500	370	390	249	145	55	313	401	212	389	491	89	392	321	201	322	646	334	216	345	479	|
|476	448	272	93	292	441	155	446	233	286	252	46	156	0	343	429	183	250	184	348	353	396	411	148	192	140	236	461	102	334	350	214	302	106	214	113	212	402	98	233	389	151	277	165	125	261	551	260	62	244	325	|
|163	136	282	388	348	98	279	298	324	275	294	298	430	343	0	124	167	234	178	296	167	121	162	279	151	205	247	216	297	224	280	316	42	256	340	423	132	232	246	344	74	349	100	314	233	115	216	97	308	101	307	|
|47	200	407	452	472	96	394	214	446	266	418	387	481	429	124	0	246	358	245	259	284	41	261	392	247	289	370	103	403	345	402	436	150	358	361	488	232	158	333	466	165	393	223	430	306	168	217	171	406	210	431	|
|293	289	251	221	305	262	180	305	258	189	247	140	266	183	167	246	0	204	26	240	238	215	276	175	37	43	203	289	169	255	297	242	125	122	202	257	52	248	87	272	225	191	134	215	67	80	382	77	163	81	298	|
|396	264	51	337	115	314	101	491	95	392	60	213	398	250	234	358	204	0	229	442	130	347	196	108	169	194	19	440	152	87	102	93	211	149	390	363	165	428	194	116	228	355	134	117	230	250	376	225	189	164	95	|
|293	306	276	211	329	271	200	286	281	164	271	145	252	184	178	245	26	229	0	216	262	212	297	195	63	53	228	280	184	280	323	264	138	137	178	248	76	232	95	294	241	173	156	234	60	77	395	83	172	102	324	|
|290	427	490	314	545	342	414	115	497	63	487	328	310	348	296	259	240	442	216	0	443	220	456	408	273	264	443	204	390	479	529	480	278	346	165	343	278	115	293	509	369	229	340	447	244	202	473	230	366	288	536	|
|313	141	159	428	218	215	223	462	220	408	181	310	485	353	167	284	238	130	262	443	0	288	67	228	202	252	149	382	267	67	122	221	168	247	440	459	186	396	273	241	125	423	107	245	291	242	251	214	297	162	160	|
|85	222	397	414	462	124	373	187	431	225	405	355	442	396	121	41	215	347	212	220	288	0	273	371	221	258	357	95	378	344	401	420	136	331	321	450	208	126	302	450	177	353	213	409	272	136	253	143	377	190	426	|
|280	83	224	480	281	177	288	457	287	428	247	366	534	411	162	261	276	196	297	456	67	273	0	292	243	298	215	363	329	128	176	288	179	305	475	513	224	392	324	307	96	466	143	311	335	261	187	235	357	195	219	|
|437	348	124	239	152	373	8	480	95	351	105	118	301	148	279	392	175	108	195	408	228	371	292	0	154	144	91	456	46	194	203	76	244	65	320	261	163	423	121	103	299	273	185	40	168	247	459	230	86	183	178	|
|293	264	217	243	274	249	157	331	230	224	215	147	293	192	151	247	37	169	63	273	202	221	243	154	0	57	170	303	157	217	260	215	110	111	238	278	21	271	94	245	201	223	100	193	92	93	362	78	160	54	263	|
|336	320	237	187	286	302	150	339	234	207	229	97	237	140	205	289	43	194	53	264	252	258	298	144	57	0	190	331	131	257	294	216	163	84	197	221	77	285	44	246	258	172	155	183	39	123	418	119	120	110	288	|
|409	283	48	324	106	329	84	496	79	392	49	201	386	236	247	370	203	19	228	443	149	357	215	91	170	190	0	449	136	105	114	75	221	138	384	349	168	434	185	99	245	346	146	98	224	255	394	231	174	171	99	|
|106	303	490	463	554	198	459	124	522	234	498	425	480	461	216	103	289	440	280	204	382	95	363	456	303	331	449	0	458	439	496	510	229	410	344	498	293	89	374	540	267	391	307	495	336	211	308	226	451	280	520	|
|449	380	170	194	192	394	53	470	133	330	149	78	257	102	297	403	169	152	184	390	267	378	329	46	157	131	136	458	0	238	249	114	259	47	287	216	171	416	96	137	327	235	211	67	145	247	488	235	41	197	223	|
|376	208	99	418	153	281	188	510	164	438	124	295	478	334	224	345	255	87	280	479	67	344	128	194	217	257	105	439	238	0	57	169	216	230	453	445	206	445	268	184	191	427	141	202	296	278	315	250	274	191	92	|
|433	258	83	438	116	337	196	565	146	484	109	315	500	350	280	402	297	102	323	529	122	401	176	203	260	294	114	496	249	57	0	157	271	252	490	463	251	499	296	162	247	457	195	199	331	329	362	302	288	241	47	|
|478	357	74	307	78	402	68	545	19	424	48	191	370	214	316	436	242	93	264	480	221	420	288	76	215	216	75	510	114	169	157	0	287	141	396	325	219	485	196	31	319	347	216	49	243	306	469	286	154	230	120	|
|193	170	261	346	326	139	245	295	297	250	270	256	390	302	42	150	125	211	138	278	168	136	179	244	110	163	221	229	259	216	271	287	0	216	305	382	91	229	204	316	105	310	78	280	192	83	257	60	268	62	292	|
|404	348	180	188	216	353	72	424	160	287	165	65	249	106	256	358	122	149	137	346	247	331	305	65	111	84	138	410	47	230	252	141	216	0	255	215	126	369	56	168	292	210	177	102	103	200	454	189	54	155	234	|
|404	475	430	156	472	419	328	279	415	112	419	211	145	214	340	361	202	390	178	165	440	321	475	320	238	197	384	344	287	453	490	396	305	255	0	181	254	261	201	422	410	69	335	353	160	225	551	246	252	280	482	|
|534	542	385	36	403	518	269	454	344	284	364	151	55	113	423	488	257	363	248	343	459	450	513	261	278	221	349	498	216	445	463	325	382	215	181	0	298	425	189	342	479	115	373	276	190	323	638	330	175	332	439	|
|278	243	214	264	274	230	165	329	233	232	215	166	313	212	132	232	52	165	76	278	186	208	224	163	21	77	168	293	171	206	251	219	91	126	254	298	0	267	114	250	181	242	82	202	112	88	341	68	177	33	258	|
|181	347	479	392	540	250	427	66	500	149	482	371	401	402	232	158	248	428	232	115	396	126	392	423	271	285	434	89	416	445	499	485	229	369	261	425	267	0	325	516	298	313	305	463	281	180	375	203	403	264	516	|
|380	355	231	156	271	343	128	376	215	233	218	53	212	98	246	333	87	194	95	293	273	302	324	121	94	44	185	374	96	268	296	196	204	56	201	189	114	325	0	224	294	161	185	157	49	167	455	163	78	147	284	|
|507	379	85	326	63	428	97	576	21	453	60	215	389	233	344	466	272	116	294	509	241	450	307	103	245	246	99	540	137	184	162	31	316	168	422	342	250	516	224	0	344	371	244	70	271	337	490	317	176	261	120	|
|189	65	270	444	334	90	297	363	323	349	288	343	491	389	74	165	225	228	241	369	125	177	96	299	201	258	245	267	327	191	247	319	105	292	410	479	181	298	294	344	0	414	116	328	291	187	163	165	345	147	282	|
|438	479	390	87	425	437	280	340	367	170	375	157	89	151	349	393	191	355	173	229	423	353	466	273	223	172	346	391	235	427	457	347	310	210	69	115	242	313	161	371	414	0	323	301	133	238	565	253	197	273	444	|
|263	172	184	340	249	188	184	370	224	302	194	231	392	277	100	223	134	134	156	340	107	213	143	185	100	155	146	307	211	141	195	216	78	177	335	373	82	305	185	244	116	323	0	217	192	138	278	110	230	55	214	|
|473	373	116	258	127	405	36	520	68	389	92	145	321	165	314	430	215	117	234	447	245	409	311	40	193	183	98	495	67	202	199	49	280	102	353	276	202	463	157	70	328	301	217	0	205	286	485	269	106	220	167	|
|353	355	271	154	316	328	175	330	261	185	261	90	201	125	233	306	67	230	60	244	291	272	335	168	92	39	224	336	145	296	331	243	192	103	160	190	112	281	49	271	291	133	192	205	0	138	449	141	123	145	323	|
|216	251	300	286	361	200	250	242	320	168	302	220	322	261	115	168	80	250	77	202	242	136	261	247	93	123	255	211	247	278	329	306	83	200	225	323	88	180	167	337	187	238	138	286	138	0	328	28	243	88	340	|
|202	112	409	603	468	134	456	429	470	471	431	505	646	551	216	217	382	376	395	473	251	253	187	459	362	418	394	308	488	315	362	469	257	454	551	638	341	375	455	490	163	565	278	485	449	328	0	313	508	308	406	|
|218	229	276	294	337	188	233	266	299	195	279	217	334	260	97	171	77	225	83	230	214	143	235	230	78	119	231	226	235	250	302	286	60	189	246	330	68	203	163	317	165	253	110	269	141	28	313	0	235	61	315	|
|452	402	210	153	233	406	94	453	174	305	190	41	216	62	308	406	163	189	172	366	297	377	357	86	160	120	174	451	41	274	288	154	268	54	252	175	177	403	78	176	345	197	230	106	123	243	508	235	0	207	264	|
|254	210	215	297	278	199	184	328	242	248	220	198	345	244	101	210	81	164	102	288	162	190	195	183	54	110	171	280	197	191	241	230	62	155	280	332	33	264	147	261	147	273	55	220	145	88	308	61	207	0	253	|
|465	300	54	417	69	372	170	581	106	487	75	295	479	325	307	431	298	95	324	536	160	426	219	178	263	288	99	520	223	92	47	120	292	234	482	439	258	516	284	120	282	444	214	167	323	340	406	315	264	253	0	|

--------------------------------------------------------------------------------
Building model...
	using lazy and cut (CVRPSEP package)
Solving IRP LP...
--------------------------------------------------------------------------------

Gurobi 9.1.0 (linux64) logging started Sun Jan 10 03:24:39 2021

Gurobi Optimizer version 9.1.0 build v9.1.0rc0 (linux64)
Thread count: 32 physical cores, 32 logical processors, using up to 2 threads
Optimize a model with 1419 rows, 8460 columns and 22947 nonzeros
Model fingerprint: 0xf106d386
Variable types: 504 continuous, 7956 integer (306 binary)
Coefficient statistics:
  Matrix range     [1e+00, 2e+03]
  Objective range  [1e-02, 6e+02]
  Bounds range     [1e+00, 3e+02]
  RHS range        [1e+01, 7e+03]
Presolve removed 562 rows and 140 columns
Presolve time: 0.07s
Presolved: 857 rows, 8320 columns, 17963 nonzeros
Variable types: 364 continuous, 7956 integer (7656 binary)

Root relaxation: objective 3.280950e+03, 853 iterations, 0.03 seconds

    Nodes    |    Current Node    |     Objective Bounds      |     Work
 Expl Unexpl |  Obj  Depth IntInf | Incumbent    BestBd   Gap | It/Node Time

     0     0 3280.94990    0  135          - 3280.94990      -     -    0s
     0     0 3623.39438    0  137          - 3623.39438      -     -    0s
     0     0 3624.54640    0  105          - 3624.54640      -     -    0s
     0     0 3624.54640    0  109          - 3624.54640      -     -    0s
     0     0 4280.57590    0  194          - 4280.57590      -     -    0s
     0     0 4317.23222    0  218          - 4317.23222      -     -    0s
     0     0 4326.29508    0  223          - 4326.29508      -     -    0s
     0     0 4345.27531    0  182          - 4345.27531      -     -    0s
     0     0 4349.70755    0  230          - 4349.70755      -     -    0s
     0     0 4350.71485    0  186          - 4350.71485      -     -    0s
     0     0 4435.31207    0  255          - 4435.31207      -     -    1s
     0     0 4447.05203    0  226          - 4447.05203      -     -    1s
     0     0 4454.28840    0  203          - 4454.28840      -     -    1s
     0     0 4454.52424    0  180          - 4454.52424      -     -    1s
     0     0 4496.72708    0  237          - 4496.72708      -     -    1s
     0     0 4506.64453    0  278          - 4506.64453      -     -    1s
     0     0 4509.53065    0  272          - 4509.53065      -     -    1s
     0     0 4511.73837    0  289          - 4511.73837      -     -    1s
     0     0 4512.35185    0  293          - 4512.35185      -     -    2s
     0     0 4532.30497    0  316          - 4532.30497      -     -    2s
     0     0 4538.91890    0  360          - 4538.91890      -     -    2s
     0     0 4542.85381    0  268          - 4542.85381      -     -    2s
     0     0 4543.49305    0  366          - 4543.49305      -     -    2s
     0     0 4549.84322    0  332          - 4549.84322      -     -    2s
     0     0 4549.84322    0  299          - 4549.84322      -     -    3s
     0     2 4550.96641    0  310          - 4550.96641      -     -    4s
    11    14 4570.17228    4  326          - 4557.76020      -   285    5s
    83    90 4778.03882   20  291          - 4557.76020      -   269   10s
   313   313 5763.73000  149   30          - 4557.76020      -   128   15s
   545   522 4630.89112    8  343          - 4557.76020      -  95.4   20s
   695   669 4667.04433   16  323          - 4570.43526      -  95.4   25s
   733   696 6135.90973  204  395          - 4570.43526      -  97.1   30s
   746   705 5155.23506   51  476          - 4595.36236      -  95.4   35s
   757   712 4675.92541   17  437          - 4606.01764      -  94.0   40s
   769   720 4906.60280   36  467          - 4609.83085      -  92.6   45s
   774   723 5613.75333  154  438          - 4609.88437      -  92.0   50s
   779   730 4627.17024   13  324          - 4614.60054      -   104   55s
   807   749 4671.87782   21  357          - 4620.33913      -   115   60s
   841   773 4741.06624   29  307          - 4620.33913      -   126   65s
   892   812 4903.06313   42  144          - 4620.33913      -   138   70s
   945   852 5081.23137   55   84          - 4620.33913      -   143   75s
  1056   941 5264.55870   93   81          - 4620.33913      -   140   82s
  1122   990 5846.23667  117   14          - 4620.33913      -   137   85s
  1274  1096 6708.66000  173    4          - 4620.33913      -   128   91s
  1408  1175 7438.20000  227    -          - 4620.33913      -   120   96s
  1573  1244 9540.25500  293    2          - 4620.33913      -   111  100s
  1730  1253 11238.4700  340    -          - 4627.19803      -   103  105s
  1801  1305 4686.88800   21  387          - 4627.19803      -   103  111s
  1877  1352 4762.28150   30  338          - 4627.19803      -   105  115s
  1942  1403 4787.00956   36  365          - 4627.19803      -   105  120s
  1965  1414 4816.55665   39  260          - 4627.19803      -   105  127s
  2010  1444 4848.45845   48  206          - 4627.19803      -   106  130s
  2127  1513 5003.36460   52  196          - 4627.19803      -   104  137s
  2181  1518 5121.27966   56  147          - 4627.19803      -   105  140s
  2222  1555 5029.72965   82  146          - 4627.19803      -   106  146s
  2279  1600 5117.27181  101  149          - 4627.19803      -   107  151s
  2353  1703 5251.97751  137   66          - 4627.19803      -   107  157s
  2429  1743 5241.07335  183   93          - 4627.19803      -   105  160s
  2575  1928 5460.66650  284   47          - 4627.19803      -   102  168s
  2716  1892 6492.17217  400   28          - 4627.19803      -  97.2  170s
  2797  1962 4783.34847   16  301          - 4635.36762      -  97.3  176s
  2885  1951 4689.01495   17  361          - 4635.36762      -  95.7  180s
  2944  1963 4756.50820   25  384          - 4635.36762      -  97.2  185s
  2970  1999 4840.24517   35  257          - 4635.36762      -  98.9  190s
  3006  2028 4978.87550   45   40          - 4635.36762      -   100  195s
  3054  2123 5240.08649   59   48          - 4635.36762      -   103  202s
  3113  2249 5217.45495   72   39          - 4635.36762      -   103  208s
  3251  2294 5535.54479  120   51          - 4636.51632      -   101  212s
  3300  2338 4768.34636   17  234          - 4636.51632      -   102  216s
  3340  2405 4865.19450   21  195          - 4636.51632      -   102  220s
  3407  2425 4910.07872   27  114          - 4636.51632      -   102  226s
  3443  2522 4989.59851   30   65          - 4636.51632      -   103  230s
  3534  2775 5034.52625   33   34          - 4636.51632      -   102  237s
  3828  2820 5052.84101   39   91          - 4636.51632      -  96.3  243s
* 3874  2661             287    8099.8200000 4636.51632  42.8%  96.1  244s
  3886  2689 5076.00273   60   10 8099.82000 4636.51632  42.8%  96.5  249s
* 3920  2678             288    8018.8200000 4636.51632  42.2%  96.3  249s
* 3921  2678             288    8004.8200000 4636.51632  42.1%  96.3  249s
  3930  2698 5244.09134   92    7 8004.82000 4636.51632  42.1%  96.7  263s
  3952  2771 5278.70796  104   45 8004.82000 4636.51632  42.1%  97.2  268s
  4025  2805 5390.17156  166   53 8004.82000 4636.51632  42.1%  96.9  278s
  4059  2880 5460.51639  183   42 8004.82000 4671.45845  41.6%  97.0  283s
  4149  2908 7233.37000  245    - 8004.82000 4671.96224  41.6%  96.6  289s
  4181  2948 4870.31504   21  297 8004.82000 4671.96224  41.6%  97.4  294s
  4216  3032 5107.89704   25  215 8004.82000 4671.96224  41.6%  98.0  299s
  4300  3102 5164.87144   30  360 8004.82000 4671.96224  41.6%  97.8  306s
  4370  3220 5191.75332   31  360 8004.82000 4671.96224  41.6%  96.8  313s
  4492  3354 5451.70170   39  178 8004.82000 4671.96224  41.6%  95.6  323s
  4613  3367 7335.88000  239    4 8004.82000 4671.96224  41.6%  94.2  325s
  4693  3414 5525.80230   44   40 8004.82000 4671.96224  41.6%  93.3  331s
  4743  3478 5840.14021   56   28 8004.82000 4671.96224  41.6%  94.0  337s
  4810  3565 6287.48000   78    4 8004.82000 4671.96224  41.6%  94.5  345s
  4913  3696 6981.50284   98   80 8004.82000 4682.40469  41.5%  94.3  355s
  5097  3903 7993.26000  141    - 8004.82000 4684.15995  41.5%  92.2  365s
  5305  3969     cutoff  141      8004.82000 4684.17782  41.5%  90.2  382s
  5376  3998 4887.50691   23  248 8004.82000 4684.54166  41.5%  90.7  389s
  5406  4055 5056.22644   31  144 8004.82000 4684.54166  41.5%  92.0  397s
  5463  4286 5324.20327   46   64 8004.82000 4684.54166  41.5%  92.4  407s
  5722  4368 5675.93000   91   46 8004.82000 4685.64117  41.5%  90.0  418s
  5823  4412 4947.01120   24  306 8004.82000 4688.75018  41.4%  90.0  426s
  5858  4450 5161.10935   36  119 8004.82000 4688.75018  41.4%  91.2  434s
  5884  4456 5055.09942   33  137 8004.82000 4688.75018  41.4%  91.6  435s
  5909  4578 5198.49181   37   79 8004.82000 4688.75018  41.4%  92.2  443s
  6009  4592 5278.67000  109    3 8004.82000 4688.75018  41.4%  91.6  445s
  6061  4828 5259.82226   41   65 8004.82000 4689.02338  41.4%  91.8  458s
  6242  4849 6307.88620  199   16 8004.82000 4689.02338  41.4%  90.1  460s
  6384  4983 7193.35484  214   14 8004.82000 4689.76074  41.4%  89.3  470s
  6528  5013 7580.79000  224    - 8004.82000 4692.38703  41.4%  89.0  479s
  6566  5068 7885.53500  226   10 8004.82000 4693.59327  41.4%  89.9  487s
  6633  5128 7906.91000  227   10 8004.82000 4694.02232  41.4%  90.4  496s
  6713  5206 infeasible  228      8004.82000 4694.20678  41.4%  90.8  505s
  6822  5231 7945.07000  230    - 8004.82000 4695.75443  41.3%  90.7  515s
  6854  5289     cutoff  230      8004.82000 4699.30198  41.3%  91.6  524s
  6932  5391 4871.70251   38  145 8004.82000 4701.25029  41.3%  91.6  532s
  7036  5527 5927.75505  128   39 8004.82000 4705.56475  41.2%  91.6  542s
  7185  5529 5008.10078   31  287 8004.82000 4705.56475  41.2%  91.1  577s
  7187  5607 5076.05966   32  186 8004.82000 4705.56475  41.2%  91.2  585s
  7295  5646 5405.38238   54   95 8004.82000 4705.56475  41.2%  91.0  598s
  7334  5779 5941.64345   91   34 8004.82000 4706.27560  41.2%  91.3  612s
  7500  5915     cutoff  201      8004.82000 4706.40955  41.2%  91.4  626s
  7640  6020     cutoff  197      8004.82000 4707.68627  41.2%  92.2  639s
  7680  6020 5272.11236   57  130 8004.82000 4707.68627  41.2%  92.8  640s
  7746  6288 5357.78988   67   52 8004.82000 4710.87512  41.1%  93.5  656s
  8005  6292 5328.83797  132   29 8004.82000 4710.87512  41.1%  92.7  660s
  8033  6422 7616.18000  193    - 8004.82000 4711.11454  41.1%  92.6  675s
  8191  6501 7705.95090  193   10 8004.82000 4712.38376  41.1%  93.1  689s
  8244  6501 5033.72512   38  196 8004.82000 4712.38376  41.1%  93.3  690s
  8304  6632 5456.48455   53  167 8004.82000 4712.67325  41.1%  94.0  703s
  8423  6653 5116.65964   39   80 8004.82000 4716.30209  41.1%  94.4  705s
  8489  6793 6025.30167   85   12 8004.82000 4718.21459  41.1%  94.1  718s
  8681  6888 6081.34328   86   36 8004.82000 4718.62937  41.1%  94.0  732s
  8794  7009 7190.21000  127    - 8004.82000 4719.52721  41.0%  94.8  748s
  8933  7026 7268.54500  140    8 8004.82000 4720.28768  41.0%  94.8  750s
  8959  7119 5160.09804   33   82 8004.82000 4720.28768  41.0%  94.8  764s
  9052  7425 5364.51500   47   26 8004.82000 4720.28768  41.0%  95.7  782s
  9254  7445 6036.53867  155   27 8004.82000 4720.28768  41.0%  94.5  785s
  9399  7784 5585.17000   75   38 8004.82000 4720.55016  41.0%  94.0  804s
  9459  7787 5848.28000  111   10 8004.82000 4720.55016  41.0%  93.6  805s
  9890  7906 6765.27000  146    6 8004.82000 4721.28810  41.0%  91.4  821s
  9995  8063 7833.75000  164    8 8004.82000 4722.34505  41.0%  91.8  835s
 10172  8133 5195.63435   37  173 8004.82000 4723.18752  41.0%  91.8  849s
 10216  8134 5806.24026   80   78 8004.82000 4723.18752  41.0%  92.2  850s
 10251  8267 6112.07429   90   44 8004.82000 4725.99945  41.0%  92.7  863s
 10414  8333     cutoff  155      8004.82000 4726.86812  40.9%  92.7  877s
 10487  8544 5047.80963   41   61 8004.82000 4726.88283  40.9%  93.7  892s
 10688  8560 5225.62373   54  115 8004.82000 4726.88283  40.9%  93.4  895s
 10731  8784 5497.21000  111    - 8004.82000 4727.69198  40.9%  93.4  909s
 10772  8800 5896.34640  171   13 8004.82000 4727.69198  40.9%  93.2  910s
 11045  8848 infeasible  283      8004.82000 4728.15221  40.9%  92.3  927s
 11104  9021 5398.34568   38   83 8004.82000 4729.72625  40.9%  92.8  943s
 11382  9134 7939.77000  161    - 8004.82000 4731.31920  40.9%  92.0  958s
 11464  9167     cutoff  161      8004.82000 4731.40961  40.9%  92.7  972s
 11524  9226 4925.63538   29  261 8004.82000 4731.41523  40.9%  93.5  985s
 11583  9341 5122.66575   47   80 8004.82000 4731.41523  40.9%  94.5 1000s
 11700  9510 5364.81299   83   22 8004.82000 4731.41523  40.9%  95.1 1072s
 11873  9659 infeasible  136      8004.82000 4731.41679  40.9%  95.2 1093s
 12012  9685 6249.96000  126    - 8004.82000 4732.87722  40.9%  95.1 1095s
 12126  9753 6942.62000  147    - 8004.82000 4733.06806  40.9%  94.6 1110s
*12161  8622             158    7066.9800000 4733.06806  33.0%  94.3 1110s
 12212  8692 7065.98000  158    - 7066.98000 4733.95756  33.0%  95.0 1125s
 12303  8789     cutoff  158      7066.98000 4734.04990  33.0%  95.8 1142s
 12407  9045 5299.77456   40   87 7066.98000 4734.32388  33.0%  96.5 1162s
 12596  9049 6060.98906   75  101 7066.98000 4734.34837  33.0%  95.7 1165s
 12833  9140 6588.01342  103   25 7066.98000 4734.35787  33.0%  94.8 1182s
 12931  9167     cutoff  128      7066.98000 4735.35368  33.0%  95.3 1199s
 12964  9462 5212.40606   43  187 7066.98000 4735.50294  33.0%  96.0 1216s
 13235  9477 6136.82525  124   14 7066.98000 4735.50294  33.0%  95.0 1220s
 13325  9539     cutoff  194      7066.98000 4735.75187  33.0%  94.6 1234s
 13359  9539     cutoff  158      7066.98000 4736.65342  33.0%  95.0 1235s
 13398  9809 4982.60988   51  138 7066.98000 4736.65342  33.0%  95.3 1251s
 13625  9815 5495.73697  157    6 7066.98000 4736.65342  33.0%  94.5 1255s
 13702  9888 6069.17000  174   12 7066.98000 4739.29718  32.9%  94.2 1269s
 13722  9892 6258.59344  190   13 7066.98000 4739.29718  32.9%  94.1 1270s
 13806  9927     cutoff  208      7066.98000 4739.56067  32.9%  94.7 1285s
*13837  9776             224    6960.0000000 4739.99512  31.9%  95.0 1285s
*13838  9735             223    6933.0000000 4739.99512  31.6%  95.0 1285s
*13839  9680             222    6916.0000000 4739.99512  31.5%  95.0 1285s
 13851  9728     cutoff  207      6916.00000 4740.11164  31.5%  95.3 1301s
*13877  9720             228    6914.0000000 4741.87360  31.4%  95.7 1301s
 13907  9876 5381.92144   44  135 6914.00000 4742.26304  31.4%  96.0 1318s
 14097  9928 4847.88314   25  420 6914.00000 4742.62830  31.4%  95.8 1335s
 14142  9998 5180.56294   37  153 6914.00000 4742.62830  31.4%  96.6 1350s
 14212 10095 5218.94154   42   28 6914.00000 4742.62830  31.4%  97.4 1365s
 14311 10317 5493.48253   60   31 6914.00000 4742.62830  31.4%  98.0 1388s
 14414 10317 5363.30553   69   34 6914.00000 4742.62830  31.4%  98.1 1390s
 14658 10438 5714.88204  123   37 6914.00000 4743.65800  31.4%  96.9 1407s
 14748 10475 infeasible  143      6914.00000 4743.84394  31.4%  97.4 1422s
 14792 10553 5279.46389   28  226 6914.00000 4747.19315  31.3%  98.2 1436s
 14866 10744 6045.83677   40   51 6914.00000 4747.19315  31.3%  98.8 1456s
 15079 10787 6804.25602   60  183 6914.00000 4747.35371  31.3%  98.7 1473s
 15154 10888 4981.28368   22  296 6914.00000 4748.19693  31.3%  99.2 1491s
 15279 11037 5383.18251   46  226 6914.00000 4748.19693  31.3%   100 1508s
 15412 11045 6050.14000  132    - 6914.00000 4748.19693  31.3%  99.2 1510s
 15446 11179 6129.53261  159   24 6914.00000 4748.80969  31.3%   100 1526s
 15604 11304     cutoff  207      6914.00000 4749.08143  31.3%   100 1544s
 15635 11304 5276.70135   57   39 6914.00000 4749.08143  31.3%   100 1545s
 15755 11471 5401.53297   73   43 6914.00000 4749.74705  31.3%   100 1563s
 15880 11477 infeasible  186      6914.00000 4749.74705  31.3%  99.3 1565s
 15964 11510 6835.67000  189   10 6914.00000 4750.63254  31.3%  99.5 1582s
 16015 11576 6873.24000  193    - 6914.00000 4750.94110  31.3%   100 1599s
 16069 11582 5861.10260   69  157 6914.00000 4750.94110  31.3%   100 1600s
 16092 11700     cutoff  193      6914.00000 4751.46308  31.3%   100 1617s
 16236 11848 5046.79824   42  182 6914.00000 4751.49379  31.3%   100 1634s
 16287 11848 5563.55297   93   69 6914.00000 4751.49379  31.3%   100 1635s
 16407 11915 6613.78673  131   24 6914.00000 4752.07154  31.3%   100 1653s
*16415 11162             134    6647.7600000 4752.07154  28.5%   100 1653s
 16500 11215     cutoff  136      6647.76000 4752.53785  28.5%   101 1670s
*16502 11124             132    6619.7600000 4752.53785  28.2%   101 1670s
 16587 11215 5130.88979   40  218 6619.76000 4752.80674  28.2%   101 1687s
 16680 11385 6181.15967   98   66 6619.76000 4752.81432  28.2%   101 1802s
 16880 11592 6590.24000  123    - 6619.76000 4754.77672  28.2%   101 1821s
 17113 11657 6612.10000  123    4 6619.76000 4757.08077  28.1%   100 1840s
 17195 11719 4937.90245   31  277 6619.76000 4757.10459  28.1%   101 1858s
 17253 11869 5096.67287   37  214 6619.76000 4757.10459  28.1%   101 1879s
 17273 11869 5316.87478   47  150 6619.76000 4757.10459  28.1%   101 1880s
 17415 12035 5842.09125   67   63 6619.76000 4757.73430  28.1%   101 1903s
 17515 12035 6557.86000   95    6 6619.76000 4757.73430  28.1%   101 1905s
 17607 12210 4971.79623   33  365 6619.76000 4757.81084  28.1%   101 1922s
 17829 12352 6465.32000  114    - 6619.76000 4758.92772  28.1%   101 1944s
 17993 12419 6513.96000  114    - 6619.76000 4759.31989  28.1%   101 1963s
 18077 12489 6549.78000  114    - 6619.76000 4759.97095  28.1%   101 1981s
 18157 12589 6605.51000  118   14 6619.76000 4760.61304  28.1%   101 1999s
 18185 12597 5012.75083   41  150 6619.76000 4760.61304  28.1%   102 2000s
 18288 12646 5013.57901   42  139 6619.76000 4760.69233  28.1%   102 2018s
 18337 12759 5195.71066   55  126 6619.76000 4760.69233  28.1%   102 2037s
 18474 12872 5661.66800   79   24 6619.76000 4761.21173  28.1%   102 2057s
 18623 12943 6283.15496  112   31 6619.76000 4761.77143  28.1%   102 2075s
 18702 13067     cutoff  119      6619.76000 4762.00791  28.1%   103 2097s
 18856 13129 5126.94190   49   98 6619.76000 4763.83467  28.0%   103 2117s
 18935 13156 4891.97737   30  200 6619.76000 4763.87451  28.0%   103 2156s
 18965 13263 5140.36463   37  110 6619.76000 4763.87451  28.0%   104 2173s
 19072 13381 5226.81626   51   18 6619.76000 4763.87451  28.0%   104 2191s
 19208 13501 5233.73050   71   78 6619.76000 4764.67109  28.0%   104 2214s
 19290 13511 5749.24000  106    6 6619.76000 4764.67109  28.0%   104 2215s
 19396 13576     cutoff  138      6619.76000 4765.62805  28.0%   104 2235s
 19453 13724 5292.59475   37   90 6619.76000 4765.70019  28.0%   104 2258s
 19573 13731 6531.34000  149    6 6619.76000 4765.70019  28.0%   104 2260s
 19622 13828     cutoff  150      6619.76000 4765.74998  28.0%   104 2280s
 19739 13876     cutoff  148      6619.76000 4766.61335  28.0%   105 2299s
 19822 13990 5129.32464   33  393 6619.76000 4767.19620  28.0%   105 2317s
 19939 14072 6545.49000  125    - 6619.76000 4767.86705  28.0%   105 2338s
 20047 14118     cutoff  131      6619.76000 4768.41406  28.0%   105 2357s
 20106 14198 5310.92531   48  123 6619.76000 4768.52209  28.0%   106 2377s
 20204 14410 5197.46128   30  179 6619.76000 4768.72986  28.0%   106 2398s
 20473 14565 5870.26676   76   35 6619.76000 4769.07602  28.0%   106 2421s
 20674 14670 6580.02000  191    - 6619.76000 4770.08367  27.9%   105 2442s
 20795 14686     cutoff  191      6619.76000 4771.14332  27.9%   105 2462s
 20816 14817 5144.49298   30  257 6619.76000 4771.47237  27.9%   106 2481s
 20956 14919 infeasible  119      6619.76000 4771.99692  27.9%   106 2502s
 21095 15027 5334.26916   55   45 6619.76000 4772.18801  27.9%   106 2523s
 21241 15082 6616.10000  142    - 6619.76000 4772.81426  27.9%   106 2544s
 21273 15084 5493.39000   45    - 6619.76000 4773.01308  27.9%   106 2545s
 21292 15124     cutoff  142      6619.76000 4773.17273  27.9%   106 2564s
 21342 15321 5232.59972   42   90 6619.76000 4773.57773  27.9%   107 2588s
 21462 15338 6323.68000  140    4 6619.76000 4773.57773  27.9%   107 2590s
 21630 15393     cutoff  150      6619.76000 4774.88572  27.9%   106 2611s
 21675 15494     cutoff  149      6619.76000 4775.78198  27.9%   107 2636s
 21781 15617 5316.41660   48   97 6619.76000 4775.96567  27.9%   107 2660s
 21936 15654 5528.86500  110    6 6619.76000 4776.36109  27.8%   107 2682s
 21984 15691 4971.02644   32  348 6619.76000 4776.38280  27.8%   107 2702s
 22025 15764 5325.05404   41  230 6619.76000 4776.38280  27.8%   108 2723s
 22116 15872 5351.69570   43  154 6619.76000 4776.38280  27.8%   108 2743s
 22217 15948 6454.20786   71    8 6619.76000 4777.13555  27.8%   108 2767s
 22354 16179 5285.25131   40  167 6619.76000 4778.03305  27.8%   108 2791s
 22622 16264 infeasible  131      6619.76000 4778.35121  27.8%   108 2814s
 22674 16269 6118.42224  192   38 6619.76000 4778.79725  27.8%   108 2815s
 22734 16387 5166.85569   52  141 6619.76000 4779.10169  27.8%   108 2836s
 22914 16489 5990.00045   95    6 6619.76000 4779.63545  27.8%   108 2857s
 23040 16633 6246.28652  101   23 6619.76000 4780.65572  27.8%   108 2879s
 23203 16662 6586.92692  108   11 6619.76000 4780.76602  27.8%   108 2900s
 23250 16726 5045.89431   36  204 6619.76000 4780.79881  27.8%   108 2921s
 23314 16856 5374.43887   57   81 6619.76000 4781.14290  27.8%   108 2946s
 23496 16974 6209.40000  112    8 6619.76000 4781.65600  27.8%   108 2975s
 23648 17147 6323.14000  113    6 6619.76000 4781.93770  27.8%   108 2999s
 23698 17147 6267.55000  102    - 6619.76000 4781.99997  27.8%   108 3000s
 23828 17256 5243.91376   39  207 6619.76000 4782.67906  27.8%   108 3023s
 23976 17291 6294.21000  102    - 6619.76000 4782.93211  27.7%   108 3025s
 24042 17329     cutoff  115      6619.76000 4783.32733  27.7%   108 3045s
 24090 17405 5303.72354   43  151 6619.76000 4783.42210  27.7%   108 3069s
 24150 17410 6053.56781   96   16 6619.76000 4783.42210  27.7%   108 3070s
 24222 17463 6470.97000  110    2 6619.76000 4783.86159  27.7%   108 3091s
 24294 17517 6550.69000  114    - 6619.76000 4784.22629  27.7%   109 3113s
 24376 17618 infeasible  119      6619.76000 4784.44964  27.7%   109 3135s
 24476 17700 5435.59115   50   60 6619.76000 4784.56544  27.7%   109 3160s
 24589 17798 5004.69176   35  163 6619.76000 4784.81151  27.7%   109 3185s
 24720 17880 5516.73707   72   68 6619.76000 4785.45952  27.7%   109 3208s
 24822 17917     cutoff  116      6619.76000 4785.87614  27.7%   109 3230s
 24855 17937 5119.57654   37  170 6619.76000 4785.87614  27.7%   110 3292s
 24875 18052 5294.39737   42  166 6619.76000 4785.87614  27.7%   110 3316s
 24992 18154 6407.59000   76   24 6619.76000 4786.05922  27.7%   110 3341s
 25169 18272     cutoff   97      6619.76000 4786.24410  27.7%   110 3364s
 25211 18272 5649.01597   67   51 6619.76000 4786.24410  27.7%   110 3365s
 25286 18309 5672.24924   72   62 6619.76000 4786.32797  27.7%   110 3388s
 25372 18381 5146.36806   35  248 6619.76000 4786.98724  27.7%   110 3410s
 25461 18455 5650.61000   68    - 6619.76000 4787.31029  27.7%   110 3434s
 25542 18508 5664.89353   68   16 6619.76000 4787.91902  27.7%   111 3455s
 25622 18559 infeasible  108      6619.76000 4788.32862  27.7%   111 3478s
 25674 18668 5245.14453   48  180 6619.76000 4788.32862  27.7%   111 3503s
 25764 18669 6452.70000  104   47 6619.76000 4788.32862  27.7%   111 3505s
 25795 18749 5883.41512   67   42 6619.76000 4788.57302  27.7%   111 3530s
 25902 18829 6593.53000   90    - 6619.76000 4788.62899  27.7%   111 3555s
 25996 18860     cutoff   90      6619.76000 4789.11141  27.7%   112 3577s
 26031 18924 4970.24971   31  361 6619.76000 4789.11141  27.7%   112 3600s

Cutting planes:
  User: 3041
  Gomory: 30
  Cover: 266
  Implied bound: 86
  Clique: 34
  MIR: 157
  StrongCG: 21
  Flow cover: 478
  Zero half: 52
  RLT: 247
  Relax-and-lift: 7
  Lazy constraints: 10132

Explored 26101 nodes (2932526 simplex iterations) in 3601.00 seconds
Thread count was 2 (of 32 available processors)

Solution count 10: 6619.76 6647.76 6914 ... 8099.82

Time limit reached
Best objective 6.619760000000e+03, best bound 4.789111407783e+03, gap 27.6543%

User-callback calls 294422, time in user-callback 213.84 sec
================================================================================
executing instance: ./input/Instances/Original/5/absH3low_4n25.dat
--------------------------------------------------------------------------------
Instance details
n	26
H	3
C	2029
Li:
[0, 0, 0, 0, 0, 0, 0, 0, 0, 0, 0, 0, 0, 0, 0, 0, 0, 0, 0, 0, 0, 0, 0, 0, 0, 0, ]
Ui:
[0, 34, 165, 76, 88, 188, 58, 279, 52, 132, 198, 142, 135, 165, 186, 58, 201, 196, 40, 183, 32, 90, 168, 126, 93, 146, ]
Distance matrix:
|0	299	188	235	91	202	152	147	162	277	268	132	71	162	220	69	220	289	241	124	265	80	162	132	66	302	|
|299	0	468	431	282	142	317	425	443	569	193	178	359	302	422	231	93	28	511	325	457	242	434	215	240	601	|
|188	468	0	153	265	342	308	43	192	106	455	290	117	206	142	246	379	464	252	274	360	267	211	319	231	184	|
|235	431	153	0	326	289	386	145	321	240	482	269	184	129	15	258	339	436	393	355	477	305	336	354	237	334	|
|91	282	265	326	0	228	66	228	166	339	196	157	154	242	311	99	225	264	229	50	201	47	153	71	115	340	|
|202	142	342	289	228	0	285	301	363	447	255	73	245	161	281	139	53	151	440	278	428	181	360	187	136	495	|
|152	317	308	386	66	285	0	275	167	368	188	217	207	308	371	163	274	295	210	34	145	108	148	104	181	350	|
|147	425	43	145	228	301	275	0	179	146	415	248	76	172	131	203	337	421	248	242	341	227	195	279	188	211	|
|162	443	192	321	166	363	167	179	0	216	352	291	152	302	307	225	375	428	81	138	170	201	22	237	227	183	|
|277	569	106	240	339	447	368	146	216	0	535	391	210	312	232	341	481	562	245	335	381	352	238	402	329	106	|
|268	193	455	482	196	255	188	415	352	535	0	225	339	367	469	224	212	165	398	214	302	188	335	136	245	533	|
|132	178	290	269	157	73	217	248	291	391	225	0	183	145	258	66	91	175	367	207	358	110	287	127	67	431	|
|71	359	117	184	154	245	207	76	152	210	339	183	0	152	169	131	274	352	232	174	294	151	161	203	119	251	|
|162	302	206	129	242	161	308	172	302	312	367	145	152	0	120	153	210	308	383	284	426	208	309	249	132	383	|
|220	422	142	15	311	281	371	131	307	232	469	258	169	120	0	245	330	427	379	340	461	291	321	340	224	324	|
|69	231	246	258	99	139	163	203	225	341	224	66	131	153	245	0	152	222	301	147	299	57	221	97	22	371	|
|220	93	379	339	225	53	274	337	375	481	212	91	274	210	330	152	0	99	448	273	419	180	369	171	157	521	|
|289	28	464	436	264	151	295	421	428	562	165	175	352	308	427	222	99	0	493	305	434	227	418	196	234	590	|
|241	511	252	393	229	440	210	248	81	245	398	367	232	383	379	301	448	493	0	190	147	270	80	298	305	175	|
