




arguments: ./build/mirp_solver -f ./input/orig_exec_85.cfg
Current dir: /scratch/gui/bnc_mirp
File verbosity level: 9
date       time         ( uptime  ) [ thread name/id ]                   file:line     v| 
2021-01-09 16:27:52.883 (   0.073s) [main thread     ]             loguru.cpp:789   INFO| Logging to './output/vi_hc3/OU/V2/Original/execution_09_01_2021_16_27_52.log', mode: 'a', verbosity: 9
--------------------------------------------------------------------------------
Parameters
                           instance_path           ./input/Instances/Original/3/
                            model_policy                                       1
                             nb_vehicles                                       2
                              output_dir         ./output/vi_hc3/OU/V2/Original/
                            sec_strategy                                       1
                       solver_nb_threads                                       2
                         solver_show_log                                    true
                       solver_time_limit                                    3600
                              use_vi_cos                                   false
                              use_vi_cus                                   false
                         use_vi_hc1_full                                   false
                         use_vi_hc1_half                                   false
                      use_vi_hc1_quarter                                   false
                              use_vi_hc2                                   false
                              use_vi_hc3                                    true
                         use_vi_lex_full                                   false
                         use_vi_lex_half                                   false
                      use_vi_lex_quarter                                   false
                              use_vi_qua                                   false
                               use_vi_vc                                   false
                               use_vi_vr                                   false
--------------------------------------------------------------------------------
executing instance: ./input/Instances/Original/3/absH3low_2n5.dat
--------------------------------------------------------------------------------
Instance details
n	6
H	3
C	237
Li:
[0, 0, 0, 0, 0, 0, ]
Ui:
[0, 93, 180, 51, 114, 24, ]
Distance matrix:
|0	170	318	35	112	235	|
|170	0	311	205	258	301	|
|318	311	0	326	278	137	|
|35	205	326	0	89	230	|
|112	258	278	89	0	160	|
|235	301	137	230	160	0	|

--------------------------------------------------------------------------------
Building model...
	using lazy and cut (CVRPSEP package)
Solving IRP LP...
--------------------------------------------------------------------------------

Gurobi 9.1.0 (linux64) logging started Sat Jan  9 16:27:53 2021

Gurobi Optimizer version 9.1.0 build v9.1.0rc0 (linux64)
Thread count: 32 physical cores, 32 logical processors, using up to 2 threads
Optimize a model with 159 rows, 180 columns and 627 nonzeros
Model fingerprint: 0x92bb82ab
Variable types: 54 continuous, 126 integer (36 binary)
Coefficient statistics:
  Matrix range     [1e+00, 2e+02]
  Objective range  [1e-02, 3e+02]
  Bounds range     [1e+00, 2e+02]
  RHS range        [1e+01, 5e+02]
Presolve removed 70 rows and 22 columns
Presolve time: 0.01s
Presolved: 89 rows, 158 columns, 441 nonzeros
Variable types: 32 continuous, 126 integer (96 binary)
Found heuristic solution: objective 1801.5200000

Root relaxation: objective 5.697106e+02, 86 iterations, 0.00 seconds

    Nodes    |    Current Node    |     Objective Bounds      |     Work
 Expl Unexpl |  Obj  Depth IntInf | Incumbent    BestBd   Gap | It/Node Time

     0     0  569.71061    0   15 1801.52000  569.71061  68.4%     -    0s
     0     0  717.50642    0   22 1801.52000  717.50642  60.2%     -    0s
H    0     0                    1614.9000000  717.50642  55.6%     -    0s
     0     0  990.11190    0   31 1614.90000  990.11190  38.7%     -    0s
H    0     0                    1514.8300000  990.11190  34.6%     -    0s
     0     0 1081.77037    0   28 1514.83000 1081.77037  28.6%     -    0s
     0     0 1081.77037    0   32 1514.83000 1081.77037  28.6%     -    0s
     0     0 1148.37954    0   40 1514.83000 1148.37954  24.2%     -    0s
     0     0 1163.94136    0   40 1514.83000 1163.94136  23.2%     -    0s
     0     0 1225.52762    0   31 1514.83000 1225.52762  19.1%     -    0s
     0     0 1232.79137    0   33 1514.83000 1232.79137  18.6%     -    0s
     0     0 1233.62695    0   46 1514.83000 1233.62695  18.6%     -    0s
     0     0 1233.95177    0   36 1514.83000 1233.95177  18.5%     -    0s
     0     0 1237.61418    0   35 1514.83000 1237.61418  18.3%     -    0s
     0     0 1240.15315    0   34 1514.83000 1240.15315  18.1%     -    0s
     0     0 1266.51618    0   34 1514.83000 1266.51618  16.4%     -    0s
     0     0 1266.65875    0   34 1514.83000 1266.65875  16.4%     -    0s
     0     0 1356.56368    0   32 1514.83000 1356.56368  10.4%     -    0s
     0     0 1359.45889    0   35 1514.83000 1359.45889  10.3%     -    0s
     0     0 1359.62851    0   42 1514.83000 1359.62851  10.2%     -    0s
     0     0 1391.96538    0   24 1514.83000 1391.96538  8.11%     -    0s
H    0     0                    1449.5600000 1391.96538  3.97%     -    0s
     0     0 1411.90027    0   24 1449.56000 1411.90027  2.60%     -    0s
     0     0 1413.97216    0   24 1449.56000 1413.97216  2.46%     -    0s
     0     0 1429.03769    0   12 1449.56000 1429.03769  1.42%     -    0s
     0     0 1429.03769    0   21 1449.56000 1429.03769  1.42%     -    0s
     0     0 1429.03769    0   13 1449.56000 1429.03769  1.42%     -    0s
     0     0 1429.03769    0   11 1449.56000 1429.03769  1.42%     -    0s
     0     0 1430.97756    0   20 1449.56000 1430.97756  1.28%     -    0s
H    0     0                    1437.9000000 1430.97756  0.48%     -    0s
     0     0 1431.40152    0   21 1437.90000 1431.40152  0.45%     -    0s
     0     0 1432.19207    0   20 1437.90000 1432.19207  0.40%     -    0s
     0     0 1433.61255    0   21 1437.90000 1433.61255  0.30%     -    0s
     0     0 1435.73000    0   11 1437.90000 1435.73000  0.15%     -    0s
     0     0 1436.59416    0   17 1437.90000 1436.59416  0.09%     -    0s
     0     0 1437.03200    0   18 1437.90000 1437.03200  0.06%     -    0s

Cutting planes:
  User: 1
  Gomory: 4
  Cover: 6
  Implied bound: 2
  Clique: 4
  MIR: 7
  Flow cover: 9
  RLT: 4
  Relax-and-lift: 1

Explored 1 nodes (629 simplex iterations) in 0.15 seconds
Thread count was 2 (of 32 available processors)

Solution count 5: 1437.9 1449.56 1514.83 ... 1801.52

Optimal solution found (tolerance 1.00e-04)
Best objective 1.437900000000e+03, best bound 1.437900000000e+03, gap 0.0000%

User-callback calls 275, time in user-callback 0.01 sec
================================================================================
executing instance: ./input/Instances/Original/3/absH3high_5n30.dat
--------------------------------------------------------------------------------
Instance details
n	31
H	3
C	2296
Li:
[0, 0, 0, 0, 0, 0, 0, 0, 0, 0, 0, 0, 0, 0, 0, 0, 0, 0, 0, 0, 0, 0, 0, 0, 0, 0, 0, 0, 0, 0, 0, ]
Ui:
[0, 80, 90, 297, 28, 264, 123, 192, 112, 32, 72, 88, 294, 129, 126, 105, 110, 237, 246, 92, 72, 147, 54, 96, 128, 96, 84, 28, 74, 196, 192, ]
Distance matrix:
|0	87	302	65	389	171	219	120	412	339	129	63	169	401	383	158	393	161	246	275	64	287	345	235	13	274	106	201	85	358	135	|
|87	0	334	128	402	212	301	204	465	384	187	145	232	424	454	238	475	245	289	352	80	307	352	321	81	352	20	261	170	376	215	|
|302	334	0	239	113	132	237	334	157	70	404	263	162	105	227	229	339	251	65	217	259	53	107	352	293	220	339	134	270	75	235	|
|65	128	239	0	330	107	175	130	348	275	174	40	107	339	326	114	351	125	181	224	58	228	290	222	58	224	143	138	65	297	92	|
|389	402	113	330	0	226	349	438	210	151	502	360	269	48	316	339	441	362	175	328	335	102	55	465	377	330	401	245	371	37	342	|
|171	212	132	107	226	0	169	214	253	173	276	134	64	233	261	130	326	153	77	188	133	125	192	264	162	190	220	68	145	193	125	|
|219	301	237	175	349	169	0	157	257	223	244	157	105	334	180	62	175	61	177	63	233	264	334	118	221	61	317	112	136	312	85	|
|120	204	334	130	438	214	157	0	402	348	88	90	173	438	336	115	307	100	269	220	172	338	406	122	130	218	224	204	69	403	101	|
|412	465	157	348	210	253	257	402	0	88	486	359	245	166	129	287	266	303	178	204	386	208	239	370	406	207	473	212	354	187	304	|
|339	384	70	275	151	173	223	348	88	0	427	291	179	120	166	234	290	254	96	187	306	123	166	342	332	190	391	145	291	119	247	|
|129	187	404	174	502	276	244	88	486	427	0	142	248	508	424	200	390	187	342	308	193	400	464	192	142	306	207	281	136	469	182	|
|63	145	263	40	360	134	157	90	359	291	142	0	114	366	321	95	331	99	202	212	90	258	323	186	65	211	163	148	27	327	72	|
|169	232	162	107	269	64	105	173	245	179	248	114	0	266	222	71	268	94	97	131	155	173	244	203	164	132	245	34	113	233	73	|
|401	424	105	339	48	233	334	438	166	120	508	366	266	0	280	332	409	355	169	305	353	117	96	452	391	308	425	237	374	49	339	|
|383	454	227	326	316	261	180	336	129	166	424	321	222	280	0	231	137	238	208	116	376	277	331	272	381	118	467	197	307	285	253	|
|158	238	229	114	339	130	62	115	287	234	200	95	71	332	231	0	238	23	164	118	171	243	314	134	159	117	255	95	77	302	23	|
|393	475	339	351	441	326	175	307	266	290	390	331	268	409	137	238	0	232	300	138	408	383	445	204	395	136	492	258	308	406	260	|
|161	245	251	125	362	153	61	100	303	254	187	99	94	355	238	23	232	0	187	123	183	267	338	111	164	121	262	117	77	325	34	|
|246	289	65	181	175	77	177	269	178	96	342	202	97	169	208	164	300	187	0	168	210	87	157	290	238	171	296	70	206	138	170	|
|275	352	217	224	328	188	63	220	204	187	308	212	131	305	116	118	138	123	168	0	279	255	322	166	275	3	367	120	195	291	141	|
|64	80	259	58	335	133	233	172	386	306	193	90	155	353	376	171	408	183	210	279	0	236	289	276	51	279	90	182	117	307	150	|
|287	307	53	228	102	125	264	338	208	123	400	258	173	117	277	243	383	267	87	255	236	0	71	374	276	257	308	153	270	71	245	|
|345	352	107	290	55	192	334	406	239	166	464	323	244	96	331	314	445	338	157	322	289	71	0	445	334	325	350	224	337	54	315	|
|235	321	352	222	465	264	118	122	370	342	192	186	203	452	272	134	204	111	290	166	276	374	445	0	243	164	341	221	159	428	142	|
|13	81	293	58	377	162	221	130	406	332	142	65	164	391	381	159	395	164	238	275	51	276	334	243	0	274	100	196	89	347	136	|
|274	352	220	224	330	190	61	218	207	190	306	211	132	308	118	117	136	121	171	3	279	257	325	164	274	0	367	122	194	294	140	|
|106	20	339	143	401	220	317	224	473	391	207	163	245	425	467	255	492	262	296	367	90	308	350	341	100	367	0	272	188	377	232	|
|201	261	134	138	245	68	112	204	212	145	281	148	34	237	197	95	258	117	70	120	182	153	224	221	196	122	272	0	146	208	103	|
|85	170	270	65	371	145	136	69	354	291	136	27	113	374	307	77	308	77	206	195	117	270	337	159	89	194	188	146	0	337	54	|
|358	376	75	297	37	193	312	403	187	119	469	327	233	49	285	302	406	325	138	291	307	71	54	428	347	294	377	208	337	0	306	|
|135	215	235	92	342	125	85	101	304	247	182	72	73	339	253	23	260	34	170	141	150	245	315	142	136	140	232	103	54	306	0	|

--------------------------------------------------------------------------------
Building model...
	using lazy and cut (CVRPSEP package)
Solving IRP LP...
--------------------------------------------------------------------------------

Gurobi 9.1.0 (linux64) logging started Sat Jan  9 16:27:53 2021

Gurobi Optimizer version 9.1.0 build v9.1.0rc0 (linux64)
Thread count: 32 physical cores, 32 logical processors, using up to 2 threads
Optimize a model with 859 rows, 3280 columns and 9277 nonzeros
Model fingerprint: 0x49e43b32
Variable types: 304 continuous, 2976 integer (186 binary)
Coefficient statistics:
  Matrix range     [1e+00, 1e+03]
  Objective range  [1e-01, 5e+02]
  Bounds range     [1e+00, 3e+02]
  RHS range        [1e+01, 4e+03]
Presolve removed 395 rows and 122 columns
Presolve time: 0.06s
Presolved: 464 rows, 3158 columns, 7035 nonzeros
Variable types: 182 continuous, 2976 integer (2796 binary)

Root relaxation: objective 8.842935e+03, 429 iterations, 0.01 seconds

    Nodes    |    Current Node    |     Objective Bounds      |     Work
 Expl Unexpl |  Obj  Depth IntInf | Incumbent    BestBd   Gap | It/Node Time

     0     0 8842.93531    0   92          - 8842.93531      -     -    0s
     0     0 9264.39403    0  107          - 9264.39403      -     -    0s
     0     0 9271.58089    0  109          - 9271.58089      -     -    0s
     0     0 9675.46951    0  100          - 9675.46951      -     -    0s
     0     0 9707.14301    0  135          - 9707.14301      -     -    0s
     0     0 9710.31517    0  153          - 9710.31517      -     -    0s
     0     0 9710.32831    0  129          - 9710.32831      -     -    0s
     0     0 9789.82482    0  177          - 9789.82482      -     -    0s
     0     0 9807.64361    0  153          - 9807.64361      -     -    0s
     0     0 9813.70630    0  178          - 9813.70630      -     -    0s
     0     0 9817.10740    0  180          - 9817.10740      -     -    0s
     0     0 9818.09732    0  182          - 9818.09732      -     -    0s
     0     0 9838.10435    0  203          - 9838.10435      -     -    0s
     0     0 9844.57712    0  224          - 9844.57712      -     -    0s
     0     0 9847.43471    0  188          - 9847.43471      -     -    0s
     0     0 9849.65981    0  202          - 9849.65981      -     -    0s
     0     0 9849.93084    0  200          - 9849.93084      -     -    0s
     0     0 9862.06353    0  155          - 9862.06353      -     -    0s
     0     0 9864.62911    0  192          - 9864.62911      -     -    0s
     0     0 9865.93510    0  230          - 9865.93510      -     -    0s
     0     0 9870.94014    0  251          - 9870.94014      -     -    0s
     0     0 9870.94014    0  251          - 9870.94014      -     -    0s
     0     2 9874.45275    0  208          - 9874.45275      -     -    1s
*  309   301             128    11282.730000 9882.63825  12.4%  68.2    3s
*  312   297             128    11272.410000 9882.63825  12.3%  69.5    4s
H  344   325                    11262.010000 9882.63825  12.2%  69.5    4s
   374   366 11183.3607  107   25 11262.0100 9899.58378  12.1%  68.3    5s
H  422   399                    11254.010000 9899.58378  12.0%  72.8    5s
H  724   639                    11105.770000 9899.58378  10.9%  62.3    9s
   729   642 10289.8885   43  278 11105.7700 9923.78098  10.6%  61.8   10s
H  745   620                    11041.330000 9964.71587  9.75%  60.5   11s
   767   637 10024.5375   13  223 11041.3300 10010.7532  9.33%  66.8   15s
H  811   635                    11032.970000 10010.7532  9.27%  74.2   16s
H  870   645                    10983.490000 10010.7532  8.86%  78.4   19s
   889   662 10912.3993   47   60 10983.4900 10010.7532  8.86%  79.6   20s
  1051   737 10966.8159   57   50 10983.4900 10010.7671  8.86%  86.7   25s
  1152   801 10321.8172   26   54 10983.4900 10027.4516  8.70%  93.2   30s
  1408   942 10451.6494   18  200 10983.4900 10066.4630  8.35%  88.0   35s
  1690  1084 10311.9930   31   96 10983.4900 10080.2228  8.22%  81.3   40s
  1851  1169 10424.8780   33  219 10983.4900 10089.8798  8.14%  82.0   45s
  2066  1233 infeasible   57      10983.4900 10107.3904  7.98%  82.0   50s
  2242  1398 10346.5859   35  135 10983.4900 10110.1263  7.95%  83.9   55s
  2494  1490 10498.9740   43   36 10983.4900 10113.4458  7.92%  81.3   61s
  2680  1619 10631.9555   33   75 10983.4900 10120.7270  7.86%  81.6   65s
  2846  1904 10589.7113   51   48 10983.4900 10123.0386  7.83%  83.4   72s
  3107  2066 10533.2036   43   43 10983.4900 10131.3530  7.76%  79.7   77s
  3290  2148 10402.7606   26  153 10983.4900 10131.3530  7.76%  79.5   81s
  3419  2241 10740.5534   50   19 10983.4900 10131.3530  7.76%  81.7   86s
  3599  2329 10339.6591   18  205 10983.4900 10132.6740  7.75%  82.2   90s
  3736  2520 10673.3429   24  139 10983.4900 10136.9500  7.71%  83.4   96s
  3984  2661 10834.3781   50   34 10983.4900 10138.7544  7.69%  83.1  102s
  4052  2742 10469.5653   34  114 10983.4900 10140.8680  7.67%  83.3  105s
  4222  2881 10376.2160   23  117 10983.4900 10140.9137  7.67%  84.2  110s
  4418  3068 10570.1526   33  115 10983.4900 10144.3335  7.64%  85.5  117s
  4586  3117     cutoff   59      10983.4900 10145.9294  7.63%  85.2  120s
  4739  3281 10679.7181  112   36 10983.4900 10147.4805  7.61%  85.5  125s
  4963  3488 10391.9616   21   96 10983.4900 10153.2455  7.56%  85.7  133s
  5097  3605     cutoff  118      10983.4900 10155.4987  7.54%  86.0  137s
  5255  3696     cutoff   77      10983.4900 10157.3644  7.52%  86.2  141s
  5382  3827 10573.9391   29   69 10983.4900 10158.7961  7.51%  87.0  145s
  5541  3932 10773.7922   59   31 10983.4900 10161.6461  7.48%  86.9  150s
  5723  4015 10855.7952   70   58 10983.4900 10162.0810  7.48%  88.2  155s
  5814  4128 10705.7684   69    4 10983.4900 10163.2675  7.47%  88.6  160s
  6025  4357     cutoff   70      10983.4900 10169.7215  7.41%  89.2  169s
  6201  4531     cutoff   64      10983.4900 10172.5731  7.38%  88.8  174s
  6334  4537 10814.7749  128    6 10983.4900 10173.5644  7.37%  88.2  175s
  6473  4662 10391.8252   26   65 10983.4900 10173.7647  7.37%  87.9  180s
  6747  4875 10673.0226   47   21 10983.4900 10176.0582  7.35%  88.5  190s
  6866  4984     cutoff   68      10983.4900 10178.0304  7.33%  89.3  195s
  6994  5027     cutoff   76      10983.4900 10178.6051  7.33%  89.5  200s
  7125  5153 10590.8116   44   49 10983.4900 10181.6248  7.30%  90.2  205s
  7220  5293     cutoff   58      10983.4900 10185.4557  7.27%  90.4  210s
  7382  5519 10904.1900   62   29 10983.4900 10188.0940  7.24%  91.2  217s
  7737  5640 10553.8891   22   48 10983.4900 10190.0576  7.22%  89.6  223s
  7896  5767 10277.8383   20  173 10983.4900 10190.9358  7.22%  90.2  228s
  8042  5906 10730.0287   36   47 10983.4900 10193.1054  7.20%  90.5  234s
  8195  5921 10818.9161   38  114 10983.4900 10193.6785  7.19%  90.6  235s
  8370  6149     cutoff   56      10983.4900 10199.6756  7.14%  90.8  245s
  8536  6320 10351.0131   30  190 10983.4900 10199.9985  7.13%  91.0  251s
  8762  6489 10654.9764   31   47 10983.4900 10201.6872  7.12%  90.5  257s
  8952  6622     cutoff   98      10983.4900 10203.9966  7.10%  90.3  263s
  9116  6681     cutoff   82      10983.4900 10204.1168  7.10%  90.6  269s
  9232  6802     cutoff   43      10983.4900 10205.0584  7.09%  91.4  274s
  9350  6802 10836.5980   46   74 10983.4900 10205.1082  7.09%  92.0  275s
  9441  6863 10246.8179   24  125 10983.4900 10205.1692  7.09%  92.4  280s
  9477  6994 10386.5083   28  151 10983.4900 10206.7927  7.07%  93.0  285s
  9699  7078     cutoff   52      10983.4900 10208.2123  7.06%  93.1  291s
  9788  7138 10823.4805   48  118 10983.4900 10209.7457  7.04%  93.9  296s
  9889  7161     cutoff   54      10983.4900 10210.5731  7.04%  94.2  302s
  9933  7347 10726.4230   46   80 10983.4900 10210.6918  7.04%  94.1  307s
 10149  7483 10345.4672   19  163 10983.4900 10212.1336  7.02%  93.8  313s
 10324  7570 10936.5485   66   25 10983.4900 10213.1223  7.01%  93.9  319s
 10423  7678 10763.1740   61   13 10983.4900 10213.4999  7.01%  94.1  324s
 10579  7933     cutoff   51      10983.4900 10213.7327  7.01%  94.4  330s
 10878  8002 10873.9343   69   31 10983.4900 10214.1398  7.00%  93.3  336s
 10982  8056     cutoff   43      10983.4900 10214.8927  7.00%  94.1  341s
 11050  8242 10830.6419   57  136 10983.4900 10215.3928  6.99%  95.1  346s
 11278  8323 10907.9667   52   22 10983.4900 10215.7276  6.99%  94.9  352s
 11377  8485 10520.0880   46   53 10983.4900 10216.4643  6.98%  95.7  359s
 11594  8590 10961.0394   97   29 10983.4900 10217.1796  6.98%  95.8  366s
 11741  8668 10950.8931   69   35 10983.4900 10217.6268  6.97%  96.1  371s
 11855  8791 10623.4656   32  117 10983.4900 10220.2204  6.95%  96.7  377s
 12027  8986 10716.9586   30   59 10983.4900 10220.9641  6.94%  96.9  383s
 12265  9090 10284.9795   28  124 10983.4900 10221.6044  6.94%  96.6  389s
 12339  9091 10562.6072   30  117 10983.4900 10221.9095  6.93%  96.7  390s
 12390  9149 10430.2586   29   90 10983.4900 10221.9872  6.93%  97.0  395s
 12495  9306     cutoff   55      10983.4900 10222.9442  6.92%  97.6  401s
 12678  9442 10566.4825   35  127 10983.4900 10223.9765  6.92%  97.6  408s
 12837  9537 10502.9001   31  134 10983.4900 10224.3181  6.91%  97.8  414s
 12955  9818 10472.0399   31   98 10983.4900 10224.5648  6.91%  98.2  421s
 13286  9964 10978.3667   85   20 10983.4900 10225.1311  6.90%  97.2  429s
 13465  9993     cutoff   90      10983.4900 10225.3967  6.90%  97.1  437s
 13499 10093 10600.5008   27   92 10983.4900 10225.4078  6.90%  97.5  442s
 13617 10234 10553.5474   53   89 10983.4900 10225.6885  6.90%  98.0  449s
 13737 10234 10341.4234   26   54 10983.4900 10225.6885  6.90%  97.9  450s
 13812 10362 10344.2991   28  246 10983.4900 10226.4577  6.89%  98.1  456s
 13992 10468 infeasible  106      10983.4900 10227.0569  6.89%  98.3  463s
 14158 10631     cutoff   62      10983.4900 10227.9496  6.88%  98.4  470s
 14347 10745 10840.1763   65   20 10983.4900 10228.6248  6.87%  98.4  476s
 14521 10818     cutoff   74      10983.4900 10230.9251  6.85%  98.5  483s
 14628 10956 10339.8775   25  200 10983.4900 10231.5326  6.85%  99.1  489s
 14786 11065 10551.8139   20  210 10983.4900 10232.8585  6.83%  99.2  495s
 14936 11259     cutoff   57      10983.4900 10233.1339  6.83%   100  503s
 15148 11382 10553.3306   30  102 10983.4900 10233.9370  6.82%  99.3  510s
 15316 11583 10956.5300   57    6 10983.4900 10235.6171  6.81%  99.4  517s
 15557 11807     cutoff   58      10983.4900 10236.8042  6.80%  99.1  525s
 15799 11961 10657.4036   26  152 10983.4900 10237.7645  6.79%  98.7  531s
 16008 12107     cutoff   82      10983.4900 10238.2627  6.78%  98.6  538s
 16175 12193 10856.0224   66   26 10983.4900 10240.2932  6.77%  98.8  544s
 16293 12270     cutoff   73      10983.4900 10240.5924  6.76%  99.2  551s
 16417 12417     cutoff   59      10983.4900 10241.5323  6.76%   100  557s
 16581 12556 10666.9804   36  157 10983.4900 10242.7037  6.74%   100  564s
 16761 12655 10749.1602   51   69 10983.4900 10243.4559  6.74%   100  570s
 16915 12851 10886.1228   46   32 10983.4900 10243.7897  6.73%   100  578s
 17139 12924 10293.7758   19  134 10983.4900 10244.8712  6.72%  99.5  585s
 17252 13016 10689.2124   25  126 10983.4900 10245.2875  6.72%   100  592s
 17395 13122 10700.4300   32   56 10983.4900 10245.9754  6.71%   100  599s
 17547 13255 10931.3461   40  113 10983.4900 10247.2224  6.70%   100  605s
 17769 13345 infeasible   63      10983.4900 10247.7198  6.70%   100  612s
 17875 13489 10491.1603   26  134 10983.4900 10248.2583  6.69%   100  619s
 18045 13662 10979.8802   39   16 10983.4900 10248.5027  6.69%   101  626s
 18284 13732     cutoff   85      10983.4900 10249.2308  6.69%   100  633s
 18357 13824     cutoff   83      10983.4900 10249.7169  6.68%   101  640s
 18456 13975     cutoff   44      10983.4900 10249.9704  6.68%   102  647s
 18688 14100     cutoff   44      10983.4900 10251.0681  6.67%   101  654s
 18835 14191     cutoff   63      10983.4900 10251.5722  6.66%   101  660s
 18950 14271 10737.7036   40  194 10983.4900 10252.2245  6.66%   102  667s
 19114 14350     cutoff   55      10983.4900 10252.6266  6.65%   102  674s
 19205 14458 10687.5795   43  124 10983.4900 10252.7981  6.65%   102  682s
 19407 14595 10903.7800   53    8 10983.4900 10253.2924  6.65%   102  689s
 19457 14596 10622.1873   64   67 10983.4900 10253.2924  6.65%   102  690s
 19573 14650     cutoff   55      10983.4900 10253.6271  6.65%   102  696s
 19637 14738 10961.4347   52  104 10983.4900 10253.9241  6.64%   103  702s
 19754 14855 10728.5468   54   92 10983.4900 10254.3425  6.64%   103  710s
 19964 14942 infeasible   90      10983.4900 10254.7364  6.63%   103  716s
 20062 15058 10792.1409   62   23 10983.4900 10255.5177  6.63%   103  722s
 20196 15119 10367.8000   50    - 10983.4900 10255.8845  6.62%   103  729s
 20280 15179 10638.8696   50   49 10983.4900 10256.2271  6.62%   104  735s
 20390 15298 10330.4356   30  160 10983.4900 10256.7968  6.62%   104  741s
 20540 15399     cutoff   63      10983.4900 10257.2762  6.61%   104  748s
 20681 15475 10572.8129   20  181 10983.4900 10258.2773  6.60%   104  755s
 20779 15572 10870.7566   24  120 10983.4900 10258.3855  6.60%   105  762s
 20951 15760     cutoff   49      10983.4900 10258.7959  6.60%   105  769s
 20999 15760 10490.9219   67    8 10983.4900 10258.7959  6.60%   105  770s
 21177 15887 infeasible   88      10983.4900 10259.1834  6.59%   105  777s
 21328 15963     cutoff   78      10983.4900 10259.6568  6.59%   105  784s
 21432 16007 10574.9007   26   95 10983.4900 10259.8275  6.59%   105  790s
 21524 16055 10650.7651   24  133 10983.4900 10260.2019  6.59%   105  796s
 21596 16217 10629.6074   35   74 10983.4900 10260.6766  6.58%   106  804s
 21799 16283     cutoff   92      10983.4900 10261.3287  6.57%   105  811s
 21897 16425 10452.5478   27  184 10983.4900 10261.8970  6.57%   106  818s
 22064 16564 10806.4048   35  104 10983.4900 10262.3104  6.57%   106  826s
 22243 16695     cutoff   60      10983.4900 10262.7651  6.56%   106  833s
 22419 16744     cutoff   69      10983.4900 10263.6176  6.55%   106  840s
 22486 16812 10536.7802   22  180 10983.4900 10264.0902  6.55%   106  846s
 22576 16922 10572.2777   25  235 10983.4900 10264.2702  6.55%   106  854s
 22690 16930 10630.8383   98   12 10983.4900 10264.2702  6.55%   106  855s
 22711 16989 10943.8242   32  165 10983.4900 10264.4996  6.55%   106  860s
 22814 17066     cutoff   41      10983.4900 10264.8507  6.54%   107  867s
 22922 17116 10293.8012   25  167 10983.4900 10265.2038  6.54%   107  873s
 23012 17212     cutoff   60      10983.4900 10266.0053  6.53%   107  879s
 23078 17212 10685.2627   46   43 10983.4900 10266.0053  6.53%   107  880s
 23136 17354 10718.2808   48   70 10983.4900 10266.3568  6.53%   107  887s
 23332 17456 10460.0398   28  156 10983.4900 10266.8258  6.52%   107  893s
 23465 17534 10714.7933   46  104 10983.4900 10267.1531  6.52%   107  900s
 23553 17660 10758.3400   35    8 10983.4900 10267.3143  6.52%   107  908s
 23727 17741 10514.8577   25  117 10983.4900 10267.3372  6.52%   107  915s
 23819 17851 10920.1573   40   10 10983.4900 10267.4887  6.52%   108  922s
 23979 17966     cutoff   42      10983.4900 10267.7955  6.52%   108  930s
 24140 18095 10542.9960   31  130 10983.4900 10268.2463  6.51%   108  937s
 24288 18174 10897.2683   45   75 10983.4900 10268.6268  6.51%   108  944s
 24389 18240     cutoff   56      10983.4900 10269.3634  6.50%   108  951s
 24468 18370 10958.2525   64   42 10983.4900 10269.5468  6.50%   108  960s
 24613 18528 10893.9241   43   73 10983.4900 10269.7244  6.50%   108  970s
 24823 18654 10618.3885   44   98 10983.4900 10269.8460  6.50%   108  979s
 24985 18715     cutoff   56      10983.4900 10270.0566  6.50%   108  986s
 25074 18787     cutoff   57      10983.4900 10270.2832  6.49%   108  993s
 25171 18921 10369.4410   28  229 10983.4900 10270.6417  6.49%   109 1001s
 25340 19041 10721.2020   46   49 10983.4900 10270.7613  6.49%   109 1008s
*25362 18972              61    10971.770000 10270.7613  6.39%   109 1009s
 25507 19042     cutoff   71      10971.7700 10271.6825  6.38%   109 1016s
H25508 18744                    10950.890000 10271.6825  6.20%   109 1016s
 25617 18826 10697.2323   45   68 10950.8900 10271.9758  6.20%   109 1023s
 25732 18872 infeasible   72      10950.8900 10272.4161  6.20%   109 1030s
*25790  9652              50    10627.750000 10272.8886  3.34%   109 1030s
 25841  9659     cutoff   61      10627.7500 10272.8985  3.34%   109 1037s
 25935  9719 10585.5667   32   24 10627.7500 10273.4241  3.33%   109 1044s
 26052  9780 10518.8136   31  156 10627.7500 10274.1821  3.33%   109 1051s
 26137  9871 10348.6533   27   31 10627.7500 10274.7880  3.32%   110 1059s
H26289  9143                    10606.870000 10274.8503  3.13%   110 1067s
 26316  9179 10401.9136   34  167 10606.8700 10275.5010  3.12%   110 1073s
 26411  9260     cutoff   39      10606.8700 10275.8133  3.12%   110 1080s
 26510  9332 10492.3814   30   32 10606.8700 10276.4419  3.12%   110 1087s
 26626  9378 10339.6702   26   94 10606.8700 10276.6931  3.11%   110 1094s
 26713  9437 10568.9281   40   46 10606.8700 10276.8994  3.11%   111 1103s
 26862  9490     cutoff   51      10606.8700 10277.1603  3.11%   111 1110s
 26925  9526 10551.1580   21  129 10606.8700 10277.4489  3.11%   111 1118s
 27007  9564 10543.9772   31  142 10606.8700 10278.0714  3.10%   111 1126s
 27087  9644     cutoff   34      10606.8700 10278.4969  3.10%   112 1133s
 27231  9702 10414.2181   25  114 10606.8700 10279.3756  3.09%   112 1141s
 27335  9759 10434.9060   41  123 10606.8700 10279.9059  3.08%   112 1148s
 27438  9822 10518.9335   27   75 10606.8700 10280.3578  3.08%   112 1156s
 27547  9885 10538.5414   37  129 10606.8700 10280.9600  3.07%   112 1164s
 27639  9923 10528.1887   29  108 10606.8700 10281.1850  3.07%   112 1171s
 27719  9992 10425.5811   26  238 10606.8700 10281.2968  3.07%   113 1179s
 27831 10036 10488.3795   30   57 10606.8700 10281.3389  3.07%   113 1186s
 27938 10087 10543.6575   28  134 10606.8700 10281.6659  3.07%   113 1194s
 28054 10101 10354.5172   31  151 10606.8700 10281.8873  3.06%   113 1202s
 28087 10153 10501.3184   37  140 10606.8700 10282.0031  3.06%   113 1210s
 28183 10254 10472.1403   32   65 10606.8700 10282.4701  3.06%   114 1218s
 28329 10287 10540.7075   36  150 10606.8700 10283.1640  3.05%   114 1226s
 28434 10330 10515.7976   21  174 10606.8700 10283.7117  3.05%   114 1234s
 28507 10377 10429.0685   26  168 10606.8700 10284.2223  3.04%   114 1241s
 28578 10466     cutoff   30      10606.8700 10284.4838  3.04%   114 1248s
 28726 10524 10391.8993   25   49 10606.8700 10284.8310  3.04%   114 1256s
 28830 10596 10444.2066   31  100 10606.8700 10285.8119  3.03%   115 1264s
 28946 10623 10487.5307   41   39 10606.8700 10286.2162  3.02%   115 1272s
 29057 10667 10560.1660   31  154 10606.8700 10286.5095  3.02%   115 1280s
 29165 10753 10546.2804   50  130 10606.8700 10286.6682  3.02%   115 1289s
 29323 10806 10490.9689   30  116 10606.8700 10287.3737  3.01%   115 1297s
 29422 10842 10459.9713   22   99 10606.8700 10287.6195  3.01%   115 1305s
 29517 10901 10474.9663   28  126 10606.8700 10288.0386  3.01%   115 1312s
 29629 10976 10543.8384   39   72 10606.8700 10288.6941  3.00%   116 1322s
 29776 11011 10368.1947   27  215 10606.8700 10289.5479  2.99%   116 1329s
 29850 11048 10422.1021   37  134 10606.8700 10290.1415  2.99%   116 1337s
 29945 11124 10552.8005   37   81 10606.8700 10290.6996  2.98%   116 1345s
 30069 11168     cutoff   40      10606.8700 10290.8475  2.98%   116 1353s
 30173 11206 10342.4949   23  142 10606.8700 10291.6486  2.97%   116 1360s
 30257 11232     cutoff   38      10606.8700 10292.1695  2.97%   117 1367s
 30336 11299     cutoff   35      10606.8700 10292.9361  2.96%   117 1375s
 30454 11345 10598.4300   49   41 10606.8700 10293.2779  2.96%   117 1383s
 30547 11398     cutoff   39      10606.8700 10293.8858  2.95%   117 1393s
 30655 11438     cutoff   28      10606.8700 10294.1494  2.95%   117 1400s
 30752 11535 10438.7041   22   37 10606.8700 10294.4972  2.95%   118 1410s
 30907 11582 10590.9215   35   43 10606.8700 10294.6674  2.94%   118 1418s
 31017 11600 10556.2292   27   55 10606.8700 10295.0481  2.94%   118 1426s
 31101 11691 10539.9260   24   49 10606.8700 10295.2971  2.94%   118 1434s
 31246 11749 10507.4014   21  115 10606.8700 10295.8261  2.93%   118 1443s
 31339 11799 10520.4704   34  104 10606.8700 10295.9544  2.93%   118 1452s
 31422 11886 10545.1611   27   93 10606.8700 10296.2526  2.93%   119 1460s
 31543 11964 10460.4940   44  125 10606.8700 10296.7442  2.92%   119 1469s
 31657 12007 10477.2954   31  118 10606.8700 10296.8843  2.92%   119 1477s
 31782 12050 10523.3447   36   94 10606.8700 10297.4133  2.92%   119 1486s
 31866 12089 10571.9677   23  107 10606.8700 10297.8637  2.91%   119 1495s
 31976 12145 10534.5467   27  175 10606.8700 10298.5257  2.91%   120 1503s
 32070 12178     cutoff   46      10606.8700 10298.9212  2.90%   120 1512s
 32142 12215     cutoff   27      10606.8700 10299.1396  2.90%   120 1521s
 32232 12287     cutoff   38      10606.8700 10299.4300  2.90%   120 1529s
 32352 12336 10447.5930   39   70 10606.8700 10300.1300  2.89%   120 1539s
 32497 12372 10543.8007   34   62 10606.8700 10300.6158  2.89%   121 1547s
 32615 12417 10603.6716   36  113 10606.8700 10301.0403  2.88%   121 1555s
 32710 12471 10466.6249   34   66 10606.8700 10301.7308  2.88%   121 1565s
 32883 12554 10473.1958   24   86 10606.8700 10301.8471  2.88%   121 1575s
 33029 12610 10509.2181   22  178 10606.8700 10302.2556  2.87%   121 1585s
 33157 12667 10501.4307   24  208 10606.8700 10302.5082  2.87%   121 1595s
 33259 12711 10407.3288   27   97 10606.8700 10302.6492  2.87%   121 1603s
 33354 12725     cutoff   30      10606.8700 10302.6879  2.87%   121 1613s
 33398 12785 10515.9448   25  132 10606.8700 10302.7645  2.87%   122 1622s
 33508 12863 10441.5759   36  162 10606.8700 10303.0444  2.86%   122 1631s
 33657 12906 10369.8679   24  170 10606.8700 10303.4805  2.86%   122 1640s
 33744 12967 10524.6559   19  178 10606.8700 10303.8926  2.86%   122 1650s
 33842 13045 10567.1164   60   32 10606.8700 10304.0830  2.85%   122 1660s
 33974 13088 10502.5770   28  106 10606.8700 10304.1481  2.85%   122 1669s
 34088 13141 10455.4926   24  154 10606.8700 10304.4657  2.85%   122 1678s
 34234 13219 10397.9288   21  237 10606.8700 10304.9056  2.85%   122 1687s
 34368 13273 10478.5819   19  120 10606.8700 10305.1546  2.84%   123 1696s
 34487 13344 10522.2359   47   20 10606.8700 10305.2787  2.84%   123 1706s
 34643 13400     cutoff   61      10606.8700 10305.8712  2.84%   123 1715s
 34737 13447 10570.2018   45  174 10606.8700 10306.1248  2.84%   123 1725s
 34853 13527     cutoff   31      10606.8700 10306.7662  2.83%   123 1734s
 34993 13606 10562.3133   39   70 10606.8700 10307.1744  2.83%   123 1743s
 35131 13637 10490.4879   28   51 10606.8700 10307.7196  2.82%   123 1753s
 35231 13705 10583.2080   30  110 10606.8700 10308.2986  2.81%   124 1763s
 35360 13763 10401.7621   23  136 10606.8700 10308.5909  2.81%   124 1772s
 35478 13858 10336.7785   31   34 10606.8700 10308.8770  2.81%   124 1781s
 35612 13932 infeasible   90      10606.8700 10309.2216  2.81%   124 1791s
 35728 13989 10486.6728   32   90 10606.8700 10309.3041  2.81%   124 1800s
 35831 14036 10586.2595   63   16 10606.8700 10309.5752  2.80%   124 1810s
 35953 14092     cutoff   31      10606.8700 10310.2365  2.80%   124 1819s
 36084 14146 10547.7594   33    4 10606.8700 10310.4565  2.79%   124 1829s
 36189 14174     cutoff   34      10606.8700 10310.9022  2.79%   125 1838s
 36298 14232 10550.1291   39   79 10606.8700 10311.8370  2.78%   125 1847s
 36428 14281 10468.3500   19  147 10606.8700 10312.0299  2.78%   125 1856s
 36541 14334 10597.6604   32   12 10606.8700 10312.2887  2.78%   125 1867s
 36676 14403     cutoff   33      10606.8700 10312.5626  2.77%   125 1877s
 36840 14473     cutoff   56      10606.8700 10312.8135  2.77%   125 1887s
 36974 14508     cutoff   31      10606.8700 10313.0312  2.77%   125 1896s
 37057 14548 10507.7188   34   48 10606.8700 10313.3847  2.77%   125 1906s
 37183 14593     cutoff   46      10606.8700 10313.7776  2.76%   126 1915s
 37266 14643 10578.1920   28  135 10606.8700 10314.0849  2.76%   126 1924s
 37401 14669 10602.7746   53   22 10606.8700 10314.7568  2.75%   126 1933s
 37501 14735 10538.4763   33  264 10606.8700 10315.2666  2.75%   126 1942s
 37626 14775     cutoff   36      10606.8700 10315.5933  2.75%   126 1951s
 37732 14814 10606.5852   32   86 10606.8700 10315.7961  2.74%   126 1961s
 37841 14850     cutoff   34      10606.8700 10316.2483  2.74%   127 1971s
 37943 14918 10441.8428   27  175 10606.8700 10316.8810  2.73%   127 1980s
 38057 14966 10512.9423   32   44 10606.8700 10317.1795  2.73%   127 1989s
 38180 14998 10569.6163   25   75 10606.8700 10317.6383  2.73%   127 1999s
 38271 15047     cutoff   29      10606.8700 10317.9170  2.72%   127 2008s
 38373 15076     cutoff   38      10606.8700 10318.1705  2.72%   127 2017s
 38488 15167 10488.4282   27  182 10606.8700 10318.3147  2.72%   127 2027s
 38638 15245 10542.4674   47  114 10606.8700 10318.5827  2.72%   128 2037s
 38771 15323 10380.8896   26  169 10606.8700 10318.8768  2.72%   128 2048s
 38931 15345 10586.7655   35  141 10606.8700 10319.0293  2.71%   128 2061s
 39000 15415 10528.0877   31   80 10606.8700 10319.3723  2.71%   128 2071s
 39170 15449     cutoff   64      10606.8700 10319.7872  2.71%   128 2080s
 39273 15532 10484.7203   37  155 10606.8700 10320.3945  2.70%   128 2090s
 39431 15570     cutoff   37      10606.8700 10320.7264  2.70%   128 2099s
 39519 15595 10558.6560   29   60 10606.8700 10320.9104  2.70%   128 2108s
 39618 15658 10405.8378   31  166 10606.8700 10321.4188  2.69%   128 2118s
 39737 15727 10403.1236   20  224 10606.8700 10321.6607  2.69%   128 2128s
 39914 15796     cutoff   41      10606.8700 10321.8624  2.69%   128 2138s
 40048 15863     cutoff   38      10606.8700 10322.0426  2.69%   129 2149s
 40181 15909     cutoff   37      10606.8700 10322.2743  2.68%   129 2160s
 40287 15970 10469.6399   26  109 10606.8700 10322.8073  2.68%   129 2170s
 40403 16063     cutoff   34      10606.8700 10323.2675  2.67%   129 2179s
 40570 16133 10556.1051   38  101 10606.8700 10323.6902  2.67%   129 2189s
 40700 16189     cutoff   37      10606.8700 10323.9307  2.67%   129 2199s
 40820 16238 10493.2125   32    5 10606.8700 10324.3499  2.66%   129 2209s
 40919 16293 10572.9965   34   34 10606.8700 10324.5523  2.66%   129 2218s
 41043 16359     cutoff   59      10606.8700 10325.1827  2.66%   129 2229s
 41176 16425 10508.8341   34   32 10606.8700 10325.4690  2.65%   129 2239s
 41309 16426 10579.2522   40   35 10606.8700 10326.0415  2.65%   129 2240s
 41319 16427 10589.0403   34  251 10606.8700 10326.0415  2.65%   129 2708s
 41321 16428 10540.3448   43  373 10606.8700 10326.0415  2.65%   129 2710s
 41327 16432 10474.6841   30  513 10606.8700 10326.0415  2.65%   129 2715s
 41333 16436 10363.2861   50  534 10606.8700 10326.0415  2.65%   129 2721s
 41336 16438 10399.7078   29  795 10606.8700 10326.0415  2.65%   129 2743s
 41337 16439 10537.8622   39  794 10606.8700 10326.0415  2.65%   129 2745s
 41339 16443 10326.0415   23  911 10606.8700 10326.0415  2.65%   130 2794s
 41341 16445 10326.0415   24  755 10606.8700 10326.0415  2.65%   130 2827s
 41343 16446 10326.0415   24  785 10606.8700 10326.0415  2.65%   130 2858s
 41345 16447 10326.0415   25  759 10606.8700 10326.0415  2.65%   130 2890s
 41347 16449 10326.0415   25  656 10606.8700 10326.0415  2.65%   130 2912s
 41349 16451 10326.0415   26  752 10606.8700 10326.0415  2.65%   130 2926s
 41352 16454 10326.0415   26  683 10606.8700 10326.0415  2.65%   130 2936s
 41356 16457 10327.2141   27  734 10606.8700 10326.0415  2.65%   130 2943s
 41360 16461 10354.7049   28  693 10606.8700 10326.0415  2.65%   130 2948s
 41366 16465 10390.9690   30  644 10606.8700 10326.0415  2.65%   130 2954s
 41372 16471 10500.6999   31  600 10606.8700 10326.0415  2.65%   130 2959s
 41380 16477 10498.7680   33  471 10606.8700 10326.0415  2.65%   130 2963s
 41389 16482 10562.7037   36  554 10606.8700 10326.0415  2.65%   130 2966s
 41398 16481 10583.2298   38  505 10606.8700 10326.0415  2.65%   130 2970s
 41417 16475 10603.0548   47  459 10606.8700 10326.0415  2.65%   130 2975s
 41430 16476 10443.5397   26  923 10606.8700 10326.0415  2.65%   130 2983s
 41432 16482 10326.0415   27  601 10606.8700 10326.0415  2.65%   130 2986s
 41439 16485 10326.0415   28  615 10606.8700 10326.0415  2.65%   130 2990s
