




arguments: ./build/mirp_solver -f ./input/orig_exec_7.cfg
Current dir: /scratch/gui/bnc_mirp
File verbosity level: 9
date       time         ( uptime  ) [ thread name/id ]                   file:line     v| 
2021-01-08 22:34:29.810 (   0.508s) [main thread     ]             loguru.cpp:789   INFO| Logging to './output/vi_hc3/OU/V2/Original/execution_08_01_2021_22_34_29.log', mode: 'a', verbosity: 9
--------------------------------------------------------------------------------
Parameters
                           instance_path           ./input/Instances/Original/1/
                            model_policy                                       1
                             nb_vehicles                                       2
                              output_dir         ./output/vi_hc3/OU/V2/Original/
                            sec_strategy                                       1
                       solver_nb_threads                                       2
                         solver_show_log                                    true
                       solver_time_limit                                    3600
                              use_vi_cos                                   false
                              use_vi_cus                                   false
                         use_vi_hc1_full                                   false
                         use_vi_hc1_half                                   false
                      use_vi_hc1_quarter                                   false
                              use_vi_hc2                                   false
                              use_vi_hc3                                    true
                         use_vi_lex_full                                   false
                         use_vi_lex_half                                   false
                      use_vi_lex_quarter                                   false
                              use_vi_qua                                   false
                               use_vi_vc                                   false
                               use_vi_vr                                   false
--------------------------------------------------------------------------------
executing instance: ./input/Instances/Original/1/absH3high_1n5.dat
--------------------------------------------------------------------------------
Instance details
n	6
H	3
C	289
Li:
[0, 0, 0, 0, 0, 0, ]
Ui:
[0, 195, 105, 116, 72, 22, ]
Distance matrix:
|0	85	349	17	203	289	|
|85	0	265	102	214	226	|
|349	265	0	366	368	238	|
|17	102	366	0	207	302	|
|203	214	368	207	0	431	|
|289	226	238	302	431	0	|

--------------------------------------------------------------------------------
Building model...
	using lazy and cut (CVRPSEP package)
Solving IRP LP...
--------------------------------------------------------------------------------

Gurobi 9.1.0 (linux64) logging started Fri Jan  8 22:34:30 2021

Gurobi Optimizer version 9.1.0 build v9.1.0rc0 (linux64)
Thread count: 32 physical cores, 32 logical processors, using up to 2 threads
Optimize a model with 159 rows, 180 columns and 627 nonzeros
Model fingerprint: 0x59a0e9bf
Variable types: 54 continuous, 126 integer (36 binary)
Coefficient statistics:
  Matrix range     [1e+00, 2e+02]
  Objective range  [2e-01, 4e+02]
  Bounds range     [1e+00, 2e+02]
  RHS range        [1e+01, 5e+02]
Found heuristic solution: objective 3008.4900000
Presolve removed 70 rows and 22 columns
Presolve time: 0.01s
Presolved: 89 rows, 158 columns, 437 nonzeros
Variable types: 32 continuous, 126 integer (96 binary)

Root relaxation: objective 1.629262e+03, 75 iterations, 0.00 seconds

    Nodes    |    Current Node    |     Objective Bounds      |     Work
 Expl Unexpl |  Obj  Depth IntInf | Incumbent    BestBd   Gap | It/Node Time

     0     0 1629.26218    0   19 3008.49000 1629.26218  45.8%     -    0s
     0     0 1762.23948    0   19 3008.49000 1762.23948  41.4%     -    0s
H    0     0                    2486.3500000 1762.23948  29.1%     -    0s
     0     0 2002.26285    0   43 2486.35000 2002.26285  19.5%     -    0s
H    0     0                    2378.2900000 2002.26285  15.8%     -    0s
     0     0 2002.26285    0   38 2378.29000 2002.26285  15.8%     -    0s
     0     0 2150.21109    0   28 2378.29000 2150.21109  9.59%     -    0s
H    0     0                    2297.8000000 2150.21109  6.42%     -    0s
     0     0 2152.59345    0   28 2297.80000 2152.59345  6.32%     -    0s
     0     0 2153.86403    0   44 2297.80000 2153.86403  6.26%     -    0s
     0     0 2155.91451    0   43 2297.80000 2155.91451  6.17%     -    0s
     0     0 2183.00491    0   47 2297.80000 2183.00491  5.00%     -    0s
     0     0 2183.28461    0   48 2297.80000 2183.28461  4.98%     -    0s
     0     0 2187.71185    0   34 2297.80000 2187.71185  4.79%     -    0s
     0     0 2187.71185    0   34 2297.80000 2187.71185  4.79%     -    0s
H    0     0                    2266.6100000 2187.71185  3.48%     -    0s
     0     0 2198.75339    0   14 2266.61000 2198.75339  2.99%     -    0s
     0     0 2198.75339    0   27 2266.61000 2198.75339  2.99%     -    0s
     0     0 2198.75339    0   28 2266.61000 2198.75339  2.99%     -    0s
     0     0 2198.75339    0   26 2266.61000 2198.75339  2.99%     -    0s
     0     0 2198.75339    0   24 2266.61000 2198.75339  2.99%     -    0s
     0     0 2198.75339    0   24 2266.61000 2198.75339  2.99%     -    0s
     0     0 2198.75339    0   30 2266.61000 2198.75339  2.99%     -    0s
     0     0 2198.75339    0   30 2266.61000 2198.75339  2.99%     -    0s
     0     0 2198.75339    0   25 2266.61000 2198.75339  2.99%     -    0s
     0     0 2201.57462    0   23 2266.61000 2201.57462  2.87%     -    0s
     0     0 2201.57462    0   10 2266.61000 2201.57462  2.87%     -    0s
     0     0 2201.57462    0   12 2266.61000 2201.57462  2.87%     -    0s
     0     0 2201.57462    0   21 2266.61000 2201.57462  2.87%     -    0s
     0     0 2201.57462    0   22 2266.61000 2201.57462  2.87%     -    0s
     0     0 2201.57462    0   27 2266.61000 2201.57462  2.87%     -    0s
     0     0 2201.57462    0   27 2266.61000 2201.57462  2.87%     -    0s
     0     0 2201.57462    0   28 2266.61000 2201.57462  2.87%     -    0s
     0     0 2235.11603    0   23 2266.61000 2235.11603  1.39%     -    0s
     0     0 2235.11603    0   28 2266.61000 2235.11603  1.39%     -    0s
     0     0 2235.11603    0   29 2266.61000 2235.11603  1.39%     -    0s
     0     0 2235.41198    0   21 2266.61000 2235.41198  1.38%     -    0s
     0     0 2235.41198    0   24 2266.61000 2235.41198  1.38%     -    0s
     0     0 2235.41198    0   26 2266.61000 2235.41198  1.38%     -    0s
     0     0 2235.41198    0   23 2266.61000 2235.41198  1.38%     -    0s
     0     0 2236.46385    0   12 2266.61000 2236.46385  1.33%     -    0s
     0     0 2236.46385    0   12 2266.61000 2236.46385  1.33%     -    0s
     0     0 2252.41597    0    6 2266.61000 2252.41597  0.63%     -    0s
     0     0     cutoff    0      2266.61000 2266.61000  0.00%     -    0s

Cutting planes:
  Gomory: 3
  Cover: 4
  MIR: 4
  Flow cover: 6
  Zero half: 1
  Relax-and-lift: 2

Explored 1 nodes (952 simplex iterations) in 0.25 seconds
Thread count was 2 (of 32 available processors)

Solution count 5: 2266.61 2297.8 2378.29 ... 3008.49

Optimal solution found (tolerance 1.00e-04)
Best objective 2.266610000000e+03, best bound 2.266610000000e+03, gap 0.0000%

User-callback calls 364, time in user-callback 0.01 sec
================================================================================
executing instance: ./input/Instances/Original/1/absH3high_1n45.dat
--------------------------------------------------------------------------------
Instance details
n	46
H	3
C	3462
Li:
[0, 0, 0, 0, 0, 0, 0, 0, 0, 0, 0, 0, 0, 0, 0, 0, 0, 0, 0, 0, 0, 0, 0, 0, 0, 0, 0, 0, 0, 0, 0, 0, 0, 0, 0, 0, 0, 0, 0, 0, 0, 0, 0, 0, 0, 0, ]
Ui:
[0, 273, 270, 36, 165, 192, 148, 45, 30, 75, 180, 198, 112, 117, 90, 64, 180, 22, 264, 174, 168, 270, 86, 66, 26, 66, 237, 156, 92, 108, 144, 72, 30, 45, 94, 54, 174, 96, 198, 136, 44, 180, 210, 249, 198, 48, ]
Distance matrix:
|0	281	201	160	249	201	93	431	236	139	252	136	116	166	390	110	349	374	303	180	327	464	236	70	44	461	346	439	363	254	312	426	305	206	71	137	169	200	247	260	20	219	256	253	460	278	|
|281	0	448	170	53	142	338	184	121	290	371	390	222	302	111	289	169	434	230	177	238	441	59	212	319	211	86	235	399	306	53	176	99	202	263	157	361	101	370	201	264	344	364	374	469	184	|
|201	448	0	285	430	325	114	556	361	171	191	64	228	174	546	294	453	306	364	289	388	435	393	254	157	585	491	536	318	254	490	554	436	407	266	292	108	388	186	337	207	181	205	190	408	364	|
|160	170	285	0	169	43	182	280	80	120	208	231	58	132	262	230	190	294	151	24	174	345	112	107	183	309	207	280	268	158	219	276	155	235	187	45	192	150	205	107	140	177	202	210	356	119	|
|249	53	430	169	0	152	317	238	145	282	377	369	212	299	157	242	215	452	261	183	273	474	76	181	290	264	140	287	421	320	63	229	145	148	221	142	352	53	374	226	234	346	370	378	498	215	|
|201	142	325	43	152	0	224	237	37	156	230	273	101	164	224	261	148	300	127	38	147	333	83	142	225	266	167	238	270	168	193	233	112	246	221	70	228	148	228	84	180	202	222	232	351	87	|
|93	338	114	182	317	224	0	460	262	92	180	52	124	112	440	199	364	307	292	191	317	415	284	140	57	490	387	452	304	208	377	457	336	297	163	181	84	274	175	256	95	152	188	180	402	280	|
|431	184	556	280	238	237	460	0	199	385	420	508	337	385	108	464	110	429	219	269	206	378	202	365	460	30	98	84	388	340	204	9	126	386	432	294	453	283	421	226	411	404	408	423	422	198	|
|236	121	361	80	145	37	262	199	0	191	255	310	138	197	191	290	114	312	118	72	133	330	69	175	262	229	132	204	279	186	174	195	75	258	251	102	262	153	254	81	216	230	246	257	353	72	|
|139	290	171	120	282	156	92	385	191	0	116	129	71	27	380	246	283	235	201	119	226	329	231	141	129	414	323	367	224	119	336	383	266	308	202	141	72	252	112	169	127	82	118	117	322	195	|
|252	371	191	208	377	230	180	420	255	116	0	187	178	90	443	361	311	127	204	195	224	246	313	257	232	446	382	380	129	81	423	421	320	422	318	242	100	355	5	195	241	34	15	2	225	224	|
|136	390	64	231	369	273	52	508	310	129	187	0	173	141	491	233	409	313	330	239	355	431	335	191	93	538	438	495	316	233	429	505	385	342	203	233	88	325	182	297	143	167	199	187	412	323	|
|116	222	228	58	212	101	124	337	138	71	178	173	0	91	319	206	244	284	187	69	212	357	165	85	130	367	265	333	264	151	267	333	213	244	161	70	140	181	175	145	97	145	177	180	359	165	|
|166	302	174	132	299	164	112	385	197	27	90	141	91	0	388	273	280	208	191	127	215	305	243	167	153	413	329	361	198	96	351	383	270	333	229	159	68	272	86	163	153	56	92	91	296	190	|
|390	111	546	262	157	224	440	108	191	380	443	491	319	388	0	399	164	480	264	261	261	456	156	320	426	125	62	186	442	369	107	99	125	300	374	260	452	210	443	252	372	420	433	446	494	227	|
|110	289	294	230	242	261	199	464	290	246	361	233	206	273	399	0	402	480	382	254	404	562	262	124	143	493	369	490	466	355	302	457	344	135	45	191	279	189	356	337	120	328	364	362	563	348	|
|349	169	453	190	215	148	364	110	114	283	311	409	244	280	164	402	0	324	110	174	101	292	151	289	372	135	109	90	284	230	212	111	70	354	364	216	348	245	312	118	329	295	298	313	330	90	|
|374	434	306	294	452	300	307	429	312	235	127	313	284	208	480	480	324	0	216	274	223	137	380	368	357	448	419	367	40	136	487	432	358	525	436	336	227	443	132	234	361	156	119	127	102	255	|
|303	230	364	151	261	127	292	219	118	201	204	330	187	191	264	382	110	216	0	128	25	213	185	258	314	243	203	176	178	123	282	221	144	372	338	193	256	270	206	45	283	193	191	206	239	46	|
|180	177	289	24	183	38	191	269	72	119	195	239	69	127	261	254	174	274	128	0	151	321	118	130	198	299	204	263	246	139	228	266	147	258	211	68	191	169	193	83	159	166	188	197	333	98	|
|327	238	388	174	273	147	317	206	133	226	224	355	212	215	261	404	101	223	25	151	0	203	198	281	339	228	202	156	184	143	288	209	146	390	362	215	280	286	226	68	308	215	210	226	235	61	|
|464	441	435	345	474	333	415	378	330	329	246	431	357	305	456	562	292	137	213	321	203	0	398	440	458	390	400	301	117	211	492	384	348	578	517	389	344	480	251	251	448	265	233	246	54	259	|
|236	59	393	112	76	83	284	202	69	231	313	335	165	243	156	262	151	380	185	118	198	398	0	167	270	231	110	233	347	250	110	195	85	203	230	103	303	95	311	150	217	284	305	315	422	139	|
|70	212	254	107	181	142	140	365	175	141	257	191	85	167	320	124	289	368	258	130	281	440	167	0	109	394	277	378	349	236	244	359	239	167	81	73	196	135	253	213	53	223	257	258	444	226	|
|44	319	157	183	290	225	57	460	262	129	232	93	130	153	426	143	372	357	314	198	339	458	270	109	0	490	379	462	351	247	353	456	334	250	110	168	140	243	226	274	56	201	238	232	449	294	|
|461	211	585	309	264	266	490	30	229	414	446	538	367	413	125	493	135	448	243	299	228	390	231	394	490	0	125	89	408	365	226	36	156	412	462	324	481	311	447	253	441	430	433	448	436	225	|
|346	86	491	207	140	167	387	98	132	323	382	438	265	329	62	369	109	419	203	204	202	400	110	277	379	125	0	155	381	307	113	90	63	288	339	211	394	186	382	190	327	359	371	384	436	165	|
|439	235	536	280	287	238	452	84	204	367	380	495	333	361	186	490	90	367	176	263	156	301	233	378	462	89	155	0	326	299	267	92	148	432	454	306	429	325	382	199	419	369	366	382	348	172	|
|363	399	318	268	421	270	304	388	279	224	129	316	264	198	442	466	284	40	178	246	184	117	347	349	351	408	381	326	0	113	452	391	321	502	422	311	229	415	134	199	348	152	118	130	98	219	|
|254	306	254	158	320	168	208	340	186	119	81	233	151	96	369	355	230	136	123	139	143	211	250	236	247	365	307	299	113	0	359	340	244	390	310	200	148	308	83	117	238	74	68	83	208	145	|
|312	53	490	219	63	193	377	204	174	336	423	429	267	351	107	302	212	487	282	228	288	492	110	244	353	226	113	267	452	359	0	195	145	194	283	199	407	115	421	254	296	394	415	425	521	237	|
|426	176	554	276	229	233	457	9	195	383	421	505	333	383	99	457	111	432	221	266	209	384	195	359	456	36	90	92	391	340	195	0	122	378	426	289	451	275	421	226	406	404	408	423	427	197	|
|305	99	436	155	145	112	336	126	75	266	320	385	213	270	125	344	70	358	144	147	146	348	85	239	334	156	63	148	321	244	145	122	0	286	310	168	336	177	320	128	285	298	309	322	381	103	|
|206	202	407	235	148	246	297	386	258	308	422	342	244	333	300	135	354	525	372	258	390	578	203	167	250	412	288	432	502	390	194	378	286	0	144	191	362	109	418	329	202	388	421	423	591	329	|
|71	263	266	187	221	221	163	432	251	202	318	203	161	229	374	45	364	436	338	211	362	517	230	81	110	462	339	454	422	310	283	426	310	144	0	150	239	168	313	294	77	285	321	319	518	306	|
|137	157	292	45	142	70	181	294	102	141	242	233	70	159	260	191	216	336	193	68	215	389	103	73	168	324	211	306	311	200	199	289	168	191	150	0	210	113	239	148	117	210	238	244	400	157	|
|169	361	108	192	352	228	84	453	262	72	100	88	140	68	452	279	348	227	256	191	280	344	303	196	140	481	394	429	229	148	407	451	336	362	239	210	0	318	95	231	164	79	111	100	325	258	|
|200	101	388	150	53	148	274	283	153	252	355	325	181	272	210	189	245	443	270	169	286	480	95	135	243	311	186	325	415	308	115	275	177	109	168	113	318	0	352	230	187	323	351	357	498	225	|
|247	370	186	205	374	228	175	421	254	112	5	182	175	86	443	356	312	132	206	193	226	251	311	253	226	447	382	382	134	83	421	421	320	418	313	239	95	352	0	196	237	30	19	6	230	224	|
|260	201	337	107	226	84	256	226	81	169	195	297	145	163	252	337	118	234	45	83	68	251	150	213	274	253	190	199	199	117	254	226	128	329	294	148	231	230	196	0	240	178	184	198	272	29	|
|20	264	207	140	234	180	95	411	216	127	241	143	97	153	372	120	329	361	283	159	308	448	217	53	56	441	327	419	348	238	296	406	285	202	77	117	164	187	237	240	0	208	245	242	446	257	|
|219	344	181	177	346	202	152	404	230	82	34	167	145	56	420	328	295	156	193	166	215	265	284	223	201	430	359	369	152	74	394	404	298	388	285	210	79	323	30	178	208	0	37	35	250	206	|
|256	364	205	202	370	222	188	408	246	118	15	199	177	92	433	364	298	119	191	188	210	233	305	257	238	433	371	366	118	68	415	408	309	421	321	238	111	351	19	184	245	37	0	17	214	212	|
|253	374	190	210	378	232	180	423	257	117	2	187	180	91	446	362	313	127	206	197	226	246	315	258	232	448	384	382	130	83	425	423	322	423	319	244	100	357	6	198	242	35	17	0	225	226	|
|460	469	408	356	498	351	402	422	353	322	225	412	359	296	494	563	330	102	239	333	235	54	422	444	449	436	436	348	98	208	521	427	381	591	518	400	325	498	230	272	446	250	214	225	0	285	|
|278	184	364	119	215	87	280	198	72	195	224	323	165	190	227	348	90	255	46	98	61	259	139	226	294	225	165	172	219	145	237	197	103	329	306	157	258	225	224	29	257	206	212	226	285	0	|

--------------------------------------------------------------------------------
Building model...
	using lazy and cut (CVRPSEP package)
Solving IRP LP...
--------------------------------------------------------------------------------

Gurobi 9.1.0 (linux64) logging started Fri Jan  8 22:34:30 2021

Gurobi Optimizer version 9.1.0 build v9.1.0rc0 (linux64)
Thread count: 32 physical cores, 32 logical processors, using up to 2 threads
Optimize a model with 1279 rows, 6940 columns and 18967 nonzeros
Model fingerprint: 0x9f7d0448
Variable types: 454 continuous, 6486 integer (276 binary)
Coefficient statistics:
  Matrix range     [1e+00, 2e+03]
  Objective range  [1e-01, 6e+02]
  Bounds range     [1e+00, 3e+02]
  RHS range        [1e+01, 6e+03]
Presolve removed 512 rows and 130 columns
Presolve time: 0.07s
Presolved: 767 rows, 6810 columns, 14803 nonzeros
Variable types: 324 continuous, 6486 integer (6216 binary)

Root relaxation: objective 1.302212e+04, 588 iterations, 0.01 seconds

    Nodes    |    Current Node    |     Objective Bounds      |     Work
 Expl Unexpl |  Obj  Depth IntInf | Incumbent    BestBd   Gap | It/Node Time

     0     0 13022.1222    0  116          - 13022.1222      -     -    0s
     0     0 13382.5416    0  136          - 13382.5416      -     -    0s
     0     0 13395.3686    0  128          - 13395.3686      -     -    0s
     0     0 13395.3686    0  110          - 13395.3686      -     -    0s
     0     0 13905.0223    0  219          - 13905.0223      -     -    0s
     0     0 13913.2494    0  220          - 13913.2494      -     -    0s
     0     0 13915.2777    0  228          - 13915.2777      -     -    0s
     0     0 13917.1735    0  206          - 13917.1735      -     -    0s
     0     0 13917.1735    0  208          - 13917.1735      -     -    0s
     0     0 13984.3217    0  155          - 13984.3217      -     -    0s
     0     0 14015.6208    0  153          - 14015.6208      -     -    0s
     0     0 14052.0478    0  130          - 14052.0478      -     -    0s
     0     0 14061.9200    0  155          - 14061.9200      -     -    0s
     0     0 14063.4571    0  159          - 14063.4571      -     -    0s
     0     0 14063.4571    0  166          - 14063.4571      -     -    1s
     0     0 14207.3360    0  207          - 14207.3360      -     -    1s
     0     0 14225.4697    0  233          - 14225.4697      -     -    1s
     0     0 14249.2229    0  297          - 14249.2229      -     -    1s
     0     0 14250.6690    0  260          - 14250.6690      -     -    1s
     0     0 14261.1660    0  287          - 14261.1660      -     -    1s
     0     0 14266.9919    0  186          - 14266.9919      -     -    1s
     0     0 14267.4523    0  230          - 14267.4523      -     -    1s
     0     0 14290.5966    0  272          - 14290.5966      -     -    2s
     0     0 14292.4942    0  298          - 14292.4942      -     -    2s
     0     0 14296.6974    0  204          - 14296.6974      -     -    2s
     0     0 14298.7285    0  268          - 14298.7285      -     -    2s
     0     0 14311.1476    0  247          - 14311.1476      -     -    2s
     0     0 14311.1476    0  226          - 14311.1476      -     -    2s
     0     2 14311.1476    0  226          - 14311.1476      -     -    2s
    51    57 14554.7039   15  160          - 14322.1760      -   180    5s
   295   306 15463.9488  112   26          - 14322.1760      -  86.9   10s
   632   598 18250.5300  219    -          - 14334.4045      -  51.3   15s
   768   699 14838.1723   68  315          - 14359.6929      -  48.5   20s
   795   717 15752.9714  180  353          - 14389.1722      -  46.8   25s
   812   728 15945.6650  198  360          - 14394.4068      -  45.9   30s
   835   746 14438.7207   19  361          - 14422.2129      -  69.1   35s
   891   788 14490.0347   30  353          - 14422.2129      -  80.0   40s
   967   848 14593.5267   40  278          - 14422.2129      -  86.2   45s
  1065   922 14864.4922   53   89          - 14422.2129      -  88.8   50s
  1202   998 15019.3936   60  113          - 14422.2129      -  85.7   55s
* 1213   956             156    16542.900000 14422.2129  12.8%  85.4   55s
  1272   934 14913.7320   68  153 16542.9000 14422.2129  12.8%  87.6   60s
  1313   963 14992.0586   81  176 16542.9000 14422.2129  12.8%  92.3   65s
  1367   998 15126.9033   98  112 16542.9000 14422.2129  12.8%  96.6   70s
  1423  1050 15415.7731  114   55 16542.9000 14422.2129  12.8%  98.6   75s
  1523  1148 16150.1108  152   41 16542.9000 14422.2129  12.8%  98.7   81s
  1652  1172 16469.6392  193   50 16542.9000 14427.4134  12.8%  95.4   86s
  1726  1195 14485.1122   21  267 16542.9000 14427.4134  12.8%  95.1   90s
  1781  1227 14547.8956   29  243 16542.9000 14427.4134  12.8%   100   96s
  1803  1243 14599.7013   36  241 16542.9000 14427.4134  12.8%   102  100s
  1850  1280 14622.6341   50  106 16542.9000 14427.4134  12.8%   107  105s
  1889  1329 14728.7265   59   39 16542.9000 14427.4134  12.8%   110  110s
  1931  1347 14772.5793   75   30 16542.9000 14427.4134  12.8%   110  115s
  1988  1412 14936.2566   89   61 16542.9000 14427.4134  12.8%   111  121s
  2075  1481 15134.7750  110   23 16542.9000 14427.4134  12.8%   109  125s
  2410  1565 16058.0400  153    - 16542.9000 14444.0156  12.7%  97.8  134s
* 2427  1043             120    15271.640000 14444.2515  5.42%  98.0  134s
  2473   971     cutoff  153      15271.6400 14453.6017  5.36%  97.0  136s
  2519  1052 14815.7427   33  283 15271.6400 14453.6017  5.36%  98.8  141s
  2605  1051 15027.0121   55   27 15271.6400 14465.6091  5.28%  97.5  145s
  2650  1059 14551.4015   22  350 15271.6400 14467.2342  5.27%  99.4  150s
  2685  1093 14906.4966   31  183 15271.6400 14467.2342  5.27%   102  155s
  2753  1146 infeasible   50      15271.6400 14467.4215  5.27%   104  161s
  2797  1194 14568.7092   35  349 15271.6400 14467.4215  5.27%   104  165s
  2952  1256     cutoff   87      15271.6400 14468.2536  5.26%   103  173s
  2966  1314 14663.2144   29  137 15271.6400 14468.2536  5.26%   104  177s
  3044  1323     cutoff   43      15271.6400 14468.5189  5.26%   104  182s
  3071  1343 14498.7520   25  338 15271.6400 14469.3920  5.25%   105  185s
  3114  1399 14625.7498   34  215 15271.6400 14469.3920  5.25%   108  191s
  3147  1440 14754.5515   43  148 15271.6400 14469.3920  5.25%   109  196s
  3190  1518 14653.4365   54  111 15271.6400 14479.7165  5.19%   110  201s
  3275  1573 14879.1132   84   36 15271.6400 14479.9282  5.18%   110  207s
H 3389   989                    14976.680000 14483.6246  3.29%   108  212s
  3407  1019 14686.8857   33  226 14976.6800 14483.6246  3.29%   110  217s
  3443  1084 14731.1052   45  111 14976.6800 14483.6246  3.29%   111  221s
  3511  1113 14774.9391   80   18 14976.6800 14483.6246  3.29%   111  226s
  3552  1152 14960.7805   86   31 14976.6800 14483.6745  3.29%   111  230s
  3619  1179 14859.6507   41  122 14976.6800 14485.2339  3.28%   111  235s
  3664  1209 14605.1445   24  307 14976.6800 14485.6627  3.28%   112  240s
  3698  1224 14789.6641   32  246 14976.6800 14487.4032  3.27%   113  245s
  3739  1255 14720.4709   33  327 14976.6800 14490.5120  3.25%   115  251s
  3789  1294 14658.6443   20  354 14976.6800 14493.2025  3.23%   116  256s
  3834  1322     cutoff   44      14976.6800 14495.9122  3.21%   117  261s
  3915  1360 14801.4675   39  199 14976.6800 14498.9686  3.19%   118  267s
  3960  1407 14714.1649   31  303 14976.6800 14499.0505  3.19%   119  273s
  4028  1442 14548.4844   25  306 14976.6800 14501.5219  3.17%   119  279s
  4053  1442 14721.0718   33  294 14976.6800 14501.5641  3.17%   120  280s
  4085  1493 14666.2807   20  277 14976.6800 14501.7752  3.17%   121  286s
  4151  1514 14627.0430   19  304 14976.6800 14502.4416  3.17%   122  294s
  4172  1539 14738.1811   23  313 14976.6800 14503.1710  3.16%   124  300s
  4224  1584 14683.8020   27  298 14976.6800 14504.5660  3.15%   125  307s
  4294  1630 14715.8110   30  207 14976.6800 14505.7816  3.14%   126  314s
  4360  1675 infeasible   39      14976.6800 14507.0277  3.14%   128  320s
  4427  1725 14913.7487   47  134 14976.6800 14507.0815  3.14%   129  328s
  4501  1784 14720.9160   32  284 14976.6800 14507.5358  3.13%   130  336s
H 4537  1760                    14963.980000 14509.1116  3.04%   131  337s
  4577  1804 14696.2432   33  222 14963.9800 14509.1116  3.04%   131  344s
  4649  1804 14931.0034   44  141 14963.9800 14509.1116  3.04%   133  345s
  4669  1855 infeasible   46      14963.9800 14513.6963  3.01%   133  352s
  4736  1882 14653.0349   37  223 14963.9800 14513.7993  3.01%   134  361s
  4763  1965 14710.6323   43  152 14963.9800 14513.7993  3.01%   135  370s
  4862  2028 14889.3992   59   92 14963.9800 14514.7881  3.00%   136  379s
  4951  2092 14636.6355   28  124 14963.9800 14516.8084  2.99%   138  388s
  5049  2160 14607.8079   26  360 14963.9800 14519.0631  2.97%   138  398s
  5140  2204 14864.5748   34  213 14963.9800 14520.0082  2.97%   139  407s
  5230  2270 14633.2418   27  294 14963.9800 14520.0228  2.97%   141  418s
  5324  2334     cutoff   43      14963.9800 14520.8298  2.96%   143  428s
  5425  2373     cutoff   41      14963.9800 14521.4811  2.96%   144  438s
  5506  2450 14761.0628   44  224 14963.9800 14522.5234  2.95%   146  450s
  5599  2530 14665.0484   35  269 14963.9800 14523.5043  2.94%   148  462s
  5679  2633 14856.3427   58  138 14963.9800 14523.6086  2.94%   150  475s
  5835  2741 14560.9270   36  373 14963.9800 14525.5199  2.93%   150  488s
  6025  2816     cutoff   60      14963.9800 14526.3484  2.92%   149  502s
  6142  2907 14899.7895   49   41 14963.9800 14530.4051  2.90%   149  515s
  6290  2997 14715.9191   30  345 14963.9800 14532.4837  2.88%   150  529s
  6335  2997     cutoff   38      14963.9800 14532.9526  2.88%   150  530s
  6416  3054 14724.6365   42  169 14963.9800 14532.9526  2.88%   150  542s
  6496  3106 14807.4214   58  117 14963.9800 14533.6736  2.88%   150  555s
  6594  3202 14714.9817   31  400 14963.9800 14533.6870  2.88%   151  568s
  6690  3304 14814.8140   44  184 14963.9800 14533.9896  2.87%   153  582s
  6891  3387 14780.2228   40  294 14963.9800 14535.0843  2.87%   154  595s
  7010  3467 14948.3019   41  256 14963.9800 14535.2913  2.86%   156  607s
  7140  3558 14594.3520   28  383 14963.9800 14537.3158  2.85%   157  623s
  7286  3715 14636.8899   25  325 14963.9800 14538.4638  2.84%   158  640s
  7482  3851 14850.6322   40  110 14963.9800 14540.0283  2.83%   159  658s
  7638  3851 14855.5510   42  158 14963.9800 14540.1771  2.83%   160  660s
  7662  4013 14777.4160   35  198 14963.9800 14540.2239  2.83%   160  678s
  7901  4158 14664.1199   25  287 14963.9800 14540.7486  2.83%   159  697s
  8108  4318 14707.0717   38  158 14963.9800 14541.5043  2.82%   159  715s
  8319  4446 14715.6726   43  180 14963.9800 14544.1760  2.81%   158  736s
  8509  4566 14618.9586   30  357 14963.9800 14545.6980  2.80%   158  754s
  8568  4566 14783.8559   34   53 14963.9800 14545.6980  2.80%   158  755s
  8665  4683 14720.0915   42  280 14963.9800 14546.5569  2.79%   159  772s
  8847  4782 14768.4434   39  177 14963.9800 14547.6717  2.78%   159  790s
  9000  4859 14760.9519   29  302 14963.9800 14548.6388  2.78%   159  807s
  9158  5019 14864.0752   32  208 14963.9800 14549.9702  2.77%   160  825s
  9371  5119 14694.4801   37  170 14963.9800 14551.4091  2.76%   160  843s
  9520  5121 14937.4446   40  161 14963.9800 14551.8994  2.75%   160  845s
  9555  5208 14700.2276   26  335 14963.9800 14552.7122  2.75%   160  861s
  9705  5301 14629.0576   24  388 14963.9800 14554.7947  2.73%   161  879s
  9771  5301 14835.0717   40  220 14963.9800 14554.7947  2.73%   161  880s
  9871  5420 14849.8342   39  177 14963.9800 14555.8725  2.73%   161  898s
  9996  5420 14880.7215   44  218 14963.9800 14556.6846  2.72%   162  900s
 10056  5522 14903.8502   38   69 14963.9800 14556.7235  2.72%   162  917s
 10196  5615 14743.0477   37  221 14963.9800 14557.1761  2.72%   163  935s
 10355  5723 14753.7542   34  165 14963.9800 14558.7379  2.71%   163  955s
 10496  5853 14867.3849   41   46 14963.9800 14559.2149  2.70%   164  972s
 10709  6008 14896.8429   44  153 14963.9800 14560.6315  2.70%   165  992s
 10937  6089 14929.9662   54   68 14963.9800 14561.5961  2.69%   165 1010s
 11065  6240     cutoff   30      14963.9800 14563.0407  2.68%   165 1028s
 11281  6348 14933.0125   41   93 14963.9800 14564.4051  2.67%   165 1047s
 11450  6472 14722.3467   34  206 14963.9800 14566.2571  2.66%   166 1066s
 11642  6590 14826.3167   31  289 14963.9800 14566.3894  2.66%   166 1085s
 11813  6656 14850.8059   39  153 14963.9800 14567.6270  2.65%   167 1104s
 11889  6656 14642.5843   26  287 14963.9800 14568.2654  2.64%   167 1105s
 11955  6779 14807.8133   36  217 14963.9800 14568.2684  2.64%   168 1123s
 12104  6891 14904.0791   54   90 14963.9800 14568.3150  2.64%   169 1142s
 12305  7037 14888.8050   56  242 14963.9800 14568.6129  2.64%   169 1162s
 12518  7148 14880.0162   45   91 14963.9800 14569.5953  2.64%   169 1181s
 12702  7279 14587.2256   20  429 14963.9800 14572.8285  2.61%   169 1203s
 12874  7364 14928.7175   57  101 14963.9800 14573.6168  2.61%   169 1221s
 13038  7495 14696.2933   27  267 14963.9800 14574.7959  2.60%   169 1240s
 13239  7620 14673.4162   35  294 14963.9800 14575.4575  2.60%   169 1261s
 13445  7744 14944.7054   50  104 14963.9800 14575.8260  2.59%   170 1280s
 13664  7841 14644.4674   37  374 14963.9800 14576.9647  2.59%   170 1297s
 13819  7953 14930.3045   50  227 14963.9800 14577.4852  2.58%   171 1317s
 14005  8086 14629.4369   26  307 14963.9800 14578.9762  2.57%   171 1338s
 14216  8183 14846.7810   40  256 14963.9800 14580.0131  2.57%   171 1358s
 14336  8183 14795.6595   47  194 14963.9800 14580.1999  2.56%   172 1360s
 14359  8299 14800.9062   35  114 14963.9800 14580.4255  2.56%   172 1377s
 14510  8453 14703.4651   33  312 14963.9800 14580.4685  2.56%   172 1398s
 14690  8453 14924.1351   47   44 14963.9800 14581.2887  2.56%   172 1400s
 14741  8524 14876.5337   48   81 14963.9800 14581.2887  2.56%   172 1493s
 14863  8627     cutoff   60      14963.9800 14581.3522  2.56%   172 1513s
 15059  8795 14671.8355   30  252 14963.9800 14583.0588  2.55%   172 1534s
 15113  8795 14671.8767   41  216 14963.9800 14583.0588  2.55%   172 1535s
 15293  8936 14722.4448   22  251 14963.9800 14583.8461  2.54%   171 1556s
 15493  9051 14832.1976   34  208 14963.9800 14584.3109  2.54%   171 1577s
 15669  9165 14806.2963   41  120 14963.9800 14584.6240  2.54%   172 1596s
 15864  9289 14931.3514   39  174 14963.9800 14585.0975  2.53%   172 1618s
 16063  9430 14731.9141   36  244 14963.9800 14586.0826  2.53%   173 1637s
 16251  9628 14888.5874   43   55 14963.9800 14587.0027  2.52%   173 1659s
 16320  9628 14793.4894   38  140 14963.9800 14587.0027  2.52%   173 1660s
 16524  9774 14807.1854   36  167 14963.9800 14587.6456  2.51%   173 1682s
 16749  9861 14835.5485   45  177 14963.9800 14588.0573  2.51%   172 1703s
 16932  9962 14759.9686   36  379 14963.9800 14589.4291  2.50%   172 1723s
 17042  9962 14738.0114   39  220 14963.9800 14589.7212  2.50%   173 1725s
 17084  9987 14816.4328   40  128 14963.9800 14589.9101  2.50%   173 1745s
H17115  9987                    14963.940000 14590.0727  2.50%   173 1746s
 17133 10066 14848.3918   27  200 14963.9400 14590.2709  2.50%   173 1764s
 17223 10066 14790.7521   30  291 14963.9400 14591.1568  2.49%   173 1765s
 17285 10168     cutoff   44      14963.9400 14591.1992  2.49%   174 1785s
H17446  7056                    14848.140000 14591.5866  1.73%   174 1805s
 17583  7098     cutoff   37      14848.1400 14592.7872  1.72%   174 1826s
 17752  7138 14796.9545   43  134 14848.1400 14593.1402  1.72%   175 1847s
H17835  6026                    14816.640000 14593.1402  1.51%   175 1847s
 17928  6088 14618.1942   38  272 14816.6400 14593.8576  1.50%   175 1866s
 18102  6173     cutoff   36      14816.6400 14594.6729  1.50%   175 1887s
 18269  6226 14745.2217   36  235 14816.6400 14595.3574  1.49%   176 1907s
 18457  6294 14674.7219   27  269 14816.6400 14595.8735  1.49%   176 1929s
 18550  6294 14763.4865   33  283 14816.6400 14596.3879  1.49%   176 1930s
 18633  6362 14676.2169   33  393 14816.6400 14596.3945  1.49%   177 1949s
H18709  6130                    14808.900000 14596.3945  1.43%   177 1950s
 18788  6178 14726.6128   22  210 14808.9000 14597.0384  1.43%   177 1969s
 18945  6254 14756.7800   30  204 14808.9000 14597.7238  1.43%   178 1989s
 19035  6254     cutoff   41      14808.9000 14598.4395  1.42%   178 1990s
 19135  6302 14780.2672   35  247 14808.9000 14598.4425  1.42%   178 2011s
 19324  6373 14683.8272   23  326 14808.9000 14599.2774  1.42%   179 2031s
 19502  6456 14760.3997   39  202 14808.9000 14600.3853  1.41%   179 2053s
 19695  6516 14788.3637   36  262 14808.9000 14600.9817  1.40%   179 2075s
 19853  6579 14728.5873   29  282 14808.9000 14601.3359  1.40%   180 2096s
 20057  6672 14736.3111   35  252 14808.9000 14601.7973  1.40%   180 2118s
 20232  6718 14778.7121   36  205 14808.9000 14602.3463  1.39%   180 2138s
 20374  6773 14755.4918   29  285 14808.9000 14603.1664  1.39%   181 2159s
 20513  6812 14692.4862   21  373 14808.9000 14603.8095  1.38%   182 2181s
 20679  6892 14707.6133   34  276 14808.9000 14604.0430  1.38%   182 2204s
 20781  6892 14794.6276   44   92 14808.9000 14604.0430  1.38%   182 2205s
 20868  6937 14689.9833   27  381 14808.9000 14604.8259  1.38%   182 2224s
 20956  6937 14678.6558   35  336 14808.9000 14605.3061  1.37%   182 2225s
 21035  7014 14685.2778   32  317 14808.9000 14605.4097  1.37%   183 2245s
 21194  7061 14765.2198   42  258 14808.9000 14606.4943  1.37%   183 2264s
 21282  7061 14663.2956   39  315 14808.9000 14606.8591  1.36%   183 2265s
 21364  7109 14738.7838   31  255 14808.9000 14606.9579  1.36%   184 2284s
 21548  7169 14782.4670   47  232 14808.9000 14607.5496  1.36%   184 2306s
 21730  7236 14729.9977   32  196 14808.9000 14608.4621  1.35%   184 2327s
 21937  7281 14805.7416   38  248 14808.9000 14609.0152  1.35%   185 2347s
 22103  7306 14789.5379   37  227 14808.9000 14609.9040  1.34%   185 2367s
 22250  7348 14745.6584   19  405 14808.9000 14610.6822  1.34%   186 2388s
 22412  7388 14741.6961   42  250 14808.9000 14611.4782  1.33%   186 2408s
 22605  7443     cutoff   38      14808.9000 14611.9823  1.33%   186 2430s
 22798  7493 14775.9326   34  273 14808.9000 14612.5836  1.33%   187 2452s
 22970  7570     cutoff   35      14808.9000 14613.1749  1.32%   187 2474s
 23043  7570 14761.3909   41   94 14808.9000 14613.1749  1.32%   187 2475s
 23154  7600     cutoff   36      14808.9000 14613.4067  1.32%   187 2496s
 23325  7666 14652.5589   30  267 14808.9000 14614.0715  1.32%   188 2517s
 23526  7723     cutoff   37      14808.9000 14614.6330  1.31%   188 2539s
 23714  7777     cutoff   24      14808.9000 14615.3906  1.31%   188 2560s
 23910  7832     cutoff   41      14808.9000 14615.6947  1.30%   189 2581s
 24083  7886 14706.4363   27  258 14808.9000 14616.2415  1.30%   189 2603s
 24255  7942 14660.0633   32  275 14808.9000 14616.8099  1.30%   189 2625s
 24432  7992 14727.7621   35  308 14808.9000 14617.3160  1.29%   189 2647s
 24642  8025 14770.9606   31  210 14808.9000 14618.0873  1.29%   190 2667s
 24830  8087 14738.0136   26  447 14808.9000 14618.9484  1.28%   190 2689s
 24886  8087 14689.3341   36  278 14808.9000 14618.9484  1.28%   190 2690s
 25017  8152 14773.2609   36  201 14808.9000 14619.7743  1.28%   190 2714s
 25113  8152 14791.2083   37  203 14808.9000 14620.2824  1.27%   190 2715s
 25214  8201 14759.8193   37  160 14808.9000 14620.3506  1.27%   191 2736s
 25384  8284 14665.3058   30  316 14808.9000 14620.8308  1.27%   191 2759s
 25545  8284 14737.6969   30  282 14808.9000 14621.2272  1.27%   191 2761s
 25592  8355 14744.7510   33  190 14808.9000 14621.2532  1.27%   191 2782s
 25804  8384     cutoff   32      14808.9000 14621.8050  1.26%   192 2806s
 25993  8461 14728.0973   36  299 14808.9000 14622.3714  1.26%   192 2828s
 26208  8461 14790.1676   38  107 14808.9000 14622.8040  1.26%   192 2830s
 26221  8513 14732.8361   27  302 14808.9000 14622.8758  1.26%   192 2851s
 26403  8585     cutoff   42      14808.9000 14623.4323  1.25%   192 2872s
 26586  8633 14767.7664   31  293 14808.9000 14624.4143  1.25%   192 2894s
 26668  8633     cutoff   36      14808.9000 14624.9688  1.24%   192 2895s
 26743  8688 14690.9121   24  331 14808.9000 14625.0164  1.24%   193 2916s
 26955  8723     cutoff   43      14808.9000 14625.5085  1.24%   193 2938s
 27140  8759 14771.1266   36  298 14808.9000 14626.4978  1.23%   193 2960s
 27347  8843     cutoff   32      14808.9000 14627.0757  1.23%   193 2982s
 27570  8903 14721.1424   32  339 14808.9000 14627.5857  1.22%   193 3006s
 27730  8938     cutoff   41      14808.9000 14628.1334  1.22%   194 3028s
 27893  9024 14770.0669   32  322 14808.9000 14628.9335  1.22%   194 3051s
 28097  9094 14714.0717   33  198 14808.9000 14629.3348  1.21%   194 3074s
 28150  9094 14685.4552   38  321 14808.9000 14629.3348  1.21%   194 3075s
 28323  9155     cutoff   34      14808.9000 14629.9394  1.21%   194 3098s
 28483  9226 14786.5401   32  229 14808.9000 14630.3691  1.21%   195 3119s
 28701  9289 14750.7774   39  219 14808.9000 14631.2042  1.20%   195 3142s
 28910  9347 14775.8862   39  318 14808.9000 14632.0276  1.19%   195 3167s
 29139  9414 14702.8662   28  342 14808.9000 14632.7203  1.19%   195 3191s
 29357  9503 14663.7087   31  271 14808.9000 14633.1603  1.19%   195 3213s
 29506  9503 14795.3977   39  214 14808.9000 14633.4788  1.18%   195 3215s
 29632  9542     cutoff   34      14808.9000 14633.5359  1.18%   195 3236s
 29811  9610 14769.0495   36  206 14808.9000 14633.9705  1.18%   196 3264s
 29910  9610 14798.3717   39  247 14808.9000 14633.9705  1.18%   196 3265s
 30033  9674 14708.7770   32  400 14808.9000 14634.5230  1.18%   196 3290s
 30239  9737 14750.6088   46  220 14808.9000 14634.8678  1.18%   196 3314s
 30322  9737 14787.8344   35  266 14808.9000 14634.8678  1.18%   196 3315s
 30464  9805 14671.8857   33  292 14808.9000 14635.7635  1.17%   196 3339s
 30652  9867 14762.3835   37  192 14808.9000 14635.9844  1.17%   197 3363s
 30903  9919 14658.1561   37  232 14808.9000 14636.5429  1.16%   197 3388s
 31111  9975     cutoff   31      14808.9000 14636.8830  1.16%   197 3411s
 31351 10036 14783.1215   27  273 14808.9000 14637.5202  1.16%   197 3437s
 31547 10072 14789.1038   38  166 14808.9000 14638.0910  1.15%   197 3462s
 31734 10131 14761.8607   37  250 14808.9000 14638.4785  1.15%   197 3486s
 31957 10189     cutoff   30      14808.9000 14639.1251  1.15%   198 3510s
 32157 10267     cutoff   37      14808.9000 14639.3863  1.14%   198 3533s
 32334 10267 14786.3243   35  206 14808.9000 14639.9380  1.14%   198 3535s
 32392 10312 14804.7321   33  205 14808.9000 14639.9593  1.14%   198 3559s
 32597 10352 14737.9976   31  333 14808.9000 14640.4350  1.14%   198 3582s
 32807 10391     cutoff   40      14808.9000 14640.8321  1.13%   199 3600s

Cutting planes:
  User: 1437
  Gomory: 39
  Cover: 302
  Implied bound: 69
  Clique: 26
  MIR: 122
  StrongCG: 13
  Flow cover: 440
  Zero half: 64
  RLT: 235
  Relax-and-lift: 3
  Lazy constraints: 2339

Explored 32967 nodes (6554153 simplex iterations) in 3601.44 seconds
Thread count was 2 (of 32 available processors)

Solution count 8: 14808.9 14816.6 14848.1 ... 16542.9

Time limit reached
