




arguments: ./build/bc_mirp -f ./input/orig_exec_106.cfg
Current dir: /scratch/gui/bc_mirp
File verbosity level: 9
date       time         ( uptime  ) [ thread name/id ]                   file:line     v| 
2021-02-07 13:03:30.379 (   0.060s) [main thread     ]             loguru.cpp:789   INFO| Logging to './output/vi_vc+lex_full/OU/V2/Original/execution_07_02_2021_13_03_30.log', mode: 'a', verbosity: 9
--------------------------------------------------------------------------------
Parameters
                           instance_path           ./input/Instances/Original/3/
                            model_policy                                       1
                             nb_vehicles                                       2
                              output_dir ./output/vi_vc+lex_full/OU/V2/Original/
                            sec_strategy                                       1
                       solver_nb_threads                                       2
                         solver_show_log                                    true
                       solver_time_limit                                    3600
                              use_vi_cos                                   false
                              use_vi_cus                                   false
                         use_vi_hc1_full                                   false
                         use_vi_hc1_half                                   false
                      use_vi_hc1_quarter                                   false
                              use_vi_hc2                                   false
                              use_vi_hc3                                   false
                         use_vi_lex_full                                    true
                         use_vi_lex_half                                   false
                      use_vi_lex_quarter                                   false
                              use_vi_qua                                   false
                               use_vi_vc                                    true
                               use_vi_vr                                   false
--------------------------------------------------------------------------------
executing instance: ./input/Instances/Original/3/absH3low_2n5.dat
--------------------------------------------------------------------------------
Instance details
n	6
H	3
C	237
Li:
[0, 0, 0, 0, 0, 0, ]
Ui:
[0, 93, 180, 51, 114, 24, ]
Distance matrix:
|0	170	318	35	112	235	|
|170	0	311	205	258	301	|
|318	311	0	326	278	137	|
|35	205	326	0	89	230	|
|112	258	278	89	0	160	|
|235	301	137	230	160	0	|

--------------------------------------------------------------------------------
Building model...
	using lazy and cut (CVRPSEP package)
Solving IRP LP...
--------------------------------------------------------------------------------

Gurobi 9.1.0 (linux64) logging started Sun Feb  7 13:03:30 2021

Gurobi Optimizer version 9.1.0 build v9.1.0rc0 (linux64)
Thread count: 32 physical cores, 32 logical processors, using up to 2 threads
Optimize a model with 150 rows, 180 columns and 639 nonzeros
Model fingerprint: 0x21da40fc
Variable types: 54 continuous, 126 integer (36 binary)
Coefficient statistics:
  Matrix range     [1e+00, 2e+02]
  Objective range  [1e-02, 3e+02]
  Bounds range     [1e+00, 2e+02]
  RHS range        [1e+00, 5e+02]
Presolve removed 53 rows and 42 columns
Presolve time: 0.01s
Presolved: 97 rows, 138 columns, 457 nonzeros
Variable types: 30 continuous, 108 integer (81 binary)
Found heuristic solution: objective 2019.1200000
Found heuristic solution: objective 1738.8300000

Root relaxation: objective 6.288402e+02, 86 iterations, 0.00 seconds

    Nodes    |    Current Node    |     Objective Bounds      |     Work
 Expl Unexpl |  Obj  Depth IntInf | Incumbent    BestBd   Gap | It/Node Time

     0     0  628.84020    0   16 1738.83000  628.84020  63.8%     -    0s
H    0     0                    1724.8300000  628.84020  63.5%     -    0s
     0     0 1001.28776    0   29 1724.83000 1001.28776  41.9%     -    0s
H    0     0                    1724.6600000 1001.28776  41.9%     -    0s
     0     0 1211.14629    0   38 1724.66000 1211.14629  29.8%     -    0s
     0     0 1214.22507    0   36 1724.66000 1214.22507  29.6%     -    0s
     0     0 1214.22567    0   37 1724.66000 1214.22567  29.6%     -    0s
     0     0 1302.70620    0   41 1724.66000 1302.70620  24.5%     -    0s
H    0     0                    1591.6600000 1302.70620  18.2%     -    0s
     0     0 1322.12810    0   54 1591.66000 1322.12810  16.9%     -    0s
     0     0 1327.95678    0   57 1591.66000 1327.95678  16.6%     -    0s
     0     0 1395.94455    0   29 1591.66000 1395.94455  12.3%     -    0s
H    0     0                    1437.9000000 1395.94455  2.92%     -    0s
     0     0 1400.03871    0   29 1437.90000 1400.03871  2.63%     -    0s
     0     0 1408.06171    0   24 1437.90000 1408.06171  2.08%     -    0s
     0     0 1408.06171    0   12 1437.90000 1408.06171  2.08%     -    0s
     0     0     cutoff    0      1437.90000 1437.90000  0.00%     -    0s

Cutting planes:
  User: 1
  Gomory: 5
  Cover: 7
  Implied bound: 4
  Clique: 2
  MIR: 12
  Flow cover: 21
  GUB cover: 3
  RLT: 5
  Relax-and-lift: 4

Explored 1 nodes (546 simplex iterations) in 0.11 seconds
Thread count was 2 (of 32 available processors)

Solution count 6: 1437.9 1591.66 1724.66 ... 2019.12

Optimal solution found (tolerance 1.00e-04)
Best objective 1.437900000000e+03, best bound 1.437900000000e+03, gap 0.0000%

User-callback calls 185, time in user-callback 0.00 sec
================================================================================
executing instance: ./input/Instances/Original/3/absH3high_5n30.dat
--------------------------------------------------------------------------------
Instance details
n	31
H	3
C	2296
Li:
[0, 0, 0, 0, 0, 0, 0, 0, 0, 0, 0, 0, 0, 0, 0, 0, 0, 0, 0, 0, 0, 0, 0, 0, 0, 0, 0, 0, 0, 0, 0, ]
Ui:
[0, 80, 90, 297, 28, 264, 123, 192, 112, 32, 72, 88, 294, 129, 126, 105, 110, 237, 246, 92, 72, 147, 54, 96, 128, 96, 84, 28, 74, 196, 192, ]
Distance matrix:
|0	87	302	65	389	171	219	120	412	339	129	63	169	401	383	158	393	161	246	275	64	287	345	235	13	274	106	201	85	358	135	|
|87	0	334	128	402	212	301	204	465	384	187	145	232	424	454	238	475	245	289	352	80	307	352	321	81	352	20	261	170	376	215	|
|302	334	0	239	113	132	237	334	157	70	404	263	162	105	227	229	339	251	65	217	259	53	107	352	293	220	339	134	270	75	235	|
|65	128	239	0	330	107	175	130	348	275	174	40	107	339	326	114	351	125	181	224	58	228	290	222	58	224	143	138	65	297	92	|
|389	402	113	330	0	226	349	438	210	151	502	360	269	48	316	339	441	362	175	328	335	102	55	465	377	330	401	245	371	37	342	|
|171	212	132	107	226	0	169	214	253	173	276	134	64	233	261	130	326	153	77	188	133	125	192	264	162	190	220	68	145	193	125	|
|219	301	237	175	349	169	0	157	257	223	244	157	105	334	180	62	175	61	177	63	233	264	334	118	221	61	317	112	136	312	85	|
|120	204	334	130	438	214	157	0	402	348	88	90	173	438	336	115	307	100	269	220	172	338	406	122	130	218	224	204	69	403	101	|
|412	465	157	348	210	253	257	402	0	88	486	359	245	166	129	287	266	303	178	204	386	208	239	370	406	207	473	212	354	187	304	|
|339	384	70	275	151	173	223	348	88	0	427	291	179	120	166	234	290	254	96	187	306	123	166	342	332	190	391	145	291	119	247	|
|129	187	404	174	502	276	244	88	486	427	0	142	248	508	424	200	390	187	342	308	193	400	464	192	142	306	207	281	136	469	182	|
|63	145	263	40	360	134	157	90	359	291	142	0	114	366	321	95	331	99	202	212	90	258	323	186	65	211	163	148	27	327	72	|
|169	232	162	107	269	64	105	173	245	179	248	114	0	266	222	71	268	94	97	131	155	173	244	203	164	132	245	34	113	233	73	|
|401	424	105	339	48	233	334	438	166	120	508	366	266	0	280	332	409	355	169	305	353	117	96	452	391	308	425	237	374	49	339	|
|383	454	227	326	316	261	180	336	129	166	424	321	222	280	0	231	137	238	208	116	376	277	331	272	381	118	467	197	307	285	253	|
|158	238	229	114	339	130	62	115	287	234	200	95	71	332	231	0	238	23	164	118	171	243	314	134	159	117	255	95	77	302	23	|
|393	475	339	351	441	326	175	307	266	290	390	331	268	409	137	238	0	232	300	138	408	383	445	204	395	136	492	258	308	406	260	|
|161	245	251	125	362	153	61	100	303	254	187	99	94	355	238	23	232	0	187	123	183	267	338	111	164	121	262	117	77	325	34	|
|246	289	65	181	175	77	177	269	178	96	342	202	97	169	208	164	300	187	0	168	210	87	157	290	238	171	296	70	206	138	170	|
|275	352	217	224	328	188	63	220	204	187	308	212	131	305	116	118	138	123	168	0	279	255	322	166	275	3	367	120	195	291	141	|
|64	80	259	58	335	133	233	172	386	306	193	90	155	353	376	171	408	183	210	279	0	236	289	276	51	279	90	182	117	307	150	|
|287	307	53	228	102	125	264	338	208	123	400	258	173	117	277	243	383	267	87	255	236	0	71	374	276	257	308	153	270	71	245	|
|345	352	107	290	55	192	334	406	239	166	464	323	244	96	331	314	445	338	157	322	289	71	0	445	334	325	350	224	337	54	315	|
|235	321	352	222	465	264	118	122	370	342	192	186	203	452	272	134	204	111	290	166	276	374	445	0	243	164	341	221	159	428	142	|
|13	81	293	58	377	162	221	130	406	332	142	65	164	391	381	159	395	164	238	275	51	276	334	243	0	274	100	196	89	347	136	|
|274	352	220	224	330	190	61	218	207	190	306	211	132	308	118	117	136	121	171	3	279	257	325	164	274	0	367	122	194	294	140	|
|106	20	339	143	401	220	317	224	473	391	207	163	245	425	467	255	492	262	296	367	90	308	350	341	100	367	0	272	188	377	232	|
|201	261	134	138	245	68	112	204	212	145	281	148	34	237	197	95	258	117	70	120	182	153	224	221	196	122	272	0	146	208	103	|
|85	170	270	65	371	145	136	69	354	291	136	27	113	374	307	77	308	77	206	195	117	270	337	159	89	194	188	146	0	337	54	|
|358	376	75	297	37	193	312	403	187	119	469	327	233	49	285	302	406	325	138	291	307	71	54	428	347	294	377	208	337	0	306	|
|135	215	235	92	342	125	85	101	304	247	182	72	73	339	253	23	260	34	170	141	150	245	315	142	136	140	232	103	54	306	0	|

--------------------------------------------------------------------------------
Building model...
	using lazy and cut (CVRPSEP package)
Solving IRP LP...
--------------------------------------------------------------------------------

Gurobi 9.1.0 (linux64) logging started Sun Feb  7 13:03:30 2021

Gurobi Optimizer version 9.1.0 build v9.1.0rc0 (linux64)
Thread count: 32 physical cores, 32 logical processors, using up to 2 threads
Optimize a model with 775 rows, 3280 columns and 8164 nonzeros
Model fingerprint: 0xe2328e03
Variable types: 304 continuous, 2976 integer (186 binary)
Coefficient statistics:
  Matrix range     [1e+00, 2e+09]
  Objective range  [1e-01, 5e+02]
  Bounds range     [1e+00, 3e+02]
  RHS range        [1e+00, 4e+03]
Warning: Model contains large matrix coefficients
         Consider reformulating model or setting NumericFocus parameter
         to avoid numerical issues.
Presolve removed 257 rows and 221 columns
Presolve time: 0.08s
Presolved: 518 rows, 3059 columns, 7217 nonzeros
Variable types: 176 continuous, 2883 integer (2706 binary)

Root relaxation: objective 8.873316e+03, 539 iterations, 0.01 seconds

    Nodes    |    Current Node    |     Objective Bounds      |     Work
 Expl Unexpl |  Obj  Depth IntInf | Incumbent    BestBd   Gap | It/Node Time

     0     0 8873.31591    0   88          - 8873.31591      -     -    0s
     0     0 9350.13668    0  117          - 9350.13668      -     -    0s
     0     0 9354.88198    0  117          - 9354.88198      -     -    0s
     0     0 9354.88198    0  119          - 9354.88198      -     -    0s
     0     0 9731.46045    0  133          - 9731.46045      -     -    0s
     0     0 9753.89337    0  125          - 9753.89337      -     -    0s
     0     0 9753.89337    0  136          - 9753.89337      -     -    0s
     0     0 9825.35575    0  146          - 9825.35575      -     -    0s
     0     0 9832.29162    0  145          - 9832.29162      -     -    0s
     0     0 9844.08485    0  173          - 9844.08485      -     -    0s
     0     0 9847.74659    0  196          - 9847.74659      -     -    0s
     0     0 9848.27086    0  190          - 9848.27086      -     -    0s
     0     0 9862.55021    0  206          - 9862.55021      -     -    0s
     0     0 9864.18667    0  199          - 9864.18667      -     -    0s
     0     0 9864.42470    0  231          - 9864.42470      -     -    0s
     0     0 9883.49791    0  164          - 9883.49791      -     -    0s
     0     0 9887.16856    0  178          - 9887.16856      -     -    0s
     0     0 9896.63568    0  197          - 9896.63568      -     -    0s
     0     0 9897.35830    0  198          - 9897.35830      -     -    0s
     0     0 9898.79655    0  225          - 9898.79655      -     -    0s
     0     0 9898.79655    0  224          - 9898.79655      -     -    0s
     0     2 9900.33014    0  224          - 9900.33014      -     -    1s
   306   309 10270.7150   18   84          - 9904.42843      -  84.7    5s
   753   679 11039.9300   95  288          - 10000.2117      -  63.6   10s
   775   697 10098.7455   17  202          - 10024.5742      -  70.2   15s
*  943   769              71    11011.210000 10024.5742  8.96%  77.3   18s
   964   781 10757.4783   52   34 11011.2100 10024.5742  8.96%  79.1   20s
  1097   845 10268.4840   30  155 11011.2100 10040.4821  8.82%  83.9   25s
  1266   969 10656.3970   67   10 11011.2100 10040.4821  8.82%  85.0   30s
  1467  1047 10393.1076   55   52 11011.2100 10079.0522  8.47%  84.5   35s
  1732  1142 10298.8851   17  204 11011.2100 10130.4074  8.00%  79.3   40s
  1790  1246 10571.9477   41   30 11011.2100 10130.4074  8.00%  80.3   45s
  1982  1282 10435.7437   28  106 11011.2100 10134.3183  7.96%  79.3   50s
  2119  1324 10860.0500   29    - 11011.2100 10141.6832  7.90%  83.0   55s
  2231  1410 10654.8900   29    - 11011.2100 10146.2897  7.85%  88.2   60s
  2441  1467 10519.5930   20  150 11011.2100 10148.6054  7.83%  87.4   65s
  2616  1555 10818.3290   25  151 11011.2100 10154.4438  7.78%  87.8   70s
  2741  1595 10724.5833   28  135 11011.2100 10162.8339  7.70%  90.5   75s
  2872  1755 10578.2587   33  137 11011.2100 10168.8286  7.65%  92.5   81s
  3119  1897     cutoff   48      11011.2100 10183.4119  7.52%  89.6   86s
  3244  1980 10605.8452   51   63 11011.2100 10188.0209  7.48%  90.2   91s
  3296  2105 10391.1790   29  107 11011.2100 10189.5717  7.46%  90.9   95s
  3527  2261 10995.4568  112   12 11011.2100 10195.1699  7.41%  88.9  100s
  3742  2416 10625.6739   36   57 11011.2100 10198.8973  7.38%  88.8  106s
  3931  2508 10457.5995   31  110 11011.2100 10201.5718  7.35%  90.0  113s
  3956  2613 10552.4312   42   59 11011.2100 10201.8508  7.35%  90.7  116s
  4139  2746 10836.4300   50    8 11011.2100 10203.9657  7.33%  90.8  122s
  4287  2802     cutoff   59      11011.2100 10212.6537  7.25%  90.4  125s
  4411  2898 10674.9501   38   46 11011.2100 10215.6991  7.22%  92.8  132s
  4544  2959     cutoff   57      11011.2100 10216.5162  7.22%  93.2  136s
  4634  3058 10355.5398   30  168 11011.2100 10219.2348  7.19%  93.8  140s
  4837  3210 10725.9203   24  124 11011.2100 10221.2120  7.17%  95.0  148s
H 4981  3242                    10988.890000 10221.2120  6.99%  95.4  153s
  5106  3309 10486.3534   23  252 10988.8900 10223.6697  6.96%  95.5  157s
* 5162  3140              82    10940.030000 10223.6698  6.55%  95.7  157s
  5216  3196     cutoff   51      10940.0300 10226.2432  6.52%  96.0  162s
  5320  3279 10346.2981   21  229 10940.0300 10230.4496  6.49%  96.9  167s
  5413  3363 infeasible   55      10940.0300 10232.6176  6.47%  97.1  171s
  5544  3515     cutoff   70      10940.0300 10234.2921  6.45%  97.9  176s
  5725  3653 10798.1364   40  122 10940.0300 10236.9175  6.43%  97.8  185s
  5923  3798 infeasible   86      10940.0300 10239.3424  6.40%  97.2  191s
  6111  3893 10890.7566   54   46 10940.0300 10241.7413  6.38%  97.3  196s
  6246  4043     cutoff   68      10940.0300 10242.9846  6.37%  97.4  201s
  6422  4180 10782.7171   35   79 10940.0300 10246.6223  6.34%  97.6  207s
  6614  4340 10367.9958   34  130 10940.0300 10250.5874  6.30%  97.4  212s
  6838  4443 infeasible  103      10940.0300 10251.2003  6.30%  96.4  219s
  6886  4443 10802.1135   69   20 10940.0300 10251.2003  6.30%  96.3  220s
  6944  4554 10840.4925   74   22 10940.0300 10252.3843  6.29%  96.2  225s
  7100  4622 10443.1742   28  150 10940.0300 10254.6507  6.26%  96.6  231s
  7211  4818     cutoff   45      10940.0300 10255.7237  6.26%  97.2  237s
  7440  4919     cutoff   85      10940.0300 10258.5586  6.23%  97.0  244s
  7592  5066     cutoff   37      10940.0300 10259.4546  6.22%  97.9  250s
  7769  5174 10548.7562   53   19 10940.0300 10261.9303  6.20%  98.3  256s
  7918  5270 infeasible   78      10940.0300 10263.2036  6.19%  99.1  262s
  8038  5347 10470.7688   19  209 10940.0300 10263.2036  6.19%   100  268s
  8165  5489 10808.0438   25  167 10940.0300 10264.2066  6.18%   101  275s
  8383  5598 10498.0087   31  149 10940.0300 10268.1946  6.14%   100  280s
  8516  5739     cutoff   68      10940.0300 10268.9420  6.13%   101  287s
  8680  5842 10577.7084   24  151 10940.0300 10269.5107  6.13%   101  293s
  8815  5942 10548.0850   42  129 10940.0300 10270.7105  6.12%   101  299s
  8941  6036 10818.2335   69   25 10940.0300 10271.0690  6.11%   102  305s
  9068  6156 10469.8906   48   99 10940.0300 10271.8153  6.11%   103  311s
  9276  6255 10874.6200   65    4 10940.0300 10272.8175  6.10%   102  318s
  9429  6403     cutoff   94      10940.0300 10273.2425  6.09%   102  324s
  9627  6556 10310.3485   30  247 10940.0300 10276.1197  6.07%   102  331s
  9826  6622 10936.8600   85    - 10940.0300 10278.7443  6.04%   103  338s
  9927  6771 10423.7823   28  153 10940.0300 10279.0986  6.04%   103  344s
  9973  6771 10707.2313   61   70 10940.0300 10279.0986  6.04%   103  345s
 10127  6955 10483.7442   33  125 10940.0300 10280.4937  6.03%   103  351s
 10350  7069     cutoff   72      10940.0300 10280.9308  6.02%   103  359s
 10476  7071 10697.9397   61   13 10940.0300 10281.7830  6.02%   103  360s
 10508  7191 10654.9503   45  120 10940.0300 10281.8564  6.02%   103  365s
 10679  7238 10880.1423   54   60 10940.0300 10283.5081  6.00%   103  371s
 10733  7296 10687.3762   24  208 10940.0300 10284.9405  5.99%   104  377s
 10829  7409 infeasible   38      10940.0300 10285.5502  5.98%   105  383s
 10998  7544 10858.6071   62   14 10940.0300 10286.3702  5.97%   105  390s
 11167  7682 10892.3580   69   45 10940.0300 10287.4361  5.97%   105  398s
*11346  6109              77    10799.580000 10287.6307  4.74%   105  398s
 11381  6177     cutoff   59      10799.5800 10288.3114  4.73%   105  404s
H11522  4012                    10637.700000 10289.6041  3.27%   105  411s
 11629  4013 10516.2795   32  149 10637.7000 10291.3413  3.26%   106  417s
 11717  4093 10530.6034   34  163 10637.7000 10291.6296  3.25%   107  423s
 11863  4150 10427.5707   29  153 10637.7000 10292.5218  3.24%   107  430s
 11981  4194 10603.9654   33   62 10637.7000 10293.1773  3.24%   108  436s
 12089  4241 10460.8838   36   93 10637.7000 10294.1036  3.23%   109  443s
 12204  4279 10517.1471   28   83 10637.7000 10294.7395  3.22%   110  449s
 12291  4363 10488.2143   38   81 10637.7000 10296.7160  3.21%   110  455s
 12453  4437 10503.8864   31  105 10637.7000 10298.7784  3.19%   110  462s
 12568  4512 10501.3289   19  208 10637.7000 10299.2965  3.18%   111  469s
 12721  4561 10627.8248   47   48 10637.7000 10299.9336  3.18%   111  476s
 12835  4597     cutoff   29      10637.7000 10302.4175  3.15%   111  482s
 12929  4653 10365.1801   27  143 10637.7000 10304.2012  3.14%   112  489s
 13044  4707     cutoff   39      10637.7000 10304.6151  3.13%   113  496s
 13152  4748     cutoff   45      10637.7000 10304.9285  3.13%   113  502s
 13284  4809 10571.4622   34   22 10637.7000 10305.7245  3.12%   114  509s
 13413  4909 10497.2300   30    - 10637.7000 10307.1475  3.11%   114  517s
 13593  5006 10585.6541   44   80 10637.7000 10307.8234  3.10%   115  524s
 13766  5070 10364.5035   29   89 10637.7000 10308.6755  3.09%   115  532s
 13871  5106     cutoff   57      10637.7000 10309.3712  3.09%   115  538s
 13957  5158     cutoff   43      10637.7000 10310.0362  3.08%   116  546s
 14133  5223 10326.9074   29  189 10637.7000 10310.6468  3.07%   116  553s
 14252  5271     cutoff   45      10637.7000 10310.8105  3.07%   117  560s
 14349  5349 10606.2989   42  156 10637.7000 10311.0995  3.07%   118  569s
 14551  5396     cutoff   57      10637.7000 10311.5704  3.07%   118  576s
 14653  5476 10587.3023   35  124 10637.7000 10312.0051  3.06%   118  584s
 14802  5545     cutoff   40      10637.7000 10312.7361  3.05%   119  591s
 14968  5638     cutoff   36      10637.7000 10313.0573  3.05%   119  599s
 15108  5702 10498.4996   37   95 10637.7000 10313.4023  3.05%   119  606s
*15181  5041              49    10603.630000 10314.6019  2.73%   120  607s
 15229  5086     cutoff   36      10603.6300 10314.7360  2.72%   120  614s
 15379  5128 10507.5072   37   93 10603.6300 10315.9921  2.71%   120  621s
 15490  5245     cutoff   46      10603.6300 10317.5569  2.70%   121  629s
H15495  4488                    10573.580000 10317.5569  2.42%   121  629s
 15670  4531 10506.7544   44   65 10573.5800 10318.3596  2.41%   121  638s
H15815  4099                    10553.580000 10318.7521  2.23%   121  639s
 15816  4129     cutoff   54      10553.5800 10318.8274  2.22%   121  646s
 15974  4164     cutoff   46      10553.5800 10320.2266  2.21%   122  653s
 16120  4189     cutoff   34      10553.5800 10322.3551  2.19%   122  660s
 16246  4223 10527.5929   38   80 10553.5800 10323.2700  2.18%   123  668s
 16355  4248     cutoff   37      10553.5800 10324.3986  2.17%   123  676s
 16490  4286 10550.4755   38   75 10553.5800 10325.5281  2.16%   123  683s
 16588  4340 10540.3693   35  123 10553.5800 10326.9879  2.15%   124  690s
 16733  4410 10531.0700   31   19 10553.5800 10328.3065  2.13%   124  698s
 16878  4447 10418.3143   29  139 10553.5800 10329.8709  2.12%   125  705s
 17013  4489 10402.8036   28  121 10553.5800 10331.9656  2.10%   125  713s
 17123  4541 10418.1844   28  200 10553.5800 10332.9478  2.09%   126  721s
 17245  4570 10457.3930   30  121 10553.5800 10334.6591  2.07%   126  729s
 17347  4608     cutoff   40      10553.5800 10335.6178  2.07%   126  736s
 17465  4637 10550.5964   34  115 10553.5800 10336.0303  2.06%   127  743s
 17607  4691     cutoff   30      10553.5800 10337.8134  2.04%   127  751s
 17728  4741 10439.6338   31  125 10553.5800 10339.7567  2.03%   128  758s
 17856  4757 10510.5807   35  136 10553.5800 10340.4275  2.02%   128  766s
 17999  4813 10448.1189   31   67 10553.5800 10342.3561  2.00%   128  773s
 18150  4867 10412.2290   34   41 10553.5800 10343.7368  1.99%   129  781s
 18306  4912 10526.7908   24   54 10553.5800 10344.5889  1.98%   129  790s
 18467  4958 10516.6168   38   97 10553.5800 10346.4479  1.96%   129  797s
 18595  5004 10489.1995   34  157 10553.5800 10346.7530  1.96%   130  806s
 18700  5022     cutoff   35      10553.5800 10347.3679  1.95%   130  815s
 18788  5076     cutoff   40      10553.5800 10347.6707  1.95%   130  823s
 18972  5172 10513.4177   40   12 10553.5800 10348.4963  1.94%   130  832s
 19135  5191     cutoff   41      10553.5800 10349.1025  1.94%   130  840s
 19258  5216     cutoff   35      10553.5800 10350.4829  1.92%   131  848s
 19397  5242     cutoff   46      10553.5800 10351.7612  1.91%   131  856s
 19539  5291 10551.1886   44   13 10553.5800 10352.9472  1.90%   131  864s
 19684  5314     cutoff   35      10553.5800 10354.1674  1.89%   132  872s
 19811  5351 10532.6194   41   81 10553.5800 10355.6936  1.88%   132  880s
 19938  5388     cutoff   40      10553.5800 10356.7991  1.86%   132  889s
 20085  5402 10528.8667   34  163 10553.5800 10357.3166  1.86%   132  897s
 20202  5463     cutoff   39      10553.5800 10358.3635  1.85%   133  905s
 20365  5506 10469.0114   50  104 10553.5800 10359.5118  1.84%   133  918s
 20471  5547 10429.1253   41  134 10553.5800 10360.0040  1.83%   133  928s
 20650  5552     cutoff   36      10553.5800 10361.1450  1.82%   133 1005s
 20656  5609 10412.0833   28  128 10553.5800 10361.2962  1.82%   133 1015s
 20825  5653 10500.9624   33  125 10553.5800 10362.0931  1.81%   134 1024s
 20969  5713     cutoff   42      10553.5800 10362.6501  1.81%   134 1033s
 21129  5774 10500.9964   37   78 10553.5800 10363.5499  1.80%   134 1043s
 21290  5818     cutoff   41      10553.5800 10364.8502  1.79%   134 1052s
 21427  5871     cutoff   59      10553.5800 10366.2246  1.78%   134 1063s
 21581  5977     cutoff   31      10553.5800 10366.9728  1.77%   135 1074s
 21804  6013 10477.4192   34   86 10553.5800 10367.6292  1.76%   135 1087s
 21923  6071 10530.1210   29  173 10553.5800 10368.4692  1.75%   135 1102s
 22065  6115     cutoff   36      10553.5800 10369.4240  1.74%   135 1113s
 22186  6176 10529.4739   24  192 10553.5800 10369.9237  1.74%   136 1122s
 22358  6213 10474.7823   28  157 10553.5800 10370.8005  1.73%   136 1132s
 22513  6241     cutoff   34      10553.5800 10371.7731  1.72%   136 1141s
 22640  6312     cutoff   38      10553.5800 10372.4362  1.72%   137 1149s
 22694  6312 10484.8846   58   27 10553.5800 10372.4362  1.72%   136 1150s
 22792  6399     cutoff   32      10553.5800 10373.5051  1.71%   137 1159s
 22964  6400 10536.5335   45   31 10553.5800 10374.0882  1.70%   137 1160s
 22972  6421 infeasible   62      10553.5800 10374.2286  1.70%   137 1169s
 23114  6486 10463.3717   38  149 10553.5800 10375.7521  1.69%   137 1178s
 23270  6523     cutoff   58      10553.5800 10376.4564  1.68%   137 1187s
 23413  6553     cutoff   40      10553.5800 10377.7267  1.67%   138 1196s
 23565  6553     cutoff   38      10553.5800 10378.8197  1.66%   138 1208s
 23670  6581 10475.5718   34  174 10553.5800 10379.8555  1.65%   138 1218s
 23809  6653 10408.3291   25  104 10553.5800 10380.3444  1.64%   139 1228s
 24017  6720 10485.3313   39  124 10553.5800 10381.2370  1.63%   138 1238s
 24233  6791 10497.7685   30   77 10553.5800 10382.1417  1.62%   138 1248s
 24405  6798 10423.9510   32  149 10553.5800 10383.1211  1.62%   139 1258s
 24545  6837 10433.7820   26  159 10553.5800 10383.9834  1.61%   139 1268s
 24703  6875 10473.5343   34  164 10553.5800 10384.8831  1.60%   139 1277s
 24816  6899 10458.2753   31  146 10553.5800 10385.4278  1.59%   139 1285s
 24923  6935 10534.6571   32   67 10553.5800 10386.3893  1.58%   140 1295s
 25076  6966 10432.8412   31  185 10553.5800 10387.4111  1.57%   140 1304s
 25226  7033     cutoff   49      10553.5800 10387.8303  1.57%   140 1315s
 25413  7117 10462.1278   33   19 10553.5800 10388.6068  1.56%   140 1325s
 25618  7180 infeasible   52      10553.5800 10389.4981  1.55%   140 1335s
 25783  7207     cutoff   50      10553.5800 10389.9333  1.55%   140 1344s
 25928  7260 10468.0056   30  168 10553.5800 10390.7537  1.54%   141 1354s
 26115  7264     cutoff   36      10553.5800 10391.4722  1.54%   141 1364s
 26224  7287     cutoff   35      10553.5800 10392.3187  1.53%   141 1383s
 26368  7308     cutoff   41      10553.5800 10393.4867  1.52%   141 1393s
 26539  7348 10526.1510   31  127 10553.5800 10394.2560  1.51%   142 1403s
 26699  7401     cutoff   30      10553.5800 10394.9320  1.50%   142 1413s
 26880  7422 10460.3600   42    8 10553.5800 10395.5481  1.50%   142 1423s
 27053  7451     cutoff   44      10553.5800 10396.4685  1.49%   142 1434s
 27181  7492     cutoff   29      10553.5800 10397.0359  1.48%   142 1444s
 27337  7520 10525.4170   33   59 10553.5800 10397.4895  1.48%   143 1454s
 27486  7534 10522.7128   36   82 10553.5800 10398.0080  1.47%   143 1464s
 27547  7534     cutoff   36      10553.5800 10398.8458  1.47%   143 1465s
 27618  7565 10509.7816   37   62 10553.5800 10398.9383  1.47%   143 1475s
 27782  7595     cutoff   31      10553.5800 10399.8646  1.46%   143 1485s
 27932  7637 10508.0598   27   89 10553.5800 10400.5315  1.45%   144 1495s
 28093  7658 10529.1809   39  139 10553.5800 10401.1500  1.44%   144 1504s
 28167  7658 10534.5735   39  114 10553.5800 10401.7314  1.44%   144 1505s
 28237  7681     cutoff   30      10553.5800 10401.7543  1.44%   144 1514s
 28384  7709     cutoff   43      10553.5800 10402.3677  1.43%   144 1529s
 28520  7724     cutoff   39      10553.5800 10402.8996  1.43%   144 1543s
 28622  7775 10476.5613   34  107 10553.5800 10403.1077  1.43%   144 1554s
 28816  7806 10512.4607   26  166 10553.5800 10403.5163  1.42%   144 1563s
 29007  7819     cutoff   44      10553.5800 10404.3558  1.41%   144 1573s
 29150  7865     cutoff   35      10553.5800 10405.3473  1.40%   144 1585s
 29348  7891 10494.1764   40  200 10553.5800 10405.9951  1.40%   144 1595s
 29525  7897 10538.2893   29  127 10553.5800 10406.7798  1.39%   145 1605s
 29645  7913 10477.3740   28  149 10553.5800 10407.8781  1.38%   145 1615s
 29772  7938 10538.9408   38  139 10553.5800 10408.3426  1.38%   145 1626s
 29924  7973 10500.2403   44  113 10553.5800 10409.2358  1.37%   145 1637s
 30091  7996 10518.5842   37  222 10553.5800 10409.7996  1.36%   145 1647s
 30231  8021 10487.1003   34   55 10553.5800 10410.2532  1.36%   146 1658s
 30404  8042     cutoff   23      10553.5800 10410.7964  1.35%   146 1670s
 30619  8086     cutoff   32      10553.5800 10411.3691  1.35%   146 1682s
 30831  8124 10549.8474   40   16 10553.5800 10411.7802  1.34%   146 1693s
 31015  8162     cutoff   42      10553.5800 10412.3680  1.34%   146 1705s
 31185  8208 10506.9823   38  173 10553.5800 10412.9167  1.33%   146 1717s
 31368  8260 10445.3432   25  128 10553.5800 10413.5380  1.33%   146 1728s
 31524  8251     cutoff   36      10553.5800 10414.1523  1.32%   146 1738s
 31672  8311     cutoff   34      10553.5800 10414.9092  1.31%   146 1749s
 31742  8311     cutoff   35      10553.5800 10415.5521  1.31%   146 1750s
 31853  8364 10540.0348   31  108 10553.5800 10415.5624  1.31%   146 1761s
 32053  8401 10509.3978   29  153 10553.5800 10416.0117  1.30%   146 1772s
 32237  8433     cutoff   23      10553.5800 10416.5456  1.30%   146 1783s
 32451  8461     cutoff   39      10553.5800 10417.3510  1.29%   146 1795s
 32600  8499     cutoff   44      10553.5800 10418.0378  1.28%   147 1806s
 32803  8552 10541.0255   24  146 10553.5800 10418.6492  1.28%   147 1817s
 33005  8567 10488.8560   30   52 10553.5800 10419.2115  1.27%   147 1829s
 33170  8603     cutoff   39      10553.5800 10419.6459  1.27%   147 1840s
 33361  8611     cutoff   33      10553.5800 10420.5133  1.26%   147 1852s
 33512  8641 10544.0814   34   47 10553.5800 10420.9349  1.26%   147 1863s
 33704  8709 10493.7429   45   72 10553.5800 10421.7936  1.25%   147 1873s
 33909  8742 10512.8951   30  106 10553.5800 10422.3305  1.24%   147 1890s
 34110  8785     cutoff   32      10553.5800 10422.7309  1.24%   147 1913s
 34318  8798     cutoff   40      10553.5800 10423.3307  1.23%   147 1925s
 34531  8826     cutoff   46      10553.5800 10423.5954  1.23%   147 1938s
 34711  8870 10481.4810   28  141 10553.5800 10424.0124  1.23%   147 1949s
 34884  8884     cutoff   40      10553.5800 10424.3720  1.22%   147 1961s
 35053  8893 10522.1178   33  114 10553.5800 10424.8349  1.22%   147 1976s
 35223  8917 10462.6888   37  126 10553.5800 10425.0283  1.22%   147 1987s
 35405  8932 10541.6816   31  209 10553.5800 10425.8257  1.21%   147 1998s
 35585  8954 10459.7961   25  193 10553.5800 10426.1904  1.21%   147 2008s
 35747  8969     cutoff   42      10553.5800 10426.4864  1.20%   148 2019s
 35900  9006 10480.9610   34  185 10553.5800 10427.3734  1.20%   148 2030s
 36102  9046 10503.8978   28  167 10553.5800 10427.8734  1.19%   148 2042s
 36281  9068 10549.3683   52   80 10553.5800 10428.6747  1.18%   148 2054s
 36457  9114     cutoff   31      10553.5800 10428.9151  1.18%   148 2066s
 36643  9125     cutoff   31      10553.5800 10429.6209  1.17%   148 2078s
 36832  9136     cutoff   37      10553.5800 10430.2195  1.17%   148 2089s
 37003  9175 10488.0281   34  112 10553.5800 10430.5608  1.17%   148 2100s
 37186  9180     cutoff   39      10553.5800 10431.1262  1.16%   148 2111s
 37311  9207 10470.1085   33  186 10553.5800 10431.8035  1.15%   148 2124s
 37525  9231 10496.6738   33   82 10553.5800 10431.9569  1.15%   148 2136s
 37723  9267 10507.1814   34  204 10553.5800 10432.5056  1.15%   148 2147s
 37913  9305 10537.0218   22  146 10553.5800 10432.7122  1.15%   148 2159s
 38109  9339     cutoff   31      10553.5800 10433.2423  1.14%   148 2170s
 38287  9374 10462.1126   34  133 10553.5800 10433.8142  1.13%   148 2183s
 38448  9386 10517.5334   25  150 10553.5800 10434.1150  1.13%   148 2195s
 38612  9398 10542.7898   38  110 10553.5800 10434.5718  1.13%   148 2208s
 38793  9440     cutoff   39      10553.5800 10434.9834  1.12%   149 2221s
 38954  9456     cutoff   33      10553.5800 10435.3607  1.12%   149 2233s
 39099  9458 10499.7528   36  139 10553.5800 10435.7389  1.12%   149 2244s
 39267  9465 10513.8430   44  133 10553.5800 10436.3459  1.11%   149 2256s
 39422  9461 10525.8533   40   40 10553.5800 10436.7130  1.11%   149 2267s
 39566  9486 10476.5722   38   65 10553.5800 10437.1707  1.10%   149 2280s
 39790  9502     cutoff   46      10553.5800 10437.7254  1.10%   149 2293s
 39969  9529     cutoff   37      10553.5800 10438.1857  1.09%   149 2306s
 40164  9554     cutoff   38      10553.5800 10438.3898  1.09%   149 2319s
 40340  9570     cutoff   35      10553.5800 10438.7662  1.09%   149 2332s
 40529  9590     cutoff   40      10553.5800 10439.1795  1.08%   149 2344s
 40620  9590 10483.4103   29   66 10553.5800 10439.4775  1.08%   149 2345s
 40702  9619 10469.9323   30  112 10553.5800 10439.4790  1.08%   149 2356s
 40897  9650     cutoff   39      10553.5800 10440.3982  1.07%   149 2369s
 41102  9657 10497.2132   31   94 10553.5800 10440.8578  1.07%   149 2381s
 41287  9669 10497.8938   28  137 10553.5800 10441.4391  1.06%   149 2395s
 41467  9685 10533.6367   33  119 10553.5800 10441.9668  1.06%   149 2407s
 41648  9711     cutoff   36      10553.5800 10442.3619  1.05%   149 2422s
 41839  9727 10493.4693   33  137 10553.5800 10442.7073  1.05%   150 2435s
 42034  9730 10549.7100   37   56 10553.5800 10443.0121  1.05%   150 2448s
 42207  9748 10509.2625   33  116 10553.5800 10443.6601  1.04%   150 2462s
 42378  9768     cutoff   36      10553.5800 10443.9103  1.04%   150 2475s
 42570  9763     cutoff   35      10553.5800 10444.3475  1.04%   150 2487s
 42715  9766     cutoff   41      10553.5800 10444.8577  1.03%   150 2501s
 42824  9772     cutoff   26      10553.5800 10445.1946  1.03%   150 2513s
 42966  9768 10534.1134   42  144 10553.5800 10445.5731  1.02%   150 2526s
 43101  9792 10487.5544   31  125 10553.5800 10446.2672  1.02%   150 2538s
 43277  9797     cutoff   40      10553.5800 10446.8512  1.01%   150 2551s
 43473  9816     cutoff   44      10553.5800 10447.2544  1.01%   150 2564s
 43654  9835     cutoff   41      10553.5800 10447.7171  1.00%   150 2577s
 43854  9825     cutoff   27      10553.5800 10448.0493  1.00%   150 2589s
 44020  9834 10482.1059   38  143 10553.5800 10448.5320  1.00%   151 2604s
 44141  9851 10491.9913   32  209 10553.5800 10448.8912  0.99%   151 2618s
 44329  9873     cutoff   28      10553.5800 10449.1546  0.99%   151 2632s
 44541  9872 10515.9191   42  135 10553.5800 10449.5602  0.99%   151 2647s
 44739  9872     cutoff   26      10553.5800 10450.0577  0.98%   151 2660s
 44907  9892 10526.2786   37   92 10553.5800 10450.3951  0.98%   151 2673s
 45079  9891 10499.9343   32  142 10553.5800 10451.1533  0.97%   151 2687s
 45290  9912     cutoff   38      10553.5800 10451.7115  0.97%   151 2702s
 45453  9916 10521.5889   35  228 10553.5800 10452.0020  0.96%   151 2715s
 45631  9920 10523.0200   33    - 10553.5800 10452.4301  0.96%   151 2729s
 45804  9925     cutoff   38      10553.5800 10452.8848  0.95%   151 2742s
 46020  9938 10470.2146   28  108 10553.5800 10453.3023  0.95%   151 2757s
 46156  9938     cutoff   40      10553.5800 10453.6533  0.95%   151 2772s
 46390  9963 10481.8511   30   98 10553.5800 10454.3131  0.94%   151 2787s
 46593  9982 10516.1427   33  150 10553.5800 10454.6200  0.94%   151 2801s
 46784  9989 10498.0740   27  121 10553.5800 10454.9707  0.93%   152 2815s
 46964  9991     cutoff   38      10553.5800 10455.4570  0.93%   152 2829s
 47186 10000     cutoff   42      10553.5800 10455.9038  0.93%   152 2844s
 47402 10008 10510.7874   44   65 10553.5800 10456.3318  0.92%   152 2858s
 47621 10017     cutoff   44      10553.5800 10456.8191  0.92%   152 2872s
 47816 10022     cutoff   36      10553.5800 10457.2877  0.91%   152 2888s
 48050 10032 10546.4987   29  155 10553.5800 10457.7969  0.91%   152 2905s
 48194 10029     cutoff   37      10553.5800 10458.1715  0.90%   152 2920s
 48434 10034 10512.6014   33  128 10553.5800 10458.5946  0.90%   152 2934s
 48628 10035 10495.5217   38   74 10553.5800 10458.8339  0.90%   152 2935s
 48643 10048 10520.7750   30   57 10553.5800 10458.8605  0.90%   152 2948s
 48896 10044 10541.4610   37   37 10553.5800 10459.4179  0.89%   151 2961s
 49062 10060     cutoff   29      10553.5800 10459.8895  0.89%   152 2977s
 49283 10066     cutoff   35      10553.5800 10460.2570  0.88%   152 2992s
 49472 10058 10519.4734   34   38 10553.5800 10460.6441  0.88%   152 3007s
 49719 10028     cutoff   43      10553.5800 10461.1479  0.88%   152 3021s
 49911 10059     cutoff   39      10553.5800 10461.7265  0.87%   152 3045s
 50245 10093     cutoff   42      10553.5800 10462.2223  0.87%   152 3061s
 50471 10100     cutoff   33      10553.5800 10462.5662  0.86%   151 3075s
 50688 10096     cutoff   33      10553.5800 10462.9749  0.86%   151 3089s
 50902 10097 10526.9185   38  117 10553.5800 10463.6015  0.85%   151 3090s
 50903 10086     cutoff   39      10553.5800 10463.6071  0.85%   151 3103s
 51118 10109     cutoff   43      10553.5800 10464.2874  0.85%   151 3122s
 51384 10073 10513.2234   36  105 10553.5800 10464.9688  0.84%   151 3137s
 51612 10060     cutoff   45      10553.5800 10465.6666  0.83%   151 3155s
 51886 10088 10538.3690   34   12 10553.5800 10466.4452  0.83%   151 3175s
 52199 10101 10517.8058   40   90 10553.5800 10467.0477  0.82%   151 3190s
 52417 10092 10494.1232   34   92 10553.5800 10467.3969  0.82%   151 3207s
 52632 10097     cutoff   42      10553.5800 10467.7917  0.81%   151 3230s
 52907 10074 10548.8411   35   54 10553.5800 10468.4971  0.81%   151 3251s
 53220 10034 10514.0262   34  196 10553.5800 10469.3541  0.80%   151 3275s
 53487 10051     cutoff   38      10553.5800 10470.0036  0.79%   151 3295s
 53851 10039 10546.6512   26  142 10553.5800 10470.5667  0.79%   151 3315s
 54085 10039     cutoff   40      10553.5800 10471.1615  0.78%   151 3338s
 54350 10033     cutoff   41      10553.5800 10471.4784  0.78%   151 3361s
 54584 10009 10515.0759   26  139 10553.5800 10471.9333  0.77%   151 3383s
 54845 10006 10499.2839   39   64 10553.5800 10472.5446  0.77%   151 3406s
 55093  9982 10525.8715   39  116 10553.5800 10472.9090  0.76%   151 3427s
 55394  9968     cutoff   32      10553.5800 10473.5319  0.76%   151 3454s
 55715  9941 10531.5837   33   76 10553.5800 10474.1876  0.75%   151 3483s
 55971  9939     cutoff   34      10553.5800 10474.7640  0.75%   151 3528s
 56272  9943     cutoff   37      10553.5800 10475.0819  0.74%   151 3552s
 56615  9939     cutoff   33      10553.5800 10475.5120  0.74%   151 3576s
 56934  9918     cutoff   43      10553.5800 10476.1180  0.73%   151 3600s

Cutting planes:
  User: 1987
  Gomory: 22
  Cover: 175
  Implied bound: 34
  Clique: 15
  MIR: 52
  StrongCG: 3
  Flow cover: 190
  Zero half: 23
  RLT: 127
  Relax-and-lift: 2
  Lazy constraints: 9563

Explored 57231 nodes (8642341 simplex iterations) in 3600.50 seconds
Thread count was 2 (of 32 available processors)

Solution count 8: 10553.6 10573.6 10603.6 ... 11011.2

Time limit reached
Best objective 1.055358000000e+04, best bound 1.047657046264e+04, gap 0.7297%

User-callback calls 512904, time in user-callback 79.00 sec
