




arguments: ./build/bc_mirp -f ./input/orig_exec_154.cfg
Current dir: /scratch/gui/bc_mirp
File verbosity level: 9
date       time         ( uptime  ) [ thread name/id ]                   file:line     v| 
2021-02-08 05:45:19.224 (   0.180s) [main thread     ]             loguru.cpp:789   INFO| Logging to './output/vi_vc+lex_full/OU/V2/Original/execution_08_02_2021_05_45_19.log', mode: 'a', verbosity: 9
--------------------------------------------------------------------------------
Parameters
                           instance_path           ./input/Instances/Original/4/
                            model_policy                                       1
                             nb_vehicles                                       2
                              output_dir ./output/vi_vc+lex_full/OU/V2/Original/
                            sec_strategy                                       1
                       solver_nb_threads                                       2
                         solver_show_log                                    true
                       solver_time_limit                                    3600
                              use_vi_cos                                   false
                              use_vi_cus                                   false
                         use_vi_hc1_full                                   false
                         use_vi_hc1_half                                   false
                      use_vi_hc1_quarter                                   false
                              use_vi_hc2                                   false
                              use_vi_hc3                                   false
                         use_vi_lex_full                                    true
                         use_vi_lex_half                                   false
                      use_vi_lex_quarter                                   false
                              use_vi_qua                                   false
                               use_vi_vc                                    true
                               use_vi_vr                                   false
--------------------------------------------------------------------------------
executing instance: ./input/Instances/Original/4/absH3low_3n30.dat
--------------------------------------------------------------------------------
Instance details
n	31
H	3
C	2841
Li:
[0, 0, 0, 0, 0, 0, 0, 0, 0, 0, 0, 0, 0, 0, 0, 0, 0, 0, 0, 0, 0, 0, 0, 0, 0, 0, 0, 0, 0, 0, 0, ]
Ui:
[0, 246, 98, 54, 144, 171, 192, 180, 165, 98, 122, 198, 297, 144, 130, 129, 219, 138, 142, 150, 108, 66, 64, 285, 180, 204, 276, 168, 240, 198, 122, ]
Distance matrix:
|0	172	56	166	260	198	42	197	296	110	91	112	238	275	323	183	330	232	175	181	162	191	232	280	201	139	356	185	266	216	26	|
|172	0	178	223	320	335	153	355	444	62	231	99	333	376	214	352	176	235	194	106	47	41	353	161	299	175	225	43	326	374	153	|
|56	178	0	110	204	162	93	233	336	125	144	148	187	226	358	180	313	284	123	152	182	185	282	252	256	88	329	177	210	251	42	|
|166	223	110	0	102	150	199	327	431	194	253	237	113	156	431	228	296	386	44	140	248	208	389	218	366	48	287	200	108	344	148	|
|260	320	204	102	0	156	296	391	493	296	340	339	66	90	531	263	362	486	127	226	349	300	469	278	454	148	334	292	6	406	245	|
|198	335	162	150	156	0	239	255	351	286	245	307	93	106	518	111	442	423	194	280	344	335	349	367	352	182	437	327	158	266	199	|
|42	153	93	199	296	239	0	203	296	91	82	76	278	316	284	217	322	191	201	186	133	180	217	281	177	165	356	175	302	222	52	|
|197	355	233	327	391	255	203	0	104	294	125	266	340	361	436	151	524	276	352	377	330	383	109	477	146	319	553	377	395	19	222	|
|296	444	336	431	493	351	296	104	0	384	214	348	440	456	488	241	617	315	456	476	412	475	113	575	176	422	651	470	497	88	322	|
|110	62	125	194	296	286	91	294	384	0	171	55	298	340	238	292	233	210	176	118	58	91	298	201	248	148	273	87	302	313	94	|
|91	231	144	253	340	245	82	125	214	171	0	141	307	339	324	184	403	187	266	266	204	261	140	363	114	230	438	256	346	144	116	|
|112	99	148	237	339	307	76	266	348	55	141	0	332	373	212	292	275	156	225	173	64	137	254	253	200	194	322	135	345	284	108	|
|238	333	187	113	66	93	278	340	440	298	307	332	0	43	536	203	404	469	153	253	354	321	427	322	420	160	385	313	67	353	229	|
|275	376	226	156	90	106	316	361	456	340	339	373	43	0	578	216	443	507	194	295	397	364	453	361	451	203	421	356	88	372	268	|
|323	214	358	431	531	518	284	436	488	238	324	212	536	578	0	498	309	176	407	320	183	245	376	344	312	383	379	251	537	451	319	|
|183	352	180	228	263	111	217	151	241	292	184	292	203	216	498	0	492	371	266	328	345	364	255	426	272	242	501	356	266	159	198	|
|330	176	313	296	362	442	322	524	617	233	403	275	404	443	309	492	0	397	253	164	218	142	529	84	475	260	72	147	367	543	306	|
|232	235	284	386	486	423	191	276	315	210	187	156	469	507	176	371	397	0	379	327	188	276	202	396	139	346	456	277	492	289	242	|
|175	194	123	44	127	194	201	352	456	176	266	225	153	194	407	266	253	379	0	101	225	174	405	174	375	36	244	166	133	370	152	|
|181	106	152	140	226	280	186	377	476	118	266	173	253	295	320	328	164	327	101	0	148	76	403	100	360	98	177	69	232	396	155	|
|162	47	182	248	349	344	133	330	412	58	204	64	354	397	183	345	218	188	225	148	0	89	316	208	259	201	270	90	355	348	149	|
|191	41	185	208	300	335	180	383	475	91	261	137	321	364	245	364	142	276	174	76	89	0	388	119	336	162	185	8	306	402	169	|
|232	353	282	389	469	349	217	109	113	298	140	254	427	453	376	255	529	202	405	403	316	388	0	497	64	369	570	384	474	112	256	|
|280	161	252	218	278	367	281	477	575	201	363	253	322	361	344	426	84	396	174	100	208	119	497	0	449	187	77	119	283	496	255	|
|201	299	256	366	454	352	177	146	176	248	114	200	420	451	312	272	475	139	375	360	259	336	64	449	0	339	521	333	460	156	223	|
|139	175	88	48	148	182	165	319	422	148	230	194	160	203	383	242	260	346	36	98	201	162	369	187	339	0	260	153	154	337	116	|
|356	225	329	287	334	437	356	553	651	273	438	322	385	421	379	501	72	456	244	177	270	185	570	77	521	260	0	187	338	572	331	|
|185	43	177	200	292	327	175	377	470	87	256	135	313	356	251	356	147	277	166	69	90	8	384	119	333	153	187	0	298	396	163	|
|266	326	210	108	6	158	302	395	497	302	346	345	67	88	537	266	367	492	133	232	355	306	474	283	460	154	338	298	0	410	251	|
|216	374	251	344	406	266	222	19	88	313	144	284	353	372	451	159	543	289	370	396	348	402	112	496	156	337	572	396	410	0	241	|
|26	153	42	148	245	199	52	222	322	94	116	108	229	268	319	198	306	242	152	155	149	169	256	255	223	116	331	163	251	241	0	|

--------------------------------------------------------------------------------
Building model...
	using lazy and cut (CVRPSEP package)
Solving IRP LP...
--------------------------------------------------------------------------------

Gurobi 9.1.0 (linux64) logging started Mon Feb  8 05:45:19 2021

Gurobi Optimizer version 9.1.0 build v9.1.0rc0 (linux64)
Thread count: 32 physical cores, 32 logical processors, using up to 2 threads
Optimize a model with 775 rows, 3280 columns and 8164 nonzeros
Model fingerprint: 0x686f0a04
Variable types: 304 continuous, 2976 integer (186 binary)
Coefficient statistics:
  Matrix range     [1e+00, 2e+09]
  Objective range  [1e-02, 7e+02]
  Bounds range     [1e+00, 3e+02]
  RHS range        [1e+00, 5e+03]
Warning: Model contains large matrix coefficients
         Consider reformulating model or setting NumericFocus parameter
         to avoid numerical issues.
Presolve removed 253 rows and 217 columns
Presolve time: 0.07s
Presolved: 522 rows, 3063 columns, 7225 nonzeros
Variable types: 180 continuous, 2883 integer (2706 binary)

Root relaxation: objective 2.318695e+03, 592 iterations, 0.01 seconds

    Nodes    |    Current Node    |     Objective Bounds      |     Work
 Expl Unexpl |  Obj  Depth IntInf | Incumbent    BestBd   Gap | It/Node Time

     0     0 2318.69472    0   76          - 2318.69472      -     -    0s
     0     0 2682.21569    0   79          - 2682.21569      -     -    0s
     0     0 3112.11232    0  123          - 3112.11232      -     -    0s
     0     0 3166.75725    0  117          - 3166.75725      -     -    0s
     0     0 3265.21557    0  126          - 3265.21557      -     -    0s
     0     0 3370.21670    0  172          - 3370.21670      -     -    0s
     0     0 3404.29243    0  189          - 3404.29243      -     -    0s
     0     0 3410.58187    0  177          - 3410.58187      -     -    0s
     0     0 3411.76903    0  190          - 3411.76903      -     -    0s
     0     0 3442.49825    0  216          - 3442.49825      -     -    0s
     0     0 3445.87482    0  220          - 3445.87482      -     -    0s
     0     0 3446.35074    0  221          - 3446.35074      -     -    0s
     0     0 3462.66976    0  248          - 3462.66976      -     -    0s
     0     0 3464.08969    0  252          - 3464.08969      -     -    0s
     0     0 3469.78080    0  263          - 3469.78080      -     -    0s
     0     0 3469.78080    0  254          - 3469.78080      -     -    0s
     0     2 3471.14917    0  254          - 3471.14917      -     -    0s
   590   552 3972.59000   22   20          - 3505.15479      -  52.9    5s
H  749   620                    5814.2200000 3614.39859  37.8%  45.4    8s
H  749   589                    5535.2200000 3614.39859  34.7%  45.4    9s
H  749   559                    5413.2200000 3614.39859  33.2%  45.4    9s
H  750   534                    5402.2200000 3614.39859  33.1%  49.5    9s
   751   536 3630.38120   11  217 5402.22000 3617.62688  33.0%  49.6   10s
H  811   548                    4982.6100000 3653.37924  26.7%  63.1   12s
H  906   591                    4888.3100000 3653.37924  25.3%  71.8   14s
H  929   567                    4429.5900000 3653.37924  17.5%  73.1   15s
H  999   513                    4270.7299767 3655.13997  14.4%  74.7   16s
* 1138   533              57    4238.1200000 3655.13997  13.8%  81.2   18s
H 1179   356                    3944.1200000 3697.23994  6.26%  82.9   19s
  1196   350 3871.11338   16  140 3944.12000 3697.23994  6.26%  85.4   20s
H 1220   319                    3916.8500000 3714.08396  5.18%  86.7   20s
  1333   271     cutoff   21      3916.85000 3757.86622  4.06%   102   25s
  1488   183     cutoff   24      3916.85000 3835.11432  2.09%   115   30s
* 1517    94              25    3916.6100000 3864.38479  1.33%   117   30s
* 1531    72              26    3914.8500000 3864.38479  1.29%   117   30s

Cutting planes:
  User: 961
  Gomory: 20
  Cover: 165
  Implied bound: 50
  Projected implied bound: 1
  Clique: 24
  MIR: 74
  StrongCG: 6
  Flow cover: 189
  GUB cover: 2
  Zero half: 20
  RLT: 107
  Relax-and-lift: 1
  Lazy constraints: 260

Explored 1578 nodes (182766 simplex iterations) in 30.86 seconds
Thread count was 2 (of 32 available processors)

Solution count 10: 3914.85 3916.61 3916.85 ... 5402.22

Optimal solution found (tolerance 1.00e-04)
Best objective 3.914850000000e+03, best bound 3.914850000000e+03, gap 0.0000%

User-callback calls 6991, time in user-callback 2.04 sec
================================================================================
executing instance: ./input/Instances/Original/4/absH3low_3n10.dat
--------------------------------------------------------------------------------
Instance details
n	11
H	3
C	687
Li:
[0, 0, 0, 0, 0, 0, 0, 0, 0, 0, 0, ]
Ui:
[0, 189, 44, 174, 78, 36, 198, 117, 42, 96, 240, ]
Distance matrix:
|0	209	255	286	142	156	285	317	182	161	135	|
|209	0	464	451	315	356	490	469	361	299	260	|
|255	464	0	221	202	130	74	280	189	254	273	|
|286	451	221	0	145	156	164	479	354	153	192	|
|142	315	202	145	0	73	194	388	250	53	73	|
|156	356	130	156	73	0	134	332	200	127	144	|
|285	490	74	164	194	134	0	353	256	239	267	|
|317	469	280	479	388	332	353	0	141	436	430	|
|182	361	189	354	250	200	256	141	0	296	289	|
|161	299	254	153	53	127	239	436	296	0	39	|
|135	260	273	192	73	144	267	430	289	39	0	|

--------------------------------------------------------------------------------
Building model...
	using lazy and cut (CVRPSEP package)
Solving IRP LP...
--------------------------------------------------------------------------------

Gurobi 9.1.0 (linux64) logging started Mon Feb  8 05:45:50 2021

Gurobi Optimizer version 9.1.0 build v9.1.0rc0 (linux64)
Thread count: 32 physical cores, 32 logical processors, using up to 2 threads
Optimize a model with 275 rows, 500 columns and 1544 nonzeros
Model fingerprint: 0xfda9ebd0
Variable types: 104 continuous, 396 integer (66 binary)
Coefficient statistics:
  Matrix range     [1e+00, 2e+03]
  Objective range  [1e-02, 5e+02]
  Bounds range     [1e+00, 2e+02]
  RHS range        [1e+00, 1e+03]
Presolve removed 93 rows and 77 columns
Presolve time: 0.02s
Presolved: 182 rows, 423 columns, 1206 nonzeros
Variable types: 60 continuous, 363 integer (306 binary)

Root relaxation: objective 1.315834e+03, 219 iterations, 0.00 seconds

    Nodes    |    Current Node    |     Objective Bounds      |     Work
 Expl Unexpl |  Obj  Depth IntInf | Incumbent    BestBd   Gap | It/Node Time

     0     0 1315.83374    0   31          - 1315.83374      -     -    0s
     0     0 1627.86875    0   44          - 1627.86875      -     -    0s
     0     0 1945.82748    0   58          - 1945.82748      -     -    0s
H    0     0                    5055.4700000 1945.82748  61.5%     -    0s
     0     0 1966.43280    0   73 5055.47000 1966.43280  61.1%     -    0s
     0     0 1968.92173    0   75 5055.47000 1968.92173  61.1%     -    0s
     0     0 2052.74095    0   75 5055.47000 2052.74095  59.4%     -    0s
H    0     0                    2618.1000000 2052.74095  21.6%     -    0s
H    0     0                    2449.1000000 2052.74095  16.2%     -    0s
     0     0 2058.77904    0   64 2449.10000 2058.77904  15.9%     -    0s
     0     0 2061.02633    0   65 2449.10000 2061.02633  15.8%     -    0s
     0     0 2077.54081    0   60 2449.10000 2077.54081  15.2%     -    0s
     0     0 2090.13920    0   78 2449.10000 2090.13920  14.7%     -    0s
     0     0 2094.18078    0   75 2449.10000 2094.18078  14.5%     -    0s
     0     0 2095.01433    0   73 2449.10000 2095.01433  14.5%     -    0s
     0     0 2096.64448    0   68 2449.10000 2096.64448  14.4%     -    0s
     0     0 2096.73025    0   69 2449.10000 2096.73025  14.4%     -    0s
     0     0 2102.28132    0   89 2449.10000 2102.28132  14.2%     -    0s
     0     0 2102.28132    0   89 2449.10000 2102.28132  14.2%     -    0s
     0     2 2121.28132    0   89 2449.10000 2121.28132  13.4%     -    0s

Cutting planes:
  User: 67
  Gomory: 2
  Cover: 67
  Implied bound: 29
  Clique: 4
  MIR: 37
  StrongCG: 1
  Flow cover: 57
  GUB cover: 3
  Zero half: 2
  RLT: 44
  Relax-and-lift: 7
  Lazy constraints: 48

Explored 305 nodes (9489 simplex iterations) in 0.78 seconds
Thread count was 2 (of 32 available processors)

Solution count 3: 2449.1 2618.1 5055.47 

Optimal solution found (tolerance 1.00e-04)
Best objective 2.449100000000e+03, best bound 2.449100000000e+03, gap 0.0000%

User-callback calls 947, time in user-callback 0.06 sec
================================================================================
executing instance: ./input/Instances/Original/4/absH3low_3n15.dat
--------------------------------------------------------------------------------
Instance details
n	16
H	3
C	1267
Li:
[0, 0, 0, 0, 0, 0, 0, 0, 0, 0, 0, 0, 0, 0, 0, 0, ]
Ui:
[0, 156, 267, 148, 144, 87, 33, 171, 76, 141, 270, 282, 60, 110, 172, 57, ]
Distance matrix:
|0	229	567	76	58	96	306	409	310	423	108	346	165	347	159	256	|
|229	0	482	243	279	155	375	525	251	419	158	373	65	123	329	246	|
|567	482	0	506	622	483	342	439	259	200	467	274	486	433	501	312	|
|76	243	506	0	119	88	230	337	255	352	88	272	179	347	94	194	|
|58	279	622	119	0	154	345	431	366	471	166	391	217	399	179	310	|
|96	155	483	88	154	0	266	397	224	358	17	289	92	262	176	179	|
|306	375	342	230	345	266	0	158	184	148	251	68	332	423	181	140	|
|409	525	439	337	431	397	158	0	340	244	386	201	476	581	253	298	|
|310	251	259	255	366	224	184	340	0	170	208	146	238	257	274	66	|
|423	419	200	352	471	358	148	244	170	0	341	84	396	424	323	182	|
|108	158	467	88	166	17	251	386	208	341	0	273	96	259	172	162	|
|346	373	274	272	391	289	68	201	146	84	273	0	340	400	239	127	|
|165	65	486	179	217	92	332	476	238	396	96	340	0	182	267	216	|
|347	123	433	347	399	262	423	581	257	424	259	400	182	0	423	283	|
|159	329	501	94	179	176	181	253	274	323	172	239	267	423	0	208	|
|256	246	312	194	310	179	140	298	66	182	162	127	216	283	208	0	|

--------------------------------------------------------------------------------
Building model...
	using lazy and cut (CVRPSEP package)
Solving IRP LP...
--------------------------------------------------------------------------------

Gurobi 9.1.0 (linux64) logging started Mon Feb  8 05:45:51 2021

Gurobi Optimizer version 9.1.0 build v9.1.0rc0 (linux64)
Thread count: 32 physical cores, 32 logical processors, using up to 2 threads
Optimize a model with 400 rows, 970 columns and 2749 nonzeros
Model fingerprint: 0xdc922983
Variable types: 154 continuous, 816 integer (96 binary)
Coefficient statistics:
  Matrix range     [1e+00, 7e+04]
  Objective range  [1e-02, 6e+02]
  Bounds range     [1e+00, 3e+02]
  RHS range        [1e+00, 2e+03]
Presolve removed 137 rows and 116 columns
Presolve time: 0.03s
Presolved: 263 rows, 854 columns, 2252 nonzeros
Variable types: 86 continuous, 768 integer (681 binary)

Root relaxation: objective 1.643395e+03, 334 iterations, 0.01 seconds

    Nodes    |    Current Node    |     Objective Bounds      |     Work
 Expl Unexpl |  Obj  Depth IntInf | Incumbent    BestBd   Gap | It/Node Time

     0     0 1643.39504    0   41          - 1643.39504      -     -    0s
     0     0 1944.05136    0   28          - 1944.05136      -     -    0s
     0     0 2420.05981    0   82          - 2420.05981      -     -    0s
     0     0 2431.55138    0   64          - 2431.55138      -     -    0s
     0     0 2432.51062    0   84          - 2432.51062      -     -    0s
     0     0 2432.83363    0   59          - 2432.83363      -     -    0s
     0     0 2496.24876    0   95          - 2496.24876      -     -    0s
     0     0 2513.14990    0  125          - 2513.14990      -     -    0s
     0     0 2523.16091    0  118          - 2523.16091      -     -    0s
     0     0 2523.40934    0  119          - 2523.40934      -     -    0s
     0     0 2585.44095    0  109          - 2585.44095      -     -    0s
     0     0 2597.37110    0  112          - 2597.37110      -     -    0s
     0     0 2599.24378    0  114          - 2599.24378      -     -    0s
     0     0 2599.24745    0  129          - 2599.24745      -     -    0s
     0     0 2637.09292    0   98          - 2637.09292      -     -    0s
     0     0 2638.76806    0  127          - 2638.76806      -     -    0s
     0     0 2652.94061    0  103          - 2652.94061      -     -    0s
     0     0 2652.94061    0  103          - 2652.94061      -     -    0s
     0     2 2657.28957    0  109          - 2657.28957      -     -    0s
*  100   105              38    4047.8900000 2728.59081  32.6%  59.0    0s
H  157   143                    3998.8900000 2729.82446  31.7%  52.4    0s
*  165   123              25    3215.6400000 2729.82446  15.1%  52.6    0s
H  183   109                    3203.9000000 2801.98163  12.5%  52.3    0s
*  397   109              17    3174.2600000 2909.42926  8.34%  60.4    1s
H  399   102                    3117.2600000 2924.06471  6.20%  60.2    1s
*  475    88              19    3111.6800000 3001.81763  3.53%  60.7    2s
H  499    73                    3107.0600000 3017.71121  2.88%  60.0    2s
H  514    73                    3096.6800000 3026.81827  2.26%  58.9    2s
*  573     0              12    3081.5600000 3081.56000  0.00%  54.6    2s

Cutting planes:
  User: 375
  Gomory: 2
  Cover: 102
  Implied bound: 47
  Clique: 24
  MIR: 44
  StrongCG: 1
  Flow cover: 74
  GUB cover: 1
  Zero half: 10
  RLT: 81
  Relax-and-lift: 1
  Lazy constraints: 145

Explored 609 nodes (33059 simplex iterations) in 2.22 seconds
Thread count was 2 (of 32 available processors)

Solution count 10: 3081.56 3096.68 3107.06 ... 4047.89

Optimal solution found (tolerance 1.00e-04)
Best objective 3.081560000000e+03, best bound 3.081560000000e+03, gap 0.0000%

User-callback calls 1831, time in user-callback 0.23 sec
================================================================================
executing instance: ./input/Instances/Original/4/absH3low_2n45.dat
--------------------------------------------------------------------------------
Instance details
n	46
H	3
C	3171
Li:
[0, 0, 0, 0, 0, 0, 0, 0, 0, 0, 0, 0, 0, 0, 0, 0, 0, 0, 0, 0, 0, 0, 0, 0, 0, 0, 0, 0, 0, 0, 0, 0, 0, 0, 0, 0, 0, 0, 0, 0, 0, 0, 0, 0, 0, 0, ]
Ui:
[0, 246, 160, 78, 20, 87, 144, 40, 20, 82, 60, 96, 24, 136, 160, 108, 160, 26, 228, 51, 24, 240, 231, 70, 32, 105, 174, 114, 246, 126, 132, 76, 22, 42, 255, 132, 148, 162, 66, 111, 102, 240, 123, 201, 297, 78, ]
Distance matrix:
|0	148	402	550	329	420	187	318	366	280	504	273	233	333	112	344	379	481	113	593	159	523	261	424	90	359	163	461	413	240	105	299	265	89	371	462	339	273	495	22	41	439	369	506	563	468	|
|148	0	284	517	394	284	136	369	244	311	496	166	329	355	223	202	338	388	204	565	254	506	118	346	71	423	173	471	336	118	105	352	198	105	248	428	302	305	487	153	179	441	230	497	517	370	|
|402	284	0	350	448	80	228	406	42	343	382	129	456	350	412	126	219	131	382	395	410	371	180	137	314	466	289	400	137	167	389	401	169	316	39	280	217	342	373	394	414	362	108	380	324	106	|
|550	517	350	0	339	429	385	308	374	295	93	375	431	249	481	461	180	239	458	48	445	57	474	214	496	333	387	160	216	424	601	321	320	471	376	90	217	301	93	530	534	146	452	88	52	262	|
|329	394	448	339	0	513	282	42	438	105	255	363	115	108	221	484	259	431	217	365	172	289	436	362	333	30	224	189	353	380	423	47	291	296	443	285	240	107	251	307	294	193	495	260	378	437	|
|420	284	80	429	513	0	267	473	76	408	462	163	509	421	449	86	298	201	421	474	455	451	167	217	330	533	333	478	217	181	386	466	225	341	70	360	291	406	453	416	438	440	59	460	400	176	|
|187	136	228	385	282	267	0	249	199	186	360	104	248	224	184	214	207	294	155	432	189	371	155	237	113	308	68	336	227	101	216	236	78	98	205	296	168	181	350	174	190	305	231	360	390	283	|
|318	369	406	308	42	473	249	0	397	66	229	325	128	67	216	447	218	389	206	337	168	260	402	320	311	61	196	167	311	345	406	19	252	275	403	248	198	70	223	296	286	164	457	233	344	395	|
|366	244	42	374	438	76	199	397	0	332	397	96	436	346	383	90	228	168	354	420	385	389	139	161	277	458	263	408	158	128	349	391	150	282	6	298	218	331	388	359	380	370	78	395	352	144	|
|280	311	343	295	105	408	186	66	332	0	231	259	142	53	191	380	171	337	173	332	150	257	337	267	258	127	139	182	258	280	359	58	186	223	338	222	143	6	224	258	254	164	390	234	323	340	|
|504	496	382	93	255	462	360	229	397	231	0	375	356	180	422	478	173	293	403	110	381	36	474	248	463	245	345	68	246	419	568	244	308	433	400	104	200	237	9	482	482	67	474	5	142	312	|
|273	166	129	375	363	163	104	325	96	259	375	0	347	283	288	121	202	221	259	423	292	376	99	183	186	386	170	370	175	52	269	315	76	187	102	288	177	256	365	265	285	333	133	374	365	204	|
|233	329	456	431	115	509	248	128	436	142	356	347	0	181	121	462	311	472	128	463	76	386	398	403	260	141	180	294	392	349	334	111	287	224	442	362	280	139	350	212	194	289	479	360	463	472	|
|333	355	350	249	108	421	224	67	346	53	180	283	181	0	244	403	152	324	226	283	201	207	369	256	307	118	186	129	247	311	409	74	208	273	351	183	136	59	173	311	307	113	410	183	282	331	|
|112	223	412	481	221	449	184	216	383	191	422	288	121	244	0	387	327	461	30	521	49	447	313	396	152	250	125	371	385	273	214	196	249	121	389	400	288	185	415	91	74	355	408	425	503	454	|
|344	202	126	461	484	86	214	447	90	380	478	121	462	403	387	0	305	256	360	508	400	473	84	250	255	507	282	482	246	115	302	437	196	271	90	382	288	377	469	343	367	444	28	476	441	232	|
|379	338	219	180	259	298	207	218	228	171	173	202	311	152	327	305	0	172	301	227	300	174	302	105	318	270	217	180	97	249	423	221	141	296	232	90	40	173	164	361	368	142	303	172	184	180	|
|481	388	131	239	431	201	294	389	168	337	293	221	472	324	461	256	172	0	432	280	446	273	300	70	400	442	337	330	80	271	490	391	217	391	167	191	194	339	286	468	483	294	239	289	203	26	|
|113	204	382	458	217	421	155	206	354	173	403	259	128	226	30	360	301	432	0	499	52	426	287	367	133	246	95	355	356	246	208	187	219	100	360	376	261	167	395	90	81	337	381	406	478	425	|
|593	565	395	48	365	474	432	337	420	332	110	423	463	283	521	508	227	280	499	0	482	77	521	260	542	356	431	178	262	472	647	352	368	516	422	137	264	338	114	573	576	174	499	106	78	304	|
|159	254	410	445	172	455	189	168	385	150	381	292	76	201	49	400	300	446	52	482	0	407	331	378	184	201	122	327	367	286	258	149	242	150	391	367	263	144	374	137	122	314	419	384	470	441	|
|523	506	371	57	289	451	371	260	389	257	36	376	386	207	447	473	174	273	426	77	407	0	475	234	477	280	363	104	234	422	583	275	313	449	392	91	205	263	38	503	504	97	468	31	108	294	|
|261	118	180	474	436	167	155	402	139	337	474	99	398	369	313	84	302	300	287	521	331	475	0	275	173	462	220	465	268	58	219	390	168	193	142	388	275	333	464	261	286	430	111	473	462	279	|
|424	346	137	214	362	217	237	320	161	267	248	183	403	256	396	250	105	70	367	260	378	234	275	0	348	374	274	274	11	234	444	321	159	335	163	145	124	269	239	409	422	237	239	245	191	76	|
|90	71	314	496	333	330	113	311	277	258	463	186	260	307	152	255	318	400	133	542	184	477	173	348	0	362	121	430	338	150	106	293	190	37	282	406	279	252	454	88	113	403	280	464	502	386	|
|359	423	466	333	30	533	308	61	458	127	245	386	141	118	250	507	270	442	246	356	201	280	462	374	362	0	252	178	365	406	453	73	313	325	463	286	254	130	242	336	324	187	517	250	374	449	|
|163	173	289	387	224	333	68	196	263	139	345	170	180	186	125	282	217	337	95	431	122	363	220	274	121	252	0	310	263	168	225	180	124	88	269	300	177	133	337	144	152	284	299	347	400	330	|
|461	471	400	160	189	478	336	167	408	182	68	370	294	129	371	482	180	330	355	178	327	104	465	274	430	178	310	0	269	408	534	184	297	398	412	142	194	188	66	439	436	38	482	73	206	345	|
|413	336	137	216	353	217	227	311	158	258	246	175	392	247	385	246	97	80	356	262	367	234	268	11	338	365	263	269	0	226	434	312	149	324	160	143	115	259	237	399	411	232	237	243	196	84	|
|240	118	167	424	380	181	101	345	128	280	419	52	349	311	273	115	249	271	246	472	286	422	58	234	150	406	168	408	226	0	223	333	111	160	133	336	219	276	409	235	258	373	136	418	416	252	|
|105	105	389	601	423	386	216	406	349	359	568	269	334	409	214	302	423	490	208	647	258	583	219	444	106	453	225	534	434	223	0	388	289	137	353	511	384	353	559	123	145	508	330	570	606	473	|
|299	352	401	321	47	466	236	19	391	58	244	315	111	74	196	437	221	391	187	352	149	275	390	321	293	73	180	184	312	333	388	0	243	257	396	258	197	60	238	276	267	178	448	248	355	395	|
|265	198	169	320	291	225	78	252	150	186	308	76	287	208	249	196	141	217	219	368	242	313	168	159	190	313	124	297	149	111	289	243	0	176	156	231	109	183	299	251	266	262	205	308	319	207	|
|89	105	316	471	296	341	98	275	282	223	433	187	224	273	121	271	296	391	100	516	150	449	193	335	37	325	88	398	324	160	137	257	176	0	287	382	256	217	424	78	98	372	295	434	480	379	|
|371	248	39	376	443	70	205	403	6	338	400	102	442	351	389	90	232	167	360	422	391	392	142	163	282	463	269	412	160	133	353	396	156	287	0	301	222	336	391	365	386	374	77	398	353	143	|
|462	428	280	90	285	360	296	248	298	222	104	288	362	183	400	382	90	191	376	137	367	91	388	145	406	286	300	142	143	336	511	258	231	382	301	0	127	226	96	443	448	110	376	100	103	209	|
|339	302	217	217	240	291	168	198	218	143	200	177	280	136	288	288	40	194	261	264	263	205	275	124	279	254	177	194	115	219	384	197	109	256	222	127	0	145	190	321	328	157	289	199	224	198	|
|273	305	342	301	107	406	181	70	331	6	237	256	139	59	185	377	173	339	167	338	144	263	333	269	252	130	133	188	259	276	353	60	183	217	336	226	145	0	230	251	248	170	388	240	328	341	|
|495	487	373	93	251	453	350	223	388	224	9	365	350	173	415	469	164	286	395	114	374	38	464	239	454	242	337	66	237	409	559	238	299	424	391	96	190	230	0	474	474	61	465	11	141	305	|
|22	153	394	530	307	416	174	296	359	258	482	265	212	311	91	343	361	468	90	573	137	503	261	409	88	336	144	439	399	235	123	276	251	78	365	443	321	251	474	0	26	418	367	485	544	456	|
|41	179	414	534	294	438	190	286	380	254	482	285	194	307	74	367	368	483	81	576	122	504	286	422	113	324	152	436	411	258	145	267	266	98	386	448	328	248	474	26	0	416	391	484	550	472	|
|439	441	362	146	193	440	305	164	370	164	67	333	289	113	355	444	142	294	337	174	314	97	430	237	403	187	284	38	232	373	508	178	262	372	374	110	157	170	61	418	416	0	444	71	187	309	|
|369	230	108	452	495	59	231	457	78	390	474	133	479	410	408	28	303	239	381	499	419	468	111	239	280	517	299	482	237	136	330	448	205	295	77	376	289	388	465	367	391	444	0	472	429	214	|
|506	497	380	88	260	460	360	233	395	234	5	374	360	183	425	476	172	289	406	106	384	31	473	245	464	250	347	73	243	418	570	248	308	434	398	100	199	240	11	485	484	71	472	0	137	309	|
|563	517	324	52	378	400	390	344	352	323	142	365	463	282	503	441	184	203	478	78	470	108	462	191	502	374	400	206	196	416	606	355	319	480	353	103	224	328	141	544	550	187	429	137	0	228	|
|468	370	106	262	437	176	283	395	144	340	312	204	472	331	454	232	180	26	425	304	441	294	279	76	386	449	330	345	84	252	473	395	207	379	143	209	198	341	305	456	472	309	214	309	228	0	|

--------------------------------------------------------------------------------
Building model...
	using lazy and cut (CVRPSEP package)
Solving IRP LP...
--------------------------------------------------------------------------------

Gurobi 9.1.0 (linux64) logging started Mon Feb  8 05:45:54 2021

Gurobi Optimizer version 9.1.0 build v9.1.0rc0 (linux64)
Thread count: 32 physical cores, 32 logical processors, using up to 2 threads
Optimize a model with 1150 rows, 6940 columns and 16279 nonzeros
Model fingerprint: 0x78b46cfa
Variable types: 454 continuous, 6486 integer (276 binary)
Coefficient statistics:
  Matrix range     [1e+00, 7e+13]
  Objective range  [1e-02, 6e+02]
  Bounds range     [1e+00, 3e+02]
  RHS range        [1e+00, 5e+03]
Warning: Model contains large matrix coefficient range
         Consider reformulating model or setting NumericFocus parameter
         to avoid numerical issues.
Presolve removed 277 rows and 180 columns
Presolve time: 0.08s
Presolved: 873 rows, 6760 columns, 15193 nonzeros
Variable types: 316 continuous, 6444 integer (6174 binary)

Root relaxation: objective 2.539073e+03, 809 iterations, 0.02 seconds

    Nodes    |    Current Node    |     Objective Bounds      |     Work
 Expl Unexpl |  Obj  Depth IntInf | Incumbent    BestBd   Gap | It/Node Time

     0     0 2539.07262    0  132          - 2539.07262      -     -    0s
     0     0 2993.59107    0  135          - 2993.59107      -     -    0s
     0     0 3542.89937    0  146          - 3542.89937      -     -    0s
     0     0 3545.87130    0  123          - 3545.87130      -     -    0s
     0     0 3590.89401    0  179          - 3590.89401      -     -    0s
     0     0 3600.06142    0  204          - 3600.06142      -     -    0s
     0     0 3608.45691    0  174          - 3608.45691      -     -    0s
     0     0 3608.87126    0  175          - 3608.87126      -     -    0s
     0     0 3719.51872    0  201          - 3719.51872      -     -    1s
     0     0 3719.51872    0   98          - 3719.51872      -     -    1s
     0     0 3719.51872    0  194          - 3719.51872      -     -    1s
     0     0 3719.51872    0  135          - 3719.51872      -     -    1s
     0     0 3748.91015    0  185          - 3748.91015      -     -    1s
     0     0 3795.32519    0  230          - 3795.32519      -     -    1s
     0     0 3799.44140    0  196          - 3799.44140      -     -    1s
     0     0 3804.03589    0  205          - 3804.03589      -     -    2s
     0     0 3804.30469    0  221          - 3804.30469      -     -    2s
     0     0 3829.50809    0  213          - 3829.50809      -     -    2s
     0     0 3830.71335    0  207          - 3830.71335      -     -    2s
     0     0 3846.41869    0  220          - 3846.41869      -     -    2s
     0     0 3848.51295    0  207          - 3848.51295      -     -    2s
     0     2 3849.23673    0  233          - 3849.23673      -     -    3s
    80    83 4075.94087   19  166          - 3886.06341      -   139    5s
   760   660 5364.63000   90  212          - 3890.79369      -  36.5   10s
   799   686 5901.51500  122  408          - 3983.36812      -  34.7   15s
   818   700 6750.40000  155  406          - 3984.27379      -  42.8   20s
   845   719 4371.62437   29  314          - 3988.19109      -  46.7   25s
   862   732 4882.51385   85  318          - 3988.20808      -  52.2   30s
   869   740 4003.91919   51  382          - 4003.91919      -  58.8   35s
   928   782 4320.41178   65   83          - 4005.83027      -  72.5   40s
  1158   928 5627.91000  138    6          - 4007.73587      -  76.1   45s
  1354  1055 4247.42366   61  143          - 4016.40311      -  79.1   50s
H 1369  1013                    6887.2600000 4016.40311  41.7%  79.2   50s
  1453  1061 4473.34030   70  118 6887.26000 4016.40311  41.7%  81.8   55s
  1503  1084 4630.18000   84   30 6887.26000 4016.40311  41.7%  86.0   60s
  1536  1106 4723.92544   94   61 6887.26000 4016.40311  41.7%  91.2   67s
  1577  1139 4883.56111  109   96 6887.26000 4016.40311  41.7%  92.0   70s
  1654  1207 5093.69500  131   24 6887.26000 4016.40311  41.7%  95.9   75s
  1768  1293 5576.62287  188   51 6887.26000 4016.40311  41.7%  95.1   80s
  1870  1365 5984.68067  231   39 6887.26000 4016.40311  41.7%  93.6   85s
  1972  1401 6191.12197  265   32 6887.26000 4016.40311  41.7%  91.0   91s
  2015  1481 6215.21338  279   17 6887.26000 4016.40311  41.7%  90.2   95s
  2150  1503 4153.43457   55  308 6887.26000 4039.17746  41.4%  88.6  100s
  2259  1604 4466.10389   61  237 6887.26000 4039.17746  41.4%  88.1  105s
  2367  1592 4327.66021   64  109 6887.26000 4039.17746  41.4%  90.1  110s
  2400  1635 4595.60844   70  266 6887.26000 4039.17746  41.4%  95.4  118s
  2487  1640 4547.01177   71  235 6887.26000 4039.17746  41.4%  95.1  120s
  2562  1693 4781.73167   98   21 6887.26000 4039.17746  41.4%  98.9  126s
  2610  1753 4874.76054  114   22 6887.26000 4039.17746  41.4%   102  130s
  2759  2038 5239.80362  148   52 6887.26000 4039.17746  41.4%   102  137s
  3028  2010 6010.66013  226   59 6887.26000 4060.01243  41.1%  94.8  141s
  3104  2033 4289.03474   58  374 6887.26000 4060.78200  41.0%  97.0  146s
  3137  2080 4425.08334   64  220 6887.26000 4060.78200  41.0%   100  151s
  3197  2146 4913.97223   73  217 6887.26000 4060.78200  41.0%   102  157s
  3236  2282 5069.70398   76  164 6887.26000 4060.78200  41.0%   102  161s
  3370  2391 5544.09406   93   97 6887.26000 4060.78200  41.0%   101  166s
  3522  2444 6263.40500  114   58 6887.26000 4069.35518  40.9%  98.9  170s
  3596  2457     cutoff  143      6887.26000 4072.39252  40.9%  97.9  176s
  3639  2596 4359.10997   73  237 6887.26000 4072.39252  40.9%   101  182s
  3752  2820 5053.55240  162   10 6887.26000 4072.58719  40.9%   100  187s
  3998  2916 6592.76000  206   16 6887.26000 4072.60470  40.9%  95.1  192s
  4117  2945     cutoff  220      6887.26000 4077.11828  40.8%  94.2  196s
  4158  2977 4454.94499   64  329 6887.26000 4077.11828  40.8%  95.7  201s
  4186  3056 4645.95284   72  277 6887.26000 4077.11828  40.8%  96.5  210s
  4265  3178 4761.69936   78  250 6887.26000 4077.11828  40.8%  96.4  215s
  4399  3205 4955.21675   96  134 6887.26000 4077.11828  40.8%  95.7  220s
  4426  3335 5061.90979  109  109 6887.26000 4077.11828  40.8%  96.5  225s
  4556  3457 5675.44000  207    4 6887.26000 4078.83498  40.8%  96.1  231s
  4745  3548 infeasible  283      6887.26000 4081.54614  40.7%  94.4  237s
  4837  3573 4365.51611   63  372 6887.26000 4081.66961  40.7%  95.1  242s
  4865  3652 4837.52225   78  197 6887.26000 4081.66961  40.7%  96.7  248s
  4944  3723 5830.40972  138   31 6887.26000 4098.41182  40.5%  97.3  253s
  5035  3823     cutoff  175      6887.26000 4105.90004  40.4%  97.8  259s
  5144  3970 4701.12000   65   22 6887.26000 4106.30996  40.4%  98.2  265s
  5301  4049 6720.17714  175    4 6887.26000 4106.71611  40.4%  97.8  272s
  5396  4111     cutoff  210      6887.26000 4106.76381  40.4%  97.7  278s
  5477  4201 4493.03603   62  156 6887.26000 4107.94150  40.4%  98.5  285s
  5564  4536 4707.01665  119   50 6887.26000 4107.94150  40.4%   100  294s
  5704  4536 5319.38829  192    4 6887.26000 4107.94150  40.4%  98.5  295s
  5917  4752 5644.55648  220   40 6887.26000 4110.15907  40.3%  96.8  303s
  6178  4841     cutoff  284      6887.26000 4111.31866  40.3%  95.1  311s
  6293  4858     cutoff  285      6887.26000 4112.78741  40.3%  96.0  317s
* 6310  4474             223    6541.5100000 4114.38811  37.1%  96.8  317s
* 6311  4371             223    6460.5100000 4114.38811  36.3%  96.8  317s
  6318  4405     cutoff  284      6460.51000 4114.77531  36.3%  97.8  323s
  6359  4462 5241.19527   85  116 6460.51000 4117.55235  36.3%   100  330s
  6428  4474     cutoff  132      6460.51000 4117.71329  36.3%   101  335s
  6443  4521 4225.77269   59  444 6460.51000 4117.71329  36.3%   102  348s
  6502  4631 4649.66221   69  302 6460.51000 4117.71329  36.3%   104  354s
  6572  4631 5038.85023   98  101 6460.51000 4117.71329  36.3%   104  355s
  6621  4676 6190.51339  139   27 6460.51000 4125.94829  36.1%   105  361s
  6693  4719 4417.88096   62  270 6460.51000 4125.94829  36.1%   105  368s
  6736  4808 4974.01125   86  130 6460.51000 4132.46711  36.0%   107  375s
  6841  4872     cutoff  153      6460.51000 4134.88695  36.0%   107  404s
  6856  4872 4709.46875   85   67 6460.51000 4134.88695  36.0%   108  405s
  6906  5008 4546.19730   68  329 6460.51000 4134.88695  36.0%   108  418s
  7085  5072 5796.36862  146   22 6460.51000 4139.18397  35.9%   107  425s
  7150  5248 4483.00190   73  223 6460.51000 4142.54653  35.9%   108  433s
* 7290  5187             212    6429.6200000 4142.54653  35.6%   107  434s
  7342  5266 4461.16471   57  280 6429.62000 4142.54653  35.6%   107  444s
  7444  5422 5377.24959   88  134 6429.62000 4144.41603  35.5%   109  455s
  7638  5506     cutoff  129      6429.62000 4146.14533  35.5%   109  467s
  7729  5771 4765.75500   70   37 6429.62000 4146.14533  35.5%   112  481s
  8058  5819 5774.05034  207   53 6429.62000 4147.94810  35.5%   110  492s
  8133  5858 infeasible  214      6429.62000 4149.76930  35.5%   112  501s
  8173  5966 5228.06880   79  247 6429.62000 4149.91715  35.5%   115  530s
  8302  6147 5003.55951   75  173 6429.62000 4149.98164  35.5%   116  542s
  8519  6446 6354.01000  180    - 6429.62000 4150.09505  35.5%   117  558s
  8908  6518 infeasible  180      6429.62000 4154.68252  35.4%   114  571s
  8959  6733 4721.27565   73   94 6429.62000 4155.18012  35.4%   116  587s
  9245  6889 infeasible  174      6429.62000 4155.32229  35.4%   115  600s
  9388  7015 5147.47992   82  116 6429.62000 4156.41883  35.4%   115  611s
  9542  7108     cutoff  135      6429.62000 4157.08414  35.3%   115  624s
  9643  7275 4807.15153   75  283 6429.62000 4161.10557  35.3%   116  638s
  9844  7343 6010.88927  174    8 6429.62000 4162.85640  35.3%   116  651s
  9944  7601 4653.31221   79  255 6429.62000 4162.93874  35.3%   117  677s
 10253  7759 6417.37973  215    7 6429.62000 4162.93874  35.3%   116  693s
 10466  7826 4511.57683   64  375 6429.62000 4162.93874  35.3%   116  704s
 10503  7996 4896.35028   83   59 6429.62000 4164.01998  35.2%   117  717s
 10748  8190 6095.96125  152   40 6429.62000 4166.67087  35.2%   117  731s
 10988  8250 6174.26000  160    - 6429.62000 4172.60655  35.1%   116  742s
 11035  8354     cutoff  160      6429.62000 4176.48094  35.0%   117  755s
 11166  8440 4840.74973   80  189 6429.62000 4176.98143  35.0%   118  767s
 11271  8550 6126.06000  132    8 6429.62000 4178.29827  35.0%   119  781s
