




arguments: ./build/bc_mirp -f ./input/orig_exec_10.cfg
Current dir: /scratch/gui/bc_mirp
File verbosity level: 9
date       time         ( uptime  ) [ thread name/id ]                   file:line     v| 
2021-02-06 11:48:36.607 (   0.056s) [main thread     ]             loguru.cpp:789   INFO| Logging to './output/vi_vc+lex_full/OU/V2/Original/execution_06_02_2021_11_48_36.log', mode: 'a', verbosity: 9
--------------------------------------------------------------------------------
Parameters
                           instance_path           ./input/Instances/Original/1/
                            model_policy                                       1
                             nb_vehicles                                       2
                              output_dir ./output/vi_vc+lex_full/OU/V2/Original/
                            sec_strategy                                       1
                       solver_nb_threads                                       2
                         solver_show_log                                    true
                       solver_time_limit                                    3600
                              use_vi_cos                                   false
                              use_vi_cus                                   false
                         use_vi_hc1_full                                   false
                         use_vi_hc1_half                                   false
                      use_vi_hc1_quarter                                   false
                              use_vi_hc2                                   false
                              use_vi_hc3                                   false
                         use_vi_lex_full                                    true
                         use_vi_lex_half                                   false
                      use_vi_lex_quarter                                   false
                              use_vi_qua                                   false
                               use_vi_vc                                    true
                               use_vi_vr                                   false
--------------------------------------------------------------------------------
executing instance: ./input/Instances/Original/1/absH3high_1n5.dat
--------------------------------------------------------------------------------
Instance details
n	6
H	3
C	289
Li:
[0, 0, 0, 0, 0, 0, ]
Ui:
[0, 195, 105, 116, 72, 22, ]
Distance matrix:
|0	85	349	17	203	289	|
|85	0	265	102	214	226	|
|349	265	0	366	368	238	|
|17	102	366	0	207	302	|
|203	214	368	207	0	431	|
|289	226	238	302	431	0	|

--------------------------------------------------------------------------------
Building model...
	using lazy and cut (CVRPSEP package)
Solving IRP LP...
--------------------------------------------------------------------------------

Gurobi 9.1.0 (linux64) logging started Sat Feb  6 11:48:36 2021

Gurobi Optimizer version 9.1.0 build v9.1.0rc0 (linux64)
Thread count: 32 physical cores, 32 logical processors, using up to 2 threads
Optimize a model with 150 rows, 180 columns and 639 nonzeros
Model fingerprint: 0xfcbb7ccc
Variable types: 54 continuous, 126 integer (36 binary)
Coefficient statistics:
  Matrix range     [1e+00, 2e+02]
  Objective range  [2e-01, 4e+02]
  Bounds range     [1e+00, 2e+02]
  RHS range        [1e+00, 5e+02]
Presolve removed 55 rows and 44 columns
Presolve time: 0.01s
Presolved: 95 rows, 136 columns, 455 nonzeros
Variable types: 28 continuous, 108 integer (81 binary)
Found heuristic solution: objective 3284.0200000

Root relaxation: objective 1.717169e+03, 89 iterations, 0.00 seconds

    Nodes    |    Current Node    |     Objective Bounds      |     Work
 Expl Unexpl |  Obj  Depth IntInf | Incumbent    BestBd   Gap | It/Node Time

     0     0 1717.16900    0   20 3284.02000 1717.16900  47.7%     -    0s
H    0     0                    2935.9700000 1717.16900  41.5%     -    0s
     0     0 1856.16324    0   23 2935.97000 1856.16324  36.8%     -    0s
H    0     0                    2900.2300000 1856.16324  36.0%     -    0s
     0     0 1920.56585    0   21 2900.23000 1920.56585  33.8%     -    0s
     0     0 1920.65884    0   22 2900.23000 1920.65884  33.8%     -    0s
     0     0 2076.64090    0   24 2900.23000 2076.64090  28.4%     -    0s
H    0     0                    2463.2500000 2076.64090  15.7%     -    0s
     0     0 2145.96211    0   21 2463.25000 2145.96211  12.9%     -    0s
     0     0 2164.36434    0   25 2463.25000 2164.36434  12.1%     -    0s
     0     0 2209.64456    0   32 2463.25000 2209.64456  10.3%     -    0s
     0     0 2239.01394    0   40 2463.25000 2239.01394  9.10%     -    0s
     0     0 2243.45983    0   24 2463.25000 2243.45983  8.92%     -    0s
     0     0 2248.41163    0   30 2463.25000 2248.41163  8.72%     -    0s
     0     0 2249.74857    0   30 2463.25000 2249.74857  8.67%     -    0s
     0     0 2249.77456    0   30 2463.25000 2249.77456  8.67%     -    0s
     0     0 2251.17050    0   30 2463.25000 2251.17050  8.61%     -    0s
     0     0 2251.17050    0   30 2463.25000 2251.17050  8.61%     -    0s
H    0     0                    2266.6100000 2251.17050  0.68%     -    0s

Explored 1 nodes (315 simplex iterations) in 0.11 seconds
Thread count was 2 (of 32 available processors)

Solution count 5: 2266.61 2463.25 2900.23 ... 3284.02

Optimal solution found (tolerance 1.00e-04)
Best objective 2.266610000000e+03, best bound 2.266610000000e+03, gap 0.0000%

User-callback calls 180, time in user-callback 0.00 sec
================================================================================
executing instance: ./input/Instances/Original/1/absH3high_1n45.dat
--------------------------------------------------------------------------------
Instance details
n	46
H	3
C	3462
Li:
[0, 0, 0, 0, 0, 0, 0, 0, 0, 0, 0, 0, 0, 0, 0, 0, 0, 0, 0, 0, 0, 0, 0, 0, 0, 0, 0, 0, 0, 0, 0, 0, 0, 0, 0, 0, 0, 0, 0, 0, 0, 0, 0, 0, 0, 0, ]
Ui:
[0, 273, 270, 36, 165, 192, 148, 45, 30, 75, 180, 198, 112, 117, 90, 64, 180, 22, 264, 174, 168, 270, 86, 66, 26, 66, 237, 156, 92, 108, 144, 72, 30, 45, 94, 54, 174, 96, 198, 136, 44, 180, 210, 249, 198, 48, ]
Distance matrix:
|0	281	201	160	249	201	93	431	236	139	252	136	116	166	390	110	349	374	303	180	327	464	236	70	44	461	346	439	363	254	312	426	305	206	71	137	169	200	247	260	20	219	256	253	460	278	|
|281	0	448	170	53	142	338	184	121	290	371	390	222	302	111	289	169	434	230	177	238	441	59	212	319	211	86	235	399	306	53	176	99	202	263	157	361	101	370	201	264	344	364	374	469	184	|
|201	448	0	285	430	325	114	556	361	171	191	64	228	174	546	294	453	306	364	289	388	435	393	254	157	585	491	536	318	254	490	554	436	407	266	292	108	388	186	337	207	181	205	190	408	364	|
|160	170	285	0	169	43	182	280	80	120	208	231	58	132	262	230	190	294	151	24	174	345	112	107	183	309	207	280	268	158	219	276	155	235	187	45	192	150	205	107	140	177	202	210	356	119	|
|249	53	430	169	0	152	317	238	145	282	377	369	212	299	157	242	215	452	261	183	273	474	76	181	290	264	140	287	421	320	63	229	145	148	221	142	352	53	374	226	234	346	370	378	498	215	|
|201	142	325	43	152	0	224	237	37	156	230	273	101	164	224	261	148	300	127	38	147	333	83	142	225	266	167	238	270	168	193	233	112	246	221	70	228	148	228	84	180	202	222	232	351	87	|
|93	338	114	182	317	224	0	460	262	92	180	52	124	112	440	199	364	307	292	191	317	415	284	140	57	490	387	452	304	208	377	457	336	297	163	181	84	274	175	256	95	152	188	180	402	280	|
|431	184	556	280	238	237	460	0	199	385	420	508	337	385	108	464	110	429	219	269	206	378	202	365	460	30	98	84	388	340	204	9	126	386	432	294	453	283	421	226	411	404	408	423	422	198	|
|236	121	361	80	145	37	262	199	0	191	255	310	138	197	191	290	114	312	118	72	133	330	69	175	262	229	132	204	279	186	174	195	75	258	251	102	262	153	254	81	216	230	246	257	353	72	|
|139	290	171	120	282	156	92	385	191	0	116	129	71	27	380	246	283	235	201	119	226	329	231	141	129	414	323	367	224	119	336	383	266	308	202	141	72	252	112	169	127	82	118	117	322	195	|
|252	371	191	208	377	230	180	420	255	116	0	187	178	90	443	361	311	127	204	195	224	246	313	257	232	446	382	380	129	81	423	421	320	422	318	242	100	355	5	195	241	34	15	2	225	224	|
|136	390	64	231	369	273	52	508	310	129	187	0	173	141	491	233	409	313	330	239	355	431	335	191	93	538	438	495	316	233	429	505	385	342	203	233	88	325	182	297	143	167	199	187	412	323	|
|116	222	228	58	212	101	124	337	138	71	178	173	0	91	319	206	244	284	187	69	212	357	165	85	130	367	265	333	264	151	267	333	213	244	161	70	140	181	175	145	97	145	177	180	359	165	|
|166	302	174	132	299	164	112	385	197	27	90	141	91	0	388	273	280	208	191	127	215	305	243	167	153	413	329	361	198	96	351	383	270	333	229	159	68	272	86	163	153	56	92	91	296	190	|
|390	111	546	262	157	224	440	108	191	380	443	491	319	388	0	399	164	480	264	261	261	456	156	320	426	125	62	186	442	369	107	99	125	300	374	260	452	210	443	252	372	420	433	446	494	227	|
|110	289	294	230	242	261	199	464	290	246	361	233	206	273	399	0	402	480	382	254	404	562	262	124	143	493	369	490	466	355	302	457	344	135	45	191	279	189	356	337	120	328	364	362	563	348	|
|349	169	453	190	215	148	364	110	114	283	311	409	244	280	164	402	0	324	110	174	101	292	151	289	372	135	109	90	284	230	212	111	70	354	364	216	348	245	312	118	329	295	298	313	330	90	|
|374	434	306	294	452	300	307	429	312	235	127	313	284	208	480	480	324	0	216	274	223	137	380	368	357	448	419	367	40	136	487	432	358	525	436	336	227	443	132	234	361	156	119	127	102	255	|
|303	230	364	151	261	127	292	219	118	201	204	330	187	191	264	382	110	216	0	128	25	213	185	258	314	243	203	176	178	123	282	221	144	372	338	193	256	270	206	45	283	193	191	206	239	46	|
|180	177	289	24	183	38	191	269	72	119	195	239	69	127	261	254	174	274	128	0	151	321	118	130	198	299	204	263	246	139	228	266	147	258	211	68	191	169	193	83	159	166	188	197	333	98	|
|327	238	388	174	273	147	317	206	133	226	224	355	212	215	261	404	101	223	25	151	0	203	198	281	339	228	202	156	184	143	288	209	146	390	362	215	280	286	226	68	308	215	210	226	235	61	|
|464	441	435	345	474	333	415	378	330	329	246	431	357	305	456	562	292	137	213	321	203	0	398	440	458	390	400	301	117	211	492	384	348	578	517	389	344	480	251	251	448	265	233	246	54	259	|
|236	59	393	112	76	83	284	202	69	231	313	335	165	243	156	262	151	380	185	118	198	398	0	167	270	231	110	233	347	250	110	195	85	203	230	103	303	95	311	150	217	284	305	315	422	139	|
|70	212	254	107	181	142	140	365	175	141	257	191	85	167	320	124	289	368	258	130	281	440	167	0	109	394	277	378	349	236	244	359	239	167	81	73	196	135	253	213	53	223	257	258	444	226	|
|44	319	157	183	290	225	57	460	262	129	232	93	130	153	426	143	372	357	314	198	339	458	270	109	0	490	379	462	351	247	353	456	334	250	110	168	140	243	226	274	56	201	238	232	449	294	|
|461	211	585	309	264	266	490	30	229	414	446	538	367	413	125	493	135	448	243	299	228	390	231	394	490	0	125	89	408	365	226	36	156	412	462	324	481	311	447	253	441	430	433	448	436	225	|
|346	86	491	207	140	167	387	98	132	323	382	438	265	329	62	369	109	419	203	204	202	400	110	277	379	125	0	155	381	307	113	90	63	288	339	211	394	186	382	190	327	359	371	384	436	165	|
|439	235	536	280	287	238	452	84	204	367	380	495	333	361	186	490	90	367	176	263	156	301	233	378	462	89	155	0	326	299	267	92	148	432	454	306	429	325	382	199	419	369	366	382	348	172	|
|363	399	318	268	421	270	304	388	279	224	129	316	264	198	442	466	284	40	178	246	184	117	347	349	351	408	381	326	0	113	452	391	321	502	422	311	229	415	134	199	348	152	118	130	98	219	|
|254	306	254	158	320	168	208	340	186	119	81	233	151	96	369	355	230	136	123	139	143	211	250	236	247	365	307	299	113	0	359	340	244	390	310	200	148	308	83	117	238	74	68	83	208	145	|
|312	53	490	219	63	193	377	204	174	336	423	429	267	351	107	302	212	487	282	228	288	492	110	244	353	226	113	267	452	359	0	195	145	194	283	199	407	115	421	254	296	394	415	425	521	237	|
|426	176	554	276	229	233	457	9	195	383	421	505	333	383	99	457	111	432	221	266	209	384	195	359	456	36	90	92	391	340	195	0	122	378	426	289	451	275	421	226	406	404	408	423	427	197	|
|305	99	436	155	145	112	336	126	75	266	320	385	213	270	125	344	70	358	144	147	146	348	85	239	334	156	63	148	321	244	145	122	0	286	310	168	336	177	320	128	285	298	309	322	381	103	|
|206	202	407	235	148	246	297	386	258	308	422	342	244	333	300	135	354	525	372	258	390	578	203	167	250	412	288	432	502	390	194	378	286	0	144	191	362	109	418	329	202	388	421	423	591	329	|
|71	263	266	187	221	221	163	432	251	202	318	203	161	229	374	45	364	436	338	211	362	517	230	81	110	462	339	454	422	310	283	426	310	144	0	150	239	168	313	294	77	285	321	319	518	306	|
|137	157	292	45	142	70	181	294	102	141	242	233	70	159	260	191	216	336	193	68	215	389	103	73	168	324	211	306	311	200	199	289	168	191	150	0	210	113	239	148	117	210	238	244	400	157	|
|169	361	108	192	352	228	84	453	262	72	100	88	140	68	452	279	348	227	256	191	280	344	303	196	140	481	394	429	229	148	407	451	336	362	239	210	0	318	95	231	164	79	111	100	325	258	|
|200	101	388	150	53	148	274	283	153	252	355	325	181	272	210	189	245	443	270	169	286	480	95	135	243	311	186	325	415	308	115	275	177	109	168	113	318	0	352	230	187	323	351	357	498	225	|
|247	370	186	205	374	228	175	421	254	112	5	182	175	86	443	356	312	132	206	193	226	251	311	253	226	447	382	382	134	83	421	421	320	418	313	239	95	352	0	196	237	30	19	6	230	224	|
|260	201	337	107	226	84	256	226	81	169	195	297	145	163	252	337	118	234	45	83	68	251	150	213	274	253	190	199	199	117	254	226	128	329	294	148	231	230	196	0	240	178	184	198	272	29	|
|20	264	207	140	234	180	95	411	216	127	241	143	97	153	372	120	329	361	283	159	308	448	217	53	56	441	327	419	348	238	296	406	285	202	77	117	164	187	237	240	0	208	245	242	446	257	|
|219	344	181	177	346	202	152	404	230	82	34	167	145	56	420	328	295	156	193	166	215	265	284	223	201	430	359	369	152	74	394	404	298	388	285	210	79	323	30	178	208	0	37	35	250	206	|
|256	364	205	202	370	222	188	408	246	118	15	199	177	92	433	364	298	119	191	188	210	233	305	257	238	433	371	366	118	68	415	408	309	421	321	238	111	351	19	184	245	37	0	17	214	212	|
|253	374	190	210	378	232	180	423	257	117	2	187	180	91	446	362	313	127	206	197	226	246	315	258	232	448	384	382	130	83	425	423	322	423	319	244	100	357	6	198	242	35	17	0	225	226	|
|460	469	408	356	498	351	402	422	353	322	225	412	359	296	494	563	330	102	239	333	235	54	422	444	449	436	436	348	98	208	521	427	381	591	518	400	325	498	230	272	446	250	214	225	0	285	|
|278	184	364	119	215	87	280	198	72	195	224	323	165	190	227	348	90	255	46	98	61	259	139	226	294	225	165	172	219	145	237	197	103	329	306	157	258	225	224	29	257	206	212	226	285	0	|

--------------------------------------------------------------------------------
Building model...
	using lazy and cut (CVRPSEP package)
Solving IRP LP...
--------------------------------------------------------------------------------

Gurobi 9.1.0 (linux64) logging started Sat Feb  6 11:48:36 2021

Gurobi Optimizer version 9.1.0 build v9.1.0rc0 (linux64)
Thread count: 32 physical cores, 32 logical processors, using up to 2 threads
Optimize a model with 1150 rows, 6940 columns and 16279 nonzeros
Model fingerprint: 0x7bbc5378
Variable types: 454 continuous, 6486 integer (276 binary)
Coefficient statistics:
  Matrix range     [1e+00, 7e+13]
  Objective range  [1e-01, 6e+02]
  Bounds range     [1e+00, 3e+02]
  RHS range        [1e+00, 6e+03]
Warning: Model contains large matrix coefficient range
         Consider reformulating model or setting NumericFocus parameter
         to avoid numerical issues.
Presolve removed 277 rows and 180 columns
Presolve time: 0.08s
Presolved: 873 rows, 6760 columns, 15193 nonzeros
Variable types: 316 continuous, 6444 integer (6174 binary)

Root relaxation: objective 1.302212e+04, 634 iterations, 0.01 seconds

    Nodes    |    Current Node    |     Objective Bounds      |     Work
 Expl Unexpl |  Obj  Depth IntInf | Incumbent    BestBd   Gap | It/Node Time

     0     0 13022.1222    0  114          - 13022.1222      -     -    0s
     0     0 13427.3569    0  108          - 13427.3569      -     -    0s
     0     0 13437.0018    0  118          - 13437.0018      -     -    0s
     0     0 13437.0018    0  123          - 13437.0018      -     -    0s
     0     0 13952.1212    0  165          - 13952.1212      -     -    0s
     0     0 13959.2615    0  139          - 13959.2615      -     -    0s
     0     0 13998.7331    0  168          - 13998.7331      -     -    0s
     0     0 14036.6126    0  202          - 14036.6126      -     -    0s
     0     0 14040.6801    0  194          - 14040.6801      -     -    0s
     0     0 14040.6801    0  193          - 14040.6801      -     -    0s
     0     0 14110.6119    0  223          - 14110.6119      -     -    1s
     0     0 14192.3105    0  231          - 14192.3105      -     -    1s
     0     0 14222.8113    0  264          - 14222.8113      -     -    1s
     0     0 14227.8090    0  251          - 14227.8090      -     -    1s
     0     0 14230.5795    0  234          - 14230.5795      -     -    1s
     0     0 14230.7503    0  204          - 14230.7503      -     -    1s
     0     0 14269.1060    0  239          - 14269.1060      -     -    1s
     0     0 14273.8678    0  244          - 14273.8678      -     -    1s
     0     0 14274.2723    0  227          - 14274.2723      -     -    1s
     0     0 14292.1035    0  193          - 14292.1035      -     -    1s
     0     0 14292.1035    0   98          - 14292.1035      -     -    2s
     0     0 14292.1035    0  167          - 14292.1035      -     -    2s
     0     0 14292.1035    0  157          - 14292.1035      -     -    2s
     0     0 14292.1035    0  249          - 14292.1035      -     -    2s
     0     0 14292.1035    0  254          - 14292.1035      -     -    2s
     0     0 14293.2888    0  211          - 14293.2888      -     -    2s
     0     0 14296.9275    0  251          - 14296.9275      -     -    2s
     0     0 14299.3280    0  197          - 14299.3280      -     -    2s
     0     0 14299.7302    0  196          - 14299.7302      -     -    2s
     0     0 14301.1734    0  206          - 14301.1734      -     -    3s
     0     0 14301.6341    0  246          - 14301.6341      -     -    3s
     0     0 14303.5483    0  183          - 14303.5483      -     -    3s
     0     0 14304.2231    0  175          - 14304.2231      -     -    3s
     0     0 14313.2480    0  281          - 14313.2480      -     -    3s
     0     0 14313.2480    0  281          - 14313.2480      -     -    3s
     0     2 14320.8243    0  277          - 14320.8243      -     -    3s
    39    42 14573.7012   11  132          - 14369.0287      -   180    5s
   441   447 15290.8620   93   81          - 14369.0287      -  78.1   10s
*  465   447             200    16789.510000 14369.0287  14.4%  75.7   10s
*  466   447             200    16546.210000 14369.0287  13.2%  75.5   10s
*  469   447             200    16538.210000 14369.0287  13.1%  75.1   10s
   698   608 14588.4865    7  251 16538.2100 14376.3257  13.1%  73.6   15s
H  723   599                    16468.210000 14376.3257  12.7%  74.3   16s
   725   600 15784.4285  129  178 16468.2100 14376.3257  12.7%  74.1   20s
   756   621 14849.8490   67  324 16468.2100 14420.4896  12.4%  71.1   25s
   773   632 15296.4311   92  416 16468.2100 14429.0868  12.4%  69.5   30s
   786   644 14550.5308   18  217 16468.2100 14467.8080  12.1%  82.1   35s
   879   713 14950.4353   49  105 16468.2100 14467.8080  12.1%  94.6   40s
   985   786 15081.5368   86  116 16468.2100 14467.8080  12.1%   100   46s
  1076   847 15267.5237  115   73 16468.2100 14467.8080  12.1%   104   50s
  1270   960 16214.6956  193   32 16468.2100 14468.0329  12.1%   101   55s
H 1365   608                    14958.560000 14468.0329  3.28%   105   58s
  1421   575 14584.1633   24  315 14958.5600 14468.0329  3.28%   105   60s
  1466   611 14653.1764   32  269 14958.5600 14468.0329  3.28%   114   65s
  1564   654 14513.7290   19  406 14958.5600 14490.1676  3.13%   120   70s
H 1600   614                    14922.560000 14490.1676  2.90%   129   75s
H 1604   535                    14874.220000 14490.1676  2.58%   130   75s
  1637   570 14766.2899   35  210 14874.2200 14490.1676  2.58%   136   80s
  1712   587 14745.2479   23  178 14874.2200 14509.3264  2.45%   143   86s
  1764   594 14794.7108   24  149 14874.2200 14513.6994  2.42%   147   90s
  1824   615 14672.6949   25  203 14874.2200 14513.7606  2.42%   152   95s
  1896   623 14662.8168   22  286 14874.2200 14520.5008  2.38%   157  101s
  1935   629 14630.5996   22  402 14874.2200 14525.8090  2.34%   162  105s
  1952   643 14813.3063   30  257 14874.2200 14525.8177  2.34%   164  110s
  2000   649 14789.1350   36  265 14874.2200 14531.0802  2.31%   169  117s
  2045   664 14696.0597   33  301 14874.2200 14534.4385  2.28%   174  121s
  2091   693 14656.6087   31  270 14874.2200 14534.6367  2.28%   177  126s
  2139   696 14642.9892   26  220 14874.2200 14537.9515  2.26%   182  131s
  2181   735 14655.8613   33  357 14874.2200 14537.9515  2.26%   187  136s
  2281   749 14574.4282   26  370 14874.2200 14543.9252  2.22%   189  142s
  2302   765 14674.0517   34  315 14874.2200 14544.5765  2.22%   191  145s
  2380   788 14849.5344   34  155 14874.2200 14550.7815  2.17%   195  151s
  2423   806 14823.4363   39   50 14874.2200 14552.6315  2.16%   194  155s
  2528   870 14811.5040   26  218 14874.2200 14558.2944  2.12%   193  161s
  2589   883 14784.0108   35  308 14874.2200 14559.7715  2.11%   193  165s
  2676   949 14810.6067   29  180 14874.2200 14564.7597  2.08%   193  173s
  2724   958 14848.9440   35  182 14874.2200 14566.2750  2.07%   195  177s
  2761   981 14704.1403   28  340 14874.2200 14568.7849  2.05%   197  181s
  2805  1017 14675.9816   30  335 14874.2200 14569.5807  2.05%   199  186s
  2859  1046 14720.9063   24  330 14874.2200 14570.9164  2.04%   200  191s
  2923  1072 14763.3000   23  184 14874.2200 14572.3873  2.03%   201  197s
  2973  1100 14718.5991   29  301 14874.2200 14573.1303  2.02%   203  202s
  3020  1127     cutoff   36      14874.2200 14573.5981  2.02%   206  207s
  3079  1170 14793.7079   25  127 14874.2200 14574.9109  2.01%   207  212s
  3156  1214 14775.1142   40  181 14874.2200 14575.5017  2.01%   209  218s
  3236  1266 14649.9389   23  196 14874.2200 14576.4969  2.00%   209  224s
  3277  1266 14815.4345   44  167 14874.2200 14578.3081  1.99%   209  225s
  3320  1311 14693.1485   32  162 14874.2200 14579.4137  1.98%   209  231s
  3397  1352 14624.9400   27  354 14874.2200 14580.0033  1.98%   209  237s
  3466  1404 14789.9252   32  166 14874.2200 14580.8390  1.97%   210  244s
  3565  1439 14844.2092   35  132 14874.2200 14582.6641  1.96%   209  251s
  3662  1487 14666.2925   22  208 14874.2200 14584.1500  1.95%   209  258s
  3764  1538 14670.8826   27  351 14874.2200 14586.2358  1.94%   209  264s
  3815  1538 14762.0310   30  293 14874.2200 14587.2526  1.93%   209  265s
  3862  1590 14737.6553   31  238 14874.2200 14589.1120  1.92%   209  273s
  3951  1637 14857.6270   41  267 14874.2200 14589.5430  1.91%   211  281s
  4068  1725 14780.7508   31  244 14874.2200 14591.8783  1.90%   213  290s
  4230  1778 14829.9671   32  142 14874.2200 14593.6691  1.89%   212  299s
  4333  1839 14762.8674   36   96 14874.2200 14595.4161  1.87%   214  307s
  4459  1895 14828.7626   42  144 14874.2200 14596.8064  1.87%   213  317s
  4561  1952 14871.9849   47  113 14874.2200 14598.0286  1.86%   213  326s
  4689  2042 14680.8006   32  292 14874.2200 14600.8359  1.84%   214  337s
  4843  2132 14724.7053   26  100 14874.2200 14603.3348  1.82%   215  348s
  4992  2176 14829.1018   36  291 14874.2200 14604.9743  1.81%   217  358s
  5104  2235 14722.3594   28  214 14874.2200 14605.8170  1.80%   220  369s
  5258  2339 14829.7909   31  110 14874.2200 14607.3314  1.79%   220  380s
  5430  2364 14763.0891   31  303 14874.2200 14609.5518  1.78%   221  392s
H 5488  2244                    14843.980000 14609.5518  1.58%   222  393s
  5505  2306 14810.7266   35  200 14843.9800 14610.4753  1.57%   223  405s
  5655  2359     cutoff   33      14843.9800 14610.9855  1.57%   223  418s
  5810  2421 14716.0270   28  199 14843.9800 14612.4593  1.56%   224  430s
  5963  2490 14716.1147   20  257 14843.9800 14614.1574  1.55%   225  443s
  6164  2560 14700.4609   26  346 14843.9800 14616.5003  1.53%   225  457s
  6368  2629     cutoff   31      14843.9800 14617.0382  1.53%   225  470s
  6552  2702 14760.9455   29  248 14843.9800 14618.3503  1.52%   225  484s
  6733  2762 14805.5856   33  235 14843.9800 14620.3428  1.51%   228  497s
  6924  2829 14666.4306   26  283 14843.9800 14622.4296  1.49%   228  510s
  7097  2894 14791.6383   32  238 14843.9800 14624.8313  1.48%   230  522s
  7276  2973 14708.0219   32  367 14843.9800 14626.7575  1.46%   231  536s
  7497  3068 14699.1810   32  222 14843.9800 14628.7729  1.45%   231  551s
  7719  3125     cutoff   38      14843.9800 14630.4105  1.44%   231  566s
  7934  3230 14712.4905   23  293 14843.9800 14632.5325  1.42%   231  581s
  8163  3318 14823.3719   37  189 14843.9800 14633.8132  1.42%   231  596s
  8386  3416 14731.4880   35  339 14843.9800 14636.5609  1.40%   230  610s
  8644  3499 14795.5296   33  188 14843.9800 14638.5483  1.38%   229  624s
  8859  3580 14686.9315   30  258 14843.9800 14640.0548  1.37%   228  640s
  9084  3689 14763.9952   36  266 14843.9800 14641.2486  1.37%   228  656s
  9350  3808 14765.8400   30  137 14843.9800 14642.7812  1.36%   227  671s
  9608  3878 14789.6344   27  153 14843.9800 14643.5719  1.35%   226  686s
  9838  3953 14708.1323   27  411 14843.9800 14644.7738  1.34%   225  701s
 10031  4051     cutoff   36      14843.9800 14645.4224  1.34%   225  715s
 10275  4120 14819.5107   40  227 14843.9800 14647.1360  1.33%   224  730s
 10493  4178 14751.9576   32  265 14843.9800 14648.1921  1.32%   224  744s
 10714  4262 14777.7024   36  213 14843.9800 14649.3063  1.31%   224  759s
 10960  4315 14763.7217   27  307 14843.9800 14650.2087  1.31%   223  773s
 11171  4410 14820.5958   36  289 14843.9800 14650.7733  1.30%   223  787s
 11413  4498 14732.9466   33  193 14843.9800 14652.1219  1.29%   222  802s
 11670  4556 14743.3166   32  212 14843.9800 14653.4114  1.28%   221  816s
 11881  4629 14784.3848   39  225 14843.9800 14654.0357  1.28%   221  831s
 12135  4715     cutoff   41      14843.9800 14655.5994  1.27%   220  845s
 12355  4792 14765.8674   36  256 14843.9800 14656.5359  1.26%   220  860s
 12605  4886     cutoff   28      14843.9800 14657.5271  1.26%   219  874s
 12762  4886 14763.3374   30  362 14843.9800 14658.6924  1.25%   219  875s
 12872  4975 14775.0647   36  315 14843.9800 14658.9061  1.25%   219  889s
 12976  4975 14749.2972   24  207 14843.9800 14660.4954  1.24%   219  890s
 13113  5076 14698.7584   30  286 14843.9800 14660.4999  1.24%   218  904s
 13257  5076 14807.9566   36  226 14843.9800 14660.4999  1.24%   217  905s
 13369  5186 14766.2601   31  210 14843.9800 14661.6597  1.23%   218  919s
 13519  5186 14725.9953   32  263 14843.9800 14662.5273  1.22%   217  920s
 13658  5266 14789.8432   29  265 14843.9800 14662.5273  1.22%   217  935s
 13929  5326     cutoff   32      14843.9800 14663.2627  1.22%   216  950s
 14137  5423 14751.1982   26  263 14843.9800 14664.2997  1.21%   217  964s
 14409  5505 14756.8806   37  293 14843.9800 14665.0784  1.21%   216  979s
 14531  5505 14804.3642   37  273 14843.9800 14665.7496  1.20%   216  980s
 14639  5559     cutoff   38      14843.9800 14665.7773  1.20%   216  993s
 14861  5670 14698.8970   32  226 14843.9800 14666.4484  1.20%   216 1008s
 15131  5725     cutoff   39      14843.9800 14666.9936  1.19%   215 1022s
 15368  5780 14785.5457   35  227 14843.9800 14667.8804  1.19%   215 1037s
 15565  5861 14822.3284   37  214 14843.9800 14668.6349  1.18%   215 1051s
 15817  5948 14717.8070   30  162 14843.9800 14669.9864  1.17%   215 1066s
 16098  6048 14828.1884   34  165 14843.9800 14670.7496  1.17%   215 1081s
 16388  6127     cutoff   34      14843.9800 14671.5528  1.16%   214 1095s
 16611  6206 14810.6790   43  259 14843.9800 14672.4726  1.16%   214 1110s
 16868  6283 14793.6561   26  325 14843.9800 14673.2612  1.15%   214 1125s
 17133  6371     cutoff   27      14843.9800 14673.7693  1.15%   213 1140s
 17424  6474 14751.9009   34  294 14843.9800 14674.8135  1.14%   213 1155s
 17704  6540 14757.7277   34  279 14843.9800 14675.6669  1.13%   213 1170s
 17929  6629     cutoff   33      14843.9800 14676.2344  1.13%   213 1185s
 18210  6674 14830.3101   28  197 14843.9800 14677.0790  1.12%   212 1202s
 18361  6762 14816.2491   42  224 14843.9800 14677.4246  1.12%   212 1216s
 18686  6828 14753.5796   38  194 14843.9800 14678.0462  1.12%   211 1231s
 18910  6908 14715.6997   30  233 14843.9800 14678.9230  1.11%   211 1245s
 19197  7058 14765.6297   34  281 14843.9800 14679.5387  1.11%   211 1261s
 19519  7110 14818.2510   44   82 14843.9800 14680.0813  1.10%   210 1276s
 19791  7215 14819.5249   33  109 14843.9800 14680.9327  1.10%   210 1292s
 20092  7329     cutoff   52      14843.9800 14681.4763  1.09%   209 1308s
 20404  7438 14715.0713   32   87 14843.9800 14681.9532  1.09%   209 1323s
 20670  7499 14841.7390   45  338 14843.9800 14682.4377  1.09%   209 1336s
 20941  7554 14752.8563   31  169 14843.9800 14683.2381  1.08%   208 1350s
 21164  7607 14802.5280   31  261 14843.9800 14684.3374  1.08%   208 1363s
 21389  7656 14780.0752   36  356 14843.9800 14685.0113  1.07%   208 1378s
 21672  7741     cutoff   31      14843.9800 14685.7151  1.07%   208 1392s
 21966  7837 14774.2488   31  175 14843.9800 14686.9140  1.06%   208 1407s
 22276  7888 14761.2589   29  224 14843.9800 14687.6082  1.05%   207 1421s
 22542  7947     cutoff   33      14843.9800 14688.0587  1.05%   207 1436s
 22801  8055 14766.6346   34   94 14843.9800 14689.0162  1.04%   207 1451s
 23131  8116 14777.4006   38  276 14843.9800 14689.3562  1.04%   206 1466s
 23408  8206     cutoff   42      14843.9800 14689.9005  1.04%   206 1481s
 23715  8304     cutoff   37      14843.9800 14690.4986  1.03%   205 1495s
 24029  8381 14803.0867   38  298 14843.9800 14691.0495  1.03%   205 1510s
 24327  8451 14823.0788   37  156 14843.9800 14692.0236  1.02%   205 1524s
 24449  8451     cutoff   37      14843.9800 14692.5886  1.02%   205 1525s
 24602  8523 14716.4109   39  183 14843.9800 14692.5886  1.02%   204 1539s
 24744  8523 14768.7561   34  231 14843.9800 14693.3247  1.01%   204 1540s
 24885  8600 14808.8597   31  130 14843.9800 14693.3364  1.01%   204 1553s
 25145  8655 infeasible   43      14843.9800 14694.1807  1.01%   204 1567s
 25390  8702 14753.9601   30  241 14843.9800 14695.1811  1.00%   204 1582s
 25667  8769 14834.0354   35  121 14843.9800 14695.9660  1.00%   204 1597s
 25971  8814 14744.4742   26  183 14843.9800 14696.2969  0.99%   203 1612s
 26249  8861 14781.2053   33  187 14843.9800 14696.9724  0.99%   203 1627s
 26514  8913 14818.9275   45  179 14843.9800 14697.4452  0.99%   203 1641s
 26808  8941     cutoff   41      14843.9800 14697.9076  0.98%   203 1656s
 27052  9015 14700.8705   28  264 14843.9800 14698.4868  0.98%   203 1672s
 27361  9068     cutoff   34      14843.9800 14699.0264  0.98%   203 1687s
 27639  9140     cutoff   33      14843.9800 14699.4224  0.97%   203 1702s
 27962  9184 14803.6404   31  247 14843.9800 14700.0213  0.97%   203 1717s
 28259  9276     cutoff   28      14843.9800 14700.5570  0.97%   202 1733s
 28619  9349 14751.5540   33  228 14843.9800 14700.9403  0.96%   202 1748s
 28941  9399 14826.9946   33  230 14843.9800 14701.3803  0.96%   201 1763s
 29210  9448     cutoff   29      14843.9800 14701.9985  0.96%   201 1777s
 29461  9521 14810.2812   30  243 14843.9800 14702.5070  0.95%   201 1793s
 29746  9621 14774.9398   28  197 14843.9800 14703.0163  0.95%   201 1808s
 30062  9683 14843.8991   38   78 14843.9800 14703.5841  0.95%   201 1823s
 30327  9759 14756.0419   25  185 14843.9800 14704.0333  0.94%   201 1838s
 30638  9827 14779.4419   31  263 14843.9800 14704.7076  0.94%   201 1854s
 30944  9886     cutoff   38      14843.9800 14705.2664  0.93%   200 1869s
 31268  9975     cutoff   36      14843.9800 14705.9579  0.93%   200 1884s
 31433  9975 14800.7395   28  273 14843.9800 14706.2616  0.93%   200 1885s
 31578 10019 14827.2871   35  270 14843.9800 14706.2934  0.93%   200 1899s
 31857 10078     cutoff   35      14843.9800 14706.8503  0.92%   200 1914s
 32033 10078 14795.5477   25  193 14843.9800 14707.3180  0.92%   200 1915s
 32173 10134 14759.0076   29  205 14843.9800 14707.3517  0.92%   199 1929s
 32353 10134 14791.3194   31  329 14843.9800 14708.0725  0.92%   199 1930s
 32521 10225 14801.6758   37  274 14843.9800 14708.0775  0.92%   199 1946s
 32886 10287 14810.8253   44  228 14843.9800 14708.4401  0.91%   199 1963s
 33189 10370     cutoff   32      14843.9800 14708.8859  0.91%   199 1979s
 33523 10439 14792.4369   29  171 14843.9800 14709.3924  0.91%   198 2004s
 33685 10439 14772.7926   26  230 14843.9800 14709.8048  0.90%   198 2005s
 33835 10495 14772.4306   33  183 14843.9800 14709.8202  0.90%   198 2019s
 34100 10534 14746.4691   35  108 14843.9800 14710.2641  0.90%   198 2034s
 34242 10534 14765.0774   31   88 14843.9800 14710.2641  0.90%   198 2035s
 34405 10538     cutoff   33      14843.9800 14710.9455  0.90%   198 2082s
 34425 10611 14779.3745   36  101 14843.9800 14710.9579  0.90%   198 2099s
 34810 10698     cutoff   34      14843.9800 14711.4033  0.89%   197 2118s
 35133 10745 14795.3509   25  217 14843.9800 14712.0478  0.89%   197 2134s
 35490 10788 14788.2840   42  125 14843.9800 14712.5753  0.89%   197 2150s
 35779 10855 14795.7013   38  236 14843.9800 14713.0729  0.88%   196 2167s
 36129 10925 14811.3572   37  328 14843.9800 14713.3327  0.88%   196 2183s
 36439 10974     cutoff   32      14843.9800 14713.8388  0.88%   196 2199s
 36801 11018     cutoff   35      14843.9800 14714.4272  0.87%   196 2216s
 37156 11063     cutoff   40      14843.9800 14714.8661  0.87%   196 2232s
 37441 11123     cutoff   41      14843.9800 14715.2913  0.87%   196 2248s
 37726 11191 14807.2160   39  264 14843.9800 14715.7518  0.86%   196 2264s
 37930 11191 14823.4013   35  224 14843.9800 14716.1438  0.86%   195 2265s
 38066 11237 14779.8286   33  269 14843.9800 14716.4621  0.86%   195 2281s
 38369 11273 14841.0611   42  304 14843.9800 14716.7813  0.86%   195 2297s
 38724 11326     cutoff   35      14843.9800 14717.1440  0.85%   195 2314s
 39081 11399 14779.0396   32  133 14843.9800 14717.6921  0.85%   195 2330s
 39450 11443     cutoff   30      14843.9800 14718.3143  0.85%   194 2347s
 39743 11535 14772.2410   37  242 14843.9800 14718.7362  0.84%   194 2363s
 40122 11609 14797.8733   32  190 14843.9800 14719.1054  0.84%   194 2379s
 40321 11609 14810.6020   35  184 14843.9800 14719.5124  0.84%   194 2380s
 40498 11670     cutoff   44      14843.9800 14719.5293  0.84%   194 2396s
 40849 11729 14734.3471   33  134 14843.9800 14720.2139  0.83%   193 2412s
 41138 11770     cutoff   35      14843.9800 14720.6278  0.83%   194 2429s
 41432 11822 14814.5594   33  323 14843.9800 14720.9041  0.83%   194 2446s
 41772 11838     cutoff   38      14843.9800 14721.2571  0.83%   193 2463s
 42130 11895     cutoff   37      14843.9800 14721.7586  0.82%   193 2479s
 42307 11895 14803.4570   34  278 14843.9800 14722.1820  0.82%   193 2480s
 42494 11945 14837.2038   23  206 14843.9800 14722.3748  0.82%   193 2496s
 42833 11979 14819.9639   32  146 14843.9800 14722.7790  0.82%   193 2513s
 43172 12006 14836.9998   39  275 14843.9800 14723.1735  0.81%   193 2530s
 43487 12053     cutoff   34      14843.9800 14723.7702  0.81%   193 2546s
 43816 12093 14780.4380   28  157 14843.9800 14724.0541  0.81%   193 2562s
 44147 12131 14818.3717   33  172 14843.9800 14724.3473  0.81%   192 2580s
 44489 12183 14789.1368   46   92 14843.9800 14724.8275  0.80%   192 2596s
 44848 12216     cutoff   47      14843.9800 14725.2865  0.80%   192 2614s
 45155 12283 14796.1376   32  190 14843.9800 14725.6995  0.80%   192 2631s
 45538 12316     cutoff   29      14843.9800 14726.0267  0.79%   192 2647s
 45880 12370 14791.0404   35  183 14843.9800 14726.5239  0.79%   192 2664s
 46040 12370 14807.1738   29  234 14843.9800 14726.8958  0.79%   192 2665s
 46221 12431 14836.9300   32  150 14843.9800 14726.9471  0.79%   192 2681s
 46602 12492     cutoff   47      14843.9800 14727.6008  0.78%   191 2698s
 46948 12533 14811.1040   34  215 14843.9800 14727.9839  0.78%   191 2713s
 47278 12571     cutoff   44      14843.9800 14728.2879  0.78%   191 2730s
 47628 12638 14820.1902   37  178 14843.9800 14728.7448  0.78%   191 2746s
 47984 12697 14810.6183   33  233 14843.9800 14729.0680  0.77%   191 2763s
 48306 12765 14793.9040   26  180 14843.9800 14729.2629  0.77%   191 2779s
 48708 12790 14744.2563   34  187 14843.9800 14729.7118  0.77%   190 2796s
 48990 12836     cutoff   34      14843.9800 14729.9516  0.77%   190 2813s
 49329 12887 14781.2593   35  218 14843.9800 14730.2008  0.77%   190 2829s
 49514 12887     cutoff   35      14843.9800 14730.4456  0.76%   190 2830s
 49677 12921 14782.5438   43  194 14843.9800 14730.4673  0.76%   190 2845s
 50044 12961 14818.1266   38  280 14843.9800 14730.7823  0.76%   190 2862s
 50375 12978     cutoff   40      14843.9800 14731.0805  0.76%   190 2879s
 50681 13049 14797.2905   36   68 14843.9800 14731.5488  0.76%   190 2896s
 51032 13113 14815.0505   33  272 14843.9800 14731.8872  0.76%   189 2913s
 51379 13158     cutoff   37      14843.9800 14732.3023  0.75%   189 2930s
 51741 13172 14808.9410   44  265 14843.9800 14732.7683  0.75%   189 2946s
 52058 13223     cutoff   40      14843.9800 14733.1542  0.75%   189 2964s
 52385 13279     cutoff   34      14843.9800 14733.6101  0.74%   189 2981s
 52728 13343 14774.7052   35  211 14843.9800 14733.9287  0.74%   189 2997s
 53075 13351 14840.1108   41   94 14843.9800 14734.2635  0.74%   189 3051s
 53109 13349 14808.5618   39  268 14843.9800 14734.3116  0.74%   189 3066s
 53432 13381 14771.6457   40  208 14843.9800 14734.7469  0.74%   188 3083s
 53770 13405     cutoff   40      14843.9800 14734.9813  0.73%   188 3102s
 53984 13493 14773.6533   30  236 14843.9800 14735.3929  0.73%   188 3119s
 54372 13500     cutoff   46      14843.9800 14735.7265  0.73%   188 3135s
*54373 12863              46    14824.900000 14735.7265  0.60%   188 3135s
 54659 12850     cutoff   37      14824.9000 14736.0483  0.60%   188 3152s
 54925 12852 infeasible   29      14824.9000 14736.4417  0.60%   188 3169s
H54926 11611                    14810.900000 14736.4417  0.50%   188 3169s
 55173 11592     cutoff   38      14810.9000 14736.6337  0.50%   188 3184s
 55487 11577     cutoff   45      14810.9000 14737.1349  0.50%   188 3199s
 55792 11561     cutoff   41      14810.9000 14737.7294  0.49%   188 3215s
 56121 11517     cutoff   35      14810.9000 14738.2955  0.49%   188 3230s
 56447 11476 14790.8628   36  205 14810.9000 14739.0097  0.49%   188 3244s
 56746 11443 14784.4114   34  263 14810.9000 14739.5372  0.48%   188 3258s
 57012 11395     cutoff   28      14810.9000 14739.9269  0.48%   188 3272s
 57309 11373     cutoff   30      14810.9000 14740.6724  0.47%   188 3287s
 57658 11338 14763.3396   34  204 14810.9000 14741.2175  0.47%   187 3302s
 57965 11302 infeasible   34      14810.9000 14741.6534  0.47%   187 3316s
 58241 11276 14760.6495   35  141 14810.9000 14742.1594  0.46%   187 3330s
 58541 11229 14774.9851   40  258 14810.9000 14742.6365  0.46%   187 3345s
 58824 11183 14804.3432   32  214 14810.9000 14743.2483  0.46%   187 3360s
 59114 11149 14779.0125   44  225 14810.9000 14743.9454  0.45%   187 3375s
 59439 11101     cutoff   37      14810.9000 14744.5436  0.45%   187 3389s
H59730 10828                    14808.900000 14745.1613  0.43%   187 3403s
 59993 10774     cutoff   36      14808.9000 14745.5924  0.43%   187 3417s
 60275 10727 14791.6614   33  239 14808.9000 14746.0251  0.42%   187 3432s
 60558 10670     cutoff   36      14808.9000 14746.6177  0.42%   187 3446s
