




arguments: ./build/bc_mirp -f ./input/orig_exec_58.cfg
Current dir: /scratch/gui/bc_mirp
File verbosity level: 9
date       time         ( uptime  ) [ thread name/id ]                   file:line     v| 
2021-02-07 01:58:25.115 (   0.056s) [main thread     ]             loguru.cpp:789   INFO| Logging to './output/vi_vc+lex_full/OU/V2/Original/execution_07_02_2021_01_58_25.log', mode: 'a', verbosity: 9
--------------------------------------------------------------------------------
Parameters
                           instance_path           ./input/Instances/Original/2/
                            model_policy                                       1
                             nb_vehicles                                       2
                              output_dir ./output/vi_vc+lex_full/OU/V2/Original/
                            sec_strategy                                       1
                       solver_nb_threads                                       2
                         solver_show_log                                    true
                       solver_time_limit                                    3600
                              use_vi_cos                                   false
                              use_vi_cus                                   false
                         use_vi_hc1_full                                   false
                         use_vi_hc1_half                                   false
                      use_vi_hc1_quarter                                   false
                              use_vi_hc2                                   false
                              use_vi_hc3                                   false
                         use_vi_lex_full                                    true
                         use_vi_lex_half                                   false
                      use_vi_lex_quarter                                   false
                              use_vi_qua                                   false
                               use_vi_vc                                    true
                               use_vi_vr                                   false
--------------------------------------------------------------------------------
executing instance: ./input/Instances/Original/2/absH3high_3n40.dat
--------------------------------------------------------------------------------
Instance details
n	41
H	3
C	3283
Li:
[0, 0, 0, 0, 0, 0, 0, 0, 0, 0, 0, 0, 0, 0, 0, 0, 0, 0, 0, 0, 0, 0, 0, 0, 0, 0, 0, 0, 0, 0, 0, 0, 0, 0, 0, 0, 0, 0, 0, 0, 0, ]
Ui:
[0, 63, 111, 99, 96, 111, 282, 122, 156, 261, 42, 192, 126, 42, 162, 207, 159, 122, 102, 190, 118, 102, 132, 102, 165, 252, 66, 52, 22, 114, 210, 176, 116, 294, 78, 152, 210, 45, 130, 198, 174, ]
Distance matrix:
|0	208	225	252	227	143	258	127	267	150	28	83	163	286	57	149	201	137	214	255	70	73	107	186	328	266	249	343	222	177	293	144	262	215	167	120	169	218	143	173	255	|
|208	0	397	355	416	198	216	99	211	275	193	172	97	166	240	225	362	109	277	314	182	216	273	374	298	208	319	161	14	103	93	120	58	196	152	156	372	227	260	218	453	|
|225	397	0	427	53	364	482	343	492	129	253	225	382	386	171	188	39	291	187	195	295	182	282	55	326	491	180	551	408	315	457	366	455	275	392	244	221	439	341	214	101	|
|252	355	427	0	401	158	201	263	219	396	234	328	259	498	299	400	420	354	465	506	205	324	152	374	574	219	499	393	366	389	446	235	378	456	205	359	224	150	111	423	400	|
|227	416	53	401	0	357	477	352	489	165	253	245	389	424	179	223	85	315	234	245	293	200	264	42	375	488	231	565	428	344	484	370	474	314	392	270	184	430	325	252	50	|
|143	198	364	158	357	0	121	105	134	290	116	196	103	342	200	276	343	205	343	385	74	210	112	319	432	133	382	265	209	237	290	78	226	313	57	220	232	75	69	292	375	|
|258	216	482	201	477	121	0	168	18	397	230	293	135	381	314	372	459	275	437	480	188	317	228	439	501	18	479	197	222	296	290	132	212	386	95	306	347	58	173	381	496	|
|127	99	343	263	352	105	168	0	171	239	105	130	40	237	173	206	313	109	270	312	84	164	175	310	337	169	313	216	112	135	192	37	142	220	77	138	280	155	162	213	382	|
|267	211	492	219	489	134	18	171	0	404	240	298	136	376	323	376	468	276	441	483	198	324	243	450	500	2	483	181	215	294	281	136	202	386	102	309	363	75	189	384	509	|
|150	275	129	396	165	290	397	239	404	0	175	110	279	259	97	59	91	166	84	116	217	80	245	130	226	402	106	434	286	187	329	269	333	149	302	119	244	364	291	87	213	|
|28	193	253	234	253	116	230	105	240	175	0	94	139	286	84	167	229	136	234	275	43	96	98	212	341	238	271	320	206	175	281	118	244	225	140	128	180	191	124	189	280	|
|83	172	225	328	245	196	293	130	298	110	94	0	169	209	77	80	191	71	147	189	127	45	189	203	247	296	187	327	184	106	241	162	230	132	198	38	242	266	217	96	285	|
|163	97	382	259	389	103	135	40	136	279	139	169	0	253	212	244	353	141	307	349	110	203	194	347	366	133	350	183	107	161	187	27	124	251	56	175	306	133	169	249	418	|
|286	166	386	498	424	342	381	237	376	259	286	209	253	0	284	201	347	151	210	230	299	247	383	387	155	374	242	290	162	112	129	270	192	113	308	172	451	386	391	172	471	|
|57	240	171	299	179	200	314	173	323	97	84	77	212	284	0	112	145	147	170	208	127	38	148	137	299	321	201	386	253	183	315	195	297	195	222	112	171	275	195	142	214	|
|149	225	188	400	223	276	372	206	376	59	167	80	244	201	112	0	149	117	67	110	205	78	254	186	187	374	108	387	235	132	272	240	283	93	277	71	279	346	291	32	270	|
|201	362	39	420	85	343	459	313	468	91	229	191	353	347	145	149	0	254	149	160	272	150	271	66	290	466	146	518	373	278	419	339	420	235	367	207	227	418	327	175	135	|
|137	109	291	354	315	205	275	109	276	166	136	71	141	151	147	117	254	0	172	212	151	116	232	273	229	274	215	270	119	39	170	145	167	111	186	47	305	263	245	113	356	|
|214	277	187	465	234	343	437	270	441	84	234	147	307	210	170	67	149	172	0	42	272	141	317	205	144	439	43	437	284	175	307	305	331	99	343	132	327	413	357	60	283	|
|255	314	195	506	245	385	480	312	483	116	275	189	349	230	208	110	160	212	42	0	314	182	356	222	132	481	15	474	321	212	337	347	367	126	385	174	358	455	398	100	295	|
|70	182	295	205	293	74	188	84	198	217	43	127	110	299	127	205	272	151	272	314	0	137	91	253	370	196	310	292	195	188	274	85	226	252	99	155	197	148	94	223	316	|
|73	216	182	324	200	210	317	164	324	80	96	45	203	247	38	78	150	116	141	182	137	0	176	158	263	323	176	369	229	150	286	191	274	157	223	77	208	284	216	106	239	|
|107	273	282	152	264	112	228	175	243	245	98	189	194	383	148	254	271	232	317	356	91	176	0	231	435	242	349	371	286	271	365	167	315	321	164	224	120	174	61	280	274	|
|186	374	55	374	42	319	439	310	450	130	212	203	347	387	137	186	66	273	205	222	253	158	231	0	348	448	208	523	386	303	442	329	431	279	352	229	167	392	291	217	85	|
|328	298	326	574	375	432	501	337	500	226	341	247	366	155	299	187	290	229	144	132	370	263	435	348	0	498	147	441	299	206	283	374	338	119	414	215	465	492	463	157	425	|
|266	208	491	219	488	133	18	169	2	402	238	296	133	374	321	374	466	274	439	481	196	323	242	448	498	0	481	180	213	292	278	134	200	384	100	307	362	75	188	381	508	|
|249	319	180	499	231	382	479	313	483	106	271	187	350	242	201	108	146	215	43	15	310	176	349	208	147	481	0	480	326	217	346	347	373	135	385	175	347	454	392	103	280	|
|343	161	551	393	565	265	197	216	181	434	320	327	183	290	386	387	518	270	437	474	292	369	371	523	441	180	480	0	153	263	163	207	107	352	208	317	487	244	334	379	598	|
|222	14	408	366	428	209	222	112	215	286	206	184	107	162	253	235	373	119	284	321	195	229	286	386	299	213	326	153	0	109	81	132	48	201	162	167	386	236	272	226	466	|
|177	103	315	389	344	237	296	135	294	187	175	106	161	112	183	132	278	39	175	212	188	150	271	303	206	292	217	263	109	0	142	171	156	95	211	74	344	289	281	118	386	|
|293	93	457	446	484	290	290	192	281	329	281	241	187	129	315	272	419	170	307	337	274	286	365	442	283	278	346	163	81	142	0	212	79	211	241	214	461	311	353	254	525	|
|144	120	366	235	370	78	132	37	136	269	118	162	27	270	195	240	339	145	305	347	85	191	167	329	374	134	347	207	132	171	212	0	151	257	40	174	280	119	142	248	398	|
|262	58	455	378	474	226	212	142	202	333	244	230	124	192	297	283	420	167	331	367	226	274	315	431	338	200	373	107	48	156	79	151	0	245	173	214	421	237	293	273	510	|
|215	196	275	456	314	313	386	220	386	149	225	132	251	113	195	93	235	111	99	126	252	157	321	279	119	384	135	352	201	95	211	257	245	0	297	97	365	374	345	62	362	|
|167	152	392	205	392	57	95	77	102	302	140	198	56	308	222	277	367	186	343	385	99	223	164	352	414	100	385	208	162	211	241	40	173	297	0	213	283	79	126	287	415	|
|120	156	244	359	270	220	306	138	309	119	128	38	175	172	112	71	207	47	132	174	155	77	224	229	215	307	175	317	167	74	214	174	214	97	213	0	280	286	248	75	313	|
|169	372	221	224	184	232	347	280	363	244	180	242	306	451	171	279	227	305	327	358	197	208	120	167	465	362	347	487	386	344	461	280	421	365	283	280	0	291	175	310	176	|
|218	227	439	150	430	75	58	155	75	364	191	266	133	386	275	346	418	263	413	455	148	284	174	392	492	75	454	244	236	289	311	119	237	374	79	286	291	0	116	359	445	|
|143	260	341	111	325	69	173	162	189	291	124	217	169	391	195	291	327	245	357	398	94	216	61	291	463	188	392	334	272	281	353	142	293	345	126	248	175	116	0	313	335	|
|173	218	214	423	252	292	381	213	384	87	189	96	249	172	142	32	175	113	60	100	223	106	280	217	157	381	103	379	226	118	254	248	273	62	287	75	310	359	313	0	300	|
|255	453	101	400	50	375	496	382	509	213	280	285	418	471	214	270	135	356	283	295	316	239	274	85	425	508	280	598	466	386	525	398	510	362	415	313	176	445	335	300	0	|

--------------------------------------------------------------------------------
Building model...
	using lazy and cut (CVRPSEP package)
Solving IRP LP...
--------------------------------------------------------------------------------

Gurobi 9.1.0 (linux64) logging started Sun Feb  7 01:58:25 2021

Gurobi Optimizer version 9.1.0 build v9.1.0rc0 (linux64)
Thread count: 32 physical cores, 32 logical processors, using up to 2 threads
Optimize a model with 1025 rows, 5570 columns and 13274 nonzeros
Model fingerprint: 0x91432610
Variable types: 404 continuous, 5166 integer (246 binary)
Coefficient statistics:
  Matrix range     [1e+00, 2e+12]
  Objective range  [1e-01, 6e+02]
  Bounds range     [1e+00, 3e+02]
  RHS range        [1e+00, 6e+03]
Warning: Model contains large matrix coefficient range
         Consider reformulating model or setting NumericFocus parameter
         to avoid numerical issues.
Presolve removed 331 rows and 287 columns
Presolve time: 0.14s
Presolved: 694 rows, 5283 columns, 12041 nonzeros
Variable types: 240 continuous, 5043 integer (4806 binary)

Root relaxation: objective 1.221516e+04, 607 iterations, 0.02 seconds

    Nodes    |    Current Node    |     Objective Bounds      |     Work
 Expl Unexpl |  Obj  Depth IntInf | Incumbent    BestBd   Gap | It/Node Time

     0     0 12215.1645    0  100          - 12215.1645      -     -    0s
     0     0 12716.3126    0   96          - 12716.3126      -     -    0s
     0     0 13317.5978    0  123          - 13317.5978      -     -    0s
     0     0 13479.4305    0  181          - 13479.4305      -     -    0s
     0     0 13484.5106    0  183          - 13484.5106      -     -    0s
     0     0 13487.4941    0  221          - 13487.4941      -     -    0s
     0     0 13588.4984    0  180          - 13588.4984      -     -    0s
     0     0 13599.7411    0  219          - 13599.7411      -     -    0s
     0     0 13605.9456    0  230          - 13605.9456      -     -    0s
     0     0 13619.1920    0  254          - 13619.1920      -     -    0s
     0     0 13629.0665    0  261          - 13629.0665      -     -    0s
     0     0 13629.5644    0  224          - 13629.5644      -     -    0s
     0     0 13682.8159    0  276          - 13682.8159      -     -    1s
     0     0 13690.6907    0  317          - 13690.6907      -     -    1s
     0     0 13695.3292    0  281          - 13695.3292      -     -    1s
     0     0 13700.5484    0  285          - 13700.5484      -     -    1s
     0     0 13704.2004    0  295          - 13704.2004      -     -    1s
     0     0 13704.8613    0  284          - 13704.8613      -     -    1s
     0     0 13718.9117    0  320          - 13718.9117      -     -    1s
     0     0 13720.9444    0  332          - 13720.9444      -     -    1s
     0     0 13722.7425    0  276          - 13722.7425      -     -    1s
     0     0 13723.2533    0  287          - 13723.2533      -     -    1s
     0     0 13723.7430    0  282          - 13723.7430      -     -    1s
     0     0 13723.7430    0  282          - 13723.7430      -     -    1s
     0     2 13723.7430    0  282          - 13723.7430      -     -    2s
   139   155 14487.1846   38  144          - 13742.1130      -   146    5s
   664   617 13964.1408   15  136          - 13756.4753      -  61.4   10s
   749   688 14058.9699   19  345          - 13811.6970      -  65.7   15s
   765   699 16885.6900  160  383          - 13822.6787      -  64.3   23s
   766   703 13837.3959   15  401          - 13835.8391      -  71.5   25s
   837   754 14209.0784   37   91          - 13866.9073      -  84.0   30s
*  977   812              86    14770.070000 13866.9073  6.11%  84.3   32s
* 1024   779             103    14767.720000 13866.9073  6.10%  82.4   34s
* 1034   716             108    14605.940000 13866.9073  5.06%  81.8   34s
H 1065   665                    14567.940000 13866.9073  4.81%  79.8   34s
  1074   654     cutoff  126      14567.9400 13866.9215  4.81%  79.9   35s
  1114   671 14081.5902   24  189 14567.9400 13881.4805  4.71%  93.8   40s
  1200   732 14507.0697   49   49 14567.9400 13881.4805  4.71%   105   45s
  1304   753 13955.3600   20  349 14567.9400 13881.4848  4.71%   108   50s
  1355   769 13963.2215   19  277 14567.9400 13918.8741  4.46%   111   58s
H 1356   614                    14407.600000 13918.8741  3.39%   111   58s
  1363   633 14092.1052   24  259 14407.6000 13918.8741  3.39%   113   60s
  1516   672     cutoff   33      14407.6000 13945.3426  3.21%   111   65s
  1702   798 14314.7682   51   70 14407.6000 13963.5717  3.08%   110   70s
  1900   821 14235.8030   29  129 14407.6000 13981.5310  2.96%   106   75s
  2028   851 14303.7864   33  141 14407.6000 13987.6710  2.91%   108   81s
  2155   882 14264.1908   22  181 14407.6000 13997.7303  2.84%   108   86s
  2256   925 14361.2099   42  160 14407.6000 13998.8832  2.84%   109   90s
  2451  1003 infeasible   34      14407.6000 14001.0061  2.82%   108   95s
  2556  1081 14174.4399   30  101 14407.6000 14003.7075  2.80%   112  101s
  2660  1151 14326.9440   63  160 14407.6000 14006.5109  2.78%   113  105s
H 2831  1057                    14368.600000 14006.6648  2.52%   113  110s
  2942  1140     cutoff   43      14368.6000 14016.2167  2.45%   117  117s
  2989  1157 14325.2997   39   81 14368.6000 14023.1892  2.40%   117  120s
  3134  1281     cutoff   37      14368.6000 14028.4130  2.37%   118  125s
  3294  1384 14187.5792   31  155 14368.6000 14029.3755  2.36%   118  131s
  3409  1435 14252.1440   33   78 14368.6000 14030.5423  2.35%   118  135s
  3583  1533 14230.9801   28  220 14368.6000 14037.3906  2.31%   119  141s
  3654  1589 14246.0561   27  224 14368.6000 14038.7400  2.30%   120  145s
  3840  1668 14192.9581   23  211 14368.6000 14041.7852  2.27%   121  152s
  3950  1700 14186.3327   25  253 14368.6000 14042.5378  2.27%   122  155s
  4079  1771 14145.4691   24  236 14368.6000 14049.3637  2.22%   123  163s
  4170  1797 14213.2688   24  302 14368.6000 14052.7517  2.20%   124  167s
  4206  1870 14340.5309   43  129 14368.6000 14055.3611  2.18%   124  171s
  4351  1961 14299.2840   29  176 14368.6000 14057.9927  2.16%   124  176s
  4500  2073 14146.7712   22  203 14368.6000 14061.4417  2.14%   124  181s
  4681  2160 14220.3386   33   81 14368.6000 14064.5280  2.12%   123  187s
* 4795  2148              44    14366.600000 14067.1635  2.08%   123  187s
  4854  2210 14219.6991   26  244 14366.6000 14067.6693  2.08%   123  194s
  4996  2310 14259.3547   30  121 14366.6000 14070.1750  2.06%   123  199s
  5056  2310 14228.2448   26  139 14366.6000 14070.1750  2.06%   123  200s
  5168  2441 14344.3858   51   76 14366.6000 14071.9076  2.05%   123  206s
  5372  2515     cutoff   35      14366.6000 14072.9551  2.04%   122  212s
  5507  2575 14242.9763   34  163 14366.6000 14075.7733  2.02%   123  218s
  5652  2679 14220.5369   28  198 14366.6000 14078.5654  2.00%   123  224s
  5838  2679 14227.7816   40   43 14366.6000 14079.3265  2.00%   123  225s
  5856  2780 14257.7654   29  226 14366.6000 14079.6382  2.00%   123  231s
  6076  2916 14232.3239   37  199 14366.6000 14085.0464  1.96%   123  238s
  6314  3029 14246.6142   33   90 14366.6000 14087.1243  1.95%   122  244s
  6519  3082 infeasible   50      14366.6000 14088.5598  1.94%   122  251s
  6667  3195 14309.1139   34  123 14366.6000 14090.5855  1.92%   123  258s
  6925  3289     cutoff   64      14366.6000 14091.6502  1.91%   122  264s
  7100  3312 14332.2465   43  107 14366.6000 14092.4183  1.91%   122  273s
  7150  3429 14287.0234   50   80 14366.6000 14093.8209  1.90%   122  279s
  7384  3510 14309.0463   31  115 14366.6000 14094.5488  1.89%   122  286s
  7593  3595     cutoff   41      14366.6000 14095.7845  1.89%   123  294s
  7813  3664 14251.1324   31  130 14366.6000 14098.3489  1.87%   123  301s
  7970  3743 14143.3017   29  172 14366.6000 14099.4088  1.86%   123  313s
  8141  3872 14271.1281   30  192 14366.6000 14100.2316  1.85%   125  320s
  8375  3945 14360.9150   34   94 14366.6000 14102.9846  1.83%   126  326s
  8522  4059 14225.7923   30   66 14366.6000 14105.2027  1.82%   127  333s
  8738  4214     cutoff   37      14366.6000 14106.3866  1.81%   127  341s
  9023  4287 14293.8003   32  104 14366.6000 14108.8999  1.79%   125  349s
  9118  4287 14325.2576   37   67 14366.6000 14108.8999  1.79%   125  350s
  9210  4391 14344.5901   40  106 14366.6000 14110.1028  1.79%   125  357s
  9405  4475     cutoff   39      14366.6000 14111.4211  1.78%   126  364s
  9613  4572     cutoff   39      14366.6000 14112.4711  1.77%   126  371s
  9827  4667 14298.3765   25  288 14366.6000 14114.7466  1.75%   126  379s
  9983  4753     cutoff   29      14366.6000 14116.2131  1.74%   126  386s
 10192  4883     cutoff   41      14366.6000 14117.5663  1.73%   127  393s
 10444  5013 14308.1881   37  122 14366.6000 14118.4164  1.73%   127  400s
 10682  5092 14340.5530   35  107 14366.6000 14120.3919  1.71%   127  407s
 10895  5202     cutoff   38      14366.6000 14121.9615  1.70%   127  414s
 10961  5202 14210.5596   44  199 14366.6000 14121.9615  1.70%   127  415s
 11113  5254 14264.1863   29  141 14366.6000 14123.8481  1.69%   127  423s
 11289  5356 14340.6551   31  160 14366.6000 14124.8336  1.68%   128  431s
 11583  5453 14318.5085   39  228 14366.6000 14126.4724  1.67%   128  438s
 11780  5471 14345.8754   26  138 14366.6000 14127.9105  1.66%   129  471s
 11832  5600 14298.9151   32  185 14366.6000 14128.4343  1.66%   130  479s
 12073  5716 14264.0423   28  110 14366.6000 14130.1056  1.65%   129  488s
 12352  5842     cutoff   34      14366.6000 14131.4439  1.64%   129  496s
 12641  5972     cutoff   48      14366.6000 14132.8770  1.63%   129  503s
 12889  6097 14276.6444   39  178 14366.6000 14134.1325  1.62%   129  512s
 13145  6227     cutoff   55      14366.6000 14135.0298  1.61%   128  519s
 13219  6227 14359.5658   36  124 14366.6000 14135.0298  1.61%   128  520s
 13406  6318 14339.0848   33  270 14366.6000 14137.0600  1.60%   128  527s
 13622  6441 14264.8739   29  105 14366.6000 14138.5662  1.59%   128  536s
 13881  6524 14322.8736   35  112 14366.6000 14139.1823  1.58%   128  543s
 14117  6667 14329.2905   28  146 14366.6000 14140.6543  1.57%   128  551s
 14417  6756 14312.5170   33  171 14366.6000 14141.7849  1.56%   128  559s
 14633  6835 14253.0859   32  108 14366.6000 14143.2320  1.55%   128  567s
 14872  6916 14322.5242   28  130 14366.6000 14143.9303  1.55%   128  575s
 15131  7044     cutoff   44      14366.6000 14145.0502  1.54%   128  583s
 15416  7186 14200.1615   28  318 14366.6000 14145.9489  1.54%   128  590s
 15701  7300     cutoff   53      14366.6000 14146.5925  1.53%   127  598s
 15935  7377     cutoff   51      14366.6000 14147.3858  1.53%   127  606s
 16164  7461 14257.5614   31  144 14366.6000 14148.5926  1.52%   127  613s
 16398  7592     cutoff   37      14366.6000 14149.3006  1.51%   128  621s
 16686  7697 14346.1185   43   95 14366.6000 14149.9471  1.51%   127  629s
 16891  7697 14260.0365   33  159 14366.6000 14150.9256  1.50%   127  630s
 16955  7776 14315.8808   36  204 14366.6000 14151.2141  1.50%   127  637s
 17181  7848 14271.6952   31  213 14366.6000 14151.8542  1.49%   127  644s
 17227  7848 14345.5695   49   39 14366.6000 14151.8542  1.49%   127  645s
 17423  7907 14214.1078   27  287 14366.6000 14152.2564  1.49%   127  658s
 17554  8000 14328.5803   43  170 14366.6000 14153.0161  1.49%   127  671s
 17827  8139 14349.9362   34  124 14366.6000 14153.8486  1.48%   127  684s
 17883  8140 14205.4351   31  267 14366.6000 14153.8486  1.48%   127  685s
 18112  8237     cutoff   58      14366.6000 14154.7608  1.47%   127  692s
 18370  8380     cutoff   61      14366.6000 14155.8752  1.47%   126  699s
 18438  8380 14345.5103   39   92 14366.6000 14155.8752  1.47%   126  701s
 18666  8463 14360.1586   37  228 14366.6000 14156.6690  1.46%   126  708s
 18912  8546 14330.8368   26  223 14366.6000 14157.8341  1.45%   126  716s
 19123  8630     cutoff   60      14366.6000 14158.7261  1.45%   126  723s
 19366  8699 14242.0117   33  174 14366.6000 14159.5957  1.44%   126  730s
 19574  8789 14301.8416   30  169 14366.6000 14160.2342  1.44%   126  737s
 19797  8879     cutoff   43      14366.6000 14161.2052  1.43%   126  744s
 20019  8938 14334.3615   25  299 14366.6000 14162.0540  1.42%   126  751s
 20207  9016 infeasible   28      14366.6000 14162.9960  1.42%   127  759s
 20458  9086     cutoff   35      14366.6000 14163.6136  1.41%   127  766s
 20698  9225 14215.6759   29  118 14366.6000 14164.4400  1.41%   127  774s
 20987  9225 14202.4337   30  129 14366.6000 14165.1728  1.40%   126  775s
 21011  9296 14275.3642   28  158 14366.6000 14165.2651  1.40%   126  781s
 21279  9337 14232.3837   35   99 14366.6000 14166.2148  1.39%   126  788s
 21427  9452 14327.6070   32  225 14366.6000 14167.2768  1.39%   126  795s
 21686  9544     cutoff   47      14366.6000 14168.0129  1.38%   126  803s
 21933  9659 14232.2792   27  146 14366.6000 14168.4484  1.38%   126  810s
 22234  9768 14292.7137   30  220 14366.6000 14168.9746  1.38%   126  818s
 22514  9856     cutoff   50      14366.6000 14169.6551  1.37%   126  825s
 22764  9996     cutoff   47      14366.6000 14170.5200  1.36%   126  833s
 23073 10065     cutoff   46      14366.6000 14171.3559  1.36%   125  841s
 23317 10166 14366.5016   34   48 14366.6000 14172.2635  1.35%   125  848s
 23601 10276     cutoff   27      14366.6000 14172.7911  1.35%   125  855s
 23886 10347 14303.2488   45   80 14366.6000 14173.6015  1.34%   124  863s
 24098 10464 14238.2397   29  248 14366.6000 14174.3278  1.34%   125  870s
 24342 10506 14336.1086   44   46 14366.6000 14174.7379  1.34%   125  878s
 24553 10560 14228.9488   51  104 14366.6000 14175.2125  1.33%   125  885s
 24744 10641 infeasible   31      14366.6000 14175.7993  1.33%   125  893s
 24998 10745     cutoff   23      14366.6000 14176.4838  1.32%   125  900s
 25286 10835 14274.4948   41   68 14366.6000 14176.7253  1.32%   125  910s
 25535 10914 14342.9742   37   40 14366.6000 14177.4066  1.32%   124  917s
 25824 10969 14257.2469   41  236 14366.6000 14178.0979  1.31%   124  925s
 26067 11024     cutoff   35      14366.6000 14178.6026  1.31%   124  932s
 26265 11128 14244.7107   29  224 14366.6000 14179.0204  1.31%   125  940s
 26514 11169 14354.3474   40  147 14366.6000 14179.6841  1.30%   124  947s
 26695 11241 14273.4760   32  202 14366.6000 14179.9947  1.30%   125  954s
 26956 11403 14358.6382   48   22 14366.6000 14180.6156  1.29%   125  961s
*27165 11383              54    14365.690000 14181.3714  1.28%   124  961s
 27276 11418 14358.6748   49   20 14365.6900 14181.4964  1.28%   124  975s
 27449 11539 14319.1784   34  102 14365.6900 14181.8339  1.28%   124  983s
 27699 11654     cutoff   75      14365.6900 14182.3017  1.28%   124  991s
 27917 11703 14329.2236   34  278 14365.6900 14182.9046  1.27%   124  999s
 28146 11758     cutoff   45      14365.6900 14183.8464  1.27%   124 1011s
 28364 11799 14268.3748   32  196 14365.6900 14184.6006  1.26%   123 1020s
 28560 11858     cutoff   37      14365.6900 14184.9761  1.26%   123 1027s
 28762 11937 14209.4454   37  189 14365.6900 14185.7009  1.25%   124 1035s
 28998 11992     cutoff   31      14365.6900 14186.2781  1.25%   124 1043s
 29189 12070 14274.8302   37   50 14365.6900 14186.8452  1.24%   124 1050s
 29417 12107     cutoff   51      14365.6900 14187.7166  1.24%   124 1058s
 29609 12165 14261.8866   37  106 14365.6900 14188.1909  1.24%   124 1065s
 29779 12245 14278.8380   26  188 14365.6900 14188.6923  1.23%   124 1072s
 30045 12268 14277.3080   24  192 14365.6900 14189.5798  1.23%   124 1080s
 30228 12354     cutoff   33      14365.6900 14190.0104  1.22%   124 1087s
 30464 12438     cutoff   44      14365.6900 14190.9285  1.22%   124 1095s
 30727 12489     cutoff   45      14365.6900 14191.6908  1.21%   123 1103s
 30954 12557     cutoff   36      14365.6900 14192.2458  1.21%   123 1110s
 31195 12586     cutoff   29      14365.6900 14193.1608  1.20%   123 1118s
 31358 12615 14243.2015   28  236 14365.6900 14193.4642  1.20%   123 1125s
 31505 12629 14332.5222   42  182 14365.6900 14194.2795  1.19%   124 1138s
 31557 12682     cutoff   45      14365.6900 14194.6075  1.19%   123 1146s
 31768 12721 14330.2849   35   31 14365.6900 14195.0685  1.19%   124 1154s
 31937 12770 14311.6053   37   48 14365.6900 14195.2475  1.19%   124 1162s
 32143 12856 14317.0863   28  235 14365.6900 14195.6466  1.18%   124 1170s
 32396 12893 infeasible   40      14365.6900 14196.3617  1.18%   124 1178s
 32594 12949     cutoff   42      14365.6900 14196.8343  1.18%   124 1186s
 32810 13011     cutoff   27      14365.6900 14197.1736  1.17%   124 1194s
 32999 13053 14280.7017   41  154 14365.6900 14197.5618  1.17%   124 1201s
 33222 13123 14329.2834   41  119 14365.6900 14198.0442  1.17%   124 1210s
 33469 13154 14355.0944   35  171 14365.6900 14198.4058  1.16%   124 1218s
 33642 13178     cutoff   45      14365.6900 14198.7536  1.16%   124 1225s
 33855 13218 14313.2492   36  127 14365.6900 14199.3809  1.16%   124 1232s
 34038 13290 14305.8064   32  244 14365.6900 14199.7292  1.16%   124 1240s
 34292 13341     cutoff   47      14365.6900 14199.9806  1.15%   124 1247s
 34531 13376     cutoff   32      14365.6900 14200.9455  1.15%   124 1254s
 34658 13376 14274.6021   33   49 14365.6900 14201.3190  1.14%   124 1255s
 34717 13440     cutoff   40      14365.6900 14201.3439  1.14%   124 1262s
 34932 13500     cutoff   27      14365.6900 14201.8341  1.14%   124 1270s
 35124 13574     cutoff   30      14365.6900 14202.2592  1.14%   124 1277s
 35401 13592 14349.3846   40   99 14365.6900 14203.0795  1.13%   124 1286s
 35549 13614 14267.7447   37  263 14365.6900 14203.4276  1.13%   124 1293s
 35731 13618     cutoff   39      14365.6900 14203.8430  1.13%   124 1301s
 35857 13641 14305.5089   35   48 14365.6900 14204.3277  1.12%   125 1309s
 35921 13642 14337.2409   46   39 14365.6900 14204.3277  1.12%   125 1310s
 36074 13668 14355.3144   43    7 14365.6900 14204.7502  1.12%   125 1317s
 36236 13696     cutoff   44      14365.6900 14205.2095  1.12%   125 1325s
 36417 13730 14340.2127   42  129 14365.6900 14205.6670  1.11%   125 1332s
 36603 13762 14302.2872   33   77 14365.6900 14206.1259  1.11%   125 1340s
 36826 13792 14309.7206   30  129 14365.6900 14206.9584  1.10%   125 1347s
 37030 13848 14280.9965   30  164 14365.6900 14207.7630  1.10%   125 1356s
 37273 13859     cutoff   28      14365.6900 14208.1730  1.10%   125 1364s
 37446 13900     cutoff   38      14365.6900 14208.8839  1.09%   125 1371s
 37684 13924     cutoff   34      14365.6900 14209.4364  1.09%   125 1380s
 37890 13938     cutoff   37      14365.6900 14209.8955  1.08%   125 1388s
 38089 13968 14295.4435   32  151 14365.6900 14210.3673  1.08%   125 1396s
 38315 14011     cutoff   35      14365.6900 14210.8125  1.08%   125 1404s
 38527 14037 14255.4586   35  253 14365.6900 14211.1600  1.08%   126 1412s
 38763 14094 14328.1974   33  224 14365.6900 14211.7075  1.07%   126 1421s
 39028 14110 14256.2501   41  209 14365.6900 14212.2301  1.07%   126 1428s
 39235 14171 14307.4305   33  144 14365.6900 14212.5003  1.07%   126 1436s
 39439 14214 14347.4254   32  203 14365.6900 14212.9264  1.06%   126 1444s
 39647 14271 14356.4868   57   79 14365.6900 14213.5947  1.06%   126 1452s
 39866 14296 14341.2544   33  162 14365.6900 14214.3233  1.05%   126 1464s
 39969 14351 14297.0739   35  170 14365.6900 14214.5681  1.05%   126 1472s
 40204 14368     cutoff   35      14365.6900 14214.7433  1.05%   126 1480s
 40414 14403 14317.9527   32   14 14365.6900 14215.4096  1.05%   126 1489s
 40615 14403 14345.6405   34  167 14365.6900 14215.9226  1.04%   126 1490s
 40645 14418 14311.1562   35   64 14365.6900 14215.9393  1.04%   126 1497s
 40856 14482 14319.4204   45  163 14365.6900 14216.6748  1.04%   126 1506s
 41079 14528 14316.8688   34  210 14365.6900 14217.0010  1.04%   126 1514s
 41335 14541 14356.5343   32  152 14365.6900 14217.4774  1.03%   126 1522s
 41511 14577 14245.4641   26  169 14365.6900 14217.9817  1.03%   126 1531s
 41750 14587 14349.7369   40  137 14365.6900 14218.3399  1.03%   126 1540s
 41939 14640 14300.1298   28  201 14365.6900 14218.8999  1.02%   126 1548s
 42206 14658 14271.6152   29   97 14365.6900 14219.6982  1.02%   126 1557s
 42404 14679 infeasible   47      14365.6900 14220.2412  1.01%   126 1566s
 42610 14714 14307.2199   45  140 14365.6900 14220.8753  1.01%   126 1575s
 42847 14759 14279.2967   45  153 14365.6900 14221.3813  1.00%   126 1584s
 43074 14796 14296.2579   29  193 14365.6900 14221.7238  1.00%   126 1592s
 43277 14813 14347.3498   36   74 14365.6900 14222.1962  1.00%   127 1601s
 43486 14821     cutoff   34      14365.6900 14222.6947  1.00%   127 1609s
 43580 14821 14333.5234   47  155 14365.6900 14222.6947  1.00%   127 1610s
 43675 14868 14308.5077   33  199 14365.6900 14223.2764  0.99%   127 1617s
 43913 14904     cutoff   22      14365.6900 14223.8322  0.99%   127 1631s
 44140 14929     cutoff   41      14365.6900 14224.4287  0.98%   127 1647s
 44348 14962 14360.7340   48  140 14365.6900 14225.0801  0.98%   127 1656s
 44586 15004 14318.6333   29   32 14365.6900 14225.7554  0.97%   127 1664s
 44659 15004 14351.4703   28  195 14365.6900 14225.7554  0.97%   127 1665s
 44794 15018 14341.2061   32  296 14365.6900 14226.2732  0.97%   127 1673s
 45046 15031 14350.6302   30  122 14365.6900 14226.8171  0.97%   127 1682s
 45262 15043 14332.8440   46   86 14365.6900 14227.2061  0.96%   127 1690s
 45494 15063 14322.3615   33  135 14365.6900 14227.7453  0.96%   127 1699s
 45645 15063     cutoff   47      14365.6900 14228.3154  0.96%   127 1700s
 45759 15087 14325.2750   45  139 14365.6900 14228.3222  0.96%   127 1708s
 46019 15095 14359.8880   43  102 14365.6900 14228.8589  0.95%   127 1717s
 46275 15109 14336.4696   40   83 14365.6900 14229.3285  0.95%   127 1728s
 46544 15152     cutoff   38      14365.6900 14229.9441  0.94%   127 1737s
 46811 15133     cutoff   36      14365.6900 14230.3669  0.94%   127 1746s
 47009 15204     cutoff   29      14365.6900 14230.7551  0.94%   127 1755s
 47353 15232 14317.5671   27  196 14365.6900 14231.3386  0.94%   127 1765s
 47593 15240 14341.1188   45  137 14365.6900 14231.7221  0.93%   127 1774s
 47699 15240 14326.2305   34  196 14365.6900 14232.1262  0.93%   127 1775s
 47762 15252 14350.1474   35  202 14365.6900 14232.1684  0.93%   127 1783s
 47964 15268     cutoff   35      14365.6900 14232.6835  0.93%   127 1793s
 48185 15272     cutoff   34      14365.6900 14233.0227  0.92%   127 1802s
 48420 15279 14333.2971   32  260 14365.6900 14233.5825  0.92%   127 1811s
 48597 15324     cutoff   42      14365.6900 14234.1300  0.92%   128 1820s
 48793 15360 14330.5982   36   88 14365.6900 14234.6943  0.91%   128 1841s
 49090 15357     cutoff   44      14365.6900 14235.1883  0.91%   128 1919s
 49160 15357     cutoff   29      14365.6900 14235.6951  0.90%   128 1920s
 49230 15374     cutoff   47      14365.6900 14235.7258  0.90%   128 1930s
 49494 15401     cutoff   46      14365.6900 14236.0798  0.90%   128 1940s
 49806 15429     cutoff   47      14365.6900 14236.5106  0.90%   128 1951s
*49845 15209              49    14357.860000 14236.5106  0.85%   128 1951s
 50152 15218 14318.4646   32  162 14357.8600 14237.2634  0.84%   127 1962s
 50368 15200     cutoff   41      14357.8600 14237.8056  0.84%   127 1973s
 50593 15175 14325.6542   31  179 14357.8600 14238.1706  0.83%   128 1984s
 50761 15178     cutoff   33      14357.8600 14238.8541  0.83%   128 2006s
 51208 15163 14346.9021   28  149 14357.8600 14239.8171  0.82%   128 2019s
 51488 15194     cutoff   32      14357.8600 14240.9218  0.81%   128 2032s
 51842 15207 14352.4009   51    4 14357.8600 14241.4869  0.81%   128 2044s
 52163 15210 14314.4746   29   95 14357.8600 14242.2565  0.81%   128 2045s
 52193 15220     cutoff   52      14357.8600 14242.2777  0.81%   128 2055s
 52445 15235 14353.5626   30  234 14357.8600 14242.6167  0.80%   128 2065s
 52719 15229     cutoff   35      14357.8600 14243.1620  0.80%   128 2076s
 52974 15250 14296.0854   37   24 14357.8600 14243.9523  0.79%   128 2086s
 53262 15248     cutoff   33      14357.8600 14244.3031  0.79%   128 2097s
 53481 15235 14333.2409   37  166 14357.8600 14244.8533  0.79%   128 2107s
 53687 15241 14300.0358   37  209 14357.8600 14245.3529  0.78%   128 2121s
 54073 15227     cutoff   29      14357.8600 14246.2510  0.78%   128 2132s
 54311 15210     cutoff   28      14357.8600 14246.9272  0.77%   128 2145s
 54595 15195     cutoff   31      14357.8600 14247.8659  0.77%   128 2158s
 54932 15179 14345.9092   28  166 14357.8600 14248.3094  0.76%   128 2171s
 55238 15195 14345.8334   47   95 14357.8600 14249.0800  0.76%   128 2184s
 55585 15204 14308.4542   33   41 14357.8600 14249.8209  0.75%   128 2196s
 55651 15200     cutoff   40      14357.8600 14249.8526  0.75%   128 2206s
 55940 15192     cutoff   33      14357.8600 14250.4089  0.75%   128 2217s
 56163 15191 14321.4951   41  257 14357.8600 14250.8138  0.75%   128 2231s
 56453 15167     cutoff   35      14357.8600 14251.3679  0.74%   128 2243s
 56719 15152     cutoff   33      14357.8600 14252.0242  0.74%   128 2256s
 57013 15141     cutoff   38      14357.8600 14252.5319  0.73%   129 2269s
*57027 14900              48    14351.860000 14252.5319  0.69%   129 2269s
 57417 14900 14297.9483   56   62 14351.8600 14253.0319  0.69%   128 2270s
 57442 14896     cutoff   34      14351.8600 14253.0503  0.69%   128 2281s
 57743 14884     cutoff   33      14351.8600 14253.6734  0.68%   128 2292s
 58031 14873     cutoff   57      14351.8600 14254.0294  0.68%   128 2304s
 58321 14862     cutoff   32      14351.8600 14254.7577  0.68%   128 2317s
 58656 14818 14311.3326   36  208 14351.8600 14255.4123  0.67%   128 2328s
 58919 14796     cutoff   28      14351.8600 14255.9882  0.67%   128 2340s
 59181 14763     cutoff   38      14351.8600 14256.7092  0.66%   128 2352s
 59434 14727     cutoff   30      14351.8600 14257.2535  0.66%   129 2364s
 59606 14727     cutoff   37      14351.8600 14257.9096  0.65%   129 2365s
 59728 14687 14338.7469   30  165 14351.8600 14257.9194  0.65%   129 2376s
 59991 14678     cutoff   36      14351.8600 14258.6419  0.65%   129 2388s
 60347 14677     cutoff   37      14351.8600 14259.0821  0.65%   129 2401s
 60660 14669 14289.9375   31  121 14351.8600 14259.7438  0.64%   129 2416s
 60954 14629     cutoff   42      14351.8600 14260.4080  0.64%   129 2427s
 61070 14630     cutoff   50      14351.8600 14261.0486  0.63%   129 2474s
 61250 14589 14350.1900   44    - 14351.8600 14261.0605  0.63%   128 2486s
 61501 14558     cutoff   44      14351.8600 14261.5440  0.63%   129 2497s
 61816 14539 14317.1604   41  103 14351.8600 14262.1419  0.63%   128 2509s
 61905 14539 14317.7682   35  161 14351.8600 14262.1419  0.63%   129 2510s
 62118 14510     cutoff   53      14351.8600 14262.6199  0.62%   129 2521s
 62418 14461     cutoff   23      14351.8600 14263.4764  0.62%   129 2533s
 62691 14411 14313.7608   43  218 14351.8600 14263.8607  0.61%   129 2545s
 63016 14400 14301.8501   45   49 14351.8600 14264.6769  0.61%   128 2558s
 63328 14364 14306.5386   35  107 14351.8600 14265.2158  0.60%   128 2569s
 63443 14365 14333.5179   43    8 14351.8600 14265.2158  0.60%   128 2570s
 63578 14329     cutoff   44      14351.8600 14265.8693  0.60%   129 2581s
 63926 14339     cutoff   45      14351.8600 14266.5978  0.59%   128 2593s
 64309 14304 14347.8000   46    - 14351.8600 14267.0822  0.59%   128 2605s
 64603 14267     cutoff   46      14351.8600 14267.6892  0.59%   128 2617s
*64894 14231              52    14351.150000 14268.4116  0.58%   128 2618s
 64949 14209     cutoff   46      14351.1500 14268.4192  0.58%   128 2629s
H64953 12357                    14334.450000 14268.4192  0.46%   128 2629s
 65074 12357     cutoff   29      14334.4500 14268.4192  0.46%   128 2630s
 65252 12273     cutoff   38      14334.4500 14269.0197  0.46%   128 2642s
 65525 12165 14307.2686   26  277 14334.4500 14269.8246  0.45%   128 2653s
 65727 12042     cutoff   41      14334.4500 14270.5955  0.45%   128 2666s
 66008 11966 14315.8691   28  137 14334.4500 14271.4590  0.44%   128 2679s
 66245 11967 14323.0632   33   70 14334.4500 14272.1423  0.43%   128 2680s
 66332 11855     cutoff   42      14334.4500 14272.1471  0.43%   128 2699s
 66606 11721     cutoff   34      14334.4500 14273.0066  0.43%   128 2721s
*66736 11112              40    14331.170000 14273.0066  0.41%   128 2721s
 66932 11017     cutoff   38      14331.1700 14273.9794  0.40%   128 2734s
 67232 10899     cutoff   40      14331.1700 14274.8393  0.39%   128 2747s
 67588 10755     cutoff   39      14331.1700 14275.6927  0.39%   128 2761s
 67866 10605     cutoff   52      14331.1700 14276.4834  0.38%   128 2774s
 68167 10433     cutoff   28      14331.1700 14277.3454  0.38%   128 2788s
 68500 10236     cutoff   40      14331.1700 14278.4957  0.37%   128 2803s
 68891 10056     cutoff   33      14331.1700 14279.7398  0.36%   128 2819s
 69316  9873     cutoff   43      14331.1700 14280.9257  0.35%   128 2835s
 69725  9694     cutoff   51      14331.1700 14282.1686  0.34%   128 2853s
 70135  9471     cutoff   32      14331.1700 14283.1710  0.33%   128 2870s
 70560  9213     cutoff   27      14331.1700 14284.7170  0.32%   128 2888s
 71010  8999     cutoff   43      14331.1700 14286.0840  0.31%   128 2906s
 71445  8795     cutoff   38      14331.1700 14287.3749  0.31%   128 2923s
 71822  8533     cutoff   38      14331.1700 14288.5271  0.30%   127 2939s
 72212  8230 14302.0685   44  118 14331.1700 14290.0987  0.29%   127 2956s
 72687  7921 infeasible   44      14331.1700 14291.8089  0.27%   127 2974s
 73101  7921 14307.9393   41  158 14331.1700 14292.7733  0.27%   127 2975s
 73238  7543     cutoff   26      14331.1700 14293.4219  0.26%   127 2992s
 73851  7128     cutoff   48      14331.1700 14295.3504  0.25%   127 3011s
 74413  6678     cutoff   39      14331.1700 14297.4536  0.24%   127 3035s
 75048  6221     cutoff   41      14331.1700 14299.5116  0.22%   126 3066s
 75659  5725     cutoff   31      14331.1700 14301.5454  0.21%   126 3101s
 76334  5188     cutoff   46      14331.1700 14304.0303  0.19%   126 3135s
 77084  4637 14327.9190   50   51 14331.1700 14306.5080  0.17%   125 3153s
 77724  4031     cutoff   37      14331.1700 14308.9870  0.15%   125 3167s
 78481  3363     cutoff   40      14331.1700 14311.7750  0.14%   124 3181s
 79219  2630     cutoff   40      14331.1700 14314.7782  0.11%   124 3194s
 79617  2630     cutoff   50      14331.1700 14315.4753  0.11%   123 3196s
