




arguments: ./build/bc_mirp -f ./input/orig_exec_202.cfg
Current dir: /scratch/gui/bc_mirp
File verbosity level: 9
date       time         ( uptime  ) [ thread name/id ]                   file:line     v| 
2021-02-14 07:05:19.947 (   5.557s) [main thread     ]             loguru.cpp:789   INFO| Logging to './output/vi_vc+lex_full/OU/V2/Original/execution_14_02_2021_07_05_19.log', mode: 'a', verbosity: 9
--------------------------------------------------------------------------------
Parameters
                           instance_path           ./input/Instances/Original/5/
                            model_policy                                       1
                             nb_vehicles                                       2
                              output_dir ./output/vi_vc+lex_full/OU/V2/Original/
                            sec_strategy                                       1
                       solver_nb_threads                                       2
                         solver_show_log                                    true
                       solver_time_limit                                    3600
                              use_vi_cos                                   false
                              use_vi_cus                                   false
                         use_vi_hc1_full                                   false
                         use_vi_hc1_half                                   false
                      use_vi_hc1_quarter                                   false
                              use_vi_hc2                                   false
                              use_vi_hc3                                   false
                         use_vi_lex_full                                    true
                         use_vi_lex_half                                   false
                      use_vi_lex_quarter                                   false
                              use_vi_qua                                   false
                               use_vi_vc                                    true
                               use_vi_vr                                   false
--------------------------------------------------------------------------------
executing instance: ./input/Instances/Original/5/absH3low_4n50.dat
--------------------------------------------------------------------------------
Instance details
n	51
H	3
C	4066
Li:
[0, 0, 0, 0, 0, 0, 0, 0, 0, 0, 0, 0, 0, 0, 0, 0, 0, 0, 0, 0, 0, 0, 0, 0, 0, 0, 0, 0, 0, 0, 0, 0, 0, 0, 0, 0, 0, 0, 0, 0, 0, 0, 0, 0, 0, 0, 0, 0, 0, 0, 0, ]
Ui:
[0, 108, 126, 122, 66, 120, 48, 30, 128, 54, 158, 198, 36, 66, 210, 234, 147, 297, 171, 128, 116, 120, 219, 70, 294, 207, 134, 128, 234, 122, 22, 183, 195, 255, 132, 124, 66, 189, 219, 66, 128, 102, 288, 66, 87, 136, 36, 39, 282, 36, 237, ]
Distance matrix:
|0	210	444	498	509	104	438	228	487	304	456	434	526	476	163	47	293	396	293	290	313	85	280	437	293	336	409	106	449	376	433	478	193	404	404	534	278	181	380	507	189	438	263	473	353	216	202	218	452	254	465	|
|210	0	299	507	359	106	345	409	358	411	320	402	555	448	136	200	289	264	306	427	141	222	83	348	264	320	283	303	380	208	258	357	170	348	475	542	243	347	355	379	65	479	172	373	355	251	112	229	402	210	300	|
|444	299	0	363	65	358	116	542	66	440	26	241	425	272	282	407	251	51	276	490	159	397	224	124	217	237	48	490	170	99	83	74	261	180	430	385	214	479	231	85	270	390	184	116	271	300	409	276	210	215	54	|
|498	507	363	0	385	482	246	424	326	254	343	123	63	93	388	452	221	337	211	314	428	414	480	239	243	187	324	463	194	418	438	307	346	188	156	36	264	392	156	326	444	87	340	258	154	286	603	294	153	297	417	|
|509	359	65	385	0	422	145	602	59	492	59	269	448	292	348	472	305	115	329	545	218	462	281	152	274	286	106	554	192	153	116	78	326	216	472	403	274	540	271	63	334	425	249	127	316	361	468	337	233	278	69	|
|104	106	358	482	422	0	372	309	408	337	374	396	521	441	98	96	262	314	271	342	215	124	177	373	249	302	329	198	394	281	337	402	139	353	419	518	230	250	343	428	90	437	188	405	328	200	134	188	406	199	372	|
|438	345	116	246	145	372	0	485	87	357	97	126	309	155	279	394	180	101	200	414	223	373	288	8	157	150	84	459	53	188	196	68	245	72	328	269	165	427	128	97	297	280	184	36	175	250	456	233	94	184	170	|
|228	409	542	424	602	309	485	0	561	170	544	419	424	446	298	214	305	491	286	115	462	187	457	480	331	339	496	124	470	510	565	545	295	424	279	454	329	66	376	576	363	340	370	520	330	242	429	266	453	328	581	|
|487	358	66	326	59	408	87	561	0	441	40	211	389	233	324	446	258	95	281	497	220	431	287	95	230	234	79	522	133	164	146	19	297	160	415	344	233	500	215	21	323	367	224	68	261	320	470	299	174	242	106	|
|304	411	440	254	492	337	357	170	441	0	434	266	255	286	275	266	189	392	164	63	408	225	428	351	224	207	392	234	330	438	484	424	250	287	112	284	232	149	233	453	349	170	302	389	185	168	471	195	305	248	487	|
|456	320	26	343	59	374	97	544	40	434	0	223	406	252	294	418	247	60	271	487	181	405	247	105	215	229	49	498	149	124	109	48	270	165	419	364	215	482	218	60	288	375	194	92	261	302	431	279	190	220	75	|
|434	402	241	123	269	396	126	419	211	266	223	0	185	46	298	387	140	213	145	328	310	355	366	118	147	97	201	425	78	295	315	191	256	65	211	151	166	371	53	215	343	157	231	145	90	220	505	217	41	198	295	|
|526	555	425	63	448	521	309	424	389	255	406	185	0	156	430	481	266	398	252	310	485	442	534	301	293	237	386	480	257	478	500	370	390	249	145	55	313	401	212	389	491	89	392	321	201	322	646	334	216	345	479	|
|476	448	272	93	292	441	155	446	233	286	252	46	156	0	343	429	183	250	184	348	353	396	411	148	192	140	236	461	102	334	350	214	302	106	214	113	212	402	98	233	389	151	277	165	125	261	551	260	62	244	325	|
|163	136	282	388	348	98	279	298	324	275	294	298	430	343	0	124	167	234	178	296	167	121	162	279	151	205	247	216	297	224	280	316	42	256	340	423	132	232	246	344	74	349	100	314	233	115	216	97	308	101	307	|
|47	200	407	452	472	96	394	214	446	266	418	387	481	429	124	0	246	358	245	259	284	41	261	392	247	289	370	103	403	345	402	436	150	358	361	488	232	158	333	466	165	393	223	430	306	168	217	171	406	210	431	|
|293	289	251	221	305	262	180	305	258	189	247	140	266	183	167	246	0	204	26	240	238	215	276	175	37	43	203	289	169	255	297	242	125	122	202	257	52	248	87	272	225	191	134	215	67	80	382	77	163	81	298	|
|396	264	51	337	115	314	101	491	95	392	60	213	398	250	234	358	204	0	229	442	130	347	196	108	169	194	19	440	152	87	102	93	211	149	390	363	165	428	194	116	228	355	134	117	230	250	376	225	189	164	95	|
|293	306	276	211	329	271	200	286	281	164	271	145	252	184	178	245	26	229	0	216	262	212	297	195	63	53	228	280	184	280	323	264	138	137	178	248	76	232	95	294	241	173	156	234	60	77	395	83	172	102	324	|
|290	427	490	314	545	342	414	115	497	63	487	328	310	348	296	259	240	442	216	0	443	220	456	408	273	264	443	204	390	479	529	480	278	346	165	343	278	115	293	509	369	229	340	447	244	202	473	230	366	288	536	|
|313	141	159	428	218	215	223	462	220	408	181	310	485	353	167	284	238	130	262	443	0	288	67	228	202	252	149	382	267	67	122	221	168	247	440	459	186	396	273	241	125	423	107	245	291	242	251	214	297	162	160	|
|85	222	397	414	462	124	373	187	431	225	405	355	442	396	121	41	215	347	212	220	288	0	273	371	221	258	357	95	378	344	401	420	136	331	321	450	208	126	302	450	177	353	213	409	272	136	253	143	377	190	426	|
|280	83	224	480	281	177	288	457	287	428	247	366	534	411	162	261	276	196	297	456	67	273	0	292	243	298	215	363	329	128	176	288	179	305	475	513	224	392	324	307	96	466	143	311	335	261	187	235	357	195	219	|
|437	348	124	239	152	373	8	480	95	351	105	118	301	148	279	392	175	108	195	408	228	371	292	0	154	144	91	456	46	194	203	76	244	65	320	261	163	423	121	103	299	273	185	40	168	247	459	230	86	183	178	|
|293	264	217	243	274	249	157	331	230	224	215	147	293	192	151	247	37	169	63	273	202	221	243	154	0	57	170	303	157	217	260	215	110	111	238	278	21	271	94	245	201	223	100	193	92	93	362	78	160	54	263	|
|336	320	237	187	286	302	150	339	234	207	229	97	237	140	205	289	43	194	53	264	252	258	298	144	57	0	190	331	131	257	294	216	163	84	197	221	77	285	44	246	258	172	155	183	39	123	418	119	120	110	288	|
|409	283	48	324	106	329	84	496	79	392	49	201	386	236	247	370	203	19	228	443	149	357	215	91	170	190	0	449	136	105	114	75	221	138	384	349	168	434	185	99	245	346	146	98	224	255	394	231	174	171	99	|
|106	303	490	463	554	198	459	124	522	234	498	425	480	461	216	103	289	440	280	204	382	95	363	456	303	331	449	0	458	439	496	510	229	410	344	498	293	89	374	540	267	391	307	495	336	211	308	226	451	280	520	|
|449	380	170	194	192	394	53	470	133	330	149	78	257	102	297	403	169	152	184	390	267	378	329	46	157	131	136	458	0	238	249	114	259	47	287	216	171	416	96	137	327	235	211	67	145	247	488	235	41	197	223	|
|376	208	99	418	153	281	188	510	164	438	124	295	478	334	224	345	255	87	280	479	67	344	128	194	217	257	105	439	238	0	57	169	216	230	453	445	206	445	268	184	191	427	141	202	296	278	315	250	274	191	92	|
|433	258	83	438	116	337	196	565	146	484	109	315	500	350	280	402	297	102	323	529	122	401	176	203	260	294	114	496	249	57	0	157	271	252	490	463	251	499	296	162	247	457	195	199	331	329	362	302	288	241	47	|
|478	357	74	307	78	402	68	545	19	424	48	191	370	214	316	436	242	93	264	480	221	420	288	76	215	216	75	510	114	169	157	0	287	141	396	325	219	485	196	31	319	347	216	49	243	306	469	286	154	230	120	|
|193	170	261	346	326	139	245	295	297	250	270	256	390	302	42	150	125	211	138	278	168	136	179	244	110	163	221	229	259	216	271	287	0	216	305	382	91	229	204	316	105	310	78	280	192	83	257	60	268	62	292	|
|404	348	180	188	216	353	72	424	160	287	165	65	249	106	256	358	122	149	137	346	247	331	305	65	111	84	138	410	47	230	252	141	216	0	255	215	126	369	56	168	292	210	177	102	103	200	454	189	54	155	234	|
|404	475	430	156	472	419	328	279	415	112	419	211	145	214	340	361	202	390	178	165	440	321	475	320	238	197	384	344	287	453	490	396	305	255	0	181	254	261	201	422	410	69	335	353	160	225	551	246	252	280	482	|
|534	542	385	36	403	518	269	454	344	284	364	151	55	113	423	488	257	363	248	343	459	450	513	261	278	221	349	498	216	445	463	325	382	215	181	0	298	425	189	342	479	115	373	276	190	323	638	330	175	332	439	|
|278	243	214	264	274	230	165	329	233	232	215	166	313	212	132	232	52	165	76	278	186	208	224	163	21	77	168	293	171	206	251	219	91	126	254	298	0	267	114	250	181	242	82	202	112	88	341	68	177	33	258	|
|181	347	479	392	540	250	427	66	500	149	482	371	401	402	232	158	248	428	232	115	396	126	392	423	271	285	434	89	416	445	499	485	229	369	261	425	267	0	325	516	298	313	305	463	281	180	375	203	403	264	516	|
|380	355	231	156	271	343	128	376	215	233	218	53	212	98	246	333	87	194	95	293	273	302	324	121	94	44	185	374	96	268	296	196	204	56	201	189	114	325	0	224	294	161	185	157	49	167	455	163	78	147	284	|
|507	379	85	326	63	428	97	576	21	453	60	215	389	233	344	466	272	116	294	509	241	450	307	103	245	246	99	540	137	184	162	31	316	168	422	342	250	516	224	0	344	371	244	70	271	337	490	317	176	261	120	|
|189	65	270	444	334	90	297	363	323	349	288	343	491	389	74	165	225	228	241	369	125	177	96	299	201	258	245	267	327	191	247	319	105	292	410	479	181	298	294	344	0	414	116	328	291	187	163	165	345	147	282	|
|438	479	390	87	425	437	280	340	367	170	375	157	89	151	349	393	191	355	173	229	423	353	466	273	223	172	346	391	235	427	457	347	310	210	69	115	242	313	161	371	414	0	323	301	133	238	565	253	197	273	444	|
|263	172	184	340	249	188	184	370	224	302	194	231	392	277	100	223	134	134	156	340	107	213	143	185	100	155	146	307	211	141	195	216	78	177	335	373	82	305	185	244	116	323	0	217	192	138	278	110	230	55	214	|
|473	373	116	258	127	405	36	520	68	389	92	145	321	165	314	430	215	117	234	447	245	409	311	40	193	183	98	495	67	202	199	49	280	102	353	276	202	463	157	70	328	301	217	0	205	286	485	269	106	220	167	|
|353	355	271	154	316	328	175	330	261	185	261	90	201	125	233	306	67	230	60	244	291	272	335	168	92	39	224	336	145	296	331	243	192	103	160	190	112	281	49	271	291	133	192	205	0	138	449	141	123	145	323	|
|216	251	300	286	361	200	250	242	320	168	302	220	322	261	115	168	80	250	77	202	242	136	261	247	93	123	255	211	247	278	329	306	83	200	225	323	88	180	167	337	187	238	138	286	138	0	328	28	243	88	340	|
|202	112	409	603	468	134	456	429	470	471	431	505	646	551	216	217	382	376	395	473	251	253	187	459	362	418	394	308	488	315	362	469	257	454	551	638	341	375	455	490	163	565	278	485	449	328	0	313	508	308	406	|
|218	229	276	294	337	188	233	266	299	195	279	217	334	260	97	171	77	225	83	230	214	143	235	230	78	119	231	226	235	250	302	286	60	189	246	330	68	203	163	317	165	253	110	269	141	28	313	0	235	61	315	|
|452	402	210	153	233	406	94	453	174	305	190	41	216	62	308	406	163	189	172	366	297	377	357	86	160	120	174	451	41	274	288	154	268	54	252	175	177	403	78	176	345	197	230	106	123	243	508	235	0	207	264	|
|254	210	215	297	278	199	184	328	242	248	220	198	345	244	101	210	81	164	102	288	162	190	195	183	54	110	171	280	197	191	241	230	62	155	280	332	33	264	147	261	147	273	55	220	145	88	308	61	207	0	253	|
|465	300	54	417	69	372	170	581	106	487	75	295	479	325	307	431	298	95	324	536	160	426	219	178	263	288	99	520	223	92	47	120	292	234	482	439	258	516	284	120	282	444	214	167	323	340	406	315	264	253	0	|

--------------------------------------------------------------------------------
Building model...
	using lazy and cut (CVRPSEP package)
Solving IRP LP...
--------------------------------------------------------------------------------

Gurobi 9.1.0 (linux64) logging started Sun Feb 14 07:05:25 2021

Gurobi Optimizer version 9.1.0 build v9.1.0rc0 (linux64)
Thread count: 32 physical cores, 32 logical processors, using up to 2 threads
Optimize a model with 1275 rows, 8460 columns and 19584 nonzeros
Model fingerprint: 0x9ba57f15
Variable types: 504 continuous, 7956 integer (306 binary)
Coefficient statistics:
  Matrix range     [1e+00, 2e+15]
  Objective range  [1e-02, 6e+02]
  Bounds range     [1e+00, 3e+02]
  RHS range        [1e+00, 7e+03]
Warning: Model contains large matrix coefficient range
         Consider reformulating model or setting NumericFocus parameter
         to avoid numerical issues.
Presolve removed 301 rows and 198 columns
Presolve time: 0.10s
Presolved: 974 rows, 8262 columns, 18391 nonzeros
Variable types: 354 continuous, 7908 integer (7608 binary)

Root relaxation: objective 3.280950e+03, 904 iterations, 0.02 seconds

    Nodes    |    Current Node    |     Objective Bounds      |     Work
 Expl Unexpl |  Obj  Depth IntInf | Incumbent    BestBd   Gap | It/Node Time

     0     0 3280.94990    0  140          - 3280.94990      -     -    0s
     0     0 3654.87966    0  137          - 3654.87966      -     -    0s
     0     0 3654.87966    0  103          - 3654.87966      -     -    1s
     0     0 3654.87966    0  138          - 3654.87966      -     -    1s
     0     0 3763.37620    0  140          - 3763.37620      -     -    1s
     0     0 3774.52076    0  150          - 3774.52076      -     -    1s
     0     0 3774.54486    0  144          - 3774.54486      -     -    1s
     0     0 4213.13810    0  167          - 4213.13810      -     -    1s
     0     0 4338.18846    0  162          - 4338.18846      -     -    1s
     0     0 4347.09124    0  212          - 4347.09124      -     -    1s
     0     0 4371.66321    0  228          - 4371.66321      -     -    1s
     0     0 4383.54933    0  242          - 4383.54933      -     -    1s
     0     0 4390.56367    0  184          - 4390.56367      -     -    1s
     0     0 4393.10203    0  229          - 4393.10203      -     -    1s
     0     0 4393.17781    0  229          - 4393.17781      -     -    1s
     0     0 4487.20593    0  252          - 4487.20593      -     -    1s
     0     0 4515.87285    0  192          - 4515.87285      -     -    1s
     0     0 4527.23948    0  218          - 4527.23948      -     -    3s
     0     0 4533.65069    0  303          - 4533.65069      -     -    3s
     0     0 4534.51708    0  252          - 4534.51708      -     -    3s
     0     0 4560.82106    0  325          - 4560.82106      -     -    3s
     0     0 4572.14190    0  330          - 4572.14190      -     -    3s
     0     0 4574.41855    0  342          - 4574.41855      -     -    3s
     0     0 4576.42650    0  328          - 4576.42650      -     -    3s
     0     0 4576.61475    0  357          - 4576.61475      -     -    3s
     0     0 4586.86513    0  345          - 4586.86513      -     -    3s
     0     0 4589.67263    0  321          - 4589.67263      -     -    3s
     0     0 4590.43947    0  332          - 4590.43947      -     -    3s
     0     0 4592.08228    0  359          - 4592.08228      -     -    3s
     0     0 4592.08228    0  359          - 4592.08228      -     -    3s
     0     2 4592.08228    0  359          - 4592.08228      -     -    4s
    18    21 4689.12791    6  251          - 4628.84945      -   188    5s
*  421   383             193    7334.4500000 4628.84945  36.9%  46.6    8s
*  430   378             194    7301.4500000 4628.84945  36.6%  45.8    9s
*  431   378             194    7299.4500000 4628.84945  36.6%  45.7    9s
   489   437 5461.49247   87   29 7299.45000 4628.84945  36.6%  49.3   10s
   627   562 4725.88572    9  276 7299.45000 4630.40583  36.6%  54.3   15s
   732   660 5891.09500  122  137 7299.45000 4630.40583  36.6%  67.7   20s
H  733   627                    7274.4500000 4630.40583  36.3%  67.6   20s
   753   640 5645.15000  106  478 7274.45000 4630.40583  36.3%  65.8   25s
   766   649 6290.77500  156  382 7274.45000 4630.40583  36.3%  64.7   34s
   767   649 6290.77500  156  382 7274.45000 4630.40583  36.3%  64.6   35s
   782   663 4681.88951   16  228 7274.45000 4647.41888  36.1%  75.7   40s
   828   696 4851.23296   29  231 7274.45000 4647.41888  36.1%  88.4   45s
H  849   676                    7258.4500000 4647.41888  36.0%  92.7   46s
   935   741 4997.14792   45   74 7258.45000 4647.41888  36.0%  92.3   50s
H 1070   802                    7040.4500000 4647.41888  34.0%  88.0   54s
H 1074   771                    6636.1400000 4647.41888  30.0%  88.2   54s
  1113   789 5200.98873   60   59 6636.14000 4647.41888  30.0%  87.2   55s
  1254   855 5346.41258   78   63 6636.14000 4647.41888  30.0%  84.5   60s
  1321   896 5464.77486  105   80 6636.14000 4647.41888  30.0%  88.9   65s
  1394   953 5583.73012  130   71 6636.14000 4647.41888  30.0%  90.7   95s
  1548  1071 5707.51926  174   69 6636.14000 4647.41888  30.0%  89.6  100s
  1768  1198 5804.08139  222   65 6636.14000 4647.41888  30.0%  84.3  105s
  1927  1239 6047.51857  271   29 6636.14000 4647.41888  30.0%  81.8  110s
H 2067  1198                    6464.3800000 4647.41888  28.1%  79.1  113s
  2081  1209 4741.73225   16  253 6464.38000 4669.93274  27.8%  80.1  116s
  2135  1274 4906.37834   28  135 6464.38000 4669.93274  27.8%  80.6  121s
  2220  1349 5081.78548   42  134 6464.38000 4669.93274  27.8%  81.1  126s
  2284  1384 5193.77363   52  102 6464.38000 4669.93274  27.8%  80.4  130s
  2445  1458 5550.27156  103   14 6464.38000 4669.93274  27.8%  78.3  135s
  2613  1618 6022.21000  136    8 6464.38000 4681.34720  27.6%  75.3  181s
  2660  1699 6137.34000  135    - 6464.38000 4691.49464  27.4%  76.5  186s
  2792  1765 4959.75839   20  187 6464.38000 4691.72866  27.4%  75.9  190s
  2839  1831 5145.03066   38  107 6464.38000 4691.72866  27.4%  77.4  195s
  2975  1920 infeasible  107      6464.38000 4695.20876  27.4%  77.1  200s
  3023  1996 4898.30887   18  199 6464.38000 4695.20876  27.4%  79.3  212s
  3076  2080 5051.87842   23  286 6464.38000 4695.20876  27.4%  79.8  216s
  3159  2164 5108.83008   26  285 6464.38000 4695.20876  27.4%  78.9  229s
  3271  2187 5210.29060   32  268 6464.38000 4695.20876  27.4%  77.9  231s
  3327  2316 5497.41772   43  202 6464.38000 4695.20876  27.4%  80.2  239s
  3433  2424 5706.57661   47  217 6464.38000 4705.38330  27.2%  79.0  243s
  3581  2478 4794.15578   16  217 6464.38000 4705.39108  27.2%  77.7  247s
  3635  2642 5400.82946   48  111 6464.38000 4706.15443  27.2%  78.2  252s
  3822  2670 6427.83731  105   64 6464.38000 4713.40074  27.1%  76.1  256s
  3883  2679     cutoff  111      6464.38000 4720.47636  27.0%  76.5  264s
  3887  2679     cutoff  123      6464.38000 4723.83290  26.9%  76.9  291s
  3941  2782 5350.89524   49  159 6464.38000 4723.83290  26.9%  78.3  298s
  3996  2878 5760.14576   92   22 6464.38000 4724.49476  26.9%  77.9  304s
  4084  2881 5558.92311   54  165 6464.38000 4729.33434  26.8%  77.2  305s
  4163  3019 5157.78182   44   84 6464.38000 4736.58071  26.7%  78.3  313s
  4300  3121 5154.91979   35  182 6464.38000 4737.23774  26.7%  77.9  318s
  4425  3197     cutoff  115      6464.38000 4740.93424  26.7%  78.0  324s
  4462  3198 5221.40640   42  101 6464.38000 4741.40312  26.7%  78.6  352s
  4527  3263     cutoff  114      6464.38000 4743.19399  26.6%  78.4  357s
  4594  3404 5056.68458   33  150 6464.38000 4743.19399  26.6%  79.6  362s
  4755  3532 5539.52000   53   12 6464.38000 4746.17874  26.6%  79.3  369s
  4932  3640     cutoff  138      6464.38000 4746.68681  26.6%  78.5  375s
  5070  3826     cutoff  136      6464.38000 4748.28011  26.5%  78.5  382s
  5265  3994 5219.37804   40  208 6464.38000 4753.73138  26.5%  77.5  388s
  5459  4039 infeasible  164      6464.38000 4754.88414  26.4%  76.9  394s
  5482  4039     cutoff  199      6464.38000 4755.08637  26.4%  77.6  395s
  5505  4131 5151.17420   30  128 6464.38000 4755.08637  26.4%  78.3  401s
  5597  4356 5351.92561   46   57 6464.38000 4755.08637  26.4%  79.6  409s
  5843  4356 6144.53167  197    9 6464.38000 4755.08637  26.4%  77.7  410s
  5854  4565 5811.84958   70  134 6464.38000 4758.80179  26.4%  78.0  416s
  6087  4703 6401.90571  186   11 6464.38000 4762.74060  26.3%  77.0  424s
  6248  4779     cutoff  199      6464.38000 4763.56883  26.3%  77.1  430s
  6343  4935 5319.64280   51  171 6464.38000 4764.81060  26.3%  78.1  438s
  6528  5026 4968.84858   20  407 6464.38000 4765.32936  26.3%  77.7  487s
  6614  5167 5179.71370   24  201 6464.38000 4765.32936  26.3%  78.0  496s
  6783  5281 5549.68653   38  174 6464.38000 4765.32936  26.3%  78.1  504s
  6862  5281 5874.35121   82   48 6464.38000 4765.32936  26.3%  78.2  505s
  6909  5404 6368.20896   73   45 6464.38000 4766.94153  26.3%  78.3  512s
  7043  5525 5956.48333  107   32 6464.38000 4768.97874  26.2%  78.4  527s
  7182  5710 6460.74279  135   10 6464.38000 4770.28249  26.2%  78.6  536s
  7398  5821     cutoff  138      6464.38000 4771.47084  26.2%  77.7  545s
  7538  5892 5050.20886   29  236 6464.38000 4772.34622  26.2%  78.2  566s
  7609  6067 5593.54000   66   87 6464.38000 4772.45834  26.2%  78.7  575s
  7837  6135     cutoff  138      6464.38000 4772.65943  26.2%  78.1  584s
  7906  6344 5336.68296   35   45 6464.38000 4772.90496  26.2%  79.3  596s
  8127  6398 5853.47000   76    - 6464.38000 4772.90496  26.2%  79.4  623s
  8227  6536 5876.93500   76   14 6464.38000 4772.90496  26.2%  80.7  633s
  8389  6577 6382.90000  184    - 6464.38000 4773.13086  26.2%  81.5  641s
  8426  6692     cutoff  184      6464.38000 4773.55901  26.2%  83.2  650s
  8565  6909 4845.36020   23  378 6464.38000 4774.44841  26.1%  83.9  668s
  8812  6973     cutoff  159      6464.38000 4775.76152  26.1%  83.6  678s
  8880  7103 5399.82901   60  117 6464.38000 4776.84670  26.1%  84.4  687s
  9032  7370 5143.74353   41  228 6464.38000 4778.91087  26.1%  84.8  698s
  9374  7537 6178.75000  188    - 6464.38000 4779.78870  26.1%  83.2  718s
  9558  7653 6288.88000  188   20 6464.38000 4782.49432  26.0%  83.4  727s
  9701  7729 infeasible  197      6464.38000 4783.48319  26.0%  83.6  737s
  9776  7834 5325.35852   44  162 6464.38000 4783.49252  26.0%  84.5  746s
  9894  7971 6436.01749  122   26 6464.38000 4783.57381  26.0%  84.4  756s
 10054  8127 5783.68348   66   10 6464.38000 4783.75266  26.0%  84.6  766s
 10135  8127 5820.06909  147   14 6464.38000 4783.75266  26.0%  84.0  789s
 10232  8233 6385.22767  157   14 6464.38000 4784.18056  26.0%  84.4  798s
 10345  8451 5715.23730   61  117 6464.38000 4785.37625  26.0%  84.9  808s
 10590  8614 5529.67714   48  106 6464.38000 4785.89997  26.0%  84.5  819s
 10787  8707     cutoff  118      6464.38000 4786.88646  25.9%  84.3  829s
 10895  8903 5468.49235   51  137 6464.38000 4787.27068  25.9%  84.7  846s
 11119  9033 5021.02634   27  154 6464.38000 4787.57329  25.9%  84.4  857s
 11269  9142 4910.49923   26  269 6464.38000 4787.67312  25.9%  84.8  867s
 11396  9259 5773.96291   88   43 6464.38000 4787.94749  25.9%  85.2  877s
 11526  9408 5503.12838   51   84 6464.38000 4789.97289  25.9%  85.6  894s
 11699  9526 5054.93098   39  175 6464.38000 4790.68789  25.9%  85.7  913s
 11829  9701 5224.48859   68  131 6464.38000 4793.19238  25.9%  86.3  923s
 12050  9853     cutoff  147      6464.38000 4794.43533  25.8%  86.1  935s
 12130  9860 5738.64500   79   12 6464.38000 4795.64786  25.8%  86.1  969s
 12222  9874 5077.23919   37   95 6464.38000 4795.64786  25.8%  86.0  970s
 12237  9977 6025.99800   75   16 6464.38000 4795.76210  25.8%  86.0  980s
 12409 10145 6382.96000   79    - 6464.38000 4796.71229  25.8%  86.0  991s
 12609 10225 5931.54500  105   15 6464.38000 4797.60614  25.8%  85.8 1063s
*12683 10062             121    6399.4400000 4797.80540  25.0%  85.8 1063s
 12719 10202 5324.21258   43  159 6399.44000 4797.80540  25.0%  86.2 1074s
 12870 10334 6391.30879  118   36 6399.44000 4798.20188  25.0%  86.2 1084s
 12962 10334 5926.68494   91    8 6399.44000 4801.01618  25.0%  86.2 1085s
 13065 10419 5022.47758   31  166 6399.44000 4801.08894  25.0%  86.0 1095s
 13168 10544 5045.46985   34  114 6399.44000 4801.37398  25.0%  86.4 1175s
 13329 10652 4963.45839   21  327 6399.44000 4801.37398  25.0%  86.8 1189s
 13450 10810 5230.13439   51  160 6399.44000 4801.51563  25.0%  86.9 1200s
 13621 10925 5036.92300   28  143 6399.44000 4801.64456  25.0%  86.8 1222s
 13758 10938 6388.98000  103    - 6399.44000 4802.05233  25.0%  86.9 1233s
 13774 11010     cutoff  103      6399.44000 4802.17593  25.0%  87.1 1242s
 13861 11164 5345.87956   46  190 6399.44000 4802.41426  25.0%  87.5 1252s
 14038 11258 infeasible  112      6399.44000 4802.56971  25.0%  87.3 1278s
 14166 11330 5225.41024   44  204 6399.44000 4802.99729  24.9%  87.3 1324s
 14268 11430     cutoff   90      6399.44000 4803.99348  24.9%  87.6 1335s
 14394 11575 5346.57474   53  173 6399.44000 4805.12104  24.9%  87.9 1347s
 14568 11682     cutoff  119      6399.44000 4805.97918  24.9%  87.8 1359s
 14697 11730 5070.55400   23  274 6399.44000 4806.37010  24.9%  88.2 1369s
 14745 11785 5334.52445   42  146 6399.44000 4806.37010  24.9%  88.9 1380s
 14800 11900 5740.94173   53   71 6399.44000 4806.67515  24.9%  89.4 1450s
 14984 12068 4944.14569   35   92 6399.44000 4806.95404  24.9%  89.5 1466s
 15189 12172 5205.02813   27  239 6399.44000 4807.13961  24.9%  89.3 1478s
 15303 12297 6026.96586  113   26 6399.44000 4808.04405  24.9%  89.6 1523s
 15474 12425 infeasible   68      6399.44000 4808.43296  24.9%  89.7 1537s
 15598 12511 6278.46480  121   35 6399.44000 4808.57772  24.9%  89.9 1550s
 15691 12695 5429.31591   49  145 6399.44000 4808.76617  24.9%  90.3 1564s
 15774 12697 5664.16891   58   69 6399.44000 4808.86451  24.9%  90.3 1565s
 15925 12816 5207.07533   28  164 6399.44000 4808.86451  24.9%  89.9 1575s
 16042 12944 6048.57946   55   83 6399.44000 4808.89968  24.9%  90.2 1592s
 16206 13121 5131.97995   38   26 6399.44000 4810.29767  24.8%  90.5 1607s
 16437 13250 6021.12833  102   35 6399.44000 4810.70726  24.8%  90.3 1619s
 16592 13320 4993.46660   26  234 6399.44000 4811.30531  24.8%  90.5 1630s
 16648 13451 5344.72707   38  234 6399.44000 4811.30531  24.8%  91.2 1720s
 16779 13659 5814.94688   76   42 6399.44000 4811.38433  24.8%  91.4 1733s
 17030 13795 6290.15000  111    - 6399.44000 4812.33365  24.8%  91.0 1746s
 17208 14027     cutoff  145      6399.44000 4813.63915  24.8%  90.9 1759s
 17307 14027 6135.11000  113    4 6399.44000 4813.63915  24.8%  90.7 1760s
 17459 14138     cutoff  128      6399.44000 4813.70961  24.8%  90.4 1773s
 17597 14269 5100.84500   36   28 6399.44000 4815.64247  24.7%  90.7 1785s
 17777 14421 5223.48000   54    - 6399.44000 4816.20321  24.7%  90.7 1803s
 17950 14524     cutoff   73      6399.44000 4816.98281  24.7%  90.8 1819s
 18092 14554 5104.21099   27  247 6399.44000 4818.30631  24.7%  90.9 1830s
 18122 14642 5233.12139   34  320 6399.44000 4818.30631  24.7%  91.4 1842s
 18210 14779 5676.11005   50  124 6399.44000 4818.30631  24.7%  91.9 1890s
 18409 14904 6362.15000   85    - 6399.44000 4818.50618  24.7%  91.7 1903s
 18559 15052 infeasible  112      6399.44000 4818.54958  24.7%  91.7 1918s
 18726 15127 5617.54586   53   84 6399.44000 4818.54958  24.7%  91.8 1972s
 18817 15236 5193.61476   28  293 6399.44000 4820.18479  24.7%  92.3 1992s
 18957 15269 5775.05000   68    - 6399.44000 4820.44714  24.7%  92.3 2003s
 18990 15371 5752.94000   68    - 6399.44000 4820.52669  24.7%  92.9 2070s
 19142 15498     cutoff  102      6399.44000 4820.65269  24.7%  92.9 2085s
 19267 15584     cutoff   89      6399.44000 4821.42858  24.7%  93.0 2098s
 19390 15680 5053.75799   25  277 6399.44000 4821.69270  24.7%  93.3 2122s
 19484 15825 5813.05382   84   95 6399.44000 4822.03896  24.6%  93.6 2136s
 19668 15918 5263.31562   47   77 6399.44000 4822.49587  24.6%  93.4 2157s
 19780 15996     cutoff  130      6399.44000 4823.77809  24.6%  93.4 2171s
 19882 16055 5079.77869   28  271 6399.44000 4824.10149  24.6%  93.8 2190s
 19942 16171 5278.56906   39  104 6399.44000 4824.10149  24.6%  94.2 2202s
 20089 16252     cutoff   69      6399.44000 4824.42101  24.6%  94.3 2222s
 20149 16252 6391.08000   90    - 6399.44000 4824.62015  24.6%  94.4 2258s
 20180 16408 5508.24000   63   72 6399.44000 4824.85992  24.6%  94.6 2272s
 20378 16584 5969.08746  108   21 6399.44000 4825.60030  24.6%  94.3 2285s
 20591 16701     cutoff  119      6399.44000 4826.09560  24.6%  94.1 2316s
 20711 16744 5020.59593   23  195 6399.44000 4826.09560  24.6%  94.3 2333s
 20770 16828 5503.89297   35  136 6399.44000 4826.09560  24.6%  94.7 2345s
 20874 16941 5837.32922   49   43 6399.44000 4827.19399  24.6%  95.0 2415s
*20947 16358             108    6304.2500000 4827.49423  23.4%  95.1 2415s
 21022 16485 5341.33000   50   14 6304.25000 4828.10890  23.4%  95.1 2430s
*21122 16377             110    6287.1300000 4829.19664  23.2%  95.0 2430s
 21219 16455 5904.03063   84   26 6287.13000 4829.24887  23.2%  94.9 2443s
 21316 16599 5295.48103   52   33 6287.13000 4830.03479  23.2%  95.2 2537s
 21517 16710 6281.48000  117    - 6287.13000 4832.27802  23.1%  95.0 2552s
 21645 16779     cutoff  117      6287.13000 4832.95620  23.1%  95.1 2564s
 21707 16912 5434.65222   38   99 6287.13000 4833.30310  23.1%  95.4 2579s
 21861 17018     cutoff   87      6287.13000 4833.43710  23.1%  95.4 2592s
 22001 17132 5569.03873   40  128 6287.13000 4833.77656  23.1%  95.5 2603s
 22156 17222 6266.80000  105    - 6287.13000 4835.09666  23.1%  95.4 2615s
 22246 17360     cutoff  105      6287.13000 4835.17473  23.1%  95.7 2628s
 22423 17431     cutoff   93      6287.13000 4836.70957  23.1%  95.5 2649s
 22508 17483 infeasible   94      6287.13000 4837.25314  23.1%  95.7 2662s
 22569 17628 5562.75833   35  136 6287.13000 4837.61165  23.1%  96.1 2673s
 22740 17672     cutoff   96      6287.13000 4837.63886  23.1%  96.0 2686s
 22796 17787 5089.78357   36   72 6287.13000 4837.75805  23.1%  96.2 2727s
 22838 17787 5121.02540   34  179 6287.13000 4837.75805  23.1%  96.3 2732s
 22927 18042 5337.87102   62   69 6287.13000 4837.75805  23.1%  96.3 2746s
 23184 18189 5572.71000   73    8 6287.13000 4837.92834  23.1%  95.9 2762s
 23308 18200 6085.24762  126    6 6287.13000 4838.69570  23.0%  95.7 2809s
 23403 18202 6274.90027   68   24 6287.13000 4838.69570  23.0%  95.6 2810s
 23408 18255     cutoff  196      6287.13000 4839.21957  23.0%  95.6 2821s
 23486 18325 5051.07682   28  315 6287.13000 4839.43521  23.0%  95.9 2835s
 23567 18422 5462.67529   54  130 6287.13000 4840.40333  23.0%  96.1 2898s
 23700 18471 5072.30184   24  324 6287.13000 4840.89432  23.0%  96.2 2912s
 23742 18597 5383.32296   31  135 6287.13000 4840.89432  23.0%  96.5 2926s
 23868 18921 5761.52000   55   36 6287.13000 4841.13391  23.0%  96.6 2971s
 24250 19033     cutoff  136      6287.13000 4841.24950  23.0%  95.6 2991s
 24385 19162 5516.50438   54   76 6287.13000 4841.52935  23.0%  95.8 3042s
 24552 19242 6286.15000   95    - 6287.13000 4841.70077  23.0%  95.8 3062s
 24647 19318     cutoff   95      6287.13000 4842.02792  23.0%  96.0 3076s
 24688 19318 5057.32685   26  136 6287.13000 4842.20598  23.0%  96.1 3091s
 24754 19447 5550.53148   62   27 6287.13000 4842.21686  23.0%  96.2 3107s
 24897 19626 6034.64385   85   25 6287.13000 4842.29409  23.0%  96.2 3132s
 25147 19674 6224.20500  106   12 6287.13000 4843.47002  23.0%  95.8 3146s
 25193 19691 infeasible  109      6287.13000 4843.47777  23.0%  96.1 3162s
 25216 19828 5292.91711   31  186 6287.13000 4843.65457  23.0%  96.2 3193s
 25373 19900 6278.26000  115    - 6287.13000 4844.09877  23.0%  96.2 3254s
 25479 19996 5279.13035   35  189 6287.13000 4844.78965  22.9%  96.3 3270s
 25579 20144 5324.97283   37  199 6287.13000 4844.99399  22.9%  96.5 3294s
 25756 20256 6143.45000   95    - 6287.13000 4845.17237  22.9%  96.3 3333s
 25880 20350 6205.11909   95   65 6287.13000 4845.39811  22.9%  96.4 3352s
 26013 20442 6089.03765   69   32 6287.13000 4846.00552  22.9%  96.5 3371s
 26134 20560 6055.04958   50  100 6287.13000 4846.11227  22.9%  96.7 3386s
 26311 20644     cutoff   64      6287.13000 4846.74533  22.9%  96.6 3418s
 26404 20791 5034.63846   32  244 6287.13000 4847.27527  22.9%  96.8 3453s
 26594 20913     cutoff  111      6287.13000 4847.73962  22.9%  96.8 3467s
 26741 21140 5615.22387   85   88 6287.13000 4848.60068  22.9%  96.8 3486s
 26994 21245     cutoff  135      6287.13000 4848.69317  22.9%  96.3 3500s
 27149 21321 6065.99911   73   18 6287.13000 4849.34541  22.9%  96.3 3516s
 27231 21460 5299.49973   34  136 6287.13000 4849.59210  22.9%  96.5 3532s
 27401 21568 5399.60635   43  126 6287.13000 4849.59210  22.9%  96.4 3560s
 27521 21608     cutoff   74      6287.13000 4849.92459  22.9%  96.5 3573s
 27579 21728 5307.10086   31  108 6287.13000 4849.97208  22.9%  96.7 3588s
 27755 21791     cutoff   99      6287.13000 4850.35697  22.9%  96.6 3600s
 27798 21792 6269.26556   85   14 6287.13000 4850.36369  22.9%  96.6 3625s

Cutting planes:
  User: 2217
  Gomory: 34
  Cover: 265
  Implied bound: 85
  Clique: 32
  MIR: 77
  StrongCG: 1
  Flow cover: 252
  GUB cover: 3
  Zero half: 32
  RLT: 157
  Relax-and-lift: 2
  Lazy constraints: 9229

Explored 27823 nodes (2697757 simplex iterations) in 3626.09 seconds
Thread count was 2 (of 32 available processors)

Solution count 10: 6287.13 6304.25 6399.44 ... 7301.45

Time limit reached
Best objective 6.287130000000e+03, best bound 4.850363693722e+03, gap 22.8525%

User-callback calls 341538, time in user-callback 1258.69 sec
================================================================================
executing instance: ./input/Instances/Original/5/absH3low_4n25.dat
--------------------------------------------------------------------------------
Instance details
n	26
H	3
C	2029
Li:
[0, 0, 0, 0, 0, 0, 0, 0, 0, 0, 0, 0, 0, 0, 0, 0, 0, 0, 0, 0, 0, 0, 0, 0, 0, 0, ]
Ui:
[0, 34, 165, 76, 88, 188, 58, 279, 52, 132, 198, 142, 135, 165, 186, 58, 201, 196, 40, 183, 32, 90, 168, 126, 93, 146, ]
Distance matrix:
|0	299	188	235	91	202	152	147	162	277	268	132	71	162	220	69	220	289	241	124	265	80	162	132	66	302	|
|299	0	468	431	282	142	317	425	443	569	193	178	359	302	422	231	93	28	511	325	457	242	434	215	240	601	|
|188	468	0	153	265	342	308	43	192	106	455	290	117	206	142	246	379	464	252	274	360	267	211	319	231	184	|
|235	431	153	0	326	289	386	145	321	240	482	269	184	129	15	258	339	436	393	355	477	305	336	354	237	334	|
|91	282	265	326	0	228	66	228	166	339	196	157	154	242	311	99	225	264	229	50	201	47	153	71	115	340	|
|202	142	342	289	228	0	285	301	363	447	255	73	245	161	281	139	53	151	440	278	428	181	360	187	136	495	|
|152	317	308	386	66	285	0	275	167	368	188	217	207	308	371	163	274	295	210	34	145	108	148	104	181	350	|
|147	425	43	145	228	301	275	0	179	146	415	248	76	172	131	203	337	421	248	242	341	227	195	279	188	211	|
|162	443	192	321	166	363	167	179	0	216	352	291	152	302	307	225	375	428	81	138	170	201	22	237	227	183	|
|277	569	106	240	339	447	368	146	216	0	535	391	210	312	232	341	481	562	245	335	381	352	238	402	329	106	|
|268	193	455	482	196	255	188	415	352	535	0	225	339	367	469	224	212	165	398	214	302	188	335	136	245	533	|
|132	178	290	269	157	73	217	248	291	391	225	0	183	145	258	66	91	175	367	207	358	110	287	127	67	431	|
|71	359	117	184	154	245	207	76	152	210	339	183	0	152	169	131	274	352	232	174	294	151	161	203	119	251	|
|162	302	206	129	242	161	308	172	302	312	367	145	152	0	120	153	210	308	383	284	426	208	309	249	132	383	|
|220	422	142	15	311	281	371	131	307	232	469	258	169	120	0	245	330	427	379	340	461	291	321	340	224	324	|
|69	231	246	258	99	139	163	203	225	341	224	66	131	153	245	0	152	222	301	147	299	57	221	97	22	371	|
|220	93	379	339	225	53	274	337	375	481	212	91	274	210	330	152	0	99	448	273	419	180	369	171	157	521	|
|289	28	464	436	264	151	295	421	428	562	165	175	352	308	427	222	99	0	493	305	434	227	418	196	234	590	|
|241	511	252	393	229	440	210	248	81	245	398	367	232	383	379	301	448	493	0	190	147	270	80	298	305	175	|
|124	325	274	355	50	278	34	242	138	335	214	207	174	284	340	147	273	305	190	0	152	97	122	110	162	320	|
|265	457	360	477	201	428	145	341	170	381	302	358	294	426	461	299	419	434	147	152	0	248	150	249	312	322	|
|80	242	267	305	47	181	108	227	201	352	188	110	151	208	291	57	180	227	270	97	248	0	192	52	76	366	|
|162	434	211	336	153	360	148	195	22	238	335	287	161	309	321	221	369	418	80	122	150	192	0	224	225	203	|
|132	215	319	354	71	187	104	279	237	402	136	127	203	249	340	97	171	196	298	110	249	52	224	0	118	409	|
|66	240	231	237	115	136	181	188	227	329	245	67	119	132	224	22	157	234	305	162	312	76	225	118	0	364	|
|302	601	184	334	340	495	350	211	183	106	533	431	251	383	324	371	521	590	175	320	322	366	203	409	364	0	|

--------------------------------------------------------------------------------
Building model...
	using lazy and cut (CVRPSEP package)
Solving IRP LP...
--------------------------------------------------------------------------------

Gurobi 9.1.0 (linux64) logging started Sun Feb 14 08:06:11 2021

Gurobi Optimizer version 9.1.0 build v9.1.0rc0 (linux64)
Thread count: 32 physical cores, 32 logical processors, using up to 2 threads
Optimize a model with 650 rows, 2360 columns and 6059 nonzeros
Model fingerprint: 0xdc078869
Variable types: 254 continuous, 2106 integer (156 binary)
Coefficient statistics:
  Matrix range     [1e+00, 7e+07]
  Objective range  [1e-02, 6e+02]
  Bounds range     [1e+00, 3e+02]
  RHS range        [1e+00, 3e+03]
Presolve removed 217 rows and 186 columns
Presolve time: 0.07s
Presolved: 433 rows, 2174 columns, 5262 nonzeros
Variable types: 146 continuous, 2028 integer (1881 binary)

Root relaxation: objective 2.295466e+03, 544 iterations, 0.01 seconds

    Nodes    |    Current Node    |     Objective Bounds      |     Work
 Expl Unexpl |  Obj  Depth IntInf | Incumbent    BestBd   Gap | It/Node Time

     0     0 2295.46581    0   83          - 2295.46581      -     -    0s
     0     0 2759.05699    0   84          - 2759.05699      -     -    0s
     0     0 2927.19328    0  116          - 2927.19328      -     -    0s
     0     0 2948.28271    0  115          - 2948.28271      -     -    0s
     0     0 2951.87684    0  101          - 2951.87684      -     -    0s
     0     0 2955.82944    0  135          - 2955.82944      -     -    0s
     0     0 2955.96365    0  140          - 2955.96365      -     -    0s
     0     0 3052.01741    0  126          - 3052.01741      -     -    0s
     0     0 3091.64370    0  167          - 3091.64370      -     -    0s
     0     0 3098.84341    0  175          - 3098.84341      -     -    0s
