




arguments: ./build/bc_mirp -f ./input/orig_exec_250.cfg
Current dir: /scratch/gui/bc_mirp
File verbosity level: 9
date       time         ( uptime  ) [ thread name/id ]                   file:line     v| 
2021-02-16 02:38:33.383 (   0.135s) [main thread     ]             loguru.cpp:789   INFO| Logging to './output/vi_vc+lex_full/OU/V2/Original/execution_16_02_2021_02_38_33.log', mode: 'a', verbosity: 9
--------------------------------------------------------------------------------
Parameters
                           instance_path           ./input/Instances/Original/6/
                            model_policy                                       1
                             nb_vehicles                                       2
                              output_dir ./output/vi_vc+lex_full/OU/V2/Original/
                            sec_strategy                                       1
                       solver_nb_threads                                       2
                         solver_show_log                                    true
                       solver_time_limit                                    3600
                              use_vi_cos                                   false
                              use_vi_cus                                   false
                         use_vi_hc1_full                                   false
                         use_vi_hc1_half                                   false
                      use_vi_hc1_quarter                                   false
                              use_vi_hc2                                   false
                              use_vi_hc3                                   false
                         use_vi_lex_full                                    true
                         use_vi_lex_half                                   false
                      use_vi_lex_quarter                                   false
                              use_vi_qua                                   false
                               use_vi_vc                                    true
                               use_vi_vr                                   false
--------------------------------------------------------------------------------
executing instance: ./input/Instances/Original/6/absH6high_1n25.dat
--------------------------------------------------------------------------------
Instance details
n	26
H	6
C	1711
Li:
[0, 0, 0, 0, 0, 0, 0, 0, 0, 0, 0, 0, 0, 0, 0, 0, 0, 0, 0, 0, 0, 0, 0, 0, 0, 0, ]
Ui:
[0, 168, 176, 34, 66, 36, 177, 106, 118, 182, 64, 141, 189, 63, 46, 111, 182, 231, 36, 66, 68, 54, 132, 90, 246, 75, ]
Distance matrix:
|0	191	200	231	334	329	146	196	208	245	218	164	283	394	151	358	156	196	309	253	201	260	127	138	130	104	|
|191	0	226	229	278	146	328	216	390	417	327	293	195	334	106	296	171	122	472	151	12	411	280	53	190	130	|
|200	226	0	38	149	359	321	10	276	274	418	364	139	204	121	173	321	115	303	141	225	236	155	202	311	256	|
|231	229	38	0	110	352	358	37	314	310	448	395	108	167	129	135	342	109	336	120	226	268	194	213	335	277	|
|334	278	149	110	0	367	467	147	422	413	546	495	86	61	203	25	423	163	429	129	271	363	303	282	424	361	|
|329	146	359	352	367	0	453	349	533	562	411	393	282	411	245	378	250	244	617	245	141	556	426	195	284	243	|
|146	328	321	358	467	453	0	321	162	215	160	112	425	524	297	491	223	341	284	397	339	266	186	276	184	210	|
|196	216	10	37	147	349	321	0	281	281	414	360	132	203	112	171	315	105	311	132	216	244	159	193	305	249	|
|208	390	276	314	422	533	162	281	0	54	321	271	410	471	316	445	348	348	123	398	398	115	125	338	313	309	|
|245	417	274	310	413	562	215	281	54	0	375	323	413	457	334	435	393	361	70	406	424	69	139	367	359	349	|
|218	327	418	448	546	411	160	414	321	375	0	57	484	606	347	569	163	393	444	446	339	421	318	288	137	199	|
|164	293	364	395	495	393	112	360	271	323	57	0	437	556	300	519	144	346	393	401	305	367	261	249	109	163	|
|283	195	139	108	86	282	425	132	410	413	484	437	0	139	137	101	349	91	443	44	187	375	286	206	355	291	|
|394	334	204	167	61	411	524	203	471	457	606	556	139	0	264	38	483	222	467	183	326	403	356	341	484	421	|
|151	106	121	129	203	245	297	112	316	334	347	300	137	264	0	225	220	46	381	102	106	316	195	84	221	158	|
|358	296	173	135	25	378	491	171	445	435	569	519	101	38	225	0	444	184	450	145	288	384	328	303	446	383	|
|156	171	321	342	423	250	223	315	348	393	163	144	349	483	220	444	0	261	460	308	183	415	284	143	39	65	|
|196	122	115	109	163	244	341	105	348	361	393	346	91	222	46	184	261	0	402	56	118	336	224	119	264	200	|
|309	472	303	336	429	617	284	311	123	70	444	393	443	467	381	450	460	402	0	442	477	68	192	424	426	413	|
|253	151	141	120	129	245	397	132	398	406	446	401	44	183	102	145	308	56	442	0	143	375	273	164	315	251	|
|201	12	225	226	271	141	339	216	398	424	339	305	187	326	106	288	183	118	477	143	0	416	286	63	202	142	|
|260	411	236	268	363	556	266	244	115	69	421	367	375	403	316	384	415	336	68	375	416	0	135	365	384	363	|
|127	280	155	194	303	426	186	159	125	139	318	261	286	356	195	328	284	224	192	273	286	135	0	232	256	229	|
|138	53	202	213	282	195	276	193	338	367	288	249	206	341	84	303	143	119	424	164	63	365	232	0	153	89	|
|130	190	311	335	424	284	184	305	313	359	137	109	355	484	221	446	39	264	426	315	202	384	256	153	0	64	|
|104	130	256	277	361	243	210	249	309	349	199	163	291	421	158	383	65	200	413	251	142	363	229	89	64	0	|

--------------------------------------------------------------------------------
Building model...
	using lazy and cut (CVRPSEP package)
Solving IRP LP...
--------------------------------------------------------------------------------

Gurobi 9.1.0 (linux64) logging started Tue Feb 16 02:38:33 2021

Gurobi Optimizer version 9.1.0 build v9.1.0rc0 (linux64)
Thread count: 32 physical cores, 32 logical processors, using up to 2 threads
Optimize a model with 1274 rows, 4694 columns and 12092 nonzeros
Model fingerprint: 0x08967c64
Variable types: 482 continuous, 4212 integer (312 binary)
Coefficient statistics:
  Matrix range     [1e+00, 7e+07]
  Objective range  [1e-01, 6e+02]
  Bounds range     [1e+00, 2e+02]
  RHS range        [1e+00, 3e+03]
Presolve removed 300 rows and 263 columns
Presolve time: 0.10s
Presolved: 974 rows, 4431 columns, 10886 nonzeros
Variable types: 375 continuous, 4056 integer (3762 binary)

Root relaxation: objective 1.302510e+04, 1279 iterations, 0.03 seconds

    Nodes    |    Current Node    |     Objective Bounds      |     Work
 Expl Unexpl |  Obj  Depth IntInf | Incumbent    BestBd   Gap | It/Node Time

     0     0 13025.1025    0  207          - 13025.1025      -     -    0s
     0     0 13665.8023    0  233          - 13665.8023      -     -    0s
     0     0 13679.8161    0  232          - 13679.8161      -     -    0s
     0     0 13745.0524    0  210          - 13745.0524      -     -    0s
     0     0 13754.6130    0  237          - 13754.6130      -     -    0s
     0     0 13775.1710    0  235          - 13775.1710      -     -    0s
     0     0 13791.1194    0  278          - 13791.1194      -     -    0s
     0     0 13898.0137    0  248          - 13898.0137      -     -    0s
     0     0 13911.8118    0  288          - 13911.8118      -     -    0s
     0     0 13921.0211    0  253          - 13921.0211      -     -    0s
     0     0 13924.2959    0  288          - 13924.2959      -     -    0s
     0     0 13924.6021    0  295          - 13924.6021      -     -    0s
     0     0 14571.8206    0  319          - 14571.8206      -     -    1s
     0     0 14649.5382    0  344          - 14649.5382      -     -    1s
     0     0 14674.2973    0  349          - 14674.2973      -     -    1s
     0     0 14674.7072    0  357          - 14674.7072      -     -    1s
     0     0 14926.2725    0  396          - 14926.2725      -     -    1s
     0     0 14983.7463    0  371          - 14983.7463      -     -    1s
     0     0 15022.3227    0  391          - 15022.3227      -     -    1s
     0     0 15061.0088    0  416          - 15061.0088      -     -    1s
     0     0 15067.3007    0  412          - 15067.3007      -     -    1s
     0     0 15067.5511    0  439          - 15067.5511      -     -    1s
     0     0 15148.0508    0  433          - 15148.0508      -     -    2s
     0     0 15175.2424    0  401          - 15175.2424      -     -    2s
     0     0 15187.1603    0  428          - 15187.1603      -     -    2s
     0     0 15190.0310    0  427          - 15190.0310      -     -    2s
     0     0 15208.5234    0  432          - 15208.5234      -     -    4s
     0     0 15215.3175    0  451          - 15215.3175      -     -    4s
     0     0 15215.3635    0  468          - 15215.3635      -     -    4s
     0     0 15222.2546    0  478          - 15222.2546      -     -    4s
     0     0 15222.2546    0  462          - 15222.2546      -     -    5s
     0     2 15222.3419    0  436          - 15222.3419      -     -    5s
    40    45 15877.6780   10  386          - 15410.1716      -   817   10s
   177   204 16583.5111   42  162          - 15410.1716      -   371   15s
   601   617 17561.8605  110   85          - 15410.1716      -   145   20s
   734   696 17252.9097   60  461          - 15582.7638      -   127   25s
   749   709 15759.8204   12  474          - 15755.6144      -   139   30s
   809   751 15894.7521   26  384          - 15790.4703      -   164   35s
   885   809 16234.8996   43  243          - 15790.4703      -   183   40s
H  912   786                    16882.080000 15790.4703  6.47%   185   40s
   999   816 15903.6741   16  390 16882.0800 15797.4005  6.43%   187   45s
H 1016   792                    16860.080000 15797.4005  6.30%   192   46s
H 1020   756                    16841.080000 15797.4005  6.20%   193   46s
  1062   790 16309.9441   34  213 16841.0800 15797.4005  6.20%   205   50s
  1125   826 16491.2848   36  347 16841.0800 15797.4005  6.20%   215   55s
  1188   840 16004.7493   22  336 16841.0800 15797.4348  6.20%   223   60s
  1226   871 16225.2670   29  234 16841.0800 15797.4348  6.20%   234   65s
  1295   925 16587.9934   47  115 16841.0800 15798.5960  6.19%   235   71s
  1367   988 16084.6699   20  384 16841.0800 15798.5960  6.19%   236   75s
* 1428   850              85    16623.450000 15798.5960  4.96%   230   75s
  1497   828 16581.0469   32  310 16623.4500 15798.5960  4.96%   237   80s
  1593   838 16395.8171   26  240 16623.4500 15814.4620  4.87%   242   87s
  1636   858 16452.6711   19  245 16623.4500 15814.4620  4.87%   251   91s
  1685   868 15942.0603   20  526 16623.4500 15824.0754  4.81%   257   95s
  1752   882 15936.1624   15  431 16623.4500 15841.5550  4.70%   261  100s
  1799   907 16544.8843   36  253 16623.4500 15848.3809  4.66%   264  105s
  1862   934 16470.4982   31  323 16623.4500 15849.5489  4.66%   276  112s
  1886   937 16582.8576   39  235 16623.4500 15849.7527  4.65%   279  115s
  1995   978 16142.6161   28  314 16623.4500 15850.8526  4.65%   278  120s
  2071   989 16577.5305   38  293 16623.4500 15853.5122  4.63%   279  126s
H 2090   921                    16588.140000 15853.5122  4.43%   279  126s
  2120   934 16431.6981   24  260 16588.1400 15862.6290  4.37%   279  130s
  2195   964 16253.3925   22  381 16588.1400 15864.9103  4.36%   278  136s
  2268  1012 16248.7727   26  312 16588.1400 15873.8326  4.31%   283  143s
  2345  1018 16335.9890   27  300 16588.1400 15875.3119  4.30%   284  147s
  2415  1046 16333.2749   31  253 16588.1400 15876.3382  4.29%   284  151s
  2473  1083 infeasible   45      16588.1400 15877.6198  4.28%   285  156s
H 2479  1023                    16544.140000 15877.6198  4.03%   287  156s
  2519  1049 16331.6772   25  352 16544.1400 15883.6711  3.99%   289  160s
  2575  1095 16247.6738   31  280 16544.1400 15887.0167  3.97%   293  165s
  2641  1114 16039.3620   17  403 16544.1400 15887.0813  3.97%   294  170s
  2672  1134     cutoff   30      16544.1400 15897.3817  3.91%   299  175s
  2720  1177 15974.6796   18  428 16544.1400 15905.4819  3.86%   301  180s
  2784  1212 16187.2501   21  299 16544.1400 15905.6163  3.86%   302  185s
  2835  1259 16491.2639   28  265 16544.1400 15907.3627  3.85%   305  190s
  2923  1285 16052.7507   19  375 16544.1400 15907.3627  3.85%   305  195s
  2964  1331 16162.9849   27  258 16544.1400 15910.3758  3.83%   308  201s
  3043  1362 16118.7697   22  372 16544.1400 15918.4307  3.78%   307  206s
  3105  1385 16442.3510   28  427 16544.1400 15922.5050  3.76%   308  212s
H 3144  1280                    16512.380000 15922.7344  3.57%   310  212s
  3158  1324     cutoff   30      16512.3800 15922.8496  3.57%   311  218s
  3254  1361 16067.2853   18  389 16512.3800 15928.1007  3.54%   309  224s
  3329  1385 16092.7656   14  465 16512.3800 15934.3482  3.50%   310  231s
  3389  1419 16270.5313   29  334 16512.3800 15935.9030  3.49%   314  237s
  3439  1440     cutoff   20      16512.3800 15936.6250  3.49%   318  243s
  3482  1464 16408.7493   17  423 16512.3800 15943.1500  3.45%   322  249s
  3536  1485 16452.5289   32  223 16512.3800 15943.2132  3.45%   326  257s
H 3549  1102                    16417.380000 15943.2132  2.89%   326  257s
H 3564  1025                    16396.380000 15943.2132  2.76%   325  257s
  3617  1036 16215.1750   28  354 16396.3800 15947.4314  2.74%   328  265s
  3695  1063 16110.9478   17  473 16396.3800 15953.3981  2.70%   331  272s
  3768  1142 16192.9298   26  334 16396.3800 15959.4884  2.66%   334  281s
  3900  1174 16078.5275   19  484 16396.3800 15968.2982  2.61%   334  290s
  3984  1195     cutoff   24      16396.3800 15973.7421  2.58%   337  299s
  4055  1237 16340.3419   23  186 16396.3800 15975.0090  2.57%   340  308s
  4147  1268 16290.7987   26  353 16396.3800 15976.0710  2.56%   343  317s
  4225  1307 16276.9272   28  268 16396.3800 15979.2614  2.54%   345  326s
  4338  1355 16266.3457   22  194 16396.3800 15984.9725  2.51%   348  336s
  4454  1374 16311.4905   33  384 16396.3800 15987.7128  2.49%   349  346s
  4548  1406 16218.4408   25  312 16396.3800 15991.2162  2.47%   352  356s
  4661  1429 16308.1773   26  308 16396.3800 15995.9654  2.44%   355  367s
  4759  1470     cutoff   28      16396.3800 16001.4805  2.41%   360  378s
  4893  1493 16259.7249   24  322 16396.3800 16006.4570  2.38%   360  391s
  5020  1542 16276.2985   29  293 16396.3800 16011.5880  2.35%   360  402s
  5156  1615 16136.1330   22  479 16396.3800 16016.3503  2.32%   360  415s
  5315  1662 16297.8482   37  234 16396.3800 16020.5596  2.29%   361  429s
  5469  1715 16362.1268   27  294 16396.3800 16025.4398  2.26%   362  442s
  5611  1756     cutoff   27      16396.3800 16031.8146  2.22%   365  456s
H 5612  1707                    16387.380000 16031.8146  2.17%   365  456s
  5795  1746     cutoff   31      16387.3800 16034.7267  2.15%   362  470s
  5990  1826     cutoff   22      16387.3800 16041.8800  2.11%   360  485s
  6198  1871 16207.6916   23  257 16387.3800 16051.8186  2.05%   360  500s
  6351  1911     cutoff   36      16387.3800 16059.8626  2.00%   363  514s
  6522  1932 16336.7094   22  196 16387.3800 16064.5983  1.97%   364  529s
  6706  1990 16214.4320   19  417 16387.3800 16068.5110  1.95%   365  543s
  6874  2024 16326.0408   24  335 16387.3800 16072.2509  1.92%   366  558s
  7051  2123     cutoff   26      16387.3800 16074.1222  1.91%   367  573s
  7284  2187 16319.3833   30  177 16387.3800 16078.9036  1.88%   363  588s
  7534  2276 16161.7202   24  443 16387.3800 16085.0277  1.85%   359  604s
  7769  2312 16197.0706   22  288 16387.3800 16088.9964  1.82%   355  643s
  7954  2342 16329.7442   22  303 16387.3800 16093.3685  1.79%   355  659s
  8127  2399 16239.3750   20  280 16387.3800 16100.1009  1.75%   354  674s
  8345  2449 16210.1489   22  271 16387.3800 16104.6634  1.73%   352  708s
  8552  2514 16382.1956   29  265 16387.3800 16108.8550  1.70%   350  723s
  8826  2530 16249.1320   22  225 16387.3800 16114.6815  1.66%   346  763s
  8888  2568 16378.3465   33  280 16387.3800 16115.3174  1.66%   345  779s
  9082  2585     cutoff   27      16387.3800 16119.9287  1.63%   344  794s
  9265  2630 16336.0323   25  224 16387.3800 16123.9630  1.61%   344  809s
  9552  2660 16209.1867   24  343 16387.3800 16128.5026  1.58%   340  825s
  9743  2717     cutoff   32      16387.3800 16132.9456  1.55%   339  841s
 10014  2764     cutoff   22      16387.3800 16136.2030  1.53%   337  857s
 10229  2822 16383.8183   35  165 16387.3800 16140.9241  1.50%   336  873s
 10507  2861     cutoff   30      16387.3800 16144.2671  1.48%   333  888s
 10756  2909 16294.1281   23  334 16387.3800 16149.0918  1.45%   331  904s
 11013  2976     cutoff   30      16387.3800 16152.6796  1.43%   328  920s
 11268  3030 16365.2776   28  252 16387.3800 16155.1481  1.42%   326  936s
 11563  3081 16297.8241   28  311 16387.3800 16158.1881  1.40%   323  952s
 11793  3097 16308.2477   24  292 16387.3800 16160.2932  1.39%   322  967s
 12017  3130 16361.6772   27  319 16387.3800 16163.9647  1.36%   321  982s
 12289  3152 16372.5432   28  273 16387.3800 16168.1676  1.34%   319  997s
 12533  3176 16375.7493   28  325 16387.3800 16171.0399  1.32%   318 1012s
 12782  3234     cutoff   26      16387.3800 16174.6776  1.30%   316 1027s
 13077  3267     cutoff   25      16387.3800 16177.9605  1.28%   314 1043s
 13382  3311 16351.2418   25  411 16387.3800 16181.7724  1.25%   311 1057s
 13657  3348 16329.9682   33  334 16387.3800 16184.2826  1.24%   309 1072s
 13909  3386     cutoff   43      16387.3800 16187.6504  1.22%   308 1088s
 14198  3408     cutoff   29      16387.3800 16190.6943  1.20%   306 1103s
 14455  3445     cutoff   25      16387.3800 16193.2527  1.18%   305 1118s
 14752  3495     cutoff   26      16387.3800 16196.3430  1.17%   303 1133s
 15030  3511     cutoff   21      16387.3800 16198.8723  1.15%   301 1148s
 15286  3521 16342.7981   29  104 16387.3800 16201.2754  1.14%   300 1163s
 15517  3542 16352.0783   32  289 16387.3800 16203.9432  1.12%   299 1178s
 15772  3549 16383.5025   25  271 16387.3800 16205.9438  1.11%   298 1192s
 16006  3597     cutoff   34      16387.3800 16208.8717  1.09%   297 1208s
 16321  3598     cutoff   29      16387.3800 16210.9024  1.08%   295 1223s
 16576  3587     cutoff   30      16387.3800 16213.2349  1.06%   294 1238s
 16851  3587     cutoff   25      16387.3800 16214.8244  1.05%   293 1252s
 17001  3587     cutoff   25      16387.3800 16217.2864  1.04%   293 1260s
 17110  3627 16317.7051   25  400 16387.3800 16217.5344  1.04%   292 1275s
 17403  3624 16349.6446   35  140 16387.3800 16219.0547  1.03%   291 1290s
 17710  3623 16360.7149   34  184 16387.3800 16221.1011  1.01%   290 1304s
 17939  3621     cutoff   31      16387.3800 16223.6782  1.00%   289 1320s
 18218  3620     cutoff   28      16387.3800 16225.4489  0.99%   288 1334s
 18498  3629 16376.9838   25  381 16387.3800 16227.3539  0.98%   287 1355s
 18591  3649 16354.8778   26  394 16387.3800 16228.5392  0.97%   287 1370s
 18922  3660     cutoff   29      16387.3800 16231.4482  0.95%   285 1384s
 19083  3660 16379.4901   29  244 16387.3800 16234.0417  0.94%   285 1385s
 19256  3676 16364.9052   26  241 16387.3800 16234.0854  0.94%   284 1398s
 19545  3668     cutoff   35      16387.3800 16236.8238  0.92%   283 1412s
 19809  3666     cutoff   29      16387.3800 16238.6452  0.91%   282 1426s
 20122  3658 16320.0594   28  263 16387.3800 16241.7360  0.89%   280 1442s
 20458  3676 16310.2348   34  260 16387.3800 16244.2785  0.87%   279 1453s
 20676  3686     cutoff   28      16387.3800 16245.7816  0.86%   278 1468s
*20947  3661              57    16383.060000 16247.7393  0.83%   277 1468s
 20993  3670 16373.7841   32  255 16383.0600 16247.7606  0.83%   277 1483s
 21237  3647     cutoff   28      16383.0600 16250.4552  0.81%   276 1498s
 21522  3634     cutoff   24      16383.0600 16253.6485  0.79%   275 1510s
 21753  3622     cutoff   27      16383.0600 16255.6024  0.78%   274 1522s
 21993  3605 16359.0920   31  115 16383.0600 16257.1225  0.77%   273 1534s
 22223  3580     cutoff   30      16383.0600 16259.0434  0.76%   273 1546s
 22458  3563 16349.4933   27  288 16383.0600 16261.0247  0.74%   272 1558s
 22705  3536 16342.8323   31  170 16383.0600 16263.2446  0.73%   271 1570s
 22913  3508     cutoff   21      16383.0600 16265.1107  0.72%   271 1582s
 23122  3475 16372.6846   26  295 16383.0600 16267.1829  0.71%   270 1594s
 23395  3452 16351.9232   36  159 16383.0600 16269.8461  0.69%   269 1609s
 23656  3433 16367.3922   27  291 16383.0600 16271.8031  0.68%   268 1623s
 23842  3387 16365.5625   27  234 16383.0600 16273.0416  0.67%   268 1636s
 24083  3356 16378.7888   27  365 16383.0600 16274.8739  0.66%   267 1650s
 24365  3299 16356.0061   27  459 16383.0600 16277.0047  0.65%   266 1664s
 24651  3279     cutoff   26      16383.0600 16279.2863  0.63%   266 1678s
 24954  3247 16351.6646   26  318 16383.0600 16281.0165  0.62%   264 1692s
 25222  3209     cutoff   23      16383.0600 16283.2722  0.61%   264 1705s
 25470  3168 16378.7347   32  215 16383.0600 16285.0945  0.60%   263 1718s
 25743  3115     cutoff   26      16383.0600 16286.9903  0.59%   262 1730s
 25987  3037     cutoff   27      16383.0600 16289.6003  0.57%   261 1743s
 26253  2971 16380.0479   32   42 16383.0600 16291.5381  0.56%   261 1756s
 26510  2925     cutoff   25      16383.0600 16293.2043  0.55%   260 1768s
 26783  2888 16322.5483   30  206 16383.0600 16295.1949  0.54%   259 1781s
 27090  2820 16372.7550   26  302 16383.0600 16297.4370  0.52%   258 1795s
 27443  2754     cutoff   29      16383.0600 16299.3059  0.51%   257 1808s
 27754  2697 16353.6818   37  224 16383.0600 16301.1462  0.50%   256 1820s
 28071  2624     cutoff   29      16383.0600 16303.9989  0.48%   255 1834s
 28486  2547 16372.1192   33  237 16383.0600 16306.5988  0.47%   253 1847s
 28805  2470     cutoff   25      16383.0600 16308.6710  0.45%   251 1860s
 29128  2349     cutoff   26      16383.0600 16310.8815  0.44%   250 1872s
 29459  2255     cutoff   30      16383.0600 16313.5380  0.42%   249 1886s
 29772  2200     cutoff   28      16383.0600 16315.4067  0.41%   248 1898s
 30120  2068     cutoff   32      16383.0600 16318.5308  0.39%   247 1910s
 30503  1921     cutoff   29      16383.0600 16321.1878  0.38%   245 1922s
 30818  1778     cutoff   23      16383.0600 16324.2843  0.36%   244 1933s
 31148  1634 16358.0121   20  473 16383.0600 16327.8492  0.34%   243 1944s
 31504  1459 16344.5110   39  100 16383.0600 16331.3181  0.32%   242 1953s
 31820  1266     cutoff   46      16383.0600 16334.7049  0.30%   241 1964s
 32021  1266     cutoff   28      16383.0600 16338.3439  0.27%   240 1965s
 32230  1054     cutoff   35      16383.0600 16338.3469  0.27%   239 1973s
 32625   821 16368.8949   27  204 16383.0600 16342.8493  0.25%   237 1984s
 33050   565     cutoff   48      16383.0600 16348.0168  0.21%   236 1991s
 33420   283     cutoff   30      16383.0600 16354.5317  0.17%   234 1996s
 33751     0     cutoff   29      16383.0600 16364.3377  0.11%   232 2001s

Cutting planes:
  User: 2539
  Gomory: 36
  Cover: 343
  Implied bound: 260
  Clique: 39
  MIR: 234
  StrongCG: 3
  Flow cover: 485
  GUB cover: 3
  Inf proof: 1
  Zero half: 20
  Network: 4
  RLT: 288
  Relax-and-lift: 11
  Lazy constraints: 276

Explored 34075 nodes (7867342 simplex iterations) in 2001.61 seconds
Thread count was 2 (of 32 available processors)

Solution count 10: 16383.1 16387.4 16396.4 ... 16860.1

Optimal solution found (tolerance 1.00e-04)
Best objective 1.638306000000e+04, best bound 1.638306000000e+04, gap 0.0000%

User-callback calls 182142, time in user-callback 119.88 sec
================================================================================
executing instance: ./input/Instances/Original/6/absH6high_1n20.dat
--------------------------------------------------------------------------------
Instance details
n	21
H	6
C	1651
Li:
[0, 0, 0, 0, 0, 0, 0, 0, 0, 0, 0, 0, 0, 0, 0, 0, 0, 0, 0, 0, 0, ]
Ui:
[0, 36, 182, 182, 90, 261, 117, 30, 110, 42, 276, 153, 40, 94, 144, 46, 129, 213, 264, 160, 174, ]
Distance matrix:
|0	371	401	343	361	341	370	115	392	400	79	266	292	245	355	431	265	194	95	92	348	|
|371	0	37	141	110	250	117	438	67	131	372	305	115	238	247	255	235	296	392	430	185	|
|401	37	0	175	100	284	146	472	90	156	406	342	152	275	280	282	242	333	415	455	178	|
|343	141	175	0	239	110	38	374	95	60	314	182	67	130	106	127	318	201	397	423	303	|
|361	110	100	239	0	341	222	451	177	240	385	374	190	304	341	361	151	345	354	398	78	|
|341	250	284	110	341	0	143	337	203	151	289	102	152	97	15	95	394	156	415	431	398	|
|370	117	146	38	222	143	0	407	61	30	346	220	81	167	137	139	317	237	417	447	292	|
|115	438	472	374	451	337	407	0	443	434	66	241	339	251	351	431	374	181	201	177	450	|
|392	67	90	95	177	203	61	443	0	66	379	275	104	216	197	193	294	283	427	461	252	|
|400	131	156	60	240	151	30	434	66	0	374	237	112	189	142	127	344	261	448	477	312	|
|79	372	406	314	385	289	346	66	379	374	0	202	275	197	304	383	316	134	175	166	388	|
|266	305	342	182	374	102	220	241	275	237	202	0	191	70	117	196	386	73	352	359	415	|
|292	115	152	67	190	152	81	339	104	112	275	191	0	123	154	193	252	183	336	366	246	|
|245	238	275	130	304	97	167	251	216	189	197	70	123	0	110	187	322	72	319	334	346	|
|355	247	280	106	341	15	137	351	197	142	304	117	154	110	0	80	399	171	427	444	400	|
|431	255	282	127	361	95	139	431	193	127	383	196	193	187	80	0	444	251	499	519	429	|
|265	235	242	318	151	394	317	374	294	344	316	386	252	322	399	444	0	332	226	273	97	|
|194	296	333	201	345	156	237	181	283	261	134	73	183	72	171	251	332	0	279	286	375	|
|95	392	415	397	354	415	417	201	427	448	175	352	336	319	427	499	226	279	0	47	321	|
|92	430	455	423	398	431	447	177	461	477	166	359	366	334	444	519	273	286	47	0	368	|
|348	185	178	303	78	398	292	450	252	312	388	415	246	346	400	429	97	375	321	368	0	|

--------------------------------------------------------------------------------
Building model...
	using lazy and cut (CVRPSEP package)
Solving IRP LP...
--------------------------------------------------------------------------------

Gurobi 9.1.0 (linux64) logging started Tue Feb 16 03:11:57 2021

Gurobi Optimizer version 9.1.0 build v9.1.0rc0 (linux64)
Thread count: 32 physical cores, 32 logical processors, using up to 2 threads
Optimize a model with 1029 rows, 3159 columns and 8487 nonzeros
Model fingerprint: 0xa1843ea0
Variable types: 387 continuous, 2772 integer (252 binary)
Coefficient statistics:
  Matrix range     [1e+00, 2e+06]
  Objective range  [1e-01, 5e+02]
  Bounds range     [1e+00, 3e+02]
  RHS range        [1e+00, 3e+03]
Presolve removed 245 rows and 213 columns
Presolve time: 0.06s
Presolved: 784 rows, 2946 columns, 7506 nonzeros
Variable types: 300 continuous, 2646 integer (2412 binary)

Root relaxation: objective 1.252404e+04, 1105 iterations, 0.03 seconds

    Nodes    |    Current Node    |     Objective Bounds      |     Work
 Expl Unexpl |  Obj  Depth IntInf | Incumbent    BestBd   Gap | It/Node Time

     0     0 12524.0417    0  162          - 12524.0417      -     -    0s
     0     0 12766.8709    0  195          - 12766.8709      -     -    0s
     0     0 12778.7455    0  188          - 12778.7455      -     -    0s
     0     0 12833.4001    0  204          - 12833.4001      -     -    0s
     0     0 12834.2525    0  208          - 12834.2525      -     -    0s
     0     0 12835.6578    0  199          - 12835.6578      -     -    0s
     0     0 13217.6859    0  239          - 13217.6859      -     -    0s
     0     0 13335.3008    0  287          - 13335.3008      -     -    0s
     0     0 13394.6950    0  265          - 13394.6950      -     -    0s
     0     0 13401.9912    0  280          - 13401.9912      -     -    0s
     0     0 13406.8888    0  300          - 13406.8888      -     -    0s
     0     0 13408.1848    0  300          - 13408.1848      -     -    0s
     0     0 13408.7377    0  284          - 13408.7377      -     -    0s
     0     0 13589.3532    0  323          - 13589.3532      -     -    0s
     0     0 13640.2292    0  353          - 13640.2292      -     -    0s
     0     0 13653.9306    0  349          - 13653.9306      -     -    0s
     0     0 13671.5399    0  345          - 13671.5399      -     -    1s
     0     0 13687.0971    0  349          - 13687.0971      -     -    1s
     0     0 13687.6372    0  348          - 13687.6372      -     -    1s
     0     0 13732.3690    0  333          - 13732.3690      -     -    1s
     0     0 13748.5785    0  351          - 13748.5785      -     -    1s
     0     0 13761.9889    0  340          - 13761.9889      -     -    1s
     0     0 13767.5863    0  331          - 13767.5863      -     -    1s
     0     0 13788.5064    0  363          - 13788.5064      -     -    1s
     0     0 13820.3351    0  355          - 13820.3351      -     -    1s
     0     0 13857.0630    0  352          - 13857.0630      -     -    1s
     0     0 13867.3338    0  343          - 13867.3338      -     -    1s
     0     0 13869.8031    0  364          - 13869.8031      -     -    1s
     0     0 13870.8149    0  362          - 13870.8149      -     -    1s
     0     0 13889.0281    0  348          - 13889.0281      -     -    1s
     0     0 13890.6873    0  363          - 13890.6873      -     -    1s
     0     0 13897.7323    0  371          - 13897.7323      -     -    1s
     0     0 13910.3950    0  367          - 13910.3950      -     -    2s
     0     2 13926.8997    0  355          - 13926.8997      -     -    2s
    56    60 14377.5746   17   94          - 14015.7801      -   378    5s
   499   546 17511.0669  163   52          - 14015.8341      -   113   10s
   738   710 14447.7547   21  427          - 14029.0311      -   105   15s
   767   732 14156.4455   14  444          - 14154.6098      -   114   20s
   805   760 14280.1631   24  299          - 14176.0327      -   130   25s
   896   826 14616.7074   47  224          - 14176.0327      -   147   30s
  1036   935 15521.8581   84  116          - 14176.0327      -   151   35s
  1221  1054 16292.2301  137  136          - 14176.0327      -   152   40s
  1445  1230 17596.7902  209  134          - 14176.0327      -   145   45s
  1677  1380 14447.5618   19  398          - 14189.9841      -   136   50s
  1857  1419 14399.4068   25  370          - 14189.9841      -   133   55s
  1911  1527 14806.3262   37  187          - 14189.9841      -   139   61s
  2292  1722 15024.2238   81   62          - 14189.9841      -   125   66s
  2463  1774 17103.2600  155    -          - 14189.9841      -   121   70s
  2626  1858 14678.3010   25  295          - 14218.3723      -   121   75s
  2757  1958 15859.4957   87   27          - 14218.3723      -   123   80s
  2973  2097 17569.4500  113   12          - 14218.4026      -   119   85s
  3102  2319 14520.5599   32  195          - 14218.4026      -   121   91s
  3406  2424 14525.0058   35  262          - 14218.4026      -   115   96s
  3447  2482 14719.5009   39  194          - 14218.4026      -   118  100s
  3573  2737 15262.1086   77   12          - 14219.4797      -   119  105s
  3984  3021 14529.5494   25  402          - 14219.4797      -   112  111s
  4133  3078 14754.4136   38  225          - 14219.4797      -   112  115s
  4199  3191 15187.7734   50  216          - 14219.4797      -   115  120s
  4550  3632 14285.0801   22  415          - 14221.0449      -   113  128s
  4797  3690 14641.6684   28  336          - 14221.0449      -   109  130s
  4933  4126 15277.0611   77   68          - 14248.2805      -   111  138s
  5426  4216 14405.6903   18  435          - 14248.2939      -   104  141s
  5484  4467 14962.1722   39  203          - 14248.3300      -   107  147s
  5716  4489 15848.0666   86   20          - 14251.0317      -   105  150s
  5799  4758 14527.0368   29  377          - 14251.0317      -   107  157s
  6121  4829 14767.6292   34  323          - 14251.0317      -   104  161s
  6183  5026 15388.2707   60  184          - 14251.0317      -   106  167s
  6351  5150 17679.6102  119   59          - 14266.0674      -   106  171s
  6492  5370 14665.2231   26  359          - 14266.0674      -   106  175s
  6777  5430 14888.9635   37  219          - 14266.0674      -   106  181s
  6819  5547 15527.1005   49  120          - 14274.7153      -   107  185s
  7047  5886 15049.6849   40  247          - 14274.7153      -   107  192s
  7348  6039 17142.5979   96   44          - 14281.2110      -   106  197s
  7530  6260 14910.2707   42  253          - 14287.1053      -   106  202s
  7794  6348 15461.6468   65   75          - 14287.5031      -   105  206s
  7864  6478 14617.9810   28  330          - 14287.5031      -   106  212s
  8003  6544 14961.6711   44  281          - 14287.5031      -   107  216s
  8098  6719 15466.5497   59  153          - 14300.6426      -   108  221s
  8305  6799 14856.1563   28  313          - 14305.8877      -   107  226s
  8361  7116 15420.5256   50  215          - 14307.2315      -   108  232s
  8794  7216 14726.2093   29  333          - 14307.3942      -   106  237s
  8837  7424 15113.2619   37  304          - 14307.3942      -   107  243s
  9049  7759 15536.8346   48  205          - 14307.3942      -   107  250s
  9535  8047 16689.2702   81   13          - 14311.0045      -   104  256s
  9819  8142 15191.9723   30  334          - 14317.1631      -   103  261s
  9880  8385 15657.4711   58  124          - 14317.2299      -   104  265s
 10149  8431 14682.6855   28  334          - 14317.3215      -   104  270s
 10218  8558 15223.3703   38  169          - 14320.4208      -   105  275s
 10397  8959 15110.4026   38  211          - 14320.5320      -   106  285s
 10783  9089 16536.0687   93   31          - 14322.3207      -   105  290s
 10974  9424 15491.5383   49  250          - 14323.2084      -   106  300s
 11316  9677 15036.1167   36  341          - 14324.1323      -   106  310s
 11554  9813 16301.6188   58  124          - 14325.2724      -   105  315s
 11929 10058 14972.8861   33  369          - 14325.8427      -   105  325s
 11991 10131 15637.6375   49   69          - 14326.6905      -   106  330s
 12205 10491 14972.4437   37  269          - 14329.2718      -   107  341s
 12488 10722 14453.5984   24  407          - 14329.2718      -   106  347s
 12740 10865 15462.1391   45  235          - 14329.2718      -   105  353s
 12879 11048 17199.6980   89   44          - 14329.6659      -   106  358s
 13165 11151 14991.4601   31  334          - 14329.7608      -   105  363s
 13213 11294 15890.5519   50   87          - 14330.5350      -   106  369s
 13366 11310 16964.5550   93    8          - 14330.5350      -   105  370s
 13436 11600 16509.8169   66   45          - 14331.7149      -   106  376s
 13875 11742 15007.9604   35  321          - 14331.7370      -   104  381s
 13975 11889 15741.8852   61  194          - 14335.1463      -   104  386s
 14161 12097 14845.3490   26  334          - 14335.1463      -   104  391s
 14357 12154 15249.3068   30  285          - 14335.1463      -   104  396s
 14435 12338 15639.2058   42  162          - 14336.6361      -   104  402s
 14693 12516 17162.2402  107   84          - 14337.2591      -   104  407s
 14849 12607 14669.4209   26  462          - 14337.2591      -   104  412s
 14957 12654 15303.9130   32  305          - 14337.2591      -   104  416s
 14990 12803 15569.4199   40  263          - 14339.1495      -   105  421s
 15197 12850 18018.2407  105  123          - 14339.2300      -   105  427s
 15290 12947 14755.3158   29  401          - 14344.3851      -   105  432s
 15403 13080 15040.8148   38  389          - 14344.3851      -   106  437s
 15523 13157 16484.3072   96   11          - 14344.9400      -   106  441s
 15656 13232 infeasible   99               - 14345.5820      -   106  446s
 15787 13503 15518.5722   43  260          - 14347.2327      -   107  455s
 16037 13764 16639.9986   82   37          - 14347.2941      -   107  462s
 16358 13856 14965.2518   30  391          - 14347.4322      -   106  467s
 16436 14008 15665.0097   61  161          - 14349.4821      -   107  472s
 16604 14058 17798.1709  141   26          - 14351.1384      -   106  476s
 16667 14107 14872.5068   32  407          - 14351.1384      -   107  480s
 16703 14232 15193.1050   40  372          - 14351.1384      -   108  485s
 16890 14368 15767.1263   48  173          - 14351.1384      -   108  491s
 17035 14777 16187.1904   82  152          - 14353.1054      -   108  500s
 17508 14942 14817.3285   19  422          - 14353.1054      -   106  507s
 17691 15044 14734.5615   21  429          - 14353.1054      -   106  512s
 17823 15119 14718.2660   22  410          - 14353.1054      -   106  516s
 17871 15237 15167.4566   29  392          - 14353.1054      -   107  521s
 18023 15434 15600.2939   48  225          - 14356.4691      -   107  528s
 18315 15571 17472.8219  151   22          - 14359.0425      -   106  533s
*18356 14185             183    18196.550000 14359.0425  21.1%   106  533s
 18417 14242     cutoff  181      18196.5500 14359.7639  21.1%   106  538s
H18513 14112                    18123.670000 14360.0770  20.8%   106  542s
 18539 14230 15819.1259   51  263 18123.6700 14363.9191  20.7%   107  547s
 18667 14365 infeasible  149      18123.6700 14363.9556  20.7%   107  555s
 18840 14397 14973.5032   25  436 18123.6700 14364.0929  20.7%   107  560s
 18912 14586 16289.4202   60  219 18123.6700 14365.9384  20.7%   108  570s
H19102 13980                    17893.470000 14368.3629  19.7%   108  574s
 19124 14014 14864.8644   31  325 17893.4700 14368.3659  19.7%   108  579s
 19159 14071 15242.1917   41  304 17893.4700 14368.3659  19.7%   109  584s
H19199 13983                    17850.590000 14368.3659  19.5%   109  584s
 19216 14176 16047.8135   61  119 17850.5900 14369.1921  19.5%   109  591s
 19464 14213 17539.5634  115   67 17850.5900 14370.0296  19.5%   109  596s
H19494 13719                    17668.670000 14370.6505  18.7%   109  596s
 19507 13794 14952.9781   28  406 17668.6700 14370.6505  18.7%   110  601s
 19583 13898 15487.5229   42  256 17668.6700 14370.6505  18.7%   110  607s
 19741 13982 16108.9117   58  123 17668.6700 14370.6505  18.7%   110  613s
 19806 14105 16451.1572   79   76 17668.6700 14372.5489  18.7%   110  621s
 19984 14180 infeasible  113      17668.6700 14373.6775  18.6%   110  627s
 20057 14201 14868.8096   30  347 17668.6700 14374.9265  18.6%   111  632s
 20078 14237 15280.3622   34  216 17668.6700 14374.9265  18.6%   111  637s
 20114 14355 15478.2357   42  197 17668.6700 14375.0020  18.6%   112  646s
 20272 14412     cutoff   91      17668.6700 14376.5208  18.6%   112  652s
 20327 14563 15255.0427   31  376 17668.6700 14376.5208  18.6%   112  658s
 20385 14563 17279.1265   84   26 17668.6700 14376.5208  18.6%   112  661s
 20537 14583 infeasible  103      17668.6700 14377.7344  18.6%   112  666s
 20571 14654 15381.2100   31  309 17668.6700 14378.0210  18.6%   112  672s
 20642 14732 17437.3102   86   90 17668.6700 14378.8533  18.6%   113  677s
 20752 14747 14909.4576   30  432 17668.6700 14379.0435  18.6%   113  683s
 20771 14788 15783.3448   38  340 17668.6700 14379.0435  18.6%   114  687s
 20812 14874 16941.4917   66   77 17668.6700 14380.4903  18.6%   114  693s
 20924 14896 14771.7569   25  436 17668.6700 14385.9261  18.6%   114  699s
 20947 14951 14991.5651   28  376 17668.6700 14385.9261  18.6%   115  705s
 21026 15002 15330.4198   34  248 17668.6700 14385.9261  18.6%   115  710s
 21102 15123 15923.2477   44  304 17668.6700 14385.9261  18.6%   115  718s
 21227 15192 16751.8229  101    9 17668.6700 14391.6658  18.5%   115  724s
 21309 15202 15419.4839   41  194 17668.6700 14391.6658  18.5%   115  726s
 21351 15264     cutoff  133      17668.6700 14392.3305  18.5%   115  731s
 21432 15310 15015.4215   22  432 17668.6700 14392.3717  18.5%   116  737s
 21478 15399 15490.3476   38  333 17668.6700 14392.3717  18.5%   116  744s
 21603 15509 16325.3209   54  165 17668.6700 14394.3296  18.5%   116  751s
 21769 15543 17346.6500   94    - 17668.6700 14396.3049  18.5%   116  755s
