




arguments: ./build/mirp_solver -f ./input/orig_exec_57.cfg
Current dir: /scratch/gui/bnc_mirp
File verbosity level: 9
date       time         ( uptime  ) [ thread name/id ]                   file:line     v| 
2021-01-09 04:56:07.409 (   0.764s) [main thread     ]             loguru.cpp:789   INFO| Logging to './output/vi_hc1_quarter/OU/V3/Original/execution_09_01_2021_04_56_07.log', mode: 'a', verbosity: 9
--------------------------------------------------------------------------------
Parameters
                           instance_path           ./input/Instances/Original/2/
                            model_policy                                       1
                             nb_vehicles                                       3
                              output_dir ./output/vi_hc1_quarter/OU/V3/Original/
                            sec_strategy                                       1
                       solver_nb_threads                                       2
                         solver_show_log                                    true
                       solver_time_limit                                    3600
                              use_vi_cos                                   false
                              use_vi_cus                                   false
                         use_vi_hc1_full                                   false
                         use_vi_hc1_half                                   false
                      use_vi_hc1_quarter                                    true
                              use_vi_hc2                                   false
                              use_vi_hc3                                   false
                         use_vi_lex_full                                   false
                         use_vi_lex_half                                   false
                      use_vi_lex_quarter                                   false
                              use_vi_qua                                   false
                               use_vi_vc                                   false
                               use_vi_vr                                   false
--------------------------------------------------------------------------------
executing instance: ./input/Instances/Original/2/absH3high_3n40.dat
--------------------------------------------------------------------------------
Instance details
n	41
H	3
C	3283
Li:
[0, 0, 0, 0, 0, 0, 0, 0, 0, 0, 0, 0, 0, 0, 0, 0, 0, 0, 0, 0, 0, 0, 0, 0, 0, 0, 0, 0, 0, 0, 0, 0, 0, 0, 0, 0, 0, 0, 0, 0, 0, ]
Ui:
[0, 63, 111, 99, 96, 111, 282, 122, 156, 261, 42, 192, 126, 42, 162, 207, 159, 122, 102, 190, 118, 102, 132, 102, 165, 252, 66, 52, 22, 114, 210, 176, 116, 294, 78, 152, 210, 45, 130, 198, 174, ]
Distance matrix:
|0	208	225	252	227	143	258	127	267	150	28	83	163	286	57	149	201	137	214	255	70	73	107	186	328	266	249	343	222	177	293	144	262	215	167	120	169	218	143	173	255	|
|208	0	397	355	416	198	216	99	211	275	193	172	97	166	240	225	362	109	277	314	182	216	273	374	298	208	319	161	14	103	93	120	58	196	152	156	372	227	260	218	453	|
|225	397	0	427	53	364	482	343	492	129	253	225	382	386	171	188	39	291	187	195	295	182	282	55	326	491	180	551	408	315	457	366	455	275	392	244	221	439	341	214	101	|
|252	355	427	0	401	158	201	263	219	396	234	328	259	498	299	400	420	354	465	506	205	324	152	374	574	219	499	393	366	389	446	235	378	456	205	359	224	150	111	423	400	|
|227	416	53	401	0	357	477	352	489	165	253	245	389	424	179	223	85	315	234	245	293	200	264	42	375	488	231	565	428	344	484	370	474	314	392	270	184	430	325	252	50	|
|143	198	364	158	357	0	121	105	134	290	116	196	103	342	200	276	343	205	343	385	74	210	112	319	432	133	382	265	209	237	290	78	226	313	57	220	232	75	69	292	375	|
|258	216	482	201	477	121	0	168	18	397	230	293	135	381	314	372	459	275	437	480	188	317	228	439	501	18	479	197	222	296	290	132	212	386	95	306	347	58	173	381	496	|
|127	99	343	263	352	105	168	0	171	239	105	130	40	237	173	206	313	109	270	312	84	164	175	310	337	169	313	216	112	135	192	37	142	220	77	138	280	155	162	213	382	|
|267	211	492	219	489	134	18	171	0	404	240	298	136	376	323	376	468	276	441	483	198	324	243	450	500	2	483	181	215	294	281	136	202	386	102	309	363	75	189	384	509	|
|150	275	129	396	165	290	397	239	404	0	175	110	279	259	97	59	91	166	84	116	217	80	245	130	226	402	106	434	286	187	329	269	333	149	302	119	244	364	291	87	213	|
|28	193	253	234	253	116	230	105	240	175	0	94	139	286	84	167	229	136	234	275	43	96	98	212	341	238	271	320	206	175	281	118	244	225	140	128	180	191	124	189	280	|
|83	172	225	328	245	196	293	130	298	110	94	0	169	209	77	80	191	71	147	189	127	45	189	203	247	296	187	327	184	106	241	162	230	132	198	38	242	266	217	96	285	|
|163	97	382	259	389	103	135	40	136	279	139	169	0	253	212	244	353	141	307	349	110	203	194	347	366	133	350	183	107	161	187	27	124	251	56	175	306	133	169	249	418	|
|286	166	386	498	424	342	381	237	376	259	286	209	253	0	284	201	347	151	210	230	299	247	383	387	155	374	242	290	162	112	129	270	192	113	308	172	451	386	391	172	471	|
|57	240	171	299	179	200	314	173	323	97	84	77	212	284	0	112	145	147	170	208	127	38	148	137	299	321	201	386	253	183	315	195	297	195	222	112	171	275	195	142	214	|
|149	225	188	400	223	276	372	206	376	59	167	80	244	201	112	0	149	117	67	110	205	78	254	186	187	374	108	387	235	132	272	240	283	93	277	71	279	346	291	32	270	|
|201	362	39	420	85	343	459	313	468	91	229	191	353	347	145	149	0	254	149	160	272	150	271	66	290	466	146	518	373	278	419	339	420	235	367	207	227	418	327	175	135	|
|137	109	291	354	315	205	275	109	276	166	136	71	141	151	147	117	254	0	172	212	151	116	232	273	229	274	215	270	119	39	170	145	167	111	186	47	305	263	245	113	356	|
|214	277	187	465	234	343	437	270	441	84	234	147	307	210	170	67	149	172	0	42	272	141	317	205	144	439	43	437	284	175	307	305	331	99	343	132	327	413	357	60	283	|
|255	314	195	506	245	385	480	312	483	116	275	189	349	230	208	110	160	212	42	0	314	182	356	222	132	481	15	474	321	212	337	347	367	126	385	174	358	455	398	100	295	|
|70	182	295	205	293	74	188	84	198	217	43	127	110	299	127	205	272	151	272	314	0	137	91	253	370	196	310	292	195	188	274	85	226	252	99	155	197	148	94	223	316	|
|73	216	182	324	200	210	317	164	324	80	96	45	203	247	38	78	150	116	141	182	137	0	176	158	263	323	176	369	229	150	286	191	274	157	223	77	208	284	216	106	239	|
|107	273	282	152	264	112	228	175	243	245	98	189	194	383	148	254	271	232	317	356	91	176	0	231	435	242	349	371	286	271	365	167	315	321	164	224	120	174	61	280	274	|
|186	374	55	374	42	319	439	310	450	130	212	203	347	387	137	186	66	273	205	222	253	158	231	0	348	448	208	523	386	303	442	329	431	279	352	229	167	392	291	217	85	|
|328	298	326	574	375	432	501	337	500	226	341	247	366	155	299	187	290	229	144	132	370	263	435	348	0	498	147	441	299	206	283	374	338	119	414	215	465	492	463	157	425	|
|266	208	491	219	488	133	18	169	2	402	238	296	133	374	321	374	466	274	439	481	196	323	242	448	498	0	481	180	213	292	278	134	200	384	100	307	362	75	188	381	508	|
|249	319	180	499	231	382	479	313	483	106	271	187	350	242	201	108	146	215	43	15	310	176	349	208	147	481	0	480	326	217	346	347	373	135	385	175	347	454	392	103	280	|
|343	161	551	393	565	265	197	216	181	434	320	327	183	290	386	387	518	270	437	474	292	369	371	523	441	180	480	0	153	263	163	207	107	352	208	317	487	244	334	379	598	|
|222	14	408	366	428	209	222	112	215	286	206	184	107	162	253	235	373	119	284	321	195	229	286	386	299	213	326	153	0	109	81	132	48	201	162	167	386	236	272	226	466	|
|177	103	315	389	344	237	296	135	294	187	175	106	161	112	183	132	278	39	175	212	188	150	271	303	206	292	217	263	109	0	142	171	156	95	211	74	344	289	281	118	386	|
|293	93	457	446	484	290	290	192	281	329	281	241	187	129	315	272	419	170	307	337	274	286	365	442	283	278	346	163	81	142	0	212	79	211	241	214	461	311	353	254	525	|
|144	120	366	235	370	78	132	37	136	269	118	162	27	270	195	240	339	145	305	347	85	191	167	329	374	134	347	207	132	171	212	0	151	257	40	174	280	119	142	248	398	|
|262	58	455	378	474	226	212	142	202	333	244	230	124	192	297	283	420	167	331	367	226	274	315	431	338	200	373	107	48	156	79	151	0	245	173	214	421	237	293	273	510	|
|215	196	275	456	314	313	386	220	386	149	225	132	251	113	195	93	235	111	99	126	252	157	321	279	119	384	135	352	201	95	211	257	245	0	297	97	365	374	345	62	362	|
|167	152	392	205	392	57	95	77	102	302	140	198	56	308	222	277	367	186	343	385	99	223	164	352	414	100	385	208	162	211	241	40	173	297	0	213	283	79	126	287	415	|
|120	156	244	359	270	220	306	138	309	119	128	38	175	172	112	71	207	47	132	174	155	77	224	229	215	307	175	317	167	74	214	174	214	97	213	0	280	286	248	75	313	|
|169	372	221	224	184	232	347	280	363	244	180	242	306	451	171	279	227	305	327	358	197	208	120	167	465	362	347	487	386	344	461	280	421	365	283	280	0	291	175	310	176	|
|218	227	439	150	430	75	58	155	75	364	191	266	133	386	275	346	418	263	413	455	148	284	174	392	492	75	454	244	236	289	311	119	237	374	79	286	291	0	116	359	445	|
|143	260	341	111	325	69	173	162	189	291	124	217	169	391	195	291	327	245	357	398	94	216	61	291	463	188	392	334	272	281	353	142	293	345	126	248	175	116	0	313	335	|
|173	218	214	423	252	292	381	213	384	87	189	96	249	172	142	32	175	113	60	100	223	106	280	217	157	381	103	379	226	118	254	248	273	62	287	75	310	359	313	0	300	|
|255	453	101	400	50	375	496	382	509	213	280	285	418	471	214	270	135	356	283	295	316	239	274	85	425	508	280	598	466	386	525	398	510	362	415	313	176	445	335	300	0	|

--------------------------------------------------------------------------------
Building model...
	using lazy and cut (CVRPSEP package)
Solving IRP LP...
--------------------------------------------------------------------------------

Gurobi 9.1.0 (linux64) logging started Sat Jan  9 04:56:07 2021

Gurobi Optimizer version 9.1.0 build v9.1.0rc0 (linux64)
Thread count: 32 physical cores, 32 logical processors, using up to 2 threads
Optimize a model with 1199 rows, 8273 columns and 19178 nonzeros
Model fingerprint: 0x0ea5bc45
Variable types: 524 continuous, 7749 integer (369 binary)
Coefficient statistics:
  Matrix range     [1e+00, 1e+03]
  Objective range  [1e-01, 6e+02]
  Bounds range     [1e+00, 3e+02]
  RHS range        [1e+01, 6e+03]
Presolve removed 277 rows and 485 columns
Presolve time: 0.09s
Presolved: 922 rows, 7788 columns, 17189 nonzeros
Variable types: 384 continuous, 7404 integer (7032 binary)

Root relaxation: objective 1.226994e+04, 911 iterations, 0.02 seconds

    Nodes    |    Current Node    |     Objective Bounds      |     Work
 Expl Unexpl |  Obj  Depth IntInf | Incumbent    BestBd   Gap | It/Node Time

     0     0 12269.9374    0  123          - 12269.9374      -     -    0s
     0     0 12677.9066    0  145          - 12677.9066      -     -    0s
     0     0 12694.9877    0  154          - 12694.9877      -     -    0s
     0     0 12694.9877    0  153          - 12694.9877      -     -    0s
     0     0 13259.2736    0  249          - 13259.2736      -     -    0s
     0     0 13371.9904    0  207          - 13371.9904      -     -    0s
     0     0 13405.0777    0  234          - 13405.0777      -     -    0s
     0     0 13415.7900    0  238          - 13415.7900      -     -    0s
     0     0 13424.6939    0  247          - 13424.6939      -     -    0s
     0     0 13425.1821    0  253          - 13425.1821      -     -    1s
     0     0 13589.9450    0  271          - 13589.9450      -     -    1s
     0     0 13596.4049    0  262          - 13596.4049      -     -    1s
     0     0 13598.9047    0  242          - 13598.9047      -     -    1s
     0     0 13598.9047    0  252          - 13598.9047      -     -    1s
     0     0 13669.3733    0  342          - 13669.3733      -     -    1s
     0     0 13673.7105    0  302          - 13673.7105      -     -    1s
     0     0 13677.0826    0  310          - 13677.0826      -     -    1s
     0     0 13680.7930    0  344          - 13680.7930      -     -    1s
     0     0 13688.3724    0  342          - 13688.3724      -     -    1s
     0     0 13693.0051    0  337          - 13693.0051      -     -    1s
     0     0 13696.4090    0  346          - 13696.4090      -     -    1s
     0     0 13696.9826    0  375          - 13696.9826      -     -    1s
     0     0 13739.6571    0  333          - 13739.6571      -     -    2s
     0     0 13747.5704    0  395          - 13747.5704      -     -    2s
     0     0 13749.9927    0  382          - 13749.9927      -     -    2s
     0     0 13751.5991    0  354          - 13751.5991      -     -    2s
     0     0 13767.1016    0  399          - 13767.1016      -     -    2s
     0     0 13773.3410    0  390          - 13773.3410      -     -    2s
     0     0 13775.4274    0  413          - 13775.4274      -     -    2s
     0     0 13802.3087    0  399          - 13802.3087      -     -    2s
     0     0 13804.1050    0  378          - 13804.1050      -     -    3s
     0     0 13807.5764    0  404          - 13807.5764      -     -    3s
     0     0 13807.5764    0  401          - 13807.5764      -     -    3s
     0     2 13816.5220    0  399          - 13816.5220      -     -    4s
    11    14 13835.3489    4  370          - 13826.4031      -   290    5s
   116   123 14271.5684   37  213          - 13835.6039      -   239   10s
   331   375 15917.3087  129   27          - 13835.6039      -   142   15s
*  670   608             210    16959.400000 13842.4153  18.4%  91.4   20s
   722   655 14068.7266   24  401 16959.4000 13842.4153  18.4%   106   27s
H  723   623                    16935.400000 13842.4153  18.3%   106   28s
   725   624 15717.1317   94  268 16935.4000 13842.4153  18.3%   106   30s
H  743   604                    16912.400000 13964.9654  17.4%   103   37s
   754   611 14595.0970   60  492 16912.4000 13975.7153  17.4%   102   40s
H  766   589                    16858.400000 13978.3034  17.1%   112   44s
   768   590 16803.8911  184  291 16858.4000 13978.3034  17.1%   112   46s
   781   599 16154.9775  129  541 16858.4000 13979.4135  17.1%   110   50s
   782   599 16792.1756  190  524 16858.4000 13979.8132  17.1%   110   64s
   784   601 13979.8750    3  491 16858.4000 13979.8750  17.1%   109   65s
   788   603 16803.1500  180  481 16858.4000 13979.9896  17.1%   109   70s
   793   610 14001.6028   24  469 16858.4000 14001.6028  16.9%   118   75s
   817   626 14191.8480   30  405 16858.4000 14001.6653  16.9%   129   80s
   855   658 14220.0833   41  207 16858.4000 14001.6653  16.9%   139   85s
H  871   633                    16857.400000 14001.6653  16.9%   142   86s
   906   667 14600.9918   57  160 16857.4000 14001.6653  16.9%   149   90s
   961   708 14667.5528   76  124 16857.4000 14001.6653  16.9%   152   95s
  1011   730 14678.7679   94  109 16857.4000 14001.6653  16.9%   153  101s
  1079   778 14781.6156  118   79 16857.4000 14001.6653  16.9%   154  105s
H 1083   748                    16783.240000 14001.6653  16.6%   154  105s
  1145   807 15213.6034  140   57 16783.2400 14001.6653  16.6%   154  110s
H 1171   814                    15501.050000 14001.6653  9.67%   154  112s
  1325   868     cutoff  212      15501.0500 14001.7500  9.67%   146  116s
* 1337   838             218    15497.230000 14001.7500  9.65%   145  116s
* 1339   811             216    15441.380000 14001.7500  9.32%   145  116s
  1401   858 14168.4718   32  440 15441.3800 14001.7500  9.32%   149  120s
  1417   873 14181.8438   34  416 15441.3800 14001.7500  9.32%   151  125s
  1501   930 14346.0265   48  309 15441.3800 14001.7500  9.32%   155  131s
  1569   984 14519.2513   60  233 15441.3800 14001.7500  9.32%   158  135s
  1691  1076 14946.5517   84  109 15441.3800 14001.7500  9.32%   159  141s
  1836  1146 15155.9818  113  103 15441.3800 14001.7500  9.32%   156  146s
  1986  1113 14175.1531   29  304 15441.3800 14041.2582  9.07%   151  151s
  2001  1117 14259.3785   31  277 15441.3800 14041.2582  9.07%   153  155s
  2060  1190 14394.6932   52  223 15441.3800 14041.2582  9.07%   155  163s
  2103  1205 14515.0826   60  169 15441.3800 14041.2582  9.07%   156  165s
  2256  1413 14750.4377   82  117 15441.3800 14041.2582  9.07%   152  172s
  2391  1475 14933.7608  102   81 15441.3800 14041.2582  9.07%   147  175s
  2582  1617     cutoff  217      15441.3800 14043.0515  9.06%   142  181s
  2611  1619 14258.8127   35  297 15441.3800 14043.0515  9.06%   143  185s
  2657  1750 14464.1763   44  320 15441.3800 14043.0515  9.06%   144  191s
  2744  1932 14729.3242   66  185 15441.3800 14069.6560  8.88%   143  195s
  2971  2033 14490.8939   37  278 15441.3800 14080.6692  8.81%   136  202s
  3060  2198 14999.1626   93   90 15441.3800 14086.0466  8.78%   135  207s
  3237  2217 14140.7963   31  382 15441.3800 14086.0466  8.78%   130  211s
  3359  2326 14274.4564   39  225 15441.3800 14086.0466  8.78%   131  218s
  3397  2350 14405.6181   49  193 15441.3800 14086.0466  8.78%   132  221s
  3490  2431 14381.4019   31  396 15441.3800 14086.0466  8.78%   133  225s
  3589  2630 15167.7884  137   63 15441.3800 14089.8196  8.75%   133  234s
  3730  2656 14175.5744   29  410 15441.3800 14089.8196  8.75%   131  237s
  3756  2693 14413.2295   38  484 15441.3800 14089.8196  8.75%   132  241s
  3793  2735 14738.9964   48  311 15441.3800 14089.8196  8.75%   134  245s
  3885  2811 15354.4061   84  107 15441.3800 14108.4909  8.63%   135  253s
  3935  2836 14214.8014   36  489 15441.3800 14108.4909  8.63%   136  259s
  3960  2900 14334.0043   43  264 15441.3800 14108.4909  8.63%   136  263s
  4034  2989 14743.7873   67  193 15441.3800 14108.4909  8.63%   136  268s
  4123  3020 15300.5281  141  130 15441.3800 14110.3982  8.62%   136  273s
  4166  3055 14412.2758   39  384 15441.3800 14110.3982  8.62%   137  277s
  4213  3181 14773.8023   55  126 15441.3800 14111.8546  8.61%   138  284s
  4243  3181 14957.5573   85   31 15441.3800 14111.8546  8.61%   137  285s
  4350  3215 14323.9445   28  403 15441.3800 14111.8546  8.61%   136  290s
  4432  3295 14504.4436   43  213 15441.3800 14111.8546  8.61%   138  295s
  4464  3351     cutoff   93      15441.3800 14111.9767  8.61%   138  301s
  4530  3406 14416.8379   42  471 15441.3800 14111.9767  8.61%   139  306s
  4602  3449 14731.3728   57  350 15441.3800 14111.9767  8.61%   140  311s
  4643  3504 15301.2021   75  178 15441.3800 14112.0402  8.61%   141  317s
  4714  3624 14413.2045   37  477 15441.3800 14112.0402  8.61%   143  323s
  4838  3675 14786.4641   54  300 15441.3800 14113.0526  8.60%   142  331s
  4923  3690 14353.3837   32  492 15441.3800 14114.2517  8.59%   143  338s
  4938  3762 14443.5445   39  511 15441.3800 14114.2517  8.59%   143  345s
  5010  3818 14710.7677   57  430 15441.3800 14114.2517  8.59%   144  351s
  5082  3882 15075.1236   80  334 15441.3800 14121.5005  8.55%   144  358s
  5158  3937 14292.7236   34  424 15441.3800 14121.5005  8.55%   146  365s
  5225  4010 14825.1929   66  122 15441.3800 14127.8879  8.51%   147  373s
  5317  4074     cutoff  112      15441.3800 14128.6091  8.50%   147  381s
  5396  4081 14620.9538   43  426 15441.3800 14128.6906  8.50%   148  391s
  5403  4141 14716.9135   49  474 15441.3800 14128.6906  8.50%   149  399s
  5463  4247 15228.7249   76  177 15441.3800 14133.6407  8.47%   150  407s
  5632  4489 14526.9101   37  339 15441.3800 14134.5060  8.46%   149  417s
  5886  4568 15337.4071  134   99 15441.3800 14135.9520  8.45%   145  427s
  5980  4719 14634.2152   38  426 15441.3800 14135.9520  8.45%   146  437s
  6142  4784 15192.4364   63  273 15441.3800 14138.0105  8.44%   144  446s
  6225  4876 14558.5904   35  256 15441.3800 14138.0105  8.44%   146  455s
  6327  4950 15124.8395   62   58 15441.3800 14138.9202  8.43%   146  464s
  6362  4950 15403.3542   89   43 15441.3800 14138.9202  8.43%   145  465s
  6454  5020 14471.8435   36  171 15441.3800 14140.8187  8.42%   146  474s
  6524  5145 15030.9225   52  122 15441.3800 14143.1482  8.41%   147  484s
  6587  5145 15369.5823   74   25 15441.3800 14143.1482  8.41%   147  485s
  6703  5226 14284.6470   34  210 15441.3800 14144.6538  8.40%   146  495s
  6784  5364 14835.8777   75   60 15441.3800 14144.8732  8.40%   147  505s
  6952  5514 14533.0605   44  218 15441.3800 14145.8765  8.39%   147  514s
  7004  5514 15223.8154   96   95 15441.3800 14145.8765  8.39%   146  515s
  7119  5588 14607.3335   31  244 15441.3800 14145.8765  8.39%   146  523s
  7205  5653 15111.3504   74   84 15441.3800 14147.4040  8.38%   147  533s
  7283  5806 14738.6951   51  160 15441.3800 14153.0525  8.34%   148  545s
  7471  5873 14473.9526   37  438 15441.3800 14153.3889  8.34%   148  557s
  7559  5965 14952.3745   65  279 15441.3800 14155.5062  8.33%   149  568s
  7666  6076 14690.9348   36  204 15441.3800 14156.0162  8.32%   150  580s
  7782  6203 15270.4103   65  117 15441.3800 14156.9016  8.32%   151  594s
  7841  6203 14840.5222   70  154 15441.3800 14156.9016  8.32%   151  595s
  7953  6296 14356.8295   39  366 15441.3800 14157.4448  8.31%   152  607s
  8060  6592 14615.9750   55  191 15441.3800 14159.1999  8.30%   153  621s
  8386  6711 14484.0110   39  391 15441.3800 14159.1999  8.30%   151  637s
H 8456  4492                    15050.750000 14159.1999  5.92%   151  638s
  8529  4627 14801.0093   55  253 15050.7500 14160.0728  5.92%   150  650s
  8748  4814 14344.9309   30  341 15050.7500 14160.1264  5.92%   150  665s
  8956  4845 14476.8426   43  238 15050.7500 14160.4272  5.92%   150  677s
  9011  4894 14406.7941   36  415 15050.7500 14160.4575  5.92%   151  688s
  9078  5022 14727.1213   48  169 15050.7500 14163.2649  5.90%   153  700s
  9232  5197 14642.6197   67  129 15050.7500 14163.6172  5.89%   154  716s
  9428  5333 15015.9282   46  191 15050.7500 14167.7524  5.87%   153  729s
  9474  5333 14547.4869   64   52 15050.7500 14167.7524  5.87%   154  730s
  9600  5461 14561.4939   33  411 15050.7500 14172.9014  5.83%   154  743s
  9753  5524 14656.4209   42  306 15050.7500 14174.4735  5.82%   154  756s
  9839  5676 14430.4954   47  311 15050.7500 14174.5886  5.82%   155  771s
  9991  5838 14676.7317   75   61 15050.7500 14174.6082  5.82%   155  784s
 10083  5840 14886.2332  141   12 15050.7500 14174.6082  5.82%   154  785s
 10208  6015     cutoff  124      15050.7500 14179.6738  5.79%   155  798s
 10412  6215 14369.5601   43  335 15050.7500 14181.2842  5.78%   154  812s
 10659  6278     cutoff  102      15050.7500 14183.4112  5.76%   154  826s
 10736  6499 14803.4966   56  226 15050.7500 14184.8020  5.75%   155  840s
 10990  6602 14640.1180   53  312 15050.7500 14186.8292  5.74%   154  860s
 11115  6745 14547.6155   45  363 15050.7500 14187.3118  5.74%   155  874s
 11281  6955 14293.8098   32  375 15050.7500 14187.6747  5.73%   155  887s
 11527  7000 14540.2041   46  219 15050.7500 14190.5908  5.72%   154  903s
 11601  7063 14557.0381   37  397 15050.7500 14191.6164  5.71%   155  915s
 11664  7223 14766.8210   53  323 15050.7500 14192.5431  5.70%   156  930s
 11876  7284 14576.1628   31  345 15050.7500 14193.2645  5.70%   156  945s
 11959  7376 14556.7329   40  348 15050.7500 14193.4538  5.70%   157  959s
 12079  7484 14628.0667   50  286 15050.7500 14193.7103  5.69%   158  971s
 12237  7600 14510.7338   48  205 15050.7500 14196.3824  5.68%   158  986s
 12378  7723 14724.6630   53   64 15050.7500 14197.2086  5.67%   159 1001s
 12536  7793 14728.6619   58  186 15050.7500 14198.3315  5.66%   159 1015s
 12628  7920 14551.0479   47  105 15050.7500 14199.8202  5.65%   161 1031s
 12806  8029 14632.7450   49  377 15050.7500 14200.5577  5.65%   161 1045s
H12853  7575                    14999.750000 14200.5577  5.33%   161 1046s
 12952  7663 14441.4399   42  357 14999.7500 14200.6591  5.33%   162 1060s
 13064  7740 14973.5420   62  141 14999.7500 14201.5044  5.32%   163 1073s
 13176  7814     cutoff   69      14999.7500 14203.1895  5.31%   163 1087s
 13291  7924 14349.8997   35  354 14999.7500 14203.5760  5.31%   164 1102s
 13460  7998 14553.9915   34  247 14999.7500 14204.1165  5.30%   164 1117s
 13562  8140 14420.6482   37  375 14999.7500 14208.7146  5.27%   165 1132s
 13732  8232     cutoff  124      14999.7500 14209.6002  5.27%   165 1150s
 13840  8416 14665.8492   51  206 14999.7500 14211.1858  5.26%   166 1171s
 14057  8554 14992.6300  107    - 14999.7500 14212.0674  5.25%   165 1187s
 14226  8645     cutoff  107      14999.7500 14214.4599  5.24%   166 1202s
 14262  8645 14796.5955   53  330 14999.7500 14214.7968  5.23%   166 1206s
 14337  8734 14848.4766   67  239 14999.7500 14215.7336  5.23%   166 1221s
 14465  8814 14380.5166   36  339 14999.7500 14216.3007  5.22%   167 1234s
 14582  8946 14741.7867   36  298 14999.7500 14219.6042  5.20%   168 1250s
 14734  9058 14925.7259   85  125 14999.7500 14220.4945  5.20%   168 1268s
 14864  9319 14532.8467   67   28 14999.7500 14222.9339  5.18%   169 1288s
 14994  9327 14996.2000  132    - 14999.7500 14222.9339  5.18%   168 1290s
 15187  9487 14874.2000  115    - 14999.7500 14223.1243  5.18%   168 1307s
*15188  7579             113    14884.120000 14223.1243  4.44%   168 1307s
 15413  7639     cutoff   53      14884.1200 14225.0446  4.43%   168 1323s
 15562  7677     cutoff   77      14884.1200 14226.6639  4.42%   168 1338s
 15646  7785 14734.7895   47  343 14884.1200 14230.6374  4.39%   169 1442s
 15772  7866 14742.6583   87  116 14884.1200 14231.9065  4.38%   170 1459s
 15886  7943 14799.9899   60  390 14884.1200 14232.1644  4.38%   171 1476s
 16002  7991 14643.4007   49  209 14884.1200 14233.6828  4.37%   171 1490s
 16137  8206 14479.6137   47  259 14884.1200 14235.1566  4.36%   172 1509s
 16242  8206 14659.8433  100   45 14884.1200 14235.1566  4.36%   171 1510s
 16522  8318 14419.1711   54  317 14884.1200 14236.5542  4.35%   170 1528s
 16668  8472 14516.6548   39  224 14884.1200 14238.9891  4.33%   171 1543s
 16863  8553 14610.5037   47  307 14884.1200 14240.8404  4.32%   171 1562s
 16991  8623 14721.5887   45  373 14884.1200 14242.7997  4.31%   172 1578s
 17079  8776 14525.1429   45  208 14884.1200 14244.1587  4.30%   173 1595s
 17294  8886 14378.2424   31  307 14884.1200 14246.1237  4.29%   172 1612s
 17442  9014     cutoff   50      14884.1200 14246.6698  4.28%   173 1631s
 17632  9095 14617.8454   35  180 14884.1200 14248.0770  4.27%   173 1648s
 17750  9192 14504.2297   57  240 14884.1200 14248.7612  4.27%   174 1665s
 17906  9316 14543.9289   36  181 14884.1200 14249.8866  4.26%   175 1683s
 17995  9320 14510.0844   42  356 14884.1200 14249.8866  4.26%   174 1688s
 18079  9428     cutoff   80      14884.1200 14250.0615  4.26%   175 1706s
 18244  9547     cutoff   81      14884.1200 14251.2046  4.25%   175 1724s
 18324  9547 14386.4224   37  239 14884.1200 14251.5976  4.25%   176 1726s
 18393  9653 14834.1832   75   58 14884.1200 14251.7649  4.25%   176 1742s
 18542  9838 14449.5723   39  365 14884.1200 14252.5754  4.24%   176 1761s
 18768  9941 14775.4119   54   63 14884.1200 14253.4213  4.24%   176 1777s
 18899 10169 14666.9807   54  267 14884.1200 14255.2038  4.23%   177 1796s
 19176 10255 14428.1348   30  550 14884.1200 14255.8666  4.22%   176 1816s
 19284 10364 14646.2825   47  242 14884.1200 14256.2614  4.22%   177 1834s
 19446 10476 14547.1709   50  476 14884.1200 14258.0683  4.21%   177 1852s
 19613 10641 14498.5921   39  154 14884.1200 14258.2682  4.20%   178 1871s
 19827 10828     cutoff   49      14884.1200 14258.6169  4.20%   178 1890s
 20060 10927 14831.6039   49  340 14884.1200 14259.2876  4.20%   177 1911s
 20194 11183 14429.5116   34  257 14884.1200 14260.3751  4.19%   178 1930s
 20502 11299 14386.6689   33  327 14884.1200 14260.6085  4.19%   177 1948s
 20625 11423 14782.4832   60  106 14884.1200 14261.1758  4.19%   178 1970s
 20819 11503 14489.9702   39  173 14884.1200 14262.8897  4.17%   178 1987s
 20959 11627 14718.4866   46  207 14884.1200 14263.9030  4.17%   178 2004s
 21029 11627 14871.2408   90  104 14884.1200 14263.9030  4.17%   178 2005s
 21116 11745 14457.4146   41  344 14884.1200 14264.4405  4.16%   179 2022s
 21269 11944 14765.9072   54   87 14884.1200 14265.0187  4.16%   179 2041s
 21523 12051 14509.5344   40  293 14884.1200 14266.1624  4.15%   179 2055s
 21664 12128 14438.7474   40  227 14884.1200 14268.2110  4.14%   179 2070s
 21773 12310 14590.1522   67  106 14884.1200 14268.6158  4.14%   180 2088s
 22040 12313 14732.9501   97   11 14884.1200 14269.0173  4.13%   179 2090s
 22102 12535     cutoff  110      14884.1200 14269.1388  4.13%   179 2104s
 22192 12535 14700.4504   97   17 14884.1200 14269.1388  4.13%   179 2105s
 22396 12692     cutoff  121      14884.1200 14270.3701  4.12%   178 2120s
H22427 10323                    14793.330000 14270.3701  3.54%   178 2120s
 22601 10455 14404.7547   37  280 14793.3300 14271.6381  3.53%   179 2135s
 22813 10566     cutoff  125      14793.3300 14272.8923  3.52%   179 2151s
 22984 10624 14373.0037   42  348 14793.3300 14274.7987  3.51%   179 2166s
 23122 10707 14415.0679   34  389 14793.3300 14275.3752  3.50%   179 2182s
 23265 10830 14698.2078   71  215 14793.3300 14276.5737  3.49%   180 2197s
 23412 10890 14731.5055   46  118 14793.3300 14276.9929  3.49%   180 2213s
 23538 10987 14763.0878   74    6 14793.3300 14278.4448  3.48%   181 2231s
*23539 10389              75    14773.470000 14278.4448  3.35%   181 2231s
 23710 10462 14643.0337   42  177 14773.4700 14279.8918  3.34%   181 2246s
 23826 10547 14388.0286   35  359 14773.4700 14280.8716  3.33%   182 2262s
 23968 10651 14631.4156   40  165 14773.4700 14281.6420  3.33%   182 2277s
 24108 10712 14675.7505   52  210 14773.4700 14282.9631  3.32%   183 2293s
 24221 10834 14617.7029   40  160 14773.4700 14283.6974  3.32%   183 2309s
 24268 10834 14636.3699   49  134 14773.4700 14283.6974  3.32%   183 2310s
 24389 10940 14628.5594   58  155 14773.4700 14284.1679  3.31%   183 2325s
 24567 11002 14462.6331   38  184 14773.4700 14286.3217  3.30%   184 2342s
 24708 11071 14495.3713   45  178 14773.4700 14286.7880  3.29%   184 2358s
 24799 11211 14581.1092   46  137 14773.4700 14287.0108  3.29%   185 2374s
 24832 11211 14616.5754   63   33 14773.4700 14287.0108  3.29%   185 2375s
 25064 11277     cutoff   94      14773.4700 14287.2540  3.29%   185 2392s
 25182 11406 14426.7751   35  187 14773.4700 14288.3122  3.28%   185 2409s
 25234 11406 14645.3797   57  184 14773.4700 14288.3122  3.28%   185 2410s
 25353 11563 14544.9885   42  139 14773.4700 14288.5697  3.28%   185 2426s
 25588 11662 14716.3085   39  206 14773.4700 14290.0515  3.27%   185 2442s
 25774 11747 14526.8106   30  346 14773.4700 14290.9283  3.27%   186 2459s
 25837 11747 14348.5713   31  468 14773.4700 14291.8238  3.26%   186 2460s
 25905 11793 14563.5745   37  229 14773.4700 14292.0890  3.26%   186 2474s
 25967 11793 14606.1330   39  273 14773.4700 14292.7833  3.25%   186 2475s
 26036 11831 14606.2992   37  245 14773.4700 14293.3376  3.25%   187 2492s
H26129 11179                    14752.710000 14293.5031  3.11%   187 2508s
 26260 11254 14434.4824   35  357 14752.7100 14294.4144  3.11%   187 2523s
 26394 11336 14636.2150   47  230 14752.7100 14294.8573  3.10%   188 2539s
 26450 11336 14713.4638   52   65 14752.7100 14294.8573  3.10%   188 2540s
 26528 11379 14616.9525   46  160 14752.7100 14295.8611  3.10%   188 2555s
 26637 11494     cutoff   43      14752.7100 14296.1767  3.09%   189 2572s
 26869 11589 14370.1332   44  309 14752.7100 14297.2818  3.09%   189 2588s
 27016 11668 14689.6528   54  397 14752.7100 14297.7531  3.08%   189 2605s
H27073 11496                    14748.390000 14297.7531  3.06%   190 2606s
H27147 11525                    14746.500000 14298.0122  3.04%   190 2622s
 27309 11654 14385.2985   38  439 14746.5000 14298.9326  3.04%   190 2639s
 27359 11654 14700.2356   53   17 14746.5000 14298.9326  3.04%   190 2640s
H27489  5898                    14586.820000 14299.9102  1.97%   190 2657s
 27633  5935     cutoff   36      14586.8200 14300.5233  1.96%   191 2674s
 27697  5935 14378.5596   37  194 14586.8200 14300.9489  1.96%   191 2675s
 27767  6017 14559.6395   47  201 14586.8200 14300.9761  1.96%   191 2691s
 27925  6071 14512.9106   35  108 14586.8200 14302.3320  1.95%   191 2709s
 27996  6071 14578.5865   49  362 14586.8200 14303.0155  1.95%   192 2710s
 28037  6131 14440.8993   42   90 14586.8200 14303.2652  1.94%   192 2726s
 28183  6197     cutoff   42      14586.8200 14304.2039  1.94%   193 2742s
 28323  6260 14497.4200   40  143 14586.8200 14305.3801  1.93%   193 2760s
 28478  6333 14512.0407   44  319 14586.8200 14305.9242  1.93%   193 2776s
 28622  6408 14573.8216   47  143 14586.8200 14306.7177  1.92%   194 2793s
 28767  6486 14444.4567   49  200 14586.8200 14308.2332  1.91%   194 2810s
 28935  6531 14441.4866   43  480 14586.8200 14308.7557  1.91%   194 2828s
 29066  6599     cutoff   48      14586.8200 14309.7416  1.90%   195 2844s
 29218  6633 14392.9360   42  313 14586.8200 14311.2138  1.89%   195 2860s
 29380  6676 14560.5196   44  374 14586.8200 14311.8621  1.88%   196 2876s
 29517  6706 14458.3227   41  299 14586.8200 14313.1200  1.88%   196 2893s
 29670  6781 14562.4456   34  424 14586.8200 14314.1065  1.87%   197 2911s
 29817  6850     cutoff   65      14586.8200 14314.8735  1.86%   197 2929s
 29957  6946 14538.2374   51  326 14586.8200 14315.3927  1.86%   197 2947s
 30129  7012 14391.6141   43  393 14586.8200 14316.1034  1.86%   198 2966s
 30252  7060 14463.4622   47  221 14586.8200 14316.2042  1.86%   198 2983s
 30410  7122     cutoff   76      14586.8200 14316.8680  1.85%   199 3001s
 30570  7219 14464.9192   37  234 14586.8200 14317.6195  1.85%   199 3020s
 30733  7281 14398.0578   35  339 14586.8200 14317.9646  1.84%   199 3039s
 30863  7355 14568.3333   46   96 14586.8200 14318.6081  1.84%   200 3058s
 31012  7463 14437.4557   40  339 14586.8200 14319.4347  1.83%   200 3076s
 31186  7522     cutoff   40      14586.8200 14319.9965  1.83%   200 3093s
 31329  7607 14407.4610   39  464 14586.8200 14321.1391  1.82%   201 3111s
 31479  7636 14381.9687   34  313 14586.8200 14322.0035  1.82%   201 3128s
 31608  7685 14565.2439   52  174 14586.8200 14322.5475  1.81%   202 3146s
 31741  7710     cutoff   55      14586.8200 14323.0478  1.81%   202 3163s
 31868  7758 14480.7051   40  390 14586.8200 14323.2703  1.81%   203 3181s
 32005  7816 14368.1396   40  431 14586.8200 14324.1244  1.80%   203 3198s
 32127  7855 14350.4414   41  192 14586.8200 14325.6779  1.79%   204 3215s
 32244  7885 14512.1396   45  466 14586.8200 14326.0346  1.79%   204 3233s
 32372  7955 14536.6289   46  336 14586.8200 14326.6950  1.78%   205 3251s
 32530  8033     cutoff   51      14586.8200 14326.8521  1.78%   205 3269s
 32706  8061 14583.2078   49  347 14586.8200 14327.5523  1.78%   205 3288s
 32835  8112 14564.7869   37  344 14586.8200 14328.0497  1.77%   206 3307s
 32994  8204 14569.9425   54  340 14586.8200 14328.8342  1.77%   206 3326s
 33197  8263 14442.7053   36  349 14586.8200 14329.3071  1.77%   206 3345s
 33351  8348 14475.0991   38  315 14586.8200 14330.2234  1.76%   207 3508s
 33498  8383 14543.6790   57   59 14586.8200 14330.4067  1.76%   207 3526s
 33636  8432 14535.8176   44  230 14586.8200 14331.2992  1.75%   207 3545s
 33758  8487 14511.9076   39  290 14586.8200 14332.2832  1.74%   208 3564s
 33935  8553 14509.4151   36  371 14586.8200 14332.8857  1.74%   208 3584s
 34023  8553 14487.2816   41  459 14586.8200 14333.1434  1.74%   208 3585s
 34089  8591 14400.8474   41  269 14586.8200 14333.2424  1.74%   209 3600s

Cutting planes:
  User: 4705
  Gomory: 25
  Cover: 370
  Implied bound: 47
  Projected implied bound: 1
  Clique: 9
  MIR: 179
  StrongCG: 7
  Flow cover: 338
  Zero half: 22
  RLT: 252
  Relax-and-lift: 5
  Lazy constraints: 2193

Explored 34185 nodes (7155954 simplex iterations) in 3600.67 seconds
Thread count was 2 (of 32 available processors)

Solution count 10: 14586.8 14746.5 14748.4 ... 15441.4

Time limit reached
Best objective 1.458682000000e+04, best bound 1.433353016918e+04, gap 1.7364%

User-callback calls 291525, time in user-callback 280.64 sec
================================================================================
executing instance: ./input/Instances/Original/2/absH3high_4n10.dat
--------------------------------------------------------------------------------
Instance details
n	11
H	3
C	822
Li:
[0, 0, 0, 0, 0, 0, 0, 0, 0, 0, 0, ]
Ui:
[0, 102, 52, 88, 182, 153, 138, 38, 165, 297, 86, ]
Distance matrix:
|0	285	411	382	327	239	148	256	307	36	383	|
|285	0	352	98	249	103	227	235	120	268	209	|
|411	352	0	395	106	430	263	549	234	429	174	|
|382	98	395	0	302	173	320	288	168	364	227	|
|327	249	106	302	0	324	179	444	135	339	109	|
|239	103	430	173	324	0	241	132	212	212	305	|
|148	227	263	320	179	241	0	325	192	165	249	|
|256	235	549	288	444	132	325	0	342	220	436	|
|307	120	234	168	135	212	192	342	0	304	94	|
|36	268	429	364	339	212	165	220	304	0	386	|
|383	209	174	227	109	305	249	436	94	386	0	|

--------------------------------------------------------------------------------
Building model...
	using lazy and cut (CVRPSEP package)
Solving IRP LP...
--------------------------------------------------------------------------------

Gurobi 9.1.0 (linux64) logging started Sat Jan  9 05:56:13 2021

Gurobi Optimizer version 9.1.0 build v9.1.0rc0 (linux64)
Thread count: 32 physical cores, 32 logical processors, using up to 2 threads
Optimize a model with 311 rows, 728 columns and 2054 nonzeros
Model fingerprint: 0x9930dac5
Variable types: 134 continuous, 594 integer (99 binary)
Coefficient statistics:
  Matrix range     [1e+00, 3e+02]
  Objective range  [2e-01, 5e+02]
  Bounds range     [1e+00, 3e+02]
  RHS range        [2e+01, 1e+03]
Presolve removed 81 rows and 98 columns
Presolve time: 0.01s
Presolved: 230 rows, 630 columns, 1586 nonzeros
Variable types: 99 continuous, 531 integer (444 binary)
Found heuristic solution: objective 8169.7200000

Root relaxation: objective 3.924833e+03, 307 iterations, 0.01 seconds

    Nodes    |    Current Node    |     Objective Bounds      |     Work
 Expl Unexpl |  Obj  Depth IntInf | Incumbent    BestBd   Gap | It/Node Time

     0     0 3924.83271    0   59 8169.72000 3924.83271  52.0%     -    0s
H    0     0                    8105.6200000 3924.83271  51.6%     -    0s
     0     0 4133.61035    0   50 8105.62000 4133.61035  49.0%     -    0s
     0     0 4133.77702    0   51 8105.62000 4133.77702  49.0%     -    0s
     0     0 4254.46472    0   74 8105.62000 4254.46472  47.5%     -    0s
H    0     0                    6702.2100000 4254.46472  36.5%     -    0s
H    0     0                    6581.2100000 4254.46472  35.4%     -    0s
     0     0 4298.14674    0   64 6581.21000 4298.14674  34.7%     -    0s
     0     0 4325.10566    0   73 6581.21000 4325.10566  34.3%     -    0s
     0     0 4333.77337    0   66 6581.21000 4333.77337  34.1%     -    0s
     0     0 4333.77337    0   66 6581.21000 4333.77337  34.1%     -    0s
     0     0 4344.55618    0   73 6581.21000 4344.55618  34.0%     -    0s
H    0     0                    6537.2100000 4344.55618  33.5%     -    0s
     0     0 4357.09102    0   78 6537.21000 4357.09102  33.3%     -    0s
     0     0 4395.00316    0   90 6537.21000 4395.00316  32.8%     -    0s
     0     0 4401.11154    0   70 6537.21000 4401.11154  32.7%     -    0s
     0     0 4401.11154    0   70 6537.21000 4401.11154  32.7%     -    0s
     0     0 4407.70207    0   85 6537.21000 4407.70207  32.6%     -    0s
     0     0 4434.44300    0   78 6537.21000 4434.44300  32.2%     -    0s
     0     0 4439.29678    0   90 6537.21000 4439.29678  32.1%     -    0s
     0     0 4443.66838    0   93 6537.21000 4443.66838  32.0%     -    0s
     0     0 4443.87086    0   93 6537.21000 4443.87086  32.0%     -    0s
     0     0 4455.19880    0   81 6537.21000 4455.19880  31.8%     -    0s
     0     0 4455.56733    0   78 6537.21000 4455.56733  31.8%     -    0s
     0     0 4460.67530    0   94 6537.21000 4460.67530  31.8%     -    0s
     0     0 4461.05117    0   93 6537.21000 4461.05117  31.8%     -    0s
     0     0 4461.95473    0   92 6537.21000 4461.95473  31.7%     -    0s
