




arguments: ./build/mirp_solver -f ./input/orig_exec_18.cfg
Current dir: /scratch/gui/bnc_mirp
File verbosity level: 9
date       time         ( uptime  ) [ thread name/id ]                   file:line     v| 
2021-01-09 01:07:55.807 (   0.207s) [main thread     ]             loguru.cpp:789   INFO| Logging to './output/vi_hc1_quarter/OU/V3/Original/execution_09_01_2021_01_07_55.log', mode: 'a', verbosity: 9
--------------------------------------------------------------------------------
Parameters
                           instance_path           ./input/Instances/Original/1/
                            model_policy                                       1
                             nb_vehicles                                       3
                              output_dir ./output/vi_hc1_quarter/OU/V3/Original/
                            sec_strategy                                       1
                       solver_nb_threads                                       2
                         solver_show_log                                    true
                       solver_time_limit                                    3600
                              use_vi_cos                                   false
                              use_vi_cus                                   false
                         use_vi_hc1_full                                   false
                         use_vi_hc1_half                                   false
                      use_vi_hc1_quarter                                    true
                              use_vi_hc2                                   false
                              use_vi_hc3                                   false
                         use_vi_lex_full                                   false
                         use_vi_lex_half                                   false
                      use_vi_lex_quarter                                   false
                              use_vi_qua                                   false
                               use_vi_vc                                   false
                               use_vi_vr                                   false
--------------------------------------------------------------------------------
executing instance: ./input/Instances/Original/1/absH3high_1n5.dat
--------------------------------------------------------------------------------
Instance details
n	6
H	3
C	289
Li:
[0, 0, 0, 0, 0, 0, ]
Ui:
[0, 195, 105, 116, 72, 22, ]
Distance matrix:
|0	85	349	17	203	289	|
|85	0	265	102	214	226	|
|349	265	0	366	368	238	|
|17	102	366	0	207	302	|
|203	214	368	207	0	431	|
|289	226	238	302	431	0	|

--------------------------------------------------------------------------------
Building model...
	using lazy and cut (CVRPSEP package)
Solving IRP LP...
--------------------------------------------------------------------------------

Gurobi 9.1.0 (linux64) logging started Sat Jan  9 01:07:56 2021

Gurobi Optimizer version 9.1.0 build v9.1.0rc0 (linux64)
Thread count: 32 physical cores, 32 logical processors, using up to 2 threads
Optimize a model with 165 rows, 258 columns and 813 nonzeros
Model fingerprint: 0x1b4a8542
Variable types: 69 continuous, 189 integer (54 binary)
Coefficient statistics:
  Matrix range     [1e+00, 2e+02]
  Objective range  [2e-01, 4e+02]
  Bounds range     [1e+00, 2e+02]
  RHS range        [1e+01, 5e+02]
Presolve removed 36 rows and 21 columns
Presolve time: 0.01s
Presolved: 129 rows, 237 columns, 640 nonzeros
Variable types: 51 continuous, 186 integer (138 binary)

Root relaxation: objective 1.701803e+03, 204 iterations, 0.00 seconds

    Nodes    |    Current Node    |     Objective Bounds      |     Work
 Expl Unexpl |  Obj  Depth IntInf | Incumbent    BestBd   Gap | It/Node Time

     0     0 1701.80263    0   20          - 1701.80263      -     -    0s
     0     0 1821.71325    0   27          - 1821.71325      -     -    0s
     0     0 2116.75056    0   32          - 2116.75056      -     -    0s
H    0     0                    2414.0300000 2116.75056  12.3%     -    0s
     0     0 2241.81945    0   36 2414.03000 2241.81945  7.13%     -    0s
     0     0 2267.93991    0   34 2414.03000 2267.93991  6.05%     -    0s
     0     0 2312.97500    0   28 2414.03000 2312.97500  4.19%     -    0s
     0     0 2312.97500    0   30 2414.03000 2312.97500  4.19%     -    0s
     0     0 2318.22642    0   48 2414.03000 2318.22642  3.97%     -    0s
     0     0 2318.22642    0   14 2414.03000 2318.22642  3.97%     -    0s
     0     0 2318.22642    0   22 2414.03000 2318.22642  3.97%     -    0s
     0     0 2318.22642    0   36 2414.03000 2318.22642  3.97%     -    0s
     0     0 2318.22642    0   25 2414.03000 2318.22642  3.97%     -    0s
     0     0 2318.22642    0   37 2414.03000 2318.22642  3.97%     -    0s
     0     0 2318.22642    0   39 2414.03000 2318.22642  3.97%     -    0s
     0     0 2325.18787    0   48 2414.03000 2325.18787  3.68%     -    0s
     0     0 2325.78963    0   42 2414.03000 2325.78963  3.66%     -    0s
     0     0 2335.97791    0   43 2414.03000 2335.97791  3.23%     -    0s
     0     0 2335.97791    0   51 2414.03000 2335.97791  3.23%     -    0s
     0     0 2360.40993    0   47 2414.03000 2360.40993  2.22%     -    0s
     0     0 2366.12518    0   47 2414.03000 2366.12518  1.98%     -    0s
     0     0 2366.12518    0   55 2414.03000 2366.12518  1.98%     -    0s
     0     0 2373.53358    0   54 2414.03000 2373.53358  1.68%     -    0s
     0     0 2373.53705    0   55 2414.03000 2373.53705  1.68%     -    0s
     0     0 2376.76023    0   47 2414.03000 2376.76023  1.54%     -    0s
     0     0 2377.58685    0   49 2414.03000 2377.58685  1.51%     -    0s
     0     0 2377.83981    0   62 2414.03000 2377.83981  1.50%     -    0s
     0     0 2390.61414    0    7 2414.03000 2390.61414  0.97%     -    0s
     0     0 2390.61414    0    7 2414.03000 2390.61414  0.97%     -    0s
     0     0 2390.61414    0   13 2414.03000 2390.61414  0.97%     -    0s
     0     0 2390.61414    0   13 2414.03000 2390.61414  0.97%     -    0s
     0     0 2400.57167    0    3 2414.03000 2400.57167  0.56%     -    0s
     0     0     cutoff    0      2414.03000 2414.03000  0.00%     -    0s

Cutting planes:
  Gomory: 7
  Cover: 7
  Implied bound: 3
  Clique: 7
  MIR: 6
  Flow cover: 11
  Network: 2
  RLT: 4
  Relax-and-lift: 3

Explored 1 nodes (1347 simplex iterations) in 0.22 seconds
Thread count was 2 (of 32 available processors)

Solution count 1: 2414.03 

Optimal solution found (tolerance 1.00e-04)
Best objective 2.414030000000e+03, best bound 2.414030000000e+03, gap 0.0000%

User-callback calls 302, time in user-callback 0.01 sec
================================================================================
executing instance: ./input/Instances/Original/1/absH3high_1n45.dat
--------------------------------------------------------------------------------
Instance details
n	46
H	3
C	3462
Li:
[0, 0, 0, 0, 0, 0, 0, 0, 0, 0, 0, 0, 0, 0, 0, 0, 0, 0, 0, 0, 0, 0, 0, 0, 0, 0, 0, 0, 0, 0, 0, 0, 0, 0, 0, 0, 0, 0, 0, 0, 0, 0, 0, 0, 0, 0, ]
Ui:
[0, 273, 270, 36, 165, 192, 148, 45, 30, 75, 180, 198, 112, 117, 90, 64, 180, 22, 264, 174, 168, 270, 86, 66, 26, 66, 237, 156, 92, 108, 144, 72, 30, 45, 94, 54, 174, 96, 198, 136, 44, 180, 210, 249, 198, 48, ]
Distance matrix:
|0	281	201	160	249	201	93	431	236	139	252	136	116	166	390	110	349	374	303	180	327	464	236	70	44	461	346	439	363	254	312	426	305	206	71	137	169	200	247	260	20	219	256	253	460	278	|
|281	0	448	170	53	142	338	184	121	290	371	390	222	302	111	289	169	434	230	177	238	441	59	212	319	211	86	235	399	306	53	176	99	202	263	157	361	101	370	201	264	344	364	374	469	184	|
|201	448	0	285	430	325	114	556	361	171	191	64	228	174	546	294	453	306	364	289	388	435	393	254	157	585	491	536	318	254	490	554	436	407	266	292	108	388	186	337	207	181	205	190	408	364	|
|160	170	285	0	169	43	182	280	80	120	208	231	58	132	262	230	190	294	151	24	174	345	112	107	183	309	207	280	268	158	219	276	155	235	187	45	192	150	205	107	140	177	202	210	356	119	|
|249	53	430	169	0	152	317	238	145	282	377	369	212	299	157	242	215	452	261	183	273	474	76	181	290	264	140	287	421	320	63	229	145	148	221	142	352	53	374	226	234	346	370	378	498	215	|
|201	142	325	43	152	0	224	237	37	156	230	273	101	164	224	261	148	300	127	38	147	333	83	142	225	266	167	238	270	168	193	233	112	246	221	70	228	148	228	84	180	202	222	232	351	87	|
|93	338	114	182	317	224	0	460	262	92	180	52	124	112	440	199	364	307	292	191	317	415	284	140	57	490	387	452	304	208	377	457	336	297	163	181	84	274	175	256	95	152	188	180	402	280	|
|431	184	556	280	238	237	460	0	199	385	420	508	337	385	108	464	110	429	219	269	206	378	202	365	460	30	98	84	388	340	204	9	126	386	432	294	453	283	421	226	411	404	408	423	422	198	|
|236	121	361	80	145	37	262	199	0	191	255	310	138	197	191	290	114	312	118	72	133	330	69	175	262	229	132	204	279	186	174	195	75	258	251	102	262	153	254	81	216	230	246	257	353	72	|
|139	290	171	120	282	156	92	385	191	0	116	129	71	27	380	246	283	235	201	119	226	329	231	141	129	414	323	367	224	119	336	383	266	308	202	141	72	252	112	169	127	82	118	117	322	195	|
|252	371	191	208	377	230	180	420	255	116	0	187	178	90	443	361	311	127	204	195	224	246	313	257	232	446	382	380	129	81	423	421	320	422	318	242	100	355	5	195	241	34	15	2	225	224	|
|136	390	64	231	369	273	52	508	310	129	187	0	173	141	491	233	409	313	330	239	355	431	335	191	93	538	438	495	316	233	429	505	385	342	203	233	88	325	182	297	143	167	199	187	412	323	|
|116	222	228	58	212	101	124	337	138	71	178	173	0	91	319	206	244	284	187	69	212	357	165	85	130	367	265	333	264	151	267	333	213	244	161	70	140	181	175	145	97	145	177	180	359	165	|
|166	302	174	132	299	164	112	385	197	27	90	141	91	0	388	273	280	208	191	127	215	305	243	167	153	413	329	361	198	96	351	383	270	333	229	159	68	272	86	163	153	56	92	91	296	190	|
|390	111	546	262	157	224	440	108	191	380	443	491	319	388	0	399	164	480	264	261	261	456	156	320	426	125	62	186	442	369	107	99	125	300	374	260	452	210	443	252	372	420	433	446	494	227	|
|110	289	294	230	242	261	199	464	290	246	361	233	206	273	399	0	402	480	382	254	404	562	262	124	143	493	369	490	466	355	302	457	344	135	45	191	279	189	356	337	120	328	364	362	563	348	|
|349	169	453	190	215	148	364	110	114	283	311	409	244	280	164	402	0	324	110	174	101	292	151	289	372	135	109	90	284	230	212	111	70	354	364	216	348	245	312	118	329	295	298	313	330	90	|
|374	434	306	294	452	300	307	429	312	235	127	313	284	208	480	480	324	0	216	274	223	137	380	368	357	448	419	367	40	136	487	432	358	525	436	336	227	443	132	234	361	156	119	127	102	255	|
|303	230	364	151	261	127	292	219	118	201	204	330	187	191	264	382	110	216	0	128	25	213	185	258	314	243	203	176	178	123	282	221	144	372	338	193	256	270	206	45	283	193	191	206	239	46	|
|180	177	289	24	183	38	191	269	72	119	195	239	69	127	261	254	174	274	128	0	151	321	118	130	198	299	204	263	246	139	228	266	147	258	211	68	191	169	193	83	159	166	188	197	333	98	|
|327	238	388	174	273	147	317	206	133	226	224	355	212	215	261	404	101	223	25	151	0	203	198	281	339	228	202	156	184	143	288	209	146	390	362	215	280	286	226	68	308	215	210	226	235	61	|
|464	441	435	345	474	333	415	378	330	329	246	431	357	305	456	562	292	137	213	321	203	0	398	440	458	390	400	301	117	211	492	384	348	578	517	389	344	480	251	251	448	265	233	246	54	259	|
|236	59	393	112	76	83	284	202	69	231	313	335	165	243	156	262	151	380	185	118	198	398	0	167	270	231	110	233	347	250	110	195	85	203	230	103	303	95	311	150	217	284	305	315	422	139	|
|70	212	254	107	181	142	140	365	175	141	257	191	85	167	320	124	289	368	258	130	281	440	167	0	109	394	277	378	349	236	244	359	239	167	81	73	196	135	253	213	53	223	257	258	444	226	|
|44	319	157	183	290	225	57	460	262	129	232	93	130	153	426	143	372	357	314	198	339	458	270	109	0	490	379	462	351	247	353	456	334	250	110	168	140	243	226	274	56	201	238	232	449	294	|
|461	211	585	309	264	266	490	30	229	414	446	538	367	413	125	493	135	448	243	299	228	390	231	394	490	0	125	89	408	365	226	36	156	412	462	324	481	311	447	253	441	430	433	448	436	225	|
|346	86	491	207	140	167	387	98	132	323	382	438	265	329	62	369	109	419	203	204	202	400	110	277	379	125	0	155	381	307	113	90	63	288	339	211	394	186	382	190	327	359	371	384	436	165	|
|439	235	536	280	287	238	452	84	204	367	380	495	333	361	186	490	90	367	176	263	156	301	233	378	462	89	155	0	326	299	267	92	148	432	454	306	429	325	382	199	419	369	366	382	348	172	|
|363	399	318	268	421	270	304	388	279	224	129	316	264	198	442	466	284	40	178	246	184	117	347	349	351	408	381	326	0	113	452	391	321	502	422	311	229	415	134	199	348	152	118	130	98	219	|
|254	306	254	158	320	168	208	340	186	119	81	233	151	96	369	355	230	136	123	139	143	211	250	236	247	365	307	299	113	0	359	340	244	390	310	200	148	308	83	117	238	74	68	83	208	145	|
|312	53	490	219	63	193	377	204	174	336	423	429	267	351	107	302	212	487	282	228	288	492	110	244	353	226	113	267	452	359	0	195	145	194	283	199	407	115	421	254	296	394	415	425	521	237	|
|426	176	554	276	229	233	457	9	195	383	421	505	333	383	99	457	111	432	221	266	209	384	195	359	456	36	90	92	391	340	195	0	122	378	426	289	451	275	421	226	406	404	408	423	427	197	|
|305	99	436	155	145	112	336	126	75	266	320	385	213	270	125	344	70	358	144	147	146	348	85	239	334	156	63	148	321	244	145	122	0	286	310	168	336	177	320	128	285	298	309	322	381	103	|
|206	202	407	235	148	246	297	386	258	308	422	342	244	333	300	135	354	525	372	258	390	578	203	167	250	412	288	432	502	390	194	378	286	0	144	191	362	109	418	329	202	388	421	423	591	329	|
|71	263	266	187	221	221	163	432	251	202	318	203	161	229	374	45	364	436	338	211	362	517	230	81	110	462	339	454	422	310	283	426	310	144	0	150	239	168	313	294	77	285	321	319	518	306	|
|137	157	292	45	142	70	181	294	102	141	242	233	70	159	260	191	216	336	193	68	215	389	103	73	168	324	211	306	311	200	199	289	168	191	150	0	210	113	239	148	117	210	238	244	400	157	|
|169	361	108	192	352	228	84	453	262	72	100	88	140	68	452	279	348	227	256	191	280	344	303	196	140	481	394	429	229	148	407	451	336	362	239	210	0	318	95	231	164	79	111	100	325	258	|
|200	101	388	150	53	148	274	283	153	252	355	325	181	272	210	189	245	443	270	169	286	480	95	135	243	311	186	325	415	308	115	275	177	109	168	113	318	0	352	230	187	323	351	357	498	225	|
|247	370	186	205	374	228	175	421	254	112	5	182	175	86	443	356	312	132	206	193	226	251	311	253	226	447	382	382	134	83	421	421	320	418	313	239	95	352	0	196	237	30	19	6	230	224	|
|260	201	337	107	226	84	256	226	81	169	195	297	145	163	252	337	118	234	45	83	68	251	150	213	274	253	190	199	199	117	254	226	128	329	294	148	231	230	196	0	240	178	184	198	272	29	|
|20	264	207	140	234	180	95	411	216	127	241	143	97	153	372	120	329	361	283	159	308	448	217	53	56	441	327	419	348	238	296	406	285	202	77	117	164	187	237	240	0	208	245	242	446	257	|
|219	344	181	177	346	202	152	404	230	82	34	167	145	56	420	328	295	156	193	166	215	265	284	223	201	430	359	369	152	74	394	404	298	388	285	210	79	323	30	178	208	0	37	35	250	206	|
|256	364	205	202	370	222	188	408	246	118	15	199	177	92	433	364	298	119	191	188	210	233	305	257	238	433	371	366	118	68	415	408	309	421	321	238	111	351	19	184	245	37	0	17	214	212	|
|253	374	190	210	378	232	180	423	257	117	2	187	180	91	446	362	313	127	206	197	226	246	315	258	232	448	384	382	130	83	425	423	322	423	319	244	100	357	6	198	242	35	17	0	225	226	|
|460	469	408	356	498	351	402	422	353	322	225	412	359	296	494	563	330	102	239	333	235	54	422	444	449	436	436	348	98	208	521	427	381	591	518	400	325	498	230	272	446	250	214	225	0	285	|
|278	184	364	119	215	87	280	198	72	195	224	323	165	190	227	348	90	255	46	98	61	259	139	226	294	225	165	172	219	145	237	197	103	329	306	157	258	225	224	29	257	206	212	226	285	0	|

--------------------------------------------------------------------------------
Building model...
	using lazy and cut (CVRPSEP package)
Solving IRP LP...
--------------------------------------------------------------------------------

Gurobi 9.1.0 (linux64) logging started Sat Jan  9 01:07:56 2021

Gurobi Optimizer version 9.1.0 build v9.1.0rc0 (linux64)
Thread count: 32 physical cores, 32 logical processors, using up to 2 threads
Optimize a model with 1345 rows, 10318 columns and 23623 nonzeros
Model fingerprint: 0xf94fc106
Variable types: 589 continuous, 9729 integer (414 binary)
Coefficient statistics:
  Matrix range     [1e+00, 1e+03]
  Objective range  [1e-01, 6e+02]
  Bounds range     [1e+00, 3e+02]
  RHS range        [1e+01, 6e+03]
Presolve removed 303 rows and 541 columns
Presolve time: 0.08s
Presolved: 1042 rows, 9777 columns, 21406 nonzeros
Variable types: 436 continuous, 9341 integer (8922 binary)

Root relaxation: objective 1.306174e+04, 954 iterations, 0.02 seconds

    Nodes    |    Current Node    |     Objective Bounds      |     Work
 Expl Unexpl |  Obj  Depth IntInf | Incumbent    BestBd   Gap | It/Node Time

     0     0 13061.7393    0  109          - 13061.7393      -     -    0s
     0     0 13342.0735    0  155          - 13342.0735      -     -    0s
     0     0 13342.0735    0  154          - 13342.0735      -     -    0s
     0     0 13770.3277    0  205          - 13770.3277      -     -    0s
     0     0 13859.6169    0  230          - 13859.6169      -     -    0s
     0     0 13860.2897    0  231          - 13860.2897      -     -    0s
     0     0 14045.6127    0  280          - 14045.6127      -     -    1s
     0     0 14059.2853    0  283          - 14059.2853      -     -    1s
     0     0 14060.6310    0  286          - 14060.6310      -     -    1s
     0     0 14060.6310    0  288          - 14060.6310      -     -    1s
     0     0 14133.4678    0  277          - 14133.4678      -     -    1s
     0     0 14153.9649    0  289          - 14153.9649      -     -    1s
     0     0 14229.6330    0  326          - 14229.6330      -     -    1s
     0     0 14248.6425    0  326          - 14248.6425      -     -    1s
     0     0 14250.5372    0  337          - 14250.5372      -     -    1s
     0     0 14250.9939    0  332          - 14250.9939      -     -    1s
     0     0 14300.7865    0  398          - 14300.7865      -     -    2s
     0     0 14312.2285    0  399          - 14312.2285      -     -    2s
     0     0 14314.0886    0  368          - 14314.0886      -     -    2s
     0     0 14332.1382    0  360          - 14332.1382      -     -    2s
     0     0 14337.6201    0  377          - 14337.6201      -     -    2s
     0     0 14338.7433    0  391          - 14338.7433      -     -    2s
     0     0 14350.7180    0  413          - 14350.7180      -     -    3s
     0     0 14355.1140    0  397          - 14355.1140      -     -    3s
     0     2 14355.1140    0  397          - 14355.1140      -     -    4s
     5     8 14373.6423    2  373          - 14365.7652      -   144    5s
    78    83 14589.9859   23  236          - 14373.7303      -   286   10s
   208   220 15044.2710   61  157          - 14373.7303      -   208   15s
   361   380 15750.0200  114  158          - 14373.7303      -   167   20s
   635   747 16727.2595  195   50          - 14373.7303      -   120   26s
   863   870 18693.5643  277   13          - 14395.9941      -  94.6   30s
   918   880 15780.6386  116  411          - 14429.5751      -  89.6   35s
   929   888 14693.7227   34  478          - 14440.4195      -  88.6   40s
   935   895 14443.6350   11  496          - 14443.0763      -  96.3   46s
   941   899 14481.5183   13  356          - 14452.7811      -  98.2   50s
   973   921 14567.6672   21  385          - 14452.7811      -   109   55s
  1014   952 14629.1922   33  363          - 14452.7811      -   117   60s
  1081  1002 14746.4024   45  350          - 14452.7811      -   127   65s
  1151  1055 14845.5874   61  276          - 14452.7811      -   133   70s
  1265  1131 15010.0528   82  320          - 14452.7811      -   135   75s
  1363  1216 15124.9204   94  260          - 14452.7811      -   136   80s
  1508  1328 15143.7768  109  256          - 14452.7811      -   132   86s
  1681  1446 15225.9048  125  265          - 14452.7811      -   128   92s
  1798  1515 15292.1298  137  248          - 14452.7811      -   126   96s
  1897  1588 15360.5729  149  238          - 14452.7811      -   125  100s
  1951  1609 15389.2323  157  254          - 14452.7811      -   125  106s
  2065  1718 15456.3613  174  233          - 14452.7811      -   123  111s
  2239  1905 15521.7119  191  209          - 14452.7811      -   119  118s
  2364  1863 18952.3500  536   14          - 14452.7811      -   115  120s
  2552  1947 15618.5089  209  211          - 14452.7811      -   109  126s
  2647  1984 23346.4500  626    2          - 14452.7811      -   108  130s
  2783  2046 15983.6024  236  190          - 14452.7811      -   105  135s
  2836  2086 16125.5763  260  159          - 14452.7811      -   106  140s
  2927  2126 16311.7121  300  163          - 14452.7811      -   107  145s
  2981  2198 16687.8506  321  111          - 14452.7811      -   108  150s
  3088  2265 16769.9662  364  146          - 14452.7811      -   108  156s
  3154  2298 17129.3658  393  130          - 14452.7811      -   108  160s
  3257  2401 16797.6491  436   83          - 14452.7811      -   109  167s
  3333  2452 17226.3112  468   59          - 14452.7811      -   109  172s
  3414  2549 16957.0336  502   85          - 14452.7811      -   109  177s
  3552  2597 19838.2182  564   15          - 14498.4206      -   107  182s
  3680  2605 14541.9088   15  433          - 14499.1490      -   106  186s
  3706  2706 14595.0632   21  336          - 14499.1490      -   107  190s
  3807  2809 14642.4795   36  328          - 14499.1490      -   106  195s
  3910  2930 14684.1402   43  315          - 14499.1490      -   106  202s
  4059  2961 14735.6585   47  229          - 14499.1490      -   104  207s
  4089  2988 14789.8032   65  274          - 14499.1490      -   105  210s
  4153  3089 14894.9080   90  274          - 14499.1490      -   107  218s
  4217  3167 14963.0684  137  206          - 14499.1490      -   108  223s
  4295  3275 15081.2627  176  191          - 14499.1490      -   108  228s
  4400  3275 15001.6108   80  139          - 14499.1490      -   108  230s
  4403  3434 15258.8183  233  202          - 14499.1490      -   108  235s
  4562  3587 15578.0717  337  162          - 14502.4885      -   106  244s
  4604  3587 15665.0575  370   92          - 14502.4885      -   105  245s
  4743  3705 14543.8477   15  423          - 14502.4885      -   104  252s
  4861  3781 14644.8474   25  453          - 14502.4885      -   104  267s
  4937  4044 14713.5427   25  176          - 14502.4885      -   104  276s
  5211  4044 17989.6012  417   21          - 14502.4885      -   101  280s
  5287  4145 14796.7745   40  342          - 14502.4885      -   102  289s
  5340  4231 14834.0369   48  343          - 14502.4885      -   104  296s
  5426  4477 14843.3971   60  355          - 14502.4885      -   105  305s
  5674  4748 14905.7953   75  336          - 14502.4885      -   103  317s
  5859  4768 17702.8409  305   27          - 14502.4885      -   101  320s
  6084  4886 14931.2513   93  218          - 14502.4885      -  98.8  328s
  6173  5213 15053.2609  151  139          - 14502.4885      -  99.4  339s
  6236  5213 15155.0381  195   96          - 14502.4885      -  98.9  340s
  6546  5288 18704.9950  309   18          - 14514.8597      -  96.9  348s
  6633  5393 14804.7487   28  125          - 14514.8597      -  97.8  354s
  6654  5393 14940.9437   38   89          - 14514.8597      -  98.1  355s
  6730  5679 14934.8175   84  111          - 14514.8837      -  98.6  364s
  6751  5679 14946.9269  105   64          - 14514.8837      -  98.5  365s
  7047  5770 14646.4537   15  454          - 14514.8837      -  96.9  374s
  7132  5908 14711.9461   20  353          - 14514.8837      -  97.2  382s
  7290  5997 14906.6625   36  125          - 14514.8837      -  97.2  390s
  7371  6391 15008.5211   66  165          - 14514.8837      -  98.2  401s
  7649  6396 15263.9700  177    -          - 14514.8837      -  97.0  405s
  7797  6760 15117.0483  178   29          - 14515.5314      -  95.5  414s
  7882  6763 15893.2000  221   10          - 14515.5314      -  94.7  415s
  8270  6897 14796.2006   25  257          - 14524.2906      -  92.7  425s
  8365  7209 15161.2332   44  110          - 14524.2906      -  93.6  438s
  8508  7210 14981.7882   78   13          - 14524.2906      -  94.0  440s
  8779  7502 15881.1623   97   12          - 14526.4286      -  91.7  451s
  9055  7801 14645.6812   17  390          - 14526.4286      -  91.9  464s
  9070  7801 16566.4324  201   64          - 14526.4286      -  92.4  465s
  9475  7855 20614.4592  331    4          - 14526.4286      -  89.6  470s
  9506  7908 14905.3375   26  411          - 14526.4286      -  89.6  475s
  9543  7962 15056.6247   31  389          - 14526.4286      -  90.4  481s
  9597  8142 15311.6339   49  136          - 14526.4286      -  91.3  489s
  9660  8142 15443.7433   93   16          - 14526.4286      -  91.3  490s
  9794  8297 16482.8921  127   33          - 14534.8773      -  91.3  499s
  9878  8309 16884.6137  179    6          - 14534.8773      -  91.0  500s
  9986  8689 14815.7172   22  357          - 14534.8773      -  91.2  513s
 10134  8690 17239.2877  186   35          - 14534.8773      -  91.0  515s
 10542  8824 14994.5381   38  237          - 14534.8773      -  88.3  524s
 10596  8933 15142.9522   57   50          - 14534.8773      -  89.1  531s
 10705  9408 15296.0571  108   13          - 14535.7786      -  89.8  542s
 11250  9616 14680.9011   22  426          - 14535.7786      -  87.1  555s
 11494  9703 14894.8302   32  159          - 14535.7786      -  86.5  562s
 11565  9896 15184.3692   47   84          - 14535.7786      -  87.2  570s
 11758 10231 15634.7906  117   41          - 14539.0293      -  87.4  581s
 12203 10299 14634.8532   15  400          - 14540.8789      -  85.5  590s
 12240 10425 14717.3390   23  367          - 14540.8789      -  86.3  598s
 12378 10629 14839.6662   30  378          - 14540.8789      -  86.7  606s
 12576 10851 15019.1133   37  192          - 14540.8789      -  86.9  639s
 12620 10851 16786.7080  238   71          - 14540.8789      -  87.2  640s
 12812 10912 15140.8631   47   52          - 14540.8789      -  86.3  647s
 12915 11108 15280.5529   51  150          - 14540.8789      -  86.8  655s
 13124 11262 15796.7045  116   37          - 14541.5844      -  86.7  663s
 13251 11280 17144.7100  194    6          - 14541.5844      -  86.0  665s
 13332 11386 14849.1503   20  443          - 14541.5844      -  86.5  672s
 13443 11424 14871.9767   29  417          - 14541.5844      -  86.7  679s
 13476 11473 15018.9632   38  344          - 14541.5844      -  87.4  684s
 13503 11473 15270.0992   53  167          - 14541.5844      -  87.7  685s
 13525 11555 15270.0992   54  173          - 14541.5844      -  88.0  691s
 13607 11874 15368.0580   89   33          - 14541.5844      -  88.6  700s
 13968 11894 16468.3928  151    6          - 14541.5844      -  88.0  705s
 13976 12492 16087.6743  134   21          - 14542.8414      -  88.0  716s
 14256 12492 18154.5550  317   14          - 14542.8414      -  87.0  720s
 14707 12592 14766.0315   19  341          - 14543.1880      -  85.4  730s
 14750 12647 15055.1700   39  168          - 14543.1880      -  86.0  736s
 14805 12867 15322.5860   57  108          - 14543.1880      -  86.7  744s
 14826 12867 15341.2700   71   84          - 14543.1880      -  86.8  745s
 15027 13253 16308.9426  192   27          - 14543.5787      -  86.6  757s
 15300 13289 17420.3700  236    8          - 14543.5787      -  85.3  760s
 15468 13325 19155.9130  277    4          - 14543.5787      -  84.6  769s
 15531 13343 19929.1800  295    5          - 14543.5787      -  84.3  770s
 15685 13426 14812.0308   19  438          - 14543.5787      -  84.3  776s
 15727 13545 14974.9782   28  311          - 14543.5787      -  84.9  783s
 15846 13828 15089.0201   41  348          - 14543.5787      -  85.4  793s
 15938 13828 15901.3160  184   27          - 14543.5787      -  85.6  795s
 16177 14038 15333.5943   58   35          - 14543.5787      -  84.7  804s
 16240 14038 15442.8989  114  142          - 14543.5787      -  84.7  805s
 16385 14362 16361.0102  182   13          - 14543.7561      -  84.7  816s
 16768 14397 15696.6100  102    8          - 14543.8652      -  83.7  820s
 16834 14770 14788.1917   24  378          - 14543.8652      -  83.6  831s
 17217 15200 14980.2186   36  117          - 14543.8652      -  83.0  845s
 17584 15236 17512.5100  186    6          - 14543.8652      -  82.3  850s
 17833 15567 15435.9622   66   11          - 14553.0244      -  81.4  859s
 17854 15568 15399.1393   76   15          - 14553.0244      -  81.4  860s
 18208 15647 15720.5861   72   17          - 14554.9303      -  80.8  868s
 18263 15799 15003.0947   25   95          - 14554.9303      -  81.2  879s
 18369 15801 15437.6550  102   13          - 14554.9303      -  81.2  880s
 18418 16160 15277.8975   43   37          - 14555.1773      -  81.4  893s
 18544 16166 16518.5444  196    4          - 14555.1773      -  81.0  895s
 18921 16272 14682.6166   19  463          - 14555.1773      -  80.2  904s
 18965 16370 14825.5772   28  295          - 14555.1773      -  80.7  910s
 19063 16679 14951.7923   39  291          - 14555.1773      -  81.1  920s
 19386 16799 14985.4881   49  235          - 14555.1773      -  80.7  930s
 19554 16924 15070.5966   75  215          - 14555.1773      -  80.7  937s
 19667 17100 15528.5652  106  116          - 14555.1773      -  81.0  945s
 19843 17294 16724.2045  209    9          - 14557.4737      -  81.2  954s
 19886 17304 17423.9050  222   10          - 14557.4737      -  81.1  955s
 20132 17549 14781.7408   24  373          - 14557.4737      -  80.8  965s
 20476 17643 14901.2283   36  375          - 14557.4737      -  80.2  973s
 20513 17690 14991.8471   51  214          - 14557.4737      -  80.6  979s
 20560 17759 15179.2836   65  180          - 14557.4737      -  81.1  985s
 20581 17759 15329.9638   73   44          - 14557.4737      -  81.2 1009s
 20629 17960 15571.3423   96  122          - 14558.9433      -  81.5 1016s
 20868 18049 14752.1832   22  298          - 14558.9433      -  81.5 1025s
 20944 18343 14803.4637   26  248          - 14558.9433      -  81.7 1035s
 21250 18359 17081.0291  271   19          - 14558.9433      -  81.4 1040s
 21311 18440 15061.7257   47   98          - 14558.9433      -  81.2 1047s
 21376 18744 15193.1187   92   41          - 14565.7413      -  81.5 1057s
 21630 18750 16581.0909  227   12          - 14565.7413      -  81.0 1060s
 21716 18790 14680.7167   20  488          - 14565.7413      -  81.1 1066s
 21747 18857 14863.6909   26  422          - 14565.7413      -  81.4 1071s
 21814 19087 14988.9332   37  229          - 14565.7413      -  81.7 1082s
 22122 19150 15264.0221   45  248          - 14565.7413      -  81.4 1089s
 22150 19312 15409.9008   54   78          - 14565.7413      -  81.8 1096s
 22332 19412 16545.8508  118   19          - 14578.0577      -  81.8 1103s
 22462 19526 14713.8152   22  388          - 14578.0577      -  82.1 1110s
 22583 19748 14921.9903   34  154          - 14578.0577      -  82.3 1120s
 22922 19901 15016.4698   50  149          - 14578.0577      -  81.9 1129s
 23017 20126 15661.4413  109   33          - 14583.8742      -  82.2 1137s
 23274 20171 17732.7241  209   27          - 14583.8742      -  81.6 1140s
 23390 20252 14923.4050   21  202          - 14583.8742      -  81.6 1145s
 23451 20460 15064.7998   37  162          - 14583.8742      -  82.0 1152s
 23679 20721 15365.8886   85    7          - 14584.1885      -  81.9 1162s
 24107 20849 14934.3058   21  263          - 14584.4583      -  81.1 1170s
 24153 20901 15070.5143   36  142          - 14584.4583      -  81.5 1175s
 24205 20963 15357.0505   54  115          - 14584.5443      -  81.9 1181s
 24285 21103 15538.6645   62   32          - 14584.5443      -  82.1 1187s
 24418 21396 15851.8617  103   67          - 14584.5443      -  82.4 1196s
 24726 21550 16431.9064  216    9          - 14585.6431      -  82.1 1205s
 24960 21620 14935.1805   28  385          - 14590.2014      -  81.8 1212s
 24995 21682 15170.1057   40  157          - 14590.2014      -  82.2 1217s
 25057 21858 15551.9250   55   48          - 14590.8009      -  82.5 1224s
 25142 21861 15912.6200  113    -          - 14590.8009      -  82.5 1225s
 25273 21905 14774.6083   21  386          - 14592.2553      -  82.5 1230s
 25303 21956 14834.9899   28  298          - 14592.2553      -  82.8 1236s
 25354 22032 14891.5176   36  212          - 14592.2553      -  83.2 1241s
 25430 22108 14957.3052   40  312          - 14592.2553      -  83.4 1247s
 25508 22247 15105.9080   43   84          - 14592.2553      -  83.7 1254s
 25658 22255 15563.9900   69    6          - 14592.2553      -  83.9 1256s
 25663 22397 15292.7063   49  101          - 14592.2553      -  83.9 1263s
 25839 22535 15310.5506   71   90          - 14592.2553      -  84.1 1271s
 26019 22687 15502.4045   90   46          - 14592.2553      -  84.2 1278s
 26142 22688 14985.2669   42  173          - 14592.2553      -  84.4 1280s
 26146 22857 15964.0852  131   37          - 14592.2553      -  84.4 1286s
 26355 23138 16260.5733  149   52          - 14592.2553      -  84.5 1298s
 26546 23159 17501.1644  222   10          - 14592.2553      -  84.3 1300s
 26673 23403 17026.6700  187   28          - 14595.0546      -  84.3 1309s
 26757 23409 17408.9420  220   32          - 14595.0546      -  84.1 1310s
 27041 23476 14893.7727   29  338          - 14595.0790      -  83.8 1317s
 27067 23510 15022.3253   36  313          - 14595.0790      -  84.2 1322s
 27101 23562 15276.7296   45  198          - 14595.0790      -  84.5 1328s
 27153 23727 15375.6785   52   91          - 14595.0790      -  84.8 1335s
 27362 23936 15542.0117  110   77          - 14595.0790      -  84.7 1346s
 27591 24197 16597.9801  151   69          - 14595.1953      -  84.7 1357s
 27840 24224 16955.8333  194   13          - 14595.2001      -  84.5 1360s
 28090 24318 14775.7282   24  297          - 14595.2001      -  84.0 1366s
 28109 24346 14870.6030   37  341          - 14595.2001      -  84.2 1371s
 28137 24369 14929.1282   48  397          - 14595.2001      -  84.5 1376s
 28160 24431 14997.8481   56  282          - 14595.2001      -  84.8 1382s
 28226 24557 15454.5441   81   20          - 14596.7089      -  85.0 1389s
 28289 24557 15472.1776  143   14          - 14596.7089      -  84.9 1390s
 28391 24613 14859.1129   25  321          - 14596.7089      -  85.0 1396s
 28429 24724 14999.1270   30  171          - 14596.7089      -  85.3 1405s
 28540 24824 15180.9627   40   91          - 14596.7089      -  85.4 1412s
 28663 24923 15345.7940   60  116          - 14596.7089      -  85.5 1420s
 28753 25032 15703.1480  117  104          - 14598.5960      -  85.7 1428s
 28904 25080 14757.8445   24  348          - 14598.5960      -  85.7 1437s
 28933 25115 14893.4077   32  371          - 14598.5960      -  86.0 1442s
 28968 25202 15041.0456   41  217          - 14598.5960      -  86.3 1448s
 29055 25332 15102.6595   46  321          - 14598.5960      -  86.6 1456s
 29206 25378 15287.0665   59  174          - 14598.5960      -  86.6 1463s
 29250 25454 15387.9583   76  235          - 14598.5960      -  86.9 1469s
 29271 25454 15426.6125   96  164          - 14598.5960      -  86.9 1470s
 29330 25559 15654.3152  110  203          - 14598.5960      -  87.2 1477s
 29438 25800 15743.7099  116   69          - 14598.5960      -  87.4 1491s
 29837 25875 18485.3900  192    2          - 14598.5960      -  86.6 1495s
 29881 25946 16693.5874  175   44          - 14609.7968      -  86.6 1501s
 29976 25988 14742.0309   25  470          - 14609.7968      -  86.7 1508s
 29995 26012 14894.7823   28  480          - 14609.7968      -  87.0 1513s
 30019 26034 14906.3495   31  442          - 14609.7968      -  87.3 1519s
 30041 26074 14963.2262   36  447          - 14609.7968      -  87.7 1524s
 30081 26120 15060.1824   46  410          - 14609.7968      -  87.9 1529s
 30127 26233 15114.9752   51  303          - 14609.7968      -  88.2 1537s
 30300 26392 15296.5809   63  314          - 14609.7968      -  88.2 1546s
 30497 26471 15403.0878   70  321          - 14609.7968      -  88.2 1554s
 30543 26479 17726.9700  164    6          - 14609.7968      -  88.3 1555s
 30595 26577 15475.4294   87  238          - 14609.7968      -  88.3 1560s
 30676 26706 15700.0808  118   34          - 14612.5364      -  88.5 1568s
 30781 26708 16607.6400  167    6          - 14612.5364      -  88.4 1570s
 30849 26824 14811.1322   22  486          - 14612.5364      -  88.6 1577s
 30978 27088 14895.7637   30  400          - 14612.5364      -  88.7 1592s
 31307 27155 18051.8000  206    8          - 14612.5364      -  88.2 1595s
 31476 27241 14958.6834   38  414          - 14612.5364      -  87.8 1601s
 31507 27280 15082.5034   46  379          - 14612.5364      -  88.0 1607s
 31546 27346 15225.3766   61  283          - 14612.5364      -  88.3 1613s
 31612 27560 15522.2431   75  155          - 14612.5364      -  88.6 1621s
 31849 27868 16439.2017  122   60          - 14615.3943      -  88.6 1636s
 32189 27929 18652.0350  219   15          - 14615.3943      -  87.9 1640s
 32368 28009 14908.3002   26  271          - 14615.4665      -  87.7 1647s
 32403 28052 15229.7606   37  184          - 14615.4665      -  88.0 1653s
 32446 28058 15292.3953   51  171          - 14615.4665      -  88.3 1730s
 32452 28295 15296.8537   53  108          - 14615.6527      -  88.3 1743s
 32622 28310 16745.0956  128   22          - 14615.6527      -  88.1 1745s
 32770 28404 14719.9682   20  482          - 14615.6527      -  88.1 1753s
 32886 28455 14895.0520   26  414          - 14615.6527      -  88.2 1760s
 32917 28496 15040.3753   38  330          - 14615.6527      -  88.5 1766s
 32958 28536 15373.7891   54  283          - 14615.6527      -  88.8 1772s
 32998 28600 15390.3681   67  192          - 14615.6527      -  89.1 1779s
 33062 28774 15530.1558  106  137          - 14616.9303      -  89.3 1788s
 33209 28783 16482.6084  220   13          - 14616.9303      -  89.2 1790s
 33269 28845 14746.4236   22  485          - 14616.9303      -  89.3 1797s
 33331 29004 14873.7580   27  368          - 14616.9303      -  89.5 1806s
 33514 29089 14977.2344   36  457          - 14616.9303      -  89.6 1814s
 33526 29089 16410.1957  168  100          - 14616.9303      -  89.7 1815s
 33647 29139 14999.5425   38  398          - 14616.9303      -  89.7 1821s
 33673 29185 15059.2797   46  369          - 14616.9303      -  89.9 1828s
 33719 29350 15172.5745   57  295          - 14616.9303      -  90.2 1838s
 33911 29367 16286.1250  141    4          - 14616.9303      -  90.1 1840s
 33942 29635 15320.9751   71  193          - 14616.9303      -  90.1 1851s
 34304 29764 15441.0338  100  197          - 14616.9303      -  89.6 1862s
 34383 29913 15691.8989  136   78          - 14618.4200      -  89.9 1871s
 34554 29959 14952.0444   22  347          - 14618.4200      -  89.9 1878s
 34593 30018 15058.8855   34  291          - 14618.4200      -  90.2 1885s
 34652 30150 15283.4330   45  155          - 14618.4200      -  90.4 1893s
 34790 30330 15464.8430   62   76          - 14618.4200      -  90.6 1902s
 34984 30478 15773.0252  112   12          - 14620.0505      -  90.7 1913s
 35174 30511 17499.7600  188    8          - 14620.0505      -  90.4 1915s
 35204 30567 14785.8529   22  439          - 14620.0505      -  90.6 1921s
 35255 30667 14968.4961   28  340          - 14620.0505      -  90.8 1929s
 35355 30791 15104.3445   38  395          - 14620.0505      -  91.1 1938s
 35544 30857 15222.5231   49  410          - 14620.0505      -  91.0 1946s
 35580 30910 15322.1870   59  336          - 14620.0505      -  91.3 1953s
 35633 31017 15538.9329   66  231          - 14620.0505      -  91.6 1961s
