




arguments: ./build/mirp_solver -f ./input/orig_exec_213.cfg
Current dir: /scratch/gui/bnc_mirp
File verbosity level: 9
date       time         ( uptime  ) [ thread name/id ]                   file:line     v| 
2021-01-10 11:44:40.632 (   0.116s) [main thread     ]             loguru.cpp:789   INFO| Logging to './output/vi_hc1_quarter/OU/V3/Original/execution_10_01_2021_11_44_40.log', mode: 'a', verbosity: 9
--------------------------------------------------------------------------------
Parameters
                           instance_path           ./input/Instances/Original/6/
                            model_policy                                       1
                             nb_vehicles                                       3
                              output_dir ./output/vi_hc1_quarter/OU/V3/Original/
                            sec_strategy                                       1
                       solver_nb_threads                                       2
                         solver_show_log                                    true
                       solver_time_limit                                    3600
                              use_vi_cos                                   false
                              use_vi_cus                                   false
                         use_vi_hc1_full                                   false
                         use_vi_hc1_half                                   false
                      use_vi_hc1_quarter                                    true
                              use_vi_hc2                                   false
                              use_vi_hc3                                   false
                         use_vi_lex_full                                   false
                         use_vi_lex_half                                   false
                      use_vi_lex_quarter                                   false
                              use_vi_qua                                   false
                               use_vi_vc                                   false
                               use_vi_vr                                   false
--------------------------------------------------------------------------------
executing instance: ./input/Instances/Original/6/absH6high_1n25.dat
--------------------------------------------------------------------------------
Instance details
n	26
H	6
C	1711
Li:
[0, 0, 0, 0, 0, 0, 0, 0, 0, 0, 0, 0, 0, 0, 0, 0, 0, 0, 0, 0, 0, 0, 0, 0, 0, 0, ]
Ui:
[0, 168, 176, 34, 66, 36, 177, 106, 118, 182, 64, 141, 189, 63, 46, 111, 182, 231, 36, 66, 68, 54, 132, 90, 246, 75, ]
Distance matrix:
|0	191	200	231	334	329	146	196	208	245	218	164	283	394	151	358	156	196	309	253	201	260	127	138	130	104	|
|191	0	226	229	278	146	328	216	390	417	327	293	195	334	106	296	171	122	472	151	12	411	280	53	190	130	|
|200	226	0	38	149	359	321	10	276	274	418	364	139	204	121	173	321	115	303	141	225	236	155	202	311	256	|
|231	229	38	0	110	352	358	37	314	310	448	395	108	167	129	135	342	109	336	120	226	268	194	213	335	277	|
|334	278	149	110	0	367	467	147	422	413	546	495	86	61	203	25	423	163	429	129	271	363	303	282	424	361	|
|329	146	359	352	367	0	453	349	533	562	411	393	282	411	245	378	250	244	617	245	141	556	426	195	284	243	|
|146	328	321	358	467	453	0	321	162	215	160	112	425	524	297	491	223	341	284	397	339	266	186	276	184	210	|
|196	216	10	37	147	349	321	0	281	281	414	360	132	203	112	171	315	105	311	132	216	244	159	193	305	249	|
|208	390	276	314	422	533	162	281	0	54	321	271	410	471	316	445	348	348	123	398	398	115	125	338	313	309	|
|245	417	274	310	413	562	215	281	54	0	375	323	413	457	334	435	393	361	70	406	424	69	139	367	359	349	|
|218	327	418	448	546	411	160	414	321	375	0	57	484	606	347	569	163	393	444	446	339	421	318	288	137	199	|
|164	293	364	395	495	393	112	360	271	323	57	0	437	556	300	519	144	346	393	401	305	367	261	249	109	163	|
|283	195	139	108	86	282	425	132	410	413	484	437	0	139	137	101	349	91	443	44	187	375	286	206	355	291	|
|394	334	204	167	61	411	524	203	471	457	606	556	139	0	264	38	483	222	467	183	326	403	356	341	484	421	|
|151	106	121	129	203	245	297	112	316	334	347	300	137	264	0	225	220	46	381	102	106	316	195	84	221	158	|
|358	296	173	135	25	378	491	171	445	435	569	519	101	38	225	0	444	184	450	145	288	384	328	303	446	383	|
|156	171	321	342	423	250	223	315	348	393	163	144	349	483	220	444	0	261	460	308	183	415	284	143	39	65	|
|196	122	115	109	163	244	341	105	348	361	393	346	91	222	46	184	261	0	402	56	118	336	224	119	264	200	|
|309	472	303	336	429	617	284	311	123	70	444	393	443	467	381	450	460	402	0	442	477	68	192	424	426	413	|
|253	151	141	120	129	245	397	132	398	406	446	401	44	183	102	145	308	56	442	0	143	375	273	164	315	251	|
|201	12	225	226	271	141	339	216	398	424	339	305	187	326	106	288	183	118	477	143	0	416	286	63	202	142	|
|260	411	236	268	363	556	266	244	115	69	421	367	375	403	316	384	415	336	68	375	416	0	135	365	384	363	|
|127	280	155	194	303	426	186	159	125	139	318	261	286	356	195	328	284	224	192	273	286	135	0	232	256	229	|
|138	53	202	213	282	195	276	193	338	367	288	249	206	341	84	303	143	119	424	164	63	365	232	0	153	89	|
|130	190	311	335	424	284	184	305	313	359	137	109	355	484	221	446	39	264	426	315	202	384	256	153	0	64	|
|104	130	256	277	361	243	210	249	309	349	199	163	291	421	158	383	65	200	413	251	142	363	229	89	64	0	|

--------------------------------------------------------------------------------
Building model...
	using lazy and cut (CVRPSEP package)
Solving IRP LP...
--------------------------------------------------------------------------------

Gurobi 9.1.0 (linux64) logging started Sun Jan 10 11:44:40 2021

Gurobi Optimizer version 9.1.0 build v9.1.0rc0 (linux64)
Thread count: 32 physical cores, 32 logical processors, using up to 2 threads
Optimize a model with 1484 rows, 6950 columns and 17060 nonzeros
Model fingerprint: 0x8b92266a
Variable types: 632 continuous, 6318 integer (468 binary)
Coefficient statistics:
  Matrix range     [1e+00, 6e+02]
  Objective range  [1e-01, 6e+02]
  Bounds range     [1e+00, 2e+02]
  RHS range        [1e+01, 3e+03]
Presolve removed 293 rows and 551 columns
Presolve time: 0.07s
Presolved: 1191 rows, 6399 columns, 14732 nonzeros
Variable types: 530 continuous, 5869 integer (5424 binary)

Root relaxation: objective 1.362298e+04, 1561 iterations, 0.03 seconds

    Nodes    |    Current Node    |     Objective Bounds      |     Work
 Expl Unexpl |  Obj  Depth IntInf | Incumbent    BestBd   Gap | It/Node Time

     0     0 13622.9844    0  215          - 13622.9844      -     -    0s
     0     0 13896.7777    0  223          - 13896.7777      -     -    0s
     0     0 13908.5304    0  239          - 13908.5304      -     -    0s
     0     0 13910.2039    0  249          - 13910.2039      -     -    0s
     0     0 13910.8806    0  248          - 13910.8806      -     -    0s
     0     0 13910.8806    0  249          - 13910.8806      -     -    0s
     0     0 14508.0656    0  280          - 14508.0656      -     -    0s
     0     0 14587.0907    0  306          - 14587.0907      -     -    0s
     0     0 14606.1320    0  350          - 14606.1320      -     -    0s
     0     0 14613.7840    0  335          - 14613.7840      -     -    0s
     0     0 14622.0531    0  376          - 14622.0531      -     -    0s
     0     0 14622.8251    0  403          - 14622.8251      -     -    0s
     0     0 14957.8048    0  388          - 14957.8048      -     -    1s
     0     0 15026.4401    0  330          - 15026.4401      -     -    1s
     0     0 15084.3057    0  383          - 15084.3057      -     -    1s
     0     0 15157.2612    0  397          - 15157.2612      -     -    1s
     0     0 15194.0232    0  387          - 15194.0232      -     -    1s
     0     0 15205.7537    0  384          - 15205.7537      -     -    1s
     0     0 15207.3068    0  407          - 15207.3068      -     -    1s
     0     0 15460.5622    0  366          - 15460.5622      -     -    1s
     0     0 15485.9238    0  370          - 15485.9238      -     -    2s
     0     0 15489.5349    0  420          - 15489.5349      -     -    2s
     0     0 15518.3147    0  425          - 15518.3147      -     -    2s
     0     0 15546.5742    0  398          - 15546.5742      -     -    2s
     0     0 15546.6879    0  409          - 15546.6879      -     -    2s
     0     0 15607.3934    0  449          - 15607.3934      -     -    2s
     0     0 15612.4470    0  433          - 15612.4470      -     -    2s
     0     0 15612.6731    0  461          - 15612.6731      -     -    2s
     0     0 15636.3357    0  444          - 15636.3357      -     -    3s
     0     0 15636.3357    0  394          - 15636.3357      -     -    3s
     0     2 15638.8587    0  415          - 15638.8587      -     -    4s
     7    10 15729.6476    3  441          - 15696.4130      -   742    5s
    53    62 16102.5093   15  325          - 15704.7556      -   727   10s
   148   158 16561.8233   41  276          - 15704.7556      -   450   15s
   436   452 19337.6831  173   39          - 15704.7556      -   215   20s
   635   616 16157.9191    6  531          - 15708.0876      -   180   25s
   857   798 16482.3785   13  340          - 15708.0876      -   159   30s
   874   808 16582.0659   23  490          - 16224.9970      -   158   36s
   887   817 21269.2024  235  594          - 16266.8002      -   156   40s
   906   831 19945.6768  181  571          - 16268.1873      -   172   45s
   922   846 16284.1974   30  515          - 16284.1974      -   189   50s
   967   876 16393.4898   41  389          - 16296.1295      -   207   55s
  1025   919 16475.5278   56  315          - 16296.1295      -   222   60s
  1111   981 16613.0766   80  309          - 16296.1295      -   230   65s
  1206  1036 17120.5345  107  252          - 16296.1295      -   237   70s
  1320  1126 17356.2966  140  192          - 16296.1295      -   236   75s
  1433  1209 17744.1390  174  130          - 16296.1295      -   235   80s
  1571  1334 18583.0719  222   95          - 16296.1295      -   229   85s
* 1739  1321             288    20814.040000 16301.0183  21.7%   216   88s
* 1740  1282             289    20713.290000 16301.0183  21.3%   216   88s
  1775  1286 16412.1896   31  632 20713.2900 16301.0183  21.3%   216   90s
  1840  1342 16560.6238   36  535 20713.2900 16301.0183  21.3%   217   95s
  1963  1413 16626.3547   46  485 20713.2900 16301.0183  21.3%   214  102s
H 1998  1409                    20190.010000 16301.0183  19.3%   214  104s
  2059  1390 16725.7327   52  434 20190.0100 16301.0183  19.3%   210  107s
  2100  1405 17018.3718   58  400 20190.0100 16301.0183  19.3%   212  110s
  2157  1440 17049.9901   77  401 20190.0100 16301.0183  19.3%   216  116s
  2186  1464 17166.9151   86  358 20190.0100 16301.0183  19.3%   219  120s
  2229  1510 17446.2243   98  301 20190.0100 16301.0183  19.3%   222  128s
  2265  1530 17506.7956  106  297 20190.0100 16301.0183  19.3%   221  131s
  2341  1590 17943.3698  126  180 20190.0100 16301.0183  19.3%   222  140s
  2471  1796 18827.9628  157  159 20190.0100 16301.0183  19.3%   218  147s
* 2588  1286             126    18010.370000 16301.0183  9.49%   213  148s
  2669  1123     cutoff  192      18010.3700 16305.4424  9.47%   208  151s
  2706  1140 16922.7371   37  542 18010.3700 16331.7515  9.32%   213  155s
H 2711  1098                    18002.090000 16331.7515  9.28%   213  155s
  2751  1128 16865.0924   42  500 18002.0900 16331.7515  9.28%   216  161s
  2791  1153 16995.2135   50  390 18002.0900 16331.7515  9.28%   220  166s
H 2798  1098                    17911.890000 16331.7515  8.82%   221  166s
  2834  1151 17349.0220   60  225 17911.8900 16331.7515  8.82%   224  172s
  2858  1182 17218.4445   63  317 17911.8900 16331.7515  8.82%   225  177s
  2889  1226 17349.5797   71  327 17911.8900 16331.7515  8.82%   226  180s
  2973  1328 17538.3030   87  246 17911.8900 16331.7515  8.82%   228  187s
H 3021  1283                    17822.730000 16331.7515  8.37%   227  187s
  3037  1299 17763.2458  105  213 17822.7300 16334.6142  8.35%   228  191s
  3114  1359 17113.7241   46  346 17822.7300 16353.4940  8.24%   230  198s
  3154  1385 17683.7727   76  148 17822.7300 16353.5298  8.24%   232  202s
  3224  1411 16730.1000   34  492 17822.7300 16354.0710  8.24%   232  206s
  3277  1432 17361.4677   42  317 17822.7300 16383.8888  8.07%   235  210s
  3322  1494 17064.7973   40  351 17822.7300 16383.8888  8.07%   239  218s
  3363  1545 17171.3088   48  265 17822.7300 16383.8888  8.07%   240  222s
  3414  1604 17467.2594   63  149 17822.7300 16383.8888  8.07%   241  227s
  3473  1673 17516.3026   79   78 17822.7300 16384.3792  8.07%   243  232s
  3567  1717 16694.2543   38  502 17822.7300 16384.3792  8.07%   243  237s
  3610  1762 16731.4073   39  470 17822.7300 16384.3792  8.07%   244  242s
  3665  1814 17146.4712   46  417 17822.7300 16384.3792  8.07%   246  247s
  3717  1868 17553.4909   55  267 17822.7300 16387.7014  8.05%   247  253s
  3801  1919 16736.0387   38  417 17822.7300 16388.8030  8.05%   248  266s
  3852  1948 17682.4406   71  259 17822.7300 16388.8623  8.05%   250  271s
  3898  2025 16898.3287   47  429 17822.7300 16389.1052  8.04%   252  278s
  3984  2049 16643.7567   37  530 17822.7300 16389.1052  8.04%   252  284s
  4020  2107 16726.8766   42  538 17822.7300 16389.1052  8.04%   254  291s
  4086  2156 16829.1249   49  468 17822.7300 16389.1052  8.04%   255  297s
  4139  2245 17135.0112   62  299 17822.7300 16389.1052  8.04%   258  305s
  4248  2293 17614.2840  102  140 17822.7300 16397.8910  7.99%   257  313s
H 4320  2289                    17816.050000 16397.8910  7.96%   258  313s
  4321  2350 16914.2503   38  574 17816.0500 16397.8910  7.96%   258  319s
  4385  2445     cutoff   70      17816.0500 16397.9238  7.96%   259  327s
  4488  2560 17176.6870   56  352 17816.0500 16401.4765  7.94%   260  335s
  4637  2621 16708.6587   40  581 17816.0500 16401.8460  7.94%   257  344s
  4715  2687 17453.4882   68  282 17816.0500 16407.5564  7.91%   258  354s
  4805  2734 17186.8863   44  401 17816.0500 16412.1896  7.88%   259  363s
  4862  2785 16823.2994   35  458 17816.0500 16412.1896  7.88%   262  372s
  4941  2866 16673.9401   34  551 17816.0500 16412.8576  7.88%   263  381s
  5042  2930 16712.1110   41  537 17816.0500 16416.5000  7.86%   264  390s
  5106  3102 17128.4521   64  282 17816.0500 16416.5000  7.86%   266  400s
  5301  3150     cutoff  115      17816.0500 16416.6266  7.85%   263  412s
  5409  3251 17304.3779   57  371 17816.0500 16421.9468  7.82%   264  426s
  5536  3330 17428.2655   74  283 17816.0500 16423.3417  7.82%   264  437s
  5633  3398 17040.0553   55  399 17816.0500 16423.6866  7.82%   264  448s
  5719  3465 16777.8228   50  365 17816.0500 16424.0160  7.81%   266  459s
H 5816  3492                    17786.969982 16424.3850  7.66%   267  471s
H 5870  3434                    17761.410000 16428.0111  7.51%   268  472s
  5909  3516 17162.8749   54  377 17761.4100 16428.1131  7.51%   270  484s
  5995  3656 17613.1623   74  289 17761.4100 16429.4326  7.50%   272  497s
  6200  3748 17401.2544   60  364 17761.4100 16431.6186  7.49%   269  511s
H 6316  3707                    17731.410000 16432.8458  7.32%   271  523s
  6406  3796 16641.5931   38  592 17731.4100 16437.7797  7.30%   273  535s
  6528  3848 16875.8151   46  526 17731.4100 16447.0119  7.24%   274  548s
  6624  3928 16946.3959   33  569 17731.4100 16452.0348  7.22%   275  563s
  6724  3998 17316.8501   48  448 17731.4100 16452.0348  7.22%   277  575s
  6794  4096 17621.4175   65  326 17731.4100 16452.5338  7.21%   279  589s
  6922  4147 17133.1341   53  449 17731.4100 16453.0216  7.21%   279  602s
  7009  4239 17679.1536   49  350 17731.4100 16455.5528  7.20%   281  614s
  7070  4239 16912.3224   54  299 17731.4100 16462.9113  7.15%   282  615s
  7127  4300 17548.5627   52  243 17731.4100 16463.3632  7.15%   282  641s
  7208  4424 17019.5284   49  448 17731.4100 16463.6067  7.15%   284  654s
  7268  4424 17382.3940   49  256 17731.4100 16463.6067  7.15%   285  655s
  7354  4525     cutoff   65      17731.4100 16470.0820  7.11%   285  669s
  7498  4623 16937.8697   41  593 17731.4100 16470.2594  7.11%   286  685s
  7648  4745 17026.3672   43  517 17731.4100 16472.4501  7.10%   286  700s
  7789  4832 16906.5788   41  602 17731.4100 16479.8136  7.06%   286  716s
  7897  4945 16772.8805   37  574 17731.4100 16480.1240  7.06%   288  734s
  8010  5042 17148.4690   53  386 17731.4100 16483.3485  7.04%   290  750s
  8155  5128 16779.1733   37  652 17731.4100 16485.4973  7.03%   291  768s
  8270  5204 17610.6584   58  313 17731.4100 16492.3003  6.99%   293  784s
  8401  5306 16919.3601   39  455 17731.4100 16497.2679  6.96%   294  800s
  8524  5411 16873.0713   38  540 17731.4100 16501.2730  6.94%   294  816s
  8661  5507 17260.9165   48  419 17731.4100 16504.4965  6.92%   295  832s
  8780  5616 17235.5112   63  402 17731.4100 16507.4056  6.90%   297  850s
  8919  5726 17112.4855   77  236 17731.4100 16509.0848  6.89%   298  866s
  9064  5887 17090.6978   71  391 17731.4100 16511.1709  6.88%   298  886s
  9274  5966 17206.6999   71  394 17731.4100 16514.8063  6.86%   297  902s
  9377  6050 17291.5976   55  345 17731.4100 16515.9833  6.85%   299  918s
  9501  6161 17343.5194   71  229 17731.4100 16522.8774  6.82%   300  935s
  9654  6250 17648.1770   83  188 17731.4100 16524.3633  6.81%   301  953s
  9795  6324 17011.6904   38  512 17731.4100 16524.5899  6.81%   302  971s
  9891  6471 17219.4738   59  333 17731.4100 16525.7901  6.80%   304  991s
 10072  6558 16915.2502   58  455 17731.4100 16527.2873  6.79%   304 1009s
 10159  6688 17466.6662   85  197 17731.4100 16527.3479  6.79%   306 1026s
 10321  6796 17035.1387   50  466 17731.4100 16529.3835  6.78%   306 1047s
 10478  6901 17077.4054   52  390 17731.4100 16531.2975  6.77%   307 1063s
 10629  7033 17466.9344   78  424 17731.4100 16534.0696  6.75%   308 1081s
 10803  7130 17097.9592   50  253 17731.4100 16536.4361  6.74%   309 1100s
 10936  7192 17491.6785   50  373 17731.4100 16536.6166  6.74%   309 1117s
 11041  7280 16886.3419   36  542 17731.4100 16537.7396  6.73%   311 1133s
 11129  7346 17421.1512   50  368 17731.4100 16540.3232  6.72%   313 1150s
 11251  7409     cutoff   50      17731.4100 16540.8850  6.71%   315 1169s
 11304  7409 17341.9557   57  381 17731.4100 16547.7858  6.68%   315 1175s
 11372  7498 17103.4086   38  548 17731.4100 16548.5645  6.67%   316 1192s
 11500  7626 16926.8488   46  579 17731.4100 16550.4841  6.66%   317 1209s
 11673  7728 16638.6592   42  604 17731.4100 16555.0630  6.63%   317 1228s
 11833  7900 16861.0689   45  537 17731.4100 16557.0485  6.62%   317 1247s
 12041  8006 17607.1899   76   89 17731.4100 16559.6109  6.61%   317 1265s
 12173  8149 17214.7859   52  407 17731.4100 16560.7024  6.60%   318 1286s
 12330  8279 17673.7862  102  120 17731.4100 16563.1999  6.59%   318 1306s
 12532  8431 17382.8774   65  180 17731.4100 16565.6176  6.57%   318 1326s
 12743  8564 17623.1324   88  321 17731.4100 16568.6404  6.56%   318 1346s
 12906  8673 16969.3403   53  355 17731.4100 16569.6860  6.55%   318 1365s
 13094  8742 16997.5573   48  475 17731.4100 16571.6849  6.54%   318 1383s
 13204  8898 17163.1693   57  270 17731.4100 16572.0220  6.54%   320 1403s
 13389  9008 17059.6998   44  420 17731.4100 16576.0521  6.52%   320 1424s
 13476  9008 17708.3288   85  235 17731.4100 16576.9846  6.51%   320 1425s
 13547  9235 17005.1106   43  498 17731.4100 16577.1632  6.51%   320 1445s
 13817  9361 17041.8360   54  410 17731.4100 16583.3944  6.47%   319 1465s
 13973  9469 17520.1051   65  312 17731.4100 16585.8989  6.46%   320 1483s
 14140  9614 16894.0050   53  446 17731.4100 16586.4425  6.46%   320 1502s
 14333  9745 17085.4684   45  419 17731.4100 16591.7583  6.43%   320 1521s
 14508  9848 17650.5960   82  262 17731.4100 16592.3964  6.42%   321 1540s
 14662  9986 17664.0889   74  204 17731.4100 16595.4562  6.41%   322 1567s
 14842 10142 17093.7413   53  310 17731.4100 16597.6284  6.39%   322 1587s
 15041 10283 16892.2806   44  544 17731.4100 16601.2179  6.37%   321 1606s
 15201 10381 17640.1056   66  301 17731.4100 16601.7759  6.37%   321 1626s
 15340 10530 17238.5218   53  440 17731.4100 16603.6660  6.36%   323 1645s
 15538 10657 16946.7048   45  481 17731.4100 16604.8282  6.35%   323 1665s
 15690 10772 17158.0653   45  424 17731.4100 16606.9871  6.34%   323 1687s
 15833 10913 17097.1221   43  493 17731.4100 16612.7001  6.31%   324 1707s
 16019 11089 17009.0830   43  482 17731.4100 16614.2600  6.30%   324 1731s
 16235 11260 17076.2926   41  333 17731.4100 16616.4574  6.29%   323 1752s
 16448 11409 17080.0949   45  442 17731.4100 16617.3079  6.28%   323 1771s
 16677 11555 16924.4143   40  499 17731.4100 16617.7207  6.28%   322 1792s
 16865 11684 17619.0055   91  276 17731.4100 16619.2742  6.27%   322 1811s
 17038 11884 17200.9960   52  201 17731.4100 16619.5108  6.27%   322 1831s
 17296 12000 16963.9773   44  514 17731.4100 16621.2393  6.26%   321 1850s
 17434 12134 17342.2673   59  249 17731.4100 16621.3957  6.26%   322 1870s
 17646 12218 16753.8014   42  482 17731.4100 16621.7742  6.26%   322 1962s
H17703 12169                    17718.860000 16621.7742  6.19%   322 1963s
 17762 12322 17380.1476   86  274 17718.8600 16622.0166  6.19%   322 1985s
 17995 12439 16872.3211   43  438 17718.8600 16623.2647  6.18%   322 2006s
 18136 12555 16998.5271   42  486 17718.8600 16623.5250  6.18%   322 2027s
 18302 12704 17506.9658   57  189 17718.8600 16624.0078  6.18%   322 2046s
 18533 12838 17160.0926   60  377 17718.8600 16627.1899  6.16%   322 2066s
 18740 12959 16914.2339   43  458 17718.8600 16629.2379  6.15%   322 2085s
 18927 13099 16950.2901   40  595 17718.8600 16631.3561  6.14%   322 2105s
 19099 13202 17041.9947   35  484 17718.8600 16632.4463  6.13%   323 2125s
 19257 13357 16942.1605   35  636 17718.8600 16635.6826  6.11%   324 2144s
 19333 13357 17593.2948  109   91 17718.8600 16635.6826  6.11%   324 2145s
 19461 13471 17205.5553   47  464 17718.8600 16637.0884  6.11%   324 2164s
 19575 13580 17484.3110   75  291 17718.8600 16637.6418  6.10%   325 2183s
 19750 13775 16933.8694   45  489 17718.8600 16638.9059  6.09%   325 2204s
 19843 13775 17536.4528   88  149 17718.8600 16638.9059  6.09%   325 2205s
 19984 13944 17287.2684   60  289 17718.8600 16640.2995  6.09%   325 2225s
 20189 14098 16928.7542   42  595 17718.8600 16643.1596  6.07%   325 2245s
 20373 14318 16843.7056   45  463 17718.8600 16643.9920  6.07%   325 2266s
 20635 14467 17236.3307   58  310 17718.8600 16644.7819  6.06%   325 2287s
 20833 14595 17115.3957   44  433 17718.8600 16645.7077  6.06%   325 2307s
 21026 14743 16902.2547   36  587 17718.8600 16647.9151  6.04%   325 2329s
 21123 14743 17242.3952   55  372 17718.8600 16648.6563  6.04%   325 2330s
 21219 14886 17112.5841   43  494 17718.8600 16649.9122  6.03%   325 2352s
 21382 15057 17627.6059   80  261 17718.8600 16650.0846  6.03%   326 2373s
 21595 15057 17637.9926   95  208 17718.8600 16650.2003  6.03%   326 2375s
H21606 14784                    17687.090000 16650.2003  5.86%   326 2395s
 21704 14930 16966.7334   43  511 17687.0900 16652.7193  5.85%   326 2414s
 21808 14930 17222.0161   47  482 17687.0900 16654.3763  5.84%   326 2415s
 21883 15007 17122.2708   51  381 17687.0900 16654.3873  5.84%   327 2435s
 22042 15174 16999.9363   41  479 17687.0900 16656.1266  5.83%   327 2455s
 22255 15271 16730.0592   35  591 17687.0900 16658.0527  5.82%   327 2476s
 22388 15457 16753.8029   44  489 17687.0900 16658.3960  5.82%   328 2497s
 22634 15613 17483.9259   51  388 17687.0900 16658.5678  5.82%   328 2518s
 22830 15737 17442.5687   73  274 17687.0900 16659.4857  5.81%   328 2539s
 22917 15737 17238.6822   67  361 17687.0900 16659.8960  5.81%   328 2540s
 23009 15915 17674.6733   70  263 17687.0900 16659.9313  5.81%   328 2560s
 23244 16097 17146.5062   48  436 17687.0900 16661.2780  5.80%   328 2583s
 23492 16221 16900.0617   35  492 17687.0900 16662.4666  5.79%   328 2604s
 23640 16394 17139.3416   47  447 17687.0900 16662.5647  5.79%   328 2626s
 23860 16519 17224.8367   56  312 17687.0900 16663.0619  5.79%   329 2648s
 24053 16751 16998.2968   57  274 17687.0900 16664.8180  5.78%   329 2669s
 24172 16751 17642.5587  106  125 17687.0900 16664.8180  5.78%   328 2670s
 24334 16840 17183.7811   37  433 17687.0900 16665.8177  5.77%   328 2691s
 24471 16990 17228.9915   59  494 17687.0900 16666.4670  5.77%   329 2713s
 24650 17173 16838.9647   53  339 17687.0900 16666.5088  5.77%   329 2735s
 24907 17317 17315.2322   55  354 17687.0900 16666.9812  5.77%   329 2756s
 25088 17475 17447.1014  100  234 17687.0900 16668.2581  5.76%   329 2778s
 25309 17656 16734.4839   36  639 17687.0900 16669.2311  5.75%   329 2801s
 25546 17817 16884.0138   50  448 17687.0900 16670.1411  5.75%   328 2823s
 25776 17892 17220.7925   45  513 17687.0900 16671.1319  5.74%   328 2844s
 25898 18016 16860.0007   35  564 17687.0900 16672.6113  5.74%   329 2866s
 26034 18247 17232.7721   60  238 17687.0900 16672.6113  5.74%   330 2888s
 26267 18247 17618.1674   79  171 17687.0900 16672.8629  5.73%   329 2897s
 26310 18380 17336.1654   80  402 17687.0900 16673.3992  5.73%   329 2918s
 26504 18509 17274.3988   56  403 17687.0900 16674.1363  5.73%   329 2939s
 26681 18653 17562.0266   69  209 17687.0900 16674.4969  5.73%   329 2962s
 26895 18821 17604.1857   64  322 17687.0900 16675.2395  5.72%   329 2984s
 26949 18821 17281.9363   89  188 17687.0900 16675.2395  5.72%   329 2985s
 27100 19042 17011.4256   50  497 17687.0900 16675.9105  5.72%   330 3008s
 27385 19200 17151.4264   87  274 17687.0900 16676.6361  5.71%   329 3034s
 27497 19200 17471.2393   86  174 17687.0900 16676.6361  5.71%   329 3035s
 27629 19338 16883.4842   35  662 17687.0900 16679.0244  5.70%   328 3057s
 27790 19515 17146.8401   64  330 17687.0900 16679.0563  5.70%   329 3079s
 27841 19515 17370.7416   89  174 17687.0900 16679.0563  5.70%   329 3080s
 28045 19656     cutoff   82      17687.0900 16679.6247  5.70%   329 3104s
 28247 19851 16949.8014   44  542 17687.0900 16680.1112  5.69%   329 3128s
 28427 19851 17522.5164   89  139 17687.0900 16680.4265  5.69%   329 3130s
 28504 20112 17257.3286   72  183 17687.0900 16680.8075  5.69%   328 3152s
 28849 20257 16976.7920   50  486 17687.0900 16682.3223  5.68%   327 3176s
 29057 20432 16770.0075   51  452 17687.0900 16682.6608  5.68%   327 3200s
 29273 20578 16771.2199   39  637 17687.0900 16682.7910  5.68%   327 3227s
 29470 20742 17206.9161   53  372 17687.0900 16683.0043  5.68%   327 3250s
 29694 20900 17026.6315   39  542 17687.0900 16683.6564  5.67%   327 3272s
 29896 21109 16880.5295   53  454 17687.0900 16685.0993  5.67%   327 3295s
 30156 21283 17225.6160   65  427 17687.0900 16685.2622  5.66%   327 3319s
 30392 21418 17043.3043   46  469 17687.0900 16686.0827  5.66%   327 3341s
 30547 21629 17299.1114   61  110 17687.0900 16686.3771  5.66%   327 3364s
 30676 21629 17357.3053   63  382 17687.0900 16686.3771  5.66%   327 3365s
 30822 21786 16810.9398   46  341 17687.0900 16686.9597  5.65%   327 3387s
 31043 21933 17134.4250   40  331 17687.0900 16688.9484  5.64%   326 3410s
 31242 22102 17559.4864   63  239 17687.0900 16689.3506  5.64%   326 3433s
 31453 22312 17182.3030   42  463 17687.0900 16689.5229  5.64%   326 3456s
 31722 22428 16996.0660   60  319 17687.0900 16690.3998  5.64%   326 3482s
 31893 22623 17524.9417   60  286 17687.0900 16691.0196  5.63%   326 3504s
 32027 22623 17451.6523   89  108 17687.0900 16691.0196  5.63%   326 3505s
 32147 22784 17373.1618   45  362 17687.0900 16691.4381  5.63%   326 3526s
 32354 22885 17236.3116   41  497 17687.0900 16692.1882  5.63%   326 3547s
 32503 23040 17492.6688   63  233 17687.0900 16692.6487  5.62%   326 3569s
 32597 23040 17584.7635   65  323 17687.0900 16692.9003  5.62%   326 3570s
 32691 23223 17492.6067   73  280 17687.0900 16693.0248  5.62%   326 3593s
 32928 23314 17406.8875   73  112 17687.0900 16693.9592  5.62%   326 3600s

Cutting planes:
  User: 4627
  Gomory: 58
  Cover: 374
  Implied bound: 70
  Clique: 10
  MIR: 319
  Flow cover: 645
  Inf proof: 1
  Zero half: 19
  Network: 2
  RLT: 324
  Relax-and-lift: 10
  Lazy constraints: 373

Explored 33038 nodes (10770946 simplex iterations) in 3600.78 seconds
Thread count was 2 (of 32 available processors)

Solution count 10: 17687.1 17718.9 17731.4 ... 18010.4

Time limit reached
Best objective 1.768709000000e+04, best bound 1.669395923812e+04, gap 5.6150%

User-callback calls 276869, time in user-callback 273.19 sec
================================================================================
executing instance: ./input/Instances/Original/6/absH6high_1n20.dat
--------------------------------------------------------------------------------
Instance details
n	21
H	6
C	1651
Li:
[0, 0, 0, 0, 0, 0, 0, 0, 0, 0, 0, 0, 0, 0, 0, 0, 0, 0, 0, 0, 0, ]
Ui:
[0, 36, 182, 182, 90, 261, 117, 30, 110, 42, 276, 153, 40, 94, 144, 46, 129, 213, 264, 160, 174, ]
Distance matrix:
|0	371	401	343	361	341	370	115	392	400	79	266	292	245	355	431	265	194	95	92	348	|
|371	0	37	141	110	250	117	438	67	131	372	305	115	238	247	255	235	296	392	430	185	|
|401	37	0	175	100	284	146	472	90	156	406	342	152	275	280	282	242	333	415	455	178	|
|343	141	175	0	239	110	38	374	95	60	314	182	67	130	106	127	318	201	397	423	303	|
|361	110	100	239	0	341	222	451	177	240	385	374	190	304	341	361	151	345	354	398	78	|
|341	250	284	110	341	0	143	337	203	151	289	102	152	97	15	95	394	156	415	431	398	|
|370	117	146	38	222	143	0	407	61	30	346	220	81	167	137	139	317	237	417	447	292	|
|115	438	472	374	451	337	407	0	443	434	66	241	339	251	351	431	374	181	201	177	450	|
|392	67	90	95	177	203	61	443	0	66	379	275	104	216	197	193	294	283	427	461	252	|
|400	131	156	60	240	151	30	434	66	0	374	237	112	189	142	127	344	261	448	477	312	|
|79	372	406	314	385	289	346	66	379	374	0	202	275	197	304	383	316	134	175	166	388	|
|266	305	342	182	374	102	220	241	275	237	202	0	191	70	117	196	386	73	352	359	415	|
|292	115	152	67	190	152	81	339	104	112	275	191	0	123	154	193	252	183	336	366	246	|
|245	238	275	130	304	97	167	251	216	189	197	70	123	0	110	187	322	72	319	334	346	|
|355	247	280	106	341	15	137	351	197	142	304	117	154	110	0	80	399	171	427	444	400	|
|431	255	282	127	361	95	139	431	193	127	383	196	193	187	80	0	444	251	499	519	429	|
|265	235	242	318	151	394	317	374	294	344	316	386	252	322	399	444	0	332	226	273	97	|
|194	296	333	201	345	156	237	181	283	261	134	73	183	72	171	251	332	0	279	286	375	|
|95	392	415	397	354	415	417	201	427	448	175	352	336	319	427	499	226	279	0	47	321	|
|92	430	455	423	398	431	447	177	461	477	166	359	366	334	444	519	273	286	47	0	368	|
|348	185	178	303	78	398	292	450	252	312	388	415	246	346	400	429	97	375	321	368	0	|

--------------------------------------------------------------------------------
Building model...
	using lazy and cut (CVRPSEP package)
Solving IRP LP...
--------------------------------------------------------------------------------

Gurobi 9.1.0 (linux64) logging started Sun Jan 10 12:44:51 2021

Gurobi Optimizer version 9.1.0 build v9.1.0rc0 (linux64)
Thread count: 32 physical cores, 32 logical processors, using up to 2 threads
Optimize a model with 1197 rows, 4665 columns and 11835 nonzeros
Model fingerprint: 0xb93f4f02
Variable types: 507 continuous, 4158 integer (378 binary)
Coefficient statistics:
  Matrix range     [1e+00, 6e+02]
  Objective range  [1e-01, 5e+02]
  Bounds range     [1e+00, 3e+02]
  RHS range        [1e+01, 3e+03]
Presolve removed 239 rows and 441 columns
Presolve time: 0.06s
Presolved: 958 rows, 4224 columns, 9960 nonzeros
Variable types: 430 continuous, 3794 integer (3444 binary)

Root relaxation: objective 1.300058e+04, 1335 iterations, 0.03 seconds

    Nodes    |    Current Node    |     Objective Bounds      |     Work
 Expl Unexpl |  Obj  Depth IntInf | Incumbent    BestBd   Gap | It/Node Time

     0     0 13000.5779    0  193          - 13000.5779      -     -    0s
     0     0 13215.3833    0  208          - 13215.3833      -     -    0s
     0     0 13239.4816    0  170          - 13239.4816      -     -    0s
     0     0 13241.0500    0  175          - 13241.0500      -     -    0s
     0     0 13241.8715    0  177          - 13241.8715      -     -    0s
     0     0 13241.8723    0  186          - 13241.8723      -     -    0s
     0     0 13519.4660    0  215          - 13519.4660      -     -    0s
     0     0 13586.6199    0  220          - 13586.6199      -     -    0s
     0     0 13593.9156    0  203          - 13593.9156      -     -    0s
     0     0 13596.2928    0  256          - 13596.2928      -     -    0s
     0     0 13597.8722    0  253          - 13597.8722      -     -    0s
     0     0 13597.8807    0  249          - 13597.8807      -     -    0s
     0     0 13791.6797    0  320          - 13791.6797      -     -    0s
     0     0 13876.9969    0  338          - 13876.9969      -     -    1s
     0     0 13891.3834    0  337          - 13891.3834      -     -    1s
     0     0 13906.8398    0  351          - 13906.8398      -     -    1s
     0     0 13912.0470    0  371          - 13912.0470      -     -    1s
     0     0 13922.4144    0  333          - 13922.4144      -     -    1s
     0     0 13922.6504    0  349          - 13922.6504      -     -    1s
     0     0 14007.7916    0  303          - 14007.7916      -     -    1s
     0     0 14027.0022    0  320          - 14027.0022      -     -    1s
     0     0 14028.4788    0  329          - 14028.4788      -     -    1s
     0     0 14030.4323    0  351          - 14030.4323      -     -    1s
     0     0 14030.4836    0  349          - 14030.4836      -     -    1s
     0     0 14078.7270    0  405          - 14078.7270      -     -    1s
     0     0 14082.3525    0  411          - 14082.3525      -     -    1s
     0     0 14088.2899    0  403          - 14088.2899      -     -    1s
     0     0 14091.0975    0  410          - 14091.0975      -     -    1s
     0     0 14092.6441    0  408          - 14092.6441      -     -    1s
     0     0 14092.7354    0  434          - 14092.7354      -     -    2s
     0     0 14115.4414    0  331          - 14115.4414      -     -    2s
     0     0 14116.3152    0  361          - 14116.3152      -     -    2s
     0     0 14120.7642    0  333          - 14120.7642      -     -    2s
     0     0 14121.8379    0  339          - 14121.8379      -     -    2s
     0     2 14134.3052    0  309          - 14134.3052      -     -    3s
    28    32 14225.2718    8  417          - 14194.0448      -   500    5s
   133   150 14838.4454   28  329          - 14194.0448      -   366   10s
   396   385 15386.2169   50  239          - 14194.0448      -   194   15s
   515   532 17688.2916  105  177          - 14194.0448      -   210   20s
   809   759 15398.1956   35  246          - 14198.2016      -   160   25s
   837   778 18870.1879  137  559          - 14504.5738      -   154   30s
   863   797 15069.4566   33  558          - 14517.9708      -   166   35s
   903   827 14631.9329   38  405          - 14551.5701      -   196   40s
   951   863 14800.4788   49  305          - 14551.5701      -   219   45s
  1019   913 15065.7029   66  320          - 14551.5701      -   235   50s
  1101   971 15569.8674   85  309          - 14551.5701      -   246   55s
  1199  1048 16144.0416  102  343          - 14551.5701      -   258   60s
  1338  1152 16409.5650  129  307          - 14551.5701      -   263   65s
  1565  1365 17307.1511  164  203          - 14551.5701      -   253   71s
  1787  1421 18661.1224  199  159          - 14551.5701      -   230   75s
* 1824  1367             313    22964.490000 14551.5701  36.6%   227   75s
* 1828  1328             312    22743.490000 14551.5701  36.0%   227   75s
* 1831  1291             310    21921.090000 14551.5701  33.6%   226   75s
H 1875  1277                    21888.090000 14551.5701  33.5%   225   77s
H 1901  1288                    21470.060000 14551.5701  32.2%   223   78s
  1935  1317 19973.8856  262  120 21470.0600 14551.5701  32.2%   223   81s
  2061  1345 14667.5403   31  428 21470.0600 14555.4582  32.2%   217   86s
  2088  1363 14757.0512   38  385 21470.0600 14555.4582  32.2%   225   90s
  2124  1386 14945.7705   45  411 21470.0600 14555.4582  32.2%   238   95s
  2154  1411 15050.2779   50  420 21470.0600 14555.4582  32.2%   246  100s
  2201  1457 15219.7262   56  389 21470.0600 14555.4582  32.2%   253  106s
  2264  1493 15487.8876   62  299 21470.0600 14555.4582  32.2%   255  111s
  2322  1532 15783.7571   70  277 21470.0600 14555.4582  32.2%   259  116s
  2370  1581 16003.6727   74  231 21470.0600 14555.4582  32.2%   260  124s
  2408  1594 16177.5291   82  260 21470.0600 14555.4582  32.2%   260  127s
  2476  1636 16402.0997   95  184 21470.0600 14555.4582  32.2%   260  134s
  2498  1645 16561.8241   97  205 21470.0600 14555.4582  32.2%   260  137s
  2570  1706 17444.3345  118  168 21470.0600 14555.4582  32.2%   261  141s
  2613  1785 17499.2876  124  159 21470.0600 14555.4582  32.2%   262  145s
  2807  1959 19492.8736  180  103 21470.0600 14555.4582  32.2%   254  152s
  2923  2013 20140.1751  228   54 21470.0600 14570.8899  32.1%   249  159s
  3020  2041 14722.8782   33  517 21470.0600 14570.8899  32.1%   246  165s
  3048  2069 14926.5261   39  392 21470.0600 14570.8899  32.1%   251  171s
  3077  2105 15077.3718   41  403 21470.0600 14570.8899  32.1%   256  177s
  3120  2159 15458.4221   50  352 21470.0600 14570.8899  32.1%   260  182s
  3153  2207 15597.5597   53  300 21470.0600 14570.8899  32.1%   260  186s
  3201  2310 15546.0845   57  253 21470.0600 14570.8899  32.1%   261  190s
  3308  2432 15588.2360   61  251 21470.0600 14570.8899  32.1%   257  197s
  3484  2474 15621.2631   64  245 21470.0600 14570.8899  32.1%   250  203s
  3544  2519 15883.4617   68  279 21470.0600 14570.8899  32.1%   250  208s
  3588  2551 16026.4582   86  214 21470.0600 14570.8899  32.1%   251  212s
  3626  2608 15948.4044  101  178 21470.0600 14570.8899  32.1%   252  216s
  3683  2654 16298.1693  115  232 21470.0600 14570.8899  32.1%   253  220s
  3729  2778 16336.2774  119  180 21470.0600 14570.8899  32.1%   253  226s
  3853  2899 16685.3661  142  150 21470.0600 14570.8899  32.1%   249  233s
  3992  3117 17553.5819  165   79 21470.0600 14613.0610  31.9%   245  254s
  4121  3121 19439.1781  196   21 21470.0600 14613.0610  31.9%   240  255s
  4329  3219 15021.6039   42  368 21470.0600 14613.3805  31.9%   238  264s
  4374  3303 15280.4432   46  392 21470.0600 14613.3805  31.9%   240  269s
  4459  3462 15715.9127   54  312 21470.0600 14613.3805  31.9%   241  275s
  4620  3775 17460.4662   77  134 21470.0600 14614.3374  31.9%   239  282s
  4978  3793 19461.4343  193   18 21470.0600 14642.9234  31.8%   229  285s
  5023  3811 21335.4800  142   17 21470.0600 14643.5792  31.8%   227  290s
  5103  4009 15358.2988   45  406 21470.0600 14648.4994  31.8%   231  309s
  5152  4009 16933.7999   94  130 21470.0600 14648.4994  31.8%   231  310s
  5274  4094 17124.9486   96  171 21470.0600 14661.8855  31.7%   228  316s
  5385  4234 20616.4700  163    - 21470.0600 14663.3923  31.7%   228  323s
  5570  4290 15043.3316   42  398 21470.0600 14664.0938  31.7%   225  329s
  5609  4333 15170.5430   52  397 21470.0600 14664.0938  31.7%   226  334s
  5652  4385 15462.8385   62  314 21470.0600 14664.0938  31.7%   228  340s
  5704  4443 15774.5927   78  326 21470.0600 14664.0938  31.7%   230  345s
  5762  4540 15938.5993   97  283 21470.0600 14664.0938  31.7%   232  352s
  5859  4912 16343.2636  111  277 21470.0600 14664.0938  31.7%   233  363s
  6122  4912 17945.7366  172   55 21470.0600 14664.0938  31.7%   228  365s
  6286  5220 16697.5377  145  164 21470.0600 14669.5951  31.7%   224  375s
  6661  5272     cutoff  231      21470.0600 14670.3017  31.7%   216  383s
  6759  5324 21446.7200  241    - 21470.0600 14678.2962  31.6%   216  389s
