




arguments: ./build/mirp_solver -f ./input/orig_exec_174.cfg
Current dir: /scratch/gui/bnc_mirp
File verbosity level: 9
date       time         ( uptime  ) [ thread name/id ]                   file:line     v| 
2021-01-10 04:47:39.676 (   0.098s) [main thread     ]             loguru.cpp:789   INFO| Logging to './output/vi_hc1_quarter/OU/V3/Original/execution_10_01_2021_04_47_39.log', mode: 'a', verbosity: 9
--------------------------------------------------------------------------------
Parameters
                           instance_path           ./input/Instances/Original/5/
                            model_policy                                       1
                             nb_vehicles                                       3
                              output_dir ./output/vi_hc1_quarter/OU/V3/Original/
                            sec_strategy                                       1
                       solver_nb_threads                                       2
                         solver_show_log                                    true
                       solver_time_limit                                    3600
                              use_vi_cos                                   false
                              use_vi_cus                                   false
                         use_vi_hc1_full                                   false
                         use_vi_hc1_half                                   false
                      use_vi_hc1_quarter                                    true
                              use_vi_hc2                                   false
                              use_vi_hc3                                   false
                         use_vi_lex_full                                   false
                         use_vi_lex_half                                   false
                      use_vi_lex_quarter                                   false
                              use_vi_qua                                   false
                               use_vi_vc                                   false
                               use_vi_vr                                   false
--------------------------------------------------------------------------------
executing instance: ./input/Instances/Original/5/absH3low_4n50.dat
--------------------------------------------------------------------------------
Instance details
n	51
H	3
C	4066
Li:
[0, 0, 0, 0, 0, 0, 0, 0, 0, 0, 0, 0, 0, 0, 0, 0, 0, 0, 0, 0, 0, 0, 0, 0, 0, 0, 0, 0, 0, 0, 0, 0, 0, 0, 0, 0, 0, 0, 0, 0, 0, 0, 0, 0, 0, 0, 0, 0, 0, 0, 0, ]
Ui:
[0, 108, 126, 122, 66, 120, 48, 30, 128, 54, 158, 198, 36, 66, 210, 234, 147, 297, 171, 128, 116, 120, 219, 70, 294, 207, 134, 128, 234, 122, 22, 183, 195, 255, 132, 124, 66, 189, 219, 66, 128, 102, 288, 66, 87, 136, 36, 39, 282, 36, 237, ]
Distance matrix:
|0	210	444	498	509	104	438	228	487	304	456	434	526	476	163	47	293	396	293	290	313	85	280	437	293	336	409	106	449	376	433	478	193	404	404	534	278	181	380	507	189	438	263	473	353	216	202	218	452	254	465	|
|210	0	299	507	359	106	345	409	358	411	320	402	555	448	136	200	289	264	306	427	141	222	83	348	264	320	283	303	380	208	258	357	170	348	475	542	243	347	355	379	65	479	172	373	355	251	112	229	402	210	300	|
|444	299	0	363	65	358	116	542	66	440	26	241	425	272	282	407	251	51	276	490	159	397	224	124	217	237	48	490	170	99	83	74	261	180	430	385	214	479	231	85	270	390	184	116	271	300	409	276	210	215	54	|
|498	507	363	0	385	482	246	424	326	254	343	123	63	93	388	452	221	337	211	314	428	414	480	239	243	187	324	463	194	418	438	307	346	188	156	36	264	392	156	326	444	87	340	258	154	286	603	294	153	297	417	|
|509	359	65	385	0	422	145	602	59	492	59	269	448	292	348	472	305	115	329	545	218	462	281	152	274	286	106	554	192	153	116	78	326	216	472	403	274	540	271	63	334	425	249	127	316	361	468	337	233	278	69	|
|104	106	358	482	422	0	372	309	408	337	374	396	521	441	98	96	262	314	271	342	215	124	177	373	249	302	329	198	394	281	337	402	139	353	419	518	230	250	343	428	90	437	188	405	328	200	134	188	406	199	372	|
|438	345	116	246	145	372	0	485	87	357	97	126	309	155	279	394	180	101	200	414	223	373	288	8	157	150	84	459	53	188	196	68	245	72	328	269	165	427	128	97	297	280	184	36	175	250	456	233	94	184	170	|
|228	409	542	424	602	309	485	0	561	170	544	419	424	446	298	214	305	491	286	115	462	187	457	480	331	339	496	124	470	510	565	545	295	424	279	454	329	66	376	576	363	340	370	520	330	242	429	266	453	328	581	|
|487	358	66	326	59	408	87	561	0	441	40	211	389	233	324	446	258	95	281	497	220	431	287	95	230	234	79	522	133	164	146	19	297	160	415	344	233	500	215	21	323	367	224	68	261	320	470	299	174	242	106	|
|304	411	440	254	492	337	357	170	441	0	434	266	255	286	275	266	189	392	164	63	408	225	428	351	224	207	392	234	330	438	484	424	250	287	112	284	232	149	233	453	349	170	302	389	185	168	471	195	305	248	487	|
|456	320	26	343	59	374	97	544	40	434	0	223	406	252	294	418	247	60	271	487	181	405	247	105	215	229	49	498	149	124	109	48	270	165	419	364	215	482	218	60	288	375	194	92	261	302	431	279	190	220	75	|
|434	402	241	123	269	396	126	419	211	266	223	0	185	46	298	387	140	213	145	328	310	355	366	118	147	97	201	425	78	295	315	191	256	65	211	151	166	371	53	215	343	157	231	145	90	220	505	217	41	198	295	|
|526	555	425	63	448	521	309	424	389	255	406	185	0	156	430	481	266	398	252	310	485	442	534	301	293	237	386	480	257	478	500	370	390	249	145	55	313	401	212	389	491	89	392	321	201	322	646	334	216	345	479	|
|476	448	272	93	292	441	155	446	233	286	252	46	156	0	343	429	183	250	184	348	353	396	411	148	192	140	236	461	102	334	350	214	302	106	214	113	212	402	98	233	389	151	277	165	125	261	551	260	62	244	325	|
|163	136	282	388	348	98	279	298	324	275	294	298	430	343	0	124	167	234	178	296	167	121	162	279	151	205	247	216	297	224	280	316	42	256	340	423	132	232	246	344	74	349	100	314	233	115	216	97	308	101	307	|
|47	200	407	452	472	96	394	214	446	266	418	387	481	429	124	0	246	358	245	259	284	41	261	392	247	289	370	103	403	345	402	436	150	358	361	488	232	158	333	466	165	393	223	430	306	168	217	171	406	210	431	|
|293	289	251	221	305	262	180	305	258	189	247	140	266	183	167	246	0	204	26	240	238	215	276	175	37	43	203	289	169	255	297	242	125	122	202	257	52	248	87	272	225	191	134	215	67	80	382	77	163	81	298	|
|396	264	51	337	115	314	101	491	95	392	60	213	398	250	234	358	204	0	229	442	130	347	196	108	169	194	19	440	152	87	102	93	211	149	390	363	165	428	194	116	228	355	134	117	230	250	376	225	189	164	95	|
|293	306	276	211	329	271	200	286	281	164	271	145	252	184	178	245	26	229	0	216	262	212	297	195	63	53	228	280	184	280	323	264	138	137	178	248	76	232	95	294	241	173	156	234	60	77	395	83	172	102	324	|
|290	427	490	314	545	342	414	115	497	63	487	328	310	348	296	259	240	442	216	0	443	220	456	408	273	264	443	204	390	479	529	480	278	346	165	343	278	115	293	509	369	229	340	447	244	202	473	230	366	288	536	|
|313	141	159	428	218	215	223	462	220	408	181	310	485	353	167	284	238	130	262	443	0	288	67	228	202	252	149	382	267	67	122	221	168	247	440	459	186	396	273	241	125	423	107	245	291	242	251	214	297	162	160	|
|85	222	397	414	462	124	373	187	431	225	405	355	442	396	121	41	215	347	212	220	288	0	273	371	221	258	357	95	378	344	401	420	136	331	321	450	208	126	302	450	177	353	213	409	272	136	253	143	377	190	426	|
|280	83	224	480	281	177	288	457	287	428	247	366	534	411	162	261	276	196	297	456	67	273	0	292	243	298	215	363	329	128	176	288	179	305	475	513	224	392	324	307	96	466	143	311	335	261	187	235	357	195	219	|
|437	348	124	239	152	373	8	480	95	351	105	118	301	148	279	392	175	108	195	408	228	371	292	0	154	144	91	456	46	194	203	76	244	65	320	261	163	423	121	103	299	273	185	40	168	247	459	230	86	183	178	|
|293	264	217	243	274	249	157	331	230	224	215	147	293	192	151	247	37	169	63	273	202	221	243	154	0	57	170	303	157	217	260	215	110	111	238	278	21	271	94	245	201	223	100	193	92	93	362	78	160	54	263	|
|336	320	237	187	286	302	150	339	234	207	229	97	237	140	205	289	43	194	53	264	252	258	298	144	57	0	190	331	131	257	294	216	163	84	197	221	77	285	44	246	258	172	155	183	39	123	418	119	120	110	288	|
|409	283	48	324	106	329	84	496	79	392	49	201	386	236	247	370	203	19	228	443	149	357	215	91	170	190	0	449	136	105	114	75	221	138	384	349	168	434	185	99	245	346	146	98	224	255	394	231	174	171	99	|
|106	303	490	463	554	198	459	124	522	234	498	425	480	461	216	103	289	440	280	204	382	95	363	456	303	331	449	0	458	439	496	510	229	410	344	498	293	89	374	540	267	391	307	495	336	211	308	226	451	280	520	|
|449	380	170	194	192	394	53	470	133	330	149	78	257	102	297	403	169	152	184	390	267	378	329	46	157	131	136	458	0	238	249	114	259	47	287	216	171	416	96	137	327	235	211	67	145	247	488	235	41	197	223	|
|376	208	99	418	153	281	188	510	164	438	124	295	478	334	224	345	255	87	280	479	67	344	128	194	217	257	105	439	238	0	57	169	216	230	453	445	206	445	268	184	191	427	141	202	296	278	315	250	274	191	92	|
|433	258	83	438	116	337	196	565	146	484	109	315	500	350	280	402	297	102	323	529	122	401	176	203	260	294	114	496	249	57	0	157	271	252	490	463	251	499	296	162	247	457	195	199	331	329	362	302	288	241	47	|
|478	357	74	307	78	402	68	545	19	424	48	191	370	214	316	436	242	93	264	480	221	420	288	76	215	216	75	510	114	169	157	0	287	141	396	325	219	485	196	31	319	347	216	49	243	306	469	286	154	230	120	|
|193	170	261	346	326	139	245	295	297	250	270	256	390	302	42	150	125	211	138	278	168	136	179	244	110	163	221	229	259	216	271	287	0	216	305	382	91	229	204	316	105	310	78	280	192	83	257	60	268	62	292	|
|404	348	180	188	216	353	72	424	160	287	165	65	249	106	256	358	122	149	137	346	247	331	305	65	111	84	138	410	47	230	252	141	216	0	255	215	126	369	56	168	292	210	177	102	103	200	454	189	54	155	234	|
|404	475	430	156	472	419	328	279	415	112	419	211	145	214	340	361	202	390	178	165	440	321	475	320	238	197	384	344	287	453	490	396	305	255	0	181	254	261	201	422	410	69	335	353	160	225	551	246	252	280	482	|
|534	542	385	36	403	518	269	454	344	284	364	151	55	113	423	488	257	363	248	343	459	450	513	261	278	221	349	498	216	445	463	325	382	215	181	0	298	425	189	342	479	115	373	276	190	323	638	330	175	332	439	|
|278	243	214	264	274	230	165	329	233	232	215	166	313	212	132	232	52	165	76	278	186	208	224	163	21	77	168	293	171	206	251	219	91	126	254	298	0	267	114	250	181	242	82	202	112	88	341	68	177	33	258	|
|181	347	479	392	540	250	427	66	500	149	482	371	401	402	232	158	248	428	232	115	396	126	392	423	271	285	434	89	416	445	499	485	229	369	261	425	267	0	325	516	298	313	305	463	281	180	375	203	403	264	516	|
|380	355	231	156	271	343	128	376	215	233	218	53	212	98	246	333	87	194	95	293	273	302	324	121	94	44	185	374	96	268	296	196	204	56	201	189	114	325	0	224	294	161	185	157	49	167	455	163	78	147	284	|
|507	379	85	326	63	428	97	576	21	453	60	215	389	233	344	466	272	116	294	509	241	450	307	103	245	246	99	540	137	184	162	31	316	168	422	342	250	516	224	0	344	371	244	70	271	337	490	317	176	261	120	|
|189	65	270	444	334	90	297	363	323	349	288	343	491	389	74	165	225	228	241	369	125	177	96	299	201	258	245	267	327	191	247	319	105	292	410	479	181	298	294	344	0	414	116	328	291	187	163	165	345	147	282	|
|438	479	390	87	425	437	280	340	367	170	375	157	89	151	349	393	191	355	173	229	423	353	466	273	223	172	346	391	235	427	457	347	310	210	69	115	242	313	161	371	414	0	323	301	133	238	565	253	197	273	444	|
|263	172	184	340	249	188	184	370	224	302	194	231	392	277	100	223	134	134	156	340	107	213	143	185	100	155	146	307	211	141	195	216	78	177	335	373	82	305	185	244	116	323	0	217	192	138	278	110	230	55	214	|
|473	373	116	258	127	405	36	520	68	389	92	145	321	165	314	430	215	117	234	447	245	409	311	40	193	183	98	495	67	202	199	49	280	102	353	276	202	463	157	70	328	301	217	0	205	286	485	269	106	220	167	|
|353	355	271	154	316	328	175	330	261	185	261	90	201	125	233	306	67	230	60	244	291	272	335	168	92	39	224	336	145	296	331	243	192	103	160	190	112	281	49	271	291	133	192	205	0	138	449	141	123	145	323	|
|216	251	300	286	361	200	250	242	320	168	302	220	322	261	115	168	80	250	77	202	242	136	261	247	93	123	255	211	247	278	329	306	83	200	225	323	88	180	167	337	187	238	138	286	138	0	328	28	243	88	340	|
|202	112	409	603	468	134	456	429	470	471	431	505	646	551	216	217	382	376	395	473	251	253	187	459	362	418	394	308	488	315	362	469	257	454	551	638	341	375	455	490	163	565	278	485	449	328	0	313	508	308	406	|
|218	229	276	294	337	188	233	266	299	195	279	217	334	260	97	171	77	225	83	230	214	143	235	230	78	119	231	226	235	250	302	286	60	189	246	330	68	203	163	317	165	253	110	269	141	28	313	0	235	61	315	|
|452	402	210	153	233	406	94	453	174	305	190	41	216	62	308	406	163	189	172	366	297	377	357	86	160	120	174	451	41	274	288	154	268	54	252	175	177	403	78	176	345	197	230	106	123	243	508	235	0	207	264	|
|254	210	215	297	278	199	184	328	242	248	220	198	345	244	101	210	81	164	102	288	162	190	195	183	54	110	171	280	197	191	241	230	62	155	280	332	33	264	147	261	147	273	55	220	145	88	308	61	207	0	253	|
|465	300	54	417	69	372	170	581	106	487	75	295	479	325	307	431	298	95	324	536	160	426	219	178	263	288	99	520	223	92	47	120	292	234	482	439	258	516	284	120	282	444	214	167	323	340	406	315	264	253	0	|

--------------------------------------------------------------------------------
Building model...
	using lazy and cut (CVRPSEP package)
Solving IRP LP...
--------------------------------------------------------------------------------

Gurobi 9.1.0 (linux64) logging started Sun Jan 10 04:47:39 2021

Gurobi Optimizer version 9.1.0 build v9.1.0rc0 (linux64)
Thread count: 32 physical cores, 32 logical processors, using up to 2 threads
Optimize a model with 1491 rows, 12588 columns and 28524 nonzeros
Model fingerprint: 0x979007fe
Variable types: 654 continuous, 11934 integer (459 binary)
Coefficient statistics:
  Matrix range     [1e+00, 1e+03]
  Objective range  [1e-02, 6e+02]
  Bounds range     [1e+00, 3e+02]
  RHS range        [1e+01, 7e+03]
Presolve removed 242 rows and 528 columns
Presolve time: 0.06s
Presolved: 1249 rows, 12060 columns, 26284 nonzeros
Variable types: 582 continuous, 11478 integer (11037 binary)

Root relaxation: objective 3.383827e+03, 1266 iterations, 0.03 seconds

    Nodes    |    Current Node    |     Objective Bounds      |     Work
 Expl Unexpl |  Obj  Depth IntInf | Incumbent    BestBd   Gap | It/Node Time

     0     0 3383.82705    0  159          - 3383.82705      -     -    0s
     0     0 3628.47799    0  174          - 3628.47799      -     -    0s
     0     0 3646.86754    0  145          - 3646.86754      -     -    0s
     0     0 3649.32485    0  154          - 3649.32485      -     -    0s
     0     0 3649.66533    0  145          - 3649.66533      -     -    0s
     0     0 3649.77083    0  138          - 3649.77083      -     -    0s
     0     0 4249.49195    0  220          - 4249.49195      -     -    1s
     0     0 4389.49316    0  258          - 4389.49316      -     -    1s
     0     0 4391.84258    0  270          - 4391.84258      -     -    1s
     0     0 4396.71845    0  268          - 4396.71845      -     -    1s
     0     0 4413.16719    0  248          - 4413.16719      -     -    1s
     0     0 4413.24145    0  287          - 4413.24145      -     -    1s
     0     0 4500.14287    0  262          - 4500.14287      -     -    1s
     0     0 4516.84866    0  277          - 4516.84866      -     -    2s
     0     0 4525.75421    0  222          - 4525.75421      -     -    2s
     0     0 4537.88256    0  311          - 4537.88256      -     -    2s
     0     0 4538.51754    0  342          - 4538.51754      -     -    2s
     0     0 4602.01583    0  408          - 4602.01583      -     -    2s
     0     0 4616.91928    0  379          - 4616.91928      -     -    3s
     0     0 4623.52476    0  391          - 4623.52476      -     -    3s
     0     0 4626.99223    0  415          - 4626.99223      -     -    3s
     0     0 4628.11305    0  384          - 4628.11305      -     -    3s
     0     0 4648.95142    0  445          - 4648.95142      -     -    3s
     0     0 4654.71800    0  442          - 4654.71800      -     -    4s
     0     0 4658.56428    0  461          - 4658.56428      -     -    4s
     0     0 4659.77356    0  426          - 4659.77356      -     -    4s
     0     0 4670.38223    0  511          - 4670.38223      -     -    4s
     0     0 4670.38223    0  509          - 4670.38223      -     -    5s
     0     2 4671.83310    0  494          - 4671.83310      -     -    7s
    24    27 4823.07813    8  418          - 4681.86893      -   419   10s
    78    83 4836.43379   21  372          - 4681.86893      -   357   15s
   162   173 5201.56983   50  226          - 4681.86893      -   304   20s
   277   318 5779.51721   82  130          - 4681.86893      -   245   25s
   529   606 7214.58987  157   33          - 4681.86893      -   155   30s
   815   798 8419.12500  260    8          - 4685.55802      -   108   35s
*  821   798             263    8522.7000000 4685.55802  45.0%   107   35s
   852   775 6809.86285  126  509 8522.70000 4685.55802  45.0%   106   40s
H  853   737                    8441.3800000 4685.55802  44.5%   106   40s
   858   740 6447.62258  108  526 8441.38000 4685.55802  44.5%   106   45s
   869   747 6747.41589  155  582 8441.38000 4721.71419  44.1%   104   50s
H  873   712                    8400.3800000 4728.34548  43.7%   104   52s
   879   716 8400.38000  234  582 8400.38000 4729.41426  43.7%   103   55s
H  879   680                    8395.3800000 4729.81408  43.7%   103   56s
   887   685 8292.72298  219  589 8395.38000 4731.76076  43.6%   102   61s
   891   688 7340.70000  193  533 8395.38000 4731.83198  43.6%   102   65s
   903   700 4743.83180   14  569 8395.38000 4743.83180  43.5%   117   70s
   921   711 4756.74343   19  493 8395.38000 4749.39706  43.4%   123   83s
   933   721 4817.73073   22  354 8395.38000 4749.39706  43.4%   127   85s
H  946   693                    8215.9400000 4749.39706  42.2%   130   88s
   964   708 4874.47992   30  383 8215.94000 4749.39706  42.2%   135   90s
  1002   731 5125.62411   40  339 8215.94000 4749.39706  42.2%   145   95s
  1042   762 5115.76488   53  293 8215.94000 4749.39706  42.2%   151  100s
  1078   791 5154.21663   63  224 8215.94000 4749.39706  42.2%   157  105s
  1121   817 5246.67160   75  211 8215.94000 4749.39706  42.2%   165  110s
  1165   854 5514.75646   87  231 8215.94000 4749.39706  42.2%   170  115s
H 1183   829                    7935.3400000 4749.39706  40.1%   171  117s
  1221   857 5683.71436  102  215 7935.34000 4749.39706  40.1%   174  121s
  1258   885 5758.80794  111  144 7935.34000 4749.39706  40.1%   176  125s
  1322   946 5865.72348  130  154 7935.34000 4749.39706  40.1%   173  130s
  1368   973 6117.66595  144  128 7935.34000 4749.39706  40.1%   174  135s
  1423  1042 6121.22181  160  115 7935.34000 4749.39706  40.1%   172  140s
  1522  1054 6966.88875  197   13 7935.34000 4749.39949  40.1%   167  145s
  1620  1102 4805.57821   18  498 7935.34000 4760.61434  40.0%   163  151s
  1719  1156 4850.89957   22  452 7935.34000 4760.61434  40.0%   158  158s
  1799  1148 7866.90000  237   11 7935.34000 4760.61434  40.0%   154  160s
  1827  1166 4991.27926   29  334 7935.34000 4760.61434  40.0%   157  166s
  1844  1177 5003.72623   33  285 7935.34000 4760.61434  40.0%   160  176s
  1856  1189 5026.32249   35  323 7935.34000 4760.61434  40.0%   161  181s
  1883  1209 5138.37436   42  256 7935.34000 4760.61434  40.0%   165  186s
  1913  1235 5411.67778   51  176 7935.34000 4760.61434  40.0%   168  194s
  1933  1256 5283.50824   59  144 7935.34000 4760.61434  40.0%   169  197s
  1960  1269 5331.15236   70  192 7935.34000 4760.61434  40.0%   170  201s
  1982  1279 5381.30521   76  173 7935.34000 4760.61434  40.0%   170  205s
  2024  1313 5596.84724   91  131 7935.34000 4760.61434  40.0%   172  212s
  2048  1323 5591.90746   98  168 7935.34000 4760.61434  40.0%   173  216s
  2066  1369 5620.86478  101  102 7935.34000 4760.61434  40.0%   173  221s
  2118  1400 5862.60577  114  113 7935.34000 4760.61434  40.0%   172  226s
  2166  1444 6059.46489  128   93 7935.34000 4760.61434  40.0%   172  232s
  2226  1426 6433.41182  140   54 7935.34000 4760.61434  40.0%   170  255s
  2228  1508 6448.52773  140   55 7935.34000 4760.61434  40.0%   170  260s
  2311  1514 6825.43439  159   59 7935.34000 4760.61434  40.0%   168  267s
  2344  1555 7075.52956  169   33 7935.34000 4765.42794  39.9%   167  273s
  2416  1577 4837.20144   14  591 7935.34000 4765.42794  39.9%   165  281s
  2455  1618 4868.09225   17  498 7935.34000 4765.42794  39.9%   166  288s
  2509  1665 4936.73265   19  368 7935.34000 4765.42794  39.9%   165  295s
  2574  1667 4909.59594   21  461 7935.34000 4765.42794  39.9%   165  303s
  2620  1673 4966.47940   23  349 7935.34000 4765.42794  39.9%   165  310s
  2649  1677 4993.90461   24  340 7935.34000 4765.42794  39.9%   165  315s
  2665  1686 5028.66815   29  303 7935.34000 4765.42794  39.9%   168  322s
  2684  1692 5091.28696   35  397 7935.34000 4765.42794  39.9%   170  329s
  2702  1723 5141.85074   38  221 7935.34000 4765.42794  39.9%   172  335s
  2734  1768 5187.07195   52   91 7935.34000 4765.42794  39.9%   172  341s
  2789  1831 5253.67014   80   53 7935.34000 4772.00243  39.9%   173  349s
  2847  1834 5652.18138  110   43 7935.34000 4772.00243  39.9%   171  350s
  2886  1858 5933.54454  117   40 7935.34000 4772.01474  39.9%   171  356s
  2915  1882 6610.51444  121   10 7935.34000 4772.02760  39.9%   173  363s
  2976  1917 6915.77000  130    - 7935.34000 4772.28103  39.9%   173  369s
  3003  1960 7002.45000  130    6 7935.34000 4774.99403  39.8%   174  376s
  3066  2002 7546.61000  145    - 7935.34000 4775.03258  39.8%   174  384s
  3123  2064 7601.69000  145    3 7935.34000 4777.91000  39.8%   175  393s
  3189  2187 7666.19000  146   10 7935.34000 4777.91055  39.8%   175  403s
  3327  2254 7698.97000  146    - 7935.34000 4790.62181  39.6%   172  413s
* 3328  2246             147    7821.9700000 4790.62181  38.8%   172  413s
* 3329  2240             147    7752.6900000 4790.62181  38.2%   172  413s
  3432  2268     cutoff  146      7752.69000 4797.35771  38.1%   171  424s
  3465  2298 4908.26810   21  390 7752.69000 4797.55451  38.1%   172  432s
  3491  2327 5049.90351   30  308 7752.69000 4797.55451  38.1%   175  440s
  3520  2357 5111.65661   43  170 7752.69000 4797.55451  38.1%   177  449s
  3550  2396 5197.97232   51  203 7752.69000 4797.55451  38.1%   179  457s
  3589  2465 5317.61958   61  105 7752.69000 4797.55451  38.1%   181  466s
  3658  2570 5452.95436   78   73 7752.69000 4797.74644  38.1%   182  477s
  3792  2683 6300.89001  120   51 7752.69000 4797.77057  38.1%   181  489s
  3946  2852 6867.58885  142   21 7752.69000 4797.78709  38.1%   179  501s
  4165  2931 5007.77782   20  498 7752.69000 4797.78709  38.1%   175  516s
  4260  2972 5116.80381   23  399 7752.69000 4797.78709  38.1%   174  529s
  4308  3012 5291.06778   30  290 7752.69000 4797.78709  38.1%   176  540s
  4354  3140 5522.98015   36  262 7752.69000 4797.78709  38.1%   178  554s
  4369  3140 5708.97918   42  257 7752.69000 4797.78709  38.1%   178  555s
  4505  3217 6004.04697   53  171 7752.69000 4797.78709  38.1%   176  570s
  4580  3313 6620.77493   77  137 7752.69000 4814.44844  37.9%   177  585s
  4691  3385 5026.86753   22  385 7752.69000 4814.44844  37.9%   177  614s
  4785  3483 5703.94977   37  349 7752.69000 4814.44844  37.9%   177  627s
  4874  3580 7080.54326  102   21 7752.69000 4815.08426  37.9%   178  643s
  4990  3718     cutoff  151      7752.69000 4816.65622  37.9%   178  662s
  5128  3982 5442.45795   44  147 7752.69000 4816.72002  37.9%   178  682s
  5301  3989 5908.03952   98   21 7752.69000 4817.34318  37.9%   175  685s
  5453  4027 7717.93000  151    - 7752.69000 4817.49257  37.9%   172  702s
  5491  4075     cutoff  151      7752.69000 4820.10161  37.8%   175  718s
  5542  4172 5649.46251   57  145 7752.69000 4820.47941  37.8%   177  735s
  5658  4288 6805.57902  123   36 7752.69000 4821.39963  37.8%   178  756s
  5775  4428 7095.62000  126   24 7752.69000 4821.48120  37.8%   179  779s
  5809  4433 5370.85557   39  174 7752.69000 4821.48120  37.8%   179  780s
  5973  4498 7728.97000  134    - 7752.69000 4821.70829  37.8%   176  800s
  6048  4537     cutoff  134      7752.69000 4826.08239  37.7%   177  819s
  6099  4651     cutoff  134      7752.69000 4826.31439  37.7%   179  840s
* 6243  4685             134    7702.4800000 4830.01112  37.3%   180  857s
  6294  4879 5678.71003   44  274 7702.48000 4831.34731  37.3%   182  878s
  6423  4879 6171.89902   67  152 7702.48000 4831.94350  37.3%   181  880s
  6516  4881 5095.43288   26  424 7702.48000 4831.94350  37.3%   180  927s
  6518  5009 5157.77258   27  352 7702.48000 4832.92083  37.3%   180  948s
  6604  5009 7640.09577  113   55 7702.48000 4832.92083  37.3%   180  950s
  6660  5110 4861.43989   17  626 7702.48000 4832.92083  37.3%   181  971s
  6799  5157 5189.85715   27  463 7702.48000 4832.92083  37.3%   181  994s
  6846  5223 5315.95889   40  181 7702.48000 4832.92083  37.3%   183 1068s
  6912  5392 5587.13563   65   28 7702.48000 4835.07615  37.2%   185 1093s
  6998  5395 5950.75363  109    9 7702.48000 4835.07615  37.2%   185 1095s
  7163  5476 infeasible  165      7702.48000 4835.61191  37.2%   184 1118s
  7227  5664 infeasible  166      7702.48000 4835.98011  37.2%   186 1150s
  7471  5755 6186.61582   76   77 7702.48000 4838.77483  37.2%   185 1182s
  7589  5992 7498.24509  138   29 7702.48000 4839.63531  37.2%   184 1213s
  7697  5992 6554.74143  106   25 7702.48000 4839.63531  37.2%   184 1215s
  7889  6074 7323.28755  127   11 7702.48000 4842.73145  37.1%   182 1242s
  7972  6258 7491.35000  136    - 7702.48000 4843.44642  37.1%   184 1271s
  8202  6461 7504.54000  136    7 7702.48000 4843.99881  37.1%   183 1305s
  8438  6551 7652.35000  141   13 7702.48000 4846.32356  37.1%   182 1336s
  8526  6748 7675.71000  143    - 7702.48000 4848.68735  37.1%   185 1368s
  8767  6831 5351.26057   30  450 7702.48000 4849.18371  37.0%   184 1397s
  8832  7079 5888.90964   45  339 7702.48000 4849.51842  37.0%   187 1435s
  9095  7303 5003.58330   17  632 7702.48000 4849.51842  37.0%   186 1472s
  9227  7303 7423.49131   89   12 7702.48000 4849.51842  37.0%   186 1475s
  9344  7543 7013.32955   93   64 7702.48000 4850.18365  37.0%   185 1509s
  9403  7545 7582.73180  143    4 7702.48000 4850.18365  37.0%   184 1510s
  9626  7705     cutoff  145      7702.48000 4852.01683  37.0%   184 1544s
  9685  7705 6044.13070   79   93 7702.48000 4852.01683  37.0%   185 1545s
  9825  7817 6211.63339   85   74 7702.48000 4852.91468  37.0%   184 1574s
  9882  7824 7133.62000  132    6 7702.48000 4852.91468  37.0%   183 1575s
  9957  8070 7387.06000  142   43 7702.48000 4854.40684  37.0%   185 1610s
 10280  8177     cutoff  154      7702.48000 4857.63742  36.9%   183 1640s
 10368  8363 5882.03898   34  439 7702.48000 4859.98948  36.9%   184 1672s
 10523  8367 6265.38448   88   50 7702.48000 4860.68008  36.9%   183 1675s
 10584  8559 7066.37088   99   72 7702.48000 4861.20230  36.9%   184 1706s
 10816  8598     cutoff  135      7702.48000 4861.32267  36.9%   183 1833s
 10859  8758 5059.20755   27  287 7702.48000 4861.71474  36.9%   184 1865s
 11041  8785     cutoff  145      7702.48000 4861.86339  36.9%   184 1904s
 11074  8950 4882.87085   18  494 7702.48000 4861.86339  36.9%   184 1935s
 11262  9081 5976.25078   86   93 7702.48000 4863.62194  36.9%   184 1968s
 11388  9082 7238.10000  140    - 7702.48000 4864.36664  36.8%   184 1970s
 11411  9164 5300.15508   31  271 7702.48000 4864.36664  36.8%   185 2000s
 11492  9423 6303.07644   60   34 7702.48000 4864.51568  36.8%   185 2035s
 11783  9612 6633.56812   76   43 7702.48000 4865.74929  36.8%   185 2073s
 11870  9618 6194.71678   69   37 7702.48000 4865.74929  36.8%   184 2075s
 12011  9746 7591.28000  140    4 7702.48000 4867.10994  36.8%   184 2106s
 12160 10017 5257.95579   36  280 7702.48000 4867.17433  36.8%   185 2139s
 12188 10017 5328.92016   50  150 7702.48000 4867.17433  36.8%   185 2140s
 12450 10334 5682.27766   85   58 7702.48000 4867.73545  36.8%   184 2179s
 12506 10335 6001.50154  109    7 7702.48000 4867.73545  36.8%   184 2180s
 12853 10373 7390.33833  119   39 7702.48000 4869.40258  36.8%   181 2185s
 12901 10591     cutoff  180      7702.48000 4869.60593  36.8%   181 2220s
 13167 10700     cutoff  178      7702.48000 4870.16247  36.8%   180 2254s
 13269 10851 6122.85223   38  403 7702.48000 4871.22239  36.8%   181 2288s
 13345 10851 7387.06063  114    9 7702.48000 4871.22239  36.8%   181 2290s
 13454 10955 5251.25714   29  266 7702.48000 4871.86292  36.7%   181 2321s
H13504 10952                    7700.0600000 4871.86292  36.7%   182 2322s
 13551 11283 5543.28556   54  244 7700.06000 4871.94855  36.7%   183 2358s
 13636 11283 5866.40289   84   58 7700.06000 4871.94855  36.7%   182 2360s
 13945 11586 7483.39576  133   22 7700.06000 4872.21856  36.7%   181 2399s
 14007 11589 6264.04506   81  143 7700.06000 4872.21856  36.7%   181 2400s
 14365 11691     cutoff  161      7700.06000 4872.33831  36.7%   178 2433s
 14434 11926 6062.38770   53  199 7700.06000 4872.63434  36.7%   179 2464s
 14453 11926 6380.52541   72  164 7700.06000 4872.63434  36.7%   179 2465s
 14729 11986 7525.19000  158    - 7700.06000 4872.89589  36.7%   178 2498s
 14783 12046 5311.76749   33  372 7700.06000 4873.01048  36.7%   179 2527s
 14836 12076 5461.71443   42  307 7700.06000 4873.01048  36.7%   181 2555s
 14866 12078 5620.53032   49   92 7700.06000 4873.01048  36.7%   181 2600s
 14868 12371 5749.28171   50  235 7700.06000 4873.19666  36.7%   181 2637s
 14967 12371 6773.61081   88   55 7700.06000 4873.19666  36.7%   181 2640s
 15199 12536 4895.13303   20  607 7700.06000 4873.19666  36.7%   180 2679s
 15215 12536 6816.96656   81   66 7700.06000 4873.19666  36.7%   180 2680s
 15404 12615 5120.97801   29  489 7700.06000 4873.19666  36.7%   179 2711s
 15473 12759 5290.41928   43  262 7700.06000 4873.19666  36.7%   181 2743s
 15564 12759 6705.10069   80   50 7700.06000 4873.19666  36.7%   181 2745s
 15637 13023 5650.09756   72  122 7700.06000 4874.70211  36.7%   181 2780s
 15951 13164 7503.74887  161    8 7700.06000 4875.03160  36.7%   180 2813s
 16112 13233     cutoff  172      7700.06000 4875.78518  36.7%   180 2843s
 16198 13377 6107.96576   45  267 7700.06000 4876.32493  36.7%   181 2873s
 16378 13497     cutoff  134      7700.06000 4878.08232  36.6%   181 2907s
 16520 13594 5898.55838   73   20 7700.06000 4879.26979  36.6%   181 2939s
 16577 13598 6890.41500  123   17 7700.06000 4879.26979  36.6%   181 2940s
 16650 13765 7467.95000  132    - 7700.06000 4879.92466  36.6%   182 2973s
 16721 13772 5903.40608   52  129 7700.06000 4880.65620  36.6%   182 2975s
 16854 13856 7641.35000  142    - 7700.06000 4880.75358  36.6%   181 3006s
 16943 13898     cutoff  142      7700.06000 4881.12393  36.6%   182 3037s
 16996 13966     cutoff  143      7700.06000 4881.46564  36.6%   183 3067s
 17068 14201 5319.73967   48  160 7700.06000 4882.34725  36.6%   185 3103s
 17110 14201 5408.89618   76   15 7700.06000 4882.34725  36.6%   185 3105s
 17432 14333 7094.95667  130    5 7700.06000 4882.78701  36.6%   183 3141s
 17548 14496 infeasible  146      7700.06000 4883.18292  36.6%   184 3176s
 17752 14607     cutoff  123      7700.06000 4883.96861  36.6%   183 3215s
 17885 14731 5806.99028   42  331 7700.06000 4885.40022  36.6%   184 3247s
 18045 14805 5150.00021   20  567 7700.06000 4885.63135  36.6%   184 3279s
 18104 15027 5175.90971   29  376 7700.06000 4885.69262  36.5%   185 3312s
 18375 15225 6591.63000  129    8 7700.06000 4886.05184  36.5%   184 3349s
 18401 15228 5847.96781   40  300 7700.06000 4886.05184  36.5%   185 3350s
 18611 15303 6828.97000  131   14 7700.06000 4886.42362  36.5%   184 3385s
 18701 15426 6987.57345  132   22 7700.06000 4887.18920  36.5%   185 3420s
 18874 15581 7470.01000  141    - 7700.06000 4887.57737  36.5%   184 3456s
 19031 15619 7495.13000  141    - 7700.06000 4888.31393  36.5%   185 3490s
 19080 15774 5353.10346   36  210 7700.06000 4888.59577  36.5%   186 3520s
 19238 15917 6575.25357   98   33 7700.06000 4890.41514  36.5%   186 3553s
 19398 16067 6853.60000  112    - 7700.06000 4890.48023  36.5%   186 3589s
 19441 16073 6076.77097   54   52 7700.06000 4890.48023  36.5%   186 3590s
 19576 16117 6924.12659  112   33 7700.06000 4891.17624  36.5%   186 3600s

Cutting planes:
  User: 4284
  Gomory: 35
  Cover: 422
  Implied bound: 114
  Clique: 19
  MIR: 213
  StrongCG: 4
  Flow cover: 547
  Zero half: 44
  Network: 5
  RLT: 376
  Relax-and-lift: 13
  Lazy constraints: 7465

Explored 19637 nodes (3659203 simplex iterations) in 3600.89 seconds
Thread count was 2 (of 32 available processors)

Solution count 10: 7700.06 7702.48 7752.69 ... 8522.7

Time limit reached
Best objective 7.700060000000e+03, best bound 4.891455492693e+03, gap 36.4751%

User-callback calls 314840, time in user-callback 210.15 sec
================================================================================
executing instance: ./input/Instances/Original/5/absH3low_4n25.dat
--------------------------------------------------------------------------------
Instance details
n	26
H	3
C	2029
Li:
[0, 0, 0, 0, 0, 0, 0, 0, 0, 0, 0, 0, 0, 0, 0, 0, 0, 0, 0, 0, 0, 0, 0, 0, 0, 0, ]
Ui:
[0, 34, 165, 76, 88, 188, 58, 279, 52, 132, 198, 142, 135, 165, 186, 58, 201, 196, 40, 183, 32, 90, 168, 126, 93, 146, ]
Distance matrix:
|0	299	188	235	91	202	152	147	162	277	268	132	71	162	220	69	220	289	241	124	265	80	162	132	66	302	|
|299	0	468	431	282	142	317	425	443	569	193	178	359	302	422	231	93	28	511	325	457	242	434	215	240	601	|
|188	468	0	153	265	342	308	43	192	106	455	290	117	206	142	246	379	464	252	274	360	267	211	319	231	184	|
|235	431	153	0	326	289	386	145	321	240	482	269	184	129	15	258	339	436	393	355	477	305	336	354	237	334	|
|91	282	265	326	0	228	66	228	166	339	196	157	154	242	311	99	225	264	229	50	201	47	153	71	115	340	|
|202	142	342	289	228	0	285	301	363	447	255	73	245	161	281	139	53	151	440	278	428	181	360	187	136	495	|
|152	317	308	386	66	285	0	275	167	368	188	217	207	308	371	163	274	295	210	34	145	108	148	104	181	350	|
|147	425	43	145	228	301	275	0	179	146	415	248	76	172	131	203	337	421	248	242	341	227	195	279	188	211	|
|162	443	192	321	166	363	167	179	0	216	352	291	152	302	307	225	375	428	81	138	170	201	22	237	227	183	|
|277	569	106	240	339	447	368	146	216	0	535	391	210	312	232	341	481	562	245	335	381	352	238	402	329	106	|
|268	193	455	482	196	255	188	415	352	535	0	225	339	367	469	224	212	165	398	214	302	188	335	136	245	533	|
|132	178	290	269	157	73	217	248	291	391	225	0	183	145	258	66	91	175	367	207	358	110	287	127	67	431	|
|71	359	117	184	154	245	207	76	152	210	339	183	0	152	169	131	274	352	232	174	294	151	161	203	119	251	|
|162	302	206	129	242	161	308	172	302	312	367	145	152	0	120	153	210	308	383	284	426	208	309	249	132	383	|
|220	422	142	15	311	281	371	131	307	232	469	258	169	120	0	245	330	427	379	340	461	291	321	340	224	324	|
|69	231	246	258	99	139	163	203	225	341	224	66	131	153	245	0	152	222	301	147	299	57	221	97	22	371	|
|220	93	379	339	225	53	274	337	375	481	212	91	274	210	330	152	0	99	448	273	419	180	369	171	157	521	|
|289	28	464	436	264	151	295	421	428	562	165	175	352	308	427	222	99	0	493	305	434	227	418	196	234	590	|
|241	511	252	393	229	440	210	248	81	245	398	367	232	383	379	301	448	493	0	190	147	270	80	298	305	175	|
|124	325	274	355	50	278	34	242	138	335	214	207	174	284	340	147	273	305	190	0	152	97	122	110	162	320	|
|265	457	360	477	201	428	145	341	170	381	302	358	294	426	461	299	419	434	147	152	0	248	150	249	312	322	|
|80	242	267	305	47	181	108	227	201	352	188	110	151	208	291	57	180	227	270	97	248	0	192	52	76	366	|
|162	434	211	336	153	360	148	195	22	238	335	287	161	309	321	221	369	418	80	122	150	192	0	224	225	203	|
|132	215	319	354	71	187	104	279	237	402	136	127	203	249	340	97	171	196	298	110	249	52	224	0	118	409	|
|66	240	231	237	115	136	181	188	227	329	245	67	119	132	224	22	157	234	305	162	312	76	225	118	0	364	|
|302	601	184	334	340	495	350	211	183	106	533	431	251	383	324	371	521	590	175	320	322	366	203	409	364	0	|

--------------------------------------------------------------------------------
Building model...
	using lazy and cut (CVRPSEP package)
Solving IRP LP...
--------------------------------------------------------------------------------

Gurobi 9.1.0 (linux64) logging started Sun Jan 10 05:47:41 2021

Gurobi Optimizer version 9.1.0 build v9.1.0rc0 (linux64)
Thread count: 32 physical cores, 32 logical processors, using up to 2 threads
Optimize a model with 755 rows, 3488 columns and 8543 nonzeros
Model fingerprint: 0x85806187
Variable types: 329 continuous, 3159 integer (234 binary)
Coefficient statistics:
  Matrix range     [1e+00, 7e+02]
  Objective range  [1e-02, 6e+02]
  Bounds range     [1e+00, 3e+02]
  RHS range        [2e+01, 3e+03]
Presolve removed 173 rows and 299 columns
Presolve time: 0.04s
Presolved: 582 rows, 3189 columns, 7308 nonzeros
Variable types: 253 continuous, 2936 integer (2712 binary)

Root relaxation: objective 2.382505e+03, 751 iterations, 0.01 seconds

    Nodes    |    Current Node    |     Objective Bounds      |     Work
 Expl Unexpl |  Obj  Depth IntInf | Incumbent    BestBd   Gap | It/Node Time

     0     0 2382.50453    0   80          - 2382.50453      -     -    0s
     0     0 2583.22454    0   83          - 2583.22454      -     -    0s
     0     0 2588.48031    0   95          - 2588.48031      -     -    0s
     0     0 2953.95962    0  131          - 2953.95962      -     -    0s
     0     0 2988.26390    0  116          - 2988.26390      -     -    0s
     0     0 2993.41447    0  146          - 2993.41447      -     -    0s
     0     0 2993.80462    0  146          - 2993.80462      -     -    0s
     0     0 3128.03142    0  196          - 3128.03142      -     -    0s
     0     0 3138.30241    0  205          - 3138.30241      -     -    0s
     0     0 3142.86236    0  198          - 3142.86236      -     -    0s
     0     0 3143.77439    0  194          - 3143.77439      -     -    0s
     0     0 3157.20814    0  200          - 3157.20814      -     -    0s
     0     0 3158.67912    0  199          - 3158.67912      -     -    0s
     0     0 3158.77272    0  200          - 3158.77272      -     -    0s
     0     0 3212.48219    0  235          - 3212.48219      -     -    0s
     0     0 3220.43723    0  234          - 3220.43723      -     -    0s
     0     0 3229.50671    0  225          - 3229.50671      -     -    0s
     0     0 3231.37480    0  244          - 3231.37480      -     -    0s
     0     0 3231.46729    0  225          - 3231.46729      -     -    0s
     0     0 3269.75313    0  242          - 3269.75313      -     -    0s
     0     0 3273.60588    0  233          - 3273.60588      -     -    0s
     0     0 3275.31321    0  232          - 3275.31321      -     -    0s
     0     0 3275.34384    0  216          - 3275.34384      -     -    0s
     0     0 3286.59408    0  255          - 3286.59408      -     -    0s
     0     0 3290.34015    0  266          - 3290.34015      -     -    0s
     0     0 3291.49883    0  254          - 3291.49883      -     -    0s
     0     0 3304.47059    0  283          - 3304.47059      -     -    1s
     0     0 3308.97065    0  274          - 3308.97065      -     -    1s
     0     0 3309.26252    0  286          - 3309.26252      -     -    1s
     0     0 3315.38408    0  229          - 3315.38408      -     -    1s
     0     0 3316.38094    0  250          - 3316.38094      -     -    1s
     0     0 3321.38308    0  280          - 3321.38308      -     -    1s
     0     0 3321.38308    0  280          - 3321.38308      -     -    1s
     0     2 3326.88151    0  280          - 3326.88151      -     -    1s
H  226   209                    4930.2500000 3350.25562  32.0%   109    4s
H  233   188                    4849.2500000 3350.44036  30.9%   107    4s
