




arguments: ./build/mirp_solver -f ./input/orig_exec_135.cfg
Current dir: /scratch/gui/bnc_mirp
File verbosity level: 9
date       time         ( uptime  ) [ thread name/id ]                   file:line     v| 
2021-01-10 00:02:36.623 (   0.079s) [main thread     ]             loguru.cpp:789   INFO| Logging to './output/vi_hc1_quarter/OU/V3/Original/execution_10_01_2021_00_02_36.log', mode: 'a', verbosity: 9
--------------------------------------------------------------------------------
Parameters
                           instance_path           ./input/Instances/Original/4/
                            model_policy                                       1
                             nb_vehicles                                       3
                              output_dir ./output/vi_hc1_quarter/OU/V3/Original/
                            sec_strategy                                       1
                       solver_nb_threads                                       2
                         solver_show_log                                    true
                       solver_time_limit                                    3600
                              use_vi_cos                                   false
                              use_vi_cus                                   false
                         use_vi_hc1_full                                   false
                         use_vi_hc1_half                                   false
                      use_vi_hc1_quarter                                    true
                              use_vi_hc2                                   false
                              use_vi_hc3                                   false
                         use_vi_lex_full                                   false
                         use_vi_lex_half                                   false
                      use_vi_lex_quarter                                   false
                              use_vi_qua                                   false
                               use_vi_vc                                   false
                               use_vi_vr                                   false
--------------------------------------------------------------------------------
executing instance: ./input/Instances/Original/4/absH3low_3n30.dat
--------------------------------------------------------------------------------
Instance details
n	31
H	3
C	2841
Li:
[0, 0, 0, 0, 0, 0, 0, 0, 0, 0, 0, 0, 0, 0, 0, 0, 0, 0, 0, 0, 0, 0, 0, 0, 0, 0, 0, 0, 0, 0, 0, ]
Ui:
[0, 246, 98, 54, 144, 171, 192, 180, 165, 98, 122, 198, 297, 144, 130, 129, 219, 138, 142, 150, 108, 66, 64, 285, 180, 204, 276, 168, 240, 198, 122, ]
Distance matrix:
|0	172	56	166	260	198	42	197	296	110	91	112	238	275	323	183	330	232	175	181	162	191	232	280	201	139	356	185	266	216	26	|
|172	0	178	223	320	335	153	355	444	62	231	99	333	376	214	352	176	235	194	106	47	41	353	161	299	175	225	43	326	374	153	|
|56	178	0	110	204	162	93	233	336	125	144	148	187	226	358	180	313	284	123	152	182	185	282	252	256	88	329	177	210	251	42	|
|166	223	110	0	102	150	199	327	431	194	253	237	113	156	431	228	296	386	44	140	248	208	389	218	366	48	287	200	108	344	148	|
|260	320	204	102	0	156	296	391	493	296	340	339	66	90	531	263	362	486	127	226	349	300	469	278	454	148	334	292	6	406	245	|
|198	335	162	150	156	0	239	255	351	286	245	307	93	106	518	111	442	423	194	280	344	335	349	367	352	182	437	327	158	266	199	|
|42	153	93	199	296	239	0	203	296	91	82	76	278	316	284	217	322	191	201	186	133	180	217	281	177	165	356	175	302	222	52	|
|197	355	233	327	391	255	203	0	104	294	125	266	340	361	436	151	524	276	352	377	330	383	109	477	146	319	553	377	395	19	222	|
|296	444	336	431	493	351	296	104	0	384	214	348	440	456	488	241	617	315	456	476	412	475	113	575	176	422	651	470	497	88	322	|
|110	62	125	194	296	286	91	294	384	0	171	55	298	340	238	292	233	210	176	118	58	91	298	201	248	148	273	87	302	313	94	|
|91	231	144	253	340	245	82	125	214	171	0	141	307	339	324	184	403	187	266	266	204	261	140	363	114	230	438	256	346	144	116	|
|112	99	148	237	339	307	76	266	348	55	141	0	332	373	212	292	275	156	225	173	64	137	254	253	200	194	322	135	345	284	108	|
|238	333	187	113	66	93	278	340	440	298	307	332	0	43	536	203	404	469	153	253	354	321	427	322	420	160	385	313	67	353	229	|
|275	376	226	156	90	106	316	361	456	340	339	373	43	0	578	216	443	507	194	295	397	364	453	361	451	203	421	356	88	372	268	|
|323	214	358	431	531	518	284	436	488	238	324	212	536	578	0	498	309	176	407	320	183	245	376	344	312	383	379	251	537	451	319	|
|183	352	180	228	263	111	217	151	241	292	184	292	203	216	498	0	492	371	266	328	345	364	255	426	272	242	501	356	266	159	198	|
|330	176	313	296	362	442	322	524	617	233	403	275	404	443	309	492	0	397	253	164	218	142	529	84	475	260	72	147	367	543	306	|
|232	235	284	386	486	423	191	276	315	210	187	156	469	507	176	371	397	0	379	327	188	276	202	396	139	346	456	277	492	289	242	|
|175	194	123	44	127	194	201	352	456	176	266	225	153	194	407	266	253	379	0	101	225	174	405	174	375	36	244	166	133	370	152	|
|181	106	152	140	226	280	186	377	476	118	266	173	253	295	320	328	164	327	101	0	148	76	403	100	360	98	177	69	232	396	155	|
|162	47	182	248	349	344	133	330	412	58	204	64	354	397	183	345	218	188	225	148	0	89	316	208	259	201	270	90	355	348	149	|
|191	41	185	208	300	335	180	383	475	91	261	137	321	364	245	364	142	276	174	76	89	0	388	119	336	162	185	8	306	402	169	|
|232	353	282	389	469	349	217	109	113	298	140	254	427	453	376	255	529	202	405	403	316	388	0	497	64	369	570	384	474	112	256	|
|280	161	252	218	278	367	281	477	575	201	363	253	322	361	344	426	84	396	174	100	208	119	497	0	449	187	77	119	283	496	255	|
|201	299	256	366	454	352	177	146	176	248	114	200	420	451	312	272	475	139	375	360	259	336	64	449	0	339	521	333	460	156	223	|
|139	175	88	48	148	182	165	319	422	148	230	194	160	203	383	242	260	346	36	98	201	162	369	187	339	0	260	153	154	337	116	|
|356	225	329	287	334	437	356	553	651	273	438	322	385	421	379	501	72	456	244	177	270	185	570	77	521	260	0	187	338	572	331	|
|185	43	177	200	292	327	175	377	470	87	256	135	313	356	251	356	147	277	166	69	90	8	384	119	333	153	187	0	298	396	163	|
|266	326	210	108	6	158	302	395	497	302	346	345	67	88	537	266	367	492	133	232	355	306	474	283	460	154	338	298	0	410	251	|
|216	374	251	344	406	266	222	19	88	313	144	284	353	372	451	159	543	289	370	396	348	402	112	496	156	337	572	396	410	0	241	|
|26	153	42	148	245	199	52	222	322	94	116	108	229	268	319	198	306	242	152	155	149	169	256	255	223	116	331	163	251	241	0	|

--------------------------------------------------------------------------------
Building model...
	using lazy and cut (CVRPSEP package)
Solving IRP LP...
--------------------------------------------------------------------------------

Gurobi 9.1.0 (linux64) logging started Sun Jan 10 00:02:36 2021

Gurobi Optimizer version 9.1.0 build v9.1.0rc0 (linux64)
Thread count: 32 physical cores, 32 logical processors, using up to 2 threads
Optimize a model with 901 rows, 4858 columns and 11614 nonzeros
Model fingerprint: 0xe57607d7
Variable types: 394 continuous, 4464 integer (279 binary)
Coefficient statistics:
  Matrix range     [1e+00, 9e+02]
  Objective range  [1e-02, 7e+02]
  Bounds range     [1e+00, 3e+02]
  RHS range        [3e+01, 5e+03]
Presolve removed 218 rows and 370 columns
Presolve time: 0.07s
Presolved: 683 rows, 4488 columns, 10088 nonzeros
Variable types: 284 continuous, 4204 integer (3927 binary)

Root relaxation: objective 2.358779e+03, 736 iterations, 0.01 seconds

    Nodes    |    Current Node    |     Objective Bounds      |     Work
 Expl Unexpl |  Obj  Depth IntInf | Incumbent    BestBd   Gap | It/Node Time

     0     0 2358.77920    0   84          - 2358.77920      -     -    0s
     0     0 2546.98283    0   86          - 2546.98283      -     -    0s
     0     0 2562.32602    0   75          - 2562.32602      -     -    0s
     0     0 2562.61177    0   70          - 2562.61177      -     -    0s
     0     0 3119.77575    0  151          - 3119.77575      -     -    0s
     0     0 3169.41536    0  141          - 3169.41536      -     -    0s
     0     0 3169.41536    0  164          - 3169.41536      -     -    0s
     0     0 3259.06548    0  160          - 3259.06548      -     -    0s
     0     0 3263.52880    0  173          - 3263.52880      -     -    0s
     0     0 3263.91805    0  191          - 3263.91805      -     -    0s
     0     0 3417.99260    0  256          - 3417.99260      -     -    0s
     0     0 3430.57673    0  254          - 3430.57673      -     -    0s
     0     0 3433.15493    0  269          - 3433.15493      -     -    0s
     0     0 3446.13290    0  264          - 3446.13290      -     -    0s
     0     0 3454.19694    0  284          - 3454.19694      -     -    0s
     0     0 3468.61941    0  282          - 3468.61941      -     -    0s
     0     0 3469.34644    0  294          - 3469.34644      -     -    0s
     0     0 3493.69519    0  308          - 3493.69519      -     -    1s
     0     0 3498.09687    0  289          - 3498.09687      -     -    1s
     0     0 3498.37108    0  270          - 3498.37108      -     -    1s
     0     0 3508.67300    0  292          - 3508.67300      -     -    1s
     0     0 3508.67300    0  292          - 3508.67300      -     -    1s
     0     2 3510.98955    0  281          - 3510.98955      -     -    1s
   192   218 4365.03376   40  178          - 3510.98955      -   140    5s
   612   589 3807.71010    3  276          - 3517.71725      -  87.8   10s
   759   712 4929.92396   64  434          - 3670.60259      -  79.6   15s
   782   727 4582.10595   61  408          - 3679.84655      -  77.3   20s
   814   750 4798.80850   52  373          - 3680.08463      -  83.2   25s
   843   773 3772.00340   33  357          - 3714.32883      -  93.4   30s
H  931   799                    4685.6200000 3714.32883  20.7%   104   33s
H  967   782                    4558.6200000 3714.32883  18.5%   105   35s
H  979   741                    4491.2300000 3714.32883  17.3%   105   35s
H 1022   705                    4481.2300000 3735.88311  16.6%   113   38s
  1053   731 4211.51141   43  193 4481.23000 3735.88311  16.6%   119   40s
  1199   778 3952.27692   33  279 4481.23000 3735.96233  16.6%   125   45s
  1304   859 4440.15745   56   91 4481.23000 3735.96233  16.6%   133   50s
  1443   880 4122.67122   32  235 4481.23000 3747.91808  16.4%   138   55s
H 1471   864                    4478.2300000 3747.91808  16.3%   140   56s
  1658   932 4137.19854   31  207 4478.23000 3749.05011  16.3%   135   61s
  1770   989 4285.02294   48  147 4478.23000 3758.24168  16.1%   139   66s
  1897  1021 3956.65659   35  404 4478.23000 3760.23530  16.0%   141   71s
H 1936   913                    4417.6000000 3760.23530  14.9%   141   72s
  1984   927 4098.62114   35  214 4417.60000 3760.42495  14.9%   142   76s
* 2061   709              79    4313.3900000 3766.67077  12.7%   141   78s
  2091   702 4055.64329   33  349 4313.39000 3766.67077  12.7%   141   80s
  2175   709     cutoff   42      4313.39000 3776.14934  12.5%   147   86s
  2268   703 4068.59296   34  367 4313.39000 3791.07814  12.1%   151   91s
  2319   703 4068.73786   38  304 4313.39000 3797.87487  12.0%   154   95s
  2415   735 4305.70701   39  272 4313.39000 3806.08730  11.8%   160  101s
H 2478   678                    4278.0000000 3812.13715  10.9%   160  104s
  2525   697 4192.07292   43  217 4278.00000 3815.31358  10.8%   161  106s
  2615   749     cutoff   42      4278.00000 3834.55274  10.4%   164  111s
  2724   767 infeasible   33      4278.00000 3856.63011  9.85%   167  116s
  2803   786 4214.49700   39  203 4278.00000 3878.63933  9.34%   170  122s
  2870   803 4128.10162   33  337 4278.00000 3891.54864  9.03%   172  125s
  2961   851 4108.41970   39  257 4278.00000 3895.22224  8.95%   172  131s
  3062   889 4249.60235   41  341 4278.00000 3910.60359  8.59%   175  137s
  3120   911 4216.15681   51   45 4278.00000 3922.32618  8.31%   176  141s
  3254   971     cutoff   36      4278.00000 3937.02164  7.97%   178  148s
  3337   995     cutoff   48      4278.00000 3940.45266  7.89%   179  151s
  3410  1011 4226.35002   46  209 4278.00000 3946.85295  7.74%   181  155s
  3566  1048 4271.91381   39  316 4278.00000 3955.49221  7.54%   183  163s
  3628  1068 4142.93419   39  353 4278.00000 3962.92826  7.36%   185  167s
  3694  1092 4241.74771   40  235 4278.00000 3967.25870  7.26%   186  172s
  3773  1124 4245.79088   44  323 4278.00000 3972.81457  7.13%   187  177s
  3871  1148     cutoff   38      4278.00000 3973.81804  7.11%   188  181s
  3966  1164 4206.30589   42  261 4278.00000 3985.87373  6.83%   188  186s
  4047  1184 infeasible   39      4278.00000 3993.03347  6.66%   190  192s
  4124  1191 4261.19522   36  270 4278.00000 4000.49547  6.49%   192  197s
  4220  1213     cutoff   41      4278.00000 4006.24687  6.35%   193  203s
  4317  1252 4200.71930   44  254 4278.00000 4008.18773  6.31%   194  209s
  4446  1279 4246.56069   42  329 4278.00000 4012.87240  6.20%   195  214s
  4545  1311     cutoff   47      4278.00000 4014.91805  6.15%   195  221s
  4657  1344 4128.10642   38  356 4278.00000 4021.86762  5.99%   197  227s
  4782  1366 4162.30376   39  257 4278.00000 4025.20197  5.91%   198  233s
  4898  1397 4202.53478   48  339 4278.00000 4029.10955  5.82%   199  242s
  5020  1416 4230.90101   47  149 4278.00000 4038.26641  5.60%   200  249s
  5161  1417 4170.95936   33  292 4278.00000 4044.42129  5.46%   201  256s
  5293  1424     cutoff   37      4278.00000 4051.18681  5.30%   203  263s
  5412  1464 4183.83721   35  218 4278.00000 4057.56372  5.15%   205  271s
  5564  1476 4209.70204   41  256 4278.00000 4063.14809  5.02%   206  279s
  5699  1488 4189.71400   34  331 4278.00000 4068.40444  4.90%   207  287s
  5880  1492     cutoff   35      4278.00000 4071.09144  4.84%   207  296s
  6006  1511 4242.70802   40  176 4278.00000 4073.00203  4.79%   208  304s
  6096  1511 4237.29265   45  253 4278.00000 4076.34059  4.71%   208  305s
  6189  1510     cutoff   44      4278.00000 4076.77840  4.70%   209  313s
  6339  1530     cutoff   41      4278.00000 4083.45479  4.55%   210  322s
  6478  1523 4255.30602   37  348 4278.00000 4089.59507  4.40%   212  331s
  6648  1513 4164.83343   37  256 4278.00000 4094.32620  4.29%   213  339s
  6808  1511 4253.16753   46  203 4278.00000 4101.23702  4.13%   214  349s
  6967  1534 4240.66477   37  363 4278.00000 4107.67704  3.98%   214  358s
  7138  1517     cutoff   39      4278.00000 4111.29961  3.90%   214  367s
  7292  1523     cutoff   42      4278.00000 4116.86817  3.77%   215  376s
  7483  1542     cutoff   39      4278.00000 4122.71636  3.63%   215  385s
  7710  1525 4230.85778   45  194 4278.00000 4128.31099  3.50%   215  395s
  7852  1535 4235.23278   45  194 4278.00000 4133.96552  3.37%   216  404s
  8034  1516     cutoff   46      4278.00000 4136.87923  3.30%   216  413s
  8260  1521 4226.85368   38  231 4278.00000 4143.18683  3.15%   216  422s
  8463  1499 4265.71523   44  262 4278.00000 4147.81454  3.04%   215  430s
  8653  1475 4231.09034   38  315 4278.00000 4153.36844  2.91%   215  439s
  8822  1479 4203.24161   38  175 4278.00000 4158.59700  2.79%   216  448s
  9081  1469     cutoff   50      4278.00000 4163.27474  2.68%   214  457s
  9294  1423 4260.96522   41  194 4278.00000 4167.61403  2.58%   214  466s
  9495  1393     cutoff   53      4278.00000 4172.49120  2.47%   213  474s
  9597  1393 4223.03289   35   91 4278.00000 4178.47600  2.33%   213  475s
  9728  1360     cutoff   49      4278.00000 4178.49278  2.33%   212  483s
  9947  1326     cutoff   39      4278.00000 4182.73193  2.23%   212  492s
 10178  1307 4260.54447   43   89 4278.00000 4188.22569  2.10%   211  500s
 10500  1284 4239.73234   45   46 4278.00000 4193.05967  1.99%   208  508s
 10780  1192     cutoff   43      4278.00000 4197.47446  1.88%   207  516s
 11037  1127 4249.43597   48  142 4278.00000 4203.74719  1.74%   205  523s
 11315  1093     cutoff   48      4278.00000 4207.61191  1.65%   204  530s
 11622  1025     cutoff   47      4278.00000 4211.37114  1.56%   201  538s
 11929   910     cutoff   46      4278.00000 4216.33325  1.44%   199  544s
 12146   910 4267.01936   45   45 4278.00000 4216.33325  1.44%   197  545s
 12355   788     cutoff   39      4278.00000 4221.49200  1.32%   195  550s
 12647   654     cutoff   50      4278.00000 4226.50721  1.20%   193  555s
 12926   507     cutoff   40      4278.00000 4232.04810  1.07%   191  560s
 13255   345     cutoff   36      4278.00000 4238.41466  0.93%   188  565s
*13431   326              60    4272.4100000 4238.41466  0.80%   186  565s
 13842     0     cutoff   45      4272.41000 4254.42271  0.42%   183  570s

Cutting planes:
  User: 2809
  Gomory: 25
  Cover: 249
  Implied bound: 29
  Clique: 6
  MIR: 104
  StrongCG: 1
  Flow cover: 279
  Inf proof: 2
  Zero half: 15
  Network: 2
  RLT: 162
  Relax-and-lift: 4
  Lazy constraints: 358

Explored 14003 nodes (2536061 simplex iterations) in 570.29 seconds
Thread count was 2 (of 32 available processors)

Solution count 9: 4272.41 4278 4313.39 ... 4685.62

Optimal solution found (tolerance 1.00e-04)
Best objective 4.272410000000e+03, best bound 4.272410000000e+03, gap 0.0000%

User-callback calls 69732, time in user-callback 34.92 sec
================================================================================
executing instance: ./input/Instances/Original/4/absH3low_3n10.dat
--------------------------------------------------------------------------------
Instance details
n	11
H	3
C	687
Li:
[0, 0, 0, 0, 0, 0, 0, 0, 0, 0, 0, ]
Ui:
[0, 189, 44, 174, 78, 36, 198, 117, 42, 96, 240, ]
Distance matrix:
|0	209	255	286	142	156	285	317	182	161	135	|
|209	0	464	451	315	356	490	469	361	299	260	|
|255	464	0	221	202	130	74	280	189	254	273	|
|286	451	221	0	145	156	164	479	354	153	192	|
|142	315	202	145	0	73	194	388	250	53	73	|
|156	356	130	156	73	0	134	332	200	127	144	|
|285	490	74	164	194	134	0	353	256	239	267	|
|317	469	280	479	388	332	353	0	141	436	430	|
|182	361	189	354	250	200	256	141	0	296	289	|
|161	299	254	153	53	127	239	436	296	0	39	|
|135	260	273	192	73	144	267	430	289	39	0	|

--------------------------------------------------------------------------------
Building model...
	using lazy and cut (CVRPSEP package)
Solving IRP LP...
--------------------------------------------------------------------------------

Gurobi 9.1.0 (linux64) logging started Sun Jan 10 00:12:07 2021

Gurobi Optimizer version 9.1.0 build v9.1.0rc0 (linux64)
Thread count: 32 physical cores, 32 logical processors, using up to 2 threads
Optimize a model with 311 rows, 728 columns and 2054 nonzeros
Model fingerprint: 0x1c37d83b
Variable types: 134 continuous, 594 integer (99 binary)
Coefficient statistics:
  Matrix range     [1e+00, 2e+02]
  Objective range  [1e-02, 5e+02]
  Bounds range     [1e+00, 2e+02]
  RHS range        [2e+01, 1e+03]
Presolve removed 85 rows and 101 columns
Presolve time: 0.01s
Presolved: 226 rows, 627 columns, 1571 nonzeros
Variable types: 94 continuous, 533 integer (444 binary)
Found heuristic solution: objective 3551.6200000

Root relaxation: objective 1.501444e+03, 319 iterations, 0.01 seconds

    Nodes    |    Current Node    |     Objective Bounds      |     Work
 Expl Unexpl |  Obj  Depth IntInf | Incumbent    BestBd   Gap | It/Node Time

     0     0 1501.44377    0   38 3551.62000 1501.44377  57.7%     -    0s
H    0     0                    3496.1000000 1501.44377  57.1%     -    0s
     0     0 1725.45448    0   57 3496.10000 1725.45448  50.6%     -    0s
     0     0 1764.52095    0   50 3496.10000 1764.52095  49.5%     -    0s
     0     0 1769.30504    0   54 3496.10000 1769.30504  49.4%     -    0s
     0     0 1948.75160    0   48 3496.10000 1948.75160  44.3%     -    0s
     0     0 2056.98232    0   47 3496.10000 2056.98232  41.2%     -    0s
     0     0 2056.98232    0   48 3496.10000 2056.98232  41.2%     -    0s
     0     0 2135.50706    0   71 3496.10000 2135.50706  38.9%     -    0s
     0     0 2136.01007    0   63 3496.10000 2136.01007  38.9%     -    0s
     0     0 2202.93378    0   86 3496.10000 2202.93378  37.0%     -    0s
H    0     0                    3452.1000000 2202.93378  36.2%     -    0s
     0     0 2220.71454    0   86 3452.10000 2220.71454  35.7%     -    0s
     0     0 2220.80015    0   88 3452.10000 2220.80015  35.7%     -    0s
     0     0 2275.82044    0   86 3452.10000 2275.82044  34.1%     -    0s
     0     0 2291.41119    0   71 3452.10000 2291.41119  33.6%     -    0s
     0     0 2293.44247    0   92 3452.10000 2293.44247  33.6%     -    0s
     0     0 2294.78900    0   76 3452.10000 2294.78900  33.5%     -    0s
     0     0 2296.04077    0   95 3452.10000 2296.04077  33.5%     -    0s
     0     0 2296.06299    0   95 3452.10000 2296.06299  33.5%     -    0s
     0     0 2302.63945    0   99 3452.10000 2302.63945  33.3%     -    0s
H    0     0                    3342.1000000 2302.63945  31.1%     -    0s
H    0     0                    3059.1000000 2302.63945  24.7%     -    0s
     0     0 2304.00813    0   88 3059.10000 2304.00813  24.7%     -    0s
     0     0 2304.16021    0   94 3059.10000 2304.16021  24.7%     -    0s
     0     0 2307.28931    0  108 3059.10000 2307.28931  24.6%     -    0s
     0     0 2307.28931    0   97 3059.10000 2307.28931  24.6%     -    0s
H    0     0                    2792.1000000 2309.17080  17.3%     -    0s
     0     2 2309.17080    0   97 2792.10000 2309.17080  17.3%     -    0s
H   64    66                    2778.1000000 2373.95047  14.5%  45.5    0s
H   95    92                    2734.1000000 2373.95047  13.2%  36.3    0s
  2716    43     cutoff   11      2734.10000 2677.32658  2.08%  41.7    5s

Cutting planes:
  User: 117
  Gomory: 7
  Cover: 127
  Implied bound: 19
  Clique: 14
  MIR: 84
  Flow cover: 76
  Inf proof: 1
  Zero half: 3
  Network: 1
  RLT: 68
  Relax-and-lift: 2
  Lazy constraints: 12

Explored 2912 nodes (118453 simplex iterations) in 5.09 seconds
Thread count was 2 (of 32 available processors)

Solution count 8: 2734.1 2778.1 2792.1 ... 3551.62

Optimal solution found (tolerance 1.00e-04)
Best objective 2.734100000000e+03, best bound 2.734100000000e+03, gap 0.0000%

User-callback calls 6690, time in user-callback 0.90 sec
================================================================================
executing instance: ./input/Instances/Original/4/absH3low_3n15.dat
--------------------------------------------------------------------------------
Instance details
n	16
H	3
C	1267
Li:
[0, 0, 0, 0, 0, 0, 0, 0, 0, 0, 0, 0, 0, 0, 0, 0, ]
Ui:
[0, 156, 267, 148, 144, 87, 33, 171, 76, 141, 270, 282, 60, 110, 172, 57, ]
Distance matrix:
|0	229	567	76	58	96	306	409	310	423	108	346	165	347	159	256	|
|229	0	482	243	279	155	375	525	251	419	158	373	65	123	329	246	|
|567	482	0	506	622	483	342	439	259	200	467	274	486	433	501	312	|
|76	243	506	0	119	88	230	337	255	352	88	272	179	347	94	194	|
|58	279	622	119	0	154	345	431	366	471	166	391	217	399	179	310	|
|96	155	483	88	154	0	266	397	224	358	17	289	92	262	176	179	|
|306	375	342	230	345	266	0	158	184	148	251	68	332	423	181	140	|
|409	525	439	337	431	397	158	0	340	244	386	201	476	581	253	298	|
|310	251	259	255	366	224	184	340	0	170	208	146	238	257	274	66	|
|423	419	200	352	471	358	148	244	170	0	341	84	396	424	323	182	|
|108	158	467	88	166	17	251	386	208	341	0	273	96	259	172	162	|
|346	373	274	272	391	289	68	201	146	84	273	0	340	400	239	127	|
|165	65	486	179	217	92	332	476	238	396	96	340	0	182	267	216	|
|347	123	433	347	399	262	423	581	257	424	259	400	182	0	423	283	|
|159	329	501	94	179	176	181	253	274	323	172	239	267	423	0	208	|
|256	246	312	194	310	179	140	298	66	182	162	127	216	283	208	0	|

--------------------------------------------------------------------------------
Building model...
	using lazy and cut (CVRPSEP package)
Solving IRP LP...
--------------------------------------------------------------------------------

Gurobi 9.1.0 (linux64) logging started Sun Jan 10 00:12:12 2021

Gurobi Optimizer version 9.1.0 build v9.1.0rc0 (linux64)
Thread count: 32 physical cores, 32 logical processors, using up to 2 threads
Optimize a model with 463 rows, 1423 columns and 3769 nonzeros
Model fingerprint: 0x11a089dc
Variable types: 199 continuous, 1224 integer (144 binary)
Coefficient statistics:
  Matrix range     [1e+00, 4e+02]
  Objective range  [1e-02, 6e+02]
  Bounds range     [1e+00, 3e+02]
  RHS range        [1e+01, 2e+03]
Presolve removed 133 rows and 199 columns
Presolve time: 0.03s
Presolved: 330 rows, 1224 columns, 2944 nonzeros
Variable types: 133 continuous, 1091 integer (957 binary)

Root relaxation: objective 1.782037e+03, 447 iterations, 0.01 seconds

    Nodes    |    Current Node    |     Objective Bounds      |     Work
 Expl Unexpl |  Obj  Depth IntInf | Incumbent    BestBd   Gap | It/Node Time

     0     0 1782.03673    0   54          - 1782.03673      -     -    0s
H    0     0                    6606.5000000 1782.03673  73.0%     -    0s
H    0     0                    6103.9400000 1782.03673  70.8%     -    0s
H    0     0                    6051.9400000 1782.03673  70.6%     -    0s
     0     0 2033.88848    0   61 6051.94000 2033.88848  66.4%     -    0s
     0     0 2038.07238    0   68 6051.94000 2038.07238  66.3%     -    0s
     0     0 2038.54632    0   68 6051.94000 2038.54632  66.3%     -    0s
     0     0 2518.38824    0   60 6051.94000 2518.38824  58.4%     -    0s
H    0     0                    5664.9400000 2518.38824  55.5%     -    0s
     0     0 2530.52423    0   78 5664.94000 2530.52423  55.3%     -    0s
     0     0 2540.38120    0   63 5664.94000 2540.38120  55.2%     -    0s
     0     0 2607.40104    0  135 5664.94000 2607.40104  54.0%     -    0s
     0     0 2630.32241    0  138 5664.94000 2630.32241  53.6%     -    0s
     0     0 2630.85504    0  140 5664.94000 2630.85504  53.6%     -    0s
     0     0 2703.98035    0  144 5664.94000 2703.98035  52.3%     -    0s
     0     0 2713.92987    0  169 5664.94000 2713.92987  52.1%     -    0s
     0     0 2719.80111    0  173 5664.94000 2719.80111  52.0%     -    0s
     0     0 2720.90927    0  174 5664.94000 2720.90927  52.0%     -    0s
     0     0 2776.88340    0  118 5664.94000 2776.88340  51.0%     -    0s
H    0     0                    4181.8300000 2776.88340  33.6%     -    0s
     0     0 2777.26987    0  117 4181.83000 2777.26987  33.6%     -    0s
     0     0 2811.39342    0  157 4181.83000 2811.39342  32.8%     -    0s
H    0     0                    4180.8300000 2811.39342  32.8%     -    0s
     0     0 2813.55188    0  180 4180.83000 2813.55188  32.7%     -    0s
     0     0 2813.94254    0  163 4180.83000 2813.94254  32.7%     -    0s
     0     0 2821.37257    0  169 4180.83000 2821.37257  32.5%     -    0s
     0     0 2821.37257    0  169 4180.83000 2821.37257  32.5%     -    0s
     0     2 2823.85793    0  169 4180.83000 2823.85793  32.5%     -    0s
H   27    31                    4083.8300000 2862.95272  29.9%   115    0s
H   57    59                    4072.8300000 2862.95272  29.7%  90.6    1s
H  198   172                    3759.5600000 2864.27059  23.8%  55.6    1s
H  208   114                    3477.5600000 2864.27059  17.6%  54.3    1s
H  529   205                    3464.5600000 3083.28560  11.0%  86.0    3s
H  694   251                    3463.5200000 3105.99405  10.3%  86.0    4s
   712   266 3259.17474    5   70 3463.52000 3111.32932  10.2%  86.2    5s
H 1767   462                    3448.5200000 3257.37361  5.54%  74.3    9s
  1886   462     cutoff   17      3448.52000 3269.49341  5.19%  74.1   10s
H 2262   425                    3401.5600000 3293.52471  3.18%  72.7   11s

Cutting planes:
  User: 417
  Gomory: 3
  Cover: 110
  Implied bound: 14
  Clique: 11
  MIR: 82
  StrongCG: 2
  Flow cover: 94
  GUB cover: 1
  Zero half: 5
  RLT: 90
  Relax-and-lift: 3
  Lazy constraints: 91

Explored 3145 nodes (204810 simplex iterations) in 13.82 seconds
Thread count was 2 (of 32 available processors)

Solution count 10: 3401.56 3448.52 3463.52 ... 4181.83

Optimal solution found (tolerance 1.00e-04)
Best objective 3.401560000000e+03, best bound 3.401560000000e+03, gap 0.0000%

User-callback calls 8163, time in user-callback 1.92 sec
================================================================================
executing instance: ./input/Instances/Original/4/absH3low_2n45.dat
--------------------------------------------------------------------------------
Instance details
n	46
H	3
C	3171
Li:
[0, 0, 0, 0, 0, 0, 0, 0, 0, 0, 0, 0, 0, 0, 0, 0, 0, 0, 0, 0, 0, 0, 0, 0, 0, 0, 0, 0, 0, 0, 0, 0, 0, 0, 0, 0, 0, 0, 0, 0, 0, 0, 0, 0, 0, 0, ]
Ui:
[0, 246, 160, 78, 20, 87, 144, 40, 20, 82, 60, 96, 24, 136, 160, 108, 160, 26, 228, 51, 24, 240, 231, 70, 32, 105, 174, 114, 246, 126, 132, 76, 22, 42, 255, 132, 148, 162, 66, 111, 102, 240, 123, 201, 297, 78, ]
Distance matrix:
|0	148	402	550	329	420	187	318	366	280	504	273	233	333	112	344	379	481	113	593	159	523	261	424	90	359	163	461	413	240	105	299	265	89	371	462	339	273	495	22	41	439	369	506	563	468	|
|148	0	284	517	394	284	136	369	244	311	496	166	329	355	223	202	338	388	204	565	254	506	118	346	71	423	173	471	336	118	105	352	198	105	248	428	302	305	487	153	179	441	230	497	517	370	|
|402	284	0	350	448	80	228	406	42	343	382	129	456	350	412	126	219	131	382	395	410	371	180	137	314	466	289	400	137	167	389	401	169	316	39	280	217	342	373	394	414	362	108	380	324	106	|
|550	517	350	0	339	429	385	308	374	295	93	375	431	249	481	461	180	239	458	48	445	57	474	214	496	333	387	160	216	424	601	321	320	471	376	90	217	301	93	530	534	146	452	88	52	262	|
|329	394	448	339	0	513	282	42	438	105	255	363	115	108	221	484	259	431	217	365	172	289	436	362	333	30	224	189	353	380	423	47	291	296	443	285	240	107	251	307	294	193	495	260	378	437	|
|420	284	80	429	513	0	267	473	76	408	462	163	509	421	449	86	298	201	421	474	455	451	167	217	330	533	333	478	217	181	386	466	225	341	70	360	291	406	453	416	438	440	59	460	400	176	|
|187	136	228	385	282	267	0	249	199	186	360	104	248	224	184	214	207	294	155	432	189	371	155	237	113	308	68	336	227	101	216	236	78	98	205	296	168	181	350	174	190	305	231	360	390	283	|
|318	369	406	308	42	473	249	0	397	66	229	325	128	67	216	447	218	389	206	337	168	260	402	320	311	61	196	167	311	345	406	19	252	275	403	248	198	70	223	296	286	164	457	233	344	395	|
|366	244	42	374	438	76	199	397	0	332	397	96	436	346	383	90	228	168	354	420	385	389	139	161	277	458	263	408	158	128	349	391	150	282	6	298	218	331	388	359	380	370	78	395	352	144	|
|280	311	343	295	105	408	186	66	332	0	231	259	142	53	191	380	171	337	173	332	150	257	337	267	258	127	139	182	258	280	359	58	186	223	338	222	143	6	224	258	254	164	390	234	323	340	|
|504	496	382	93	255	462	360	229	397	231	0	375	356	180	422	478	173	293	403	110	381	36	474	248	463	245	345	68	246	419	568	244	308	433	400	104	200	237	9	482	482	67	474	5	142	312	|
|273	166	129	375	363	163	104	325	96	259	375	0	347	283	288	121	202	221	259	423	292	376	99	183	186	386	170	370	175	52	269	315	76	187	102	288	177	256	365	265	285	333	133	374	365	204	|
|233	329	456	431	115	509	248	128	436	142	356	347	0	181	121	462	311	472	128	463	76	386	398	403	260	141	180	294	392	349	334	111	287	224	442	362	280	139	350	212	194	289	479	360	463	472	|
|333	355	350	249	108	421	224	67	346	53	180	283	181	0	244	403	152	324	226	283	201	207	369	256	307	118	186	129	247	311	409	74	208	273	351	183	136	59	173	311	307	113	410	183	282	331	|
|112	223	412	481	221	449	184	216	383	191	422	288	121	244	0	387	327	461	30	521	49	447	313	396	152	250	125	371	385	273	214	196	249	121	389	400	288	185	415	91	74	355	408	425	503	454	|
|344	202	126	461	484	86	214	447	90	380	478	121	462	403	387	0	305	256	360	508	400	473	84	250	255	507	282	482	246	115	302	437	196	271	90	382	288	377	469	343	367	444	28	476	441	232	|
|379	338	219	180	259	298	207	218	228	171	173	202	311	152	327	305	0	172	301	227	300	174	302	105	318	270	217	180	97	249	423	221	141	296	232	90	40	173	164	361	368	142	303	172	184	180	|
|481	388	131	239	431	201	294	389	168	337	293	221	472	324	461	256	172	0	432	280	446	273	300	70	400	442	337	330	80	271	490	391	217	391	167	191	194	339	286	468	483	294	239	289	203	26	|
|113	204	382	458	217	421	155	206	354	173	403	259	128	226	30	360	301	432	0	499	52	426	287	367	133	246	95	355	356	246	208	187	219	100	360	376	261	167	395	90	81	337	381	406	478	425	|
|593	565	395	48	365	474	432	337	420	332	110	423	463	283	521	508	227	280	499	0	482	77	521	260	542	356	431	178	262	472	647	352	368	516	422	137	264	338	114	573	576	174	499	106	78	304	|
|159	254	410	445	172	455	189	168	385	150	381	292	76	201	49	400	300	446	52	482	0	407	331	378	184	201	122	327	367	286	258	149	242	150	391	367	263	144	374	137	122	314	419	384	470	441	|
|523	506	371	57	289	451	371	260	389	257	36	376	386	207	447	473	174	273	426	77	407	0	475	234	477	280	363	104	234	422	583	275	313	449	392	91	205	263	38	503	504	97	468	31	108	294	|
|261	118	180	474	436	167	155	402	139	337	474	99	398	369	313	84	302	300	287	521	331	475	0	275	173	462	220	465	268	58	219	390	168	193	142	388	275	333	464	261	286	430	111	473	462	279	|
|424	346	137	214	362	217	237	320	161	267	248	183	403	256	396	250	105	70	367	260	378	234	275	0	348	374	274	274	11	234	444	321	159	335	163	145	124	269	239	409	422	237	239	245	191	76	|
|90	71	314	496	333	330	113	311	277	258	463	186	260	307	152	255	318	400	133	542	184	477	173	348	0	362	121	430	338	150	106	293	190	37	282	406	279	252	454	88	113	403	280	464	502	386	|
|359	423	466	333	30	533	308	61	458	127	245	386	141	118	250	507	270	442	246	356	201	280	462	374	362	0	252	178	365	406	453	73	313	325	463	286	254	130	242	336	324	187	517	250	374	449	|
|163	173	289	387	224	333	68	196	263	139	345	170	180	186	125	282	217	337	95	431	122	363	220	274	121	252	0	310	263	168	225	180	124	88	269	300	177	133	337	144	152	284	299	347	400	330	|
|461	471	400	160	189	478	336	167	408	182	68	370	294	129	371	482	180	330	355	178	327	104	465	274	430	178	310	0	269	408	534	184	297	398	412	142	194	188	66	439	436	38	482	73	206	345	|
|413	336	137	216	353	217	227	311	158	258	246	175	392	247	385	246	97	80	356	262	367	234	268	11	338	365	263	269	0	226	434	312	149	324	160	143	115	259	237	399	411	232	237	243	196	84	|
|240	118	167	424	380	181	101	345	128	280	419	52	349	311	273	115	249	271	246	472	286	422	58	234	150	406	168	408	226	0	223	333	111	160	133	336	219	276	409	235	258	373	136	418	416	252	|
|105	105	389	601	423	386	216	406	349	359	568	269	334	409	214	302	423	490	208	647	258	583	219	444	106	453	225	534	434	223	0	388	289	137	353	511	384	353	559	123	145	508	330	570	606	473	|
|299	352	401	321	47	466	236	19	391	58	244	315	111	74	196	437	221	391	187	352	149	275	390	321	293	73	180	184	312	333	388	0	243	257	396	258	197	60	238	276	267	178	448	248	355	395	|
|265	198	169	320	291	225	78	252	150	186	308	76	287	208	249	196	141	217	219	368	242	313	168	159	190	313	124	297	149	111	289	243	0	176	156	231	109	183	299	251	266	262	205	308	319	207	|
|89	105	316	471	296	341	98	275	282	223	433	187	224	273	121	271	296	391	100	516	150	449	193	335	37	325	88	398	324	160	137	257	176	0	287	382	256	217	424	78	98	372	295	434	480	379	|
|371	248	39	376	443	70	205	403	6	338	400	102	442	351	389	90	232	167	360	422	391	392	142	163	282	463	269	412	160	133	353	396	156	287	0	301	222	336	391	365	386	374	77	398	353	143	|
|462	428	280	90	285	360	296	248	298	222	104	288	362	183	400	382	90	191	376	137	367	91	388	145	406	286	300	142	143	336	511	258	231	382	301	0	127	226	96	443	448	110	376	100	103	209	|
|339	302	217	217	240	291	168	198	218	143	200	177	280	136	288	288	40	194	261	264	263	205	275	124	279	254	177	194	115	219	384	197	109	256	222	127	0	145	190	321	328	157	289	199	224	198	|
|273	305	342	301	107	406	181	70	331	6	237	256	139	59	185	377	173	339	167	338	144	263	333	269	252	130	133	188	259	276	353	60	183	217	336	226	145	0	230	251	248	170	388	240	328	341	|
|495	487	373	93	251	453	350	223	388	224	9	365	350	173	415	469	164	286	395	114	374	38	464	239	454	242	337	66	237	409	559	238	299	424	391	96	190	230	0	474	474	61	465	11	141	305	|
|22	153	394	530	307	416	174	296	359	258	482	265	212	311	91	343	361	468	90	573	137	503	261	409	88	336	144	439	399	235	123	276	251	78	365	443	321	251	474	0	26	418	367	485	544	456	|
|41	179	414	534	294	438	190	286	380	254	482	285	194	307	74	367	368	483	81	576	122	504	286	422	113	324	152	436	411	258	145	267	266	98	386	448	328	248	474	26	0	416	391	484	550	472	|
|439	441	362	146	193	440	305	164	370	164	67	333	289	113	355	444	142	294	337	174	314	97	430	237	403	187	284	38	232	373	508	178	262	372	374	110	157	170	61	418	416	0	444	71	187	309	|
|369	230	108	452	495	59	231	457	78	390	474	133	479	410	408	28	303	239	381	499	419	468	111	239	280	517	299	482	237	136	330	448	205	295	77	376	289	388	465	367	391	444	0	472	429	214	|
|506	497	380	88	260	460	360	233	395	234	5	374	360	183	425	476	172	289	406	106	384	31	473	245	464	250	347	73	243	418	570	248	308	434	398	100	199	240	11	485	484	71	472	0	137	309	|
|563	517	324	52	378	400	390	344	352	323	142	365	463	282	503	441	184	203	478	78	470	108	462	191	502	374	400	206	196	416	606	355	319	480	353	103	224	328	141	544	550	187	429	137	0	228	|
|468	370	106	262	437	176	283	395	144	340	312	204	472	331	454	232	180	26	425	304	441	294	279	76	386	449	330	345	84	252	473	395	207	379	143	209	198	341	305	456	472	309	214	309	228	0	|

--------------------------------------------------------------------------------
Building model...
	using lazy and cut (CVRPSEP package)
Solving IRP LP...
--------------------------------------------------------------------------------

Gurobi 9.1.0 (linux64) logging started Sun Jan 10 00:12:26 2021

Gurobi Optimizer version 9.1.0 build v9.1.0rc0 (linux64)
Thread count: 32 physical cores, 32 logical processors, using up to 2 threads
Optimize a model with 1345 rows, 10318 columns and 23623 nonzeros
Model fingerprint: 0xc1b0f094
Variable types: 589 continuous, 9729 integer (414 binary)
Coefficient statistics:
  Matrix range     [1e+00, 1e+03]
  Objective range  [1e-02, 6e+02]
  Bounds range     [1e+00, 3e+02]
  RHS range        [1e+01, 5e+03]
Presolve removed 301 rows and 538 columns
Presolve time: 0.09s
Presolved: 1044 rows, 9780 columns, 21417 nonzeros
Variable types: 440 continuous, 9340 integer (8922 binary)

Root relaxation: objective 2.639335e+03, 1301 iterations, 0.04 seconds

    Nodes    |    Current Node    |     Objective Bounds      |     Work
 Expl Unexpl |  Obj  Depth IntInf | Incumbent    BestBd   Gap | It/Node Time

     0     0 2639.33460    0  141          - 2639.33460      -     -    0s
     0     0 2981.87464    0  197          - 2981.87464      -     -    0s
     0     0 2988.23474    0  184          - 2988.23474      -     -    0s
     0     0 2988.95824    0  192          - 2988.95824      -     -    0s
     0     0 3476.98597    0  233          - 3476.98597      -     -    0s
     0     0 3511.22284    0  219          - 3511.22284      -     -    0s
     0     0 3513.13264    0  218          - 3513.13264      -     -    0s
     0     0 3528.40232    0  223          - 3528.40232      -     -    1s
     0     0 3529.07932    0  236          - 3529.07932      -     -    1s
     0     0 3683.17152    0  210          - 3683.17152      -     -    1s
     0     0 3690.41915    0  235          - 3690.41915      -     -    1s
     0     0 3690.94090    0  210          - 3690.94090      -     -    1s
     0     0 3824.93397    0  298          - 3824.93397      -     -    1s
     0     0 3832.91782    0  242          - 3832.91782      -     -    1s
     0     0 3834.44242    0  270          - 3834.44242      -     -    1s
     0     0 3883.34335    0  204          - 3883.34335      -     -    2s
     0     0 3889.45060    0  308          - 3889.45060      -     -    2s
     0     0 3899.67818    0  316          - 3899.67818      -     -    2s
     0     0 3902.37776    0  274          - 3902.37776      -     -    2s
     0     0 3904.68397    0  254          - 3904.68397      -     -    2s
