




arguments: ./build/bc_mirp -f ./input/orig_exec_136.cfg
Current dir: /scratch/gui/bc_mirp
File verbosity level: 9
date       time         ( uptime  ) [ thread name/id ]                   file:line     v| 
2021-02-08 00:09:45.867 (   0.163s) [main thread     ]             loguru.cpp:789   INFO| Logging to './output/vi_vc+hc1_quarter/OU/V5/Original/execution_08_02_2021_00_09_45.log', mode: 'a', verbosity: 9
--------------------------------------------------------------------------------
Parameters
                           instance_path           ./input/Instances/Original/3/
                            model_policy                                       1
                             nb_vehicles                                       5
                              output_dir./output/vi_vc+hc1_quarter/OU/V5/Original/
                            sec_strategy                                       1
                       solver_nb_threads                                       2
                         solver_show_log                                    true
                       solver_time_limit                                    3600
                              use_vi_cos                                   false
                              use_vi_cus                                   false
                         use_vi_hc1_full                                   false
                         use_vi_hc1_half                                   false
                      use_vi_hc1_quarter                                    true
                              use_vi_hc2                                   false
                              use_vi_hc3                                   false
                         use_vi_lex_full                                   false
                         use_vi_lex_half                                   false
                      use_vi_lex_quarter                                   false
                              use_vi_qua                                   false
                               use_vi_vc                                    true
                               use_vi_vr                                   false
--------------------------------------------------------------------------------
executing instance: ./input/Instances/Original/3/absH3low_2n5.dat
--------------------------------------------------------------------------------
Instance details
n	6
H	3
C	237
Li:
[0, 0, 0, 0, 0, 0, ]
Ui:
[0, 93, 180, 51, 114, 24, ]
Distance matrix:
|0	170	318	35	112	235	|
|170	0	311	205	258	301	|
|318	311	0	326	278	137	|
|35	205	326	0	89	230	|
|112	258	278	89	0	160	|
|235	301	137	230	160	0	|

--------------------------------------------------------------------------------
Building model...
	using lazy and cut (CVRPSEP package)
Solving IRP LP...
--------------------------------------------------------------------------------

Gurobi 9.1.0 (linux64) logging started Mon Feb  8 00:09:46 2021

Gurobi Optimizer version 9.1.0 build v9.1.0rc0 (linux64)
Thread count: 32 physical cores, 32 logical processors, using up to 2 threads
Optimize a model with 264 rows, 414 columns and 1404 nonzeros
Model fingerprint: 0xe4e466fe
Variable types: 99 continuous, 315 integer (90 binary)
Coefficient statistics:
  Matrix range     [1e+00, 2e+02]
  Objective range  [1e-02, 3e+02]
  Bounds range     [1e+00, 2e+02]
  RHS range        [1e+00, 5e+02]
Presolve removed 24 rows and 46 columns
Presolve time: 0.01s

Explored 0 nodes (0 simplex iterations) in 0.01 seconds
Thread count was 1 (of 32 available processors)

Solution count 0

Model is infeasible
Best objective -, best bound -, gap -

User-callback calls 34, time in user-callback 0.00 sec

Computing Irreducible Inconsistent Subsystem (IIS)...

           Constraints          |            Bounds           |  Runtime
      Min       Max     Guess   |   Min       Max     Guess   |
--------------------------------------------------------------------------
        0       264         -         0       569         -           0s
       36        36         -        61        61         -           1s

IIS computed: 36 constraints, 61 bounds
IIS runtime: 0.57 seconds
================================================================================
executing instance: ./input/Instances/Original/3/absH3high_5n30.dat
--------------------------------------------------------------------------------
Instance details
n	31
H	3
C	2296
Li:
[0, 0, 0, 0, 0, 0, 0, 0, 0, 0, 0, 0, 0, 0, 0, 0, 0, 0, 0, 0, 0, 0, 0, 0, 0, 0, 0, 0, 0, 0, 0, ]
Ui:
[0, 80, 90, 297, 28, 264, 123, 192, 112, 32, 72, 88, 294, 129, 126, 105, 110, 237, 246, 92, 72, 147, 54, 96, 128, 96, 84, 28, 74, 196, 192, ]
Distance matrix:
|0	87	302	65	389	171	219	120	412	339	129	63	169	401	383	158	393	161	246	275	64	287	345	235	13	274	106	201	85	358	135	|
|87	0	334	128	402	212	301	204	465	384	187	145	232	424	454	238	475	245	289	352	80	307	352	321	81	352	20	261	170	376	215	|
|302	334	0	239	113	132	237	334	157	70	404	263	162	105	227	229	339	251	65	217	259	53	107	352	293	220	339	134	270	75	235	|
|65	128	239	0	330	107	175	130	348	275	174	40	107	339	326	114	351	125	181	224	58	228	290	222	58	224	143	138	65	297	92	|
|389	402	113	330	0	226	349	438	210	151	502	360	269	48	316	339	441	362	175	328	335	102	55	465	377	330	401	245	371	37	342	|
|171	212	132	107	226	0	169	214	253	173	276	134	64	233	261	130	326	153	77	188	133	125	192	264	162	190	220	68	145	193	125	|
|219	301	237	175	349	169	0	157	257	223	244	157	105	334	180	62	175	61	177	63	233	264	334	118	221	61	317	112	136	312	85	|
|120	204	334	130	438	214	157	0	402	348	88	90	173	438	336	115	307	100	269	220	172	338	406	122	130	218	224	204	69	403	101	|
|412	465	157	348	210	253	257	402	0	88	486	359	245	166	129	287	266	303	178	204	386	208	239	370	406	207	473	212	354	187	304	|
|339	384	70	275	151	173	223	348	88	0	427	291	179	120	166	234	290	254	96	187	306	123	166	342	332	190	391	145	291	119	247	|
|129	187	404	174	502	276	244	88	486	427	0	142	248	508	424	200	390	187	342	308	193	400	464	192	142	306	207	281	136	469	182	|
|63	145	263	40	360	134	157	90	359	291	142	0	114	366	321	95	331	99	202	212	90	258	323	186	65	211	163	148	27	327	72	|
|169	232	162	107	269	64	105	173	245	179	248	114	0	266	222	71	268	94	97	131	155	173	244	203	164	132	245	34	113	233	73	|
|401	424	105	339	48	233	334	438	166	120	508	366	266	0	280	332	409	355	169	305	353	117	96	452	391	308	425	237	374	49	339	|
|383	454	227	326	316	261	180	336	129	166	424	321	222	280	0	231	137	238	208	116	376	277	331	272	381	118	467	197	307	285	253	|
|158	238	229	114	339	130	62	115	287	234	200	95	71	332	231	0	238	23	164	118	171	243	314	134	159	117	255	95	77	302	23	|
|393	475	339	351	441	326	175	307	266	290	390	331	268	409	137	238	0	232	300	138	408	383	445	204	395	136	492	258	308	406	260	|
|161	245	251	125	362	153	61	100	303	254	187	99	94	355	238	23	232	0	187	123	183	267	338	111	164	121	262	117	77	325	34	|
|246	289	65	181	175	77	177	269	178	96	342	202	97	169	208	164	300	187	0	168	210	87	157	290	238	171	296	70	206	138	170	|
|275	352	217	224	328	188	63	220	204	187	308	212	131	305	116	118	138	123	168	0	279	255	322	166	275	3	367	120	195	291	141	|
|64	80	259	58	335	133	233	172	386	306	193	90	155	353	376	171	408	183	210	279	0	236	289	276	51	279	90	182	117	307	150	|
|287	307	53	228	102	125	264	338	208	123	400	258	173	117	277	243	383	267	87	255	236	0	71	374	276	257	308	153	270	71	245	|
|345	352	107	290	55	192	334	406	239	166	464	323	244	96	331	314	445	338	157	322	289	71	0	445	334	325	350	224	337	54	315	|
|235	321	352	222	465	264	118	122	370	342	192	186	203	452	272	134	204	111	290	166	276	374	445	0	243	164	341	221	159	428	142	|
|13	81	293	58	377	162	221	130	406	332	142	65	164	391	381	159	395	164	238	275	51	276	334	243	0	274	100	196	89	347	136	|
|274	352	220	224	330	190	61	218	207	190	306	211	132	308	118	117	136	121	171	3	279	257	325	164	274	0	367	122	194	294	140	|
|106	20	339	143	401	220	317	224	473	391	207	163	245	425	467	255	492	262	296	367	90	308	350	341	100	367	0	272	188	377	232	|
|201	261	134	138	245	68	112	204	212	145	281	148	34	237	197	95	258	117	70	120	182	153	224	221	196	122	272	0	146	208	103	|
|85	170	270	65	371	145	136	69	354	291	136	27	113	374	307	77	308	77	206	195	117	270	337	159	89	194	188	146	0	337	54	|
|358	376	75	297	37	193	312	403	187	119	469	327	233	49	285	302	406	325	138	291	307	71	54	428	347	294	377	208	337	0	306	|
|135	215	235	92	342	125	85	101	304	247	182	72	73	339	253	23	260	34	170	141	150	245	315	142	136	140	232	103	54	306	0	|

--------------------------------------------------------------------------------
Building model...
	using lazy and cut (CVRPSEP package)
Solving IRP LP...
--------------------------------------------------------------------------------

Gurobi 9.1.0 (linux64) logging started Mon Feb  8 00:09:46 2021

Gurobi Optimizer version 9.1.0 build v9.1.0rc0 (linux64)
Thread count: 32 physical cores, 32 logical processors, using up to 2 threads
Optimize a model with 1411 rows, 8014 columns and 19606 nonzeros
Model fingerprint: 0x380ad89d
Variable types: 574 continuous, 7440 integer (465 binary)
Coefficient statistics:
  Matrix range     [1e+00, 5e+02]
  Objective range  [1e-01, 5e+02]
  Bounds range     [1e+00, 3e+02]
  RHS range        [1e+00, 4e+03]
Presolve removed 417 rows and 1105 columns
Presolve time: 0.10s
Presolved: 994 rows, 6909 columns, 15702 nonzeros
Variable types: 341 continuous, 6568 integer (6133 binary)

Root relaxation: objective 9.106325e+03, 1256 iterations, 0.04 seconds

    Nodes    |    Current Node    |     Objective Bounds      |     Work
 Expl Unexpl |  Obj  Depth IntInf | Incumbent    BestBd   Gap | It/Node Time

     0     0 9106.32533    0  111          - 9106.32533      -     -    0s
     0     0 9389.59124    0  111          - 9389.59124      -     -    0s
     0     0 9396.87575    0  104          - 9396.87575      -     -    0s
     0     0 9730.80672    0  200          - 9730.80672      -     -    0s
     0     0 9750.65511    0  201          - 9750.65511      -     -    0s
     0     0 9750.66372    0  201          - 9750.66372      -     -    0s
     0     0 9929.16046    0  230          - 9929.16046      -     -    1s
     0     0 9940.36894    0  228          - 9940.36894      -     -    1s
     0     0 9941.11274    0  225          - 9941.11274      -     -    1s
     0     0 9941.21373    0  223          - 9941.21373      -     -    1s
     0     0 10039.7163    0  247          - 10039.7163      -     -    1s
     0     0 10047.7903    0  273          - 10047.7903      -     -    1s
     0     0 10047.9877    0  288          - 10047.9877      -     -    1s
     0     0 10070.8708    0  264          - 10070.8708      -     -    1s
     0     0 10072.5070    0  300          - 10072.5070      -     -    1s
     0     0 10072.9729    0  353          - 10072.9729      -     -    1s
     0     0 10082.3266    0  385          - 10082.3266      -     -    1s
     0     0 10082.3266    0  366          - 10082.3266      -     -    2s
     0     2 10088.5242    0  362          - 10088.5242      -     -    2s
    47    52 10377.8348   15  355          - 10102.3216      -   320    5s
   157   164 10749.1658   53  271          - 10102.3216      -   294   10s
   298   305 11723.7729  104  175          - 10102.3216      -   257   15s
   714   751 15361.9600  283    5          - 10102.3216      -   148   20s
*  779   761             191    14800.550000 10102.3216  31.7%   137   20s
*  786   735             190    14760.550000 10116.5854  31.5%   141   21s
   795   731 10271.1314   16  129 14760.5500 10116.5854  31.5%   146   25s
   815   745 13017.7822  132  377 14760.5500 10161.8894  31.2%   143   30s
   832   756 11721.3493   87  506 14760.5500 10174.7285  31.1%   140   35s
   839   764 10183.8561   14  408 14760.5500 10177.4612  31.0%   154   40s
   847   769 10247.8454   16  319 14760.5500 10203.8200  30.9%   158   45s
   872   787 10475.3557   23  381 14760.5500 10224.3216  30.7%   171   50s
   901   808 10565.3247   31  421 14760.5500 10224.3216  30.7%   183   55s
   942   840 10871.8156   41  348 14760.5500 10224.3216  30.7%   194   60s
   984   863 11318.8996   51  262 14760.5500 10224.3216  30.7%   202   65s
  1029   901 11495.2690   63  203 14760.5500 10224.3216  30.7%   208   70s
  1092   932 11766.8591   80  241 14760.5500 10224.3216  30.7%   214   75s
  1150  1002 11938.5800   97  189 14760.5500 10224.3216  30.7%   218   80s
  1327  1094 13203.4610  168   18 14760.5500 10224.3216  30.7%   207   85s
  1509  1228 10364.3068   19  434 14760.5500 10224.3246  30.7%   197   90s
  1596  1216 10353.2375   25  388 14760.5500 10224.3246  30.7%   199   96s
  1619  1233 10486.6709   32  272 14760.5500 10224.3246  30.7%   207  100s
  1658  1261 10646.4960   43  213 14760.5500 10224.3246  30.7%   216  105s
  1709  1305 11329.2322   59  117 14760.5500 10224.3246  30.7%   223  111s
  1751  1336 11629.0225   75  169 14760.5500 10224.3246  30.7%   227  115s
  1840  1404 12169.8818  102  153 14760.5500 10224.3246  30.7%   229  121s
  1931  1472 12538.1672  129  126 14760.5500 10224.3246  30.7%   229  126s
  2014  1625 12793.8840  157   85 14760.5500 10224.3246  30.7%   227  132s
* 2117  1451             208    13241.910000 10224.3246  22.8%   220  132s
  2215  1480 10415.6887   19  408 13241.9100 10224.6699  22.8%   216  137s
  2276  1532 10431.0221   22  360 13241.9100 10224.6699  22.8%   214  140s
  2450  1610 10574.4812   29  243 13241.9100 10224.6699  22.8%   206  146s
  2528  1606 10757.4275   34  340 13241.9100 10224.6699  22.8%   208  151s
  2563  1651 10982.6495   52  294 13241.9100 10224.6699  22.8%   210  156s
  2592  1656 11068.4578   68  187 13241.9100 10224.6699  22.8%   212  160s
  2659  1747 11772.8649   87  166 13241.9100 10224.6699  22.8%   213  166s
  2720  1760 11461.2006  101  241 13241.9100 10224.6699  22.8%   213  170s
  2857  1907 11658.1603  126  161 13241.9100 10224.6699  22.8%   211  177s
  2973  1967 12039.2072  162  112 13241.9100 10224.6699  22.8%   208  182s
  3072  2105 12609.9679  198  123 13241.9100 10224.6699  22.8%   206  186s
  3225  2140     cutoff  271      13241.9100 10237.3031  22.7%   201  190s
  3345  2206 10805.2043   37  325 13241.9100 10237.3031  22.7%   202  199s
  3374  2206 10474.3797   17  476 13241.9100 10237.3031  22.7%   203  200s
  3494  2336     cutoff  159      13241.9100 10247.8557  22.6%   202  209s
  3533  2350 10670.7288   23  445 13241.9100 10247.9772  22.6%   204  213s
  3547  2358 10522.5795   24  409 13241.9100 10247.9772  22.6%   206  218s
  3555  2373 10622.9366   26  375 13241.9100 10247.9772  22.6%   208  221s
  3570  2381 10750.2470   31  386 13241.9100 10247.9772  22.6%   211  225s
  3606  2444 10894.0465   47  235 13241.9100 10247.9772  22.6%   214  233s
  3641  2486 11004.3715   55  216 13241.9100 10247.9772  22.6%   216  237s
  3683  2526 11342.2792   64  145 13241.9100 10247.9772  22.6%   218  242s
  3723  2603 11487.7304   68  203 13241.9100 10247.9772  22.6%   220  247s
  3800  2699 12084.0921   81  106 13241.9100 10247.9772  22.6%   220  254s
  3896  2799 12336.7120   92  114 13241.9100 10247.9772  22.6%   218  261s
  3996  3029 12814.6820  114  129 13241.9100 10248.0088  22.6%   216  269s
  4039  3029 12984.7824  135  118 13241.9100 10248.0088  22.6%   215  270s
  4297  3037 10524.4800   20  378 13241.9100 10255.6548  22.6%   208  276s
  4305  3049 10797.6374   22  192 13241.9100 10255.6548  22.6%   211  280s
  4317  3070 10563.3036   23  525 13241.9100 10255.6548  22.6%   213  285s
  4338  3096 11366.3731   28  167 13241.9100 10255.6548  22.6%   216  291s
  4364  3135 11131.5711   34  279 13241.9100 10255.6548  22.6%   218  296s
  4403  3300 12118.6873   45  203 13241.9100 10255.7060  22.6%   220  305s
  4623  3312 infeasible   96      13241.9100 10263.0173  22.5%   216  312s
  4634  3330 10570.4005   26  479 13241.9100 10263.0173  22.5%   219  318s
  4652  3345 10761.3923   35  437 13241.9100 10263.0173  22.5%   220  324s
  4667  3469 10982.9164   41  405 13241.9100 10263.0173  22.5%   221  333s
  4807  3545 11953.4494   72  287 13241.9100 10273.2850  22.4%   220  341s
  4907  3569 10364.4400   25  497 13241.9100 10273.2850  22.4%   219  368s
  4931  3713 10491.4041   28  467 13241.9100 10273.2850  22.4%   222  376s
  5100  3772 10649.0991   30  459 13241.9100 10273.2850  22.4%   217  383s
  5168  3811 10852.8511   36  173 13241.9100 10273.2850  22.4%   217  391s
  5208  3899 11017.7176   51  107 13241.9100 10273.2850  22.4%   219  398s
  5296  4073 11208.2981   86   76 13241.9100 10300.5863  22.2%   220  407s
  5502  4138     cutoff  155      13241.9100 10313.7078  22.1%   217  417s
  5566  4355 10643.7944   28  496 13241.9100 10313.7078  22.1%   217  428s
  5827  4538 10942.3818   45  269 13241.9100 10313.7078  22.1%   212  438s
  6010  4718 11774.4007  207   68 13241.9100 10316.4343  22.1%   210  450s
  6230  4740 10560.1351   20  493 13241.9100 10336.7903  21.9%   207  457s
  6253  4779 11021.9436   25  247 13241.9100 10336.7903  21.9%   209  464s
  6292  4933 11282.9172   32  258 13241.9100 10346.7774  21.9%   211  473s
  6478  4960 10768.3273   27  479 13241.9100 10349.0655  21.8%   210  481s
  6505  5098 10917.8712   34  400 13241.9100 10351.1603  21.8%   211  490s
  6670  5137 10611.6985   23  446 13241.9100 10357.1587  21.8%   211  498s
  6738  5210 10989.7337   35  324 13241.9100 10357.1587  21.8%   211  507s
  6802  5304 12574.2681   89   87 13241.9100 10364.3243  21.7%   213  515s
  6907  5696 11124.4565   42  285 13241.9100 10364.3243  21.7%   214  529s
  7032  5696 12767.9974  167   42 13241.9100 10364.3243  21.7%   212  530s
  7390  5755     cutoff  203      13241.9100 10371.8887  21.7%   205  541s
  7434  5981 11047.6458   38  315 13241.9100 10375.8776  21.6%   208  554s
  7476  5981 11707.6546   80  181 13241.9100 10375.8776  21.6%   209  555s
  7660  6072 11905.7145  105   76 13241.9100 10380.5788  21.6%   207  566s
  7771  6182 10603.4547   24  484 13241.9100 10385.5691  21.6%   208  582s
  7881  6405 11052.9530   33  180 13241.9100 10385.5691  21.6%   211  597s
  8139  6584 12561.3324   81  108 13241.9100 10388.4476  21.5%   211  610s
  8405  6634     cutoff  130      13241.9100 10396.8480  21.5%   209  622s
  8437  6719 10973.9765   40  272 13241.9100 10399.3786  21.5%   212  638s
  8543  6878 12101.4077   96   66 13241.9100 10399.6427  21.5%   213  650s
  8711  7006 12435.0504  104   45 13241.9100 10400.3805  21.5%   214  663s
  8869  7180 12795.8300  120    - 13241.9100 10403.5551  21.4%   214  676s
  9068  7405 12919.9344  120   30 13241.9100 10406.8593  21.4%   213  691s
  9315  7463     cutoff  154      13241.9100 10409.5130  21.4%   213  703s
  9383  7515 13171.1431  154   36 13241.9100 10409.6096  21.4%   214  715s
  9442  7646 11078.5057   37  384 13241.9100 10409.6096  21.4%   217  730s
  9601  7882 11274.1561   46  228 13241.9100 10415.7073  21.3%   218  748s
  9859  8076 10759.4033   29  430 13241.9100 10415.7073  21.3%   217  765s
 10067  8243 11655.7993   98   54 13241.9100 10421.6131  21.3%   217  780s
 10291  8378 12967.8690  116   38 13241.9100 10423.1871  21.3%   216  796s
 10442  8558 11591.6095   49  310 13241.9100 10423.6571  21.3%   217  812s
 10654  8600     cutoff  117      13241.9100 10431.9687  21.2%   217  824s
 10697  8763 10796.5448   37  385 13241.9100 10432.5442  21.2%   219  894s
 10837  8763 12634.4543   88   43 13241.9100 10432.5442  21.2%   221  895s
 10878  9044 11328.1291   72  245 13241.9100 10434.3525  21.2%   220  912s
 11212  9125 infeasible  201      13241.9100 10436.0349  21.2%   218  930s
 11312  9306 10780.7614   31  407 13241.9100 10439.3339  21.2%   218  944s
 11418  9306 13139.7014  135   41 13241.9100 10439.3339  21.2%   217  945s
 11517  9512 10772.2813   22  369 13241.9100 10440.2540  21.2%   218  959s
 11562  9512 11641.4217   67  191 13241.9100 10440.2540  21.2%   218  960s
 11740  9572 12808.3940  125   65 13241.9100 10440.7855  21.2%   218  972s
 11813  9634     cutoff  146      13241.9100 10442.2750  21.1%   219  985s
 11877  9819 11420.5249   39  185 13241.9100 10443.5982  21.1%   222 1002s
 12123  9968 infeasible   73      13241.9100 10445.8647  21.1%   222 1016s
 12284 10129 11517.5739   56  183 13241.9100 10446.4621  21.1%   223 1030s
 12471 10379 11654.6998   47  255 13241.9100 10447.4947  21.1%   222 1047s
 12749 10558 11309.3732   27  267 13241.9100 10448.0995  21.1%   221 1063s
 12959 10811 10708.3478   29  485 13241.9100 10448.1288  21.1%   221 1081s
 13260 10951 11216.8163   39  283 13241.9100 10448.1288  21.1%   219 1097s
 13389 11113 11845.3959   92   56 13241.9100 10453.5091  21.1%   221 1111s
 13589 11368 11637.8337   66  150 13241.9100 10453.6776  21.1%   221 1126s
 13884 11648 11174.8323   51  242 13241.9100 10455.5678  21.0%   219 1143s
 14196 11826 10739.6007   37  382 13241.9100 10460.7243  21.0%   217 1159s
 14364 11826 infeasible  196      13241.9100 10460.7243  21.0%   215 1160s
 14387 11943 10942.8346   24  305 13241.9100 10460.8420  21.0%   217 1173s
 14525 12099 11881.2128   63  184 13241.9100 10462.5722  21.0%   217 1188s
 14714 12150 11082.9152   35  382 13241.9100 10462.6734  21.0%   218 1212s
 14765 12337 11782.3142   63  119 13241.9100 10464.7779  21.0%   218 1225s
 14978 12432 10750.7683   26  503 13241.9100 10465.4336  21.0%   218 1239s
 15120 12528 11058.3125   31  430 13241.9100 10465.4336  21.0%   219 1253s
 15212 12652 11487.7508   41  165 13241.9100 10469.3552  20.9%   220 1268s
 15366 12786     cutoff   69      13241.9100 10472.1753  20.9%   221 1283s
 15513 13274 11094.8471   41  370 13241.9100 10474.3981  20.9%   221 1301s
 16067 13321 infeasible  153      13241.9100 10475.0805  20.9%   217 1315s
 16109 13451 11037.5618   32  294 13241.9100 10475.0805  20.9%   219 1329s
 16177 13451 12037.1946   79  104 13241.9100 10475.0805  20.9%   219 1330s
 16267 13600 11254.0807   50  113 13241.9100 10477.0030  20.9%   219 1346s
 16429 13753 13236.1400  110    - 13241.9100 10477.7524  20.9%   220 1360s
 16596 13898     cutoff  110      13241.9100 10479.8645  20.9%   220 1375s
 16749 14030 12465.7753  129   39 13241.9100 10480.5639  20.9%   220 1389s
 16893 14240     cutoff  153      13241.9100 10480.6447  20.9%   221 1404s
 16950 14240 11950.8356   79  119 13241.9100 10480.6447  20.9%   221 1405s
 17138 14382 10740.9712   24  445 13241.9100 10484.9799  20.8%   221 1420s
 17294 14523 11815.1373   62   95 13241.9100 10489.3572  20.8%   221 1434s
 17463 14659     cutoff  112      13241.9100 10489.8934  20.8%   221 1449s
 17583 14659 12914.5882  113   36 13241.9100 10490.1673  20.8%   222 1450s
 17624 14755 11528.4535   40  158 13241.9100 10490.2313  20.8%   222 1464s
 17746 15118 10713.3355   33  302 13241.9100 10490.9640  20.8%   223 1482s
 18209 15222 13220.7030  134   39 13241.9100 10491.4473  20.8%   220 1495s
 18291 15471 11835.8514   55  212 13241.9100 10491.8918  20.8%   221 1511s
 18596 15623     cutoff   72      13241.9100 10492.8681  20.8%   220 1526s
 18789 15757 12598.7580  102  150 13241.9100 10495.2842  20.7%   220 1539s
 18842 15757 11154.9949   38  255 13241.9100 10495.2842  20.7%   221 1540s
 18921 16070 11199.3170   39  302 13241.9100 10496.3151  20.7%   221 1556s
 19299 16285     cutoff  133      13241.9100 10497.5315  20.7%   220 1572s
 19597 16517 11057.0221   36  284 13241.9100 10498.9366  20.7%   219 1589s
 19718 16520 13080.5927  151   29 13241.9100 10498.9366  20.7%   218 1590s
 19835 16557 infeasible  153      13241.9100 10500.5705  20.7%   219 1602s
 19876 16814 10870.3112   32  298 13241.9100 10500.7085  20.7%   220 1618s
 20095 16814 12600.1271  119   14 13241.9100 10500.7085  20.7%   220 1620s
 20175 17045 11591.5520   73   91 13241.9100 10504.4914  20.7%   220 1635s
 20447 17138     cutoff  172      13241.9100 10506.5130  20.7%   219 1649s
 20560 17349 11265.9693   47  230 13241.9100 10508.8742  20.6%   219 1665s
 20800 17492 11192.5912   41  309 13241.9100 10510.4203  20.6%   219 1680s
 20982 17541 infeasible  115      13241.9100 10510.7016  20.6%   219 1693s
 21038 17769 11473.7660   47  208 13241.9100 10514.2023  20.6%   220 1709s
 21119 17769 11994.9360  100  122 13241.9100 10514.2023  20.6%   220 1710s
 21280 17982 11073.5936   34  320 13241.9100 10515.5055  20.6%   219 1726s
 21529 18049 11051.3733   31  332 13241.9100 10515.7954  20.6%   219 1739s
 21598 18230 12164.0293   61  230 13241.9100 10515.9591  20.6%   220 1753s
 21803 18368 10780.6324   31  265 13241.9100 10516.2774  20.6%   220 1770s
 21977 18468 11077.9992   41  258 13241.9100 10516.2774  20.6%   221 1785s
 22070 18708 11905.3877   73   32 13241.9100 10519.8348  20.6%   222 1800s
 22373 18785 12512.7161  100   85 13241.9100 10520.8780  20.5%   221 1815s
 22456 18884 11881.8305   52  230 13241.9100 10523.1903  20.5%   221 1828s
 22581 19058 11763.1898   49   89 13241.9100 10523.7631  20.5%   222 1843s
 22789 19329 infeasible   74      13241.9100 10525.4877  20.5%   222 1858s
 22839 19329 11601.1525   69  132 13241.9100 10525.4877  20.5%   222 1861s
 23092 19424 12084.8810  146   39 13241.9100 10526.2870  20.5%   221 1877s
 23201 19812 11538.3599   49  113 13241.9100 10526.4712  20.5%   222 1896s
 23685 19933 infeasible  153      13241.9100 10527.8384  20.5%   220 1911s
 23813 20089 11049.2105   33  289 13241.9100 10528.3739  20.5%   221 1925s
 24027 20165     cutoff  125      13241.9100 10529.7778  20.5%   220 1938s
 24104 20267 12339.4114   64  148 13241.9100 10529.9121  20.5%   221 1952s
 24240 20344 10840.4159   31  341 13241.9100 10529.9164  20.5%   222 1965s
 24313 20673 11242.8387   61  141 13241.9100 10530.3023  20.5%   223 1981s
 24680 20749 13057.5668  133   51 13241.9100 10532.8144  20.5%   222 1994s
 24767 20944 11223.0306   44  108 13241.9100 10533.0037  20.5%   222 2009s
 24848 20946 12151.8700  123    - 13241.9100 10533.0037  20.5%   222 2010s
 25019 21085 infeasible  144      13241.9100 10534.0035  20.4%   222 2025s
 25161 21210 11483.6228   46  308 13241.9100 10535.6601  20.4%   223 2039s
 25251 21210 13228.6517  128   35 13241.9100 10535.6601  20.4%   222 2040s
 25307 21355 10894.7563   26  335 13241.9100 10535.6601  20.4%   223 2055s
 25463 21625 11411.2510   39   83 13241.9100 10536.2136  20.4%   224 2071s
 25835 21786     cutoff  100      13241.9100 10536.4626  20.4%   223 2087s
 25986 21926 10848.9348   28  514 13241.9100 10537.6804  20.4%   223 2100s
 26139 22093 11518.5846   53  364 13241.9100 10538.5071  20.4%   223 2115s
 26335 22243     cutoff  103      13241.9100 10540.6182  20.4%   223 2130s
 26510 22460 11973.1096   73  139 13241.9100 10540.8677  20.4%   223 2144s
 26590 22460 13098.7320  153   19 13241.9100 10540.8677  20.4%   223 2145s
 26769 22685 10852.6691   35  382 13241.9100 10542.4524  20.4%   223 2163s
 27002 22857 12506.8571  124   37 13241.9100 10543.2342  20.4%   223 2178s
 27194 22936     cutoff  152      13241.9100 10544.0886  20.4%   223 2191s
 27294 23018 11507.2781   47  225 13241.9100 10545.4659  20.4%   223 2204s
 27391 23207 11380.5891   33  373 13241.9100 10546.4542  20.4%   224 2219s
 27611 23306 10822.4083   27  307 13241.9100 10547.3056  20.3%   224 2234s
 27651 23306 12009.3388   67   60 13241.9100 10547.3056  20.3%   224 2235s
 27724 23353 10708.0381   28  460 13241.9100 10548.3661  20.3%   225 2246s
 27771 23711 11042.5300   39  307 13241.9100 10548.5025  20.3%   226 2264s
 27811 23711 11651.4013   60  107 13241.9100 10548.5025  20.3%   226 2265s
 28199 23773     cutoff  172      13241.9100 10548.8617  20.3%   224 2278s
 28252 23891 11223.2193   48  417 13241.9100 10549.1373  20.3%   225 2292s
 28404 24000 infeasible  120      13241.9100 10551.3308  20.3%   225 2306s
 28524 24113 11247.5866   42  237 13241.9100 10551.4730  20.3%   226 2321s
 28679 24364 11083.4079   35  356 13241.9100 10552.0003  20.3%   226 2336s
 28966 24451 10759.4988   32  363 13241.9100 10552.1212  20.3%   226 2350s
 29058 24673 11544.5613   58  300 13241.9100 10552.8006  20.3%   226 2366s
 29320 24789 10894.8840   26  230 13241.9100 10552.8788  20.3%   226 2380s
 29451 24879 12634.2275   75  140 13241.9100 10553.2020  20.3%   227 2394s
 29536 24879 11108.8100   24  365 13241.9100 10553.2020  20.3%   227 2395s
 29559 25029 11562.5308   64  210 13241.9100 10553.2553  20.3%   227 2408s
 29721 25192 11171.3929   36  272 13241.9100 10553.2659  20.3%   227 2423s
 29917 25310 10694.2453   30  428 13241.9100 10553.5763  20.3%   227 2439s
 30035 25485 11459.7474   48  327 13241.9100 10553.6776  20.3%   228 2454s
 30175 25487 12415.1491  173   28 13241.9100 10554.6844  20.3%   228 2455s
 30246 25596     cutoff  129      13241.9100 10554.8624  20.3%   228 2469s
 30349 25596 13041.5049  124   70 13241.9100 10555.0896  20.3%   228 2470s
 30373 25832 11394.1143   41  139 13241.9100 10556.4003  20.3%   228 2485s
 30640 25911 13059.8084  110   11 13241.9100 10556.7484  20.3%   228 2499s
 30728 26035     cutoff  153      13241.9100 10556.8286  20.3%   228 2513s
 30872 26147 12002.7799   56  213 13241.9100 10557.2695  20.3%   229 2529s
 31010 26300 11076.1452   37  307 13241.9100 10557.5179  20.3%   229 2543s
 31184 26304 13219.5700  115    - 13241.9100 10557.8116  20.3%   229 2545s
 31196 26448 10830.7075   32  321 13241.9100 10557.9063  20.3%   229 2558s
 31386 26561     cutoff  116      13241.9100 10557.9486  20.3%   229 2573s
 31539 26598     cutoff   71      13241.9100 10560.5697  20.2%   230 2585s
 31584 26748 11375.8221   37  396 13241.9100 10562.4782  20.2%   231 2601s
 31770 26834 12692.0471  100   51 13241.9100 10562.6779  20.2%   231 2615s
 31873 26911 10823.3050   32  439 13241.9100 10562.6779  20.2%   231 2629s
 31970 27074 11385.0931   41  240 13241.9100 10563.3078  20.2%   232 2644s
 32167 27105 13193.5172   91   40 13241.9100 10563.3525  20.2%   232 2661s
 32207 27222 10807.8380   34  506 13241.9100 10563.5101  20.2%   232 2676s
 32339 27318 11715.5080   61  204 13241.9100 10563.8385  20.2%   232 2691s
 32459 27488 11189.8620   44  400 13241.9100 10564.1958  20.2%   233 2706s
 32653 27679 11111.3469   33  293 13241.9100 10565.2059  20.2%   233 2723s
 32882 27711 10763.7909   28  535 13241.9100 10565.4068  20.2%   233 2738s
 32914 27761 11104.1086   37  220 13241.9100 10565.4068  20.2%   234 2750s
 32964 27959 11320.1773   49  170 13241.9100 10565.4260  20.2%   234 2767s
 33210 28126     cutoff  138      13241.9100 10565.9349  20.2%   234 2784s
 33382 28260 11358.9085   48  246 13241.9100 10566.8978  20.2%   235 2799s
 33462 28260 12907.9794  128   47 13241.9100 10566.8978  20.2%   234 2800s
 33538 28464 11063.0766   40  305 13241.9100 10567.9491  20.2%   235 2816s
 33762 28603 10831.4009   25  515 13241.9100 10569.1045  20.2%   235 2833s
 33911 28704 11422.9349   47  119 13241.9100 10570.5920  20.2%   235 2849s
 34029 28855 11212.8913   38  407 13241.9100 10570.8146  20.2%   235 2864s
 34213 28982 10830.0523   30  492 13241.9100 10571.0400  20.2%   235 2879s
 34309 28982 11703.7346   71  120 13241.9100 10571.0400  20.2%   236 2880s
H34352 28898                    13178.470000 10571.0400  19.8%   236 2895s
 34511 29025 10905.2202   32  418 13178.4700 10571.4855  19.8%   236 2911s
 34647 29108 11667.9551   46  181 13178.4700 10572.6088  19.8%   236 2931s
 34749 29225 infeasible   84      13178.4700 10572.8734  19.8%   236 2946s
 34879 29404 11475.2354   55  348 13178.4700 10574.2684  19.8%   236 2963s
 35074 29515 10852.0456   31  387 13178.4700 10574.2684  19.8%   236 2977s
 35195 29665 11294.2931   47  195 13178.4700 10574.6148  19.8%   237 2993s
 35413 29709     cutoff  102      13178.4700 10576.1108  19.7%   237 3008s
 35455 29787 11059.5266   25  324 13178.4700 10576.1154  19.7%   237 3025s
 35533 29930 11610.6777   61   35 13178.4700 10576.5056  19.7%   238 3040s
 35692 30158 12825.1088  104   30 13178.4700 10576.8492  19.7%   239 3060s
 35961 30232 10911.6332   31  424 13178.4700 10576.9416  19.7%   238 3076s
 36036 30422 11291.5326   38  275 13178.4700 10576.9416  19.7%   239 3093s
 36248 30531 12097.3286   53  186 13178.4700 10577.1836  19.7%   239 3110s
 36371 30671     cutoff   76      13178.4700 10577.5493  19.7%   239 3125s
 36540 30852 11146.8272   41  342 13178.4700 10577.8902  19.7%   239 3143s
 36758 30976     cutoff  151      13178.4700 10578.4219  19.7%   239 3159s
 36899 31144 11523.5569   57  227 13178.4700 10578.6385  19.7%   239 3175s
 37113 31211 13083.5700  113   30 13178.4700 10579.2010  19.7%   239 3189s
 37185 31443     cutoff  116      13178.4700 10579.5228  19.7%   240 3205s
 37472 31551 infeasible  148      13178.4700 10581.9392  19.7%   239 3221s
 37598 31655 11084.2113   37  449 13178.4700 10582.3401  19.7%   239 3236s
 37717 31722 12879.3532   88  240 13178.4700 10582.7297  19.7%   240 3257s
 37810 31882 11021.8688   35  378 13178.4700 10583.5665  19.7%   240 3272s
 37990 31932     cutoff  109      13178.4700 10584.0172  19.7%   240 3286s
 38042 32103 11899.7267   60  191 13178.4700 10584.3036  19.7%   241 3301s
 38238 32281 11002.3232   36  280 13178.4700 10585.3995  19.7%   241 3319s
 38369 32283 12674.7619  118   41 13178.4700 10585.3995  19.7%   241 3320s
 38436 32446 12984.0150  119   10 13178.4700 10586.0760  19.7%   241 3336s
 38653 32510 infeasible  121      13178.4700 10586.2433  19.7%   241 3350s
 38711 32670 11525.7417   52  284 13178.4700 10587.2061  19.7%   241 3364s
 38764 32670 12719.2954  105  131 13178.4700 10587.2061  19.7%   241 3365s
 38899 32724 10789.4319   36  528 13178.4700 10587.2325  19.7%   241 3378s
 38954 32871 11460.0776   74  317 13178.4700 10587.9370  19.7%   242 3393s
 39129 32901 10908.1020   29  307 13178.4700 10588.0429  19.7%   242 3407s
 39159 33034 11292.3604   38  287 13178.4700 10588.9765  19.6%   243 3424s
 39200 33034 12387.8237   56   63 13178.4700 10588.9765  19.6%   243 3425s
 39312 33151 10999.4898   31  282 13178.4700 10589.2253  19.6%   243 3442s
 39457 33193     cutoff   78      13178.4700 10589.4615  19.6%   243 3457s
 39504 33415 11247.3024   46  289 13178.4700 10589.7103  19.6%   244 3472s
 39769 33566 11104.7171   26  295 13178.4700 10589.9015  19.6%   243 3489s
 39866 33566 12400.1565   75  123 13178.4700 10589.9015  19.6%   244 3490s
 39932 33666 11960.4087   83   86 13178.4700 10590.7574  19.6%   244 3504s
 40044 33741     cutoff  113      13178.4700 10590.8555  19.6%   244 3519s
 40145 33848 11543.4522   62  165 13178.4700 10590.8818  19.6%   244 3534s
 40234 33851 11457.6501   39  323 13178.4700 10590.8818  19.6%   244 3535s
 40263 33912     cutoff  131      13178.4700 10591.2581  19.6%   245 3547s
 40332 34101 11427.3924   56  258 13178.4700 10592.6104  19.6%   245 3563s
 40543 34205 10960.7612   27  342 13178.4700 10593.2993  19.6%   245 3579s
 40645 34205 11948.4524   73  186 13178.4700 10593.2993  19.6%   245 3580s
 40647 34385 12273.3200   84   59 13178.4700 10593.5825  19.6%   245 3594s
 40852 34390 infeasible  118      13178.4700 10594.3455  19.6%   245 3600s

Cutting planes:
  User: 5586
  Gomory: 19
  Cover: 418
  Implied bound: 183
  Projected implied bound: 20
  Clique: 64
  MIR: 167
  StrongCG: 2
  Flow cover: 311
  GUB cover: 4
  Zero half: 19
  RLT: 300
  Relax-and-lift: 14
  Lazy constraints: 4954

Explored 40859 nodes (10027610 simplex iterations) in 3600.09 seconds
Thread count was 2 (of 32 available processors)

Solution count 4: 13178.5 13241.9 14760.5 14800.5 

Time limit reached
Best objective 1.317847000000e+04, best bound 1.059469741721e+04, gap 19.6060%

User-callback calls 559029, time in user-callback 166.97 sec
================================================================================
executing instance: ./input/Instances/Original/3/absH3high_5n20.dat
--------------------------------------------------------------------------------
Instance details
n	21
H	3
C	1734
Li:
[0, 0, 0, 0, 0, 0, 0, 0, 0, 0, 0, 0, 0, 0, 0, 0, 0, 0, 0, 0, 0, ]
Ui:
[0, 40, 237, 68, 194, 144, 207, 114, 118, 207, 120, 72, 128, 48, 102, 237, 261, 135, 84, 184, 142, ]
Distance matrix:
|0	408	254	408	305	286	284	573	384	380	400	384	552	461	243	577	274	285	345	92	431	|
|408	0	189	21	111	218	178	168	182	283	211	86	158	222	191	168	136	320	219	318	87	|
|254	189	0	198	81	230	31	354	276	174	157	136	307	348	158	348	110	313	275	180	183	|
|408	21	198	0	118	204	190	165	163	302	230	105	169	202	184	170	134	306	202	317	107	|
|305	111	81	118	0	188	80	278	209	221	172	86	247	276	129	276	61	285	220	218	130	|
|286	218	230	204	188	0	249	342	102	401	360	260	373	176	73	360	128	103	60	202	290	|
|284	178	31	190	80	249	0	339	286	151	127	114	284	355	180	330	124	337	290	211	160	|
|573	168	354	165	278	342	339	0	262	411	330	229	118	248	342	37	298	434	316	482	194	|
|384	182	276	163	209	102	286	262	0	429	372	252	319	79	149	287	167	174	55	297	268	|
|380	283	174	302	221	401	151	411	429	0	82	197	318	491	331	390	274	488	439	331	219	|
|400	211	157	230	172	360	127	330	372	82	0	125	237	427	297	308	232	455	390	335	139	|
|384	86	136	105	86	260	114	229	252	197	125	0	171	303	210	217	143	361	278	301	47	|
|552	158	307	169	247	373	284	118	319	318	237	171	0	331	349	84	289	474	366	465	124	|
|461	222	348	202	276	176	355	248	79	491	427	303	331	0	228	279	241	226	119	375	308	|
|243	191	158	184	129	73	180	342	149	331	297	210	349	228	0	352	68	159	127	152	248	|
|577	168	348	170	276	360	330	37	287	390	308	217	84	279	352	0	303	455	339	486	177	|
|274	136	110	134	61	128	124	298	167	274	232	143	289	241	68	303	0	224	166	183	182	|
|285	320	313	306	285	103	337	434	174	488	455	361	474	226	159	455	224	0	119	224	393	|
|345	219	275	202	220	60	290	316	55	439	390	278	366	119	127	339	166	119	0	262	301	|
|92	318	180	317	218	202	211	482	297	331	335	301	465	375	152	486	183	224	262	0	347	|
|431	87	183	107	130	290	160	194	268	219	139	47	124	308	248	177	182	393	301	347	0	|

--------------------------------------------------------------------------------
Building model...
	using lazy and cut (CVRPSEP package)
Solving IRP LP...
--------------------------------------------------------------------------------

Gurobi 9.1.0 (linux64) logging started Mon Feb  8 01:09:47 2021

Gurobi Optimizer version 9.1.0 build v9.1.0rc0 (linux64)
Thread count: 32 physical cores, 32 logical processors, using up to 2 threads
Optimize a model with 957 rows, 3849 columns and 10044 nonzeros
Model fingerprint: 0x33bd727a
Variable types: 384 continuous, 3465 integer (315 binary)
Coefficient statistics:
  Matrix range     [1e+00, 3e+02]
  Objective range  [2e-01, 6e+02]
  Bounds range     [1e+00, 3e+02]
  RHS range        [1e+00, 3e+03]
Presolve removed 311 rows and 747 columns
Presolve time: 0.07s
Presolved: 646 rows, 3102 columns, 7463 nonzeros
Variable types: 218 continuous, 2884 integer (2605 binary)

Root relaxation: objective 8.206790e+03, 1005 iterations, 0.02 seconds

    Nodes    |    Current Node    |     Objective Bounds      |     Work
 Expl Unexpl |  Obj  Depth IntInf | Incumbent    BestBd   Gap | It/Node Time

     0     0 8206.78996    0  106          - 8206.78996      -     -    0s
     0     0 8723.54093    0  101          - 8723.54093      -     -    0s
     0     0 8785.27827    0  118          - 8785.27827      -     -    0s
     0     0 8790.42484    0  124          - 8790.42484      -     -    0s
     0     0 8793.75885    0  135          - 8793.75885      -     -    0s
     0     0 9015.88672    0  128          - 9015.88672      -     -    0s
     0     0 9041.11383    0  156          - 9041.11383      -     -    0s
     0     0 9041.14488    0  126          - 9041.14488      -     -    0s
     0     0 9136.50864    0  161          - 9136.50864      -     -    0s
     0     0 9166.01358    0  185          - 9166.01358      -     -    0s
     0     0 9168.70301    0  184          - 9168.70301      -     -    0s
     0     0 9169.02313    0  191          - 9169.02313      -     -    0s
     0     0 9282.71521    0  213          - 9282.71521      -     -    0s
     0     0 9305.65506    0  232          - 9305.65506      -     -    0s
     0     0 9315.75779    0  228          - 9315.75779      -     -    0s
     0     0 9316.43876    0  227          - 9316.43876      -     -    0s
     0     0 9400.08421    0  206          - 9400.08421      -     -    0s
