




arguments: ./build/bc_mirp -f ./input/orig_exec_184.cfg
Current dir: /scratch/gui/bc_mirp
File verbosity level: 9
date       time         ( uptime  ) [ thread name/id ]                   file:line     v| 
2021-02-12 19:21:48.012 (   0.283s) [main thread     ]             loguru.cpp:789   INFO| Logging to './output/vi_vc+hc1_quarter/OU/V5/Original/execution_12_02_2021_19_21_48.log', mode: 'a', verbosity: 9
--------------------------------------------------------------------------------
Parameters
                           instance_path           ./input/Instances/Original/4/
                            model_policy                                       1
                             nb_vehicles                                       5
                              output_dir./output/vi_vc+hc1_quarter/OU/V5/Original/
                            sec_strategy                                       1
                       solver_nb_threads                                       2
                         solver_show_log                                    true
                       solver_time_limit                                    3600
                              use_vi_cos                                   false
                              use_vi_cus                                   false
                         use_vi_hc1_full                                   false
                         use_vi_hc1_half                                   false
                      use_vi_hc1_quarter                                    true
                              use_vi_hc2                                   false
                              use_vi_hc3                                   false
                         use_vi_lex_full                                   false
                         use_vi_lex_half                                   false
                      use_vi_lex_quarter                                   false
                              use_vi_qua                                   false
                               use_vi_vc                                    true
                               use_vi_vr                                   false
--------------------------------------------------------------------------------
executing instance: ./input/Instances/Original/4/absH3low_3n30.dat
--------------------------------------------------------------------------------
Instance details
n	31
H	3
C	2841
Li:
[0, 0, 0, 0, 0, 0, 0, 0, 0, 0, 0, 0, 0, 0, 0, 0, 0, 0, 0, 0, 0, 0, 0, 0, 0, 0, 0, 0, 0, 0, 0, ]
Ui:
[0, 246, 98, 54, 144, 171, 192, 180, 165, 98, 122, 198, 297, 144, 130, 129, 219, 138, 142, 150, 108, 66, 64, 285, 180, 204, 276, 168, 240, 198, 122, ]
Distance matrix:
|0	172	56	166	260	198	42	197	296	110	91	112	238	275	323	183	330	232	175	181	162	191	232	280	201	139	356	185	266	216	26	|
|172	0	178	223	320	335	153	355	444	62	231	99	333	376	214	352	176	235	194	106	47	41	353	161	299	175	225	43	326	374	153	|
|56	178	0	110	204	162	93	233	336	125	144	148	187	226	358	180	313	284	123	152	182	185	282	252	256	88	329	177	210	251	42	|
|166	223	110	0	102	150	199	327	431	194	253	237	113	156	431	228	296	386	44	140	248	208	389	218	366	48	287	200	108	344	148	|
|260	320	204	102	0	156	296	391	493	296	340	339	66	90	531	263	362	486	127	226	349	300	469	278	454	148	334	292	6	406	245	|
|198	335	162	150	156	0	239	255	351	286	245	307	93	106	518	111	442	423	194	280	344	335	349	367	352	182	437	327	158	266	199	|
|42	153	93	199	296	239	0	203	296	91	82	76	278	316	284	217	322	191	201	186	133	180	217	281	177	165	356	175	302	222	52	|
|197	355	233	327	391	255	203	0	104	294	125	266	340	361	436	151	524	276	352	377	330	383	109	477	146	319	553	377	395	19	222	|
|296	444	336	431	493	351	296	104	0	384	214	348	440	456	488	241	617	315	456	476	412	475	113	575	176	422	651	470	497	88	322	|
|110	62	125	194	296	286	91	294	384	0	171	55	298	340	238	292	233	210	176	118	58	91	298	201	248	148	273	87	302	313	94	|
|91	231	144	253	340	245	82	125	214	171	0	141	307	339	324	184	403	187	266	266	204	261	140	363	114	230	438	256	346	144	116	|
|112	99	148	237	339	307	76	266	348	55	141	0	332	373	212	292	275	156	225	173	64	137	254	253	200	194	322	135	345	284	108	|
|238	333	187	113	66	93	278	340	440	298	307	332	0	43	536	203	404	469	153	253	354	321	427	322	420	160	385	313	67	353	229	|
|275	376	226	156	90	106	316	361	456	340	339	373	43	0	578	216	443	507	194	295	397	364	453	361	451	203	421	356	88	372	268	|
|323	214	358	431	531	518	284	436	488	238	324	212	536	578	0	498	309	176	407	320	183	245	376	344	312	383	379	251	537	451	319	|
|183	352	180	228	263	111	217	151	241	292	184	292	203	216	498	0	492	371	266	328	345	364	255	426	272	242	501	356	266	159	198	|
|330	176	313	296	362	442	322	524	617	233	403	275	404	443	309	492	0	397	253	164	218	142	529	84	475	260	72	147	367	543	306	|
|232	235	284	386	486	423	191	276	315	210	187	156	469	507	176	371	397	0	379	327	188	276	202	396	139	346	456	277	492	289	242	|
|175	194	123	44	127	194	201	352	456	176	266	225	153	194	407	266	253	379	0	101	225	174	405	174	375	36	244	166	133	370	152	|
|181	106	152	140	226	280	186	377	476	118	266	173	253	295	320	328	164	327	101	0	148	76	403	100	360	98	177	69	232	396	155	|
|162	47	182	248	349	344	133	330	412	58	204	64	354	397	183	345	218	188	225	148	0	89	316	208	259	201	270	90	355	348	149	|
|191	41	185	208	300	335	180	383	475	91	261	137	321	364	245	364	142	276	174	76	89	0	388	119	336	162	185	8	306	402	169	|
|232	353	282	389	469	349	217	109	113	298	140	254	427	453	376	255	529	202	405	403	316	388	0	497	64	369	570	384	474	112	256	|
|280	161	252	218	278	367	281	477	575	201	363	253	322	361	344	426	84	396	174	100	208	119	497	0	449	187	77	119	283	496	255	|
|201	299	256	366	454	352	177	146	176	248	114	200	420	451	312	272	475	139	375	360	259	336	64	449	0	339	521	333	460	156	223	|
|139	175	88	48	148	182	165	319	422	148	230	194	160	203	383	242	260	346	36	98	201	162	369	187	339	0	260	153	154	337	116	|
|356	225	329	287	334	437	356	553	651	273	438	322	385	421	379	501	72	456	244	177	270	185	570	77	521	260	0	187	338	572	331	|
|185	43	177	200	292	327	175	377	470	87	256	135	313	356	251	356	147	277	166	69	90	8	384	119	333	153	187	0	298	396	163	|
|266	326	210	108	6	158	302	395	497	302	346	345	67	88	537	266	367	492	133	232	355	306	474	283	460	154	338	298	0	410	251	|
|216	374	251	344	406	266	222	19	88	313	144	284	353	372	451	159	543	289	370	396	348	402	112	496	156	337	572	396	410	0	241	|
|26	153	42	148	245	199	52	222	322	94	116	108	229	268	319	198	306	242	152	155	149	169	256	255	223	116	331	163	251	241	0	|

--------------------------------------------------------------------------------
Building model...
	using lazy and cut (CVRPSEP package)
Solving IRP LP...
--------------------------------------------------------------------------------

Gurobi 9.1.0 (linux64) logging started Fri Feb 12 19:21:48 2021

Gurobi Optimizer version 9.1.0 build v9.1.0rc0 (linux64)
Thread count: 32 physical cores, 32 logical processors, using up to 2 threads
Optimize a model with 1411 rows, 8014 columns and 19606 nonzeros
Model fingerprint: 0x9ac5338d
Variable types: 574 continuous, 7440 integer (465 binary)
Coefficient statistics:
  Matrix range     [1e+00, 6e+02]
  Objective range  [1e-02, 7e+02]
  Bounds range     [1e+00, 3e+02]
  RHS range        [1e+00, 5e+03]
Presolve removed 413 rows and 1102 columns
Presolve time: 0.09s
Presolved: 998 rows, 6912 columns, 15709 nonzeros
Variable types: 344 continuous, 6568 integer (6132 binary)

Root relaxation: objective 2.474945e+03, 1362 iterations, 0.04 seconds

    Nodes    |    Current Node    |     Objective Bounds      |     Work
 Expl Unexpl |  Obj  Depth IntInf | Incumbent    BestBd   Gap | It/Node Time

     0     0 2474.94541    0  103          - 2474.94541      -     -    0s
     0     0 2704.67976    0  124          - 2704.67976      -     -    0s
     0     0 3160.09109    0  202          - 3160.09109      -     -    0s
     0     0 3229.45231    0  182          - 3229.45231      -     -    0s
     0     0 3234.07939    0  204          - 3234.07939      -     -    0s
     0     0 3234.75298    0  205          - 3234.75298      -     -    0s
     0     0 3234.75929    0  208          - 3234.75929      -     -    0s
     0     0 3364.23431    0  281          - 3364.23431      -     -    1s
     0     0 3374.98526    0  233          - 3374.98526      -     -    1s
     0     0 3389.24311    0  278          - 3389.24311      -     -    1s
     0     0 3403.51548    0  268          - 3403.51548      -     -    1s
     0     0 3422.46590    0  269          - 3422.46590      -     -    1s
     0     0 3432.07283    0  256          - 3432.07283      -     -    1s
     0     0 3432.88067    0  254          - 3432.88067      -     -    1s
     0     0 3432.99056    0  248          - 3432.99056      -     -    1s
     0     0 3560.74126    0  361          - 3560.74126      -     -    1s
     0     0 3571.23767    0  338          - 3571.23767      -     -    1s
     0     0 3573.02912    0  325          - 3573.02912      -     -    1s
     0     0 3573.04261    0  319          - 3573.04261      -     -    1s
     0     0 3655.06007    0  339          - 3655.06007      -     -    2s
     0     0 3673.78828    0  347          - 3673.78828      -     -    2s
     0     0 3678.05044    0  380          - 3678.05044      -     -    3s
     0     0 3680.05038    0  365          - 3680.05038      -     -    3s
     0     0 3682.41954    0  385          - 3682.41954      -     -    3s
     0     0 3685.18668    0  411          - 3685.18668      -     -    3s
     0     0 3685.88791    0  432          - 3685.88791      -     -    3s
     0     0 3700.19811    0  360          - 3700.19811      -     -    3s
     0     0 3706.13917    0  355          - 3706.13917      -     -    3s
     0     0 3710.21874    0  451          - 3710.21874      -     -    3s
     0     0 3714.04907    0  459          - 3714.04907      -     -    3s
     0     0 3714.09690    0  442          - 3714.09690      -     -    3s
     0     0 3717.00097    0  382          - 3717.00097      -     -    4s
     0     0 3717.00097    0  380          - 3717.00097      -     -    5s
     0     2 3722.16420    0  363          - 3722.16420      -     -    6s
    85    93 4249.37663   26  153          - 3750.68036      -   284   10s
   290   297 6205.32000  119   19          - 3756.83043      -   204   15s
   424   461 3937.76818   11  506          - 3756.83043      -   202   20s
*  529   557             180    7071.1500000 3756.83043  46.9%   175   21s
   605   544 4271.48611   14  162 7071.15000 3756.83043  46.9%   182   25s
   627   573 4241.74988   20  295 7071.15000 3756.83043  46.9%   190   31s
   701   660 4444.28062   35  246 7071.15000 3756.83043  46.9%   197   35s
   736   666 4199.77732    9  551 7071.15000 3810.80250  46.1%   193   40s
   754   678 6931.65588  170  609 7071.15000 3892.46740  45.0%   189   45s
H  767   653                    6868.1500000 3900.47646  43.2%   202   49s
   769   654 5122.75709   81  253 6868.15000 3900.47646  43.2%   202   50s
   787   666 5396.38168   94  648 6868.15000 3908.95569  43.1%   197   55s
H  787   632                    6448.1899856 3914.07042  39.3%   197   58s
   795   637 6229.70000  121  632 6448.18999 3917.97939  39.2%   195   60s
   812   654 3937.01911   24  555 6448.18999 3937.01911  38.9%   209   65s
   846   676 3974.65471   32  561 6448.18999 3950.82720  38.7%   227   70s
H  883   668                    6326.8000000 3950.82720  37.6%   238   73s
   889   674 4092.37635   42  559 6326.80000 3950.82720  37.6%   241   75s
   905   686 4237.60058   45  421 6326.80000 3950.82720  37.6%   247  128s
   907   685 4197.15766   49  274 6326.80000 3950.82720  37.6%   247  132s
H  918   658                    6008.3100000 3950.82720  34.2%   249  134s
   929   670 4176.80761   50  489 6008.31000 3950.82720  34.2%   251  135s
   969   697 4264.37745   58  464 6008.31000 3950.82720  34.2%   259  140s
  1032   749 4568.63849   70  311 6008.31000 3950.82720  34.2%   268  145s
  1107   808 4775.88039   85  290 6008.31000 3950.82720  34.2%   276  153s
  1132   811 4828.75659   89  304 6008.31000 3950.82720  34.2%   277  155s
  1214   899 5002.21571  108  278 6008.31000 3950.82720  34.2%   278  160s
  1368   940 5843.15236  157   86 6008.31000 3950.82720  34.2%   270  165s
  1417   960 4083.53446   30  383 6008.31000 3965.09559  34.0%   282  171s
  1462   997 4300.61682   34  299 6008.31000 3965.09559  34.0%   295  176s
  1501  1017 4261.97403   38  500 6008.31000 3965.09559  34.0%   302  180s
  1607  1064 4432.54887   46  392 6008.31000 3965.09559  34.0%   304  186s
  1642  1080 4637.00870   50  300 6008.31000 3965.09559  34.0%   312  192s
  1672  1114 4783.45184   57  282 6008.31000 3965.09559  34.0%   320  196s
  1727  1151 4922.42013   68  313 6008.31000 3965.09559  34.0%   325  201s
  1788  1228 5159.31702   79  280 6008.31000 3965.09559  34.0%   331  207s
  1849  1267 5406.41419   96  214 6008.31000 3965.09559  34.0%   329  210s
  1947  1341 5186.12841   91  176 6008.31000 3965.09559  34.0%   327  215s
  2119  1366     cutoff  123      6008.31000 3977.03024  33.8%   319  222s
  2141  1387 4304.24306   28  525 6008.31000 3977.03024  33.8%   322  225s
  2267  1433 4037.35626   29  422 6008.31000 3992.56606  33.5%   317  232s
  2286  1455 4411.71131   40  381 6008.31000 3992.56606  33.5%   320  236s
  2315  1526 4784.21841   55  281 6008.31000 3992.56606  33.5%   322  240s
  2450  1697 4777.66930   37  295 6008.31000 3996.96791  33.5%   319  247s
  2649  1684 4514.57645   36  325 6008.31000 3996.96791  33.5%   305  252s
  2687  1731 4951.39144   55  335 6008.31000 3996.96791  33.5%   306  255s
  2795  1850 4448.03256   30  465 6008.31000 4011.76006  33.2%   308  264s
  2863  1968 4747.55484   53  314 6008.31000 4011.92275  33.2%   307  269s
  2920  1968 5498.67638  110  107 6008.31000 4011.92275  33.2%   304  270s
  2999  2093 4130.19874   29  530 6008.31000 4011.92275  33.2%   302  276s
  3152  2134 4591.73604   35  367 6008.31000 4011.92275  33.2%   295  281s
H 3180  2133                    6001.3100000 4011.92275  33.1%   295  281s
  3194  2234 5294.81209   45  113 6001.31000 4022.53755  33.0%   296  286s
  3339  2272 4092.33139   29  569 6001.31000 4024.50155  32.9%   291  291s
  3380  2397 4504.51840   48  424 6001.31000 4024.50155  32.9%   292  296s
  3514  2413     cutoff  109      6001.31000 4028.26402  32.9%   288  301s
  3540  2483 4517.93403   36  281 6001.31000 4034.67311  32.8%   292  307s
  3631  2543 4311.62914   32  466 6001.31000 4034.74921  32.8%   291  312s
  3699  2584 4250.00787   38  411 6001.31000 4034.74921  32.8%   293  317s
  3740  2668 4496.20306   43  331 6001.31000 4034.74921  32.8%   296  323s
  3838  2730 4441.49014   48  430 6001.31000 4034.74921  32.8%   297  381s
  3900  2782 4598.21488   53  426 6001.31000 4034.74921  32.8%   298  405s
  3981  2831 4841.75431   58  292 6001.31000 4034.74921  32.8%   299  411s
  4030  2949 4976.11591   68  214 6001.31000 4034.74921  32.8%   301  417s
  4173  3068 5475.93960   87  162 6001.31000 4037.88437  32.7%   298  425s
  4313  3142 4600.03961   41  241 6001.31000 4042.30506  32.6%   296  431s
  4385  3214 5149.32176   53  120 6001.31000 4044.05596  32.6%   299  439s
  4500  3300 4715.58119   42  335 6001.31000 4049.51045  32.5%   299  446s
  4601  3395 4489.00738   48  323 6001.31000 4053.19185  32.5%   298  453s
  4696  3445 5847.70963  104  262 6001.31000 4054.94791  32.4%   298  460s
  4791  3610 4801.41988   52  244 6001.31000 4056.65707  32.4%   299  468s
  5000  3726 4681.32744   38  355 6001.31000 4059.13223  32.4%   293  477s
  5130  3801 4453.72020   36  361 6001.31000 4059.13223  32.4%   292  488s
  5224  3881 5941.12771   85  173 6001.31000 4073.28967  32.1%   292  497s
  5324  3968 4329.79089   31  611 6001.31000 4075.70016  32.1%   294  506s
  5435  4021 4594.41897   37  557 6001.31000 4075.70016  32.1%   295  516s
  5498  4134 4768.13071   45  397 6001.31000 4075.70016  32.1%   298  526s
  5628  4256 5473.47908   66  126 6001.31000 4080.43314  32.0%   298  539s
  5771  4370     cutoff   81      6001.31000 4087.79647  31.9%   299  550s
  5900  4452 4477.15761   31  297 6001.31000 4087.79647  31.9%   300  563s
  6023  4574 5088.56826   51  162 6001.31000 4092.45292  31.8%   298  573s
  6080  4574 4326.71041   33  299 6001.31000 4092.45292  31.8%   296  849s
  6148  4684 4959.76420   48  456 6001.31000 4094.40418  31.8%   298  860s
  6284  4795 4502.25953   36  452 6001.31000 4094.58444  31.8%   297  873s
  6426  4920 4889.74266   44  178 6001.31000 4095.49262  31.8%   297  885s
  6586  4969 4416.94260   28  404 6001.31000 4096.28272  31.7%   297  896s
  6631  5118 4450.81729   32  381 6001.31000 4096.28272  31.7%   301  909s
* 6744  3066              85    5261.5800000 4096.28272  22.1%   302  910s
  6815  3078 4593.10477   39  369 5261.58000 4096.28272  22.1%   300  921s
  6881  3108     cutoff   61      5261.58000 4096.71991  22.1%   302  933s
  6929  3157 4680.71909   51  527 5261.58000 4096.91264  22.1%   304  944s
  7016  3212 4525.00012   41  405 5261.58000 4099.53885  22.1%   306  954s
  7090  3257 4697.85510   49  528 5261.58000 4102.23548  22.0%   307  965s
H 7157  2224                    4936.2400000 4102.63052  16.9%   310  978s
  7214  2250     cutoff   50      4936.24000 4105.00178  16.8%   311  991s
  7269  2310 4399.44041   33  584 4936.24000 4105.65741  16.8%   316 1003s
  7350  2365 4795.46694   43  151 4936.24000 4110.47292  16.7%   319 1017s
  7455  2407 4522.87901   37  424 4936.24000 4116.30297  16.6%   321 1030s
  7536  2436 4575.02018   44  470 4936.24000 4117.11066  16.6%   325 1044s
  7591  2471 4286.25711   40  591 4936.24000 4117.41196  16.6%   329 1056s
H 7595  2430                    4923.5100000 4117.41196  16.4%   329 1056s
  7628  2460 4522.86662   48  517 4923.51000 4117.41196  16.4%   334 1120s
  7696  2495     cutoff   59      4923.51000 4118.44840  16.4%   338 1134s
  7810  2531 4917.32121   45  238 4923.51000 4121.17533  16.3%   340 1148s
  7880  2586     cutoff   38      4923.51000 4131.93064  16.1%   344 1162s
  7998  2656 4509.62687   37  515 4923.51000 4136.62090  16.0%   347 1178s
  8095  2725 4882.69040   50  393 4923.51000 4137.51695  16.0%   349 1193s
H 8207  2741                    4918.0200000 4139.51073  15.8%   352 1210s
  8258  2798 4540.63798   36  382 4918.02000 4142.59819  15.8%   354 1225s
  8331  2861 4687.01461   41  348 4918.02000 4142.74260  15.8%   358 1241s
  8398  2907 4661.73544   40  398 4918.02000 4143.62016  15.7%   362 1257s
  8528  2983 4794.04508   57  414 4918.02000 4145.33288  15.7%   364 1327s
  8642  3044 4370.48419   32  463 4918.02000 4147.19455  15.7%   367 1344s
  8752  3080 4589.86833   41  230 4918.02000 4149.52886  15.6%   370 1361s
  8860  3121 4710.10624   34  267 4918.02000 4150.26399  15.6%   373 1378s
  8959  3189 4263.59108   37  519 4918.02000 4155.36680  15.5%   376 1395s
  9068  3261 4681.15224   45  208 4918.02000 4157.36064  15.5%   379 1436s
  9198  3305 4453.62885   42  503 4918.02000 4160.24419  15.4%   382 1455s
  9283  3343 4833.59187   50  456 4918.02000 4162.13987  15.4%   385 1472s
  9369  3425 4608.28189   43  262 4918.02000 4163.39101  15.3%   389 1491s
  9481  3486 4412.78686   33  491 4918.02000 4166.81546  15.3%   391 1614s
  9608  3548 4560.35442   38  181 4918.02000 4171.87482  15.2%   393 1633s
  9741  3626 4533.23228   39  573 4918.02000 4175.92982  15.1%   395 1681s
  9877  3677 4559.70100   34  343 4918.02000 4177.10587  15.1%   396 1698s
  9962  3703 4709.29193   34  448 4918.02000 4177.91902  15.0%   400 1720s
H 9979  3693                    4916.0000000 4177.91902  15.0%   401 1720s
 10005  3775     cutoff   41      4916.00000 4178.47199  15.0%   402 1739s
 10142  3859 4814.34255   50  401 4916.00000 4184.53415  14.9%   403 1757s
 10223  3859 4413.81003   39  461 4916.00000 4185.56193  14.9%   404 1778s
 10266  3925 4696.08219   43  489 4916.00000 4186.01037  14.8%   406 1797s
 10394  3979 4423.15448   29  433 4916.00000 4187.73474  14.8%   408 1817s
 10521  4060 4825.38420   41  366 4916.00000 4192.07184  14.7%   410 1836s
H10577  3812                    4876.0200000 4192.07184  14.0%   411 1837s
 10640  3848 4726.32677   50  407 4876.02000 4195.84454  13.9%   412 1857s
 10690  3848 4673.12709   48  567 4876.02000 4199.57834  13.9%   414 1897s
 10753  3902 4568.06458   53  510 4876.02000 4201.01476  13.8%   415 1916s
 10827  3966 4506.03495   42  398 4876.02000 4201.29967  13.8%   419 1936s
 10931  4029 4361.06399   36  530 4876.02000 4203.01153  13.8%   422 1956s
 11027  4073     cutoff   60      4876.02000 4203.39632  13.8%   425 1977s
 11153  4141 4561.68236   42  444 4876.02000 4207.09334  13.7%   428 1999s
 11215  4141 4391.29040   26  337 4876.02000 4208.81984  13.7%   429 2000s
 11274  4196 4448.47557   39  339 4876.02000 4209.39656  13.7%   431 2020s
 11385  4246     cutoff   39      4876.02000 4211.13096  13.6%   433 2062s
 11451  4246 4849.21644   33  276 4876.02000 4214.63891  13.6%   434 2076s
 11499  4312 4292.47907   27  525 4876.02000 4214.95817  13.6%   435 2096s
 11612  4374 4440.48816   42  582 4876.02000 4216.94797  13.5%   438 2212s
 11717  4431 4627.14791   42  325 4876.02000 4219.93025  13.5%   440 2234s
 11820  4490 4344.04444   41  544 4876.02000 4221.50858  13.4%   442 2256s
 11900  4521 4759.77094   53  517 4876.02000 4222.49131  13.4%   446 2277s
 12006  4560     cutoff   40      4876.02000 4225.34192  13.3%   449 2369s
 12107  4617 4628.76823   35  507 4876.02000 4226.20534  13.3%   452 2498s
 12227  4701 4674.84391   36  297 4876.02000 4227.75559  13.3%   454 2520s
H12296  4435                    4837.0000000 4227.75559  12.6%   455 2520s
 12357  4489     cutoff   56      4837.00000 4229.73355  12.6%   456 2542s
H12482  4514                    4835.4900000 4232.54883  12.5%   458 2566s
 12574  4546     cutoff   40      4835.49000 4233.52739  12.4%   460 2652s
 12696  4599     cutoff   45      4835.49000 4234.54753  12.4%   462 2678s
 12867  4655 4489.94695   28  350 4835.49000 4236.59806  12.4%   462 2702s
 12987  4718 4615.49471   30  481 4835.49000 4237.61354  12.4%   463 2725s
 13110  4766 4732.77464   48  217 4835.49000 4238.89795  12.3%   466 2745s
 13194  4833 4469.17467   39  518 4835.49000 4239.62827  12.3%   469 2796s
 13307  4889     cutoff   59      4835.49000 4239.85805  12.3%   472 2842s
 13419  4958 4641.27217   40  504 4835.49000 4241.79074  12.3%   474 2866s
 13538  5016 4688.29277   40  563 4835.49000 4246.58866  12.2%   477 2890s
 13605  5016 4587.40540   33  487 4835.49000 4247.03083  12.2%   478 2946s
 13668  5100     cutoff   50      4835.49000 4247.42147  12.2%   479 2970s
 13814  5165 4439.91868   37  539 4835.49000 4249.04014  12.1%   481 2994s
 13947  5236 4554.19652   32  273 4835.49000 4250.54849  12.1%   483 3107s
 14084  5295 4631.77412   36  380 4835.49000 4253.43875  12.0%   484 3131s
 14227  5353 4594.55398   33  492 4835.49000 4255.15362  12.0%   486 3169s
 14393  5434 4485.83528   35  485 4835.49000 4256.86241  12.0%   487 3231s
 14534  5497 4795.31729   35  497 4835.49000 4258.92436  11.9%   488 3255s
 14676  5547 4821.67900   54  479 4835.49000 4260.05400  11.9%   490 3279s
 14792  5598     cutoff   50      4835.49000 4261.51674  11.9%   492 3357s
 14879  5675 4631.26602   41  469 4835.49000 4261.87485  11.9%   494 3383s
 15016  5744 4654.00196   44  476 4835.49000 4263.17822  11.8%   495 3408s
 15089  5744 4501.30918   38  554 4835.49000 4264.11549  11.8%   496 3477s
 15151  5810 4800.78613   33  441 4835.49000 4265.04615  11.8%   497 3500s
 15293  5840 4709.21323   31  414 4835.49000 4268.42428  11.7%   499 3525s
 15416  5908 4768.84617   59  500 4835.49000 4271.11756  11.7%   501 3550s
 15564  5971 4505.43787   32  414 4835.49000 4273.13848  11.6%   502 3575s
 15627  5971 4743.90582   32  216 4835.49000 4274.21753  11.6%   503 3608s

Cutting planes:
  User: 5440
  Gomory: 11
  Cover: 374
  Implied bound: 248
  Projected implied bound: 17
  Clique: 36
  MIR: 98
  StrongCG: 1
  Flow cover: 259
  GUB cover: 1
  Inf proof: 1
  Zero half: 21
  RLT: 273
  Relax-and-lift: 6
  Lazy constraints: 659

Explored 15718 nodes (7926556 simplex iterations) in 3608.58 seconds
Thread count was 2 (of 32 available processors)

Solution count 10: 4835.49 4837 4876.02 ... 6008.31

Time limit reached
Best objective 4.835490000000e+03, best bound 4.274217529835e+03, gap 11.6074%

User-callback calls 174399, time in user-callback 813.56 sec
================================================================================
executing instance: ./input/Instances/Original/4/absH3low_3n10.dat
--------------------------------------------------------------------------------
Instance details
n	11
H	3
C	687
Li:
[0, 0, 0, 0, 0, 0, 0, 0, 0, 0, 0, ]
Ui:
[0, 189, 44, 174, 78, 36, 198, 117, 42, 96, 240, ]
Distance matrix:
|0	209	255	286	142	156	285	317	182	161	135	|
|209	0	464	451	315	356	490	469	361	299	260	|
|255	464	0	221	202	130	74	280	189	254	273	|
|286	451	221	0	145	156	164	479	354	153	192	|
|142	315	202	145	0	73	194	388	250	53	73	|
|156	356	130	156	73	0	134	332	200	127	144	|
|285	490	74	164	194	134	0	353	256	239	267	|
|317	469	280	479	388	332	353	0	141	436	430	|
|182	361	189	354	250	200	256	141	0	296	289	|
|161	299	254	153	53	127	239	436	296	0	39	|
|135	260	273	192	73	144	267	430	289	39	0	|

--------------------------------------------------------------------------------
Building model...
	using lazy and cut (CVRPSEP package)
Solving IRP LP...
--------------------------------------------------------------------------------

Gurobi 9.1.0 (linux64) logging started Fri Feb 12 20:22:22 2021

Gurobi Optimizer version 9.1.0 build v9.1.0rc0 (linux64)
Thread count: 32 physical cores, 32 logical processors, using up to 2 threads
Optimize a model with 491 rows, 1184 columns and 3506 nonzeros
Model fingerprint: 0xd85932f9
Variable types: 194 continuous, 990 integer (165 binary)
Coefficient statistics:
  Matrix range     [1e+00, 2e+02]
  Objective range  [1e-02, 5e+02]
  Bounds range     [1e+00, 2e+02]
  RHS range        [1e+00, 1e+03]
Presolve removed 150 rows and 280 columns
Presolve time: 0.05s
Presolved: 341 rows, 904 columns, 2490 nonzeros
Variable types: 101 continuous, 803 integer (658 binary)
Found heuristic solution: objective 5893.5500000

Root relaxation: objective 2.195975e+03, 608 iterations, 0.01 seconds

    Nodes    |    Current Node    |     Objective Bounds      |     Work
 Expl Unexpl |  Obj  Depth IntInf | Incumbent    BestBd   Gap | It/Node Time

     0     0 2195.97528    0   55 5893.55000 2195.97528  62.7%     -    0s
H    0     0                    5320.5500000 2195.97528  58.7%     -    0s
     0     0 2681.39925    0   77 5320.55000 2681.39925  49.6%     -    0s
     0     0 2719.54790    0   57 5320.55000 2719.54790  48.9%     -    0s
     0     0 2948.27698    0   76 5320.55000 2948.27698  44.6%     -    0s
     0     0 2970.25755    0  104 5320.55000 2970.25755  44.2%     -    0s
     0     0 2970.25838    0  102 5320.55000 2970.25838  44.2%     -    0s
     0     0 3095.33572    0  137 5320.55000 3095.33572  41.8%     -    0s
H    0     0                    4531.7100000 3095.33572  31.7%     -    0s
H    0     0                    4526.7100000 3095.33572  31.6%     -    0s
     0     0 3120.65713    0  115 4526.71000 3120.65713  31.1%     -    0s
     0     0 3120.67326    0  114 4526.71000 3120.67326  31.1%     -    0s
     0     0 3221.56222    0  153 4526.71000 3221.56222  28.8%     -    0s
H    0     0                    4353.3200000 3221.56222  26.0%     -    0s
H    0     0                    4075.3200000 3221.56222  20.9%     -    0s
     0     0 3227.22077    0  151 4075.32000 3227.22077  20.8%     -    0s
     0     0 3228.17885    0  146 4075.32000 3228.17885  20.8%     -    0s
     0     0 3228.29408    0  151 4075.32000 3228.29408  20.8%     -    0s
     0     0 3258.19271    0  127 4075.32000 3258.19271  20.1%     -    0s
     0     0 3267.23619    0  156 4075.32000 3267.23619  19.8%     -    0s
     0     0 3270.23533    0  145 4075.32000 3270.23533  19.8%     -    0s
     0     0 3270.41397    0  158 4075.32000 3270.41397  19.8%     -    0s
     0     0 3286.24129    0  194 4075.32000 3286.24129  19.4%     -    0s
     0     0 3286.42752    0  194 4075.32000 3286.42752  19.4%     -    0s
     0     0 3295.91191    0  169 4075.32000 3295.91191  19.1%     -    0s
     0     0 3298.63132    0  183 4075.32000 3298.63132  19.1%     -    0s
     0     0 3299.01193    0  187 4075.32000 3299.01193  19.0%     -    0s
     0     0 3307.32100    0  182 4075.32000 3307.32100  18.8%     -    0s
     0     0 3307.32100    0  182 4075.32000 3307.32100  18.8%     -    0s
H    0     0                    3713.5800000 3308.90817  10.9%     -    0s
     0     2 3308.90817    0  152 3713.58000 3308.90817  10.9%     -    0s
H  595   259                    3712.3200000 3471.42628  6.49%  63.6    2s
  1846   170 3662.38898    9  148 3712.32000 3598.36111  3.07%  59.4    5s

Cutting planes:
  User: 21
  Gomory: 6
  Cover: 148
  Implied bound: 90
  Clique: 16
  MIR: 47
  StrongCG: 2
  Flow cover: 69
  GUB cover: 1
  RLT: 99
  Relax-and-lift: 29
  Lazy constraints: 9

Explored 2204 nodes (125499 simplex iterations) in 5.47 seconds
Thread count was 2 (of 32 available processors)

Solution count 8: 3712.32 3713.58 4075.32 ... 5893.55

Optimal solution found (tolerance 1.00e-04)
Best objective 3.712320000000e+03, best bound 3.712320000000e+03, gap 0.0000%

User-callback calls 5480, time in user-callback 0.66 sec
================================================================================
executing instance: ./input/Instances/Original/4/absH3low_3n15.dat
--------------------------------------------------------------------------------
Instance details
n	16
H	3
C	1267
Li:
[0, 0, 0, 0, 0, 0, 0, 0, 0, 0, 0, 0, 0, 0, 0, 0, ]
Ui:
[0, 156, 267, 148, 144, 87, 33, 171, 76, 141, 270, 282, 60, 110, 172, 57, ]
Distance matrix:
|0	229	567	76	58	96	306	409	310	423	108	346	165	347	159	256	|
|229	0	482	243	279	155	375	525	251	419	158	373	65	123	329	246	|
|567	482	0	506	622	483	342	439	259	200	467	274	486	433	501	312	|
|76	243	506	0	119	88	230	337	255	352	88	272	179	347	94	194	|
|58	279	622	119	0	154	345	431	366	471	166	391	217	399	179	310	|
|96	155	483	88	154	0	266	397	224	358	17	289	92	262	176	179	|
|306	375	342	230	345	266	0	158	184	148	251	68	332	423	181	140	|
|409	525	439	337	431	397	158	0	340	244	386	201	476	581	253	298	|
|310	251	259	255	366	224	184	340	0	170	208	146	238	257	274	66	|
|423	419	200	352	471	358	148	244	170	0	341	84	396	424	323	182	|
|108	158	467	88	166	17	251	386	208	341	0	273	96	259	172	162	|
|346	373	274	272	391	289	68	201	146	84	273	0	340	400	239	127	|
|165	65	486	179	217	92	332	476	238	396	96	340	0	182	267	216	|
|347	123	433	347	399	262	423	581	257	424	259	400	182	0	423	283	|
|159	329	501	94	179	176	181	253	274	323	172	239	267	423	0	208	|
|256	246	312	194	310	179	140	298	66	182	162	127	216	283	208	0	|

--------------------------------------------------------------------------------
Building model...
	using lazy and cut (CVRPSEP package)
Solving IRP LP...
--------------------------------------------------------------------------------

Gurobi 9.1.0 (linux64) logging started Fri Feb 12 20:22:35 2021

Gurobi Optimizer version 9.1.0 build v9.1.0rc0 (linux64)
Thread count: 32 physical cores, 32 logical processors, using up to 2 threads
Optimize a model with 730 rows, 2329 columns and 6406 nonzeros
Model fingerprint: 0x35646d02
Variable types: 289 continuous, 2040 integer (240 binary)
Coefficient statistics:
  Matrix range     [1e+00, 3e+02]
  Objective range  [1e-02, 6e+02]
  Bounds range     [1e+00, 3e+02]
  RHS range        [1e+00, 2e+03]
Presolve removed 248 rows and 526 columns
Presolve time: 0.06s
Presolved: 482 rows, 1803 columns, 4540 nonzeros
Variable types: 160 continuous, 1643 integer (1436 binary)
Found heuristic solution: objective 9176.0400000

Root relaxation: objective 2.122358e+03, 772 iterations, 0.02 seconds

    Nodes    |    Current Node    |     Objective Bounds      |     Work
 Expl Unexpl |  Obj  Depth IntInf | Incumbent    BestBd   Gap | It/Node Time

     0     0 2122.35812    0  112 9176.04000 2122.35812  76.9%     -    0s
H    0     0                    9011.0400000 2122.35812  76.4%     -    0s
     0     0 2537.71398    0   91 9011.04000 2537.71398  71.8%     -    0s
H    0     0                    7281.5200000 2537.71398  65.1%     -    0s
     0     0 3010.61887    0  149 7281.52000 3010.61887  58.7%     -    0s
     0     0 3034.67371    0  149 7281.52000 3034.67371  58.3%     -    0s
     0     0 3037.23622    0  157 7281.52000 3037.23622  58.3%     -    0s
     0     0 3037.51487    0  168 7281.52000 3037.51487  58.3%     -    0s
     0     0 3103.51279    0  149 7281.52000 3103.51279  57.4%     -    0s
     0     0 3112.39553    0  165 7281.52000 3112.39553  57.3%     -    0s
     0     0 3113.07425    0  171 7281.52000 3113.07425  57.2%     -    0s
     0     0 3179.77651    0  232 7281.52000 3179.77651  56.3%     -    0s
     0     0 3180.80657    0  199 7281.52000 3180.80657  56.3%     -    0s
     0     0 3204.72288    0  212 7281.52000 3204.72288  56.0%     -    0s
H    0     0                    6918.2600000 3204.72288  53.7%     -    0s
     0     0 3205.27882    0  143 6918.26000 3205.27882  53.7%     -    0s
     0     0 3211.18894    0  192 6918.26000 3211.18894  53.6%     -    0s
     0     0 3211.18894    0  187 6918.26000 3211.18894  53.6%     -    0s
H    0     0                    6682.4000000 3212.47450  51.9%     -    0s
     0     2 3212.47450    0  187 6682.40000 3212.47450  51.9%     -    0s
H  100   101                    6599.4000000 3319.57362  49.7%   156    2s
H  128   128                    6099.7800000 3319.57362  45.6%   133    2s
H  173   178                    5514.4900000 3319.57362  39.8%   111    2s
H  184   178                    5450.4900000 3319.57362  39.1%   106    2s
H  184   178                    5221.4500000 3319.57362  36.4%   106    2s
*  401   371              72    4836.5200000 3420.19391  29.3%   100    3s
   716   608 4151.26859   14  106 4836.52000 3439.54183  28.9%  78.6    5s
H  729   579                    4565.5200000 3439.54183  24.7%  79.2    5s
H  730   550                    4564.5600000 3439.54183  24.6%  79.1    5s
H  744   532                    4523.5600000 3439.54183  24.0%  77.6    6s
   803   572 4262.13658   25   81 4523.56000 3439.54183  24.0%   101   10s
H  834   565                    4382.5600000 3439.54183  21.5%   103   10s
  1091   648 3935.64913   36  136 4382.56000 3595.39486  18.0%   126   15s
  1358   685 4200.58238   42  124 4382.56000 3723.36095  15.0%   137   20s
  1742   719 4197.91007   20  178 4382.56000 3774.09272  13.9%   140  108s
  1889   747     cutoff   34      4382.56000 3804.33147  13.2%   141  110s
  2248   759     cutoff   26      4382.56000 3832.71493  12.5%   142  115s
  2626   914     cutoff   30      4382.56000 3867.39102  11.8%   143  120s
  3012  1108 4129.24929   21  166 4382.56000 3888.56365  11.3%   146  125s
  3529  1348 4117.81193   18  150 4382.56000 3911.75945  10.7%   144  130s
  3788  1418 4328.08654   19  186 4382.56000 3927.20847  10.4%   148  135s
  4162  1546 4109.97128   23  172 4382.56000 3939.19687  10.1%   149  140s
  4614  1734 4100.67094   19  266 4382.56000 3959.86146  9.65%   150  177s
  4956  1813 4175.60030   21  179 4382.56000 3972.57745  9.35%   150  181s
  5222  1921     cutoff   17      4382.56000 3979.77318  9.19%   152  185s
  5648  2031     cutoff   30      4382.56000 3994.40730  8.86%   151  190s
  6077  2114 4073.44564   25  112 4382.56000 4008.15909  8.54%   151  195s
  6604  2216 4204.57656   18  182 4382.56000 4025.84291  8.14%   152  202s
  6992  2291 4266.53181   31  105 4382.56000 4036.72532  7.89%   152  207s
  7442  2360     cutoff   26      4382.56000 4050.39519  7.58%   151  211s
  7690  2364     cutoff   19      4382.56000 4057.57543  7.42%   151  259s
  7904  2377 4271.02397   19  111 4382.56000 4064.21122  7.26%   151  261s
  8269  2390 4197.85399   23  120 4382.56000 4072.58949  7.07%   152  266s
  8651  2430     cutoff   22      4382.56000 4083.47506  6.82%   152  271s
  9126  2430     cutoff   36      4382.56000 4094.24141  6.58%   152  276s
  9536  2446     cutoff   26      4382.56000 4108.41390  6.26%   152  280s
  9985  2407 4203.25819   25  115 4382.56000 4119.92321  5.99%   152  285s
 10645  2326 4282.47697   19  101 4382.56000 4140.43863  5.52%   151  291s
 11106  2298 4374.17452   26  197 4382.56000 4153.15235  5.23%   151  295s
 11704  2189     cutoff   27      4382.56000 4169.55228  4.86%   150  301s
 12339  2000 4361.97514   31   91 4382.56000 4188.16557  4.44%   150  306s
 12867  1892     cutoff   32      4382.56000 4201.20633  4.14%   148  310s
 13623  1745     cutoff   28      4382.56000 4219.76762  3.71%   146  315s
 14205  1475 4326.07744   28  146 4382.56000 4234.99448  3.37%   145  320s
 15126  1169     cutoff   30      4382.56000 4255.49041  2.90%   141  378s
 15305  1169     cutoff   35      4382.56000 4264.32305  2.70%   140  424s
 15510  1031 4284.33552   30   88 4382.56000 4264.41357  2.70%   139  425s
 16682   605     cutoff   33      4382.56000 4291.75975  2.07%   134  430s

Cutting planes:
  User: 982
  Gomory: 8
  Cover: 210
  Implied bound: 148
  Projected implied bound: 11
  Clique: 22
  MIR: 121
  StrongCG: 5
  Flow cover: 137
  Inf proof: 5
  Zero half: 8
  RLT: 158
  Relax-and-lift: 26
  Lazy constraints: 110

Explored 17857 nodes (2288820 simplex iterations) in 432.30 seconds
Thread count was 2 (of 32 available processors)

Solution count 10: 4382.56 4523.56 4564.56 ... 6599.4

Optimal solution found (tolerance 1.00e-04)
Best objective 4.382560000000e+03, best bound 4.382560000000e+03, gap 0.0000%

User-callback calls 53702, time in user-callback 167.91 sec
================================================================================
executing instance: ./input/Instances/Original/4/absH3low_2n45.dat
--------------------------------------------------------------------------------
Instance details
n	46
H	3
C	3171
Li:
[0, 0, 0, 0, 0, 0, 0, 0, 0, 0, 0, 0, 0, 0, 0, 0, 0, 0, 0, 0, 0, 0, 0, 0, 0, 0, 0, 0, 0, 0, 0, 0, 0, 0, 0, 0, 0, 0, 0, 0, 0, 0, 0, 0, 0, 0, ]
Ui:
[0, 246, 160, 78, 20, 87, 144, 40, 20, 82, 60, 96, 24, 136, 160, 108, 160, 26, 228, 51, 24, 240, 231, 70, 32, 105, 174, 114, 246, 126, 132, 76, 22, 42, 255, 132, 148, 162, 66, 111, 102, 240, 123, 201, 297, 78, ]
Distance matrix:
|0	148	402	550	329	420	187	318	366	280	504	273	233	333	112	344	379	481	113	593	159	523	261	424	90	359	163	461	413	240	105	299	265	89	371	462	339	273	495	22	41	439	369	506	563	468	|
|148	0	284	517	394	284	136	369	244	311	496	166	329	355	223	202	338	388	204	565	254	506	118	346	71	423	173	471	336	118	105	352	198	105	248	428	302	305	487	153	179	441	230	497	517	370	|
|402	284	0	350	448	80	228	406	42	343	382	129	456	350	412	126	219	131	382	395	410	371	180	137	314	466	289	400	137	167	389	401	169	316	39	280	217	342	373	394	414	362	108	380	324	106	|
|550	517	350	0	339	429	385	308	374	295	93	375	431	249	481	461	180	239	458	48	445	57	474	214	496	333	387	160	216	424	601	321	320	471	376	90	217	301	93	530	534	146	452	88	52	262	|
|329	394	448	339	0	513	282	42	438	105	255	363	115	108	221	484	259	431	217	365	172	289	436	362	333	30	224	189	353	380	423	47	291	296	443	285	240	107	251	307	294	193	495	260	378	437	|
|420	284	80	429	513	0	267	473	76	408	462	163	509	421	449	86	298	201	421	474	455	451	167	217	330	533	333	478	217	181	386	466	225	341	70	360	291	406	453	416	438	440	59	460	400	176	|
|187	136	228	385	282	267	0	249	199	186	360	104	248	224	184	214	207	294	155	432	189	371	155	237	113	308	68	336	227	101	216	236	78	98	205	296	168	181	350	174	190	305	231	360	390	283	|
|318	369	406	308	42	473	249	0	397	66	229	325	128	67	216	447	218	389	206	337	168	260	402	320	311	61	196	167	311	345	406	19	252	275	403	248	198	70	223	296	286	164	457	233	344	395	|
