




arguments: ./build/bc_mirp -f ./input/orig_exec_280.cfg
Current dir: /scratch/gui/bc_mirp
File verbosity level: 9
date       time         ( uptime  ) [ thread name/id ]                   file:line     v| 
2021-02-17 21:04:12.955 (   0.153s) [main thread     ]             loguru.cpp:789   INFO| Logging to './output/vi_vc+hc1_quarter/OU/V5/Original/execution_17_02_2021_21_04_12.log', mode: 'a', verbosity: 9
--------------------------------------------------------------------------------
Parameters
                           instance_path           ./input/Instances/Original/6/
                            model_policy                                       1
                             nb_vehicles                                       5
                              output_dir./output/vi_vc+hc1_quarter/OU/V5/Original/
                            sec_strategy                                       1
                       solver_nb_threads                                       2
                         solver_show_log                                    true
                       solver_time_limit                                    3600
                              use_vi_cos                                   false
                              use_vi_cus                                   false
                         use_vi_hc1_full                                   false
                         use_vi_hc1_half                                   false
                      use_vi_hc1_quarter                                    true
                              use_vi_hc2                                   false
                              use_vi_hc3                                   false
                         use_vi_lex_full                                   false
                         use_vi_lex_half                                   false
                      use_vi_lex_quarter                                   false
                              use_vi_qua                                   false
                               use_vi_vc                                    true
                               use_vi_vr                                   false
--------------------------------------------------------------------------------
executing instance: ./input/Instances/Original/6/absH6high_1n25.dat
--------------------------------------------------------------------------------
Instance details
n	26
H	6
C	1711
Li:
[0, 0, 0, 0, 0, 0, 0, 0, 0, 0, 0, 0, 0, 0, 0, 0, 0, 0, 0, 0, 0, 0, 0, 0, 0, 0, ]
Ui:
[0, 168, 176, 34, 66, 36, 177, 106, 118, 182, 64, 141, 189, 63, 46, 111, 182, 231, 36, 66, 68, 54, 132, 90, 246, 75, ]
Distance matrix:
|0	191	200	231	334	329	146	196	208	245	218	164	283	394	151	358	156	196	309	253	201	260	127	138	130	104	|
|191	0	226	229	278	146	328	216	390	417	327	293	195	334	106	296	171	122	472	151	12	411	280	53	190	130	|
|200	226	0	38	149	359	321	10	276	274	418	364	139	204	121	173	321	115	303	141	225	236	155	202	311	256	|
|231	229	38	0	110	352	358	37	314	310	448	395	108	167	129	135	342	109	336	120	226	268	194	213	335	277	|
|334	278	149	110	0	367	467	147	422	413	546	495	86	61	203	25	423	163	429	129	271	363	303	282	424	361	|
|329	146	359	352	367	0	453	349	533	562	411	393	282	411	245	378	250	244	617	245	141	556	426	195	284	243	|
|146	328	321	358	467	453	0	321	162	215	160	112	425	524	297	491	223	341	284	397	339	266	186	276	184	210	|
|196	216	10	37	147	349	321	0	281	281	414	360	132	203	112	171	315	105	311	132	216	244	159	193	305	249	|
|208	390	276	314	422	533	162	281	0	54	321	271	410	471	316	445	348	348	123	398	398	115	125	338	313	309	|
|245	417	274	310	413	562	215	281	54	0	375	323	413	457	334	435	393	361	70	406	424	69	139	367	359	349	|
|218	327	418	448	546	411	160	414	321	375	0	57	484	606	347	569	163	393	444	446	339	421	318	288	137	199	|
|164	293	364	395	495	393	112	360	271	323	57	0	437	556	300	519	144	346	393	401	305	367	261	249	109	163	|
|283	195	139	108	86	282	425	132	410	413	484	437	0	139	137	101	349	91	443	44	187	375	286	206	355	291	|
|394	334	204	167	61	411	524	203	471	457	606	556	139	0	264	38	483	222	467	183	326	403	356	341	484	421	|
|151	106	121	129	203	245	297	112	316	334	347	300	137	264	0	225	220	46	381	102	106	316	195	84	221	158	|
|358	296	173	135	25	378	491	171	445	435	569	519	101	38	225	0	444	184	450	145	288	384	328	303	446	383	|
|156	171	321	342	423	250	223	315	348	393	163	144	349	483	220	444	0	261	460	308	183	415	284	143	39	65	|
|196	122	115	109	163	244	341	105	348	361	393	346	91	222	46	184	261	0	402	56	118	336	224	119	264	200	|
|309	472	303	336	429	617	284	311	123	70	444	393	443	467	381	450	460	402	0	442	477	68	192	424	426	413	|
|253	151	141	120	129	245	397	132	398	406	446	401	44	183	102	145	308	56	442	0	143	375	273	164	315	251	|
|201	12	225	226	271	141	339	216	398	424	339	305	187	326	106	288	183	118	477	143	0	416	286	63	202	142	|
|260	411	236	268	363	556	266	244	115	69	421	367	375	403	316	384	415	336	68	375	416	0	135	365	384	363	|
|127	280	155	194	303	426	186	159	125	139	318	261	286	356	195	328	284	224	192	273	286	135	0	232	256	229	|
|138	53	202	213	282	195	276	193	338	367	288	249	206	341	84	303	143	119	424	164	63	365	232	0	153	89	|
|130	190	311	335	424	284	184	305	313	359	137	109	355	484	221	446	39	264	426	315	202	384	256	153	0	64	|
|104	130	256	277	361	243	210	249	309	349	199	163	291	421	158	383	65	200	413	251	142	363	229	89	64	0	|

--------------------------------------------------------------------------------
Building model...
	using lazy and cut (CVRPSEP package)
Solving IRP LP...
--------------------------------------------------------------------------------

Gurobi 9.1.0 (linux64) logging started Wed Feb 17 21:04:13 2021

Gurobi Optimizer version 9.1.0 build v9.1.0rc0 (linux64)
Thread count: 32 physical cores, 32 logical processors, using up to 2 threads
Optimize a model with 2342 rows, 11462 columns and 28862 nonzeros
Model fingerprint: 0xb021273e
Variable types: 932 continuous, 10530 integer (780 binary)
Coefficient statistics:
  Matrix range     [1e+00, 3e+02]
  Objective range  [1e-01, 6e+02]
  Bounds range     [1e+00, 2e+02]
  RHS range        [1e+00, 3e+03]
Presolve removed 533 rows and 1704 columns
Presolve time: 0.13s
Presolved: 1809 rows, 9758 columns, 23219 nonzeros
Variable types: 704 continuous, 9054 integer (8350 binary)

Root relaxation: objective 1.504857e+04, 2779 iterations, 0.08 seconds

    Nodes    |    Current Node    |     Objective Bounds      |     Work
 Expl Unexpl |  Obj  Depth IntInf | Incumbent    BestBd   Gap | It/Node Time

     0     0 15048.5711    0  273          - 15048.5711      -     -    0s
     0     0 15370.0188    0  272          - 15370.0188      -     -    0s
     0     0 15391.3211    0  264          - 15391.3211      -     -    0s
     0     0 15755.1169    0  354          - 15755.1169      -     -    1s
     0     0 15831.9593    0  425          - 15831.9593      -     -    1s
     0     0 15860.2363    0  412          - 15860.2363      -     -    1s
     0     0 15864.1493    0  407          - 15864.1493      -     -    1s
     0     0 15869.8339    0  392          - 15869.8339      -     -    1s
     0     0 15891.6709    0  381          - 15891.6709      -     -    2s
     0     0 15911.1785    0  403          - 15911.1785      -     -    2s
     0     0 15921.7652    0  393          - 15921.7652      -     -    2s
     0     0 15942.7805    0  381          - 15942.7805      -     -    2s
     0     0 15952.2639    0  392          - 15952.2639      -     -    2s
     0     0 15952.4387    0  396          - 15952.4387      -     -    2s
     0     0 16322.2915    0  411          - 16322.2915      -     -    3s
     0     0 16382.8234    0  486          - 16382.8234      -     -    3s
     0     0 16464.2485    0  463          - 16464.2485      -     -    3s
     0     0 16479.6019    0  452          - 16479.6019      -     -    3s
     0     0 16490.7621    0  501          - 16490.7621      -     -    4s
     0     0 16492.6283    0  497          - 16492.6283      -     -    4s
     0     0 16492.6928    0  487          - 16492.6928      -     -    4s
     0     0 16708.2359    0  482          - 16708.2359      -     -    4s
     0     0 16752.8913    0  510          - 16752.8913      -     -    5s
     0     0 16757.8543    0  517          - 16757.8543      -     -    5s
     0     0 16758.3927    0  523          - 16758.3927      -     -    5s
     0     0 16864.1006    0  545          - 16864.1006      -     -    6s
     0     0 16879.0566    0  545          - 16879.0566      -     -    6s
     0     0 16883.1023    0  556          - 16883.1023      -     -    6s
     0     0 16884.7905    0  569          - 16884.7905      -     -    6s
     0     0 16909.7228    0  465          - 16909.7228      -     -    7s
     0     0 16930.2492    0  446          - 16930.2492      -     -    7s
     0     0 16939.2498    0  513          - 16939.2498      -     -    7s
     0     0 16942.1235    0  490          - 16942.1235      -     -    8s
     0     0 16943.0282    0  537          - 16943.0282      -     -    8s
     0     0 16953.9488    0  418          - 16953.9488      -     -    8s
     0     0 16965.6175    0  447          - 16965.6175      -     -    8s
     0     0 16965.9546    0  403          - 16965.9546      -     -    8s
     0     0 16967.8560    0  407          - 16967.8560      -     -    8s
     0     0 16967.8560    0  394          - 16967.8560      -     -    9s
     0     2 16970.6500    0  391          - 16970.6500      -     -   11s
     9    12 17236.3615    3  514          - 16997.9968      -  1263   15s
    24    28 17208.1196    7  527          - 17038.3888      -  1344   20s
    59    64 17388.4786   17  392          - 17038.3888      -   880   25s
    98   106 17690.9934   28  333          - 17038.3888      -   731   30s
   162   178 18081.2635   49  289          - 17038.3888      -   606   35s
   272   291 18638.7119   97  229          - 17038.3888      -   457   40s
   403   440 19981.8534  150  143          - 17038.3888      -   359   45s
   569   577 17374.1242    6  592          - 17039.3832      -   302   51s
   610   589 17462.4372    8  566          - 17039.3832      -   305   55s
   641   618 17677.7525   17  544          - 17039.3832      -   318   60s
   660   646 17826.3662   22  504          - 17039.3832      -   333   65s
   705   689 18178.9069   39  424          - 17039.3832      -   342   70s
   738   709 18631.4143   60  394          - 17039.3832      -   344   75s
   746   714 20726.8607  162  631          - 17282.0021      -   341   80s
   758   722 21093.3854  175  737          - 17428.0170      -   335   85s
   764   726 17746.2310   30  766          - 17440.4910      -   333   90s
   776   735 17824.8639   11  248          - 17446.8816      -   361   95s
   785   741 17761.6797   12  736          - 17446.8816      -   357  100s
   792   746 20844.4570  167  729          - 17449.7919      -   353  108s
   794   747 19995.5770  114  711          - 17450.7497      -   353  112s
   795   751 17476.2035   27  690          - 17451.3659      -   377  119s
   797   752 17483.4911   28  674          - 17477.6231      -   378  126s
   801   755 17507.1019   29  701          - 17492.6148      -   381  131s
   809   761 17536.5203   31  656          - 17506.1251      -   385  135s
   833   780 17607.1083   36  535          - 17506.1251      -   389  140s
   864   801 17638.0069   43  527          - 17506.1251      -   390  145s
   893   819 17718.5084   51  414          - 17506.1251      -   396  150s
   923   846 17858.8403   59  359          - 17506.1251      -   403  155s
   969   875 18064.7508   75  340          - 17506.1251      -   406  161s
   994   893 18143.0569   83  291          - 17506.1251      -   408  165s
  1035   924 18475.3037   97  241          - 17506.1251      -   411  170s
  1087   962 18518.7907  115  280          - 17506.1251      -   410  175s
  1143  1001 18808.9771  135  277          - 17506.1251      -   414  182s
  1184  1026 19325.8769  148  253          - 17506.1251      -   417  186s
  1224  1057 19644.8379  164  243          - 17506.1251      -   417  191s
  1283  1099 20263.5145  186  203          - 17506.1251      -   416  197s
  1341  1149 20432.7775  208  170          - 17506.1251      -   418  202s
  1382  1178 20889.8187  224  171          - 17506.1251      -   415  205s
  1425  1214 20899.3783  242  211          - 17506.1251      -   412  210s
  1525  1291 21208.1648  281  171          - 17506.1251      -   405  217s
  1585  1351 21404.7532  307  159          - 17506.1251      -   400  221s
  1667  1418 21760.2874  343  142          - 17506.1251      -   390  225s
  1869  1569 23378.8989  433   67          - 17506.1251      -   366  237s
  1984  1650 23913.5155  487   44          - 17506.1251      -   351  241s
  2138  1622 17865.3264   30  668          - 17506.2394      -   337  248s
  2154  1640 17879.1023   32  655          - 17506.2394      -   340  252s
  2177  1656 17916.3572   34  598          - 17506.2394      -   341  255s
  2233  1699 17969.2709   40  565          - 17506.2394      -   343  262s
  2262  1723 18118.8302   43  624          - 17506.2394      -   345  266s
  2296  1755 18147.3723   46  587          - 17506.2394      -   346  270s
  2339  1793 18353.5927   50  571          - 17506.2394      -   347  275s
  2440  1862 18434.3917   57  621          - 17506.2394      -   347  284s
  2494  1890 18756.6787   63  550          - 17506.2394      -   346  289s
  2540  1932 18687.1691   68  518          - 17506.2394      -   347  294s
  2598  1992 18777.2375   73  510          - 17506.2394      -   347  299s
  2679  2063 18872.5834   80  536          - 17506.2394      -   344  305s
  2777  2118 19022.8707   87  494          - 17506.2394      -   341  312s
  2865  2132 19215.2467   96  497          - 17506.2394      -   339  318s
  2940  2133 19309.6385  104  514          - 17506.2394      -   338  329s
  2966  2148 19468.8075  113  485          - 17506.2394      -   341  335s
  2990  2169 19525.6381  122  460          - 17506.2394      -   344  341s
  3019  2190 19565.5729  131  468          - 17506.2394      -   346  347s
  3049  2220 19754.1365  141  450          - 17506.2394      -   350  353s
  3085  2262 19847.4959  154  482          - 17506.2394      -   354  360s
  3127  2318 19870.3842  165  473          - 17506.2394      -   356  366s
  3183  2369 20146.1335  175  519          - 17506.2394      -   358  374s
  3234  2404 20023.9079  186  486          - 17506.2394      -   361  381s
  3269  2467 20080.7190  192  565          - 17506.2394      -   361  389s
  3332  2546 20128.6361  205  533          - 17506.2394      -   363  401s
  3411  2646 20221.9841  218  532          - 17506.2394      -   363  409s
  3511  2762 20274.6890  231  494          - 17506.2394      -   361  419s
  3627  2856 20402.2719  243  510          - 17506.2394      -   357  428s
  3723  3042 20634.3205  257  492          - 17506.2394      -   355  441s
  3909  3196 20743.3712  276  426          - 17506.2394      -   347  478s
  4065  3426 21337.8645  292  352          - 17506.2394      -   343  491s
  4301  3823 20860.9124  312  399          - 17506.2394      -   335  502s
  4708  4224 20949.5136  340  361          - 17506.2394      -   315  514s
  5167  4316 21819.6170  373  350          - 17506.2394      -   293  526s
  5294  4434 22005.7523  409  332          - 17506.2394      -   292  536s
  5403  4624 22531.9654  452  303          - 17506.2394      -   293  549s
  5520  4624 22836.6434  511  231          - 17506.2394      -   290  550s
  5593  4826 23272.0504  536  222          - 17506.2394      -   290  563s
  5795  5091 24031.9623  621  229          - 17506.2394      -   288  583s
  6061  5091 18786.7048  103  323          - 17506.2394      -   283  585s
  6062  5433 25179.7270  725  158          - 17506.2394      -   283  598s
  6311  5433 26105.0245  849  136          - 17506.2394      -   277  600s
  6404  5987 26511.3529  863  103          - 17529.3203      -   277  614s
  6601  5987 27523.1886  961   43          - 17529.3203      -   271  615s
* 6834  5987            1078    29317.500000 17529.3203  40.2%   263  616s
  7022  6123 17815.0165   32  716 29317.5000 17529.3203  40.2%   261  630s
  7197  6268 18009.4811   39  613 29317.5000 17529.3203  40.2%   257  642s
  7342  6722 18047.0852   44  534 29317.5000 17529.3203  40.2%   257  671s
  7826  6777 18286.0214   57  435 29317.5000 17529.3203  40.2%   247  684s
  7881  6861 18582.9482   78  377 29317.5000 17529.3203  40.2%   250  696s
  7965  7025 19009.8692  106  396 29317.5000 17529.3203  40.2%   251  711s
H 8129  7547                    28816.500000 17529.3203  39.2%   250  732s
  8479  7547 24909.5331  421  176 28816.5000 17529.3203  39.2%   244  735s
  8712  7689 19929.6100  220  247 28816.5000 17529.3203  39.2%   239  750s
  8869  7839 21588.7639  315  189 28816.5000 17529.3203  39.2%   239  766s
  9081  8163 22764.6176  365  128 28816.5000 17544.9722  39.1%   237  780s
  9444  8220 17920.4373   34  659 28816.5000 17555.7232  39.1%   232  796s
  9475  8272 18154.8993   44  543 28816.5000 17555.7232  39.1%   233  808s
  9527  8371 18446.2845   58  340 28816.5000 17555.7232  39.1%   235  821s
  9626  8534 18888.0678   84  360 28816.5000 17555.7232  39.1%   237  835s
  9789  8636 19449.0570  134  297 28816.5000 17555.7232  39.1%   236  896s
H 9840  6155                    23291.730000 17555.7232  24.6%   236  897s
H 9891  6327                    23044.690000 17555.7232  23.8%   235  913s
 10222  6898 20732.3261  258  232 23044.6900 17555.7232  23.8%   232  933s
 10466  6898 21962.2512  392  124 23044.6900 17555.7232  23.8%   229  935s
 10795  7030 22348.8377  399  167 23044.6900 17556.0460  23.8%   226  950s
 10990  7064 18076.9643   36  564 23044.6900 17564.7585  23.8%   225  964s
 11024  7107 18540.5927   43  567 23044.6900 17564.7585  23.8%   227  977s
H11032  6710                    22588.669970 17564.7585  22.2%   227  977s
 11067  6788 18781.6857   51  489 22588.6700 17564.7585  22.2%   228  991s
 11145  6994 19457.7675   69  490 22588.6700 17564.7585  22.2%   230 1008s
 11310  6994 22191.5952  114  176 22588.6700 17564.7585  22.2%   230 1010s
 11373  7206 20396.7409   82  337 22588.6700 17572.7623  22.2%   229 1025s
 11630  7391 17975.7944   38  528 22588.6700 17572.7623  22.2%   228 1042s
 11835  7508 19010.2883   73  399 22588.6700 17572.7623  22.2%   227 1057s
 11952  7532 infeasible  176      22588.6700 17577.6306  22.2%   228 1071s
 11986  7609 18116.5324   33  653 22588.6700 17577.6306  22.2%   229 1084s
 12009  7609 19909.4319   71  298 22588.6700 17577.6306  22.2%   230 1085s
 12083  7695 18764.9772   56  471 22588.6700 17577.6306  22.2%   230 1098s
 12169  7886 19780.5519  108  388 22588.6700 17577.6306  22.2%   231 1114s
 12286  7886 18799.1902   60  281 22588.6700 17577.6306  22.2%   230 1115s
 12362  8022 21074.3593  224  279 22588.6700 17577.8927  22.2%   231 1130s
 12512  8187 18282.6809   51  476 22588.6700 17577.8927  22.2%   231 1147s
 12679  8279 19852.0415   97  302 22588.6700 17578.1351  22.2%   232 1164s
 12797  8492 18672.0014   54  435 22588.6700 17578.1351  22.2%   233 1181s
 13035  8615 21498.9742  226  166 22588.6700 17578.8800  22.2%   232 1197s
 13169  8681 18400.4181   52  455 22588.6700 17578.8800  22.2%   232 1213s
 13235  8903 19288.9706  110  349 22588.6700 17584.3894  22.2%   232 1229s
 13346  8903 20875.8428  221  245 22588.6700 17584.3894  22.2%   231 1230s
 13467  8984 17978.0012   37  417 22588.6700 17584.3894  22.2%   231 1244s
 13548  9161 18712.0654   59  399 22588.6700 17584.3975  22.2%   233 1260s
H13619  9159                    22587.440000 17584.3975  22.1%   233 1260s
 13735  9484 17885.8625   35  464 22587.4400 17584.3975  22.1%   233 1281s
 14062  9572 18439.4646   51  503 22587.4400 17584.3975  22.1%   230 1296s
 14180  9680 20216.7818  103  306 22587.4400 17589.5133  22.1%   231 1311s
 14318  9739 18045.0178   42  501 22587.4400 17589.5133  22.1%   231 1326s
 14377  9874 19347.1009   74  395 22587.4400 17590.3149  22.1%   232 1339s
 14415  9874 21551.3237  112  244 22587.4400 17590.3149  22.1%   233 1340s
H14526  9693                    22373.100000 17590.3149  21.4%   233 1357s
 14621  9693 21672.7979  101  168 22373.1000 17590.3149  21.4%   233 1363s
 14707  9878 19249.8101   72  268 22373.1000 17592.2601  21.4%   233 1379s
 14861  9878 22100.4599  226  169 22373.1000 17592.2601  21.4%   231 1380s
 14929 10084 18053.3914   38  581 22373.1000 17592.2601  21.4%   232 1399s
 15035 10084 20504.2312  134  298 22373.1000 17592.2601  21.4%   232 1400s
 15151 10194 19003.6411   74  433 22373.1000 17592.2601  21.4%   231 1413s
 15261 10586 20203.2264  161  348 22373.1000 17595.7337  21.4%   231 1435s
 15668 10713 17969.4962   34  446 22373.1000 17595.7337  21.4%   228 1453s
 15817 10793 18667.8983   55  470 22373.1000 17595.7337  21.4%   228 1468s
 15897 11027 19699.4271  121  330 22373.1000 17599.1936  21.3%   228 1485s
 16142 11104 18145.4348   36  464 22373.1000 17599.1936  21.3%   227 1499s
 16168 11104 18875.4110   63  282 22373.1000 17599.1936  21.3%   228 1500s
 16219 11136 18957.4230   62  374 22373.1000 17599.1936  21.3%   228 1517s
 16251 11454 19317.9391   81  427 22373.1000 17599.1936  21.3%   228 1534s
 16546 11454 20354.4836  240   85 22373.1000 17599.1936  21.3%   227 1537s
 16569 12001 20282.4325  147  341 22373.1000 17599.2403  21.3%   227 1555s
H16833  9185                    21084.730000 17599.2403  16.5%   224 1557s
 17177  8964 17971.5183   41  478 21084.7300 17601.5556  16.5%   221 1571s
H17249  9050                    21052.110000 17601.5556  16.4%   222 1586s
 17475  9115 20645.1023  202  226 21052.1100 17607.1279  16.4%   221 1600s
 17566  9212 18143.0450   39  465 21052.1100 17607.1279  16.4%   222 1613s
 17688  9258 18429.6944   48  399 21052.1100 17607.1279  16.4%   223 1628s
 17734  9360 18898.2663   63  313 21052.1100 17607.1279  16.4%   224 1643s
 17836  9553 19846.5773   88  223 21052.1100 17607.1279  16.4%   225 1658s
 18022  9553 20853.9973   87  171 21052.1100 17607.1279  16.4%   225 1660s
 18048  9633 20791.3466  159  113 21052.1100 17613.3515  16.3%   225 1673s
 18195  9667 18146.1233   43  521 21052.1100 17613.3515  16.3%   225 1686s
 18229  9720 18784.9865   64  466 21052.1100 17613.3515  16.3%   226 1699s
 18282  9815 20237.0824   96  266 21052.1100 17613.5738  16.3%   227 1714s
 18393  9891 18406.0494   55  504 21052.1100 17613.5738  16.3%   227 1728s
H18469  9753                    20981.000000 17613.5738  16.0%   227 1744s
H18587  9429                    20876.110000 17613.5738  15.6%   227 1745s
 18615  9493 20537.7962  191  254 20876.1100 17617.3171  15.6%   227 1759s
 18701  9553 18132.9921   52  517 20876.1100 17617.3171  15.6%   228 1772s
 18772  9627 18522.4850   62  487 20876.1100 17617.3171  15.6%   229 1786s
 18846  9909 19044.8247   90  331 20876.1100 17617.3171  15.6%   229 1804s
 18943  9909 19371.0624  158  174 20876.1100 17617.3171  15.6%   229 1805s
 19138 10108 19818.7462  238  100 20876.1100 17619.0565  15.6%   228 1822s
 19371 10161 18263.7750   50  626 20876.1100 17619.0565  15.6%   227 1837s
 19424 10286 19194.4913   72  327 20876.1100 17624.3230  15.6%   228 1853s
H19433  9942                    20789.110000 17624.3230  15.2%   228 1853s
H19579  9836                    20751.450000 17624.4257  15.1%   228 1868s
 19617 10008 18907.9051   70  438 20751.4500 17624.4257  15.1%   229 1883s
 19789 10213 20222.4323  172  265 20751.4500 17624.6149  15.1%   229 1900s
H19890 10198                    20748.450000 17624.6149  15.1%   228 1901s
 20017 10237 18123.1319   55  460 20748.4500 17625.8939  15.0%   227 1915s
 20056 10397 18888.8086   75  524 20748.4500 17625.8939  15.0%   229 1929s
 20203 10397 20265.3412  151  275 20748.4500 17625.8939  15.0%   229 1930s
 20220 10459 20475.6045  138  310 20748.4500 17626.0670  15.0%   229 1946s
 20314 10488 18309.4276   38  590 20748.4500 17627.1854  15.0%   229 1960s
 20343 10533 18370.8862   42  542 20748.4500 17627.1854  15.0%   230 1974s
 20388 10602 18673.1583   47  489 20748.4500 17627.1854  15.0%   231 1988s
 20457 10652 19191.7657   57  447 20748.4500 17627.1854  15.0%   232 2004s
 20519 10691 19757.4175   69  543 20748.4500 17627.1854  15.0%   233 2018s
 20558 10886 19908.0972   75  501 20748.4500 17627.1854  15.0%   234 2035s
 20768 10913 20560.3827  100  392 20748.4500 17628.2263  15.0%   234 2051s
 20817 10989 18251.2922   50  536 20748.4500 17628.2263  15.0%   235 2066s
 20893 11242 19579.1092   97  283 20748.4500 17634.4064  15.0%   236 2084s
 21161 11370 18308.1602   44  500 20748.4500 17634.4064  15.0%   235 2102s
 21313 11436 18519.0332   53  477 20748.4500 17634.4064  15.0%   235 2118s
H21379 11118                    20650.410000 17634.4064  14.6%   236 2135s
 21528 11315 19376.4572   89  303 20650.4100 17634.4064  14.6%   236 2153s
 21731 11421 20278.6672  173  190 20650.4100 17637.0773  14.6%   236 2170s
 21937 11468 18389.7365   54  399 20650.4100 17638.1442  14.6%   236 2185s
 21984 11619 19071.4540   87  339 20650.4100 17638.4119  14.6%   236 2201s
H21997 11248                    20582.930000 17638.4119  14.3%   236 2201s
 22147 11299 18175.8946   53  507 20582.9300 17638.4119  14.3%   236 2217s
 22214 11540 18832.9277   78  368 20582.9300 17638.4119  14.3%   237 2234s
 22247 11540 19465.0933  111  282 20582.9300 17638.4119  14.3%   237 2235s
 22455 11748 20000.1948  229  291 20582.9300 17653.2871  14.2%   236 2254s
 22552 11748 20371.1042  326  231 20582.9300 17653.2871  14.2%   236 2255s
 22695 11819 18328.1468   59  526 20582.9300 17654.4386  14.2%   235 2270s
 22766 11987 19306.8549   83  444 20582.9300 17655.8824  14.2%   236 2288s
 22963 12031 18143.7992   36  485 20582.9300 17655.9306  14.2%   236 2304s
 23007 12113 18587.3685   43  450 20582.9300 17655.9306  14.2%   237 2321s
H23089 12039                    20515.930000 17655.9306  13.9%   238 2340s
 23401 12177     cutoff  163      20515.9300 17661.3429  13.9%   237 2359s
 23497 12177 19974.5073  247  103 20515.9300 17661.3429  13.9%   236 2360s
 23582 12250 18695.8800   59  481 20515.9300 17661.3429  13.9%   236 2377s
 23655 12374 19708.6084   94  396 20515.9300 17668.7351  13.9%   237 2393s
 23808 12483 18629.1233   53  422 20515.9300 17668.7657  13.9%   237 2409s
 23882 12483 18184.0820   45  559 20515.9300 17668.7657  13.9%   237 2410s
 23919 12560     cutoff  126      20515.9300 17675.0870  13.8%   237 2425s
 24022 12632 18345.9876   48  548 20515.9300 17675.1120  13.8%   238 2443s
 24094 12846 19260.7559   90  454 20515.9300 17675.1120  13.8%   238 2459s
 24187 12846 20061.2386  183  364 20515.9300 17675.1120  13.8%   238 2460s
 24310 12892 20286.0295  192  377 20515.9300 17676.5680  13.8%   238 2476s
 24383 12994 18611.4873   59  483 20515.9300 17676.5888  13.8%   238 2492s
 24485 13089 19517.9546  106  438 20515.9300 17678.0138  13.8%   239 2508s
 24608 13123 18039.5489   54  478 20515.9300 17678.0955  13.8%   239 2524s
 24642 13191 18346.0741   61  431 20515.9300 17678.0955  13.8%   240 2539s
 24710 13335 18799.6020   75  335 20515.9300 17678.0955  13.8%   241 2556s
 24854 13534 19072.3363  101  275 20515.9300 17678.0955  13.8%   241 2576s
 25159 13740 19338.4729  143  295 20515.9300 17678.0955  13.8%   241 2599s
 25304 13740 19562.6601  216  154 20515.9300 17678.0955  13.8%   240 2600s
 25412 13967 19944.6316  235  167 20515.9300 17681.3899  13.8%   240 2622s
 25751 14004 18061.2476   52  484 20515.9300 17681.3899  13.8%   239 2639s
 25788 14086 19013.3959   73  512 20515.9300 17682.6469  13.8%   240 2657s
 25880 14147 18062.0424   35  697 20515.9300 17682.6469  13.8%   241 2675s
 25941 14198 18428.5439   47  583 20515.9300 17682.6469  13.8%   241 2690s
 26010 14314 19250.0776   64  476 20515.9300 17682.6469  13.8%   242 2707s
 26144 14375 20144.8955  106  418 20515.9300 17689.2580  13.8%   242 2723s
 26221 14484 18432.8229   53  399 20515.9300 17689.2580  13.8%   243 2740s
 26330 14555 19947.1841  106  238 20515.9300 17693.2823  13.8%   244 2756s
 26425 14695 18528.7136   52  388 20515.9300 17695.9168  13.7%   244 2775s
 26581 14761 18119.5189   50  557 20515.9300 17695.9168  13.7%   244 2791s
 26657 14840 18772.6787   69  565 20515.9300 17695.9168  13.7%   245 2807s
 26736 14948 19666.1773  121  470 20515.9300 17698.8464  13.7%   246 2823s
 26872 15003 18241.7599   52  574 20515.9300 17699.2609  13.7%   246 2840s
 26927 15109 18792.0212   69  344 20515.9300 17699.2609  13.7%   247 2855s
 27033 15388 19548.5332  101  242 20515.9300 17701.2006  13.7%   247 2873s
 27344 15416 18219.7034   55  587 20515.9300 17701.4536  13.7%   246 2890s
 27372 15502 18910.7535   69  541 20515.9300 17701.4536  13.7%   247 2905s
 27458 15633 19543.3579  109  402 20515.9300 17705.8020  13.7%   248 2925s
 27617 15668 18169.5341   39  504 20515.9300 17705.8020  13.7%   247 2942s
 27668 15778 19114.9713   62  496 20515.9300 17705.8020  13.7%   248 2958s
 27778 15837 20364.8800  118  444 20515.9300 17710.0466  13.7%   248 2975s
 27859 15889 18477.4526   45  449 20515.9300 17711.1999  13.7%   249 2993s
 27911 16054 19265.2642   76  390 20515.9300 17711.1999  13.7%   250 3011s
 28076 16120 20358.6599  188  271 20515.9300 17711.5035  13.7%   249 3028s
 28164 16178 18675.5855   50  567 20515.9300 17713.4164  13.7%   250 3044s
 28195 16178 18399.6499   47  527 20515.9300 17713.4164  13.7%   250 3045s
 28222 16326 19515.2594   81  482 20515.9300 17713.4164  13.7%   251 3062s
 28388 16367 18448.7212   48  487 20515.9300 17713.4164  13.7%   251 3079s
 28444 16426 19523.8179   73  412 20515.9300 17719.2669  13.6%   251 3098s
 28514 16451 18412.6013   50  566 20515.9300 17719.2669  13.6%   252 3121s
 28539 16536 18961.2451   64  417 20515.9300 17719.2669  13.6%   252 3139s
 28611 16536 18649.4860   44  573 20515.9300 17719.2669  13.6%   253 3140s
 28624 16588 20099.7695  136  302 20515.9300 17721.6089  13.6%   253 3158s
 28694 16642 18236.9814   36  676 20515.9300 17721.6089  13.6%   254 3177s
 28748 16712 18614.1917   52  682 20515.9300 17721.6089  13.6%   254 3194s
 28818 16862 19513.9249   80  383 20515.9300 17722.6409  13.6%   255 3213s
 28988 17036 18129.0486   39  761 20515.9300 17722.6409  13.6%   255 3240s
 29196 17081 18605.2621   56  574 20515.9300 17722.6409  13.6%   254 3258s
 29241 17212 19209.8064   86  456 20515.9300 17732.3953  13.6%   255 3279s
 29384 17262 18008.8153   37  666 20515.9300 17732.3953  13.6%   255 3297s
 29448 17361 18466.0755   41  562 20515.9300 17732.3953  13.6%   256 3319s
 29557 17427 18836.1480   44  516 20515.9300 17732.3953  13.6%   257 3336s
 29623 17516 19183.6780   52  514 20515.9300 17740.3042  13.5%   258 3356s
 29743 17582 18172.0822   57  491 20515.9300 17743.9298  13.5%   258 3374s
 29819 17676 19522.8479   78  354 20515.9300 17746.8048  13.5%   259 3393s
 29931 17718 18418.8636   49  495 20515.9300 17746.8048  13.5%   260 3412s
 29985 17891 18852.1261   67  360 20515.9300 17746.8048  13.5%   260 3433s
 30158 18091 19397.2975  198  261 20515.9300 17748.5557  13.5%   260 3454s
 30254 18091 20180.0361  273  211 20515.9300 17748.5557  13.5%   260 3455s
 30388 18189 18012.4774   34  602 20515.9300 17749.9688  13.5%   260 3474s
 30486 18326 18916.8664   54  343 20515.9300 17750.2655  13.5%   260 3496s
*30598 17984             163    20472.830000 17750.2655  13.3%   260 3497s
 30665 18056 18363.9602   50  382 20472.8300 17750.3818  13.3%   260 3516s
 30741 18246 18888.5124   62  405 20472.8300 17750.3818  13.3%   261 3536s
H30939 16882                    20316.930000 17750.3818  12.6%   261 3556s
 31147 17132 19219.8319  139  202 20316.9300 17750.3818  12.6%   261 3579s
 31271 17132 19391.1409  201  187 20316.9300 17750.3818  12.6%   261 3580s
 31409 17235     cutoff  243      20316.9300 17753.8385  12.6%   261 3599s

Cutting planes:
  User: 9266
  Gomory: 50
  Cover: 547
  Implied bound: 312
  Projected implied bound: 26
  Clique: 23
  MIR: 297
  Flow cover: 508
  GUB cover: 5
  Zero half: 20
  Network: 1
  RLT: 491
  Relax-and-lift: 11
  Lazy constraints: 685

Explored 31557 nodes (8262579 simplex iterations) in 3600.04 seconds
Thread count was 2 (of 32 available processors)

Solution count 10: 20316.9 20472.8 20515.9 ... 20981

Time limit reached
Best objective 2.031693000000e+04, best bound 1.777312059601e+04, gap 12.5206%

User-callback calls 524239, time in user-callback 206.78 sec
================================================================================
executing instance: ./input/Instances/Original/6/absH6high_1n20.dat
--------------------------------------------------------------------------------
Instance details
n	21
H	6
C	1651
Li:
[0, 0, 0, 0, 0, 0, 0, 0, 0, 0, 0, 0, 0, 0, 0, 0, 0, 0, 0, 0, 0, ]
Ui:
[0, 36, 182, 182, 90, 261, 117, 30, 110, 42, 276, 153, 40, 94, 144, 46, 129, 213, 264, 160, 174, ]
Distance matrix:
|0	371	401	343	361	341	370	115	392	400	79	266	292	245	355	431	265	194	95	92	348	|
|371	0	37	141	110	250	117	438	67	131	372	305	115	238	247	255	235	296	392	430	185	|
|401	37	0	175	100	284	146	472	90	156	406	342	152	275	280	282	242	333	415	455	178	|
|343	141	175	0	239	110	38	374	95	60	314	182	67	130	106	127	318	201	397	423	303	|
|361	110	100	239	0	341	222	451	177	240	385	374	190	304	341	361	151	345	354	398	78	|
|341	250	284	110	341	0	143	337	203	151	289	102	152	97	15	95	394	156	415	431	398	|
|370	117	146	38	222	143	0	407	61	30	346	220	81	167	137	139	317	237	417	447	292	|
|115	438	472	374	451	337	407	0	443	434	66	241	339	251	351	431	374	181	201	177	450	|
|392	67	90	95	177	203	61	443	0	66	379	275	104	216	197	193	294	283	427	461	252	|
|400	131	156	60	240	151	30	434	66	0	374	237	112	189	142	127	344	261	448	477	312	|
|79	372	406	314	385	289	346	66	379	374	0	202	275	197	304	383	316	134	175	166	388	|
|266	305	342	182	374	102	220	241	275	237	202	0	191	70	117	196	386	73	352	359	415	|
|292	115	152	67	190	152	81	339	104	112	275	191	0	123	154	193	252	183	336	366	246	|
|245	238	275	130	304	97	167	251	216	189	197	70	123	0	110	187	322	72	319	334	346	|
|355	247	280	106	341	15	137	351	197	142	304	117	154	110	0	80	399	171	427	444	400	|
|431	255	282	127	361	95	139	431	193	127	383	196	193	187	80	0	444	251	499	519	429	|
|265	235	242	318	151	394	317	374	294	344	316	386	252	322	399	444	0	332	226	273	97	|
|194	296	333	201	345	156	237	181	283	261	134	73	183	72	171	251	332	0	279	286	375	|
|95	392	415	397	354	415	417	201	427	448	175	352	336	319	427	499	226	279	0	47	321	|
|92	430	455	423	398	431	447	177	461	477	166	359	366	334	444	519	273	286	47	0	368	|
|348	185	178	303	78	398	292	450	252	312	388	415	246	346	400	429	97	375	321	368	0	|

--------------------------------------------------------------------------------
Building model...
	using lazy and cut (CVRPSEP package)
Solving IRP LP...
--------------------------------------------------------------------------------

Gurobi 9.1.0 (linux64) logging started Wed Feb 17 22:04:17 2021

Gurobi Optimizer version 9.1.0 build v9.1.0rc0 (linux64)
Thread count: 32 physical cores, 32 logical processors, using up to 2 threads
Optimize a model with 1893 rows, 7677 columns and 20067 nonzeros
Model fingerprint: 0xb0dc3495
Variable types: 747 continuous, 6930 integer (630 binary)
Coefficient statistics:
  Matrix range     [1e+00, 3e+02]
  Objective range  [1e-01, 5e+02]
  Bounds range     [1e+00, 3e+02]
  RHS range        [1e+00, 3e+03]
Presolve removed 463 rows and 1374 columns
Presolve time: 0.11s
Presolved: 1430 rows, 6303 columns, 15501 nonzeros
Variable types: 554 continuous, 5749 integer (5200 binary)

Root relaxation: objective 1.424700e+04, 2418 iterations, 0.07 seconds

    Nodes    |    Current Node    |     Objective Bounds      |     Work
 Expl Unexpl |  Obj  Depth IntInf | Incumbent    BestBd   Gap | It/Node Time

     0     0 14246.9999    0  196          - 14246.9999      -     -    0s
     0     0 14506.4455    0  308          - 14506.4455      -     -    0s
     0     0 14538.5925    0  299          - 14538.5925      -     -    0s
     0     0 14559.5614    0  277          - 14559.5614      -     -    0s
     0     0 14559.5614    0  281          - 14559.5614      -     -    0s
     0     0 14806.1985    0  307          - 14806.1985      -     -    1s
     0     0 14893.0851    0  290          - 14893.0851      -     -    1s
     0     0 14915.9657    0  311          - 14915.9657      -     -    1s
     0     0 14926.5821    0  318          - 14926.5821      -     -    1s
     0     0 14926.6039    0  319          - 14926.6039      -     -    1s
     0     0 15144.4956    0  371          - 15144.4956      -     -    1s
     0     0 15182.6200    0  334          - 15182.6200      -     -    2s
     0     0 15190.4627    0  377          - 15190.4627      -     -    2s
     0     0 15191.0478    0  376          - 15191.0478      -     -    2s
     0     0 15266.6786    0  383          - 15266.6786      -     -    2s
     0     0 15274.4346    0  431          - 15274.4346      -     -    2s
     0     0 15277.8653    0  446          - 15277.8653      -     -    2s
     0     0 15278.6243    0  479          - 15278.6243      -     -    2s
     0     0 15301.8484    0  422          - 15301.8484      -     -    3s
     0     0 15308.9467    0  452          - 15308.9467      -     -    3s
     0     0 15311.0158    0  471          - 15311.0158      -     -    3s
     0     0 15311.0867    0  487          - 15311.0867      -     -    3s
     0     0 15324.4785    0  474          - 15324.4785      -     -    3s
     0     0 15328.6902    0  520          - 15328.6902      -     -    3s
     0     0 15329.3629    0  524          - 15329.3629      -     -    3s
     0     0 15337.9634    0  474          - 15337.9634      -     -    3s
     0     0 15346.0911    0  462          - 15346.0911      -     -    4s
     0     2 15346.0911    0  461          - 15346.0911      -     -    5s
    41    45 15486.4520   12  463          - 15401.8784      -   503   10s
   101   107 16102.0616   26  379          - 15401.8784      -   441   15s
   212   226 16651.2458   55  303          - 15401.8784      -   348   20s
   367   379 infeasible  100               - 15401.8784      -   291   25s
   585   583 20478.0724  143  215          - 15401.8784      -   235   30s
   687   646 15680.9626    9  578          - 15408.5479      -   234   35s
   724   679 15486.6591    9  462          - 15408.5479      -   264   40s
   738   688 15842.2662   10  613          - 15552.2540      -   259   45s
   756   700 15967.9136   21  734          - 15590.8810      -   253   50s
   766   707 16643.2746   48  711          - 15604.7005      -   250   57s
   769   712 15631.7716   12  630          - 15606.2453      -   275   64s
   771   713 15635.2128   13  620          - 15620.8033      -   275   67s
   777   717 15680.5968   14  658          - 15633.4408      -   280   70s
   791   727 15830.6815   17  597          - 15668.7423      -   295   75s
   796   731 15836.7424   19  584          - 15668.7423      -   298   80s
   822   748 16053.2387   25  585          - 15668.7423      -   320   85s
   845   765 16162.9308   31  522          - 15668.7423      -   331   90s
   868   784 16221.1527   37  548          - 15668.7423      -   343   95s
   884   793 16349.1905   41  559          - 15668.7423      -   347  100s
   917   822 16602.5498   49  479          - 15668.7423      -   362  105s
   952   847 16879.7317   57  453          - 15668.7423      -   370  110s
  1000   877 17018.0393   66  416          - 15668.7423      -   375  115s
  1027   906 17185.8674   74  381          - 15668.7423      -   378  120s
  1075   939 17382.3634   86  380          - 15668.7423      -   378  126s
  1121   968 17508.0421   96  387          - 15668.7423      -   379  130s
  1163  1009 17602.2207  108  402          - 15668.7423      -   382  137s
  1231  1051 18142.9916  120  323          - 15668.7423      -   377  141s
  1306  1105 18590.5608  137  288          - 15668.7423      -   372  146s
