




arguments: ./build/bc_mirp -f ./input/orig_exec_88.cfg
Current dir: /scratch/gui/bc_mirp
File verbosity level: 9
date       time         ( uptime  ) [ thread name/id ]                   file:line     v| 
2021-02-07 07:28:23.009 (   0.074s) [main thread     ]             loguru.cpp:789   INFO| Logging to './output/vi_vc+hc1_quarter/OU/V5/Original/execution_07_02_2021_07_28_23.log', mode: 'a', verbosity: 9
--------------------------------------------------------------------------------
Parameters
                           instance_path           ./input/Instances/Original/2/
                            model_policy                                       1
                             nb_vehicles                                       5
                              output_dir./output/vi_vc+hc1_quarter/OU/V5/Original/
                            sec_strategy                                       1
                       solver_nb_threads                                       2
                         solver_show_log                                    true
                       solver_time_limit                                    3600
                              use_vi_cos                                   false
                              use_vi_cus                                   false
                         use_vi_hc1_full                                   false
                         use_vi_hc1_half                                   false
                      use_vi_hc1_quarter                                    true
                              use_vi_hc2                                   false
                              use_vi_hc3                                   false
                         use_vi_lex_full                                   false
                         use_vi_lex_half                                   false
                      use_vi_lex_quarter                                   false
                              use_vi_qua                                   false
                               use_vi_vc                                    true
                               use_vi_vr                                   false
--------------------------------------------------------------------------------
executing instance: ./input/Instances/Original/2/absH3high_3n40.dat
--------------------------------------------------------------------------------
Instance details
n	41
H	3
C	3283
Li:
[0, 0, 0, 0, 0, 0, 0, 0, 0, 0, 0, 0, 0, 0, 0, 0, 0, 0, 0, 0, 0, 0, 0, 0, 0, 0, 0, 0, 0, 0, 0, 0, 0, 0, 0, 0, 0, 0, 0, 0, 0, ]
Ui:
[0, 63, 111, 99, 96, 111, 282, 122, 156, 261, 42, 192, 126, 42, 162, 207, 159, 122, 102, 190, 118, 102, 132, 102, 165, 252, 66, 52, 22, 114, 210, 176, 116, 294, 78, 152, 210, 45, 130, 198, 174, ]
Distance matrix:
|0	208	225	252	227	143	258	127	267	150	28	83	163	286	57	149	201	137	214	255	70	73	107	186	328	266	249	343	222	177	293	144	262	215	167	120	169	218	143	173	255	|
|208	0	397	355	416	198	216	99	211	275	193	172	97	166	240	225	362	109	277	314	182	216	273	374	298	208	319	161	14	103	93	120	58	196	152	156	372	227	260	218	453	|
|225	397	0	427	53	364	482	343	492	129	253	225	382	386	171	188	39	291	187	195	295	182	282	55	326	491	180	551	408	315	457	366	455	275	392	244	221	439	341	214	101	|
|252	355	427	0	401	158	201	263	219	396	234	328	259	498	299	400	420	354	465	506	205	324	152	374	574	219	499	393	366	389	446	235	378	456	205	359	224	150	111	423	400	|
|227	416	53	401	0	357	477	352	489	165	253	245	389	424	179	223	85	315	234	245	293	200	264	42	375	488	231	565	428	344	484	370	474	314	392	270	184	430	325	252	50	|
|143	198	364	158	357	0	121	105	134	290	116	196	103	342	200	276	343	205	343	385	74	210	112	319	432	133	382	265	209	237	290	78	226	313	57	220	232	75	69	292	375	|
|258	216	482	201	477	121	0	168	18	397	230	293	135	381	314	372	459	275	437	480	188	317	228	439	501	18	479	197	222	296	290	132	212	386	95	306	347	58	173	381	496	|
|127	99	343	263	352	105	168	0	171	239	105	130	40	237	173	206	313	109	270	312	84	164	175	310	337	169	313	216	112	135	192	37	142	220	77	138	280	155	162	213	382	|
|267	211	492	219	489	134	18	171	0	404	240	298	136	376	323	376	468	276	441	483	198	324	243	450	500	2	483	181	215	294	281	136	202	386	102	309	363	75	189	384	509	|
|150	275	129	396	165	290	397	239	404	0	175	110	279	259	97	59	91	166	84	116	217	80	245	130	226	402	106	434	286	187	329	269	333	149	302	119	244	364	291	87	213	|
|28	193	253	234	253	116	230	105	240	175	0	94	139	286	84	167	229	136	234	275	43	96	98	212	341	238	271	320	206	175	281	118	244	225	140	128	180	191	124	189	280	|
|83	172	225	328	245	196	293	130	298	110	94	0	169	209	77	80	191	71	147	189	127	45	189	203	247	296	187	327	184	106	241	162	230	132	198	38	242	266	217	96	285	|
|163	97	382	259	389	103	135	40	136	279	139	169	0	253	212	244	353	141	307	349	110	203	194	347	366	133	350	183	107	161	187	27	124	251	56	175	306	133	169	249	418	|
|286	166	386	498	424	342	381	237	376	259	286	209	253	0	284	201	347	151	210	230	299	247	383	387	155	374	242	290	162	112	129	270	192	113	308	172	451	386	391	172	471	|
|57	240	171	299	179	200	314	173	323	97	84	77	212	284	0	112	145	147	170	208	127	38	148	137	299	321	201	386	253	183	315	195	297	195	222	112	171	275	195	142	214	|
|149	225	188	400	223	276	372	206	376	59	167	80	244	201	112	0	149	117	67	110	205	78	254	186	187	374	108	387	235	132	272	240	283	93	277	71	279	346	291	32	270	|
|201	362	39	420	85	343	459	313	468	91	229	191	353	347	145	149	0	254	149	160	272	150	271	66	290	466	146	518	373	278	419	339	420	235	367	207	227	418	327	175	135	|
|137	109	291	354	315	205	275	109	276	166	136	71	141	151	147	117	254	0	172	212	151	116	232	273	229	274	215	270	119	39	170	145	167	111	186	47	305	263	245	113	356	|
|214	277	187	465	234	343	437	270	441	84	234	147	307	210	170	67	149	172	0	42	272	141	317	205	144	439	43	437	284	175	307	305	331	99	343	132	327	413	357	60	283	|
|255	314	195	506	245	385	480	312	483	116	275	189	349	230	208	110	160	212	42	0	314	182	356	222	132	481	15	474	321	212	337	347	367	126	385	174	358	455	398	100	295	|
|70	182	295	205	293	74	188	84	198	217	43	127	110	299	127	205	272	151	272	314	0	137	91	253	370	196	310	292	195	188	274	85	226	252	99	155	197	148	94	223	316	|
|73	216	182	324	200	210	317	164	324	80	96	45	203	247	38	78	150	116	141	182	137	0	176	158	263	323	176	369	229	150	286	191	274	157	223	77	208	284	216	106	239	|
|107	273	282	152	264	112	228	175	243	245	98	189	194	383	148	254	271	232	317	356	91	176	0	231	435	242	349	371	286	271	365	167	315	321	164	224	120	174	61	280	274	|
|186	374	55	374	42	319	439	310	450	130	212	203	347	387	137	186	66	273	205	222	253	158	231	0	348	448	208	523	386	303	442	329	431	279	352	229	167	392	291	217	85	|
|328	298	326	574	375	432	501	337	500	226	341	247	366	155	299	187	290	229	144	132	370	263	435	348	0	498	147	441	299	206	283	374	338	119	414	215	465	492	463	157	425	|
|266	208	491	219	488	133	18	169	2	402	238	296	133	374	321	374	466	274	439	481	196	323	242	448	498	0	481	180	213	292	278	134	200	384	100	307	362	75	188	381	508	|
|249	319	180	499	231	382	479	313	483	106	271	187	350	242	201	108	146	215	43	15	310	176	349	208	147	481	0	480	326	217	346	347	373	135	385	175	347	454	392	103	280	|
|343	161	551	393	565	265	197	216	181	434	320	327	183	290	386	387	518	270	437	474	292	369	371	523	441	180	480	0	153	263	163	207	107	352	208	317	487	244	334	379	598	|
|222	14	408	366	428	209	222	112	215	286	206	184	107	162	253	235	373	119	284	321	195	229	286	386	299	213	326	153	0	109	81	132	48	201	162	167	386	236	272	226	466	|
|177	103	315	389	344	237	296	135	294	187	175	106	161	112	183	132	278	39	175	212	188	150	271	303	206	292	217	263	109	0	142	171	156	95	211	74	344	289	281	118	386	|
|293	93	457	446	484	290	290	192	281	329	281	241	187	129	315	272	419	170	307	337	274	286	365	442	283	278	346	163	81	142	0	212	79	211	241	214	461	311	353	254	525	|
|144	120	366	235	370	78	132	37	136	269	118	162	27	270	195	240	339	145	305	347	85	191	167	329	374	134	347	207	132	171	212	0	151	257	40	174	280	119	142	248	398	|
|262	58	455	378	474	226	212	142	202	333	244	230	124	192	297	283	420	167	331	367	226	274	315	431	338	200	373	107	48	156	79	151	0	245	173	214	421	237	293	273	510	|
|215	196	275	456	314	313	386	220	386	149	225	132	251	113	195	93	235	111	99	126	252	157	321	279	119	384	135	352	201	95	211	257	245	0	297	97	365	374	345	62	362	|
|167	152	392	205	392	57	95	77	102	302	140	198	56	308	222	277	367	186	343	385	99	223	164	352	414	100	385	208	162	211	241	40	173	297	0	213	283	79	126	287	415	|
|120	156	244	359	270	220	306	138	309	119	128	38	175	172	112	71	207	47	132	174	155	77	224	229	215	307	175	317	167	74	214	174	214	97	213	0	280	286	248	75	313	|
|169	372	221	224	184	232	347	280	363	244	180	242	306	451	171	279	227	305	327	358	197	208	120	167	465	362	347	487	386	344	461	280	421	365	283	280	0	291	175	310	176	|
|218	227	439	150	430	75	58	155	75	364	191	266	133	386	275	346	418	263	413	455	148	284	174	392	492	75	454	244	236	289	311	119	237	374	79	286	291	0	116	359	445	|
|143	260	341	111	325	69	173	162	189	291	124	217	169	391	195	291	327	245	357	398	94	216	61	291	463	188	392	334	272	281	353	142	293	345	126	248	175	116	0	313	335	|
|173	218	214	423	252	292	381	213	384	87	189	96	249	172	142	32	175	113	60	100	223	106	280	217	157	381	103	379	226	118	254	248	273	62	287	75	310	359	313	0	300	|
|255	453	101	400	50	375	496	382	509	213	280	285	418	471	214	270	135	356	283	295	316	239	274	85	425	508	280	598	466	386	525	398	510	362	415	313	176	445	335	300	0	|

--------------------------------------------------------------------------------
Building model...
	using lazy and cut (CVRPSEP package)
Solving IRP LP...
--------------------------------------------------------------------------------

Gurobi 9.1.0 (linux64) logging started Sun Feb  7 07:28:23 2021

Gurobi Optimizer version 9.1.0 build v9.1.0rc0 (linux64)
Thread count: 32 physical cores, 32 logical processors, using up to 2 threads
Optimize a model with 1877 rows, 13679 columns and 32324 nonzeros
Model fingerprint: 0xa98ed500
Variable types: 764 continuous, 12915 integer (615 binary)
Coefficient statistics:
  Matrix range     [1e+00, 7e+02]
  Objective range  [1e-01, 6e+02]
  Bounds range     [1e+00, 3e+02]
  RHS range        [1e+00, 6e+03]
Presolve removed 523 rows and 1462 columns
Presolve time: 0.27s
Presolved: 1354 rows, 12217 columns, 27163 nonzeros
Variable types: 464 continuous, 11753 integer (11162 binary)

Root relaxation: objective 1.245084e+04, 1762 iterations, 0.08 seconds

    Nodes    |    Current Node    |     Objective Bounds      |     Work
 Expl Unexpl |  Obj  Depth IntInf | Incumbent    BestBd   Gap | It/Node Time

     0     0 12450.8387    0  139          - 12450.8387      -     -    0s
     0     0 12967.2902    0  184          - 12967.2902      -     -    1s
     0     0 12967.7161    0  184          - 12967.7161      -     -    1s
     0     0 13541.9014    0  311          - 13541.9014      -     -    2s
     0     0 13563.3081    0  280          - 13563.3081      -     -    2s
     0     0 13565.6677    0  294          - 13565.6677      -     -    2s
     0     0 13566.8485    0  299          - 13566.8485      -     -    2s
     0     0 13566.8485    0  300          - 13566.8485      -     -    2s
     0     0 13672.5684    0  300          - 13672.5684      -     -    3s
     0     0 13774.4355    0  297          - 13774.4355      -     -    3s
     0     0 13786.9576    0  317          - 13786.9576      -     -    3s
     0     0 13813.7632    0  319          - 13813.7632      -     -    3s
     0     0 13815.0512    0  311          - 13815.0512      -     -    3s
     0     0 13815.0689    0  306          - 13815.0689      -     -    3s
     0     0 13872.9468    0  405          - 13872.9468      -     -    4s
     0     0 13880.7125    0  411          - 13880.7125      -     -    4s
     0     0 13882.2591    0  411          - 13882.2591      -     -    4s
     0     0 13933.9407    0  327          - 13933.9407      -     -    5s
     0     0 13948.2418    0  437          - 13948.2418      -     -    6s
     0     0 13952.3559    0  405          - 13952.3559      -     -    6s
     0     0 13952.6553    0  403          - 13952.6553      -     -    6s
     0     0 13976.3580    0  415          - 13976.3580      -     -    6s
     0     0 13980.9324    0  389          - 13980.9324      -     -    8s
     0     0 13984.4807    0  409          - 13984.4807      -     -    8s
     0     0 13993.9792    0  393          - 13993.9792      -     -    8s
     0     0 13994.9565    0  408          - 13994.9565      -     -    8s
     0     0 14014.3537    0  408          - 14014.3537      -     -    9s
     0     0 14016.6868    0  399          - 14016.6868      -     -    9s
     0     0 14025.5622    0  501          - 14025.5622      -     -   10s
     0     0 14025.5622    0  494          - 14025.5622      -     -   10s
     0     2 14025.5622    0  489          - 14025.5622      -     -   12s
    13    16 14078.2986    5  420          - 14042.3749      -   541   15s
    45    49 14132.6609   15  449          - 14042.3749      -   510   20s
    80    86 14223.2265   26  411          - 14042.3749      -   495   25s
   118   125 14444.6235   35  449          - 14042.3749      -   487   30s
   169   188 14915.8925   50  199          - 14042.3749      -   439   35s
   230   253 15229.0500   75  204          - 14042.3749      -   376   40s
   333   371 16372.9431  122   91          - 14042.3749      -   308   46s
   458   514 17569.0816  201   82          - 14042.3749      -   251   50s
   615   654 20388.5100  280   14          - 14045.1512      -   203   55s
*  621   654             285    20463.470000 14045.1512  31.4%   201   55s
*  625   654             287    20439.360000 14045.1512  31.3%   200   55s
   704   649 14259.8132    5  386 20439.3600 14045.2527  31.3%   188   60s
   724   650 15906.2035  103  494 20439.3600 14045.2527  31.3%   187   67s
   726   651 15454.8225   93  147 20439.3600 14045.2527  31.3%   186   71s
   728   653 14446.7763   36  373 20439.3600 14045.2527  31.3%   186   75s
   738   659 16524.9931  143  436 20439.3600 14110.7443  31.0%   183   80s
   747   665 17746.6965  211  586 20439.3600 14129.2856  30.9%   181   85s
   757   672 16093.6189  117  744 20439.3600 14144.0908  30.8%   179   90s
   767   679 19099.4100  264  638 20439.3600 14150.9514  30.8%   176   95s
   769   680 17099.2159  184  649 20439.3600 14152.9819  30.8%   176  133s
   773   683 14549.6152   38  578 20439.3600 14166.7482  30.7%   175  135s
   776   685 18983.7500  254  595 20439.3600 14190.6049  30.6%   174  140s
   785   691 20395.0100  281  729 20439.3600 14208.4060  30.5%   172  145s
   793   696 16871.0249  159  668 20439.3600 14212.2328  30.5%   171  150s
   803   703 14363.9284   31  666 20439.3600 14214.5289  30.5%   168  155s
   813   711 18882.3400  249  432 20439.3600 14215.0783  30.5%   197  165s
   823   718 17885.1411  210  752 20439.3600 14215.0783  30.5%   194  170s
   827   720 18799.5824  247  760 20439.3600 14217.2236  30.4%   193  175s
   836   726 14551.2674   46  757 20439.3600 14222.9556  30.4%   191  180s
   844   732 15542.4129  103  758 20439.3600 14224.7878  30.4%   189  185s
   851   736 14297.8106   19  783 20439.3600 14226.1119  30.4%   188  190s
   852   737 18754.9200  241  783 20439.3600 14226.1119  30.4%   188  195s
   863   747 14229.2981   30  723 20439.3600 14228.7422  30.4%   207  200s
   879   758 14237.9776   34  692 20439.3600 14235.5538  30.4%   216  208s
   883   763 14240.5397   35  695 20439.3600 14240.5397  30.3%   219  211s
   899   773 14250.4713   39  580 20439.3600 14245.8082  30.3%   229  215s
   913   783 14259.1379   42  569 20439.3600 14245.8082  30.3%   236  220s
   925   789 14268.8073   45  664 20439.3600 14245.8082  30.3%   241  225s
   937   802 14275.3776   48  685 20439.3600 14245.8082  30.3%   248  231s
   949   807 14287.1780   51  715 20439.3600 14245.8082  30.3%   254  235s
   961   816 14310.2622   54  595 20439.3600 14245.8082  30.3%   263  240s
   973   826 14329.0234   57  571 20439.3600 14245.8082  30.3%   268  247s
   988   837 14337.8840   61  531 20439.3600 14245.8082  30.3%   276  252s
   996   836 14378.3515   63  529 20439.3600 14245.8082  30.3%   280  255s
  1007   853 14367.9346   66  505 20439.3600 14245.8082  30.3%   283  260s
  1026   866 14386.4165   71  481 20439.3600 14245.8082  30.3%   288  265s
  1049   871 14422.2408   77  551 20439.3600 14245.8082  30.3%   295  270s
  1059   891 14448.5138   80  520 20439.3600 14245.8082  30.3%   297  276s
  1088   902 14519.5182   88  536 20439.3600 14245.8082  30.3%   303  282s
  1095   918 14522.3742   90  505 20439.3600 14245.8082  30.3%   304  285s
  1113   916 14549.4600   95  522 20439.3600 14245.8082  30.3%   308  290s
  1129   942 14571.5092   99  536 20439.3600 14245.8082  30.3%   311  297s
  1148   948 14611.7803  104  486 20439.3600 14245.8082  30.3%   314  301s
  1161   963 14653.3153  109  455 20439.3600 14245.8082  30.3%   315  305s
  1203   992 14770.2290  120  432 20439.3600 14245.8082  30.3%   321  312s
  1223   988 14879.1160  125  383 20439.3600 14245.8082  30.3%   324  318s
  1226  1021 14946.8925  125  362 20439.3600 14245.8082  30.3%   325  321s
  1260  1051 14923.7571  135  391 20439.3600 14245.8082  30.3%   325  325s
  1301  1062 15000.2514  146  315 20439.3600 14245.8082  30.3%   324  331s
  1326  1088 15097.6074  155  392 20439.3600 14245.8082  30.3%   324  335s
  1360  1090 15140.6604  162  371 20439.3600 14245.8082  30.3%   325  341s
  1373  1123 15189.2620  165  352 20439.3600 14245.8082  30.3%   325  345s
  1411  1161 15309.8211  173  326 20439.3600 14245.8082  30.3%   327  350s
  1461  1220 15633.1807  185  246 20439.3600 14245.8082  30.3%   327  355s
  1537  1313 16000.4665  208  141 20439.3600 14245.8082  30.3%   321  362s
  1655  1349 16418.4086  242  101 20439.3600 14245.8082  30.3%   309  370s
  1731  1352 16758.2369  267   29 20439.3600 14246.4018  30.3%   300  379s
  1756  1344 17210.4500  279    6 20439.3600 14246.4018  30.3%   297  380s
  1801  1446 18421.8150  289    8 20439.3600 14255.7803  30.3%   290  387s
  1917  1479 14483.7168   34  535 20439.3600 14255.7803  30.3%   281  398s
  1979  1522 14461.6001   35  540 20439.3600 14255.7803  30.3%   277  407s
  2079  1519 14500.2321   38  511 20439.3600 14255.7803  30.3%   269  416s
  2091  1536 14515.0132   38  496 20439.3600 14255.7803  30.3%   271  421s
  2112  1548 14652.8455   46  339 20439.3600 14255.7803  30.3%   274  426s
  2131  1566 14783.3551   48  252 20439.3600 14255.7803  30.3%   277  432s
  2155  1568 14769.4227   56  295 20439.3600 14255.7803  30.3%   280  438s
  2165  1579 14773.3158   59  361 20439.3600 14255.7803  30.3%   281  445s
  2180  1610 14796.5356   61  326 20439.3600 14255.7803  30.3%   283  451s
  2216  1641 14885.8513   75  261 20439.3600 14255.7803  30.3%   285  458s
  2259  1654 15158.0871   81  233 20439.3600 14255.7803  30.3%   287  466s
  2286  1723 15186.4380   88  139 20439.3600 14255.7803  30.3%   287  474s
  2312  1714 15295.0801   96  118 20439.3600 14255.7803  30.3%   286  475s
  2364  1868 15606.2439  105  129 20439.3600 14255.7803  30.3%   285  486s
  2535  1988 16235.8955  157   57 20439.3600 14255.7803  30.3%   273  501s
  2716  1962 infeasible  188      20439.3600 14260.4450  30.2%   263  532s
  2774  1986 14438.9673   45  664 20439.3600 14260.4450  30.2%   263  543s
  2818  2092 14471.7393   46  685 20439.3600 14260.4450  30.2%   264  555s
  2938  2081 14424.6749   47  675 20439.3600 14260.4450  30.2%   260  568s
  2967  2283 14533.7230   51  656 20439.3600 14260.4450  30.2%   260  580s
  3187  2291 14625.2414   53  621 20439.3600 14260.4450  30.2%   249  596s
* 3216  2178             212    17315.560000 14260.4450  17.6%   248  597s
  3263  2160 14641.5282   55  544 17315.5600 14260.4450  17.6%   246  609s
  3287  2191 14645.7726   62  532 17315.5600 14260.4450  17.6%   249  620s
  3318  2249 14723.6878   72  575 17315.5600 14260.4450  17.6%   251  632s
  3376  2308 14757.8957   76  512 17315.5600 14260.4450  17.6%   252  647s
  3453  2366 14843.2481   85  459 17315.5600 14260.4450  17.6%   251  663s
  3540  2383 16845.1917   86   25 17315.5600 14260.4450  17.6%   250  665s
  3569  2422 15088.7492   89  373 17315.5600 14260.4450  17.6%   249  680s
  3608  2455 15146.3083   98  417 17315.5600 14260.4450  17.6%   251  695s
  3641  2503 15284.7902  107  281 17315.5600 14260.4450  17.6%   254  709s
  3689  2578 15476.0177  117  299 17315.5600 14260.4450  17.6%   256  723s
  3764  2758 15738.3500  138  180 17315.5600 14260.4450  17.6%   257  740s
  3944  2943 16728.8039  180  139 17315.5600 14266.9669  17.6%   253  763s
  4041  2944 16915.1119  213   29 17315.5600 14266.9669  17.6%   250  765s
  4166  3032 infeasible  235      17315.5600 14266.9711  17.6%   247  787s
  4251  3271 14478.9061   34  606 17315.5600 14266.9711  17.6%   248  816s
  4421  3271 16521.3057  166   30 17315.5600 14266.9711  17.6%   244  820s
  4532  3311 14774.8776   41  325 17315.5600 14266.9711  17.6%   240  841s
  4564  3375 15035.2391   47  266 17315.5600 14266.9711  17.6%   242  860s
  4628  3532 15875.3933   68  195 17315.5600 14270.0288  17.6%   244  884s
  4653  3532 16151.8717   78  139 17315.5600 14270.0288  17.6%   244  885s
  4842  3560 infeasible  105      17315.5600 14272.6477  17.6%   240  912s
  4875  3626 14675.7520   49  452 17315.5600 14272.8138  17.6%   242  932s
  4941  3756 15519.6820   86  231 17315.5600 14273.6612  17.6%   243  958s
  5014  3756 16720.4200  152    - 17315.5600 14273.6612  17.6%   241  960s
  5112  3783     cutoff  160      17315.5600 14276.1199  17.6%   241  986s
  5141  3818 14591.2284   56  518 17315.5600 14276.1199  17.6%   243 1012s
  5176  3900 14777.5483   60  498 17315.5600 14276.1199  17.6%   246 1036s
  5270  3927 14759.2741   62  515 17315.5600 14276.1199  17.6%   246 1066s
  5298  3970 14943.5891   70  371 17315.5600 14276.1199  17.6%   248 1091s
  5341  4091 15045.6806   81  379 17315.5600 14276.1199  17.6%   250 1128s
  5409  4091 15889.5672   94  173 17315.5600 14276.1199  17.6%   251 1130s
  5474  4207 15404.0348  100  154 17315.5600 14276.1199  17.6%   250 1158s
  5571  4207 15802.7563  123   40 17315.5600 14276.1199  17.6%   250 1160s
  5590  4394 16292.6834  124   73 17315.5600 14286.0484  17.5%   251 1191s
  5743  4397 16884.2455  163   74 17315.5600 14286.0484  17.5%   247 1195s
  5797  4453 14504.1926   44  480 17315.5600 14286.0484  17.5%   247 1221s
  5852  4518 14894.6795   48  318 17315.5600 14286.0484  17.5%   249 1248s
  5933  4618 15108.4846   52  321 17315.5600 14287.9813  17.5%   249 1282s
  6053  4716 14444.8953   33  635 17315.5600 14287.9813  17.5%   249 1315s
  6169  4768 14849.4691   47  477 17315.5600 14287.9813  17.5%   248 1345s
  6221  4851 15939.2609   84  257 17315.5600 14288.7488  17.5%   250 1405s
  6320  4909     cutoff  156      17315.5600 14289.3909  17.5%   249 1435s
  6381  4987 14690.0390   58  543 17315.5600 14289.3909  17.5%   250 1468s
  6475  5090 15033.2312   83  428 17315.5600 14296.2294  17.4%   250 1500s
  6610  5132 14689.3616   50  527 17315.5600 14296.2294  17.4%   249 1533s
  6649  5232 14849.5671   58  427 17315.5600 14296.2294  17.4%   251 1563s
  6738  5232 16589.9205  163   45 17315.5600 14296.2294  17.4%   251 1565s
  6759  5280 14887.3147   66  450 17315.5600 14296.2294  17.4%   251 1595s
  6807  5352 15107.5431   74  419 17315.5600 14296.2294  17.4%   252 1625s
  6879  5454 15433.9555   89  230 17315.5600 14296.2294  17.4%   253 1659s
  6903  5454 15579.3227   98  140 17315.5600 14296.2294  17.4%   253 1660s
  6991  5619 15832.5267  105  153 17315.5600 14296.2294  17.4%   252 1693s
  7066  5619 16040.5077  122   52 17315.5600 14296.2294  17.4%   251 1695s
  7156  5754 16550.4107  143   69 17315.5600 14312.0806  17.3%   252 1729s
  7180  5754 16628.9168  151   34 17315.5600 14312.0806  17.3%   251 1730s
  7313  5804 17094.2500  169    - 17315.5600 14312.3411  17.3%   250 1776s
  7385  5922 17169.5600  169    6 17315.5600 14313.2195  17.3%   251 1824s
  7445  5928 15497.8058   78  254 17315.5600 14321.1200  17.3%   253 1825s
  7525  5968 15344.7754   58  474 17315.5600 14321.1200  17.3%   252 1870s
  7565  6111 15773.2536   66  445 17315.5600 14321.1221  17.3%   254 1918s
  7650  6111 16808.2595  106  109 17315.5600 14321.1221  17.3%   253 1920s
  7728  6198 infeasible  122      17315.5600 14321.9382  17.3%   253 1971s
  7818  6397 15166.2853   62  428 17315.5600 14322.0267  17.3%   255 2023s
  7897  6397 17277.1450  141   42 17315.5600 14322.0267  17.3%   255 2025s
  8060  6432 14514.8075   55  525 17315.5600 14328.6898  17.2%   253 2072s
  8095  6586 15179.4749   74  482 17315.5600 14328.7527  17.2%   255 2120s
  8286  6655 17120.9800  153    - 17315.5600 14334.9267  17.2%   254 2170s
  8358  6760 17312.6976  153    7 17315.5600 14340.5756  17.2%   256 2224s
  8384  6760 15223.0696   75  440 17315.5600 14340.5765  17.2%   257 2225s
  8486  6770 14857.1011   65  508 17315.5600 14340.5765  17.2%   256 2272s
  8497  6928 14955.0910   73  537 17315.5600 14340.5765  17.2%   256 2322s
  8596  6928 16062.4025  172   77 17315.5600 14340.5765  17.2%   256 2325s
  8667  7050 infeasible  205      17315.5600 14344.4800  17.2%   256 2374s
  8707  7050 15307.2692   71  340 17315.5600 14344.5725  17.2%   257 2376s
  8817  7204 15120.7461   74  299 17315.5600 14346.9570  17.1%   256 2433s
  8865  7204 15521.4359  122  103 17315.5600 14346.9570  17.1%   255 2435s
  9017  7318 14909.9069   64  505 17315.5600 14348.4212  17.1%   254 2491s
  9126  7332 17036.7793  152   36 17315.5600 14349.2431  17.1%   255 2571s
  9157  7392 14500.7827   35  650 17315.5600 14349.2431  17.1%   256 2626s
  9217  7552 15487.5292   72  278 17315.5600 14349.3497  17.1%   258 2686s
  9389  7759 14627.1169   62  534 17315.5600 14349.3497  17.1%   258 2751s
  9536  7759 16162.1617  133   16 17315.5600 14349.3497  17.1%   257 2755s
  9652  7870 14839.6187   76  403 17315.5600 14349.3497  17.1%   256 2818s
  9759  8003 15350.2052  104   33 17315.5600 14352.4364  17.1%   257 2877s
  9879  8016 16699.1112  163   21 17315.5600 14352.4364  17.1%   256 2880s
  9939  8128 17113.6378  171    9 17315.5600 14353.8535  17.1%   257 2938s
  9996  8135 15338.3341   80  251 17315.5600 14355.3410  17.1%   257 2940s
 10076  8190 infeasible  173      17315.5600 14355.8026  17.1%   257 2999s
 10145  8389 14927.9612   58  379 17315.5600 14356.3813  17.1%   258 3062s
 10267  8389 15073.4947   83  541 17315.5600 14356.5161  17.1%   258 3065s
 10414  8441 14769.1707   44  546 17315.5600 14356.5161  17.1%   256 3126s
 10498  8544 15062.3422   51  403 17315.5600 14356.5161  17.1%   258 3189s
 10524  8544 15225.0461   63  118 17315.5600 14356.5161  17.1%   258 3190s
 10601  8693 15637.8512   79   70 17315.5600 14358.3242  17.1%   259 3256s
 10808  8739     cutoff  130      17315.5600 14360.1223  17.1%   258 3319s
 10848  8922 14872.6864   46  441 17315.5600 14361.0959  17.1%   260 3383s
 10920  8922 16113.9882  118   90 17315.5600 14361.0959  17.1%   260 3385s
 11071  8987 14483.7917   43  571 17315.5600 14364.0557  17.0%   259 3448s
 11137  9129 15376.1045   82  259 17315.5600 14368.4842  17.0%   261 3512s
 11258  9129 15626.6684   86  183 17315.5600 14369.1940  17.0%   260 3515s
 11321  9190 14652.4718   37  616 17315.5600 14369.1940  17.0%   260 3582s
 11382  9218 14808.5132   51  269 17315.5600 14369.1940  17.0%   263 3600s

Cutting planes:
  User: 8268
  Gomory: 32
  Cover: 527
  Implied bound: 188
  Projected implied bound: 8
  Clique: 35
  MIR: 158
  Flow cover: 419
  GUB cover: 4
  Inf proof: 1
  Zero half: 24
  RLT: 315
  Relax-and-lift: 11
  Lazy constraints: 1865

Explored 11410 nodes (3017893 simplex iterations) in 3600.76 seconds
Thread count was 2 (of 32 available processors)

Solution count 3: 17315.6 20439.4 20463.5 

Time limit reached
Best objective 1.731556000000e+04, best bound 1.436919399292e+04, gap 17.0157%

User-callback calls 436574, time in user-callback 160.85 sec
================================================================================
executing instance: ./input/Instances/Original/2/absH3high_4n10.dat
--------------------------------------------------------------------------------
Instance details
n	11
H	3
C	822
Li:
[0, 0, 0, 0, 0, 0, 0, 0, 0, 0, 0, ]
Ui:
[0, 102, 52, 88, 182, 153, 138, 38, 165, 297, 86, ]
Distance matrix:
|0	285	411	382	327	239	148	256	307	36	383	|
|285	0	352	98	249	103	227	235	120	268	209	|
|411	352	0	395	106	430	263	549	234	429	174	|
|382	98	395	0	302	173	320	288	168	364	227	|
|327	249	106	302	0	324	179	444	135	339	109	|
|239	103	430	173	324	0	241	132	212	212	305	|
|148	227	263	320	179	241	0	325	192	165	249	|
|256	235	549	288	444	132	325	0	342	220	436	|
|307	120	234	168	135	212	192	342	0	304	94	|
|36	268	429	364	339	212	165	220	304	0	386	|
|383	209	174	227	109	305	249	436	94	386	0	|

--------------------------------------------------------------------------------
Building model...
	using lazy and cut (CVRPSEP package)
Solving IRP LP...
--------------------------------------------------------------------------------

Gurobi 9.1.0 (linux64) logging started Sun Feb  7 08:28:24 2021

Gurobi Optimizer version 9.1.0 build v9.1.0rc0 (linux64)
Thread count: 32 physical cores, 32 logical processors, using up to 2 threads
Optimize a model with 491 rows, 1184 columns and 3506 nonzeros
Model fingerprint: 0x529b494a
Variable types: 194 continuous, 990 integer (165 binary)
Coefficient statistics:
  Matrix range     [1e+00, 3e+02]
  Objective range  [2e-01, 5e+02]
  Bounds range     [1e+00, 3e+02]
  RHS range        [1e+00, 1e+03]
Presolve removed 154 rows and 247 columns
Presolve time: 0.06s
Presolved: 337 rows, 937 columns, 2547 nonzeros
Variable types: 98 continuous, 839 integer (696 binary)
Found heuristic solution: objective 10432.380000

Root relaxation: objective 4.649177e+03, 710 iterations, 0.02 seconds

    Nodes    |    Current Node    |     Objective Bounds      |     Work
 Expl Unexpl |  Obj  Depth IntInf | Incumbent    BestBd   Gap | It/Node Time

     0     0 4649.17683    0   80 10432.3800 4649.17683  55.4%     -    0s
     0     0 5107.17397    0  144 10432.3800 5107.17397  51.0%     -    0s
     0     0 5120.36394    0  103 10432.3800 5120.36394  50.9%     -    0s
     0     0 5120.38335    0  104 10432.3800 5120.38335  50.9%     -    0s
     0     0 5352.59798    0  126 10432.3800 5352.59798  48.7%     -    0s
H    0     0                    8988.5600000 5352.59798  40.5%     -    0s
     0     0 5369.47485    0  123 8988.56000 5369.47485  40.3%     -    0s
     0     0 5370.75403    0  129 8988.56000 5370.75403  40.2%     -    0s
     0     0 5370.81216    0  131 8988.56000 5370.81216  40.2%     -    0s
     0     0 5454.68037    0  127 8988.56000 5454.68037  39.3%     -    0s
H    0     0                    7891.6100000 5454.68037  30.9%     -    0s
     0     0 5482.08853    0  149 7891.61000 5482.08853  30.5%     -    0s
     0     0 5490.69724    0  146 7891.61000 5490.69724  30.4%     -    0s
     0     0 5494.19920    0  148 7891.61000 5494.19920  30.4%     -    0s
     0     0 5495.41518    0  155 7891.61000 5495.41518  30.4%     -    0s
     0     0 5495.81307    0  159 7891.61000 5495.81307  30.4%     -    0s
     0     0 5552.96458    0  166 7891.61000 5552.96458  29.6%     -    0s
H    0     0                    7834.6100000 5552.96458  29.1%     -    0s
     0     0 5554.85841    0  167 7834.61000 5554.85841  29.1%     -    0s
     0     0 5555.07141    0  160 7834.61000 5555.07141  29.1%     -    0s
     0     0 5635.53131    0  163 7834.61000 5635.53131  28.1%     -    0s
H    0     0                    7350.4300000 5635.53131  23.3%     -    0s
     0     0 5644.99838    0  165 7350.43000 5644.99838  23.2%     -    0s
     0     0 5645.59317    0  176 7350.43000 5645.59317  23.2%     -    0s
     0     0 5664.63748    0  172 7350.43000 5664.63748  22.9%     -    0s
     0     0 5670.40827    0  188 7350.43000 5670.40827  22.9%     -    0s
     0     0 5671.59544    0  182 7350.43000 5671.59544  22.8%     -    0s
     0     0 5671.98180    0  187 7350.43000 5671.98180  22.8%     -    0s
     0     0 5686.31994    0  204 7350.43000 5686.31994  22.6%     -    0s
     0     0 5692.24172    0  181 7350.43000 5692.24172  22.6%     -    0s
     0     0 5696.67516    0  203 7350.43000 5696.67516  22.5%     -    0s
     0     0 5696.91655    0  198 7350.43000 5696.91655  22.5%     -    0s
     0     0 5704.09309    0  193 7350.43000 5704.09309  22.4%     -    0s
     0     0 5704.78244    0  230 7350.43000 5704.78244  22.4%     -    0s
     0     0 5707.74211    0  249 7350.43000 5707.74211  22.3%     -    0s
     0     0 5707.74211    0  248 7350.43000 5707.74211  22.3%     -    0s
H    0     0                    7073.5700000 5707.74211  19.3%     -    0s
H    0     0                    6849.4700000 5708.12667  16.7%     -    0s
     0     2 5708.12667    0  247 6849.47000 5708.12667  16.7%     -    0s
H   27    32                    6777.4700000 5759.68913  15.0%   127    1s
   756   481 6639.83979   17  203 6777.47000 5871.04726  13.4%  67.8    5s
  1227   590     cutoff   28      6777.47000 6024.05646  11.1%  75.1   10s
  2195   701     cutoff   33      6777.47000 6150.11496  9.26%  77.3   15s
  3206  1011     cutoff   26      6777.47000 6234.42125  8.01%  76.3   20s
  4455  1323 6607.27097   28  124 6777.47000 6301.26769  7.03%  74.8   25s
  5534  1516     cutoff   35      6777.47000 6344.21533  6.39%  74.2   30s
  6855  1661 6638.55200   34  138 6777.47000 6388.75595  5.74%  73.4   35s
  8096  1690     cutoff   30      6777.47000 6428.90198  5.14%  72.3   40s
  9178  1683 6630.56185   36  105 6777.47000 6460.18595  4.68%  72.1   45s
 10716  1587 6651.59574   28   77 6777.47000 6503.14908  4.05%  71.2   50s
 12444  1344 infeasible   32      6777.47000 6547.21878  3.40%  70.5   55s
 13638  1075     cutoff   35      6777.47000 6579.89677  2.92%  69.7   60s
 15364   417     cutoff   31      6777.47000 6640.57113  2.02%  67.9   65s

Cutting planes:
  User: 140
  Gomory: 17
  Cover: 109
  Implied bound: 95
  Projected implied bound: 9
  Clique: 8
  MIR: 116
  StrongCG: 1
  Flow cover: 106
  GUB cover: 2
  Inf proof: 5
  Zero half: 6
  RLT: 103
  Relax-and-lift: 53

Explored 16196 nodes (1077472 simplex iterations) in 66.10 seconds
Thread count was 2 (of 32 available processors)

Solution count 8: 6777.47 6849.47 7073.57 ... 10432.4

Optimal solution found (tolerance 1.00e-04)
Best objective 6.777470000000e+03, best bound 6.777470000000e+03, gap 0.0000%

User-callback calls 39734, time in user-callback 5.65 sec
================================================================================
executing instance: ./input/Instances/Original/2/absH3high_3n20.dat
--------------------------------------------------------------------------------
Instance details
n	21
H	3
C	1536
Li:
[0, 0, 0, 0, 0, 0, 0, 0, 0, 0, 0, 0, 0, 0, 0, 0, 0, 0, 0, 0, 0, ]
Ui:
[0, 48, 207, 156, 294, 207, 297, 54, 114, 90, 228, 132, 84, 64, 51, 153, 60, 39, 195, 82, 130, ]
Distance matrix:
|0	41	141	324	154	98	307	402	160	217	284	269	188	233	54	185	307	149	286	276	103	|
|41	0	114	285	184	88	285	385	200	197	251	230	189	270	48	205	295	160	245	241	62	|
|141	114	0	200	208	193	353	459	269	275	289	154	129	371	160	192	380	136	205	267	88	|
|324	285	200	0	406	330	386	484	467	344	286	57	299	555	318	380	442	327	114	255	226	|
|154	184	208	406	0	250	460	553	101	370	436	361	136	247	208	63	455	87	405	425	232	|
|98	88	193	330	250	0	211	304	232	121	204	273	276	249	44	283	210	244	259	204	113	|
|307	285	353	386	460	211	0	106	436	90	104	342	467	407	253	490	72	445	275	134	269	|
|402	385	459	484	553	304	106	0	517	188	198	443	570	463	348	587	102	545	371	229	373	|
|160	200	269	467	101	232	436	517	0	349	434	417	231	148	200	163	415	179	444	431	261	|
|217	197	275	344	370	121	90	188	349	0	111	293	382	335	163	400	106	357	244	128	187	|
|284	251	289	286	436	204	104	198	434	111	0	246	413	441	235	452	170	401	173	31	214	|
|269	230	154	57	361	273	342	443	417	293	246	0	266	500	261	342	393	286	85	215	170	|
|188	189	129	299	136	276	467	570	231	382	413	266	0	368	233	88	483	53	330	394	201	|
|233	270	371	555	247	249	407	463	148	335	441	500	368	0	242	310	364	316	504	448	330	|
|54	48	160	318	208	44	253	348	200	163	235	261	233	242	0	239	254	200	262	230	92	|
|185	205	192	380	63	283	490	587	163	400	452	342	88	310	239	0	492	56	397	438	240	|
|307	295	380	442	455	210	72	102	415	106	170	393	483	364	254	492	0	453	334	198	293	|
|149	160	136	327	87	244	445	545	179	357	401	286	53	316	200	56	453	0	341	385	188	|
|286	245	205	114	405	259	275	371	444	244	173	85	330	504	262	397	334	341	0	142	183	|
|276	241	267	255	425	204	134	229	431	128	31	215	394	448	230	438	198	385	142	0	198	|
|103	62	88	226	232	113	269	373	261	187	214	170	201	330	92	240	293	188	183	198	0	|

--------------------------------------------------------------------------------
Building model...
	using lazy and cut (CVRPSEP package)
Solving IRP LP...
--------------------------------------------------------------------------------

Gurobi 9.1.0 (linux64) logging started Sun Feb  7 08:29:30 2021

Gurobi Optimizer version 9.1.0 build v9.1.0rc0 (linux64)
Thread count: 32 physical cores, 32 logical processors, using up to 2 threads
Optimize a model with 957 rows, 3849 columns and 10044 nonzeros
Model fingerprint: 0x40e6c716
Variable types: 384 continuous, 3465 integer (315 binary)
Coefficient statistics:
  Matrix range     [1e+00, 3e+02]
  Objective range  [1e-01, 6e+02]
  Bounds range     [1e+00, 3e+02]
  RHS range        [1e+00, 3e+03]
Presolve removed 307 rows and 744 columns
Presolve time: 0.08s
Presolved: 650 rows, 3105 columns, 7477 nonzeros
Variable types: 221 continuous, 2884 integer (2603 binary)

Root relaxation: objective 6.940916e+03, 921 iterations, 0.02 seconds

    Nodes    |    Current Node    |     Objective Bounds      |     Work
 Expl Unexpl |  Obj  Depth IntInf | Incumbent    BestBd   Gap | It/Node Time

     0     0 6940.91577    0   77          - 6940.91577      -     -    0s
     0     0 7243.05532    0  123          - 7243.05532      -     -    0s
     0     0 7258.30431    0  128          - 7258.30431      -     -    0s
     0     0 7557.46898    0  136          - 7557.46898      -     -    0s
     0     0 7558.65377    0  138          - 7558.65377      -     -    0s
     0     0 7560.86018    0  137          - 7560.86018      -     -    0s
     0     0 7560.86018    0  137          - 7560.86018      -     -    0s
     0     0 7751.98457    0  171          - 7751.98457      -     -    0s
     0     0 7762.88814    0  187          - 7762.88814      -     -    0s
     0     0 7894.88281    0  199          - 7894.88281      -     -    0s
H    0     0                    11615.430000 7894.88281  32.0%     -    0s
     0     0 7903.51558    0  188 11615.4300 7903.51558  32.0%     -    0s
     0     0 7903.88943    0  193 11615.4300 7903.88943  32.0%     -    0s
     0     0 7936.26999    0  198 11615.4300 7936.26999  31.7%     -    0s
     0     0 7940.15085    0  189 11615.4300 7940.15085  31.6%     -    1s
     0     0 7941.57637    0  206 11615.4300 7941.57637  31.6%     -    1s
     0     0 7941.93442    0  229 11615.4300 7941.93442  31.6%     -    1s
     0     0 7955.62727    0  244 11615.4300 7955.62727  31.5%     -    1s
H    0     0                    11172.480000 7955.62727  28.8%     -    1s
     0     0 7961.80753    0  232 11172.4800 7961.80753  28.7%     -    1s
     0     0 7961.95645    0  233 11172.4800 7961.95645  28.7%     -    1s
     0     0 7967.18858    0  234 11172.4800 7967.18858  28.7%     -    1s
     0     0 7967.18858    0  234 11172.4800 7967.18858  28.7%     -    1s
     0     2 7967.18858    0  232 11172.4800 7967.18858  28.7%     -    1s
H   27    29                    11121.480000 8012.38503  28.0%   236    2s
H   53    56                    11061.480000 8012.38503  27.6%   196    3s
H  162   179                    10166.070000 8012.38503  21.2%   112    4s
