




arguments: ./build/mirp_solver -f ./input/orig_exec_169.cfg
Current dir: /scratch/gui/bnc_mirp
File verbosity level: 9
date       time         ( uptime  ) [ thread name/id ]                   file:line     v| 
2021-01-10 04:01:47.671 (   0.727s) [main thread     ]             loguru.cpp:789   INFO| Logging to './output/vi_lex_quarter/OU/V2/Original/execution_10_01_2021_04_01_47.log', mode: 'a', verbosity: 9
--------------------------------------------------------------------------------
Parameters
                           instance_path           ./input/Instances/Original/5/
                            model_policy                                       1
                             nb_vehicles                                       2
                              output_dir ./output/vi_lex_quarter/OU/V2/Original/
                            sec_strategy                                       1
                       solver_nb_threads                                       2
                         solver_show_log                                    true
                       solver_time_limit                                    3600
                              use_vi_cos                                   false
                              use_vi_cus                                   false
                         use_vi_hc1_full                                   false
                         use_vi_hc1_half                                   false
                      use_vi_hc1_quarter                                   false
                              use_vi_hc2                                   false
                              use_vi_hc3                                   false
                         use_vi_lex_full                                   false
                         use_vi_lex_half                                   false
                      use_vi_lex_quarter                                    true
                              use_vi_qua                                   false
                               use_vi_vc                                   false
                               use_vi_vr                                   false
--------------------------------------------------------------------------------
executing instance: ./input/Instances/Original/5/absH3low_4n50.dat
--------------------------------------------------------------------------------
Instance details
n	51
H	3
C	4066
Li:
[0, 0, 0, 0, 0, 0, 0, 0, 0, 0, 0, 0, 0, 0, 0, 0, 0, 0, 0, 0, 0, 0, 0, 0, 0, 0, 0, 0, 0, 0, 0, 0, 0, 0, 0, 0, 0, 0, 0, 0, 0, 0, 0, 0, 0, 0, 0, 0, 0, 0, 0, ]
Ui:
[0, 108, 126, 122, 66, 120, 48, 30, 128, 54, 158, 198, 36, 66, 210, 234, 147, 297, 171, 128, 116, 120, 219, 70, 294, 207, 134, 128, 234, 122, 22, 183, 195, 255, 132, 124, 66, 189, 219, 66, 128, 102, 288, 66, 87, 136, 36, 39, 282, 36, 237, ]
Distance matrix:
|0	210	444	498	509	104	438	228	487	304	456	434	526	476	163	47	293	396	293	290	313	85	280	437	293	336	409	106	449	376	433	478	193	404	404	534	278	181	380	507	189	438	263	473	353	216	202	218	452	254	465	|
|210	0	299	507	359	106	345	409	358	411	320	402	555	448	136	200	289	264	306	427	141	222	83	348	264	320	283	303	380	208	258	357	170	348	475	542	243	347	355	379	65	479	172	373	355	251	112	229	402	210	300	|
|444	299	0	363	65	358	116	542	66	440	26	241	425	272	282	407	251	51	276	490	159	397	224	124	217	237	48	490	170	99	83	74	261	180	430	385	214	479	231	85	270	390	184	116	271	300	409	276	210	215	54	|
|498	507	363	0	385	482	246	424	326	254	343	123	63	93	388	452	221	337	211	314	428	414	480	239	243	187	324	463	194	418	438	307	346	188	156	36	264	392	156	326	444	87	340	258	154	286	603	294	153	297	417	|
|509	359	65	385	0	422	145	602	59	492	59	269	448	292	348	472	305	115	329	545	218	462	281	152	274	286	106	554	192	153	116	78	326	216	472	403	274	540	271	63	334	425	249	127	316	361	468	337	233	278	69	|
|104	106	358	482	422	0	372	309	408	337	374	396	521	441	98	96	262	314	271	342	215	124	177	373	249	302	329	198	394	281	337	402	139	353	419	518	230	250	343	428	90	437	188	405	328	200	134	188	406	199	372	|
|438	345	116	246	145	372	0	485	87	357	97	126	309	155	279	394	180	101	200	414	223	373	288	8	157	150	84	459	53	188	196	68	245	72	328	269	165	427	128	97	297	280	184	36	175	250	456	233	94	184	170	|
|228	409	542	424	602	309	485	0	561	170	544	419	424	446	298	214	305	491	286	115	462	187	457	480	331	339	496	124	470	510	565	545	295	424	279	454	329	66	376	576	363	340	370	520	330	242	429	266	453	328	581	|
|487	358	66	326	59	408	87	561	0	441	40	211	389	233	324	446	258	95	281	497	220	431	287	95	230	234	79	522	133	164	146	19	297	160	415	344	233	500	215	21	323	367	224	68	261	320	470	299	174	242	106	|
|304	411	440	254	492	337	357	170	441	0	434	266	255	286	275	266	189	392	164	63	408	225	428	351	224	207	392	234	330	438	484	424	250	287	112	284	232	149	233	453	349	170	302	389	185	168	471	195	305	248	487	|
|456	320	26	343	59	374	97	544	40	434	0	223	406	252	294	418	247	60	271	487	181	405	247	105	215	229	49	498	149	124	109	48	270	165	419	364	215	482	218	60	288	375	194	92	261	302	431	279	190	220	75	|
|434	402	241	123	269	396	126	419	211	266	223	0	185	46	298	387	140	213	145	328	310	355	366	118	147	97	201	425	78	295	315	191	256	65	211	151	166	371	53	215	343	157	231	145	90	220	505	217	41	198	295	|
|526	555	425	63	448	521	309	424	389	255	406	185	0	156	430	481	266	398	252	310	485	442	534	301	293	237	386	480	257	478	500	370	390	249	145	55	313	401	212	389	491	89	392	321	201	322	646	334	216	345	479	|
|476	448	272	93	292	441	155	446	233	286	252	46	156	0	343	429	183	250	184	348	353	396	411	148	192	140	236	461	102	334	350	214	302	106	214	113	212	402	98	233	389	151	277	165	125	261	551	260	62	244	325	|
|163	136	282	388	348	98	279	298	324	275	294	298	430	343	0	124	167	234	178	296	167	121	162	279	151	205	247	216	297	224	280	316	42	256	340	423	132	232	246	344	74	349	100	314	233	115	216	97	308	101	307	|
|47	200	407	452	472	96	394	214	446	266	418	387	481	429	124	0	246	358	245	259	284	41	261	392	247	289	370	103	403	345	402	436	150	358	361	488	232	158	333	466	165	393	223	430	306	168	217	171	406	210	431	|
|293	289	251	221	305	262	180	305	258	189	247	140	266	183	167	246	0	204	26	240	238	215	276	175	37	43	203	289	169	255	297	242	125	122	202	257	52	248	87	272	225	191	134	215	67	80	382	77	163	81	298	|
|396	264	51	337	115	314	101	491	95	392	60	213	398	250	234	358	204	0	229	442	130	347	196	108	169	194	19	440	152	87	102	93	211	149	390	363	165	428	194	116	228	355	134	117	230	250	376	225	189	164	95	|
|293	306	276	211	329	271	200	286	281	164	271	145	252	184	178	245	26	229	0	216	262	212	297	195	63	53	228	280	184	280	323	264	138	137	178	248	76	232	95	294	241	173	156	234	60	77	395	83	172	102	324	|
|290	427	490	314	545	342	414	115	497	63	487	328	310	348	296	259	240	442	216	0	443	220	456	408	273	264	443	204	390	479	529	480	278	346	165	343	278	115	293	509	369	229	340	447	244	202	473	230	366	288	536	|
|313	141	159	428	218	215	223	462	220	408	181	310	485	353	167	284	238	130	262	443	0	288	67	228	202	252	149	382	267	67	122	221	168	247	440	459	186	396	273	241	125	423	107	245	291	242	251	214	297	162	160	|
|85	222	397	414	462	124	373	187	431	225	405	355	442	396	121	41	215	347	212	220	288	0	273	371	221	258	357	95	378	344	401	420	136	331	321	450	208	126	302	450	177	353	213	409	272	136	253	143	377	190	426	|
|280	83	224	480	281	177	288	457	287	428	247	366	534	411	162	261	276	196	297	456	67	273	0	292	243	298	215	363	329	128	176	288	179	305	475	513	224	392	324	307	96	466	143	311	335	261	187	235	357	195	219	|
|437	348	124	239	152	373	8	480	95	351	105	118	301	148	279	392	175	108	195	408	228	371	292	0	154	144	91	456	46	194	203	76	244	65	320	261	163	423	121	103	299	273	185	40	168	247	459	230	86	183	178	|
|293	264	217	243	274	249	157	331	230	224	215	147	293	192	151	247	37	169	63	273	202	221	243	154	0	57	170	303	157	217	260	215	110	111	238	278	21	271	94	245	201	223	100	193	92	93	362	78	160	54	263	|
|336	320	237	187	286	302	150	339	234	207	229	97	237	140	205	289	43	194	53	264	252	258	298	144	57	0	190	331	131	257	294	216	163	84	197	221	77	285	44	246	258	172	155	183	39	123	418	119	120	110	288	|
|409	283	48	324	106	329	84	496	79	392	49	201	386	236	247	370	203	19	228	443	149	357	215	91	170	190	0	449	136	105	114	75	221	138	384	349	168	434	185	99	245	346	146	98	224	255	394	231	174	171	99	|
|106	303	490	463	554	198	459	124	522	234	498	425	480	461	216	103	289	440	280	204	382	95	363	456	303	331	449	0	458	439	496	510	229	410	344	498	293	89	374	540	267	391	307	495	336	211	308	226	451	280	520	|
|449	380	170	194	192	394	53	470	133	330	149	78	257	102	297	403	169	152	184	390	267	378	329	46	157	131	136	458	0	238	249	114	259	47	287	216	171	416	96	137	327	235	211	67	145	247	488	235	41	197	223	|
|376	208	99	418	153	281	188	510	164	438	124	295	478	334	224	345	255	87	280	479	67	344	128	194	217	257	105	439	238	0	57	169	216	230	453	445	206	445	268	184	191	427	141	202	296	278	315	250	274	191	92	|
|433	258	83	438	116	337	196	565	146	484	109	315	500	350	280	402	297	102	323	529	122	401	176	203	260	294	114	496	249	57	0	157	271	252	490	463	251	499	296	162	247	457	195	199	331	329	362	302	288	241	47	|
|478	357	74	307	78	402	68	545	19	424	48	191	370	214	316	436	242	93	264	480	221	420	288	76	215	216	75	510	114	169	157	0	287	141	396	325	219	485	196	31	319	347	216	49	243	306	469	286	154	230	120	|
|193	170	261	346	326	139	245	295	297	250	270	256	390	302	42	150	125	211	138	278	168	136	179	244	110	163	221	229	259	216	271	287	0	216	305	382	91	229	204	316	105	310	78	280	192	83	257	60	268	62	292	|
|404	348	180	188	216	353	72	424	160	287	165	65	249	106	256	358	122	149	137	346	247	331	305	65	111	84	138	410	47	230	252	141	216	0	255	215	126	369	56	168	292	210	177	102	103	200	454	189	54	155	234	|
|404	475	430	156	472	419	328	279	415	112	419	211	145	214	340	361	202	390	178	165	440	321	475	320	238	197	384	344	287	453	490	396	305	255	0	181	254	261	201	422	410	69	335	353	160	225	551	246	252	280	482	|
|534	542	385	36	403	518	269	454	344	284	364	151	55	113	423	488	257	363	248	343	459	450	513	261	278	221	349	498	216	445	463	325	382	215	181	0	298	425	189	342	479	115	373	276	190	323	638	330	175	332	439	|
|278	243	214	264	274	230	165	329	233	232	215	166	313	212	132	232	52	165	76	278	186	208	224	163	21	77	168	293	171	206	251	219	91	126	254	298	0	267	114	250	181	242	82	202	112	88	341	68	177	33	258	|
|181	347	479	392	540	250	427	66	500	149	482	371	401	402	232	158	248	428	232	115	396	126	392	423	271	285	434	89	416	445	499	485	229	369	261	425	267	0	325	516	298	313	305	463	281	180	375	203	403	264	516	|
|380	355	231	156	271	343	128	376	215	233	218	53	212	98	246	333	87	194	95	293	273	302	324	121	94	44	185	374	96	268	296	196	204	56	201	189	114	325	0	224	294	161	185	157	49	167	455	163	78	147	284	|
|507	379	85	326	63	428	97	576	21	453	60	215	389	233	344	466	272	116	294	509	241	450	307	103	245	246	99	540	137	184	162	31	316	168	422	342	250	516	224	0	344	371	244	70	271	337	490	317	176	261	120	|
|189	65	270	444	334	90	297	363	323	349	288	343	491	389	74	165	225	228	241	369	125	177	96	299	201	258	245	267	327	191	247	319	105	292	410	479	181	298	294	344	0	414	116	328	291	187	163	165	345	147	282	|
|438	479	390	87	425	437	280	340	367	170	375	157	89	151	349	393	191	355	173	229	423	353	466	273	223	172	346	391	235	427	457	347	310	210	69	115	242	313	161	371	414	0	323	301	133	238	565	253	197	273	444	|
|263	172	184	340	249	188	184	370	224	302	194	231	392	277	100	223	134	134	156	340	107	213	143	185	100	155	146	307	211	141	195	216	78	177	335	373	82	305	185	244	116	323	0	217	192	138	278	110	230	55	214	|
|473	373	116	258	127	405	36	520	68	389	92	145	321	165	314	430	215	117	234	447	245	409	311	40	193	183	98	495	67	202	199	49	280	102	353	276	202	463	157	70	328	301	217	0	205	286	485	269	106	220	167	|
|353	355	271	154	316	328	175	330	261	185	261	90	201	125	233	306	67	230	60	244	291	272	335	168	92	39	224	336	145	296	331	243	192	103	160	190	112	281	49	271	291	133	192	205	0	138	449	141	123	145	323	|
|216	251	300	286	361	200	250	242	320	168	302	220	322	261	115	168	80	250	77	202	242	136	261	247	93	123	255	211	247	278	329	306	83	200	225	323	88	180	167	337	187	238	138	286	138	0	328	28	243	88	340	|
|202	112	409	603	468	134	456	429	470	471	431	505	646	551	216	217	382	376	395	473	251	253	187	459	362	418	394	308	488	315	362	469	257	454	551	638	341	375	455	490	163	565	278	485	449	328	0	313	508	308	406	|
|218	229	276	294	337	188	233	266	299	195	279	217	334	260	97	171	77	225	83	230	214	143	235	230	78	119	231	226	235	250	302	286	60	189	246	330	68	203	163	317	165	253	110	269	141	28	313	0	235	61	315	|
|452	402	210	153	233	406	94	453	174	305	190	41	216	62	308	406	163	189	172	366	297	377	357	86	160	120	174	451	41	274	288	154	268	54	252	175	177	403	78	176	345	197	230	106	123	243	508	235	0	207	264	|
|254	210	215	297	278	199	184	328	242	248	220	198	345	244	101	210	81	164	102	288	162	190	195	183	54	110	171	280	197	191	241	230	62	155	280	332	33	264	147	261	147	273	55	220	145	88	308	61	207	0	253	|
|465	300	54	417	69	372	170	581	106	487	75	295	479	325	307	431	298	95	324	536	160	426	219	178	263	288	99	520	223	92	47	120	292	234	482	439	258	516	284	120	282	444	214	167	323	340	406	315	264	253	0	|

--------------------------------------------------------------------------------
Building model...
	using lazy and cut (CVRPSEP package)
Solving IRP LP...
--------------------------------------------------------------------------------

Gurobi 9.1.0 (linux64) logging started Sun Jan 10 04:01:47 2021

Gurobi Optimizer version 9.1.0 build v9.1.0rc0 (linux64)
Thread count: 32 physical cores, 32 logical processors, using up to 2 threads
Optimize a model with 1122 rows, 8460 columns and 19044 nonzeros
Model fingerprint: 0xeb41f4ae
Variable types: 504 continuous, 7956 integer (306 binary)
Coefficient statistics:
  Matrix range     [1e+00, 4e+03]
  Objective range  [1e-02, 6e+02]
  Bounds range     [1e+00, 3e+02]
  RHS range        [1e+01, 7e+03]
Presolve removed 280 rows and 171 columns
Presolve time: 0.10s
Presolved: 842 rows, 8289 columns, 17949 nonzeros
Variable types: 352 continuous, 7937 integer (7637 binary)

Root relaxation: objective 3.280950e+03, 894 iterations, 0.03 seconds

    Nodes    |    Current Node    |     Objective Bounds      |     Work
 Expl Unexpl |  Obj  Depth IntInf | Incumbent    BestBd   Gap | It/Node Time

     0     0 3280.94990    0  139          - 3280.94990      -     -    0s
     0     0 3651.19996    0  148          - 3651.19996      -     -    0s
     0     0 3653.93350    0  153          - 3653.93350      -     -    0s
     0     0 4271.11058    0  171          - 4271.11058      -     -    0s
     0     0 4352.19006    0  158          - 4352.19006      -     -    0s
     0     0 4354.81036    0  114          - 4354.81036      -     -    0s
     0     0 4378.75370    0  123          - 4378.75370      -     -    0s
     0     0 4404.80101    0  187          - 4404.80101      -     -    1s
     0     0 4407.01340    0  134          - 4407.01340      -     -    1s
     0     0 4407.09773    0  152          - 4407.09773      -     -    1s
     0     0 4471.51472    0  274          - 4471.51472      -     -    1s
     0     0 4487.60457    0  239          - 4487.60457      -     -    1s
     0     0 4491.23764    0  268          - 4491.23764      -     -    1s
     0     0 4491.31385    0  287          - 4491.31385      -     -    1s
     0     0 4535.21267    0  261          - 4535.21267      -     -    1s
     0     0 4545.59178    0  242          - 4545.59178      -     -    1s
     0     0 4549.73831    0  282          - 4549.73831      -     -    1s
     0     0 4551.20103    0  299          - 4551.20103      -     -    1s
     0     0 4560.56319    0  258          - 4560.56319      -     -    2s
     0     0 4561.05595    0  232          - 4561.05595      -     -    2s
     0     0 4564.10973    0  252          - 4564.10973      -     -    2s
     0     0 4565.16745    0  251          - 4565.16745      -     -    2s
     0     2 4565.65025    0  242          - 4565.65025      -     -    3s
    26    31 4705.10392    8  167          - 4603.14816      -   275    5s
   188   207 5672.05797   73   82          - 4603.14816      -   133   10s
   447   473 5026.39871   17  102          - 4605.46420      -  88.1   15s
   679   668 5377.18530  110   52          - 4610.69051      -  74.3   20s
   739   680 5041.58992   57  392          - 4610.69051      -  70.8   25s
   751   688 5247.91241   53  415          - 4617.25866      -  69.6   31s
   756   694 4627.83904   11  416          - 4627.83904      -  77.9   36s
   779   709 4708.27750   16  324          - 4653.71767      -  87.2   40s
   846   757 4937.67967   37  139          - 4653.71767      -  98.7   45s
   970   855 5337.58404   72   37          - 4653.71767      -   103   50s
  1119   916 4737.86232   15  349          - 4653.78735      -  97.6   55s
  1208   946 4911.45074   24  122          - 4653.78735      -  97.8   60s
  1298  1026 5210.96675   49   98          - 4653.78735      -   100   65s
  1430  1102 4742.27824   15  350          - 4658.59396      -  97.6   70s
  1630  1238 4770.12946   17  288          - 4658.59396      -  90.6   76s
  1816  1282 4886.99701   24  189          - 4658.59396      -  84.1   81s
  1881  1327 5057.84878   40   84          - 4658.59396      -  85.4   85s
  1950  1396 5157.85495   60   65          - 4658.59396      -  85.6   92s
  2000  1444 5581.07947   77   95          - 4673.32881      -  85.1   95s
  2176  1616 4931.98793   18  184          - 4673.32881      -  82.0  101s
  2323  1654 4885.70425   20  175          - 4673.32881      -  77.7  105s
  2529  1738 4974.23403   38  118          - 4673.32881      -  76.0  111s
  2662  1772 5200.79476  106   43          - 4673.32881      -  76.0  115s
* 2801  1810             167    7091.9700000 4673.32881  34.1%  73.9  119s
* 2804  1806             166    7070.9700000 4673.32881  33.9%  73.8  119s
* 2806  1805             166    7051.9700000 4673.32881  33.7%  73.8  119s
  2815  1803 5136.21881   57   47 7051.97000 4673.32881  33.7%  73.8  126s
  2858  1847 4775.30584   16  400 7051.97000 4680.92872  33.6%  74.2  130s
  2944  1942 5064.03402   36  155 7051.97000 4680.92872  33.6%  76.9  138s
  2977  2005 5131.40581   45   78 7051.97000 4680.92872  33.6%  77.1  141s
H 2990  1943                    6526.2800000 4680.92872  28.3%  77.2  142s
  3083  2034 5212.51387   56   74 6526.28000 4680.92872  28.3%  76.0  145s
  3243  2091 4844.62636   16  285 6526.28000 4706.85825  27.9%  75.5  151s
  3306  2170 5384.55866   64   61 6526.28000 4706.85825  27.9%  75.8  155s
  3447  2325     cutoff  150      6526.28000 4707.07357  27.9%  74.5  162s
  3527  2378     cutoff  150      6526.28000 4707.38656  27.9%  74.2  166s
  3583  2534 5165.07810   30  136 6526.28000 4713.36363  27.8%  74.4  170s
  3759  2664     cutoff  157      6526.28000 4721.58431  27.7%  72.3  175s
  3894  2824 5059.18735   39  133 6526.28000 4721.78121  27.6%  71.5  181s
  4147  2867     cutoff  171      6526.28000 4724.28061  27.6%  68.4  186s
  4182  2937     cutoff  169      6526.28000 4726.37057  27.6%  69.3  190s
  4257  3034 4997.17034   36  150 6526.28000 4726.37057  27.6%  69.7  195s
  4365  3083 5815.26117   86   40 6526.28000 4727.53795  27.6%  69.2  200s
  4461  3167     cutoff  113      6526.28000 4729.83342  27.5%  70.7  208s
  4514  3251 4950.02856   25  248 6526.28000 4729.83342  27.5%  71.4  213s
  4598  3312 5365.34647   52   52 6526.28000 4733.21485  27.5%  71.9  219s
  4691  3446 4831.30226   22  171 6526.28000 4733.69143  27.5%  72.2  224s
  4731  3446 5374.08475   62   64 6526.28000 4733.69143  27.5%  72.1  225s
  4827  3588 6008.35545  116   23 6526.28000 4738.02952  27.4%  71.7  231s
  5049  3646     cutoff  149      6526.28000 4742.35969  27.3%  69.9  237s
  5095  3763 5024.37181   23  386 6526.28000 4742.94857  27.3%  70.8  243s
  5226  3873 5451.01699   47  228 6526.28000 4742.94857  27.3%  70.5  248s
  5342  3977 5991.62840  136   35 6526.28000 4750.11708  27.2%  70.6  254s
  5464  4060 4998.70649   19  194 6526.28000 4750.11708  27.2%  70.8  261s
  5580  4118 5129.42821   27  229 6526.28000 4750.11708  27.2%  71.2  267s
  5638  4203 5225.39460   34  139 6526.28000 4750.11708  27.2%  72.2  273s
  5745  4284 5685.64050   45  145 6526.28000 4750.11708  27.2%  72.6  279s
  5773  4284 6107.10473   57  104 6526.28000 4750.11708  27.2%  72.9  280s
  5828  4315 6162.03077   62  103 6526.28000 4753.86861  27.2%  73.4  286s
  5882  4362 4957.99224   24  287 6526.28000 4753.87502  27.2%  74.2  293s
  5929  4495 5076.03935   37   48 6526.28000 4753.87502  27.2%  74.9  301s
  6062  4732 5354.76213   76   18 6526.28000 4756.41050  27.1%  75.1  310s
  6333  4902 6426.67000  160    - 6526.28000 4759.65294  27.1%  73.5  319s
  6514  5035     cutoff  160      6526.28000 4762.58342  27.0%  73.2  327s
  6667  5121 6334.24000   98   10 6526.28000 4767.14882  27.0%  73.0  335s
  6781  5229 5103.28494   30  251 6526.28000 4769.58277  26.9%  73.0  342s
  6914  5366 6176.46500   87   12 6526.28000 4770.38659  26.9%  72.9  350s
  7054  5423 6411.23000  104    8 6526.28000 4770.62663  26.9%  72.8  358s
  7133  5539     cutoff  116      6526.28000 4773.53053  26.9%  73.4  365s
  7295  5629 4843.47107   20  220 6526.28000 4773.97427  26.8%  73.4  374s
  7356  5629 6452.55713  120   19 6526.28000 4774.46686  26.8%  73.7  375s
  7397  5838 4914.08986   22  347 6526.28000 4774.46686  26.8%  74.1  384s
  7514  5838 5813.43720   93   59 6526.28000 4774.46686  26.8%  74.3  385s
  7614  5975 5398.41036   88  115 6526.28000 4774.46743  26.8%  73.6  395s
  7781  6089     cutoff  182      6526.28000 4776.66141  26.8%  73.6  405s
  7927  6226 5452.90664   53  106 6526.28000 4784.30278  26.7%  73.8  414s
  7977  6226 6385.78124  103   76 6526.28000 4784.30278  26.7%  73.8  415s
  8093  6440 5289.14171   30  214 6526.28000 4787.04262  26.6%  74.1  424s
  8146  6441 6262.20000   82   12 6526.28000 4787.04262  26.6%  74.1  425s
  8372  6554 6372.10000   94    - 6526.28000 4790.64923  26.6%  73.3  435s
  8487  6730 6413.73000   93   14 6526.28000 4794.36986  26.5%  74.0  446s
  8719  6881 5479.40324   45  109 6526.28000 4794.67854  26.5%  73.6  457s
  8867  7036 infeasible   85      6526.28000 4796.11154  26.5%  73.6  467s
  9057  7160     cutoff  127      6526.28000 4796.11500  26.5%  73.5  478s
  9214  7317 5480.04136   45  179 6526.28000 4798.11024  26.5%  73.6  487s
  9394  7506     cutoff  124      6526.28000 4799.07772  26.5%  73.4  497s
  9627  7637 infeasible  118      6526.28000 4800.29582  26.4%  72.8  508s
  9736  7637 6353.43197  126    8 6526.28000 4800.29582  26.4%  72.6  510s
  9777  7680 infeasible  137      6526.28000 4800.62109  26.4%  72.8  518s
  9831  7719 5409.14570   40  233 6526.28000 4802.99860  26.4%  73.5  528s
  9875  7848 5796.87560   74  118 6526.28000 4803.04376  26.4%  73.6  537s
 10018  8062 5122.29773   30   29 6526.28000 4803.57732  26.4%  73.7  549s
 10093  8064 5184.54194   78    5 6526.28000 4803.57732  26.4%  73.8  550s
 10235  8493 5209.45625   67    8 6526.28000 4803.75559  26.4%  73.7  564s
 10310  8494 5610.79500  113    4 6526.28000 4803.75559  26.4%  73.4  565s
 10792  8654 6208.61000  155   16 6526.28000 4807.10831  26.3%  70.9  578s
*10796  8338             156    6373.8600000 4807.10831  24.6%  70.9  578s
*10799  7808             155    6180.8600000 4807.10831  22.2%  70.9  578s
 10933  7923     cutoff  156      6180.86000 4809.31585  22.2%  71.0  589s
 10996  7923 6108.39250   78   23 6180.86000 4809.31585  22.2%  71.0  590s
 11110  8062 4869.15664   21  319 6180.86000 4810.43492  22.2%  70.9  600s
 11262  8346 5431.19289   97   47 6180.86000 4810.61656  22.2%  70.9  612s
 11624  8452     cutoff  108      6180.86000 4811.54179  22.2%  69.6  623s
 11745  8489 6038.70904   68   44 6180.86000 4812.15996  22.1%  69.9  632s
 11788  8563 4975.15430   28  171 6180.86000 4812.69894  22.1%  70.4  641s
 11864  8674 5313.58543   49   78 6180.86000 4812.69894  22.1%  70.9  652s
 11999  8831 5787.87000   82   24 6180.86000 4814.09974  22.1%  71.2  662s
 12188  8949 5804.03077   85   14 6180.86000 4814.57277  22.1%  71.1  673s
 12303  8954 5230.36163   40   94 6180.86000 4814.57277  22.1%  71.3  675s
 12318  9084 6159.72000   97   18 6180.86000 4815.07983  22.1%  71.3  684s
 12367  9085 5296.80654   55   88 6180.86000 4815.07983  22.1%  71.4  685s
 12491  9288     cutoff   98      6180.86000 4816.40051  22.1%  71.4  695s
 12704  9422 5995.96000  149   18 6180.86000 4816.49547  22.1%  70.9  707s
 12889  9581     cutoff   87      6180.86000 4816.89545  22.1%  70.7  717s
 13078  9640 6091.10476   86   11 6180.86000 4817.27950  22.1%  70.6  727s
 13164  9731 5201.54649   28  227 6180.86000 4818.35294  22.0%  71.0  736s
 13267  9833     cutoff   60      6180.86000 4819.37301  22.0%  71.3  747s
 13431  9887 5146.41305   56  100 6180.86000 4819.54517  22.0%  71.4  756s
 13505 10017 5262.61174   37   88 6180.86000 4819.86150  22.0%  71.8  767s
H13630  9588                    6088.7500000 4819.86150  20.8%  71.6  768s
 13667  9685     cutoff  133      6088.75000 4819.94958  20.8%  71.9  779s
 13780  9812 5310.85856   51  160 6088.75000 4820.02667  20.8%  72.1  790s
 13950  9874 infeasible  125      6088.75000 4820.47191  20.8%  71.9  800s
 14026  9968 5366.23253   36   98 6088.75000 4821.01043  20.8%  72.1  809s
 14073  9968 6016.88000   81   24 6088.75000 4821.01043  20.8%  72.0  810s
 14134 10093 5303.83082   38   44 6088.75000 4821.29397  20.8%  72.3  820s
 14296 10238 4861.00727   18  314 6088.75000 4822.45408  20.8%  72.4  832s
 14487 10443 5155.87868   50  119 6088.75000 4823.79576  20.8%  72.3  846s
 14746 10577 5995.65000  132    - 6088.75000 4825.96715  20.7%  71.7  859s
 14890 10622 6036.05000  132    - 6088.75000 4826.91793  20.7%  71.7  870s
 14941 10699 6022.76000  131   12 6088.75000 4827.76276  20.7%  72.1  880s
 15023 10855 5164.05712   40   32 6088.75000 4828.98233  20.7%  72.3  891s
 15209 11010 5612.62000  128    - 6088.75000 4830.20323  20.7%  72.2  904s
 15277 11027 5288.71828   50  150 6088.75000 4830.20323  20.7%  72.1  905s
 15431 11113 5993.84500  137    6 6088.75000 4831.83369  20.6%  71.9  915s
 15541 11241 6018.57667  138    9 6088.75000 4831.98465  20.6%  72.0  926s
 15683 11294     cutoff  141      6088.75000 4832.52752  20.6%  72.0  938s
 15741 11401 5170.11467   42   70 6088.75000 4832.58675  20.6%  72.3  950s
 15861 11529 5387.60000   60    - 6088.75000 4832.79001  20.6%  72.4  963s
 16068 11637 infeasible  108      6088.75000 4833.23256  20.6%  72.2  975s
 16195 11649     cutoff  106      6088.75000 4833.63040  20.6%  72.3  985s
 16201 11676 4869.32481   21  353 6088.75000 4833.63040  20.6%  72.4  996s
 16228 11704 5029.69661   28  235 6088.75000 4833.63040  20.6%  72.9 1006s
 16256 11753 5204.85194   36  217 6088.75000 4833.63040  20.6%  73.4 1016s
 16305 11807 5287.60888   48  122 6088.75000 4833.63040  20.6%  73.8 1026s
 16359 11860 5686.15664   58  185 6088.75000 4834.34025  20.6%  74.3 1037s
 16445 11997 5654.08911   76  110 6088.75000 4834.34025  20.6%  74.7 1049s
 16520 11997 5751.99759  151    8 6088.75000 4834.34025  20.6%  74.4 1050s
 16593 12071 6004.10429  153   18 6088.75000 4834.57594  20.6%  74.4 1061s
 16691 12120 5295.07859   35  248 6088.75000 4834.86978  20.6%  74.6 1074s
 16718 12120 5936.72881   62   28 6088.75000 4834.86978  20.6%  74.7 1075s
 16751 12249 5940.91000   65   12 6088.75000 4835.83291  20.6%  74.9 1085s
 16923 12334 4890.38143   22  129 6088.75000 4836.45531  20.6%  74.8 1097s
 17021 12404 4925.07818   19  399 6088.75000 4836.63869  20.6%  75.0 1108s
 17092 12534 5320.47209   36  196 6088.75000 4836.84920  20.6%  75.3 1120s
 17252 12618 6068.48500   82    6 6088.75000 4836.93124  20.6%  75.2 1132s
 17362 12741 5313.36166   47   69 6088.75000 4837.15003  20.6%  75.4 1143s
 17490 12741 5625.04511   63   38 6088.75000 4837.21381  20.6%  75.4 1145s
 17530 12788 4978.97167   19  214 6088.75000 4837.21381  20.6%  75.5 1156s
 17587 12906 5126.48478   31  179 6088.75000 4837.21381  20.6%  75.8 1168s
 17728 13009 5508.04598   55   55 6088.75000 4837.21381  20.6%  75.8 1181s
 17857 13132 5553.32710   84   21 6088.75000 4837.21381  20.6%  76.0 1195s
 18002 13221 5715.66154  133   25 6088.75000 4838.55363  20.5%  76.0 1209s
 18154 13291     cutoff  152      6088.75000 4839.42720  20.5%  76.0 1221s
 18227 13343 5182.79633   58   50 6088.75000 4840.81109  20.5%  76.2 1233s
 18306 13400 6067.54000   88    - 6088.75000 4841.08945  20.5%  76.5 1245s
 18370 13470 5858.20000   93    - 6088.75000 4841.15012  20.5%  76.8 1258s
 18470 13562 6072.16000   97   10 6088.75000 4842.00024  20.5%  77.0 1270s
 18577 13683     cutoff   99      6088.75000 4842.39535  20.5%  77.0 1284s
 18709 13683 5565.72427   62   75 6088.75000 4842.94109  20.5%  77.0 1285s
 18739 13728 5086.07783   26   68 6088.75000 4843.17152  20.5%  77.0 1295s
 18792 13778 5020.84667   29  242 6088.75000 4843.17152  20.5%  77.3 1305s
 18842 13901 5381.61775   69   92 6088.75000 4843.26821  20.5%  77.6 1317s
 18984 13951 5857.10000   89    - 6088.75000 4843.45336  20.5%  77.6 1330s
 19034 14038 5900.67500   89   15 6088.75000 4843.52408  20.5%  77.9 1343s
 19162 14189 6004.91000   97   12 6088.75000 4843.82820  20.4%  78.0 1356s
 19370 14260 6036.88667  100   23 6088.75000 4844.10655  20.4%  77.8 1369s
 19440 14338     cutoff  105      6088.75000 4844.18636  20.4%  78.0 1380s
 19527 14413 5131.40737   34  112 6088.75000 4844.18636  20.4%  78.2 1392s
 19616 14481 5308.42408   88   18 6088.75000 4844.45614  20.4%  78.3 1405s
 19690 14590 5135.79345   30  142 6088.75000 4844.45614  20.4%  78.5 1417s
 19799 14701 5859.12162  112   10 6088.75000 4844.46249  20.4%  78.5 1430s
 19929 14783     cutoff  144      6088.75000 4845.05396  20.4%  78.6 1442s
 20042 14899 4923.75615   19  186 6088.75000 4845.08037  20.4%  78.7 1454s
 20096 14899 5618.35438   73   43 6088.75000 4845.08037  20.4%  78.7 1455s
 20182 14993     cutoff  102      6088.75000 4845.42600  20.4%  78.7 1468s
 20313 15068     cutoff   99      6088.75000 4846.30184  20.4%  78.8 1482s
 20389 15241 5409.77959   73   58 6088.75000 4846.60471  20.4%  79.1 1495s
 20595 15251 5282.72172   28  243 6088.75000 4847.13330  20.4%  78.8 1515s
 20605 15290 5586.80898   37  145 6088.75000 4847.13330  20.4%  78.9 1527s
 20644 15372 5758.27117   53   77 6088.75000 4847.68406  20.4%  78.9 1540s
 20764 15470 4991.85054   25  252 6088.75000 4848.00809  20.4%  79.0 1553s
 20875 15580 5550.20108   55  126 6088.75000 4848.17022  20.4%  79.1 1567s
 21025 15626 5038.15744   22  419 6088.75000 4848.77098  20.4%  79.1 1581s
 21069 15726 5246.96815   44  190 6088.75000 4849.53087  20.4%  79.4 1594s
 21126 15726 6054.39000   93    4 6088.75000 4849.53087  20.4%  79.3 1595s
 21191 15811     cutoff   98      6088.75000 4849.65345  20.4%  79.5 1607s
 21282 15920 5158.29842   31  277 6088.75000 4850.14221  20.3%  79.7 1620s
 21431 15977 6081.48000   90    - 6088.75000 4850.49192  20.3%  79.7 1632s
 21497 16079 5273.78097   36   82 6088.75000 4850.79897  20.3%  80.0 1644s
 21556 16079 5800.46232   54   83 6088.75000 4850.79897  20.3%  80.0 1645s
 21594 16130     cutoff   61      6088.75000 4850.93094  20.3%  80.2 1658s
 21657 16248 5444.88313   59   53 6088.75000 4850.99823  20.3%  80.4 1671s
 21790 16323 6015.02000   94    8 6088.75000 4851.05674  20.3%  80.5 1684s
 21820 16327 5464.95252   47   67 6088.75000 4851.05674  20.3%  80.5 1685s
 21904 16427 infeasible   96      6088.75000 4851.46054  20.3%  80.6 1697s
 22037 16473 5075.25221   28  143 6088.75000 4851.68641  20.3%  80.6 1709s
 22092 16570 5096.69002   31  216 6088.75000 4851.77152  20.3%  80.9 1722s
 22210 16649 5525.87439   64   94 6088.75000 4852.27235  20.3%  81.1 1736s
 22306 16727 4994.88920   30  320 6088.75000 4852.27235  20.3%  81.2 1750s
 22384 16855 5540.99500   59    8 6088.75000 4852.68486  20.3%  81.4 1766s
 22540 16951 5882.76769   98   18 6088.75000 4852.72389  20.3%  81.4 1780s
 22705 17008     cutoff  113      6088.75000 4853.34737  20.3%  81.3 1793s
 22786 17197     cutoff  112      6088.75000 4854.25276  20.3%  81.5 1807s
 23001 17299 5707.72000  101    - 6088.75000 4854.41992  20.3%  81.2 1822s
 23126 17371     cutoff  106      6088.75000 4855.33669  20.3%  81.3 1836s
 23198 17542 5148.52940   39  132 6088.75000 4855.65528  20.3%  81.5 1850s
 23392 17684     cutoff  117      6088.75000 4855.75544  20.3%  81.3 1865s
*23591 17498             115    6055.2600000 4856.36697  19.8%  81.1 1880s
*23592 17417             115    6045.2600000 4856.36697  19.7%  81.1 1880s
 23643 17478 5245.12829   25  403 6045.26000 4856.43948  19.7%  81.3 1892s
 23712 17558 5371.21453   32  333 6045.26000 4856.43948  19.7%  81.4 1906s
 23807 17621 5938.94556   67   60 6045.26000 4856.66380  19.7%  81.5 1920s
 23887 17688 5057.31638   29  199 6045.26000 4856.85608  19.7%  81.7 1933s
 23960 17787 5190.98733   42   41 6045.26000 4856.85608  19.7%  81.9 1949s
 24107 17931 5388.99955   71   12 6045.26000 4856.85608  19.7%  81.9 1966s
 24266 18050 5451.14265  115    4 6045.26000 4857.08585  19.7%  81.8 1985s
 24463 18162 5952.75000  173    - 6045.26000 4857.72240  19.6%  81.6 1999s
 24597 18260 6016.71000  173    2 6045.26000 4858.03702  19.6%  81.7 2012s
 24718 18335 5269.91830   54   52 6045.26000 4858.18390  19.6%  81.7 2025s
 24813 18390 5280.06726   26  207 6045.26000 4858.22342  19.6%  81.9 2038s
 24876 18441 6009.85974   51   74 6045.26000 4858.23785  19.6%  82.1 2051s
 24946 18490 4940.98023   23  181 6045.26000 4858.81566  19.6%  82.3 2064s
 25019 18561 5346.20391   32  171 6045.26000 4859.05670  19.6%  82.5 2077s
 25110 18695 6023.05133   81   26 6045.26000 4859.13188  19.6%  82.6 2093s
 25261 18787 5827.56781  106   52 6045.26000 4859.43645  19.6%  82.5 2109s
 25343 18787 5739.22000   62    6 6045.26000 4859.81613  19.6%  82.6 2110s
 25377 18850 5498.42643   44   80 6045.26000 4860.06360  19.6%  82.6 2124s
 25461 18857 5012.44804   25  155 6045.26000 4860.06360  19.6%  82.5 2125s
 25477 18901 5885.86000   88    6 6045.26000 4860.20473  19.6%  82.6 2138s
 25541 18965 5119.05740   28  185 6045.26000 4860.69552  19.6%  82.8 2154s
 25568 18965 5362.69465   28  103 6045.26000 4860.69552  19.6%  82.9 2155s
 25602 19057 5353.39410   39   12 6045.26000 4860.69552  19.6%  82.9 2170s
 25715 19093 5899.91652   58   42 6045.26000 4860.99434  19.6%  83.0 2188s
 25761 19201 5237.51576   20  280 6045.26000 4860.99940  19.6%  83.0 2204s
 25812 19201 5133.02433   19  211 6045.26000 4860.99940  19.6%  83.0 2205s
 25891 19274 6033.29588   71    4 6045.26000 4861.28716  19.6%  83.0 2220s
 25965 19430 5582.69232   55   87 6045.26000 4861.79793  19.6%  83.1 2235s
 26142 19501 5423.00178   55    4 6045.26000 4861.84861  19.6%  82.9 2252s
 26225 19622 6003.40000   92    - 6045.26000 4862.47430  19.6%  83.0 2269s
 26323 19626 5575.81695   64  185 6045.26000 4862.71555  19.6%  83.0 2270s
 26368 19705 5010.93814   31  122 6045.26000 4862.71555  19.6%  83.0 2284s
 26450 19828 5658.87593   57   35 6045.26000 4863.54124  19.5%  83.1 2302s
 26610 19928 4969.40590   24  169 6045.26000 4864.09141  19.5%  83.1 2318s
 26744 19980 6035.64429   85   20 6045.26000 4864.31146  19.5%  83.1 2334s
 26806 20070 5263.20860   32  252 6045.26000 4864.51377  19.5%  83.2 2347s
 26910 20100 5832.89254   65  156 6045.26000 4864.87880  19.5%  83.3 2362s
 26949 20191 5280.85593   29  220 6045.26000 4865.02982  19.5%  83.6 2376s
 27063 20254 5533.33755   42   15 6045.26000 4865.08468  19.5%  83.7 2392s
 27145 20337 5239.77365   32  147 6045.26000 4865.08468  19.5%  83.8 2407s
 27231 20451 5403.93168   49   74 6045.26000 4865.08468  19.5%  83.9 2424s
 27256 20451 5436.40110   70   84 6045.26000 4865.08468  19.5%  83.9 2425s
 27357 20511 5719.20228  131    7 6045.26000 4865.50764  19.5%  83.9 2441s
 27439 20582     cutoff  128      6045.26000 4866.25065  19.5%  84.1 2456s
 27523 20664 5083.00164   28  175 6045.26000 4866.37721  19.5%  84.2 2471s
 27617 20751 infeasible   72      6045.26000 4866.61081  19.5%  84.3 2488s
 27744 20843 5987.33018   73   12 6045.26000 4866.75045  19.5%  84.4 2507s
 27874 20914     cutoff   79      6045.26000 4866.90525  19.5%  84.4 2525s
 27966 21022 5728.89000   51    6 6045.26000 4867.01152  19.5%  84.5 2541s
 28108 21081 5751.30000   52    4 6045.26000 4867.15287  19.5%  84.5 2557s
 28180 21198 5860.12659   53   51 6045.26000 4867.33966  19.5%  84.6 2573s
 28302 21202 5689.65481   87   29 6045.26000 4867.50729  19.5%  84.6 2575s
 28323 21245     cutoff   71      6045.26000 4868.19635  19.5%  84.6 2588s
 28389 21385 5022.63310   28  195 6045.26000 4868.44499  19.5%  84.8 2604s
 28436 21385 5588.40146   75   48 6045.26000 4868.44499  19.5%  84.7 2605s
 28560 21519 infeasible   98      6045.26000 4868.63200  19.5%  84.6 2622s
 28727 21592 5962.35000   89    - 6045.26000 4869.12991  19.5%  84.5 2638s
 28817 21643     cutoff   89      6045.26000 4870.20541  19.4%  84.7 2652s
 28883 21800 5344.09239   39   93 6045.26000 4870.26709  19.4%  84.7 2670s
 29080 21833 6020.77132   86   18 6045.26000 4870.73763  19.4%  84.4 2688s
 29124 21913     cutoff   87      6045.26000 4870.92945  19.4%  84.6 2702s
 29236 22000 5463.14530   48   77 6045.26000 4871.21411  19.4%  84.7 2717s
 29335 22010 5310.14985   47   67 6045.26000 4871.31726  19.4%  84.7 2736s
*29337 21432              92    5996.9200000 4871.31726  18.8%  84.7 2736s
 29348 21492 5312.64906   48   67 5996.92000 4871.57004  18.8%  84.8 2752s
 29422 21534 5562.72742   82   53 5996.92000 4871.63170  18.8%  84.9 2767s
 29475 21563 5863.09966   97   18 5996.92000 4871.84585  18.8%  85.0 2783s
*29514 20538             100    5913.1900000 4871.86341  17.6%  85.0 2799s
*29517 20532             100    5912.8400000 4871.86341  17.6%  85.0 2799s
 29549 20532 5474.47227   57   36 5912.84000 4871.86341  17.6%  85.0 2800s
 29643 20586 5270.44913   34  170 5912.84000 4872.49226  17.6%  85.1 2815s
 29724 20655 5099.93658   38   93 5912.84000 4872.96550  17.6%  85.1 2831s
 29817 20706 5117.42468   18  395 5912.84000 4872.96550  17.6%  85.3 2845s
 29877 20785 5315.98107   31  207 5912.84000 4873.10683  17.6%  85.4 2861s
 29972 20856 5030.68430   22  253 5912.84000 4873.30577  17.6%  85.4 2877s
 30052 20945 5070.92179   30  163 5912.84000 4873.48796  17.6%  85.5 2893s
 30172 21000 5366.91098   52   86 5912.84000 4874.00853  17.6%  85.5 2910s
 30246 21071 5301.79505   34  120 5912.84000 4874.05387  17.6%  85.6 2930s
 30327 21077 5368.47787   51  251 5912.84000 4874.05387  17.6%  85.7 3391s
 30329 21078 5094.20126   23  542 5912.84000 4874.05387  17.6%  85.7 3396s
 30330 21079 5411.15436   52  873 5912.84000 4874.05387  17.6%  85.7 3402s
 30333 21081 5424.57620   48  916 5912.84000 4874.05387  17.6%  85.7 3405s
 30335 21082 4903.92194   23  914 5912.84000 4874.05387  17.6%  85.7 3410s
 30338 21084 5212.21668   31  848 5912.84000 4874.05387  17.6%  85.7 3416s
 30340 21086 5751.15086   59  930 5912.84000 4874.05387  17.6%  85.7 3421s
 30343 21088 5076.45070   33  878 5912.84000 4874.05387  17.6%  85.7 3465s
 30345 21089 5485.91500   98  878 5912.84000 4874.05387  17.6%  85.7 3498s
 30346 21093 4874.05387   22  534 5912.84000 4874.05387  17.6%  86.0 3570s
 30348 21094 4874.05387   23  525 5912.84000 4874.05387  17.6%  86.0 3600s

Cutting planes:
  User: 56
  Gomory: 24
  Cover: 133
  Implied bound: 21
  Clique: 8
  MIR: 58
  StrongCG: 1
  Flow cover: 177
  Zero half: 18
  RLT: 72
  Relax-and-lift: 1
  Lazy constraints: 11

Explored 30350 nodes (2616171 simplex iterations) in 3600.77 seconds
Thread count was 2 (of 32 available processors)

Solution count 10: 5912.84 5913.19 5996.92 ... 7051.97

Time limit reached
Best objective 5.912840000000e+03, best bound 4.874053870091e+03, gap 17.5683%

User-callback calls 319854, time in user-callback 229.49 sec
================================================================================
executing instance: ./input/Instances/Original/5/absH3low_4n25.dat
--------------------------------------------------------------------------------
Instance details
n	26
H	3
C	2029
Li:
[0, 0, 0, 0, 0, 0, 0, 0, 0, 0, 0, 0, 0, 0, 0, 0, 0, 0, 0, 0, 0, 0, 0, 0, 0, 0, ]
