




arguments: ./build/mirp_solver -f ./input/orig_exec_130.cfg
Current dir: /scratch/gui/bnc_mirp
File verbosity level: 9
date       time         ( uptime  ) [ thread name/id ]                   file:line     v| 
2021-01-09 23:34:45.099 (   0.060s) [main thread     ]             loguru.cpp:789   INFO| Logging to './output/vi_lex_quarter/OU/V2/Original/execution_09_01_2021_23_34_45.log', mode: 'a', verbosity: 9
--------------------------------------------------------------------------------
Parameters
                           instance_path           ./input/Instances/Original/4/
                            model_policy                                       1
                             nb_vehicles                                       2
                              output_dir ./output/vi_lex_quarter/OU/V2/Original/
                            sec_strategy                                       1
                       solver_nb_threads                                       2
                         solver_show_log                                    true
                       solver_time_limit                                    3600
                              use_vi_cos                                   false
                              use_vi_cus                                   false
                         use_vi_hc1_full                                   false
                         use_vi_hc1_half                                   false
                      use_vi_hc1_quarter                                   false
                              use_vi_hc2                                   false
                              use_vi_hc3                                   false
                         use_vi_lex_full                                   false
                         use_vi_lex_half                                   false
                      use_vi_lex_quarter                                    true
                              use_vi_qua                                   false
                               use_vi_vc                                   false
                               use_vi_vr                                   false
--------------------------------------------------------------------------------
executing instance: ./input/Instances/Original/4/absH3low_3n30.dat
--------------------------------------------------------------------------------
Instance details
n	31
H	3
C	2841
Li:
[0, 0, 0, 0, 0, 0, 0, 0, 0, 0, 0, 0, 0, 0, 0, 0, 0, 0, 0, 0, 0, 0, 0, 0, 0, 0, 0, 0, 0, 0, 0, ]
Ui:
[0, 246, 98, 54, 144, 171, 192, 180, 165, 98, 122, 198, 297, 144, 130, 129, 219, 138, 142, 150, 108, 66, 64, 285, 180, 204, 276, 168, 240, 198, 122, ]
Distance matrix:
|0	172	56	166	260	198	42	197	296	110	91	112	238	275	323	183	330	232	175	181	162	191	232	280	201	139	356	185	266	216	26	|
|172	0	178	223	320	335	153	355	444	62	231	99	333	376	214	352	176	235	194	106	47	41	353	161	299	175	225	43	326	374	153	|
|56	178	0	110	204	162	93	233	336	125	144	148	187	226	358	180	313	284	123	152	182	185	282	252	256	88	329	177	210	251	42	|
|166	223	110	0	102	150	199	327	431	194	253	237	113	156	431	228	296	386	44	140	248	208	389	218	366	48	287	200	108	344	148	|
|260	320	204	102	0	156	296	391	493	296	340	339	66	90	531	263	362	486	127	226	349	300	469	278	454	148	334	292	6	406	245	|
|198	335	162	150	156	0	239	255	351	286	245	307	93	106	518	111	442	423	194	280	344	335	349	367	352	182	437	327	158	266	199	|
|42	153	93	199	296	239	0	203	296	91	82	76	278	316	284	217	322	191	201	186	133	180	217	281	177	165	356	175	302	222	52	|
|197	355	233	327	391	255	203	0	104	294	125	266	340	361	436	151	524	276	352	377	330	383	109	477	146	319	553	377	395	19	222	|
|296	444	336	431	493	351	296	104	0	384	214	348	440	456	488	241	617	315	456	476	412	475	113	575	176	422	651	470	497	88	322	|
|110	62	125	194	296	286	91	294	384	0	171	55	298	340	238	292	233	210	176	118	58	91	298	201	248	148	273	87	302	313	94	|
|91	231	144	253	340	245	82	125	214	171	0	141	307	339	324	184	403	187	266	266	204	261	140	363	114	230	438	256	346	144	116	|
|112	99	148	237	339	307	76	266	348	55	141	0	332	373	212	292	275	156	225	173	64	137	254	253	200	194	322	135	345	284	108	|
|238	333	187	113	66	93	278	340	440	298	307	332	0	43	536	203	404	469	153	253	354	321	427	322	420	160	385	313	67	353	229	|
|275	376	226	156	90	106	316	361	456	340	339	373	43	0	578	216	443	507	194	295	397	364	453	361	451	203	421	356	88	372	268	|
|323	214	358	431	531	518	284	436	488	238	324	212	536	578	0	498	309	176	407	320	183	245	376	344	312	383	379	251	537	451	319	|
|183	352	180	228	263	111	217	151	241	292	184	292	203	216	498	0	492	371	266	328	345	364	255	426	272	242	501	356	266	159	198	|
|330	176	313	296	362	442	322	524	617	233	403	275	404	443	309	492	0	397	253	164	218	142	529	84	475	260	72	147	367	543	306	|
|232	235	284	386	486	423	191	276	315	210	187	156	469	507	176	371	397	0	379	327	188	276	202	396	139	346	456	277	492	289	242	|
|175	194	123	44	127	194	201	352	456	176	266	225	153	194	407	266	253	379	0	101	225	174	405	174	375	36	244	166	133	370	152	|
|181	106	152	140	226	280	186	377	476	118	266	173	253	295	320	328	164	327	101	0	148	76	403	100	360	98	177	69	232	396	155	|
|162	47	182	248	349	344	133	330	412	58	204	64	354	397	183	345	218	188	225	148	0	89	316	208	259	201	270	90	355	348	149	|
|191	41	185	208	300	335	180	383	475	91	261	137	321	364	245	364	142	276	174	76	89	0	388	119	336	162	185	8	306	402	169	|
|232	353	282	389	469	349	217	109	113	298	140	254	427	453	376	255	529	202	405	403	316	388	0	497	64	369	570	384	474	112	256	|
|280	161	252	218	278	367	281	477	575	201	363	253	322	361	344	426	84	396	174	100	208	119	497	0	449	187	77	119	283	496	255	|
|201	299	256	366	454	352	177	146	176	248	114	200	420	451	312	272	475	139	375	360	259	336	64	449	0	339	521	333	460	156	223	|
|139	175	88	48	148	182	165	319	422	148	230	194	160	203	383	242	260	346	36	98	201	162	369	187	339	0	260	153	154	337	116	|
|356	225	329	287	334	437	356	553	651	273	438	322	385	421	379	501	72	456	244	177	270	185	570	77	521	260	0	187	338	572	331	|
|185	43	177	200	292	327	175	377	470	87	256	135	313	356	251	356	147	277	166	69	90	8	384	119	333	153	187	0	298	396	163	|
|266	326	210	108	6	158	302	395	497	302	346	345	67	88	537	266	367	492	133	232	355	306	474	283	460	154	338	298	0	410	251	|
|216	374	251	344	406	266	222	19	88	313	144	284	353	372	451	159	543	289	370	396	348	402	112	496	156	337	572	396	410	0	241	|
|26	153	42	148	245	199	52	222	322	94	116	108	229	268	319	198	306	242	152	155	149	169	256	255	223	116	331	163	251	241	0	|

--------------------------------------------------------------------------------
Building model...
	using lazy and cut (CVRPSEP package)
Solving IRP LP...
--------------------------------------------------------------------------------

Gurobi 9.1.0 (linux64) logging started Sat Jan  9 23:34:45 2021

Gurobi Optimizer version 9.1.0 build v9.1.0rc0 (linux64)
Thread count: 32 physical cores, 32 logical processors, using up to 2 threads
Optimize a model with 682 rows, 3280 columns and 7834 nonzeros
Model fingerprint: 0xb1dbd952
Variable types: 304 continuous, 2976 integer (186 binary)
Coefficient statistics:
  Matrix range     [1e+00, 1e+03]
  Objective range  [1e-02, 7e+02]
  Bounds range     [1e+00, 3e+02]
  RHS range        [3e+01, 5e+03]
Presolve removed 217 rows and 153 columns
Presolve time: 0.06s
Presolved: 465 rows, 3127 columns, 7070 nonzeros
Variable types: 182 continuous, 2945 integer (2766 binary)

Root relaxation: objective 2.308438e+03, 597 iterations, 0.01 seconds

    Nodes    |    Current Node    |     Objective Bounds      |     Work
 Expl Unexpl |  Obj  Depth IntInf | Incumbent    BestBd   Gap | It/Node Time

     0     0 2308.43801    0   73          - 2308.43801      -     -    0s
     0     0 2616.90517    0   73          - 2616.90517      -     -    0s
     0     0 3121.97894    0   73          - 3121.97894      -     -    0s
     0     0 3154.68583    0  120          - 3154.68583      -     -    0s
     0     0 3207.60832    0  101          - 3207.60832      -     -    0s
     0     0 3207.60832    0   99          - 3207.60832      -     -    0s
     0     0 3288.05239    0  123          - 3288.05239      -     -    0s
     0     0 3298.37388    0  114          - 3298.37388      -     -    0s
     0     0 3298.61757    0  121          - 3298.61757      -     -    0s
     0     0 3422.98257    0  150          - 3422.98257      -     -    0s
     0     0 3429.31166    0  176          - 3429.31166      -     -    0s
     0     0 3429.88189    0  139          - 3429.88189      -     -    0s
     0     0 3438.83601    0  157          - 3438.83601      -     -    0s
     0     0 3439.12317    0  186          - 3439.12317      -     -    0s
     0     2 3443.36529    0  209          - 3443.36529      -     -    0s
H  257   253                    4994.8200000 3460.63097  30.7%  96.4    4s
H  279   279                    4721.8200000 3460.63097  26.7%  94.0    4s
H  282   272                    4483.5800000 3460.63097  22.8%  93.2    4s
   334   331 4225.72250   44   11 4483.58000 3460.63097  22.8%  85.3    5s
*  383   355              66    4423.3300000 3467.45748  21.6%  79.0    5s
*  386   355              64    4411.3300000 3467.45748  21.4%  78.4    5s
H  447   400                    4375.3300000 3467.45748  20.7%  73.5    6s
H  608   511                    4362.3300000 3467.45748  20.5%  65.2    8s
*  710   402              45    4107.3000000 3481.93476  15.2%  60.2    9s
   748   380 4002.63492   65  186 4107.30000 3481.93476  15.2%  59.3   10s
   772   399 3639.30321   14  260 4107.30000 3639.30321  11.4%  63.0   15s
   899   437 3831.10693   21  145 4107.30000 3693.70042  10.1%  76.7   20s
H  958   429                    4101.3000000 3693.70042  9.94%  77.6   20s
* 1132   455              53    4071.5300000 3705.01975  9.00%  86.6   24s
  1142   443     cutoff   30      4071.53000 3715.71324  8.74%  86.9   25s
  1305   449 3958.56728   21  184 4071.53000 3788.04902  6.96%  98.8   30s
  1463   432 4051.43741   21  139 4071.53000 3822.09227  6.13%   106   35s
  1670   433     cutoff   23      4071.53000 3837.62734  5.74%   112   40s
  1872   438     cutoff   26      4071.53000 3847.52175  5.50%   117   45s
  1966   451 4010.20929   21  248 4071.53000 3861.14317  5.17%   120   50s
* 2121   510              46    4065.5800000 3877.48349  4.63%   120   53s
  2244   549     cutoff   19      4065.58000 3883.07409  4.49%   119   56s
* 2433   561              35    4035.4600000 3892.08064  3.55%   119   59s
  2462   559 4014.97755   23  244 4035.46000 3895.07633  3.48%   119   60s
H 2524   385                    3990.8500000 3898.67310  2.31%   119   62s
* 2660   135              30    3917.9500000 3907.55224  0.27%   119   63s
* 2729     0              27    3914.8500000 3908.16353  0.17%   118   64s

Cutting planes:
  User: 1632
  Gomory: 17
  Cover: 178
  Implied bound: 15
  Clique: 11
  MIR: 90
  StrongCG: 4
  Flow cover: 223
  GUB cover: 5
  Zero half: 5
  RLT: 110
  Lazy constraints: 175

Explored 2829 nodes (324586 simplex iterations) in 64.33 seconds
Thread count was 2 (of 32 available processors)

Solution count 10: 3914.85 3917.95 3990.85 ... 4375.33

Optimal solution found (tolerance 1.00e-04)
Best objective 3.914850000000e+03, best bound 3.914850000000e+03, gap 0.0000%

User-callback calls 13624, time in user-callback 5.86 sec
================================================================================
executing instance: ./input/Instances/Original/4/absH3low_3n10.dat
--------------------------------------------------------------------------------
Instance details
n	11
H	3
C	687
Li:
[0, 0, 0, 0, 0, 0, 0, 0, 0, 0, 0, ]
Ui:
[0, 189, 44, 174, 78, 36, 198, 117, 42, 96, 240, ]
Distance matrix:
|0	209	255	286	142	156	285	317	182	161	135	|
|209	0	464	451	315	356	490	469	361	299	260	|
|255	464	0	221	202	130	74	280	189	254	273	|
|286	451	221	0	145	156	164	479	354	153	192	|
|142	315	202	145	0	73	194	388	250	53	73	|
|156	356	130	156	73	0	134	332	200	127	144	|
|285	490	74	164	194	134	0	353	256	239	267	|
|317	469	280	479	388	332	353	0	141	436	430	|
|182	361	189	354	250	200	256	141	0	296	289	|
|161	299	254	153	53	127	239	436	296	0	39	|
|135	260	273	192	73	144	267	430	289	39	0	|

--------------------------------------------------------------------------------
Building model...
	using lazy and cut (CVRPSEP package)
Solving IRP LP...
--------------------------------------------------------------------------------

Gurobi 9.1.0 (linux64) logging started Sat Jan  9 23:35:49 2021

Gurobi Optimizer version 9.1.0 build v9.1.0rc0 (linux64)
Thread count: 32 physical cores, 32 logical processors, using up to 2 threads
Optimize a model with 242 rows, 500 columns and 1424 nonzeros
Model fingerprint: 0xc912c2b4
Variable types: 104 continuous, 396 integer (66 binary)
Coefficient statistics:
  Matrix range     [1e+00, 3e+02]
  Objective range  [1e-02, 5e+02]
  Bounds range     [1e+00, 2e+02]
  RHS range        [2e+01, 1e+03]
Presolve removed 77 rows and 53 columns
Presolve time: 0.01s
Presolved: 165 rows, 447 columns, 1159 nonzeros
Variable types: 62 continuous, 385 integer (326 binary)
Found heuristic solution: objective 4746.8500000

Root relaxation: objective 1.258552e+03, 199 iterations, 0.00 seconds

    Nodes    |    Current Node    |     Objective Bounds      |     Work
 Expl Unexpl |  Obj  Depth IntInf | Incumbent    BestBd   Gap | It/Node Time

     0     0 1258.55224    0   35 4746.85000 1258.55224  73.5%     -    0s
     0     0 1673.41884    0   62 4746.85000 1673.41884  64.7%     -    0s
H    0     0                    3943.0700000 1673.41884  57.6%     -    0s
     0     0 1680.07412    0   62 3943.07000 1680.07412  57.4%     -    0s
     0     0 1951.17480    0   69 3943.07000 1951.17480  50.5%     -    0s
     0     0 1953.60539    0   68 3943.07000 1953.60539  50.5%     -    0s
     0     0 1997.58201    0   55 3943.07000 1997.58201  49.3%     -    0s
     0     0 2000.61322    0   81 3943.07000 2000.61322  49.3%     -    0s
     0     0 2001.85628    0   98 3943.07000 2001.85628  49.2%     -    0s
     0     0 2002.26528    0   94 3943.07000 2002.26528  49.2%     -    0s
     0     0 2065.18250    0   62 3943.07000 2065.18250  47.6%     -    0s
H    0     0                    3905.0700000 2065.18250  47.1%     -    0s
     0     0 2066.27827    0   62 3905.07000 2066.27827  47.1%     -    0s
     0     0 2066.65790    0   67 3905.07000 2066.65790  47.1%     -    0s
     0     0 2071.85438    0   68 3905.07000 2071.85438  46.9%     -    0s
     0     0 2087.53943    0   53 3905.07000 2087.53943  46.5%     -    0s
     0     2 2100.22677    0   53 3905.07000 2100.22677  46.2%     -    0s
H    4     6                    2468.1000000 2112.47169  14.4%  46.0    0s
H   58    36                    2449.1000000 2136.82156  12.8%  39.1    0s

Cutting planes:
  User: 71
  Gomory: 5
  Cover: 64
  Implied bound: 13
  Clique: 7
  MIR: 33
  StrongCG: 5
  Flow cover: 57
  RLT: 54
  Relax-and-lift: 4
  Lazy constraints: 28

Explored 422 nodes (12697 simplex iterations) in 0.92 seconds
Thread count was 2 (of 32 available processors)

Solution count 5: 2449.1 2468.1 3905.07 ... 4746.85

Optimal solution found (tolerance 1.00e-04)
Best objective 2.449100000000e+03, best bound 2.449100000000e+03, gap 0.0000%

User-callback calls 1182, time in user-callback 0.12 sec
================================================================================
executing instance: ./input/Instances/Original/4/absH3low_3n15.dat
--------------------------------------------------------------------------------
Instance details
n	16
H	3
C	1267
Li:
[0, 0, 0, 0, 0, 0, 0, 0, 0, 0, 0, 0, 0, 0, 0, 0, ]
Ui:
[0, 156, 267, 148, 144, 87, 33, 171, 76, 141, 270, 282, 60, 110, 172, 57, ]
Distance matrix:
|0	229	567	76	58	96	306	409	310	423	108	346	165	347	159	256	|
|229	0	482	243	279	155	375	525	251	419	158	373	65	123	329	246	|
|567	482	0	506	622	483	342	439	259	200	467	274	486	433	501	312	|
|76	243	506	0	119	88	230	337	255	352	88	272	179	347	94	194	|
|58	279	622	119	0	154	345	431	366	471	166	391	217	399	179	310	|
|96	155	483	88	154	0	266	397	224	358	17	289	92	262	176	179	|
|306	375	342	230	345	266	0	158	184	148	251	68	332	423	181	140	|
|409	525	439	337	431	397	158	0	340	244	386	201	476	581	253	298	|
|310	251	259	255	366	224	184	340	0	170	208	146	238	257	274	66	|
|423	419	200	352	471	358	148	244	170	0	341	84	396	424	323	182	|
|108	158	467	88	166	17	251	386	208	341	0	273	96	259	172	162	|
|346	373	274	272	391	289	68	201	146	84	273	0	340	400	239	127	|
|165	65	486	179	217	92	332	476	238	396	96	340	0	182	267	216	|
|347	123	433	347	399	262	423	581	257	424	259	400	182	0	423	283	|
|159	329	501	94	179	176	181	253	274	323	172	239	267	423	0	208	|
|256	246	312	194	310	179	140	298	66	182	162	127	216	283	208	0	|

--------------------------------------------------------------------------------
Building model...
	using lazy and cut (CVRPSEP package)
Solving IRP LP...
--------------------------------------------------------------------------------

Gurobi 9.1.0 (linux64) logging started Sat Jan  9 23:35:50 2021

Gurobi Optimizer version 9.1.0 build v9.1.0rc0 (linux64)
Thread count: 32 physical cores, 32 logical processors, using up to 2 threads
Optimize a model with 352 rows, 970 columns and 2581 nonzeros
Model fingerprint: 0xbcc2724f
Variable types: 154 continuous, 816 integer (96 binary)
Coefficient statistics:
  Matrix range     [1e+00, 6e+02]
  Objective range  [1e-02, 6e+02]
  Bounds range     [1e+00, 3e+02]
  RHS range        [1e+01, 2e+03]
Presolve removed 112 rows and 78 columns
Presolve time: 0.02s
Presolved: 240 rows, 892 columns, 2192 nonzeros
Variable types: 92 continuous, 800 integer (711 binary)

Root relaxation: objective 1.644714e+03, 336 iterations, 0.01 seconds

    Nodes    |    Current Node    |     Objective Bounds      |     Work
 Expl Unexpl |  Obj  Depth IntInf | Incumbent    BestBd   Gap | It/Node Time

     0     0 1644.71376    0   41          - 1644.71376      -     -    0s
     0     0 1901.11458    0   46          - 1901.11458      -     -    0s
     0     0 2384.11562    0   55          - 2384.11562      -     -    0s
     0     0 2442.52331    0  109          - 2442.52331      -     -    0s
     0     0 2494.23955    0  106          - 2494.23955      -     -    0s
     0     0 2520.81770    0  109          - 2520.81770      -     -    0s
     0     0 2520.81770    0  110          - 2520.81770      -     -    0s
     0     0 2564.83672    0   95          - 2564.83672      -     -    0s
     0     0 2581.12794    0  138          - 2581.12794      -     -    0s
     0     0 2586.36629    0  128          - 2586.36629      -     -    0s
     0     0 2586.68965    0  139          - 2586.68965      -     -    0s
     0     0 2604.30084    0  110          - 2604.30084      -     -    0s
     0     0 2605.63059    0  114          - 2605.63059      -     -    0s
     0     0 2607.46322    0  120          - 2607.46322      -     -    0s
     0     0 2616.89508    0  115          - 2616.89508      -     -    0s
     0     2 2616.93397    0  115          - 2616.93397      -     -    0s
*  168   167              64    4883.0200000 2634.11356  46.1%  40.2    0s
*  176   157              55    3905.3000000 2634.11356  32.6%  38.7    0s
H  187   140                    3876.0400000 2692.35617  30.5%  37.1    0s
H  190   140                    3841.2200000 2693.54658  29.9%  37.9    0s
H  221   172                    3713.3000000 2693.54658  27.5%  42.4    1s
H  348   189                    3407.3000000 2715.99811  20.3%  46.2    1s
H  438   153                    3353.3000000 2741.91452  18.2%  46.0    1s
H  465   157                    3297.3000000 2749.36006  16.6%  48.2    2s
H  626   144                    3149.3000000 2768.77836  12.1%  51.0    2s
*  722   152              22    3119.2600000 2813.41278  9.81%  51.1    3s
H  740   148                    3118.3000000 2813.41278  9.78%  50.3    4s
   757   162 2933.47200   17   39 3118.30000 2813.41278  9.78%  53.7    5s
H  775   161                    3111.6800000 2813.41278  9.59%  54.9    5s
*  786   148              25    3104.5600000 2813.41278  9.38%  55.1    5s
H  802   136                    3081.5600000 2855.97170  7.32%  55.4    5s

Cutting planes:
  User: 224
  Gomory: 5
  Cover: 101
  Implied bound: 6
  Clique: 11
  MIR: 50
  StrongCG: 2
  Flow cover: 90
  GUB cover: 1
  Zero half: 15
  RLT: 71
  Relax-and-lift: 4
  Lazy constraints: 15

Explored 928 nodes (53860 simplex iterations) in 6.07 seconds
Thread count was 2 (of 32 available processors)

Solution count 10: 3081.56 3104.56 3111.68 ... 3713.3

Optimal solution found (tolerance 1.00e-04)
Best objective 3.081560000000e+03, best bound 3.081560000000e+03, gap 0.0000%

User-callback calls 3143, time in user-callback 0.66 sec
================================================================================
executing instance: ./input/Instances/Original/4/absH3low_2n45.dat
--------------------------------------------------------------------------------
Instance details
n	46
H	3
C	3171
Li:
[0, 0, 0, 0, 0, 0, 0, 0, 0, 0, 0, 0, 0, 0, 0, 0, 0, 0, 0, 0, 0, 0, 0, 0, 0, 0, 0, 0, 0, 0, 0, 0, 0, 0, 0, 0, 0, 0, 0, 0, 0, 0, 0, 0, 0, 0, ]
Ui:
[0, 246, 160, 78, 20, 87, 144, 40, 20, 82, 60, 96, 24, 136, 160, 108, 160, 26, 228, 51, 24, 240, 231, 70, 32, 105, 174, 114, 246, 126, 132, 76, 22, 42, 255, 132, 148, 162, 66, 111, 102, 240, 123, 201, 297, 78, ]
Distance matrix:
|0	148	402	550	329	420	187	318	366	280	504	273	233	333	112	344	379	481	113	593	159	523	261	424	90	359	163	461	413	240	105	299	265	89	371	462	339	273	495	22	41	439	369	506	563	468	|
|148	0	284	517	394	284	136	369	244	311	496	166	329	355	223	202	338	388	204	565	254	506	118	346	71	423	173	471	336	118	105	352	198	105	248	428	302	305	487	153	179	441	230	497	517	370	|
|402	284	0	350	448	80	228	406	42	343	382	129	456	350	412	126	219	131	382	395	410	371	180	137	314	466	289	400	137	167	389	401	169	316	39	280	217	342	373	394	414	362	108	380	324	106	|
|550	517	350	0	339	429	385	308	374	295	93	375	431	249	481	461	180	239	458	48	445	57	474	214	496	333	387	160	216	424	601	321	320	471	376	90	217	301	93	530	534	146	452	88	52	262	|
|329	394	448	339	0	513	282	42	438	105	255	363	115	108	221	484	259	431	217	365	172	289	436	362	333	30	224	189	353	380	423	47	291	296	443	285	240	107	251	307	294	193	495	260	378	437	|
|420	284	80	429	513	0	267	473	76	408	462	163	509	421	449	86	298	201	421	474	455	451	167	217	330	533	333	478	217	181	386	466	225	341	70	360	291	406	453	416	438	440	59	460	400	176	|
|187	136	228	385	282	267	0	249	199	186	360	104	248	224	184	214	207	294	155	432	189	371	155	237	113	308	68	336	227	101	216	236	78	98	205	296	168	181	350	174	190	305	231	360	390	283	|
|318	369	406	308	42	473	249	0	397	66	229	325	128	67	216	447	218	389	206	337	168	260	402	320	311	61	196	167	311	345	406	19	252	275	403	248	198	70	223	296	286	164	457	233	344	395	|
|366	244	42	374	438	76	199	397	0	332	397	96	436	346	383	90	228	168	354	420	385	389	139	161	277	458	263	408	158	128	349	391	150	282	6	298	218	331	388	359	380	370	78	395	352	144	|
|280	311	343	295	105	408	186	66	332	0	231	259	142	53	191	380	171	337	173	332	150	257	337	267	258	127	139	182	258	280	359	58	186	223	338	222	143	6	224	258	254	164	390	234	323	340	|
|504	496	382	93	255	462	360	229	397	231	0	375	356	180	422	478	173	293	403	110	381	36	474	248	463	245	345	68	246	419	568	244	308	433	400	104	200	237	9	482	482	67	474	5	142	312	|
|273	166	129	375	363	163	104	325	96	259	375	0	347	283	288	121	202	221	259	423	292	376	99	183	186	386	170	370	175	52	269	315	76	187	102	288	177	256	365	265	285	333	133	374	365	204	|
|233	329	456	431	115	509	248	128	436	142	356	347	0	181	121	462	311	472	128	463	76	386	398	403	260	141	180	294	392	349	334	111	287	224	442	362	280	139	350	212	194	289	479	360	463	472	|
|333	355	350	249	108	421	224	67	346	53	180	283	181	0	244	403	152	324	226	283	201	207	369	256	307	118	186	129	247	311	409	74	208	273	351	183	136	59	173	311	307	113	410	183	282	331	|
|112	223	412	481	221	449	184	216	383	191	422	288	121	244	0	387	327	461	30	521	49	447	313	396	152	250	125	371	385	273	214	196	249	121	389	400	288	185	415	91	74	355	408	425	503	454	|
|344	202	126	461	484	86	214	447	90	380	478	121	462	403	387	0	305	256	360	508	400	473	84	250	255	507	282	482	246	115	302	437	196	271	90	382	288	377	469	343	367	444	28	476	441	232	|
|379	338	219	180	259	298	207	218	228	171	173	202	311	152	327	305	0	172	301	227	300	174	302	105	318	270	217	180	97	249	423	221	141	296	232	90	40	173	164	361	368	142	303	172	184	180	|
|481	388	131	239	431	201	294	389	168	337	293	221	472	324	461	256	172	0	432	280	446	273	300	70	400	442	337	330	80	271	490	391	217	391	167	191	194	339	286	468	483	294	239	289	203	26	|
|113	204	382	458	217	421	155	206	354	173	403	259	128	226	30	360	301	432	0	499	52	426	287	367	133	246	95	355	356	246	208	187	219	100	360	376	261	167	395	90	81	337	381	406	478	425	|
|593	565	395	48	365	474	432	337	420	332	110	423	463	283	521	508	227	280	499	0	482	77	521	260	542	356	431	178	262	472	647	352	368	516	422	137	264	338	114	573	576	174	499	106	78	304	|
|159	254	410	445	172	455	189	168	385	150	381	292	76	201	49	400	300	446	52	482	0	407	331	378	184	201	122	327	367	286	258	149	242	150	391	367	263	144	374	137	122	314	419	384	470	441	|
|523	506	371	57	289	451	371	260	389	257	36	376	386	207	447	473	174	273	426	77	407	0	475	234	477	280	363	104	234	422	583	275	313	449	392	91	205	263	38	503	504	97	468	31	108	294	|
|261	118	180	474	436	167	155	402	139	337	474	99	398	369	313	84	302	300	287	521	331	475	0	275	173	462	220	465	268	58	219	390	168	193	142	388	275	333	464	261	286	430	111	473	462	279	|
|424	346	137	214	362	217	237	320	161	267	248	183	403	256	396	250	105	70	367	260	378	234	275	0	348	374	274	274	11	234	444	321	159	335	163	145	124	269	239	409	422	237	239	245	191	76	|
|90	71	314	496	333	330	113	311	277	258	463	186	260	307	152	255	318	400	133	542	184	477	173	348	0	362	121	430	338	150	106	293	190	37	282	406	279	252	454	88	113	403	280	464	502	386	|
|359	423	466	333	30	533	308	61	458	127	245	386	141	118	250	507	270	442	246	356	201	280	462	374	362	0	252	178	365	406	453	73	313	325	463	286	254	130	242	336	324	187	517	250	374	449	|
|163	173	289	387	224	333	68	196	263	139	345	170	180	186	125	282	217	337	95	431	122	363	220	274	121	252	0	310	263	168	225	180	124	88	269	300	177	133	337	144	152	284	299	347	400	330	|
|461	471	400	160	189	478	336	167	408	182	68	370	294	129	371	482	180	330	355	178	327	104	465	274	430	178	310	0	269	408	534	184	297	398	412	142	194	188	66	439	436	38	482	73	206	345	|
|413	336	137	216	353	217	227	311	158	258	246	175	392	247	385	246	97	80	356	262	367	234	268	11	338	365	263	269	0	226	434	312	149	324	160	143	115	259	237	399	411	232	237	243	196	84	|
|240	118	167	424	380	181	101	345	128	280	419	52	349	311	273	115	249	271	246	472	286	422	58	234	150	406	168	408	226	0	223	333	111	160	133	336	219	276	409	235	258	373	136	418	416	252	|
|105	105	389	601	423	386	216	406	349	359	568	269	334	409	214	302	423	490	208	647	258	583	219	444	106	453	225	534	434	223	0	388	289	137	353	511	384	353	559	123	145	508	330	570	606	473	|
|299	352	401	321	47	466	236	19	391	58	244	315	111	74	196	437	221	391	187	352	149	275	390	321	293	73	180	184	312	333	388	0	243	257	396	258	197	60	238	276	267	178	448	248	355	395	|
|265	198	169	320	291	225	78	252	150	186	308	76	287	208	249	196	141	217	219	368	242	313	168	159	190	313	124	297	149	111	289	243	0	176	156	231	109	183	299	251	266	262	205	308	319	207	|
|89	105	316	471	296	341	98	275	282	223	433	187	224	273	121	271	296	391	100	516	150	449	193	335	37	325	88	398	324	160	137	257	176	0	287	382	256	217	424	78	98	372	295	434	480	379	|
|371	248	39	376	443	70	205	403	6	338	400	102	442	351	389	90	232	167	360	422	391	392	142	163	282	463	269	412	160	133	353	396	156	287	0	301	222	336	391	365	386	374	77	398	353	143	|
|462	428	280	90	285	360	296	248	298	222	104	288	362	183	400	382	90	191	376	137	367	91	388	145	406	286	300	142	143	336	511	258	231	382	301	0	127	226	96	443	448	110	376	100	103	209	|
|339	302	217	217	240	291	168	198	218	143	200	177	280	136	288	288	40	194	261	264	263	205	275	124	279	254	177	194	115	219	384	197	109	256	222	127	0	145	190	321	328	157	289	199	224	198	|
|273	305	342	301	107	406	181	70	331	6	237	256	139	59	185	377	173	339	167	338	144	263	333	269	252	130	133	188	259	276	353	60	183	217	336	226	145	0	230	251	248	170	388	240	328	341	|
|495	487	373	93	251	453	350	223	388	224	9	365	350	173	415	469	164	286	395	114	374	38	464	239	454	242	337	66	237	409	559	238	299	424	391	96	190	230	0	474	474	61	465	11	141	305	|
|22	153	394	530	307	416	174	296	359	258	482	265	212	311	91	343	361	468	90	573	137	503	261	409	88	336	144	439	399	235	123	276	251	78	365	443	321	251	474	0	26	418	367	485	544	456	|
|41	179	414	534	294	438	190	286	380	254	482	285	194	307	74	367	368	483	81	576	122	504	286	422	113	324	152	436	411	258	145	267	266	98	386	448	328	248	474	26	0	416	391	484	550	472	|
|439	441	362	146	193	440	305	164	370	164	67	333	289	113	355	444	142	294	337	174	314	97	430	237	403	187	284	38	232	373	508	178	262	372	374	110	157	170	61	418	416	0	444	71	187	309	|
|369	230	108	452	495	59	231	457	78	390	474	133	479	410	408	28	303	239	381	499	419	468	111	239	280	517	299	482	237	136	330	448	205	295	77	376	289	388	465	367	391	444	0	472	429	214	|
|506	497	380	88	260	460	360	233	395	234	5	374	360	183	425	476	172	289	406	106	384	31	473	245	464	250	347	73	243	418	570	248	308	434	398	100	199	240	11	485	484	71	472	0	137	309	|
|563	517	324	52	378	400	390	344	352	323	142	365	463	282	503	441	184	203	478	78	470	108	462	191	502	374	400	206	196	416	606	355	319	480	353	103	224	328	141	544	550	187	429	137	0	228	|
|468	370	106	262	437	176	283	395	144	340	312	204	472	331	454	232	180	26	425	304	441	294	279	76	386	449	330	345	84	252	473	395	207	379	143	209	198	341	305	456	472	309	214	309	228	0	|

--------------------------------------------------------------------------------
Building model...
	using lazy and cut (CVRPSEP package)
Solving IRP LP...
--------------------------------------------------------------------------------

Gurobi 9.1.0 (linux64) logging started Sat Jan  9 23:35:57 2021

Gurobi Optimizer version 9.1.0 build v9.1.0rc0 (linux64)
Thread count: 32 physical cores, 32 logical processors, using up to 2 threads
Optimize a model with 1012 rows, 6940 columns and 15793 nonzeros
Model fingerprint: 0x0356038e
Variable types: 454 continuous, 6486 integer (276 binary)
Coefficient statistics:
  Matrix range     [1e+00, 2e+03]
  Objective range  [1e-02, 6e+02]
  Bounds range     [1e+00, 3e+02]
  RHS range        [1e+01, 5e+03]
Presolve removed 260 rows and 158 columns
Presolve time: 0.08s
Presolved: 752 rows, 6782 columns, 14789 nonzeros
Variable types: 312 continuous, 6470 integer (6200 binary)

Root relaxation: objective 2.539073e+03, 715 iterations, 0.02 seconds

    Nodes    |    Current Node    |     Objective Bounds      |     Work
 Expl Unexpl |  Obj  Depth IntInf | Incumbent    BestBd   Gap | It/Node Time

     0     0 2539.07262    0  137          - 2539.07262      -     -    0s
     0     0 2993.35978    0  162          - 2993.35978      -     -    0s
     0     0 2994.98725    0  141          - 2994.98725      -     -    0s
     0     0 3030.52818    0  151          - 3030.52818      -     -    0s
     0     0 3030.52818    0  158          - 3030.52818      -     -    0s
     0     0 3537.76214    0  185          - 3537.76214      -     -    0s
     0     0 3579.28490    0  186          - 3579.28490      -     -    0s
     0     0 3601.80771    0  180          - 3601.80771      -     -    0s
     0     0 3621.29448    0  182          - 3621.29448      -     -    0s
     0     0 3625.31326    0  178          - 3625.31326      -     -    0s
     0     0 3632.16378    0  182          - 3632.16378      -     -    0s
     0     0 3632.73684    0  198          - 3632.73684      -     -    0s
     0     0 3716.54355    0  181          - 3716.54355      -     -    1s
     0     0 3746.12240    0  189          - 3746.12240      -     -    1s
     0     0 3754.65325    0  196          - 3754.65325      -     -    1s
     0     0 3758.98496    0  217          - 3758.98496      -     -    1s
     0     0 3761.72025    0  224          - 3761.72025      -     -    1s
     0     0 3762.52384    0  173          - 3762.52384      -     -    1s
     0     0 3800.86534    0  218          - 3800.86534      -     -    1s
     0     0 3806.56238    0  213          - 3806.56238      -     -    1s
     0     0 3810.07223    0  160          - 3810.07223      -     -    1s
     0     0 3813.15217    0  228          - 3813.15217      -     -    1s
     0     0 3816.40447    0  229          - 3816.40447      -     -    1s
     0     0 3817.63955    0  224          - 3817.63955      -     -    1s
     0     0 3826.90302    0  236          - 3826.90302      -     -    1s
     0     0 3832.30024    0  288          - 3832.30024      -     -    1s
     0     0 3834.45426    0  296          - 3834.45426      -     -    1s
     0     0 3835.69657    0  293          - 3835.69657      -     -    2s
     0     0 3846.34766    0  354          - 3846.34766      -     -    2s
     0     0 3847.34541    0  342          - 3847.34541      -     -    2s
     0     2 3850.49776    0  309          - 3850.49776      -     -    2s
    48    52 4073.83259   14  179          - 3871.58625      -   223    5s
   451   453 6736.57523  157   18          - 3871.60804      -  68.3   10s
   661   625 4252.36098   17   19          - 3872.54109      -  78.5   15s
   737   686 7369.62000  213  360          - 3925.80778      -  79.8   20s
   757   700 5770.30500  134  471          - 3958.64634      -  77.7   26s
   762   706 3968.07286   17  391          - 3968.07286      -  86.3   30s
   809   740 4180.60037   28  227          - 3988.90215      -  98.8   35s
   949   850 4446.44386   46  166          - 3988.90215      -   105   40s
  1146   981 4570.23242   61   48          - 3988.90215      -  94.4   45s
  1402  1068 4774.37524   83   26          - 3988.90215      -  85.3   50s
  1640  1218 5637.49765  192   11          - 3988.90215      -  82.0   55s
  1773  1288 4146.95972   24  205          - 4003.85885      -  82.2   60s
  1860  1347 4362.40351   33   17          - 4003.85885      -  87.3   65s
  1937  1436 4447.25130   44   37          - 4003.85885      -  89.6   72s
  2068  1540 4683.81322   52   56          - 4003.85885      -  86.3   75s
  2299  1611 4761.51538  174    3          - 4025.44707      -  81.6   80s
  2401  1668 4385.10887   23  254          - 4029.62399      -  85.1   85s
  2536  1748 4559.20480   33   66          - 4029.62399      -  85.9   90s
  2673  1804 4638.28747   42   96          - 4029.62399      -  85.7   95s
  2771  1943 4905.40319   91   42          - 4029.62399      -  87.8  100s
  2978  2088 5965.87628  176   48          - 4031.57482      -  85.6  106s
  3118  2228 4216.23250   23  309          - 4031.57482      -  85.4  111s
  3258  2343 4417.23517   31  235          - 4031.57482      -  85.9  116s
  3406  2423 4506.60088   45  101          - 4031.57482      -  85.4  121s
  3505  2625 4790.10632   85   61          - 4031.57482      -  86.6  126s
  3670  2870 5423.70600  115   18          - 4031.57482      -  85.1  130s
  4024  3103 7402.54000  200   35          - 4036.05512      -  80.3  137s
  4219  3149 4139.91596   22  312          - 4036.05512      -  78.7  140s
  4261  3215 4406.77359   36   68          - 4036.05512      -  81.2  146s
  4383  3577 5100.44397   93   18          - 4036.05512      -  83.2  153s
  4723  3638 7731.21000  201    6          - 4036.05512      -  78.2  155s
  5048  3962 5607.26258  109   45          - 4036.15229      -  75.7  163s
  5279  4067 4457.36124   24  297          - 4039.22795      -  74.2  166s
  5313  4181 4758.61991   37   81          - 4039.22795      -  75.2  170s
  5427  4478 5028.39579   80    4          - 4039.22795      -  75.6  176s
  5750  4614 6289.02500  168   38          - 4039.97045      -  73.7  181s
  6045  4712 4250.42646   24  385          - 4040.23001      -  72.1  185s
  6084  4760 4783.62200   38  231          - 4040.23001      -  74.3  191s
  6107  4817 4907.56025   48   50          - 4040.23001      -  75.1  195s
  6272  5196 5278.06625   77   20          - 4057.12246      -  76.8  204s
  6648  5358 4280.43542   24  368          - 4057.12246      -  74.0  210s
  6875  5465 4782.28329   54   40          - 4057.12246      -  74.3  218s
  6904  5559 4922.74637   61  102          - 4057.12246      -  74.9  223s
  7000  5621 5564.39972  115   50          - 4062.03163      -  75.3  227s
  7072  5704 4332.36997   24  439          - 4062.03163      -  76.0  231s
  7150  5949 4634.24823   30  230          - 4062.03163      -  76.3  236s
  7425  6249 4988.90258   51  194          - 4062.03163      -  75.0  243s
  7640  6278 7668.31000  237    4          - 4062.03163      -  74.3  245s
  7852  6361 5238.04000   63   28          - 4062.03163      -  72.8  264s
  7896  6470 5314.89384   71   39          - 4072.83960      -  73.2  269s
  8022  6618 4178.04801   25  325          - 4072.83960      -  74.1  274s
  8111  6618 5355.97716  101   46          - 4072.83960      -  74.8  275s
  8171  7068 4582.00197   38  140          - 4072.83960      -  74.4  282s
  8629  7106 8235.81000  205   16          - 4072.83960      -  71.8  285s
  8821  7206 5547.37810  142   59          - 4077.46193      -  71.1  290s
  8868  7404 4410.03452   28  229          - 4077.46193      -  72.1  295s
  9067  7646 4794.94848   65   34          - 4077.56880      -  72.3  302s
  9380  7746 4424.55498   27  292          - 4091.75324      -  71.4  308s
  9450  7870 4706.48499   40  151          - 4091.75324      -  72.3  314s
  9528  7873 5048.98529   57   26          - 4091.75324      -  72.8  315s
  9598  8083 5063.11620   56   62          - 4096.48930      -  73.0  322s
  9991  8254 4577.16440   27  224          - 4096.92961      -  72.1  328s
 10067  8376 5082.61898   65   29          - 4096.92961      -  72.9  334s
 10157  8376 4392.56635   33  274          - 4096.92961      -  73.0  335s
 10189  8644 5516.24000  105   20          - 4108.11657      -  73.2  340s
 10558  8843 4447.76921   25  263          - 4108.11657      -  72.3  347s
 10790  8931 4653.57852   36  188          - 4108.11657      -  71.9  352s
 10840  9048 4741.82088   49  138          - 4108.11657      -  72.6  358s
 10957  9211 5043.85921   95   61          - 4109.97995      -  73.2  364s
 11088  9221 6637.01000  170    4          - 4109.97995      -  72.6  365s
 11215  9375 4533.75183   39  112          - 4113.45237      -  73.7  374s
 11311  9591 4770.80463   48   40          - 4113.45237      -  74.4  380s
 11574  9768 5068.11030   79   71          - 4114.38673      -  74.0  387s
 11757  9920 4339.40571   22  200          - 4114.38673      -  74.0  393s
 11965 10074 4558.19502   33  116          - 4114.38673      -  73.9  399s
 12044 10077 5503.63947  131   44          - 4114.38673      -  74.2  400s
 12142 10197 4821.81109   45   16          - 4118.49808      -  74.0  406s
 12280 10324 5360.60500   73   72          - 4122.01022      -  74.5  412s
 12460 10485 4463.58811   31  115          - 4122.01022      -  74.6  419s
 12486 10485 4687.11170   45  130          - 4122.01022      -  74.7  420s
 12610 10605 4684.66646   51   65          - 4126.67365      -  75.1  425s
 12778 10700 5022.49281   63   47          - 4132.51008      -  75.1  431s
 12950 10849 5146.31167   68   49          - 4132.63772      -  75.4  437s
 13073 10966 4420.05121   31   89          - 4132.63772      -  75.8  442s
 13185 11099 4565.91286   38   21          - 4132.63772      -  76.2  448s
 13352 11167 4929.67079   56   46          - 4135.69943      -  76.3  453s
 13425 11256 5301.79605   99   72          - 4135.74086      -  76.6  459s
 13575 11358 4394.60366   29  268          - 4135.74086      -  76.8  464s
 13644 11504 4455.53377   35  256          - 4135.74086      -  77.2  470s
 13842 11617 4616.79983   57   70          - 4135.74086      -  77.1  476s
