




arguments: ./build/mirp_solver -f ./input/orig_exec_13.cfg
Current dir: /scratch/gui/bnc_mirp
File verbosity level: 9
date       time         ( uptime  ) [ thread name/id ]                   file:line     v| 
2021-01-08 23:35:51.758 (   0.337s) [main thread     ]             loguru.cpp:789   INFO| Logging to './output/vi_lex_quarter/OU/V2/Original/execution_08_01_2021_23_35_51.log', mode: 'a', verbosity: 9
--------------------------------------------------------------------------------
Parameters
                           instance_path           ./input/Instances/Original/1/
                            model_policy                                       1
                             nb_vehicles                                       2
                              output_dir ./output/vi_lex_quarter/OU/V2/Original/
                            sec_strategy                                       1
                       solver_nb_threads                                       2
                         solver_show_log                                    true
                       solver_time_limit                                    3600
                              use_vi_cos                                   false
                              use_vi_cus                                   false
                         use_vi_hc1_full                                   false
                         use_vi_hc1_half                                   false
                      use_vi_hc1_quarter                                   false
                              use_vi_hc2                                   false
                              use_vi_hc3                                   false
                         use_vi_lex_full                                   false
                         use_vi_lex_half                                   false
                      use_vi_lex_quarter                                    true
                              use_vi_qua                                   false
                               use_vi_vc                                   false
                               use_vi_vr                                   false
--------------------------------------------------------------------------------
executing instance: ./input/Instances/Original/1/absH3high_1n5.dat
--------------------------------------------------------------------------------
Instance details
n	6
H	3
C	289
Li:
[0, 0, 0, 0, 0, 0, ]
Ui:
[0, 195, 105, 116, 72, 22, ]
Distance matrix:
|0	85	349	17	203	289	|
|85	0	265	102	214	226	|
|349	265	0	366	368	238	|
|17	102	366	0	207	302	|
|203	214	368	207	0	431	|
|289	226	238	302	431	0	|

--------------------------------------------------------------------------------
Building model...
	using lazy and cut (CVRPSEP package)
Solving IRP LP...
--------------------------------------------------------------------------------

Gurobi 9.1.0 (linux64) logging started Fri Jan  8 23:35:52 2021

Gurobi Optimizer version 9.1.0 build v9.1.0rc0 (linux64)
Thread count: 32 physical cores, 32 logical processors, using up to 2 threads
Optimize a model with 132 rows, 180 columns and 573 nonzeros
Model fingerprint: 0x696f0a80
Variable types: 54 continuous, 126 integer (36 binary)
Coefficient statistics:
  Matrix range     [1e+00, 2e+02]
  Objective range  [2e-01, 4e+02]
  Bounds range     [1e+00, 2e+02]
  RHS range        [1e+01, 5e+02]
Presolve removed 40 rows and 22 columns
Presolve time: 0.01s
Presolved: 92 rows, 158 columns, 453 nonzeros
Variable types: 32 continuous, 126 integer (96 binary)
Found heuristic solution: objective 3206.2700000
Found heuristic solution: objective 2882.7800000

Root relaxation: objective 1.636437e+03, 125 iterations, 0.00 seconds

    Nodes    |    Current Node    |     Objective Bounds      |     Work
 Expl Unexpl |  Obj  Depth IntInf | Incumbent    BestBd   Gap | It/Node Time

     0     0 1636.43659    0   17 2882.78000 1636.43659  43.2%     -    0s
     0     0 1762.23948    0   22 2882.78000 1762.23948  38.9%     -    0s
H    0     0                    2864.4900000 1762.23948  38.5%     -    0s
     0     0 2141.93196    0   31 2864.49000 2141.93196  25.2%     -    0s
     0     0 2141.93196    0   34 2864.49000 2141.93196  25.2%     -    0s
     0     0 2176.03547    0   44 2864.49000 2176.03547  24.0%     -    0s
H    0     0                    2851.5900000 2176.03547  23.7%     -    0s
     0     0 2177.21345    0   49 2851.59000 2177.21345  23.6%     -    0s
     0     0 2177.34316    0   50 2851.59000 2177.34316  23.6%     -    0s
     0     0 2187.72558    0   31 2851.59000 2187.72558  23.3%     -    0s
H    0     0                    2302.3500000 2187.72558  4.98%     -    0s
     0     0 2188.05250    0   41 2302.35000 2188.05250  4.96%     -    0s
     0     0 2196.53785    0   45 2302.35000 2196.53785  4.60%     -    0s
     0     0 2201.19352    0   49 2302.35000 2201.19352  4.39%     -    0s
     0     0 2201.19352    0   49 2302.35000 2201.19352  4.39%     -    0s
     0     0 2201.26432    0   32 2302.35000 2201.26432  4.39%     -    0s
     0     0 2201.57462    0   30 2302.35000 2201.57462  4.38%     -    0s
     0     0 2201.57462    0   32 2302.35000 2201.57462  4.38%     -    0s
     0     0 2201.57462    0   14 2302.35000 2201.57462  4.38%     -    0s
H    0     0                    2266.6100000 2201.57462  2.87%     -    0s
     0     0 2222.29697    0   12 2266.61000 2222.29697  1.96%     -    0s
     0     0 2222.29697    0   40 2266.61000 2222.29697  1.96%     -    0s
     0     0 2222.29697    0   27 2266.61000 2222.29697  1.96%     -    0s
     0     0 2222.29697    0   35 2266.61000 2222.29697  1.96%     -    0s
     0     0 2222.29697    0   26 2266.61000 2222.29697  1.96%     -    0s
     0     0 2222.29697    0   21 2266.61000 2222.29697  1.96%     -    0s
     0     0 2222.29697    0   21 2266.61000 2222.29697  1.96%     -    0s
     0     0 2222.29697    0   24 2266.61000 2222.29697  1.96%     -    0s
     0     0 2222.29697    0   21 2266.61000 2222.29697  1.96%     -    0s
     0     0 2222.29697    0   28 2266.61000 2222.29697  1.96%     -    0s
     0     0 2222.29697    0   15 2266.61000 2222.29697  1.96%     -    0s
     0     0 2222.29697    0   27 2266.61000 2222.29697  1.96%     -    0s
     0     0 2222.29697    0   23 2266.61000 2222.29697  1.96%     -    0s
     0     0 2222.29697    0   23 2266.61000 2222.29697  1.96%     -    0s
     0     2 2238.09828    0   23 2266.61000 2238.09828  1.26%     -    0s

Cutting planes:
  Cover: 8
  MIR: 12
  Flow cover: 7
  Zero half: 1
  RLT: 6
  Relax-and-lift: 2

Explored 8 nodes (955 simplex iterations) in 0.30 seconds
Thread count was 2 (of 32 available processors)

Solution count 6: 2266.61 2302.35 2851.59 ... 3206.27

Optimal solution found (tolerance 1.00e-04)
Best objective 2.266610000000e+03, best bound 2.266610000000e+03, gap 0.0000%

User-callback calls 353, time in user-callback 0.01 sec
================================================================================
executing instance: ./input/Instances/Original/1/absH3high_1n45.dat
--------------------------------------------------------------------------------
Instance details
n	46
H	3
C	3462
Li:
[0, 0, 0, 0, 0, 0, 0, 0, 0, 0, 0, 0, 0, 0, 0, 0, 0, 0, 0, 0, 0, 0, 0, 0, 0, 0, 0, 0, 0, 0, 0, 0, 0, 0, 0, 0, 0, 0, 0, 0, 0, 0, 0, 0, 0, 0, ]
Ui:
[0, 273, 270, 36, 165, 192, 148, 45, 30, 75, 180, 198, 112, 117, 90, 64, 180, 22, 264, 174, 168, 270, 86, 66, 26, 66, 237, 156, 92, 108, 144, 72, 30, 45, 94, 54, 174, 96, 198, 136, 44, 180, 210, 249, 198, 48, ]
Distance matrix:
|0	281	201	160	249	201	93	431	236	139	252	136	116	166	390	110	349	374	303	180	327	464	236	70	44	461	346	439	363	254	312	426	305	206	71	137	169	200	247	260	20	219	256	253	460	278	|
|281	0	448	170	53	142	338	184	121	290	371	390	222	302	111	289	169	434	230	177	238	441	59	212	319	211	86	235	399	306	53	176	99	202	263	157	361	101	370	201	264	344	364	374	469	184	|
|201	448	0	285	430	325	114	556	361	171	191	64	228	174	546	294	453	306	364	289	388	435	393	254	157	585	491	536	318	254	490	554	436	407	266	292	108	388	186	337	207	181	205	190	408	364	|
|160	170	285	0	169	43	182	280	80	120	208	231	58	132	262	230	190	294	151	24	174	345	112	107	183	309	207	280	268	158	219	276	155	235	187	45	192	150	205	107	140	177	202	210	356	119	|
|249	53	430	169	0	152	317	238	145	282	377	369	212	299	157	242	215	452	261	183	273	474	76	181	290	264	140	287	421	320	63	229	145	148	221	142	352	53	374	226	234	346	370	378	498	215	|
|201	142	325	43	152	0	224	237	37	156	230	273	101	164	224	261	148	300	127	38	147	333	83	142	225	266	167	238	270	168	193	233	112	246	221	70	228	148	228	84	180	202	222	232	351	87	|
|93	338	114	182	317	224	0	460	262	92	180	52	124	112	440	199	364	307	292	191	317	415	284	140	57	490	387	452	304	208	377	457	336	297	163	181	84	274	175	256	95	152	188	180	402	280	|
|431	184	556	280	238	237	460	0	199	385	420	508	337	385	108	464	110	429	219	269	206	378	202	365	460	30	98	84	388	340	204	9	126	386	432	294	453	283	421	226	411	404	408	423	422	198	|
|236	121	361	80	145	37	262	199	0	191	255	310	138	197	191	290	114	312	118	72	133	330	69	175	262	229	132	204	279	186	174	195	75	258	251	102	262	153	254	81	216	230	246	257	353	72	|
|139	290	171	120	282	156	92	385	191	0	116	129	71	27	380	246	283	235	201	119	226	329	231	141	129	414	323	367	224	119	336	383	266	308	202	141	72	252	112	169	127	82	118	117	322	195	|
|252	371	191	208	377	230	180	420	255	116	0	187	178	90	443	361	311	127	204	195	224	246	313	257	232	446	382	380	129	81	423	421	320	422	318	242	100	355	5	195	241	34	15	2	225	224	|
|136	390	64	231	369	273	52	508	310	129	187	0	173	141	491	233	409	313	330	239	355	431	335	191	93	538	438	495	316	233	429	505	385	342	203	233	88	325	182	297	143	167	199	187	412	323	|
|116	222	228	58	212	101	124	337	138	71	178	173	0	91	319	206	244	284	187	69	212	357	165	85	130	367	265	333	264	151	267	333	213	244	161	70	140	181	175	145	97	145	177	180	359	165	|
|166	302	174	132	299	164	112	385	197	27	90	141	91	0	388	273	280	208	191	127	215	305	243	167	153	413	329	361	198	96	351	383	270	333	229	159	68	272	86	163	153	56	92	91	296	190	|
|390	111	546	262	157	224	440	108	191	380	443	491	319	388	0	399	164	480	264	261	261	456	156	320	426	125	62	186	442	369	107	99	125	300	374	260	452	210	443	252	372	420	433	446	494	227	|
|110	289	294	230	242	261	199	464	290	246	361	233	206	273	399	0	402	480	382	254	404	562	262	124	143	493	369	490	466	355	302	457	344	135	45	191	279	189	356	337	120	328	364	362	563	348	|
|349	169	453	190	215	148	364	110	114	283	311	409	244	280	164	402	0	324	110	174	101	292	151	289	372	135	109	90	284	230	212	111	70	354	364	216	348	245	312	118	329	295	298	313	330	90	|
|374	434	306	294	452	300	307	429	312	235	127	313	284	208	480	480	324	0	216	274	223	137	380	368	357	448	419	367	40	136	487	432	358	525	436	336	227	443	132	234	361	156	119	127	102	255	|
|303	230	364	151	261	127	292	219	118	201	204	330	187	191	264	382	110	216	0	128	25	213	185	258	314	243	203	176	178	123	282	221	144	372	338	193	256	270	206	45	283	193	191	206	239	46	|
|180	177	289	24	183	38	191	269	72	119	195	239	69	127	261	254	174	274	128	0	151	321	118	130	198	299	204	263	246	139	228	266	147	258	211	68	191	169	193	83	159	166	188	197	333	98	|
|327	238	388	174	273	147	317	206	133	226	224	355	212	215	261	404	101	223	25	151	0	203	198	281	339	228	202	156	184	143	288	209	146	390	362	215	280	286	226	68	308	215	210	226	235	61	|
|464	441	435	345	474	333	415	378	330	329	246	431	357	305	456	562	292	137	213	321	203	0	398	440	458	390	400	301	117	211	492	384	348	578	517	389	344	480	251	251	448	265	233	246	54	259	|
|236	59	393	112	76	83	284	202	69	231	313	335	165	243	156	262	151	380	185	118	198	398	0	167	270	231	110	233	347	250	110	195	85	203	230	103	303	95	311	150	217	284	305	315	422	139	|
|70	212	254	107	181	142	140	365	175	141	257	191	85	167	320	124	289	368	258	130	281	440	167	0	109	394	277	378	349	236	244	359	239	167	81	73	196	135	253	213	53	223	257	258	444	226	|
|44	319	157	183	290	225	57	460	262	129	232	93	130	153	426	143	372	357	314	198	339	458	270	109	0	490	379	462	351	247	353	456	334	250	110	168	140	243	226	274	56	201	238	232	449	294	|
|461	211	585	309	264	266	490	30	229	414	446	538	367	413	125	493	135	448	243	299	228	390	231	394	490	0	125	89	408	365	226	36	156	412	462	324	481	311	447	253	441	430	433	448	436	225	|
|346	86	491	207	140	167	387	98	132	323	382	438	265	329	62	369	109	419	203	204	202	400	110	277	379	125	0	155	381	307	113	90	63	288	339	211	394	186	382	190	327	359	371	384	436	165	|
|439	235	536	280	287	238	452	84	204	367	380	495	333	361	186	490	90	367	176	263	156	301	233	378	462	89	155	0	326	299	267	92	148	432	454	306	429	325	382	199	419	369	366	382	348	172	|
|363	399	318	268	421	270	304	388	279	224	129	316	264	198	442	466	284	40	178	246	184	117	347	349	351	408	381	326	0	113	452	391	321	502	422	311	229	415	134	199	348	152	118	130	98	219	|
|254	306	254	158	320	168	208	340	186	119	81	233	151	96	369	355	230	136	123	139	143	211	250	236	247	365	307	299	113	0	359	340	244	390	310	200	148	308	83	117	238	74	68	83	208	145	|
|312	53	490	219	63	193	377	204	174	336	423	429	267	351	107	302	212	487	282	228	288	492	110	244	353	226	113	267	452	359	0	195	145	194	283	199	407	115	421	254	296	394	415	425	521	237	|
|426	176	554	276	229	233	457	9	195	383	421	505	333	383	99	457	111	432	221	266	209	384	195	359	456	36	90	92	391	340	195	0	122	378	426	289	451	275	421	226	406	404	408	423	427	197	|
|305	99	436	155	145	112	336	126	75	266	320	385	213	270	125	344	70	358	144	147	146	348	85	239	334	156	63	148	321	244	145	122	0	286	310	168	336	177	320	128	285	298	309	322	381	103	|
|206	202	407	235	148	246	297	386	258	308	422	342	244	333	300	135	354	525	372	258	390	578	203	167	250	412	288	432	502	390	194	378	286	0	144	191	362	109	418	329	202	388	421	423	591	329	|
|71	263	266	187	221	221	163	432	251	202	318	203	161	229	374	45	364	436	338	211	362	517	230	81	110	462	339	454	422	310	283	426	310	144	0	150	239	168	313	294	77	285	321	319	518	306	|
|137	157	292	45	142	70	181	294	102	141	242	233	70	159	260	191	216	336	193	68	215	389	103	73	168	324	211	306	311	200	199	289	168	191	150	0	210	113	239	148	117	210	238	244	400	157	|
|169	361	108	192	352	228	84	453	262	72	100	88	140	68	452	279	348	227	256	191	280	344	303	196	140	481	394	429	229	148	407	451	336	362	239	210	0	318	95	231	164	79	111	100	325	258	|
|200	101	388	150	53	148	274	283	153	252	355	325	181	272	210	189	245	443	270	169	286	480	95	135	243	311	186	325	415	308	115	275	177	109	168	113	318	0	352	230	187	323	351	357	498	225	|
|247	370	186	205	374	228	175	421	254	112	5	182	175	86	443	356	312	132	206	193	226	251	311	253	226	447	382	382	134	83	421	421	320	418	313	239	95	352	0	196	237	30	19	6	230	224	|
|260	201	337	107	226	84	256	226	81	169	195	297	145	163	252	337	118	234	45	83	68	251	150	213	274	253	190	199	199	117	254	226	128	329	294	148	231	230	196	0	240	178	184	198	272	29	|
|20	264	207	140	234	180	95	411	216	127	241	143	97	153	372	120	329	361	283	159	308	448	217	53	56	441	327	419	348	238	296	406	285	202	77	117	164	187	237	240	0	208	245	242	446	257	|
|219	344	181	177	346	202	152	404	230	82	34	167	145	56	420	328	295	156	193	166	215	265	284	223	201	430	359	369	152	74	394	404	298	388	285	210	79	323	30	178	208	0	37	35	250	206	|
|256	364	205	202	370	222	188	408	246	118	15	199	177	92	433	364	298	119	191	188	210	233	305	257	238	433	371	366	118	68	415	408	309	421	321	238	111	351	19	184	245	37	0	17	214	212	|
|253	374	190	210	378	232	180	423	257	117	2	187	180	91	446	362	313	127	206	197	226	246	315	258	232	448	384	382	130	83	425	423	322	423	319	244	100	357	6	198	242	35	17	0	225	226	|
|460	469	408	356	498	351	402	422	353	322	225	412	359	296	494	563	330	102	239	333	235	54	422	444	449	436	436	348	98	208	521	427	381	591	518	400	325	498	230	272	446	250	214	225	0	285	|
|278	184	364	119	215	87	280	198	72	195	224	323	165	190	227	348	90	255	46	98	61	259	139	226	294	225	165	172	219	145	237	197	103	329	306	157	258	225	224	29	257	206	212	226	285	0	|

--------------------------------------------------------------------------------
Building model...
	using lazy and cut (CVRPSEP package)
Solving IRP LP...
--------------------------------------------------------------------------------

Gurobi 9.1.0 (linux64) logging started Fri Jan  8 23:35:52 2021

Gurobi Optimizer version 9.1.0 build v9.1.0rc0 (linux64)
Thread count: 32 physical cores, 32 logical processors, using up to 2 threads
Optimize a model with 1012 rows, 6940 columns and 15793 nonzeros
Model fingerprint: 0x3f971df6
Variable types: 454 continuous, 6486 integer (276 binary)
Coefficient statistics:
  Matrix range     [1e+00, 2e+03]
  Objective range  [1e-01, 6e+02]
  Bounds range     [1e+00, 3e+02]
  RHS range        [1e+01, 6e+03]
Presolve removed 260 rows and 158 columns
Presolve time: 0.09s
Presolved: 752 rows, 6782 columns, 14789 nonzeros
Variable types: 312 continuous, 6470 integer (6200 binary)

Root relaxation: objective 1.302212e+04, 620 iterations, 0.02 seconds

    Nodes    |    Current Node    |     Objective Bounds      |     Work
 Expl Unexpl |  Obj  Depth IntInf | Incumbent    BestBd   Gap | It/Node Time

     0     0 13022.1222    0  112          - 13022.1222      -     -    0s
     0     0 13415.4114    0  132          - 13415.4114      -     -    0s
     0     0 13416.8510    0  139          - 13416.8510      -     -    0s
     0     0 13884.5456    0  208          - 13884.5456      -     -    0s
     0     0 13925.4988    0  202          - 13925.4988      -     -    0s
     0     0 13950.4427    0  229          - 13950.4427      -     -    0s
     0     0 13956.2813    0  212          - 13956.2813      -     -    0s
     0     0 13956.5499    0  200          - 13956.5499      -     -    0s
     0     0 14016.2945    0  223          - 14016.2945      -     -    1s
     0     0 14054.6085    0  248          - 14054.6085      -     -    1s
     0     0 14064.2176    0  232          - 14064.2176      -     -    1s
     0     0 14064.7050    0  241          - 14064.7050      -     -    1s
     0     0 14160.0499    0  212          - 14160.0499      -     -    1s
     0     0 14166.8523    0  242          - 14166.8523      -     -    1s
     0     0 14248.0524    0  269          - 14248.0524      -     -    1s
     0     0 14250.8531    0  259          - 14250.8531      -     -    1s
     0     0 14252.5854    0  265          - 14252.5854      -     -    1s
     0     0 14252.9139    0  321          - 14252.9139      -     -    1s
     0     0 14268.7948    0  239          - 14268.7948      -     -    1s
     0     0 14275.7772    0  247          - 14275.7772      -     -    2s
     0     0 14278.5792    0  261          - 14278.5792      -     -    2s
     0     0 14279.5949    0  263          - 14279.5949      -     -    2s
     0     0 14285.5934    0  297          - 14285.5934      -     -    2s
     0     0 14285.5934    0  297          - 14285.5934      -     -    2s
     0     2 14287.4210    0  288          - 14287.4210      -     -    3s
    35    40 14431.0356   11  176          - 14298.4002      -   192    5s
   195   216 14777.6421   58   49          - 14298.4002      -   114   10s
   328   342 14454.5106   11  219          - 14324.2737      -  95.6   15s
   501   474 14571.1649   21  232          - 14324.2737      -  78.6   20s
   598   570 14557.3703   19  200          - 14324.2737      -  88.3   25s
   726   687 16015.8123  150  109          - 14324.2737      -  82.1   30s
   744   699 14736.7601   29  349          - 14400.8979      -  80.2   35s
   757   708 14797.1563   67  424          - 14414.3128      -  78.8   40s
   760   710 14846.0519   63  408          - 14418.1321      -  78.5   47s
   763   715 14431.4782   11  383          - 14425.2970      -  86.5   51s
   789   732 14513.8130   17  345          - 14437.8683      -  93.9   55s
   844   772 14623.0063   29   79          - 14437.8683      -   104   60s
   905   817 14835.9134   48  106          - 14437.8683      -   109   65s
   992   877 15126.9530   75   41          - 14437.8683      -   110   70s
  1034   910 15243.3592   91   34          - 14437.8683      -   109   75s
* 1097   909             117    15599.080000 14437.8683  7.44%   107   78s
  1117   878     cutoff  124      15599.0800 14438.0493  7.44%   106   81s
  1152   891 14552.7996   18  405 15599.0800 14438.0493  7.44%   108   86s
  1172   913 14590.1438   21  290 15599.0800 14438.0493  7.44%   109   90s
  1203   928 14630.1145   25  254 15599.0800 14438.0493  7.44%   111   95s
  1252   941 14649.9274   32  284 15599.0800 14438.0493  7.44%   109  100s
  1289   955 14775.2658   39  179 15599.0800 14438.0493  7.44%   111  105s
H 1312   922                    15568.340000 14438.0493  7.26%   112  107s
  1313   932 14778.6766   47  208 15568.3400 14438.0493  7.26%   112  110s
H 1338   901                    15545.340000 14438.0493  7.12%   113  114s
  1346   899 14592.8140   30  233 15545.3400 14438.0493  7.12%   113  115s
H 1349   686                    15073.340000 14438.0493  4.21%   114  115s
  1376   694 14577.1601   15  418 15073.3400 14457.4258  4.09%   115  120s
  1390   709 14632.9045   19  334 15073.3400 14457.4258  4.09%   117  126s
  1411   726 14737.5421   23  271 15073.3400 14457.4258  4.09%   119  131s
  1439   765 14917.1751   33  256 15073.3400 14457.4258  4.09%   121  138s
  1473   774 14847.2732   36  158 15073.3400 14457.4258  4.09%   120  143s
  1506   778 14891.1324   42   75 15073.3400 14457.4258  4.09%   120  148s
  1522   797 14944.8467   49  112 15073.3400 14457.4258  4.09%   121  151s
  1552   791     cutoff   60      15073.3400 14468.4756  4.01%   121  156s
  1571   799 14718.9273   19  235 15073.3400 14468.4756  4.01%   122  164s
  1585   811 14844.6683   28  223 15073.3400 14478.9085  3.94%   123  168s
  1623   851 14513.0221   17  429 15073.3400 14478.9085  3.94%   123  175s
  1676   858 14589.4808   24  301 15073.3400 14478.9085  3.94%   122  185s
  1732   864 14791.5082   14  302 15073.3400 14478.9085  3.94%   122  190s
  1759   875 15029.2693   73  121 15073.3400 14480.0422  3.94%   122  197s
  1793   877 14612.0496   22  285 15073.3400 14486.0303  3.90%   123  202s
  1806   907 14711.4696   29  278 15073.3400 14486.0303  3.90%   124  206s
  1841   945 14964.6411   50  173 15073.3400 14486.1710  3.90%   125  212s
  1910   948 14662.0981   21  416 15073.3400 14487.8748  3.88%   123  218s
  1936   956 14814.8662   32  276 15073.3400 14487.8748  3.88%   125  222s
  1953   981 14886.5504   36  231 15073.3400 14487.9391  3.88%   125  227s
  2001   997 14617.4978   16  414 15073.3400 14488.3252  3.88%   125  232s
  2033  1027 14867.9086   29  144 15073.3400 14488.3325  3.88%   125  239s
  2062  1017 14904.2186   34  105 15073.3400 14488.6493  3.88%   125  240s
  2091  1032 14612.0470   25  365 15073.3400 14488.6493  3.88%   125  246s
  2116  1062 14769.3412   33  246 15073.3400 14499.5721  3.81%   126  253s
  2169  1073 14565.1306   19  390 15073.3400 14499.6378  3.81%   126  263s
  2198  1125 14758.5032   30  249 15073.3400 14499.6966  3.81%   127  270s
  2274  1163 14548.9715   23  355 15073.3400 14499.7153  3.81%   126  278s
  2348  1181 14721.4475   34  298 15073.3400 14499.7153  3.81%   125  287s
  2397  1189     cutoff   68      15073.3400 14507.7492  3.75%   125  294s
  2436  1228 14588.7348   25  328 15073.3400 14507.7492  3.75%   127  301s
  2488  1259 14918.8029   52  152 15073.3400 14509.9585  3.74%   127  310s
  2546  1307 14691.2404   24  333 15073.3400 14509.9585  3.74%   127  319s
  2600  1307 15065.2727   80  102 15073.3400 14509.9585  3.74%   127  320s
  2618  1352 14997.8908   47  191 15073.3400 14513.3333  3.72%   128  327s
  2673  1409 14764.0699   32  237 15073.3400 14513.4313  3.71%   128  337s
  2756  1467 14722.4160   20  306 15073.3400 14513.9610  3.71%   129  347s
  2832  1537 14616.0915   21  228 15073.3400 14515.7693  3.70%   129  357s
  2935  1586 14887.6558   52  186 15073.3400 14515.7693  3.70%   128  377s
H 2958  1556                    15051.320000 14515.7693  3.56%   127  378s
  2981  1619 15023.1930   75   27 15051.3200 14522.2919  3.51%   128  387s
  3067  1687 14899.8085   49  205 15051.3200 14523.3667  3.51%   128  404s
  3102  1687 14808.0000   29  117 15051.3200 14523.3667  3.51%   128  405s
  3166  1742 14912.4241   38  149 15051.3200 14528.6213  3.47%   128  416s
  3236  1778 14670.9496   24  291 15051.3200 14528.6213  3.47%   129  429s
  3260  1778     cutoff   63      15051.3200 14528.6213  3.47%   129  430s
  3276  1847 14842.3935   36  237 15051.3200 14530.2905  3.46%   130  441s
  3381  1925 14641.3296   27  179 15051.3200 14530.7767  3.46%   131  456s
  3476  2020 14753.3054   26  291 15051.3200 14531.0295  3.46%   132  469s
  3544  2020 15041.0727   43  116 15051.3200 14531.0295  3.46%   131  470s
  3606  2122 14963.0167   45   97 15051.3200 14534.7642  3.43%   131  485s
  3745  2204 14815.2806   33  122 15051.3200 14536.4770  3.42%   131  499s
H 3773  2169                    15035.400000 14536.4770  3.32%   131  500s
  3846  2278 14702.6378   25  245 15035.4000 14538.1888  3.31%   130  515s
  3984  2371 14832.8748   41  210 15035.4000 14541.1198  3.29%   130  531s
  4115  2459 14669.6559   26  278 15035.4000 14546.2475  3.25%   131  547s
  4249  2534 14837.2464   21  223 15035.4000 14548.0893  3.24%   131  565s
  4352  2624 14882.0551   23  152 15035.4000 14550.5600  3.22%   132  581s
H 4474  1955                    14927.400000 14552.2984  2.51%   132  601s
  4591  2024 14908.3678   30   88 14927.4000 14553.5055  2.50%   133  621s
  4751  2132 14709.8934   27  194 14927.4000 14557.5460  2.48%   134  642s
  4921  2233 14897.7533   38   75 14927.4000 14558.5906  2.47%   134  663s
  5083  2304 14810.1391   31  171 14927.4000 14560.2751  2.46%   134  684s
  5123  2304 14699.1845   19  311 14927.4000 14560.2751  2.46%   135  685s
  5213  2382 14756.3996   24  327 14927.4000 14562.9933  2.44%   136  705s
  5338  2490 14857.1194   41   84 14927.4000 14565.1959  2.43%   138  727s
  5519  2591 14778.9946   32  220 14927.4000 14569.9007  2.39%   138  752s
  5673  2592 14885.1461   24  212 14927.4000 14573.7427  2.37%   138  755s
  5699  2687 infeasible   67      14927.4000 14574.2347  2.37%   138  778s
H 5700  2610                    14919.660000 14574.2347  2.32%   138  778s
  5848  2696 14782.4660   27  193 14919.6600 14576.7825  2.30%   139  804s
  5917  2696 14804.1782   30  224 14919.6600 14576.7825  2.30%   140  805s
  6000  2798 14852.9204   31  192 14919.6600 14579.0965  2.28%   140  831s
  6176  2921 14858.2913   30  296 14919.6600 14582.1356  2.26%   141  858s
  6368  3004 14653.2033   22  355 14919.6600 14584.0045  2.25%   142  884s
  6414  3004 14865.2155   39  144 14919.6600 14584.0045  2.25%   142  885s
* 6465  2771              55    14899.030000 14586.1460  2.10%   142  886s
* 6466  2770              55    14898.990000 14586.1460  2.10%   142  886s
  6536  2891     cutoff   39      14898.9900 14586.2735  2.10%   143  909s
  6582  2891 14818.8102   47  201 14898.9900 14586.2735  2.10%   143  910s
  6751  2963 14872.5188   30  267 14898.9900 14589.7641  2.08%   143  937s
  6885  3013 14816.1542   41   51 14898.9900 14592.4451  2.06%   143  961s
H 6950  2808                    14879.990000 14592.4451  1.93%   143  963s
  6989  2914 14662.8315   23  266 14879.9900 14593.6232  1.92%   143  988s
  7190  3008 14864.0124   25  193 14879.9900 14595.1338  1.91%   144 1016s
  7370  3074 14631.4084   24  279 14879.9900 14597.8522  1.90%   144 1049s
  7411  3074 14784.8714   22  196 14879.9900 14597.8522  1.90%   144 1050s
  7494  3192 14728.3077   33  223 14879.9900 14598.9489  1.89%   145 1078s
  7703  3308     cutoff   25      14879.9900 14601.6048  1.87%   145 1106s
  7931  3377     cutoff   21      14879.9900 14605.6422  1.84%   146 1135s
  8127  3481 14726.4614   20  344 14879.9900 14607.3567  1.83%   146 1164s
  8194  3481 14688.2504   19  318 14879.9900 14607.3567  1.83%   146 1165s
  8319  3596     cutoff   36      14879.9900 14609.9829  1.81%   147 1194s
  8378  3596 14656.0884   23  269 14879.9900 14609.9829  1.81%   147 1195s
  8530  3659 14766.1712   27  266 14879.9900 14611.2764  1.81%   147 1225s
  8709  3761 14660.4577   24  315 14879.9900 14613.0474  1.79%   147 1259s
  8745  3761 14829.2149   41  117 14879.9900 14613.0474  1.79%   148 1260s
  8912  3841 14849.0196   30  154 14879.9900 14614.9278  1.78%   148 1289s
  9026  3841 14836.3554   38  196 14879.9900 14615.8558  1.78%   148 1291s
  9141  3889 14829.6614   35   67 14879.9900 14616.2811  1.77%   148 1320s
  9324  3988 14816.1805   22  214 14879.9900 14617.6598  1.76%   149 1349s
  9364  3988 14807.1629   36  170 14879.9900 14617.6598  1.76%   149 1350s
  9527  4073 14808.8654   28  289 14879.9900 14619.3869  1.75%   149 1379s
  9566  4073 14839.3122   31  130 14879.9900 14619.3869  1.75%   149 1380s
  9748  4129 14712.8400   23  440 14879.9900 14622.1294  1.73%   149 1410s
  9932  4216     cutoff   23      14879.9900 14623.3499  1.72%   150 1442s
 10121  4216 14651.9877   22  251 14879.9900 14624.3893  1.72%   150 1445s
 10157  4305 14865.3517   35  121 14879.9900 14624.3893  1.72%   150 1471s
 10356  4421 14722.1732   26  205 14879.9900 14627.1136  1.70%   150 1502s
 10465  4421 14869.9195   40  140 14879.9900 14627.1136  1.70%   150 1505s
 10589  4493 14728.4455   25  244 14879.9900 14627.7816  1.69%   150 1533s
 10684  4493     cutoff   36      14879.9900 14629.1852  1.69%   151 1535s
 10788  4575 14867.5113   33  205 14879.9900 14629.2450  1.69%   151 1571s
 11018  4702     cutoff   35      14879.9900 14630.5233  1.68%   151 1602s
 11252  4841 14778.6972   32  219 14879.9900 14631.4449  1.67%   151 1632s
 11522  4970 14671.2201   23  274 14879.9900 14633.6786  1.66%   151 1660s
 11767  5045 14859.1132   44  150 14879.9900 14634.8650  1.65%   151 1691s
 11917  5045 14806.1864   23  329 14879.9900 14637.0504  1.63%   151 1695s
 11964  5125 14700.4294   24  409 14879.9900 14637.1794  1.63%   151 1725s
 12128  5235 14805.1471   37  169 14879.9900 14637.9426  1.63%   152 1752s
 12396  5342 14809.8107   24  182 14879.9900 14638.9623  1.62%   152 1787s
 12488  5342 14773.4536   33   96 14879.9900 14638.9623  1.62%   151 1798s
 12533  5342 14737.3577   25  305 14879.9900 14639.5250  1.62%   151 1800s
 12627  5457 14743.9088   28  312 14879.9900 14639.6487  1.62%   152 1827s
 12876  5538 14653.1367   28  138 14879.9900 14641.6117  1.60%   152 1859s
 12939  5538 14870.9896   30  263 14879.9900 14641.6117  1.60%   152 1861s
 13080  5591 14834.9285   29  120 14879.9900 14642.6942  1.59%   152 1892s
 13246  5658 14785.0440   25  142 14879.9900 14644.4982  1.58%   153 1920s
 13429  5721 14738.9492   30   54 14879.9900 14645.4223  1.58%   153 1953s
 13607  5797     cutoff   28      14879.9900 14646.0522  1.57%   154 1983s
 13801  5797 14787.7602   31  231 14879.9900 14647.3408  1.56%   154 1987s
 13826  5907     cutoff   26      14879.9900 14647.3830  1.56%   154 2017s
 14007  5907 14731.3801   32  136 14879.9900 14648.6685  1.55%   154 2020s
 14064  5996 14699.4596   30  120 14879.9900 14648.6934  1.55%   154 2052s
 14266  6126 14834.3515   39   78 14879.9900 14649.2217  1.55%   154 2084s
 14305  6126 14864.8835   49   48 14879.9900 14649.2217  1.55%   154 2085s
 14587  6209 14800.9108   29  106 14879.9900 14649.9997  1.55%   154 2119s
 14675  6209 14848.4355   30  178 14879.9900 14649.9997  1.55%   154 2120s
 14804  6304 14735.4768   36  213 14879.9900 14650.9510  1.54%   154 2166s
 15037  6378 14842.0835   23  232 14879.9900 14651.9288  1.53%   154 2198s
 15176  6378 14859.3719   20  196 14879.9900 14651.9288  1.53%   154 2201s
 15316  6482     cutoff   22      14879.9900 14652.1502  1.53%   154 2230s
 15554  6577     cutoff   32      14879.9900 14653.8931  1.52%   154 2264s
 15608  6577 infeasible   28      14879.9900 14653.8931  1.52%   154 2265s
 15799  6663 14732.6496   20  292 14879.9900 14655.3813  1.51%   154 2295s
 15994  6758 14731.9709   28  225 14879.9900 14656.4348  1.50%   154 2328s
 16108  6758 14740.3490   31  259 14879.9900 14656.4348  1.50%   154 2330s
 16248  6866 14703.1404   27  112 14879.9900 14657.6275  1.49%   154 2363s
 16346  6866 14818.4718   30  209 14879.9900 14657.6275  1.49%   154 2365s
 16525  7020 14723.6149   24  349 14879.9900 14658.3631  1.49%   154 2398s
 16586  7020 14844.4014   56  136 14879.9900 14658.3631  1.49%   154 2400s
 16801  7121     cutoff   35      14879.9900 14659.2169  1.48%   154 2430s
 17047  7211 14834.5379   27  129 14879.9900 14660.1581  1.48%   153 2472s
 17299  7310 14780.5820   27  202 14879.9900 14660.9066  1.47%   153 2504s
 17341  7310 14845.3740   37  169 14879.9900 14660.9066  1.47%   154 2505s
 17570  7398 14813.0115   28  242 14879.9900 14661.4106  1.47%   153 2535s
 17786  7398 14747.7761   30  263 14879.9900 14662.3019  1.46%   154 2540s
 17796  7474 14832.1394   31  158 14879.9900 14662.3442  1.46%   154 2566s
 18036  7551 14816.3233   25  226 14879.9900 14663.0957  1.46%   154 2596s
 18278  7640     cutoff   30      14879.9900 14664.1737  1.45%   154 2627s
 18332  7640 14796.1843   28  282 14879.9900 14664.1737  1.45%   154 2633s
 18518  7719 14826.3097   36  198 14879.9900 14664.9820  1.44%   154 2663s
 18583  7719 14845.6522   35  174 14879.9900 14664.9820  1.44%   154 2665s
 18775  7825 14816.6251   31  120 14879.9900 14665.8610  1.44%   154 2694s
 18840  7825 14864.5500   34  137 14879.9900 14665.8610  1.44%   154 2695s
 19011  7900 14795.2658   22  130 14879.9900 14666.3877  1.44%   154 2722s
 19252  7993 14862.3372   30  225 14879.9900 14667.8471  1.43%   154 2755s
 19539  8048 14787.0929   31  242 14879.9900 14668.3681  1.42%   154 2785s
 19748  8082 14843.2247   36  101 14879.9900 14669.5559  1.41%   154 2813s
 19815  8204 14818.4338   35  147 14879.9900 14669.7665  1.41%   154 2842s
 19939  8204 14834.0566   32  186 14879.9900 14669.7665  1.41%   154 2845s
 20065  8327 14740.6798   31  171 14879.9900 14671.0068  1.40%   154 2875s
 20331  8327 14813.9463   30  129 14879.9900 14671.6478  1.40%   154 2881s
 20351  8440 14855.0825   44  199 14879.9900 14671.6632  1.40%   154 2909s
 20427  8440 14776.0816   26  198 14879.9900 14671.6632  1.40%   154 2911s
 20629  8507 14709.8005   30  193 14879.9900 14672.1196  1.40%   154 2943s
 20756  8507 14861.2356   40  152 14879.9900 14672.5191  1.39%   154 2945s
 20865  8561 14853.5318   37  195 14879.9900 14672.6535  1.39%   154 2973s
 20963  8561 14859.8834   35  157 14879.9900 14672.6535  1.39%   154 2975s
 21111  8653     cutoff   33      14879.9900 14673.3630  1.39%   154 3004s
 21161  8653 14845.7578   51  102 14879.9900 14673.3630  1.39%   154 3005s
 21399  8744 14817.2490   24  193 14879.9900 14674.2048  1.38%   153 3038s
 21511  8744 14861.2653   29  168 14879.9900 14674.2048  1.38%   153 3040s
 21651  8829 14868.5238   27  303 14879.9900 14675.0523  1.38%   153 3068s
 21766  8829 14871.9100   34  209 14879.9900 14675.5125  1.37%   153 3075s
 21908  8907 14869.4436   36  201 14879.9900 14675.5494  1.37%   153 3102s
 22160  8963 14769.2108   24  289 14879.9900 14676.3755  1.37%   153 3131s
 22375  9054 14799.3523   21  356 14879.9900 14676.9819  1.36%   154 3159s
 22412  9054 14854.2690   29  142 14879.9900 14676.9819  1.36%   154 3160s
 22618  9150     cutoff   41      14879.9900 14677.7417  1.36%   154 3191s
 22899  9254 14805.0137   31  265 14879.9900 14678.5235  1.35%   153 3222s
 23069  9254 14811.0922   32  162 14879.9900 14679.0432  1.35%   153 3225s
 23166  9323 14852.5897   33  179 14879.9900 14679.1089  1.35%   153 3253s
 23245  9323 14863.9425   25  158 14879.9900 14679.1089  1.35%   153 3255s
 23410  9390     cutoff   34      14879.9900 14679.8104  1.35%   153 3283s
 23649  9522     cutoff   31      14879.9900 14680.5731  1.34%   153 3314s
 23695  9522 14838.7286   41   94 14879.9900 14680.5731  1.34%   153 3315s
 23981  9586 14855.4663   46  119 14879.9900 14681.0656  1.34%   153 3347s
 24149  9586 14848.7797   30  270 14879.9900 14681.2348  1.34%   153 3350s
 24227  9649     cutoff   27      14879.9900 14681.3594  1.33%   153 3376s
 24465  9732 14772.3514   21  285 14879.9900 14682.5292  1.33%   153 3469s
 24520  9732 14790.0974   25  242 14879.9900 14682.5292  1.33%   153 3471s
 24703  9790 14845.0388   32  232 14879.9900 14683.1209  1.32%   153 3500s
 24929  9858 14861.4909   43   66 14879.9900 14683.6665  1.32%   153 3533s
 25010  9858 14701.3093   28  238 14879.9900 14683.6665  1.32%   153 3535s
 25178  9918 14818.5245   38   16 14879.9900 14684.4939  1.31%   153 3565s
 25424 10009 14858.2132   32  278 14879.9900 14685.0345  1.31%   154 3599s
 25481 10009 14868.7990   46  112 14879.9900 14685.0345  1.31%   153 3600s
 25537 10009 14820.2654   26  181 14879.9900 14685.0345  1.31%   153 3609s

Cutting planes:
  User: 1928
  Gomory: 18
  Cover: 295
  Implied bound: 39
  Clique: 28
  MIR: 83
  StrongCG: 4
  Flow cover: 343
  GUB cover: 1
  Zero half: 20
  RLT: 204
  Relax-and-lift: 3
  Lazy constraints: 690

Explored 25739 nodes (3950061 simplex iterations) in 3613.06 seconds
Thread count was 2 (of 32 available processors)

Solution count 10: 14880 14899 14899 ... 15568.3

Time limit reached
Best objective 1.487999000000e+04, best bound 1.468538054831e+04, gap 1.3079%

User-callback calls 235315, time in user-callback 434.17 sec
================================================================================
executing instance: ./input/Instances/Original/1/absH3high_2n45.dat
--------------------------------------------------------------------------------
Instance details
n	46
H	3
C	3171
Li:
[0, 0, 0, 0, 0, 0, 0, 0, 0, 0, 0, 0, 0, 0, 0, 0, 0, 0, 0, 0, 0, 0, 0, 0, 0, 0, 0, 0, 0, 0, 0, 0, 0, 0, 0, 0, 0, 0, 0, 0, 0, 0, 0, 0, 0, 0, ]
Ui:
[0, 246, 160, 78, 20, 87, 144, 40, 20, 82, 60, 96, 24, 136, 160, 108, 160, 26, 228, 51, 24, 240, 231, 70, 32, 105, 174, 114, 246, 126, 132, 76, 22, 42, 255, 132, 148, 162, 66, 111, 102, 240, 123, 201, 297, 78, ]
Distance matrix:
|0	148	402	550	329	420	187	318	366	280	504	273	233	333	112	344	379	481	113	593	159	523	261	424	90	359	163	461	413	240	105	299	265	89	371	462	339	273	495	22	41	439	369	506	563	468	|
|148	0	284	517	394	284	136	369	244	311	496	166	329	355	223	202	338	388	204	565	254	506	118	346	71	423	173	471	336	118	105	352	198	105	248	428	302	305	487	153	179	441	230	497	517	370	|
|402	284	0	350	448	80	228	406	42	343	382	129	456	350	412	126	219	131	382	395	410	371	180	137	314	466	289	400	137	167	389	401	169	316	39	280	217	342	373	394	414	362	108	380	324	106	|
|550	517	350	0	339	429	385	308	374	295	93	375	431	249	481	461	180	239	458	48	445	57	474	214	496	333	387	160	216	424	601	321	320	471	376	90	217	301	93	530	534	146	452	88	52	262	|
|329	394	448	339	0	513	282	42	438	105	255	363	115	108	221	484	259	431	217	365	172	289	436	362	333	30	224	189	353	380	423	47	291	296	443	285	240	107	251	307	294	193	495	260	378	437	|
|420	284	80	429	513	0	267	473	76	408	462	163	509	421	449	86	298	201	421	474	455	451	167	217	330	533	333	478	217	181	386	466	225	341	70	360	291	406	453	416	438	440	59	460	400	176	|
|187	136	228	385	282	267	0	249	199	186	360	104	248	224	184	214	207	294	155	432	189	371	155	237	113	308	68	336	227	101	216	236	78	98	205	296	168	181	350	174	190	305	231	360	390	283	|
|318	369	406	308	42	473	249	0	397	66	229	325	128	67	216	447	218	389	206	337	168	260	402	320	311	61	196	167	311	345	406	19	252	275	403	248	198	70	223	296	286	164	457	233	344	395	|
|366	244	42	374	438	76	199	397	0	332	397	96	436	346	383	90	228	168	354	420	385	389	139	161	277	458	263	408	158	128	349	391	150	282	6	298	218	331	388	359	380	370	78	395	352	144	|
|280	311	343	295	105	408	186	66	332	0	231	259	142	53	191	380	171	337	173	332	150	257	337	267	258	127	139	182	258	280	359	58	186	223	338	222	143	6	224	258	254	164	390	234	323	340	|
|504	496	382	93	255	462	360	229	397	231	0	375	356	180	422	478	173	293	403	110	381	36	474	248	463	245	345	68	246	419	568	244	308	433	400	104	200	237	9	482	482	67	474	5	142	312	|
|273	166	129	375	363	163	104	325	96	259	375	0	347	283	288	121	202	221	259	423	292	376	99	183	186	386	170	370	175	52	269	315	76	187	102	288	177	256	365	265	285	333	133	374	365	204	|
