




arguments: ./build/mirp_solver -f ./input/orig_exec_52.cfg
Current dir: /scratch/gui/bnc_mirp
File verbosity level: 9
date       time         ( uptime  ) [ thread name/id ]                   file:line     v| 
2021-01-09 04:56:04.266 (   0.215s) [main thread     ]             loguru.cpp:789   INFO| Logging to './output/vi_lex_quarter/OU/V2/Original/execution_09_01_2021_04_56_04.log', mode: 'a', verbosity: 9
--------------------------------------------------------------------------------
Parameters
                           instance_path           ./input/Instances/Original/2/
                            model_policy                                       1
                             nb_vehicles                                       2
                              output_dir ./output/vi_lex_quarter/OU/V2/Original/
                            sec_strategy                                       1
                       solver_nb_threads                                       2
                         solver_show_log                                    true
                       solver_time_limit                                    3600
                              use_vi_cos                                   false
                              use_vi_cus                                   false
                         use_vi_hc1_full                                   false
                         use_vi_hc1_half                                   false
                      use_vi_hc1_quarter                                   false
                              use_vi_hc2                                   false
                              use_vi_hc3                                   false
                         use_vi_lex_full                                   false
                         use_vi_lex_half                                   false
                      use_vi_lex_quarter                                    true
                              use_vi_qua                                   false
                               use_vi_vc                                   false
                               use_vi_vr                                   false
--------------------------------------------------------------------------------
executing instance: ./input/Instances/Original/2/absH3high_3n40.dat
--------------------------------------------------------------------------------
Instance details
n	41
H	3
C	3283
Li:
[0, 0, 0, 0, 0, 0, 0, 0, 0, 0, 0, 0, 0, 0, 0, 0, 0, 0, 0, 0, 0, 0, 0, 0, 0, 0, 0, 0, 0, 0, 0, 0, 0, 0, 0, 0, 0, 0, 0, 0, 0, ]
Ui:
[0, 63, 111, 99, 96, 111, 282, 122, 156, 261, 42, 192, 126, 42, 162, 207, 159, 122, 102, 190, 118, 102, 132, 102, 165, 252, 66, 52, 22, 114, 210, 176, 116, 294, 78, 152, 210, 45, 130, 198, 174, ]
Distance matrix:
|0	208	225	252	227	143	258	127	267	150	28	83	163	286	57	149	201	137	214	255	70	73	107	186	328	266	249	343	222	177	293	144	262	215	167	120	169	218	143	173	255	|
|208	0	397	355	416	198	216	99	211	275	193	172	97	166	240	225	362	109	277	314	182	216	273	374	298	208	319	161	14	103	93	120	58	196	152	156	372	227	260	218	453	|
|225	397	0	427	53	364	482	343	492	129	253	225	382	386	171	188	39	291	187	195	295	182	282	55	326	491	180	551	408	315	457	366	455	275	392	244	221	439	341	214	101	|
|252	355	427	0	401	158	201	263	219	396	234	328	259	498	299	400	420	354	465	506	205	324	152	374	574	219	499	393	366	389	446	235	378	456	205	359	224	150	111	423	400	|
|227	416	53	401	0	357	477	352	489	165	253	245	389	424	179	223	85	315	234	245	293	200	264	42	375	488	231	565	428	344	484	370	474	314	392	270	184	430	325	252	50	|
|143	198	364	158	357	0	121	105	134	290	116	196	103	342	200	276	343	205	343	385	74	210	112	319	432	133	382	265	209	237	290	78	226	313	57	220	232	75	69	292	375	|
|258	216	482	201	477	121	0	168	18	397	230	293	135	381	314	372	459	275	437	480	188	317	228	439	501	18	479	197	222	296	290	132	212	386	95	306	347	58	173	381	496	|
|127	99	343	263	352	105	168	0	171	239	105	130	40	237	173	206	313	109	270	312	84	164	175	310	337	169	313	216	112	135	192	37	142	220	77	138	280	155	162	213	382	|
|267	211	492	219	489	134	18	171	0	404	240	298	136	376	323	376	468	276	441	483	198	324	243	450	500	2	483	181	215	294	281	136	202	386	102	309	363	75	189	384	509	|
|150	275	129	396	165	290	397	239	404	0	175	110	279	259	97	59	91	166	84	116	217	80	245	130	226	402	106	434	286	187	329	269	333	149	302	119	244	364	291	87	213	|
|28	193	253	234	253	116	230	105	240	175	0	94	139	286	84	167	229	136	234	275	43	96	98	212	341	238	271	320	206	175	281	118	244	225	140	128	180	191	124	189	280	|
|83	172	225	328	245	196	293	130	298	110	94	0	169	209	77	80	191	71	147	189	127	45	189	203	247	296	187	327	184	106	241	162	230	132	198	38	242	266	217	96	285	|
|163	97	382	259	389	103	135	40	136	279	139	169	0	253	212	244	353	141	307	349	110	203	194	347	366	133	350	183	107	161	187	27	124	251	56	175	306	133	169	249	418	|
|286	166	386	498	424	342	381	237	376	259	286	209	253	0	284	201	347	151	210	230	299	247	383	387	155	374	242	290	162	112	129	270	192	113	308	172	451	386	391	172	471	|
|57	240	171	299	179	200	314	173	323	97	84	77	212	284	0	112	145	147	170	208	127	38	148	137	299	321	201	386	253	183	315	195	297	195	222	112	171	275	195	142	214	|
|149	225	188	400	223	276	372	206	376	59	167	80	244	201	112	0	149	117	67	110	205	78	254	186	187	374	108	387	235	132	272	240	283	93	277	71	279	346	291	32	270	|
|201	362	39	420	85	343	459	313	468	91	229	191	353	347	145	149	0	254	149	160	272	150	271	66	290	466	146	518	373	278	419	339	420	235	367	207	227	418	327	175	135	|
|137	109	291	354	315	205	275	109	276	166	136	71	141	151	147	117	254	0	172	212	151	116	232	273	229	274	215	270	119	39	170	145	167	111	186	47	305	263	245	113	356	|
|214	277	187	465	234	343	437	270	441	84	234	147	307	210	170	67	149	172	0	42	272	141	317	205	144	439	43	437	284	175	307	305	331	99	343	132	327	413	357	60	283	|
|255	314	195	506	245	385	480	312	483	116	275	189	349	230	208	110	160	212	42	0	314	182	356	222	132	481	15	474	321	212	337	347	367	126	385	174	358	455	398	100	295	|
|70	182	295	205	293	74	188	84	198	217	43	127	110	299	127	205	272	151	272	314	0	137	91	253	370	196	310	292	195	188	274	85	226	252	99	155	197	148	94	223	316	|
|73	216	182	324	200	210	317	164	324	80	96	45	203	247	38	78	150	116	141	182	137	0	176	158	263	323	176	369	229	150	286	191	274	157	223	77	208	284	216	106	239	|
|107	273	282	152	264	112	228	175	243	245	98	189	194	383	148	254	271	232	317	356	91	176	0	231	435	242	349	371	286	271	365	167	315	321	164	224	120	174	61	280	274	|
|186	374	55	374	42	319	439	310	450	130	212	203	347	387	137	186	66	273	205	222	253	158	231	0	348	448	208	523	386	303	442	329	431	279	352	229	167	392	291	217	85	|
|328	298	326	574	375	432	501	337	500	226	341	247	366	155	299	187	290	229	144	132	370	263	435	348	0	498	147	441	299	206	283	374	338	119	414	215	465	492	463	157	425	|
|266	208	491	219	488	133	18	169	2	402	238	296	133	374	321	374	466	274	439	481	196	323	242	448	498	0	481	180	213	292	278	134	200	384	100	307	362	75	188	381	508	|
|249	319	180	499	231	382	479	313	483	106	271	187	350	242	201	108	146	215	43	15	310	176	349	208	147	481	0	480	326	217	346	347	373	135	385	175	347	454	392	103	280	|
|343	161	551	393	565	265	197	216	181	434	320	327	183	290	386	387	518	270	437	474	292	369	371	523	441	180	480	0	153	263	163	207	107	352	208	317	487	244	334	379	598	|
|222	14	408	366	428	209	222	112	215	286	206	184	107	162	253	235	373	119	284	321	195	229	286	386	299	213	326	153	0	109	81	132	48	201	162	167	386	236	272	226	466	|
|177	103	315	389	344	237	296	135	294	187	175	106	161	112	183	132	278	39	175	212	188	150	271	303	206	292	217	263	109	0	142	171	156	95	211	74	344	289	281	118	386	|
|293	93	457	446	484	290	290	192	281	329	281	241	187	129	315	272	419	170	307	337	274	286	365	442	283	278	346	163	81	142	0	212	79	211	241	214	461	311	353	254	525	|
|144	120	366	235	370	78	132	37	136	269	118	162	27	270	195	240	339	145	305	347	85	191	167	329	374	134	347	207	132	171	212	0	151	257	40	174	280	119	142	248	398	|
|262	58	455	378	474	226	212	142	202	333	244	230	124	192	297	283	420	167	331	367	226	274	315	431	338	200	373	107	48	156	79	151	0	245	173	214	421	237	293	273	510	|
|215	196	275	456	314	313	386	220	386	149	225	132	251	113	195	93	235	111	99	126	252	157	321	279	119	384	135	352	201	95	211	257	245	0	297	97	365	374	345	62	362	|
|167	152	392	205	392	57	95	77	102	302	140	198	56	308	222	277	367	186	343	385	99	223	164	352	414	100	385	208	162	211	241	40	173	297	0	213	283	79	126	287	415	|
|120	156	244	359	270	220	306	138	309	119	128	38	175	172	112	71	207	47	132	174	155	77	224	229	215	307	175	317	167	74	214	174	214	97	213	0	280	286	248	75	313	|
|169	372	221	224	184	232	347	280	363	244	180	242	306	451	171	279	227	305	327	358	197	208	120	167	465	362	347	487	386	344	461	280	421	365	283	280	0	291	175	310	176	|
|218	227	439	150	430	75	58	155	75	364	191	266	133	386	275	346	418	263	413	455	148	284	174	392	492	75	454	244	236	289	311	119	237	374	79	286	291	0	116	359	445	|
|143	260	341	111	325	69	173	162	189	291	124	217	169	391	195	291	327	245	357	398	94	216	61	291	463	188	392	334	272	281	353	142	293	345	126	248	175	116	0	313	335	|
|173	218	214	423	252	292	381	213	384	87	189	96	249	172	142	32	175	113	60	100	223	106	280	217	157	381	103	379	226	118	254	248	273	62	287	75	310	359	313	0	300	|
|255	453	101	400	50	375	496	382	509	213	280	285	418	471	214	270	135	356	283	295	316	239	274	85	425	508	280	598	466	386	525	398	510	362	415	313	176	445	335	300	0	|

--------------------------------------------------------------------------------
Building model...
	using lazy and cut (CVRPSEP package)
Solving IRP LP...
--------------------------------------------------------------------------------

Gurobi 9.1.0 (linux64) logging started Sat Jan  9 04:56:04 2021

Gurobi Optimizer version 9.1.0 build v9.1.0rc0 (linux64)
Thread count: 32 physical cores, 32 logical processors, using up to 2 threads
Optimize a model with 902 rows, 5570 columns and 12842 nonzeros
Model fingerprint: 0xebbef9c8
Variable types: 404 continuous, 5166 integer (246 binary)
Coefficient statistics:
  Matrix range     [1e+00, 2e+03]
  Objective range  [1e-01, 6e+02]
  Bounds range     [1e+00, 3e+02]
  RHS range        [1e+01, 6e+03]
Presolve removed 286 rows and 203 columns
Presolve time: 0.10s
Presolved: 616 rows, 5367 columns, 11829 nonzeros
Variable types: 242 continuous, 5125 integer (4886 binary)

Root relaxation: objective 1.221287e+04, 627 iterations, 0.02 seconds

    Nodes    |    Current Node    |     Objective Bounds      |     Work
 Expl Unexpl |  Obj  Depth IntInf | Incumbent    BestBd   Gap | It/Node Time

     0     0 12212.8670    0  103          - 12212.8670      -     -    0s
     0     0 12728.3453    0  114          - 12728.3453      -     -    0s
     0     0 12728.3453    0  107          - 12728.3453      -     -    0s
     0     0 12921.1864    0  170          - 12921.1864      -     -    0s
     0     0 13475.9533    0  199          - 13475.9533      -     -    0s
     0     0 13507.5563    0  223          - 13507.5563      -     -    0s
     0     0 13511.2932    0  225          - 13511.2932      -     -    0s
     0     0 13513.5175    0  241          - 13513.5175      -     -    0s
     0     0 13514.7399    0  241          - 13514.7399      -     -    0s
     0     0 13514.7562    0  241          - 13514.7562      -     -    0s
     0     0 13606.5398    0  218          - 13606.5398      -     -    0s
     0     0 13612.7531    0  228          - 13612.7531      -     -    0s
     0     0 13622.0171    0  259          - 13622.0171      -     -    0s
     0     0 13635.1032    0  227          - 13635.1032      -     -    0s
     0     0 13635.4595    0  219          - 13635.4595      -     -    0s
     0     0 13682.8758    0  292          - 13682.8758      -     -    1s
     0     0 13694.3934    0  311          - 13694.3934      -     -    1s
     0     0 13703.9398    0  291          - 13703.9398      -     -    1s
     0     0 13714.0692    0  271          - 13714.0692      -     -    1s
     0     0 13716.1109    0  272          - 13716.1109      -     -    1s
     0     0 13728.6481    0  292          - 13728.6481      -     -    1s
     0     0 13729.3813    0  290          - 13729.3813      -     -    1s
     0     0 13734.2498    0  305          - 13734.2498      -     -    1s
     0     0 13734.5271    0  293          - 13734.5271      -     -    1s
     0     2 13736.7369    0  309          - 13736.7369      -     -    2s
   117   126 14025.7963   33  186          - 13745.2735      -   131    5s
*  360   351             146    15856.890000 13745.2735  13.3%  77.2    8s
   402   407 14626.1148   99   27 15856.8900 13745.2735  13.3%  75.8   10s
H  554   537                    15630.830000 13765.8509  11.9%  62.4   14s
   590   521 13989.5455    5  230 15630.8300 13765.8509  11.9%  62.5   15s
   754   681 14556.5718   69  293 15630.8300 13765.8509  11.9%  67.2   20s
H  755   647                    15410.710000 13765.8509  10.7%  67.1   20s
H  772   625                    15249.630000 13853.0110  9.16%  65.6   24s
   774   626 14466.5342   59  393 15249.6300 13853.3708  9.16%  65.5   25s
H  784   601                    15248.630000 13861.9695  9.09%  64.6   27s
   798   610 14987.8387  126  410 15248.6300 13871.9866  9.03%  63.5   30s
   829   633 13945.5108   16  317 15248.6300 13909.3049  8.78%  76.5   35s
H  833   604                    15228.630000 13909.3049  8.66%  77.2   35s
H  859   592                    15134.070000 13909.3049  8.09%  86.1   37s
   892   619 14179.8864   32  173 15134.0700 13909.3049  8.09%  92.8   40s
H  981   649                    15130.030000 13909.3049  8.07%   101   43s
  1005   661 14490.8566   56  166 15130.0300 13909.3049  8.07%   101   45s
  1141   786 14682.3802   79  107 15130.0300 13909.3049  8.07%   102   50s
* 1206   741             126    14948.320000 13909.3049  6.95%  99.0   51s
  1275   768 14033.5206   26  287 14948.3200 13912.7829  6.93%   103   55s
  1333   814 14169.0273   35  215 14948.3200 13912.7829  6.93%   108   60s
  1461   910 14400.5347   45  100 14948.3200 13912.7829  6.93%   109   65s
* 1517   834              79    14815.340000 13912.7829  6.09%   109   66s
  1611   857 14747.7900   85    - 14815.3400 13917.3091  6.06%   107   70s
  1693   909 14157.0402   18  274 14815.3400 13920.6171  6.04%   111   75s
  1822   970 14095.9816   20  188 14815.3400 13923.0054  6.02%   112   81s
  1893  1017 14033.4052   17  237 14815.3400 13923.5472  6.02%   114   85s
  2003  1092 14277.6044   28  140 14815.3400 13923.5472  6.02%   115   90s
  2141  1170 14224.4747   40  152 14815.3400 13936.2494  5.93%   115   96s
  2277  1206 14627.3161   47  148 14815.3400 13945.3822  5.87%   114  100s
  2345  1283 14308.0185   33  196 14815.3400 13945.5189  5.87%   116  105s
  2443  1405 14318.5786   31  236 14815.3400 13945.6760  5.87%   117  110s
  2593  1472 14186.5726   25  268 14815.3400 13945.6760  5.87%   116  115s
  2690  1591 14422.1353   52   31 14815.3400 13945.6760  5.87%   117  121s
  2801  1643 14198.8867   21  155 14815.3400 13968.0805  5.72%   117  127s
  2829  1674 14340.3527   24   62 14815.3400 13968.0805  5.72%   119  130s
  2945  1742 infeasible   38      14815.3400 13978.8170  5.65%   119  137s
  2965  1785     cutoff   39      14815.3400 13982.8749  5.62%   120  140s
  3116  1897 14169.9122   19  282 14815.3400 13986.8626  5.59%   121  147s
  3152  1964 14293.9397   32  247 14815.3400 13986.8626  5.59%   122  151s
  3221  2069 14541.1800   41   49 14815.3400 13987.5396  5.59%   123  155s
  3368  2164     cutoff   73      14815.3400 13987.5594  5.59%   122  160s
  3503  2247 14131.8167   16  318 14815.3400 13987.7403  5.59%   120  165s
  3601  2314 14618.0349   61   32 14815.3400 13988.7285  5.58%   120  170s
  3689  2408 14331.2326   40  180 14815.3400 13989.7214  5.57%   120  176s
  3805  2451     cutoff  103      14815.3400 13991.0982  5.56%   120  180s
  3854  2510 14307.5858   29  261 14815.3400 13992.9708  5.55%   121  185s
  3916  2615 14641.7331   42  228 14815.3400 13992.9708  5.55%   122  191s
H 4054  2660                    14784.970000 13992.9708  5.36%   121  196s
  4159  2737     cutoff   55      14784.9700 13998.2372  5.32%   121  203s
  4284  2810 14050.0916   23  354 14784.9700 14003.6694  5.28%   121  209s
  4378  2905 14328.4796   26  169 14784.9700 14005.5708  5.27%   122  215s
  4485  2983 14723.7792   53   53 14784.9700 14006.1682  5.27%   122  221s
H 4539  2032                    14520.260000 14006.1682  3.54%   121  221s
  4626  2059     cutoff   69      14520.2600 14006.2981  3.54%   121  227s
  4726  2105 14451.3430   28   66 14520.2600 14019.5894  3.45%   122  233s
  4803  2159 14189.6626   20  334 14520.2600 14023.4187  3.42%   123  238s
  4878  2237 14222.8530   22  284 14520.2600 14025.3013  3.41%   124  245s
H 4986  2176                    14508.700000 14029.0912  3.31%   125  246s
  4990  2199     cutoff   63      14508.7000 14031.7288  3.29%   125  252s
H 5050  2056                    14482.380000 14033.8050  3.10%   126  252s
  5052  2135 14480.5470   28  151 14482.3800 14034.0297  3.10%   127  259s
  5172  2223 14144.0196   25  303 14482.3800 14037.8067  3.07%   128  266s
  5289  2314     cutoff   47      14482.3800 14039.4807  3.06%   129  274s
  5391  2314 14397.5920   44   94 14482.3800 14040.7300  3.05%   129  275s
  5410  2387 14392.4032   44  126 14482.3800 14040.8124  3.05%   129  282s
H 5497  2227                    14451.690000 14041.8957  2.84%   129  282s
  5540  2310 14429.4972   36  160 14451.6900 14042.1116  2.83%   130  290s
  5673  2374 14208.5977   28  268 14451.6900 14053.5435  2.76%   131  298s
  5767  2476 14257.5702   34   27 14451.6900 14053.7596  2.75%   133  307s
  5939  2582 14317.2058   24  142 14451.6900 14058.8632  2.72%   133  316s
  6107  2670     cutoff   39      14451.6900 14061.4466  2.70%   133  325s
  6273  2786 14253.0109   23  137 14451.6900 14064.6464  2.68%   134  334s
  6355  2787 14306.3071   36  177 14451.6900 14064.6464  2.68%   134  335s
  6439  2860     cutoff   49      14451.6900 14066.0686  2.67%   134  343s
  6583  2933 14366.2406   29  174 14451.6900 14067.9430  2.66%   135  352s
  6784  3004 14225.5077   23  214 14451.6900 14071.2093  2.63%   135  360s
  6915  3061 14302.5404   21  307 14451.6900 14073.0200  2.62%   135  369s
  7019  3144     cutoff   43      14451.6900 14073.7239  2.62%   136  378s
  7193  3338     cutoff   35      14451.6900 14075.2972  2.60%   137  389s
  7464  3455 14436.3269   67   22 14451.6900 14076.4077  2.60%   135  399s
  7633  3544 14410.4254   36  111 14451.6900 14078.4168  2.58%   135  409s
  7798  3622 14242.0425   33  317 14451.6900 14081.6400  2.56%   136  419s
  7971  3765 14236.6277   24  123 14451.6900 14083.8299  2.55%   136  429s
H 8150  3459                    14410.950000 14084.8911  2.26%   136  439s
  8239  3459 14345.6169   51  114 14410.9500 14085.2244  2.26%   136  440s
  8257  3512 14253.8353   22  284 14410.9500 14085.5319  2.26%   136  448s
  8418  3609 14178.9070   20  248 14410.9500 14088.6116  2.24%   137  458s
  8607  3680 14278.2386   30  171 14410.9500 14090.5688  2.22%   138  468s
  8776  3767     cutoff   34      14410.9500 14093.0527  2.21%   138  478s
  8946  3899     cutoff   58      14410.9500 14094.5826  2.20%   139  489s
  9155  4016     cutoff   58      14410.9500 14096.5489  2.18%   139  499s
  9397  4089     cutoff   31      14410.9500 14099.0336  2.16%   138  510s
  9556  4159 14327.5840   24  248 14410.9500 14099.3684  2.16%   139  520s
  9710  4272 14231.9583   30  173 14410.9500 14101.3784  2.15%   139  531s
  9917  4305 14397.0134   20  267 14410.9500 14102.2605  2.14%   140  541s
 10092  4414 14379.2280   25  168 14410.9500 14106.6194  2.11%   140  551s
H10159  4408                    14410.490000 14107.5422  2.10%   141  551s
 10274  4484 14346.8460   30  228 14410.4900 14107.7793  2.10%   140  561s
 10482  4530 14232.4363   31  179 14410.4900 14108.9582  2.09%   140  571s
 10623  4617 14224.3218   23  246 14410.4900 14109.8483  2.09%   141  581s
 10817  4693 14400.3883   26  173 14410.4900 14111.3152  2.08%   141  591s
 10990  4770 14371.7529   23  212 14410.4900 14114.1663  2.06%   142  601s
 11166  4893 14334.8705   32  223 14410.4900 14115.7084  2.05%   142  611s
 11364  4988 14311.5762   22  256 14410.4900 14117.7838  2.03%   142  622s
 11559  5080 14370.0422   32  164 14410.4900 14120.3184  2.01%   142  633s
 11777  5174 14303.7827   24  223 14410.4900 14122.9424  2.00%   142  644s
 11937  5305 14260.3576   30  102 14410.4900 14125.4184  1.98%   142  654s
 12136  5413 infeasible   39      14410.4900 14126.8633  1.97%   143  665s
 12363  5529     cutoff   30      14410.4900 14130.3087  1.94%   142  676s
 12548  5636 14370.7823   30  292 14410.4900 14131.2755  1.94%   142  687s
 12755  5664 14401.3611   50   53 14410.4900 14132.6506  1.93%   142  742s
 12823  5823 14229.3351   33  180 14410.4900 14132.7228  1.93%   143  755s
 13129  5933 14256.4007   25  208 14410.4900 14133.9298  1.92%   142  767s
 13329  6022 14365.1965   25  243 14410.4900 14135.4573  1.91%   142  779s
 13540  6103 14400.4726   25  273 14410.4900 14136.1995  1.90%   142  790s
 13723  6196 14299.0704   18  280 14410.4900 14137.5341  1.89%   142  801s
 13963  6330 14294.0196   38  101 14410.4900 14138.7395  1.89%   142  813s
 14203  6431 14302.5080   25  166 14410.4900 14140.1125  1.88%   142  825s
 14432  6568 14264.3935   27  210 14410.4900 14140.8721  1.87%   142  836s
 14664  6635 14388.1697   36  151 14410.4900 14142.5906  1.86%   142  848s
 14845  6753 14188.4082   21  185 14410.4900 14144.3001  1.85%   142  860s
H15109  6834                    14408.600000 14145.3093  1.83%   141  872s
 15363  6899 14299.4218   27  174 14408.6000 14146.6285  1.82%   141  883s
 15557  7039     cutoff   36      14408.6000 14147.1911  1.81%   141  895s
 15811  7144     cutoff   47      14408.6000 14148.7734  1.80%   141  906s
 16038  7263 14254.6440   34  120 14408.6000 14149.8871  1.80%   141  917s
 16252  7372     cutoff   52      14408.6000 14150.6588  1.79%   141  928s
 16485  7524     cutoff   37      14408.6000 14152.8210  1.78%   141  941s
 16716  7613     cutoff   42      14408.6000 14153.8922  1.77%   141  953s
 16945  7703 14200.3114   23  311 14408.6000 14154.7986  1.76%   140  965s
 17123  7772 14248.2541   21  326 14408.6000 14155.1259  1.76%   141  976s
 17306  7850     cutoff   24      14408.6000 14155.4615  1.76%   141  987s
 17486  7902 14372.1310   50   35 14408.6000 14157.0969  1.75%   141  998s
 17675  8058 14359.8189   22  209 14408.6000 14158.2267  1.74%   142 1010s
 17959  8165 14377.7671   41   94 14408.6000 14159.1060  1.73%   141 1022s
 18166  8286 14289.0980   30  236 14408.6000 14160.1852  1.72%   141 1034s
 18377  8286 14240.4822   23  311 14408.6000 14160.7622  1.72%   141 1035s
 18396  8349 14324.1597   28  226 14408.6000 14160.8167  1.72%   141 1046s
 18601  8424 14356.1664   37  119 14408.6000 14161.6343  1.71%   141 1057s
 18803  8516 14235.5547   21  266 14408.6000 14162.8655  1.71%   141 1068s
 18982  8585 14407.6864   39  211 14408.6000 14163.7590  1.70%   141 1080s
 19193  8684 14342.3421   20  313 14408.6000 14164.8979  1.69%   141 1091s
 19437  8779 14377.7276   31   71 14408.6000 14165.7934  1.69%   141 1103s
 19672  8897     cutoff   25      14408.6000 14167.1018  1.68%   141 1115s
 19913  9014 14264.7199   21  241 14408.6000 14167.9014  1.67%   141 1127s
 20123  9072 14403.9477   26  215 14408.6000 14168.3594  1.67%   141 1139s
 20287  9075 14379.8102   23  219 14408.6000 14169.1315  1.66%   141 1140s
 20317  9153     cutoff   39      14408.6000 14169.1949  1.66%   141 1150s
 20497  9256     cutoff   30      14408.6000 14170.1887  1.65%   141 1162s
 20708  9352 14350.3688   32  149 14408.6000 14171.0039  1.65%   141 1173s
*20790  9285              44    14405.060000 14171.0039  1.62%   141 1174s
 20925  9354 14317.7084   25  130 14405.0600 14171.8854  1.62%   141 1184s
 21098  9418     cutoff   44      14405.0600 14172.6207  1.61%   141 1195s
 21302  9483 14269.4979   25  295 14405.0600 14173.9166  1.60%   141 1206s
 21489  9619 14284.1551   23  190 14405.0600 14174.5092  1.60%   141 1217s
 21757  9706 14303.0684   28  247 14405.0600 14175.2372  1.60%   141 1229s
 21978  9791 14272.7876   23  232 14405.0600 14175.7773  1.59%   141 1240s
 22187  9879 14261.8568   21  380 14405.0600 14176.7214  1.59%   141 1252s
 22425  9971 14244.1964   24  296 14405.0600 14177.4044  1.58%   141 1265s
 22627 10057 14380.5456   34  273 14405.0600 14177.8663  1.58%   141 1277s
 22888 10158     cutoff   31      14405.0600 14178.5404  1.57%   141 1288s
 23100 10231 14305.7786   39  131 14405.0600 14179.1885  1.57%   141 1299s
 23312 10294 14344.1194   26   80 14405.0600 14180.1116  1.56%   141 1312s
 23506 10415 14242.4093   26  262 14405.0600 14180.9031  1.56%   141 1325s
 23816 10537 14355.2042   47   92 14405.0600 14181.4244  1.55%   140 1338s
 24049 10603 14300.3071   32  131 14405.0600 14181.7099  1.55%   140 1351s
 24231 10690 14307.1418   31  111 14405.0600 14182.0234  1.55%   141 1363s
 24423 10788 14378.6110   32  126 14405.0600 14182.3292  1.55%   141 1376s
H24670  9286                    14367.300000 14182.7960  1.28%   141 1388s
 24882  9322 14291.4486   31  172 14367.3000 14183.5163  1.28%   141 1399s
 25079  9397 14333.5340   41   20 14367.3000 14184.6311  1.27%   141 1411s
 25287  9461     cutoff   28      14367.3000 14185.2370  1.27%   141 1423s
 25526  9516 14363.8333   28   46 14367.3000 14185.8851  1.26%   141 1434s
 25717  9561     cutoff   35      14367.3000 14187.0765  1.25%   141 1446s
 25919  9624     cutoff   29      14367.3000 14187.5244  1.25%   141 1458s
 26156  9685 14251.1967   24  273 14367.3000 14188.0936  1.25%   141 1470s
 26353  9728     cutoff   24      14367.3000 14188.6635  1.24%   141 1482s
 26540  9785 14345.7323   40  101 14367.3000 14189.4906  1.24%   141 1494s
 26733  9843 14342.2190   23  183 14367.3000 14190.2239  1.23%   142 1506s
 26978  9897 14315.5629   21  271 14367.3000 14190.6547  1.23%   141 1518s
 27169  9943 14318.6254   45  167 14367.3000 14191.1779  1.23%   142 1530s
 27357 10018 14288.6037   26   95 14367.3000 14192.0519  1.22%   142 1542s
 27589 10081 infeasible   44      14367.3000 14192.4379  1.22%   142 1554s
 27800 10142     cutoff   26      14367.3000 14192.8148  1.21%   142 1566s
 28017 10206     cutoff   34      14367.3000 14193.8184  1.21%   142 1578s
 28215 10272     cutoff   28      14367.3000 14194.4962  1.20%   142 1590s
H28354 10154                    14365.410000 14194.4962  1.19%   142 1591s
 28450 10206 14335.1343   37  212 14365.4100 14195.4471  1.18%   142 1602s
 28641 10249     cutoff   35      14365.4100 14196.0363  1.18%   142 1614s
 28722 10249     cutoff   30      14365.4100 14196.7856  1.17%   142 1615s
 28826 10327 14305.2684   29  171 14365.4100 14196.9066  1.17%   142 1627s
 29060 10377     cutoff   33      14365.4100 14197.3457  1.17%   142 1640s
 29311 10418 14348.8323   31  147 14365.4100 14198.0875  1.16%   142 1652s
 29521 10448 14245.7216   29  210 14365.4100 14198.6258  1.16%   142 1665s
 29720 10537 14347.6121   24  152 14365.4100 14199.4906  1.15%   142 1676s
 29946 10597 14337.2597   42   61 14365.4100 14200.2874  1.15%   142 1688s
 30159 10646     cutoff   30      14365.4100 14200.9994  1.14%   142 1701s
 30348 10729 14255.8000   26  170 14365.4100 14201.7476  1.14%   142 1714s
 30555 10729 14327.8619   30  138 14365.4100 14202.4196  1.13%   142 1715s
 30579 10810 14285.7829   32  123 14365.4100 14202.4494  1.13%   142 1726s
 30817 10895 14266.5816   49  104 14365.4100 14203.0644  1.13%   142 1739s
 30989 10895 14285.7054   22  276 14365.4100 14203.6528  1.13%   142 1740s
 31085 10934 14311.8725   49   47 14365.4100 14203.7783  1.13%   142 1751s
 31277 10996 14293.1091   26  194 14365.4100 14204.6528  1.12%   142 1765s
 31526 11059 14263.8825   24  170 14365.4100 14205.3303  1.11%   142 1777s
 31722 11095 14302.6053   23  204 14365.4100 14205.7107  1.11%   142 1789s
 31959 11123 14286.6592   24  249 14365.4100 14206.3072  1.11%   142 1802s
 32147 11194 14268.3493   29  177 14365.4100 14206.8124  1.10%   142 1815s
 32392 11270 14293.1148   31  116 14365.4100 14207.3069  1.10%   142 1828s
 32621 11344 14341.0155   25  260 14365.4100 14207.7089  1.10%   142 1841s
 32871 11433 14313.2170   35  183 14365.4100 14208.2524  1.09%   142 1855s
 33125 11480     cutoff   38      14365.4100 14208.9400  1.09%   142 1869s
 33362 11509 14238.6660   24  271 14365.4100 14209.4765  1.09%   142 1882s
 33568 11561 14303.7260   24  224 14365.4100 14209.9472  1.08%   142 1894s
 33706 11561 14275.5708   22  278 14365.4100 14210.3611  1.08%   142 1895s
 33825 11577     cutoff   43      14365.4100 14210.4506  1.08%   142 1907s
 34000 11629 14245.6297   25  283 14365.4100 14211.2523  1.07%   142 1919s
 34100 11629 14355.8475   28  205 14365.4100 14211.2523  1.07%   142 1920s
 34225 11678 14360.8074   27  111 14365.4100 14211.9652  1.07%   142 1932s
 34484 11717     cutoff   43      14365.4100 14212.5276  1.06%   142 1945s
 34688 11799     cutoff   33      14365.4100 14212.9000  1.06%   142 1958s
 34951 11862 14363.6600   45    - 14365.4100 14213.6019  1.06%   142 1971s
 35195 11932     cutoff   45      14365.4100 14214.1265  1.05%   142 1984s
 35429 11973 14351.2148   48   12 14365.4100 14214.8891  1.05%   142 1997s
 35642 12048 14343.9119   23  313 14365.4100 14215.2741  1.05%   142 2009s
 35909 12139     cutoff   28      14365.4100 14215.6168  1.04%   142 2021s
 36173 12169 14347.7648   37   17 14365.4100 14216.4304  1.04%   142 2034s
 36271 12171 14350.6469   40  217 14365.4100 14217.1908  1.03%   142 2035s
 36395 12185     cutoff   38      14365.4100 14217.2084  1.03%   142 2049s
 36437 12266 14333.4774   29  167 14365.4100 14217.2868  1.03%   142 2061s
 36680 12303 14336.8817   38  107 14365.4100 14217.7960  1.03%   142 2074s
 36894 12373 14267.4554   24  220 14365.4100 14218.4200  1.02%   142 2087s
 37137 12419     cutoff   36      14365.4100 14218.8829  1.02%   142 2100s
 37308 12473 14363.5770   29  236 14365.4100 14219.2291  1.02%   142 2113s
 37550 12521 14295.7615   29  269 14365.4100 14219.7587  1.01%   142 2127s
 37789 12557     cutoff   39      14365.4100 14220.1534  1.01%   142 2140s
 38014 12633 14274.4402   33  243 14365.4100 14220.8369  1.01%   142 2155s
 38270 12693 14249.8868   22  295 14365.4100 14221.4146  1.00%   142 2169s
 38388 12693 14267.6708   25  140 14365.4100 14221.4146  1.00%   142 2170s
 38508 12783 14289.2494   30   87 14365.4100 14221.7922  1.00%   142 2184s
 38601 12783 14333.0271   31  217 14365.4100 14221.7922  1.00%   142 2185s
 38786 12846 14267.3691   32  268 14365.4100 14222.1721  1.00%   142 2199s
 38987 12846 14280.5546   39   26 14365.4100 14222.8576  0.99%   142 2200s
 39052 12863     cutoff   32      14365.4100 14222.8798  0.99%   142 2214s
 39315 12939 14287.6043   29  146 14365.4100 14223.2568  0.99%   142 2227s
 39595 12982     cutoff   36      14365.4100 14223.6416  0.99%   141 2241s
 39822 13056 14343.9685   31  156 14365.4100 14224.0558  0.98%   142 2255s
*40099 11204              40    14342.770000 14224.6569  0.82%   141 2269s
 40344 11212     cutoff   30      14342.7700 14225.0641  0.82%   141 2283s
 40559 11211     cutoff   34      14342.7700 14225.7712  0.82%   142 2296s
 40752 11222 14291.6301   22  261 14342.7700 14226.4662  0.81%   142 2310s
H40989 10301                    14334.450000 14226.9998  0.75%   142 2323s
 41202 10283     cutoff   26      14334.4500 14227.9162  0.74%   142 2337s
 41434 10274     cutoff   26      14334.4500 14228.7119  0.74%   142 2352s
 41664 10298     cutoff   25      14334.4500 14229.4778  0.73%   142 2366s
 41940 10304     cutoff   42      14334.4500 14230.0493  0.73%   142 2380s
 42142 10324     cutoff   26      14334.4500 14230.6778  0.72%   142 2393s
 42382 10335     cutoff   28      14334.4500 14231.5304  0.72%   142 2406s
 42600 10341 14314.5481   21  192 14334.4500 14232.1064  0.71%   142 2419s
 42711 10341     cutoff   21      14334.4500 14232.9311  0.71%   142 2422s
 42813 10349     cutoff   24      14334.4500 14232.9642  0.71%   142 2435s
 43050 10385     cutoff   30      14334.4500 14233.7006  0.70%   142 2450s
 43297 10417 14281.0056   29  156 14334.4500 14234.2901  0.70%   142 2465s
 43562 10411     cutoff   43      14334.4500 14235.0558  0.69%   142 2479s
 43796 10450 14269.4521   25  224 14334.4500 14235.8866  0.69%   142 2493s
 44085 10449 14296.0208   32  279 14334.4500 14236.6644  0.68%   142 2507s
 44284 10443 14301.8219   29  153 14334.4500 14237.2744  0.68%   142 2521s
 44508 10470 14294.5892   24  251 14334.4500 14238.2398  0.67%   142 2537s
 44805 10481 14309.4316   38  123 14334.4500 14238.7876  0.67%   142 2552s
 45071 10454 14302.7740   34   26 14334.4500 14239.4345  0.66%   142 2566s
 45290 10504 14327.1700   35   15 14334.4500 14240.1875  0.66%   142 2584s
 45623 10505 14318.2929   28  295 14334.4500 14240.8202  0.65%   142 2585s
*45633 10240              37    14332.490000 14240.8502  0.64%   142 2598s
 45834 10224 14290.0543   29   68 14332.4900 14241.5974  0.63%   142 2616s
 46159 10228 14298.4152   34  176 14332.4900 14242.7542  0.63%   142 2635s
 46472 10241 14314.5896   33  144 14332.4900 14243.4209  0.62%   142 2652s
 46780 10225     cutoff   25      14332.4900 14244.3967  0.61%   142 2668s
 47057 10222 14291.5759   26  276 14332.4900 14245.2605  0.61%   142 2684s
 47294 10222 14302.9079   39   67 14332.4900 14245.9873  0.60%   142 2685s
 47329 10172 14309.7756   33  213 14332.4900 14246.0065  0.60%   142 2701s
 47598 10158 14264.0294   38  202 14332.4900 14246.9111  0.60%   142 2719s
 47892 10147     cutoff   28      14332.4900 14247.5383  0.59%   142 2736s
 48193 10131     cutoff   30      14332.4900 14248.4604  0.59%   142 2754s
 48467 10131 14289.2286   34  174 14332.4900 14249.2379  0.58%   142 2755s
 48517 10095 14277.3689   34  200 14332.4900 14249.2544  0.58%   142 2771s
 48786 10079 14258.5689   29   95 14332.4900 14250.2314  0.57%   142 2788s
 49073 10026 14320.2411   28  283 14332.4900 14250.8961  0.57%   142 2806s
 49345  9994     cutoff   22      14332.4900 14251.5644  0.56%   142 2825s
 49635  9950     cutoff   25      14332.4900 14252.4707  0.56%   142 2843s
 49921  9889 14287.4480   29  149 14332.4900 14253.2560  0.55%   142 2860s
 50209  9886 14319.5476   28   90 14332.4900 14254.2704  0.55%   143 2878s
 50570  9836 14292.7752   31  101 14332.4900 14255.1288  0.54%   142 2897s
 50898  9788 14331.6867   32  184 14332.4900 14256.1393  0.53%   142 2915s
 51246  9748     cutoff   40      14332.4900 14256.9508  0.53%   142 2933s
 51544  9684     cutoff   28      14332.4900 14257.9028  0.52%   142 2951s
 51836  9654 14327.0775   33   96 14332.4900 14258.8428  0.51%   142 2968s
 52148  9612 infeasible   34      14332.4900 14259.7466  0.51%   142 2986s
 52429  9570 14305.9754   40  187 14332.4900 14260.5110  0.50%   142 3003s
 52764  9493     cutoff   28      14332.4900 14261.1830  0.50%   142 3020s
 53043  9451 14311.8670   21  167 14332.4900 14262.1598  0.49%   142 3039s
 53305  9399     cutoff   23      14332.4900 14262.5892  0.49%   142 3057s
 53610  9366     cutoff   39      14332.4900 14263.2776  0.48%   142 3075s
 53941  9306     cutoff   42      14332.4900 14264.1279  0.48%   142 3092s
 54257  9254 14274.4162   36   55 14332.4900 14265.0019  0.47%   142 3110s
 54608  9226     cutoff   25      14332.4900 14266.0379  0.46%   142 3127s
 54956  9145 14296.9789   24  266 14332.4900 14266.5880  0.46%   142 3144s
 55253  9083     cutoff   23      14332.4900 14267.4648  0.45%   142 3161s
 55570  9042 14313.9186   30   22 14332.4900 14268.2699  0.45%   142 3179s
 55726  9042     cutoff   36      14332.4900 14268.8685  0.44%   142 3180s
 55903  8974     cutoff   26      14332.4900 14268.8809  0.44%   142 3196s
 56266  8897     cutoff   25      14332.4900 14269.8288  0.44%   142 3214s
 56555  8834     cutoff   43      14332.4900 14270.6723  0.43%   142 3231s
 56882  8781     cutoff   29      14332.4900 14271.3719  0.43%   142 3249s
 57278  8697     cutoff   39      14332.4900 14272.2110  0.42%   141 3266s
 57618  8636     cutoff   26      14332.4900 14272.9388  0.42%   141 3283s
 57981  8636 14293.9809   39   27 14332.4900 14273.7622  0.41%   141 3285s
 58014  8522     cutoff   28      14332.4900 14273.7986  0.41%   141 3301s
 58391  8458 14293.6734   47   37 14332.4900 14274.8446  0.40%   141 3327s
 58601  8387 14311.1827   28  174 14332.4900 14275.2770  0.40%   141 3346s
 58940  8359 14291.8884   32   85 14332.4900 14276.2823  0.39%   141 3461s
 59040  8238 14320.7929   29   76 14332.4900 14276.5827  0.39%   141 3478s
 59343  8100     cutoff   23      14332.4900 14277.4354  0.38%   141 3497s
 59762  7940     cutoff   45      14332.4900 14278.6719  0.38%   141 3516s
 60147  7763     cutoff   33      14332.4900 14279.6951  0.37%   140 3534s
 60310  7763     cutoff   45      14332.4900 14280.8412  0.36%   140 3535s
 60495  7605 14318.6897   32   67 14332.4900 14280.8427  0.36%   140 3555s
 60993  7420     cutoff   39      14332.4900 14282.1442  0.35%   140 3575s
 61449  7233 infeasible   27      14332.4900 14283.5497  0.34%   140 3597s
 61931  7211     cutoff   23      14332.4900 14284.8775  0.33%   140 3600s

Cutting planes:
  User: 1588
  Gomory: 27
  Cover: 295
  Implied bound: 21
  Projected implied bound: 1
  Clique: 16
  MIR: 99
  StrongCG: 5
  Flow cover: 292
  GUB cover: 1
  Zero half: 52
  RLT: 212
  Relax-and-lift: 1
  Lazy constraints: 2967

Explored 61969 nodes (8657836 simplex iterations) in 3600.06 seconds
Thread count was 2 (of 32 available processors)

Solution count 10: 14332.5 14334.4 14342.8 ... 14451.7

Time limit reached
Best objective 1.433249000000e+04, best bound 1.428516980558e+04, gap 0.3302%

User-callback calls 288984, time in user-callback 239.40 sec
================================================================================
executing instance: ./input/Instances/Original/2/absH3high_4n10.dat
--------------------------------------------------------------------------------
Instance details
n	11
H	3
C	822
Li:
[0, 0, 0, 0, 0, 0, 0, 0, 0, 0, 0, ]
Ui:
[0, 102, 52, 88, 182, 153, 138, 38, 165, 297, 86, ]
Distance matrix:
|0	285	411	382	327	239	148	256	307	36	383	|
|285	0	352	98	249	103	227	235	120	268	209	|
|411	352	0	395	106	430	263	549	234	429	174	|
|382	98	395	0	302	173	320	288	168	364	227	|
|327	249	106	302	0	324	179	444	135	339	109	|
|239	103	430	173	324	0	241	132	212	212	305	|
|148	227	263	320	179	241	0	325	192	165	249	|
|256	235	549	288	444	132	325	0	342	220	436	|
|307	120	234	168	135	212	192	342	0	304	94	|
|36	268	429	364	339	212	165	220	304	0	386	|
|383	209	174	227	109	305	249	436	94	386	0	|

--------------------------------------------------------------------------------
Building model...
	using lazy and cut (CVRPSEP package)
Solving IRP LP...
--------------------------------------------------------------------------------

Gurobi 9.1.0 (linux64) logging started Sat Jan  9 05:56:05 2021

Gurobi Optimizer version 9.1.0 build v9.1.0rc0 (linux64)
Thread count: 32 physical cores, 32 logical processors, using up to 2 threads
Optimize a model with 242 rows, 500 columns and 1424 nonzeros
Model fingerprint: 0x6f767737
Variable types: 104 continuous, 396 integer (66 binary)
Coefficient statistics:
  Matrix range     [1e+00, 4e+02]
  Objective range  [2e-01, 5e+02]
  Bounds range     [1e+00, 3e+02]
  RHS range        [2e+01, 1e+03]
Presolve removed 77 rows and 53 columns
Presolve time: 0.01s
Presolved: 165 rows, 447 columns, 1159 nonzeros
Variable types: 62 continuous, 385 integer (326 binary)

Root relaxation: objective 3.672950e+03, 217 iterations, 0.00 seconds

    Nodes    |    Current Node    |     Objective Bounds      |     Work
 Expl Unexpl |  Obj  Depth IntInf | Incumbent    BestBd   Gap | It/Node Time

     0     0 3672.94953    0   45          - 3672.94953      -     -    0s
H    0     0                    5970.1100000 3672.94953  38.5%     -    0s
     0     0 3917.71516    0   47 5970.11000 3917.71516  34.4%     -    0s
