




arguments: ./build/mirp_solver -f ./input/orig_exec_208.cfg
Current dir: /scratch/gui/bnc_mirp
File verbosity level: 9
date       time         ( uptime  ) [ thread name/id ]                   file:line     v| 
2021-01-10 10:33:24.724 (   0.183s) [main thread     ]             loguru.cpp:789   INFO| Logging to './output/vi_lex_quarter/OU/V2/Original/execution_10_01_2021_10_33_24.log', mode: 'a', verbosity: 9
--------------------------------------------------------------------------------
Parameters
                           instance_path           ./input/Instances/Original/6/
                            model_policy                                       1
                             nb_vehicles                                       2
                              output_dir ./output/vi_lex_quarter/OU/V2/Original/
                            sec_strategy                                       1
                       solver_nb_threads                                       2
                         solver_show_log                                    true
                       solver_time_limit                                    3600
                              use_vi_cos                                   false
                              use_vi_cus                                   false
                         use_vi_hc1_full                                   false
                         use_vi_hc1_half                                   false
                      use_vi_hc1_quarter                                   false
                              use_vi_hc2                                   false
                              use_vi_hc3                                   false
                         use_vi_lex_full                                   false
                         use_vi_lex_half                                   false
                      use_vi_lex_quarter                                    true
                              use_vi_qua                                   false
                               use_vi_vc                                   false
                               use_vi_vr                                   false
--------------------------------------------------------------------------------
executing instance: ./input/Instances/Original/6/absH6high_1n25.dat
--------------------------------------------------------------------------------
Instance details
n	26
H	6
C	1711
Li:
[0, 0, 0, 0, 0, 0, 0, 0, 0, 0, 0, 0, 0, 0, 0, 0, 0, 0, 0, 0, 0, 0, 0, 0, 0, 0, ]
Ui:
[0, 168, 176, 34, 66, 36, 177, 106, 118, 182, 64, 141, 189, 63, 46, 111, 182, 231, 36, 66, 68, 54, 132, 90, 246, 75, ]
Distance matrix:
|0	191	200	231	334	329	146	196	208	245	218	164	283	394	151	358	156	196	309	253	201	260	127	138	130	104	|
|191	0	226	229	278	146	328	216	390	417	327	293	195	334	106	296	171	122	472	151	12	411	280	53	190	130	|
|200	226	0	38	149	359	321	10	276	274	418	364	139	204	121	173	321	115	303	141	225	236	155	202	311	256	|
|231	229	38	0	110	352	358	37	314	310	448	395	108	167	129	135	342	109	336	120	226	268	194	213	335	277	|
|334	278	149	110	0	367	467	147	422	413	546	495	86	61	203	25	423	163	429	129	271	363	303	282	424	361	|
|329	146	359	352	367	0	453	349	533	562	411	393	282	411	245	378	250	244	617	245	141	556	426	195	284	243	|
|146	328	321	358	467	453	0	321	162	215	160	112	425	524	297	491	223	341	284	397	339	266	186	276	184	210	|
|196	216	10	37	147	349	321	0	281	281	414	360	132	203	112	171	315	105	311	132	216	244	159	193	305	249	|
|208	390	276	314	422	533	162	281	0	54	321	271	410	471	316	445	348	348	123	398	398	115	125	338	313	309	|
|245	417	274	310	413	562	215	281	54	0	375	323	413	457	334	435	393	361	70	406	424	69	139	367	359	349	|
|218	327	418	448	546	411	160	414	321	375	0	57	484	606	347	569	163	393	444	446	339	421	318	288	137	199	|
|164	293	364	395	495	393	112	360	271	323	57	0	437	556	300	519	144	346	393	401	305	367	261	249	109	163	|
|283	195	139	108	86	282	425	132	410	413	484	437	0	139	137	101	349	91	443	44	187	375	286	206	355	291	|
|394	334	204	167	61	411	524	203	471	457	606	556	139	0	264	38	483	222	467	183	326	403	356	341	484	421	|
|151	106	121	129	203	245	297	112	316	334	347	300	137	264	0	225	220	46	381	102	106	316	195	84	221	158	|
|358	296	173	135	25	378	491	171	445	435	569	519	101	38	225	0	444	184	450	145	288	384	328	303	446	383	|
|156	171	321	342	423	250	223	315	348	393	163	144	349	483	220	444	0	261	460	308	183	415	284	143	39	65	|
|196	122	115	109	163	244	341	105	348	361	393	346	91	222	46	184	261	0	402	56	118	336	224	119	264	200	|
|309	472	303	336	429	617	284	311	123	70	444	393	443	467	381	450	460	402	0	442	477	68	192	424	426	413	|
|253	151	141	120	129	245	397	132	398	406	446	401	44	183	102	145	308	56	442	0	143	375	273	164	315	251	|
|201	12	225	226	271	141	339	216	398	424	339	305	187	326	106	288	183	118	477	143	0	416	286	63	202	142	|
|260	411	236	268	363	556	266	244	115	69	421	367	375	403	316	384	415	336	68	375	416	0	135	365	384	363	|
|127	280	155	194	303	426	186	159	125	139	318	261	286	356	195	328	284	224	192	273	286	135	0	232	256	229	|
|138	53	202	213	282	195	276	193	338	367	288	249	206	341	84	303	143	119	424	164	63	365	232	0	153	89	|
|130	190	311	335	424	284	184	305	313	359	137	109	355	484	221	446	39	264	426	315	202	384	256	153	0	64	|
|104	130	256	277	361	243	210	249	309	349	199	163	291	421	158	383	65	200	413	251	142	363	229	89	64	0	|

--------------------------------------------------------------------------------
Building model...
	using lazy and cut (CVRPSEP package)
Solving IRP LP...
--------------------------------------------------------------------------------

Gurobi 9.1.0 (linux64) logging started Sun Jan 10 10:33:25 2021

Gurobi Optimizer version 9.1.0 build v9.1.0rc0 (linux64)
Thread count: 32 physical cores, 32 logical processors, using up to 2 threads
Optimize a model with 1118 rows, 4694 columns and 11540 nonzeros
Model fingerprint: 0xd75bec0e
Variable types: 482 continuous, 4212 integer (312 binary)
Coefficient statistics:
  Matrix range     [1e+00, 9e+02]
  Objective range  [1e-01, 6e+02]
  Bounds range     [1e+00, 2e+02]
  RHS range        [1e+01, 3e+03]
Presolve removed 260 rows and 128 columns
Presolve time: 0.05s
Presolved: 858 rows, 4566 columns, 10598 nonzeros
Variable types: 380 continuous, 4186 integer (3887 binary)

Root relaxation: objective 1.302002e+04, 1163 iterations, 0.03 seconds

    Nodes    |    Current Node    |     Objective Bounds      |     Work
 Expl Unexpl |  Obj  Depth IntInf | Incumbent    BestBd   Gap | It/Node Time

     0     0 13020.0238    0  209          - 13020.0238      -     -    0s
     0     0 13566.8705    0  189          - 13566.8705      -     -    0s
     0     0 13601.7029    0  185          - 13601.7029      -     -    0s
     0     0 13664.7561    0  241          - 13664.7561      -     -    0s
     0     0 13689.5173    0  239          - 13689.5173      -     -    0s
     0     0 13748.2572    0  220          - 13748.2572      -     -    0s
     0     0 13752.3387    0  211          - 13752.3387      -     -    0s
     0     0 13798.9912    0  212          - 13798.9912      -     -    0s
     0     0 13799.8429    0  211          - 13799.8429      -     -    0s
     0     0 13799.8502    0  215          - 13799.8502      -     -    0s
     0     0 14366.6757    0  246          - 14366.6757      -     -    0s
     0     0 14411.5839    0  323          - 14411.5839      -     -    0s
     0     0 14436.5799    0  330          - 14436.5799      -     -    0s
     0     0 14447.2161    0  335          - 14447.2161      -     -    0s
     0     0 14454.6073    0  323          - 14454.6073      -     -    0s
     0     0 14457.0812    0  311          - 14457.0812      -     -    0s
     0     0 14457.1617    0  318          - 14457.1617      -     -    0s
     0     0 14873.9602    0  425          - 14873.9602      -     -    1s
     0     0 14886.9441    0  441          - 14886.9441      -     -    1s
     0     0 14906.2883    0  429          - 14906.2883      -     -    1s
     0     0 14906.9612    0  451          - 14906.9612      -     -    1s
     0     0 14980.7038    0  445          - 14980.7038      -     -    1s
     0     0 15003.8217    0  452          - 15003.8217      -     -    1s
     0     0 15033.1648    0  443          - 15033.1648      -     -    1s
     0     0 15058.6007    0  429          - 15058.6007      -     -    1s
     0     0 15073.5936    0  447          - 15073.5936      -     -    2s
     0     0 15080.2935    0  428          - 15080.2935      -     -    2s
     0     0 15080.5046    0  431          - 15080.5046      -     -    2s
     0     0 15123.2233    0  471          - 15123.2233      -     -    2s
     0     0 15127.9361    0  475          - 15127.9361      -     -    2s
     0     0 15129.2417    0  492          - 15129.2417      -     -    2s
     0     0 15145.6710    0  469          - 15145.6710      -     -    2s
     0     0 15146.5611    0  442          - 15146.5611      -     -    2s
     0     2 15147.1626    0  429          - 15147.1626      -     -    3s
    17    21 15269.9136    6  451          - 15254.6222      -   724    5s
   105   118 15989.3517   29  224          - 15254.6222      -   444   10s
*  345   360             118    17234.840000 15254.6222  11.5%   189   13s
   382   340 15939.0118    6  469 17234.8400 15281.8189  11.3%   188   15s
H  409   366                    17228.840000 15281.8189  11.3%   197   16s
   487   453 16522.0195   30  231 17228.8400 15281.8189  11.3%   194   20s
   636   575 17178.0928   79   80 17228.8400 15293.8608  11.2%   172   25s
H  662   581                    17228.300000 15293.8608  11.2%   173   26s
   731   646 16924.7054   90  442 17228.3000 15293.8608  11.2%   173   32s
H  732   614                    17196.070000 15293.8608  11.1%   173   32s
   741   620 16289.5983   16  567 17196.0700 15710.0368  8.64%   171   35s
H  749   594                    17156.070000 15787.5583  7.98%   169   37s
   756   599 16514.7895   42  572 17156.0700 15789.4754  7.97%   167   40s
   788   623 15895.7937   22  490 17156.0700 15814.9878  7.82%   196   45s
H  833   623                    17091.890000 15814.9878  7.47%   207   48s
H  864   619                    17054.700000 15814.9878  7.27%   210   49s
   871   622 16201.3922   40  381 17054.7000 15814.9878  7.27%   210   50s
H  951   627                    17035.700000 15814.9878  7.17%   214   54s
H  958   606                    16975.350000 15814.9878  6.84%   215   54s
   963   613 16662.9245   56  314 16975.3500 15814.9878  6.84%   216   55s
  1035   646 16031.7267   27  355 16975.3500 15841.7899  6.68%   226   60s
  1127   685 16357.8453   35  227 16975.3500 15841.7899  6.68%   229   65s
H 1135   656                    16965.100000 15841.7899  6.62%   231   67s
  1168   702 16363.9493   45  175 16965.1000 15841.7899  6.62%   233   70s
  1356   814 16556.6979   31  238 16965.1000 15841.7899  6.62%   221   76s
* 1468   804              90    16964.520000 15841.7899  6.62%   212   78s
* 1471   724              85    16840.450000 15841.7899  5.93%   211   78s
  1486   733 16215.7911   24  312 16840.4500 15902.6419  5.57%   215   80s
  1593   808 16512.2690   37  220 16840.4500 15905.2757  5.55%   217   85s
  1698   857 16599.6361   49  198 16840.4500 15914.3231  5.50%   218   90s
  1800   865 16517.2614   30  403 16840.4500 15926.3923  5.43%   220   96s
  1903   898 16048.8539   23  303 16840.4500 15930.6205  5.40%   224  101s
  1953   974 16559.7721   37  100 16840.4500 15939.2957  5.35%   229  105s
H 2032   893                    16711.910000 15939.2957  4.62%   226  107s
  2124   902 16399.2784   44   80 16711.9100 15939.3338  4.62%   221  110s
H 2138   757                    16621.680000 15939.3338  4.11%   220  110s
  2226   856 16516.0012   40   67 16621.6800 15943.0529  4.08%   229  117s
  2332   899 16158.6102   29  365 16621.6800 15946.6059  4.06%   228  122s
  2384   935 16354.1820   35  314 16621.6800 15950.8140  4.04%   235  127s
  2425   951 16440.4837   27  303 16621.6800 15952.6676  4.02%   237  130s
  2541  1002 16313.5341   31  277 16621.6800 15963.1529  3.96%   240  135s
  2640  1099 16112.4034   23  288 16621.6800 15973.8825  3.90%   238  141s
  2744  1176 16188.2876   22  303 16621.6800 15975.0232  3.89%   242  146s
H 2768  1147                    16602.680000 15975.0232  3.78%   243  147s
  2819  1177 16284.3990   18  328 16602.6800 15976.6916  3.77%   242  150s
  2925  1233 16288.7997   32  284 16602.6800 15991.9391  3.68%   244  156s
  3054  1325 16321.3074   38  255 16602.6800 15999.4669  3.63%   246  163s
H 3108  1290                    16588.980000 15999.4669  3.55%   244  163s
  3127  1346 16224.9942   30  312 16588.9800 16000.6912  3.55%   244  167s
  3227  1410 16307.8675   45  133 16588.9800 16002.9558  3.53%   244  171s
  3323  1441 16192.1603   27  321 16588.9800 16006.7921  3.51%   244  176s
  3382  1520 16320.5892   20  327 16588.9800 16008.6491  3.50%   249  181s
  3509  1625 16346.1473   29  346 16588.9800 16011.2303  3.48%   248  186s
  3633  1735 16447.4269   43   51 16588.9800 16012.4905  3.48%   247  191s
* 3676  1272              60    16470.750000 16012.4905  2.78%   245  191s
  3787  1249     cutoff   29      16470.7500 16017.5556  2.75%   245  195s
  3843  1278 16253.6986   20  339 16470.7500 16025.9063  2.70%   248  200s
  3909  1334 16250.7807   33  190 16470.7500 16028.4937  2.69%   250  217s
H 3913  1325                    16466.830000 16028.4937  2.66%   250  217s
H 3941  1084                    16404.780000 16028.4937  2.29%   249  217s
  3975  1089     cutoff   50      16404.7800 16029.5099  2.29%   250  222s
  4091  1119 16308.1078   33  289 16404.7800 16033.1112  2.27%   250  228s
  4197  1165 16267.4022   26  400 16404.7800 16037.0451  2.24%   250  233s
  4306  1219 16349.5842   30  353 16404.7800 16047.0617  2.18%   252  239s
  4392  1279 16370.0644   36  140 16404.7800 16047.7030  2.18%   254  246s
  4550  1317 16347.2862   27  441 16404.7800 16051.2446  2.16%   254  252s
  4660  1332 16224.6308   23  350 16404.7800 16054.3998  2.14%   256  258s
  4727  1389 16320.2675   34  245 16404.7800 16058.9443  2.11%   260  265s
  4846  1441 16399.7271   25  332 16404.7800 16062.2330  2.09%   261  272s
  4983  1500 16101.9642   25  480 16404.7800 16065.7983  2.07%   262  279s
  5129  1559 16267.5541   29  384 16404.7800 16073.6910  2.02%   263  286s
  5285  1615 16401.0252   28  221 16404.7800 16078.1552  1.99%   264  294s
  5424  1655 16384.1471   36  293 16404.7800 16082.2221  1.97%   265  302s
  5533  1682 16349.0582   33  310 16404.7800 16085.3637  1.95%   267  310s
  5666  1753     cutoff   32      16404.7800 16089.2699  1.92%   269  319s
  5884  1814 16270.9533   27  350 16404.7800 16093.5878  1.90%   267  327s
  6085  1858 16234.9416   26  371 16404.7800 16099.5913  1.86%   264  336s
  6207  1940     cutoff   27      16404.7800 16100.7526  1.85%   264  345s
  6403  1994 16223.2429   31  364 16404.7800 16108.6405  1.81%   264  353s
  6561  2080 16219.3121   28  372 16404.7800 16112.2803  1.78%   265  363s
  6770  2113 16363.4614   34  368 16404.7800 16114.5537  1.77%   265  372s
  6913  2150     cutoff   26      16404.7800 16117.7650  1.75%   267  381s
  7036  2232 16357.3118   46  181 16404.7800 16119.4568  1.74%   270  390s
  7258  2302 16364.5238   26  234 16404.7800 16123.9670  1.71%   269  401s
  7488  2339     cutoff   29      16404.7800 16130.0781  1.67%   269  410s
  7669  2379 16256.4071   28  346 16404.7800 16132.2242  1.66%   270  421s
H 7670  2285                    16385.620000 16132.2242  1.55%   270  421s
  7838  2333 16311.7320   32  269 16385.6200 16136.0065  1.52%   271  431s
  8058  2374     cutoff   36      16385.6200 16140.9997  1.49%   271  441s
  8263  2414 16187.2324   31  282 16385.6200 16143.4651  1.48%   272  451s
  8485  2468 16234.9025   29  328 16385.6200 16146.6620  1.46%   272  462s
  8686  2527 16353.0919   31  308 16385.6200 16151.2005  1.43%   273  471s
  8899  2565 16318.7442   38  256 16385.6200 16154.0494  1.41%   273  482s
  9146  2612 16304.1089   28  434 16385.6200 16158.3794  1.39%   273  492s
  9350  2697 16251.9956   31  346 16385.6200 16161.0106  1.37%   273  502s
  9600  2744     cutoff   35      16385.6200 16165.1274  1.35%   272  513s
  9813  2804     cutoff   30      16385.6200 16167.0894  1.33%   273  523s
 10026  2832 16266.5152   30  305 16385.6200 16170.1697  1.31%   272  534s
 10265  2871     cutoff   31      16385.6200 16174.7000  1.29%   272  544s
 10485  2911 16313.6774   20  380 16385.6200 16177.7094  1.27%   272  554s
 10708  2943     cutoff   28      16385.6200 16181.4317  1.25%   272  564s
 10945  2963 16338.2391   32  309 16385.6200 16184.0008  1.23%   272  574s
 11193  3007 16352.8706   30  375 16385.6200 16186.8637  1.21%   272  584s
 11327  3007 16231.3290   29  351 16385.6200 16188.6309  1.20%   272  585s
 11437  3086 16355.4072   29  373 16385.6200 16188.6538  1.20%   272  595s
 11715  3137     cutoff   27      16385.6200 16190.9531  1.19%   271  606s
 11959  3152 16367.3363   30  311 16385.6200 16193.3647  1.17%   271  617s
 12119  3209     cutoff   44      16385.6200 16194.1078  1.17%   271  628s
 12379  3261 16317.0686   22  350 16385.6200 16196.5777  1.15%   270  639s
 12654  3319 16226.5520   26  230 16385.6200 16198.3601  1.14%   269  649s
 12891  3356 16243.4452   31  345 16385.6200 16200.3568  1.13%   269  659s
 13113  3401 16356.9809   24  439 16385.6200 16202.0021  1.12%   269  670s
 13395  3436 16292.0843   33  180 16385.6200 16203.9230  1.11%   268  681s
 13643  3480     cutoff   28      16385.6200 16206.2442  1.09%   268  691s
 13926  3485     cutoff   26      16385.6200 16209.4428  1.08%   267  701s
 14141  3542 16317.0663   35  232 16385.6200 16211.1095  1.07%   267  711s
 14424  3580 16308.8401   24  316 16385.6200 16213.0832  1.05%   266  722s
 14664  3634     cutoff   24      16385.6200 16214.9566  1.04%   266  733s
 14909  3631 16367.5270   37  178 16385.6200 16217.0388  1.03%   266  743s
 15093  3671     cutoff   33      16385.6200 16219.0545  1.02%   266  754s
 15410  3709 16234.2239   30  338 16385.6200 16221.1367  1.00%   265  765s
 15713  3724 16313.2241   34  346 16385.6200 16223.1076  0.99%   264  776s
 15964  3771 16345.5864   29  428 16385.6200 16225.5606  0.98%   263  787s
 16290  3806 16290.3092   21  276 16385.6200 16227.3251  0.97%   262  798s
 16556  3813     cutoff   33      16385.6200 16228.6434  0.96%   261  808s
 16794  3826 16367.6839   28  304 16385.6200 16230.7087  0.95%   261  818s
 17054  3857     cutoff   23      16385.6200 16232.7593  0.93%   260  829s
 17386  3894     cutoff   33      16385.6200 16233.7692  0.93%   259  839s
 17667  3910     cutoff   35      16385.6200 16235.5380  0.92%   258  850s
 17960  3931     cutoff   31      16385.6200 16237.1351  0.91%   258  860s
 18265  3939 16293.4405   31  298 16385.6200 16238.9435  0.90%   257  871s
 18547  3964 16267.5938   35  270 16385.6200 16240.6333  0.88%   256  881s
 18839  3995     cutoff   33      16385.6200 16241.7731  0.88%   256  892s
 19185  3998     cutoff   31      16385.6200 16243.5299  0.87%   255  902s
 19390  4018 16273.1386   34  290 16385.6200 16245.2596  0.86%   255  912s
 19660  4024 16347.0423   30  322 16385.6200 16247.5361  0.84%   255  923s
 19969  4024 16316.3095   29  290 16385.6200 16248.5282  0.84%   254  934s
 20258  4033 16360.7947   30  290 16385.6200 16250.6759  0.82%   254  944s
 20635  4037 16325.8967   29  300 16385.6200 16253.4395  0.81%   252  960s
 20711  4029 16366.8955   47  100 16385.6200 16253.7235  0.80%   252  971s
 21055  4046 16271.3249   33  340 16385.6200 16255.7054  0.79%   251  981s
 21369  4015 16358.7008   27  293 16385.6200 16257.6901  0.78%   251  992s
 21645  4022     cutoff   34      16385.6200 16259.3396  0.77%   250 1002s
 21926  4035     cutoff   27      16385.6200 16260.8031  0.76%   250 1011s
 22240  4051     cutoff   30      16385.6200 16262.5135  0.75%   249 1022s
 22584  4050 16375.9167   33  358 16385.6200 16264.8599  0.74%   248 1032s
 22917  4055 16336.6717   29  199 16385.6200 16266.9013  0.72%   248 1044s
 23287  4004     cutoff   40      16385.6200 16268.6160  0.71%   247 1054s
 23593  3992 16347.1558   22  352 16385.6200 16270.8540  0.70%   246 1063s
 23841  3966 16338.8379   28  352 16385.6200 16272.4736  0.69%   246 1072s
 24128  3975 16291.7659   44   54 16385.6200 16274.4658  0.68%   245 1081s
 24507  3955 16324.1080   35  307 16385.6200 16276.4349  0.67%   243 1088s
 24791  3919 16311.7528   30  277 16385.6200 16278.1530  0.66%   243 1097s
 25064  3886 16320.1823   32  214 16385.6200 16279.6409  0.65%   242 1105s
 25307  3868 16342.9927   30  343 16385.6200 16280.7627  0.64%   241 1113s
 25580  3849     cutoff   31      16385.6200 16282.2366  0.63%   241 1120s
 25875  3842     cutoff   33      16385.6200 16283.8978  0.62%   240 1129s
 26167  3830     cutoff   31      16385.6200 16284.9975  0.61%   239 1136s
 26438  3782     cutoff   35      16385.6200 16286.4057  0.61%   238 1144s
 26690  3751 16346.8455   43   38 16385.6200 16288.0317  0.60%   238 1151s
 27027  3716 16344.8755   49  149 16385.6200 16289.5232  0.59%   237 1158s
 27296  3691 16329.4982   32  269 16385.6200 16291.3296  0.58%   236 1166s
 27534  3646 16333.7242   31  250 16385.6200 16292.3265  0.57%   235 1174s
 27840  3603     cutoff   37      16385.6200 16294.0660  0.56%   235 1182s
 28113  3576 16346.9948   53   67 16385.6200 16295.5274  0.55%   234 1189s
 28391  3530     cutoff   32      16385.6200 16297.4905  0.54%   233 1197s
 28628  3455     cutoff   36      16385.6200 16298.8454  0.53%   233 1205s
 28960  3405     cutoff   35      16385.6200 16300.8017  0.52%   232 1212s
 29217  3378 16325.3191   38  193 16385.6200 16302.5640  0.51%   232 1220s
 29566  3315     cutoff   25      16385.6200 16304.2570  0.50%   231 1228s
 29864  3256 16326.7925   35  198 16385.6200 16306.1417  0.49%   230 1236s
 30196  3167     cutoff   39      16385.6200 16307.6286  0.48%   229 1243s
 30422  3090     cutoff   29      16385.6200 16309.2371  0.47%   229 1251s
 30762  3016 16376.1110   27  367 16385.6200 16311.4016  0.45%   228 1259s
 30922  3016     cutoff   45      16385.6200 16313.0585  0.44%   227 1260s
 31084  2947     cutoff   36      16385.6200 16313.2009  0.44%   227 1267s
 31398  2864     cutoff   29      16385.6200 16315.7774  0.43%   226 1275s
 31711  2778     cutoff   37      16385.6200 16317.6466  0.41%   225 1283s
 32026  2727 16336.0024   28  381 16385.6200 16319.9027  0.40%   224 1291s
 32405  2601     cutoff   39      16385.6200 16321.4014  0.39%   223 1299s
 32732  2454 16349.9172   37  182 16385.6200 16323.8293  0.38%   223 1305s
 33122  2337     cutoff   32      16385.6200 16326.4881  0.36%   221 1313s
 33525  2196 16362.6884   32  180 16385.6200 16328.4801  0.35%   220 1321s
 33929  2043     cutoff   42      16385.6200 16331.2831  0.33%   219 1329s
 34269  1935     cutoff   45      16385.6200 16333.6737  0.32%   218 1360s
 34561  1740     cutoff   30      16385.6200 16335.7722  0.30%   217 1367s
 34938  1528     cutoff   39      16385.6200 16338.4360  0.29%   216 1374s
 35330  1324     cutoff   30      16385.6200 16341.8070  0.27%   214 1382s
 35819  1113     cutoff   46      16385.6200 16344.9108  0.25%   213 1389s
 36081  1113     cutoff   28      16385.6200 16348.9792  0.22%   212 1390s
 36329   828     cutoff   31      16385.6200 16349.2764  0.22%   211 1396s
*36392   810              58    16383.060000 16349.2764  0.21%   211 1396s
 36857   500 16369.6195   31  228 16383.0600 16355.0346  0.17%   209 1403s
 37304   324     cutoff   39      16383.0600 16362.2334  0.13%   207 1409s
 37510     0     cutoff   41      16383.0600 16362.6639  0.12%   206 1412s

Cutting planes:
  User: 2217
  Gomory: 50
  Cover: 304
  Implied bound: 43
  Projected implied bound: 1
  Clique: 27
  MIR: 241
  StrongCG: 9
  Flow cover: 591
  Inf proof: 2
  Zero half: 24
  Network: 5
  RLT: 243
  Relax-and-lift: 10
  Lazy constraints: 142

Explored 37876 nodes (7764240 simplex iterations) in 1412.99 seconds
Thread count was 2 (of 32 available processors)

Solution count 10: 16383.1 16385.6 16404.8 ... 16840.4

Optimal solution found (tolerance 1.00e-04)
Best objective 1.638306000000e+04, best bound 1.638306000000e+04, gap 0.0000%

User-callback calls 152859, time in user-callback 87.22 sec
================================================================================
executing instance: ./input/Instances/Original/6/absH6high_1n20.dat
--------------------------------------------------------------------------------
Instance details
n	21
H	6
C	1651
Li:
[0, 0, 0, 0, 0, 0, 0, 0, 0, 0, 0, 0, 0, 0, 0, 0, 0, 0, 0, 0, 0, ]
Ui:
[0, 36, 182, 182, 90, 261, 117, 30, 110, 42, 276, 153, 40, 94, 144, 46, 129, 213, 264, 160, 174, ]
Distance matrix:
|0	371	401	343	361	341	370	115	392	400	79	266	292	245	355	431	265	194	95	92	348	|
|371	0	37	141	110	250	117	438	67	131	372	305	115	238	247	255	235	296	392	430	185	|
|401	37	0	175	100	284	146	472	90	156	406	342	152	275	280	282	242	333	415	455	178	|
|343	141	175	0	239	110	38	374	95	60	314	182	67	130	106	127	318	201	397	423	303	|
|361	110	100	239	0	341	222	451	177	240	385	374	190	304	341	361	151	345	354	398	78	|
|341	250	284	110	341	0	143	337	203	151	289	102	152	97	15	95	394	156	415	431	398	|
|370	117	146	38	222	143	0	407	61	30	346	220	81	167	137	139	317	237	417	447	292	|
|115	438	472	374	451	337	407	0	443	434	66	241	339	251	351	431	374	181	201	177	450	|
|392	67	90	95	177	203	61	443	0	66	379	275	104	216	197	193	294	283	427	461	252	|
|400	131	156	60	240	151	30	434	66	0	374	237	112	189	142	127	344	261	448	477	312	|
|79	372	406	314	385	289	346	66	379	374	0	202	275	197	304	383	316	134	175	166	388	|
|266	305	342	182	374	102	220	241	275	237	202	0	191	70	117	196	386	73	352	359	415	|
|292	115	152	67	190	152	81	339	104	112	275	191	0	123	154	193	252	183	336	366	246	|
|245	238	275	130	304	97	167	251	216	189	197	70	123	0	110	187	322	72	319	334	346	|
|355	247	280	106	341	15	137	351	197	142	304	117	154	110	0	80	399	171	427	444	400	|
|431	255	282	127	361	95	139	431	193	127	383	196	193	187	80	0	444	251	499	519	429	|
|265	235	242	318	151	394	317	374	294	344	316	386	252	322	399	444	0	332	226	273	97	|
|194	296	333	201	345	156	237	181	283	261	134	73	183	72	171	251	332	0	279	286	375	|
|95	392	415	397	354	415	417	201	427	448	175	352	336	319	427	499	226	279	0	47	321	|
|92	430	455	423	398	431	447	177	461	477	166	359	366	334	444	519	273	286	47	0	368	|
|348	185	178	303	78	398	292	450	252	312	388	415	246	346	400	429	97	375	321	368	0	|

--------------------------------------------------------------------------------
Building model...
	using lazy and cut (CVRPSEP package)
Solving IRP LP...
--------------------------------------------------------------------------------

Gurobi 9.1.0 (linux64) logging started Sun Jan 10 10:56:58 2021

Gurobi Optimizer version 9.1.0 build v9.1.0rc0 (linux64)
Thread count: 32 physical cores, 32 logical processors, using up to 2 threads
Optimize a model with 903 rows, 3159 columns and 8043 nonzeros
Model fingerprint: 0xc16b112b
Variable types: 387 continuous, 2772 integer (252 binary)
Coefficient statistics:
  Matrix range     [1e+00, 8e+02]
  Objective range  [1e-01, 5e+02]
  Bounds range     [1e+00, 3e+02]
  RHS range        [1e+01, 3e+03]
Presolve removed 210 rows and 103 columns
Presolve time: 0.05s
Presolved: 693 rows, 3056 columns, 7286 nonzeros
Variable types: 305 continuous, 2751 integer (2512 binary)

Root relaxation: objective 1.252368e+04, 995 iterations, 0.02 seconds

    Nodes    |    Current Node    |     Objective Bounds      |     Work
 Expl Unexpl |  Obj  Depth IntInf | Incumbent    BestBd   Gap | It/Node Time

     0     0 12523.6776    0  163          - 12523.6776      -     -    0s
     0     0 12747.0581    0  184          - 12747.0581      -     -    0s
     0     0 12761.3000    0  141          - 12761.3000      -     -    0s
     0     0 12778.7468    0  175          - 12778.7468      -     -    0s
     0     0 12824.7823    0  181          - 12824.7823      -     -    0s
     0     0 12858.3060    0  180          - 12858.3060      -     -    0s
     0     0 12899.4870    0  184          - 12899.4870      -     -    0s
     0     0 12904.3052    0  207          - 12904.3052      -     -    0s
     0     0 12906.0929    0  216          - 12906.0929      -     -    0s
     0     0 12907.3929    0  208          - 12907.3929      -     -    0s
     0     0 12907.4249    0  218          - 12907.4249      -     -    0s
     0     0 13288.6065    0  215          - 13288.6065      -     -    0s
     0     0 13431.7214    0  291          - 13431.7214      -     -    0s
     0     0 13483.2640    0  305          - 13483.2640      -     -    0s
     0     0 13499.1850    0  316          - 13499.1850      -     -    0s
     0     0 13516.5106    0  293          - 13516.5106      -     -    0s
     0     0 13517.9435    0  303          - 13517.9435      -     -    0s
     0     0 13519.0106    0  287          - 13519.0106      -     -    0s
     0     0 13519.0729    0  284          - 13519.0729      -     -    0s
     0     0 13614.1585    0  319          - 13614.1585      -     -    0s
     0     0 13666.4317    0  346          - 13666.4317      -     -    1s
     0     0 13681.9532    0  378          - 13681.9532      -     -    1s
     0     0 13713.3009    0  363          - 13713.3009      -     -    1s
     0     0 13717.3574    0  332          - 13717.3574      -     -    1s
     0     0 13718.7613    0  328          - 13718.7613      -     -    1s
     0     0 13793.2245    0  403          - 13793.2245      -     -    1s
     0     0 13809.3089    0  402          - 13809.3089      -     -    1s
     0     0 13815.2252    0  426          - 13815.2252      -     -    1s
     0     0 13818.0384    0  420          - 13818.0384      -     -    1s
     0     0 13819.1474    0  438          - 13819.1474      -     -    1s
     0     0 13852.2751    0  361          - 13852.2751      -     -    1s
     0     0 13859.5089    0  351          - 13859.5089      -     -    1s
     0     0 13862.8225    0  412          - 13862.8225      -     -    1s
     0     0 13865.0522    0  423          - 13865.0522      -     -    1s
     0     0 13865.4439    0  418          - 13865.4439      -     -    1s
     0     0 13883.2847    0  355          - 13883.2847      -     -    1s
     0     0 13889.3778    0  414          - 13889.3778      -     -    1s
     0     0 13892.1310    0  421          - 13892.1310      -     -    1s
     0     0 13892.5528    0  414          - 13892.5528      -     -    1s
     0     0 13907.2991    0  385          - 13907.2991      -     -    2s
     0     0 13908.3577    0  352          - 13908.3577      -     -    2s
     0     2 13908.3577    0  349          - 13908.3577      -     -    2s
    45    49 14131.6821   10  353          - 14022.0946      -   451    5s
   336   374 14850.9641   57  212          - 14022.0946      -   156   10s
   693   699 14434.6989   11  249          - 14051.6784      -   118   15s
   794   765 14948.5742   61  446          - 14051.6784      -   112   20s
   807   779 14120.3503   24  295          - 14084.4835      -   126   25s
   961   892 14744.4303   74  204          - 14084.4835      -   138   30s
  1265  1113 16349.0112  180  186          - 14084.4835      -   132   35s
  1596  1311 18743.8056  298   82          - 14084.7070      -   124   40s
  1794  1418 14380.4296   37  262          - 14084.7070      -   128   45s
  1984  1597 14607.6319   54  268          - 14084.7070      -   128   50s
  2279  1806 14683.6097   68  216          - 14084.7070      -   120   55s
H 2342  1746                    20639.880000 14084.7070  31.8%   119   55s
  2476  1776 14771.3556   94  239 20639.8800 14084.7070  31.8%   120   60s
  2652  1919 14876.2679  131  225 20639.8800 14084.7070  31.8%   122   65s
  2916  2076 15672.0994  201  214 20639.8800 14084.7070  31.8%   117   71s
  3086  2233 16941.8640  271   75 20639.8800 14084.7070  31.8%   114   75s
  3314  2466 18496.6069  359   22 20639.8800 14084.7070  31.8%   111   80s
  3463  2481 14256.5962   24  449 20639.8800 14120.5267  31.6%   109   85s
  3497  2545 14585.5238   36  351 20639.8800 14120.5267  31.6%   111   90s
  3777  3109 16673.5575   99  196 20639.8800 14163.7362  31.4%   108   97s
  4153  3222 20030.2500  249   24 20639.8800 14181.1076  31.3%   100  100s
* 4157  3208             252    20099.660000 14181.1076  29.4%   100  100s
H 4294  3272                    20086.500000 14181.9112  29.4%   100  102s
  4514  3445 14365.8202   29  257 20086.5000 14183.0750  29.4%  97.7  107s
  4619  3551 14550.9840   37  227 20086.5000 14195.3515  29.3%  98.9  111s
  4815  3892 15227.0200   53  258 20086.5000 14195.3515  29.3%  99.2  116s
  5070  3931 infeasible  132      20086.5000 14240.1098  29.1%  95.7  120s
  5213  4234 14745.3846   57  186 20086.5000 14246.4479  29.1%  97.0  125s
  5601  4519 17517.9700  125    8 20086.5000 14248.2348  29.1%  94.7  132s
  5784  4769 infeasible  170      20086.5000 14251.1545  29.1%  93.4  135s
H 5790  4763                    20029.650000 14251.1545  28.8%  93.3  135s
  6097  4862 15396.0577   41  253 20029.6500 14259.6140  28.8%  92.2  141s
  6301  4975 14461.6680   28  320 20029.6500 14261.3164  28.8%  92.8  146s
  6349  5029 15024.4320   54  214 20029.6500 14261.3164  28.8%  94.0  150s
  6562  5280 16201.7369  199   38 20029.6500 14261.3164  28.8%  92.3  155s
H 6797  5527                    19930.770000 14261.4792  28.4%  91.0  159s
  6959  5792 15108.3996   48  260 19930.7700 14261.6513  28.4%  90.2  162s
  7278  5832 18399.5300  137    - 19930.7700 14263.4924  28.4%  88.0  166s
* 7313  5323             222    18514.360000 14264.1872  23.0%  88.6  166s
  7380  5571 15639.7587   44  139 18514.3600 14264.1872  23.0%  90.4  173s
  7600  5672     cutoff  105      18514.3600 14269.8333  22.9%  89.9  177s
  7734  5797 14861.7444   31  346 18514.3600 14272.4176  22.9%  90.0  180s
  8041  6004 14848.7714   28  433 18514.3600 14274.6125  22.9%  90.1  188s
  8122  6192 15426.6462   39  291 18514.3600 14274.6125  22.9%  90.7  191s
  8315  6376 infeasible  172      18514.3600 14278.1674  22.9%  90.3  195s
  8610  6467 14933.6021   42  249 18514.3600 14285.2195  22.8%  91.1  202s
  8680  6768 14326.3967   29  417 18514.3600 14285.2195  22.8%  92.2  207s
  8981  6926 14543.8644   32  405 18514.3600 14285.2195  22.8%  91.3  211s
  9167  6985 14764.3104   37  387 18514.3600 14285.2195  22.8%  91.0  215s
H 9244  6926                    18385.800000 14285.2195  22.3%  91.8  220s
  9287  7206 15125.3311   52  302 18385.8000 14285.2195  22.3%  93.3  227s
  9560  7405 15892.2567   82   85 18385.8000 14285.2195  22.3%  92.4  233s
  9769  7555 16459.1759  177   63 18385.8000 14287.5292  22.3%  92.6  238s
  9945  7652 14574.4996   31  352 18385.8000 14287.5292  22.3%  92.9  241s
 10042  7892 15235.6317   54  290 18385.8000 14287.8267  22.3%  93.1  245s
 10305  8174 14520.9437   35  248 18385.8000 14289.2419  22.3%  92.2  250s
 10614  8637 14819.9436   42  267 18385.8000 14289.2620  22.3%  90.8  255s
 11101  8751 17868.0625  210    8 18385.8000 14292.0617  22.3%  88.6  260s
 11454  8946 16921.0848   93   89 18385.8000 14294.5908  22.3%  88.4  265s
 11638  9270 15223.1575   46  255 18385.8000 14303.5394  22.2%  88.7  272s
 11929  9326 18123.7100  128   24 18385.8000 14307.8669  22.2%  88.0  276s
 11996  9461     cutoff  138      18385.8000 14309.0492  22.2%  88.6  280s
 12320  9657 15531.2372   76  122 18385.8000 14309.0492  22.2%  88.5  285s
 12520  9876 14518.0538   33  221 18385.8000 14311.8358  22.2%  88.5  292s
 12666  9931 infeasible  114      18385.8000 14312.9953  22.2%  88.8  295s
 12842 10184 15534.2637   51  189 18385.8000 14314.2664  22.1%  89.3  300s
 13078 10238 infeasible   49      18385.8000 14314.7827  22.1%  89.4  307s
 13115 10629 14993.7438   48  201 18385.8000 14314.7827  22.1%  89.9  311s
 13541 10726 infeasible  268      18385.8000 14316.2025  22.1%  88.4  317s
 13697 10784 17966.9725  133   22 18385.8000 14323.4077  22.1%  88.6  321s
 13782 10980     cutoff  149      18385.8000 14324.8902  22.1%  89.2  325s
 14261 11327 14598.7203   33  258 18385.8000 14327.2353  22.1%  88.3  334s
 14389 11635 16005.8713   85   83 18385.8000 14327.8544  22.1%  88.5  339s
 14768 11718 17415.4775  199   31 18385.8000 14328.2237  22.1%  87.0  343s
 14858 11842 infeasible  216      18385.8000 14329.5344  22.1%  87.3  348s
 14998 12029 15209.0930   41  324 18385.8000 14330.1075  22.1%  87.5  352s
 15207 12165 16369.1690  120   79 18385.8000 14331.3562  22.1%  87.3  356s
 15379 12298 15006.7257   47  224 18385.8000 14332.3457  22.0%  87.1  360s
 15516 12546 16541.6896   96   72 18385.8000 14332.9636  22.0%  87.3  365s
 15871 12622 18256.5411  157   16 18385.8000 14336.0321  22.0%  86.8  370s
 15988 12832 16943.4293   88   56 18385.8000 14337.3053  22.0%  87.4  377s
 16146 13093 15619.2433   55  233 18385.8000 14337.3448  22.0%  87.4  382s
 16495 13125     cutoff  184      18385.8000 14337.9290  22.0%  86.6  386s
 16564 13189 14900.7663   40  277 18385.8000 14337.9303  22.0%  87.4  390s
 16590 13526 16307.2931   81   81 18385.8000 14337.9597  22.0%  87.7  395s
 16985 13716 14535.5007   34  319 18385.8000 14340.0529  22.0%  86.6  400s
 17200 13938 15508.8644   57  251 18385.8000 14341.4447  22.0%  86.3  405s
 17632 14281     cutoff  187      18385.8000 14344.5126  22.0%  85.6  413s
 17908 14407 14535.3643   33  405 18385.8000 14345.9082  22.0%  85.2  418s
 18055 14428 14938.4754   53  305 18385.8000 14345.9082  22.0%  85.2  421s
 18165 14530 14515.1783   32  404 18385.8000 14345.9082  22.0%  85.4  425s
 18351 14824 infeasible   47      18385.8000 14347.4702  22.0%  85.6  433s
 18530 14889 14897.6192   36  394 18385.8000 14348.4213  22.0%  85.6  437s
 18596 15025 17039.7395   85  108 18385.8000 14350.0379  22.0%  86.1  441s
 18743 15091 15165.0433   38  320 18385.8000 14350.0379  22.0%  86.1  445s
 18970 15287     cutoff  144      18385.8000 14353.8179  21.9%  86.3  453s
 19051 15437 15021.8569   51  326 18385.8000 14353.8179  21.9%  86.6  458s
 19210 15697 16422.9793  116   78 18385.8000 14355.2043  21.9%  86.4  462s
 19505 15742 14818.9934   42  299 18385.8000 14355.9196  21.9%  85.8  467s
 19550 15977 15219.8765   65  149 18385.8000 14357.2998  21.9%  86.1  473s
 19830 16101 17080.9900  219    - 18385.8000 14357.3580  21.9%  85.7  478s
 19971 16210 14818.6628   34  283 18385.8000 14357.3580  21.9%  85.8  482s
 20078 16354 15232.7325   39  252 18385.8000 14357.3580  21.9%  86.1  486s
 20253 16547 16133.1434   69   42 18385.8000 14358.5532  21.9%  86.1  492s
 20474 16712 17182.6304  115   83 18385.8000 14361.1507  21.9%  85.9  496s
 20660 16934 15018.0304   42  283 18385.8000 14361.8001  21.9%  85.6  501s
 20967 16984 14796.2365   38  283 18385.8000 14362.6476  21.9%  85.1  506s
 21038 17137 14680.1982   35  352 18385.8000 14363.6050  21.9%  85.4  510s
 21256 17372 16389.9972  108  179 18385.8000 14364.2294  21.9%  85.3  515s
 21559 17455 14850.0082   42  329 18385.8000 14364.5568  21.9%  85.4  523s
 21614 17690 15368.6192   57  186 18385.8000 14365.5240  21.9%  85.9  528s
 21898 17714 18118.4900  222   28 18385.8000 14366.1365  21.9%  85.6  536s
 21947 17732 14595.5682   33  330 18385.8000 14366.7044  21.9%  85.7  541s
 22060 17879 14662.7943   32  363 18385.8000 14366.7044  21.9%  86.6  548s
 22144 17935 15030.6082   38  296 18385.8000 14366.7044  21.9%  86.9  552s
 22215 17978 15372.8472   43  284 18385.8000 14366.7044  21.9%  87.2  556s
 22257 18144 16725.8111   60   81 18385.8000 14369.7383  21.8%  87.4  563s
 22525 18203     cutoff  128      18385.8000 14370.0198  21.8%  87.0  567s
 22558 18460 15006.0739   33  385 18385.8000 14370.0198  21.8%  87.4  573s
 22843 18665 15947.4574   52  291 18385.8000 14370.0198  21.8%  87.1  579s
 22897 18665 16829.7340  106  109 18385.8000 14370.0198  21.8%  87.1  580s
 23171 18863 14603.3188   33  300 18385.8000 14371.6830  21.8%  86.9  589s
