




arguments: ./build/mirp_solver -f ./input/orig_exec_91.cfg
Current dir: /scratch/gui/bnc_mirp
File verbosity level: 9
date       time         ( uptime  ) [ thread name/id ]                   file:line     v| 
2021-01-09 17:28:56.491 (   0.033s) [main thread     ]             loguru.cpp:789   INFO| Logging to './output/vi_lex_quarter/OU/V2/Original/execution_09_01_2021_17_28_56.log', mode: 'a', verbosity: 9
--------------------------------------------------------------------------------
Parameters
                           instance_path           ./input/Instances/Original/3/
                            model_policy                                       1
                             nb_vehicles                                       2
                              output_dir ./output/vi_lex_quarter/OU/V2/Original/
                            sec_strategy                                       1
                       solver_nb_threads                                       2
                         solver_show_log                                    true
                       solver_time_limit                                    3600
                              use_vi_cos                                   false
                              use_vi_cus                                   false
                         use_vi_hc1_full                                   false
                         use_vi_hc1_half                                   false
                      use_vi_hc1_quarter                                   false
                              use_vi_hc2                                   false
                              use_vi_hc3                                   false
                         use_vi_lex_full                                   false
                         use_vi_lex_half                                   false
                      use_vi_lex_quarter                                    true
                              use_vi_qua                                   false
                               use_vi_vc                                   false
                               use_vi_vr                                   false
--------------------------------------------------------------------------------
executing instance: ./input/Instances/Original/3/absH3low_2n5.dat
--------------------------------------------------------------------------------
Instance details
n	6
H	3
C	237
Li:
[0, 0, 0, 0, 0, 0, ]
Ui:
[0, 93, 180, 51, 114, 24, ]
Distance matrix:
|0	170	318	35	112	235	|
|170	0	311	205	258	301	|
|318	311	0	326	278	137	|
|35	205	326	0	89	230	|
|112	258	278	89	0	160	|
|235	301	137	230	160	0	|

--------------------------------------------------------------------------------
Building model...
	using lazy and cut (CVRPSEP package)
Solving IRP LP...
--------------------------------------------------------------------------------

Gurobi 9.1.0 (linux64) logging started Sat Jan  9 17:28:56 2021

Gurobi Optimizer version 9.1.0 build v9.1.0rc0 (linux64)
Thread count: 32 physical cores, 32 logical processors, using up to 2 threads
Optimize a model with 132 rows, 180 columns and 573 nonzeros
Model fingerprint: 0xdb37940d
Variable types: 54 continuous, 126 integer (36 binary)
Coefficient statistics:
  Matrix range     [1e+00, 2e+02]
  Objective range  [1e-02, 3e+02]
  Bounds range     [1e+00, 2e+02]
  RHS range        [1e+01, 5e+02]
Presolve removed 40 rows and 22 columns
Presolve time: 0.01s
Presolved: 92 rows, 158 columns, 457 nonzeros
Variable types: 32 continuous, 126 integer (96 binary)
Found heuristic solution: objective 1842.5200000
Found heuristic solution: objective 1828.8300000

Root relaxation: objective 5.780448e+02, 86 iterations, 0.00 seconds

    Nodes    |    Current Node    |     Objective Bounds      |     Work
 Expl Unexpl |  Obj  Depth IntInf | Incumbent    BestBd   Gap | It/Node Time

     0     0  578.04476    0   14 1828.83000  578.04476  68.4%     -    0s
     0     0  689.72883    0   20 1828.83000  689.72883  62.3%     -    0s
     0     0  844.80912    0   24 1828.83000  844.80912  53.8%     -    0s
     0     0 1177.97805    0   27 1828.83000 1177.97805  35.6%     -    0s
H    0     0                    1641.7300000 1177.97805  28.2%     -    0s
     0     0 1211.55250    0   31 1641.73000 1211.55250  26.2%     -    0s
     0     0 1388.06440    0   51 1641.73000 1388.06440  15.5%     -    0s
H    0     0                    1464.9000000 1388.06440  5.25%     -    0s
     0     0 1401.07000    0    4 1464.90000 1401.07000  4.36%     -    0s
     0     0 1406.16817    0   42 1464.90000 1406.16817  4.01%     -    0s
     0     0 1406.16817    0   15 1464.90000 1406.16817  4.01%     -    0s
     0     0 1406.16817    0   31 1464.90000 1406.16817  4.01%     -    0s
H    0     0                    1464.7300000 1406.16817  4.00%     -    0s
     0     0 1406.16817    0    4 1464.73000 1406.16817  4.00%     -    0s
     0     0 1410.15513    0   24 1464.73000 1410.15513  3.73%     -    0s
     0     0 1419.91311    0   33 1464.73000 1419.91311  3.06%     -    0s
H    0     0                    1449.5600000 1419.91311  2.05%     -    0s
     0     0 1426.74687    0   31 1449.56000 1426.74687  1.57%     -    0s
*    0     0               0    1437.9000000 1437.90000  0.00%     -    0s

Cutting planes:
  User: 1
  Gomory: 1
  Cover: 10
  Implied bound: 1
  Clique: 3
  MIR: 11
  Flow cover: 18
  RLT: 6
  Relax-and-lift: 3

Explored 1 nodes (529 simplex iterations) in 0.10 seconds
Thread count was 2 (of 32 available processors)

Solution count 7: 1437.9 1449.56 1464.73 ... 1842.52

Optimal solution found (tolerance 1.00e-04)
Best objective 1.437900000000e+03, best bound 1.437900000000e+03, gap 0.0000%

User-callback calls 191, time in user-callback 0.00 sec
================================================================================
executing instance: ./input/Instances/Original/3/absH3high_5n30.dat
--------------------------------------------------------------------------------
Instance details
n	31
H	3
C	2296
Li:
[0, 0, 0, 0, 0, 0, 0, 0, 0, 0, 0, 0, 0, 0, 0, 0, 0, 0, 0, 0, 0, 0, 0, 0, 0, 0, 0, 0, 0, 0, 0, ]
Ui:
[0, 80, 90, 297, 28, 264, 123, 192, 112, 32, 72, 88, 294, 129, 126, 105, 110, 237, 246, 92, 72, 147, 54, 96, 128, 96, 84, 28, 74, 196, 192, ]
Distance matrix:
|0	87	302	65	389	171	219	120	412	339	129	63	169	401	383	158	393	161	246	275	64	287	345	235	13	274	106	201	85	358	135	|
|87	0	334	128	402	212	301	204	465	384	187	145	232	424	454	238	475	245	289	352	80	307	352	321	81	352	20	261	170	376	215	|
|302	334	0	239	113	132	237	334	157	70	404	263	162	105	227	229	339	251	65	217	259	53	107	352	293	220	339	134	270	75	235	|
|65	128	239	0	330	107	175	130	348	275	174	40	107	339	326	114	351	125	181	224	58	228	290	222	58	224	143	138	65	297	92	|
|389	402	113	330	0	226	349	438	210	151	502	360	269	48	316	339	441	362	175	328	335	102	55	465	377	330	401	245	371	37	342	|
|171	212	132	107	226	0	169	214	253	173	276	134	64	233	261	130	326	153	77	188	133	125	192	264	162	190	220	68	145	193	125	|
|219	301	237	175	349	169	0	157	257	223	244	157	105	334	180	62	175	61	177	63	233	264	334	118	221	61	317	112	136	312	85	|
|120	204	334	130	438	214	157	0	402	348	88	90	173	438	336	115	307	100	269	220	172	338	406	122	130	218	224	204	69	403	101	|
|412	465	157	348	210	253	257	402	0	88	486	359	245	166	129	287	266	303	178	204	386	208	239	370	406	207	473	212	354	187	304	|
|339	384	70	275	151	173	223	348	88	0	427	291	179	120	166	234	290	254	96	187	306	123	166	342	332	190	391	145	291	119	247	|
|129	187	404	174	502	276	244	88	486	427	0	142	248	508	424	200	390	187	342	308	193	400	464	192	142	306	207	281	136	469	182	|
|63	145	263	40	360	134	157	90	359	291	142	0	114	366	321	95	331	99	202	212	90	258	323	186	65	211	163	148	27	327	72	|
|169	232	162	107	269	64	105	173	245	179	248	114	0	266	222	71	268	94	97	131	155	173	244	203	164	132	245	34	113	233	73	|
|401	424	105	339	48	233	334	438	166	120	508	366	266	0	280	332	409	355	169	305	353	117	96	452	391	308	425	237	374	49	339	|
|383	454	227	326	316	261	180	336	129	166	424	321	222	280	0	231	137	238	208	116	376	277	331	272	381	118	467	197	307	285	253	|
|158	238	229	114	339	130	62	115	287	234	200	95	71	332	231	0	238	23	164	118	171	243	314	134	159	117	255	95	77	302	23	|
|393	475	339	351	441	326	175	307	266	290	390	331	268	409	137	238	0	232	300	138	408	383	445	204	395	136	492	258	308	406	260	|
|161	245	251	125	362	153	61	100	303	254	187	99	94	355	238	23	232	0	187	123	183	267	338	111	164	121	262	117	77	325	34	|
|246	289	65	181	175	77	177	269	178	96	342	202	97	169	208	164	300	187	0	168	210	87	157	290	238	171	296	70	206	138	170	|
|275	352	217	224	328	188	63	220	204	187	308	212	131	305	116	118	138	123	168	0	279	255	322	166	275	3	367	120	195	291	141	|
|64	80	259	58	335	133	233	172	386	306	193	90	155	353	376	171	408	183	210	279	0	236	289	276	51	279	90	182	117	307	150	|
|287	307	53	228	102	125	264	338	208	123	400	258	173	117	277	243	383	267	87	255	236	0	71	374	276	257	308	153	270	71	245	|
|345	352	107	290	55	192	334	406	239	166	464	323	244	96	331	314	445	338	157	322	289	71	0	445	334	325	350	224	337	54	315	|
|235	321	352	222	465	264	118	122	370	342	192	186	203	452	272	134	204	111	290	166	276	374	445	0	243	164	341	221	159	428	142	|
|13	81	293	58	377	162	221	130	406	332	142	65	164	391	381	159	395	164	238	275	51	276	334	243	0	274	100	196	89	347	136	|
|274	352	220	224	330	190	61	218	207	190	306	211	132	308	118	117	136	121	171	3	279	257	325	164	274	0	367	122	194	294	140	|
|106	20	339	143	401	220	317	224	473	391	207	163	245	425	467	255	492	262	296	367	90	308	350	341	100	367	0	272	188	377	232	|
|201	261	134	138	245	68	112	204	212	145	281	148	34	237	197	95	258	117	70	120	182	153	224	221	196	122	272	0	146	208	103	|
|85	170	270	65	371	145	136	69	354	291	136	27	113	374	307	77	308	77	206	195	117	270	337	159	89	194	188	146	0	337	54	|
|358	376	75	297	37	193	312	403	187	119	469	327	233	49	285	302	406	325	138	291	307	71	54	428	347	294	377	208	337	0	306	|
|135	215	235	92	342	125	85	101	304	247	182	72	73	339	253	23	260	34	170	141	150	245	315	142	136	140	232	103	54	306	0	|

--------------------------------------------------------------------------------
Building model...
	using lazy and cut (CVRPSEP package)
Solving IRP LP...
--------------------------------------------------------------------------------

Gurobi 9.1.0 (linux64) logging started Sat Jan  9 17:28:56 2021

Gurobi Optimizer version 9.1.0 build v9.1.0rc0 (linux64)
Thread count: 32 physical cores, 32 logical processors, using up to 2 threads
Optimize a model with 682 rows, 3280 columns and 7834 nonzeros
Model fingerprint: 0x14b2656d
Variable types: 304 continuous, 2976 integer (186 binary)
Coefficient statistics:
  Matrix range     [1e+00, 1e+03]
  Objective range  [1e-01, 5e+02]
  Bounds range     [1e+00, 3e+02]
  RHS range        [1e+01, 4e+03]
Presolve removed 217 rows and 153 columns
Presolve time: 0.06s
Presolved: 465 rows, 3127 columns, 7070 nonzeros
Variable types: 182 continuous, 2945 integer (2766 binary)

Root relaxation: objective 8.845852e+03, 434 iterations, 0.01 seconds

    Nodes    |    Current Node    |     Objective Bounds      |     Work
 Expl Unexpl |  Obj  Depth IntInf | Incumbent    BestBd   Gap | It/Node Time

     0     0 8845.85168    0   79          - 8845.85168      -     -    0s
     0     0 9232.64180    0   99          - 9232.64180      -     -    0s
     0     0 9241.15906    0  109          - 9241.15906      -     -    0s
     0     0 9706.15944    0   97          - 9706.15944      -     -    0s
     0     0 9736.52458    0  126          - 9736.52458      -     -    0s
     0     0 9764.60889    0  136          - 9764.60889      -     -    0s
     0     0 9765.55400    0  121          - 9765.55400      -     -    0s
     0     0 9823.98979    0  150          - 9823.98979      -     -    0s
     0     0 9828.02460    0  198          - 9828.02460      -     -    0s
     0     0 9828.18435    0  189          - 9828.18435      -     -    0s
     0     0 9848.93688    0  205          - 9848.93688      -     -    0s
     0     0 9853.86486    0  190          - 9853.86486      -     -    0s
     0     0 9855.44901    0  191          - 9855.44901      -     -    0s
     0     0 9856.33135    0  219          - 9856.33135      -     -    0s
     0     0 9863.09091    0  188          - 9863.09091      -     -    0s
     0     0 9863.85353    0  145          - 9863.85353      -     -    0s
     0     2 9865.01860    0  123          - 9865.01860      -     -    0s
*  242   241              97    10938.660000 9870.66665  9.76%  64.5    2s
*  243   241              98    10937.540000 9870.66665  9.75%  64.3    2s
H  435   419                    10928.540000 9886.42482  9.54%  67.9    4s
   445   419 9976.11124    5  195 10928.5400 9886.42482  9.54%  67.2    5s
H  725   639                    10920.540000 9893.25788  9.41%  61.8    8s
H  726   607                    10899.660000 9893.25788  9.23%  61.8    8s
   742   618 10829.3300   89  232 10899.6600 9979.73024  8.44%  60.4   10s
H  747   589                    10886.660000 9989.38673  8.24%  60.0   10s
   770   608 10018.5525   17  245 10886.6600 10010.2848  8.05%  65.6   15s
H  822   611                    10843.980000 10043.7069  7.38%  74.7   17s
   900   673 10621.0257   52   71 10843.9800 10043.7069  7.38%  79.4   20s
*  943   660              64    10813.510000 10043.7069  7.12%  79.3   20s
  1080   716 10453.5931   30  149 10813.5100 10043.9809  7.12%  81.9   25s
  1263   811 10321.7855   31   68 10813.5100 10047.7377  7.08%  86.2   30s
  1495   948     cutoff   53      10813.5100 10054.9303  7.02%  83.2   35s
  1797  1089 10626.3147   69   59 10813.5100 10071.2131  6.86%  81.6   41s
  1943  1124 10593.3467   34  101 10813.5100 10077.2866  6.81%  86.2   45s
  2107  1196 10378.6759   24  213 10813.5100 10086.5865  6.72%  87.5   50s
H 2137  1131                    10781.680000 10086.5865  6.45%  87.5   50s
  2286  1195 10347.2143   24  183 10781.6800 10132.5568  6.02%  88.4   55s
  2429  1300 10319.6946   26  139 10781.6800 10144.4810  5.91%  89.4   60s
  2664  1475 10337.4774   32   50 10781.6800 10148.8258  5.87%  87.5   65s
  2899  1626 10612.6500   49   22 10781.6800 10157.5189  5.79%  88.2   70s
  3044  1756 10430.1322   33  178 10781.6800 10158.7660  5.78%  91.2   76s
  3214  1885     cutoff   73      10781.6800 10161.3040  5.75%  91.9   81s
  3451  2083 10726.9000   40   12 10781.6800 10161.7181  5.75%  90.5   86s
  3579  2186 10697.7695   69   31 10781.6800 10166.4833  5.71%  90.5   90s
  3758  2324 10293.6014   28  161 10781.6800 10173.3740  5.64%  91.1   95s
  3983  2490 10709.9649   24  148 10781.6800 10174.7251  5.63%  91.1  100s
  4233  2692 10280.8986   28  225 10781.6800 10180.9247  5.57%  90.3  107s
  4341  2769     cutoff   45      10781.6800 10183.1863  5.55%  91.3  110s
  4591  2941 10743.4317   49   19 10781.6800 10186.8639  5.52%  91.6  117s
  4703  3007 10685.3215   53   59 10781.6800 10190.6219  5.48%  92.4  121s
  4908  3127 10724.8430   49  128 10781.6800 10193.0445  5.46%  93.7  128s
  4990  3233 10597.3072   35   49 10781.6800 10193.4435  5.46%  93.9  131s
  5138  3304     cutoff   50      10781.6800 10196.7874  5.42%  94.2  136s
  5224  3422 10690.0954   53   89 10781.6800 10199.8544  5.40%  95.7  140s
  5515  3640 10723.5300   50    - 10781.6800 10208.4508  5.32%  96.1  148s
  5632  3727 10536.4218   50   82 10781.6800 10209.7679  5.30%  97.4  153s
  5797  3877 10591.3774   60   20 10781.6800 10210.5007  5.30%  96.7  158s
  5985  4043 10689.0525   32   96 10781.6800 10214.0447  5.26%  96.7  163s
  6227  4174 10433.0517   27   67 10781.6800 10216.9580  5.24%  96.1  168s
  6390  4283     cutoff   61      10781.6800 10217.3111  5.23%  96.7  173s
  6533  4385 10596.6177   35  158 10781.6800 10218.7913  5.22%  96.7  177s
  6698  4508     cutoff   41      10781.6800 10219.9512  5.21%  96.9  183s
  6868  4558 10374.8785   31  223 10781.6800 10221.3607  5.20%  96.8  188s
  6948  4689 10296.8365   28  127 10781.6800 10222.7513  5.18%  97.3  193s
  7163  4842 10635.9535   58   22 10781.6800 10225.0558  5.16%  96.8  198s
  7363  4935 10684.4355   64   30 10781.6800 10227.5584  5.14%  96.6  203s
  7537  4986 infeasible   63      10781.6800 10228.6515  5.13%  96.8  208s
H 7540  4811                    10745.730000 10228.6515  4.81%  96.8  208s
  7631  4925 10568.7233   30  110 10745.7300 10229.2985  4.81%  97.6  213s
  7813  5031     cutoff   52      10745.7300 10230.8903  4.79%  97.9  219s
  7978  5175 10518.1275   36   60 10745.7300 10232.9900  4.77%  98.0  224s
  8168  5310 infeasible   59      10745.7300 10233.7131  4.76%  97.9  229s
  8350  5371 10442.9915   32  152 10745.7300 10236.3834  4.74%  98.0  234s
  8490  5431 10389.6425   25   94 10745.7300 10237.3663  4.73%  98.3  239s
  8588  5597 10388.5927   28   67 10745.7300 10237.7453  4.73%  98.8  245s
  8808  5690 10659.7487   48   30 10745.7300 10239.4495  4.71%  98.3  250s
  8921  5795 10575.8811   30  133 10745.7300 10243.2437  4.68%  98.5  256s
  9095  5894 infeasible   42      10745.7300 10244.3262  4.67%  98.7  261s
  9243  6006     cutoff   46      10745.7300 10245.9226  4.65%  99.1  267s
  9399  6182 10743.6771   44   33 10745.7300 10249.0108  4.62%  99.5  273s
H 9627  6240                    10737.610000 10250.2187  4.54%  98.7  278s
  9791  6378     cutoff   40      10737.6100 10253.7976  4.51%  98.8  284s
  9973  6489 10542.4240   34  106 10737.6100 10256.5682  4.48%  98.9  289s
 10154  6611 10708.4938   44   20 10737.6100 10257.5206  4.47%  99.1  295s
 10325  6693 10443.0004   26  107 10737.6100 10259.4881  4.45%  99.5  301s
 10448  6751 10415.4139   33  176 10737.6100 10260.8458  4.44%   100  307s
 10593  6848 10551.6707   27  169 10737.6100 10261.6786  4.43%   100  312s
 10739  6917 10550.0555   30  212 10737.6100 10262.4927  4.42%   101  317s
 10853  7013     cutoff   45      10737.6100 10264.0054  4.41%   101  322s
 10983  7142 10475.5699   45  114 10737.6100 10265.0623  4.40%   101  328s
 11182  7187     cutoff   54      10737.6100 10266.7150  4.39%   101  333s
 11250  7289 10536.0642   34   92 10737.6100 10267.3445  4.38%   102  339s
 11408  7333     cutoff   68      10737.6100 10267.6570  4.38%   102  345s
 11514  7425 10501.2760   27   57 10737.6100 10268.3478  4.37%   103  350s
 11682  7538 10590.4700   41    8 10737.6100 10269.0872  4.36%   103  356s
 11851  7678     cutoff   50      10737.6100 10270.5440  4.35%   103  362s
 12048  7770     cutoff   65      10737.6100 10272.8110  4.33%   103  367s
 12186  7842 10691.9544   43   53 10737.6100 10273.6290  4.32%   104  374s
 12359  7962 10442.0709   36    8 10737.6100 10274.7902  4.31%   104  379s
 12533  8022 10475.6315   29  166 10737.6100 10275.9557  4.30%   104  384s
 12658  8087 10543.6843   32   90 10737.6100 10277.3441  4.29%   104  390s
 12768  8123 10549.9818   30  185 10737.6100 10277.6465  4.28%   105  395s
 12834  8220 10406.9049   33  123 10737.6100 10279.0982  4.27%   105  401s
 12993  8291 infeasible   61      10737.6100 10279.7938  4.26%   106  407s
 13094  8357 10516.4914   36  189 10737.6100 10281.0732  4.25%   106  413s
 13253  8472     cutoff   59      10737.6100 10282.4136  4.24%   107  419s
 13411  8566 10549.4570   26  157 10737.6100 10282.9767  4.23%   107  425s
 13555  8662 10494.3355   33  121 10737.6100 10284.0028  4.22%   107  431s
 13735  8757 10548.7294   45   19 10737.6100 10285.2485  4.21%   107  438s
 13879  8838     cutoff   56      10737.6100 10286.1085  4.20%   107  444s
 14006  8900 10683.4441   34   65 10737.6100 10287.9474  4.19%   107  451s
 14136  9032     cutoff   38      10737.6100 10288.0792  4.19%   108  457s
 14330  9114 10701.7142   53   22 10737.6100 10288.8650  4.18%   108  463s
 14492  9189     cutoff   54      10737.6100 10290.2348  4.17%   108  469s
 14615  9303 10398.0612   28  226 10737.6100 10290.4184  4.16%   108  475s
 14778  9439     cutoff   48      10737.6100 10290.6781  4.16%   108  482s
 14974  9534 10692.3245   58   40 10737.6100 10292.2269  4.15%   108  487s
 15126  9635 10622.2710   57   75 10737.6100 10293.3469  4.14%   108  494s
 15281  9756 10320.5614   26  163 10737.6100 10293.8601  4.13%   108  499s
 15350  9756 10645.4427   65   24 10737.6100 10293.8601  4.13%   108  500s
 15450  9865 10571.5074   42   49 10737.6100 10294.8101  4.12%   108  505s
 15639  9961     cutoff   52      10737.6100 10295.9077  4.11%   108  511s
 15819 10065 10527.6362   44   83 10737.6100 10296.1814  4.11%   108  517s
 15964 10165 10660.3644   42   97 10737.6100 10296.5769  4.11%   108  523s
 16102 10187 10570.0632   40  137 10737.6100 10297.3657  4.10%   108  529s
 16148 10332 10474.8102   29  177 10737.6100 10297.4813  4.10%   108  535s
 16349 10414 10639.8296   41   94 10737.6100 10297.8953  4.10%   108  541s
 16485 10489 10619.9133   35   10 10737.6100 10298.1021  4.09%   109  547s
 16594 10640 10624.9340   36   57 10737.6100 10298.3216  4.09%   109  553s
 16813 10774     cutoff   62      10737.6100 10298.8308  4.09%   109  559s
 16981 10859 10568.5063   60   79 10737.6100 10299.6147  4.08%   109  566s
 17086 10922     cutoff   55      10737.6100 10299.8876  4.08%   109  571s
 17266 11064 10679.9300   43    4 10737.6100 10300.1522  4.07%   109  578s
 17491 11169 infeasible   52      10737.6100 10301.3144  4.06%   109  583s
 17627 11278 10556.1770   49   93 10737.6100 10301.7481  4.06%   109  626s
 17780 11372     cutoff   56      10737.6100 10302.2331  4.05%   109  633s
 17949 11519 10431.8978   33   24 10737.6100 10302.9225  4.05%   109  640s
 18163 11625 10622.9733   36  153 10737.6100 10303.2924  4.04%   109  646s
 18326 11680     cutoff   34      10737.6100 10304.8159  4.03%   109  652s
 18433 11758     cutoff   35      10737.6100 10305.0139  4.03%   110  658s
 18596 11868 10429.3676   29  193 10737.6100 10305.6111  4.02%   110  665s
 18744 11996 10508.7738   29   74 10737.6100 10305.9779  4.02%   110  671s
 18919 12071 10644.7506   47  127 10737.6100 10306.3522  4.02%   110  678s
 19038 12170 10503.8305   30  128 10737.6100 10307.2461  4.01%   110  684s
 19199 12285 10550.9331   28  103 10737.6100 10307.6461  4.00%   110  691s
 19402 12366 10561.6900   42    4 10737.6100 10308.2185  4.00%   110  697s
 19513 12462     cutoff   59      10737.6100 10308.7646  3.99%   110  704s
 19657 12542     cutoff   50      10737.6100 10309.7480  3.98%   110  710s
 19820 12624 10552.4381   28  110 10737.6100 10310.5653  3.98%   110  717s
 19955 12716     cutoff   47      10737.6100 10310.8295  3.97%   110  723s
 20102 12819     cutoff   56      10737.6100 10311.3930  3.97%   110  730s
 20292 12937 infeasible   66      10737.6100 10311.8704  3.96%   110  736s
 20474 13049     cutoff   45      10737.6100 10312.1730  3.96%   110  742s
 20630 13154 10541.1875   32  133 10737.6100 10312.7854  3.96%   110  749s
 20787 13249     cutoff   59      10737.6100 10313.0475  3.95%   111  755s
 20900 13314     cutoff   40      10737.6100 10313.2932  3.95%   111  761s
 21052 13398     cutoff   55      10737.6100 10313.7855  3.95%   111  767s
 21201 13497     cutoff   58      10737.6100 10314.6609  3.94%   111  774s
 21333 13608     cutoff   68      10737.6100 10314.9506  3.94%   111  780s
 21527 13726 10504.1850   43   51 10737.6100 10316.6620  3.92%   111  787s
 21743 13823     cutoff   56      10737.6100 10316.8045  3.92%   111  794s
 21884 13905 10688.9729   31   79 10737.6100 10317.6468  3.91%   111  801s
 22020 14029 10526.8725   40  170 10737.6100 10317.8098  3.91%   111  808s
 22209 14054 10526.5154   33   95 10737.6100 10318.1244  3.91%   111  817s
 22269 14150 10700.5141   41   37 10737.6100 10318.5092  3.90%   111  824s
 22316 14150 10717.3671   45   33 10737.6100 10318.6224  3.90%   111  825s
 22439 14246 10448.5515   32  184 10737.6100 10318.7286  3.90%   111  831s
 22565 14331 10499.9639   27  107 10737.6100 10319.1959  3.90%   111  838s
 22731 14439 10625.7514   32   30 10737.6100 10319.4185  3.89%   111  845s
 22905 14552     cutoff   35      10737.6100 10319.6799  3.89%   111  852s
 23072 14663 10443.4902   33   81 10737.6100 10320.0125  3.89%   111  859s
 23241 14780     cutoff   47      10737.6100 10320.1919  3.89%   111  866s
 23414 14877 10657.2201   47   76 10737.6100 10320.5394  3.88%   111  873s
 23580 14937     cutoff   51      10737.6100 10320.8020  3.88%   111  879s
 23679 15051 10458.4647   34  118 10737.6100 10321.3084  3.88%   111  886s
 23871 15130 10565.0224   36  117 10737.6100 10321.8689  3.87%   111  893s
 24037 15222 10587.8352   32  120 10737.6100 10322.1681  3.87%   111  900s
 24181 15314     cutoff   43      10737.6100 10322.3699  3.87%   112  907s
 24309 15411 10402.3173   25  186 10737.6100 10322.6157  3.86%   112  915s
 24450 15492 10647.3237   49   83 10737.6100 10322.7650  3.86%   112  923s
 24602 15576 10607.9803   32   46 10737.6100 10322.9476  3.86%   112  929s
 24754 15633 10587.7578   43  128 10737.6100 10323.1671  3.86%   112  935s
 24860 15705 10723.7475   27  122 10737.6100 10323.2187  3.86%   112  942s
 24980 15758     cutoff   36      10737.6100 10323.5562  3.86%   112  948s
 25136 15831 10668.6432   37  198 10737.6100 10324.7053  3.85%   112  955s
 25269 15907     cutoff   59      10737.6100 10324.8939  3.84%   112  962s
 25419 15997     cutoff   60      10737.6100 10325.3489  3.84%   113  969s
 25551 16061     cutoff   56      10737.6100 10326.2144  3.83%   113  976s
 25709 16165     cutoff   45      10737.6100 10326.9683  3.82%   113  984s
 25882 16238 10549.8848   32   63 10737.6100 10327.4858  3.82%   113  991s
 25999 16276 10590.8115   33  178 10737.6100 10327.5690  3.82%   113  998s
 26122 16344 10670.4585   41  143 10737.6100 10328.1790  3.81%   113 1004s
 26231 16467 10388.0987   29  178 10737.6100 10328.4257  3.81%   113 1013s
 26405 16560     cutoff   60      10737.6100 10328.6304  3.81%   113 1021s
 26570 16675 10538.4277   58   15 10737.6100 10329.2284  3.80%   113 1029s
 26648 16675 10580.8603   50   22 10737.6100 10329.2284  3.80%   113 1030s
 26816 16761     cutoff   66      10737.6100 10329.4604  3.80%   113 1036s
 26948 16820     cutoff   66      10737.6100 10329.8806  3.80%   113 1043s
 27040 16950     cutoff   64      10737.6100 10330.1800  3.79%   113 1051s
 27244 17038 10698.1765   69    3 10737.6100 10330.6960  3.79%   113 1058s
 27383 17081 10712.8066   46   63 10737.6100 10331.3843  3.78%   113 1065s
 27480 17163 10530.7790   34  147 10737.6100 10331.5951  3.78%   113 1072s
 27644 17238     cutoff   30      10737.6100 10331.8086  3.78%   113 1080s
 27786 17330     cutoff   58      10737.6100 10332.1246  3.78%   113 1087s
 27936 17424 10535.1756   38  111 10737.6100 10332.4203  3.77%   113 1094s
 28071 17522     cutoff   55      10737.6100 10332.8890  3.77%   113 1101s
 28229 17598 10645.8054   31  161 10737.6100 10333.1282  3.77%   113 1108s
 28364 17651     cutoff   52      10737.6100 10333.4063  3.76%   113 1115s
 28482 17711 10498.8241   38  179 10737.6100 10334.2474  3.76%   113 1123s
 28590 17789 10687.3449   47   18 10737.6100 10334.6751  3.75%   113 1130s
 28739 17859     cutoff   52      10737.6100 10335.4881  3.74%   113 1137s
 28834 17932     cutoff   48      10737.6100 10335.8042  3.74%   113 1144s
 28964 18019 10590.0028   32   65 10737.6100 10337.0174  3.73%   113 1151s
 29114 18066     cutoff   57      10737.6100 10337.5006  3.73%   113 1157s
 29214 18140 infeasible   27      10737.6100 10337.9335  3.72%   114 1165s
 29334 18231     cutoff   49      10737.6100 10338.4539  3.72%   114 1172s
 29453 18326 infeasible   68      10737.6100 10338.9696  3.71%   114 1179s
 29613 18428     cutoff   54      10737.6100 10339.6181  3.71%   114 1187s
 29768 18481     cutoff   60      10737.6100 10339.8074  3.70%   114 1194s
 29871 18585 10703.9343   40   69 10737.6100 10340.1767  3.70%   114 1201s
 30050 18670     cutoff   47      10737.6100 10340.7783  3.70%   114 1208s
 30177 18740     cutoff   41      10737.6100 10341.3975  3.69%   114 1215s
 30284 18850 10458.7731   30   39 10737.6100 10341.8851  3.69%   114 1222s
 30447 18885     cutoff   64      10737.6100 10342.2224  3.68%   114 1229s
 30546 18948     cutoff   37      10737.6100 10342.4852  3.68%   114 1236s
 30691 19027     cutoff   57      10737.6100 10343.0243  3.67%   114 1243s
 30811 19064 10600.4584   31  188 10737.6100 10343.4773  3.67%   114 1250s
 30901 19142 10493.1116   33  158 10737.6100 10343.8106  3.67%   114 1258s
 31027 19217     cutoff   51      10737.6100 10344.1201  3.66%   114 1266s
 31137 19268 10441.6494   29  183 10737.6100 10344.2551  3.66%   114 1274s
 31240 19334 10626.2447   36  111 10737.6100 10344.4090  3.66%   114 1282s
 31374 19417 10571.4168   40   57 10737.6100 10344.7369  3.66%   114 1289s
 31509 19468     cutoff   47      10737.6100 10344.8771  3.66%   115 1296s
 31625 19544 10577.7157   41  106 10737.6100 10345.4053  3.65%   115 1303s
 31764 19616 10494.8432   27  212 10737.6100 10345.7702  3.65%   115 1311s
 31916 19689 10407.7927   37  196 10737.6100 10346.0644  3.65%   115 1319s
 32043 19693 10411.1821   40  145 10737.6100 10346.2662  3.64%   115 1610s
 32049 19697 10452.2639   34  677 10737.6100 10346.2662  3.64%   115 1615s
 32053 19700 10549.4831   27  733 10737.6100 10346.2662  3.64%   115 1620s
 32058 19703 10678.5295   46  921 10737.6100 10346.2662  3.64%   115 1625s
 32060 19704 10615.3345   37  947 10737.6100 10346.2662  3.64%   115 1640s
 32063 19709 10346.2662   29  956 10737.6100 10346.2662  3.64%   115 1671s
 32065 19711 10346.2662   30  862 10737.6100 10346.2662  3.64%   115 1697s
 32067 19712 10346.2662   30  831 10737.6100 10346.2662  3.64%   115 1720s
 32069 19713 10346.2662   31  811 10737.6100 10346.2662  3.64%   115 1743s
 32071 19715 10346.2662   31  611 10737.6100 10346.2662  3.64%   115 1757s
 32073 19718 10346.2662   32  855 10737.6100 10346.2662  3.64%   115 1767s
 32077 19721 10346.2662   33  857 10737.6100 10346.2662  3.64%   115 1773s
 32081 19723 10346.2662   34  797 10737.6100 10346.2662  3.64%   115 1776s
 32091 19732 10502.8916   36  743 10737.6100 10346.2662  3.64%   115 1783s
 32097 19735 10607.7335   38  441 10737.6100 10346.2662  3.64%   115 1786s
 32111 19741     cutoff   41      10737.6100 10346.2662  3.64%   115 1790s
 32132 19747 10346.2662   32  797 10737.6100 10346.2662  3.64%   115 1797s
 32153 19745 10346.2662   34  805 10737.6100 10346.2662  3.64%   115 1800s
 32170 19751 10346.2662   37  604 10737.6100 10346.2662  3.64%   115 1805s
 32185 19759 10346.2662   40  722 10737.6100 10346.2662  3.64%   115 1812s
 32198 19767 10389.7097   42  759 10737.6100 10346.2662  3.64%   116 1817s
 32222 19785 10589.3243   48  229 10737.6100 10346.2662  3.64%   116 1821s
 32255 19797 10346.2662   34  634 10737.6100 10346.2662  3.64%   116 1826s
 32308 19829 10552.1251   45  469 10737.6100 10346.2662  3.64%   116 1831s
 32365 19824 10346.2662   35  724 10737.6100 10346.2662  3.64%   116 1836s
 32392 19843 10346.2662   40  640 10737.6100 10346.2662  3.64%   116 1841s
 32432 19875 10599.8173   47  557 10737.6100 10346.2662  3.64%   116 1847s
 32458 19877 10657.0378   53  326 10737.6100 10346.2662  3.64%   116 1850s
 32558 19878 10484.2282   40  631 10737.6100 10346.2662  3.64%   116 1856s
 32609 19890 10346.2662   40  752 10737.6100 10346.2662  3.64%   116 1865s
 32651 19921 10731.9652   49  578 10737.6100 10346.2662  3.64%   116 1872s
 32682 19936     cutoff   57      10737.6100 10346.2662  3.64%   116 1876s
 32779 19949 10608.1404   53  204 10737.6100 10346.2662  3.64%   117 1883s
 32807 20042 10725.7447   65  165 10737.6100 10346.2662  3.64%   117 1892s
 32957 20111     cutoff   73      10737.6100 10346.2662  3.64%   116 1903s
 33125 20133 10511.8396   41  757 10737.6100 10346.2662  3.64%   117 1918s
 33269 20214 10346.2662   38  623 10737.6100 10346.2662  3.64%   116 1930s
 33463 20224     cutoff   57      10737.6100 10346.2662  3.64%   116 1942s
 33568 20294 10549.1364   49  263 10737.6100 10346.2662  3.64%   117 1956s
 33750 20383 10675.9290   57  255 10737.6100 10346.2662  3.64%   117 1970s
 34038 20384 10547.4594   48  318 10737.6100 10346.2662  3.64%   116 1986s
 34244 20423 10715.0482   66  124 10737.6100 10346.2662  3.64%   116 2002s
 34421 20494     cutoff   68      10737.6100 10346.2662  3.64%   116 2018s
 34609 20539 10715.7993   54  250 10737.6100 10346.2662  3.64%   116 2033s
 34811 20606     cutoff   58      10737.6100 10346.2662  3.64%   116 2050s
 35032 20636 10592.0436   60  130 10737.6100 10346.2662  3.64%   116 2067s
 35203 20733     cutoff   60      10737.6100 10346.2662  3.64%   116 2084s
 35414 20798 10638.2762   63   34 10737.6100 10346.2662  3.64%   116 2101s
*35431 19314              73    10669.540000 10346.2662  3.03%   116 2101s
 35629 19241     cutoff   63      10669.5400 10346.2662  3.03%   116 2120s
 35730 19296 10580.7044   50  321 10669.5400 10346.2662  3.03%   116 2141s
 35892 19363 10650.6793   57   37 10669.5400 10346.2662  3.03%   116 2159s
 35987 19333 10648.3935   73  510 10669.5400 10346.2662  3.03%   116 2160s
 36073 19415     cutoff   72      10669.5400 10346.2662  3.03%   116 2179s
 36204 19373 10606.9684   58  489 10669.5400 10346.2662  3.03%   116 2180s
 36247 19518 10484.2440   46  669 10669.5400 10346.2662  3.03%   116 2212s
 36504 19531     cutoff   63      10669.5400 10346.2662  3.03%   116 2233s
 36732 19567     cutoff   58      10669.5400 10346.2662  3.03%   116 2255s
 36934 19623 10625.7962   49  736 10669.5400 10346.2662  3.03%   116 2278s
 37155 19665     cutoff   62      10669.5400 10346.2662  3.03%   116 2300s
 37384 19761 10633.1464   49  425 10669.5400 10348.6362  3.01%   116 2325s
 37710 19862     cutoff   57      10669.5400 10351.4484  2.98%   116 2350s
 38093 19912     cutoff   72      10669.5400 10354.5639  2.95%   116 2372s
 38375 19897     cutoff   71      10669.5400 10357.4088  2.93%   116 2398s
 38490 19928     cutoff   59      10669.5400 10358.1079  2.92%   116 2419s
 38687 20016 10436.3270   37  702 10669.5400 10361.4728  2.89%   116 2439s
 38960 20075     cutoff   54      10669.5400 10365.7973  2.85%   116 2461s
 39228 20094     cutoff   58      10669.5400 10367.1330  2.83%   116 2496s
 39432 20154     cutoff   56      10669.5400 10369.1274  2.82%   116 2519s
 39673 20193 10496.0019   38  531 10669.5400 10371.1221  2.80%   116 2539s
 39903 20295 10481.8533   49  582 10669.5400 10372.7907  2.78%   116 2561s
 40251 20375 10500.7632   35  596 10669.5400 10374.4030  2.77%   116 2585s
 40585 20363     cutoff   57      10669.5400 10376.3463  2.75%   116 2607s
 40792 20431     cutoff   68      10669.5400 10378.7407  2.73%   116 2628s
 41065 20439 10495.1068   45  244 10669.5400 10380.1529  2.71%   116 2649s
 41179 20401     cutoff   61      10669.5400 10382.9316  2.69%   116 2650s
 41330 20465 10630.3455   54  395 10669.5400 10383.0891  2.68%   116 2670s
 41569 20513 10568.9967   64  574 10669.5400 10384.5058  2.67%   116 2691s
 41823 20561 10646.9971   47  788 10669.5400 10386.1803  2.66%   116 2712s
 42082 20615 10475.3902   50  469 10669.5400 10388.1729  2.64%   116 2734s
 42364 20619     cutoff   58      10669.5400 10389.6715  2.62%   116 2753s
 42618 20680 10583.9123   52  589 10669.5400 10391.5435  2.61%   116 2774s
 42904 20732     cutoff   63      10669.5400 10393.0369  2.59%   116 2795s
 43161 20748 10514.1890   47  157 10669.5400 10394.3597  2.58%   116 2815s
 43396 20800 10497.1364   48  629 10669.5400 10395.0006  2.57%   116 2835s
 43709 20831     cutoff   60      10669.5400 10396.1825  2.56%   116 2855s
 43977 20851 infeasible   65      10669.5400 10398.2153  2.54%   115 2875s
 44208 20874     cutoff   59      10669.5400 10399.2927  2.53%   115 2896s
 44442 20898     cutoff   59      10669.5400 10399.8513  2.53%   115 2916s
 44659 20932 10628.0399   56  294 10669.5400 10400.6660  2.52%   115 2937s
 44915 20913     cutoff   54      10669.5400 10401.3735  2.51%   115 2956s
 45021 20965 10630.2653   44  196 10669.5400 10402.5997  2.50%   115 2975s
 45215 21024 10509.3640   42  770 10669.5400 10403.7250  2.49%   116 2996s
 45457 21092 10448.7276   42  688 10669.5400 10404.2457  2.49%   115 3016s
 45707 21140 infeasible   58      10669.5400 10405.5959  2.47%   115 3038s
 45986 21180     cutoff   63      10669.5400 10406.9777  2.46%   115 3058s
 46224 21265     cutoff   62      10669.5400 10408.1201  2.45%   115 3079s
 46295 21245 infeasible   63      10669.5400 10408.1201  2.45%   115 3080s
 46524 21276 10645.2287   66  186 10669.5400 10408.8770  2.44%   115 3100s
 46783 21279     cutoff   59      10669.5400 10410.1082  2.43%   115 3121s
 46958 21327 10658.1059   45  659 10669.5400 10410.6964  2.43%   115 3141s
 47210 21376 10613.1641   51  651 10669.5400 10412.3023  2.41%   115 3161s
 47501 21371     cutoff   60      10669.5400 10413.4211  2.40%   115 3180s
 47693 21448 10539.4922   49  655 10669.5400 10414.7138  2.39%   115 3199s
 47826 21405 10581.3300   51  337 10669.5400 10414.7138  2.39%   115 3200s
*47909 20382              68    10663.430000 10415.3061  2.33%   115 3200s
 47984 20468     cutoff   67      10663.4300 10415.3957  2.33%   115 3220s
 48209 20482 10593.9112   51  404 10663.4300 10416.3115  2.32%   115 3239s
 48429 20567     cutoff   61      10663.4300 10417.3189  2.31%   115 3260s
 48709 20555 10481.7055   44  559 10663.4300 10417.9220  2.30%   115 3280s
 48920 20545     cutoff   54      10663.4300 10418.5378  2.30%   115 3300s
 49110 20586     cutoff   51      10663.4300 10419.2421  2.29%   115 3321s
 49349 20592 10576.9873   43  642 10663.4300 10420.6726  2.28%   115 3342s
 49535 20672     cutoff   76      10663.4300 10421.1492  2.27%   115 3364s
 49827 20666     cutoff   65      10663.4300 10421.9052  2.26%   115 3385s
*49828 19655              64    10655.700000 10421.9052  2.19%   114 3385s
 50001 19722 10633.4867   60  368 10655.7000 10422.2458  2.19%   115 3407s
H50286 18327                    10634.820000 10423.0602  1.99%   114 3427s
 50471 18318 10486.9275   49  741 10634.8200 10423.5351  1.99%   114 3446s
 50692 18350 infeasible   62      10634.8200 10424.3557  1.98%   114 3464s
 50903 18334     cutoff   53      10634.8200 10425.6456  1.97%   114 3482s
 51146 18303 10498.4972   43  195 10634.8200 10427.0285  1.95%   114 3503s
 51327 18341 10598.3756   49  203 10634.8200 10428.1718  1.94%   114 3522s
*51413 15560              60    10591.430000 10428.1718  1.54%   114 3522s
 51591 15535     cutoff   64      10591.4300 10428.7888  1.54%   114 3544s
 51783 15529 10493.1695   37  576 10591.4300 10429.2807  1.53%   114 3564s
 51988 15514 10469.1145   44  119 10591.4300 10429.8193  1.53%   114 3583s
 52217 15472 10580.2002   48  623 10591.4300 10430.6905  1.52%   114 3600s

Cutting planes:
  User: 5035
  Gomory: 16
  Cover: 113
  Implied bound: 20
  Clique: 5
  MIR: 109
  Flow cover: 143
  Zero half: 30
  RLT: 63
  Relax-and-lift: 2
  Lazy constraints: 3455

Explored 52370 nodes (5980832 simplex iterations) in 3600.36 seconds
Thread count was 2 (of 32 available processors)

Solution count 10: 10591.4 10634.8 10655.7 ... 10844

Time limit reached
Best objective 1.059143000000e+04, best bound 1.043143178925e+04, gap 1.5106%

User-callback calls 314672, time in user-callback 114.84 sec
================================================================================
executing instance: ./input/Instances/Original/3/absH3high_5n20.dat
--------------------------------------------------------------------------------
Instance details
n	21
H	3
C	1734
Li:
[0, 0, 0, 0, 0, 0, 0, 0, 0, 0, 0, 0, 0, 0, 0, 0, 0, 0, 0, 0, 0, ]
Ui:
[0, 40, 237, 68, 194, 144, 207, 114, 118, 207, 120, 72, 128, 48, 102, 237, 261, 135, 84, 184, 142, ]
Distance matrix:
|0	408	254	408	305	286	284	573	384	380	400	384	552	461	243	577	274	285	345	92	431	|
|408	0	189	21	111	218	178	168	182	283	211	86	158	222	191	168	136	320	219	318	87	|
|254	189	0	198	81	230	31	354	276	174	157	136	307	348	158	348	110	313	275	180	183	|
|408	21	198	0	118	204	190	165	163	302	230	105	169	202	184	170	134	306	202	317	107	|
|305	111	81	118	0	188	80	278	209	221	172	86	247	276	129	276	61	285	220	218	130	|
