




arguments: ./build/bc_mirp -f ./input/orig_exec_286.cfg
Current dir: /scratch/gui/bc_mirp
File verbosity level: 9
date       time         ( uptime  ) [ thread name/id ]                   file:line     v| 
2021-02-18 00:21:29.586 (   0.043s) [main thread     ]             loguru.cpp:789   INFO| Logging to './output/vi_vc+lex_full/OU/V5/Original/execution_18_02_2021_00_21_29.log', mode: 'a', verbosity: 9
--------------------------------------------------------------------------------
Parameters
                           instance_path           ./input/Instances/Original/6/
                            model_policy                                       1
                             nb_vehicles                                       5
                              output_dir ./output/vi_vc+lex_full/OU/V5/Original/
                            sec_strategy                                       1
                       solver_nb_threads                                       2
                         solver_show_log                                    true
                       solver_time_limit                                    3600
                              use_vi_cos                                   false
                              use_vi_cus                                   false
                         use_vi_hc1_full                                   false
                         use_vi_hc1_half                                   false
                      use_vi_hc1_quarter                                   false
                              use_vi_hc2                                   false
                              use_vi_hc3                                   false
                         use_vi_lex_full                                    true
                         use_vi_lex_half                                   false
                      use_vi_lex_quarter                                   false
                              use_vi_qua                                   false
                               use_vi_vc                                    true
                               use_vi_vr                                   false
--------------------------------------------------------------------------------
executing instance: ./input/Instances/Original/6/absH6high_1n25.dat
--------------------------------------------------------------------------------
Instance details
n	26
H	6
C	1711
Li:
[0, 0, 0, 0, 0, 0, 0, 0, 0, 0, 0, 0, 0, 0, 0, 0, 0, 0, 0, 0, 0, 0, 0, 0, 0, 0, ]
Ui:
[0, 168, 176, 34, 66, 36, 177, 106, 118, 182, 64, 141, 189, 63, 46, 111, 182, 231, 36, 66, 68, 54, 132, 90, 246, 75, ]
Distance matrix:
|0	191	200	231	334	329	146	196	208	245	218	164	283	394	151	358	156	196	309	253	201	260	127	138	130	104	|
|191	0	226	229	278	146	328	216	390	417	327	293	195	334	106	296	171	122	472	151	12	411	280	53	190	130	|
|200	226	0	38	149	359	321	10	276	274	418	364	139	204	121	173	321	115	303	141	225	236	155	202	311	256	|
|231	229	38	0	110	352	358	37	314	310	448	395	108	167	129	135	342	109	336	120	226	268	194	213	335	277	|
|334	278	149	110	0	367	467	147	422	413	546	495	86	61	203	25	423	163	429	129	271	363	303	282	424	361	|
|329	146	359	352	367	0	453	349	533	562	411	393	282	411	245	378	250	244	617	245	141	556	426	195	284	243	|
|146	328	321	358	467	453	0	321	162	215	160	112	425	524	297	491	223	341	284	397	339	266	186	276	184	210	|
|196	216	10	37	147	349	321	0	281	281	414	360	132	203	112	171	315	105	311	132	216	244	159	193	305	249	|
|208	390	276	314	422	533	162	281	0	54	321	271	410	471	316	445	348	348	123	398	398	115	125	338	313	309	|
|245	417	274	310	413	562	215	281	54	0	375	323	413	457	334	435	393	361	70	406	424	69	139	367	359	349	|
|218	327	418	448	546	411	160	414	321	375	0	57	484	606	347	569	163	393	444	446	339	421	318	288	137	199	|
|164	293	364	395	495	393	112	360	271	323	57	0	437	556	300	519	144	346	393	401	305	367	261	249	109	163	|
|283	195	139	108	86	282	425	132	410	413	484	437	0	139	137	101	349	91	443	44	187	375	286	206	355	291	|
|394	334	204	167	61	411	524	203	471	457	606	556	139	0	264	38	483	222	467	183	326	403	356	341	484	421	|
|151	106	121	129	203	245	297	112	316	334	347	300	137	264	0	225	220	46	381	102	106	316	195	84	221	158	|
|358	296	173	135	25	378	491	171	445	435	569	519	101	38	225	0	444	184	450	145	288	384	328	303	446	383	|
|156	171	321	342	423	250	223	315	348	393	163	144	349	483	220	444	0	261	460	308	183	415	284	143	39	65	|
|196	122	115	109	163	244	341	105	348	361	393	346	91	222	46	184	261	0	402	56	118	336	224	119	264	200	|
|309	472	303	336	429	617	284	311	123	70	444	393	443	467	381	450	460	402	0	442	477	68	192	424	426	413	|
|253	151	141	120	129	245	397	132	398	406	446	401	44	183	102	145	308	56	442	0	143	375	273	164	315	251	|
|201	12	225	226	271	141	339	216	398	424	339	305	187	326	106	288	183	118	477	143	0	416	286	63	202	142	|
|260	411	236	268	363	556	266	244	115	69	421	367	375	403	316	384	415	336	68	375	416	0	135	365	384	363	|
|127	280	155	194	303	426	186	159	125	139	318	261	286	356	195	328	284	224	192	273	286	135	0	232	256	229	|
|138	53	202	213	282	195	276	193	338	367	288	249	206	341	84	303	143	119	424	164	63	365	232	0	153	89	|
|130	190	311	335	424	284	184	305	313	359	137	109	355	484	221	446	39	264	426	315	202	384	256	153	0	64	|
|104	130	256	277	361	243	210	249	309	349	199	163	291	421	158	383	65	200	413	251	142	363	229	89	64	0	|

--------------------------------------------------------------------------------
Building model...
	using lazy and cut (CVRPSEP package)
Solving IRP LP...
--------------------------------------------------------------------------------

Gurobi 9.1.0 (linux64) logging started Thu Feb 18 00:21:29 2021

Gurobi Optimizer version 9.1.0 build v9.1.0rc0 (linux64)
Thread count: 32 physical cores, 32 logical processors, using up to 2 threads
Optimize a model with 2246 rows, 11462 columns and 29750 nonzeros
Model fingerprint: 0x2c8d6780
Variable types: 932 continuous, 10530 integer (780 binary)
Coefficient statistics:
  Matrix range     [1e+00, 7e+07]
  Objective range  [1e-01, 6e+02]
  Bounds range     [1e+00, 2e+02]
  RHS range        [1e+00, 3e+03]
Presolve removed 473 rows and 1703 columns
Presolve time: 0.30s
Presolved: 1773 rows, 9759 columns, 24166 nonzeros
Variable types: 705 continuous, 9054 integer (8350 binary)

Root relaxation: objective 1.504857e+04, 3087 iterations, 0.11 seconds

    Nodes    |    Current Node    |     Objective Bounds      |     Work
 Expl Unexpl |  Obj  Depth IntInf | Incumbent    BestBd   Gap | It/Node Time

     0     0 15048.5711    0  246          - 15048.5711      -     -    0s
     0     0 15328.6755    0  312          - 15328.6755      -     -    1s
     0     0 15373.5454    0  286          - 15373.5454      -     -    1s
     0     0 15373.7253    0  295          - 15373.7253      -     -    1s
     0     0 15373.7253    0  295          - 15373.7253      -     -    1s
     0     0 15738.5547    0  301          - 15738.5547      -     -    1s
     0     0 15818.6569    0  398          - 15818.6569      -     -    1s
     0     0 15834.9020    0  413          - 15834.9020      -     -    2s
     0     0 15872.6900    0  403          - 15872.6900      -     -    2s
     0     0 15906.1223    0  393          - 15906.1223      -     -    2s
     0     0 15921.6285    0  398          - 15921.6285      -     -    2s
     0     0 15928.1056    0  370          - 15928.1056      -     -    2s
     0     0 15929.1323    0  373          - 15929.1323      -     -    2s
     0     0 15930.3065    0  363          - 15930.3065      -     -    3s
     0     0 15930.3635    0  368          - 15930.3635      -     -    3s
     0     0 16321.5649    0  486          - 16321.5649      -     -    3s
     0     0 16361.7472    0  462          - 16361.7472      -     -    4s
     0     0 16365.6995    0  464          - 16365.6995      -     -    4s
     0     0 16366.9916    0  472          - 16366.9916      -     -    4s
     0     0 16367.4477    0  424          - 16367.4477      -     -    4s
     0     0 16540.2296    0  486          - 16540.2296      -     -    5s
     0     0 16577.2782    0  448          - 16577.2782      -     -    6s
     0     0 16614.6902    0  536          - 16614.6902      -     -    6s
     0     0 16678.3542    0  515          - 16678.3542      -     -    7s
     0     0 16768.7648    0  499          - 16768.7648      -     -    7s
     0     0 16789.3739    0  510          - 16789.3739      -     -    7s
     0     0 16794.1567    0  480          - 16794.1567      -     -    8s
     0     0 16794.4796    0  490          - 16794.4796      -     -    8s
     0     0 16945.9166    0  540          - 16945.9166      -     -    8s
     0     0 16951.2688    0  528          - 16951.2688      -     -    9s
     0     0 16954.0647    0  524          - 16954.0647      -     -    9s
     0     0 16954.1047    0  541          - 16954.1047      -     -    9s
     0     0 17015.2952    0  491          - 17015.2952      -     -   10s
     0     0 17021.5577    0  490          - 17021.5577      -     -   10s
     0     0 17023.8478    0  482          - 17023.8478      -     -   10s
     0     0 17049.4380    0  562          - 17049.4380      -     -   11s
     0     0 17051.2667    0  581          - 17051.2667      -     -   11s
     0     0 17056.6234    0  482          - 17056.6234      -     -   11s
     0     0 17058.9052    0  534          - 17058.9052      -     -   11s
     0     0 17076.3846    0  478          - 17076.3846      -     -   12s
     0     0 17076.3846    0  478          - 17076.3846      -     -   13s
     0     2 17078.8710    0  469          - 17078.8710      -     -   14s
     1     4 17093.1256    1  587          - 17078.8876      -  2207   15s
    11    14 17188.2103    4  583          - 17137.8778      -  1988   21s
    19    22 17219.5463    6  659          - 17155.4171      -  2238   25s
    32    35 17335.8051   12  614          - 17155.4171      -  1891   31s
    45    50 17399.8205   16  584          - 17155.4171      -  1725   36s
    72    82 17436.7608   24  508          - 17155.4171      -  1321   40s
   121   127 17799.0748   36  443          - 17155.4171      -  1008   45s
   153   174 18092.1108   44  411          - 17155.4171      -   917   50s
   220   246 18417.3330   62  354          - 17155.4171      -   750   55s
   294   319 19057.1444   88  264          - 17155.4171      -   641   60s
   417   454 20620.8098  142  180          - 17155.4171      -   503   66s
   523   537 22191.6291  200  160          - 17164.8760      -   433   70s
   586   559 17529.9765    7  495          - 17164.8760      -   421   75s
   619   601 17625.4109   12  383          - 17164.8760      -   431   80s
   668   650 17710.8829   17  407          - 17164.8760      -   428   86s
   713   701 17816.0699   20  453          - 17164.8760      -   425   90s
   742   705 18473.1485   66  506          - 17164.8760      -   420   95s
   749   710 17680.8869   16  816          - 17364.2469      -   416  100s
   759   717 18330.9647   56  799          - 17422.7175      -   410  105s
   767   722 18061.7110   27  854          - 17432.4386      -   406  114s
   768   723 18974.9262   86  854          - 17432.4386      -   405  115s
   770   727 17467.7207   16  715          - 17456.8478      -   445  127s
   772   728 17469.0720   17  645          - 17469.0720      -   446  132s
   774   730 17490.9248   17  669          - 17469.3985      -   447  136s
   780   735 17471.7757   19  693          - 17471.7757      -   449  141s
   785   737 17476.9206   20  709          - 17476.9206      -   455  145s
   794   744 17524.0185   23  733          - 17479.9221      -   469  150s
   804   752 17552.1846   25  702          - 17479.9221      -   481  156s
   818   763 17571.7595   28  623          - 17479.9221      -   491  161s
   828   772 17607.8394   31  569          - 17479.9221      -   501  165s
   850   786 17661.3439   36  548          - 17479.9221      -   507  170s
   872   803 17802.0028   40  522          - 17479.9221      -   515  175s
   900   820 17927.8407   46  527          - 17479.9221      -   524  181s
   919   832 18094.9170   50  476          - 17479.9221      -   529  185s
   949   862 17988.9399   57  509          - 17479.9221      -   533  192s
   980   880 18023.3016   62  486          - 17479.9221      -   533  196s
  1006   903 18093.5123   66  530          - 17479.9221      -   535  202s
  1042   933 18187.3680   72  422          - 17479.9221      -   536  207s
  1069   954 18230.3054   76  422          - 17479.9221      -   533  210s
  1132   996 18313.4435   85  498          - 17479.9221      -   523  216s
  1203  1062 18550.0678   90  412          - 17479.9221      -   513  222s
  1251  1107 18507.8307   94  383          - 17479.9221      -   503  225s
  1372  1178 18599.7851  105  411          - 17479.9221      -   477  232s
  1426  1225 18660.2455  110  417          - 17479.9221      -   469  236s
  1580  1349 18861.9318  121  406          - 17479.9221      -   443  243s
  1672  1421 19099.6024  126  355          - 17479.9221      -   427  246s
  1883  1574 19413.1161  135  326          - 17479.9221      -   394  254s
  2000  1678 19664.8971  147  269          - 17479.9221      -   378  258s
  2143  1778 19621.0407  157  289          - 17479.9221      -   359  261s
  2295  1763 19638.7936  164  262          - 17479.9221      -   339  265s
  2387  1782 20033.5579  184  323          - 17479.9221      -   334  272s
  2413  1809 20367.2953  196  263          - 17479.9221      -   335  276s
  2483  1850 20760.0410  224  239          - 17479.9221      -   335  283s
  2513  1864 21201.7421  237  244          - 17479.9221      -   336  286s
  2537  1887 21132.3166  248  264          - 17479.9221      -   337  290s
  2605  1944 22485.0778  278  225          - 17479.9221      -   339  297s
  2654  1991 23554.2894  300  242          - 17479.9221      -   338  302s
  2721  2121 24302.9349  331  103          - 17479.9221      -   336  307s
  2875  2089 26870.2175  404   23          - 17490.4523      -   326  313s
* 2884  2027             408    27121.290000 17490.4523  35.5%   325  313s
  2921  2030 17720.5000   22  669 27121.2900 17490.4523  35.5%   326  318s
  2928  2039 17820.8473   22  620 27121.2900 17490.4523  35.5%   328  322s
  2937  2054 17794.2343   23  650 27121.2900 17490.4523  35.5%   331  327s
H 2952  1911                    26021.070000 17490.4523  32.8%   333  335s
  2958  1917 17888.3435   29  589 26021.0700 17490.4523  32.8%   336  340s
  2985  1952 17993.7276   39  488 26021.0700 17490.4523  32.8%   339  350s
  2999  1978 18016.8789   43  449 26021.0700 17490.4523  32.8%   341  355s
  3025  1998 18168.2448   47  497 26021.0700 17490.4523  32.8%   343  360s
  3045  2023 18377.2348   51  453 26021.0700 17490.4523  32.8%   345  365s
  3070  2062 18235.6468   56  485 26021.0700 17490.4523  32.8%   346  372s
  3109  2107 18311.6810   62  496 26021.0700 17490.4523  32.8%   346  377s
  3154  2150 18376.1437   67  483 26021.0700 17490.4523  32.8%   346  383s
  3197  2171 18489.5701   81  370 26021.0700 17490.4523  32.8%   348  389s
  3218  2200 18766.7000   82  469 26021.0700 17490.4523  32.8%   349  396s
  3247  2238 18969.8926   86  428 26021.0700 17490.4523  32.8%   352  403s
  3285  2305 18890.9974   93  380 26021.0700 17490.4523  32.8%   351  410s
  3352  2307 19009.3244  102  430 26021.0700 17490.4523  32.8%   349  420s
  3354  2352 19129.2286   99  405 26021.0700 17490.4523  32.8%   349  427s
  3399  2427 19249.6809  110  422 26021.0700 17490.4523  32.8%   350  435s
  3474  2515 19312.2063  127  423 26021.0700 17490.4523  32.8%   348  443s
  3562  2517 19549.5455  154  335 26021.0700 17490.4523  32.8%   344  457s
H 3563  2457                    25616.990000 17490.4523  31.7%   344  457s
  3564  2567 19542.9090  154  367 25616.9900 17490.4523  31.7%   344  464s
  3674  2729 19735.4241  189  309 25616.9900 17490.4523  31.7%   340  473s
  3836  2935 20083.3359  238  349 25616.9900 17490.4523  31.7%   332  486s
  4042  2985 20374.3717  319  306 25616.9900 17490.4523  31.7%   320  497s
H 4043  2832                    24896.760000 17490.4523  29.7%   320  497s
H 4092  2923                    24471.810000 17490.4523  28.5%   317  506s
  4301  3270 infeasible  379      24471.8100 17490.4523  28.5%   306  519s
  4447  3270 22322.3590  592  167 24471.8100 17490.4523  28.5%   301  520s
  4652  3505 21437.0113  401  221 24471.8100 17490.4523  28.5%   291  531s
H 4815  3467                    24248.810000 17490.4523  27.9%   284  532s
  4913  3502 22417.3638  519  246 24248.8100 17490.4523  27.9%   280  542s
  4949  3594 23048.7149  526  207 24248.8100 17491.0506  27.9%   282  552s
  5066  3615 17984.6316   22  708 24248.8100 17491.0506  27.9%   281  560s
  5087  3645 18458.5461   37  532 24248.8100 17491.0506  27.9%   284  568s
H 5117  3667                    24154.900000 17491.0506  27.6%   286  577s
  5160  3828 20104.9184   81  321 24154.9000 17491.0506  27.6%   289  588s
  5321  3888 22932.8292  227  131 24154.9000 17491.9162  27.6%   285  601s
  5439  3908 infeasible  278      24154.9000 17492.2868  27.6%   284  610s
  5460  3928 18161.9160   27  582 24154.9000 17492.2868  27.6%   288  620s
  5480  4017 19144.0145   38  340 24154.9000 17511.8971  27.5%   290  635s
  5589  4055 17966.0767   24  708 24154.9000 17511.8971  27.5%   291  645s
  5627  4058 18248.2064   35  573 24154.9000 17511.8971  27.5%   293  668s
  5630  4184 18258.4912   36  538 24154.9000 17511.8971  27.5%   293  680s
  5756  4374 18978.8385   62  405 24154.9000 17511.8971  27.5%   292  694s
  5950  4490 20647.7552  129  407 24154.9000 17511.8971  27.5%   289  709s
  6087  4490 20659.6982  237  251 24154.9000 17511.8971  27.5%   285  710s
  6106  4507 18029.9251   24  705 24154.9000 17511.8971  27.5%   288  720s
  6123  4554 18380.4788   33  451 24154.9000 17511.8971  27.5%   291  731s
  6170  4612 18571.7505   47  430 24154.9000 17511.8971  27.5%   294  743s
  6228  4770 18808.4611   65  290 24154.9000 17511.8971  27.5%   296  757s
  6386  4989 19187.0421  163  253 24154.9000 17511.8971  27.5%   294  772s
  6605  5239 19740.6865  281  190 24154.9000 17511.8971  27.5%   290  787s
  6855  5495 20566.4845  399  154 24154.9000 17511.8971  27.5%   286  804s
  6886  5495 20726.0921  413  181 24154.9000 17511.8971  27.5%   285  805s
  7111  5698 infeasible  468      24154.9000 17519.5278  27.5%   280  820s
  7338  5949 18314.6442   22  687 24154.9000 17519.5278  27.5%   277  840s
  7638  6035 18726.3897   26  465 24154.9000 17519.5278  27.5%   272  858s
  7724  6339 20092.3499   46  349 24154.9000 17531.9359  27.4%   275  880s
  8065  6500 17880.3543   19  794 24154.9000 17531.9359  27.4%   271  901s
  8240  6618 18598.9090   40  569 24154.9000 17531.9359  27.4%   270  918s
  8358  6769 20722.7960  121  283 24154.9000 17534.1636  27.4%   271  937s
  8546  6831 18196.2514   25  793 24154.9000 17534.3844  27.4%   271  954s
  8608  7048 19217.0434   64  397 24154.9000 17534.4215  27.4%   274  975s
  8838  7121 18098.6559   23  831 24154.9000 17534.4215  27.4%   273  998s
  8935  7155 18133.8782   26  809 24154.9000 17534.4215  27.4%   272 1014s
  8969  7208 18333.5528   34  528 24154.9000 17534.4215  27.4%   276 1031s
H 9022  7331                    24000.900000 17534.4215  26.9%   278 1050s
  9199  7546 18916.4388   73  258 24000.9000 17534.4215  26.9%   277 1070s
  9430  7731 19290.6335  126  268 24000.9000 17534.4215  26.9%   276 1092s
  9617  8075 20191.6704  210  179 24000.9000 17567.5639  26.8%   276 1117s
 10012  8222 18109.0961   23  814 24000.9000 17567.5639  26.8%   272 1139s
 10147  8222 23449.3785  232   49 24000.9000 17567.5639  26.8%   270 1140s
H10179  7865                    23529.980000 17567.5639  25.3%   270 1155s
 10218  7961 18598.5473   43  523 23529.9800 17567.5639  25.3%   272 1172s
 10314  8132 18888.7190   70  384 23529.9800 17567.5639  25.3%   274 1191s
 10498  8285 19306.5910  106  417 23529.9800 17567.5639  25.3%   273 1209s
 10605  8285 18193.5817   31  813 23529.9800 17567.5639  25.3%   273 1210s
 10651  8621 19964.1391  170  319 23529.9800 17567.5639  25.3%   273 1232s
 10995  8803 21378.7977  287  248 23529.9800 17576.4619  25.3%   269 1260s
 11234  8874 18178.3872   28  772 23529.9800 17580.6903  25.3%   267 1278s
 11305  9158 18923.9298   51  386 23529.9800 17580.7187  25.3%   268 1301s
 11617  9199 18085.0710   30  738 23529.9800 17584.4882  25.3%   266 1319s
 11658  9310 18680.1526   47  542 23529.9800 17584.4882  25.3%   268 1337s
 11769  9445 20072.0574   80  418 23529.9800 17584.4882  25.3%   269 1359s
 11823  9445 21129.5464  134  298 23529.9800 17584.4882  25.3%   268 1360s
 11946  9543 18776.3751   29  581 23529.9800 17600.0344  25.2%   268 1378s
 12044  9652 19322.0920   55  394 23529.9800 17600.1009  25.2%   269 1397s
 12189  9705 18044.7080   33  711 23529.9800 17600.1009  25.2%   269 1414s
H12242  9760                    23522.470000 17600.1009  25.2%   271 1433s
 12303  9900 19564.7444   94  317 23522.4700 17601.8452  25.2%   272 1451s
 12461  9995 18232.3042   28  657 23522.4700 17601.8452  25.2%   272 1472s
 12583 10029 18513.0704   40  451 23522.4700 17601.8452  25.2%   273 1491s
 12617 10080 18666.3745   53  389 23522.4700 17601.8452  25.2%   275 1510s
 12668 10235 18930.4709   62  405 23522.4700 17601.8452  25.2%   276 1534s
 12812 10235 21070.4607  197  262 23522.4700 17601.8452  25.2%   276 1535s
 12823 10475 19156.9228   82  423 23522.4700 17601.8452  25.2%   276 1554s
 12867 10475 21370.7321  208  251 23522.4700 17601.8452  25.2%   277 1555s
 13093 10673 19586.6330   98  394 23522.4700 17601.8452  25.2%   274 1576s
 13291 11050 20786.3604  218  260 23522.4700 17608.0349  25.1%   273 1601s
*13712 10399             181    23078.110000 17608.7650  23.7%   269 1604s
 13729 10331 18249.1436   34  717 23078.1100 17608.7650  23.7%   269 1619s
 13758 10412 18664.8722   47  635 23078.1100 17608.7650  23.7%   270 1639s
 13839 10694 19537.8338   82  438 23078.1100 17632.0843  23.6%   271 1660s
 14155 10729 18266.1979   33  588 23078.1100 17632.3452  23.6%   268 1678s
 14190 10776 18729.7301   43  488 23078.1100 17632.3452  23.6%   270 1696s
 14237 10782 19134.9324   58  514 23078.1100 17632.3452  23.6%   272 1718s
H14241 10177                    22640.290000 17632.3452  22.1%   272 1718s
 14243 10288 19132.0155   60  392 22640.2900 17632.3452  22.1%   272 1738s
 14354 10614 19679.2664  106  238 22640.2900 17645.5874  22.1%   273 1766s
 14759 10686 18184.0958   24  786 22640.2900 17645.5874  22.1%   270 1785s
 14831 10852 18655.2599   43  494 22640.2900 17645.5874  22.1%   272 1806s
H14997 11031                    22584.290000 17645.5874  21.9%   272 1831s
 15284 11072 18089.3035   22  659 22584.2900 17646.1617  21.9%   270 1851s
 15325 11208 18693.5561   42  471 22584.2900 17646.1617  21.9%   272 1870s
 15461 11348 20751.8164   97  297 22584.2900 17654.9662  21.8%   273 1890s
 15635 11416 18456.5245   35  636 22584.2900 17654.9862  21.8%   273 1908s
 15703 11571 19277.8323   76  444 22584.2900 17654.9862  21.8%   274 1931s
 15858 11639 21464.1458  196  270 22584.2900 17655.3434  21.8%   274 1950s
 15948 11683 18475.7948   39  609 22584.2900 17656.3139  21.8%   275 1969s
 15992 11769 19121.3311   63  372 22584.2900 17656.4578  21.8%   277 1991s
H15999 10751                    22083.440000 17656.4578  20.0%   277 1991s
 16095 10832 18187.0312   29  755 22083.4400 17656.4578  20.0%   278 2011s
 16188 10899 18798.2343   53  639 22083.4400 17656.4578  20.0%   280 2030s
 16255 11045 20435.9036   91  415 22083.4400 17660.6416  20.0%   281 2050s
 16411 11147 18425.1114   34  663 22083.4400 17660.6416  20.0%   281 2070s
H16527 11155                    22042.360000 17660.6416  19.9%   282 2090s
 16637 11323 20821.3198  105  299 22042.3600 17660.6416  19.9%   283 2244s
H16721 11120                    21961.360000 17660.6416  19.6%   282 2244s
 16778 11120 21543.0195  154  216 21961.3600 17660.6416  19.6%   281 2245s
 16805 11153     cutoff  189      21961.3600 17661.3926  19.6%   281 2266s
 16862 11157 18685.6655   37  681 21961.3600 17661.4029  19.6%   282 2292s
H16863 10999                    21890.360000 17661.4029  19.3%   282 2292s
 16866 11155 18686.3466   38  676 21890.3600 17661.4029  19.3%   283 2314s
H16890 11070                    21853.850000 17661.4029  19.2%   283 2315s
H17042 10928                    21753.270000 17661.4029  18.8%   283 2338s
 17144 11081 18420.5749   47  473 21753.2700 17663.2090  18.8%   284 2360s
 17309 11163 19523.1949   98  296 21753.2700 17664.0757  18.8%   284 2383s
 17410 11224 18031.3062   22  668 21753.2700 17664.1003  18.8%   285 2405s
 17471 11405 18751.9111   34  335 21753.2700 17664.1003  18.8%   286 2431s
 17652 11519 19065.3748   51  425 21753.2700 17664.1003  18.8%   287 2455s
 17795 11776 19581.0735   80  266 21753.2700 17671.8539  18.8%   287 2482s
 18079 11911 18268.3033   35  668 21753.2700 17671.8539  18.8%   286 2509s
 18214 12270 19078.4252   65  510 21753.2700 17673.4420  18.8%   287 2539s
 18247 12270 20097.8553   98  343 21753.2700 17673.4420  18.8%   287 2540s
 18585 12338 18361.5020   39  568 21753.2700 17673.4420  18.8%   286 2563s
 18690 12423 19468.9159   81  437 21753.2700 17686.6532  18.7%   286 2587s
 18791 12598 18315.8457   27  685 21753.2700 17686.6532  18.7%   288 2610s
 18966 12850 19696.0742   65  202 21753.2700 17687.9643  18.7%   288 2636s
 19256 12975 18435.4787   40  516 21753.2700 17688.1826  18.7%   286 2659s
 19381 13296 19201.6842   89  454 21753.2700 17693.4684  18.7%   287 2684s
 19478 13296 20326.4182  186  302 21753.2700 17693.4684  18.7%   286 2685s
 19728 13395 18278.8617   30  643 21753.2700 17693.5897  18.7%   285 2708s
 19827 13735 19584.2294   85  330 21753.2700 17699.7582  18.6%   286 2735s
 20195 13787 18522.9808   37  565 21753.2700 17700.3868  18.6%   283 2760s
 20247 13891 18967.7814   51  485 21753.2700 17700.3868  18.6%   285 2784s
 20311 13891 19329.0402   99  307 21753.2700 17700.3868  18.6%   285 2785s
 20351 14243 19477.4136   98  269 21753.2700 17705.5338  18.6%   286 2815s
 20748 14411 18353.6948   25  734 21753.2700 17705.5338  18.6%   284 2843s
 20934 14631 18872.8877   54  539 21753.2700 17708.7618  18.6%   284 2869s
 21006 14631 19697.1954  126  302 21753.2700 17708.7618  18.6%   284 2870s
 21180 14719 18157.6584   36  571 21753.2700 17708.8450  18.6%   283 2894s
 21268 14883 19754.1560   73  500 21753.2700 17714.8697  18.6%   285 2918s
*21364 14416             169    21575.830000 17714.8697  17.9%   284 2918s
 21466 14475 18166.2291   37  607 21575.8300 17714.8991  17.9%   284 2942s
 21549 14781 19566.4138   77  464 21575.8300 17717.5777  17.9%   285 2968s
 21879 14846 18195.1991   27  584 21575.8300 17717.6546  17.9%   283 2992s
 21944 15013 18818.5524   51  532 21575.8300 17717.6546  17.9%   284 3016s
 22123 15134 19825.8337  108  421 21575.8300 17718.0032  17.9%   285 3042s
 22258 15260 18084.8479   37  529 21575.8300 17718.0032  17.9%   285 3066s
 22384 15783 18530.2139   57  473 21575.8300 17718.0032  17.9%   286 3102s
 22979 16145 19304.0182   85  264 21575.8300 17719.6973  17.9%   282 3132s
 23443 16218 18341.5789   42  384 21575.8300 17721.4785  17.9%   279 3157s
 23516 16409 19380.5727   56  307 21575.8300 17721.7597  17.9%   280 3184s
 23690 16409 20299.1888   51  278 21575.8300 17723.7012  17.9%   280 3185s
 23804 16477 18317.6155   40  484 21575.8300 17723.7012  17.9%   280 3207s
 23872 16595 19661.0898   83  293 21575.8300 17723.7090  17.9%   281 3230s
 24004 16648 18457.8221   38  499 21575.8300 17723.7090  17.9%   281 3255s
 24069 16770 19186.5189   63  573 21575.8300 17723.7090  17.9%   283 3277s
 24191 16920 20737.8105  131  350 21575.8300 17724.9373  17.8%   283 3302s
 24364 16968 18532.4096   45  425 21575.8300 17724.9674  17.8%   284 3326s
 24412 17120 19661.6643   70  503 21575.8300 17725.2523  17.8%   285 3352s
 24590 17174 18007.8547   23  700 21575.8300 17725.2523  17.8%   285 3374s
 24660 17353 18687.8756   44  405 21575.8300 17725.2523  17.8%   286 3398s
 24849 17450 21421.5338  198  145 21575.8300 17725.7384  17.8%   286 3421s
 24967 17850 18551.3937   54  308 21575.8300 17725.7384  17.8%   287 3453s
 25278 17850 20425.6163  307   89 21575.8300 17725.7384  17.8%   285 3455s
 25381 17948 21167.2970  328   68 21575.8300 17737.3279  17.8%   285 3479s
 25505 18027 18469.7872   47  687 21575.8300 17737.3279  17.8%   285 3504s
 25596 18147 19048.3957   68  607 21575.8300 17737.3279  17.8%   286 3528s
 25736 18296 20167.4204  127  414 21575.8300 17747.3505  17.7%   287 3552s
 25909 18565 18277.8091   40  419 21575.8300 17749.9476  17.7%   287 3580s
 26219 18615 18167.5027   28  480 21575.8300 17749.9476  17.7%   286 3600s

Cutting planes:
  User: 8450
  Gomory: 50
  Cover: 742
  Implied bound: 470
  Projected implied bound: 43
  Clique: 103
  MIR: 535
  StrongCG: 2
  Flow cover: 748
  GUB cover: 26
  Inf proof: 1
  Zero half: 18
  Mod-K: 1
  Network: 6
  RLT: 613
  Relax-and-lift: 44
  Lazy constraints: 623

Explored 26269 nodes (7558632 simplex iterations) in 3600.41 seconds
Thread count was 2 (of 32 available processors)

Solution count 10: 21575.8 21753.3 21853.8 ... 23078.1

Time limit reached
Best objective 2.157583000000e+04, best bound 1.774994761950e+04, gap 17.7323%

User-callback calls 532068, time in user-callback 126.29 sec
================================================================================
executing instance: ./input/Instances/Original/6/absH6high_1n20.dat
--------------------------------------------------------------------------------
Instance details
n	21
H	6
C	1651
Li:
[0, 0, 0, 0, 0, 0, 0, 0, 0, 0, 0, 0, 0, 0, 0, 0, 0, 0, 0, 0, 0, ]
Ui:
[0, 36, 182, 182, 90, 261, 117, 30, 110, 42, 276, 153, 40, 94, 144, 46, 129, 213, 264, 160, 174, ]
Distance matrix:
|0	371	401	343	361	341	370	115	392	400	79	266	292	245	355	431	265	194	95	92	348	|
|371	0	37	141	110	250	117	438	67	131	372	305	115	238	247	255	235	296	392	430	185	|
|401	37	0	175	100	284	146	472	90	156	406	342	152	275	280	282	242	333	415	455	178	|
|343	141	175	0	239	110	38	374	95	60	314	182	67	130	106	127	318	201	397	423	303	|
|361	110	100	239	0	341	222	451	177	240	385	374	190	304	341	361	151	345	354	398	78	|
|341	250	284	110	341	0	143	337	203	151	289	102	152	97	15	95	394	156	415	431	398	|
|370	117	146	38	222	143	0	407	61	30	346	220	81	167	137	139	317	237	417	447	292	|
|115	438	472	374	451	337	407	0	443	434	66	241	339	251	351	431	374	181	201	177	450	|
|392	67	90	95	177	203	61	443	0	66	379	275	104	216	197	193	294	283	427	461	252	|
|400	131	156	60	240	151	30	434	66	0	374	237	112	189	142	127	344	261	448	477	312	|
|79	372	406	314	385	289	346	66	379	374	0	202	275	197	304	383	316	134	175	166	388	|
|266	305	342	182	374	102	220	241	275	237	202	0	191	70	117	196	386	73	352	359	415	|
|292	115	152	67	190	152	81	339	104	112	275	191	0	123	154	193	252	183	336	366	246	|
|245	238	275	130	304	97	167	251	216	189	197	70	123	0	110	187	322	72	319	334	346	|
|355	247	280	106	341	15	137	351	197	142	304	117	154	110	0	80	399	171	427	444	400	|
|431	255	282	127	361	95	139	431	193	127	383	196	193	187	80	0	444	251	499	519	429	|
|265	235	242	318	151	394	317	374	294	344	316	386	252	322	399	444	0	332	226	273	97	|
|194	296	333	201	345	156	237	181	283	261	134	73	183	72	171	251	332	0	279	286	375	|
|95	392	415	397	354	415	417	201	427	448	175	352	336	319	427	499	226	279	0	47	321	|
|92	430	455	423	398	431	447	177	461	477	166	359	366	334	444	519	273	286	47	0	368	|
|348	185	178	303	78	398	292	450	252	312	388	415	246	346	400	429	97	375	321	368	0	|

--------------------------------------------------------------------------------
Building model...
	using lazy and cut (CVRPSEP package)
Solving IRP LP...
--------------------------------------------------------------------------------

Gurobi 9.1.0 (linux64) logging started Thu Feb 18 01:21:30 2021

Gurobi Optimizer version 9.1.0 build v9.1.0rc0 (linux64)
Thread count: 32 physical cores, 32 logical processors, using up to 2 threads
Optimize a model with 1821 rows, 7677 columns and 20835 nonzeros
Model fingerprint: 0x68f13f1b
Variable types: 747 continuous, 6930 integer (630 binary)
Coefficient statistics:
  Matrix range     [1e+00, 2e+06]
  Objective range  [1e-01, 5e+02]
  Bounds range     [1e+00, 3e+02]
  RHS range        [1e+00, 3e+03]
Presolve removed 403 rows and 1373 columns
Presolve time: 0.22s
Presolved: 1418 rows, 6304 columns, 16312 nonzeros
Variable types: 555 continuous, 5749 integer (5200 binary)

Root relaxation: objective 1.421801e+04, 2872 iterations, 0.10 seconds

    Nodes    |    Current Node    |     Objective Bounds      |     Work
 Expl Unexpl |  Obj  Depth IntInf | Incumbent    BestBd   Gap | It/Node Time

     0     0 14218.0093    0  237          - 14218.0093      -     -    0s
     0     0 14508.5081    0  252          - 14508.5081      -     -    0s
     0     0 14541.7347    0  286          - 14541.7347      -     -    0s
     0     0 14545.2645    0  290          - 14545.2645      -     -    0s
     0     0 14545.2978    0  290          - 14545.2978      -     -    0s
     0     0 14779.0500    0  348          - 14779.0500      -     -    1s
     0     0 14882.8999    0  393          - 14882.8999      -     -    1s
     0     0 14911.6776    0  398          - 14911.6776      -     -    1s
     0     0 14913.5529    0  394          - 14913.5529      -     -    1s
     0     0 14914.7094    0  411          - 14914.7094      -     -    1s
     0     0 14915.0647    0  413          - 14915.0647      -     -    1s
     0     0 15108.5548    0  378          - 15108.5548      -     -    2s
     0     0 15124.4430    0  384          - 15124.4430      -     -    2s
     0     0 15127.6407    0  421          - 15127.6407      -     -    2s
     0     0 15128.0675    0  434          - 15128.0675      -     -    2s
     0     0 15181.7615    0  394          - 15181.7615      -     -    3s
     0     0 15221.8219    0  468          - 15221.8219      -     -    4s
     0     0 15238.8731    0  526          - 15238.8731      -     -    4s
     0     0 15241.9649    0  474          - 15241.9649      -     -    4s
     0     0 15242.1326    0  475          - 15242.1326      -     -    4s
     0     0 15282.9730    0  497          - 15282.9730      -     -    5s
     0     0 15298.9041    0  481          - 15298.9041      -     -    5s
     0     0 15306.7327    0  509          - 15306.7327      -     -    5s
     0     0 15310.1051    0  530          - 15310.1051      -     -    5s
     0     0 15310.3328    0  579          - 15310.3328      -     -    5s
     0     0 15320.4980    0  497          - 15320.4980      -     -    5s
     0     0 15327.0126    0  496          - 15327.0126      -     -    6s
     0     0 15327.2372    0  504          - 15327.2372      -     -    6s
     0     0 15332.6204    0  564          - 15332.6204      -     -    6s
     0     0 15332.6204    0  562          - 15332.6204      -     -    6s
     0     2 15332.9107    0  527          - 15332.9107      -     -    7s
    17    20 15559.7089    5  501          - 15380.7193      -   926   10s
    63    66 15785.1487   19  426          - 15380.7193      -   686   15s
    91    97 15913.0703   26  453          - 15380.7193      -   740   20s
   136   145 16311.9992   41  355          - 15380.7193      -   708   25s
   197   215 17339.4062   61  325          - 15380.7193      -   635   30s
   347   390 19432.9628  109  236          - 15380.7193      -   460   35s
   580   620 15557.8447    5  606          - 15380.8563      -   340   41s
   738   718 15740.7501    9  536          - 15380.8563      -   302   45s
   753   725 18276.3547  100  586          - 15436.7316      -   303   50s
   773   738 17823.1870   75  677          - 15535.5914      -   295   55s
   782   744 20732.3633  177  672          - 15544.0172      -   292   61s
   785   749 15549.3964   13  679          - 15546.0203      -   319   68s
   787   751 15552.3055   14  652          - 15552.3055      -   320   72s
   791   753 15566.6586   15  585          - 15557.8370      -   322   75s
   806   764 15624.4458   19  560          - 15603.7444      -   334   80s
   822   774 15836.7901   24  547          - 15603.7444      -   349   85s
   838   788 16065.4867   27  499          - 15603.7444      -   363   90s
   862   807 16117.8919   34  402          - 15603.7444      -   375   95s
   893   827 16380.9472   42  425          - 15603.7444      -   386  100s
   915   843 16680.2102   48  379          - 15603.7444      -   398  105s
   957   878 16965.2720   62  344          - 15603.7444      -   408  111s
   998   896 16517.4148   57  505          - 15603.7444      -   407  115s
  1045   939 17695.3411   88  303          - 15603.7444      -   405  120s
  1105   982 18053.2168  106  320          - 15603.7444      -   405  126s
  1161  1020 18321.4010  126  308          - 15603.7444      -   401  130s
  1210  1047 18650.0114  141  284          - 15603.7444      -   401  135s
  1275  1116 20002.2294  162  228          - 15603.7444      -   398  140s
  1371  1188 21811.8018  196  229          - 15603.7444      -   388  145s
  1483  1284 23244.1303  244  155          - 15603.7444      -   374  150s
  1656  1379 25787.2919  318   58          - 15603.8448      -   348  155s
  1766  1387 15993.2601   19  666          - 15603.8448      -   338  160s
  1820  1422 16235.7018   24  556          - 15603.8448      -   339  165s
  1884  1463 16484.3094   28  583          - 15603.8448      -   339  171s
  1948  1506 16572.9819   33  570          - 15603.8448      -   340  178s
  1980  1532 16603.9192   35  505          - 15603.8448      -   338  182s
  2022  1552 16770.0564   38  467          - 15603.8448      -   338  185s
  2097  1551 16991.3399   45  505          - 15603.8448      -   339  192s
  2112  1562 17057.4772   50  498          - 15603.8448      -   341  195s
  2144  1592 17468.3379   61  472          - 15603.8448      -   347  202s
  2169  1608 17577.5192   69  416          - 15603.8448      -   350  207s
  2193  1628 17767.5332   78  382          - 15603.8448      -   353  210s
  2252  1669 18118.2855   99  375          - 15603.8448      -   357  218s
  2282  1705 18363.1723  111  364          - 15603.8448      -   359  222s
  2328  1725 18504.9009  129  365          - 15603.8448      -   359  226s
  2363  1759 19082.9482  141  326          - 15603.8448      -   361  231s
  2409  1795 19304.3899  159  337          - 15603.8448      -   361  235s
  2460  1835 19861.5704  177  307          - 15603.8448      -   361  240s
  2517  1881 20501.0101  198  283          - 15603.8448      -   361  246s
  2582  1967 21549.1321  220  232          - 15603.8448      -   360  252s
  2690  2082 21755.6603  258  214          - 15603.8448      -   354  259s
  2841  2207 22965.4668  315  156          - 15603.8448      -   345  268s
  3016  2424 23933.3479  374  159          - 15603.8448      -   335  276s
  3305  2508 26648.6445  486  128          - 15620.1995      -   315  283s
  3451  2552 16228.1594   19  592          - 15620.1995      -   308  289s
  3468  2569 16341.4755   22  499          - 15620.1995      -   312  294s
  3485  2589 16517.4488   28  555          - 15620.1995      -   315  300s
  3505  2615 16598.0186   31  555          - 15620.1995      -   319  306s
  3531  2630 16866.0945   37  477          - 15620.1995      -   322  311s
  3546  2669 16935.3963   40  422          - 15620.1995      -   323  317s
  3585  2712 17100.0377   54  365          - 15620.1995      -   326  324s
  3628  2764 17319.1031   61  367          - 15620.1995      -   328  331s
  3680  2830 17560.4058   76  372          - 15620.1995      -   330  338s
  3746  2918 18060.8252  105  313          - 15620.1995      -   329  345s
  3836  2999 18831.9105  138  249          - 15620.1995      -   329  354s
  3917  3076 19698.4996  169  236          - 15620.1995      -   328  364s
  3994  3264 19835.1714  202  229          - 15620.1995      -   326  374s
