




arguments: ./build/bc_mirp -f ./input/orig_exec_190.cfg
Current dir: /scratch/gui/bc_mirp
File verbosity level: 9
date       time         ( uptime  ) [ thread name/id ]                   file:line     v| 
2021-02-13 12:46:04.333 (   0.026s) [main thread     ]             loguru.cpp:789   INFO| Logging to './output/vi_vc+lex_full/OU/V5/Original/execution_13_02_2021_12_46_04.log', mode: 'a', verbosity: 9
--------------------------------------------------------------------------------
Parameters
                           instance_path           ./input/Instances/Original/4/
                            model_policy                                       1
                             nb_vehicles                                       5
                              output_dir ./output/vi_vc+lex_full/OU/V5/Original/
                            sec_strategy                                       1
                       solver_nb_threads                                       2
                         solver_show_log                                    true
                       solver_time_limit                                    3600
                              use_vi_cos                                   false
                              use_vi_cus                                   false
                         use_vi_hc1_full                                   false
                         use_vi_hc1_half                                   false
                      use_vi_hc1_quarter                                   false
                              use_vi_hc2                                   false
                              use_vi_hc3                                   false
                         use_vi_lex_full                                    true
                         use_vi_lex_half                                   false
                      use_vi_lex_quarter                                   false
                              use_vi_qua                                   false
                               use_vi_vc                                    true
                               use_vi_vr                                   false
--------------------------------------------------------------------------------
executing instance: ./input/Instances/Original/4/absH3low_3n30.dat
--------------------------------------------------------------------------------
Instance details
n	31
H	3
C	2841
Li:
[0, 0, 0, 0, 0, 0, 0, 0, 0, 0, 0, 0, 0, 0, 0, 0, 0, 0, 0, 0, 0, 0, 0, 0, 0, 0, 0, 0, 0, 0, 0, ]
Ui:
[0, 246, 98, 54, 144, 171, 192, 180, 165, 98, 122, 198, 297, 144, 130, 129, 219, 138, 142, 150, 108, 66, 64, 285, 180, 204, 276, 168, 240, 198, 122, ]
Distance matrix:
|0	172	56	166	260	198	42	197	296	110	91	112	238	275	323	183	330	232	175	181	162	191	232	280	201	139	356	185	266	216	26	|
|172	0	178	223	320	335	153	355	444	62	231	99	333	376	214	352	176	235	194	106	47	41	353	161	299	175	225	43	326	374	153	|
|56	178	0	110	204	162	93	233	336	125	144	148	187	226	358	180	313	284	123	152	182	185	282	252	256	88	329	177	210	251	42	|
|166	223	110	0	102	150	199	327	431	194	253	237	113	156	431	228	296	386	44	140	248	208	389	218	366	48	287	200	108	344	148	|
|260	320	204	102	0	156	296	391	493	296	340	339	66	90	531	263	362	486	127	226	349	300	469	278	454	148	334	292	6	406	245	|
|198	335	162	150	156	0	239	255	351	286	245	307	93	106	518	111	442	423	194	280	344	335	349	367	352	182	437	327	158	266	199	|
|42	153	93	199	296	239	0	203	296	91	82	76	278	316	284	217	322	191	201	186	133	180	217	281	177	165	356	175	302	222	52	|
|197	355	233	327	391	255	203	0	104	294	125	266	340	361	436	151	524	276	352	377	330	383	109	477	146	319	553	377	395	19	222	|
|296	444	336	431	493	351	296	104	0	384	214	348	440	456	488	241	617	315	456	476	412	475	113	575	176	422	651	470	497	88	322	|
|110	62	125	194	296	286	91	294	384	0	171	55	298	340	238	292	233	210	176	118	58	91	298	201	248	148	273	87	302	313	94	|
|91	231	144	253	340	245	82	125	214	171	0	141	307	339	324	184	403	187	266	266	204	261	140	363	114	230	438	256	346	144	116	|
|112	99	148	237	339	307	76	266	348	55	141	0	332	373	212	292	275	156	225	173	64	137	254	253	200	194	322	135	345	284	108	|
|238	333	187	113	66	93	278	340	440	298	307	332	0	43	536	203	404	469	153	253	354	321	427	322	420	160	385	313	67	353	229	|
|275	376	226	156	90	106	316	361	456	340	339	373	43	0	578	216	443	507	194	295	397	364	453	361	451	203	421	356	88	372	268	|
|323	214	358	431	531	518	284	436	488	238	324	212	536	578	0	498	309	176	407	320	183	245	376	344	312	383	379	251	537	451	319	|
|183	352	180	228	263	111	217	151	241	292	184	292	203	216	498	0	492	371	266	328	345	364	255	426	272	242	501	356	266	159	198	|
|330	176	313	296	362	442	322	524	617	233	403	275	404	443	309	492	0	397	253	164	218	142	529	84	475	260	72	147	367	543	306	|
|232	235	284	386	486	423	191	276	315	210	187	156	469	507	176	371	397	0	379	327	188	276	202	396	139	346	456	277	492	289	242	|
|175	194	123	44	127	194	201	352	456	176	266	225	153	194	407	266	253	379	0	101	225	174	405	174	375	36	244	166	133	370	152	|
|181	106	152	140	226	280	186	377	476	118	266	173	253	295	320	328	164	327	101	0	148	76	403	100	360	98	177	69	232	396	155	|
|162	47	182	248	349	344	133	330	412	58	204	64	354	397	183	345	218	188	225	148	0	89	316	208	259	201	270	90	355	348	149	|
|191	41	185	208	300	335	180	383	475	91	261	137	321	364	245	364	142	276	174	76	89	0	388	119	336	162	185	8	306	402	169	|
|232	353	282	389	469	349	217	109	113	298	140	254	427	453	376	255	529	202	405	403	316	388	0	497	64	369	570	384	474	112	256	|
|280	161	252	218	278	367	281	477	575	201	363	253	322	361	344	426	84	396	174	100	208	119	497	0	449	187	77	119	283	496	255	|
|201	299	256	366	454	352	177	146	176	248	114	200	420	451	312	272	475	139	375	360	259	336	64	449	0	339	521	333	460	156	223	|
|139	175	88	48	148	182	165	319	422	148	230	194	160	203	383	242	260	346	36	98	201	162	369	187	339	0	260	153	154	337	116	|
|356	225	329	287	334	437	356	553	651	273	438	322	385	421	379	501	72	456	244	177	270	185	570	77	521	260	0	187	338	572	331	|
|185	43	177	200	292	327	175	377	470	87	256	135	313	356	251	356	147	277	166	69	90	8	384	119	333	153	187	0	298	396	163	|
|266	326	210	108	6	158	302	395	497	302	346	345	67	88	537	266	367	492	133	232	355	306	474	283	460	154	338	298	0	410	251	|
|216	374	251	344	406	266	222	19	88	313	144	284	353	372	451	159	543	289	370	396	348	402	112	496	156	337	572	396	410	0	241	|
|26	153	42	148	245	199	52	222	322	94	116	108	229	268	319	198	306	242	152	155	149	169	256	255	223	116	331	163	251	241	0	|

--------------------------------------------------------------------------------
Building model...
	using lazy and cut (CVRPSEP package)
Solving IRP LP...
--------------------------------------------------------------------------------

Gurobi 9.1.0 (linux64) logging started Sat Feb 13 12:46:04 2021

Gurobi Optimizer version 9.1.0 build v9.1.0rc0 (linux64)
Thread count: 32 physical cores, 32 logical processors, using up to 2 threads
Optimize a model with 1351 rows, 8014 columns and 20098 nonzeros
Model fingerprint: 0x84785856
Variable types: 574 continuous, 7440 integer (465 binary)
Coefficient statistics:
  Matrix range     [1e+00, 2e+09]
  Objective range  [1e-02, 7e+02]
  Bounds range     [1e+00, 3e+02]
  RHS range        [1e+00, 5e+03]
Warning: Model contains large matrix coefficients
         Consider reformulating model or setting NumericFocus parameter
         to avoid numerical issues.
Presolve removed 384 rows and 1089 columns
Presolve time: 0.20s
Presolved: 967 rows, 6925 columns, 16287 nonzeros
Variable types: 343 continuous, 6582 integer (6144 binary)

Root relaxation: objective 2.474945e+03, 1440 iterations, 0.05 seconds

    Nodes    |    Current Node    |     Objective Bounds      |     Work
 Expl Unexpl |  Obj  Depth IntInf | Incumbent    BestBd   Gap | It/Node Time

     0     0 2474.94541    0   92          - 2474.94541      -     -    0s
     0     0 2672.59669    0  121          - 2672.59669      -     -    0s
     0     0 2672.59669    0  118          - 2672.59669      -     -    0s
     0     0 3162.82543    0  178          - 3162.82543      -     -    0s
     0     0 3185.27260    0  201          - 3185.27260      -     -    1s
     0     0 3185.90358    0  204          - 3185.90358      -     -    1s
     0     0 3185.90358    0  204          - 3185.90358      -     -    1s
     0     0 3360.13227    0  240          - 3360.13227      -     -    1s
     0     0 3384.20828    0  262          - 3384.20828      -     -    1s
     0     0 3392.50875    0  268          - 3392.50875      -     -    1s
     0     0 3393.25141    0  268          - 3393.25141      -     -    1s
     0     0 3483.70342    0  309          - 3483.70342      -     -    2s
     0     0 3496.53934    0  295          - 3496.53934      -     -    2s
     0     0 3534.50029    0  339          - 3534.50029      -     -    2s
     0     0 3541.87893    0  369          - 3541.87893      -     -    2s
     0     0 3542.01841    0  363          - 3542.01841      -     -    2s
     0     0 3637.42836    0  310          - 3637.42836      -     -    3s
     0     0 3642.02374    0  304          - 3642.02374      -     -    3s
     0     0 3642.33629    0  328          - 3642.33629      -     -    3s
     0     0 3659.01983    0  326          - 3659.01983      -     -    3s
     0     0 3664.42485    0  358          - 3664.42485      -     -    3s
     0     0 3665.15680    0  379          - 3665.15680      -     -    3s
     0     0 3668.31511    0  294          - 3668.31511      -     -    3s
     0     0 3668.31511    0  249          - 3668.31511      -     -    4s
     0     2 3673.19230    0  267          - 3673.19230      -     -    5s
    84    84 3911.08113   24  237          - 3675.70152      -   270   10s
   231   242 5682.55434   82  149          - 3675.70152      -   194   15s
   531   544 4154.70507   19  159          - 3686.85911      -   139   20s
   733   683 5793.79708   73  249          - 3686.85911      -   134   25s
   753   696 6425.11441   94  525          - 3812.64002      -   130   30s
   758   700 8493.89265  193  577          - 3826.94651      -   129   50s
   770   708 5903.01237   79  480          - 3834.86993      -   127   55s
   783   716 3915.82280   12  536          - 3839.76978      -   125   60s
   799   728 8215.68000  149  487          - 3840.03192      -   138   65s
   819   742 5439.65499   56  583          - 3849.00476      -   135   70s
   832   750 8156.06670  161  572          - 3852.18786      -   133   75s
   846   760 6529.73580   98  536          - 3855.78076      -   131   80s
   859   771 3916.90491   28  471          - 3862.49183      -   151  107s
   860   771 4014.15104   28  424          - 3862.49183      -   153  156s
   877   785 3875.66229   33  476          - 3875.66229      -   163  160s
   917   812 3920.47369   43  548          - 3903.44486      -   182  165s
   947   833 3951.32179   50  513          - 3903.44486      -   195  170s
   989   862 4467.24750   60  293          - 3903.44486      -   210  175s
  1027   890 4104.52840   69  395          - 3903.44486      -   219  180s
  1065   919 4232.42993   79  430          - 3903.44486      -   230  185s
  1141   979 4352.62629  107  244          - 3903.44486      -   238  190s
  1246  1073 4855.98613  148  159          - 3903.44486      -   240  195s
  1405  1175 5787.81282  215   84          - 3903.67050      -   231  201s
* 1451  1122             237    7027.2100000 3903.67050  44.4%   226  201s
  1467  1118 infeasible  237      7027.21000 3911.10524  44.3%   228  205s
  1505  1150 4056.55007   43  370 7027.21000 3911.10524  44.3%   234  210s
  1567  1206 4176.05058   52  277 7027.21000 3911.10524  44.3%   238  216s
H 1579  1158                    6469.3100000 3911.10524  39.5%   240  216s
  1612  1202 4293.31217   55  248 6469.31000 3911.10524  39.5%   241  221s
  1701  1287 4548.11669   65  206 6469.31000 3911.10524  39.5%   241  226s
  1765  1284 4667.82500   71  186 6469.31000 3911.10524  39.5%   239  231s
  1839  1295 5100.56003   77  154 6469.31000 3911.10524  39.5%   240  237s
  1910  1375 5611.75676   96  123 6469.31000 3913.62167  39.5%   242  244s
  1985  1365 4041.32383   32  443 6469.31000 3913.62167  39.5%   242  247s
  2000  1378 4079.73369   34  454 6469.31000 3913.62167  39.5%   245  250s
  2037  1387 4311.76373   44  374 6469.31000 3913.62167  39.5%   251  257s
  2039  1411 4228.46982   45  351 6469.31000 3913.62167  39.5%   252  260s
  2102  1480 4458.38081   56  231 6469.31000 3913.62167  39.5%   257  266s
  2242  1522 5739.31981  104  133 6469.31000 3913.62167  39.5%   257  270s
  2315  1692 5091.71460   87  206 6469.31000 3913.62167  39.5%   256  278s
  2465  1692 5863.70380  101  165 6469.31000 3913.62167  39.5%   251  282s
  2515  1795 5718.79967  117  175 6469.31000 3913.62167  39.5%   252  286s
  2635  1798     cutoff  152      6469.31000 3917.22949  39.4%   248  291s
* 2702  1724             113    6381.3100000 3917.69434  38.6%   246  291s
* 2754  1681             110    6287.3100000 3917.69434  37.7%   245  294s
  2762  1758 5168.94530   65  160 6287.31000 3918.54763  37.7%   248  299s
  2849  1798 4084.11275   30  507 6287.31000 3918.54763  37.7%   247  303s
  2889  1829 4314.86491   34  383 6287.31000 3918.54763  37.7%   248  310s
  2973  1920 4486.48952   48  229 6287.31000 3918.54763  37.7%   252  319s
  3031  1990 4660.89765   56  213 6287.31000 3918.54763  37.7%   253  324s
  3111  2027 4953.24592   71  252 6287.31000 3918.54763  37.7%   253  329s
  3148  2087 5208.53700   81  224 6287.31000 3918.54763  37.7%   257  334s
  3191  2087 4930.24627   50  299 6287.31000 3918.54763  37.7%   257  335s
  3208  2227 5587.98073   93  139 6287.31000 3929.44042  37.5%   258  341s
  3407  2248 4275.93836   40  423 6287.31000 3930.65685  37.5%   252  370s
  3428  2302 4897.83162   53  264 6287.31000 3932.98522  37.4%   256  378s
  3491  2348 4197.29560   29  526 6287.31000 3932.98522  37.4%   257  383s
  3545  2436 4699.00644   41  283 6287.31000 3935.29550  37.4%   259  389s
  3611  2436 6157.09206  107   58 6287.31000 3935.29550  37.4%   256  390s
  3647  2494 4354.54488   43  380 6287.31000 3935.29550  37.4%   259  395s
  3721  2544 4621.93934   49  310 6287.31000 3935.29550  37.4%   260  401s
  3771  2669 4991.56409   59  275 6287.31000 3935.29550  37.4%   263  491s
  3908  2751 5682.24227   87  163 6287.31000 3946.35334  37.2%   261  505s
  4017  2771 4241.44254   36  357 6287.31000 3949.85106  37.2%   262  511s
  4034  2851 4426.41792   39  397 6287.31000 3949.85106  37.2%   267  518s
  4116  2947 4470.37040   45  290 6287.31000 3949.85106  37.2%   269  525s
  4158  2947 5622.17334   74   99 6287.31000 3949.85106  37.2%   270  581s
  4231  3127 4979.72718   63  161 6287.31000 3959.45680  37.0%   269  591s
  4435  3195 6063.13935  110   33 6287.31000 3973.11929  36.8%   265  600s
  4537  3272 4893.30629   53  151 6287.31000 3973.33219  36.8%   266  611s
  4610  3283     cutoff   81      6287.31000 3975.40762  36.8%   266  631s
  4631  3333 4394.88752   35  443 6287.31000 3975.40762  36.8%   271  646s
  4681  3447 5376.64542   59  165 6287.31000 3976.24755  36.8%   273  656s
  4840  3490 4359.99977   35  427 6287.31000 3976.68428  36.8%   271  664s
  4883  3558 5362.75631   59  215 6287.31000 3980.87007  36.7%   274  673s
  4978  3626 4661.95672   44  341 6287.31000 3980.90498  36.7%   275  748s
  5062  3688 4489.76585   35  399 6287.31000 3980.90498  36.7%   277  757s
  5140  3815 4750.24738   42  239 6287.31000 3980.90498  36.7%   279  767s
  5277  3986 5071.77653   52  178 6287.31000 3982.96539  36.7%   279  783s
  5332  3986 5525.03672   75  140 6287.31000 3982.96539  36.7%   279  839s
* 5473  3311             104    5862.3100000 3983.99425  32.0%   277  839s
  5491  3348 4370.50654   53  417 5862.31000 3983.99425  32.0%   279  849s
  5589  3374     cutoff  116      5862.31000 3984.13612  32.0%   280  859s
  5633  3422 4370.83977   45  457 5862.31000 3984.26402  32.0%   284  869s
  5681  3525 4840.84376   61  223 5862.31000 3984.26402  32.0%   288  912s
  5786  3633 5598.97339   95  118 5862.31000 3984.30804  32.0%   291  923s
  5934  3728 4948.19272   73  234 5862.31000 3984.91615  32.0%   291  936s
  6058  3795 4751.57689   45  181 5862.31000 3986.89798  32.0%   293  948s
  6147  3842 4314.02498   49  530 5862.31000 3987.05756  32.0%   295  976s
  6194  4047 4654.10959   61  244 5862.31000 3987.05756  32.0%   299  989s
  6260  4047 4995.43814   96  110 5862.31000 3987.05756  32.0%   300  990s
  6399  4141 5293.67736  103  148 5862.31000 3993.72002  31.9%   298 1003s
  6552  4231 5142.20894   57  217 5862.31000 3998.95090  31.8%   298 1024s
  6664  4331 5136.39879   39  250 5862.31000 4001.06729  31.7%   299 1037s
  6783  4391 5398.69763   51  146 5862.31000 4001.39803  31.7%   300 1049s
  6851  4464 4498.18657   48  407 5862.31000 4001.39803  31.7%   303 1061s
  6936  4515 5726.24392   63  144 5862.31000 4002.48392  31.7%   305 1074s
  6974  4515 5125.87032   50  280 5862.31000 4002.61003  31.7%   307 1075s
  7031  4608 4379.61465   47  506 5862.31000 4003.16714  31.7%   307 1091s
  7160  4687 4277.59993   34  286 5862.31000 4004.65734  31.7%   309 1108s
  7266  4782 4330.70707   28  440 5862.31000 4006.43260  31.7%   311 1125s
  7379  4874 4276.25573   41  374 5862.31000 4007.23130  31.6%   313 1157s
  7498  4986 4194.48156   28  454 5862.31000 4008.34916  31.6%   316 1175s
  7617  5058 4293.15985   33  379 5862.31000 4010.15024  31.6%   317 1192s
  7716  5149 4323.76228   33  399 5862.31000 4010.33763  31.6%   319 1209s
  7830  5232 4583.80737   41  424 5862.31000 4010.33763  31.6%   321 1229s
  7931  5308     cutoff   68      5862.31000 4012.55645  31.6%   324 1329s
  8035  5390 4395.64431   30  381 5862.31000 4025.31661  31.3%   327 1346s
  8130  5481     cutoff   61      5862.31000 4025.81911  31.3%   329 1364s
  8257  5564 4800.05259   59  338 5862.31000 4027.43822  31.3%   329 1381s
  8374  5607 4832.02702   44  418 5862.31000 4029.94363  31.3%   330 1399s
  8447  5671 4543.27175   56  310 5862.31000 4030.15676  31.3%   334 1419s
  8495  5671 4762.06495   57  326 5862.31000 4030.15676  31.3%   336 1420s
  8511  5880 5196.66624   80  100 5862.31000 4031.30435  31.2%   336 1453s
  8782  5960 4883.77986   38  427 5862.31000 4038.49368  31.1%   336 1470s
  8857  6032 4590.17160   51  331 5862.31000 4041.48232  31.1%   338 1488s
H 8905  6024                    5859.3100000 4041.48232  31.0%   338 1488s
  8946  6138 4382.69268   56  457 5859.31000 4042.23818  31.0%   339 1671s
  9088  6233 5041.63974   66  239 5859.31000 4046.16528  30.9%   339 1689s
  9199  6339 5191.30675   75  325 5859.31000 4047.30881  30.9%   341 1771s
  9352  6438 4547.12790   35  293 5859.31000 4049.24582  30.9%   342 1796s
  9477  6515 4346.95754   59  525 5859.31000 4051.07202  30.9%   342 1815s
  9573  6624 4298.75956   50  527 5859.31000 4053.69594  30.8%   344 1836s
  9716  6731 4192.11486   32  201 5859.31000 4055.99179  30.8%   345 1855s
  9844  6766 4716.11248   36  323 5859.31000 4056.72805  30.8%   347 1873s
  9879  6814 4748.21652   47  321 5859.31000 4056.72805  30.8%   351 1890s
  9927  6951 5017.44720   54  194 5859.31000 4056.72805  30.8%   355 2064s
  9984  6951 5166.58892   68   87 5859.31000 4056.72805  30.8%   355 2065s
 10064  7074 5543.81248   75  179 5859.31000 4058.74019  30.7%   357 2098s
*10171  6808              99    5777.7100000 4058.74019  29.8%   354 2099s
 10257  6932     cutoff  103      5777.71000 4060.23528  29.7%   358 2122s
 10399  7117 4470.84937   60  382 5777.71000 4061.69438  29.7%   360 2146s
 10650  7176 4547.83113   61  413 5777.71000 4061.99916  29.7%   358 2165s
H10717  5939                    5515.7100000 4061.99916  26.4%   362 2197s
 10777  5939 4301.37952   38  573 5515.71000 4065.98161  26.3%   362 2254s
H10837  5613                    5464.7100000 4065.98161  25.6%   362 2276s
 10871  5682 4206.74726   40  278 5464.71000 4072.19778  25.5%   363 2296s
 10966  5725 4357.03083   35  227 5464.71000 4073.45050  25.5%   366 2316s
 11009  5901 4609.38644   46  146 5464.71000 4079.22288  25.4%   370 2338s
 11209  6004 4497.12595   48  415 5464.71000 4079.82322  25.3%   370 2359s
 11359  6060     cutoff  106      5464.71000 4081.18851  25.3%   370 2436s
 11439  6124 4369.77616   39  367 5464.71000 4081.18851  25.3%   373 2499s
 11523  6196 5081.01232   50  272 5464.71000 4084.13894  25.3%   376 2519s
 11621  6243 5412.21695   70   83 5464.71000 4084.65529  25.3%   378 2540s
 11689  6287 4581.24696   55  400 5464.71000 4084.71744  25.3%   381 2560s
 11733  6401 5096.40832   67  183 5464.71000 4084.81586  25.3%   385 2585s
 11872  6489 4411.52778   45  240 5464.71000 4084.87988  25.2%   386 2607s
H11933  6428                    5452.3200000 4088.63529  25.0%   387 2607s
 11989  6517 4699.90583   51  352 5452.32000 4089.90073  25.0%   388 2631s
 12105  6609 4172.21889   44  530 5452.32000 4094.40745  24.9%   389 2655s
 12229  6654 4406.43970   45  412 5452.32000 4104.82295  24.7%   391 2678s
 12286  6731 4241.08623   37  430 5452.32000 4104.82295  24.7%   395 2890s
H12387  5743                    5284.0000000 4104.82295  22.3%   398 2974s
 12420  5743 4424.32154   67  431 5284.00000 4104.82295  22.3%   400 2975s
 12498  5774     cutoff   52      5284.00000 4109.24545  22.2%   400 2996s
 12576  5835 4852.57401   45  344 5284.00000 4112.38937  22.2%   403 3122s
 12660  5905 5030.91509   74  341 5284.00000 4112.81088  22.2%   405 3145s
 12762  5951 4322.33091   45  551 5284.00000 4113.13998  22.2%   407 3326s
 12816  6037 5261.45716   72  174 5284.00000 4115.04651  22.1%   408 3354s
 12972  6104     cutoff   59      5284.00000 4117.32959  22.1%   408 3380s
H12976  5463                    5193.2200000 4117.32959  20.7%   408 3380s
 13090  5534 4408.91232   45  281 5193.22000 4118.78090  20.7%   411 3405s
 13189  5608 4759.96440   50  327 5193.22000 4120.08592  20.7%   414 3505s
H13312  5312                    5141.8300000 4120.98008  19.9%   416 3535s
H13321  5049                    5102.2000000 4123.61542  19.2%   416 3535s
 13426  5095 4465.49904   36  279 5102.20000 4124.71101  19.2%   418 3565s
 13525  5179 4428.65713   36  472 5102.20000 4128.56232  19.1%   422 3590s
 13656  5196 4481.12074   38  300 5102.20000 4130.42361  19.0%   424 3600s

Cutting planes:
  User: 6324
  Gomory: 27
  Cover: 473
  Implied bound: 192
  Projected implied bound: 20
  Clique: 32
  MIR: 172
  StrongCG: 5
  Flow cover: 405
  GUB cover: 5
  Inf proof: 1
  Zero half: 28
  RLT: 322
  Relax-and-lift: 9
  Lazy constraints: 610

Explored 13673 nodes (5832568 simplex iterations) in 3600.11 seconds
Thread count was 2 (of 32 available processors)

Solution count 10: 5102.2 5141.83 5193.22 ... 5862.31

Time limit reached
Best objective 5.102200000000e+03, best bound 4.130423606560e+03, gap 19.0462%

User-callback calls 246249, time in user-callback 1146.27 sec
================================================================================
executing instance: ./input/Instances/Original/4/absH3low_3n10.dat
--------------------------------------------------------------------------------
Instance details
n	11
H	3
C	687
Li:
[0, 0, 0, 0, 0, 0, 0, 0, 0, 0, 0, ]
Ui:
[0, 189, 44, 174, 78, 36, 198, 117, 42, 96, 240, ]
Distance matrix:
|0	209	255	286	142	156	285	317	182	161	135	|
|209	0	464	451	315	356	490	469	361	299	260	|
|255	464	0	221	202	130	74	280	189	254	273	|
|286	451	221	0	145	156	164	479	354	153	192	|
|142	315	202	145	0	73	194	388	250	53	73	|
|156	356	130	156	73	0	134	332	200	127	144	|
|285	490	74	164	194	134	0	353	256	239	267	|
|317	469	280	479	388	332	353	0	141	436	430	|
|182	361	189	354	250	200	256	141	0	296	289	|
|161	299	254	153	53	127	239	436	296	0	39	|
|135	260	273	192	73	144	267	430	289	39	0	|

--------------------------------------------------------------------------------
Building model...
	using lazy and cut (CVRPSEP package)
Solving IRP LP...
--------------------------------------------------------------------------------

Gurobi 9.1.0 (linux64) logging started Sat Feb 13 13:46:28 2021

Gurobi Optimizer version 9.1.0 build v9.1.0rc0 (linux64)
Thread count: 32 physical cores, 32 logical processors, using up to 2 threads
Optimize a model with 491 rows, 1184 columns and 3758 nonzeros
Model fingerprint: 0xe8c54a06
Variable types: 194 continuous, 990 integer (165 binary)
Coefficient statistics:
  Matrix range     [1e+00, 2e+03]
  Objective range  [1e-02, 5e+02]
  Bounds range     [1e+00, 2e+02]
  RHS range        [1e+00, 1e+03]
Presolve removed 181 rows and 451 columns
Presolve time: 0.06s
Presolved: 310 rows, 733 columns, 2269 nonzeros
Variable types: 88 continuous, 645 integer (518 binary)
Found heuristic solution: objective 6565.3500000

Root relaxation: objective 2.254391e+03, 562 iterations, 0.01 seconds

    Nodes    |    Current Node    |     Objective Bounds      |     Work
 Expl Unexpl |  Obj  Depth IntInf | Incumbent    BestBd   Gap | It/Node Time

     0     0 2254.39077    0   52 6565.35000 2254.39077  65.7%     -    0s
H    0     0                    6358.3500000 2254.39077  64.5%     -    0s
     0     0 2688.20300    0   74 6358.35000 2688.20300  57.7%     -    0s
H    0     0                    5782.0100000 2688.20300  53.5%     -    0s
     0     0 2934.54346    0   84 5782.01000 2934.54346  49.2%     -    0s
H    0     0                    4657.3600000 2934.54346  37.0%     -    0s
H    0     0                    4487.8400000 2934.54346  34.6%     -    0s
     0     0 2956.86630    0   70 4487.84000 2956.86630  34.1%     -    0s
     0     0 2959.90314    0   78 4487.84000 2959.90314  34.0%     -    0s
     0     0 3105.50169    0   82 4487.84000 3105.50169  30.8%     -    0s
H    0     0                    4463.3600000 3105.50169  30.4%     -    0s
     0     0 3111.31431    0   82 4463.36000 3111.31431  30.3%     -    0s
     0     0 3166.47644    0  146 4463.36000 3166.47644  29.1%     -    0s
H    0     0                    4230.3600000 3166.47644  25.1%     -    0s
     0     0 3188.61234    0  122 4230.36000 3188.61234  24.6%     -    0s
     0     0 3191.56903    0  142 4230.36000 3191.56903  24.6%     -    0s
     0     0 3191.64512    0  151 4230.36000 3191.64512  24.6%     -    0s
     0     0 3230.11075    0  140 4230.36000 3230.11075  23.6%     -    0s
     0     0 3234.13444    0  130 4230.36000 3234.13444  23.5%     -    0s
     0     0 3235.34609    0  134 4230.36000 3235.34609  23.5%     -    0s
     0     0 3244.59658    0  109 4230.36000 3244.59658  23.3%     -    0s
H    0     0                    4180.3600000 3244.59658  22.4%     -    0s
     0     0 3245.28366    0  115 4180.36000 3245.28366  22.4%     -    0s
     0     0 3246.23308    0  167 4180.36000 3246.23308  22.3%     -    0s
     0     0 3246.23308    0  161 4180.36000 3246.23308  22.3%     -    0s
     0     2 3246.61469    0  161 4180.36000 3246.61469  22.3%     -    0s
H   28    31                    4178.8400000 3345.74842  19.9%  82.5    0s
H   61    59                    3988.8400000 3345.74842  16.1%  64.8    0s
H  139   105                    3828.3600000 3356.12171  12.3%  49.7    0s
*  284   118              19    3771.3200000 3453.33136  8.43%  45.5    1s
*  402   107              12    3713.5800000 3461.85779  6.78%  42.0    1s
*  674    49              15    3712.3200000 3607.26992  2.83%  38.4    1s

Cutting planes:
  User: 15
  Gomory: 7
  Cover: 104
  Implied bound: 58
  Clique: 16
  MIR: 41
  StrongCG: 5
  Flow cover: 50
  GUB cover: 3
  Inf proof: 1
  Zero half: 2
  Network: 3
  RLT: 57
  Relax-and-lift: 16
  Lazy constraints: 3

Explored 742 nodes (29273 simplex iterations) in 1.96 seconds
Thread count was 2 (of 32 available processors)

Solution count 10: 3712.32 3713.58 3771.32 ... 4487.84

Optimal solution found (tolerance 1.00e-04)
Best objective 3.712320000000e+03, best bound 3.712320000000e+03, gap 0.0000%

User-callback calls 2094, time in user-callback 0.25 sec
================================================================================
executing instance: ./input/Instances/Original/4/absH3low_3n15.dat
--------------------------------------------------------------------------------
Instance details
n	16
H	3
C	1267
Li:
[0, 0, 0, 0, 0, 0, 0, 0, 0, 0, 0, 0, 0, 0, 0, 0, ]
Ui:
[0, 156, 267, 148, 144, 87, 33, 171, 76, 141, 270, 282, 60, 110, 172, 57, ]
Distance matrix:
|0	229	567	76	58	96	306	409	310	423	108	346	165	347	159	256	|
|229	0	482	243	279	155	375	525	251	419	158	373	65	123	329	246	|
|567	482	0	506	622	483	342	439	259	200	467	274	486	433	501	312	|
|76	243	506	0	119	88	230	337	255	352	88	272	179	347	94	194	|
|58	279	622	119	0	154	345	431	366	471	166	391	217	399	179	310	|
|96	155	483	88	154	0	266	397	224	358	17	289	92	262	176	179	|
|306	375	342	230	345	266	0	158	184	148	251	68	332	423	181	140	|
|409	525	439	337	431	397	158	0	340	244	386	201	476	581	253	298	|
|310	251	259	255	366	224	184	340	0	170	208	146	238	257	274	66	|
|423	419	200	352	471	358	148	244	170	0	341	84	396	424	323	182	|
|108	158	467	88	166	17	251	386	208	341	0	273	96	259	172	162	|
|346	373	274	272	391	289	68	201	146	84	273	0	340	400	239	127	|
|165	65	486	179	217	92	332	476	238	396	96	340	0	182	267	216	|
|347	123	433	347	399	262	423	581	257	424	259	400	182	0	423	283	|
|159	329	501	94	179	176	181	253	274	323	172	239	267	423	0	208	|
|256	246	312	194	310	179	140	298	66	182	162	127	216	283	208	0	|

--------------------------------------------------------------------------------
Building model...
	using lazy and cut (CVRPSEP package)
Solving IRP LP...
--------------------------------------------------------------------------------

Gurobi 9.1.0 (linux64) logging started Sat Feb 13 13:46:30 2021

Gurobi Optimizer version 9.1.0 build v9.1.0rc0 (linux64)
Thread count: 32 physical cores, 32 logical processors, using up to 2 threads
Optimize a model with 706 rows, 2329 columns and 6718 nonzeros
Model fingerprint: 0x7789f5cc
Variable types: 289 continuous, 2040 integer (240 binary)
Coefficient statistics:
  Matrix range     [1e+00, 7e+04]
  Objective range  [1e-02, 6e+02]
  Bounds range     [1e+00, 3e+02]
  RHS range        [1e+00, 2e+03]
Presolve removed 226 rows and 567 columns
Presolve time: 0.08s
Presolved: 480 rows, 1762 columns, 4761 nonzeros
Variable types: 158 continuous, 1604 integer (1400 binary)

Root relaxation: objective 2.121857e+03, 847 iterations, 0.02 seconds

    Nodes    |    Current Node    |     Objective Bounds      |     Work
 Expl Unexpl |  Obj  Depth IntInf | Incumbent    BestBd   Gap | It/Node Time

     0     0 2121.85731    0   76          - 2121.85731      -     -    0s
     0     0 2528.44273    0  105          - 2528.44273      -     -    0s
     0     0 2535.23328    0  116          - 2535.23328      -     -    0s
     0     0 2535.66191    0  109          - 2535.66191      -     -    0s
     0     0 2535.66191    0  110          - 2535.66191      -     -    0s
     0     0 2910.84660    0  157          - 2910.84660      -     -    0s
     0     0 2991.22977    0  157          - 2991.22977      -     -    0s
     0     0 3088.61375    0  152          - 3088.61375      -     -    0s
     0     0 3090.70860    0  153          - 3090.70860      -     -    0s
     0     0 3091.50522    0  146          - 3091.50522      -     -    0s
     0     0 3154.12817    0  195          - 3154.12817      -     -    0s
     0     0 3175.39944    0  183          - 3175.39944      -     -    0s
     0     0 3186.89876    0  228          - 3186.89876      -     -    0s
     0     0 3197.65101    0  219          - 3197.65101      -     -    0s
     0     0 3200.50511    0  231          - 3200.50511      -     -    0s
     0     0 3200.83220    0  221          - 3200.83220      -     -    0s
     0     0 3234.18969    0  227          - 3234.18969      -     -    0s
     0     0 3237.66170    0  175          - 3237.66170      -     -    0s
     0     0 3238.06768    0  174          - 3238.06768      -     -    0s
     0     0 3244.22747    0  208          - 3244.22747      -     -    0s
     0     0 3244.22747    0  208          - 3244.22747      -     -    0s
     0     2 3246.76011    0  208          - 3246.76011      -     -    0s
*  187   175              65    6059.2000000 3301.70870  45.5%   130    2s
H  188   175                    6050.2000000 3301.70870  45.4%   129    2s
H  188   173                    5854.2000000 3301.70870  43.6%   129    2s
*  241   216              82    5815.5700000 3316.78330  43.0%   115    3s
*  411   298              41    5072.2000000 3381.83730  33.3%   111    4s
   440   295 3654.36376    5  188 5072.20000 3381.83730  33.3%   108    5s
H  452   299                    5054.2400000 3381.83730  33.1%   112    5s
H  734   468                    5034.2400000 3414.15084  32.2%   124    8s
   747   476 4144.23957   12  204 5034.24000 3414.15084  32.2%   122   10s
H  753   457                    4984.2400000 3414.15084  31.5%   127   11s
   806   497 3798.26911   22  157 4984.24000 3414.15084  31.5%   136   15s
H  838   495                    4931.2000000 3414.15084  30.8%   138   15s
H  903   499                    4805.2000000 3414.15084  28.9%   140   17s
H  999   528                    4800.4600000 3456.47802  28.0%   143   19s
  1003   540 3919.71808   32  160 4800.46000 3456.47802  28.0%   143   20s
* 1109   536              59    4640.6800000 3456.47802  25.5%   140   21s
H 1144   514                    4618.6800000 3463.71130  25.0%   140   22s
  1274   559     cutoff   23      4618.68000 3512.34277  24.0%   144   25s
  1527   647 3837.45462   19  235 4618.68000 3570.93151  22.7%   147   30s
  1747   698 4180.31689   18  160 4618.68000 3610.72382  21.8%   148   42s
  1928   788 4370.17333   18  112 4618.68000 3625.84345  21.5%   147   45s
  2135   925 4058.74829   17  219 4618.68000 3653.82708  20.9%   144   50s
  2448  1116     cutoff   34      4618.68000 3691.76912  20.1%   145   55s
  2713  1259 3872.51910   21  196 4618.68000 3720.13417  19.5%   146   60s
  2732  1259 4579.50823   25   84 4618.68000 3720.13417  19.5%   147  105s
  2999  1393 4267.28578   28  185 4618.68000 3778.47876  18.2%   148  111s
  3354  1560 4508.07460   38  200 4618.68000 3814.59129  17.4%   145  116s
  3669  1709 infeasible   31      4618.68000 3833.17677  17.0%   146  121s
* 3777  1637              33    4525.9000000 3842.65259  15.1%   145  123s
  3900  1664     cutoff   17      4525.90000 3855.95405  14.8%   145  126s
H 3991  1712                    4524.9400000 3863.91239  14.6%   145  128s
  4126  1742     cutoff   26      4524.94000 3876.32807  14.3%   146  130s
  4376  1816 4310.55048   27  180 4524.94000 3892.61434  14.0%   147  135s
  4697  1904 4353.78200   19  219 4524.94000 3908.63410  13.6%   149  140s
  4942  1982     cutoff   20      4524.94000 3920.54523  13.4%   149  145s
  5223  2071 4410.30267   38  136 4524.94000 3939.60991  12.9%   150  151s
  5506  2140 4253.15164   22  188 4524.94000 3951.33210  12.7%   152  157s
  5678  2173     cutoff   32      4524.94000 3958.14090  12.5%   153  161s
  6039  2290 4378.60496   27   94 4524.94000 3976.07427  12.1%   154  167s
  6283  2317 4299.32797   26  181 4524.94000 3989.42662  11.8%   154  171s
  6601  2409 4230.95689   25  132 4524.94000 4003.89064  11.5%   156  177s
  6841  2426 4191.16077   23  213 4524.94000 4011.27971  11.4%   156  261s
  6900  2426 4461.45047   30  158 4524.94000 4017.13284  11.2%   156  283s
  6957  2484 4178.17045   22  182 4524.94000 4017.54242  11.2%   156  286s
  7280  2521 4225.91059   28  136 4524.94000 4027.34672  11.0%   156  290s
  7539  2637 4140.43690   22  256 4524.94000 4034.58638  10.8%   157  297s
  7745  2698 4444.49129   36   76 4524.94000 4043.31105  10.6%   157  306s
  8193  2754 4338.31112   28  141 4524.94000 4055.68463  10.4%   157  313s
  8367  2804     cutoff   22      4524.94000 4063.15745  10.2%   158  316s
  8763  2870     cutoff   20      4524.94000 4073.90913  10.0%   159  323s
  8923  2913 4302.93259   27  102 4524.94000 4077.00329  9.90%   159  326s
  9116  2947     cutoff   32      4524.94000 4081.56573  9.80%   159  330s
H 9374  2212                    4395.6800000 4088.59575  6.99%   159  333s
  9678  2194 4297.38474   24  215 4395.68000 4098.28370  6.77%   158  340s
 10089  2192 4348.74995   28  132 4395.68000 4117.19705  6.34%   158  347s
 10332  2191 4325.96381   23  227 4395.68000 4125.08421  6.16%   158  350s
 10744  2194     cutoff   24      4395.68000 4140.23343  5.81%   159  357s
 10913  2179 4328.95870   33  107 4395.68000 4147.66110  5.64%   159  360s
H10968  2039                    4382.5600000 4147.66110  5.36%   159  360s
 11338  1945 4243.30133   23  114 4382.56000 4164.90212  4.97%   159  366s
 11751  1860     cutoff   29      4382.56000 4182.41901  4.57%   158  372s
 11928  1808 4265.00265   29  136 4382.56000 4192.40983  4.34%   158  375s
 12325  1694 4326.71757   25  145 4382.56000 4209.56264  3.95%   158  495s
 12824  1498     cutoff   24      4382.56000 4232.74837  3.42%   157  501s
 13388  1279 infeasible   28      4382.56000 4254.89218  2.91%   156  506s
 13889  1018     cutoff   24      4382.56000 4272.72487  2.51%   154  512s
 14508   678     cutoff   38      4382.56000 4299.61389  1.89%   151  515s

Cutting planes:
  User: 1309
  Gomory: 12
  Cover: 201
  Implied bound: 139
  Projected implied bound: 12
  Clique: 44
  MIR: 122
  StrongCG: 4
  Flow cover: 136
  GUB cover: 2
  Inf proof: 6
  Zero half: 4
  Mod-K: 1
  Network: 1
  RLT: 175
  Relax-and-lift: 28
  Lazy constraints: 175

Explored 15547 nodes (2257493 simplex iterations) in 519.20 seconds
Thread count was 2 (of 32 available processors)

Solution count 10: 4382.56 4395.68 4524.94 ... 4984.24

Optimal solution found (tolerance 1.00e-04)
Best objective 4.382560000000e+03, best bound 4.382560000000e+03, gap 0.0000%

User-callback calls 54668, time in user-callback 130.08 sec
================================================================================
executing instance: ./input/Instances/Original/4/absH3low_2n45.dat
--------------------------------------------------------------------------------
Instance details
n	46
H	3
C	3171
Li:
[0, 0, 0, 0, 0, 0, 0, 0, 0, 0, 0, 0, 0, 0, 0, 0, 0, 0, 0, 0, 0, 0, 0, 0, 0, 0, 0, 0, 0, 0, 0, 0, 0, 0, 0, 0, 0, 0, 0, 0, 0, 0, 0, 0, 0, 0, ]
Ui:
[0, 246, 160, 78, 20, 87, 144, 40, 20, 82, 60, 96, 24, 136, 160, 108, 160, 26, 228, 51, 24, 240, 231, 70, 32, 105, 174, 114, 246, 126, 132, 76, 22, 42, 255, 132, 148, 162, 66, 111, 102, 240, 123, 201, 297, 78, ]
Distance matrix:
|0	148	402	550	329	420	187	318	366	280	504	273	233	333	112	344	379	481	113	593	159	523	261	424	90	359	163	461	413	240	105	299	265	89	371	462	339	273	495	22	41	439	369	506	563	468	|
|148	0	284	517	394	284	136	369	244	311	496	166	329	355	223	202	338	388	204	565	254	506	118	346	71	423	173	471	336	118	105	352	198	105	248	428	302	305	487	153	179	441	230	497	517	370	|
|402	284	0	350	448	80	228	406	42	343	382	129	456	350	412	126	219	131	382	395	410	371	180	137	314	466	289	400	137	167	389	401	169	316	39	280	217	342	373	394	414	362	108	380	324	106	|
|550	517	350	0	339	429	385	308	374	295	93	375	431	249	481	461	180	239	458	48	445	57	474	214	496	333	387	160	216	424	601	321	320	471	376	90	217	301	93	530	534	146	452	88	52	262	|
|329	394	448	339	0	513	282	42	438	105	255	363	115	108	221	484	259	431	217	365	172	289	436	362	333	30	224	189	353	380	423	47	291	296	443	285	240	107	251	307	294	193	495	260	378	437	|
|420	284	80	429	513	0	267	473	76	408	462	163	509	421	449	86	298	201	421	474	455	451	167	217	330	533	333	478	217	181	386	466	225	341	70	360	291	406	453	416	438	440	59	460	400	176	|
|187	136	228	385	282	267	0	249	199	186	360	104	248	224	184	214	207	294	155	432	189	371	155	237	113	308	68	336	227	101	216	236	78	98	205	296	168	181	350	174	190	305	231	360	390	283	|
|318	369	406	308	42	473	249	0	397	66	229	325	128	67	216	447	218	389	206	337	168	260	402	320	311	61	196	167	311	345	406	19	252	275	403	248	198	70	223	296	286	164	457	233	344	395	|
