




arguments: ./build/bc_mirp -f ./input/orig_exec_46.cfg
Current dir: /scratch/gui/bc_mirp
File verbosity level: 9
date       time         ( uptime  ) [ thread name/id ]                   file:line     v| 
2021-02-06 18:51:56.402 (   0.113s) [main thread     ]             loguru.cpp:789   INFO| Logging to './output/vi_vc+lex_full/OU/V5/Original/execution_06_02_2021_18_51_56.log', mode: 'a', verbosity: 9
--------------------------------------------------------------------------------
Parameters
                           instance_path           ./input/Instances/Original/1/
                            model_policy                                       1
                             nb_vehicles                                       5
                              output_dir ./output/vi_vc+lex_full/OU/V5/Original/
                            sec_strategy                                       1
                       solver_nb_threads                                       2
                         solver_show_log                                    true
                       solver_time_limit                                    3600
                              use_vi_cos                                   false
                              use_vi_cus                                   false
                         use_vi_hc1_full                                   false
                         use_vi_hc1_half                                   false
                      use_vi_hc1_quarter                                   false
                              use_vi_hc2                                   false
                              use_vi_hc3                                   false
                         use_vi_lex_full                                    true
                         use_vi_lex_half                                   false
                      use_vi_lex_quarter                                   false
                              use_vi_qua                                   false
                               use_vi_vc                                    true
                               use_vi_vr                                   false
--------------------------------------------------------------------------------
executing instance: ./input/Instances/Original/1/absH3high_1n5.dat
--------------------------------------------------------------------------------
Instance details
n	6
H	3
C	289
Li:
[0, 0, 0, 0, 0, 0, ]
Ui:
[0, 195, 105, 116, 72, 22, ]
Distance matrix:
|0	85	349	17	203	289	|
|85	0	265	102	214	226	|
|349	265	0	366	368	238	|
|17	102	366	0	207	302	|
|203	214	368	207	0	431	|
|289	226	238	302	431	0	|

--------------------------------------------------------------------------------
Building model...
	using lazy and cut (CVRPSEP package)
Solving IRP LP...
--------------------------------------------------------------------------------

Gurobi 9.1.0 (linux64) logging started Sat Feb  6 18:51:57 2021

Gurobi Optimizer version 9.1.0 build v9.1.0rc0 (linux64)
Thread count: 32 physical cores, 32 logical processors, using up to 2 threads
Optimize a model with 276 rows, 414 columns and 1548 nonzeros
Model fingerprint: 0x909702ad
Variable types: 99 continuous, 315 integer (90 binary)
Coefficient statistics:
  Matrix range     [1e+00, 2e+02]
  Objective range  [2e-01, 4e+02]
  Bounds range     [1e+00, 2e+02]
  RHS range        [1e+00, 5e+02]
Presolve removed 24 rows and 44 columns
Presolve time: 0.01s

Explored 0 nodes (0 simplex iterations) in 0.01 seconds
Thread count was 1 (of 32 available processors)

Solution count 0

Model is infeasible
Best objective -, best bound -, gap -

User-callback calls 34, time in user-callback 0.00 sec

Computing Irreducible Inconsistent Subsystem (IIS)...

           Constraints          |            Bounds           |  Runtime
      Min       Max     Guess   |   Min       Max     Guess   |
--------------------------------------------------------------------------
        0       276         -         0       569         -           0s
       52        94        52         0       203         -           6s
       52        86        52         0       181         -          10s
       54        76        54         0       172         -          15s
       55        64        55         0       152         -          20s
       59        59         -         0       140         -          25s
       59        59         -        40       133       133          30s
       59        59         -        78       119       119          35s
       59        59         -        78       111       111          40s
       59        59         -        78       100       100          45s
       59        59         -        78        91        91          50s
       59        59         -        78        82        82          55s
       59        59         -        78        78         -          58s

IIS computed: 59 constraints, 78 bounds
IIS runtime: 57.60 seconds
================================================================================
executing instance: ./input/Instances/Original/1/absH3high_1n45.dat
--------------------------------------------------------------------------------
Instance details
n	46
H	3
C	3462
Li:
[0, 0, 0, 0, 0, 0, 0, 0, 0, 0, 0, 0, 0, 0, 0, 0, 0, 0, 0, 0, 0, 0, 0, 0, 0, 0, 0, 0, 0, 0, 0, 0, 0, 0, 0, 0, 0, 0, 0, 0, 0, 0, 0, 0, 0, 0, ]
Ui:
[0, 273, 270, 36, 165, 192, 148, 45, 30, 75, 180, 198, 112, 117, 90, 64, 180, 22, 264, 174, 168, 270, 86, 66, 26, 66, 237, 156, 92, 108, 144, 72, 30, 45, 94, 54, 174, 96, 198, 136, 44, 180, 210, 249, 198, 48, ]
Distance matrix:
|0	281	201	160	249	201	93	431	236	139	252	136	116	166	390	110	349	374	303	180	327	464	236	70	44	461	346	439	363	254	312	426	305	206	71	137	169	200	247	260	20	219	256	253	460	278	|
|281	0	448	170	53	142	338	184	121	290	371	390	222	302	111	289	169	434	230	177	238	441	59	212	319	211	86	235	399	306	53	176	99	202	263	157	361	101	370	201	264	344	364	374	469	184	|
|201	448	0	285	430	325	114	556	361	171	191	64	228	174	546	294	453	306	364	289	388	435	393	254	157	585	491	536	318	254	490	554	436	407	266	292	108	388	186	337	207	181	205	190	408	364	|
|160	170	285	0	169	43	182	280	80	120	208	231	58	132	262	230	190	294	151	24	174	345	112	107	183	309	207	280	268	158	219	276	155	235	187	45	192	150	205	107	140	177	202	210	356	119	|
|249	53	430	169	0	152	317	238	145	282	377	369	212	299	157	242	215	452	261	183	273	474	76	181	290	264	140	287	421	320	63	229	145	148	221	142	352	53	374	226	234	346	370	378	498	215	|
|201	142	325	43	152	0	224	237	37	156	230	273	101	164	224	261	148	300	127	38	147	333	83	142	225	266	167	238	270	168	193	233	112	246	221	70	228	148	228	84	180	202	222	232	351	87	|
|93	338	114	182	317	224	0	460	262	92	180	52	124	112	440	199	364	307	292	191	317	415	284	140	57	490	387	452	304	208	377	457	336	297	163	181	84	274	175	256	95	152	188	180	402	280	|
|431	184	556	280	238	237	460	0	199	385	420	508	337	385	108	464	110	429	219	269	206	378	202	365	460	30	98	84	388	340	204	9	126	386	432	294	453	283	421	226	411	404	408	423	422	198	|
|236	121	361	80	145	37	262	199	0	191	255	310	138	197	191	290	114	312	118	72	133	330	69	175	262	229	132	204	279	186	174	195	75	258	251	102	262	153	254	81	216	230	246	257	353	72	|
|139	290	171	120	282	156	92	385	191	0	116	129	71	27	380	246	283	235	201	119	226	329	231	141	129	414	323	367	224	119	336	383	266	308	202	141	72	252	112	169	127	82	118	117	322	195	|
|252	371	191	208	377	230	180	420	255	116	0	187	178	90	443	361	311	127	204	195	224	246	313	257	232	446	382	380	129	81	423	421	320	422	318	242	100	355	5	195	241	34	15	2	225	224	|
|136	390	64	231	369	273	52	508	310	129	187	0	173	141	491	233	409	313	330	239	355	431	335	191	93	538	438	495	316	233	429	505	385	342	203	233	88	325	182	297	143	167	199	187	412	323	|
|116	222	228	58	212	101	124	337	138	71	178	173	0	91	319	206	244	284	187	69	212	357	165	85	130	367	265	333	264	151	267	333	213	244	161	70	140	181	175	145	97	145	177	180	359	165	|
|166	302	174	132	299	164	112	385	197	27	90	141	91	0	388	273	280	208	191	127	215	305	243	167	153	413	329	361	198	96	351	383	270	333	229	159	68	272	86	163	153	56	92	91	296	190	|
|390	111	546	262	157	224	440	108	191	380	443	491	319	388	0	399	164	480	264	261	261	456	156	320	426	125	62	186	442	369	107	99	125	300	374	260	452	210	443	252	372	420	433	446	494	227	|
|110	289	294	230	242	261	199	464	290	246	361	233	206	273	399	0	402	480	382	254	404	562	262	124	143	493	369	490	466	355	302	457	344	135	45	191	279	189	356	337	120	328	364	362	563	348	|
|349	169	453	190	215	148	364	110	114	283	311	409	244	280	164	402	0	324	110	174	101	292	151	289	372	135	109	90	284	230	212	111	70	354	364	216	348	245	312	118	329	295	298	313	330	90	|
|374	434	306	294	452	300	307	429	312	235	127	313	284	208	480	480	324	0	216	274	223	137	380	368	357	448	419	367	40	136	487	432	358	525	436	336	227	443	132	234	361	156	119	127	102	255	|
|303	230	364	151	261	127	292	219	118	201	204	330	187	191	264	382	110	216	0	128	25	213	185	258	314	243	203	176	178	123	282	221	144	372	338	193	256	270	206	45	283	193	191	206	239	46	|
|180	177	289	24	183	38	191	269	72	119	195	239	69	127	261	254	174	274	128	0	151	321	118	130	198	299	204	263	246	139	228	266	147	258	211	68	191	169	193	83	159	166	188	197	333	98	|
|327	238	388	174	273	147	317	206	133	226	224	355	212	215	261	404	101	223	25	151	0	203	198	281	339	228	202	156	184	143	288	209	146	390	362	215	280	286	226	68	308	215	210	226	235	61	|
|464	441	435	345	474	333	415	378	330	329	246	431	357	305	456	562	292	137	213	321	203	0	398	440	458	390	400	301	117	211	492	384	348	578	517	389	344	480	251	251	448	265	233	246	54	259	|
|236	59	393	112	76	83	284	202	69	231	313	335	165	243	156	262	151	380	185	118	198	398	0	167	270	231	110	233	347	250	110	195	85	203	230	103	303	95	311	150	217	284	305	315	422	139	|
|70	212	254	107	181	142	140	365	175	141	257	191	85	167	320	124	289	368	258	130	281	440	167	0	109	394	277	378	349	236	244	359	239	167	81	73	196	135	253	213	53	223	257	258	444	226	|
|44	319	157	183	290	225	57	460	262	129	232	93	130	153	426	143	372	357	314	198	339	458	270	109	0	490	379	462	351	247	353	456	334	250	110	168	140	243	226	274	56	201	238	232	449	294	|
|461	211	585	309	264	266	490	30	229	414	446	538	367	413	125	493	135	448	243	299	228	390	231	394	490	0	125	89	408	365	226	36	156	412	462	324	481	311	447	253	441	430	433	448	436	225	|
|346	86	491	207	140	167	387	98	132	323	382	438	265	329	62	369	109	419	203	204	202	400	110	277	379	125	0	155	381	307	113	90	63	288	339	211	394	186	382	190	327	359	371	384	436	165	|
|439	235	536	280	287	238	452	84	204	367	380	495	333	361	186	490	90	367	176	263	156	301	233	378	462	89	155	0	326	299	267	92	148	432	454	306	429	325	382	199	419	369	366	382	348	172	|
|363	399	318	268	421	270	304	388	279	224	129	316	264	198	442	466	284	40	178	246	184	117	347	349	351	408	381	326	0	113	452	391	321	502	422	311	229	415	134	199	348	152	118	130	98	219	|
|254	306	254	158	320	168	208	340	186	119	81	233	151	96	369	355	230	136	123	139	143	211	250	236	247	365	307	299	113	0	359	340	244	390	310	200	148	308	83	117	238	74	68	83	208	145	|
|312	53	490	219	63	193	377	204	174	336	423	429	267	351	107	302	212	487	282	228	288	492	110	244	353	226	113	267	452	359	0	195	145	194	283	199	407	115	421	254	296	394	415	425	521	237	|
|426	176	554	276	229	233	457	9	195	383	421	505	333	383	99	457	111	432	221	266	209	384	195	359	456	36	90	92	391	340	195	0	122	378	426	289	451	275	421	226	406	404	408	423	427	197	|
|305	99	436	155	145	112	336	126	75	266	320	385	213	270	125	344	70	358	144	147	146	348	85	239	334	156	63	148	321	244	145	122	0	286	310	168	336	177	320	128	285	298	309	322	381	103	|
|206	202	407	235	148	246	297	386	258	308	422	342	244	333	300	135	354	525	372	258	390	578	203	167	250	412	288	432	502	390	194	378	286	0	144	191	362	109	418	329	202	388	421	423	591	329	|
|71	263	266	187	221	221	163	432	251	202	318	203	161	229	374	45	364	436	338	211	362	517	230	81	110	462	339	454	422	310	283	426	310	144	0	150	239	168	313	294	77	285	321	319	518	306	|
|137	157	292	45	142	70	181	294	102	141	242	233	70	159	260	191	216	336	193	68	215	389	103	73	168	324	211	306	311	200	199	289	168	191	150	0	210	113	239	148	117	210	238	244	400	157	|
|169	361	108	192	352	228	84	453	262	72	100	88	140	68	452	279	348	227	256	191	280	344	303	196	140	481	394	429	229	148	407	451	336	362	239	210	0	318	95	231	164	79	111	100	325	258	|
|200	101	388	150	53	148	274	283	153	252	355	325	181	272	210	189	245	443	270	169	286	480	95	135	243	311	186	325	415	308	115	275	177	109	168	113	318	0	352	230	187	323	351	357	498	225	|
|247	370	186	205	374	228	175	421	254	112	5	182	175	86	443	356	312	132	206	193	226	251	311	253	226	447	382	382	134	83	421	421	320	418	313	239	95	352	0	196	237	30	19	6	230	224	|
|260	201	337	107	226	84	256	226	81	169	195	297	145	163	252	337	118	234	45	83	68	251	150	213	274	253	190	199	199	117	254	226	128	329	294	148	231	230	196	0	240	178	184	198	272	29	|
|20	264	207	140	234	180	95	411	216	127	241	143	97	153	372	120	329	361	283	159	308	448	217	53	56	441	327	419	348	238	296	406	285	202	77	117	164	187	237	240	0	208	245	242	446	257	|
|219	344	181	177	346	202	152	404	230	82	34	167	145	56	420	328	295	156	193	166	215	265	284	223	201	430	359	369	152	74	394	404	298	388	285	210	79	323	30	178	208	0	37	35	250	206	|
|256	364	205	202	370	222	188	408	246	118	15	199	177	92	433	364	298	119	191	188	210	233	305	257	238	433	371	366	118	68	415	408	309	421	321	238	111	351	19	184	245	37	0	17	214	212	|
|253	374	190	210	378	232	180	423	257	117	2	187	180	91	446	362	313	127	206	197	226	246	315	258	232	448	384	382	130	83	425	423	322	423	319	244	100	357	6	198	242	35	17	0	225	226	|
|460	469	408	356	498	351	402	422	353	322	225	412	359	296	494	563	330	102	239	333	235	54	422	444	449	436	436	348	98	208	521	427	381	591	518	400	325	498	230	272	446	250	214	225	0	285	|
|278	184	364	119	215	87	280	198	72	195	224	323	165	190	227	348	90	255	46	98	61	259	139	226	294	225	165	172	219	145	237	197	103	329	306	157	258	225	224	29	257	206	212	226	285	0	|

--------------------------------------------------------------------------------
Building model...
	using lazy and cut (CVRPSEP package)
Solving IRP LP...
--------------------------------------------------------------------------------

Gurobi 9.1.0 (linux64) logging started Sat Feb  6 18:52:54 2021

Gurobi Optimizer version 9.1.0 build v9.1.0rc0 (linux64)
Thread count: 32 physical cores, 32 logical processors, using up to 2 threads
Optimize a model with 1996 rows, 17074 columns and 40228 nonzeros
Model fingerprint: 0xe57c4031
Variable types: 859 continuous, 16215 integer (690 binary)
Coefficient statistics:
  Matrix range     [1e+00, 7e+13]
  Objective range  [1e-01, 6e+02]
  Bounds range     [1e+00, 3e+02]
  RHS range        [1e+00, 6e+03]
Warning: Model contains large matrix coefficient range
         Consider reformulating model or setting NumericFocus parameter
         to avoid numerical issues.
Presolve removed 548 rows and 1600 columns
Presolve time: 0.44s
Presolved: 1448 rows, 15474 columns, 34664 nonzeros
Variable types: 524 continuous, 14950 integer (14279 binary)

Root relaxation: objective 1.324580e+04, 1841 iterations, 0.09 seconds

    Nodes    |    Current Node    |     Objective Bounds      |     Work
 Expl Unexpl |  Obj  Depth IntInf | Incumbent    BestBd   Gap | It/Node Time

     0     0 13245.7990    0  148          - 13245.7990      -     -    0s
     0     0 13586.9394    0  162          - 13586.9394      -     -    1s
     0     0 13949.5484    0  242          - 13949.5484      -     -    3s
     0     0 14003.2260    0  240          - 14003.2260      -     -    3s
     0     0 14007.3887    0  252          - 14007.3887      -     -    3s
     0     0 14008.8812    0  258          - 14008.8812      -     -    3s
     0     0 14008.9053    0  248          - 14008.9053      -     -    3s
     0     0 14217.2200    0  303          - 14217.2200      -     -    4s
     0     0 14237.6876    0  344          - 14237.6876      -     -    4s
     0     0 14238.5646    0  321          - 14238.5646      -     -    4s
     0     0 14352.2342    0  337          - 14352.2342      -     -    5s
     0     0 14359.7682    0  301          - 14359.7682      -     -    5s
     0     0 14367.7109    0  365          - 14367.7109      -     -    5s
     0     0 14369.4625    0  351          - 14369.4625      -     -    6s
     0     0 14370.0448    0  361          - 14370.0448      -     -    6s
     0     0 14427.7397    0  391          - 14427.7397      -     -    6s
     0     0 14439.9162    0  429          - 14439.9162      -     -    7s
     0     0 14441.1534    0  443          - 14441.1534      -     -    7s
     0     0 14473.1381    0  453          - 14473.1381      -     -    8s
     0     0 14477.6337    0  394          - 14477.6337      -     -    8s
     0     0 14485.6007    0  467          - 14485.6007      -     -    8s
     0     0 14550.3847    0  477          - 14550.3847      -     -    8s
     0     0 14569.3473    0  510          - 14569.3473      -     -    9s
     0     0 14569.6354    0  542          - 14569.6354      -     -    9s
     0     0 14584.0207    0  453          - 14584.0207      -     -   10s
     0     0 14589.6651    0  472          - 14589.6651      -     -   10s
     0     0 14589.9120    0  465          - 14589.9120      -     -   10s
     0     0 14601.1006    0  548          - 14601.1006      -     -   11s
     0     0 14601.1006    0  548          - 14601.1006      -     -   11s
     0     2 14602.9040    0  513          - 14602.9040      -     -   15s
    35    39 14655.8822   11  422          - 14617.2637      -   450   20s
    67    72 15038.3210   21  288          - 14617.2637      -   520   25s
   126   135 15432.1895   47  190          - 14617.2637      -   421   30s
   250   260 15282.2630   47  231          - 14617.2637      -   295   35s
   468   521 18389.2254  216   26          - 14617.2637      -   192   40s
   634   632 14792.6154   10  425          - 14627.7734      -   166   45s
   756   732 15594.2234   75  548          - 14627.7734      -   152   51s
   761   735 17727.9191  193  429          - 14627.7734      -   151   55s
   772   743 15432.2041   48  610          - 14676.8978      -   149   60s
   779   747 18623.1749  224  712          - 14698.6394      -   148   65s
   787   753 15886.1321   90  673          - 14715.9902      -   146   71s
   792   756 17527.5555  173  664          - 14720.3183      -   145   75s
   797   759 17076.0694  146  674          - 14724.2547      -   145   80s
   803   763 19418.3800  266  636          - 14724.9691      -   143   85s
   805   768 14728.7771   11  511          - 14724.9691      -   172   90s
   817   776 14747.7684   14  570          - 14735.0467      -   181   95s
   845   794 14790.9990   21  565          - 14747.7841      -   194  100s
   885   825 14956.9162   31  288          - 14747.7841      -   204  105s
   948   870 15278.1506   50  231          - 14747.7841      -   206  110s
  1008   915 15685.6578   65  225          - 14747.7841      -   207  115s
  1105   994 15803.0475   94  199          - 14747.7841      -   205  120s
  1201  1068 16255.8590  121  181          - 14747.7841      -   199  125s
  1333  1164 16828.3648  158  153          - 14747.7841      -   191  130s
  1512  1313 17566.1470  207   95          - 14747.7841      -   178  136s
  1667  1427 18068.6766  253   89          - 14747.7841      -   169  141s
* 1796  1386             283    19677.220000 14747.8141  25.1%   160  146s
* 1801  1348             282    19492.540000 14747.8141  24.3%   160  146s
* 1803  1312             282    18963.060000 14747.8141  22.2%   160  146s
* 1816  1275             284    18953.060000 14747.8141  22.2%   159  146s
* 1817  1242             285    18944.060000 14747.8141  22.2%   159  146s
* 1820  1211             283    18908.060000 14747.8141  22.0%   158  146s
  1873  1189     cutoff  282      18908.0600 14748.6592  22.0%   156  171s
  1885  1191 14917.7552   17  587 18908.0600 14748.7969  22.0%   160  176s
  1894  1199 14921.5438   18  554 18908.0600 14748.7969  22.0%   163  181s
  1904  1205 14935.1999   21  525 18908.0600 14748.7969  22.0%   167  185s
  1915  1213 15050.4995   21  411 18908.0600 14748.7969  22.0%   170  190s
  1930  1224 15004.1542   24  311 18908.0600 14748.7969  22.0%   173  195s
  1939  1229 15115.6117   27  331 18908.0600 14748.7969  22.0%   176  200s
  1949  1237 15101.0674   27  335 18908.0600 14748.7969  22.0%   179  205s
  1968  1252 15168.2569   31  207 18908.0600 14748.7969  22.0%   182  210s
  1989  1265 15216.6134   38  246 18908.0600 14748.7969  22.0%   184  215s
  2014  1280 15285.1115   42  215 18908.0600 14748.7969  22.0%   187  222s
  2031  1293 15485.4870   45  273 18908.0600 14748.7969  22.0%   189  226s
  2038  1300 15358.6511   48  270 18908.0600 14748.7969  22.0%   191  237s
  2061  1317 15416.7885   53  218 18908.0600 14748.7969  22.0%   193  241s
  2077  1340 15469.6132   56  220 18908.0600 14748.7969  22.0%   195  245s
  2131  1358 15369.5337   50  333 18908.0600 14748.7969  22.0%   195  250s
  2149  1398 15714.2302   73  149 18908.0600 14748.7969  22.0%   196  257s
  2182  1412 15833.7811   83  162 18908.0600 14748.7969  22.0%   196  262s
  2207  1439 15909.4875   93  127 18908.0600 14748.7969  22.0%   196  265s
  2267  1472 16547.5146  104  169 18908.0600 14748.7969  22.0%   197  271s
  2303  1505 16258.0692  116  177 18908.0600 14748.7969  22.0%   197  277s
  2341  1542 16417.9366  126  141 18908.0600 14748.7969  22.0%   197  280s
  2432  1631 17083.4002  140  134 18908.0600 14748.7969  22.0%   197  288s
  2510  1742 17159.8792  160  101 18908.0600 14748.7969  22.0%   194  293s
  2602  1743 17488.9121  185   50 18908.0600 14748.7969  22.0%   188  295s
  2686  1860 17908.3417  204   18 18908.0600 14748.7969  22.0%   186  300s
  2770  1920 18141.8600  210    2 18908.0600 14760.1965  21.9%   183  307s
* 2792  1865             219    18419.930000 14760.1965  19.9%   182  307s
  2867  1873 14922.1797   17  741 18419.9300 14760.1965  19.9%   180  311s
  2884  1878 14980.7752   19  705 18419.9300 14760.1965  19.9%   181  316s
  2911  1928 14941.4730   22  723 18419.9300 14760.1965  19.9%   183  323s
  2939  1946 15001.5781   22  598 18419.9300 14760.1965  19.9%   183  327s
  2957  1955 15063.4588   25  549 18419.9300 14760.1965  19.9%   185  333s
  2966  1983 15042.8327   23  584 18419.9300 14760.1965  19.9%   186  337s
  2994  2017 15046.5631   24  528 18419.9300 14760.1965  19.9%   186  343s
  3028  2019 15116.8004   26  566 18419.9300 14760.1965  19.9%   187  363s
  3030  2037 15123.6871   27  583 18419.9300 14760.1965  19.9%   187  368s
  3048  2052 15160.2735   29  547 18419.9300 14760.1965  19.9%   187  394s
  3063  2096 15179.1464   30  522 18419.9300 14760.1965  19.9%   188  399s
  3107  2155 15196.3729   31  575 18419.9300 14760.1965  19.9%   189  405s
  3166  2249 15278.2195   34  384 18419.9300 14760.1965  19.9%   188  412s
  3262  2353 15257.6718   35  545 18419.9300 14760.1965  19.9%   186  426s
  3406  2362 15310.7277   37  497 18419.9300 14760.1965  19.9%   183  434s
  3415  2370 15321.7796   39  461 18419.9300 14760.1965  19.9%   184  440s
  3423  2383 15360.5897   41  463 18419.9300 14760.1965  19.9%   186  446s
  3436  2393 15400.8096   46  446 18419.9300 14760.1965  19.9%   187  451s
  3446  2411 15405.2601   47  434 18419.9300 14760.1965  19.9%   189  456s
  3464  2439 15457.2605   52  323 18419.9300 14760.1965  19.9%   191  462s
  3492  2481 15474.6831   57  303 18419.9300 14760.1965  19.9%   192  467s
  3534  2529 15554.2386   60  294 18419.9300 14760.1965  19.9%   192  476s
  3608  2549 15648.9290   67  292 18419.9300 14760.1965  19.9%   191  482s
  3628  2577 15816.4929   69  315 18419.9300 14760.1965  19.9%   192  488s
  3656  2618 15819.8569   74  255 18419.9300 14760.1965  19.9%   193  495s
  3697  2688 15911.0815   81  303 18419.9300 14760.1965  19.9%   194  501s
  3767  2765 16167.0980   89  237 18419.9300 14760.1965  19.9%   193  515s
  3854  2815 16288.0896  100  229 18419.9300 14760.1965  19.9%   192  523s
  3904  2871 16621.5892  108  155 18419.9300 14760.1965  19.9%   193  534s
  3938  2871 16507.7331  121  191 18419.9300 14760.1965  19.9%   193  535s
  3960  2978 16536.3885  125  205 18419.9300 14760.1965  19.9%   192  546s
  4089  3061 16703.5413  148  150 18419.9300 14760.1965  19.9%   191  581s
  4169  3227 17309.5964  171   91 18419.9300 14760.1965  19.9%   197  593s
  4254  3227 17861.8218  187   61 18419.9300 14760.1965  19.9%   195  595s
  4347  3223     cutoff  202      18419.9300 14767.9762  19.8%   193  609s
  4362  3232 15024.6623   15  450 18419.9300 14767.9762  19.8%   197  617s
  4371  3247 15164.1040   19  346 18419.9300 14767.9762  19.8%   199  625s
  4386  3275 15368.3471   28  398 18419.9300 14767.9762  19.8%   200  633s
  4414  3405 15610.0767   48  173 18419.9300 14774.7772  19.8%   202  648s
  4482  3405 16512.6507  116   93 18419.9300 14774.7772  19.8%   200  650s
  4572  3443 15035.7627   14  774 18419.9300 14774.7772  19.8%   199  661s
  4601  3482 15076.0114   16  638 18419.9300 14774.7772  19.8%   200  672s
  4640  3571 15150.9431   17  706 18419.9300 14774.7772  19.8%   202  684s
  4703  3571 15786.0918   84   39 18419.9300 14774.7772  19.8%   202  685s
  4729  3653 15291.6200   18  429 18419.9300 14774.7772  19.8%   202  697s
  4865  3709 15434.7589   22  436 18419.9300 14774.7772  19.8%   199  710s
  4924  3732 15591.8265   25  268 18419.9300 14774.7772  19.8%   200  723s
  4943  3766 15554.6168   28  279 18419.9300 14774.7772  19.8%   201  734s
  4977  3789 15633.3703   33  320 18419.9300 14774.7772  19.8%   203  749s
  5012  3818 15592.2174   33  404 18419.9300 14774.7772  19.8%   205  761s
  5041  3865 16618.2467   40  229 18419.9300 14774.7772  19.8%   207  773s
  5088  3972 16516.8020   51  225 18419.9300 14774.7772  19.8%   208  786s
  5195  4111 17680.5172   84  187 18419.9300 14792.4487  19.7%   209  805s
  5412  4136 14920.3253   17  703 18419.9300 14796.9445  19.7%   204  821s
  5437  4182 15155.4981   28  525 18419.9300 14796.9445  19.7%   206  835s
  5483  4261 15382.3154   42  458 18419.9300 14796.9445  19.7%   208  848s
  5562  4415 15781.4233   67  246 18419.9300 14797.2685  19.7%   209  865s
  5747  4462 17929.1800  162    - 18419.9300 14799.3360  19.7%   206  884s
  5824  4604 15200.7271   30  282 18419.9300 14799.3360  19.7%   206  905s
  5991  4674 15411.7012   42  221 18419.9300 14799.3360  19.7%   205  923s
  6052  4828 15756.0882   70   81 18419.9300 14799.3360  19.7%   207  942s
  6188  4828 16283.6546  114   68 18419.9300 14799.3360  19.7%   206  945s
  6206  4937 16344.7492  115   72 18419.9300 14799.3360  19.7%   207  961s
  6357  5085 17297.0000  141   22 18419.9300 14800.7730  19.6%   208  978s
  6401  5087 16020.4640   65  162 18419.9300 14801.4142  19.6%   209  981s
  6520  5113 15230.6249   21  328 18419.9300 14801.4142  19.6%   207  997s
  6549  5204 15418.3463   31  367 18419.9300 14801.4142  19.6%   210 1012s
  6640  5410 16774.9952   60  161 18419.9300 14804.1712  19.6%   211 1032s
* 6905  5413             146    18399.260000 14805.9372  19.5%   207 1036s
  6910  5437     cutoff  109      18399.2600 14805.9874  19.5%   207 1051s
  6940  5595 15282.9109   31  460 18399.2600 14805.9874  19.5%   209 1067s
  7104  5693 16190.1797   76   78 18399.2600 14806.7316  19.5%   208 1087s
  7227  5818     cutoff  162      18399.2600 14811.2478  19.5%   207 1132s
  7374  5912 15701.1842   55  262 18399.2600 14811.2478  19.5%   208 1172s
  7524  5980     cutoff  127      18399.2600 14817.1710  19.5%   211 1199s
H 7572  5973                    18380.170000 14818.6353  19.4%   213 1200s
  7587  6189     cutoff  131      18380.1700 14818.6375  19.4%   213 1233s
  7695  6191 17597.4455  128   14 18380.1700 14818.6375  19.4%   213 1235s
  7882  6246     cutoff  135      18380.1700 14835.3505  19.3%   211 1264s
  7917  6246 18373.8583  154    8 18380.1700 14835.4069  19.3%   212 1265s
  7935  6338 15414.2962   35  188 18380.1700 14835.4069  19.3%   213 1292s
  8027  6569 15716.1396   70   80 18380.1700 14835.5505  19.3%   215 1335s
  8332  6641 18347.3879  153   30 18380.1700 14839.5804  19.3%   212 1365s
  8377  6794 15214.5016   32  340 18380.1700 14843.9265  19.2%   215 1396s
  8565  6925 infeasible  154      18380.1700 14843.9838  19.2%   215 1425s
  8691  7232 15888.6875   60  257 18380.1700 14845.5083  19.2%   216 1462s
  8849  7232 16440.5043  109  136 18380.1700 14845.5083  19.2%   216 1465s
  9054  7355 15637.0465   50  266 18380.1700 14845.5083  19.2%   213 1493s
  9139  7358 17475.6500  131    - 18380.1700 14845.5083  19.2%   212 1495s
  9200  7535 15387.9026   32  201 18380.1700 14845.5083  19.2%   214 1525s
  9373  7656 16445.5310   56  210 18380.1700 14845.5083  19.2%   214 1553s
  9515  7821 18208.1626   89   59 18380.1700 14848.3571  19.2%   213 1581s
  9791  8000 15411.1813   35  352 18380.1700 14852.6365  19.2%   211 1611s
  9938  8276 15846.1789   65   28 18380.1700 14852.6594  19.2%   211 1645s
 10225  8316 16537.3989  118   50 18380.1700 14853.5703  19.2%   208 1650s
 10332  8540 17473.1604  120   56 18380.1700 14854.4190  19.2%   208 1679s
 10388  8546 15826.7031   56  189 18380.1700 14854.4190  19.2%   207 1680s
 10595  8617 17984.8922  132   19 18380.1700 14868.0936  19.1%   206 1712s
 10687  8698 infeasible  157      18380.1700 14877.0946  19.1%   207 1740s
 10767  8877 15966.9701   40  233 18380.1700 14877.0946  19.1%   209 1774s
 10801  8877 15973.8405   49  234 18380.1700 14877.0946  19.1%   209 1775s
*10934  8781             144    18292.240000 14877.0946  18.7%   208 1777s
 10958  8783 16884.8453   77   97 18292.2400 14877.0946  18.7%   208 1817s
 10960  8983 16831.7054   76   63 18292.2400 14877.5110  18.7%   208 1849s
 11011  8983 17372.0215   92   56 18292.2400 14877.5110  18.7%   208 1850s
 11178  9239 15528.9339   38  261 18292.2400 14883.6159  18.6%   207 1882s
 11297  9243 18084.1794  153   11 18292.2400 14883.6159  18.6%   206 1885s
 11452  9387     cutoff  161      18292.2400 14883.6370  18.6%   206 1920s
 11619  9538 15674.5190   35  303 18292.2400 14884.3813  18.6%   207 1952s
 11780  9669 16937.4480  125   90 18292.2400 14884.5118  18.6%   207 1984s
 11818  9671 18089.8500  152   10 18292.2400 14884.5118  18.6%   206 1985s
 11943  9771     cutoff  157      18292.2400 14886.2645  18.6%   207 2019s
 11998  9771 16060.7641   76   96 18292.2400 14892.1123  18.6%   208 2020s
 12069  9954 15508.5809   29  346 18292.2400 14892.2209  18.6%   208 2055s
 12295 10223     cutoff  180      18292.2400 14892.2927  18.6%   207 2089s
 12576 10475 15960.5474   50  154 18292.2400 14892.4218  18.6%   206 2125s
 12842 10484 16141.5340   65   99 18292.2400 14894.5504  18.6%   205 2130s
 12912 10573     cutoff  109      18292.2400 14896.0588  18.6%   205 2160s
 12998 10765 15774.5816   66  136 18292.2400 14899.4062  18.5%   205 2191s
 13262 10934 18226.9300  137    - 18292.2400 14901.2028  18.5%   204 2226s
 13440 10960     cutoff  137      18292.2400 14902.0370  18.5%   204 2260s
 13472 10989 15171.2876   24  555 18292.2400 14903.2447  18.5%   205 2289s
 13501 11037 15279.2915   29  251 18292.2400 14903.2447  18.5%   207 2318s
 13549 11101 15424.4541   41  396 18292.2400 14903.2447  18.5%   209 2350s
 13613 11258 15534.1588   58  273 18292.2400 14903.2447  18.5%   210 2380s
 13770 11482 16372.1497   91  118 18292.2400 14903.2661  18.5%   212 2417s
 14016 11733 17880.5970  129   72 18292.2400 14904.0700  18.5%   212 2460s
 14318 11758 17376.6600  203    - 18292.2400 14904.6245  18.5%   210 2465s
 14394 11868 infeasible  143      18292.2400 14904.9577  18.5%   209 2495s
 14485 12062 15950.5037   62  244 18292.2400 14905.9554  18.5%   210 2531s
 14744 12117     cutoff  162      18292.2400 14907.9118  18.5%   209 2566s
 14792 12310 15400.6455   35  423 18292.2400 14911.0744  18.5%   210 2601s
 15028 12338 15006.2044   22  664 18292.2400 14915.0925  18.5%   210 2634s
 15041 12338 15075.2759   26  568 18292.2400 14915.0925  18.5%   211 2635s
 15056 12369 15124.0343   29  623 18292.2400 14915.0925  18.5%   211 2667s
 15087 12415 15202.5686   32  506 18292.2400 14915.0925  18.5%   213 2699s
 15107 12415 15189.0149   32  545 18292.2400 14915.0925  18.5%   214 2700s
 15133 12476 15319.0676   37  472 18292.2400 14915.0925  18.5%   215 2731s
 15194 12548 15437.4622   45  408 18292.2400 14915.0925  18.5%   216 2761s
 15266 12643 15550.5940   52  336 18292.2400 14915.0925  18.5%   218 2793s
 15360 12643 15962.9501   64  201 18292.2400 14915.0925  18.5%   220 2795s
 15361 12867 16073.8848   66  147 18292.2400 14915.0925  18.5%   220 2828s
 15601 13161 16192.8233   81  122 18292.2400 14915.0925  18.5%   221 2887s
 15754 13172 16666.6937  137   25 18292.2400 14915.0925  18.5%   219 2890s
 15965 13229 17637.2792  151   63 18292.2400 14915.0925  18.5%   218 2929s
 16059 13264 infeasible  179      18292.2400 14917.8028  18.4%   220 2962s
 16089 13331 15568.6799   33  378 18292.2400 14917.8028  18.4%   222 2993s
 16156 13484 16126.2375   73  279 18292.2400 14919.2717  18.4%   223 3026s
 16327 13589     cutoff  172      18292.2400 14920.3299  18.4%   223 3060s
 16474 13722 15489.7974   34  575 18292.2400 14921.0546  18.4%   224 3104s
 16530 13722 16159.0336   90  155 18292.2400 14921.0546  18.4%   224 3105s
 16617 13850 14983.5878   23  648 18292.2400 14921.0546  18.4%   225 3140s
 16762 13878 15115.7590   29  596 18292.2400 14921.0546  18.4%   225 3175s
 16792 13945 15267.9956   37  517 18292.2400 14921.0546  18.4%   226 3206s
 16859 14211 15527.5820   64  329 18292.2400 14921.0546  18.4%   228 3242s
 16995 14211 16538.4274  116   49 18292.2400 14921.0546  18.4%   228 3245s
 17146 14262 16944.7762  122   32 18292.2400 14921.8036  18.4%   227 3283s
 17217 14315 17158.9700  137    - 18292.2400 14922.3292  18.4%   228 3317s
 17274 14436 18114.9400  140    8 18292.2400 14922.9883  18.4%   230 3352s
 17403 14624 15789.9416   30  236 18292.2400 14922.9883  18.4%   231 3390s
 17617 14797 16501.6054   59   85 18292.2400 14923.3331  18.4%   230 3442s
 17793 14805 15596.2837   41  256 18292.2400 14923.3817  18.4%   230 3445s
 17822 14851 15281.8221   21  522 18292.2400 14923.3817  18.4%   230 3480s
 17874 14932 16110.3386   58  274 18292.2400 14924.6347  18.4%   231 3516s
 17973 15061 15520.5879   40  161 18292.2400 14924.9932  18.4%   232 3555s
 18128 15228 17428.5391  135    5 18292.2400 14925.2829  18.4%   232 3593s
 18230 15231 17970.1036  105    9 18292.2400 14925.2829  18.4%   232 3595s
 18308 15249 17715.2153  139   16 18292.2400 14925.2829  18.4%   232 3600s

Cutting planes:
  User: 6289
  Gomory: 15
  Cover: 678
  Implied bound: 239
  Projected implied bound: 17
  Clique: 66
  MIR: 206
  StrongCG: 3
  Flow cover: 525
  GUB cover: 9
  Zero half: 30
  Network: 1
  RLT: 477
  Relax-and-lift: 15
  Lazy constraints: 3578

Explored 18344 nodes (4274115 simplex iterations) in 3600.81 seconds
Thread count was 2 (of 32 available processors)

Solution count 10: 18292.2 18380.2 18399.3 ... 19677.2

Time limit reached
Best objective 1.829224000000e+04, best bound 1.492528285936e+04, gap 18.4065%

User-callback calls 504469, time in user-callback 217.63 sec
================================================================================
executing instance: ./input/Instances/Original/1/absH3high_2n45.dat
--------------------------------------------------------------------------------
Instance details
n	46
H	3
C	3171
Li:
[0, 0, 0, 0, 0, 0, 0, 0, 0, 0, 0, 0, 0, 0, 0, 0, 0, 0, 0, 0, 0, 0, 0, 0, 0, 0, 0, 0, 0, 0, 0, 0, 0, 0, 0, 0, 0, 0, 0, 0, 0, 0, 0, 0, 0, 0, ]
Ui:
[0, 246, 160, 78, 20, 87, 144, 40, 20, 82, 60, 96, 24, 136, 160, 108, 160, 26, 228, 51, 24, 240, 231, 70, 32, 105, 174, 114, 246, 126, 132, 76, 22, 42, 255, 132, 148, 162, 66, 111, 102, 240, 123, 201, 297, 78, ]
Distance matrix:
|0	148	402	550	329	420	187	318	366	280	504	273	233	333	112	344	379	481	113	593	159	523	261	424	90	359	163	461	413	240	105	299	265	89	371	462	339	273	495	22	41	439	369	506	563	468	|
|148	0	284	517	394	284	136	369	244	311	496	166	329	355	223	202	338	388	204	565	254	506	118	346	71	423	173	471	336	118	105	352	198	105	248	428	302	305	487	153	179	441	230	497	517	370	|
|402	284	0	350	448	80	228	406	42	343	382	129	456	350	412	126	219	131	382	395	410	371	180	137	314	466	289	400	137	167	389	401	169	316	39	280	217	342	373	394	414	362	108	380	324	106	|
|550	517	350	0	339	429	385	308	374	295	93	375	431	249	481	461	180	239	458	48	445	57	474	214	496	333	387	160	216	424	601	321	320	471	376	90	217	301	93	530	534	146	452	88	52	262	|
|329	394	448	339	0	513	282	42	438	105	255	363	115	108	221	484	259	431	217	365	172	289	436	362	333	30	224	189	353	380	423	47	291	296	443	285	240	107	251	307	294	193	495	260	378	437	|
|420	284	80	429	513	0	267	473	76	408	462	163	509	421	449	86	298	201	421	474	455	451	167	217	330	533	333	478	217	181	386	466	225	341	70	360	291	406	453	416	438	440	59	460	400	176	|
|187	136	228	385	282	267	0	249	199	186	360	104	248	224	184	214	207	294	155	432	189	371	155	237	113	308	68	336	227	101	216	236	78	98	205	296	168	181	350	174	190	305	231	360	390	283	|
|318	369	406	308	42	473	249	0	397	66	229	325	128	67	216	447	218	389	206	337	168	260	402	320	311	61	196	167	311	345	406	19	252	275	403	248	198	70	223	296	286	164	457	233	344	395	|
|366	244	42	374	438	76	199	397	0	332	397	96	436	346	383	90	228	168	354	420	385	389	139	161	277	458	263	408	158	128	349	391	150	282	6	298	218	331	388	359	380	370	78	395	352	144	|
|280	311	343	295	105	408	186	66	332	0	231	259	142	53	191	380	171	337	173	332	150	257	337	267	258	127	139	182	258	280	359	58	186	223	338	222	143	6	224	258	254	164	390	234	323	340	|
|504	496	382	93	255	462	360	229	397	231	0	375	356	180	422	478	173	293	403	110	381	36	474	248	463	245	345	68	246	419	568	244	308	433	400	104	200	237	9	482	482	67	474	5	142	312	|
|273	166	129	375	363	163	104	325	96	259	375	0	347	283	288	121	202	221	259	423	292	376	99	183	186	386	170	370	175	52	269	315	76	187	102	288	177	256	365	265	285	333	133	374	365	204	|
|233	329	456	431	115	509	248	128	436	142	356	347	0	181	121	462	311	472	128	463	76	386	398	403	260	141	180	294	392	349	334	111	287	224	442	362	280	139	350	212	194	289	479	360	463	472	|
|333	355	350	249	108	421	224	67	346	53	180	283	181	0	244	403	152	324	226	283	201	207	369	256	307	118	186	129	247	311	409	74	208	273	351	183	136	59	173	311	307	113	410	183	282	331	|
|112	223	412	481	221	449	184	216	383	191	422	288	121	244	0	387	327	461	30	521	49	447	313	396	152	250	125	371	385	273	214	196	249	121	389	400	288	185	415	91	74	355	408	425	503	454	|
|344	202	126	461	484	86	214	447	90	380	478	121	462	403	387	0	305	256	360	508	400	473	84	250	255	507	282	482	246	115	302	437	196	271	90	382	288	377	469	343	367	444	28	476	441	232	|
|379	338	219	180	259	298	207	218	228	171	173	202	311	152	327	305	0	172	301	227	300	174	302	105	318	270	217	180	97	249	423	221	141	296	232	90	40	173	164	361	368	142	303	172	184	180	|
|481	388	131	239	431	201	294	389	168	337	293	221	472	324	461	256	172	0	432	280	446	273	300	70	400	442	337	330	80	271	490	391	217	391	167	191	194	339	286	468	483	294	239	289	203	26	|
|113	204	382	458	217	421	155	206	354	173	403	259	128	226	30	360	301	432	0	499	52	426	287	367	133	246	95	355	356	246	208	187	219	100	360	376	261	167	395	90	81	337	381	406	478	425	|
|593	565	395	48	365	474	432	337	420	332	110	423	463	283	521	508	227	280	499	0	482	77	521	260	542	356	431	178	262	472	647	352	368	516	422	137	264	338	114	573	576	174	499	106	78	304	|
|159	254	410	445	172	455	189	168	385	150	381	292	76	201	49	400	300	446	52	482	0	407	331	378	184	201	122	327	367	286	258	149	242	150	391	367	263	144	374	137	122	314	419	384	470	441	|
|523	506	371	57	289	451	371	260	389	257	36	376	386	207	447	473	174	273	426	77	407	0	475	234	477	280	363	104	234	422	583	275	313	449	392	91	205	263	38	503	504	97	468	31	108	294	|
|261	118	180	474	436	167	155	402	139	337	474	99	398	369	313	84	302	300	287	521	331	475	0	275	173	462	220	465	268	58	219	390	168	193	142	388	275	333	464	261	286	430	111	473	462	279	|
