




arguments: ./build/bc_mirp -f ./input/orig_exec_142.cfg
Current dir: /scratch/gui/bc_mirp
File verbosity level: 9
date       time         ( uptime  ) [ thread name/id ]                   file:line     v| 
2021-02-08 04:50:34.072 (   0.125s) [main thread     ]             loguru.cpp:789   INFO| Logging to './output/vi_vc+lex_full/OU/V5/Original/execution_08_02_2021_04_50_34.log', mode: 'a', verbosity: 9
--------------------------------------------------------------------------------
Parameters
                           instance_path           ./input/Instances/Original/3/
                            model_policy                                       1
                             nb_vehicles                                       5
                              output_dir ./output/vi_vc+lex_full/OU/V5/Original/
                            sec_strategy                                       1
                       solver_nb_threads                                       2
                         solver_show_log                                    true
                       solver_time_limit                                    3600
                              use_vi_cos                                   false
                              use_vi_cus                                   false
                         use_vi_hc1_full                                   false
                         use_vi_hc1_half                                   false
                      use_vi_hc1_quarter                                   false
                              use_vi_hc2                                   false
                              use_vi_hc3                                   false
                         use_vi_lex_full                                    true
                         use_vi_lex_half                                   false
                      use_vi_lex_quarter                                   false
                              use_vi_qua                                   false
                               use_vi_vc                                    true
                               use_vi_vr                                   false
--------------------------------------------------------------------------------
executing instance: ./input/Instances/Original/3/absH3low_2n5.dat
--------------------------------------------------------------------------------
Instance details
n	6
H	3
C	237
Li:
[0, 0, 0, 0, 0, 0, ]
Ui:
[0, 93, 180, 51, 114, 24, ]
Distance matrix:
|0	170	318	35	112	235	|
|170	0	311	205	258	301	|
|318	311	0	326	278	137	|
|35	205	326	0	89	230	|
|112	258	278	89	0	160	|
|235	301	137	230	160	0	|

--------------------------------------------------------------------------------
Building model...
	using lazy and cut (CVRPSEP package)
Solving IRP LP...
--------------------------------------------------------------------------------

Gurobi 9.1.0 (linux64) logging started Mon Feb  8 04:50:34 2021

Gurobi Optimizer version 9.1.0 build v9.1.0rc0 (linux64)
Thread count: 32 physical cores, 32 logical processors, using up to 2 threads
Optimize a model with 276 rows, 414 columns and 1548 nonzeros
Model fingerprint: 0x2e50e8c9
Variable types: 99 continuous, 315 integer (90 binary)
Coefficient statistics:
  Matrix range     [1e+00, 2e+02]
  Objective range  [1e-02, 3e+02]
  Bounds range     [1e+00, 2e+02]
  RHS range        [1e+00, 5e+02]
Presolve removed 24 rows and 70 columns
Presolve time: 0.01s

Explored 0 nodes (0 simplex iterations) in 0.01 seconds
Thread count was 1 (of 32 available processors)

Solution count 0

Model is infeasible
Best objective -, best bound -, gap -

User-callback calls 34, time in user-callback 0.00 sec

Computing Irreducible Inconsistent Subsystem (IIS)...

           Constraints          |            Bounds           |  Runtime
      Min       Max     Guess   |   Min       Max     Guess   |
--------------------------------------------------------------------------
        0       276         -         0       569         -           0s
       23       231         -         0       551         -           6s
       41       218        70         0       537         -          10s
       52       194        52         0       510         -          15s
       67       175        67         0       496         -          20s
       71       160        71         0       462         -          25s
       72       155        72         0       453         -          30s
       77       154        77         0       447         -          36s
       78       143        78         0       436         -          41s
       80       137        80         0       412         -          45s
       81       126        81         0       394         -          50s
       81       118        81         0       353         -          55s
       81       110        81         0       344         -          60s
       83       101        83         0       322         -          66s
       84        91        84         0       273         -          70s
       84        84         -         0       253         -          75s
       84        84         -        17       245       245          80s
       84        84         -        61       238       238          86s
       84        84         -       116       230       230          90s
       84        84         -       126       226       226          96s
       84        84         -       126       222       222         100s
       84        84         -       126       215       215         105s
       84        84         -       126       210       210         110s
       84        84         -       126       201       201         115s
       84        84         -       126       194       194         120s
       84        84         -       126       188       188         125s
       84        84         -       126       184       184         131s
       84        84         -       126       183       183         135s
       84        84         -       126       177       177         141s
       84        84         -       126       174       174         146s
       84        84         -       126       172       172         150s
       84        84         -       126       170       170         156s
       84        84         -       126       166       166         160s
       84        84         -       126       160       160         166s
       84        84         -       126       155       155         171s
       84        84         -       126       150       150         176s
       84        84         -       126       142       142         180s
       84        84         -       126       136       136         186s
       84        84         -       126       132       132         190s
       84        84         -       126       127       127         195s
       84        84         -       126       126         -         196s

IIS computed: 84 constraints, 126 bounds
IIS runtime: 196.10 seconds
================================================================================
executing instance: ./input/Instances/Original/3/absH3high_5n30.dat
--------------------------------------------------------------------------------
Instance details
n	31
H	3
C	2296
Li:
[0, 0, 0, 0, 0, 0, 0, 0, 0, 0, 0, 0, 0, 0, 0, 0, 0, 0, 0, 0, 0, 0, 0, 0, 0, 0, 0, 0, 0, 0, 0, ]
Ui:
[0, 80, 90, 297, 28, 264, 123, 192, 112, 32, 72, 88, 294, 129, 126, 105, 110, 237, 246, 92, 72, 147, 54, 96, 128, 96, 84, 28, 74, 196, 192, ]
Distance matrix:
|0	87	302	65	389	171	219	120	412	339	129	63	169	401	383	158	393	161	246	275	64	287	345	235	13	274	106	201	85	358	135	|
|87	0	334	128	402	212	301	204	465	384	187	145	232	424	454	238	475	245	289	352	80	307	352	321	81	352	20	261	170	376	215	|
|302	334	0	239	113	132	237	334	157	70	404	263	162	105	227	229	339	251	65	217	259	53	107	352	293	220	339	134	270	75	235	|
|65	128	239	0	330	107	175	130	348	275	174	40	107	339	326	114	351	125	181	224	58	228	290	222	58	224	143	138	65	297	92	|
|389	402	113	330	0	226	349	438	210	151	502	360	269	48	316	339	441	362	175	328	335	102	55	465	377	330	401	245	371	37	342	|
|171	212	132	107	226	0	169	214	253	173	276	134	64	233	261	130	326	153	77	188	133	125	192	264	162	190	220	68	145	193	125	|
|219	301	237	175	349	169	0	157	257	223	244	157	105	334	180	62	175	61	177	63	233	264	334	118	221	61	317	112	136	312	85	|
|120	204	334	130	438	214	157	0	402	348	88	90	173	438	336	115	307	100	269	220	172	338	406	122	130	218	224	204	69	403	101	|
|412	465	157	348	210	253	257	402	0	88	486	359	245	166	129	287	266	303	178	204	386	208	239	370	406	207	473	212	354	187	304	|
|339	384	70	275	151	173	223	348	88	0	427	291	179	120	166	234	290	254	96	187	306	123	166	342	332	190	391	145	291	119	247	|
|129	187	404	174	502	276	244	88	486	427	0	142	248	508	424	200	390	187	342	308	193	400	464	192	142	306	207	281	136	469	182	|
|63	145	263	40	360	134	157	90	359	291	142	0	114	366	321	95	331	99	202	212	90	258	323	186	65	211	163	148	27	327	72	|
|169	232	162	107	269	64	105	173	245	179	248	114	0	266	222	71	268	94	97	131	155	173	244	203	164	132	245	34	113	233	73	|
|401	424	105	339	48	233	334	438	166	120	508	366	266	0	280	332	409	355	169	305	353	117	96	452	391	308	425	237	374	49	339	|
|383	454	227	326	316	261	180	336	129	166	424	321	222	280	0	231	137	238	208	116	376	277	331	272	381	118	467	197	307	285	253	|
|158	238	229	114	339	130	62	115	287	234	200	95	71	332	231	0	238	23	164	118	171	243	314	134	159	117	255	95	77	302	23	|
|393	475	339	351	441	326	175	307	266	290	390	331	268	409	137	238	0	232	300	138	408	383	445	204	395	136	492	258	308	406	260	|
|161	245	251	125	362	153	61	100	303	254	187	99	94	355	238	23	232	0	187	123	183	267	338	111	164	121	262	117	77	325	34	|
|246	289	65	181	175	77	177	269	178	96	342	202	97	169	208	164	300	187	0	168	210	87	157	290	238	171	296	70	206	138	170	|
|275	352	217	224	328	188	63	220	204	187	308	212	131	305	116	118	138	123	168	0	279	255	322	166	275	3	367	120	195	291	141	|
|64	80	259	58	335	133	233	172	386	306	193	90	155	353	376	171	408	183	210	279	0	236	289	276	51	279	90	182	117	307	150	|
|287	307	53	228	102	125	264	338	208	123	400	258	173	117	277	243	383	267	87	255	236	0	71	374	276	257	308	153	270	71	245	|
|345	352	107	290	55	192	334	406	239	166	464	323	244	96	331	314	445	338	157	322	289	71	0	445	334	325	350	224	337	54	315	|
|235	321	352	222	465	264	118	122	370	342	192	186	203	452	272	134	204	111	290	166	276	374	445	0	243	164	341	221	159	428	142	|
|13	81	293	58	377	162	221	130	406	332	142	65	164	391	381	159	395	164	238	275	51	276	334	243	0	274	100	196	89	347	136	|
|274	352	220	224	330	190	61	218	207	190	306	211	132	308	118	117	136	121	171	3	279	257	325	164	274	0	367	122	194	294	140	|
|106	20	339	143	401	220	317	224	473	391	207	163	245	425	467	255	492	262	296	367	90	308	350	341	100	367	0	272	188	377	232	|
|201	261	134	138	245	68	112	204	212	145	281	148	34	237	197	95	258	117	70	120	182	153	224	221	196	122	272	0	146	208	103	|
|85	170	270	65	371	145	136	69	354	291	136	27	113	374	307	77	308	77	206	195	117	270	337	159	89	194	188	146	0	337	54	|
|358	376	75	297	37	193	312	403	187	119	469	327	233	49	285	302	406	325	138	291	307	71	54	428	347	294	377	208	337	0	306	|
|135	215	235	92	342	125	85	101	304	247	182	72	73	339	253	23	260	34	170	141	150	245	315	142	136	140	232	103	54	306	0	|

--------------------------------------------------------------------------------
Building model...
	using lazy and cut (CVRPSEP package)
Solving IRP LP...
--------------------------------------------------------------------------------

Gurobi 9.1.0 (linux64) logging started Mon Feb  8 04:53:50 2021

Gurobi Optimizer version 9.1.0 build v9.1.0rc0 (linux64)
Thread count: 32 physical cores, 32 logical processors, using up to 2 threads
Optimize a model with 1351 rows, 8014 columns and 20098 nonzeros
Model fingerprint: 0xc88b3353
Variable types: 574 continuous, 7440 integer (465 binary)
Coefficient statistics:
  Matrix range     [1e+00, 2e+09]
  Objective range  [1e-01, 5e+02]
  Bounds range     [1e+00, 3e+02]
  RHS range        [1e+00, 4e+03]
Warning: Model contains large matrix coefficients
         Consider reformulating model or setting NumericFocus parameter
         to avoid numerical issues.
Presolve removed 388 rows and 1093 columns
Presolve time: 0.18s
Presolved: 963 rows, 6921 columns, 16281 nonzeros
Variable types: 339 continuous, 6582 integer (6145 binary)

Root relaxation: objective 9.102435e+03, 1455 iterations, 0.03 seconds

    Nodes    |    Current Node    |     Objective Bounds      |     Work
 Expl Unexpl |  Obj  Depth IntInf | Incumbent    BestBd   Gap | It/Node Time

     0     0 9102.43477    0  107          - 9102.43477      -     -    0s
     0     0 9449.02300    0  138          - 9449.02300      -     -    0s
     0     0 9466.26568    0  155          - 9466.26568      -     -    3s
     0     0 9466.26818    0  151          - 9466.26818      -     -    3s
     0     0 9796.43300    0  164          - 9796.43300      -     -    3s
     0     0 9824.21773    0  188          - 9824.21773      -     -    3s
     0     0 9828.54288    0  185          - 9828.54288      -     -    3s
     0     0 9828.75199    0  199          - 9828.75199      -     -    3s
     0     0 9971.88462    0  252          - 9971.88462      -     -    4s
     0     0 9975.47826    0  262          - 9975.47826      -     -    4s
     0     0 9976.12903    0  259          - 9976.12903      -     -    4s
     0     0 10055.7799    0  329          - 10055.7799      -     -    4s
     0     0 10062.0029    0  316          - 10062.0029      -     -    4s
     0     0 10064.2419    0  339          - 10064.2419      -     -    4s
     0     0 10064.3529    0  329          - 10064.3529      -     -    4s
     0     0 10087.4500    0  328          - 10087.4500      -     -    4s
     0     0 10090.8006    0  340          - 10090.8006      -     -    4s
     0     0 10091.4154    0  357          - 10091.4154      -     -    4s
     0     0 10103.3632    0  383          - 10103.3632      -     -    5s
     0     0 10105.5017    0  391          - 10105.5017      -     -    5s
     0     0 10105.7583    0  352          - 10105.7583      -     -    5s
     0     0 10110.4210    0  360          - 10110.4210      -     -    5s
     0     0 10110.4210    0  352          - 10110.4210      -     -    5s
     0     2 10114.5464    0  352          - 10114.5464      -     -    6s
    39    41 10156.4263   12  304          - 10125.3576      -   329   10s
   123   132 10716.2562   34  176          - 10125.3576      -   255   15s
   372   392 infeasible  130               - 10125.3576      -   127   20s
   528   499 10398.0616   15  217          - 10125.3576      -   115   25s
   594   564 11248.1833   43  184          - 10125.3576      -   128   30s
   750   708 14633.8169  155  352          - 10125.3576      -   119   35s
   772   723 10630.0085   27  428          - 10174.8161      -   116   40s
   802   743 14597.9120  152  538          - 10209.7187      -   112   45s
   819   754 10213.0924    9  401          - 10213.0924      -   109   50s
   842   771 12641.2919  122  432          - 10215.0382      -   126   55s
   853   778 12729.1979  122  454          - 10215.9274      -   125   60s
   855   783 10219.4899   26  449          - 10217.6115      -   135   65s
   859   785 10242.7708   27  379          - 10229.0465      -   137   71s
   872   794 10265.8804   31  408          - 10242.7874      -   143   75s
   890   809 10308.7044   35  388          - 10242.7874      -   153   80s
   914   825 10392.1709   41  285          - 10242.7874      -   164   85s
   943   845 10411.3187   50  318          - 10242.7874      -   170   90s
   959   860 10440.1195   55  269          - 10242.7874      -   174   97s
   978   867 10457.0108   60  293          - 10242.7874      -   177  101s
  1012   895 10521.1232   70  261          - 10242.7874      -   182  106s
  1047   922 10666.9309   80  294          - 10242.7874      -   189  110s
  1106   967 10803.8090   94  241          - 10242.7874      -   196  116s
  1143   995 10952.5109  103  237          - 10242.7874      -   200  120s
  1221  1057 11067.6868  122  203          - 10242.7874      -   204  126s
  1279  1095 11230.1411  136  194          - 10242.7874      -   207  131s
  1340  1138 11530.4255  150  195          - 10242.7874      -   208  136s
  1405  1186 11462.1199  168  180          - 10242.7874      -   209  141s
  1482  1237 11767.3740  186  168          - 10242.7874      -   211  146s
  1560  1303 12034.2469  202  123          - 10242.7874      -   211  152s
  1612  1340 11996.6434  215  149          - 10242.7874      -   211  155s
  1772  1475 12257.0647  243  112          - 10242.7874      -   205  162s
  1885  1525 12375.9027  253  145          - 10242.7874      -   197  165s
  2055  1572 12478.1999  277  137          - 10242.7874      -   190  183s
  2102  1679 12858.4957  299   87          - 10242.7874      -   190  186s
  2267  1738 14131.6700  380    -          - 10242.7874      -   180  190s
  2433  1743 10315.3533   30  476          - 10246.1916      -   174  197s
  2444  1755 10341.8167   31  397          - 10246.1916      -   178  200s
  2474  1783 10453.5181   41  237          - 10246.1916      -   184  205s
  2528  1821 10709.6109   57  122          - 10246.1916      -   190  210s
  2607  1881 11211.3397   68  196          - 10246.1916      -   196  216s
  2677  1961 11418.3573   82  223          - 10246.1916      -   198  221s
  2738  2031 12166.9789   95  129          - 10246.1916      -   198  233s
  2828  2120 11703.8016  110  125          - 10246.1916      -   195  238s
  2947  2155 11908.9212  143  107          - 10246.1916      -   192  244s
  2993  2140 12935.0242  167  110          - 10246.1916      -   190  245s
  3022  2374 12138.9820  175  132          - 10246.1916      -   189  251s
H 3267  2205                    15097.490000 10246.1916  32.1%   179  252s
  3274  2462 infeasible  288      15097.4900 10249.7772  32.1%   179  264s
  3314  2462 13544.9868  312   46 15097.4900 10249.7772  32.1%   177  265s
  3619  2481 10407.5580   30  437 15097.4900 10249.8502  32.1%   171  270s
  3641  2512 10517.3029   44  248 15097.4900 10249.8502  32.1%   175  275s
  3677  2561 10718.0132   57  232 15097.4900 10249.8502  32.1%   178  283s
  3706  2563 10937.7920   63  144 15097.4900 10249.8502  32.1%   180  307s
  3708  2586 10882.3914   62  200 15097.4900 10249.8502  32.1%   180  312s
  3731  2594 10994.4785   66  245 15097.4900 10249.8502  32.1%   182  325s
  3739  2648 10995.2600   67  176 15097.4900 10249.8502  32.1%   183  331s
  3793  2720 11267.7520   94  118 15097.4900 10249.8502  32.1%   183  337s
  3865  2814 11671.3670  128  112 15097.4900 10249.8502  32.1%   182  350s
  3959  2939 12400.8592  172  106 15097.4900 10249.8502  32.1%   181  358s
  4084  3198 13220.6628  218   66 15097.4900 10265.8804  32.0%   178  369s
  4272  3200 14776.1024  316    8 15097.4900 10265.8804  32.0%   171  370s
  4373  3311     cutoff  329      15097.4900 10265.8804  32.0%   170  378s
  4485  3468 10582.1885   34  402 15097.4900 10265.8804  32.0%   169  393s
  4682  3498 10718.8356   36  276 15097.4900 10265.8804  32.0%   165  403s
  4706  3516 11061.3755   43  201 15097.4900 10265.8804  32.0%   167  414s
  4720  3558 11705.7553   54  125 15097.4900 10298.2498  31.8%   169  419s
  4806  3579 infeasible  108      15097.4900 10298.7195  31.8%   170  423s
  4819  3581 10721.7008   31  393 15097.4900 10298.7195  31.8%   173  427s
  4821  3596 10549.8478   31  368 15097.4900 10298.7195  31.8%   174  430s
  4836  3623 10555.2447   32  385 15097.4900 10298.7195  31.8%   176  444s
  4863  3638 10765.3133   33  376 15097.4900 10298.7195  31.8%   179  451s
  4878  3677 10645.4185   34  346 15097.4900 10298.7195  31.8%   181  455s
  4917  3780 10871.1204   38  279 15097.4900 10298.7195  31.8%   182  461s
  5020  4017 10987.3381   43  238 15097.4900 10298.7195  31.8%   180  469s
  5113  4017 13117.6862  207   59 15097.4900 10298.7195  31.8%   179  470s
  5306  4064 11223.6419   49  237 15097.4900 10298.7195  31.8%   174  476s
H 5311  3919                    14767.800000 10298.7195  30.3%   174  476s
H 5349  3808                    14594.960000 10298.7195  29.4%   175  476s
  5353  3934 11681.3514   68  122 14594.9600 10315.3533  29.3%   175  482s
  5505  3951 14190.9300  119    - 14594.9600 10315.3533  29.3%   171  500s
  5523  3981 infeasible  122      14594.9600 10315.8014  29.3%   173  508s
  5558  4127 10656.9041   34  376 14594.9600 10315.8014  29.3%   174  522s
  5730  4224 10941.8241   51  205 14594.9600 10315.8014  29.3%   172  529s
  5768  4224 11446.2664   89  134 14594.9600 10315.8014  29.3%   172  530s
  5827  4298 11850.1995  137  120 14594.9600 10322.1442  29.3%   171  535s
  5913  4412 10436.6345   34  454 14594.9600 10322.1442  29.3%   172  542s
  6059  4468 10636.0363   44  307 14594.9600 10322.1442  29.3%   170  550s
  6110  4682 11183.8954   86  170 14594.9600 10324.7818  29.3%   171  559s
  6148  4682 11479.9519  124  128 14594.9600 10324.7818  29.3%   170  560s
  6340  4708 10635.4982   35  403 14594.9600 10324.7818  29.3%   168  567s
  6366  4749 10841.9441   45  340 14594.9600 10324.7818  29.3%   169  574s
H 6378  4691                    14484.660000 10324.7818  28.7%   170  574s
  6407  4919 11179.2124   57  301 14484.6600 10324.7818  28.7%   170  585s
  6660  5083 11882.1294   88   97 14484.6600 10328.2095  28.7%   167  617s
  6855  5128 13499.1365  178   43 14484.6600 10329.0221  28.7%   166  625s
  6923  5174 13822.8944  197    4 14484.6600 10329.8683  28.7%   166  631s
  6985  5229 13836.8000  198    - 14484.6600 10329.8898  28.7%   168  637s
  7043  5467 10765.5484   37  425 14484.6600 10329.8898  28.7%   170  679s
  7083  5467 11390.2106  107   58 14484.6600 10329.8898  28.7%   171  680s
  7354  5518 10601.1893   37  396 14484.6600 10329.8898  28.7%   168  688s
  7388  5579 11034.5633   43  347 14484.6600 10329.8898  28.7%   170  697s
  7457  5787 12096.9354   64  130 14484.6600 10336.6818  28.6%   173  713s
  7694  5796 13983.3980  175   17 14484.6600 10341.8656  28.6%   171  715s
  7711  5812 10667.3438   36  303 14484.6600 10341.8656  28.6%   173  747s
  7736  5881 10944.0431   43  371 14484.6600 10341.8656  28.6%   174  758s
  7805  6029 11208.2941   49  280 14484.6600 10341.8656  28.6%   175  770s
  7967  6139 12458.2635  118   81 14484.6600 10343.0974  28.6%   174  780s
  8104  6184     cutoff  213      14484.6600 10343.1478  28.6%   175  792s
  8127  6184 10931.4725   51  283 14484.6600 10343.1478  28.6%   176  798s
  8151  6416 11485.2640   60  202 14484.6600 10346.6839  28.6%   178  808s
  8407  6650 infeasible  195      14484.6600 10352.0736  28.5%   176  820s
  8673  6778 11033.3639   47  173 14484.6600 10354.6528  28.5%   175  832s
  8809  6819 10500.1487   37  313 14484.6600 10354.7189  28.5%   175  853s
  8850  6967 10924.2926   45  245 14484.6600 10354.7189  28.5%   178  868s
  9000  7198 11340.3348   56  232 14484.6600 10355.1061  28.5%   178  881s
  9332  7346     cutoff  113      14484.6600 10355.4855  28.5%   176  892s
  9466  7347 14221.4975  163   29 14484.6600 10356.3775  28.5%   176  898s
  9490  7520 10841.3048   49  289 14484.6600 10356.6221  28.5%   176  911s
  9694  7588 10617.1755   34  482 14484.6600 10359.0844  28.5%   176  922s
  9775  7784 11405.7155   55  287 14484.6600 10361.2014  28.5%   178  936s
  9993  7902     cutoff  173      14484.6600 10365.6131  28.4%   178  947s
 10113  8034 10929.3621   53  303 14484.6600 10365.6131  28.4%   178  959s
 10255  8201 12309.8823  147  120 14484.6600 10369.4795  28.4%   179  971s
 10466  8218 10859.6050   41  337 14484.6600 10369.6382  28.4%   179  983s
 10483  8283 10987.1776   44  210 14484.6600 10369.6382  28.4%   180  993s
 10548  8583 11232.6575   54  259 14484.6600 10369.8918  28.4%   183 1010s
 10909  8716 10681.6225   32  462 14484.6600 10371.6976  28.4%   182 1037s
 11043  8864 12013.6830   81  139 14484.6600 10373.0727  28.4%   183 1048s
 11223  8872     cutoff  163      14484.6600 10376.1587  28.4%   183 1059s
 11234  9089 10909.6346   34  228 14484.6600 10376.6772  28.4%   184 1072s
 11496  9180 infeasible  236      14484.6600 10376.7789  28.4%   183 1086s
 11597  9380 10702.5834   44  358 14484.6600 10377.0322  28.4%   183 1099s
 11636  9380 11678.6718   83  132 14484.6600 10377.0322  28.4%   184 1100s
 11826  9575     cutoff  225      14484.6600 10378.5869  28.3%   183 1112s
 12080  9664 10779.0714   35  322 14484.6600 10382.1673  28.3%   181 1123s
 12139  9944 11342.2790   58  137 14484.6600 10382.1867  28.3%   183 1137s
 12464 10155 13619.2300  219    - 14484.6600 10387.3506  28.3%   181 1149s
 12523 10163 11997.0020  130   51 14484.6600 10387.3929  28.3%   182 1150s
 12719 10201     cutoff  219      14484.6600 10388.1148  28.3%   180 1159s
 12769 10374 11135.2310   52  240 14484.6600 10388.7720  28.3%   182 1171s
 12998 10529 13682.1600  135    - 14484.6600 10392.2618  28.3%   181 1184s
 13150 10557 14212.2400  135   12 14484.6600 10392.8812  28.2%   181 1197s
 13200 10616     cutoff  137      14484.6600 10394.8108  28.2%   183 1208s
 13267 10776 11016.6766   49  212 14484.6600 10394.8108  28.2%   185 1221s
 13482 10879 10746.9958   53  285 14484.6600 10394.8108  28.2%   186 1232s
 13584 11018 11445.5675   69  155 14484.6600 10398.3461  28.2%   187 1247s
 13792 11149 infeasible  122      14484.6600 10399.8598  28.2%   186 1259s
 13888 11149 13418.0554  132   36 14484.6600 10401.6573  28.2%   186 1260s
 13919 11264 11335.7784   58   97 14484.6600 10401.7069  28.2%   187 1272s
 14049 11446 11061.6600   50  312 14484.6600 10403.1369  28.2%   188 1289s
 14087 11446 11971.8182   88  125 14484.6600 10403.1369  28.2%   188 1290s
 14268 11499     cutoff  148      14484.6600 10405.7775  28.2%   187 1301s
 14316 11735 11354.4660   69  130 14484.6600 10406.7955  28.2%   189 1316s
 14587 11875 12899.7414  137   14 14484.6600 10407.4415  28.1%   187 1329s
 14706 11875 10578.9454   40  402 14484.6600 10407.4415  28.1%   187 1330s
 14737 12140 11885.3006   87  170 14484.6600 10407.5085  28.1%   187 1343s
 15042 12214 infeasible  198      14484.6600 10408.2867  28.1%   185 1355s
 15116 12418 11718.7234   87  158 14484.6600 10409.8677  28.1%   187 1369s
 15230 12418 12687.6244  201   87 14484.6600 10409.8677  28.1%   185 1370s
 15349 12580 infeasible  278      14484.6600 10409.8890  28.1%   185 1382s
 15527 12733 11170.5204   60  240 14484.6600 10409.9136  28.1%   185 1396s
 15679 12926 11957.8800  118   65 14484.6600 10410.4153  28.1%   186 1410s
 15894 13187 13199.9625  161   41 14484.6600 10410.7401  28.1%   186 1422s
 16236 13205     cutoff  185      14484.6600 10410.8605  28.1%   184 1436s
 16243 13231 10991.9474   34  277 14484.6600 10411.6778  28.1%   185 1447s
 16269 13426 11250.2953   39  194 14484.6600 10411.6778  28.1%   186 1461s
 16482 13536 infeasible  104      14484.6600 10412.6586  28.1%   186 1472s
 16597 13786 11438.7568   70  120 14484.6600 10415.9274  28.1%   187 1485s
 16884 14015 11021.5805   52  267 14484.6600 10416.9859  28.1%   186 1500s
 17144 14142 14484.3900  173    - 14484.6600 10417.1431  28.1%   185 1511s
 17279 14182 infeasible  173      14484.6600 10417.3884  28.1%   186 1522s
 17327 14307 11169.5983   55  317 14484.6600 10418.2093  28.1%   187 1533s
 17479 14355 14475.0837  178   20 14484.6600 10418.3128  28.1%   187 1543s
 17528 14474 11260.5870   65  192 14484.6600 10418.3442  28.1%   189 1560s
 17661 14495 10633.0553   37  267 14484.6600 10418.3442  28.1%   189 1572s
 17682 14555 10916.5453   41  331 14484.6600 10418.3442  28.1%   190 1583s
 17742 14976 11456.3142   51  180 14484.6600 10418.4647  28.1%   191 1599s
 17856 14976 13418.3100   94   12 14484.6600 10418.4647  28.1%   191 1600s
 18211 15048 14065.7437  109   27 14484.6600 10419.6807  28.1%   190 1613s
 18291 15225 14407.0250  114   21 14484.6600 10423.6206  28.0%   191 1624s
 18492 15437 14481.3800  115   16 14484.6600 10424.6456  28.0%   190 1637s
 18708 15635 11321.1589   64  176 14484.6600 10431.6984  28.0%   190 1651s
 18938 15766 10919.0125   44  324 14484.6600 10432.7431  28.0%   190 1666s
 19104 15791     cutoff  169      14484.6600 10434.1911  28.0%   190 1685s
 19129 15960 10830.3277   42  261 14484.6600 10434.1911  28.0%   191 1696s
 19316 16056 12022.6857   92  109 14484.6600 10435.6652  28.0%   191 1707s
 19427 16197     cutoff  157      14484.6600 10435.6985  28.0%   192 1719s
 19629 16315 11173.5297   61  166 14484.6600 10436.6383  27.9%   192 1734s
 19732 16803 11639.9504  102   70 14484.6600 10437.5137  27.9%   192 1749s
 19770 16803 11962.5494  122   76 14484.6600 10437.5137  27.9%   192 1750s
 20363 16916     cutoff  192      14484.6600 10438.1357  27.9%   189 1764s
 20432 17161 10958.3112   58  210 14484.6600 10439.2359  27.9%   190 1777s
 20713 17215     cutoff  206      14484.6600 10439.5813  27.9%   189 1790s
 20770 17442 11474.2760   71  288 14484.6600 10440.4312  27.9%   190 1802s
 21063 17573     cutoff  166      14484.6600 10440.7105  27.9%   189 1814s
 21200 17581 10917.1569   50  249 14484.6600 10440.9034  27.9%   189 1815s
 21219 17723     cutoff  172      14484.6600 10441.5043  27.9%   189 1827s
 21388 17917 14136.2180  147    6 14484.6600 10442.7500  27.9%   190 1842s
 21626 17965     cutoff  170      14484.6600 10446.1357  27.9%   190 1853s
 21669 18185 11140.4413   45  274 14484.6600 10447.5258  27.9%   191 1865s
 21945 18535 10883.0160   39  350 14484.6600 10447.7724  27.9%   190 1881s
 22278 18731 12159.4453  141   26 14484.6600 10447.7868  27.9%   189 1896s
 22568 18816 13770.5017  188   20 14484.6600 10448.7387  27.9%   189 1909s
 22648 18953 11513.7834   50  242 14484.6600 10449.0434  27.9%   189 1922s
 22805 19135     cutoff  152      14484.6600 10450.7806  27.8%   190 1935s
 23013 19285 12564.8942  132   94 14484.6600 10451.1874  27.8%   190 1949s
 23095 19286 10530.7156   44  341 14484.6600 10451.1874  27.8%   189 1950s
*23197 19303             203    14441.220000 10452.7460  27.6%   190 1960s
 23268 19507 11421.9556   40  358 14441.2200 10453.8831  27.6%   190 1973s
 23509 19543 10740.6145   43  382 14441.2200 10454.9599  27.6%   190 1984s
 23546 19848 11679.8506   68   61 14441.2200 10455.4424  27.6%   191 2020s
 23903 19911 infeasible  229      14441.2200 10457.5649  27.6%   191 2044s
 23994 20111     cutoff  231      14441.2200 10458.0672  27.6%   192 2056s
*23995 20090             230    14428.560000 10458.0672  27.5%   192 2056s
 24218 20402 12677.7531  121   81 14428.5600 10458.3094  27.5%   192 2072s
 24587 20461     cutoff  244      14428.5600 10459.3617  27.5%   191 2084s
 24640 20616 11242.2606   46  150 14428.5600 10459.6896  27.5%   192 2098s
 24816 20731     cutoff   99      14428.5600 10460.2499  27.5%   192 2121s
 24970 20873 11193.1238   51  138 14428.5600 10461.0307  27.5%   193 2134s
 25008 20873 11753.3083   89   57 14428.5600 10461.0307  27.5%   193 2135s
 25123 21091 11057.1585   64  334 14428.5600 10462.2654  27.5%   193 2151s
 25372 21223     cutoff  192      14428.5600 10462.3148  27.5%   193 2163s
 25524 21315 11758.7436   75   93 14428.5600 10462.9618  27.5%   193 2174s
 25600 21326 13775.9200  135    2 14428.5600 10462.9618  27.5%   192 2175s
 25671 21473     cutoff  155      14428.5600 10462.9937  27.5%   193 2186s
 25839 21621 13162.1952   80   63 14428.5600 10463.3127  27.5%   193 2203s
 26029 21781 10674.8685   33  299 14428.5600 10464.4475  27.5%   193 2215s
 26191 21919 10979.7499   44  298 14428.5600 10464.4475  27.5%   193 2229s
 26250 21919 11979.1758   82   78 14428.5600 10464.4475  27.5%   194 2230s
 26350 22119 11268.8243   53  124 14428.5600 10464.4475  27.5%   194 2244s
 26426 22119 11926.0954   90   22 14428.5600 10464.4475  27.5%   194 2245s
 26549 22421 13734.2283  167   53 14428.5600 10466.4274  27.5%   194 2262s
 26913 22526     cutoff  196      14428.5600 10468.4208  27.4%   192 2275s
 27049 22680 11215.7330   75  156 14428.5600 10468.6942  27.4%   192 2287s
 27217 22935 10935.1427   44  335 14428.5600 10469.1119  27.4%   192 2300s
 27500 23151 11397.8131   56  149 14428.5600 10470.2750  27.4%   191 2314s
 27614 23153 12342.2373  124   10 14428.5600 10470.2750  27.4%   191 2315s
 27789 23329 13911.6045  161    6 14428.5600 10470.9445  27.4%   191 2330s
 27963 23429 14373.6900  169    - 14428.5600 10472.0990  27.4%   190 2342s
*27995 23322             227    14379.490000 10472.3715  27.2%   191 2342s
 28077 23496     cutoff  169      14379.4900 10473.0684  27.2%   191 2353s
 28275 23629 12070.9632   96  161 14379.4900 10473.4966  27.2%   190 2378s
 28448 23924 11322.8827   62  103 14379.4900 10474.4928  27.2%   190 2391s
 28800 24013 13617.6211  175    9 14379.4900 10475.0947  27.2%   189 2404s
 28868 24017     cutoff  144      14379.4900 10475.1082  27.2%   189 2405s
 28899 24160 infeasible  177      14379.4900 10475.2469  27.2%   189 2416s
 29065 24388 11311.3044   59  206 14379.4900 10475.6551  27.1%   189 2428s
 29340 24529 infeasible  215      14379.4900 10476.4491  27.1%   188 2440s
 29489 24655 11422.3833   79  141 14379.4900 10476.9940  27.1%   188 2453s
 29668 24670 10886.9037   41  333 14379.4900 10477.0628  27.1%   188 2455s
 29669 24785 11159.1209   49  250 14379.4900 10477.0628  27.1%   188 2466s
 29784 25106 11808.4010   86  114 14379.4900 10477.1922  27.1%   189 2479s
 29904 25118 11214.4032   72  147 14379.4900 10477.1922  27.1%   189 2480s
 30158 25157 13263.8643  138   23 14379.4900 10478.5333  27.1%   188 2490s
 30210 25378     cutoff  160      14379.4900 10479.5983  27.1%   189 2503s
 30474 25482 10849.9171   41  451 14379.4900 10480.3654  27.1%   189 2516s
 30515 25482 12191.3896   82  115 14379.4900 10480.3654  27.1%   189 2521s
 30588 25665 12746.4367  102   24 14379.4900 10481.3353  27.1%   189 2532s
 30800 25797     cutoff  190      14379.4900 10481.9888  27.1%   189 2548s
 30971 25848     cutoff  179      14379.4900 10484.8749  27.1%   189 2557s
 31031 25983 11369.7010   65  188 14379.4900 10485.2547  27.1%   190 2571s
 31188 26028 14342.1647  189   37 14379.4900 10487.3180  27.1%   190 2581s
 31237 26069 infeasible  194      14379.4900 10488.4418  27.1%   191 2591s
 31283 26194 11692.1440   73  104 14379.4900 10488.7226  27.1%   191 2603s
 31423 26280 12030.9179   89  117 14379.4900 10489.9665  27.0%   192 2615s
 31543 26407     cutoff  167      14379.4900 10490.7626  27.0%   192 2627s
 31689 26544 11459.6242   51  242 14379.4900 10491.3320  27.0%   192 2642s
 31845 26571     cutoff  170      14379.4900 10492.7379  27.0%   192 2654s
 31872 26667 10924.6259   45  282 14379.4900 10493.9366  27.0%   193 2666s
 31980 26738 10687.8827   44  407 14379.4900 10495.0471  27.0%   194 2680s
 32062 26802 10872.1947   33  436 14379.4900 10495.0471  27.0%   194 2691s
 32126 27186 11146.1841   43  274 14379.4900 10495.6346  27.0%   195 2729s
 32278 27187 12138.6427  124   33 14379.4900 10495.6346  27.0%   195 2730s
 32586 27320 14168.4400  177    - 14379.4900 10495.9346  27.0%   195 2752s
 32771 27372     cutoff  177      14379.4900 10496.2484  27.0%   196 2767s
 32808 27483 11901.1327   64  108 14379.4900 10497.7313  27.0%   196 2785s
 32945 27656     cutoff  165      14379.4900 10498.5697  27.0%   196 2797s
 33154 27797 11333.0419   56  218 14379.4900 10499.3586  27.0%   196 2815s
 33340 27980     cutoff  195      14379.4900 10499.6206  27.0%   197 2835s
 33556 28098 11482.9856   45  307 14379.4900 10500.0612  27.0%   196 2861s
 33728 28212 infeasible  166      14379.4900 10500.5903  27.0%   197 2873s
 33835 28346 11615.1801   84  165 14379.4900 10501.3536  27.0%   197 2886s
 33990 28431 11024.7672   44  359 14379.4900 10502.1392  27.0%   197 2913s
 34107 28550 12435.6110  104   92 14379.4900 10503.0708  27.0%   198 2927s
 34244 28766 11970.4144  106   31 14379.4900 10503.1511  27.0%   198 2946s
 34542 28995 14320.2300  193    - 14379.4900 10504.0488  27.0%   198 2962s
 34804 29013 infeasible  194      14379.4900 10504.4368  26.9%   197 2974s
*34822 27033             147    13935.280000 10504.4535  24.6%   198 2974s
 34828 27075 10950.0299   51  338 13935.2800 10504.4535  24.6%   198 2985s
*34868 26776             145    13887.280000 10504.4535  24.4%   198 2985s
 34882 26935 11886.2581   87  180 13887.2800 10508.3758  24.3%   199 2998s
 35010 26939 12285.8191   92  114 13887.2800 10508.9291  24.3%   199 3000s
 35065 26975     cutoff  165      13887.2800 10509.6793  24.3%   199 3009s
 35107 27116 11145.0616   56  404 13887.2800 10509.6793  24.3%   199 3021s
 35265 27265 11751.0121   73  144 13887.2800 10510.1898  24.3%   199 3043s
 35440 27377 12641.9184  105   80 13887.2800 10511.0606  24.3%   199 3057s
 35595 27424     cutoff  135      13887.2800 10511.6474  24.3%   200 3069s
 35646 27475 12076.9911   82   82 13887.2800 10512.6637  24.3%   200 3083s
 35717 27586 10842.8329   47  426 13887.2800 10512.6637  24.3%   200 3095s
 35842 27684 11759.6649   72  209 13887.2800 10514.1203  24.3%   200 3108s
 35965 27793     cutoff  153      13887.2800 10514.6888  24.3%   201 3120s
 36102 27983 11210.5238   54  198 13887.2800 10515.4311  24.3%   201 3134s
 36179 27988 13238.1500  123   28 13887.2800 10515.4311  24.3%   201 3135s
 36326 28104 13117.8024  100   63 13887.2800 10515.4983  24.3%   201 3148s
 36492 28133 13748.6017  127   13 13887.2800 10515.9139  24.3%   201 3160s
 36515 28173     cutoff  128      13887.2800 10516.8600  24.3%   201 3170s
 36557 28307 10857.3256   42  360 13887.2800 10517.5497  24.3%   202 3194s
 36720 28401 10628.7688   39  478 13887.2800 10518.2209  24.3%   202 3206s
H36738 26634                    13576.480000 10518.2209  22.5%   202 3206s
 36827 26807 10995.4253   55  234 13576.4800 10518.4229  22.5%   202 3221s
 37041 26914 11390.0637   57  184 13576.4800 10518.8340  22.5%   202 3237s
 37168 26971     cutoff  151      13576.4800 10519.3316  22.5%   202 3249s
 37226 27095 11409.4152   61   35 13576.4800 10520.2573  22.5%   203 3263s
 37374 27203 12519.9275   87   73 13576.4800 10520.8769  22.5%   203 3276s
 37510 27217     cutoff  116      13576.4800 10520.9619  22.5%   203 3287s
 37527 27323 11051.6267   54  427 13576.4800 10521.3438  22.5%   203 3300s
 37647 27467 12536.7058  115   77 13576.4800 10522.0135  22.5%   204 3315s
 37842 27609 11559.7885   53  211 13576.4800 10522.5776  22.5%   204 3330s
 37999 27682     cutoff  180      13576.4800 10523.4618  22.5%   204 3343s
 38012 27682 11250.7430   47  303 13576.4800 10524.0464  22.5%   204 3350s
 38094 27808 11559.8424   53  279 13576.4800 10524.0538  22.5%   204 3364s
 38132 27808 12829.7619   91  111 13576.4800 10524.0538  22.5%   204 3365s
 38234 27887 11196.7273   45  444 13576.4800 10524.0538  22.5%   204 3377s
 38329 28066 11495.5776   70  143 13576.4800 10526.2268  22.5%   205 3392s
H38546 27359                    13474.480000 10527.1991  21.9%   204 3394s
 38553 27434     cutoff  182      13474.4800 10527.3691  21.9%   204 3406s
 38645 27532 11047.5550   46  444 13474.4800 10527.6235  21.9%   205 3420s
 38763 27670 11029.8815   70  288 13474.4800 10528.0322  21.9%   205 3441s
 38923 27870 11208.1767   70  262 13474.4800 10530.8341  21.8%   205 3456s
 39153 27934 10907.1400   47  394 13474.4800 10530.8341  21.8%   205 3471s
 39231 28045 11653.2769   86  174 13474.4800 10531.3509  21.8%   205 3488s
 39377 28347 11011.4032   46  390 13474.4800 10531.3844  21.8%   205 3504s
 39429 28347 11596.3900   65   91 13474.4800 10531.3844  21.8%   205 3505s
 39725 28516 11645.2434   74   60 13474.4800 10531.7336  21.8%   204 3539s
 39801 28518 11965.1815  132   69 13474.4800 10531.7336  21.8%   204 3540s
 39919 28680     cutoff  161      13474.4800 10532.4214  21.8%   204 3553s
 40063 28680 13350.6985  146   84 13474.4800 10533.4256  21.8%   204 3555s
 40098 28814 12091.3535  105  103 13474.4800 10534.3498  21.8%   204 3568s
 40262 29033     cutoff  152      13474.4800 10534.9110  21.8%   204 3584s
 40441 29033 12903.9438  120   76 13474.4800 10535.4311  21.8%   204 3585s
