




arguments: ./build/bc_mirp -f ./input/orig_exec_126.cfg
Current dir: /scratch/gui/bc_mirp
File verbosity level: 9
date       time         ( uptime  ) [ thread name/id ]                   file:line     v| 
2021-02-07 22:10:39.772 (   0.105s) [main thread     ]             loguru.cpp:789   INFO| Logging to './output/vi_vc+hc3/OU/V4/Original/execution_07_02_2021_22_10_39.log', mode: 'a', verbosity: 9
--------------------------------------------------------------------------------
Parameters
                           instance_path           ./input/Instances/Original/3/
                            model_policy                                       1
                             nb_vehicles                                       4
                              output_dir      ./output/vi_vc+hc3/OU/V4/Original/
                            sec_strategy                                       1
                       solver_nb_threads                                       2
                         solver_show_log                                    true
                       solver_time_limit                                    3600
                              use_vi_cos                                   false
                              use_vi_cus                                   false
                         use_vi_hc1_full                                   false
                         use_vi_hc1_half                                   false
                      use_vi_hc1_quarter                                   false
                              use_vi_hc2                                   false
                              use_vi_hc3                                    true
                         use_vi_lex_full                                   false
                         use_vi_lex_half                                   false
                      use_vi_lex_quarter                                   false
                              use_vi_qua                                   false
                               use_vi_vc                                    true
                               use_vi_vr                                   false
--------------------------------------------------------------------------------
executing instance: ./input/Instances/Original/3/absH3low_2n5.dat
--------------------------------------------------------------------------------
Instance details
n	6
H	3
C	237
Li:
[0, 0, 0, 0, 0, 0, ]
Ui:
[0, 93, 180, 51, 114, 24, ]
Distance matrix:
|0	170	318	35	112	235	|
|170	0	311	205	258	301	|
|318	311	0	326	278	137	|
|35	205	326	0	89	230	|
|112	258	278	89	0	160	|
|235	301	137	230	160	0	|

--------------------------------------------------------------------------------
Building model...
	using lazy and cut (CVRPSEP package)
Solving IRP LP...
--------------------------------------------------------------------------------

Gurobi 9.1.0 (linux64) logging started Sun Feb  7 22:10:39 2021

Gurobi Optimizer version 9.1.0 build v9.1.0rc0 (linux64)
Thread count: 32 physical cores, 32 logical processors, using up to 2 threads
Optimize a model with 285 rows, 336 columns and 1452 nonzeros
Model fingerprint: 0x629a0726
Variable types: 84 continuous, 252 integer (72 binary)
Coefficient statistics:
  Matrix range     [1e+00, 2e+02]
  Objective range  [1e-02, 3e+02]
  Bounds range     [1e+00, 2e+02]
  RHS range        [1e+00, 5e+02]
Presolve removed 54 rows and 30 columns
Presolve time: 0.00s

Explored 0 nodes (0 simplex iterations) in 0.01 seconds
Thread count was 1 (of 32 available processors)

Solution count 0

Model is infeasible
Best objective -, best bound -, gap -

User-callback calls 33, time in user-callback 0.00 sec

Computing Irreducible Inconsistent Subsystem (IIS)...

           Constraints          |            Bounds           |  Runtime
      Min       Max     Guess   |   Min       Max     Guess   |
--------------------------------------------------------------------------
        0       255         -         0       464         -           0s
       30        30         -        49        49         -           0s

IIS computed: 30 constraints, 49 bounds
IIS runtime: 0.48 seconds
================================================================================
executing instance: ./input/Instances/Original/3/absH3high_5n30.dat
--------------------------------------------------------------------------------
Instance details
n	31
H	3
C	2296
Li:
[0, 0, 0, 0, 0, 0, 0, 0, 0, 0, 0, 0, 0, 0, 0, 0, 0, 0, 0, 0, 0, 0, 0, 0, 0, 0, 0, 0, 0, 0, 0, ]
Ui:
[0, 80, 90, 297, 28, 264, 123, 192, 112, 32, 72, 88, 294, 129, 126, 105, 110, 237, 246, 92, 72, 147, 54, 96, 128, 96, 84, 28, 74, 196, 192, ]
Distance matrix:
|0	87	302	65	389	171	219	120	412	339	129	63	169	401	383	158	393	161	246	275	64	287	345	235	13	274	106	201	85	358	135	|
|87	0	334	128	402	212	301	204	465	384	187	145	232	424	454	238	475	245	289	352	80	307	352	321	81	352	20	261	170	376	215	|
|302	334	0	239	113	132	237	334	157	70	404	263	162	105	227	229	339	251	65	217	259	53	107	352	293	220	339	134	270	75	235	|
|65	128	239	0	330	107	175	130	348	275	174	40	107	339	326	114	351	125	181	224	58	228	290	222	58	224	143	138	65	297	92	|
|389	402	113	330	0	226	349	438	210	151	502	360	269	48	316	339	441	362	175	328	335	102	55	465	377	330	401	245	371	37	342	|
|171	212	132	107	226	0	169	214	253	173	276	134	64	233	261	130	326	153	77	188	133	125	192	264	162	190	220	68	145	193	125	|
|219	301	237	175	349	169	0	157	257	223	244	157	105	334	180	62	175	61	177	63	233	264	334	118	221	61	317	112	136	312	85	|
|120	204	334	130	438	214	157	0	402	348	88	90	173	438	336	115	307	100	269	220	172	338	406	122	130	218	224	204	69	403	101	|
|412	465	157	348	210	253	257	402	0	88	486	359	245	166	129	287	266	303	178	204	386	208	239	370	406	207	473	212	354	187	304	|
|339	384	70	275	151	173	223	348	88	0	427	291	179	120	166	234	290	254	96	187	306	123	166	342	332	190	391	145	291	119	247	|
|129	187	404	174	502	276	244	88	486	427	0	142	248	508	424	200	390	187	342	308	193	400	464	192	142	306	207	281	136	469	182	|
|63	145	263	40	360	134	157	90	359	291	142	0	114	366	321	95	331	99	202	212	90	258	323	186	65	211	163	148	27	327	72	|
|169	232	162	107	269	64	105	173	245	179	248	114	0	266	222	71	268	94	97	131	155	173	244	203	164	132	245	34	113	233	73	|
|401	424	105	339	48	233	334	438	166	120	508	366	266	0	280	332	409	355	169	305	353	117	96	452	391	308	425	237	374	49	339	|
|383	454	227	326	316	261	180	336	129	166	424	321	222	280	0	231	137	238	208	116	376	277	331	272	381	118	467	197	307	285	253	|
|158	238	229	114	339	130	62	115	287	234	200	95	71	332	231	0	238	23	164	118	171	243	314	134	159	117	255	95	77	302	23	|
|393	475	339	351	441	326	175	307	266	290	390	331	268	409	137	238	0	232	300	138	408	383	445	204	395	136	492	258	308	406	260	|
|161	245	251	125	362	153	61	100	303	254	187	99	94	355	238	23	232	0	187	123	183	267	338	111	164	121	262	117	77	325	34	|
|246	289	65	181	175	77	177	269	178	96	342	202	97	169	208	164	300	187	0	168	210	87	157	290	238	171	296	70	206	138	170	|
|275	352	217	224	328	188	63	220	204	187	308	212	131	305	116	118	138	123	168	0	279	255	322	166	275	3	367	120	195	291	141	|
|64	80	259	58	335	133	233	172	386	306	193	90	155	353	376	171	408	183	210	279	0	236	289	276	51	279	90	182	117	307	150	|
|287	307	53	228	102	125	264	338	208	123	400	258	173	117	277	243	383	267	87	255	236	0	71	374	276	257	308	153	270	71	245	|
|345	352	107	290	55	192	334	406	239	166	464	323	244	96	331	314	445	338	157	322	289	71	0	445	334	325	350	224	337	54	315	|
|235	321	352	222	465	264	118	122	370	342	192	186	203	452	272	134	204	111	290	166	276	374	445	0	243	164	341	221	159	428	142	|
|13	81	293	58	377	162	221	130	406	332	142	65	164	391	381	159	395	164	238	275	51	276	334	243	0	274	100	196	89	347	136	|
|274	352	220	224	330	190	61	218	207	190	306	211	132	308	118	117	136	121	171	3	279	257	325	164	274	0	367	122	194	294	140	|
|106	20	339	143	401	220	317	224	473	391	207	163	245	425	467	255	492	262	296	367	90	308	350	341	100	367	0	272	188	377	232	|
|201	261	134	138	245	68	112	204	212	145	281	148	34	237	197	95	258	117	70	120	182	153	224	221	196	122	272	0	146	208	103	|
|85	170	270	65	371	145	136	69	354	291	136	27	113	374	307	77	308	77	206	195	117	270	337	159	89	194	188	146	0	337	54	|
|358	376	75	297	37	193	312	403	187	119	469	327	233	49	285	302	406	325	138	291	307	71	54	428	347	294	377	208	337	0	306	|
|135	215	235	92	342	125	85	101	304	247	182	72	73	339	253	23	260	34	170	141	150	245	315	142	136	140	232	103	54	306	0	|

--------------------------------------------------------------------------------
Building model...
	using lazy and cut (CVRPSEP package)
Solving IRP LP...
--------------------------------------------------------------------------------

Gurobi 9.1.0 (linux64) logging started Sun Feb  7 22:10:40 2021

Gurobi Optimizer version 9.1.0 build v9.1.0rc0 (linux64)
Thread count: 32 physical cores, 32 logical processors, using up to 2 threads
Optimize a model with 1510 rows, 6436 columns and 24202 nonzeros
Model fingerprint: 0xeaebc79c
Variable types: 484 continuous, 5952 integer (372 binary)
Coefficient statistics:
  Matrix range     [1e+00, 6e+02]
  Objective range  [1e-01, 5e+02]
  Bounds range     [1e+00, 3e+02]
  RHS range        [1e+00, 4e+03]
Presolve removed 484 rows and 151 columns
Presolve time: 0.11s
Presolved: 1026 rows, 6285 columns, 21122 nonzeros
Variable types: 302 continuous, 5983 integer (5607 binary)

Root relaxation: objective 8.996963e+03, 1015 iterations, 0.03 seconds

    Nodes    |    Current Node    |     Objective Bounds      |     Work
 Expl Unexpl |  Obj  Depth IntInf | Incumbent    BestBd   Gap | It/Node Time

     0     0 8996.96331    0  124          - 8996.96331      -     -    0s
     0     0 9307.80927    0  112          - 9307.80927      -     -    0s
     0     0 9314.38041    0  106          - 9314.38041      -     -    0s
     0     0 9314.38041    0  110          - 9314.38041      -     -    0s
     0     0 9554.09994    0  179          - 9554.09994      -     -    0s
     0     0 9605.98210    0  183          - 9605.98210      -     -    0s
     0     0 9612.89318    0  191          - 9612.89318      -     -    0s
     0     0 9614.35933    0  174          - 9614.35933      -     -    0s
     0     0 9614.37733    0  177          - 9614.37733      -     -    0s
     0     0 9825.98565    0  210          - 9825.98565      -     -    1s
     0     0 9842.65748    0  217          - 9842.65748      -     -    1s
     0     0 9843.95079    0  206          - 9843.95079      -     -    1s
     0     0 9844.02538    0  217          - 9844.02538      -     -    1s
     0     0 9932.34641    0  222          - 9932.34641      -     -    1s
     0     0 9943.58479    0  256          - 9943.58479      -     -    1s
     0     0 9944.06501    0  233          - 9944.06501      -     -    1s
     0     0 9970.83289    0  263          - 9970.83289      -     -    1s
     0     0 9974.56403    0  228          - 9974.56403      -     -    2s
     0     0 9975.80112    0  246          - 9975.80112      -     -    2s
     0     0 9976.06563    0  254          - 9976.06563      -     -    2s
     0     0 9984.39409    0  272          - 9984.39409      -     -    2s
     0     0 9987.65363    0  301          - 9987.65363      -     -    2s
     0     0 9987.80577    0  282          - 9987.80577      -     -    2s
     0     0 10000.2917    0  249          - 10000.2917      -     -    3s
     0     0 10001.8018    0  250          - 10001.8018      -     -    3s
     0     0 10003.7908    0  326          - 10003.7908      -     -    3s
     0     0 10004.9117    0  273          - 10004.9117      -     -    3s
     0     0 10007.3275    0  269          - 10007.3275      -     -    3s
     0     0 10007.3275    0  252          - 10007.3275      -     -    3s
     0     2 10010.2233    0  246          - 10010.2233      -     -    3s
    35    38 10178.9088   11  199          - 10012.3205      -   195    5s
   323   375 11328.6440   89  110          - 10012.3205      -   128   10s
   614   592 10383.9346   14  270          - 10013.9594      -   109   15s
   705   682 10579.8985   30  288          - 10013.9594      -   132   20s
   748   714 10149.0499   15  422          - 10065.8075      -   133   25s
   757   720 12758.5552  128  454          - 10089.2352      -   131   30s
   781   736 11201.3031   55  466          - 10102.1564      -   127   35s
   806   754 11581.0341   91  430          - 10105.9788      -   138   40s
   833   772 10516.6134   38  470          - 10113.6677      -   133   45s
   840   779 10118.6594   24  344          - 10118.2314      -   143   51s
   868   799 10135.7654   32  405          - 10124.7738      -   149   55s
   945   853 10245.1155   50  214          - 10124.7738      -   164   60s
  1064   941 10396.3694   77  260          - 10124.7738      -   170   65s
  1236  1071 10587.5759  115  251          - 10124.7738      -   174   70s
  1385  1172 10716.7656  151  215          - 10124.7738      -   174   75s
  1566  1297 10872.4507  189  208          - 10124.7738      -   174   80s
  1720  1414 10956.3241  222  159          - 10124.7738      -   175   87s
  1829  1485 11113.2309  243  171          - 10124.7738      -   174   90s
  1921  1577 11116.9916  261  166          - 10124.7738      -   175   98s
  2000  1653 11375.5434  273  187          - 10124.7738      -   172  100s
  2362  1790 11590.9257  307  161          - 10124.7738      -   157  106s
  2478  1835 10214.1999   33  335          - 10124.7738      -   159  110s
  2565  1942 11877.9418  391  138          - 10124.7738      -   162  115s
  2783  2170 12253.9107  478  122          - 10124.7738      -   161  121s
* 2964  2102             550    13938.990000 10127.7547  27.3%   155  124s
  3075  2077     cutoff  598      13938.9900 10127.7547  27.3%   150  125s
  3126  2036 10286.9070   32  214 13938.9900 10127.7547  27.3%   151  133s
  3161  2074 10372.6704   35  214 13938.9900 10127.7547  27.3%   152  137s
  3199  2119 10539.3941   40  189 13938.9900 10127.7547  27.3%   153  140s
  3300  2232 10696.0971   66  141 13938.9900 10127.7547  27.3%   153  145s
  3408  2367 10778.3073  105  229 13938.9900 10127.7547  27.3%   151  151s
  3523  2440 10906.7951  167  193 13938.9900 10127.7547  27.3%   149  155s
  3629  2538 11060.8337  197  147 13938.9900 10127.7547  27.3%   148  161s
  3663  2649 11110.8096  207  135 13938.9900 10127.7547  27.3%   148  165s
  3890  2849 11292.2869  290  142 13938.9900 10127.7547  27.3%   144  174s
  3994  2973 11673.9836  320   98 13938.9900 10127.7547  27.3%   141  178s
  4134  3145 12801.2821  374   80 13938.9900 10132.0390  27.3%   139  187s
  4346  3161 10271.6215   26  321 13938.9900 10132.0390  27.3%   135  192s
  4348  3170 10234.4355   26  417 13938.9900 10132.0390  27.3%   136  195s
  4371  3191 10320.1102   34  363 13938.9900 10132.0390  27.3%   140  206s
  4393  3236 10367.7580   39  343 13938.9900 10132.0390  27.3%   142  213s
  4423  3250 10425.6090   52  336 13938.9900 10132.0390  27.3%   144  216s
  4459  3298 10533.1732   61  290 13938.9900 10132.0390  27.3%   146  222s
  4485  3330 10543.1877   67  252 13938.9900 10132.0390  27.3%   147  227s
  4517  3380 10629.2326   73  194 13938.9900 10132.0390  27.3%   148  231s
  4567  3492 10689.5331   87  186 13938.9900 10132.0390  27.3%   148  235s
  4679  3617 10845.1954  123  184 13938.9900 10132.0390  27.3%   146  240s
  4804  3770 10959.2866  146  198 13938.9900 10132.0390  27.3%   144  245s
  4959  3927 11221.9386  209  117 13938.9900 10132.0390  27.3%   143  251s
  5116  3929 11359.6868  231  146 13938.9900 10132.0390  27.3%   140  258s
  5118  4194 11388.1683  231   67 13938.9900 10132.0390  27.3%   140  267s
  5428  4436 11850.7679  286   41 13938.9900 10141.2927  27.2%   135  274s
  5657  4453 13506.4500  391    - 13938.9900 10141.2927  27.2%   131  275s
* 5701  4439             406    13830.010000 10141.2927  26.7%   130  275s
  5775  4497 13614.6500  396    6 13830.0100 10157.9702  26.6%   131  283s
  5827  4599 10491.8588   36  237 13830.0100 10157.9702  26.6%   132  291s
  5919  4748 10474.5016   40  259 13830.0100 10157.9702  26.6%   132  296s
  6095  4791 10591.8684   44  309 13830.0100 10157.9702  26.6%   131  301s
  6138  4863 10752.2763   65  142 13830.0100 10157.9702  26.6%   132  306s
  6210  5043 10972.5692  100   87 13830.0100 10157.9702  26.6%   134  312s
  6390  5219 11759.5317  224  106 13830.0100 10167.8830  26.5%   132  319s
  6612  5399 infeasible  294      13830.0100 10168.5728  26.5%   130  326s
  6842  5477 10627.6648   42  269 13830.0100 10168.5728  26.5%   129  331s
  6912  5735 11071.0885   74  186 13830.0100 10178.9251  26.4%   130  336s
  7208  5811 10512.5905   33  279 13830.0100 10190.5371  26.3%   127  342s
  7284  6059 10983.6007   55  143 13830.0100 10191.0230  26.3%   127  350s
  7556  6105 10411.5935   43  250 13830.0100 10191.2045  26.3%   126  356s
  7602  6241 10737.8654   60  159 13830.0100 10191.2045  26.3%   128  364s
  7695  6241 11040.6528  106   75 13830.0100 10191.2045  26.3%   128  369s
  7740  6437 11078.1392  120   80 13830.0100 10191.2045  26.3%   129  379s
  7942  6614 12234.9342  208   77 13830.0100 10191.2713  26.3%   130  387s
  8139  6884 infeasible  264      13830.0100 10191.6327  26.3%   129  397s
  8457  6972 10495.9680   47  261 13830.0100 10191.6327  26.3%   129  407s
  8540  7218 10661.9710   55  147 13830.0100 10193.3511  26.3%   130  417s
  8903  7273 infeasible  227      13830.0100 10194.9560  26.3%   127  424s
  8932  7300 10626.1279   32  388 13830.0100 10195.9867  26.3%   129  430s
  8959  7475 10870.5171   40  285 13830.0100 10195.9867  26.3%   131  439s
  9002  7475 11445.1196   55  166 13830.0100 10195.9867  26.3%   131  440s
  9191  7523 12327.6771   59  114 13830.0100 10201.1638  26.2%   131  447s
  9236  7709 10649.5791   39  263 13830.0100 10201.3559  26.2%   132  454s
  9360  7709 11498.8494   72   30 13830.0100 10201.3559  26.2%   132  455s
  9427  7889 13206.5734  123   68 13830.0100 10208.6593  26.2%   132  462s
  9641  8096 10953.5527   46  278 13830.0100 10212.4548  26.2%   131  496s
  9858  8136 infeasible  240      13830.0100 10213.1644  26.2%   130  503s
  9906  8457 10695.8932   45  180 13830.0100 10217.6518  26.1%   131  512s
 10270  8535 13364.7563  190   58 13830.0100 10219.2089  26.1%   129  520s
 10356  8659 10890.7262   48  147 13830.0100 10219.2089  26.1%   130  528s
 10480  9055 11415.0716   89   62 13830.0100 10219.2987  26.1%   131  538s
 10980  9131 12736.2471  162   22 13830.0100 10221.4538  26.1%   128  548s
 11026  9259 10571.6298   42  256 13830.0100 10221.4538  26.1%   129  558s
 11194  9420 11306.8354   91   46 13830.0100 10224.9897  26.1%   129  566s
 11380  9477 infeasible  158      13830.0100 10226.5248  26.1%   129  573s
 11435  9711 11501.2734   69   93 13830.0100 10234.3642  26.0%   130  581s
 11696  9869 10706.4016   55  318 13830.0100 10234.4355  26.0%   129  590s
 11884  9998 infeasible  188      13830.0100 10235.7639  26.0%   129  599s
 12023 10245 11087.7632   47  243 13830.0100 10237.5635  26.0%   129  608s
 12273 10251 13421.9500  284    - 13830.0100 10237.5635  26.0%   128  610s
 12312 10334     cutoff  284      13830.0100 10238.8636  26.0%   128  617s
 12410 10401 10671.8981   43  225 13830.0100 10238.8636  26.0%   130  625s
 12489 10588 11155.4861   65  147 13830.0100 10241.5053  25.9%   130  635s
 12692 10625 infeasible  235      13830.0100 10242.7617  25.9%   130  644s
 12736 10689 10681.7524   35  321 13830.0100 10242.7617  25.9%   131  652s
 12800 10921 10881.2770   36  283 13830.0100 10242.7617  25.9%   131  661s
 13060 11101 11272.8449   62   86 13830.0100 10243.2526  25.9%   130  674s
 13185 11101 infeasible  124      13830.0100 10243.2526  25.9%   131  675s
 13323 11169 10531.5612   51  222 13830.0100 10243.2526  25.9%   131  683s
 13380 11367 11336.0106   87  187 13830.0100 10243.4113  25.9%   132  691s
 13614 11715 10828.2849   41  215 13830.0100 10244.8382  25.9%   131  701s
 14038 11797 infeasible  224      13830.0100 10245.4200  25.9%   129  712s
 14118 11954 10592.7151   47  252 13830.0100 10247.1921  25.9%   130  720s
 14298 12345 10620.5367   53  312 13830.0100 10247.6788  25.9%   130  731s
 14731 12375     cutoff  242      13830.0100 10248.6545  25.9%   127  740s
 14762 12719 10941.3362   49  247 13830.0100 10249.3939  25.9%   128  749s
 14827 12719 11404.9900  114   24 13830.0100 10249.3939  25.9%   128  750s
 15180 12747 infeasible  256      13830.0100 10249.9584  25.9%   126  759s
 15214 12947 10680.0265   42  271 13830.0100 10250.8471  25.9%   127  768s
 15429 13068 10325.4722   26  358 13830.0100 10250.8471  25.9%   127  777s
 15557 13157 10581.6208   35  121 13830.0100 10250.8471  25.9%   128  785s
 15641 13453 10775.1427   65  135 13830.0100 10251.3508  25.9%   129  794s
 15765 13456 11656.7056  142   44 13830.0100 10251.3508  25.9%   128  795s
 15989 13625 11868.4962  143   65 13830.0100 10251.3870  25.9%   127  804s
 16205 13649 13589.2000  125    4 13830.0100 10251.4631  25.9%   127  805s
 16232 13678 infeasible  183      13830.0100 10251.6703  25.9%   127  814s
 16271 13882 10790.7891   57  222 13830.0100 10252.8205  25.9%   128  821s
 16497 14087 13518.9673  213   42 13830.0100 10253.5764  25.9%   128  830s
 16717 14313 10898.1601   59  369 13830.0100 10258.1876  25.8%   127  838s
 16961 14352 10357.8930   34  203 13830.0100 10258.4225  25.8%   127  849s
 16998 14354 infeasible  143      13830.0100 10258.4225  25.8%   127  850s
 17016 14432 10519.0177   40  342 13830.0100 10258.4225  25.8%   127  857s
 17122 14570 11508.7090   79  105 13830.0100 10262.1398  25.8%   128  865s
 17290 14586     cutoff  196      13830.0100 10262.7684  25.8%   128  874s
 17307 14759 10639.9115   39  149 13830.0100 10264.3042  25.8%   128  884s
 17431 14759 12912.7289  163   38 13830.0100 10264.3042  25.8%   128  885s
 17509 14799 infeasible  211      13830.0100 10267.5962  25.8%   128  895s
 17552 14955 10968.7537   57  112 13830.0100 10269.0756  25.7%   129  904s
 17614 14955 12030.1776  119   10 13830.0100 10269.0756  25.7%   129  905s
 17724 15029 13655.8200  176    - 13830.0100 10269.2516  25.7%   130  912s
 17798 15209 11103.7145   67  106 13830.0100 10269.2516  25.7%   130  923s
 17977 15483 11453.6271   91   65 13830.0100 10269.2516  25.7%   131  935s
 18275 15685 12155.6690  162   55 13830.0100 10269.5310  25.7%   131  945s
 18607 15733     cutoff  213      13830.0100 10271.4689  25.7%   130  957s
 18626 15794 10755.2710   37  277 13830.0100 10271.5576  25.7%   130  966s
 18687 16061 11293.7523   88  159 13830.0100 10271.8414  25.7%   130  975s
 18974 16136 10468.8855   32  262 13830.0100 10271.8414  25.7%   130  985s
 19090 16297 10453.7776   35  309 13830.0100 10271.8414  25.7%   130  994s
 19146 16297 11604.9685   83  106 13830.0100 10271.8414  25.7%   130  995s
 19280 16374 10863.7540   41  164 13830.0100 10271.8414  25.7%   130 1003s
 19361 16620 11756.3665   61   98 13830.0100 10274.5403  25.7%   130 1013s
 19671 16624 10674.4611   40  265 13830.0100 10275.4495  25.7%   130 1027s
 19675 16712 10689.5817   41  267 13830.0100 10275.4495  25.7%   130 1035s
 19785 17047 11450.3845   75  207 13830.0100 10275.9362  25.7%   130 1046s
 20189 17183 10979.9486   59  278 13830.0100 10277.8378  25.7%   129 1057s
 20371 17240 infeasible  164      13830.0100 10278.2390  25.7%   129 1066s
 20430 17370 10728.0356   52   14 13830.0100 10278.4019  25.7%   130 1076s
 20596 17412 13393.9465  154   77 13830.0100 10281.3797  25.7%   130 1084s
 20631 17417 13690.6569  164   19 13830.0100 10281.3797  25.7%   129 1085s
 20675 17601     cutoff  168      13830.0100 10281.9807  25.7%   130 1093s
 20866 17669 10851.1774   40  215 13830.0100 10281.9807  25.7%   130 1101s
 20947 17981 11145.5696   46  230 13830.0100 10283.7426  25.6%   130 1112s
 21343 18045 13757.4700  202    - 13830.0100 10283.9180  25.6%   129 1122s
 21397 18085     cutoff  202      13830.0100 10284.1624  25.6%   130 1129s
 21453 18227     cutoff  201      13830.0100 10285.1743  25.6%   131 1138s
 21621 18327 infeasible  203      13830.0100 10285.5462  25.6%   131 1147s
H21721 18169                    13698.060000 10285.6834  24.9%   131 1161s
 21789 18297 11597.7055   75   24 13698.0600 10286.4015  24.9%   132 1170s
 21945 18401 infeasible  167      13698.0600 10287.8218  24.9%   132 1179s
 22053 18630 10882.4808   51  230 13698.0600 10287.9119  24.9%   132 1191s
 22326 18763 11252.1038   86   42 13698.0600 10289.4391  24.9%   132 1201s
 22466 18908     cutoff  196      13698.0600 10290.7752  24.9%   132 1210s
 22620 18992 infeasible  195      13698.0600 10292.6014  24.9%   132 1218s
 22706 19221 11107.3938   79  197 13698.0600 10292.6014  24.9%   132 1229s
 22836 19221 12472.8926  194   57 13698.0600 10292.6014  24.9%   132 1230s
 22967 19369 11823.0279  116  150 13698.0600 10293.4699  24.9%   131 1239s
 23131 19489     cutoff  200      13698.0600 10293.6234  24.9%   131 1248s
 23282 19632 10797.9816   49  247 13698.0600 10294.9710  24.8%   131 1259s
 23442 19760 13271.6200  161    - 13698.0600 10296.7182  24.8%   131 1268s
 23597 19801 13431.9200  161    - 13698.0600 10297.5702  24.8%   131 1277s
 23635 19893 13602.3000  161    - 13698.0600 10297.7255  24.8%   132 1287s
 23751 19945 infeasible  161      13698.0600 10300.0732  24.8%   132 1296s
 23826 20062 13398.6200  160    - 13698.0600 10301.2424  24.8%   133 1305s
 23943 20098 13554.6200  160    - 13698.0600 10302.5548  24.8%   133 1312s
 23987 20136 13696.9700  160    - 13698.0600 10303.0732  24.8%   134 1320s
 24029 20268     cutoff  160      13698.0600 10304.0574  24.8%   134 1329s
 24191 20329 10788.4215   47  280 13698.0600 10304.3459  24.8%   134 1338s
 24262 20541 11168.4571   81  153 13698.0600 10305.0185  24.8%   135 1347s
 24511 20590 10834.1179   35  189 13698.0600 10305.1266  24.8%   134 1356s
 24585 20768 11381.9568   46  135 13698.0600 10308.9497  24.7%   135 1367s
 24823 20820     cutoff  108      13698.0600 10309.6543  24.7%   135 1375s
 24857 20985 10907.9684   51  112 13698.0600 10310.1758  24.7%   135 1384s
 24950 20985 11059.6065  144   20 13698.0600 10310.1758  24.7%   135 1385s
 25045 21189 10394.1847   36  320 13698.0600 10311.0619  24.7%   135 1395s
 25289 21443 10789.8185   52   18 13698.0600 10312.8938  24.7%   135 1407s
*25473 18645             179    12907.650000 10313.0723  20.1%   135 1408s
 25592 18638     cutoff  145      12907.6500 10314.4567  20.1%   135 1415s
*25618 18413             180    12857.530000 10314.6070  19.8%   135 1415s
 25638 18550 10849.4144   55  223 12857.5300 10314.6070  19.8%   135 1423s
 25783 18657 11726.5710   92  206 12857.5300 10315.1268  19.8%   135 1433s
 25921 18743 10581.0518   38  354 12857.5300 10315.5778  19.8%   136 1442s
 26010 18994 11195.4319  105   74 12857.5300 10316.5697  19.8%   136 1451s
 26285 19142 10804.9154   39  228 12857.5300 10317.1108  19.8%   135 1464s
 26460 19353 10551.3869   29  278 12857.5300 10317.1108  19.8%   136 1474s
 26702 19425 11043.4350   46  280 12857.5300 10317.1108  19.8%   135 1484s
 26774 19518 11927.9143  107   86 12857.5300 10318.8960  19.7%   136 1491s
 26891 19613     cutoff  172      12857.5300 10319.3140  19.7%   136 1501s
 26992 19751 12820.7067  170   39 12857.5300 10320.0829  19.7%   137 1514s
 27154 19761 12402.3600  112    8 12857.5300 10320.2092  19.7%   137 1515s
 27197 19895 10823.3904   45  138 12857.5300 10320.4601  19.7%   136 1524s
 27291 19895 12710.5076  138   17 12857.5300 10320.4601  19.7%   136 1525s
*27321 16820             127    12259.160000 10320.5256  15.8%   136 1525s
*27322 16455             127    12199.160000 10320.5256  15.4%   136 1525s
 27350 16535 10622.6774   48  222 12199.1600 10320.7213  15.4%   136 1533s
 27491 16668 10658.2654   46  229 12199.1600 10321.1790  15.4%   137 1542s
 27624 16901 11089.5058   71  132 12199.1600 10321.4552  15.4%   137 1553s
 27891 16979 10553.1853   34  344 12199.1600 10322.0331  15.4%   137 1563s
 27985 17226 10956.3953   56  253 12199.1600 10323.2711  15.4%   137 1573s
 28262 17320     cutoff  186      12199.1600 10323.6768  15.4%   136 1586s
 28374 17450 10986.8085   51  114 12199.1600 10324.7706  15.4%   137 1596s
 28524 17544 11984.4849   93  106 12199.1600 10325.5137  15.4%   137 1605s
 28656 17600 11120.5840   42  212 12199.1600 10325.5588  15.4%   137 1614s
 28709 17693 11608.1545   58   99 12199.1600 10325.6956  15.4%   138 1630s
 28823 17816     cutoff   84      12199.1600 10325.8192  15.4%   138 1641s
 28991 17898 11663.4628   73  100 12199.1600 10326.2880  15.4%   138 1650s
 29099 17977     cutoff  108      12199.1600 10327.1103  15.3%   139 1659s
 29194 18065 11003.7126   49  262 12199.1600 10327.3827  15.3%   139 1669s
 29298 18172 10586.7830   38  156 12199.1600 10327.3827  15.3%   139 1678s
 29418 18307 11156.9211   64  201 12199.1600 10327.3897  15.3%   140 1688s
 29563 18500 10919.8551   54  222 12199.1600 10327.4343  15.3%   140 1698s
 29789 18571 10662.4811   32  261 12199.1600 10327.5117  15.3%   140 1708s
 29855 18691 11088.1657   61  120 12199.1600 10327.5363  15.3%   140 1718s
 30029 18790 12172.1414   97   16 12199.1600 10328.6120  15.3%   141 1728s
 30132 18848     cutoff   99      12199.1600 10329.5581  15.3%   141 1738s
 30219 19026 10971.3893   59  129 12199.1600 10329.8323  15.3%   141 1747s
 30407 19134     cutoff  163      12199.1600 10330.1992  15.3%   141 1758s
 30534 19263 10851.3473   39  358 12199.1600 10330.5245  15.3%   142 1767s
 30675 19414 10603.4976   30  284 12199.1600 10330.5245  15.3%   142 1777s
 30838 19584 11276.4274   76  175 12199.1600 10331.4595  15.3%   142 1788s
 31037 19618 10600.1585   38  273 12199.1600 10331.5381  15.3%   142 1797s
 31071 19797 10836.6710   44  301 12199.1600 10331.5381  15.3%   143 1807s
 31268 19856 11520.8439   67   95 12199.1600 10333.5570  15.3%   143 1817s
 31384 20084 10859.8545   56  167 12199.1600 10333.6823  15.3%   143 1827s
 31639 20179     cutoff  154      12199.1600 10334.9277  15.3%   143 1838s
 31743 20302 10849.6886   43  223 12199.1600 10335.0221  15.3%   143 1849s
 31877 20379 10423.0021   31  319 12199.1600 10335.0221  15.3%   143 1859s
 31964 20434 10681.3463   40  217 12199.1600 10335.0221  15.3%   144 1867s
 32019 20691 10847.5551   67  221 12199.1600 10335.9151  15.3%   144 1882s
 32321 20756     cutoff  193      12199.1600 10336.2806  15.3%   144 1892s
 32386 20930 10730.5278   54  213 12199.1600 10336.4437  15.3%   144 1901s
 32588 20960 10793.7017   37  265 12199.1600 10336.5446  15.3%   144 1910s
 32618 21045 11118.6513   44  160 12199.1600 10336.5446  15.3%   145 1921s
 32703 21133 11824.7992   68   86 12199.1600 10336.8171  15.3%   145 1931s
 32824 21314 10773.7618   43  198 12199.1600 10336.8317  15.3%   146 1942s
 33035 21503 11728.5495  104   93 12199.1600 10337.0800  15.3%   146 1952s
 33272 21553 10587.6907   39  351 12199.1600 10338.5570  15.3%   146 1961s
 33318 21845 10896.6993   56   49 12199.1600 10338.8031  15.2%   146 1974s
 33509 21848 11286.8551   68   47 12199.1600 10339.3717  15.2%   146 1975s
 33664 21955 10846.5529   71  245 12199.1600 10339.3717  15.2%   146 1984s
 33696 21955 11553.8335  103  117 12199.1600 10339.3717  15.2%   146 1985s
 33775 22144 10484.5672   38  290 12199.1600 10339.5521  15.2%   146 1995s
 33976 22249 10885.3633   76   49 12199.1600 10340.5470  15.2%   146 2005s
 34095 22313 infeasible  157      12199.1600 10340.7991  15.2%   146 2015s
 34160 22502 10935.8429   51  293 12199.1600 10340.9665  15.2%   147 2028s
 34371 22505 12119.2559   75   37 12199.1600 10341.1081  15.2%   147 2030s
 34430 22582 10782.2532   44  301 12199.1600 10341.1081  15.2%   147 2038s
 34507 22658 11804.2556   98   98 12199.1600 10341.1888  15.2%   147 2049s
 34615 22772 10971.6118   45  237 12199.1600 10341.9011  15.2%   147 2060s
 34744 22895 10434.6535   34  406 12199.1600 10343.0181  15.2%   147 2071s
 34883 23027 10827.3559   49  298 12199.1600 10343.0181  15.2%   148 2081s
 35015 23159 11925.9544  157   30 12199.1600 10343.0554  15.2%   148 2092s
 35174 23259 10816.6451   48  200 12199.1600 10343.2565  15.2%   148 2104s
 35238 23259 11750.1569  112   38 12199.1600 10343.2565  15.2%   148 2105s
 35288 23327 10505.8705   42  360 12199.1600 10343.2565  15.2%   148 2114s
 35338 23328 11558.5000   89    5 12199.1600 10343.2565  15.2%   148 2115s
 35370 23439 11119.5900   61    - 12199.1600 10343.4354  15.2%   149 2125s
 35504 23496 10516.2907   32  236 12199.1600 10343.4433  15.2%   149 2135s
 35560 23800 10731.1720   39  180 12199.1600 10343.4433  15.2%   149 2148s
 35799 23800 11495.6209  161   76 12199.1600 10343.4433  15.2%   149 2150s
 35904 23967 11637.7883  124   78 12199.1600 10343.6232  15.2%   149 2160s
 36088 24227 11145.6719   63   77 12199.1600 10345.2275  15.2%   149 2171s
 36362 24348 10658.2640   39  165 12199.1600 10345.2275  15.2%   149 2183s
 36495 24405 11789.9592   97  124 12199.1600 10345.5013  15.2%   149 2192s
 36588 24458     cutoff  106      12199.1600 10345.5979  15.2%   149 2201s
 36642 24594 11558.7435   69  163 12199.1600 10346.1378  15.2%   150 2211s
 36798 24732 10762.5782   46  146 12199.1600 10346.5448  15.2%   150 2223s
 36976 24784     cutoff  137      12199.1600 10346.6596  15.2%   150 2232s
 37021 24932 11009.6260   53  194 12199.1600 10346.6596  15.2%   150 2243s
 37215 25052 11853.8716   93  116 12199.1600 10347.2100  15.2%   150 2254s
 37347 25228 10803.8246   45  184 12199.1600 10348.0120  15.2%   151 2264s
 37519 25237 11734.3253  103  146 12199.1600 10348.1229  15.2%   151 2265s
 37573 25313     cutoff  143      12199.1600 10348.5869  15.2%   151 2274s
 37656 25592 10793.5180   56  189 12199.1600 10349.6877  15.2%   151 2285s
 37982 25702 10895.4393   67  303 12199.1600 10350.1095  15.2%   151 2297s
 38105 25772 11387.8812   77  140 12199.1600 10350.8997  15.2%   151 2308s
 38199 25870 10536.1247   40  341 12199.1600 10350.9434  15.2%   151 2318s
 38297 25987 11467.0074  110   73 12199.1600 10350.9634  15.2%   152 2328s
 38447 26017     cutoff  143      12199.1600 10351.8156  15.1%   152 2337s
 38482 26187 10691.3003   53  318 12199.1600 10351.8229  15.1%   152 2347s
 38669 26212 12061.8020  135   41 12199.1600 10352.5905  15.1%   152 2357s
 38709 26292 11012.6067   55  177 12199.1600 10354.0908  15.1%   153 2367s
 38816 26557 10767.8167   40  165 12199.1600 10354.7758  15.1%   153 2379s
 38878 26557 11800.3622  102   30 12199.1600 10354.7758  15.1%   153 2380s
 39145 26675 10523.4701   39  296 12199.1600 10354.8022  15.1%   153 2390s
 39268 26832 10808.4826   44  165 12199.1600 10354.8119  15.1%   153 2409s
 39409 26834 11687.7091   92  111 12199.1600 10355.1186  15.1%   153 2410s
 39449 26993     cutoff   81      12199.1600 10355.3474  15.1%   153 2420s
 39625 27116 11336.8957   65   95 12199.1600 10355.7743  15.1%   153 2431s
 39757 27193 10724.7592   42  183 12199.1600 10355.7743  15.1%   153 2441s
 39854 27232 10991.7454   72  259 12199.1600 10355.7743  15.1%   154 2458s
 39893 27440 11128.7366   99   81 12199.1600 10356.0371  15.1%   154 2471s
 40132 27495 10734.5486   35  229 12199.1600 10356.3012  15.1%   154 2481s
 40188 27615 11692.2926   73  212 12199.1600 10356.4304  15.1%   154 2491s
 40334 27699 10491.4884   41  271 12199.1600 10356.6287  15.1%   154 2501s
 40437 27858 11164.6127   56  249 12199.1600 10356.6287  15.1%   155 2514s
 40614 27908     cutoff   95      12199.1600 10357.7851  15.1%   155 2523s
 40668 28019 11087.6563   57  271 12199.1600 10358.0339  15.1%   155 2534s
 40823 28053 10515.2696   34  250 12199.1600 10358.0867  15.1%   155 2543s
 40854 28245 10708.8221   40  237 12199.1600 10358.0867  15.1%   156 2555s
 41066 28295 11758.0943   90   95 12199.1600 10358.7168  15.1%   156 2566s
H41128 27698                    12133.460000 10358.7210  14.6%   156 2566s
 41134 27833 10835.6435   41  342 12133.4600 10359.3820  14.6%   156 2576s
 41294 27888 10431.2013   38  259 12133.4600 10359.7501  14.6%   156 2585s
 41349 28004 11494.7824   70    9 12133.4600 10359.8161  14.6%   157 2594s
 41414 28006 11250.0129   60  182 12133.4600 10360.1102  14.6%   157 2595s
 41489 28120     cutoff  101      12133.4600 10360.3119  14.6%   157 2604s
 41635 28264 10654.2263   57  260 12133.4600 10360.8722  14.6%   157 2614s
 41714 28264 11954.2136  136   91 12133.4600 10360.8722  14.6%   157 2615s
 41801 28310 10666.7537   56  242 12133.4600 10361.2866  14.6%   157 2623s
 41847 28529 10967.8148   70  228 12133.4600 10361.6403  14.6%   158 2636s
 42099 28561 infeasible  122      12133.4600 10361.9158  14.6%   158 2646s
 42160 28728 10826.6069   47  349 12133.4600 10362.8425  14.6%   158 2657s
 42354 28812 10621.8399   39  258 12133.4600 10363.0824  14.6%   158 2667s
 42454 28908 10499.4580   34  201 12133.4600 10363.0824  14.6%   158 2679s
 42560 28993 11370.9635   64  230 12133.4600 10363.1646  14.6%   159 2690s
 42677 29026 10792.2168   37  354 12133.4600 10363.3023  14.6%   159 2699s
 42710 29132 11094.4532   43  175 12133.4600 10363.5607  14.6%   159 2710s
 42864 29198 10763.7684   38  369 12133.4600 10364.3542  14.6%   159 2720s
 42964 29310 10745.4906   59  255 12133.4600 10365.0710  14.6%   160 2731s
 43103 29343 infeasible  138      12133.4600 10365.3252  14.6%   160 2740s
 43136 29396 10812.8221   47  270 12133.4600 10365.3252  14.6%   160 2749s
 43165 29396 11754.4819   64  191 12133.4600 10365.3252  14.6%   161 2750s
 43197 29487 11676.9918   76  109 12133.4600 10365.8800  14.6%   161 2760s
 43302 29601 10584.9564   36  344 12133.4600 10365.8800  14.6%   161 2771s
 43424 29698 10812.2620   42  157 12133.4600 10365.8800  14.6%   161 2781s
 43535 29853 11072.6578   60   87 12133.4600 10366.3561  14.6%   161 2795s
 43732 29907     cutoff  138      12133.4600 10366.3621  14.6%   162 2805s
 43784 30039 11062.8011   59  176 12133.4600 10366.3794  14.6%   162 2816s
 43962 30114 10693.5020   44  279 12133.4600 10366.3923  14.6%   162 2827s
 44033 30326 11437.5593   90  191 12133.4600 10367.0119  14.6%   163 2837s
 44312 30452 infeasible  204      12133.4600 10367.3497  14.6%   162 2849s
 44426 30452 12038.2351  144   60 12133.4600 10367.4361  14.6%   162 2850s
 44459 30575 11342.7841   79   87 12133.4600 10367.6001  14.6%   162 2859s
 44594 30790 10747.3334   46   99 12133.4600 10367.6001  14.6%   162 2871s
 44833 30894 10993.7407   51   76 12133.4600 10368.2856  14.5%   162 2882s
 44956 31026 11130.6197   49  176 12133.4600 10368.8086  14.5%   163 2894s
 45116 31086 10553.5361   46  366 12133.4600 10368.8572  14.5%   163 2903s
 45176 31192 11200.2524   72  167 12133.4600 10368.8723  14.5%   163 2914s
 45314 31287 10840.7223   51  191 12133.4600 10369.3699  14.5%   163 2925s
 45425 31404 10701.6729   36  279 12133.4600 10369.9595  14.5%   163 2937s
 45558 31472 11450.5063   67  140 12133.4600 10369.9595  14.5%   163 2948s
 45652 31565 10707.8838   38  255 12133.4600 10370.7512  14.5%   164 2962s
 45760 31640 infeasible  103      12133.4600 10370.9532  14.5%   164 2974s
 45835 31837 10773.4224   46  217 12133.4600 10371.3067  14.5%   164 2985s
 46077 31882 10618.3257   44  339 12133.4600 10371.3555  14.5%   164 2995s
 46120 31974 11185.1953   55  157 12133.4600 10371.5865  14.5%   165 3005s
 46236 32100 10768.8448   48  234 12133.4600 10371.8969  14.5%   165 3017s
 46392 32181     cutoff  119      12133.4600 10372.1965  14.5%   165 3029s
 46420 32181 10886.2192   50  144 12133.4600 10372.7425  14.5%   165 3030s
 46494 32275 11100.8750   67  156 12133.4600 10372.7470  14.5%   165 3040s
 46613 32378 10879.2460   48   92 12133.4600 10372.9807  14.5%   166 3051s
 46751 32510     cutoff   36      12133.4600 10373.0317  14.5%   166 3064s
 46921 32610 10934.8305   54  190 12133.4600 10373.0639  14.5%   166 3075s
 47049 32653 10583.2154   32  238 12133.4600 10373.1454  14.5%   166 3086s
 47092 32734 11411.7797   45   62 12133.4600 10373.2568  14.5%   166 3097s
 47187 32807 10614.8639   39  356 12133.4600 10373.2568  14.5%   167 3107s
 47260 32925 11026.3186   69  150 12133.4600 10373.4558  14.5%   167 3118s
