




arguments: ./build/bc_mirp -f ./input/orig_exec_30.cfg
Current dir: /scratch/gui/bc_mirp
File verbosity level: 9
date       time         ( uptime  ) [ thread name/id ]                   file:line     v| 
2021-02-06 17:08:12.236 (   0.412s) [main thread     ]             loguru.cpp:789   INFO| Logging to './output/vi_vc+hc3/OU/V4/Original/execution_06_02_2021_17_08_12.log', mode: 'a', verbosity: 9
--------------------------------------------------------------------------------
Parameters
                           instance_path           ./input/Instances/Original/1/
                            model_policy                                       1
                             nb_vehicles                                       4
                              output_dir      ./output/vi_vc+hc3/OU/V4/Original/
                            sec_strategy                                       1
                       solver_nb_threads                                       2
                         solver_show_log                                    true
                       solver_time_limit                                    3600
                              use_vi_cos                                   false
                              use_vi_cus                                   false
                         use_vi_hc1_full                                   false
                         use_vi_hc1_half                                   false
                      use_vi_hc1_quarter                                   false
                              use_vi_hc2                                   false
                              use_vi_hc3                                    true
                         use_vi_lex_full                                   false
                         use_vi_lex_half                                   false
                      use_vi_lex_quarter                                   false
                              use_vi_qua                                   false
                               use_vi_vc                                    true
                               use_vi_vr                                   false
--------------------------------------------------------------------------------
executing instance: ./input/Instances/Original/1/absH3high_1n5.dat
--------------------------------------------------------------------------------
Instance details
n	6
H	3
C	289
Li:
[0, 0, 0, 0, 0, 0, ]
Ui:
[0, 195, 105, 116, 72, 22, ]
Distance matrix:
|0	85	349	17	203	289	|
|85	0	265	102	214	226	|
|349	265	0	366	368	238	|
|17	102	366	0	207	302	|
|203	214	368	207	0	431	|
|289	226	238	302	431	0	|

--------------------------------------------------------------------------------
Building model...
	using lazy and cut (CVRPSEP package)
Solving IRP LP...
--------------------------------------------------------------------------------

Gurobi 9.1.0 (linux64) logging started Sat Feb  6 17:08:12 2021

Gurobi Optimizer version 9.1.0 build v9.1.0rc0 (linux64)
Thread count: 32 physical cores, 32 logical processors, using up to 2 threads
Optimize a model with 285 rows, 336 columns and 1452 nonzeros
Model fingerprint: 0x8635ab52
Variable types: 84 continuous, 252 integer (72 binary)
Coefficient statistics:
  Matrix range     [1e+00, 2e+02]
  Objective range  [2e-01, 4e+02]
  Bounds range     [1e+00, 2e+02]
  RHS range        [1e+00, 5e+02]
Presolve removed 141 rows and 133 columns
Presolve time: 0.03s
Presolved: 144 rows, 203 columns, 742 nonzeros
Variable types: 32 continuous, 171 integer (117 binary)
Found heuristic solution: objective 5066.4400000
Found heuristic solution: objective 4360.0500000
Found heuristic solution: objective 3913.0800000

Root relaxation: objective 1.940823e+03, 200 iterations, 0.00 seconds

    Nodes    |    Current Node    |     Objective Bounds      |     Work
 Expl Unexpl |  Obj  Depth IntInf | Incumbent    BestBd   Gap | It/Node Time

     0     0 1940.82291    0   23 3913.08000 1940.82291  50.4%     -    0s
     0     0 2200.06400    0   58 3913.08000 2200.06400  43.8%     -    0s
H    0     0                    2887.3300000 2200.06400  23.8%     -    0s
     0     0 2387.46489    0   54 2887.33000 2387.46489  17.3%     -    0s
H    0     0                    2703.3300000 2387.46489  11.7%     -    0s
     0     0 2425.40673    0   68 2703.33000 2425.40673  10.3%     -    0s
     0     0 2438.45120    0   66 2703.33000 2438.45120  9.80%     -    0s
     0     0 2439.09861    0   73 2703.33000 2439.09861  9.77%     -    0s
     0     0 2439.17847    0   66 2703.33000 2439.17847  9.77%     -    0s
     0     0 2448.40883    0   79 2703.33000 2448.40883  9.43%     -    0s
     0     0 2449.14951    0   77 2703.33000 2449.14951  9.40%     -    0s
     0     0 2449.45750    0   77 2703.33000 2449.45750  9.39%     -    0s
     0     0 2449.62690    0   79 2703.33000 2449.62690  9.38%     -    0s
     0     0 2520.88036    0   83 2703.33000 2520.88036  6.75%     -    0s
     0     0 2525.68862    0   75 2703.33000 2525.68862  6.57%     -    0s
     0     0 2530.56045    0   58 2703.33000 2530.56045  6.39%     -    0s
     0     0 2533.00873    0   86 2703.33000 2533.00873  6.30%     -    0s
     0     0 2533.40172    0   77 2703.33000 2533.40172  6.29%     -    0s
     0     0 2536.36784    0   66 2703.33000 2536.36784  6.18%     -    0s
     0     0 2537.81365    0   70 2703.33000 2537.81365  6.12%     -    0s
     0     0 2538.14671    0   73 2703.33000 2538.14671  6.11%     -    0s
     0     0 2539.52022    0   68 2703.33000 2539.52022  6.06%     -    0s
     0     0 2539.52022    0   60 2703.33000 2539.52022  6.06%     -    0s
     0     0 2539.52022    0   13 2703.33000 2539.52022  6.06%     -    0s
     0     0 2539.52022    0   29 2703.33000 2539.52022  6.06%     -    0s
     0     0 2539.52022    0   47 2703.33000 2539.52022  6.06%     -    0s
     0     0 2539.52022    0   66 2703.33000 2539.52022  6.06%     -    0s
     0     0 2539.52022    0   69 2703.33000 2539.52022  6.06%     -    0s
     0     0 2539.72685    0   50 2703.33000 2539.72685  6.05%     -    0s
     0     0 2539.72685    0   51 2703.33000 2539.72685  6.05%     -    0s
     0     0 2542.83633    0   68 2703.33000 2542.83633  5.94%     -    0s
     0     0 2544.99301    0   55 2703.33000 2544.99301  5.86%     -    0s
     0     0 2545.74190    0   60 2703.33000 2545.74190  5.83%     -    0s
     0     0 2545.74943    0   59 2703.33000 2545.74943  5.83%     -    0s
     0     0 2549.12870    0   48 2703.33000 2549.12870  5.70%     -    0s
     0     0 2549.46638    0   54 2703.33000 2549.46638  5.69%     -    0s
     0     0 2552.09032    0   49 2703.33000 2552.09032  5.59%     -    0s
     0     0 2695.83565    0   20 2703.33000 2695.83565  0.28%     -    0s

Cutting planes:
  Cover: 22
  Implied bound: 9
  Clique: 1
  MIR: 4
  Flow cover: 16
  GUB cover: 2
  Zero half: 1
  RLT: 17
  Relax-and-lift: 11

Explored 1 nodes (1119 simplex iterations) in 0.37 seconds
Thread count was 2 (of 32 available processors)

Solution count 5: 2703.33 2887.33 3913.08 ... 5066.44

Optimal solution found (tolerance 1.00e-04)
Best objective 2.703330000000e+03, best bound 2.703330000000e+03, gap 0.0000%

User-callback calls 401, time in user-callback 0.02 sec
================================================================================
executing instance: ./input/Instances/Original/1/absH3high_1n45.dat
--------------------------------------------------------------------------------
Instance details
n	46
H	3
C	3462
Li:
[0, 0, 0, 0, 0, 0, 0, 0, 0, 0, 0, 0, 0, 0, 0, 0, 0, 0, 0, 0, 0, 0, 0, 0, 0, 0, 0, 0, 0, 0, 0, 0, 0, 0, 0, 0, 0, 0, 0, 0, 0, 0, 0, 0, 0, 0, ]
Ui:
[0, 273, 270, 36, 165, 192, 148, 45, 30, 75, 180, 198, 112, 117, 90, 64, 180, 22, 264, 174, 168, 270, 86, 66, 26, 66, 237, 156, 92, 108, 144, 72, 30, 45, 94, 54, 174, 96, 198, 136, 44, 180, 210, 249, 198, 48, ]
Distance matrix:
|0	281	201	160	249	201	93	431	236	139	252	136	116	166	390	110	349	374	303	180	327	464	236	70	44	461	346	439	363	254	312	426	305	206	71	137	169	200	247	260	20	219	256	253	460	278	|
|281	0	448	170	53	142	338	184	121	290	371	390	222	302	111	289	169	434	230	177	238	441	59	212	319	211	86	235	399	306	53	176	99	202	263	157	361	101	370	201	264	344	364	374	469	184	|
|201	448	0	285	430	325	114	556	361	171	191	64	228	174	546	294	453	306	364	289	388	435	393	254	157	585	491	536	318	254	490	554	436	407	266	292	108	388	186	337	207	181	205	190	408	364	|
|160	170	285	0	169	43	182	280	80	120	208	231	58	132	262	230	190	294	151	24	174	345	112	107	183	309	207	280	268	158	219	276	155	235	187	45	192	150	205	107	140	177	202	210	356	119	|
|249	53	430	169	0	152	317	238	145	282	377	369	212	299	157	242	215	452	261	183	273	474	76	181	290	264	140	287	421	320	63	229	145	148	221	142	352	53	374	226	234	346	370	378	498	215	|
|201	142	325	43	152	0	224	237	37	156	230	273	101	164	224	261	148	300	127	38	147	333	83	142	225	266	167	238	270	168	193	233	112	246	221	70	228	148	228	84	180	202	222	232	351	87	|
|93	338	114	182	317	224	0	460	262	92	180	52	124	112	440	199	364	307	292	191	317	415	284	140	57	490	387	452	304	208	377	457	336	297	163	181	84	274	175	256	95	152	188	180	402	280	|
|431	184	556	280	238	237	460	0	199	385	420	508	337	385	108	464	110	429	219	269	206	378	202	365	460	30	98	84	388	340	204	9	126	386	432	294	453	283	421	226	411	404	408	423	422	198	|
|236	121	361	80	145	37	262	199	0	191	255	310	138	197	191	290	114	312	118	72	133	330	69	175	262	229	132	204	279	186	174	195	75	258	251	102	262	153	254	81	216	230	246	257	353	72	|
|139	290	171	120	282	156	92	385	191	0	116	129	71	27	380	246	283	235	201	119	226	329	231	141	129	414	323	367	224	119	336	383	266	308	202	141	72	252	112	169	127	82	118	117	322	195	|
|252	371	191	208	377	230	180	420	255	116	0	187	178	90	443	361	311	127	204	195	224	246	313	257	232	446	382	380	129	81	423	421	320	422	318	242	100	355	5	195	241	34	15	2	225	224	|
|136	390	64	231	369	273	52	508	310	129	187	0	173	141	491	233	409	313	330	239	355	431	335	191	93	538	438	495	316	233	429	505	385	342	203	233	88	325	182	297	143	167	199	187	412	323	|
|116	222	228	58	212	101	124	337	138	71	178	173	0	91	319	206	244	284	187	69	212	357	165	85	130	367	265	333	264	151	267	333	213	244	161	70	140	181	175	145	97	145	177	180	359	165	|
|166	302	174	132	299	164	112	385	197	27	90	141	91	0	388	273	280	208	191	127	215	305	243	167	153	413	329	361	198	96	351	383	270	333	229	159	68	272	86	163	153	56	92	91	296	190	|
|390	111	546	262	157	224	440	108	191	380	443	491	319	388	0	399	164	480	264	261	261	456	156	320	426	125	62	186	442	369	107	99	125	300	374	260	452	210	443	252	372	420	433	446	494	227	|
|110	289	294	230	242	261	199	464	290	246	361	233	206	273	399	0	402	480	382	254	404	562	262	124	143	493	369	490	466	355	302	457	344	135	45	191	279	189	356	337	120	328	364	362	563	348	|
|349	169	453	190	215	148	364	110	114	283	311	409	244	280	164	402	0	324	110	174	101	292	151	289	372	135	109	90	284	230	212	111	70	354	364	216	348	245	312	118	329	295	298	313	330	90	|
|374	434	306	294	452	300	307	429	312	235	127	313	284	208	480	480	324	0	216	274	223	137	380	368	357	448	419	367	40	136	487	432	358	525	436	336	227	443	132	234	361	156	119	127	102	255	|
|303	230	364	151	261	127	292	219	118	201	204	330	187	191	264	382	110	216	0	128	25	213	185	258	314	243	203	176	178	123	282	221	144	372	338	193	256	270	206	45	283	193	191	206	239	46	|
|180	177	289	24	183	38	191	269	72	119	195	239	69	127	261	254	174	274	128	0	151	321	118	130	198	299	204	263	246	139	228	266	147	258	211	68	191	169	193	83	159	166	188	197	333	98	|
|327	238	388	174	273	147	317	206	133	226	224	355	212	215	261	404	101	223	25	151	0	203	198	281	339	228	202	156	184	143	288	209	146	390	362	215	280	286	226	68	308	215	210	226	235	61	|
|464	441	435	345	474	333	415	378	330	329	246	431	357	305	456	562	292	137	213	321	203	0	398	440	458	390	400	301	117	211	492	384	348	578	517	389	344	480	251	251	448	265	233	246	54	259	|
|236	59	393	112	76	83	284	202	69	231	313	335	165	243	156	262	151	380	185	118	198	398	0	167	270	231	110	233	347	250	110	195	85	203	230	103	303	95	311	150	217	284	305	315	422	139	|
|70	212	254	107	181	142	140	365	175	141	257	191	85	167	320	124	289	368	258	130	281	440	167	0	109	394	277	378	349	236	244	359	239	167	81	73	196	135	253	213	53	223	257	258	444	226	|
|44	319	157	183	290	225	57	460	262	129	232	93	130	153	426	143	372	357	314	198	339	458	270	109	0	490	379	462	351	247	353	456	334	250	110	168	140	243	226	274	56	201	238	232	449	294	|
|461	211	585	309	264	266	490	30	229	414	446	538	367	413	125	493	135	448	243	299	228	390	231	394	490	0	125	89	408	365	226	36	156	412	462	324	481	311	447	253	441	430	433	448	436	225	|
|346	86	491	207	140	167	387	98	132	323	382	438	265	329	62	369	109	419	203	204	202	400	110	277	379	125	0	155	381	307	113	90	63	288	339	211	394	186	382	190	327	359	371	384	436	165	|
|439	235	536	280	287	238	452	84	204	367	380	495	333	361	186	490	90	367	176	263	156	301	233	378	462	89	155	0	326	299	267	92	148	432	454	306	429	325	382	199	419	369	366	382	348	172	|
|363	399	318	268	421	270	304	388	279	224	129	316	264	198	442	466	284	40	178	246	184	117	347	349	351	408	381	326	0	113	452	391	321	502	422	311	229	415	134	199	348	152	118	130	98	219	|
|254	306	254	158	320	168	208	340	186	119	81	233	151	96	369	355	230	136	123	139	143	211	250	236	247	365	307	299	113	0	359	340	244	390	310	200	148	308	83	117	238	74	68	83	208	145	|
|312	53	490	219	63	193	377	204	174	336	423	429	267	351	107	302	212	487	282	228	288	492	110	244	353	226	113	267	452	359	0	195	145	194	283	199	407	115	421	254	296	394	415	425	521	237	|
|426	176	554	276	229	233	457	9	195	383	421	505	333	383	99	457	111	432	221	266	209	384	195	359	456	36	90	92	391	340	195	0	122	378	426	289	451	275	421	226	406	404	408	423	427	197	|
|305	99	436	155	145	112	336	126	75	266	320	385	213	270	125	344	70	358	144	147	146	348	85	239	334	156	63	148	321	244	145	122	0	286	310	168	336	177	320	128	285	298	309	322	381	103	|
|206	202	407	235	148	246	297	386	258	308	422	342	244	333	300	135	354	525	372	258	390	578	203	167	250	412	288	432	502	390	194	378	286	0	144	191	362	109	418	329	202	388	421	423	591	329	|
|71	263	266	187	221	221	163	432	251	202	318	203	161	229	374	45	364	436	338	211	362	517	230	81	110	462	339	454	422	310	283	426	310	144	0	150	239	168	313	294	77	285	321	319	518	306	|
|137	157	292	45	142	70	181	294	102	141	242	233	70	159	260	191	216	336	193	68	215	389	103	73	168	324	211	306	311	200	199	289	168	191	150	0	210	113	239	148	117	210	238	244	400	157	|
|169	361	108	192	352	228	84	453	262	72	100	88	140	68	452	279	348	227	256	191	280	344	303	196	140	481	394	429	229	148	407	451	336	362	239	210	0	318	95	231	164	79	111	100	325	258	|
|200	101	388	150	53	148	274	283	153	252	355	325	181	272	210	189	245	443	270	169	286	480	95	135	243	311	186	325	415	308	115	275	177	109	168	113	318	0	352	230	187	323	351	357	498	225	|
|247	370	186	205	374	228	175	421	254	112	5	182	175	86	443	356	312	132	206	193	226	251	311	253	226	447	382	382	134	83	421	421	320	418	313	239	95	352	0	196	237	30	19	6	230	224	|
|260	201	337	107	226	84	256	226	81	169	195	297	145	163	252	337	118	234	45	83	68	251	150	213	274	253	190	199	199	117	254	226	128	329	294	148	231	230	196	0	240	178	184	198	272	29	|
|20	264	207	140	234	180	95	411	216	127	241	143	97	153	372	120	329	361	283	159	308	448	217	53	56	441	327	419	348	238	296	406	285	202	77	117	164	187	237	240	0	208	245	242	446	257	|
|219	344	181	177	346	202	152	404	230	82	34	167	145	56	420	328	295	156	193	166	215	265	284	223	201	430	359	369	152	74	394	404	298	388	285	210	79	323	30	178	208	0	37	35	250	206	|
|256	364	205	202	370	222	188	408	246	118	15	199	177	92	433	364	298	119	191	188	210	233	305	257	238	433	371	366	118	68	415	408	309	421	321	238	111	351	19	184	245	37	0	17	214	212	|
|253	374	190	210	378	232	180	423	257	117	2	187	180	91	446	362	313	127	206	197	226	246	315	258	232	448	384	382	130	83	425	423	322	423	319	244	100	357	6	198	242	35	17	0	225	226	|
|460	469	408	356	498	351	402	422	353	322	225	412	359	296	494	563	330	102	239	333	235	54	422	444	449	436	436	348	98	208	521	427	381	591	518	400	325	498	230	272	446	250	214	225	0	285	|
|278	184	364	119	215	87	280	198	72	195	224	323	165	190	227	348	90	255	46	98	61	259	139	226	294	225	165	172	219	145	237	197	103	329	306	157	258	225	224	29	257	206	212	226	285	0	|

--------------------------------------------------------------------------------
Building model...
	using lazy and cut (CVRPSEP package)
Solving IRP LP...
--------------------------------------------------------------------------------

Gurobi 9.1.0 (linux64) logging started Sat Feb  6 17:08:13 2021

Gurobi Optimizer version 9.1.0 build v9.1.0rc0 (linux64)
Thread count: 32 physical cores, 32 logical processors, using up to 2 threads
Optimize a model with 2245 rows, 13696 columns and 50452 nonzeros
Model fingerprint: 0xfa25461a
Variable types: 724 continuous, 12972 integer (552 binary)
Coefficient statistics:
  Matrix range     [1e+00, 9e+02]
  Objective range  [1e-01, 6e+02]
  Bounds range     [1e+00, 3e+02]
  RHS range        [1e+00, 6e+03]
Presolve removed 724 rows and 226 columns
Presolve time: 0.28s
Presolved: 1521 rows, 13470 columns, 44822 nonzeros
Variable types: 452 continuous, 13018 integer (12452 binary)

Root relaxation: objective 1.314057e+04, 1317 iterations, 0.07 seconds

    Nodes    |    Current Node    |     Objective Bounds      |     Work
 Expl Unexpl |  Obj  Depth IntInf | Incumbent    BestBd   Gap | It/Node Time

     0     0 13140.5741    0  118          - 13140.5741      -     -    0s
     0     0 13491.7179    0  183          - 13491.7179      -     -    1s
     0     0 13872.0066    0  238          - 13872.0066      -     -    1s
     0     0 13934.9662    0  224          - 13934.9662      -     -    1s
     0     0 13943.5345    0  224          - 13943.5345      -     -    2s
     0     0 13945.0495    0  235          - 13945.0495      -     -    2s
     0     0 13945.2580    0  235          - 13945.2580      -     -    2s
     0     0 14123.9934    0  290          - 14123.9934      -     -    2s
     0     0 14133.3067    0  240          - 14133.3067      -     -    2s
     0     0 14136.4025    0  270          - 14136.4025      -     -    2s
     0     0 14136.4500    0  266          - 14136.4500      -     -    2s
     0     0 14216.4449    0  300          - 14216.4449      -     -    3s
     0     0 14247.1700    0  306          - 14247.1700      -     -    4s
     0     0 14254.4632    0  225          - 14254.4632      -     -    4s
     0     0 14255.3079    0  281          - 14255.3079      -     -    4s
     0     0 14285.6783    0  354          - 14285.6783      -     -    5s
     0     0 14343.8768    0  378          - 14343.8768      -     -    5s
     0     0 14387.1000    0  346          - 14387.1000      -     -    6s
     0     0 14398.6708    0  374          - 14398.6708      -     -    6s
     0     0 14398.9766    0  367          - 14398.9766      -     -    6s
     0     0 14428.8114    0  397          - 14428.8114      -     -    6s
     0     0 14432.0352    0  419          - 14432.0352      -     -    7s
     0     0 14432.5078    0  404          - 14432.5078      -     -    7s
     0     0 14445.5958    0  463          - 14445.5958      -     -    7s
     0     0 14447.1453    0  287          - 14447.1453      -     -    8s
     0     2 14447.1606    0  223          - 14447.1606      -     -   11s
    31    34 14529.8377    9  342          - 14472.6403      -   387   15s
    91    98 14632.0300   25  232          - 14472.6403      -   325   20s
   165   172 14875.1024   47  232          - 14472.6403      -   307   25s
   259   293 15258.9770   68  140          - 14472.6403      -   256   30s
   485   547 15595.8917  105  195          - 14472.6403      -   177   36s
   745   840 16608.3700  166    9          - 14472.6403      -   129   40s
   959  1014 18267.3728  244   43          - 14499.0397      -   105   45s
* 1030   865             298    19068.090000 14499.0397  24.0%  98.6   46s
  1074   866 17598.1345  218  287 19068.0900 14499.4623  24.0%  99.3   53s
  1076   867 15862.1784   93  126 19068.0900 14499.4623  24.0%  99.2   57s
  1078   869 15944.2468  139  330 19068.0900 14499.4623  24.0%  99.0   60s
  1088   875 14738.5495   37  459 19068.0900 14535.3014  23.8%  98.1   65s
  1095   880 15587.2336   75  371 19068.0900 14549.5473  23.7%  97.4   71s
  1104   886 15221.6434   58  384 19068.0900 14559.6026  23.6%  96.6   76s
  1111   891 16640.6514  179  422 19068.0900 14564.1194  23.6%  96.0   82s
  1113   892 15579.9261  104  358 19068.0900 14564.1194  23.6%  95.9   87s
  1114   896 14566.6705   12  417 19068.0900 14564.1770  23.6%   122   92s
  1116   897 14570.0573   13  420 19068.0900 14570.0573  23.6%   124   96s
  1120   900 14572.6943   14  451 19068.0900 14572.0996  23.6%   127  100s
  1128   906 14682.3760   16  502 19068.0900 14572.6943  23.6%   137  109s
  1131   908 14725.5214   16  324 19068.0900 14572.6943  23.6%   140  110s
  1140   913 14709.5047   18  456 19068.0900 14572.6943  23.6%   144  115s
  1157   926 14789.4880   22  416 19068.0900 14572.6943  23.6%   154  121s
  1166   933 14800.5140   25  485 19068.0900 14572.6943  23.6%   158  126s
  1184   949 14804.2169   29  385 19068.0900 14572.6943  23.6%   163  130s
  1201   963 14838.5497   32  356 19068.0900 14572.6943  23.6%   165  135s
  1226   971 14924.9210   35  229 19068.0900 14572.6943  23.6%   168  140s
  1243   997 14972.2120   36  295 19068.0900 14572.6943  23.6%   170  145s
  1278  1018 15007.3618   40  292 19068.0900 14572.6943  23.6%   170  150s
  1317  1034 15061.6627   45  261 19068.0900 14572.6943  23.6%   169  156s
  1349  1052 15063.8778   49  282 19068.0900 14572.6943  23.6%   168  169s
  1351  1081 15087.5096   50  296 19068.0900 14572.6943  23.6%   169  170s
  1389  1111 15121.7376   56  187 19068.0900 14572.6943  23.6%   168  176s
  1454  1130 16285.8696  127   27 19068.0900 14572.6943  23.6%   165  180s
  1566  1259 15451.0263   80  111 19068.0900 14572.6943  23.6%   159  185s
  1702  1284 15900.9767   99  114 19068.0900 14572.6943  23.6%   150  190s
  1763  1311 15832.0077  104  194 19068.0900 14572.6943  23.6%   147  195s
* 1779  1262             238    18861.640000 14572.6943  22.7%   147  195s
* 1783  1218             237    18857.640000 14572.6943  22.7%   146  195s
  1799  1236 16068.6400  114  181 18857.6400 14572.6943  22.7%   148  200s
  1851  1274 16445.1202  136  124 18857.6400 14572.6943  22.7%   151  206s
  1909  1344 16898.2909  163   87 18857.6400 14572.6943  22.7%   150  219s
  1927  1338 16958.7761  172   26 18857.6400 14572.6943  22.7%   149  220s
  1980  1413 17402.2717  196   91 18857.6400 14572.6943  22.7%   148  227s
  2053  1421 18252.9554  231   51 18857.6400 14587.1607  22.6%   146  233s
  2116  1407 14589.6267   16  650 18857.6400 14587.1607  22.6%   144  236s
  2134  1423 14612.0187   24  620 18857.6400 14587.1607  22.6%   147  240s
  2153  1432 14706.7489   27  623 18857.6400 14587.1607  22.6%   150  245s
  2172  1445 14843.9662   33  457 18857.6400 14587.1607  22.6%   153  250s
  2192  1460 14791.3745   33  517 18857.6400 14587.1607  22.6%   156  256s
  2214  1476 14891.8815   38  430 18857.6400 14587.1607  22.6%   159  261s
  2240  1488 15053.5755   44  300 18857.6400 14587.1607  22.6%   163  268s
  2246  1500 15077.2856   45  281 18857.6400 14587.1607  22.6%   163  271s
  2283  1521 15255.2896   56  257 18857.6400 14587.1607  22.6%   166  277s
  2293  1531 15282.6797   56  293 18857.6400 14587.1607  22.6%   168  280s
  2318  1569 15330.8543   59  294 18857.6400 14587.1607  22.6%   171  286s
  2353  1582 15466.1573   69  240 18857.6400 14587.1607  22.6%   171  291s
  2377  1604 15440.7121   71  259 18857.6400 14587.1607  22.6%   172  297s
  2407  1611 15544.6266   76  285 18857.6400 14587.1607  22.6%   173  301s
  2424  1668 15541.7849   80  247 18857.6400 14587.1607  22.6%   173  305s
  2487  1711 15657.6240   88  217 18857.6400 14587.1607  22.6%   172  311s
  2551  1728 15780.3884   95  168 18857.6400 14587.1607  22.6%   171  316s
  2589  1814 15836.3496   98  205 18857.6400 14587.1607  22.6%   172  321s
  2688  1872 16535.9419  142  175 18857.6400 14587.1607  22.6%   169  327s
  2779  1844 17070.1844  171   98 18857.6400 14587.1607  22.6%   166  341s
  2781  1961 17231.2646  170  169 18857.6400 14587.1607  22.6%   166  347s
  2899  1977 18309.8023  234  115 18857.6400 14587.1607  22.6%   162  365s
  2954  1968 18160.9855  260   62 18857.6400 14587.1607  22.6%   160  387s
  2964  2197 18255.6861  260  101 18857.6400 14587.1607  22.6%   160  393s
  3086  2156 18363.3714  322   54 18857.6400 14587.1607  22.6%   155  395s
  3204  2220     cutoff  377      18857.6400 14589.4627  22.6%   151  402s
  3313  2264 14669.0059   18  661 18857.6400 14589.4627  22.6%   149  413s
  3421  2244 14772.4095   22  490 18857.6400 14589.4627  22.6%   148  419s
  3437  2266 14829.6095   30  520 18857.6400 14589.4627  22.6%   150  425s
  3465  2302 14906.5643   37  430 18857.6400 14589.4627  22.6%   151  430s
  3510  2344 15102.1178   61  130 18857.6400 14589.4627  22.6%   152  437s
  3567  2426 15306.5560   73  194 18857.6400 14589.4627  22.6%   153  445s
  3653  2687 15410.7178   81  183 18857.6400 14589.4627  22.6%   152  458s
  3774  2687 17412.2596  232   65 18857.6400 14589.4627  22.6%   149  460s
  3936  2766 15724.5124  113  135 18857.6400 14589.4627  22.6%   145  470s
  4015  2872 16066.4825  162   57 18857.6400 14589.4627  22.6%   145  478s
  4095  2872 16287.1196  216  131 18857.6400 14589.4627  22.6%   144  480s
  4121  3021 16834.0381  220  130 18857.6400 14594.0514  22.6%   144  492s
  4250  3021 17191.5041  321  147 18857.6400 14594.0514  22.6%   141  495s
  4288  3047 14891.8099   19  436 18857.6400 14594.0514  22.6%   142  502s
  4314  3049 15107.0092   26  219 18857.6400 14594.0514  22.6%   144  528s
  4316  3150 15156.7737   27  211 18857.6400 14594.0514  22.6%   144  536s
  4417  3367 16301.5672   53  113 18857.6400 14594.1290  22.6%   143  549s
  4465  3368 18656.1682  100   15 18857.6400 14594.1290  22.6%   142  550s
  4675  3439     cutoff  103      18857.6400 14596.2575  22.6%   137  564s
  4679  3439 18158.2860  320  150 18857.6400 14603.0404  22.6%   138  565s
  4775  3454 14723.1869   21  622 18857.6400 14603.0404  22.6%   137  576s
  4790  3476 14836.8702   28  485 18857.6400 14603.0404  22.6%   138  585s
  4812  3508 14979.7956   37  380 18857.6400 14603.0404  22.6%   140  593s
  4844  3542 15062.9866   52  214 18857.6400 14603.0404  22.6%   141  621s
  4878  3602 15087.6885   63  182 18857.6400 14603.0404  22.6%   142  630s
  4938  3727 15199.6024   94  188 18857.6400 14603.0404  22.6%   143  640s
  5063  3962 15353.8225  165  150 18857.6400 14603.0404  22.6%   143  652s
  5298  4324 15587.8136  302  135 18857.6400 14608.0301  22.5%   140  668s
  5362  4324 16114.2645  346   68 18857.6400 14608.0301  22.5%   138  670s
  5696  4530 14702.8795   21  783 18857.6400 14608.0301  22.5%   134  691s
  5865  4545 18088.4667  318   10 18857.6400 14608.0301  22.5%   131  695s
  6000  4584 14772.9668   26  560 18857.6400 14608.0301  22.5%   129  707s
  6025  4642 15130.5217   32  442 18857.6400 14608.0301  22.5%   131  718s
  6083  4735 15213.2733   36  340 18857.6400 14608.0301  22.5%   132  731s
  6192  4910 15861.2079   55   70 18857.6400 14608.0301  22.5%   132  746s
  6393  5029 16281.9043   60  118 18857.6400 14616.4362  22.5%   131  762s
  6560  5078     cutoff  141      18857.6400 14634.5554  22.4%   130  776s
  6593  5198 14849.6404   22  479 18857.6400 14634.5554  22.4%   132  787s
  6713  5469 15205.5385   48  314 18857.6400 14634.5554  22.4%   132  803s
  6812  5469 16666.6789  175  128 18857.6400 14634.5554  22.4%   131  805s
  7002  5745 16144.2154  131  160 18857.6400 14651.8590  22.3%   129  822s
  7130  5745 16975.9060  259   94 18857.6400 14651.8590  22.3%   127  825s
  7302  6043 14743.4589   20  604 18857.6400 14651.8590  22.3%   126  847s
  7428  6043 16631.9920  143   99 18857.6400 14651.8590  22.3%   126  850s
  7600  6276 15085.3972   41  249 18857.6400 14651.8590  22.3%   124  870s
  7845  6449 15835.7304  182   41 18857.6400 14654.9868  22.3%   124  892s
  8085  6602 infeasible  286      18857.6400 14655.1682  22.3%   124  915s
  8246  6778 15027.0853   33  342 18857.6400 14664.6542  22.2%   124  936s
  8459  6812 14804.9690   18  432 18857.6400 14665.2623  22.2%   124  956s
  8501  7002 15119.2599   36  340 18857.6400 14665.8165  22.2%   125  975s
  8716  7195     cutoff  195      18857.6400 14666.0724  22.2%   125 1002s
  8876  7195 18062.5121  197   10 18857.6400 14669.6765  22.2%   125 1005s
  8949  7410 15254.2705   50  363 18857.6400 14669.8010  22.2%   125 1024s
  8993  7410 16024.0266   94   63 18857.6400 14669.8010  22.2%   125 1025s
  9189  7541 14786.3832   19  560 18857.6400 14670.0980  22.2%   124 1045s
  9311  7893 15072.5835   32  339 18857.6400 14670.0980  22.2%   125 1070s
  9677  8128 15383.8954   56  136 18857.6400 14670.0980  22.2%   124 1095s
  9973  8410 15669.0911  196  100 18857.6400 14670.7083  22.2%   123 1119s
 10005  8410 15801.9247  210   98 18857.6400 14670.7083  22.2%   123 1120s
 10362  8482 infeasible  357      18857.6400 14672.6328  22.2%   121 1141s
 10422  8650 14942.9526   25  171 18857.6400 14672.6328  22.2%   122 1159s
 10446  8650 15180.7354   37   98 18857.6400 14672.6328  22.2%   123 1160s
 10590  8848 15177.5461   43   75 18857.6400 14672.6328  22.2%   123 1185s
 10820  8986 15373.5755   76  144 18857.6400 14672.6328  22.2%   123 1208s
 10900  8986 15637.9108  116   72 18857.6400 14672.6328  22.2%   123 1210s
 10958  9369 15740.5077  138   49 18857.6400 14674.2943  22.2%   123 1234s
 11006  9369 15829.0719  162   66 18857.6400 14674.2943  22.2%   123 1235s
 11359  9396 18105.0935  326   16 18857.6400 14674.2943  22.2%   121 1240s
 11439  9445 infeasible  344      18857.6400 14675.5308  22.2%   121 1259s
 11485  9593 15016.7311   24  317 18857.6400 14675.5308  22.2%   123 1280s
 11661  9836 15660.0582   58  155 18857.6400 14675.5308  22.2%   123 1302s
 11773  9843 16716.9700  161   12 18857.6400 14675.5308  22.2%   122 1305s
 11988  9930 17478.5460  182  113 18857.6400 14677.1918  22.2%   121 1326s
 12078 10030 15189.0101   31  439 18857.6400 14677.9025  22.2%   122 1345s
 12178 10308 15750.2129   54  297 18857.6400 14678.0434  22.2%   123 1368s
 12274 10308 17478.1786  150   80 18857.6400 14678.0434  22.2%   123 1370s
 12501 10360     cutoff  200      18857.6400 14679.1576  22.2%   122 1390s
H12561  9798                    18301.020000 14681.9324  19.8%   123 1410s
 12774  9790 14968.1179   22  497 18301.0200 14685.6619  19.8%   123 1509s
 12804  9885 15326.6044   37  184 18301.0200 14685.6619  19.8%   124 1541s
 12899 10294 16693.4618  131   79 18301.0200 14687.9701  19.7%   124 1571s
 13330 10332 14825.8043   30  458 18301.0200 14687.9701  19.7%   122 1597s
 13384 10358 15147.2661   39  355 18301.0200 14687.9701  19.7%   123 1646s
 13410 10562 15393.2149   51  302 18301.0200 14687.9701  19.7%   124 1668s
 13508 10562 15948.8805   81   49 18301.0200 14687.9701  19.7%   125 1670s
 13648 10776 16512.9010   85  189 18301.0200 14688.5572  19.7%   124 1692s
 13760 10776 17600.4658  118   41 18301.0200 14688.5572  19.7%   124 1695s
 13894 10852 14974.5517   28  401 18301.0200 14689.0131  19.7%   124 1716s
 13968 11238 15154.5678   40  311 18301.0200 14689.0131  19.7%   125 1745s
 14227 11238 16562.8763  210   66 18301.0200 14689.0131  19.7%   125 1750s
 14389 11352 15334.4456   59  238 18301.0200 14689.0131  19.7%   124 1774s
 14437 11352 15588.0857   95  125 18301.0200 14689.0131  19.7%   124 1775s
 14508 11758 15686.8272  130  134 18301.0200 14692.2016  19.7%   125 1798s
 14604 11758 15919.5257  196   30 18301.0200 14692.2016  19.7%   124 1800s
 14968 11966 14815.3914   27  413 18301.0200 14692.2016  19.7%   123 1826s
 15148 11966 16939.7956  206   32 18301.0200 14692.2016  19.7%   122 1830s
 15188 12225 15450.2744   79  122 18301.0200 14693.2738  19.7%   123 1851s
 15470 12423     cutoff  258      18301.0200 14694.1552  19.7%   122 1878s
 15568 12423 16353.2939  177  101 18301.0200 14694.9787  19.7%   122 1880s
 15697 12837 15487.3275   54  255 18301.0200 14698.0374  19.7%   122 1903s
 15779 12837 16385.7142  136   68 18301.0200 14698.0374  19.7%   122 1905s
 16167 12879 14851.2176   26  511 18301.0200 14698.1252  19.7%   120 1932s
 16216 12940 15288.3033   50  338 18301.0200 14698.1252  19.7%   121 1950s
 16277 13185 16095.9038   92  227 18301.0200 14699.1331  19.7%   122 1973s
 16357 13185 17232.7294  172   63 18301.0200 14699.1331  19.7%   121 1975s
 16543 13467 14907.6670   29  459 18301.0200 14699.1331  19.7%   121 2004s
 16570 13467 15531.4420   56  242 18301.0200 14699.1331  19.7%   122 2005s
 16848 13479 17136.5128  286    8 18301.0200 14699.1331  19.7%   121 2010s
 16879 13495 15595.4344   61  252 18301.0200 14699.1331  19.7%   121 2032s
 16909 13647 15645.3968   62  278 18301.0200 14702.2354  19.7%   121 2055s
 17074 13782 infeasible  191      18301.0200 14702.4089  19.7%   121 2078s
 17159 13782 16510.1909  107  182 18301.0200 14702.8795  19.7%   122 2080s
 17227 13948 15254.0611   56  259 18301.0200 14704.0557  19.7%   122 2101s
 17443 14147     cutoff  180      18301.0200 14704.0557  19.7%   121 2125s
 17677 14337 15523.3386   59  313 18301.0200 14705.0456  19.6%   121 2149s
 17697 14337 15948.2759   79  243 18301.0200 14705.0456  19.6%   121 2150s
 17894 14339 14746.7628   23  602 18301.0200 14706.7912  19.6%   121 2180s
 17896 14474 14732.0119   23  625 18301.0200 14706.7912  19.6%   121 2201s
 18031 14704 14858.6045   28  531 18301.0200 14706.7912  19.6%   122 2228s
 18109 14710 15885.5053  137   33 18301.0200 14706.7912  19.6%   122 2230s
 18406 14771 15083.0314   35  477 18301.0200 14706.7912  19.6%   121 2254s
 18450 14835 15356.6955   45  256 18301.0200 14706.7912  19.6%   122 2274s
 18466 14835 15441.2136   53  154 18301.0200 14706.7912  19.6%   122 2275s
 18514 14856 15540.8144   68   22 18301.0200 14706.7912  19.6%   123 2312s
 18537 15087 15649.0587   78  127 18301.0200 14706.7912  19.6%   123 2335s
 18768 15168 16279.5384  184   43 18301.0200 14709.3407  19.6%   124 2360s
 18897 15339     cutoff  214      18301.0200 14710.4228  19.6%   124 2384s
 18931 15343 15820.6147   75  174 18301.0200 14710.4945  19.6%   124 2385s
 19089 15437 18061.7200  213    - 18301.0200 14711.2495  19.6%   124 2408s
 19199 15445 15677.5543   50  223 18301.0200 14714.0089  19.6%   125 2410s
 19201 15600 18062.2800  217    - 18301.0200 14714.0539  19.6%   125 2433s
 19268 15606 16610.4172   84  189 18301.0200 14714.0539  19.6%   125 2435s
 19399 15780 18139.2400  217    - 18301.0200 14714.6635  19.6%   125 2463s
 19496 15786 16022.7005   95   81 18301.0200 14715.3480  19.6%   125 2465s
 19614 15854 18209.7400  217    - 18301.0200 14717.1826  19.6%   125 2488s
 19695 15860 15193.9594   57  136 18301.0200 14717.2121  19.6%   125 2490s
 19704 16158 18251.2600  217   27 18301.0200 14717.4566  19.6%   126 2512s
 19809 16161 16261.1198  130  130 18301.0200 14717.6042  19.6%   126 2515s
 20027 16226 18285.0400  224    - 18301.0200 14717.6242  19.6%   125 2538s
 20098 16416 18295.4533  224   26 18301.0200 14717.8477  19.6%   125 2560s
*20099 16404             225    18295.540000 14717.8477  19.6%   125 2560s
 20302 16656 15223.8501   48  222 18295.5400 14718.8642  19.5%   126 2586s
 20572 16711 15000.5006   35  293 18295.5400 14718.8642  19.5%   125 2612s
 20668 16877 15307.4463   50  196 18295.5400 14718.8642  19.5%   126 2631s
 20834 17287 15588.0019  104   81 18295.5400 14719.3072  19.5%   126 2658s
 20931 17287 16158.4800  176    8 18295.5400 14719.3072  19.5%   126 2660s
 21359 17388 18107.5970  259   23 18295.5400 14720.4981  19.5%   124 2686s
 21432 17491 15361.5989   43  245 18295.5400 14720.8420  19.5%   125 2705s
 21535 17671 16044.3363   87  155 18295.5400 14721.7081  19.5%   125 2729s
 21583 17671 17362.9878  135   70 18295.5400 14721.7081  19.5%   125 2730s
 21758 17746 14995.1609   36  511 18295.5400 14721.9119  19.5%   126 2753s
 21833 17979 15408.8749   47  412 18295.5400 14721.9119  19.5%   126 2779s
 21882 17979 16138.5632   96   78 18295.5400 14721.9119  19.5%   126 2780s
 22086 18112 16882.5808  135  137 18295.5400 14723.2128  19.5%   126 2806s
 22244 18138     cutoff  245      18295.5400 14723.5677  19.5%   126 2828s
 22272 18283 14894.6595   23  461 18295.5400 14723.5677  19.5%   126 2849s
 22428 18469 15430.1234   54  213 18295.5400 14725.5223  19.5%   126 2872s
 22650 18734     cutoff  205      18295.5400 14725.5747  19.5%   126 2898s
 22945 18953 15136.3840   30  341 18295.5400 14725.5747  19.5%   126 2927s
 23096 18959 16648.7411  263    5 18295.5400 14725.5747  19.5%   125 2930s
 23216 19143 15614.9263   85  116 18295.5400 14726.0676  19.5%   125 2958s
 23328 19143 17139.6504  197   31 18295.5400 14726.0676  19.5%   125 2960s
 23412 19198 infeasible  239      18295.5400 14726.5933  19.5%   125 2983s
 23484 19382 15505.0319   65  251 18295.5400 14727.0449  19.5%   126 3007s
 23644 19384 17719.1435  223   26 18295.5400 14727.0449  19.5%   125 3010s
*23671 19387             293    18294.940000 14727.0511  19.5%   125 3010s
*23673 19105             291    18167.690000 14727.0511  18.9%   125 3010s
*23674 19023             289    18148.970000 14727.0511  18.9%   125 3010s
 23694 19149     cutoff  232      18148.9700 14727.1093  18.9%   126 3033s
 23830 19323 14849.1936   34  383 18148.9700 14727.1093  18.9%   126 3059s
 23876 19323 15857.0506   80  215 18148.9700 14727.1093  18.9%   126 3060s
 24030 19590 16040.5073   85  220 18148.9700 14727.8595  18.9%   126 3083s
 24095 19590 16611.5436  150   63 18148.9700 14727.8595  18.9%   125 3085s
 24314 19775 infeasible  245      18148.9700 14727.9485  18.8%   125 3124s
 24576 19827 14940.6538   25  554 18148.9700 14728.2971  18.8%   125 3150s
 24609 19951 15233.5680   40  431 18148.9700 14728.2971  18.8%   125 3170s
 24733 20089 17071.0942  113   72 18148.9700 14728.3773  18.8%   126 3193s
 24829 20089 16409.8894  110  170 18148.9700 14728.5914  18.8%   126 3195s
 24915 20180 15164.2342   44  481 18148.9700 14728.5914  18.8%   126 3220s
 25010 20558 16297.7635  118   75 18148.9700 14730.1093  18.8%   126 3244s
 25042 20558 16545.4346  150   80 18148.9700 14730.1093  18.8%   126 3245s
 25431 20664 15060.2537   34  366 18148.9700 14730.8651  18.8%   125 3280s
 25543 20759 16909.2616  124   63 18148.9700 14731.6173  18.8%   125 3304s
 25612 20759 15161.9611   39  169 18148.9700 14731.6173  18.8%   125 3305s
 25654 21232 15211.6633   51  105 18148.9700 14731.7152  18.8%   126 3334s
 25718 21232 15331.5642  105   56 18148.9700 14731.7152  18.8%   126 3335s
 26009 21239 16795.6700  296   31 18148.9700 14731.7152  18.8%   125 3340s
 26169 21245 15934.6519  142   78 18148.9700 14731.7152  18.8%   124 3370s
 26171 21431 15963.6974  150   80 18148.9700 14731.8179  18.8%   124 3399s
 26219 21437 15907.6666   93  118 18148.9700 14731.9377  18.8%   125 3400s
 26449 21487     cutoff  322      18148.9700 14732.0210  18.8%   124 3427s
 26518 21531 15058.2220   44  402 18148.9700 14732.0734  18.8%   125 3451s
 26569 21767 15758.4468   74  221 18148.9700 14732.3380  18.8%   125 3473s
 26634 21767 17142.0168  139  110 18148.9700 14732.3380  18.8%   125 3475s
 26836 21818 15048.9872   28  464 18148.9700 14732.5253  18.8%   125 3502s
 26890 21924 15655.4339   53  171 18148.9700 14732.8041  18.8%   126 3523s
 26986 21936 17100.1200  132    - 18148.9700 14732.8041  18.8%   126 3525s
 27033 22185 17498.2633  132   31 18148.9700 14733.3860  18.8%   126 3548s
 27097 22189 17956.7892  189   52 18148.9700 14733.3860  18.8%   126 3550s
 27328 22229 17613.1200  135   23 18148.9700 14733.6975  18.8%   126 3581s
 27393 22311 18003.4967  141   18 18148.9700 14734.2416  18.8%   126 3600s

Cutting planes:
  User: 6466
  Learned: 1
  Gomory: 32
  Cover: 582
  Implied bound: 220
  Projected implied bound: 19
  Clique: 85
  MIR: 151
  StrongCG: 1
  Flow cover: 505
  GUB cover: 2
  Zero half: 153
  Network: 1
  RLT: 442
  Relax-and-lift: 9
