




arguments: ./build/bc_mirp -f ./input/orig_exec_270.cfg
Current dir: /scratch/gui/bc_mirp
File verbosity level: 9
date       time         ( uptime  ) [ thread name/id ]                   file:line     v| 
2021-02-17 07:46:00.061 (   0.163s) [main thread     ]             loguru.cpp:789   INFO| Logging to './output/vi_vc+hc3/OU/V4/Original/execution_17_02_2021_07_46_00.log', mode: 'a', verbosity: 9
--------------------------------------------------------------------------------
Parameters
                           instance_path           ./input/Instances/Original/6/
                            model_policy                                       1
                             nb_vehicles                                       4
                              output_dir      ./output/vi_vc+hc3/OU/V4/Original/
                            sec_strategy                                       1
                       solver_nb_threads                                       2
                         solver_show_log                                    true
                       solver_time_limit                                    3600
                              use_vi_cos                                   false
                              use_vi_cus                                   false
                         use_vi_hc1_full                                   false
                         use_vi_hc1_half                                   false
                      use_vi_hc1_quarter                                   false
                              use_vi_hc2                                   false
                              use_vi_hc3                                    true
                         use_vi_lex_full                                   false
                         use_vi_lex_half                                   false
                      use_vi_lex_quarter                                   false
                              use_vi_qua                                   false
                               use_vi_vc                                    true
                               use_vi_vr                                   false
--------------------------------------------------------------------------------
executing instance: ./input/Instances/Original/6/absH6high_1n25.dat
--------------------------------------------------------------------------------
Instance details
n	26
H	6
C	1711
Li:
[0, 0, 0, 0, 0, 0, 0, 0, 0, 0, 0, 0, 0, 0, 0, 0, 0, 0, 0, 0, 0, 0, 0, 0, 0, 0, ]
Ui:
[0, 168, 176, 34, 66, 36, 177, 106, 118, 182, 64, 141, 189, 63, 46, 111, 182, 231, 36, 66, 68, 54, 132, 90, 246, 75, ]
Distance matrix:
|0	191	200	231	334	329	146	196	208	245	218	164	283	394	151	358	156	196	309	253	201	260	127	138	130	104	|
|191	0	226	229	278	146	328	216	390	417	327	293	195	334	106	296	171	122	472	151	12	411	280	53	190	130	|
|200	226	0	38	149	359	321	10	276	274	418	364	139	204	121	173	321	115	303	141	225	236	155	202	311	256	|
|231	229	38	0	110	352	358	37	314	310	448	395	108	167	129	135	342	109	336	120	226	268	194	213	335	277	|
|334	278	149	110	0	367	467	147	422	413	546	495	86	61	203	25	423	163	429	129	271	363	303	282	424	361	|
|329	146	359	352	367	0	453	349	533	562	411	393	282	411	245	378	250	244	617	245	141	556	426	195	284	243	|
|146	328	321	358	467	453	0	321	162	215	160	112	425	524	297	491	223	341	284	397	339	266	186	276	184	210	|
|196	216	10	37	147	349	321	0	281	281	414	360	132	203	112	171	315	105	311	132	216	244	159	193	305	249	|
|208	390	276	314	422	533	162	281	0	54	321	271	410	471	316	445	348	348	123	398	398	115	125	338	313	309	|
|245	417	274	310	413	562	215	281	54	0	375	323	413	457	334	435	393	361	70	406	424	69	139	367	359	349	|
|218	327	418	448	546	411	160	414	321	375	0	57	484	606	347	569	163	393	444	446	339	421	318	288	137	199	|
|164	293	364	395	495	393	112	360	271	323	57	0	437	556	300	519	144	346	393	401	305	367	261	249	109	163	|
|283	195	139	108	86	282	425	132	410	413	484	437	0	139	137	101	349	91	443	44	187	375	286	206	355	291	|
|394	334	204	167	61	411	524	203	471	457	606	556	139	0	264	38	483	222	467	183	326	403	356	341	484	421	|
|151	106	121	129	203	245	297	112	316	334	347	300	137	264	0	225	220	46	381	102	106	316	195	84	221	158	|
|358	296	173	135	25	378	491	171	445	435	569	519	101	38	225	0	444	184	450	145	288	384	328	303	446	383	|
|156	171	321	342	423	250	223	315	348	393	163	144	349	483	220	444	0	261	460	308	183	415	284	143	39	65	|
|196	122	115	109	163	244	341	105	348	361	393	346	91	222	46	184	261	0	402	56	118	336	224	119	264	200	|
|309	472	303	336	429	617	284	311	123	70	444	393	443	467	381	450	460	402	0	442	477	68	192	424	426	413	|
|253	151	141	120	129	245	397	132	398	406	446	401	44	183	102	145	308	56	442	0	143	375	273	164	315	251	|
|201	12	225	226	271	141	339	216	398	424	339	305	187	326	106	288	183	118	477	143	0	416	286	63	202	142	|
|260	411	236	268	363	556	266	244	115	69	421	367	375	403	316	384	415	336	68	375	416	0	135	365	384	363	|
|127	280	155	194	303	426	186	159	125	139	318	261	286	356	195	328	284	224	192	273	286	135	0	232	256	229	|
|138	53	202	213	282	195	276	193	338	367	288	249	206	341	84	303	143	119	424	164	63	365	232	0	153	89	|
|130	190	311	335	424	284	184	305	313	359	137	109	355	484	221	446	39	264	426	315	202	384	256	153	0	64	|
|104	130	256	277	361	243	210	249	309	349	199	163	291	421	158	383	65	200	413	251	142	363	229	89	64	0	|

--------------------------------------------------------------------------------
Building model...
	using lazy and cut (CVRPSEP package)
Solving IRP LP...
--------------------------------------------------------------------------------

Gurobi 9.1.0 (linux64) logging started Wed Feb 17 07:46:00 2021

Gurobi Optimizer version 9.1.0 build v9.1.0rc0 (linux64)
Thread count: 32 physical cores, 32 logical processors, using up to 2 threads
Optimize a model with 2504 rows, 9206 columns and 35078 nonzeros
Model fingerprint: 0xa57c9878
Variable types: 782 continuous, 8424 integer (624 binary)
Coefficient statistics:
  Matrix range     [1e+00, 4e+02]
  Objective range  [1e-01, 6e+02]
  Bounds range     [1e+00, 2e+02]
  RHS range        [1e+00, 3e+03]
Presolve removed 752 rows and 121 columns
Presolve time: 0.19s
Presolved: 1752 rows, 9085 columns, 27503 nonzeros
Variable types: 630 continuous, 8455 integer (7835 binary)

Root relaxation: objective 1.430251e+04, 2483 iterations, 0.09 seconds

    Nodes    |    Current Node    |     Objective Bounds      |     Work
 Expl Unexpl |  Obj  Depth IntInf | Incumbent    BestBd   Gap | It/Node Time

     0     0 14302.5051    0  242          - 14302.5051      -     -    0s
     0     0 14509.9434    0  237          - 14509.9434      -     -    0s
     0     0 14527.5039    0  275          - 14527.5039      -     -    0s
     0     0 14527.7099    0  236          - 14527.7099      -     -    0s
     0     0 14527.7120    0  246          - 14527.7120      -     -    1s
     0     0 14863.5622    0  317          - 14863.5622      -     -    2s
     0     0 14938.1829    0  323          - 14938.1829      -     -    2s
     0     0 14941.0139    0  331          - 14941.0139      -     -    2s
     0     0 14943.1185    0  339          - 14943.1185      -     -    2s
     0     0 14945.4266    0  347          - 14945.4266      -     -    2s
     0     0 14946.1523    0  338          - 14946.1523      -     -    2s
     0     0 14947.5284    0  347          - 14947.5284      -     -    2s
     0     0 14947.5723    0  354          - 14947.5723      -     -    2s
     0     0 15563.7237    0  393          - 15563.7237      -     -    3s
     0     0 15722.0929    0  435          - 15722.0929      -     -    3s
     0     0 15751.8995    0  411          - 15751.8995      -     -    3s
     0     0 15756.7561    0  465          - 15756.7561      -     -    4s
     0     0 15773.7896    0  486          - 15773.7896      -     -    4s
     0     0 15775.5525    0  484          - 15775.5525      -     -    4s
     0     0 15775.6670    0  495          - 15775.6670      -     -    4s
     0     0 15955.1886    0  474          - 15955.1886      -     -    5s
     0     0 16001.5304    0  531          - 16001.5304      -     -    5s
     0     0 16025.9243    0  537          - 16025.9243      -     -    5s
     0     0 16036.4006    0  548          - 16036.4006      -     -    5s
     0     0 16038.0418    0  532          - 16038.0418      -     -    5s
     0     0 16100.7183    0  456          - 16100.7183      -     -    6s
     0     0 16108.4200    0  474          - 16108.4200      -     -    6s
     0     0 16111.7520    0  474          - 16111.7520      -     -    6s
     0     0 16117.4068    0  454          - 16117.4068      -     -    7s
     0     0 16126.8412    0  459          - 16126.8412      -     -    7s
     0     0 16146.2924    0  471          - 16146.2924      -     -    7s
     0     0 16171.7537    0  510          - 16171.7537      -     -    7s
     0     0 16219.4302    0  535          - 16219.4302      -     -    8s
     0     0 16225.6155    0  484          - 16225.6155      -     -    8s
     0     0 16227.9599    0  535          - 16227.9599      -     -    8s
     0     0 16237.5570    0  498          - 16237.5570      -     -    8s
     0     0 16242.5386    0  559          - 16242.5386      -     -    8s
     0     0 16244.1150    0  513          - 16244.1150      -     -    8s
     0     0 16296.9731    0  514          - 16296.9731      -     -    9s
     0     0 16302.6702    0  519          - 16302.6702      -     -    9s
     0     0 16305.9080    0  497          - 16305.9080      -     -    9s
     0     0 16315.1949    0  532          - 16315.1949      -     -   10s
     0     0 16325.0091    0  546          - 16325.0091      -     -   10s
     0     0 16332.2715    0  569          - 16332.2715      -     -   10s
     0     0 16341.2391    0  564          - 16341.2391      -     -   10s
     0     0 16344.4030    0  581          - 16344.4030      -     -   10s
     0     0 16344.4454    0  580          - 16344.4454      -     -   10s
     0     0 16377.4549    0  563          - 16377.4549      -     -   11s
     0     0 16391.7266    0  557          - 16391.7266      -     -   11s
     0     0 16392.0712    0  592          - 16392.0712      -     -   12s
     0     0 16399.8617    0  551          - 16399.8617      -     -   12s
     0     0 16409.1988    0  542          - 16409.1988      -     -   13s
     0     2 16409.1988    0  532          - 16409.1988      -     -   14s
     3     6 16423.1444    2  584          - 16411.2952      -   953   15s
    24    27 16652.2582    7  544          - 16487.6021      -  1328   20s
    52    61 16718.0039   14  573          - 16487.6021      -  1041   25s
    86    90 16986.6384   25  564          - 16487.6021      -   901   30s
   117   126 17108.8093   32  582          - 16487.6021      -   884   35s
   171   189 17280.0230   39  436          - 16487.6021      -   770   40s
   248   276 17408.0571   51  491          - 16487.6021      -   644   45s
   376   406 17737.5491   56  475          - 16487.6021      -   496   50s
   468   456 17826.5332   60  422          - 16487.6021      -   439   55s
   490   481 18283.3650   69  315          - 16487.6021      -   470   61s
   540   551 18595.6738   95  247          - 16487.6021      -   465   65s
   672   724 20010.8182  165  160          - 16487.6021      -   413   70s
   826   886 22790.6196  258   89          - 16487.6021      -   356   75s
   926   901 17006.2520    4  667          - 16524.2298      -   339   80s
   942   905 20063.0224  169  506          - 16524.2298      -   342   85s
   949   910 22313.6393  252  616          - 16735.6589      -   340   90s
   960   917 16786.5796    5  758          - 16786.5796      -   336   95s
   963   919 20450.1590  178  725          - 16789.9725      -   335  101s
   964   923 16806.6318   15  646          - 16789.9725      -   369  107s
   966   924 16922.9823   16  668          - 16791.5114      -   372  114s
   968   926 17032.5863   16  576          - 16795.6709      -   375  119s
   970   927 16963.1727   17  655          - 16809.7838      -   378  121s
   976   931 17010.8218   18  653          - 16836.5344      -   387  126s
   993   943 17028.9355   22  710          - 16861.7288      -   398  130s
  1004   953 16971.6586   25  590          - 16861.7288      -   404  135s
  1026   971 17015.6055   29  508          - 16861.7288      -   417  140s
  1055   990 17046.0351   36  536          - 16861.7288      -   423  145s
  1096  1020 17107.9947   47  306          - 16861.7288      -   425  150s
  1150  1059 17200.7177   60  369          - 16861.7288      -   419  155s
  1232  1129 17443.4927   83  246          - 16861.7288      -   408  161s
  1317  1191 17597.1919  108  172          - 16861.7288      -   395  165s
  1444  1281 17894.6767  143  180          - 16861.7288      -   374  171s
  1524  1332 18064.3229  167  206          - 16861.7288      -   364  175s
  1670  1429 18255.8256  214  189          - 16861.7288      -   346  181s
  1780  1486 18706.9712  256  185          - 16861.7288      -   336  188s
  1829  1518 18509.1425  280  189          - 16861.7288      -   332  190s
  1916  1564 19512.7167  320  210          - 16861.7288      -   326  195s
  1980  1611 19074.7480  347  196          - 16861.7288      -   324  200s
  2062  1663 19371.5138  384  200          - 16861.7288      -   320  206s
  2132  1678 infeasible  415               - 16904.2726      -   314  211s
  2251  1671 17051.0033   22  642          - 16904.2726      -   307  217s
  2271  1678 17057.9709   30  556          - 16904.2726      -   308  220s
  2296  1697 17139.5492   32  616          - 16904.2726      -   313  226s
  2312  1710 17177.9727   32  573          - 16904.2726      -   315  230s
  2356  1744 17154.0528   46  516          - 16904.2726      -   318  235s
  2404  1789 17239.0850   51  478          - 16904.2726      -   321  242s
  2440  1802 17307.3856   57  450          - 16904.2726      -   321  246s
  2465  1828 17419.8827   57  410          - 16904.2726      -   323  250s
  2534  1883 17490.0961   76  475          - 16904.2726      -   324  257s
  2577  1916 17566.3946   88  446          - 16904.2726      -   323  261s
  2625  1967 17680.6117   93  414          - 16904.2726      -   323  266s
  2692  2066 17793.9449  101  286          - 16904.2726      -   321  271s
  2813  2105 18379.1215  150  243          - 16904.2726      -   314  276s
  2908  2151 18275.5680  170  278          - 16904.2726      -   310  283s
  3010  2273 18293.3431  210  246          - 16904.2726      -   304  289s
  3196  2289 18574.5289  290  237          - 16904.2726      -   294  296s
  3402  2244 infeasible  318               - 16914.2346      -   284  302s
  3448  2257 17031.1002   27  493          - 16914.2346      -   287  307s
  3476  2283 17191.4125   30  517          - 16914.2346      -   291  311s
  3511  2313 17501.1448   40  358          - 16914.2346      -   294  317s
  3553  2351 17463.6189   50  354          - 16914.2346      -   296  322s
  3605  2469 17718.2921   68  296          - 16914.2346      -   296  328s
  3740  2565 17947.5637  122  270          - 16914.2346      -   291  336s
  3875  2698 18193.8867  162  233          - 16914.2346      -   285  343s
  4016  2870 18505.7525  190  265          - 16914.2346      -   279  351s
  4246  2901 infeasible  267               - 16930.2027      -   270  359s
  4315  2930 17170.8518   27  456          - 16930.2027      -   272  366s
  4344  2978 17194.9375   31  445          - 16930.2027      -   274  372s
  4392  3057 17416.2443   46  307          - 16930.2027      -   276  380s
  4471  3225 17994.1496   84  217          - 16930.2163      -   276  390s
  4673  3269 17149.9374   25  608          - 16930.2163      -   271  398s
  4717  3311 17415.1403   33  530          - 16930.2163      -   273  405s
  4759  3376 17508.1546   47  383          - 16930.2163      -   276  412s
  4824  3451 17912.5239   59  369          - 16930.2163      -   277  421s
  4899  3553 18017.9099   84  346          - 16930.2163      -   278  430s
  5001  3883 18307.7857  137  185          - 16930.2163      -   277  441s
  5331  4452 19095.4630  314  172          - 16930.2163      -   266  454s
  5381  4452 19418.3434  335  145          - 16930.2163      -   264  455s
  5902  4464 22057.0072  507   95          - 16930.2163      -   247  487s
  5914  4916 21887.6636  510   56          - 16940.7879      -   246  498s
  6115  4917 22063.5303  620   32          - 16940.7879      -   239  500s
  6461  5246 17531.2520   31  507          - 16940.7879      -   231  513s
  6769  5643 17716.6313   38  368          - 16940.7879      -   225  525s
* 7165  5570             654    23462.090000 16940.7879  27.8%   216  526s
  7255  5750 17848.5577   51  336 23462.0900 16964.9789  27.7%   214  540s
  7514  5886 17571.8955   35  396 23462.0900 16964.9789  27.7%   212  553s
  7652  5953 19738.2950  117  262 23462.0900 16964.9789  27.7%   212  566s
  7729  6396 17230.8791   22  497 23462.0900 16964.9789  27.7%   213  585s
  8220  6464 17560.2624   32  394 23462.0900 16964.9789  27.7%   205  600s
  8288  6596 18092.2766   48  348 23462.0900 16964.9789  27.7%   206  612s
  8420  6869 20732.8863   93  108 23462.0900 16972.3637  27.7%   207  627s
  8745  7233 17266.3480   32  370 23462.0900 16972.3637  27.7%   203  643s
  8966  7233 21273.7682  300  100 23462.0900 16972.3637  27.7%   200  645s
H 9132  7243                    23404.010000 16972.3637  27.5%   198  657s
  9154  7366 17219.0573   25  726 23404.0100 16973.5534  27.5%   200  669s
  9277  7752 18162.1099   44  546 23404.0100 16973.5534  27.5%   200  685s
  9676  7972 19300.0467  100  248 23404.0100 16974.7490  27.5%   194  702s
  9915  8072 17602.4598   28  513 23404.0100 16974.7490  27.5%   192  715s
 10015  8298 17495.4437   35  559 23404.0100 16974.7490  27.5%   193  730s
 10241  8531 17555.7834   44  420 23404.0100 16974.7490  27.5%   190  745s
 10516  8611 18183.8036   65  292 23404.0100 16974.7490  27.5%   188  758s
 10596  8721 18571.1367   95  298 23404.0100 16974.7490  27.5%   189  771s
 10714  8840 18872.1818  126  267 23404.0100 16974.7490  27.5%   189  783s
H10867  8732                    22967.770000 16974.7490  26.1%   190  801s
 10888  8767 19186.6030  177  273 22967.7700 16977.3265  26.1%   190  812s
 10941  8907 17148.6812   30  543 22967.7700 16977.3265  26.1%   192  824s
 11081  9122 17235.8412   38  550 22967.7700 16977.3265  26.1%   192  837s
 11327  9222 17840.7128   51  389 22967.7700 16977.3265  26.1%   190  850s
 11427  9260 18236.0336   98  258 22967.7700 16977.3265  26.1%   192  863s
 11465  9571 18460.4560  101  283 22967.7700 16977.7116  26.1%   192  878s
H11812  9422                    22461.769923 16977.7116  24.4%   189  891s
 11856  9595 17791.7727   48  370 22461.7699 16977.7116  24.4%   191  902s
 12030  9864 19147.3587  126  263 22461.7699 16981.1587  24.4%   190  916s
 12326  9885 17331.6866   18  793 22461.7699 16981.4704  24.4%   188  929s
 12347  9909 17357.3259   19  694 22461.7699 16981.4704  24.4%   190  939s
 12371  9968 17596.0655   24  673 22461.7699 16981.4704  24.4%   191  951s
 12430 10051 17749.2262   28  570 22461.7699 16981.4704  24.4%   193  963s
 12513 10274 17920.7373   31  515 22461.7699 16981.4704  24.4%   194  980s
 12765 10304 18036.1180   35  549 22461.7699 16981.4704  24.4%   192  992s
 12795 10354 18103.6841   41  500 22461.7699 16981.4704  24.4%   194 1004s
 12845 10453 18292.4689   48  448 22461.7699 16981.4704  24.4%   195 1017s
 12944 10702 18878.6344   55  359 22461.7699 16981.4704  24.4%   195 1032s
 13215 10864 20043.5814   71  262 22461.7699 16991.6721  24.4%   193 1050s
 13429 10879 17385.8233   20  653 22461.7699 16991.6721  24.4%   193 1063s
 13456 10923 17636.8927   25  632 22461.7699 16991.6721  24.4%   194 1076s
H13475 10531                    22091.850000 16991.6721  23.1%   195 1076s
 13514 10575 18208.7023   39  596 22091.8500 16991.6721  23.1%   196 1087s
 13558 10676 18551.0839   68  404 22091.8500 16991.6721  23.1%   197 1100s
 13659 10885 19104.5845  153  325 22091.8500 16991.6721  23.1%   197 1115s
 13868 11383 19967.9196  274  155 22091.8500 16994.9959  23.1%   196 1137s
 14210 11383 21801.6641  615  152 22091.8500 16994.9959  23.1%   192 1140s
 14399 11420 17327.2033   23  523 22091.8500 16999.7085  23.0%   191 1154s
 14436 11448 17411.1220   37  552 22091.8500 16999.7085  23.0%   192 1164s
 14464 11495 17593.9848   44  496 22091.8500 16999.7085  23.0%   193 1176s
 14511 11582 17824.6573   58  366 22091.8500 16999.7085  23.0%   194 1187s
 14598 11785 17974.1340   79  384 22091.8500 16999.7085  23.0%   195 1201s
 14801 12161 18382.0944  121  287 22091.8500 16999.7085  23.0%   194 1220s
 15177 12766 18545.4595  190  182 22091.8500 16999.7085  23.0%   192 1238s
 15339 12766 18774.1295  337  174 22091.8500 16999.7085  23.0%   190 1240s
H15502 10536                    20410.480000 16999.7085  16.7%   189 1241s
 15820 10532 19396.0254  452  117 20410.4800 17001.0339  16.7%   186 1258s
 16047 10532 17782.5566   39  526 20410.4800 17001.0339  16.7%   185 1260s
 16052 10630 17153.0067   25  643 20410.4800 17001.0339  16.7%   185 1271s
 16150 10798 17652.6650   41  485 20410.4800 17001.0339  16.7%   186 1285s
 16330 10968 18386.7612   71  393 20410.4800 17001.4096  16.7%   185 1300s
H16518 11010                    20395.760000 17001.4096  16.6%   185 1312s
 16621 11039 17250.0349   45  478 20395.7600 17001.4096  16.6%   186 1324s
 16650 11090 17600.7885   51  442 20395.7600 17001.4096  16.6%   187 1335s
 16701 11154 17835.1303   60  385 20395.7600 17001.4096  16.6%   188 1349s
 16771 11326 18218.3415   71  277 20395.7600 17001.4096  16.6%   188 1363s
 16991 11434 18415.6751  103  207 20395.7600 17001.4096  16.6%   188 1377s
 17103 11570 18632.9749  147  167 20395.7600 17004.7536  16.6%   189 1391s
 17363 11626 17462.7907   41  434 20395.7600 17004.9166  16.6%   188 1403s
 17419 11807 18434.9093   78  265 20395.7600 17004.9166  16.6%   189 1418s
 17624 11873 17174.0988   21  582 20395.7600 17004.9166  16.6%   188 1431s
 17700 11912 17639.4651   39  387 20395.7600 17004.9166  16.6%   189 1446s
 17739 12067 18387.0735   66  290 20395.7600 17004.9166  16.6%   190 1459s
 17789 12067 19742.9419  116  250 20395.7600 17004.9166  16.6%   190 1460s
 17896 12256 20196.3768  158  168 20395.7600 17005.3707  16.6%   190 1475s
 18103 12395 17450.7858   31  412 20395.7600 17005.3707  16.6%   190 1490s
 18260 12519 18270.4164   48  333 20395.7600 17007.0123  16.6%   190 1507s
H18371 12492                    20379.760000 17007.0123  16.5%   189 1507s
 18398 12691 17157.5179   29  593 20379.7600 17007.0123  16.5%   190 1557s
H18597 12821                    20373.920000 17007.0123  16.5%   189 1668s
 18735 12921 18763.9978  100  328 20373.9200 17008.0275  16.5%   189 1682s
 18865 12998 17402.1015   37  452 20373.9200 17008.1161  16.5%   189 1695s
H18942 12871                    20228.940000 17008.1161  15.9%   190 1711s
 19171 12932 19718.1939  236  108 20228.9400 17009.3047  15.9%   189 1726s
 19266 13129 18065.7125   57  277 20228.9400 17010.8993  15.9%   189 1744s
 19316 13129 18944.0570  107  218 20228.9400 17010.8993  15.9%   189 1745s
 19481 13217 17151.9799   20  639 20228.9400 17010.8993  15.9%   189 1759s
H19497 13213                    20228.450000 17010.8993  15.9%   190 1759s
H19569 13311                    20199.350000 17010.8993  15.8%   189 1774s
 19755 13349 17805.3189   33  452 20199.3500 17010.8993  15.8%   189 1788s
H19805 13460                    20198.950000 17010.8993  15.8%   190 1802s
 19948 13582 19251.1856   62  138 20198.9500 17013.5283  15.8%   190 1819s
 20088 13869 17337.6552   23  462 20198.9500 17013.5283  15.8%   191 1836s
 20397 13941 17605.5904   38  440 20198.9500 17013.5283  15.8%   190 1851s
 20469 14022 17965.8620   49  425 20198.9500 17013.5283  15.8%   190 1866s
 20568 14113 18163.3013   64  362 20198.9500 17013.5283  15.8%   191 1880s
 20659 14227 18566.4662  105  297 20198.9500 17013.5283  15.8%   192 1895s
 20773 14297 19260.6111  132  281 20198.9500 17016.2831  15.8%   192 1909s
 20863 14430 17543.6028   26  419 20198.9500 17016.2831  15.8%   193 1924s
 20996 14722 18177.0406   71  315 20198.9500 17019.8183  15.7%   194 1941s
 21359 14788 17324.0698   35  555 20198.9500 17019.8183  15.7%   193 1956s
 21443 14991 18073.1143   70  228 20198.9500 17022.7102  15.7%   194 1972s
 21675 15138 17551.0560   32  371 20198.9500 17024.1788  15.7%   193 1989s
 21800 15138 19389.4207   88  131 20198.9500 17025.0617  15.7%   194 1990s
 21849 15165 17124.1853   22  718 20198.9500 17025.0617  15.7%   194 2002s
 21876 15222 17474.5773   35  665 20198.9500 17025.0617  15.7%   195 2015s
 21933 15477 18179.0750   67  344 20198.9500 17025.0900  15.7%   195 2033s
*22067 15061             201    20083.930000 17025.0900  15.2%   195 2033s
H22212 14144                    19878.180000 17025.6157  14.4%   195 2048s
 22259 14247 17576.6075   37  504 19878.1800 17025.6157  14.4%   196 2062s
 22362 14324 17719.5832   43  447 19878.1800 17025.6157  14.4%   197 2080s
 22466 14473 18183.7605   52  348 19878.1800 17025.6157  14.4%   197 2096s
 22615 14634 19778.7740   93  169 19878.1800 17026.2972  14.3%   197 2113s
 22823 14744 17773.6153   63  321 19878.1800 17026.4623  14.3%   197 2132s
 22943 14803 17193.6072   31  617 19878.1800 17026.4623  14.3%   198 2146s
 23002 14906 18018.6124   61  335 19878.1800 17026.4623  14.3%   198 2160s
H23006 14868                    19873.180000 17026.4623  14.3%   198 2160s
 23105 15083 19118.3878  125  267 19873.1800 17026.6661  14.3%   199 2175s
 23332 15205 17971.6013   64  267 19873.1800 17027.8078  14.3%   198 2191s
H23420 14902                    19820.950000 17027.8078  14.1%   198 2191s
 23480 14979 17218.7839   46  431 19820.9500 17027.8078  14.1%   198 2205s
 23557 15276 18338.4327   78  372 19820.9500 17028.9575  14.1%   199 2223s
 23866 15382 17431.2038   33  535 19820.9500 17028.9575  14.1%   198 2239s
H23916 15289                    19805.950000 17028.9575  14.0%   198 2239s
 23988 15530 18178.5841   83  328 19805.9500 17029.4527  14.0%   198 2256s
 24241 15595 17367.8615   25  650 19805.9500 17029.4527  14.0%   197 2272s
 24306 15654 17432.9547   31  603 19805.9500 17029.4527  14.0%   198 2287s
 24377 15697 17505.5730   38  542 19805.9500 17029.4527  14.0%   199 2302s
 24420 15930 17639.4239   47  519 19805.9500 17029.4527  14.0%   200 2319s
 24653 16236 17807.2757   57  508 19805.9500 17029.4527  14.0%   199 2340s
 25013 16292 17919.5691   64  442 19805.9500 17029.4527  14.0%   198 2356s
 25069 16403 18147.5808   81  425 19805.9500 17029.4527  14.0%   198 2373s
 25180 16541 18383.0998   99  329 19805.9500 17029.4527  14.0%   199 2391s
 25336 16678 18318.5788  122  374 19805.9500 17029.4527  14.0%   199 2406s
 25481 16791 18372.5155  149  338 19805.9500 17029.4527  14.0%   200 2421s
 25604 17025 18557.6845  186  290 19805.9500 17029.4527  14.0%   200 2438s
H25716 16968                    19793.590000 17029.4527  14.0%   200 2439s
 25835 16968 19619.0552  194  186 19793.5900 17029.4527  14.0%   200 2440s
 25855 17141 18659.7785  242  277 19793.5900 17029.4527  14.0%   200 2457s
 26028 17369 18963.9421  300  185 19793.5900 17036.8155  13.9%   200 2478s
 26316 17439 17414.5635   33  524 19793.5900 17036.8490  13.9%   200 2493s
 26386 17792 17917.3259   73  370 19793.5900 17038.8677  13.9%   201 2512s
 26687 17792 19375.6858  187  116 19793.5900 17039.2066  13.9%   200 2515s
 26762 17872 17222.5812   26  441 19793.5900 17039.2066  13.9%   199 2529s
 26842 18007 18563.2591   75  309 19793.5900 17041.5856  13.9%   200 2546s
H26900 17978                    19788.590000 17041.5856  13.9%   200 2546s
 26993 18052 17348.8542   18  709 19788.5900 17041.5856  13.9%   200 2562s
 27087 18153 17887.1803   49  505 19788.5900 17041.5856  13.9%   200 2578s
 27206 18384 18503.7896  105  431 19788.5900 17044.4544  13.9%   200 2596s
 27449 18434 17201.6465   45  363 19788.5900 17044.4544  13.9%   200 2613s
 27499 18497 18591.7443   69  328 19788.5900 17045.7760  13.9%   200 2629s
 27574 18804 17773.7222   40  392 19788.5900 17046.0433  13.9%   201 2650s
 27913 18837 17130.3661   24  614 19788.5900 17046.1241  13.9%   200 2666s
 27946 19002 17712.0080   42  422 19788.5900 17046.1241  13.9%   201 2682s
 28134 19107 19416.4149  115  115 19788.5900 17046.5948  13.9%   201 2700s
 28263 19241 18063.3190   71  320 19788.5900 17047.5093  13.9%   202 2717s
 28439 19312 17374.7485   31  411 19788.5900 17048.0760  13.8%   202 2733s
 28510 19474 17776.6733   45  298 19788.5900 17048.0760  13.8%   202 2750s
 28672 19704 18215.6846   77  158 19788.5900 17048.0760  13.8%   203 2771s
 28928 19870 18432.6930  112  172 19788.5900 17048.0760  13.8%   202 2790s
 29119 19962     cutoff  191      19788.5900 17049.7348  13.8%   203 2809s
 29253 20037 17525.5695   42  489 19788.5900 17049.7348  13.8%   203 2826s
 29340 20103 18720.3382   78  302 19788.5900 17050.2870  13.8%   204 2843s
 29420 20199 17571.8543   42  449 19788.5900 17050.2870  13.8%   204 2858s
 29516 20474 18254.0598  110  280 19788.5900 17050.9855  13.8%   205 2878s
 29741 20474 19492.8116  335  176 19788.5900 17050.9855  13.8%   204 2880s
 29817 20485 17366.2952   24  404 19788.5900 17050.9855  13.8%   204 2899s
 29828 20588 17486.9479   30  480 19788.5900 17050.9855  13.8%   204 2915s
 29931 20697 19531.3392   87  235 19788.5900 17051.0033  13.8%   205 2932s
 30052 20741 17551.2347   43  442 19788.5900 17051.0033  13.8%   206 2953s
H30080 19731                    19645.080000 17051.0033  13.2%   206 2953s
 30118 19806 18261.3545   71  418 19645.0800 17051.0033  13.2%   206 2968s
 30193 19911 19219.8112  125  303 19645.0800 17052.1271  13.2%   207 2987s
 30328 19944 17434.8866   28  493 19645.0800 17052.5728  13.2%   207 3004s
 30361 20013 17702.7130   34  380 19645.0800 17052.5728  13.2%   209 3020s
 30430 20130 18172.4673   49  221 19645.0800 17052.5728  13.2%   209 3040s
 30571 20178 17485.8264   31  585 19645.0800 17052.5728  13.2%   210 3056s
 30641 20440 18298.8082   63  361 19645.0800 17053.0089  13.2%   211 3077s
 30917 20507 17284.6019   28  514 19645.0800 17053.0089  13.2%   210 3095s
H30939 20364                    19626.260000 17053.0089  13.1%   211 3095s
 30994 20535 18012.9634   50  482 19626.2600 17053.0089  13.1%   211 3111s
 31185 20618 19176.6123  129  194 19626.2600 17055.5066  13.1%   211 3128s
 31291 20684 17477.9733   37  562 19626.2600 17055.5066  13.1%   212 3143s
 31373 20792 18155.6170   70  433 19626.2600 17056.6573  13.1%   212 3162s
 31525 20914 17285.1985   21  599 19626.2600 17057.2030  13.1%   213 3179s
 31592 20914 18719.7633   95  277 19626.2600 17057.2030  13.1%   213 3180s
 31671 21046 18008.0278   49  383 19626.2600 17060.0442  13.1%   213 3199s
 31728 21046 19165.7248  106  243 19626.2600 17060.0442  13.1%   213 3200s
 31811 21140 17184.5553   22  431 19626.2600 17060.0442  13.1%   213 3216s
 31919 21314 17708.1090   48  429 19626.2600 17060.0442  13.1%   214 3233s
 32093 21496 18992.3942  154  244 19626.2600 17062.0779  13.1%   214 3250s
 32310 21785 17791.0461   60  343 19626.2600 17064.3600  13.1%   214 3270s
 32623 21855 17245.2859   26  652 19626.2600 17064.3600  13.1%   213 3288s
 32693 22060 17749.5377   52  601 19626.2600 17064.3600  13.1%   214 3307s
 32908 22281 18188.0465   90  452 19626.2600 17064.3600  13.1%   213 3326s
 33129 22362 19349.4836  285  274 19626.2600 17067.2635  13.0%   213 3344s
 33233 22478 18647.6667   63  338 19626.2600 17067.2635  13.0%   213 3361s
 33391 22612 17717.3047   56  429 19626.2600 17067.7851  13.0%   214 3380s
 33537 22673 19216.0370  112  291 19626.2600 17070.4715  13.0%   214 3399s
 33620 22838 17652.0017   34  366 19626.2600 17071.1272  13.0%   214 3418s
 33818 22979 17144.4681   26  519 19626.2600 17071.1272  13.0%   214 3436s
 33959 23084 17553.3294   58  544 19626.2600 17071.1272  13.0%   214 3454s
 34092 23280 18345.4730  106  448 19626.2600 17071.3762  13.0%   215 3472s
 34299 23400 17760.9281   56  367 19626.2600 17071.7885  13.0%   214 3491s
 34460 23489 17343.5509   43  403 19626.2600 17072.5594  13.0%   215 3508s
 34549 23940 17945.7316   73  281 19626.2600 17075.2765  13.0%   215 3531s
 35040 24226 17306.2473   28  528 19626.2600 17075.2765  13.0%   213 3553s
 35355 24226 17499.1397   44  434 19626.2600 17075.2765  13.0%   213 3555s
 35360 24517 18411.6633   73  347 19626.2600 17078.4891  13.0%   213 3573s
 35584 24517 19530.4878  297   72 19626.2600 17078.4891  13.0%   212 3575s
 35676 24599 17504.3712   46  402 19626.2600 17078.5051  13.0%   212 3592s
 35758 24725 18806.6201   89  359 19626.2600 17078.5051  13.0%   212 3600s

Cutting planes:
  User: 7997
  Gomory: 81
  Cover: 714
  Implied bound: 414
  Projected implied bound: 24
  Clique: 60
  MIR: 450
  StrongCG: 1
  Flow cover: 747
  GUB cover: 3
  Zero half: 60
  Network: 11
  RLT: 578
  Relax-and-lift: 38
  Lazy constraints: 672

Explored 35884 nodes (7649565 simplex iterations) in 3600.92 seconds
Thread count was 2 (of 32 available processors)

Solution count 10: 19626.3 19645.1 19788.6 ... 20199

Time limit reached
Best objective 1.962626000000e+04, best bound 1.707850512721e+04, gap 12.9814%

User-callback calls 600756, time in user-callback 201.14 sec
================================================================================
executing instance: ./input/Instances/Original/6/absH6high_1n20.dat
--------------------------------------------------------------------------------
Instance details
n	21
H	6
C	1651
Li:
[0, 0, 0, 0, 0, 0, 0, 0, 0, 0, 0, 0, 0, 0, 0, 0, 0, 0, 0, 0, 0, ]
Ui:
[0, 36, 182, 182, 90, 261, 117, 30, 110, 42, 276, 153, 40, 94, 144, 46, 129, 213, 264, 160, 174, ]
Distance matrix:
|0	371	401	343	361	341	370	115	392	400	79	266	292	245	355	431	265	194	95	92	348	|
|371	0	37	141	110	250	117	438	67	131	372	305	115	238	247	255	235	296	392	430	185	|
|401	37	0	175	100	284	146	472	90	156	406	342	152	275	280	282	242	333	415	455	178	|
|343	141	175	0	239	110	38	374	95	60	314	182	67	130	106	127	318	201	397	423	303	|
|361	110	100	239	0	341	222	451	177	240	385	374	190	304	341	361	151	345	354	398	78	|
|341	250	284	110	341	0	143	337	203	151	289	102	152	97	15	95	394	156	415	431	398	|
|370	117	146	38	222	143	0	407	61	30	346	220	81	167	137	139	317	237	417	447	292	|
|115	438	472	374	451	337	407	0	443	434	66	241	339	251	351	431	374	181	201	177	450	|
|392	67	90	95	177	203	61	443	0	66	379	275	104	216	197	193	294	283	427	461	252	|
|400	131	156	60	240	151	30	434	66	0	374	237	112	189	142	127	344	261	448	477	312	|
|79	372	406	314	385	289	346	66	379	374	0	202	275	197	304	383	316	134	175	166	388	|
|266	305	342	182	374	102	220	241	275	237	202	0	191	70	117	196	386	73	352	359	415	|
|292	115	152	67	190	152	81	339	104	112	275	191	0	123	154	193	252	183	336	366	246	|
|245	238	275	130	304	97	167	251	216	189	197	70	123	0	110	187	322	72	319	334	346	|
|355	247	280	106	341	15	137	351	197	142	304	117	154	110	0	80	399	171	427	444	400	|
|431	255	282	127	361	95	139	431	193	127	383	196	193	187	80	0	444	251	499	519	429	|
|265	235	242	318	151	394	317	374	294	344	316	386	252	322	399	444	0	332	226	273	97	|
|194	296	333	201	345	156	237	181	283	261	134	73	183	72	171	251	332	0	279	286	375	|
|95	392	415	397	354	415	417	201	427	448	175	352	336	319	427	499	226	279	0	47	321	|
|92	430	455	423	398	431	447	177	461	477	166	359	366	334	444	519	273	286	47	0	368	|
|348	185	178	303	78	398	292	450	252	312	388	415	246	346	400	429	97	375	321	368	0	|

--------------------------------------------------------------------------------
Building model...
	using lazy and cut (CVRPSEP package)
Solving IRP LP...
--------------------------------------------------------------------------------

Gurobi 9.1.0 (linux64) logging started Wed Feb 17 08:46:02 2021

Gurobi Optimizer version 9.1.0 build v9.1.0rc0 (linux64)
Thread count: 32 physical cores, 32 logical processors, using up to 2 threads
Optimize a model with 2019 rows, 6171 columns and 23883 nonzeros
Model fingerprint: 0xb31c37fb
Variable types: 627 continuous, 5544 integer (504 binary)
Coefficient statistics:
  Matrix range     [1e+00, 4e+02]
  Objective range  [1e-01, 5e+02]
  Bounds range     [1e+00, 3e+02]
  RHS range        [1e+00, 3e+03]
Presolve removed 602 rows and 96 columns
Presolve time: 0.13s
Presolved: 1417 rows, 6075 columns, 18643 nonzeros
Variable types: 505 continuous, 5570 integer (5075 binary)

Root relaxation: objective 1.358821e+04, 1912 iterations, 0.07 seconds

    Nodes    |    Current Node    |     Objective Bounds      |     Work
 Expl Unexpl |  Obj  Depth IntInf | Incumbent    BestBd   Gap | It/Node Time

     0     0 13588.2095    0  212          - 13588.2095      -     -    0s
     0     0 13791.5442    0  199          - 13791.5442      -     -    0s
     0     0 13801.1224    0  188          - 13801.1224      -     -    0s
     0     0 13802.9807    0  179          - 13802.9807      -     -    0s
     0     0 13806.9089    0  175          - 13806.9089      -     -    0s
     0     0 13968.0138    0  277          - 13968.0138      -     -    1s
     0     0 14068.9398    0  323          - 14068.9398      -     -    1s
     0     0 14092.3495    0  311          - 14092.3495      -     -    1s
     0     0 14092.9970    0  310          - 14092.9970      -     -    1s
     0     0 14093.0821    0  328          - 14093.0821      -     -    1s
     0     0 14377.1877    0  393          - 14377.1877      -     -    1s
     0     0 14385.4558    0  365          - 14385.4558      -     -    2s
     0     0 14388.4304    0  392          - 14388.4304      -     -    2s
     0     0 14391.0713    0  394          - 14391.0713      -     -    2s
     0     0 14391.0908    0  392          - 14391.0908      -     -    2s
     0     0 14496.4943    0  407          - 14496.4943      -     -    2s
     0     0 14515.6309    0  374          - 14515.6309      -     -    2s
     0     0 14522.0647    0  414          - 14522.0647      -     -    2s
     0     0 14522.1839    0  455          - 14522.1839      -     -    2s
     0     0 14585.0800    0  389          - 14585.0800      -     -    3s
     0     0 14589.0171    0  435          - 14589.0171      -     -    3s
     0     0 14589.5504    0  460          - 14589.5504      -     -    3s
     0     0 14600.4694    0  430          - 14600.4694      -     -    3s
     0     0 14607.1535    0  436          - 14607.1535      -     -    3s
     0     0 14610.2068    0  451          - 14610.2068      -     -    3s
     0     0 14628.6538    0  439          - 14628.6538      -     -    4s
     0     0 14641.3065    0  478          - 14641.3065      -     -    4s
     0     0 14650.0454    0  508          - 14650.0454      -     -    4s
     0     0 14651.2889    0  479          - 14651.2889      -     -    4s
     0     0 14682.7685    0  470          - 14682.7685      -     -    5s
     0     0 14707.5617    0  496          - 14707.5617      -     -    5s
     0     0 14718.0804    0  411          - 14718.0804      -     -    5s
     0     0 14725.8242    0  427          - 14725.8242      -     -    5s
     0     0 14727.3192    0  403          - 14727.3192      -     -    5s
     0     0 14727.4108    0  406          - 14727.4108      -     -    5s
     0     0 14731.8552    0  444          - 14731.8552      -     -    6s
     0     0 14731.9916    0  428          - 14731.9916      -     -    6s
     0     0 14733.3292    0  466          - 14733.3292      -     -    6s
     0     0 14733.3292    0  412          - 14733.3292      -     -    6s
     0     2 14733.9808    0  399          - 14733.9808      -     -    7s
    21    24 14816.5126    6  484          - 14759.2574      -   762   10s
    47    50 15050.5337   14  521          - 14759.2574      -   968   15s
   106   118 15206.4293   29  392          - 14759.2574      -   739   20s
   237   268 15561.6874   46  349          - 14759.2574      -   459   25s
