




arguments: ./build/bc_mirp -f ./input/orig_exec_174.cfg
Current dir: /scratch/gui/bc_mirp
File verbosity level: 9
date       time         ( uptime  ) [ thread name/id ]                   file:line     v| 
2021-02-11 09:51:09.809 (   0.050s) [main thread     ]             loguru.cpp:789   INFO| Logging to './output/vi_vc+hc3/OU/V4/Original/execution_11_02_2021_09_51_09.log', mode: 'a', verbosity: 9
--------------------------------------------------------------------------------
Parameters
                           instance_path           ./input/Instances/Original/4/
                            model_policy                                       1
                             nb_vehicles                                       4
                              output_dir      ./output/vi_vc+hc3/OU/V4/Original/
                            sec_strategy                                       1
                       solver_nb_threads                                       2
                         solver_show_log                                    true
                       solver_time_limit                                    3600
                              use_vi_cos                                   false
                              use_vi_cus                                   false
                         use_vi_hc1_full                                   false
                         use_vi_hc1_half                                   false
                      use_vi_hc1_quarter                                   false
                              use_vi_hc2                                   false
                              use_vi_hc3                                    true
                         use_vi_lex_full                                   false
                         use_vi_lex_half                                   false
                      use_vi_lex_quarter                                   false
                              use_vi_qua                                   false
                               use_vi_vc                                    true
                               use_vi_vr                                   false
--------------------------------------------------------------------------------
executing instance: ./input/Instances/Original/4/absH3low_3n30.dat
--------------------------------------------------------------------------------
Instance details
n	31
H	3
C	2841
Li:
[0, 0, 0, 0, 0, 0, 0, 0, 0, 0, 0, 0, 0, 0, 0, 0, 0, 0, 0, 0, 0, 0, 0, 0, 0, 0, 0, 0, 0, 0, 0, ]
Ui:
[0, 246, 98, 54, 144, 171, 192, 180, 165, 98, 122, 198, 297, 144, 130, 129, 219, 138, 142, 150, 108, 66, 64, 285, 180, 204, 276, 168, 240, 198, 122, ]
Distance matrix:
|0	172	56	166	260	198	42	197	296	110	91	112	238	275	323	183	330	232	175	181	162	191	232	280	201	139	356	185	266	216	26	|
|172	0	178	223	320	335	153	355	444	62	231	99	333	376	214	352	176	235	194	106	47	41	353	161	299	175	225	43	326	374	153	|
|56	178	0	110	204	162	93	233	336	125	144	148	187	226	358	180	313	284	123	152	182	185	282	252	256	88	329	177	210	251	42	|
|166	223	110	0	102	150	199	327	431	194	253	237	113	156	431	228	296	386	44	140	248	208	389	218	366	48	287	200	108	344	148	|
|260	320	204	102	0	156	296	391	493	296	340	339	66	90	531	263	362	486	127	226	349	300	469	278	454	148	334	292	6	406	245	|
|198	335	162	150	156	0	239	255	351	286	245	307	93	106	518	111	442	423	194	280	344	335	349	367	352	182	437	327	158	266	199	|
|42	153	93	199	296	239	0	203	296	91	82	76	278	316	284	217	322	191	201	186	133	180	217	281	177	165	356	175	302	222	52	|
|197	355	233	327	391	255	203	0	104	294	125	266	340	361	436	151	524	276	352	377	330	383	109	477	146	319	553	377	395	19	222	|
|296	444	336	431	493	351	296	104	0	384	214	348	440	456	488	241	617	315	456	476	412	475	113	575	176	422	651	470	497	88	322	|
|110	62	125	194	296	286	91	294	384	0	171	55	298	340	238	292	233	210	176	118	58	91	298	201	248	148	273	87	302	313	94	|
|91	231	144	253	340	245	82	125	214	171	0	141	307	339	324	184	403	187	266	266	204	261	140	363	114	230	438	256	346	144	116	|
|112	99	148	237	339	307	76	266	348	55	141	0	332	373	212	292	275	156	225	173	64	137	254	253	200	194	322	135	345	284	108	|
|238	333	187	113	66	93	278	340	440	298	307	332	0	43	536	203	404	469	153	253	354	321	427	322	420	160	385	313	67	353	229	|
|275	376	226	156	90	106	316	361	456	340	339	373	43	0	578	216	443	507	194	295	397	364	453	361	451	203	421	356	88	372	268	|
|323	214	358	431	531	518	284	436	488	238	324	212	536	578	0	498	309	176	407	320	183	245	376	344	312	383	379	251	537	451	319	|
|183	352	180	228	263	111	217	151	241	292	184	292	203	216	498	0	492	371	266	328	345	364	255	426	272	242	501	356	266	159	198	|
|330	176	313	296	362	442	322	524	617	233	403	275	404	443	309	492	0	397	253	164	218	142	529	84	475	260	72	147	367	543	306	|
|232	235	284	386	486	423	191	276	315	210	187	156	469	507	176	371	397	0	379	327	188	276	202	396	139	346	456	277	492	289	242	|
|175	194	123	44	127	194	201	352	456	176	266	225	153	194	407	266	253	379	0	101	225	174	405	174	375	36	244	166	133	370	152	|
|181	106	152	140	226	280	186	377	476	118	266	173	253	295	320	328	164	327	101	0	148	76	403	100	360	98	177	69	232	396	155	|
|162	47	182	248	349	344	133	330	412	58	204	64	354	397	183	345	218	188	225	148	0	89	316	208	259	201	270	90	355	348	149	|
|191	41	185	208	300	335	180	383	475	91	261	137	321	364	245	364	142	276	174	76	89	0	388	119	336	162	185	8	306	402	169	|
|232	353	282	389	469	349	217	109	113	298	140	254	427	453	376	255	529	202	405	403	316	388	0	497	64	369	570	384	474	112	256	|
|280	161	252	218	278	367	281	477	575	201	363	253	322	361	344	426	84	396	174	100	208	119	497	0	449	187	77	119	283	496	255	|
|201	299	256	366	454	352	177	146	176	248	114	200	420	451	312	272	475	139	375	360	259	336	64	449	0	339	521	333	460	156	223	|
|139	175	88	48	148	182	165	319	422	148	230	194	160	203	383	242	260	346	36	98	201	162	369	187	339	0	260	153	154	337	116	|
|356	225	329	287	334	437	356	553	651	273	438	322	385	421	379	501	72	456	244	177	270	185	570	77	521	260	0	187	338	572	331	|
|185	43	177	200	292	327	175	377	470	87	256	135	313	356	251	356	147	277	166	69	90	8	384	119	333	153	187	0	298	396	163	|
|266	326	210	108	6	158	302	395	497	302	346	345	67	88	537	266	367	492	133	232	355	306	474	283	460	154	338	298	0	410	251	|
|216	374	251	344	406	266	222	19	88	313	144	284	353	372	451	159	543	289	370	396	348	402	112	496	156	337	572	396	410	0	241	|
|26	153	42	148	245	199	52	222	322	94	116	108	229	268	319	198	306	242	152	155	149	169	256	255	223	116	331	163	251	241	0	|

--------------------------------------------------------------------------------
Building model...
	using lazy and cut (CVRPSEP package)
Solving IRP LP...
--------------------------------------------------------------------------------

Gurobi 9.1.0 (linux64) logging started Thu Feb 11 09:51:09 2021

Gurobi Optimizer version 9.1.0 build v9.1.0rc0 (linux64)
Thread count: 32 physical cores, 32 logical processors, using up to 2 threads
Optimize a model with 1510 rows, 6436 columns and 24202 nonzeros
Model fingerprint: 0x0a59c6b7
Variable types: 484 continuous, 5952 integer (372 binary)
Coefficient statistics:
  Matrix range     [1e+00, 7e+02]
  Objective range  [1e-02, 7e+02]
  Bounds range     [1e+00, 3e+02]
  RHS range        [1e+00, 5e+03]
Presolve removed 484 rows and 151 columns
Presolve time: 0.10s
Presolved: 1026 rows, 6285 columns, 21122 nonzeros
Variable types: 302 continuous, 5983 integer (5605 binary)

Root relaxation: objective 2.397307e+03, 1086 iterations, 0.04 seconds

    Nodes    |    Current Node    |     Objective Bounds      |     Work
 Expl Unexpl |  Obj  Depth IntInf | Incumbent    BestBd   Gap | It/Node Time

     0     0 2397.30671    0   96          - 2397.30671      -     -    0s
     0     0 2568.55042    0  132          - 2568.55042      -     -    0s
     0     0 2568.55042    0  133          - 2568.55042      -     -    0s
     0     0 3036.48111    0  156          - 3036.48111      -     -    0s
     0     0 3134.20872    0  164          - 3134.20872      -     -    0s
     0     0 3141.85688    0  153          - 3141.85688      -     -    0s
     0     0 3142.30148    0  164          - 3142.30148      -     -    0s
     0     0 3153.06070    0  187          - 3153.06070      -     -    0s
     0     0 3190.62407    0  178          - 3190.62407      -     -    0s
     0     0 3191.88021    0  198          - 3191.88021      -     -    0s
     0     0 3193.63989    0  190          - 3193.63989      -     -    1s
     0     0 3193.63989    0  180          - 3193.63989      -     -    1s
     0     0 3318.08461    0  198          - 3318.08461      -     -    1s
     0     0 3372.65304    0  193          - 3372.65304      -     -    1s
     0     0 3414.85035    0  183          - 3414.85035      -     -    1s
     0     0 3424.65255    0  245          - 3424.65255      -     -    1s
     0     0 3426.48390    0  219          - 3426.48390      -     -    1s
     0     0 3426.48390    0  214          - 3426.48390      -     -    1s
     0     0 3491.07213    0  211          - 3491.07213      -     -    2s
     0     0 3545.92616    0  258          - 3545.92616      -     -    2s
     0     0 3555.65531    0  259          - 3555.65531      -     -    2s
     0     0 3559.44446    0  236          - 3559.44446      -     -    2s
     0     0 3559.57283    0  283          - 3559.57283      -     -    2s
     0     0 3569.51851    0  311          - 3569.51851      -     -    2s
     0     0 3571.86338    0  308          - 3571.86338      -     -    2s
     0     0 3572.15090    0  355          - 3572.15090      -     -    2s
     0     0 3579.99640    0  279          - 3579.99640      -     -    3s
     0     0 3580.33355    0  291          - 3580.33355      -     -    3s
     0     0 3583.24185    0  320          - 3583.24185      -     -    3s
     0     0 3583.24185    0  320          - 3583.24185      -     -    3s
     0     2 3585.35514    0  297          - 3585.35514      -     -    4s
    15    19 3606.21444    5  287          - 3592.46907      -   237    5s
   226   266 4978.62161   77   42          - 3592.46907      -   170   10s
*  474   468             158    6625.8000000 3601.46859  45.6%   101   12s
*  477   465             156    6508.6200000 3601.46859  44.7%   100   12s
   518   489 3834.38189    8  336 6508.62000 3605.58398  44.6%   123   15s
   546   518 3946.79706   11  278 6508.62000 3605.58398  44.6%   158   20s
   582   554 4201.50512   19  249 6508.62000 3605.58398  44.6%   183   25s
   625   602 4354.09045   29  246 6508.62000 3605.58398  44.6%   203   30s
   672   650 4554.71111   43  168 6508.62000 3605.58398  44.6%   207   36s
   732   701 4624.03769   58  320 6508.62000 3605.58398  44.6%   208   41s
   747   711 4241.61618   22  457 6508.62000 3728.66089  42.7%   204   45s
H  756   680                    5794.5800000 3740.96829  35.4%   201   47s
   766   687 4277.85022   23  403 5794.58000 3746.50548  35.3%   199   50s
H  770   654                    5189.0400000 3747.38796  27.8%   198   52s
   780   663 4354.68106   33  312 5189.04000 3748.40234  27.8%   210   55s
   799   675 5189.04000  127  442 5189.04000 3749.80694  27.7%   205   60s
   803   681 3752.46336   20  584 5189.04000 3752.46336  27.7%   217   65s
   811   686 4008.88385   22  348 5189.04000 3754.52120  27.6%   220   70s
   830   699 3770.46310   26  482 5189.04000 3769.74763  27.4%   230   76s
   884   740 3937.07068   36  278 5189.04000 3814.16807  26.5%   237   80s
   975   797 3912.63493   52  291 5189.04000 3814.16807  26.5%   239   85s
  1032   859 4017.14414   63  196 5189.04000 3814.16807  26.5%   235   90s
  1246  1015 4227.10537   94  269 5189.04000 3814.16807  26.5%   215   95s
  1537  1188 4654.91029  144  196 5189.04000 3814.16807  26.5%   193  100s
H 1815  1180                    5030.7600000 3814.16807  24.2%   175  104s
  1896  1148 4916.17519  204  178 5030.76000 3828.41630  23.9%   170  106s
H 1975  1123                    5028.4800000 3829.05547  23.9%   171  109s
  2001  1157 4061.52302   40  224 5028.48000 3829.05547  23.9%   172  111s
  2176  1324 4217.79299  119  228 5028.48000 3829.05547  23.9%   168  115s
  2407  1479 4711.93102  238  163 5028.48000 3829.05547  23.9%   160  120s
  2683  1613 4246.50091   36  221 5028.48000 3831.80557  23.8%   154  126s
  2902  1824 4391.56963   84   87 5028.48000 3831.80557  23.8%   148  133s
  3016  1941 4511.97767  133   91 5028.48000 3831.93741  23.8%   144  135s
  3234  2108 4564.18532   61  154 5028.48000 3836.40622  23.7%   139  140s
  3470  2201 4080.87238   32  253 5028.48000 3843.09267  23.6%   138  146s
  3607  2386 4339.58788   45  188 5028.48000 3843.09267  23.6%   138  151s
  3820  2492 4028.48998   24  287 5028.48000 3843.09267  23.6%   135  155s
  3868  2545 4212.90736   30  253 5028.48000 3852.13252  23.4%   137  160s
  3980  2661 4786.98745   77  184 5028.48000 3858.46957  23.3%   138  165s
  4102  2798 4662.14505   55  212 5028.48000 3858.96042  23.3%   139  170s
  4279  2978 4492.27772   61  154 5028.48000 3866.93289  23.1%   138  176s
  4442  3202 4343.09198   56  205 5028.48000 3867.89704  23.1%   135  181s
  4689  3278 3952.05040   28  295 5028.48000 3871.92494  23.0%   131  185s
  4765  3548 4214.94836   46   99 5028.48000 3871.92494  23.0%   132  199s
  5069  3633     cutoff  161      5028.48000 3872.15938  23.0%   127  204s
  5168  3685 4234.17326   35  224 5028.48000 3872.49223  23.0%   127  207s
  5243  3745 4270.42987   51  229 5028.48000 3878.93628  22.9%   128  211s
  5321  3772 4930.01154   69  141 5028.48000 3887.22676  22.7%   128  215s
  5378  3855 4396.07287   48  174 5028.48000 3887.22676  22.7%   129  220s
  5602  3988 4013.90424   35  399 5028.48000 3892.49737  22.6%   128  229s
  5651  4127 4413.23608   46  295 5028.48000 3894.49707  22.6%   128  233s
  5798  4210     cutoff  109      5028.48000 3896.29600  22.5%   128  238s
  5917  4271 4501.83473   44  191 5028.48000 3898.01642  22.5%   128  243s
  5984  4360 4206.77022   36  321 5028.48000 3898.96016  22.5%   129  247s
  6111  4418 4117.21616   33  425 5028.48000 3899.21415  22.5%   129  252s
  6169  4507 4278.36026   40  393 5028.48000 3899.21415  22.5%   130  258s
  6276  4613 4350.28947   49  361 5028.48000 3899.21415  22.5%   131  263s
  6447  4727 4754.67769   65  191 5028.48000 3905.02335  22.3%   130  268s
  6587  4833 4349.53334   34  220 5028.48000 3908.86591  22.3%   130  274s
  6713  4922 4185.01790   32  305 5028.48000 3911.18293  22.2%   130  278s
  6828  5023 4138.44672   38  316 5028.48000 3913.43744  22.2%   130  283s
  6933  5066     cutoff   89      5028.48000 3915.16151  22.1%   130  288s
  6994  5128 4766.19733   55  275 5028.48000 3915.98242  22.1%   131  293s
  7068  5184 4378.85670   56  407 5028.48000 3920.74437  22.0%   132  298s
  7152  5330 4175.95747   28  187 5028.48000 3924.99392  21.9%   133  304s
H 7261  4674                    4895.8000000 3925.88834  19.8%   132  304s
  7339  4674 4880.64000   75    - 4895.80000 3925.88834  19.8%   132  305s
  7344  4749 4078.07166   37  324 4895.80000 3928.24122  19.8%   132  311s
  7453  4828 4493.63413   35  182 4895.80000 3930.70958  19.7%   133  317s
  7544  4922 4271.30487   38  294 4895.80000 3930.94488  19.7%   134  324s
  7749  5076 4407.86222   36  181 4895.80000 3932.23644  19.7%   133  331s
  7931  5122 4490.55143   47  284 4895.80000 3937.39463  19.6%   133  338s
  7997  5186 4247.61964   28  209 4895.80000 3937.39933  19.6%   134  344s
  8086  5254 4507.03165   34  141 4895.80000 3939.35171  19.5%   135  351s
H 8190  4283                    4778.4100000 3940.66024  17.5%   135  358s
  8275  4310 4395.39996   38  323 4778.41000 3945.77689  17.4%   136  364s
  8351  4359     cutoff   47      4778.41000 3946.08097  17.4%   137  371s
  8414  4448 4537.28431   52  247 4778.41000 3947.13122  17.4%   138  380s
  8603  4509 4315.23753   35  324 4778.41000 3947.21190  17.4%   138  387s
  8694  4568 4518.23800   54  294 4778.41000 3948.53114  17.4%   139  394s
  8790  4681 4602.55014   59  227 4778.41000 3952.06950  17.3%   140  401s
  8955  4746 4707.09000   51    - 4778.41000 3958.26175  17.2%   140  409s
  9029  4865 4681.03688   49  120 4778.41000 3958.81584  17.2%   141  416s
  9182  4934 4646.29083   59  140 4778.41000 3963.64968  17.1%   141  424s
  9266  5084 4497.37543   47  141 4778.41000 3972.85088  16.9%   142  431s
  9445  5135 4751.68188   70  139 4778.41000 3977.13191  16.8%   141  439s
  9540  5196 4135.54283   29  341 4778.41000 3977.72342  16.8%   142  446s
  9639  5329 4483.17530   43  176 4778.41000 3979.65531  16.7%   143  453s
  9805  5375 4439.94742   37  225 4778.41000 3986.62741  16.6%   143  461s
  9875  5402 4757.75469   66  223 4778.41000 3987.09043  16.6%   144  474s
  9948  5454 4249.29424   26  291 4778.41000 3993.60273  16.4%   145  482s
H 9974  4470                    4688.4100000 3993.60273  14.8%   145  482s
 10017  4503 4118.16223   25  354 4688.41000 3993.98590  14.8%   146  490s
 10083  4534     cutoff   47      4688.41000 3994.82639  14.8%   147  498s
 10128  4565 4534.50117   41  272 4688.41000 3995.13237  14.8%   148  506s
 10202  4599 4655.28026   30  157 4688.41000 3995.42066  14.8%   149  514s
 10267  4661 4214.20196   35  377 4688.41000 3997.50447  14.7%   150  522s
 10349  4765 4512.00618   43  169 4688.41000 3998.47963  14.7%   151  530s
H10373  4758                    4687.8000000 3998.47963  14.7%   151  530s
 10497  4862 4225.86646   54  262 4687.80000 4001.09195  14.6%   151  538s
 10659  4935 infeasible   59      4687.80000 4002.44811  14.6%   152  547s
 10782  4982 4305.58899   54  300 4687.80000 4004.33226  14.6%   152  559s
 10868  5027 4069.07148   29  459 4687.80000 4010.10466  14.5%   153  568s
 10940  5102 4303.74155   28  124 4687.80000 4011.13527  14.4%   154  577s
 11041  5199 4200.55229   30  176 4687.80000 4012.32077  14.4%   155  586s
 11161  5291     cutoff   68      4687.80000 4013.94453  14.4%   156  595s
 11318  5354 4351.10494   40  319 4687.80000 4015.75053  14.3%   156  604s
 11418  5415 4407.34947   35  142 4687.80000 4016.71358  14.3%   157  613s
 11507  5471     cutoff   59      4687.80000 4017.92568  14.3%   158  622s
 11603  5529 4481.43168   58  245 4687.80000 4018.75892  14.3%   159  630s
 11695  5570 4492.90274   32  160 4687.80000 4020.44541  14.2%   160  639s
 11733  5570 4306.34053   35  473 4687.80000 4020.60867  14.2%   160  640s
 11760  5640 4598.41316   49  231 4687.80000 4020.76883  14.2%   161  648s
 11862  5690 4277.52882   39  317 4687.80000 4023.32187  14.2%   161  657s
 11957  5745 4680.60633   36  199 4687.80000 4026.25811  14.1%   162  667s
 12059  5829 4531.03525   41  143 4687.80000 4026.68315  14.1%   163  676s
 12205  5843     cutoff   44      4687.80000 4028.50895  14.1%   163  687s
H12206  5279                    4638.8000000 4028.50895  13.2%   163  687s
 12234  5330 4308.37408   31  107 4638.80000 4030.31501  13.1%   163  696s
 12319  5376 4584.88483   49  211 4638.80000 4032.26251  13.1%   164  705s
 12381  5413 4398.88914   36  365 4638.80000 4034.39987  13.0%   165  715s
 12468  5451 4298.20310   49  347 4638.80000 4036.05725  13.0%   167  725s
 12548  5509 4273.91037   33  410 4638.80000 4037.85661  13.0%   168  734s
 12586  5509 4571.98549   36  243 4638.80000 4037.94700  13.0%   168  735s
 12650  5544 4582.40858   50  302 4638.80000 4038.75140  12.9%   168  744s
 12736  5611 4343.82329   36  174 4638.80000 4039.87558  12.9%   170  758s
 12846  5659 4259.22772   31  389 4638.80000 4042.99504  12.8%   170  769s
 12953  5733 4385.46860   43  327 4638.80000 4045.16250  12.8%   171  778s
 13059  5789 4625.01222   45  277 4638.80000 4046.32719  12.8%   172  789s
 13162  5896     cutoff   36      4638.80000 4049.30686  12.7%   173  799s
 13316  5896 4168.18701   27  166 4638.80000 4053.18428  12.6%   173  800s
 13317  5956     cutoff   51      4638.80000 4055.74657  12.6%   173  809s
 13427  6005 4284.27209   41  313 4638.80000 4058.90227  12.5%   174  819s
 13524  6054 4237.00958   32  165 4638.80000 4058.96783  12.5%   175  830s
 13619  6120     cutoff   42      4638.80000 4061.01921  12.5%   176  840s
 13775  6176     cutoff   71      4638.80000 4063.53307  12.4%   177  850s
 13869  6256 4235.03443   29  216 4638.80000 4065.15776  12.4%   177  861s
 14003  6338 4513.24975   37  263 4638.80000 4066.92237  12.3%   178  872s
 14152  6392 4299.65381   39  308 4638.80000 4068.79162  12.3%   178  884s
 14282  6480 4244.66994   31  515 4638.80000 4071.80387  12.2%   179  895s
 14390  6523 4604.77496   58  247 4638.80000 4072.70849  12.2%   179  907s
 14511  6563 4353.05039   28  153 4638.80000 4075.79117  12.1%   180  917s
 14601  6618 4305.77362   32  274 4638.80000 4078.29797  12.1%   181  928s
 14699  6686     cutoff   45      4638.80000 4079.65340  12.1%   182  943s
 14811  6775 4344.51066   37  200 4638.80000 4079.77253  12.1%   182  954s
 14958  6843 4623.21387   43  304 4638.80000 4081.50307  12.0%   182  965s
 15082  6888 4586.28379   79  240 4638.80000 4083.69301  12.0%   183  977s
 15187  6949 4168.76459   28  264 4638.80000 4084.93728  11.9%   184  988s
 15284  6992 4519.58168   35  267 4638.80000 4085.91135  11.9%   185  999s
 15409  7109 4523.37577   32  131 4638.80000 4087.75944  11.9%   185 1010s
 15578  7199 4261.68238   27  159 4638.80000 4088.87116  11.9%   186 1022s
 15729  7282 4440.35972   45  116 4638.80000 4089.01844  11.9%   186 1034s
 15891  7332 4427.42642   40  360 4638.80000 4090.81120  11.8%   186 1046s
 15973  7388     cutoff   44      4638.80000 4092.88824  11.8%   187 1057s
 16088  7464 4353.97203   44  123 4638.80000 4094.04718  11.7%   188 1068s
 16218  7539     cutoff   31      4638.80000 4096.06226  11.7%   188 1080s
 16389  7613 4548.93714   58  322 4638.80000 4098.41314  11.6%   189 1092s
 16513  7698 4344.84216   39  292 4638.80000 4100.16827  11.6%   189 1104s
 16646  7752 4476.23424   40  157 4638.80000 4101.75496  11.6%   190 1118s
 16779  7816 4247.50407   26  508 4638.80000 4102.26885  11.6%   190 1130s
 16871  7905 4625.76503   42  310 4638.80000 4102.90340  11.6%   190 1141s
 17015  7986     cutoff   46      4638.80000 4105.34631  11.5%   191 1153s
 17132  8079 4435.04495   42  385 4638.80000 4106.14989  11.5%   191 1166s
 17283  8162 4380.16376   35  197 4638.80000 4108.22904  11.4%   192 1179s
 17427  8235 4305.60577   29  560 4638.80000 4111.22013  11.4%   192 1191s
 17545  8297 4392.76194   41  257 4638.80000 4113.27866  11.3%   193 1203s
 17656  8330 4521.18074   36  270 4638.80000 4115.60691  11.3%   193 1220s
 17733  8398 4496.43327   40  187 4638.80000 4116.99255  11.2%   194 1232s
 17851  8454 4397.86853   30  434 4638.80000 4118.35545  11.2%   194 1244s
 17964  8496 4635.54472   37  270 4638.80000 4119.23338  11.2%   195 1255s
 18070  8533 4628.43297   43  205 4638.80000 4120.04600  11.2%   196 1267s
 18200  8586 4314.85261   33  192 4638.80000 4121.19276  11.2%   196 1279s
 18314  8633 4475.94071   28  148 4638.80000 4122.88251  11.1%   197 1291s
 18447  8714 4517.98525   43  296 4638.80000 4124.11068  11.1%   197 1303s
 18590  8766 4355.83897   31  309 4638.80000 4125.18479  11.1%   197 1315s
 18722  8838     cutoff   62      4638.80000 4127.48395  11.0%   198 1328s
 18853  8891 4373.12615   38  316 4638.80000 4128.94169  11.0%   198 1340s
 18945  8952 4348.48085   39  275 4638.80000 4130.38537  11.0%   199 1352s
 19118  9017 4601.89779   59  192 4638.80000 4131.47546  10.9%   199 1364s
H19235  8910                    4626.7999990 4132.22968  10.7%   200 1376s
 19357  8941     cutoff   40      4626.80000 4133.58223  10.7%   200 1388s
 19468  8987 4530.45766   30  224 4626.80000 4134.86456  10.6%   201 1400s
 19567  9031 4530.27631   35  217 4626.80000 4136.90700  10.6%   202 1414s
 19680  9103 4612.41314   42  233 4626.80000 4137.81597  10.6%   202 1426s
 19813  9169 4531.89146   41  310 4626.80000 4139.41918  10.5%   202 1439s
 19882  9169 4517.74535   42  464 4626.80000 4141.63687  10.5%   203 1440s
 19978  9215 4354.26364   28  164 4626.80000 4141.82353  10.5%   203 1452s
 20099  9252 4470.12187   94  265 4626.80000 4143.60987  10.4%   203 1464s
 20161  9252 4355.20384   48  244 4626.80000 4143.98952  10.4%   203 1465s
 20218  9309     cutoff   43      4626.80000 4144.02741  10.4%   204 1478s
 20357  9408 4430.50404   39  252 4626.80000 4144.48035  10.4%   204 1492s
 20520  9479 4538.16798   48  322 4626.80000 4146.25237  10.4%   204 1505s
 20652  9509 4522.59785   45  322 4626.80000 4148.00187  10.3%   204 1519s
 20726  9544 4529.14938   49  244 4626.80000 4149.33890  10.3%   205 1532s
 20829  9580     cutoff   50      4626.80000 4149.36826  10.3%   205 1545s
 20920  9634 4483.61227   37  198 4626.80000 4149.47504  10.3%   206 1557s
 21022  9685 4506.07581   42  214 4626.80000 4150.18788  10.3%   206 1570s
 21167  9735 4599.16856   47  122 4626.80000 4150.81702  10.3%   207 1583s
 21322  9802 4316.59344   39  172 4626.80000 4152.56014  10.2%   207 1597s
 21472  9867 4368.73552   32  226 4626.80000 4154.44540  10.2%   208 1610s
 21623  9917 4523.75509   47  292 4626.80000 4157.31600  10.1%   208 1624s
 21723  9959 4514.17145   41  253 4626.80000 4157.47151  10.1%   208 1637s
 21821 10005 4497.58118   50  246 4626.80000 4157.65888  10.1%   209 1652s
 21955 10084 4414.34109   41  205 4626.80000 4158.11086  10.1%   209 1667s
 22103 10157 4446.80287   54  236 4626.80000 4158.96342  10.1%   209 1680s
 22260 10292 4326.88757   25  143 4626.80000 4161.63631  10.1%   210 1695s
 22452 10378 4413.53376   35  131 4626.80000 4162.79456  10.0%   210 1708s
 22631 10453 4590.66695   48   98 4626.80000 4163.45047  10.0%   210 1721s
 22824 10557     cutoff   33      4626.80000 4166.02366  10.0%   210 1735s
 22999 10640     cutoff   39      4626.80000 4166.77004  9.94%   210 1749s
 23085 10640 4379.17926   31  118 4626.80000 4167.61439  9.92%   210 1750s
 23192 10686 4533.18910   56  237 4626.80000 4167.73687  9.92%   210 1763s
 23316 10749     cutoff   60      4626.80000 4168.45374  9.91%   210 1779s
 23489 10819 4555.12053   39  255 4626.80000 4169.37399  9.89%   210 1794s
 23638 10869 4535.00620   60  135 4626.80000 4170.67503  9.86%   211 1807s
 23789 10920 4564.17075   35  137 4626.80000 4171.34933  9.84%   211 1821s
 23932 11019 4268.22989   33  216 4626.80000 4173.20376  9.80%   211 1837s
 24113 11114     cutoff   38      4626.80000 4173.77389  9.79%   211 1851s
 24270 11158 4571.85308   31  294 4626.80000 4174.83042  9.77%   211 1865s
 24400 11182 4543.65235   44  311 4626.80000 4176.00799  9.74%   212 1885s
 24514 11248     cutoff   40      4626.80000 4176.84474  9.72%   212 1901s
 24644 11304 4499.60465   36  332 4626.80000 4178.58628  9.69%   213 1915s
 24776 11406 4532.79663   33  288 4626.80000 4179.45578  9.67%   213 1929s
 24934 11496 4372.95077   37  330 4626.80000 4180.82043  9.64%   213 1944s
 25103 11596 4211.85713   54  177 4626.80000 4180.95475  9.64%   213 1960s
 25277 11654 4380.45356   36  373 4626.80000 4181.38166  9.63%   213 1974s
 25426 11685     cutoff   58      4626.80000 4184.21795  9.57%   213 1988s
 25545 11709 4332.41820   39  277 4626.80000 4185.17186  9.55%   214 2109s
 25591 11760 4528.12375   42  321 4626.80000 4185.48940  9.54%   214 2124s
 25693 11794     cutoff   45      4626.80000 4185.91215  9.53%   215 2140s
 25845 11922 4429.04884   31  194 4626.80000 4186.82978  9.51%   215 2157s
 26059 11983 4530.59641   45  284 4626.80000 4188.20613  9.48%   215 2173s
 26223 12025 4595.77283   41  341 4626.80000 4189.84765  9.44%   215 2188s
 26355 12069 4487.89885   40  317 4626.80000 4190.46156  9.43%   215 2203s
 26467 12166 4466.77385   40  207 4626.80000 4191.06485  9.42%   216 2219s
 26636 12294 4295.90970   37  335 4626.80000 4192.21983  9.39%   216 2236s
 26832 12362 4348.80033   37  257 4626.80000 4192.96931  9.38%   216 2252s
 26966 12413 4609.58867   50  250 4626.80000 4193.71794  9.36%   217 2267s
 27110 12540 4538.68490   55  322 4626.80000 4195.45556  9.32%   217 2283s
H27267 12540                    4626.7999721 4195.45556  9.32%   217 2283s
 27337 12584 4577.55794   40  100 4626.79997 4196.82483  9.29%   216 2298s
 27510 12655 4482.42389   54  132 4626.79997 4197.52643  9.28%   217 2314s
 27682 12741 4560.29347   41  203 4626.79997 4197.98974  9.27%   217 2330s
 27881 12830 4625.23633   39  167 4626.79997 4198.60353  9.25%   217 2347s
 28090 12892 4604.38144   58  225 4626.79997 4200.28612  9.22%   217 2363s
 28234 12973     cutoff   35      4626.79997 4201.20633  9.20%   217 2381s
 28434 13067 4409.75493   35  179 4626.79997 4202.08011  9.18%   217 2397s
H28615 13134                    4626.7999695 4202.81073  9.16%   217 2414s
 28799 13219 4425.36025   27  245 4626.79997 4203.69212  9.14%   217 2430s
 28968 13425 4498.39092   34  252 4626.79997 4204.31670  9.13%   217 2447s
H29255 13489                    4626.7999399 4204.75830  9.12%   217 2463s
 29404 13532 4478.33695   35  222 4626.79994 4205.80430  9.10%   217 2479s
 29578 13645 4349.75450   35  254 4626.79994 4206.78142  9.08%   217 2496s
 29826 13699 4458.39121   32  291 4626.79994 4207.70454  9.06%   217 2513s
 29988 13786 4353.92603   34  184 4626.79994 4208.68755  9.04%   217 2529s
 30190 13816 4515.87985   39  144 4626.79994 4210.05044  9.01%   217 2545s
 30345 13889 4456.62441   42  298 4626.79994 4210.60420  9.00%   217 2562s
 30519 13956 4582.34407  116  183 4626.79994 4212.27108  8.96%   218 2578s
 30699 14044 4592.93459   48  250 4626.79994 4213.16884  8.94%   218 2596s
 30859 14128     cutoff   62      4626.79994 4213.50365  8.93%   218 2613s
 31023 14188 4509.56314   34  269 4626.79994 4214.56286  8.91%   218 2629s
 31116 14188 4494.48194   36   73 4626.79994 4215.24294  8.90%   218 2630s
 31195 14249 4543.96344   34  153 4626.79994 4215.27725  8.89%   218 2648s
 31354 14325 4591.84014   49  281 4626.79994 4215.60157  8.89%   218 2665s
 31530 14378 4593.80356   45  331 4626.79994 4216.55992  8.87%   218 2682s
 31682 14460 4516.74379   41  294 4626.79994 4217.18817  8.85%   219 2699s
 31828 14509 4559.37631   42  105 4626.79994 4217.51518  8.85%   219 2715s
 31978 14653     cutoff   51      4626.79994 4217.96428  8.84%   219 2733s
 32222 14736 4515.48228   27  261 4626.79994 4218.19186  8.83%   219 2750s
 32409 14808     cutoff   30      4626.79994 4219.20805  8.81%   219 2767s
 32561 14899 4469.86839   39  120 4626.79994 4219.78297  8.80%   220 2784s
 32772 14977 4493.69790   38  300 4626.79994 4220.65632  8.78%   220 2800s
 32931 15041     cutoff   60      4626.79994 4221.51160  8.76%   220 2816s
 33113 15113 4389.41923   28  115 4626.79994 4222.09379  8.75%   220 2832s
 33290 15209 4401.85273   55  131 4626.79994 4222.50944  8.74%   220 2848s
 33466 15273     cutoff   36      4626.79994 4223.68675  8.71%   220 2864s
 33614 15355 4523.21539   69  185 4626.79994 4225.46306  8.67%   220 2879s
 33808 15448 4473.96821   34  327 4626.79994 4226.50362  8.65%   221 2895s
 34013 15500 4623.32885   48  148 4626.79994 4227.39508  8.63%   221 2910s
 34177 15545     cutoff   48      4626.79994 4228.97458  8.60%   221 2925s
 34310 15623 4329.26944   40  282 4626.79994 4229.60008  8.58%   221 2942s
 34501 15688 4511.76285   71  241 4626.79994 4230.47582  8.57%   221 2959s
 34671 15728 4540.75985   43  104 4626.79994 4231.16127  8.55%   221 2976s
 34864 15784 4425.99954   36  351 4626.79994 4231.93552  8.53%   221 2994s
 34992 15862 4435.35601   36  320 4626.79994 4232.45648  8.52%   222 3010s
 35182 15933 4582.71105   51  262 4626.79994 4232.98680  8.51%   222 3025s
 35347 16005 4446.47072   35  248 4626.79994 4233.91440  8.49%   222 3041s
 35507 16056 4581.36121   39  364 4626.79994 4234.60550  8.48%   222 3057s
 35650 16104 4521.20791   49  257 4626.79994 4235.17007  8.46%   222 3072s
 35780 16171 4457.36716   35  150 4626.79994 4235.39165  8.46%   223 3089s
 35922 16225 4508.20207   47  300 4626.79994 4236.38553  8.44%   223 3106s
 36046 16289 4593.44576   44  371 4626.79994 4236.89923  8.43%   223 3122s
 36224 16402 4366.68953   39  133 4626.79994 4237.80647  8.41%   224 3140s
 36456 16470 4465.86234   33  142 4626.79994 4238.21628  8.40%   223 3157s
 36619 16520 4364.19577   37  357 4626.79994 4238.90363  8.38%   224 3174s
 36784 16576     cutoff   55      4626.79994 4239.34862  8.37%   224 3190s
 36949 16653 4565.28603   59  324 4626.79994 4240.42853  8.35%   224 3207s
 37191 16731 4493.29073   47  283 4626.79994 4241.14936  8.34%   224 3224s
 37280 16731 4335.89185   33  166 4626.79994 4242.30468  8.31%   224 3225s
 37376 16814     cutoff   48      4626.79994 4242.54508  8.30%   224 3243s
 37549 16894 4551.84371   40  341 4626.79994 4243.32161  8.29%   224 3260s
 37757 16944 4613.21188   41  206 4626.79994 4243.93568  8.27%   224 3277s
 37922 16976 4612.81945   39  383 4626.79994 4244.99125  8.25%   224 3295s
 38080 17025 4558.46215   40   65 4626.79994 4246.05010  8.23%   224 3312s
 38270 17070 4564.86334   31  168 4626.79994 4246.53950  8.22%   224 3329s
 38444 17120 4550.79673   43  227 4626.79994 4247.43386  8.20%   225 3346s
 38588 17268 4525.25689   69  210 4626.79994 4247.88078  8.19%   225 3363s
 38863 17367 4342.36621   30  121 4626.79994 4248.48751  8.18%   224 3380s
 39043 17450 4560.54503   34  313 4626.79994 4248.93166  8.17%   225 3398s
 39248 17529 4481.51123   31  206 4626.79994 4249.47945  8.16%   224 3415s
 39431 17576     cutoff   42      4626.79994 4249.76726  8.15%   225 3431s
 39602 17640 4547.36978   46  300 4626.79994 4250.85610  8.13%   225 3449s
 39780 17711 4524.84003   39  340 4626.79994 4251.77850  8.11%   225 3466s
 39953 17774 4499.74260   35  128 4626.79994 4252.23153  8.10%   225 3482s
 40122 17822 4361.84222   36  213 4626.79994 4253.35835  8.07%   225 3498s
 40280 17860 4390.00364   32  452 4626.79994 4253.85496  8.06%   225 3514s
 40418 17954 4514.36034   42  233 4626.79994 4254.36523  8.05%   226 3531s
 40587 18057 4373.37200   35  368 4626.79994 4254.68395  8.04%   226 3548s
 40808 18152     cutoff   59      4626.79994 4255.30624  8.03%   226 3565s
 40997 18182 4544.23706   44  375 4626.79994 4256.02311  8.01%   226 3583s
 41157 18279 4572.20622   32  169 4626.79994 4256.62927  8.00%   226 3600s

Cutting planes:
  User: 6514
  Gomory: 25
  Cover: 366
  Implied bound: 151
  Projected implied bound: 8
  Clique: 8
  MIR: 109
  StrongCG: 2
  Flow cover: 277
  Inf proof: 1
  Zero half: 7
  RLT: 187
  Relax-and-lift: 11
  Lazy constraints: 330

Explored 41377 nodes (9363670 simplex iterations) in 3600.80 seconds
Thread count was 2 (of 32 available processors)

Solution count 10: 4626.8 4638.8 4687.8 ... 5794.58

Time limit reached
Best objective 4.626799939900e+03, best bound 4.257461849996e+03, gap 7.9826%

User-callback calls 302964, time in user-callback 143.91 sec
================================================================================
executing instance: ./input/Instances/Original/4/absH3low_3n10.dat
--------------------------------------------------------------------------------
Instance details
n	11
H	3
C	687
Li:
[0, 0, 0, 0, 0, 0, 0, 0, 0, 0, 0, ]
Ui:
[0, 189, 44, 174, 78, 36, 198, 117, 42, 96, 240, ]
Distance matrix:
|0	209	255	286	142	156	285	317	182	161	135	|
|209	0	464	451	315	356	490	469	361	299	260	|
|255	464	0	221	202	130	74	280	189	254	273	|
|286	451	221	0	145	156	164	479	354	153	192	|
|142	315	202	145	0	73	194	388	250	53	73	|
|156	356	130	156	73	0	134	332	200	127	144	|
|285	490	74	164	194	134	0	353	256	239	267	|
|317	469	280	479	388	332	353	0	141	436	430	|
|182	361	189	354	250	200	256	141	0	296	289	|
|161	299	254	153	53	127	239	436	296	0	39	|
|135	260	273	192	73	144	267	430	289	39	0	|

--------------------------------------------------------------------------------
Building model...
	using lazy and cut (CVRPSEP package)
Solving IRP LP...
--------------------------------------------------------------------------------

Gurobi 9.1.0 (linux64) logging started Thu Feb 11 10:51:11 2021

Gurobi Optimizer version 9.1.0 build v9.1.0rc0 (linux64)
Thread count: 32 physical cores, 32 logical processors, using up to 2 threads
Optimize a model with 530 rows, 956 columns and 3902 nonzeros
Model fingerprint: 0x933c8d5f
Variable types: 164 continuous, 792 integer (132 binary)
Coefficient statistics:
  Matrix range     [1e+00, 2e+02]
  Objective range  [1e-02, 5e+02]
  Bounds range     [1e+00, 2e+02]
  RHS range        [1e+00, 1e+03]
Presolve removed 196 rows and 69 columns
Presolve time: 0.04s
Presolved: 334 rows, 887 columns, 2907 nonzeros
Variable types: 97 continuous, 790 integer (663 binary)
Found heuristic solution: objective 7272.3300000

Root relaxation: objective 1.888949e+03, 637 iterations, 0.01 seconds

    Nodes    |    Current Node    |     Objective Bounds      |     Work
 Expl Unexpl |  Obj  Depth IntInf | Incumbent    BestBd   Gap | It/Node Time

     0     0 1888.94939    0   58 7272.33000 1888.94939  74.0%     -    0s
H    0     0                    7009.1100000 1888.94939  73.1%     -    0s
     0     0 2240.48684    0   67 7009.11000 2240.48684  68.0%     -    0s
H    0     0                    3332.3600000 2240.48684  32.8%     -    0s
     0     0 2248.20296    0   70 3332.36000 2248.20296  32.5%     -    0s
     0     0 2496.31068    0  109 3332.36000 2496.31068  25.1%     -    0s
     0     0 2542.55582    0   97 3332.36000 2542.55582  23.7%     -    0s
     0     0 2551.28224    0   85 3332.36000 2551.28224  23.4%     -    0s
     0     0 2644.93681    0  104 3332.36000 2644.93681  20.6%     -    0s
H    0     0                    3331.1000000 2644.93681  20.6%     -    0s
     0     0 2653.73089    0   99 3331.10000 2653.73089  20.3%     -    0s
     0     0 2661.87923    0  113 3331.10000 2661.87923  20.1%     -    0s
     0     0 2664.54827    0  114 3331.10000 2664.54827  20.0%     -    0s
     0     0 2664.62280    0  115 3331.10000 2664.62280  20.0%     -    0s
     0     0 2720.90344    0  146 3331.10000 2720.90344  18.3%     -    0s
H    0     0                    3198.1000000 2720.90344  14.9%     -    0s
     0     0 2721.89262    0  130 3198.10000 2721.89262  14.9%     -    0s
     0     0 2722.59574    0  152 3198.10000 2722.59574  14.9%     -    0s
     0     0 2722.59574    0  152 3198.10000 2722.59574  14.9%     -    0s
     0     0 2766.81332    0  142 3198.10000 2766.81332  13.5%     -    0s
     0     0 2768.03914    0  133 3198.10000 2768.03914  13.4%     -    0s
     0     0 2768.07581    0  138 3198.10000 2768.07581  13.4%     -    0s
     0     0 2770.43490    0  149 3198.10000 2770.43490  13.4%     -    0s
     0     0 2770.43490    0  147 3198.10000 2770.43490  13.4%     -    0s
H    0     0                    3191.3600000 2770.43490  13.2%     -    0s
H    0     0                    3112.3600000 2770.43490  11.0%     -    0s
     0     2 2770.43490    0  129 3112.36000 2770.43490  11.0%     -    0s
H  116    88                    3111.1000000 2789.61456  10.3%  82.6    0s

Cutting planes:
  User: 81
  Gomory: 2
  Cover: 87
  Implied bound: 67
  Clique: 19
  MIR: 47
  StrongCG: 2
  Flow cover: 65
  GUB cover: 1
  Zero half: 2
  Network: 2
  RLT: 78
  Relax-and-lift: 28

Explored 1562 nodes (98926 simplex iterations) in 4.48 seconds
Thread count was 2 (of 32 available processors)

Solution count 8: 3111.1 3112.36 3191.36 ... 7272.33

Optimal solution found (tolerance 1.00e-04)
Best objective 3.111100000000e+03, best bound 3.111100000000e+03, gap 0.0000%

User-callback calls 4053, time in user-callback 0.41 sec
================================================================================
executing instance: ./input/Instances/Original/4/absH3low_3n15.dat
--------------------------------------------------------------------------------
Instance details
n	16
H	3
C	1267
Li:
[0, 0, 0, 0, 0, 0, 0, 0, 0, 0, 0, 0, 0, 0, 0, 0, ]
Ui:
[0, 156, 267, 148, 144, 87, 33, 171, 76, 141, 270, 282, 60, 110, 172, 57, ]
Distance matrix:
|0	229	567	76	58	96	306	409	310	423	108	346	165	347	159	256	|
|229	0	482	243	279	155	375	525	251	419	158	373	65	123	329	246	|
|567	482	0	506	622	483	342	439	259	200	467	274	486	433	501	312	|
