




arguments: ./build/bc_mirp -f ./input/orig_exec_78.cfg
Current dir: /scratch/gui/bc_mirp
File verbosity level: 9
date       time         ( uptime  ) [ thread name/id ]                   file:line     v| 
2021-02-07 06:39:29.930 (   0.055s) [main thread     ]             loguru.cpp:789   INFO| Logging to './output/vi_vc+hc3/OU/V4/Original/execution_07_02_2021_06_39_29.log', mode: 'a', verbosity: 9
--------------------------------------------------------------------------------
Parameters
                           instance_path           ./input/Instances/Original/2/
                            model_policy                                       1
                             nb_vehicles                                       4
                              output_dir      ./output/vi_vc+hc3/OU/V4/Original/
                            sec_strategy                                       1
                       solver_nb_threads                                       2
                         solver_show_log                                    true
                       solver_time_limit                                    3600
                              use_vi_cos                                   false
                              use_vi_cus                                   false
                         use_vi_hc1_full                                   false
                         use_vi_hc1_half                                   false
                      use_vi_hc1_quarter                                   false
                              use_vi_hc2                                   false
                              use_vi_hc3                                    true
                         use_vi_lex_full                                   false
                         use_vi_lex_half                                   false
                      use_vi_lex_quarter                                   false
                              use_vi_qua                                   false
                               use_vi_vc                                    true
                               use_vi_vr                                   false
--------------------------------------------------------------------------------
executing instance: ./input/Instances/Original/2/absH3high_3n40.dat
--------------------------------------------------------------------------------
Instance details
n	41
H	3
C	3283
Li:
[0, 0, 0, 0, 0, 0, 0, 0, 0, 0, 0, 0, 0, 0, 0, 0, 0, 0, 0, 0, 0, 0, 0, 0, 0, 0, 0, 0, 0, 0, 0, 0, 0, 0, 0, 0, 0, 0, 0, 0, 0, ]
Ui:
[0, 63, 111, 99, 96, 111, 282, 122, 156, 261, 42, 192, 126, 42, 162, 207, 159, 122, 102, 190, 118, 102, 132, 102, 165, 252, 66, 52, 22, 114, 210, 176, 116, 294, 78, 152, 210, 45, 130, 198, 174, ]
Distance matrix:
|0	208	225	252	227	143	258	127	267	150	28	83	163	286	57	149	201	137	214	255	70	73	107	186	328	266	249	343	222	177	293	144	262	215	167	120	169	218	143	173	255	|
|208	0	397	355	416	198	216	99	211	275	193	172	97	166	240	225	362	109	277	314	182	216	273	374	298	208	319	161	14	103	93	120	58	196	152	156	372	227	260	218	453	|
|225	397	0	427	53	364	482	343	492	129	253	225	382	386	171	188	39	291	187	195	295	182	282	55	326	491	180	551	408	315	457	366	455	275	392	244	221	439	341	214	101	|
|252	355	427	0	401	158	201	263	219	396	234	328	259	498	299	400	420	354	465	506	205	324	152	374	574	219	499	393	366	389	446	235	378	456	205	359	224	150	111	423	400	|
|227	416	53	401	0	357	477	352	489	165	253	245	389	424	179	223	85	315	234	245	293	200	264	42	375	488	231	565	428	344	484	370	474	314	392	270	184	430	325	252	50	|
|143	198	364	158	357	0	121	105	134	290	116	196	103	342	200	276	343	205	343	385	74	210	112	319	432	133	382	265	209	237	290	78	226	313	57	220	232	75	69	292	375	|
|258	216	482	201	477	121	0	168	18	397	230	293	135	381	314	372	459	275	437	480	188	317	228	439	501	18	479	197	222	296	290	132	212	386	95	306	347	58	173	381	496	|
|127	99	343	263	352	105	168	0	171	239	105	130	40	237	173	206	313	109	270	312	84	164	175	310	337	169	313	216	112	135	192	37	142	220	77	138	280	155	162	213	382	|
|267	211	492	219	489	134	18	171	0	404	240	298	136	376	323	376	468	276	441	483	198	324	243	450	500	2	483	181	215	294	281	136	202	386	102	309	363	75	189	384	509	|
|150	275	129	396	165	290	397	239	404	0	175	110	279	259	97	59	91	166	84	116	217	80	245	130	226	402	106	434	286	187	329	269	333	149	302	119	244	364	291	87	213	|
|28	193	253	234	253	116	230	105	240	175	0	94	139	286	84	167	229	136	234	275	43	96	98	212	341	238	271	320	206	175	281	118	244	225	140	128	180	191	124	189	280	|
|83	172	225	328	245	196	293	130	298	110	94	0	169	209	77	80	191	71	147	189	127	45	189	203	247	296	187	327	184	106	241	162	230	132	198	38	242	266	217	96	285	|
|163	97	382	259	389	103	135	40	136	279	139	169	0	253	212	244	353	141	307	349	110	203	194	347	366	133	350	183	107	161	187	27	124	251	56	175	306	133	169	249	418	|
|286	166	386	498	424	342	381	237	376	259	286	209	253	0	284	201	347	151	210	230	299	247	383	387	155	374	242	290	162	112	129	270	192	113	308	172	451	386	391	172	471	|
|57	240	171	299	179	200	314	173	323	97	84	77	212	284	0	112	145	147	170	208	127	38	148	137	299	321	201	386	253	183	315	195	297	195	222	112	171	275	195	142	214	|
|149	225	188	400	223	276	372	206	376	59	167	80	244	201	112	0	149	117	67	110	205	78	254	186	187	374	108	387	235	132	272	240	283	93	277	71	279	346	291	32	270	|
|201	362	39	420	85	343	459	313	468	91	229	191	353	347	145	149	0	254	149	160	272	150	271	66	290	466	146	518	373	278	419	339	420	235	367	207	227	418	327	175	135	|
|137	109	291	354	315	205	275	109	276	166	136	71	141	151	147	117	254	0	172	212	151	116	232	273	229	274	215	270	119	39	170	145	167	111	186	47	305	263	245	113	356	|
|214	277	187	465	234	343	437	270	441	84	234	147	307	210	170	67	149	172	0	42	272	141	317	205	144	439	43	437	284	175	307	305	331	99	343	132	327	413	357	60	283	|
|255	314	195	506	245	385	480	312	483	116	275	189	349	230	208	110	160	212	42	0	314	182	356	222	132	481	15	474	321	212	337	347	367	126	385	174	358	455	398	100	295	|
|70	182	295	205	293	74	188	84	198	217	43	127	110	299	127	205	272	151	272	314	0	137	91	253	370	196	310	292	195	188	274	85	226	252	99	155	197	148	94	223	316	|
|73	216	182	324	200	210	317	164	324	80	96	45	203	247	38	78	150	116	141	182	137	0	176	158	263	323	176	369	229	150	286	191	274	157	223	77	208	284	216	106	239	|
|107	273	282	152	264	112	228	175	243	245	98	189	194	383	148	254	271	232	317	356	91	176	0	231	435	242	349	371	286	271	365	167	315	321	164	224	120	174	61	280	274	|
|186	374	55	374	42	319	439	310	450	130	212	203	347	387	137	186	66	273	205	222	253	158	231	0	348	448	208	523	386	303	442	329	431	279	352	229	167	392	291	217	85	|
|328	298	326	574	375	432	501	337	500	226	341	247	366	155	299	187	290	229	144	132	370	263	435	348	0	498	147	441	299	206	283	374	338	119	414	215	465	492	463	157	425	|
|266	208	491	219	488	133	18	169	2	402	238	296	133	374	321	374	466	274	439	481	196	323	242	448	498	0	481	180	213	292	278	134	200	384	100	307	362	75	188	381	508	|
|249	319	180	499	231	382	479	313	483	106	271	187	350	242	201	108	146	215	43	15	310	176	349	208	147	481	0	480	326	217	346	347	373	135	385	175	347	454	392	103	280	|
|343	161	551	393	565	265	197	216	181	434	320	327	183	290	386	387	518	270	437	474	292	369	371	523	441	180	480	0	153	263	163	207	107	352	208	317	487	244	334	379	598	|
|222	14	408	366	428	209	222	112	215	286	206	184	107	162	253	235	373	119	284	321	195	229	286	386	299	213	326	153	0	109	81	132	48	201	162	167	386	236	272	226	466	|
|177	103	315	389	344	237	296	135	294	187	175	106	161	112	183	132	278	39	175	212	188	150	271	303	206	292	217	263	109	0	142	171	156	95	211	74	344	289	281	118	386	|
|293	93	457	446	484	290	290	192	281	329	281	241	187	129	315	272	419	170	307	337	274	286	365	442	283	278	346	163	81	142	0	212	79	211	241	214	461	311	353	254	525	|
|144	120	366	235	370	78	132	37	136	269	118	162	27	270	195	240	339	145	305	347	85	191	167	329	374	134	347	207	132	171	212	0	151	257	40	174	280	119	142	248	398	|
|262	58	455	378	474	226	212	142	202	333	244	230	124	192	297	283	420	167	331	367	226	274	315	431	338	200	373	107	48	156	79	151	0	245	173	214	421	237	293	273	510	|
|215	196	275	456	314	313	386	220	386	149	225	132	251	113	195	93	235	111	99	126	252	157	321	279	119	384	135	352	201	95	211	257	245	0	297	97	365	374	345	62	362	|
|167	152	392	205	392	57	95	77	102	302	140	198	56	308	222	277	367	186	343	385	99	223	164	352	414	100	385	208	162	211	241	40	173	297	0	213	283	79	126	287	415	|
|120	156	244	359	270	220	306	138	309	119	128	38	175	172	112	71	207	47	132	174	155	77	224	229	215	307	175	317	167	74	214	174	214	97	213	0	280	286	248	75	313	|
|169	372	221	224	184	232	347	280	363	244	180	242	306	451	171	279	227	305	327	358	197	208	120	167	465	362	347	487	386	344	461	280	421	365	283	280	0	291	175	310	176	|
|218	227	439	150	430	75	58	155	75	364	191	266	133	386	275	346	418	263	413	455	148	284	174	392	492	75	454	244	236	289	311	119	237	374	79	286	291	0	116	359	445	|
|143	260	341	111	325	69	173	162	189	291	124	217	169	391	195	291	327	245	357	398	94	216	61	291	463	188	392	334	272	281	353	142	293	345	126	248	175	116	0	313	335	|
|173	218	214	423	252	292	381	213	384	87	189	96	249	172	142	32	175	113	60	100	223	106	280	217	157	381	103	379	226	118	254	248	273	62	287	75	310	359	313	0	300	|
|255	453	101	400	50	375	496	382	509	213	280	285	418	471	214	270	135	356	283	295	316	239	274	85	425	508	280	598	466	386	525	398	510	362	415	313	176	445	335	300	0	|

--------------------------------------------------------------------------------
Building model...
	using lazy and cut (CVRPSEP package)
Solving IRP LP...
--------------------------------------------------------------------------------

Gurobi 9.1.0 (linux64) logging started Sun Feb  7 06:39:30 2021

Gurobi Optimizer version 9.1.0 build v9.1.0rc0 (linux64)
Thread count: 32 physical cores, 32 logical processors, using up to 2 threads
Optimize a model with 2000 rows, 10976 columns and 40652 nonzeros
Model fingerprint: 0x6f066438
Variable types: 644 continuous, 10332 integer (492 binary)
Coefficient statistics:
  Matrix range     [1e+00, 8e+02]
  Objective range  [1e-01, 6e+02]
  Bounds range     [1e+00, 3e+02]
  RHS range        [1e+00, 6e+03]
Presolve removed 644 rows and 201 columns
Presolve time: 0.18s
Presolved: 1356 rows, 10775 columns, 35947 nonzeros
Variable types: 402 continuous, 10373 integer (9869 binary)

Root relaxation: objective 1.235712e+04, 1342 iterations, 0.07 seconds

    Nodes    |    Current Node    |     Objective Bounds      |     Work
 Expl Unexpl |  Obj  Depth IntInf | Incumbent    BestBd   Gap | It/Node Time

     0     0 12357.1168    0  154          - 12357.1168      -     -    0s
     0     0 12800.3027    0  146          - 12800.3027      -     -    0s
     0     0 12801.2168    0  142          - 12801.2168      -     -    0s
     0     0 13369.9731    0  225          - 13369.9731      -     -    1s
     0     0 13433.5885    0  225          - 13433.5885      -     -    1s
     0     0 13437.8995    0  218          - 13437.8995      -     -    1s
     0     0 13439.6202    0  222          - 13439.6202      -     -    1s
     0     0 13596.2297    0  241          - 13596.2297      -     -    2s
     0     0 13602.7269    0  263          - 13602.7269      -     -    2s
     0     0 13606.6012    0  277          - 13606.6012      -     -    2s
     0     0 13608.0056    0  273          - 13608.0056      -     -    2s
     0     0 13612.6336    0  271          - 13612.6336      -     -    2s
     0     0 13614.7607    0  292          - 13614.7607      -     -    2s
     0     0 13618.0330    0  298          - 13618.0330      -     -    2s
     0     0 13622.0385    0  263          - 13622.0385      -     -    2s
     0     0 13623.4429    0  276          - 13623.4429      -     -    2s
     0     0 13623.7764    0  276          - 13623.7764      -     -    2s
     0     0 13731.1377    0  354          - 13731.1377      -     -    3s
     0     0 13766.7286    0  240          - 13766.7286      -     -    3s
     0     0 13773.9597    0  276          - 13773.9597      -     -    3s
     0     0 13781.4226    0  298          - 13781.4226      -     -    3s
     0     0 13789.4432    0  283          - 13789.4432      -     -    4s
     0     0 13822.6052    0  361          - 13822.6052      -     -    4s
     0     0 13830.5969    0  360          - 13830.5969      -     -    4s
     0     0 13831.6522    0  396          - 13831.6522      -     -    4s
     0     0 13861.2559    0  418          - 13861.2559      -     -    4s
     0     0 13869.4060    0  361          - 13869.4060      -     -    4s
     0     0 13870.2555    0  387          - 13870.2555      -     -    5s
     0     0 13880.4252    0  384          - 13880.4252      -     -    5s
     0     0 13880.4252    0  336          - 13880.4252      -     -    5s
     0     2 13880.4252    0  336          - 13880.4252      -     -    6s
    35    39 13970.4479   10  330          - 13886.4062      -   429   10s
   109   115 14234.6307   30  149          - 13886.4062      -   345   15s
   272   306 15105.7485   71  109          - 13886.4062      -   224   20s
H  436   498                    16045.340000 13886.4062  13.5%   165   23s
   521   460 infeasible  141      16045.3400 13886.4062  13.5%   141   25s
   563   487 14139.5052    7  346 16045.3400 13902.1174  13.4%   154   30s
   593   518 14177.9318   17  363 16045.3400 13902.1174  13.4%   167   35s
   613   539 14306.3314   23  344 16045.3400 13902.1174  13.4%   175   44s
   618   545 14270.5315   21  321 16045.3400 13902.1174  13.4%   178   45s
   659   588 14342.6644   32  328 16045.3400 13902.1174  13.4%   188   50s
   688   611 14424.9183   35  377 16045.3400 13902.1174  13.4%   197   56s
   716   660 14479.9091   41  275 16045.3400 13902.1174  13.4%   201   60s
   742   662 14651.9274   61  124 16045.3400 13902.1174  13.4%   199   66s
   749   667 14014.0588    8  522 16045.3400 14014.0588  12.7%   197   70s
   758   673 15490.6525  111  571 16045.3400 14052.8289  12.4%   195   76s
   767   679 14174.1852   13  509 16045.3400 14057.9665  12.4%   193   80s
   774   684 14273.2603   37  599 16045.3400 14062.0183  12.4%   191   85s
   784   690 15608.2264  125  539 16045.3400 14070.5491  12.3%   188   90s
   792   696 14238.1994   34  508 16045.3400 14071.5104  12.3%   186   95s
   799   702 14665.4514   49  343 16045.3400 14071.5104  12.3%   220  100s
   811   710 15362.4562  105  477 16045.3400 14072.1347  12.3%   217  105s
   819   715 14635.8422   57  483 16045.3400 14074.6748  12.3%   215  110s
   827   720 14253.8167   18  512 16045.3400 14075.1438  12.3%   213  115s
H  829   685                    16010.270000 14075.1438  12.1%   212  120s
   831   689 14082.8647   26  392 16010.2700 14077.9182  12.1%   239  125s
   835   692 14118.4810   27  410 16010.2700 14095.9329  12.0%   243  131s
   841   698 14111.4923   29  394 16010.2700 14111.4923  11.9%   250  135s
   858   707 14131.0586   33  359 16010.2700 14118.5917  11.8%   261  141s
   873   719 14150.4734   38  377 16010.2700 14118.5917  11.8%   270  145s
   885   727 14158.1779   41  393 16010.2700 14118.5917  11.8%   280  151s
   915   751 14179.7121   50  333 16010.2700 14118.5917  11.8%   291  155s
   951   775 14315.8003   62  336 16010.2700 14118.5917  11.8%   304  160s
   987   793 14490.6178   74  238 16010.2700 14118.5917  11.8%   320  166s
  1009   818 14552.9394   80  171 16010.2700 14118.5917  11.8%   329  171s
  1046   837 14624.6302   94  210 16010.2700 14118.5917  11.8%   330  175s
  1093   885 14617.8612  112  216 16010.2700 14118.5917  11.8%   328  180s
  1173   943 14645.9461  139  175 16010.2700 14118.5917  11.8%   326  186s
  1231   989 14678.5319  162  209 16010.2700 14118.5917  11.8%   324  192s
  1266  1015 14704.9728  175  226 16010.2700 14118.5917  11.8%   323  195s
  1341  1066 14752.0898  203  230 16010.2700 14118.5917  11.8%   320  200s
  1413  1097 14772.9523  226  235 16010.2700 14118.5917  11.8%   317  205s
  1481  1163 14797.5346  246  235 16010.2700 14118.5917  11.8%   313  210s
  1574  1231 14950.6892  275  155 16010.2700 14118.5917  11.8%   308  215s
  1647  1295 14862.5012  301  177 16010.2700 14118.5917  11.8%   304  221s
  1711  1342 14913.0034  324  161 16010.2700 14118.5917  11.8%   300  225s
  1838  1435 15131.4043  369  170 16010.2700 14118.5917  11.8%   293  231s
  1915  1474 15137.4669  398  195 16010.2700 14118.5917  11.8%   287  236s
  1979  1534 15163.2523  422  187 16010.2700 14118.5917  11.8%   284  240s
  2061  1563 15195.2990  453  185 16010.2700 14118.5917  11.8%   279  245s
  2213  1703 15226.6295  510  205 16010.2700 14118.5917  11.8%   272  253s
  2308  1762 15461.2861  544  108 16010.2700 14118.5917  11.8%   268  257s
  2398  1833 15612.6408  577  126 16010.2700 14118.5917  11.8%   264  262s
  2501  1881 15602.0904  612  138 16010.2700 14118.5917  11.8%   260  267s
  2685  1865 15885.5478  685  147 16010.2700 14118.6324  11.8%   249  273s
  2823  1846 14307.4918   30  325 16010.2700 14118.6324  11.8%   242  278s
  2850  1912 14306.0615   35  301 16010.2700 14118.6324  11.8%   242  283s
  2925  1968 14450.2522   52  238 16010.2700 14118.6324  11.8%   242  290s
  2993  2068 14564.0105   69  189 16010.2700 14118.6324  11.8%   241  295s
  3093  2139 14789.2957   98  161 16010.2700 14118.6324  11.8%   239  301s
  3164  2141 15012.1523  123  113 16010.2700 14118.6324  11.8%   238  310s
  3166  2243 14894.6733  124  174 16010.2700 14118.6324  11.8%   238  315s
  3268  2339 15002.1530  156  172 16010.2700 14118.6324  11.8%   236  321s
  3364  2433 15065.1068  182  189 16010.2700 14118.6324  11.8%   235  327s
  3458  2545 15110.4801  207  179 16010.2700 14118.6324  11.8%   234  334s
  3570  2673 15167.9370  241  145 16010.2700 14118.6324  11.8%   233  341s
  3698  2809 15290.5011  277  164 16010.2700 14118.6324  11.8%   230  348s
  3834  2870 15373.8131  317  151 16010.2700 14118.6324  11.8%   228  356s
  3895  2979 15627.6358  343   74 16010.2700 14118.6324  11.8%   227  363s
  4004  3170 15491.2406  374  137 16010.2700 14118.6324  11.8%   225  371s
  4195  3367 15585.1803  425  111 16010.2700 14118.6324  11.8%   221  380s
  4392  3513 15739.9932  481  143 16010.2700 14140.2008  11.7%   217  390s
  4660  3582 14226.5230   29  403 16010.2700 14140.2008  11.7%   210  399s
  4787  3701 14408.2737   40  304 16010.2700 14140.2008  11.7%   210  408s
  4991  3918 14685.5171   82  217 16010.2700 14140.2008  11.7%   206  418s
  5084  3918 14790.4788  159  231 16010.2700 14140.2008  11.7%   204  420s
  5326  4053 15005.4708  261  197 16010.2700 14140.2008  11.7%   197  430s
  5461  4294 15502.8753  344  180 16010.2700 14140.2008  11.7%   196  441s
  5704  4296 15844.1863  519  162 16010.2700 14140.2008  11.7%   192  460s
  5706  4382 15952.2034  518   86 16010.2700 14147.2115  11.6%   192  469s
  5823  4550 14339.0488   36  432 16010.2700 14147.2115  11.6%   193  480s
  5991  4793 14428.4913   40  297 16010.2700 14147.2115  11.6%   191  493s
  6146  4793 15188.8022  344  177 16010.2700 14147.2115  11.6%   189  495s
H 6234  4722                    15869.270000 14147.2115  10.9%   187  509s
  6272  4722 14679.1890   90  186 15869.2700 14147.2115  10.9%   187  510s
  6339  5129 14857.2686  141  195 15869.2700 14147.2115  10.9%   186  521s
  6748  5129 15780.2070  698  152 15869.2700 14147.2115  10.9%   178  527s
  6756  5344 15227.0200  232  198 15869.2700 14147.2115  10.9%   177  542s
  6987  5760 15502.9789  325  197 15869.2700 14147.2115  10.9%   175  556s
  7202  5760 15698.6404  522  218 15869.2700 14147.2115  10.9%   171  560s
  7405  5939     cutoff  529      15869.2700 14153.8298  10.8%   167  574s
  7481  5939 14789.9081  104  176 15869.2700 14153.8298  10.8%   167  575s
  7612  6463 14939.7469  167  235 15869.2700 14153.9125  10.8%   167  595s
  7994  6463 15246.4990  210  235 15869.2700 14153.9125  10.8%   161  600s
  8136  6996 15208.1151  429  192 15869.2700 14153.9125  10.8%   158  616s
  8544  6996 15611.4015  456  195 15869.2700 14153.9125  10.8%   152  620s
  8701  7113 15546.9187  733  218 15869.2700 14158.4794  10.8%   150  633s
  8834  7314 14259.5640   33  505 15869.2700 14158.4794  10.8%   151  644s
  9035  7639 14507.3803   51  227 15869.2700 14158.4794  10.8%   150  657s
  9186  7639 15611.9864  338  240 15869.2700 14158.4794  10.8%   149  660s
  9374  7914 14796.6529   82  228 15869.2700 14158.4794  10.8%   147  672s
  9551  7914 14946.5909  231  200 15869.2700 14158.4794  10.8%   146  675s
  9649  8605 14999.2349  243  162 15869.2700 14158.4794  10.8%   145  687s
  9803  8605 15099.4769  390  165 15869.2700 14158.4794  10.8%   144  690s
 10194  8605 15328.3865  362  161 15869.2700 14158.4794  10.8%   140  695s
 10358  8718 15614.9355  502  131 15869.2700 14171.0670  10.7%   138  707s
 10501  8937 14631.1505   47  177 15869.2700 14177.0339  10.7%   138  721s
 10756  8968 14384.3656   29  654 15869.2700 14187.4684  10.6%   138  736s
 10787  9034 14555.4595   41  468 15869.2700 14187.4684  10.6%   139  747s
 10853  9215 14789.6696   71  225 15869.2700 14188.5882  10.6%   139  759s
 10876  9215 14947.0833   94  171 15869.2700 14188.5882  10.6%   139  760s
 11066  9378 14283.3286   38  391 15869.2700 14190.3298  10.6%   139  772s
 11249  9525 14741.2136   73  293 15869.2700 14190.8186  10.6%   138  785s
 11413  9552 14308.4383   41  345 15869.2700 14190.8186  10.6%   138  799s
 11440  9754 14639.1865   61  373 15869.2700 14190.8186  10.6%   139  810s
 11642  9936 15048.8446  249  154 15869.2700 14190.8186  10.6%   138  829s
 11824 10324 15293.9471  413  205 15869.2700 14190.8186  10.6%   137  842s
 12188 10324 14578.5738   56  348 15869.2700 14190.8186  10.6%   133  845s
 12212 10487 15675.0322  777  183 15869.2700 14192.8812  10.6%   134  856s
 12392 10628 14630.8158   35  378 15869.2700 14192.8812  10.6%   134  870s
 12533 10766 15233.5826  124  164 15869.2700 14192.9897  10.6%   134  886s
 12688 10846 14297.3411   35  457 15869.2700 14192.9897  10.6%   134  898s
 12767 10882 14453.5165   42  417 15869.2700 14192.9897  10.6%   134  911s
 12803 10958 14495.9533   45  246 15869.2700 14192.9897  10.6%   135  923s
 12942 11017 14723.6391   68  221 15869.2700 14192.9897  10.6%   135  936s
 13091 11140 15094.5605   89  197 15869.2700 14192.9897  10.6%   135  950s
 13214 11353 15317.2464  180  138 15869.2700 14192.9897  10.6%   135  963s
 13302 11353 15449.5550  256  203 15869.2700 14192.9897  10.6%   135  965s
 13427 11439 15753.0190  355  151 15869.2700 14193.1489  10.6%   134  979s
 13549 11475 14324.5185   33  580 15869.2700 14193.2426  10.6%   135  994s
 13585 11540 14461.2860   47  434 15869.2700 14193.2426  10.6%   135 1006s
 13650 11729 14806.3176   66  403 15869.2700 14193.2426  10.6%   136 1020s
 13839 12060 15180.4246  133  260 15869.2700 14193.2426  10.6%   135 1034s
 13889 12060 15280.3514  183  273 15869.2700 14193.2426  10.6%   135 1035s
 14187 12353 15476.8127  338  284 15869.2700 14193.2426  10.6%   133 1051s
 14480 12489 15731.9325  581  253 15869.2700 14194.1182  10.6%   131 1066s
 14645 12560 14583.1125   39  383 15869.2700 14194.7561  10.6%   131 1081s
 14716 12639 14910.0625   64  332 15869.2700 14194.7561  10.6%   132 1096s
 14815 12712 15337.9643  103  235 15869.2700 14194.9738  10.6%   132 1110s
 14902 12762 14386.2339   35  542 15869.2700 14194.9738  10.6%   132 1122s
 14952 12869 14685.0149   50  398 15869.2700 14194.9738  10.6%   133 1137s
 15070 13085 15251.2486   91  287 15869.2700 14194.9738  10.6%   133 1148s
 15186 13085 15557.3214  207  253 15869.2700 14194.9738  10.6%   132 1150s
 15286 13228 15818.3477  282  225 15869.2700 14202.1505  10.5%   132 1165s
 15466 13337 14703.2979   54  376 15869.2700 14205.6266  10.5%   132 1179s
 15539 13337 15072.0891  127  252 15869.2700 14205.6266  10.5%   132 1180s
 15575 13659 15087.0536  131  235 15869.2700 14205.6266  10.5%   132 1198s
 15709 13659 15291.6921  265  217 15869.2700 14205.6266  10.5%   131 1200s
 15897 14162 15378.9714  294  221 15869.2700 14205.6266  10.5%   130 1214s
 16064 14162 15595.7356  461  215 15869.2700 14205.6266  10.5%   129 1215s
 16400 14308 15747.8303  537  138 15869.2700 14206.2306  10.5%   127 1235s
 16576 14341 14451.9485   47  466 15869.2700 14206.5187  10.5%   127 1249s
 16609 14410 14736.5079   63  404 15869.2700 14206.5187  10.5%   128 1262s
 16678 14630 15038.1743  115  378 15869.2700 14206.5187  10.5%   128 1273s
 16846 14630 14785.4538   66  297 15869.2700 14206.5187  10.5%   127 1275s
 16898 14871 15540.1664  283  253 15869.2700 14206.6324  10.5%   127 1288s
 17042 14871 infeasible  427      15869.2700 14206.6324  10.5%   127 1290s
 17153 15082 14424.4034   41  426 15869.2700 14206.6324  10.5%   127 1303s
 17291 15082 15531.1974  335  266 15869.2700 14206.6324  10.5%   126 1305s
 17364 15324 14760.9628   62  203 15869.2700 14206.6324  10.5%   126 1317s
 17546 15324 15768.4848  541  318 15869.2700 14206.6324  10.5%   125 1320s
 17618 15422 15226.7428  111  289 15869.2700 14206.6324  10.5%   125 1333s
 17718 15615 15644.7995  197  189 15869.2700 14208.6080  10.5%   125 1350s
 17942 15643 14492.5447   32  434 15869.2700 14209.1034  10.5%   125 1365s
 17971 15720 14581.5641   36  393 15869.2700 14209.1034  10.5%   125 1376s
 18048 15848 14779.9057   41  281 15869.2700 14209.1034  10.5%   126 1389s
 18072 15848 14926.3710   53   78 15869.2700 14209.1034  10.5%   126 1390s
 18188 15976 15028.3471   57   82 15869.2700 14209.1034  10.5%   126 1404s
 18276 15979 15410.1507  101    8 15869.2700 14209.1034  10.5%   126 1405s
 18322 16185 15788.4605  112   59 15869.2700 14213.8493  10.4%   126 1424s
 18367 16187 15419.4886  135   57 15869.2700 14213.8493  10.4%   126 1425s
 18637 16229     cutoff  235      15869.2700 14214.3620  10.4%   125 1439s
H18683 15925                    15805.490000 14214.8578  10.1%   126 1455s
H18692 15284                    15744.960000 14214.8578  9.72%   126 1455s
 18694 15287 14846.1501   61  256 15744.9600 14214.8578  9.72%   126 1477s
 18697 15507 14846.7276   62  256 15744.9600 14214.8750  9.72%   126 1492s
 18928 15531 14373.8456   40  319 15744.9600 14214.8750  9.72%   125 1508s
 18966 15608 14544.9112   48  368 15744.9600 14214.8750  9.72%   126 1523s
 19043 15811 14956.5590   68  241 15744.9600 14214.8750  9.72%   126 1535s
 19246 16019 15285.5850  124  134 15744.9600 14215.3396  9.71%   125 1555s
 19481 16126 14305.2484   40  491 15744.9600 14215.3396  9.71%   125 1572s
 19602 16158 14461.5960   53  462 15744.9600 14215.3396  9.71%   125 1587s
 19634 16222 14927.3983   72  321 15744.9600 14215.3396  9.71%   125 1698s
 19698 16455 15378.3355  108  207 15744.9600 14216.5966  9.71%   125 1713s
 19941 16648 14675.0457   55  205 15744.9600 14216.7429  9.71%   125 1735s
 20158 16664 14403.7306   33  457 15744.9600 14216.7832  9.71%   125 1753s
 20174 16730 14610.8670   44  293 15744.9600 14216.7832  9.71%   125 1767s
 20240 17083 15038.4847   94  180 15744.9600 14216.7832  9.71%   125 1783s
 20350 17083 15300.0636  204  213 15744.9600 14216.7832  9.71%   125 1785s
 20593 17404 15615.0027  364  179 15744.9600 14217.1625  9.70%   124 1807s
 20834 17404 15521.6163  336  156 15744.9600 14217.6498  9.70%   124 1810s
 20958 17429 14570.3916   36  488 15744.9600 14217.6498  9.70%   123 1826s
 20983 17487 14574.5956   37  448 15744.9600 14217.6498  9.70%   124 1841s
 21041 17587 14694.1200   41  470 15744.9600 14217.6498  9.70%   124 1858s
 21190 17633 14982.0440   48  187 15744.9600 14217.6498  9.70%   124 1875s
 21239 17742 15092.3631   57  190 15744.9600 14217.6498  9.70%   125 1890s
 21353 17956 15741.2829   90   14 15744.9600 14220.2934  9.68%   125 1907s
 21581 18261 15053.0505   68  176 15744.9600 14220.3790  9.68%   125 1932s
 21809 18261 15112.1089  386  110 15744.9600 14222.7967  9.67%   124 1935s
 21926 18279 14432.6587   37  309 15744.9600 14222.7967  9.67%   124 1951s
 21944 18314 14543.7133   42  417 15744.9600 14222.7967  9.67%   124 1966s
 21979 18350 14889.1050   51  297 15744.9600 14222.7967  9.67%   125 1980s
 22015 18472 14780.9861   63   71 15744.9600 14222.7967  9.67%   125 1995s
 22137 18635 14840.4764   96   58 15744.9600 14222.7967  9.67%   126 2011s
 22336 18698 15599.5555  166   50 15744.9600 14223.2587  9.66%   126 2027s
 22414 18830 14588.3188   50  379 15744.9600 14226.5230  9.64%   126 2044s
 22490 18830 15696.8296  125  116 15744.9600 14226.5230  9.64%   126 2045s
 22567 18907 14298.0021   43  275 15744.9600 14226.5230  9.64%   127 2060s
 22650 19223 14865.5823   65  263 15744.9600 14226.5230  9.64%   127 2076s
 22915 19223 15583.3401  330   99 15744.9600 14226.5230  9.64%   126 2080s
 23000 19327     cutoff  333      15744.9600 14227.9943  9.63%   126 2097s
 23113 19515 14790.5052   44  289 15744.9600 14231.2463  9.61%   127 2113s
 23401 19598 14444.9034   33  311 15744.9600 14231.2463  9.61%   126 2132s
 23671 19785 14985.8309   58  294 15744.9600 14231.2463  9.61%   126 2150s
 23919 19978 15623.8389  221  175 15744.9600 14234.0560  9.60%   125 2172s
 24089 19978 15630.5311  152  102 15744.9600 14234.0913  9.60%   125 2175s
 24140 20257 14660.5360   61  265 15744.9600 14234.0913  9.60%   125 2191s
 24366 20257 15359.9038  287   68 15744.9600 14234.0913  9.60%   124 2195s
 24419 20377 15426.9513  322  108 15744.9600 14234.0913  9.60%   124 2223s
 24529 20377 15515.6444  432   77 15744.9600 14234.0913  9.60%   124 2225s
 24539 20615 15517.0570  433   79 15744.9600 14235.0196  9.59%   124 2242s
 24758 20615 15668.4557  190  100 15744.9600 14235.1946  9.59%   123 2245s
 24805 20673 14514.6957   44  364 15744.9600 14235.1946  9.59%   123 2260s
 24863 21137 14784.7320   62   55 15744.9600 14235.1946  9.59%   124 2278s
 25017 21137 15033.2690  196  129 15744.9600 14235.1946  9.59%   123 2280s
 25331 21710 15074.4593  298  117 15744.9600 14235.1946  9.59%   122 2301s
 25618 21710 15242.2035  579   70 15744.9600 14235.1946  9.59%   121 2305s
 25934 21737     cutoff  725      15744.9600 14236.8107  9.58%   120 2324s
 25992 22000 14664.5959   48  277 15744.9600 14236.8641  9.58%   120 2345s
 26283 22238     cutoff  143      15744.9600 14236.8953  9.58%   120 2364s
 26345 22238 15409.8889  202  186 15744.9600 14236.9521  9.58%   120 2365s
 26536 22400 15159.3295   92   74 15744.9600 14238.0212  9.57%   120 2384s
 26558 22400 15281.1526  114   92 15744.9600 14238.0212  9.57%   120 2385s
 26718 22467 14651.4722   37  337 15744.9600 14238.0212  9.57%   120 2401s
 26803 22556 15174.0733   62  284 15744.9600 14242.4969  9.54%   120 2417s
 26902 22844 14646.6213   34  281 15744.9600 14242.4969  9.54%   120 2440s
 27204 22923 15161.5828   72  144 15744.9600 14243.3598  9.54%   120 2463s
 27300 22952 14406.4428   39  498 15744.9600 14243.3598  9.54%   120 2479s
 27319 22952 14585.1551   35  569 15744.9600 14243.3598  9.54%   120 2480s
 27329 23034 14631.2565   47  345 15744.9600 14243.3598  9.54%   121 2495s
 27411 23580 14909.2952   93  141 15744.9600 14243.8562  9.53%   121 2513s
 27499 23580 14961.2428  177   82 15744.9600 14243.8562  9.53%   121 2515s
 27976 23690 14533.1922   33  321 15744.9600 14243.8562  9.53%   119 2536s
 28086 23817 14854.4246   39  233 15744.9600 14243.8562  9.53%   120 2553s
 28223 23937 15091.2656   46  190 15744.9600 14245.1349  9.53%   120 2572s
 28429 24011 14555.7501   33  531 15744.9600 14245.1349  9.53%   120 2591s
 28598 24114 15060.5734   51  322 15744.9600 14247.5177  9.51%   120 2609s
 28647 24114 15405.5881  100  200 15744.9600 14247.5177  9.51%   120 2610s
 28711 24201 14542.8307   35  301 15744.9600 14247.5177  9.51%   120 2628s
 28808 24288 14984.0542   56  276 15744.9600 14249.7299  9.50%   121 2644s
 28830 24288 15146.8183   78  267 15744.9600 14249.7299  9.50%   121 2645s
 28917 24447 14543.9967   54  334 15744.9600 14250.1768  9.49%   121 2666s
 29094 24519 14471.5219   41  495 15744.9600 14250.1768  9.49%   121 2684s
 29158 24519 15714.2012  132  276 15744.9600 14250.1768  9.49%   121 2685s
 29176 24579 15034.6864   59  275 15744.9600 14250.1768  9.49%   121 2699s
 29232 24579 15663.3014  104  114 15744.9600 14250.1768  9.49%   121 2700s
 29250 24681 15723.4693  115  135 15744.9600 14250.3671  9.49%   121 2717s
 29382 24735 14665.7135   39  524 15744.9600 14253.2469  9.47%   122 2733s
 29436 24941 15243.3916   71  266 15744.9600 14253.4969  9.47%   122 2749s
 29505 24941 15543.2117  140  197 15744.9600 14253.4969  9.47%   122 2750s
 29662 25063 14537.5807   41  341 15744.9600 14253.4969  9.47%   122 2768s
 29796 25347 14781.5171  139   56 15744.9600 14255.2310  9.46%   122 2786s
 30112 25446 15588.0349  298    5 15744.9600 14255.3688  9.46%   121 2805s
 30236 25518     cutoff  346      15744.9600 14255.7068  9.46%   121 2823s
 30317 25544 14616.9892   51  480 15744.9600 14255.8363  9.46%   122 2838s
 30343 25615 14972.5533   66  359 15744.9600 14255.8363  9.46%   122 2852s
 30423 25653 14381.7264   36  546 15744.9600 14255.8363  9.46%   122 2868s
 30488 25680 14408.2712   39  455 15744.9600 14255.8363  9.46%   123 2884s
 30515 25778 14523.7945   44  433 15744.9600 14255.8363  9.46%   123 2899s
 30613 25816 14597.9490   52  363 15744.9600 14255.8363  9.46%   123 2919s
 30664 25904 14719.9631   61  291 15744.9600 14255.8363  9.46%   124 2935s
 30752 26040 14868.5832   71  257 15744.9600 14255.8363  9.46%   124 2953s
 30844 26040 15599.4043  155   90 15744.9600 14255.8363  9.46%   124 2955s
 30911 26181 15040.8733   95  244 15744.9600 14255.8363  9.46%   124 2970s
 31062 26505 15349.3269  136  178 15744.9600 14255.8363  9.46%   124 2989s
 31130 26505 15576.6696  170  119 15744.9600 14255.8363  9.46%   124 2990s
 31400 26782 15549.1824  193  175 15744.9600 14258.9357  9.44%   124 3017s
H31405 26781                    15744.800000 14258.9357  9.44%   124 3017s
H31499 26768                    15743.380000 14258.9357  9.43%   124 3018s
 31654 26768 15108.1502  395  102 15743.3800 14259.0902  9.43%   123 3020s
 31793 26802 14653.6332   47  288 15743.3800 14259.0902  9.43%   123 3037s
 31826 26916 14996.2675   64  396 15743.3800 14259.0902  9.43%   123 3053s
 31940 27149 15402.2967   99  208 15743.3800 14259.4335  9.43%   123 3074s
 31985 27149 15633.7720  144  311 15743.3800 14259.4335  9.43%   123 3075s
 32194 27286 14418.8698   49  341 15743.3800 14259.5010  9.43%   123 3094s
 32259 27286 15380.5048  114   57 15743.3800 14259.5010  9.43%   123 3095s
 32347 27467 14521.0052   37  501 15743.3800 14259.5010  9.43%   123 3113s
 32440 27467 15063.0344   66  239 15743.3800 14259.5010  9.43%   123 3115s
 32555 27515 15717.1903  128   30 15743.3800 14259.9200  9.42%   123 3132s
 32615 27844 14853.9374   59  195 15743.3800 14260.9963  9.42%   123 3149s
 32692 27844 15718.0691  130  144 15743.3800 14260.9963  9.42%   123 3150s
 32962 28049 14718.6064   46  418 15743.3800 14260.9963  9.42%   123 3170s
 33182 28135 15192.0877   75  319 15743.3800 14261.3411  9.41%   122 3190s
 33282 28199 14415.0233   36  377 15743.3800 14261.3411  9.41%   123 3208s
 33363 28480 14696.1363   45  261 15743.3800 14261.3411  9.41%   123 3229s
 33385 28480 14858.6744   60   59 15743.3800 14261.3411  9.41%   123 3230s
 33658 28526 15396.8385  199  101 15743.3800 14265.7309  9.39%   123 3251s
 33722 28619 14850.2859   68  248 15743.3800 14265.8625  9.39%   123 3272s
 33839 28645 14469.4912   39  422 15743.3800 14266.7339  9.38%   123 3291s
 33865 28685 14450.4040   44  342 15743.3800 14266.7339  9.38%   124 3309s
 33905 28789 14664.0199   52  232 15743.3800 14266.7339  9.38%   124 3326s
 34009 28863 14813.0480   86  115 15743.3800 14266.7339  9.38%   125 3342s
 34083 29033 14937.5800  120   61 15743.3800 14266.7339  9.38%   125 3360s
 34253 29218 15030.4443  187  107 15743.3800 14267.6516  9.37%   125 3380s
 34482 29292     cutoff  253      15743.3800 14268.2277  9.37%   125 3398s
 34557 29397 14866.1343   43  272 15743.3800 14268.5512  9.37%   125 3421s
 34681 29474 14607.5779   32  332 15743.3800 14268.5512  9.37%   126 3438s
 34758 29606 14971.1608   46  393 15743.3800 14270.2165  9.36%   126 3459s
 34806 29606 15588.2600   94  197 15743.3800 14270.2165  9.36%   126 3460s
 34902 29667 14619.1271   33  634 15743.3800 14270.2165  9.36%   126 3480s
 34977 29768 15107.7681   44  245 15743.3800 14270.9461  9.35%   127 3498s
 35104 29842 14562.6231   39  453 15743.3800 14270.9461  9.35%   127 3515s
 35208 30011 15199.3999   66  219 15743.3800 14272.2373  9.34%   127 3532s
 35435 30121 14503.1484   44  283 15743.3800 14272.2373  9.34%   127 3550s
 35597 30473 14818.0688  102   81 15743.3800 14272.4917  9.34%   127 3572s
 35796 30473 15284.8684  268   48 15743.3800 14272.4917  9.34%   127 3575s
 36026 30541 15639.7425  306   54 15743.3800 14273.2895  9.34%   127 3596s
 36109 30556 14932.7285   54  346 15743.3800 14273.2895  9.34%   127 3600s

Cutting planes:
  User: 8913
  Gomory: 23
  Cover: 499
  Implied bound: 153
  Projected implied bound: 23
  Clique: 20
  MIR: 139
  StrongCG: 1
  Flow cover: 370
  Zero half: 19
  Network: 1
  RLT: 298
  Relax-and-lift: 5
  Lazy constraints: 1362

Explored 36124 nodes (4593203 simplex iterations) in 3600.27 seconds
Thread count was 2 (of 32 available processors)

Solution count 7: 15743.4 15744.8 15745 ... 16045.3

Time limit reached
Best objective 1.574338000000e+04, best bound 1.427328951361e+04, gap 9.3378%

User-callback calls 312669, time in user-callback 292.66 sec
================================================================================
executing instance: ./input/Instances/Original/2/absH3high_4n10.dat
--------------------------------------------------------------------------------
Instance details
n	11
H	3
C	822
Li:
[0, 0, 0, 0, 0, 0, 0, 0, 0, 0, 0, ]
Ui:
[0, 102, 52, 88, 182, 153, 138, 38, 165, 297, 86, ]
Distance matrix:
|0	285	411	382	327	239	148	256	307	36	383	|
|285	0	352	98	249	103	227	235	120	268	209	|
|411	352	0	395	106	430	263	549	234	429	174	|
|382	98	395	0	302	173	320	288	168	364	227	|
|327	249	106	302	0	324	179	444	135	339	109	|
|239	103	430	173	324	0	241	132	212	212	305	|
|148	227	263	320	179	241	0	325	192	165	249	|
|256	235	549	288	444	132	325	0	342	220	436	|
|307	120	234	168	135	212	192	342	0	304	94	|
|36	268	429	364	339	212	165	220	304	0	386	|
|383	209	174	227	109	305	249	436	94	386	0	|

--------------------------------------------------------------------------------
Building model...
	using lazy and cut (CVRPSEP package)
Solving IRP LP...
--------------------------------------------------------------------------------

Gurobi 9.1.0 (linux64) logging started Sun Feb  7 07:39:30 2021

Gurobi Optimizer version 9.1.0 build v9.1.0rc0 (linux64)
Thread count: 32 physical cores, 32 logical processors, using up to 2 threads
Optimize a model with 530 rows, 956 columns and 3902 nonzeros
Model fingerprint: 0x314580ac
Variable types: 164 continuous, 792 integer (132 binary)
Coefficient statistics:
  Matrix range     [1e+00, 3e+02]
  Objective range  [2e-01, 5e+02]
  Bounds range     [1e+00, 3e+02]
  RHS range        [1e+00, 1e+03]
Presolve removed 184 rows and 51 columns
Presolve time: 0.05s
Presolved: 346 rows, 905 columns, 3102 nonzeros
Variable types: 102 continuous, 803 integer (679 binary)
Found heuristic solution: objective 11137.650000

Root relaxation: objective 4.143339e+03, 565 iterations, 0.01 seconds

    Nodes    |    Current Node    |     Objective Bounds      |     Work
 Expl Unexpl |  Obj  Depth IntInf | Incumbent    BestBd   Gap | It/Node Time

     0     0 4143.33915    0   70 11137.6500 4143.33915  62.8%     -    0s
H    0     0                    6914.8800000 4143.33915  40.1%     -    0s
     0     0 4378.51513    0   74 6914.88000 4378.51513  36.7%     -    0s
     0     0 4697.82809    0   88 6914.88000 4697.82809  32.1%     -    0s
     0     0 4713.99519    0   59 6914.88000 4713.99519  31.8%     -    0s
     0     0 4729.60866    0  100 6914.88000 4729.60866  31.6%     -    0s
     0     0 4731.66316    0   99 6914.88000 4731.66316  31.6%     -    0s
     0     0 4731.66316    0  101 6914.88000 4731.66316  31.6%     -    0s
     0     0 4791.21520    0  102 6914.88000 4791.21520  30.7%     -    0s
