




arguments: ./build/bc_mirp -f ./input/orig_exec_222.cfg
Current dir: /scratch/gui/bc_mirp
File verbosity level: 9
date       time         ( uptime  ) [ thread name/id ]                   file:line     v| 
2021-02-14 09:55:22.209 (   1.185s) [main thread     ]             loguru.cpp:789   INFO| Logging to './output/vi_vc+hc3/OU/V4/Original/execution_14_02_2021_09_55_22.log', mode: 'a', verbosity: 9
--------------------------------------------------------------------------------
Parameters
                           instance_path           ./input/Instances/Original/5/
                            model_policy                                       1
                             nb_vehicles                                       4
                              output_dir      ./output/vi_vc+hc3/OU/V4/Original/
                            sec_strategy                                       1
                       solver_nb_threads                                       2
                         solver_show_log                                    true
                       solver_time_limit                                    3600
                              use_vi_cos                                   false
                              use_vi_cus                                   false
                         use_vi_hc1_full                                   false
                         use_vi_hc1_half                                   false
                      use_vi_hc1_quarter                                   false
                              use_vi_hc2                                   false
                              use_vi_hc3                                    true
                         use_vi_lex_full                                   false
                         use_vi_lex_half                                   false
                      use_vi_lex_quarter                                   false
                              use_vi_qua                                   false
                               use_vi_vc                                    true
                               use_vi_vr                                   false
--------------------------------------------------------------------------------
executing instance: ./input/Instances/Original/5/absH3low_4n50.dat
--------------------------------------------------------------------------------
Instance details
n	51
H	3
C	4066
Li:
[0, 0, 0, 0, 0, 0, 0, 0, 0, 0, 0, 0, 0, 0, 0, 0, 0, 0, 0, 0, 0, 0, 0, 0, 0, 0, 0, 0, 0, 0, 0, 0, 0, 0, 0, 0, 0, 0, 0, 0, 0, 0, 0, 0, 0, 0, 0, 0, 0, 0, 0, ]
Ui:
[0, 108, 126, 122, 66, 120, 48, 30, 128, 54, 158, 198, 36, 66, 210, 234, 147, 297, 171, 128, 116, 120, 219, 70, 294, 207, 134, 128, 234, 122, 22, 183, 195, 255, 132, 124, 66, 189, 219, 66, 128, 102, 288, 66, 87, 136, 36, 39, 282, 36, 237, ]
Distance matrix:
|0	210	444	498	509	104	438	228	487	304	456	434	526	476	163	47	293	396	293	290	313	85	280	437	293	336	409	106	449	376	433	478	193	404	404	534	278	181	380	507	189	438	263	473	353	216	202	218	452	254	465	|
|210	0	299	507	359	106	345	409	358	411	320	402	555	448	136	200	289	264	306	427	141	222	83	348	264	320	283	303	380	208	258	357	170	348	475	542	243	347	355	379	65	479	172	373	355	251	112	229	402	210	300	|
|444	299	0	363	65	358	116	542	66	440	26	241	425	272	282	407	251	51	276	490	159	397	224	124	217	237	48	490	170	99	83	74	261	180	430	385	214	479	231	85	270	390	184	116	271	300	409	276	210	215	54	|
|498	507	363	0	385	482	246	424	326	254	343	123	63	93	388	452	221	337	211	314	428	414	480	239	243	187	324	463	194	418	438	307	346	188	156	36	264	392	156	326	444	87	340	258	154	286	603	294	153	297	417	|
|509	359	65	385	0	422	145	602	59	492	59	269	448	292	348	472	305	115	329	545	218	462	281	152	274	286	106	554	192	153	116	78	326	216	472	403	274	540	271	63	334	425	249	127	316	361	468	337	233	278	69	|
|104	106	358	482	422	0	372	309	408	337	374	396	521	441	98	96	262	314	271	342	215	124	177	373	249	302	329	198	394	281	337	402	139	353	419	518	230	250	343	428	90	437	188	405	328	200	134	188	406	199	372	|
|438	345	116	246	145	372	0	485	87	357	97	126	309	155	279	394	180	101	200	414	223	373	288	8	157	150	84	459	53	188	196	68	245	72	328	269	165	427	128	97	297	280	184	36	175	250	456	233	94	184	170	|
|228	409	542	424	602	309	485	0	561	170	544	419	424	446	298	214	305	491	286	115	462	187	457	480	331	339	496	124	470	510	565	545	295	424	279	454	329	66	376	576	363	340	370	520	330	242	429	266	453	328	581	|
|487	358	66	326	59	408	87	561	0	441	40	211	389	233	324	446	258	95	281	497	220	431	287	95	230	234	79	522	133	164	146	19	297	160	415	344	233	500	215	21	323	367	224	68	261	320	470	299	174	242	106	|
|304	411	440	254	492	337	357	170	441	0	434	266	255	286	275	266	189	392	164	63	408	225	428	351	224	207	392	234	330	438	484	424	250	287	112	284	232	149	233	453	349	170	302	389	185	168	471	195	305	248	487	|
|456	320	26	343	59	374	97	544	40	434	0	223	406	252	294	418	247	60	271	487	181	405	247	105	215	229	49	498	149	124	109	48	270	165	419	364	215	482	218	60	288	375	194	92	261	302	431	279	190	220	75	|
|434	402	241	123	269	396	126	419	211	266	223	0	185	46	298	387	140	213	145	328	310	355	366	118	147	97	201	425	78	295	315	191	256	65	211	151	166	371	53	215	343	157	231	145	90	220	505	217	41	198	295	|
|526	555	425	63	448	521	309	424	389	255	406	185	0	156	430	481	266	398	252	310	485	442	534	301	293	237	386	480	257	478	500	370	390	249	145	55	313	401	212	389	491	89	392	321	201	322	646	334	216	345	479	|
|476	448	272	93	292	441	155	446	233	286	252	46	156	0	343	429	183	250	184	348	353	396	411	148	192	140	236	461	102	334	350	214	302	106	214	113	212	402	98	233	389	151	277	165	125	261	551	260	62	244	325	|
|163	136	282	388	348	98	279	298	324	275	294	298	430	343	0	124	167	234	178	296	167	121	162	279	151	205	247	216	297	224	280	316	42	256	340	423	132	232	246	344	74	349	100	314	233	115	216	97	308	101	307	|
|47	200	407	452	472	96	394	214	446	266	418	387	481	429	124	0	246	358	245	259	284	41	261	392	247	289	370	103	403	345	402	436	150	358	361	488	232	158	333	466	165	393	223	430	306	168	217	171	406	210	431	|
|293	289	251	221	305	262	180	305	258	189	247	140	266	183	167	246	0	204	26	240	238	215	276	175	37	43	203	289	169	255	297	242	125	122	202	257	52	248	87	272	225	191	134	215	67	80	382	77	163	81	298	|
|396	264	51	337	115	314	101	491	95	392	60	213	398	250	234	358	204	0	229	442	130	347	196	108	169	194	19	440	152	87	102	93	211	149	390	363	165	428	194	116	228	355	134	117	230	250	376	225	189	164	95	|
|293	306	276	211	329	271	200	286	281	164	271	145	252	184	178	245	26	229	0	216	262	212	297	195	63	53	228	280	184	280	323	264	138	137	178	248	76	232	95	294	241	173	156	234	60	77	395	83	172	102	324	|
|290	427	490	314	545	342	414	115	497	63	487	328	310	348	296	259	240	442	216	0	443	220	456	408	273	264	443	204	390	479	529	480	278	346	165	343	278	115	293	509	369	229	340	447	244	202	473	230	366	288	536	|
|313	141	159	428	218	215	223	462	220	408	181	310	485	353	167	284	238	130	262	443	0	288	67	228	202	252	149	382	267	67	122	221	168	247	440	459	186	396	273	241	125	423	107	245	291	242	251	214	297	162	160	|
|85	222	397	414	462	124	373	187	431	225	405	355	442	396	121	41	215	347	212	220	288	0	273	371	221	258	357	95	378	344	401	420	136	331	321	450	208	126	302	450	177	353	213	409	272	136	253	143	377	190	426	|
|280	83	224	480	281	177	288	457	287	428	247	366	534	411	162	261	276	196	297	456	67	273	0	292	243	298	215	363	329	128	176	288	179	305	475	513	224	392	324	307	96	466	143	311	335	261	187	235	357	195	219	|
|437	348	124	239	152	373	8	480	95	351	105	118	301	148	279	392	175	108	195	408	228	371	292	0	154	144	91	456	46	194	203	76	244	65	320	261	163	423	121	103	299	273	185	40	168	247	459	230	86	183	178	|
|293	264	217	243	274	249	157	331	230	224	215	147	293	192	151	247	37	169	63	273	202	221	243	154	0	57	170	303	157	217	260	215	110	111	238	278	21	271	94	245	201	223	100	193	92	93	362	78	160	54	263	|
|336	320	237	187	286	302	150	339	234	207	229	97	237	140	205	289	43	194	53	264	252	258	298	144	57	0	190	331	131	257	294	216	163	84	197	221	77	285	44	246	258	172	155	183	39	123	418	119	120	110	288	|
|409	283	48	324	106	329	84	496	79	392	49	201	386	236	247	370	203	19	228	443	149	357	215	91	170	190	0	449	136	105	114	75	221	138	384	349	168	434	185	99	245	346	146	98	224	255	394	231	174	171	99	|
|106	303	490	463	554	198	459	124	522	234	498	425	480	461	216	103	289	440	280	204	382	95	363	456	303	331	449	0	458	439	496	510	229	410	344	498	293	89	374	540	267	391	307	495	336	211	308	226	451	280	520	|
|449	380	170	194	192	394	53	470	133	330	149	78	257	102	297	403	169	152	184	390	267	378	329	46	157	131	136	458	0	238	249	114	259	47	287	216	171	416	96	137	327	235	211	67	145	247	488	235	41	197	223	|
|376	208	99	418	153	281	188	510	164	438	124	295	478	334	224	345	255	87	280	479	67	344	128	194	217	257	105	439	238	0	57	169	216	230	453	445	206	445	268	184	191	427	141	202	296	278	315	250	274	191	92	|
|433	258	83	438	116	337	196	565	146	484	109	315	500	350	280	402	297	102	323	529	122	401	176	203	260	294	114	496	249	57	0	157	271	252	490	463	251	499	296	162	247	457	195	199	331	329	362	302	288	241	47	|
|478	357	74	307	78	402	68	545	19	424	48	191	370	214	316	436	242	93	264	480	221	420	288	76	215	216	75	510	114	169	157	0	287	141	396	325	219	485	196	31	319	347	216	49	243	306	469	286	154	230	120	|
|193	170	261	346	326	139	245	295	297	250	270	256	390	302	42	150	125	211	138	278	168	136	179	244	110	163	221	229	259	216	271	287	0	216	305	382	91	229	204	316	105	310	78	280	192	83	257	60	268	62	292	|
|404	348	180	188	216	353	72	424	160	287	165	65	249	106	256	358	122	149	137	346	247	331	305	65	111	84	138	410	47	230	252	141	216	0	255	215	126	369	56	168	292	210	177	102	103	200	454	189	54	155	234	|
|404	475	430	156	472	419	328	279	415	112	419	211	145	214	340	361	202	390	178	165	440	321	475	320	238	197	384	344	287	453	490	396	305	255	0	181	254	261	201	422	410	69	335	353	160	225	551	246	252	280	482	|
|534	542	385	36	403	518	269	454	344	284	364	151	55	113	423	488	257	363	248	343	459	450	513	261	278	221	349	498	216	445	463	325	382	215	181	0	298	425	189	342	479	115	373	276	190	323	638	330	175	332	439	|
|278	243	214	264	274	230	165	329	233	232	215	166	313	212	132	232	52	165	76	278	186	208	224	163	21	77	168	293	171	206	251	219	91	126	254	298	0	267	114	250	181	242	82	202	112	88	341	68	177	33	258	|
|181	347	479	392	540	250	427	66	500	149	482	371	401	402	232	158	248	428	232	115	396	126	392	423	271	285	434	89	416	445	499	485	229	369	261	425	267	0	325	516	298	313	305	463	281	180	375	203	403	264	516	|
|380	355	231	156	271	343	128	376	215	233	218	53	212	98	246	333	87	194	95	293	273	302	324	121	94	44	185	374	96	268	296	196	204	56	201	189	114	325	0	224	294	161	185	157	49	167	455	163	78	147	284	|
|507	379	85	326	63	428	97	576	21	453	60	215	389	233	344	466	272	116	294	509	241	450	307	103	245	246	99	540	137	184	162	31	316	168	422	342	250	516	224	0	344	371	244	70	271	337	490	317	176	261	120	|
|189	65	270	444	334	90	297	363	323	349	288	343	491	389	74	165	225	228	241	369	125	177	96	299	201	258	245	267	327	191	247	319	105	292	410	479	181	298	294	344	0	414	116	328	291	187	163	165	345	147	282	|
|438	479	390	87	425	437	280	340	367	170	375	157	89	151	349	393	191	355	173	229	423	353	466	273	223	172	346	391	235	427	457	347	310	210	69	115	242	313	161	371	414	0	323	301	133	238	565	253	197	273	444	|
|263	172	184	340	249	188	184	370	224	302	194	231	392	277	100	223	134	134	156	340	107	213	143	185	100	155	146	307	211	141	195	216	78	177	335	373	82	305	185	244	116	323	0	217	192	138	278	110	230	55	214	|
|473	373	116	258	127	405	36	520	68	389	92	145	321	165	314	430	215	117	234	447	245	409	311	40	193	183	98	495	67	202	199	49	280	102	353	276	202	463	157	70	328	301	217	0	205	286	485	269	106	220	167	|
|353	355	271	154	316	328	175	330	261	185	261	90	201	125	233	306	67	230	60	244	291	272	335	168	92	39	224	336	145	296	331	243	192	103	160	190	112	281	49	271	291	133	192	205	0	138	449	141	123	145	323	|
|216	251	300	286	361	200	250	242	320	168	302	220	322	261	115	168	80	250	77	202	242	136	261	247	93	123	255	211	247	278	329	306	83	200	225	323	88	180	167	337	187	238	138	286	138	0	328	28	243	88	340	|
|202	112	409	603	468	134	456	429	470	471	431	505	646	551	216	217	382	376	395	473	251	253	187	459	362	418	394	308	488	315	362	469	257	454	551	638	341	375	455	490	163	565	278	485	449	328	0	313	508	308	406	|
|218	229	276	294	337	188	233	266	299	195	279	217	334	260	97	171	77	225	83	230	214	143	235	230	78	119	231	226	235	250	302	286	60	189	246	330	68	203	163	317	165	253	110	269	141	28	313	0	235	61	315	|
|452	402	210	153	233	406	94	453	174	305	190	41	216	62	308	406	163	189	172	366	297	377	357	86	160	120	174	451	41	274	288	154	268	54	252	175	177	403	78	176	345	197	230	106	123	243	508	235	0	207	264	|
|254	210	215	297	278	199	184	328	242	248	220	198	345	244	101	210	81	164	102	288	162	190	195	183	54	110	171	280	197	191	241	230	62	155	280	332	33	264	147	261	147	273	55	220	145	88	308	61	207	0	253	|
|465	300	54	417	69	372	170	581	106	487	75	295	479	325	307	431	298	95	324	536	160	426	219	178	263	288	99	520	223	92	47	120	292	234	482	439	258	516	284	120	282	444	214	167	323	340	406	315	264	253	0	|

--------------------------------------------------------------------------------
Building model...
	using lazy and cut (CVRPSEP package)
Solving IRP LP...
--------------------------------------------------------------------------------

Gurobi 9.1.0 (linux64) logging started Sun Feb 14 09:55:22 2021

Gurobi Optimizer version 9.1.0 build v9.1.0rc0 (linux64)
Thread count: 32 physical cores, 32 logical processors, using up to 2 threads
Optimize a model with 2490 rows, 16716 columns and 61302 nonzeros
Model fingerprint: 0x9a655f38
Variable types: 804 continuous, 15912 integer (612 binary)
Coefficient statistics:
  Matrix range     [1e+00, 1e+03]
  Objective range  [1e-02, 6e+02]
  Bounds range     [1e+00, 3e+02]
  RHS range        [1e+00, 7e+03]
Presolve removed 804 rows and 251 columns
Presolve time: 0.24s
Presolved: 1686 rows, 16465 columns, 54672 nonzeros
Variable types: 502 continuous, 15963 integer (15335 binary)

Root relaxation: objective 3.476966e+03, 1588 iterations, 0.08 seconds

    Nodes    |    Current Node    |     Objective Bounds      |     Work
 Expl Unexpl |  Obj  Depth IntInf | Incumbent    BestBd   Gap | It/Node Time

     0     0 3476.96592    0  168          - 3476.96592      -     -    0s
     0     0 3729.82891    0  174          - 3729.82891      -     -    1s
     0     0 3730.66007    0  161          - 3730.66007      -     -    1s
     0     0 4358.12050    0  274          - 4358.12050      -     -    1s
     0     0 4398.57661    0  268          - 4398.57661      -     -    1s
     0     0 4398.77743    0  276          - 4398.77743      -     -    1s
     0     0 4570.58789    0  372          - 4570.58789      -     -    2s
     0     0 4595.18845    0  366          - 4595.18845      -     -    3s
     0     0 4605.18111    0  323          - 4605.18111      -     -    3s
     0     0 4607.24112    0  364          - 4607.24112      -     -    4s
     0     0 4607.81029    0  390          - 4607.81029      -     -    4s
     0     0 4718.24874    0  414          - 4718.24874      -     -    5s
     0     0 4724.36270    0  343          - 4724.36270      -     -    5s
     0     0 4725.68597    0  347          - 4725.68597      -     -    5s
     0     0 4730.69828    0  367          - 4730.69828      -     -    5s
     0     0 4735.84309    0  355          - 4735.84309      -     -    5s
     0     0 4740.39617    0  392          - 4740.39617      -     -    5s
     0     0 4741.49082    0  389          - 4741.49082      -     -    6s
     0     0 4779.71098    0  356          - 4779.71098      -     -    6s
     0     0 4791.04854    0  455          - 4791.04854      -     -    7s
     0     0 4794.37031    0  427          - 4794.37031      -     -    7s
     0     0 4796.25666    0  433          - 4796.25666      -     -    7s
     0     0 4796.58436    0  437          - 4796.58436      -     -    7s
     0     0 4826.66009    0  421          - 4826.66009      -     -    8s
     0     0 4828.63389    0  393          - 4828.63389      -     -    9s
     0     0 4829.86967    0  410          - 4829.86967      -     -    9s
     0     0 4840.24998    0  399          - 4840.24998      -     -   10s
     0     0 4840.24998    0  360          - 4840.24998      -     -   10s
     0     2 4841.40854    0  363          - 4841.40854      -     -   14s
     5     8 4862.26185    2  422          - 4846.11739      -   687   15s
    38    41 4942.74749   10  364          - 4862.26185      -   610   20s
    86    92 5138.43477   27  237          - 4862.26185      -   470   25s
   173   183 5422.25673   63  156          - 4862.26185      -   355   30s
   302   340 6307.10441  123   87          - 4862.26185      -   279   35s
   530   537 9420.61000  254    2          - 4862.26185      -   188   40s
*  640   632             313    10595.710000 4862.26185  54.1%   166   42s
   678   631     cutoff  323      10595.7100 4867.85059  54.1%   159   47s
   712   660 5030.38355    7  391 10595.7100 4867.85059  54.1%   171   62s
   730   676 9571.84000  262  360 10595.7100 4867.85059  54.1%   172   68s
   732   677 5385.98421   61  166 10595.7100 4867.85059  54.1%   171   71s
   734   679 6710.40880  178  418 10595.7100 4867.85059  54.1%   171   75s
   742   684 5170.59135   24  615 10595.7100 4883.30392  53.9%   169   80s
   745   686 9440.58000  252  527 10595.7100 4908.16372  53.7%   168   85s
   751   690 5751.45348   61  478 10595.7100 4915.48825  53.6%   167   90s
   752   691 10579.6500  319  585 10595.7100 4918.06741  53.6%   167  103s
   755   693 9792.59000  286  605 10595.7100 4918.87160  53.6%   166  105s
   759   695 10370.6500  300  669 10595.7100 4923.55332  53.5%   165  110s
   764   699 5422.99216   64  690 10595.7100 4926.12335  53.5%   164  115s
   768   701 5777.54911   64  662 10595.7100 4926.21479  53.5%   163  257s
   772   704 8148.10500  221  714 10595.7100 4927.80829  53.5%   162  262s
   775   706 6243.72946   98  612 10595.7100 4928.07837  53.5%   162  267s
   777   707 5049.66604   19  723 10595.7100 4928.19025  53.5%   161  270s
   780   709 6660.91059  162  709 10595.7100 4929.03045  53.5%   161  276s
   781   710 8787.19500  242  709 10595.7100 4929.03045  53.5%   161  287s
   782   714 4943.02445   16  358 10595.7100 4929.18387  53.5%   211  290s
   790   717 4999.30587   18  341 10595.7100 4950.80726  53.3%   220  295s
   800   724 4996.72073   21  426 10595.7100 4955.47939  53.2%   237  300s
   813   733 5019.87093   25  410 10595.7100 4968.85302  53.1%   246  305s
   835   750 5048.71378   31  338 10595.7100 4968.85302  53.1%   253  311s
   859   770 5108.44844   38  237 10595.7100 4968.85302  53.1%   255  315s
   890   795 5194.83733   49  204 10595.7100 4968.85302  53.1%   258  321s
   929   823 5419.17143   63  184 10595.7100 4968.85302  53.1%   257  325s
   976   846 5491.03604   80  185 10595.7100 4968.85302  53.1%   254  330s
  1015   888 5561.26297   94  182 10595.7100 4968.85302  53.1%   252  335s
  1086   922 5767.46312  123  120 10595.7100 4968.85302  53.1%   246  341s
  1122   938 5810.71167  135  143 10595.7100 4968.85302  53.1%   244  359s
  1124   961 5880.19711  135   88 10595.7100 4968.85302  53.1%   244  360s
  1209  1011 6007.92469  171   94 10595.7100 4968.85302  53.1%   237  365s
  1296  1079 6338.57016  206  118 10595.7100 4968.85302  53.1%   229  370s
  1402  1162 7205.79439  249   17 10595.7100 4968.85302  53.1%   220  375s
  1500  1186 8827.33023  281   20 10595.7100 4981.03135  53.0%   211  380s
  1570  1233 5120.46296   30  400 10595.7100 4981.03135  53.0%   209  386s
  1619  1271 5146.68063   33  331 10595.7100 4981.03135  53.0%   208  391s
  1679  1318 5213.84010   38  266 10595.7100 4981.03135  53.0%   207  396s
  1763  1383 5305.49237   44  269 10595.7100 4981.03135  53.0%   203  402s
  1807  1428 5308.80636   47  278 10595.7100 4981.03135  53.0%   202  405s
  1867  1435 5310.04013   50  310 10595.7100 4981.03135  53.0%   198  413s
  1920  1442 5318.96706   53  293 10595.7100 4981.03135  53.0%   196  417s
  1932  1456 5360.23876   58  276 10595.7100 4981.03135  53.0%   198  420s
  1968  1481 5499.10399   73  223 10595.7100 4981.03135  53.0%   201  427s
  1987  1492 5515.90684   79  186 10595.7100 4981.03135  53.0%   202  430s
  2027  1531 5699.56845   96  139 10595.7100 4981.03135  53.0%   204  437s
  2056  1572 5875.00559  107  136 10595.7100 4981.03135  53.0%   204  442s
  2107  1583 6049.03603  115   74 10595.7100 4981.03135  53.0%   203  446s
  2135  1633 6077.11049  118   76 10595.7100 4981.03135  53.0%   204  451s
  2194  1671 6402.10171  134   64 10595.7100 4981.03135  53.0%   203  456s
  2252  1702 6786.99832  147   69 10595.7100 4981.03135  53.0%   201  461s
  2314  1757 6901.86906  153   27 10595.7100 4981.03135  53.0%   199  468s
  2402  1754 7787.40500  180    2 10595.7100 4981.03135  53.0%   193  470s
  2476  1814 7785.52397  170   28 10595.7100 4981.03135  53.0%   189  476s
  2555  1826 infeasible  188      10595.7100 4982.27456  53.0%   187  483s
  2630  1814 8734.62000  207    - 10595.7100 4982.27456  53.0%   182  485s
  2682  1832 5080.72498   22  403 10595.7100 4982.27456  53.0%   184  502s
  2684  1853 5081.33652   23  422 10595.7100 4982.27456  53.0%   184  506s
  2705  1867 5196.27945   31  311 10595.7100 4982.27456  53.0%   186  510s
  2743  1890 5293.90168   35  290 10595.7100 4982.27456  53.0%   189  518s
  2762  1901 5284.64206   39  317 10595.7100 4982.27456  53.0%   191  522s
  2779  1918 5369.08767   44  330 10595.7100 4982.27456  53.0%   193  527s
  2802  1934 5355.07771   48  376 10595.7100 4982.27456  53.0%   195  532s
  2826  1953 5461.72197   53  308 10595.7100 4982.27456  53.0%   196  537s
  2853  1979 5479.60295   62  264 10595.7100 4982.27456  53.0%   198  542s
  2888  2012 5557.05932   70  204 10595.7100 4982.27456  53.0%   198  547s
  2932  2040 5814.41658   79  231 10595.7100 4982.27456  53.0%   199  553s
  2968  2091 5700.57854   90  197 10595.7100 4982.27456  53.0%   201  559s
  3019  2176 5818.68417   99  148 10595.7100 4982.27456  53.0%   201  565s
  3104  2284 5922.05532  119  140 10595.7100 4982.27456  53.0%   200  572s
  3212  2508 6158.26785  133   81 10595.7100 4982.27456  53.0%   198  581s
  3454  2774 6889.83292  160   48 10595.7100 4986.97119  52.9%   190  592s
  3853  2908 8875.59071  202   10 10595.7100 4986.97119  52.9%   176  605s
  4100  2989 infeasible  206      10595.7100 4999.79084  52.8%   168  613s
  4171  3009     cutoff  215      10595.7100 5011.14153  52.7%   167  621s
  4207  3053 5210.79621   28  316 10595.7100 5012.15693  52.7%   168  628s
  4239  3094 5248.39121   41  303 10595.7100 5012.15693  52.7%   169  635s
  4280  3141 5388.54312   60  221 10595.7100 5012.15693  52.7%   170  643s
  4327  3209 5459.36589   70  154 10595.7100 5012.15693  52.7%   171  658s
  4395  3321 5780.66049   98  140 10595.7100 5012.15693  52.7%   171  667s
  4507  3528 5938.64518  126   78 10595.7100 5012.15693  52.7%   170  681s
  4755  3551 6505.80000  160    6 10595.7100 5012.15693  52.7%   165  685s
  4788  3722 6344.75624  149  104 10595.7100 5018.14686  52.6%   164  694s
  4821  3722 6667.08162  158   58 10595.7100 5018.14686  52.6%   163  695s
  5031  3811 7575.32324  180   21 10595.7100 5018.23056  52.6%   158  705s
  5160  3871 7945.24000  191    - 10595.7100 5019.85273  52.6%   157  715s
  5219  3904 7998.58000  191    6 10595.7100 5020.37576  52.6%   157  725s
  5270  3931 8057.24000  191    - 10595.7100 5021.94348  52.6%   159  734s
* 5271  3463             192    8021.2400000 5021.94348  37.4%   158  734s
* 5273  3436             190    7973.2400000 5021.94348  37.0%   158  734s
* 5274  3409             188    7928.2400000 5021.94348  36.7%   158  735s
  5315  3440     cutoff  191      7928.24000 5023.54378  36.6%   160  745s
  5348  3545 5299.62556   37  327 7928.24000 5023.54378  36.6%   161  756s
  5453  3716 5557.86238   64  302 7928.24000 5023.54378  36.6%   160  768s
  5552  3716 6903.56749  144   56 7928.24000 5023.54378  36.6%   159  770s
  5655  3814 7232.31194  152   70 7928.24000 5029.14769  36.6%   157  782s
  5772  3950 5484.06497   41  334 7928.24000 5029.23554  36.6%   157  796s
  5961  4000     cutoff  148      7928.24000 5031.75641  36.5%   155  809s
  6015  4107 5292.52157   44  353 7928.24000 5031.76283  36.5%   156  822s
  6124  4258 6637.37193  111   83 7928.24000 5033.27223  36.5%   155  836s
  6318  4289     cutoff  148      7928.24000 5034.66266  36.5%   153  850s
  6349  4337 5202.91263   28  527 7928.24000 5035.15824  36.5%   155  861s
  6397  4421 5284.81601   36  281 7928.24000 5035.15824  36.5%   157  873s
  6481  4570 5535.60846   44  187 7928.24000 5035.15824  36.5%   158  889s
  6532  4570 5877.61967   85  112 7928.24000 5035.15824  36.5%   159  890s
  6630  4710 5547.08955   61  163 7928.24000 5035.15824  36.5%   158  904s
  6663  4710 5713.95750   77  116 7928.24000 5035.15824  36.5%   159  905s
  6812  4793 5894.23609   91  113 7928.24000 5035.97943  36.5%   157  918s
  6926  4900 5087.85100   26  483 7928.24000 5036.00367  36.5%   158  933s
  7035  5040 5520.73371   60  172 7928.24000 5036.02736  36.5%   157  949s
  7068  5040 5849.68448   93   58 7928.24000 5036.02736  36.5%   157  950s
  7254  5206     cutoff  179      7928.24000 5036.55174  36.5%   155  969s
  7294  5209 5423.99604   54  257 7928.24000 5036.55174  36.5%   155  970s
  7431  5306 infeasible  178      7928.24000 5036.96196  36.5%   155  988s
  7529  5428 5267.72064   31  278 7928.24000 5037.33011  36.5%   155 1006s
  7677  5632 6037.42424   80  248 7928.24000 5038.05787  36.5%   156 1027s
  7896  5826 7882.48000  171    - 7928.24000 5038.09824  36.5%   155 1050s
  8131  5953 7927.15000  171    - 7928.24000 5039.09555  36.4%   154 1070s
  8296  6064 7905.28333  175    7 7928.24000 5039.83055  36.4%   154 1090s
  8419  6111     cutoff  178      7928.24000 5041.37857  36.4%   154 1107s
  8478  6186 5313.66954   34  270 7928.24000 5041.76683  36.4%   156 1125s
  8551  6408 5926.88668   51  147 7928.24000 5041.90642  36.4%   157 1147s
  8821  6600 5135.89388   37  328 7928.24000 5042.03081  36.4%   155 1167s
  9065  6752 5115.47037   32  348 7928.24000 5042.03081  36.4%   153 1186s
  9215  6880 5371.99350   56  297 7928.24000 5042.03081  36.4%   153 1205s
  9345  7036 5807.38115   97   98 7928.24000 5043.95169  36.4%   154 1227s
  9552  7218 7717.13389  154   28 7928.24000 5044.20964  36.4%   153 1248s
  9734  7382 infeasible  163      7928.24000 5044.50893  36.4%   153 1267s
  9920  7392 5600.64247   48  188 7928.24000 5045.07838  36.4%   152 1270s
  9926  7509 6223.75926  106   22 7928.24000 5046.00163  36.4%   152 1287s
 10069  7652 infeasible  143      7928.24000 5046.75604  36.3%   152 1308s
 10237  7722 infeasible  144      7928.24000 5046.95032  36.3%   152 1327s
 10315  7858 5531.22025   43  318 7928.24000 5047.26305  36.3%   153 1345s
 10451  8296 5713.03468   71   64 7928.24000 5048.61268  36.3%   154 1369s
 10528  8302 6301.54598  108   64 7928.24000 5048.61268  36.3%   154 1370s
 10945  8321 7681.31000  181    - 7928.24000 5048.72507  36.3%   150 1375s
 10987  8330 7416.74858  148    8 7928.24000 5048.72507  36.3%   150 1426s
 10997  8416 7432.41000  149    - 7928.24000 5050.44359  36.3%   150 1444s
 11053  8425 6127.09380   74  137 7928.24000 5050.44359  36.3%   150 1445s
 11101  8584 7834.89347  150    8 7928.24000 5050.51919  36.3%   150 1463s
 11184  8587 5996.05573   65  249 7928.24000 5050.75761  36.3%   150 1465s
 11297  8702     cutoff  155      7928.24000 5051.21423  36.3%   150 1484s
 11342  8702 5831.51400   75  193 7928.24000 5051.28254  36.3%   150 1485s
 11440  8742 5243.09350   37  534 7928.24000 5051.28254  36.3%   150 1504s
 11485  8834 5724.86401   61  487 7928.24000 5051.28254  36.3%   151 1521s
 11580  8974 6976.14573  130  152 7928.24000 5051.99896  36.3%   152 1541s
 11737  9109 5497.18585   36  300 7928.24000 5051.99896  36.3%   152 1646s
 11869  9350 6266.54101   62  135 7928.24000 5052.09819  36.3%   152 1673s
 12016  9354 5959.73725   83  129 7928.24000 5052.73857  36.3%   151 1675s
 12167  9367 infeasible  121      7928.24000 5053.01047  36.3%   151 1759s
 12173  9456 5146.91975   23  418 7928.24000 5053.01047  36.3%   151 1779s
 12210  9456 7665.98000  136   18 7928.24000 5053.01047  36.3%   151 1780s
 12280  9616 5755.05137   60  336 7928.24000 5053.24046  36.3%   151 1802s
 12469  9716 infeasible  163      7928.24000 5053.92521  36.3%   151 1825s
 12571  9880 6489.61325  100  122 7928.24000 5054.33378  36.2%   152 1845s
 12755  9981     cutoff  145      7928.24000 5054.37038  36.2%   152 1868s
 12870 10170 5426.52141   51  223 7928.24000 5054.37773  36.2%   153 1891s
 13063 10527 5903.12000  102   21 7928.24000 5054.41903  36.2%   153 1918s
 13196 10540 6630.57901  164   11 7928.24000 5054.41903  36.2%   152 1920s
 13548 10723 infeasible  200      7928.24000 5054.51044  36.2%   151 1945s
 13762 10864 5940.24905   73  194 7928.24000 5054.71699  36.2%   150 1970s
 13911 11007     cutoff  162      7928.24000 5055.07493  36.2%   150 1991s
 14055 11192 5871.38106   89  272 7928.24000 5055.80108  36.2%   151 2013s
 14177 11192 5509.16970   35  257 7928.24000 5055.80108  36.2%   150 2015s
 14274 11330 5559.42496   43  224 7928.24000 5056.16263  36.2%   150 2039s
 14329 11330 6612.06567   98   77 7928.24000 5056.16263  36.2%   150 2040s
 14454 11391 5279.52306   25  417 7928.24000 5056.57356  36.2%   150 2060s
 14503 11462 5456.24617   41  295 7928.24000 5056.57356  36.2%   151 2078s
 14574 11597 5549.64263   51  110 7928.24000 5056.57356  36.2%   152 2108s
 14684 11597 5682.91091   69  130 7928.24000 5056.57356  36.2%   153 2110s
 14709 11962 5747.29714   77  133 7928.24000 5056.57356  36.2%   153 2134s
 14764 11962 5915.98687   84   94 7928.24000 5056.57356  36.2%   153 2135s
 15107 11991 6455.25882  116   16 7928.24000 5056.57356  36.2%   152 2148s
 15138 12319 6397.43448  121   62 7928.24000 5056.70838  36.2%   152 2171s
 15570 12455 7347.50596  164   41 7928.24000 5056.79982  36.2%   150 2198s
 15647 12461 5994.58314   77  172 7928.24000 5056.79982  36.2%   150 2200s
 15690 12636 7619.17167  169   22 7928.24000 5057.56754  36.2%   150 2220s
 15921 12723     cutoff  194      7928.24000 5057.94680  36.2%   150 2242s
 16022 12873 5984.01452   81  211 7928.24000 5058.72560  36.2%   150 2262s
 16185 12889 7230.20511  128   73 7928.24000 5058.85242  36.2%   150 2265s
 16222 12955 7160.84400  132   13 7928.24000 5059.16103  36.2%   150 2282s
 16303 13060     cutoff  147      7928.24000 5059.81780  36.2%   151 2304s
 16342 13061 5693.19101   57  224 7928.24000 5059.81780  36.2%   151 2305s
 16420 13118 7915.63000  146    - 7928.24000 5060.13205  36.2%   151 2327s
 16479 13253     cutoff  146      7928.24000 5061.45730  36.2%   152 2348s
 16638 13354 5430.63398   51  394 7928.24000 5061.49194  36.2%   152 2378s
 16700 13354     cutoff  173      7928.24000 5061.49194  36.2%   152 2380s
 16743 13539 6679.97985  113  204 7928.24000 5061.92236  36.2%   152 2402s
 16942 13684 5285.37060   40  529 7928.24000 5061.92236  36.2%   152 2426s
 17107 13870 6379.33285   95  148 7928.24000 5062.65052  36.1%   152 2448s
 17186 13872 7388.18571  169   23 7928.24000 5062.65052  36.1%   152 2450s
 17331 13944 infeasible  182      7928.24000 5063.19437  36.1%   152 2471s
 17411 14138 5821.57025   74  230 7928.24000 5063.56738  36.1%   153 2492s
 17663 14219     cutoff  143      7928.24000 5063.62895  36.1%   152 2519s
 17700 14219 6146.20809   61  242 7928.24000 5063.62895  36.1%   152 2521s
 17742 14224 6270.68441   68  209 7928.24000 5063.85494  36.1%   153 2552s
 17747 14406 6295.64738   69  178 7928.24000 5064.16992  36.1%   153 2575s
 17975 14477 5258.75304   39  481 7928.24000 5064.47046  36.1%   152 2597s
 18046 14615 5920.12235   77  261 7928.24000 5064.64179  36.1%   153 2620s
 18189 14779     cutoff  147      7928.24000 5064.68514  36.1%   153 2646s
 18408 14985 5496.58164   40  222 7928.24000 5065.94869  36.1%   153 2685s
 18606 15393 5969.97125  108   86 7928.24000 5066.80330  36.1%   153 2713s
 18694 15393 6181.03315  145   40 7928.24000 5066.80330  36.1%   153 2715s
 19166 15503     cutoff  198      7928.24000 5066.83958  36.1%   150 2741s
 19232 15505     cutoff  196      7928.24000 5067.07712  36.1%   151 2824s
 19235 15652 5166.37408   26  385 7928.24000 5067.22385  36.1%   151 2848s
 19325 15654 5955.75727   72  181 7928.24000 5067.31846  36.1%   151 2850s
 19413 15706 infeasible   89      7928.24000 5067.54023  36.1%   151 2875s
 19469 15821 5424.84417   39  552 7928.24000 5067.54023  36.1%   151 2898s
 19557 15822 7362.86000  113    6 7928.24000 5067.54023  36.1%   152 2900s
 19608 15923 6218.10638   83  168 7928.24000 5067.64219  36.1%   152 2923s
 19740 16047 5394.04161   33  312 7928.24000 5067.75248  36.1%   152 2946s
 19862 16380 5682.12907   73  114 7928.24000 5067.78654  36.1%   152 2976s
 20083 16391 6727.20000  169    - 7928.24000 5067.78654  36.1%   151 2980s
 20249 16500 7638.57500  169    5 7928.24000 5067.79353  36.1%   151 3006s
 20471 16599 7691.64500  183    4 7928.24000 5068.04011  36.1%   151 3032s
 20549 16698 7814.87000  192    - 7928.24000 5068.10527  36.1%   151 3054s
 20591 16706 5619.18663   62  281 7928.24000 5068.10527  36.1%   152 3055s
 20655 16810 7906.65000  192    9 7928.24000 5068.13003  36.1%   152 3079s
 20694 16813 5647.88202   55  275 7928.24000 5068.13003  36.1%   152 3080s
 20818 16894     cutoff  193      7928.24000 5068.19075  36.1%   152 3104s
 20900 16895 5980.59681   62  258 7928.24000 5068.19116  36.1%   152 3105s
 20905 17000     cutoff  191      7928.24000 5068.23261  36.1%   152 3127s
 21022 17143 5762.62872   52  316 7928.24000 5069.08415  36.1%   152 3151s
 21185 17248     cutoff  147      7928.24000 5069.23769  36.1%   152 3176s
 21307 17414 5621.68301   59  331 7928.24000 5069.45380  36.1%   153 3202s
 21512 17524     cutoff  182      7928.24000 5070.17109  36.0%   153 3229s
 21542 17527 6134.19733   83  249 7928.24000 5070.19685  36.0%   153 3230s
 21640 17571     cutoff  182      7928.24000 5070.30758  36.0%   153 3256s
 21699 17682 5713.39767   52  266 7928.24000 5070.58904  36.0%   153 3280s
 21825 17757 5196.58160   28  353 7928.24000 5070.59312  36.0%   154 3306s
 21896 17902 5448.49804   43  368 7928.24000 5070.59312  36.0%   154 3332s
 22043 18209 5781.32381   74  128 7928.24000 5070.79315  36.0%   155 3362s
 22220 18223 6969.80570  154   11 7928.24000 5070.79315  36.0%   154 3365s
 22427 18244 7442.13000  159    - 7928.24000 5070.82198  36.0%   154 3542s
 22448 18277     cutoff  159      7928.24000 5071.01206  36.0%   154 3566s
 22487 18327 5248.73221   28  571 7928.24000 5071.01206  36.0%   155 3588s
 22537 18359 5465.12919   39  417 7928.24000 5071.01206  36.0%   156 3600s

Cutting planes:
  User: 5165
  Gomory: 32
  Cover: 562
  Implied bound: 221
  Projected implied bound: 7
  Clique: 50
  MIR: 170
  Flow cover: 494
  GUB cover: 1
  Zero half: 209
  Network: 2
  RLT: 368
  Relax-and-lift: 12
  Lazy constraints: 6859

Explored 22569 nodes (3531479 simplex iterations) in 3600.62 seconds
Thread count was 2 (of 32 available processors)

Solution count 4: 7928.24 7973.24 8021.24 10595.7 

Time limit reached
Best objective 7.928240000000e+03, best bound 5.071012061076e+03, gap 36.0386%

User-callback calls 639710, time in user-callback 213.29 sec
================================================================================
executing instance: ./input/Instances/Original/5/absH3low_4n25.dat
--------------------------------------------------------------------------------
Instance details
n	26
H	3
C	2029
Li:
[0, 0, 0, 0, 0, 0, 0, 0, 0, 0, 0, 0, 0, 0, 0, 0, 0, 0, 0, 0, 0, 0, 0, 0, 0, 0, ]
Ui:
[0, 34, 165, 76, 88, 188, 58, 279, 52, 132, 198, 142, 135, 165, 186, 58, 201, 196, 40, 183, 32, 90, 168, 126, 93, 146, ]
Distance matrix:
|0	299	188	235	91	202	152	147	162	277	268	132	71	162	220	69	220	289	241	124	265	80	162	132	66	302	|
|299	0	468	431	282	142	317	425	443	569	193	178	359	302	422	231	93	28	511	325	457	242	434	215	240	601	|
|188	468	0	153	265	342	308	43	192	106	455	290	117	206	142	246	379	464	252	274	360	267	211	319	231	184	|
|235	431	153	0	326	289	386	145	321	240	482	269	184	129	15	258	339	436	393	355	477	305	336	354	237	334	|
|91	282	265	326	0	228	66	228	166	339	196	157	154	242	311	99	225	264	229	50	201	47	153	71	115	340	|
|202	142	342	289	228	0	285	301	363	447	255	73	245	161	281	139	53	151	440	278	428	181	360	187	136	495	|
|152	317	308	386	66	285	0	275	167	368	188	217	207	308	371	163	274	295	210	34	145	108	148	104	181	350	|
|147	425	43	145	228	301	275	0	179	146	415	248	76	172	131	203	337	421	248	242	341	227	195	279	188	211	|
|162	443	192	321	166	363	167	179	0	216	352	291	152	302	307	225	375	428	81	138	170	201	22	237	227	183	|
|277	569	106	240	339	447	368	146	216	0	535	391	210	312	232	341	481	562	245	335	381	352	238	402	329	106	|
|268	193	455	482	196	255	188	415	352	535	0	225	339	367	469	224	212	165	398	214	302	188	335	136	245	533	|
|132	178	290	269	157	73	217	248	291	391	225	0	183	145	258	66	91	175	367	207	358	110	287	127	67	431	|
|71	359	117	184	154	245	207	76	152	210	339	183	0	152	169	131	274	352	232	174	294	151	161	203	119	251	|
|162	302	206	129	242	161	308	172	302	312	367	145	152	0	120	153	210	308	383	284	426	208	309	249	132	383	|
|220	422	142	15	311	281	371	131	307	232	469	258	169	120	0	245	330	427	379	340	461	291	321	340	224	324	|
|69	231	246	258	99	139	163	203	225	341	224	66	131	153	245	0	152	222	301	147	299	57	221	97	22	371	|
|220	93	379	339	225	53	274	337	375	481	212	91	274	210	330	152	0	99	448	273	419	180	369	171	157	521	|
|289	28	464	436	264	151	295	421	428	562	165	175	352	308	427	222	99	0	493	305	434	227	418	196	234	590	|
|241	511	252	393	229	440	210	248	81	245	398	367	232	383	379	301	448	493	0	190	147	270	80	298	305	175	|
|124	325	274	355	50	278	34	242	138	335	214	207	174	284	340	147	273	305	190	0	152	97	122	110	162	320	|
|265	457	360	477	201	428	145	341	170	381	302	358	294	426	461	299	419	434	147	152	0	248	150	249	312	322	|
|80	242	267	305	47	181	108	227	201	352	188	110	151	208	291	57	180	227	270	97	248	0	192	52	76	366	|
|162	434	211	336	153	360	148	195	22	238	335	287	161	309	321	221	369	418	80	122	150	192	0	224	225	203	|
|132	215	319	354	71	187	104	279	237	402	136	127	203	249	340	97	171	196	298	110	249	52	224	0	118	409	|
|66	240	231	237	115	136	181	188	227	329	245	67	119	132	224	22	157	234	305	162	312	76	225	118	0	364	|
|302	601	184	334	340	495	350	211	183	106	533	431	251	383	324	371	521	590	175	320	322	366	203	409	364	0	|

--------------------------------------------------------------------------------
Building model...
	using lazy and cut (CVRPSEP package)
Solving IRP LP...
--------------------------------------------------------------------------------

Gurobi 9.1.0 (linux64) logging started Sun Feb 14 10:55:24 2021

Gurobi Optimizer version 9.1.0 build v9.1.0rc0 (linux64)
Thread count: 32 physical cores, 32 logical processors, using up to 2 threads
Optimize a model with 1265 rows, 4616 columns and 17552 nonzeros
Model fingerprint: 0x9015c2c0
Variable types: 404 continuous, 4212 integer (312 binary)
Coefficient statistics:
  Matrix range     [1e+00, 5e+02]
  Objective range  [1e-02, 6e+02]
  Bounds range     [1e+00, 3e+02]
  RHS range        [1e+00, 3e+03]
Presolve removed 452 rows and 124 columns
Presolve time: 0.11s
Presolved: 813 rows, 4492 columns, 13900 nonzeros
Variable types: 252 continuous, 4240 integer (3928 binary)

Root relaxation: objective 2.501596e+03, 1162 iterations, 0.03 seconds

    Nodes    |    Current Node    |     Objective Bounds      |     Work
 Expl Unexpl |  Obj  Depth IntInf | Incumbent    BestBd   Gap | It/Node Time

     0     0 2501.59597    0   91          - 2501.59597      -     -    0s
     0     0 2607.77928    0  116          - 2607.77928      -     -    0s
     0     0 2607.93775    0  131          - 2607.93775      -     -    0s
     0     0 3100.91639    0  177          - 3100.91639      -     -    0s
