




arguments: ./build/mirp_solver -f ./input/orig_exec_49.cfg
Current dir: /scratch/gui/bnc_mirp
File verbosity level: 9
date       time         ( uptime  ) [ thread name/id ]                   file:line     v| 
2021-01-09 04:29:18.752 (   0.142s) [main thread     ]             loguru.cpp:789   INFO| Logging to './output/vi_cus/OU/V2/Original/execution_09_01_2021_04_29_18.log', mode: 'a', verbosity: 9
--------------------------------------------------------------------------------
Parameters
                           instance_path           ./input/Instances/Original/2/
                            model_policy                                       1
                             nb_vehicles                                       2
                              output_dir         ./output/vi_cus/OU/V2/Original/
                            sec_strategy                                       1
                       solver_nb_threads                                       2
                         solver_show_log                                    true
                       solver_time_limit                                    3600
                              use_vi_cos                                   false
                              use_vi_cus                                    true
                         use_vi_hc1_full                                   false
                         use_vi_hc1_half                                   false
                      use_vi_hc1_quarter                                   false
                              use_vi_hc2                                   false
                              use_vi_hc3                                   false
                         use_vi_lex_full                                   false
                         use_vi_lex_half                                   false
                      use_vi_lex_quarter                                   false
                              use_vi_qua                                   false
                               use_vi_vc                                   false
                               use_vi_vr                                   false
--------------------------------------------------------------------------------
executing instance: ./input/Instances/Original/2/absH3high_3n40.dat
--------------------------------------------------------------------------------
Instance details
n	41
H	3
C	3283
Li:
[0, 0, 0, 0, 0, 0, 0, 0, 0, 0, 0, 0, 0, 0, 0, 0, 0, 0, 0, 0, 0, 0, 0, 0, 0, 0, 0, 0, 0, 0, 0, 0, 0, 0, 0, 0, 0, 0, 0, 0, 0, ]
Ui:
[0, 63, 111, 99, 96, 111, 282, 122, 156, 261, 42, 192, 126, 42, 162, 207, 159, 122, 102, 190, 118, 102, 132, 102, 165, 252, 66, 52, 22, 114, 210, 176, 116, 294, 78, 152, 210, 45, 130, 198, 174, ]
Distance matrix:
|0	208	225	252	227	143	258	127	267	150	28	83	163	286	57	149	201	137	214	255	70	73	107	186	328	266	249	343	222	177	293	144	262	215	167	120	169	218	143	173	255	|
|208	0	397	355	416	198	216	99	211	275	193	172	97	166	240	225	362	109	277	314	182	216	273	374	298	208	319	161	14	103	93	120	58	196	152	156	372	227	260	218	453	|
|225	397	0	427	53	364	482	343	492	129	253	225	382	386	171	188	39	291	187	195	295	182	282	55	326	491	180	551	408	315	457	366	455	275	392	244	221	439	341	214	101	|
|252	355	427	0	401	158	201	263	219	396	234	328	259	498	299	400	420	354	465	506	205	324	152	374	574	219	499	393	366	389	446	235	378	456	205	359	224	150	111	423	400	|
|227	416	53	401	0	357	477	352	489	165	253	245	389	424	179	223	85	315	234	245	293	200	264	42	375	488	231	565	428	344	484	370	474	314	392	270	184	430	325	252	50	|
|143	198	364	158	357	0	121	105	134	290	116	196	103	342	200	276	343	205	343	385	74	210	112	319	432	133	382	265	209	237	290	78	226	313	57	220	232	75	69	292	375	|
|258	216	482	201	477	121	0	168	18	397	230	293	135	381	314	372	459	275	437	480	188	317	228	439	501	18	479	197	222	296	290	132	212	386	95	306	347	58	173	381	496	|
|127	99	343	263	352	105	168	0	171	239	105	130	40	237	173	206	313	109	270	312	84	164	175	310	337	169	313	216	112	135	192	37	142	220	77	138	280	155	162	213	382	|
|267	211	492	219	489	134	18	171	0	404	240	298	136	376	323	376	468	276	441	483	198	324	243	450	500	2	483	181	215	294	281	136	202	386	102	309	363	75	189	384	509	|
|150	275	129	396	165	290	397	239	404	0	175	110	279	259	97	59	91	166	84	116	217	80	245	130	226	402	106	434	286	187	329	269	333	149	302	119	244	364	291	87	213	|
|28	193	253	234	253	116	230	105	240	175	0	94	139	286	84	167	229	136	234	275	43	96	98	212	341	238	271	320	206	175	281	118	244	225	140	128	180	191	124	189	280	|
|83	172	225	328	245	196	293	130	298	110	94	0	169	209	77	80	191	71	147	189	127	45	189	203	247	296	187	327	184	106	241	162	230	132	198	38	242	266	217	96	285	|
|163	97	382	259	389	103	135	40	136	279	139	169	0	253	212	244	353	141	307	349	110	203	194	347	366	133	350	183	107	161	187	27	124	251	56	175	306	133	169	249	418	|
|286	166	386	498	424	342	381	237	376	259	286	209	253	0	284	201	347	151	210	230	299	247	383	387	155	374	242	290	162	112	129	270	192	113	308	172	451	386	391	172	471	|
|57	240	171	299	179	200	314	173	323	97	84	77	212	284	0	112	145	147	170	208	127	38	148	137	299	321	201	386	253	183	315	195	297	195	222	112	171	275	195	142	214	|
|149	225	188	400	223	276	372	206	376	59	167	80	244	201	112	0	149	117	67	110	205	78	254	186	187	374	108	387	235	132	272	240	283	93	277	71	279	346	291	32	270	|
|201	362	39	420	85	343	459	313	468	91	229	191	353	347	145	149	0	254	149	160	272	150	271	66	290	466	146	518	373	278	419	339	420	235	367	207	227	418	327	175	135	|
|137	109	291	354	315	205	275	109	276	166	136	71	141	151	147	117	254	0	172	212	151	116	232	273	229	274	215	270	119	39	170	145	167	111	186	47	305	263	245	113	356	|
|214	277	187	465	234	343	437	270	441	84	234	147	307	210	170	67	149	172	0	42	272	141	317	205	144	439	43	437	284	175	307	305	331	99	343	132	327	413	357	60	283	|
|255	314	195	506	245	385	480	312	483	116	275	189	349	230	208	110	160	212	42	0	314	182	356	222	132	481	15	474	321	212	337	347	367	126	385	174	358	455	398	100	295	|
|70	182	295	205	293	74	188	84	198	217	43	127	110	299	127	205	272	151	272	314	0	137	91	253	370	196	310	292	195	188	274	85	226	252	99	155	197	148	94	223	316	|
|73	216	182	324	200	210	317	164	324	80	96	45	203	247	38	78	150	116	141	182	137	0	176	158	263	323	176	369	229	150	286	191	274	157	223	77	208	284	216	106	239	|
|107	273	282	152	264	112	228	175	243	245	98	189	194	383	148	254	271	232	317	356	91	176	0	231	435	242	349	371	286	271	365	167	315	321	164	224	120	174	61	280	274	|
|186	374	55	374	42	319	439	310	450	130	212	203	347	387	137	186	66	273	205	222	253	158	231	0	348	448	208	523	386	303	442	329	431	279	352	229	167	392	291	217	85	|
|328	298	326	574	375	432	501	337	500	226	341	247	366	155	299	187	290	229	144	132	370	263	435	348	0	498	147	441	299	206	283	374	338	119	414	215	465	492	463	157	425	|
|266	208	491	219	488	133	18	169	2	402	238	296	133	374	321	374	466	274	439	481	196	323	242	448	498	0	481	180	213	292	278	134	200	384	100	307	362	75	188	381	508	|
|249	319	180	499	231	382	479	313	483	106	271	187	350	242	201	108	146	215	43	15	310	176	349	208	147	481	0	480	326	217	346	347	373	135	385	175	347	454	392	103	280	|
|343	161	551	393	565	265	197	216	181	434	320	327	183	290	386	387	518	270	437	474	292	369	371	523	441	180	480	0	153	263	163	207	107	352	208	317	487	244	334	379	598	|
|222	14	408	366	428	209	222	112	215	286	206	184	107	162	253	235	373	119	284	321	195	229	286	386	299	213	326	153	0	109	81	132	48	201	162	167	386	236	272	226	466	|
|177	103	315	389	344	237	296	135	294	187	175	106	161	112	183	132	278	39	175	212	188	150	271	303	206	292	217	263	109	0	142	171	156	95	211	74	344	289	281	118	386	|
|293	93	457	446	484	290	290	192	281	329	281	241	187	129	315	272	419	170	307	337	274	286	365	442	283	278	346	163	81	142	0	212	79	211	241	214	461	311	353	254	525	|
|144	120	366	235	370	78	132	37	136	269	118	162	27	270	195	240	339	145	305	347	85	191	167	329	374	134	347	207	132	171	212	0	151	257	40	174	280	119	142	248	398	|
|262	58	455	378	474	226	212	142	202	333	244	230	124	192	297	283	420	167	331	367	226	274	315	431	338	200	373	107	48	156	79	151	0	245	173	214	421	237	293	273	510	|
|215	196	275	456	314	313	386	220	386	149	225	132	251	113	195	93	235	111	99	126	252	157	321	279	119	384	135	352	201	95	211	257	245	0	297	97	365	374	345	62	362	|
|167	152	392	205	392	57	95	77	102	302	140	198	56	308	222	277	367	186	343	385	99	223	164	352	414	100	385	208	162	211	241	40	173	297	0	213	283	79	126	287	415	|
|120	156	244	359	270	220	306	138	309	119	128	38	175	172	112	71	207	47	132	174	155	77	224	229	215	307	175	317	167	74	214	174	214	97	213	0	280	286	248	75	313	|
|169	372	221	224	184	232	347	280	363	244	180	242	306	451	171	279	227	305	327	358	197	208	120	167	465	362	347	487	386	344	461	280	421	365	283	280	0	291	175	310	176	|
|218	227	439	150	430	75	58	155	75	364	191	266	133	386	275	346	418	263	413	455	148	284	174	392	492	75	454	244	236	289	311	119	237	374	79	286	291	0	116	359	445	|
|143	260	341	111	325	69	173	162	189	291	124	217	169	391	195	291	327	245	357	398	94	216	61	291	463	188	392	334	272	281	353	142	293	345	126	248	175	116	0	313	335	|
|173	218	214	423	252	292	381	213	384	87	189	96	249	172	142	32	175	113	60	100	223	106	280	217	157	381	103	379	226	118	254	248	273	62	287	75	310	359	313	0	300	|
|255	453	101	400	50	375	496	382	509	213	280	285	418	471	214	270	135	356	283	295	316	239	274	85	425	508	280	598	466	386	525	398	510	362	415	313	176	445	335	300	0	|

--------------------------------------------------------------------------------
Building model...
	using lazy and cut (CVRPSEP package)
Solving IRP LP...
--------------------------------------------------------------------------------

Gurobi 9.1.0 (linux64) logging started Sat Jan  9 04:29:19 2021

Gurobi Optimizer version 9.1.0 build v9.1.0rc0 (linux64)
Thread count: 32 physical cores, 32 logical processors, using up to 2 threads
Optimize a model with 902 rows, 5570 columns and 13028 nonzeros
Model fingerprint: 0x47b0b485
Variable types: 404 continuous, 5166 integer (246 binary)
Coefficient statistics:
  Matrix range     [1e+00, 2e+03]
  Objective range  [1e-01, 6e+02]
  Bounds range     [1e+00, 3e+02]
  RHS range        [1e+01, 6e+03]
Presolve removed 285 rows and 162 columns
Presolve time: 0.09s
Presolved: 617 rows, 5408 columns, 12021 nonzeros
Variable types: 242 continuous, 5166 integer (4926 binary)

Root relaxation: objective 1.220592e+04, 569 iterations, 0.01 seconds

    Nodes    |    Current Node    |     Objective Bounds      |     Work
 Expl Unexpl |  Obj  Depth IntInf | Incumbent    BestBd   Gap | It/Node Time

     0     0 12205.9186    0  118          - 12205.9186      -     -    0s
     0     0 12683.1752    0  130          - 12683.1752      -     -    0s
     0     0 12698.1840    0  136          - 12698.1840      -     -    0s
     0     0 12699.6020    0  139          - 12699.6020      -     -    0s
     0     0 13340.5860    0  147          - 13340.5860      -     -    0s
     0     0 13413.5965    0  183          - 13413.5965      -     -    0s
     0     0 13475.1610    0  140          - 13475.1610      -     -    0s
     0     0 13486.6889    0  208          - 13486.6889      -     -    0s
     0     0 13489.9371    0  198          - 13489.9371      -     -    0s
     0     0 13490.0900    0  193          - 13490.0900      -     -    0s
     0     0 13610.5391    0  219          - 13610.5391      -     -    0s
     0     0 13621.0408    0  201          - 13621.0408      -     -    0s
     0     0 13622.6742    0  233          - 13622.6742      -     -    0s
     0     0 13674.1987    0  283          - 13674.1987      -     -    1s
     0     0 13683.3737    0  260          - 13683.3737      -     -    1s
     0     0 13690.0264    0  265          - 13690.0264      -     -    1s
     0     0 13692.9980    0  265          - 13692.9980      -     -    1s
     0     0 13700.2063    0  310          - 13700.2063      -     -    1s
     0     0 13702.6222    0  301          - 13702.6222      -     -    1s
     0     0 13710.5152    0  295          - 13710.5152      -     -    1s
     0     0 13716.9238    0  311          - 13716.9238      -     -    1s
     0     0 13718.6415    0  335          - 13718.6415      -     -    1s
     0     0 13725.6020    0  275          - 13725.6020      -     -    1s
     0     0 13725.6020    0  221          - 13725.6020      -     -    1s
     0     2 13736.5912    0  251          - 13736.5912      -     -    2s
    89    99 14009.1238   22  233          - 13778.7816      -   211    5s
*  275   272             121    15725.230000 13778.7816  12.4%   110    7s
*  277   272             121    15692.230000 13778.7816  12.2%   110    8s
*  278   272             121    15668.230000 13778.7816  12.1%   109    8s
   339   329 14791.4362   72   60 15668.2300 13778.7816  12.1%   108   10s
H  386   390                    15444.470000 13778.7816  10.8%  99.1   11s
   480   449 13949.7856   13  264 15444.4700 13797.4864  10.7%   101   15s
   720   739 14407.0148   50   55 15444.4700 13797.4864  10.7%  92.2   20s
H  804   713                    15439.130000 13797.4864  10.6%  87.1   22s
   815   720 15029.7192  104  374 15439.1300 13837.7977  10.4%  85.9   25s
H  821   687                    15365.620000 13850.4906  9.86%  85.3   27s
   829   692 14079.7130   25  374 15365.6200 13852.9639  9.84%  84.4   30s
   847   707 13995.8623   19  215 15365.6200 13892.8649  9.58%  98.9   35s
H  886   697                    15333.840000 13897.2885  9.37%   104   37s
   929   727 14172.3180   42  134 15333.8400 13897.2885  9.37%   111   40s
  1040   815 14479.5695   74   85 15333.8400 13897.2885  9.37%   113   45s
  1190   924 14632.4307  107  114 15333.8400 13897.2885  9.37%   111   50s
  1359  1043 14963.2546  138   80 15333.8400 13897.2885  9.37%   106   55s
  1558  1075 15108.2289  195   52 15333.8400 13897.2885  9.37%   103   60s
  1712  1127 14139.9279   31  160 15333.8400 13903.0048  9.33%   101   65s
  1852  1173 14348.4065   57  112 15333.8400 13903.0048  9.33%  99.2   70s
  1984  1243 14653.1991   97   12 15333.8400 13903.0048  9.33%  96.9   75s
* 2011   959             138    14818.030000 13903.0048  6.18%  96.6   79s
  2057   933     cutoff  151      14818.0300 13904.4023  6.17%  95.7   80s
  2217   980 14053.0800   26  300 14818.0300 13904.4023  6.17%  93.5   85s
  2321  1047 14286.9128   42  204 14818.0300 13904.4023  6.17%  95.4   91s
  2429  1144 14485.8360   66  105 14818.0300 13904.4023  6.17%  96.2   95s
  2589  1180 14090.1688   22  231 14818.0300 13924.0858  6.03%  93.8  100s
  2706  1316 14537.1726  107   24 14818.0300 13924.0858  6.03%  93.2  105s
  2908  1421 14105.1295   22  333 14818.0300 13925.4599  6.02%  91.3  111s
  2968  1489 14602.5657   33  195 14818.0300 13925.4599  6.02%  92.8  117s
  3062  1540 14090.6995   22  285 14818.0300 13925.6468  6.02%  93.6  121s
  3149  1638 14452.4581   50  171 14818.0300 13937.4836  5.94%  94.2  126s
  3242  1745 14296.5853   33  173 14818.0300 13938.1174  5.94%  95.0  132s
  3329  1873 14661.2966   91   16 14818.0300 13945.9766  5.89%  94.3  135s
  3575  1974     cutoff   68      14818.0300 13947.0805  5.88%  91.7  143s
  3618  2016 14436.1962   42   95 14818.0300 13947.0852  5.88%  92.3  146s
  3716  2112 14292.4517   26  155 14818.0300 13948.0905  5.87%  93.7  152s
  3822  2152 14782.2296   37  138 14818.0300 13949.4283  5.86%  93.3  156s
  3947  2243 14507.5081   46  199 14818.0300 13955.1812  5.82%  94.2  162s
  3992  2284 14212.0536   29  288 14818.0300 13955.4738  5.82%  95.2  166s
  4051  2372 14474.6139   40  128 14818.0300 13956.4382  5.81%  96.0  171s
  4193  2437     cutoff   96      14818.0300 13957.1696  5.81%  95.3  175s
  4298  2510 14095.5327   23  258 14818.0300 13957.7506  5.81%  97.0  183s
  4343  2542 14192.9914   31  189 14818.0300 13957.7506  5.81%  98.3  186s
  4375  2605 14286.0975   41  111 14818.0300 13957.7506  5.81%  99.2  191s
  4438  2689 14396.5729   61   41 14818.0300 13957.7506  5.81%   100  197s
  4540  2773 14484.5060   95   14 14818.0300 13971.2954  5.71%   100  202s
  4662  2855 14351.5184   31  263 14818.0300 13972.0359  5.71%   100  207s
  4789  2908     cutoff   83      14818.0300 13974.8310  5.69%  99.4  212s
  4862  3001 14326.8835   33  143 14818.0300 13976.4304  5.68%   100  230s
  4990  3134     cutoff   62      14818.0300 13976.6019  5.68%   100  237s
  5132  3165 14762.3839   55   53 14818.0300 13977.3865  5.67%  99.4  243s
H 5153  2541                    14683.650000 13979.0839  4.80%   100  243s
  5195  2598 14170.5446   21  181 14683.6500 13983.7222  4.77%   100  248s
  5286  2720 14285.7094   28  252 14683.6500 13984.4479  4.76%   101  254s
  5426  2769 14417.5748   35  217 14683.6500 13986.0063  4.75%   101  260s
  5565  2875 14556.1573   47   94 14683.6500 13989.3879  4.73%   101  267s
  5743  2981     cutoff   64      14683.6500 13995.1346  4.69%   100  274s
  5874  3102 14283.0080   27  242 14683.6500 13996.6813  4.68%   101  281s
  6029  3201 14167.5311   21  212 14683.6500 14000.2682  4.65%   101  287s
  6146  3282     cutoff   54      14683.6500 14001.5219  4.65%   102  294s
  6262  3329 14195.6388   27  248 14683.6500 14011.5513  4.58%   103  301s
  6330  3474 14259.8882   28  202 14683.6500 14012.8072  4.57%   103  308s
  6524  3554 14228.2502   24  198 14683.6500 14018.7792  4.53%   103  315s
  6628  3645 14212.3674   24  299 14683.6500 14020.5787  4.52%   103  322s
  6737  3744 14472.6266   48   48 14683.6500 14020.7956  4.51%   104  329s
  6802  3745 14360.0807   57   62 14683.6500 14020.7956  4.51%   104  330s
  6887  3967     cutoff   66      14683.6500 14024.7280  4.49%   104  337s
  7141  4073 14529.9315   71   18 14683.6500 14025.5438  4.48%   103  345s
  7290  4190 infeasible   61      14683.6500 14029.2588  4.46%   103  354s
  7443  4370 14243.4278   24  174 14683.6500 14031.1328  4.44%   103  363s
  7638  4377 14391.7310   36   77 14683.6500 14035.9857  4.41%   103  365s
* 7661  3458              59    14584.970000 14035.9857  3.76%   103  365s
  7693  3542     cutoff   81      14584.9700 14036.1236  3.76%   103  372s
  7854  3640     cutoff   47      14584.9700 14037.8733  3.75%   103  381s
  8040  3722     cutoff   59      14584.9700 14039.1897  3.74%   104  389s
  8082  3722 14575.0585   63   23 14584.9700 14039.1897  3.74%   103  390s
  8174  3796 14079.0209   21  341 14584.9700 14040.5675  3.73%   104  398s
  8262  3896 14435.9670   41  123 14584.9700 14042.1970  3.72%   105  405s
  8406  4023 14563.4007   46   24 14584.9700 14042.6760  3.72%   106  414s
  8493  4023 14536.8498   64   68 14584.9700 14043.6632  3.71%   106  415s
  8561  4171 14351.4118   53   12 14584.9700 14046.9848  3.69%   106  423s
  8761  4256     cutoff   87      14584.9700 14048.3162  3.68%   106  431s
  8876  4365     cutoff   51      14584.9700 14050.3827  3.67%   107  440s
  9014  4518 14495.4757   38   13 14584.9700 14051.2456  3.66%   107  449s
  9088  4520 14365.4003   34  211 14584.9700 14051.2456  3.66%   107  450s
  9238  4711     cutoff   57      14584.9700 14052.7409  3.65%   107  459s
  9427  4711 14564.1595   76   49 14584.9700 14053.9689  3.64%   106  460s
  9537  4802 14228.1960   31  276 14584.9700 14054.4830  3.64%   106  468s
H 9570  4461                    14559.120000 14055.6917  3.46%   106  468s
  9640  4578 14150.2239   26  241 14559.1200 14055.9498  3.46%   106  477s
  9810  4625 14519.4814   43  142 14559.1200 14056.8344  3.45%   106  487s
  9871  4717 14555.5300   53    - 14559.1200 14057.2793  3.45%   107  495s
 10034  4833     cutoff   53      14559.1200 14059.1725  3.43%   107  504s
 10092  4834 14548.8442   51  210 14559.1200 14059.1725  3.43%   107  505s
 10228  5088     cutoff   62      14559.1200 14059.7625  3.43%   107  515s
 10537  5160 14534.1566   55   46 14559.1200 14061.4193  3.42%   106  525s
 10705  5262 14523.5409   34  192 14559.1200 14063.9559  3.40%   107  534s
 10866  5365 14183.9342   28  310 14559.1200 14066.8030  3.38%   107  544s
 10907  5365 14464.2425   69   85 14559.1200 14066.8030  3.38%   107  545s
 10985  5479 14514.9202   40  201 14559.1200 14066.9295  3.38%   107  559s
 11151  5604     cutoff   42      14559.1200 14068.1120  3.37%   108  568s
 11340  5664     cutoff   84      14559.1200 14069.3869  3.36%   108  577s
 11440  5730 14448.3860   41   90 14559.1200 14070.5504  3.36%   109  586s
 11597  5800 14518.7100   55    - 14559.1200 14071.6821  3.35%   109  595s
 11694  5940     cutoff   55      14559.1200 14072.6779  3.34%   109  605s
 11894  6001 14260.7352   34  192 14559.1200 14074.0746  3.33%   109  614s
 11975  6115 14313.6091   32  115 14559.1200 14075.2668  3.32%   110  623s
 12142  6227 14249.3268   30  286 14559.1200 14076.6701  3.31%   110  632s
 12296  6338 14413.8194   34   81 14559.1200 14078.3261  3.30%   110  642s
 12461  6492 14402.7492   47   54 14559.1200 14078.9441  3.30%   111  652s
 12690  6606 14488.7104   41  127 14559.1200 14080.2460  3.29%   110  662s
 12858  6715 14331.6179   39  228 14559.1200 14082.1994  3.28%   111  672s
 13022  6795 14346.7476   33  233 14559.1200 14082.5269  3.27%   111  682s
 13172  6912 14395.6976   30  204 14559.1200 14083.9507  3.26%   111  690s
 13339  7040 14445.9562   36   64 14559.1200 14085.7458  3.25%   111  700s
 13509  7190     cutoff   35      14559.1200 14087.9314  3.24%   111  709s
 13577  7190 14506.9354   53   64 14559.1200 14087.9314  3.24%   111  710s
 13726  7278 14368.5192   29  138 14559.1200 14089.8288  3.22%   111  719s
 13760  7281 14542.6256   33  200 14559.1200 14089.8288  3.22%   111  720s
 13860  7349     cutoff   45      14559.1200 14091.0329  3.22%   111  728s
 13954  7435     cutoff   34      14559.1200 14091.0524  3.21%   112  738s
 14191  7535 14546.7600   48    - 14559.1200 14091.6290  3.21%   112  747s
 14338  7606     cutoff   48      14559.1200 14093.3521  3.20%   112  756s
 14464  7852 14284.8762   43   55 14559.1200 14094.2448  3.19%   112  766s
H14613  6233                    14485.000000 14094.2448  2.70%   112  768s
 14754  6255 14366.6666   29  301 14485.0000 14096.0028  2.69%   111  779s
 14898  6404     cutoff   46      14485.0000 14096.7453  2.68%   112  788s
 15119  6552 14361.5227   38  158 14485.0000 14098.9673  2.67%   111  798s
 15333  6553 14429.9108   39   95 14485.0000 14099.8085  2.66%   111  800s
 15336  6723 14241.7426   64   16 14485.0000 14099.8921  2.66%   111  809s
 15449  6723 14480.5906   40   74 14485.0000 14099.8921  2.66%   111  810s
 15572  6822 14192.5753   34  215 14485.0000 14101.2894  2.65%   111  819s
H15661  6526                    14472.830000 14101.3057  2.57%   111  819s
 15706  6530 14315.9526   36  103 14472.8300 14101.3057  2.57%   111  820s
 15715  6570 14345.0222   60   34 14472.8300 14101.4129  2.57%   111  829s
 15804  6635 14459.0968   32  208 14472.8300 14102.4624  2.56%   111  837s
 15945  6755 14262.4734   35  146 14472.8300 14103.7106  2.55%   111  847s
 16109  6847 14446.4537   45   36 14472.8300 14104.8131  2.54%   111  857s
 16271  6903 14270.4107   28  185 14472.8300 14105.5179  2.54%   111  866s
 16364  6975 infeasible   24      14472.8300 14106.4770  2.53%   112  875s
H16501  6655                    14461.960000 14108.0902  2.45%   112  876s
 16519  6784 14445.1400   40   29 14461.9600 14108.9513  2.44%   112  885s
 16721  6860     cutoff   41      14461.9600 14109.9156  2.43%   112  894s
 16884  6934 14378.2542   33  213 14461.9600 14112.1820  2.42%   112  905s
 17047  6995     cutoff   61      14461.9600 14113.4185  2.41%   112  915s
 17158  7119     cutoff   48      14461.9600 14114.2909  2.40%   113  924s
 17215  7119 14357.8653   41  187 14461.9600 14114.2909  2.40%   113  925s
 17337  7214     cutoff   45      14461.9600 14115.4465  2.40%   113  934s
 17509  7361 14425.3837   31  152 14461.9600 14117.1568  2.38%   113  944s
 17740  7488 14434.3980   29  134 14461.9600 14119.1584  2.37%   113  954s
 17827  7489 14282.7052   39   37 14461.9600 14119.1584  2.37%   113  955s
 17935  7539 14341.6288   52   41 14461.9600 14119.8027  2.37%   113  964s
 18038  7608 14379.7827   30  297 14461.9600 14120.5897  2.36%   113  974s
 18162  7679     cutoff   53      14461.9600 14122.1668  2.35%   113  984s
 18337  7793     cutoff   40      14461.9600 14122.6019  2.35%   114  993s
 18494  7851     cutoff   46      14461.9600 14123.6432  2.34%   114 1003s
H18567  7491                    14448.260000 14123.6432  2.25%   114 1004s
 18623  7560 14363.1882   27  220 14448.2600 14125.6469  2.23%   114 1015s
 18763  7619 14415.6236   29   42 14448.2600 14127.1415  2.22%   114 1025s
 18884  7697 14352.3963   33  124 14448.2600 14128.1364  2.22%   115 1035s
 19075  7798 14434.9256   51   28 14448.2600 14129.4675  2.21%   115 1046s
 19250  7871 14444.7911   41  157 14448.2600 14130.5821  2.20%   115 1056s
 19412  7909 14152.6358   26  254 14448.2600 14131.2423  2.19%   115 1066s
H19429  7331                    14429.260000 14131.2423  2.07%   115 1066s
 19513  7380 14247.0085   32  152 14429.2600 14131.8345  2.06%   115 1075s
 19658  7444     cutoff   36      14429.2600 14132.9866  2.05%   116 1086s
 19799  7530     cutoff   43      14429.2600 14133.2554  2.05%   116 1100s
 19967  7576 14298.1865   32  116 14429.2600 14134.7049  2.04%   116 1114s
H20002  6649                    14405.260000 14134.7049  1.88%   116 1114s
 20101  6688     cutoff   33      14405.2600 14135.4481  1.87%   116 1124s
 20177  6688 14339.5494   31  219 14405.2600 14135.4481  1.87%   116 1125s
 20253  6755     cutoff   35      14405.2600 14135.8402  1.87%   116 1136s
 20421  6818     cutoff   35      14405.2600 14136.9574  1.86%   116 1146s
 20550  6911 14355.2391   41   88 14405.2600 14137.1787  1.86%   117 1159s
 20596  6911 14334.9301   43  123 14405.2600 14137.1787  1.86%   117 1160s
 20737  7001 14179.4680   33   93 14405.2600 14138.1197  1.85%   117 1170s
 20915  7068 14329.6909   26  151 14405.2600 14138.6124  1.85%   117 1181s
 21086  7169     cutoff   36      14405.2600 14139.3884  1.85%   117 1192s
 21291  7260 infeasible   54      14405.2600 14140.1754  1.84%   117 1203s
 21467  7322 14365.7893   33  177 14405.2600 14141.0165  1.83%   117 1213s
 21634  7362 14296.4232   30  207 14405.2600 14141.7199  1.83%   118 1224s
 21777  7470     cutoff   32      14405.2600 14142.5771  1.82%   118 1234s
 21967  7539 14220.7334   23  314 14405.2600 14144.0031  1.81%   118 1245s
 22132  7572 14391.3338   30  235 14405.2600 14144.7733  1.81%   118 1257s
 22202  7627 14317.4322   28  326 14405.2600 14144.9662  1.81%   118 1266s
 22350  7698 14341.6580   37  211 14405.2600 14147.2286  1.79%   119 1277s
 22498  7805 14280.1462   35  160 14405.2600 14147.6917  1.79%   119 1289s
 22644  7805 14279.6175   37  160 14405.2600 14148.7729  1.78%   119 1290s
 22698  7879 14357.2392   36  237 14405.2600 14148.8624  1.78%   119 1300s
 22888  7978 14370.6507   25  283 14405.2600 14149.4411  1.78%   119 1311s
 23119  8053 14383.1900   59    - 14405.2600 14150.5460  1.77%   119 1325s
 23294  8100 14322.6814   31  211 14405.2600 14151.3879  1.76%   119 1335s
 23440  8161 14388.9144   32  155 14405.2600 14152.4922  1.75%   119 1346s
 23584  8231 14196.8378   27  235 14405.2600 14153.6330  1.75%   119 1357s
 23745  8379 14202.2190   32  130 14405.2600 14154.1958  1.74%   119 1369s
 23977  8383 14317.5358   26  245 14405.2600 14155.2072  1.74%   119 1370s
 23978  8482     cutoff   70      14405.2600 14155.2265  1.74%   119 1380s
*24077  7915              55    14390.310000 14156.3408  1.63%   119 1381s
 24171  7984 14372.2189   32  119 14390.3100 14156.6416  1.62%   119 1392s
 24355  8044 14285.5478   29  144 14390.3100 14157.4077  1.62%   119 1402s
 24534  8119 14366.6561   32  177 14390.3100 14158.6694  1.61%   119 1415s
 24715  8235 14318.8057   29  176 14390.3100 14159.1541  1.61%   119 1428s
 24959  8309     cutoff   45      14390.3100 14159.7752  1.60%   119 1439s
 25109  8356 14326.3380   58   64 14390.3100 14160.7571  1.60%   119 1449s
 25221  8359     cutoff   39      14390.3100 14161.3957  1.59%   119 1450s
 25287  8402     cutoff   63      14390.3100 14161.4917  1.59%   119 1460s
 25436  8466 14359.9293   29  123 14390.3100 14162.3676  1.58%   120 1471s
 25651  8547     cutoff   31      14390.3100 14163.1605  1.58%   120 1481s
 25859  8619     cutoff   33      14390.3100 14164.3107  1.57%   120 1493s
 26038  8697 14203.0054   26  334 14390.3100 14164.9733  1.57%   120 1504s
 26112  8697     cutoff   41      14390.3100 14166.0288  1.56%   120 1505s
 26213  8744 14325.1294   28  275 14390.3100 14166.2023  1.56%   120 1515s
 26395  8842 14275.2227   34  146 14390.3100 14167.0418  1.55%   120 1526s
 26623  8891 14315.2086   29  241 14390.3100 14167.7484  1.55%   120 1537s
 26798  8930 14370.8909   38   78 14390.3100 14168.2773  1.54%   120 1548s
 26960  9001 14270.7436   28  158 14390.3100 14169.2567  1.54%   120 1559s
 27077  9002 14369.9170   35   70 14390.3100 14169.2567  1.54%   120 1560s
 27175  9082     cutoff   33      14390.3100 14170.2558  1.53%   120 1571s
 27393  9140 14273.7357   33  110 14390.3100 14170.9190  1.52%   120 1582s
 27573  9192 14302.4182   28  197 14390.3100 14171.7680  1.52%   120 1593s
 27723  9250 14238.4070   33  111 14390.3100 14172.1413  1.52%   120 1605s
 27900  9325 14363.6789   30   56 14390.3100 14172.7241  1.51%   120 1616s
 28126  9372 14313.9306   31  148 14390.3100 14173.6850  1.51%   120 1627s
 28283  9422 14345.4756   40  162 14390.3100 14174.4579  1.50%   120 1638s
 28456  9527 14261.7342   37  125 14390.3100 14175.1878  1.49%   120 1650s
 28688  9583     cutoff   29      14390.3100 14175.7812  1.49%   120 1663s
 28877  9660 14329.2684   32  224 14390.3100 14176.5244  1.49%   120 1674s
 29097  9678 14266.6007   30  275 14390.3100 14177.5153  1.48%   120 1685s
 29217  9739 14351.1086   32  188 14390.3100 14178.0881  1.47%   120 1698s
H29303  6514                    14331.170000 14178.0881  1.07%   120 1699s
 29375  6516     cutoff   60      14331.1700 14178.3743  1.07%   120 1710s
 29566  6587 14285.5151   30  148 14331.1700 14179.0270  1.06%   120 1722s
 29778  6624     cutoff   42      14331.1700 14179.9231  1.06%   120 1734s
 29985  6661 14304.9538   33  124 14331.1700 14180.7878  1.05%   120 1745s
 30175  6687 14322.4648   35  106 14331.1700 14181.4479  1.04%   121 1756s
 30343  6704 14281.0527   24  219 14331.1700 14182.2265  1.04%   121 1767s
 30505  6764     cutoff   29      14331.1700 14183.0789  1.03%   121 1779s
 30745  6800 14312.0823   30  227 14331.1700 14183.9908  1.03%   121 1791s
 30941  6837     cutoff   35      14331.1700 14184.3729  1.02%   121 1803s
 31182  6883 14323.8892   32  268 14331.1700 14185.0212  1.02%   121 1815s
 31381  6946     cutoff   23      14331.1700 14185.8812  1.01%   121 1827s
 31605  6984     cutoff   37      14331.1700 14186.2205  1.01%   121 1840s
 31831  7037 14269.3107   31  129 14331.1700 14187.2357  1.00%   120 1852s
 32031  7089 14274.5392   32  136 14331.1700 14187.9925  1.00%   121 1864s
 32280  7138     cutoff   43      14331.1700 14188.9967  0.99%   120 1876s
 32482  7208 14287.9383   30  272 14331.1700 14189.9567  0.99%   120 1888s
 32726  7219 14286.0511   37  132 14331.1700 14190.8133  0.98%   120 1899s
 32819  7219     cutoff   32      14331.1700 14191.4436  0.97%   120 1900s
 32900  7235 14293.3653   35  109 14331.1700 14191.5487  0.97%   120 1910s
 33045  7298 14244.2989   32  117 14331.1700 14192.4772  0.97%   121 1922s
 33262  7321     cutoff   40      14331.1700 14193.0018  0.96%   121 1934s
 33418  7337     cutoff   30      14331.1700 14193.4967  0.96%   121 1946s
 33570  7346 14248.2210   31  199 14331.1700 14194.1984  0.96%   121 1957s
 33769  7349 14208.0385   28  218 14331.1700 14195.2326  0.95%   121 1969s
 33931  7374 14303.6867   23  313 14331.1700 14195.8847  0.94%   121 1981s
 34116  7403     cutoff   29      14331.1700 14196.9359  0.94%   121 1992s
 34303  7423     cutoff   36      14331.1700 14197.9358  0.93%   121 2004s
 34475  7436 14270.7571   28  148 14331.1700 14198.7054  0.92%   121 2016s
 34650  7460     cutoff   32      14331.1700 14199.4346  0.92%   121 2028s
 34849  7464     cutoff   24      14331.1700 14200.4256  0.91%   121 2041s
 35041  7481 14276.1215   25  271 14331.1700 14201.1180  0.91%   122 2053s
 35223  7507     cutoff   29      14331.1700 14201.7738  0.90%   122 2065s
 35404  7520 14303.9899   27  293 14331.1700 14202.3811  0.90%   122 2090s
 35566  7542     cutoff   32      14331.1700 14203.1329  0.89%   122 2103s
 35735  7570 14281.3873   30  252 14331.1700 14203.3985  0.89%   122 2114s
 35912  7585     cutoff   28      14331.1700 14204.4440  0.88%   122 2131s
 36085  7612 14283.7851   38  111 14331.1700 14204.7492  0.88%   122 2142s
 36262  7638 14315.5251   35  123 14331.1700 14205.8368  0.87%   122 2155s
 36480  7654 14285.3631   31  245 14331.1700 14206.2561  0.87%   122 2172s
 36652  7656 14292.2169   30  173 14331.1700 14206.7747  0.87%   123 2184s
 36828  7675 14315.6826   33  133 14331.1700 14207.4902  0.86%   123 2197s
 37048  7722     cutoff   38      14331.1700 14208.0451  0.86%   123 2210s
 37283  7761     cutoff   34      14331.1700 14208.9375  0.85%   123 2224s
 37515  7774     cutoff   31      14331.1700 14209.7020  0.85%   123 2241s
 37691  7793 14237.8247   32  193 14331.1700 14210.3617  0.84%   123 2253s
 37898  7800 14329.7582   38  173 14331.1700 14210.8850  0.84%   123 2266s
 38101  7821 14244.4031   32  148 14331.1700 14211.6757  0.83%   123 2279s
 38293  7821 14248.5330   38  140 14331.1700 14212.3148  0.83%   123 2280s
 38324  7834     cutoff   31      14331.1700 14212.3285  0.83%   123 2292s
 38535  7855 14327.0874   35   62 14331.1700 14213.1066  0.82%   123 2304s
 38660  7855 14302.9719   31  215 14331.1700 14214.0688  0.82%   123 2305s
 38769  7887 14324.9295   32  125 14331.1700 14214.1042  0.82%   123 2318s
 39003  7898 14247.5577   30  225 14331.1700 14214.6340  0.81%   123 2332s
 39248  7906     cutoff   35      14331.1700 14215.3129  0.81%   123 2346s
 39459  7934 14314.0878   25  132 14331.1700 14215.6965  0.81%   123 2360s
 39697  7942     cutoff   44      14331.1700 14216.4545  0.80%   123 2373s
 39914  7938 14307.8674   33  195 14331.1700 14217.2753  0.79%   123 2385s
 40101  7959 14303.7835   27  280 14331.1700 14218.2979  0.79%   123 2399s
 40237  7960 14249.8126   30  150 14331.1700 14219.0442  0.78%   123 2400s
 40330  7988 14299.9182   42   10 14331.1700 14219.0550  0.78%   123 2413s
 40581  8020 14280.8845   22  155 14331.1700 14219.8800  0.78%   123 2427s
 40875  8034 14276.4944   33  246 14331.1700 14220.4744  0.77%   123 2441s
 41068  8024     cutoff   34      14331.1700 14221.0097  0.77%   123 2453s
 41281  8040 14296.7636   33  253 14331.1700 14221.7037  0.76%   123 2468s
 41478  8038     cutoff   28      14331.1700 14222.3824  0.76%   123 2482s
 41679  8056     cutoff   32      14331.1700 14223.0693  0.75%   123 2496s
 41947  8058 14287.6195   34  249 14331.1700 14223.7957  0.75%   123 2513s
 42006  8062 14323.9018   35   99 14331.1700 14224.1111  0.75%   123 2529s
 42114  8062 14327.9757   39   71 14331.1700 14224.1111  0.75%   123 2530s
 42228  8045 14306.8206   37  129 14331.1700 14224.6623  0.74%   123 2544s
 42330  8045     cutoff   35      14331.1700 14225.1434  0.74%   123 2545s
 42421  8086     cutoff   34      14331.1700 14225.1497  0.74%   123 2564s
 42598  8086     cutoff   31      14331.1700 14226.0294  0.73%   123 2565s
 42773  8141 14279.0715   29  141 14331.1700 14226.0400  0.73%   123 2579s
 42887  8141 14258.3856   39  112 14331.1700 14226.0400  0.73%   123 2580s
 43050  8158 infeasible   63      14331.1700 14226.7695  0.73%   123 2594s
 43301  8153     cutoff   32      14331.1700 14227.3765  0.72%   123 2609s
 43525  8144 14305.0250   41   89 14331.1700 14228.1633  0.72%   123 2623s
 43772  8163     cutoff   35      14331.1700 14228.7416  0.71%   123 2638s
 44035  8175 14311.0797   37  239 14331.1700 14229.3975  0.71%   123 2654s
 44164  8175 14326.9237   44   78 14331.1700 14229.3975  0.71%   123 2656s
 44325  8170     cutoff   45      14331.1700 14230.1899  0.70%   123 2670s
 44511  8186 14279.0247   28  144 14331.1700 14230.6437  0.70%   123 2685s
 44792  8186     cutoff   35      14331.1700 14231.3522  0.70%   123 2700s
 45060  8152     cutoff   37      14331.1700 14232.0393  0.69%   123 2718s
 45271  8150     cutoff   35      14331.1700 14232.8815  0.69%   123 2737s
 45600  8143     cutoff   49      14331.1700 14234.1283  0.68%   123 2757s
 45938  8155     cutoff   31      14331.1700 14234.9734  0.67%   123 2776s
 46242  8164 14293.7032   37  106 14331.1700 14235.7025  0.67%   123 2792s
 46531  8131     cutoff   45      14331.1700 14236.2347  0.66%   123 2807s
 46786  8125     cutoff   35      14331.1700 14237.0460  0.66%   123 2823s
 47064  8137 14289.2120   35  203 14331.1700 14237.8005  0.65%   123 2843s
 47362  8119     cutoff   57      14331.1700 14238.4608  0.65%   123 2858s
 47619  8101     cutoff   42      14331.1700 14239.0617  0.64%   123 2874s
 47883  8074     cutoff   35      14331.1700 14240.0480  0.64%   123 2891s
 48160  8057 14313.2969   33  227 14331.1700 14240.8075  0.63%   123 2910s
 48529  8040 14295.1234   45   38 14331.1700 14241.6461  0.62%   123 2928s
 48823  8029     cutoff   51      14331.1700 14242.5447  0.62%   123 2945s
 49091  8012 14323.4100   28  124 14331.1700 14243.3790  0.61%   123 2963s
 49397  7950     cutoff   27      14331.1700 14244.0686  0.61%   123 2981s
 49656  7933 14303.4172   28  152 14331.1700 14245.0316  0.60%   123 2998s
 49971  7907     cutoff   32      14331.1700 14245.6357  0.60%   123 3016s
 50263  7867     cutoff   40      14331.1700 14246.4511  0.59%   123 3034s
 50547  7867 14313.2547   43   79 14331.1700 14247.2450  0.59%   123 3035s
 50601  7859     cutoff   36      14331.1700 14247.2674  0.59%   123 3051s
 50908  7803 14304.0978   26  179 14331.1700 14248.0231  0.58%   123 3069s
 51196  7765     cutoff   35      14331.1700 14248.8299  0.57%   123 3087s
 51477  7749     cutoff   33      14331.1700 14249.6612  0.57%   123 3106s
 51800  7720 14331.0669   38  167 14331.1700 14250.3891  0.56%   123 3124s
 51887  7720 14299.8975   29  136 14331.1700 14250.3891  0.56%   123 3125s
 52120  7692     cutoff   35      14331.1700 14251.2521  0.56%   123 3142s
 52426  7657     cutoff   43      14331.1700 14252.0706  0.55%   123 3158s
 52718  7620 14311.8882   44  112 14331.1700 14252.8362  0.55%   123 3174s
 52835  7620 14294.6115   32  102 14331.1700 14252.8362  0.55%   123 3175s
 53042  7564 14310.2914   31  259 14331.1700 14253.8435  0.54%   123 3321s
 53234  7530 14293.0871   26  184 14331.1700 14254.3793  0.54%   123 3339s
 53407  7530 14270.2750   37  100 14331.1700 14255.2174  0.53%   123 3340s
 53562  7496 14302.4694   31  144 14331.1700 14255.2435  0.53%   123 3357s
 53904  7460 14314.6076   35   57 14331.1700 14256.1074  0.52%   123 3375s
 54184  7390     cutoff   33      14331.1700 14256.7025  0.52%   123 3393s
 54520  7329     cutoff   32      14331.1700 14257.8372  0.51%   123 3411s
 54783  7274     cutoff   25      14331.1700 14258.5540  0.51%   123 3429s
 55078  7210     cutoff   41      14331.1700 14259.4711  0.50%   123 3447s
 55358  7188     cutoff   33      14331.1700 14260.5196  0.49%   123 3466s
 55751  7126     cutoff   38      14331.1700 14261.3331  0.49%   123 3484s
 55894  7126 14323.3286   40   65 14331.1700 14261.3331  0.49%   123 3485s
 56105  7059     cutoff   27      14331.1700 14262.1959  0.48%   123 3502s
 56450  6966     cutoff   36      14331.1700 14263.0877  0.48%   123 3520s
 56758  6898     cutoff   36      14331.1700 14264.0891  0.47%   122 3538s
 57053  6839     cutoff   38      14331.1700 14264.9539  0.46%   122 3555s
 57378  6748     cutoff   37      14331.1700 14265.7359  0.46%   122 3572s
 57683  6678 14317.0498   36  116 14331.1700 14266.6597  0.45%   122 3591s
 57981  6640     cutoff   36      14331.1700 14267.5898  0.44%   122 3600s

Cutting planes:
  User: 2529
  Gomory: 16
  Cover: 242
  Implied bound: 19
  Clique: 14
  MIR: 103
  StrongCG: 5
  Flow cover: 292
  Zero half: 41
  RLT: 202
  Lazy constraints: 3809

