




arguments: ./build/mirp_solver -f ./input/orig_exec_205.cfg
Current dir: /scratch/gui/bnc_mirp
File verbosity level: 9
date       time         ( uptime  ) [ thread name/id ]                   file:line     v| 
2021-01-10 09:58:01.996 (   0.512s) [main thread     ]             loguru.cpp:789   INFO| Logging to './output/vi_cus/OU/V2/Original/execution_10_01_2021_09_58_01.log', mode: 'a', verbosity: 9
--------------------------------------------------------------------------------
Parameters
                           instance_path           ./input/Instances/Original/6/
                            model_policy                                       1
                             nb_vehicles                                       2
                              output_dir         ./output/vi_cus/OU/V2/Original/
                            sec_strategy                                       1
                       solver_nb_threads                                       2
                         solver_show_log                                    true
                       solver_time_limit                                    3600
                              use_vi_cos                                   false
                              use_vi_cus                                    true
                         use_vi_hc1_full                                   false
                         use_vi_hc1_half                                   false
                      use_vi_hc1_quarter                                   false
                              use_vi_hc2                                   false
                              use_vi_hc3                                   false
                         use_vi_lex_full                                   false
                         use_vi_lex_half                                   false
                      use_vi_lex_quarter                                   false
                              use_vi_qua                                   false
                               use_vi_vc                                   false
                               use_vi_vr                                   false
--------------------------------------------------------------------------------
executing instance: ./input/Instances/Original/6/absH6high_1n25.dat
--------------------------------------------------------------------------------
Instance details
n	26
H	6
C	1711
Li:
[0, 0, 0, 0, 0, 0, 0, 0, 0, 0, 0, 0, 0, 0, 0, 0, 0, 0, 0, 0, 0, 0, 0, 0, 0, 0, ]
Ui:
[0, 168, 176, 34, 66, 36, 177, 106, 118, 182, 64, 141, 189, 63, 46, 111, 182, 231, 36, 66, 68, 54, 132, 90, 246, 75, ]
Distance matrix:
|0	191	200	231	334	329	146	196	208	245	218	164	283	394	151	358	156	196	309	253	201	260	127	138	130	104	|
|191	0	226	229	278	146	328	216	390	417	327	293	195	334	106	296	171	122	472	151	12	411	280	53	190	130	|
|200	226	0	38	149	359	321	10	276	274	418	364	139	204	121	173	321	115	303	141	225	236	155	202	311	256	|
|231	229	38	0	110	352	358	37	314	310	448	395	108	167	129	135	342	109	336	120	226	268	194	213	335	277	|
|334	278	149	110	0	367	467	147	422	413	546	495	86	61	203	25	423	163	429	129	271	363	303	282	424	361	|
|329	146	359	352	367	0	453	349	533	562	411	393	282	411	245	378	250	244	617	245	141	556	426	195	284	243	|
|146	328	321	358	467	453	0	321	162	215	160	112	425	524	297	491	223	341	284	397	339	266	186	276	184	210	|
|196	216	10	37	147	349	321	0	281	281	414	360	132	203	112	171	315	105	311	132	216	244	159	193	305	249	|
|208	390	276	314	422	533	162	281	0	54	321	271	410	471	316	445	348	348	123	398	398	115	125	338	313	309	|
|245	417	274	310	413	562	215	281	54	0	375	323	413	457	334	435	393	361	70	406	424	69	139	367	359	349	|
|218	327	418	448	546	411	160	414	321	375	0	57	484	606	347	569	163	393	444	446	339	421	318	288	137	199	|
|164	293	364	395	495	393	112	360	271	323	57	0	437	556	300	519	144	346	393	401	305	367	261	249	109	163	|
|283	195	139	108	86	282	425	132	410	413	484	437	0	139	137	101	349	91	443	44	187	375	286	206	355	291	|
|394	334	204	167	61	411	524	203	471	457	606	556	139	0	264	38	483	222	467	183	326	403	356	341	484	421	|
|151	106	121	129	203	245	297	112	316	334	347	300	137	264	0	225	220	46	381	102	106	316	195	84	221	158	|
|358	296	173	135	25	378	491	171	445	435	569	519	101	38	225	0	444	184	450	145	288	384	328	303	446	383	|
|156	171	321	342	423	250	223	315	348	393	163	144	349	483	220	444	0	261	460	308	183	415	284	143	39	65	|
|196	122	115	109	163	244	341	105	348	361	393	346	91	222	46	184	261	0	402	56	118	336	224	119	264	200	|
|309	472	303	336	429	617	284	311	123	70	444	393	443	467	381	450	460	402	0	442	477	68	192	424	426	413	|
|253	151	141	120	129	245	397	132	398	406	446	401	44	183	102	145	308	56	442	0	143	375	273	164	315	251	|
|201	12	225	226	271	141	339	216	398	424	339	305	187	326	106	288	183	118	477	143	0	416	286	63	202	142	|
|260	411	236	268	363	556	266	244	115	69	421	367	375	403	316	384	415	336	68	375	416	0	135	365	384	363	|
|127	280	155	194	303	426	186	159	125	139	318	261	286	356	195	328	284	224	192	273	286	135	0	232	256	229	|
|138	53	202	213	282	195	276	193	338	367	288	249	206	341	84	303	143	119	424	164	63	365	232	0	153	89	|
|130	190	311	335	424	284	184	305	313	359	137	109	355	484	221	446	39	264	426	315	202	384	256	153	0	64	|
|104	130	256	277	361	243	210	249	309	349	199	163	291	421	158	383	65	200	413	251	142	363	229	89	64	0	|

--------------------------------------------------------------------------------
Building model...
	using lazy and cut (CVRPSEP package)
Solving IRP LP...
--------------------------------------------------------------------------------

Gurobi 9.1.0 (linux64) logging started Sun Jan 10 09:58:02 2021

Gurobi Optimizer version 9.1.0 build v9.1.0rc0 (linux64)
Thread count: 32 physical cores, 32 logical processors, using up to 2 threads
Optimize a model with 1118 rows, 4694 columns and 11780 nonzeros
Model fingerprint: 0x1017bcaf
Variable types: 482 continuous, 4212 integer (312 binary)
Coefficient statistics:
  Matrix range     [1e+00, 9e+02]
  Objective range  [1e-01, 6e+02]
  Bounds range     [1e+00, 2e+02]
  RHS range        [1e+01, 3e+03]
Presolve removed 258 rows and 102 columns
Presolve time: 0.06s
Presolved: 860 rows, 4592 columns, 10770 nonzeros
Variable types: 380 continuous, 4212 integer (3912 binary)

Root relaxation: objective 1.299358e+04, 951 iterations, 0.01 seconds

    Nodes    |    Current Node    |     Objective Bounds      |     Work
 Expl Unexpl |  Obj  Depth IntInf | Incumbent    BestBd   Gap | It/Node Time

     0     0 12993.5773    0  200          - 12993.5773      -     -    0s
     0     0 13458.8653    0  244          - 13458.8653      -     -    0s
     0     0 13474.6443    0  223          - 13474.6443      -     -    0s
     0     0 13497.4478    0  235          - 13497.4478      -     -    0s
     0     0 13516.6242    0  224          - 13516.6242      -     -    0s
     0     0 13523.4305    0  231          - 13523.4305      -     -    0s
     0     0 13524.9328    0  222          - 13524.9328      -     -    0s
     0     0 14202.1404    0  315          - 14202.1404      -     -    0s
     0     0 14239.2059    0  305          - 14239.2059      -     -    0s
     0     0 14265.7179    0  297          - 14265.7179      -     -    0s
     0     0 14323.1922    0  319          - 14323.1922      -     -    0s
     0     0 14381.6916    0  354          - 14381.6916      -     -    0s
     0     0 14417.2822    0  338          - 14417.2822      -     -    0s
     0     0 14427.4304    0  336          - 14427.4304      -     -    0s
     0     0 14428.4282    0  357          - 14428.4282      -     -    0s
     0     0 14818.3727    0  375          - 14818.3727      -     -    1s
     0     0 14843.5293    0  369          - 14843.5293      -     -    1s
     0     0 14880.8920    0  354          - 14880.8920      -     -    1s
     0     0 14884.4383    0  347          - 14884.4383      -     -    1s
     0     0 14885.1649    0  383          - 14885.1649      -     -    1s
     0     0 15101.2561    0  446          - 15101.2561      -     -    1s
     0     0 15146.0669    0  405          - 15146.0669      -     -    1s
     0     0 15155.9262    0  422          - 15155.9262      -     -    1s
     0     0 15160.9831    0  425          - 15160.9831      -     -    2s
     0     0 15174.8966    0  424          - 15174.8966      -     -    2s
     0     0 15201.0057    0  376          - 15201.0057      -     -    2s
     0     0 15212.3507    0  429          - 15212.3507      -     -    2s
     0     0 15213.7682    0  392          - 15213.7682      -     -    2s
     0     0 15239.2558    0  438          - 15239.2558      -     -    2s
     0     0 15251.8771    0  446          - 15251.8771      -     -    2s
     0     0 15252.9790    0  467          - 15252.9790      -     -    2s
     0     0 15264.7005    0  366          - 15264.7005      -     -    2s
     0     0 15265.3848    0  423          - 15265.3848      -     -    2s
     0     0 15268.8111    0  408          - 15268.8111      -     -    2s
     0     0 15268.8111    0  363          - 15268.8111      -     -    3s
     0     2 15268.9221    0  348          - 15268.9221      -     -    3s
    17    20 15512.9255    5  448          - 15388.5090      -   766    5s
    95   100 16014.1622   25  356          - 15388.5090      -   438   10s
   300   360 16922.9285   54  181          - 15388.5090      -   246   15s
   692   657 15684.1224    5  442          - 15408.2910      -   133   20s
   733   690 17218.0729   66  550          - 15668.5575      -   138   25s
H  739   659                    21854.800000 15694.4951  28.2%   137   26s
H  739   625                    20330.420000 15694.4951  22.8%   137   26s
H  752   602                    20278.340000 15742.2633  22.4%   134   30s
H  752   571                    19802.500000 15742.2633  20.5%   134   31s
   781   591 15780.1791   23  493 19802.5000 15777.5602  20.3%   168   35s
H  785   565                    19726.340000 15780.1791  20.0%   172   36s
   810   582 15997.5668   29  404 19726.3400 15783.5916  20.0%   189   40s
   853   615 15967.8796   38  411 19726.3400 15783.5916  20.0%   207   45s
H  900   617                    18764.840000 15783.5916  15.9%   211   49s
   919   642 16194.2801   48  228 18764.8400 15783.5916  15.9%   210   51s
  1027   731 16394.6975   73  173 18764.8400 15783.5916  15.9%   203   55s
  1235   798 15880.0366   22  470 18764.8400 15783.5916  15.9%   184   60s
H 1237   757                    17969.040000 15783.5916  12.2%   185   61s
H 1295   733                    17775.240000 15802.6499  11.1%   188   64s
  1300   743 16149.3952   34  323 17775.2400 15802.6499  11.1%   189   65s
H 1361   753                    17753.080000 15802.6499  11.0%   193   68s
  1398   810 16588.4103   49  259 17753.0800 15802.6499  11.0%   192   71s
  1508   853 16879.9074   64  107 17753.0800 15802.6499  11.0%   186   75s
  1654   947 17112.2550  116   18 17753.0800 15804.7920  11.0%   180   80s
* 1683   915             127    17736.530000 15804.7920  10.9%   178   80s
* 1691   890             128    17720.530000 15804.7920  10.8%   178   80s
H 1751   866                    17440.420000 15804.7920  9.38%   179   83s
  1752   893 16154.7436   27  462 17440.4200 15804.7920  9.38%   179   85s
H 1842   833                    17048.630000 15804.7920  7.30%   180   90s
H 1940   791                    16998.970000 15804.7920  7.03%   174   92s
  1971   822 16717.9738   55  212 16998.9700 15804.7920  7.03%   177   96s
  2020   866 16845.7524   65  185 16998.9700 15811.1550  6.99%   176  100s
H 2027   847                    16971.150000 15811.1550  6.84%   175  100s
  2083   888 16745.4377   28  359 16971.1500 15812.7295  6.83%   181  106s
  2200   993 16734.6727   56  134 16971.1500 15817.3582  6.80%   181  112s
  2269  1036 16324.3150   32  340 16971.1500 15827.8734  6.74%   184  116s
  2321  1086 16473.0969   40  350 16971.1500 15827.8734  6.74%   188  120s
  2401  1129 16469.1935   33  370 16971.1500 15833.1968  6.71%   192  126s
  2463  1186 16176.9850   35  317 16971.1500 15837.6016  6.68%   195  130s
  2541  1306 16289.8935   30  349 16971.1500 15844.3479  6.64%   197  136s
  2679  1327 16072.8679   20  445 16971.1500 15844.8661  6.64%   192  140s
  2767  1396 16961.6200   57    4 16971.1500 15861.4216  6.54%   193  157s
* 2769  1390              58    16964.540000 15861.4216  6.50%   193  160s
  2844  1440 16075.4770   27  321 16964.5400 15885.9965  6.36%   196  166s
H 2863  1420                    16940.140000 15885.9965  6.22%   197  166s
  2869  1456 16748.2562   46  244 16940.1400 15908.2401  6.09%   197  170s
H 2941  1295                    16816.770000 15911.7256  5.38%   197  174s
  2985  1319 16110.6431   22  327 16816.7700 15912.9873  5.37%   197  177s
H 3019  1114                    16703.840000 15912.9873  4.73%   197  178s
  3036  1148 16463.3821   32  260 16703.8400 15919.2236  4.70%   197  181s
H 3095  1073                    16647.670000 15919.9081  4.37%   197  185s
  3115  1105 16259.4217   28  199 16647.6700 15919.9081  4.37%   198  190s
  3166  1154 16375.1699   38  171 16647.6700 15922.3938  4.36%   199  198s
  3250  1201 16379.3017   32  250 16647.6700 15924.6124  4.34%   199  202s
  3317  1297 16275.6482   30  330 16647.6700 15927.2153  4.33%   200  207s
  3460  1355 16315.2874   33  206 16647.6700 15928.0525  4.32%   197  212s
  3546  1400 16126.0054   32  394 16647.6700 15933.0492  4.29%   196  216s
  3625  1454 16356.2937   29  234 16647.6700 15941.5520  4.24%   197  221s
  3708  1485 16143.9389   27  382 16647.6700 15941.7830  4.24%   197  226s
  3760  1520     cutoff   42      16647.6700 15942.0568  4.24%   199  230s
  3821  1540 16563.6123   45  225 16647.6700 15945.5732  4.22%   200  235s
  3912  1590 16408.3085   30  319 16647.6700 15945.6661  4.22%   200  242s
  3982  1673 16615.7276   41  306 16647.6700 15950.5805  4.19%   201  248s
  4102  1703 16164.5188   25  388 16647.6700 15955.2512  4.16%   200  255s
  4150  1730 16315.8742   34  450 16647.6700 15955.7321  4.16%   202  260s
  4197  1797 16430.8081   29  242 16647.6700 15956.7207  4.15%   204  267s
  4283  1836 infeasible   42      16647.6700 15957.7506  4.14%   204  272s
  4377  1909 16094.1535   24  398 16647.6700 15959.3582  4.13%   205  278s
  4503  1966 16029.3332   23  422 16647.6700 15959.8837  4.13%   205  285s
  4577  2027 16123.0599   26  283 16647.6700 15964.0827  4.11%   206  292s
  4689  2069 16337.2017   33  213 16647.6700 15964.4742  4.10%   208  299s
  4757  2126 16144.8827   29  442 16647.6700 15964.9416  4.10%   209  306s
  4850  2210 16442.0905   36  296 16647.6700 15967.1389  4.09%   210  331s
  4974  2288 16610.5802   67  124 16647.6700 15967.8004  4.08%   210  340s
  5105  2371 16371.3239   40  236 16647.6700 15973.0642  4.05%   210  348s
H 5172  2159                    16575.760000 15973.0642  3.64%   210  349s
  5229  2290     cutoff   50      16575.7600 15976.0742  3.62%   210  357s
  5447  2359 16077.1261   31  355 16575.7600 15979.9439  3.59%   208  366s
H 5580  2345                    16552.320000 15981.6866  3.45%   209  376s
  5742  2422 16039.0665   26  329 16552.3200 15983.8636  3.43%   209  386s
  5900  2489 16237.5598   31  292 16552.3200 15986.5340  3.42%   209  396s
  6074  2530     cutoff   30      16552.3200 15990.9418  3.39%   210  406s
  6172  2607 16390.8645   38  336 16552.3200 15994.2049  3.37%   212  416s
  6325  2694 16337.5472   37  199 16552.3200 15997.7234  3.35%   212  426s
H 6348  2456                    16510.320000 15997.7234  3.10%   212  426s
  6489  2536     cutoff   45      16510.3200 16000.6063  3.09%   212  436s
  6661  2588 16451.6748   28  388 16510.3200 16003.7152  3.07%   213  450s
  6760  2653 16501.4570   32  383 16510.3200 16005.2214  3.06%   215  460s
  6922  2719 16236.7471   24  336 16510.3200 16007.8645  3.04%   215  471s
  7125  2792     cutoff   28      16510.3200 16008.9430  3.04%   215  482s
H 7126  2545                    16468.990000 16008.9430  2.79%   215  482s
  7283  2632     cutoff   38      16468.9900 16009.8601  2.79%   215  494s
  7377  2632 16246.9795   28  227 16468.9900 16014.1382  2.76%   215  495s
  7475  2732     cutoff   29      16468.9900 16014.4156  2.76%   215  506s
  7652  2801     cutoff   34      16468.9900 16017.1547  2.74%   216  518s
  7863  2880 16237.3390   27  267 16468.9900 16021.0955  2.72%   217  531s
  8044  2982 16265.3553   30  492 16468.9900 16024.1876  2.70%   217  543s
H 8296  2834                    16438.990000 16026.4032  2.51%   216  568s
  8483  2896 16246.3767   34  262 16438.9900 16029.5445  2.49%   216  581s
  8654  2981 16334.0272   38  353 16438.9900 16029.9650  2.49%   217  592s
  8809  3050 16303.0935   37  222 16438.9900 16032.8052  2.47%   218  605s
  8978  3188 16225.0879   31  223 16438.9900 16035.1445  2.46%   218  617s
  9200  3232     cutoff   46      16438.9900 16037.5360  2.44%   218  632s
H 9328  3108                    16424.010000 16037.5360  2.35%   218  633s
  9329  3151     cutoff   36      16424.0100 16037.8133  2.35%   218  644s
  9534  3216 16404.1254   28  403 16424.0100 16040.8142  2.33%   219  656s
  9755  3243 16370.4341   34  226 16424.0100 16042.8449  2.32%   218  670s
  9892  3313 16364.1128   35  246 16424.0100 16044.9879  2.31%   219  683s
 10109  3355 16366.5548   25  385 16424.0100 16047.6606  2.29%   220  694s
 10184  3355 16381.6727   38  227 16424.0100 16048.7310  2.28%   220  695s
 10262  3419 16323.6817   37  272 16424.0100 16049.1903  2.28%   221  707s
 10416  3521 16317.2407   32  214 16424.0100 16050.6428  2.27%   222  719s
 10674  3596 16123.9411   24  418 16424.0100 16053.0160  2.26%   222  731s
 10832  3648     cutoff   34      16424.0100 16054.4562  2.25%   223  743s
 11026  3761 16229.5335   34  307 16424.0100 16056.0497  2.24%   223  755s
 11302  3836 16352.5195   38  274 16424.0100 16059.5362  2.22%   222  767s
 11518  3916 16358.8445   34  291 16424.0100 16061.6940  2.21%   222  779s
 11722  4004 16336.2077   36  221 16424.0100 16066.5164  2.18%   222  803s
 11961  4053 16301.1791   38  297 16424.0100 16068.3194  2.17%   222  816s
 12156  4140 16129.3386   32  336 16424.0100 16071.1863  2.15%   222  828s
 12382  4224 16268.0390   37  230 16424.0100 16073.7142  2.13%   222  840s
 12595  4269     cutoff   30      16424.0100 16075.3687  2.12%   222  853s
 12769  4318 16305.1332   26  363 16424.0100 16077.5185  2.11%   222  864s
 12949  4389 16368.9913   38  265 16424.0100 16079.2746  2.10%   223  877s
 13167  4467     cutoff   29      16424.0100 16080.4821  2.09%   223  889s
 13440  4555 16229.5337   34  345 16424.0100 16083.5199  2.07%   223  902s
 13688  4617 16241.8640   32  374 16424.0100 16085.0546  2.06%   222  914s
 13773  4617 16394.0812   28  298 16424.0100 16085.8635  2.06%   222  915s
 13854  4670 16327.8774   39  207 16424.0100 16085.8635  2.06%   223  927s
 14062  4736 16194.5264   34  357 16424.0100 16088.6562  2.04%   223  943s
 14255  4816 16192.5084   22  512 16424.0100 16089.5120  2.04%   223  956s
 14466  4925 16291.6526   30  362 16424.0100 16090.6672  2.03%   224  969s
 14689  5045 16290.2587   30  190 16424.0100 16092.5907  2.02%   224  983s
 14939  5103 16239.3929   29  254 16424.0100 16093.2583  2.01%   223  995s
 15141  5159 infeasible   41      16424.0100 16094.7829  2.00%   223 1008s
 15320  5217 16391.1406   28  392 16424.0100 16096.6174  1.99%   224 1020s
 15555  5260 16260.4459   39  297 16424.0100 16098.2695  1.98%   224 1033s
 15766  5340 16260.1428   26  327 16424.0100 16099.8071  1.97%   224 1047s
 16023  5425 16223.5475   25  352 16424.0100 16101.1931  1.97%   223 1060s
 16232  5490 16317.9781   32  247 16424.0100 16102.9447  1.95%   224 1073s
 16446  5543 16395.0462   32  436 16424.0100 16104.2274  1.95%   224 1096s
 16659  5578 16378.9733   25  270 16424.0100 16105.1722  1.94%   224 1110s
 16833  5686 16216.8019   32  254 16424.0100 16106.4318  1.93%   224 1123s
 17106  5728 16221.7543   34  382 16424.0100 16108.5012  1.92%   223 1136s
 17304  5781 16180.9896   28  247 16424.0100 16109.3699  1.92%   224 1148s
 17514  5893 16222.9360   26  385 16424.0100 16110.7918  1.91%   224 1163s
 17756  5965 16343.9733   36  208 16424.0100 16111.7811  1.90%   224 1175s
 18013  6045 16224.3129   37  391 16424.0100 16113.3208  1.89%   224 1188s
 18232  6125     cutoff   31      16424.0100 16115.4722  1.88%   224 1200s
 18480  6212     cutoff   38      16424.0100 16117.3622  1.87%   223 1212s
 18717  6263 16366.0857   29  253 16424.0100 16118.3265  1.86%   223 1225s
 18947  6327 16384.2527   37  241 16424.0100 16119.9267  1.85%   223 1238s
 19204  6379     cutoff   33      16424.0100 16121.3080  1.84%   223 1250s
 19460  6458 16249.7153   27  416 16424.0100 16122.5995  1.84%   222 1266s
 19678  6497     cutoff   26      16424.0100 16124.2680  1.83%   222 1278s
 19839  6587 16211.3622   30  392 16424.0100 16125.1625  1.82%   223 1290s
 20103  6631     cutoff   38      16424.0100 16126.1654  1.81%   223 1303s
 20313  6697 16255.3937   37  305 16424.0100 16126.8688  1.81%   223 1319s
 20564  6766 16196.5229   26  344 16424.0100 16128.4735  1.80%   223 1332s
 20796  6843 16375.6186   37  256 16424.0100 16129.2892  1.79%   222 1345s
 21076  6921 16381.5025   44  109 16424.0100 16130.3279  1.79%   222 1359s
 21315  6972 16356.8899   34  260 16424.0100 16131.6475  1.78%   222 1372s
 21603  7038 16240.6141   38  255 16424.0100 16132.8930  1.77%   222 1384s
 21815  7116     cutoff   39      16424.0100 16133.7115  1.77%   222 1398s
 21947  7116 16326.4735   27  402 16424.0100 16134.3945  1.76%   221 1405s
 22100  7145 16243.8593   23  454 16424.0100 16134.5042  1.76%   221 1421s
 22190  7225 16248.4172   35  301 16424.0100 16135.0215  1.76%   221 1434s
 22510  7293 16342.6058   46  107 16424.0100 16135.9475  1.75%   221 1485s
 22753  7357 16238.8140   35  362 16424.0100 16137.2067  1.75%   220 1497s
 22993  7423 16374.6097   32  273 16424.0100 16138.5953  1.74%   220 1512s
 23248  7486 16404.6770   39  264 16424.0100 16139.8833  1.73%   220 1523s
 23468  7522     cutoff   38      16424.0100 16141.3236  1.72%   220 1536s
 23711  7589 16390.4103   27  328 16424.0100 16142.4504  1.71%   220 1549s
 23943  7682 16286.5888   32  362 16424.0100 16144.5175  1.70%   220 1562s
 24255  7754 16374.6657   35  302 16424.0100 16145.7355  1.69%   219 1575s
 24521  7840 16323.9668   39  221 16424.0100 16146.8405  1.69%   219 1588s
 24764  7926     cutoff   33      16424.0100 16147.7238  1.68%   219 1601s
 25045  7964     cutoff   42      16424.0100 16148.8165  1.68%   219 1613s
 25279  8018 16316.1051   32  341 16424.0100 16150.3117  1.67%   219 1626s
 25571  8078     cutoff   27      16424.0100 16151.7638  1.66%   219 1639s
 25697  8078     cutoff   32      16424.0100 16152.6830  1.65%   218 1640s
 25795  8205     cutoff   40      16424.0100 16152.7601  1.65%   219 1653s
 26107  8295 16382.0836   41  196 16424.0100 16153.6334  1.65%   218 1666s
 26384  8351 16411.6732   41  293 16424.0100 16154.1353  1.64%   218 1679s
 26680  8408     cutoff   35      16424.0100 16155.1431  1.64%   218 1692s
 26944  8473 16193.9779   23  438 16424.0100 16155.7018  1.63%   218 1705s
 27200  8505 16406.3018   26  330 16424.0100 16156.7004  1.63%   218 1717s
 27409  8550 16348.3064   31  251 16424.0100 16158.0222  1.62%   218 1729s
 27671  8613     cutoff   38      16424.0100 16159.0683  1.61%   218 1742s
 27912  8697 16405.0343   29  341 16424.0100 16160.3675  1.61%   218 1755s
 28194  8755 16321.4707   35  310 16424.0100 16161.3696  1.60%   217 1775s
 28460  8817     cutoff   33      16424.0100 16161.9797  1.60%   217 1813s
 28748  8877 16358.3692   28  286 16424.0100 16162.7682  1.59%   217 1826s
 29007  8968 16317.7581   31  279 16424.0100 16163.6107  1.59%   217 1838s
 29268  9053 16386.1298   32  308 16424.0100 16164.7957  1.58%   217 1851s
 29566  9134 16299.2879   29  349 16424.0100 16165.4935  1.57%   216 1864s
 29845  9190 16312.1539   36  305 16424.0100 16166.4073  1.57%   216 1877s
 30085  9255 16355.2726   31  265 16424.0100 16167.2562  1.56%   216 1890s
 30320  9337 16311.2436   30  208 16424.0100 16167.7870  1.56%   216 1908s
 30476  9337 16271.9552   27  283 16424.0100 16168.5397  1.56%   216 1913s
 30638  9403     cutoff   46      16424.0100 16168.5690  1.56%   216 1925s
 30907  9493     cutoff   31      16424.0100 16169.7432  1.55%   215 1938s
 31181  9590 16234.4647   29  269 16424.0100 16170.3899  1.54%   215 1951s
 31456  9674 16374.9351   39  229 16424.0100 16171.2194  1.54%   215 1964s
 31760  9752 16399.1563   34  342 16424.0100 16172.3013  1.53%   215 1978s
 32043  9822 16363.4474   35  265 16424.0100 16173.0473  1.53%   214 1991s
 32326  9884 16331.7915   36  244 16424.0100 16173.9404  1.52%   214 2004s
 32613  9953 16402.9268   36  145 16424.0100 16174.6165  1.52%   214 2017s
 32902 10022 16272.2758   37  271 16424.0100 16175.8221  1.51%   214 2031s
 33217 10086 16351.0457   29  445 16424.0100 16177.0813  1.50%   213 2045s
 33502 10194 16214.4754   35  385 16424.0100 16177.5946  1.50%   213 2058s
 33790 10237 16344.6908   45  149 16424.0100 16178.3254  1.50%   213 2072s
 34109 10307 16308.6691   41  265 16424.0100 16179.0658  1.49%   213 2084s
 34359 10394 16345.0908   45  330 16424.0100 16180.4027  1.48%   213 2098s
 34700 10495 16353.1800   34  233 16424.0100 16181.2201  1.48%   212 2111s
 35034 10590 16382.7130   35  328 16424.0100 16182.0836  1.47%   212 2125s
 35329 10645 16413.9210   37  410 16424.0100 16183.1319  1.47%   211 2137s
 35630 10715     cutoff   32      16424.0100 16183.8866  1.46%   211 2151s
 35940 10778 16304.1290   33  407 16424.0100 16184.9726  1.46%   211 2164s
 36240 10825 16414.1374   30  309 16424.0100 16185.9594  1.45%   211 2178s
 36515 10890 16289.3168   29  302 16424.0100 16186.6873  1.44%   211 2191s
 36787 10933     cutoff   40      16424.0100 16187.5569  1.44%   211 2204s
 36942 10933     cutoff   36      16424.0100 16187.7070  1.44%   210 2205s
 37072 11006     cutoff   36      16424.0100 16188.1404  1.44%   210 2218s
 37370 11073 16283.8253   34  318 16424.0100 16189.2583  1.43%   210 2232s
 37676 11132 16346.7278   33  279 16424.0100 16189.8305  1.43%   210 2246s
 37994 11173     cutoff   30      16424.0100 16190.5497  1.42%   210 2259s
 38253 11231 16404.5376   37  270 16424.0100 16191.4223  1.42%   210 2272s
 38551 11304     cutoff   35      16424.0100 16192.4633  1.41%   209 2287s
 38866 11381 16331.6980   30  338 16424.0100 16193.1351  1.41%   209 2303s
 39208 11430 16240.2414   33  292 16424.0100 16193.5265  1.40%   209 2317s
 39460 11484 16383.9950   41  117 16424.0100 16194.0077  1.40%   209 2335s
 39782 11525 16322.8691   33  359 16424.0100 16194.5928  1.40%   209 2349s
 40056 11587 16412.3073   30  369 16424.0100 16195.3712  1.39%   209 2363s
 40399 11680 16334.2247   40  365 16424.0100 16196.0173  1.39%   208 2377s
 40744 11754 16294.8430   23  291 16424.0100 16196.4145  1.39%   208 2391s
 41068 11834     cutoff   37      16424.0100 16197.0787  1.38%   208 2405s
 41421 11921 16391.8301   37  180 16424.0100 16198.0606  1.38%   207 2419s
 41704 11921 infeasible   54      16424.0100 16198.4953  1.37%   207 2420s
 41789 12000 16305.7512   38  188 16424.0100 16198.5025  1.37%   207 2432s
 42079 12075 16279.1966   27  390 16424.0100 16199.2632  1.37%   207 2446s
 42381 12111 16400.7404   35  309 16424.0100 16200.2144  1.36%   206 2460s
 42703 12209 16406.0822   29  321 16424.0100 16200.8088  1.36%   206 2474s
 43083 12276 16376.9477   41  293 16424.0100 16201.4933  1.35%   206 2489s
 43332 12367 16340.6634   28  321 16424.0100 16202.0827  1.35%   206 2503s
 43636 12419 16262.5936   28  307 16424.0100 16202.4745  1.35%   206 2521s
 43946 12468     cutoff   34      16424.0100 16203.3395  1.34%   205 2535s
 44237 12526 16349.6782   37  206 16424.0100 16203.8909  1.34%   205 2549s
 44530 12578 16313.3668   32  287 16424.0100 16204.5606  1.34%   205 2563s
 44779 12636     cutoff   36      16424.0100 16205.2039  1.33%   205 2577s
 45063 12682 16405.6145   39  416 16424.0100 16205.6658  1.33%   205 2596s
 45345 12726 16344.1922   41  213 16424.0100 16206.5818  1.32%   205 2609s
 45575 12767 16359.5645   31  278 16424.0100 16207.1011  1.32%   205 2622s
 45845 12813 16372.4644   31  272 16424.0100 16208.0697  1.31%   205 2638s
 46102 12854     cutoff   36      16424.0100 16208.9181  1.31%   205 2651s
 46422 12930 16341.0656   26  488 16424.0100 16209.4777  1.31%   205 2665s
 46786 13028     cutoff   44      16424.0100 16210.1652  1.30%   204 2679s
 47140 13072 16343.6837   46  406 16424.0100 16210.9870  1.30%   204 2731s
 47248 13123     cutoff   41      16424.0100 16211.1422  1.30%   204 2746s
 47445 13123 16391.6634   46  109 16424.0100 16211.5155  1.29%   203 2760s
 47608 13191     cutoff   39      16424.0100 16211.8914  1.29%   203 2775s
 47936 13220 16338.4354   28  389 16424.0100 16212.4780  1.29%   203 2790s
 48271 13287 16340.0115   32  265 16424.0100 16213.0335  1.28%   203 2805s
 48627 13375 16261.8413   45  163 16424.0100 16213.6476  1.28%   203 2820s
 49037 13446     cutoff   36      16424.0100 16214.2525  1.28%   202 2835s
 49372 13505 16406.1492   53  119 16424.0100 16214.5899  1.28%   202 2849s
 49562 13505     cutoff   40      16424.0100 16214.7802  1.27%   202 2850s
 49747 13560 16382.0595   39  320 16424.0100 16215.5045  1.27%   202 2864s
 50108 13603 16337.4597   41  188 16424.0100 16216.2956  1.26%   201 2878s
 50418 13679 16397.3814   31  224 16424.0100 16216.8290  1.26%   201 2892s
 50754 13735 16395.8238   28  316 16424.0100 16217.2759  1.26%   201 2914s
 50941 13735 16391.0499   34  293 16424.0100 16217.9589  1.25%   201 2915s
 51081 13786     cutoff   33      16424.0100 16217.9760  1.25%   201 2928s
 51413 13842 16365.1849   40  298 16424.0100 16218.8007  1.25%   201 2943s
 51703 13884 16384.9776   41  196 16424.0100 16219.3083  1.25%   201 2958s
 51998 13966 16418.7998   30  333 16424.0100 16219.7703  1.24%   201 2972s
 52404 14060 16349.5904   41  214 16424.0100 16220.5250  1.24%   200 2987s
 52768 14123 16252.1602   35  351 16424.0100 16221.1184  1.24%   200 3002s
 53091 14187 16290.0845   28  185 16424.0100 16221.6424  1.23%   200 3017s
 53437 14226 16358.8554   31  295 16424.0100 16222.1235  1.23%   200 3032s
 53772 14273     cutoff   34      16424.0100 16222.6272  1.23%   200 3046s
 54123 14342 16392.6316   32  367 16424.0100 16223.3086  1.22%   199 3062s
 54523 14382 16360.5474   32  143 16424.0100 16223.9107  1.22%   199 3077s
 54837 14469 16354.6296   31  317 16424.0100 16224.3726  1.22%   199 3094s
 55245 14530 16386.3966   39  307 16424.0100 16225.0391  1.21%   199 3109s
 55521 14530 16389.0251   36  231 16424.0100 16225.5983  1.21%   198 3110s
 55593 14580 16333.4271   39  230 16424.0100 16225.6105  1.21%   198 3124s
 55903 14636 16340.8040   41  347 16424.0100 16226.3297  1.20%   198 3139s
 56296 14694 16299.8287   37  287 16424.0100 16226.8466  1.20%   198 3154s
 56691 14734 16341.7659   35  311 16424.0100 16227.4005  1.20%   198 3169s
 56850 14734 16339.7351   32  327 16424.0100 16227.8748  1.19%   198 3170s
 56991 14818 16391.7915   40  202 16424.0100 16227.9091  1.19%   198 3185s
 57360 14913 16276.9408   39  326 16424.0100 16228.4306  1.19%   198 3200s
 57744 14972 16392.4525   35  275 16424.0100 16229.0423  1.19%   197 3214s
 58051 14993 16367.4217   25  287 16424.0100 16229.5499  1.18%   197 3228s
 58343 15055 16346.9784   29  305 16424.0100 16230.4692  1.18%   197 3245s
 58685 15105 16390.6984   45  260 16424.0100 16231.0328  1.17%   197 3260s
 59064 15173 16407.4263   39  151 16424.0100 16231.5422  1.17%   197 3275s
 59434 15239 16420.7321   35  336 16424.0100 16232.3136  1.17%   196 3290s
 59775 15306 16331.7396   36  356 16424.0100 16232.8223  1.16%   196 3305s
 60140 15344 16323.8775   35  363 16424.0100 16233.2605  1.16%   196 3319s
 60305 15344 16353.9939   41  334 16424.0100 16234.0453  1.16%   196 3320s
 60456 15430 16393.2904   44  222 16424.0100 16234.1165  1.16%   196 3335s
 60869 15467     cutoff   46      16424.0100 16234.6306  1.15%   196 3351s
 61236 15542     cutoff   43      16424.0100 16235.1766  1.15%   195 3368s
 61569 15576 16329.6902   36  215 16424.0100 16235.5943  1.15%   195 3384s
 61854 15655 16388.1780   34  492 16424.0100 16235.9117  1.15%   195 3399s
 62225 15677 16399.6613   30  398 16424.0100 16236.3020  1.14%   195 3414s
 62569 15744 16352.6556   29  361 16424.0100 16236.9486  1.14%   195 3429s
 62962 15804 16406.7713   30  305 16424.0100 16237.4398  1.14%   195 3445s
 63322 15880     cutoff   31      16424.0100 16238.0144  1.13%   195 3460s
 63725 15925 16395.8106   38  294 16424.0100 16238.4839  1.13%   194 3475s
 64127 16025     cutoff   37      16424.0100 16238.9558  1.13%   194 3489s
 64483 16081     cutoff   32      16424.0100 16239.6076  1.12%   194 3509s
 64821 16118 16421.5643   40  234 16424.0100 16240.1781  1.12%   194 3524s
 65191 16181 16292.9903   37  233 16424.0100 16240.7833  1.12%   194 3539s
 65423 16181 16357.2089   42  223 16424.0100 16241.3194  1.11%   193 3540s
 65603 16214 16340.1715   28  358 16424.0100 16241.3649  1.11%   193 3554s
 65895 16257 16403.1377   36  307 16424.0100 16241.7331  1.11%   193 3569s
 66258 16286 16388.9339   44  171 16424.0100 16242.1931  1.11%   193 3583s
 66594 16312     cutoff   39      16424.0100 16242.7827  1.10%   193 3598s

Cutting planes:
  User: 2691
  Gomory: 60
  Cover: 316
  Implied bound: 50
  Clique: 15
  MIR: 317
  StrongCG: 10
  Flow cover: 740
  GUB cover: 2
  Zero half: 45
  RLT: 300
  Relax-and-lift: 5
  Lazy constraints: 304

Explored 66937 nodes (12941867 simplex iterations) in 3607.18 seconds
Thread count was 2 (of 32 available processors)

Solution count 10: 16424 16439 16469 ... 16940.1

Time limit reached
Best objective 1.642401000000e+04, best bound 1.624315679158e+04, gap 1.1012%

User-callback calls 311541, time in user-callback 347.14 sec
================================================================================
executing instance: ./input/Instances/Original/6/absH6high_1n20.dat
--------------------------------------------------------------------------------
Instance details
n	21
H	6
C	1651
Li:
[0, 0, 0, 0, 0, 0, 0, 0, 0, 0, 0, 0, 0, 0, 0, 0, 0, 0, 0, 0, 0, ]
Ui:
[0, 36, 182, 182, 90, 261, 117, 30, 110, 42, 276, 153, 40, 94, 144, 46, 129, 213, 264, 160, 174, ]
Distance matrix:
|0	371	401	343	361	341	370	115	392	400	79	266	292	245	355	431	265	194	95	92	348	|
|371	0	37	141	110	250	117	438	67	131	372	305	115	238	247	255	235	296	392	430	185	|
|401	37	0	175	100	284	146	472	90	156	406	342	152	275	280	282	242	333	415	455	178	|
|343	141	175	0	239	110	38	374	95	60	314	182	67	130	106	127	318	201	397	423	303	|
|361	110	100	239	0	341	222	451	177	240	385	374	190	304	341	361	151	345	354	398	78	|
|341	250	284	110	341	0	143	337	203	151	289	102	152	97	15	95	394	156	415	431	398	|
|370	117	146	38	222	143	0	407	61	30	346	220	81	167	137	139	317	237	417	447	292	|
|115	438	472	374	451	337	407	0	443	434	66	241	339	251	351	431	374	181	201	177	450	|
|392	67	90	95	177	203	61	443	0	66	379	275	104	216	197	193	294	283	427	461	252	|
|400	131	156	60	240	151	30	434	66	0	374	237	112	189	142	127	344	261	448	477	312	|
|79	372	406	314	385	289	346	66	379	374	0	202	275	197	304	383	316	134	175	166	388	|
|266	305	342	182	374	102	220	241	275	237	202	0	191	70	117	196	386	73	352	359	415	|
|292	115	152	67	190	152	81	339	104	112	275	191	0	123	154	193	252	183	336	366	246	|
|245	238	275	130	304	97	167	251	216	189	197	70	123	0	110	187	322	72	319	334	346	|
|355	247	280	106	341	15	137	351	197	142	304	117	154	110	0	80	399	171	427	444	400	|
|431	255	282	127	361	95	139	431	193	127	383	196	193	187	80	0	444	251	499	519	429	|
|265	235	242	318	151	394	317	374	294	344	316	386	252	322	399	444	0	332	226	273	97	|
|194	296	333	201	345	156	237	181	283	261	134	73	183	72	171	251	332	0	279	286	375	|
|95	392	415	397	354	415	417	201	427	448	175	352	336	319	427	499	226	279	0	47	321	|
|92	430	455	423	398	431	447	177	461	477	166	359	366	334	444	519	273	286	47	0	368	|
|348	185	178	303	78	398	292	450	252	312	388	415	246	346	400	429	97	375	321	368	0	|

--------------------------------------------------------------------------------
Building model...
	using lazy and cut (CVRPSEP package)
Solving IRP LP...
--------------------------------------------------------------------------------

Gurobi 9.1.0 (linux64) logging started Sun Jan 10 10:58:22 2021

Gurobi Optimizer version 9.1.0 build v9.1.0rc0 (linux64)
Thread count: 32 physical cores, 32 logical processors, using up to 2 threads
Optimize a model with 903 rows, 3159 columns and 8235 nonzeros
Model fingerprint: 0x4d0fb7f7
Variable types: 387 continuous, 2772 integer (252 binary)
Coefficient statistics:
  Matrix range     [1e+00, 8e+02]
  Objective range  [1e-01, 5e+02]
  Bounds range     [1e+00, 3e+02]
  RHS range        [1e+01, 3e+03]
Presolve removed 208 rows and 82 columns
Presolve time: 0.05s
Presolved: 695 rows, 3077 columns, 7425 nonzeros
Variable types: 305 continuous, 2772 integer (2532 binary)

Root relaxation: objective 1.251625e+04, 786 iterations, 0.02 seconds

    Nodes    |    Current Node    |     Objective Bounds      |     Work
 Expl Unexpl |  Obj  Depth IntInf | Incumbent    BestBd   Gap | It/Node Time

     0     0 12516.2487    0  172          - 12516.2487      -     -    0s
     0     0 12765.7967    0  172          - 12765.7967      -     -    0s
     0     0 12770.4394    0  161          - 12770.4394      -     -    0s
     0     0 12783.3878    0  198          - 12783.3878      -     -    0s
     0     0 12828.5659    0  214          - 12828.5659      -     -    0s
     0     0 12832.0666    0  219          - 12832.0666      -     -    0s
     0     0 12834.6985    0  208          - 12834.6985      -     -    0s
     0     0 12835.0867    0  212          - 12835.0867      -     -    0s
     0     0 12835.0867    0  211          - 12835.0867      -     -    0s
     0     0 13168.1800    0  240          - 13168.1800      -     -    0s
     0     0 13328.9481    0  260          - 13328.9481      -     -    0s
     0     0 13338.9432    0  257          - 13338.9432      -     -    0s
     0     0 13339.4793    0  272          - 13339.4793      -     -    0s
     0     0 13538.9090    0  279          - 13538.9090      -     -    0s
     0     0 13593.7668    0  318          - 13593.7668      -     -    0s
     0     0 13610.9746    0  333          - 13610.9746      -     -    0s
     0     0 13620.4170    0  343          - 13620.4170      -     -    0s
     0     0 13620.8107    0  344          - 13620.8107      -     -    0s
     0     0 13686.6389    0  363          - 13686.6389      -     -    0s
     0     0 13695.5857    0  332          - 13695.5857      -     -    0s
     0     0 13697.6906    0  338          - 13697.6906      -     -    0s
     0     0 13713.5888    0  330          - 13713.5888      -     -    0s
     0     0 13716.2819    0  357          - 13716.2819      -     -    1s
     0     0 13716.6949    0  348          - 13716.6949      -     -    1s
     0     0 13761.3428    0  332          - 13761.3428      -     -    1s
     0     0 13771.9484    0  369          - 13771.9484      -     -    1s
     0     0 13797.3407    0  355          - 13797.3407      -     -    1s
     0     0 13826.0919    0  413          - 13826.0919      -     -    1s
     0     0 13867.2357    0  395          - 13867.2357      -     -    1s
     0     0 13879.0614    0  402          - 13879.0614      -     -    1s
     0     0 13897.3122    0  378          - 13897.3122      -     -    1s
     0     0 13900.0233    0  401          - 13900.0233      -     -    1s
     0     0 13902.2330    0  393          - 13902.2330      -     -    1s
     0     0 13903.1738    0  413          - 13903.1738      -     -    1s
     0     0 13929.2582    0  392          - 13929.2582      -     -    1s
     0     0 13936.7718    0  376          - 13936.7718      -     -    1s
     0     0 13937.1012    0  377          - 13937.1012      -     -    1s
