




arguments: ./build/mirp_solver -f ./input/orig_exec_166.cfg
Current dir: /scratch/gui/bnc_mirp
File verbosity level: 9
date       time         ( uptime  ) [ thread name/id ]                   file:line     v| 
2021-01-10 04:01:45.524 (   0.218s) [main thread     ]             loguru.cpp:789   INFO| Logging to './output/vi_cus/OU/V2/Original/execution_10_01_2021_04_01_45.log', mode: 'a', verbosity: 9
--------------------------------------------------------------------------------
Parameters
                           instance_path           ./input/Instances/Original/5/
                            model_policy                                       1
                             nb_vehicles                                       2
                              output_dir         ./output/vi_cus/OU/V2/Original/
                            sec_strategy                                       1
                       solver_nb_threads                                       2
                         solver_show_log                                    true
                       solver_time_limit                                    3600
                              use_vi_cos                                   false
                              use_vi_cus                                    true
                         use_vi_hc1_full                                   false
                         use_vi_hc1_half                                   false
                      use_vi_hc1_quarter                                   false
                              use_vi_hc2                                   false
                              use_vi_hc3                                   false
                         use_vi_lex_full                                   false
                         use_vi_lex_half                                   false
                      use_vi_lex_quarter                                   false
                              use_vi_qua                                   false
                               use_vi_vc                                   false
                               use_vi_vr                                   false
--------------------------------------------------------------------------------
executing instance: ./input/Instances/Original/5/absH3low_4n50.dat
--------------------------------------------------------------------------------
Instance details
n	51
H	3
C	4066
Li:
[0, 0, 0, 0, 0, 0, 0, 0, 0, 0, 0, 0, 0, 0, 0, 0, 0, 0, 0, 0, 0, 0, 0, 0, 0, 0, 0, 0, 0, 0, 0, 0, 0, 0, 0, 0, 0, 0, 0, 0, 0, 0, 0, 0, 0, 0, 0, 0, 0, 0, 0, ]
Ui:
[0, 108, 126, 122, 66, 120, 48, 30, 128, 54, 158, 198, 36, 66, 210, 234, 147, 297, 171, 128, 116, 120, 219, 70, 294, 207, 134, 128, 234, 122, 22, 183, 195, 255, 132, 124, 66, 189, 219, 66, 128, 102, 288, 66, 87, 136, 36, 39, 282, 36, 237, ]
Distance matrix:
|0	210	444	498	509	104	438	228	487	304	456	434	526	476	163	47	293	396	293	290	313	85	280	437	293	336	409	106	449	376	433	478	193	404	404	534	278	181	380	507	189	438	263	473	353	216	202	218	452	254	465	|
|210	0	299	507	359	106	345	409	358	411	320	402	555	448	136	200	289	264	306	427	141	222	83	348	264	320	283	303	380	208	258	357	170	348	475	542	243	347	355	379	65	479	172	373	355	251	112	229	402	210	300	|
|444	299	0	363	65	358	116	542	66	440	26	241	425	272	282	407	251	51	276	490	159	397	224	124	217	237	48	490	170	99	83	74	261	180	430	385	214	479	231	85	270	390	184	116	271	300	409	276	210	215	54	|
|498	507	363	0	385	482	246	424	326	254	343	123	63	93	388	452	221	337	211	314	428	414	480	239	243	187	324	463	194	418	438	307	346	188	156	36	264	392	156	326	444	87	340	258	154	286	603	294	153	297	417	|
|509	359	65	385	0	422	145	602	59	492	59	269	448	292	348	472	305	115	329	545	218	462	281	152	274	286	106	554	192	153	116	78	326	216	472	403	274	540	271	63	334	425	249	127	316	361	468	337	233	278	69	|
|104	106	358	482	422	0	372	309	408	337	374	396	521	441	98	96	262	314	271	342	215	124	177	373	249	302	329	198	394	281	337	402	139	353	419	518	230	250	343	428	90	437	188	405	328	200	134	188	406	199	372	|
|438	345	116	246	145	372	0	485	87	357	97	126	309	155	279	394	180	101	200	414	223	373	288	8	157	150	84	459	53	188	196	68	245	72	328	269	165	427	128	97	297	280	184	36	175	250	456	233	94	184	170	|
|228	409	542	424	602	309	485	0	561	170	544	419	424	446	298	214	305	491	286	115	462	187	457	480	331	339	496	124	470	510	565	545	295	424	279	454	329	66	376	576	363	340	370	520	330	242	429	266	453	328	581	|
|487	358	66	326	59	408	87	561	0	441	40	211	389	233	324	446	258	95	281	497	220	431	287	95	230	234	79	522	133	164	146	19	297	160	415	344	233	500	215	21	323	367	224	68	261	320	470	299	174	242	106	|
|304	411	440	254	492	337	357	170	441	0	434	266	255	286	275	266	189	392	164	63	408	225	428	351	224	207	392	234	330	438	484	424	250	287	112	284	232	149	233	453	349	170	302	389	185	168	471	195	305	248	487	|
|456	320	26	343	59	374	97	544	40	434	0	223	406	252	294	418	247	60	271	487	181	405	247	105	215	229	49	498	149	124	109	48	270	165	419	364	215	482	218	60	288	375	194	92	261	302	431	279	190	220	75	|
|434	402	241	123	269	396	126	419	211	266	223	0	185	46	298	387	140	213	145	328	310	355	366	118	147	97	201	425	78	295	315	191	256	65	211	151	166	371	53	215	343	157	231	145	90	220	505	217	41	198	295	|
|526	555	425	63	448	521	309	424	389	255	406	185	0	156	430	481	266	398	252	310	485	442	534	301	293	237	386	480	257	478	500	370	390	249	145	55	313	401	212	389	491	89	392	321	201	322	646	334	216	345	479	|
|476	448	272	93	292	441	155	446	233	286	252	46	156	0	343	429	183	250	184	348	353	396	411	148	192	140	236	461	102	334	350	214	302	106	214	113	212	402	98	233	389	151	277	165	125	261	551	260	62	244	325	|
|163	136	282	388	348	98	279	298	324	275	294	298	430	343	0	124	167	234	178	296	167	121	162	279	151	205	247	216	297	224	280	316	42	256	340	423	132	232	246	344	74	349	100	314	233	115	216	97	308	101	307	|
|47	200	407	452	472	96	394	214	446	266	418	387	481	429	124	0	246	358	245	259	284	41	261	392	247	289	370	103	403	345	402	436	150	358	361	488	232	158	333	466	165	393	223	430	306	168	217	171	406	210	431	|
|293	289	251	221	305	262	180	305	258	189	247	140	266	183	167	246	0	204	26	240	238	215	276	175	37	43	203	289	169	255	297	242	125	122	202	257	52	248	87	272	225	191	134	215	67	80	382	77	163	81	298	|
|396	264	51	337	115	314	101	491	95	392	60	213	398	250	234	358	204	0	229	442	130	347	196	108	169	194	19	440	152	87	102	93	211	149	390	363	165	428	194	116	228	355	134	117	230	250	376	225	189	164	95	|
|293	306	276	211	329	271	200	286	281	164	271	145	252	184	178	245	26	229	0	216	262	212	297	195	63	53	228	280	184	280	323	264	138	137	178	248	76	232	95	294	241	173	156	234	60	77	395	83	172	102	324	|
|290	427	490	314	545	342	414	115	497	63	487	328	310	348	296	259	240	442	216	0	443	220	456	408	273	264	443	204	390	479	529	480	278	346	165	343	278	115	293	509	369	229	340	447	244	202	473	230	366	288	536	|
|313	141	159	428	218	215	223	462	220	408	181	310	485	353	167	284	238	130	262	443	0	288	67	228	202	252	149	382	267	67	122	221	168	247	440	459	186	396	273	241	125	423	107	245	291	242	251	214	297	162	160	|
|85	222	397	414	462	124	373	187	431	225	405	355	442	396	121	41	215	347	212	220	288	0	273	371	221	258	357	95	378	344	401	420	136	331	321	450	208	126	302	450	177	353	213	409	272	136	253	143	377	190	426	|
|280	83	224	480	281	177	288	457	287	428	247	366	534	411	162	261	276	196	297	456	67	273	0	292	243	298	215	363	329	128	176	288	179	305	475	513	224	392	324	307	96	466	143	311	335	261	187	235	357	195	219	|
|437	348	124	239	152	373	8	480	95	351	105	118	301	148	279	392	175	108	195	408	228	371	292	0	154	144	91	456	46	194	203	76	244	65	320	261	163	423	121	103	299	273	185	40	168	247	459	230	86	183	178	|
|293	264	217	243	274	249	157	331	230	224	215	147	293	192	151	247	37	169	63	273	202	221	243	154	0	57	170	303	157	217	260	215	110	111	238	278	21	271	94	245	201	223	100	193	92	93	362	78	160	54	263	|
|336	320	237	187	286	302	150	339	234	207	229	97	237	140	205	289	43	194	53	264	252	258	298	144	57	0	190	331	131	257	294	216	163	84	197	221	77	285	44	246	258	172	155	183	39	123	418	119	120	110	288	|
|409	283	48	324	106	329	84	496	79	392	49	201	386	236	247	370	203	19	228	443	149	357	215	91	170	190	0	449	136	105	114	75	221	138	384	349	168	434	185	99	245	346	146	98	224	255	394	231	174	171	99	|
|106	303	490	463	554	198	459	124	522	234	498	425	480	461	216	103	289	440	280	204	382	95	363	456	303	331	449	0	458	439	496	510	229	410	344	498	293	89	374	540	267	391	307	495	336	211	308	226	451	280	520	|
|449	380	170	194	192	394	53	470	133	330	149	78	257	102	297	403	169	152	184	390	267	378	329	46	157	131	136	458	0	238	249	114	259	47	287	216	171	416	96	137	327	235	211	67	145	247	488	235	41	197	223	|
|376	208	99	418	153	281	188	510	164	438	124	295	478	334	224	345	255	87	280	479	67	344	128	194	217	257	105	439	238	0	57	169	216	230	453	445	206	445	268	184	191	427	141	202	296	278	315	250	274	191	92	|
|433	258	83	438	116	337	196	565	146	484	109	315	500	350	280	402	297	102	323	529	122	401	176	203	260	294	114	496	249	57	0	157	271	252	490	463	251	499	296	162	247	457	195	199	331	329	362	302	288	241	47	|
|478	357	74	307	78	402	68	545	19	424	48	191	370	214	316	436	242	93	264	480	221	420	288	76	215	216	75	510	114	169	157	0	287	141	396	325	219	485	196	31	319	347	216	49	243	306	469	286	154	230	120	|
|193	170	261	346	326	139	245	295	297	250	270	256	390	302	42	150	125	211	138	278	168	136	179	244	110	163	221	229	259	216	271	287	0	216	305	382	91	229	204	316	105	310	78	280	192	83	257	60	268	62	292	|
|404	348	180	188	216	353	72	424	160	287	165	65	249	106	256	358	122	149	137	346	247	331	305	65	111	84	138	410	47	230	252	141	216	0	255	215	126	369	56	168	292	210	177	102	103	200	454	189	54	155	234	|
|404	475	430	156	472	419	328	279	415	112	419	211	145	214	340	361	202	390	178	165	440	321	475	320	238	197	384	344	287	453	490	396	305	255	0	181	254	261	201	422	410	69	335	353	160	225	551	246	252	280	482	|
|534	542	385	36	403	518	269	454	344	284	364	151	55	113	423	488	257	363	248	343	459	450	513	261	278	221	349	498	216	445	463	325	382	215	181	0	298	425	189	342	479	115	373	276	190	323	638	330	175	332	439	|
|278	243	214	264	274	230	165	329	233	232	215	166	313	212	132	232	52	165	76	278	186	208	224	163	21	77	168	293	171	206	251	219	91	126	254	298	0	267	114	250	181	242	82	202	112	88	341	68	177	33	258	|
|181	347	479	392	540	250	427	66	500	149	482	371	401	402	232	158	248	428	232	115	396	126	392	423	271	285	434	89	416	445	499	485	229	369	261	425	267	0	325	516	298	313	305	463	281	180	375	203	403	264	516	|
|380	355	231	156	271	343	128	376	215	233	218	53	212	98	246	333	87	194	95	293	273	302	324	121	94	44	185	374	96	268	296	196	204	56	201	189	114	325	0	224	294	161	185	157	49	167	455	163	78	147	284	|
|507	379	85	326	63	428	97	576	21	453	60	215	389	233	344	466	272	116	294	509	241	450	307	103	245	246	99	540	137	184	162	31	316	168	422	342	250	516	224	0	344	371	244	70	271	337	490	317	176	261	120	|
|189	65	270	444	334	90	297	363	323	349	288	343	491	389	74	165	225	228	241	369	125	177	96	299	201	258	245	267	327	191	247	319	105	292	410	479	181	298	294	344	0	414	116	328	291	187	163	165	345	147	282	|
|438	479	390	87	425	437	280	340	367	170	375	157	89	151	349	393	191	355	173	229	423	353	466	273	223	172	346	391	235	427	457	347	310	210	69	115	242	313	161	371	414	0	323	301	133	238	565	253	197	273	444	|
|263	172	184	340	249	188	184	370	224	302	194	231	392	277	100	223	134	134	156	340	107	213	143	185	100	155	146	307	211	141	195	216	78	177	335	373	82	305	185	244	116	323	0	217	192	138	278	110	230	55	214	|
|473	373	116	258	127	405	36	520	68	389	92	145	321	165	314	430	215	117	234	447	245	409	311	40	193	183	98	495	67	202	199	49	280	102	353	276	202	463	157	70	328	301	217	0	205	286	485	269	106	220	167	|
|353	355	271	154	316	328	175	330	261	185	261	90	201	125	233	306	67	230	60	244	291	272	335	168	92	39	224	336	145	296	331	243	192	103	160	190	112	281	49	271	291	133	192	205	0	138	449	141	123	145	323	|
|216	251	300	286	361	200	250	242	320	168	302	220	322	261	115	168	80	250	77	202	242	136	261	247	93	123	255	211	247	278	329	306	83	200	225	323	88	180	167	337	187	238	138	286	138	0	328	28	243	88	340	|
|202	112	409	603	468	134	456	429	470	471	431	505	646	551	216	217	382	376	395	473	251	253	187	459	362	418	394	308	488	315	362	469	257	454	551	638	341	375	455	490	163	565	278	485	449	328	0	313	508	308	406	|
|218	229	276	294	337	188	233	266	299	195	279	217	334	260	97	171	77	225	83	230	214	143	235	230	78	119	231	226	235	250	302	286	60	189	246	330	68	203	163	317	165	253	110	269	141	28	313	0	235	61	315	|
|452	402	210	153	233	406	94	453	174	305	190	41	216	62	308	406	163	189	172	366	297	377	357	86	160	120	174	451	41	274	288	154	268	54	252	175	177	403	78	176	345	197	230	106	123	243	508	235	0	207	264	|
|254	210	215	297	278	199	184	328	242	248	220	198	345	244	101	210	81	164	102	288	162	190	195	183	54	110	171	280	197	191	241	230	62	155	280	332	33	264	147	261	147	273	55	220	145	88	308	61	207	0	253	|
|465	300	54	417	69	372	170	581	106	487	75	295	479	325	307	431	298	95	324	536	160	426	219	178	263	288	99	520	223	92	47	120	292	234	482	439	258	516	284	120	282	444	214	167	323	340	406	315	264	253	0	|

--------------------------------------------------------------------------------
Building model...
	using lazy and cut (CVRPSEP package)
Solving IRP LP...
--------------------------------------------------------------------------------

Gurobi 9.1.0 (linux64) logging started Sun Jan 10 04:01:45 2021

Gurobi Optimizer version 9.1.0 build v9.1.0rc0 (linux64)
Thread count: 32 physical cores, 32 logical processors, using up to 2 threads
Optimize a model with 1122 rows, 8460 columns and 19278 nonzeros
Model fingerprint: 0x196b4424
Variable types: 504 continuous, 7956 integer (306 binary)
Coefficient statistics:
  Matrix range     [1e+00, 2e+03]
  Objective range  [1e-02, 6e+02]
  Bounds range     [1e+00, 3e+02]
  RHS range        [1e+01, 7e+03]
Presolve removed 262 rows and 140 columns
Presolve time: 0.07s
Presolved: 860 rows, 8320 columns, 18269 nonzeros
Variable types: 364 continuous, 7956 integer (7656 binary)

Root relaxation: objective 3.280950e+03, 949 iterations, 0.02 seconds

    Nodes    |    Current Node    |     Objective Bounds      |     Work
 Expl Unexpl |  Obj  Depth IntInf | Incumbent    BestBd   Gap | It/Node Time

     0     0 3280.94990    0  136          - 3280.94990      -     -    0s
     0     0 3616.28230    0  146          - 3616.28230      -     -    0s
     0     0 3625.67393    0  152          - 3625.67393      -     -    0s
     0     0 3625.81874    0  147          - 3625.81874      -     -    0s
     0     0 4129.94531    0  150          - 4129.94531      -     -    0s
     0     0 4165.97110    0  193          - 4165.97110      -     -    0s
     0     0 4183.67143    0  198          - 4183.67143      -     -    0s
     0     0 4200.69887    0  231          - 4200.69887      -     -    0s
     0     0 4201.06695    0  224          - 4201.06695      -     -    0s
     0     0 4428.92127    0  214          - 4428.92127      -     -    0s
     0     0 4439.09529    0  236          - 4439.09529      -     -    1s
     0     0 4456.56977    0  179          - 4456.56977      -     -    1s
     0     0 4465.35176    0  257          - 4465.35176      -     -    1s
     0     0 4467.39747    0  267          - 4467.39747      -     -    1s
     0     0 4470.43797    0  265          - 4470.43797      -     -    1s
     0     0 4472.93043    0  274          - 4472.93043      -     -    1s
     0     0 4474.73456    0  280          - 4474.73456      -     -    1s
     0     0 4474.83675    0  281          - 4474.83675      -     -    1s
     0     0 4520.84104    0  336          - 4520.84104      -     -    1s
     0     0 4525.47650    0  285          - 4525.47650      -     -    1s
     0     0 4528.01915    0  369          - 4528.01915      -     -    1s
     0     0 4529.83535    0  376          - 4529.83535      -     -    1s
     0     0 4530.38207    0  382          - 4530.38207      -     -    1s
     0     0 4546.65417    0  336          - 4546.65417      -     -    2s
     0     0 4548.47264    0  366          - 4548.47264      -     -    2s
     0     0 4549.34715    0  382          - 4549.34715      -     -    2s
     0     0 4556.35433    0  368          - 4556.35433      -     -    2s
     0     0 4556.35433    0  273          - 4556.35433      -     -    2s
     0     2 4557.07134    0  289          - 4557.07134      -     -    3s
    28    31 4685.16747    9  226          - 4564.67315      -   254    5s
   202   216 5273.76231   62   87          - 4564.67315      -   144   10s
   631   640 8267.76000  227    -          - 4565.21923      -  65.0   15s
   808   746 5941.17184  132  370          - 4565.81754      -  55.6   20s
   827   759 5281.56379   77  380          - 4593.03481      -  54.3   25s
   848   773 6860.82000  150  410          - 4607.22523      -  53.0   30s
   859   780 6439.61500  164  403          - 4608.34415      -  52.3   35s
   875   791 8468.12500  235  402          - 4612.14773      -  51.3   40s
   896   806 5411.54570   88  394          - 4614.38384      -  61.9   45s
   909   815 5450.09653   76  404          - 4616.10994      -  61.0   50s
   914   819 4617.65437   22  427          - 4617.65437      -  69.0   56s
   935   835 4665.68871   27  420          - 4642.25737      -  79.4   60s
   974   864 4788.37704   36  337          - 4642.25737      -  91.6   65s
  1042   909 4966.88896   49  185          - 4642.25737      -   102   70s
  1176  1027 5079.05492   72  112          - 4642.25737      -   106   75s
  1344  1146 5253.37900   98   60          - 4642.25737      -   104   80s
  1541  1271 5964.24443  142   44          - 4642.25737      -  98.4   85s
  1739  1398 infeasible  202               - 4642.25737      -  93.2   90s
  1970  1458 4685.20414   28  300          - 4642.58555      -  88.9   96s
  2048  1534 4834.20655   34  245          - 4642.58555      -  88.5  100s
  2136  1631 4927.31932   37  263          - 4642.58555      -  87.0  105s
* 2303  1580             444    9807.0900000 4642.58555  52.7%  82.1  108s
  2321  1579 4959.36539   43  184 9807.09000 4642.58555  52.7%  81.9  110s
  2344  1604 4997.30194   49  158 9807.09000 4642.58555  52.7%  82.9  115s
  2384  1621 5061.69120   60  149 9807.09000 4642.58555  52.7%  84.4  120s
  2417  1643 5076.86928   67  138 9807.09000 4642.58555  52.7%  85.6  132s
  2439  1672 5090.92287   73   83 9807.09000 4642.58555  52.7%  86.0  135s
  2491  1714 5118.40533   89  132 9807.09000 4642.58555  52.7%  87.6  140s
  2515  1731 5144.10374   95  137 9807.09000 4642.58555  52.7%  88.1  151s
  2566  1791 5226.86146  107   62 9807.09000 4642.58555  52.7%  88.8  155s
  2656  1855 5358.52354  125   62 9807.09000 4642.58555  52.7%  88.1  161s
  2764  1959 5363.54421  147   39 9807.09000 4642.58555  52.7%  86.9  166s
  2855  2000 5401.79787  163   60 9807.09000 4642.58555  52.7%  84.9  170s
  2934  2014 5554.20366  180   76 9807.09000 4642.58555  52.7%  83.6  175s
  3032  2039 5485.01313  199   21 9807.09000 4642.58555  52.7%  82.8  183s
  3034  2181 5562.25897  200   25 9807.09000 4642.58555  52.7%  82.7  186s
  3055  2174 5801.10154  210   33 9807.09000 4642.58555  52.7%  82.6  208s
  3185  2222 5867.79538  224    7 9807.09000 4642.58555  52.7%  80.3  212s
  3296  2280 5760.17723  250   10 9807.09000 4642.58555  52.7%  79.1  216s
  3369  2341 6030.55000  282    4 9807.09000 4642.58555  52.7%  78.8  220s
  3531  2602 6238.16871  339   51 9807.09000 4642.58555  52.7%  78.0  227s
  3687  2787 6999.74500  394    8 9807.09000 4642.58555  52.7%  76.2  232s
  3874  2878 6729.90434  450   32 9807.09000 4660.16466  52.5%  73.6  240s
  4021  2908 6168.20729  239   28 9807.09000 4660.16466  52.5%  72.4  245s
  4064  2966 4958.17275   43  154 9807.09000 4660.16466  52.5%  73.2  252s
  4098  3080 5032.48985   53  123 9807.09000 4660.16466  52.5%  73.5  256s
  4212  3082 5138.63147  109   38 9807.09000 4660.16466  52.5%  73.0  261s
  4214  3228 5140.15910  110   14 9807.09000 4660.16466  52.5%  73.0  266s
  4360  3411 5228.25485  165   30 9807.09000 4660.16466  52.5%  71.7  272s
  4543  3596 5351.59093  249   33 9807.09000 4660.16466  52.5%  69.9  279s
  4640  3601 6215.61000  300    6 9807.09000 4660.16466  52.5%  68.9  280s
  4771  3780 5846.23874  273   25 9807.09000 4664.06168  52.4%  67.4  288s
  4970  3814 8421.23119  436   30 9807.09000 4664.06168  52.4%  65.6  290s
  5025  3899 8791.46988  476   35 9807.09000 4672.15682  52.4%  65.6  295s
  5211  4017 4881.96933   35  277 9807.09000 4672.20263  52.4%  65.0  303s
  5270  4075 4987.23748   45  303 9807.09000 4672.20263  52.4%  65.8  308s
  5384  4118 5049.92896   53  210 9807.09000 4672.20263  52.4%  65.8  313s
  5419  4166 5176.22338   64  176 9807.09000 4672.20263  52.4%  66.8  318s
  5467  4199 5345.06588   96   96 9807.09000 4672.20263  52.4%  67.7  322s
  5502  4323 5557.53947  102   73 9807.09000 4672.20263  52.4%  68.7  329s
  5540  4327 5510.43989  131   35 9807.09000 4672.20263  52.4%  68.6  330s
  5647  4416 5718.23250  106   43 9807.09000 4672.20263  52.4%  68.5  336s
  5729  4496 6133.07227  211   51 9807.09000 4679.51113  52.3%  69.3  342s
  5836  4648 4870.57745   34  206 9807.09000 4679.51113  52.3%  69.8  353s
  6002  4862 5256.37224   54  149 9807.09000 4679.51113  52.3%  68.7  362s
  6234  4879 9727.02000  179   10 9807.09000 4679.51113  52.3%  67.1  365s
  6254  4992 7086.96500  170   34 9807.09000 4682.13708  52.3%  67.3  370s
  6397  5040 8698.21000  223    - 9807.09000 4685.92936  52.2%  67.1  377s
  6458  5095 8705.89000  223    2 9807.09000 4689.12811  52.2%  67.4  383s
  6534  5161 8827.91000  230    2 9807.09000 4696.69693  52.1%  67.8  388s
* 6550  5048             243    8971.2100000 4696.69693  47.6%  67.7  388s
  6618  5099     cutoff  235      8971.21000 4697.56947  47.6%  68.1  394s
  6691  5207 8903.21000  235    - 8971.21000 4699.41430  47.6%  68.5  401s
  6829  5244 4816.10901   28  311 8971.21000 4699.46378  47.6%  68.3  406s
  6859  5285 5105.12653   34  302 8971.21000 4699.46378  47.6%  69.2  412s
  6900  5383 5194.10171   38  274 8971.21000 4699.46378  47.6%  70.0  420s
  6998  5595 5410.32717   48   99 8971.21000 4699.46378  47.6%  70.2  430s
  7274  5716 5797.82480   65  147 8971.21000 4699.46378  47.6%  69.3  440s
  7417  6205 6367.16326   86  102 8971.21000 4701.11942  47.6%  69.6  457s
  7683  6212 8507.39000  177    4 8971.21000 4701.11942  47.6%  67.9  460s
  8018  6295 infeasible  199      8971.21000 4706.17833  47.5%  66.1  469s
  8041  6295     cutoff  249      8971.21000 4707.60244  47.5%  66.5  470s
  8091  6419 5022.52544   49  233 8971.21000 4707.60244  47.5%  67.0  478s
  8231  6845 5658.19074  138   47 8971.21000 4710.70225  47.5%  67.2  490s
  8690  6903 8711.41000  292    - 8971.21000 4712.75661  47.5%  65.0  502s
  8747  7000 8669.58000  291   12 8971.21000 4713.24800  47.5%  65.7  521s
  8852  7087 8965.19000  295    - 8971.21000 4714.24148  47.5%  66.2  548s
  8950  7288 8930.86000  299    - 8971.21000 4714.30784  47.5%  66.2  557s
  9153  7534     cutoff  299      8971.21000 4714.84585  47.4%  66.0  568s
  9323  7537 7577.44178  375    7 8971.21000 4719.69300  47.4%  65.6  570s
  9425  7717 8970.29000  299    - 8971.21000 4720.22431  47.4%  65.2  578s
  9529  7721 5339.29344   63  112 8971.21000 4722.53795  47.4%  65.6  580s
  9614  7861     cutoff  299      8971.21000 4724.88795  47.3%  65.3  588s
  9793  7884 5494.57313   91   10 8971.21000 4726.81796  47.3%  65.2  590s
  9809  8011 5260.41500   55   98 8971.21000 4727.54552  47.3%  65.2  597s
* 9859  7639             205    8407.6700000 4728.75627  43.8%  65.4  597s
  9956  7759 5323.70054   48  217 8407.67000 4728.75627  43.8%  65.4  606s
 10077  7978 6702.55227  137   53 8407.67000 4733.46340  43.7%  65.6  638s
 10322  8168 4910.59288   34  243 8407.67000 4733.46340  43.7%  64.9  648s
 10513  8171 6776.25000  174    6 8407.67000 4733.46340  43.7%  65.0  650s
 10524  8391 5320.82530   47  154 8407.67000 4733.46340  43.7%  65.0  659s
 10566  8391 5666.66000   63   16 8407.67000 4733.46340  43.7%  65.1  660s
*10740  8159             224    8115.1300000 4733.46340  41.7%  64.4  661s
 10782  8359 7555.57000  110    - 8115.13000 4736.50980  41.6%  64.7  670s
 11039  8666 5056.45870   48   92 8115.13000 4737.97636  41.6%  64.5  682s
 11320  8675 6711.91000  187    4 8115.13000 4738.06777  41.6%  63.7  685s
 11392  8977 infeasible  227      8115.13000 4738.12449  41.6%  63.7  694s
 11448  8977 5562.29932   83   60 8115.13000 4738.12449  41.6%  63.8  695s
 11704  9138 5846.55643  148   47 8115.13000 4738.67709  41.6%  63.1  705s
 11927  9206 8094.70000  232    - 8115.13000 4739.03150  41.6%  62.7  714s
 11953  9208 5211.36326   52  213 8115.13000 4739.03150  41.6%  62.9  715s
 11985  9370 8110.91000  232   19 8115.13000 4739.43283  41.6%  63.3  723s
 12194  9490 5677.85000  102   10 8115.13000 4739.49317  41.6%  63.2  733s
 12305  9503 7987.48000  314    6 8115.13000 4740.45052  41.6%  63.1  735s
 12339  9692 5126.67150   44  203 8115.13000 4740.45052  41.6%  63.4  744s
 12359  9692 5148.82855   59   23 8115.13000 4740.45052  41.6%  63.5  745s
 12552  9851 5255.12353   68   12 8115.13000 4740.92219  41.6%  63.4  756s
 12806  9949 5923.16000  135    4 8115.13000 4741.35299  41.6%  63.1  766s
 12885 10015 5991.30000  136    - 8115.13000 4744.74568  41.5%  63.6  774s
 12963 10188 6030.06000  136    - 8115.13000 4745.34287  41.5%  64.1  784s
 12982 10194 6350.64000  149    6 8115.13000 4745.34287  41.5%  64.0  785s
 13195 10247 6932.00000  160    - 8115.13000 4745.80123  41.5%  63.8  794s
 13223 10248 7677.56000  187    - 8115.13000 4745.88407  41.5%  64.1  795s
 13251 10297 6956.33000  160   10 8115.13000 4746.09964  41.5%  64.4  802s
 13319 10363 4976.02152   35  278 8115.13000 4746.29499  41.5%  64.8  810s
 13390 10474 5204.85490   42  148 8115.13000 4746.29499  41.5%  65.3  819s
 13496 10484 7235.09000  145    6 8115.13000 4746.29499  41.5%  65.3  820s
 13539 10556 5425.24180   52  234 8115.13000 4746.29499  41.5%  65.5  829s
 13613 10566 5262.15450   58  144 8115.13000 4746.29499  41.5%  65.8  830s
 13624 10710 5816.64043   65   64 8115.13000 4746.29499  41.5%  65.8  839s
 13643 10710 6111.27197   69  154 8115.13000 4746.29499  41.5%  65.9  840s
 13792 10896 6921.21452   93   40 8115.13000 4747.80743  41.5%  65.9  855s
 14043 11080 infeasible  140      8115.13000 4748.04755  41.5%  65.6  868s
 14236 11178 5603.38670  105   92 8115.13000 4749.85026  41.5%  65.6  879s
*14323 10678             165    7758.0700000 4752.01629  38.7%  65.5  880s
*14326 10630             163    7727.4900000 4752.01629  38.5%  65.5  880s
 14347 10751 infeasible   48      7727.49000 4752.11824  38.5%  65.8  890s
 14370 10751 5541.63187   68   92 7727.49000 4752.11824  38.5%  65.8  903s
 14491 10801     cutoff  164      7727.49000 4752.62978  38.5%  65.9  913s
 14544 10986 5396.26425   60  136 7727.49000 4752.62978  38.5%  66.2  922s
 14745 11093     cutoff  173      7727.49000 4753.20668  38.5%  66.1  933s
 14885 11297 5862.88954   92   35 7727.49000 4753.57893  38.5%  66.0  943s
 14904 11297 5923.51780  111   21 7727.49000 4753.57893  38.5%  66.0  955s
 15121 11358 7298.48636  209   16 7727.49000 4754.60604  38.5%  65.7  964s
 15186 11650 7706.49000  219   10 7727.49000 4754.93521  38.5%  66.1  974s
 15214 11655 4980.10295   44  128 7727.49000 4754.93521  38.5%  66.1  975s
 15539 11811 infeasible  221      7727.49000 4756.07869  38.5%  65.3  986s
 15712 11841 6681.32110  123   28 7727.49000 4756.08575  38.5%  65.2 1038s
 15757 11893 7177.32000  143   14 7727.49000 4756.30061  38.4%  65.3 1047s
*15825 11719             268    7604.3800000 4756.91227  37.4%  65.1 1048s
*15830 11695             266    7591.3800000 4756.91227  37.3%  65.1 1048s
*15831 11659             265    7573.3800000 4756.91227  37.2%  65.1 1048s
 15852 11740     cutoff  176      7573.38000 4757.86083  37.2%  65.2 1057s
 15956 12021 5107.16553   51  162 7573.38000 4757.95855  37.2%  65.2 1067s
 16268 12154 5002.50023   40  110 7573.38000 4757.95855  37.2%  64.6 1079s
 16327 12154 5404.61626   78   42 7573.38000 4757.95855  37.2%  64.7 1080s
 16418 12199 5430.45830   85   49 7573.38000 4758.20627  37.2%  64.6 1088s
 16483 12358 5673.55377   54  174 7573.38000 4759.20701  37.2%  65.0 1097s
 16665 12510 6449.69498  119   48 7573.38000 4759.68805  37.2%  64.8 1109s
 16684 12511 6543.56524  129   14 7573.38000 4759.68805  37.2%  64.8 1110s
 16920 12569     cutoff  177      7573.38000 4760.32186  37.1%  64.5 1120s
 16952 12598 5168.45127   41  123 7573.38000 4761.02237  37.1%  64.8 1153s
 16981 12650 5400.40231   54  120 7573.38000 4761.02237  37.1%  65.1 1163s
 17033 12720 6074.96734   67   74 7573.38000 4761.04919  37.1%  65.4 1174s
 17091 12723 6589.10000   90    - 7573.38000 4761.04919  37.1%  65.4 1175s
 17115 12779 6952.03667   90   16 7573.38000 4761.32836  37.1%  65.7 1184s
 17198 12867 5111.73969   46   76 7573.38000 4761.32836  37.1%  66.0 1196s
 17283 13083 5446.38969   74   18 7573.38000 4761.32836  37.1%  66.2 1210s
 17535 13226 5916.37294   97   63 7573.38000 4761.32836  37.1%  65.9 1223s
 17686 13237 5418.02013   52  154 7573.38000 4761.32836  37.1%  66.0 1225s
 17691 13340 6053.43681  111   16 7573.38000 4761.66077  37.1%  66.0 1236s
 17856 13435     cutoff  240      7573.38000 4762.23221  37.1%  66.0 1247s
 17950 13554 5107.17388   39  417 7573.38000 4762.23221  37.1%  66.2 1259s
 18000 13554 6423.42595  170   39 7573.38000 4762.23221  37.1%  66.2 1260s
 18082 13581 5451.71270   51  252 7573.38000 4762.23221  37.1%  66.1 1270s
 18114 13723 6102.10857   68  147 7573.38000 4762.23221  37.1%  66.5 1281s
 18270 13773 7530.40682  186   63 7573.38000 4763.35135  37.1%  66.6 1292s
 18333 13923 7573.26000  191    8 7573.38000 4763.64326  37.1%  66.8 1304s
 18506 13968 4999.45534   33  144 7573.38000 4764.15252  37.1%  66.8 1316s
 18551 14032 5240.89324   38  306 7573.38000 4764.15252  37.1%  67.3 1326s
 18615 14164 5234.72646   42  228 7573.38000 4764.15252  37.1%  67.7 1340s
 18793 14249 5638.38911   48  220 7573.38000 4764.15252  37.1%  67.6 1352s
 18859 14338 5826.06919   53  192 7573.38000 4764.15252  37.1%  68.0 1364s
 18897 14338 6386.41559   68  166 7573.38000 4764.15252  37.1%  68.1 1365s
 18974 14529 6621.21997   70  135 7573.38000 4764.15252  37.1%  68.2 1380s
 19169 14604 7520.92659  111   30 7573.38000 4765.01243  37.1%  68.1 1392s
 19273 14735 5061.89091   48  253 7573.38000 4765.05044  37.1%  68.3 1404s
 19361 14738 7281.35000  169    4 7573.38000 4765.05044  37.1%  68.3 1405s
 19430 14844 5547.81019  116   90 7573.38000 4765.62387  37.1%  68.3 1417s
 19563 14994 6582.50000  180    4 7573.38000 4766.70620  37.1%  68.4 1427s
 19742 15116 7120.91500  181   10 7573.38000 4767.74983  37.0%  68.4 1439s
 19798 15119 5649.99167   84   18 7573.38000 4767.74983  37.0%  68.4 1440s
*19822 14160             141    7215.5700000 4767.75603  33.9%  68.4 1441s
 19868 14214     cutoff  182      7215.57000 4768.27119  33.9%  68.5 1452s
*19918 14169             141    7194.5700000 4768.56860  33.7%  68.6 1452s
*19920 14127             139    7181.2100000 4768.56860  33.6%  68.6 1452s
 19931 14241 5131.20131   63  111 7181.21000 4768.56860  33.6%  68.8 1464s
 20007 14243 5587.21000  111    - 7181.21000 4768.56860  33.6%  68.8 1465s
 20053 14414 5658.17313  105   59 7181.21000 4768.74925  33.6%  69.0 1479s
 20129 14418 6267.99000  155    8 7181.21000 4768.74925  33.6%  68.8 1480s
 20286 14640 6955.05000  194    - 7181.21000 4768.88765  33.6%  68.8 1494s
 20537 14780 7123.05000  194    - 7181.21000 4768.97603  33.6%  68.5 1508s
 20722 14895 infeasible  194      7181.21000 4769.80892  33.6%  68.4 1519s
 20757 14895 5485.50970   61   59 7181.21000 4769.80892  33.6%  68.5 1520s
 20846 15034 6462.25175   82   65 7181.21000 4770.32069  33.6%  68.5 1531s
 21028 15161 6025.62800  113   22 7181.21000 4770.56716  33.6%  68.5 1544s
 21175 15291 6888.43803  167   18 7181.21000 4771.33160  33.6%  68.5 1559s
 21222 15295 5576.60449   67   87 7181.21000 4771.33160  33.6%  68.6 1560s
 21349 15388 7072.30000  174    - 7181.21000 4771.40092  33.6%  68.5 1572s
 21457 15518 7108.30000  174    - 7181.21000 4772.45614  33.5%  68.6 1583s
 21622 15648 7146.30000  174    - 7181.21000 4772.97628  33.5%  68.6 1596s
 21799 15773     cutoff  174      7181.21000 4773.09927  33.5%  68.5 1609s
 21929 15790 5295.00880   63   45 7181.21000 4773.47170  33.5%  68.6 1610s
 21950 15939     cutoff  174      7181.21000 4774.55856  33.5%  68.6 1625s
 22188 16135     cutoff  174      7181.21000 4774.74882  33.5%  68.2 1642s
 22463 16276 7174.52000  174    - 7181.21000 4774.78794  33.5%  67.8 1655s
 22573 16292 5144.87722   34  361 7181.21000 4775.02744  33.5%  68.0 1665s
 22587 16316 5410.29070   39  302 7181.21000 4775.02744  33.5%  68.3 1676s
 22611 16350 5501.71975   45  257 7181.21000 4775.02744  33.5%  68.6 1687s
 22645 16373 5691.63059   53  188 7181.21000 4775.02744  33.5%  68.9 1697s
 22668 16410 5777.37134   57  208 7181.21000 4775.02744  33.5%  69.2 1709s
 22705 16454 5951.51719   64  226 7181.21000 4775.02744  33.5%  69.5 1720s
 22749 16570 6258.58503   71  136 7181.21000 4775.02744  33.5%  69.8 1735s
 22873 16663 7046.89000   97   21 7181.21000 4776.00712  33.5%  69.8 1751s
 23046 16710 4825.96695   36  227 7181.21000 4776.09991  33.5%  69.7 1765s
 23120 16793 5239.88079   48  184 7181.21000 4776.09991  33.5%  69.8 1778s
 23204 17018 5562.39637   75   73 7181.21000 4776.09991  33.5%  70.0 1795s
 23479 17143 6430.22077  123    7 7181.21000 4777.01786  33.5%  69.6 1811s
 23605 17160 7140.31000  160    - 7181.21000 4777.14932  33.5%  69.6 1823s
 23647 17209 7144.37000  160    - 7181.21000 4777.17800  33.5%  69.9 1835s
 23702 17297 7151.33000  160    - 7181.21000 4777.34738  33.5%  70.1 1846s
 23803 17319     cutoff  160      7181.21000 4778.00281  33.5%  70.2 1858s
 23841 17381 7012.95000  162    - 7181.21000 4778.37797  33.5%  70.5 1870s
 23921 17457 7099.97000  164    - 7181.21000 4778.48982  33.5%  70.6 1883s
 24028 17505 7047.95000  164    - 7181.21000 4778.83611  33.5%  70.7 1896s
 24082 17567     cutoff  163      7181.21000 4778.96561  33.5%  70.9 1908s
 24154 17691 5280.84094   73   50 7181.21000 4779.13351  33.4%  71.1 1921s
 24319 17796 5574.58224  109   64 7181.21000 4779.34024  33.4%  71.0 1935s
 24460 17858     cutoff  146      7181.21000 4779.56900  33.4%  71.0 1949s
 24517 17926 5039.27080   34  331 7181.21000 4779.58545  33.4%  71.3 1962s
 24599 18016 5271.04036   46  127 7181.21000 4779.58545  33.4%  71.5 1976s
 24732 18078 5442.57505   61   36 7181.21000 4779.58545  33.4%  71.5 1989s
 24751 18078 5427.24063   72   35 7181.21000 4779.58545  33.4%  71.6 1990s
 24779 18139 5537.46505   76   35 7181.21000 4779.58545  33.4%  71.8 2003s
*24817 16074             154    6724.7300000 4779.58545  28.9%  71.9 2003s
*24819 16066             153    6722.7300000 4779.58545  28.9%  71.9 2003s
*24821 15914             151    6694.7300000 4779.58545  28.6%  71.9 2003s
 24847 16049 5762.19333   86   17 6694.73000 4779.58545  28.6%  72.1 2016s
 25012 16229 6006.40490   97   11 6694.73000 4779.58545  28.6%  72.0 2037s
 25190 16276 infeasible  260      6694.73000 4781.36815  28.6%  71.8 2050s
 25252 16344 5811.50655   76   59 6694.73000 4781.50267  28.6%  72.0 2061s
 25345 16485 5203.47567   55  187 6694.73000 4781.53470  28.6%  72.2 2077s
 25544 16582 5464.32936   69   72 6694.73000 4781.67370  28.6%  72.0 2091s
 25684 16644     cutoff  152      6694.73000 4781.77701  28.6%  72.0 2103s
 25748 16671 5310.64137   60  133 6694.73000 4781.96975  28.6%  72.2 2117s
 25831 16823 4896.59171   40  211 6694.73000 4782.62881  28.6%  72.4 2131s
 26011 16921 6637.14833  160   18 6694.73000 4782.78804  28.6%  72.2 2146s
 26129 17021 5128.39646   52   48 6694.73000 4782.86134  28.6%  72.3 2159s
 26190 17022     cutoff  135      6694.73000 4782.86134  28.6%  72.4 2160s
 26227 17148 5326.63079   83   75 6694.73000 4783.21102  28.6%  72.5 2175s
 26427 17204 infeasible  153      6694.73000 4783.32929  28.6%  72.3 2189s
 26466 17304 5213.82758   39  272 6694.73000 4783.32929  28.6%  72.5 2203s
 26600 17357 5823.00425   74  126 6694.73000 4783.44420  28.5%  72.6 2216s
 26690 17386 infeasible  114      6694.73000 4783.47384  28.5%  72.6 2228s
 26712 17448 5107.47243   41  395 6694.73000 4783.53350  28.5%  73.0 2241s
 26774 17509 5371.03540   55  350 6694.73000 4783.53350  28.5%  73.2 2255s
 26863 17582 5470.08325   62  226 6694.73000 4783.53350  28.5%  73.2 2269s
 26882 17582 5688.68234   81  128 6694.73000 4783.53350  28.5%  73.3 2270s
 26928 17653 6034.11205   98    6 6694.73000 4784.40181  28.5%  73.4 2286s
 27033 17748 infeasible  126      6694.73000 4784.59790  28.5%  73.4 2303s
 27146 17783 infeasible  128      6694.73000 4784.76668  28.5%  73.5 2317s
 27189 17865 5773.67781   50  167 6694.73000 4785.44647  28.5%  73.7 2330s
 27299 17895 5041.24890   33  438 6694.73000 4785.66351  28.5%  73.7 2344s
 27328 17959 5225.73526   44  313 6694.73000 4785.66351  28.5%  74.0 2358s
 27393 18101 5651.34000   70    4 6694.73000 4785.90564  28.5%  74.1 2374s
 27431 18104 6182.23859  104   34 6694.73000 4785.90564  28.5%  74.1 2375s
 27592 18159 5699.67000   73    - 6694.73000 4785.93263  28.5%  73.9 2389s
 27613 18162 5171.14362   52  181 6694.73000 4785.93263  28.5%  74.0 2390s
 27646 18212 5704.36000   73    - 6694.73000 4786.36745  28.5%  74.1 2403s
 27726 18257 5705.68000   73    - 6694.73000 4786.54863  28.5%  74.2 2417s
 27778 18360 5156.25722   44  166 6694.73000 4786.54863  28.5%  74.4 2433s
 27895 18461 5489.81041   53  136 6694.73000 4786.54863  28.5%  74.4 2449s
 27998 18609 5875.88444   80   37 6694.73000 4786.54863  28.5%  74.5 2469s
 28095 18623 6404.39000  108    4 6694.73000 4786.54863  28.5%  74.3 2470s
 28225 18684 6045.06500   86   24 6694.73000 4787.88122  28.5%  74.2 2484s
 28279 18684 5160.19600   51   30 6694.73000 4787.88122  28.5%  74.2 2485s
 28317 18843 5174.33495   53   25 6694.73000 4788.38645  28.5%  74.3 2500s
 28534 18942     cutoff  162      6694.73000 4788.86779  28.5%  74.0 2516s
 28632 19020 5164.68491   58   32 6694.73000 4788.95034  28.5%  74.1 2531s
 28725 19049 6393.26762  123   12 6694.73000 4789.13437  28.5%  74.2 2545s
 28762 19087 5799.00000  123    - 6694.73000 4789.40704  28.5%  74.4 2558s
 28806 19137 4968.14619   40  244 6694.73000 4789.63044  28.5%  74.6 2572s
 28850 19180 5006.89524   42  187 6694.73000 4789.63044  28.5%  74.8 2586s
 28893 19247 5130.23547   44  101 6694.73000 4789.63044  28.5%  75.0 2602s
 28960 19333 5464.07723   49  159 6694.73000 4789.63044  28.5%  75.2 2618s
 29050 19355 5699.64547   54  151 6694.73000 4789.89064  28.5%  75.3 2634s
 29156 19392 4854.94809   34  340 6694.73000 4790.43646  28.4%  75.3 2648s
 29193 19516 5088.25763   46  208 6694.73000 4790.43646  28.4%  75.5 2664s
 29350 19556 5901.10000   97    - 6694.73000 4790.57446  28.4%  75.4 2677s
 29398 19596 5909.16000   97    - 6694.73000 4790.83815  28.4%  75.6 2692s
 29442 19609 6664.25556  123   47 6694.73000 4791.39949  28.4%  75.8 2707s
 29456 19681 6671.02000  125   34 6694.73000 4791.64807  28.4%  75.9 2723s
 29542 19697 6676.85000  126    - 6694.73000 4791.72925  28.4%  76.0 2739s
 29555 19701 5507.33463   57   46 6694.73000 4791.72925  28.4%  76.0 2740s
 29560 19762 6690.07000  127    - 6694.73000 4791.73762  28.4%  76.1 2756s
 29643 19841     cutoff  127      6694.73000 4792.08731  28.4%  76.2 2774s
 29758 19907     cutoff  126      6694.73000 4792.17053  28.4%  76.2 2790s
 29828 19991 5339.28373   42  258 6694.73000 4792.69995  28.4%  76.3 2805s
 29913 20077 6054.75988  105   59 6694.73000 4792.86737  28.4%  76.4 2823s
 30031 20178 infeasible  134      6694.73000 4792.99529  28.4%  76.5 2841s
 30158 20298 5245.12487   56   64 6694.73000 4793.08568  28.4%  76.5 2857s
 30302 20364 6418.30000  121    8 6694.73000 4793.26113  28.4%  76.4 2874s
 30380 20440 6529.15072  122   39 6694.73000 4793.52713  28.4%  76.6 2891s
 30475 20501 6579.59415  124   35 6694.73000 4793.88268  28.4%  76.6 2909s
