




arguments: ./build/mirp_solver -f ./input/orig_exec_88.cfg
Current dir: /scratch/gui/bnc_mirp
File verbosity level: 9
date       time         ( uptime  ) [ thread name/id ]                   file:line     v| 
2021-01-09 17:19:11.323 (   0.103s) [main thread     ]             loguru.cpp:789   INFO| Logging to './output/vi_cus/OU/V2/Original/execution_09_01_2021_17_19_11.log', mode: 'a', verbosity: 9
--------------------------------------------------------------------------------
Parameters
                           instance_path           ./input/Instances/Original/3/
                            model_policy                                       1
                             nb_vehicles                                       2
                              output_dir         ./output/vi_cus/OU/V2/Original/
                            sec_strategy                                       1
                       solver_nb_threads                                       2
                         solver_show_log                                    true
                       solver_time_limit                                    3600
                              use_vi_cos                                   false
                              use_vi_cus                                    true
                         use_vi_hc1_full                                   false
                         use_vi_hc1_half                                   false
                      use_vi_hc1_quarter                                   false
                              use_vi_hc2                                   false
                              use_vi_hc3                                   false
                         use_vi_lex_full                                   false
                         use_vi_lex_half                                   false
                      use_vi_lex_quarter                                   false
                              use_vi_qua                                   false
                               use_vi_vc                                   false
                               use_vi_vr                                   false
--------------------------------------------------------------------------------
executing instance: ./input/Instances/Original/3/absH3low_2n5.dat
--------------------------------------------------------------------------------
Instance details
n	6
H	3
C	237
Li:
[0, 0, 0, 0, 0, 0, ]
Ui:
[0, 93, 180, 51, 114, 24, ]
Distance matrix:
|0	170	318	35	112	235	|
|170	0	311	205	258	301	|
|318	311	0	326	278	137	|
|35	205	326	0	89	230	|
|112	258	278	89	0	160	|
|235	301	137	230	160	0	|

--------------------------------------------------------------------------------
Building model...
	using lazy and cut (CVRPSEP package)
Solving IRP LP...
--------------------------------------------------------------------------------

Gurobi 9.1.0 (linux64) logging started Sat Jan  9 17:19:11 2021

Gurobi Optimizer version 9.1.0 build v9.1.0rc0 (linux64)
Thread count: 32 physical cores, 32 logical processors, using up to 2 threads
Optimize a model with 132 rows, 180 columns and 603 nonzeros
Model fingerprint: 0x6e858611
Variable types: 54 continuous, 126 integer (36 binary)
Coefficient statistics:
  Matrix range     [1e+00, 2e+02]
  Objective range  [1e-02, 3e+02]
  Bounds range     [1e+00, 2e+02]
  RHS range        [1e+01, 5e+02]
Presolve removed 40 rows and 22 columns
Presolve time: 0.01s
Presolved: 92 rows, 158 columns, 482 nonzeros
Variable types: 32 continuous, 126 integer (96 binary)
Found heuristic solution: objective 3135.5900000
Found heuristic solution: objective 1738.9000000

Root relaxation: objective 5.697106e+02, 87 iterations, 0.00 seconds

    Nodes    |    Current Node    |     Objective Bounds      |     Work
 Expl Unexpl |  Obj  Depth IntInf | Incumbent    BestBd   Gap | It/Node Time

     0     0  569.71061    0   15 1738.90000  569.71061  67.2%     -    0s
     0     0  756.51601    0   18 1738.90000  756.51601  56.5%     -    0s
H    0     0                    1651.9000000  756.51601  54.2%     -    0s
     0     0 1075.53133    0   33 1651.90000 1075.53133  34.9%     -    0s
H    0     0                    1641.7300000 1075.53133  34.5%     -    0s
     0     0 1075.63039    0   33 1641.73000 1075.63039  34.5%     -    0s
     0     0 1220.27110    0   37 1641.73000 1220.27110  25.7%     -    0s
H    0     0                    1518.7300000 1220.27110  19.7%     -    0s
     0     0 1252.46037    0   34 1518.73000 1252.46037  17.5%     -    0s
     0     0 1368.07554    0   55 1518.73000 1368.07554  9.92%     -    0s
H    0     0                    1464.9000000 1368.07554  6.61%     -    0s
     0     0 1409.13465    0   32 1464.90000 1409.13465  3.81%     -    0s
     0     0 1409.77383    0   33 1464.90000 1409.77383  3.76%     -    0s
     0     0 1412.02188    0   48 1464.90000 1412.02188  3.61%     -    0s
     0     0 1412.02188    0   15 1464.90000 1412.02188  3.61%     -    0s
     0     0 1412.02188    0   43 1464.90000 1412.02188  3.61%     -    0s
H    0     0                    1464.7300000 1412.02188  3.60%     -    0s
     0     0 1412.02188    0   34 1464.73000 1412.02188  3.60%     -    0s
     0     0 1414.60121    0   42 1464.73000 1414.60121  3.42%     -    0s
     0     0 1416.61911    0   43 1464.73000 1416.61911  3.28%     -    0s
     0     0 1418.95105    0   46 1464.73000 1418.95105  3.13%     -    0s
     0     0 1435.45531    0   11 1464.73000 1435.45531  2.00%     -    0s
     0     0 1435.45531    0   11 1464.73000 1435.45531  2.00%     -    0s
H    0     0                    1437.9000000 1435.45531  0.17%     -    0s
     0     0 1435.45531    0   11 1437.90000 1435.45531  0.17%     -    0s

Cutting planes:
  User: 1
  Gomory: 1
  Cover: 8
  Implied bound: 1
  Clique: 2
  MIR: 12
  Flow cover: 16
  GUB cover: 1
  RLT: 6

Explored 1 nodes (697 simplex iterations) in 0.14 seconds
Thread count was 2 (of 32 available processors)

Solution count 8: 1437.9 1464.73 1464.9 ... 3135.59

Optimal solution found (tolerance 1.00e-04)
Best objective 1.437900000000e+03, best bound 1.437900000000e+03, gap 0.0000%

User-callback calls 221, time in user-callback 0.01 sec
================================================================================
executing instance: ./input/Instances/Original/3/absH3high_5n30.dat
--------------------------------------------------------------------------------
Instance details
n	31
H	3
C	2296
Li:
[0, 0, 0, 0, 0, 0, 0, 0, 0, 0, 0, 0, 0, 0, 0, 0, 0, 0, 0, 0, 0, 0, 0, 0, 0, 0, 0, 0, 0, 0, 0, ]
Ui:
[0, 80, 90, 297, 28, 264, 123, 192, 112, 32, 72, 88, 294, 129, 126, 105, 110, 237, 246, 92, 72, 147, 54, 96, 128, 96, 84, 28, 74, 196, 192, ]
Distance matrix:
|0	87	302	65	389	171	219	120	412	339	129	63	169	401	383	158	393	161	246	275	64	287	345	235	13	274	106	201	85	358	135	|
|87	0	334	128	402	212	301	204	465	384	187	145	232	424	454	238	475	245	289	352	80	307	352	321	81	352	20	261	170	376	215	|
|302	334	0	239	113	132	237	334	157	70	404	263	162	105	227	229	339	251	65	217	259	53	107	352	293	220	339	134	270	75	235	|
|65	128	239	0	330	107	175	130	348	275	174	40	107	339	326	114	351	125	181	224	58	228	290	222	58	224	143	138	65	297	92	|
|389	402	113	330	0	226	349	438	210	151	502	360	269	48	316	339	441	362	175	328	335	102	55	465	377	330	401	245	371	37	342	|
|171	212	132	107	226	0	169	214	253	173	276	134	64	233	261	130	326	153	77	188	133	125	192	264	162	190	220	68	145	193	125	|
|219	301	237	175	349	169	0	157	257	223	244	157	105	334	180	62	175	61	177	63	233	264	334	118	221	61	317	112	136	312	85	|
|120	204	334	130	438	214	157	0	402	348	88	90	173	438	336	115	307	100	269	220	172	338	406	122	130	218	224	204	69	403	101	|
|412	465	157	348	210	253	257	402	0	88	486	359	245	166	129	287	266	303	178	204	386	208	239	370	406	207	473	212	354	187	304	|
|339	384	70	275	151	173	223	348	88	0	427	291	179	120	166	234	290	254	96	187	306	123	166	342	332	190	391	145	291	119	247	|
|129	187	404	174	502	276	244	88	486	427	0	142	248	508	424	200	390	187	342	308	193	400	464	192	142	306	207	281	136	469	182	|
|63	145	263	40	360	134	157	90	359	291	142	0	114	366	321	95	331	99	202	212	90	258	323	186	65	211	163	148	27	327	72	|
|169	232	162	107	269	64	105	173	245	179	248	114	0	266	222	71	268	94	97	131	155	173	244	203	164	132	245	34	113	233	73	|
|401	424	105	339	48	233	334	438	166	120	508	366	266	0	280	332	409	355	169	305	353	117	96	452	391	308	425	237	374	49	339	|
|383	454	227	326	316	261	180	336	129	166	424	321	222	280	0	231	137	238	208	116	376	277	331	272	381	118	467	197	307	285	253	|
|158	238	229	114	339	130	62	115	287	234	200	95	71	332	231	0	238	23	164	118	171	243	314	134	159	117	255	95	77	302	23	|
|393	475	339	351	441	326	175	307	266	290	390	331	268	409	137	238	0	232	300	138	408	383	445	204	395	136	492	258	308	406	260	|
|161	245	251	125	362	153	61	100	303	254	187	99	94	355	238	23	232	0	187	123	183	267	338	111	164	121	262	117	77	325	34	|
|246	289	65	181	175	77	177	269	178	96	342	202	97	169	208	164	300	187	0	168	210	87	157	290	238	171	296	70	206	138	170	|
|275	352	217	224	328	188	63	220	204	187	308	212	131	305	116	118	138	123	168	0	279	255	322	166	275	3	367	120	195	291	141	|
|64	80	259	58	335	133	233	172	386	306	193	90	155	353	376	171	408	183	210	279	0	236	289	276	51	279	90	182	117	307	150	|
|287	307	53	228	102	125	264	338	208	123	400	258	173	117	277	243	383	267	87	255	236	0	71	374	276	257	308	153	270	71	245	|
|345	352	107	290	55	192	334	406	239	166	464	323	244	96	331	314	445	338	157	322	289	71	0	445	334	325	350	224	337	54	315	|
|235	321	352	222	465	264	118	122	370	342	192	186	203	452	272	134	204	111	290	166	276	374	445	0	243	164	341	221	159	428	142	|
|13	81	293	58	377	162	221	130	406	332	142	65	164	391	381	159	395	164	238	275	51	276	334	243	0	274	100	196	89	347	136	|
|274	352	220	224	330	190	61	218	207	190	306	211	132	308	118	117	136	121	171	3	279	257	325	164	274	0	367	122	194	294	140	|
|106	20	339	143	401	220	317	224	473	391	207	163	245	425	467	255	492	262	296	367	90	308	350	341	100	367	0	272	188	377	232	|
|201	261	134	138	245	68	112	204	212	145	281	148	34	237	197	95	258	117	70	120	182	153	224	221	196	122	272	0	146	208	103	|
|85	170	270	65	371	145	136	69	354	291	136	27	113	374	307	77	308	77	206	195	117	270	337	159	89	194	188	146	0	337	54	|
|358	376	75	297	37	193	312	403	187	119	469	327	233	49	285	302	406	325	138	291	307	71	54	428	347	294	377	208	337	0	306	|
|135	215	235	92	342	125	85	101	304	247	182	72	73	339	253	23	260	34	170	141	150	245	315	142	136	140	232	103	54	306	0	|

--------------------------------------------------------------------------------
Building model...
	using lazy and cut (CVRPSEP package)
Solving IRP LP...
--------------------------------------------------------------------------------

Gurobi 9.1.0 (linux64) logging started Sat Jan  9 17:19:11 2021

Gurobi Optimizer version 9.1.0 build v9.1.0rc0 (linux64)
Thread count: 32 physical cores, 32 logical processors, using up to 2 threads
Optimize a model with 682 rows, 3280 columns and 7978 nonzeros
Model fingerprint: 0xa423496e
Variable types: 304 continuous, 2976 integer (186 binary)
Coefficient statistics:
  Matrix range     [1e+00, 1e+03]
  Objective range  [1e-01, 5e+02]
  Bounds range     [1e+00, 3e+02]
  RHS range        [1e+01, 4e+03]
Presolve removed 215 rows and 122 columns
Presolve time: 0.06s
Presolved: 467 rows, 3158 columns, 7251 nonzeros
Variable types: 182 continuous, 2976 integer (2796 binary)

Root relaxation: objective 8.845428e+03, 448 iterations, 0.01 seconds

    Nodes    |    Current Node    |     Objective Bounds      |     Work
 Expl Unexpl |  Obj  Depth IntInf | Incumbent    BestBd   Gap | It/Node Time

     0     0 8845.42804    0   96          - 8845.42804      -     -    0s
     0     0 9290.11738    0  114          - 9290.11738      -     -    0s
     0     0 9317.82789    0  102          - 9317.82789      -     -    0s
     0     0 9318.12620    0   99          - 9318.12620      -     -    0s
     0     0 9678.05316    0  155          - 9678.05316      -     -    0s
     0     0 9686.17295    0  151          - 9686.17295      -     -    0s
     0     0 9686.24027    0  138          - 9686.24027      -     -    0s
     0     0 9800.75405    0  148          - 9800.75405      -     -    0s
     0     0 9810.51634    0  167          - 9810.51634      -     -    0s
     0     0 9811.98757    0  175          - 9811.98757      -     -    0s
     0     0 9817.70977    0  172          - 9817.70977      -     -    0s
     0     0 9828.37466    0  162          - 9828.37466      -     -    0s
     0     0 9828.46137    0  160          - 9828.46137      -     -    0s
     0     0 9840.16880    0  167          - 9840.16880      -     -    0s
     0     0 9841.14592    0  160          - 9841.14592      -     -    0s
     0     0 9855.52871    0  159          - 9855.52871      -     -    0s
     0     0 9855.52871    0  129          - 9855.52871      -     -    0s
     0     2 9855.52871    0  125          - 9855.52871      -     -    0s
   389   376 10060.8863    8  118          - 9898.29184      -  65.8    5s
   801   769 10759.6429   65  189          - 9898.29184      -  61.1   10s
   832   790 10276.8486   26  274          - 9966.80380      -  58.9   15s
   866   816 10046.3757   21  204          - 9982.59692      -  68.8   20s
  1038   949 11174.8550   72   28          - 9982.59692      -  77.9   25s
* 1134   940             110    11712.940000 9999.19904  14.6%  75.0   26s
  1214   973 10194.2671   26  142 11712.9400 9999.19904  14.6%  78.2   30s
H 1246   951                    11696.940000 9999.19904  14.5%  78.8   30s
H 1301   960                    11612.940000 9999.19904  13.9%  79.4   33s
  1409   977 10476.2907   34  116 11612.9400 9999.19904  13.9%  77.7   35s
  1496  1064 10786.7338   53   62 11612.9400 9999.19904  13.9%  82.3   40s
H 1614  1064                    11507.340000 10001.6063  13.1%  80.4   43s
  1684  1074 10158.7746   27  227 11507.3400 10001.6063  13.1%  79.2   45s
  1814  1220 10443.0763   52   48 11507.3400 10001.6063  13.1%  79.5   50s
  1973  1247 10561.6457  109   31 11507.3400 10001.6063  13.1%  76.1   55s
  2108  1346 10281.6162   26  158 11507.3400 10017.9816  12.9%  75.2   60s
H 2186  1287                    11474.340000 10017.9816  12.7%  74.2   61s
  2324  1447 10761.7295   77   54 11474.3400 10017.9816  12.7%  73.5   65s
  2491  1511 10671.5139   44   26 11474.3400 10043.2797  12.5%  73.4   70s
  2688  1568 11168.8500   71    - 11474.3400 10044.1044  12.5%  73.1   75s
* 2714  1434              71    11195.140000 10046.3626  10.3%  74.2   77s
  2789  1531 10317.9036   24  130 11195.1400 10046.9414  10.3%  76.3   80s
  2842  1615 10440.9982   34  155 11195.1400 10046.9855  10.3%  76.8   87s
  3051  1729 10856.8766   41   59 11195.1400 10056.4030  10.2%  75.3   92s
  3217  1871 10473.7998   41  135 11195.1400 10060.4240  10.1%  75.2   96s
  3409  2029 11049.2157   53   45 11195.1400 10068.0030  10.1%  74.8  102s
  3559  2140 11152.7513   61   46 11195.1400 10069.9062  10.1%  73.8  105s
  3790  2320 10555.0096   41  126 11195.1400 10078.8003  10.0%  73.2  110s
  4053  2511 10460.7127   36  158 11195.1400 10083.2810  9.93%  72.4  116s
  4297  2748 10354.8215   39   65 11195.1400 10088.6930  9.88%  72.6  123s
  4451  2920 10749.1067   38   57 11195.1400 10090.4533  9.87%  72.1  127s
  4672  3009 10317.7648   24  184 11195.1400 10091.2362  9.86%  70.8  132s
  4765  3188 10780.5022   40   34 11195.1400 10091.7230  9.86%  71.3  136s
  5028  3335 infeasible   81      11195.1400 10093.1050  9.84%  69.8  141s
  5171  3465 10995.8569   60   99 11195.1400 10094.8745  9.83%  69.8  145s
  5433  3669 11061.0219   57   50 11195.1400 10101.2078  9.77%  69.7  153s
  5585  3755     cutoff   80      11195.1400 10107.3280  9.72%  69.7  158s
  5710  3886     cutoff   61      11195.1400 10112.3094  9.67%  69.6  163s
  5878  4006     cutoff   74      11195.1400 10114.3393  9.65%  69.7  168s
  6023  4163     cutoff   65      11195.1400 10117.4960  9.63%  69.8  172s
  6227  4237 infeasible   94      11195.1400 10119.0166  9.61%  69.5  177s
  6321  4378 11157.6996   71    4 11195.1400 10120.0174  9.60%  70.0  182s
  6480  4574     cutoff   72      11195.1400 10124.1015  9.57%  70.2  187s
* 6720  4419              66    11116.630000 10126.8658  8.90%  69.5  188s
  6735  4472     cutoff   77      11116.6300 10126.9078  8.90%  69.5  192s
  6803  4573 10576.5583   49   91 11116.6300 10129.0195  8.88%  70.6  197s
  6922  4681 10335.3255   23  205 11116.6300 10130.7963  8.87%  71.3  202s
  7067  4694 10644.3216   37  159 11116.6300 10131.3891  8.86%  71.6  207s
  7078  4802 10812.3958   39   82 11116.6300 10131.8964  8.86%  71.7  211s
  7207  5000 10521.3307   42  166 11116.6300 10132.3141  8.85%  72.2  216s
  7448  5154 10198.6544   25  169 11116.6300 10138.2464  8.80%  71.7  222s
  7660  5256 11088.0000   47   41 11116.6300 10140.5177  8.78%  71.3  227s
  7788  5362 10332.3834   28  162 11116.6300 10143.9368  8.75%  71.5  233s
  7918  5504 10503.9249   38  190 11116.6300 10144.8154  8.74%  71.9  238s
  8123  5634 10829.8027   40   36 11116.6300 10145.6903  8.73%  71.9  244s
  8288  5727     cutoff   74      11116.6300 10149.8920  8.70%  72.0  249s
  8415  5859 10663.7922   42  136 11116.6300 10151.7890  8.68%  72.5  254s
  8474  5859 10929.3669   44   91 11116.6300 10151.7890  8.68%  72.5  255s
  8563  5994 10346.4312   24  220 11116.6300 10154.2603  8.66%  72.7  260s
  8789  6101 10407.4369   26  194 11116.6300 10154.5391  8.65%  72.5  266s
  8919  6262 10952.1224   43   37 11116.6300 10155.1982  8.65%  72.9  272s
  9137  6419 10570.5274   79   29 11116.6300 10156.8553  8.63%  72.7  278s
  9337  6529 11001.2200  112   26 11116.6300 10160.6901  8.60%  72.6  284s
  9473  6649     cutoff  123      11116.6300 10163.4446  8.57%  72.5  289s
  9532  6651 10646.5922   51  128 11116.6300 10164.0585  8.57%  72.7  290s
  9645  6777 11054.7830   53   18 11116.6300 10164.1480  8.57%  72.5  295s
  9806  6838     cutoff   54      11116.6300 10164.4165  8.57%  72.7  303s
  9874  6939 10541.3512   52   48 11116.6300 10165.0853  8.56%  73.0  309s
  9977  6949 10956.8659   67    4 11116.6300 10165.2528  8.56%  73.2  310s
 10012  7002 10678.4538   35   52 11116.6300 10165.4398  8.56%  73.3  315s
 10103  7137 11066.2960   56   36 11116.6300 10166.7245  8.54%  73.3  321s
 10273  7238 11033.7213   67   23 11116.6300 10169.1905  8.52%  73.4  327s
 10409  7428 11028.0083   73   16 11116.6300 10169.9115  8.52%  73.7  333s
 10666  7641 10898.9679   42  135 11116.6300 10173.1349  8.49%  73.2  340s
 10910  7755 10362.4690   26  183 11116.6300 10175.9135  8.46%  72.7  346s
 11042  7913 10498.5262   36  161 11116.6300 10176.8495  8.45%  73.0  352s
 11246  8036     cutoff   87      11116.6300 10177.2920  8.45%  72.9  359s
 11399  8224 10814.6326   27  104 11116.6300 10179.0296  8.43%  73.1  365s
 11674  8399 10990.0962   76   57 11116.6300 10180.3289  8.42%  72.5  372s
 11865  8537     cutoff   82      11116.6300 10180.7962  8.42%  72.4  377s
 12037  8647 10854.5900   61    8 11116.6300 10183.0508  8.40%  72.4  383s
 12188  8791 10411.8427   30  170 11116.6300 10183.8329  8.39%  72.5  389s
 12279  8803     cutoff   75      11116.6300 10183.8542  8.39%  72.5  390s
 12370  8961 11035.0200   65    - 11116.6300 10184.3731  8.39%  72.5  395s
 12567  9063     cutoff   65      11116.6300 10185.2570  8.38%  72.3  401s
 12721  9211 10580.0108   32  121 11116.6300 10186.3151  8.37%  72.4  407s
 12890  9357     cutoff   57      11116.6300 10186.5938  8.37%  72.4  413s
 13058  9541 10773.9177   55  146 11116.6300 10187.7648  8.36%  72.4  419s
 13230  9542 10616.6570   32   19 11116.6300 10188.4963  8.35%  72.2  420s
 13296  9645     cutoff   69      11116.6300 10189.3876  8.34%  72.1  426s
 13439  9735 10442.7252   29  227 11116.6300 10190.2331  8.33%  72.2  432s
 13583  9883     cutoff   61      11116.6300 10190.6250  8.33%  72.2  439s
 13720  9889 10869.6005   82    5 11116.6300 10191.2653  8.32%  72.0  440s
 13764  9983     cutoff   83      11116.6300 10191.6605  8.32%  72.0  446s
 13892 10039 10917.8998   43   55 11116.6300 10193.8260  8.30%  72.0  453s
 13978 10150     cutoff   68      11116.6300 10193.8550  8.30%  72.0  458s
 14139 10285     cutoff   74      11116.6300 10195.0016  8.29%  72.1  465s
 14312 10422 10740.1079   37  104 11116.6300 10196.5112  8.28%  72.0  471s
 14477 10488 10942.6375   64    8 11116.6300 10197.0701  8.27%  72.0  477s
 14565 10627 10832.1432   32  112 11116.6300 10197.3886  8.27%  72.2  483s
 14744 10741 10551.6272   42  173 11116.6300 10198.1444  8.26%  72.1  489s
 14918 10884 10402.2293   29  183 11116.6300 10199.2877  8.25%  72.1  495s
 15099 11067 10938.8222   63   47 11116.6300 10199.5921  8.25%  72.0  502s
 15325 11197 10731.7582   76    6 11116.6300 10201.2970  8.23%  71.8  508s
 15500 11295     cutoff   88      11116.6300 10203.2228  8.22%  71.6  515s
 15623 11427     cutoff   67      11116.6300 10203.9281  8.21%  71.8  522s
 15798 11558 10968.1956   79   30 11116.6300 10205.0182  8.20%  71.7  528s
 15962 11685 infeasible   82      11116.6300 10205.9270  8.19%  71.7  534s
 16124 11825 10794.1880   49  104 11116.6300 10206.9103  8.18%  71.6  540s
 16297 11840 infeasible   74      11116.6300 10207.5500  8.18%  71.6  549s
 16314 11945 10488.0150   31  211 11116.6300 10207.5500  8.18%  71.6  555s
 16439 12059 10715.4095   47   30 11116.6300 10207.5973  8.18%  71.8  561s
 16608 12225     cutoff   75      11116.6300 10209.5517  8.16%  71.8  567s
 16806 12334 10316.3157   40  142 11116.6300 10210.8762  8.15%  71.7  574s
 16970 12446 10522.5720   26  211 11116.6300 10211.8549  8.14%  71.7  580s
 17101 12532 10550.7856   25  145 11116.6300 10212.0861  8.14%  71.8  586s
 17215 12640 10948.6205   38  118 11116.6300 10213.0381  8.13%  72.0  592s
 17332 12691 10771.8479   67   37 11116.6300 10213.2757  8.13%  72.0  597s
 17415 12813     cutoff   82      11116.6300 10213.9117  8.12%  72.3  603s
 17595 12922 10630.9265   37  128 11116.6300 10214.8261  8.11%  72.2  609s
 17643 12922 10981.3258   73   15 11116.6300 10214.8261  8.11%  72.2  610s
 17721 13022     cutoff   73      11116.6300 10215.3524  8.11%  72.3  615s
 17866 13118 infeasible   76      11116.6300 10215.5634  8.11%  72.3  621s
 17960 13217     cutoff   82      11116.6300 10215.6979  8.10%  72.4  627s
 18088 13354 10965.9795   58   43 11116.6300 10216.7529  8.09%  72.6  633s
 18292 13421     cutoff   75      11116.6300 10217.6912  8.09%  72.4  640s
 18353 13501 10733.1464   30  148 11116.6300 10217.7570  8.09%  72.8  645s
 18474 13643     cutoff   45      11116.6300 10218.4107  8.08%  72.9  652s
*18649 13610              67    11108.540000 10219.8209  8.00%  72.7  653s
 18731 13715     cutoff   65      11108.5400 10219.8379  8.00%  72.6  659s
*18826 12145              76    10979.930000 10220.5758  6.92%  72.5  659s
 18855 12244 10340.5361   31   90 10979.9300 10220.8145  6.91%  72.6  665s
 19000 12336     cutoff   68      10979.9300 10221.1423  6.91%  72.6  671s
 19124 12454 10341.2142   29  202 10979.9300 10222.5852  6.90%  72.7  677s
 19259 12562     cutoff   84      10979.9300 10222.7432  6.90%  72.8  684s
 19364 12563 10882.3300   62    - 10979.9300 10222.8910  6.89%  72.8  685s
 19426 12692 10841.5158   39  161 10979.9300 10223.1184  6.89%  72.7  691s
 19602 12740 10417.4712   24  136 10979.9300 10223.9242  6.89%  72.6  698s
 19663 12851 10801.2900   51   24 10979.9300 10224.1054  6.88%  72.8  704s
 19811 12956 10962.5489   54   83 10979.9300 10224.6651  6.88%  72.8  711s
 19963 13060     cutoff   57      10979.9300 10225.4061  6.87%  72.8  717s
H20099 12829                    10959.050000 10226.2577  6.69%  72.9  724s
 20240 12950     cutoff   50      10959.0500 10227.1768  6.68%  72.9  730s
 20402 13098 10495.1533   54   35 10959.0500 10227.8480  6.67%  72.9  738s
 20574 13210 infeasible   80      10959.0500 10228.0012  6.67%  72.8  744s
 20720 13325 10509.7670   42   38 10959.0500 10228.3998  6.67%  72.9  751s
 20876 13447 10958.3000   74    6 10959.0500 10228.7800  6.66%  72.9  758s
 21026 13559 10800.1682   66   87 10959.0500 10229.0668  6.66%  72.9  765s
 21179 13652 10479.2312   28  214 10959.0500 10229.2623  6.66%  72.9  773s
 21339 13757     cutoff   52      10959.0500 10229.5497  6.66%  72.9  780s
 21462 13804 10564.3695   55   57 10959.0500 10229.7772  6.65%  73.0  788s
 21531 13928 10918.0700   69    - 10959.0500 10230.2505  6.65%  73.1  794s
*21532 12756              68    10900.870000 10230.2505  6.15%  73.1  794s
 21685 12777 10689.8737   35  184 10900.8700 10230.8946  6.15%  73.1  800s
 21766 12838 10295.2415   23  159 10900.8700 10231.6391  6.14%  73.3  806s
 21844 12920 10460.2791   46  145 10900.8700 10231.8633  6.14%  73.5  812s
 21962 13030 10679.9609   56   21 10900.8700 10232.1216  6.13%  73.7  819s
 22097 13037 10760.9000   69    4 10900.8700 10232.4826  6.13%  73.7  820s
 22112 13135     cutoff   69      10900.8700 10232.5223  6.13%  73.7  826s
 22279 13235 10893.7100   74    - 10900.8700 10233.1424  6.13%  73.7  833s
 22409 13342 infeasible   74      10900.8700 10233.7731  6.12%  73.7  840s
 22564 13442 10586.4260   33  145 10900.8700 10234.0185  6.12%  73.7  847s
 22698 13518 10871.5100   67   10 10900.8700 10234.6353  6.11%  73.8  854s
 22787 13582     cutoff   68      10900.8700 10235.1737  6.11%  74.0  860s
 22880 13636 10506.6338   41   79 10900.8700 10235.8258  6.10%  74.2  867s
 22965 13737 10723.8100   58    - 10900.8700 10235.9588  6.10%  74.3  874s
*22966 11066              65    10780.810000 10235.9588  5.05%  74.3  874s
 23096 11169 10753.5080   70   12 10780.8100 10236.7301  5.05%  74.4  881s
 23276 11267     cutoff   71      10780.8100 10237.1573  5.04%  74.3  888s
 23397 11307 10478.5484   40   78 10780.8100 10237.3577  5.04%  74.4  896s
 23450 11395 10717.2100   52   12 10780.8100 10237.5329  5.04%  74.4  903s
 23592 11494     cutoff   55      10780.8100 10238.0370  5.03%  74.5  910s
 23720 11541     cutoff   68      10780.8100 10239.0321  5.03%  74.5  916s
 23820 11650 10744.8063   36   99 10780.8100 10240.0482  5.02%  74.6  923s
 23970 11753 10565.3800   43    - 10780.8100 10240.7371  5.01%  74.6  931s
 24159 11809     cutoff   62      10780.8100 10241.8512  5.00%  74.5  938s
 24213 11880     cutoff   47      10780.8100 10241.8674  5.00%  74.8  945s
 24325 11944     cutoff   61      10780.8100 10242.2012  5.00%  74.9  953s
 24414 12010 10500.1938   69   35 10780.8100 10242.4964  4.99%  75.0  959s
 24518 12044 10704.0967   35  150 10780.8100 10242.8916  4.99%  75.1  966s
 24588 12124     cutoff   40      10780.8100 10243.4359  4.98%  75.4  973s
 24679 12220 10739.9498   41   42 10780.8100 10243.5817  4.98%  75.6  980s
 24836 12293     cutoff   57      10780.8100 10244.9985  4.97%  75.5  987s
 24954 12361 10619.9918   47   69 10780.8100 10245.4333  4.97%  75.6  994s
 25071 12448 10776.9500   64    - 10780.8100 10245.7472  4.96%  75.7 1001s
 25201 12514     cutoff   64      10780.8100 10246.8925  4.95%  75.7 1010s
 25299 12574 10450.4214   32  165 10780.8100 10248.0350  4.94%  75.8 1017s
 25394 12639 10601.1799   35  175 10780.8100 10248.2446  4.94%  75.9 1024s
 25498 12736 10558.6749   41  137 10780.8100 10248.6786  4.94%  76.1 1032s
 25637 12827     cutoff   54      10780.8100 10249.0650  4.93%  76.1 1040s
 25766 12894 infeasible   67      10780.8100 10249.2707  4.93%  76.2 1047s
 25889 12989 10467.2554   35  162 10780.8100 10249.6491  4.93%  76.3 1055s
 26040 13107 10483.3385   34   36 10780.8100 10250.3617  4.92%  76.2 1064s
 26227 13168 10688.6717   60    8 10780.8100 10250.5243  4.92%  76.1 1071s
 26319 13213 infeasible   67      10780.8100 10250.7482  4.92%  76.2 1079s
 26394 13278 10564.3579   41  179 10780.8100 10250.8011  4.92%  76.4 1086s
 26480 13348 10504.0659   27  161 10780.8100 10251.4089  4.91%  76.5 1094s
 26601 13418 10775.2432   49    8 10780.8100 10251.6640  4.91%  76.6 1102s
 26708 13495 10421.3937   41   96 10780.8100 10252.3839  4.90%  76.7 1109s
 26838 13575     cutoff   58      10780.8100 10253.6336  4.89%  76.7 1116s
 26960 13628 10454.9060   29  185 10780.8100 10255.0969  4.88%  76.7 1124s
 27073 13679 10492.5274   33  207 10780.8100 10255.1749  4.88%  76.8 1132s
 27176 13737 10542.1649   32   83 10780.8100 10255.7172  4.87%  76.8 1140s
H27259 13678                    10778.010000 10255.7172  4.85%  76.8 1140s
 27303 13753     cutoff   45      10778.0100 10255.7263  4.85%  76.8 1147s
 27420 13857     cutoff   63      10778.0100 10256.7510  4.84%  76.9 1156s
 27580 13972     cutoff   63      10778.0100 10256.9971  4.83%  76.9 1164s
 27748 14065 10588.4428   50  121 10778.0100 10257.2817  4.83%  76.9 1171s
 27869 14103 10449.1457   30  237 10778.0100 10257.5456  4.83%  76.9 1179s
 27955 14146     cutoff   56      10778.0100 10257.8061  4.83%  77.1 1187s
 28046 14251 10471.5622   31  123 10778.0100 10258.0110  4.82%  77.2 1195s
 28189 14316 10693.4987   54   31 10778.0100 10258.3369  4.82%  77.2 1202s
 28285 14405 10452.2234   30  146 10778.0100 10259.2614  4.81%  77.3 1210s
 28430 14493 10512.9010   32  138 10778.0100 10260.0981  4.81%  77.3 1218s
 28551 14553 10635.7226   42   88 10778.0100 10260.2343  4.80%  77.3 1225s
 28652 14573 10737.2200   44    - 10778.0100 10260.9014  4.80%  77.4 1235s
 28673 14644 10772.3850   44   36 10778.0100 10261.1097  4.80%  77.5 1242s
 28794 14749     cutoff   45      10778.0100 10262.3678  4.78%  77.5 1249s
 28859 14749 10656.1471   57    4 10778.0100 10262.3678  4.78%  77.5 1250s
 28936 14817     cutoff   60      10778.0100 10262.7284  4.78%  77.5 1258s
 29054 14896 10572.1523   25  135 10778.0100 10263.1843  4.78%  77.6 1266s
 29187 14944     cutoff   60      10778.0100 10263.4426  4.77%  77.6 1273s
 29291 15004 10614.7727   41  177 10778.0100 10264.0717  4.77%  77.7 1282s
 29392 15037 10618.5467   40  143 10778.0100 10265.3297  4.76%  77.7 1289s
 29468 15089     cutoff   47      10778.0100 10265.3672  4.76%  77.9 1296s
 29558 15165 10470.7358   54   62 10778.0100 10266.5905  4.75%  78.0 1304s
 29665 15196 10758.2342   54  145 10778.0100 10266.8322  4.74%  78.1 1312s
 29748 15248 10626.6569   32  124 10778.0100 10267.1886  4.74%  78.2 1320s
 29850 15271 10632.5942   32  177 10778.0100 10268.0373  4.73%  78.3 1328s
 29919 15375 10571.7898   35  142 10778.0100 10268.5578  4.73%  78.5 1338s
 30065 15430 10600.2583   24  149 10778.0100 10269.0214  4.72%  78.5 1346s
 30138 15518 10567.2552   30  142 10778.0100 10269.2130  4.72%  78.7 1354s
 30196 15518 10763.0122   52   27 10778.0100 10269.6433  4.72%  78.7 1355s
 30278 15578 10720.5286   31  198 10778.0100 10269.8401  4.71%  78.7 1362s
 30402 15659 10604.9643   40  197 10778.0100 10270.4189  4.71%  78.7 1371s
 30518 15730 10671.6958   36  118 10778.0100 10270.9634  4.70%  78.8 1379s
 30627 15803     cutoff   63      10778.0100 10271.4412  4.70%  78.8 1388s
 30751 15872 10747.8200   74    - 10778.0100 10271.7374  4.70%  78.9 1397s
 30874 15964     cutoff   74      10778.0100 10272.3663  4.69%  78.9 1405s
 31015 16011     cutoff   59      10778.0100 10272.6098  4.69%  78.9 1414s
 31091 16072 10731.9760   46   25 10778.0100 10273.1399  4.68%  79.0 1422s
 31181 16129     cutoff   61      10778.0100 10273.8844  4.68%  79.1 1430s
 31281 16229 10726.6021   38   43 10778.0100 10274.2260  4.67%  79.2 1439s
 31413 16305     cutoff   51      10778.0100 10274.3827  4.67%  79.2 1447s
 31572 16411     cutoff   44      10778.0100 10274.8455  4.67%  79.2 1455s
 31714 16470 10630.1381   40  146 10778.0100 10275.5294  4.66%  79.1 1463s
 31817 16511 10766.6846   45   30 10778.0100 10275.6162  4.66%  79.2 1471s
 31892 16572 10490.1954   45  188 10778.0100 10276.1895  4.66%  79.3 1480s
 31995 16657     cutoff   59      10778.0100 10276.6151  4.65%  79.4 1489s
 32132 16740 10536.7926   50   41 10778.0100 10277.0799  4.65%  79.4 1498s
 32261 16822 10774.0761   50   42 10778.0100 10277.2365  4.65%  79.4 1508s
 32420 16835 10636.3242   49  129 10778.0100 10277.6163  4.64%  79.4 1812s
 32422 16836 10533.3989   48  629 10778.0100 10277.6163  4.64%  79.4 1815s
 32428 16840 10690.3700   40  921 10778.0100 10277.6163  4.64%  79.4 1820s
 32434 16844 10462.1246   32  972 10778.0100 10277.6163  4.64%  79.3 1826s
 32437 16846 10506.4374   31  974 10778.0100 10277.6163  4.64%  79.3 1831s
 32440 16848 10728.9349   38  974 10778.0100 10277.6163  4.64%  79.3 1835s
 32441 16849 10600.7640   33 1035 10778.0100 10277.6163  4.64%  79.3 1854s
 32442 16850 10633.0034   60 1033 10778.0100 10277.6163  4.64%  79.3 1857s
 32444 16854 10277.6163   25 1002 10778.0100 10277.6163  4.64%  79.6 1899s
 32446 16855 10277.6163   26 1001 10778.0100 10277.6163  4.64%  79.6 1938s
 32448 16857 10277.6163   26  973 10778.0100 10277.6163  4.64%  79.6 1968s
 32450 16858 10277.6163   27  928 10778.0100 10277.6163  4.64%  79.7 1978s
 32452 16859 10277.6163   27  977 10778.0100 10277.6163  4.64%  79.7 1986s
 32454 16863 10278.1142   28  876 10778.0100 10277.6163  4.64%  79.8 1991s
 32462 16868 10338.3422   30  703 10778.0100 10277.6163  4.64%  79.8 1997s
 32466 16873 10373.5376   31  738 10778.0100 10277.6163  4.64%  79.9 2000s
 32477 16877 10520.9437   34  701 10778.0100 10277.6163  4.64%  80.0 2005s
 32497 16893 10698.9118   40  289 10778.0100 10277.6163  4.64%  80.1 2011s
 32525 16896 10277.6163   29  901 10778.0100 10277.6163  4.64%  80.2 2016s
 32540 16898 10317.7977   32  627 10778.0100 10277.6163  4.64%  80.3 2020s
 32558 16911 10365.3776   37  529 10778.0100 10277.6163  4.64%  80.4 2025s
 32605 16936     cutoff   52      10778.0100 10277.6163  4.64%  80.5 2031s
H32631 16092                    10777.390000 10277.6163  4.64%  80.5 2034s
 32635 16096 10277.6163   30  990 10777.3900 10277.6163  4.64%  80.6 2036s
 32664 16106 10425.6451   36  739 10777.3900 10277.6163  4.64%  80.7 2041s
 32696 16139 10513.8240   42  573 10777.3900 10277.6163  4.64%  80.8 2046s
 32746 16147 10755.3755   43  213 10777.3900 10277.6163  4.64%  80.8 2052s
 32765 16158 10584.6123   47  472 10777.3900 10277.6163  4.64%  80.9 2055s
 32811 16165 10772.6061   57  398 10777.3900 10277.6163  4.64%  81.0 2062s
 32845 16169 10359.4002   36  702 10777.3900 10277.6163  4.64%  81.0 2066s
 32870 16183 10413.4701   41  650 10777.3900 10277.6163  4.64%  81.0 2073s
H32876 15356                    10737.470000 10277.6163  4.28%  81.0 2073s
 32892 15375 10506.5917   52  433 10737.4700 10277.6163  4.28%  81.1 2076s
 32932 15369 10624.7089   68  331 10737.4700 10277.6163  4.28%  81.1 2081s
 32946 15383 10644.5368   69  486 10737.4700 10277.6163  4.28%  81.1 2086s
 32967 15410 10713.7216   84   51 10737.4700 10277.6163  4.28%  81.1 2096s
 33010 15438 10574.4609   50  678 10737.4700 10277.6163  4.28%  81.1 2100s
*33083 14660              63    10717.390000 10277.6163  4.10%  81.1 2104s
 33109 14692 10533.2362   32  826 10717.3900 10277.6163  4.10%  81.2 2109s
 33158 14706 10623.0705   42  688 10717.3900 10277.6163  4.10%  81.2 2113s
 33199 14809 10365.1179   39  650 10717.3900 10277.6163  4.10%  81.2 2124s
 33338 14824     cutoff   54      10717.3900 10277.6163  4.10%  81.2 2135s
 33443 14898 10533.8892   34  719 10717.3900 10277.6163  4.10%  81.4 2147s
 33607 14958     cutoff   48      10717.3900 10277.6163  4.10%  81.4 2160s
 33788 15001     cutoff   42      10717.3900 10277.6163  4.10%  81.5 2174s
 33858 14983 10555.4334   54  212 10717.3900 10277.6163  4.10%  81.5 2175s
 33964 15072     cutoff   80      10717.3900 10277.6163  4.10%  81.5 2190s
 34144 15108     cutoff   97      10717.3900 10277.6163  4.10%  81.6 2205s
 34300 15181 10515.7309   51  754 10717.3900 10277.6163  4.10%  81.7 2220s
 34469 15270 10480.9676   37  244 10717.3900 10277.6163  4.10%  81.7 2237s
 34698 15338     cutoff   78      10717.3900 10277.6163  4.10%  81.7 2254s
 34792 15309 infeasible   63      10717.3900 10277.6163  4.10%  81.7 2255s
 34893 15424 10683.4598   36  587 10717.3900 10277.6163  4.10%  81.8 2272s
 35142 15422 10521.9514   41  457 10717.3900 10277.6163  4.10%  81.8 2290s
 35276 15437 10702.6306   39  640 10717.3900 10280.2667  4.08%  82.0 2307s
 35377 15432 10667.1858   50  548 10717.3900 10281.9736  4.06%  82.2 2336s
 35419 15571 10497.8008   41  457 10717.3900 10287.5452  4.01%  82.2 2354s
 35515 15541 10637.6634   53  180 10717.3900 10287.5452  4.01%  82.1 2355s
 35696 15544     cutoff   73      10717.3900 10294.7835  3.94%  82.1 2377s
 35768 15600 10531.5416   55  211 10717.3900 10296.5451  3.93%  82.1 2404s
 35903 15664     cutoff   85      10717.3900 10298.0362  3.91%  82.2 2425s
 36101 15705 10551.8131   35  746 10717.3900 10301.8265  3.88%  82.4 2445s
 36285 15757     cutoff   69      10717.3900 10304.1036  3.86%  82.5 2466s
 36462 15815 10619.3403   73  234 10717.3900 10304.3255  3.85%  82.7 2487s
 36673 15918 10597.0438   40  642 10717.3900 10307.4614  3.82%  82.9 2509s
 36942 15994 10646.6479   62  356 10717.3900 10310.3551  3.80%  83.0 2532s
 37234 16071 10709.3400   46    - 10717.3900 10313.9203  3.76%  83.0 2557s
 37547 16197     cutoff   49      10717.3900 10318.3194  3.72%  83.1 2582s
 37902 16263 infeasible   83      10717.3900 10322.4442  3.69%  83.0 2607s
 38224 16378     cutoff   60      10717.3900 10325.5209  3.66%  83.0 2630s
*38525 15408              49    10688.210000 10328.7938  3.36%  83.0 2631s
*38530 14700              49    10685.510000 10328.7938  3.34%  83.0 2631s
 38575 14768     cutoff   63      10685.5100 10330.2294  3.32%  83.0 2652s
 38765 14855 10546.5633   40  714 10685.5100 10333.0361  3.30%  83.2 2673s
 39026 14926 10667.7079   62  343 10685.5100 10335.0984  3.28%  83.3 2696s
 39322 14957     cutoff   71      10685.5100 10341.2321  3.22%  83.3 2718s
 39559 15043     cutoff   57      10685.5100 10342.8219  3.21%  83.4 2742s
H39657 13367                    10621.710000 10342.8219  2.63%  83.5 2742s
 39791 13376 10592.0330   56  282 10621.7100 10343.9947  2.61%  83.5 2763s
 40014 13421     cutoff   54      10621.7100 10347.1184  2.59%  83.7 2783s
 40248 13460 10599.8394   58  227 10621.7100 10349.3963  2.56%  83.7 2806s
 40488 13445     cutoff   35      10621.7100 10351.5540  2.54%  83.8 2826s
 40689 13471 10455.8832   43  642 10621.7100 10354.0028  2.52%  84.0 2848s
 40914 13519     cutoff   48      10621.7100 10358.0647  2.48%  84.0 2870s
 41183 13517     cutoff   58      10621.7100 10360.5385  2.46%  84.1 2891s
 41409 13523 10505.6989   41  476 10621.7100 10362.6090  2.44%  84.2 2915s
 41601 13523 10515.9409   53  636 10621.7100 10364.6959  2.42%  84.2 2934s
 41798 13583 10580.9206   40  719 10621.7100 10365.9145  2.41%  84.4 2957s
 42048 13580 10594.5946   57  365 10621.7100 10367.1664  2.40%  84.4 2981s
 42226 13565     cutoff   60      10621.7100 10368.7989  2.38%  84.5 3128s
 42332 13658 infeasible   59      10621.7100 10369.5269  2.37%  84.5 3151s
H42334 13017                    10619.830000 10369.5269  2.36%  84.5 3151s
 42604 13003 10579.2139   35  701 10619.8300 10372.8127  2.33%  84.6 3173s
 42824 13014 10537.8457   39  581 10619.8300 10374.0268  2.31%  84.8 3194s
 43057 13044 10503.6525   47  575 10619.8300 10376.0953  2.30%  84.9 3218s
 43280 13074     cutoff   57      10619.8300 10377.5073  2.28%  85.0 3240s
 43543 13125     cutoff   47      10619.8300 10379.0320  2.27%  85.1 3265s
 43810 13124     cutoff   54      10619.8300 10380.3897  2.25%  85.1 3286s
 44079 13117     cutoff   48      10619.8300 10382.2973  2.24%  85.1 3309s
 44302 13152 10612.4878   47  312 10619.8300 10384.0185  2.22%  85.2 3333s
 44551 13197 10614.2100   55    - 10619.8300 10385.0850  2.21%  85.2 3356s
 44822 13242     cutoff   55      10619.8300 10386.4766  2.20%  85.2 3381s
 45077 13263     cutoff   55      10619.8300 10387.8053  2.18%  85.3 3410s
 45298 13293 10540.7300   42  528 10619.8300 10388.0271  2.18%  85.3 3432s
 45560 13329 10564.5332   52  144 10619.8300 10389.5532  2.17%  85.3 3455s
 45859 13356 10432.5184   39  791 10619.8300 10391.6662  2.15%  85.3 3479s
 46093 13284 10523.6993   53  558 10619.8300 10392.7180  2.14%  85.3 3480s
 46148 13370 10442.5632   40  583 10619.8300 10392.8164  2.14%  85.3 3502s
