




arguments: ./build/mirp_solver -f ./input/orig_exec_10.cfg
Current dir: /scratch/gui/bnc_mirp
File verbosity level: 9
date       time         ( uptime  ) [ thread name/id ]                   file:line     v| 
2021-01-08 22:34:34.449 (   0.043s) [main thread     ]             loguru.cpp:789   INFO| Logging to './output/vi_cus/OU/V2/Original/execution_08_01_2021_22_34_34.log', mode: 'a', verbosity: 9
--------------------------------------------------------------------------------
Parameters
                           instance_path           ./input/Instances/Original/1/
                            model_policy                                       1
                             nb_vehicles                                       2
                              output_dir         ./output/vi_cus/OU/V2/Original/
                            sec_strategy                                       1
                       solver_nb_threads                                       2
                         solver_show_log                                    true
                       solver_time_limit                                    3600
                              use_vi_cos                                   false
                              use_vi_cus                                    true
                         use_vi_hc1_full                                   false
                         use_vi_hc1_half                                   false
                      use_vi_hc1_quarter                                   false
                              use_vi_hc2                                   false
                              use_vi_hc3                                   false
                         use_vi_lex_full                                   false
                         use_vi_lex_half                                   false
                      use_vi_lex_quarter                                   false
                              use_vi_qua                                   false
                               use_vi_vc                                   false
                               use_vi_vr                                   false
--------------------------------------------------------------------------------
executing instance: ./input/Instances/Original/1/absH3high_1n5.dat
--------------------------------------------------------------------------------
Instance details
n	6
H	3
C	289
Li:
[0, 0, 0, 0, 0, 0, ]
Ui:
[0, 195, 105, 116, 72, 22, ]
Distance matrix:
|0	85	349	17	203	289	|
|85	0	265	102	214	226	|
|349	265	0	366	368	238	|
|17	102	366	0	207	302	|
|203	214	368	207	0	431	|
|289	226	238	302	431	0	|

--------------------------------------------------------------------------------
Building model...
	using lazy and cut (CVRPSEP package)
Solving IRP LP...
--------------------------------------------------------------------------------

Gurobi 9.1.0 (linux64) logging started Fri Jan  8 22:34:34 2021

Gurobi Optimizer version 9.1.0 build v9.1.0rc0 (linux64)
Thread count: 32 physical cores, 32 logical processors, using up to 2 threads
Optimize a model with 132 rows, 180 columns and 603 nonzeros
Model fingerprint: 0x9022ebff
Variable types: 54 continuous, 126 integer (36 binary)
Coefficient statistics:
  Matrix range     [1e+00, 2e+02]
  Objective range  [2e-01, 4e+02]
  Bounds range     [1e+00, 2e+02]
  RHS range        [1e+01, 5e+02]
Found heuristic solution: objective 3550.9900000
Presolve removed 40 rows and 22 columns
Presolve time: 0.00s
Presolved: 92 rows, 158 columns, 478 nonzeros
Variable types: 32 continuous, 126 integer (96 binary)

Root relaxation: objective 1.629262e+03, 97 iterations, 0.00 seconds

    Nodes    |    Current Node    |     Objective Bounds      |     Work
 Expl Unexpl |  Obj  Depth IntInf | Incumbent    BestBd   Gap | It/Node Time

     0     0 1629.26218    0   21 3550.99000 1629.26218  54.1%     -    0s
     0     0 1762.23948    0   22 3550.99000 1762.23948  50.4%     -    0s
H    0     0                    3109.3500000 1762.23948  43.3%     -    0s
     0     0 2141.74721    0   34 3109.35000 2141.74721  31.1%     -    0s
H    0     0                    2887.3300000 2141.74721  25.8%     -    0s
     0     0 2141.74721    0   34 2887.33000 2141.74721  25.8%     -    0s
     0     0 2155.82288    0   45 2887.33000 2155.82288  25.3%     -    0s
H    0     0                    2511.4900000 2155.82288  14.2%     -    0s
     0     0 2156.06039    0   46 2511.49000 2156.06039  14.2%     -    0s
     0     0 2191.38637    0   62 2511.49000 2191.38637  12.7%     -    0s
     0     0 2191.49643    0   61 2511.49000 2191.49643  12.7%     -    0s
     0     0 2200.02089    0   49 2511.49000 2200.02089  12.4%     -    0s
H    0     0                    2266.6100000 2200.02089  2.94%     -    0s
     0     0 2200.07311    0   46 2266.61000 2200.07311  2.94%     -    0s
     0     0 2200.10034    0   49 2266.61000 2200.10034  2.93%     -    0s
     0     0 2200.53848    0   24 2266.61000 2200.53848  2.91%     -    0s
     0     0 2200.53848    0   24 2266.61000 2200.53848  2.91%     -    0s
     0     0 2230.42640    0   22 2266.61000 2230.42640  1.60%     -    0s
     0     0 2230.42640    0   26 2266.61000 2230.42640  1.60%     -    0s
     0     0     cutoff    0      2266.61000 2266.61000  0.00%     -    0s

Cutting planes:
  Gomory: 1
  Cover: 10
  Implied bound: 1
  MIR: 6
  Flow cover: 12
  Zero half: 1
  RLT: 8
  Relax-and-lift: 1

Explored 1 nodes (622 simplex iterations) in 0.11 seconds
Thread count was 2 (of 32 available processors)

Solution count 5: 2266.61 2511.49 2887.33 ... 3550.99

Optimal solution found (tolerance 1.00e-04)
Best objective 2.266610000000e+03, best bound 2.266610000000e+03, gap 0.0000%

User-callback calls 194, time in user-callback 0.00 sec
================================================================================
executing instance: ./input/Instances/Original/1/absH3high_1n45.dat
--------------------------------------------------------------------------------
Instance details
n	46
H	3
C	3462
Li:
[0, 0, 0, 0, 0, 0, 0, 0, 0, 0, 0, 0, 0, 0, 0, 0, 0, 0, 0, 0, 0, 0, 0, 0, 0, 0, 0, 0, 0, 0, 0, 0, 0, 0, 0, 0, 0, 0, 0, 0, 0, 0, 0, 0, 0, 0, ]
Ui:
[0, 273, 270, 36, 165, 192, 148, 45, 30, 75, 180, 198, 112, 117, 90, 64, 180, 22, 264, 174, 168, 270, 86, 66, 26, 66, 237, 156, 92, 108, 144, 72, 30, 45, 94, 54, 174, 96, 198, 136, 44, 180, 210, 249, 198, 48, ]
Distance matrix:
|0	281	201	160	249	201	93	431	236	139	252	136	116	166	390	110	349	374	303	180	327	464	236	70	44	461	346	439	363	254	312	426	305	206	71	137	169	200	247	260	20	219	256	253	460	278	|
|281	0	448	170	53	142	338	184	121	290	371	390	222	302	111	289	169	434	230	177	238	441	59	212	319	211	86	235	399	306	53	176	99	202	263	157	361	101	370	201	264	344	364	374	469	184	|
|201	448	0	285	430	325	114	556	361	171	191	64	228	174	546	294	453	306	364	289	388	435	393	254	157	585	491	536	318	254	490	554	436	407	266	292	108	388	186	337	207	181	205	190	408	364	|
|160	170	285	0	169	43	182	280	80	120	208	231	58	132	262	230	190	294	151	24	174	345	112	107	183	309	207	280	268	158	219	276	155	235	187	45	192	150	205	107	140	177	202	210	356	119	|
|249	53	430	169	0	152	317	238	145	282	377	369	212	299	157	242	215	452	261	183	273	474	76	181	290	264	140	287	421	320	63	229	145	148	221	142	352	53	374	226	234	346	370	378	498	215	|
|201	142	325	43	152	0	224	237	37	156	230	273	101	164	224	261	148	300	127	38	147	333	83	142	225	266	167	238	270	168	193	233	112	246	221	70	228	148	228	84	180	202	222	232	351	87	|
|93	338	114	182	317	224	0	460	262	92	180	52	124	112	440	199	364	307	292	191	317	415	284	140	57	490	387	452	304	208	377	457	336	297	163	181	84	274	175	256	95	152	188	180	402	280	|
|431	184	556	280	238	237	460	0	199	385	420	508	337	385	108	464	110	429	219	269	206	378	202	365	460	30	98	84	388	340	204	9	126	386	432	294	453	283	421	226	411	404	408	423	422	198	|
|236	121	361	80	145	37	262	199	0	191	255	310	138	197	191	290	114	312	118	72	133	330	69	175	262	229	132	204	279	186	174	195	75	258	251	102	262	153	254	81	216	230	246	257	353	72	|
|139	290	171	120	282	156	92	385	191	0	116	129	71	27	380	246	283	235	201	119	226	329	231	141	129	414	323	367	224	119	336	383	266	308	202	141	72	252	112	169	127	82	118	117	322	195	|
|252	371	191	208	377	230	180	420	255	116	0	187	178	90	443	361	311	127	204	195	224	246	313	257	232	446	382	380	129	81	423	421	320	422	318	242	100	355	5	195	241	34	15	2	225	224	|
|136	390	64	231	369	273	52	508	310	129	187	0	173	141	491	233	409	313	330	239	355	431	335	191	93	538	438	495	316	233	429	505	385	342	203	233	88	325	182	297	143	167	199	187	412	323	|
|116	222	228	58	212	101	124	337	138	71	178	173	0	91	319	206	244	284	187	69	212	357	165	85	130	367	265	333	264	151	267	333	213	244	161	70	140	181	175	145	97	145	177	180	359	165	|
|166	302	174	132	299	164	112	385	197	27	90	141	91	0	388	273	280	208	191	127	215	305	243	167	153	413	329	361	198	96	351	383	270	333	229	159	68	272	86	163	153	56	92	91	296	190	|
|390	111	546	262	157	224	440	108	191	380	443	491	319	388	0	399	164	480	264	261	261	456	156	320	426	125	62	186	442	369	107	99	125	300	374	260	452	210	443	252	372	420	433	446	494	227	|
|110	289	294	230	242	261	199	464	290	246	361	233	206	273	399	0	402	480	382	254	404	562	262	124	143	493	369	490	466	355	302	457	344	135	45	191	279	189	356	337	120	328	364	362	563	348	|
|349	169	453	190	215	148	364	110	114	283	311	409	244	280	164	402	0	324	110	174	101	292	151	289	372	135	109	90	284	230	212	111	70	354	364	216	348	245	312	118	329	295	298	313	330	90	|
|374	434	306	294	452	300	307	429	312	235	127	313	284	208	480	480	324	0	216	274	223	137	380	368	357	448	419	367	40	136	487	432	358	525	436	336	227	443	132	234	361	156	119	127	102	255	|
|303	230	364	151	261	127	292	219	118	201	204	330	187	191	264	382	110	216	0	128	25	213	185	258	314	243	203	176	178	123	282	221	144	372	338	193	256	270	206	45	283	193	191	206	239	46	|
|180	177	289	24	183	38	191	269	72	119	195	239	69	127	261	254	174	274	128	0	151	321	118	130	198	299	204	263	246	139	228	266	147	258	211	68	191	169	193	83	159	166	188	197	333	98	|
|327	238	388	174	273	147	317	206	133	226	224	355	212	215	261	404	101	223	25	151	0	203	198	281	339	228	202	156	184	143	288	209	146	390	362	215	280	286	226	68	308	215	210	226	235	61	|
|464	441	435	345	474	333	415	378	330	329	246	431	357	305	456	562	292	137	213	321	203	0	398	440	458	390	400	301	117	211	492	384	348	578	517	389	344	480	251	251	448	265	233	246	54	259	|
|236	59	393	112	76	83	284	202	69	231	313	335	165	243	156	262	151	380	185	118	198	398	0	167	270	231	110	233	347	250	110	195	85	203	230	103	303	95	311	150	217	284	305	315	422	139	|
|70	212	254	107	181	142	140	365	175	141	257	191	85	167	320	124	289	368	258	130	281	440	167	0	109	394	277	378	349	236	244	359	239	167	81	73	196	135	253	213	53	223	257	258	444	226	|
|44	319	157	183	290	225	57	460	262	129	232	93	130	153	426	143	372	357	314	198	339	458	270	109	0	490	379	462	351	247	353	456	334	250	110	168	140	243	226	274	56	201	238	232	449	294	|
|461	211	585	309	264	266	490	30	229	414	446	538	367	413	125	493	135	448	243	299	228	390	231	394	490	0	125	89	408	365	226	36	156	412	462	324	481	311	447	253	441	430	433	448	436	225	|
|346	86	491	207	140	167	387	98	132	323	382	438	265	329	62	369	109	419	203	204	202	400	110	277	379	125	0	155	381	307	113	90	63	288	339	211	394	186	382	190	327	359	371	384	436	165	|
|439	235	536	280	287	238	452	84	204	367	380	495	333	361	186	490	90	367	176	263	156	301	233	378	462	89	155	0	326	299	267	92	148	432	454	306	429	325	382	199	419	369	366	382	348	172	|
|363	399	318	268	421	270	304	388	279	224	129	316	264	198	442	466	284	40	178	246	184	117	347	349	351	408	381	326	0	113	452	391	321	502	422	311	229	415	134	199	348	152	118	130	98	219	|
|254	306	254	158	320	168	208	340	186	119	81	233	151	96	369	355	230	136	123	139	143	211	250	236	247	365	307	299	113	0	359	340	244	390	310	200	148	308	83	117	238	74	68	83	208	145	|
|312	53	490	219	63	193	377	204	174	336	423	429	267	351	107	302	212	487	282	228	288	492	110	244	353	226	113	267	452	359	0	195	145	194	283	199	407	115	421	254	296	394	415	425	521	237	|
|426	176	554	276	229	233	457	9	195	383	421	505	333	383	99	457	111	432	221	266	209	384	195	359	456	36	90	92	391	340	195	0	122	378	426	289	451	275	421	226	406	404	408	423	427	197	|
|305	99	436	155	145	112	336	126	75	266	320	385	213	270	125	344	70	358	144	147	146	348	85	239	334	156	63	148	321	244	145	122	0	286	310	168	336	177	320	128	285	298	309	322	381	103	|
|206	202	407	235	148	246	297	386	258	308	422	342	244	333	300	135	354	525	372	258	390	578	203	167	250	412	288	432	502	390	194	378	286	0	144	191	362	109	418	329	202	388	421	423	591	329	|
|71	263	266	187	221	221	163	432	251	202	318	203	161	229	374	45	364	436	338	211	362	517	230	81	110	462	339	454	422	310	283	426	310	144	0	150	239	168	313	294	77	285	321	319	518	306	|
|137	157	292	45	142	70	181	294	102	141	242	233	70	159	260	191	216	336	193	68	215	389	103	73	168	324	211	306	311	200	199	289	168	191	150	0	210	113	239	148	117	210	238	244	400	157	|
|169	361	108	192	352	228	84	453	262	72	100	88	140	68	452	279	348	227	256	191	280	344	303	196	140	481	394	429	229	148	407	451	336	362	239	210	0	318	95	231	164	79	111	100	325	258	|
|200	101	388	150	53	148	274	283	153	252	355	325	181	272	210	189	245	443	270	169	286	480	95	135	243	311	186	325	415	308	115	275	177	109	168	113	318	0	352	230	187	323	351	357	498	225	|
|247	370	186	205	374	228	175	421	254	112	5	182	175	86	443	356	312	132	206	193	226	251	311	253	226	447	382	382	134	83	421	421	320	418	313	239	95	352	0	196	237	30	19	6	230	224	|
|260	201	337	107	226	84	256	226	81	169	195	297	145	163	252	337	118	234	45	83	68	251	150	213	274	253	190	199	199	117	254	226	128	329	294	148	231	230	196	0	240	178	184	198	272	29	|
|20	264	207	140	234	180	95	411	216	127	241	143	97	153	372	120	329	361	283	159	308	448	217	53	56	441	327	419	348	238	296	406	285	202	77	117	164	187	237	240	0	208	245	242	446	257	|
|219	344	181	177	346	202	152	404	230	82	34	167	145	56	420	328	295	156	193	166	215	265	284	223	201	430	359	369	152	74	394	404	298	388	285	210	79	323	30	178	208	0	37	35	250	206	|
|256	364	205	202	370	222	188	408	246	118	15	199	177	92	433	364	298	119	191	188	210	233	305	257	238	433	371	366	118	68	415	408	309	421	321	238	111	351	19	184	245	37	0	17	214	212	|
|253	374	190	210	378	232	180	423	257	117	2	187	180	91	446	362	313	127	206	197	226	246	315	258	232	448	384	382	130	83	425	423	322	423	319	244	100	357	6	198	242	35	17	0	225	226	|
|460	469	408	356	498	351	402	422	353	322	225	412	359	296	494	563	330	102	239	333	235	54	422	444	449	436	436	348	98	208	521	427	381	591	518	400	325	498	230	272	446	250	214	225	0	285	|
|278	184	364	119	215	87	280	198	72	195	224	323	165	190	227	348	90	255	46	98	61	259	139	226	294	225	165	172	219	145	237	197	103	329	306	157	258	225	224	29	257	206	212	226	285	0	|

--------------------------------------------------------------------------------
Building model...
	using lazy and cut (CVRPSEP package)
Solving IRP LP...
--------------------------------------------------------------------------------

Gurobi 9.1.0 (linux64) logging started Fri Jan  8 22:34:35 2021

Gurobi Optimizer version 9.1.0 build v9.1.0rc0 (linux64)
Thread count: 32 physical cores, 32 logical processors, using up to 2 threads
Optimize a model with 1012 rows, 6940 columns and 16003 nonzeros
Model fingerprint: 0x59c64dcb
Variable types: 454 continuous, 6486 integer (276 binary)
Coefficient statistics:
  Matrix range     [1e+00, 2e+03]
  Objective range  [1e-01, 6e+02]
  Bounds range     [1e+00, 3e+02]
  RHS range        [1e+01, 6e+03]
Presolve removed 239 rows and 128 columns
Presolve time: 0.05s
Presolved: 773 rows, 6812 columns, 15087 nonzeros
Variable types: 326 continuous, 6486 integer (6216 binary)

Root relaxation: objective 1.302212e+04, 632 iterations, 0.01 seconds

    Nodes    |    Current Node    |     Objective Bounds      |     Work
 Expl Unexpl |  Obj  Depth IntInf | Incumbent    BestBd   Gap | It/Node Time

     0     0 13022.1222    0  122          - 13022.1222      -     -    0s
     0     0 13370.5840    0  131          - 13370.5840      -     -    0s
     0     0 13370.5840    0  128          - 13370.5840      -     -    0s
     0     0 13907.3599    0  235          - 13907.3599      -     -    0s
     0     0 13946.7888    0  209          - 13946.7888      -     -    0s
     0     0 13947.3507    0  193          - 13947.3507      -     -    0s
     0     0 13996.4161    0  207          - 13996.4161      -     -    0s
     0     0 14004.4247    0  164          - 14004.4247      -     -    0s
     0     0 14005.1344    0  192          - 14005.1344      -     -    0s
     0     0 14095.8961    0  234          - 14095.8961      -     -    0s
     0     0 14102.6273    0  240          - 14102.6273      -     -    0s
     0     0 14146.2752    0  235          - 14146.2752      -     -    0s
     0     0 14164.1865    0  217          - 14164.1865      -     -    1s
     0     0 14168.9292    0  280          - 14168.9292      -     -    1s
     0     0 14169.4455    0  278          - 14169.4455      -     -    1s
     0     0 14237.9702    0  276          - 14237.9702      -     -    1s
     0     0 14250.3247    0  263          - 14250.3247      -     -    1s
     0     0 14254.0089    0  303          - 14254.0089      -     -    1s
     0     0 14254.2438    0  306          - 14254.2438      -     -    1s
     0     0 14263.5706    0  273          - 14263.5706      -     -    1s
     0     0 14265.4607    0  301          - 14265.4607      -     -    1s
     0     0 14290.7067    0  266          - 14290.7067      -     -    1s
     0     0 14297.2390    0  265          - 14297.2390      -     -    1s
     0     0 14297.4629    0  240          - 14297.4629      -     -    1s
     0     0 14308.5845    0  285          - 14308.5845      -     -    2s
     0     0 14308.5845    0  241          - 14308.5845      -     -    2s
     0     2 14318.6458    0  265          - 14318.6458      -     -    2s
    51    55 14394.9606   15  262          - 14335.2206      -   231    5s
   308   332 15402.7664   88   66          - 14335.2206      -   112   10s
   687   653 17630.9633  208   49          - 14335.2206      -  66.9   15s
   775   723 15596.1669  107  331          - 14393.4115      -  62.4   20s
   793   735 14804.4398   30  386          - 14404.3928      -  61.0   25s
   796   737 15394.3404   68  370          - 14404.3928      -  60.7   32s
   799   742 14425.2216   12  312          - 14425.2216      -  72.0   35s
   843   775 14507.5826   23  321          - 14443.8198      -  84.7   40s
   915   827 14625.6238   39  248          - 14443.8198      -   100   45s
  1016   910 14893.5861   64   56          - 14443.8198      -   108   50s
  1139   993 15526.1661   93   76          - 14443.8198      -   112   55s
  1285  1147 16057.5383  118   41          - 14443.8198      -   109   60s
  1488  1217 14485.4233   15  366          - 14459.5548      -   101   66s
  1649  1366 14557.8187   21  306          - 14459.5548      -  96.1   72s
  1829  1384 14569.1176   24  276          - 14459.5548      -  89.6   76s
* 1838  1344             365    18353.850000 14459.5548  21.2%  89.8   76s
* 1841  1307             366    18323.850000 14459.5548  21.1%  89.7   76s
* 1842  1273             366    18321.850000 14459.5548  21.1%  89.7   76s
  1877  1288 14621.8607   34  220 18321.8500 14459.5548  21.1%  91.3   80s
  1916  1314 14744.0856   48   31 18321.8500 14459.5548  21.1%  95.6   90s
  1978  1362 14849.9700   66    6 18321.8500 14459.5548  21.1%   100   95s
  2077  1459 15013.2362  115   49 18321.8500 14459.5548  21.1%   102  101s
  2190  1525 15576.9800  147    - 18321.8500 14459.5548  21.1%   101  106s
  2265  1579 15682.2700  147   22 18321.8500 14459.5548  21.1%  99.1  110s
  2435  1674 16001.0109  217   21 18321.8500 14463.4387  21.1%  95.6  117s
  2544  1699 14524.3076   14  425 18321.8500 14463.4387  21.1%  94.0  120s
  2652  1738 14575.1494   21  372 18321.8500 14463.4387  21.1%  93.1  125s
  2737  1852 14726.4318   31  167 18321.8500 14463.4387  21.1%  93.4  134s
  2815  1929 14807.7401   33  174 18321.8500 14463.4387  21.1%  92.9  138s
  2912  1946 14834.1374   38  102 18321.8500 14463.4387  21.1%  91.5  141s
  2954  1970 14897.6367   56   92 18321.8500 14463.4387  21.1%  93.1  147s
  2964  1999 14922.3098   56  148 18321.8500 14463.4387  21.1%  93.9  150s
  3027  2076 14994.4690   91   92 18321.8500 14463.4387  21.1%  95.6  156s
  3070  2167 15089.0622  116   27 18321.8500 14463.4387  21.1%  95.9  161s
  3181  2245 15287.4752  125   74 18321.8500 14463.4387  21.1%  95.2  165s
* 3183   943             129    15244.420000 14463.4387  5.12%  95.2  165s
* 3184   942             131    15234.420000 14463.4387  5.06%  95.2  165s
  3328  1017 14689.4078   25  273 15234.4200 14477.3856  4.97%  95.9  172s
  3463  1029 15152.5868   57   79 15234.4200 14482.2529  4.94%  94.5  179s
  3482  1047 14782.7462   17  328 15234.4200 14482.2529  4.94%  96.4  181s
  3555  1091 15221.8131   46  161 15234.4200 14485.4276  4.92%  99.3  186s
  3626  1164 14827.5704   40  249 15234.4200 14485.4322  4.92%   101  192s
  3667  1196 15176.5497   61  152 15234.4200 14490.1074  4.89%   102  195s
  3748  1273 14982.4860   42  232 15234.4200 14490.3314  4.88%   105  202s
  3802  1315 14679.8678   19  304 15234.4200 14490.3314  4.88%   106  205s
  3906  1396 14648.3440   18  270 15234.4200 14491.4858  4.88%   107  223s
  3963  1432 14865.5204   27  123 15234.4200 14491.4858  4.88%   109  228s
  3999  1471 14942.5399   39  104 15234.4200 14491.4858  4.88%   110  232s
  4047  1576 15053.8625   57   74 15234.4200 14498.0314  4.83%   112  239s
  4193  1647 14659.9941   20  373 15234.4200 14498.0727  4.83%   112  245s
  4306  1700 14943.3463   27   88 15234.4200 14499.8174  4.82%   114  250s
  4365  1754 15153.2685   57   61 15234.4200 14503.4412  4.80%   114  255s
  4425  1809     cutoff   74      15234.4200 14505.6429  4.78%   115  260s
  4481  1811 14815.9705   39  149 15234.4200 14505.6429  4.78%   116  268s
  4498  1917 14834.9622   40  194 15234.4200 14507.4081  4.77%   116  273s
  4612  1979 14727.5525   25  249 15234.4200 14507.4081  4.77%   116  279s
  4691  2075 14821.0731   35  185 15234.4200 14507.4081  4.77%   117  286s
  4803  2218 14946.8944   64  108 15234.4200 14507.6815  4.77%   118  292s
  4967  2297 14593.7276   20  334 15234.4200 14507.6937  4.77%   117  300s
  5089  2332 14548.8148   16  399 15234.4200 14507.8343  4.77%   118  308s
  5124  2439 14854.5846   36  175 15234.4200 14510.9664  4.75%   119  315s
  5259  2528     cutoff   89      15234.4200 14512.3318  4.74%   120  323s
  5357  2610 14547.9072   22  399 15234.4200 14514.5619  4.73%   122  331s
  5486  2721 14597.3478   23  345 15234.4200 14518.9903  4.70%   122  338s
  5620  2839 14601.9609   24  346 15234.4200 14521.1983  4.68%   123  347s
  5774  2949 14722.0573   21  243 15234.4200 14522.2933  4.67%   123  355s
H 5783  2949                    15233.420000 14522.2933  4.67%   123  356s
  5905  3093 14668.8868   27  398 15233.4200 14523.5509  4.66%   124  364s
  5929  3093 14925.4663   51  285 15233.4200 14523.5509  4.66%   125  365s
  6090  3139 14709.2918   22  274 15233.4200 14524.3828  4.65%   125  373s
  6161  3152 14599.4504   17  327 15233.4200 14524.6004  4.65%   127  386s
  6174  3289 14678.3394   25  310 15233.4200 14524.6213  4.65%   128  393s
  6334  3432 14577.1607   17  375 15233.4200 14525.8208  4.65%   128  402s
  6494  3546 14699.3632   33  288 15233.4200 14526.9640  4.64%   128  411s
  6634  3659 14761.1288   43  232 15233.4200 14528.1146  4.63%   129  421s
  6775  3776 14866.0943   37  240 15233.4200 14529.1847  4.62%   129  429s
  6817  3776 14809.8932   27  250 15233.4200 14529.1847  4.62%   130  430s
  6914  3847 15004.2199   45  216 15233.4200 14530.6567  4.61%   130  438s
  7007  4025 14933.1485   35  212 15233.4200 14532.9220  4.60%   131  448s
  7219  4233 14646.4229   21  265 15233.4200 14535.4914  4.58%   131  460s
  7472  4360 15104.5287   47  101 15233.4200 14536.0624  4.58%   131  472s
  7647  4459 14788.7585   23  238 15233.4200 14537.3550  4.57%   132  484s
  7705  4459 14817.0698   35   34 15233.4200 14537.3550  4.57%   132  485s
  7765  4563 15001.0878   51   39 15233.4200 14537.3845  4.57%   133  496s
H 7931  4183                    15145.680000 14537.3845  4.02%   135  506s
H 7978  3823                    15105.900000 14538.8422  3.75%   136  507s
  8085  3882 14861.7292   34  306 15105.9000 14540.4577  3.74%   136  517s
  8202  3999 15005.4804   59  250 15105.9000 14541.0427  3.74%   137  528s
  8355  4092 15061.7254   44  245 15105.9000 14542.0320  3.73%   139  539s
  8388  4092 14702.8296   32  246 15105.9000 14542.0320  3.73%   140  540s
  8468  4286 14719.5092   38  139 15105.9000 14543.7905  3.72%   140  552s
  8719  4367 14743.3111   25  273 15105.9000 14545.0195  3.71%   140  564s
  8827  4465     cutoff   53      15105.9000 14545.2275  3.71%   142  578s
  8929  4465 14792.6851   32  217 15105.9000 14545.2275  3.71%   144  580s
  8939  4624 14935.5493   56   28 15105.9000 14545.2888  3.71%   144  592s
  9213  4709     cutoff  105      15105.9000 14546.1742  3.71%   144  604s
  9264  4709 14807.6830   28  222 15105.9000 14546.8849  3.70%   145  605s
  9333  4790 14964.7026   48  192 15105.9000 14547.4335  3.70%   145  615s
  9469  4882 14949.9882   42  214 15105.9000 14548.0628  3.69%   147  627s
  9577  4969 15018.5423   55  287 15105.9000 14548.8786  3.69%   148  638s
  9720  5086 14757.2783   31  285 15105.9000 14549.6291  3.68%   149  650s
  9865  5197 14683.5401   28  297 15105.9000 14550.0874  3.68%   150  662s
 10006  5218 15098.5412   48   85 15105.9000 14550.6253  3.68%   152  674s
 10045  5349 14870.6066   36  238 15105.9000 14550.8466  3.67%   153  685s
 10223  5457 14690.6417   17  247 15105.9000 14552.2692  3.66%   154  698s
 10394  5558 14701.2985   24  253 15105.9000 14553.6704  3.66%   155  709s
 10440  5558 15069.5533   41  173 15105.9000 14553.6704  3.66%   156  710s
 10531  5737 14695.6708   23  281 15105.9000 14555.6331  3.64%   156  722s
 10746  5860 14926.8299   48   95 15105.9000 14556.3580  3.64%   157  774s
 10793  5860 14673.9442   32  215 15105.9000 14556.3580  3.64%   157  777s
H10931  4517                    14997.900000 14557.8930  2.93%   157  789s
 10960  4517 14636.4526   14  373 14997.9000 14559.3289  2.92%   157  790s
 11049  4621 14830.7821   33  247 14997.9000 14559.4860  2.92%   158  802s
 11252  4721 14805.8807   23  265 14997.9000 14560.9421  2.91%   159  821s
 11385  4840 14821.1489   40  232 14997.9000 14562.3331  2.90%   160  834s
 11444  4841 14902.2397   43  174 14997.9000 14562.3331  2.90%   160  835s
 11553  4978     cutoff   37      14997.9000 14563.8692  2.89%   161  847s
 11734  5084 14885.3423   28  263 14997.9000 14566.2601  2.88%   162  860s
 11886  5146 14845.6489   36  253 14997.9000 14566.8514  2.87%   163  873s
 12078  5245     cutoff   30      14997.9000 14569.0525  2.86%   164  887s
 12260  5358 14800.3227   44   88 14997.9000 14569.6090  2.86%   165  900s
 12452  5434     cutoff   40      14997.9000 14571.6884  2.84%   166  913s
 12601  5528 14742.1963   27   92 14997.9000 14572.3648  2.84%   167  930s
 12727  5609     cutoff   47      14997.9000 14572.6076  2.84%   167  941s
 12871  5743 14932.7877   46  298 14997.9000 14573.9411  2.83%   169  954s
 12906  5743 14882.2651   40  170 14997.9000 14573.9411  2.83%   169  955s
 13053  5859 14843.8602   35  240 14997.9000 14575.3881  2.82%   170  969s
 13200  5859 14821.2217   28  257 14997.9000 14575.7717  2.81%   171  970s
 13225  5970 14751.5798   29  230 14997.9000 14575.8431  2.81%   171  982s
 13397  6075 14969.0455   32  133 14997.9000 14577.6082  2.80%   172  997s
 13581  6202 14693.6962   23  278 14997.9000 14578.8779  2.79%   172 1010s
 13740  6278 14777.8239   22  407 14997.9000 14579.6535  2.79%   173 1024s
 13815  6278 14900.2772   40   26 14997.9000 14579.7292  2.79%   174 1025s
 13882  6393 14738.6808   27  281 14997.9000 14581.0960  2.78%   175 1038s
 14078  6525 14765.2255   33  256 14997.9000 14582.3478  2.77%   175 1051s
 14279  6634 14808.8876   31  202 14997.9000 14583.1885  2.77%   176 1065s
 14488  6743 14864.9173   44  222 14997.9000 14583.9788  2.76%   176 1079s
 14661  6832 14721.7846   32  360 14997.9000 14585.4366  2.75%   177 1092s
 14832  6933 14966.0423   34  183 14997.9000 14586.7333  2.74%   178 1106s
 14989  7050 14775.0120   25  266 14997.9000 14588.3999  2.73%   179 1119s
 15168  7189 14792.0231   32  217 14997.9000 14589.1453  2.73%   180 1133s
 15387  7307 14754.5590   25  238 14997.9000 14590.5532  2.72%   180 1146s
 15562  7432     cutoff   60      14997.9000 14590.8218  2.71%   181 1160s
 15764  7542 14793.5832   33  156 14997.9000 14592.5159  2.70%   181 1175s
 15942  7650 14785.1809   32  161 14997.9000 14592.7162  2.70%   182 1188s
 16118  7764 14793.0105   34  222 14997.9000 14593.4297  2.70%   183 1200s
 16300  7880 14920.4408   47  163 14997.9000 14595.1842  2.69%   184 1215s
 16477  8005 14858.3833   41  192 14997.9000 14596.7638  2.67%   184 1230s
 16687  8083 14932.2018   38  208 14997.9000 14597.3757  2.67%   184 1244s
 16836  8213 14715.4069   26  178 14997.9000 14597.5635  2.67%   186 1257s
 17025  8324 14741.5896   25  285 14997.9000 14598.4443  2.66%   186 1273s
 17199  8324 14974.7378   46  216 14997.9000 14598.6178  2.66%   187 1275s
 17206  8413 14654.1671   18  360 14997.9000 14598.8640  2.66%   187 1287s
 17368  8549 14952.4096   43  245 14997.9000 14599.4593  2.66%   188 1301s
 17589  8668 14832.2379   40  221 14997.9000 14601.6293  2.64%   188 1316s
 17765  8825 14814.1679   26  297 14997.9000 14602.1500  2.64%   189 1331s
 17999  8927 14979.7331   45  254 14997.9000 14602.5262  2.64%   189 1346s
 18188  9043 14996.5589   47  108 14997.9000 14603.3136  2.63%   189 1360s
 18404  9160 14929.0027   38  153 14997.9000 14604.0672  2.63%   190 1375s
 18590  9302 14811.1164   30  310 14997.9000 14605.0455  2.62%   190 1389s
 18631  9302 14957.4924   48   26 14997.9000 14605.0455  2.62%   191 1390s
 18790  9408 14841.0174   28  307 14997.9000 14605.5265  2.62%   191 1405s
 18959  9504     cutoff   47      14997.9000 14606.1434  2.61%   192 1421s
 19140  9600 14940.3250   31  234 14997.9000 14606.5750  2.61%   192 1437s
 19282  9715 14867.4467   35  226 14997.9000 14607.1121  2.61%   193 1452s
H19455  9249                    14971.720000 14607.6493  2.43%   193 1453s
 19477  9310 14758.9362   23  271 14971.7200 14607.7259  2.43%   193 1467s
 19600  9390 14847.4910   29  327 14971.7200 14608.6295  2.43%   194 1481s
 19760  9538 14885.4410   23  234 14971.7200 14610.6107  2.41%   195 1497s
 19996  9627     cutoff   56      14971.7200 14611.3237  2.41%   195 1512s
 20167  9747 14778.7312   30  252 14971.7200 14612.5866  2.40%   196 1526s
 20387  9925 14740.9206   28  305 14971.7200 14613.1781  2.39%   196 1542s
 20645  9927 14967.5657   56   77 14971.7200 14614.0458  2.39%   196 1545s
 20649 10006 14723.5699   37  293 14971.7200 14614.1340  2.39%   196 1556s
 20789 10118 14862.9080   30  207 14971.7200 14614.9449  2.38%   197 1571s
 20987 10258 14651.4875   30  271 14971.7200 14615.6266  2.38%   197 1586s
H21203  9483                    14947.000000 14615.8511  2.22%   197 1600s
 21395  9624 14902.1632   32   84 14947.0000 14617.1306  2.21%   198 1615s
 21640  9737     cutoff   44      14947.0000 14617.9521  2.20%   198 1630s
 21827  9853 14861.0084   47  139 14947.0000 14618.2117  2.20%   198 1644s
 21855  9853 14892.4278   39  109 14947.0000 14618.2117  2.20%   198 1645s
 22021  9918 14931.7263   37  132 14947.0000 14618.9787  2.19%   199 1659s
H22086  8410                    14910.500000 14619.4462  1.95%   199 1660s
 22150  8501     cutoff   32      14910.5000 14619.5614  1.95%   199 1672s
 22322  8589     cutoff   46      14910.5000 14620.3237  1.95%   200 1686s
 22480  8680 14772.5277   37  289 14910.5000 14620.9644  1.94%   201 1701s
 22665  8720 14849.9928   22  320 14910.5000 14622.1546  1.93%   201 1715s
 22802  8796 14784.5644   30  138 14910.5000 14622.7939  1.93%   202 1727s
 22986  8863 14754.7758   22  345 14910.5000 14624.2916  1.92%   202 1740s
 23147  8941 14836.2940   33  239 14910.5000 14625.3189  1.91%   203 1753s
 23334  9000 14827.1977   44  199 14910.5000 14625.8719  1.91%   203 1767s
 23492  9135 14820.5753   30  297 14910.5000 14626.6937  1.90%   204 1781s
 23724  9198 14891.2063   46  162 14910.5000 14627.3370  1.90%   204 1795s
 23895  9269     cutoff   21      14910.5000 14628.1285  1.89%   204 1808s
 24054  9356 14870.8348   29  178 14910.5000 14628.9226  1.89%   205 1822s
 24266  9430     cutoff   37      14910.5000 14629.6209  1.88%   205 1835s
 24411  9511 14783.3597   32  158 14910.5000 14630.2186  1.88%   206 1850s
 24592  9606 14799.1121   29  199 14910.5000 14630.8690  1.88%   206 1864s
 24669  9606 14801.4548   39  134 14910.5000 14630.8690  1.88%   206 1865s
 24777  9679 14877.6063   58  107 14910.5000 14631.8973  1.87%   207 1878s
 24977  9771 14817.4487   26  268 14910.5000 14632.4899  1.86%   207 1892s
 25164  9851     cutoff   43      14910.5000 14633.1046  1.86%   207 1907s
 25336  9964     cutoff   38      14910.5000 14633.6596  1.86%   208 1920s
 25525 10048 14856.5387   63   65 14910.5000 14634.1747  1.85%   208 1937s
 25703 10127 14836.1214   32  232 14910.5000 14635.1211  1.85%   209 1951s
 25907 10213 14729.7651   26  229 14910.5000 14636.3555  1.84%   209 1964s
 25981 10213 14899.5352   42  171 14910.5000 14636.3555  1.84%   209 1965s
 26068 10271     cutoff   31      14910.5000 14637.2487  1.83%   209 1978s
 26237 10316     cutoff   24      14910.5000 14637.7700  1.83%   210 1992s
 26360 10399 14843.4058   44  217 14910.5000 14638.2427  1.83%   211 2007s
 26554 10490 14845.2042   44   89 14910.5000 14638.7936  1.82%   211 2022s
 26753 10550 14870.2316   35  123 14910.5000 14639.2847  1.82%   211 2038s
 26906 10659 14783.3094   27  196 14910.5000 14640.1245  1.81%   212 2053s
 27090 10659 14862.9371   36  195 14910.5000 14640.6418  1.81%   212 2055s
 27124 10697 14898.4534   46  142 14910.5000 14640.7494  1.81%   212 2069s
 27307 10769 14688.9619   21  403 14910.5000 14641.2428  1.81%   213 2082s
 27483 10833 14759.8821   30  334 14910.5000 14642.2303  1.80%   213 2098s
 27667 10951 14898.6958   26  124 14910.5000 14642.6496  1.80%   214 2114s
 27751 10951 14854.3009   57   59 14910.5000 14642.6496  1.80%   214 2115s
 27924 11043 14776.1426   38  238 14910.5000 14643.1165  1.79%   214 2129s
 28010 11043 14873.9095   26  189 14910.5000 14643.1165  1.79%   214 2130s
 28114 11096 infeasible   27      14910.5000 14643.7041  1.79%   214 2144s
 28239 11096 14851.5284   35   54 14910.5000 14644.0798  1.79%   214 2145s
 28266 11168 14813.3819   32  204 14910.5000 14644.2375  1.79%   214 2158s
 28430 11235 14832.2263   36  185 14910.5000 14644.7613  1.78%   215 2175s
 28627 11344 14849.1757   27  248 14910.5000 14645.2930  1.78%   215 2191s
 28879 11431 14875.3834   39  149 14910.5000 14645.9382  1.77%   215 2206s
 29070 11506 14819.4684   26  313 14910.5000 14646.2461  1.77%   216 2224s
 29126 11506 14798.5372   27  142 14910.5000 14646.2461  1.77%   216 2225s
 29257 11574 14771.4913   32  242 14910.5000 14646.6174  1.77%   216 2239s
 29312 11574 14858.6496   31  297 14910.5000 14646.6174  1.77%   216 2240s
 29421 11643 14863.8994   31  361 14910.5000 14646.9728  1.77%   217 2334s
 29466 11643 14861.3505   31  185 14910.5000 14646.9728  1.77%   217 2335s
H29499  8623                    14852.640000 14646.9728  1.38%   217 2335s
 29579  8651     cutoff   32      14852.6400 14647.7348  1.38%   217 2350s
 29760  8708 14821.1675   29  223 14852.6400 14648.3960  1.38%   217 2366s
 29979  8787 14742.6377   32  243 14852.6400 14649.0848  1.37%   217 2382s
 30201  8852     cutoff   27      14852.6400 14649.9847  1.36%   218 2397s
 30409  8905 14840.4896   21  290 14852.6400 14650.8448  1.36%   218 2413s
 30620  8959 14834.2724   24  226 14852.6400 14651.9477  1.35%   218 2429s
 30812  9024 14725.1966   41  269 14852.6400 14652.7316  1.35%   218 2443s
 31024  9064     cutoff   30      14852.6400 14653.5649  1.34%   219 2459s
 31108  9064 14807.8045   32  279 14852.6400 14654.2549  1.34%   219 2460s
 31198  9105 14811.6801   40  214 14852.6400 14654.3368  1.34%   219 2474s
 31276  9105 14715.3316   20  265 14852.6400 14654.3368  1.34%   219 2475s
 31407  9166 14679.4490   28  277 14852.6400 14655.1755  1.33%   220 2490s
 31604  9234 14768.4356   32  213 14852.6400 14655.8392  1.33%   220 2506s
 31820  9288 14736.0042   17  339 14852.6400 14656.7003  1.32%   220 2526s
 32012  9339 14809.9204   34  251 14852.6400 14657.7588  1.31%   220 2543s
 32239  9394 14731.2812   29  309 14852.6400 14658.5018  1.31%   221 2560s
 32463  9471 14817.2394   36  332 14852.6400 14659.2393  1.30%   221 2578s
 32691  9508     cutoff   32      14852.6400 14659.7193  1.30%   221 2594s
 32760  9508 14844.2563   39  242 14852.6400 14659.7193  1.30%   222 2595s
 32876  9561 14781.7842   41  267 14852.6400 14660.4646  1.29%   222 2611s
 33093  9623 14809.6300   25  350 14852.6400 14661.0532  1.29%   222 2628s
 33300  9688     cutoff   24      14852.6400 14661.5772  1.29%   222 2645s
 33529  9717 14724.2713   22  327 14852.6400 14662.2121  1.28%   223 2662s
H33737  9476                    14848.200000 14662.5940  1.25%   223 2682s
 33929  9506 14814.0369   29  247 14848.2000 14662.9906  1.25%   223 2698s
 34110  9567 14800.4432   29  310 14848.2000 14663.8330  1.24%   224 2715s
 34319  9606 14801.3170   33  219 14848.2000 14664.8570  1.23%   224 2736s
 34519  9657 14755.0813   18  353 14848.2000 14665.6512  1.23%   224 2752s
 34722  9729     cutoff   21      14848.2000 14666.3370  1.22%   225 2770s
 34977  9794 14804.4215   26  297 14848.2000 14666.7509  1.22%   225 2787s
 35204  9829 14835.3979   44  277 14848.2000 14667.6097  1.22%   225 2803s
 35394  9888 14801.9111   29   79 14848.2000 14668.0899  1.21%   226 2820s
 35635  9933 14782.3187   28  304 14848.2000 14668.5423  1.21%   226 2837s
 35839 10009 14785.2100   38  311 14848.2000 14669.2393  1.21%   226 2854s
 35937 10009 14812.2977   34  285 14848.2000 14669.2393  1.21%   226 2855s
 36071 10058 14720.0553   32  309 14848.2000 14669.6649  1.20%   226 2875s
 36316 10099 14787.1292   24  333 14848.2000 14670.0922  1.20%   227 2891s
 36516 10150 14719.7999   22  283 14848.2000 14670.8692  1.19%   227 2910s
 36687 10184 14766.2554   34  218 14848.2000 14671.3267  1.19%   227 2925s
 36883 10211 14797.1886   34  241 14848.2000 14672.0512  1.19%   227 2941s
 37059 10235 14821.8327   36  244 14848.2000 14672.6754  1.18%   228 2958s
 37260 10295 14712.8605   33  296 14848.2000 14673.5112  1.18%   228 2974s
 37323 10295 14839.1175   43  212 14848.2000 14673.5112  1.18%   228 2975s
 37465 10357 14799.8666   32  279 14848.2000 14674.0782  1.17%   228 2990s
 37679 10433 14785.2842   24  289 14848.2000 14674.3933  1.17%   229 3007s
 37922 10470     cutoff   27      14848.2000 14675.1533  1.17%   229 3024s
 38116 10537 14728.6224   33  209 14848.2000 14675.8083  1.16%   229 3039s
 38195 10537 14731.5342   33  269 14848.2000 14675.8083  1.16%   229 3040s
 38326 10582     cutoff   42      14848.2000 14676.1737  1.16%   229 3056s
 38539 10622 14818.3259   42  221 14848.2000 14676.8874  1.15%   230 3072s
 38740 10677 14762.3254   29  234 14848.2000 14677.5834  1.15%   230 3087s
 38984 10731     cutoff   38      14848.2000 14678.4778  1.14%   230 3105s
 39247 10767     cutoff   36      14848.2000 14679.0418  1.14%   230 3121s
 39489 10808 14741.8909   29  348 14848.2000 14679.7311  1.13%   230 3139s
 39551 10808 14822.5021   35  234 14848.2000 14679.7311  1.13%   230 3140s
 39702 10861 14810.6507   27  276 14848.2000 14680.0741  1.13%   230 3156s
 39966 10905 14777.0431   36  243 14848.2000 14680.9468  1.13%   230 3173s
 40206 10955 14817.6965   24  250 14848.2000 14681.6066  1.12%   231 3189s
 40274 10955 infeasible   37      14848.2000 14681.6066  1.12%   231 3190s
 40436 10989     cutoff   38      14848.2000 14682.0725  1.12%   231 3206s
