




arguments: ./build/mirp_solver -f ./input/orig_exec_152.cfg
Current dir: /scratch/gui/bnc_mirp
File verbosity level: 9
date       time         ( uptime  ) [ thread name/id ]                   file:line     v| 
2021-01-10 01:47:39.786 (   0.083s) [main thread     ]             loguru.cpp:789   INFO| Logging to './output/vi_qua/OU/V5/Original/execution_10_01_2021_01_47_39.log', mode: 'a', verbosity: 9
--------------------------------------------------------------------------------
Parameters
                           instance_path           ./input/Instances/Original/4/
                            model_policy                                       1
                             nb_vehicles                                       5
                              output_dir         ./output/vi_qua/OU/V5/Original/
                            sec_strategy                                       1
                       solver_nb_threads                                       2
                         solver_show_log                                    true
                       solver_time_limit                                    3600
                              use_vi_cos                                   false
                              use_vi_cus                                   false
                         use_vi_hc1_full                                   false
                         use_vi_hc1_half                                   false
                      use_vi_hc1_quarter                                   false
                              use_vi_hc2                                   false
                              use_vi_hc3                                   false
                         use_vi_lex_full                                   false
                         use_vi_lex_half                                   false
                      use_vi_lex_quarter                                   false
                              use_vi_qua                                    true
                               use_vi_vc                                   false
                               use_vi_vr                                   false
--------------------------------------------------------------------------------
executing instance: ./input/Instances/Original/4/absH3low_3n30.dat
--------------------------------------------------------------------------------
Instance details
n	31
H	3
C	2841
Li:
[0, 0, 0, 0, 0, 0, 0, 0, 0, 0, 0, 0, 0, 0, 0, 0, 0, 0, 0, 0, 0, 0, 0, 0, 0, 0, 0, 0, 0, 0, 0, ]
Ui:
[0, 246, 98, 54, 144, 171, 192, 180, 165, 98, 122, 198, 297, 144, 130, 129, 219, 138, 142, 150, 108, 66, 64, 285, 180, 204, 276, 168, 240, 198, 122, ]
Distance matrix:
|0	172	56	166	260	198	42	197	296	110	91	112	238	275	323	183	330	232	175	181	162	191	232	280	201	139	356	185	266	216	26	|
|172	0	178	223	320	335	153	355	444	62	231	99	333	376	214	352	176	235	194	106	47	41	353	161	299	175	225	43	326	374	153	|
|56	178	0	110	204	162	93	233	336	125	144	148	187	226	358	180	313	284	123	152	182	185	282	252	256	88	329	177	210	251	42	|
|166	223	110	0	102	150	199	327	431	194	253	237	113	156	431	228	296	386	44	140	248	208	389	218	366	48	287	200	108	344	148	|
|260	320	204	102	0	156	296	391	493	296	340	339	66	90	531	263	362	486	127	226	349	300	469	278	454	148	334	292	6	406	245	|
|198	335	162	150	156	0	239	255	351	286	245	307	93	106	518	111	442	423	194	280	344	335	349	367	352	182	437	327	158	266	199	|
|42	153	93	199	296	239	0	203	296	91	82	76	278	316	284	217	322	191	201	186	133	180	217	281	177	165	356	175	302	222	52	|
|197	355	233	327	391	255	203	0	104	294	125	266	340	361	436	151	524	276	352	377	330	383	109	477	146	319	553	377	395	19	222	|
|296	444	336	431	493	351	296	104	0	384	214	348	440	456	488	241	617	315	456	476	412	475	113	575	176	422	651	470	497	88	322	|
|110	62	125	194	296	286	91	294	384	0	171	55	298	340	238	292	233	210	176	118	58	91	298	201	248	148	273	87	302	313	94	|
|91	231	144	253	340	245	82	125	214	171	0	141	307	339	324	184	403	187	266	266	204	261	140	363	114	230	438	256	346	144	116	|
|112	99	148	237	339	307	76	266	348	55	141	0	332	373	212	292	275	156	225	173	64	137	254	253	200	194	322	135	345	284	108	|
|238	333	187	113	66	93	278	340	440	298	307	332	0	43	536	203	404	469	153	253	354	321	427	322	420	160	385	313	67	353	229	|
|275	376	226	156	90	106	316	361	456	340	339	373	43	0	578	216	443	507	194	295	397	364	453	361	451	203	421	356	88	372	268	|
|323	214	358	431	531	518	284	436	488	238	324	212	536	578	0	498	309	176	407	320	183	245	376	344	312	383	379	251	537	451	319	|
|183	352	180	228	263	111	217	151	241	292	184	292	203	216	498	0	492	371	266	328	345	364	255	426	272	242	501	356	266	159	198	|
|330	176	313	296	362	442	322	524	617	233	403	275	404	443	309	492	0	397	253	164	218	142	529	84	475	260	72	147	367	543	306	|
|232	235	284	386	486	423	191	276	315	210	187	156	469	507	176	371	397	0	379	327	188	276	202	396	139	346	456	277	492	289	242	|
|175	194	123	44	127	194	201	352	456	176	266	225	153	194	407	266	253	379	0	101	225	174	405	174	375	36	244	166	133	370	152	|
|181	106	152	140	226	280	186	377	476	118	266	173	253	295	320	328	164	327	101	0	148	76	403	100	360	98	177	69	232	396	155	|
|162	47	182	248	349	344	133	330	412	58	204	64	354	397	183	345	218	188	225	148	0	89	316	208	259	201	270	90	355	348	149	|
|191	41	185	208	300	335	180	383	475	91	261	137	321	364	245	364	142	276	174	76	89	0	388	119	336	162	185	8	306	402	169	|
|232	353	282	389	469	349	217	109	113	298	140	254	427	453	376	255	529	202	405	403	316	388	0	497	64	369	570	384	474	112	256	|
|280	161	252	218	278	367	281	477	575	201	363	253	322	361	344	426	84	396	174	100	208	119	497	0	449	187	77	119	283	496	255	|
|201	299	256	366	454	352	177	146	176	248	114	200	420	451	312	272	475	139	375	360	259	336	64	449	0	339	521	333	460	156	223	|
|139	175	88	48	148	182	165	319	422	148	230	194	160	203	383	242	260	346	36	98	201	162	369	187	339	0	260	153	154	337	116	|
|356	225	329	287	334	437	356	553	651	273	438	322	385	421	379	501	72	456	244	177	270	185	570	77	521	260	0	187	338	572	331	|
|185	43	177	200	292	327	175	377	470	87	256	135	313	356	251	356	147	277	166	69	90	8	384	119	333	153	187	0	298	396	163	|
|266	326	210	108	6	158	302	395	497	302	346	345	67	88	537	266	367	492	133	232	355	306	474	283	460	154	338	298	0	410	251	|
|216	374	251	344	406	266	222	19	88	313	144	284	353	372	451	159	543	289	370	396	348	402	112	496	156	337	572	396	410	0	241	|
|26	153	42	148	245	199	52	222	322	94	116	108	229	268	319	198	306	242	152	155	149	169	256	255	223	116	331	163	251	241	0	|

--------------------------------------------------------------------------------
Building model...
	using lazy and cut (CVRPSEP package)
Solving IRP LP...
--------------------------------------------------------------------------------

Gurobi 9.1.0 (linux64) logging started Sun Jan 10 01:47:40 2021

Gurobi Optimizer version 9.1.0 build v9.1.0rc0 (linux64)
Thread count: 32 physical cores, 32 logical processors, using up to 2 threads
Optimize a model with 1249 rows, 8014 columns and 19600 nonzeros
Model fingerprint: 0x5c9bea53
Variable types: 574 continuous, 7440 integer (465 binary)
Coefficient statistics:
  Matrix range     [1e+00, 6e+02]
  Objective range  [1e-02, 7e+02]
  Bounds range     [1e+00, 3e+02]
  RHS range        [3e+01, 5e+03]
Presolve removed 115 rows and 22 columns
Presolve time: 0.05s
Presolved: 1134 rows, 7992 columns, 18101 nonzeros
Variable types: 552 continuous, 7440 integer (6990 binary)

Root relaxation: objective 2.463279e+03, 1619 iterations, 0.05 seconds

    Nodes    |    Current Node    |     Objective Bounds      |     Work
 Expl Unexpl |  Obj  Depth IntInf | Incumbent    BestBd   Gap | It/Node Time

     0     0 2463.27864    0   96          - 2463.27864      -     -    0s
     0     0 2683.54616    0  138          - 2683.54616      -     -    0s
     0     0 3198.32039    0  179          - 3198.32039      -     -    0s
     0     0 3198.78927    0  170          - 3198.78927      -     -    0s
     0     0 3198.78927    0  158          - 3198.78927      -     -    0s
     0     0 3343.23677    0  208          - 3343.23677      -     -    0s
     0     0 3355.88764    0  197          - 3355.88764      -     -    0s
     0     0 3371.49810    0  209          - 3371.49810      -     -    1s
     0     0 3379.34559    0  225          - 3379.34559      -     -    1s
     0     0 3379.81101    0  219          - 3379.81101      -     -    1s
     0     0 3417.46575    0  235          - 3417.46575      -     -    1s
     0     0 3421.44199    0  225          - 3421.44199      -     -    1s
     0     0 3421.54357    0  214          - 3421.54357      -     -    1s
     0     0 3514.09527    0  278          - 3514.09527      -     -    1s
     0     0 3519.09556    0  290          - 3519.09556      -     -    1s
     0     0 3519.84636    0  296          - 3519.84636      -     -    1s
     0     0 3586.31967    0  268          - 3586.31967      -     -    2s
     0     0 3592.39664    0  295          - 3592.39664      -     -    2s
     0     0 3597.36185    0  366          - 3597.36185      -     -    2s
     0     0 3615.35105    0  324          - 3615.35105      -     -    2s
     0     0 3618.68580    0  349          - 3618.68580      -     -    2s
     0     0 3638.62463    0  325          - 3638.62463      -     -    2s
     0     0 3640.05737    0  360          - 3640.05737      -     -    3s
     0     0 3641.90503    0  321          - 3641.90503      -     -    3s
     0     0 3642.01578    0  325          - 3642.01578      -     -    3s
     0     0 3656.00361    0  302          - 3656.00361      -     -    3s
     0     0 3660.26430    0  330          - 3660.26430      -     -    3s
     0     0 3661.77959    0  391          - 3661.77959      -     -    3s
     0     0 3670.67780    0  258          - 3670.67780      -     -    3s
     0     0 3682.80435    0  406          - 3682.80435      -     -    4s
     0     0 3687.53448    0  377          - 3687.53448      -     -    4s
     0     0 3688.09537    0  376          - 3688.09537      -     -    4s
     0     0 3694.18180    0  331          - 3694.18180      -     -    4s
     0     0 3694.39977    0  356          - 3694.39977      -     -    4s
     0     0 3700.00024    0  421          - 3700.00024      -     -    5s
     0     0 3700.00024    0  323          - 3700.00024      -     -    5s
     0     2 3700.60446    0  311          - 3700.60446      -     -    5s
    65    69 4374.52220   22  200          - 3701.55520      -   397   10s
   131   139 4214.75762   41  210          - 3701.55520      -   399   15s
   251   280 5301.62129   78  124          - 3701.55520      -   332   20s
   470   512 6554.18983  158   67          - 3701.55520      -   230   25s
   859   859 9272.25429  304   26          - 3701.59636      -   149   30s
   967   877 6795.98052  150  453          - 3795.42920      -   141   35s
   989   891 6602.25635  164  447          - 3822.08597      -   138   40s
  1006   903 3824.80214    5  486          - 3824.80214      -   135   45s
  1027   917 3828.48839    8  481          - 3828.48839      -   133   50s
  1052   935 6962.02627  184  224          - 3828.85276      -   147   55s
  1075   950 6469.37231  146  487          - 3828.91745      -   144   61s
  1080   956 3837.64730   20  454          - 3837.64730      -   155   66s
  1086   960 3941.93626   21  419          - 3859.45265      -   158   70s
  1122   989 3917.18592   28  416          - 3869.85695      -   171   75s
  1208  1050 4002.54330   39  351          - 3869.85695      -   178   80s
  1277  1082 4133.26511   54  268          - 3869.85695      -   183   85s
  1369  1147 4474.34153   92  227          - 3869.85695      -   187   90s
  1502  1257 4695.76631  142  148          - 3869.85695      -   189   95s
  1687  1387 5494.41175  217  111          - 3869.85695      -   182  100s
  1969  1540 6390.54314  335   77          - 3869.85695      -   171  106s
  2119  1584 3954.70775   23  526          - 3911.14624      -   166  110s
  2227  1668 4055.15936   34  322          - 3911.14624      -   170  116s
  2336  1769 4187.95188   57  233          - 3911.14624      -   170  120s
  2552  1926 4809.26165  141  136          - 3911.14624      -   163  125s
  2776  2082 5617.46113  245  106          - 3911.14624      -   155  130s
  3015  2191 7176.63193  330   84          - 3912.03053      -   148  136s
  3252  2204 4157.88301   36  335          - 3912.03053      -   144  140s
  3320  2254 4354.35236   49  238          - 3912.03053      -   149  146s
  3417  2396 4517.96254   64  260          - 3912.03053      -   150  151s
  3672  2510 5000.86054  229   71          - 3912.03053      -   144  155s
  3857  2562 5239.72825  127  159          - 3912.03053      -   142  160s
  3915  2632 5609.32977  150  135          - 3912.03053      -   142  165s
  4046  2882 5894.57128  205  150          - 3912.03053      -   141  171s
  4217  2997 6543.97296  309  106          - 3940.37943      -   139  175s
  4434  3127 4370.98482   36  275          - 3940.37943      -   138  182s
  4501  3208 4421.78576   46  238          - 3940.37943      -   139  185s
  4677  3367 4816.46924   81  138          - 3940.37943      -   140  192s
  4795  3512 5463.82623  147  107          - 3940.37943      -   139  198s
  4944  3705 infeasible  208               - 3941.93904      -   138  203s
  5118  3705 7844.75898  299   43          - 3941.93904      -   135  205s
  5268  3924 4499.70625   32  258          - 3941.93904      -   136  212s
  5426  4138 5013.38748   67  102          - 3941.93904      -   135  217s
  5681  4324 5786.68322  134   74          - 3953.18021      -   132  224s
  5805  4324 6157.32150  208   41          - 3953.18021      -   130  225s
  5943  4419 4261.05059   32  383          - 3953.18021      -   131  232s
  6004  4504 4449.68292   42  220          - 3953.18021      -   132  237s
  6089  4677 4534.44785   52  240          - 3953.18021      -   132  242s
  6262  4972 4743.52009   68  216          - 3953.18021      -   131  248s
  6429  4972 7440.48182  302   85          - 3953.18021      -   130  250s
  6567  5107 5174.52498   85  154          - 3955.63589      -   128  255s
  6745  5124 4263.44829   24  346          - 3962.38921      -   127  260s
  6790  5180 4585.64408   40  177          - 3962.38921      -   129  267s
  6824  5205 4850.99867   45  186          - 3962.38921      -   131  271s
  6855  5271 infeasible   51               - 3962.38921      -   132  277s
  6923  5463 5342.96369   68  149          - 3962.38921      -   133  282s
  7117  5830 5571.76942   97  136          - 3962.38921      -   132  289s
  7189  5830 5617.93490  162  157          - 3962.38921      -   131  290s
  7492  6171 6097.09991  211  123          - 3962.38921      -   128  298s
  7721  6171 8263.16215  348   66          - 3962.38921      -   126  300s
  7864  6277 infeasible  355               - 3965.88949      -   126  307s
  8008  6324 4093.26303   28  442          - 3965.88949      -   125  312s
  8055  6411 4220.47342   39  243          - 3965.88949      -   126  317s
  8144  6590 4513.21194   59  214          - 3965.88949      -   127  323s
  8345  7006 4924.06420   99   83          - 3966.41870      -   127  332s
  8716  7006 6829.21549  264   21          - 3968.94757      -   125  335s
  8829  7048 4360.14007   31  352          - 3968.94757      -   126  344s
  8854  7054 4442.93923   35  180          - 3968.94757      -   126  350s
  8864  7093 4578.81898   39  284          - 3968.94757      -   127  355s
  8905  7151 4792.10905   47  148          - 3968.94757      -   128  360s
  8963  7228 4942.94822   70  232          - 3968.94757      -   129  365s
  9042  7425 5159.51722  107  147          - 3968.94757      -   130  372s
  9239  7695 6682.00590  222  115          - 3979.19184      -   129  380s
  9539  8046 4213.44607   31  293          - 3979.19184      -   128  389s
  9600  8046 5669.64236  192   51          - 3979.19184      -   129  390s
  9902  8117 4614.03367   43  160          - 3979.19184      -   126  397s
  9991  8368 4879.10220   64  118          - 3980.37250      -   127  404s
 10114  8368 5302.63233  144   34          - 3980.37250      -   126  405s
 10262  8398 4084.96404   32  350          - 3980.37250      -   125  410s
 10294  8449 4190.22122   41  352          - 3980.37250      -   127  415s
 10345  8608 4552.47132   57  183          - 3980.37250      -   128  421s
 10504  8761 5162.57550  143   94          - 3981.20208      -   127  428s
 10685  8818 4158.66468   29  288          - 3981.20208      -   128  434s
 10742  8917 4287.53962   41  301          - 3981.20208      -   128  443s
 10841  9069 4514.90938   51  283          - 3981.20208      -   129  450s
 11001  9305 4820.03277   60  176          - 3981.20208      -   129  458s
 11166  9305 7682.13019  346  106          - 3981.20208      -   129  460s
 11269  9543 5069.46228   76  138          - 3984.42158      -   128  467s
 11529  9602 4398.21592   31  369          - 3984.42158      -   127  474s
 11588  9894 4579.62649   45  298          - 3984.42158      -   128  481s
 11895  9977 4904.14026   63  203          - 3984.42158      -   127  488s
 11978 10309 5432.15803   91   84          - 3984.42158      -   128  496s
 12315 10554 7882.37456  260   44          - 3988.48754      -   126  505s
 12585 10790 4353.57196   27  239          - 3988.48754      -   126  517s
 12829 11038 4663.45188   46   97          - 3988.48754      -   126  526s
 13105 11205 6280.68811  181   33          - 3990.02634      -   125  534s
 13304 11527 4400.71407   42  245          - 3990.02634      -   125  542s
 13627 11694 4750.51707   53  188          - 3990.02634      -   124  550s
 13815 11981 5118.73045   71  146          - 3991.92169      -   123  559s
 13938 11981 6042.82640  141   32          - 3991.92169      -   123  560s
 14129 12112 4275.57224   36  410          - 3991.92169      -   123  567s
 14262 12305 4502.02872   49  262          - 3991.92169      -   123  574s
 14325 12305 5728.81677  160   50          - 3991.92169      -   123  575s
 14487 12396 4615.25163   55  204          - 3991.92169      -   122  581s
 14578 12565 5074.12480   76  135          - 3991.92169      -   123  587s
 14747 12750 5324.20103  140  119          - 3991.92169      -   123  595s
 14932 13021 5893.36340  246   58          - 3994.20602      -   122  604s
 15038 13021 5552.87395  123   89          - 3997.62445      -   122  605s
 15279 13064 4373.36827   46  274          - 3997.62445      -   121  611s
 15324 13119 4583.11904   56  202          - 3997.62445      -   122  617s
 15381 13351 4986.90768   76  122          - 3997.62445      -   123  624s
 15505 13351 5575.59345  149   66          - 3997.62445      -   122  625s
 15615 13569 6305.47403  196   85          - 3999.59476      -   122  636s
 15849 13808 4425.28632   37  231          - 3999.59476      -   122  645s
 16154 13910 5232.89928  105   99          - 4004.07946      -   121  653s
 16266 14043 4422.57401   38  198          - 4004.07946      -   121  660s
 16399 14300 4778.29857   53  164          - 4004.07946      -   122  667s
 16702 14491 5575.18255  136   64          - 4006.24268      -   122  675s
 16934 14568 4291.75434   34  184          - 4006.24268      -   121  682s
 17029 14697 4692.30646   67   55          - 4011.08058      -   122  688s
 17168 14848 4634.21247   48  198          - 4011.81665      -   122  695s
 17344 14913 4275.66637   25  389          - 4011.81665      -   122  702s
 17411 15062 4329.68164   32  368          - 4011.81665      -   123  710s
 17562 15120 4548.85386   41  333          - 4011.81665      -   123  716s
 17650 15191 4715.45708   62  324          - 4011.81665      -   123  723s
 17723 15393 5163.41879   87  193          - 4011.81665      -   124  730s
 17925 15854 5546.23215  156  125          - 4011.81665      -   124  739s
 17966 15854 5725.65743  192  126          - 4011.81665      -   123  740s
 18416 16077 6872.49089  319  131          - 4011.81665      -   122  750s
 18671 16103 infeasible  446               - 4012.94397      -   122  798s
 18718 16168 4444.06175   37  383          - 4012.94397      -   122  804s
 18787 16346 4739.98510   48  214          - 4012.94397      -   123  811s
 18965 16748 5182.10195   79  148          - 4012.94397      -   123  820s
 19401 16862 7194.46912  166   44          - 4012.98874      -   122  829s
 19564 16935 4421.34907   44  228          - 4013.44145      -   122  835s
 19637 17289 4863.44254   60  161          - 4013.44145      -   122  843s
 19998 17637 6125.96111  192   25          - 4015.72263      -   122  852s
*20083 17439             237    8835.1400000 4015.72263  54.5%   121  852s
*20093 17382             237    8722.1400000 4015.72263  54.0%   121  852s
*20121 17388             242    8720.1400000 4015.72263  53.9%   121  853s
 20417 17527 8384.88000  242    - 8720.14000 4017.65354  53.9%   121  861s
*20418 17416             242    8559.8800000 4017.65354  53.1%   121  861s
*20421 17391             240    8527.8800000 4017.65354  52.9%   121  861s
*20586 17337             242    8419.8800000 4026.26179  52.2%   121  869s
*20590 17322             240    8382.8800000 4026.26179  52.0%   121  869s
H20592 10776                    5779.2300000 4026.26179  30.3%   121  869s
 20593 10870 4249.87664   25  357 5779.23000 4026.26179  30.3%   121  875s
 20701 10896 5036.81889   56  220 5779.23000 4026.26179  30.3%   121  887s
H20726 10622                    5735.6400000 4026.26179  29.8%   121  888s
H20726 10097                    5659.9600000 4026.26179  28.9%   121  888s
 20727 10191 5549.65213   81  153 5659.96000 4028.48828  28.8%   121  894s
 20849 10237 4905.77695   70  203 5659.96000 4029.12161  28.8%   121  902s
 20939 10284 4553.53878   25  358 5659.96000 4029.12161  28.8%   121  909s
 20986 10320 4788.92011   42  278 5659.96000 4029.12161  28.8%   122  924s
H21019  9334                    5524.9600000 4029.12161  27.1%   122  925s
 21022  9378 4869.01130   50  283 5524.96000 4029.12161  27.1%   122  930s
 21093  9434 5247.41221   64  197 5524.96000 4029.42244  27.1%   122  937s
 21171  9450 4321.61926   28  365 5524.96000 4029.49491  27.1%   123  945s
 21187  9498 4410.20323   34  333 5524.96000 4029.49491  27.1%   123  951s
 21235  9597 4809.91916   45  275 5524.96000 4029.49491  27.1%   124  959s
 21335  9692 4961.96959   65  144 5524.96000 4032.09658  27.0%   124  967s
 21494  9772 4374.03271   35  334 5524.96000 4032.68279  27.0%   124  975s
 21600  9835 4333.32326   37  337 5524.96000 4041.47595  26.9%   124  983s
 21675  9881 4409.70398   29  252 5524.96000 4041.47595  26.9%   125  990s
 21731  9893 4927.65991   49  311 5524.96000 4041.47595  26.9%   125  999s
H21735  9425                    5448.4900000 4041.47595  25.8%   125  999s
 21743  9506 5017.82958   53  272 5448.49000 4044.57892  25.8%   125 1005s
 21844  9554 4501.64502   28  188 5448.49000 4044.57892  25.8%   126 1012s
 21898  9648 4972.61231   34  223 5448.49000 4046.01053  25.7%   127 1019s
 22012  9799 4367.69463   43  274 5448.49000 4046.22368  25.7%   127 1027s
 22211  9899 4759.00170   49  208 5448.49000 4053.16298  25.6%   127 1035s
 22336  9994 5354.76589   75  125 5448.49000 4055.90470  25.6%   127 1043s
 22458 10093 4980.12096   61  267 5448.49000 4056.17169  25.6%   128 1051s
 22579 10357 4497.85605   42  231 5448.49000 4056.63902  25.5%   128 1059s
 22627 10357 4943.96029   63  159 5448.49000 4056.63902  25.5%   128 1060s
 22861 10457 5195.56873  161   90 5448.49000 4059.65653  25.5%   128 1068s
 22986 10542 5088.56323   54  318 5448.49000 4059.82599  25.5%   128 1075s
 23101 10614 4702.30236   55  324 5448.49000 4062.50113  25.4%   128 1082s
 23191 10725 4952.29983   52  104 5448.49000 4066.53555  25.4%   129 1089s
 23265 10725 4706.82259   39  228 5448.49000 4066.71601  25.4%   129 1090s
 23338 10824 4470.09951   49  208 5448.49000 4066.71601  25.4%   129 1097s
 23452 10955 5082.66252   77  167 5448.49000 4067.34879  25.3%   129 1105s
 23628 11051 4179.47685   38  404 5448.49000 4068.60746  25.3%   130 1113s
 23733 11129 5360.72797  101  218 5448.49000 4069.50113  25.3%   130 1120s
 23833 11264 4627.42577   35  155 5448.49000 4075.58828  25.2%   131 1129s
 23920 11264 infeasible   77      5448.49000 4075.58828  25.2%   131 1130s
 24025 11336 4410.74263   31  306 5448.49000 4079.67424  25.1%   131 1136s
 24105 11423 5385.61191   76  201 5448.49000 4082.43899  25.1%   132 1144s
 24201 11561 4607.20441   56  379 5448.49000 4082.79082  25.1%   132 1152s
 24392 11645 4467.28991   33  408 5448.49000 4083.69633  25.0%   132 1160s
 24488 11685 5330.29271   55  203 5448.49000 4084.96404  25.0%   132 1167s
 24553 11755 4592.70017   37  258 5448.49000 4085.29595  25.0%   133 1175s
 24635 11837 5140.94652   44  226 5448.49000 4085.60501  25.0%   133 1182s
 24735 11926 5012.95611   64  182 5448.49000 4091.51514  24.9%   134 1190s
 24844 12049 5013.76002   61  194 5448.49000 4091.84510  24.9%   134 1198s
 24994 12136 4486.40365   50  192 5448.49000 4091.94270  24.9%   134 1205s
 25083 12247 5355.87773   83   60 5448.49000 4091.94526  24.9%   135 1213s
 25224 12324 4555.17703   46  349 5448.49000 4094.42646  24.9%   135 1222s
 25337 12427 4265.65076   34  463 5448.49000 4095.25160  24.8%   136 1230s
 25477 12493 4562.13204   41  337 5448.49000 4095.25160  24.8%   136 1238s
 25551 12564 4880.49212   55  189 5448.49000 4095.25160  24.8%   136 1246s
 25622 12645 5140.33722   75  139 5448.49000 4097.17895  24.8%   137 1254s
 25747 12734 4659.99732   55  348 5448.49000 4098.76251  24.8%   137 1261s
 25859 12826 4215.72037   38  285 5448.49000 4100.95511  24.7%   138 1269s
 25967 12873 4723.43301   29  322 5448.49000 4102.06505  24.7%   138 1276s
 26028 12953 4576.10610   37  365 5448.49000 4102.94521  24.7%   138 1284s
 26140 13035 4480.93403   37  283 5448.49000 4103.37714  24.7%   139 1292s
 26244 13106 4494.77274   42  223 5448.49000 4104.55688  24.7%   139 1301s
 26315 13175     cutoff   73      5448.49000 4105.71080  24.6%   140 1309s
 26423 13254     cutoff   74      5448.49000 4108.19856  24.6%   140 1317s
 26504 13425 4918.43087   57  139 5448.49000 4109.64133  24.6%   141 1325s
 26705 13584 4987.09856   61   91 5448.49000 4111.27060  24.5%   141 1334s
 26764 13584 4644.20368   59  338 5448.49000 4111.27060  24.5%   141 1335s
 26891 13632 5118.13711   74  267 5448.49000 4112.46343  24.5%   141 1343s
H26907 13467                    5429.4900000 4112.46343  24.3%   141 1343s
 26947 13532 4625.33530   28  219 5429.49000 4112.50020  24.3%   141 1351s
 27038 13618 4961.23962   41  296 5429.49000 4112.93478  24.2%   141 1359s
 27073 13618 4789.58042   56  314 5429.49000 4112.93614  24.2%   142 1360s
 27140 13749 4966.98719   54  223 5429.49000 4113.08312  24.2%   142 1367s
 27301 13845 5041.04673   50  316 5429.49000 4113.09849  24.2%   142 1383s
H27414 13796                    5423.8800000 4113.09849  24.2%   142 1384s
 27415 13896 5393.64717   70  222 5423.88000 4113.97991  24.2%   142 1391s
 27533 13965 4619.03844   59  293 5423.88000 4114.09445  24.1%   143 1400s
 27619 14108 5367.62045   96  247 5423.88000 4114.95981  24.1%   143 1409s
 27735 14108 4311.10992   35  226 5423.88000 4115.09857  24.1%   143 1410s
 27801 14185 5397.52143   78  218 5423.88000 4115.50685  24.1%   143 1418s
 27887 14323 4694.77644   42  173 5423.88000 4116.32821  24.1%   143 1427s
 28088 14421 4463.66535   37  407 5423.88000 4116.69840  24.1%   144 1436s
 28186 14573 5247.95914   69  217 5423.88000 4116.97076  24.1%   144 1446s
 28381 14641 4655.57213   38  344 5423.88000 4117.20566  24.1%   144 1454s
 28431 14641 4378.46629   37  391 5423.88000 4117.20566  24.1%   144 1455s
 28466 14747 5359.11489   58  107 5423.88000 4118.82584  24.1%   144 1463s
 28619 14839 4309.16717   41  378 5423.88000 4121.35974  24.0%   145 1472s
 28735 14908 5067.76750   84  211 5423.88000 4121.41603  24.0%   145 1480s
 28828 15001     cutoff   53      5423.88000 4122.15854  24.0%   145 1489s
 28892 15001 5362.44946   90   97 5423.88000 4122.15854  24.0%   145 1490s
 28946 15177 4226.86244   35  296 5423.88000 4122.69937  24.0%   146 1500s
 29164 15226 5283.84704   32  290 5423.88000 4124.17286  24.0%   146 1509s
 29254 15338 4567.04344   31  284 5423.88000 4124.68020  24.0%   146 1517s
 29382 15454 4935.13618   47  106 5423.88000 4125.41903  23.9%   147 1526s
 29555 15531 4808.21181   37  244 5423.88000 4127.36399  23.9%   147 1535s
 29650 15617 4749.37219   53  384 5423.88000 4127.37492  23.9%   147 1544s
 29750 15718 4813.73036   74  216 5423.88000 4127.89761  23.9%   148 1552s
 29887 15840 4873.59501   61  276 5423.88000 4127.94807  23.9%   148 1561s
 30050 15939 4307.41890   31  297 5423.88000 4129.52928  23.9%   148 1570s
 30175 16073 4405.20363   36  231 5423.88000 4130.68302  23.8%   148 1579s
 30329 16188     cutoff   67      5423.88000 4130.71955  23.8%   149 1589s
 30405 16188 5225.38452  126   41 5423.88000 4131.23318  23.8%   149 1590s
 30470 16375 4778.53325   52  292 5423.88000 4131.23318  23.8%   149 1601s
 30712 16488     cutoff   74      5423.88000 4131.35974  23.8%   149 1610s
 30859 16572 5281.12739   79  214 5423.88000 4131.54096  23.8%   149 1619s
 30945 16572 5379.08633   86  133 5423.88000 4132.29858  23.8%   150 1620s
 30965 16671 4643.32300   46  376 5423.88000 4132.70412  23.8%   150 1628s
 31108 16868 4507.60625   40  286 5423.88000 4133.33271  23.8%   150 1638s
 31340 16986 5115.80185   71  189 5423.88000 4134.01948  23.8%   150 1647s
 31490 17076 5030.66484   73  258 5423.88000 4134.56782  23.8%   150 1655s
 31614 17160 4766.77289   63  288 5423.88000 4135.41144  23.8%   150 1664s
 31726 17296 4883.39789   56  334 5423.88000 4135.85054  23.7%   151 1674s
 31911 17373 4396.78201   34  420 5423.88000 4135.86772  23.7%   151 1684s
 31996 17451 4611.28401   44  314 5423.88000 4135.86772  23.7%   151 1693s
 32081 17551 5240.91215   76  171 5423.88000 4136.25300  23.7%   152 1702s
 32214 17638 4772.54040   50  171 5423.88000 4137.60696  23.7%   152 1710s
 32361 17713 4677.54856   39  273 5423.88000 4137.62323  23.7%   152 1719s
 32469 17835 4800.53736   46  182 5423.88000 4137.97680  23.7%   152 1728s
 32607 18029 4559.82120   55  213 5423.88000 4138.07352  23.7%   153 1738s
 32853 18096 5100.30266   75  171 5423.88000 4138.38685  23.7%   153 1748s
 32938 18185 5001.69344   48  325 5423.88000 4138.85296  23.7%   153 1756s
 33044 18266 5279.38337   65  206 5423.88000 4139.59682  23.7%   153 1765s
 33159 18378 4577.47383   47  253 5423.88000 4140.14084  23.7%   154 1773s
 33297 18453 4821.31686   58  242 5423.88000 4141.12134  23.7%   154 1782s
 33390 18568 5086.27556   47  168 5423.88000 4141.29161  23.6%   154 1791s
 33564 18643 5269.06264   69  154 5423.88000 4142.42728  23.6%   154 1801s
 33669 18726 4287.48501   37  347 5423.88000 4142.92509  23.6%   155 1810s
 33762 18786     cutoff   85      5423.88000 4143.53053  23.6%   155 1820s
 33834 18856 4471.34069   40  365 5423.88000 4143.53053  23.6%   156 1828s
 33921 18934 4969.85564   62  220 5423.88000 4144.92026  23.6%   156 1837s
 34044 19040 4577.53828   46  338 5423.88000 4145.52685  23.6%   157 1847s
 34172 19167 4316.79242   37  243 5423.88000 4146.35449  23.6%   157 1856s
 34314 19357 5027.21872   76  148 5423.88000 4146.52428  23.6%   157 1866s
 34557 19482 5107.94946  105   26 5423.88000 4147.78779  23.5%   157 1876s
 34720 19605 4647.90735   56  294 5423.88000 4148.08871  23.5%   157 1887s
 34888 19677 4807.45426   49  236 5423.88000 4148.33684  23.5%   157 1897s
 34978 19756 4382.41528   39  426 5423.88000 4148.33684  23.5%   158 1905s
 35075 19856 4934.09161   45  146 5423.88000 4148.33684  23.5%   158 1915s
 35196 19906 5234.52622   52  123 5423.88000 4148.99083  23.5%   158 1932s
H35270 18603                    5330.9600000 4148.99083  22.2%   159 1932s
 35272 18707 4815.79246   44  296 5330.96000 4149.02516  22.2%   159 1941s
 35406 18786 4865.13409   47  213 5330.96000 4151.09224  22.1%   159 1950s
 35524 18924 4453.57982   41  277 5330.96000 4152.07639  22.1%   159 1960s
 35696 19006 4827.13298   50  163 5330.96000 4153.09905  22.1%   159 1970s
 35798 19214 4651.56640   54  196 5330.96000 4153.25119  22.1%   160 1981s
 36044 19366 4768.91886   60  241 5330.96000 4153.53617  22.1%   160 1991s
 36226 19444 4721.38383   45  337 5330.96000 4154.07862  22.1%   160 2001s
 36429 19574 4432.11938   49  253 5330.96000 4154.51565  22.1%   160 2011s
 36606 19695 4486.55525   44  183 5330.96000 4154.64774  22.1%   160 2021s
 36759 19791 4941.77772   61  262 5330.96000 4154.70719  22.1%   160 2030s
 36895 19920 4334.28629   35  316 5330.96000 4154.99596  22.1%   161 2039s
 37011 19920 4939.94624   64  229 5330.96000 4155.55507  22.0%   161 2040s
 37067 20062 4637.11649   55  189 5330.96000 4156.28063  22.0%   161 2049s
 37208 20062 4433.44186   40  240 5330.96000 4156.40336  22.0%   161 2050s
 37232 20137 5251.56232   67   94 5330.96000 4157.66428  22.0%   161 2059s
 37344 20254 4603.57466   50  417 5330.96000 4158.00646  22.0%   161 2069s
 37452 20254 4793.06242   54   97 5330.96000 4158.21797  22.0%   162 2070s
 37513 20410 4358.11852   43  294 5330.96000 4158.73971  22.0%   162 2080s
 37747 20562 4558.21962   39  130 5330.96000 4159.12332  22.0%   162 2091s
 37943 20682 4924.16295   49  235 5330.96000 4160.01067  22.0%   162 2100s
 38099 20808 4525.19025   52  223 5330.96000 4160.51344  22.0%   162 2110s
 38261 20896 5018.43847   64  233 5330.96000 4161.94369  21.9%   162 2120s
 38393 20982 4371.25426   38  195 5330.96000 4162.46744  21.9%   162 2129s
 38499 21099 4656.89644   38  407 5330.96000 4162.64999  21.9%   163 2139s
 38579 21099 5057.93645   61  104 5330.96000 4162.64999  21.9%   163 2140s
 38660 21212 5099.49881   57   96 5330.96000 4162.91187  21.9%   163 2150s
 38812 21270 5189.36490   85  278 5330.96000 4163.49091  21.9%   163 2159s
 38890 21349 5316.19387   64  146 5330.96000 4163.85786  21.9%   164 2169s
 39036 21440 4458.58949   34  348 5330.96000 4164.35855  21.9%   164 2178s
 39159 21564 4507.91472   45  247 5330.96000 4164.60607  21.9%   164 2189s
 39312 21672 4670.77949   44  275 5330.96000 4165.05162  21.9%   164 2199s
 39456 21756 4886.47543   52  290 5330.96000 4165.26462  21.9%   165 2209s
H39509 20406                    5265.1000000 4165.26462  20.9%   165 2209s
 39558 20603 4746.35637   57  192 5265.10000 4165.71915  20.9%   165 2221s
 39868 20768 4795.98647   64  238 5265.10000 4166.21994  20.9%   165 2232s
 40069 20876 4529.49588   49  139 5265.10000 4166.70208  20.9%   165 2243s
 40192 20965 5220.99719   53  212 5265.10000 4166.92337  20.9%   165 2253s
 40299 21100 4489.95677   46  337 5265.10000 4167.11074  20.9%   165 2265s
 40481 21221 4666.30023   49  268 5265.10000 4167.11074  20.9%   165 2275s
 40610 21328 5106.13104   71  165 5265.10000 4168.17486  20.8%   166 2285s
 40787 21448 4662.22773   75  175 5265.10000 4168.71417  20.8%   166 2294s
 40928 21679 4915.14664   57  136 5265.10000 4168.96437  20.8%   166 2306s
 41316 21841 4595.92644   42  246 5265.10000 4169.47430  20.8%   166 2317s
 41526 21984 4313.38420   38  405 5265.10000 4170.08703  20.8%   166 2327s
 41686 22082 4946.16128   61  231 5265.10000 4170.57300  20.8%   166 2337s
 41812 22181 5183.03970   71  328 5265.10000 4171.18643  20.8%   166 2347s
 41969 22278 4332.43617   39  225 5265.10000 4172.82654  20.7%   166 2358s
 42096 22447 4408.30157   39  334 5265.10000 4172.93604  20.7%   167 2369s
 42162 22447 4919.57098   63  193 5265.10000 4172.93604  20.7%   167 2370s
 42351 22578 4497.93246   38  246 5265.10000 4173.32881  20.7%   167 2379s
 42478 22578 4869.24560   49  164 5265.10000 4173.36722  20.7%   167 2380s
 42520 22700 4306.54436   33  369 5265.10000 4173.66449  20.7%   167 2390s
 42676 22766 4563.45556   38  245 5265.10000 4174.14872  20.7%   167 2400s
 42774 22868 4392.03945   30  240 5265.10000 4174.46993  20.7%   167 2410s
 42898 22957 5092.84475   50  260 5265.10000 4174.80473  20.7%   167 2419s
 42968 22957 5237.65194   78  154 5265.10000 4174.80473  20.7%   167 2420s
 43039 23055 4804.35367   49  130 5265.10000 4175.29884  20.7%   167 2429s
 43125 23055 4337.32797   32  194 5265.10000 4175.29884  20.7%   167 2430s
 43193 23143 4557.73004   36  131 5265.10000 4175.91141  20.7%   168 2442s
 43311 23351 4456.50543   47  205 5265.10000 4176.23181  20.7%   168 2453s
 43550 23443 4798.67775   56  168 5265.10000 4176.53620  20.7%   168 2463s
 43678 23559 5178.06748   68  284 5265.10000 4177.08838  20.7%   168 2473s
 43842 23671 4667.78878   49  142 5265.10000 4178.12639  20.6%   168 2482s
 43972 23825 4934.89150   63  102 5265.10000 4178.18557  20.6%   168 2493s
 44162 23939 5040.60888   66  177 5265.10000 4178.47294  20.6%   168 2506s
 44321 24023 4849.44381   68  257 5265.10000 4178.61606  20.6%   169 2516s
 44441 24113 4528.85186   47  314 5265.10000 4179.21338  20.6%   169 2526s
H44485 24071                    5263.1000000 4179.21338  20.6%   169 2527s
 44563 24168     cutoff   86      5263.10000 4179.55149  20.6%   169 2536s
 44690 24297 4957.38743   66  140 5263.10000 4180.39697  20.6%   169 2547s
 44849 24425 4836.46196   74   92 5263.10000 4180.73229  20.6%   169 2558s
 45065 24669 4756.37494   52   94 5263.10000 4181.12567  20.6%   170 2574s
 45106 24669 5010.51860   77   71 5263.10000 4181.12567  20.6%   169 2575s
 45353 24758 4683.90650   64  208 5263.10000 4181.51912  20.6%   169 2586s
 45503 24859 4893.02290   65  283 5263.10000 4181.78535  20.5%   169 2595s
 45636 25018 4817.41606   61  273 5263.10000 4182.37061  20.5%   170 2605s
 45845 25175 4468.31908   42  280 5263.10000 4182.85261  20.5%   170 2617s
 46044 25289     cutoff   53      5263.10000 4183.48464  20.5%   170 2627s
 46190 25376 4888.88346   72  205 5263.10000 4184.18421  20.5%   170 2638s
 46303 25472 4553.76078   38  283 5263.10000 4184.19818  20.5%   170 2648s
 46431 25545     cutoff   51      5263.10000 4184.30967  20.5%   170 2657s
 46530 25628 4917.25525   36  250 5263.10000 4184.82746  20.5%   171 2667s
 46637 25715 4881.97823   58  189 5263.10000 4184.82746  20.5%   171 2677s
 46755 25844 4646.11918   57  201 5263.10000 4185.13799  20.5%   171 2688s
 46949 25947 4698.48499   55  203 5263.10000 4185.88078  20.5%   171 2698s
 47075 26023 4298.96405   41  161 5263.10000 4185.99226  20.5%   172 2709s
 47216 26149 5141.34952   68  171 5263.10000 4186.95154  20.4%   172 2719s
 47388 26255     cutoff   76      5263.10000 4187.06859  20.4%   172 2730s
 47596 26319 4464.35188   44  285 5263.10000 4187.66847  20.4%   172 2740s
 47676 26495 4854.30934   50  217 5263.10000 4188.20774  20.4%   172 2751s
 47908 26633 4522.12110   68  164 5263.10000 4189.10310  20.4%   172 2762s
 48088 26758 4578.23570   47  241 5263.10000 4189.55778  20.4%   172 2776s
 48231 26931 4637.63768   51  203 5263.10000 4190.03901  20.4%   172 2786s
 48449 27063 4494.97366   41  223 5263.10000 4191.28440  20.4%   172 2798s
 48638 27228 4300.51386   40  240 5263.10000 4192.09624  20.3%   172 2812s
 48884 27431 4718.42490   51  322 5263.10000 4192.13594  20.3%   172 2823s
 49151 27517 4739.38687   27  282 5263.10000 4192.39051  20.3%   172 2941s
 49268 27634 4574.59532   31  313 5263.10000 4192.54218  20.3%   172 2951s
 49405 27758 4923.77555   71  317 5263.10000 4192.73187  20.3%   172 2961s
 49567 27864 4781.61517   52  260 5263.10000 4193.20365  20.3%   173 2971s
 49703 27990 4443.26968   44  265 5263.10000 4193.38993  20.3%   173 2982s
 49865 28107 4968.39331   52  216 5263.10000 4194.04882  20.3%   173 2993s
 50050 28230 5247.98643   83  209 5263.10000 4194.34583  20.3%   173 3003s
 50227 28411 4427.72041   46  151 5263.10000 4194.97822  20.3%   173 3016s
 50440 28551 4484.54208   47  291 5263.10000 4195.09327  20.3%   173 3027s
 50615 28676 4601.38817   42  283 5263.10000 4195.36301  20.3%   173 3038s
 50771 28854 4341.87247   37  364 5263.10000 4195.50206  20.3%   173 3049s
 50845 28854 4790.25732   55  275 5263.10000 4195.50600  20.3%   173 3050s
 50973 28966 4500.37906   36  282 5263.10000 4195.50600  20.3%   173 3060s
