




arguments: ./build/mirp_solver -f ./input/orig_exec_191.cfg
Current dir: /scratch/gui/bnc_mirp
File verbosity level: 9
date       time         ( uptime  ) [ thread name/id ]                   file:line     v| 
2021-01-10 07:47:06.826 (   0.258s) [main thread     ]             loguru.cpp:789   INFO| Logging to './output/vi_qua/OU/V5/Original/execution_10_01_2021_07_47_06.log', mode: 'a', verbosity: 9
--------------------------------------------------------------------------------
Parameters
                           instance_path           ./input/Instances/Original/5/
                            model_policy                                       1
                             nb_vehicles                                       5
                              output_dir         ./output/vi_qua/OU/V5/Original/
                            sec_strategy                                       1
                       solver_nb_threads                                       2
                         solver_show_log                                    true
                       solver_time_limit                                    3600
                              use_vi_cos                                   false
                              use_vi_cus                                   false
                         use_vi_hc1_full                                   false
                         use_vi_hc1_half                                   false
                      use_vi_hc1_quarter                                   false
                              use_vi_hc2                                   false
                              use_vi_hc3                                   false
                         use_vi_lex_full                                   false
                         use_vi_lex_half                                   false
                      use_vi_lex_quarter                                   false
                              use_vi_qua                                    true
                               use_vi_vc                                   false
                               use_vi_vr                                   false
--------------------------------------------------------------------------------
executing instance: ./input/Instances/Original/5/absH3low_4n50.dat
--------------------------------------------------------------------------------
Instance details
n	51
H	3
C	4066
Li:
[0, 0, 0, 0, 0, 0, 0, 0, 0, 0, 0, 0, 0, 0, 0, 0, 0, 0, 0, 0, 0, 0, 0, 0, 0, 0, 0, 0, 0, 0, 0, 0, 0, 0, 0, 0, 0, 0, 0, 0, 0, 0, 0, 0, 0, 0, 0, 0, 0, 0, 0, ]
Ui:
[0, 108, 126, 122, 66, 120, 48, 30, 128, 54, 158, 198, 36, 66, 210, 234, 147, 297, 171, 128, 116, 120, 219, 70, 294, 207, 134, 128, 234, 122, 22, 183, 195, 255, 132, 124, 66, 189, 219, 66, 128, 102, 288, 66, 87, 136, 36, 39, 282, 36, 237, ]
Distance matrix:
|0	210	444	498	509	104	438	228	487	304	456	434	526	476	163	47	293	396	293	290	313	85	280	437	293	336	409	106	449	376	433	478	193	404	404	534	278	181	380	507	189	438	263	473	353	216	202	218	452	254	465	|
|210	0	299	507	359	106	345	409	358	411	320	402	555	448	136	200	289	264	306	427	141	222	83	348	264	320	283	303	380	208	258	357	170	348	475	542	243	347	355	379	65	479	172	373	355	251	112	229	402	210	300	|
|444	299	0	363	65	358	116	542	66	440	26	241	425	272	282	407	251	51	276	490	159	397	224	124	217	237	48	490	170	99	83	74	261	180	430	385	214	479	231	85	270	390	184	116	271	300	409	276	210	215	54	|
|498	507	363	0	385	482	246	424	326	254	343	123	63	93	388	452	221	337	211	314	428	414	480	239	243	187	324	463	194	418	438	307	346	188	156	36	264	392	156	326	444	87	340	258	154	286	603	294	153	297	417	|
|509	359	65	385	0	422	145	602	59	492	59	269	448	292	348	472	305	115	329	545	218	462	281	152	274	286	106	554	192	153	116	78	326	216	472	403	274	540	271	63	334	425	249	127	316	361	468	337	233	278	69	|
|104	106	358	482	422	0	372	309	408	337	374	396	521	441	98	96	262	314	271	342	215	124	177	373	249	302	329	198	394	281	337	402	139	353	419	518	230	250	343	428	90	437	188	405	328	200	134	188	406	199	372	|
|438	345	116	246	145	372	0	485	87	357	97	126	309	155	279	394	180	101	200	414	223	373	288	8	157	150	84	459	53	188	196	68	245	72	328	269	165	427	128	97	297	280	184	36	175	250	456	233	94	184	170	|
|228	409	542	424	602	309	485	0	561	170	544	419	424	446	298	214	305	491	286	115	462	187	457	480	331	339	496	124	470	510	565	545	295	424	279	454	329	66	376	576	363	340	370	520	330	242	429	266	453	328	581	|
|487	358	66	326	59	408	87	561	0	441	40	211	389	233	324	446	258	95	281	497	220	431	287	95	230	234	79	522	133	164	146	19	297	160	415	344	233	500	215	21	323	367	224	68	261	320	470	299	174	242	106	|
|304	411	440	254	492	337	357	170	441	0	434	266	255	286	275	266	189	392	164	63	408	225	428	351	224	207	392	234	330	438	484	424	250	287	112	284	232	149	233	453	349	170	302	389	185	168	471	195	305	248	487	|
|456	320	26	343	59	374	97	544	40	434	0	223	406	252	294	418	247	60	271	487	181	405	247	105	215	229	49	498	149	124	109	48	270	165	419	364	215	482	218	60	288	375	194	92	261	302	431	279	190	220	75	|
|434	402	241	123	269	396	126	419	211	266	223	0	185	46	298	387	140	213	145	328	310	355	366	118	147	97	201	425	78	295	315	191	256	65	211	151	166	371	53	215	343	157	231	145	90	220	505	217	41	198	295	|
|526	555	425	63	448	521	309	424	389	255	406	185	0	156	430	481	266	398	252	310	485	442	534	301	293	237	386	480	257	478	500	370	390	249	145	55	313	401	212	389	491	89	392	321	201	322	646	334	216	345	479	|
|476	448	272	93	292	441	155	446	233	286	252	46	156	0	343	429	183	250	184	348	353	396	411	148	192	140	236	461	102	334	350	214	302	106	214	113	212	402	98	233	389	151	277	165	125	261	551	260	62	244	325	|
|163	136	282	388	348	98	279	298	324	275	294	298	430	343	0	124	167	234	178	296	167	121	162	279	151	205	247	216	297	224	280	316	42	256	340	423	132	232	246	344	74	349	100	314	233	115	216	97	308	101	307	|
|47	200	407	452	472	96	394	214	446	266	418	387	481	429	124	0	246	358	245	259	284	41	261	392	247	289	370	103	403	345	402	436	150	358	361	488	232	158	333	466	165	393	223	430	306	168	217	171	406	210	431	|
|293	289	251	221	305	262	180	305	258	189	247	140	266	183	167	246	0	204	26	240	238	215	276	175	37	43	203	289	169	255	297	242	125	122	202	257	52	248	87	272	225	191	134	215	67	80	382	77	163	81	298	|
|396	264	51	337	115	314	101	491	95	392	60	213	398	250	234	358	204	0	229	442	130	347	196	108	169	194	19	440	152	87	102	93	211	149	390	363	165	428	194	116	228	355	134	117	230	250	376	225	189	164	95	|
|293	306	276	211	329	271	200	286	281	164	271	145	252	184	178	245	26	229	0	216	262	212	297	195	63	53	228	280	184	280	323	264	138	137	178	248	76	232	95	294	241	173	156	234	60	77	395	83	172	102	324	|
|290	427	490	314	545	342	414	115	497	63	487	328	310	348	296	259	240	442	216	0	443	220	456	408	273	264	443	204	390	479	529	480	278	346	165	343	278	115	293	509	369	229	340	447	244	202	473	230	366	288	536	|
|313	141	159	428	218	215	223	462	220	408	181	310	485	353	167	284	238	130	262	443	0	288	67	228	202	252	149	382	267	67	122	221	168	247	440	459	186	396	273	241	125	423	107	245	291	242	251	214	297	162	160	|
|85	222	397	414	462	124	373	187	431	225	405	355	442	396	121	41	215	347	212	220	288	0	273	371	221	258	357	95	378	344	401	420	136	331	321	450	208	126	302	450	177	353	213	409	272	136	253	143	377	190	426	|
|280	83	224	480	281	177	288	457	287	428	247	366	534	411	162	261	276	196	297	456	67	273	0	292	243	298	215	363	329	128	176	288	179	305	475	513	224	392	324	307	96	466	143	311	335	261	187	235	357	195	219	|
|437	348	124	239	152	373	8	480	95	351	105	118	301	148	279	392	175	108	195	408	228	371	292	0	154	144	91	456	46	194	203	76	244	65	320	261	163	423	121	103	299	273	185	40	168	247	459	230	86	183	178	|
|293	264	217	243	274	249	157	331	230	224	215	147	293	192	151	247	37	169	63	273	202	221	243	154	0	57	170	303	157	217	260	215	110	111	238	278	21	271	94	245	201	223	100	193	92	93	362	78	160	54	263	|
|336	320	237	187	286	302	150	339	234	207	229	97	237	140	205	289	43	194	53	264	252	258	298	144	57	0	190	331	131	257	294	216	163	84	197	221	77	285	44	246	258	172	155	183	39	123	418	119	120	110	288	|
|409	283	48	324	106	329	84	496	79	392	49	201	386	236	247	370	203	19	228	443	149	357	215	91	170	190	0	449	136	105	114	75	221	138	384	349	168	434	185	99	245	346	146	98	224	255	394	231	174	171	99	|
|106	303	490	463	554	198	459	124	522	234	498	425	480	461	216	103	289	440	280	204	382	95	363	456	303	331	449	0	458	439	496	510	229	410	344	498	293	89	374	540	267	391	307	495	336	211	308	226	451	280	520	|
|449	380	170	194	192	394	53	470	133	330	149	78	257	102	297	403	169	152	184	390	267	378	329	46	157	131	136	458	0	238	249	114	259	47	287	216	171	416	96	137	327	235	211	67	145	247	488	235	41	197	223	|
|376	208	99	418	153	281	188	510	164	438	124	295	478	334	224	345	255	87	280	479	67	344	128	194	217	257	105	439	238	0	57	169	216	230	453	445	206	445	268	184	191	427	141	202	296	278	315	250	274	191	92	|
|433	258	83	438	116	337	196	565	146	484	109	315	500	350	280	402	297	102	323	529	122	401	176	203	260	294	114	496	249	57	0	157	271	252	490	463	251	499	296	162	247	457	195	199	331	329	362	302	288	241	47	|
|478	357	74	307	78	402	68	545	19	424	48	191	370	214	316	436	242	93	264	480	221	420	288	76	215	216	75	510	114	169	157	0	287	141	396	325	219	485	196	31	319	347	216	49	243	306	469	286	154	230	120	|
|193	170	261	346	326	139	245	295	297	250	270	256	390	302	42	150	125	211	138	278	168	136	179	244	110	163	221	229	259	216	271	287	0	216	305	382	91	229	204	316	105	310	78	280	192	83	257	60	268	62	292	|
|404	348	180	188	216	353	72	424	160	287	165	65	249	106	256	358	122	149	137	346	247	331	305	65	111	84	138	410	47	230	252	141	216	0	255	215	126	369	56	168	292	210	177	102	103	200	454	189	54	155	234	|
|404	475	430	156	472	419	328	279	415	112	419	211	145	214	340	361	202	390	178	165	440	321	475	320	238	197	384	344	287	453	490	396	305	255	0	181	254	261	201	422	410	69	335	353	160	225	551	246	252	280	482	|
|534	542	385	36	403	518	269	454	344	284	364	151	55	113	423	488	257	363	248	343	459	450	513	261	278	221	349	498	216	445	463	325	382	215	181	0	298	425	189	342	479	115	373	276	190	323	638	330	175	332	439	|
|278	243	214	264	274	230	165	329	233	232	215	166	313	212	132	232	52	165	76	278	186	208	224	163	21	77	168	293	171	206	251	219	91	126	254	298	0	267	114	250	181	242	82	202	112	88	341	68	177	33	258	|
|181	347	479	392	540	250	427	66	500	149	482	371	401	402	232	158	248	428	232	115	396	126	392	423	271	285	434	89	416	445	499	485	229	369	261	425	267	0	325	516	298	313	305	463	281	180	375	203	403	264	516	|
|380	355	231	156	271	343	128	376	215	233	218	53	212	98	246	333	87	194	95	293	273	302	324	121	94	44	185	374	96	268	296	196	204	56	201	189	114	325	0	224	294	161	185	157	49	167	455	163	78	147	284	|
|507	379	85	326	63	428	97	576	21	453	60	215	389	233	344	466	272	116	294	509	241	450	307	103	245	246	99	540	137	184	162	31	316	168	422	342	250	516	224	0	344	371	244	70	271	337	490	317	176	261	120	|
|189	65	270	444	334	90	297	363	323	349	288	343	491	389	74	165	225	228	241	369	125	177	96	299	201	258	245	267	327	191	247	319	105	292	410	479	181	298	294	344	0	414	116	328	291	187	163	165	345	147	282	|
|438	479	390	87	425	437	280	340	367	170	375	157	89	151	349	393	191	355	173	229	423	353	466	273	223	172	346	391	235	427	457	347	310	210	69	115	242	313	161	371	414	0	323	301	133	238	565	253	197	273	444	|
|263	172	184	340	249	188	184	370	224	302	194	231	392	277	100	223	134	134	156	340	107	213	143	185	100	155	146	307	211	141	195	216	78	177	335	373	82	305	185	244	116	323	0	217	192	138	278	110	230	55	214	|
|473	373	116	258	127	405	36	520	68	389	92	145	321	165	314	430	215	117	234	447	245	409	311	40	193	183	98	495	67	202	199	49	280	102	353	276	202	463	157	70	328	301	217	0	205	286	485	269	106	220	167	|
|353	355	271	154	316	328	175	330	261	185	261	90	201	125	233	306	67	230	60	244	291	272	335	168	92	39	224	336	145	296	331	243	192	103	160	190	112	281	49	271	291	133	192	205	0	138	449	141	123	145	323	|
|216	251	300	286	361	200	250	242	320	168	302	220	322	261	115	168	80	250	77	202	242	136	261	247	93	123	255	211	247	278	329	306	83	200	225	323	88	180	167	337	187	238	138	286	138	0	328	28	243	88	340	|
|202	112	409	603	468	134	456	429	470	471	431	505	646	551	216	217	382	376	395	473	251	253	187	459	362	418	394	308	488	315	362	469	257	454	551	638	341	375	455	490	163	565	278	485	449	328	0	313	508	308	406	|
|218	229	276	294	337	188	233	266	299	195	279	217	334	260	97	171	77	225	83	230	214	143	235	230	78	119	231	226	235	250	302	286	60	189	246	330	68	203	163	317	165	253	110	269	141	28	313	0	235	61	315	|
|452	402	210	153	233	406	94	453	174	305	190	41	216	62	308	406	163	189	172	366	297	377	357	86	160	120	174	451	41	274	288	154	268	54	252	175	177	403	78	176	345	197	230	106	123	243	508	235	0	207	264	|
|254	210	215	297	278	199	184	328	242	248	220	198	345	244	101	210	81	164	102	288	162	190	195	183	54	110	171	280	197	191	241	230	62	155	280	332	33	264	147	261	147	273	55	220	145	88	308	61	207	0	253	|
|465	300	54	417	69	372	170	581	106	487	75	295	479	325	307	431	298	95	324	536	160	426	219	178	263	288	99	520	223	92	47	120	292	234	482	439	258	516	284	120	282	444	214	167	323	340	406	315	264	253	0	|

--------------------------------------------------------------------------------
Building model...
	using lazy and cut (CVRPSEP package)
Solving IRP LP...
--------------------------------------------------------------------------------

Gurobi 9.1.0 (linux64) logging started Sun Jan 10 07:47:07 2021

Gurobi Optimizer version 9.1.0 build v9.1.0rc0 (linux64)
Thread count: 32 physical cores, 32 logical processors, using up to 2 threads
Optimize a model with 2049 rows, 20844 columns and 47640 nonzeros
Model fingerprint: 0x2f564218
Variable types: 954 continuous, 19890 integer (765 binary)
Coefficient statistics:
  Matrix range     [1e+00, 8e+02]
  Objective range  [1e-02, 6e+02]
  Bounds range     [1e+00, 3e+02]
  RHS range        [1e+01, 7e+03]
Presolve removed 195 rows and 42 columns
Presolve time: 0.08s
Presolved: 1854 rows, 20802 columns, 44971 nonzeros
Variable types: 912 continuous, 19890 integer (19140 binary)

Root relaxation: objective 3.620553e+03, 2259 iterations, 0.09 seconds

    Nodes    |    Current Node    |     Objective Bounds      |     Work
 Expl Unexpl |  Obj  Depth IntInf | Incumbent    BestBd   Gap | It/Node Time

     0     0 3620.55296    0  170          - 3620.55296      -     -    0s
     0     0 3868.27774    0  210          - 3868.27774      -     -    0s
     0     0 3883.33749    0  223          - 3883.33749      -     -    1s
     0     0 4357.03242    0  305          - 4357.03242      -     -    1s
     0     0 4432.78480    0  303          - 4432.78480      -     -    1s
     0     0 4436.22994    0  293          - 4436.22994      -     -    1s
     0     0 4436.75859    0  281          - 4436.75859      -     -    1s
     0     0 4437.17209    0  287          - 4437.17209      -     -    1s
     0     0 4679.12294    0  299          - 4679.12294      -     -    2s
     0     0 4698.61159    0  330          - 4698.61159      -     -    2s
     0     0 4699.53497    0  329          - 4699.53497      -     -    2s
     0     0 4767.82046    0  283          - 4767.82046      -     -    3s
     0     0 4777.62012    0  372          - 4777.62012      -     -    3s
     0     0 4779.60281    0  359          - 4779.60281      -     -    4s
     0     0 4780.93419    0  403          - 4780.93419      -     -    4s
     0     0 4782.43888    0  356          - 4782.43888      -     -    4s
     0     0 4782.44388    0  383          - 4782.44388      -     -    4s
     0     0 4862.29466    0  416          - 4862.29466      -     -    5s
     0     0 4885.75460    0  406          - 4885.75460      -     -    6s
     0     0 4888.81290    0  445          - 4888.81290      -     -    6s
     0     0 4889.17662    0  438          - 4889.17662      -     -    7s
     0     0 4943.01357    0  356          - 4943.01357      -     -    7s
     0     0 4950.54553    0  373          - 4950.54553      -     -    8s
     0     0 4957.55514    0  409          - 4957.55514      -     -    8s
     0     0 4965.51555    0  380          - 4965.51555      -     -    9s
     0     0 4970.26265    0  469          - 4970.26265      -     -    9s
     0     0 4976.71105    0  445          - 4976.71105      -     -    9s
     0     0 4978.98242    0  441          - 4978.98242      -     -   10s
     0     0 4983.21222    0  401          - 4983.21222      -     -   10s
     0     0 4993.16716    0  405          - 4993.16716      -     -   10s
     0     0 4993.67450    0  472          - 4993.67450      -     -   10s
     0     0 5011.53395    0  307          - 5011.53395      -     -   11s
     0     0 5012.66169    0  352          - 5012.66169      -     -   11s
     0     0 5014.98447    0  448          - 5014.98447      -     -   12s
     0     0 5014.98447    0  376          - 5014.98447      -     -   14s
     0     2 5014.98447    0  367          - 5014.98447      -     -   17s
    10    12 5026.22583    3  384          - 5026.06066      -   580   20s
    36    42 5093.44066   11  230          - 5026.06066      -   527   25s
    88    93 5236.34727   32  191          - 5026.06066      -   374   30s
   146   164 5723.79704   62  112          - 5026.06066      -   318   35s
   251   255 infeasible  115               - 5026.06835      -   240   41s
   280   273 5118.86608    8  385          - 5026.06835      -   260   46s
   313   316 5153.47298   13  373          - 5026.06835      -   263   50s
   374   390 5243.50581   19  362          - 5026.06835      -   255   56s
   491   534 5453.95790   24  342          - 5026.06835      -   220   61s
   605   658 5476.15039   29  288          - 5026.06835      -   192   65s
   694   684 5609.74220   40  277          - 5026.06835      -   185   71s
   719   706 5720.24386   50  248          - 5026.06835      -   192   76s
   729   709 5112.55479   14  289          - 5026.06835      -   193   80s
   735   713 6030.49125   54  599          - 5057.26908      -   192   85s
   740   716 9040.91194  200  544          - 5087.08822      -   190   91s
   749   722 5171.60509   14  553          - 5120.86740      -   188   98s
   755   726 8367.95216  180  754          - 5124.58873      -   186  100s
   757   728 5313.44324   31  645          - 5132.42235      -   186  115s
   764   732 5141.03172    9  625          - 5141.03172      -   184  120s
   772   738 5198.00255   16  611          - 5149.57827      -   182  125s
   779   742 5150.03911   10  366          - 5150.03911      -   181  130s
   788   749 5659.75934   44  163          - 5150.03911      -   236  135s
   795   754 6204.16960   62  474          - 5150.03911      -   234  140s
   803   759 5624.77102   48  603          - 5152.37252      -   231  145s
   806   761 5152.66569   12  553          - 5152.66569      -   230  150s
   813   766 5617.87295   37  440          - 5153.00825      -   228  155s
   817   769 7024.60467  135  612          - 5153.33180      -   227  160s
   819   770 5153.45506    6  526          - 5153.45506      -   227  166s
   821   771 5795.44356   76  500          - 5160.54688      -   226  191s
   822   775 5160.54688   29  384          - 5160.54688      -   260  199s
   824   776 5160.54688   30  567          - 5160.54688      -   262  208s
   826   778 5168.02184   30  589          - 5160.54688      -   263  215s
   830   780 5173.01215   31  630          - 5163.37307      -   267  222s
   834   783 5336.35123   32  623          - 5168.53805      -   276  226s
   844   793 5183.66777   35  338          - 5168.53805      -   283  230s
   877   815 5228.22455   43  287          - 5168.53805      -   289  235s
   920   844 5363.76091   54  247          - 5168.53805      -   290  240s
   978   890 5458.09127   68  252          - 5168.53805      -   286  245s
  1046   943 5735.15660   86  213          - 5168.53805      -   281  250s
  1116   992 6142.55716  110  141          - 5168.53805      -   273  255s
  1220  1081 6954.49393  149   75          - 5168.53805      -   261  261s
  1306  1102 5194.35179   33  469          - 5172.41204      -   254  266s
  1369  1146 5227.15483   36  360          - 5172.41204      -   249  270s
  1458  1235 5281.76256   39  270          - 5172.41204      -   242  275s
  1607  1258 5388.67558   46  261          - 5172.41204      -   228  281s
  1640  1267 5479.25852   54  228          - 5172.41204      -   228  285s
  1676  1286 5698.93766   66  206          - 5172.41204      -   230  290s
  1725  1334 5975.93754   83  163          - 5172.41204      -   230  295s
  1785  1358 5305.11504   48  274          - 5172.41204      -   229  300s
  1841  1408 6716.26865  130   92          - 5172.41204      -   228  305s
  1931  1487 infeasible  164               - 5173.14768      -   223  314s
  1975  1473 9537.86239  187   41          - 5173.14768      -   219  315s
  2032  1493 5280.82720   34  481          - 5173.14768      -   218  321s
  2060  1518 5329.23816   36  338          - 5173.14768      -   221  326s
  2110  1557 5344.17913   38  463          - 5173.14768      -   221  332s
  2141  1581 5422.17958   39  440          - 5173.14768      -   221  336s
  2212  1634 5453.38180   43  327          - 5173.14768      -   220  343s
  2252  1700 5476.39564   45  285          - 5173.14768      -   219  347s
  2332  1777 5462.95447   47  359          - 5173.14768      -   216  353s
  2439  1818 5511.22620   52  349          - 5173.14768      -   212  361s
  2576  1782 5529.75966   54  312          - 5173.14768      -   206  367s
  2586  1793 5556.62052   58  309          - 5173.14768      -   207  370s
  2609  1797 5356.64756   37  317          - 5173.14768      -   209  375s
  2623  1817 5614.51724   67  154          - 5173.14768      -   211  382s
  2636  1829 5650.24708   69  148          - 5173.14768      -   213  386s
  2653  1849 5680.12365   76  103          - 5173.14768      -   214  390s
  2678  1869 5796.86493   83  128          - 5173.14768      -   215  395s
  2707  1917 6016.72939   96  105          - 5173.14768      -   216  400s
  2764  1959 6410.87532  122  102          - 5173.14768      -   215  406s
  2825  1989 6452.93902  142  109          - 5173.14768      -   214  412s
  2876  2009 6672.37256  160  132          - 5173.14768      -   213  418s
  2913  2049 6906.44005  173  130          - 5173.14768      -   214  423s
  2965  2083 7138.96415  196   93          - 5173.14768      -   213  429s
  2993  2073 7232.13754  208   80          - 5173.14768      -   213  430s
  3016  2171 7438.78960  216   97          - 5173.14768      -   213  436s
  3121  2282 7799.78797  259   97          - 5173.14768      -   210  444s
  3136  2277 7986.82007  263   96          - 5173.14768      -   210  445s
  3267  2522 8366.15289  339   53          - 5173.14768      -   204  455s
  3525  2629 9326.08470  469   47          - 5173.79095      -   193  467s
  3659  2657 5241.82875   34  343          - 5173.79095      -   189  475s
  3687  2684 5286.14765   39  407          - 5173.79095      -   190  482s
  3714  2746 5357.90907   42  334          - 5173.79095      -   192  488s
  3776  2792 5444.76024   45  380          - 5173.79095      -   191  496s
  3829  2862 5445.80151   46  272          - 5173.79095      -   192  504s
  3908  2942 5397.93795   46  259          - 5173.79095      -   191  513s
  3988  3073 5533.85264   48  316          - 5173.79095      -   190  523s
  4121  3221 5450.57707   52  276          - 5173.79095      -   188  534s
  4185  3221 7498.92258  363  101          - 5173.79095      -   187  535s
  4299  3242 5559.46335   71  267          - 5173.79095      -   184  543s
  4334  3281 5572.66433   74  237          - 5173.79095      -   186  550s
  4373  3333 5675.82553   86  145          - 5173.79095      -   187  559s
  4425  3405 5759.59610  106  126          - 5173.79095      -   188  567s
  4497  3507 5853.35836  140  146          - 5173.79095      -   188  577s
  4599  3710 5993.75066  181  104          - 5173.79095      -   188  589s
  4644  3710 6063.88228  219  124          - 5173.79095      -   187  590s
  4802  3877 6211.73965  299  155          - 5173.79095      -   183  602s
  4969  4176 6667.40749  361  113          - 5173.79095      -   180  616s
  5269  4569 8421.38403  478   89          - 5175.93080      -   174  637s
  5452  4569 8341.22355  511   29          - 5175.93080      -   170  640s
  5771  4592 5275.41189   32  383          - 5180.39025      -   165  652s
  5794  4618 5399.53684   41  367          - 5180.39025      -   167  662s
  5820  4667 5625.09056   47  213          - 5180.39025      -   169  672s
  5869  4730 5596.24749   62  237          - 5180.39025      -   171  684s
  5884  4730 5647.71661   70  180          - 5180.39025      -   171  685s
  5932  4812 5764.61912   77  159          - 5180.39025      -   172  696s
  6014  4925 6038.63346  107  141          - 5180.39025      -   173  709s
  6059  4925 6157.24376  135  122          - 5180.39025      -   173  710s
  6127  5150 6203.59449  149  104          - 5180.39025      -   174  723s
  6278  5150 5978.46741  117   71          - 5180.39025      -   172  725s
  6352  5498 6532.21696  226   94          - 5180.39025      -   171  741s
  6590  5498 6234.96273  211   84          - 5180.39025      -   169  745s
  6741  5639 7373.93087  295   57          - 5180.39025      -   166  790s
  6898  5671 8106.59059  370   50          - 5184.02311      -   165  803s
  6954  5702 5329.78944   42  480          - 5184.02311      -   167  814s
  6985  5759 5414.32588   51  395          - 5184.02311      -   168  825s
  7042  5844 5483.11351   62  349          - 5184.02311      -   169  837s
  7129  6010 5660.64375   70  338          - 5184.02311      -   170  851s
  7295  6352 5862.62255   88  281          - 5184.02311      -   170  875s
  7588  6352 7526.29837  325  121          - 5184.02311      -   167  880s
  7740  6564 6352.72533  129  174          - 5184.79965      -   164  899s
  7804  6564 6723.18928  168  146          - 5184.79965      -   164  900s
  8013  6647 5249.43325   43  598          - 5185.19810      -   163  915s
  8096  6883 5450.14905   61  241          - 5185.19810      -   164  932s
  8332  7408 5889.75090  162   80          - 5185.87142      -   164  955s
  8828  7408 7100.86532  290   55          - 5185.87142      -   159  962s
  8904  7510 5452.52893   52  184          - 5185.87142      -   158  977s
  9064  7583 5635.22706   67  175          - 5185.87142      -   159  994s
  9137  7832 5818.97549  103  115          - 5185.87142      -   160 1011s
  9383  7832 5608.52123   52  440          - 5185.87142      -   159 1015s
  9386  8137 6477.33568  254   87          - 5187.71604      -   159 1032s
  9553  8137 7071.74440  383   92          - 5187.71604      -   157 1035s
  9737  8209 5291.13856   44  327          - 5187.71604      -   155 1051s
  9809  8293 5521.43701   57  301          - 5187.71604      -   157 1066s
  9893  8478 5705.75991   75  103          - 5187.71604      -   158 1083s
  9998  8478 5874.08144  159   60          - 5187.71604      -   158 1085s
 10082  8611 6200.34762  183   23          - 5188.14996      -   158 1102s
 10249  8766 5380.59090   35  428          - 5188.14996      -   158 1119s
 10404  9149 5549.95689   46  265          - 5188.14996      -   159 1139s
 10419  9149 5701.56592   55  143          - 5188.14996      -   159 1140s
 10707  9149 8822.53815  450   64          - 5188.14996      -   157 1145s
 10868  9363 5845.51954   73  135          - 5188.14996      -   155 1163s
 10973  9363 6063.62830  149   43          - 5188.14996      -   155 1165s
 11086  9545 6585.15900  234   44          - 5188.65306      -   155 1182s
 11275  9545 5355.70125   40  468          - 5188.65306      -   153 1185s
 11292  9633 5347.05139   42  379          - 5188.65306      -   154 1199s
 11380  9829 5515.36376   57  302          - 5188.65306      -   155 1217s
 11521  9829 6304.77779  132  108          - 5188.65306      -   156 1220s
 11578  9999 5842.57237   79  195          - 5188.65306      -   155 1236s
 11777  9999 5392.29482   49  229          - 5188.65306      -   155 1240s
 11781 10200 6376.91191  134  145          - 5193.65441      -   155 1257s
 11896 10200 7033.00630  196   88          - 5193.65441      -   155 1260s
 12038 10318 5571.67129   35  478          - 5193.65441      -   155 1278s
 12133 10318 6001.32401  112   72          - 5193.65441      -   155 1280s
 12156 10661 5739.53981   49  398          - 5193.65441      -   156 1303s
 12242 10661 6335.08478  154   40          - 5193.65441      -   156 1305s
 12521 10748 6086.94415   70  223          - 5193.65441      -   153 1324s
 12536 10748 6139.59129   79  166          - 5193.65441      -   154 1325s
 12608 10971 6516.52988  109  110          - 5193.65441      -   155 1343s
 12698 10971 6756.17705  146   68          - 5193.65441      -   154 1345s
 12831 11391 6928.27487  184   49          - 5193.65441      -   155 1366s
 13057 11391 7409.68349  349   48          - 5193.65441      -   153 1370s
 13262 11721 7749.51997  458   53          - 5194.35179      -   153 1392s
 13456 11721 6052.07895  151   88          - 5194.35179      -   152 1395s
 13678 11763 5434.48554   49  397          - 5194.35179      -   151 1413s
 13720 11834 5657.71467   64  196          - 5194.35179      -   152 1429s
 13791 11997 5934.94458   85   96          - 5194.35179      -   153 1446s
 13954 12521 6337.83451  145   89          - 5194.85866      -   154 1473s
 14014 12521 6695.94961  181   81          - 5194.85866      -   154 1475s
 14557 12649 5268.30227   35  512          - 5194.85866      -   150 1499s
 14583 12649 6382.14201  235   87          - 5194.85866      -   150 1500s
 14685 12761 5480.47942   40  402          - 5194.85866      -   150 1517s
 14817 12822 5810.26152   65  252          - 5194.85866      -   151 1535s
 14878 12949 5889.33998   80  206          - 5194.85866      -   152 1551s
 15005 13259 6209.88390  127  165          - 5194.85866      -   153 1571s
 15315 13959 6796.12365  226   92          - 5194.85866      -   152 1598s
 15405 13959 7398.52292  261   62          - 5194.85866      -   152 1600s
 15685 13959 10456.4674  389   29          - 5194.85866      -   150 1605s
 16146 14000 infeasible  395               - 5197.37018      -   147 1625s
 16228 14089 5431.81956   42  365          - 5197.37018      -   148 1640s
 16317 14349 5592.57171   65  229          - 5197.37018      -   149 1658s
 16533 14349 6503.21408  170   58          - 5197.37018      -   149 1662s
 16577 14504 6151.59449   95  191          - 5197.37018      -   149 1678s
 16644 14504 6754.76855  120  155          - 5197.37018      -   149 1680s
 16782 14611 6985.22206  137  157          - 5197.55995      -   149 1699s
 16824 14611 7874.33203  156  111          - 5197.55995      -   149 1700s
 16963 14697 5508.35495   46  268          - 5197.55995      -   149 1716s
 17049 14863 5875.68974   78  159          - 5197.55995      -   150 1733s
 17139 14863 6249.03652  124   90          - 5197.55995      -   150 1735s
 17215 15105 6396.08572  153   75          - 5197.55995      -   150 1752s
 17352 15105 7002.61867  239   75          - 5197.55995      -   149 1755s
 17489 15211 5349.85032   44  291          - 5197.55995      -   149 1771s
 17595 15364 5513.83333   60  274          - 5197.55995      -   150 1788s
 17727 15364 6552.09685  156   85          - 5197.55995      -   150 1790s
 17759 15685 5824.40683   92  188          - 5197.55995      -   150 1807s
 17940 15685 7968.70499  210   62          - 5197.55995      -   150 1810s
 18132 15802 infeasible  220               - 5200.43575      -   149 1827s
 18276 15911 5465.51297   49  252          - 5200.43575      -   150 1843s
 18382 15911 5990.49983  101   75          - 5200.43575      -   151 1845s
 18385 16197 5673.03979   67  182          - 5200.43575      -   151 1860s
 18669 16197 7406.03913  229   27          - 5200.43575      -   150 1865s
 18699 16445 5940.65687  128   87          - 5201.43945      -   150 1880s
 18904 16445 6945.72139  253   66          - 5201.43945      -   149 1885s
 18987 16558 5419.01861   45  343          - 5201.43945      -   149 1900s
 19100 16816 5667.06742   57  249          - 5201.43945      -   150 1920s
 19405 16940 5885.15425   68  159          - 5201.43945      -   149 1939s
 19450 16940 6231.04806   90   62          - 5201.43945      -   149 1940s
 19529 17153 6421.75389  109   74          - 5201.43945      -   150 1958s
 19619 17153 6739.86143  161   91          - 5201.43945      -   150 1960s
 19742 17544 7069.82756  220   86          - 5201.63045      -   150 1979s
 19757 17544 7382.37833  226   71          - 5201.63045      -   150 1980s
 20069 17544 6740.55003  239   38          - 5202.54301      -   149 1985s
 20190 17598 5519.95092   51  350          - 5202.54301      -   148 2001s
 20244 17697 5736.38721   67  198          - 5202.54301      -   149 2017s
 20343 17989 6065.64585   94  133          - 5202.54301      -   149 2036s
 20639 18251 7247.39039  219   39          - 5202.60161      -   149 2059s
 20686 18251 7195.58462  251   46          - 5202.60161      -   149 2060s
 20969 18328 5515.90370   46  288          - 5202.62027      -   148 2078s
 21046 18350 5604.43708   66  191          - 5202.62027      -   148 2097s
 21068 18544 5676.45160   72  136          - 5202.62027      -   148 2114s
 21083 18544 5651.00353   76  104          - 5202.62027      -   148 2115s
 21262 18893 6166.93916  137  128          - 5202.62027      -   149 2135s
 21665 18949 5409.18006   39  425          - 5202.71434      -   148 2155s
 21721 19054 5607.39199   59  158          - 5202.71434      -   148 2170s
 21826 19614 5869.15060   91  118          - 5202.71434      -   149 2190s
 22131 19614 7005.80016  342   59          - 5202.71434      -   148 2195s
 22403 19773 7320.89089  377   46          - 5202.72591      -   147 2214s
 22433 19773 7354.16357  406   27          - 5202.72591      -   147 2215s
 22687 19845 5543.95483   54  262          - 5202.99531      -   146 2232s
 22759 19992 5923.80002   81  144          - 5202.99531      -   147 2248s
 22872 19992 5927.12108   73  108          - 5202.99531      -   147 2250s
 22906 20310 6340.71888  125  102          - 5202.99531      -   148 2267s
 23256 20417 5429.12615   44  335          - 5202.99531      -   147 2288s
 23341 20417 7174.02895  283   63          - 5202.99531      -   147 2290s
 23387 20612 5701.11901   69  141          - 5202.99531      -   147 2305s
 23592 20716 6656.90728  185   67          - 5203.63650      -   147 2322s
 23728 20716 5769.23469   73  205          - 5203.63650      -   147 2325s
 23736 20845 5604.34246   53  249          - 5203.63650      -   148 2338s
 23865 21233 5940.06846   68  193          - 5205.30270      -   148 2358s
 23958 21233 6619.32172  115   99          - 5205.30270      -   148 2360s
 24230 21233 7182.26732  257   64          - 5206.35271      -   147 2365s
 24309 21304 5317.51498   36  397          - 5206.35271      -   147 2381s
 24380 21440 5562.93957   53  240          - 5206.35271      -   148 2396s
 24516 21553 6084.27325   81  111          - 5206.35271      -   148 2481s
 24631 21701 6665.43769  122  103          - 5206.46109      -   148 2500s
 24910 21770 5331.06134   39  508          - 5206.46740      -   148 2519s
 24979 21939 5495.33002   50  215          - 5206.46740      -   149 2536s
 25148 22240 5755.57094   72  115          - 5206.46740      -   149 2559s
 25192 22240 6318.65273  132   63          - 5206.46740      -   149 2560s
 25506 22240 9154.20477  292   56          - 5206.46740      -   148 2565s
 25547 22291 6022.82297   91  137          - 5206.46740      -   148 2580s
 25598 22564 6122.66321  109  100          - 5206.46740      -   149 2598s
 25688 22564 6366.42749  175   30          - 5206.46740      -   149 2600s
 25871 22773 7744.14089  272   66          - 5207.40721      -   149 2620s
 26125 23132 5592.82612   36  525          - 5207.40721      -   149 2644s
 26148 23132 5748.76165   51  259          - 5207.40721      -   149 2645s
 26474 23133 7664.29755  284    9          - 5207.40721      -   148 2650s
 26532 23203 5811.37627   54  273          - 5207.40721      -   147 2666s
 26602 23329 6102.73346   77  181          - 5207.40721      -   148 2682s
 26728 23631 6522.15568  109  164          - 5207.40721      -   148 2702s
 26881 23631 7230.05948  205  127          - 5207.40721      -   148 2705s
 27075 23857 infeasible  251               - 5210.50588      -   148 2726s
 27343 23898 5368.16881   41  472          - 5210.50588      -   148 2745s
 27414 23976 5548.12248   51  351          - 5210.50588      -   148 2760s
 27492 24104 5784.79867   68  196          - 5210.50588      -   149 2776s
 27620 24313 6176.66821  108  197          - 5210.50588      -   149 2796s
 27829 24492 6674.76028  229  105          - 5211.93975      -   149 2817s
 28046 24492 7642.56167  182   75          - 5212.92393      -   149 2820s
 28080 24534 5498.64066   44  383          - 5212.92393      -   149 2835s
 28122 24618 5842.83959   61  262          - 5212.92393      -   149 2851s
 28206 24907 5977.58752   95  167          - 5215.31018      -   150 2870s
 28525 25001 5319.12680   41  467          - 5215.31018      -   150 2890s
 28665 25084 5559.62666   50  407          - 5215.31018      -   150 2907s
 28748 25313 5742.14615   67  234          - 5215.31018      -   150 2927s
 28896 25313 6446.61691  124  102          - 5215.31018      -   151 2930s
 29024 25505 6041.90512   89  157          - 5215.31018      -   150 2947s
 29216 25668 6767.59762  213   97          - 5216.22801      -   150 2965s
 29436 25714 5420.01838   45  396          - 5216.22801      -   150 2982s
 29490 25800 5655.26690   63  174          - 5216.22801      -   151 2996s
 29576 26146 6050.76164   87   44          - 5216.29506      -   151 3014s
 29640 26146 6342.28512  113   53          - 5216.29506      -   151 3015s
 30008 26316 5252.78509   39  594          - 5216.29506      -   150 3036s
 30178 26686 5421.15168   43  496          - 5216.29506      -   151 3060s
 30468 26686 7546.32517  356   28          - 5216.29506      -   150 3065s
 30638 26800 5604.35155   60  230          - 5216.29506      -   150 3080s
 30743 26972 5957.72614   84  215          - 5216.29506      -   150 3097s
 30934 27263 7271.72092  127  108          - 5216.64587      -   150 3116s
 31152 27263 6492.43841  137   71          - 5217.32314      -   150 3120s
 31326 27321 5389.81509   47  401          - 5217.32314      -   150 3135s
 31386 27416 5586.67423   62  250          - 5217.32314      -   150 3150s
 31481 27640 6160.45524   96  121          - 5217.32314      -   151 3167s
 31646 27640 6834.81729  194   74          - 5217.32314      -   150 3170s
 31709 27852 6908.65678  201   98          - 5218.09701      -   151 3186s
 31952 28024 5497.26988   47  270          - 5218.09701      -   150 3206s
 32118 28024 7801.29744  201   82          - 5218.09701      -   151 3210s
 32164 28078 5610.73162   59  307          - 5218.09701      -   150 3225s
 32218 28253 5863.68122   80  174          - 5218.09701      -   151 3242s
 32393 28511 6492.06639  168   60          - 5218.52221      -   151 3261s
 32705 28766 5405.17415   43  309          - 5218.52221      -   151 3282s
 32986 28818 5478.44123   52  373          - 5218.52221      -   151 3301s
 33096 28953 5736.97931   73  144          - 5218.52221      -   151 3317s
 33216 28953 5396.51951   45  502          - 5218.52221      -   151 3320s
 33231 29087 6290.28473  144   35          - 5218.74188      -   151 3335s
 33384 29142 5281.94614   42  562          - 5218.74188      -   151 3352s
 33439 29254 5543.58179   46  212          - 5218.74188      -   152 3369s
 33488 29254 6087.36044   88  180          - 5218.74188      -   152 3370s
 33553 29520 5793.95702   63  175          - 5218.74188      -   152 3389s
 33610 29520 6209.31338  126  132          - 5218.74188      -   153 3390s
