




arguments: ./build/mirp_solver -f ./input/orig_exec_230.cfg
Current dir: /scratch/gui/bnc_mirp
File verbosity level: 9
date       time         ( uptime  ) [ thread name/id ]                   file:line     v| 
2021-01-10 13:56:55.381 (   0.571s) [main thread     ]             loguru.cpp:789   INFO| Logging to './output/vi_qua/OU/V5/Original/execution_10_01_2021_13_56_55.log', mode: 'a', verbosity: 9
--------------------------------------------------------------------------------
Parameters
                           instance_path           ./input/Instances/Original/6/
                            model_policy                                       1
                             nb_vehicles                                       5
                              output_dir         ./output/vi_qua/OU/V5/Original/
                            sec_strategy                                       1
                       solver_nb_threads                                       2
                         solver_show_log                                    true
                       solver_time_limit                                    3600
                              use_vi_cos                                   false
                              use_vi_cus                                   false
                         use_vi_hc1_full                                   false
                         use_vi_hc1_half                                   false
                      use_vi_hc1_quarter                                   false
                              use_vi_hc2                                   false
                              use_vi_hc3                                   false
                         use_vi_lex_full                                   false
                         use_vi_lex_half                                   false
                      use_vi_lex_quarter                                   false
                              use_vi_qua                                    true
                               use_vi_vc                                   false
                               use_vi_vr                                   false
--------------------------------------------------------------------------------
executing instance: ./input/Instances/Original/6/absH6high_1n25.dat
--------------------------------------------------------------------------------
Instance details
n	26
H	6
C	1711
Li:
[0, 0, 0, 0, 0, 0, 0, 0, 0, 0, 0, 0, 0, 0, 0, 0, 0, 0, 0, 0, 0, 0, 0, 0, 0, 0, ]
Ui:
[0, 168, 176, 34, 66, 36, 177, 106, 118, 182, 64, 141, 189, 63, 46, 111, 182, 231, 36, 66, 68, 54, 132, 90, 246, 75, ]
Distance matrix:
|0	191	200	231	334	329	146	196	208	245	218	164	283	394	151	358	156	196	309	253	201	260	127	138	130	104	|
|191	0	226	229	278	146	328	216	390	417	327	293	195	334	106	296	171	122	472	151	12	411	280	53	190	130	|
|200	226	0	38	149	359	321	10	276	274	418	364	139	204	121	173	321	115	303	141	225	236	155	202	311	256	|
|231	229	38	0	110	352	358	37	314	310	448	395	108	167	129	135	342	109	336	120	226	268	194	213	335	277	|
|334	278	149	110	0	367	467	147	422	413	546	495	86	61	203	25	423	163	429	129	271	363	303	282	424	361	|
|329	146	359	352	367	0	453	349	533	562	411	393	282	411	245	378	250	244	617	245	141	556	426	195	284	243	|
|146	328	321	358	467	453	0	321	162	215	160	112	425	524	297	491	223	341	284	397	339	266	186	276	184	210	|
|196	216	10	37	147	349	321	0	281	281	414	360	132	203	112	171	315	105	311	132	216	244	159	193	305	249	|
|208	390	276	314	422	533	162	281	0	54	321	271	410	471	316	445	348	348	123	398	398	115	125	338	313	309	|
|245	417	274	310	413	562	215	281	54	0	375	323	413	457	334	435	393	361	70	406	424	69	139	367	359	349	|
|218	327	418	448	546	411	160	414	321	375	0	57	484	606	347	569	163	393	444	446	339	421	318	288	137	199	|
|164	293	364	395	495	393	112	360	271	323	57	0	437	556	300	519	144	346	393	401	305	367	261	249	109	163	|
|283	195	139	108	86	282	425	132	410	413	484	437	0	139	137	101	349	91	443	44	187	375	286	206	355	291	|
|394	334	204	167	61	411	524	203	471	457	606	556	139	0	264	38	483	222	467	183	326	403	356	341	484	421	|
|151	106	121	129	203	245	297	112	316	334	347	300	137	264	0	225	220	46	381	102	106	316	195	84	221	158	|
|358	296	173	135	25	378	491	171	445	435	569	519	101	38	225	0	444	184	450	145	288	384	328	303	446	383	|
|156	171	321	342	423	250	223	315	348	393	163	144	349	483	220	444	0	261	460	308	183	415	284	143	39	65	|
|196	122	115	109	163	244	341	105	348	361	393	346	91	222	46	184	261	0	402	56	118	336	224	119	264	200	|
|309	472	303	336	429	617	284	311	123	70	444	393	443	467	381	450	460	402	0	442	477	68	192	424	426	413	|
|253	151	141	120	129	245	397	132	398	406	446	401	44	183	102	145	308	56	442	0	143	375	273	164	315	251	|
|201	12	225	226	271	141	339	216	398	424	339	305	187	326	106	288	183	118	477	143	0	416	286	63	202	142	|
|260	411	236	268	363	556	266	244	115	69	421	367	375	403	316	384	415	336	68	375	416	0	135	365	384	363	|
|127	280	155	194	303	426	186	159	125	139	318	261	286	356	195	328	284	224	192	273	286	135	0	232	256	229	|
|138	53	202	213	282	195	276	193	338	367	288	249	206	341	84	303	143	119	424	164	63	365	232	0	153	89	|
|130	190	311	335	424	284	184	305	313	359	137	109	355	484	221	446	39	264	426	315	202	384	256	153	0	64	|
|104	130	256	277	361	243	210	249	309	349	199	163	291	421	158	383	65	200	413	251	142	363	229	89	64	0	|

--------------------------------------------------------------------------------
Building model...
	using lazy and cut (CVRPSEP package)
Solving IRP LP...
--------------------------------------------------------------------------------

Gurobi 9.1.0 (linux64) logging started Sun Jan 10 13:56:57 2021

Gurobi Optimizer version 9.1.0 build v9.1.0rc0 (linux64)
Thread count: 32 physical cores, 32 logical processors, using up to 2 threads
Optimize a model with 2072 rows, 11462 columns and 28904 nonzeros
Model fingerprint: 0xb3e1e6af
Variable types: 932 continuous, 10530 integer (780 binary)
Coefficient statistics:
  Matrix range     [1e+00, 3e+02]
  Objective range  [1e-01, 6e+02]
  Bounds range     [1e+00, 2e+02]
  RHS range        [1e+01, 3e+03]
Presolve removed 182 rows and 26 columns
Presolve time: 0.06s
Presolved: 1890 rows, 11436 columns, 27321 nonzeros
Variable types: 906 continuous, 10530 integer (9780 binary)

Root relaxation: objective 1.504889e+04, 3508 iterations, 0.14 seconds

    Nodes    |    Current Node    |     Objective Bounds      |     Work
 Expl Unexpl |  Obj  Depth IntInf | Incumbent    BestBd   Gap | It/Node Time

     0     0 15048.8904    0  248          - 15048.8904      -     -    0s
     0     0 15304.0912    0  289          - 15304.0912      -     -    0s
     0     0 15336.3555    0  260          - 15336.3555      -     -    1s
     0     0 15339.0734    0  306          - 15339.0734      -     -    1s
     0     0 15339.1233    0  272          - 15339.1233      -     -    1s
     0     0 15550.9142    0  340          - 15550.9142      -     -    1s
     0     0 15594.4902    0  377          - 15594.4902      -     -    1s
     0     0 15600.6839    0  350          - 15600.6839      -     -    2s
     0     0 15602.7833    0  332          - 15602.7833      -     -    2s
     0     0 15603.3034    0  339          - 15603.3034      -     -    2s
     0     0 15605.6913    0  341          - 15605.6913      -     -    2s
     0     0 15605.7077    0  335          - 15605.7077      -     -    2s
     0     0 16086.0944    0  408          - 16086.0944      -     -    3s
     0     0 16118.0707    0  423          - 16118.0707      -     -    3s
     0     0 16141.7511    0  404          - 16141.7511      -     -    3s
     0     0 16141.8438    0  403          - 16141.8438      -     -    3s
     0     0 16372.5913    0  454          - 16372.5913      -     -    4s
     0     0 16390.2970    0  446          - 16390.2970      -     -    4s
     0     0 16390.9291    0  453          - 16390.9291      -     -    4s
     0     0 16482.3670    0  449          - 16482.3670      -     -    5s
     0     0 16543.8813    0  484          - 16543.8813      -     -    5s
     0     0 16550.5085    0  501          - 16550.5085      -     -    6s
     0     0 16551.0604    0  514          - 16551.0604      -     -    6s
     0     0 16636.4632    0  549          - 16636.4632      -     -    6s
     0     0 16642.0279    0  502          - 16642.0279      -     -    7s
     0     0 16652.6174    0  515          - 16652.6174      -     -    7s
     0     0 16667.6602    0  465          - 16667.6602      -     -    7s
     0     0 16678.7480    0  520          - 16678.7480      -     -    8s
     0     0 16682.5158    0  488          - 16682.5158      -     -    8s
     0     0 16685.1836    0  503          - 16685.1836      -     -    8s
     0     0 16698.2017    0  485          - 16698.2017      -     -    8s
     0     0 16708.4815    0  483          - 16708.4815      -     -    9s
     0     0 16711.4742    0  548          - 16711.4742      -     -    9s
     0     0 16721.5525    0  510          - 16721.5525      -     -    9s
     0     0 16721.6112    0  531          - 16721.6112      -     -    9s
     0     0 16778.2666    0  571          - 16778.2666      -     -   10s
     0     0 16783.0611    0  420          - 16783.0611      -     -   10s
     0     0 16783.8856    0  512          - 16783.8856      -     -   10s
     0     0 16792.3046    0  432          - 16792.3046      -     -   11s
     0     0 16793.9203    0  617          - 16793.9203      -     -   11s
     0     0 16809.4208    0  535          - 16809.4208      -     -   11s
     0     0 16812.0946    0  570          - 16812.0946      -     -   12s
     0     2 16812.4145    0  365          - 16812.4145      -     -   14s
     2     4 16829.5466    1  426          - 16829.5466      -  1592   15s
    17    21 17019.9169    5  393          - 16845.8682      -  1468   20s
    37    41 17111.6449   11  491          - 16845.8682      -  1338   25s
    73    76 17323.6946   20  413          - 16845.8682      -   984   30s
   116   121 17579.9155   36  326          - 16845.8682      -   800   35s
   168   174 17997.0072   53  366          - 16845.8682      -   698   40s
   207   213 18173.3435   64  315          - 16845.8682      -   662   45s
   256   262 18684.7252   81  372          - 16845.8682      -   632   50s
   305   321 18890.5725   92  317          - 16845.8682      -   594   55s
   392   414 19729.9586  120  260          - 16845.8682      -   515   60s
   479   487 17277.7648    4  688          - 16845.8682      -   463   66s
   560   567 17451.7602    9  600          - 16845.8682      -   425   72s
   616   589 17476.4226   18  548          - 16845.8682      -   411   77s
   636   608 17647.1334   27  556          - 16845.8682      -   423   81s
   661   631 17801.2576   34  553          - 16845.8682      -   433   86s
   680   654 17883.0624   39  452          - 16845.8682      -   442   90s
   703   684 18028.0933   47  500          - 16845.8682      -   453   95s
   726   687 17736.8259   34  203          - 16845.8682      -   450  100s
   731   690 17377.0955   33  662          - 17209.5157      -   447  105s
   740   696 18884.0818  117  693          - 17433.0619      -   441  111s
   748   702 18738.2843  109  738          - 17479.4331      -   436  115s
   757   708 18184.9575   48  758          - 17494.0607      -   431  120s
   767   714 19587.6280  116  789          - 17498.8589      -   426  125s
   775   721 17627.9880   45  570          - 17500.3290      -   486  130s
   783   726 17500.3290   18  593          - 17500.3290      -   481  135s
   791   732 18814.7850   88  863          - 17504.4377      -   476  140s
   796   735 17505.3228    8  774          - 17505.3228      -   473  148s
   798   736 19945.9358  198  774          - 17505.7980      -   472  150s
   799   740 17532.9353   19  641          - 17509.0576      -   511  160s
   801   739 17550.3921   20  605          - 17534.5284      -   516  166s
   803   741 17548.9159   20  697          - 17548.9159      -   521  174s
   805   742 17573.6263   21  670          - 17550.0430      -   524  179s
   807   743 17615.3672   21  684          - 17550.8595      -   531  184s
   809   747 17576.4850   22  684          - 17550.8595      -   536  186s
   816   750 17626.1875   23  678          - 17550.8595      -   546  191s
   826   759 17635.2584   25  689          - 17550.8595      -   559  196s
   837   766 17677.7911   28  571          - 17550.8595      -   567  200s
   855   778 17776.3750   31  547          - 17550.8595      -   574  205s
   873   794 17836.9120   35  566          - 17550.8595      -   585  210s
   908   818 17849.7456   41  585          - 17550.8595      -   594  216s
   923   827 17884.8887   44  529          - 17550.8595      -   602  220s
   955   851 17956.4456   49  393          - 17550.8595      -   611  226s
   985   873 17972.5812   53  462          - 17550.8595      -   611  231s
  1012   881 17981.2291   59  450          - 17550.8595      -   619  237s
  1033   908 18017.1867   64  493          - 17550.8595      -   623  242s
  1049   916 18034.8991   66  442          - 17550.8595      -   627  245s
  1077   936 18100.4847   71  514          - 17550.8595      -   632  250s
  1110   958 18283.2984   76  486          - 17550.8595      -   634  256s
  1145   988 18376.6756   83  487          - 17550.8595      -   636  262s
  1166   999 18672.2742   88  513          - 17550.8595      -   636  266s
  1206  1031 18366.4404   95  503          - 17550.8595      -   637  273s
  1230  1046 18778.0388   99  528          - 17550.8595      -   639  276s
  1253  1063 18399.6207  103  543          - 17550.8595      -   637  280s
  1307  1103 18541.4505  113  469          - 17550.8595      -   635  289s
  1335  1123 18604.0847  117  526          - 17550.8595      -   635  293s
  1367  1140 18698.9606  122  502          - 17550.8595      -   634  298s
  1394  1152 18779.5864  127  547          - 17550.8595      -   638  303s
  1415  1173 18808.1123  130  530          - 17550.8595      -   641  307s
  1444  1192 19524.2716  136  573          - 17550.8595      -   643  312s
  1473  1200 infeasible  141               - 17554.7727      -   643  317s
  1509  1219 17669.7195   25  639          - 17554.7727      -   642  322s
  1540  1233 17837.1926   30  506          - 17554.7727      -   644  328s
  1572  1263 17702.5668   35  509          - 17554.7727      -   646  334s
  1613  1297 17754.7540   43  468          - 17554.7727      -   645  340s
  1660  1341 17776.6710   52  482          - 17554.7727      -   643  346s
  1720  1358 17785.3712   62  417          - 17554.7727      -   637  353s
  1757  1411 17792.9894   70  473          - 17554.7727      -   636  360s
  1822  1448 17810.0363   82  403          - 17554.7727      -   629  367s
  1881  1477 17818.4703   92  394          - 17554.7727      -   625  374s
  1930  1539 17875.6720   98  429          - 17554.7727      -   622  381s
  2010  1604 17995.0498  115  376          - 17554.7727      -   613  390s
  2104  1643 18064.0843  135  317          - 17554.7727      -   601  398s
  2178  1688 18126.9730  151  317          - 17554.7727      -   594  407s
  2248  1763 18149.7245  163  386          - 17554.7727      -   590  416s
  2346  1814 18302.8889  192  319          - 17554.7727      -   580  425s
  2430  1886 18401.2913  215  254          - 17554.7727      -   575  435s
  2532  1966 18619.9557  245  260          - 17554.7727      -   568  446s
  2646  2061 18659.5984  279  251          - 17554.7727      -   560  457s
  2783  2142 18813.7906  323  252          - 17554.7727      -   551  470s
  2937  2150 18975.4753  372  250          - 17612.9676      -   540  484s
  3041  2174 17638.8714   22  605          - 17612.9676      -   534  495s
  3088  2205 17791.0906   41  573          - 17612.9676      -   537  506s
  3119  2268 17782.2669   49  519          - 17612.9676      -   545  517s
  3182  2380 17801.5828   67  454          - 17612.9676      -   547  528s
  3300  2538 17883.3488   97  432          - 17612.9676      -   541  542s
  3468  2757 18104.1518  170  381          - 17612.9676      -   528  557s
  3699  3093 18189.2731  309  371          - 17612.9676      -   506  574s
  3916  3093 18739.8141  185  332          - 17612.9676      -   483  576s
  4047  3455 18487.6592  490  248          - 17612.9676      -   473  593s
  4382  3455 19245.1336  373  182          - 17612.9676      -   446  596s
  4410  3924 19358.5195  684  218          - 17612.9676      -   445  611s
  4753  3924 19496.4426  444  210          - 17612.9676      -   421  615s
  4882  3990 19497.5993  900  214          - 17615.4382      -   414  661s
  5000  4208 17793.2750   27  620          - 17615.4382      -   412  678s
  5244  4259 17977.6348   44  449          - 17615.4382      -   403  694s
  5295  4323 18049.2948   60  497          - 17615.4382      -   408  708s
  5359  4419 18140.5985   81  399          - 17615.4382      -   412  722s
  5455  4572 18488.9479  131  306          - 17615.4382      -   414  738s
  5608  4807 18803.5352  237  340          - 17615.4382      -   411  754s
  5811  4807 18178.7844   60  558          - 17615.4382      -   402  757s
  5843  5127 19136.3759  399  337          - 17615.4382      -   404  774s
  5896  5127 19205.0823  445  300          - 17615.4382      -   401  775s
  6165  5542 19792.7320  630  197          - 17639.0085      -   390  798s
  6286  5542 20391.7375  733  226          - 17639.0085      -   385  800s
  6604  5641 17770.1816   23  785          - 17639.0085      -   374  818s
  6703  5753 17828.8921   33  734          - 17639.0085      -   376  833s
  6815  5873 17898.7275   49  541          - 17639.0085      -   377  849s
  6899  5873 18970.4172  281  361          - 17639.0085      -   378  850s
  6935  6092 17949.2985   77  515          - 17639.0085      -   377  866s
  7156  6495 18118.6465  111  387          - 17639.0085      -   372  885s
  7493  6495 20657.7184  536  281          - 17639.0085      -   362  890s
  7559  7037 18377.4679  264  339          - 17639.0085      -   360  914s
  7670  7037 18445.9624  372  315          - 17639.0085      -   357  915s
  7997  7037 21665.1250  624  186          - 17639.0085      -   347  920s
  8138  7081 18773.0834  533  263          - 17639.0085      -   345  928s
  8182  7149 19348.0082  544  268          - 17639.0085      -   346  936s
  8250  7216 19440.2249  577  274          - 17639.0085      -   346  945s
  8327  7389 20931.5013  608  302          - 17642.4848      -   347  957s
  8504  7389 22784.6558  674  206          - 17642.4848      -   342  960s
  8564  7416 17773.7545   23  633          - 17642.4848      -   342  970s
  8591  7435 17842.5183   29  642          - 17642.4848      -   344  981s
  8610  7485 17914.5171   31  532          - 17642.4848      -   345  990s
  8660  7557 17964.1801   37  641          - 17642.4848      -   347 1000s
  8732  7616 18025.5417   54  514          - 17642.4848      -   347 1011s
  8791  7702 18248.7241   64  484          - 17642.4848      -   348 1023s
  8877  7850 18226.2193   94  432          - 17642.4848      -   348 1036s
  9025  8008 18333.2479  123  510          - 17642.4848      -   347 1051s
  9185  8138 18479.9520  187  480          - 17642.4848      -   345 1065s
  9315  8294 18602.8082  226  355          - 17642.4848      -   345 1081s
  9471  8495 18737.3137  284  483          - 17642.4848      -   344 1096s
  9674  8708 19140.9916  349  388          - 17642.4848      -   341 1116s
  9905  9025 19425.4393  385  419          - 17642.4848      -   339 1136s
 10228  9349 19919.9797  435  456          - 17642.4848      -   333 1156s
 10563  9708 19981.6368  468  374          - 17642.4848      -   328 1177s
 10865  9708 22624.5681 1064  128          - 17642.4848      -   322 1180s
 10926 10023 20486.0947  549  355          - 17642.4848      -   321 1197s
 11263 10023 25277.5218 1256  141          - 17642.4848      -   315 1200s
 11298 10114 20870.9071  609  323          - 17642.4848      -   314 1212s
 11433 10152 infeasible  677               - 17649.9962      -   314 1223s
 11479 10200 17912.2172   33  477          - 17649.9962      -   315 1234s
 11497 10200 18090.6122   55  447          - 17649.9962      -   316 1246s
 11527 10260 18004.1666   43  498          - 17649.9962      -   316 1256s
 11587 10328 18136.1615   67  401          - 17649.9962      -   317 1267s
 11655 10411 18262.7268   82  497          - 17649.9962      -   318 1278s
 11738 10542 18531.0228  107  474          - 17649.9962      -   318 1291s
 11869 10672 18634.6404  167  420          - 17649.9962      -   316 1304s
 11973 10672 19046.4915  190  343          - 17649.9962      -   316 1305s
 11999 10919 18697.5717  207  463          - 17649.9962      -   315 1317s
 12248 11120 19003.6812  336  330          - 17649.9962      -   312 1332s
 12432 11120 20099.9626  322  189          - 17649.9962      -   310 1335s
 12453 11399 19446.3084  412  364          - 17649.9962      -   310 1349s
 12746 11446 20743.6580  476  312          - 17649.9962      -   306 1366s
 12821 11571 21495.2920  505  241          - 17649.9962      -   307 1378s
 12905 11571 21972.5867  545  265          - 17649.9962      -   306 1380s
 12948 11713 22437.9022  560  215          - 17649.9962      -   307 1393s
 13092 11752 infeasible  625               - 17650.3766      -   307 1406s
 13155 11855 17747.3814   39  595          - 17650.3766      -   308 1418s
 13260 11975 17849.3903   50  537          - 17650.3766      -   308 1431s
 13380 12186 17994.8375   63  570          - 17650.3766      -   308 1444s
 13591 12313 18081.4492   74  492          - 17650.3766      -   306 1460s
 13741 12365 18323.7101   95  297          - 17650.3766      -   305 1473s
 13793 12498 18429.6909  108  381          - 17650.3766      -   306 1486s
 13926 12630 18822.9437  198  353          - 17650.3766      -   305 1499s
 14013 12630 19205.2594  259  263          - 17650.3766      -   305 1500s
 14062 12903 infeasible  272               - 17650.3766      -   305 1515s
 14356 12985 infeasible  461               - 17652.7686      -   302 1532s
 14454 13086 17885.7893   35  600          - 17652.7686      -   302 1546s
 14555 13218 18013.0625   43  580          - 17652.7686      -   303 1559s
 14689 13342 18113.1977   60  501          - 17652.7686      -   302 1575s
 14813 13815 18331.8751   78  395          - 17652.7686      -   302 1668s
 14886 13815 18558.8105  127  342          - 17652.7686      -   302 1670s
 15240 13815 20426.3442  552  223          - 17652.7686      -   297 1675s
 15294 14094 18697.0447  191  347          - 17652.7686      -   296 1693s
 15396 14094 20709.0710  632  199          - 17652.7686      -   295 1695s
 15599 14380 18834.2534  242  345          - 17652.7686      -   292 1709s
 15707 14380 21337.8767  795  142          - 17652.7686      -   290 1710s
 15972 14485 19064.5632  344  357          - 17652.7686      -   286 1717s
 16077 14612 19288.7479  442  288          - 17652.7686      -   285 1725s
 16210 14639 20209.7069  543  303          - 17656.0210      -   284 1735s
 16288 14650 17850.3903   27  610          - 17656.0210      -   283 1743s
 16299 14666 17872.9631   30  553          - 17656.0210      -   284 1750s
 16315 14678 17908.9799   35  616          - 17656.0210      -   285 1758s
 16327 14700 17921.1805   37  605          - 17656.0210      -   286 1765s
 16349 14726 18012.1366   39  577          - 17656.0210      -   287 1772s
 16375 14752 17990.3902   44  562          - 17656.0210      -   287 1779s
 16401 14790 18033.3994   50  531          - 17656.0210      -   288 1786s
 16439 14823 18206.9706   56  520          - 17656.0210      -   288 1793s
 16472 14868 18166.6317   61  467          - 17656.0210      -   289 1801s
 16517 14942 18210.4334   66  500          - 17656.0210      -   289 1810s
 16591 15011 18307.0254   81  451          - 17656.0210      -   289 1818s
 16662 15074 18537.8655  101  399          - 17656.0210      -   289 1827s
 16727 15171 18604.0795  118  381          - 17656.0210      -   289 1836s
 16824 15350 18848.1642  164  402          - 17656.0210      -   289 1846s
 17003 15467 19153.9752  214  378          - 17656.0210      -   288 1857s
 17120 15539 19280.7661  263  393          - 17656.0210      -   287 1868s
 17198 15632 19444.0025  287  364          - 17656.0210      -   287 1880s
 17311 15640 infeasible  340               - 17656.6872      -   287 1892s
 17341 15674 17753.1983   36  587          - 17656.6872      -   288 1903s
 17375 15709 17818.8436   43  553          - 17656.6872      -   289 1914s
 17410 15770 17974.7274   48  473          - 17656.6872      -   290 1925s
 17471 15896 18073.9347   60  501          - 17656.6872      -   291 1938s
 17603 16141 18203.8713   82  391          - 17656.6872      -   290 1952s
 17848 16511 18477.6394  147  309          - 17656.6872      -   287 1970s
 18224 16691 18917.9644  215  277          - 17656.6872      -   283 1986s
 18433 16954 19208.6752  339  280          - 17656.6872      -   281 2004s
 18516 16954 19381.0445  405  261          - 17656.6872      -   281 2005s
 18700 17191 19839.7588  555  226          - 17656.6872      -   279 2019s
 18783 17191 20098.2783  621  263          - 17656.6872      -   278 2020s
 18942 17209 21025.5532  739  216          - 17656.8088      -   277 2033s
 18996 17240 17819.2422   35  585          - 17656.8088      -   278 2044s
 19027 17270 17859.8175   42  487          - 17656.8088      -   278 2055s
 19057 17315 17980.7523   49  446          - 17656.8088      -   279 2066s
 19102 17382 18129.4361   54  443          - 17656.8088      -   280 2077s
 19169 17497 18238.6777   64  424          - 17656.8088      -   280 2088s
 19284 17597 18411.9785   85  369          - 17656.8088      -   280 2100s
 19384 17811 18655.4791  119  383          - 17656.8088      -   280 2112s
 19598 17980 18994.5107  210  360          - 17656.8088      -   279 2128s
 19767 18149 19211.5957  275  379          - 17656.8088      -   277 2141s
 19936 18359 19545.9237  329  386          - 17656.8088      -   277 2155s
 20158 18655 20188.9193  391  360          - 17656.9469      -   275 2173s
 20534 18739 17813.5768   36  589          - 17656.9469      -   272 2191s
 20729 18767 17896.6652   41  619          - 17656.9469      -   271 2204s
 20757 18795 17965.8756   43  621          - 17656.9469      -   272 2216s
 20785 18841 18097.8997   47  622          - 17656.9469      -   273 2228s
 20831 18914 18189.2090   61  473          - 17656.9469      -   273 2240s
 20904 19021 18374.5891   86  388          - 17656.9469      -   274 2251s
 21011 19176 18599.5666  107  426          - 17656.9469      -   273 2263s
 21168 19453 18870.5229  193  352          - 17656.9469      -   273 2278s
 21331 19453 19265.6708  345  305          - 17656.9469      -   271 2280s
 21445 19656 19366.8346  361  300          - 17656.9469      -   271 2293s
 21662 19798 20028.0626  384  319          - 17658.5419      -   270 2309s
 21830 19801 17741.2041   32  511          - 17658.5419      -   269 2324s
 21871 19830 17857.8920   41  527          - 17658.5419      -   270 2336s
 21900 19864 17987.1142   45  502          - 17658.5419      -   271 2349s
 21934 19902 18113.2278   53  369          - 17658.5419      -   272 2361s
 21972 19956 18233.0155   62  458          - 17658.5419      -   272 2375s
 22026 20049 18531.7160   75  311          - 17658.5419      -   273 2391s
 22127 20562 18875.9355  110  255          - 17658.5419      -   274 2499s
 22521 20562 19985.4634  457  233          - 17658.5419      -   270 2503s
 22652 20964 19930.1713  527  205          - 17663.2553      -   271 2540s
 23111 21053 17901.5046   27  598          - 17663.2553      -   269 2565s
 23200 21192 18015.5048   36  440          - 17663.2553      -   270 2588s
 23339 21487 18195.3789   56  562          - 17663.2553      -   271 2612s
 23636 22016 18694.5260   95  363          - 17663.2553      -   270 2640s
 23979 22016 20463.3135  508  233          - 17663.2553      -   268 2645s
 24229 22241 19051.9007  215  258          - 17663.2553      -   266 2664s
 24291 22241 19263.8312  244  297          - 17663.2553      -   266 2665s
 24454 22567 19973.5047  369  283          - 17663.2553      -   265 2687s
 24790 22567 22036.5017  460  171          - 17663.2553      -   263 2690s
 24908 22606 23057.4026  497  164          - 17668.0195      -   263 2705s
 24959 22671 17884.0913   42  550          - 17668.0195      -   264 2719s
 25024 22764 17995.2150   45  572          - 17668.0195      -   265 2734s
 25117 22911 18117.5073   46  487          - 17668.0195      -   265 2749s
 25147 22911 18233.2432   66  380          - 17668.0195      -   265 2750s
 25266 23231 18268.2318   62  314          - 17668.0195      -   265 2771s
 25517 23231 20681.9016  392  175          - 17668.0195      -   264 2775s
 25594 23585 18460.0446   66  324          - 17668.0195      -   264 2800s
 25892 23585 22871.8532  600  134          - 17668.0195      -   262 2805s
 25985 23640 18487.0403   76  314          - 17668.0195      -   262 2819s
 26040 23698 18868.5136   86  290          - 17668.0195      -   263 2832s
 26098 23804 18775.6082   98  305          - 17668.0195      -   264 2848s
 26173 23804 18038.1551   50  519          - 17668.0195      -   264 2850s
 26204 23960 18956.7631  120  249          - 17668.0195      -   264 2865s
 26364 24213 19323.7685  167  201          - 17668.0195      -   264 2883s
 26566 24213 18487.3277   94  347          - 17668.0195      -   263 2885s
 26619 24408 20235.1983  319  215          - 17669.8089      -   263 2901s
 26853 24594 17913.2953   38  446          - 17669.8089      -   262 2919s
 27044 24865 17962.7168   46  476          - 17669.8089      -   261 2937s
 27321 25047 18107.8442   53  464          - 17669.8089      -   260 2959s
 27551 25103 18245.1641   67  433          - 17669.8089      -   260 2975s
 27607 25147 18514.3560   93  436          - 17669.8089      -   260 2989s
 27637 25147 17860.2339   41  567          - 17669.8089      -   261 2990s
 27651 25231 18676.1513  107  375          - 17669.8089      -   261 3003s
 27735 25421 18913.1295  148  367          - 17669.8089      -   261 3018s
 27874 25421 18200.5792   54  438          - 17669.8089      -   261 3020s
 27925 25758 19427.0559  257  249          - 17669.8089      -   261 3038s
 28032 25758 19804.1164  325  184          - 17669.8089      -   260 3040s
 28264 26114 20671.1289  414  183          - 17669.8089      -   259 3063s
 28415 26114 21017.6522  496   88          - 17669.8089      -   258 3065s
 28635 26295 22749.0759  518   47          - 17672.4991      -   258 3081s
 28847 26378 17885.7985   32  536          - 17672.4991      -   257 3095s
 28932 26596 17976.3501   36  542          - 17672.4991      -   257 3111s
 29150 26921 18028.0438   50  520          - 17672.4991      -   256 3147s
 29378 26921 21960.5468  558  164          - 17672.4991      -   255 3150s
 29512 26934 18170.8086   65  516          - 17672.4991      -   254 3177s
 29545 27533 18282.2445   68  477          - 17672.4991      -   255 3269s
 29985 27533 19863.7780  402  256          - 17672.4991      -   255 3274s
 30152 28021 20095.6764  405  226          - 17672.4991      -   256 3381s
 30419 28021 22188.4646  572  127          - 17672.4991      -   255 3385s
 30676 28624 22464.6258  600  145          - 17673.9071      -   254 3426s
 30958 28624 25243.6471  745  110          - 17673.9071      -   253 3430s
 31348 28802 17887.3825   30  685          - 17673.9071      -   252 3460s
 31575 28835 18076.5453   36  622          - 17673.9071      -   251 3484s
 31608 28882 18063.0483   43  575          - 17673.9071      -   252 3506s
 31655 28953 18185.7487   52  612          - 17673.9071      -   253 3527s
 31726 29038 18437.4995   74  456          - 17673.9071      -   254 3548s
 31811 29216 18689.6133   92  353          - 17673.9071      -   254 3571s
 31989 29526 19130.6574  165  284          - 17673.9071      -   254 3595s
 32299 29565 19914.5305  299  255          - 17673.9071      -   254 3600s

Cutting planes:
  User: 8042
  Gomory: 54
  Cover: 702
  Implied bound: 23
  Projected implied bound: 55
  Clique: 13
  MIR: 506
  StrongCG: 1
  Flow cover: 1006
  Zero half: 28
  Network: 2
  RLT: 555
  Relax-and-lift: 14

Explored 32338 nodes (8228497 simplex iterations) in 3600.51 seconds
Thread count was 2 (of 32 available processors)

Solution count 0

Time limit reached
Best objective -, best bound 1.767390713259e+04, gap -

User-callback calls 429684, time in user-callback 298.26 sec
================================================================================
executing instance: ./input/Instances/Original/6/absH6high_1n20.dat
--------------------------------------------------------------------------------
Instance details
n	21
H	6
C	1651
Li:
[0, 0, 0, 0, 0, 0, 0, 0, 0, 0, 0, 0, 0, 0, 0, 0, 0, 0, 0, 0, 0, ]
Ui:
[0, 36, 182, 182, 90, 261, 117, 30, 110, 42, 276, 153, 40, 94, 144, 46, 129, 213, 264, 160, 174, ]
Distance matrix:
|0	371	401	343	361	341	370	115	392	400	79	266	292	245	355	431	265	194	95	92	348	|
|371	0	37	141	110	250	117	438	67	131	372	305	115	238	247	255	235	296	392	430	185	|
|401	37	0	175	100	284	146	472	90	156	406	342	152	275	280	282	242	333	415	455	178	|
|343	141	175	0	239	110	38	374	95	60	314	182	67	130	106	127	318	201	397	423	303	|
|361	110	100	239	0	341	222	451	177	240	385	374	190	304	341	361	151	345	354	398	78	|
|341	250	284	110	341	0	143	337	203	151	289	102	152	97	15	95	394	156	415	431	398	|
|370	117	146	38	222	143	0	407	61	30	346	220	81	167	137	139	317	237	417	447	292	|
|115	438	472	374	451	337	407	0	443	434	66	241	339	251	351	431	374	181	201	177	450	|
|392	67	90	95	177	203	61	443	0	66	379	275	104	216	197	193	294	283	427	461	252	|
|400	131	156	60	240	151	30	434	66	0	374	237	112	189	142	127	344	261	448	477	312	|
|79	372	406	314	385	289	346	66	379	374	0	202	275	197	304	383	316	134	175	166	388	|
|266	305	342	182	374	102	220	241	275	237	202	0	191	70	117	196	386	73	352	359	415	|
|292	115	152	67	190	152	81	339	104	112	275	191	0	123	154	193	252	183	336	366	246	|
|245	238	275	130	304	97	167	251	216	189	197	70	123	0	110	187	322	72	319	334	346	|
|355	247	280	106	341	15	137	351	197	142	304	117	154	110	0	80	399	171	427	444	400	|
|431	255	282	127	361	95	139	431	193	127	383	196	193	187	80	0	444	251	499	519	429	|
|265	235	242	318	151	394	317	374	294	344	316	386	252	322	399	444	0	332	226	273	97	|
|194	296	333	201	345	156	237	181	283	261	134	73	183	72	171	251	332	0	279	286	375	|
|95	392	415	397	354	415	417	201	427	448	175	352	336	319	427	499	226	279	0	47	321	|
|92	430	455	423	398	431	447	177	461	477	166	359	366	334	444	519	273	286	47	0	368	|
|348	185	178	303	78	398	292	450	252	312	388	415	246	346	400	429	97	375	321	368	0	|

--------------------------------------------------------------------------------
Building model...
	using lazy and cut (CVRPSEP package)
Solving IRP LP...
--------------------------------------------------------------------------------

Gurobi 9.1.0 (linux64) logging started Sun Jan 10 14:56:58 2021

Gurobi Optimizer version 9.1.0 build v9.1.0rc0 (linux64)
Thread count: 32 physical cores, 32 logical processors, using up to 2 threads
Optimize a model with 1677 rows, 7677 columns and 20139 nonzeros
Model fingerprint: 0x00f99b4f
Variable types: 747 continuous, 6930 integer (630 binary)
Coefficient statistics:
  Matrix range     [1e+00, 3e+02]
  Objective range  [1e-01, 5e+02]
  Bounds range     [1e+00, 3e+02]
  RHS range        [1e+01, 3e+03]
Presolve removed 147 rows and 21 columns
Presolve time: 0.05s
Presolved: 1530 rows, 7656 columns, 18871 nonzeros
Variable types: 726 continuous, 6930 integer (6330 binary)

Root relaxation: objective 1.423789e+04, 3343 iterations, 0.12 seconds

    Nodes    |    Current Node    |     Objective Bounds      |     Work
 Expl Unexpl |  Obj  Depth IntInf | Incumbent    BestBd   Gap | It/Node Time

     0     0 14237.8872    0  210          - 14237.8872      -     -    0s
     0     0 14468.8464    0  289          - 14468.8464      -     -    0s
     0     0 14490.6925    0  254          - 14490.6925      -     -    0s
     0     0 14491.0276    0  268          - 14491.0276      -     -    0s
     0     0 14491.0276    0  269          - 14491.0276      -     -    0s
     0     0 14642.9769    0  309          - 14642.9769      -     -    1s
     0     0 14707.4123    0  325          - 14707.4123      -     -    1s
     0     0 14752.0588    0  299          - 14752.0588      -     -    1s
     0     0 14770.4833    0  368          - 14770.4833      -     -    1s
     0     0 14773.8164    0  368          - 14773.8164      -     -    1s
     0     0 14775.9296    0  392          - 14775.9296      -     -    1s
     0     0 14776.2986    0  384          - 14776.2986      -     -    1s
     0     0 14776.3438    0  388          - 14776.3438      -     -    1s
     0     0 14931.7968    0  409          - 14931.7968      -     -    2s
     0     0 14997.8744    0  399          - 14997.8744      -     -    2s
     0     0 15000.7300    0  416          - 15000.7300      -     -    2s
     0     0 15001.2476    0  401          - 15001.2476      -     -    2s
     0     0 15124.9580    0  431          - 15124.9580      -     -    3s
     0     0 15140.5991    0  478          - 15140.5991      -     -    3s
     0     0 15144.7429    0  398          - 15144.7429      -     -    3s
     0     0 15146.9559    0  435          - 15146.9559      -     -    3s
     0     0 15147.0271    0  440          - 15147.0271      -     -    3s
     0     0 15208.8535    0  471          - 15208.8535      -     -    4s
     0     0 15212.8308    0  444          - 15212.8308      -     -    4s
     0     0 15213.9130    0  490          - 15213.9130      -     -    4s
     0     0 15268.6597    0  497          - 15268.6597      -     -    5s
     0     0 15273.7033    0  467          - 15273.7033      -     -    5s
     0     0 15274.6830    0  496          - 15274.6830      -     -    5s
     0     0 15290.3483    0  418          - 15290.3483      -     -    5s
     0     0 15293.2573    0  460          - 15293.2573      -     -    5s
     0     0 15297.4648    0  449          - 15297.4648      -     -    6s
     0     0 15298.0906    0  463          - 15298.0906      -     -    6s
     0     0 15299.4553    0  561          - 15299.4553      -     -    6s
     0     0 15299.4553    0  494          - 15299.4553      -     -    6s
     0     2 15300.2777    0  486          - 15300.2777      -     -    8s
     5     8 15340.6522    2  519          - 15319.1015      -  1086   11s
    15    18 15394.9587    5  405          - 15347.9283      -  1190   15s
    31    34 15476.8563    9  475          - 15347.9283      -  1451   20s
    57    61 15601.0358   18  430          - 15347.9283      -  1243   25s
    83    89 15653.7321   26  494          - 15347.9283      -  1162   30s
   124   131 15799.3719   40  340          - 15347.9283      -  1026   36s
   160   173 16132.4974   54  358          - 15347.9283      -   937   40s
   227   251 16562.9564   81  267          - 15347.9283      -   766   45s
   288   302 17246.4285  110  281          - 15347.9283      -   682   50s
   394   442 18873.8453  162  235          - 15347.9283      -   583   56s
   495   534 20558.8728  214  165          - 15347.9283      -   500   60s
   557   579 22023.6001  247   98          - 15357.5577      -   458   65s
   634   611 15564.8294    8  588          - 15357.5577      -   437   72s
   674   663 15582.7772   10  582          - 15357.5577      -   437   76s
   763   714 15752.7417   15  490          - 15357.5577      -   413   81s
   788   721 18718.3596  161  494          - 15357.5577      -   431   86s
   796   726 19381.4348  162  630          - 15415.2254      -   427   90s
   813   738 15859.1555   39  759          - 15511.7849      -   418   95s
