




arguments: ./build/mirp_solver -f ./input/orig_exec_113.cfg
Current dir: /scratch/gui/bnc_mirp
File verbosity level: 9
date       time         ( uptime  ) [ thread name/id ]                   file:line     v| 
2021-01-09 22:28:31.430 (   0.064s) [main thread     ]             loguru.cpp:789   INFO| Logging to './output/vi_qua/OU/V5/Original/execution_09_01_2021_22_28_31.log', mode: 'a', verbosity: 9
--------------------------------------------------------------------------------
Parameters
                           instance_path           ./input/Instances/Original/3/
                            model_policy                                       1
                             nb_vehicles                                       5
                              output_dir         ./output/vi_qua/OU/V5/Original/
                            sec_strategy                                       1
                       solver_nb_threads                                       2
                         solver_show_log                                    true
                       solver_time_limit                                    3600
                              use_vi_cos                                   false
                              use_vi_cus                                   false
                         use_vi_hc1_full                                   false
                         use_vi_hc1_half                                   false
                      use_vi_hc1_quarter                                   false
                              use_vi_hc2                                   false
                              use_vi_hc3                                   false
                         use_vi_lex_full                                   false
                         use_vi_lex_half                                   false
                      use_vi_lex_quarter                                   false
                              use_vi_qua                                    true
                               use_vi_vc                                   false
                               use_vi_vr                                   false
--------------------------------------------------------------------------------
executing instance: ./input/Instances/Original/3/absH3low_2n5.dat
--------------------------------------------------------------------------------
Instance details
n	6
H	3
C	237
Li:
[0, 0, 0, 0, 0, 0, ]
Ui:
[0, 93, 180, 51, 114, 24, ]
Distance matrix:
|0	170	318	35	112	235	|
|170	0	311	205	258	301	|
|318	311	0	326	278	137	|
|35	205	326	0	89	230	|
|112	258	278	89	0	160	|
|235	301	137	230	160	0	|

--------------------------------------------------------------------------------
Building model...
	using lazy and cut (CVRPSEP package)
Solving IRP LP...
--------------------------------------------------------------------------------

Gurobi 9.1.0 (linux64) logging started Sat Jan  9 22:28:31 2021

Gurobi Optimizer version 9.1.0 build v9.1.0rc0 (linux64)
Thread count: 32 physical cores, 32 logical processors, using up to 2 threads
Optimize a model with 249 rows, 414 columns and 1425 nonzeros
Model fingerprint: 0xda7cb8eb
Variable types: 99 continuous, 315 integer (90 binary)
Coefficient statistics:
  Matrix range     [1e+00, 2e+02]
  Objective range  [1e-02, 3e+02]
  Bounds range     [1e+00, 2e+02]
  RHS range        [1e+01, 5e+02]
Presolve removed 24 rows and 33 columns
Presolve time: 0.01s

Explored 0 nodes (0 simplex iterations) in 0.01 seconds
Thread count was 1 (of 32 available processors)

Solution count 0

Model is infeasible
Best objective -, best bound -, gap -

User-callback calls 34, time in user-callback 0.00 sec

Computing Irreducible Inconsistent Subsystem (IIS)...

           Constraints          |            Bounds           |  Runtime
      Min       Max     Guess   |   Min       Max     Guess   |
--------------------------------------------------------------------------
        0       249         -         0       569         -           0s
       36        36         -        61        61         -           1s

IIS computed: 36 constraints, 61 bounds
IIS runtime: 0.58 seconds
================================================================================
executing instance: ./input/Instances/Original/3/absH3high_5n30.dat
--------------------------------------------------------------------------------
Instance details
n	31
H	3
C	2296
Li:
[0, 0, 0, 0, 0, 0, 0, 0, 0, 0, 0, 0, 0, 0, 0, 0, 0, 0, 0, 0, 0, 0, 0, 0, 0, 0, 0, 0, 0, 0, 0, ]
Ui:
[0, 80, 90, 297, 28, 264, 123, 192, 112, 32, 72, 88, 294, 129, 126, 105, 110, 237, 246, 92, 72, 147, 54, 96, 128, 96, 84, 28, 74, 196, 192, ]
Distance matrix:
|0	87	302	65	389	171	219	120	412	339	129	63	169	401	383	158	393	161	246	275	64	287	345	235	13	274	106	201	85	358	135	|
|87	0	334	128	402	212	301	204	465	384	187	145	232	424	454	238	475	245	289	352	80	307	352	321	81	352	20	261	170	376	215	|
|302	334	0	239	113	132	237	334	157	70	404	263	162	105	227	229	339	251	65	217	259	53	107	352	293	220	339	134	270	75	235	|
|65	128	239	0	330	107	175	130	348	275	174	40	107	339	326	114	351	125	181	224	58	228	290	222	58	224	143	138	65	297	92	|
|389	402	113	330	0	226	349	438	210	151	502	360	269	48	316	339	441	362	175	328	335	102	55	465	377	330	401	245	371	37	342	|
|171	212	132	107	226	0	169	214	253	173	276	134	64	233	261	130	326	153	77	188	133	125	192	264	162	190	220	68	145	193	125	|
|219	301	237	175	349	169	0	157	257	223	244	157	105	334	180	62	175	61	177	63	233	264	334	118	221	61	317	112	136	312	85	|
|120	204	334	130	438	214	157	0	402	348	88	90	173	438	336	115	307	100	269	220	172	338	406	122	130	218	224	204	69	403	101	|
|412	465	157	348	210	253	257	402	0	88	486	359	245	166	129	287	266	303	178	204	386	208	239	370	406	207	473	212	354	187	304	|
|339	384	70	275	151	173	223	348	88	0	427	291	179	120	166	234	290	254	96	187	306	123	166	342	332	190	391	145	291	119	247	|
|129	187	404	174	502	276	244	88	486	427	0	142	248	508	424	200	390	187	342	308	193	400	464	192	142	306	207	281	136	469	182	|
|63	145	263	40	360	134	157	90	359	291	142	0	114	366	321	95	331	99	202	212	90	258	323	186	65	211	163	148	27	327	72	|
|169	232	162	107	269	64	105	173	245	179	248	114	0	266	222	71	268	94	97	131	155	173	244	203	164	132	245	34	113	233	73	|
|401	424	105	339	48	233	334	438	166	120	508	366	266	0	280	332	409	355	169	305	353	117	96	452	391	308	425	237	374	49	339	|
|383	454	227	326	316	261	180	336	129	166	424	321	222	280	0	231	137	238	208	116	376	277	331	272	381	118	467	197	307	285	253	|
|158	238	229	114	339	130	62	115	287	234	200	95	71	332	231	0	238	23	164	118	171	243	314	134	159	117	255	95	77	302	23	|
|393	475	339	351	441	326	175	307	266	290	390	331	268	409	137	238	0	232	300	138	408	383	445	204	395	136	492	258	308	406	260	|
|161	245	251	125	362	153	61	100	303	254	187	99	94	355	238	23	232	0	187	123	183	267	338	111	164	121	262	117	77	325	34	|
|246	289	65	181	175	77	177	269	178	96	342	202	97	169	208	164	300	187	0	168	210	87	157	290	238	171	296	70	206	138	170	|
|275	352	217	224	328	188	63	220	204	187	308	212	131	305	116	118	138	123	168	0	279	255	322	166	275	3	367	120	195	291	141	|
|64	80	259	58	335	133	233	172	386	306	193	90	155	353	376	171	408	183	210	279	0	236	289	276	51	279	90	182	117	307	150	|
|287	307	53	228	102	125	264	338	208	123	400	258	173	117	277	243	383	267	87	255	236	0	71	374	276	257	308	153	270	71	245	|
|345	352	107	290	55	192	334	406	239	166	464	323	244	96	331	314	445	338	157	322	289	71	0	445	334	325	350	224	337	54	315	|
|235	321	352	222	465	264	118	122	370	342	192	186	203	452	272	134	204	111	290	166	276	374	445	0	243	164	341	221	159	428	142	|
|13	81	293	58	377	162	221	130	406	332	142	65	164	391	381	159	395	164	238	275	51	276	334	243	0	274	100	196	89	347	136	|
|274	352	220	224	330	190	61	218	207	190	306	211	132	308	118	117	136	121	171	3	279	257	325	164	274	0	367	122	194	294	140	|
|106	20	339	143	401	220	317	224	473	391	207	163	245	425	467	255	492	262	296	367	90	308	350	341	100	367	0	272	188	377	232	|
|201	261	134	138	245	68	112	204	212	145	281	148	34	237	197	95	258	117	70	120	182	153	224	221	196	122	272	0	146	208	103	|
|85	170	270	65	371	145	136	69	354	291	136	27	113	374	307	77	308	77	206	195	117	270	337	159	89	194	188	146	0	337	54	|
|358	376	75	297	37	193	312	403	187	119	469	327	233	49	285	302	406	325	138	291	307	71	54	428	347	294	377	208	337	0	306	|
|135	215	235	92	342	125	85	101	304	247	182	72	73	339	253	23	260	34	170	141	150	245	315	142	136	140	232	103	54	306	0	|

--------------------------------------------------------------------------------
Building model...
	using lazy and cut (CVRPSEP package)
Solving IRP LP...
--------------------------------------------------------------------------------

Gurobi 9.1.0 (linux64) logging started Sat Jan  9 22:28:32 2021

Gurobi Optimizer version 9.1.0 build v9.1.0rc0 (linux64)
Thread count: 32 physical cores, 32 logical processors, using up to 2 threads
Optimize a model with 1249 rows, 8014 columns and 19600 nonzeros
Model fingerprint: 0xbe7a1551
Variable types: 574 continuous, 7440 integer (465 binary)
Coefficient statistics:
  Matrix range     [1e+00, 5e+02]
  Objective range  [1e-01, 5e+02]
  Bounds range     [1e+00, 3e+02]
  RHS range        [1e+01, 4e+03]
Presolve removed 115 rows and 22 columns
Presolve time: 0.04s
Presolved: 1134 rows, 7992 columns, 18101 nonzeros
Variable types: 552 continuous, 7440 integer (6990 binary)

Root relaxation: objective 9.113521e+03, 1591 iterations, 0.05 seconds

    Nodes    |    Current Node    |     Objective Bounds      |     Work
 Expl Unexpl |  Obj  Depth IntInf | Incumbent    BestBd   Gap | It/Node Time

     0     0 9113.52057    0  107          - 9113.52057      -     -    0s
     0     0 9408.22952    0  104          - 9408.22952      -     -    0s
     0     0 9427.84101    0  112          - 9427.84101      -     -    0s
     0     0 9429.59432    0  137          - 9429.59432      -     -    0s
     0     0 9441.34980    0  112          - 9441.34980      -     -    0s
     0     0 9443.03259    0  104          - 9443.03259      -     -    0s
     0     0 9443.35429    0  109          - 9443.35429      -     -    0s
     0     0 9593.59206    0  175          - 9593.59206      -     -    0s
     0     0 9715.47287    0  175          - 9715.47287      -     -    0s
     0     0 9715.49311    0  179          - 9715.49311      -     -    0s
     0     0 9874.07566    0  222          - 9874.07566      -     -    1s
     0     0 9876.74799    0  221          - 9876.74799      -     -    1s
     0     0 9876.83423    0  221          - 9876.83423      -     -    1s
     0     0 9973.47453    0  250          - 9973.47453      -     -    1s
     0     0 9980.77882    0  253          - 9980.77882      -     -    1s
     0     0 9980.92934    0  243          - 9980.92934      -     -    1s
     0     0 10025.9105    0  241          - 10025.9105      -     -    1s
     0     0 10037.7969    0  222          - 10037.7969      -     -    1s
     0     0 10039.4742    0  232          - 10039.4742      -     -    1s
     0     0 10039.9207    0  223          - 10039.9207      -     -    1s
     0     0 10078.0806    0  248          - 10078.0806      -     -    2s
     0     0 10080.5926    0  306          - 10080.5926      -     -    2s
     0     0 10080.9453    0  319          - 10080.9453      -     -    2s
     0     0 10087.3807    0  314          - 10087.3807      -     -    2s
     0     0 10087.3807    0  293          - 10087.3807      -     -    3s
     0     2 10093.3954    0  286          - 10093.3954      -     -    4s
     7    10 10093.3954    3  348          - 10093.3954      -   373    5s
    76    81 10274.7994   25  180          - 10093.3954      -   341   10s
   160   172 10539.4684   49  204          - 10093.3954      -   295   15s
   337   366 11609.4875   88  162          - 10093.3954      -   219   20s
   609   641 13336.1353  155   51          - 10093.3954      -   160   25s
   711   679 10301.6494   13  224          - 10093.3954      -   175   30s
   742   696 12704.7261  132  422          - 10126.5537      -   177   35s
   766   712 13629.5711  161  354          - 10153.3411      -   171   40s
   790   728 13549.0137  198  453          - 10157.6324      -   166   45s
   811   742 12298.8628  132  310          - 10160.9706      -   161   50s
   836   760 12632.9237  114  341          - 10161.3712      -   179   55s
   845   769 10163.7171   21  376          - 10163.7171      -   190   63s
   847   771 10164.4622   22  358          - 10164.4622      -   190   66s
   853   775 10187.3885   23  378          - 10166.1701      -   192   70s
   884   797 10238.8904   31  293          - 10183.2414      -   202   75s
   927   827 10330.5505   40  236          - 10183.2414      -   211   80s
   983   869 10477.7259   53  234          - 10183.2414      -   217   85s
  1041   927 10716.7852   67  237          - 10183.2414      -   223   90s
  1153  1003 11051.2925   92  147          - 10183.2414      -   216   95s
  1284  1112 11748.6789  116  179          - 10183.2414      -   209  100s
  1503  1200 12359.2856  143  159          - 10183.2414      -   192  105s
  1619  1333 13781.3084  194   57          - 10183.2414      -   191  111s
  1799  1359 10322.5019   29  373          - 10187.3885      -   183  115s
  1842  1397 10455.6717   39  260          - 10187.3885      -   187  120s
  1913  1453 10539.6645   62  215          - 10187.3885      -   190  126s
  1962  1490 10640.1256   82  230          - 10187.3885      -   191  131s
  2057  1562 10867.2830  111  147          - 10187.3885      -   190  136s
  2153  1637 11087.2688  141  179          - 10187.3885      -   188  140s
  2260  1754 11400.6093  188  206          - 10187.3885      -   186  145s
  2480  1941 13016.8741  291  127          - 10187.3885      -   176  151s
  2628  1996 14532.9674  323   89          - 10187.3885      -   171  155s
  2876  1995 10501.1266   29  256          - 10187.3885      -   166  161s
  2957  1993 10615.2620   45  193          - 10187.3885      -   167  167s
  2986  2058 10735.4460   53  163          - 10187.3885      -   169  172s
  3035  2151 11316.0692   74  108          - 10187.3885      -   169  175s
  3225  2290 13088.0548  186   88          - 10193.5677      -   165  182s
  3341  2305 10282.9778   25  376          - 10193.5677      -   162  185s
  3373  2338 10356.8756   32  282          - 10193.5677      -   166  190s
  3418  2391 10367.2398   35  302          - 10193.5677      -   168  196s
  3474  2464 10460.6190   46  284          - 10193.5677      -   171  201s
  3517  2541 10510.7218   46  305          - 10193.5677      -   172  205s
  3682  2672 12434.4905  157   87          - 10193.5677      -   169  210s
  3879  2794 11191.1074   69  184          - 10193.5677      -   166  218s
  3919  2829 10965.9356   75  165          - 10193.5677      -   166  222s
  3954  2871 11163.5632   85  176          - 10193.5677      -   167  225s
  4067  3056 12252.7509  107  126          - 10193.5677      -   168  233s
  4185  3243 13173.4899  142   94          - 10193.5677      -   167  238s
  4388  3319 14429.4347  223   88          - 10194.0523      -   163  243s
  4504  3401 10530.2380   31  317          - 10194.0523      -   161  248s
  4598  3535 10666.4092   35  295          - 10194.0523      -   161  253s
  4791  3565 10770.3656   38  294          - 10194.0523      -   158  258s
  4821  3583 infeasible   45               - 10194.0523      -   159  262s
  4847  3638 10990.7226   51  194          - 10194.0523      -   161  266s
  4902  3737 11194.5392   77  138          - 10194.0523      -   161  272s
  5001  4060 11386.2817  132   91          - 10194.0523      -   160  280s
  5440  4135 infeasible  358               - 10207.5666      -   152  287s
  5519  4295 10499.2955   39  226          - 10207.5666      -   152  293s
  5681  4357 10658.8918   48  143          - 10207.5666      -   151  299s
  5777  4480 11040.6068   72  126          - 10207.5666      -   151  304s
  5819  4480 11051.8000  104  119          - 10207.5666      -   150  305s
  5903  4642 11432.4699  142   70          - 10207.5666      -   150  312s
  6085  4916 infeasible  208               - 10208.0178      -   148  319s
  6383  4932 10579.1653   34  226          - 10208.0178      -   145  329s
  6414  4968 10602.3730   44  261          - 10208.0178      -   145  334s
  6450  5015 10744.9879   53  214          - 10208.0178      -   146  339s
  6497  5095 10878.8672   65  143          - 10208.0178      -   147  345s
  6577  5415 11267.8700   91  148          - 10208.0178      -   148  352s
  6947  5584 14092.6439  210   65          - 10211.3068      -   144  362s
  7190  5613 10392.3399   30  354          - 10213.7167      -   142  368s
  7218  5665 10570.4877   40  241          - 10213.7167      -   143  374s
  7252  5665 10508.3478   32  362          - 10213.7167      -   143  375s
  7270  5806 10898.0187   58  117          - 10213.7167      -   144  382s
  7413  6080 11426.4369  100   65          - 10215.0405      -   145  391s
  7771  6130 10461.4804   37  366          - 10217.3997      -   142  399s
  7821  6230 10629.1362   49  217          - 10217.3997      -   143  409s
  7921  6529 10886.6199   71  131          - 10217.3997      -   144  418s
  8228  6771 12063.4734  182   56          - 10218.1069      -   142  427s
  8528  6837 10699.6366   37  340          - 10218.1069      -   140  436s
  8593  6931 10882.7890   52  204          - 10218.1069      -   141  443s
  8687  7246 11147.3298   70  141          - 10218.1069      -   142  454s
  8813  7246 11580.4875  149   44          - 10218.1069      -   141  455s
  9027  7413 12558.8086  169   39          - 10252.3956      -   140  463s
  9234  7499 10494.7240   42  217          - 10253.2939      -   139  471s
  9322  7714 10965.5190   82  122          - 10257.9323      -   140  480s
  9549  7944 10605.4275   39  328          - 10257.9323      -   139  491s
  9839  7986 10676.2093   62  263          - 10257.9323      -   138  500s
  9881  8146 10934.0356   75  189          - 10257.9323      -   139  508s
 10029  8146 11069.8059   71   68          - 10257.9323      -   139  510s
 10041  8474 11303.4373  134   86          - 10263.1452      -   139  518s
 10429  8525 10532.4240   37  329          - 10263.1452      -   137  526s
 10484  8813 10941.1435   56   93          - 10263.1452      -   138  536s
 10776  9146 12517.0004  184   22          - 10265.7952      -   137  549s
 10819  9146 12756.8501  195   33          - 10265.7952      -   137  550s
 11211  9326 10614.1420   35  284          - 10265.8185      -   135  560s
 11374  9627 11026.9096  139   35          - 10266.1882      -   135  569s
 11705  9703 10686.5264   42  297          - 10266.1882      -   133  577s
 11795  9725 10743.8587   55  270          - 10266.1882      -   134  618s
 11817  9918 10797.5220   60  113          - 10266.3224      -   134  627s
 12042 10041 10454.9382   35  345          - 10266.3224      -   134  636s
 12165 10393 10671.1512   48  236          - 10266.3224      -   135  647s
 12549 10493 10957.1351   63  162          - 10266.3224      -   134  657s
 12653 10735 11222.3004   98   50          - 10266.5961      -   134  668s
 12913 10753 15001.5500  222    -          - 10266.5961      -   133  670s
 12992 10954 10399.2695   34  405          - 10266.5961      -   133  680s
 13201 11031 10648.4014   47  243          - 10266.5961      -   133  689s
 13244 11031 11132.8038   69  134          - 10266.5961      -   134  690s
 13284 11605 11319.4315   77   68          - 10266.8655      -   134  702s
 13838 11617 11848.8916  209    9          - 10266.8655      -   131  705s
 13939 11712 10773.8051   42  234          - 10266.8655      -   131  712s
 14034 11947 11119.0076   79  126          - 10267.7075      -   131  721s
 14297 12074 10581.8070   37  297          - 10267.7075      -   131  731s
 14450 12446 10922.5301   60  141          - 10271.3513      -   132  742s
 14864 12561 10562.3875   30  332          - 10271.3513      -   130  753s
 15020 12634 10835.0352   39  320          - 10271.3513      -   130  761s
 15093 12775 10995.3744   56  236          - 10271.3513      -   131  770s
 15262 12951 11391.9484   97  103          - 10271.3513      -   131  779s
 15346 12951 11758.4205  134  113          - 10271.3513      -   131  780s
 15439 13209 12003.2610  180   77          - 10280.8501      -   131  788s
 15611 13209 13401.7845  278   28          - 10280.8501      -   130  790s
 15759 13351 10704.1276   30  292          - 10280.8501      -   131  798s
 15923 13482 11104.1800   42  112          - 10280.8501      -   131  807s
 16054 13726 11596.5329   93   96          - 10281.0046      -   131  816s
 16324 14050 10819.5035   48  255          - 10281.0046      -   131  827s
 16657 14058 12411.9905  168   55          - 10281.0046      -   130  830s
 16684 14117 12654.4814  193   44          - 10284.8631      -   130  837s
 16767 14237 10636.8164   45  312          - 10284.8631      -   131  846s
 16887 14461 11002.0576   58  236          - 10284.8631      -   132  855s
 17162 14747 11256.9586   72  152          - 10284.8631      -   131  865s
 17450 14911 12201.1789  227   68          - 10286.3911      -   131  875s
 17634 15141 10576.1378   42  296          - 10286.3911      -   131  884s
 17917 15202 10729.3854   50  205          - 10286.3911      -   130  893s
 17978 15350 11029.4706   70  176          - 10286.3911      -   131  902s
 18126 15617 11870.9692  133   73          - 10287.1488      -   131  911s
 18454 15658 10631.6032   42  281          - 10289.2995      -   131  920s
 18495 15963 10725.4365   55  198          - 10289.2995      -   131  930s
 18848 16035 10606.2618   37  360          - 10289.2995      -   130  940s
 18920 16247 10818.0199   46  274          - 10289.2995      -   131  950s
 19152 16414 11192.3209   57  142          - 10289.2995      -   131  960s
 19319 16547 12120.9897  153   52          - 10291.2076      -   131  970s
 19502 16650 10730.9955   47  211          - 10291.2076      -   131  979s
 19599 16650 10932.9291   69  107          - 10291.2076      -   132  980s
 19605 16943 11212.6442   75  118          - 10292.5849      -   132  989s
 19950 17193 10655.1559   47  289          - 10292.5849      -   131 1000s
 20251 17392 11213.1869   96  131          - 10293.3399      -   131 1011s
 20495 17433 10523.1882   36  360          - 10293.3399      -   131 1020s
 20538 17540 10763.8531   44  278          - 10293.3399      -   132 1028s
 20651 17824 11036.6522   52  143          - 10293.3399      -   132 1038s
 20940 17824 13016.1467  198   32          - 10293.3399      -   132 1040s
 20976 17956 11638.3858  140   19          - 10293.5069      -   132 1048s
 21131 18057 10850.8367   52  255          - 10293.5069      -   132 1056s
 21229 18291 10982.7935   69  245          - 10293.5069      -   132 1066s
 21486 18550 11425.0541   85  204          - 10296.1019      -   132 1077s
 21781 18634 10611.4443   40  321          - 10296.1019      -   131 1087s
 21865 18951 11124.1735   62   75          - 10296.1019      -   132 1096s
 22284 19039 10703.5830   43  330          - 10296.9849      -   131 1106s
 22353 19218 10937.6498   59  132          - 10297.0220      -   132 1115s
 22555 19490 10637.0243   35  289          - 10297.0220      -   132 1124s
 22591 19490 11539.7478   85  106          - 10297.0220      -   132 1125s
 22881 19700 11086.5045   55  105          - 10297.9280      -   131 1136s
 23123 19787 10597.8132   33  369          - 10297.9280      -   131 1144s
 23170 19787 11263.2505   59   71          - 10297.9280      -   131 1145s
 23209 20224 11304.8571   61  131          - 10299.8382      -   132 1155s
 23723 20279 10571.9135   45  357          - 10300.0561      -   130 1165s
 23761 20363 10659.7194   50  257          - 10300.0561      -   131 1173s
 23847 20743 11282.4644   80  130          - 10301.7421      -   132 1184s
 23980 20743 12601.0292  153   43          - 10301.7421      -   131 1185s
 24326 20803 10648.5586   46  299          - 10303.1641      -   131 1194s
 24368 20945 10868.1511   59  184          - 10303.1641      -   131 1202s
 24510 21305 11463.5781  106   45          - 10303.3852      -   132 1211s
 24965 21360 10511.2927   33  342          - 10303.5936      -   130 1221s
 25020 21639 10734.5644   42  308          - 10303.5936      -   131 1230s
 25347 21735 11120.2815   60  244          - 10303.5936      -   130 1239s
 25390 21735 11463.7408   82  134          - 10303.5936      -   131 1240s
 25427 21946 11418.9902   94  141          - 10305.7609      -   131 1248s
 25654 21946 infeasible  184               - 10305.7609      -   130 1250s
 25694 22108 10431.6369   31  406          - 10305.7609      -   131 1258s
 25856 22206 10525.3102   38  379          - 10305.7609      -   131 1267s
 25966 22274 10811.5597   48  254          - 10305.7609      -   131 1276s
 26034 22534 11082.2325   65  163          - 10310.5554      -   131 1286s
 26326 22651 10408.6344   32  394          - 10310.5554      -   131 1296s
 26459 22709 10609.2258   42  225          - 10310.5554      -   132 1304s
 26517 22828 10848.0507   59  145          - 10310.5554      -   132 1312s
 26636 23021 11365.7103   82   26          - 10313.0560      -   132 1321s
 26881 23161 10566.1734   38  392          - 10313.0560      -   132 1331s
 27043 23209 10660.2180   46  227          - 10313.0560      -   132 1339s
 27088 23284 10863.4682   57  223          - 10313.0560      -   133 1348s
 27165 23655 11068.7526   70  226          - 10313.0560      -   133 1358s
 27407 23655 11839.3487  115   70          - 10313.0560      -   133 1360s
 27554 23696 12389.7104  144   61          - 10317.8493      -   133 1368s
 27609 23763 10707.3223   39  308          - 10317.8493      -   133 1375s
 27676 24211 11030.6357   62  116          - 10319.2376      -   134 1387s
 28226 24277 10477.3989   43  440          - 10319.6797      -   132 1399s
 28274 24367 10742.6659   53  202          - 10319.6797      -   133 1407s
 28364 24625 11209.3899   96  140          - 10319.7008      -   133 1417s
 28694 24804 10612.7113   36  311          - 10319.7008      -   133 1428s
 28888 24886 10937.9715   56  201          - 10319.7008      -   133 1437s
 28970 25087 11370.7363   84   72          - 10323.6644      -   133 1446s
 29191 25191 10635.1540   36  364          - 10323.6644      -   133 1455s
 29297 25604 11191.9079   52   46          - 10323.6845      -   134 1466s
 29819 25698 10717.3160   34  288          - 10326.0262      -   133 1477s
 29886 25863 10853.2810   44  235          - 10326.0262      -   133 1486s
 30108 26099 11167.6894   56   48          - 10326.0262      -   133 1496s
 30326 26253 13201.6658  171   33          - 10329.4068      -   133 1508s
 30524 26437 10735.7843   38  239          - 10329.4068      -   133 1517s
 30712 26642 11086.9010   61  167          - 10329.4068      -   133 1528s
 30922 26912 12053.4479  131   22          - 10329.8759      -   133 1539s
 31055 26912 11589.2385  107   89          - 10330.5545      -   133 1540s
 31240 26954 10618.0350   45  283          - 10330.5545      -   133 1548s
 31284 27049 10998.8897   57  192          - 10330.5545      -   133 1557s
 31379 27233 11300.5560   84   91          - 10330.5677      -   134 1568s
 31593 27372 10498.2326   42  351          - 10330.5677      -   134 1578s
 31725 27503 10809.4189   54  248          - 10330.5677      -   134 1587s
 31874 27743 11202.3763   82  119          - 10331.3075      -   134 1597s
 32133 27823 10695.9913   47  377          - 10331.3075      -   134 1606s
 32248 27988 11056.4301   61  270          - 10331.3075      -   134 1615s
 32407 28221 11346.7702   77  189          - 10332.8904      -   135 1625s
 32732 28311 10526.8974   31  355          - 10333.6164      -   134 1634s
 32787 28429 10782.3518   49  273          - 10333.6164      -   135 1642s
 32905 28544 10951.5879   60  222          - 10333.6164      -   135 1652s
 33034 28672 11302.7552   73  124          - 10333.6164      -   135 1661s
 33162 28764 11759.1087  135   74          - 10336.6121      -   135 1669s
 33219 28764 10652.7634   40  245          - 10336.6121      -   135 1670s
 33268 29089 10951.5521   51  228          - 10336.6501      -   135 1680s
 33618 29157 10353.2746   37  396          - 10336.6501      -   135 1690s
 33697 29179 10816.4517   50  306          - 10336.6501      -   135 1698s
 33719 29247 10968.9757   54  309          - 10336.6501      -   136 1706s
 33787 29467 11261.3094   71  177          - 10336.6501      -   136 1716s
 34009 29640 12251.6286  171   43          - 10337.3664      -   136 1726s
 34196 29910 10939.3950   49  190          - 10337.3664      -   136 1736s
 34502 29995 12293.4500   95   14          - 10338.2055      -   136 1746s
 34619 30108 11250.5000   39  162          - 10338.2055      -   136 1755s
 34726 30388 11456.6179   65  148          - 10338.2055      -   137 1765s
 35028 30546 12524.7967  146   25          - 10338.7029      -   136 1776s
 35219 30610 10740.2219   37  281          - 10338.7029      -   136 1785s
 35283 30842 11068.3585   52  119          - 10339.7127      -   137 1795s
 35529 30908 10457.4236   32  345          - 10339.7127      -   137 1805s
 35611 30970 10649.7636   43  298          - 10339.7127      -   137 1813s
 35671 31089 10901.9279   63  193          - 10339.7127      -   137 1822s
 35792 31459 11397.9699   95  101          - 10342.1532      -   138 1832s
 36224 31508 10557.0591   39  350          - 10342.3429      -   137 1842s
 36267 31570 10930.2636   52  186          - 10342.3429      -   137 1851s
 36329 31743 11072.2930   64  211          - 10342.3429      -   138 1860s
 36508 31953 12771.7293  129   34          - 10342.3913      -   138 1870s
 36755 31993 10691.1420   44  277          - 10342.6775      -   138 1879s
 36795 32058 10866.2755   55  236          - 10342.6775      -   138 1887s
 36860 32210 11087.4368   68  103          - 10342.6775      -   138 1897s
 37015 32593 11699.9008  103   69          - 10342.7121      -   139 1907s
 37511 32669 10647.4293   38  276          - 10342.7430      -   138 1917s
 37556 32979 10894.1098   46  241          - 10342.7430      -   138 1928s
 37871 32981 12971.6826  182    6          - 10342.7430      -   138 1930s
 37893 33081 11550.0040  106   33          - 10344.7655      -   138 1937s
 38005 33167 10892.9632   40  244          - 10344.7655      -   138 1946s
 38091 33379 11301.8311   60  173          - 10344.7655      -   138 1956s
 38322 33614 12015.8942   98   78          - 10345.9608      -   138 1967s
 38581 33667 10571.3589   41  307          - 10345.9608      -   138 1976s
 38634 33816 10878.8326   50  144          - 10345.9608      -   138 1985s
 38796 34057 11221.7496   72  181          - 10347.7042      -   139 1997s
 39085 34151 10441.8550   30  348          - 10347.7042      -   138 2007s
 39168 34294 10661.6195   42  311          - 10347.7042      -   139 2016s
 39329 34364 11005.0427   52  258          - 10347.7042      -   139 2025s
 39399 34676 11192.8963   69  103          - 10347.7042      -   139 2037s
 39735 34989 11540.4449  106  110          - 10348.9289      -   139 2048s
 40047 35010 11388.4682  114   56          - 10349.4418      -   139 2050s
 40116 35155 10755.4529   41  244          - 10349.4418      -   139 2058s
 40260 35246 12013.4710  109   50          - 10349.9696      -   139 2068s
 40392 35369 10629.4370   43  278          - 10349.9696      -   139 2077s
 40515 35663 10911.9671   65  173          - 10349.9696      -   139 2087s
 40835 35898 11800.8545  138  100          - 10351.4692      -   139 2099s
 40962 35898 12775.0283  186   80          - 10351.4692      -   139 2100s
 41095 35996 10647.9523   35  298          - 10351.4692      -   139 2109s
 41193 36264 10930.6333   46  230          - 10351.4692      -   139 2119s
 41297 36264 12016.7924  120   61          - 10351.4692      -   139 2120s
 41550 36472 11493.3085   83   38          - 10351.6943      -   138 2131s
 41790 36543 10488.2810   36  335          - 10351.6943      -   138 2139s
 41804 36543 10934.4346   48  273          - 10351.6943      -   138 2140s
 41843 36662 10690.4628   39  323          - 10351.6943      -   139 2148s
 41977 36724 10992.0339   48  272          - 10351.6943      -   139 2157s
 42039 36866 11384.1587   72  124          - 10351.6943      -   139 2166s
 42183 37265 11998.8212  143   37          - 10352.6515      -   139 2176s
 42627 37308 10618.1526   37  288          - 10353.2991      -   139 2186s
 42670 37386 10858.3985   47  240          - 10353.2991      -   139 2195s
 42748 37634 11127.7646   63  191          - 10353.3355      -   139 2205s
 43052 37668 10500.3891   27  396          - 10353.4379      -   139 2214s
 43071 37668 10539.2122   45  376          - 10353.4379      -   139 2215s
 43086 37724 10751.3660   40  264          - 10353.4379      -   140 2222s
 43142 37858 10955.2710   58  155          - 10353.5172      -   140 2232s
 43295 37984 10611.3365   33  336          - 10353.5172      -   140 2241s
 43425 38408 10964.2551   54  176          - 10353.5478      -   140 2252s
 43906 38463 10514.4945   35  362          - 10353.5751      -   139 2262s
 43952 38712 10723.3374   44  269          - 10353.5751      -   140 2272s
 44236 38883 10951.9047   54  166          - 10353.6512      -   140 2282s
 44463 38952 10616.9564   35  297          - 10353.6512      -   139 2291s
 44532 39143 11048.4385   54  136          - 10354.2242      -   140 2300s
 44749 39265 10629.7051   32  256          - 10354.2242      -   140 2310s
 44886 39335 10989.6558   42  258          - 10354.2242      -   140 2319s
 44954 39675 infeasible   64               - 10354.2242      -   140 2328s
 45142 39675 11278.0605   77   59          - 10354.2242      -   140 2330s
 45326 39830 12410.0681  174   26          - 10355.5163      -   140 2340s
 45522 40098 11031.2554   49  141          - 10355.5163      -   140 2351s
 45842 40354 11297.2915   62  114          - 10357.1792      -   139 2361s
 46128 40468 10909.6439   41  363          - 10357.6789      -   139 2371s
 46228 40583 11031.3812   68  240          - 10357.6789      -   139 2380s
 46362 40717 11456.0922   90  191          - 10357.6789      -   139 2390s
 46498 40841 12354.9793  136   55          - 10358.5924      -   139 2399s
 46642 40893 10535.5725   52  386          - 10358.5924      -   140 2408s
 46695 40994 10689.1627   67  300          - 10358.5924      -   140 2416s
 46800 41228 11113.7418   85  195          - 10358.8526      -   140 2426s
 47094 41283 10422.2181   40  416          - 10359.6943      -   140 2435s
 47137 41327 10634.6158   52  358          - 10359.6943      -   140 2443s
 47181 41480 10895.4126   63  197          - 10359.6943      -   140 2453s
 47356 41665 11183.7632   88  140          - 10360.4309      -   141 2463s
 47585 41749 11009.3132   35  254          - 10360.4309      -   140 2472s
 47652 41961 11080.3190   45  245          - 10360.4309      -   141 2482s
 47878 42248 11464.8594   75  110          - 10360.6205      -   141 2495s
 48238 42297 10615.8133   33  362          - 10360.7190      -   140 2504s
 48287 42358 10873.7878   52  217          - 10360.7190      -   141 2512s
 48348 42539 11207.7498   62  151          - 10360.7190      -   141 2522s
 48549 42712 11551.7927   92  114          - 10361.1590      -   141 2532s
 48744 42768 10691.3123   37  321          - 10361.1590      -   141 2542s
 48794 42872 10997.0979   51  159          - 10361.1590      -   141 2551s
 48898 43150 11370.1625   65  125          - 10361.1590      -   141 2560s
 49227 43265 12307.6340  111   41          - 10361.9103      -   141 2570s
 49346 43389 10803.7038   50  252          - 10361.9103      -   141 2579s
 49443 43389 11512.8076   92   55          - 10361.9103      -   141 2580s
 49482 43542 11268.4848   83   80          - 10363.0721      -   141 2589s
 49614 43542 13255.9700  161    -          - 10363.0721      -   141 2590s
 49669 43815 10930.7857   43  237          - 10363.0721      -   141 2599s
 49711 43815 11161.6134   72   37          - 10363.0721      -   141 2600s
 49947 44060 11492.7518  111   90          - 10363.7997      -   141 2610s
 50290 44147 11069.6357   42  203          - 10364.3174      -   141 2619s
 50336 44288 11292.9660   53  205          - 10364.3174      -   141 2628s
 50477 44536 12041.4007  103  132          - 10364.3561      -   141 2638s
 50788 44612 10835.7554   41  336          - 10366.5206      -   141 2647s
 50858 44691 10896.7162   47  253          - 10366.5206      -   141 2656s
 50937 44886 11182.9889   63  199          - 10366.6328      -   142 2666s
 51189 44925 10573.4236   36  352          - 10366.7673      -   142 2675s
 51228 44975 10792.5413   42  296          - 10366.7673      -   142 2683s
 51278 45070 11063.8908   54  241          - 10366.7673      -   142 2692s
 51377 45333 11332.7651   72  143          - 10366.7673      -   143 2703s
 51656 45628 11603.9474   93  104          - 10367.1498      -   142 2714s
 51699 45628 11765.8209  115  103          - 10367.1498      -   143 2715s
 51990 45666 10467.1458   35  359          - 10367.1498      -   142 2724s
 52028 45738 10712.1914   46  387          - 10367.1498      -   142 2732s
 52100 45953 10954.8924   56  318          - 10367.1498      -   143 2742s
 52347 46261 11605.3986   83   94          - 10367.8421      -   142 2754s
 52480 46261 12891.4873  156   25          - 10367.8421      -   142 2755s
 52684 46330 10703.2755   45  347          - 10367.8421      -   142 2764s
 52715 46330 11244.2170   61  249          - 10367.8421      -   142 2765s
 52751 46587 11086.0603   62  245          - 10367.8421      -   142 2775s
 53030 46804 11691.6557  106  159          - 10367.8421      -   142 2786s
 53251 46925 13050.5414  221   64          - 10368.4595      -   142 2796s
 53410 47095 10606.1359   45  329          - 10368.4595      -   142 2806s
 53603 47130 11104.1938   55  266          - 10368.4595      -   142 2816s
 53642 47363 11245.0055   65  162          - 10368.4595      -   142 2825s
 53879 47674 11899.3243  118  131          - 10368.9522      -   142 2837s
 54236 47868 10708.5190   40  270          - 10369.5230      -   142 2848s
 54448 48021 11399.9336   83  121          - 10371.6800      -   142 2859s
 54578 48022 13465.1269  144    4          - 10371.6800      -   142 2860s
*54637 45855             142    13794.870000 10371.6946  24.8%   142 2860s
 54655 45850     cutoff  160      13794.8700 10372.1860  24.8%   142 2872s
 54663 45900 10565.6000   35  400 13794.8700 10372.2107  24.8%   142 2881s
*54694 44858             143    13461.210000 10372.2107  22.9%   142 2881s
 54720 44860 11409.1066   66  223 13461.2100 10372.2107  22.9%   142 2895s
 54722 45030 11462.5623   67  218 13461.2100 10372.3248  22.9%   142 2904s
 54764 45030 12142.0464  109   70 13461.2100 10372.3248  22.9%   142 2905s
 54902 45109 10646.2974   35  273 13461.2100 10372.3248  22.9%   142 2914s
 54945 45109 11966.0283  146   96 13461.2100 10372.3248  22.9%   142 2915s
 54997 45271 11525.1487   78  180 13461.2100 10372.3643  22.9%   142 2925s
 55186 45380 10913.0949   32  300 13461.2100 10372.3643  22.9%   142 2936s
 55313 45482 11259.2867   56   99 13461.2100 10372.3643  22.9%   142 2946s
 55415 45605 11730.1364   99   87 13461.2100 10372.4464  22.9%   142 2957s
 55573 45684 10785.7550   42  313 13461.2100 10372.4464  22.9%   142 2968s
 55663 45773 11426.5194   60  255 13461.2100 10373.7675  22.9%   142 2978s
 55776 45828 10574.5418   35  351 13461.2100 10373.7675  22.9%   142 2988s
 55831 45994 11412.0548   58  172 13461.2100 10374.2698  22.9%   143 2999s
 55873 45994 12426.3668  100  101 13461.2100 10374.2698  22.9%   143 3000s
 56034 46115 10413.4747   40  416 13461.2100 10374.2698  22.9%   142 3010s
 56183 46173 10864.3157   68  327 13461.2100 10374.2698  22.9%   142 3020s
