




arguments: ./build/irp_solver -f ./input/SF-6.cfg
Current dir: /scratch/mardar/irp_lp_solver-master
File verbosity level: 9
date       time         ( uptime  ) [ thread name/id ]                   file:line     v| 
2020-12-09 20:30:54.708 (   0.066s) [main thread     ]             loguru.cpp:789   INFO| Logging to './output/SF/OU/6/execution_09_12_2020_20_30_54.log', mode: 'a', verbosity: 9
--------------------------------------------------------------------------------
Parameters
                           instance_path                    ./input/Instances/6/
                            model_policy                                       1
                             nb_vehicles                                       1
                              output_dir                       ./output/SF/OU/6/
                            sec_strategy                                       1
                       solver_nb_threads                                       2
                         solver_show_log                                   false
                       solver_time_limit                                    3600
--------------------------------------------------------------------------------
executing instance: ./input/Instances/6/absH3low_1n35_6.dat
--------------------------------------------------------------------------------
Instance details
n	36
H	3
C	2766
Li:
[0, 0, 0, 0, 0, 0, 0, 0, 0, 0, 0, 0, 0, 0, 0, 0, 0, 0, 0, 0, 0, 0, 0, 0, 0, 0, 0, 0, 0, 0, 0, 0, 0, 0, 0, 0, ]
Ui:
[0, 174, 276, 168, 297, 267, 171, 270, 219, 104, 112, 114, 177, 234, 112, 54, 102, 76, 99, 105, 66, 36, 204, 134, 141, 87, 38, 33, 195, 204, 69, 106, 192, 36, 123, 108, ]
Distance matrix:
|0	408	382	388	281	312	450	221	268	334	311	302	230	136	207	322	285	260	276	266	271	355	93	92	179	258	294	330	80	55	259	118	51	277	108	60	|
|408	0	125	170	378	175	54	264	360	188	97	192	217	534	210	365	265	270	154	182	379	243	315	390	235	437	135	351	331	379	177	519	357	371	325	464	|
|382	125	0	279	439	78	117	310	258	277	132	95	259	517	227	438	161	174	205	117	277	337	291	393	242	484	94	428	303	340	225	479	332	431	280	430	|
|388	170	279	0	245	294	220	178	451	56	163	307	158	488	192	218	372	366	128	273	469	83	312	334	218	315	232	200	330	383	136	506	346	239	346	449	|
|281	378	439	245	0	409	433	132	484	199	310	412	181	316	223	48	446	427	235	365	496	166	265	191	222	74	352	65	275	312	214	378	269	8	316	328	|
|312	175	78	294	409	0	185	277	187	277	131	18	229	447	187	417	91	99	191	49	206	335	224	334	194	444	64	410	234	266	204	403	263	401	206	357	|
|450	54	117	220	433	185	0	318	371	241	143	203	270	579	258	419	275	284	206	206	390	295	356	438	282	491	163	405	371	417	230	558	399	425	360	505	|
|221	264	310	178	132	277	318	0	366	122	184	281	51	310	92	144	318	301	112	233	380	134	165	156	96	176	221	142	180	229	89	337	187	124	212	279	|
|268	360	258	451	484	187	371	366	0	419	296	169	334	386	284	508	97	90	327	184	19	469	225	337	271	492	231	508	220	213	329	307	241	477	176	283	|
|334	188	277	56	199	277	241	122	419	0	149	288	106	432	146	179	347	337	92	248	435	60	262	278	169	266	214	164	279	332	91	452	294	192	299	395	|
|311	97	132	163	310	131	143	184	296	149	0	144	133	437	115	307	211	207	74	113	314	208	219	295	139	360	69	296	235	284	96	423	260	302	231	368	|
|302	192	95	307	412	18	203	281	169	288	144	0	234	437	189	422	73	81	199	48	188	345	216	328	194	445	75	415	225	255	211	390	254	404	195	345	|
|230	217	259	158	181	229	270	51	334	106	133	234	0	336	50	188	277	262	64	187	349	140	157	183	67	227	171	182	174	226	40	349	188	173	197	291	|
|136	534	517	488	316	447	579	310	386	432	437	437	336	0	326	364	417	392	392	401	385	438	226	154	300	263	427	378	214	185	371	101	185	316	243	103	|
|207	210	227	192	223	187	258	92	284	146	115	189	50	326	0	235	228	212	70	142	299	188	122	180	28	259	134	231	139	192	56	324	160	215	154	267	|
|322	365	438	218	48	417	419	144	508	179	307	422	188	364	235	0	462	445	233	375	521	135	295	234	240	118	357	19	307	348	214	422	305	48	346	371	|
|285	265	161	372	446	91	275	318	97	347	211	73	277	417	228	462	0	25	255	99	116	401	214	332	224	468	142	459	217	232	263	356	244	439	178	318	|
|260	270	174	366	427	99	284	301	90	337	207	81	262	392	212	445	25	0	245	94	109	390	190	307	206	447	141	442	192	207	250	331	219	420	152	293	|
|276	154	205	128	235	191	206	112	327	92	74	199	64	392	70	233	255	245	0	157	344	147	192	242	98	287	128	223	209	262	24	394	230	227	220	336	|
|266	182	117	273	365	49	206	233	184	248	113	48	187	401	142	375	99	94	157	0	202	304	176	285	146	397	48	369	187	223	167	363	216	357	164	314	|
|271	379	277	469	496	206	390	380	19	435	314	188	349	385	299	521	116	109	344	202	0	485	234	344	285	501	250	521	229	217	345	303	247	489	185	282	|
|355	243	337	83	166	335	295	134	469	60	208	345	140	438	188	135	401	390	147	304	485	0	294	286	207	238	272	117	310	361	140	471	320	160	336	414	|
|93	315	291	312	265	224	356	165	225	262	219	216	157	226	122	295	214	190	192	176	234	294	0	118	95	267	201	299	17	70	177	205	42	259	51	149	|
|92	390	393	334	191	334	438	156	337	278	295	328	183	154	180	234	332	307	242	285	344	286	118	0	157	167	299	244	117	133	220	190	97	188	161	138	|
|179	235	242	218	222	194	282	96	271	169	139	194	67	300	28	240	224	206	98	146	285	207	95	157	0	251	148	238	112	165	83	296	132	215	130	239	|
|258	437	484	315	74	444	491	176	492	266	360	445	227	263	259	118	468	447	287	397	501	238	267	167	251	0	393	136	273	299	264	338	259	79	317	295	|
|294	135	94	232	352	64	163	221	231	214	69	75	171	427	134	357	142	141	128	48	250	272	201	299	148	393	0	349	214	257	143	398	243	344	199	346	|
|330	351	428	200	65	410	405	142	508	164	296	415	182	378	231	19	459	442	223	369	521	117	299	244	238	136	349	0	311	354	206	434	310	63	348	382	|
|80	331	303	330	275	234	371	180	220	279	235	225	174	214	139	307	217	192	209	187	229	310	17	117	112	273	214	311	0	53	195	189	30	269	44	134	|
|55	379	340	383	312	266	417	229	213	332	284	255	226	185	192	348	232	207	262	223	217	361	70	133	165	299	257	354	53	0	248	141	43	307	60	91	|
|259	177	225	136	214	204	230	89	329	91	96	211	40	371	56	214	263	250	24	167	345	140	177	220	83	264	143	206	195	248	0	377	213	206	210	319	|
|118	519	479	506	378	403	558	337	307	452	423	390	349	101	324	422	356	331	394	363	303	471	205	190	296	338	398	434	189	141	377	0	165	375	199	58	|
|51	357	332	346	269	263	399	187	241	294	260	254	188	185	160	305	244	219	230	216	247	320	42	97	132	259	243	310	30	43	213	165	0	264	67	108	|
|277	371	431	239	8	401	425	124	477	192	302	404	173	316	215	48	439	420	227	357	489	160	259	188	215	79	344	63	269	307	206	375	264	0	310	325	|
|108	325	280	346	316	206	360	212	176	299	231	195	197	243	154	346	178	152	220	164	185	336	51	161	130	317	199	348	44	60	210	199	67	310	0	151	|
|60	464	430	449	328	357	505	279	283	395	368	345	291	103	267	371	318	293	336	314	282	414	149	138	239	295	346	382	134	91	319	58	108	325	151	0	|

--------------------------------------------------------------------------------
Building model...
	using lazy and cut (CVRPSEP package)
Solving IRP LP...


Gurobi 9.1.0 (linux64) logging started Wed Dec  9 20:30:55 2020

================================================================================
executing instance: ./input/Instances/6/absH3high_4n35_6.dat
--------------------------------------------------------------------------------
Instance details
n	36
H	3
C	2433
Li:
[0, 0, 0, 0, 0, 0, 0, 0, 0, 0, 0, 0, 0, 0, 0, 0, 0, 0, 0, 0, 0, 0, 0, 0, 0, 0, 0, 0, 0, 0, 0, 0, 0, 0, 0, 0, ]
Ui:
[0, 276, 142, 142, 180, 158, 189, 159, 180, 261, 98, 138, 255, 297, 195, 94, 144, 96, 36, 58, 122, 48, 116, 192, 51, 28, 50, 30, 48, 45, 78, 63, 63, 42, 44, 26, ]
Distance matrix:
|0	473	406	368	270	296	371	411	361	224	394	400	210	75	224	296	274	346	366	300	140	349	132	97	294	307	242	286	276	230	66	139	119	102	74	17	|
|473	0	70	518	250	309	473	433	527	266	315	90	320	529	565	182	283	207	482	538	393	308	561	401	178	604	231	262	385	270	449	447	492	541	476	461	|
|406	70	0	485	181	273	444	414	493	196	299	68	267	464	511	123	241	178	451	495	335	283	499	332	112	557	164	220	345	214	380	390	433	478	406	394	|
|368	518	485	0	488	212	51	120	16	436	221	429	251	338	198	377	248	311	39	90	251	211	304	416	410	156	387	266	145	299	421	230	258	317	440	354	|
|270	250	181	488	0	298	461	459	490	56	372	217	237	342	441	149	257	255	464	464	263	336	390	178	115	508	106	247	345	192	225	314	340	363	247	264	|
|296	309	273	212	298	0	173	161	220	253	98	219	89	312	277	169	41	104	180	230	158	53	317	291	203	301	192	55	76	108	319	191	243	309	346	279	|
|371	473	444	51	461	173	0	72	66	411	171	385	226	351	228	342	212	268	13	127	243	165	324	407	375	200	358	229	117	270	419	233	269	333	439	356	|
|411	433	414	120	459	161	72	0	136	413	119	350	236	402	295	325	203	236	84	197	274	131	382	433	361	271	353	214	137	268	451	277	320	387	474	395	|
|361	527	493	16	490	220	66	136	0	437	234	438	253	328	185	383	254	321	53	76	248	222	293	412	415	140	390	273	150	303	416	224	249	306	433	348	|
|224	266	196	436	56	253	411	413	437	0	334	215	185	292	386	125	212	226	413	409	207	295	339	139	100	452	67	205	294	145	187	258	286	313	212	216	|
|394	315	299	221	372	98	171	119	234	334	0	234	187	406	345	226	130	125	182	272	255	45	404	388	263	348	268	130	139	196	417	281	332	400	444	377	|
|400	90	68	429	217	219	385	350	438	215	234	0	232	451	476	105	193	118	394	447	308	222	479	339	115	514	164	172	295	184	385	361	408	460	413	387	|
|210	320	267	251	237	89	226	236	253	185	187	232	0	237	245	145	64	145	228	235	82	142	253	202	169	292	137	78	109	54	230	130	180	240	257	194	|
|75	529	464	338	342	312	351	402	328	292	406	451	237	0	167	348	300	381	344	259	156	363	59	172	352	250	300	315	275	271	139	127	82	30	139	77	|
|224	565	511	198	441	277	228	295	185	386	345	476	245	167	0	388	288	375	218	108	182	312	117	305	408	84	365	308	208	297	290	128	109	139	298	216	|
|296	182	123	377	149	169	342	325	383	125	226	105	145	348	388	0	130	106	347	377	212	196	379	237	37	437	64	113	233	92	282	267	311	359	310	283	|
|274	283	241	248	257	41	212	203	254	212	130	193	64	300	288	130	0	88	217	255	144	86	312	259	163	321	151	21	105	68	291	186	238	301	318	258	|
|346	207	178	311	255	104	268	236	321	226	125	118	145	381	375	106	88	0	276	334	227	105	397	312	142	404	159	68	181	117	351	273	324	384	379	331	|
|366	482	451	39	464	180	13	84	53	413	182	394	228	344	218	347	217	276	0	115	240	174	316	405	380	187	361	235	120	273	415	227	262	325	435	351	|
|300	538	495	90	464	230	127	197	76	409	272	447	235	259	108	377	255	334	115	0	206	249	219	362	404	76	371	276	154	289	359	169	183	235	374	288	|
|140	393	335	251	263	158	243	274	248	207	255	308	82	156	182	212	144	227	240	206	0	210	172	165	228	245	183	160	138	124	177	55	100	158	200	124	|
|349	308	283	211	336	53	165	131	222	295	45	222	142	363	312	196	86	105	174	249	210	0	363	343	232	324	231	90	104	154	372	239	290	358	399	332	|
|132	561	499	304	390	317	324	382	293	339	404	479	253	59	117	379	312	397	316	219	172	363	0	227	388	198	338	330	266	295	198	126	74	30	198	131	|
|97	401	332	416	178	291	407	433	412	139	388	339	202	172	305	237	259	312	405	362	165	343	227	0	226	384	175	263	297	198	48	194	196	198	75	96	|
|294	178	112	410	115	203	375	361	415	100	263	115	169	352	408	37	163	142	380	404	228	232	388	226	0	461	53	148	265	115	273	283	323	367	300	283	|
|307	604	557	156	508	301	200	271	140	452	348	514	292	250	84	437	321	404	187	76	245	324	198	384	461	0	423	343	225	346	371	196	190	222	380	298	|
|242	231	164	387	106	192	358	353	390	67	268	164	137	300	365	64	151	159	361	371	183	231	338	175	53	423	0	141	242	88	221	238	275	315	249	230	|
|286	262	220	266	247	55	229	214	273	205	130	172	78	315	308	113	21	68	235	276	160	90	330	263	148	343	141	0	125	67	298	205	256	317	326	270	|
|276	385	345	145	345	76	117	137	150	294	139	295	109	275	208	233	105	181	120	154	138	104	266	297	265	225	242	125	0	154	315	148	197	265	338	260	|
|230	270	214	299	192	108	270	268	303	145	196	184	54	271	297	92	68	117	273	289	124	154	295	198	115	346	88	67	154	0	235	177	224	278	263	215	|
|66	449	380	421	225	319	419	451	416	187	417	385	230	139	290	282	291	351	415	359	177	372	198	48	273	371	221	298	315	235	0	193	182	168	28	73	|
|139	447	390	230	314	191	233	277	224	258	281	361	130	127	128	267	186	273	227	169	55	239	126	194	283	196	238	205	148	177	193	0	52	119	210	125	|
|119	492	433	258	340	243	269	320	249	286	332	408	180	82	109	311	238	324	262	183	100	290	74	196	323	190	275	256	197	224	182	52	0	68	193	109	|
|102	541	478	317	363	309	333	387	306	313	400	460	240	30	139	359	301	384	325	235	158	358	30	198	367	222	315	317	265	278	168	119	68	0	168	102	|
|74	476	406	440	247	346	439	474	433	212	444	413	257	139	298	310	318	379	435	374	200	399	198	75	300	380	249	326	338	263	28	210	193	168	0	86	|
|17	461	394	354	264	279	356	395	348	216	377	387	194	77	216	283	258	331	351	288	124	332	131	96	283	298	230	270	260	215	73	125	109	102	86	0	|

--------------------------------------------------------------------------------
Building model...
	using lazy and cut (CVRPSEP package)
Solving IRP LP...


Gurobi 9.1.0 (linux64) logging started Wed Dec  9 20:31:17 2020

================================================================================
executing instance: ./input/Instances/6/absH6high_4n25_6.dat
--------------------------------------------------------------------------------
Instance details
n	26
H	6
C	1875
Li:
[0, 0, 0, 0, 0, 0, 0, 0, 0, 0, 0, 0, 0, 0, 0, 0, 0, 0, 0, 0, 0, 0, 0, 0, 0, 0, ]
Ui:
[0, 196, 198, 146, 132, 279, 201, 186, 82, 34, 159, 142, 168, 165, 126, 32, 183, 40, 42, 52, 58, 90, 135, 93, 58, 26, ]
Distance matrix:
|0	289	268	302	277	147	220	220	235	299	188	132	162	162	132	265	124	241	202	162	152	80	71	66	69	91	|
|289	0	165	590	562	421	99	427	436	28	464	175	418	308	196	434	305	493	151	428	295	227	352	234	222	264	|
|268	165	0	533	535	415	212	469	482	193	455	225	335	367	136	302	214	398	255	352	188	188	339	245	224	196	|
|302	590	533	0	106	211	521	324	334	601	184	431	203	383	409	322	320	175	495	183	350	366	251	364	371	340	|
|277	562	535	106	0	146	481	232	240	569	106	391	238	312	402	381	335	245	447	216	368	352	210	329	341	339	|
|147	421	415	211	146	0	337	131	145	425	43	248	195	172	279	341	242	248	301	179	275	227	76	188	203	228	|
|220	99	212	521	481	337	0	330	339	93	379	91	369	210	171	419	273	448	53	375	274	180	274	157	152	225	|
|220	427	469	324	232	131	330	0	15	422	142	258	321	120	340	461	340	379	281	307	371	291	169	224	245	311	|
|235	436	482	334	240	145	339	15	0	431	153	269	336	129	354	477	355	393	289	321	386	305	184	237	258	326	|
|299	28	193	601	569	425	93	422	431	0	468	178	434	302	215	457	325	511	142	443	317	242	359	240	231	282	|
|188	464	455	184	106	43	379	142	153	468	0	290	211	206	319	360	274	252	342	192	308	267	117	231	246	265	|
|132	175	225	431	391	248	91	258	269	178	290	0	287	145	127	358	207	367	73	291	217	110	183	67	66	157	|
|162	418	335	203	238	195	369	321	336	434	211	287	0	309	224	150	122	80	360	22	148	192	161	225	221	153	|
|162	308	367	383	312	172	210	120	129	302	206	145	309	0	249	426	284	383	161	302	308	208	152	132	153	242	|
|132	196	136	409	402	279	171	340	354	215	319	127	224	249	0	249	110	298	187	237	104	52	203	118	97	71	|
|265	434	302	322	381	341	419	461	477	457	360	358	150	426	249	0	152	147	428	170	145	248	294	312	299	201	|
|124	305	214	320	335	242	273	340	355	325	274	207	122	284	110	152	0	190	278	138	34	97	174	162	147	50	|
|241	493	398	175	245	248	448	379	393	511	252	367	80	383	298	147	190	0	440	81	210	270	232	305	301	229	|
|202	151	255	495	447	301	53	281	289	142	342	73	360	161	187	428	278	440	0	363	285	181	245	136	139	228	|
|162	428	352	183	216	179	375	307	321	443	192	291	22	302	237	170	138	81	363	0	167	201	152	227	225	166	|
|152	295	188	350	368	275	274	371	386	317	308	217	148	308	104	145	34	210	285	167	0	108	207	181	163	66	|
|80	227	188	366	352	227	180	291	305	242	267	110	192	208	52	248	97	270	181	201	108	0	151	76	57	47	|
|71	352	339	251	210	76	274	169	184	359	117	183	161	152	203	294	174	232	245	152	207	151	0	119	131	154	|
|66	234	245	364	329	188	157	224	237	240	231	67	225	132	118	312	162	305	136	227	181	76	119	0	22	115	|
|69	222	224	371	341	203	152	245	258	231	246	66	221	153	97	299	147	301	139	225	163	57	131	22	0	99	|
|91	264	196	340	339	228	225	311	326	282	265	157	153	242	71	201	50	229	228	166	66	47	154	115	99	0	|

--------------------------------------------------------------------------------
Building model...
	using lazy and cut (CVRPSEP package)
Solving IRP LP...


Gurobi 9.1.0 (linux64) logging started Wed Dec  9 20:38:15 2020

================================================================================
executing instance: ./input/Instances/6/absH3high_3n15_6.dat
--------------------------------------------------------------------------------
Instance details
n	16
H	3
C	1267
Li:
[0, 0, 0, 0, 0, 0, 0, 0, 0, 0, 0, 0, 0, 0, 0, 0, ]
Ui:
[0, 267, 282, 171, 141, 156, 110, 172, 270, 76, 148, 33, 57, 144, 60, 87, ]
Distance matrix:
|0	567	346	409	423	229	347	159	108	310	76	306	256	58	165	96	|
|567	0	274	439	200	482	433	501	467	259	506	342	312	622	486	483	|
|346	274	0	201	84	373	400	239	273	146	272	68	127	391	340	289	|
|409	439	201	0	244	525	581	253	386	340	337	158	298	431	476	397	|
|423	200	84	244	0	419	424	323	341	170	352	148	182	471	396	358	|
|229	482	373	525	419	0	123	329	158	251	243	375	246	279	65	155	|
|347	433	400	581	424	123	0	423	259	257	347	423	283	399	182	262	|
|159	501	239	253	323	329	423	0	172	274	94	181	208	179	267	176	|
|108	467	273	386	341	158	259	172	0	208	88	251	162	166	96	17	|
|310	259	146	340	170	251	257	274	208	0	255	184	66	366	238	224	|
|76	506	272	337	352	243	347	94	88	255	0	230	194	119	179	88	|
|306	342	68	158	148	375	423	181	251	184	230	0	140	345	332	266	|
|256	312	127	298	182	246	283	208	162	66	194	140	0	310	216	179	|
|58	622	391	431	471	279	399	179	166	366	119	345	310	0	217	154	|
|165	486	340	476	396	65	182	267	96	238	179	332	216	217	0	92	|
|96	483	289	397	358	155	262	176	17	224	88	266	179	154	92	0	|

--------------------------------------------------------------------------------
Building model...
	using lazy and cut (CVRPSEP package)
Solving IRP LP...


Gurobi 9.1.0 (linux64) logging started Wed Dec  9 20:38:27 2020

================================================================================
executing instance: ./input/Instances/6/absH3low_1n25_6.dat
--------------------------------------------------------------------------------
Instance details
n	26
H	3
C	1885
Li:
[0, 0, 0, 0, 0, 0, 0, 0, 0, 0, 0, 0, 0, 0, 0, 0, 0, 0, 0, 0, 0, 0, 0, 0, 0, 0, ]
Ui:
[0, 294, 182, 176, 189, 182, 111, 231, 82, 63, 246, 118, 168, 106, 78, 177, 36, 141, 64, 66, 68, 54, 90, 132, 46, 75, ]
Distance matrix:
|0	329	245	200	283	156	358	196	334	394	130	208	191	196	231	146	309	164	218	253	201	260	138	127	151	104	|
|329	0	562	359	282	250	378	244	367	411	284	533	146	349	352	453	617	393	411	245	141	556	195	426	245	243	|
|245	562	0	274	413	393	435	361	413	457	359	54	417	281	310	215	70	323	375	406	424	69	367	139	334	349	|
|200	359	274	0	139	321	173	115	149	204	311	276	226	10	38	321	303	364	418	141	225	236	202	155	121	256	|
|283	282	413	139	0	349	101	91	86	139	355	410	195	132	108	425	443	437	484	44	187	375	206	286	137	291	|
|156	250	393	321	349	0	444	261	423	483	39	348	171	315	342	223	460	144	163	308	183	415	143	284	220	65	|
|358	378	435	173	101	444	0	184	25	38	446	445	296	171	135	491	450	519	569	145	288	384	303	328	225	383	|
|196	244	361	115	91	261	184	0	163	222	264	348	122	105	109	341	402	346	393	56	118	336	119	224	46	200	|
|334	367	413	149	86	423	25	163	0	61	424	422	278	147	110	467	429	495	546	129	271	363	282	303	203	361	|
|394	411	457	204	139	483	38	222	61	0	484	471	334	203	167	524	467	556	606	183	326	403	341	356	264	421	|
|130	284	359	311	355	39	446	264	424	484	0	313	190	305	335	184	426	109	137	315	202	384	153	256	221	64	|
|208	533	54	276	410	348	445	348	422	471	313	0	390	281	314	162	123	271	321	398	398	115	338	125	316	309	|
|191	146	417	226	195	171	296	122	278	334	190	390	0	216	229	328	472	293	327	151	12	411	53	280	106	130	|
|196	349	281	10	132	315	171	105	147	203	305	281	216	0	37	321	311	360	414	132	216	244	193	159	112	249	|
|231	352	310	38	108	342	135	109	110	167	335	314	229	37	0	358	336	395	448	120	226	268	213	194	129	277	|
|146	453	215	321	425	223	491	341	467	524	184	162	328	321	358	0	284	112	160	397	339	266	276	186	297	210	|
|309	617	70	303	443	460	450	402	429	467	426	123	472	311	336	284	0	393	444	442	477	68	424	192	381	413	|
|164	393	323	364	437	144	519	346	495	556	109	271	293	360	395	112	393	0	57	401	305	367	249	261	300	163	|
|218	411	375	418	484	163	569	393	546	606	137	321	327	414	448	160	444	57	0	446	339	421	288	318	347	199	|
|253	245	406	141	44	308	145	56	129	183	315	398	151	132	120	397	442	401	446	0	143	375	164	273	102	251	|
|201	141	424	225	187	183	288	118	271	326	202	398	12	216	226	339	477	305	339	143	0	416	63	286	106	142	|
|260	556	69	236	375	415	384	336	363	403	384	115	411	244	268	266	68	367	421	375	416	0	365	135	316	363	|
|138	195	367	202	206	143	303	119	282	341	153	338	53	193	213	276	424	249	288	164	63	365	0	232	84	89	|
|127	426	139	155	286	284	328	224	303	356	256	125	280	159	194	186	192	261	318	273	286	135	232	0	195	229	|
|151	245	334	121	137	220	225	46	203	264	221	316	106	112	129	297	381	300	347	102	106	316	84	195	0	158	|
|104	243	349	256	291	65	383	200	361	421	64	309	130	249	277	210	413	163	199	251	142	363	89	229	158	0	|

--------------------------------------------------------------------------------
Building model...
	using lazy and cut (CVRPSEP package)
Solving IRP LP...


Gurobi 9.1.0 (linux64) logging started Wed Dec  9 20:38:28 2020

================================================================================
executing instance: ./input/Instances/6/absH6low_5n15_6.dat
--------------------------------------------------------------------------------
Instance details
n	16
H	6
C	1086
Li:
[0, 0, 0, 0, 0, 0, 0, 0, 0, 0, 0, 0, 0, 0, 0, 0, ]
Ui:
[0, 194, 186, 110, 172, 90, 126, 144, 110, 42, 72, 26, 48, 159, 68, 84, ]
Distance matrix:
|0	375	353	327	192	407	284	124	168	302	191	270	246	87	156	171	|
|375	0	210	98	227	163	295	439	423	124	343	343	269	343	329	269	|
|353	210	0	275	315	366	119	354	311	284	217	174	125	372	227	348	|
|327	98	275	0	150	100	331	415	414	30	348	370	295	277	325	190	|
|192	227	315	150	0	216	315	301	318	121	283	334	271	128	248	42	|
|407	163	366	100	216	0	430	505	509	112	448	471	395	343	422	249	|
|284	295	119	331	315	430	0	252	200	329	110	54	45	328	133	336	|
|124	439	354	415	301	505	252	0	64	395	142	216	230	211	127	288	|
|168	423	311	414	318	509	200	64	0	397	94	158	186	250	95	313	|
|302	124	284	30	121	112	329	395	397	0	337	365	291	249	311	161	|
|191	343	217	348	283	448	110	142	94	337	0	80	92	254	38	290	|
|270	343	174	370	334	471	54	216	158	365	80	0	76	327	114	349	|
|246	269	125	295	271	395	45	230	186	291	92	76	0	285	104	291	|
|87	343	372	277	128	343	328	211	250	249	254	327	285	0	216	95	|
|156	329	227	325	248	422	133	127	95	311	38	114	104	216	0	254	|
|171	269	348	190	42	249	336	288	313	161	290	349	291	95	254	0	|

--------------------------------------------------------------------------------
Building model...
	using lazy and cut (CVRPSEP package)
Solving IRP LP...


Gurobi 9.1.0 (linux64) logging started Wed Dec  9 20:38:29 2020

================================================================================
executing instance: ./input/Instances/6/absH6low_4n20_6.dat
--------------------------------------------------------------------------------
Instance details
n	21
H	6
C	1570
Li:
[0, 0, 0, 0, 0, 0, 0, 0, 0, 0, 0, 0, 0, 0, 0, 0, 0, 0, 0, 0, 0, ]
Ui:
[0, 158, 114, 222, 159, 132, 170, 126, 136, 96, 159, 108, 144, 138, 130, 54, 63, 201, 78, 26, 46, ]
Distance matrix:
|0	440	524	404	518	423	290	328	224	430	283	270	270	137	150	413	368	58	94	234	169	|
|440	0	180	58	137	428	284	328	276	13	291	406	455	333	320	283	346	391	523	206	284	|
|524	180	0	158	52	339	447	284	309	176	280	386	437	392	441	191	278	488	589	309	354	|
|404	58	158	0	128	370	290	270	224	45	233	349	399	289	298	227	288	360	484	173	242	|
|518	137	52	128	0	377	414	309	314	135	296	407	459	392	423	226	310	478	590	294	350	|
|423	428	339	370	377	0	548	121	247	415	180	156	181	306	448	152	86	427	435	358	315	|
|290	284	447	290	414	548	0	427	304	282	368	441	472	281	143	453	465	232	383	191	246	|
|328	328	284	270	309	121	427	0	129	315	59	104	154	198	332	105	42	321	360	237	198	|
|224	276	309	224	314	247	304	129	0	263	71	146	189	86	203	193	170	203	281	120	70	|
|430	13	176	45	135	415	282	315	263	0	277	392	442	322	312	271	333	381	513	196	273	|
|283	291	280	233	296	180	368	59	71	277	0	116	167	148	274	131	99	270	327	179	141	|
|270	406	386	349	407	156	441	104	146	392	116	0	52	169	320	208	128	281	279	265	195	|
|270	455	437	399	459	181	472	154	189	442	167	52	0	192	343	257	173	291	261	305	228	|
|137	333	392	289	392	306	281	198	86	322	148	169	192	0	152	277	240	123	198	137	50	|
|150	320	441	298	423	448	143	332	203	312	274	320	343	152	0	386	373	92	244	133	134	|
|413	283	191	227	226	152	453	105	193	271	131	208	257	277	386	0	88	396	456	267	261	|
|368	346	278	288	310	86	465	42	170	333	99	128	173	240	373	88	0	363	396	274	240	|
|58	391	488	360	478	427	232	321	203	381	270	281	291	123	92	396	363	0	152	187	139	|
|94	523	589	484	590	435	383	360	281	513	327	279	261	198	244	456	396	152	0	318	242	|
|234	206	309	173	294	358	191	237	120	196	179	265	305	137	133	267	274	187	318	0	87	|
|169	284	354	242	350	315	246	198	70	273	141	195	228	50	134	261	240	139	242	87	0	|

--------------------------------------------------------------------------------
Building model...
	using lazy and cut (CVRPSEP package)
Solving IRP LP...


Gurobi 9.1.0 (linux64) logging started Wed Dec  9 20:38:37 2020

================================================================================
executing instance: ./input/Instances/6/absH3high_1n35_6.dat
--------------------------------------------------------------------------------
Instance details
n	36
H	3
C	2766
Li:
[0, 0, 0, 0, 0, 0, 0, 0, 0, 0, 0, 0, 0, 0, 0, 0, 0, 0, 0, 0, 0, 0, 0, 0, 0, 0, 0, 0, 0, 0, 0, 0, 0, 0, 0, 0, ]
Ui:
[0, 174, 276, 168, 297, 267, 171, 270, 219, 104, 112, 114, 177, 234, 112, 54, 102, 76, 99, 105, 66, 36, 204, 134, 141, 87, 38, 33, 195, 204, 69, 106, 192, 36, 123, 108, ]
Distance matrix:
|0	408	382	388	281	312	450	221	268	334	311	302	230	136	207	322	285	260	276	266	271	355	93	92	179	258	294	330	80	55	259	118	51	277	108	60	|
|408	0	125	170	378	175	54	264	360	188	97	192	217	534	210	365	265	270	154	182	379	243	315	390	235	437	135	351	331	379	177	519	357	371	325	464	|
|382	125	0	279	439	78	117	310	258	277	132	95	259	517	227	438	161	174	205	117	277	337	291	393	242	484	94	428	303	340	225	479	332	431	280	430	|
|388	170	279	0	245	294	220	178	451	56	163	307	158	488	192	218	372	366	128	273	469	83	312	334	218	315	232	200	330	383	136	506	346	239	346	449	|
|281	378	439	245	0	409	433	132	484	199	310	412	181	316	223	48	446	427	235	365	496	166	265	191	222	74	352	65	275	312	214	378	269	8	316	328	|
|312	175	78	294	409	0	185	277	187	277	131	18	229	447	187	417	91	99	191	49	206	335	224	334	194	444	64	410	234	266	204	403	263	401	206	357	|
|450	54	117	220	433	185	0	318	371	241	143	203	270	579	258	419	275	284	206	206	390	295	356	438	282	491	163	405	371	417	230	558	399	425	360	505	|
|221	264	310	178	132	277	318	0	366	122	184	281	51	310	92	144	318	301	112	233	380	134	165	156	96	176	221	142	180	229	89	337	187	124	212	279	|
|268	360	258	451	484	187	371	366	0	419	296	169	334	386	284	508	97	90	327	184	19	469	225	337	271	492	231	508	220	213	329	307	241	477	176	283	|
|334	188	277	56	199	277	241	122	419	0	149	288	106	432	146	179	347	337	92	248	435	60	262	278	169	266	214	164	279	332	91	452	294	192	299	395	|
|311	97	132	163	310	131	143	184	296	149	0	144	133	437	115	307	211	207	74	113	314	208	219	295	139	360	69	296	235	284	96	423	260	302	231	368	|
|302	192	95	307	412	18	203	281	169	288	144	0	234	437	189	422	73	81	199	48	188	345	216	328	194	445	75	415	225	255	211	390	254	404	195	345	|
|230	217	259	158	181	229	270	51	334	106	133	234	0	336	50	188	277	262	64	187	349	140	157	183	67	227	171	182	174	226	40	349	188	173	197	291	|
|136	534	517	488	316	447	579	310	386	432	437	437	336	0	326	364	417	392	392	401	385	438	226	154	300	263	427	378	214	185	371	101	185	316	243	103	|
|207	210	227	192	223	187	258	92	284	146	115	189	50	326	0	235	228	212	70	142	299	188	122	180	28	259	134	231	139	192	56	324	160	215	154	267	|
|322	365	438	218	48	417	419	144	508	179	307	422	188	364	235	0	462	445	233	375	521	135	295	234	240	118	357	19	307	348	214	422	305	48	346	371	|
|285	265	161	372	446	91	275	318	97	347	211	73	277	417	228	462	0	25	255	99	116	401	214	332	224	468	142	459	217	232	263	356	244	439	178	318	|
|260	270	174	366	427	99	284	301	90	337	207	81	262	392	212	445	25	0	245	94	109	390	190	307	206	447	141	442	192	207	250	331	219	420	152	293	|
|276	154	205	128	235	191	206	112	327	92	74	199	64	392	70	233	255	245	0	157	344	147	192	242	98	287	128	223	209	262	24	394	230	227	220	336	|
|266	182	117	273	365	49	206	233	184	248	113	48	187	401	142	375	99	94	157	0	202	304	176	285	146	397	48	369	187	223	167	363	216	357	164	314	|
|271	379	277	469	496	206	390	380	19	435	314	188	349	385	299	521	116	109	344	202	0	485	234	344	285	501	250	521	229	217	345	303	247	489	185	282	|
|355	243	337	83	166	335	295	134	469	60	208	345	140	438	188	135	401	390	147	304	485	0	294	286	207	238	272	117	310	361	140	471	320	160	336	414	|
|93	315	291	312	265	224	356	165	225	262	219	216	157	226	122	295	214	190	192	176	234	294	0	118	95	267	201	299	17	70	177	205	42	259	51	149	|
|92	390	393	334	191	334	438	156	337	278	295	328	183	154	180	234	332	307	242	285	344	286	118	0	157	167	299	244	117	133	220	190	97	188	161	138	|
|179	235	242	218	222	194	282	96	271	169	139	194	67	300	28	240	224	206	98	146	285	207	95	157	0	251	148	238	112	165	83	296	132	215	130	239	|
|258	437	484	315	74	444	491	176	492	266	360	445	227	263	259	118	468	447	287	397	501	238	267	167	251	0	393	136	273	299	264	338	259	79	317	295	|
|294	135	94	232	352	64	163	221	231	214	69	75	171	427	134	357	142	141	128	48	250	272	201	299	148	393	0	349	214	257	143	398	243	344	199	346	|
|330	351	428	200	65	410	405	142	508	164	296	415	182	378	231	19	459	442	223	369	521	117	299	244	238	136	349	0	311	354	206	434	310	63	348	382	|
|80	331	303	330	275	234	371	180	220	279	235	225	174	214	139	307	217	192	209	187	229	310	17	117	112	273	214	311	0	53	195	189	30	269	44	134	|
|55	379	340	383	312	266	417	229	213	332	284	255	226	185	192	348	232	207	262	223	217	361	70	133	165	299	257	354	53	0	248	141	43	307	60	91	|
|259	177	225	136	214	204	230	89	329	91	96	211	40	371	56	214	263	250	24	167	345	140	177	220	83	264	143	206	195	248	0	377	213	206	210	319	|
|118	519	479	506	378	403	558	337	307	452	423	390	349	101	324	422	356	331	394	363	303	471	205	190	296	338	398	434	189	141	377	0	165	375	199	58	|
|51	357	332	346	269	263	399	187	241	294	260	254	188	185	160	305	244	219	230	216	247	320	42	97	132	259	243	310	30	43	213	165	0	264	67	108	|
|277	371	431	239	8	401	425	124	477	192	302	404	173	316	215	48	439	420	227	357	489	160	259	188	215	79	344	63	269	307	206	375	264	0	310	325	|
|108	325	280	346	316	206	360	212	176	299	231	195	197	243	154	346	178	152	220	164	185	336	51	161	130	317	199	348	44	60	210	199	67	310	0	151	|
|60	464	430	449	328	357	505	279	283	395	368	345	291	103	267	371	318	293	336	314	282	414	149	138	239	295	346	382	134	91	319	58	108	325	151	0	|

--------------------------------------------------------------------------------
Building model...
	using lazy and cut (CVRPSEP package)
Solving IRP LP...


Gurobi 9.1.0 (linux64) logging started Wed Dec  9 20:41:24 2020

================================================================================
executing instance: ./input/Instances/6/absH3high_5n15_6.dat
--------------------------------------------------------------------------------
Instance details
n	16
H	3
C	1021
Li:
[0, 0, 0, 0, 0, 0, 0, 0, 0, 0, 0, 0, 0, 0, 0, 0, ]
Ui:
[0, 142, 104, 172, 110, 90, 132, 116, 144, 110, 42, 159, 26, 48, 68, 84, ]
Distance matrix:
|0	353	375	192	327	407	284	191	124	168	302	87	270	246	156	171	|
|353	0	210	315	275	366	119	217	354	311	284	372	174	125	227	348	|
|375	210	0	227	98	163	295	343	439	423	124	343	343	269	329	269	|
|192	315	227	0	150	216	315	283	301	318	121	128	334	271	248	42	|
|327	275	98	150	0	100	331	348	415	414	30	277	370	295	325	190	|
|407	366	163	216	100	0	430	448	505	509	112	343	471	395	422	249	|
|284	119	295	315	331	430	0	110	252	200	329	328	54	45	133	336	|
|191	217	343	283	348	448	110	0	142	94	337	254	80	92	38	290	|
|124	354	439	301	415	505	252	142	0	64	395	211	216	230	127	288	|
|168	311	423	318	414	509	200	94	64	0	397	250	158	186	95	313	|
|302	284	124	121	30	112	329	337	395	397	0	249	365	291	311	161	|
|87	372	343	128	277	343	328	254	211	250	249	0	327	285	216	95	|
|270	174	343	334	370	471	54	80	216	158	365	327	0	76	114	349	|
|246	125	269	271	295	395	45	92	230	186	291	285	76	0	104	291	|
|156	227	329	248	325	422	133	38	127	95	311	216	114	104	0	254	|
|171	348	269	42	190	249	336	290	288	313	161	95	349	291	254	0	|

--------------------------------------------------------------------------------
Building model...
	using lazy and cut (CVRPSEP package)
Solving IRP LP...


Gurobi 9.1.0 (linux64) logging started Wed Dec  9 20:41:50 2020

================================================================================
executing instance: ./input/Instances/6/absH6low_4n15_6.dat
--------------------------------------------------------------------------------
Instance details
n	16
H	6
C	1155
Li:
[0, 0, 0, 0, 0, 0, 0, 0, 0, 0, 0, 0, 0, 0, 0, 0, ]
Ui:
[0, 255, 201, 124, 196, 188, 20, 164, 159, 81, 102, 51, 118, 22, 36, 84, ]
Distance matrix:
|0	441	422	304	128	129	417	92	221	338	174	294	98	302	278	136	|
|441	0	52	157	317	449	391	351	219	410	279	415	408	422	288	367	|
|422	52	0	124	304	417	423	331	203	433	253	432	380	440	304	364	|
|304	157	124	0	194	293	405	211	96	387	131	373	256	382	254	267	|
|128	317	304	194	0	193	333	58	101	274	89	240	142	249	175	85	|
|129	449	417	293	193	0	522	135	244	452	173	411	51	419	367	245	|
|417	391	423	405	333	522	0	389	343	94	398	141	472	138	163	281	|
|92	351	331	211	58	135	389	0	132	325	83	288	85	297	232	123	|
|221	219	203	96	101	244	343	132	0	309	73	289	198	298	182	171	|
|338	410	433	387	274	452	94	325	309	0	351	48	404	44	133	207	|
|174	279	253	131	89	173	398	83	73	351	0	322	129	332	234	174	|
|294	415	432	373	240	411	141	288	289	48	322	0	365	9	128	167	|
|98	408	380	256	142	51	472	85	198	404	129	365	0	373	317	198	|
|302	422	440	382	249	419	138	297	298	44	332	9	373	0	136	176	|
|278	288	304	254	175	367	163	232	182	133	234	128	317	136	0	146	|
|136	367	364	267	85	245	281	123	171	207	174	167	198	176	146	0	|

--------------------------------------------------------------------------------
Building model...
	using lazy and cut (CVRPSEP package)
Solving IRP LP...


Gurobi 9.1.0 (linux64) logging started Wed Dec  9 20:41:51 2020

================================================================================
executing instance: ./input/Instances/6/absH3high_3n20_6.dat
--------------------------------------------------------------------------------
Instance details
n	21
H	3
C	1536
Li:
[0, 0, 0, 0, 0, 0, 0, 0, 0, 0, 0, 0, 0, 0, 0, 0, 0, 0, 0, 0, 0, ]
Ui:
[0, 297, 156, 228, 294, 195, 54, 132, 82, 207, 90, 153, 114, 60, 207, 130, 64, 84, 39, 51, 48, ]
Distance matrix:
|0	307	324	284	154	286	402	269	276	141	217	185	160	307	98	103	233	188	149	54	41	|
|307	0	386	104	460	275	106	342	134	353	90	490	436	72	211	269	407	467	445	253	285	|
|324	386	0	286	406	114	484	57	255	200	344	380	467	442	330	226	555	299	327	318	285	|
|284	104	286	0	436	173	198	246	31	289	111	452	434	170	204	214	441	413	401	235	251	|
|154	460	406	436	0	405	553	361	425	208	370	63	101	455	250	232	247	136	87	208	184	|
|286	275	114	173	405	0	371	85	142	205	244	397	444	334	259	183	504	330	341	262	245	|
|402	106	484	198	553	371	0	443	229	459	188	587	517	102	304	373	463	570	545	348	385	|
|269	342	57	246	361	85	443	0	215	154	293	342	417	393	273	170	500	266	286	261	230	|
|276	134	255	31	425	142	229	215	0	267	128	438	431	198	204	198	448	394	385	230	241	|
|141	353	200	289	208	205	459	154	267	0	275	192	269	380	193	88	371	129	136	160	114	|
|217	90	344	111	370	244	188	293	128	275	0	400	349	106	121	187	335	382	357	163	197	|
|185	490	380	452	63	397	587	342	438	192	400	0	163	492	283	240	310	88	56	239	205	|
|160	436	467	434	101	444	517	417	431	269	349	163	0	415	232	261	148	231	179	200	200	|
|307	72	442	170	455	334	102	393	198	380	106	492	415	0	210	293	364	483	453	254	295	|
|98	211	330	204	250	259	304	273	204	193	121	283	232	210	0	113	249	276	244	44	88	|
|103	269	226	214	232	183	373	170	198	88	187	240	261	293	113	0	330	201	188	92	62	|
|233	407	555	441	247	504	463	500	448	371	335	310	148	364	249	330	0	368	316	242	270	|
|188	467	299	413	136	330	570	266	394	129	382	88	231	483	276	201	368	0	53	233	189	|
|149	445	327	401	87	341	545	286	385	136	357	56	179	453	244	188	316	53	0	200	160	|
|54	253	318	235	208	262	348	261	230	160	163	239	200	254	44	92	242	233	200	0	48	|
|41	285	285	251	184	245	385	230	241	114	197	205	200	295	88	62	270	189	160	48	0	|

--------------------------------------------------------------------------------
Building model...
	using lazy and cut (CVRPSEP package)
Solving IRP LP...


Gurobi 9.1.0 (linux64) logging started Wed Dec  9 20:41:53 2020

================================================================================
executing instance: ./input/Instances/6/absH6high_5n20_6.dat
--------------------------------------------------------------------------------
Instance details
n	21
H	6
C	1725
Li:
[0, 0, 0, 0, 0, 0, 0, 0, 0, 0, 0, 0, 0, 0, 0, 0, 0, 0, 0, 0, 0, ]
Ui:
[0, 237, 128, 198, 142, 114, 207, 261, 118, 120, 118, 207, 184, 72, 174, 84, 48, 135, 102, 40, 108, ]
Distance matrix:
|0	577	552	305	431	573	380	274	408	400	384	284	92	384	254	345	461	285	243	408	286	|
|577	0	84	276	177	37	390	303	170	308	287	330	486	217	348	339	279	455	352	168	360	|
|552	84	0	247	124	118	318	289	169	237	319	284	465	171	307	366	331	474	349	158	373	|
|305	276	247	0	130	278	221	61	118	172	209	80	218	86	81	220	276	285	129	111	188	|
|431	177	124	130	0	194	219	182	107	139	268	160	347	47	183	301	308	393	248	87	290	|
|573	37	118	278	194	0	411	298	165	330	262	339	482	229	354	316	248	434	342	168	342	|
|380	390	318	221	219	411	0	274	302	82	429	151	331	197	174	439	491	488	331	283	401	|
|274	303	289	61	182	298	274	0	134	232	167	124	183	143	110	166	241	224	68	136	128	|
|408	170	169	118	107	165	302	134	0	230	163	190	317	105	198	202	202	306	184	21	204	|
|400	308	237	172	139	330	82	232	230	0	372	127	335	125	157	390	427	455	297	211	360	|
|384	287	319	209	268	262	429	167	163	372	0	286	297	252	276	55	79	174	149	182	102	|
|284	330	284	80	160	339	151	124	190	127	286	0	211	114	31	290	355	337	180	178	249	|
|92	486	465	218	347	482	331	183	317	335	297	211	0	301	180	262	375	224	152	318	202	|
|384	217	171	86	47	229	197	143	105	125	252	114	301	0	136	278	303	361	210	86	260	|
|254	348	307	81	183	354	174	110	198	157	276	31	180	136	0	275	348	313	158	189	230	|
|345	339	366	220	301	316	439	166	202	390	55	290	262	278	275	0	119	119	127	219	60	|
|461	279	331	276	308	248	491	241	202	427	79	355	375	303	348	119	0	226	228	222	176	|
|285	455	474	285	393	434	488	224	306	455	174	337	224	361	313	119	226	0	159	320	103	|
|243	352	349	129	248	342	331	68	184	297	149	180	152	210	158	127	228	159	0	191	73	|
|408	168	158	111	87	168	283	136	21	211	182	178	318	86	189	219	222	320	191	0	218	|
|286	360	373	188	290	342	401	128	204	360	102	249	202	260	230	60	176	103	73	218	0	|

--------------------------------------------------------------------------------
Building model...
	using lazy and cut (CVRPSEP package)
Solving IRP LP...


Gurobi 9.1.0 (linux64) logging started Wed Dec  9 20:41:54 2020

================================================================================
executing instance: ./input/Instances/6/absH3low_5n30_6.dat
--------------------------------------------------------------------------------
Instance details
n	31
H	3
C	2296
Li:
[0, 0, 0, 0, 0, 0, 0, 0, 0, 0, 0, 0, 0, 0, 0, 0, 0, 0, 0, 0, 0, 0, 0, 0, 0, 0, 0, 0, 0, 0, 0, ]
Ui:
[0, 196, 112, 110, 246, 129, 294, 126, 264, 192, 147, 237, 90, 297, 96, 92, 28, 54, 32, 123, 192, 96, 105, 128, 72, 28, 80, 88, 74, 84, 72, ]
Distance matrix:
