




arguments: ./build/irp_solver -f ./input/SF-12.cfg
Current dir: /scratch/mardar/irp_lp_solver-master
File verbosity level: 9
date       time         ( uptime  ) [ thread name/id ]                   file:line     v| 
2020-12-09 20:34:59.606 (   0.048s) [main thread     ]             loguru.cpp:789   INFO| Logging to './output/SF/OU/12/execution_09_12_2020_20_34_59.log', mode: 'a', verbosity: 9
--------------------------------------------------------------------------------
Parameters
                           instance_path                   ./input/Instances/12/
                            model_policy                                       1
                             nb_vehicles                                       1
                              output_dir                      ./output/SF/OU/12/
                            sec_strategy                                       1
                       solver_nb_threads                                       2
                         solver_show_log                                   false
                       solver_time_limit                                    3600
--------------------------------------------------------------------------------
executing instance: ./input/Instances/12/absH3high_2n5_12.dat
--------------------------------------------------------------------------------
Instance details
n	6
H	3
C	237
Li:
[0, 0, 0, 0, 0, 0, ]
Ui:
[0, 51, 24, 114, 93, 180, ]
Distance matrix:
|0	35	235	112	170	318	|
|35	0	230	89	205	326	|
|235	230	0	160	301	137	|
|112	89	160	0	258	278	|
|170	205	301	258	0	311	|
|318	326	137	278	311	0	|

--------------------------------------------------------------------------------
Building model...
	using lazy and cut (CVRPSEP package)
Solving IRP LP...


Gurobi 9.1.0 (linux64) logging started Wed Dec  9 20:35:01 2020

================================================================================
executing instance: ./input/Instances/12/absH3high_3n45_12.dat
--------------------------------------------------------------------------------
Instance details
n	46
H	3
C	3564
Li:
[0, 0, 0, 0, 0, 0, 0, 0, 0, 0, 0, 0, 0, 0, 0, 0, 0, 0, 0, 0, 0, 0, 0, 0, 0, 0, 0, 0, 0, 0, 0, 0, 0, 0, 0, 0, 0, 0, 0, 0, 0, 0, 0, 0, 0, 0, ]
Ui:
[0, 36, 68, 38, 42, 54, 92, 84, 153, 33, 74, 174, 52, 165, 198, 210, 210, 34, 45, 44, 33, 96, 52, 195, 156, 180, 142, 116, 108, 96, 219, 264, 183, 141, 231, 168, 124, 72, 140, 171, 213, 270, 294, 152, 288, 294, ]
Distance matrix:
|0	69	80	135	140	120	61	134	55	211	126	56	179	91	57	50	50	241	250	233	274	211	244	113	161	41	110	158	176	210	140	93	209	269	173	166	248	341	250	298	278	230	220	298	281	289	|
|69	0	132	146	89	146	32	173	50	253	195	88	125	146	68	44	110	245	274	248	255	260	291	164	114	56	135	219	245	184	106	141	268	216	239	166	192	275	275	355	210	203	275	328	216	235	|
|80	132	0	207	216	63	107	187	134	254	99	129	204	14	72	129	31	188	308	171	242	131	164	157	179	121	178	173	146	194	148	16	136	283	166	128	267	406	178	222	333	213	143	348	318	365	|
|135	146	207	0	124	255	168	66	98	128	196	79	266	215	186	105	176	374	129	368	398	331	364	90	260	102	32	151	229	329	251	222	312	356	194	298	329	320	383	401	295	348	331	186	334	228	|
|140	89	216	124	0	235	121	180	88	252	258	120	166	228	157	91	189	328	246	335	326	346	378	188	170	103	134	252	304	252	176	227	348	248	285	250	220	210	363	437	171	268	358	305	212	149	|
|120	146	63	255	235	0	114	245	168	315	159	176	174	67	79	161	86	126	365	114	180	126	153	217	146	157	229	237	202	139	114	51	156	240	228	67	229	403	131	229	320	157	151	407	290	380	|
|61	32	107	168	121	114	0	185	70	265	181	99	119	120	37	63	89	214	294	216	230	231	262	170	102	69	152	219	232	161	85	114	243	209	233	135	187	299	242	327	227	180	248	346	222	266	|
|134	173	187	66	180	245	185	0	123	80	147	86	298	191	190	129	159	370	121	357	407	296	328	34	286	118	46	86	171	343	270	202	268	390	131	299	365	383	365	354	351	363	291	164	380	294	|
|55	50	134	98	88	168	70	123	0	203	170	40	175	146	92	8	105	280	224	278	300	266	298	117	165	16	84	176	217	231	154	147	263	267	203	203	242	295	299	352	242	250	275	278	260	235	|
|211	253	254	128	252	315	265	80	203	0	188	166	378	255	268	209	229	440	79	424	484	346	375	99	366	198	122	98	191	421	350	268	307	470	141	373	445	445	426	385	423	441	333	96	458	346	|
|126	195	99	196	258	159	181	147	170	188	0	141	294	92	157	169	96	276	257	252	339	158	187	113	271	155	164	92	51	293	243	108	122	378	70	225	360	464	246	208	404	312	146	284	403	401	|
|56	88	129	79	120	176	99	86	40	166	141	0	212	138	109	44	98	296	196	289	325	257	290	77	199	32	55	137	184	259	185	144	245	304	165	221	279	329	304	335	281	279	261	247	300	260	|
|179	125	204	266	166	174	119	298	175	378	294	212	0	217	137	169	198	203	395	225	171	299	324	287	28	180	259	337	344	101	61	204	329	92	351	141	68	250	265	402	156	112	325	451	116	266	|
|91	146	14	215	228	67	120	191	146	255	92	138	217	0	86	141	41	189	311	170	247	120	153	160	191	132	185	171	137	203	160	17	122	294	161	134	279	420	174	209	346	221	130	350	331	377	|
|57	68	72	186	157	79	37	190	92	268	157	109	137	86	0	85	61	189	305	186	217	193	224	169	114	84	164	208	207	154	89	77	207	222	216	112	203	336	209	291	261	174	211	354	248	303	|
|50	44	129	105	91	161	63	129	8	209	169	44	169	141	85	0	100	273	231	271	293	260	293	121	158	15	91	179	216	223	147	142	259	261	204	195	236	296	292	348	241	243	270	285	257	239	|
|50	110	31	176	189	86	89	159	105	229	96	98	198	41	61	100	0	211	280	198	258	161	194	131	175	91	148	156	146	204	148	46	160	282	157	145	264	385	208	248	316	224	170	322	309	338	|
|241	245	188	374	328	126	214	370	280	440	276	296	203	189	189	273	211	0	489	37	86	172	178	342	180	273	351	360	312	108	158	174	227	220	346	79	224	452	81	262	358	110	206	533	300	459	|
|250	274	308	129	246	365	294	121	224	79	257	196	395	311	305	231	280	489	0	477	522	413	444	152	388	225	142	173	267	454	378	323	379	484	218	416	458	415	485	460	410	474	404	60	458	306	|
|233	248	171	368	335	114	216	357	278	424	252	289	225	170	186	271	198	37	477	0	124	136	141	328	199	269	343	340	285	137	173	156	192	252	322	87	253	473	45	225	381	143	171	519	328	471	|
|274	255	242	398	326	180	230	407	300	484	339	325	171	247	217	293	258	86	522	124	0	255	264	385	157	297	380	414	380	73	151	231	307	154	408	114	166	410	167	348	313	59	289	571	243	437	|
|211	260	131	331	346	126	231	296	266	346	158	257	299	120	193	260	161	172	413	136	255	0	33	263	271	252	300	250	171	244	238	119	58	356	218	169	349	527	107	104	446	257	35	442	414	495	|
|244	291	164	364	378	153	262	328	298	375	187	290	324	153	224	293	194	178	444	141	264	33	0	294	296	284	332	278	195	261	263	152	75	375	244	189	370	556	104	85	473	273	46	471	438	526	|
|113	164	157	90	188	217	170	34	117	99	113	77	287	160	169	121	131	342	152	328	385	263	294	0	272	108	61	65	140	323	253	172	234	378	104	274	355	396	333	320	355	343	256	191	377	314	|
|161	114	179	260	170	146	102	286	165	366	271	199	28	191	114	158	175	180	388	199	157	271	296	272	0	167	249	319	321	84	33	178	301	108	330	114	89	274	239	374	182	99	297	443	144	283	|
|41	56	121	102	103	157	69	118	16	198	155	32	180	132	84	15	91	273	225	269	297	252	284	108	167	0	84	165	202	229	154	134	247	272	189	196	247	310	288	337	255	249	260	277	270	251	|
|110	135	178	32	134	229	152	46	84	122	164	55	259	185	164	91	148	351	142	343	380	300	332	61	249	84	0	125	198	313	237	193	280	350	165	276	324	338	356	369	305	332	299	194	336	253	|
|158	219	173	151	252	237	219	86	176	98	92	137	337	171	208	179	156	360	173	340	414	250	278	65	319	165	125	0	94	359	297	187	209	427	47	300	406	460	336	287	418	379	235	193	435	378	|
|176	245	146	229	304	202	232	171	217	191	51	184	344	137	207	216	146	312	267	285	380	171	195	140	321	202	198	94	0	339	292	153	122	428	51	269	410	512	271	194	454	358	150	284	454	444	|
|210	184	194	329	252	139	161	343	231	421	293	259	101	203	154	223	204	108	454	137	73	244	261	323	84	229	313	359	339	0	78	186	288	115	360	76	116	348	182	346	252	20	276	506	192	366	|
|140	106	148	251	176	114	85	270	154	350	243	185	61	160	89	147	148	158	378	173	151	238	263	253	33	154	237	297	292	78	0	146	269	135	304	86	119	302	211	342	212	97	264	431	177	301	|
|93	141	16	222	227	51	114	202	147	268	108	144	204	17	77	142	46	174	323	156	231	119	152	172	178	134	193	187	153	186	146	0	130	280	177	117	265	413	163	214	338	205	134	363	319	375	|
|209	268	136	312	348	156	243	268	263	307	122	245	329	122	207	259	160	227	379	192	307	58	75	234	301	247	280	209	122	288	269	130	0	395	172	211	385	542	166	90	467	303	29	402	445	497	|
|269	216	283	356	248	240	209	390	267	470	378	304	92	294	222	261	282	220	484	252	154	356	375	378	108	272	350	427	428	115	135	280	395	0	438	187	28	266	297	459	170	110	386	541	92	317	|
|173	239	166	194	285	228	233	131	203	141	70	165	351	161	216	204	157	346	218	322	408	218	244	104	330	189	165	47	51	360	304	177	172	438	0	294	418	494	313	245	445	379	200	233	454	417	|
|166	166	128	298	250	67	135	299	203	373	225	221	141	134	112	195	145	79	416	87	114	169	189	274	114	196	276	300	269	76	86	117	211	187	294	0	181	388	125	272	297	92	200	463	252	384	|
|248	192	267	329	220	229	187	365	242	445	360	279	68	279	203	236	264	224	458	253	166	349	370	355	89	247	324	406	410	116	119	265	385	28	418	181	0	246	298	452	149	115	378	515	78	291	|
|341	275	406	320	210	403	299	383	295	445	464	329	250	420	336	296	385	452	415	473	410	527	556	396	274	310	338	460	512	348	302	413	542	266	494	388	246	0	513	627	97	354	547	473	176	116	|
|250	275	178	383	363	131	242	365	299	426	246	304	265	174	209	292	208	81	485	45	167	107	104	333	239	288	356	336	271	182	211	163	166	297	313	125	298	513	0	185	421	188	141	522	372	504	|
|298	355	222	401	437	229	327	354	352	385	208	335	402	209	291	348	248	262	460	225	348	104	85	320	374	337	369	287	194	346	342	214	90	459	245	272	452	627	185	0	548	357	80	478	518	586	|
|278	210	333	295	171	320	227	351	242	423	404	281	156	346	261	241	316	358	410	381	313	446	473	355	182	255	305	418	454	252	212	338	467	170	445	297	149	97	421	548	0	257	468	470	83	161	|
|230	203	213	348	268	157	180	363	250	441	312	279	112	221	174	243	224	110	474	143	59	257	273	343	99	249	332	379	358	20	97	205	303	110	379	92	115	354	188	357	257	0	289	525	193	378	|
|220	275	143	331	358	151	248	291	275	333	146	261	325	130	211	270	170	206	404	171	289	35	46	256	297	260	299	235	150	276	264	134	29	386	200	200	378	547	141	80	468	289	0	429	441	508	|
|298	328	348	186	305	407	346	164	278	96	284	247	451	350	354	285	322	533	60	519	571	442	471	191	443	277	194	193	284	506	431	363	402	541	233	463	515	473	522	478	470	525	429	0	517	362	|
|281	216	318	334	212	290	222	380	260	458	403	300	116	331	248	257	309	300	458	328	243	414	438	377	144	270	336	435	454	192	177	319	445	92	454	252	78	176	372	518	83	193	441	517	0	241	|
|289	235	365	228	149	380	266	294	235	346	401	260	266	377	303	239	338	459	306	471	437	495	526	314	283	251	253	378	444	366	301	375	497	317	417	384	291	116	504	586	161	378	508	362	241	0	|

--------------------------------------------------------------------------------
Building model...
	using lazy and cut (CVRPSEP package)
Solving IRP LP...


Gurobi 9.1.0 (linux64) logging started Wed Dec  9 20:35:01 2020

================================================================================
executing instance: ./input/Instances/12/absH3low_3n40_12.dat
--------------------------------------------------------------------------------
Instance details
n	41
H	3
C	3283
Li:
[0, 0, 0, 0, 0, 0, 0, 0, 0, 0, 0, 0, 0, 0, 0, 0, 0, 0, 0, 0, 0, 0, 0, 0, 0, 0, 0, 0, 0, 0, 0, 0, 0, 0, 0, 0, 0, 0, 0, 0, 0, ]
Ui:
[0, 42, 162, 102, 78, 22, 132, 45, 111, 118, 63, 102, 66, 102, 42, 122, 122, 111, 99, 130, 114, 126, 152, 159, 207, 96, 198, 210, 192, 52, 176, 261, 174, 116, 165, 210, 156, 294, 252, 282, 190, ]
Distance matrix:
|0	28	57	73	167	222	107	218	143	70	208	186	249	214	286	127	137	225	252	143	177	163	120	201	149	227	173	169	83	343	144	150	255	262	328	293	267	215	266	258	255	|
|28	0	84	96	140	206	98	191	116	43	193	212	271	234	286	105	136	253	234	124	175	139	128	229	167	253	189	180	94	320	118	175	280	244	341	281	240	225	238	230	275	|
|57	84	0	38	222	253	148	275	200	127	240	137	201	170	284	173	147	171	299	195	183	212	112	145	112	179	142	171	77	386	195	97	214	297	299	315	323	195	321	314	208	|
|73	96	38	0	223	229	176	284	210	137	216	158	176	141	247	164	116	182	324	216	150	203	77	150	78	200	106	208	45	369	191	80	239	274	263	286	324	157	323	317	182	|
|167	140	222	223	0	162	164	79	57	99	152	352	385	343	308	77	186	392	205	126	211	56	213	367	277	392	287	283	198	208	40	302	415	173	414	241	102	297	100	95	385	|
|222	206	253	229	162	0	286	236	209	195	14	386	326	284	162	112	119	408	366	272	109	107	167	373	235	428	226	386	184	153	132	286	466	48	299	81	215	201	213	222	321	|
|107	98	148	176	164	286	0	174	112	91	273	231	349	317	383	175	232	282	152	61	271	194	224	271	254	264	280	120	189	371	167	245	274	315	435	365	243	321	242	228	356	|
|218	191	275	284	79	236	174	0	75	148	227	392	454	413	386	155	263	439	150	116	289	133	286	418	346	430	359	291	266	244	119	364	445	237	492	311	75	374	75	58	455	|
|143	116	200	210	57	209	112	75	0	74	198	319	382	343	342	105	205	364	158	69	237	103	220	343	276	357	292	232	196	265	78	290	375	226	432	290	134	313	133	121	385	|
|70	43	127	137	99	195	91	148	74	0	182	253	310	272	299	84	151	295	205	94	188	110	155	272	205	293	223	197	127	292	85	217	316	226	370	274	198	252	196	188	314	|
|208	193	240	216	152	14	273	227	198	182	0	374	319	277	166	99	109	397	355	260	103	97	156	362	225	416	218	372	172	161	120	275	453	58	298	93	211	196	208	216	314	|
|186	212	137	158	352	386	231	392	319	253	374	0	208	205	387	310	273	55	374	291	303	347	229	66	186	42	217	167	203	523	329	130	85	431	348	442	450	279	448	439	222	|
|249	271	201	176	385	326	349	454	382	310	319	208	0	43	242	313	215	180	499	392	217	350	175	146	108	231	103	347	187	480	347	106	280	373	147	346	483	135	481	479	15	|
|214	234	170	141	343	284	317	413	343	272	277	205	43	0	210	270	172	187	465	357	175	307	132	149	67	234	60	327	147	437	305	84	283	331	144	307	441	99	439	437	42	|
|286	286	284	247	308	162	383	386	342	299	166	387	242	210	0	237	151	386	498	391	112	253	172	347	201	424	172	451	209	290	270	259	471	192	155	129	376	113	374	381	230	|
|127	105	173	164	77	112	175	155	105	84	99	310	313	270	237	0	109	343	263	162	135	40	138	313	206	352	213	280	130	216	37	239	382	142	337	192	171	220	169	168	312	|
|137	136	147	116	186	119	232	263	205	151	109	273	215	172	151	109	0	291	354	245	39	141	47	254	117	315	113	305	71	270	145	166	356	167	229	170	276	111	274	275	212	|
|225	253	171	182	392	408	282	439	364	295	397	55	180	187	386	343	291	0	427	341	315	382	244	39	188	53	214	221	225	551	366	129	101	455	326	457	492	275	491	482	195	|
|252	234	299	324	205	366	152	150	158	205	355	374	499	465	498	263	354	427	0	111	389	259	359	420	400	401	423	224	328	393	235	396	400	378	574	446	219	456	219	201	506	|
|143	124	195	216	126	272	61	116	69	94	260	291	392	357	391	162	245	341	111	0	281	169	248	327	291	325	313	175	217	334	142	291	335	293	463	353	189	345	188	173	398	|
|177	175	183	150	211	109	271	289	237	188	103	303	217	175	112	135	39	315	389	281	0	161	74	278	132	344	118	344	106	263	171	187	386	156	206	142	294	95	292	296	212	|
|163	139	212	203	56	107	194	133	103	110	97	347	350	307	253	40	141	382	259	169	161	0	175	353	244	389	249	306	169	183	27	279	418	124	366	187	136	251	133	135	349	|
|120	128	112	77	213	167	224	286	220	155	156	229	175	132	172	138	47	244	359	248	74	175	0	207	71	270	75	280	38	317	174	119	313	214	215	214	309	97	307	306	174	|
|201	229	145	150	367	373	271	418	343	272	362	66	146	149	347	313	254	39	420	327	278	353	207	0	149	85	175	227	191	518	339	91	135	420	290	419	468	235	466	459	160	|
|149	167	112	78	277	235	254	346	276	205	225	186	108	67	201	206	117	188	400	291	132	244	71	149	0	223	32	279	80	387	240	59	270	283	187	272	376	93	374	372	110	|
|227	253	179	200	392	428	264	430	357	293	416	42	231	234	424	352	315	53	401	325	344	389	270	85	223	0	252	184	245	565	370	165	50	474	375	484	489	314	488	477	245	|
|173	189	142	106	287	226	280	359	292	223	218	217	103	60	172	213	113	214	423	313	118	249	75	175	32	252	0	310	96	379	248	87	300	273	157	254	384	62	381	381	100	|
|169	180	171	208	283	386	120	291	232	197	372	167	347	327	451	280	305	221	224	175	344	306	280	227	279	184	310	0	242	487	280	244	176	421	465	461	363	365	362	347	358	|
|83	94	77	45	198	184	189	266	196	127	172	203	187	147	209	130	71	225	328	217	106	169	38	191	80	245	96	242	0	327	162	110	285	230	247	241	298	132	296	293	189	|
|343	320	386	369	208	153	371	244	265	292	161	523	480	437	290	216	270	551	393	334	263	183	317	518	387	565	379	487	327	0	207	434	598	107	441	163	181	352	180	197	474	|
|144	118	195	191	40	132	167	119	78	85	120	329	347	305	270	37	145	366	235	142	171	27	174	339	240	370	248	280	162	207	0	269	398	151	374	212	136	257	134	132	347	|
|150	175	97	80	302	286	245	364	290	217	275	130	106	84	259	239	166	129	396	291	187	279	119	91	59	165	87	244	110	434	269	0	213	333	226	329	404	149	402	397	116	|
|255	280	214	239	415	466	274	445	375	316	453	85	280	283	471	382	356	101	400	335	386	418	313	135	270	50	300	176	285	598	398	213	0	510	425	525	509	362	508	496	295	|
|262	244	297	274	173	48	315	237	226	226	58	431	373	331	192	142	167	455	378	293	156	124	214	420	283	474	273	421	230	107	151	333	510	0	338	79	202	245	200	212	367	|
|328	341	299	263	414	299	435	492	432	370	298	348	147	144	155	337	229	326	574	463	206	366	215	290	187	375	157	465	247	441	374	226	425	338	0	283	500	119	498	501	132	|
|293	281	315	286	241	81	365	311	290	274	93	442	346	307	129	192	170	457	446	353	142	187	214	419	272	484	254	461	241	163	212	329	525	79	283	0	281	211	278	290	337	|
|267	240	323	324	102	215	243	75	134	198	211	450	483	441	376	171	276	492	219	189	294	136	309	468	376	489	384	363	298	181	136	404	509	202	500	281	0	386	2	18	483	|
|215	225	195	157	297	201	321	374	313	252	196	279	135	99	113	220	111	275	456	345	95	251	97	235	93	314	62	365	132	352	257	149	362	245	119	211	386	0	384	386	126	|
|266	238	321	323	100	213	242	75	133	196	208	448	481	439	374	169	274	491	219	188	292	133	307	466	374	488	381	362	296	180	134	402	508	200	498	278	2	384	0	18	481	|
|258	230	314	317	95	222	228	58	121	188	216	439	479	437	381	168	275	482	201	173	296	135	306	459	372	477	381	347	293	197	132	397	496	212	501	290	18	386	18	0	480	|
|255	275	208	182	385	321	356	455	385	314	314	222	15	42	230	312	212	195	506	398	212	349	174	160	110	245	100	358	189	474	347	116	295	367	132	337	483	126	481	480	0	|

--------------------------------------------------------------------------------
Building model...
	using lazy and cut (CVRPSEP package)
Solving IRP LP...


Gurobi 9.1.0 (linux64) logging started Wed Dec  9 20:35:30 2020

================================================================================
executing instance: ./input/Instances/12/absH3low_5n30_12.dat
--------------------------------------------------------------------------------
Instance details
n	31
H	3
C	2296
Li:
[0, 0, 0, 0, 0, 0, 0, 0, 0, 0, 0, 0, 0, 0, 0, 0, 0, 0, 0, 0, 0, 0, 0, 0, 0, 0, 0, 0, 0, 0, 0, ]
Ui:
[0, 72, 84, 74, 88, 80, 28, 72, 128, 105, 96, 192, 123, 32, 54, 28, 92, 96, 297, 90, 237, 147, 192, 264, 126, 294, 129, 246, 110, 112, 196, ]
Distance matrix:
|0	64	106	85	63	87	201	129	13	158	235	120	219	339	345	389	275	274	65	302	161	287	135	171	383	169	401	246	393	412	358	|
|64	0	90	117	90	80	182	193	51	171	276	172	233	306	289	335	279	279	58	259	183	236	150	133	376	155	353	210	408	386	307	|
|106	90	0	188	163	20	272	207	100	255	341	224	317	391	350	401	367	367	143	339	262	308	232	220	467	245	425	296	492	473	377	|
|85	117	188	0	27	170	146	136	89	77	159	69	136	291	337	371	195	194	65	270	77	270	54	145	307	113	374	206	308	354	337	|
|63	90	163	27	0	145	148	142	65	95	186	90	157	291	323	360	212	211	40	263	99	258	72	134	321	114	366	202	331	359	327	|
|87	80	20	170	145	0	261	187	81	238	321	204	301	384	352	402	352	352	128	334	245	307	215	212	454	232	424	289	475	465	376	|
|201	182	272	146	148	261	0	281	196	95	221	204	112	145	224	245	120	122	138	134	117	153	103	68	197	34	237	70	258	212	208	|
|129	193	207	136	142	187	281	0	142	200	192	88	244	427	464	502	308	306	174	404	187	400	182	276	424	248	508	342	390	486	469	|
|13	51	100	89	65	81	196	142	0	159	243	130	221	332	334	377	275	274	58	293	164	276	136	162	381	164	391	238	395	406	347	|
|158	171	255	77	95	238	95	200	159	0	134	115	62	234	314	339	118	117	114	229	23	243	23	130	231	71	332	164	238	287	302	|
|235	276	341	159	186	321	221	192	243	134	0	122	118	342	445	465	166	164	222	352	111	374	142	264	272	203	452	290	204	370	428	|
|120	172	224	69	90	204	204	88	130	115	122	0	157	348	406	438	220	218	130	334	100	338	101	214	336	173	438	269	307	402	403	|
|219	233	317	136	157	301	112	244	221	62	118	157	0	223	334	349	63	61	175	237	61	264	85	169	180	105	334	177	175	257	312	|
|339	306	391	291	291	384	145	427	332	234	342	348	223	0	166	151	187	190	275	70	254	123	247	173	166	179	120	96	290	88	119	|
|345	289	350	337	323	352	224	464	334	314	445	406	334	166	0	55	322	325	290	107	338	71	315	192	331	244	96	157	445	239	54	|
|389	335	401	371	360	402	245	502	377	339	465	438	349	151	55	0	328	330	330	113	362	102	342	226	316	269	48	175	441	210	37	|
|275	279	367	195	212	352	120	308	275	118	166	220	63	187	322	328	0	3	224	217	123	255	141	188	116	131	305	168	138	204	291	|
|274	279	367	194	211	352	122	306	274	117	164	218	61	190	325	330	3	0	224	220	121	257	140	190	118	132	308	171	136	207	294	|
|65	58	143	65	40	128	138	174	58	114	222	130	175	275	290	330	224	224	0	239	125	228	92	107	326	107	339	181	351	348	297	|
|302	259	339	270	263	334	134	404	293	229	352	334	237	70	107	113	217	220	239	0	251	53	235	132	227	162	105	65	339	157	75	|
|161	183	262	77	99	245	117	187	164	23	111	100	61	254	338	362	123	121	125	251	0	267	34	153	238	94	355	187	232	303	325	|
|287	236	308	270	258	307	153	400	276	243	374	338	264	123	71	102	255	257	228	53	267	0	245	125	277	173	117	87	383	208	71	|
|135	150	232	54	72	215	103	182	136	23	142	101	85	247	315	342	141	140	92	235	34	245	0	125	253	73	339	170	260	304	306	|
|171	133	220	145	134	212	68	276	162	130	264	214	169	173	192	226	188	190	107	132	153	125	125	0	261	64	233	77	326	253	193	|
|383	376	467	307	321	454	197	424	381	231	272	336	180	166	331	316	116	118	326	227	238	277	253	261	0	222	280	208	137	129	285	|
|169	155	245	113	114	232	34	248	164	71	203	173	105	179	244	269	131	132	107	162	94	173	73	64	222	0	266	97	268	245	233	|
|401	353	425	374	366	424	237	508	391	332	452	438	334	120	96	48	305	308	339	105	355	117	339	233	280	266	0	169	409	166	49	|
|246	210	296	206	202	289	70	342	238	164	290	269	177	96	157	175	168	171	181	65	187	87	170	77	208	97	169	0	300	178	138	|
|393	408	492	308	331	475	258	390	395	238	204	307	175	290	445	441	138	136	351	339	232	383	260	326	137	268	409	300	0	266	406	|
|412	386	473	354	359	465	212	486	406	287	370	402	257	88	239	210	204	207	348	157	303	208	304	253	129	245	166	178	266	0	187	|
|358	307	377	337	327	376	208	469	347	302	428	403	312	119	54	37	291	294	297	75	325	71	306	193	285	233	49	138	406	187	0	|

--------------------------------------------------------------------------------
Building model...
	using lazy and cut (CVRPSEP package)
Solving IRP LP...


Gurobi 9.1.0 (linux64) logging started Wed Dec  9 20:36:44 2020

================================================================================
executing instance: ./input/Instances/12/absH3low_1n45_12.dat
--------------------------------------------------------------------------------
Instance details
n	46
H	3
C	3462
Li:
[0, 0, 0, 0, 0, 0, 0, 0, 0, 0, 0, 0, 0, 0, 0, 0, 0, 0, 0, 0, 0, 0, 0, 0, 0, 0, 0, 0, 0, 0, 0, 0, 0, 0, 0, 0, 0, 0, 0, 0, 0, 0, 0, 0, 0, 0, ]
Ui:
[0, 26, 44, 66, 36, 75, 64, 54, 45, 30, 94, 117, 96, 30, 112, 48, 108, 22, 86, 148, 198, 174, 192, 45, 165, 180, 72, 198, 66, 174, 92, 136, 210, 168, 90, 270, 180, 249, 144, 273, 264, 237, 180, 156, 270, 198, ]
Distance matrix:
|0	44	20	70	160	139	110	137	206	236	71	166	200	305	116	278	254	374	236	93	136	180	201	431	249	252	426	247	461	169	363	260	256	327	390	201	219	253	312	281	303	346	349	439	464	460	|
|44	0	56	109	183	129	143	168	250	262	110	153	243	334	130	294	247	357	270	57	93	198	225	460	290	232	456	226	490	140	351	274	238	339	426	157	201	232	353	319	314	379	372	462	458	449	|
|20	56	0	53	140	127	120	117	202	216	77	153	187	285	97	257	238	361	217	95	143	159	180	411	234	241	406	237	441	164	348	240	245	308	372	207	208	242	296	264	283	327	329	419	448	446	|
|70	109	53	0	107	141	124	73	167	175	81	167	135	239	85	226	236	368	167	140	191	130	142	365	181	257	359	253	394	196	349	213	257	281	320	254	223	258	244	212	258	277	289	378	440	444	|
|160	183	140	107	0	120	230	45	235	80	187	132	150	155	58	119	158	294	112	182	231	24	43	280	169	208	276	205	309	192	268	107	202	174	262	285	177	210	219	170	151	207	190	280	345	356	|
|139	129	127	141	120	0	246	141	308	191	202	27	252	266	71	195	119	235	231	92	129	119	156	385	282	116	383	112	414	72	224	169	118	226	380	171	82	117	336	290	201	323	283	367	329	322	|
|110	143	120	124	230	246	0	191	135	290	45	273	189	344	206	348	355	480	262	199	233	254	261	464	242	361	457	356	493	279	466	337	364	404	399	294	328	362	302	289	382	369	402	490	562	563	|
|137	168	117	73	45	141	191	0	191	102	150	159	113	168	70	157	200	336	103	181	233	68	70	294	142	242	289	239	324	210	311	148	238	215	260	292	210	244	199	157	193	211	216	306	389	400	|
|206	250	202	167	235	308	135	191	0	258	144	333	109	286	244	329	390	525	203	297	342	258	246	386	148	422	378	418	412	362	502	329	421	390	300	407	388	423	194	202	372	288	354	432	578	591	|
|236	262	216	175	80	191	290	102	258	0	251	197	153	75	138	72	186	312	69	262	310	72	37	199	145	255	195	254	229	262	279	81	246	133	191	361	230	257	174	121	118	132	114	204	330	353	|
|71	110	77	81	187	202	45	150	144	251	0	229	168	310	161	306	310	436	230	163	203	211	221	432	221	318	426	313	462	239	422	294	321	362	374	266	285	319	283	263	338	339	364	454	517	518	|
|166	153	153	167	132	27	273	159	333	197	229	0	272	270	91	190	96	208	243	112	141	127	164	385	299	90	383	86	413	68	198	163	92	215	388	174	56	91	351	302	191	329	280	361	305	296	|
|200	243	187	135	150	252	189	113	109	153	168	272	0	177	181	225	308	443	95	274	325	169	148	283	53	355	275	352	311	318	415	230	351	286	210	388	323	357	115	101	270	186	245	325	480	498	|
|305	334	285	239	155	266	344	168	286	75	310	270	177	0	213	103	244	358	85	336	385	147	112	126	145	320	122	320	156	336	321	128	309	146	125	436	298	322	145	99	144	63	70	148	348	381	|
|116	130	97	85	58	71	206	70	244	138	161	91	181	213	0	165	151	284	165	124	173	69	101	337	212	178	333	175	367	140	264	145	177	212	319	228	145	180	267	222	187	265	244	333	357	359	|
|278	294	257	226	119	195	348	157	329	72	306	190	225	103	165	0	145	255	139	280	323	98	87	198	215	224	197	224	225	258	219	29	212	61	227	364	206	226	237	184	46	165	90	172	259	285	|
|254	247	238	236	158	119	355	200	390	186	310	96	308	244	151	145	0	136	250	208	233	139	168	340	320	81	340	83	365	148	113	117	68	143	369	254	74	83	359	306	123	307	230	299	211	208	|
|374	357	361	368	294	235	480	336	525	312	436	208	443	358	284	255	136	0	380	307	313	274	300	429	452	127	432	132	448	227	40	234	119	223	480	306	156	127	487	434	216	419	324	367	137	102	|
|236	270	217	167	112	231	262	103	203	69	230	243	95	85	165	139	250	380	0	284	335	118	83	202	76	313	195	311	231	303	347	150	305	198	156	393	284	315	110	59	185	110	151	233	398	422	|
|93	57	95	140	182	92	199	181	297	262	163	112	274	336	124	280	208	307	284	0	52	191	224	460	317	180	457	175	490	84	304	256	188	317	440	114	152	180	377	338	292	387	364	452	415	402	|
|136	93	143	191	231	129	233	233	342	310	203	141	325	385	173	323	233	313	335	52	0	239	273	508	369	187	505	182	538	88	316	297	199	355	491	64	167	187	429	390	330	438	409	495	431	412	|
|180	198	159	130	24	119	254	68	258	72	211	127	169	147	69	98	139	274	118	191	239	0	38	269	183	195	266	193	299	191	246	83	188	151	261	289	166	197	228	177	128	204	174	263	321	333	|
|201	225	180	142	43	156	261	70	246	37	221	164	148	112	101	87	168	300	83	224	273	38	0	237	152	230	233	228	266	228	270	84	222	147	224	325	202	232	193	142	127	167	148	238	333	351	|
|431	460	411	365	280	385	464	294	386	199	432	385	283	126	337	198	340	429	202	460	508	269	237	0	238	420	9	421	30	453	388	226	408	206	108	556	404	423	204	184	219	98	110	84	378	422	|
|249	290	234	181	169	282	242	142	148	145	221	299	53	145	212	215	320	452	76	317	369	183	152	238	0	377	229	374	264	352	421	226	370	273	157	430	346	378	63	53	261	140	215	287	474	498	|
|252	232	241	257	208	116	361	242	422	255	318	90	355	320	178	224	81	127	313	180	187	195	230	420	377	0	421	5	446	100	129	195	15	224	443	191	34	2	423	371	204	382	311	380	246	225	|
|426	456	406	359	276	383	457	289	378	195	426	383	275	122	333	197	340	432	195	457	505	266	233	9	229	421	0	421	36	451	391	226	408	209	99	554	404	423	195	176	221	90	111	92	384	427	|
|247	226	237	253	205	112	356	239	418	254	313	86	352	320	175	224	83	132	311	175	182	193	228	421	374	5	421	0	447	95	134	196	19	226	443	186	30	6	421	370	206	382	312	382	251	230	|
|461	490	441	394	309	414	493	324	412	229	462	413	311	156	367	225	365	448	231	490	538	299	266	30	264	446	36	447	0	481	408	253	433	228	125	585	430	448	226	211	243	125	135	89	390	436	|
|169	140	164	196	192	72	279	210	362	262	239	68	318	336	140	258	148	227	303	84	88	191	228	453	352	100	451	95	481	0	229	231	111	280	452	108	79	100	407	361	256	394	348	429	344	325	|
|363	351	348	349	268	224	466	311	502	279	422	198	415	321	264	219	113	40	347	304	316	246	270	388	421	129	391	134	408	229	0	199	118	184	442	318	152	130	452	399	178	381	284	326	117	98	|
|260	274	240	213	107	169	337	148	329	81	294	163	230	128	145	29	117	234	150	256	297	83	84	226	226	195	226	196	253	231	199	0	184	68	252	337	178	198	254	201	45	190	118	199	251	272	|
|256	238	245	257	202	118	364	238	421	246	321	92	351	309	177	212	68	119	305	188	199	188	222	408	370	15	408	19	433	111	118	184	0	210	433	205	37	17	415	364	191	371	298	366	233	214	|
|327	339	308	281	174	226	404	215	390	133	362	215	286	146	212	61	143	223	198	317	355	151	147	206	273	224	209	226	228	280	184	68	210	0	261	388	215	226	288	238	25	202	101	156	203	235	|
|390	426	372	320	262	380	399	260	300	191	374	388	210	125	319	227	369	480	156	440	491	261	224	108	157	443	99	443	125	452	442	252	433	261	0	546	420	446	107	111	264	62	164	186	456	494	|
|201	157	207	254	285	171	294	292	407	361	266	174	388	436	228	364	254	306	393	114	64	289	325	556	430	191	554	186	585	108	318	337	205	388	546	0	181	190	490	448	364	491	453	536	435	408	|
|219	201	208	223	177	82	328	210	388	230	285	56	323	298	145	206	74	156	284	152	167	166	202	404	346	34	404	30	430	79	152	178	37	215	420	181	0	35	394	344	193	359	295	369	265	250	|
|253	232	242	258	210	117	362	244	423	257	319	91	357	322	180	226	83	127	315	180	187	197	232	423	378	2	423	6	448	100	130	198	17	226	446	190	35	0	425	374	206	384	313	382	246	225	|
|312	353	296	244	219	336	302	199	194	174	283	351	115	145	267	237	359	487	110	377	429	228	193	204	63	423	195	421	226	407	452	254	415	288	107	490	394	425	0	53	282	113	212	267	492	521	|
|281	319	264	212	170	290	289	157	202	121	263	302	101	99	222	184	306	434	59	338	390	177	142	184	53	371	176	370	211	361	399	201	364	238	111	448	344	374	53	0	230	86	169	235	441	469	|
|303	314	283	258	151	201	382	193	372	118	338	191	270	144	187	46	123	216	185	292	330	128	127	219	261	204	221	206	243	256	178	45	191	25	264	364	193	206	282	230	0	203	110	176	213	239	|
|346	379	327	277	207	323	369	211	288	132	339	329	186	63	265	165	307	419	110	387	438	204	167	98	140	382	90	382	125	394	381	190	371	202	62	491	359	384	113	86	203	0	109	155	400	436	|
|349	372	329	289	190	283	402	216	354	114	364	280	245	70	244	90	230	324	151	364	409	174	148	110	215	311	111	312	135	348	284	118	298	101	164	453	295	313	212	169	110	109	0	90	292	330	|
|439	462	419	378	280	367	490	306	432	204	454	361	325	148	333	172	299	367	233	452	495	263	238	84	287	380	92	382	89	429	326	199	366	156	186	536	369	382	267	235	176	155	90	0	301	348	|
|464	458	448	440	345	329	562	389	578	330	517	305	480	348	357	259	211	137	398	415	431	321	333	378	474	246	384	251	390	344	117	251	233	203	456	435	265	246	492	441	213	400	292	301	0	54	|
|460	449	446	444	356	322	563	400	591	353	518	296	498	381	359	285	208	102	422	402	412	333	351	422	498	225	427	230	436	325	98	272	214	235	494	408	250	225	521	469	239	436	330	348	54	0	|

--------------------------------------------------------------------------------
Building model...
	using lazy and cut (CVRPSEP package)
Solving IRP LP...


Gurobi 9.1.0 (linux64) logging started Wed Dec  9 20:37:31 2020

================================================================================
executing instance: ./input/Instances/12/absH6low_4n20_12.dat
--------------------------------------------------------------------------------
Instance details
n	21
H	6
C	1570
Li:
[0, 0, 0, 0, 0, 0, 0, 0, 0, 0, 0, 0, 0, 0, 0, 0, 0, 0, 0, 0, 0, ]
Ui:
[0, 46, 26, 78, 201, 63, 54, 130, 138, 144, 108, 159, 96, 136, 126, 170, 132, 159, 222, 114, 158, ]
Distance matrix:
|0	169	234	94	58	368	413	150	137	270	270	283	430	224	328	290	423	518	404	524	440	|
|169	0	87	242	139	240	261	134	50	228	195	141	273	70	198	246	315	350	242	354	284	|
|234	87	0	318	187	274	267	133	137	305	265	179	196	120	237	191	358	294	173	309	206	|
|94	242	318	0	152	396	456	244	198	261	279	327	513	281	360	383	435	590	484	589	523	|
|58	139	187	152	0	363	396	92	123	291	281	270	381	203	321	232	427	478	360	488	391	|
|368	240	274	396	363	0	88	373	240	173	128	99	333	170	42	465	86	310	288	278	346	|
|413	261	267	456	396	88	0	386	277	257	208	131	271	193	105	453	152	226	227	191	283	|
|150	134	133	244	92	373	386	0	152	343	320	274	312	203	332	143	448	423	298	441	320	|
|137	50	137	198	123	240	277	152	0	192	169	148	322	86	198	281	306	392	289	392	333	|
|270	228	305	261	291	173	257	343	192	0	52	167	442	189	154	472	181	459	399	437	455	|
|270	195	265	279	281	128	208	320	169	52	0	116	392	146	104	441	156	407	349	386	406	|
|283	141	179	327	270	99	131	274	148	167	116	0	277	71	59	368	180	296	233	280	291	|
|430	273	196	513	381	333	271	312	322	442	392	277	0	263	315	282	415	135	45	176	13	|
|224	70	120	281	203	170	193	203	86	189	146	71	263	0	129	304	247	314	224	309	276	|
|328	198	237	360	321	42	105	332	198	154	104	59	315	129	0	427	121	309	270	284	328	|
|290	246	191	383	232	465	453	143	281	472	441	368	282	304	427	0	548	414	290	447	284	|
|423	315	358	435	427	86	152	448	306	181	156	180	415	247	121	548	0	377	370	339	428	|
|518	350	294	590	478	310	226	423	392	459	407	296	135	314	309	414	377	0	128	52	137	|
|404	242	173	484	360	288	227	298	289	399	349	233	45	224	270	290	370	128	0	158	58	|
|524	354	309	589	488	278	191	441	392	437	386	280	176	309	284	447	339	52	158	0	180	|
|440	284	206	523	391	346	283	320	333	455	406	291	13	276	328	284	428	137	58	180	0	|

--------------------------------------------------------------------------------
Building model...
	using lazy and cut (CVRPSEP package)
Solving IRP LP...


Gurobi 9.1.0 (linux64) logging started Wed Dec  9 20:38:09 2020

================================================================================
executing instance: ./input/Instances/12/absH3high_1n45_12.dat
--------------------------------------------------------------------------------
Instance details
n	46
H	3
C	3462
Li:
[0, 0, 0, 0, 0, 0, 0, 0, 0, 0, 0, 0, 0, 0, 0, 0, 0, 0, 0, 0, 0, 0, 0, 0, 0, 0, 0, 0, 0, 0, 0, 0, 0, 0, 0, 0, 0, 0, 0, 0, 0, 0, 0, 0, 0, 0, ]
Ui:
[0, 26, 44, 66, 36, 75, 64, 54, 45, 30, 94, 117, 96, 30, 112, 48, 108, 22, 86, 148, 198, 174, 192, 45, 165, 180, 72, 198, 66, 174, 92, 136, 210, 168, 90, 270, 180, 249, 144, 273, 264, 237, 180, 156, 270, 198, ]
Distance matrix:
|0	44	20	70	160	139	110	137	206	236	71	166	200	305	116	278	254	374	236	93	136	180	201	431	249	252	426	247	461	169	363	260	256	327	390	201	219	253	312	281	303	346	349	439	464	460	|
|44	0	56	109	183	129	143	168	250	262	110	153	243	334	130	294	247	357	270	57	93	198	225	460	290	232	456	226	490	140	351	274	238	339	426	157	201	232	353	319	314	379	372	462	458	449	|
|20	56	0	53	140	127	120	117	202	216	77	153	187	285	97	257	238	361	217	95	143	159	180	411	234	241	406	237	441	164	348	240	245	308	372	207	208	242	296	264	283	327	329	419	448	446	|
|70	109	53	0	107	141	124	73	167	175	81	167	135	239	85	226	236	368	167	140	191	130	142	365	181	257	359	253	394	196	349	213	257	281	320	254	223	258	244	212	258	277	289	378	440	444	|
|160	183	140	107	0	120	230	45	235	80	187	132	150	155	58	119	158	294	112	182	231	24	43	280	169	208	276	205	309	192	268	107	202	174	262	285	177	210	219	170	151	207	190	280	345	356	|
|139	129	127	141	120	0	246	141	308	191	202	27	252	266	71	195	119	235	231	92	129	119	156	385	282	116	383	112	414	72	224	169	118	226	380	171	82	117	336	290	201	323	283	367	329	322	|
|110	143	120	124	230	246	0	191	135	290	45	273	189	344	206	348	355	480	262	199	233	254	261	464	242	361	457	356	493	279	466	337	364	404	399	294	328	362	302	289	382	369	402	490	562	563	|
|137	168	117	73	45	141	191	0	191	102	150	159	113	168	70	157	200	336	103	181	233	68	70	294	142	242	289	239	324	210	311	148	238	215	260	292	210	244	199	157	193	211	216	306	389	400	|
|206	250	202	167	235	308	135	191	0	258	144	333	109	286	244	329	390	525	203	297	342	258	246	386	148	422	378	418	412	362	502	329	421	390	300	407	388	423	194	202	372	288	354	432	578	591	|
|236	262	216	175	80	191	290	102	258	0	251	197	153	75	138	72	186	312	69	262	310	72	37	199	145	255	195	254	229	262	279	81	246	133	191	361	230	257	174	121	118	132	114	204	330	353	|
|71	110	77	81	187	202	45	150	144	251	0	229	168	310	161	306	310	436	230	163	203	211	221	432	221	318	426	313	462	239	422	294	321	362	374	266	285	319	283	263	338	339	364	454	517	518	|
|166	153	153	167	132	27	273	159	333	197	229	0	272	270	91	190	96	208	243	112	141	127	164	385	299	90	383	86	413	68	198	163	92	215	388	174	56	91	351	302	191	329	280	361	305	296	|
|200	243	187	135	150	252	189	113	109	153	168	272	0	177	181	225	308	443	95	274	325	169	148	283	53	355	275	352	311	318	415	230	351	286	210	388	323	357	115	101	270	186	245	325	480	498	|
|305	334	285	239	155	266	344	168	286	75	310	270	177	0	213	103	244	358	85	336	385	147	112	126	145	320	122	320	156	336	321	128	309	146	125	436	298	322	145	99	144	63	70	148	348	381	|
|116	130	97	85	58	71	206	70	244	138	161	91	181	213	0	165	151	284	165	124	173	69	101	337	212	178	333	175	367	140	264	145	177	212	319	228	145	180	267	222	187	265	244	333	357	359	|
|278	294	257	226	119	195	348	157	329	72	306	190	225	103	165	0	145	255	139	280	323	98	87	198	215	224	197	224	225	258	219	29	212	61	227	364	206	226	237	184	46	165	90	172	259	285	|
|254	247	238	236	158	119	355	200	390	186	310	96	308	244	151	145	0	136	250	208	233	139	168	340	320	81	340	83	365	148	113	117	68	143	369	254	74	83	359	306	123	307	230	299	211	208	|
|374	357	361	368	294	235	480	336	525	312	436	208	443	358	284	255	136	0	380	307	313	274	300	429	452	127	432	132	448	227	40	234	119	223	480	306	156	127	487	434	216	419	324	367	137	102	|
|236	270	217	167	112	231	262	103	203	69	230	243	95	85	165	139	250	380	0	284	335	118	83	202	76	313	195	311	231	303	347	150	305	198	156	393	284	315	110	59	185	110	151	233	398	422	|
|93	57	95	140	182	92	199	181	297	262	163	112	274	336	124	280	208	307	284	0	52	191	224	460	317	180	457	175	490	84	304	256	188	317	440	114	152	180	377	338	292	387	364	452	415	402	|
|136	93	143	191	231	129	233	233	342	310	203	141	325	385	173	323	233	313	335	52	0	239	273	508	369	187	505	182	538	88	316	297	199	355	491	64	167	187	429	390	330	438	409	495	431	412	|
|180	198	159	130	24	119	254	68	258	72	211	127	169	147	69	98	139	274	118	191	239	0	38	269	183	195	266	193	299	191	246	83	188	151	261	289	166	197	228	177	128	204	174	263	321	333	|
|201	225	180	142	43	156	261	70	246	37	221	164	148	112	101	87	168	300	83	224	273	38	0	237	152	230	233	228	266	228	270	84	222	147	224	325	202	232	193	142	127	167	148	238	333	351	|
|431	460	411	365	280	385	464	294	386	199	432	385	283	126	337	198	340	429	202	460	508	269	237	0	238	420	9	421	30	453	388	226	408	206	108	556	404	423	204	184	219	98	110	84	378	422	|
|249	290	234	181	169	282	242	142	148	145	221	299	53	145	212	215	320	452	76	317	369	183	152	238	0	377	229	374	264	352	421	226	370	273	157	430	346	378	63	53	261	140	215	287	474	498	|
|252	232	241	257	208	116	361	242	422	255	318	90	355	320	178	224	81	127	313	180	187	195	230	420	377	0	421	5	446	100	129	195	15	224	443	191	34	2	423	371	204	382	311	380	246	225	|
|426	456	406	359	276	383	457	289	378	195	426	383	275	122	333	197	340	432	195	457	505	266	233	9	229	421	0	421	36	451	391	226	408	209	99	554	404	423	195	176	221	90	111	92	384	427	|
