




arguments: ./build/bc_mirp -f ./input/orig_exec_229.cfg
Current dir: /scratch/gui/bc_mirp
File verbosity level: 9
date       time         ( uptime  ) [ thread name/id ]                   file:line     v| 
2021-02-14 23:49:09.692 (   0.140s) [main thread     ]             loguru.cpp:789   INFO| Logging to './output/vi_vc+vr/OU/V5/Original/execution_14_02_2021_23_49_09.log', mode: 'a', verbosity: 9
--------------------------------------------------------------------------------
Parameters
                           instance_path           ./input/Instances/Original/5/
                            model_policy                                       1
                             nb_vehicles                                       5
                              output_dir       ./output/vi_vc+vr/OU/V5/Original/
                            sec_strategy                                       1
                       solver_nb_threads                                       2
                         solver_show_log                                    true
                       solver_time_limit                                    3600
                              use_vi_cos                                   false
                              use_vi_cus                                   false
                         use_vi_hc1_full                                   false
                         use_vi_hc1_half                                   false
                      use_vi_hc1_quarter                                   false
                              use_vi_hc2                                   false
                              use_vi_hc3                                   false
                         use_vi_lex_full                                   false
                         use_vi_lex_half                                   false
                      use_vi_lex_quarter                                   false
                              use_vi_qua                                   false
                               use_vi_vc                                    true
                               use_vi_vr                                    true
--------------------------------------------------------------------------------
executing instance: ./input/Instances/Original/5/absH3low_4n50.dat
--------------------------------------------------------------------------------
Instance details
n	51
H	3
C	4066
Li:
[0, 0, 0, 0, 0, 0, 0, 0, 0, 0, 0, 0, 0, 0, 0, 0, 0, 0, 0, 0, 0, 0, 0, 0, 0, 0, 0, 0, 0, 0, 0, 0, 0, 0, 0, 0, 0, 0, 0, 0, 0, 0, 0, 0, 0, 0, 0, 0, 0, 0, 0, ]
Ui:
[0, 108, 126, 122, 66, 120, 48, 30, 128, 54, 158, 198, 36, 66, 210, 234, 147, 297, 171, 128, 116, 120, 219, 70, 294, 207, 134, 128, 234, 122, 22, 183, 195, 255, 132, 124, 66, 189, 219, 66, 128, 102, 288, 66, 87, 136, 36, 39, 282, 36, 237, ]
Distance matrix:
|0	210	444	498	509	104	438	228	487	304	456	434	526	476	163	47	293	396	293	290	313	85	280	437	293	336	409	106	449	376	433	478	193	404	404	534	278	181	380	507	189	438	263	473	353	216	202	218	452	254	465	|
|210	0	299	507	359	106	345	409	358	411	320	402	555	448	136	200	289	264	306	427	141	222	83	348	264	320	283	303	380	208	258	357	170	348	475	542	243	347	355	379	65	479	172	373	355	251	112	229	402	210	300	|
|444	299	0	363	65	358	116	542	66	440	26	241	425	272	282	407	251	51	276	490	159	397	224	124	217	237	48	490	170	99	83	74	261	180	430	385	214	479	231	85	270	390	184	116	271	300	409	276	210	215	54	|
|498	507	363	0	385	482	246	424	326	254	343	123	63	93	388	452	221	337	211	314	428	414	480	239	243	187	324	463	194	418	438	307	346	188	156	36	264	392	156	326	444	87	340	258	154	286	603	294	153	297	417	|
|509	359	65	385	0	422	145	602	59	492	59	269	448	292	348	472	305	115	329	545	218	462	281	152	274	286	106	554	192	153	116	78	326	216	472	403	274	540	271	63	334	425	249	127	316	361	468	337	233	278	69	|
|104	106	358	482	422	0	372	309	408	337	374	396	521	441	98	96	262	314	271	342	215	124	177	373	249	302	329	198	394	281	337	402	139	353	419	518	230	250	343	428	90	437	188	405	328	200	134	188	406	199	372	|
|438	345	116	246	145	372	0	485	87	357	97	126	309	155	279	394	180	101	200	414	223	373	288	8	157	150	84	459	53	188	196	68	245	72	328	269	165	427	128	97	297	280	184	36	175	250	456	233	94	184	170	|
|228	409	542	424	602	309	485	0	561	170	544	419	424	446	298	214	305	491	286	115	462	187	457	480	331	339	496	124	470	510	565	545	295	424	279	454	329	66	376	576	363	340	370	520	330	242	429	266	453	328	581	|
|487	358	66	326	59	408	87	561	0	441	40	211	389	233	324	446	258	95	281	497	220	431	287	95	230	234	79	522	133	164	146	19	297	160	415	344	233	500	215	21	323	367	224	68	261	320	470	299	174	242	106	|
|304	411	440	254	492	337	357	170	441	0	434	266	255	286	275	266	189	392	164	63	408	225	428	351	224	207	392	234	330	438	484	424	250	287	112	284	232	149	233	453	349	170	302	389	185	168	471	195	305	248	487	|
|456	320	26	343	59	374	97	544	40	434	0	223	406	252	294	418	247	60	271	487	181	405	247	105	215	229	49	498	149	124	109	48	270	165	419	364	215	482	218	60	288	375	194	92	261	302	431	279	190	220	75	|
|434	402	241	123	269	396	126	419	211	266	223	0	185	46	298	387	140	213	145	328	310	355	366	118	147	97	201	425	78	295	315	191	256	65	211	151	166	371	53	215	343	157	231	145	90	220	505	217	41	198	295	|
|526	555	425	63	448	521	309	424	389	255	406	185	0	156	430	481	266	398	252	310	485	442	534	301	293	237	386	480	257	478	500	370	390	249	145	55	313	401	212	389	491	89	392	321	201	322	646	334	216	345	479	|
|476	448	272	93	292	441	155	446	233	286	252	46	156	0	343	429	183	250	184	348	353	396	411	148	192	140	236	461	102	334	350	214	302	106	214	113	212	402	98	233	389	151	277	165	125	261	551	260	62	244	325	|
|163	136	282	388	348	98	279	298	324	275	294	298	430	343	0	124	167	234	178	296	167	121	162	279	151	205	247	216	297	224	280	316	42	256	340	423	132	232	246	344	74	349	100	314	233	115	216	97	308	101	307	|
|47	200	407	452	472	96	394	214	446	266	418	387	481	429	124	0	246	358	245	259	284	41	261	392	247	289	370	103	403	345	402	436	150	358	361	488	232	158	333	466	165	393	223	430	306	168	217	171	406	210	431	|
|293	289	251	221	305	262	180	305	258	189	247	140	266	183	167	246	0	204	26	240	238	215	276	175	37	43	203	289	169	255	297	242	125	122	202	257	52	248	87	272	225	191	134	215	67	80	382	77	163	81	298	|
|396	264	51	337	115	314	101	491	95	392	60	213	398	250	234	358	204	0	229	442	130	347	196	108	169	194	19	440	152	87	102	93	211	149	390	363	165	428	194	116	228	355	134	117	230	250	376	225	189	164	95	|
|293	306	276	211	329	271	200	286	281	164	271	145	252	184	178	245	26	229	0	216	262	212	297	195	63	53	228	280	184	280	323	264	138	137	178	248	76	232	95	294	241	173	156	234	60	77	395	83	172	102	324	|
|290	427	490	314	545	342	414	115	497	63	487	328	310	348	296	259	240	442	216	0	443	220	456	408	273	264	443	204	390	479	529	480	278	346	165	343	278	115	293	509	369	229	340	447	244	202	473	230	366	288	536	|
|313	141	159	428	218	215	223	462	220	408	181	310	485	353	167	284	238	130	262	443	0	288	67	228	202	252	149	382	267	67	122	221	168	247	440	459	186	396	273	241	125	423	107	245	291	242	251	214	297	162	160	|
|85	222	397	414	462	124	373	187	431	225	405	355	442	396	121	41	215	347	212	220	288	0	273	371	221	258	357	95	378	344	401	420	136	331	321	450	208	126	302	450	177	353	213	409	272	136	253	143	377	190	426	|
|280	83	224	480	281	177	288	457	287	428	247	366	534	411	162	261	276	196	297	456	67	273	0	292	243	298	215	363	329	128	176	288	179	305	475	513	224	392	324	307	96	466	143	311	335	261	187	235	357	195	219	|
|437	348	124	239	152	373	8	480	95	351	105	118	301	148	279	392	175	108	195	408	228	371	292	0	154	144	91	456	46	194	203	76	244	65	320	261	163	423	121	103	299	273	185	40	168	247	459	230	86	183	178	|
|293	264	217	243	274	249	157	331	230	224	215	147	293	192	151	247	37	169	63	273	202	221	243	154	0	57	170	303	157	217	260	215	110	111	238	278	21	271	94	245	201	223	100	193	92	93	362	78	160	54	263	|
|336	320	237	187	286	302	150	339	234	207	229	97	237	140	205	289	43	194	53	264	252	258	298	144	57	0	190	331	131	257	294	216	163	84	197	221	77	285	44	246	258	172	155	183	39	123	418	119	120	110	288	|
|409	283	48	324	106	329	84	496	79	392	49	201	386	236	247	370	203	19	228	443	149	357	215	91	170	190	0	449	136	105	114	75	221	138	384	349	168	434	185	99	245	346	146	98	224	255	394	231	174	171	99	|
|106	303	490	463	554	198	459	124	522	234	498	425	480	461	216	103	289	440	280	204	382	95	363	456	303	331	449	0	458	439	496	510	229	410	344	498	293	89	374	540	267	391	307	495	336	211	308	226	451	280	520	|
|449	380	170	194	192	394	53	470	133	330	149	78	257	102	297	403	169	152	184	390	267	378	329	46	157	131	136	458	0	238	249	114	259	47	287	216	171	416	96	137	327	235	211	67	145	247	488	235	41	197	223	|
|376	208	99	418	153	281	188	510	164	438	124	295	478	334	224	345	255	87	280	479	67	344	128	194	217	257	105	439	238	0	57	169	216	230	453	445	206	445	268	184	191	427	141	202	296	278	315	250	274	191	92	|
|433	258	83	438	116	337	196	565	146	484	109	315	500	350	280	402	297	102	323	529	122	401	176	203	260	294	114	496	249	57	0	157	271	252	490	463	251	499	296	162	247	457	195	199	331	329	362	302	288	241	47	|
|478	357	74	307	78	402	68	545	19	424	48	191	370	214	316	436	242	93	264	480	221	420	288	76	215	216	75	510	114	169	157	0	287	141	396	325	219	485	196	31	319	347	216	49	243	306	469	286	154	230	120	|
|193	170	261	346	326	139	245	295	297	250	270	256	390	302	42	150	125	211	138	278	168	136	179	244	110	163	221	229	259	216	271	287	0	216	305	382	91	229	204	316	105	310	78	280	192	83	257	60	268	62	292	|
|404	348	180	188	216	353	72	424	160	287	165	65	249	106	256	358	122	149	137	346	247	331	305	65	111	84	138	410	47	230	252	141	216	0	255	215	126	369	56	168	292	210	177	102	103	200	454	189	54	155	234	|
|404	475	430	156	472	419	328	279	415	112	419	211	145	214	340	361	202	390	178	165	440	321	475	320	238	197	384	344	287	453	490	396	305	255	0	181	254	261	201	422	410	69	335	353	160	225	551	246	252	280	482	|
|534	542	385	36	403	518	269	454	344	284	364	151	55	113	423	488	257	363	248	343	459	450	513	261	278	221	349	498	216	445	463	325	382	215	181	0	298	425	189	342	479	115	373	276	190	323	638	330	175	332	439	|
|278	243	214	264	274	230	165	329	233	232	215	166	313	212	132	232	52	165	76	278	186	208	224	163	21	77	168	293	171	206	251	219	91	126	254	298	0	267	114	250	181	242	82	202	112	88	341	68	177	33	258	|
|181	347	479	392	540	250	427	66	500	149	482	371	401	402	232	158	248	428	232	115	396	126	392	423	271	285	434	89	416	445	499	485	229	369	261	425	267	0	325	516	298	313	305	463	281	180	375	203	403	264	516	|
|380	355	231	156	271	343	128	376	215	233	218	53	212	98	246	333	87	194	95	293	273	302	324	121	94	44	185	374	96	268	296	196	204	56	201	189	114	325	0	224	294	161	185	157	49	167	455	163	78	147	284	|
|507	379	85	326	63	428	97	576	21	453	60	215	389	233	344	466	272	116	294	509	241	450	307	103	245	246	99	540	137	184	162	31	316	168	422	342	250	516	224	0	344	371	244	70	271	337	490	317	176	261	120	|
|189	65	270	444	334	90	297	363	323	349	288	343	491	389	74	165	225	228	241	369	125	177	96	299	201	258	245	267	327	191	247	319	105	292	410	479	181	298	294	344	0	414	116	328	291	187	163	165	345	147	282	|
|438	479	390	87	425	437	280	340	367	170	375	157	89	151	349	393	191	355	173	229	423	353	466	273	223	172	346	391	235	427	457	347	310	210	69	115	242	313	161	371	414	0	323	301	133	238	565	253	197	273	444	|
|263	172	184	340	249	188	184	370	224	302	194	231	392	277	100	223	134	134	156	340	107	213	143	185	100	155	146	307	211	141	195	216	78	177	335	373	82	305	185	244	116	323	0	217	192	138	278	110	230	55	214	|
|473	373	116	258	127	405	36	520	68	389	92	145	321	165	314	430	215	117	234	447	245	409	311	40	193	183	98	495	67	202	199	49	280	102	353	276	202	463	157	70	328	301	217	0	205	286	485	269	106	220	167	|
|353	355	271	154	316	328	175	330	261	185	261	90	201	125	233	306	67	230	60	244	291	272	335	168	92	39	224	336	145	296	331	243	192	103	160	190	112	281	49	271	291	133	192	205	0	138	449	141	123	145	323	|
|216	251	300	286	361	200	250	242	320	168	302	220	322	261	115	168	80	250	77	202	242	136	261	247	93	123	255	211	247	278	329	306	83	200	225	323	88	180	167	337	187	238	138	286	138	0	328	28	243	88	340	|
|202	112	409	603	468	134	456	429	470	471	431	505	646	551	216	217	382	376	395	473	251	253	187	459	362	418	394	308	488	315	362	469	257	454	551	638	341	375	455	490	163	565	278	485	449	328	0	313	508	308	406	|
|218	229	276	294	337	188	233	266	299	195	279	217	334	260	97	171	77	225	83	230	214	143	235	230	78	119	231	226	235	250	302	286	60	189	246	330	68	203	163	317	165	253	110	269	141	28	313	0	235	61	315	|
|452	402	210	153	233	406	94	453	174	305	190	41	216	62	308	406	163	189	172	366	297	377	357	86	160	120	174	451	41	274	288	154	268	54	252	175	177	403	78	176	345	197	230	106	123	243	508	235	0	207	264	|
|254	210	215	297	278	199	184	328	242	248	220	198	345	244	101	210	81	164	102	288	162	190	195	183	54	110	171	280	197	191	241	230	62	155	280	332	33	264	147	261	147	273	55	220	145	88	308	61	207	0	253	|
|465	300	54	417	69	372	170	581	106	487	75	295	479	325	307	431	298	95	324	536	160	426	219	178	263	288	99	520	223	92	47	120	292	234	482	439	258	516	284	120	282	444	214	167	323	340	406	315	264	253	0	|

--------------------------------------------------------------------------------
Building model...
	using lazy and cut (CVRPSEP package)
Solving IRP LP...
--------------------------------------------------------------------------------

Gurobi 9.1.0 (linux64) logging started Sun Feb 14 23:49:10 2021

Gurobi Optimizer version 9.1.0 build v9.1.0rc0 (linux64)
Thread count: 32 physical cores, 32 logical processors, using up to 2 threads
Optimize a model with 2949 rows, 20844 columns and 47244 nonzeros
Model fingerprint: 0xc4206a86
Variable types: 954 continuous, 19890 integer (765 binary)
Coefficient statistics:
  Matrix range     [1e+00, 8e+02]
  Objective range  [1e-02, 6e+02]
  Bounds range     [1e+00, 3e+02]
  RHS range        [1e+00, 7e+03]
Presolve removed 1330 rows and 1218 columns
Presolve time: 0.28s
Presolved: 1619 rows, 19626 columns, 42262 nonzeros
Variable types: 593 continuous, 19033 integer (18275 binary)

Root relaxation: objective 3.625273e+03, 1845 iterations, 0.08 seconds

    Nodes    |    Current Node    |     Objective Bounds      |     Work
 Expl Unexpl |  Obj  Depth IntInf | Incumbent    BestBd   Gap | It/Node Time

     0     0 3625.27330    0  173          - 3625.27330      -     -    0s
     0     0 3941.00417    0  198          - 3941.00417      -     -    1s
     0     0 3941.68023    0  202          - 3941.68023      -     -    1s
     0     0 4440.41968    0  257          - 4440.41968      -     -    1s
     0     0 4465.20935    0  252          - 4465.20935      -     -    1s
     0     0 4465.32854    0  256          - 4465.32854      -     -    2s
     0     0 4686.45399    0  342          - 4686.45399      -     -    2s
     0     0 4726.44201    0  345          - 4726.44201      -     -    4s
     0     0 4743.52044    0  369          - 4743.52044      -     -    4s
     0     0 4746.40071    0  366          - 4746.40071      -     -    4s
     0     0 4746.54513    0  388          - 4746.54513      -     -    4s
     0     0 4860.85313    0  417          - 4860.85313      -     -    5s
     0     0 4869.79346    0  424          - 4869.79346      -     -    6s
     0     0 4871.78644    0  404          - 4871.78644      -     -    6s
     0     0 4871.80516    0  395          - 4871.80516      -     -    6s
     0     0 4931.01613    0  376          - 4931.01613      -     -    7s
     0     0 4940.07079    0  419          - 4940.07079      -     -    7s
     0     0 4949.28515    0  490          - 4949.28515      -     -    8s
     0     0 4958.82185    0  466          - 4958.82185      -     -    8s
     0     0 4962.82682    0  486          - 4962.82682      -     -    8s
     0     0 4963.64895    0  463          - 4963.64895      -     -    8s
     0     0 4989.12220    0  411          - 4989.12220      -     -    9s
     0     0 4994.50621    0  474          - 4994.50621      -     -   10s
     0     0 4997.07953    0  390          - 4997.07953      -     -   10s
     0     0 4997.31966    0  567          - 4997.31966      -     -   10s
     0     0 5006.74465    0  319          - 5006.74465      -     -   11s
     0     0 5009.95961    0  381          - 5009.95961      -     -   11s
     0     0 5010.06851    0  305          - 5010.06851      -     -   11s
     0     0 5013.96390    0  527          - 5013.96390      -     -   12s
     0     0 5021.98678    0  436          - 5021.98678      -     -   13s
     0     2 5024.24855    0  497          - 5024.24855      -     -   16s
    17    20 5077.67761    5  393          - 5037.96168      -   666   20s
    45    50 5099.89272   14  441          - 5037.96168      -   540   25s
    80    84 5150.35060   24  370          - 5037.96168      -   497   30s
   120   127 5250.80436   38  339          - 5037.96168      -   463   35s
   166   178 5489.74767   50  281          - 5037.96168      -   438   41s
   218   245 5694.95551   68  231          - 5037.96168      -   388   45s
   352   401 6104.40936   96  201          - 5037.96168      -   292   50s
   508   566 6533.29550  122  175          - 5037.96168      -   225   55s
   700   724 6611.55427  134  165          - 5037.96168      -   177   60s
   861   856 12964.9400  366    4          - 5037.96168      -   153   65s
   922   883 12726.1000  353  436          - 5037.96168      -   147   70s
   926   886 11110.9935  312  395          - 5037.96168      -   147   75s
   932   890 5534.24287   33  627          - 5071.86890      -   146   80s
   941   896 7456.14423  168  692          - 5097.38698      -   144   85s
   947   900 7818.80424  198  714          - 5113.62038      -   144   92s
   952   903 8647.41421  209  680          - 5118.31033      -   143   95s
   957   906 11110.9935  312  787          - 5125.01760      -   142  102s
   963   910 12130.4500  331  763          - 5131.99970      -   141  108s
   967   913 7711.48500  174  755          - 5136.37570      -   141  112s
   971   916 12293.6800  339  708          - 5139.25658      -   140  116s
   975   918 6590.40150  132  870          - 5143.33113      -   139  121s
   979   921 6687.65724  147  842          - 5145.90180      -   139  125s
   984   924 10050.9617  276  748          - 5149.23488      -   138  130s
   988   927 5152.33551   22  879          - 5152.33551      -   138  135s
   992   930 7311.76343  155  927          - 5152.95260      -   137  140s
  1000   935 7236.19198  144  910          - 5153.85571      -   136  145s
  1007   941 7674.79434  177  430          - 5153.87957      -   166  159s
  1008   942 8708.16792  215  481          - 5153.87957      -   166  160s
  1013   945 7734.56233  191  676          - 5153.87957      -   165  165s
  1022   951 12726.1000  353  967          - 5155.32912      -   164  170s
  1025   953 6708.00059  148  956          - 5156.35558      -   163  175s
  1032   958 5534.24287   33  948          - 5158.58509      -   162  180s
  1035   960 12589.0300  351  953          - 5158.95498      -   162  186s
  1039   962 11029.4350  315  940          - 5159.02564      -   161  190s
  1043   965 5768.90989   80  948          - 5159.08395      -   161  204s
  1044   969 5164.18429   23  787          - 5159.13433      -   178  205s
  1054   975 5166.13229   26  749          - 5165.72460      -   183  210s
  1063   981 5604.53479   28  567          - 5166.92744      -   193  216s
  1073   988 5187.72404   31  712          - 5173.47965      -   197  220s
  1086   999 5197.13809   34  712          - 5174.83015      -   205  226s
  1095  1005 5218.75112   36  743          - 5174.83015      -   212  230s
  1115  1020 5308.16916   41  540          - 5174.83015      -   221  236s
  1132  1031 5247.53019   45  531          - 5174.83015      -   227  240s
  1170  1066 5318.92255   53  461          - 5174.83015      -   233  246s
  1218  1100 5436.93232   63  425          - 5174.83015      -   235  251s
  1274  1140 5523.11796   74  339          - 5174.83015      -   235  256s
  1311  1160 5653.80259   81  384          - 5174.83015      -   236  260s
  1375  1207 5740.67326   91  331          - 5174.83015      -   237  266s
  1428  1249 5894.76202   99  322          - 5174.83015      -   237  270s
  1502  1316 6110.33155  111  278          - 5174.83015      -   234  275s
  1602  1394 6350.03706  124  244          - 5174.83015      -   229  280s
  1743  1507 6655.86739  144  239          - 5174.83015      -   221  287s
  1819  1501 6762.68940  157  209          - 5174.83015      -   216  290s
  1883  1622 7101.61261  170  162          - 5174.83015      -   212  296s
  1989  1634 7150.88137  184  137          - 5174.83015      -   205  302s
  2102  1653 7856.50465  204   79          - 5174.83015      -   199  306s
  2176  1636 5219.44844   30  644          - 5176.52055      -   197  312s
  2187  1642 5295.88628   32  601          - 5176.52055      -   200  318s
  2191  1644 5340.57793   33  631          - 5176.52055      -   203  321s
  2203  1654 5265.58095   35  624          - 5176.52055      -   205  326s
  2215  1664 5276.48878   38  595          - 5176.52055      -   208  331s
  2230  1676 5287.96893   40  548          - 5176.52055      -   211  338s
  2240  1682 5321.91703   42  564          - 5176.52055      -   212  341s
  2256  1690 5337.38334   43  569          - 5176.52055      -   215  348s
  2262  1700 5424.36071   44  479          - 5176.52055      -   218  352s
  2274  1705 5364.82788   47  623          - 5176.52055      -   218  355s
  2293  1720 5394.23653   51  568          - 5176.52055      -   221  362s
  2305  1729 5418.35472   54  500          - 5176.52055      -   223  365s
  2332  1746 5502.54934   57  413          - 5176.52055      -   225  371s
  2344  1764 5527.25453   58  399          - 5176.52055      -   227  375s
  2380  1784 5633.33373   62  441          - 5176.52055      -   229  381s
  2398  1805 5652.55752   67  447          - 5176.52055      -   230  385s
  2463  1873 5706.97862   73  327          - 5176.52055      -   230  393s
  2514  1892 5819.51816   81  389          - 5176.52055      -   230  398s
  2550  1932 5874.40183   83  348          - 5176.52055      -   230  402s
  2602  1974 6036.01232   90  200          - 5176.52055      -   229  407s
  2664  2022 6028.58408   95  241          - 5176.52055      -   228  412s
  2744  2071 6149.40129  101  217          - 5176.52055      -   226  421s
  2850  2072 6467.88995  108  238          - 5176.52055      -   223  431s
  2886  2103 6550.60352  120  197          - 5176.52055      -   223  436s
  2929  2123 6669.64407  135  197          - 5176.52055      -   223  443s
  2964  2113 infeasible  141               - 5182.78105      -   223  450s
  2981  2118 5336.75745   31  647          - 5182.78105      -   225  458s
  2992  2123 5426.79085   36  580          - 5182.78105      -   227  472s
  3001  2129 5369.01124   35  601          - 5182.78105      -   229  479s
  3010  2139 5393.33360   32  384          - 5182.78105      -   231  485s
  3023  2149 5373.98641   34  521          - 5182.78105      -   233  492s
  3037  2162 5428.72242   37  548          - 5182.78105      -   235  498s
  3055  2173 5502.94556   37  407          - 5182.78105      -   237  505s
  3072  2184 5456.59366   36  507          - 5182.78105      -   239  512s
  3088  2196 5534.69112   38  507          - 5182.78105      -   241  519s
  3106  2209 5544.25290   42  423          - 5182.78105      -   243  524s
  3125  2225 5594.98397   40  513          - 5182.78105      -   245  530s
  3147  2247 5614.69582   44  278          - 5182.78105      -   246  536s
  3176  2274 5657.13104   44  333          - 5182.78105      -   248  545s
  3213  2317 5754.38583   49  305          - 5182.78105      -   248  552s
  3268  2351 5754.78222   52  296          - 5182.78105      -   248  561s
  3321  2425 5732.50089   49  332          - 5182.78105      -   248  569s
  3412  2480 5761.85351   51  329          - 5182.78105      -   246  580s
  3544  2482 5822.82982   54  274          - 5182.78105      -   242  593s
  3612  2460 8965.61950  188   69          - 5182.78105      -   241  595s
  3668  2476 5874.97304   56  297          - 5182.78105      -   239  606s
  3703  2486 5960.15048   62  233          - 5182.78105      -   240  617s
  3725  2508 6088.94161   65  222          - 5182.78105      -   241  628s
  3754  2537 6036.41244   66  222          - 5182.78105      -   243  640s
  3793  2569 6216.24772   77  307          - 5182.78105      -   244  650s
  3838  2596 6251.97882   91  198          - 5182.78105      -   245  659s
  3880  2659 6297.47159   97  171          - 5182.78105      -   246  670s
  3957  2766 6397.06175  112   96          - 5182.78105      -   244  684s
  3986  2766 6449.93012  112  113          - 5182.78105      -   243  685s
  4083  2951 6514.30284  122   64          - 5182.78105      -   241  699s
  4109  2951 6549.54675  128   54          - 5182.78105      -   241  700s
  4270  3091 7178.48828  161   54          - 5186.15467      -   236  717s
  4465  3185 5255.21819   31  705          - 5186.15467      -   230  735s
  4541  3338 5375.52194   32  448          - 5186.15467      -   231  753s
  4698  3373 5414.99270   37  414          - 5186.15467      -   228  773s
  4765  3394 5392.95684   39  522          - 5186.15467      -   229  786s
  4786  3414 5434.42533   42  519          - 5186.15467      -   232  798s
  4806  3439 5486.72440   46  392          - 5186.15467      -   234  814s
  4831  3493 5546.62703   50  269          - 5186.15467      -   237  826s
  4885  3575 5730.25868   59  226          - 5186.15467      -   238  840s
  4967  3752 5942.25958   79  167          - 5186.15467      -   238  858s
  5022  3752 6149.67177  104  212          - 5186.15467      -   237  860s
  5144  4130 6288.32480  107  212          - 5186.15467      -   234  883s
  5222  4130 6485.60343  133  134          - 5186.15467      -   233  885s
  5491  4134 6804.33000  182    5          - 5186.15467      -   225  890s
  5574  4288 7006.71135  157  123          - 5189.44046      -   222  910s
  5726  4308 5352.25228   33  382          - 5189.44046      -   222  927s
  5743  4329 5282.79076   34  474          - 5189.44046      -   224  946s
  5764  4356 5323.87427   36  535          - 5189.44046      -   227  966s
  5791  4395 5373.24003   37  429          - 5189.44046      -   228  983s
  5830  4456 5475.20040   41  346          - 5189.44046      -   230 1002s
  5891  4516 5581.31602   46  330          - 5189.44046      -   232 1021s
  5951  4696 5671.31317   52  278          - 5189.44046      -   233 1041s
  6131  4781 5791.13821   64  152          - 5189.44046      -   232 1060s
  6240  4921 5901.13285   82  166          - 5189.83375      -   232 1083s
  6344  4921 6424.57102  122   43          - 5189.83375      -   231 1085s
  6428  4961 5261.95771   31  606          - 5189.83375      -   231 1102s
  6445  4997 5395.78484   35  342          - 5189.83375      -   233 1124s
  6481  5040 5497.21532   45  261          - 5189.83375      -   235 1145s
  6524  5097 5660.97786   56  242          - 5189.83375      -   238 1164s
  6537  5097 5672.60225   63  202          - 5189.83375      -   238 1165s
  6581  5244 5842.02518   69  239          - 5189.83375      -   240 1184s
  6620  5244 5904.66334   85  151          - 5189.83375      -   239 1185s
  6728  5423 6441.60794  114   85          - 5196.65099      -   239 1208s
  6821  5423 7287.54685  140   57          - 5196.65099      -   237 1210s
  6959  5713 5299.72163   29  806          - 5196.65099      -   237 1239s
  7008  5713 6146.90378  129  118          - 5196.65099      -   237 1240s
  7268  5731 7242.21687  224   27          - 5196.65099      -   231 1245s
  7343  5818 5463.50368   36  271          - 5196.65099      -   229 1275s
  7401  5962 5623.49680   52  142          - 5196.65099      -   232 1304s
  7453  5962 5932.73444   71  145          - 5196.65099      -   233 1305s
  7545  6306 6108.49396   86   75          - 5197.34552      -   234 1336s
  7715  6306 7254.16080  137   81          - 5197.34552      -   231 1340s
  7958  6713 5258.01811   31  521          - 5197.34552      -   229 1385s
  8175  6718 7357.01000  202    -          - 5197.34552      -   227 1390s
  8422  6765 8472.67500  256   18          - 5197.34552      -   221 1395s
  8503  6813 5451.44993   36  648          - 5197.34552      -   220 1427s
  8535  6925 5566.83982   44  409          - 5197.34552      -   222 1449s
  8577  6925 5839.11325   57  355          - 5197.34552      -   223 1450s
  8647  7129 5902.30092   62  210          - 5197.34552      -   224 1483s
  8739  7129 6361.76367   93  126          - 5197.34552      -   223 1485s
  8851  7299 6448.18389   98  131          - 5201.89642      -   223 1516s
  9080  7331 5345.76355   35  637          - 5201.93874      -   222 1549s
  9112  7397 5485.08153   43  498          - 5201.93874      -   225 1573s
  9178  7602 5724.60214   58  228          - 5201.93874      -   227 1600s
  9385  7830 6307.17201  115   89          - 5203.67237      -   228 1639s
  9424  7830 6463.48729  129   82          - 5203.67237      -   228 1640s
  9693  7922 5327.96549   40  714          - 5203.67338      -   226 1681s
  9752  8080 5604.61359   51  173          - 5203.67338      -   228 1790s
  9910  8467 6059.43201   80  136          - 5203.82036      -   228 1828s
 10002  8467 6829.09222  115  117          - 5203.82036      -   228 1830s
 10455  8563 5356.69555   42  552          - 5203.82036      -   222 1865s
 10485  8659 5430.64634   45  324          - 5203.82036      -   224 1893s
 10581  9036 5666.25148   56  360          - 5203.82036      -   226 1933s
 10636  9036 6053.81397   79  111          - 5203.82036      -   227 1935s
 10883  9038 7121.51771  161   39          - 5203.82036      -   224 1940s
 11024  9179 5906.24127   77  279          - 5203.82036      -   222 1966s
 11138  9322 6369.37961  122   94          - 5205.41309      -   223 1998s
 11261  9322 7502.20906  172   48          - 5205.41309      -   222 2000s
 11327  9431 5408.74306   34  795          - 5205.41309      -   223 2029s
 11435  9647 5744.49471   46  349          - 5205.41309      -   224 2068s
 11501  9647 6616.65535   88  121          - 5205.41309      -   225 2070s
 11707  9920 6021.76251   76  243          - 5206.80036      -   223 2103s
 11824  9920 6899.19634  127   82          - 5206.80036      -   222 2105s
 12058  9998 5268.66590   30  725          - 5206.80036      -   220 2135s
 12093 10132 5710.19878   37  522          - 5206.80036      -   222 2167s
 12227 10365 5759.44774   45  347          - 5206.80036      -   223 2207s
 12317 10365 6546.87641  124   54          - 5206.80036      -   223 2210s
 12518 10472 5911.32221   66  387          - 5206.80036      -   221 2236s
 12596 10699 6219.52845   92  168          - 5207.08199      -   223 2267s
 12752 10699 6995.44313  159   18          - 5207.08199      -   222 2270s
 12857 10773 5392.98583   41  619          - 5207.08199      -   222 2302s
 12916 10968 5629.92991   48  237          - 5207.08199      -   224 2335s
 13137 11035 5954.15335   66  221          - 5207.08199      -   224 2364s
 13150 11035 5880.09023   74  222          - 5207.08199      -   224 2365s
 13204 11227 5992.28185   82   73          - 5207.08199      -   225 2394s
 13243 11227 6051.19853   92   65          - 5207.08199      -   226 2395s
 13396 11455 6474.28375  117   59          - 5207.96026      -   226 2431s
 13705 11505 5512.45224   36  687          - 5209.80347      -   225 2472s
 13742 11552 5699.50981   47  385          - 5209.80347      -   226 2497s
 13789 11617 5915.31656   65  322          - 5209.80347      -   228 2527s
 13854 11889 6010.01024   74  313          - 5209.80347      -   230 2559s
 13867 11889 6136.56197   78  315          - 5209.80347      -   231 2560s
 14139 11992 7353.60875  136   74          - 5209.81192      -   229 2601s
 14294 12034 5780.39595   41  621          - 5210.08774      -   230 2629s
 14335 12146 6111.85020   55  458          - 5210.08774      -   231 2659s
 14359 12146 6306.10163   67  182          - 5210.08774      -   232 2660s
 14447 12274 6622.05861   86  163          - 5210.08774      -   233 2709s
 14486 12274 6712.58643  102   99          - 5210.08774      -   232 2710s
 14575 12591 7048.17622  126  121          - 5210.38521      -   232 2747s
 14744 12596 8167.88000  187    -          - 5210.38521      -   230 2750s
 14980 12898 5722.88126   38  556          - 5210.38521      -   230 2789s
 14999 12898 5997.60914   48  341          - 5210.38521      -   230 2790s
 15314 12934 8550.38000  215    6          - 5210.38521      -   227 2795s
 15329 13075 6005.62440   51  363          - 5210.38521      -   228 2830s
 15463 13375 6614.75902  100  123          - 5212.34414      -   228 2875s
 15723 13389 7970.56139  179   28          - 5212.34414      -   226 2880s
 15819 13457 5613.55739   39  575          - 5212.34414      -   226 2908s
 15883 13621 5736.51958   45  389          - 5212.34414      -   227 2940s
 16084 13682 5911.20747   54  314          - 5212.34414      -   228 2976s
 16145 13980 6165.80667   75  207          - 5212.44483      -   229 3019s
 16197 13980 6385.26185   90  128          - 5212.44483      -   229 3020s
 16499 14126 5358.02560   27  644          - 5212.44483      -   228 3054s
 16617 14259 5496.76187   34  661          - 5212.44483      -   228 3233s
 16687 14259 6458.29061  118   15          - 5212.44483      -   229 3235s
 16752 14529 6133.40349   51  315          - 5212.44483      -   228 3274s
 16799 14529 6315.75238   69  277          - 5212.44483      -   228 3275s
 17098 14577 10211.3089  239   16          - 5212.44483      -   226 3280s
 17165 14684 6511.70625   73  241          - 5215.14368      -   225 3312s
 17276 14722 5373.30251   37  505          - 5215.14368      -   226 3348s
 17314 14782 5691.19943   45  285          - 5215.14368      -   228 3381s
 17374 14922 6043.81016   60  157          - 5215.14368      -   229 3409s
 17400 14922 6178.43732   67  279          - 5215.14368      -   230 3410s
 17514 15453 6180.82486   87  176          - 5215.44526      -   230 3448s
 17579 15453 6432.72840  114   15          - 5215.44526      -   230 3450s
 17865 15495 8906.05540  203   19          - 5215.44526      -   227 3455s
 18094 15518 6756.79447  141   45          - 5217.00253      -   226 3460s
 18209 15565 5541.49026   35  533          - 5217.00253      -   225 3495s
 18240 15613 5739.25775   43  473          - 5217.00253      -   227 3526s
 18288 15668 5868.02048   54  283          - 5217.00253      -   228 3553s
 18343 15744 6077.22979   64  294          - 5217.00253      -   229 3581s
 18419 15900 6173.01636   77  356          - 5217.00253      -   231 3600s

Cutting planes:
  User: 5862
  Gomory: 22
  Cover: 550
  Implied bound: 202
  Projected implied bound: 21
  Clique: 32
  MIR: 98
  Flow cover: 494
  GUB cover: 1
  Zero half: 51
  RLT: 376
  Relax-and-lift: 19
  Lazy constraints: 2454

Explored 18588 nodes (4302539 simplex iterations) in 3603.97 seconds
Thread count was 2 (of 32 available processors)

Solution count 0

Time limit reached
Best objective -, best bound 5.217002525604e+03, gap -

User-callback calls 592482, time in user-callback 232.87 sec
writeSolution() exp: Unable to retrieve attribute 'X'
================================================================================
executing instance: ./input/Instances/Original/5/absH3low_4n25.dat
--------------------------------------------------------------------------------
Instance details
n	26
H	3
C	2029
Li:
[0, 0, 0, 0, 0, 0, 0, 0, 0, 0, 0, 0, 0, 0, 0, 0, 0, 0, 0, 0, 0, 0, 0, 0, 0, 0, ]
Ui:
[0, 34, 165, 76, 88, 188, 58, 279, 52, 132, 198, 142, 135, 165, 186, 58, 201, 196, 40, 183, 32, 90, 168, 126, 93, 146, ]
Distance matrix:
|0	299	188	235	91	202	152	147	162	277	268	132	71	162	220	69	220	289	241	124	265	80	162	132	66	302	|
|299	0	468	431	282	142	317	425	443	569	193	178	359	302	422	231	93	28	511	325	457	242	434	215	240	601	|
|188	468	0	153	265	342	308	43	192	106	455	290	117	206	142	246	379	464	252	274	360	267	211	319	231	184	|
|235	431	153	0	326	289	386	145	321	240	482	269	184	129	15	258	339	436	393	355	477	305	336	354	237	334	|
|91	282	265	326	0	228	66	228	166	339	196	157	154	242	311	99	225	264	229	50	201	47	153	71	115	340	|
|202	142	342	289	228	0	285	301	363	447	255	73	245	161	281	139	53	151	440	278	428	181	360	187	136	495	|
|152	317	308	386	66	285	0	275	167	368	188	217	207	308	371	163	274	295	210	34	145	108	148	104	181	350	|
|147	425	43	145	228	301	275	0	179	146	415	248	76	172	131	203	337	421	248	242	341	227	195	279	188	211	|
|162	443	192	321	166	363	167	179	0	216	352	291	152	302	307	225	375	428	81	138	170	201	22	237	227	183	|
|277	569	106	240	339	447	368	146	216	0	535	391	210	312	232	341	481	562	245	335	381	352	238	402	329	106	|
|268	193	455	482	196	255	188	415	352	535	0	225	339	367	469	224	212	165	398	214	302	188	335	136	245	533	|
|132	178	290	269	157	73	217	248	291	391	225	0	183	145	258	66	91	175	367	207	358	110	287	127	67	431	|
|71	359	117	184	154	245	207	76	152	210	339	183	0	152	169	131	274	352	232	174	294	151	161	203	119	251	|
|162	302	206	129	242	161	308	172	302	312	367	145	152	0	120	153	210	308	383	284	426	208	309	249	132	383	|
|220	422	142	15	311	281	371	131	307	232	469	258	169	120	0	245	330	427	379	340	461	291	321	340	224	324	|
|69	231	246	258	99	139	163	203	225	341	224	66	131	153	245	0	152	222	301	147	299	57	221	97	22	371	|
|220	93	379	339	225	53	274	337	375	481	212	91	274	210	330	152	0	99	448	273	419	180	369	171	157	521	|
|289	28	464	436	264	151	295	421	428	562	165	175	352	308	427	222	99	0	493	305	434	227	418	196	234	590	|
|241	511	252	393	229	440	210	248	81	245	398	367	232	383	379	301	448	493	0	190	147	270	80	298	305	175	|
|124	325	274	355	50	278	34	242	138	335	214	207	174	284	340	147	273	305	190	0	152	97	122	110	162	320	|
|265	457	360	477	201	428	145	341	170	381	302	358	294	426	461	299	419	434	147	152	0	248	150	249	312	322	|
|80	242	267	305	47	181	108	227	201	352	188	110	151	208	291	57	180	227	270	97	248	0	192	52	76	366	|
|162	434	211	336	153	360	148	195	22	238	335	287	161	309	321	221	369	418	80	122	150	192	0	224	225	203	|
|132	215	319	354	71	187	104	279	237	402	136	127	203	249	340	97	171	196	298	110	249	52	224	0	118	409	|
|66	240	231	237	115	136	181	188	227	329	245	67	119	132	224	22	157	234	305	162	312	76	225	118	0	364	|
|302	601	184	334	340	495	350	211	183	106	533	431	251	383	324	371	521	590	175	320	322	366	203	409	364	0	|

--------------------------------------------------------------------------------
Building model...
	using lazy and cut (CVRPSEP package)
Solving IRP LP...
--------------------------------------------------------------------------------

Gurobi 9.1.0 (linux64) logging started Mon Feb 15 00:49:14 2021

Gurobi Optimizer version 9.1.0 build v9.1.0rc0 (linux64)
Thread count: 32 physical cores, 32 logical processors, using up to 2 threads
Optimize a model with 1499 rows, 5744 columns and 14294 nonzeros
Model fingerprint: 0xdea93612
Variable types: 479 continuous, 5265 integer (390 binary)
Coefficient statistics:
  Matrix range     [1e+00, 4e+02]
  Objective range  [1e-02, 6e+02]
  Bounds range     [1e+00, 3e+02]
  RHS range        [1e+00, 3e+03]
Presolve removed 684 rows and 620 columns
Presolve time: 0.08s
Presolved: 815 rows, 5124 columns, 11818 nonzeros
Variable types: 290 continuous, 4834 integer (4467 binary)

Root relaxation: objective 2.653684e+03, 1245 iterations, 0.03 seconds

    Nodes    |    Current Node    |     Objective Bounds      |     Work
 Expl Unexpl |  Obj  Depth IntInf | Incumbent    BestBd   Gap | It/Node Time

     0     0 2653.68381    0  103          - 2653.68381      -     -    0s
     0     0 2840.43011    0  156          - 2840.43011      -     -    0s
     0     0 2845.55914    0  138          - 2845.55914      -     -    0s
     0     0 3245.69974    0  205          - 3245.69974      -     -    0s
