




arguments: ./build/bc_mirp -f ./input/orig_exec_277.cfg
Current dir: /scratch/gui/bc_mirp
File verbosity level: 9
date       time         ( uptime  ) [ thread name/id ]                   file:line     v| 
2021-02-17 18:12:24.183 (   0.223s) [main thread     ]             loguru.cpp:789   INFO| Logging to './output/vi_vc+vr/OU/V5/Original/execution_17_02_2021_18_12_24.log', mode: 'a', verbosity: 9
--------------------------------------------------------------------------------
Parameters
                           instance_path           ./input/Instances/Original/6/
                            model_policy                                       1
                             nb_vehicles                                       5
                              output_dir       ./output/vi_vc+vr/OU/V5/Original/
                            sec_strategy                                       1
                       solver_nb_threads                                       2
                         solver_show_log                                    true
                       solver_time_limit                                    3600
                              use_vi_cos                                   false
                              use_vi_cus                                   false
                         use_vi_hc1_full                                   false
                         use_vi_hc1_half                                   false
                      use_vi_hc1_quarter                                   false
                              use_vi_hc2                                   false
                              use_vi_hc3                                   false
                         use_vi_lex_full                                   false
                         use_vi_lex_half                                   false
                      use_vi_lex_quarter                                   false
                              use_vi_qua                                   false
                               use_vi_vc                                    true
                               use_vi_vr                                    true
--------------------------------------------------------------------------------
executing instance: ./input/Instances/Original/6/absH6high_1n25.dat
--------------------------------------------------------------------------------
Instance details
n	26
H	6
C	1711
Li:
[0, 0, 0, 0, 0, 0, 0, 0, 0, 0, 0, 0, 0, 0, 0, 0, 0, 0, 0, 0, 0, 0, 0, 0, 0, 0, ]
Ui:
[0, 168, 176, 34, 66, 36, 177, 106, 118, 182, 64, 141, 189, 63, 46, 111, 182, 231, 36, 66, 68, 54, 132, 90, 246, 75, ]
Distance matrix:
|0	191	200	231	334	329	146	196	208	245	218	164	283	394	151	358	156	196	309	253	201	260	127	138	130	104	|
|191	0	226	229	278	146	328	216	390	417	327	293	195	334	106	296	171	122	472	151	12	411	280	53	190	130	|
|200	226	0	38	149	359	321	10	276	274	418	364	139	204	121	173	321	115	303	141	225	236	155	202	311	256	|
|231	229	38	0	110	352	358	37	314	310	448	395	108	167	129	135	342	109	336	120	226	268	194	213	335	277	|
|334	278	149	110	0	367	467	147	422	413	546	495	86	61	203	25	423	163	429	129	271	363	303	282	424	361	|
|329	146	359	352	367	0	453	349	533	562	411	393	282	411	245	378	250	244	617	245	141	556	426	195	284	243	|
|146	328	321	358	467	453	0	321	162	215	160	112	425	524	297	491	223	341	284	397	339	266	186	276	184	210	|
|196	216	10	37	147	349	321	0	281	281	414	360	132	203	112	171	315	105	311	132	216	244	159	193	305	249	|
|208	390	276	314	422	533	162	281	0	54	321	271	410	471	316	445	348	348	123	398	398	115	125	338	313	309	|
|245	417	274	310	413	562	215	281	54	0	375	323	413	457	334	435	393	361	70	406	424	69	139	367	359	349	|
|218	327	418	448	546	411	160	414	321	375	0	57	484	606	347	569	163	393	444	446	339	421	318	288	137	199	|
|164	293	364	395	495	393	112	360	271	323	57	0	437	556	300	519	144	346	393	401	305	367	261	249	109	163	|
|283	195	139	108	86	282	425	132	410	413	484	437	0	139	137	101	349	91	443	44	187	375	286	206	355	291	|
|394	334	204	167	61	411	524	203	471	457	606	556	139	0	264	38	483	222	467	183	326	403	356	341	484	421	|
|151	106	121	129	203	245	297	112	316	334	347	300	137	264	0	225	220	46	381	102	106	316	195	84	221	158	|
|358	296	173	135	25	378	491	171	445	435	569	519	101	38	225	0	444	184	450	145	288	384	328	303	446	383	|
|156	171	321	342	423	250	223	315	348	393	163	144	349	483	220	444	0	261	460	308	183	415	284	143	39	65	|
|196	122	115	109	163	244	341	105	348	361	393	346	91	222	46	184	261	0	402	56	118	336	224	119	264	200	|
|309	472	303	336	429	617	284	311	123	70	444	393	443	467	381	450	460	402	0	442	477	68	192	424	426	413	|
|253	151	141	120	129	245	397	132	398	406	446	401	44	183	102	145	308	56	442	0	143	375	273	164	315	251	|
|201	12	225	226	271	141	339	216	398	424	339	305	187	326	106	288	183	118	477	143	0	416	286	63	202	142	|
|260	411	236	268	363	556	266	244	115	69	421	367	375	403	316	384	415	336	68	375	416	0	135	365	384	363	|
|127	280	155	194	303	426	186	159	125	139	318	261	286	356	195	328	284	224	192	273	286	135	0	232	256	229	|
|138	53	202	213	282	195	276	193	338	367	288	249	206	341	84	303	143	119	424	164	63	365	232	0	153	89	|
|130	190	311	335	424	284	184	305	313	359	137	109	355	484	221	446	39	264	426	315	202	384	256	153	0	64	|
|104	130	256	277	361	243	210	249	309	349	199	163	291	421	158	383	65	200	413	251	142	363	229	89	64	0	|

--------------------------------------------------------------------------------
Building model...
	using lazy and cut (CVRPSEP package)
Solving IRP LP...
--------------------------------------------------------------------------------

Gurobi 9.1.0 (linux64) logging started Wed Feb 17 18:12:24 2021

Gurobi Optimizer version 9.1.0 build v9.1.0rc0 (linux64)
Thread count: 32 physical cores, 32 logical processors, using up to 2 threads
Optimize a model with 2972 rows, 11462 columns and 28562 nonzeros
Model fingerprint: 0x3c26c479
Variable types: 932 continuous, 10530 integer (780 binary)
Coefficient statistics:
  Matrix range     [1e+00, 3e+02]
  Objective range  [1e-01, 6e+02]
  Bounds range     [1e+00, 2e+02]
  RHS range        [1e+00, 3e+03]
Presolve removed 1173 rows and 1094 columns
Presolve time: 0.14s
Presolved: 1799 rows, 10368 columns, 24336 nonzeros
Variable types: 725 continuous, 9643 integer (8915 binary)

Root relaxation: objective 1.504503e+04, 3127 iterations, 0.11 seconds

    Nodes    |    Current Node    |     Objective Bounds      |     Work
 Expl Unexpl |  Obj  Depth IntInf | Incumbent    BestBd   Gap | It/Node Time

     0     0 15045.0349    0  248          - 15045.0349      -     -    0s
     0     0 15310.1438    0  273          - 15310.1438      -     -    0s
     0     0 15337.0196    0  255          - 15337.0196      -     -    0s
     0     0 15338.0342    0  245          - 15338.0342      -     -    1s
     0     0 15620.3785    0  278          - 15620.3785      -     -    1s
     0     0 15693.2768    0  313          - 15693.2768      -     -    1s
     0     0 15799.3016    0  341          - 15799.3016      -     -    1s
     0     0 15823.9579    0  366          - 15823.9579      -     -    2s
     0     0 15825.8818    0  366          - 15825.8818      -     -    2s
     0     0 15826.3346    0  369          - 15826.3346      -     -    2s
     0     0 15826.3440    0  361          - 15826.3440      -     -    2s
     0     0 16293.8444    0  420          - 16293.8444      -     -    2s
     0     0 16344.8018    0  402          - 16344.8018      -     -    3s
     0     0 16356.9391    0  421          - 16356.9391      -     -    3s
     0     0 16358.6804    0  452          - 16358.6804      -     -    3s
     0     0 16358.6804    0  455          - 16358.6804      -     -    3s
     0     0 16515.3495    0  500          - 16515.3495      -     -    3s
     0     0 16544.3503    0  513          - 16544.3503      -     -    4s
     0     0 16548.7845    0  538          - 16548.7845      -     -    4s
     0     0 16552.0123    0  538          - 16552.0123      -     -    4s
     0     0 16552.7729    0  538          - 16552.7729      -     -    4s
     0     0 16707.2579    0  424          - 16707.2579      -     -    5s
     0     0 16710.6920    0  442          - 16710.6920      -     -    5s
     0     0 16712.7982    0  400          - 16712.7982      -     -    5s
     0     0 16764.0887    0  487          - 16764.0887      -     -    6s
     0     0 16797.0380    0  494          - 16797.0380      -     -    6s
     0     0 16838.3624    0  468          - 16838.3624      -     -    6s
     0     0 16843.6204    0  484          - 16843.6204      -     -    6s
     0     0 16850.2102    0  581          - 16850.2102      -     -    7s
     0     0 16864.9676    0  461          - 16864.9676      -     -    7s
     0     0 16873.2766    0  516          - 16873.2766      -     -    7s
     0     0 16907.0568    0  493          - 16907.0568      -     -    7s
     0     0 16915.8145    0  488          - 16915.8145      -     -    8s
     0     0 16924.6176    0  493          - 16924.6176      -     -    8s
     0     0 16927.6319    0  493          - 16927.6319      -     -    8s
     0     0 16936.0675    0  409          - 16936.0675      -     -    8s
     0     0 16936.4990    0  461          - 16936.4990      -     -    8s
     0     0 16946.2326    0  456          - 16946.2326      -     -    9s
     0     0 16946.3143    0  463          - 16946.3143      -     -    9s
     0     0 16953.0312    0  597          - 16953.0312      -     -    9s
     0     0 16953.0312    0  538          - 16953.0312      -     -   10s
     0     2 16967.7027    0  492          - 16967.7027      -     -   13s
    11    14 17015.5535    4  568          - 17008.4573      -   714   15s
    43    46 17154.6891   12  543          - 17008.4573      -   680   20s
    71    76 17191.0715   19  526          - 17008.4573      -   719   25s
   110   118 17423.9259   30  360          - 17008.4573      -   710   30s
   141   153 17690.7929   40  320          - 17008.4573      -   706   35s
   194   207 18280.8791   56  337          - 17008.4573      -   642   40s
   281   303 18873.7628   84  287          - 17008.4573      -   525   45s
   429   493 19941.2528  127  179          - 17008.4573      -   400   50s
   652   712 22208.0388  209  125          - 17008.4573      -   309   56s
   802   786 19887.5963  129  538          - 17008.4573      -   275   61s
   808   790 22421.7588  222  601          - 17008.4573      -   272   65s
   817   796 17654.4977   38  643          - 17321.4755      -   269   70s
   829   804 23595.3757  273  671          - 17368.4161      -   266   75s
   838   810 18873.8744   85  646          - 17382.7884      -   263   80s
   847   816 20514.2415  175  698          - 17389.8542      -   260   85s
   852   819 21511.4091  198  730          - 17392.4353      -   258   90s
   862   828 19123.0129   93  599          - 17392.4353      -   310   95s
   871   834 23864.0588  282  672          - 17400.0886      -   307  100s
   881   840 18911.3065   87  749          - 17406.8316      -   303  105s
   890   846 17664.7644   32  715          - 17412.9307      -   300  110s
   901   854 17421.6620   29  720          - 17418.0369      -   297  119s
   902   854 19887.5963  129  676          - 17418.0369      -   296  120s
   904   859 17425.0205   29  658          - 17420.5380      -   339  129s
   906   860 17440.8054   30  663          - 17426.9087      -   342  137s
   908   861 17492.3290   30  706          - 17437.5069      -   345  141s
   912   864 17447.0292   31  651          - 17439.6433      -   353  146s
   920   870 17466.6592   34  607          - 17448.7802      -   368  151s
   926   874 17482.4023   35  566          - 17470.5632      -   376  155s
   933   878 17497.2904   36  580          - 17470.5632      -   384  164s
   935   879 17506.7957   37  624          - 17470.5632      -   388  165s
   942   886 17526.0450   38  517          - 17470.5632      -   395  170s
   955   895 17537.7362   41  631          - 17470.5632      -   403  175s
   968   905 17533.2357   45  641          - 17470.5632      -   412  180s
   986   918 17550.0859   49  519          - 17470.5632      -   421  186s
  1001   928 17568.8374   52  551          - 17470.5632      -   432  190s
  1025   949 17676.3027   56  526          - 17470.5632      -   444  196s
  1050   970 17664.1517   61  510          - 17470.5632      -   448  201s
  1080   990 17707.7119   67  555          - 17470.5632      -   451  206s
  1108  1008 17794.3078   72  597          - 17470.5632      -   456  211s
  1139  1026 17822.3939   80  521          - 17470.5632      -   459  216s
  1168  1053 17934.3994   86  552          - 17470.5632      -   468  222s
  1188  1063 17941.6968   90  534          - 17470.5632      -   469  225s
  1220  1074 17988.9553   96  591          - 17470.5632      -   474  232s
  1227  1091 18008.7623   96  490          - 17470.5632      -   476  235s
  1268  1120 18240.6673  104  445          - 17470.5632      -   479  242s
  1289  1137 18330.8412  108  401          - 17470.5632      -   482  246s
  1313  1156 18280.3509  113  519          - 17470.5632      -   483  250s
  1358  1178 18308.8543  124  454          - 17470.5632      -   488  258s
  1381  1205 18331.9656  128  425          - 17470.5632      -   491  263s
  1415  1228 18343.3242  135  406          - 17470.5632      -   489  267s
  1450  1248 18348.9174  143  444          - 17470.5632      -   489  271s
  1481  1274 18643.0327  150  414          - 17470.5632      -   490  276s
  1518  1295 18379.6808  159  417          - 17470.5632      -   489  281s
  1551  1321 18391.7274  166  388          - 17470.5632      -   492  286s
  1588  1349 18399.2355  175  400          - 17470.5632      -   493  291s
  1628  1377 18495.7347  185  415          - 17470.5632      -   494  297s
  1670  1415 18509.7749  195  419          - 17470.5632      -   496  303s
  1722  1456 18527.8374  204  384          - 17470.5632      -   494  309s
  1780  1491 18542.2941  214  377          - 17470.5632      -   492  315s
  1834  1529 18683.7363  227  340          - 17470.5632      -   491  321s
  1890  1568 18792.3410  238  334          - 17470.5632      -   490  328s
  1948  1597 18874.8834  251  360          - 17470.5632      -   489  335s
  2002  1623 18948.1471  260  369          - 17470.5632      -   491  342s
  2050  1657 18999.0325  267  342          - 17470.5632      -   495  359s
  2114  1697 19135.7033  279  348          - 17470.5632      -   496  367s
  2190  1746 infeasible  291               - 17471.3094      -   494  375s
  2266  1800 17752.5948   38  525          - 17471.3094      -   492  383s
  2345  1851 17869.0284   49  419          - 17471.3094      -   488  392s
  2423  1923 17888.1218   58  450          - 17471.3094      -   487  401s
  2521  2001 17900.5729   71  423          - 17471.3094      -   481  411s
  2631  2086 17913.1002   85  454          - 17471.3094      -   475  428s
  2753  2181 19015.8935  101  383          - 17471.3094      -   467  438s
  2889  2230 18480.3796  116  428          - 17471.3094      -   460  471s
  2985  2319 18524.1242  129  435          - 17471.3094      -   453  483s
  3114  2505 18609.2057  146  451          - 17471.3094      -   449  507s
  3359  2477 18777.0010  169  349          - 17471.3094      -   431  518s
  3445  2507 18900.8182  198  298          - 17471.3094      -   432  529s
  3509  2536 19018.6965  219  294          - 17478.2092      -   436  549s
  3568  2612 17651.5015   33  680          - 17478.2092      -   441  560s
  3644  2752 17786.8062   43  433          - 17478.2092      -   441  573s
  3784  2900 17996.5864   58  398          - 17478.2092      -   436  586s
  3934  2916 18190.1425  110  419          - 17478.2092      -   429  621s
  3950  3022 18268.9273  115  340          - 17478.2092      -   429  637s
  4060  3057 18476.4845  176  420          - 17482.4464      -   429  650s
  4121  3349 17904.3954   40  622          - 17482.4464      -   435  666s
  4429  3737 17975.7772   55  585          - 17482.4464      -   417  682s
  4817  3857 18086.3369   76  561          - 17482.4464      -   393  704s
  4876  3857 22811.8222  685   76          - 17482.4464      -   393  705s
  4971  4018 18330.3014  111  332          - 17482.4464      -   391  721s
  5132  4151 18597.5123  223  347          - 17482.4464      -   387  737s
  5267  4214 19107.0485  299  308          - 17483.7050      -   387  758s
  5344  4332 17878.7856   39  654          - 17483.7050      -   392  774s
  5462  4545 17971.1689   62  516          - 17483.7050      -   393  792s
  5675  5052 18333.9631   93  338          - 17483.7050      -   388  813s
  6190  5378 19014.7305  241  335          - 17483.7186      -   366  835s
  6591  5443 17817.7149   33  647          - 17487.1583      -   352  852s
  6656  5577 17988.6506   67  527          - 17487.1583      -   355  868s
  6790  5812 18239.4587  127  417          - 17487.1583      -   354  886s
  7010  5812 18366.3732  131  377          - 17487.1583      -   349  898s
  7025  6109 18657.9416  246  368          - 17487.1583      -   349  916s
  7322  6746 19151.4167  405  327          - 17487.1583      -   340  943s
  7504  6746 20437.0360  497  184          - 17487.1583      -   336  945s
  8000  6746 20473.8408  449  204          - 17487.1583      -   320  950s
  8062  7307 21944.1267  552  167          - 17492.5262      -   319  974s
  8122  7307 22226.7114  573  135          - 17492.5262      -   317  975s
  8518  7307 23388.4226  835   76          - 17492.5262      -   304  992s
  8661  7376 17787.7584   36  594          - 17492.5262      -   305 1009s
  8730  7520 18046.2341   59  561          - 17492.5262      -   308 1026s
  8874  7766 18443.6505   94  343          - 17492.5262      -   310 1046s
  9120  8203 19139.3130  203  309          - 17492.5262      -   307 1066s
  9557  8793 19825.5165  386  284          - 17492.5262      -   299 1089s
  9666  8793 20063.5483  472  302          - 17492.5262      -   297 1090s
 10191  8793 infeasible  424               - 17492.5262      -   286 1095s
 10237  8811 infeasible  708               - 17513.1645      -   285 1109s
 10281  8859 17944.4875   39  724          - 17513.1645      -   288 1125s
 10329  8919 17995.9911   42  716          - 17513.1645      -   290 1141s
 10389  9025 18086.0709   54  731          - 17513.1645      -   293 1158s
 10495  9220 18256.4447   65  509          - 17513.1645      -   294 1175s
 10690  9554 18515.7088   91  403          - 17513.1645      -   294 1195s
 11024  9995 18713.8731  118  406          - 17513.1645      -   290 1218s
 11469 10284 19100.4649  184  414          - 17513.1645      -   282 1239s
 11627 10284 19600.0219  308  298          - 17513.1645      -   280 1240s
 11786 10469 19687.1839  317  297          - 17513.1645      -   279 1258s
 11971 10817 22051.4586  417  253          - 17518.6860      -   278 1279s
 12048 10817 21286.6717  464  214          - 17518.6860      -   277 1280s
 12440 10873 17878.5559   37  676          - 17518.6860      -   273 1297s
 12496 10953 18046.1766   50  506          - 17518.6860      -   275 1313s
 12576 11013 18205.2617   63  491          - 17518.6860      -   276 1329s
 12636 11223 18399.2345   84  357          - 17518.6860      -   278 1345s
 12850 11485 18948.4275  212  298          - 17518.6860      -   277 1365s
 13114 11662 infeasible  378               - 17518.6953      -   275 1385s
 13341 11769 17889.2129   39  630          - 17518.6953      -   275 1403s
 13448 11902 18039.5998   49  634          - 17518.6953      -   276 1421s
 13583 12028 18128.1268   63  537          - 17518.6953      -   276 1439s
 13637 12028 22694.3163  372  240          - 17518.6953      -   277 1440s
 13709 12090 18226.8785   73  576          - 17518.6953      -   277 1457s
 13785 12260 18534.3156  108  371          - 17518.6953      -   279 1473s
 13955 12451 18901.3294  230  337          - 17518.6953      -   279 1491s
 14148 12684 20231.3607  347  270          - 17518.6953      -   278 1509s
 14300 12684 18365.7590   70  312          - 17518.6953      -   277 1510s
 14389 12869 20783.4384  421  257          - 17522.5782      -   278 1529s
 14602 13078 18146.3870   48  668          - 17522.5782      -   277 1553s
 14749 13078 21310.8173  313  189          - 17522.5782      -   277 1555s
 14867 13112 18327.0425   69  613          - 17522.5782      -   276 1574s
 14901 13187 18466.5730   80  554          - 17522.5782      -   277 1591s
 14976 13311 18858.0965  105  409          - 17522.5782      -   279 1608s
 15100 13495 19055.3657  174  342          - 17522.5782      -   280 1626s
 15286 14013 19566.1276  260  322          - 17522.5782      -   280 1646s
 15808 14417 20312.0218  528  311          - 17523.2727      -   273 1668s
 16258 14739 17853.9688   36  544          - 17523.2727      -   269 1691s
 16640 14794 17970.2971   41  504          - 17523.2727      -   266 1709s
 16676 14794 17823.3946   46  534          - 17523.2727      -   267 1710s
 16695 14840 18152.7878   62  470          - 17523.2727      -   268 1727s
 16741 14987 18424.9522   76  465          - 17523.2727      -   270 1743s
 16888 15182 19108.5601  164  330          - 17523.2727      -   270 1761s
 17083 15289 19861.9217  260  395          - 17523.2727      -   269 1777s
 17196 15448 20217.2099  274  323          - 17525.8669      -   270 1797s
 17379 15659 17914.5816   41  635          - 17525.8669      -   270 1816s
 17596 15680 18025.7346   46  629          - 17525.8669      -   269 1834s
 17631 15726 18158.0032   51  596          - 17525.8669      -   271 1850s
 17677 15779 18428.8701   65  455          - 17525.8669      -   272 1867s
 17730 15868 18662.5119   76  369          - 17525.8669      -   274 1884s
 17771 15868 18910.8031   90  338          - 17525.8669      -   274 1885s
 17819 16011 19023.4694   94  347          - 17525.8669      -   275 1901s
 17962 16194 19650.9898  151  307          - 17525.8669      -   275 1921s
 18147 16471 20981.9533  240  265          - 17526.0494      -   275 1943s
 18423 16471 infeasible  387               - 17526.0494      -   272 1945s
 18492 16613 17957.0464   45  646          - 17526.0494      -   273 1962s
 18634 16699 18142.1790   59  583          - 17526.0494      -   272 2053s
 18720 16888 18625.7499   76  365          - 17526.0494      -   273 2070s
 18909 17109 18822.6083  117  400          - 17526.0494      -   272 2091s
 19130 17627 19271.0610  168  304          - 17526.0494      -   271 2114s
 19451 17627 20940.8767  517  329          - 17526.0494      -   268 2116s
 19666 17714 19624.4369  461  228          - 17526.1195      -   266 2135s
 19805 17748 17996.1274   45  659          - 17526.1195      -   267 2154s
 19839 17805 18124.9924   52  529          - 17526.1195      -   269 2172s
 19896 17885 18509.7995   74  405          - 17526.1195      -   270 2190s
 19976 18009 18791.2245   96  343          - 17526.1195      -   271 2207s
 20100 18196 19294.9649  145  323          - 17526.1195      -   272 2226s
 20289 18456 20030.2281  199  296          - 17534.8142      -   271 2249s
 20463 18456 infeasible  331               - 17534.8142      -   270 2250s
 20590 18608 17823.9601   42  640          - 17534.8142      -   270 2269s
 20752 18657 18008.7152   48  619          - 17534.8142      -   270 2288s
 20819 18724 18176.7541   55  523          - 17534.8142      -   271 2307s
 20886 18820 18439.9782   78  452          - 17534.8142      -   273 2327s
 20982 19046 18896.2824  108  320          - 17534.8142      -   274 2346s
 21208 19304 19750.5928  199  240          - 17537.3973      -   273 2368s
 21514 19537 18068.5426   35  627          - 17537.3973      -   272 2389s
 21765 19572 18273.5936   43  524          - 17537.3973      -   271 2407s
 21830 19627 18324.9529   49  491          - 17537.3973      -   272 2425s
 21885 19673 18673.6920   61  447          - 17537.3973      -   273 2443s
 21931 19732 18766.7514   66  421          - 17537.3973      -   274 2460s
 21990 19838 18956.8812   76  404          - 17537.3973      -   275 2478s
 22096 20058 19549.0510  103  325          - 17537.3973      -   276 2497s
 22316 20388 19787.1442  131  311          - 17537.3973      -   275 2518s
 22502 20388 19440.8646  264  359          - 17537.3973      -   274 2520s
 22665 20958 20209.3856  218  228          - 17537.3973      -   273 2544s
 22799 20958 20640.8396  324  220          - 17537.3973      -   272 2545s
 23269 21061 21753.6938  531  100          - 17538.1095      -   268 2567s
 23422 21101 18014.3809   42  527          - 17540.2329      -   269 2585s
 23462 21147 18130.7684   51  577          - 17540.2329      -   270 2603s
 23508 21216 18354.2907   71  378          - 17540.2329      -   271 2621s
 23577 21312 18710.7115   93  353          - 17540.2329      -   272 2640s
 23673 21483 19489.0034  131  332          - 17540.2329      -   272 2659s
 23844 21802 19525.6643  215  321          - 17540.2329      -   272 2679s
 23911 21802 19800.9929  268  311          - 17540.2329      -   272 2680s
 24169 21929 infeasible  346               - 17541.1237      -   270 2701s
 24310 21951 17951.5260   33  734          - 17541.1237      -   270 2726s
 24356 21997 18163.0616   40  563          - 17541.1237      -   271 2745s
 24402 22053 18334.6735   55  568          - 17541.1237      -   272 2774s
 24458 22116 18588.9399   64  520          - 17541.1237      -   273 2794s
 24521 22277 18854.8404   77  473          - 17541.1237      -   274 2813s
 24682 22448 19232.2531  116  354          - 17541.1237      -   274 2833s
 24853 22719 19688.5503  146  324          - 17541.1237      -   273 2854s
 25124 22931 20223.2635  227  355          - 17541.1237      -   272 2874s
 25194 22931 20460.1392  270  291          - 17541.1237      -   272 2875s
 25396 23084 20830.6858  307  278          - 17543.8288      -   271 2902s
 25603 23112 17861.3907   44  664          - 17543.9749      -   271 2924s
 25631 23142 18128.6055   51  655          - 17543.9749      -   272 2942s
 25661 23195 18304.6263   58  612          - 17543.9749      -   273 2962s
 25714 23297 18656.4254   76  435          - 17543.9749      -   274 2982s
 25816 23426 18733.9982  110  360          - 17543.9749      -   275 3002s
 25945 23840 19284.7565  142  309          - 17543.9749      -   276 3026s
 26361 24426 19833.0546  289  294          - 17543.9749      -   273 3054s
 26482 24426 20343.5954  386  266          - 17543.9749      -   273 3055s
 26957 24676 20965.6988  580  247          - 17545.0553      -   269 3082s
 27283 24712 18186.3720   39  582          - 17547.3117      -   268 3102s
 27319 24764 18452.8359   50  541          - 17547.3117      -   269 3120s
 27371 24820 18526.4964   65  538          - 17547.3117      -   269 3138s
 27427 24894 18712.0441   79  496          - 17547.3117      -   270 3156s
 27501 24985 18965.9822  101  375          - 17547.3117      -   271 3178s
 27594 25375 19351.3939  125  246          - 17547.3117      -   271 3204s
 27927 25375 19458.8882  114  464          - 17547.3117      -   269 3206s
 27984 25571 20624.9322  387  148          - 17554.6162      -   269 3226s
 28220 25705 17931.9064   44  539          - 17554.6162      -   269 3248s
 28403 25754 18432.5501   54  503          - 17554.6162      -   269 3269s
 28437 25754 17866.8498   33  722          - 17554.6162      -   269 3270s
 28452 25838 18610.9723   80  425          - 17554.6162      -   269 3290s
 28536 26038 18988.1544  119  324          - 17554.6162      -   270 3310s
 28736 26235 19790.4092  248  287          - 17559.0124      -   269 3334s
 28951 26282 17895.6928   50  702          - 17559.0124      -   269 3353s
 28998 26368 18079.9131   53  698          - 17559.0124      -   270 3373s
 29084 26515 18136.9246   62  619          - 17559.0124      -   270 3393s
 29231 26811 18406.8450   72  483          - 17559.0124      -   270 3419s
 29258 26811 19981.0969  221  327          - 17559.0124      -   270 3420s
 29527 27057 18616.3369   84  478          - 17559.0124      -   269 3444s
 29605 27057 21425.5566  420  153          - 17559.0124      -   269 3445s
 29792 27154 18880.8588  101  495          - 17559.0124      -   268 3465s
 29889 27278 19301.5155  141  430          - 17559.0124      -   268 3485s
 30013 27473 19622.8139  206  308          - 17559.0124      -   268 3505s
 30208 27613 20181.3024  325  337          - 17559.0124      -   268 3526s
 30360 27813 21618.2447  375  259          - 17567.0603      -   269 3555s
 30612 28024 17881.8976   34  794          - 17567.0603      -   268 3579s
 30825 28289 18041.6153   41  781          - 17567.0603      -   268 3600s

Cutting planes:
  User: 7809
  Gomory: 39
  Cover: 699
  Implied bound: 296
  Projected implied bound: 53
  Clique: 32
  MIR: 634
  Flow cover: 938
  GUB cover: 9
  Zero half: 86
  Network: 1
  RLT: 556
  Relax-and-lift: 60
  Lazy constraints: 133

Explored 31098 nodes (8339902 simplex iterations) in 3602.12 seconds
Thread count was 2 (of 32 available processors)

Solution count 0

Time limit reached
Best objective -, best bound 1.756706025728e+04, gap -

User-callback calls 502155, time in user-callback 276.88 sec
writeSolution() exp: Unable to retrieve attribute 'X'
================================================================================
executing instance: ./input/Instances/Original/6/absH6high_1n20.dat
--------------------------------------------------------------------------------
Instance details
n	21
H	6
C	1651
Li:
[0, 0, 0, 0, 0, 0, 0, 0, 0, 0, 0, 0, 0, 0, 0, 0, 0, 0, 0, 0, 0, ]
Ui:
[0, 36, 182, 182, 90, 261, 117, 30, 110, 42, 276, 153, 40, 94, 144, 46, 129, 213, 264, 160, 174, ]
Distance matrix:
|0	371	401	343	361	341	370	115	392	400	79	266	292	245	355	431	265	194	95	92	348	|
|371	0	37	141	110	250	117	438	67	131	372	305	115	238	247	255	235	296	392	430	185	|
|401	37	0	175	100	284	146	472	90	156	406	342	152	275	280	282	242	333	415	455	178	|
|343	141	175	0	239	110	38	374	95	60	314	182	67	130	106	127	318	201	397	423	303	|
|361	110	100	239	0	341	222	451	177	240	385	374	190	304	341	361	151	345	354	398	78	|
|341	250	284	110	341	0	143	337	203	151	289	102	152	97	15	95	394	156	415	431	398	|
|370	117	146	38	222	143	0	407	61	30	346	220	81	167	137	139	317	237	417	447	292	|
|115	438	472	374	451	337	407	0	443	434	66	241	339	251	351	431	374	181	201	177	450	|
|392	67	90	95	177	203	61	443	0	66	379	275	104	216	197	193	294	283	427	461	252	|
|400	131	156	60	240	151	30	434	66	0	374	237	112	189	142	127	344	261	448	477	312	|
|79	372	406	314	385	289	346	66	379	374	0	202	275	197	304	383	316	134	175	166	388	|
|266	305	342	182	374	102	220	241	275	237	202	0	191	70	117	196	386	73	352	359	415	|
|292	115	152	67	190	152	81	339	104	112	275	191	0	123	154	193	252	183	336	366	246	|
|245	238	275	130	304	97	167	251	216	189	197	70	123	0	110	187	322	72	319	334	346	|
|355	247	280	106	341	15	137	351	197	142	304	117	154	110	0	80	399	171	427	444	400	|
|431	255	282	127	361	95	139	431	193	127	383	196	193	187	80	0	444	251	499	519	429	|
|265	235	242	318	151	394	317	374	294	344	316	386	252	322	399	444	0	332	226	273	97	|
|194	296	333	201	345	156	237	181	283	261	134	73	183	72	171	251	332	0	279	286	375	|
|95	392	415	397	354	415	417	201	427	448	175	352	336	319	427	499	226	279	0	47	321	|
|92	430	455	423	398	431	447	177	461	477	166	359	366	334	444	519	273	286	47	0	368	|
|348	185	178	303	78	398	292	450	252	312	388	415	246	346	400	429	97	375	321	368	0	|

--------------------------------------------------------------------------------
Building model...
	using lazy and cut (CVRPSEP package)
Solving IRP LP...
--------------------------------------------------------------------------------

Gurobi 9.1.0 (linux64) logging started Wed Feb 17 19:12:27 2021

Gurobi Optimizer version 9.1.0 build v9.1.0rc0 (linux64)
Thread count: 32 physical cores, 32 logical processors, using up to 2 threads
Optimize a model with 2397 rows, 7677 columns and 19887 nonzeros
Model fingerprint: 0x4cea94b1
Variable types: 747 continuous, 6930 integer (630 binary)
Coefficient statistics:
  Matrix range     [1e+00, 3e+02]
  Objective range  [1e-01, 5e+02]
  Bounds range     [1e+00, 3e+02]
  RHS range        [1e+00, 3e+03]
Presolve removed 953 rows and 884 columns
Presolve time: 0.10s
Presolved: 1444 rows, 6793 columns, 16470 nonzeros
Variable types: 575 continuous, 6218 integer (5645 binary)

Root relaxation: objective 1.421493e+04, 2643 iterations, 0.08 seconds

    Nodes    |    Current Node    |     Objective Bounds      |     Work
 Expl Unexpl |  Obj  Depth IntInf | Incumbent    BestBd   Gap | It/Node Time

     0     0 14214.9310    0  224          - 14214.9310      -     -    0s
     0     0 14476.4613    0  303          - 14476.4613      -     -    0s
     0     0 14489.9880    0  268          - 14489.9880      -     -    0s
     0     0 14500.0574    0  269          - 14500.0574      -     -    0s
     0     0 14510.9397    0  268          - 14510.9397      -     -    0s
     0     0 14510.9842    0  270          - 14510.9842      -     -    0s
     0     0 14731.2449    0  298          - 14731.2449      -     -    1s
     0     0 14869.1272    0  310          - 14869.1272      -     -    1s
     0     0 14890.9211    0  316          - 14890.9211      -     -    1s
     0     0 14900.3947    0  339          - 14900.3947      -     -    1s
     0     0 14904.6896    0  319          - 14904.6896      -     -    1s
     0     0 14905.0285    0  323          - 14905.0285      -     -    1s
     0     0 15043.8067    0  334          - 15043.8067      -     -    1s
     0     0 15069.6734    0  412          - 15069.6734      -     -    1s
     0     0 15072.7722    0  411          - 15072.7722      -     -    2s
     0     0 15078.4275    0  417          - 15078.4275      -     -    2s
     0     0 15078.9396    0  441          - 15078.9396      -     -    2s
     0     0 15220.6712    0  474          - 15220.6712      -     -    2s
     0     0 15230.5815    0  464          - 15230.5815      -     -    2s
     0     0 15234.0704    0  505          - 15234.0704      -     -    2s
     0     0 15236.6892    0  481          - 15236.6892      -     -    2s
     0     0 15237.3166    0  487          - 15237.3166      -     -    3s
     0     0 15264.9482    0  498          - 15264.9482      -     -    3s
     0     0 15269.1882    0  510          - 15269.1882      -     -    3s
     0     0 15272.9920    0  467          - 15272.9920      -     -    3s
     0     0 15274.1442    0  484          - 15274.1442      -     -    3s
     0     0 15295.7492    0  454          - 15295.7492      -     -    3s
     0     0 15300.6479    0  434          - 15300.6479      -     -    4s
     0     0 15301.1705    0  475          - 15301.1705      -     -    4s
     0     0 15308.0040    0  494          - 15308.0040      -     -    4s
     0     0 15308.0040    0  458          - 15308.0040      -     -    5s
     0     2 15311.2899    0  417          - 15311.2899      -     -    6s
    16    19 15423.1585    5  427          - 15374.5176      -  1018   10s
    59    62 15669.3973   17  434          - 15374.5176      -   804   15s
    91    97 16015.4773   25  453          - 15374.5176      -   822   20s
   133   142 16301.2550   37  388          - 15374.5176      -   742   25s
   216   240 17300.7932   70  254          - 15374.5176      -   603   30s
   422   421 17073.5173   82  329          - 15374.5176      -   385   35s
   592   576 15686.9921    4  581          - 15374.7935      -   311   40s
   652   610 15814.8083    7  577          - 15374.7935      -   330   45s
   667   626 15885.8835   11  532          - 15374.7935      -   356   50s
   692   651 16231.6229   20  518          - 15374.7935      -   390   55s
   724   679 18624.9772  111  458          - 15374.7935      -   417   61s
   735   686 17918.1438  125  627          - 15522.9221      -   411   65s
   749   696 17659.8262  115  611          - 15562.2187      -   403   70s
   763   705 16445.8717   47  632          - 15589.8183      -   396   75s
   768   708 22512.1905  203  696          - 15592.1730      -   393   80s
   770   713 15593.3604   15  689          - 15592.9528      -   430   86s
   774   715 15788.3831   16  546          - 15594.5572      -   432   93s
   778   718 15682.0227   17  617          - 15607.0970      -   436   96s
   788   727 15643.8524   20  581          - 15643.8524      -   450  100s
   810   741 15667.2389   26  616          - 15651.9429      -   461  105s
   830   755 15696.2172   31  523          - 15651.9429      -   474  110s
   861   778 15755.8046   40  493          - 15651.9429      -   485  115s
   898   805 15807.1008   48  514          - 15651.9429      -   486  120s
   939   830 15981.8297   58  492          - 15651.9429      -   488  125s
   987   870 16062.3312   68  411          - 15651.9429      -   484  131s
  1034   909 16339.7778   80  395          - 15651.9429      -   478  135s
  1108   962 16543.3053   98  397          - 15651.9429      -   464  140s
  1194  1028 16822.5098  117  372          - 15651.9429      -   449  146s
  1285  1081 17595.9923  138  316          - 15651.9429      -   435  152s
  1351  1133 17854.1783  155  317          - 15651.9429      -   427  156s
  1442  1161 18501.4190  178  255          - 15651.9429      -   414  161s
  1521  1222 19072.2718  212  250          - 15651.9429      -   407  167s
  1604  1237 15779.7954   33  494          - 15651.9429      -   396  170s
  1666  1301 20105.2149  272  229          - 15656.8104      -   392  176s
  1735  1312 15745.0737   23  580          - 15656.8104      -   390  181s
  1779  1337 15869.7557   32  518          - 15656.8104      -   393  187s
  1797  1354 15850.6291   36  554          - 15656.8104      -   395  190s
  1850  1399 16002.0618   42  540          - 15656.8104      -   398  197s
  1884  1429 16050.5958   45  516          - 15656.8104      -   397  200s
  1973  1497 16398.8082   50  483          - 15656.8104      -   393  208s
  2023  1531 16678.2193   56  431          - 15656.8104      -   390  212s
  2074  1583 16483.7086   64  481          - 15656.8104      -   388  216s
  2143  1635 16621.8893   72  481          - 15656.8104      -   383  221s
  2218  1686 16870.5043   79  408          - 15656.8104      -   378  226s
  2296  1756 17067.5561   87  434          - 15656.8104      -   372  231s
  2400  1813 17185.2605   95  392          - 15656.8104      -   363  237s
  2537  1801 17310.6675   99  417          - 15656.8104      -   352  242s
  2570  1829 17400.6466  106  374          - 15656.8104      -   354  247s
  2609  1874 17620.7894  114  327          - 15656.8104      -   356  252s
  2667  1960 17882.4746  137  336          - 15656.8104      -   355  258s
  2775  2033 18399.6825  206  284          - 15656.8104      -   348  264s
  2828  2016 18836.3721  243  228          - 15656.8104      -   344  265s
  2886  2094 19493.0297  271  234          - 15656.8104      -   341  271s
  2990  2145 21047.0766  318  195          - 15659.6960      -   336  278s
  3076  2167 15727.4964   24  637          - 15659.6960      -   333  284s
  3098  2203 15775.0837   30  562          - 15659.6960      -   335  290s
  3134  2239 15911.3355   37  545          - 15659.6960      -   338  296s
  3170  2293 16037.8812   45  549          - 15659.6960      -   341  303s
  3224  2336 16210.8630   50  427          - 15659.6960      -   342  309s
  3267  2433 16519.7647   55  372          - 15659.6960      -   344  317s
  3366  2541 16679.1380   61  436          - 15659.6960      -   341  325s
  3478  2605 16812.8955   65  415          - 15659.6960      -   338  334s
  3584  2658 17110.2431   75  327          - 15659.6960      -   336  342s
  3637  2752 17410.2168   96  307          - 15659.6960      -   337  350s
  3737  2847 infeasible  151               - 15675.6027      -   335  360s
  3861  2879 15739.0642   26  531          - 15675.6027      -   333  369s
