




arguments: ./build/bc_mirp -f ./input/orig_exec_37.cfg
Current dir: /scratch/gui/bc_mirp
File verbosity level: 9
date       time         ( uptime  ) [ thread name/id ]                   file:line     v| 
2021-02-06 18:12:02.775 (   0.068s) [main thread     ]             loguru.cpp:789   INFO| Logging to './output/vi_vc+vr/OU/V5/Original/execution_06_02_2021_18_12_02.log', mode: 'a', verbosity: 9
--------------------------------------------------------------------------------
Parameters
                           instance_path           ./input/Instances/Original/1/
                            model_policy                                       1
                             nb_vehicles                                       5
                              output_dir       ./output/vi_vc+vr/OU/V5/Original/
                            sec_strategy                                       1
                       solver_nb_threads                                       2
                         solver_show_log                                    true
                       solver_time_limit                                    3600
                              use_vi_cos                                   false
                              use_vi_cus                                   false
                         use_vi_hc1_full                                   false
                         use_vi_hc1_half                                   false
                      use_vi_hc1_quarter                                   false
                              use_vi_hc2                                   false
                              use_vi_hc3                                   false
                         use_vi_lex_full                                   false
                         use_vi_lex_half                                   false
                      use_vi_lex_quarter                                   false
                              use_vi_qua                                   false
                               use_vi_vc                                    true
                               use_vi_vr                                    true
--------------------------------------------------------------------------------
executing instance: ./input/Instances/Original/1/absH3high_1n5.dat
--------------------------------------------------------------------------------
Instance details
n	6
H	3
C	289
Li:
[0, 0, 0, 0, 0, 0, ]
Ui:
[0, 195, 105, 116, 72, 22, ]
Distance matrix:
|0	85	349	17	203	289	|
|85	0	265	102	214	226	|
|349	265	0	366	368	238	|
|17	102	366	0	207	302	|
|203	214	368	207	0	431	|
|289	226	238	302	431	0	|

--------------------------------------------------------------------------------
Building model...
	using lazy and cut (CVRPSEP package)
Solving IRP LP...
--------------------------------------------------------------------------------

Gurobi 9.1.0 (linux64) logging started Sat Feb  6 18:12:03 2021

Gurobi Optimizer version 9.1.0 build v9.1.0rc0 (linux64)
Thread count: 32 physical cores, 32 logical processors, using up to 2 threads
Optimize a model with 339 rows, 414 columns and 1434 nonzeros
Model fingerprint: 0xf6766acf
Variable types: 99 continuous, 315 integer (90 binary)
Coefficient statistics:
  Matrix range     [1e+00, 2e+02]
  Objective range  [2e-01, 4e+02]
  Bounds range     [1e+00, 2e+02]
  RHS range        [1e+00, 5e+02]
Presolve removed 150 rows and 155 columns
Presolve time: 0.00s

Explored 0 nodes (0 simplex iterations) in 0.01 seconds
Thread count was 1 (of 32 available processors)

Solution count 0

Model is infeasible
Best objective -, best bound -, gap -

User-callback calls 50, time in user-callback 0.00 sec

Computing Irreducible Inconsistent Subsystem (IIS)...

           Constraints          |            Bounds           |  Runtime
      Min       Max     Guess   |   Min       Max     Guess   |
--------------------------------------------------------------------------
        0       282         -         0       569         -           0s
       32        32         -        37        37         -           0s

IIS computed: 32 constraints, 37 bounds
IIS runtime: 0.44 seconds
================================================================================
executing instance: ./input/Instances/Original/1/absH3high_1n45.dat
--------------------------------------------------------------------------------
Instance details
n	46
H	3
C	3462
Li:
[0, 0, 0, 0, 0, 0, 0, 0, 0, 0, 0, 0, 0, 0, 0, 0, 0, 0, 0, 0, 0, 0, 0, 0, 0, 0, 0, 0, 0, 0, 0, 0, 0, 0, 0, 0, 0, 0, 0, 0, 0, 0, 0, 0, 0, 0, ]
Ui:
[0, 273, 270, 36, 165, 192, 148, 45, 30, 75, 180, 198, 112, 117, 90, 64, 180, 22, 264, 174, 168, 270, 86, 66, 26, 66, 237, 156, 92, 108, 144, 72, 30, 45, 94, 54, 174, 96, 198, 136, 44, 180, 210, 249, 198, 48, ]
Distance matrix:
|0	281	201	160	249	201	93	431	236	139	252	136	116	166	390	110	349	374	303	180	327	464	236	70	44	461	346	439	363	254	312	426	305	206	71	137	169	200	247	260	20	219	256	253	460	278	|
|281	0	448	170	53	142	338	184	121	290	371	390	222	302	111	289	169	434	230	177	238	441	59	212	319	211	86	235	399	306	53	176	99	202	263	157	361	101	370	201	264	344	364	374	469	184	|
|201	448	0	285	430	325	114	556	361	171	191	64	228	174	546	294	453	306	364	289	388	435	393	254	157	585	491	536	318	254	490	554	436	407	266	292	108	388	186	337	207	181	205	190	408	364	|
|160	170	285	0	169	43	182	280	80	120	208	231	58	132	262	230	190	294	151	24	174	345	112	107	183	309	207	280	268	158	219	276	155	235	187	45	192	150	205	107	140	177	202	210	356	119	|
|249	53	430	169	0	152	317	238	145	282	377	369	212	299	157	242	215	452	261	183	273	474	76	181	290	264	140	287	421	320	63	229	145	148	221	142	352	53	374	226	234	346	370	378	498	215	|
|201	142	325	43	152	0	224	237	37	156	230	273	101	164	224	261	148	300	127	38	147	333	83	142	225	266	167	238	270	168	193	233	112	246	221	70	228	148	228	84	180	202	222	232	351	87	|
|93	338	114	182	317	224	0	460	262	92	180	52	124	112	440	199	364	307	292	191	317	415	284	140	57	490	387	452	304	208	377	457	336	297	163	181	84	274	175	256	95	152	188	180	402	280	|
|431	184	556	280	238	237	460	0	199	385	420	508	337	385	108	464	110	429	219	269	206	378	202	365	460	30	98	84	388	340	204	9	126	386	432	294	453	283	421	226	411	404	408	423	422	198	|
|236	121	361	80	145	37	262	199	0	191	255	310	138	197	191	290	114	312	118	72	133	330	69	175	262	229	132	204	279	186	174	195	75	258	251	102	262	153	254	81	216	230	246	257	353	72	|
|139	290	171	120	282	156	92	385	191	0	116	129	71	27	380	246	283	235	201	119	226	329	231	141	129	414	323	367	224	119	336	383	266	308	202	141	72	252	112	169	127	82	118	117	322	195	|
|252	371	191	208	377	230	180	420	255	116	0	187	178	90	443	361	311	127	204	195	224	246	313	257	232	446	382	380	129	81	423	421	320	422	318	242	100	355	5	195	241	34	15	2	225	224	|
|136	390	64	231	369	273	52	508	310	129	187	0	173	141	491	233	409	313	330	239	355	431	335	191	93	538	438	495	316	233	429	505	385	342	203	233	88	325	182	297	143	167	199	187	412	323	|
|116	222	228	58	212	101	124	337	138	71	178	173	0	91	319	206	244	284	187	69	212	357	165	85	130	367	265	333	264	151	267	333	213	244	161	70	140	181	175	145	97	145	177	180	359	165	|
|166	302	174	132	299	164	112	385	197	27	90	141	91	0	388	273	280	208	191	127	215	305	243	167	153	413	329	361	198	96	351	383	270	333	229	159	68	272	86	163	153	56	92	91	296	190	|
|390	111	546	262	157	224	440	108	191	380	443	491	319	388	0	399	164	480	264	261	261	456	156	320	426	125	62	186	442	369	107	99	125	300	374	260	452	210	443	252	372	420	433	446	494	227	|
|110	289	294	230	242	261	199	464	290	246	361	233	206	273	399	0	402	480	382	254	404	562	262	124	143	493	369	490	466	355	302	457	344	135	45	191	279	189	356	337	120	328	364	362	563	348	|
|349	169	453	190	215	148	364	110	114	283	311	409	244	280	164	402	0	324	110	174	101	292	151	289	372	135	109	90	284	230	212	111	70	354	364	216	348	245	312	118	329	295	298	313	330	90	|
|374	434	306	294	452	300	307	429	312	235	127	313	284	208	480	480	324	0	216	274	223	137	380	368	357	448	419	367	40	136	487	432	358	525	436	336	227	443	132	234	361	156	119	127	102	255	|
|303	230	364	151	261	127	292	219	118	201	204	330	187	191	264	382	110	216	0	128	25	213	185	258	314	243	203	176	178	123	282	221	144	372	338	193	256	270	206	45	283	193	191	206	239	46	|
|180	177	289	24	183	38	191	269	72	119	195	239	69	127	261	254	174	274	128	0	151	321	118	130	198	299	204	263	246	139	228	266	147	258	211	68	191	169	193	83	159	166	188	197	333	98	|
|327	238	388	174	273	147	317	206	133	226	224	355	212	215	261	404	101	223	25	151	0	203	198	281	339	228	202	156	184	143	288	209	146	390	362	215	280	286	226	68	308	215	210	226	235	61	|
|464	441	435	345	474	333	415	378	330	329	246	431	357	305	456	562	292	137	213	321	203	0	398	440	458	390	400	301	117	211	492	384	348	578	517	389	344	480	251	251	448	265	233	246	54	259	|
|236	59	393	112	76	83	284	202	69	231	313	335	165	243	156	262	151	380	185	118	198	398	0	167	270	231	110	233	347	250	110	195	85	203	230	103	303	95	311	150	217	284	305	315	422	139	|
|70	212	254	107	181	142	140	365	175	141	257	191	85	167	320	124	289	368	258	130	281	440	167	0	109	394	277	378	349	236	244	359	239	167	81	73	196	135	253	213	53	223	257	258	444	226	|
|44	319	157	183	290	225	57	460	262	129	232	93	130	153	426	143	372	357	314	198	339	458	270	109	0	490	379	462	351	247	353	456	334	250	110	168	140	243	226	274	56	201	238	232	449	294	|
|461	211	585	309	264	266	490	30	229	414	446	538	367	413	125	493	135	448	243	299	228	390	231	394	490	0	125	89	408	365	226	36	156	412	462	324	481	311	447	253	441	430	433	448	436	225	|
|346	86	491	207	140	167	387	98	132	323	382	438	265	329	62	369	109	419	203	204	202	400	110	277	379	125	0	155	381	307	113	90	63	288	339	211	394	186	382	190	327	359	371	384	436	165	|
|439	235	536	280	287	238	452	84	204	367	380	495	333	361	186	490	90	367	176	263	156	301	233	378	462	89	155	0	326	299	267	92	148	432	454	306	429	325	382	199	419	369	366	382	348	172	|
|363	399	318	268	421	270	304	388	279	224	129	316	264	198	442	466	284	40	178	246	184	117	347	349	351	408	381	326	0	113	452	391	321	502	422	311	229	415	134	199	348	152	118	130	98	219	|
|254	306	254	158	320	168	208	340	186	119	81	233	151	96	369	355	230	136	123	139	143	211	250	236	247	365	307	299	113	0	359	340	244	390	310	200	148	308	83	117	238	74	68	83	208	145	|
|312	53	490	219	63	193	377	204	174	336	423	429	267	351	107	302	212	487	282	228	288	492	110	244	353	226	113	267	452	359	0	195	145	194	283	199	407	115	421	254	296	394	415	425	521	237	|
|426	176	554	276	229	233	457	9	195	383	421	505	333	383	99	457	111	432	221	266	209	384	195	359	456	36	90	92	391	340	195	0	122	378	426	289	451	275	421	226	406	404	408	423	427	197	|
|305	99	436	155	145	112	336	126	75	266	320	385	213	270	125	344	70	358	144	147	146	348	85	239	334	156	63	148	321	244	145	122	0	286	310	168	336	177	320	128	285	298	309	322	381	103	|
|206	202	407	235	148	246	297	386	258	308	422	342	244	333	300	135	354	525	372	258	390	578	203	167	250	412	288	432	502	390	194	378	286	0	144	191	362	109	418	329	202	388	421	423	591	329	|
|71	263	266	187	221	221	163	432	251	202	318	203	161	229	374	45	364	436	338	211	362	517	230	81	110	462	339	454	422	310	283	426	310	144	0	150	239	168	313	294	77	285	321	319	518	306	|
|137	157	292	45	142	70	181	294	102	141	242	233	70	159	260	191	216	336	193	68	215	389	103	73	168	324	211	306	311	200	199	289	168	191	150	0	210	113	239	148	117	210	238	244	400	157	|
|169	361	108	192	352	228	84	453	262	72	100	88	140	68	452	279	348	227	256	191	280	344	303	196	140	481	394	429	229	148	407	451	336	362	239	210	0	318	95	231	164	79	111	100	325	258	|
|200	101	388	150	53	148	274	283	153	252	355	325	181	272	210	189	245	443	270	169	286	480	95	135	243	311	186	325	415	308	115	275	177	109	168	113	318	0	352	230	187	323	351	357	498	225	|
|247	370	186	205	374	228	175	421	254	112	5	182	175	86	443	356	312	132	206	193	226	251	311	253	226	447	382	382	134	83	421	421	320	418	313	239	95	352	0	196	237	30	19	6	230	224	|
|260	201	337	107	226	84	256	226	81	169	195	297	145	163	252	337	118	234	45	83	68	251	150	213	274	253	190	199	199	117	254	226	128	329	294	148	231	230	196	0	240	178	184	198	272	29	|
|20	264	207	140	234	180	95	411	216	127	241	143	97	153	372	120	329	361	283	159	308	448	217	53	56	441	327	419	348	238	296	406	285	202	77	117	164	187	237	240	0	208	245	242	446	257	|
|219	344	181	177	346	202	152	404	230	82	34	167	145	56	420	328	295	156	193	166	215	265	284	223	201	430	359	369	152	74	394	404	298	388	285	210	79	323	30	178	208	0	37	35	250	206	|
|256	364	205	202	370	222	188	408	246	118	15	199	177	92	433	364	298	119	191	188	210	233	305	257	238	433	371	366	118	68	415	408	309	421	321	238	111	351	19	184	245	37	0	17	214	212	|
|253	374	190	210	378	232	180	423	257	117	2	187	180	91	446	362	313	127	206	197	226	246	315	258	232	448	384	382	130	83	425	423	322	423	319	244	100	357	6	198	242	35	17	0	225	226	|
|460	469	408	356	498	351	402	422	353	322	225	412	359	296	494	563	330	102	239	333	235	54	422	444	449	436	436	348	98	208	521	427	381	591	518	400	325	498	230	272	446	250	214	225	0	285	|
|278	184	364	119	215	87	280	198	72	195	224	323	165	190	227	348	90	255	46	98	61	259	139	226	294	225	165	172	219	145	237	197	103	329	306	157	258	225	224	29	257	206	212	226	285	0	|

--------------------------------------------------------------------------------
Building model...
	using lazy and cut (CVRPSEP package)
Solving IRP LP...
--------------------------------------------------------------------------------

Gurobi 9.1.0 (linux64) logging started Sat Feb  6 18:12:05 2021

Gurobi Optimizer version 9.1.0 build v9.1.0rc0 (linux64)
Thread count: 32 physical cores, 32 logical processors, using up to 2 threads
Optimize a model with 2659 rows, 17074 columns and 39154 nonzeros
Model fingerprint: 0xaef6a4a7
Variable types: 859 continuous, 16215 integer (690 binary)
Coefficient statistics:
  Matrix range     [1e+00, 7e+02]
  Objective range  [1e-01, 6e+02]
  Bounds range     [1e+00, 3e+02]
  RHS range        [1e+00, 6e+03]
Presolve removed 1204 rows and 1100 columns
Presolve time: 0.20s
Presolved: 1455 rows, 15974 columns, 34647 nonzeros
Variable types: 530 continuous, 15444 integer (14762 binary)

Root relaxation: objective 1.324580e+04, 1638 iterations, 0.06 seconds

    Nodes    |    Current Node    |     Objective Bounds      |     Work
 Expl Unexpl |  Obj  Depth IntInf | Incumbent    BestBd   Gap | It/Node Time

     0     0 13245.7990    0  152          - 13245.7990      -     -    0s
     0     0 13603.1283    0  139          - 13603.1283      -     -    1s
     0     0 13603.1283    0  140          - 13603.1283      -     -    1s
     0     0 14003.3975    0  251          - 14003.3975      -     -    1s
     0     0 14025.4650    0  274          - 14025.4650      -     -    1s
     0     0 14029.3123    0  266          - 14029.3123      -     -    1s
     0     0 14029.4696    0  269          - 14029.4696      -     -    1s
     0     0 14188.9649    0  239          - 14188.9649      -     -    2s
     0     0 14221.1746    0  292          - 14221.1746      -     -    2s
     0     0 14221.3354    0  299          - 14221.3354      -     -    2s
     0     0 14355.0352    0  330          - 14355.0352      -     -    3s
     0     0 14362.7548    0  348          - 14362.7548      -     -    3s
     0     0 14364.4148    0  353          - 14364.4148      -     -    3s
     0     0 14364.6196    0  351          - 14364.6196      -     -    3s
     0     0 14413.4942    0  413          - 14413.4942      -     -    4s
     0     0 14422.7538    0  412          - 14422.7538      -     -    4s
     0     0 14423.6249    0  450          - 14423.6249      -     -    4s
     0     0 14450.8293    0  444          - 14450.8293      -     -    5s
     0     0 14453.1917    0  420          - 14453.1917      -     -    6s
     0     0 14453.5577    0  442          - 14453.5577      -     -    6s
     0     0 14491.6748    0  324          - 14491.6748      -     -    6s
     0     0 14494.0820    0  331          - 14494.0820      -     -    7s
     0     0 14522.7854    0  472          - 14522.7854      -     -    7s
     0     0 14557.2408    0  493          - 14557.2408      -     -    7s
     0     0 14574.7255    0  433          - 14574.7255      -     -    7s
     0     0 14579.0737    0  482          - 14579.0737      -     -    8s
     0     0 14579.3654    0  486          - 14579.3654      -     -    8s
     0     0 14589.5234    0  380          - 14589.5234      -     -    8s
     0     0 14591.1237    0  473          - 14591.1237      -     -    9s
     0     0 14596.8374    0  465          - 14596.8374      -     -   10s
     0     0 14596.8374    0  455          - 14596.8374      -     -   10s
     0     2 14604.9216    0  451          - 14604.9216      -     -   16s
    28    31 14637.6852    9  498          - 14604.9216      -   390   20s
    61    67 14860.3058   16  355          - 14604.9216      -   454   25s
    98   107 15161.5825   24  368          - 14604.9216      -   450   30s
   160   174 15368.2117   41  234          - 14604.9216      -   396   35s
   223   245 15749.5930   61  156          - 14604.9216      -   376   40s
   329   388 16287.6357  101  138          - 14604.9216      -   309   45s
   465   556 17212.3919  144   71          - 14604.9216      -   245   51s
   693   788 18394.3037  225   84          - 14604.9216      -   184   55s
   947  1072 20481.4533  301   26          - 14618.8491      -   142   60s
* 1147  1173             375    22926.480000 14627.9015  36.2%   122   63s
* 1148  1173             376    22747.480000 14627.9015  35.7%   122   63s
* 1168  1177             373    22735.480000 14627.9015  35.7%   120   64s
  1281  1172 20674.7100  319  455 22735.4800 14627.9480  35.7%   112   72s
  1284  1174 20948.4871  333  296 22735.4800 14627.9480  35.7%   112   79s
  1285  1175 22514.0791  363  310 22735.4800 14627.9480  35.7%   112   80s
  1297  1183 17416.9222  156  682 22735.4800 14670.5153  35.5%   111   85s
  1298  1183 16872.1299  133  660 22735.4800 14682.9786  35.4%   111   90s
  1306  1189 20862.1600  322  674 22735.4800 14698.0490  35.4%   110   95s
  1314  1194 14887.5164   17  795 22735.4800 14704.5643  35.3%   109  101s
  1319  1197 20095.0424  250  862 22735.4800 14707.5932  35.3%   109  105s
  1324  1201 20068.9164  253  872 22735.4800 14709.0747  35.3%   109  110s
  1327  1203 19992.1936  262  863 22735.4800 14709.1041  35.3%   108  117s
  1329  1206 14721.4807   15  697 22735.4800 14710.4445  35.3%   125  120s
  1342  1216 14713.6410   19  669 22735.4800 14711.9833  35.3%   133  125s
  1348  1220 14763.5871   20  500 22735.4800 14715.8736  35.3%   136  142s
  1355  1224 14727.2804   22  734 22735.4800 14723.9346  35.2%   138  146s
  1366  1234 14757.8097   24  765 22735.4800 14723.9346  35.2%   143  150s
  1383  1243 14767.0227   28  724 22735.4800 14723.9346  35.2%   149  156s
  1400  1256 14803.2641   31  743 22735.4800 14723.9346  35.2%   156  160s
  1411  1262 14809.1109   33  701 22735.4800 14723.9346  35.2%   159  179s
  1413  1267 14868.4350   33  536 22735.4800 14723.9346  35.2%   160  180s
  1435  1280 14835.2499   36  591 22735.4800 14723.9346  35.2%   165  185s
  1468  1316 14857.0506   40  570 22735.4800 14723.9346  35.2%   171  191s
  1511  1339 14881.9076   43  517 22735.4800 14723.9346  35.2%   177  197s
  1546  1356 14899.0111   46  560 22735.4800 14723.9346  35.2%   180  204s
  1552  1381 14905.4796   47  535 22735.4800 14723.9346  35.2%   182  206s
  1594  1413 14958.8207   50  517 22735.4800 14723.9346  35.2%   184  211s
  1659  1462 14956.5982   54  489 22735.4800 14723.9346  35.2%   185  216s
  1731  1505 14985.1612   59  498 22735.4800 14723.9346  35.2%   186  221s
  1804  1564 15020.7196   63  457 22735.4800 14723.9346  35.2%   186  228s
  1846  1607 15042.1491   66  437 22735.4800 14723.9346  35.2%   186  232s
  1903  1649 15137.5282   68  358 22735.4800 14723.9346  35.2%   185  235s
  1966  1645 15092.3884   71  424 22735.4800 14723.9346  35.2%   182  246s
* 2006  1593             290    18492.190000 14723.9346  20.4%   181  249s
  2042  1581     cutoff  297      18492.1900 14723.9346  20.4%   178  250s
  2058  1576 15129.6889   78  387 18492.1900 14723.9346  20.4%   180  256s
  2077  1584 15348.3632   85  359 18492.1900 14723.9346  20.4%   186  263s
  2080  1597 15140.8596   86  384 18492.1900 14723.9346  20.4%   187  266s
  2106  1612 15218.0229   97  364 18492.1900 14723.9346  20.4%   192  272s
  2118  1626 15271.4326  101  350 18492.1900 14723.9346  20.4%   195  275s
  2152  1651 15425.1150  113  249 18492.1900 14723.9346  20.4%   200  281s
  2172  1658 15549.1091  121  219 18492.1900 14723.9346  20.4%   203  285s
  2210  1691 15773.6314  137  236 18492.1900 14723.9346  20.4%   206  292s
  2232  1720 15920.0281  146  180 18492.1900 14723.9346  20.4%   209  296s
  2268  1742 16027.9211  161  191 18492.1900 14723.9346  20.4%   210  300s
  2302  1764 16180.1162  175  205 18492.1900 14723.9346  20.4%   212  305s
  2335  1805 16450.5358  188  162 18492.1900 14723.9346  20.4%   212  310s
  2387  1854 16695.2223  212  128 18492.1900 14723.9346  20.4%   211  316s
  2454  1869 17166.1604  243  170 18492.1900 14723.9346  20.4%   211  322s
  2491  1957 17496.7620  259  145 18492.1900 14752.4797  20.2%   212  331s
  2615  1931 14773.9304   23  830 18492.1900 14752.4797  20.2%   209  338s
  2631  1946 14830.7172   26  713 18492.1900 14752.4797  20.2%   213  342s
  2651  1972 14830.0711   29  725 18492.1900 14752.4797  20.2%   215  347s
  2684  1999 14883.7130   30  397 18492.1900 14752.4797  20.2%   217  352s
  2722  2019 14908.4852   34  541 18492.1900 14752.4797  20.2%   218  358s
  2754  2049 14897.9693   37  523 18492.1900 14752.4797  20.2%   221  363s
  2795  2089 15080.2861   37  563 18492.1900 14752.4797  20.2%   224  370s
  2849  2145 14970.8848   42  503 18492.1900 14752.4797  20.2%   224  376s
  2923  2225 15030.4293   43  529 18492.1900 14752.4797  20.2%   225  385s
  3027  2323 15023.8194   46  469 18492.1900 14752.4797  20.2%   223  398s
  3130  2289 18147.4479  291   81 18492.1900 14752.4797  20.2%   221  400s
  3195  2291 15105.3766   51  406 18492.1900 14752.4797  20.2%   219  406s
  3216  2306 15139.1035   58  444 18492.1900 14752.4797  20.2%   222  412s
  3238  2325 15197.9016   63  438 18492.1900 14752.4797  20.2%   225  418s
  3264  2355 15261.2781   68  396 18492.1900 14752.4797  20.2%   228  424s
  3303  2391 15476.0164   75  283 18492.1900 14752.4797  20.2%   230  431s
  3352  2446 15603.8774   86  295 18492.1900 14752.4797  20.2%   232  439s
  3397  2431 15668.9441   99  218 18492.1900 14752.4797  20.2%   232  440s
  3423  2500 15747.0772  101  228 18492.1900 14752.4797  20.2%   234  447s
  3501  2619 15993.9621  116  195 18492.1900 14752.4797  20.2%   235  457s
  3646  2820 16382.3174  145  156 18492.1900 14752.4797  20.2%   234  469s
  3681  2808 16425.5424  155  141 18492.1900 14752.4797  20.2%   233  470s
  3956  2874 17578.4776  182   56 18492.1900 14762.7260  20.2%   224  484s
  4022  2862 18316.3000  216    - 18492.1900 14762.7260  20.2%   222  485s
  4141  2984 14892.7066   25  679 18492.1900 14762.7260  20.2%   221  497s
  4299  3038 14973.5468   29  600 18492.1900 14762.7260  20.2%   219  512s
  4448  3000 15008.1415   32  677 18492.1900 14762.7260  20.2%   216  522s
  4456  3011 14993.2663   32  683 18492.1900 14762.7260  20.2%   219  531s
  4469  3018 15042.9339   34  477 18492.1900 14762.7260  20.2%   221  539s
  4474  3017 15021.7838   30  461 18492.1900 14762.7260  20.2%   222  540s
  4481  3016 15097.3420   38  464 18492.1900 14762.7260  20.2%   223  566s
  4483  3043 15091.9143   38  469 18492.1900 14762.7260  20.2%   224  574s
  4510  3127 15140.7971   39  360 18492.1900 14762.7260  20.2%   225  584s
  4556  3111 16152.6566  101  171 18492.1900 14762.7260  20.2%   226  585s
  4603  3150 15130.7169   41  496 18492.1900 14762.7260  20.2%   224  594s
  4656  3132 18351.2087  180   14 18492.1900 14762.7260  20.2%   224  595s
  4671  3129 15227.5641   51  230 18492.1900 14762.7260  20.2%   225  623s
  4677  3155 15203.4752   49  247 18492.1900 14762.7260  20.2%   226  632s
  4705  3218 15367.7872   61  236 18492.1900 14762.7260  20.2%   228  642s
  4777  3363 15780.8265   95  127 18492.1900 14762.7260  20.2%   229  685s
  4938  3523 16801.1863  146   23 18492.1900 14770.7539  20.1%   227  703s
  5082  3538 17754.0319  181   32 18492.1900 14770.7539  20.1%   221  705s
  5168  3577 14846.3418   21  716 18492.1900 14770.7539  20.1%   221  716s
  5197  3699 14898.8143   26  665 18492.1900 14770.7539  20.1%   223  732s
  5339  3709 15029.0815   28  563 18492.1900 14770.7539  20.1%   222  746s
  5350  3719 14994.9566   28  625 18492.1900 14770.7539  20.1%   225  759s
  5360  3732 14996.7381   32  601 18492.1900 14770.7539  20.1%   228  769s
  5373  3761 15103.2410   35  341 18492.1900 14770.7539  20.1%   231  781s
  5402  3801 15254.8320   43  289 18492.1900 14770.7539  20.1%   234  793s
  5442  3891 15423.1315   58  238 18492.1900 14770.7539  20.1%   236  807s
  5532  4062 15644.6083   93  176 18492.1900 14770.7539  20.1%   238  826s
  5703  4138 17302.6394  162   51 18492.1900 14773.9683  20.1%   239  841s
  5811  4169 18358.9150  190    2 18492.1900 14774.3251  20.1%   239  855s
  5846  4193 18416.7100  191    - 18492.1900 14779.3367  20.1%   241  868s
  5874  4233     cutoff  191      18492.1900 14781.3219  20.1%   244  886s
* 5875  4227             191    18469.580000 14781.3219  20.0%   244  886s
* 5877  4210             190    18418.580000 14781.3219  19.7%   244  886s
  5918  4318 14926.9090   31  530 18418.5800 14781.3219  19.7%   246  905s
  6096  4392 15231.8732   46  441 18418.5800 14781.3219  19.7%   244  922s
  6144  4491 15654.7018   69  307 18418.5800 14783.3255  19.7%   246  948s
  6272  4534 infeasible  168      18418.5800 14785.3056  19.7%   246  966s
  6317  4658 14976.7405   32  586 18418.5800 14785.3056  19.7%   248  987s
  6468  4717 15024.7947   37  583 18418.5800 14785.3056  19.7%   247 1006s
  6527  4821 15145.4724   43  550 18418.5800 14785.3056  19.7%   249 1025s
  6679  4875 15249.9302   50  376 18418.5800 14785.3056  19.7%   249 1045s
  6722  4951 15426.4672   72  137 18418.5800 14785.3056  19.7%   251 1065s
  6798  5236 15546.4331  102  157 18418.5800 14789.6569  19.7%   253 1094s
  6814  5236 15683.9065  109   64 18418.5800 14789.6569  19.7%   254 1095s
  7124  5256 17874.5113  156   38 18418.5800 14790.4801  19.7%   248 1100s
  7145  5312 17154.1510  180   49 18418.5800 14790.4801  19.7%   248 1117s
  7274  5454 15140.2217   36  404 18418.5800 14793.0809  19.7%   247 1148s
  7349  5454 16400.5356  111  233 18418.5800 14793.0809  19.7%   247 1150s
  7426  5490 14993.2467   20  719 18418.5800 14794.4699  19.7%   248 1192s
  7462  5757 15429.3614   36  513 18418.5800 14794.4699  19.7%   250 1231s
  7697  5761 16788.8135  138   49 18418.5800 14794.4699  19.7%   248 1235s
  7795  5806 infeasible  174      18418.5800 14796.2760  19.7%   247 1260s
  7847  5861 15016.4890   24  685 18418.5800 14796.3378  19.7%   250 1287s
  7902  6120 15209.0636   34  203 18418.5800 14796.3378  19.7%   254 1319s
  7953  6120 15590.7226   65  247 18418.5800 14796.3378  19.7%   257 1320s
  8175  6198 15355.9134   46  286 18418.5800 14796.3378  19.7%   254 1349s
  8197  6198 17696.3400  133    - 18418.5800 14796.3378  19.7%   256 1350s
  8281  6454 15626.0173   52  225 18418.5800 14796.3378  19.7%   256 1381s
  8518  6455 17066.5138  138   22 18418.5800 14796.3378  19.7%   256 1385s
  8545  6604 16344.7178  102  122 18418.5800 14799.6692  19.6%   256 1412s
  8720  6710 17283.0022  130   19 18418.5800 14802.3521  19.6%   257 1442s
  8856  6738 18196.3600  165    - 18418.5800 14806.0610  19.6%   258 1528s
  8875  7050 18223.3600  165    8 18418.5800 14806.1004  19.6%   259 1564s
  8936  7054 15915.1208   73  206 18418.5800 14806.1004  19.6%   260 1565s
  9220  7134 18317.2205  166   16 18418.5800 14810.5905  19.6%   257 1597s
* 9225  7127             169    18407.360000 14810.5905  19.5%   257 1597s
* 9226  7127             169    18406.360000 14810.5905  19.5%   257 1597s
  9331  7131 15549.4338   54  268 18406.3600 14814.2513  19.5%   259 1631s
  9335  7422 15390.0084   53  219 18406.3600 14814.2513  19.5%   259 1662s
  9488  7422 16329.4021  123   87 18406.3600 14814.2513  19.5%   260 1665s
  9626  7763 16254.2732  123  121 18406.3600 14814.9242  19.5%   260 1702s
 10124  7846 17182.0000  193   13 18406.3600 14815.3860  19.5%   251 1709s
 10151  8002     cutoff  171      18406.3600 14815.4413  19.5%   252 1740s
 10345  8071 17103.6574  109  141 18406.3600 14817.1675  19.5%   252 1773s
 10421  8128     cutoff  144      18406.3600 14821.7431  19.5%   254 1801s
 10479  8270 15087.2622   29  613 18406.3600 14821.7431  19.5%   256 1831s
 10647  8380 15390.5326   38  467 18406.3600 14821.7431  19.5%   257 1862s
 10774  8569 15919.2423   56   94 18406.3600 14821.7431  19.5%   258 1901s
 10971  8621     cutoff  118      18406.3600 14824.5818  19.5%   258 1935s
 11032  8652     cutoff  123      18406.3600 14826.7322  19.4%   261 1963s
 11066  8747 15033.1220   28  756 18406.3600 14826.7322  19.4%   264 1990s
 11161  8977 15132.2752   36  604 18406.3600 14826.7322  19.4%   267 2026s
 11461  9008 15246.2019   46  445 18406.3600 14826.7322  19.4%   266 2063s
 11488  9061 15266.9870   49  390 18406.3600 14826.7322  19.4%   266 2091s
 11541  9086 15396.1012   64  173 18406.3600 14826.7322  19.4%   269 2121s
 11566  9348 15598.0281   72  322 18406.3600 14826.7322  19.4%   270 2155s
 11848  9514 17052.1667  143   18 18406.3600 14829.5579  19.4%   270 2190s
 12101  9590     cutoff  187      18406.3600 14830.8403  19.4%   268 2226s
 12158  9734     cutoff  186      18406.3600 14832.1562  19.4%   270 2261s
 12335  9773 14930.0350   36  730 18406.3600 14833.6438  19.4%   271 2291s
 12367  9800 15069.2445   51  734 18406.3600 14833.6438  19.4%   273 2320s
 12394  9852 15211.7651   59  619 18406.3600 14833.6438  19.4%   276 2351s
 12446  9940 15357.8438   70  486 18406.3600 14833.6438  19.4%   279 2383s
 12534 10090 15547.1299   88  299 18406.3600 14833.6438  19.4%   282 2417s
 12684 10439 15955.9740  112  137 18406.3600 14834.7704  19.4%   286 2459s
 12732 10439 15900.9400  132    9 18406.3600 14834.7704  19.4%   286 2460s
 13145 10553 17712.4008  207   33 18406.3600 14834.9252  19.4%   281 2496s
 13268 10660 infeasible  236      18406.3600 14837.8914  19.4%   282 2532s
 13397 10907 15261.1116   54  554 18406.3600 14839.2551  19.4%   283 2572s
 13421 10907 15700.8951   78   94 18406.3600 14839.2551  19.4%   283 2575s
 13711 10929 infeasible  218      18406.3600 14842.1108  19.4%   281 2630s
 13721 10958 14907.7026   30  849 18406.3600 14845.7630  19.3%   281 2660s
 13750 11014 15292.8199   37  276 18406.3600 14845.7630  19.3%   284 2694s
 13766 11014 15354.5550   45  164 18406.3600 14845.7630  19.3%   285 2695s
 13806 11233 15491.5845   55   71 18406.3600 14848.8225  19.3%   287 2739s
 13822 11233 15637.8451   63   66 18406.3600 14848.8225  19.3%   287 2741s
 14014 11255 16705.4100  149    - 18406.3600 14848.8225  19.3%   286 2745s
 14083 11443 16101.5417   96   50 18406.3600 14850.4919  19.3%   288 2787s
 14199 11462 15708.1128   75   73 18406.3600 14850.4919  19.3%   288 2790s
 14384 11536 17813.7100  167    8 18406.3600 14850.5581  19.3%   287 2831s
 14481 11611 18233.5900  171   10 18406.3600 14853.7707  19.3%   288 2870s
 14576 11650     cutoff  173      18406.3600 14856.7852  19.3%   289 2922s
 14622 11727 18042.5700  176    - 18406.3600 14857.7599  19.3%   290 2956s
 14713 11845 18225.5900  180    - 18406.3600 14857.8579  19.3%   291 2992s
 14851 11884 15028.7594   38  720 18406.3600 14859.0105  19.3%   291 3026s
 14879 11927 15169.2585   47  636 18406.3600 14859.0105  19.3%   294 3053s
 14922 12081 15423.9615   57  534 18406.3600 14859.0105  19.3%   296 3086s
 15078 12388 16111.0518   95  174 18406.3600 14859.0116  19.3%   299 3123s
 15190 12394 16450.0200  155    - 18406.3600 14859.0116  19.3%   299 3125s
 15488 12488 17470.9833  162    8 18406.3600 14859.5585  19.3%   297 3157s
 15588 12557 infeasible  181      18406.3600 14862.7120  19.3%   299 3188s
 15658 12659 15587.4318   53  407 18406.3600 14863.3289  19.2%   300 3222s
 15798 12823 17991.3476  135   65 18406.3600 14864.5202  19.2%   301 3258s
 15878 12827 15957.1759   80  131 18406.3600 14866.8526  19.2%   302 3260s
 16013 12895 infeasible  148      18406.3600 14866.8531  19.2%   300 3293s
 16090 13149 15577.3867   49  163 18406.3600 14867.8352  19.2%   301 3332s
 16296 13156 16428.8834   96  121 18406.3600 14868.1082  19.2%   301 3335s
 16388 13231 17982.9144  145   16 18406.3600 14868.4573  19.2%   300 3366s
 16482 13381     cutoff  156      18406.3600 14868.9233  19.2%   301 3398s
 16670 13521 15515.2036   52  420 18406.3600 14869.8957  19.2%   301 3444s
 16718 13521 16469.5116  100  122 18406.3600 14869.8957  19.2%   302 3445s
 16856 13523 15066.6387   32  579 18406.3600 14870.8449  19.2%   301 3498s
 16858 13778 15171.9295   33  503 18406.3600 14872.3932  19.2%   301 3535s
 17179 13801 18129.5800  184    - 18406.3600 14872.8908  19.2%   299 3540s
 17205 13868     cutoff  172      18406.3600 14874.2678  19.2%   299 3571s
 17287 14062 15641.1026   56  325 18406.3600 14875.7840  19.2%   300 3600s

Cutting planes:
  User: 6560
  Gomory: 19
  Cover: 679
  Implied bound: 255
  Projected implied bound: 24
  Clique: 126
  MIR: 196
  StrongCG: 3
  Flow cover: 437
  GUB cover: 2
  Zero half: 10
  Network: 1
  RLT: 513
  Relax-and-lift: 12
  Lazy constraints: 4547

Explored 17521 nodes (5257738 simplex iterations) in 3603.27 seconds
Thread count was 2 (of 32 available processors)

Solution count 8: 18406.4 18407.4 18418.6 ... 22926.5

Time limit reached
Best objective 1.840636000000e+04, best bound 1.487613285352e+04, gap 19.1794%

User-callback calls 519711, time in user-callback 192.96 sec
================================================================================
executing instance: ./input/Instances/Original/1/absH3high_2n45.dat
--------------------------------------------------------------------------------
Instance details
n	46
H	3
C	3171
Li:
[0, 0, 0, 0, 0, 0, 0, 0, 0, 0, 0, 0, 0, 0, 0, 0, 0, 0, 0, 0, 0, 0, 0, 0, 0, 0, 0, 0, 0, 0, 0, 0, 0, 0, 0, 0, 0, 0, 0, 0, 0, 0, 0, 0, 0, 0, ]
Ui:
[0, 246, 160, 78, 20, 87, 144, 40, 20, 82, 60, 96, 24, 136, 160, 108, 160, 26, 228, 51, 24, 240, 231, 70, 32, 105, 174, 114, 246, 126, 132, 76, 22, 42, 255, 132, 148, 162, 66, 111, 102, 240, 123, 201, 297, 78, ]
Distance matrix:
|0	148	402	550	329	420	187	318	366	280	504	273	233	333	112	344	379	481	113	593	159	523	261	424	90	359	163	461	413	240	105	299	265	89	371	462	339	273	495	22	41	439	369	506	563	468	|
|148	0	284	517	394	284	136	369	244	311	496	166	329	355	223	202	338	388	204	565	254	506	118	346	71	423	173	471	336	118	105	352	198	105	248	428	302	305	487	153	179	441	230	497	517	370	|
|402	284	0	350	448	80	228	406	42	343	382	129	456	350	412	126	219	131	382	395	410	371	180	137	314	466	289	400	137	167	389	401	169	316	39	280	217	342	373	394	414	362	108	380	324	106	|
|550	517	350	0	339	429	385	308	374	295	93	375	431	249	481	461	180	239	458	48	445	57	474	214	496	333	387	160	216	424	601	321	320	471	376	90	217	301	93	530	534	146	452	88	52	262	|
|329	394	448	339	0	513	282	42	438	105	255	363	115	108	221	484	259	431	217	365	172	289	436	362	333	30	224	189	353	380	423	47	291	296	443	285	240	107	251	307	294	193	495	260	378	437	|
|420	284	80	429	513	0	267	473	76	408	462	163	509	421	449	86	298	201	421	474	455	451	167	217	330	533	333	478	217	181	386	466	225	341	70	360	291	406	453	416	438	440	59	460	400	176	|
|187	136	228	385	282	267	0	249	199	186	360	104	248	224	184	214	207	294	155	432	189	371	155	237	113	308	68	336	227	101	216	236	78	98	205	296	168	181	350	174	190	305	231	360	390	283	|
|318	369	406	308	42	473	249	0	397	66	229	325	128	67	216	447	218	389	206	337	168	260	402	320	311	61	196	167	311	345	406	19	252	275	403	248	198	70	223	296	286	164	457	233	344	395	|
|366	244	42	374	438	76	199	397	0	332	397	96	436	346	383	90	228	168	354	420	385	389	139	161	277	458	263	408	158	128	349	391	150	282	6	298	218	331	388	359	380	370	78	395	352	144	|
|280	311	343	295	105	408	186	66	332	0	231	259	142	53	191	380	171	337	173	332	150	257	337	267	258	127	139	182	258	280	359	58	186	223	338	222	143	6	224	258	254	164	390	234	323	340	|
|504	496	382	93	255	462	360	229	397	231	0	375	356	180	422	478	173	293	403	110	381	36	474	248	463	245	345	68	246	419	568	244	308	433	400	104	200	237	9	482	482	67	474	5	142	312	|
|273	166	129	375	363	163	104	325	96	259	375	0	347	283	288	121	202	221	259	423	292	376	99	183	186	386	170	370	175	52	269	315	76	187	102	288	177	256	365	265	285	333	133	374	365	204	|
|233	329	456	431	115	509	248	128	436	142	356	347	0	181	121	462	311	472	128	463	76	386	398	403	260	141	180	294	392	349	334	111	287	224	442	362	280	139	350	212	194	289	479	360	463	472	|
|333	355	350	249	108	421	224	67	346	53	180	283	181	0	244	403	152	324	226	283	201	207	369	256	307	118	186	129	247	311	409	74	208	273	351	183	136	59	173	311	307	113	410	183	282	331	|
|112	223	412	481	221	449	184	216	383	191	422	288	121	244	0	387	327	461	30	521	49	447	313	396	152	250	125	371	385	273	214	196	249	121	389	400	288	185	415	91	74	355	408	425	503	454	|
|344	202	126	461	484	86	214	447	90	380	478	121	462	403	387	0	305	256	360	508	400	473	84	250	255	507	282	482	246	115	302	437	196	271	90	382	288	377	469	343	367	444	28	476	441	232	|
|379	338	219	180	259	298	207	218	228	171	173	202	311	152	327	305	0	172	301	227	300	174	302	105	318	270	217	180	97	249	423	221	141	296	232	90	40	173	164	361	368	142	303	172	184	180	|
|481	388	131	239	431	201	294	389	168	337	293	221	472	324	461	256	172	0	432	280	446	273	300	70	400	442	337	330	80	271	490	391	217	391	167	191	194	339	286	468	483	294	239	289	203	26	|
|113	204	382	458	217	421	155	206	354	173	403	259	128	226	30	360	301	432	0	499	52	426	287	367	133	246	95	355	356	246	208	187	219	100	360	376	261	167	395	90	81	337	381	406	478	425	|
|593	565	395	48	365	474	432	337	420	332	110	423	463	283	521	508	227	280	499	0	482	77	521	260	542	356	431	178	262	472	647	352	368	516	422	137	264	338	114	573	576	174	499	106	78	304	|
|159	254	410	445	172	455	189	168	385	150	381	292	76	201	49	400	300	446	52	482	0	407	331	378	184	201	122	327	367	286	258	149	242	150	391	367	263	144	374	137	122	314	419	384	470	441	|
|523	506	371	57	289	451	371	260	389	257	36	376	386	207	447	473	174	273	426	77	407	0	475	234	477	280	363	104	234	422	583	275	313	449	392	91	205	263	38	503	504	97	468	31	108	294	|
|261	118	180	474	436	167	155	402	139	337	474	99	398	369	313	84	302	300	287	521	331	475	0	275	173	462	220	465	268	58	219	390	168	193	142	388	275	333	464	261	286	430	111	473	462	279	|
|424	346	137	214	362	217	237	320	161	267	248	183	403	256	396	250	105	70	367	260	378	234	275	0	348	374	274	274	11	234	444	321	159	335	163	145	124	269	239	409	422	237	239	245	191	76	|
|90	71	314	496	333	330	113	311	277	258	463	186	260	307	152	255	318	400	133	542	184	477	173	348	0	362	121	430	338	150	106	293	190	37	282	406	279	252	454	88	113	403	280	464	502	386	|
|359	423	466	333	30	533	308	61	458	127	245	386	141	118	250	507	270	442	246	356	201	280	462	374	362	0	252	178	365	406	453	73	313	325	463	286	254	130	242	336	324	187	517	250	374	449	|
|163	173	289	387	224	333	68	196	263	139	345	170	180	186	125	282	217	337	95	431	122	363	220	274	121	252	0	310	263	168	225	180	124	88	269	300	177	133	337	144	152	284	299	347	400	330	|
|461	471	400	160	189	478	336	167	408	182	68	370	294	129	371	482	180	330	355	178	327	104	465	274	430	178	310	0	269	408	534	184	297	398	412	142	194	188	66	439	436	38	482	73	206	345	|
|413	336	137	216	353	217	227	311	158	258	246	175	392	247	385	246	97	80	356	262	367	234	268	11	338	365	263	269	0	226	434	312	149	324	160	143	115	259	237	399	411	232	237	243	196	84	|
|240	118	167	424	380	181	101	345	128	280	419	52	349	311	273	115	249	271	246	472	286	422	58	234	150	406	168	408	226	0	223	333	111	160	133	336	219	276	409	235	258	373	136	418	416	252	|
