




arguments: ./build/bc_mirp -f ./input/orig_exec_85.cfg
Current dir: /scratch/gui/bc_mirp
File verbosity level: 9
date       time         ( uptime  ) [ thread name/id ]                   file:line     v| 
2021-02-07 06:48:26.938 (   0.428s) [main thread     ]             loguru.cpp:789   INFO| Logging to './output/vi_vc+vr/OU/V5/Original/execution_07_02_2021_06_48_26.log', mode: 'a', verbosity: 9
--------------------------------------------------------------------------------
Parameters
                           instance_path           ./input/Instances/Original/2/
                            model_policy                                       1
                             nb_vehicles                                       5
                              output_dir       ./output/vi_vc+vr/OU/V5/Original/
                            sec_strategy                                       1
                       solver_nb_threads                                       2
                         solver_show_log                                    true
                       solver_time_limit                                    3600
                              use_vi_cos                                   false
                              use_vi_cus                                   false
                         use_vi_hc1_full                                   false
                         use_vi_hc1_half                                   false
                      use_vi_hc1_quarter                                   false
                              use_vi_hc2                                   false
                              use_vi_hc3                                   false
                         use_vi_lex_full                                   false
                         use_vi_lex_half                                   false
                      use_vi_lex_quarter                                   false
                              use_vi_qua                                   false
                               use_vi_vc                                    true
                               use_vi_vr                                    true
--------------------------------------------------------------------------------
executing instance: ./input/Instances/Original/2/absH3high_3n40.dat
--------------------------------------------------------------------------------
Instance details
n	41
H	3
C	3283
Li:
[0, 0, 0, 0, 0, 0, 0, 0, 0, 0, 0, 0, 0, 0, 0, 0, 0, 0, 0, 0, 0, 0, 0, 0, 0, 0, 0, 0, 0, 0, 0, 0, 0, 0, 0, 0, 0, 0, 0, 0, 0, ]
Ui:
[0, 63, 111, 99, 96, 111, 282, 122, 156, 261, 42, 192, 126, 42, 162, 207, 159, 122, 102, 190, 118, 102, 132, 102, 165, 252, 66, 52, 22, 114, 210, 176, 116, 294, 78, 152, 210, 45, 130, 198, 174, ]
Distance matrix:
|0	208	225	252	227	143	258	127	267	150	28	83	163	286	57	149	201	137	214	255	70	73	107	186	328	266	249	343	222	177	293	144	262	215	167	120	169	218	143	173	255	|
|208	0	397	355	416	198	216	99	211	275	193	172	97	166	240	225	362	109	277	314	182	216	273	374	298	208	319	161	14	103	93	120	58	196	152	156	372	227	260	218	453	|
|225	397	0	427	53	364	482	343	492	129	253	225	382	386	171	188	39	291	187	195	295	182	282	55	326	491	180	551	408	315	457	366	455	275	392	244	221	439	341	214	101	|
|252	355	427	0	401	158	201	263	219	396	234	328	259	498	299	400	420	354	465	506	205	324	152	374	574	219	499	393	366	389	446	235	378	456	205	359	224	150	111	423	400	|
|227	416	53	401	0	357	477	352	489	165	253	245	389	424	179	223	85	315	234	245	293	200	264	42	375	488	231	565	428	344	484	370	474	314	392	270	184	430	325	252	50	|
|143	198	364	158	357	0	121	105	134	290	116	196	103	342	200	276	343	205	343	385	74	210	112	319	432	133	382	265	209	237	290	78	226	313	57	220	232	75	69	292	375	|
|258	216	482	201	477	121	0	168	18	397	230	293	135	381	314	372	459	275	437	480	188	317	228	439	501	18	479	197	222	296	290	132	212	386	95	306	347	58	173	381	496	|
|127	99	343	263	352	105	168	0	171	239	105	130	40	237	173	206	313	109	270	312	84	164	175	310	337	169	313	216	112	135	192	37	142	220	77	138	280	155	162	213	382	|
|267	211	492	219	489	134	18	171	0	404	240	298	136	376	323	376	468	276	441	483	198	324	243	450	500	2	483	181	215	294	281	136	202	386	102	309	363	75	189	384	509	|
|150	275	129	396	165	290	397	239	404	0	175	110	279	259	97	59	91	166	84	116	217	80	245	130	226	402	106	434	286	187	329	269	333	149	302	119	244	364	291	87	213	|
|28	193	253	234	253	116	230	105	240	175	0	94	139	286	84	167	229	136	234	275	43	96	98	212	341	238	271	320	206	175	281	118	244	225	140	128	180	191	124	189	280	|
|83	172	225	328	245	196	293	130	298	110	94	0	169	209	77	80	191	71	147	189	127	45	189	203	247	296	187	327	184	106	241	162	230	132	198	38	242	266	217	96	285	|
|163	97	382	259	389	103	135	40	136	279	139	169	0	253	212	244	353	141	307	349	110	203	194	347	366	133	350	183	107	161	187	27	124	251	56	175	306	133	169	249	418	|
|286	166	386	498	424	342	381	237	376	259	286	209	253	0	284	201	347	151	210	230	299	247	383	387	155	374	242	290	162	112	129	270	192	113	308	172	451	386	391	172	471	|
|57	240	171	299	179	200	314	173	323	97	84	77	212	284	0	112	145	147	170	208	127	38	148	137	299	321	201	386	253	183	315	195	297	195	222	112	171	275	195	142	214	|
|149	225	188	400	223	276	372	206	376	59	167	80	244	201	112	0	149	117	67	110	205	78	254	186	187	374	108	387	235	132	272	240	283	93	277	71	279	346	291	32	270	|
|201	362	39	420	85	343	459	313	468	91	229	191	353	347	145	149	0	254	149	160	272	150	271	66	290	466	146	518	373	278	419	339	420	235	367	207	227	418	327	175	135	|
|137	109	291	354	315	205	275	109	276	166	136	71	141	151	147	117	254	0	172	212	151	116	232	273	229	274	215	270	119	39	170	145	167	111	186	47	305	263	245	113	356	|
|214	277	187	465	234	343	437	270	441	84	234	147	307	210	170	67	149	172	0	42	272	141	317	205	144	439	43	437	284	175	307	305	331	99	343	132	327	413	357	60	283	|
|255	314	195	506	245	385	480	312	483	116	275	189	349	230	208	110	160	212	42	0	314	182	356	222	132	481	15	474	321	212	337	347	367	126	385	174	358	455	398	100	295	|
|70	182	295	205	293	74	188	84	198	217	43	127	110	299	127	205	272	151	272	314	0	137	91	253	370	196	310	292	195	188	274	85	226	252	99	155	197	148	94	223	316	|
|73	216	182	324	200	210	317	164	324	80	96	45	203	247	38	78	150	116	141	182	137	0	176	158	263	323	176	369	229	150	286	191	274	157	223	77	208	284	216	106	239	|
|107	273	282	152	264	112	228	175	243	245	98	189	194	383	148	254	271	232	317	356	91	176	0	231	435	242	349	371	286	271	365	167	315	321	164	224	120	174	61	280	274	|
|186	374	55	374	42	319	439	310	450	130	212	203	347	387	137	186	66	273	205	222	253	158	231	0	348	448	208	523	386	303	442	329	431	279	352	229	167	392	291	217	85	|
|328	298	326	574	375	432	501	337	500	226	341	247	366	155	299	187	290	229	144	132	370	263	435	348	0	498	147	441	299	206	283	374	338	119	414	215	465	492	463	157	425	|
|266	208	491	219	488	133	18	169	2	402	238	296	133	374	321	374	466	274	439	481	196	323	242	448	498	0	481	180	213	292	278	134	200	384	100	307	362	75	188	381	508	|
|249	319	180	499	231	382	479	313	483	106	271	187	350	242	201	108	146	215	43	15	310	176	349	208	147	481	0	480	326	217	346	347	373	135	385	175	347	454	392	103	280	|
|343	161	551	393	565	265	197	216	181	434	320	327	183	290	386	387	518	270	437	474	292	369	371	523	441	180	480	0	153	263	163	207	107	352	208	317	487	244	334	379	598	|
|222	14	408	366	428	209	222	112	215	286	206	184	107	162	253	235	373	119	284	321	195	229	286	386	299	213	326	153	0	109	81	132	48	201	162	167	386	236	272	226	466	|
|177	103	315	389	344	237	296	135	294	187	175	106	161	112	183	132	278	39	175	212	188	150	271	303	206	292	217	263	109	0	142	171	156	95	211	74	344	289	281	118	386	|
|293	93	457	446	484	290	290	192	281	329	281	241	187	129	315	272	419	170	307	337	274	286	365	442	283	278	346	163	81	142	0	212	79	211	241	214	461	311	353	254	525	|
|144	120	366	235	370	78	132	37	136	269	118	162	27	270	195	240	339	145	305	347	85	191	167	329	374	134	347	207	132	171	212	0	151	257	40	174	280	119	142	248	398	|
|262	58	455	378	474	226	212	142	202	333	244	230	124	192	297	283	420	167	331	367	226	274	315	431	338	200	373	107	48	156	79	151	0	245	173	214	421	237	293	273	510	|
|215	196	275	456	314	313	386	220	386	149	225	132	251	113	195	93	235	111	99	126	252	157	321	279	119	384	135	352	201	95	211	257	245	0	297	97	365	374	345	62	362	|
|167	152	392	205	392	57	95	77	102	302	140	198	56	308	222	277	367	186	343	385	99	223	164	352	414	100	385	208	162	211	241	40	173	297	0	213	283	79	126	287	415	|
|120	156	244	359	270	220	306	138	309	119	128	38	175	172	112	71	207	47	132	174	155	77	224	229	215	307	175	317	167	74	214	174	214	97	213	0	280	286	248	75	313	|
|169	372	221	224	184	232	347	280	363	244	180	242	306	451	171	279	227	305	327	358	197	208	120	167	465	362	347	487	386	344	461	280	421	365	283	280	0	291	175	310	176	|
|218	227	439	150	430	75	58	155	75	364	191	266	133	386	275	346	418	263	413	455	148	284	174	392	492	75	454	244	236	289	311	119	237	374	79	286	291	0	116	359	445	|
|143	260	341	111	325	69	173	162	189	291	124	217	169	391	195	291	327	245	357	398	94	216	61	291	463	188	392	334	272	281	353	142	293	345	126	248	175	116	0	313	335	|
|173	218	214	423	252	292	381	213	384	87	189	96	249	172	142	32	175	113	60	100	223	106	280	217	157	381	103	379	226	118	254	248	273	62	287	75	310	359	313	0	300	|
|255	453	101	400	50	375	496	382	509	213	280	285	418	471	214	270	135	356	283	295	316	239	274	85	425	508	280	598	466	386	525	398	510	362	415	313	176	445	335	300	0	|

--------------------------------------------------------------------------------
Building model...
	using lazy and cut (CVRPSEP package)
Solving IRP LP...
--------------------------------------------------------------------------------

Gurobi 9.1.0 (linux64) logging started Sun Feb  7 06:48:27 2021

Gurobi Optimizer version 9.1.0 build v9.1.0rc0 (linux64)
Thread count: 32 physical cores, 32 logical processors, using up to 2 threads
Optimize a model with 2369 rows, 13679 columns and 31814 nonzeros
Model fingerprint: 0x50d59f8e
Variable types: 764 continuous, 12915 integer (615 binary)
Coefficient statistics:
  Matrix range     [1e+00, 7e+02]
  Objective range  [1e-01, 6e+02]
  Bounds range     [1e+00, 3e+02]
  RHS range        [1e+00, 6e+03]
Presolve removed 1074 rows and 980 columns
Presolve time: 0.14s
Presolved: 1295 rows, 12699 columns, 27792 nonzeros
Variable types: 470 continuous, 12229 integer (11624 binary)

Root relaxation: objective 1.244349e+04, 1673 iterations, 0.06 seconds

    Nodes    |    Current Node    |     Objective Bounds      |     Work
 Expl Unexpl |  Obj  Depth IntInf | Incumbent    BestBd   Gap | It/Node Time

     0     0 12443.4906    0  167          - 12443.4906      -     -    0s
     0     0 12946.4270    0  173          - 12946.4270      -     -    0s
     0     0 12948.9145    0  161          - 12948.9145      -     -    0s
     0     0 12951.9575    0  156          - 12951.9575      -     -    0s
     0     0 13468.1682    0  262          - 13468.1682      -     -    1s
     0     0 13514.1140    0  241          - 13514.1140      -     -    1s
     0     0 13514.1962    0  237          - 13514.1962      -     -    1s
     0     0 13702.8889    0  235          - 13702.8889      -     -    1s
     0     0 13707.5316    0  165          - 13707.5316      -     -    1s
     0     0 13715.3932    0  259          - 13715.3932      -     -    1s
     0     0 13716.5288    0  256          - 13716.5288      -     -    1s
     0     0 13833.2847    0  317          - 13833.2847      -     -    2s
     0     0 13850.3328    0  334          - 13850.3328      -     -    2s
     0     0 13857.0009    0  375          - 13857.0009      -     -    2s
     0     0 13861.0465    0  345          - 13861.0465      -     -    2s
     0     0 13878.4014    0  359          - 13878.4014      -     -    2s
     0     0 13885.7191    0  386          - 13885.7191      -     -    3s
     0     0 13890.0463    0  364          - 13890.0463      -     -    3s
     0     0 13890.6165    0  384          - 13890.6165      -     -    3s
     0     0 13937.1436    0  363          - 13937.1436      -     -    3s
     0     0 13940.5291    0  350          - 13940.5291      -     -    3s
     0     0 13941.8397    0  359          - 13941.8397      -     -    3s
     0     0 13964.7155    0  417          - 13964.7155      -     -    4s
     0     0 13964.7155    0  417          - 13964.7155      -     -    5s
     0     0 13967.3063    0  403          - 13967.3063      -     -    5s
     0     0 13968.9304    0  413          - 13968.9304      -     -    5s
     0     0 13986.0951    0  409          - 13986.0951      -     -    6s
     0     0 13993.2613    0  449          - 13993.2613      -     -    6s
     0     2 13993.2613    0  441          - 13993.2613      -     -    8s
    11    14 14027.0070    4  423          - 14018.1753      -   454   10s
    58    62 14360.6521   16  218          - 14019.1012      -   478   15s
   136   145 14451.3104   31  196          - 14019.1012      -   377   20s
   340   379 15002.2531   61  208          - 14019.1012      -   224   25s
   622   607 15569.1201   88  186          - 14019.1012      -   148   30s
*  626   607             289    19944.660000 14019.1012  29.7%   148   30s
*  629   607             287    19193.180000 14019.1012  27.0%   148   30s
   632   609 15575.6782   90  181 19193.1800 14019.1012  27.0%   150   38s
   650   627 14149.3510    5  583 19193.1800 14019.1012  27.0%   153   40s
   698   702 16095.7772  132  161 19193.1800 14019.1012  27.0%   156   45s
H  729   668                    18312.180000 14019.1012  23.4%   154   50s
   737   673 15309.5782   83  587 18312.1800 14090.6366  23.1%   152   55s
   748   680 14135.1796    9  558 18312.1800 14135.1796  22.8%   150   60s
   754   684 14853.6418   48  605 18312.1800 14144.1987  22.8%   148   74s
   757   686 17287.1434  193  639 18312.1800 14144.8621  22.8%   148   75s
   765   692 17836.3408  222  675 18312.1800 14154.5055  22.7%   146   81s
   771   696 14586.9292   44  657 18312.1800 14156.0093  22.7%   145   85s
   778   701 15311.1227   83  426 18312.1800 14156.0093  22.7%   165   90s
   789   709 14756.1022   59  625 18312.1800 14157.3603  22.7%   163   95s
   797   714 16200.8518  138  660 18312.1800 14161.6138  22.7%   161  100s
   803   718 17978.9199  224  664 18312.1800 14166.0676  22.6%   160  105s
   810   723 15022.0562   75  690 18312.1800 14171.0698  22.6%   158  134s
   811   726 14198.4290   29  678 18312.1800 14173.9585  22.6%   177  146s
   826   736 14207.9328   33  667 18312.1800 14203.9927  22.4%   190  150s
   840   745 14315.0907   36  425 18312.1800 14228.2106  22.3%   207  155s
   866   765 14251.0861   41  619 18312.1800 14228.2106  22.3%   214  160s
H  922   759                    18062.340000 14228.2106  21.2%   225  166s
   954   790 14308.4608   55  544 18062.3400 14228.2106  21.2%   232  170s
   994   817 14381.6296   60  473 18062.3400 14228.2106  21.2%   238  175s
  1045   859 14339.0661   65  539 18062.3400 14228.2106  21.2%   240  180s
  1126   919 14379.9866   72  456 18062.3400 14228.2106  21.2%   242  187s
  1185   969 14441.9983   77  352 18062.3400 14228.2106  21.2%   240  190s
  1302  1055 14520.0329   86  368 18062.3400 14228.2106  21.2%   235  196s
  1385  1110 14584.3709   93  414 18062.3400 14228.2106  21.2%   231  200s
  1504  1134 14647.6276  102  346 18062.3400 14228.2106  21.2%   223  205s
  1554  1184 14925.9363  121  255 18062.3400 14228.2106  21.2%   228  211s
  1624  1284 15381.1361  153  134 18062.3400 14228.2106  21.2%   228  217s
  1709  1347 15974.9768  194  108 18062.3400 14228.2106  21.2%   222  220s
  1847  1346 17386.6633  260   24 18062.3400 14243.5733  21.1%   213  226s
  1876  1353 14354.1422   36  511 18062.3400 14243.5733  21.1%   216  230s
  1888  1361 14547.1813   40  349 18062.3400 14243.5733  21.1%   221  236s
  1903  1368 14490.7335   45  445 18062.3400 14243.5733  21.1%   226  241s
  1919  1381 14444.9925   48  449 18062.3400 14243.5733  21.1%   232  246s
  1939  1395 14505.7299   54  454 18062.3400 14243.5733  21.1%   237  252s
  1962  1416 14587.8483   61  377 18062.3400 14243.5733  21.1%   243  257s
  1991  1439 14601.4642   68  357 18062.3400 14243.5733  21.1%   248  262s
  2009  1437 14753.4049   69  325 18062.3400 14243.5733  21.1%   252  266s
  2029  1466 14720.6886   73  338 18062.3400 14243.5733  21.1%   256  272s
  2049  1494 14790.6855   74  328 18062.3400 14243.5733  21.1%   259  275s
  2138  1595 15315.7795   89  203 18062.3400 14243.5733  21.1%   259  283s
  2214  1740 15414.0865  102  140 18062.3400 14243.5733  21.1%   257  288s
  2377  1685 16166.7138  201   63 18062.3400 14243.5733  21.1%   248  290s
  2386  1806 15459.4529  118  131 18062.3400 14243.5733  21.1%   247  296s
  2532  1873 15698.3638  127  151 18062.3400 14243.5733  21.1%   239  302s
  2636  1962 16119.6113  153  127 18062.3400 14243.5733  21.1%   236  308s
  2760  2097 16448.3618  175   79 18062.3400 14243.5733  21.1%   230  314s
  2818  2077 16550.3091  187   51 18062.3400 14243.5733  21.1%   227  315s
  2960  2137 17224.3850  203    4 18062.3400 14247.5058  21.1%   221  321s
* 2964  2009             206    17276.470000 14247.5058  17.5%   221  321s
  3075  1949 14356.9684   34  515 17276.4700 14247.5058  17.5%   217  325s
  3090  1972 14463.0631   38  441 17276.4700 14247.5058  17.5%   222  332s
  3106  1987 14505.6447   44  339 17276.4700 14247.5058  17.5%   224  336s
  3121  2002 14580.2722   49  285 17276.4700 14247.5058  17.5%   227  341s
  3136  2011 14604.1955   52  270 17276.4700 14247.5058  17.5%   229  345s
  3161  2042 14724.6810   55  345 17276.4700 14247.5058  17.5%   234  353s
  3176  2061 14703.1447   59  253 17276.4700 14247.5058  17.5%   237  357s
  3195  2063 14791.1359   61  379 17276.4700 14247.5058  17.5%   240  367s
  3197  2077 14766.2024   62  286 17276.4700 14247.5058  17.5%   240  373s
  3211  2102 14778.1680   63  282 17276.4700 14247.5058  17.5%   242  377s
  3236  2150 14902.4812   69  215 17276.4700 14247.5058  17.5%   245  382s
  3284  2201 14984.2332   83  229 17276.4700 14247.5058  17.5%   246  388s
  3335  2318 15200.1673   94  172 17276.4700 14247.5058  17.5%   248  394s
  3371  2318 15275.4807  113  129 17276.4700 14247.5058  17.5%   247  395s
  3452  2488 15545.6207  126   88 17276.4700 14250.6253  17.5%   246  403s
  3661  2646 14478.0455   36  477 17276.4700 14250.6253  17.5%   240  414s
  3696  2646 15571.4764  136  102 17276.4700 14250.6253  17.5%   240  415s
  3871  2678 14645.2229   46  415 17276.4700 14250.6253  17.5%   233  424s
  3901  2735 14919.4886   55  287 17276.4700 14250.6253  17.5%   236  429s
  3937  2735 15432.9863   91   83 17276.4700 14250.6253  17.5%   235  430s
* 3951  2641             208    16977.610000 14250.6253  16.1%   235  430s
* 3953  2628             208    16939.610000 14250.6253  15.9%   234  430s
* 3955  2601             207    16877.610000 14250.6253  15.6%   234  430s
  3980  2641 16005.6203  105  157 16877.6100 14281.4239  15.4%   235  437s
  4056  2661 14536.0907   33  575 16877.6100 14281.4239  15.4%   235  445s
  4076  2709 14590.1372   39  472 16877.6100 14281.4239  15.4%   237  451s
  4124  2776 14677.0828   45  477 16877.6100 14281.4239  15.4%   238  458s
  4207  2789 14796.2705   49  434 16877.6100 14281.4239  15.4%   237  465s
  4220  2810 14817.1267   54  447 16877.6100 14281.4239  15.4%   240  471s
  4241  2853 14898.7214   57  407 16877.6100 14281.4239  15.4%   243  478s
  4284  2937 14918.9485   58  467 16877.6100 14281.4239  15.4%   244  486s
  4377  2959 15220.1221   62  244 16877.6100 14281.4239  15.4%   244  494s
  4401  2974 15169.4620   66  239 16877.6100 14281.4239  15.4%   246  504s
  4416  3003 15041.8609   68  299 16877.6100 14281.4239  15.4%   248  510s
  4445  3139 15139.2730   74  209 16877.6100 14281.4239  15.4%   250  518s
  4581  3313 15495.1624   98  112 16877.6100 14296.5108  15.3%   248  532s
  4811  3338 14566.8044   49  488 16877.6100 14296.5200  15.3%   243  541s
  4838  3381 14983.5866   65  372 16877.6100 14296.5200  15.3%   245  549s
  4881  3476 15819.2337   99  196 16877.6100 14298.7896  15.3%   246  561s
  4989  3515 14647.8936   44  462 16877.6100 14298.7896  15.3%   246  572s
  5046  3535 14799.2556   53  425 16877.6100 14298.7896  15.3%   247  582s
  5066  3574 14958.3550   66  361 16877.6100 14298.7896  15.3%   249  590s
  5105  3576 15321.7564   93  233 16877.6100 14298.7896  15.3%   251  609s
  5107  3643 15345.8275   94  242 16877.6100 14298.9561  15.3%   251  618s
  5188  3674 14553.1710   55  624 16877.6100 14298.9561  15.3%   252  626s
  5219  3764 14848.5501   75  413 16877.6100 14298.9561  15.3%   254  636s
  5309  3843 15882.7371  146  123 16877.6100 14299.1191  15.3%   254  647s
  5422  4008     cutoff  201      16877.6100 14299.4574  15.3%   252  664s
  5467  4008 15469.1744  111  158 16877.6100 14300.6412  15.3%   254  665s
  5630  4041 14763.2751   58  447 16877.6100 14300.6412  15.3%   250  676s
  5657  4071 14872.5004   65  326 16877.6100 14300.6412  15.3%   253  687s
  5687  4149 14925.1827   73  275 16877.6100 14300.6412  15.3%   256  699s
  5752  4149 14589.7619   52  583 16877.6100 14300.6412  15.3%   257  700s
  5765  4302 15377.9598   98  111 16877.6100 14300.6412  15.3%   258  750s
  5918  4422 16485.8850  151   81 16877.6100 14302.4795  15.3%   257  766s
  6056  4484     cutoff  178      16877.6100 14302.5132  15.3%   255  778s
  6121  4566 16028.9561   76  132 16877.6100 14302.8456  15.3%   258  790s
  6215  4752 14511.6035   35  566 16877.6100 14302.8456  15.3%   258  810s
  6473  4804 14552.1996   39  645 16877.6100 14302.8456  15.3%   254  823s
  6503  4827 14996.7895   43  348 16877.6100 14302.8456  15.3%   257  835s
* 6521  4799             182    16828.360000 14302.8456  15.0%   257  836s
* 6523  4795             179    16821.520000 14302.8456  15.0%   257  836s
  6529  4853 15354.4992   53  251 16821.5200 14302.8456  15.0%   258  848s
  6587  4977 15691.0332   70  192 16821.5200 14308.1352  14.9%   260  866s
  6745  5000 14381.3348   34  794 16821.5200 14308.1352  14.9%   262  878s
  6768  5119 14671.6827   45  438 16821.5200 14308.1352  14.9%   264  892s
  6916  5196 15283.0153   80  210 16821.5200 14308.4735  14.9%   262  907s
  7013  5229 14555.5392   36  564 16821.5200 14308.8346  14.9%   262  920s
  7046  5258 14514.4265   46  619 16821.5200 14308.8346  14.9%   265  931s
  7075  5286 14608.1019   53  497 16821.5200 14308.8346  14.9%   267  942s
  7103  5357 14712.0517   57  371 16821.5200 14308.8346  14.9%   270  955s
  7174  5593 14883.8124   66  301 16821.5200 14308.8346  14.9%   272  975s
  7452  5747 15141.6136   78  248 16821.5200 14308.8346  14.9%   268  999s
  7521  5747 15344.6559  108  182 16821.5200 14308.8346  14.9%   268 1000s
  7608  5957 15753.1721  138   37 16821.5200 14312.9402  14.9%   269 1022s
  7828  5969 16202.4715  154   87 16821.5200 14314.0126  14.9%   267 1025s
  7854  6014     cutoff  174      16821.5200 14314.8126  14.9%   267 1041s
  7909  6188 14866.6288   39  376 16821.5200 14314.8126  14.9%   270 1062s
  8097  6372 15268.2903   54  359 16821.5200 14315.3313  14.9%   270 1088s
  8325  6520 14630.6581   34  558 16821.5200 14319.8362  14.9%   268 1114s
  8395  6520 16786.6927  104  103 16821.5200 14319.8362  14.9%   268 1115s
  8483  6573 14722.2420   35  500 16821.5200 14319.8362  14.9%   269 1134s
  8550  6627 14936.4889   45  418 16821.5200 14319.8362  14.9%   271 1152s
  8606  6926 15268.3980   59  214 16821.5200 14324.3570  14.8%   274 1179s
  8698  6926 15736.6436  108   83 16821.5200 14324.3570  14.8%   274 1180s
  8939  6974     cutoff  138      16821.5200 14325.6203  14.8%   271 1200s
  8988  7173 14751.9830   55  597 16821.5200 14325.6293  14.8%   273 1221s
  9213  7280 14528.2636   51  593 16821.5200 14327.4099  14.8%   271 1243s
  9348  7432 15240.8278   87  239 16821.5200 14328.8686  14.8%   272 1266s
  9558  7582     cutoff  180      16821.5200 14329.0265  14.8%   271 1288s
  9686  7582 16784.0200  124    - 16821.5200 14329.1459  14.8%   271 1290s
  9711  7712 15166.0955   71  396 16821.5200 14329.3672  14.8%   272 1309s
  9735  7712 15639.1632   95  181 16821.5200 14329.3672  14.8%   272 1310s
  9853  7865     cutoff  170      16821.5200 14333.2438  14.8%   272 1330s
 10036  8050 15295.9133  108   60 16821.5200 14333.9323  14.8%   271 1352s
 10271  8088     cutoff  191      16821.5200 14337.5585  14.8%   269 1371s
 10305  8192     cutoff  189      16821.5200 14342.1298  14.7%   272 1391s
 10427  8308 14986.9516   46  497 16821.5200 14343.0921  14.7%   272 1413s
 10564  8555 14765.3086   43  345 16821.5200 14344.2089  14.7%   273 1446s
 10836  8640 16697.6943  147   19 16821.5200 14344.3014  14.7%   273 1469s
 10930  8854 infeasible  149      16821.5200 14344.4143  14.7%   275 1494s
 11194  8977 15304.8692   62  344 16821.5200 14347.9086  14.7%   274 1516s
 11317  9127 15063.7980   72  165 16821.5200 14353.5426  14.7%   275 1541s
 11527  9235     cutoff  142      16821.5200 14354.7694  14.7%   273 1566s
 11646  9269 14781.4922   74  446 16821.5200 14356.1785  14.7%   274 1586s
 11680  9272 14988.2651   83  428 16821.5200 14356.1785  14.7%   277 1642s
 11683  9457 14943.4172   84  357 16821.5200 14356.1785  14.7%   277 1667s
 11899  9622 15419.5788  119  126 16821.5200 14356.8551  14.7%   278 1692s
 12099  9802     cutoff  175      16821.5200 14361.2268  14.6%   278 1716s
 12305  9927 15282.1272   72  191 16821.5200 14362.2711  14.6%   277 1739s
 12328  9927 15815.1265   95   77 16821.5200 14362.2711  14.6%   277 1740s
 12443 10036     cutoff  150      16821.5200 14363.2456  14.6%   278 1762s
 12563 10151 15034.0680   61  263 16821.5200 14366.5298  14.6%   279 1786s
 12695 10236 16716.7434  124   49 16821.5200 14366.6766  14.6%   280 1808s
 12811 10359 infeasible  131      16821.5200 14369.8856  14.6%   280 1831s
 12955 10447 15428.4236   83  303 16821.5200 14370.6908  14.6%   281 1855s
 13060 10506 14639.4147   52  452 16821.5200 14370.8353  14.6%   282 1875s
 13119 10766 14799.0664   63  362 16821.5200 14370.8353  14.6%   285 1902s
 13408 10909 15314.8780  104   88 16821.5200 14372.6286  14.6%   284 1927s
 13572 11107 16252.5500  162    - 16821.5200 14373.0149  14.6%   284 1957s
 13794 11169 16279.5500  162    - 16821.5200 14376.3084  14.5%   283 1981s
*13797 10289             164    16520.350000 14376.3084  13.0%   283 1983s
 13896 10385     cutoff  166      16520.3500 14376.6109  13.0%   284 2007s
 14031 10483 15391.6551   71  314 16520.3500 14377.4019  13.0%   285 2031s
 14146 10538 16487.6343  137   13 16520.3500 14377.7827  13.0%   285 2059s
 14210 10660 15495.7510   72  257 16520.3500 14378.7965  13.0%   287 2084s
 14286 10660 15234.2965   62  318 16520.3500 14379.7310  13.0%   287 2085s
 14362 10804 15094.6096   57  356 16520.3500 14379.9497  13.0%   287 2111s
 14539 10918 14827.3174   46  304 16520.3500 14381.3907  12.9%   287 2138s
 14660 10918 15436.9842   64  257 16520.3500 14381.6305  12.9%   288 2140s
 14663 11047 14543.0879   52  465 16520.3500 14381.6697  12.9%   288 2167s
 14816 11167 14509.3963   62  622 16520.3500 14382.7226  12.9%   289 2193s
 14936 11248 14927.8721   69  487 16520.3500 14382.7226  12.9%   290 2218s
 15061 11443 15531.1066   87  226 16520.3500 14383.1733  12.9%   291 2246s
 15310 11604 14554.0942   49  521 16520.3500 14383.4981  12.9%   290 2273s
 15473 11621 15728.9613   88  208 16520.3500 14385.9348  12.9%   290 2275s
 15523 11727 16249.1169  137   15 16520.3500 14386.7218  12.9%   289 2300s
 15652 11805     cutoff  160      16520.3500 14387.5339  12.9%   290 2325s
 15741 11982 15201.6238   66  342 16520.3500 14389.3753  12.9%   291 2352s
 15954 12133 15630.3083   95  163 16520.3500 14390.8255  12.9%   290 2378s
 16137 12302 15187.1216   70  191 16520.3500 14392.0748  12.9%   290 2405s
 16370 12481     cutoff  143      16520.3500 14395.2837  12.9%   289 2433s
*16510 12151             155    16442.310000 14395.3595  12.4%   289 2434s
 16552 12279 15548.7517   85  248 16442.3100 14395.4211  12.4%   289 2458s
 16653 12279 15273.6969   76  208 16442.3100 14395.4211  12.4%   288 2460s
 16725 12447 15284.5308   77  121 16442.3100 14397.9200  12.4%   289 2486s
 16932 12596     cutoff  138      16442.3100 14400.2048  12.4%   288 2516s
 17106 12759 infeasible  118      16442.3100 14400.4883  12.4%   287 2542s
 17316 12866 16076.9100  151    - 16442.3100 14401.9312  12.4%   287 2568s
 17408 12869 16333.9969  100   83 16442.3100 14402.0371  12.4%   287 2570s
 17435 12982 16207.4008  151    6 16442.3100 14402.0566  12.4%   288 2599s
 17459 12986 16422.1400  167    - 16442.3100 14402.0566  12.4%   287 2600s
 17621 13111     cutoff  169      16442.3100 14402.8388  12.4%   286 2626s
 17747 13161     cutoff  167      16442.3100 14403.2942  12.4%   287 2650s
 17822 13267 15124.2258   66  274 16442.3100 14404.9982  12.4%   288 2674s
 17910 13267 15583.0140   88  157 16442.3100 14404.9982  12.4%   288 2675s
 17940 13376 15589.6198   89  154 16442.3100 14405.8965  12.4%   289 2698s
 18056 13377 16363.1090  110   31 16442.3100 14405.9010  12.4%   289 2700s
 18081 13503 15687.6229   76  205 16442.3100 14406.0015  12.4%   290 2725s
 18255 13675     cutoff  115      16442.3100 14406.3998  12.4%   290 2756s
 18460 13753     cutoff  172      16442.3100 14409.4552  12.4%   290 2782s
 18552 13864 15411.5425   79  148 16442.3100 14411.1848  12.4%   291 2808s
 18695 13908 14880.4814   55  500 16442.3100 14411.2127  12.4%   291 2831s
 18738 14095 15413.1037   62  301 16442.3100 14411.2127  12.4%   293 2860s
 18955 14207 16184.9520   83   89 16442.3100 14412.2665  12.3%   293 2887s
 19086 14431 15288.3874   68  195 16442.3100 14414.0440  12.3%   294 2918s
 19290 14431 16323.0773  152   91 16442.3100 14414.3928  12.3%   293 2920s
 19376 14602 16111.3633  123   94 16442.3100 14414.9308  12.3%   292 2948s
 19586 14747 14626.1367   58  475 16442.3100 14418.7513  12.3%   292 2980s
 19773 14968 14537.5629   60  548 16442.3100 14419.4139  12.3%   292 3009s
 19827 14968 15591.8734  114  173 16442.3100 14419.4139  12.3%   291 3010s
 20026 15136 14653.5226   57  405 16442.3100 14419.9760  12.3%   290 3038s
 20160 15136 15696.3328   94  284 16442.3100 14419.9760  12.3%   290 3040s
 20233 15283 14505.6712   52  537 16442.3100 14420.0286  12.3%   290 3064s
 20296 15283 15391.9230  115  103 16442.3100 14420.0286  12.3%   290 3065s
 20394 15353     cutoff  141      16442.3100 14420.1432  12.3%   290 3089s
 20481 15609 14783.3657   56  404 16442.3100 14421.0587  12.3%   291 3125s
 20737 15844 15332.3183  102   77 16442.3100 14421.9287  12.3%   291 3156s
 21030 16007     cutoff  167      16442.3100 14423.4559  12.3%   290 3184s
 21062 16009 15202.4216   68  288 16442.3100 14423.4559  12.3%   290 3185s
 21216 16124     cutoff  169      16442.3100 14426.1839  12.3%   290 3216s
 21370 16298 14665.5567   55  545 16442.3100 14427.7137  12.3%   290 3244s
 21438 16298 15943.1979  123   61 16442.3100 14427.7137  12.3%   290 3245s
 21576 16396 14562.0474   55  609 16442.3100 14427.7949  12.3%   290 3278s
 21680 16452 15808.5454   99  197 16442.3100 14429.2741  12.2%   290 3305s
 21774 16553 15143.6595   76  292 16442.3100 14431.0900  12.2%   290 3329s
 21816 16553 16297.3661  118  151 16442.3100 14431.0900  12.2%   290 3330s
 21886 16756 14752.7498   58  419 16442.3100 14431.1447  12.2%   291 3355s
 22117 16911 14735.6600   76  521 16442.3100 14432.4714  12.2%   290 3385s
 22312 17003 14641.5617   57  644 16442.3100 14433.7229  12.2%   290 3411s
 22421 17044 14636.7078   48  618 16442.3100 14433.7966  12.2%   291 3433s
 22462 17244 14872.5899   56  316 16442.3100 14433.7966  12.2%   292 3465s
 22704 17381 16283.1548   97   40 16442.3100 14434.1283  12.2%   293 3495s
 22878 17540 15482.8806   83  207 16442.3100 14434.2964  12.2%   293 3522s
 23069 17732 15455.1513   69  291 16442.3100 14434.8479  12.2%   292 3550s
 23307 17924 14527.8750   50  584 16442.3100 14436.5710  12.2%   292 3580s
 23536 18034 14635.4606   43  495 16442.3100 14436.9416  12.2%   291 3600s

Cutting planes:
  User: 7354
  Gomory: 34
  Cover: 545
  Implied bound: 177
  Projected implied bound: 9
  Clique: 44
  MIR: 155
  Flow cover: 374
  GUB cover: 1
  Zero half: 35
  RLT: 335
  Relax-and-lift: 9
  Lazy constraints: 2743

Explored 23664 nodes (6894200 simplex iterations) in 3601.18 seconds
Thread count was 2 (of 32 available processors)

Solution count 10: 16442.3 16520.4 16821.5 ... 18312.2

Time limit reached
Best objective 1.644231000000e+04, best bound 1.443694161117e+04, gap 12.1964%

User-callback calls 500429, time in user-callback 180.29 sec
================================================================================
executing instance: ./input/Instances/Original/2/absH3high_4n10.dat
--------------------------------------------------------------------------------
Instance details
n	11
H	3
C	822
Li:
[0, 0, 0, 0, 0, 0, 0, 0, 0, 0, 0, ]
Ui:
[0, 102, 52, 88, 182, 153, 138, 38, 165, 297, 86, ]
Distance matrix:
|0	285	411	382	327	239	148	256	307	36	383	|
|285	0	352	98	249	103	227	235	120	268	209	|
|411	352	0	395	106	430	263	549	234	429	174	|
|382	98	395	0	302	173	320	288	168	364	227	|
|327	249	106	302	0	324	179	444	135	339	109	|
|239	103	430	173	324	0	241	132	212	212	305	|
|148	227	263	320	179	241	0	325	192	165	249	|
|256	235	549	288	444	132	325	0	342	220	436	|
|307	120	234	168	135	212	192	342	0	304	94	|
|36	268	429	364	339	212	165	220	304	0	386	|
|383	209	174	227	109	305	249	436	94	386	0	|

--------------------------------------------------------------------------------
Building model...
	using lazy and cut (CVRPSEP package)
Solving IRP LP...
--------------------------------------------------------------------------------

Gurobi 9.1.0 (linux64) logging started Sun Feb  7 07:48:58 2021

Gurobi Optimizer version 9.1.0 build v9.1.0rc0 (linux64)
Thread count: 32 physical cores, 32 logical processors, using up to 2 threads
Optimize a model with 629 rows, 1184 columns and 3524 nonzeros
Model fingerprint: 0x9701d17e
Variable types: 194 continuous, 990 integer (165 binary)
Coefficient statistics:
  Matrix range     [1e+00, 3e+02]
  Objective range  [2e-01, 5e+02]
  Bounds range     [1e+00, 3e+02]
  RHS range        [1e+00, 1e+03]
Presolve removed 295 rows and 301 columns
Presolve time: 0.05s
Presolved: 334 rows, 883 columns, 2424 nonzeros
Variable types: 98 continuous, 785 integer (648 binary)
Found heuristic solution: objective 9419.6200000

Root relaxation: objective 4.577771e+03, 654 iterations, 0.02 seconds

    Nodes    |    Current Node    |     Objective Bounds      |     Work
 Expl Unexpl |  Obj  Depth IntInf | Incumbent    BestBd   Gap | It/Node Time

     0     0 4578.15391    0   83 9419.62000 4578.15391  51.4%     -    0s
     0     0 4878.38368    0   74 9419.62000 4878.38368  48.2%     -    0s
     0     0 4892.19746    0   74 9419.62000 4892.19746  48.1%     -    0s
     0     0 4894.85740    0   84 9419.62000 4894.85740  48.0%     -    0s
     0     0 5216.55826    0  143 9419.62000 5216.55826  44.6%     -    0s
H    0     0                    8026.1800000 5216.55826  35.0%     -    0s
H    0     0                    7768.1800000 5216.55826  32.8%     -    0s
     0     0 5272.59742    0  134 7768.18000 5272.59742  32.1%     -    0s
     0     0 5272.86860    0  135 7768.18000 5272.86860  32.1%     -    0s
     0     0 5359.11135    0  135 7768.18000 5359.11135  31.0%     -    0s
     0     0 5364.65711    0  126 7768.18000 5364.65711  30.9%     -    0s
     0     0 5374.59880    0   97 7768.18000 5374.59880  30.8%     -    0s
     0     0 5386.88959    0  134 7768.18000 5386.88959  30.7%     -    0s
     0     0 5389.87944    0  138 7768.18000 5389.87944  30.6%     -    0s
     0     0 5391.12541    0  138 7768.18000 5391.12541  30.6%     -    0s
     0     0 5391.17745    0  136 7768.18000 5391.17745  30.6%     -    0s
     0     0 5457.18066    0  133 7768.18000 5457.18066  29.7%     -    0s
     0     0 5464.97421    0  154 7768.18000 5464.97421  29.6%     -    0s
     0     0 5479.28642    0  179 7768.18000 5479.28642  29.5%     -    0s
     0     0 5480.13833    0  187 7768.18000 5480.13833  29.5%     -    0s
     0     0 5528.11997    0  180 7768.18000 5528.11997  28.8%     -    0s
H    0     0                    7603.8200000 5528.11997  27.3%     -    0s
     0     0 5546.38265    0  160 7603.82000 5546.38265  27.1%     -    0s
     0     0 5551.29920    0  155 7603.82000 5551.29920  27.0%     -    0s
     0     0 5551.88714    0  165 7603.82000 5551.88714  27.0%     -    0s
     0     0 5571.06783    0  175 7603.82000 5571.06783  26.7%     -    0s
     0     0 5574.70079    0  185 7603.82000 5574.70079  26.7%     -    0s
     0     0 5574.83141    0  180 7603.82000 5574.83141  26.7%     -    0s
     0     0 5594.13363    0  173 7603.82000 5594.13363  26.4%     -    0s
     0     0 5599.41054    0  191 7603.82000 5599.41054  26.4%     -    0s
     0     0 5600.49754    0  196 7603.82000 5600.49754  26.3%     -    0s
     0     0 5607.38566    0  171 7603.82000 5607.38566  26.3%     -    0s
     0     0 5610.19581    0  185 7603.82000 5610.19581  26.2%     -    0s
     0     0 5610.51650    0  177 7603.82000 5610.51650  26.2%     -    0s
     0     0 5611.45739    0  182 7603.82000 5611.45739  26.2%     -    0s
     0     0 5611.45739    0  178 7603.82000 5611.45739  26.2%     -    0s
H    0     0                    7155.8200000 5613.37313  21.6%     -    0s
     0     2 5613.37313    0  175 7155.82000 5613.37313  21.6%     -    0s
H  181   165                    7083.8200000 5671.48710  19.9%  45.9    1s
H  300   215                    6777.4700000 5684.25906  16.1%  52.4    1s
   791   530 6021.39198   18   61 6777.47000 5787.97330  14.6%  55.0    5s
  2052   819 6337.33298   18   74 6777.47000 6037.67076  10.9%  60.5   10s
  3451  1413 6630.45376   26   69 6777.47000 6121.07806  9.68%  60.5   15s
  5004  2026     cutoff   26      6777.47000 6200.40670  8.51%  61.2   20s
  6585  2513     cutoff   30      6777.47000 6254.75497  7.71%  63.5   25s
  8110  2971 6672.76041   23  140 6777.47000 6293.61755  7.14%  63.9   30s
  8960  3185 6575.21899   23   94 6777.47000 6307.75743  6.93%  63.8   41s
  9920  3384 6655.86669   21   93 6777.47000 6323.25930  6.70%  63.9   45s
 11762  3751     cutoff   32      6777.47000 6353.84531  6.25%  64.2   50s
 13323  3953 6657.65990   25  124 6777.47000 6375.21705  5.94%  64.7   55s
 14737  4180     cutoff   20      6777.47000 6393.45356  5.67%  65.0   62s
 15634  4256 6742.35941   32   57 6777.47000 6404.92723  5.50%  64.9   65s
 17793  4376 6619.25739   28   84 6777.47000 6433.13605  5.08%  64.2   70s
 19757  4385 6740.32448   30   64 6777.47000 6456.72461  4.73%  64.1   75s
 21623  4378 6738.06135   28  112 6777.47000 6477.41376  4.43%  63.7   80s
 23531  4217     cutoff   27      6777.47000 6497.86072  4.13%  63.6   85s
 25712  4008 6761.92476   27  108 6777.47000 6523.58166  3.75%  63.2   90s
 27047  3795     cutoff   25      6777.47000 6539.98841  3.50%  63.0   95s
 27253  3780     cutoff   24      6777.47000 6542.93872  3.46%  63.0  105s
 29543  3269 infeasible   21      6777.47000 6572.08294  3.03%  62.4  110s
 31940  2571 6734.74525   24   95 6777.47000 6603.23737  2.57%  61.6  115s
 34906  1188 6717.12894   35   54 6777.47000 6654.78581  1.81%  60.1  120s

Cutting planes:
  User: 192
  Gomory: 20
  Cover: 118
  Implied bound: 123
  Projected implied bound: 8
  Clique: 4
  MIR: 128
  StrongCG: 3
  Flow cover: 128
  GUB cover: 2
  Inf proof: 11
  Zero half: 1
  RLT: 114
  Relax-and-lift: 39

Explored 36861 nodes (2157927 simplex iterations) in 122.34 seconds
Thread count was 2 (of 32 available processors)

Solution count 7: 6777.47 7083.82 7155.82 ... 9419.62

Optimal solution found (tolerance 1.00e-04)
Best objective 6.777470000000e+03, best bound 6.777470000000e+03, gap 0.0000%

User-callback calls 83957, time in user-callback 28.30 sec
================================================================================
executing instance: ./input/Instances/Original/2/absH3high_3n20.dat
