




arguments: ./build/bc_mirp -f ./input/orig_exec_181.cfg
Current dir: /scratch/gui/bc_mirp
File verbosity level: 9
date       time         ( uptime  ) [ thread name/id ]                   file:line     v| 
2021-02-12 19:21:47.792 (   0.063s) [main thread     ]             loguru.cpp:789   INFO| Logging to './output/vi_vc+vr/OU/V5/Original/execution_12_02_2021_19_21_47.log', mode: 'a', verbosity: 9
--------------------------------------------------------------------------------
Parameters
                           instance_path           ./input/Instances/Original/4/
                            model_policy                                       1
                             nb_vehicles                                       5
                              output_dir       ./output/vi_vc+vr/OU/V5/Original/
                            sec_strategy                                       1
                       solver_nb_threads                                       2
                         solver_show_log                                    true
                       solver_time_limit                                    3600
                              use_vi_cos                                   false
                              use_vi_cus                                   false
                         use_vi_hc1_full                                   false
                         use_vi_hc1_half                                   false
                      use_vi_hc1_quarter                                   false
                              use_vi_hc2                                   false
                              use_vi_hc3                                   false
                         use_vi_lex_full                                   false
                         use_vi_lex_half                                   false
                      use_vi_lex_quarter                                   false
                              use_vi_qua                                   false
                               use_vi_vc                                    true
                               use_vi_vr                                    true
--------------------------------------------------------------------------------
executing instance: ./input/Instances/Original/4/absH3low_3n30.dat
--------------------------------------------------------------------------------
Instance details
n	31
H	3
C	2841
Li:
[0, 0, 0, 0, 0, 0, 0, 0, 0, 0, 0, 0, 0, 0, 0, 0, 0, 0, 0, 0, 0, 0, 0, 0, 0, 0, 0, 0, 0, 0, 0, ]
Ui:
[0, 246, 98, 54, 144, 171, 192, 180, 165, 98, 122, 198, 297, 144, 130, 129, 219, 138, 142, 150, 108, 66, 64, 285, 180, 204, 276, 168, 240, 198, 122, ]
Distance matrix:
|0	172	56	166	260	198	42	197	296	110	91	112	238	275	323	183	330	232	175	181	162	191	232	280	201	139	356	185	266	216	26	|
|172	0	178	223	320	335	153	355	444	62	231	99	333	376	214	352	176	235	194	106	47	41	353	161	299	175	225	43	326	374	153	|
|56	178	0	110	204	162	93	233	336	125	144	148	187	226	358	180	313	284	123	152	182	185	282	252	256	88	329	177	210	251	42	|
|166	223	110	0	102	150	199	327	431	194	253	237	113	156	431	228	296	386	44	140	248	208	389	218	366	48	287	200	108	344	148	|
|260	320	204	102	0	156	296	391	493	296	340	339	66	90	531	263	362	486	127	226	349	300	469	278	454	148	334	292	6	406	245	|
|198	335	162	150	156	0	239	255	351	286	245	307	93	106	518	111	442	423	194	280	344	335	349	367	352	182	437	327	158	266	199	|
|42	153	93	199	296	239	0	203	296	91	82	76	278	316	284	217	322	191	201	186	133	180	217	281	177	165	356	175	302	222	52	|
|197	355	233	327	391	255	203	0	104	294	125	266	340	361	436	151	524	276	352	377	330	383	109	477	146	319	553	377	395	19	222	|
|296	444	336	431	493	351	296	104	0	384	214	348	440	456	488	241	617	315	456	476	412	475	113	575	176	422	651	470	497	88	322	|
|110	62	125	194	296	286	91	294	384	0	171	55	298	340	238	292	233	210	176	118	58	91	298	201	248	148	273	87	302	313	94	|
|91	231	144	253	340	245	82	125	214	171	0	141	307	339	324	184	403	187	266	266	204	261	140	363	114	230	438	256	346	144	116	|
|112	99	148	237	339	307	76	266	348	55	141	0	332	373	212	292	275	156	225	173	64	137	254	253	200	194	322	135	345	284	108	|
|238	333	187	113	66	93	278	340	440	298	307	332	0	43	536	203	404	469	153	253	354	321	427	322	420	160	385	313	67	353	229	|
|275	376	226	156	90	106	316	361	456	340	339	373	43	0	578	216	443	507	194	295	397	364	453	361	451	203	421	356	88	372	268	|
|323	214	358	431	531	518	284	436	488	238	324	212	536	578	0	498	309	176	407	320	183	245	376	344	312	383	379	251	537	451	319	|
|183	352	180	228	263	111	217	151	241	292	184	292	203	216	498	0	492	371	266	328	345	364	255	426	272	242	501	356	266	159	198	|
|330	176	313	296	362	442	322	524	617	233	403	275	404	443	309	492	0	397	253	164	218	142	529	84	475	260	72	147	367	543	306	|
|232	235	284	386	486	423	191	276	315	210	187	156	469	507	176	371	397	0	379	327	188	276	202	396	139	346	456	277	492	289	242	|
|175	194	123	44	127	194	201	352	456	176	266	225	153	194	407	266	253	379	0	101	225	174	405	174	375	36	244	166	133	370	152	|
|181	106	152	140	226	280	186	377	476	118	266	173	253	295	320	328	164	327	101	0	148	76	403	100	360	98	177	69	232	396	155	|
|162	47	182	248	349	344	133	330	412	58	204	64	354	397	183	345	218	188	225	148	0	89	316	208	259	201	270	90	355	348	149	|
|191	41	185	208	300	335	180	383	475	91	261	137	321	364	245	364	142	276	174	76	89	0	388	119	336	162	185	8	306	402	169	|
|232	353	282	389	469	349	217	109	113	298	140	254	427	453	376	255	529	202	405	403	316	388	0	497	64	369	570	384	474	112	256	|
|280	161	252	218	278	367	281	477	575	201	363	253	322	361	344	426	84	396	174	100	208	119	497	0	449	187	77	119	283	496	255	|
|201	299	256	366	454	352	177	146	176	248	114	200	420	451	312	272	475	139	375	360	259	336	64	449	0	339	521	333	460	156	223	|
|139	175	88	48	148	182	165	319	422	148	230	194	160	203	383	242	260	346	36	98	201	162	369	187	339	0	260	153	154	337	116	|
|356	225	329	287	334	437	356	553	651	273	438	322	385	421	379	501	72	456	244	177	270	185	570	77	521	260	0	187	338	572	331	|
|185	43	177	200	292	327	175	377	470	87	256	135	313	356	251	356	147	277	166	69	90	8	384	119	333	153	187	0	298	396	163	|
|266	326	210	108	6	158	302	395	497	302	346	345	67	88	537	266	367	492	133	232	355	306	474	283	460	154	338	298	0	410	251	|
|216	374	251	344	406	266	222	19	88	313	144	284	353	372	451	159	543	289	370	396	348	402	112	496	156	337	572	396	410	0	241	|
|26	153	42	148	245	199	52	222	322	94	116	108	229	268	319	198	306	242	152	155	149	169	256	255	223	116	331	163	251	241	0	|

--------------------------------------------------------------------------------
Building model...
	using lazy and cut (CVRPSEP package)
Solving IRP LP...
--------------------------------------------------------------------------------

Gurobi 9.1.0 (linux64) logging started Fri Feb 12 19:21:48 2021

Gurobi Optimizer version 9.1.0 build v9.1.0rc0 (linux64)
Thread count: 32 physical cores, 32 logical processors, using up to 2 threads
Optimize a model with 1789 rows, 8014 columns and 19384 nonzeros
Model fingerprint: 0x8d0efb23
Variable types: 574 continuous, 7440 integer (465 binary)
Coefficient statistics:
  Matrix range     [1e+00, 6e+02]
  Objective range  [1e-02, 7e+02]
  Bounds range     [1e+00, 3e+02]
  RHS range        [1e+00, 5e+03]
Presolve removed 814 rows and 740 columns
Presolve time: 0.09s
Presolved: 975 rows, 7274 columns, 16332 nonzeros
Variable types: 350 continuous, 6924 integer (6475 binary)

Root relaxation: objective 2.465332e+03, 1443 iterations, 0.04 seconds

    Nodes    |    Current Node    |     Objective Bounds      |     Work
 Expl Unexpl |  Obj  Depth IntInf | Incumbent    BestBd   Gap | It/Node Time

     0     0 2465.33247    0  112          - 2465.33247      -     -    0s
     0     0 2678.07227    0  130          - 2678.07227      -     -    0s
     0     0 3147.99599    0  201          - 3147.99599      -     -    0s
     0     0 3170.63164    0  184          - 3170.63164      -     -    0s
     0     0 3170.96698    0  187          - 3170.96698      -     -    0s
     0     0 3316.53333    0  201          - 3316.53333      -     -    0s
     0     0 3317.32054    0  174          - 3317.32054      -     -    0s
     0     0 3401.70643    0  212          - 3401.70643      -     -    1s
     0     0 3415.66529    0  215          - 3415.66529      -     -    1s
     0     0 3419.55833    0  206          - 3419.55833      -     -    1s
     0     0 3442.45974    0  223          - 3442.45974      -     -    1s
     0     0 3442.46670    0  231          - 3442.46670      -     -    1s
     0     0 3514.33739    0  256          - 3514.33739      -     -    1s
     0     0 3542.17405    0  303          - 3542.17405      -     -    1s
     0     0 3571.14181    0  248          - 3571.14181      -     -    1s
     0     0 3572.62390    0  242          - 3572.62390      -     -    1s
     0     0 3572.92827    0  248          - 3572.92827      -     -    1s
     0     0 3618.76464    0  253          - 3618.76464      -     -    2s
     0     0 3642.06611    0  286          - 3642.06611      -     -    2s
     0     0 3643.53030    0  280          - 3643.53030      -     -    2s
     0     0 3657.85934    0  339          - 3657.85934      -     -    2s
     0     0 3661.64671    0  348          - 3661.64671      -     -    2s
     0     0 3661.78391    0  332          - 3661.78391      -     -    2s
     0     0 3666.21162    0  360          - 3666.21162      -     -    2s
     0     0 3666.21162    0  303          - 3666.21162      -     -    3s
     0     2 3668.77858    0  298          - 3668.77858      -     -    3s
    17    21 3710.11623    6  354          - 3678.31521      -   365    5s
   142   155 3974.58459   35  258          - 3678.31521      -   284   10s
   453   435 5058.08390   71   93          - 3678.31521      -   151   15s
   651   689 7907.70938  191   28          - 3678.31521      -   142   20s
*  719   703             235    9187.6200000 3703.20130  59.7%   132   21s
H  742   656                    8693.5300000 3703.20130  57.4%   134   24s
   744   657 5779.46231   75  220 8693.53000 3703.20130  57.4%   134   25s
H  762   635                    7484.5900000 3834.25911  48.8%   131   31s
   777   645 6607.78816  124  545 7484.59000 3848.95524  48.6%   128   35s
   790   654 4009.02126   14  619 7484.59000 3866.44352  48.3%   126   40s
   809   668 3933.32757   27  251 7484.59000 3873.60228  48.2%   140   45s
   824   678 7484.59000  192  572 7484.59000 3877.24567  48.2%   137   50s
   842   693 4020.02595   29  394 7484.59000 3903.69070  47.8%   158   55s
   873   716 3959.40092   37  583 7484.59000 3959.40092  47.1%   175   60s
H  910   705                    7321.2400000 3967.70993  45.8%   187   64s
   914   706 4036.46602   45  451 7321.24000 3967.70993  45.8%   188   65s
   975   748 4176.65207   57  332 7321.24000 3967.70993  45.8%   204   70s
  1175   902 4858.17638   87  141 7321.24000 3967.70993  45.8%   188   75s
* 1234   863             152    7282.1400000 3967.70993  45.5%   182   76s
* 1235   832             153    7266.1400000 3967.70993  45.4%   182   76s
* 1237   802             152    7202.1400000 3967.70993  44.9%   182   76s
* 1239   774             150    6786.6000000 3967.70993  41.5%   182   76s
  1241   787 5065.42186   99  197 6786.60000 3967.70993  41.5%   182  128s
  1253   783 4008.70254   32  561 6786.60000 3967.70993  41.5%   182  132s
  1303   829 5896.25521  125  137 6786.60000 3967.70993  41.5%   182  135s
  1454   893 4016.24732   30  389 6786.60000 3969.15801  41.5%   178  140s
  1508   933 4227.86823   43  398 6786.60000 3969.15801  41.5%   185  145s
  1564   976 4496.23423   52  271 6786.60000 3969.15801  41.5%   191  150s
  1668  1063 4990.88373   69  180 6786.60000 3969.15801  41.5%   194  155s
  1811  1211 5239.67296   91  152 6786.60000 3969.15801  41.5%   190  160s
  1981  1260 5931.02029  119  124 6786.60000 3969.15801  41.5%   185  166s
  2088  1330 6486.92061  142  109 6786.60000 3969.23118  41.5%   181  170s
  2182  1357 4468.41846   39  439 6786.60000 3969.23118  41.5%   183  175s
  2368  1459 4499.77662   46  241 6786.60000 3969.23118  41.5%   180  181s
  2411  1491 4692.14509   55  285 6786.60000 3969.23118  41.5%   183  185s
  2571  1620 5003.80582   66  221 6786.60000 3969.23118  41.5%   177  190s
  2723  1768 5393.74252   97  169 6786.60000 3969.23118  41.5%   178  197s
  2821  1831 5818.79346  129  125 6786.60000 3969.23118  41.5%   177  200s
  2971  1973     cutoff  164      6786.60000 4004.05509  41.0%   174  205s
  3018  2016 4266.13003   48  265 6786.60000 4004.05509  41.0%   177  210s
  3076  2132 5124.90227   84  254 6786.60000 4004.88872  41.0%   179  216s
  3258  2318 4454.45927   36  325 6786.60000 4004.88872  41.0%   177  223s
  3406  2363 4734.69130   40  282 6786.60000 4004.88872  41.0%   174  227s
* 3429  2339             154    6687.6400000 4004.88872  40.1%   174  227s
  3452  2478 5032.20299   48  150 6687.64000 4011.80701  40.0%   175  231s
  3646  2536 4476.42278   45  242 6687.64000 4012.53868  40.0%   173  237s
  3685  2600 4996.71841   69  222 6687.64000 4012.53868  40.0%   174  241s
  3749  2641     cutoff  117      6687.64000 4015.53437  40.0%   174  245s
  3863  2725 4446.75446   44  292 6687.64000 4015.53437  40.0%   175  252s
H 3902  2411                    6333.7800000 4015.53437  36.6%   176  256s
  3905  2482 4754.08451   55  159 6333.78000 4015.53437  36.6%   176  264s
  3976  2620 4998.47575   72  126 6333.78000 4016.57157  36.6%   177  269s
  4142  2657     cutoff  128      6333.78000 4021.56339  36.5%   174  273s
  4181  2740 4355.24215   41  336 6333.78000 4021.56339  36.5%   175  277s
  4278  2858 5334.11676   70  167 6333.78000 4022.73536  36.5%   175  282s
  4453  2889 4288.69585   36  439 6333.78000 4022.74576  36.5%   172  286s
  4483  2999 4774.36405   51  281 6333.78000 4022.80862  36.5%   174  291s
  4619  3043 4311.65001   39  498 6333.78000 4023.54681  36.5%   173  296s
  4663  3123 5225.58442   64  249 6333.78000 4024.82775  36.5%   175  301s
  4759  3210 4224.74391   43  425 6333.78000 4026.91706  36.4%   175  306s
  4860  3325 5106.85451   65  307 6333.78000 4026.91706  36.4%   175  312s
  4979  3353 infeasible  127      6333.78000 4030.37252  36.4%   174  318s
  5027  3402 4376.89436   32  223 6333.78000 4034.06787  36.3%   176  324s
  5076  3523 4536.61022   48  190 6333.78000 4034.06787  36.3%   178  383s
  5117  3523 4770.16746   70  115 6333.78000 4034.06787  36.3%   178  398s
  5197  3707 5220.36101   83   81 6333.78000 4034.12521  36.3%   178  404s
H 5245  2770                    5641.5900000 4034.12521  28.5%   178  405s
  5431  2744 4355.93611   41  415 5641.59000 4034.41615  28.5%   176  410s
  5479  2787 5157.93751   65  232 5641.59000 4034.50361  28.5%   177  416s
  5541  2858 4736.77603   51  296 5641.59000 4037.32147  28.4%   178  422s
  5627  2900 4434.29649   36  286 5641.59000 4040.11170  28.4%   179  428s
  5669  2995 4641.46743   43  265 5641.59000 4040.59155  28.4%   181  435s
  5791  3069 4379.68105   41  497 5641.59000 4042.68760  28.3%   183  442s
  5895  3096 4376.41053   32  470 5641.59000 4042.77019  28.3%   183  450s
  5922  3151 4777.08962   46  295 5641.59000 4043.24435  28.3%   185  456s
  5998  3208 4555.35169   41  246 5641.59000 4044.01814  28.3%   186  463s
  6081  3283 4621.14645   39  414 5641.59000 4044.20595  28.3%   187  470s
  6180  3371 4697.04490   50  301 5641.59000 4048.27678  28.2%   188  477s
  6283  3433 4624.11324   38  324 5641.59000 4048.34519  28.2%   188  484s
  6328  3433 5633.27708   82   87 5641.59000 4048.34519  28.2%   188  485s
  6378  3524 4400.83325   34  199 5641.59000 4048.60384  28.2%   189  493s
  6493  3613 4605.08091   43  161 5641.59000 4054.05078  28.1%   189  502s
  6566  3613 5590.45264   74   91 5641.59000 4054.05078  28.1%   189  508s
  6621  3649 4310.61727   37  453 5641.59000 4059.34413  28.0%   190  515s
  6657  3677 4532.55176   45  365 5641.59000 4059.34413  28.0%   192  523s
H 6664  3347                    5494.5900000 4059.34413  26.1%   192  523s
H 6681  2923                    5340.5500000 4059.34413  24.0%   193  523s
  6685  2980 4663.61137   50  405 5340.55000 4059.34413  24.0%   193  530s
  6742  3071 4772.88545   65  277 5340.55000 4059.34413  24.0%   194  538s
H 6825  3034                    5328.1900000 4059.34413  23.8%   195  538s
  6835  3091 5181.98791   86  124 5328.19000 4060.62146  23.8%   195  546s
  6935  3135 4489.17334   39  241 5328.19000 4060.92805  23.8%   196  554s
  6979  3220 4803.90870   52  216 5328.19000 4060.92805  23.8%   197  561s
  7070  3281     cutoff   86      5328.19000 4062.29834  23.8%   199  570s
  7085  3281 4763.24380   56  122 5328.19000 4062.61196  23.8%   200  849s
  7160  3339 4634.02679   43  360 5328.19000 4062.99210  23.7%   200  857s
  7231  3437 4324.24286   37  480 5328.19000 4063.33851  23.7%   201  867s
H 7241  3159                    5239.1900000 4063.33851  22.4%   201  867s
  7349  3226 4312.83602   35  421 5239.19000 4064.26960  22.4%   202  878s
  7433  3290 4937.16086   67  261 5239.19000 4064.82208  22.4%   203  888s
  7515  3368 4529.44935   45  311 5239.19000 4067.33846  22.4%   205  899s
  7610  3422 4159.46244   38  499 5239.19000 4067.33846  22.4%   207  910s
  7678  3495 4873.33356   65  269 5239.19000 4071.36424  22.3%   208  920s
  7777  3573 4832.66449   56  396 5239.19000 4074.12002  22.2%   210  931s
  7895  3696 4670.95427   56  346 5239.19000 4078.64220  22.2%   211  945s
  8036  3765 5074.03163   73  113 5239.19000 4080.14435  22.1%   211  956s
  8126  3822 4478.47745   41  405 5239.19000 4080.18797  22.1%   212  967s
  8183  3915 5067.61578   57  290 5239.19000 4080.65196  22.1%   215  980s
  8319  3990 4985.58032   39  184 5239.19000 4081.74619  22.1%   215  992s
  8438  4064 4399.40029   53  386 5239.19000 4084.27521  22.0%   217 1004s
  8528  4139 4490.99849   41  439 5239.19000 4084.47019  22.0%   218 1016s
  8633  4218 4884.34294   47  283 5239.19000 4085.78272  22.0%   220 1029s
  8729  4281 4584.59533   48  265 5239.19000 4087.76379  22.0%   221 1042s
  8792  4376 4770.02233   70  244 5239.19000 4089.38461  21.9%   223 1146s
H 8856  3141                    4953.5000000 4089.38461  17.4%   223 1147s
  8912  3138 4304.62315   38  442 4953.50000 4089.44202  17.4%   224 1160s
H 8951  3123                    4948.5000000 4090.91353  17.3%   224 1160s
  8986  3207 4417.83981   46  432 4948.50000 4093.36096  17.3%   225 1173s
  9101  3267 4297.88163   39  586 4948.50000 4094.35410  17.3%   226 1186s
  9170  3332 4578.50996   49  432 4948.50000 4095.37807  17.2%   228 1199s
  9275  3378 4455.41495   39  609 4948.50000 4098.95439  17.2%   229 1212s
  9329  3441 4456.24826   44  381 4948.50000 4098.95448  17.2%   231 1226s
  9410  3502 4337.06693   37  400 4948.50000 4101.17875  17.1%   233 1240s
  9481  3585 4490.60731   51  347 4948.50000 4101.32423  17.1%   235 1255s
  9590  3687 4550.38866   58  331 4948.50000 4103.78813  17.1%   237 1327s
  9725  3786 4407.19812   33  460 4948.50000 4104.73855  17.1%   238 1343s
  9861  3861 4842.84324   47  350 4948.50000 4104.88240  17.0%   239 1358s
  9956  3929 4757.59095   53  232 4948.50000 4104.98323  17.0%   241 1373s
 10078  4009 4264.58145   45  432 4948.50000 4107.89727  17.0%   242 1387s
 10195  4074 4677.40286   40  172 4948.50000 4108.91469  17.0%   244 1402s
 10302  4125 4837.34074   65  227 4948.50000 4110.93871  16.9%   246 1448s
 10422  4212 4319.72679   44  400 4948.50000 4112.43300  16.9%   247 1463s
 10543  4284 4719.26426   54  440 4948.50000 4113.55526  16.9%   248 1480s
 10648  4329 4662.34959   38  421 4948.50000 4114.46245  16.9%   249 1495s
 10715  4424 4410.09819   43  416 4948.50000 4114.94260  16.8%   251 1614s
 10822  4502 4759.07743   57  350 4948.50000 4117.80270  16.8%   252 1630s
 10932  4559 4521.06740   36  486 4948.50000 4120.35913  16.7%   253 1648s
H10990  4541                    4944.5200000 4120.35913  16.7%   254 1679s
 11052  4633 4726.48402   52  213 4944.52000 4121.56548  16.6%   254 1695s
 11160  4732 4833.70513   52  171 4944.52000 4121.96536  16.6%   256 1712s
 11313  4818 4689.28611   63  366 4944.52000 4123.04917  16.6%   256 1728s
 11470  4890 4741.52862   42  353 4944.52000 4124.53261  16.6%   257 1745s
 11581  4973 4354.23518   49  354 4944.52000 4131.65769  16.4%   259 1795s
 11721  5034 4684.60428   42  294 4944.52000 4133.84333  16.4%   260 1812s
 11828  5102 4380.89511   43  398 4944.52000 4136.12082  16.3%   261 1829s
 11928  5163 4830.73172   42  351 4944.52000 4138.91406  16.3%   262 1847s
 12043  5230 4902.75867   58  322 4944.52000 4139.85767  16.3%   264 1863s
 12132  5319 4743.74841   52  294 4944.52000 4141.47245  16.2%   266 1879s
 12205  5319 4542.51872   45  300 4944.52000 4143.88912  16.2%   266 1897s
 12277  5376 4536.10852   46  355 4944.52000 4143.97552  16.2%   266 1915s
 12380  5451 4266.08306   42  385 4944.52000 4144.42315  16.2%   268 1933s
 12455  5545 4595.28718   54  228 4944.52000 4144.71425  16.2%   270 1952s
 12611  5610 4469.72223   41  367 4944.52000 4146.88272  16.1%   271 1970s
 12714  5685 4494.92792   41  402 4944.52000 4150.14445  16.1%   272 1988s
 12848  5766 4505.80978   41  376 4944.52000 4151.90535  16.0%   273 2007s
 12984  5877     cutoff   52      4944.52000 4152.55782  16.0%   274 2024s
 13121  5989 4728.29095   50  346 4944.52000 4154.62357  16.0%   275 2076s
 13286  6083 4825.79453   53  316 4944.52000 4156.74766  15.9%   275 2095s
 13420  6145 4419.63466   34  475 4944.52000 4157.75958  15.9%   276 2212s
 13520  6311 4371.35236   53  394 4944.52000 4159.10583  15.9%   277 2232s
 13738  6392 4464.91164   47  577 4944.52000 4159.48054  15.9%   277 2251s
 13877  6490 4186.68336   40  514 4944.52000 4160.75848  15.9%   278 2270s
 14021  6575 4905.63244   80   72 4944.52000 4162.57805  15.8%   278 2476s
 14191  6681 4351.27659   43  352 4944.52000 4165.31900  15.8%   279 2495s
 14342  6730 4587.54952   41  394 4944.52000 4166.68225  15.7%   280 2515s
 14427  6793     cutoff   59      4944.52000 4167.72673  15.7%   280 2535s
 14539  6860 4329.32487   37  315 4944.52000 4169.44732  15.7%   281 2553s
 14669  6945 4874.05620   59  307 4944.52000 4170.04437  15.7%   282 2655s
 14820  7047 4530.60297   52  374 4944.52000 4173.16226  15.6%   283 2676s
 14969  7129 4907.23668   71  148 4944.52000 4173.65644  15.6%   284 2695s
 15086  7253 4862.73213   58  354 4944.52000 4175.72668  15.5%   285 2717s
 15130  7253 4910.89813   61  434 4944.52000 4175.82123  15.5%   286 2772s
 15236  7364 4667.70486   49  357 4944.52000 4176.05034  15.5%   285 2792s
 15395  7456 4590.51568   41  379 4944.52000 4177.84181  15.5%   286 2810s
 15456  7456 4774.19685   53  320 4944.52000 4178.55714  15.5%   286 2835s
 15549  7538 4833.09740   62  224 4944.52000 4179.24387  15.5%   286 2854s
 15703  7656 4442.37130   48  333 4944.52000 4181.79025  15.4%   287 2876s
 15873  7766 4755.03753   54  346 4944.52000 4182.70081  15.4%   287 2895s
 16030  7914 4644.63588   58  432 4944.52000 4184.92796  15.4%   287 2947s
 16232  8027 4635.69585   41  385 4944.52000 4186.10280  15.3%   287 2968s
 16425  8123 4691.56698   58  402 4944.52000 4187.31261  15.3%   287 2989s
 16585  8207 4418.46614   39  465 4944.52000 4191.55724  15.2%   288 3010s
 16745  8325 4486.68591   39  357 4944.52000 4193.43557  15.2%   289 3127s
 16933  8387 4860.80962   66  258 4944.52000 4195.23828  15.2%   289 3161s
 17003  8387 4940.83827   62  205 4944.52000 4197.05782  15.1%   289 3205s
 17080  8476 4577.86666   45  351 4944.52000 4197.59957  15.1%   289 3226s
 17228  8570 4291.30748   37  449 4944.52000 4200.58092  15.0%   290 3245s
 17376  8641 4442.93911   37  466 4944.52000 4201.74639  15.0%   290 3266s
 17469  8754 4885.12797   54  346 4944.52000 4202.05891  15.0%   291 3337s
 17677  8806 4566.11275   62  197 4944.52000 4203.52825  15.0%   292 3498s
 17731  8916 4877.28446   73  126 4944.52000 4203.63314  15.0%   292 3520s
 17932  9022 4324.58517   40  551 4944.52000 4205.91899  14.9%   292 3542s
 18073  9163 4505.29863   52  430 4944.52000 4206.06375  14.9%   293 3564s
 18154  9163 4666.32865   52  149 4944.52000 4206.47204  14.9%   293 3565s
 18275  9335 4633.59072   48  253 4944.52000 4206.95397  14.9%   293 3586s

Cutting planes:
  User: 6456
  Gomory: 18
  Cover: 377
  Implied bound: 220
  Projected implied bound: 14
  Clique: 20
  MIR: 91
  StrongCG: 3
  Flow cover: 237
  GUB cover: 3
  Inf proof: 1
  Zero half: 21
  Mod-K: 1
  RLT: 302
  Relax-and-lift: 5
  Lazy constraints: 631

Explored 18520 nodes (5420703 simplex iterations) in 3608.88 seconds
Thread count was 2 (of 32 available processors)

Solution count 10: 4944.52 4948.5 4953.5 ... 6687.64

Time limit reached
Best objective 4.944520000000e+03, best bound 4.209354993729e+03, gap 14.8683%

User-callback calls 220564, time in user-callback 934.98 sec
================================================================================
executing instance: ./input/Instances/Original/4/absH3low_3n10.dat
--------------------------------------------------------------------------------
Instance details
n	11
H	3
C	687
Li:
[0, 0, 0, 0, 0, 0, 0, 0, 0, 0, 0, ]
Ui:
[0, 189, 44, 174, 78, 36, 198, 117, 42, 96, 240, ]
Distance matrix:
|0	209	255	286	142	156	285	317	182	161	135	|
|209	0	464	451	315	356	490	469	361	299	260	|
|255	464	0	221	202	130	74	280	189	254	273	|
|286	451	221	0	145	156	164	479	354	153	192	|
|142	315	202	145	0	73	194	388	250	53	73	|
|156	356	130	156	73	0	134	332	200	127	144	|
|285	490	74	164	194	134	0	353	256	239	267	|
|317	469	280	479	388	332	353	0	141	436	430	|
|182	361	189	354	250	200	256	141	0	296	289	|
|161	299	254	153	53	127	239	436	296	0	39	|
|135	260	273	192	73	144	267	430	289	39	0	|

--------------------------------------------------------------------------------
Building model...
	using lazy and cut (CVRPSEP package)
Solving IRP LP...
--------------------------------------------------------------------------------

Gurobi 9.1.0 (linux64) logging started Fri Feb 12 20:22:22 2021

Gurobi Optimizer version 9.1.0 build v9.1.0rc0 (linux64)
Thread count: 32 physical cores, 32 logical processors, using up to 2 threads
Optimize a model with 629 rows, 1184 columns and 3524 nonzeros
Model fingerprint: 0x17105bf4
Variable types: 194 continuous, 990 integer (165 binary)
Coefficient statistics:
  Matrix range     [1e+00, 2e+02]
  Objective range  [1e-02, 5e+02]
  Bounds range     [1e+00, 2e+02]
  RHS range        [1e+00, 1e+03]
Presolve removed 295 rows and 337 columns
Presolve time: 0.04s
Presolved: 334 rows, 847 columns, 2356 nonzeros
Variable types: 98 continuous, 749 integer (610 binary)
Found heuristic solution: objective 6257.4300000

Root relaxation: objective 2.191072e+03, 549 iterations, 0.01 seconds

    Nodes    |    Current Node    |     Objective Bounds      |     Work
 Expl Unexpl |  Obj  Depth IntInf | Incumbent    BestBd   Gap | It/Node Time

     0     0 2191.07205    0   62 6257.43000 2191.07205  65.0%     -    0s
     0     0 2704.16657    0   61 6257.43000 2704.16657  56.8%     -    0s
H    0     0                    4061.3200000 2704.16657  33.4%     -    0s
     0     0 2704.31476    0   64 4061.32000 2704.31476  33.4%     -    0s
     0     0 2879.46836    0   99 4061.32000 2879.46836  29.1%     -    0s
H    0     0                    4024.3200000 2879.46836  28.4%     -    0s
     0     0 2965.31333    0   86 4024.32000 2965.31333  26.3%     -    0s
     0     0 2974.27639    0   74 4024.32000 2974.27639  26.1%     -    0s
     0     0 2977.16623    0   88 4024.32000 2977.16623  26.0%     -    0s
     0     0 3033.88884    0  121 4024.32000 3033.88884  24.6%     -    0s
H    0     0                    3712.3200000 3033.88884  18.3%     -    0s
     0     0 3043.07517    0  107 3712.32000 3043.07517  18.0%     -    0s
     0     0 3053.49810    0  119 3712.32000 3053.49810  17.7%     -    0s
     0     0 3053.50134    0  120 3712.32000 3053.50134  17.7%     -    0s
     0     0 3115.37530    0  139 3712.32000 3115.37530  16.1%     -    0s
     0     0 3124.48904    0  144 3712.32000 3124.48904  15.8%     -    0s
     0     0 3125.68341    0  137 3712.32000 3125.68341  15.8%     -    0s
     0     0 3126.01663    0  156 3712.32000 3126.01663  15.8%     -    0s
     0     0 3181.37116    0  144 3712.32000 3181.37116  14.3%     -    0s
     0     0 3186.02905    0  152 3712.32000 3186.02905  14.2%     -    0s
     0     0 3187.51581    0  155 3712.32000 3187.51581  14.1%     -    0s
     0     0 3188.66518    0  157 3712.32000 3188.66518  14.1%     -    0s
     0     0 3193.43105    0  161 3712.32000 3193.43105  14.0%     -    0s
     0     0 3193.82634    0  154 3712.32000 3193.82634  14.0%     -    0s
     0     0 3211.41219    0  133 3712.32000 3211.41219  13.5%     -    0s
     0     0 3219.69528    0  136 3712.32000 3219.69528  13.3%     -    0s
     0     0 3219.91268    0  143 3712.32000 3219.91268  13.3%     -    0s
     0     0 3224.28846    0  165 3712.32000 3224.28846  13.1%     -    0s
     0     0 3224.39905    0  174 3712.32000 3224.39905  13.1%     -    0s
     0     0 3225.95040    0  144 3712.32000 3225.95040  13.1%     -    0s
     0     0 3226.13230    0  172 3712.32000 3226.13230  13.1%     -    0s
     0     0 3227.20291    0  159 3712.32000 3227.20291  13.1%     -    0s
     0     0 3227.20291    0  159 3712.32000 3227.20291  13.1%     -    0s
     0     2 3235.57995    0  156 3712.32000 3235.57995  12.8%     -    0s
  2329   336     cutoff   10      3712.32000 3564.74636  3.98%  42.5    5s

Cutting planes:
  User: 41
  Gomory: 4
  Cover: 153
  Implied bound: 85
  Clique: 15
  MIR: 50
  StrongCG: 7
  Flow cover: 81
  GUB cover: 2
  Inf proof: 2
  Zero half: 2
  Network: 1
  RLT: 96
  Relax-and-lift: 20
  Lazy constraints: 9

Explored 3167 nodes (126904 simplex iterations) in 5.74 seconds
Thread count was 2 (of 32 available processors)

Solution count 4: 3712.32 4024.32 4061.32 6257.43 

Optimal solution found (tolerance 1.00e-04)
Best objective 3.712320000000e+03, best bound 3.712320000000e+03, gap 0.0000%

User-callback calls 7441, time in user-callback 0.76 sec
================================================================================
executing instance: ./input/Instances/Original/4/absH3low_3n15.dat
--------------------------------------------------------------------------------
Instance details
n	16
H	3
C	1267
Li:
[0, 0, 0, 0, 0, 0, 0, 0, 0, 0, 0, 0, 0, 0, 0, 0, ]
Ui:
[0, 156, 267, 148, 144, 87, 33, 171, 76, 141, 270, 282, 60, 110, 172, 57, ]
Distance matrix:
|0	229	567	76	58	96	306	409	310	423	108	346	165	347	159	256	|
|229	0	482	243	279	155	375	525	251	419	158	373	65	123	329	246	|
|567	482	0	506	622	483	342	439	259	200	467	274	486	433	501	312	|
|76	243	506	0	119	88	230	337	255	352	88	272	179	347	94	194	|
|58	279	622	119	0	154	345	431	366	471	166	391	217	399	179	310	|
|96	155	483	88	154	0	266	397	224	358	17	289	92	262	176	179	|
|306	375	342	230	345	266	0	158	184	148	251	68	332	423	181	140	|
|409	525	439	337	431	397	158	0	340	244	386	201	476	581	253	298	|
|310	251	259	255	366	224	184	340	0	170	208	146	238	257	274	66	|
|423	419	200	352	471	358	148	244	170	0	341	84	396	424	323	182	|
|108	158	467	88	166	17	251	386	208	341	0	273	96	259	172	162	|
|346	373	274	272	391	289	68	201	146	84	273	0	340	400	239	127	|
|165	65	486	179	217	92	332	476	238	396	96	340	0	182	267	216	|
|347	123	433	347	399	262	423	581	257	424	259	400	182	0	423	283	|
|159	329	501	94	179	176	181	253	274	323	172	239	267	423	0	208	|
|256	246	312	194	310	179	140	298	66	182	162	127	216	283	208	0	|

--------------------------------------------------------------------------------
Building model...
	using lazy and cut (CVRPSEP package)
Solving IRP LP...
--------------------------------------------------------------------------------

Gurobi 9.1.0 (linux64) logging started Fri Feb 12 20:22:35 2021

Gurobi Optimizer version 9.1.0 build v9.1.0rc0 (linux64)
Thread count: 32 physical cores, 32 logical processors, using up to 2 threads
Optimize a model with 919 rows, 2329 columns and 6364 nonzeros
Model fingerprint: 0xbf7dd98f
Variable types: 289 continuous, 2040 integer (240 binary)
Coefficient statistics:
  Matrix range     [1e+00, 3e+02]
  Objective range  [1e-02, 6e+02]
  Bounds range     [1e+00, 3e+02]
  RHS range        [1e+00, 2e+03]
Presolve removed 424 rows and 380 columns
Presolve time: 0.06s
Presolved: 495 rows, 1949 columns, 4849 nonzeros
Variable types: 170 continuous, 1779 integer (1562 binary)

Root relaxation: objective 2.105739e+03, 710 iterations, 0.02 seconds

    Nodes    |    Current Node    |     Objective Bounds      |     Work
 Expl Unexpl |  Obj  Depth IntInf | Incumbent    BestBd   Gap | It/Node Time

     0     0 2105.73907    0   93          - 2105.73907      -     -    0s
     0     0 2356.55981    0   63          - 2356.55981      -     -    0s
     0     0 2369.05034    0   81          - 2369.05034      -     -    0s
     0     0 2684.10913    0   98          - 2684.10913      -     -    0s
     0     0 2684.10913    0   94          - 2684.10913      -     -    0s
     0     0 2826.16265    0  155          - 2826.16265      -     -    0s
     0     0 2862.16544    0  163          - 2862.16544      -     -    0s
     0     0 2863.46152    0  164          - 2863.46152      -     -    0s
     0     0 2863.71138    0  173          - 2863.71138      -     -    0s
     0     0 2956.21433    0  176          - 2956.21433      -     -    0s
     0     0 2975.97163    0  197          - 2975.97163      -     -    0s
     0     0 2981.11903    0  193          - 2981.11903      -     -    0s
     0     0 2999.89421    0  193          - 2999.89421      -     -    0s
     0     0 3004.03220    0  224          - 3004.03220      -     -    0s
     0     0 3004.04357    0  226          - 3004.04357      -     -    0s
     0     0 3045.75526    0  174          - 3045.75526      -     -    0s
     0     0 3055.93691    0  155          - 3055.93691      -     -    0s
     0     0 3057.13694    0  156          - 3057.13694      -     -    0s
     0     0 3057.14188    0  158          - 3057.14188      -     -    0s
     0     0 3080.90991    0  226          - 3080.90991      -     -    0s
     0     0 3090.09304    0  229          - 3090.09304      -     -    0s
     0     0 3090.66342    0  219          - 3090.66342      -     -    0s
     0     0 3094.96676    0  216          - 3094.96676      -     -    0s
     0     0 3095.64606    0  221          - 3095.64606      -     -    0s
     0     0 3097.77008    0  202          - 3097.77008      -     -    0s
     0     0 3097.77008    0  202          - 3097.77008      -     -    0s
H    0     0                    4758.5200000 3097.77008  34.9%     -    0s
     0     2 3098.36340    0  199 4758.52000 3098.36340  34.9%     -    1s
H  114   120                    4553.5200000 3135.16639  31.1%   176    2s
   399   338 3695.25625   17  129 4553.52000 3184.13593  30.1%   136    5s
   753   547 4117.90055   27  290 4553.52000 3277.63695  28.0%   137   10s
H  816   564                    4552.5200000 3277.63695  28.0%   150   14s
   822   571 3602.55728   28  184 4552.52000 3277.63695  28.0%   151   15s
  1046   686 3845.97488   35   81 4552.52000 3287.35809  27.8%   161   20s
  1310   778 4023.18711   20  218 4552.52000 3369.08227  26.0%   159  108s
  1369   837 4295.22324   34   69 4552.52000 3369.08227  26.0%   160  110s
  1713   941 4029.61403   36  170 4552.52000 3447.61498  24.3%   160  115s
  1973  1003     cutoff   29      4552.52000 3481.18036  23.5%   159  120s
  2262  1077 3986.18414   26  218 4552.52000 3514.37255  22.8%   158  125s
  2542  1250 3894.51885   22  191 4552.52000 3532.63106  22.4%   159  130s
  2794  1403 3918.06218   28  168 4552.52000 3567.06850  21.6%   161  135s
  3085  1590 4449.44452   21   96 4552.52000 3591.48919  21.1%   162  141s
  3265  1658 4395.48600   27  204 4552.52000 3599.07989  20.9%   163  177s
  3339  1739 3959.96204   25  122 4552.52000 3601.09321  20.9%   162  180s
  3686  1957 3942.82982   21  176 4552.52000 3633.53334  20.2%   161  185s
  4039  2207 4387.10011   26   69 4552.52000 3653.21429  19.8%   159  191s
  4350  2366 3899.69644   25  222 4552.52000 3675.25798  19.3%   158  196s
  4582  2564 4390.17469   39  188 4552.52000 3689.31195  19.0%   159  200s
  5002  2719 4286.86325   26   54 4552.52000 3703.10887  18.7%   155  205s
* 5311  2771              50    4548.1200000 3714.56859  18.3%   154  208s
* 5313  2770              48    4542.0800000 3714.56859  18.2%   154  256s
* 5522  2843              55    4495.6700000 3720.30621  17.2%   154  259s
* 5530  2806              62    4480.6700000 3720.30621  17.0%   154  259s
  5538  2917 4082.91398   30  214 4480.67000 3720.76155  17.0%   154  262s
  5735  2988 4361.92715   43  143 4480.67000 3736.38889  16.6%   154  265s
* 5925  2914              42    4460.5600000 3743.91241  16.1%   153  265s
  6136  3037     cutoff   30      4460.56000 3752.07460  15.9%   153  271s
H 6355  3089                    4457.3000000 3761.27115  15.6%   153  275s
  6695  3218 3960.86894   24  178 4457.30000 3777.07363  15.3%   154  281s
H 6757  3195                    4452.3000000 3777.07363  15.2%   154  281s
  6818  3293 4321.43607   34  168 4452.30000 3781.08718  15.1%   154  285s
  7224  3454 4146.38854   35  144 4452.30000 3792.21808  14.8%   153  291s
  7559  3586 4365.72399   28  130 4452.30000 3803.05975  14.6%   155  297s
  7741  3666 3973.98194   22  222 4452.30000 3809.04014  14.4%   155  300s
* 8132  3729              38    4445.5200000 3817.91751  14.1%   154  303s
  8163  3788 4381.86799   35  186 4445.52000 3818.97620  14.1%   154  306s
H 8400  3833                    4445.2599991 3823.08284  14.0%   155  309s
H 8406  3830                    4444.5600000 3825.86023  13.9%   155  309s
  8488  3918 4235.00531   28  134 4444.56000 3828.86254  13.9%   155  313s
  8659  3988     cutoff   30      4444.56000 3832.78321  13.8%   155  316s
H 9095  4093                    4444.3000000 3837.12857  13.7%   154  322s
  9223  4147 4136.45644   29   80 4444.30000 3843.93366  13.5%   155  423s
  9405  4235 4204.59132   29  198 4444.30000 3847.42568  13.4%   155  427s
  9625  4329     cutoff   37      4444.30000 3852.75796  13.3%   155  430s
  9810  4376 4324.65691   30  136 4444.30000 3857.72629  13.2%   154  438s
H 9932  4198                    4418.5600000 3857.72629  12.7%   155  438s
  9933  4234 4164.78668   27  177 4418.56000 3859.31738  12.7%   155  441s
 10301  4354 4311.63866   25  159 4418.56000 3870.89977  12.4%   155  447s
 10474  4428 4137.53716   30  183 4418.56000 3875.95276  12.3%   155  450s
 10859  4572 4249.10515   34  143 4418.56000 3883.04719  12.1%   155  501s
 11228  4713     cutoff   32      4418.56000 3889.56409  12.0%   156  507s
 11466  4794 4327.80322   29  113 4418.56000 3895.58393  11.8%   156  511s
 11918  4922 4258.46741   33  188 4418.56000 3902.70425  11.7%   155  517s
 12155  5000 4101.23030   31  185 4418.56000 3906.01642  11.6%   155  520s
 12553  5125 4099.95752   23   65 4418.56000 3910.90110  11.5%   156  527s
 12706  5177     cutoff   32      4418.56000 3912.68022  11.4%   156  530s
*12769  4800              36    4383.5200000 3912.68022  10.7%   156  530s
 13110  4918 4153.85935   32  186 4383.52000 3920.51770  10.6%   156  556s
 13488  5051 4192.27033   30  115 4383.52000 3927.51016  10.4%   156  562s
 13753  5069     cutoff   39      4383.52000 3930.69684  10.3%   156  566s
 14098  5185     cutoff   31      4383.52000 3936.11713  10.2%   157  572s
 14302  5239 4205.35192   34  114 4383.52000 3939.97889  10.1%   157  575s
 14755  5353 4109.29561   24  209 4383.52000 3946.77997  10.0%   156  581s
H14833  5340                    4382.5600000 3946.77997  9.94%   156  581s
 15120  5430 4185.46993   34  197 4382.56000 3950.28056  9.86%   156  587s
 15315  5466 4180.54011   32  194 4382.56000 3953.01205  9.80%   156  590s
 15674  5533     cutoff   32      4382.56000 3960.48801  9.63%   157  664s
