




arguments: ./build/mirp_solver -f ./input/orig_exec_148.cfg
Current dir: /scratch/gui/bnc_mirp
File verbosity level: 9
date       time         ( uptime  ) [ thread name/id ]                   file:line     v| 
2021-01-10 01:32:11.421 (   0.165s) [main thread     ]             loguru.cpp:789   INFO| Logging to './output/vi_hc1_quarter/OU/V5/Original/execution_10_01_2021_01_32_11.log', mode: 'a', verbosity: 9
--------------------------------------------------------------------------------
Parameters
                           instance_path           ./input/Instances/Original/4/
                            model_policy                                       1
                             nb_vehicles                                       5
                              output_dir ./output/vi_hc1_quarter/OU/V5/Original/
                            sec_strategy                                       1
                       solver_nb_threads                                       2
                         solver_show_log                                    true
                       solver_time_limit                                    3600
                              use_vi_cos                                   false
                              use_vi_cus                                   false
                         use_vi_hc1_full                                   false
                         use_vi_hc1_half                                   false
                      use_vi_hc1_quarter                                    true
                              use_vi_hc2                                   false
                              use_vi_hc3                                   false
                         use_vi_lex_full                                   false
                         use_vi_lex_half                                   false
                      use_vi_lex_quarter                                   false
                              use_vi_qua                                   false
                               use_vi_vc                                   false
                               use_vi_vr                                   false
--------------------------------------------------------------------------------
executing instance: ./input/Instances/Original/4/absH3low_3n30.dat
--------------------------------------------------------------------------------
Instance details
n	31
H	3
C	2841
Li:
[0, 0, 0, 0, 0, 0, 0, 0, 0, 0, 0, 0, 0, 0, 0, 0, 0, 0, 0, 0, 0, 0, 0, 0, 0, 0, 0, 0, 0, 0, 0, ]
Ui:
[0, 246, 98, 54, 144, 171, 192, 180, 165, 98, 122, 198, 297, 144, 130, 129, 219, 138, 142, 150, 108, 66, 64, 285, 180, 204, 276, 168, 240, 198, 122, ]
Distance matrix:
|0	172	56	166	260	198	42	197	296	110	91	112	238	275	323	183	330	232	175	181	162	191	232	280	201	139	356	185	266	216	26	|
|172	0	178	223	320	335	153	355	444	62	231	99	333	376	214	352	176	235	194	106	47	41	353	161	299	175	225	43	326	374	153	|
|56	178	0	110	204	162	93	233	336	125	144	148	187	226	358	180	313	284	123	152	182	185	282	252	256	88	329	177	210	251	42	|
|166	223	110	0	102	150	199	327	431	194	253	237	113	156	431	228	296	386	44	140	248	208	389	218	366	48	287	200	108	344	148	|
|260	320	204	102	0	156	296	391	493	296	340	339	66	90	531	263	362	486	127	226	349	300	469	278	454	148	334	292	6	406	245	|
|198	335	162	150	156	0	239	255	351	286	245	307	93	106	518	111	442	423	194	280	344	335	349	367	352	182	437	327	158	266	199	|
|42	153	93	199	296	239	0	203	296	91	82	76	278	316	284	217	322	191	201	186	133	180	217	281	177	165	356	175	302	222	52	|
|197	355	233	327	391	255	203	0	104	294	125	266	340	361	436	151	524	276	352	377	330	383	109	477	146	319	553	377	395	19	222	|
|296	444	336	431	493	351	296	104	0	384	214	348	440	456	488	241	617	315	456	476	412	475	113	575	176	422	651	470	497	88	322	|
|110	62	125	194	296	286	91	294	384	0	171	55	298	340	238	292	233	210	176	118	58	91	298	201	248	148	273	87	302	313	94	|
|91	231	144	253	340	245	82	125	214	171	0	141	307	339	324	184	403	187	266	266	204	261	140	363	114	230	438	256	346	144	116	|
|112	99	148	237	339	307	76	266	348	55	141	0	332	373	212	292	275	156	225	173	64	137	254	253	200	194	322	135	345	284	108	|
|238	333	187	113	66	93	278	340	440	298	307	332	0	43	536	203	404	469	153	253	354	321	427	322	420	160	385	313	67	353	229	|
|275	376	226	156	90	106	316	361	456	340	339	373	43	0	578	216	443	507	194	295	397	364	453	361	451	203	421	356	88	372	268	|
|323	214	358	431	531	518	284	436	488	238	324	212	536	578	0	498	309	176	407	320	183	245	376	344	312	383	379	251	537	451	319	|
|183	352	180	228	263	111	217	151	241	292	184	292	203	216	498	0	492	371	266	328	345	364	255	426	272	242	501	356	266	159	198	|
|330	176	313	296	362	442	322	524	617	233	403	275	404	443	309	492	0	397	253	164	218	142	529	84	475	260	72	147	367	543	306	|
|232	235	284	386	486	423	191	276	315	210	187	156	469	507	176	371	397	0	379	327	188	276	202	396	139	346	456	277	492	289	242	|
|175	194	123	44	127	194	201	352	456	176	266	225	153	194	407	266	253	379	0	101	225	174	405	174	375	36	244	166	133	370	152	|
|181	106	152	140	226	280	186	377	476	118	266	173	253	295	320	328	164	327	101	0	148	76	403	100	360	98	177	69	232	396	155	|
|162	47	182	248	349	344	133	330	412	58	204	64	354	397	183	345	218	188	225	148	0	89	316	208	259	201	270	90	355	348	149	|
|191	41	185	208	300	335	180	383	475	91	261	137	321	364	245	364	142	276	174	76	89	0	388	119	336	162	185	8	306	402	169	|
|232	353	282	389	469	349	217	109	113	298	140	254	427	453	376	255	529	202	405	403	316	388	0	497	64	369	570	384	474	112	256	|
|280	161	252	218	278	367	281	477	575	201	363	253	322	361	344	426	84	396	174	100	208	119	497	0	449	187	77	119	283	496	255	|
|201	299	256	366	454	352	177	146	176	248	114	200	420	451	312	272	475	139	375	360	259	336	64	449	0	339	521	333	460	156	223	|
|139	175	88	48	148	182	165	319	422	148	230	194	160	203	383	242	260	346	36	98	201	162	369	187	339	0	260	153	154	337	116	|
|356	225	329	287	334	437	356	553	651	273	438	322	385	421	379	501	72	456	244	177	270	185	570	77	521	260	0	187	338	572	331	|
|185	43	177	200	292	327	175	377	470	87	256	135	313	356	251	356	147	277	166	69	90	8	384	119	333	153	187	0	298	396	163	|
|266	326	210	108	6	158	302	395	497	302	346	345	67	88	537	266	367	492	133	232	355	306	474	283	460	154	338	298	0	410	251	|
|216	374	251	344	406	266	222	19	88	313	144	284	353	372	451	159	543	289	370	396	348	402	112	496	156	337	572	396	410	0	241	|
|26	153	42	148	245	199	52	222	322	94	116	108	229	268	319	198	306	242	152	155	149	169	256	255	223	116	331	163	251	241	0	|

--------------------------------------------------------------------------------
Building model...
	using lazy and cut (CVRPSEP package)
Solving IRP LP...
--------------------------------------------------------------------------------

Gurobi 9.1.0 (linux64) logging started Sun Jan 10 01:32:11 2021

Gurobi Optimizer version 9.1.0 build v9.1.0rc0 (linux64)
Thread count: 32 physical cores, 32 logical processors, using up to 2 threads
Optimize a model with 1309 rows, 8014 columns and 19132 nonzeros
Model fingerprint: 0xbc9b523a
Variable types: 574 continuous, 7440 integer (465 binary)
Coefficient statistics:
  Matrix range     [1e+00, 6e+02]
  Objective range  [1e-02, 7e+02]
  Bounds range     [1e+00, 3e+02]
  RHS range        [3e+01, 5e+03]
Presolve removed 220 rows and 967 columns
Presolve time: 0.05s
Presolved: 1089 rows, 7047 columns, 15986 nonzeros
Variable types: 507 continuous, 6540 integer (6120 binary)

Root relaxation: objective 2.473147e+03, 1396 iterations, 0.03 seconds

    Nodes    |    Current Node    |     Objective Bounds      |     Work
 Expl Unexpl |  Obj  Depth IntInf | Incumbent    BestBd   Gap | It/Node Time

     0     0 2473.14676    0   95          - 2473.14676      -     -    0s
     0     0 2666.79775    0   90          - 2666.79775      -     -    0s
     0     0 2694.05666    0  126          - 2694.05666      -     -    0s
     0     0 2695.85122    0  116          - 2695.85122      -     -    0s
     0     0 3185.98092    0  167          - 3185.98092      -     -    0s
     0     0 3187.48845    0  176          - 3187.48845      -     -    0s
     0     0 3187.56694    0  179          - 3187.56694      -     -    0s
     0     0 3308.84710    0  249          - 3308.84710      -     -    0s
     0     0 3313.48814    0  210          - 3313.48814      -     -    0s
     0     0 3323.19968    0  236          - 3323.19968      -     -    0s
     0     0 3340.90488    0  234          - 3340.90488      -     -    0s
     0     0 3349.35321    0  213          - 3349.35321      -     -    1s
     0     0 3352.65148    0  211          - 3352.65148      -     -    1s
     0     0 3355.17182    0  232          - 3355.17182      -     -    1s
     0     0 3358.28299    0  230          - 3358.28299      -     -    1s
     0     0 3358.28299    0  238          - 3358.28299      -     -    1s
     0     0 3454.64223    0  197          - 3454.64223      -     -    1s
     0     0 3460.79200    0  216          - 3460.79200      -     -    1s
     0     0 3476.96308    0  240          - 3476.96308      -     -    1s
     0     0 3477.63740    0  238          - 3477.63740      -     -    1s
     0     0 3585.12536    0  263          - 3585.12536      -     -    1s
     0     0 3599.95646    0  284          - 3599.95646      -     -    2s
     0     0 3607.64213    0  370          - 3607.64213      -     -    2s
     0     0 3611.27005    0  337          - 3611.27005      -     -    2s
     0     0 3611.84414    0  356          - 3611.84414      -     -    2s
     0     0 3644.90984    0  346          - 3644.90984      -     -    2s
     0     0 3650.71758    0  350          - 3650.71758      -     -    2s
     0     0 3650.98099    0  315          - 3650.98099      -     -    2s
     0     0 3665.50937    0  320          - 3665.50937      -     -    3s
     0     0 3669.16450    0  431          - 3669.16450      -     -    3s
     0     0 3669.90328    0  354          - 3669.90328      -     -    3s
     0     0 3677.31360    0  417          - 3677.31360      -     -    3s
     0     0 3694.18825    0  388          - 3694.18825      -     -    3s
     0     2 3694.18886    0  378          - 3694.18886      -     -    4s
    11    14 3724.99878    4  312          - 3708.71368      -   373    5s
   107   112 4029.42723   36  313          - 3719.15654      -   324   10s
   203   206 5012.31817   57  253          - 3719.15654      -   302   15s
   497   553 6115.06723  101   73          - 3719.15654      -   173   20s
   772   749 6762.38521  173  223          - 3719.15654      -   134   25s
   796   765 5962.28259  126  468          - 3838.00109      -   130   30s
   814   777 6911.80454  177  442          - 3856.42690      -   127   35s
   831   790 6000.71855  133  337          - 3858.62343      -   140   40s
   852   804 5708.79717  109  515          - 3865.36266      -   136   45s
   860   809 5235.99970   86  490          - 3867.98334      -   135   50s
   864   815 3898.59418   23  548          - 3887.24145      -   148   57s
   874   822 3941.96499   25  459          - 3914.01802      -   154   60s
   910   848 3952.32756   35  365          - 3935.66047      -   165   65s
   954   880 4019.65795   45  341          - 3935.66047      -   178   70s
  1015   929 4179.96316   57  387          - 3935.66047      -   189   75s
  1111  1002 4532.95439   71  232          - 3935.66047      -   195   80s
  1230  1086 4578.60287   85  337          - 3935.66047      -   196   85s
  1360  1176 4723.82401  102  297          - 3935.66047      -   194   91s
  1465  1244 4939.75064  117  257          - 3935.66047      -   194   95s
  1594  1342 5038.49449  134  305          - 3935.66047      -   192  100s
  1756  1501 5403.42251  150  277          - 3935.66047      -   190  105s
  2035  1711 5307.63013  165  252          - 3935.66047      -   173  111s
  2238  1694 5366.96692  182  234          - 3935.66047      -   164  115s
  2303  1742 5592.87197  206  224          - 3935.66047      -   167  120s
  2396  1826 5906.76511  246  160          - 3935.66047      -   169  126s
  2491  1928 5940.21210  282  164          - 3935.66047      -   170  130s
  2655  2041 6633.85089  342  122          - 3935.66047      -   167  135s
  2852  2200 6486.31974  408  160          - 3935.66047      -   164  141s
  3047  2265 5128.25493  138  140          - 3935.66047      -   160  145s
  3315  2519 10073.3480  553   99          - 3941.96499      -   153  152s
  3518  2535 4200.42512   33  357          - 3948.24335      -   149  156s
  3555  2586 4391.17620   41  203          - 3948.24335      -   152  160s
  3621  2668 4623.47275   61  108          - 3948.24335      -   155  166s
  3718  2754 4875.13309  106   74          - 3948.24335      -   156  170s
  3895  3031 5849.13640  179   46          - 3948.24335      -   155  178s
  4030  3293 6319.25496  253   30          - 3949.02959      -   152  184s
  4084  3293 6513.18921  300   42          - 3949.02959      -   151  185s
  4347  3361 4058.68763   27  418          - 3949.02959      -   145  190s
  4492  3633 4309.41066   29  322          - 3949.02959      -   147  198s
  4625  3633 7462.44275  265   37          - 3949.02959      -   146  200s
  4728  3678 4463.10475   41  171          - 3949.02959      -   146  206s
  4753  3713 4330.76070   48  144          - 3949.02959      -   147  210s
  4834  3821 4639.31201   59  133          - 3949.02959      -   151  217s
  4896  3876 4803.90917   65  142          - 3949.02959      -   152  232s
  4951  3961 4818.20991   71  143          - 3949.02959      -   153  236s
  5036  4114 4836.98147   88  160          - 3949.02959      -   154  240s
  5191  4336 5010.42924  102  118          - 3949.02959      -   153  246s
  5413  4641 5244.17283  122   83          - 3949.02959      -   151  253s
  5715  4641 7438.44574  445   55          - 3949.02959      -   146  255s
  5718  4973 5566.28159  171   92          - 3949.02959      -   146  261s
  6116  5109 5828.11968  201  103          - 3949.02959      -   141  268s
  6250  5389 6318.01209  273   58          - 3949.02959      -   140  275s
  6538  5439 9021.59746  371   32          - 3951.67899      -   138  281s
  6636  5478 4300.50143   35  370          - 3951.67899      -   138  285s
  6727  5547 4957.55091  115  186          - 3951.67899      -   139  290s
  6839  5765 4685.15490   50  234          - 3951.67899      -   140  300s
* 6877  2660             188    5821.8300000 3951.67899  32.1%   140  300s
  7012  2611 4762.70292   66  200 5821.83000 3951.67899  32.1%   139  306s
  7059  2667 5171.38191  107  231 5821.83000 3951.67899  32.1%   139  310s
  7118  2687     cutoff  155      5821.83000 3952.04113  32.1%   139  315s
  7146  2719 4104.77342   36  391 5821.83000 3952.04113  32.1%   140  320s
H 7160  2680                    5792.8500000 3952.04113  31.8%   140  320s
  7203  2728 4510.34740   49  265 5792.85000 3952.04113  31.8%   141  325s
  7226  2804 4914.68726   77  211 5792.85000 3952.04113  31.8%   142  331s
  7302  2881 5276.99895  112  219 5792.85000 3952.83139  31.8%   142  338s
  7404  3075 4210.76835   32  388 5792.85000 3952.83139  31.8%   142  346s
  7602  3140 4343.26204   35  384 5792.85000 3952.83139  31.8%   141  355s
  7685  3222 5052.73714   47  141 5792.85000 3955.41090  31.7%   142  362s
  7779  3266 4405.50524   32  479 5792.85000 3955.41090  31.7%   143  369s
  7845  3322 4867.76999   52  226 5792.85000 3955.41090  31.7%   143  377s
  7901  3402 5075.06819   86  237 5792.85000 3988.85885  31.1%   144  385s
H 7905  3263                    5715.8500000 3988.85885  30.2%   144  385s
  8000  3339 4371.77384   37  429 5715.85000 3988.85885  30.2%   145  392s
  8097  3385 5569.88589   95   68 5715.85000 3992.35145  30.2%   145  399s
  8143  3385 4441.89534   43  323 5715.85000 3992.35145  30.2%   146  400s
  8166  3463 4424.62968   42  354 5715.85000 3992.35145  30.2%   146  406s
H 8169  3463                    5714.8500000 3992.35145  30.1%   147  406s
  8245  3526 4815.52437   57  142 5714.85000 3992.35145  30.1%   148  414s
H 8316  3168                    5497.8500000 3992.35145  27.4%   149  422s
  8409  3305 4967.19799  101  143 5497.85000 3992.35145  27.4%   149  431s
  8568  3408 5037.70569  131  130 5497.85000 3992.35145  27.4%   149  441s
  8685  3491 5196.11246  173   67 5497.85000 3995.55712  27.3%   150  449s
  8748  3491 5213.16543  205   86 5497.85000 3995.55712  27.3%   150  450s
  8865  3526 4255.94821   44  425 5497.85000 4000.58727  27.2%   150  457s
  8900  3630 4454.02746   51  173 5497.85000 4000.58727  27.2%   151  465s
  9004  3759 4725.46666   80  100 5497.85000 4000.58727  27.2%   152  475s
  9133  3892 4971.18123  110   85 5497.85000 4000.85369  27.2%   152  484s
  9299  3959 4257.82161   48  503 5497.85000 4011.04113  27.0%   152  492s
  9376  4009 4523.98146   65  456 5497.85000 4011.04113  27.0%   153  508s
  9426  4078 5117.59456  101  308 5497.85000 4012.84308  27.0%   154  516s
H 9496  3263                    5288.9600000 4016.75995  24.1%   155  517s
  9520  3307 4285.41513   35  383 5288.96000 4016.75995  24.1%   155  525s
  9580  3361 4727.43928   64  315 5288.96000 4017.08295  24.0%   156  533s
  9655  3420 4468.67188   44  492 5288.96000 4018.48729  24.0%   157  541s
  9714  3454 5162.24925   68  316 5288.96000 4018.59351  24.0%   158  549s
  9764  3510 4635.73374   38  373 5288.96000 4019.76039  24.0%   160  558s
  9841  3550 4295.74717   31  331 5288.96000 4020.65418  24.0%   161  567s
  9881  3584 4677.48748   41  217 5288.96000 4020.65418  24.0%   163  577s
H 9885  3426                    5253.0500000 4020.65418  23.5%   163  577s
  9915  3539 4715.89215   43  167 5253.05000 4020.65418  23.5%   163  586s
 10028  3666 4978.07663   80  142 5253.05000 4023.77028  23.4%   164  596s
 10202  3735 4396.86350   45  430 5253.05000 4040.11426  23.1%   165  607s
 10294  3789 4305.69527   33  343 5253.05000 4041.84086  23.1%   166  616s
 10367  3847 4333.79572   46  519 5253.05000 4041.84086  23.1%   167  625s
 10429  3926 4699.91573   51  386 5253.05000 4042.23786  23.0%   169  635s
 10530  4008 4449.95566   47  421 5253.05000 4044.25251  23.0%   170  645s
 10633  4092 4197.42191   29  425 5253.05000 4049.25705  22.9%   171  655s
 10742  4176 4329.99179   31  483 5253.05000 4049.25705  22.9%   172  665s
 10826  4264 5198.45785   70  207 5253.05000 4058.86699  22.7%   173  676s
 10932  4337 4558.88328   62  385 5253.05000 4059.25590  22.7%   174  685s
 11014  4463 4375.88985   38  195 5253.05000 4059.25590  22.7%   175  696s
 11150  4539 5178.84347   90  115 5253.05000 4060.25086  22.7%   175  707s
 11239  4591 5198.61256   46  119 5253.05000 4070.06149  22.5%   177  717s
 11317  4649 4780.87738   56  305 5253.05000 4075.42258  22.4%   178  727s
 11447  4702 4266.72662   36  464 5253.05000 4080.08218  22.3%   179  738s
 11500  4872 4578.89688   45  190 5253.05000 4080.08218  22.3%   180  750s
 11670  5013 5013.70737   83  118 5253.05000 4080.08218  22.3%   181  762s
 11851  5089 4357.78081   36  399 5253.05000 4081.08473  22.3%   181  774s
 11927  5184 4518.42161   48  326 5253.05000 4081.08473  22.3%   182  786s
 12067  5240 4978.29073   61  330 5253.05000 4081.08473  22.3%   183  798s
 12133  5328 4792.41643   77  362 5253.05000 4081.08473  22.3%   184  808s
 12223  5444 4954.12832  102  266 5253.05000 4086.23905  22.2%   186  821s
 12417  5538 4149.78445   33  497 5253.05000 4099.49632  22.0%   186  833s
 12525  5629 4232.26726   37  492 5253.05000 4099.49632  22.0%   187  846s
 12636  5705 4660.52826   73  468 5253.05000 4101.82699  21.9%   188  858s
 12728  5772 4497.49027   33  362 5253.05000 4101.96156  21.9%   189  870s
 12803  5916 4417.52833   35  420 5253.05000 4101.96156  21.9%   190  883s
 12965  5996 4908.52816   83  334 5253.05000 4104.54117  21.9%   191  896s
 13055  6135 4435.74063   42  391 5253.05000 4105.17561  21.9%   191  909s
 13226  6269 4481.70630   39  384 5253.05000 4107.22648  21.8%   192  921s
 13388  6330 4296.56406   33  376 5253.05000 4107.24828  21.8%   192  934s
 13449  6392 4959.95835   60  388 5253.05000 4112.52120  21.7%   193  945s
 13539  6456 4801.43048   54  232 5253.05000 4112.76019  21.7%   194  957s
 13632  6580 4871.52841   37  129 5253.05000 4117.43920  21.6%   195  970s
 13768  6720 4408.06458   41  441 5253.05000 4117.43920  21.6%   196  985s
 13928  6788 5155.45867   71  154 5253.05000 4119.22150  21.6%   195  997s
 14008  6888 4702.04077   58  358 5253.05000 4119.31263  21.6%   196 1008s
 14132  6958 4935.32600   86  356 5253.05000 4120.14565  21.6%   197 1022s
 14228  7055 4881.82890   49  307 5253.05000 4122.64777  21.5%   198 1034s
 14345  7152 5072.57127   67  313 5253.05000 4127.19268  21.4%   199 1047s
 14468  7288 4763.23530   58  177 5253.05000 4128.59975  21.4%   200 1062s
 14632  7412 4411.09287   48  480 5253.05000 4128.59975  21.4%   200 1075s
 14756  7544 5177.19828  111  269 5253.05000 4129.58461  21.4%   201 1088s
 14938  7648 4400.50714   45  451 5253.05000 4134.27628  21.3%   201 1101s
 15053  7719 5104.88320   95  341 5253.05000 4135.63487  21.3%   202 1116s
 15144  7812 4564.27012   41  399 5253.05000 4137.66242  21.2%   203 1130s
 15247  7929 5199.57605   58   94 5253.05000 4138.01169  21.2%   205 1145s
 15418  8008 4264.95348   40  474 5253.05000 4138.96610  21.2%   205 1159s
 15515  8123 4445.13183   45  455 5253.05000 4139.01226  21.2%   206 1172s
 15652  8256 4530.55505   62  389 5253.05000 4140.27558  21.2%   206 1188s
 15795  8349     cutoff  119      5253.05000 4140.66109  21.2%   206 1202s
 15933  8438 4671.73065   61  337 5253.05000 4142.13974  21.1%   207 1216s
 16042  8558 4377.61960   34  389 5253.05000 4143.00695  21.1%   208 1230s
 16176  8669 5177.50418  110  211 5253.05000 4145.81694  21.1%   208 1244s
 16299  8868 5124.10752   73  299 5253.05000 4147.02723  21.1%   209 1259s
 16385  8868 4993.73121   76  142 5253.05000 4147.58885  21.0%   209 1260s
 16556  8944 4612.21864   37  275 5253.05000 4148.47436  21.0%   209 1273s
 16644  9067 4509.73676   56  437 5253.05000 4148.55258  21.0%   209 1288s
 16817  9194 4475.09542   40  128 5253.05000 4150.08437  21.0%   210 1302s
H16961  7422                    5079.9900000 4150.08437  18.3%   211 1317s
 17036  7490     cutoff   86      5079.99000 4150.25594  18.3%   211 1331s
 17155  7574 4367.32106   51  500 5079.99000 4150.30055  18.3%   212 1344s
 17202  7574 4912.35446   78  402 5079.99000 4151.47014  18.3%   212 1345s
 17284  7708 4819.08660   37  286 5079.99000 4152.72002  18.3%   213 1359s
*17403  7665              76    5077.3600000 4152.99777  18.2%   213 1360s
 17443  7791 4963.14689   86  327 5077.36000 4153.11133  18.2%   213 1374s
 17499  7791 4817.21475   51   51 5077.36000 4153.11133  18.2%   213 1375s
 17612  7872     cutoff   67      5077.36000 4155.39109  18.2%   214 1389s
 17727  7979 4679.45008   56  247 5077.36000 4157.04910  18.1%   215 1403s
 17861  8054 4796.07992   71  301 5077.36000 4157.62386  18.1%   215 1417s
 17991  8129 4631.82763   35  220 5077.36000 4159.44920  18.1%   216 1432s
 18126  8255 4285.58017   37  451 5077.36000 4160.24608  18.1%   216 1446s
 18262  8331 5049.28057   99  338 5077.36000 4161.91572  18.0%   217 1461s
 18371  8425 4717.88423   78  292 5077.36000 4162.14524  18.0%   217 1476s
 18493  8535     cutoff   61      5077.36000 4162.56250  18.0%   218 1491s
 18617  8690 4805.64822   71  351 5077.36000 4163.95531  18.0%   218 1509s
 18676  8690 4556.03630   58  218 5077.36000 4164.20104  18.0%   219 1510s
 18792  8828 4852.99642   48  123 5077.36000 4164.86436  18.0%   218 1526s
 19009  8958 4600.63694   50  167 5077.36000 4166.11223  17.9%   219 1542s
 19169  9026     cutoff   42      5077.36000 4166.49870  17.9%   219 1557s
 19281  9123 4870.29934   70  327 5077.36000 4167.12830  17.9%   220 1571s
 19400  9244 4810.75912   71  328 5077.36000 4168.04200  17.9%   221 1586s
 19551  9349 4408.63423   34  340 5077.36000 4169.40220  17.9%   221 1601s
 19676  9479 4501.03938   40  338 5077.36000 4169.74119  17.9%   222 1616s
 19836  9558 4563.98712   30  316 5077.36000 4170.83590  17.9%   222 1630s
 19934  9634 4594.54735   32  260 5077.36000 4172.06250  17.8%   223 1645s
 20054  9760 4561.49303   46  433 5077.36000 4172.22664  17.8%   224 1661s
 20207  9880 4909.64428   72   73 5077.36000 4174.21570  17.8%   225 1676s
 20362  9975 4800.32345   73  395 5077.36000 4174.68134  17.8%   225 1690s
 20475 10074 4582.25248   71  506 5077.36000 4176.66359  17.7%   226 1705s
 20610 10151 4636.89260   53  320 5077.36000 4177.46829  17.7%   227 1722s
 20703 10293 4777.86349   52  400 5077.36000 4177.99816  17.7%   227 1738s
 20879 10393 4532.78923   34  416 5077.36000 4179.06020  17.7%   227 1754s
 21001 10495     cutoff   60      5077.36000 4179.60948  17.7%   228 1769s
 21131 10571 4301.05870   45  378 5077.36000 4179.85251  17.7%   229 1786s
H21175  9843                    5031.3600000 4179.85251  16.9%   229 1787s
 21223  9917 4887.51745   58  431 5031.36000 4180.02173  16.9%   229 1801s
 21352  9980 4733.46835   64  471 5031.36000 4180.74897  16.9%   230 1815s
 21457 10126 4823.68496   53  329 5031.36000 4180.96340  16.9%   231 1831s
 21631 10218 4889.21161   83  364 5031.36000 4181.44945  16.9%   231 1910s
 21751 10354 4285.54379   31  350 5031.36000 4181.98993  16.9%   231 1925s
 21923 10464 4674.52147   50  452 5031.36000 4183.10598  16.9%   231 1941s
 22057 10554 4745.90115   60  381 5031.36000 4183.58276  16.8%   232 1958s
 22170 10694 4499.91254   44  383 5031.36000 4184.25370  16.8%   233 1973s
 22339 10793 4971.10123   72  323 5031.36000 4185.72954  16.8%   234 1991s
 22484 10871 4778.37437   58  428 5031.36000 4188.55042  16.8%   234 2007s
 22610 10997 4592.09137   57  449 5031.36000 4190.32359  16.7%   235 2023s
 22764 11091 4982.76199   42  156 5031.36000 4190.71249  16.7%   236 2039s
 22857 11091 4582.11521   45  290 5031.36000 4191.15458  16.7%   236 2040s
 22925 11206 4976.73939   75  352 5031.36000 4191.51756  16.7%   236 2055s
 23084 11374 4759.78383   78  272 5031.36000 4192.55075  16.7%   237 2072s
 23295 11490 4589.59601   54  420 5031.36000 4194.69820  16.6%   237 2089s
 23362 11490 4529.50344   42  375 5031.36000 4195.03977  16.6%   237 2090s
 23443 11596 4367.19565   44  403 5031.36000 4195.03977  16.6%   237 2107s
 23596 11664 4896.96980   59  248 5031.36000 4195.65599  16.6%   238 2122s
 23742 11751 4381.53228   39  325 5031.36000 4195.93520  16.6%   239 2139s
 23798 11751 4490.63906   42  439 5031.36000 4196.17169  16.6%   239 2140s
 23857 11902     cutoff   47      5031.36000 4197.08732  16.6%   240 2154s
 24035 11993 4393.72871   37  210 5031.36000 4197.54260  16.6%   240 2171s
 24168 12097 4273.49919   34  451 5031.36000 4198.12904  16.6%   241 2186s
 24308 12230 4684.80359   37  356 5031.36000 4199.26283  16.5%   241 2203s
 24469 12341 4863.35421   82  309 5031.36000 4199.37938  16.5%   242 2218s
 24606 12454 4591.55405   45  356 5031.36000 4200.54360  16.5%   242 2234s
 24766 12561 4525.86136   43  423 5031.36000 4204.51970  16.4%   243 2251s
 24899 12723 4695.70908   48  111 5031.36000 4204.75465  16.4%   243 2269s
 25009 12723 4905.63334   41  101 5031.36000 4204.75465  16.4%   243 2270s
 25144 12847 4370.67562   37  399 5031.36000 4206.93433  16.4%   243 2285s
 25291 12969 4542.33828   38  312 5031.36000 4206.98836  16.4%   244 2301s
 25437 13125 4791.96872   69  381 5031.36000 4208.36874  16.4%   244 2318s
 25635 13241 4506.92054   33  272 5031.36000 4209.53689  16.3%   244 2336s
 25797 13348 4350.58687   42  392 5031.36000 4210.24726  16.3%   245 2353s
 25928 13490 4521.02490   53  357 5031.36000 4211.13617  16.3%   245 2371s
 26159 13631 infeasible   60      5031.36000 4211.50193  16.3%   245 2388s
 26346 13749 4375.04492   37  315 5031.36000 4212.59796  16.3%   246 2405s
 26490 13875 4756.93278   56  339 5031.36000 4212.91611  16.3%   246 2422s
 26654 13977 4459.74737   36  359 5031.36000 4214.04254  16.2%   246 2438s
 26817 14094 4915.87573   60  267 5031.36000 4214.32820  16.2%   247 2454s
 26904 14094 infeasible   61      5031.36000 4214.32820  16.2%   247 2455s
 26986 14152     cutoff   63      5031.36000 4215.00679  16.2%   247 2470s
 27086 14238 4693.40856   47  292 5031.36000 4216.30980  16.2%   248 2486s
 27234 14354 4513.27262   47  244 5031.36000 4216.85129  16.2%   249 2503s
 27383 14454 4440.44978   39  395 5031.36000 4216.94965  16.2%   249 2520s
 27509 14576 5008.04090   47  303 5031.36000 4217.17907  16.2%   250 2536s
 27689 14660 4494.64251   44  376 5031.36000 4219.07525  16.1%   250 2552s
 27801 14745 4741.81773   39  405 5031.36000 4219.25967  16.1%   251 2568s
 27930 14895 4505.19605   48  352 5031.36000 4220.79572  16.1%   251 2585s
 28112 15039 4990.95377   77  404 5031.36000 4220.99971  16.1%   251 2602s
 28296 15138 4545.61585   55  158 5031.36000 4221.28740  16.1%   252 2620s
 28459 15235 4414.58039   43  435 5031.36000 4222.27440  16.1%   252 2636s
 28604 15334 4423.81920   35  238 5031.36000 4223.51418  16.1%   253 2653s
 28735 15420 4379.28892   45  539 5031.36000 4224.88757  16.0%   253 2670s
 28873 15572 4468.59947   49  422 5031.36000 4225.96546  16.0%   254 2688s
 29062 15731 4361.84489   43  353 5031.36000 4226.23237  16.0%   254 2705s
 29264 15835     cutoff   69      5031.36000 4227.67495  16.0%   254 2722s
 29411 15933 4845.92310   83  403 5031.36000 4228.07423  16.0%   255 2739s
 29530 16023 4802.81555   51  196 5031.36000 4228.24630  16.0%   255 2756s
 29654 16124 4705.90562   68  443 5031.36000 4228.88354  15.9%   256 2773s
 29773 16241 4837.42229   67  312 5031.36000 4228.99932  15.9%   256 2791s
 29933 16351 4349.80456   39  400 5031.36000 4230.13719  15.9%   257 2809s
 30084 16468 4806.87736   58  333 5031.36000 4230.68931  15.9%   257 2827s
 30260 16589 4760.09889   60  240 5031.36000 4231.39006  15.9%   257 2845s
 30419 16716 4566.27038   57  346 5031.36000 4231.63356  15.9%   258 2862s
 30568 16827 4897.75602   51  366 5031.36000 4232.33945  15.9%   258 2879s
 30639 16827 4977.62048   53  378 5031.36000 4233.56622  15.9%   258 2880s
 30711 16934 4525.15478   46  345 5031.36000 4233.65478  15.9%   259 2896s
 30864 17032 4512.85865   53  301 5031.36000 4235.19156  15.8%   259 2915s
 30996 17159 4802.67052   65  305 5031.36000 4236.32149  15.8%   260 2933s
 31179 17279 4579.15977   34  137 5031.36000 4236.50163  15.8%   260 2952s
 31346 17448 4898.43190   57  279 5031.36000 4237.14213  15.8%   261 2970s
 31566 17619 4390.07014   36  420 5031.36000 4239.51861  15.7%   261 2988s
 31773 17794 4396.39423   36  234 5031.36000 4239.94892  15.7%   261 3007s
 31970 17938 4891.53094   89   84 5031.36000 4240.16132  15.7%   261 3025s
 32176 18051 4693.46364   43  380 5031.36000 4241.40587  15.7%   261 3043s
 32339 18175 4753.58387   62  277 5031.36000 4242.35520  15.7%   261 3060s
 32501 18279 4449.98123   36  409 5031.36000 4242.73744  15.7%   262 3078s
 32657 18400 4555.71224   42  220 5031.36000 4243.00085  15.7%   262 3097s
 32812 18486 4555.17932   46  458 5031.36000 4243.19580  15.7%   262 3115s
 32922 18600 4644.84297   51  392 5031.36000 4243.69361  15.7%   263 3133s
 33090 18684     cutoff   49      5031.36000 4244.12543  15.6%   264 3150s
 33228 18787 4559.30635   49  337 5031.36000 4244.74474  15.6%   264 3167s
 33367 18883 4700.25610   35  345 5031.36000 4245.52367  15.6%   265 3189s
 33432 18883 4858.33933   72  390 5031.36000 4246.29234  15.6%   265 3190s
 33497 19007 4805.91887   44  336 5031.36000 4246.29698  15.6%   265 3208s
 33665 19132 4465.72939   33  399 5031.36000 4246.85412  15.6%   265 3226s
 33812 19196 4835.25657   54  168 5031.36000 4247.18881  15.6%   266 3256s
 33890 19314     cutoff   78      5031.36000 4247.42658  15.6%   266 3273s
 34062 19386     cutoff   59      5031.36000 4248.04292  15.6%   266 3290s
 34182 19507 4449.92458   28  366 5031.36000 4249.20405  15.5%   266 3308s
 34349 19692 4435.44019   36  249 5031.36000 4249.69722  15.5%   267 3326s
 34574 19828 4515.60889   35  352 5031.36000 4250.03373  15.5%   267 3345s
 34759 19985 4590.34276   58  280 5031.36000 4250.95412  15.5%   267 3364s
 34825 19985 4856.77916   57  254 5031.36000 4250.95412  15.5%   267 3365s
 34976 20104 4317.72889   35  440 5031.36000 4251.64171  15.5%   267 3383s
 35117 20221 4873.84133   62  382 5031.36000 4252.09898  15.5%   268 3401s
 35329 20342 4503.39984   42  509 5031.36000 4252.53376  15.5%   268 3422s
 35466 20499 4717.39730   64  334 5031.36000 4252.68608  15.5%   268 3440s
 35670 20642 4758.15643   54  326 5031.36000 4253.65624  15.5%   268 3459s
 35859 20756     cutoff   56      5031.36000 4254.75407  15.4%   268 3478s
 36017 20871 4873.74630   60  269 5031.36000 4255.34949  15.4%   268 3496s
 36166 21055 4511.61910   38  212 5031.36000 4255.77865  15.4%   269 3516s
 36421 21200 4635.12457   45  266 5031.36000 4255.95927  15.4%   269 3536s
 36642 21325 4948.26058   61  137 5031.36000 4256.72533  15.4%   269 3554s
 36838 21460 4500.95401   43  218 5031.36000 4257.85330  15.4%   269 3572s
 37004 21594 4417.97788   37  278 5031.36000 4258.17426  15.4%   269 3591s
 37184 21643 4441.42363   40  459 5031.36000 4258.65102  15.4%   269 3600s

Cutting planes:
  User: 4572
  Gomory: 22
  Cover: 377
  Implied bound: 49
  Projected implied bound: 1
  Clique: 4
  MIR: 139
  Flow cover: 422
  Inf proof: 1
  Zero half: 11
  Network: 5
  RLT: 299
  Relax-and-lift: 9
  Lazy constraints: 603

Explored 37243 nodes (10047588 simplex iterations) in 3600.48 seconds
Thread count was 2 (of 32 available processors)

Solution count 10: 5031.36 5077.36 5079.99 ... 5821.83

Time limit reached
Best objective 5.031360000000e+03, best bound 4.258651022094e+03, gap 15.3579%

User-callback calls 389266, time in user-callback 239.87 sec
================================================================================
executing instance: ./input/Instances/Original/4/absH3low_3n10.dat
--------------------------------------------------------------------------------
Instance details
n	11
H	3
C	687
Li:
[0, 0, 0, 0, 0, 0, 0, 0, 0, 0, 0, ]
Ui:
[0, 189, 44, 174, 78, 36, 198, 117, 42, 96, 240, ]
Distance matrix:
|0	209	255	286	142	156	285	317	182	161	135	|
|209	0	464	451	315	356	490	469	361	299	260	|
|255	464	0	221	202	130	74	280	189	254	273	|
|286	451	221	0	145	156	164	479	354	153	192	|
|142	315	202	145	0	73	194	388	250	53	73	|
|156	356	130	156	73	0	134	332	200	127	144	|
|285	490	74	164	194	134	0	353	256	239	267	|
|317	469	280	479	388	332	353	0	141	436	430	|
|182	361	189	354	250	200	256	141	0	296	289	|
|161	299	254	153	53	127	239	436	296	0	39	|
|135	260	273	192	73	144	267	430	289	39	0	|

--------------------------------------------------------------------------------
Building model...
	using lazy and cut (CVRPSEP package)
Solving IRP LP...
--------------------------------------------------------------------------------

Gurobi 9.1.0 (linux64) logging started Sun Jan 10 02:32:13 2021

Gurobi Optimizer version 9.1.0 build v9.1.0rc0 (linux64)
Thread count: 32 physical cores, 32 logical processors, using up to 2 threads
Optimize a model with 449 rows, 1184 columns and 3332 nonzeros
Model fingerprint: 0xa5500b7d
Variable types: 194 continuous, 990 integer (165 binary)
Coefficient statistics:
  Matrix range     [1e+00, 2e+02]
  Objective range  [1e-02, 5e+02]
  Bounds range     [1e+00, 2e+02]
  RHS range        [2e+01, 1e+03]
Presolve removed 83 rows and 158 columns
Presolve time: 0.01s
Presolved: 366 rows, 1026 columns, 2620 nonzeros
Variable types: 168 continuous, 858 integer (720 binary)
Found heuristic solution: objective 4816.3300000

Root relaxation: objective 2.076284e+03, 595 iterations, 0.02 seconds

    Nodes    |    Current Node    |     Objective Bounds      |     Work
 Expl Unexpl |  Obj  Depth IntInf | Incumbent    BestBd   Gap | It/Node Time

     0     0 2076.28396    0   52 4816.33000 2076.28396  56.9%     -    0s
     0     0 2333.82236    0   46 4816.33000 2333.82236  51.5%     -    0s
H    0     0                    4593.0700000 2333.82236  49.2%     -    0s
     0     0 2352.43149    0   45 4593.07000 2352.43149  48.8%     -    0s
     0     0 2374.64581    0   52 4593.07000 2374.64581  48.3%     -    0s
     0     0 2450.70775    0   66 4593.07000 2450.70775  46.6%     -    0s
H    0     0                    4510.4900000 2450.70775  45.7%     -    0s
     0     0 2614.30452    0   86 4510.49000 2614.30452  42.0%     -    0s
     0     0 2687.08099    0   62 4510.49000 2687.08099  40.4%     -    0s
     0     0 2687.12560    0   73 4510.49000 2687.12560  40.4%     -    0s
     0     0 2769.18865    0   80 4510.49000 2769.18865  38.6%     -    0s
     0     0 2778.73823    0   90 4510.49000 2778.73823  38.4%     -    0s
     0     0 2781.90528    0   92 4510.49000 2781.90528  38.3%     -    0s
     0     0 2782.45513    0   77 4510.49000 2782.45513  38.3%     -    0s
     0     0 2821.09779    0   92 4510.49000 2821.09779  37.5%     -    0s
     0     0 2826.25803    0   85 4510.49000 2826.25803  37.3%     -    0s
     0     0 2827.64959    0   73 4510.49000 2827.64959  37.3%     -    0s
     0     0 2835.64086    0  113 4510.49000 2835.64086  37.1%     -    0s
     0     0 2835.73004    0  118 4510.49000 2835.73004  37.1%     -    0s
     0     0 2889.12292    0  120 4510.49000 2889.12292  35.9%     -    0s
H    0     0                    4505.4900000 2889.12292  35.9%     -    0s
     0     0 2889.41238    0  129 4505.49000 2889.41238  35.9%     -    0s
     0     0 2930.20702    0  103 4505.49000 2930.20702  35.0%     -    0s
     0     0 2933.83630    0  122 4505.49000 2933.83630  34.9%     -    0s
     0     0 2935.59781    0  126 4505.49000 2935.59781  34.8%     -    0s
     0     0 2935.77690    0  130 4505.49000 2935.77690  34.8%     -    0s
     0     0 2982.32030    0  107 4505.49000 2982.32030  33.8%     -    0s
     0     0 2982.74107    0  111 4505.49000 2982.74107  33.8%     -    0s
     0     0 3024.17276    0  110 4505.49000 3024.17276  32.9%     -    0s
H    0     0                    4257.4900000 3024.17276  29.0%     -    0s
     0     0 3026.00749    0  106 4257.49000 3026.00749  28.9%     -    0s
     0     0 3026.68683    0  113 4257.49000 3026.68683  28.9%     -    0s
     0     0 3046.71986    0   90 4257.49000 3046.71986  28.4%     -    0s
H    0     0                    4147.1000000 3046.71986  26.5%     -    0s
     0     0 3046.75901    0  113 4147.10000 3046.75901  26.5%     -    0s
     0     0 3057.94306    0   88 4147.10000 3057.94306  26.3%     -    0s
     0     0 3058.07557    0   74 4147.10000 3058.07557  26.3%     -    0s
     0     2 3060.07557    0  104 4147.10000 3060.07557  26.2%     -    1s
H   10    10                    3861.3600000 3126.89244  19.0%   159    1s
H   29    29                    3828.3600000 3126.89244  18.3%  76.8    1s
H  511   442                    3827.1000000 3175.44119  17.0%  49.7    4s
   722   592 3333.39932   35   74 3827.10000 3175.44119  17.0%  51.4    5s
H  827   617                    3712.3200000 3193.54134  14.0%  65.6    7s
  1115   698 3486.29740   38   23 3712.32000 3198.14026  13.9%  73.8   10s
  1856   918 3391.52574   25   42 3712.32000 3240.52568  12.7%  78.1   15s
  2920  1236 3365.50813   23   63 3712.32000 3263.32712  12.1%  73.0   20s
  3954  1726 3594.55227   30   61 3712.32000 3283.76322  11.5%  70.9   25s
  5006  2147 3640.42424   30   66 3712.32000 3321.19088  10.5%  70.7   30s
H 5907  2446                    3712.3197290 3336.26125  10.1%  69.8   34s
  5967  2524 3577.83432   32   58 3712.31973 3337.66690  10.1%  69.7   35s
  7183  2942 3648.30000   40   24 3712.31973 3353.88419  9.66%  68.5   40s
  8385  3411 3443.27796   27   42 3712.31973 3369.45451  9.24%  67.2   45s
  9671  3941 infeasible   29      3712.31973 3377.83456  9.01%  65.9   50s
 10937  4318 3503.83367   25   43 3712.31973 3386.34561  8.78%  64.7   55s
 12448  4832 3555.19740   27   60 3712.31973 3396.55657  8.51%  62.7   60s
 13704  5214 infeasible   24      3712.31973 3405.85350  8.26%  61.9   65s
