




arguments: ./build/mirp_solver -f ./input/orig_exec_109.cfg
Current dir: /scratch/gui/bnc_mirp
File verbosity level: 9
date       time         ( uptime  ) [ thread name/id ]                   file:line     v| 
2021-01-09 22:20:41.344 (   0.463s) [main thread     ]             loguru.cpp:789   INFO| Logging to './output/vi_hc1_quarter/OU/V5/Original/execution_09_01_2021_22_20_41.log', mode: 'a', verbosity: 9
--------------------------------------------------------------------------------
Parameters
                           instance_path           ./input/Instances/Original/3/
                            model_policy                                       1
                             nb_vehicles                                       5
                              output_dir ./output/vi_hc1_quarter/OU/V5/Original/
                            sec_strategy                                       1
                       solver_nb_threads                                       2
                         solver_show_log                                    true
                       solver_time_limit                                    3600
                              use_vi_cos                                   false
                              use_vi_cus                                   false
                         use_vi_hc1_full                                   false
                         use_vi_hc1_half                                   false
                      use_vi_hc1_quarter                                    true
                              use_vi_hc2                                   false
                              use_vi_hc3                                   false
                         use_vi_lex_full                                   false
                         use_vi_lex_half                                   false
                      use_vi_lex_quarter                                   false
                              use_vi_qua                                   false
                               use_vi_vc                                   false
                               use_vi_vr                                   false
--------------------------------------------------------------------------------
executing instance: ./input/Instances/Original/3/absH3low_2n5.dat
--------------------------------------------------------------------------------
Instance details
n	6
H	3
C	237
Li:
[0, 0, 0, 0, 0, 0, ]
Ui:
[0, 93, 180, 51, 114, 24, ]
Distance matrix:
|0	170	318	35	112	235	|
|170	0	311	205	258	301	|
|318	311	0	326	278	137	|
|35	205	326	0	89	230	|
|112	258	278	89	0	160	|
|235	301	137	230	160	0	|

--------------------------------------------------------------------------------
Building model...
	using lazy and cut (CVRPSEP package)
Solving IRP LP...
--------------------------------------------------------------------------------

Gurobi 9.1.0 (linux64) logging started Sat Jan  9 22:20:41 2021

Gurobi Optimizer version 9.1.0 build v9.1.0rc0 (linux64)
Thread count: 32 physical cores, 32 logical processors, using up to 2 threads
Optimize a model with 237 rows, 414 columns and 1305 nonzeros
Model fingerprint: 0xe61cff44
Variable types: 99 continuous, 315 integer (90 binary)
Coefficient statistics:
  Matrix range     [1e+00, 2e+02]
  Objective range  [1e-02, 3e+02]
  Bounds range     [1e+00, 2e+02]
  RHS range        [1e+01, 5e+02]
Presolve removed 24 rows and 33 columns
Presolve time: 0.00s

Explored 0 nodes (0 simplex iterations) in 0.00 seconds
Thread count was 1 (of 32 available processors)

Solution count 0

Model is infeasible
Best objective -, best bound -, gap -

User-callback calls 31, time in user-callback 0.00 sec

Computing Irreducible Inconsistent Subsystem (IIS)...

           Constraints          |            Bounds           |  Runtime
      Min       Max     Guess   |   Min       Max     Guess   |
--------------------------------------------------------------------------
        0       237         -         0       569         -           0s
       36        36         -        61        61         -           0s

IIS computed: 36 constraints, 61 bounds
IIS runtime: 0.40 seconds
================================================================================
executing instance: ./input/Instances/Original/3/absH3high_5n30.dat
--------------------------------------------------------------------------------
Instance details
n	31
H	3
C	2296
Li:
[0, 0, 0, 0, 0, 0, 0, 0, 0, 0, 0, 0, 0, 0, 0, 0, 0, 0, 0, 0, 0, 0, 0, 0, 0, 0, 0, 0, 0, 0, 0, ]
Ui:
[0, 80, 90, 297, 28, 264, 123, 192, 112, 32, 72, 88, 294, 129, 126, 105, 110, 237, 246, 92, 72, 147, 54, 96, 128, 96, 84, 28, 74, 196, 192, ]
Distance matrix:
|0	87	302	65	389	171	219	120	412	339	129	63	169	401	383	158	393	161	246	275	64	287	345	235	13	274	106	201	85	358	135	|
|87	0	334	128	402	212	301	204	465	384	187	145	232	424	454	238	475	245	289	352	80	307	352	321	81	352	20	261	170	376	215	|
|302	334	0	239	113	132	237	334	157	70	404	263	162	105	227	229	339	251	65	217	259	53	107	352	293	220	339	134	270	75	235	|
|65	128	239	0	330	107	175	130	348	275	174	40	107	339	326	114	351	125	181	224	58	228	290	222	58	224	143	138	65	297	92	|
|389	402	113	330	0	226	349	438	210	151	502	360	269	48	316	339	441	362	175	328	335	102	55	465	377	330	401	245	371	37	342	|
|171	212	132	107	226	0	169	214	253	173	276	134	64	233	261	130	326	153	77	188	133	125	192	264	162	190	220	68	145	193	125	|
|219	301	237	175	349	169	0	157	257	223	244	157	105	334	180	62	175	61	177	63	233	264	334	118	221	61	317	112	136	312	85	|
|120	204	334	130	438	214	157	0	402	348	88	90	173	438	336	115	307	100	269	220	172	338	406	122	130	218	224	204	69	403	101	|
|412	465	157	348	210	253	257	402	0	88	486	359	245	166	129	287	266	303	178	204	386	208	239	370	406	207	473	212	354	187	304	|
|339	384	70	275	151	173	223	348	88	0	427	291	179	120	166	234	290	254	96	187	306	123	166	342	332	190	391	145	291	119	247	|
|129	187	404	174	502	276	244	88	486	427	0	142	248	508	424	200	390	187	342	308	193	400	464	192	142	306	207	281	136	469	182	|
|63	145	263	40	360	134	157	90	359	291	142	0	114	366	321	95	331	99	202	212	90	258	323	186	65	211	163	148	27	327	72	|
|169	232	162	107	269	64	105	173	245	179	248	114	0	266	222	71	268	94	97	131	155	173	244	203	164	132	245	34	113	233	73	|
|401	424	105	339	48	233	334	438	166	120	508	366	266	0	280	332	409	355	169	305	353	117	96	452	391	308	425	237	374	49	339	|
|383	454	227	326	316	261	180	336	129	166	424	321	222	280	0	231	137	238	208	116	376	277	331	272	381	118	467	197	307	285	253	|
|158	238	229	114	339	130	62	115	287	234	200	95	71	332	231	0	238	23	164	118	171	243	314	134	159	117	255	95	77	302	23	|
|393	475	339	351	441	326	175	307	266	290	390	331	268	409	137	238	0	232	300	138	408	383	445	204	395	136	492	258	308	406	260	|
|161	245	251	125	362	153	61	100	303	254	187	99	94	355	238	23	232	0	187	123	183	267	338	111	164	121	262	117	77	325	34	|
|246	289	65	181	175	77	177	269	178	96	342	202	97	169	208	164	300	187	0	168	210	87	157	290	238	171	296	70	206	138	170	|
|275	352	217	224	328	188	63	220	204	187	308	212	131	305	116	118	138	123	168	0	279	255	322	166	275	3	367	120	195	291	141	|
|64	80	259	58	335	133	233	172	386	306	193	90	155	353	376	171	408	183	210	279	0	236	289	276	51	279	90	182	117	307	150	|
|287	307	53	228	102	125	264	338	208	123	400	258	173	117	277	243	383	267	87	255	236	0	71	374	276	257	308	153	270	71	245	|
|345	352	107	290	55	192	334	406	239	166	464	323	244	96	331	314	445	338	157	322	289	71	0	445	334	325	350	224	337	54	315	|
|235	321	352	222	465	264	118	122	370	342	192	186	203	452	272	134	204	111	290	166	276	374	445	0	243	164	341	221	159	428	142	|
|13	81	293	58	377	162	221	130	406	332	142	65	164	391	381	159	395	164	238	275	51	276	334	243	0	274	100	196	89	347	136	|
|274	352	220	224	330	190	61	218	207	190	306	211	132	308	118	117	136	121	171	3	279	257	325	164	274	0	367	122	194	294	140	|
|106	20	339	143	401	220	317	224	473	391	207	163	245	425	467	255	492	262	296	367	90	308	350	341	100	367	0	272	188	377	232	|
|201	261	134	138	245	68	112	204	212	145	281	148	34	237	197	95	258	117	70	120	182	153	224	221	196	122	272	0	146	208	103	|
|85	170	270	65	371	145	136	69	354	291	136	27	113	374	307	77	308	77	206	195	117	270	337	159	89	194	188	146	0	337	54	|
|358	376	75	297	37	193	312	403	187	119	469	327	233	49	285	302	406	325	138	291	307	71	54	428	347	294	377	208	337	0	306	|
|135	215	235	92	342	125	85	101	304	247	182	72	73	339	253	23	260	34	170	141	150	245	315	142	136	140	232	103	54	306	0	|

--------------------------------------------------------------------------------
Building model...
	using lazy and cut (CVRPSEP package)
Solving IRP LP...
--------------------------------------------------------------------------------

Gurobi 9.1.0 (linux64) logging started Sat Jan  9 22:20:42 2021

Gurobi Optimizer version 9.1.0 build v9.1.0rc0 (linux64)
Thread count: 32 physical cores, 32 logical processors, using up to 2 threads
Optimize a model with 1309 rows, 8014 columns and 19132 nonzeros
Model fingerprint: 0xbd630f72
Variable types: 574 continuous, 7440 integer (465 binary)
Coefficient statistics:
  Matrix range     [1e+00, 5e+02]
  Objective range  [1e-01, 5e+02]
  Bounds range     [1e+00, 3e+02]
  RHS range        [1e+01, 4e+03]
Presolve removed 227 rows and 973 columns
Presolve time: 0.04s
Presolved: 1082 rows, 7041 columns, 15969 nonzeros
Variable types: 500 continuous, 6541 integer (6120 binary)

Root relaxation: objective 9.105550e+03, 1388 iterations, 0.04 seconds

    Nodes    |    Current Node    |     Objective Bounds      |     Work
 Expl Unexpl |  Obj  Depth IntInf | Incumbent    BestBd   Gap | It/Node Time

     0     0 9105.55048    0  107          - 9105.55048      -     -    0s
     0     0 9362.80607    0  127          - 9362.80607      -     -    0s
     0     0 9385.04853    0  108          - 9385.04853      -     -    0s
     0     0 9686.43713    0  176          - 9686.43713      -     -    0s
     0     0 9790.95142    0  172          - 9790.95142      -     -    0s
     0     0 9792.82313    0  181          - 9792.82313      -     -    0s
     0     0 9792.82313    0  179          - 9792.82313      -     -    0s
     0     0 9928.72074    0  189          - 9928.72074      -     -    0s
     0     0 9931.51713    0  179          - 9931.51713      -     -    0s
     0     0 9931.54942    0  187          - 9931.54942      -     -    0s
     0     0 9964.80429    0  287          - 9964.80429      -     -    1s
     0     0 9971.78538    0  332          - 9971.78538      -     -    1s
     0     0 9973.34746    0  332          - 9973.34746      -     -    1s
     0     0 9973.71607    0  319          - 9973.71607      -     -    1s
     0     0 10026.8852    0  303          - 10026.8852      -     -    1s
     0     0 10036.5715    0  391          - 10036.5715      -     -    1s
     0     0 10038.1670    0  371          - 10038.1670      -     -    1s
     0     0 10038.7364    0  367          - 10038.7364      -     -    1s
     0     0 10053.8123    0  301          - 10053.8123      -     -    1s
     0     0 10062.1873    0  315          - 10062.1873      -     -    1s
     0     0 10063.4789    0  333          - 10063.4789      -     -    2s
     0     0 10064.2495    0  334          - 10064.2495      -     -    2s
     0     0 10077.9475    0  378          - 10077.9475      -     -    2s
     0     0 10080.0557    0  408          - 10080.0557      -     -    2s
     0     0 10081.0219    0  398          - 10081.0219      -     -    2s
     0     0 10088.2403    0  372          - 10088.2403      -     -    2s
     0     0 10088.2403    0  364          - 10088.2403      -     -    3s
     0     2 10090.4076    0  356          - 10090.4076      -     -    3s
    31    34 10115.7642   12  358          - 10099.3472      -   274    5s
   104   107 10498.4658   33  322          - 10099.3472      -   364   10s
   272   278 11216.5889   88  164          - 10099.3472      -   249   15s
   587   579 14315.4491  228   72          - 10099.3472      -   160   20s
*  706   731             273    14955.780000 10105.8258  32.4%   140   22s
   815   763 10180.2035    7  334 14955.7800 10105.8258  32.4%   129   25s
H  843   732                    14943.780000 10105.8258  32.4%   129   27s
H  857   704                    14821.900000 10123.4162  31.7%   127   30s
H  868   675                    14452.140000 10153.1206  29.7%   125   32s
   878   682 11299.1792   71  518 14452.1400 10158.3921  29.7%   124   35s
   898   695 10613.9004   43  492 14452.1400 10170.7331  29.6%   121   40s
H  905   664                    14296.140000 10171.4480  28.9%   120   49s
   907   668 10181.1843   15  453 14296.1400 10180.4260  28.8%   136   50s
   940   690 10313.3363   24  395 14296.1400 10239.3199  28.4%   156   55s
   984   722 10468.0470   35  272 14296.1400 10239.3199  28.4%   171   60s
  1037   760 10569.3158   48  338 14296.1400 10239.3199  28.4%   185   65s
  1104   804 10701.4683   62  316 14296.1400 10239.3199  28.4%   193   70s
  1182   866 10968.3007   77  161 14296.1400 10239.3199  28.4%   200   75s
  1261   926 11327.5510   94  192 14296.1400 10239.3199  28.4%   202   80s
  1377  1019 11700.7358  117  144 14296.1400 10239.3199  28.4%   202   85s
  1496  1087 12096.9776  144  186 14296.1400 10239.3199  28.4%   200   90s
  1606  1190 12537.7074  169   99 14296.1400 10239.3199  28.4%   197   95s
  1803  1256     cutoff  225      14296.1400 10240.4854  28.4%   185  101s
* 1804  1220             222    13993.270000 10240.4854  26.8%   185  101s
  1876  1209 10327.3865   24  413 13993.2700 10241.3390  26.8%   188  105s
  1901  1225 10370.1072   30  394 13993.2700 10241.3390  26.8%   193  110s
  1930  1249 10523.9315   36  393 13993.2700 10241.3390  26.8%   199  115s
  1966  1278 10493.7930   44  348 13993.2700 10241.3390  26.8%   204  127s
  1996  1303 10664.0737   50  288 13993.2700 10241.3390  26.8%   207  131s
  2035  1331 10712.0925   57  299 13993.2700 10241.3390  26.8%   209  135s
  2091  1374 10840.7390   66  237 13993.2700 10241.3390  26.8%   211  143s
  2121  1367 10953.2035   71  243 13993.2700 10241.3390  26.8%   212  148s
  2124  1416 10976.0955   72  243 13993.2700 10241.3390  26.8%   212  151s
  2208  1501 11949.7913  128  112 13993.2700 10241.3390  26.8%   212  155s
  2368  1539 11713.5764   94  116 13993.2700 10241.3390  26.8%   205  161s
  2444  1597 12312.9989  127  156 13993.2700 10241.3390  26.8%   207  167s
  2483  1658 12706.4285  143  127 13993.2700 10241.3390  26.8%   209  170s
  2603  1641 10411.5856   19  307 13993.2700 10269.1789  26.6%   208  177s
  2614  1652 10353.3926   22  446 13993.2700 10269.1789  26.6%   210  180s
  2645  1680 10504.5551   27  378 13993.2700 10269.1789  26.6%   215  186s
  2686  1704 10581.2229   37  301 13993.2700 10269.1789  26.6%   219  192s
  2705  1716 10620.6938   40  319 13993.2700 10269.1789  26.6%   221  195s
  2745  1752 10801.8506   51  277 13993.2700 10269.1789  26.6%   226  202s
  2772  1784 10905.1303   54  287 13993.2700 10269.1789  26.6%   227  205s
  2825  1804 11357.8417   74  199 13993.2700 10269.1789  26.6%   228  210s
  2895  1918 11268.3946   74  258 13993.2700 10269.1789  26.6%   229  218s
  2955  1973 11369.3361   82  162 13993.2700 10269.1789  26.6%   229  224s
  3010  2140 11582.4255   90  185 13993.2700 10269.1789  26.6%   228  230s
  3226  2175 11756.6827   96  141 13993.2700 10269.1789  26.6%   220  236s
  3244  2292 11974.8022  101  150 13993.2700 10269.1789  26.6%   220  241s
  3401  2424 12120.4542  129   71 13993.2700 10269.1789  26.6%   215  255s
  3587  2487 13495.5405  168   25 13993.2700 10311.5237  26.3%   207  261s
  3706  2513 10693.0629   32  414 13993.2700 10312.1748  26.3%   204  266s
  3728  2566 11041.9152   43  381 13993.2700 10312.1748  26.3%   207  271s
  3781  2694 11367.6268   67  337 13993.2700 10312.1748  26.3%   207  278s
  3919  2774 11968.2997  122  183 13993.2700 10316.6358  26.3%   205  287s
  4031  2801 10543.5181   19  385 13993.2700 10316.6358  26.3%   203  293s
  4058  2850 10932.0043   31  312 13993.2700 10316.6358  26.3%   205  298s
  4107  2959 11579.0961   54  306 13993.2700 10316.6358  26.3%   207  305s
  4218  3140 13062.0233  115  134 13993.2700 10316.6946  26.3%   206  314s
  4275  3140 13813.8124  170   31 13993.2700 10316.6946  26.3%   204  315s
  4474  3177 infeasible  185      13993.2700 10317.2539  26.3%   200  322s
  4513  3304 10792.1725   34  252 13993.2700 10317.2539  26.3%   202  329s
  4541  3304 11534.7602   62  219 13993.2700 10317.2539  26.3%   203  330s
  4665  3390 11597.8189   67  110 13993.2700 10325.5508  26.2%   200  338s
  4784  3423 infeasible  147      13993.2700 10334.7000  26.1%   199  345s
  4816  3476 11056.5629   40  369 13993.2700 10334.7000  26.1%   202  353s
  4869  3593 11946.7180   83  180 13993.2700 10335.4651  26.1%   203  362s
  5008  3654 10845.8069   30  308 13993.2700 10335.4651  26.1%   201  371s
  5065  3741 11002.8857   40  193 13993.2700 10335.4651  26.1%   203  378s
  5152  3975 11159.2913   57  153 13993.2700 10335.4651  26.1%   205  389s
  5180  3975 11374.5419   72   77 13993.2700 10335.4651  26.1%   205  390s
  5442  4140 11670.6938  111   57 13993.2700 10335.9815  26.1%   200  402s
  5688  4199 13862.9200  154   28 13993.2700 10342.5057  26.1%   197  412s
  5743  4302 10802.9060   31  303 13993.2700 10342.5987  26.1%   199  422s
  5841  4432 11967.2632   50  173 13993.2700 10342.5987  26.1%   201  457s
  5975  4526 13387.7302   78   35 13993.2700 10350.4892  26.0%   199  469s
  6130  4651 10962.5770   46  208 13993.2700 10353.4590  26.0%   199  481s
  6270  4816 13166.4222  145   47 13993.2700 10355.7495  26.0%   198  493s
  6472  4989     cutoff  162      13993.2700 10356.7797  26.0%   197  506s
  6672  5128     cutoff  160      13993.2700 10362.1171  25.9%   195  518s
  6820  5324 11512.4142   61  121 13993.2700 10362.3071  25.9%   195  529s
  6848  5324 11936.3544   89  140 13993.2700 10362.3071  25.9%   195  530s
  7065  5438 10746.9677   29  220 13993.2700 10362.3071  25.9%   193  541s
  7194  5629 11510.1660   47  195 13993.2700 10363.4361  25.9%   193  555s
  7448  5781     cutoff  120      13993.2700 10367.7731  25.9%   191  570s
  7627  6004 11359.6479   52  190 13993.2700 10370.6015  25.9%   191  584s
  7754  6005 11068.5746   45  211 13993.2700 10370.6015  25.9%   191  585s
  7913  6158     cutoff  147      13993.2700 10374.8522  25.9%   190  598s
  8058  6425 11426.7116   80  152 13993.2700 10378.1771  25.8%   191  612s
  8371  6490 infeasible  175      13993.2700 10379.3123  25.8%   189  625s
  8440  6647 11026.9172   31  300 13993.2700 10379.3184  25.8%   191  638s
  8601  6889 12782.2207   68   74 13993.2700 10379.5277  25.8%   193  653s
  8906  6974 infeasible  107      13993.2700 10380.8374  25.8%   191  666s
  8991  7201 11820.6631   70  206 13993.2700 10385.0617  25.8%   193  680s
  9258  7432 13808.6917  166    8 13993.2700 10386.9540  25.8%   192  696s
  9548  7558 13897.9028  167   11 13993.2700 10398.8450  25.7%   190  712s
  9702  7723 13623.5375  121   62 13993.2700 10402.1494  25.7%   191  726s
  9911  7850 infeasible  134      13993.2700 10404.3979  25.6%   191  741s
 10059  8043 11705.5829   55  187 13993.2700 10406.9551  25.6%   192  757s
 10279  8267 11123.1423   41  249 13993.2700 10410.0231  25.6%   192  772s
 10549  8336     cutoff  145      13993.2700 10411.5427  25.6%   191  785s
 10622  8409 10871.3837   43  274 13993.2700 10411.5589  25.6%   192  797s
 10691  8662 11042.0204   60  247 13993.2700 10411.5589  25.6%   195  812s
 10964  8880 13496.0527  148   34 13993.2700 10411.5856  25.6%   194  828s
 11304  9021     cutoff  163      13993.2700 10411.9203  25.6%   192  841s
 11428  9258 11347.5374   66  224 13993.2700 10414.5204  25.6%   193  855s
 11705  9348     cutoff  160      13993.2700 10414.9916  25.6%   192  869s
 11740  9348 11629.4845   62  151 13993.2700 10414.9916  25.6%   192  870s
 11800  9482 12287.0560   85  108 13993.2700 10416.4769  25.6%   193  882s
 11957  9611 10744.7015   47  355 13993.2700 10416.4940  25.6%   194  894s
 11986  9611 10956.0237   60  160 13993.2700 10416.4940  25.6%   194  895s
 12082  9955 11017.2911   66  156 13993.2700 10416.6221  25.6%   195  909s
 12110  9955 11309.4744   83   88 13993.2700 10416.6221  25.6%   195  910s
 12535 10200 13565.3200  155   20 13993.2700 10417.3524  25.6%   192  925s
 12803 10245     cutoff  162      13993.2700 10418.2900  25.5%   192  939s
 12851 10381 10969.7605   43  305 13993.2700 10418.6162  25.5%   193  952s
 12989 10730 11371.9288   79   81 13993.2700 10418.6162  25.5%   194  970s
 13434 10908 13900.0287  165   18 13993.2700 10422.9123  25.5%   192  986s
 13654 10988 infeasible  170      13993.2700 10424.9720  25.5%   191  999s
 13694 10988 11320.3568   50  149 13993.2700 10424.9720  25.5%   192 1000s
 13721 11254 11365.6761   50  120 13993.2700 10425.7128  25.5%   193 1014s
 13777 11254 12344.7806   75   93 13993.2700 10425.7128  25.5%   193 1015s
 14088 11366 13920.8494  102   42 13993.2700 10426.2407  25.5%   191 1029s
 14201 11480 11974.4375   64  134 13993.2700 10427.1314  25.5%   192 1044s
 14328 11513 10847.6896   37  326 13993.2700 10427.3366  25.5%   192 1061s
 14360 11646 10883.7588   45  155 13993.2700 10427.3366  25.5%   193 1073s
 14493 11930 11449.5480   86  133 13993.2700 10427.3496  25.5%   194 1089s
 14521 11930 11583.3870  102   54 13993.2700 10427.3496  25.5%   194 1090s
 14854 12008 13056.7072  130   61 13993.2700 10428.8749  25.5%   193 1104s
 14954 12140 10746.9569   32  388 13993.2700 10428.9253  25.5%   193 1119s
 15013 12140 11755.3854   65  183 13993.2700 10428.9253  25.5%   194 1120s
 15111 12254 10881.0698   44  142 13993.2700 10428.9253  25.5%   194 1133s
 15257 12430 11333.3704   61  172 13993.2700 10429.8783  25.5%   194 1147s
 15476 12543 13481.8273  127   17 13993.2700 10430.7237  25.5%   194 1161s
 15603 12767     cutoff  140      13993.2700 10431.2644  25.5%   195 1175s
 15907 12900 13841.9214  124   58 13993.2700 10433.1556  25.4%   194 1190s
 16045 12981 12645.8305   76   78 13993.2700 10435.3167  25.4%   195 1203s
 16143 13142 10867.9101   34  308 13993.2700 10435.6878  25.4%   196 1217s
 16306 13259 13554.2983   88   17 13993.2700 10436.2691  25.4%   196 1230s
 16454 13407 11038.9276   37  202 13993.2700 10436.2691  25.4%   196 1244s
 16534 13407 12928.1878   92   65 13993.2700 10436.2691  25.4%   196 1245s
 16629 13751 11448.1186   60   93 13993.2700 10438.1133  25.4%   196 1262s
 17056 13783 13698.7844  153   61 13993.2700 10439.2066  25.4%   194 1265s
 17082 13988     cutoff  152      13993.2700 10439.9657  25.4%   194 1278s
 17362 14147     cutoff  140      13993.2700 10441.2381  25.4%   193 1293s
 17555 14396 12883.2719   82  147 13993.2700 10442.1069  25.4%   193 1308s
 17853 14548 10668.1949   32  390 13993.2700 10443.1830  25.4%   193 1323s
 18059 14672 11053.8153   46  260 13993.2700 10443.1830  25.4%   192 1336s
 18173 14897 11455.5753   80   91 13993.2700 10443.6823  25.4%   193 1351s
 18473 15124 13527.0427  131   47 13993.2700 10444.5092  25.4%   192 1366s
*18630 15130             168    13989.910000 10446.2423  25.3%   192 1367s
 18727 15246 infeasible  149      13989.9100 10446.8550  25.3%   192 1381s
 18895 15329 11668.6633   70  178 13989.9100 10447.7160  25.3%   192 1394s
 18972 15671 12435.6463   79   65 13989.9100 10449.1502  25.3%   193 1410s
 19411 15808     cutoff  128      13989.9100 10450.4956  25.3%   191 1427s
H19416 15734                    13936.270000 10450.4956  25.0%   191 1427s
 19546 15815 10733.3010   27  436 13936.2700 10451.2757  25.0%   191 1439s
 19630 15985 11610.7636   64  302 13936.2700 10451.7639  25.0%   192 1452s
 19831 16038     cutoff  159      13936.2700 10452.8046  25.0%   191 1465s
 19889 16105 10679.9054   35  430 13936.2700 10453.5962  25.0%   192 1477s
 19954 16422 10888.7534   50  201 13936.2700 10453.5962  25.0%   193 1492s
 20334 16553 12351.7398  102   86 13936.2700 10454.1122  25.0%   192 1506s
 20511 16691 infeasible  143      13936.2700 10455.5546  25.0%   192 1520s
 20656 16783 13736.4850  141   12 13936.2700 10456.6653  25.0%   192 1535s
 20794 16869 13877.6000  142    - 13936.2700 10457.7843  25.0%   193 1547s
 20872 16953 13932.7200  142    - 13936.2700 10458.3497  25.0%   193 1560s
 20960 17064 infeasible  142      13936.2700 10458.8200  25.0%   194 1574s
 21083 17185 11152.9279   37  364 13936.2700 10460.8263  24.9%   194 1588s
 21266 17267     cutoff  123      13936.2700 10461.0413  24.9%   194 1602s
 21343 17445 11449.8863   43  223 13936.2700 10461.9129  24.9%   194 1616s
 21583 17573 10963.9255   40  409 13936.2700 10463.7153  24.9%   194 1632s
 21740 17694     cutoff  136      13936.2700 10465.2813  24.9%   194 1646s
 21880 17751 11092.2571   38  166 13936.2700 10465.3120  24.9%   195 1658s
 21937 17904 11372.3458   53  272 13936.2700 10465.7575  24.9%   196 1674s
 22021 17904 12035.1663   95   13 13936.2700 10465.7575  24.9%   196 1675s
 22132 18028 13362.5370  120   10 13936.2700 10465.8255  24.9%   196 1689s
 22270 18160 13693.6316  121   40 13936.2700 10467.0532  24.9%   196 1703s
 22421 18304 11213.5505   68  300 13936.2700 10468.0530  24.9%   196 1719s
 22538 18304 13634.2773  183   35 13936.2700 10468.0530  24.9%   196 1720s
 22587 18415 10981.4364   40  339 13936.2700 10468.7135  24.9%   196 1733s
 22695 18719 11377.5312   60  116 13936.2700 10468.7488  24.9%   197 1749s
 22809 18719 12110.2841  109   16 13936.2700 10468.7488  24.9%   197 1750s
 23098 18844     cutoff  140      13936.2700 10469.5330  24.9%   196 1766s
 23220 18969     cutoff  108      13936.2700 10469.9917  24.9%   196 1780s
 23397 19111 12017.9793   60   67 13936.2700 10470.5575  24.9%   196 1795s
 23570 19150     cutoff  120      13936.2700 10471.6081  24.9%   196 1809s
 23616 19207 10881.9740   42  340 13936.2700 10471.6528  24.9%   197 1822s
 23673 19326 11080.0361   54  205 13936.2700 10471.6528  24.9%   198 1836s
 23794 19573 12087.5992   86  111 13936.2700 10472.3144  24.9%   198 1852s
 24130 19675     cutoff  139      13936.2700 10474.4327  24.8%   198 1867s
 24245 19823 11827.8613   65   30 13936.2700 10475.9308  24.8%   198 1881s
 24451 19915 13895.2700  143    - 13936.2700 10476.7156  24.8%   198 1896s
 24547 19958     cutoff  143      13936.2700 10477.9404  24.8%   198 1909s
 24593 20034 10951.1350   30  225 13936.2700 10477.9827  24.8%   199 1922s
 24669 20149 11293.9461   44  206 13936.2700 10477.9827  24.8%   200 1936s
 24784 20471 11461.5601   68  158 13936.2700 10478.2006  24.8%   200 1954s
 24896 20471 12337.6147  100   37 13936.2700 10478.2006  24.8%   200 1955s
 25194 20544 13627.7426  126   37 13936.2700 10478.5239  24.8%   199 1969s
 25276 20648 infeasible  131      13936.2700 10479.3571  24.8%   199 1985s
H25299 19777                    13593.650000 10479.3571  22.9%   200 1985s
 25400 19883     cutoff  131      13593.6500 10479.5879  22.9%   199 2000s
 25526 19958 10983.2990   51  273 13593.6500 10480.3730  22.9%   200 2014s
 25554 19958 11373.1096   65  186 13593.6500 10480.3730  22.9%   200 2015s
 25603 20122 11451.2751   66  116 13593.6500 10480.9750  22.9%   200 2031s
 25834 20197 10951.6505   29  259 13593.6500 10480.9753  22.9%   200 2044s
 25890 20452 11207.9687   42  169 13593.6500 10480.9753  22.9%   201 2062s
 26191 20668 11697.3963   66  128 13593.6500 10481.4956  22.9%   200 2081s
 26439 20742 10832.7486   32  367 13593.6500 10481.9415  22.9%   200 2094s
 26473 20742 10920.2860   32  242 13593.6500 10481.9415  22.9%   200 2095s
 26504 20980 11395.4894   47  128 13593.6500 10482.0704  22.9%   201 2110s
 26793 21106     cutoff  102      13593.6500 10483.0834  22.9%   200 2126s
 26946 21267 11060.5622   51  318 13593.6500 10483.2100  22.9%   200 2142s
 27133 21368 10788.2530   33  212 13593.6500 10483.7198  22.9%   200 2156s
 27250 21423 10733.8610   28  270 13593.6500 10484.2333  22.9%   201 2170s
 27297 21488 10889.0800   40  272 13593.6500 10484.2333  22.9%   201 2183s
 27362 21665 11329.4619   54  193 13593.6500 10484.2333  22.9%   202 2200s
 27644 21936 11371.7359   68  157 13593.6500 10484.4163  22.9%   202 2220s
 27934 22030     cutoff  156      13593.6500 10484.9746  22.9%   201 2234s
 28019 22158 11331.8431   47  233 13593.6500 10484.9746  22.9%   202 2249s
 28077 22158 12421.2919   72   54 13593.6500 10484.9746  22.9%   202 2250s
 28161 22277 12554.5929   75   50 13593.6500 10485.5864  22.9%   202 2266s
 28345 22413 11114.7174   33  238 13593.6500 10485.9835  22.9%   202 2282s
 28490 22504     cutoff  121      13593.6500 10486.1930  22.9%   202 2297s
 28605 22679 11153.8145   52  271 13593.6500 10486.2216  22.9%   202 2312s
 28776 22902 11757.1710   92   20 13593.6500 10486.3493  22.9%   202 2327s
 29030 22924 12285.6600  145    - 13593.6500 10487.7020  22.8%   202 2330s
 29079 23007 13200.0036  146   36 13593.6500 10488.8732  22.8%   202 2344s
 29185 23092     cutoff  153      13593.6500 10489.8105  22.8%   202 2358s
 29276 23228 12218.2487   89  161 13593.6500 10491.1271  22.8%   202 2377s
 29442 23319 11193.6311   41  230 13593.6500 10492.6838  22.8%   202 2393s
 29553 23391     cutoff  109      13593.6500 10493.4437  22.8%   202 2407s
 29634 23493 12332.7116   71   56 13593.6500 10494.8637  22.8%   203 2421s
 29774 23554 12276.6184   63   15 13593.6500 10495.3235  22.8%   203 2435s
 29843 23678     cutoff   75      13593.6500 10497.4304  22.8%   204 2450s
 29990 23805 11682.9705   51   89 13593.6500 10498.6408  22.8%   204 2466s
 30143 23903     cutoff  128      13593.6500 10501.1542  22.7%   204 2482s
 30258 24030 11684.6504   56  205 13593.6500 10502.6998  22.7%   204 2498s
 30409 24117     cutoff  138      13593.6500 10503.9798  22.7%   204 2514s
 30517 24218 11274.4204   55  233 13593.6500 10504.3903  22.7%   204 2529s
 30627 24384 11169.3210   26  240 13593.6500 10504.5031  22.7%   205 2544s
 30660 24384 12178.0436   59  200 13593.6500 10504.5031  22.7%   205 2545s
 30813 24489 10927.2180   29  272 13593.6500 10504.5743  22.7%   205 2559s
 30845 24489 11497.0666   61  257 13593.6500 10504.5743  22.7%   205 2560s
 30920 24609 11659.9728   72  174 13593.6500 10504.7201  22.7%   205 2575s
 31063 24663 11014.8324   34  263 13593.6500 10504.7245  22.7%   205 2589s
 31091 24663 11283.7218   52  205 13593.6500 10504.7245  22.7%   205 2590s
 31117 24748 11110.4506   54  287 13593.6500 10504.7245  22.7%   205 2604s
 31146 24748 11410.1611   66  205 13593.6500 10504.7245  22.7%   206 2605s
 31202 24976 11543.7964   73  121 13593.6500 10505.2511  22.7%   206 2622s
 31476 25148 13452.8255  136   10 13593.6500 10506.3477  22.7%   206 2641s
 31697 25223     cutoff  142      13593.6500 10507.1449  22.7%   205 2657s
 31784 25331 11645.7167   68  256 13593.6500 10509.3811  22.7%   206 2673s
 31912 25484 11013.2530   56  331 13593.6500 10509.9142  22.7%   206 2688s
 32105 25616 10739.8040   25  355 13593.6500 10510.2369  22.7%   206 2707s
 32259 25733 12060.8455   59  114 13593.6500 10510.5370  22.7%   206 2721s
 32393 25871     cutoff  136      13593.6500 10510.6888  22.7%   206 2736s
 32530 26042 11089.8330   28  265 13593.6500 10510.6888  22.7%   206 2752s
 32738 26183 12133.1679   51  145 13593.6500 10511.2041  22.7%   206 2769s
 32925 26240     cutoff  100      13593.6500 10512.0217  22.7%   206 2783s
 32983 26336 11640.9673   61  147 13593.6500 10512.0370  22.7%   207 2798s
 33111 26357     cutoff  138      13593.6500 10513.0865  22.7%   207 2822s
 33147 26456 11020.2188   52  410 13593.6500 10513.7737  22.7%   207 2837s
 33267 26559 13406.5776  119   62 13593.6500 10513.9133  22.7%   207 2852s
 33412 26672 11334.6139   54  185 13593.6500 10514.7709  22.6%   207 2868s
 33534 26788     cutoff  125      13593.6500 10514.9661  22.6%   207 2883s
 33673 26933 11144.2996   68  214 13593.6500 10516.3822  22.6%   207 2899s
 33715 26933 12272.5083  110  116 13593.6500 10516.3822  22.6%   208 2900s
 33838 26966     cutoff  164      13593.6500 10516.7189  22.6%   207 2913s
 33873 27057 11138.1224   31  178 13593.6500 10516.7332  22.6%   208 2928s
 33964 27245 11324.1555   52  237 13593.6500 10516.7332  22.6%   209 2946s
 34213 27435 12028.9049   85   86 13593.6500 10517.2818  22.6%   209 2965s
 34450 27593     cutoff  145      13593.6500 10517.5641  22.6%   208 2985s
 34610 27764 13300.1687  141   12 13593.6500 10518.2170  22.6%   208 3004s
 34825 27887     cutoff  147      13593.6500 10518.7171  22.6%   208 3021s
 34962 28003 11229.0108   53  254 13593.6500 10519.7938  22.6%   208 3036s
 35075 28367 11585.7761   95  122 13593.6500 10520.2608  22.6%   208 3057s
 35566 28493     cutoff  192      13593.6500 10520.6032  22.6%   207 3075s
 35675 28626 11250.4346   46  257 13593.6500 10521.2875  22.6%   207 3091s
*35793 28208             117    13479.490000 10522.1860  21.9%   207 3092s
 35839 28295     cutoff  138      13479.4900 10522.5172  21.9%   207 3108s
 35955 28377 11219.1001   33  202 13479.4900 10523.8958  21.9%   207 3125s
 36037 28549 12027.0228   60  103 13479.4900 10523.9458  21.9%   208 3143s
 36173 28563 11842.4596   48  326 13479.4900 10523.9589  21.9%   208 3145s
 36268 28648 infeasible  104      13479.4900 10524.0484  21.9%   208 3160s
H36376 28296                    13386.230000 10524.1256  21.4%   208 3175s
 36446 28459 11440.4408   58  145 13386.2300 10524.8278  21.4%   208 3192s
 36641 28529 12673.5900  104    - 13386.2300 10524.9123  21.4%   208 3209s
 36671 28536 13263.3641  121    4 13386.2300 10524.9123  21.4%   208 3210s
 36746 28597 infeasible  126      13386.2300 10526.3281  21.4%   208 3224s
 36786 28597 12707.4325   89    5 13386.2300 10526.3708  21.4%   209 3225s
 36815 28750 11214.8925   49  227 13386.2300 10526.4591  21.4%   209 3240s
 37003 28848 10847.6406   35  255 13386.2300 10526.5332  21.4%   208 3257s
 37133 28897 10910.6372   20  283 13386.2300 10526.6330  21.4%   209 3273s
 37175 28976 10941.2925   28  350 13386.2300 10526.6330  21.4%   209 3287s
 37254 29137 11025.5780   30  333 13386.2300 10526.6330  21.4%   210 3304s
 37485 29264 11140.6763   44  379 13386.2300 10526.6330  21.4%   210 3321s
 37606 29314 11240.1466   45  251 13386.2300 10526.6330  21.4%   210 3335s
 37657 29505 11390.0633   52  195 13386.2300 10526.6330  21.4%   210 3352s
 37878 29694 12158.9294   86   97 13386.2300 10530.0059  21.3%   210 3371s
 38103 29802     cutoff  140      13386.2300 10530.0097  21.3%   210 3388s
 38226 29833 11062.6746   35  392 13386.2300 10530.0521  21.3%   210 3403s
 38256 29905 11133.8733   44  350 13386.2300 10530.0521  21.3%   210 3417s
 38328 30102 11430.2901   54  341 13386.2300 10530.0521  21.3%   211 3436s
 38575 30234 11676.3581   67  225 13386.2300 10531.3947  21.3%   211 3455s
 38718 30359 13330.8389  121   17 13386.2300 10532.1369  21.3%   211 3473s
 38872 30399 infeasible  124      13386.2300 10532.7614  21.3%   211 3487s
 38916 30534 11666.5282   62  162 13386.2300 10533.2852  21.3%   211 3505s
 39068 30660 infeasible  151      13386.2300 10534.2912  21.3%   211 3520s
 39204 30811 11384.2150   50  202 13386.2300 10534.3878  21.3%   212 3537s
 39380 30852     cutoff  113      13386.2300 10534.6477  21.3%   211 3552s
 39428 30999 11039.3845   33  323 13386.2300 10534.8630  21.3%   212 3568s
 39581 30999 13322.8025   79    8 13386.2300 10534.8630  21.3%   212 3570s
 39587 31107 12237.4523   61   80 13386.2300 10535.0037  21.3%   212 3584s
 39733 31183     cutoff   82      13386.2300 10535.1327  21.3%   212 3600s

Cutting planes:
  User: 3626
  Gomory: 25
  Cover: 491
  Implied bound: 98
  Projected implied bound: 5
  Clique: 16
  MIR: 324
  StrongCG: 1
  Flow cover: 563
  Zero half: 27
  Network: 1
  RLT: 411
  Relax-and-lift: 16
  Lazy constraints: 7242

Explored 39829 nodes (8470278 simplex iterations) in 3600.74 seconds
Thread count was 2 (of 32 available processors)

Solution count 10: 13386.2 13479.5 13593.6 ... 14943.8

Time limit reached
Best objective 1.338623000000e+04, best bound 1.053543124839e+04, gap 21.2965%

User-callback calls 395582, time in user-callback 199.64 sec
================================================================================
executing instance: ./input/Instances/Original/3/absH3high_5n20.dat
--------------------------------------------------------------------------------
Instance details
n	21
H	3
C	1734
Li:
[0, 0, 0, 0, 0, 0, 0, 0, 0, 0, 0, 0, 0, 0, 0, 0, 0, 0, 0, 0, 0, ]
Ui:
[0, 40, 237, 68, 194, 144, 207, 114, 118, 207, 120, 72, 128, 48, 102, 237, 261, 135, 84, 184, 142, ]
Distance matrix:
|0	408	254	408	305	286	284	573	384	380	400	384	552	461	243	577	274	285	345	92	431	|
|408	0	189	21	111	218	178	168	182	283	211	86	158	222	191	168	136	320	219	318	87	|
|254	189	0	198	81	230	31	354	276	174	157	136	307	348	158	348	110	313	275	180	183	|
|408	21	198	0	118	204	190	165	163	302	230	105	169	202	184	170	134	306	202	317	107	|
|305	111	81	118	0	188	80	278	209	221	172	86	247	276	129	276	61	285	220	218	130	|
|286	218	230	204	188	0	249	342	102	401	360	260	373	176	73	360	128	103	60	202	290	|
|284	178	31	190	80	249	0	339	286	151	127	114	284	355	180	330	124	337	290	211	160	|
|573	168	354	165	278	342	339	0	262	411	330	229	118	248	342	37	298	434	316	482	194	|
|384	182	276	163	209	102	286	262	0	429	372	252	319	79	149	287	167	174	55	297	268	|
|380	283	174	302	221	401	151	411	429	0	82	197	318	491	331	390	274	488	439	331	219	|
|400	211	157	230	172	360	127	330	372	82	0	125	237	427	297	308	232	455	390	335	139	|
|384	86	136	105	86	260	114	229	252	197	125	0	171	303	210	217	143	361	278	301	47	|
|552	158	307	169	247	373	284	118	319	318	237	171	0	331	349	84	289	474	366	465	124	|
|461	222	348	202	276	176	355	248	79	491	427	303	331	0	228	279	241	226	119	375	308	|
|243	191	158	184	129	73	180	342	149	331	297	210	349	228	0	352	68	159	127	152	248	|
|577	168	348	170	276	360	330	37	287	390	308	217	84	279	352	0	303	455	339	486	177	|
|274	136	110	134	61	128	124	298	167	274	232	143	289	241	68	303	0	224	166	183	182	|
|285	320	313	306	285	103	337	434	174	488	455	361	474	226	159	455	224	0	119	224	393	|
|345	219	275	202	220	60	290	316	55	439	390	278	366	119	127	339	166	119	0	262	301	|
|92	318	180	317	218	202	211	482	297	331	335	301	465	375	152	486	183	224	262	0	347	|
|431	87	183	107	130	290	160	194	268	219	139	47	124	308	248	177	182	393	301	347	0	|

--------------------------------------------------------------------------------
Building model...
	using lazy and cut (CVRPSEP package)
Solving IRP LP...
--------------------------------------------------------------------------------

Gurobi 9.1.0 (linux64) logging started Sat Jan  9 23:20:43 2021

Gurobi Optimizer version 9.1.0 build v9.1.0rc0 (linux64)
Thread count: 32 physical cores, 32 logical processors, using up to 2 threads
Optimize a model with 885 rows, 3849 columns and 9720 nonzeros
Model fingerprint: 0xde011a47
Variable types: 384 continuous, 3465 integer (315 binary)
Coefficient statistics:
  Matrix range     [1e+00, 3e+02]
  Objective range  [2e-01, 6e+02]
  Bounds range     [1e+00, 3e+02]
  RHS range        [2e+01, 3e+03]
Presolve removed 184 rows and 660 columns
Presolve time: 0.03s
Presolved: 701 rows, 3189 columns, 7538 nonzeros
Variable types: 324 continuous, 2865 integer (2595 binary)

Root relaxation: objective 8.198391e+03, 1043 iterations, 0.03 seconds

    Nodes    |    Current Node    |     Objective Bounds      |     Work
 Expl Unexpl |  Obj  Depth IntInf | Incumbent    BestBd   Gap | It/Node Time

     0     0 8198.39090    0   84          - 8198.39090      -     -    0s
     0     0 8543.28670    0  106          - 8543.28670      -     -    0s
     0     0 8575.33788    0  114          - 8575.33788      -     -    0s
     0     0 8580.18550    0  104          - 8580.18550      -     -    0s
     0     0 8804.61572    0  156          - 8804.61572      -     -    0s
     0     0 8811.44755    0  194          - 8811.44755      -     -    0s
     0     0 8814.99393    0  171          - 8814.99393      -     -    0s
     0     0 8814.99393    0  172          - 8814.99393      -     -    0s
     0     0 8937.48222    0  148          - 8937.48222      -     -    0s
