




arguments: ./build/mirp_solver -f ./input/orig_exec_226.cfg
Current dir: /scratch/gui/bnc_mirp
File verbosity level: 9
date       time         ( uptime  ) [ thread name/id ]                   file:line     v| 
2021-01-10 13:00:00.602 (   0.123s) [main thread     ]             loguru.cpp:789   INFO| Logging to './output/vi_hc1_quarter/OU/V5/Original/execution_10_01_2021_13_00_00.log', mode: 'a', verbosity: 9
--------------------------------------------------------------------------------
Parameters
                           instance_path           ./input/Instances/Original/6/
                            model_policy                                       1
                             nb_vehicles                                       5
                              output_dir ./output/vi_hc1_quarter/OU/V5/Original/
                            sec_strategy                                       1
                       solver_nb_threads                                       2
                         solver_show_log                                    true
                       solver_time_limit                                    3600
                              use_vi_cos                                   false
                              use_vi_cus                                   false
                         use_vi_hc1_full                                   false
                         use_vi_hc1_half                                   false
                      use_vi_hc1_quarter                                    true
                              use_vi_hc2                                   false
                              use_vi_hc3                                   false
                         use_vi_lex_full                                   false
                         use_vi_lex_half                                   false
                      use_vi_lex_quarter                                   false
                              use_vi_qua                                   false
                               use_vi_vc                                   false
                               use_vi_vr                                   false
--------------------------------------------------------------------------------
executing instance: ./input/Instances/Original/6/absH6high_1n25.dat
--------------------------------------------------------------------------------
Instance details
n	26
H	6
C	1711
Li:
[0, 0, 0, 0, 0, 0, 0, 0, 0, 0, 0, 0, 0, 0, 0, 0, 0, 0, 0, 0, 0, 0, 0, 0, 0, 0, ]
Ui:
[0, 168, 176, 34, 66, 36, 177, 106, 118, 182, 64, 141, 189, 63, 46, 111, 182, 231, 36, 66, 68, 54, 132, 90, 246, 75, ]
Distance matrix:
|0	191	200	231	334	329	146	196	208	245	218	164	283	394	151	358	156	196	309	253	201	260	127	138	130	104	|
|191	0	226	229	278	146	328	216	390	417	327	293	195	334	106	296	171	122	472	151	12	411	280	53	190	130	|
|200	226	0	38	149	359	321	10	276	274	418	364	139	204	121	173	321	115	303	141	225	236	155	202	311	256	|
|231	229	38	0	110	352	358	37	314	310	448	395	108	167	129	135	342	109	336	120	226	268	194	213	335	277	|
|334	278	149	110	0	367	467	147	422	413	546	495	86	61	203	25	423	163	429	129	271	363	303	282	424	361	|
|329	146	359	352	367	0	453	349	533	562	411	393	282	411	245	378	250	244	617	245	141	556	426	195	284	243	|
|146	328	321	358	467	453	0	321	162	215	160	112	425	524	297	491	223	341	284	397	339	266	186	276	184	210	|
|196	216	10	37	147	349	321	0	281	281	414	360	132	203	112	171	315	105	311	132	216	244	159	193	305	249	|
|208	390	276	314	422	533	162	281	0	54	321	271	410	471	316	445	348	348	123	398	398	115	125	338	313	309	|
|245	417	274	310	413	562	215	281	54	0	375	323	413	457	334	435	393	361	70	406	424	69	139	367	359	349	|
|218	327	418	448	546	411	160	414	321	375	0	57	484	606	347	569	163	393	444	446	339	421	318	288	137	199	|
|164	293	364	395	495	393	112	360	271	323	57	0	437	556	300	519	144	346	393	401	305	367	261	249	109	163	|
|283	195	139	108	86	282	425	132	410	413	484	437	0	139	137	101	349	91	443	44	187	375	286	206	355	291	|
|394	334	204	167	61	411	524	203	471	457	606	556	139	0	264	38	483	222	467	183	326	403	356	341	484	421	|
|151	106	121	129	203	245	297	112	316	334	347	300	137	264	0	225	220	46	381	102	106	316	195	84	221	158	|
|358	296	173	135	25	378	491	171	445	435	569	519	101	38	225	0	444	184	450	145	288	384	328	303	446	383	|
|156	171	321	342	423	250	223	315	348	393	163	144	349	483	220	444	0	261	460	308	183	415	284	143	39	65	|
|196	122	115	109	163	244	341	105	348	361	393	346	91	222	46	184	261	0	402	56	118	336	224	119	264	200	|
|309	472	303	336	429	617	284	311	123	70	444	393	443	467	381	450	460	402	0	442	477	68	192	424	426	413	|
|253	151	141	120	129	245	397	132	398	406	446	401	44	183	102	145	308	56	442	0	143	375	273	164	315	251	|
|201	12	225	226	271	141	339	216	398	424	339	305	187	326	106	288	183	118	477	143	0	416	286	63	202	142	|
|260	411	236	268	363	556	266	244	115	69	421	367	375	403	316	384	415	336	68	375	416	0	135	365	384	363	|
|127	280	155	194	303	426	186	159	125	139	318	261	286	356	195	328	284	224	192	273	286	135	0	232	256	229	|
|138	53	202	213	282	195	276	193	338	367	288	249	206	341	84	303	143	119	424	164	63	365	232	0	153	89	|
|130	190	311	335	424	284	184	305	313	359	137	109	355	484	221	446	39	264	426	315	202	384	256	153	0	64	|
|104	130	256	277	361	243	210	249	309	349	199	163	291	421	158	383	65	200	413	251	142	363	229	89	64	0	|

--------------------------------------------------------------------------------
Building model...
	using lazy and cut (CVRPSEP package)
Solving IRP LP...
--------------------------------------------------------------------------------

Gurobi 9.1.0 (linux64) logging started Sun Jan 10 13:00:00 2021

Gurobi Optimizer version 9.1.0 build v9.1.0rc0 (linux64)
Thread count: 32 physical cores, 32 logical processors, using up to 2 threads
Optimize a model with 2168 rows, 11462 columns and 28064 nonzeros
Model fingerprint: 0x80e3c7c6
Variable types: 932 continuous, 10530 integer (780 binary)
Coefficient statistics:
  Matrix range     [1e+00, 3e+02]
  Objective range  [1e-01, 6e+02]
  Bounds range     [1e+00, 2e+02]
  RHS range        [1e+01, 3e+03]
Presolve removed 368 rows and 1592 columns
Presolve time: 0.06s
Presolved: 1800 rows, 9870 columns, 22831 nonzeros
Variable types: 840 continuous, 9030 integer (8340 binary)

Root relaxation: objective 1.504760e+04, 2626 iterations, 0.06 seconds

    Nodes    |    Current Node    |     Objective Bounds      |     Work
 Expl Unexpl |  Obj  Depth IntInf | Incumbent    BestBd   Gap | It/Node Time

     0     0 15047.5993    0  265          - 15047.5993      -     -    0s
     0     0 15317.4943    0  286          - 15317.4943      -     -    0s
     0     0 15357.6073    0  260          - 15357.6073      -     -    0s
     0     0 15358.7405    0  273          - 15358.7405      -     -    0s
     0     0 15358.7441    0  274          - 15358.7441      -     -    0s
     0     0 15657.8607    0  314          - 15657.8607      -     -    1s
     0     0 15716.3371    0  347          - 15716.3371      -     -    1s
     0     0 15728.7970    0  342          - 15728.7970      -     -    1s
     0     0 15740.0747    0  342          - 15740.0747      -     -    1s
     0     0 15762.6566    0  354          - 15762.6566      -     -    1s
     0     0 15815.6146    0  344          - 15815.6146      -     -    1s
     0     0 15842.9945    0  321          - 15842.9945      -     -    1s
     0     0 15859.0104    0  366          - 15859.0104      -     -    1s
     0     0 15863.0788    0  375          - 15863.0788      -     -    2s
     0     0 15867.1051    0  369          - 15867.1051      -     -    2s
     0     0 15874.2051    0  346          - 15874.2051      -     -    2s
     0     0 15886.8997    0  354          - 15886.8997      -     -    2s
     0     0 15888.5039    0  355          - 15888.5039      -     -    2s
     0     0 15888.7914    0  352          - 15888.7914      -     -    2s
     0     0 16197.5646    0  398          - 16197.5646      -     -    2s
     0     0 16248.5874    0  419          - 16248.5874      -     -    3s
     0     0 16304.9481    0  420          - 16304.9481      -     -    3s
     0     0 16372.9643    0  409          - 16372.9643      -     -    3s
     0     0 16385.8440    0  451          - 16385.8440      -     -    3s
     0     0 16390.7020    0  418          - 16390.7020      -     -    3s
     0     0 16395.5295    0  402          - 16395.5295      -     -    3s
     0     0 16437.3716    0  389          - 16437.3716      -     -    4s
     0     0 16452.0654    0  425          - 16452.0654      -     -    4s
     0     0 16455.6985    0  387          - 16455.6985      -     -    4s
     0     0 16455.7533    0  401          - 16455.7533      -     -    4s
     0     0 16669.9458    0  411          - 16669.9458      -     -    4s
     0     0 16700.7460    0  468          - 16700.7460      -     -    5s
     0     0 16716.4577    0  434          - 16716.4577      -     -    5s
     0     0 16718.1425    0  448          - 16718.1425      -     -    5s
     0     0 16849.9410    0  454          - 16849.9410      -     -    5s
     0     0 16855.1590    0  457          - 16855.1590      -     -    5s
     0     0 16858.0247    0  482          - 16858.0247      -     -    6s
     0     0 16858.2374    0  474          - 16858.2374      -     -    6s
     0     0 16903.1420    0  457          - 16903.1420      -     -    6s
     0     0 16916.4717    0  433          - 16916.4717      -     -    6s
     0     0 16929.6237    0  423          - 16929.6237      -     -    7s
     0     0 16930.4732    0  445          - 16930.4732      -     -    7s
     0     0 17001.3016    0  464          - 17001.3016      -     -    7s
     0     0 17004.8808    0  499          - 17004.8808      -     -    7s
     0     0 17007.5564    0  502          - 17007.5564      -     -    7s
     0     0 17024.3191    0  463          - 17024.3191      -     -    8s
     0     0 17027.6338    0  497          - 17027.6338      -     -    8s
     0     0 17029.3748    0  474          - 17029.3748      -     -    8s
     0     0 17043.9596    0  502          - 17043.9596      -     -    8s
     0     0 17048.4470    0  478          - 17048.4470      -     -    8s
     0     0 17049.3992    0  457          - 17049.3992      -     -    8s
     0     0 17059.6139    0  485          - 17059.6139      -     -    9s
     0     0 17059.6139    0  466          - 17059.6139      -     -   10s
     0     2 17059.9847    0  456          - 17059.9847      -     -   11s
    11    14 17147.8105    4  522          - 17109.0861      -  1055   15s
    26    29 17258.4467    9  399          - 17109.0861      -  1061   20s
    50    54 17378.2038   16  346          - 17109.0861      -  1003   25s
   112   118 infeasible   44               - 17109.0861      -   652   30s
   132   144 17668.3623   54  263          - 17109.0861      -   622   41s
   143   144 17531.7721   26  412          - 17109.0861      -   587   45s
   186   181 17322.3176   12  517          - 17109.3806      -   544   50s
   229   226 17448.3385   24  462          - 17109.3806      -   531   55s
   295   297 17615.7223   45  402          - 17109.3806      -   478   60s
   408   414 18025.1829   68  325          - 17109.3806      -   401   66s
   486   485 18227.3641   75  300          - 17109.3806      -   362   70s
   638   686 18599.3564  100  245          - 17109.3806      -   308   76s
   775   739 18998.9237  117  273          - 17109.3806      -   271   80s
   801   744 18242.9054   84  547          - 17109.3806      -   270   85s
   816   754 18529.9804  100  602          - 17284.7511      -   265   90s
   828   762 23058.1059  268  652          - 17323.2405      -   261   95s
   839   771 17791.4814   66  363          - 17325.0970      -   290  100s
   850   778 17571.6228   38  645          - 17325.0970      -   286  105s
   856   782 18229.0520   73  618          - 17327.4682      -   284  112s
   859   787 17340.0332   27  589          - 17331.0102      -   307  120s
   861   788 17346.0481   28  541          - 17343.2010      -   308  130s
   868   792 17454.7776   29  637          - 17358.7736      -   311  135s
   879   800 17467.6497   32  530          - 17369.4781      -   319  141s
   885   807 17424.3928   34  549          - 17369.4781      -   325  145s
   917   833 17454.4359   41  524          - 17369.4781      -   327  150s
   949   855 17534.6066   47  420          - 17369.4781      -   330  155s
  1001   891 17721.4981   61  302          - 17369.4781      -   331  160s
  1028   907 17765.2350   69  308          - 17369.4781      -   330  168s
  1056   929 17853.5542   76  291          - 17369.4781      -   331  170s
  1123   991 18324.8929   95  273          - 17369.4781      -   328  176s
  1212  1047 18850.0490  122  198          - 17369.4781      -   318  180s
  1338  1101 19954.7245  171  146          - 17369.4781      -   301  185s
  1408  1153 17540.1535   32  556          - 17371.0515      -   299  191s
  1459  1184 17600.2520   40  486          - 17371.0515      -   297  195s
  1553  1264 17722.3100   48  391          - 17371.0515      -   292  201s
  1607  1283 17740.5604   50  370          - 17371.0515      -   288  207s
  1678  1281 17847.0636   54  376          - 17371.0515      -   284  211s
  1700  1296 17968.8324   61  382          - 17371.0515      -   287  215s
  1721  1312 18141.4796   68  406          - 17371.0515      -   291  220s
  1770  1334 17768.7851   54  459          - 17371.0515      -   296  225s
  1788  1362 18529.0848   89  332          - 17371.0515      -   301  230s
  1830  1398 19063.6872  103  269          - 17371.0515      -   304  235s
  1894  1442 18811.0010  121  309          - 17371.0515      -   305  241s
  1946  1479 18110.4351   84  321          - 17371.0515      -   306  245s
  2015  1561 19368.1959  158  252          - 17371.0515      -   304  252s
  2087  1604 19463.6402  185  265          - 17371.0515      -   300  256s
  2154  1626 19926.9138  203  285          - 17371.0515      -   297  260s
  2201  1673 20282.4464  221  259          - 17371.0515      -   298  265s
  2345  1773 20496.3312  259  289          - 17371.0515      -   293  274s
  2411  1822 20528.2796  277  265          - 17371.0515      -   291  279s
  2482  1876 20550.9071  294  257          - 17371.0515      -   289  283s
  2560  1930 20808.5053  310  231          - 17371.0515      -   287  288s
  2644  2008 20907.4310  330  282          - 17371.0515      -   285  294s
  2754  2087 20959.9149  351  264          - 17371.0515      -   279  299s
  2804  2071 19743.2768  345  209          - 17371.0515      -   278  300s
  2870  2179 21399.9879  376  237          - 17371.0515      -   275  305s
  3002  2333 21147.6097  402  189          - 17371.0515      -   269  312s
  3197  2268 20848.7752  481  225          - 17371.0515      -   260  315s
  3208  2498 22032.0902  448  186          - 17371.0515      -   260  320s
  3442  2828 21971.2651  497  161          - 17371.0515      -   249  329s
  3791  3102 22777.8653  560  151          - 17371.0515      -   234  339s
  3922  3102 22466.2004  731  138          - 17371.0515      -   230  340s
  4073  3328 23159.2832  625  143          - 17371.0515      -   223  347s
  4337  3344 infeasible  707               - 17385.7849      -   215  354s
  4368  3344 17747.5268   33  509          - 17385.7849      -   216  357s
  4377  3368 17670.8434   32  572          - 17385.7849      -   218  362s
  4401  3394 17835.7682   36  515          - 17385.7849      -   220  367s
  4427  3429 17872.2739   41  439          - 17385.7849      -   223  372s
  4462  3454 18188.6900   50  348          - 17385.7849      -   226  377s
  4487  3497 18130.6716   55  306          - 17385.7849      -   229  383s
  4530  3551 18291.6736   61  297          - 17385.7849      -   231  389s
  4584  3607 18415.3910   79  321          - 17385.7849      -   233  395s
  4640  3686 18612.3776   97  373          - 17385.7849      -   235  402s
  4719  3744 18829.8526  128  273          - 17385.7849      -   236  409s
  4758  3744 18710.9529  114  368          - 17385.7849      -   236  410s
  4777  3848 18981.5917  156  366          - 17385.7849      -   237  416s
  4881  3925 19399.2560  201  250          - 17385.7849      -   237  426s
  4958  4053 19636.3100  239  298          - 17385.7849      -   237  434s
  4988  4053 19691.0546  262  288          - 17385.7849      -   237  435s
  5090  4220 19935.4133  297  318          - 17385.7849      -   236  444s
  5153  4220 20108.8718  344  263          - 17385.7849      -   235  445s
  5257  4392 20370.4665  383  308          - 17385.7849      -   234  453s
  5431  4581 21084.2474  414  220          - 17385.7849      -   232  463s
  5524  4581 21664.4610  450  199          - 17385.7849      -   232  465s
  5631  4926 21927.2765  450  168          - 17385.7849      -   230  476s
  6018  5083 infeasible  572               - 17385.8764      -   223  490s
  6205  5413 17859.3160   33  544          - 17385.8764      -   222  502s
  6450  5413 24307.4992  704  113          - 17385.8764      -   216  505s
  6566  5443 17918.6180   40  489          - 17385.8764      -   214  513s
  6596  5473 18046.1378   40  506          - 17385.8764      -   216  520s
  6626  5518 18007.5928   41  526          - 17385.8764      -   218  527s
  6671  5566 18054.9319   47  504          - 17385.8764      -   220  535s
  6719  5633 18059.4953   46  527          - 17385.8764      -   222  543s
  6786  5721 18243.1079   49  510          - 17385.8764      -   223  552s
  6874  5856 18404.2586   53  463          - 17385.8764      -   224  563s
  7009  6063 18503.6513   55  489          - 17385.8764      -   223  575s
  7242  6113 18443.1952   56  477          - 17385.8764      -   220  587s
  7292  6181 18468.8374   61  460          - 17385.8764      -   223  598s
  7360  6272 18628.1498   81  420          - 17385.8764      -   225  610s
  7451  6390 18855.6055   91  312          - 17385.8764      -   228  621s
  7569  6552 19111.5425  106  318          - 17385.8764      -   230  637s
  7733  6794 19297.9460  127  233          - 17385.8764      -   231  652s
  7960  6794 19683.6099  251  181          - 17385.8764      -   230  655s
  7975  7311 19456.5591  168  235          - 17385.8764      -   229  670s
  8267  7311 20366.4715  315  153          - 17385.8764      -   224  678s
  8387  7311 20515.9095  420  163          - 17385.8764      -   222  680s
  8492  7557 19840.9664  351  233          - 17437.0078      -   220  694s
  8603  7557 20882.3138  413  212          - 17437.0078      -   218  695s
  8799  7589 17746.8597   31  600          - 17437.0452      -   217  707s
  8831  7639 17979.1935   39  565          - 17437.0452      -   219  720s
  8881  7694 18080.4294   51  552          - 17437.0452      -   221  730s
  8936  7780 18299.5778   64  482          - 17437.0452      -   223  742s
  9022  7905 18633.0867   90  393          - 17437.0452      -   225  756s
  9159  8052 18990.7089  113  320          - 17437.0452      -   226  770s
  9306  8282 19722.1139  197  261          - 17437.0452      -   226  787s
  9522  8282 20873.0786  354  227          - 17437.0452      -   224  790s
  9544  8614 20885.7679  358  240          - 17437.0452      -   224  805s
  9876  8952 21588.4074  574  168          - 17445.3941      -   221  824s
 10088  8952 22598.0367  738  151          - 17445.3941      -   217  826s
 10241  9197 17978.4925   43  655          - 17445.3941      -   217  839s
 10486  9230 18348.7055   53  454          - 17445.3941      -   215  853s
 10539  9293 18551.1701   58  495          - 17445.3941      -   217  865s
 10602  9379 18695.8095   75  412          - 17445.3941      -   219  878s
 10688  9535 18926.1309  114  376          - 17445.3941      -   220  890s
 10844  9877 19262.4396  165  320          - 17445.3941      -   220  907s
 11195 10292 infeasible  358               - 17445.3941      -   217  925s
 11628 10640 22138.5183  467  200          - 17445.3941      -   213  946s
 12000 10802 23531.5077  584  175          - 17448.1740      -   210  963s
 12230 10838 18069.2040   45  539          - 17449.0125      -   209  980s
 12266 10888 18402.7437   53  475          - 17449.0125      -   210  991s
 12316 10954 18664.1936   70  366          - 17449.0125      -   212 1003s
 12382 11036 18685.3789   91  421          - 17449.0125      -   213 1019s
 12413 11036 18624.7040   75  386          - 17449.0125      -   214 1020s
 12464 11112 18817.8608  108  359          - 17449.0125      -   214 1031s
 12540 11264 19138.0860  122  377          - 17449.0125      -   216 1044s
 12632 11264 19079.9741  125  315          - 17449.0125      -   216 1045s
 12694 11468 19728.0132  173  240          - 17449.0125      -   216 1058s
 12898 11759 20096.3931  240  221          - 17449.0125      -   216 1075s
 13216 12005 21254.0616  358  160          - 17449.6049      -   214 1092s
 13311 12005 22190.4346  419  152          - 17449.6049      -   213 1095s
 13504 12043 17997.9388   42  567          - 17449.6049      -   212 1108s
 13542 12104 18106.6695   53  526          - 17449.6049      -   214 1119s
 13603 12245 18589.4794   76  327          - 17449.6049      -   215 1131s
 13744 12420 18836.3165   89  297          - 17449.6049      -   216 1147s
 13919 12897 19024.1213  116  278          - 17449.6049      -   215 1165s
 14302 12897 20044.0351  397  151          - 17449.6049      -   213 1170s
 14405 13441 19427.7678  209  159          - 17454.6525      -   212 1189s
 14529 13441 20136.9827  306  181          - 17454.6525      -   210 1191s
 15036 13471 17993.8624   33  595          - 17454.6942      -   206 1206s
 15066 13500 18131.4438   39  574          - 17454.6942      -   208 1217s
 15095 13551 18367.9987   47  512          - 17454.6942      -   209 1228s
 15146 13632 18633.1360   55  387          - 17454.6942      -   211 1240s
 15227 13817 18787.4720   70  346          - 17454.6942      -   212 1253s
 15412 14212 18999.0440   92  345          - 17454.6942      -   212 1329s
 15489 14212 19466.0391  222  267          - 17454.6942      -   212 1330s
 15797 14212 20900.5195  438  139          - 17454.6942      -   209 1335s
 15815 14795 19270.0852  139  271          - 17454.6942      -   209 1351s
 16185 14795 21851.0999  555   97          - 17454.6942      -   207 1355s
 16505 14883 20326.0962  265  217          - 17456.5381      -   204 1370s
 16605 14924 18011.1136   50  569          - 17456.5381      -   204 1383s
 16646 15004 18397.2498   55  593          - 17456.5381      -   206 1396s
 16726 15095 18600.4299   60  515          - 17456.5381      -   206 1410s
 16817 15218 18693.1538   67  469          - 17456.5381      -   207 1424s
 16835 15218 19555.0631  141  202          - 17456.5381      -   208 1428s
 16945 15315 18878.6433   77  363          - 17456.5381      -   207 1442s
 17067 15518 19174.6122  154  230          - 17456.5381      -   208 1456s
 17272 15702 20132.4521  290  170          - 17458.6055      -   208 1475s
 17474 15745 17918.2783   37  518          - 17458.6055      -   207 1489s
 17517 15793 18136.1444   45  454          - 17458.6055      -   209 1503s
 17565 15879 18442.9691   53  482          - 17458.6055      -   210 1517s
 17651 15961 18481.0651   63  531          - 17458.6055      -   211 1531s
 17733 16129 18734.8731   75  353          - 17458.6055      -   212 1546s
 17905 16537 19125.3165  106  258          - 17458.6055      -   212 1563s
 18050 16537 19779.7848  198  148          - 17458.6055      -   212 1565s
 18321 17273 19955.0524  208  169          - 17464.8754      -   210 1587s
 18502 17273 20593.0354  353  117          - 17464.8754      -   209 1590s
 19142 17301 17863.5833   33  569          - 17465.2460      -   204 1618s
 19170 17332 18025.7520   38  463          - 17465.2460      -   205 1631s
 19201 17376 18363.0954   47  447          - 17465.2460      -   206 1643s
 19245 17439 18677.5556   63  385          - 17465.2460      -   207 1658s
 19308 17576 18761.1560   80  420          - 17465.2460      -   208 1672s
 19445 17808 19040.4971  131  229          - 17465.2460      -   208 1688s
 19687 18577 20102.3329  192  204          - 17465.2460      -   208 1710s
 20165 18577 21596.5827  335  185          - 17465.2460      -   205 1718s
 20326 18577 22372.7165  461  124          - 17465.2460      -   204 1720s
 20471 18588 21199.7054  377  232          - 17468.1194      -   203 1736s
 20525 18624 18029.0581   39  473          - 17469.2697      -   204 1748s
 20561 18681 18373.7178   49  468          - 17469.2697      -   205 1761s
 20618 18755 18649.5834   62  370          - 17469.2697      -   206 1776s
 20694 19017 18821.6999   87  304          - 17469.2697      -   206 1791s
 20958 19319 19472.6120  210  295          - 17469.2697      -   206 1809s
 21110 19319 19543.9730  177  251          - 17469.2697      -   205 1811s
 21263 19817 20194.2326  289  230          - 17469.3316      -   205 1833s
 21472 19817 21379.0262  398  143          - 17469.3316      -   204 1835s
 21799 20246 18041.3353   36  615          - 17469.3316      -   202 1858s
 21876 20246 21822.0011  490  178          - 17469.3316      -   202 1860s
 22208 20246 22478.7043  691   87          - 17469.3316      -   200 1865s
 22296 20285 18321.8067   43  527          - 17469.3316      -   199 1883s
 22335 20334 18801.6626   60  386          - 17469.3316      -   200 1897s
 22384 20411 18865.8723   76  284          - 17469.3316      -   201 1911s
 22461 20586 19143.1960  112  227          - 17469.3316      -   202 1927s
 22599 20586 19889.0220  212  163          - 17469.3316      -   201 1930s
 22640 20833 19986.3210  229  156          - 17469.3316      -   201 1946s
 22900 20833 21757.9566  375   90          - 17469.3316      -   201 1950s
 22927 20854 infeasible  375               - 17471.1360      -   201 1962s
 22976 20896 18246.7720   50  442          - 17471.1360      -   201 1979s
 23018 20946 18548.5548   62  386          - 17471.1360      -   202 1992s
 23068 21053 18921.8556   76  219          - 17471.1360      -   203 2006s
 23175 21230 19252.1850  118  270          - 17471.1360      -   203 2022s
 23354 21604 19903.0864  205  152          - 17471.1360      -   203 2044s
 23551 21604 20921.5636  328  135          - 17471.1360      -   202 2045s
 23741 21874 21614.0273  409   90          - 17476.3791      -   202 2063s
 24071 21995 18072.6290   37  381          - 17476.3791      -   201 2079s
 24192 22293 18292.2545   41  338          - 17476.3791      -   201 2098s
 24305 22293 20530.1727  287  192          - 17476.3791      -   201 2100s
 24520 22325 18397.2379   44  387          - 17476.3791      -   200 2118s
 24552 22368 18368.0811   47  408          - 17476.3791      -   201 2133s
 24595 22437 18847.9424   57  321          - 17476.3791      -   202 2147s
 24664 22516 19194.6668   87  327          - 17476.3791      -   203 2161s
 24743 22628 19545.0538  120  217          - 17476.3791      -   203 2175s
 24773 22628 19601.8497  143  253          - 17476.3791      -   203 2180s
 24857 22788 20008.4245  175  235          - 17476.3791      -   204 2196s
 25017 23091 20214.0245  224  240          - 17476.3791      -   204 2213s
 25284 23091 19592.0148  217  224          - 17476.3791      -   203 2216s
 25320 23726 20875.5935  353  174          - 17476.3791      -   203 2237s
 25565 23726 21542.1786  548  168          - 17476.3791      -   202 2240s
 25963 24071 21740.4455  675  128          - 17476.7523      -   199 2260s
 26465 24094 18185.7830   47  553          - 17479.8330      -   197 2279s
 26488 24128 18266.2849   50  563          - 17479.8330      -   198 2293s
 26522 24180 18538.1072   55  475          - 17479.8330      -   199 2394s
 26574 24240 18782.3071   70  334          - 17479.8330      -   199 2408s
 26634 24373 18860.7748   85  399          - 17479.8330      -   200 2421s
 26767 24679 19241.3235  109  321          - 17479.8330      -   200 2444s
 26833 24679 19533.2612  151  187          - 17479.8330      -   200 2445s
 27081 25024 infeasible  166               - 17479.8330      -   199 2464s
 27173 25024 20731.2353  200  180          - 17479.8330      -   199 2465s
 27482 25231 22244.0302  262  138          - 17500.3732      -   198 2483s
 27640 25231 23033.9364  361   42          - 17500.3732      -   197 2485s
 27760 25251 18349.8460   42  470          - 17500.3732      -   197 2500s
 27780 25287 18422.9096   49  508          - 17500.3732      -   197 2513s
 27816 25341 18588.6277   59  478          - 17500.3732      -   198 2529s
 27870 25443 18832.3162   72  396          - 17500.3732      -   199 2543s
 27972 25705 19435.8634  108  243          - 17500.3732      -   199 2560s
 28234 26239 19885.4693  254  187          - 17500.3732      -   199 2580s
 28787 26510 21575.1310  431   84          - 17502.5096      -   197 2608s
 28933 26510 21089.6961  395  150          - 17502.5675      -   197 2610s
 29100 26536 18165.8493   38  507          - 17502.5675      -   196 2625s
 29126 26574 18404.0322   48  478          - 17502.5675      -   197 2638s
 29164 26623 18529.7446   58  478          - 17502.5675      -   197 2653s
 29213 26675 18734.2583   76  349          - 17502.5675      -   198 2670s
 29265 26782 18788.1124   93  354          - 17502.5675      -   199 2684s
 29295 26782 19116.5988  103  331          - 17502.5675      -   199 2685s
 29372 26983 19079.3443  109  296          - 17502.5675      -   199 2701s
 29581 27425 19289.0914  141  313          - 17502.5675      -   199 2721s
 29820 27425 20197.8101  270   99          - 17502.5675      -   198 2725s
 30067 27718 19753.2586  243  240          - 17502.5675      -   197 2743s
 30187 27718 20508.2007  336  167          - 17502.5675      -   197 2745s
 30372 27864 21588.0206  421   92          - 17502.8272      -   197 2760s
 30546 27908 18356.8322   48  491          - 17502.8272      -   196 2775s
 30590 27967 18664.9561   61  503          - 17502.8272      -   197 2791s
 30649 28046 18691.1273   71  514          - 17502.8272      -   198 2805s
 30728 28159 18924.5755   89  437          - 17502.8272      -   198 2823s
 30821 28159 19588.3627  161  258          - 17502.8272      -   199 2825s
 30861 28235 19107.5283  109  379          - 17502.8272      -   199 2838s
 30937 28329 19377.6308  153  258          - 17506.0866      -   199 2855s
 31053 28356 18023.4486   37  515          - 17506.0866      -   199 2870s
 31080 28388 18263.2940   44  438          - 17506.0866      -   200 2885s
 31112 28424 18424.8401   49  469          - 17506.0866      -   201 2899s
 31148 28469 18586.6680   51  470          - 17506.0866      -   202 2913s
 31193 28539 18751.0929   66  450          - 17506.0866      -   202 2928s
 31263 28726 19146.6641   83  240          - 17506.0866      -   203 2944s
 31293 28726 19281.9125  105  257          - 17506.0866      -   203 2945s
 31450 28950 19568.1843  189  212          - 17506.1402      -   203 2963s
 31697 29106 18079.4383   50  550          - 17506.1402      -   203 2982s
 31858 29323 18416.7893   54  506          - 17506.1402      -   203 3001s
 32108 29384 18782.9095   74  284          - 17506.1402      -   203 3017s
 32169 29555 18992.6821   97  247          - 17506.1402      -   203 3032s
 32342 29704 20245.7322  201  149          - 17507.4074      -   203 3048s
 32455 29704 21027.9617  274  180          - 17507.4074      -   203 3050s
 32513 29769 18407.6801   52  484          - 17507.4074      -   203 3063s
 32578 29861 18971.1486   81  333          - 17507.4074      -   204 3077s
 32672 30050 19581.8456  110  325          - 17507.4074      -   204 3092s
 32871 30472 19796.6603  137  242          - 17507.4074      -   205 3114s
 32907 30472 19980.6644  158  195          - 17507.4074      -   205 3115s
 33335 30724 20554.1967  249  164          - 17513.0566      -   203 3135s
 33618 30772 18274.5349   50  474          - 17513.0566      -   203 3151s
 33666 30868 18651.5341   59  381          - 17513.0566      -   203 3164s
 33698 30868 19154.2466   71  236          - 17513.0566      -   204 3165s
 33762 31061 19106.1453   86  228          - 17513.0566      -   204 3179s
 33793 31061 20195.3739  107  167          - 17513.0566      -   204 3180s
 33959 31636 19759.4218  157  186          - 17513.6448      -   204 3200s
 34558 31841 18165.4886   36  617          - 17513.6448      -   202 3225s
 34699 31841 22311.6290  519  100          - 17513.6448      -   202 3231s
 34815 31892 18284.1811   44  472          - 17513.6448      -   201 3247s
 34866 31965 18749.3899   60  280          - 17513.6448      -   202 3261s
 34939 32136 18906.2705   83  303          - 17513.6448      -   203 3277s
 35112 32415 infeasible  174               - 17513.6448      -   203 3296s
 35408 32998 23419.9180  286  203          - 17535.7548      -   202 3319s
 35438 32998 23553.5904  305  146          - 17535.7548      -   202 3320s
 35810 32998 26293.8148  513   49          - 17535.7548      -   201 3325s
 36064 33172 18062.3894   41  455          - 17535.7548      -   200 3343s
 36238 33684 18265.0184   43  501          - 17535.7548      -   200 3363s
 36766 34058 18441.6165   49  442          - 17535.7548      -   198 3404s
 37089 34058 24046.9278  778   39          - 17535.7548      -   197 3408s
 37201 34058 25498.5995  836   28          - 17535.7548      -   197 3410s
 37219 34116 18597.9113   58  434          - 17535.7548      -   197 3423s
 37277 34182 18720.8017   73  415          - 17535.7548      -   197 3436s
 37343 34265 18917.7956   91  389          - 17535.7548      -   198 3450s
 37428 34448 19313.9276  108  321          - 17535.7548      -   198 3465s
 37617 35003 20275.8192  173  194          - 17535.7548      -   198 3484s
 37707 35003 20432.4902  240  157          - 17535.7548      -   198 3485s
 37918 35003 21368.2756  407   84          - 17535.7548      -   197 3490s
 38174 35340 21450.3983  465  119          - 17537.5378      -   197 3511s
 38488 35340 21522.3428  370  129          - 17537.5964      -   196 3515s
 38559 35388 18737.0919   51  403          - 17537.5964      -   196 3535s
 38607 35439 18875.3569   71  318          - 17537.5964      -   196 3549s
 38658 35509 19025.4406   90  307          - 17537.5964      -   197 3563s
 38728 35629 19432.6408  107  258          - 17537.5964      -   197 3577s
 38848 35851 19684.8914  139  231          - 17537.5964      -   197 3594s
 38928 35851 19940.7967  176  182          - 17537.5964      -   197 3595s
 39076 35962 20593.7501  242  182          - 17537.5964      -   197 3600s

Cutting planes:
  User: 7467
  Gomory: 48
  Cover: 573
  Implied bound: 51
  Clique: 15
  MIR: 495
  StrongCG: 2
  Flow cover: 860
  Zero half: 14
  Network: 2
  RLT: 473
  Relax-and-lift: 11
  Lazy constraints: 112

Explored 39191 nodes (7748069 simplex iterations) in 3601.32 seconds
Thread count was 2 (of 32 available processors)

Solution count 0

Time limit reached
Best objective -, best bound 1.753759642620e+04, gap -

User-callback calls 342555, time in user-callback 461.62 sec
================================================================================
executing instance: ./input/Instances/Original/6/absH6high_1n20.dat
--------------------------------------------------------------------------------
Instance details
n	21
H	6
C	1651
Li:
[0, 0, 0, 0, 0, 0, 0, 0, 0, 0, 0, 0, 0, 0, 0, 0, 0, 0, 0, 0, 0, ]
Ui:
[0, 36, 182, 182, 90, 261, 117, 30, 110, 42, 276, 153, 40, 94, 144, 46, 129, 213, 264, 160, 174, ]
Distance matrix:
|0	371	401	343	361	341	370	115	392	400	79	266	292	245	355	431	265	194	95	92	348	|
|371	0	37	141	110	250	117	438	67	131	372	305	115	238	247	255	235	296	392	430	185	|
|401	37	0	175	100	284	146	472	90	156	406	342	152	275	280	282	242	333	415	455	178	|
|343	141	175	0	239	110	38	374	95	60	314	182	67	130	106	127	318	201	397	423	303	|
|361	110	100	239	0	341	222	451	177	240	385	374	190	304	341	361	151	345	354	398	78	|
|341	250	284	110	341	0	143	337	203	151	289	102	152	97	15	95	394	156	415	431	398	|
|370	117	146	38	222	143	0	407	61	30	346	220	81	167	137	139	317	237	417	447	292	|
|115	438	472	374	451	337	407	0	443	434	66	241	339	251	351	431	374	181	201	177	450	|
|392	67	90	95	177	203	61	443	0	66	379	275	104	216	197	193	294	283	427	461	252	|
|400	131	156	60	240	151	30	434	66	0	374	237	112	189	142	127	344	261	448	477	312	|
|79	372	406	314	385	289	346	66	379	374	0	202	275	197	304	383	316	134	175	166	388	|
|266	305	342	182	374	102	220	241	275	237	202	0	191	70	117	196	386	73	352	359	415	|
|292	115	152	67	190	152	81	339	104	112	275	191	0	123	154	193	252	183	336	366	246	|
|245	238	275	130	304	97	167	251	216	189	197	70	123	0	110	187	322	72	319	334	346	|
|355	247	280	106	341	15	137	351	197	142	304	117	154	110	0	80	399	171	427	444	400	|
|431	255	282	127	361	95	139	431	193	127	383	196	193	187	80	0	444	251	499	519	429	|
|265	235	242	318	151	394	317	374	294	344	316	386	252	322	399	444	0	332	226	273	97	|
|194	296	333	201	345	156	237	181	283	261	134	73	183	72	171	251	332	0	279	286	375	|
|95	392	415	397	354	415	417	201	427	448	175	352	336	319	427	499	226	279	0	47	321	|
|92	430	455	423	398	431	447	177	461	477	166	359	366	334	444	519	273	286	47	0	368	|
|348	185	178	303	78	398	292	450	252	312	388	415	246	346	400	429	97	375	321	368	0	|

--------------------------------------------------------------------------------
Building model...
	using lazy and cut (CVRPSEP package)
Solving IRP LP...
--------------------------------------------------------------------------------

Gurobi 9.1.0 (linux64) logging started Sun Jan 10 14:00:05 2021

Gurobi Optimizer version 9.1.0 build v9.1.0rc0 (linux64)
Thread count: 32 physical cores, 32 logical processors, using up to 2 threads
Optimize a model with 1749 rows, 7677 columns and 19419 nonzeros
Model fingerprint: 0xa80184ae
Variable types: 747 continuous, 6930 integer (630 binary)
Coefficient statistics:
  Matrix range     [1e+00, 3e+02]
  Objective range  [1e-01, 5e+02]
  Bounds range     [1e+00, 3e+02]
  RHS range        [1e+01, 3e+03]
Presolve removed 333 rows and 1287 columns
Presolve time: 0.04s
Presolved: 1416 rows, 6390 columns, 15144 nonzeros
Variable types: 660 continuous, 5730 integer (5190 binary)

Root relaxation: objective 1.421804e+04, 2579 iterations, 0.06 seconds

    Nodes    |    Current Node    |     Objective Bounds      |     Work
 Expl Unexpl |  Obj  Depth IntInf | Incumbent    BestBd   Gap | It/Node Time

     0     0 14218.0355    0  216          - 14218.0355      -     -    0s
     0     0 14428.4693    0  266          - 14428.4693      -     -    0s
     0     0 14466.3763    0  258          - 14466.3763      -     -    0s
     0     0 14469.4968    0  253          - 14469.4968      -     -    0s
     0     0 14469.4968    0  263          - 14469.4968      -     -    0s
     0     0 14727.8741    0  348          - 14727.8741      -     -    0s
     0     0 14825.1621    0  360          - 14825.1621      -     -    1s
     0     0 14849.6623    0  369          - 14849.6623      -     -    1s
     0     0 14851.0790    0  377          - 14851.0790      -     -    1s
     0     0 14851.3008    0  379          - 14851.3008      -     -    1s
     0     0 15010.9092    0  337          - 15010.9092      -     -    1s
     0     0 15115.9635    0  387          - 15115.9635      -     -    1s
     0     0 15121.4242    0  410          - 15121.4242      -     -    1s
     0     0 15129.4220    0  411          - 15129.4220      -     -    1s
     0     0 15130.1693    0  436          - 15130.1693      -     -    2s
     0     0 15181.7961    0  406          - 15181.7961      -     -    2s
     0     0 15191.4233    0  426          - 15191.4233      -     -    2s
     0     0 15199.2280    0  379          - 15199.2280      -     -    2s
     0     0 15202.5078    0  421          - 15202.5078      -     -    2s
     0     0 15202.9826    0  440          - 15202.9826      -     -    2s
