




arguments: ./build/mirp_solver -f ./input/orig_exec_70.cfg
Current dir: /scratch/gui/bnc_mirp
File verbosity level: 9
date       time         ( uptime  ) [ thread name/id ]                   file:line     v| 
2021-01-09 07:36:10.183 (   0.162s) [main thread     ]             loguru.cpp:789   INFO| Logging to './output/vi_hc1_quarter/OU/V5/Original/execution_09_01_2021_07_36_10.log', mode: 'a', verbosity: 9
--------------------------------------------------------------------------------
Parameters
                           instance_path           ./input/Instances/Original/2/
                            model_policy                                       1
                             nb_vehicles                                       5
                              output_dir ./output/vi_hc1_quarter/OU/V5/Original/
                            sec_strategy                                       1
                       solver_nb_threads                                       2
                         solver_show_log                                    true
                       solver_time_limit                                    3600
                              use_vi_cos                                   false
                              use_vi_cus                                   false
                         use_vi_hc1_full                                   false
                         use_vi_hc1_half                                   false
                      use_vi_hc1_quarter                                    true
                              use_vi_hc2                                   false
                              use_vi_hc3                                   false
                         use_vi_lex_full                                   false
                         use_vi_lex_half                                   false
                      use_vi_lex_quarter                                   false
                              use_vi_qua                                   false
                               use_vi_vc                                   false
                               use_vi_vr                                   false
--------------------------------------------------------------------------------
executing instance: ./input/Instances/Original/2/absH3high_3n40.dat
--------------------------------------------------------------------------------
Instance details
n	41
H	3
C	3283
Li:
[0, 0, 0, 0, 0, 0, 0, 0, 0, 0, 0, 0, 0, 0, 0, 0, 0, 0, 0, 0, 0, 0, 0, 0, 0, 0, 0, 0, 0, 0, 0, 0, 0, 0, 0, 0, 0, 0, 0, 0, 0, ]
Ui:
[0, 63, 111, 99, 96, 111, 282, 122, 156, 261, 42, 192, 126, 42, 162, 207, 159, 122, 102, 190, 118, 102, 132, 102, 165, 252, 66, 52, 22, 114, 210, 176, 116, 294, 78, 152, 210, 45, 130, 198, 174, ]
Distance matrix:
|0	208	225	252	227	143	258	127	267	150	28	83	163	286	57	149	201	137	214	255	70	73	107	186	328	266	249	343	222	177	293	144	262	215	167	120	169	218	143	173	255	|
|208	0	397	355	416	198	216	99	211	275	193	172	97	166	240	225	362	109	277	314	182	216	273	374	298	208	319	161	14	103	93	120	58	196	152	156	372	227	260	218	453	|
|225	397	0	427	53	364	482	343	492	129	253	225	382	386	171	188	39	291	187	195	295	182	282	55	326	491	180	551	408	315	457	366	455	275	392	244	221	439	341	214	101	|
|252	355	427	0	401	158	201	263	219	396	234	328	259	498	299	400	420	354	465	506	205	324	152	374	574	219	499	393	366	389	446	235	378	456	205	359	224	150	111	423	400	|
|227	416	53	401	0	357	477	352	489	165	253	245	389	424	179	223	85	315	234	245	293	200	264	42	375	488	231	565	428	344	484	370	474	314	392	270	184	430	325	252	50	|
|143	198	364	158	357	0	121	105	134	290	116	196	103	342	200	276	343	205	343	385	74	210	112	319	432	133	382	265	209	237	290	78	226	313	57	220	232	75	69	292	375	|
|258	216	482	201	477	121	0	168	18	397	230	293	135	381	314	372	459	275	437	480	188	317	228	439	501	18	479	197	222	296	290	132	212	386	95	306	347	58	173	381	496	|
|127	99	343	263	352	105	168	0	171	239	105	130	40	237	173	206	313	109	270	312	84	164	175	310	337	169	313	216	112	135	192	37	142	220	77	138	280	155	162	213	382	|
|267	211	492	219	489	134	18	171	0	404	240	298	136	376	323	376	468	276	441	483	198	324	243	450	500	2	483	181	215	294	281	136	202	386	102	309	363	75	189	384	509	|
|150	275	129	396	165	290	397	239	404	0	175	110	279	259	97	59	91	166	84	116	217	80	245	130	226	402	106	434	286	187	329	269	333	149	302	119	244	364	291	87	213	|
|28	193	253	234	253	116	230	105	240	175	0	94	139	286	84	167	229	136	234	275	43	96	98	212	341	238	271	320	206	175	281	118	244	225	140	128	180	191	124	189	280	|
|83	172	225	328	245	196	293	130	298	110	94	0	169	209	77	80	191	71	147	189	127	45	189	203	247	296	187	327	184	106	241	162	230	132	198	38	242	266	217	96	285	|
|163	97	382	259	389	103	135	40	136	279	139	169	0	253	212	244	353	141	307	349	110	203	194	347	366	133	350	183	107	161	187	27	124	251	56	175	306	133	169	249	418	|
|286	166	386	498	424	342	381	237	376	259	286	209	253	0	284	201	347	151	210	230	299	247	383	387	155	374	242	290	162	112	129	270	192	113	308	172	451	386	391	172	471	|
|57	240	171	299	179	200	314	173	323	97	84	77	212	284	0	112	145	147	170	208	127	38	148	137	299	321	201	386	253	183	315	195	297	195	222	112	171	275	195	142	214	|
|149	225	188	400	223	276	372	206	376	59	167	80	244	201	112	0	149	117	67	110	205	78	254	186	187	374	108	387	235	132	272	240	283	93	277	71	279	346	291	32	270	|
|201	362	39	420	85	343	459	313	468	91	229	191	353	347	145	149	0	254	149	160	272	150	271	66	290	466	146	518	373	278	419	339	420	235	367	207	227	418	327	175	135	|
|137	109	291	354	315	205	275	109	276	166	136	71	141	151	147	117	254	0	172	212	151	116	232	273	229	274	215	270	119	39	170	145	167	111	186	47	305	263	245	113	356	|
|214	277	187	465	234	343	437	270	441	84	234	147	307	210	170	67	149	172	0	42	272	141	317	205	144	439	43	437	284	175	307	305	331	99	343	132	327	413	357	60	283	|
|255	314	195	506	245	385	480	312	483	116	275	189	349	230	208	110	160	212	42	0	314	182	356	222	132	481	15	474	321	212	337	347	367	126	385	174	358	455	398	100	295	|
|70	182	295	205	293	74	188	84	198	217	43	127	110	299	127	205	272	151	272	314	0	137	91	253	370	196	310	292	195	188	274	85	226	252	99	155	197	148	94	223	316	|
|73	216	182	324	200	210	317	164	324	80	96	45	203	247	38	78	150	116	141	182	137	0	176	158	263	323	176	369	229	150	286	191	274	157	223	77	208	284	216	106	239	|
|107	273	282	152	264	112	228	175	243	245	98	189	194	383	148	254	271	232	317	356	91	176	0	231	435	242	349	371	286	271	365	167	315	321	164	224	120	174	61	280	274	|
|186	374	55	374	42	319	439	310	450	130	212	203	347	387	137	186	66	273	205	222	253	158	231	0	348	448	208	523	386	303	442	329	431	279	352	229	167	392	291	217	85	|
|328	298	326	574	375	432	501	337	500	226	341	247	366	155	299	187	290	229	144	132	370	263	435	348	0	498	147	441	299	206	283	374	338	119	414	215	465	492	463	157	425	|
|266	208	491	219	488	133	18	169	2	402	238	296	133	374	321	374	466	274	439	481	196	323	242	448	498	0	481	180	213	292	278	134	200	384	100	307	362	75	188	381	508	|
|249	319	180	499	231	382	479	313	483	106	271	187	350	242	201	108	146	215	43	15	310	176	349	208	147	481	0	480	326	217	346	347	373	135	385	175	347	454	392	103	280	|
|343	161	551	393	565	265	197	216	181	434	320	327	183	290	386	387	518	270	437	474	292	369	371	523	441	180	480	0	153	263	163	207	107	352	208	317	487	244	334	379	598	|
|222	14	408	366	428	209	222	112	215	286	206	184	107	162	253	235	373	119	284	321	195	229	286	386	299	213	326	153	0	109	81	132	48	201	162	167	386	236	272	226	466	|
|177	103	315	389	344	237	296	135	294	187	175	106	161	112	183	132	278	39	175	212	188	150	271	303	206	292	217	263	109	0	142	171	156	95	211	74	344	289	281	118	386	|
|293	93	457	446	484	290	290	192	281	329	281	241	187	129	315	272	419	170	307	337	274	286	365	442	283	278	346	163	81	142	0	212	79	211	241	214	461	311	353	254	525	|
|144	120	366	235	370	78	132	37	136	269	118	162	27	270	195	240	339	145	305	347	85	191	167	329	374	134	347	207	132	171	212	0	151	257	40	174	280	119	142	248	398	|
|262	58	455	378	474	226	212	142	202	333	244	230	124	192	297	283	420	167	331	367	226	274	315	431	338	200	373	107	48	156	79	151	0	245	173	214	421	237	293	273	510	|
|215	196	275	456	314	313	386	220	386	149	225	132	251	113	195	93	235	111	99	126	252	157	321	279	119	384	135	352	201	95	211	257	245	0	297	97	365	374	345	62	362	|
|167	152	392	205	392	57	95	77	102	302	140	198	56	308	222	277	367	186	343	385	99	223	164	352	414	100	385	208	162	211	241	40	173	297	0	213	283	79	126	287	415	|
|120	156	244	359	270	220	306	138	309	119	128	38	175	172	112	71	207	47	132	174	155	77	224	229	215	307	175	317	167	74	214	174	214	97	213	0	280	286	248	75	313	|
|169	372	221	224	184	232	347	280	363	244	180	242	306	451	171	279	227	305	327	358	197	208	120	167	465	362	347	487	386	344	461	280	421	365	283	280	0	291	175	310	176	|
|218	227	439	150	430	75	58	155	75	364	191	266	133	386	275	346	418	263	413	455	148	284	174	392	492	75	454	244	236	289	311	119	237	374	79	286	291	0	116	359	445	|
|143	260	341	111	325	69	173	162	189	291	124	217	169	391	195	291	327	245	357	398	94	216	61	291	463	188	392	334	272	281	353	142	293	345	126	248	175	116	0	313	335	|
|173	218	214	423	252	292	381	213	384	87	189	96	249	172	142	32	175	113	60	100	223	106	280	217	157	381	103	379	226	118	254	248	273	62	287	75	310	359	313	0	300	|
|255	453	101	400	50	375	496	382	509	213	280	285	418	471	214	270	135	356	283	295	316	239	274	85	425	508	280	598	466	386	525	398	510	362	415	313	176	445	335	300	0	|

--------------------------------------------------------------------------------
Building model...
	using lazy and cut (CVRPSEP package)
Solving IRP LP...
--------------------------------------------------------------------------------

Gurobi 9.1.0 (linux64) logging started Sat Jan  9 07:36:10 2021

Gurobi Optimizer version 9.1.0 build v9.1.0rc0 (linux64)
Thread count: 32 physical cores, 32 logical processors, using up to 2 threads
Optimize a model with 1745 rows, 13679 columns and 31700 nonzeros
Model fingerprint: 0x899a8071
Variable types: 764 continuous, 12915 integer (615 binary)
Coefficient statistics:
  Matrix range     [1e+00, 7e+02]
  Objective range  [1e-01, 6e+02]
  Bounds range     [1e+00, 3e+02]
  RHS range        [1e+01, 6e+03]
Presolve removed 263 rows and 1280 columns
Presolve time: 0.08s
Presolved: 1482 rows, 12399 columns, 27572 nonzeros
Variable types: 683 continuous, 11716 integer (11145 binary)

Root relaxation: objective 1.245109e+04, 1574 iterations, 0.05 seconds

    Nodes    |    Current Node    |     Objective Bounds      |     Work
 Expl Unexpl |  Obj  Depth IntInf | Incumbent    BestBd   Gap | It/Node Time

     0     0 12451.0885    0  135          - 12451.0885      -     -    0s
     0     0 12927.7655    0  231          - 12927.7655      -     -    0s
     0     0 12929.8792    0  244          - 12929.8792      -     -    0s
     0     0 12929.9970    0  243          - 12929.9970      -     -    0s
     0     0 13340.4256    0  210          - 13340.4256      -     -    1s
     0     0 13527.1879    0  228          - 13527.1879      -     -    1s
     0     0 13531.0526    0  250          - 13531.0526      -     -    1s
     0     0 13534.0430    0  257          - 13534.0430      -     -    1s
     0     0 13534.2961    0  264          - 13534.2961      -     -    1s
     0     0 13716.3366    0  258          - 13716.3366      -     -    1s
     0     0 13778.5326    0  256          - 13778.5326      -     -    2s
     0     0 13787.4654    0  319          - 13787.4654      -     -    2s
     0     0 13788.5093    0  302          - 13788.5093      -     -    2s
     0     0 13842.8119    0  345          - 13842.8119      -     -    2s
     0     0 13850.2872    0  359          - 13850.2872      -     -    3s
     0     0 13850.7759    0  345          - 13850.7759      -     -    3s
     0     0 13899.6028    0  397          - 13899.6028      -     -    3s
     0     0 13908.5644    0  403          - 13908.5644      -     -    4s
     0     0 13911.2708    0  365          - 13911.2708      -     -    4s
     0     0 13917.8553    0  375          - 13917.8553      -     -    4s
     0     0 13918.4483    0  390          - 13918.4483      -     -    4s
     0     0 13943.9997    0  455          - 13943.9997      -     -    4s
     0     0 13952.2498    0  450          - 13952.2498      -     -    5s
     0     0 13952.6100    0  446          - 13952.6100      -     -    5s
     0     0 13975.7163    0  468          - 13975.7163      -     -    5s
     0     0 13989.0794    0  452          - 13989.0794      -     -    6s
     0     0 13991.7852    0  458          - 13991.7852      -     -    6s
     0     0 13992.1597    0  513          - 13992.1597      -     -    6s
     0     0 14000.6728    0  383          - 14000.6728      -     -    6s
     0     0 14004.0734    0  419          - 14004.0734      -     -    7s
     0     0 14004.9281    0  395          - 14004.9281      -     -    7s
     0     0 14010.4691    0  373          - 14010.4691      -     -    7s
     0     0 14012.3207    0  416          - 14012.3207      -     -    7s
     0     2 14016.1982    0  391          - 14016.1982      -     -   11s
    18    21 14062.0535    5  533          - 14046.5517      -   771   15s
    52    56 14130.4646   18  490          - 14047.6454      -   678   20s
    99   106 14226.7268   30  396          - 14047.6454      -   569   25s
   167   177 14511.2651   48  251          - 14047.6454      -   470   30s
   250   275 15022.3512   74  207          - 14047.6454      -   401   35s
   385   400 15986.8576  128   64          - 14047.6454      -   317   40s
   575   591 15851.4067  138   86          - 14047.6454      -   243   45s
   808   857 14136.3856    9  476          - 14047.6535      -   194   50s
   983   964 14203.1910   11  515          - 14047.6535      -   166   55s
  1033   979 17558.8079  265  399          - 14047.6535      -   164   60s
  1046   988 17195.2169  191  598          - 14074.5507      -   162   65s
  1061   998 14331.3727   25  628          - 14098.1214      -   159   70s
  1069  1003 17140.9395  201  628          - 14106.3489      -   158   75s
  1082  1012 17611.5052  218  621          - 14114.1325      -   156   80s
  1088  1016 16763.7746  217  657          - 14114.6858      -   155   87s
  1095  1023 14187.8544   18  454          - 14121.7475      -   179   90s
  1107  1031 14210.4657   21  524          - 14143.4505      -   190   95s
  1122  1041 14234.6657   25  580          - 14143.4505      -   200  100s
  1149  1060 14359.8075   31  461          - 14143.4505      -   210  105s
  1171  1076 14345.6657   37  447          - 14143.4505      -   221  110s
  1197  1094 14383.8322   43  413          - 14143.4505      -   229  115s
  1234  1123 14437.3420   52  433          - 14143.4505      -   235  120s
  1270  1149 14503.6451   59  420          - 14143.4505      -   242  125s
  1300  1171 14636.0299   66  352          - 14143.4505      -   249  130s
  1349  1209 14865.5080   77  318          - 14143.4505      -   253  135s
  1415  1260 15041.7861   90  239          - 14143.4505      -   255  142s
  1481  1315 15105.8254  102  221          - 14143.4505      -   254  147s
  1562  1387 15217.8727  117  129          - 14143.4505      -   251  152s
  1622  1428 15385.2890  128  117          - 14143.4505      -   247  155s
  1748  1539 15726.6556  148  136          - 14143.4505      -   241  162s
  1836  1595 15817.1558  159  132          - 14143.4505      -   235  166s
  1935  1616 15882.7969  171  105          - 14143.4505      -   227  170s
  2061  1695 16583.9244  201   56          - 14143.4505      -   222  176s
  2162  1677 18187.5072  246   22          - 14176.8638      -   216  180s
  2209  1693 14593.5885   22  433          - 14176.8638      -   220  186s
  2236  1712 14602.6046   24  512          - 14176.8638      -   223  191s
  2267  1735 14636.0631   26  509          - 14176.8638      -   226  196s
  2302  1760 14745.6673   28  327          - 14176.8638      -   230  202s
  2338  1783 14869.9953   31  227          - 14176.8638      -   234  207s
  2357  1803 14880.5588   30  302          - 14176.8638      -   236  210s
  2432  1875 14882.2162   38  437          - 14176.8638      -   237  218s
  2484  1912 14890.4966   39  450          - 14176.8638      -   236  222s
  2543  2019 15039.9795   40  296          - 14176.8638      -   235  228s
  2681  2013 15026.3483   42  364          - 14176.8638      -   229  234s
  2737  2019 15068.6139   44  263          - 14176.8638      -   228  237s
  2752  2028 15214.0159   46  280          - 14176.8638      -   231  241s
  2784  2062 15256.3792   55  218          - 14176.8638      -   235  248s
  2811  2071 15433.7325   62  174          - 14176.8638      -   236  252s
  2829  2090 15453.3357   63  289          - 14176.8638      -   239  256s
  2854  2112 15510.4561   66  161          - 14176.8638      -   240  260s
  2918  2180 15660.4577   80  160          - 14176.8638      -   244  269s
  2954  2168 15034.1507   42  169          - 14176.8638      -   243  270s
  3011  2262 15868.5168   98  205          - 14176.8638      -   245  280s
  3086  2324 16056.9343  122  137          - 14176.8638      -   244  286s
  3173  2402 16271.7982  134  141          - 14176.8638      -   243  293s
  3265  2371 15466.6416   89  132          - 14176.8638      -   240  295s
  3280  2512 16590.3740  156  116          - 14176.8638      -   240  302s
  3432  2702 16757.2092  191   51          - 14176.8638      -   235  311s
  3675  2822 17253.9247  235   30          - 14190.8053      -   226  321s
* 3699  2688             249    17599.850000 14190.8053  19.4%   225  322s
  3962  2628 14450.6473   22  533 17599.8500 14190.8053  19.4%   215  332s
  4069  2624 14577.0412   28  627 17599.8500 14190.8053  19.4%   213  348s
  4071  2676 14645.5420   29  563 17599.8500 14190.8053  19.4%   213  355s
  4180  2690 14862.8457   34  413 17599.8500 14190.8053  19.4%   211  361s
  4194  2711 15129.5145   44  388 17599.8500 14190.8053  19.4%   213  365s
  4215  2755 15459.0570   58  314 17599.8500 14190.8053  19.4%   214  371s
  4259  2786 15785.0463   85  220 17599.8500 14190.8053  19.4%   215  389s
  4290  2883 16195.2360  103  219 17599.8500 14190.8053  19.4%   215  396s
  4387  2999 17083.1017  165  115 17599.8500 14209.6787  19.3%   214  405s
  4545  3048 14604.9842   24  229 17599.8500 14210.0544  19.3%   210  413s
  4601  3066 16447.4133   73    9 17599.8500 14215.3913  19.2%   210  421s
  4632  3100 16989.7935   77   46 17599.8500 14217.4329  19.2%   212  428s
  4679  3121 14443.9668   26  574 17599.8500 14217.4329  19.2%   213  434s
  4700  3138 14544.7229   26  435 17599.8500 14217.4329  19.2%   215  441s
  4717  3157 14716.0094   31  457 17599.8500 14217.4329  19.2%   217  447s
  4736  3186 14643.5305   34  450 17599.8500 14217.4329  19.2%   219  455s
  4765  3215 15083.1546   43  204 17599.8500 14217.4329  19.2%   221  463s
  4794  3261 15127.9461   49  238 17599.8500 14217.4329  19.2%   222  471s
  4840  3359 15821.8875   63   92 17599.8500 14217.4329  19.2%   224  484s
  4914  3359 17210.1356   94   52 17599.8500 14217.4329  19.2%   223  485s
  4942  3399 17397.4841   98   44 17599.8500 14217.5212  19.2%   223  494s
  5007  3435 14416.1429   21  674 17599.8500 14217.5212  19.2%   224  503s
  5043  3491 14780.3161   30  304 17599.8500 14217.5212  19.2%   225  512s
  5099  3615 15357.6522   59  122 17599.8500 14217.5212  19.2%   226  534s
  5123  3615 15609.2459   83  135 17599.8500 14217.5212  19.2%   226  535s
  5223  3696 16889.1509  164  121 17599.8500 14217.8018  19.2%   223  545s
  5319  3846 17511.6408  196   42 17599.8500 14222.2980  19.2%   224  557s
  5478  3893     cutoff  201      17599.8500 14222.5524  19.2%   223  569s
  5520  3893 17551.4704  160   74 17599.8500 14238.2408  19.1%   223  570s
  5560  4004 14828.5015   36  261 17599.8500 14238.2458  19.1%   224  581s
  5685  4096 14403.7582   30  609 17599.8500 14238.2458  19.1%   223  594s
  5722  4096 15844.2906   81   42 17599.8500 14238.2458  19.1%   224  595s
  5801  4127 14566.6741   37  272 17599.8500 14238.2458  19.1%   223  606s
  5835  4188 14686.7265   46  291 17599.8500 14238.2458  19.1%   225  616s
  5896  4346 14930.2525   61  169 17599.8500 14238.2458  19.1%   227  631s
  6097  4528 15187.1619   85   87 17599.8500 14246.9507  19.1%   224  647s
  6316  4569     cutoff  181      17599.8500 14247.1260  19.0%   221  661s
  6358  4645 15062.2701   43  379 17599.8500 14247.1260  19.0%   224  672s
  6434  4765 15780.7955   82  121 17599.8500 14247.6782  19.0%   225  696s
  6577  4880     cutoff  177      17599.8500 14251.3193  19.0%   223  711s
  6693  4958 15125.8857   34  452 17599.8500 14251.3193  19.0%   224  725s
  6803  5028 15438.2372   43  289 17599.8500 14251.3193  19.0%   225  738s
  6879  5054 16119.9808   65  113 17599.8500 14251.3193  19.0%   226  785s
  6903  5187 16263.7406   69  118 17599.8500 14258.3104  19.0%   226  801s
  7085  5267 14694.0689   25  536 17599.8500 14258.5833  19.0%   225  815s
  7165  5448 15508.4764   62  197 17599.8500 14258.7782  19.0%   227  830s
  7391  5682 14918.1304   34  324 17599.8500 14263.9070  19.0%   224  853s
  7544  5694 17590.9500  160    - 17599.8500 14263.9070  19.0%   222  855s
  7692  5778 14708.8657   35  420 17599.8500 14265.3038  18.9%   222  874s
  7771  6014 15020.4200   50  251 17599.8500 14265.3038  18.9%   225  898s
  7868  6014 15576.1321   97   36 17599.8500 14265.3038  18.9%   225  900s
  8012  6274 16414.6254  134   73 17599.8500 14265.4777  18.9%   225  923s
  8322  6461 15371.2282   66  340 17599.8500 14266.1574  18.9%   224  946s
  8549  6463 14916.4413   43  336 17599.8500 14266.2400  18.9%   223  971s
  8552  6640 14940.2363   44  298 17599.8500 14279.4146  18.9%   223  991s
  8767  6796 14540.7440   36  589 17599.8500 14279.4146  18.9%   223 1014s
  8917  6998 15048.1206   42  423 17599.8500 14279.4146  18.9%   225 1038s
  9064  6998 16338.1552   94   92 17599.8500 14279.4146  18.9%   224 1040s
  9143  7238 16651.7509  103   44 17599.8500 14280.9826  18.9%   225 1062s
  9429  7479 15170.4679   58  144 17599.8500 14286.2546  18.8%   224 1085s
  9745  7567     cutoff  179      17599.8500 14292.3359  18.8%   221 1106s
  9826  7791 15111.0295   59  191 17599.8500 14297.3878  18.8%   224 1127s
 10067  8022 15076.3396   42  214 17599.8500 14307.6283  18.7%   224 1149s
 10094  8022 15562.7199   69  147 17599.8500 14307.6283  18.7%   224 1150s
 10357  8226     cutoff  137      17599.8500 14309.2664  18.7%   222 1173s
 10596  8402     cutoff  138      17599.8500 14310.7945  18.7%   222 1195s
 10811  8467     cutoff  141      17599.8500 14311.7731  18.7%   222 1214s
 10895  8606 15168.8522   43  271 17599.8500 14311.8620  18.7%   224 1234s
 10967  8606 15555.3398   82   27 17599.8500 14311.8620  18.7%   224 1235s
 11044  8866 15732.9060   94   73 17599.8500 14323.7283  18.6%   225 1255s
 11364  8969 17158.2700  155    - 17599.8500 14328.3127  18.6%   224 1277s
 11467  9091 17228.9936  155   15 17599.8500 14329.7249  18.6%   225 1297s
*11548  7218             136    16600.920000 14334.8789  13.7%   226 1298s
*11550  6919             135    16488.920000 14334.8789  13.1%   225 1298s
 11601  7055     cutoff  168      16488.9200 14334.8875  13.1%   226 1317s
 11778  7168 infeasible  117      16488.9200 14346.2738  13.0%   227 1337s
 11907  7301 16218.2305   72  151 16488.9200 14346.8675  13.0%   228 1356s
 12067  7423 16248.8883   80  193 16488.9200 14348.0106  13.0%   229 1377s
 12209  7652 15400.5666   74  133 16488.9200 14349.4262  13.0%   230 1399s
 12233  7652 15858.0393   98  141 16488.9200 14349.4262  13.0%   230 1400s
 12486  7751 infeasible  135      16488.9200 14359.1463  12.9%   229 1422s
 12585  8018 14874.9515   42  180 16488.9200 14359.9158  12.9%   231 1446s
 12914  8168     cutoff  117      16488.9200 14363.3719  12.9%   230 1473s
 13067  8168 16456.8404   95   21 16488.9200 14364.0101  12.9%   230 1475s
 13086  8326 15359.5851   73  285 16488.9200 14364.0702  12.9%   230 1494s
 13110  8326 16022.1929   97  105 16488.9200 14364.0702  12.9%   230 1495s
 13286  8390     cutoff  126      16488.9200 14366.6033  12.9%   230 1516s
 13354  8596 15016.4663   53  326 16488.9200 14369.1779  12.9%   232 1538s
 13475  8597 15014.4892   54  403 16488.9200 14370.0970  12.8%   232 1540s
 13580  8701     cutoff  152      16488.9200 14370.1460  12.8%   232 1561s
 13702  8893 14835.6557   40  356 16488.9200 14372.8429  12.8%   233 1583s
 13799  8893 15325.4104   90  100 16488.9200 14372.8429  12.8%   233 1585s
 13901  9161 15611.3200  103   72 16488.9200 14375.4634  12.8%   234 1610s
 14290  9334 15092.5788   76  277 16488.9200 14377.2769  12.8%   231 1634s
 14338  9334 15842.2476  124   87 16488.9200 14377.2769  12.8%   231 1635s
 14460  9561 14966.4428   54  507 16488.9200 14377.6586  12.8%   231 1657s
 14735  9667     cutoff  141      16488.9200 14378.8323  12.8%   231 1680s
 14860  9796 16102.9484   75  160 16488.9200 14380.0849  12.8%   232 1702s
 15013  9948 15689.1361   68  182 16488.9200 14380.8524  12.8%   232 1725s
 15201 10051 15626.3234   47  366 16488.9200 14384.1935  12.8%   232 1748s
 15316 10225 15133.3196   31  281 16488.9200 14385.5834  12.8%   233 1772s
 15519 10297 14564.4299   31  574 16488.9200 14387.0364  12.7%   233 1795s
 15594 10527 15395.6813   43  277 16488.9200 14387.2538  12.7%   234 1820s
 15880 10648 14593.7852   32  590 16488.9200 14387.7374  12.7%   234 1844s
 16009 10771 15954.5399   76  227 16488.9200 14388.3531  12.7%   235 1867s
 16180 10917 15208.9534   48  373 16488.9200 14392.1718  12.7%   235 1890s
 16341 11071 infeasible  129      16488.9200 14392.1932  12.7%   236 1912s
 16524 11136 16385.9872   78   64 16488.9200 14392.9307  12.7%   236 1947s
H16641 11093                    16466.920000 14393.3764  12.6%   236 1948s
 16642 11181     cutoff   87      16466.9200 14394.2906  12.6%   236 1969s
 16710 11181 15884.8321   81  135 16466.9200 14394.7682  12.6%   237 1970s
 16754 11297 15299.5494   37  197 16466.9200 14395.8087  12.6%   237 1991s
 16898 11482 14758.4262   53  331 16466.9200 14396.2382  12.6%   238 2014s
 16971 11482 16083.6310  126   38 16466.9200 14396.2382  12.6%   237 2015s
*17105 11564             141    16466.560000 14396.2643  12.6%   238 2037s
 17201 11688 15218.5504   32  306 16466.5600 14396.9339  12.6%   239 2059s
 17235 11688 15326.2752   50  146 16466.5600 14396.9339  12.6%   239 2060s
 17327 11940 15633.5536   79   89 16466.5600 14398.9468  12.6%   240 2084s
 17375 11940 15807.9774  100   24 16466.5600 14398.9468  12.6%   240 2085s
 17631 12069     cutoff  125      16466.5600 14399.9418  12.6%   239 2107s
 17769 12166     cutoff  128      16466.5600 14400.6192  12.5%   240 2129s
 17885 12320 15019.4044   48  498 16466.5600 14401.1055  12.5%   240 2150s
 18089 12460 14931.0020   29  230 16466.5600 14402.6848  12.5%   241 2174s
 18121 12460 15394.4848   61  152 16466.5600 14402.6848  12.5%   241 2175s
 18248 12608     cutoff  130      16466.5600 14404.3266  12.5%   241 2197s
 18425 12802 14971.8770   33  422 16466.5600 14406.0847  12.5%   241 2220s
 18652 12962 16228.7137  118   47 16466.5600 14407.4590  12.5%   241 2242s
 18867 13031 infeasible   95      16466.5600 14408.5810  12.5%   241 2264s
 18927 13031     cutoff  137      16466.5600 14408.7794  12.5%   241 2265s
 18959 13206 14836.1120   38  276 16466.5600 14408.9048  12.5%   242 2285s
 19168 13431 15420.6571   42  436 16466.5600 14410.0246  12.5%   242 2311s
 19389 13431 16181.9610  111   60 16466.5600 14410.0246  12.5%   242 2315s
 19417 13581 15996.9390   81  158 16466.5600 14410.3195  12.5%   242 2335s
 19625 13772 15296.7400   54  334 16466.5600 14412.1053  12.5%   242 2358s
 19850 13852 14864.8401   29  619 16466.5600 14412.1245  12.5%   241 2380s
 19931 14062 15842.3698   67  184 16466.5600 14414.7191  12.5%   242 2402s
 20174 14160 14844.3885   37  522 16466.5600 14414.9289  12.5%   242 2424s
 20286 14388 15059.6849   52  367 16466.5600 14416.1751  12.5%   243 2448s
 20572 14502     cutoff  126      16466.5600 14416.7301  12.4%   243 2472s
 20705 14659 15659.4772   63  193 16466.5600 14416.9892  12.4%   243 2494s
 20729 14659 15807.3465   87   76 16466.5600 14416.9892  12.4%   243 2495s
 20888 14799 15210.3876   60  194 16466.5600 14419.0578  12.4%   243 2518s
 21046 14799 15014.3934   59  158 16466.5600 14419.0829  12.4%   243 2520s
 21077 14970 15038.2824   44  368 16466.5600 14419.1404  12.4%   243 2540s
 21275 15042     cutoff  126      16466.5600 14419.7697  12.4%   243 2561s
 21349 15193 15200.7210   58  280 16466.5600 14422.5970  12.4%   244 2582s
 21530 15339 14854.5613   36  294 16466.5600 14423.2940  12.4%   244 2604s
 21558 15339 15351.2974   64  252 16466.5600 14423.2940  12.4%   245 2605s
 21704 15371 14561.7444   37  561 16466.5600 14423.7976  12.4%   245 2633s
 21736 15535 14925.1085   57  468 16466.5600 14424.1205  12.4%   245 2654s
 21808 15535 16154.4610  129   86 16466.5600 14424.1205  12.4%   245 2655s
 21950 15714 15112.2005   41  419 16466.5600 14425.5229  12.4%   245 2676s
 22157 15899 15419.0774   54  176 16466.5600 14426.0774  12.4%   245 2699s
 22233 15899 14796.7476   45  181 16466.5600 14426.0774  12.4%   245 2700s
 22374 16011 15001.1567   59  344 16466.5600 14427.3195  12.4%   245 2722s
 22520 16107 14643.1186   38  492 16466.5600 14428.5606  12.4%   245 2743s
 22615 16389 14935.5524   53  203 16466.5600 14429.9711  12.4%   246 2768s
 23007 16497     cutoff  117      16466.5600 14430.5195  12.4%   245 2791s
 23109 16659 15669.1050   87   60 16466.5600 14430.9678  12.4%   246 2812s
 23303 16829 15250.6453   74   63 16466.5600 14432.5574  12.4%   246 2835s
 23514 16990 16410.6400  129    8 16466.5600 14432.6018  12.4%   246 2858s
 23595 16992 16257.6317  118   49 16466.5600 14432.6018  12.4%   246 2860s
 23686 17197 14592.6960   35  415 16466.5600 14432.6018  12.4%   246 2884s
 23718 17197 15614.3454   90   99 16466.5600 14432.6018  12.4%   247 2885s
 23915 17307 14975.6378   52  182 16466.5600 14432.6018  12.4%   246 2907s
 24025 17603 15364.0657   81  125 16466.5600 14434.1204  12.3%   247 2932s
 24217 17608 15829.9174  143   14 16466.5600 14434.1204  12.3%   245 2935s
 24375 17711     cutoff  160      16466.5600 14435.1470  12.3%   245 2957s
 24476 17963 15754.1672   70  183 16466.5600 14435.3197  12.3%   246 2982s
 24646 17963 15523.5617   95   94 16466.5600 14435.3861  12.3%   246 2985s
 24757 18049 15194.7055   52  371 16466.5600 14435.3886  12.3%   246 3006s
 24869 18185 14961.6826   32  486 16466.5600 14435.3908  12.3%   246 3028s
 24968 18185 15929.2048   64  139 16466.5600 14435.3908  12.3%   247 3030s
 25007 18323 15724.1711   56  165 16466.5600 14436.2390  12.3%   247 3052s
 25206 18416 14989.8096   47  413 16466.5600 14437.1248  12.3%   247 3074s
 25271 18416 16456.2706  112  185 16466.5600 14437.1248  12.3%   247 3075s
 25299 18482     cutoff  113      16466.5600 14437.2816  12.3%   248 3095s
 25381 18653 15328.7374   61  241 16466.5600 14437.3052  12.3%   248 3117s
 25566 18839 15182.3024   49  306 16466.5600 14437.4616  12.3%   248 3141s
 25808 18989 14854.3748   43  290 16466.5600 14438.6121  12.3%   248 3164s
 25852 18989 16131.8037   87  114 16466.5600 14438.6121  12.3%   248 3165s
 25961 19199 14857.0903   39  446 16466.5600 14439.5475  12.3%   248 3188s
 26107 19201 16000.5104  118    4 16466.5600 14439.9227  12.3%   248 3190s
 26243 19265 14813.2271   29  527 16466.5600 14439.9227  12.3%   248 3210s
 26306 19389 15569.0960   67  230 16466.5600 14440.9462  12.3%   248 3231s
 26441 19533     cutoff  124      16466.5600 14440.9957  12.3%   249 3256s
 26605 19810 14738.5541   35  496 16466.5600 14440.9957  12.3%   249 3281s
 26931 19907 16389.3577  149   14 16466.5600 14442.3765  12.3%   249 3304s
 26973 19907 15506.1763   66  206 16466.5600 14442.3765  12.3%   249 3305s
 27038 20061 15778.7833   88   77 16466.5600 14443.6712  12.3%   249 3329s
 27134 20061 15238.8206   56  250 16466.5600 14443.6712  12.3%   249 3330s
 27238 20245 15365.5157   65  242 16466.5600 14444.4629  12.3%   249 3353s
 27455 20363     cutoff  148      16466.5600 14444.6356  12.3%   249 3377s
 27597 20468 14938.3774   37  438 16466.5600 14445.4286  12.3%   249 3401s
 27698 20615 15725.5522   76   80 16466.5600 14445.6312  12.3%   250 3424s
 27747 20615 16117.3602   96   58 16466.5600 14445.6312  12.3%   250 3425s
 27873 20779 15539.1309   58  280 16466.5600 14446.0693  12.3%   250 3450s
 28047 20923 14862.6883   35  376 16466.5600 14446.2171  12.3%   250 3475s
 28228 21036 14482.5235   25  581 16466.5600 14446.4005  12.3%   250 3500s
 28351 21183 15318.5543   53  460 16466.5600 14446.8722  12.3%   251 3524s
 28407 21183 16401.1568  109   54 16466.5600 14446.8722  12.3%   251 3525s
 28525 21320 14868.1452   34  327 16466.5600 14447.3397  12.3%   251 3549s
 28549 21320 15838.7182   58  195 16466.5600 14447.3397  12.3%   251 3550s
 28696 21416 14954.1277   28  505 16466.5600 14448.5328  12.3%   251 3574s
 28720 21416 16007.9432   52  209 16466.5600 14448.5328  12.3%   251 3575s
 28823 21594 14679.3084   44  494 16466.5600 14449.4273  12.2%   251 3599s
 28879 21594 15763.3377  100  132 16466.5600 14449.4273  12.2%   251 3600s

Cutting planes:
  User: 4127
  Gomory: 32
  Cover: 682
  Implied bound: 122
  Projected implied bound: 1
  Clique: 12
  MIR: 331
  StrongCG: 2
  Flow cover: 785
  Zero half: 45
  Network: 1
  RLT: 588
  Relax-and-lift: 21
  Lazy constraints: 2883

Explored 29034 nodes (7307681 simplex iterations) in 3601.87 seconds
Thread count was 2 (of 32 available processors)

Solution count 5: 16466.6 16466.9 16488.9 ... 17599.9

Time limit reached
Best objective 1.646656000000e+04, best bound 1.445064729460e+04, gap 12.2425%

User-callback calls 332483, time in user-callback 268.04 sec
================================================================================
executing instance: ./input/Instances/Original/2/absH3high_4n10.dat
--------------------------------------------------------------------------------
Instance details
n	11
H	3
C	822
Li:
[0, 0, 0, 0, 0, 0, 0, 0, 0, 0, 0, ]
Ui:
[0, 102, 52, 88, 182, 153, 138, 38, 165, 297, 86, ]
Distance matrix:
|0	285	411	382	327	239	148	256	307	36	383	|
|285	0	352	98	249	103	227	235	120	268	209	|
|411	352	0	395	106	430	263	549	234	429	174	|
|382	98	395	0	302	173	320	288	168	364	227	|
|327	249	106	302	0	324	179	444	135	339	109	|
|239	103	430	173	324	0	241	132	212	212	305	|
|148	227	263	320	179	241	0	325	192	165	249	|
|256	235	549	288	444	132	325	0	342	220	436	|
|307	120	234	168	135	212	192	342	0	304	94	|
|36	268	429	364	339	212	165	220	304	0	386	|
|383	209	174	227	109	305	249	436	94	386	0	|

--------------------------------------------------------------------------------
Building model...
	using lazy and cut (CVRPSEP package)
Solving IRP LP...
--------------------------------------------------------------------------------

Gurobi 9.1.0 (linux64) logging started Sat Jan  9 08:36:12 2021

Gurobi Optimizer version 9.1.0 build v9.1.0rc0 (linux64)
Thread count: 32 physical cores, 32 logical processors, using up to 2 threads
Optimize a model with 449 rows, 1184 columns and 3332 nonzeros
Model fingerprint: 0xa792f104
Variable types: 194 continuous, 990 integer (165 binary)
Coefficient statistics:
  Matrix range     [1e+00, 3e+02]
  Objective range  [2e-01, 5e+02]
  Bounds range     [1e+00, 3e+02]
  RHS range        [2e+01, 1e+03]
Presolve removed 87 rows and 161 columns
Presolve time: 0.01s
Presolved: 362 rows, 1023 columns, 2613 nonzeros
Variable types: 165 continuous, 858 integer (720 binary)
Found heuristic solution: objective 7882.2800000

Root relaxation: objective 4.612348e+03, 654 iterations, 0.02 seconds

    Nodes    |    Current Node    |     Objective Bounds      |     Work
 Expl Unexpl |  Obj  Depth IntInf | Incumbent    BestBd   Gap | It/Node Time

     0     0 4612.34757    0   53 7882.28000 4612.34757  41.5%     -    0s
     0     0 4798.90850    0   57 7882.28000 4798.90850  39.1%     -    0s
     0     0 4967.75378    0   80 7882.28000 4967.75378  37.0%     -    0s
     0     0 4969.60441    0   90 7882.28000 4969.60441  37.0%     -    0s
     0     0 5094.46686    0   98 7882.28000 5094.46686  35.4%     -    0s
     0     0 5108.86489    0   90 7882.28000 5108.86489  35.2%     -    0s
     0     0 5116.51940    0  100 7882.28000 5116.51940  35.1%     -    0s
     0     0 5149.78575    0  106 7882.28000 5149.78575  34.7%     -    0s
     0     0 5151.24035    0  117 7882.28000 5151.24035  34.6%     -    0s
     0     0 5151.24035    0  117 7882.28000 5151.24035  34.6%     -    0s
     0     0 5224.59805    0   88 7882.28000 5224.59805  33.7%     -    0s
     0     0 5234.20957    0   99 7882.28000 5234.20957  33.6%     -    0s
     0     0 5235.06284    0  106 7882.28000 5235.06284  33.6%     -    0s
     0     0 5235.18740    0  106 7882.28000 5235.18740  33.6%     -    0s
     0     0 5286.91214    0   98 7882.28000 5286.91214  32.9%     -    0s
     0     0 5304.38871    0  107 7882.28000 5304.38871  32.7%     -    0s
     0     0 5305.32878    0  122 7882.28000 5305.32878  32.7%     -    0s
     0     0 5305.98316    0  132 7882.28000 5305.98316  32.7%     -    0s
     0     0 5307.04091    0  111 7882.28000 5307.04091  32.7%     -    0s
     0     0 5319.21327    0  123 7882.28000 5319.21327  32.5%     -    0s
     0     0 5335.71794    0  121 7882.28000 5335.71794  32.3%     -    0s
     0     0 5337.67517    0  120 7882.28000 5337.67517  32.3%     -    0s
     0     0 5339.34296    0  131 7882.28000 5339.34296  32.3%     -    0s
     0     0 5339.34296    0  131 7882.28000 5339.34296  32.3%     -    0s
     0     0 5376.81830    0  131 7882.28000 5376.81830  31.8%     -    0s
     0     0 5383.27757    0  129 7882.28000 5383.27757  31.7%     -    0s
     0     0 5383.27757    0  135 7882.28000 5383.27757  31.7%     -    0s
     0     0 5396.57320    0  140 7882.28000 5396.57320  31.5%     -    0s
     0     0 5397.55335    0  132 7882.28000 5397.55335  31.5%     -    0s
     0     0 5397.85666    0  121 7882.28000 5397.85666  31.5%     -    0s
     0     0 5404.30532    0  133 7882.28000 5404.30532  31.4%     -    0s
     0     0 5404.30532    0  126 7882.28000 5404.30532  31.4%     -    0s
     0     2 5408.04269    0  119 7882.28000 5408.04269  31.4%     -    0s
H   56    55                    7442.2800000 5422.22142  27.1%   117    1s
H   84    87                    7345.9300000 5422.22142  26.2%   102    1s
H  173   165                    7282.9300000 5422.22142  25.5%  78.5    1s
H  176   165                    7071.9300000 5422.22142  23.3%  78.3    1s
H  183   176                    7059.9300000 5422.22142  23.2%  77.8    1s
H  269   237                    6901.1700000 5452.66594  21.0%  80.3    2s
H  282   245                    6844.1700000 5452.66594  20.3%  79.5    2s
   738   628 6512.08929   89   85 6844.17000 5505.11908  19.6%  70.2    5s
   903   718 6583.30921   42   26 6844.17000 5727.71233  16.3%  94.0   10s
  1324   812 6443.73886   44   63 6844.17000 5749.54249  16.0%   104   15s
  1868  1050 6230.25155   23  135 6844.17000 5845.61046  14.6%   101   20s
  2409  1218 6651.48214   76  126 6844.17000 5905.07050  13.7%  99.3   25s
  2911  1504 6305.21342   38  129 6844.17000 5939.69184  13.2%   101   30s
  3472  1838 6278.32266   26   67 6844.17000 5993.57266  12.4%   100   35s
  4020  2199 6752.82159   39  102 6844.17000 6013.17967  12.1%   100   40s
* 4306  2242              50    6793.2600000 6021.18342  11.4%   100   41s
  4614  2489 6508.91852   23  173 6793.26000 6047.28646  11.0%   101   45s
  5153  2811 6396.50546   37   95 6793.26000 6072.60699  10.6%   102   51s
H 5739  3096                    6793.2599946 6087.19188  10.4%   101   54s
  5867  3274 6758.84372   33   93 6793.25999 6090.96536  10.3%   101   56s
H 6157  3366                    6785.3900000 6099.22929  10.1%  99.4   58s
H 6422  3468                    6777.4700000 6108.70748  9.87%   100   59s
  6596  3601 6488.08965   39  140 6777.47000 6113.48944  9.80%  98.8   61s
