




arguments: ./build/mirp_solver -f ./input/orig_exec_187.cfg
Current dir: /scratch/gui/bnc_mirp
File verbosity level: 9
date       time         ( uptime  ) [ thread name/id ]                   file:line     v| 
2021-01-10 07:12:03.263 (   0.840s) [main thread     ]             loguru.cpp:789   INFO| Logging to './output/vi_hc1_quarter/OU/V5/Original/execution_10_01_2021_07_12_03.log', mode: 'a', verbosity: 9
--------------------------------------------------------------------------------
Parameters
                           instance_path           ./input/Instances/Original/5/
                            model_policy                                       1
                             nb_vehicles                                       5
                              output_dir ./output/vi_hc1_quarter/OU/V5/Original/
                            sec_strategy                                       1
                       solver_nb_threads                                       2
                         solver_show_log                                    true
                       solver_time_limit                                    3600
                              use_vi_cos                                   false
                              use_vi_cus                                   false
                         use_vi_hc1_full                                   false
                         use_vi_hc1_half                                   false
                      use_vi_hc1_quarter                                    true
                              use_vi_hc2                                   false
                              use_vi_hc3                                   false
                         use_vi_lex_full                                   false
                         use_vi_lex_half                                   false
                      use_vi_lex_quarter                                   false
                              use_vi_qua                                   false
                               use_vi_vc                                   false
                               use_vi_vr                                   false
--------------------------------------------------------------------------------
executing instance: ./input/Instances/Original/5/absH3low_4n50.dat
--------------------------------------------------------------------------------
Instance details
n	51
H	3
C	4066
Li:
[0, 0, 0, 0, 0, 0, 0, 0, 0, 0, 0, 0, 0, 0, 0, 0, 0, 0, 0, 0, 0, 0, 0, 0, 0, 0, 0, 0, 0, 0, 0, 0, 0, 0, 0, 0, 0, 0, 0, 0, 0, 0, 0, 0, 0, 0, 0, 0, 0, 0, 0, ]
Ui:
[0, 108, 126, 122, 66, 120, 48, 30, 128, 54, 158, 198, 36, 66, 210, 234, 147, 297, 171, 128, 116, 120, 219, 70, 294, 207, 134, 128, 234, 122, 22, 183, 195, 255, 132, 124, 66, 189, 219, 66, 128, 102, 288, 66, 87, 136, 36, 39, 282, 36, 237, ]
Distance matrix:
|0	210	444	498	509	104	438	228	487	304	456	434	526	476	163	47	293	396	293	290	313	85	280	437	293	336	409	106	449	376	433	478	193	404	404	534	278	181	380	507	189	438	263	473	353	216	202	218	452	254	465	|
|210	0	299	507	359	106	345	409	358	411	320	402	555	448	136	200	289	264	306	427	141	222	83	348	264	320	283	303	380	208	258	357	170	348	475	542	243	347	355	379	65	479	172	373	355	251	112	229	402	210	300	|
|444	299	0	363	65	358	116	542	66	440	26	241	425	272	282	407	251	51	276	490	159	397	224	124	217	237	48	490	170	99	83	74	261	180	430	385	214	479	231	85	270	390	184	116	271	300	409	276	210	215	54	|
|498	507	363	0	385	482	246	424	326	254	343	123	63	93	388	452	221	337	211	314	428	414	480	239	243	187	324	463	194	418	438	307	346	188	156	36	264	392	156	326	444	87	340	258	154	286	603	294	153	297	417	|
|509	359	65	385	0	422	145	602	59	492	59	269	448	292	348	472	305	115	329	545	218	462	281	152	274	286	106	554	192	153	116	78	326	216	472	403	274	540	271	63	334	425	249	127	316	361	468	337	233	278	69	|
|104	106	358	482	422	0	372	309	408	337	374	396	521	441	98	96	262	314	271	342	215	124	177	373	249	302	329	198	394	281	337	402	139	353	419	518	230	250	343	428	90	437	188	405	328	200	134	188	406	199	372	|
|438	345	116	246	145	372	0	485	87	357	97	126	309	155	279	394	180	101	200	414	223	373	288	8	157	150	84	459	53	188	196	68	245	72	328	269	165	427	128	97	297	280	184	36	175	250	456	233	94	184	170	|
|228	409	542	424	602	309	485	0	561	170	544	419	424	446	298	214	305	491	286	115	462	187	457	480	331	339	496	124	470	510	565	545	295	424	279	454	329	66	376	576	363	340	370	520	330	242	429	266	453	328	581	|
|487	358	66	326	59	408	87	561	0	441	40	211	389	233	324	446	258	95	281	497	220	431	287	95	230	234	79	522	133	164	146	19	297	160	415	344	233	500	215	21	323	367	224	68	261	320	470	299	174	242	106	|
|304	411	440	254	492	337	357	170	441	0	434	266	255	286	275	266	189	392	164	63	408	225	428	351	224	207	392	234	330	438	484	424	250	287	112	284	232	149	233	453	349	170	302	389	185	168	471	195	305	248	487	|
|456	320	26	343	59	374	97	544	40	434	0	223	406	252	294	418	247	60	271	487	181	405	247	105	215	229	49	498	149	124	109	48	270	165	419	364	215	482	218	60	288	375	194	92	261	302	431	279	190	220	75	|
|434	402	241	123	269	396	126	419	211	266	223	0	185	46	298	387	140	213	145	328	310	355	366	118	147	97	201	425	78	295	315	191	256	65	211	151	166	371	53	215	343	157	231	145	90	220	505	217	41	198	295	|
|526	555	425	63	448	521	309	424	389	255	406	185	0	156	430	481	266	398	252	310	485	442	534	301	293	237	386	480	257	478	500	370	390	249	145	55	313	401	212	389	491	89	392	321	201	322	646	334	216	345	479	|
|476	448	272	93	292	441	155	446	233	286	252	46	156	0	343	429	183	250	184	348	353	396	411	148	192	140	236	461	102	334	350	214	302	106	214	113	212	402	98	233	389	151	277	165	125	261	551	260	62	244	325	|
|163	136	282	388	348	98	279	298	324	275	294	298	430	343	0	124	167	234	178	296	167	121	162	279	151	205	247	216	297	224	280	316	42	256	340	423	132	232	246	344	74	349	100	314	233	115	216	97	308	101	307	|
|47	200	407	452	472	96	394	214	446	266	418	387	481	429	124	0	246	358	245	259	284	41	261	392	247	289	370	103	403	345	402	436	150	358	361	488	232	158	333	466	165	393	223	430	306	168	217	171	406	210	431	|
|293	289	251	221	305	262	180	305	258	189	247	140	266	183	167	246	0	204	26	240	238	215	276	175	37	43	203	289	169	255	297	242	125	122	202	257	52	248	87	272	225	191	134	215	67	80	382	77	163	81	298	|
|396	264	51	337	115	314	101	491	95	392	60	213	398	250	234	358	204	0	229	442	130	347	196	108	169	194	19	440	152	87	102	93	211	149	390	363	165	428	194	116	228	355	134	117	230	250	376	225	189	164	95	|
|293	306	276	211	329	271	200	286	281	164	271	145	252	184	178	245	26	229	0	216	262	212	297	195	63	53	228	280	184	280	323	264	138	137	178	248	76	232	95	294	241	173	156	234	60	77	395	83	172	102	324	|
|290	427	490	314	545	342	414	115	497	63	487	328	310	348	296	259	240	442	216	0	443	220	456	408	273	264	443	204	390	479	529	480	278	346	165	343	278	115	293	509	369	229	340	447	244	202	473	230	366	288	536	|
|313	141	159	428	218	215	223	462	220	408	181	310	485	353	167	284	238	130	262	443	0	288	67	228	202	252	149	382	267	67	122	221	168	247	440	459	186	396	273	241	125	423	107	245	291	242	251	214	297	162	160	|
|85	222	397	414	462	124	373	187	431	225	405	355	442	396	121	41	215	347	212	220	288	0	273	371	221	258	357	95	378	344	401	420	136	331	321	450	208	126	302	450	177	353	213	409	272	136	253	143	377	190	426	|
|280	83	224	480	281	177	288	457	287	428	247	366	534	411	162	261	276	196	297	456	67	273	0	292	243	298	215	363	329	128	176	288	179	305	475	513	224	392	324	307	96	466	143	311	335	261	187	235	357	195	219	|
|437	348	124	239	152	373	8	480	95	351	105	118	301	148	279	392	175	108	195	408	228	371	292	0	154	144	91	456	46	194	203	76	244	65	320	261	163	423	121	103	299	273	185	40	168	247	459	230	86	183	178	|
|293	264	217	243	274	249	157	331	230	224	215	147	293	192	151	247	37	169	63	273	202	221	243	154	0	57	170	303	157	217	260	215	110	111	238	278	21	271	94	245	201	223	100	193	92	93	362	78	160	54	263	|
|336	320	237	187	286	302	150	339	234	207	229	97	237	140	205	289	43	194	53	264	252	258	298	144	57	0	190	331	131	257	294	216	163	84	197	221	77	285	44	246	258	172	155	183	39	123	418	119	120	110	288	|
|409	283	48	324	106	329	84	496	79	392	49	201	386	236	247	370	203	19	228	443	149	357	215	91	170	190	0	449	136	105	114	75	221	138	384	349	168	434	185	99	245	346	146	98	224	255	394	231	174	171	99	|
|106	303	490	463	554	198	459	124	522	234	498	425	480	461	216	103	289	440	280	204	382	95	363	456	303	331	449	0	458	439	496	510	229	410	344	498	293	89	374	540	267	391	307	495	336	211	308	226	451	280	520	|
|449	380	170	194	192	394	53	470	133	330	149	78	257	102	297	403	169	152	184	390	267	378	329	46	157	131	136	458	0	238	249	114	259	47	287	216	171	416	96	137	327	235	211	67	145	247	488	235	41	197	223	|
|376	208	99	418	153	281	188	510	164	438	124	295	478	334	224	345	255	87	280	479	67	344	128	194	217	257	105	439	238	0	57	169	216	230	453	445	206	445	268	184	191	427	141	202	296	278	315	250	274	191	92	|
|433	258	83	438	116	337	196	565	146	484	109	315	500	350	280	402	297	102	323	529	122	401	176	203	260	294	114	496	249	57	0	157	271	252	490	463	251	499	296	162	247	457	195	199	331	329	362	302	288	241	47	|
|478	357	74	307	78	402	68	545	19	424	48	191	370	214	316	436	242	93	264	480	221	420	288	76	215	216	75	510	114	169	157	0	287	141	396	325	219	485	196	31	319	347	216	49	243	306	469	286	154	230	120	|
|193	170	261	346	326	139	245	295	297	250	270	256	390	302	42	150	125	211	138	278	168	136	179	244	110	163	221	229	259	216	271	287	0	216	305	382	91	229	204	316	105	310	78	280	192	83	257	60	268	62	292	|
|404	348	180	188	216	353	72	424	160	287	165	65	249	106	256	358	122	149	137	346	247	331	305	65	111	84	138	410	47	230	252	141	216	0	255	215	126	369	56	168	292	210	177	102	103	200	454	189	54	155	234	|
|404	475	430	156	472	419	328	279	415	112	419	211	145	214	340	361	202	390	178	165	440	321	475	320	238	197	384	344	287	453	490	396	305	255	0	181	254	261	201	422	410	69	335	353	160	225	551	246	252	280	482	|
|534	542	385	36	403	518	269	454	344	284	364	151	55	113	423	488	257	363	248	343	459	450	513	261	278	221	349	498	216	445	463	325	382	215	181	0	298	425	189	342	479	115	373	276	190	323	638	330	175	332	439	|
|278	243	214	264	274	230	165	329	233	232	215	166	313	212	132	232	52	165	76	278	186	208	224	163	21	77	168	293	171	206	251	219	91	126	254	298	0	267	114	250	181	242	82	202	112	88	341	68	177	33	258	|
|181	347	479	392	540	250	427	66	500	149	482	371	401	402	232	158	248	428	232	115	396	126	392	423	271	285	434	89	416	445	499	485	229	369	261	425	267	0	325	516	298	313	305	463	281	180	375	203	403	264	516	|
|380	355	231	156	271	343	128	376	215	233	218	53	212	98	246	333	87	194	95	293	273	302	324	121	94	44	185	374	96	268	296	196	204	56	201	189	114	325	0	224	294	161	185	157	49	167	455	163	78	147	284	|
|507	379	85	326	63	428	97	576	21	453	60	215	389	233	344	466	272	116	294	509	241	450	307	103	245	246	99	540	137	184	162	31	316	168	422	342	250	516	224	0	344	371	244	70	271	337	490	317	176	261	120	|
|189	65	270	444	334	90	297	363	323	349	288	343	491	389	74	165	225	228	241	369	125	177	96	299	201	258	245	267	327	191	247	319	105	292	410	479	181	298	294	344	0	414	116	328	291	187	163	165	345	147	282	|
|438	479	390	87	425	437	280	340	367	170	375	157	89	151	349	393	191	355	173	229	423	353	466	273	223	172	346	391	235	427	457	347	310	210	69	115	242	313	161	371	414	0	323	301	133	238	565	253	197	273	444	|
|263	172	184	340	249	188	184	370	224	302	194	231	392	277	100	223	134	134	156	340	107	213	143	185	100	155	146	307	211	141	195	216	78	177	335	373	82	305	185	244	116	323	0	217	192	138	278	110	230	55	214	|
|473	373	116	258	127	405	36	520	68	389	92	145	321	165	314	430	215	117	234	447	245	409	311	40	193	183	98	495	67	202	199	49	280	102	353	276	202	463	157	70	328	301	217	0	205	286	485	269	106	220	167	|
|353	355	271	154	316	328	175	330	261	185	261	90	201	125	233	306	67	230	60	244	291	272	335	168	92	39	224	336	145	296	331	243	192	103	160	190	112	281	49	271	291	133	192	205	0	138	449	141	123	145	323	|
|216	251	300	286	361	200	250	242	320	168	302	220	322	261	115	168	80	250	77	202	242	136	261	247	93	123	255	211	247	278	329	306	83	200	225	323	88	180	167	337	187	238	138	286	138	0	328	28	243	88	340	|
|202	112	409	603	468	134	456	429	470	471	431	505	646	551	216	217	382	376	395	473	251	253	187	459	362	418	394	308	488	315	362	469	257	454	551	638	341	375	455	490	163	565	278	485	449	328	0	313	508	308	406	|
|218	229	276	294	337	188	233	266	299	195	279	217	334	260	97	171	77	225	83	230	214	143	235	230	78	119	231	226	235	250	302	286	60	189	246	330	68	203	163	317	165	253	110	269	141	28	313	0	235	61	315	|
|452	402	210	153	233	406	94	453	174	305	190	41	216	62	308	406	163	189	172	366	297	377	357	86	160	120	174	451	41	274	288	154	268	54	252	175	177	403	78	176	345	197	230	106	123	243	508	235	0	207	264	|
|254	210	215	297	278	199	184	328	242	248	220	198	345	244	101	210	81	164	102	288	162	190	195	183	54	110	171	280	197	191	241	230	62	155	280	332	33	264	147	261	147	273	55	220	145	88	308	61	207	0	253	|
|465	300	54	417	69	372	170	581	106	487	75	295	479	325	307	431	298	95	324	536	160	426	219	178	263	288	99	520	223	92	47	120	292	234	482	439	258	516	284	120	282	444	214	167	323	340	406	315	264	253	0	|

--------------------------------------------------------------------------------
Building model...
	using lazy and cut (CVRPSEP package)
Solving IRP LP...
--------------------------------------------------------------------------------

Gurobi 9.1.0 (linux64) logging started Sun Jan 10 07:12:03 2021

Gurobi Optimizer version 9.1.0 build v9.1.0rc0 (linux64)
Thread count: 32 physical cores, 32 logical processors, using up to 2 threads
Optimize a model with 2169 rows, 20844 columns and 47232 nonzeros
Model fingerprint: 0x8b533f4f
Variable types: 954 continuous, 19890 integer (765 binary)
Coefficient statistics:
  Matrix range     [1e+00, 8e+02]
  Objective range  [1e-02, 6e+02]
  Bounds range     [1e+00, 3e+02]
  RHS range        [1e+01, 7e+03]
Presolve removed 297 rows and 1585 columns
Presolve time: 0.07s
Presolved: 1872 rows, 19259 columns, 42043 nonzeros
Variable types: 869 continuous, 18390 integer (17670 binary)

Root relaxation: objective 3.621158e+03, 2310 iterations, 0.09 seconds

    Nodes    |    Current Node    |     Objective Bounds      |     Work
 Expl Unexpl |  Obj  Depth IntInf | Incumbent    BestBd   Gap | It/Node Time

     0     0 3621.15823    0  174          - 3621.15823      -     -    0s
     0     0 3883.86533    0  168          - 3883.86533      -     -    0s
     0     0 3913.34653    0  170          - 3913.34653      -     -    0s
     0     0 3915.04813    0  177          - 3915.04813      -     -    1s
     0     0 3915.86464    0  182          - 3915.86464      -     -    1s
     0     0 3916.09264    0  182          - 3916.09264      -     -    1s
     0     0 3916.09264    0  183          - 3916.09264      -     -    1s
     0     0 4349.56321    0  304          - 4349.56321      -     -    1s
     0     0 4450.80289    0  309          - 4450.80289      -     -    1s
     0     0 4453.71713    0  301          - 4453.71713      -     -    1s
     0     0 4453.71713    0  294          - 4453.71713      -     -    2s
     0     0 4670.75209    0  309          - 4670.75209      -     -    2s
     0     0 4691.41613    0  345          - 4691.41613      -     -    2s
     0     0 4695.25977    0  303          - 4695.25977      -     -    3s
     0     0 4695.51288    0  335          - 4695.51288      -     -    3s
     0     0 4749.85665    0  362          - 4749.85665      -     -    3s
     0     0 4763.63574    0  372          - 4763.63574      -     -    4s
     0     0 4766.11986    0  363          - 4766.11986      -     -    4s
     0     0 4767.82954    0  368          - 4767.82954      -     -    4s
     0     0 4773.72157    0  388          - 4773.72157      -     -    4s
     0     0 4781.92978    0  328          - 4781.92978      -     -    4s
     0     0 4782.19614    0  349          - 4782.19614      -     -    4s
     0     0 4886.74018    0  485          - 4886.74018      -     -    5s
     0     0 4895.25138    0  433          - 4895.25138      -     -    6s
     0     0 4898.24894    0  455          - 4898.24894      -     -    6s
     0     0 4902.77623    0  417          - 4902.77623      -     -    7s
     0     0 4903.12748    0  421          - 4903.12748      -     -    7s
     0     0 4964.58776    0  538          - 4964.58776      -     -    8s
     0     0 4975.30618    0  528          - 4975.30618      -     -   10s
     0     0 4978.53971    0  605          - 4978.53971      -     -   10s
     0     0 4979.10859    0  565          - 4979.10859      -     -   10s
     0     0 4989.24497    0  563          - 4989.24497      -     -   11s
     0     0 4991.14934    0  570          - 4991.14934      -     -   11s
     0     0 5001.83211    0  572          - 5001.83211      -     -   12s
     0     0 5001.83211    0  557          - 5001.83211      -     -   12s
     0     2 5001.83211    0  551          - 5001.83211      -     -   16s
    19    22 5053.87246    6  441          - 5013.40648      -   490   20s
    41    40 5090.46016   12  606          - 5013.40648      -   547   25s
    65    67 5147.06539   17  485          - 5013.40648      -   549   30s
    94    99 5157.00458   22  476          - 5013.40648      -   532   35s
   124   125 5485.98556   30  360          - 5013.40648      -   508   40s
   160   171 5347.62017   38  368          - 5013.40648      -   489   45s
   198   208 5622.19652   46  326          - 5013.40648      -   474   50s
   236   252 5698.79725   53  359          - 5013.40648      -   458   55s
   302   337 5764.03230   61  265          - 5013.40648      -   411   60s
   376   415 5940.34866   68  357          - 5013.40648      -   365   65s
   520   568 6410.89393   76  261          - 5013.40648      -   301   72s
   593   589 10320.8467  275   47          - 5013.40648      -   276   75s
   648   626 5122.96981    7  499          - 5013.40648      -   268   80s
   674   666 6879.69627  122  203          - 5013.40648      -   267   86s
   714   716 7437.04869  140  175          - 5013.40648      -   269   90s
   782   816 8116.66296  175  111          - 5013.40648      -   264   95s
   894   882 8884.62501  251   89          - 5013.40648      -   246  100s
  1011  1085 9690.93082  321   72          - 5013.40648      -   231  106s
  1125  1142 10909.2312  389   91          - 5014.47045      -   217  110s
  1213  1167 10350.9553  363  557          - 5014.47045      -   213  115s
  1216  1169 5073.76084    9  287          - 5014.47045      -   213  125s
  1226  1176 6559.55803   81  762          - 5032.25633      -   211  130s
  1231  1179 6985.03774  125  646          - 5051.85598      -   210  135s
  1241  1186 6204.12179   73  816          - 5084.06757      -   208  140s
  1245  1188 6680.20431  100  653          - 5103.76845      -   208  146s
  1254  1194 11037.6119  406  654          - 5119.37537      -   206  151s
  1261  1199 6431.52558  107  726          - 5132.05908      -   205  155s
  1269  1204 5134.86515   14  713          - 5134.86515      -   204  160s
  1277  1210 5210.94042    9  758          - 5135.58699      -   202  165s
  1285  1217 5581.87279   46  369          - 5135.67299      -   221  170s
  1297  1225 5774.59939   62  724          - 5135.67299      -   219  175s
  1300  1227 8983.83914  256  711          - 5135.67841      -   219  180s
  1306  1231 7700.84079  161  749          - 5136.29647      -   218  185s
  1311  1234 7519.39346  147  712          - 5136.33627      -   217  196s
  1320  1243 5193.58638   33  452          - 5138.57255      -   231  200s
  1332  1251 5250.96319   36  528          - 5148.37182      -   236  205s
  1344  1259 5262.77384   39  593          - 5148.37182      -   243  210s
  1357  1270 5312.87364   42  329          - 5148.37182      -   249  215s
  1371  1279 5324.91836   45  458          - 5148.37182      -   255  221s
  1390  1295 5384.09379   50  440          - 5148.37182      -   260  225s
  1418  1316 5553.53190   58  420          - 5148.37182      -   265  231s
  1444  1334 5588.84808   66  454          - 5148.37182      -   268  235s
  1477  1360 5660.98033   75  318          - 5148.37182      -   271  240s
  1518  1387 5740.15256   88  318          - 5148.37182      -   273  246s
  1544  1405 5851.59799   97  289          - 5148.37182      -   275  250s
  1592  1442 5921.79598  114  289          - 5148.37182      -   277  256s
  1632  1477 6032.74405  126  244          - 5148.37182      -   279  261s
  1684  1508 6169.28503  142  211          - 5148.37182      -   279  267s
  1708  1531 6181.37731  149  321          - 5148.37182      -   280  270s
  1768  1575 6304.53477  168  214          - 5148.37182      -   279  275s
  1835  1622 6541.16215  190  209          - 5148.37182      -   278  282s
  1873  1657 6637.54719  201  166          - 5148.37182      -   278  286s
  1920  1690 6880.77740  218  190          - 5148.37182      -   276  290s
  1969  1690 7143.32492  236   92          - 5148.37182      -   274  295s
  2012  1751 7500.23746  254   68          - 5148.37182      -   272  300s
  2092  1804 8102.83236  286   57          - 5148.37182      -   267  305s
  2227  1829 9547.58000  341    -          - 5148.37182      -   256  310s
  2312  1862 11195.1200  359   10          - 5149.80218      -   252  318s
* 2315  1799             361    11099.130000 5149.80218  53.6%   252  318s
* 2338  1733             362    11020.950000 5149.80218  53.3%   249  318s
  2376  1722 5228.53714   36  699 11020.9500 5149.80218  53.3%   249  323s
  2380  1740 5228.69686   37  724 11020.9500 5149.80218  53.3%   249  326s
  2400  1741 5265.46734   40  438 11020.9500 5149.80218  53.3%   250  330s
  2427  1766 5279.05372   41  446 11020.9500 5149.80218  53.3%   252  338s
  2442  1789 5291.65143   45  419 11020.9500 5149.80218  53.3%   253  341s
  2470  1794 5303.10271   48  393 11020.9500 5149.80218  53.3%   254  346s
  2484  1810 5306.79416   49  347 11020.9500 5149.80218  53.3%   254  351s
  2507  1839 5321.54428   51  394 11020.9500 5149.80218  53.3%   255  355s
  2544  1840 5350.85647   61  380 11020.9500 5149.80218  53.3%   255  360s
  2559  1856 5364.66705   59  383 11020.9500 5149.80218  53.3%   255  365s
  2580  1886 5410.22913   64  334 11020.9500 5149.80218  53.3%   257  371s
  2619  1909 5426.87814   72  352 11020.9500 5149.80218  53.3%   256  377s
  2655  1926 5456.49423   79  362 11020.9500 5149.80218  53.3%   256  382s
  2684  1933 5456.62660   80  371 11020.9500 5149.80218  53.3%   256  388s
  2703  1954 5586.86738   83  319 11020.9500 5149.80218  53.3%   257  394s
  2730  1984 5498.43121   91  358 11020.9500 5149.80218  53.3%   257  401s
  2769  2003 5554.09048   93  312 11020.9500 5149.80218  53.3%   257  407s
  2803  1998 5574.33002   96  305 11020.9500 5149.80218  53.3%   256  434s
  2809  2057 5638.57841   97  271 11020.9500 5149.80218  53.3%   257  440s
  2870  2094 5801.20597   99  217 11020.9500 5149.80218  53.3%   256  448s
  2928  2120 5813.77451  103  276 11020.9500 5149.80218  53.3%   256  477s
  2973  2161 5988.46255  108  176 11020.9500 5149.80218  53.3%   256  485s
  3029  2228 5969.43667  114  222 11020.9500 5149.80218  53.3%   256  494s
  3047  2222 6021.90648  118  147 11020.9500 5149.80218  53.3%   256  495s
  3115  2332 6050.92288  118  212 11020.9500 5149.80218  53.3%   254  507s
  3204  2302 10475.7568  490   78 11020.9500 5149.80218  53.3%   252  510s
  3279  2335 6277.61227  130  142 11020.9500 5149.80218  53.3%   249  518s
  3337  2386 6422.61319  144  115 11020.9500 5149.80218  53.3%   249  528s
  3407  2444 6697.42822  158   86 11020.9500 5149.80218  53.3%   249  538s
  3489  2521 7036.76296  181  119 11020.9500 5149.80218  53.3%   249  549s
  3514  2513 7065.46328  186  117 11020.9500 5149.80218  53.3%   248  550s
  3599  2644 7861.95195  206   81 11020.9500 5149.80218  53.3%   247  562s
  3696  2612 7985.74527  232   39 11020.9500 5149.80218  53.3%   243  565s
  3763  2621 9022.07875  242   24 11020.9500 5149.80218  53.3%   241  576s
  3793  2743 9186.73117  242   86 11020.9500 5157.61649  53.2%   241  589s
  3843  2726 9468.54684  258   11 11020.9500 5157.61649  53.2%   240  590s
  3979  2737 5296.21446   36  689 11020.9500 5157.61649  53.2%   235  600s
  4012  2767 5443.79564   40  579 11020.9500 5157.61649  53.2%   237  609s
  4053  2790 5490.42855   44  607 11020.9500 5157.61649  53.2%   238  619s
  4090  2833 5534.89586   44  526 11020.9500 5157.61649  53.2%   241  628s
  4145  2889 5560.80835   45  561 11020.9500 5157.61649  53.2%   241  639s
  4158  2885 6451.63611  143  253 11020.9500 5157.61649  53.2%   242  640s
  4220  2930 5628.99496   54  281 11020.9500 5157.61649  53.2%   241  651s
  4286  2979 5691.00733   56  336 11020.9500 5157.61649  53.2%   241  664s
  4333  2964 7005.86797  209  143 11020.9500 5157.61649  53.2%   241  665s
  4357  3060 5759.31590   59  323 11020.9500 5157.61649  53.2%   241  677s
  4463  3026 5714.87743   61  239 11020.9500 5157.61649  53.2%   239  706s
  4465  3193 5744.99488   62  254 11020.9500 5157.61649  53.2%   239  721s
  4632  3322 5898.07590   70  254 11020.9500 5157.61649  53.2%   235  744s
  4646  3317 5913.48441   80  259 11020.9500 5157.61649  53.2%   235  745s
  4906  3396 6023.68702   83  187 11020.9500 5157.61649  53.2%   227  761s
  4968  3455 6016.81854  102  190 11020.9500 5157.61649  53.2%   228  774s
  5016  3455 10489.5200  366   10 11020.9500 5157.61649  53.2%   228  775s
  5032  3554 6088.26307  125  138 11020.9500 5157.61649  53.2%   229  789s
  5068  3554 6171.27810  143  115 11020.9500 5157.61649  53.2%   228  790s
  5181  3620 6328.17422  161   37 11020.9500 5171.16494  53.1%   226  806s
  5267  3637 5376.97041   36  805 11020.9500 5172.28302  53.1%   227  821s
  5282  3660 5472.41589   41  666 11020.9500 5172.28302  53.1%   229  834s
  5305  3694 5580.35185   46  609 11020.9500 5172.28302  53.1%   231  847s
  5339  3742 5590.15910   53  353 11020.9500 5172.28302  53.1%   233  863s
  5387  3806 5740.22026   69  274 11020.9500 5172.28302  53.1%   234  877s
  5451  3921 5813.94007   87  172 11020.9500 5172.28302  53.1%   236  893s
  5499  3921 6014.03309  108  190 11020.9500 5172.28302  53.1%   236  895s
  5566  4039 6115.40701  115  151 11020.9500 5172.28302  53.1%   237  913s
  5626  4039 6218.81324  143   93 11020.9500 5172.28302  53.1%   236  915s
  5684  4336 6394.32649  145  121 11020.9500 5172.39698  53.1%   237  936s
  5920  4350 6526.72651  155   79 11020.9500 5179.05663  53.0%   232  940s
  6081  4387 7208.01125  189   50 11020.9500 5179.06354  53.0%   229  960s
  6152  4424 10136.7800  220    - 11020.9500 5183.75841  53.0%   230  980s
  6199  4482 9963.52000  224    4 11020.9500 5187.11698  52.9%   231 1000s
  6266  4593 10049.3029  225   10 11020.9500 5187.11871  52.9%   233 1024s
* 6278  4511             235    10484.160000 5187.11871  50.5%   233 1024s
  6301  4513 5418.73789   37  451 10484.1600 5187.11871  50.5%   233 1025s
  6394  4667     cutoff  237      10484.1600 5187.19324  50.5%   233 1054s
  6417  4667 8321.69256  108  152 10484.1600 5193.72267  50.5%   234 1055s
  6566  4703 5402.27676   44  631 10484.1600 5193.72267  50.5%   231 1076s
  6602  4744 5508.43570   56  367 10484.1600 5193.72267  50.5%   233 1094s
  6626  4744 5637.37065   68  171 10484.1600 5193.72267  50.5%   234 1095s
  6643  4800 5632.23524   70  338 10484.1600 5193.72267  50.5%   236 1113s
  6699  4924 5871.75802   88  170 10484.1600 5193.72267  50.5%   239 1134s
  6747  4924 6179.96647  112   50 10484.1600 5193.72267  50.5%   239 1135s
  6823  5119 6111.66291  136   74 10484.1600 5193.95828  50.5%   240 1162s
  6981  5145 7899.97000  210    - 10484.1600 5193.95828  50.5%   237 1165s
  7138  5371 10393.9579  248   42 10484.1600 5196.21893  50.4%   235 1192s
  7294  5371 6171.11476  155   10 10484.1600 5199.79436  50.4%   235 1195s
  7398  5448 5670.57523   48  539 10484.1600 5199.79436  50.4%   233 1219s
  7444  5448 5307.91294   36  692 10484.1600 5199.79436  50.4%   234 1220s
  7465  5674 5897.58911   75  283 10484.1600 5199.79436  50.4%   235 1248s
  7550  5674 6294.04048  117  168 10484.1600 5199.79436  50.4%   235 1250s
  7691  5986 6909.35504  139  165 10484.1600 5199.80354  50.4%   235 1281s
  7910  5986 8231.54684  215   88 10484.1600 5199.80354  50.4%   231 1285s
  8116  6051 5549.89924   41  348 10484.1600 5204.25773  50.4%   231 1311s
  8181  6386 6236.31474   86  196 10484.1600 5204.25880  50.4%   233 1341s
  8364  6403 9979.39500  242    2 10484.1600 5204.25880  50.4%   229 1345s
  8638  6602 9388.94500  209   20 10484.1600 5215.99215  50.2%   226 1375s
  8866  6738 5776.48479   65  442 10484.1600 5216.00021  50.2%   225 1401s
  8990  7036 infeasible  164      10484.1600 5218.13254  50.2%   226 1434s
  9016  7036 8967.69500  187   20 10484.1600 5218.13254  50.2%   225 1435s
  9252  7043 7962.36000  195    9 10484.1600 5219.30749  50.2%   223 1440s
  9418  7112 10338.2600  249    2 10484.1600 5223.11082  50.2%   220 1465s
  9488  7255 5466.97042   53  404 10484.1600 5223.17453  50.2%   222 1491s
  9630  7585 5746.08756   79  196 10484.1600 5223.17453  50.2%   223 1524s
  9642  7585 5826.66527   85  127 10484.1600 5223.17453  50.2%   223 1525s
  9907  7589 6778.10905  165   24 10484.1600 5223.17453  50.2%   221 1530s
 10012  7745 6227.84984  140   88 10484.1600 5225.32870  50.2%   220 1557s
 10198  7985 5697.13710   52  378 10484.1600 5227.17829  50.1%   220 1584s
 10213  7985 5901.06345   67  188 10484.1600 5227.17829  50.1%   220 1585s
 10424  7985 7327.22839  176   41 10484.1600 5227.17829  50.1%   219 1590s
 10452  8091 8384.71206  169   62 10484.1600 5227.31825  50.1%   219 1613s
 10539  8096 10223.5100  246    4 10484.1600 5227.31825  50.1%   217 1615s
 10590  8187     cutoff  248      10484.1600 5228.53714  50.1%   219 1639s
 10689  8535 6233.97590   70  251 10484.1600 5231.28552  50.1%   221 1671s
 11126  8643 9317.77667  223   20 10484.1600 5240.19117  50.0%   217 1702s
 11229  8694     cutoff  252      10484.1600 5242.34289  50.0%   218 1730s
 11288  8707 5949.62750   56  357 10484.1600 5248.56901  49.9%   220 1779s
 11312  8891 6367.55863   66  306 10484.1600 5251.03614  49.9%   220 1808s
 11360  8891 7029.46482  114  179 10484.1600 5251.03614  49.9%   220 1810s
 11539  8924 infeasible  241      10484.1600 5252.49007  49.9%   219 1838s
 11577  9026 6059.78215   55  294 10484.1600 5255.91251  49.9%   221 1866s
 11685  9124 7744.05117  150  182 10484.1600 5256.28231  49.9%   222 1897s
 11806  9139 10378.6300  220    - 10484.1600 5257.03121  49.9%   221 1900s
 11822  9178 10026.3196  233   19 10484.1600 5259.91408  49.8%   222 1926s
 11906  9321 5580.84526   51  474 10484.1600 5260.94020  49.8%   224 1956s
 12028  9629 5814.45783   68  284 10484.1600 5260.94020  49.8%   225 1994s
 12040  9629 5931.30172   72  283 10484.1600 5260.94020  49.8%   225 1995s
 12298  9629 7478.35628  185   26 10484.1600 5260.94020  49.8%   223 2000s
 12404  9780 6092.30624   87  172 10484.1600 5261.47368  49.8%   222 2033s
 12492  9780 6599.85431  120   99 10484.1600 5261.47368  49.8%   222 2035s
 12576  9869 5391.74670   41  373 10484.1600 5261.47948  49.8%   222 2061s
 12673  9985 6354.33968  100  118 10484.1600 5262.78129  49.8%   223 2091s
 12855 10043 9003.54084  193   40 10484.1600 5263.12351  49.8%   223 2119s
 12893 10043 infeasible  225      10484.1600 5263.39677  49.8%   223 2120s
 12923 10111 6053.93568   63  408 10484.1600 5263.39677  49.8%   224 2145s
 12992 10243 7288.75918  115  207 10484.1600 5265.53862  49.8%   226 2174s
 13029 10243 8159.35583  152  135 10484.1600 5265.53862  49.8%   225 2175s
 13144 10316 5741.49802   56  311 10484.1600 5265.53862  49.8%   226 2205s
 13212 10656 5893.59239   75  167 10484.1600 5265.53862  49.8%   227 2240s
 13464 10656 6902.11067  169   38 10484.1600 5265.53862  49.8%   225 2245s
 13552 11056 6975.25508  170   36 10484.1600 5265.77481  49.8%   226 2283s
 13630 11056 7442.08292  189   59 10484.1600 5265.77481  49.8%   225 2285s
 13919 11080 8387.04057  132   21 10484.1600 5266.68866  49.8%   222 2290s
 14098 11161 infeasible  216      10484.1600 5266.69421  49.8%   221 2316s
 14197 11444 6692.00889   93  157 10484.1600 5268.78351  49.7%   222 2348s
 14265 11444 8196.66868  161   99 10484.1600 5268.78351  49.7%   222 2350s
 14540 11495     cutoff  237      10484.1600 5269.53163  49.7%   220 2379s
 14577 11495 6000.14836   72  288 10484.1600 5269.53163  49.7%   221 2380s
 14595 11640 6020.26104   73  222 10484.1600 5270.09146  49.7%   222 2410s
 14781 11719 9474.13000  207    6 10484.1600 5274.94125  49.7%   221 2442s
 14911 11906 infeasible  240      10484.1600 5275.83944  49.7%   221 2475s
 15144 12022 5664.26598   66  262 10484.1600 5276.31348  49.7%   221 2506s
 15235 12213 6048.33939   90  271 10484.1600 5276.31348  49.7%   222 2539s
 15271 12213 6174.18579  106  125 10484.1600 5276.31348  49.7%   222 2540s
 15426 12359 6658.78272  141   80 10484.1600 5279.06580  49.6%   223 2572s
 15601 12497 5739.48550   49  665 10484.1600 5279.06580  49.6%   223 2612s
 15708 12497 7041.00614  167   12 10484.1600 5279.06580  49.6%   223 2615s
 15765 12655 6445.09504   72  291 10484.1600 5279.65158  49.6%   223 2648s
 15850 12655 8807.63756  157   78 10484.1600 5279.65158  49.6%   223 2650s
 15966 12800 infeasible  218      10484.1600 5280.62372  49.6%   223 2682s
 16115 12981 6071.58097   65  323 10484.1600 5282.07328  49.6%   223 2723s
 16176 12981 7389.95967  126  207 10484.1600 5282.07328  49.6%   223 2725s
 16326 13009     cutoff  230      10484.1600 5286.17571  49.6%   223 2760s
 16383 13011 5845.17857   53  532 10484.1600 5286.72976  49.6%   224 2839s
 16393 13068 5847.17240   54  504 10484.1600 5286.72976  49.6%   224 2868s
 16440 13068 5499.56667   43  676 10484.1600 5286.72976  49.6%   224 2870s
 16450 13214 6989.10096  101  145 10484.1600 5288.49820  49.6%   225 2906s
 16641 13342 9897.40216  232   35 10484.1600 5288.97988  49.6%   224 2938s
 16769 13745 infeasible  255      10484.1600 5289.31462  49.5%   225 2978s
 17227 13816 6240.25725   63  511 10484.1600 5289.40648  49.5%   222 3017s
 17309 13994 7303.28202  106  191 10484.1600 5289.42007  49.5%   223 3051s
 17458 13999 10462.4700  241    - 10484.1600 5289.42007  49.5%   222 3055s
 17513 14125     cutoff  242      10484.1600 5289.65078  49.5%   223 3105s
 17679 14173 5401.26010   45  625 10484.1600 5289.65947  49.5%   223 3140s
 17721 14330 5540.81700   53  457 10484.1600 5289.65947  49.5%   224 3174s
 17735 14330 5753.66484   60  380 10484.1600 5289.65947  49.5%   225 3175s
 17896 14412 5725.18590   66  235 10484.1600 5289.65947  49.5%   224 3209s
 17937 14412 9917.83500  205   41 10484.1600 5289.65947  49.5%   225 3210s
 17990 14520 5818.55470   80  330 10484.1600 5289.65947  49.5%   225 3244s
 18035 14520 5849.76920   60  190 10484.1600 5289.65947  49.5%   226 3245s
 18095 14699 6034.48389   97  175 10484.1600 5289.65947  49.5%   227 3282s
 18217 14699 6244.56195  116  128 10484.1600 5289.65947  49.5%   228 3285s
 18274 14916 6155.58075  120   72 10484.1600 5290.15816  49.5%   228 3321s
 18561 15078 5624.78109   59  363 10484.1600 5290.23630  49.5%   227 3360s
 18725 15284 8592.05267  181   56 10484.1600 5290.31956  49.5%   227 3398s
 18811 15297 6365.28349   58  329 10484.1600 5290.31956  49.5%   227 3400s
 18996 15323     cutoff  234      10484.1600 5291.65259  49.5%   226 3443s
 19027 15367 5554.42718   46  456 10484.1600 5291.67861  49.5%   227 3472s
 19069 15458 5911.47874   54  480 10484.1600 5291.67861  49.5%   228 3506s
 19160 15978 6952.23039   74  217 10484.1600 5292.08994  49.5%   229 3556s
 19329 15978 9272.53012  141   63 10484.1600 5292.08994  49.5%   229 3560s
 19748 16055 10376.4480  173   75 10484.1600 5294.19977  49.5%   226 3598s
 19824 16055 6095.09110   64  324 10484.1600 5294.34049  49.5%   226 3600s

Cutting planes:
  User: 6279
  Gomory: 42
  Cover: 643
  Implied bound: 72
  Clique: 3
  MIR: 145
  StrongCG: 2
  Flow cover: 492
  Zero half: 19
  RLT: 461
  Relax-and-lift: 17
  Lazy constraints: 3918

Explored 19836 nodes (4507784 simplex iterations) in 3600.37 seconds
Thread count was 2 (of 32 available processors)

Solution count 3: 10484.2 11020.9 11099.1 

Time limit reached
Best objective 1.048416000000e+04, best bound 5.294340494255e+03, gap 49.5015%

User-callback calls 500108, time in user-callback 265.09 sec
================================================================================
executing instance: ./input/Instances/Original/5/absH3low_4n25.dat
--------------------------------------------------------------------------------
Instance details
n	26
H	3
C	2029
Li:
[0, 0, 0, 0, 0, 0, 0, 0, 0, 0, 0, 0, 0, 0, 0, 0, 0, 0, 0, 0, 0, 0, 0, 0, 0, 0, ]
Ui:
[0, 34, 165, 76, 88, 188, 58, 279, 52, 132, 198, 142, 135, 165, 186, 58, 201, 196, 40, 183, 32, 90, 168, 126, 93, 146, ]
Distance matrix:
|0	299	188	235	91	202	152	147	162	277	268	132	71	162	220	69	220	289	241	124	265	80	162	132	66	302	|
|299	0	468	431	282	142	317	425	443	569	193	178	359	302	422	231	93	28	511	325	457	242	434	215	240	601	|
|188	468	0	153	265	342	308	43	192	106	455	290	117	206	142	246	379	464	252	274	360	267	211	319	231	184	|
|235	431	153	0	326	289	386	145	321	240	482	269	184	129	15	258	339	436	393	355	477	305	336	354	237	334	|
|91	282	265	326	0	228	66	228	166	339	196	157	154	242	311	99	225	264	229	50	201	47	153	71	115	340	|
|202	142	342	289	228	0	285	301	363	447	255	73	245	161	281	139	53	151	440	278	428	181	360	187	136	495	|
|152	317	308	386	66	285	0	275	167	368	188	217	207	308	371	163	274	295	210	34	145	108	148	104	181	350	|
|147	425	43	145	228	301	275	0	179	146	415	248	76	172	131	203	337	421	248	242	341	227	195	279	188	211	|
|162	443	192	321	166	363	167	179	0	216	352	291	152	302	307	225	375	428	81	138	170	201	22	237	227	183	|
|277	569	106	240	339	447	368	146	216	0	535	391	210	312	232	341	481	562	245	335	381	352	238	402	329	106	|
|268	193	455	482	196	255	188	415	352	535	0	225	339	367	469	224	212	165	398	214	302	188	335	136	245	533	|
|132	178	290	269	157	73	217	248	291	391	225	0	183	145	258	66	91	175	367	207	358	110	287	127	67	431	|
|71	359	117	184	154	245	207	76	152	210	339	183	0	152	169	131	274	352	232	174	294	151	161	203	119	251	|
|162	302	206	129	242	161	308	172	302	312	367	145	152	0	120	153	210	308	383	284	426	208	309	249	132	383	|
|220	422	142	15	311	281	371	131	307	232	469	258	169	120	0	245	330	427	379	340	461	291	321	340	224	324	|
|69	231	246	258	99	139	163	203	225	341	224	66	131	153	245	0	152	222	301	147	299	57	221	97	22	371	|
|220	93	379	339	225	53	274	337	375	481	212	91	274	210	330	152	0	99	448	273	419	180	369	171	157	521	|
|289	28	464	436	264	151	295	421	428	562	165	175	352	308	427	222	99	0	493	305	434	227	418	196	234	590	|
|241	511	252	393	229	440	210	248	81	245	398	367	232	383	379	301	448	493	0	190	147	270	80	298	305	175	|
|124	325	274	355	50	278	34	242	138	335	214	207	174	284	340	147	273	305	190	0	152	97	122	110	162	320	|
|265	457	360	477	201	428	145	341	170	381	302	358	294	426	461	299	419	434	147	152	0	248	150	249	312	322	|
|80	242	267	305	47	181	108	227	201	352	188	110	151	208	291	57	180	227	270	97	248	0	192	52	76	366	|
|162	434	211	336	153	360	148	195	22	238	335	287	161	309	321	221	369	418	80	122	150	192	0	224	225	203	|
|132	215	319	354	71	187	104	279	237	402	136	127	203	249	340	97	171	196	298	110	249	52	224	0	118	409	|
|66	240	231	237	115	136	181	188	227	329	245	67	119	132	224	22	157	234	305	162	312	76	225	118	0	364	|
|302	601	184	334	340	495	350	211	183	106	533	431	251	383	324	371	521	590	175	320	322	366	203	409	364	0	|

--------------------------------------------------------------------------------
Building model...
	using lazy and cut (CVRPSEP package)
Solving IRP LP...
--------------------------------------------------------------------------------

Gurobi 9.1.0 (linux64) logging started Sun Jan 10 08:12:06 2021

Gurobi Optimizer version 9.1.0 build v9.1.0rc0 (linux64)
Thread count: 32 physical cores, 32 logical processors, using up to 2 threads
Optimize a model with 1097 rows, 5744 columns and 14045 nonzeros
Model fingerprint: 0xaaee0b7e
