




arguments: ./build/bc_mirp -f ./input/orig_exec_237.cfg
Current dir: /scratch/gui/bc_mirp
File verbosity level: 9
date       time         ( uptime  ) [ thread name/id ]                   file:line     v| 
2021-02-16 01:15:02.896 (   0.540s) [main thread     ]             loguru.cpp:789   INFO| Logging to './output/vi_vc+cus/OU/V5/Original/execution_16_02_2021_01_15_02.log', mode: 'a', verbosity: 9
--------------------------------------------------------------------------------
Parameters
                           instance_path           ./input/Instances/Original/5/
                            model_policy                                       1
                             nb_vehicles                                       5
                              output_dir      ./output/vi_vc+cus/OU/V5/Original/
                            sec_strategy                                       1
                       solver_nb_threads                                       2
                         solver_show_log                                    true
                       solver_time_limit                                    3600
                              use_vi_cos                                   false
                              use_vi_cus                                    true
                         use_vi_hc1_full                                   false
                         use_vi_hc1_half                                   false
                      use_vi_hc1_quarter                                   false
                              use_vi_hc2                                   false
                              use_vi_hc3                                   false
                         use_vi_lex_full                                   false
                         use_vi_lex_half                                   false
                      use_vi_lex_quarter                                   false
                              use_vi_qua                                   false
                               use_vi_vc                                    true
                               use_vi_vr                                   false
--------------------------------------------------------------------------------
executing instance: ./input/Instances/Original/5/absH3low_4n50.dat
--------------------------------------------------------------------------------
Instance details
n	51
H	3
C	4066
Li:
[0, 0, 0, 0, 0, 0, 0, 0, 0, 0, 0, 0, 0, 0, 0, 0, 0, 0, 0, 0, 0, 0, 0, 0, 0, 0, 0, 0, 0, 0, 0, 0, 0, 0, 0, 0, 0, 0, 0, 0, 0, 0, 0, 0, 0, 0, 0, 0, 0, 0, 0, ]
Ui:
[0, 108, 126, 122, 66, 120, 48, 30, 128, 54, 158, 198, 36, 66, 210, 234, 147, 297, 171, 128, 116, 120, 219, 70, 294, 207, 134, 128, 234, 122, 22, 183, 195, 255, 132, 124, 66, 189, 219, 66, 128, 102, 288, 66, 87, 136, 36, 39, 282, 36, 237, ]
Distance matrix:
|0	210	444	498	509	104	438	228	487	304	456	434	526	476	163	47	293	396	293	290	313	85	280	437	293	336	409	106	449	376	433	478	193	404	404	534	278	181	380	507	189	438	263	473	353	216	202	218	452	254	465	|
|210	0	299	507	359	106	345	409	358	411	320	402	555	448	136	200	289	264	306	427	141	222	83	348	264	320	283	303	380	208	258	357	170	348	475	542	243	347	355	379	65	479	172	373	355	251	112	229	402	210	300	|
|444	299	0	363	65	358	116	542	66	440	26	241	425	272	282	407	251	51	276	490	159	397	224	124	217	237	48	490	170	99	83	74	261	180	430	385	214	479	231	85	270	390	184	116	271	300	409	276	210	215	54	|
|498	507	363	0	385	482	246	424	326	254	343	123	63	93	388	452	221	337	211	314	428	414	480	239	243	187	324	463	194	418	438	307	346	188	156	36	264	392	156	326	444	87	340	258	154	286	603	294	153	297	417	|
|509	359	65	385	0	422	145	602	59	492	59	269	448	292	348	472	305	115	329	545	218	462	281	152	274	286	106	554	192	153	116	78	326	216	472	403	274	540	271	63	334	425	249	127	316	361	468	337	233	278	69	|
|104	106	358	482	422	0	372	309	408	337	374	396	521	441	98	96	262	314	271	342	215	124	177	373	249	302	329	198	394	281	337	402	139	353	419	518	230	250	343	428	90	437	188	405	328	200	134	188	406	199	372	|
|438	345	116	246	145	372	0	485	87	357	97	126	309	155	279	394	180	101	200	414	223	373	288	8	157	150	84	459	53	188	196	68	245	72	328	269	165	427	128	97	297	280	184	36	175	250	456	233	94	184	170	|
|228	409	542	424	602	309	485	0	561	170	544	419	424	446	298	214	305	491	286	115	462	187	457	480	331	339	496	124	470	510	565	545	295	424	279	454	329	66	376	576	363	340	370	520	330	242	429	266	453	328	581	|
|487	358	66	326	59	408	87	561	0	441	40	211	389	233	324	446	258	95	281	497	220	431	287	95	230	234	79	522	133	164	146	19	297	160	415	344	233	500	215	21	323	367	224	68	261	320	470	299	174	242	106	|
|304	411	440	254	492	337	357	170	441	0	434	266	255	286	275	266	189	392	164	63	408	225	428	351	224	207	392	234	330	438	484	424	250	287	112	284	232	149	233	453	349	170	302	389	185	168	471	195	305	248	487	|
|456	320	26	343	59	374	97	544	40	434	0	223	406	252	294	418	247	60	271	487	181	405	247	105	215	229	49	498	149	124	109	48	270	165	419	364	215	482	218	60	288	375	194	92	261	302	431	279	190	220	75	|
|434	402	241	123	269	396	126	419	211	266	223	0	185	46	298	387	140	213	145	328	310	355	366	118	147	97	201	425	78	295	315	191	256	65	211	151	166	371	53	215	343	157	231	145	90	220	505	217	41	198	295	|
|526	555	425	63	448	521	309	424	389	255	406	185	0	156	430	481	266	398	252	310	485	442	534	301	293	237	386	480	257	478	500	370	390	249	145	55	313	401	212	389	491	89	392	321	201	322	646	334	216	345	479	|
|476	448	272	93	292	441	155	446	233	286	252	46	156	0	343	429	183	250	184	348	353	396	411	148	192	140	236	461	102	334	350	214	302	106	214	113	212	402	98	233	389	151	277	165	125	261	551	260	62	244	325	|
|163	136	282	388	348	98	279	298	324	275	294	298	430	343	0	124	167	234	178	296	167	121	162	279	151	205	247	216	297	224	280	316	42	256	340	423	132	232	246	344	74	349	100	314	233	115	216	97	308	101	307	|
|47	200	407	452	472	96	394	214	446	266	418	387	481	429	124	0	246	358	245	259	284	41	261	392	247	289	370	103	403	345	402	436	150	358	361	488	232	158	333	466	165	393	223	430	306	168	217	171	406	210	431	|
|293	289	251	221	305	262	180	305	258	189	247	140	266	183	167	246	0	204	26	240	238	215	276	175	37	43	203	289	169	255	297	242	125	122	202	257	52	248	87	272	225	191	134	215	67	80	382	77	163	81	298	|
|396	264	51	337	115	314	101	491	95	392	60	213	398	250	234	358	204	0	229	442	130	347	196	108	169	194	19	440	152	87	102	93	211	149	390	363	165	428	194	116	228	355	134	117	230	250	376	225	189	164	95	|
|293	306	276	211	329	271	200	286	281	164	271	145	252	184	178	245	26	229	0	216	262	212	297	195	63	53	228	280	184	280	323	264	138	137	178	248	76	232	95	294	241	173	156	234	60	77	395	83	172	102	324	|
|290	427	490	314	545	342	414	115	497	63	487	328	310	348	296	259	240	442	216	0	443	220	456	408	273	264	443	204	390	479	529	480	278	346	165	343	278	115	293	509	369	229	340	447	244	202	473	230	366	288	536	|
|313	141	159	428	218	215	223	462	220	408	181	310	485	353	167	284	238	130	262	443	0	288	67	228	202	252	149	382	267	67	122	221	168	247	440	459	186	396	273	241	125	423	107	245	291	242	251	214	297	162	160	|
|85	222	397	414	462	124	373	187	431	225	405	355	442	396	121	41	215	347	212	220	288	0	273	371	221	258	357	95	378	344	401	420	136	331	321	450	208	126	302	450	177	353	213	409	272	136	253	143	377	190	426	|
|280	83	224	480	281	177	288	457	287	428	247	366	534	411	162	261	276	196	297	456	67	273	0	292	243	298	215	363	329	128	176	288	179	305	475	513	224	392	324	307	96	466	143	311	335	261	187	235	357	195	219	|
|437	348	124	239	152	373	8	480	95	351	105	118	301	148	279	392	175	108	195	408	228	371	292	0	154	144	91	456	46	194	203	76	244	65	320	261	163	423	121	103	299	273	185	40	168	247	459	230	86	183	178	|
|293	264	217	243	274	249	157	331	230	224	215	147	293	192	151	247	37	169	63	273	202	221	243	154	0	57	170	303	157	217	260	215	110	111	238	278	21	271	94	245	201	223	100	193	92	93	362	78	160	54	263	|
|336	320	237	187	286	302	150	339	234	207	229	97	237	140	205	289	43	194	53	264	252	258	298	144	57	0	190	331	131	257	294	216	163	84	197	221	77	285	44	246	258	172	155	183	39	123	418	119	120	110	288	|
|409	283	48	324	106	329	84	496	79	392	49	201	386	236	247	370	203	19	228	443	149	357	215	91	170	190	0	449	136	105	114	75	221	138	384	349	168	434	185	99	245	346	146	98	224	255	394	231	174	171	99	|
|106	303	490	463	554	198	459	124	522	234	498	425	480	461	216	103	289	440	280	204	382	95	363	456	303	331	449	0	458	439	496	510	229	410	344	498	293	89	374	540	267	391	307	495	336	211	308	226	451	280	520	|
|449	380	170	194	192	394	53	470	133	330	149	78	257	102	297	403	169	152	184	390	267	378	329	46	157	131	136	458	0	238	249	114	259	47	287	216	171	416	96	137	327	235	211	67	145	247	488	235	41	197	223	|
|376	208	99	418	153	281	188	510	164	438	124	295	478	334	224	345	255	87	280	479	67	344	128	194	217	257	105	439	238	0	57	169	216	230	453	445	206	445	268	184	191	427	141	202	296	278	315	250	274	191	92	|
|433	258	83	438	116	337	196	565	146	484	109	315	500	350	280	402	297	102	323	529	122	401	176	203	260	294	114	496	249	57	0	157	271	252	490	463	251	499	296	162	247	457	195	199	331	329	362	302	288	241	47	|
|478	357	74	307	78	402	68	545	19	424	48	191	370	214	316	436	242	93	264	480	221	420	288	76	215	216	75	510	114	169	157	0	287	141	396	325	219	485	196	31	319	347	216	49	243	306	469	286	154	230	120	|
|193	170	261	346	326	139	245	295	297	250	270	256	390	302	42	150	125	211	138	278	168	136	179	244	110	163	221	229	259	216	271	287	0	216	305	382	91	229	204	316	105	310	78	280	192	83	257	60	268	62	292	|
|404	348	180	188	216	353	72	424	160	287	165	65	249	106	256	358	122	149	137	346	247	331	305	65	111	84	138	410	47	230	252	141	216	0	255	215	126	369	56	168	292	210	177	102	103	200	454	189	54	155	234	|
|404	475	430	156	472	419	328	279	415	112	419	211	145	214	340	361	202	390	178	165	440	321	475	320	238	197	384	344	287	453	490	396	305	255	0	181	254	261	201	422	410	69	335	353	160	225	551	246	252	280	482	|
|534	542	385	36	403	518	269	454	344	284	364	151	55	113	423	488	257	363	248	343	459	450	513	261	278	221	349	498	216	445	463	325	382	215	181	0	298	425	189	342	479	115	373	276	190	323	638	330	175	332	439	|
|278	243	214	264	274	230	165	329	233	232	215	166	313	212	132	232	52	165	76	278	186	208	224	163	21	77	168	293	171	206	251	219	91	126	254	298	0	267	114	250	181	242	82	202	112	88	341	68	177	33	258	|
|181	347	479	392	540	250	427	66	500	149	482	371	401	402	232	158	248	428	232	115	396	126	392	423	271	285	434	89	416	445	499	485	229	369	261	425	267	0	325	516	298	313	305	463	281	180	375	203	403	264	516	|
|380	355	231	156	271	343	128	376	215	233	218	53	212	98	246	333	87	194	95	293	273	302	324	121	94	44	185	374	96	268	296	196	204	56	201	189	114	325	0	224	294	161	185	157	49	167	455	163	78	147	284	|
|507	379	85	326	63	428	97	576	21	453	60	215	389	233	344	466	272	116	294	509	241	450	307	103	245	246	99	540	137	184	162	31	316	168	422	342	250	516	224	0	344	371	244	70	271	337	490	317	176	261	120	|
|189	65	270	444	334	90	297	363	323	349	288	343	491	389	74	165	225	228	241	369	125	177	96	299	201	258	245	267	327	191	247	319	105	292	410	479	181	298	294	344	0	414	116	328	291	187	163	165	345	147	282	|
|438	479	390	87	425	437	280	340	367	170	375	157	89	151	349	393	191	355	173	229	423	353	466	273	223	172	346	391	235	427	457	347	310	210	69	115	242	313	161	371	414	0	323	301	133	238	565	253	197	273	444	|
|263	172	184	340	249	188	184	370	224	302	194	231	392	277	100	223	134	134	156	340	107	213	143	185	100	155	146	307	211	141	195	216	78	177	335	373	82	305	185	244	116	323	0	217	192	138	278	110	230	55	214	|
|473	373	116	258	127	405	36	520	68	389	92	145	321	165	314	430	215	117	234	447	245	409	311	40	193	183	98	495	67	202	199	49	280	102	353	276	202	463	157	70	328	301	217	0	205	286	485	269	106	220	167	|
|353	355	271	154	316	328	175	330	261	185	261	90	201	125	233	306	67	230	60	244	291	272	335	168	92	39	224	336	145	296	331	243	192	103	160	190	112	281	49	271	291	133	192	205	0	138	449	141	123	145	323	|
|216	251	300	286	361	200	250	242	320	168	302	220	322	261	115	168	80	250	77	202	242	136	261	247	93	123	255	211	247	278	329	306	83	200	225	323	88	180	167	337	187	238	138	286	138	0	328	28	243	88	340	|
|202	112	409	603	468	134	456	429	470	471	431	505	646	551	216	217	382	376	395	473	251	253	187	459	362	418	394	308	488	315	362	469	257	454	551	638	341	375	455	490	163	565	278	485	449	328	0	313	508	308	406	|
|218	229	276	294	337	188	233	266	299	195	279	217	334	260	97	171	77	225	83	230	214	143	235	230	78	119	231	226	235	250	302	286	60	189	246	330	68	203	163	317	165	253	110	269	141	28	313	0	235	61	315	|
|452	402	210	153	233	406	94	453	174	305	190	41	216	62	308	406	163	189	172	366	297	377	357	86	160	120	174	451	41	274	288	154	268	54	252	175	177	403	78	176	345	197	230	106	123	243	508	235	0	207	264	|
|254	210	215	297	278	199	184	328	242	248	220	198	345	244	101	210	81	164	102	288	162	190	195	183	54	110	171	280	197	191	241	230	62	155	280	332	33	264	147	261	147	273	55	220	145	88	308	61	207	0	253	|
|465	300	54	417	69	372	170	581	106	487	75	295	479	325	307	431	298	95	324	536	160	426	219	178	263	288	99	520	223	92	47	120	292	234	482	439	258	516	284	120	282	444	214	167	323	340	406	315	264	253	0	|

--------------------------------------------------------------------------------
Building model...
	using lazy and cut (CVRPSEP package)
Solving IRP LP...
--------------------------------------------------------------------------------

Gurobi 9.1.0 (linux64) logging started Tue Feb 16 01:15:03 2021

Gurobi Optimizer version 9.1.0 build v9.1.0rc0 (linux64)
Thread count: 32 physical cores, 32 logical processors, using up to 2 threads
Optimize a model with 2211 rows, 20844 columns and 48438 nonzeros
Model fingerprint: 0xd6c0ff68
Variable types: 954 continuous, 19890 integer (765 binary)
Coefficient statistics:
  Matrix range     [1e+00, 8e+02]
  Objective range  [1e-02, 6e+02]
  Bounds range     [1e+00, 3e+02]
  RHS range        [1e+00, 7e+03]
Presolve removed 554 rows and 301 columns
Presolve time: 0.25s
Presolved: 1657 rows, 20543 columns, 45383 nonzeros
Variable types: 602 continuous, 19941 integer (19163 binary)

Root relaxation: objective 3.625273e+03, 1970 iterations, 0.10 seconds

    Nodes    |    Current Node    |     Objective Bounds      |     Work
 Expl Unexpl |  Obj  Depth IntInf | Incumbent    BestBd   Gap | It/Node Time

     0     0 3625.27330    0  173          - 3625.27330      -     -    0s
     0     0 3878.63921    0  176          - 3878.63921      -     -    1s
     0     0 4215.95825    0  232          - 4215.95825      -     -    2s
     0     0 4334.22541    0  276          - 4334.22541      -     -    2s
     0     0 4336.98817    0  277          - 4336.98817      -     -    2s
     0     0 4338.85863    0  277          - 4338.85863      -     -    2s
     0     0 4705.50066    0  333          - 4705.50066      -     -    3s
     0     0 4736.24218    0  333          - 4736.24218      -     -    3s
     0     0 4742.47293    0  351          - 4742.47293      -     -    4s
     0     0 4743.10020    0  321          - 4743.10020      -     -    4s
     0     0 4863.42008    0  458          - 4863.42008      -     -    5s
     0     0 4883.24725    0  487          - 4883.24725      -     -    6s
     0     0 4884.10816    0  505          - 4884.10816      -     -    6s
     0     0 4947.29985    0  456          - 4947.29985      -     -    8s
     0     0 4956.47669    0  449          - 4956.47669      -     -    8s
     0     0 4963.98351    0  476          - 4963.98351      -     -    9s
     0     0 4966.88295    0  462          - 4966.88295      -     -    9s
     0     0 4970.35601    0  457          - 4970.35601      -     -    9s
     0     0 4970.51841    0  444          - 4970.51841      -     -   10s
     0     0 4990.55679    0  379          - 4990.55679      -     -   11s
     0     0 4995.75759    0  384          - 4995.75759      -     -   14s
     0     0 4997.14555    0  400          - 4997.14555      -     -   14s
     0     0 5009.22638    0  568          - 5009.22638      -     -   15s
     0     0 5014.68480    0  336          - 5014.68480      -     -   16s
     0     2 5014.89117    0  370          - 5014.89117      -     -   22s
     9    12 5030.10017    3  394          - 5028.44535      -   792   25s
    26    30 5182.21956    7  343          - 5029.43163      -   837   30s
    49    54 5115.47305   14  329          - 5029.43163      -   678   35s
    68    74 5170.39703   19  462          - 5029.43163      -   619   40s
    89    94 5315.16790   23  349          - 5029.43163      -   609   45s
   117   123 5431.44260   30  358          - 5029.43163      -   583   50s
   159   174 5696.62852   38  379          - 5029.43163      -   535   55s
   197   224 6123.63343   49  262          - 5029.43163      -   498   60s
   298   311 6142.09187   73  253          - 5029.43163      -   388   65s
   403   460 7560.96774  128  145          - 5029.43163      -   329   70s
   588   619 5078.24187    5  642          - 5029.44992      -   256   76s
   718   723 5125.92986    8  312          - 5029.44992      -   217   80s
   772   734 11205.0600  225  336          - 5029.44992      -   211   85s
   775   736 8701.18649  163  310          - 5029.44992      -   210   90s
   780   739 5201.84548   12  530          - 5033.56047      -   209   95s
   789   745 5769.32835   44  670          - 5072.30274      -   206  101s
   795   749 7372.46678  122  675          - 5087.79529      -   205  111s
   801   753 6422.25255   80  696          - 5092.39982      -   203  116s
   805   756 5327.94326   13  711          - 5100.55532      -   202  120s
   812   761 10326.4900  196  714          - 5107.45023      -   200  125s
   814   762 11152.1600  251  731          - 5114.33691      -   200  130s
   821   767 6488.37436   88  690          - 5118.48212      -   198  135s
   824   769 8200.76390  122  633          - 5119.52999      -   198  140s
   831   773 5286.31490   21  751          - 5121.32278      -   196  146s
   836   777 11263.1700  250  808          - 5122.12462      -   195  150s
   838   778 11271.2300  250  794          - 5122.48098      -   194  155s
   845   784 12172.3901  264  304          - 5122.55174      -   247  161s
   849   787 10204.5431  186  564          - 5122.55174      -   246  165s
   856   791 5122.55174    3  721          - 5122.55174      -   244  170s
   860   794 8339.60620  156  704          - 5123.63316      -   243  176s
   864   797 6567.35888   93  656          - 5123.85194      -   242  180s
   867   799 6556.20564   85  666          - 5123.95154      -   241  186s
   872   802 11205.0600  225  765          - 5125.55914      -   239  190s
   877   805 5952.04398   47  815          - 5125.57047      -   238  195s
   882   809 6813.11302  103  825          - 5125.59876      -   237  211s
   887   815 5155.08313   31  525          - 5126.24231      -   269  215s
   893   819 5134.55686   33  654          - 5133.79380      -   275  220s
   901   824 5152.04617   35  703          - 5134.84926      -   286  225s
   915   836 5157.28607   39  541          - 5135.33461      -   295  230s
   942   853 5231.17426   47  473          - 5135.33461      -   305  235s
   965   871 5181.45024   55  441          - 5135.33461      -   314  240s
   989   886 5262.22609   61  432          - 5135.33461      -   323  245s
  1023   915 5255.55165   70  463          - 5135.33461      -   328  251s
  1062   943 5337.29987   81  392          - 5135.33461      -   330  256s
  1094   959 5413.38536   74  451          - 5135.33461      -   332  260s
  1137   991 5372.04583  102  381          - 5135.33461      -   331  265s
  1172  1024 5456.88285  110  415          - 5135.33461      -   335  271s
  1218  1057 5620.86907  122  314          - 5135.33461      -   333  276s
  1277  1105 6259.05907  137  277          - 5135.33461      -   328  281s
  1350  1155 6574.31158  154  223          - 5135.33461      -   322  286s
  1429  1210 6656.55553  166  174          - 5135.33461      -   315  291s
  1471  1235 6721.65832  175  180          - 5135.33461      -   311  295s
  1576  1332 6989.36346  191  179          - 5135.33461      -   302  301s
  1656  1379 7202.23618  208  120          - 5135.33461      -   293  305s
  1737  1427 7393.23947  227  117          - 5135.33461      -   284  310s
  1860  1459 7846.77107  257   71          - 5135.33461      -   271  315s
  1935  1486 9194.31310  292   85          - 5152.04617      -   266  320s
  2019  1473 5227.78779   36  448          - 5152.04617      -   261  327s
  2030  1479 5162.78623   35  633          - 5152.04617      -   263  331s
  2048  1491 5202.00198   37  570          - 5152.04617      -   267  337s
  2058  1500 5243.17879   36  621          - 5152.04617      -   269  341s
  2088  1525 5211.60590   40  543          - 5152.04617      -   270  348s
  2105  1542 5218.74243   41  495          - 5152.04617      -   272  351s
  2128  1566 5220.97030   43  432          - 5152.04617      -   272  355s
  2192  1614 5266.67101   45  315          - 5152.04617      -   271  363s
  2229  1661 5283.72611   49  506          - 5152.04617      -   271  368s
  2288  1709 5304.11039   54  580          - 5152.04617      -   268  373s
  2356  1767 5302.85982   54  344          - 5152.04617      -   265  378s
  2437  1821 5335.25122   60  344          - 5152.04617      -   261  384s
  2484  1806 7904.92077  235   97          - 5152.04617      -   259  385s
  2548  1816 5382.30242   64  260          - 5152.04617      -   254  390s
  2604  1826 5500.28777   72  192          - 5152.04617      -   253  395s
  2653  1838 5316.06256   39  484          - 5152.04617      -   254  400s
  2697  1916 5774.40079  102  225          - 5152.04617      -   255  410s
  2753  1945 6156.37943  117  193          - 5152.04617      -   254  415s
  2801  1999 6057.62273  125  177          - 5152.04617      -   253  422s
  2871  2042 6285.70298  140  172          - 5152.04617      -   252  429s
  2919  2026 6442.36253  160  162          - 5152.04617      -   250  430s
  2937  2058 6680.86214  162  160          - 5152.04617      -   250  437s
  2975  2168 6856.01006  170  143          - 5152.04617      -   250  444s
  3010  2156 6973.55652  185  112          - 5152.04617      -   249  445s
  3098  2222 7804.13039  198   71          - 5152.04617      -   245  452s
  3197  2300 7936.84257  219  111          - 5152.04617      -   243  460s
  3312  2345 8703.82783  246  115          - 5155.10350      -   239  470s
  3467  2387 5314.91867   37  432          - 5155.10350      -   234  478s
  3501  2440 5348.77597   40  426          - 5155.10350      -   235  485s
  3554  2493 5397.82007   44  394          - 5155.10350      -   235  493s
  3607  2575 5436.36417   49  423          - 5155.10350      -   235  501s
  3689  2670 5496.03987   56  293          - 5155.10350      -   233  509s
  3784  2803 5523.76674   61  324          - 5155.10350      -   232  519s
  3917  2892 5604.75483   72  274          - 5155.10350      -   228  531s
  4006  2934 5633.00975   78  282          - 5155.10350      -   226  543s
  4048  3158 5747.70252   87  218          - 5155.10350      -   226  555s
  4332  3232 5837.17347  102  206          - 5155.10350      -   215  566s
  4378  3300 5989.07763  117  157          - 5155.10350      -   216  575s
  4446  3385 6192.76701  142  107          - 5155.10350      -   216  584s
  4466  3385 6454.84520  147  164          - 5155.10350      -   216  585s
  4533  3511 6490.38887  173   98          - 5155.10350      -   216  595s
  4661  3568 7009.50735  205   72          - 5163.18118      -   214  609s
  4677  3568 7618.58365  211   92          - 5163.18118      -   214  610s
  4764  3596 5383.33205   35  515          - 5163.18118      -   214  619s
  4792  3624 5490.96471   43  457          - 5163.18118      -   216  629s
  4820  3657 5498.37930   48  444          - 5163.18118      -   218  639s
  4853  3689 5547.23513   56  361          - 5163.18118      -   220  649s
  4885  3721 5655.14398   66  338          - 5163.18118      -   222  659s
  4917  3750 5745.38038   73  366          - 5163.18118      -   224  671s
  4946  3793 5891.04316   81  214          - 5163.18118      -   225  681s
  4989  3838 5801.32497   96  286          - 5163.18118      -   227  693s
  5034  3889 5890.79737  106  256          - 5163.18118      -   229  704s
  5050  3889 5926.86984  109  265          - 5163.18118      -   229  705s
  5085  3964 5952.04836  111  234          - 5163.18118      -   231  716s
  5160  4099 6142.45441  129  215          - 5163.18118      -   232  730s
  5295  4393 6358.68307  147  193          - 5163.18118      -   231  747s
  5505  4393 7310.02350  210   37          - 5163.18118      -   228  750s
  5595  4646 6987.31985  172  166          - 5163.18118      -   226  765s
  5909  4914 7534.01373  211   73          - 5165.77766      -   221  785s
  6196  5017 5436.58402   41  400          - 5165.77766      -   216  801s
  6275  5133 5686.26848   54  311          - 5165.77766      -   217  816s
  6391  5399 5893.13098   73  176          - 5165.77766      -   217  833s
  6572  5400 6808.68286  137  134          - 5165.77766      -   215  835s
  6683  5598 8947.17500  128   37          - 5166.19083      -   213  854s
  6769  5602 8128.40069  187  104          - 5169.48735      -   213  855s
  6967  5633 5664.31471   38  363          - 5169.48735      -   209  868s
  6988  5662 5796.79001   43  450          - 5169.48735      -   211  881s
  7017  5698 5834.00279   54  340          - 5169.48735      -   213  894s
  7053  5741 5924.30898   64  361          - 5169.48735      -   215  907s
  7096  5783 6131.96110   75  279          - 5169.48735      -   216  919s
  7120  5783 5898.54778   57  355          - 5169.48735      -   217  920s
  7138  5850 6071.14002   86  309          - 5169.48735      -   218  932s
  7205  5962 6221.18439  107  173          - 5169.48735      -   219  947s
  7319  6139 6595.38229  129   53          - 5169.51513      -   220  966s
  7522  6337 5656.77944   52  435          - 5169.51513      -   219  991s
  7772  6448 5791.03395   69  270          - 5169.51513      -   217 1011s
  7859  6551 6076.99166   92  179          - 5169.51513      -   218 1032s
  7962  6790 6391.06657  119  155          - 5178.26620      -   218 1056s
  8247  6884 5479.84772   46  396          - 5178.26620      -   216 1076s
  8322  7002 5683.71585   62  201          - 5178.26620      -   217 1095s
  8440  7298 5989.99500   92  153          - 5178.27108      -   219 1119s
  8520  7298 6440.42255  117  130          - 5178.27108      -   218 1120s
  8800  7341 5564.34267   44  428          - 5178.27108      -   215 1139s
  8816  7341 5744.90837   55  272          - 5178.27108      -   215 1140s
  8843  7390 5869.84280   63  221          - 5178.27108      -   217 1168s
  8892  7473 6045.46382   71  198          - 5178.27108      -   218 1191s
  8975  7643 6432.97321  100  195          - 5178.27108      -   218 1213s
  9138  7643 5877.08365   64  242          - 5178.27108      -   218 1215s
  9145  7761 7276.86886  150  108          - 5179.88697      -   218 1234s
  9210  7764 8473.82000  174   21          - 5179.88697      -   217 1235s
  9293  7884 5513.08122   51  343          - 5179.88697      -   219 1256s
  9406  8082 5754.65684   72  298          - 5179.88697      -   220 1279s
  9486  8082 6083.07987  111   82          - 5179.88697      -   220 1280s
  9624  8311 6180.29929  124   66          - 5182.43240      -   220 1306s
  9903  8393 5231.13098   40  502          - 5182.43240      -   218 1326s
  9966  8530 5437.32517   53  383          - 5182.43240      -   219 1348s
 10081  8530 6461.11935  108   60          - 5182.43240      -   220 1350s
 10103  8695 5588.51530   69  283          - 5182.43240      -   220 1371s
 10304  8907 5924.94880   92  162          - 5184.88881      -   219 1394s
 10320  8907 6011.48035   99  159          - 5184.88881      -   219 1395s
 10562  9018 5455.06712   51  459          - 5184.88881      -   218 1417s
 10673  9246 5698.45148   68  321          - 5184.88881      -   219 1443s
 10816  9246 6869.11000  154    -          - 5184.88881      -   219 1445s
 10915  9522 6210.65111   97  177          - 5184.99500      -   218 1468s
 11044  9522 6801.27280  148   88          - 5184.99500      -   217 1470s
 11263  9594 5457.51770   36  488          - 5185.70801      -   215 1489s
 11288  9594 5701.56271   50  268          - 5185.70801      -   215 1490s
 11315  9684 5721.78640   51  269          - 5185.70801      -   216 1509s
 11405  9862 5914.35357   76  151          - 5185.70801      -   217 1530s
 11583 10269 6930.58572  131  182          - 5185.71799      -   217 1562s
 11835 10293 6535.62900   93  158          - 5185.71799      -   215 1565s
 12042 10451 5610.46498   52  336          - 5185.71799      -   213 1588s
 12210 10460 8514.46242  218    5          - 5185.71799      -   212 1590s
 12264 10561 5847.07849   64  297          - 5185.71799      -   212 1608s
 12348 10691 6032.68869   94  144          - 5185.71799      -   213 1628s
 12457 10691 5711.50766   53  298          - 5185.71799      -   213 1630s
 12478 10874 6495.91634  138   49          - 5186.18079      -   213 1651s
 12727 10978 5780.08748   49  485          - 5186.18079      -   213 1672s
 12825 11136 6131.86891   70  262          - 5186.18079      -   214 1695s
 13009 11351 6321.29133   90  158          - 5186.66939      -   214 1724s
 13089 11351 6727.12167  116  100          - 5186.66939      -   213 1725s
 13252 11423 5332.54870   39  515          - 5186.66939      -   213 1744s
 13284 11423 5630.03027   57  377          - 5186.66939      -   214 1745s
 13324 11526 5711.34142   58  367          - 5186.66939      -   214 1764s
 13356 11526 5741.43399   76  314          - 5186.66939      -   214 1765s
 13427 11780 5799.00636   81  268          - 5186.66939      -   215 1790s
 13735 11881 6035.70240  116   41          - 5186.66939      -   213 1916s
 13809 12098 6798.74928  127  164          - 5186.81611      -   213 1945s
 14094 12160 5494.47363   37  619          - 5187.20662      -   213 1968s
 14155 12226 infeasible   48               - 5187.20662      -   214 1989s
 14207 12226 5928.06826   56  308          - 5187.20662      -   215 1990s
 14225 12312 5797.97364   54  369          - 5187.20662      -   215 2012s
 14311 12429 6310.48168   58  327          - 5187.20662      -   216 2035s
 14428 12635 6021.57357   73  232          - 5187.20662      -   217 2061s
 14634 13157 6165.02386   96  174          - 5187.20662      -   217 2089s
 14698 13157 6452.85135  111  161          - 5187.20662      -   217 2090s
 15147 13165 7575.16000  192    6          - 5187.20662      -   213 2095s
 15228 13349 7594.69226  154   98          - 5187.38323      -   213 2118s
 15450 13495 5568.26590   64  349          - 5187.38323      -   212 2141s
 15569 13707 5802.95948   81  253          - 5187.38323      -   213 2167s
 15813 13955 6006.85813  119  105          - 5189.16938      -   213 2194s
 15845 13955 6169.53898  134   79          - 5189.16938      -   213 2195s
 16113 14088 5546.72289   44  421          - 5189.16938      -   212 2218s
 16220 14305 5984.19121   56  306          - 5189.16938      -   213 2242s
 16441 14442 6188.71101   75  268          - 5189.16938      -   212 2265s
 16625 14628 6684.24338  108  114          - 5190.16515      -   212 2289s
 16641 14628 6732.94923  117  140          - 5190.16515      -   212 2290s
 16847 14780 5532.13338   53  388          - 5190.16515      -   212 2313s
 16994 15125 5756.73824   70  248          - 5190.16515      -   213 2341s
 17305 15133 8671.12333  185    7          - 5190.16515      -   212 2345s
 17445 15312 6432.28377  111  107          - 5192.10620      -   210 2367s
 17614 15393 5785.69546   46  349          - 5192.10620      -   210 2389s
 17695 15509 6013.27134   67  279          - 5192.10620      -   211 2410s
 17811 15773 6145.05760   95  199          - 5192.10620      -   212 2434s
 17891 15773 6490.47855  129  122          - 5192.10620      -   212 2435s
 18077 15911 6966.03511  140  128          - 5192.55514      -   212 2457s
 18269 16011 5549.71337   50  411          - 5194.45805      -   211 2479s
 18287 16011 5709.73549   61  194          - 5194.45805      -   212 2480s
 18354 16176 5741.86126   68  283          - 5194.45805      -   212 2501s
 18519 16394 6077.25665  100  178          - 5198.25142      -   213 2525s
 18801 16447 5522.49376   57  396          - 5198.27567      -   212 2547s
 18851 16519 5561.25672   71  323          - 5198.27567      -   213 2567s
 18923 16615 5756.14596   87  293          - 5198.27567      -   214 2588s
 19019 16819 6207.64300  102  212          - 5198.27567      -   214 2613s
 19156 16819 6409.80649  102   93          - 5198.27567      -   215 2615s
 19265 17000 6434.43768  134  134          - 5198.43760      -   214 2640s
 19508 17082 5582.06085   58  442          - 5198.43760      -   213 2663s
 19565 17214 5807.49595   71  261          - 5198.43760      -   214 2686s
 19697 17495 6517.19012  103  143          - 5198.98423      -   215 2711s
 20018 17654 5525.11428   56  432          - 5198.98423      -   214 2737s
 20217 17760 6097.13808   68  278          - 5198.98423      -   214 2759s
 20256 17760 6198.08332   80  195          - 5198.98423      -   214 2760s
 20303 17992 6220.50558   80  241          - 5198.98423      -   214 2784s
 20335 17992 6414.64199   94   83          - 5198.98423      -   214 2785s
 20547 18337 6676.66052  106  134          - 5201.60512      -   214 2823s
 20757 18343 8238.53349  181   56          - 5201.60512      -   213 2825s
 20962 18418 5457.08758   44  446          - 5201.64187      -   213 2846s
 21053 18537 5666.27226   64  290          - 5201.64187      -   213 2882s
 21172 18771 5906.39454   84  209          - 5201.64187      -   214 2906s
 21430 18865 6568.65163  131  125          - 5203.02064      -   214 2929s
 21466 18865 7290.30273  143  100          - 5203.02064      -   214 2930s
 21562 18959 5514.94419   50  345          - 5203.02064      -   214 2951s
 21656 19064 5705.00346   70  208          - 5203.02064      -   215 2990s
 21761 19278 6054.91497   88  160          - 5203.02064      -   215 3022s
 21975 19427 6545.38083  142   67          - 5203.03307      -   215 3046s
 22189 19524 5877.93204   49  398          - 5203.44634      -   214 3069s
 22267 19694 5998.85246   65  298          - 5203.44634      -   215 3092s
 22439 19886 6381.03754   88  212          - 5203.44634      -   215 3117s
 22668 20209 6843.21597  122  115          - 5203.44634      -   215 3144s
 22748 20209 7341.98284  153  132          - 5203.44634      -   215 3145s
 22982 20392 8968.48049  192   82          - 5203.62537      -   214 3171s
 23256 20454 5748.08220   49  450          - 5204.86310      -   213 3194s
 23297 20520 5844.79344   59  295          - 5204.86310      -   214 3215s
 23363 20593 5991.50283   80  263          - 5204.86310      -   215 3236s
 23436 20698 6235.77767   99  201          - 5204.86310      -   216 3258s
 23541 20913 6895.25117  128  171          - 5205.01212      -   216 3282s
 23816 21103 5468.78360   47  391          - 5205.01212      -   216 3308s
 24000 21229 5871.56390   59  326          - 5205.01212      -   216 3332s
 24153 21306 6137.36361   78  291          - 5205.01212      -   217 3354s
 24217 21505 6425.98467   99  122          - 5205.01212      -   217 3378s
 24361 21505 6980.30809  145   13          - 5205.01212      -   217 3380s
 24418 21776 7542.70826  145  113          - 5208.69899      -   217 3404s
 24499 21776 8059.37022  178   60          - 5208.69899      -   217 3405s
 24737 21866 5844.12069   52  355          - 5208.69899      -   216 3426s
 24807 22013 6037.42306   67  286          - 5208.69899      -   217 3450s
 24954 22300 6855.02660  107  160          - 5208.92758      -   218 3477s
 25277 22821 5679.80377   48  382          - 5208.92758      -   217 3510s
 25668 22821 9083.62167  256   25          - 5208.92758      -   216 3515s
 25821 22931 6011.36050   69  324          - 5208.92758      -   215 3537s
 25913 23219 6271.31087   90  198          - 5209.05543      -   215 3565s
 26241 23405 5569.08577   49  421          - 5209.05543      -   214 3591s
 26443 23420 5985.06397   65  327          - 5209.05543      -   214 3600s

Cutting planes:
  User: 6512
  Gomory: 32
  Cover: 559
  Implied bound: 166
  Projected implied bound: 25
  Clique: 17
  MIR: 104
  StrongCG: 1
  Flow cover: 499
  GUB cover: 3
  Zero half: 59
  RLT: 376
  Relax-and-lift: 19
  Lazy constraints: 3336

Explored 26458 nodes (5695227 simplex iterations) in 3600.27 seconds
Thread count was 2 (of 32 available processors)

Solution count 0

Time limit reached
Best objective -, best bound 5.209055427319e+03, gap -

User-callback calls 409851, time in user-callback 273.95 sec
writeSolution() exp: Unable to retrieve attribute 'X'
================================================================================
executing instance: ./input/Instances/Original/5/absH3low_4n25.dat
--------------------------------------------------------------------------------
Instance details
n	26
H	3
C	2029
Li:
[0, 0, 0, 0, 0, 0, 0, 0, 0, 0, 0, 0, 0, 0, 0, 0, 0, 0, 0, 0, 0, 0, 0, 0, 0, 0, ]
Ui:
[0, 34, 165, 76, 88, 188, 58, 279, 52, 132, 198, 142, 135, 165, 186, 58, 201, 196, 40, 183, 32, 90, 168, 126, 93, 146, ]
Distance matrix:
|0	299	188	235	91	202	152	147	162	277	268	132	71	162	220	69	220	289	241	124	265	80	162	132	66	302	|
|299	0	468	431	282	142	317	425	443	569	193	178	359	302	422	231	93	28	511	325	457	242	434	215	240	601	|
|188	468	0	153	265	342	308	43	192	106	455	290	117	206	142	246	379	464	252	274	360	267	211	319	231	184	|
|235	431	153	0	326	289	386	145	321	240	482	269	184	129	15	258	339	436	393	355	477	305	336	354	237	334	|
|91	282	265	326	0	228	66	228	166	339	196	157	154	242	311	99	225	264	229	50	201	47	153	71	115	340	|
|202	142	342	289	228	0	285	301	363	447	255	73	245	161	281	139	53	151	440	278	428	181	360	187	136	495	|
|152	317	308	386	66	285	0	275	167	368	188	217	207	308	371	163	274	295	210	34	145	108	148	104	181	350	|
|147	425	43	145	228	301	275	0	179	146	415	248	76	172	131	203	337	421	248	242	341	227	195	279	188	211	|
|162	443	192	321	166	363	167	179	0	216	352	291	152	302	307	225	375	428	81	138	170	201	22	237	227	183	|
|277	569	106	240	339	447	368	146	216	0	535	391	210	312	232	341	481	562	245	335	381	352	238	402	329	106	|
|268	193	455	482	196	255	188	415	352	535	0	225	339	367	469	224	212	165	398	214	302	188	335	136	245	533	|
|132	178	290	269	157	73	217	248	291	391	225	0	183	145	258	66	91	175	367	207	358	110	287	127	67	431	|
|71	359	117	184	154	245	207	76	152	210	339	183	0	152	169	131	274	352	232	174	294	151	161	203	119	251	|
|162	302	206	129	242	161	308	172	302	312	367	145	152	0	120	153	210	308	383	284	426	208	309	249	132	383	|
|220	422	142	15	311	281	371	131	307	232	469	258	169	120	0	245	330	427	379	340	461	291	321	340	224	324	|
|69	231	246	258	99	139	163	203	225	341	224	66	131	153	245	0	152	222	301	147	299	57	221	97	22	371	|
|220	93	379	339	225	53	274	337	375	481	212	91	274	210	330	152	0	99	448	273	419	180	369	171	157	521	|
|289	28	464	436	264	151	295	421	428	562	165	175	352	308	427	222	99	0	493	305	434	227	418	196	234	590	|
|241	511	252	393	229	440	210	248	81	245	398	367	232	383	379	301	448	493	0	190	147	270	80	298	305	175	|
|124	325	274	355	50	278	34	242	138	335	214	207	174	284	340	147	273	305	190	0	152	97	122	110	162	320	|
|265	457	360	477	201	428	145	341	170	381	302	358	294	426	461	299	419	434	147	152	0	248	150	249	312	322	|
|80	242	267	305	47	181	108	227	201	352	188	110	151	208	291	57	180	227	270	97	248	0	192	52	76	366	|
|162	434	211	336	153	360	148	195	22	238	335	287	161	309	321	221	369	418	80	122	150	192	0	224	225	203	|
|132	215	319	354	71	187	104	279	237	402	136	127	203	249	340	97	171	196	298	110	249	52	224	0	118	409	|
|66	240	231	237	115	136	181	188	227	329	245	67	119	132	224	22	157	234	305	162	312	76	225	118	0	364	|
