




arguments: ./build/bc_mirp -f ./input/orig_exec_93.cfg
Current dir: /scratch/gui/bc_mirp
File verbosity level: 9
date       time         ( uptime  ) [ thread name/id ]                   file:line     v| 
2021-02-07 08:41:35.306 (   0.075s) [main thread     ]             loguru.cpp:789   INFO| Logging to './output/vi_vc+cus/OU/V5/Original/execution_07_02_2021_08_41_35.log', mode: 'a', verbosity: 9
--------------------------------------------------------------------------------
Parameters
                           instance_path           ./input/Instances/Original/2/
                            model_policy                                       1
                             nb_vehicles                                       5
                              output_dir      ./output/vi_vc+cus/OU/V5/Original/
                            sec_strategy                                       1
                       solver_nb_threads                                       2
                         solver_show_log                                    true
                       solver_time_limit                                    3600
                              use_vi_cos                                   false
                              use_vi_cus                                    true
                         use_vi_hc1_full                                   false
                         use_vi_hc1_half                                   false
                      use_vi_hc1_quarter                                   false
                              use_vi_hc2                                   false
                              use_vi_hc3                                   false
                         use_vi_lex_full                                   false
                         use_vi_lex_half                                   false
                      use_vi_lex_quarter                                   false
                              use_vi_qua                                   false
                               use_vi_vc                                    true
                               use_vi_vr                                   false
--------------------------------------------------------------------------------
executing instance: ./input/Instances/Original/2/absH3high_3n40.dat
--------------------------------------------------------------------------------
Instance details
n	41
H	3
C	3283
Li:
[0, 0, 0, 0, 0, 0, 0, 0, 0, 0, 0, 0, 0, 0, 0, 0, 0, 0, 0, 0, 0, 0, 0, 0, 0, 0, 0, 0, 0, 0, 0, 0, 0, 0, 0, 0, 0, 0, 0, 0, 0, ]
Ui:
[0, 63, 111, 99, 96, 111, 282, 122, 156, 261, 42, 192, 126, 42, 162, 207, 159, 122, 102, 190, 118, 102, 132, 102, 165, 252, 66, 52, 22, 114, 210, 176, 116, 294, 78, 152, 210, 45, 130, 198, 174, ]
Distance matrix:
|0	208	225	252	227	143	258	127	267	150	28	83	163	286	57	149	201	137	214	255	70	73	107	186	328	266	249	343	222	177	293	144	262	215	167	120	169	218	143	173	255	|
|208	0	397	355	416	198	216	99	211	275	193	172	97	166	240	225	362	109	277	314	182	216	273	374	298	208	319	161	14	103	93	120	58	196	152	156	372	227	260	218	453	|
|225	397	0	427	53	364	482	343	492	129	253	225	382	386	171	188	39	291	187	195	295	182	282	55	326	491	180	551	408	315	457	366	455	275	392	244	221	439	341	214	101	|
|252	355	427	0	401	158	201	263	219	396	234	328	259	498	299	400	420	354	465	506	205	324	152	374	574	219	499	393	366	389	446	235	378	456	205	359	224	150	111	423	400	|
|227	416	53	401	0	357	477	352	489	165	253	245	389	424	179	223	85	315	234	245	293	200	264	42	375	488	231	565	428	344	484	370	474	314	392	270	184	430	325	252	50	|
|143	198	364	158	357	0	121	105	134	290	116	196	103	342	200	276	343	205	343	385	74	210	112	319	432	133	382	265	209	237	290	78	226	313	57	220	232	75	69	292	375	|
|258	216	482	201	477	121	0	168	18	397	230	293	135	381	314	372	459	275	437	480	188	317	228	439	501	18	479	197	222	296	290	132	212	386	95	306	347	58	173	381	496	|
|127	99	343	263	352	105	168	0	171	239	105	130	40	237	173	206	313	109	270	312	84	164	175	310	337	169	313	216	112	135	192	37	142	220	77	138	280	155	162	213	382	|
|267	211	492	219	489	134	18	171	0	404	240	298	136	376	323	376	468	276	441	483	198	324	243	450	500	2	483	181	215	294	281	136	202	386	102	309	363	75	189	384	509	|
|150	275	129	396	165	290	397	239	404	0	175	110	279	259	97	59	91	166	84	116	217	80	245	130	226	402	106	434	286	187	329	269	333	149	302	119	244	364	291	87	213	|
|28	193	253	234	253	116	230	105	240	175	0	94	139	286	84	167	229	136	234	275	43	96	98	212	341	238	271	320	206	175	281	118	244	225	140	128	180	191	124	189	280	|
|83	172	225	328	245	196	293	130	298	110	94	0	169	209	77	80	191	71	147	189	127	45	189	203	247	296	187	327	184	106	241	162	230	132	198	38	242	266	217	96	285	|
|163	97	382	259	389	103	135	40	136	279	139	169	0	253	212	244	353	141	307	349	110	203	194	347	366	133	350	183	107	161	187	27	124	251	56	175	306	133	169	249	418	|
|286	166	386	498	424	342	381	237	376	259	286	209	253	0	284	201	347	151	210	230	299	247	383	387	155	374	242	290	162	112	129	270	192	113	308	172	451	386	391	172	471	|
|57	240	171	299	179	200	314	173	323	97	84	77	212	284	0	112	145	147	170	208	127	38	148	137	299	321	201	386	253	183	315	195	297	195	222	112	171	275	195	142	214	|
|149	225	188	400	223	276	372	206	376	59	167	80	244	201	112	0	149	117	67	110	205	78	254	186	187	374	108	387	235	132	272	240	283	93	277	71	279	346	291	32	270	|
|201	362	39	420	85	343	459	313	468	91	229	191	353	347	145	149	0	254	149	160	272	150	271	66	290	466	146	518	373	278	419	339	420	235	367	207	227	418	327	175	135	|
|137	109	291	354	315	205	275	109	276	166	136	71	141	151	147	117	254	0	172	212	151	116	232	273	229	274	215	270	119	39	170	145	167	111	186	47	305	263	245	113	356	|
|214	277	187	465	234	343	437	270	441	84	234	147	307	210	170	67	149	172	0	42	272	141	317	205	144	439	43	437	284	175	307	305	331	99	343	132	327	413	357	60	283	|
|255	314	195	506	245	385	480	312	483	116	275	189	349	230	208	110	160	212	42	0	314	182	356	222	132	481	15	474	321	212	337	347	367	126	385	174	358	455	398	100	295	|
|70	182	295	205	293	74	188	84	198	217	43	127	110	299	127	205	272	151	272	314	0	137	91	253	370	196	310	292	195	188	274	85	226	252	99	155	197	148	94	223	316	|
|73	216	182	324	200	210	317	164	324	80	96	45	203	247	38	78	150	116	141	182	137	0	176	158	263	323	176	369	229	150	286	191	274	157	223	77	208	284	216	106	239	|
|107	273	282	152	264	112	228	175	243	245	98	189	194	383	148	254	271	232	317	356	91	176	0	231	435	242	349	371	286	271	365	167	315	321	164	224	120	174	61	280	274	|
|186	374	55	374	42	319	439	310	450	130	212	203	347	387	137	186	66	273	205	222	253	158	231	0	348	448	208	523	386	303	442	329	431	279	352	229	167	392	291	217	85	|
|328	298	326	574	375	432	501	337	500	226	341	247	366	155	299	187	290	229	144	132	370	263	435	348	0	498	147	441	299	206	283	374	338	119	414	215	465	492	463	157	425	|
|266	208	491	219	488	133	18	169	2	402	238	296	133	374	321	374	466	274	439	481	196	323	242	448	498	0	481	180	213	292	278	134	200	384	100	307	362	75	188	381	508	|
|249	319	180	499	231	382	479	313	483	106	271	187	350	242	201	108	146	215	43	15	310	176	349	208	147	481	0	480	326	217	346	347	373	135	385	175	347	454	392	103	280	|
|343	161	551	393	565	265	197	216	181	434	320	327	183	290	386	387	518	270	437	474	292	369	371	523	441	180	480	0	153	263	163	207	107	352	208	317	487	244	334	379	598	|
|222	14	408	366	428	209	222	112	215	286	206	184	107	162	253	235	373	119	284	321	195	229	286	386	299	213	326	153	0	109	81	132	48	201	162	167	386	236	272	226	466	|
|177	103	315	389	344	237	296	135	294	187	175	106	161	112	183	132	278	39	175	212	188	150	271	303	206	292	217	263	109	0	142	171	156	95	211	74	344	289	281	118	386	|
|293	93	457	446	484	290	290	192	281	329	281	241	187	129	315	272	419	170	307	337	274	286	365	442	283	278	346	163	81	142	0	212	79	211	241	214	461	311	353	254	525	|
|144	120	366	235	370	78	132	37	136	269	118	162	27	270	195	240	339	145	305	347	85	191	167	329	374	134	347	207	132	171	212	0	151	257	40	174	280	119	142	248	398	|
|262	58	455	378	474	226	212	142	202	333	244	230	124	192	297	283	420	167	331	367	226	274	315	431	338	200	373	107	48	156	79	151	0	245	173	214	421	237	293	273	510	|
|215	196	275	456	314	313	386	220	386	149	225	132	251	113	195	93	235	111	99	126	252	157	321	279	119	384	135	352	201	95	211	257	245	0	297	97	365	374	345	62	362	|
|167	152	392	205	392	57	95	77	102	302	140	198	56	308	222	277	367	186	343	385	99	223	164	352	414	100	385	208	162	211	241	40	173	297	0	213	283	79	126	287	415	|
|120	156	244	359	270	220	306	138	309	119	128	38	175	172	112	71	207	47	132	174	155	77	224	229	215	307	175	317	167	74	214	174	214	97	213	0	280	286	248	75	313	|
|169	372	221	224	184	232	347	280	363	244	180	242	306	451	171	279	227	305	327	358	197	208	120	167	465	362	347	487	386	344	461	280	421	365	283	280	0	291	175	310	176	|
|218	227	439	150	430	75	58	155	75	364	191	266	133	386	275	346	418	263	413	455	148	284	174	392	492	75	454	244	236	289	311	119	237	374	79	286	291	0	116	359	445	|
|143	260	341	111	325	69	173	162	189	291	124	217	169	391	195	291	327	245	357	398	94	216	61	291	463	188	392	334	272	281	353	142	293	345	126	248	175	116	0	313	335	|
|173	218	214	423	252	292	381	213	384	87	189	96	249	172	142	32	175	113	60	100	223	106	280	217	157	381	103	379	226	118	254	248	273	62	287	75	310	359	313	0	300	|
|255	453	101	400	50	375	496	382	509	213	280	285	418	471	214	270	135	356	283	295	316	239	274	85	425	508	280	598	466	386	525	398	510	362	415	313	176	445	335	300	0	|

--------------------------------------------------------------------------------
Building model...
	using lazy and cut (CVRPSEP package)
Solving IRP LP...
--------------------------------------------------------------------------------

Gurobi 9.1.0 (linux64) logging started Sun Feb  7 08:41:35 2021

Gurobi Optimizer version 9.1.0 build v9.1.0rc0 (linux64)
Thread count: 32 physical cores, 32 logical processors, using up to 2 threads
Optimize a model with 1781 rows, 13679 columns and 32768 nonzeros
Model fingerprint: 0x3e4416ec
Variable types: 764 continuous, 12915 integer (615 binary)
Coefficient statistics:
  Matrix range     [1e+00, 7e+02]
  Objective range  [1e-01, 6e+02]
  Bounds range     [1e+00, 3e+02]
  RHS range        [1e+00, 6e+03]
Presolve removed 444 rows and 241 columns
Presolve time: 0.15s
Presolved: 1337 rows, 13438 columns, 30323 nonzeros
Variable types: 482 continuous, 12956 integer (12332 binary)

Root relaxation: objective 1.244563e+04, 1770 iterations, 0.07 seconds

    Nodes    |    Current Node    |     Objective Bounds      |     Work
 Expl Unexpl |  Obj  Depth IntInf | Incumbent    BestBd   Gap | It/Node Time

     0     0 12445.6272    0  164          - 12445.6272      -     -    0s
     0     0 12936.2290    0  210          - 12936.2290      -     -    0s
     0     0 12938.9042    0  193          - 12938.9042      -     -    0s
     0     0 12942.8361    0  188          - 12942.8361      -     -    0s
     0     0 12943.0408    0  179          - 12943.0408      -     -    0s
     0     0 13393.7417    0  237          - 13393.7417      -     -    1s
     0     0 13500.1436    0  252          - 13500.1436      -     -    1s
     0     0 13517.5239    0  278          - 13517.5239      -     -    1s
     0     0 13517.7463    0  275          - 13517.7463      -     -    1s
     0     0 13673.1315    0  291          - 13673.1315      -     -    2s
     0     0 13686.1776    0  267          - 13686.1776      -     -    2s
     0     0 13686.6889    0  304          - 13686.6889      -     -    2s
     0     0 13776.5730    0  280          - 13776.5730      -     -    2s
     0     0 13789.1084    0  229          - 13789.1084      -     -    3s
     0     0 13798.1317    0  297          - 13798.1317      -     -    3s
     0     0 13801.7545    0  291          - 13801.7545      -     -    3s
     0     0 13807.4281    0  315          - 13807.4281      -     -    3s
     0     0 13810.1783    0  329          - 13810.1783      -     -    3s
     0     0 13811.3775    0  344          - 13811.3775      -     -    3s
     0     0 13890.4957    0  403          - 13890.4957      -     -    4s
     0     0 13905.1923    0  389          - 13905.1923      -     -    4s
     0     0 13915.1011    0  374          - 13915.1011      -     -    4s
     0     0 13916.6420    0  392          - 13916.6420      -     -    4s
     0     0 13951.5751    0  423          - 13951.5751      -     -    5s
     0     0 13955.0783    0  394          - 13955.0783      -     -    5s
     0     0 13956.2486    0  432          - 13956.2486      -     -    5s
     0     0 13975.5392    0  423          - 13975.5392      -     -    6s
     0     0 13977.0022    0  365          - 13977.0022      -     -    6s
     0     0 13988.2535    0  476          - 13988.2535      -     -    7s
     0     0 13997.2557    0  451          - 13997.2557      -     -    7s
     0     2 13997.2557    0  448          - 13997.2557      -     -    9s
     2     4 14010.2333    1  377          - 13998.1800      -   554   10s
    36    39 14078.7338   12  378          - 14020.2094      -   678   15s
    63    68 14141.1334   18  396          - 14020.2094      -   699   20s
   113   125 14350.9023   28  394          - 14020.2094      -   594   25s
   200   234 14915.7054   46  148          - 14020.2094      -   446   30s
   394   403 15521.7172   92  135          - 14020.2094      -   280   36s
   616   735 16703.4140  137  120          - 14020.2094      -   199   40s
*  912   797             234    18913.370000 14021.7472  25.9%   139   44s
   943   785     cutoff  234      18913.3700 14024.9423  25.8%   140   46s
   948   787 14350.9043   29  451 18913.3700 14024.9423  25.8%   143   51s
   950   788 16243.5386  122  174 18913.3700 14024.9423  25.8%   143   56s
   951   789 18463.0500  215  236 18913.3700 14024.9423  25.8%   143   61s
   954   791 15051.8768   55  454 18913.3700 14036.6751  25.8%   142   65s
   964   798 16336.5805  108  570 18913.3700 14136.9440  25.3%   141   73s
   967   800 17077.4825  157  598 18913.3700 14138.5785  25.2%   141   75s
   975   805 14160.1038    8  629 18913.3700 14160.1038  25.1%   139   84s
   978   807 16231.4480  119  607 18913.3700 14161.7011  25.1%   139   85s
   986   812 14454.8938   30  737 18913.3700 14171.7485  25.1%   138   90s
   993   817 14385.2180   30  693 18913.3700 14174.6092  25.1%   137   95s
  1000   822 14920.6628   49  663 18913.3700 14176.2260  25.0%   136  100s
H 1006   785                    18449.270000 14176.4642  23.2%   175  104s
  1007   785 18449.2700  220  172 18449.2700 14176.4642  23.2%   175  105s
  1010   787 18449.2700  241  450 18449.2700 14176.4642  23.2%   174  110s
  1020   794 17040.7389  139  621 18449.2700 14177.2285  23.2%   173  115s
  1025   797 16829.4186  129  680 18449.2700 14177.6360  23.2%   172  120s
  1030   801 17544.7980  177  732 18449.2700 14177.7675  23.2%   171  125s
  1036   808 14354.6702   26  424 18449.2700 14179.9388  23.1%   189  131s
  1044   813 14215.1817   28  544 18449.2700 14189.8927  23.1%   202  136s
  1053   820 14217.4498   30  594 18449.2700 14200.0393  23.0%   213  140s
  1062   825 14233.8495   32  637 18449.2700 14213.5571  23.0%   225  145s
  1076   836 14216.8993   36  642 18449.2700 14215.1823  22.9%   239  151s
  1088   842 14222.8615   39  692 18449.2700 14215.1823  22.9%   255  157s
  1094   850 14231.0673   40  638 18449.2700 14215.1823  22.9%   260  161s
  1110   861 14234.8216   43  691 18449.2700 14215.1823  22.9%   275  167s
  1116   861 14238.3702   44  686 18449.2700 14215.1823  22.9%   281  170s
  1136   878 14372.2250   47  429 18449.2700 14215.1823  22.9%   296  176s
  1148   887 14250.8678   50  667 18449.2700 14215.1823  22.9%   309  182s
  1164   893 14256.8647   53  667 18449.2700 14215.1823  22.9%   320  197s
  1166   898 14514.2249   53  536 18449.2700 14215.1823  22.9%   322  200s
  1178   910 14262.7031   56  642 18449.2700 14215.1823  22.9%   331  205s
  1199   922 14273.9116   60  674 18449.2700 14215.1823  22.9%   344  211s
  1217   937 14277.4573   64  636 18449.2700 14215.1823  22.9%   358  216s
  1228   944 14277.7493   66  610 18449.2700 14215.1823  22.9%   365  220s
  1251   960 14284.6389   72  644 18449.2700 14215.1823  22.9%   375  226s
  1262   966 14528.9417   74  523 18449.2700 14215.1823  22.9%   384  230s
  1287   988 14300.2942   81  573 18449.2700 14215.1823  22.9%   395  238s
  1302  1002 14353.6218   84  474 18449.2700 14215.1823  22.9%   401  242s
  1321  1008 14586.4397   88  340 18449.2700 14215.1823  22.9%   407  247s
  1333  1026 14364.3041   91  393 18449.2700 14215.1823  22.9%   412  251s
  1355  1032 14687.7355   97  460 18449.2700 14215.1823  22.9%   418  256s
  1369  1050 14355.3313  101  525 18449.2700 14215.1823  22.9%   422  260s
  1391  1054 14387.1102  105  523 18449.2700 14215.1823  22.9%   428  265s
  1403  1079 14495.3974  109  402 18449.2700 14215.1823  22.9%   433  270s
  1432  1101 14473.3212  118  364 18449.2700 14215.1823  22.9%   438  275s
  1463  1127 14609.5702  128  413 18449.2700 14215.1823  22.9%   442  286s
  1500  1154 14725.3403  140  342 18449.2700 14215.1823  22.9%   445  291s
  1539  1172 14933.3913  153  235 18449.2700 14215.1823  22.9%   448  297s
  1570  1186 14906.7100  165  361 18449.2700 14215.1823  22.9%   448  302s
  1594  1226 14956.3057  171  340 18449.2700 14215.1823  22.9%   450  308s
  1642  1253 15217.3025  188  254 18449.2700 14215.1823  22.9%   451  314s
  1685  1255 15242.3325  201  287 18449.2700 14215.1823  22.9%   453  320s
  1702  1300 15406.6543  206  275 18449.2700 14215.1823  22.9%   452  326s
  1752  1290 infeasible  222      18449.2700 14215.1945  22.9%   451  334s
  1779  1304 14282.1984   31  631 18449.2700 14215.1945  22.9%   452  352s
  1802  1339 14327.7359   33  607 18449.2700 14215.1945  22.9%   455  359s
  1845  1357 14415.2591   40  535 18449.2700 14215.1945  22.9%   457  367s
  1877  1405 14536.0857   46  411 18449.2700 14215.1945  22.9%   458  374s
  1936  1456 14717.9544   55  500 18449.2700 14215.1945  22.9%   458  383s
  2006  1530 14994.8624   70  263 18449.2700 14215.1945  22.9%   455  391s
  2104  1577 15345.2457   87  400 18449.2700 14215.1945  22.9%   449  411s
  2183  1642 15599.5501  101  377 18449.2700 14215.1945  22.9%   445  420s
  2275  1735 15802.3113  119  416 18449.2700 14215.1945  22.9%   442  429s
  2330  1716 15402.0186  356  374 18449.2700 14215.1945  22.9%   440  430s
  2398  1833 15922.6785  146  246 18449.2700 14215.1945  22.9%   434  439s
H 2483  1764                    18291.060000 14215.1945  22.3%   428  439s
  2537  1963 15984.1398  182  314 18291.0600 14215.1945  22.3%   424  448s
  2758  2032 16109.5450  217  279 18291.0600 14215.1945  22.3%   406  459s
  2869  1995 17846.8560  516  144 18291.0600 14215.1945  22.3%   398  460s
  2941  2120 16489.4879  255  253 18291.0600 14215.1945  22.3%   392  473s
  3090  2278 16773.3501  321  134 18291.0600 14215.1945  22.3%   384  482s
  3320  2260 17817.1412  420   82 18291.0600 14217.4676  22.3%   366  493s
  3406  2304 14355.7349   33  502 18291.0600 14217.4676  22.3%   363  502s
  3450  2367 14423.7145   48  520 18291.0600 14217.4676  22.3%   363  512s
  3513  2435 14657.0264   54  436 18291.0600 14217.4676  22.3%   364  522s
  3581  2554 14773.3297   68  276 18291.0600 14217.4676  22.3%   364  534s
  3702  2748 14851.7550   87  293 18291.0600 14217.4676  22.3%   360  546s
  3904  2823 15244.0300  106  183 18291.0600 14217.4676  22.3%   352  584s
  3930  2823 15603.5107  113  166 18291.0600 14217.4676  22.3%   351  585s
  3979  3119 15396.9016  118  228 18291.0600 14217.4676  22.3%   349  601s
  4317  3244 16170.0966  153  170 18291.0600 14220.4783  22.3%   330  619s
  4353  3244 16040.2056  162  136 18291.0600 14220.4783  22.3%   329  620s
  4472  3296 14319.4752   32  640 18291.0600 14220.4783  22.3%   327  631s
  4524  3480 14742.5833   57  427 18291.0600 14230.7657  22.2%   329  650s
  4753  3527 14318.6830   29  509 18291.0600 14230.7657  22.2%   321  663s
  4800  3616 14519.0560   49  480 18291.0600 14230.7657  22.2%   323  675s
  4889  3850 15098.3188   92  295 18291.0600 14230.8385  22.2%   324  689s
  4950  3850 15789.1838  153  108 18291.0600 14230.8385  22.2%   321  690s
  5171  4094 14679.4819   41  521 18291.0600 14233.9410  22.2%   314  706s
  5441  4191 14674.1914   38  507 18291.0600 14233.9410  22.2%   307  722s
  5584  4385 15042.8523   88  381 18291.0600 14236.5353  22.2%   304  739s
  5664  4385 16169.0823  168  170 18291.0600 14236.5353  22.2%   302  740s
  5803  4422 infeasible  263      18291.0600 14239.5845  22.2%   299  755s
  5842  4486 14775.4606   34  365 18291.0600 14239.5845  22.2%   303  768s
  5906  4675 15095.4278   42  227 18291.0600 14239.5845  22.2%   305  785s
  6095  4919 16350.6308   67  124 18291.0600 14242.7137  22.1%   303  804s
  6123  4919 16852.6147   80  153 18291.0600 14242.7137  22.1%   303  805s
* 6371  4635             191    17444.720000 14243.3463  18.4%   296  807s
  6401  4634 15032.1553   46  426 17444.7200 14243.3463  18.4%   296  821s
  6470  4734 16054.4601   89  307 17444.7200 14248.8326  18.3%   297  837s
  6580  4844 14696.2796   37  480 17444.7200 14248.8326  18.3%   297  853s
  6702  4998 15436.1918   75  327 17444.7200 14253.1567  18.3%   297  872s
  6900  5053 14312.5931   43  598 17444.7200 14253.1957  18.3%   294  887s
  6962  5143 14732.5273   72  475 17444.7200 14253.1957  18.3%   295  902s
  7053  5220 16360.3062  144  187 17444.7200 14265.5328  18.2%   295  917s
  7148  5325 14733.3971   51  433 17444.7200 14265.5328  18.2%   296  933s
  7267  5471 15013.0583   66  423 17444.7200 14265.5328  18.2%   296  954s
  7413  5581 15191.8541   78  436 17444.7200 14265.5328  18.2%   296  977s
  7541  5785 15538.8989  103  305 17444.7200 14265.5328  18.2%   295 1000s
  7745  6049 16555.5562  170   66 17444.7200 14276.0165  18.2%   294 1025s
  8060  6132 14587.1538   39  559 17444.7200 14281.9617  18.1%   288 1048s
  8143  6314 16040.7539   89  172 17444.7200 14281.9640  18.1%   289 1070s
  8385  6349     cutoff  154      17444.7200 14283.5857  18.1%   286 1093s
  8430  6519 15069.7946   85  465 17444.7200 14289.6607  18.1%   288 1114s
  8453  6519 15570.0018  108  124 17444.7200 14289.6607  18.1%   288 1115s
  8612  6594     cutoff  178      17444.7200 14295.8384  18.1%   286 1136s
  8717  6790 14880.4147   58  386 17444.7200 14299.7723  18.0%   287 1160s
  8925  6849     cutoff  173      17444.7200 14306.6216  18.0%   284 1182s
  9004  6860 15221.0238   70  217 17444.7200 14307.0937  18.0%   285 1204s
  9025  6943 14426.9791   47  676 17444.7200 14307.0937  18.0%   286 1231s
  9108  7114 15156.9246   75  369 17444.7200 14307.3533  18.0%   287 1254s
  9177  7114 16407.9976  144   79 17444.7200 14307.3533  18.0%   286 1255s
* 9274  6650             154    17039.530000 14308.9947  16.0%   284 1255s
  9304  6671 14451.2969   47  630 17039.5300 14308.9947  16.0%   286 1288s
H 9314  5615                    16392.940000 14308.9947  12.7%   287 1288s
  9332  5658 14441.9215   53  471 16392.9400 14308.9947  12.7%   288 1309s
  9375  5713 14478.9184   61  521 16392.9400 14308.9947  12.7%   290 1330s
  9430  5839 14540.4754   72  523 16392.9400 14308.9947  12.7%   292 1355s
  9597  6018 14868.3489   88  279 16392.9400 14312.0656  12.7%   292 1381s
  9829  6050     cutoff  168      16392.9400 14313.5560  12.7%   290 1490s
  9851  6185 14751.6865   52  286 16392.9400 14314.0785  12.7%   292 1515s
 10008  6359 14599.6824   74  525 16392.9400 14314.4645  12.7%   293 1541s
 10216  6454     cutoff  170      16392.9400 14318.7587  12.7%   291 1570s
 10311  6607 15043.3461   55  500 16392.9400 14318.8875  12.7%   292 1597s
 10496  6685 16337.2400  150   20 16392.9400 14319.3143  12.6%   292 1627s
*10498  6581             152    16350.240000 14319.3143  12.4%   292 1627s
 10615  6680 14793.2462   40  455 16350.2400 14319.3766  12.4%   293 1655s
 10713  6850 15581.4705   63  174 16350.2400 14319.4752  12.4%   295 1685s
 10904  6988 14724.7554   52  454 16350.2400 14319.5490  12.4%   296 1716s
 11084  7042 14449.2805   34  572 16350.2400 14319.5840  12.4%   296 1744s
 11138  7122 14613.3998   53  496 16350.2400 14319.5840  12.4%   298 1770s
 11218  7349 14816.9152   66  339 16350.2400 14319.5840  12.4%   300 1803s
 11334  7349 15149.1053  107  185 16350.2400 14319.5840  12.4%   300 1805s
 11469  7551 15181.8950   91  240 16350.2400 14319.8488  12.4%   299 1839s
 11584  7551 15571.4456  125  109 16350.2400 14319.8488  12.4%   298 1840s
 11699  7607     cutoff  166      16350.2400 14320.1607  12.4%   299 1868s
 11756  7772 14926.7318   75  405 16350.2400 14320.1752  12.4%   301 1897s
 11935  7994 14742.2454   60  379 16350.2400 14320.2455  12.4%   301 1929s
 11987  7994 15670.6078  112  178 16350.2400 14320.2455  12.4%   301 1930s
 12193  8092 14442.8912   52  619 16350.2400 14320.3856  12.4%   300 1960s
 12292  8275 15837.5976  121  173 16350.2400 14320.5319  12.4%   301 1998s
 12469  8275 15470.1796   95  219 16350.2400 14321.9118  12.4%   300 2000s
 12512  8361 14578.5193   64  615 16350.2400 14321.9118  12.4%   300 2029s
 12560  8361 15527.6914  112  248 16350.2400 14321.9118  12.4%   301 2030s
 12598  8520 15700.3054  128  225 16350.2400 14322.7396  12.4%   302 2061s
 12780  8637 14791.0988   44  496 16350.2400 14322.7396  12.4%   302 2090s
 12897  8775 15455.8252  100  321 16350.2400 14324.1598  12.4%   303 2124s
 12943  8775 15970.2899  146  252 16350.2400 14324.1598  12.4%   303 2125s
 13073  8948 14759.3501   58  344 16350.2400 14330.7248  12.4%   303 2157s
 13277  9103 14461.6279   84  656 16350.2400 14330.7631  12.4%   302 2188s
 13447  9241 15799.2596  154  253 16350.2400 14330.9469  12.4%   302 2216s
 13619  9330 15454.4833  139  239 16350.2400 14331.9927  12.3%   302 2245s
 13720  9461 14445.3785   47  617 16350.2400 14331.9927  12.3%   303 2274s
 13745  9461 14777.3221   79  461 16350.2400 14331.9927  12.3%   304 2275s
 13880  9620 14725.5589   59  505 16350.2400 14331.9927  12.3%   303 2303s
 14000  9620 15328.6718   81  188 16350.2400 14331.9927  12.3%   304 2305s
 14033  9899 15006.4706   78  297 16350.2400 14333.4377  12.3%   304 2339s
 14079  9899 15296.8817  101  216 16350.2400 14333.4377  12.3%   305 2340s
 14385 10000 14441.3401   82  474 16350.2400 14333.7159  12.3%   302 2368s
 14475 10185 15153.0735   98  331 16350.2400 14333.7159  12.3%   303 2398s
 14604 10185 16052.9755  118  168 16350.2400 14333.7159  12.3%   303 2400s
 14686 10284 16246.8763  120  115 16350.2400 14335.0653  12.3%   303 2430s
 14820 10443 15034.7281   66  447 16350.2400 14335.3157  12.3%   303 2460s
 15003 10593 14580.5213   90  494 16350.2400 14336.2100  12.3%   303 2491s
 15176 10735 15619.0218  149  186 16350.2400 14337.5522  12.3%   303 2523s
 15354 10794 15059.7913   59  382 16350.2400 14337.6505  12.3%   303 2562s
 15414 10905 15718.6040   93  211 16350.2400 14337.6583  12.3%   304 2591s
 15554 10974 14639.1004   57  538 16350.2400 14337.6822  12.3%   304 2621s
 15623 11218 14814.0264   75  382 16350.2400 14337.6822  12.3%   306 2654s
 15652 11218 14973.6551   83  301 16350.2400 14337.6822  12.3%   306 2655s
 15923 11446 15535.6540  105  195 16350.2400 14337.8050  12.3%   304 2690s
 16189 11546 14946.6216   68  269 16350.2400 14338.0013  12.3%   303 2722s
 16315 11621 15159.1491   60  349 16350.2400 14339.1759  12.3%   304 2753s
 16413 11683 14635.8588   42  495 16350.2400 14339.2468  12.3%   305 2780s
 16475 12001 15020.7816   59   97 16350.2400 14339.2885  12.3%   306 2816s
 16834 12015 15963.7008  125   70 16350.2400 14339.5516  12.3%   304 2820s
 16873 12053     cutoff  151      16350.2400 14339.9247  12.3%   304 2848s
 16915 12104 14614.3290   44  533 16350.2400 14340.2786  12.3%   306 2876s
 16966 12156 14612.9613   50  505 16350.2400 14340.2786  12.3%   307 2903s
 17018 12214 14693.9448   55  531 16350.2400 14340.2786  12.3%   309 2930s
 17076 12289 14903.9529   60  362 16350.2400 14340.2786  12.3%   311 2958s
 17151 12481 15122.9823   69  205 16350.2400 14340.2786  12.3%   312 2989s
 17197 12481 15330.3470   79  187 16350.2400 14340.2786  12.3%   312 2990s
 17343 12787 15441.1993  101  134 16350.2400 14340.3914  12.3%   312 3025s
 17693 12979     cutoff  150      16350.2400 14340.4042  12.3%   311 3060s
 17924 13081 14934.7438   71  454 16350.2400 14341.1795  12.3%   310 3088s
H18042 13055                    16299.240000 14341.1795  12.0%   311 3120s
 18221 13220 15551.9512   59  175 16299.2400 14342.3996  12.0%   311 3155s
 18416 13339     cutoff   92      16299.2400 14342.5769  12.0%   311 3186s
 18547 13549 15066.3086   59  445 16299.2400 14343.7181  12.0%   311 3218s
 18700 13549 15510.4235  102  263 16299.2400 14344.0122  12.0%   311 3220s
 18776 13599 14670.5384   44  512 16299.2400 14344.0122  12.0%   310 3249s
 18826 13711 14913.9943   57  481 16299.2400 14344.0122  12.0%   312 3277s
 18938 14009 15169.8707   75  302 16299.2400 14344.0122  12.0%   313 3311s
 19262 14205 15680.3777  125  157 16299.2400 14345.1990  12.0%   311 3344s
 19331 14206 16091.8700  151   25 16299.2400 14345.1990  12.0%   310 3345s
 19509 14230     cutoff  154      16299.2400 14345.8433  12.0%   310 3376s
 19536 14361 14698.5001   82  565 16299.2400 14345.9342  12.0%   311 3408s
 19683 14487 14541.9099   60  643 16299.2400 14346.6807  12.0%   311 3443s
 19829 14673 14551.0816   60  590 16299.2400 14346.6807  12.0%   312 3475s
 20035 14842 15479.3978  120  192 16299.2400 14347.2107  12.0%   312 3506s
 20225 14999 15216.7386   84   91 16299.2400 14348.4101  12.0%   311 3538s
 20349 14999 15948.0620   90  212 16299.2400 14348.6635  12.0%   311 3540s
 20406 15152 14923.5522   65  340 16299.2400 14349.1570  12.0%   311 3569s
 20430 15152 15245.3208   89  251 16299.2400 14349.1570  12.0%   311 3570s
 20600 15302 14622.4025   85  589 16299.2400 14349.4137  12.0%   311 3600s

Cutting planes:
  User: 8472
  Gomory: 28
  Cover: 603
  Implied bound: 224
  Projected implied bound: 20
  Clique: 48
  MIR: 123
  StrongCG: 1
  Flow cover: 386
  GUB cover: 3
  Zero half: 16
  RLT: 380
  Relax-and-lift: 21
  Lazy constraints: 1632

Explored 20764 nodes (6465696 simplex iterations) in 3601.69 seconds
Thread count was 2 (of 32 available processors)

Solution count 8: 16299.2 16350.2 16392.9 ... 18913.4

Time limit reached
Best objective 1.629924000000e+04, best bound 1.434941369877e+04, gap 11.9627%

User-callback calls 438436, time in user-callback 175.89 sec
================================================================================
executing instance: ./input/Instances/Original/2/absH3high_4n10.dat
--------------------------------------------------------------------------------
Instance details
n	11
H	3
C	822
Li:
[0, 0, 0, 0, 0, 0, 0, 0, 0, 0, 0, ]
Ui:
[0, 102, 52, 88, 182, 153, 138, 38, 165, 297, 86, ]
Distance matrix:
|0	285	411	382	327	239	148	256	307	36	383	|
|285	0	352	98	249	103	227	235	120	268	209	|
|411	352	0	395	106	430	263	549	234	429	174	|
|382	98	395	0	302	173	320	288	168	364	227	|
|327	249	106	302	0	324	179	444	135	339	109	|
|239	103	430	173	324	0	241	132	212	212	305	|
|148	227	263	320	179	241	0	325	192	165	249	|
|256	235	549	288	444	132	325	0	342	220	436	|
|307	120	234	168	135	212	192	342	0	304	94	|
|36	268	429	364	339	212	165	220	304	0	386	|
|383	209	174	227	109	305	249	436	94	386	0	|

--------------------------------------------------------------------------------
Building model...
	using lazy and cut (CVRPSEP package)
Solving IRP LP...
--------------------------------------------------------------------------------

Gurobi 9.1.0 (linux64) logging started Sun Feb  7 09:41:39 2021

Gurobi Optimizer version 9.1.0 build v9.1.0rc0 (linux64)
Thread count: 32 physical cores, 32 logical processors, using up to 2 threads
Optimize a model with 491 rows, 1184 columns and 3758 nonzeros
Model fingerprint: 0x96a64d98
Variable types: 194 continuous, 990 integer (165 binary)
Coefficient statistics:
  Matrix range     [1e+00, 3e+02]
  Objective range  [2e-01, 5e+02]
  Bounds range     [1e+00, 3e+02]
  RHS range        [1e+00, 1e+03]
Presolve removed 115 rows and 102 columns
Presolve time: 0.06s
Presolved: 376 rows, 1082 columns, 3163 nonzeros
Variable types: 110 continuous, 972 integer (817 binary)
Found heuristic solution: objective 9729.4200000

Root relaxation: objective 4.578582e+03, 732 iterations, 0.02 seconds

    Nodes    |    Current Node    |     Objective Bounds      |     Work
 Expl Unexpl |  Obj  Depth IntInf | Incumbent    BestBd   Gap | It/Node Time

     0     0 4585.40538    0   80 9729.42000 4585.40538  52.9%     -    0s
H    0     0                    9590.5000000 4585.40538  52.2%     -    0s
     0     0 4900.15596    0  134 9590.50000 4900.15596  48.9%     -    0s
     0     0 4937.62420    0  104 9590.50000 4937.62420  48.5%     -    0s
     0     0 5231.12307    0  117 9590.50000 5231.12307  45.5%     -    0s
     0     0 5269.97725    0   93 9590.50000 5269.97725  45.1%     -    0s
     0     0 5271.84400    0  103 9590.50000 5271.84400  45.0%     -    0s
     0     0 5272.65702    0   96 9590.50000 5272.65702  45.0%     -    0s
     0     0 5272.65702    0  106 9590.50000 5272.65702  45.0%     -    0s
     0     0 5427.99611    0  112 9590.50000 5427.99611  43.4%     -    0s
     0     0 5435.17975    0  122 9590.50000 5435.17975  43.3%     -    0s
     0     0 5437.67252    0  136 9590.50000 5437.67252  43.3%     -    0s
     0     0 5439.47544    0  105 9590.50000 5439.47544  43.3%     -    0s
     0     0 5439.94823    0  113 9590.50000 5439.94823  43.3%     -    0s
     0     0 5477.49593    0  147 9590.50000 5477.49593  42.9%     -    0s
     0     0 5478.89024    0  144 9590.50000 5478.89024  42.9%     -    0s
     0     0 5531.44391    0  172 9590.50000 5531.44391  42.3%     -    0s
H    0     0                    9579.7000000 5531.44391  42.3%     -    0s
     0     0 5541.09221    0  178 9579.70000 5541.09221  42.2%     -    0s
     0     0 5542.44983    0  186 9579.70000 5542.44983  42.1%     -    0s
     0     0 5543.01149    0  161 9579.70000 5543.01149  42.1%     -    0s
     0     0 5559.99996    0  200 9579.70000 5559.99996  42.0%     -    0s
     0     0 5562.46167    0  201 9579.70000 5562.46167  41.9%     -    0s
     0     0 5562.51631    0  219 9579.70000 5562.51631  41.9%     -    0s
     0     0 5567.14024    0  178 9579.70000 5567.14024  41.9%     -    0s
     0     0 5568.81374    0  192 9579.70000 5568.81374  41.9%     -    0s
     0     0 5568.83946    0  202 9579.70000 5568.83946  41.9%     -    0s
     0     0 5573.45515    0  219 9579.70000 5573.45515  41.8%     -    0s
     0     0 5573.45515    0  219 9579.70000 5573.45515  41.8%     -    0s
H    0     0                    9101.9200000 5578.36101  38.7%     -    0s
H    0     0                    8582.9200000 5578.36101  35.0%     -    0s
H    0     2                    8483.1600000 5578.36101  34.2%     -    0s
     0     2 5578.36101    0  211 8483.16000 5578.36101  34.2%     -    0s
H   30    32                    8351.0400000 5625.84525  32.6%   114    0s
H   56    61                    7960.1200000 5625.84525  29.3%  98.2    1s
H   59    61                    7611.7000000 5625.84525  26.1%  96.7    1s
H   60    71                    7277.7000000 5625.84525  22.7%  97.9    1s
H  209   171                    7203.1800000 5631.21364  21.8%  62.4    1s
H  305   267                    7096.8800000 5631.21364  20.7%  55.7    1s
H  747   565                    7009.8800000 5700.54841  18.7%  50.6    2s
   782   589 6072.51487   13  214 7009.88000 5700.93116  18.7%  48.3    5s
H  895   615                    6928.3800000 5700.93116  17.7%  62.6    6s
H  943   608                    6803.1800000 5717.64751  16.0%  66.6    7s
H  978   607                    6795.2600000 5717.64751  15.9%  67.5    7s
H 1046   584                    6793.2600000 5749.51302  15.4%  68.3    7s
  1457   712 6226.34142   38  104 6793.26000 5805.65306  14.5%  71.9   10s
  2614  1079 6033.26444   26  108 6793.26000 5898.04632  13.2%  73.8   15s
  3797  1696 6514.18257   35   78 6793.26000 5956.69181  12.3%  76.3   20s
  5031  2221 6242.91287   22   81 6793.26000 5993.42998  11.8%  76.1   25s
  6500  2755 6512.04501   27   60 6793.26000 6028.68852  11.3%  75.5   30s
  7529  3123 6535.80826   37   99 6793.26000 6048.69725  11.0%  77.2   35s
* 8381  3379              47    6785.3900000 6073.23262  10.5%  77.7   38s
H 8643  3456                    6777.4700000 6081.15673  10.3%  78.5   39s
  8710  3514 6762.64500   27   19 6777.47000 6082.09918  10.3%  78.7   40s
  9887  3862 6650.39472   39   67 6777.47000 6108.33056  9.87%  79.5   45s
 11174  4144 6542.53049   35  118 6777.47000 6136.28310  9.46%  79.9   50s
 12760  4479     cutoff   28      6777.47000 6168.55555  8.98%  80.5   55s
 14001  4725     cutoff   22      6777.47000 6192.58084  8.63%  80.6   60s
 14671  4858 6547.61199   24  130 6777.47000 6202.29694  8.49%  80.8   68s
 15091  4926     cutoff   28      6777.47000 6206.52106  8.42%  81.3   70s
 16502  5150 6576.74744   31   88 6777.47000 6233.26055  8.03%  81.8   75s
 17764  5340 6525.56529   22   91 6777.47000 6251.08574  7.77%  81.8   80s
 19115  5465 6687.69507   29   82 6777.47000 6270.88865  7.47%  81.9   85s
 20575  5584 6487.09890   28  116 6777.47000 6292.19869  7.16%  82.0   90s
 21844  5639 infeasible   22      6777.47000 6311.18260  6.88%  82.2   95s
 23292  5677     cutoff   37      6777.47000 6332.10236  6.57%  82.4  100s
 23697  5677 6587.00907   36   62 6777.47000 6337.36068  6.49%  82.4  105s
 25052  5682     cutoff   28      6777.47000 6357.35685  6.20%  82.9  110s
 26319  5669 6661.31272   31  145 6777.47000 6372.87797  5.97%  83.0  115s
 28011  5602     cutoff   28      6777.47000 6394.67391  5.65%  83.1  120s
 28610  5559 6776.05774   31   88 6777.47000 6402.33212  5.54%  83.2  125s
 30106  5496 6591.60895   27   82 6777.47000 6422.03272  5.24%  83.3  130s
 31634  5414 6693.80297   31   87 6777.47000 6439.67975  4.98%  83.3  135s
 33189  5214 6641.67886   26   63 6777.47000 6459.39560  4.69%  83.2  140s
 33891  5171     cutoff   37      6777.47000 6467.20045  4.58%  83.0  145s
 35533  4960     cutoff   30      6777.47000 6487.35117  4.28%  82.7  150s
 37140  4633     cutoff   30      6777.47000 6506.90206  3.99%  82.4  155s
 39045  4180     cutoff   30      6777.47000 6531.24698  3.63%  82.0  160s
 40602  3698 infeasible   29      6777.47000 6553.18809  3.31%  81.7  165s
 42109  3089 6659.78378   26   78 6777.47000 6577.52754  2.95%  81.4  170s
 43880  2187 infeasible   31      6777.47000 6606.48436  2.52%  80.7  175s
 45167  1446 6752.35745   36   66 6777.47000 6634.08564  2.12%  80.1  181s

Cutting planes:
  User: 105
  Gomory: 15
  Cover: 113
  Implied bound: 136
  Projected implied bound: 16
  Clique: 3
  MIR: 174
  StrongCG: 4
  Flow cover: 125
  Inf proof: 20
  Zero half: 4
  RLT: 129
  Relax-and-lift: 42

Explored 47173 nodes (3710215 simplex iterations) in 184.59 seconds
Thread count was 2 (of 32 available processors)

Solution count 10: 6777.47 6785.39 6793.26 ... 7277.7

Optimal solution found (tolerance 1.00e-04)
Best objective 6.777470000000e+03, best bound 6.777470000000e+03, gap 0.0000%

User-callback calls 112368, time in user-callback 20.13 sec
================================================================================
executing instance: ./input/Instances/Original/2/absH3high_3n20.dat
--------------------------------------------------------------------------------
Instance details
n	21
H	3
C	1536
Li:
[0, 0, 0, 0, 0, 0, 0, 0, 0, 0, 0, 0, 0, 0, 0, 0, 0, 0, 0, 0, 0, ]
Ui:
[0, 48, 207, 156, 294, 207, 297, 54, 114, 90, 228, 132, 84, 64, 51, 153, 60, 39, 195, 82, 130, ]
Distance matrix:
|0	41	141	324	154	98	307	402	160	217	284	269	188	233	54	185	307	149	286	276	103	|
|41	0	114	285	184	88	285	385	200	197	251	230	189	270	48	205	295	160	245	241	62	|
|141	114	0	200	208	193	353	459	269	275	289	154	129	371	160	192	380	136	205	267	88	|
|324	285	200	0	406	330	386	484	467	344	286	57	299	555	318	380	442	327	114	255	226	|
