




arguments: ./build/bc_mirp -f ./input/orig_exec_141.cfg
Current dir: /scratch/gui/bc_mirp
File verbosity level: 9
date       time         ( uptime  ) [ thread name/id ]                   file:line     v| 
2021-02-08 04:34:57.553 (   0.680s) [main thread     ]             loguru.cpp:789   INFO| Logging to './output/vi_vc+cus/OU/V5/Original/execution_08_02_2021_04_34_57.log', mode: 'a', verbosity: 9
--------------------------------------------------------------------------------
Parameters
                           instance_path           ./input/Instances/Original/3/
                            model_policy                                       1
                             nb_vehicles                                       5
                              output_dir      ./output/vi_vc+cus/OU/V5/Original/
                            sec_strategy                                       1
                       solver_nb_threads                                       2
                         solver_show_log                                    true
                       solver_time_limit                                    3600
                              use_vi_cos                                   false
                              use_vi_cus                                    true
                         use_vi_hc1_full                                   false
                         use_vi_hc1_half                                   false
                      use_vi_hc1_quarter                                   false
                              use_vi_hc2                                   false
                              use_vi_hc3                                   false
                         use_vi_lex_full                                   false
                         use_vi_lex_half                                   false
                      use_vi_lex_quarter                                   false
                              use_vi_qua                                   false
                               use_vi_vc                                    true
                               use_vi_vr                                   false
--------------------------------------------------------------------------------
executing instance: ./input/Instances/Original/3/absH3low_2n5.dat
--------------------------------------------------------------------------------
Instance details
n	6
H	3
C	237
Li:
[0, 0, 0, 0, 0, 0, ]
Ui:
[0, 93, 180, 51, 114, 24, ]
Distance matrix:
|0	170	318	35	112	235	|
|170	0	311	205	258	301	|
|318	311	0	326	278	137	|
|35	205	326	0	89	230	|
|112	258	278	89	0	160	|
|235	301	137	230	160	0	|

--------------------------------------------------------------------------------
Building model...
	using lazy and cut (CVRPSEP package)
Solving IRP LP...
--------------------------------------------------------------------------------

Gurobi 9.1.0 (linux64) logging started Mon Feb  8 04:34:57 2021

Gurobi Optimizer version 9.1.0 build v9.1.0rc0 (linux64)
Thread count: 32 physical cores, 32 logical processors, using up to 2 threads
Optimize a model with 276 rows, 414 columns and 1548 nonzeros
Model fingerprint: 0xe0130756
Variable types: 99 continuous, 315 integer (90 binary)
Coefficient statistics:
  Matrix range     [1e+00, 2e+02]
  Objective range  [1e-02, 3e+02]
  Bounds range     [1e+00, 2e+02]
  RHS range        [1e+00, 5e+02]
Presolve removed 24 rows and 46 columns
Presolve time: 0.01s

Explored 0 nodes (0 simplex iterations) in 0.01 seconds
Thread count was 1 (of 32 available processors)

Solution count 0

Model is infeasible
Best objective -, best bound -, gap -

User-callback calls 34, time in user-callback 0.00 sec

Computing Irreducible Inconsistent Subsystem (IIS)...

           Constraints          |            Bounds           |  Runtime
      Min       Max     Guess   |   Min       Max     Guess   |
--------------------------------------------------------------------------
        0       276         -         0       569         -           0s
       52        52         -        72        72         -           2s

IIS computed: 52 constraints, 72 bounds
IIS runtime: 1.89 seconds
================================================================================
executing instance: ./input/Instances/Original/3/absH3high_5n30.dat
--------------------------------------------------------------------------------
Instance details
n	31
H	3
C	2296
Li:
[0, 0, 0, 0, 0, 0, 0, 0, 0, 0, 0, 0, 0, 0, 0, 0, 0, 0, 0, 0, 0, 0, 0, 0, 0, 0, 0, 0, 0, 0, 0, ]
Ui:
[0, 80, 90, 297, 28, 264, 123, 192, 112, 32, 72, 88, 294, 129, 126, 105, 110, 237, 246, 92, 72, 147, 54, 96, 128, 96, 84, 28, 74, 196, 192, ]
Distance matrix:
|0	87	302	65	389	171	219	120	412	339	129	63	169	401	383	158	393	161	246	275	64	287	345	235	13	274	106	201	85	358	135	|
|87	0	334	128	402	212	301	204	465	384	187	145	232	424	454	238	475	245	289	352	80	307	352	321	81	352	20	261	170	376	215	|
|302	334	0	239	113	132	237	334	157	70	404	263	162	105	227	229	339	251	65	217	259	53	107	352	293	220	339	134	270	75	235	|
|65	128	239	0	330	107	175	130	348	275	174	40	107	339	326	114	351	125	181	224	58	228	290	222	58	224	143	138	65	297	92	|
|389	402	113	330	0	226	349	438	210	151	502	360	269	48	316	339	441	362	175	328	335	102	55	465	377	330	401	245	371	37	342	|
|171	212	132	107	226	0	169	214	253	173	276	134	64	233	261	130	326	153	77	188	133	125	192	264	162	190	220	68	145	193	125	|
|219	301	237	175	349	169	0	157	257	223	244	157	105	334	180	62	175	61	177	63	233	264	334	118	221	61	317	112	136	312	85	|
|120	204	334	130	438	214	157	0	402	348	88	90	173	438	336	115	307	100	269	220	172	338	406	122	130	218	224	204	69	403	101	|
|412	465	157	348	210	253	257	402	0	88	486	359	245	166	129	287	266	303	178	204	386	208	239	370	406	207	473	212	354	187	304	|
|339	384	70	275	151	173	223	348	88	0	427	291	179	120	166	234	290	254	96	187	306	123	166	342	332	190	391	145	291	119	247	|
|129	187	404	174	502	276	244	88	486	427	0	142	248	508	424	200	390	187	342	308	193	400	464	192	142	306	207	281	136	469	182	|
|63	145	263	40	360	134	157	90	359	291	142	0	114	366	321	95	331	99	202	212	90	258	323	186	65	211	163	148	27	327	72	|
|169	232	162	107	269	64	105	173	245	179	248	114	0	266	222	71	268	94	97	131	155	173	244	203	164	132	245	34	113	233	73	|
|401	424	105	339	48	233	334	438	166	120	508	366	266	0	280	332	409	355	169	305	353	117	96	452	391	308	425	237	374	49	339	|
|383	454	227	326	316	261	180	336	129	166	424	321	222	280	0	231	137	238	208	116	376	277	331	272	381	118	467	197	307	285	253	|
|158	238	229	114	339	130	62	115	287	234	200	95	71	332	231	0	238	23	164	118	171	243	314	134	159	117	255	95	77	302	23	|
|393	475	339	351	441	326	175	307	266	290	390	331	268	409	137	238	0	232	300	138	408	383	445	204	395	136	492	258	308	406	260	|
|161	245	251	125	362	153	61	100	303	254	187	99	94	355	238	23	232	0	187	123	183	267	338	111	164	121	262	117	77	325	34	|
|246	289	65	181	175	77	177	269	178	96	342	202	97	169	208	164	300	187	0	168	210	87	157	290	238	171	296	70	206	138	170	|
|275	352	217	224	328	188	63	220	204	187	308	212	131	305	116	118	138	123	168	0	279	255	322	166	275	3	367	120	195	291	141	|
|64	80	259	58	335	133	233	172	386	306	193	90	155	353	376	171	408	183	210	279	0	236	289	276	51	279	90	182	117	307	150	|
|287	307	53	228	102	125	264	338	208	123	400	258	173	117	277	243	383	267	87	255	236	0	71	374	276	257	308	153	270	71	245	|
|345	352	107	290	55	192	334	406	239	166	464	323	244	96	331	314	445	338	157	322	289	71	0	445	334	325	350	224	337	54	315	|
|235	321	352	222	465	264	118	122	370	342	192	186	203	452	272	134	204	111	290	166	276	374	445	0	243	164	341	221	159	428	142	|
|13	81	293	58	377	162	221	130	406	332	142	65	164	391	381	159	395	164	238	275	51	276	334	243	0	274	100	196	89	347	136	|
|274	352	220	224	330	190	61	218	207	190	306	211	132	308	118	117	136	121	171	3	279	257	325	164	274	0	367	122	194	294	140	|
|106	20	339	143	401	220	317	224	473	391	207	163	245	425	467	255	492	262	296	367	90	308	350	341	100	367	0	272	188	377	232	|
|201	261	134	138	245	68	112	204	212	145	281	148	34	237	197	95	258	117	70	120	182	153	224	221	196	122	272	0	146	208	103	|
|85	170	270	65	371	145	136	69	354	291	136	27	113	374	307	77	308	77	206	195	117	270	337	159	89	194	188	146	0	337	54	|
|358	376	75	297	37	193	312	403	187	119	469	327	233	49	285	302	406	325	138	291	307	71	54	428	347	294	377	208	337	0	306	|
|135	215	235	92	342	125	85	101	304	247	182	72	73	339	253	23	260	34	170	141	150	245	315	142	136	140	232	103	54	306	0	|

--------------------------------------------------------------------------------
Building model...
	using lazy and cut (CVRPSEP package)
Solving IRP LP...
--------------------------------------------------------------------------------

Gurobi 9.1.0 (linux64) logging started Mon Feb  8 04:34:59 2021

Gurobi Optimizer version 9.1.0 build v9.1.0rc0 (linux64)
Thread count: 32 physical cores, 32 logical processors, using up to 2 threads
Optimize a model with 1351 rows, 8014 columns and 20098 nonzeros
Model fingerprint: 0x1e046f2d
Variable types: 574 continuous, 7440 integer (465 binary)
Coefficient statistics:
  Matrix range     [1e+00, 5e+02]
  Objective range  [1e-01, 5e+02]
  Bounds range     [1e+00, 3e+02]
  RHS range        [1e+00, 4e+03]
Presolve removed 334 rows and 181 columns
Presolve time: 0.12s
Presolved: 1017 rows, 7833 columns, 18263 nonzeros
Variable types: 362 continuous, 7471 integer (7005 binary)

Root relaxation: objective 9.096652e+03, 1449 iterations, 0.05 seconds

    Nodes    |    Current Node    |     Objective Bounds      |     Work
 Expl Unexpl |  Obj  Depth IntInf | Incumbent    BestBd   Gap | It/Node Time

     0     0 9096.65241    0  144          - 9096.65241      -     -    0s
     0     0 9402.35203    0  123          - 9402.35203      -     -    0s
     0     0 9408.04967    0  113          - 9408.04967      -     -    0s
     0     0 9408.04967    0  101          - 9408.04967      -     -    0s
     0     0 9677.98707    0  206          - 9677.98707      -     -    1s
     0     0 9721.60742    0  176          - 9721.60742      -     -    1s
     0     0 9721.76555    0  171          - 9721.76555      -     -    1s
     0     0 9891.84606    0  224          - 9891.84606      -     -    1s
     0     0 9899.11023    0  231          - 9899.11023      -     -    1s
     0     0 9900.59185    0  223          - 9900.59185      -     -    1s
     0     0 9901.13826    0  253          - 9901.13826      -     -    1s
     0     0 9971.26669    0  266          - 9971.26669      -     -    2s
     0     0 10009.2795    0  260          - 10009.2795      -     -    2s
     0     0 10019.7441    0  265          - 10019.7441      -     -    2s
     0     0 10021.1295    0  258          - 10021.1295      -     -    2s
     0     0 10021.4708    0  243          - 10021.4708      -     -    2s
     0     0 10051.8522    0  278          - 10051.8522      -     -    3s
     0     0 10053.3044    0  298          - 10053.3044      -     -    3s
     0     0 10054.3572    0  341          - 10054.3572      -     -    3s
     0     0 10054.4059    0  339          - 10054.4059      -     -    3s
     0     0 10071.7099    0  351          - 10071.7099      -     -    3s
     0     0 10072.3563    0  317          - 10072.3563      -     -    3s
     0     0 10078.2553    0  371          - 10078.2553      -     -    4s
     0     0 10078.2553    0  325          - 10078.2553      -     -    4s
     0     2 10083.4071    0  313          - 10083.4071      -     -    5s
    66    69 10266.7605   18  300          - 10083.4071      -   413   10s
   142   150 10610.8212   39  283          - 10083.4071      -   373   15s
   199   210 10777.9029   50  272          - 10083.4071      -   347   20s
   380   422 11297.3932   73  242          - 10083.4071      -   238   25s
*  481   466             209    16800.190000 10083.4071  40.0%   200   26s
   503   493 11883.9920   88  198 16800.1900 10083.4071  40.0%   203   30s
   517   495 12022.6513   98  215 16800.1900 10083.4071  40.0%   204   43s
   542   527 12192.5946  113  193 16800.1900 10083.4071  40.0%   208   45s
H  549   520                    15903.249971 10083.4071  36.6%   208   45s
   661   664 13662.1464  189   86 15903.2500 10083.4071  36.6%   196   50s
   773   741 10330.6034    9  159 15903.2500 10083.4071  36.6%   176   55s
   786   750 10504.8553   19  452 15903.2500 10147.6414  36.2%   173   60s
H  797   718                    15591.250000 10160.0066  34.8%   171   65s
   816   731 13314.5559  185  540 15591.2500 10172.4720  34.8%   167   70s
   832   742 13475.4315  133  549 15591.2500 10174.4252  34.7%   163   75s
   849   753 10268.0281   19  481 15591.2500 10180.3018  34.7%   160   80s
   862   763 11466.4282   75  459 15591.2500 10180.3018  34.7%   178   85s
   881   776 10383.1822   28  453 15591.2500 10187.6418  34.7%   174   90s
   896   786 11731.5693   56  436 15591.2500 10190.1440  34.6%   171   95s
   910   795 12140.8443  110  512 15591.2500 10203.1601  34.6%   169  100s
   924   805 13948.7168  246  480 15591.2500 10206.5052  34.5%   166  105s
H  929   769                    15021.730000 10206.5053  32.1%   182  106s
   936   773 11004.5616   72  422 15021.7300 10206.5053  32.1%   180  110s
   951   783 10867.1860   48  552 15021.7300 10208.7853  32.0%   177  115s
   962   791 11466.4282   75  528 15021.7300 10210.4007  32.0%   175  120s
   979   805 10220.1517   47  533 15021.7300 10216.5583  32.0%   195  125s
  1001   822 10245.7490   52  411 15021.7300 10234.0934  31.9%   205  130s
  1031   843 10275.0304   59  440 15021.7300 10234.0934  31.9%   215  135s
  1067   869 10356.8121   66  476 15021.7300 10234.0934  31.9%   225  140s
  1074   871 10324.6838   68  419 15021.7300 10234.0934  31.9%   227  145s
H 1076   831                    14948.950000 10234.0934  31.5%   228  146s
  1103   850 10383.9061   74  371 14948.9500 10234.0934  31.5%   237  150s
  1123   869 10419.6511   79  438 14948.9500 10234.0934  31.5%   244  155s
  1158   890 10439.2565   87  446 14948.9500 10234.0934  31.5%   252  177s
  1169   902 10461.0996   90  441 14948.9500 10234.0934  31.5%   253  180s
  1221   927 10629.4328  103  300 14948.9500 10234.0934  31.5%   262  186s
  1260   974 10639.2093  110  321 14948.9500 10234.0934  31.5%   266  191s
  1301   989 10634.3407  118  284 14948.9500 10234.0934  31.5%   269  196s
  1341  1032 10686.1177  127  300 14948.9500 10234.0934  31.5%   275  200s
  1369  1033 10791.4912  134  271 14948.9500 10234.0934  31.5%   278  205s
  1379  1041 10797.1246  135  284 14948.9500 10234.0934  31.5%   278  210s
  1430  1113 10983.1684  149  301 14948.9500 10234.0934  31.5%   279  215s
  1526  1181 11153.9923  169  251 14948.9500 10234.0934  31.5%   279  221s
  1649  1278 11436.0724  193  272 14948.9500 10234.0934  31.5%   276  227s
  1721  1338 11677.6665  204  246 14948.9500 10234.0934  31.5%   274  230s
  1811  1373 12076.1611  222  182 14948.9500 10234.0934  31.5%   270  235s
  1966  1414 13079.4911  269  135 14948.9500 10234.0934  31.5%   265  242s
  1993  1458 13269.3090  278  123 14948.9500 10234.0934  31.5%   265  246s
  2116  1520 14137.5315  338   21 14948.9500 10234.0934  31.5%   255  250s
  2218  1528 10347.9902   49  422 14948.9500 10235.4747  31.5%   253  257s
  2232  1552 10387.4145   54  356 14948.9500 10235.4747  31.5%   255  260s
  2281  1594 10529.6278   63  387 14948.9500 10235.4747  31.5%   259  269s
  2319  1632 10455.8978   71  329 14948.9500 10235.4747  31.5%   260  276s
  2370  1704 10678.8111   86  195 14948.9500 10235.4747  31.5%   261  280s
  2459  1770 10781.0719   96  213 14948.9500 10235.4747  31.5%   260  286s
  2554  1932 10932.9285  101  174 14948.9500 10235.4747  31.5%   257  292s
  2780  1971 11313.7992  133  117 14948.9500 10235.4747  31.5%   244  301s
  2916  1967 13012.8100  161    - 14948.9500 10235.4747  31.5%   237  307s
  2965  2001 13063.8000  161   12 14948.9500 10238.6376  31.5%   236  315s
  3054  2005 10315.5272   49  370 14948.9500 10238.6376  31.5%   232  320s
  3081  2017 10507.0883   54  446 14948.9500 10238.6376  31.5%   238  329s
  3091  2027 10482.3705   55  325 14948.9500 10238.6376  31.5%   240  336s
  3104  2041 10435.1864   60  388 14948.9500 10238.6376  31.5%   241  344s
  3122  2051 10458.2394   65  378 14948.9500 10238.6376  31.5%   242  348s
  3138  2074 10519.2733   71  367 14948.9500 10238.6376  31.5%   245  352s
  3167  2079 10714.2025   79  300 14948.9500 10238.6376  31.5%   247  356s
  3181  2086 10789.2789   80  288 14948.9500 10238.6376  31.5%   251  362s
  3193  2105 10915.2063   80  246 14948.9500 10238.6376  31.5%   254  366s
  3216  2130 10846.4678   86  260 14948.9500 10238.6376  31.5%   256  372s
  3249  2131 11017.2599   96  150 14948.9500 10238.6376  31.5%   258  383s
  3251  2190 11209.7937   96  134 14948.9500 10238.6376  31.5%   258  388s
  3310  2285 11420.6769  111  143 14948.9500 10238.6376  31.5%   258  394s
  3357  2285 11716.7174  122  141 14948.9500 10238.6376  31.5%   257  395s
  3405  2410 11904.7945  126  134 14948.9500 10238.6376  31.5%   256  401s
  3530  2577 12640.9471  153  120 14948.9500 10238.7071  31.5%   253  410s
  3742  2608 10323.4299   48  465 14948.9500 10252.2316  31.4%   246  417s
  3808  2650 10714.3640   56  329 14948.9500 10252.2316  31.4%   245  423s
  3841  2725 11050.7958   75  220 14948.9500 10252.2316  31.4%   246  430s
  3916  2820 12500.2266  131  115 14948.9500 10252.2316  31.4%   245  437s
  4017  2931 14161.2459  207   63 14948.9500 10259.4105  31.4%   241  446s
  4194  2967 10438.1530   51  426 14948.9500 10262.8333  31.3%   236  453s
  4214  3000 10426.4839   55  466 14948.9500 10262.8333  31.3%   239  457s
  4247  3024 10538.1935   67  316 14948.9500 10262.8333  31.3%   241  462s
  4271  3062 10709.4230   72  309 14948.9500 10262.8333  31.3%   244  467s
  4309  3105 10920.0045   77  234 14948.9500 10262.8333  31.3%   246  473s
  4352  3197 11293.6423   89  194 14948.9500 10262.8333  31.3%   249  481s
  4444  3353 12240.4657  116   85 14948.9500 10263.0066  31.3%   249  490s
  4628  3431 13523.6000  157    6 14948.9500 10269.8409  31.3%   245  499s
  4734  3633 14084.3241  164   15 14948.9500 10271.5270  31.3%   245  510s
* 4740  3506             170    14230.080000 10271.5270  27.8%   245  510s
* 4743  3505             168    14224.080000 10271.5270  27.8%   245  510s
  4955  3551 10659.9507   54  345 14224.0800 10272.4231  27.8%   241  519s
  4994  3551 11373.0907   93   12 14224.0800 10272.4231  27.8%   240  520s
  5010  3618 11854.3183   98  174 14224.0800 10276.4489  27.8%   242  528s
  5100  3704 13919.7300  140    - 14224.0800 10276.4906  27.8%   241  537s
* 5219  3667             140    13961.730000 10278.6929  26.4%   240  546s
  5245  3761 10688.6785   61  373 13961.7300 10281.2244  26.4%   243  554s
  5339  3833 11837.7737   81  175 13961.7300 10281.3259  26.4%   242  563s
  5448  3885 10607.0404   62  386 13961.7300 10282.0272  26.4%   241  572s
  5500  4003 11700.4089   93  207 13961.7300 10282.0766  26.4%   243  583s
  5649  4037     cutoff  153      13961.7300 10285.3440  26.3%   241  595s
  5692  4080 10934.1985   55  327 13961.7300 10292.3577  26.3%   243  606s
* 5723  4025             144    13836.840000 10292.3577  25.6%   243  607s
  5734  4116 11943.5682   86  127 13836.8400 10300.0796  25.6%   244  618s
  5846  4178     cutoff  125      13836.8400 10300.7795  25.6%   244  631s
  5934  4211 10693.0325   74  282 13836.8400 10300.8507  25.6%   243  642s
  5968  4287 11541.7678   96  214 13836.8400 10301.0706  25.6%   245  653s
  6092  4312 infeasible  166      13836.8400 10301.8523  25.5%   244  664s
  6109  4332 10859.9870   71  409 13836.8400 10301.8523  25.5%   247  675s
  6129  4414 11282.5639   83  318 13836.8400 10302.4275  25.5%   248  685s
  6229  4451 10453.1653   57  268 13836.8400 10302.4275  25.5%   248  697s
  6266  4542 11298.6046   81  166 13836.8400 10304.5050  25.5%   250  711s
  6369  4565 infeasible  162      13836.8400 10304.8962  25.5%   250  735s
  6396  4594 10438.7815   67  482 13836.8400 10304.8962  25.5%   253  744s
  6425  4641 10477.0744   73  362 13836.8400 10304.8962  25.5%   256  753s
  6472  4792 10596.5643   79  371 13836.8400 10304.8962  25.5%   258  769s
  6623  4856 10777.7314   87  325 13836.8400 10304.8962  25.5%   257  783s
  6713  4911 10998.6902  101  259 13836.8400 10304.8962  25.5%   258  796s
  6768  5023 11552.0642  122  150 13836.8400 10310.8824  25.5%   260  813s
  6909  5047 13364.9813  184   16 13836.8400 10310.8824  25.5%   255  815s
  6949  5159     cutoff  186      13836.8400 10312.6932  25.5%   257  832s
H 6950  5132                    13771.300000 10312.6932  25.1%   257  832s
  7064  5236 10714.1525   75  335 13771.3000 10312.6932  25.1%   257  846s
  7181  5385 12184.8975  126  153 13771.3000 10316.4852  25.1%   256  862s
  7358  5494 10845.8127   66  280 13771.3000 10323.0583  25.0%   254  883s
  7489  5528     cutoff  157      13771.3000 10323.2171  25.0%   254  911s
  7524  5697 10527.6382   68  432 13771.3000 10323.4310  25.0%   255  930s
  7717  5775 13512.1200  147    - 13771.3000 10325.5141  25.0%   254  948s
  7802  5840     cutoff  147      13771.3000 10326.2055  25.0%   255  964s
  7881  5955 10989.4425   78  348 13771.3000 10326.9332  25.0%   256  984s
  7935  5955 12742.1157  132   81 13771.3000 10326.9332  25.0%   257  985s
  8030  5991     cutoff  163      13771.3000 10327.9516  25.0%   257 1001s
  8074  6045 11017.6989   73  302 13771.3000 10328.6426  25.0%   260 1018s
  8127  6305 11009.6574   85  227 13771.3000 10328.6798  25.0%   263 1043s
  8265  6305 12553.0723  148   42 13771.3000 10328.6798  25.0%   261 1045s
  8409  6472 13535.5500  170    - 13771.3000 10331.7943  25.0%   260 1073s
  8585  6481 13016.5100  162    2 13771.3000 10332.8477  25.0%   257 1075s
  8611  6630 13556.5500  170    - 13771.3000 10333.4710  25.0%   257 1099s
  8703  6633 12763.0373  144   79 13771.3000 10333.4710  25.0%   256 1100s
* 8786  6591             170    13660.550000 10335.9740  24.3%   256 1126s
* 8787  6504             169    13559.550000 10335.9740  23.8%   255 1126s
* 8788  6496             168    13551.550000 10335.9740  23.7%   255 1126s
  8861  6624 11612.1200   77  227 13551.5500 10336.7924  23.7%   257 1152s
  9013  6683 10756.3068   56  370 13551.5500 10340.3090  23.7%   256 1173s
  9069  6820 11094.5862   63  367 13551.5500 10340.3090  23.7%   259 1198s
  9195  6820 13082.6284  127   70 13551.5500 10340.3090  23.7%   258 1200s
  9235  6953 11461.8538   74  277 13551.5500 10342.9365  23.7%   257 1222s
  9386  7019 infeasible  112      13551.5500 10346.1659  23.7%   258 1248s
  9469  7164 10896.5445   58  456 13551.5500 10347.6204  23.6%   259 1281s
  9635  7223     cutoff  152      13551.5500 10348.9084  23.6%   258 1311s
  9698  7350 11214.0413   74  204 13551.5500 10349.7289  23.6%   260 1345s
  9867  7404 13444.1953  146   24 13551.5500 10349.9219  23.6%   259 1374s
  9956  7475 infeasible  154      13551.5500 10354.7733  23.6%   260 1400s
 10036  7691 11124.0227   78  257 13551.5500 10356.7735  23.6%   261 1432s
 10076  7691 11561.1490  118  121 13551.5500 10356.7735  23.6%   260 1438s
 10284  7780     cutoff  157      13551.5500 10356.8889  23.6%   259 1474s
 10299  7780     cutoff  162      13551.5500 10357.0013  23.6%   259 1475s
 10395  7915 10780.5216   61  435 13551.5500 10358.5301  23.6%   259 1505s
 10551  8003     cutoff  149      13551.5500 10361.0550  23.5%   259 1537s
 10664  8079 11285.6854   71  216 13551.5500 10361.4389  23.5%   261 1562s
 10754  8235     cutoff  136      13551.5500 10362.1439  23.5%   260 1674s
 10791  8235 11101.8358   86  106 13551.5500 10362.1439  23.5%   261 1679s
 10925  8313 11957.0558  118   41 13551.5500 10362.9739  23.5%   260 1702s
 11043  8429 13142.5200  139   18 13551.5500 10363.3650  23.5%   261 1734s
 11108  8441 12709.0080  121   87 13551.5500 10363.6332  23.5%   261 1735s
 11179  8488 13302.2100  156    - 13551.5500 10363.8261  23.5%   261 1782s
 11237  8536 10621.9500   68  352 13551.5500 10363.8643  23.5%   263 1803s
 11280  8643 10659.8174   72  340 13551.5500 10363.8643  23.5%   266 1827s
 11387  8946 11166.2714   97  122 13551.5500 10363.9737  23.5%   269 1863s
 11455  8946 11428.4075  121   54 13551.5500 10363.9737  23.5%   269 1865s
 11752  9069     cutoff  174      13551.5500 10363.9918  23.5%   267 1889s
 11881  9155 13446.0500  134    - 13551.5500 10364.5445  23.5%   268 1911s
 12000  9584     cutoff  138      13551.5500 10364.6343  23.5%   269 1944s
 12042  9584 11619.0808   88   66 13551.5500 10364.6343  23.5%   270 1945s
 12535  9808 infeasible  133      13551.5500 10365.9991  23.5%   264 1975s
 12811  9903     cutoff  167      13551.5500 10367.0391  23.5%   262 2002s
 12890  9995 11525.1253   92  141 13551.5500 10367.0439  23.5%   263 2026s
 13007 10046     cutoff  141      13551.5500 10368.6785  23.5%   264 2053s
 13061 10133 11382.0937   88  272 13551.5500 10368.7058  23.5%   266 2078s
 13176 10273 10828.5060   71  299 13551.5500 10368.7058  23.5%   267 2103s
 13305 10446 12228.4322  112  123 13551.5500 10368.7968  23.5%   268 2137s
 13496 10449 11472.6961  101  300 13551.5500 10368.7968  23.5%   268 2140s
 13505 10626 infeasible  147      13551.5500 10369.1208  23.5%   268 2167s
 13716 10782 10654.9855   57  392 13551.5500 10369.7483  23.5%   268 2198s
 13867 10806     cutoff  152      13551.5500 10370.1819  23.5%   267 2200s
 13932 10927 infeasible  154      13551.5500 10370.8921  23.5%   267 2226s
 14091 11111 11175.8816   84  215 13551.5500 10371.3625  23.5%   267 2253s
 14311 11274 11074.4713   63  325 13551.5500 10371.4841  23.5%   266 2282s
 14506 11399 10660.7422   54  211 13551.5500 10371.8581  23.5%   266 2313s
 14650 11454     cutoff  158      13551.5500 10372.1150  23.5%   266 2340s
 14707 11579 10524.3334   59  243 13551.5500 10372.1150  23.5%   268 2374s
 14856 11720 10861.6017   67  209 13551.5500 10372.1150  23.5%   268 2411s
 14997 11935 11574.0249   96  142 13551.5500 10373.4037  23.5%   269 2446s
 15262 12108     cutoff  155      13551.5500 10373.8122  23.4%   267 2483s
 15456 12248     cutoff  172      13551.5500 10375.2911  23.4%   267 2512s
 15608 12396 12269.2427  115  170 13551.5500 10375.7071  23.4%   267 2538s
 15780 12397 10972.2181   64  314 13551.5500 10375.7611  23.4%   267 2540s
 15783 12544 11887.7546  112  169 13551.5500 10375.8161  23.4%   267 2565s
 15951 12716 11498.7062   99  153 13551.5500 10376.5393  23.4%   267 2596s
 16171 12808 infeasible  152      13551.5500 10377.1338  23.4%   265 2625s
 16264 12988 11479.7059   90  285 13551.5500 10377.9560  23.4%   266 2655s
 16477 13117 11448.1625   98  235 13551.5500 10378.2188  23.4%   266 2686s
 16632 13209     cutoff  191      13551.5500 10378.5583  23.4%   266 2717s
 16725 13498 10690.6961   64  257 13551.5500 10378.5583  23.4%   268 2745s
 17048 13564 12220.0247  120   71 13551.5500 10379.0658  23.4%   266 2774s
 17141 13695 13500.4211  151   19 13551.5500 10379.7848  23.4%   267 2806s
 17283 13798     cutoff  154      13551.5500 10380.6411  23.4%   268 2835s
 17383 14028 12011.7512  110  138 13551.5500 10380.6722  23.4%   269 2878s
 17454 14028 13402.3400  174   41 13551.5500 10380.6722  23.4%   268 2880s
 17668 14158 12270.4958   96  125 13551.5500 10380.8515  23.4%   267 2918s
 17825 14253 11564.5043   95  171 13551.5500 10380.9663  23.4%   267 2949s
 17893 14263 13351.1800  151    - 13551.5500 10380.9663  23.4%   266 2950s
 17965 14330 10666.4714   77  457 13551.5500 10381.7617  23.4%   267 2974s
 18024 14490 10863.1062   90  420 13551.5500 10381.7617  23.4%   269 3005s
 18212 14740 11211.6400  108  239 13551.5500 10382.2944  23.4%   270 3040s
 18520 14787     cutoff  159      13551.5500 10383.0220  23.4%   269 3068s
 18571 14975 13456.8200  156   11 13551.5500 10383.2975  23.4%   271 3100s
 18769 15153     cutoff  158      13551.5500 10383.5484  23.4%   270 3135s
 18983 15290 13487.7035  157   16 13551.5500 10384.0042  23.4%   270 3171s
 19149 15345 infeasible  159      13551.5500 10384.4559  23.4%   270 3198s
 19206 15451     cutoff  159      13551.5500 10384.5249  23.4%   272 3226s
 19338 15635     cutoff  141      13551.5500 10384.7415  23.4%   273 3255s
 19573 15772     cutoff  108      13551.5500 10385.5646  23.4%   272 3293s
 19736 15823 infeasible  146      13551.5500 10386.0418  23.4%   273 3320s
 19795 15867 10825.0285   75  392 13551.5500 10386.0981  23.4%   274 3345s
 19838 16013 10905.4205   82  321 13551.5500 10386.0981  23.4%   276 3370s
 19984 16465 11884.1047  116  105 13551.5500 10386.1190  23.4%   277 3411s
 20279 16473 11976.7283  135  106 13551.5500 10386.1795  23.4%   275 3415s
 20509 16613 13242.1000  181    - 13551.5500 10386.5549  23.4%   273 3454s
 20560 16616 11757.8441  103  188 13551.5500 10386.5549  23.4%   274 3455s
 20667 16714     cutoff  181      13551.5500 10387.3082  23.3%   273 3494s
 20788 16962 11160.4861   93  275 13551.5500 10387.4227  23.3%   273 3538s
 20938 16963 12744.9293  118   56 13551.5500 10387.4227  23.3%   273 3540s
 21078 17051     cutoff  172      13551.5500 10388.3969  23.3%   272 3588s
 21154 17119 10903.6225   82  370 13551.5500 10388.4299  23.3%   273 3600s

Cutting planes:
  User: 7149
  Gomory: 13
  Cover: 532
  Implied bound: 172
  Projected implied bound: 9
  Clique: 50
  MIR: 133
  StrongCG: 3
  Flow cover: 289
  GUB cover: 3
  Zero half: 25
  Network: 1
  RLT: 290
  Relax-and-lift: 16
  Lazy constraints: 3606

Explored 21222 nodes (5795795 simplex iterations) in 3600.99 seconds
Thread count was 2 (of 32 available processors)

Solution count 10: 13551.6 13559.6 13660.6 ... 15021.7

Time limit reached
Best objective 1.355155000000e+04, best bound 1.038842993623e+04, gap 23.3414%

User-callback calls 455395, time in user-callback 208.61 sec
================================================================================
executing instance: ./input/Instances/Original/3/absH3high_5n20.dat
--------------------------------------------------------------------------------
Instance details
n	21
H	3
C	1734
Li:
[0, 0, 0, 0, 0, 0, 0, 0, 0, 0, 0, 0, 0, 0, 0, 0, 0, 0, 0, 0, 0, ]
Ui:
[0, 40, 237, 68, 194, 144, 207, 114, 118, 207, 120, 72, 128, 48, 102, 237, 261, 135, 84, 184, 142, ]
Distance matrix:
|0	408	254	408	305	286	284	573	384	380	400	384	552	461	243	577	274	285	345	92	431	|
|408	0	189	21	111	218	178	168	182	283	211	86	158	222	191	168	136	320	219	318	87	|
|254	189	0	198	81	230	31	354	276	174	157	136	307	348	158	348	110	313	275	180	183	|
|408	21	198	0	118	204	190	165	163	302	230	105	169	202	184	170	134	306	202	317	107	|
|305	111	81	118	0	188	80	278	209	221	172	86	247	276	129	276	61	285	220	218	130	|
|286	218	230	204	188	0	249	342	102	401	360	260	373	176	73	360	128	103	60	202	290	|
|284	178	31	190	80	249	0	339	286	151	127	114	284	355	180	330	124	337	290	211	160	|
|573	168	354	165	278	342	339	0	262	411	330	229	118	248	342	37	298	434	316	482	194	|
|384	182	276	163	209	102	286	262	0	429	372	252	319	79	149	287	167	174	55	297	268	|
|380	283	174	302	221	401	151	411	429	0	82	197	318	491	331	390	274	488	439	331	219	|
|400	211	157	230	172	360	127	330	372	82	0	125	237	427	297	308	232	455	390	335	139	|
|384	86	136	105	86	260	114	229	252	197	125	0	171	303	210	217	143	361	278	301	47	|
|552	158	307	169	247	373	284	118	319	318	237	171	0	331	349	84	289	474	366	465	124	|
|461	222	348	202	276	176	355	248	79	491	427	303	331	0	228	279	241	226	119	375	308	|
|243	191	158	184	129	73	180	342	149	331	297	210	349	228	0	352	68	159	127	152	248	|
|577	168	348	170	276	360	330	37	287	390	308	217	84	279	352	0	303	455	339	486	177	|
|274	136	110	134	61	128	124	298	167	274	232	143	289	241	68	303	0	224	166	183	182	|
|285	320	313	306	285	103	337	434	174	488	455	361	474	226	159	455	224	0	119	224	393	|
|345	219	275	202	220	60	290	316	55	439	390	278	366	119	127	339	166	119	0	262	301	|
|92	318	180	317	218	202	211	482	297	331	335	301	465	375	152	486	183	224	262	0	347	|
|431	87	183	107	130	290	160	194	268	219	139	47	124	308	248	177	182	393	301	347	0	|

--------------------------------------------------------------------------------
Building model...
	using lazy and cut (CVRPSEP package)
Solving IRP LP...
--------------------------------------------------------------------------------

Gurobi 9.1.0 (linux64) logging started Mon Feb  8 05:35:01 2021

Gurobi Optimizer version 9.1.0 build v9.1.0rc0 (linux64)
Thread count: 32 physical cores, 32 logical processors, using up to 2 threads
Optimize a model with 921 rows, 3849 columns and 10428 nonzeros
Model fingerprint: 0xdd8a50d7
Variable types: 384 continuous, 3465 integer (315 binary)
Coefficient statistics:
  Matrix range     [1e+00, 3e+02]
  Objective range  [2e-01, 6e+02]
  Bounds range     [1e+00, 3e+02]
  RHS range        [1e+00, 3e+03]
Presolve removed 224 rows and 121 columns
Presolve time: 0.09s
Presolved: 697 rows, 3728 columns, 9274 nonzeros
Variable types: 242 continuous, 3486 integer (3176 binary)

Root relaxation: objective 8.177392e+03, 1163 iterations, 0.04 seconds

    Nodes    |    Current Node    |     Objective Bounds      |     Work
 Expl Unexpl |  Obj  Depth IntInf | Incumbent    BestBd   Gap | It/Node Time

     0     0 8177.39219    0  109          - 8177.39219      -     -    0s
     0     0 8523.31564    0  143          - 8523.31564      -     -    0s
     0     0 8559.68089    0  127          - 8559.68089      -     -    0s
     0     0 8874.79621    0  171          - 8874.79621      -     -    0s
     0     0 8933.57717    0  173          - 8933.57717      -     -    0s
     0     0 8955.33295    0  183          - 8955.33295      -     -    0s
     0     0 8956.98923    0  180          - 8956.98923      -     -    0s
     0     0 9149.83093    0  206          - 9149.83093      -     -    0s
     0     0 9153.26318    0  175          - 9153.26318      -     -    0s
     0     0 9155.45928    0  197          - 9155.45928      -     -    0s
     0     0 9159.32356    0  158          - 9159.32356      -     -    0s
     0     0 9159.74343    0  167          - 9159.74343      -     -    0s
     0     0 9254.79770    0  246          - 9254.79770      -     -    1s
     0     0 9300.48935    0  251          - 9300.48935      -     -    1s
     0     0 9302.29284    0  276          - 9302.29284      -     -    1s
     0     0 9304.59829    0  286          - 9304.59829      -     -    1s
     0     0 9304.67489    0  295          - 9304.67489      -     -    1s
     0     0 9368.54490    0  270          - 9368.54490      -     -    1s
     0     0 9371.49206    0  246          - 9371.49206      -     -    1s
     0     0 9373.31522    0  271          - 9373.31522      -     -    1s
     0     0 9373.31522    0  287          - 9373.31522      -     -    1s
     0     0 9388.77305    0  226          - 9388.77305      -     -    1s
     0     0 9390.18920    0  225          - 9390.18920      -     -    1s
     0     0 9391.74061    0  255          - 9391.74061      -     -    1s
     0     0 9391.90014    0  250          - 9391.90014      -     -    1s
     0     2 9392.31754    0  235          - 9392.31754      -     -    2s
   100   108 10029.1467   23  179          - 9418.76360      -   264    5s
   455   402 9862.41656   17  147          - 9428.47337      -   158   10s
   693   634 infeasible   48               - 9428.47337      -   162   15s
   753   655 11429.7151   42  337          - 9622.69299      -   154   20s
   785   678 9733.44363   11  365          - 9627.92503      -   167   25s
   800   691 9638.31392   29  336          - 9638.31392      -   180   30s
   819   704 9674.75284   34  293          - 9674.75284      -   192   35s
   896   761 9892.79244   55  183          - 9698.33559      -   215   40s
  1072   826 9856.58019   38  171          - 9701.36952      -   214   45s
  1221   951 10582.0185   83  113          - 9701.36952      -   217   50s
  1467  1107 11621.3081  148   79          - 9701.36952      -   199   55s
H 1584  1112                    14250.090000 9701.36952  31.9%   191   56s
  1743  1227 12658.2401  190   68 14250.0900 9701.36952  31.9%   181   61s
H 1860  1250                    13129.930000 9701.36952  26.1%   176   64s
  1887  1252 12157.2098  222   80 13129.9300 9701.36952  26.1%   174   66s
  2016  1283 9859.84185   37  145 13129.9300 9709.68964  26.0%   171   70s
  2128  1381 10317.1993   66  116 13129.9300 9709.68964  26.0%   174   75s
  2306  1521 11003.3854  130  118 13129.9300 9709.68964  26.0%   168   80s
H 2444  1519                    13101.450000 9709.68964  25.9%   167   84s
H 2467  1179                    12283.770000 9709.68964  21.0%   166   84s
  2484  1288 11664.4751  180   90 12283.7700 9716.63244  20.9%   166   86s
H 2544  1070                    11908.510000 9717.91633  18.4%   164   86s
  2704  1277 11029.1823  103  122 11908.5100 9718.87168  18.4%   158   90s
  2900  1382 10920.9826   76  149 11908.5100 9718.87168  18.4%   153   95s
H 3013  1045                    11355.590000 9741.10893  14.2%   151   97s
  3205  1245 10050.2078   44  143 11355.5900 9747.21604  14.2%   146  101s
  3383  1341 10592.3671   60  176 11355.5900 9760.21181  14.0%   146  106s
  3548  1427 9943.36332   35  312 11355.5900 9786.72525  13.8%   147  110s
  3619  1522 10438.1929   46  192 11355.5900 9786.72525  13.8%   152  116s
  3732  1598 10563.6330   63  205 11355.5900 9786.72525  13.8%   155  120s
  3898  1742 10187.1029   52  201 11355.5900 9799.69859  13.7%   156  126s
  4085  1886 10538.8928   44  152 11355.5900 9802.36893  13.7%   155  132s
  4192  1979 11342.5355   57  141 11355.5900 9807.73164  13.6%   155  135s
  4431  2151 9939.49775   34  203 11355.5900 9827.27666  13.5%   153  142s
  4565  2272 10030.6926   36  264 11355.5900 9833.72959  13.4%   152  146s
  4841  2455 10505.5876   41  198 11355.5900 9835.48491  13.4%   150  153s
  4917  2493 infeasible   66      11355.5900 9839.71676  13.3%   153  156s
  4967  2623 10388.7328   64  175 11355.5900 9839.90585  13.3%   154  160s
  5251  2844 11167.7193   79   50 11355.5900 9844.28644  13.3%   152  167s
  5431  3003 10842.4146   80   99 11355.5900 9844.56967  13.3%   150  172s
  5618  3104 11034.3479   81  169 11355.5900 9851.99553  13.2%   149  176s
  5766  3242 10762.0014   59  187 11355.5900 9855.65463  13.2%   148  180s
  6073  3508 10252.4365   39  149 11355.5900 9863.44088  13.1%   148  189s
  6266  3633 10901.5482   58  128 11355.5900 9867.10045  13.1%   146  193s
  6411  3748 10574.1415   62  172 11355.5900 9869.27285  13.1%   147  198s
  6583  3826 10569.6339   56  214 11355.5900 9873.91759  13.0%   147  201s
  6677  3907 10611.3209   44  169 11355.5900 9876.70991  13.0%   148  205s
  6788  4007 10293.0340   50  185 11355.5900 9883.76505  13.0%   149  210s
  7065  4230 11285.2855   88  103 11355.5900 9892.71945  12.9%   149  217s
  7175  4328 11287.0837   96  120 11355.5900 9893.29786  12.9%   150  222s
  7312  4408 10221.6466   56  215 11355.5900 9896.85275  12.8%   150  227s
  7394  4500 11095.8458   83   87 11355.5900 9897.47525  12.8%   152  232s
  7582  4689 10550.6916   45  181 11355.5900 9903.32381  12.8%   152  237s
* 7812  4678              88    11339.590000 9907.58731  12.6%   151  238s
  7822  4773 10380.0539   48  144 11339.5900 9909.21688  12.6%   150  243s
  7926  4898 10646.3574   43  175 11339.5900 9911.32812  12.6%   151  249s
  8097  4984 10291.9926   37  341 11339.5900 9915.10420  12.6%   151  254s
  8216  5055 11045.7479   40  214 11339.5900 9916.71578  12.5%   151  259s
  8337  5170 10568.8115   50  175 11339.5900 9922.64103  12.5%   153  264s
  8496  5249 11181.9918   80  124 11339.5900 9924.13134  12.5%   152  269s
  8676  5433 10000.9967   48  215 11339.5900 9931.03775  12.4%   152  275s
  8895  5526 11155.7136   76  140 11339.5900 9936.32605  12.4%   151  280s
  9029  5593 10107.6925   47  215 11339.5900 9938.17089  12.4%   152  286s
  9117  5702 10619.7634   42  230 11339.5900 9939.78026  12.3%   152  291s
  9262  5820 10339.6674   42  163 11339.5900 9942.80409  12.3%   153  296s
  9411  5876     cutoff   74      11339.5900 9943.61859  12.3%   152  301s
