




arguments: ./build/bc_mirp -f ./input/orig_exec_45.cfg
Current dir: /scratch/gui/bc_mirp
File verbosity level: 9
date       time         ( uptime  ) [ thread name/id ]                   file:line     v| 
2021-02-06 18:51:56.129 (   0.085s) [main thread     ]             loguru.cpp:789   INFO| Logging to './output/vi_vc+cus/OU/V5/Original/execution_06_02_2021_18_51_56.log', mode: 'a', verbosity: 9
--------------------------------------------------------------------------------
Parameters
                           instance_path           ./input/Instances/Original/1/
                            model_policy                                       1
                             nb_vehicles                                       5
                              output_dir      ./output/vi_vc+cus/OU/V5/Original/
                            sec_strategy                                       1
                       solver_nb_threads                                       2
                         solver_show_log                                    true
                       solver_time_limit                                    3600
                              use_vi_cos                                   false
                              use_vi_cus                                    true
                         use_vi_hc1_full                                   false
                         use_vi_hc1_half                                   false
                      use_vi_hc1_quarter                                   false
                              use_vi_hc2                                   false
                              use_vi_hc3                                   false
                         use_vi_lex_full                                   false
                         use_vi_lex_half                                   false
                      use_vi_lex_quarter                                   false
                              use_vi_qua                                   false
                               use_vi_vc                                    true
                               use_vi_vr                                   false
--------------------------------------------------------------------------------
executing instance: ./input/Instances/Original/1/absH3high_1n5.dat
--------------------------------------------------------------------------------
Instance details
n	6
H	3
C	289
Li:
[0, 0, 0, 0, 0, 0, ]
Ui:
[0, 195, 105, 116, 72, 22, ]
Distance matrix:
|0	85	349	17	203	289	|
|85	0	265	102	214	226	|
|349	265	0	366	368	238	|
|17	102	366	0	207	302	|
|203	214	368	207	0	431	|
|289	226	238	302	431	0	|

--------------------------------------------------------------------------------
Building model...
	using lazy and cut (CVRPSEP package)
Solving IRP LP...
--------------------------------------------------------------------------------

Gurobi 9.1.0 (linux64) logging started Sat Feb  6 18:51:56 2021

Gurobi Optimizer version 9.1.0 build v9.1.0rc0 (linux64)
Thread count: 32 physical cores, 32 logical processors, using up to 2 threads
Optimize a model with 276 rows, 414 columns and 1548 nonzeros
Model fingerprint: 0xc05366fd
Variable types: 99 continuous, 315 integer (90 binary)
Coefficient statistics:
  Matrix range     [1e+00, 2e+02]
  Objective range  [2e-01, 4e+02]
  Bounds range     [1e+00, 2e+02]
  RHS range        [1e+00, 5e+02]
Presolve removed 24 rows and 38 columns
Presolve time: 0.01s

Explored 0 nodes (0 simplex iterations) in 0.01 seconds
Thread count was 1 (of 32 available processors)

Solution count 0

Model is infeasible
Best objective -, best bound -, gap -

User-callback calls 34, time in user-callback 0.00 sec

Computing Irreducible Inconsistent Subsystem (IIS)...

           Constraints          |            Bounds           |  Runtime
      Min       Max     Guess   |   Min       Max     Guess   |
--------------------------------------------------------------------------
        0       276         -         0       569         -           0s
       35        54        35         0       146         -           5s
       36        36         -        47        75        75          10s
       36        36         -        61        61         -          13s

IIS computed: 36 constraints, 61 bounds
IIS runtime: 12.77 seconds
================================================================================
executing instance: ./input/Instances/Original/1/absH3high_1n45.dat
--------------------------------------------------------------------------------
Instance details
n	46
H	3
C	3462
Li:
[0, 0, 0, 0, 0, 0, 0, 0, 0, 0, 0, 0, 0, 0, 0, 0, 0, 0, 0, 0, 0, 0, 0, 0, 0, 0, 0, 0, 0, 0, 0, 0, 0, 0, 0, 0, 0, 0, 0, 0, 0, 0, 0, 0, 0, 0, ]
Ui:
[0, 273, 270, 36, 165, 192, 148, 45, 30, 75, 180, 198, 112, 117, 90, 64, 180, 22, 264, 174, 168, 270, 86, 66, 26, 66, 237, 156, 92, 108, 144, 72, 30, 45, 94, 54, 174, 96, 198, 136, 44, 180, 210, 249, 198, 48, ]
Distance matrix:
|0	281	201	160	249	201	93	431	236	139	252	136	116	166	390	110	349	374	303	180	327	464	236	70	44	461	346	439	363	254	312	426	305	206	71	137	169	200	247	260	20	219	256	253	460	278	|
|281	0	448	170	53	142	338	184	121	290	371	390	222	302	111	289	169	434	230	177	238	441	59	212	319	211	86	235	399	306	53	176	99	202	263	157	361	101	370	201	264	344	364	374	469	184	|
|201	448	0	285	430	325	114	556	361	171	191	64	228	174	546	294	453	306	364	289	388	435	393	254	157	585	491	536	318	254	490	554	436	407	266	292	108	388	186	337	207	181	205	190	408	364	|
|160	170	285	0	169	43	182	280	80	120	208	231	58	132	262	230	190	294	151	24	174	345	112	107	183	309	207	280	268	158	219	276	155	235	187	45	192	150	205	107	140	177	202	210	356	119	|
|249	53	430	169	0	152	317	238	145	282	377	369	212	299	157	242	215	452	261	183	273	474	76	181	290	264	140	287	421	320	63	229	145	148	221	142	352	53	374	226	234	346	370	378	498	215	|
|201	142	325	43	152	0	224	237	37	156	230	273	101	164	224	261	148	300	127	38	147	333	83	142	225	266	167	238	270	168	193	233	112	246	221	70	228	148	228	84	180	202	222	232	351	87	|
|93	338	114	182	317	224	0	460	262	92	180	52	124	112	440	199	364	307	292	191	317	415	284	140	57	490	387	452	304	208	377	457	336	297	163	181	84	274	175	256	95	152	188	180	402	280	|
|431	184	556	280	238	237	460	0	199	385	420	508	337	385	108	464	110	429	219	269	206	378	202	365	460	30	98	84	388	340	204	9	126	386	432	294	453	283	421	226	411	404	408	423	422	198	|
|236	121	361	80	145	37	262	199	0	191	255	310	138	197	191	290	114	312	118	72	133	330	69	175	262	229	132	204	279	186	174	195	75	258	251	102	262	153	254	81	216	230	246	257	353	72	|
|139	290	171	120	282	156	92	385	191	0	116	129	71	27	380	246	283	235	201	119	226	329	231	141	129	414	323	367	224	119	336	383	266	308	202	141	72	252	112	169	127	82	118	117	322	195	|
|252	371	191	208	377	230	180	420	255	116	0	187	178	90	443	361	311	127	204	195	224	246	313	257	232	446	382	380	129	81	423	421	320	422	318	242	100	355	5	195	241	34	15	2	225	224	|
|136	390	64	231	369	273	52	508	310	129	187	0	173	141	491	233	409	313	330	239	355	431	335	191	93	538	438	495	316	233	429	505	385	342	203	233	88	325	182	297	143	167	199	187	412	323	|
|116	222	228	58	212	101	124	337	138	71	178	173	0	91	319	206	244	284	187	69	212	357	165	85	130	367	265	333	264	151	267	333	213	244	161	70	140	181	175	145	97	145	177	180	359	165	|
|166	302	174	132	299	164	112	385	197	27	90	141	91	0	388	273	280	208	191	127	215	305	243	167	153	413	329	361	198	96	351	383	270	333	229	159	68	272	86	163	153	56	92	91	296	190	|
|390	111	546	262	157	224	440	108	191	380	443	491	319	388	0	399	164	480	264	261	261	456	156	320	426	125	62	186	442	369	107	99	125	300	374	260	452	210	443	252	372	420	433	446	494	227	|
|110	289	294	230	242	261	199	464	290	246	361	233	206	273	399	0	402	480	382	254	404	562	262	124	143	493	369	490	466	355	302	457	344	135	45	191	279	189	356	337	120	328	364	362	563	348	|
|349	169	453	190	215	148	364	110	114	283	311	409	244	280	164	402	0	324	110	174	101	292	151	289	372	135	109	90	284	230	212	111	70	354	364	216	348	245	312	118	329	295	298	313	330	90	|
|374	434	306	294	452	300	307	429	312	235	127	313	284	208	480	480	324	0	216	274	223	137	380	368	357	448	419	367	40	136	487	432	358	525	436	336	227	443	132	234	361	156	119	127	102	255	|
|303	230	364	151	261	127	292	219	118	201	204	330	187	191	264	382	110	216	0	128	25	213	185	258	314	243	203	176	178	123	282	221	144	372	338	193	256	270	206	45	283	193	191	206	239	46	|
|180	177	289	24	183	38	191	269	72	119	195	239	69	127	261	254	174	274	128	0	151	321	118	130	198	299	204	263	246	139	228	266	147	258	211	68	191	169	193	83	159	166	188	197	333	98	|
|327	238	388	174	273	147	317	206	133	226	224	355	212	215	261	404	101	223	25	151	0	203	198	281	339	228	202	156	184	143	288	209	146	390	362	215	280	286	226	68	308	215	210	226	235	61	|
|464	441	435	345	474	333	415	378	330	329	246	431	357	305	456	562	292	137	213	321	203	0	398	440	458	390	400	301	117	211	492	384	348	578	517	389	344	480	251	251	448	265	233	246	54	259	|
|236	59	393	112	76	83	284	202	69	231	313	335	165	243	156	262	151	380	185	118	198	398	0	167	270	231	110	233	347	250	110	195	85	203	230	103	303	95	311	150	217	284	305	315	422	139	|
|70	212	254	107	181	142	140	365	175	141	257	191	85	167	320	124	289	368	258	130	281	440	167	0	109	394	277	378	349	236	244	359	239	167	81	73	196	135	253	213	53	223	257	258	444	226	|
|44	319	157	183	290	225	57	460	262	129	232	93	130	153	426	143	372	357	314	198	339	458	270	109	0	490	379	462	351	247	353	456	334	250	110	168	140	243	226	274	56	201	238	232	449	294	|
|461	211	585	309	264	266	490	30	229	414	446	538	367	413	125	493	135	448	243	299	228	390	231	394	490	0	125	89	408	365	226	36	156	412	462	324	481	311	447	253	441	430	433	448	436	225	|
|346	86	491	207	140	167	387	98	132	323	382	438	265	329	62	369	109	419	203	204	202	400	110	277	379	125	0	155	381	307	113	90	63	288	339	211	394	186	382	190	327	359	371	384	436	165	|
|439	235	536	280	287	238	452	84	204	367	380	495	333	361	186	490	90	367	176	263	156	301	233	378	462	89	155	0	326	299	267	92	148	432	454	306	429	325	382	199	419	369	366	382	348	172	|
|363	399	318	268	421	270	304	388	279	224	129	316	264	198	442	466	284	40	178	246	184	117	347	349	351	408	381	326	0	113	452	391	321	502	422	311	229	415	134	199	348	152	118	130	98	219	|
|254	306	254	158	320	168	208	340	186	119	81	233	151	96	369	355	230	136	123	139	143	211	250	236	247	365	307	299	113	0	359	340	244	390	310	200	148	308	83	117	238	74	68	83	208	145	|
|312	53	490	219	63	193	377	204	174	336	423	429	267	351	107	302	212	487	282	228	288	492	110	244	353	226	113	267	452	359	0	195	145	194	283	199	407	115	421	254	296	394	415	425	521	237	|
|426	176	554	276	229	233	457	9	195	383	421	505	333	383	99	457	111	432	221	266	209	384	195	359	456	36	90	92	391	340	195	0	122	378	426	289	451	275	421	226	406	404	408	423	427	197	|
|305	99	436	155	145	112	336	126	75	266	320	385	213	270	125	344	70	358	144	147	146	348	85	239	334	156	63	148	321	244	145	122	0	286	310	168	336	177	320	128	285	298	309	322	381	103	|
|206	202	407	235	148	246	297	386	258	308	422	342	244	333	300	135	354	525	372	258	390	578	203	167	250	412	288	432	502	390	194	378	286	0	144	191	362	109	418	329	202	388	421	423	591	329	|
|71	263	266	187	221	221	163	432	251	202	318	203	161	229	374	45	364	436	338	211	362	517	230	81	110	462	339	454	422	310	283	426	310	144	0	150	239	168	313	294	77	285	321	319	518	306	|
|137	157	292	45	142	70	181	294	102	141	242	233	70	159	260	191	216	336	193	68	215	389	103	73	168	324	211	306	311	200	199	289	168	191	150	0	210	113	239	148	117	210	238	244	400	157	|
|169	361	108	192	352	228	84	453	262	72	100	88	140	68	452	279	348	227	256	191	280	344	303	196	140	481	394	429	229	148	407	451	336	362	239	210	0	318	95	231	164	79	111	100	325	258	|
|200	101	388	150	53	148	274	283	153	252	355	325	181	272	210	189	245	443	270	169	286	480	95	135	243	311	186	325	415	308	115	275	177	109	168	113	318	0	352	230	187	323	351	357	498	225	|
|247	370	186	205	374	228	175	421	254	112	5	182	175	86	443	356	312	132	206	193	226	251	311	253	226	447	382	382	134	83	421	421	320	418	313	239	95	352	0	196	237	30	19	6	230	224	|
|260	201	337	107	226	84	256	226	81	169	195	297	145	163	252	337	118	234	45	83	68	251	150	213	274	253	190	199	199	117	254	226	128	329	294	148	231	230	196	0	240	178	184	198	272	29	|
|20	264	207	140	234	180	95	411	216	127	241	143	97	153	372	120	329	361	283	159	308	448	217	53	56	441	327	419	348	238	296	406	285	202	77	117	164	187	237	240	0	208	245	242	446	257	|
|219	344	181	177	346	202	152	404	230	82	34	167	145	56	420	328	295	156	193	166	215	265	284	223	201	430	359	369	152	74	394	404	298	388	285	210	79	323	30	178	208	0	37	35	250	206	|
|256	364	205	202	370	222	188	408	246	118	15	199	177	92	433	364	298	119	191	188	210	233	305	257	238	433	371	366	118	68	415	408	309	421	321	238	111	351	19	184	245	37	0	17	214	212	|
|253	374	190	210	378	232	180	423	257	117	2	187	180	91	446	362	313	127	206	197	226	246	315	258	232	448	384	382	130	83	425	423	322	423	319	244	100	357	6	198	242	35	17	0	225	226	|
|460	469	408	356	498	351	402	422	353	322	225	412	359	296	494	563	330	102	239	333	235	54	422	444	449	436	436	348	98	208	521	427	381	591	518	400	325	498	230	272	446	250	214	225	0	285	|
|278	184	364	119	215	87	280	198	72	195	224	323	165	190	227	348	90	255	46	98	61	259	139	226	294	225	165	172	219	145	237	197	103	329	306	157	258	225	224	29	257	206	212	226	285	0	|

--------------------------------------------------------------------------------
Building model...
	using lazy and cut (CVRPSEP package)
Solving IRP LP...
--------------------------------------------------------------------------------

Gurobi 9.1.0 (linux64) logging started Sat Feb  6 18:52:09 2021

Gurobi Optimizer version 9.1.0 build v9.1.0rc0 (linux64)
Thread count: 32 physical cores, 32 logical processors, using up to 2 threads
Optimize a model with 1996 rows, 17074 columns and 40228 nonzeros
Model fingerprint: 0xd3bfaeb5
Variable types: 859 continuous, 16215 integer (690 binary)
Coefficient statistics:
  Matrix range     [1e+00, 7e+02]
  Objective range  [1e-01, 6e+02]
  Bounds range     [1e+00, 3e+02]
  RHS range        [1e+00, 6e+03]
Presolve removed 499 rows and 271 columns
Presolve time: 0.17s
Presolved: 1497 rows, 16803 columns, 37478 nonzeros
Variable types: 542 continuous, 16261 integer (15560 binary)

Root relaxation: objective 1.324580e+04, 2022 iterations, 0.09 seconds

    Nodes    |    Current Node    |     Objective Bounds      |     Work
 Expl Unexpl |  Obj  Depth IntInf | Incumbent    BestBd   Gap | It/Node Time

     0     0 13245.7990    0  151          - 13245.7990      -     -    0s
     0     0 13566.9074    0  153          - 13566.9074      -     -    0s
     0     0 13568.0853    0  160          - 13568.0853      -     -    0s
     0     0 13911.2470    0  170          - 13911.2470      -     -    1s
     0     0 13926.5807    0  194          - 13926.5807      -     -    1s
     0     0 13931.4734    0  203          - 13931.4734      -     -    1s
     0     0 13931.4826    0  206          - 13931.4826      -     -    1s
     0     0 14171.6487    0  333          - 14171.6487      -     -    1s
     0     0 14180.0273    0  338          - 14180.0273      -     -    2s
     0     0 14182.0914    0  314          - 14182.0914      -     -    2s
     0     0 14182.9926    0  328          - 14182.9926      -     -    2s
     0     0 14296.6315    0  317          - 14296.6315      -     -    2s
     0     0 14311.0456    0  343          - 14311.0456      -     -    3s
     0     0 14312.5899    0  362          - 14312.5899      -     -    3s
     0     0 14312.6115    0  359          - 14312.6115      -     -    3s
     0     0 14398.3714    0  324          - 14398.3714      -     -    4s
     0     0 14406.0573    0  369          - 14406.0573      -     -    4s
     0     0 14407.0971    0  397          - 14407.0971      -     -    4s
     0     0 14437.8988    0  386          - 14437.8988      -     -    5s
     0     0 14441.9935    0  401          - 14441.9935      -     -    5s
     0     0 14442.0370    0  383          - 14442.0370      -     -    6s
     0     0 14476.2860    0  400          - 14476.2860      -     -    7s
     0     0 14507.7231    0  477          - 14507.7231      -     -    7s
     0     0 14519.6462    0  494          - 14519.6462      -     -    7s
     0     0 14565.6239    0  493          - 14565.6239      -     -    8s
     0     0 14566.8495    0  559          - 14566.8495      -     -    8s
     0     0 14577.1000    0  422          - 14577.1000      -     -    9s
     0     0 14578.1707    0  330          - 14578.1707      -     -    9s
     0     0 14585.4140    0  376          - 14585.4140      -     -   10s
     0     0 14587.8714    0  376          - 14587.8714      -     -   10s
     0     0 14589.0998    0  578          - 14589.0998      -     -   10s
     0     0 14592.6387    0  486          - 14592.6387      -     -   11s
     0     0 14592.6387    0  457          - 14592.6387      -     -   11s
     0     2 14592.6387    0  413          - 14592.6387      -     -   14s
     1     4 14594.6942    1  448          - 14592.6387      -   995   15s
    26    30 14635.6331   10  307          - 14608.2930      -   662   20s
    49    56 14688.8478   16  453          - 14608.2930      -   672   25s
    87    93 14731.3567   26  441          - 14608.2930      -   567   30s
   127   133 14968.6282   38  385          - 14608.2930      -   544   35s
   160   172 15079.9633   50  256          - 14608.2930      -   531   40s
   218   232 15326.1948   74  215          - 14608.2930      -   475   46s
   269   288 15745.9827   96  224          - 14608.2930      -   435   50s
   332   366 16193.0432  124  203          - 14608.2930      -   400   55s
   397   400 16950.1975  155  235          - 14608.2930      -   367   60s
   496   553 17813.9668  206   74          - 14608.2930      -   324   66s
   656   699 18693.8005  302   16          - 14608.2930      -   263   70s
   834   835 17125.8828  128  211          - 14608.2970      -   221   75s
  1099  1134 19347.6534  174  103          - 14608.2970      -   180   80s
  1348  1320 14674.2924    5  501          - 14611.0545      -   154   86s
  1405  1327 17335.8611  133  457          - 14611.0545      -   150   90s
  1408  1329 26109.6800  480  246          - 14611.0545      -   150   95s
  1413  1332 15177.0639   57  509          - 14625.3040      -   149  100s
  1422  1338 21193.3528  236  506          - 14651.1718      -   148  105s
  1427  1342 21141.7838  233  677          - 14656.7332      -   148  110s
  1433  1346 24754.9993  448  535          - 14678.4288      -   147  115s
  1441  1351 19397.2095  180  546          - 14680.1720      -   146  120s
  1444  1353 19593.5850  331  432          - 14680.1832      -   146  125s
  1446  1354 17392.6146  186  430          - 14680.1832      -   146  130s
  1450  1357 22330.1700  310  528          - 14680.4001      -   146  138s
  1452  1358 17268.8253  178  486          - 14680.4001      -   145  146s
  1453  1362 14685.3813   10  546          - 14685.3813      -   179  155s
  1455  1363 14686.3377   11  566          - 14686.3377      -   180  163s
  1457  1365 14761.5840   11  388          - 14686.7011      -   182  167s
  1459  1366 14712.8566   12  586          - 14687.1602      -   184  170s
  1463  1371 14707.2545   13  639          - 14701.1532      -   186  175s
  1473  1376 14719.1099   16  522          - 14701.1532      -   193  180s
  1483  1382 14741.6131   19  554          - 14701.1532      -   199  185s
  1498  1392 14800.8655   22  595          - 14701.1532      -   204  191s
  1506  1399 14762.5980   25  589          - 14701.1532      -   207  195s
  1518  1406 14772.7767   28  534          - 14701.1532      -   212  200s
  1536  1423 14814.0664   33  439          - 14701.1532      -   218  206s
  1549  1430 14900.7110   36  418          - 14701.1532      -   222  210s
  1571  1447 14933.8571   42  453          - 14701.1532      -   229  217s
  1590  1461 14860.0189   47  535          - 14701.1532      -   234  222s
  1611  1473 14888.4597   53  506          - 14701.1532      -   239  227s
  1631  1491 14911.7290   58  503          - 14701.1532      -   245  232s
  1643  1500 14915.1149   61  465          - 14701.1532      -   247  235s
  1671  1520 14936.9769   67  498          - 14701.1532      -   254  241s
  1700  1542 15028.8613   73  427          - 14701.1532      -   261  247s
  1717  1556 15016.7377   76  491          - 14701.1532      -   263  251s
  1737  1569 15040.5501   81  501          - 14701.1532      -   265  255s
  1781  1597 15071.5291   91  480          - 14701.1532      -   271  262s
  1799  1617 15099.9159   95  475          - 14701.1532      -   274  266s
  1825  1634 15125.4080  101  475          - 14701.1532      -   277  271s
  1851  1645 15163.0367  108  484          - 14701.1532      -   279  275s
  1896  1680 15240.9205  119  456          - 14701.1532      -   285  284s
  1921  1707 15232.1129  125  470          - 14701.1532      -   288  288s
  1956  1726 15339.7420  134  433          - 14701.1532      -   291  293s
  1987  1740 15276.5581  142  460          - 14701.1532      -   294  298s
  2011  1762 15289.5628  148  444          - 14701.1532      -   297  304s
  2041  1789 15312.0149  157  454          - 14701.1532      -   300  309s
  2077  1777 15828.2204  167  262          - 14701.1532      -   303  310s
  2078  1818 15852.2610  165  390          - 14701.1532      -   303  315s
  2119  1859 15425.3057  173  402          - 14701.1532      -   306  321s
  2174  1890 15453.9635  184  398          - 14701.1532      -   306  327s
  2223  1926 15471.6382  194  394          - 14701.1532      -   308  333s
  2276  1960 15494.1765  204  411          - 14701.1532      -   310  339s
  2327  2016 15544.2525  213  384          - 14701.1532      -   309  346s
  2400  2072 15607.2494  226  369          - 14701.1532      -   308  353s
  2481  2111 15657.6532  240  358          - 14701.1532      -   307  361s
  2547  2145 15721.4118  255  349          - 14701.1532      -   309  368s
  2603  2204 15751.7993  266  367          - 14701.1532      -   311  376s
  2680  2271 15786.3479  280  376          - 14701.1532      -   311  384s
  2735  2253 17514.1732  363  225          - 14701.1532      -   310  385s
  2773  2347 15871.1348  299  332          - 14701.1532      -   309  393s
  2869  2315 18087.3495  412  185          - 14701.1532      -   307  395s
  2880  2427 15987.1626  316  353          - 14701.1532      -   306  404s
  2917  2415 17904.9083  418  276          - 14701.1532      -   306  405s
  2996  2528 15970.2306  335  378          - 14701.1532      -   302  415s
  3135  2664 15989.5212  352  365          - 14701.1532      -   298  425s
  3318  2829 16156.9855  370  318          - 14701.1532      -   290  437s
  3481  2775 18994.1596  645  129          - 14701.1532      -   283  440s
  3544  2919 16063.0771  390  350          - 14701.1532      -   279  449s
  3595  2902 16374.1807  415  231          - 14701.1532      -   278  450s
  3797  2928 16493.7894  416  263          - 14701.1532      -   266  460s
  3879  2966 16570.6759  448  242          - 14701.1532      -   265  470s
  3945  3021 16886.7683  479  214          - 14701.1532      -   265  479s
  3976  3011 16788.9404  495  219          - 14701.1532      -   264  480s
  4022  3066 16903.4685  515  274          - 14701.1532      -   264  488s
  4092  3118 17044.2340  546  275          - 14701.1532      -   264  497s
  4168  3177 18914.1072  576  230          - 14701.1532      -   264  507s
  4252  3263 17440.7297  609  208          - 14701.1532      -   263  517s
  4368  3412 17988.2482  654  186          - 14701.1532      -   261  529s
  4465  3380 18316.3333  702  151          - 14701.1532      -   258  530s
  4556  3674 18364.1762  730  175          - 14701.1532      -   256  542s
  4754  3608 19173.5467  829   23          - 14701.1532      -   248  545s
  4916  3577 20706.2600  880    2          - 14701.1532      -   243  579s
* 4920  3443             882    20785.840000 14701.1532  29.3%   242  579s
* 4922  3377             883    20779.840000 14701.1532  29.3%   242  579s
* 4923  3306             881    20730.840000 14701.1532  29.1%   242  579s
  4934  3357     cutoff  882      20730.8400 14707.2545  29.1%   243  590s
* 4935  3355             882    20724.840000 14707.2545  29.0%   243  590s
* 4942  3290             881    20120.310000 14707.2545  26.9%   242  590s
  5018  3373 14953.5260   15  769 20120.3100 14707.2545  26.9%   241  604s
  5101  3375 14968.5191   16  704 20120.3100 14707.2545  26.9%   239  638s
  5103  3496 14960.3101   17  683 20120.3100 14707.2545  26.9%   239  651s
  5224  3623 14989.2974   25  621 20120.3100 14707.2545  26.9%   237  666s
  5351  3625 15090.0331   30  548 20120.3100 14707.2545  26.9%   234  700s
  5353  3749 15079.5315   30  567 20120.3100 14707.2545  26.9%   234  712s
  5477  3916 15231.7505   38  425 20120.3100 14707.2545  26.9%   232  728s
  5648  4149 15433.4776   47  346 20120.3100 14707.2545  26.9%   229  746s
  5887  4283 15641.2620   61  298 20120.3100 14707.2545  26.9%   224  765s
  6067  4438 16032.4974   96  229 20120.3100 14707.2545  26.9%   222  781s
  6221  4470 16416.1327  209  246 20120.3100 14707.2545  26.9%   220  809s
  6253  4708 16450.6675  220  226 20120.3100 14707.2545  26.9%   220  826s
  6491  4788 17156.0768  387  164 20120.3100 14707.2545  26.9%   215  875s
  6571  5024 17680.0251  415  157 20120.3100 14707.2545  26.9%   215  894s
  6605  5024 17650.1622  435  191 20120.3100 14707.2545  26.9%   214  895s
  6807  5220 19191.9089  569  115 20120.3100 14712.8566  26.9%   210  917s
  7043  5393 14736.3053   15  844 20120.3100 14712.8566  26.9%   207  937s
  7216  5458 14915.8729   24  506 20120.3100 14712.8566  26.9%   205  975s
  7281  6228 15101.3430   29  381 20120.3100 14712.8566  26.9%   204 1004s
  7305  6228 15491.7848   53  335 20120.3100 14712.8566  26.9%   204 1005s
  7679  6228 16832.4004  555  100 20120.3100 14712.8566  26.9%   197 1010s
  8076  6228 18116.0201  844   94 20120.3100 14712.8566  26.9%   189 1015s
  8093  6535 16865.3918  169  100 20120.3100 14715.0237  26.9%   189 1036s
  8384  6539 20046.5027  454    9 20120.3100 14715.0237  26.9%   183 1040s
  8427  6740 19274.8947  364   49 20120.3100 14718.0642  26.8%   185 1057s
  8641  7432 15148.0794   49  414 20120.3100 14718.0642  26.8%   184 1082s
  8969  7432 16917.8334  255  181 20120.3100 14718.0642  26.8%   180 1086s
  9190  7432 17654.9913  476  179 20120.3100 14718.0642  26.8%   176 1090s
  9333  7633 17099.5313  248  161 20120.3100 14718.2074  26.8%   174 1112s
  9577  7668 14846.4217   21  718 20120.3100 14735.9466  26.8%   172 1131s
  9612  7783 15026.7494   24  623 20120.3100 14735.9466  26.8%   175 1150s
  9727  8161 15342.2717   28  482 20120.3100 14735.9466  26.8%   176 1175s
 10075  8161 16600.7581  313   66 20120.3100 14735.9466  26.8%   173 1180s
 10105  8351 15242.4618   45  378 20120.3100 14735.9466  26.8%   172 1199s
 10161  8351 16686.8054  356   47 20120.3100 14735.9466  26.8%   173 1200s
 10327  8458 15556.8277   65  229 20120.3100 14735.9466  26.8%   171 1220s
 10434  8859 15784.1817  116  181 20120.3100 14735.9466  26.8%   172 1245s
 10861  8867 18341.6884  309   41 20120.3100 14735.9466  26.8%   169 1289s
 10863  9214 18494.2088  311   87 20120.3100 14736.1945  26.8%   169 1313s
 11016  9222 19403.1567  399    8 20120.3100 14736.1945  26.8%   167 1315s
 11281  9284     cutoff  409      20120.3100 14736.3053  26.8%   166 1333s
 11390  9332 14957.5620   29  618 20120.3100 14736.7877  26.8%   167 1353s
 11427  9563 15261.3192   49  357 20120.3100 14737.7133  26.8%   168 1376s
 11683  9777 14814.8822   23  799 20120.3100 14737.7133  26.8%   167 1399s
 11707  9777 15314.8917   47  403 20120.3100 14737.7133  26.8%   168 1400s
 11924  9860 15353.0277   50  435 20120.3100 14737.7133  26.8%   167 1423s
 12007 10161 16228.6369  122  261 20120.3100 14738.8557  26.7%   167 1444s
 12024 10161 16363.8138  139  155 20120.3100 14738.8557  26.7%   167 1445s
 12332 10200 14948.4400   32  597 20120.3100 14738.8557  26.7%   165 1468s
 12371 10312 15301.0464   57  440 20120.3100 14738.8557  26.7%   166 1484s
 12390 10312 15582.4317   76  430 20120.3100 14738.8557  26.7%   167 1485s
 12483 10605 16758.4323  144  135 20120.3100 14738.9950  26.7%   167 1506s
 12806 10643 14929.8636   29  540 20120.3100 14738.9950  26.7%   166 1553s
 12844 10784 15127.4461   33  423 20120.3100 14738.9950  26.7%   167 1575s
 12985 11115 16613.2375  108  143 20120.3100 14739.3990  26.7%   169 1601s
 13299 11116 15034.3106   22  551 20120.3100 14739.3990  26.7%   166 1605s
 13339 11219 15044.1512   24  557 20120.3100 14739.3990  26.7%   167 1625s
 13442 11392 15345.2548   39  565 20120.3100 14739.3990  26.7%   169 1648s
 13623 11516 15337.2804   48  385 20120.3100 14739.3990  26.7%   169 1674s
 13657 11516 15586.9464   70  179 20120.3100 14739.3990  26.7%   170 1675s
 13783 11692 15687.2339   92  116 20120.3100 14739.3990  26.7%   170 1697s
 13919 11692 16103.0048  170  124 20120.3100 14739.3990  26.7%   170 1700s
 13959 12208 16112.0684  185  151 20120.3100 14741.5316  26.7%   171 1728s
 14078 12208 16473.6394  267   48 20120.3100 14741.5316  26.7%   170 1730s
 14548 12619     cutoff  498      20120.3100 14741.6140  26.7%   167 1759s
 14943 12697 15107.6733   20  510 20120.3100 14741.6140  26.7%   164 1782s
 15042 12822 15654.8661   32  346 20120.3100 14741.6140  26.7%   165 1802s
 15167 13330 16756.1961   70  173 20120.3100 14743.2698  26.7%   166 1826s
 15422 13342 19995.7767  141    9 20120.3100 14743.2698  26.7%   164 1830s
 15736 13360     cutoff  142      20120.3100 14744.3853  26.7%   162 1949s
 15758 13448 14965.4907   22  699 20120.3100 14753.4946  26.7%   163 1968s
 15846 13761 15325.8784   46  500 20120.3100 14753.4946  26.7%   164 1994s
 15889 13761 16240.9290  120  330 20120.3100 14753.4946  26.7%   164 1995s
 16175 13878 15624.2974   72  412 20120.3100 14753.4946  26.7%   162 2016s
 16292 14280 16593.8341  172  268 20120.3100 14757.2032  26.7%   163 2041s
 16530 14280 19056.4243  410  141 20120.3100 14757.2032  26.7%   161 2045s
 16720 14688 14846.8545   21  707 20120.3100 14757.2032  26.7%   161 2074s
 16740 14688 15821.6646   89  358 20120.3100 14757.2032  26.7%   161 2075s
 17046 14688 17201.4206  395  111 20120.3100 14757.2032  26.7%   159 2080s
 17142 14717 15143.3940   37  453 20120.3100 14757.2032  26.7%   159 2098s
 17171 14809 15205.3597   42  534 20120.3100 14757.2032  26.7%   160 2118s
 17234 14809 15762.4226   59  248 20120.3100 14757.2032  26.7%   161 2120s
 17271 15035 15469.2329   69  295 20120.3100 14757.2032  26.7%   161 2140s
 17497 15693 15718.1528  232  108 20120.3100 14761.5864  26.6%   161 2168s
 17633 15693 16937.6215  332  100 20120.3100 14761.5864  26.6%   160 2170s
 18217 15716 infeasible  557      20120.3100 14761.6457  26.6%   157 2211s
 18264 15750 14963.9667   16  685 20120.3100 14761.9091  26.6%   157 2230s
 18297 15787 15181.1457   36  524 20120.3100 14761.9091  26.6%   158 2251s
 18334 15908 15587.9139   58  180 20120.3100 14761.9091  26.6%   159 2270s
 18455 16049 18295.5784  149   67 20120.3100 14764.6841  26.6%   160 2291s
 18638 16262     cutoff  207      20120.3100 14768.2651  26.6%   160 2318s
 18886 16452 15339.4885   37  375 20120.3100 14769.2278  26.6%   160 2341s
 19070 16551 19292.0500  199   51 20120.3100 14772.1085  26.6%   160 2367s
 19195 16595 14991.2280   29  687 20120.3100 14772.1085  26.6%   161 2388s
 19239 16808 15353.6901   46  373 20120.3100 14772.1085  26.6%   162 2409s
 19290 16808 15726.5246   75  267 20120.3100 14772.1085  26.6%   162 2410s
 19452 17098 16381.6293  142  101 20120.3100 14774.3853  26.6%   162 2436s
 19710 17098 15588.3619   60  243 20120.3100 14775.4087  26.6%   161 2440s
 19804 17131 14901.3459   23  830 20120.3100 14775.4087  26.6%   162 2459s
 19837 17177 15164.3565   41  655 20120.3100 14775.4087  26.6%   163 2483s
 19883 17512 15463.4824   71  434 20120.3100 14775.4087  26.6%   163 2503s
 20019 17512 16764.0526  207  169 20120.3100 14775.4087  26.6%   163 2505s
 20218 17906 17378.7379  339  160 20120.3100 14775.4818  26.6%   162 2530s
 20528 17906 17336.7313  252  166 20120.3100 14775.7385  26.6%   161 2535s
 20652 17954 15079.6413   42  640 20120.3100 14775.7385  26.6%   160 2553s
 20700 18128 15623.4240   72  464 20120.3100 14775.7385  26.6%   161 2570s
 20874 18531 17145.8007  216  199 20120.3100 14778.4429  26.5%   161 2592s
 21061 18531 17980.3702  403  130 20120.3100 14778.4429  26.5%   160 2595s
 21303 18926 15231.9613   25  629 20120.3100 14778.4429  26.5%   160 2622s
 21447 18926 17783.8299  370  202 20120.3100 14778.4429  26.5%   160 2625s
 21716 19318 15765.6320   67  306 20120.3100 14778.4429  26.5%   158 2649s
 21771 19318 16131.2326  122  281 20120.3100 14778.4429  26.5%   158 2650s
 22108 19685 16903.6692  429  163 20120.3100 14779.7534  26.5%   157 2677s
 22262 19685 17674.9780  582   94 20120.3100 14779.7534  26.5%   156 2680s
 22515 19719 15006.1083   23  536 20120.3100 14780.8524  26.5%   156 2701s
 22549 19783 15304.1714   31  555 20120.3100 14780.8524  26.5%   157 2720s
 22613 20036 15471.8998   38  410 20120.3100 14780.8524  26.5%   157 2743s
 22869 20038 18086.4917  109   12 20120.3100 14780.8524  26.5%   158 2747s
 22876 20400 16586.2704   63  147 20120.3100 14780.9060  26.5%   158 2771s
 23137 20407 20107.2300  148    - 20120.3100 14780.9060  26.5%   157 2775s
 23295 20460 infeasible  149      20120.3100 14783.1040  26.5%   157 2794s
 23329 20460 15364.2816   48  346 20120.3100 14783.1040  26.5%   157 2795s
 23370 20766 15408.1868   51  337 20120.3100 14784.0385  26.5%   157 2817s
 23557 20766 18897.7021  238   70 20120.3100 14784.0385  26.5%   157 2820s
 23693 21034 14851.2133   22  716 20120.3100 14784.0385  26.5%   157 2841s
 23977 21377 15176.6130   38  592 20120.3100 14784.0385  26.5%   156 2867s
 24169 21377 16926.3169  118  142 20120.3100 14784.0385  26.5%   156 2870s
 24334 21778 15846.6854  145  231 20120.3100 14785.7581  26.5%   155 2894s
 24368 21778 15893.6940  179  172 20120.3100 14785.7581  26.5%   155 2895s
 24691 21778 17510.0592  502   76 20120.3100 14785.7581  26.5%   154 2900s
 24757 21839 14997.3674   26  729 20120.3100 14785.7581  26.5%   154 2917s
 24818 22097 15565.4130   55  353 20120.3100 14786.5559  26.5%   155 2937s
 24989 22097 19764.7192  222   81 20120.3100 14786.5559  26.5%   154 2940s
 25093 22330 15024.0993   28  513 20120.3100 14786.5559  26.5%   154 2959s
 25112 22330 15310.9494   47  602 20120.3100 14786.5559  26.5%   155 2960s
 25364 22424 15429.9775   52  563 20120.3100 14786.5559  26.5%   154 2980s
 25458 23004 16142.7257   98  263 20120.3100 14789.0874  26.5%   154 3000s
 25769 23004 15942.4479   72  244 20120.3100 14790.0801  26.5%   153 3005s
 26089 23081 14918.7678   26  646 20120.3100 14790.0801  26.5%   152 3024s
 26134 23081 15355.0416   71  377 20120.3100 14790.0801  26.5%   152 3025s
*26154 22844             294    19905.030000 14790.0801  25.7%   152 3025s
 26177 23184 15470.1641   80  351 19905.0300 14790.3112  25.7%   153 3043s
 26279 23184 16632.9570  182  223 19905.0300 14790.3112  25.7%   152 3045s
 26532 23236 14909.7379   33  647 19905.0300 14790.3112  25.7%   152 3063s
 26584 23352 15198.3377   55  560 19905.0300 14790.3112  25.7%   153 3081s
 26700 23931 15940.2957   84  380 19905.0300 14790.8197  25.7%   153 3102s
 26870 23931 18505.3261  254  105 19905.0300 14790.8197  25.7%   153 3105s
 27293 24174 14948.6294   22  727 19905.0300 14790.8197  25.7%   152 3132s
 27473 24174 19152.2703  516   58 19905.0300 14790.8197  25.7%   151 3135s
 27578 24232 15185.5595   44  501 19905.0300 14790.8197  25.7%   151 3151s
 27636 24256 15747.5695   86  414 19905.0300 14790.8197  25.7%   152 3190s
 27660 24725 15962.8526   98  361 19905.0300 14790.8250  25.7%   152 3215s
 28010 24725 19058.4275  448   85 19905.0300 14790.8250  25.7%   150 3220s
 28153 24852 14910.0330   18  698 19905.0300 14790.8250  25.7%   150 3240s
 28302 24889 15218.1862   35  451 19905.0300 14790.8250  25.7%   151 3258s
 28339 25255 15559.6218   51  351 19905.0300 14790.8250  25.7%   151 3276s
 28682 25255 18785.9550  216   31 19905.0300 14790.8250  25.7%   151 3282s
 28705 25423 18153.4257  232  116 19905.0300 14792.2079  25.7%   150 3299s
 28773 25423 18690.5290  300  119 19905.0300 14792.2079  25.7%   150 3300s
 28906 25474 15221.4451   35  554 19905.0300 14793.8955  25.7%   150 3317s
 28957 25668 15500.8364   67  430 19905.0300 14793.8955  25.7%   151 3335s
 29151 26309 16576.5353  185  163 19905.0300 14794.3205  25.7%   151 3360s
 29500 26309 16672.1982  181  184 19905.0300 14794.4271  25.7%   150 3365s
 29846 26413 15337.8934   36  416 19905.0300 14794.4684  25.7%   148 3387s
 29960 26443 14837.9887   19  680 19905.0300 14794.4684  25.7%   149 3405s
 29992 26539 14955.8105   23  355 19905.0300 14794.4684  25.7%   149 3422s
 30088 26768 15113.7412   33  319 19905.0300 14794.4684  25.7%   150 3442s
 30248 26768 17247.8583  277  162 19905.0300 14794.4684  25.7%   150 3445s
 30335 26876 15297.7754   45  245 19905.0300 14794.4684  25.7%   150 3463s
 30420 26876 15250.1070   37  441 19905.0300 14794.4684  25.7%   150 3465s
 30443 27051 15559.0483   78  136 19905.0300 14794.4684  25.7%   150 3483s
 30618 27493 15723.1022  116  177 19905.0300 14794.4684  25.7%   151 3507s
 30839 27493 16056.4439  151  123 19905.0300 14794.4684  25.7%   151 3510s
 31100 27611 17049.2445  201   19 19905.0300 14794.9547  25.7%   150 3531s
 31299 27658 infeasible  268      19905.0300 14795.1610  25.7%   150 3552s
 31341 27710 14991.3756   31  694 19905.0300 14795.1610  25.7%   150 3569s
 31393 27770 15423.5402   49  424 19905.0300 14795.1610  25.7%   151 3588s
 31453 27796 15848.0495   87  365 19905.0300 14795.1610  25.7%   151 3600s

Cutting planes:
  User: 6589
  Gomory: 15
  Cover: 647
  Implied bound: 220
  Projected implied bound: 13
  Clique: 127
  MIR: 164
  Flow cover: 522
  GUB cover: 1
  Zero half: 137
  Network: 1
  RLT: 496
  Relax-and-lift: 14
  Lazy constraints: 2156

Explored 31479 nodes (4779527 simplex iterations) in 3600.46 seconds
Thread count was 2 (of 32 available processors)

Solution count 6: 19905 20120.3 20724.8 ... 20785.8

Time limit reached
Best objective 1.990503000000e+04, best bound 1.479516104915e+04, gap 25.6712%

User-callback calls 536116, time in user-callback 297.18 sec
================================================================================
executing instance: ./input/Instances/Original/1/absH3high_2n45.dat
--------------------------------------------------------------------------------
Instance details
n	46
H	3
C	3171
Li:
[0, 0, 0, 0, 0, 0, 0, 0, 0, 0, 0, 0, 0, 0, 0, 0, 0, 0, 0, 0, 0, 0, 0, 0, 0, 0, 0, 0, 0, 0, 0, 0, 0, 0, 0, 0, 0, 0, 0, 0, 0, 0, 0, 0, 0, 0, ]
Ui:
[0, 246, 160, 78, 20, 87, 144, 40, 20, 82, 60, 96, 24, 136, 160, 108, 160, 26, 228, 51, 24, 240, 231, 70, 32, 105, 174, 114, 246, 126, 132, 76, 22, 42, 255, 132, 148, 162, 66, 111, 102, 240, 123, 201, 297, 78, ]
Distance matrix:
|0	148	402	550	329	420	187	318	366	280	504	273	233	333	112	344	379	481	113	593	159	523	261	424	90	359	163	461	413	240	105	299	265	89	371	462	339	273	495	22	41	439	369	506	563	468	|
|148	0	284	517	394	284	136	369	244	311	496	166	329	355	223	202	338	388	204	565	254	506	118	346	71	423	173	471	336	118	105	352	198	105	248	428	302	305	487	153	179	441	230	497	517	370	|
|402	284	0	350	448	80	228	406	42	343	382	129	456	350	412	126	219	131	382	395	410	371	180	137	314	466	289	400	137	167	389	401	169	316	39	280	217	342	373	394	414	362	108	380	324	106	|
|550	517	350	0	339	429	385	308	374	295	93	375	431	249	481	461	180	239	458	48	445	57	474	214	496	333	387	160	216	424	601	321	320	471	376	90	217	301	93	530	534	146	452	88	52	262	|
|329	394	448	339	0	513	282	42	438	105	255	363	115	108	221	484	259	431	217	365	172	289	436	362	333	30	224	189	353	380	423	47	291	296	443	285	240	107	251	307	294	193	495	260	378	437	|
