




arguments: ./build/bc_mirp -f ./input/orig_exec_189.cfg
Current dir: /scratch/gui/bc_mirp
File verbosity level: 9
date       time         ( uptime  ) [ thread name/id ]                   file:line     v| 
2021-02-13 01:18:41.701 (   0.327s) [main thread     ]             loguru.cpp:789   INFO| Logging to './output/vi_vc+cus/OU/V5/Original/execution_13_02_2021_01_18_41.log', mode: 'a', verbosity: 9
--------------------------------------------------------------------------------
Parameters
                           instance_path           ./input/Instances/Original/4/
                            model_policy                                       1
                             nb_vehicles                                       5
                              output_dir      ./output/vi_vc+cus/OU/V5/Original/
                            sec_strategy                                       1
                       solver_nb_threads                                       2
                         solver_show_log                                    true
                       solver_time_limit                                    3600
                              use_vi_cos                                   false
                              use_vi_cus                                    true
                         use_vi_hc1_full                                   false
                         use_vi_hc1_half                                   false
                      use_vi_hc1_quarter                                   false
                              use_vi_hc2                                   false
                              use_vi_hc3                                   false
                         use_vi_lex_full                                   false
                         use_vi_lex_half                                   false
                      use_vi_lex_quarter                                   false
                              use_vi_qua                                   false
                               use_vi_vc                                    true
                               use_vi_vr                                   false
--------------------------------------------------------------------------------
executing instance: ./input/Instances/Original/4/absH3low_3n30.dat
--------------------------------------------------------------------------------
Instance details
n	31
H	3
C	2841
Li:
[0, 0, 0, 0, 0, 0, 0, 0, 0, 0, 0, 0, 0, 0, 0, 0, 0, 0, 0, 0, 0, 0, 0, 0, 0, 0, 0, 0, 0, 0, 0, ]
Ui:
[0, 246, 98, 54, 144, 171, 192, 180, 165, 98, 122, 198, 297, 144, 130, 129, 219, 138, 142, 150, 108, 66, 64, 285, 180, 204, 276, 168, 240, 198, 122, ]
Distance matrix:
|0	172	56	166	260	198	42	197	296	110	91	112	238	275	323	183	330	232	175	181	162	191	232	280	201	139	356	185	266	216	26	|
|172	0	178	223	320	335	153	355	444	62	231	99	333	376	214	352	176	235	194	106	47	41	353	161	299	175	225	43	326	374	153	|
|56	178	0	110	204	162	93	233	336	125	144	148	187	226	358	180	313	284	123	152	182	185	282	252	256	88	329	177	210	251	42	|
|166	223	110	0	102	150	199	327	431	194	253	237	113	156	431	228	296	386	44	140	248	208	389	218	366	48	287	200	108	344	148	|
|260	320	204	102	0	156	296	391	493	296	340	339	66	90	531	263	362	486	127	226	349	300	469	278	454	148	334	292	6	406	245	|
|198	335	162	150	156	0	239	255	351	286	245	307	93	106	518	111	442	423	194	280	344	335	349	367	352	182	437	327	158	266	199	|
|42	153	93	199	296	239	0	203	296	91	82	76	278	316	284	217	322	191	201	186	133	180	217	281	177	165	356	175	302	222	52	|
|197	355	233	327	391	255	203	0	104	294	125	266	340	361	436	151	524	276	352	377	330	383	109	477	146	319	553	377	395	19	222	|
|296	444	336	431	493	351	296	104	0	384	214	348	440	456	488	241	617	315	456	476	412	475	113	575	176	422	651	470	497	88	322	|
|110	62	125	194	296	286	91	294	384	0	171	55	298	340	238	292	233	210	176	118	58	91	298	201	248	148	273	87	302	313	94	|
|91	231	144	253	340	245	82	125	214	171	0	141	307	339	324	184	403	187	266	266	204	261	140	363	114	230	438	256	346	144	116	|
|112	99	148	237	339	307	76	266	348	55	141	0	332	373	212	292	275	156	225	173	64	137	254	253	200	194	322	135	345	284	108	|
|238	333	187	113	66	93	278	340	440	298	307	332	0	43	536	203	404	469	153	253	354	321	427	322	420	160	385	313	67	353	229	|
|275	376	226	156	90	106	316	361	456	340	339	373	43	0	578	216	443	507	194	295	397	364	453	361	451	203	421	356	88	372	268	|
|323	214	358	431	531	518	284	436	488	238	324	212	536	578	0	498	309	176	407	320	183	245	376	344	312	383	379	251	537	451	319	|
|183	352	180	228	263	111	217	151	241	292	184	292	203	216	498	0	492	371	266	328	345	364	255	426	272	242	501	356	266	159	198	|
|330	176	313	296	362	442	322	524	617	233	403	275	404	443	309	492	0	397	253	164	218	142	529	84	475	260	72	147	367	543	306	|
|232	235	284	386	486	423	191	276	315	210	187	156	469	507	176	371	397	0	379	327	188	276	202	396	139	346	456	277	492	289	242	|
|175	194	123	44	127	194	201	352	456	176	266	225	153	194	407	266	253	379	0	101	225	174	405	174	375	36	244	166	133	370	152	|
|181	106	152	140	226	280	186	377	476	118	266	173	253	295	320	328	164	327	101	0	148	76	403	100	360	98	177	69	232	396	155	|
|162	47	182	248	349	344	133	330	412	58	204	64	354	397	183	345	218	188	225	148	0	89	316	208	259	201	270	90	355	348	149	|
|191	41	185	208	300	335	180	383	475	91	261	137	321	364	245	364	142	276	174	76	89	0	388	119	336	162	185	8	306	402	169	|
|232	353	282	389	469	349	217	109	113	298	140	254	427	453	376	255	529	202	405	403	316	388	0	497	64	369	570	384	474	112	256	|
|280	161	252	218	278	367	281	477	575	201	363	253	322	361	344	426	84	396	174	100	208	119	497	0	449	187	77	119	283	496	255	|
|201	299	256	366	454	352	177	146	176	248	114	200	420	451	312	272	475	139	375	360	259	336	64	449	0	339	521	333	460	156	223	|
|139	175	88	48	148	182	165	319	422	148	230	194	160	203	383	242	260	346	36	98	201	162	369	187	339	0	260	153	154	337	116	|
|356	225	329	287	334	437	356	553	651	273	438	322	385	421	379	501	72	456	244	177	270	185	570	77	521	260	0	187	338	572	331	|
|185	43	177	200	292	327	175	377	470	87	256	135	313	356	251	356	147	277	166	69	90	8	384	119	333	153	187	0	298	396	163	|
|266	326	210	108	6	158	302	395	497	302	346	345	67	88	537	266	367	492	133	232	355	306	474	283	460	154	338	298	0	410	251	|
|216	374	251	344	406	266	222	19	88	313	144	284	353	372	451	159	543	289	370	396	348	402	112	496	156	337	572	396	410	0	241	|
|26	153	42	148	245	199	52	222	322	94	116	108	229	268	319	198	306	242	152	155	149	169	256	255	223	116	331	163	251	241	0	|

--------------------------------------------------------------------------------
Building model...
	using lazy and cut (CVRPSEP package)
Solving IRP LP...
--------------------------------------------------------------------------------

Gurobi 9.1.0 (linux64) logging started Sat Feb 13 01:18:42 2021

Gurobi Optimizer version 9.1.0 build v9.1.0rc0 (linux64)
Thread count: 32 physical cores, 32 logical processors, using up to 2 threads
Optimize a model with 1351 rows, 8014 columns and 20098 nonzeros
Model fingerprint: 0x51b27fb9
Variable types: 574 continuous, 7440 integer (465 binary)
Coefficient statistics:
  Matrix range     [1e+00, 6e+02]
  Objective range  [1e-02, 7e+02]
  Bounds range     [1e+00, 3e+02]
  RHS range        [1e+00, 5e+03]
Presolve removed 334 rows and 181 columns
Presolve time: 0.11s
Presolved: 1017 rows, 7833 columns, 18263 nonzeros
Variable types: 362 continuous, 7471 integer (7003 binary)

Root relaxation: objective 2.465332e+03, 1534 iterations, 0.05 seconds

    Nodes    |    Current Node    |     Objective Bounds      |     Work
 Expl Unexpl |  Obj  Depth IntInf | Incumbent    BestBd   Gap | It/Node Time

     0     0 2465.33247    0  109          - 2465.33247      -     -    0s
     0     0 2678.07227    0  124          - 2678.07227      -     -    0s
     0     0 3070.59551    0  242          - 3070.59551      -     -    0s
     0     0 3073.34551    0  236          - 3073.34551      -     -    0s
     0     0 3073.45156    0  225          - 3073.45156      -     -    0s
     0     0 3302.34278    0  242          - 3302.34278      -     -    1s
     0     0 3337.51319    0  235          - 3337.51319      -     -    1s
     0     0 3340.21462    0  252          - 3340.21462      -     -    1s
     0     0 3340.29430    0  245          - 3340.29430      -     -    1s
     0     0 3456.18735    0  252          - 3456.18735      -     -    1s
     0     0 3462.46513    0  279          - 3462.46513      -     -    1s
     0     0 3467.61328    0  252          - 3467.61328      -     -    1s
     0     0 3470.83336    0  258          - 3470.83336      -     -    2s
     0     0 3471.13142    0  276          - 3471.13142      -     -    2s
     0     0 3528.60768    0  261          - 3528.60768      -     -    2s
     0     0 3545.22086    0  345          - 3545.22086      -     -    2s
     0     0 3567.99349    0  342          - 3567.99349      -     -    2s
     0     0 3581.54270    0  350          - 3581.54270      -     -    2s
     0     0 3590.76121    0  311          - 3590.76121      -     -    2s
     0     0 3591.43961    0  311          - 3591.43961      -     -    2s
     0     0 3646.72631    0  243          - 3646.72631      -     -    3s
     0     0 3655.33171    0  323          - 3655.33171      -     -    3s
     0     0 3657.91368    0  338          - 3657.91368      -     -    5s
     0     0 3659.84481    0  387          - 3659.84481      -     -    5s
     0     0 3659.94955    0  408          - 3659.94955      -     -    5s
     0     0 3668.66529    0  307          - 3668.66529      -     -    5s
     0     0 3671.95645    0  307          - 3671.95645      -     -    5s
     0     0 3672.44554    0  299          - 3672.44554      -     -    6s
     0     0 3673.27799    0  374          - 3673.27799      -     -    6s
     0     0 3673.27799    0  284          - 3673.27799      -     -    6s
     0     2 3678.18033    0  284          - 3678.18033      -     -    7s
    35    39 3737.36276   11  344          - 3693.74828      -   505   10s
    71    76 3923.71670   19  325          - 3693.74828      -   493   15s
   162   168 4462.91582   43  308          - 3693.74828      -   417   20s
   330   375 5498.94283   72  144          - 3693.74828      -   299   25s
*  491   496             203    8786.3600000 3693.74828  58.0%   222   27s
   540   523 5997.29181  103  182 8786.36000 3693.74828  58.0%   212   30s
   571   550 6131.19943  121  151 8786.36000 3693.74828  58.0%   210   36s
   596   579 6113.58116  134   75 8786.36000 3693.74828  58.0%   208   40s
   733   759 6646.67747  217   63 8786.36000 3693.74828  58.0%   191   45s
   839   859 7103.22611  298   67 8786.36000 3699.49516  57.9%   175   50s
   923   885 4506.51069   40  284 8786.36000 3699.49516  57.9%   169   55s
H  924   841                    8448.3200000 3699.49516  56.2%   169   56s
   932   846 5102.23819   67  530 8448.32000 3801.09979  55.0%   167   60s
   947   856 4092.73921   31  590 8448.32000 3867.22711  54.2%   165   65s
H  948   814                    7009.5600000 3871.26233  44.8%   164   72s
H  948   773                    6583.5600000 3871.26233  41.2%   164   74s
   953   776 5984.89828  108  552 6583.56000 3876.21552  41.1%   164   75s
   964   783 6583.56000  209  571 6583.56000 3893.29808  40.9%   162   80s
   975   792 6436.79037  179  241 6583.56000 3894.80028  40.8%   188   85s
   990   802 6583.56000  124  535 6583.56000 3895.62878  40.8%   185   90s
  1003   814 3907.46606   25  476 6583.56000 3904.17515  40.7%   204   95s
  1024   828 3924.39214   30  392 6583.56000 3924.35647  40.4%   220  100s
  1048   846 3952.45423   36  464 6583.56000 3938.05749  40.2%   231  105s
H 1077   824                    6450.5600000 3938.05749  39.0%   240  109s
  1087   835 3992.54042   44  471 6450.56000 3938.05749  39.0%   243  110s
  1118   856 4013.93749   52  425 6450.56000 3938.05749  39.0%   249  116s
  1166   891 4044.03934   62  386 6450.56000 3938.05749  39.0%   254  120s
  1260   966 4328.91635   78  277 6450.56000 3938.05749  39.0%   256  125s
  1459  1070 4600.84528   99  200 6450.56000 3938.05749  39.0%   239  131s
  1506  1093 4803.53752  115  196 6450.56000 3938.05749  39.0%   241  136s
  1563  1152 5071.19428  137  214 6450.56000 3938.05749  39.0%   241  140s
  1756  1250 4034.04013   35  419 6450.56000 3940.67429  38.9%   230  146s
  1832  1312 4304.38646   47  152 6450.56000 3940.67429  38.9%   235  151s
  1933  1376 4602.04125   59  154 6450.56000 3940.67429  38.9%   234  157s
  1959  1401 4575.87917   63  146 6450.56000 3940.67429  38.9%   234  160s
  2118  1502 6197.63318  160  159 6450.56000 3940.67429  38.9%   227  165s
  2269  1608 5934.01778  129   60 6450.56000 3948.78362  38.8%   219  170s
* 2347  1539             152    6364.3400000 3948.78362  38.0%   213  171s
  2401  1589 4148.86754   43  304 6364.34000 3948.78362  38.0%   217  176s
H 2420  1541                    6351.6100000 3948.78362  37.8%   217  176s
  2459  1594 4410.87170   57  260 6351.61000 3948.78362  37.8%   219  180s
  2540  1613 4846.05994   79  189 6351.61000 3948.78362  37.8%   220  189s
H 2541  1505                    6168.6100000 3948.78362  36.0%   220  189s
  2542  1507 4800.50999   80  193 6168.61000 3948.78362  36.0%   220  192s
  2589  1594 5192.71394   97   88 6168.61000 3948.78362  36.0%   219  195s
  2695  1643 4417.49321   33  341 6168.61000 3957.70980  35.8%   218  201s
  2840  1735 4223.52693   42  301 6168.61000 3957.75000  35.8%   216  206s
  2926  1769 4745.08197   66  229 6168.61000 3957.75000  35.8%   214  212s
  2992  1813 5608.12987   99  163 6168.61000 3959.13876  35.8%   213  215s
  3170  1889 4394.78369   30  292 6168.61000 3985.36182  35.4%   207  220s
  3249  1951 4405.66868   42  359 6168.61000 3985.36182  35.4%   208  226s
  3336  2067 4596.41232   61  263 6168.61000 3985.36182  35.4%   211  233s
  3400  2183 4683.69754   72  304 6168.61000 3985.36182  35.4%   212  237s
  3551  2233 5173.31110   83  238 6168.61000 3985.36182  35.4%   208  241s
  3601  2326 5363.76824   98  230 6168.61000 3985.36182  35.4%   209  246s
  3694  2390 6092.40742  120  174 6168.61000 3985.85754  35.4%   208  251s
  3782  2450 4924.46269   51  181 6168.61000 3985.95675  35.4%   208  256s
  3862  2494 4337.72578   31  363 6168.61000 3985.99400  35.4%   208  260s
  3906  2564 4902.09659   55  252 6168.61000 3985.99400  35.4%   209  269s
  3978  2632 infeasible   91      6168.61000 3992.25574  35.3%   209  274s
  4070  2679 5089.21145   79  140 6168.61000 3992.36035  35.3%   209  280s
  4172  2737 4081.84307   36  451 6168.61000 4000.27754  35.2%   209  289s
  4197  2787 4186.43231   42  453 6168.61000 4000.27754  35.2%   211  293s
  4247  2882 4263.19324   49  328 6168.61000 4000.27754  35.2%   212  300s
  4344  2973 4625.46583   60  173 6168.61000 4000.27754  35.2%   212  307s
  4445  3078 5264.96187   95  162 6168.61000 4000.78498  35.1%   212  314s
* 4498  2482             122    5586.3900000 4000.78498  28.4%   210  314s
  4579  2521 4811.50547   47  263 5586.39000 4002.39301  28.4%   210  320s
  4657  2587 5272.03149   80  159 5586.39000 4002.96457  28.3%   211  327s
  4751  2639 4194.39954   47  480 5586.39000 4002.96457  28.3%   211  333s
  4803  2733 4665.01004   70  358 5586.39000 4006.46974  28.3%   213  340s
  4921  2753 4740.76210   40  287 5586.39000 4006.46974  28.3%   212  347s
  4951  2824 4816.21120   47  299 5586.39000 4011.52090  28.2%   214  353s
  5032  2880 4527.42820   47  282 5586.39000 4012.07663  28.2%   214  360s
  5120  2972 4438.25969   37  445 5586.39000 4018.37373  28.1%   215  368s
  5236  3075 4116.31244   45  451 5586.39000 4023.96294  28.0%   215  374s
  5351  3112 5394.76710   93  184 5586.39000 4024.11744  28.0%   215  382s
  5436  3194 4319.03608   36  614 5586.39000 4024.48446  28.0%   216  389s
  5464  3194 4661.77162   63  293 5586.39000 4024.48446  28.0%   217  390s
  5539  3257 4755.81178   64  350 5586.39000 4025.12437  27.9%   216  397s
  5616  3352 4576.63312   37  243 5586.39000 4029.75262  27.9%   217  405s
  5731  3446 4313.76558   49  369 5586.39000 4030.82785  27.8%   217  413s
  5839  3502 4245.61333   33  421 5586.39000 4030.82785  27.8%   218  421s
  5905  3508 4485.14285   43  270 5586.39000 4030.82785  27.8%   220  447s
H 5907  3263                    5450.3900000 4030.82785  26.0%   220  447s
  5911  3348 4631.82652   44  307 5450.39000 4030.82785  26.0%   220  456s
  6008  3437 5089.03141   67  143 5450.39000 4036.55434  25.9%   221  465s
  6136  3501 5183.75686   52  111 5450.39000 4042.90354  25.8%   222  474s
  6218  3553 4460.87330   44  286 5450.39000 4044.48414  25.8%   223  483s
  6270  3724 4531.97531   55  303 5450.39000 4044.48414  25.8%   225  494s
  6465  3758 4961.54922   77  143 5450.39000 4044.48414  25.8%   224  507s
  6507  3910 4959.00164   76  225 5450.39000 4048.99150  25.7%   224  518s
  6706  3985 5355.18165  126   24 5450.39000 4049.26371  25.7%   223  527s
  6793  4094 4860.51466   68  267 5450.39000 4049.81641  25.7%   223  536s
  6926  4210 5090.96400   68  187 5450.39000 4056.02695  25.6%   223  546s
  7093  4293 4153.39229   42  207 5450.39000 4058.10383  25.5%   222  557s
  7194  4363 4477.80543   46  129 5450.39000 4059.25069  25.5%   223  567s
  7274  4489 4401.46594   40  482 5450.39000 4061.26862  25.5%   224  582s
  7436  4603 4377.38753   44  356 5450.39000 4062.36955  25.5%   225  595s
  7579  4756 4623.64255   57  209 5450.39000 4062.96624  25.5%   225  608s
  7754  4847 5011.42229   64  130 5450.39000 4063.92746  25.4%   225  621s
H 7865  4161                    5256.3900000 4064.40959  22.7%   226  639s
H 7866  4160                    5255.8000000 4064.40959  22.7%   226  639s
  7874  4233 4825.77665   48  219 5255.80000 4064.76275  22.7%   226  651s
  7968  4309 4270.13737   36  397 5255.80000 4064.76275  22.7%   228  664s
  8070  4384 4344.04091   36  491 5255.80000 4066.27576  22.6%   230  676s
  8172  4483 4305.78145   62  422 5255.80000 4070.34562  22.6%   232  689s
  8299  4584 4622.01132   45  301 5255.80000 4071.38422  22.5%   233  703s
  8415  4698 4530.09847   44  261 5255.80000 4073.19259  22.5%   234  718s
  8577  4783 4274.87297   33  266 5255.80000 4073.97669  22.5%   235  732s
  8692  4925 4256.61567   37  325 5255.80000 4075.67290  22.5%   237  749s
  8867  5041 4772.96817   65  354 5255.80000 4080.02587  22.4%   237  763s
  9031  5123 4321.10593   43  307 5255.80000 4085.40927  22.3%   237  778s
  9137  5214 4743.20068   59  328 5255.80000 4088.20984  22.2%   239  792s
  9278  5303 4382.45162   27  370 5255.80000 4092.47720  22.1%   239  806s
  9387  5387 4488.07695   37  350 5255.80000 4094.65592  22.1%   241  820s
  9473  5454 5113.72010   65  169 5255.80000 4095.26377  22.1%   242  835s
  9594  5535 4547.46216   41  397 5255.80000 4096.97917  22.0%   243  850s
  9717  5633 4259.68620   35  440 5255.80000 4100.11028  22.0%   244  865s
  9833  5741 4750.56574   73  199 5255.80000 4100.33520  22.0%   245  881s
 10011  5844 4640.06181   58  346 5255.80000 4100.95802  22.0%   245  896s
 10129  5949 4491.45026   47  312 5255.80000 4103.06378  21.9%   246  912s
 10234  6019 5048.10911   68  141 5255.80000 4103.68561  21.9%   247  928s
 10367  6135 4616.00459   54  318 5255.80000 4105.39096  21.9%   248  943s
 10508  6202 4587.62866   37  248 5255.80000 4106.49317  21.9%   249  959s
 10551  6202 5180.77886   52  178 5255.80000 4106.49317  21.9%   249  960s
 10613  6291 4846.72578   41  350 5255.80000 4108.42194  21.8%   250  974s
 10723  6374 4356.54491   46  463 5255.80000 4108.67718  21.8%   251  989s
 10830  6420 5051.51984   60  225 5255.80000 4109.82485  21.8%   252 1006s
 10904  6493 4800.10081   75  309 5255.80000 4116.58711  21.7%   253 1022s
 10997  6607 4480.84294   40  370 5255.80000 4117.39623  21.7%   254 1040s
 11147  6758 4536.88115   53  295 5255.80000 4118.69261  21.6%   255 1058s
 11362  6840 4406.02739   56  485 5255.80000 4119.84902  21.6%   254 1075s
 11460  6947 4904.59290   54  286 5255.80000 4120.66450  21.6%   255 1091s
 11613  7068 4722.22401   53  450 5255.80000 4122.23557  21.6%   256 1107s
 11753  7142 5086.35612   63  340 5255.80000 4122.40676  21.6%   256 1124s
 11898  7221 4420.65122   49  438 5255.80000 4126.95946  21.5%   256 1140s
 11997  7315 4719.15099   55  279 5255.80000 4127.39888  21.5%   258 1157s
 12118  7418 4792.52227   58  195 5255.80000 4130.39869  21.4%   259 1174s
 12205  7418 4496.80811   33  493 5255.80000 4130.39869  21.4%   259 1175s
 12247  7519 4735.65868   34  220 5255.80000 4130.74394  21.4%   259 1192s
 12394  7625     cutoff   64      5255.80000 4132.17927  21.4%   260 1209s
 12542  7713 4565.37989   39  185 5255.80000 4132.61804  21.4%   260 1227s
 12677  7800 4244.13950   38  562 5255.80000 4132.85531  21.4%   261 1245s
 12790  7885 4571.07217   52  459 5255.80000 4132.85531  21.4%   262 1267s
 12889  7967 5001.51101   69  233 5255.80000 4135.72703  21.3%   262 1284s
 12930  7967 4758.27570   55  292 5255.80000 4135.75129  21.3%   263 1285s
 12987  8058 4647.95851   44  369 5255.80000 4135.80344  21.3%   264 1302s
 13098  8131 4348.03133   40  391 5255.80000 4136.04600  21.3%   265 1319s
 13205  8211 4431.20634   39  466 5255.80000 4137.59417  21.3%   266 1337s
 13301  8316 4781.89180   48  325 5255.80000 4137.59417  21.3%   267 1355s
 13416  8391 5021.92558   72  251 5255.80000 4138.98289  21.2%   268 1373s
 13536  8468 4902.14135   56  226 5255.80000 4141.12470  21.2%   268 1391s
 13659  8562 4688.22589   48  409 5255.80000 4141.48768  21.2%   269 1408s
 13784  8640 4518.87366   40  368 5255.80000 4141.89829  21.2%   270 1426s
 13862  8734 5024.96678   68  218 5255.80000 4141.89938  21.2%   272 1445s
 13993  8862 4842.65121   50  269 5255.80000 4142.53197  21.2%   272 1466s
 14210  8934 4838.59432   33  259 5255.80000 4143.47915  21.2%   272 1487s
 14309  9063 4625.54037   37  258 5255.80000 4143.86141  21.2%   273 1507s
 14446  9198 4428.42500   38  441 5255.80000 4144.29842  21.1%   274 1528s
 14603  9287 4993.54781   89  345 5255.80000 4145.42699  21.1%   275 1547s
 14743  9385 4601.27981   47  331 5255.80000 4148.03516  21.1%   275 1567s
 14877  9461     cutoff   67      5255.80000 4151.29054  21.0%   275 1586s
 14998  9563 4503.77123   44  316 5255.80000 4153.15986  21.0%   276 1605s
 15116  9646 4489.68460   49  333 5255.80000 4153.40152  21.0%   276 1625s
 15236  9731 4731.48585   53  381 5255.80000 4153.95389  21.0%   277 1645s
 15345  9788 5184.73000   54  277 5255.80000 4154.71610  20.9%   278 1666s
 15438  9880     cutoff   79      5255.80000 4155.65424  20.9%   278 1685s
 15573  9966 4694.79035   61  509 5255.80000 4157.19121  20.9%   279 1703s
 15679 10022 4619.90136   56  513 5255.80000 4158.17768  20.9%   279 1722s
 15753 10092 4517.71553   53  324 5255.80000 4158.50448  20.9%   281 1741s
 15839 10172 5010.26388   65  223 5255.80000 4160.80589  20.8%   282 1761s
 15954 10251 5185.14350   49  267 5255.80000 4161.84469  20.8%   283 1780s
 16075 10324 5185.42738   73  294 5255.80000 4162.70197  20.8%   283 1800s
 16189 10403 4994.81477   53  287 5255.80000 4164.41405  20.8%   284 1830s
 16306 10514 4452.32968   44  374 5255.80000 4164.98994  20.8%   284 1850s
 16423 10622 5069.46069   62  316 5255.80000 4166.84961  20.7%   285 1871s
 16567 10724 4415.38406   33  337 5255.80000 4167.13812  20.7%   286 1893s
 16721 10870 4506.05324   40  354 5255.80000 4170.81963  20.6%   286 1914s
 16907 10964 4475.79881   41  290 5255.80000 4171.06136  20.6%   286 1936s
 17001 11086     cutoff   68      5255.80000 4171.06736  20.6%   287 1956s
 17176 11166 5100.04051   47  315 5255.80000 4173.95147  20.6%   287 1978s
 17296 11231 4714.09085   48  409 5255.80000 4174.88290  20.6%   288 1998s
 17420 11301 4458.44509   39  397 5255.80000 4177.50097  20.5%   288 2020s
 17506 11392 5078.74311   70  266 5255.80000 4178.40491  20.5%   289 2042s
 17667 11471 4701.43820   35  526 5255.80000 4179.44285  20.5%   289 2064s
 17713 11471 4915.78575   50  387 5255.80000 4179.53741  20.5%   289 2065s
 17770 11552 4881.20967   50  364 5255.80000 4180.08166  20.5%   290 2086s
 17883 11717 4829.28946   69  453 5255.80000 4182.73211  20.4%   290 2111s
 18088 11832 4468.96488   42  387 5255.80000 4183.45395  20.4%   290 2134s
 18244 11968 4648.64405   50  321 5255.80000 4183.78201  20.4%   290 2158s
 18423 12097 4539.83486   45  217 5255.80000 4185.22983  20.4%   290 2182s
 18571 12226 4680.34650   63  380 5255.80000 4185.45019  20.4%   290 2207s
 18759 12323 4656.16576   57  333 5255.80000 4186.33809  20.3%   290 2229s
 18882 12413 4654.61092   46  363 5255.80000 4187.48403  20.3%   291 2252s
 19016 12520 4494.25668   37  339 5255.80000 4188.49789  20.3%   291 2273s
 19123 12639 4682.33295   52  410 5255.80000 4189.55090  20.3%   292 2295s
 19286 12737 4334.47490   47  449 5255.80000 4189.85949  20.3%   292 2316s
 19410 12871 5031.93173   59  336 5255.80000 4191.55805  20.2%   293 2338s
 19591 12951 4699.93409   56  374 5255.80000 4192.36177  20.2%   293 2359s
 19727 13049 5215.36938   62   93 5255.80000 4193.15239  20.2%   293 2381s
 19892 13139 4629.32479   45  355 5255.80000 4194.64943  20.2%   293 2403s
 20008 13239 4749.39922   58  365 5255.80000 4194.70849  20.2%   294 2426s
 20137 13340 5070.38403   76  321 5255.80000 4194.94745  20.2%   295 2447s
 20296 13444 4644.99788   48  220 5255.80000 4195.81369  20.2%   295 2470s
 20488 13464 4352.10482   42  332 5255.80000 4196.48449  20.2%   295 2501s
 20536 13587 4479.33200   49  331 5255.80000 4196.88629  20.1%   295 2523s
 20701 13709 4540.15757   46  345 5255.80000 4197.71841  20.1%   295 2546s
 20867 13825 4775.05558   53  312 5255.80000 4198.67011  20.1%   296 2569s
 20950 13825 4540.99660   40  152 5255.80000 4198.92444  20.1%   296 2570s
 21007 13965 4848.17271   65  160 5255.80000 4199.27444  20.1%   296 2593s
*21080 12508              92    5141.2800000 4199.27444  18.3%   295 2593s
 21187 12580     cutoff   92      5141.28000 4199.79395  18.3%   296 2615s
 21308 12648 4855.05525   45  520 5141.28000 4200.34979  18.3%   297 2639s
H21420 12473                    5128.2800000 4200.52408  18.1%   297 2664s
H21491 10339                    5012.4700000 4202.26332  16.2%   297 2664s
 21522 10423 4704.08157   58  245 5012.47000 4202.34805  16.2%   297 2687s
 21678 10506 4887.98888   68  431 5012.47000 4203.36450  16.1%   297 2709s
 21793 10564 4661.62181   59  305 5012.47000 4204.96602  16.1%   298 2731s
 21895 10653 4459.79798   35  426 5012.47000 4207.15104  16.1%   299 2754s
 22023 10766 5003.00468   73  350 5012.47000 4207.69237  16.1%   299 2778s
 22182 10829 5008.41844   55  231 5012.47000 4209.24459  16.0%   300 2801s
 22284 10894 4669.25584   48  394 5012.47000 4210.68687  16.0%   300 2825s
 22389 10999 4771.36339   57  299 5012.47000 4211.92300  16.0%   301 2849s
 22545 11081 4888.47376   64  177 5012.47000 4212.69288  16.0%   301 2978s
 22688 11173 4577.70684   55  366 5012.47000 4214.44341  15.9%   302 3005s
 22836 11279 4467.91899   37  543 5012.47000 4216.35522  15.9%   302 3029s
 22894 11279 4570.90392   54  387 5012.47000 4216.50048  15.9%   302 3030s
 22994 11350 4657.98880   61  292 5012.47000 4217.44893  15.9%   302 3053s
 23119 11421 4858.92532   38  509 5012.47000 4219.62327  15.8%   303 3077s
 23249 11498 4688.95177   38  177 5012.47000 4220.00864  15.8%   303 3102s
 23391 11595 4431.08360   42  448 5012.47000 4220.50934  15.8%   304 3126s
 23536 11670 4451.85886   40  295 5012.47000 4221.96713  15.8%   304 3151s
 23655 11724 4870.90734   40  418 5012.47000 4222.95796  15.8%   305 3174s
H23717 11695                    5010.8600000 4222.95796  15.7%   305 3174s
 23786 11789 4588.29825   51  377 5010.86000 4223.46608  15.7%   305 3198s
 23912 11895 5004.49878   66  176 5010.86000 4223.83824  15.7%   306 3224s
 24079 11970 4443.03033   48  375 5010.86000 4225.28912  15.7%   306 3251s
 24213 12092 4671.34515   38  328 5010.86000 4227.01948  15.6%   307 3277s
 24390 12170 4610.23580   48  309 5010.86000 4227.44639  15.6%   307 3303s
 24535 12292 4427.11428   41  398 5010.86000 4228.91739  15.6%   307 3329s
 24720 12350 4384.61139   27  496 5010.86000 4229.88766  15.6%   307 3353s
 24820 12403 4521.01977   56  417 5010.86000 4230.27337  15.6%   307 3379s
 24881 12523 4774.08039   26  312 5010.86000 4230.47096  15.6%   308 3405s
 25063 12603 4381.07192   45  447 5010.86000 4231.55792  15.6%   308 3433s
 25177 12707 4794.56272   50  399 5010.86000 4232.18661  15.5%   309 3458s
 25321 12823     cutoff   54      5010.86000 4234.20349  15.5%   309 3483s
 25527 12921 4575.04089   35  343 5010.86000 4235.50718  15.5%   309 3509s
 25660 13005 4539.97057   49  184 5010.86000 4236.18024  15.5%   310 3535s
 25812 13085 4407.41793   65  312 5010.86000 4236.94206  15.4%   310 3560s
 25941 13154     cutoff   67      5010.86000 4237.65736  15.4%   311 3585s
 26073 13226 4964.85831   62  354 5010.86000 4239.57514  15.4%   311 3600s

Cutting planes:
  User: 7559
  Gomory: 18
  Cover: 505
  Implied bound: 173
  Projected implied bound: 13
  Clique: 26
  MIR: 67
  StrongCG: 1
  Flow cover: 282
  GUB cover: 2
  Zero half: 8
  RLT: 316
  Relax-and-lift: 17
  Lazy constraints: 456

Explored 26184 nodes (8156557 simplex iterations) in 3600.59 seconds
Thread count was 2 (of 32 available processors)

Solution count 10: 5010.86 5012.47 5128.28 ... 6351.61

Time limit reached
Best objective 5.010860000000e+03, best bound 4.240664393548e+03, gap 15.3705%

User-callback calls 316677, time in user-callback 143.24 sec
================================================================================
executing instance: ./input/Instances/Original/4/absH3low_3n10.dat
--------------------------------------------------------------------------------
Instance details
n	11
H	3
C	687
Li:
[0, 0, 0, 0, 0, 0, 0, 0, 0, 0, 0, ]
Ui:
[0, 189, 44, 174, 78, 36, 198, 117, 42, 96, 240, ]
Distance matrix:
|0	209	255	286	142	156	285	317	182	161	135	|
|209	0	464	451	315	356	490	469	361	299	260	|
|255	464	0	221	202	130	74	280	189	254	273	|
|286	451	221	0	145	156	164	479	354	153	192	|
|142	315	202	145	0	73	194	388	250	53	73	|
|156	356	130	156	73	0	134	332	200	127	144	|
|285	490	74	164	194	134	0	353	256	239	267	|
|317	469	280	479	388	332	353	0	141	436	430	|
|182	361	189	354	250	200	256	141	0	296	289	|
|161	299	254	153	53	127	239	436	296	0	39	|
|135	260	273	192	73	144	267	430	289	39	0	|

--------------------------------------------------------------------------------
Building model...
	using lazy and cut (CVRPSEP package)
Solving IRP LP...
--------------------------------------------------------------------------------

Gurobi 9.1.0 (linux64) logging started Sat Feb 13 02:18:43 2021

Gurobi Optimizer version 9.1.0 build v9.1.0rc0 (linux64)
Thread count: 32 physical cores, 32 logical processors, using up to 2 threads
Optimize a model with 491 rows, 1184 columns and 3758 nonzeros
Model fingerprint: 0x78a82bb2
Variable types: 194 continuous, 990 integer (165 binary)
Coefficient statistics:
  Matrix range     [1e+00, 2e+02]
  Objective range  [1e-02, 5e+02]
  Bounds range     [1e+00, 2e+02]
  RHS range        [1e+00, 1e+03]
Presolve removed 115 rows and 162 columns
Presolve time: 0.06s
Presolved: 376 rows, 1022 columns, 3050 nonzeros
Variable types: 110 continuous, 912 integer (754 binary)
Found heuristic solution: objective 6256.5200000

Root relaxation: objective 2.191072e+03, 701 iterations, 0.02 seconds

    Nodes    |    Current Node    |     Objective Bounds      |     Work
 Expl Unexpl |  Obj  Depth IntInf | Incumbent    BestBd   Gap | It/Node Time

     0     0 2191.07205    0   67 6256.52000 2191.07205  65.0%     -    0s
     0     0 2681.87086    0   67 6256.52000 2681.87086  57.1%     -    0s
H    0     0                    5021.9700000 2681.87086  46.6%     -    0s
     0     0 2922.06819    0   82 5021.97000 2922.06819  41.8%     -    0s
H    0     0                    4391.7100000 2922.06819  33.5%     -    0s
H    0     0                    4161.7100000 2922.06819  29.8%     -    0s
     0     0 2922.06819    0   79 4161.71000 2922.06819  29.8%     -    0s
     0     0 3029.74310    0  118 4161.71000 3029.74310  27.2%     -    0s
H    0     0                    3965.7100000 3029.74310  23.6%     -    0s
     0     0 3035.76459    0  122 3965.71000 3035.76459  23.4%     -    0s
     0     0 3037.86421    0  122 3965.71000 3037.86421  23.4%     -    0s
     0     0 3037.87010    0  123 3965.71000 3037.87010  23.4%     -    0s
     0     0 3093.63336    0  159 3965.71000 3093.63336  22.0%     -    0s
     0     0 3096.65739    0  155 3965.71000 3096.65739  21.9%     -    0s
     0     0 3096.93391    0  160 3965.71000 3096.93391  21.9%     -    0s
     0     0 3162.70227    0  178 3965.71000 3162.70227  20.2%     -    0s
     0     0 3175.00597    0  147 3965.71000 3175.00597  19.9%     -    0s
     0     0 3183.06570    0  139 3965.71000 3183.06570  19.7%     -    0s
     0     0 3183.77152    0  138 3965.71000 3183.77152  19.7%     -    0s
     0     0 3194.84721    0  207 3965.71000 3194.84721  19.4%     -    0s
     0     0 3199.40808    0  135 3965.71000 3199.40808  19.3%     -    0s
     0     0 3199.44580    0  128 3965.71000 3199.44580  19.3%     -    0s
     0     0 3208.63832    0  210 3965.71000 3208.63832  19.1%     -    0s
H    0     0                    3954.7100000 3208.63832  18.9%     -    0s
     0     0 3213.17683    0  204 3954.71000 3213.17683  18.8%     -    0s
     0     0 3214.06331    0  209 3954.71000 3214.06331  18.7%     -    0s
     0     0 3217.54161    0  172 3954.71000 3217.54161  18.6%     -    0s
     0     0 3218.60994    0  190 3954.71000 3218.60994  18.6%     -    0s
     0     0 3222.00909    0  183 3954.71000 3222.00909  18.5%     -    0s
     0     0 3222.00909    0  183 3954.71000 3222.00909  18.5%     -    0s
H    0     0                    3712.3200000 3223.81822  13.2%     -    0s
     0     2 3224.43674    0  172 3712.32000 3224.43674  13.1%     -    0s
  1102   419 3637.63026   14   54 3712.32000 3395.95766  8.52%  75.0    5s
  2894   468     cutoff    7      3712.32000 3540.01037  4.64%  70.5   10s

Cutting planes:
  User: 18
  Gomory: 3
  Cover: 160
  Implied bound: 111
  Clique: 23
  MIR: 50
  StrongCG: 9
  Flow cover: 76
  Inf proof: 1
  Network: 4
  RLT: 95
  Relax-and-lift: 37
  Lazy constraints: 3

Explored 4215 nodes (272949 simplex iterations) in 12.93 seconds
Thread count was 2 (of 32 available processors)

Solution count 7: 3712.32 3954.71 3965.71 ... 6256.52

Optimal solution found (tolerance 1.00e-04)
Best objective 3.712320000000e+03, best bound 3.712320000000e+03, gap 0.0000%

User-callback calls 10323, time in user-callback 1.38 sec
================================================================================
executing instance: ./input/Instances/Original/4/absH3low_3n15.dat
--------------------------------------------------------------------------------
Instance details
n	16
H	3
C	1267
Li:
[0, 0, 0, 0, 0, 0, 0, 0, 0, 0, 0, 0, 0, 0, 0, 0, ]
Ui:
[0, 156, 267, 148, 144, 87, 33, 171, 76, 141, 270, 282, 60, 110, 172, 57, ]
Distance matrix:
|0	229	567	76	58	96	306	409	310	423	108	346	165	347	159	256	|
|229	0	482	243	279	155	375	525	251	419	158	373	65	123	329	246	|
|567	482	0	506	622	483	342	439	259	200	467	274	486	433	501	312	|
|76	243	506	0	119	88	230	337	255	352	88	272	179	347	94	194	|
|58	279	622	119	0	154	345	431	366	471	166	391	217	399	179	310	|
|96	155	483	88	154	0	266	397	224	358	17	289	92	262	176	179	|
|306	375	342	230	345	266	0	158	184	148	251	68	332	423	181	140	|
|409	525	439	337	431	397	158	0	340	244	386	201	476	581	253	298	|
|310	251	259	255	366	224	184	340	0	170	208	146	238	257	274	66	|
|423	419	200	352	471	358	148	244	170	0	341	84	396	424	323	182	|
|108	158	467	88	166	17	251	386	208	341	0	273	96	259	172	162	|
|346	373	274	272	391	289	68	201	146	84	273	0	340	400	239	127	|
|165	65	486	179	217	92	332	476	238	396	96	340	0	182	267	216	|
|347	123	433	347	399	262	423	581	257	424	259	400	182	0	423	283	|
|159	329	501	94	179	176	181	253	274	323	172	239	267	423	0	208	|
|256	246	312	194	310	179	140	298	66	182	162	127	216	283	208	0	|

--------------------------------------------------------------------------------
Building model...
	using lazy and cut (CVRPSEP package)
Solving IRP LP...
--------------------------------------------------------------------------------

Gurobi 9.1.0 (linux64) logging started Sat Feb 13 02:18:56 2021

Gurobi Optimizer version 9.1.0 build v9.1.0rc0 (linux64)
Thread count: 32 physical cores, 32 logical processors, using up to 2 threads
Optimize a model with 706 rows, 2329 columns and 6718 nonzeros
Model fingerprint: 0xd594dc95
Variable types: 289 continuous, 2040 integer (240 binary)
Coefficient statistics:
  Matrix range     [1e+00, 3e+02]
  Objective range  [1e-02, 6e+02]
  Bounds range     [1e+00, 3e+02]
  RHS range        [1e+00, 2e+03]
Presolve removed 169 rows and 91 columns
Presolve time: 0.06s
Presolved: 537 rows, 2238 columns, 5884 nonzeros
Variable types: 182 continuous, 2056 integer (1821 binary)

Root relaxation: objective 2.105739e+03, 815 iterations, 0.02 seconds

    Nodes    |    Current Node    |     Objective Bounds      |     Work
 Expl Unexpl |  Obj  Depth IntInf | Incumbent    BestBd   Gap | It/Node Time

     0     0 2105.73907    0   96          - 2105.73907      -     -    0s
     0     0 2530.90998    0   94          - 2530.90998      -     -    0s
     0     0 2581.20401    0  116          - 2581.20401      -     -    0s
     0     0 2586.39754    0  110          - 2586.39754      -     -    0s
     0     0 2586.74979    0  108          - 2586.74979      -     -    0s
     0     0 2586.74979    0  111          - 2586.74979      -     -    0s
     0     0 2788.16348    0  126          - 2788.16348      -     -    0s
     0     0 2843.62705    0  165          - 2843.62705      -     -    0s
     0     0 2844.60268    0  171          - 2844.60268      -     -    0s
     0     0 2845.25206    0  172          - 2845.25206      -     -    0s
     0     0 2845.25206    0  179          - 2845.25206      -     -    0s
     0     0 2928.61313    0  184          - 2928.61313      -     -    0s
     0     0 2937.05893    0  170          - 2937.05893      -     -    0s
     0     0 2939.91848    0  176          - 2939.91848      -     -    0s
     0     0 2940.66399    0  179          - 2940.66399      -     -    0s
     0     0 2984.45458    0  185          - 2984.45458      -     -    0s
     0     0 2986.51548    0  179          - 2986.51548      -     -    0s
     0     0 2986.59279    0  190          - 2986.59279      -     -    0s
     0     0 2991.38175    0  227          - 2991.38175      -     -    0s
     0     0 2991.38175    0  221          - 2991.38175      -     -    0s
     0     2 2997.31585    0  203          - 2997.31585      -     -    0s
*  225   219              89    7896.6800000 3014.17271  61.8%   161    3s
*  229   219              86    7444.3000000 3014.17271  59.5%   161    3s
H  230   219                    7270.3400000 3014.17271  58.5%   161    3s
H  282   260                    6453.7600000 3014.17271  53.3%   157    3s
H  285   249                    5952.4000000 3014.17271  49.4%   159    4s
   332   294 3401.11700    7  185 5952.40000 3054.96924  48.7%   170    5s
H  362   252                    5075.0600000 3054.96924  39.8%   168    5s
H  372   249                    4917.3000000 3054.96924  37.9%   167    5s
H  398   256                    4867.3000000 3054.96924  37.2%   163    5s
H  400   245                    4776.3000000 3054.96924  36.0%   163    5s
   727   471 4485.84246   24  221 4776.30000 3141.65859  34.2%   141   10s
H  728   448                    4771.3000000 3141.65859  34.2%   141   10s
H  744   435                    4654.3000000 3141.65859  32.5%   138   13s
   756   447 3141.65859   13  229 4654.30000 3141.65859  32.5%   150   15s
H  925   499                    4602.3000000 3141.65859  31.7%   162   19s
H  952   501                    4590.5600000 3141.65859  31.6%   166   20s
