




arguments: ./build/bc_mirp -f ./input/orig_exec_206.cfg
Current dir: /scratch/gui/bc_mirp
File verbosity level: 9
date       time         ( uptime  ) [ thread name/id ]                   file:line     v| 
2021-02-14 07:25:04.471 (   0.712s) [main thread     ]             loguru.cpp:789   INFO| Logging to './output/vi_vc+hc1_full/OU/V3/Original/execution_14_02_2021_07_25_04.log', mode: 'a', verbosity: 9
--------------------------------------------------------------------------------
Parameters
                           instance_path           ./input/Instances/Original/5/
                            model_policy                                       1
                             nb_vehicles                                       3
                              output_dir ./output/vi_vc+hc1_full/OU/V3/Original/
                            sec_strategy                                       1
                       solver_nb_threads                                       2
                         solver_show_log                                    true
                       solver_time_limit                                    3600
                              use_vi_cos                                   false
                              use_vi_cus                                   false
                         use_vi_hc1_full                                    true
                         use_vi_hc1_half                                   false
                      use_vi_hc1_quarter                                   false
                              use_vi_hc2                                   false
                              use_vi_hc3                                   false
                         use_vi_lex_full                                   false
                         use_vi_lex_half                                   false
                      use_vi_lex_quarter                                   false
                              use_vi_qua                                   false
                               use_vi_vc                                    true
                               use_vi_vr                                   false
--------------------------------------------------------------------------------
executing instance: ./input/Instances/Original/5/absH3low_4n50.dat
--------------------------------------------------------------------------------
Instance details
n	51
H	3
C	4066
Li:
[0, 0, 0, 0, 0, 0, 0, 0, 0, 0, 0, 0, 0, 0, 0, 0, 0, 0, 0, 0, 0, 0, 0, 0, 0, 0, 0, 0, 0, 0, 0, 0, 0, 0, 0, 0, 0, 0, 0, 0, 0, 0, 0, 0, 0, 0, 0, 0, 0, 0, 0, ]
Ui:
[0, 108, 126, 122, 66, 120, 48, 30, 128, 54, 158, 198, 36, 66, 210, 234, 147, 297, 171, 128, 116, 120, 219, 70, 294, 207, 134, 128, 234, 122, 22, 183, 195, 255, 132, 124, 66, 189, 219, 66, 128, 102, 288, 66, 87, 136, 36, 39, 282, 36, 237, ]
Distance matrix:
|0	210	444	498	509	104	438	228	487	304	456	434	526	476	163	47	293	396	293	290	313	85	280	437	293	336	409	106	449	376	433	478	193	404	404	534	278	181	380	507	189	438	263	473	353	216	202	218	452	254	465	|
|210	0	299	507	359	106	345	409	358	411	320	402	555	448	136	200	289	264	306	427	141	222	83	348	264	320	283	303	380	208	258	357	170	348	475	542	243	347	355	379	65	479	172	373	355	251	112	229	402	210	300	|
|444	299	0	363	65	358	116	542	66	440	26	241	425	272	282	407	251	51	276	490	159	397	224	124	217	237	48	490	170	99	83	74	261	180	430	385	214	479	231	85	270	390	184	116	271	300	409	276	210	215	54	|
|498	507	363	0	385	482	246	424	326	254	343	123	63	93	388	452	221	337	211	314	428	414	480	239	243	187	324	463	194	418	438	307	346	188	156	36	264	392	156	326	444	87	340	258	154	286	603	294	153	297	417	|
|509	359	65	385	0	422	145	602	59	492	59	269	448	292	348	472	305	115	329	545	218	462	281	152	274	286	106	554	192	153	116	78	326	216	472	403	274	540	271	63	334	425	249	127	316	361	468	337	233	278	69	|
|104	106	358	482	422	0	372	309	408	337	374	396	521	441	98	96	262	314	271	342	215	124	177	373	249	302	329	198	394	281	337	402	139	353	419	518	230	250	343	428	90	437	188	405	328	200	134	188	406	199	372	|
|438	345	116	246	145	372	0	485	87	357	97	126	309	155	279	394	180	101	200	414	223	373	288	8	157	150	84	459	53	188	196	68	245	72	328	269	165	427	128	97	297	280	184	36	175	250	456	233	94	184	170	|
|228	409	542	424	602	309	485	0	561	170	544	419	424	446	298	214	305	491	286	115	462	187	457	480	331	339	496	124	470	510	565	545	295	424	279	454	329	66	376	576	363	340	370	520	330	242	429	266	453	328	581	|
|487	358	66	326	59	408	87	561	0	441	40	211	389	233	324	446	258	95	281	497	220	431	287	95	230	234	79	522	133	164	146	19	297	160	415	344	233	500	215	21	323	367	224	68	261	320	470	299	174	242	106	|
|304	411	440	254	492	337	357	170	441	0	434	266	255	286	275	266	189	392	164	63	408	225	428	351	224	207	392	234	330	438	484	424	250	287	112	284	232	149	233	453	349	170	302	389	185	168	471	195	305	248	487	|
|456	320	26	343	59	374	97	544	40	434	0	223	406	252	294	418	247	60	271	487	181	405	247	105	215	229	49	498	149	124	109	48	270	165	419	364	215	482	218	60	288	375	194	92	261	302	431	279	190	220	75	|
|434	402	241	123	269	396	126	419	211	266	223	0	185	46	298	387	140	213	145	328	310	355	366	118	147	97	201	425	78	295	315	191	256	65	211	151	166	371	53	215	343	157	231	145	90	220	505	217	41	198	295	|
|526	555	425	63	448	521	309	424	389	255	406	185	0	156	430	481	266	398	252	310	485	442	534	301	293	237	386	480	257	478	500	370	390	249	145	55	313	401	212	389	491	89	392	321	201	322	646	334	216	345	479	|
|476	448	272	93	292	441	155	446	233	286	252	46	156	0	343	429	183	250	184	348	353	396	411	148	192	140	236	461	102	334	350	214	302	106	214	113	212	402	98	233	389	151	277	165	125	261	551	260	62	244	325	|
|163	136	282	388	348	98	279	298	324	275	294	298	430	343	0	124	167	234	178	296	167	121	162	279	151	205	247	216	297	224	280	316	42	256	340	423	132	232	246	344	74	349	100	314	233	115	216	97	308	101	307	|
|47	200	407	452	472	96	394	214	446	266	418	387	481	429	124	0	246	358	245	259	284	41	261	392	247	289	370	103	403	345	402	436	150	358	361	488	232	158	333	466	165	393	223	430	306	168	217	171	406	210	431	|
|293	289	251	221	305	262	180	305	258	189	247	140	266	183	167	246	0	204	26	240	238	215	276	175	37	43	203	289	169	255	297	242	125	122	202	257	52	248	87	272	225	191	134	215	67	80	382	77	163	81	298	|
|396	264	51	337	115	314	101	491	95	392	60	213	398	250	234	358	204	0	229	442	130	347	196	108	169	194	19	440	152	87	102	93	211	149	390	363	165	428	194	116	228	355	134	117	230	250	376	225	189	164	95	|
|293	306	276	211	329	271	200	286	281	164	271	145	252	184	178	245	26	229	0	216	262	212	297	195	63	53	228	280	184	280	323	264	138	137	178	248	76	232	95	294	241	173	156	234	60	77	395	83	172	102	324	|
|290	427	490	314	545	342	414	115	497	63	487	328	310	348	296	259	240	442	216	0	443	220	456	408	273	264	443	204	390	479	529	480	278	346	165	343	278	115	293	509	369	229	340	447	244	202	473	230	366	288	536	|
|313	141	159	428	218	215	223	462	220	408	181	310	485	353	167	284	238	130	262	443	0	288	67	228	202	252	149	382	267	67	122	221	168	247	440	459	186	396	273	241	125	423	107	245	291	242	251	214	297	162	160	|
|85	222	397	414	462	124	373	187	431	225	405	355	442	396	121	41	215	347	212	220	288	0	273	371	221	258	357	95	378	344	401	420	136	331	321	450	208	126	302	450	177	353	213	409	272	136	253	143	377	190	426	|
|280	83	224	480	281	177	288	457	287	428	247	366	534	411	162	261	276	196	297	456	67	273	0	292	243	298	215	363	329	128	176	288	179	305	475	513	224	392	324	307	96	466	143	311	335	261	187	235	357	195	219	|
|437	348	124	239	152	373	8	480	95	351	105	118	301	148	279	392	175	108	195	408	228	371	292	0	154	144	91	456	46	194	203	76	244	65	320	261	163	423	121	103	299	273	185	40	168	247	459	230	86	183	178	|
|293	264	217	243	274	249	157	331	230	224	215	147	293	192	151	247	37	169	63	273	202	221	243	154	0	57	170	303	157	217	260	215	110	111	238	278	21	271	94	245	201	223	100	193	92	93	362	78	160	54	263	|
|336	320	237	187	286	302	150	339	234	207	229	97	237	140	205	289	43	194	53	264	252	258	298	144	57	0	190	331	131	257	294	216	163	84	197	221	77	285	44	246	258	172	155	183	39	123	418	119	120	110	288	|
|409	283	48	324	106	329	84	496	79	392	49	201	386	236	247	370	203	19	228	443	149	357	215	91	170	190	0	449	136	105	114	75	221	138	384	349	168	434	185	99	245	346	146	98	224	255	394	231	174	171	99	|
|106	303	490	463	554	198	459	124	522	234	498	425	480	461	216	103	289	440	280	204	382	95	363	456	303	331	449	0	458	439	496	510	229	410	344	498	293	89	374	540	267	391	307	495	336	211	308	226	451	280	520	|
|449	380	170	194	192	394	53	470	133	330	149	78	257	102	297	403	169	152	184	390	267	378	329	46	157	131	136	458	0	238	249	114	259	47	287	216	171	416	96	137	327	235	211	67	145	247	488	235	41	197	223	|
|376	208	99	418	153	281	188	510	164	438	124	295	478	334	224	345	255	87	280	479	67	344	128	194	217	257	105	439	238	0	57	169	216	230	453	445	206	445	268	184	191	427	141	202	296	278	315	250	274	191	92	|
|433	258	83	438	116	337	196	565	146	484	109	315	500	350	280	402	297	102	323	529	122	401	176	203	260	294	114	496	249	57	0	157	271	252	490	463	251	499	296	162	247	457	195	199	331	329	362	302	288	241	47	|
|478	357	74	307	78	402	68	545	19	424	48	191	370	214	316	436	242	93	264	480	221	420	288	76	215	216	75	510	114	169	157	0	287	141	396	325	219	485	196	31	319	347	216	49	243	306	469	286	154	230	120	|
|193	170	261	346	326	139	245	295	297	250	270	256	390	302	42	150	125	211	138	278	168	136	179	244	110	163	221	229	259	216	271	287	0	216	305	382	91	229	204	316	105	310	78	280	192	83	257	60	268	62	292	|
|404	348	180	188	216	353	72	424	160	287	165	65	249	106	256	358	122	149	137	346	247	331	305	65	111	84	138	410	47	230	252	141	216	0	255	215	126	369	56	168	292	210	177	102	103	200	454	189	54	155	234	|
|404	475	430	156	472	419	328	279	415	112	419	211	145	214	340	361	202	390	178	165	440	321	475	320	238	197	384	344	287	453	490	396	305	255	0	181	254	261	201	422	410	69	335	353	160	225	551	246	252	280	482	|
|534	542	385	36	403	518	269	454	344	284	364	151	55	113	423	488	257	363	248	343	459	450	513	261	278	221	349	498	216	445	463	325	382	215	181	0	298	425	189	342	479	115	373	276	190	323	638	330	175	332	439	|
|278	243	214	264	274	230	165	329	233	232	215	166	313	212	132	232	52	165	76	278	186	208	224	163	21	77	168	293	171	206	251	219	91	126	254	298	0	267	114	250	181	242	82	202	112	88	341	68	177	33	258	|
|181	347	479	392	540	250	427	66	500	149	482	371	401	402	232	158	248	428	232	115	396	126	392	423	271	285	434	89	416	445	499	485	229	369	261	425	267	0	325	516	298	313	305	463	281	180	375	203	403	264	516	|
|380	355	231	156	271	343	128	376	215	233	218	53	212	98	246	333	87	194	95	293	273	302	324	121	94	44	185	374	96	268	296	196	204	56	201	189	114	325	0	224	294	161	185	157	49	167	455	163	78	147	284	|
|507	379	85	326	63	428	97	576	21	453	60	215	389	233	344	466	272	116	294	509	241	450	307	103	245	246	99	540	137	184	162	31	316	168	422	342	250	516	224	0	344	371	244	70	271	337	490	317	176	261	120	|
|189	65	270	444	334	90	297	363	323	349	288	343	491	389	74	165	225	228	241	369	125	177	96	299	201	258	245	267	327	191	247	319	105	292	410	479	181	298	294	344	0	414	116	328	291	187	163	165	345	147	282	|
|438	479	390	87	425	437	280	340	367	170	375	157	89	151	349	393	191	355	173	229	423	353	466	273	223	172	346	391	235	427	457	347	310	210	69	115	242	313	161	371	414	0	323	301	133	238	565	253	197	273	444	|
|263	172	184	340	249	188	184	370	224	302	194	231	392	277	100	223	134	134	156	340	107	213	143	185	100	155	146	307	211	141	195	216	78	177	335	373	82	305	185	244	116	323	0	217	192	138	278	110	230	55	214	|
|473	373	116	258	127	405	36	520	68	389	92	145	321	165	314	430	215	117	234	447	245	409	311	40	193	183	98	495	67	202	199	49	280	102	353	276	202	463	157	70	328	301	217	0	205	286	485	269	106	220	167	|
|353	355	271	154	316	328	175	330	261	185	261	90	201	125	233	306	67	230	60	244	291	272	335	168	92	39	224	336	145	296	331	243	192	103	160	190	112	281	49	271	291	133	192	205	0	138	449	141	123	145	323	|
|216	251	300	286	361	200	250	242	320	168	302	220	322	261	115	168	80	250	77	202	242	136	261	247	93	123	255	211	247	278	329	306	83	200	225	323	88	180	167	337	187	238	138	286	138	0	328	28	243	88	340	|
|202	112	409	603	468	134	456	429	470	471	431	505	646	551	216	217	382	376	395	473	251	253	187	459	362	418	394	308	488	315	362	469	257	454	551	638	341	375	455	490	163	565	278	485	449	328	0	313	508	308	406	|
|218	229	276	294	337	188	233	266	299	195	279	217	334	260	97	171	77	225	83	230	214	143	235	230	78	119	231	226	235	250	302	286	60	189	246	330	68	203	163	317	165	253	110	269	141	28	313	0	235	61	315	|
|452	402	210	153	233	406	94	453	174	305	190	41	216	62	308	406	163	189	172	366	297	377	357	86	160	120	174	451	41	274	288	154	268	54	252	175	177	403	78	176	345	197	230	106	123	243	508	235	0	207	264	|
|254	210	215	297	278	199	184	328	242	248	220	198	345	244	101	210	81	164	102	288	162	190	195	183	54	110	171	280	197	191	241	230	62	155	280	332	33	264	147	261	147	273	55	220	145	88	308	61	207	0	253	|
|465	300	54	417	69	372	170	581	106	487	75	295	479	325	307	431	298	95	324	536	160	426	219	178	263	288	99	520	223	92	47	120	292	234	482	439	258	516	284	120	282	444	214	167	323	340	406	315	264	253	0	|

--------------------------------------------------------------------------------
Building model...
	using lazy and cut (CVRPSEP package)
Solving IRP LP...
--------------------------------------------------------------------------------

Gurobi 9.1.0 (linux64) logging started Sun Feb 14 07:25:05 2021

Gurobi Optimizer version 9.1.0 build v9.1.0rc0 (linux64)
Thread count: 32 physical cores, 32 logical processors, using up to 2 threads
Optimize a model with 1881 rows, 12588 columns and 36240 nonzeros
Model fingerprint: 0x1c0797ce
Variable types: 654 continuous, 11934 integer (459 binary)
Coefficient statistics:
  Matrix range     [1e+00, 1e+03]
  Objective range  [1e-02, 6e+02]
  Bounds range     [1e+00, 3e+02]
  RHS range        [1e+00, 7e+03]
Presolve removed 473 rows and 660 columns
Presolve time: 0.14s
Presolved: 1408 rows, 11928 columns, 32506 nonzeros
Variable types: 395 continuous, 11533 integer (11060 binary)

Root relaxation: objective 3.386180e+03, 1294 iterations, 0.05 seconds

    Nodes    |    Current Node    |     Objective Bounds      |     Work
 Expl Unexpl |  Obj  Depth IntInf | Incumbent    BestBd   Gap | It/Node Time

     0     0 3386.17966    0  161          - 3386.17966      -     -    0s
     0     0 3640.08943    0  129          - 3640.08943      -     -    0s
     0     0 3640.08943    0  128          - 3640.08943      -     -    0s
     0     0 4286.87885    0  239          - 4286.87885      -     -    1s
     0     0 4417.60568    0  266          - 4417.60568      -     -    1s
     0     0 4422.59920    0  254          - 4422.59920      -     -    1s
     0     0 4422.60445    0  237          - 4422.60445      -     -    1s
     0     0 4530.51628    0  327          - 4530.51628      -     -    2s
     0     0 4574.90141    0  340          - 4574.90141      -     -    2s
     0     0 4588.44846    0  371          - 4588.44846      -     -    2s
     0     0 4589.95014    0  389          - 4589.95014      -     -    2s
     0     0 4592.07478    0  395          - 4592.07478      -     -    2s
     0     0 4597.94189    0  434          - 4597.94189      -     -    2s
     0     0 4604.35134    0  447          - 4604.35134      -     -    2s
     0     0 4609.07009    0  413          - 4609.07009      -     -    2s
     0     0 4611.66893    0  433          - 4611.66893      -     -    2s
     0     0 4612.45207    0  403          - 4612.45207      -     -    2s
     0     0 4641.05579    0  415          - 4641.05579      -     -    3s
     0     0 4641.05579    0  415          - 4641.05579      -     -    5s
     0     0 4650.40845    0  485          - 4650.40845      -     -    6s
     0     0 4651.40132    0  488          - 4651.40132      -     -    6s
     0     0 4665.30836    0  474          - 4665.30836      -     -    6s
     0     0 4671.45033    0  452          - 4671.45033      -     -    6s
     0     0 4674.04789    0  512          - 4674.04789      -     -    7s
     0     0 4675.53237    0  483          - 4675.53237      -     -    7s
     0     0 4683.46131    0  443          - 4683.46131      -     -    7s
     0     0 4683.46131    0  443          - 4683.46131      -     -    7s
     0     2 4686.75527    0  412          - 4686.75527      -     -    9s
     5     8 4711.08408    2  445          - 4689.77508      -   221   10s
    46    50 4891.94874   13  327          - 4696.57514      -   381   15s
   107   113 5123.87133   29  281          - 4696.57514      -   347   20s
   188   210 5490.94648   51  227          - 4696.57514      -   310   25s
   467   562 6780.28000  133    8          - 4696.57514      -   167   42s
   654   705 7359.43379  191   35          - 4704.83712      -   127   45s
   742   726 6256.30895  131  309          - 4704.89218      -   118   50s
   752   733 5454.81817   41  623          - 4730.28906      -   117   55s
   765   741 5816.02724   92  604          - 4750.33898      -   115   60s
   775   748 7427.35000  207  670          - 4768.62683      -   113   65s
   785   755 5444.62754   46  639          - 4773.23931      -   112   70s
   792   759 5467.70187   44  540          - 4773.59749      -   111   75s
   793   760 5879.96174   96  540          - 4773.59749      -   111   84s
   794   764 4782.92626   10  652          - 4773.67260      -   127  133s
   802   769 4824.30862   12  486          - 4789.54167      -   131  135s
   822   784 4835.90180   18  412          - 4796.51043      -   147  140s
   886   830 5025.98637   34  335          - 4796.51043      -   157  145s
   961   888 5401.57645   54  257          - 4796.51043      -   165  150s
  1071   973 5618.09723   76  185          - 4796.51043      -   163  155s
  1265  1124 5953.36374   99  155          - 4796.51043      -   150  164s
  1315  1115 5975.28665  103  104          - 4796.51043      -   147  166s
  1415  1188 6495.33904  146   51          - 4796.51043      -   142  171s
  1490  1195 4813.50574   13  660          - 4800.37984      -   139  175s
  1509  1207 4895.58946   18  552          - 4800.37984      -   144  180s
  1542  1236 4987.08773   27  344          - 4800.37984      -   148  185s
  1582  1264 5071.31626   30  283          - 4800.37984      -   151  190s
  1637  1301 5163.13701   39  283          - 4800.37984      -   154  195s
  1704  1364 5270.19941   44  275          - 4800.37984      -   156  270s
  1826  1421 5333.35479   53  211          - 4800.37984      -   153  276s
  1880  1449 5396.32623   60  195          - 4800.37984      -   152  280s
  1933  1469 4996.80592   20  462          - 4800.37984      -   156  285s
  1967  1500 5546.94105   87  112          - 4800.37984      -   157  291s
  2026  1604 6145.52000  100    4          - 4800.37984      -   158  297s
  2146  1669 6307.58000  108    -          - 4800.37984      -   152  343s
  2294  1688 6610.02662  108   80          - 4809.56744      -   145  347s
  2356  1692 4868.51845   13  446          - 4809.56744      -   145  350s
  2389  1706 4991.78845   18  477          - 4809.56744      -   147  355s
  2414  1738 5014.23268   20  285          - 4809.56744      -   150  360s
  2464  1774 5125.11377   33  215          - 4809.56744      -   152  365s
  2532  1840 5245.47828   47  160          - 4809.56744      -   154  371s
  2580  1926 5342.01085   60  137          - 4809.56744      -   154  375s
  2694  2006 5499.70460   74  147          - 4809.56744      -   151  380s
  2813  2044 5869.41559   88   94          - 4809.56744      -   148  388s
  2922  2112 6255.63240  111   41          - 4809.56744      -   146  393s
  3016  2116 7329.00859  149   23          - 4823.92287      -   143  398s
  3087  2131 5083.56876   16  414          - 4823.92287      -   143  403s
  3104  2145 5146.76413   23  234          - 4823.92287      -   144  406s
  3118  2171 5198.88050   27  225          - 4823.92287      -   145  410s
  3177  2238 5353.69773   37  201          - 4823.92287      -   148  418s
  3211  2282 5476.47401   44  212          - 4823.92287      -   149  422s
  3255  2346 5560.44806   51  151          - 4823.92287      -   150  427s
  3319  2441 5714.27024   64  119          - 4823.92287      -   150  433s
  3414  2614 6173.43299   86   66          - 4823.92287      -   149  440s
  3603  2868 6483.75021   95   96          - 4823.92287      -   144  448s
  3775  2879 7149.74310  171   23          - 4823.92287      -   139  450s
  3949  2975 7436.36000  158   42          - 4824.71250      -   134  456s
  4017  3038 4957.80477   17  353          - 4824.71250      -   135  460s
  4075  3139 5079.03769   25  250          - 4824.71250      -   136  466s
  4176  3351 5165.93052   29  195          - 4824.71250      -   136  472s
  4460  3374 7869.94000  156    -          - 4824.71250      -   131  475s
  4464  3466 5339.74044   49  121          - 4824.71250      -   131  480s
  4557  3629 6066.97024   78   88          - 4824.71250      -   132  487s
  4734  3771 6497.03858   93   45          - 4824.71250      -   131  540s
  4943  3839 6904.52017   92   71          - 4829.63042      -   128  547s
  5016  3905 5297.47639   20  324          - 4829.63042      -   129  556s
  5068  3975 5388.75536   22  320          - 4829.63042      -   130  563s
  5138  4166 5591.80068   28  153          - 4829.63042      -   131  577s
  5365  4187 7152.37739  138   18          - 4829.63042      -   129  580s
  5385  4237 5674.63603   41   72          - 4829.63042      -   129  586s
  5428  4305 5804.12073   56   49          - 4829.63042      -   131  594s
  5496  4374 5971.08952   84   31          - 4838.89728      -   132  605s
  5581  4416 4947.73575   17  367          - 4838.89728      -   133  623s
  5617  4472 5129.98210   26  275          - 4838.89728      -   135  630s
  5673  4552 5382.23518   45  216          - 4838.89728      -   137  638s
  5755  4695 5627.11078   64   54          - 4839.70431      -   138  648s
  5868  4702 infeasible  109               - 4839.70431      -   137  650s
  5920  4770 4940.78281   15  482          - 4839.70431      -   138  657s
  5986  4915 5093.71747   22  448          - 4839.70431      -   139  666s
  6165  4972 5177.05010   27  350          - 4839.70431      -   139  709s
  6185  4972 6214.95483   98   62          - 4839.70431      -   139  710s
  6225  5019 5245.56211   37  224          - 4839.70431      -   140  718s
  6262  5062 5376.61378   46  218          - 4839.70431      -   142  727s
  6305  5141 5462.99888   55  215          - 4839.70431      -   143  736s
  6384  5311 5778.43706   69  234          - 4839.70431      -   145  792s
  6556  5518 5955.19854   98   60          - 4842.51554      -   145  804s
  6640  5518 6598.44801  146   42          - 4842.51554      -   143  805s
  6836  5688 5031.91832   17  501          - 4842.51554      -   142  815s
  7057  5764 5130.54251   25  432          - 4842.51554      -   141  826s
  7089  5805 5203.84783   32  231          - 4842.51554      -   142  890s
  7130  5882 5354.99247   44  105          - 4842.51554      -   144  899s
  7209  5957 5695.76651   62  134          - 4842.51554      -   145  908s
  7283  6120 5926.36624   81  186          - 4843.84160      -   147  920s
  7353  6120 6075.22034  116   23          - 4843.84160      -   146  942s
  7480  6359 4990.82540   24  513          - 4843.84160      -   146  957s
  7759  6470 5098.99691   37  445          - 4843.84160      -   145  998s
  7902  6567 5249.49841   51  282          - 4843.84160      -   144 1012s
  8073  6712 5626.78710   80   91          - 4847.17523      -   145 1026s
  8193  6772 5182.81190   21  539          - 4847.17523      -   146 1077s
  8240  6863 5286.33458   30  482          - 4847.17523      -   148 1091s
  8331  7139 5499.09499   43  150          - 4847.17523      -   149 1107s
  8580  7154 6179.51000  108    -          - 4847.17523      -   148 1110s
  8662  7363 5944.94963   77   65          - 4847.49122      -   148 1140s
  8979  7488 5034.92852   16  367          - 4847.49122      -   146 1155s
  9045  7647 5282.17244   38  214          - 4847.49122      -   148 1167s
  9208  7879 5811.93952   83   77          - 4848.26381      -   148 1234s
  9222  7879 5877.10965   89   72          - 4848.26381      -   148 1236s
  9510  8020 5098.72353   17  445          - 4848.26381      -   147 1252s
  9666  8151 5080.68897   24  407          - 4848.26381      -   147 1265s
  9824  8305 5230.55137   31  343          - 4848.26381      -   147 1357s
  9991  8463 5456.39770   52  113          - 4848.26381      -   148 1374s
 10019  8463 5555.89468   65   82          - 4848.26381      -   148 1375s
 10201  8642 5952.39714   73  114          - 4848.26381      -   148 1391s
 10426  8879 6241.16140   87  132          - 4852.32994      -   147 1408s
 10608  8908 7880.30407  162   69          - 4852.32994      -   146 1410s
 10735  8994 5015.68847   21  597          - 4852.32994      -   146 1422s
 10800  9163 5140.89655   27  482          - 4852.32994      -   148 1436s
 11065  9276 5153.41457   36  576          - 4852.32994      -   146 1450s
 11130  9414 5364.64242   45  280          - 4852.32994      -   148 1463s
 11229  9414 6111.82580   70   45          - 4852.32994      -   148 1465s
 11291  9541 5709.43388   62  206          - 4852.32994      -   148 1479s
 11361  9541 6102.57516   87   61          - 4852.32994      -   148 1480s
 11408  9723 6373.87129   95   78          - 4856.22739      -   149 1495s
 11636  9795 5092.54826   17  476          - 4856.22739      -   148 1509s
 11685  9881 5394.27614   22  311          - 4856.22739      -   150 1547s
 11771 10042 5439.85138   43   25          - 4856.22739      -   151 1561s
 12000 10181 5600.10277   45  100          - 4868.58494      -   151 1577s
 12147 10255 5178.10115   20  276          - 4868.58494      -   151 1629s
 12201 10355 5495.76431   27  323          - 4868.58494      -   152 1642s
 12301 10512 5627.04652   36  171          - 4868.58494      -   154 1658s
 12429 10518 6497.55333  110    8          - 4868.58494      -   154 1660s
 12542 10614 5715.13783   41  152          - 4868.58494      -   153 1717s
 12604 10746 5851.89968   57  116          - 4868.58494      -   154 1734s
 12674 10749 5953.30021   79   67          - 4868.58494      -   154 1735s
 12748 10912 6006.24739   66  145          - 4868.58494      -   155 1751s
 12892 10916 6750.44504  129   15          - 4868.58494      -   154 1791s
 12924 11121 7037.19488  118   84          - 4869.48588      -   155 1808s
 13008 11121 7513.00652  152   12          - 4869.48588      -   155 1810s
 13201 11310 5215.06775   17  291          - 4869.48588      -   154 1859s
 13226 11310 6041.77319   84  109          - 4869.48588      -   155 1861s
 13393 11369 5465.28478   29  161          - 4869.48588      -   154 1876s
 13433 11444 5517.35516   37  234          - 4869.48588      -   156 1890s
 13508 11527 5763.63050   59   64          - 4869.48588      -   156 1911s
 13591 11738 6101.05488   74   53          - 4869.48588      -   158 1931s
 13844 12039 6489.69296   90   71          - 4869.87228      -   157 1951s
 14318 12171 5220.74785   20  530          - 4870.18978      -   154 1970s
 14366 12324 5398.41641   25  212          - 4870.18978      -   155 2013s
 14529 12557 5627.93929   49  121          - 4870.18978      -   156 2032s
 14764 12573 7098.32219  119   10          - 4870.18978      -   155 2035s
 14845 12666 6361.22222  101   24          - 4872.89675      -   155 2074s
 14909 12666 5515.32818   30  229          - 4872.89675      -   155 2075s
 14936 12753 5440.17888   30  274          - 4872.89675      -   155 2088s
 15031 13030 5804.86546   59  123          - 4878.33672      -   156 2104s
 15045 13030 5856.06784   63   34          - 4878.33672      -   156 2105s
 15356 13209 5151.83522   25  443          - 4878.33672      -   155 2152s
 15556 13237 7022.81000  143    -          - 4878.33672      -   155 2155s
 15618 13318 5346.10213   33  345          - 4878.33672      -   154 2169s
 15632 13318 5603.98259   42  266          - 4878.33672      -   155 2170s
 15674 13410 5676.26696   52   75          - 4878.33672      -   155 2267s
 15766 13708 6014.87201   70   27          - 4879.40189      -   156 2292s
 15850 13710 6325.28636   98   18          - 4879.40189      -   155 2305s
 16232 13951 4969.19467   17  587          - 4879.40189      -   153 2326s
 16439 14011 5359.53594   26  466          - 4879.40189      -   153 2342s
 16475 14063 5487.92626   35  451          - 4879.40189      -   154 2356s
 16527 14156 5781.02201   45  340          - 4879.40189      -   155 2380s
 16620 14360 5868.88726   68   65          - 4879.40189      -   156 2397s
 16826 14529 6291.82876   97   66          - 4880.42590      -   156 2445s
 17096 14600 5167.53149   20  515          - 4880.58553      -   155 2459s
 17116 14639 5418.71488   25  468          - 4880.58553      -   156 2472s
 17155 14712 5604.83514   33  383          - 4880.58553      -   157 2486s
 17228 14865 5900.38975   55   58          - 4880.58553      -   158 2510s
 17381 15039 6404.13914   88   50          - 4880.61689      -   158 2529s
 17479 15039 6476.46630  150   42          - 4880.61689      -   158 2530s
 17576 15166 5197.84348   17  345          - 4880.61689      -   158 2568s
 17735 15222 5449.08801   26  298          - 4880.61689      -   158 2583s
 17779 15282 5587.77239   43  209          - 4880.61689      -   159 2597s
 17839 15433 5672.26225   60  272          - 4880.61689      -   160 2613s
 17963 15433 5390.85573   43  126          - 4880.61689      -   160 2615s
 17990 15614 6138.13780  113   46          - 4880.91914      -   161 2633s
 18144 15626 7153.07000  156   12          - 4880.91914      -   159 2635s
 18255 15809 5396.06881   26  475          - 4880.91914      -   160 2650s
 18424 15872 5518.57086   36  418          - 4880.91914      -   160 2666s
 18514 15940 5726.71460   41  258          - 4880.91914      -   160 2699s
 18566 16083 5855.30810   49  200          - 4880.91914      -   161 2715s
 18713 16262 6293.42328   71   15          - 4880.91914      -   162 2734s
 18755 16262 6378.57990   84   60          - 4880.91914      -   161 2759s
 18783 16262 6495.34657   93  202          - 4880.91914      -   162 2760s
 18970 16426 6623.98000   98    4          - 4885.28688      -   161 2780s
 19143 16485 5090.29408   18  406          - 4885.28688      -   161 2813s
 19182 16612 5340.72465   29  181          - 4885.28688      -   162 2830s
 19309 16712 5618.01932   52   87          - 4885.28688      -   163 2846s
 19409 17014 5802.02875   70    9          - 4885.30772      -   163 2900s
 19423 17014 5868.59810   76  199          - 4885.30772      -   163 2905s
 19787 17172 5069.63968   19  561          - 4885.30772      -   162 2927s
 20024 17233 8017.71000  174    2          - 4885.30772      -   161 2930s
 20051 17283 5597.90532   26  474          - 4885.30772      -   161 2944s
 20090 17333 5782.60223   38  456          - 4885.30772      -   162 2958s
 20140 17423 5944.74850   49  272          - 4885.30772      -   163 2974s
 20214 17423 5508.49886   53  137          - 4885.30772      -   163 2975s
 20230 17558 6239.11429   77  285          - 4885.30772      -   163 2990s
 20365 17770 6536.68786  108  164          - 4891.50374      -   164 3015s
 20633 17892 5584.36791   24  418          - 4891.50374      -   163 3034s
 20683 17895 6188.86000  102    -          - 4891.50374      -   164 3035s
 20783 17970 5803.20403   34  305          - 4891.50374      -   163 3051s
 20835 18029 5985.31737   45  311          - 4891.50374      -   164 3069s
 20892 18029 5922.19131   30  436          - 4891.50374      -   165 3070s
 20894 18131 6442.35487   60  212          - 4891.50374      -   165 3086s
 20996 18421 6822.38078   90   57          - 4893.12712      -   165 3126s
 21292 18437 8975.60000  168   10          - 4893.12712      -   164 3130s
 21367 18506 5075.76786   15  553          - 4893.12712      -   164 3147s
 21414 18564 5318.45457   30   87          - 4893.12712      -   164 3165s
 21472 18687 5548.46689   45   82          - 4893.12712      -   165 3185s
 21619 18777 6013.04764   74   43          - 4895.60141      -   165 3204s
 21721 18917 5314.56461   21  404          - 4895.60141      -   166 3221s
 21849 19140 5598.86440   36  212          - 4895.60141      -   166 3241s
 22132 19271 5675.13835   51   35          - 4895.60141      -   165 3261s
 22235 19426 6238.20750   89   60          - 4897.51214      -   166 3279s
 22319 19432 6574.27914  126   45          - 4897.51214      -   166 3280s
 22440 19523 5130.75638   22  417          - 4897.51214      -   166 3298s
 22515 19592 5619.39530   35  279          - 4897.51214      -   166 3314s
 22529 19592 5686.70546   42  180          - 4897.51214      -   167 3315s
 22589 19677 5805.09150   54   72          - 4897.51214      -   167 3331s
 22671 19791 6026.51483   73   86          - 4897.51214      -   168 3347s
 22811 19881 6330.73087   98   64          - 4902.80011      -   168 3365s
 22936 19951 5089.86435   18  539          - 4902.81455      -   168 3383s
 22982 20083 5609.96726   29  290          - 4902.81455      -   169 3400s
 23114 20331 5801.49182   47  139          - 4902.81455      -   169 3421s
 23350 20359 6930.02500  135   13          - 4902.81455      -   169 3425s
 23432 20557 6144.85614   72   42          - 4904.68180      -   168 3447s
 23614 20604 7609.87500  119   29          - 4904.68180      -   168 3450s
 23811 20681 4957.15497   25  454          - 4905.57582      -   167 3469s
 23841 20783 5185.61252   35  203          - 4905.57582      -   168 3486s
 23943 20898 5473.64662   58  157          - 4905.57582      -   168 3504s
 24003 20898 5673.44875   85   16          - 4905.57582      -   168 3505s
 24068 21050 5734.77000   88    -          - 4905.64285      -   168 3522s
 24268 21244 5766.26505   88   54          - 4909.96154      -   168 3541s
 24462 21386 5415.48645   23  275          - 4909.96154      -   168 3561s
 24658 21582 5669.37981   37   35          - 4909.96154      -   168 3584s
 24700 21582 5864.71364   56   42          - 4909.96154      -   168 3585s
 24831 21758 6031.58000   67   19          - 4913.08782      -   168 3600s

Cutting planes:
  User: 3140
  Gomory: 44
  Cover: 426
  Implied bound: 164
  Projected implied bound: 6
  Clique: 44
  MIR: 120
  StrongCG: 2
  Flow cover: 468
  Zero half: 90
  Network: 7
  RLT: 296
  Relax-and-lift: 7
  Lazy constraints: 5914

Explored 25121 nodes (4189953 simplex iterations) in 3603.34 seconds
Thread count was 2 (of 32 available processors)

Solution count 0

Time limit reached
Best objective -, best bound 4.913087816829e+03, gap -

User-callback calls 213808, time in user-callback 1131.47 sec
writeSolution() exp: Unable to retrieve attribute 'X'
================================================================================
executing instance: ./input/Instances/Original/5/absH3low_4n25.dat
--------------------------------------------------------------------------------
Instance details
n	26
H	3
C	2029
Li:
[0, 0, 0, 0, 0, 0, 0, 0, 0, 0, 0, 0, 0, 0, 0, 0, 0, 0, 0, 0, 0, 0, 0, 0, 0, 0, ]
Ui:
[0, 34, 165, 76, 88, 188, 58, 279, 52, 132, 198, 142, 135, 165, 186, 58, 201, 196, 40, 183, 32, 90, 168, 126, 93, 146, ]
Distance matrix:
|0	299	188	235	91	202	152	147	162	277	268	132	71	162	220	69	220	289	241	124	265	80	162	132	66	302	|
|299	0	468	431	282	142	317	425	443	569	193	178	359	302	422	231	93	28	511	325	457	242	434	215	240	601	|
|188	468	0	153	265	342	308	43	192	106	455	290	117	206	142	246	379	464	252	274	360	267	211	319	231	184	|
|235	431	153	0	326	289	386	145	321	240	482	269	184	129	15	258	339	436	393	355	477	305	336	354	237	334	|
|91	282	265	326	0	228	66	228	166	339	196	157	154	242	311	99	225	264	229	50	201	47	153	71	115	340	|
|202	142	342	289	228	0	285	301	363	447	255	73	245	161	281	139	53	151	440	278	428	181	360	187	136	495	|
|152	317	308	386	66	285	0	275	167	368	188	217	207	308	371	163	274	295	210	34	145	108	148	104	181	350	|
|147	425	43	145	228	301	275	0	179	146	415	248	76	172	131	203	337	421	248	242	341	227	195	279	188	211	|
|162	443	192	321	166	363	167	179	0	216	352	291	152	302	307	225	375	428	81	138	170	201	22	237	227	183	|
|277	569	106	240	339	447	368	146	216	0	535	391	210	312	232	341	481	562	245	335	381	352	238	402	329	106	|
|268	193	455	482	196	255	188	415	352	535	0	225	339	367	469	224	212	165	398	214	302	188	335	136	245	533	|
|132	178	290	269	157	73	217	248	291	391	225	0	183	145	258	66	91	175	367	207	358	110	287	127	67	431	|
|71	359	117	184	154	245	207	76	152	210	339	183	0	152	169	131	274	352	232	174	294	151	161	203	119	251	|
|162	302	206	129	242	161	308	172	302	312	367	145	152	0	120	153	210	308	383	284	426	208	309	249	132	383	|
|220	422	142	15	311	281	371	131	307	232	469	258	169	120	0	245	330	427	379	340	461	291	321	340	224	324	|
|69	231	246	258	99	139	163	203	225	341	224	66	131	153	245	0	152	222	301	147	299	57	221	97	22	371	|
|220	93	379	339	225	53	274	337	375	481	212	91	274	210	330	152	0	99	448	273	419	180	369	171	157	521	|
|289	28	464	436	264	151	295	421	428	562	165	175	352	308	427	222	99	0	493	305	434	227	418	196	234	590	|
|241	511	252	393	229	440	210	248	81	245	398	367	232	383	379	301	448	493	0	190	147	270	80	298	305	175	|
|124	325	274	355	50	278	34	242	138	335	214	207	174	284	340	147	273	305	190	0	152	97	122	110	162	320	|
|265	457	360	477	201	428	145	341	170	381	302	358	294	426	461	299	419	434	147	152	0	248	150	249	312	322	|
|80	242	267	305	47	181	108	227	201	352	188	110	151	208	291	57	180	227	270	97	248	0	192	52	76	366	|
|162	434	211	336	153	360	148	195	22	238	335	287	161	309	321	221	369	418	80	122	150	192	0	224	225	203	|
|132	215	319	354	71	187	104	279	237	402	136	127	203	249	340	97	171	196	298	110	249	52	224	0	118	409	|
|66	240	231	237	115	136	181	188	227	329	245	67	119	132	224	22	157	234	305	162	312	76	225	118	0	364	|
|302	601	184	334	340	495	350	211	183	106	533	431	251	383	324	371	521	590	175	320	322	366	203	409	364	0	|

--------------------------------------------------------------------------------
Building model...
	using lazy and cut (CVRPSEP package)
Solving IRP LP...
--------------------------------------------------------------------------------

Gurobi 9.1.0 (linux64) logging started Sun Feb 14 08:25:55 2021

Gurobi Optimizer version 9.1.0 build v9.1.0rc0 (linux64)
Thread count: 32 physical cores, 32 logical processors, using up to 2 threads
Optimize a model with 956 rows, 3488 columns and 10640 nonzeros
Model fingerprint: 0x606d71e9
Variable types: 329 continuous, 3159 integer (234 binary)
Coefficient statistics:
  Matrix range     [1e+00, 7e+02]
  Objective range  [1e-02, 6e+02]
  Bounds range     [1e+00, 3e+02]
  RHS range        [1e+00, 3e+03]
Presolve removed 260 rows and 344 columns
Presolve time: 0.08s
Presolved: 696 rows, 3144 columns, 9287 nonzeros
Variable types: 192 continuous, 2952 integer (2727 binary)

Root relaxation: objective 2.387616e+03, 663 iterations, 0.01 seconds

    Nodes    |    Current Node    |     Objective Bounds      |     Work
 Expl Unexpl |  Obj  Depth IntInf | Incumbent    BestBd   Gap | It/Node Time

     0     0 2387.61631    0   82          - 2387.61631      -     -    0s
     0     0 2629.33873    0  101          - 2629.33873      -     -    0s
     0     0 2629.74631    0   96          - 2629.74631      -     -    0s
     0     0 3030.84629    0  175          - 3030.84629      -     -    0s
     0     0 3097.88515    0  184          - 3097.88515      -     -    0s
     0     0 3099.08407    0  180          - 3099.08407      -     -    0s
     0     0 3100.11619    0  193          - 3100.11619      -     -    0s
     0     0 3218.24732    0  221          - 3218.24732      -     -    0s
     0     0 3222.33199    0  237          - 3222.33199      -     -    0s
     0     0 3224.25901    0  234          - 3224.25901      -     -    0s
     0     0 3224.77907    0  228          - 3224.77907      -     -    0s
