




arguments: ./build/bc_mirp -f ./input/orig_exec_14.cfg
Current dir: /scratch/gui/bc_mirp
File verbosity level: 9
date       time         ( uptime  ) [ thread name/id ]                   file:line     v| 
2021-02-06 13:16:45.810 (   1.532s) [main thread     ]             loguru.cpp:789   INFO| Logging to './output/vi_vc+hc1_full/OU/V3/Original/execution_06_02_2021_13_16_45.log', mode: 'a', verbosity: 9
--------------------------------------------------------------------------------
Parameters
                           instance_path           ./input/Instances/Original/1/
                            model_policy                                       1
                             nb_vehicles                                       3
                              output_dir ./output/vi_vc+hc1_full/OU/V3/Original/
                            sec_strategy                                       1
                       solver_nb_threads                                       2
                         solver_show_log                                    true
                       solver_time_limit                                    3600
                              use_vi_cos                                   false
                              use_vi_cus                                   false
                         use_vi_hc1_full                                    true
                         use_vi_hc1_half                                   false
                      use_vi_hc1_quarter                                   false
                              use_vi_hc2                                   false
                              use_vi_hc3                                   false
                         use_vi_lex_full                                   false
                         use_vi_lex_half                                   false
                      use_vi_lex_quarter                                   false
                              use_vi_qua                                   false
                               use_vi_vc                                    true
                               use_vi_vr                                   false
--------------------------------------------------------------------------------
executing instance: ./input/Instances/Original/1/absH3high_1n5.dat
--------------------------------------------------------------------------------
Instance details
n	6
H	3
C	289
Li:
[0, 0, 0, 0, 0, 0, ]
Ui:
[0, 195, 105, 116, 72, 22, ]
Distance matrix:
|0	85	349	17	203	289	|
|85	0	265	102	214	226	|
|349	265	0	366	368	238	|
|17	102	366	0	207	302	|
|203	214	368	207	0	431	|
|289	226	238	302	431	0	|

--------------------------------------------------------------------------------
Building model...
	using lazy and cut (CVRPSEP package)
Solving IRP LP...
--------------------------------------------------------------------------------

Gurobi 9.1.0 (linux64) logging started Sat Feb  6 13:16:48 2021

Gurobi Optimizer version 9.1.0 build v9.1.0rc0 (linux64)
Thread count: 32 physical cores, 32 logical processors, using up to 2 threads
Optimize a model with 216 rows, 258 columns and 960 nonzeros
Model fingerprint: 0xebeedf54
Variable types: 69 continuous, 189 integer (54 binary)
Coefficient statistics:
  Matrix range     [1e+00, 2e+02]
  Objective range  [2e-01, 4e+02]
  Bounds range     [1e+00, 2e+02]
  RHS range        [1e+00, 5e+02]
Presolve removed 94 rows and 109 columns
Presolve time: 0.01s
Presolved: 122 rows, 149 columns, 545 nonzeros
Variable types: 32 continuous, 117 integer (85 binary)
Found heuristic solution: objective 4389.7800000

Root relaxation: objective 1.828755e+03, 130 iterations, 0.00 seconds

    Nodes    |    Current Node    |     Objective Bounds      |     Work
 Expl Unexpl |  Obj  Depth IntInf | Incumbent    BestBd   Gap | It/Node Time

     0     0 1828.75517    0   20 4389.78000 1828.75517  58.3%     -    0s
H    0     0                    4234.3300000 1828.75517  56.8%     -    0s
H    0     0                    2887.3300000 1828.75517  36.7%     -    0s
     0     0 2010.72897    0   18 2887.33000 2010.72897  30.4%     -    0s
H    0     0                    2881.6500000 2010.72897  30.2%     -    0s
H    0     0                    2824.6500000 2010.72897  28.8%     -    0s
     0     0 2010.98130    0   21 2824.65000 2010.98130  28.8%     -    0s
     0     0 2118.94331    0   28 2824.65000 2118.94331  25.0%     -    0s
     0     0 2226.34102    0   30 2824.65000 2226.34102  21.2%     -    0s
     0     0 2231.77979    0   37 2824.65000 2231.77979  21.0%     -    0s
     0     0 2234.53581    0   29 2824.65000 2234.53581  20.9%     -    0s
     0     0 2235.16550    0   31 2824.65000 2235.16550  20.9%     -    0s
     0     0 2290.91560    0   35 2824.65000 2290.91560  18.9%     -    0s
H    0     0                    2414.0300000 2290.91560  5.10%     -    0s
     0     0 2357.10795    0   35 2414.03000 2357.10795  2.36%     -    0s
     0     0 2369.41356    0   41 2414.03000 2369.41356  1.85%     -    0s
     0     0 2369.96596    0   43 2414.03000 2369.96596  1.83%     -    0s
     0     0 2400.65302    0   25 2414.03000 2400.65302  0.55%     -    0s
     0     0     cutoff    0      2414.03000 2414.03000  0.00%     -    0s

Explored 1 nodes (408 simplex iterations) in 0.10 seconds
Thread count was 2 (of 32 available processors)

Solution count 6: 2414.03 2824.65 2881.65 ... 4389.78

Optimal solution found (tolerance 1.00e-04)
Best objective 2.414030000000e+03, best bound 2.414030000000e+03, gap 0.0000%

User-callback calls 176, time in user-callback 0.01 sec
================================================================================
executing instance: ./input/Instances/Original/1/absH3high_1n45.dat
--------------------------------------------------------------------------------
Instance details
n	46
H	3
C	3462
Li:
[0, 0, 0, 0, 0, 0, 0, 0, 0, 0, 0, 0, 0, 0, 0, 0, 0, 0, 0, 0, 0, 0, 0, 0, 0, 0, 0, 0, 0, 0, 0, 0, 0, 0, 0, 0, 0, 0, 0, 0, 0, 0, 0, 0, 0, 0, ]
Ui:
[0, 273, 270, 36, 165, 192, 148, 45, 30, 75, 180, 198, 112, 117, 90, 64, 180, 22, 264, 174, 168, 270, 86, 66, 26, 66, 237, 156, 92, 108, 144, 72, 30, 45, 94, 54, 174, 96, 198, 136, 44, 180, 210, 249, 198, 48, ]
Distance matrix:
|0	281	201	160	249	201	93	431	236	139	252	136	116	166	390	110	349	374	303	180	327	464	236	70	44	461	346	439	363	254	312	426	305	206	71	137	169	200	247	260	20	219	256	253	460	278	|
|281	0	448	170	53	142	338	184	121	290	371	390	222	302	111	289	169	434	230	177	238	441	59	212	319	211	86	235	399	306	53	176	99	202	263	157	361	101	370	201	264	344	364	374	469	184	|
|201	448	0	285	430	325	114	556	361	171	191	64	228	174	546	294	453	306	364	289	388	435	393	254	157	585	491	536	318	254	490	554	436	407	266	292	108	388	186	337	207	181	205	190	408	364	|
|160	170	285	0	169	43	182	280	80	120	208	231	58	132	262	230	190	294	151	24	174	345	112	107	183	309	207	280	268	158	219	276	155	235	187	45	192	150	205	107	140	177	202	210	356	119	|
|249	53	430	169	0	152	317	238	145	282	377	369	212	299	157	242	215	452	261	183	273	474	76	181	290	264	140	287	421	320	63	229	145	148	221	142	352	53	374	226	234	346	370	378	498	215	|
|201	142	325	43	152	0	224	237	37	156	230	273	101	164	224	261	148	300	127	38	147	333	83	142	225	266	167	238	270	168	193	233	112	246	221	70	228	148	228	84	180	202	222	232	351	87	|
|93	338	114	182	317	224	0	460	262	92	180	52	124	112	440	199	364	307	292	191	317	415	284	140	57	490	387	452	304	208	377	457	336	297	163	181	84	274	175	256	95	152	188	180	402	280	|
|431	184	556	280	238	237	460	0	199	385	420	508	337	385	108	464	110	429	219	269	206	378	202	365	460	30	98	84	388	340	204	9	126	386	432	294	453	283	421	226	411	404	408	423	422	198	|
|236	121	361	80	145	37	262	199	0	191	255	310	138	197	191	290	114	312	118	72	133	330	69	175	262	229	132	204	279	186	174	195	75	258	251	102	262	153	254	81	216	230	246	257	353	72	|
|139	290	171	120	282	156	92	385	191	0	116	129	71	27	380	246	283	235	201	119	226	329	231	141	129	414	323	367	224	119	336	383	266	308	202	141	72	252	112	169	127	82	118	117	322	195	|
|252	371	191	208	377	230	180	420	255	116	0	187	178	90	443	361	311	127	204	195	224	246	313	257	232	446	382	380	129	81	423	421	320	422	318	242	100	355	5	195	241	34	15	2	225	224	|
|136	390	64	231	369	273	52	508	310	129	187	0	173	141	491	233	409	313	330	239	355	431	335	191	93	538	438	495	316	233	429	505	385	342	203	233	88	325	182	297	143	167	199	187	412	323	|
|116	222	228	58	212	101	124	337	138	71	178	173	0	91	319	206	244	284	187	69	212	357	165	85	130	367	265	333	264	151	267	333	213	244	161	70	140	181	175	145	97	145	177	180	359	165	|
|166	302	174	132	299	164	112	385	197	27	90	141	91	0	388	273	280	208	191	127	215	305	243	167	153	413	329	361	198	96	351	383	270	333	229	159	68	272	86	163	153	56	92	91	296	190	|
|390	111	546	262	157	224	440	108	191	380	443	491	319	388	0	399	164	480	264	261	261	456	156	320	426	125	62	186	442	369	107	99	125	300	374	260	452	210	443	252	372	420	433	446	494	227	|
|110	289	294	230	242	261	199	464	290	246	361	233	206	273	399	0	402	480	382	254	404	562	262	124	143	493	369	490	466	355	302	457	344	135	45	191	279	189	356	337	120	328	364	362	563	348	|
|349	169	453	190	215	148	364	110	114	283	311	409	244	280	164	402	0	324	110	174	101	292	151	289	372	135	109	90	284	230	212	111	70	354	364	216	348	245	312	118	329	295	298	313	330	90	|
|374	434	306	294	452	300	307	429	312	235	127	313	284	208	480	480	324	0	216	274	223	137	380	368	357	448	419	367	40	136	487	432	358	525	436	336	227	443	132	234	361	156	119	127	102	255	|
|303	230	364	151	261	127	292	219	118	201	204	330	187	191	264	382	110	216	0	128	25	213	185	258	314	243	203	176	178	123	282	221	144	372	338	193	256	270	206	45	283	193	191	206	239	46	|
|180	177	289	24	183	38	191	269	72	119	195	239	69	127	261	254	174	274	128	0	151	321	118	130	198	299	204	263	246	139	228	266	147	258	211	68	191	169	193	83	159	166	188	197	333	98	|
|327	238	388	174	273	147	317	206	133	226	224	355	212	215	261	404	101	223	25	151	0	203	198	281	339	228	202	156	184	143	288	209	146	390	362	215	280	286	226	68	308	215	210	226	235	61	|
|464	441	435	345	474	333	415	378	330	329	246	431	357	305	456	562	292	137	213	321	203	0	398	440	458	390	400	301	117	211	492	384	348	578	517	389	344	480	251	251	448	265	233	246	54	259	|
|236	59	393	112	76	83	284	202	69	231	313	335	165	243	156	262	151	380	185	118	198	398	0	167	270	231	110	233	347	250	110	195	85	203	230	103	303	95	311	150	217	284	305	315	422	139	|
|70	212	254	107	181	142	140	365	175	141	257	191	85	167	320	124	289	368	258	130	281	440	167	0	109	394	277	378	349	236	244	359	239	167	81	73	196	135	253	213	53	223	257	258	444	226	|
|44	319	157	183	290	225	57	460	262	129	232	93	130	153	426	143	372	357	314	198	339	458	270	109	0	490	379	462	351	247	353	456	334	250	110	168	140	243	226	274	56	201	238	232	449	294	|
|461	211	585	309	264	266	490	30	229	414	446	538	367	413	125	493	135	448	243	299	228	390	231	394	490	0	125	89	408	365	226	36	156	412	462	324	481	311	447	253	441	430	433	448	436	225	|
|346	86	491	207	140	167	387	98	132	323	382	438	265	329	62	369	109	419	203	204	202	400	110	277	379	125	0	155	381	307	113	90	63	288	339	211	394	186	382	190	327	359	371	384	436	165	|
|439	235	536	280	287	238	452	84	204	367	380	495	333	361	186	490	90	367	176	263	156	301	233	378	462	89	155	0	326	299	267	92	148	432	454	306	429	325	382	199	419	369	366	382	348	172	|
|363	399	318	268	421	270	304	388	279	224	129	316	264	198	442	466	284	40	178	246	184	117	347	349	351	408	381	326	0	113	452	391	321	502	422	311	229	415	134	199	348	152	118	130	98	219	|
|254	306	254	158	320	168	208	340	186	119	81	233	151	96	369	355	230	136	123	139	143	211	250	236	247	365	307	299	113	0	359	340	244	390	310	200	148	308	83	117	238	74	68	83	208	145	|
|312	53	490	219	63	193	377	204	174	336	423	429	267	351	107	302	212	487	282	228	288	492	110	244	353	226	113	267	452	359	0	195	145	194	283	199	407	115	421	254	296	394	415	425	521	237	|
|426	176	554	276	229	233	457	9	195	383	421	505	333	383	99	457	111	432	221	266	209	384	195	359	456	36	90	92	391	340	195	0	122	378	426	289	451	275	421	226	406	404	408	423	427	197	|
|305	99	436	155	145	112	336	126	75	266	320	385	213	270	125	344	70	358	144	147	146	348	85	239	334	156	63	148	321	244	145	122	0	286	310	168	336	177	320	128	285	298	309	322	381	103	|
|206	202	407	235	148	246	297	386	258	308	422	342	244	333	300	135	354	525	372	258	390	578	203	167	250	412	288	432	502	390	194	378	286	0	144	191	362	109	418	329	202	388	421	423	591	329	|
|71	263	266	187	221	221	163	432	251	202	318	203	161	229	374	45	364	436	338	211	362	517	230	81	110	462	339	454	422	310	283	426	310	144	0	150	239	168	313	294	77	285	321	319	518	306	|
|137	157	292	45	142	70	181	294	102	141	242	233	70	159	260	191	216	336	193	68	215	389	103	73	168	324	211	306	311	200	199	289	168	191	150	0	210	113	239	148	117	210	238	244	400	157	|
|169	361	108	192	352	228	84	453	262	72	100	88	140	68	452	279	348	227	256	191	280	344	303	196	140	481	394	429	229	148	407	451	336	362	239	210	0	318	95	231	164	79	111	100	325	258	|
|200	101	388	150	53	148	274	283	153	252	355	325	181	272	210	189	245	443	270	169	286	480	95	135	243	311	186	325	415	308	115	275	177	109	168	113	318	0	352	230	187	323	351	357	498	225	|
|247	370	186	205	374	228	175	421	254	112	5	182	175	86	443	356	312	132	206	193	226	251	311	253	226	447	382	382	134	83	421	421	320	418	313	239	95	352	0	196	237	30	19	6	230	224	|
|260	201	337	107	226	84	256	226	81	169	195	297	145	163	252	337	118	234	45	83	68	251	150	213	274	253	190	199	199	117	254	226	128	329	294	148	231	230	196	0	240	178	184	198	272	29	|
|20	264	207	140	234	180	95	411	216	127	241	143	97	153	372	120	329	361	283	159	308	448	217	53	56	441	327	419	348	238	296	406	285	202	77	117	164	187	237	240	0	208	245	242	446	257	|
|219	344	181	177	346	202	152	404	230	82	34	167	145	56	420	328	295	156	193	166	215	265	284	223	201	430	359	369	152	74	394	404	298	388	285	210	79	323	30	178	208	0	37	35	250	206	|
|256	364	205	202	370	222	188	408	246	118	15	199	177	92	433	364	298	119	191	188	210	233	305	257	238	433	371	366	118	68	415	408	309	421	321	238	111	351	19	184	245	37	0	17	214	212	|
|253	374	190	210	378	232	180	423	257	117	2	187	180	91	446	362	313	127	206	197	226	246	315	258	232	448	384	382	130	83	425	423	322	423	319	244	100	357	6	198	242	35	17	0	225	226	|
|460	469	408	356	498	351	402	422	353	322	225	412	359	296	494	563	330	102	239	333	235	54	422	444	449	436	436	348	98	208	521	427	381	591	518	400	325	498	230	272	446	250	214	225	0	285	|
|278	184	364	119	215	87	280	198	72	195	224	323	165	190	227	348	90	255	46	98	61	259	139	226	294	225	165	172	219	145	237	197	103	329	306	157	258	225	224	29	257	206	212	226	285	0	|

--------------------------------------------------------------------------------
Building model...
	using lazy and cut (CVRPSEP package)
Solving IRP LP...
--------------------------------------------------------------------------------

Gurobi 9.1.0 (linux64) logging started Sat Feb  6 13:16:48 2021

Gurobi Optimizer version 9.1.0 build v9.1.0rc0 (linux64)
Thread count: 32 physical cores, 32 logical processors, using up to 2 threads
Optimize a model with 1696 rows, 10318 columns and 29920 nonzeros
Model fingerprint: 0xc9bbddbc
Variable types: 589 continuous, 9729 integer (414 binary)
Coefficient statistics:
  Matrix range     [1e+00, 1e+03]
  Objective range  [1e-01, 6e+02]
  Bounds range     [1e+00, 3e+02]
  RHS range        [1e+00, 6e+03]
Presolve removed 430 rows and 595 columns
Presolve time: 0.17s
Presolved: 1266 rows, 9723 columns, 26557 nonzeros
Variable types: 355 continuous, 9368 integer (8942 binary)

Root relaxation: objective 1.306867e+04, 969 iterations, 0.04 seconds

    Nodes    |    Current Node    |     Objective Bounds      |     Work
 Expl Unexpl |  Obj  Depth IntInf | Incumbent    BestBd   Gap | It/Node Time

     0     0 13068.6724    0  120          - 13068.6724      -     -    0s
     0     0 13366.6742    0  145          - 13366.6742      -     -    0s
     0     0 13369.2659    0  142          - 13369.2659      -     -    0s
     0     0 13882.4621    0  164          - 13882.4621      -     -    1s
     0     0 14001.9839    0  222          - 14001.9839      -     -    1s
     0     0 14006.8512    0  241          - 14006.8512      -     -    1s
     0     0 14013.4408    0  249          - 14013.4408      -     -    1s
     0     0 14013.4408    0  249          - 14013.4408      -     -    1s
     0     0 14107.3982    0  283          - 14107.3982      -     -    2s
     0     0 14121.5558    0  275          - 14121.5558      -     -    2s
     0     0 14138.7352    0  296          - 14138.7352      -     -    2s
     0     0 14214.7248    0  318          - 14214.7248      -     -    2s
     0     0 14229.0860    0  321          - 14229.0860      -     -    2s
     0     0 14231.6719    0  297          - 14231.6719      -     -    2s
     0     0 14231.8529    0  311          - 14231.8529      -     -    2s
     0     0 14279.3596    0  353          - 14279.3596      -     -    3s
     0     0 14292.9283    0  346          - 14292.9283      -     -    3s
     0     0 14302.2360    0  386          - 14302.2360      -     -    3s
     0     0 14305.1338    0  384          - 14305.1338      -     -    3s
     0     0 14305.2947    0  382          - 14305.2947      -     -    3s
     0     0 14337.7038    0  400          - 14337.7038      -     -    4s
     0     0 14342.2906    0  423          - 14342.2906      -     -    4s
     0     0 14344.8647    0  413          - 14344.8647      -     -    4s
     0     0 14345.1767    0  452          - 14345.1767      -     -    4s
     0     0 14348.1478    0  362          - 14348.1478      -     -    4s
     0     0 14348.1478    0  358          - 14348.1478      -     -    5s
     0     2 14348.1478    0  358          - 14348.1478      -     -    6s
    46    51 14496.1919   13  219          - 14372.5417      -   287   10s
   142   155 14894.6071   34  144          - 14372.5417      -   231   15s
   302   345 15338.2070   55  145          - 14372.5417      -   157   20s
   604   599 15664.3058   92  163          - 14372.5417      -  95.5   25s
   734   710 16165.2085  158  132          - 14372.5417      -  93.7   30s
   746   714 17647.9150  225  426          - 14372.5417      -  93.8   35s
   761   724 14469.6877   12  537          - 14448.1196      -  92.0   40s
   774   733 16217.8825  117  548          - 14466.5347      -  90.4   46s
   782   738 15926.9086   99  533          - 14476.6529      -  89.5   50s
   793   746 15957.7047  128  531          - 14480.7967      -  88.3   55s
   801   752 18287.0800  249  150          - 14481.1453      -   100   60s
   813   760 15589.6387   90  575          - 14481.2726      -  99.0   65s
   818   764 15350.3370   60  593          - 14481.4081      -  98.4   70s
   821   766 16779.5950  189  571          - 14481.4130      -  98.0   75s
   844   784 14518.4728   32  473          - 14504.1110      -   114   80s
   884   815 14564.0996   41  423          - 14504.1110      -   127   85s
   936   851 14607.7994   51  402          - 14504.1110      -   136   90s
   980   883 14680.3393   63  357          - 14504.1110      -   143   95s
  1051   933 14757.9268   79  317          - 14504.1110      -   150  100s
  1116   979 14992.8361   95  208          - 14504.1110      -   155  105s
  1168  1018 15049.4830  107  249          - 14504.1110      -   159  110s
  1250  1073 15368.9633  129  265          - 14504.1110      -   165  116s
  1317  1130 15262.4710  145  271          - 14504.1110      -   171  120s
  1410  1205 15414.3849  177  145          - 14504.1110      -   171  125s
  1548  1291 16165.8275  225   67          - 14504.1110      -   167  130s
  1715  1392 14753.6095   34  395          - 14504.9157      -   162  137s
  1806  1393 14566.6486   35  528          - 14504.9157      -   157  140s
  1868  1408 14593.0281   39  463          - 14504.9157      -   159  147s
  1886  1424 14626.6128   44  433          - 14504.9157      -   163  150s
  1910  1437 14802.9048   50  422          - 14504.9157      -   167  155s
  1944  1463 14682.5251   56  473          - 14504.9157      -   172  160s
  1989  1493 14852.8085   65  374          - 14504.9157      -   178  166s
  2026  1533 14990.2875   73  157          - 14504.9157      -   180  172s
  2089  1578 14972.5992   86  283          - 14504.9157      -   182  177s
  2121  1606 15109.8749   92  313          - 14504.9157      -   183  180s
  2228  1722 15344.5280  111  191          - 14504.9157      -   182  186s
  2311  1827 15628.7763  131  108          - 14504.9157      -   180  191s
  2446  1883 16779.0825  169   35          - 14510.0364      -   175  196s
  2587  1953 14648.0007   32  494          - 14510.0364      -   171  202s
  2692  2036 14790.7274   35  447          - 14510.0364      -   169  207s
  2883  1962 14808.8373   34  468          - 14510.0364      -   161  212s
  2932  1956 14875.2600   38  338          - 14510.0364      -   160  216s
  2958  1965 14864.1814   44  140          - 14510.0364      -   164  224s
  2960  1972 14942.3350   44  134          - 14510.0364      -   164  226s
  2967  1982 14965.3010   45  143          - 14510.0364      -   166  230s
  2997  2008 15077.6056   55  103          - 14510.0364      -   170  237s
  3016  2017 15109.8015   59   63          - 14510.0364      -   172  240s
  3048  2038 15276.6431   64  141          - 14510.0364      -   176  246s
  3063  2057 15414.6451   67  129          - 14510.0364      -   178  250s
  3113  2107 15568.7352   83   85          - 14510.0364      -   181  257s
  3153  2140 15637.2256   93   80          - 14510.0364      -   182  261s
  3188  2174 15832.5397  104  155          - 14510.0364      -   183  266s
  3222  2279 15941.2074  112   94          - 14510.0364      -   185  272s
  3327  2467 16477.9450  138   53          - 14510.0364      -   183  280s
  3597  2569 16598.5533  159   35          - 14517.3094      -   172  288s
  3734  2640 14666.5756   31  520          - 14517.3094      -   169  293s
  3767  2674 14733.4756   33  503          - 14517.3094      -   170  298s
  3801  2742 14761.2082   35  457          - 14517.3094      -   172  304s
  3873  2822 14780.6579   39  333          - 14517.3094      -   172  314s
  3951  2903 14848.4691   44  270          - 14517.3094      -   172  324s
  3975  2904 16516.9952  151    6          - 14517.3094      -   172  325s
  4096  2948 14822.3944   43  412          - 14517.3094      -   170  331s
  4109  2963 14884.0962   46  295          - 14517.3094      -   172  335s
  4124  2985 15010.3602   42  299          - 14517.3094      -   174  340s
  4146  3017 14872.8056   47  352          - 14517.3094      -   175  345s
  4178  3055 14931.9282   55   75          - 14517.3094      -   177  351s
  4216  3102 14982.7054   60   70          - 14517.3094      -   178  357s
  4263  3158 15031.6398   62   19          - 14517.3094      -   180  368s
  4319  3236 15032.8987   71  186          - 14517.3094      -   181  375s
  4397  3396 15127.3160   79   80          - 14517.3094      -   182  386s
  4595  3474 15370.1348   84   55          - 14517.3094      -   179  395s
  4654  3569 15412.8431   96   99          - 14517.3094      -   181  408s
  4749  3738 15422.5548  124   46          - 14517.3094      -   180  420s
  4946  3785 16216.9800  163    5          - 14523.6008      -   176  431s
  5046  3866 15031.7435   32  371          - 14523.6008      -   175  443s
  5094  3928 15160.3072   40  370          - 14523.6008      -   177  451s
  5174  4062 15365.3753   46  286          - 14523.6008      -   177  461s
  5309  4247 15487.6437   66   36          - 14523.6008      -   177  474s
  5327  4248 15512.3225   71   37          - 14523.6008      -   177  475s
  5571  4406 15591.1925   71   95          - 14533.0860      -   173  491s
  5781  4477 14713.5304   31  480          - 14533.0860      -   172  502s
  5811  4517 14829.9013   41  309          - 14533.0860      -   174  511s
  5851  4563 14928.6458   51  264          - 14533.0860      -   175  520s
  5897  4651 15130.3935   62   82          - 14533.6214      -   178  535s
  6009  4791 14699.0250   32  505          - 14533.6214      -   177  547s
  6137  4881 14895.2346   42  341          - 14533.6214      -   177  560s
  6275  4960 14979.8133   49  315          - 14533.6214      -   175  571s
  6330  5024 15218.9251   64  215          - 14533.6214      -   177  580s
  6394  5255 15381.5826   75  109          - 14550.3478      -   179  596s
  6674  5438 14742.2409   32  473          - 14550.3478      -   177  612s
  6889  5477 14893.6332   39  366          - 14550.3478      -   175  625s
  6901  5507 14896.0668   40  382          - 14550.3478      -   176  635s
  6931  5537 15134.2399   48  324          - 14550.3478      -   179  644s
  6961  5610 15114.2433   55  230          - 14551.2893      -   180  659s
  7054  5656 14797.7101   37  461          - 14551.2893      -   181  671s
  7090  5804 14946.4926   44  340          - 14551.2893      -   183  687s
  7257  5811 16049.3800  122    -          - 14551.2893      -   181  690s
  7266  5913 15097.4002   52  343          - 14551.2893      -   181  707s
  7365  6057 15459.9055   76  220          - 14554.4976      -   182  727s
  7551  6175 14976.4441   34  403          - 14554.4976      -   183  745s
  7647  6318 15405.5309   45  343          - 14554.4976      -   184  767s
  7848  6468 15635.3619   71   17          - 14554.4976      -   184  788s
  7949  6468 14900.8323   40  310          - 14554.4976      -   184  790s
  7975  6675 16037.0917  110   17          - 14554.7913      -   185  810s
  8262  6829 14798.3134   35  601          - 14554.7913      -   184  829s
  8327  6829 15662.1324   84  140          - 14554.7913      -   185  830s
  8376  6933 15129.0551   47  314          - 14554.7913      -   185  846s
  8532  7191 15334.1349   60  104          - 14555.8349      -   185  869s
  8568  7191 15474.7281   76   52          - 14555.8349      -   186  870s
  8858  7507 14793.1459   35  461          - 14555.8349      -   183  895s
  9246  7561 17865.1700  191    -          - 14555.8349      -   178  900s
  9279  7637 15132.8457   47  208          - 14555.8349      -   178  914s
  9297  7637 15395.3843   57  129          - 14555.8349      -   179  915s
  9338  7824 15458.3875   61   96          - 14558.8383      -   180  935s
  9573  7927 14863.0314   31  370          - 14558.8383      -   180  954s
  9602  7927 15177.5722   46   37          - 14558.8383      -   181  955s
  9652  8086 15219.7628   54   45          - 14558.8383      -   182  972s
  9825  8100 15883.2600  110    -          - 14558.8383      -   182  975s
  9853  8400 15688.0231   71   30          - 14558.8459      -   182  998s
  9962  8400 16556.2702  115   52          - 14558.8459      -   181 1000s
 10240  8478 14864.9782   34  397          - 14564.4141      -   180 1025s
 10277  8549 15324.4243   44  338          - 14564.4141      -   181 1041s
 10348  8798 15328.2179   62  146          - 14564.4141      -   183 1061s
 10597  9022 15905.1050  104   27          - 14564.5516      -   182 1082s
 10837  9055 17166.9727  138   56          - 14564.8565      -   181 1085s
 10957  9122 14881.8205   36  432          - 14564.8565      -   180 1099s
 11006  9272 15590.2109   47  267          - 14564.8565      -   181 1117s
 11168  9397 15881.1388   68  127          - 14567.6226      -   182 1135s
 11331  9477 14998.9403   38  359          - 14567.6226      -   182 1152s
 11389  9595 15510.5796   57  306          - 14567.6226      -   183 1168s
 11507  9883 15853.2725   88   87          - 14568.2890      -   184 1188s
 11525  9883 15907.5282   95   79          - 14568.2890      -   184 1214s
 11579  9883 16062.2983  113   29          - 14568.2890      -   184 1215s
 11835 10220 14870.3385   40  433          - 14568.2890      -   183 1241s
 12129 10241 17218.8333  149   20          - 14568.2890      -   182 1245s
 12220 10330 15391.3397   53  325          - 14568.2890      -   181 1266s
 12398 10516 15664.7788   77  111          - 14568.2890      -   180 1287s
 12551 10598 16714.5400  117    8          - 14571.6341      -   181 1305s
 12652 10664 14934.8083   44  435          - 14571.6341      -   182 1320s
 12704 10756 15301.6220   56  321          - 14571.6341      -   183 1336s
 12796 11047 15468.1254   74   67          - 14576.3380      -   184 1358s
 13215 11226 14797.7350   39  454          - 14578.7204      -   182 1379s
 13333 11416 15301.3251   56  253          - 14578.7204      -   183 1396s
 13571 11568 15546.8026  110   54          - 14579.3012      -   182 1415s
 13757 11651 14999.1088   48  382          - 14579.3012      -   182 1432s
 13812 11847 15157.9102   57  242          - 14579.3012      -   183 1452s
 14146 12014 15669.5149   77  110          - 14579.3012      -   181 1475s
 14260 12181 15892.3807   93   32          - 14580.7942      -   182 1495s
 14493 12414 14857.4295   40  258          - 14580.7942      -   182 1518s
 14618 12414 16321.7251  109   17          - 14580.7942      -   182 1520s
 14705 12516 15551.9982   55  258          - 14580.7942      -   182 1675s
 14805 12690 15755.3805   78  108          - 14580.7942      -   182 1699s
 14823 12690 15751.2153   86   58          - 14580.7942      -   182 1700s
 15086 13006 16104.8431  102   96          - 14586.4950      -   180 1750s
 15374 13038 17808.9733  196    5          - 14586.4950      -   178 1755s
 15460 13178 15064.7877   35  457          - 14586.4950      -   179 1774s
 15582 13347 15692.7650   49  290          - 14586.4950      -   179 1796s
 15603 13347 15850.3162   58   99          - 14586.4950      -   180 1814s
 15660 13347 16406.9550  126   42          - 14586.4950      -   180 1815s
 15786 13613 15864.1287   70  160          - 14590.7557      -   179 1840s
 16092 13651 18242.2300  158    8          - 14590.7557      -   177 1845s
 16140 13790 14922.3230   39  428          - 14590.7557      -   178 1866s
 16270 13970 15278.1251   53  324          - 14590.7557      -   178 1892s
 16444 13976 16803.6250  146   17          - 14590.7557      -   178 1895s
 16520 14102 15493.0349   64  192          - 14590.7557      -   178 1912s
 16630 14261 15935.4028   87   36          - 14593.9300      -   179 1932s
 16874 14395 14972.0018   41  479          - 14593.9300      -   178 1950s
 16962 14589 15437.8283   66  196          - 14593.9300      -   179 1969s
 16980 14589 15489.9769   77  138          - 14593.9300      -   179 1970s
 17146 14593 15891.1103   97   37          - 14593.9300      -   179 1985s
 17166 14816 16456.3137  112   50          - 14593.9662      -   179 2007s
 17494 14933 15256.5609   42  328          - 14596.9815      -   178 2026s
 17524 14933 15934.7262   63  149          - 14596.9815      -   178 2051s
 17563 15095 16011.1656   68  153          - 14599.3141      -   179 2070s
 17781 15257 14641.8667   33  470          - 14599.3141      -   179 2090s
 17933 15334 14741.6042   41  385          - 14599.3141      -   179 2110s
 18056 15418 14850.2392   49  269          - 14599.3141      -   180 2127s
 18117 15557 14958.9665   57  221          - 14599.3141      -   181 2149s
 18135 15557 15342.3562   59   60          - 14599.3141      -   182 2150s
 18352 15657 15071.9419   66  212          - 14599.3141      -   181 2168s
 18404 15836 15706.6756   87   61          - 14601.0181      -   182 2191s
 18641 16018 14810.0215   33  444          - 14601.0181      -   182 2217s
 18655 16018 15907.5398   75   48          - 14601.0181      -   182 2220s
 18799 16031 16699.5751  142   59          - 14601.0181      -   181 2226s
 18844 16082 15513.0497   45  278          - 14601.0181      -   181 2244s
 18871 16082 14691.6113   38  639          - 14601.0181      -   182 2245s
 18883 16179 15888.7814   56   40          - 14601.0181      -   182 2265s
 18980 16341 16130.6647   83   67          - 14601.2797      -   183 2290s
 19186 16412 14836.0827   48  441          - 14601.2797      -   184 2312s
 19236 16500 15406.7336   63  253          - 14601.2797      -   184 2331s
 19324 16673 15728.3270   78  233          - 14601.2797      -   185 2351s
 19497 16846 16251.4593  116   22          - 14602.3394      -   186 2375s
 19752 16955 15017.5510   43  542          - 14602.7801      -   185 2397s
 19826 17065 15526.3495   57  398          - 14602.7801      -   186 2419s
 20025 17164 15731.2682   65  317          - 14602.7801      -   185 2440s
 20079 17332 15932.6155   72  411          - 14602.7801      -   186 2463s
 20255 17705 15970.2878   93  236          - 14604.4173      -   186 2492s
 20273 17705 16134.1624   99   87          - 14604.4173      -   186 2508s
 20345 17705 16373.4209  119   47          - 14604.4173      -   186 2510s
 20718 17783 14887.4222   39  450          - 14604.9098      -   184 2534s
 20749 17840 15441.0377   48  249          - 14604.9098      -   185 2554s
 20806 17933 15665.1409   59  149          - 14604.9098      -   186 2574s
 20824 17933 15795.6445   67  161          - 14604.9098      -   186 2575s
 20909 18060 15919.1845   77  132          - 14604.9098      -   187 2596s
 21085 18172 16170.4394  110   21          - 14607.6079      -   187 2617s
 21234 18276 15269.3273   41  268          - 14607.6079      -   187 2636s
 21306 18479 15504.7221   58  120          - 14607.6079      -   187 2657s
 21537 18551 15473.6326   72  165          - 14607.6079      -   187 2675s
 21595 18623 15723.8367   94  136          - 14609.1606      -   188 2692s
 21707 18688 15432.7004   41  395          - 14609.1606      -   188 2710s
 21752 18771 15611.1549   57  295          - 14609.1606      -   189 2725s
 21835 18953 15755.9765   68  278          - 14609.1606      -   189 2745s
 22051 19179 16169.7476   96  119          - 14610.6969      -   189 2769s
 22105 19179 16566.4579  109  113          - 14610.6969      -   189 2770s
 22318 19292 14814.0999   40  422          - 14610.6969      -   189 2791s
 22406 19409 15649.5375   51  372          - 14610.6969      -   189 2811s
 22571 19553 16015.2047   64  238          - 14610.6969      -   189 2830s
 22699 19696 16557.6251  103  133          - 14613.0099      -   190 2852s
 22864 19785 14882.8530   42  540          - 14613.0099      -   190 2872s
 22940 20006 15764.8889   58  223          - 14613.0099      -   190 2898s
 23070 20006 16209.9744  103   61          - 14613.0099      -   190 2900s
 23187 20140 15902.2643   96   14          - 14615.5392      -   190 2922s
 23362 20214 15146.8052   32  455          - 14615.5392      -   190 2941s
 23418 20362 15445.2591   44  358          - 14615.5392      -   191 2964s
 23549 20362 16125.7267  100   37          - 14615.5392      -   191 2966s
 23566 20593 15646.6733   67   34          - 14615.5392      -   191 2988s
 23698 20604 16336.1549  119  107          - 14615.5392      -   191 2990s
 23849 20732 16007.0663   71   90          - 14615.8053      -   190 3015s
 24040 20848 14848.5183   35  444          - 14615.8053      -   190 3034s
 24117 20955 15350.0824   46  383          - 14615.8053      -   191 3052s
 24250 21015 15657.5406   55  298          - 14615.8053      -   191 3070s
 24297 21111 15844.3074   63  272          - 14615.8053      -   191 3091s
 24393 21350 15988.4621   88   67          - 14619.0630      -   192 3114s
 24447 21350 16169.3237  113   26          - 14619.0630      -   192 3115s
 24700 21420 14889.9941   42  461          - 14619.0630      -   191 3134s
 24720 21420 16053.4300  102   28          - 14619.0630      -   191 3135s
 24754 21519 15614.9807   56  295          - 14619.0630      -   191 3152s
 24844 21739 15969.5579   81   89          - 14620.8937      -   192 3182s
 25060 21759 16753.6177  160   10          - 14620.8937      -   191 3185s
 25160 22058 14883.9002   40  551          - 14620.8937      -   191 3210s
 25501 22127 15166.5204   49  521          - 14620.8937      -   190 3230s
 25535 22200 15323.1231   62  247          - 14620.8937      -   191 3247s
 25608 22375 15664.6842   80   51          - 14623.3010      -   191 3275s
 25827 22482 14840.8622   44  461          - 14623.3010      -   191 3298s
 25907 22488 15486.9500   91    8          - 14623.3010      -   191 3300s
 25974 22616 15469.1757   61  118          - 14623.3010      -   191 3323s
 26064 22617 15843.7097  106   17          - 14623.3010      -   191 3325s
 26079 22715 15868.5115   91   70          - 14625.1639      -   192 3344s
 26097 22715 16118.7190  113   53          - 14625.1639      -   192 3345s
 26233 22804 15272.9517   40  329          - 14625.1639      -   192 3367s
 26302 22967 15148.8720   46  215          - 14625.1639      -   192 3391s
 26571 23070 15208.1243   55  156          - 14625.1639      -   192 3418s
 26619 23150 15295.6285   77  275          - 14625.1639      -   192 3436s
 26713 23348 15673.3582   93   90          - 14625.1639      -   193 3462s
 26937 23364 16033.4500  120    -          - 14625.1639      -   193 3465s
 26956 23443 16102.1505  133   71          - 14625.7183      -   193 3483s
 27049 23464 14820.9580   35  539          - 14625.7183      -   192 3485s
 27067 23508 15316.9821   41  414          - 14625.7183      -   193 3505s
 27111 23597 15585.2897   50  342          - 14625.7183      -   194 3524s
 27132 23597 15550.7947   67  342          - 14625.7183      -   194 3525s
 27212 23773 15768.5469   59  182          - 14625.9094      -   194 3547s
 27466 24020 14808.8544   50  416          - 14625.9094      -   193 3570s
 27715 24180 15762.0597   67  152          - 14626.6866      -   193 3592s
 27909 24223 14840.3165   47  478          - 14626.6866      -   192 3600s

Cutting planes:
  User: 5223
  Gomory: 27
  Cover: 373
  Implied bound: 122
  Projected implied bound: 3
  Clique: 40
  MIR: 86
  StrongCG: 2
  Flow cover: 268
  GUB cover: 3
  Zero half: 17
  Network: 1
  RLT: 240
  Relax-and-lift: 3
  Lazy constraints: 5077

Explored 27924 nodes (5379572 simplex iterations) in 3600.23 seconds
Thread count was 2 (of 32 available processors)

Solution count 0

Time limit reached
Best objective -, best bound 1.462668661221e+04, gap -

User-callback calls 343657, time in user-callback 371.47 sec
writeSolution() exp: Unable to retrieve attribute 'X'
================================================================================
executing instance: ./input/Instances/Original/1/absH3high_2n45.dat
--------------------------------------------------------------------------------
Instance details
n	46
H	3
C	3171
Li:
[0, 0, 0, 0, 0, 0, 0, 0, 0, 0, 0, 0, 0, 0, 0, 0, 0, 0, 0, 0, 0, 0, 0, 0, 0, 0, 0, 0, 0, 0, 0, 0, 0, 0, 0, 0, 0, 0, 0, 0, 0, 0, 0, 0, 0, 0, ]
Ui:
[0, 246, 160, 78, 20, 87, 144, 40, 20, 82, 60, 96, 24, 136, 160, 108, 160, 26, 228, 51, 24, 240, 231, 70, 32, 105, 174, 114, 246, 126, 132, 76, 22, 42, 255, 132, 148, 162, 66, 111, 102, 240, 123, 201, 297, 78, ]
Distance matrix:
|0	148	402	550	329	420	187	318	366	280	504	273	233	333	112	344	379	481	113	593	159	523	261	424	90	359	163	461	413	240	105	299	265	89	371	462	339	273	495	22	41	439	369	506	563	468	|
|148	0	284	517	394	284	136	369	244	311	496	166	329	355	223	202	338	388	204	565	254	506	118	346	71	423	173	471	336	118	105	352	198	105	248	428	302	305	487	153	179	441	230	497	517	370	|
|402	284	0	350	448	80	228	406	42	343	382	129	456	350	412	126	219	131	382	395	410	371	180	137	314	466	289	400	137	167	389	401	169	316	39	280	217	342	373	394	414	362	108	380	324	106	|
|550	517	350	0	339	429	385	308	374	295	93	375	431	249	481	461	180	239	458	48	445	57	474	214	496	333	387	160	216	424	601	321	320	471	376	90	217	301	93	530	534	146	452	88	52	262	|
|329	394	448	339	0	513	282	42	438	105	255	363	115	108	221	484	259	431	217	365	172	289	436	362	333	30	224	189	353	380	423	47	291	296	443	285	240	107	251	307	294	193	495	260	378	437	|
|420	284	80	429	513	0	267	473	76	408	462	163	509	421	449	86	298	201	421	474	455	451	167	217	330	533	333	478	217	181	386	466	225	341	70	360	291	406	453	416	438	440	59	460	400	176	|
