




arguments: ./build/bc_mirp -f ./input/orig_exec_254.cfg
Current dir: /scratch/gui/bc_mirp
File verbosity level: 9
date       time         ( uptime  ) [ thread name/id ]                   file:line     v| 
2021-02-16 07:53:40.111 (   0.146s) [main thread     ]             loguru.cpp:789   INFO| Logging to './output/vi_vc+hc1_full/OU/V3/Original/execution_16_02_2021_07_53_40.log', mode: 'a', verbosity: 9
--------------------------------------------------------------------------------
Parameters
                           instance_path           ./input/Instances/Original/6/
                            model_policy                                       1
                             nb_vehicles                                       3
                              output_dir ./output/vi_vc+hc1_full/OU/V3/Original/
                            sec_strategy                                       1
                       solver_nb_threads                                       2
                         solver_show_log                                    true
                       solver_time_limit                                    3600
                              use_vi_cos                                   false
                              use_vi_cus                                   false
                         use_vi_hc1_full                                    true
                         use_vi_hc1_half                                   false
                      use_vi_hc1_quarter                                   false
                              use_vi_hc2                                   false
                              use_vi_hc3                                   false
                         use_vi_lex_full                                   false
                         use_vi_lex_half                                   false
                      use_vi_lex_quarter                                   false
                              use_vi_qua                                   false
                               use_vi_vc                                    true
                               use_vi_vr                                   false
--------------------------------------------------------------------------------
executing instance: ./input/Instances/Original/6/absH6high_1n25.dat
--------------------------------------------------------------------------------
Instance details
n	26
H	6
C	1711
Li:
[0, 0, 0, 0, 0, 0, 0, 0, 0, 0, 0, 0, 0, 0, 0, 0, 0, 0, 0, 0, 0, 0, 0, 0, 0, 0, ]
Ui:
[0, 168, 176, 34, 66, 36, 177, 106, 118, 182, 64, 141, 189, 63, 46, 111, 182, 231, 36, 66, 68, 54, 132, 90, 246, 75, ]
Distance matrix:
|0	191	200	231	334	329	146	196	208	245	218	164	283	394	151	358	156	196	309	253	201	260	127	138	130	104	|
|191	0	226	229	278	146	328	216	390	417	327	293	195	334	106	296	171	122	472	151	12	411	280	53	190	130	|
|200	226	0	38	149	359	321	10	276	274	418	364	139	204	121	173	321	115	303	141	225	236	155	202	311	256	|
|231	229	38	0	110	352	358	37	314	310	448	395	108	167	129	135	342	109	336	120	226	268	194	213	335	277	|
|334	278	149	110	0	367	467	147	422	413	546	495	86	61	203	25	423	163	429	129	271	363	303	282	424	361	|
|329	146	359	352	367	0	453	349	533	562	411	393	282	411	245	378	250	244	617	245	141	556	426	195	284	243	|
|146	328	321	358	467	453	0	321	162	215	160	112	425	524	297	491	223	341	284	397	339	266	186	276	184	210	|
|196	216	10	37	147	349	321	0	281	281	414	360	132	203	112	171	315	105	311	132	216	244	159	193	305	249	|
|208	390	276	314	422	533	162	281	0	54	321	271	410	471	316	445	348	348	123	398	398	115	125	338	313	309	|
|245	417	274	310	413	562	215	281	54	0	375	323	413	457	334	435	393	361	70	406	424	69	139	367	359	349	|
|218	327	418	448	546	411	160	414	321	375	0	57	484	606	347	569	163	393	444	446	339	421	318	288	137	199	|
|164	293	364	395	495	393	112	360	271	323	57	0	437	556	300	519	144	346	393	401	305	367	261	249	109	163	|
|283	195	139	108	86	282	425	132	410	413	484	437	0	139	137	101	349	91	443	44	187	375	286	206	355	291	|
|394	334	204	167	61	411	524	203	471	457	606	556	139	0	264	38	483	222	467	183	326	403	356	341	484	421	|
|151	106	121	129	203	245	297	112	316	334	347	300	137	264	0	225	220	46	381	102	106	316	195	84	221	158	|
|358	296	173	135	25	378	491	171	445	435	569	519	101	38	225	0	444	184	450	145	288	384	328	303	446	383	|
|156	171	321	342	423	250	223	315	348	393	163	144	349	483	220	444	0	261	460	308	183	415	284	143	39	65	|
|196	122	115	109	163	244	341	105	348	361	393	346	91	222	46	184	261	0	402	56	118	336	224	119	264	200	|
|309	472	303	336	429	617	284	311	123	70	444	393	443	467	381	450	460	402	0	442	477	68	192	424	426	413	|
|253	151	141	120	129	245	397	132	398	406	446	401	44	183	102	145	308	56	442	0	143	375	273	164	315	251	|
|201	12	225	226	271	141	339	216	398	424	339	305	187	326	106	288	183	118	477	143	0	416	286	63	202	142	|
|260	411	236	268	363	556	266	244	115	69	421	367	375	403	316	384	415	336	68	375	416	0	135	365	384	363	|
|127	280	155	194	303	426	186	159	125	139	318	261	286	356	195	328	284	224	192	273	286	135	0	232	256	229	|
|138	53	202	213	282	195	276	193	338	367	288	249	206	341	84	303	143	119	424	164	63	365	232	0	153	89	|
|130	190	311	335	424	284	184	305	313	359	137	109	355	484	221	446	39	264	426	315	202	384	256	153	0	64	|
|104	130	256	277	361	243	210	249	309	349	199	163	291	421	158	383	65	200	413	251	142	363	229	89	64	0	|

--------------------------------------------------------------------------------
Building model...
	using lazy and cut (CVRPSEP package)
Solving IRP LP...
--------------------------------------------------------------------------------

Gurobi 9.1.0 (linux64) logging started Tue Feb 16 07:53:40 2021

Gurobi Optimizer version 9.1.0 build v9.1.0rc0 (linux64)
Thread count: 32 physical cores, 32 logical processors, using up to 2 threads
Optimize a model with 1886 rows, 6950 columns and 21254 nonzeros
Model fingerprint: 0x337aea0a
Variable types: 632 continuous, 6318 integer (468 binary)
Coefficient statistics:
  Matrix range     [1e+00, 6e+02]
  Objective range  [1e-01, 6e+02]
  Bounds range     [1e+00, 2e+02]
  RHS range        [1e+00, 3e+03]
Presolve removed 364 rows and 581 columns
Presolve time: 0.11s
Presolved: 1522 rows, 6369 columns, 19048 nonzeros
Variable types: 489 continuous, 5880 integer (5434 binary)

Root relaxation: objective 1.362516e+04, 1670 iterations, 0.06 seconds

    Nodes    |    Current Node    |     Objective Bounds      |     Work
 Expl Unexpl |  Obj  Depth IntInf | Incumbent    BestBd   Gap | It/Node Time

     0     0 13625.1570    0  202          - 13625.1570      -     -    0s
     0     0 13865.2910    0  208          - 13865.2910      -     -    0s
     0     0 13885.2311    0  201          - 13885.2311      -     -    0s
     0     0 13887.6836    0  201          - 13887.6836      -     -    0s
     0     0 13887.8527    0  200          - 13887.8527      -     -    0s
     0     0 14591.6705    0  323          - 14591.6705      -     -    1s
     0     0 14656.0276    0  381          - 14656.0276      -     -    1s
     0     0 14674.3029    0  405          - 14674.3029      -     -    1s
     0     0 14738.4898    0  392          - 14738.4898      -     -    1s
     0     0 14756.5971    0  419          - 14756.5971      -     -    1s
     0     0 14771.6290    0  402          - 14771.6290      -     -    1s
     0     0 14802.9041    0  387          - 14802.9041      -     -    1s
     0     0 14818.1719    0  389          - 14818.1719      -     -    1s
     0     0 14818.7701    0  381          - 14818.7701      -     -    1s
     0     0 15139.4792    0  442          - 15139.4792      -     -    2s
     0     0 15207.5976    0  445          - 15207.5976      -     -    2s
     0     0 15232.6068    0  474          - 15232.6068      -     -    3s
     0     0 15236.2050    0  504          - 15236.2050      -     -    3s
     0     0 15241.3324    0  511          - 15241.3324      -     -    3s
     0     0 15252.4803    0  476          - 15252.4803      -     -    3s
     0     0 15252.5047    0  501          - 15252.5047      -     -    3s
     0     0 15525.3946    0  447          - 15525.3946      -     -    4s
     0     0 15595.3343    0  475          - 15595.3343      -     -    4s
     0     0 15633.1139    0  471          - 15633.1139      -     -    4s
     0     0 15646.7022    0  474          - 15646.7022      -     -    4s
     0     0 15646.8020    0  528          - 15646.8020      -     -    4s
     0     0 15682.0129    0  419          - 15682.0129      -     -    5s
     0     0 15726.1061    0  384          - 15726.1061      -     -    5s
     0     0 15741.1810    0  381          - 15741.1810      -     -    5s
     0     0 15742.1944    0  384          - 15742.1944      -     -    5s
     0     0 15753.1076    0  441          - 15753.1076      -     -    5s
     0     0 15754.3725    0  432          - 15754.3725      -     -    6s
     0     0 15766.6579    0  429          - 15766.6579      -     -    6s
     0     0 15769.9674    0  450          - 15769.9674      -     -    6s
     0     2 15769.9674    0  450          - 15769.9674      -     -    7s
    19    22 15836.7817    6  501          - 15808.7879      -   684   10s
    43    46 16111.2129   12  434          - 15808.7879      -   777   15s
    91    99 16265.3508   24  361          - 15808.7879      -   564   20s
   195   219 16842.3275   35  296          - 15808.7879      -   404   25s
   378   417 17173.6749   48  294          - 15808.7879      -   258   30s
   517   533 17361.1232   54  266          - 15808.7879      -   203   36s
   581   578 17612.0140   75  269          - 15808.7879      -   214   40s
   711   771 18550.1334  151  131          - 15808.7879      -   209   45s
   873   854 21161.7987  252   34          - 15818.2867      -   181   50s
   902   870 20832.6938  241  450          - 15818.2867      -   191   55s
   915   878 19829.5707  185  611          - 16222.1530      -   189   60s
   927   886 16251.8917    6  594          - 16251.8917      -   186   65s
   930   888 17952.2722  112  650          - 16258.3515      -   186   73s
   935   892 19800.3375  207  663          - 16262.4380      -   185   75s
   946   900 21190.8975  250  492          - 16263.0152      -   205   80s
   954   906 17184.5901   60  648          - 16263.0152      -   204   85s
   961   910 18055.9600  118  641          - 16264.3325      -   202   90s
   976   923 16357.1593   27  544          - 16284.6300      -   226   95s
  1000   940 16426.9745   33  492          - 16284.6300      -   238  100s
  1035   966 16479.0676   42  433          - 16284.6300      -   248  105s
  1065   986 16645.8363   51  386          - 16284.6300      -   258  110s
  1104  1014 16754.4426   59  429          - 16284.6300      -   269  115s
  1139  1041 16866.1744   67  383          - 16284.6300      -   277  120s
  1190  1079 17013.0475   78  402          - 16284.6300      -   287  126s
  1232  1109 17170.1498   85  395          - 16284.6300      -   291  130s
  1281  1144 17216.3466   96  411          - 16284.6300      -   296  135s
  1348  1198 17286.9071  110  389          - 16284.6300      -   302  141s
  1421  1273 17355.9344  117  381          - 16284.6300      -   300  145s
  1534  1371 17539.0671  125  320          - 16284.6300      -   290  150s
* 1654  1322             242    20077.780000 16284.6300  18.9%   276  153s
  1669  1340 17847.0586  152  227 20077.7800 16284.6300  18.9%   277  155s
  1769  1385 16464.5019   29  555 20077.7800 16284.6300  18.9%   271  160s
  1824  1442 19488.6126  224  121 20077.7800 16323.4887  18.7%   269  166s
  1871  1441 16459.0394   31  466 20077.7800 16323.4887  18.7%   271  170s
H 1878  1345                    19269.650000 16323.4887  15.3%   274  173s
  1888  1350 16500.2689   35  519 19269.6500 16323.4887  15.3%   276  175s
  1909  1369 16570.8260   40  466 19269.6500 16323.4887  15.3%   282  180s
H 1910  1302                    19097.490000 16323.4887  14.5%   281  180s
H 1947  1271                    18870.310000 16323.4887  13.5%   284  185s
  1986  1283 16684.3709   62  266 18870.3100 16323.4887  13.5%   282  191s
  2011  1315 16858.2413   67  230 18870.3100 16323.4887  13.5%   282  195s
  2052  1346 16874.3465   72  169 18870.3100 16323.4887  13.5%   280  202s
  2098  1456 17113.1708   85  202 18870.3100 16323.4887  13.5%   278  206s
  2246  1471 17587.5981  106  116 18870.3100 16323.4887  13.5%   267  212s
H 2335  1403                    18864.310000 16323.4887  13.5%   261  212s
  2337  1404     cutoff  124      18864.3100 16330.0851  13.4%   264  215s
  2378  1417 16867.7038   38  490 18864.3100 16330.0851  13.4%   270  222s
  2389  1426 16856.0648   39  456 18864.3100 16330.0851  13.4%   274  226s
H 2402  1404                    18860.220000 16330.0851  13.4%   278  229s
  2420  1428 17026.5896   46  317 18860.2200 16330.0851  13.4%   282  232s
  2450  1465 17102.3500   50  271 18860.2200 16330.0851  13.4%   284  236s
H 2481  1419                    18836.580000 16330.0851  13.3%   283  236s
  2497  1453 17496.4164   62  179 18836.5800 16330.0851  13.3%   285  240s
  2537  1527 17818.3974   69  196 18836.5800 16330.8967  13.3%   287  246s
H 2560  1473                    18732.470000 16330.8967  12.8%   286  246s
H 2641  1411                    18711.070000 16330.8967  12.7%   283  247s
  2650  1495 16477.5403   30  478 18711.0700 16330.8967  12.7%   283  252s
  2746  1543 16954.0594   40  406 18711.0700 16330.8967  12.7%   279  257s
  2838  1591 17785.6214   56  225 18711.0700 16337.8831  12.7%   276  264s
  2915  1640 16506.8618   30  521 18711.0700 16337.8831  12.7%   275  275s
H 2941  1640                    18692.490000 16337.8831  12.6%   276  275s
  2968  1684 16974.0912   39  419 18692.4900 16337.8831  12.6%   275  280s
H 3042  1706                    18686.880000 16337.8831  12.6%   273  286s
  3077  1744 16540.2800   33  484 18686.8800 16338.4454  12.6%   275  291s
  3115  1782 16709.8759   37  513 18686.8800 16338.4454  12.6%   277  296s
  3171  1807 16672.9541   44  402 18686.8800 16338.4454  12.6%   278  302s
  3196  1833 16908.6732   51  408 18686.8800 16338.4454  12.6%   281  307s
  3222  1925 16997.1757   56  349 18686.8800 16338.4454  12.6%   284  315s
H 3247  1909                    18657.330000 16338.4454  12.4%   285  316s
  3334  1970 17131.0405   71  285 18657.3300 16338.4454  12.4%   281  323s
  3395  2131 17581.6510   99  176 18657.3300 16338.4454  12.4%   282  331s
  3558  2141 18433.1519  161   79 18657.3300 16357.1786  12.3%   277  338s
  3587  2180 16993.1939   34  474 18657.3300 16357.1786  12.3%   280  345s
  3626  2252 17563.2224   52  242 18657.3300 16357.1968  12.3%   281  362s
* 3664  2208              90    18591.150000 16357.1968  12.0%   279  362s
  3714  2226 16720.5648   33  532 18591.1500 16357.1968  12.0%   282  371s
H 3725  2225                    18589.640000 16357.1968  12.0%   282  371s
  3768  2282 16880.6469   42  476 18589.6400 16357.1968  12.0%   283  377s
  3825  2308 18238.2458   85  252 18589.6400 16358.5993  12.0%   283  385s
H 3858  2125                    18405.250000 16358.5993  11.1%   286  385s
  3861  2146 16619.5709   29  572 18405.2500 16358.5993  11.1%   286  393s
  3898  2211 16903.1422   46  363 18405.2500 16358.5993  11.1%   289  405s
H 3940  2210                    18403.810000 16358.5993  11.1%   288  405s
  3963  2241 18273.1369   88  227 18403.8100 16374.9724  11.0%   290  414s
H 4017  2259                    18396.469849 16380.9316  11.0%   293  422s
  4041  2293 16966.3010   42  390 18396.4698 16380.9316  11.0%   299  429s
  4075  2365 17386.2539   51  364 18396.4698 16380.9316  11.0%   303  444s
  4156  2365 18032.3352   72  183 18396.4698 16380.9316  11.0%   305  445s
  4165  2377 18287.1464   70  175 18396.4698 16381.9928  11.0%   306  452s
  4190  2428 16758.0803   37  446 18396.4698 16381.9928  11.0%   311  461s
  4250  2457 17003.2433   43  398 18396.4698 16381.9928  11.0%   314  469s
  4279  2500 17225.6319   48  423 18396.4698 16381.9928  11.0%   318  481s
  4346  2637 17392.5031   58  278 18396.4698 16381.9928  11.0%   320  493s
H 4509  2630                    18386.550000 16381.9928  10.9%   315  494s
  4510  2644     cutoff  107      18386.5500 16394.1930  10.8%   316  505s
  4536  2717 16560.7112   30  673 18386.5500 16394.1930  10.8%   321  516s
  4629  2746 16971.7466   36  611 18386.5500 16394.1930  10.8%   323  527s
  4658  2811 17120.6985   42  426 18386.5500 16394.1930  10.8%   326  538s
  4723  2849 17833.5602   57  387 18386.5500 16401.0057  10.8%   327  548s
H 4768  2849                    18384.860000 16401.0057  10.8%   328  548s
  4793  2923 16994.1018   32  526 18384.8600 16404.4198  10.8%   330  564s
  4884  2991 16605.6779   32  480 18384.8600 16409.9981  10.7%   332  578s
  4952  3104 17291.3325   59  315 18384.8600 16411.0963  10.7%   333  593s
  5103  3226 16894.2973   33  521 18384.8600 16414.4272  10.7%   329  607s
  5257  3349 16711.0943   40  480 18384.8600 16416.3959  10.7%   328  621s
  5402  3423 16638.9930   33  524 18384.8600 16421.1848  10.7%   328  637s
  5503  3459 16694.2419   34  556 18384.8600 16426.6482  10.7%   331  651s
  5539  3575 17002.2263   43  419 18384.8600 16426.6482  10.7%   339  666s
  5665  3682 17529.7677   79  135 18384.8600 16426.8779  10.6%   340  683s
H 5802  3686                    18360.210000 16426.9745  10.5%   341  701s
  5861  3768 16841.4494   39  454 18360.2100 16431.8847  10.5%   344  719s
  5958  3812 16799.4328   33  520 18360.2100 16437.0277  10.5%   347  733s
  6002  3863 17100.5762   44  410 18360.2100 16437.0277  10.5%   351  750s
H 6039  3797                    18300.610000 16437.0277  10.2%   354  750s
  6053  3868 17485.2901   61  301 18300.6100 16437.0277  10.2%   355  767s
  6136  3931     cutoff   77      18300.6100 16437.2768  10.2%   359  786s
H 6242  4000                    18288.250000 16441.6505  10.1%   362  803s
  6360  4081 16831.7344   43  447 18288.2500 16448.1018  10.1%   364  822s
  6466  4165 16741.2230   35  491 18288.2500 16449.1848  10.1%   366  842s
  6577  4275 16845.4445   33  491 18288.2500 16451.4291  10.0%   368  863s
  6706  4275 17935.3214   64  239 18288.2500 16452.5979  10.0%   368  865s
  6749  4330 16726.3869   38  505 18288.2500 16452.5979  10.0%   367  882s
  6804  4461 17082.8872   54  281 18288.2500 16452.5979  10.0%   371  901s
  6961  4517 17960.9055   87  113 18288.2500 16460.8851  10.0%   370  919s
  7046  4601 17326.6645   57  306 18288.2500 16461.2514  10.0%   372  938s
  7150  4742 17445.0471   48  371 18288.2500 16462.7186  10.0%   374  959s
  7213  4742 17345.5176   61  384 18288.2500 16471.3934  9.93%   374  960s
  7327  4854 16890.5405   36  542 18288.2500 16472.3951  9.93%   373  986s
H 7456  4798                    18262.200000 16473.2993  9.80%   373  987s
  7457  4854 16521.8871   28  533 18262.2000 16473.2993  9.80%   374 1007s
H 7482  4123                    17992.200000 16473.2993  8.44%   375 1007s
  7513  4195 17191.8332   53  519 17992.2000 16473.3331  8.44%   375 1034s
  7565  4195 17583.9052   74  315 17992.2000 16475.5621  8.43%   376 1035s
  7617  4273 16785.4337   37  630 17992.2000 16477.5403  8.42%   378 1062s
H 7673  4268                    17990.690000 16477.5403  8.41%   380 1063s
  7703  4327 16946.9913   31  434 17990.6900 16478.2831  8.41%   382 1085s
  7783  4461 16864.8992   41  484 17990.6900 16480.3856  8.39%   385 1112s
  7939  4598 16985.9582   38  454 17990.6900 16481.3758  8.39%   385 1140s
  8108  4705 17055.1423   44  556 17990.6900 16487.5669  8.36%   385 1167s
  8241  4780 16970.9015   44  317 17990.6900 16491.0244  8.34%   386 1190s
  8346  4962 17211.6951   49  382 17990.6900 16493.3415  8.32%   389 1221s
  8579  5025 17201.0650   48  415 17990.6900 16494.6751  8.32%   388 1249s
  8668  5113 16846.4929   38  496 17990.6900 16496.1780  8.31%   392 1277s
  8792  5167 17148.1363   39  559 17990.6900 16503.0830  8.27%   394 1302s
H 8832  4535                    17834.710000 16503.0830  7.47%   395 1303s
  8866  4599 17325.0144   51  423 17834.7100 16504.0534  7.46%   396 1328s
  8956  4649 17290.6999   45  521 17834.7100 16505.2881  7.45%   398 1353s
  9028  4738 17079.2677   39  421 17834.7100 16506.9071  7.45%   402 1379s
  9143  4809 16988.1165   41  527 17834.7100 16511.3616  7.42%   404 1406s
  9236  4898 16802.9582   35  473 17834.7100 16513.1599  7.41%   406 1433s
  9325  4954 17543.8804   64  210 17834.7100 16513.4260  7.41%   410 1459s
H 9379  4671                    17769.710000 16513.4260  7.07%   411 1459s
H 9414  4708                    17766.710000 16513.4280  7.05%   413 1489s
  9482  4790 16862.2495   35  493 17766.7100 16517.2043  7.03%   416 1518s
H 9508  4704                    17742.270000 16517.2043  6.90%   419 1518s
  9564  4818 17018.1050   45  481 17742.2700 16517.2043  6.90%   420 1546s
  9707  4936 17371.0312   64  415 17742.2700 16517.5894  6.90%   422 1574s
H 9811  4799                    17705.230000 16517.5894  6.71%   422 1575s
  9877  4852 16898.4447   37  461 17705.2300 16520.3670  6.69%   423 1603s
  9956  4910 17289.9371   48  440 17705.2300 16521.8968  6.68%   427 1630s
 10040  4985 17175.7601   48  544 17705.2300 16523.4828  6.67%   430 1658s
 10135  5111 16879.9762   31  581 17705.2300 16523.5100  6.67%   432 1692s
 10275  5219 17457.6275   62  302 17705.2300 16527.6948  6.65%   434 1721s
 10433  5334 16703.8553   36  419 17705.2300 16529.1930  6.64%   435 1760s
 10563  5397 17013.6272   52  454 17705.2300 16532.4504  6.62%   438 1791s
 10654  5454 16896.7729   35  450 17705.2300 16534.1042  6.61%   441 1821s
 10735  5581 16769.2222   37  448 17705.2300 16536.6270  6.60%   445 1851s
 10883  5738 17413.8757   63   89 17705.2300 16540.0242  6.58%   446 1887s
 11101  5865 17133.9408   47  446 17705.2300 16540.9251  6.58%   444 1917s
 11267  5937 17024.6726   38  491 17705.2300 16543.9735  6.56%   443 1952s
H11313  5453                    17611.420000 16543.9735  6.06%   443 1952s
 11359  5512 17057.5027   43  373 17611.4200 16546.2931  6.05%   443 1982s
 11470  5671 16895.5678   35  595 17611.4200 16546.4328  6.05%   446 2013s
 11686  5761 17099.8585   37  499 17611.4200 16550.2582  6.03%   445 2046s
 11814  5811 17089.5525   34  432 17611.4200 16553.3739  6.01%   447 2078s
H11933  5884                    17604.420000 16555.8918  5.96%   450 2107s
 12076  5938     cutoff   55      17604.4200 16558.0144  5.94%   451 2141s
 12213  6024 17253.1346   53  314 17604.4200 16560.9200  5.93%   453 2172s
 12332  6117 16826.8244   38  493 17604.4200 16569.9820  5.88%   455 2203s
 12461  6209 16907.9481   42  366 17604.4200 16574.2054  5.85%   458 2238s
 12593  6285 16813.5630   41  499 17604.4200 16575.1482  5.85%   461 2268s
 12721  6359 16873.7667   50  433 17604.4200 16576.8972  5.84%   463 2298s
 12815  6474 17264.1196   52  361 17604.4200 16581.3333  5.81%   466 2331s
 13014  6539 17381.2643   44  350 17604.4200 16584.5505  5.79%   466 2361s
 13161  6631 16806.5930   36  491 17604.4200 16589.3291  5.77%   468 2393s
 13296  6719 16838.3113   34  513 17604.4200 16590.7779  5.76%   470 2428s
 13414  6860 17413.2433   53  531 17604.4200 16594.7980  5.74%   472 2461s
 13604  6963 16915.3472   31  544 17604.4200 16601.0055  5.70%   472 2497s
 13765  7057 16777.1414   31  597 17604.4200 16604.5439  5.68%   473 2533s
 13887  7140 17512.8944   50  363 17604.4200 16605.8000  5.67%   474 2565s
 14043  7225 17045.3328   43  436 17604.4200 16607.8880  5.66%   475 2602s
H14187  6986                    17557.140000 16610.4406  5.39%   478 2636s
 14315  7072 17536.4556   55  381 17557.1400 16613.0011  5.38%   478 2673s
 14459  7256 16875.0329   43  452 17557.1400 16616.2859  5.36%   480 2710s
 14675  7378 17023.1507   54  392 17557.1400 16619.2000  5.34%   479 2746s
 14871  7507 16732.6771   33  581 17557.1400 16620.2684  5.34%   479 2787s
 15051  7629 17291.1031   47  300 17557.1400 16621.7011  5.33%   479 2823s
 15212  7725 16716.4933   34  479 17557.1400 16623.6145  5.32%   480 2857s
 15353  7809 17054.6285   41  385 17557.1400 16625.5205  5.31%   481 2893s
 15485  7929 16926.5456   42  473 17557.1400 16626.5833  5.30%   482 2926s
 15641  7987 17534.8056   51  331 17557.1400 16628.9321  5.29%   483 2960s
 15792  8114 16950.8220   38  588 17557.1400 16630.6972  5.28%   485 2996s
 15943  8197 16916.3541   39  557 17557.1400 16630.8879  5.28%   486 3029s
 16064  8277 17182.8017   51  584 17557.1400 16631.3139  5.27%   488 3064s
 16123  8277 17321.3049   51  366 17557.1400 16632.0187  5.27%   490 3065s
 16202  8365 17312.4253   51  255 17557.1400 16634.0766  5.26%   490 3098s
 16364  8483 16906.3022   36  449 17557.1400 16639.5775  5.23%   491 3136s
 16536  8619 16949.4041   33  459 17557.1400 16642.3244  5.21%   492 3174s
 16730  8703 16986.6492   39  548 17557.1400 16644.3029  5.20%   492 3208s
 16876  8844 16987.2535   49  477 17557.1400 16647.1446  5.18%   493 3247s
 17077  8934 17112.9130   37  249 17557.1400 16650.1307  5.17%   493 3282s
 17236  9030 17164.6262   39  449 17557.1400 16652.1536  5.15%   495 3319s
 17392  9144 16770.7500   31  572 17557.1400 16653.7017  5.15%   496 3357s
 17544  9248 17040.5534   45  446 17557.1400 16654.7564  5.14%   498 3393s
 17696  9307 16801.7959   40  468 17557.1400 16655.3901  5.14%   499 3432s
 17832  9402 17049.6886   50  459 17557.1400 16656.8725  5.13%   501 3466s
 17971  9527 17051.2859   45  283 17557.1400 16658.3917  5.12%   502 3511s
 18141  9701 17043.6283   36  499 17557.1400 16659.9397  5.11%   502 3553s
 18388  9797 16854.6113   36  406 17557.1400 16662.2567  5.10%   500 3594s
 18537  9808 16782.3419   34  562 17557.1400 16663.4480  5.09%   500 3600s

Cutting planes:
  User: 5547
  Gomory: 56
  Cover: 437
  Implied bound: 275
  Projected implied bound: 16
  Clique: 29
  MIR: 285
  StrongCG: 2
  Flow cover: 544
  GUB cover: 1
  Zero half: 23
  Network: 5
  RLT: 314
  Relax-and-lift: 16
  Lazy constraints: 547

Explored 18548 nodes (9292720 simplex iterations) in 3600.11 seconds
Thread count was 2 (of 32 available processors)

Solution count 10: 17557.1 17604.4 17611.4 ... 17992.2

Time limit reached
Best objective 1.755714000000e+04, best bound 1.666344796498e+04, gap 5.0902%

User-callback calls 311826, time in user-callback 194.69 sec
================================================================================
executing instance: ./input/Instances/Original/6/absH6high_1n20.dat
--------------------------------------------------------------------------------
Instance details
n	21
H	6
C	1651
Li:
[0, 0, 0, 0, 0, 0, 0, 0, 0, 0, 0, 0, 0, 0, 0, 0, 0, 0, 0, 0, 0, ]
Ui:
[0, 36, 182, 182, 90, 261, 117, 30, 110, 42, 276, 153, 40, 94, 144, 46, 129, 213, 264, 160, 174, ]
Distance matrix:
|0	371	401	343	361	341	370	115	392	400	79	266	292	245	355	431	265	194	95	92	348	|
|371	0	37	141	110	250	117	438	67	131	372	305	115	238	247	255	235	296	392	430	185	|
|401	37	0	175	100	284	146	472	90	156	406	342	152	275	280	282	242	333	415	455	178	|
|343	141	175	0	239	110	38	374	95	60	314	182	67	130	106	127	318	201	397	423	303	|
|361	110	100	239	0	341	222	451	177	240	385	374	190	304	341	361	151	345	354	398	78	|
|341	250	284	110	341	0	143	337	203	151	289	102	152	97	15	95	394	156	415	431	398	|
|370	117	146	38	222	143	0	407	61	30	346	220	81	167	137	139	317	237	417	447	292	|
|115	438	472	374	451	337	407	0	443	434	66	241	339	251	351	431	374	181	201	177	450	|
|392	67	90	95	177	203	61	443	0	66	379	275	104	216	197	193	294	283	427	461	252	|
|400	131	156	60	240	151	30	434	66	0	374	237	112	189	142	127	344	261	448	477	312	|
|79	372	406	314	385	289	346	66	379	374	0	202	275	197	304	383	316	134	175	166	388	|
|266	305	342	182	374	102	220	241	275	237	202	0	191	70	117	196	386	73	352	359	415	|
|292	115	152	67	190	152	81	339	104	112	275	191	0	123	154	193	252	183	336	366	246	|
|245	238	275	130	304	97	167	251	216	189	197	70	123	0	110	187	322	72	319	334	346	|
|355	247	280	106	341	15	137	351	197	142	304	117	154	110	0	80	399	171	427	444	400	|
|431	255	282	127	361	95	139	431	193	127	383	196	193	187	80	0	444	251	499	519	429	|
|265	235	242	318	151	394	317	374	294	344	316	386	252	322	399	444	0	332	226	273	97	|
|194	296	333	201	345	156	237	181	283	261	134	73	183	72	171	251	332	0	279	286	375	|
|95	392	415	397	354	415	417	201	427	448	175	352	336	319	427	499	226	279	0	47	321	|
|92	430	455	423	398	431	447	177	461	477	166	359	366	334	444	519	273	286	47	0	368	|
|348	185	178	303	78	398	292	450	252	312	388	415	246	346	400	429	97	375	321	368	0	|

--------------------------------------------------------------------------------
Building model...
	using lazy and cut (CVRPSEP package)
Solving IRP LP...
--------------------------------------------------------------------------------

Gurobi 9.1.0 (linux64) logging started Tue Feb 16 08:53:43 2021

Gurobi Optimizer version 9.1.0 build v9.1.0rc0 (linux64)
Thread count: 32 physical cores, 32 logical processors, using up to 2 threads
Optimize a model with 1521 rows, 4665 columns and 14619 nonzeros
Model fingerprint: 0xf396e6eb
Variable types: 507 continuous, 4158 integer (378 binary)
Coefficient statistics:
  Matrix range     [1e+00, 6e+02]
  Objective range  [1e-01, 5e+02]
  Bounds range     [1e+00, 3e+02]
  RHS range        [1e+00, 3e+03]
Presolve removed 304 rows and 471 columns
Presolve time: 0.09s
Presolved: 1217 rows, 4194 columns, 12818 nonzeros
Variable types: 389 continuous, 3805 integer (3454 binary)

Root relaxation: objective 1.303524e+04, 1507 iterations, 0.06 seconds

    Nodes    |    Current Node    |     Objective Bounds      |     Work
 Expl Unexpl |  Obj  Depth IntInf | Incumbent    BestBd   Gap | It/Node Time

     0     0 13035.2370    0  196          - 13035.2370      -     -    0s
     0     0 13261.2426    0  208          - 13261.2426      -     -    0s
     0     0 13271.2969    0  168          - 13271.2969      -     -    0s
     0     0 13271.2969    0  168          - 13271.2969      -     -    0s
     0     0 13545.4905    0  314          - 13545.4905      -     -    0s
     0     0 13655.9198    0  315          - 13655.9198      -     -    1s
     0     0 13672.1591    0  339          - 13672.1591      -     -    1s
     0     0 13676.7269    0  320          - 13676.7269      -     -    1s
     0     0 13692.7191    0  334          - 13692.7191      -     -    1s
     0     0 13714.4020    0  324          - 13714.4020      -     -    1s
     0     0 13715.5540    0  338          - 13715.5540      -     -    1s
     0     0 13715.5970    0  326          - 13715.5970      -     -    1s
     0     0 13880.1743    0  328          - 13880.1743      -     -    1s
     0     0 13908.1968    0  348          - 13908.1968      -     -    1s
     0     0 13921.1903    0  362          - 13921.1903      -     -    1s
     0     0 13922.8496    0  375          - 13922.8496      -     -    1s
     0     0 13923.5865    0  355          - 13923.5865      -     -    1s
     0     0 13923.7199    0  358          - 13923.7199      -     -    1s
     0     0 14061.5966    0  377          - 14061.5966      -     -    2s
     0     0 14088.7114    0  363          - 14088.7114      -     -    2s
     0     0 14122.2397    0  406          - 14122.2397      -     -    2s
     0     0 14125.0882    0  386          - 14125.0882      -     -    3s
     0     0 14125.7409    0  417          - 14125.7409      -     -    3s
     0     0 14148.1413    0  399          - 14148.1413      -     -    3s
     0     0 14158.5553    0  414          - 14158.5553      -     -    3s
     0     0 14161.1696    0  445          - 14161.1696      -     -    3s
     0     0 14162.1757    0  451          - 14162.1757      -     -    3s
     0     0 14171.2516    0  390          - 14171.2516      -     -    3s
     0     0 14174.2705    0  381          - 14174.2705      -     -    3s
     0     0 14174.6571    0  402          - 14174.6571      -     -    3s
     0     0 14177.1539    0  419          - 14177.1539      -     -    3s
     0     0 14178.9243    0  411          - 14178.9243      -     -    4s
     0     2 14178.9243    0  398          - 14178.9243      -     -    4s
     1     4 14179.9735    1  472          - 14179.6101      -   270    5s
    43    46 14507.6131   13  480          - 14220.5400      -   666   10s
   102   109 15243.4736   29  272          - 14220.5400      -   541   15s
   238   255 16703.0360   77  202          - 14220.5400      -   345   20s
   475   483 18587.2880   91  163          - 14220.5400      -   222   25s
   575   588 14794.3434    8  501          - 14221.9087      -   212   30s
   763   751 20882.5205  154  213          - 14221.9087      -   177   35s
   778   761 15503.0293   47  607          - 14476.7198      -   174   42s
   788   768 16467.6846   43  629          - 14497.3105      -   171   45s
   800   777 24019.9429  220  341          - 14498.2824      -   184   50s
   816   788 24250.7133  229  639          - 14509.7222      -   181   55s
   829   799 14572.1810   25  520          - 14526.0877      -   194   60s
   864   824 14694.9473   34  533          - 14572.4495      -   212   65s
   902   850 15043.7197   44  495          - 14572.4495      -   225   70s
   939   875 15060.1511   54  453          - 14572.4495      -   234   75s
   982   907 15302.4402   63  484          - 14572.4495      -   243   82s
  1011   930 15342.6313   70  505          - 14572.4495      -   246   85s
  1067   972 15549.7393   84  498          - 14572.4495      -   254   90s
  1125  1008 15885.2532   95  493          - 14572.4495      -   256   95s
  1176  1056 16155.7895  104  444          - 14572.4495      -   259  100s
  1247  1076 16485.5016  121  403          - 14572.4495      -   260  105s
  1317  1141 17201.2704  148  316          - 14572.4495      -   261  110s
  1406  1175 15597.9211   42  428          - 14572.4495      -   259  115s
  1491  1303 19058.8636  217  163          - 14572.4495      -   258  121s
  1656  1342 22678.2322  288   20          - 14586.1708      -   243  125s
  1744  1383 15076.4605   41  419          - 14586.1708      -   244  131s
  1795  1431 15643.3258   45  336          - 14586.1708      -   246  136s
  1879  1509 15552.5050   51  367          - 14586.1708      -   244  141s
  1937  1545 15530.8801   55  330          - 14586.1708      -   242  153s
  1992  1617 15668.5071   61  283          - 14586.1708      -   239  155s
  2225  1721 15917.1240   82  323          - 14586.1708      -   226  163s
  2297  1736 16006.9560   85  329          - 14586.1708      -   223  166s
  2349  1752 15377.3638   40  339          - 14586.1708      -   225  170s
  2396  1822 16568.6483  115  264          - 14586.1708      -   227  176s
  2486  1852 15637.6120   52  338          - 14586.1708      -   225  180s
  2579  2081 17861.1197  148  195          - 14586.1708      -   223  188s
  2777  2116 20188.2603  190   31          - 14613.6137      -   213  194s
  2931  2123 14932.1001   36  431          - 14613.6137      -   207  198s
  2962  2145 14954.6851   37  441          - 14613.6137      -   208  202s
  2995  2171 15433.9133   41  425          - 14613.6137      -   209  206s
  3032  2215 15581.8404   43  331          - 14613.6137      -   210  210s
  3148  2307 15928.4013   51  314          - 14613.6137      -   210  218s
  3225  2442 16036.1167   60  330          - 14613.6137      -   209  224s
  3285  2442 19276.9255  152  146          - 14613.6137      -   209  225s
  3658  2681 16713.8801   77  248          - 14613.6137      -   193  236s
  3705  2711 16826.6002   79  269          - 14613.6137      -   193  240s
  3778  2783 17593.7731   94  209          - 14613.6137      -   195  248s
  3807  2812 17776.7160   98  229          - 14613.6137      -   197  253s
  3836  2866 18000.8294  106  213          - 14613.6137      -   198  258s
  3890  2929 18914.1187  118  150          - 14613.6137      -   199  269s
  3953  3121 19379.3675  129   91          - 14613.6137      -   198  277s
  4167  3145 infeasible  177               - 14618.0847      -   192  284s
  4201  3165 14990.1999   36  513          - 14618.0847      -   193  289s
  4221  3188 15656.7684   40  358          - 14618.0847      -   195  295s
  4244  3219 15600.3382   43  395          - 14618.0847      -   196  304s
  4275  3251 15697.2729   47  336          - 14618.0847      -   197  310s
  4307  3298 15801.9004   55  342          - 14618.0847      -   198  315s
  4354  3363 16120.8187   65  261          - 14618.0847      -   199  322s
  4419  3444 16819.3503   81  157          - 14618.0847      -   199  329s
  4500  3571 17335.3088  100  224          - 14618.0847      -   199  336s
  4627  3679 18034.6561  126   56          - 14618.6324      -   198  346s
  4753  3779 15037.9196   34  401          - 14618.6324      -   196  355s
  4844  3877 15400.1228   39  401          - 14618.6324      -   196  368s
  4942  4127 15442.1726   45  396          - 14618.6324      -   195  383s
  5130  4127 18219.9038  150   48          - 14618.6324      -   191  385s
  5264  4199 15589.6077   50  323          - 14618.6324      -   188  393s
  5300  4234 15707.9893   61  333          - 14618.6324      -   189  400s
  5335  4293 16108.3773   70  280          - 14618.6324      -   191  408s
  5394  4394 16220.4875   84  208          - 14618.6324      -   192  417s
  5495  4618 17133.3339  107  125          - 14622.4414      -   192  434s
  5631  4618 18362.9466  142   81          - 14622.4414      -   189  435s
  5769  4724 15030.7205   30  456          - 14622.4414      -   187  445s
  5850  4826 15442.9923   42  407          - 14622.4414      -   188  457s
  5958  4945 15542.4917   49  394          - 14622.4414      -   187  469s
  6046  4947 18815.2209  159   15          - 14622.4414      -   186  475s
  6130  5012 15675.5846   56  374          - 14622.4414      -   185  485s
  6169  5072 15965.6923   62  396          - 14622.4414      -   187  493s
  6229  5291 16385.9985   80  130          - 14636.9638      -   188  507s
  6492  5351 15342.2749   32  474          - 14636.9638      -   185  520s
  6532  5413 15953.5906   41  362          - 14636.9638      -   186  529s
  6594  5555 16148.1589   54  311          - 14636.9638      -   188  542s
  6736  5760 16336.3942   62  261          - 14636.9638      -   187  556s
  6989  6077 16771.1634   86  114          - 14650.5065      -   184  577s
  7318  6138 15002.3446   30  448          - 14650.5065      -   180  589s
  7362  6186 15399.3659   45  419          - 14650.5065      -   182  601s
  7410  6256 15782.6810   51  322          - 14650.5065      -   184  616s
  7480  6366 16070.1788   66  327          - 14650.5065      -   185  631s
  7590  6648 16508.6807   87  261          - 14650.5065      -   186  653s
  7767  6648 18130.9911  122  109          - 14650.5065      -   186  655s
  7916  6775 17181.5677  113  198          - 14651.8845      -   184  670s
  8041  6820 15034.8559   36  444          - 14651.8845      -   184  682s
  8086  6885 15339.8886   45  436          - 14651.8845      -   186  698s
  8151  7132 15518.7122   56  356          - 14651.8845      -   188  715s
  8398  7303 15830.9283   72  315          - 14651.8845      -   187  732s
  8591  7588 16468.1163  102  193          - 14672.5246      -   186  751s
  8929  7689 14851.3019   30  502          - 14672.5246      -   183  767s
  8999  7885 15326.1111   43  400          - 14672.5246      -   184  781s
  9213  8083 15830.4000   55  309          - 14672.5246      -   184  796s
  9430  8307 16754.8005   87  140          - 14675.2214      -   183  814s
  9498  8307 17321.3999  107  114          - 14675.2214      -   182  815s
  9706  8400 14939.1166   34  523          - 14675.2214      -   181  830s
  9766  8547 15528.0141   48  459          - 14675.2214      -   182  847s
  9913  8781 16154.0296   60  273          - 14676.0457      -   183  863s
 10209  8855 15388.8710   35  449          - 14676.0925      -   181  878s
 10268  8928 16310.8618   55  329          - 14676.0925      -   182  890s
