




arguments: ./build/bc_mirp -f ./input/orig_exec_110.cfg
Current dir: /scratch/gui/bc_mirp
File verbosity level: 9
date       time         ( uptime  ) [ thread name/id ]                   file:line     v| 
2021-02-07 15:16:53.159 (   0.035s) [main thread     ]             loguru.cpp:789   INFO| Logging to './output/vi_vc+hc1_full/OU/V3/Original/execution_07_02_2021_15_16_53.log', mode: 'a', verbosity: 9
--------------------------------------------------------------------------------
Parameters
                           instance_path           ./input/Instances/Original/3/
                            model_policy                                       1
                             nb_vehicles                                       3
                              output_dir ./output/vi_vc+hc1_full/OU/V3/Original/
                            sec_strategy                                       1
                       solver_nb_threads                                       2
                         solver_show_log                                    true
                       solver_time_limit                                    3600
                              use_vi_cos                                   false
                              use_vi_cus                                   false
                         use_vi_hc1_full                                    true
                         use_vi_hc1_half                                   false
                      use_vi_hc1_quarter                                   false
                              use_vi_hc2                                   false
                              use_vi_hc3                                   false
                         use_vi_lex_full                                   false
                         use_vi_lex_half                                   false
                      use_vi_lex_quarter                                   false
                              use_vi_qua                                   false
                               use_vi_vc                                    true
                               use_vi_vr                                   false
--------------------------------------------------------------------------------
executing instance: ./input/Instances/Original/3/absH3low_2n5.dat
--------------------------------------------------------------------------------
Instance details
n	6
H	3
C	237
Li:
[0, 0, 0, 0, 0, 0, ]
Ui:
[0, 93, 180, 51, 114, 24, ]
Distance matrix:
|0	170	318	35	112	235	|
|170	0	311	205	258	301	|
|318	311	0	326	278	137	|
|35	205	326	0	89	230	|
|112	258	278	89	0	160	|
|235	301	137	230	160	0	|

--------------------------------------------------------------------------------
Building model...
	using lazy and cut (CVRPSEP package)
Solving IRP LP...
--------------------------------------------------------------------------------

Gurobi 9.1.0 (linux64) logging started Sun Feb  7 15:16:53 2021

Gurobi Optimizer version 9.1.0 build v9.1.0rc0 (linux64)
Thread count: 32 physical cores, 32 logical processors, using up to 2 threads
Optimize a model with 216 rows, 258 columns and 960 nonzeros
Model fingerprint: 0xc5a40f7f
Variable types: 69 continuous, 189 integer (54 binary)
Coefficient statistics:
  Matrix range     [1e+00, 2e+02]
  Objective range  [1e-02, 3e+02]
  Bounds range     [1e+00, 2e+02]
  RHS range        [1e+00, 5e+02]
Presolve removed 77 rows and 90 columns
Presolve time: 0.01s
Presolved: 139 rows, 168 columns, 622 nonzeros
Variable types: 35 continuous, 133 integer (95 binary)
Found heuristic solution: objective 3615.8500000

Root relaxation: objective 7.786662e+02, 183 iterations, 0.00 seconds

    Nodes    |    Current Node    |     Objective Bounds      |     Work
 Expl Unexpl |  Obj  Depth IntInf | Incumbent    BestBd   Gap | It/Node Time

     0     0  778.66616    0   27 3615.85000  778.66616  78.5%     -    0s
H    0     0                    2431.5200000  778.66616  68.0%     -    0s
H    0     0                    2100.1200000  778.66616  62.9%     -    0s
     0     0 1246.63987    0   52 2100.12000 1246.63987  40.6%     -    0s
H    0     0                    1842.3500000 1246.63987  32.3%     -    0s
     0     0 1288.38268    0   57 1842.35000 1288.38268  30.1%     -    0s
     0     0 1288.38268    0   62 1842.35000 1288.38268  30.1%     -    0s
     0     0 1598.75236    0   44 1842.35000 1598.75236  13.2%     -    0s
H    0     0                    1818.3500000 1598.75236  12.1%     -    0s
     0     0 1602.35088    0   51 1818.35000 1602.35088  11.9%     -    0s
     0     0 1603.14042    0   51 1818.35000 1603.14042  11.8%     -    0s
     0     0 1647.63100    0   56 1818.35000 1647.63100  9.39%     -    0s
H    0     0                    1764.3500000 1647.63100  6.62%     -    0s
     0     0 1648.70661    0   56 1764.35000 1648.70661  6.55%     -    0s
     0     0 1649.57066    0   57 1764.35000 1649.57066  6.51%     -    0s
     0     0 1664.89279    0   50 1764.35000 1664.89279  5.64%     -    0s
     0     0 1665.36148    0   53 1764.35000 1665.36148  5.61%     -    0s
     0     0 1684.78008    0   45 1764.35000 1684.78008  4.51%     -    0s
     0     0 1693.47444    0   55 1764.35000 1693.47444  4.02%     -    0s
     0     0 1693.47444    0   58 1764.35000 1693.47444  4.02%     -    0s
     0     0 1698.32978    0    5 1764.35000 1698.32978  3.74%     -    0s
H    0     0                    1720.8300000 1698.32978  1.31%     -    0s
     0     0 1703.55955    0   55 1720.83000 1703.55955  1.00%     -    0s
     0     0 1703.58510    0   56 1720.83000 1703.58510  1.00%     -    0s
     0     0 1707.24374    0   50 1720.83000 1707.24374  0.79%     -    0s
     0     0 1707.24374    0   19 1720.83000 1707.24374  0.79%     -    0s
     0     0 1707.24374    0   34 1720.83000 1707.24374  0.79%     -    0s
     0     0 1709.61257    0   33 1720.83000 1709.61257  0.65%     -    0s
     0     0     cutoff    0      1720.83000 1720.83000  0.00%     -    0s

Cutting planes:
  Cover: 6
  Implied bound: 5
  Clique: 4
  MIR: 13
  StrongCG: 1
  Flow cover: 7
  GUB cover: 1
  RLT: 3
  Relax-and-lift: 3

Explored 1 nodes (788 simplex iterations) in 0.15 seconds
Thread count was 2 (of 32 available processors)

Solution count 7: 1720.83 1764.35 1818.35 ... 3615.85

Optimal solution found (tolerance 1.00e-04)
Best objective 1.720830000000e+03, best bound 1.720830000000e+03, gap 0.0000%

User-callback calls 252, time in user-callback 0.01 sec
================================================================================
executing instance: ./input/Instances/Original/3/absH3high_5n30.dat
--------------------------------------------------------------------------------
Instance details
n	31
H	3
C	2296
Li:
[0, 0, 0, 0, 0, 0, 0, 0, 0, 0, 0, 0, 0, 0, 0, 0, 0, 0, 0, 0, 0, 0, 0, 0, 0, 0, 0, 0, 0, 0, 0, ]
Ui:
[0, 80, 90, 297, 28, 264, 123, 192, 112, 32, 72, 88, 294, 129, 126, 105, 110, 237, 246, 92, 72, 147, 54, 96, 128, 96, 84, 28, 74, 196, 192, ]
Distance matrix:
|0	87	302	65	389	171	219	120	412	339	129	63	169	401	383	158	393	161	246	275	64	287	345	235	13	274	106	201	85	358	135	|
|87	0	334	128	402	212	301	204	465	384	187	145	232	424	454	238	475	245	289	352	80	307	352	321	81	352	20	261	170	376	215	|
|302	334	0	239	113	132	237	334	157	70	404	263	162	105	227	229	339	251	65	217	259	53	107	352	293	220	339	134	270	75	235	|
|65	128	239	0	330	107	175	130	348	275	174	40	107	339	326	114	351	125	181	224	58	228	290	222	58	224	143	138	65	297	92	|
|389	402	113	330	0	226	349	438	210	151	502	360	269	48	316	339	441	362	175	328	335	102	55	465	377	330	401	245	371	37	342	|
|171	212	132	107	226	0	169	214	253	173	276	134	64	233	261	130	326	153	77	188	133	125	192	264	162	190	220	68	145	193	125	|
|219	301	237	175	349	169	0	157	257	223	244	157	105	334	180	62	175	61	177	63	233	264	334	118	221	61	317	112	136	312	85	|
|120	204	334	130	438	214	157	0	402	348	88	90	173	438	336	115	307	100	269	220	172	338	406	122	130	218	224	204	69	403	101	|
|412	465	157	348	210	253	257	402	0	88	486	359	245	166	129	287	266	303	178	204	386	208	239	370	406	207	473	212	354	187	304	|
|339	384	70	275	151	173	223	348	88	0	427	291	179	120	166	234	290	254	96	187	306	123	166	342	332	190	391	145	291	119	247	|
|129	187	404	174	502	276	244	88	486	427	0	142	248	508	424	200	390	187	342	308	193	400	464	192	142	306	207	281	136	469	182	|
|63	145	263	40	360	134	157	90	359	291	142	0	114	366	321	95	331	99	202	212	90	258	323	186	65	211	163	148	27	327	72	|
|169	232	162	107	269	64	105	173	245	179	248	114	0	266	222	71	268	94	97	131	155	173	244	203	164	132	245	34	113	233	73	|
|401	424	105	339	48	233	334	438	166	120	508	366	266	0	280	332	409	355	169	305	353	117	96	452	391	308	425	237	374	49	339	|
|383	454	227	326	316	261	180	336	129	166	424	321	222	280	0	231	137	238	208	116	376	277	331	272	381	118	467	197	307	285	253	|
|158	238	229	114	339	130	62	115	287	234	200	95	71	332	231	0	238	23	164	118	171	243	314	134	159	117	255	95	77	302	23	|
|393	475	339	351	441	326	175	307	266	290	390	331	268	409	137	238	0	232	300	138	408	383	445	204	395	136	492	258	308	406	260	|
|161	245	251	125	362	153	61	100	303	254	187	99	94	355	238	23	232	0	187	123	183	267	338	111	164	121	262	117	77	325	34	|
|246	289	65	181	175	77	177	269	178	96	342	202	97	169	208	164	300	187	0	168	210	87	157	290	238	171	296	70	206	138	170	|
|275	352	217	224	328	188	63	220	204	187	308	212	131	305	116	118	138	123	168	0	279	255	322	166	275	3	367	120	195	291	141	|
|64	80	259	58	335	133	233	172	386	306	193	90	155	353	376	171	408	183	210	279	0	236	289	276	51	279	90	182	117	307	150	|
|287	307	53	228	102	125	264	338	208	123	400	258	173	117	277	243	383	267	87	255	236	0	71	374	276	257	308	153	270	71	245	|
|345	352	107	290	55	192	334	406	239	166	464	323	244	96	331	314	445	338	157	322	289	71	0	445	334	325	350	224	337	54	315	|
|235	321	352	222	465	264	118	122	370	342	192	186	203	452	272	134	204	111	290	166	276	374	445	0	243	164	341	221	159	428	142	|
|13	81	293	58	377	162	221	130	406	332	142	65	164	391	381	159	395	164	238	275	51	276	334	243	0	274	100	196	89	347	136	|
|274	352	220	224	330	190	61	218	207	190	306	211	132	308	118	117	136	121	171	3	279	257	325	164	274	0	367	122	194	294	140	|
|106	20	339	143	401	220	317	224	473	391	207	163	245	425	467	255	492	262	296	367	90	308	350	341	100	367	0	272	188	377	232	|
|201	261	134	138	245	68	112	204	212	145	281	148	34	237	197	95	258	117	70	120	182	153	224	221	196	122	272	0	146	208	103	|
|85	170	270	65	371	145	136	69	354	291	136	27	113	374	307	77	308	77	206	195	117	270	337	159	89	194	188	146	0	337	54	|
|358	376	75	297	37	193	312	403	187	119	469	327	233	49	285	302	406	325	138	291	307	71	54	428	347	294	377	208	337	0	306	|
|135	215	235	92	342	125	85	101	304	247	182	72	73	339	253	23	260	34	170	141	150	245	315	142	136	140	232	103	54	306	0	|

--------------------------------------------------------------------------------
Building model...
	using lazy and cut (CVRPSEP package)
Solving IRP LP...
--------------------------------------------------------------------------------

Gurobi 9.1.0 (linux64) logging started Sun Feb  7 15:16:53 2021

Gurobi Optimizer version 9.1.0 build v9.1.0rc0 (linux64)
Thread count: 32 physical cores, 32 logical processors, using up to 2 threads
Optimize a model with 1141 rows, 4858 columns and 14560 nonzeros
Model fingerprint: 0xe042010d
Variable types: 394 continuous, 4464 integer (279 binary)
Coefficient statistics:
  Matrix range     [1e+00, 8e+02]
  Objective range  [1e-01, 5e+02]
  Bounds range     [1e+00, 3e+02]
  RHS range        [1e+00, 4e+03]
Presolve removed 305 rows and 409 columns
Presolve time: 0.09s
Presolved: 836 rows, 4449 columns, 12950 nonzeros
Variable types: 232 continuous, 4217 integer (3940 binary)

Root relaxation: objective 8.930138e+03, 835 iterations, 0.02 seconds

    Nodes    |    Current Node    |     Objective Bounds      |     Work
 Expl Unexpl |  Obj  Depth IntInf | Incumbent    BestBd   Gap | It/Node Time

     0     0 8930.13761    0   93          - 8930.13761      -     -    0s
     0     0 9265.93885    0  106          - 9265.93885      -     -    0s
     0     0 9711.07721    0  232          - 9711.07721      -     -    0s
     0     0 9768.14048    0  184          - 9768.14048      -     -    0s
     0     0 9768.40981    0  192          - 9768.40981      -     -    0s
     0     0 9872.27777    0  190          - 9872.27777      -     -    0s
     0     0 9882.54750    0  254          - 9882.54750      -     -    0s
     0     0 9883.97842    0  256          - 9883.97842      -     -    0s
     0     0 9884.18867    0  262          - 9884.18867      -     -    0s
     0     0 9906.68077    0  233          - 9906.68077      -     -    1s
     0     0 9914.95618    0  223          - 9914.95618      -     -    1s
     0     0 9917.63755    0  306          - 9917.63755      -     -    1s
     0     0 9919.54582    0  252          - 9919.54582      -     -    1s
     0     0 9920.78907    0  358          - 9920.78907      -     -    1s
     0     0 9922.86004    0  355          - 9922.86004      -     -    1s
     0     0 9926.11966    0  328          - 9926.11966      -     -    1s
     0     0 9926.39536    0  229          - 9926.39536      -     -    1s
     0     0 9930.15483    0  354          - 9930.15483      -     -    1s
     0     0 9931.56639    0  356          - 9931.56639      -     -    1s
     0     0 9931.94556    0  384          - 9931.94556      -     -    1s
     0     0 9935.86610    0  281          - 9935.86610      -     -    1s
     0     0 9936.56262    0  313          - 9936.56262      -     -    1s
     0     0 9939.76865    0  369          - 9939.76865      -     -    1s
     0     0 9939.76865    0  364          - 9939.76865      -     -    1s
     0     2 9940.61159    0  364          - 9940.61159      -     -    1s
   100   110 10271.3370   23  235          - 9953.33874      -   203    5s
*  418   351             128    12156.220000 9963.33208  18.0%  96.5    8s
   452   383 10172.8481   15  243 12156.2200 9963.33208  18.0%   107   10s
   574   529 10471.6842   43  154 12156.2200 9963.33208  18.0%   120   15s
H  743   625                    12034.220000 9963.33208  17.2%   102   18s
   754   632 10910.1443   91  367 12034.2200 10013.8669  16.8%   100   20s
H  763   605                    11910.220000 10033.3248  15.8%  99.2   24s
   768   608 10123.7370   12  360 11910.2200 10041.9082  15.7%  98.5   25s
H  794   595                    11902.300000 10061.3647  15.5%   104   29s
   795   595 10205.3895   18  155 11902.3000 10061.3647  15.5%   104   30s
H  795   565                    11869.360000 10061.3647  15.2%   104   30s
   814   578 10186.0981   11  388 11869.3600 10065.7861  15.2%   102   35s
   823   587 10076.4061   21  344 11869.3600 10070.4419  15.2%   108   41s
   857   612 10233.5223   30  292 11869.3600 10101.8577  14.9%   120   45s
H  902   615                    11844.360000 10101.8577  14.7%   128   48s
   918   626 10340.9371   45  280 11844.3600 10101.8577  14.7%   131   50s
   989   678 10433.0792   64  275 11844.3600 10101.8577  14.7%   145   55s
  1120   776 10598.8789   85  202 11844.3600 10101.8577  14.7%   155   60s
  1220   815 10595.8312  103  214 11844.3600 10101.8577  14.7%   157   65s
  1487   978 10839.1728  130  179 11844.3600 10101.8577  14.7%   145   70s
  1593  1043 11498.8673  166  121 11844.3600 10101.8577  14.7%   146   75s
  1709  1091 10315.9709   34  227 11844.3600 10104.2894  14.7%   146   80s
  1906  1238 11133.9880   99  121 11844.3600 10104.2894  14.7%   139   86s
  1989  1363 11402.7775  118   73 11844.3600 10104.2894  14.7%   136   91s
  2254  1390 10237.6292   27  303 11844.3600 10119.8088  14.6%   126   95s
  2280  1407 10538.7137   35  272 11844.3600 10119.8088  14.6%   130  100s
  2345  1470 10908.1525   48   32 11844.3600 10119.8088  14.6%   133  106s
  2437  1516 10792.4612   75  159 11844.3600 10119.8088  14.6%   133  110s
  2634  1691 10358.6562   33  179 11844.3600 10136.2360  14.4%   129  116s
  2752  1800 11024.8410  109   47 11844.3600 10167.8625  14.2%   127  121s
  2827  1851 10552.7339   38  217 11844.3600 10168.0769  14.2%   128  125s
  2940  1972 11152.4057  101  149 11844.3600 10168.0769  14.2%   127  131s
  3135  2124 11663.5155  165   61 11844.3600 10174.2088  14.1%   122  135s
  3197  2353 10811.1759   50   43 11844.3600 10174.2088  14.1%   123  140s
  3464  2464 10660.5019   30  211 11844.3600 10178.4045  14.1%   118  146s
  3675  2673 10357.6041   27  377 11844.3600 10183.5671  14.0%   117  152s
  3771  2842 10837.6951   54   77 11844.3600 10192.6109  13.9%   116  156s
  3959  2898 10467.4045   29  283 11844.3600 10199.3132  13.9%   113  160s
  4260  3384 10590.3827   29  179 11844.3600 10200.6070  13.9%   110  168s
  4544  3439 11538.4412  158   60 11844.3600 10203.2240  13.9%   105  172s
  4607  3482     cutoff  185      11844.3600 10206.4306  13.8%   106  181s
  4653  3739 10660.0476   51  177 11844.3600 10206.4894  13.8%   107  185s
  4953  3791     cutoff  206      11844.3600 10214.6701  13.8%   103  190s
  5140  3961 10927.5227   50   67 11844.3600 10218.6127  13.7%   104  198s
  5253  3975 infeasible   83      11844.3600 10220.0529  13.7%   104  202s
  5266  4080 10436.0487   29  323 11844.3600 10220.4891  13.7%   105  206s
  5371  4163 10971.0870   75   53 11844.3600 10224.1620  13.7%   105  211s
  5496  4238 10425.7909   27  306 11844.3600 10225.2190  13.7%   105  215s
  5585  4350 10733.8151   37  229 11844.3600 10225.2190  13.7%   106  220s
  5697  4603 11110.2330   56  130 11844.3600 10231.3107  13.6%   106  225s
  6012  4719 infeasible  180      11844.3600 10234.8743  13.6%   103  231s
  6142  4904 11150.6692   47   80 11844.3600 10242.3599  13.5%   103  237s
  6359  4980     cutoff   73      11844.3600 10245.8025  13.5%   101  242s
  6438  5132 10903.7210   81   33 11844.3600 10247.3133  13.5%   102  248s
  6640  5285 10965.1493   41  198 11844.3600 10249.7099  13.5%   101  253s
  6831  5499 11592.3400  133    - 11844.3600 10251.1037  13.5%   101  258s
  7073  5617     cutoff  133      11844.3600 10254.3174  13.4%  99.3  264s
  7211  5809 10396.7305   40  204 11844.3600 10259.4265  13.4%   100  270s
  7438  5980 10496.0435   29  176 11844.3600 10261.8160  13.4%  98.9  277s
  7631  6095     cutoff  106      11844.3600 10266.0832  13.3%  98.8  283s
  7764  6255 10832.8892   53  158 11844.3600 10267.2098  13.3%  98.9  291s
  7969  6427 infeasible  136      11844.3600 10269.3630  13.3%  98.2  298s
  8166  6617 11532.8322  113   16 11844.3600 10272.6699  13.3%  98.1  306s
  8422  6689     cutoff  125      11844.3600 10275.7097  13.2%  97.2  313s
  8489  6978 11604.9737   73   63 11844.3600 10282.0975  13.2%  98.4  319s
  8611  6984 10958.5449   61   20 11844.3600 10282.0975  13.2%  97.8  320s
  8827  7070 11422.8883  140   57 11844.3600 10284.3380  13.2%  96.6  326s
  8926  7284 10922.7492   55   63 11844.3600 10284.6522  13.2%  96.8  332s
  9190  7355     cutoff   87      11844.3600 10286.1902  13.2%  95.9  338s
  9268  7584 10719.9195   62  100 11844.3600 10286.7110  13.2%  96.5  344s
  9300  7584 10723.2361   94   88 11844.3600 10286.7110  13.2%  96.3  346s
  9528  7671     cutoff  163      11844.3600 10287.3451  13.1%  95.7  354s
  9637  7778 10974.6811   60  111 11844.3600 10289.9224  13.1%  96.0  360s
  9756  7888     cutoff  116      11844.3600 10291.6119  13.1%  96.2  370s
  9878  8025 11229.6295   61   50 11844.3600 10292.1301  13.1%  96.7  376s
 10062  8191     cutoff   95      11844.3600 10293.4425  13.1%  96.6  383s
 10250  8320 11369.9300   89   46 11844.3600 10295.8234  13.1%  95.9  391s
 10452  8622 10625.1062   34  156 11844.3600 10296.2987  13.1%  95.6  398s
 10791  8891 11599.1312   99   15 11844.3600 10297.9406  13.1%  94.7  406s
 11122  9078     cutoff  113      11844.3600 10300.1921  13.0%  93.7  413s
 11343  9202 infeasible   76      11844.3600 10303.1168  13.0%  93.3  419s
 11387  9202 10634.0154   32  162 11844.3600 10303.4412  13.0%  93.7  420s
 11481  9392 11104.9179   68  102 11844.3600 10303.6098  13.0%  93.7  426s
 11735  9519 11270.7622   89   44 11844.3600 10306.7763  13.0%  93.3  432s
 11879  9584     cutoff  107      11844.3600 10309.4873  13.0%  93.6  438s
 11945  9781 10703.4740   51   55 11844.3600 10311.4636  12.9%  94.6  445s
 12187  9859     cutoff  114      11844.3600 10313.7547  12.9%  94.5  451s
 12274  9998 10983.2206   41   88 11844.3600 10314.1061  12.9%  95.1  458s
 12480 10103 11810.6524   70   30 11844.3600 10316.5063  12.9%  95.0  464s
 12586 10411 10869.1370   45  136 11844.3600 10318.3939  12.9%  95.5  471s
 12958 10487     cutoff  110      11844.3600 10319.5743  12.9%  94.5  478s
 13040 10670     cutoff   82      11844.3600 10322.1040  12.9%  94.8  484s
 13257 10839 10413.4865   33  242 11844.3600 10323.6454  12.8%  94.5  491s
 13436 11070 11741.3664   76   17 11844.3600 10325.3680  12.8%  94.4  498s
 13713 11110     cutoff   94      11844.3600 10327.2094  12.8%  93.7  507s
 13759 11185 10584.1237   41   83 11844.3600 10327.3542  12.8%  93.8  515s
 13835 11252 11417.8887  104   33 11844.3600 10327.5293  12.8%  93.8  521s
 13952 11336 11148.2928   46   82 11844.3600 10327.8506  12.8%  94.1  527s
 14055 11466 10917.6827   60   20 11844.3600 10328.0768  12.8%  94.5  534s
 14210 11681 10807.2663   64   14 11844.3600 10330.4184  12.8%  94.7  541s
 14489 11821 11369.5623   50   30 11844.3600 10331.5198  12.8%  94.1  548s
 14690 12012 11669.2135   72   74 11844.3600 10332.2075  12.8%  94.0  555s
 14957 12090     cutoff  112      11844.3600 10332.8889  12.8%  93.5  562s
 15033 12299 10821.8959   45   58 11844.3600 10332.9606  12.8%  94.1  568s
 15286 12408 11263.5757   68   79 11844.3600 10333.2511  12.8%  93.9  575s
 15418 12545     cutoff  143      11844.3600 10333.2565  12.8%  94.1  583s
 15587 12658 10946.3886   49  247 11844.3600 10334.7147  12.7%  94.2  589s
 15732 12759 11077.4379   35  276 11844.3600 10336.7152  12.7%  94.4  596s
 15847 12824     cutoff   82      11844.3600 10337.1011  12.7%  94.7  602s
*15882 12760              95    11815.610000 10337.6321  12.5%  95.0  602s
*15885 12752              93    11813.490000 10337.6321  12.5%  95.0  602s
*15892 12745              93    11811.390000 10337.6321  12.5%  94.9  602s
 15924 12944 10831.6493   61   31 11811.3900 10338.4400  12.5%  95.2  608s
 16153 13018 11714.2900  114    - 11811.3900 10339.5507  12.5%  94.8  616s
 16253 13149     cutoff  114      11811.3900 10339.9147  12.5%  94.9  622s
 16413 13268 11108.4368   63  122 11811.3900 10340.4241  12.5%  95.0  630s
 16582 13324     cutoff  115      11811.3900 10341.3038  12.4%  95.0  637s
 16664 13406 11110.6937   36  117 11811.3900 10341.6749  12.4%  95.3  646s
 16759 13489 11737.2186   91   70 11811.3900 10341.7145  12.4%  95.4  652s
 16896 13564 10805.7321   40  246 11811.3900 10343.4180  12.4%  95.6  658s
 16986 13741     cutoff   95      11811.3900 10344.4531  12.4%  95.8  665s
 17208 13902 11202.5014   62   34 11811.3900 10345.3616  12.4%  95.5  673s
 17400 13953     cutoff  107      11811.3900 10346.3755  12.4%  95.4  679s
 17448 14126 10967.2503   46  149 11811.3900 10346.5238  12.4%  95.8  686s
 17659 14299 11014.3717   45  128 11811.3900 10346.8645  12.4%  95.6  694s
 17691 14300 11186.9958   76   10 11811.3900 10346.8645  12.4%  95.5  695s
 17862 14392 11215.6434   58  116 11811.3900 10347.7759  12.4%  95.4  701s
 17982 14405     cutoff   81      11811.3900 10348.0754  12.4%  95.7  711s
 17994 14564 10704.1481   30  161 11811.3900 10348.4588  12.4%  95.7  718s
 18203 14650     cutoff   98      11811.3900 10349.3383  12.4%  95.6  725s
 18300 14760 11084.1191   46  170 11811.3900 10350.8589  12.4%  96.0  732s
 18454 14886 10988.5829   31  228 11811.3900 10351.0767  12.4%  96.1  739s
 18582 14965 11361.3471   39  191 11811.3900 10352.0649  12.4%  96.2  746s
 18675 14994 10601.6939   41  196 11811.3900 10352.3822  12.4%  96.6  755s
 18708 15120 10846.3907   61   28 11811.3900 10353.0469  12.3%  96.8  761s
 18868 15196 11503.9200   92    - 11811.3900 10353.5360  12.3%  96.8  768s
 18951 15315     cutoff   92      11811.3900 10354.4687  12.3%  97.1  775s
 19089 15460 11358.4753   70   57 11811.3900 10355.4575  12.3%  97.4  783s
 19288 15611     cutoff   86      11811.3900 10356.2391  12.3%  97.4  791s
 19471 15643 11753.3300   97    8 11811.3900 10357.6133  12.3%  97.3  797s
 19518 15753     cutoff   98      11811.3900 10357.8424  12.3%  97.8  803s
 19650 15881     cutoff   99      11811.3900 10359.0874  12.3%  97.9  810s
 19810 15990 10679.2779   37  245 11811.3900 10359.0874  12.3%  98.1  818s
 19925 16129 11612.1927   60   35 11811.3900 10360.3656  12.3%  98.5  825s
 20099 16231     cutoff   68      11811.3900 10360.6614  12.3%  98.5  832s
 20239 16295     cutoff   75      11811.3900 10361.0029  12.3%  98.7  839s
 20301 16469 10918.0175   54   78 11811.3900 10361.6478  12.3%  99.2  847s
 20527 16544 11763.8800   81    - 11811.3900 10361.8605  12.3%  98.9  854s
 20599 16629     cutoff   81      11811.3900 10362.9009  12.3%  99.3  860s
 20710 16714     cutoff   76      11811.3900 10364.0742  12.3%   100  868s
 20811 16839 10627.8336   35  191 11811.3900 10364.9239  12.2%   100  875s
 20964 16971 10741.6121   35  228 11811.3900 10365.3691  12.2%   100  883s
 21128 17070 10911.3085   57  151 11811.3900 10366.8813  12.2%   100  890s
 21258 17187 infeasible  104      11811.3900 10367.7810  12.2%   100  898s
 21401 17287 11234.5900   66   49 11811.3900 10370.4829  12.2%   100  905s
 21527 17343 11492.7174   77   27 11811.3900 10371.3744  12.2%   100  913s
 21594 17481 11186.2279   64   57 11811.3900 10372.0202  12.2%   100  920s
 21793 17565     cutoff   92      11811.3900 10373.0099  12.2%   100  927s
 21873 17652 11106.1677   63  155 11811.3900 10373.8630  12.2%   100  934s
 21965 17658     cutoff   97      11811.3900 10374.0293  12.2%   100  935s
 21981 17708     cutoff  109      11811.3900 10374.4052  12.2%   100  941s
 22041 17804 10865.1642   37  356 11811.3900 10374.7590  12.2%   101  949s
 22153 17871 10550.0143   37  329 11811.3900 10376.0909  12.2%   101  955s
 22221 18069 10810.6771   48  194 11811.3900 10376.1292  12.2%   101  964s
 22488 18183     cutoff  141      11811.3900 10376.2528  12.2%   101  972s
 22589 18297 11042.4051   48  121 11811.3900 10377.1804  12.1%   101  980s
 22741 18376 11331.3060   67  108 11811.3900 10377.9552  12.1%   101  988s
 22849 18447     cutoff  108      11811.3900 10378.7315  12.1%   101  995s
 22932 18518 10928.8038   49  142 11811.3900 10379.4885  12.1%   102 1003s
 23020 18654 11748.0426   85   23 11811.3900 10379.5313  12.1%   102 1010s
 23225 18751 11730.9960   90   32 11811.3900 10380.2382  12.1%   102 1018s
 23343 18837 11336.0414   75   61 11811.3900 10381.6745  12.1%   102 1025s
 23462 18950 10768.1671   29   97 11811.3900 10381.7507  12.1%   102 1034s
 23600 19042     cutoff   60      11811.3900 10381.7633  12.1%   102 1041s
 23714 19106 10649.6744   30  302 11811.3900 10382.5698  12.1%   102 1048s
 23778 19253 11292.1605   63   98 11811.3900 10382.6690  12.1%   103 1056s
 23971 19358 11578.7543   79   40 11811.3900 10383.5819  12.1%   103 1064s
 24113 19437     cutoff   81      11811.3900 10384.0774  12.1%   103 1071s
 24215 19522     cutoff   51      11811.3900 10384.9886  12.1%   103 1079s
 24316 19629     cutoff   79      11811.3900 10385.9565  12.1%   103 1087s
 24441 19678 11121.9166   56  295 11811.3900 10386.3817  12.1%   103 1095s
 24504 19744     cutoff   87      11811.3900 10386.4150  12.1%   104 1102s
 24583 19822 11305.4041   60  167 11811.3900 10387.0669  12.1%   104 1110s
 24683 19876 10650.0228   46  323 11811.3900 10387.0669  12.1%   104 1117s
 24759 19953 10906.0280   53  243 11811.3900 10387.4920  12.1%   104 1125s
 24864 20039 10735.1631   43  358 11811.3900 10387.6535  12.1%   105 1132s
 24971 20111     cutoff   83      11811.3900 10389.1835  12.0%   105 1140s
 25075 20244 11047.1375   50  104 11811.3900 10389.2156  12.0%   105 1147s
 25232 20307 11683.2492   96   11 11811.3900 10389.8046  12.0%   105 1155s
 25330 20414     cutoff  104      11811.3900 10390.6013  12.0%   105 1162s
 25432 20500 11352.9544   60   66 11811.3900 10390.7779  12.0%   105 1174s
 25545 20507 11312.6742   65   54 11811.3900 10390.9109  12.0%   105 1175s
 25582 20558     cutoff   84      11811.3900 10391.1606  12.0%   105 1182s
 25640 20649 10678.5557   38  312 11811.3900 10392.4312  12.0%   105 1191s
 25780 20770 11053.8874   49   26 11811.3900 10392.4312  12.0%   106 1199s
 25919 20795     cutoff   74      11811.3900 10392.7445  12.0%   106 1206s
 25950 20888 10821.5622   40  229 11811.3900 10393.9509  12.0%   106 1213s
 26074 20977     cutoff   80      11811.3900 10394.4130  12.0%   106 1222s
 26180 21050 10719.8737   34  185 11811.3900 10394.8550  12.0%   106 1230s
 26269 21111     cutoff   78      11811.3900 10394.8764  12.0%   107 1238s
 26367 21226 10694.2913   36  222 11811.3900 10395.4628  12.0%   107 1246s
 26498 21316 10538.4462   31  402 11811.3900 10396.0090  12.0%   107 1253s
 26606 21394 11142.1436   68  111 11811.3900 10396.4715  12.0%   107 1261s
 26688 21507 10905.9643   42  115 11811.3900 10396.6259  12.0%   107 1269s
 26835 21666 10984.7217   75   53 11811.3900 10396.7295  12.0%   107 1278s
 27035 21863 11652.1880   94   32 11811.3900 10396.8846  12.0%   107 1286s
 27266 21940 11393.8151   64   33 11811.3900 10397.7575  12.0%   107 1295s
 27373 22068     cutoff   74      11811.3900 10398.5231  12.0%   107 1303s
 27551 22271 10595.4734   38  124 11811.3900 10399.5637  12.0%   107 1312s
 27769 22346 10641.2972   32  340 11811.3900 10400.1270  11.9%   107 1320s
 27861 22407 10900.1910   45   81 11811.3900 10400.9131  11.9%   107 1328s
 27953 22559     cutoff   75      11811.3900 10401.1346  11.9%   107 1337s
 28162 22718     cutoff  120      11811.3900 10401.8449  11.9%   107 1346s
 28334 22825 11636.4200   73   11 11811.3900 10402.2327  11.9%   107 1353s
 28464 22930 11604.2000   83   15 11811.3900 10403.0980  11.9%   107 1367s
 28582 23018 11622.2100   84    - 11811.3900 10404.1874  11.9%   107 1376s
*28592 21526              88    11672.050000 10404.1874  10.9%   107 1376s
 28728 21576 11594.1700   87    - 11672.0500 10404.7338  10.9%   107 1384s
 28794 21685 11643.7000   87    - 11672.0500 10404.8680  10.9%   108 1392s
*28799 21381              87    11653.690000 10404.8680  10.7%   107 1392s
 28960 21422 11645.8200   87    - 11653.6900 10405.3632  10.7%   108 1400s
 29006 21482     cutoff   87      11653.6900 10405.5287  10.7%   108 1407s
 29077 21598 11126.4236   53  148 11653.6900 10405.6131  10.7%   108 1416s
 29220 21684     cutoff   82      11653.6900 10406.2291  10.7%   108 1424s
 29329 21778 10828.5307   39  235 11653.6900 10406.5788  10.7%   108 1432s
 29448 21872 11644.1267   68   50 11653.6900 10407.2211  10.7%   108 1441s
 29570 21936     cutoff   69      11653.6900 10408.5030  10.7%   109 1449s
 29644 22008 11125.8460   56   54 11653.6900 10408.9722  10.7%   109 1457s
 29732 22076 11039.8861   50   71 11653.6900 10409.0976  10.7%   109 1465s
 29811 22209 11487.1316   67  104 11653.6900 10409.4521  10.7%   109 1475s
 29986 22270 10635.8661   38  246 11653.6900 10409.5373  10.7%   109 1482s
 30047 22379 11378.6545   72  141 11653.6900 10410.6814  10.7%   110 1490s
 30179 22525 10774.2190   46  168 11653.6900 10411.3243  10.7%   110 1500s
 30358 22626 11389.7869   72   25 11653.6900 10411.3441  10.7%   110 1508s
 30491 22737     cutoff   79      11653.6900 10411.7143  10.7%   110 1517s
 30625 22867     cutoff   79      11653.6900 10412.1330  10.7%   110 1526s
*30626 22526              79    11632.480000 10412.1330  10.5%   110 1526s
*30629 22242              78    11615.310000 10412.1330  10.4%   110 1526s
 30777 22260     cutoff  102      11615.3100 10412.6724  10.4%   110 1533s
H30787 22102                    11604.620000 10412.6724  10.3%   110 1533s
 30801 22170 11139.8396   40  325 11604.6200 10412.6724  10.3%   110 1541s
 30896 22253 11139.2169   43  293 11604.6200 10413.7769  10.3%   110 1551s
 31015 22337 10627.2241   28  287 11604.6200 10413.9183  10.3%   110 1559s
 31120 22392 11473.8500   81    5 11604.6200 10414.4717  10.3%   111 1567s
 31221 22414 11594.0200   89    4 11604.6200 10415.0711  10.3%   111 1576s
 31246 22512     cutoff   90      11604.6200 10415.7954  10.2%   111 1584s
 31363 22579 11574.1277   79   24 11604.6200 10416.4642  10.2%   111 1592s
 31465 22672 10944.6352   51  273 11604.6200 10416.7372  10.2%   111 1602s
 31567 22774 11239.3313   71   89 11604.6200 10417.1212  10.2%   111 1611s
 31711 22885     cutoff   99      11604.6200 10417.4645  10.2%   112 1620s
 31844 23046 11161.8900   66    4 11604.6200 10417.9553  10.2%   112 1631s
 32066 23136     cutoff   94      11604.6200 10418.5593  10.2%   111 1640s
 32141 23203 11011.8227   59  187 11604.6200 10418.7585  10.2%   112 1649s
 32224 23243 10915.4577   39  257 11604.6200 10418.7893  10.2%   112 1656s
 32263 23290 10661.3967   44  326 11604.6200 10418.7893  10.2%   112 1664s
 32323 23290 11173.5304   59  153 11604.6200 10418.7893  10.2%   112 1665s
 32326 23403 10809.2109   53   69 11604.6200 10419.0408  10.2%   112 1673s
 32500 23468     cutoff   83      11604.6200 10419.3635  10.2%   112 1682s
 32588 23527     cutoff   82      11604.6200 10419.4951  10.2%   113 1692s
 32659 23610 10970.3258   47  333 11604.6200 10419.8396  10.2%   113 1701s
 32762 23674 10847.3552   37  160 11604.6200 10420.1213  10.2%   113 1712s
 32844 23719 10458.7337   27  343 11604.6200 10420.1213  10.2%   113 1721s
 32918 23791 10671.5257   31  328 11604.6200 10420.1213  10.2%   113 1730s
 33003 23880 10855.6413   37  176 11604.6200 10420.4715  10.2%   113 1740s
 33116 23948 10494.3942   29  293 11604.6200 10420.7211  10.2%   114 1749s
 33212 24018 10881.2187   50  258 11604.6200 10420.9475  10.2%   114 1759s
 33317 24100 10765.0528   41  317 11604.6200 10421.0151  10.2%   114 1768s
 33449 24149     cutoff   75      11604.6200 10421.1250  10.2%   114 1776s
 33498 24295 10905.5464   50   70 11604.6200 10421.2344  10.2%   114 1786s
 33706 24345 11512.9041   94   20 11604.6200 10421.6136  10.2%   114 1797s
 33745 24456 10847.4517   46  149 11604.6200 10422.8291  10.2%   114 1805s
 33877 24522 11529.4103   69  105 11604.6200 10423.6503  10.2%   114 1815s
 33962 24639     cutoff   83      11604.6200 10423.8403  10.2%   114 1824s
 34085 24643 11572.6410   75   10 11604.6200 10424.4561  10.2%   114 1825s
 34118 24744 10898.3036   54   38 11604.6200 10424.5690  10.2%   114 1833s
 34247 24819 infeasible   80      11604.6200 10425.0880  10.2%   114 1842s
 34356 24890     cutoff  102      11604.6200 10425.5861  10.2%   114 1851s
 34438 25028 11059.9927   44  198 11604.6200 10425.6963  10.2%   115 1861s
 34612 25088 infeasible   79      11604.6200 10425.8364  10.2%   115 1869s
 34659 25088 11602.3581   69   28 11604.6200 10425.8364  10.2%   115 1870s
 34696 25173 10511.5346   30  178 11604.6200 10426.1929  10.2%   115 1879s
 34813 25244     cutoff   89      11604.6200 10426.5992  10.2%   115 1887s
 34911 25295     cutoff   73      11604.6200 10427.1155  10.1%   115 1896s
 34975 25447 10719.5743   45  187 11604.6200 10427.2792  10.1%   115 1907s
 35199 25556 10607.2445   39  365 11604.6200 10427.4581  10.1%   115 1916s
 35305 25655     cutoff  109      11604.6200 10427.6124  10.1%   115 1926s
 35432 25735 10930.4108   59  173 11604.6200 10428.0061  10.1%   115 1936s
 35540 25856     cutoff   84      11604.6200 10428.5708  10.1%   115 1946s
 35691 25955 infeasible   75      11604.6200 10428.9679  10.1%   115 1956s
 35802 26077 11310.9461   91  184 11604.6200 10428.9904  10.1%   115 1965s
 35968 26172 11163.3414   55  237 11604.6200 10429.2320  10.1%   115 1975s
 36088 26296     cutoff   64      11604.6200 10429.4181  10.1%   115 1986s
 36276 26422 11294.9584   74   36 11604.6200 10429.8129  10.1%   115 1998s
 36451 26454     cutoff   87      11604.6200 10430.3805  10.1%   115 2007s
 36482 26494 10806.3696   36  240 11604.6200 10430.5941  10.1%   115 2018s
 36521 26596 10869.1940   38  211 11604.6200 10430.5941  10.1%   116 2029s
 36623 26699 10979.2395   40   77 11604.6200 10430.5941  10.1%   116 2041s
 36788 26807 11178.0395   43   68 11604.6200 10430.5941  10.1%   116 2052s
 36918 26842     cutoff   50      11604.6200 10430.7518  10.1%   116 2063s
 37023 26907     cutoff   55      11604.6200 10430.8864  10.1%   116 2072s
 37101 26970 11323.8836   73  199 11604.6200 10431.0087  10.1%   116 2082s
 37199 27051 10754.0683   37  328 11604.6200 10431.3256  10.1%   116 2092s
 37304 27192 11261.8063   53   19 11604.6200 10431.5619  10.1%   117 2103s
 37503 27352     cutoff   75      11604.6200 10431.9198  10.1%   116 2115s
 37684 27450     cutoff   80      11604.6200 10432.3674  10.1%   116 2126s
 37798 27510     cutoff   89      11604.6200 10432.9595  10.1%   116 2137s
 37875 27561     cutoff   60      11604.6200 10433.1541  10.1%   117 2147s
 37963 27720 11129.5886   64  145 11604.6200 10433.3312  10.1%   117 2159s
 38041 27720 11247.9748   81   60 11604.6200 10433.3312  10.1%   117 2160s
 38160 27801     cutoff   93      11604.6200 10433.8064  10.1%   117 2169s
 38259 27905 10897.9600   49   12 11604.6200 10434.5874  10.1%   117 2180s
 38402 27973 11067.2388   49  103 11604.6200 10434.9306  10.1%   117 2190s
 38479 28091 10975.0838   68   95 11604.6200 10434.9801  10.1%   117 2201s
 38607 28206 11457.7506   65   70 11604.6200 10435.2749  10.1%   117 2213s
 38792 28308 infeasible   75      11604.6200 10435.5832  10.1%   117 2224s
 38904 28314 11588.5035   80   11 11604.6200 10435.5832  10.1%   117 2225s
 38928 28429 10996.2450   72    8 11604.6200 10436.1204  10.1%   117 2235s
 39100 28532     cutoff   99      11604.6200 10436.4819  10.1%   117 2247s
 39220 28618 11591.3300   69   35 11604.6200 10436.6572  10.1%   117 2257s
 39336 28769     cutoff   76      11604.6200 10436.9223  10.1%   117 2268s
 39540 28841 infeasible   92      11604.6200 10437.1781  10.1%   117 2279s
*39588 27482              80    11533.490000 10437.4521  9.50%   117 2279s
 39629 27484     cutoff   63      11533.4900 10437.4521  9.50%   117 2280s
 39633 27591 10911.2182   32  194 11533.4900 10437.4749  9.50%   117 2292s
 39759 27688 10567.0860   37  364 11533.4900 10437.6211  9.50%   117 2304s
 39874 27792 10822.7475   43   84 11533.4900 10437.6211  9.50%   117 2316s
 40006 27892 11250.2014   56   36 11533.4900 10438.2827  9.50%   117 2327s
 40138 27968     cutoff   67      11533.4900 10438.4066  9.49%   117 2338s
 40228 28056 11345.4140   58   71 11533.4900 10438.9583  9.49%   117 2348s
 40350 28127 10609.2006   44  143 11533.4900 10439.6895  9.48%   117 2358s
 40433 28260 10750.3023   40  106 11533.4900 10439.8140  9.48%   117 2370s
 40608 28322     cutoff   85      11533.4900 10439.8502  9.48%   117 2380s
 40674 28398 10957.1529   50  212 11533.4900 10440.8355  9.47%   117 2389s
 40787 28450 10948.8879   53  146 11533.4900 10441.8924  9.46%   117 2399s
*40840 28197              77    11522.700000 10441.9983  9.38%   117 2399s
 40858 28318     cutoff   85      11522.7000 10442.0832  9.38%   117 2410s
 41006 28441     cutoff   69      11522.7000 10442.4087  9.38%   117 2422s
 41149 28580     cutoff   69      11522.7000 10443.3918  9.37%   117 2433s
 41346 28665 11316.0458   79   47 11522.7000 10444.1120  9.36%   117 2446s
 41453 28744     cutoff   77      11522.7000 10444.5926  9.36%   117 2457s
 41538 28840 11157.9512   48  181 11522.7000 10444.7065  9.36%   117 2469s
 41661 28923 10739.4243   42  254 11522.7000 10444.7774  9.35%   117 2480s
 41761 28994 11370.0166   72  140 11522.7000 10444.8751  9.35%   118 2490s
H41863 26381                    11403.700000 10445.2791  8.40%   118 2501s
 41954 26440 11006.0749   52  253 11403.7000 10445.6848  8.40%   118 2511s
 42061 26481 11092.2719   52   63 11403.7000 10446.0021  8.40%   118 2522s
 42126 26520 11001.7214   36  316 11403.7000 10446.0197  8.40%   118 2533s
 42174 26608     cutoff   50      11403.7000 10446.2992  8.40%   118 2545s
 42300 26697     cutoff   70      11403.7000 10446.8468  8.39%   118 2556s
