




arguments: ./build/mirp_solver -f ./input/orig_exec_86.cfg
Current dir: /scratch/gui/bnc_mirp
File verbosity level: 9
date       time         ( uptime  ) [ thread name/id ]                   file:line     v| 
2021-01-09 16:27:52.865 (   0.127s) [main thread     ]             loguru.cpp:789   INFO| Logging to './output/vi_cos/OU/V2/Original/execution_09_01_2021_16_27_52.log', mode: 'a', verbosity: 9
--------------------------------------------------------------------------------
Parameters
                           instance_path           ./input/Instances/Original/3/
                            model_policy                                       1
                             nb_vehicles                                       2
                              output_dir         ./output/vi_cos/OU/V2/Original/
                            sec_strategy                                       1
                       solver_nb_threads                                       2
                         solver_show_log                                    true
                       solver_time_limit                                    3600
                              use_vi_cos                                    true
                              use_vi_cus                                   false
                         use_vi_hc1_full                                   false
                         use_vi_hc1_half                                   false
                      use_vi_hc1_quarter                                   false
                              use_vi_hc2                                   false
                              use_vi_hc3                                   false
                         use_vi_lex_full                                   false
                         use_vi_lex_half                                   false
                      use_vi_lex_quarter                                   false
                              use_vi_qua                                   false
                               use_vi_vc                                   false
                               use_vi_vr                                   false
--------------------------------------------------------------------------------
executing instance: ./input/Instances/Original/3/absH3low_2n5.dat
--------------------------------------------------------------------------------
Instance details
n	6
H	3
C	237
Li:
[0, 0, 0, 0, 0, 0, ]
Ui:
[0, 93, 180, 51, 114, 24, ]
Distance matrix:
|0	170	318	35	112	235	|
|170	0	311	205	258	301	|
|318	311	0	326	278	137	|
|35	205	326	0	89	230	|
|112	258	278	89	0	160	|
|235	301	137	230	160	0	|

--------------------------------------------------------------------------------
Building model...
	using lazy and cut (CVRPSEP package)
Solving IRP LP...
--------------------------------------------------------------------------------

Gurobi 9.1.0 (linux64) logging started Sat Jan  9 16:27:53 2021

Gurobi Optimizer version 9.1.0 build v9.1.0rc0 (linux64)
Thread count: 32 physical cores, 32 logical processors, using up to 2 threads
Optimize a model with 132 rows, 180 columns and 657 nonzeros
Model fingerprint: 0x873a6c26
Variable types: 54 continuous, 126 integer (36 binary)
Coefficient statistics:
  Matrix range     [1e+00, 3e+02]
  Objective range  [1e-02, 3e+02]
  Bounds range     [1e+00, 2e+02]
  RHS range        [1e+01, 5e+02]
Presolve removed 40 rows and 22 columns
Presolve time: 0.01s
Presolved: 92 rows, 158 columns, 536 nonzeros
Variable types: 32 continuous, 126 integer (96 binary)
Found heuristic solution: objective 3586.7900000
Found heuristic solution: objective 2779.2800000

Root relaxation: objective 5.697106e+02, 108 iterations, 0.00 seconds

    Nodes    |    Current Node    |     Objective Bounds      |     Work
 Expl Unexpl |  Obj  Depth IntInf | Incumbent    BestBd   Gap | It/Node Time

     0     0  569.71061    0   23 2779.28000  569.71061  79.5%     -    0s
     0     0  765.89879    0   24 2779.28000  765.89879  72.4%     -    0s
H    0     0                    2271.9000000  765.89879  66.3%     -    0s
     0     0  848.07596    0   28 2271.90000  848.07596  62.7%     -    0s
     0     0 1161.04034    0   35 2271.90000 1161.04034  48.9%     -    0s
H    0     0                    1781.5900000 1161.04034  34.8%     -    0s
     0     0 1181.99465    0   39 1781.59000 1181.99465  33.7%     -    0s
     0     0 1183.75610    0   41 1781.59000 1183.75610  33.6%     -    0s
     0     0 1183.76787    0   41 1781.59000 1183.76787  33.6%     -    0s
     0     0 1274.55069    0   45 1781.59000 1274.55069  28.5%     -    0s
H    0     0                    1464.9000000 1274.55069  13.0%     -    0s
     0     0 1280.35507    0   44 1464.90000 1280.35507  12.6%     -    0s
     0     0 1280.42287    0   48 1464.90000 1280.42287  12.6%     -    0s
     0     0 1401.07000    0   18 1464.90000 1401.07000  4.36%     -    0s
H    0     0                    1464.7300000 1401.07000  4.35%     -    0s
     0     0 1407.94897    0   53 1464.73000 1407.94897  3.88%     -    0s
     0     0 1412.62071    0   31 1464.73000 1412.62071  3.56%     -    0s
     0     0 1416.48000    0    8 1464.73000 1416.48000  3.29%     -    0s
     0     0 1416.48000    0    8 1464.73000 1416.48000  3.29%     -    0s
H    0     0                    1437.9000000 1416.48000  1.49%     -    0s
     0     0 1416.48000    0    8 1437.90000 1416.48000  1.49%     -    0s

Cutting planes:
  User: 1
  Gomory: 1
  Cover: 14
  Implied bound: 5
  Clique: 1
  MIR: 9
  Flow cover: 14
  GUB cover: 1
  RLT: 16
  Relax-and-lift: 1
  Lazy constraints: 21

Explored 1 nodes (479 simplex iterations) in 0.14 seconds
Thread count was 2 (of 32 available processors)

Solution count 7: 1437.9 1464.73 1464.9 ... 3586.79

Optimal solution found (tolerance 1.00e-04)
Best objective 1.437900000000e+03, best bound 1.437900000000e+03, gap 0.0000%

User-callback calls 192, time in user-callback 0.01 sec
================================================================================
executing instance: ./input/Instances/Original/3/absH3high_5n30.dat
--------------------------------------------------------------------------------
Instance details
n	31
H	3
C	2296
Li:
[0, 0, 0, 0, 0, 0, 0, 0, 0, 0, 0, 0, 0, 0, 0, 0, 0, 0, 0, 0, 0, 0, 0, 0, 0, 0, 0, 0, 0, 0, 0, ]
Ui:
[0, 80, 90, 297, 28, 264, 123, 192, 112, 32, 72, 88, 294, 129, 126, 105, 110, 237, 246, 92, 72, 147, 54, 96, 128, 96, 84, 28, 74, 196, 192, ]
Distance matrix:
|0	87	302	65	389	171	219	120	412	339	129	63	169	401	383	158	393	161	246	275	64	287	345	235	13	274	106	201	85	358	135	|
|87	0	334	128	402	212	301	204	465	384	187	145	232	424	454	238	475	245	289	352	80	307	352	321	81	352	20	261	170	376	215	|
|302	334	0	239	113	132	237	334	157	70	404	263	162	105	227	229	339	251	65	217	259	53	107	352	293	220	339	134	270	75	235	|
|65	128	239	0	330	107	175	130	348	275	174	40	107	339	326	114	351	125	181	224	58	228	290	222	58	224	143	138	65	297	92	|
|389	402	113	330	0	226	349	438	210	151	502	360	269	48	316	339	441	362	175	328	335	102	55	465	377	330	401	245	371	37	342	|
|171	212	132	107	226	0	169	214	253	173	276	134	64	233	261	130	326	153	77	188	133	125	192	264	162	190	220	68	145	193	125	|
|219	301	237	175	349	169	0	157	257	223	244	157	105	334	180	62	175	61	177	63	233	264	334	118	221	61	317	112	136	312	85	|
|120	204	334	130	438	214	157	0	402	348	88	90	173	438	336	115	307	100	269	220	172	338	406	122	130	218	224	204	69	403	101	|
|412	465	157	348	210	253	257	402	0	88	486	359	245	166	129	287	266	303	178	204	386	208	239	370	406	207	473	212	354	187	304	|
|339	384	70	275	151	173	223	348	88	0	427	291	179	120	166	234	290	254	96	187	306	123	166	342	332	190	391	145	291	119	247	|
|129	187	404	174	502	276	244	88	486	427	0	142	248	508	424	200	390	187	342	308	193	400	464	192	142	306	207	281	136	469	182	|
|63	145	263	40	360	134	157	90	359	291	142	0	114	366	321	95	331	99	202	212	90	258	323	186	65	211	163	148	27	327	72	|
|169	232	162	107	269	64	105	173	245	179	248	114	0	266	222	71	268	94	97	131	155	173	244	203	164	132	245	34	113	233	73	|
|401	424	105	339	48	233	334	438	166	120	508	366	266	0	280	332	409	355	169	305	353	117	96	452	391	308	425	237	374	49	339	|
|383	454	227	326	316	261	180	336	129	166	424	321	222	280	0	231	137	238	208	116	376	277	331	272	381	118	467	197	307	285	253	|
|158	238	229	114	339	130	62	115	287	234	200	95	71	332	231	0	238	23	164	118	171	243	314	134	159	117	255	95	77	302	23	|
|393	475	339	351	441	326	175	307	266	290	390	331	268	409	137	238	0	232	300	138	408	383	445	204	395	136	492	258	308	406	260	|
|161	245	251	125	362	153	61	100	303	254	187	99	94	355	238	23	232	0	187	123	183	267	338	111	164	121	262	117	77	325	34	|
|246	289	65	181	175	77	177	269	178	96	342	202	97	169	208	164	300	187	0	168	210	87	157	290	238	171	296	70	206	138	170	|
|275	352	217	224	328	188	63	220	204	187	308	212	131	305	116	118	138	123	168	0	279	255	322	166	275	3	367	120	195	291	141	|
|64	80	259	58	335	133	233	172	386	306	193	90	155	353	376	171	408	183	210	279	0	236	289	276	51	279	90	182	117	307	150	|
|287	307	53	228	102	125	264	338	208	123	400	258	173	117	277	243	383	267	87	255	236	0	71	374	276	257	308	153	270	71	245	|
|345	352	107	290	55	192	334	406	239	166	464	323	244	96	331	314	445	338	157	322	289	71	0	445	334	325	350	224	337	54	315	|
|235	321	352	222	465	264	118	122	370	342	192	186	203	452	272	134	204	111	290	166	276	374	445	0	243	164	341	221	159	428	142	|
|13	81	293	58	377	162	221	130	406	332	142	65	164	391	381	159	395	164	238	275	51	276	334	243	0	274	100	196	89	347	136	|
|274	352	220	224	330	190	61	218	207	190	306	211	132	308	118	117	136	121	171	3	279	257	325	164	274	0	367	122	194	294	140	|
|106	20	339	143	401	220	317	224	473	391	207	163	245	425	467	255	492	262	296	367	90	308	350	341	100	367	0	272	188	377	232	|
|201	261	134	138	245	68	112	204	212	145	281	148	34	237	197	95	258	117	70	120	182	153	224	221	196	122	272	0	146	208	103	|
|85	170	270	65	371	145	136	69	354	291	136	27	113	374	307	77	308	77	206	195	117	270	337	159	89	194	188	146	0	337	54	|
|358	376	75	297	37	193	312	403	187	119	469	327	233	49	285	302	406	325	138	291	307	71	54	428	347	294	377	208	337	0	306	|
|135	215	235	92	342	125	85	101	304	247	182	72	73	339	253	23	260	34	170	141	150	245	315	142	136	140	232	103	54	306	0	|

--------------------------------------------------------------------------------
Building model...
	using lazy and cut (CVRPSEP package)
Solving IRP LP...
--------------------------------------------------------------------------------

Gurobi 9.1.0 (linux64) logging started Sat Jan  9 16:27:53 2021

Gurobi Optimizer version 9.1.0 build v9.1.0rc0 (linux64)
Thread count: 32 physical cores, 32 logical processors, using up to 2 threads
Optimize a model with 682 rows, 3280 columns and 10582 nonzeros
Model fingerprint: 0x8a4d5981
Variable types: 304 continuous, 2976 integer (186 binary)
Coefficient statistics:
  Matrix range     [1e+00, 1e+03]
  Objective range  [1e-01, 5e+02]
  Bounds range     [1e+00, 3e+02]
  RHS range        [1e+01, 4e+03]
Presolve removed 215 rows and 122 columns
Presolve time: 0.07s
Presolved: 467 rows, 3158 columns, 9855 nonzeros
Variable types: 182 continuous, 2976 integer (2796 binary)

Root relaxation: objective 8.845428e+03, 385 iterations, 0.01 seconds

    Nodes    |    Current Node    |     Objective Bounds      |     Work
 Expl Unexpl |  Obj  Depth IntInf | Incumbent    BestBd   Gap | It/Node Time

     0     0 8845.42804    0   93          - 8845.42804      -     -    0s
     0     0 9226.75083    0  125          - 9226.75083      -     -    0s
     0     0 9277.73381    0  120          - 9277.73381      -     -    0s
     0     0 9277.73381    0  124          - 9277.73381      -     -    0s
     0     0 9548.55568    0  139          - 9548.55568      -     -    0s
     0     0 9615.27051    0  163          - 9615.27051      -     -    0s
     0     0 9622.24934    0  167          - 9622.24934      -     -    0s
     0     0 9624.35089    0  168          - 9624.35089      -     -    0s
     0     0 9629.46430    0  170          - 9629.46430      -     -    0s
     0     0 9640.57423    0  174          - 9640.57423      -     -    0s
     0     0 9640.80365    0  176          - 9640.80365      -     -    0s
     0     0 9719.02242    0  150          - 9719.02242      -     -    0s
     0     0 9812.22297    0  116          - 9812.22297      -     -    0s
     0     0 9814.91109    0  123          - 9814.91109      -     -    0s
     0     0 9815.12461    0  126          - 9815.12461      -     -    0s
     0     0 9825.11495    0  153          - 9825.11495      -     -    0s
     0     0 9831.40649    0  170          - 9831.40649      -     -    0s
     0     0 9833.03338    0  170          - 9833.03338      -     -    0s
     0     0 9842.61550    0  211          - 9842.61550      -     -    0s
     0     0 9846.53342    0  223          - 9846.53342      -     -    0s
     0     0 9847.92888    0  212          - 9847.92888      -     -    0s
     0     0 9848.13923    0  196          - 9848.13923      -     -    0s
     0     0 9862.50657    0  167          - 9862.50657      -     -    0s
     0     0 9864.00266    0  176          - 9864.00266      -     -    0s
     0     0 9864.83648    0  196          - 9864.83648      -     -    0s
     0     0 9865.62490    0  187          - 9865.62490      -     -    0s
     0     0 9865.62490    0  130          - 9865.62490      -     -    0s
     0     2 9866.32239    0  121          - 9866.32239      -     -    0s
   442   442 10106.3178    6  141          - 9918.13424      -  53.0    5s
   765   726 10214.0714   27  262          - 9978.02533      -  52.3   10s
   886   817 10416.5030   40   72          - 10039.5253      -  71.9   15s
* 1173   955             118    11725.120000 10039.5253  14.4%  69.5   19s
* 1194   895             128    11527.280000 10039.5253  12.9%  68.9   19s
  1205   886 10141.0213   17  210 11527.2800 10048.8409  12.8%  70.5   20s
  1304   954 10466.6881   31  130 11527.2800 10048.8409  12.8%  79.5   25s
  1464  1044 10945.6859   52   29 11527.2800 10048.8409  12.8%  83.7   30s
  1601  1128 10211.4238   24   89 11527.2800 10052.6709  12.8%  86.6   35s
  1789  1238 10562.4327   48   37 11527.2800 10052.6709  12.8%  85.7   40s
  2013  1322 10326.4946   19  198 11527.2800 10062.8660  12.7%  82.7   45s
  2153  1390 10142.8045   21  251 11527.2800 10072.4057  12.6%  86.7   50s
  2332  1518 11018.8071   33  125 11527.2800 10072.4057  12.6%  87.6   55s
  2550  1620 11437.2517   73    8 11527.2800 10093.3701  12.4%  86.4   61s
  2703  1680 10220.7557   36  127 11527.2800 10093.7038  12.4%  87.4   65s
* 2895  1493              75    11105.760000 10103.0774  9.03%  88.3   71s
  3069  1600     cutoff   66      11105.7600 10107.8143  8.99%  89.3   76s
H 3070  1302                    10900.840000 10107.8143  7.27%  89.3   76s
  3175  1402 10315.9553   21  206 10900.8400 10126.6967  7.10%  89.8   80s
H 3229  1448                    10892.720000 10127.6794  7.02%  91.3   82s
  3345  1606 10500.4713   29   38 10892.7200 10127.6794  7.02%  91.7   86s
  3505  1679 10643.4700   27  151 10892.7200 10138.8150  6.92%  91.9   91s
  3686  1825 10323.7493   27  116 10892.7200 10143.4939  6.88%  91.2   96s
  3843  1975 10273.1112   25  189 10892.7200 10144.9609  6.86%  91.6  101s
H 3883  1970                    10888.770000 10144.9609  6.83%  91.4  102s
  3965  2017 10513.9661   27  165 10888.7700 10153.1037  6.76%  91.9  107s
  4057  2118 10470.6555   30  155 10888.7700 10155.1771  6.74%  94.0  112s
  4153  2186 10403.9902   26  137 10888.7700 10155.3273  6.74%  94.3  115s
  4313  2268 10325.3137   27  156 10888.7700 10161.2083  6.68%  95.9  121s
  4364  2357 10461.4864   41  155 10888.7700 10161.2083  6.68%  97.3  125s
  4642  2574 10427.0073   24  200 10888.7700 10164.1794  6.65%  97.2  133s
  4808  2642     cutoff   72      10888.7700 10164.6908  6.65%  96.0  136s
H 4895  2684                    10876.670000 10172.7033  6.47%  96.6  140s
  5031  2779 10759.6860   50   79 10876.6700 10176.4053  6.44%  96.6  145s
  5243  2937 10283.0369   21  192 10876.6700 10180.4281  6.40%  96.7  152s
  5323  3019 10207.9573   21  183 10876.6700 10181.3717  6.39%  97.6  157s
  5425  3140 10393.0777   35   88 10876.6700 10182.4922  6.38%  98.8  161s
  5595  3270 10857.5800   75    - 10876.6700 10184.7980  6.36%  98.8  166s
  5756  3389     cutoff   75      10876.6700 10185.9848  6.35%  98.5  171s
  5910  3520 10852.3900   81    - 10876.6700 10192.5512  6.29%  98.4  176s
  6089  3577 10862.7058   81    4 10876.6700 10195.4592  6.26%  98.1  181s
  6156  3657 10873.2800   82    - 10876.6700 10195.5612  6.26%  99.5  185s
  6276  3752     cutoff   82      10876.6700 10197.7351  6.24%   100  190s
  6406  3876     cutoff   51      10876.6700 10199.0035  6.23%   100  195s
  6563  4008 10569.6500   69    9 10876.6700 10200.0547  6.22%   100  200s
  6727  4082 10355.1402   29  261 10876.6700 10201.2979  6.21%   100  206s
  6819  4185 10632.1595   44   52 10876.6700 10203.7635  6.19%   100  223s
  6960  4234 10864.6067   72   34 10876.6700 10204.6163  6.18%   100  228s
  7046  4321 10491.2080   34  150 10876.6700 10205.5341  6.17%   101  233s
  7156  4499 10446.1888   30  154 10876.6700 10205.8937  6.17%   102  239s
  7398  4604 10470.1378   41  108 10876.6700 10206.6608  6.16%   101  245s
  7535  4723     cutoff   57      10876.6700 10207.9463  6.15%   101  252s
  7707  4868     cutoff   54      10876.6700 10209.1055  6.14%   101  259s
  7917  5011     cutoff   62      10876.6700 10211.7458  6.11%   101  265s
  8125  5119     cutoff   99      10876.6700 10213.8916  6.09%   101  271s
  8283  5314 10843.9453   62    8 10876.6700 10215.3240  6.08%   101  278s
  8538  5396 10870.2500   63   36 10876.6700 10221.7224  6.02%   100  284s
  8579  5396 10522.8719   52   26 10876.6700 10221.7224  6.02%   100  285s
  8646  5464 10567.7900   64   11 10876.6700 10222.8815  6.01%   101  290s
  8774  5545     cutoff   71      10876.6700 10222.9684  6.01%   101  296s
  8883  5675 10467.4466   28  181 10876.6700 10223.8519  6.00%   101  303s
  9082  5774     cutoff   50      10876.6700 10225.0739  5.99%   101  308s
  9222  5919 10701.7137   40   27 10876.6700 10228.2265  5.96%   102  315s
  9452  6066     cutoff   76      10876.6700 10229.0096  5.95%   101  322s
  9654  6149 10614.0355  107   85 10876.6700 10230.1095  5.94%   101  328s
  9771  6236 10454.2392   40  125 10876.6700 10230.5000  5.94%   102  334s
  9924  6365     cutoff   40      10876.6700 10233.5955  5.91%   102  341s
 10085  6460 10734.2200   36    - 10876.6700 10233.6491  5.91%   102  348s
 10238  6564     cutoff   56      10876.6700 10234.1877  5.91%   102  355s
 10369  6628 10647.0295   52   45 10876.6700 10234.5907  5.90%   103  361s
 10475  6747 infeasible   64      10876.6700 10236.8969  5.88%   103  367s
 10616  6870     cutoff   76      10876.6700 10237.6824  5.87%   103  374s
 10796  6877 10727.2639   61   24 10876.6700 10238.8639  5.86%   103  375s
 10805  7034     cutoff   58      10876.6700 10238.8822  5.86%   104  381s
 11029  7146     cutoff  119      10876.6700 10239.9644  5.85%   103  388s
 11160  7239     cutoff   47      10876.6700 10240.4620  5.85%   103  394s
 11289  7334 10788.9946   42   97 10876.6700 10241.2972  5.84%   104  400s
 11441  7404 10717.7954   31  135 10876.6700 10241.9868  5.84%   104  407s
 11552  7558 infeasible   54      10876.6700 10242.8631  5.83%   104  415s
 11772  7737     cutoff  107      10876.6700 10243.8318  5.82%   104  424s
 11892  7737 10482.0702   79   48 10876.6700 10244.3899  5.81%   104  425s
 11962  7855 10648.4979   40  149 10876.6700 10244.6202  5.81%   104  431s
 12176  7966     cutoff   68      10876.6700 10245.9634  5.80%   104  438s
 12351  8077 10429.1210   29  196 10876.6700 10247.2794  5.79%   103  446s
 12506  8225 10857.9700   77    4 10876.6700 10248.8891  5.77%   104  454s
 12689  8297 infeasible   78      10876.6700 10249.1702  5.77%   104  461s
H12746  7742                    10824.440000 10249.4645  5.31%   104  461s
 12780  7877 10808.4997   39   62 10824.4400 10250.2541  5.30%   104  467s
 12971  7977 10653.0613   44   58 10824.4400 10251.5738  5.29%   104  475s
 13122  8071 10628.2250   44    8 10824.4400 10252.8814  5.28%   104  482s
 13385  8134     cutoff   65      10824.4400 10253.1169  5.28%   103  489s
 13488  8216 infeasible   54      10824.4400 10253.9044  5.27%   104  495s
 13611  8302 10526.6526   30  128 10824.4400 10254.5498  5.26%   104  501s
 13751  8421 10583.5468   21  184 10824.4400 10255.2225  5.26%   104  509s
 13907  8423 10783.6113   53   48 10824.4400 10255.2225  5.26%   104  510s
 13916  8523 10779.9256   53   53 10824.4400 10255.4732  5.26%   104  517s
 14079  8614 10560.2355   32  141 10824.4400 10256.4024  5.25%   104  524s
 14181  8844 10724.9254   39   46 10824.4400 10256.5680  5.25%   105  532s
 14507  8923 10781.8000   84    6 10824.4400 10257.4961  5.24%   104  540s
 14604  8989     cutoff   91      10824.4400 10259.0147  5.22%   104  547s
 14699  9065     cutoff   46      10824.4400 10259.4705  5.22%   104  587s
 14786  9177 10717.6923   36  108 10824.4400 10259.5475  5.22%   105  594s
 14840  9177 10493.8037   65   13 10824.4400 10259.5475  5.22%   105  595s
 14971  9257     cutoff   75      10824.4400 10260.8397  5.21%   104  601s
 15076  9407 10645.8481   48  143 10824.4400 10262.0229  5.20%   105  608s
 15338  9529     cutoff   64      10824.4400 10263.4131  5.18%   104  616s
 15522  9608 10750.2474   46  153 10824.4400 10264.4489  5.17%   104  623s
H15627  9694                    10823.480000 10264.6371  5.16%   104  632s
 15827  9764 10512.4629   28  157 10823.4800 10266.1978  5.15%   104  640s
 15963  9956 10821.3800   46    - 10823.4800 10266.7125  5.14%   104  649s
 16175  9959 10716.6744   51   17 10823.4800 10268.1999  5.13%   104  650s
 16225 10032 10671.6599   47   49 10823.4800 10268.4005  5.13%   104  657s
 16362 10103 10757.6574   30  154 10823.4800 10269.1812  5.12%   104  664s
 16416 10104 10761.4100   59    - 10823.4800 10269.1812  5.12%   104  665s
 16477 10215 10785.5700   60    - 10823.4800 10269.7709  5.12%   104  672s
 16627 10342 infeasible   65      10823.4800 10270.0243  5.11%   104  681s
 16812 10446 10541.1057   42   12 10823.4800 10270.2108  5.11%   104  690s
 16986 10553     cutoff   73      10823.4800 10270.8286  5.11%   104  697s
 17127 10622 10455.3369   20  182 10823.4800 10272.0181  5.10%   105  705s
 17231 10735 10600.2416   43   14 10823.4800 10272.1589  5.09%   105  713s
 17404 10881 10814.3400   60    - 10823.4800 10273.1112  5.08%   105  721s
 17611 11012     cutoff   98      10823.4800 10273.3839  5.08%   104  729s
 17832 11109 10440.5725   33  175 10823.4800 10273.8343  5.08%   104  739s
 18007 11222 10534.4752   35  157 10823.4800 10274.3344  5.07%   104  746s
 18152 11292 10401.0290   24  238 10823.4800 10274.9353  5.07%   104  753s
 18253 11396 10313.5137   29  207 10823.4800 10275.9703  5.06%   105  761s
 18394 11480     cutoff   41      10823.4800 10276.3737  5.05%   105  769s
 18517 11648     cutoff   63      10823.4800 10276.7605  5.05%   105  777s
 18724 11752 10771.7600  108    - 10823.4800 10277.9597  5.04%   104  786s
*18838  8528              64    10698.700000 10278.5081  3.93%   104  786s
 18859  8587     cutoff  108      10698.7000 10278.7392  3.93%   104  796s
 18965  8651 10382.9882   40  159 10698.7000 10278.8502  3.92%   105  803s
 19085  8715 10636.9146   27  167 10698.7000 10279.7569  3.92%   105  811s
 19211  8761 infeasible   40      10698.7000 10280.3153  3.91%   105  818s
 19296  8833 10557.5788   33  169 10698.7000 10281.1837  3.90%   106  825s
 19459  8919     cutoff   64      10698.7000 10282.0672  3.89%   106  833s
 19585  8972 10662.3758   44   66 10698.7000 10282.1970  3.89%   106  840s
 19713  9030 10481.3660   28  211 10698.7000 10282.7184  3.89%   106  847s
 19805  9104 10465.9541   35  232 10698.7000 10283.8874  3.88%   106  854s
 19939  9142 10587.3375   31  162 10698.7000 10284.0531  3.88%   107  861s
 20021  9214 10543.2723   36   74 10698.7000 10284.3867  3.87%   107  868s
 20154  9270     cutoff   46      10698.7000 10285.1181  3.87%   107  876s
 20270  9331 10628.8724   36  113 10698.7000 10285.8976  3.86%   107  883s
 20413  9419 10449.6623   37  109 10698.7000 10286.4881  3.85%   107  891s
 20553  9477     cutoff   62      10698.7000 10286.6958  3.85%   108  899s
 20643  9533 10524.1962   33  102 10698.7000 10287.2760  3.85%   108  906s
 20742  9626     cutoff   53      10698.7000 10287.7629  3.84%   108  914s
 20930  9712 10497.0639   31   93 10698.7000 10288.3977  3.84%   108  922s
 21060  9766 10584.7751   47  137 10698.7000 10289.0178  3.83%   108  929s
 21212  9870 10686.4995   40  109 10698.7000 10289.8227  3.82%   108  937s
 21387  9943 10631.3456   36  121 10698.7000 10290.5388  3.82%   108  944s
 21444  9944 10679.9993   62   20 10698.7000 10290.5388  3.82%   108  945s
*21458  9862              58    10694.930000 10291.3385  3.77%   108  945s
*21459  9808              57    10693.050000 10291.3385  3.76%   108  945s
 21525  9892     cutoff   58      10693.0500 10291.5274  3.75%   108  953s
 21658  9973 10562.9777   26  143 10693.0500 10292.7631  3.74%   108  961s
 21786 10020 10686.1400   54    - 10693.0500 10293.5666  3.74%   108  969s
 21884 10063     cutoff   54      10693.0500 10294.2931  3.73%   109  978s
 21977 10152 10383.8247   30  121 10693.0500 10294.7856  3.72%   109  985s
 22106 10202     cutoff   35      10693.0500 10295.8064  3.71%   109  993s
 22226 10307 10457.6339   33  241 10693.0500 10296.7333  3.71%   109 1001s
 22369 10360 10586.3330   27  154 10693.0500 10297.4871  3.70%   109 1011s
 22485 10435 10428.9815   29  121 10693.0500 10298.3662  3.69%   109 1019s
 22625 10518 10623.5398   33   36 10693.0500 10298.9106  3.69%   110 1027s
 22765 10634     cutoff   56      10693.0500 10299.5849  3.68%   110 1037s
 22958 10680 10679.7270   46   12 10693.0500 10299.9791  3.68%   110 1045s
 23037 10732 10364.5513   29  220 10693.0500 10300.1746  3.67%   110 1052s
 23115 10773 10638.3017   41   43 10693.0500 10300.2929  3.67%   110 1060s
 23260 10808     cutoff   48      10693.0500 10301.1516  3.66%   110 1066s
 23351 10890 10422.8354   32  170 10693.0500 10302.1462  3.66%   111 1075s
 23471 10964 10531.0448   37   60 10693.0500 10302.7852  3.65%   111 1083s
 23623 11016 10399.5228   23  109 10693.0500 10302.9751  3.65%   111 1091s
H23714 10738                    10684.050000 10303.2338  3.56%   111 1099s
 23770 10796 10536.9380   48   52 10684.0500 10303.8756  3.56%   111 1106s
 23888 10930 10643.5871   36   86 10684.0500 10304.2050  3.56%   112 1115s
 24090 11031 10663.5100   80    6 10684.0500 10305.5164  3.54%   112 1123s
 24247 11104     cutoff  119      10684.0500 10305.7111  3.54%   112 1131s
 24378 11178 10607.1002   45   48 10684.0500 10306.3656  3.54%   112 1139s
 24520 11240     cutoff   77      10684.0500 10307.2133  3.53%   112 1148s
 24639 11316 10445.4824   35  222 10684.0500 10308.7105  3.51%   112 1156s
 24752 11371 10662.8385   37   14 10684.0500 10309.1401  3.51%   112 1164s
 24891 11439 10477.3925   28   55 10684.0500 10309.3728  3.51%   112 1172s
 25032 11510     cutoff   45      10684.0500 10310.0184  3.50%   113 1181s
 25158 11562 10516.6795   31  214 10684.0500 10311.2235  3.49%   113 1189s
 25213 11565 10613.0696   47    6 10684.0500 10311.5064  3.49%   113 1190s
 25272 11620     cutoff   37      10684.0500 10311.8149  3.48%   113 1197s
 25352 11651     cutoff   45      10684.0500 10311.9617  3.48%   113 1205s
 25485 11705 10671.6004   38   84 10684.0500 10312.3599  3.48%   113 1213s
 25591 11794 10502.7849   24  145 10684.0500 10312.9549  3.47%   114 1222s
 25733 11861 10591.0175   29  202 10684.0500 10313.1093  3.47%   114 1233s
 25859 11907 10671.7339   32   35 10684.0500 10313.7027  3.47%   114 1242s
H25927 11330                    10667.050000 10313.7027  3.31%   114 1243s
 25975 11382     cutoff   52      10667.0500 10314.1562  3.31%   114 1251s
 26110 11453 10635.5110   40  128 10667.0500 10314.6713  3.30%   114 1259s
 26179 11453     cutoff   54      10667.0500 10314.8251  3.30%   114 1260s
 26246 11516 10573.9024   35  201 10667.0500 10314.9860  3.30%   114 1268s
 26370 11599 10598.0108   39   27 10667.0500 10315.2568  3.30%   114 1277s
 26554 11617 10472.3936   31  130 10667.0500 10315.7377  3.29%   114 1530s
 26559 11620 10372.3551   28  654 10667.0500 10315.7377  3.29%   114 1535s
 26567 11626 10640.2656   36  705 10667.0500 10315.7377  3.29%   114 1540s
 26572 11629 10395.2084   27  684 10667.0500 10315.7377  3.29%   114 1545s
 26574 11630 10470.4754   41  694 10667.0500 10315.7377  3.29%   114 1555s
 26577 11635 10315.7377   29  577 10667.0500 10315.7377  3.29%   114 1569s
 26579 11637 10315.7377   30  573 10667.0500 10315.7377  3.29%   114 1581s
 26581 11636     cutoff   30      10667.0500 10315.7377  3.29%   114 1594s
 26583 11637 10315.7377   31  514 10667.0500 10315.7377  3.29%   115 1603s
 26585 11639 10315.7377   31  534 10667.0500 10315.7377  3.29%   115 1624s
 26587 11640 10315.7377   32  537 10667.0500 10315.7377  3.29%   115 1631s
 26589 11641 10315.7377   32  545 10667.0500 10315.7377  3.29%   115 1636s
 26591 11643 10315.7377   33  633 10667.0500 10315.7377  3.29%   115 1642s
 26593 11644 10315.7377   33  641 10667.0500 10315.7377  3.29%   115 1647s
 26595 11646 10315.7377   34  656 10667.0500 10315.7377  3.29%   115 1651s
 26604 11653 10315.7377   36  541 10667.0500 10315.7377  3.29%   115 1655s
 26625 11668 10412.6642   42  498 10667.0500 10315.7377  3.29%   115 1660s
 26671 11681 10660.0862   52  482 10667.0500 10315.7377  3.29%   115 1668s
 26680 11685 10315.7377   32  810 10667.0500 10315.7377  3.29%   115 1670s
 26696 11699 10315.7377   33  404 10667.0500 10315.7377  3.29%   115 1675s
 26745 11706 10547.3349   39  319 10667.0500 10315.7377  3.29%   115 1680s
 26792 11731 10564.2198   54  293 10667.0500 10315.7377  3.29%   115 1685s
 26874 11741 10603.6975   79  287 10667.0500 10315.7377  3.29%   115 1691s
 26914 11739 10315.7377   35  489 10667.0500 10315.7377  3.29%   115 1695s
 26940 11758 10498.7561   43  479 10667.0500 10315.7377  3.29%   115 1702s
 26994 11781     cutoff   65      10667.0500 10315.7377  3.29%   115 1707s
 27028 11804 10315.7377   38  664 10667.0500 10315.7377  3.29%   116 1711s
 27069 11804 10594.1424   44  235 10667.0500 10315.7377  3.29%   116 1717s
 27100 11835 10544.1582   54  278 10667.0500 10315.7377  3.29%   116 1721s
 27212 11857 10661.1919  114  290 10667.0500 10315.7377  3.29%   116 1727s
 27268 11869 10337.3655   38  494 10667.0500 10315.7377  3.29%   116 1730s
 27319 11925     cutoff   61      10667.0500 10315.7377  3.29%   116 1737s
 27400 11960     cutoff   62      10667.0500 10315.7377  3.29%   116 1745s
 27489 11994 10580.0088   54  385 10667.0500 10315.7377  3.29%   116 1757s
 27579 12071 10566.3981   48  575 10667.0500 10315.7377  3.29%   116 1767s
 27720 12136     cutoff   60      10667.0500 10315.7377  3.29%   116 1775s
 27900 12144     cutoff  152      10667.0500 10315.7377  3.29%   116 1786s
 28021 12212 10425.6743   39  581 10667.0500 10315.7377  3.29%   116 1795s
 28180 12257 10480.7323   49  387 10667.0500 10315.7377  3.29%   116 1805s
 28335 12334 10358.3457   37  622 10667.0500 10315.7377  3.29%   116 1817s
 28598 12371 10640.8368   63  107 10667.0500 10315.7377  3.29%   116 1830s
 28810 12363 10490.0623   38  660 10667.0500 10315.7377  3.29%   116 1842s
 28936 12445 10343.1760   37  705 10667.0500 10315.7377  3.29%   116 1853s
 29128 12495     cutoff   48      10667.0500 10315.7377  3.29%   116 1867s
 29346 12528 10643.6151   59  306 10667.0500 10315.7377  3.29%   116 1879s
 29426 12502 10576.6362   48  514 10667.0500 10315.7377  3.29%   116 1880s
 29480 12517     cutoff   60      10667.0500 10315.7377  3.29%   116 1896s
 29520 12619 10513.3569   44  438 10667.0500 10315.7377  3.29%   116 1909s
 29579 12600 10618.0014   44  624 10667.0500 10315.7377  3.29%   116 1910s
 29755 12666 10346.3660   35  421 10667.0500 10315.7377  3.29%   116 1923s
 29958 12719     cutoff   71      10667.0500 10315.7377  3.29%   116 1939s
 30154 12655 10628.1600   69   61 10667.0500 10315.7377  3.29%   116 1940s
 30158 12759     cutoff   69      10667.0500 10315.7377  3.29%   116 1955s
 30331 12845 10575.9495   43  213 10667.0500 10315.7377  3.29%   116 1971s
 30567 12841     cutoff   44      10667.0500 10315.7377  3.29%   117 1988s
 30710 12970 10646.0768   57  421 10667.0500 10315.7377  3.29%   117 2007s
 30992 12999     cutoff   95      10667.0500 10315.7377  3.29%   116 2027s
 31203 13017     cutoff   49      10667.0500 10315.7377  3.29%   116 2046s
 31358 13105 10525.6923   47  318 10667.0500 10315.7377  3.29%   117 2067s
 31682 13169 10588.9660   39  472 10667.0500 10315.7377  3.29%   116 2088s
 31955 13236 10585.1125   54  358 10667.0500 10315.7377  3.29%   116 2107s
 32178 13248     cutoff   61      10667.0500 10315.7377  3.29%   116 2127s
 32341 13299 10580.2217   45  402 10667.0500 10315.7377  3.29%   116 2144s
 32517 13440     cutoff   55      10667.0500 10315.7377  3.29%   117 2163s
 32858 13555     cutoff   59      10667.0500 10315.7377  3.29%   116 2183s
 33230 13545 10535.0462   48  175 10667.0500 10315.7377  3.29%   116 2202s
 33490 13584     cutoff   47      10667.0500 10315.7377  3.29%   116 2220s
 33718 13677 10539.9400   46    - 10667.0500 10315.7377  3.29%   117 2238s
 34051 13731 10584.0037   46  394 10667.0500 10315.7377  3.29%   116 2255s
 34381 13795 10585.7052   45  423 10667.0500 10315.7377  3.29%   116 2273s
 34712 13801 10571.7400   48  362 10667.0500 10315.7377  3.29%   116 2290s
 34927 13836 10471.1881   51  561 10667.0500 10316.9801  3.28%   116 2306s
 35123 13927 10644.1173   54   78 10667.0500 10321.7969  3.24%   117 2325s
 35404 14022 10604.9300   47  286 10667.0500 10323.3092  3.22%   116 2342s
 35735 14027 10420.3677   42  237 10667.0500 10324.4305  3.21%   116 2361s
 35956 14068 10597.0702   49  555 10667.0500 10325.1999  3.20%   116 2377s
 36150 14176 10602.7275   59  467 10667.0500 10327.8320  3.18%   116 2394s
 36242 14146 10560.4973   50  304 10667.0500 10327.8320  3.18%   116 2395s
 36478 14150     cutoff   62      10667.0500 10331.4175  3.15%   116 2412s
 36607 14235 10633.0836   64   55 10667.0500 10333.0076  3.13%   116 2427s
 36845 14217 10571.4300   47  662 10667.0500 10334.3204  3.12%   116 2445s
 36949 14327     cutoff   55      10667.0500 10335.0128  3.11%   116 2461s
 37232 14425 10359.5597   40  723 10667.0500 10338.1991  3.08%   116 2477s
 37577 14449 10427.3483   40  443 10667.0500 10339.4133  3.07%   116 2492s
 37784 14457     cutoff   68      10667.0500 10340.6347  3.06%   116 2506s
 37938 14509 10541.6704   44  519 10667.0500 10341.3517  3.05%   116 2521s
 38125 14632 10659.0070   50  487 10667.0500 10342.2255  3.05%   116 2538s
 38475 14588 10513.4641   45  479 10667.0500 10343.4959  3.03%   115 2553s
 38638 14547     cutoff   53      10667.0500 10345.1243  3.02%   115 2572s
 38677 14604 10491.0497   43  685 10667.0500 10345.9040  3.01%   116 2587s
 38862 14649 10512.2368   44  582 10667.0500 10347.2195  3.00%   116 2601s
 39054 14729 10612.8044   59   31 10667.0500 10350.1797  2.97%   116 2617s
 39304 14712     cutoff   58      10667.0500 10351.1821  2.96%   116 2639s
 39403 14747     cutoff   54      10667.0500 10352.2853  2.95%   116 2653s
 39536 14819 10436.9837   44  353 10667.0500 10353.0466  2.94%   116 2670s
 39749 14889 10652.2886   59   69 10667.0500 10354.8253  2.93%   116 2685s
 40030 14942 10635.5000   56    - 10667.0500 10357.0521  2.91%   116 2702s
 40336 14928 10553.5967   49  110 10667.0500 10358.7492  2.89%   115 2718s
H40479 14232                    10665.330000 10359.3605  2.87%   115 2719s
 40533 14214 10625.0236   50  163 10665.3300 10359.3605  2.87%   115 2747s
 40535 14264 10620.8600   50  113 10665.3300 10359.6493  2.87%   115 2761s
 40646 14291 10556.3930   45  587 10665.3300 10361.1217  2.85%   116 2774s
 40777 14303 10523.7346   48  620 10665.3300 10362.7368  2.84%   116 2787s
 40906 14302 10530.9179   49  429 10665.3300 10363.2965  2.83%   116 2801s
 41017 14333     cutoff   45      10665.3300 10364.0058  2.83%   116 2817s
 41171 14376     cutoff   50      10665.3300 10365.6589  2.81%   116 2832s
H41258 13559                    10659.330000 10365.6589  2.76%   116 2833s
 41313 13644     cutoff   73      10659.3300 10366.9884  2.74%   116 2849s
 41569 13649     cutoff   82      10659.3300 10368.0285  2.73%   116 2864s
 41711 13680     cutoff   49      10659.3300 10368.7140  2.73%   116 2879s
 41917 13753     cutoff   58      10659.3300 10370.6328  2.71%   116 2894s
 42167 13674 10643.1787   51  115 10659.3300 10371.9919  2.70%   116 2895s
 42197 13747     cutoff   51      10659.3300 10372.3233  2.69%   116 2908s
 42359 13746 10547.5375   50  599 10659.3300 10373.8433  2.68%   116 2921s
 42524 13767 10633.4991   42  624 10659.3300 10375.8754  2.66%   116 2936s
 42666 13842 10501.3119   49  576 10659.3300 10376.4068  2.65%   116 2951s
 42899 13844     cutoff   64      10659.3300 10379.6901  2.62%   116 2965s
 43099 13831 10541.6146   49  421 10659.3300 10381.6402  2.61%   116 2979s
 43258 13786 10480.1561   43  652 10659.3300 10382.8951  2.59%   116 3071s
 43266 13901 10501.9879   47  507 10659.3300 10383.2912  2.59%   116 3086s
H43355 10764                    10613.330000 10383.2912  2.17%   116 3086s
 43497 10791     cutoff   53      10613.3300 10384.0032  2.16%   116 3102s
H43722 10083                    10609.330000 10385.9222  2.11%   116 3119s
 43892 10043 10561.3899   52  512 10609.3300 10387.2851  2.09%   116 3134s
 44033 10031 10546.8954   50  573 10609.3300 10388.1268  2.08%   116 3150s
 44177 10023 10590.5403   39  567 10609.3300 10389.6434  2.07%   116 3166s
H44251  8648                    10590.330000 10389.6434  1.89%   116 3166s
 44358  8657     cutoff   56      10590.3300 10391.5179  1.88%   116 3181s
 44541  8639 10582.5260   49  433 10590.3300 10392.5868  1.87%   116 3197s
 44727  8650     cutoff   57      10590.3300 10393.5413  1.86%   116 3214s
 44937  8672     cutoff   59      10590.3300 10394.6479  1.85%   116 3231s
 45190  8664     cutoff   48      10590.3300 10396.6233  1.83%   116 3248s
 45394  8678     cutoff   61      10590.3300 10397.8795  1.82%   116 3266s
 45611  8637     cutoff   65      10590.3300 10398.9235  1.81%   116 3282s
 45764  8631 10538.8202   47  479 10590.3300 10399.8236  1.80%   116 3299s
 45939  8625     cutoff   52      10590.3300 10401.3206  1.78%   116 3315s
 46115  8608 10559.2385   63  147 10590.3300 10402.7387  1.77%   116 3332s
 46309  8619 10468.4561   42  607 10590.3300 10404.5121  1.75%   117 3350s
 46519  8611 10586.6255   39  555 10590.3300 10405.5567  1.74%   117 3368s
 46734  8581     cutoff   43      10590.3300 10406.3996  1.74%   117 3384s
 46928  8602 10534.3664   44  490 10590.3300 10407.1070  1.73%   117 3401s
 47126  8557 10527.7634   56  285 10590.3300 10408.2395  1.72%   117 3417s
 47307  8551     cutoff   63      10590.3300 10409.4961  1.71%   117 3434s
 47419  8514 10456.5382   47  492 10590.3300 10410.6655  1.70%   117 3435s
 47500  8523 10423.3300   45  144 10590.3300 10410.8357  1.69%   117 3451s
 47685  8520 10562.2942   58  189 10590.3300 10412.5561  1.68%   117 3468s
 47891  8515     cutoff   48      10590.3300 10413.3978  1.67%   117 3486s
 48107  8513     cutoff   53      10590.3300 10414.6105  1.66%   117 3503s
 48305  8565     cutoff   53      10590.3300 10415.9452  1.65%   117 3523s
 48608  8522     cutoff   61      10590.3300 10416.6048  1.64%   117 3546s
 48821  8517     cutoff   56      10590.3300 10417.0892  1.64%   117 3565s
 48999  8471     cutoff   52      10590.3300 10417.5667  1.63%   117 3583s
 49185  8440 10514.9218   42  413 10590.3300 10418.8827  1.62%   117 3599s
 49350  8387 10504.4352   42  664 10590.3300 10419.8739  1.61%   117 3600s

Cutting planes:
  User: 4963
  Gomory: 24
  Cover: 199
  Implied bound: 26
  Projected implied bound: 1
  Clique: 10
  MIR: 120
  StrongCG: 5
