




arguments: ./build/mirp_solver -f ./input/orig_exec_47.cfg
Current dir: /scratch/gui/bnc_mirp
File verbosity level: 9
date       time         ( uptime  ) [ thread name/id ]                   file:line     v| 
2021-01-09 04:16:06.474 (   0.075s) [main thread     ]             loguru.cpp:789   INFO| Logging to './output/vi_cos/OU/V2/Original/execution_09_01_2021_04_16_06.log', mode: 'a', verbosity: 9
--------------------------------------------------------------------------------
Parameters
                           instance_path           ./input/Instances/Original/2/
                            model_policy                                       1
                             nb_vehicles                                       2
                              output_dir         ./output/vi_cos/OU/V2/Original/
                            sec_strategy                                       1
                       solver_nb_threads                                       2
                         solver_show_log                                    true
                       solver_time_limit                                    3600
                              use_vi_cos                                    true
                              use_vi_cus                                   false
                         use_vi_hc1_full                                   false
                         use_vi_hc1_half                                   false
                      use_vi_hc1_quarter                                   false
                              use_vi_hc2                                   false
                              use_vi_hc3                                   false
                         use_vi_lex_full                                   false
                         use_vi_lex_half                                   false
                      use_vi_lex_quarter                                   false
                              use_vi_qua                                   false
                               use_vi_vc                                   false
                               use_vi_vr                                   false
--------------------------------------------------------------------------------
executing instance: ./input/Instances/Original/2/absH3high_3n40.dat
--------------------------------------------------------------------------------
Instance details
n	41
H	3
C	3283
Li:
[0, 0, 0, 0, 0, 0, 0, 0, 0, 0, 0, 0, 0, 0, 0, 0, 0, 0, 0, 0, 0, 0, 0, 0, 0, 0, 0, 0, 0, 0, 0, 0, 0, 0, 0, 0, 0, 0, 0, 0, 0, ]
Ui:
[0, 63, 111, 99, 96, 111, 282, 122, 156, 261, 42, 192, 126, 42, 162, 207, 159, 122, 102, 190, 118, 102, 132, 102, 165, 252, 66, 52, 22, 114, 210, 176, 116, 294, 78, 152, 210, 45, 130, 198, 174, ]
Distance matrix:
|0	208	225	252	227	143	258	127	267	150	28	83	163	286	57	149	201	137	214	255	70	73	107	186	328	266	249	343	222	177	293	144	262	215	167	120	169	218	143	173	255	|
|208	0	397	355	416	198	216	99	211	275	193	172	97	166	240	225	362	109	277	314	182	216	273	374	298	208	319	161	14	103	93	120	58	196	152	156	372	227	260	218	453	|
|225	397	0	427	53	364	482	343	492	129	253	225	382	386	171	188	39	291	187	195	295	182	282	55	326	491	180	551	408	315	457	366	455	275	392	244	221	439	341	214	101	|
|252	355	427	0	401	158	201	263	219	396	234	328	259	498	299	400	420	354	465	506	205	324	152	374	574	219	499	393	366	389	446	235	378	456	205	359	224	150	111	423	400	|
|227	416	53	401	0	357	477	352	489	165	253	245	389	424	179	223	85	315	234	245	293	200	264	42	375	488	231	565	428	344	484	370	474	314	392	270	184	430	325	252	50	|
|143	198	364	158	357	0	121	105	134	290	116	196	103	342	200	276	343	205	343	385	74	210	112	319	432	133	382	265	209	237	290	78	226	313	57	220	232	75	69	292	375	|
|258	216	482	201	477	121	0	168	18	397	230	293	135	381	314	372	459	275	437	480	188	317	228	439	501	18	479	197	222	296	290	132	212	386	95	306	347	58	173	381	496	|
|127	99	343	263	352	105	168	0	171	239	105	130	40	237	173	206	313	109	270	312	84	164	175	310	337	169	313	216	112	135	192	37	142	220	77	138	280	155	162	213	382	|
|267	211	492	219	489	134	18	171	0	404	240	298	136	376	323	376	468	276	441	483	198	324	243	450	500	2	483	181	215	294	281	136	202	386	102	309	363	75	189	384	509	|
|150	275	129	396	165	290	397	239	404	0	175	110	279	259	97	59	91	166	84	116	217	80	245	130	226	402	106	434	286	187	329	269	333	149	302	119	244	364	291	87	213	|
|28	193	253	234	253	116	230	105	240	175	0	94	139	286	84	167	229	136	234	275	43	96	98	212	341	238	271	320	206	175	281	118	244	225	140	128	180	191	124	189	280	|
|83	172	225	328	245	196	293	130	298	110	94	0	169	209	77	80	191	71	147	189	127	45	189	203	247	296	187	327	184	106	241	162	230	132	198	38	242	266	217	96	285	|
|163	97	382	259	389	103	135	40	136	279	139	169	0	253	212	244	353	141	307	349	110	203	194	347	366	133	350	183	107	161	187	27	124	251	56	175	306	133	169	249	418	|
|286	166	386	498	424	342	381	237	376	259	286	209	253	0	284	201	347	151	210	230	299	247	383	387	155	374	242	290	162	112	129	270	192	113	308	172	451	386	391	172	471	|
|57	240	171	299	179	200	314	173	323	97	84	77	212	284	0	112	145	147	170	208	127	38	148	137	299	321	201	386	253	183	315	195	297	195	222	112	171	275	195	142	214	|
|149	225	188	400	223	276	372	206	376	59	167	80	244	201	112	0	149	117	67	110	205	78	254	186	187	374	108	387	235	132	272	240	283	93	277	71	279	346	291	32	270	|
|201	362	39	420	85	343	459	313	468	91	229	191	353	347	145	149	0	254	149	160	272	150	271	66	290	466	146	518	373	278	419	339	420	235	367	207	227	418	327	175	135	|
|137	109	291	354	315	205	275	109	276	166	136	71	141	151	147	117	254	0	172	212	151	116	232	273	229	274	215	270	119	39	170	145	167	111	186	47	305	263	245	113	356	|
|214	277	187	465	234	343	437	270	441	84	234	147	307	210	170	67	149	172	0	42	272	141	317	205	144	439	43	437	284	175	307	305	331	99	343	132	327	413	357	60	283	|
|255	314	195	506	245	385	480	312	483	116	275	189	349	230	208	110	160	212	42	0	314	182	356	222	132	481	15	474	321	212	337	347	367	126	385	174	358	455	398	100	295	|
|70	182	295	205	293	74	188	84	198	217	43	127	110	299	127	205	272	151	272	314	0	137	91	253	370	196	310	292	195	188	274	85	226	252	99	155	197	148	94	223	316	|
|73	216	182	324	200	210	317	164	324	80	96	45	203	247	38	78	150	116	141	182	137	0	176	158	263	323	176	369	229	150	286	191	274	157	223	77	208	284	216	106	239	|
|107	273	282	152	264	112	228	175	243	245	98	189	194	383	148	254	271	232	317	356	91	176	0	231	435	242	349	371	286	271	365	167	315	321	164	224	120	174	61	280	274	|
|186	374	55	374	42	319	439	310	450	130	212	203	347	387	137	186	66	273	205	222	253	158	231	0	348	448	208	523	386	303	442	329	431	279	352	229	167	392	291	217	85	|
|328	298	326	574	375	432	501	337	500	226	341	247	366	155	299	187	290	229	144	132	370	263	435	348	0	498	147	441	299	206	283	374	338	119	414	215	465	492	463	157	425	|
|266	208	491	219	488	133	18	169	2	402	238	296	133	374	321	374	466	274	439	481	196	323	242	448	498	0	481	180	213	292	278	134	200	384	100	307	362	75	188	381	508	|
|249	319	180	499	231	382	479	313	483	106	271	187	350	242	201	108	146	215	43	15	310	176	349	208	147	481	0	480	326	217	346	347	373	135	385	175	347	454	392	103	280	|
|343	161	551	393	565	265	197	216	181	434	320	327	183	290	386	387	518	270	437	474	292	369	371	523	441	180	480	0	153	263	163	207	107	352	208	317	487	244	334	379	598	|
|222	14	408	366	428	209	222	112	215	286	206	184	107	162	253	235	373	119	284	321	195	229	286	386	299	213	326	153	0	109	81	132	48	201	162	167	386	236	272	226	466	|
|177	103	315	389	344	237	296	135	294	187	175	106	161	112	183	132	278	39	175	212	188	150	271	303	206	292	217	263	109	0	142	171	156	95	211	74	344	289	281	118	386	|
|293	93	457	446	484	290	290	192	281	329	281	241	187	129	315	272	419	170	307	337	274	286	365	442	283	278	346	163	81	142	0	212	79	211	241	214	461	311	353	254	525	|
|144	120	366	235	370	78	132	37	136	269	118	162	27	270	195	240	339	145	305	347	85	191	167	329	374	134	347	207	132	171	212	0	151	257	40	174	280	119	142	248	398	|
|262	58	455	378	474	226	212	142	202	333	244	230	124	192	297	283	420	167	331	367	226	274	315	431	338	200	373	107	48	156	79	151	0	245	173	214	421	237	293	273	510	|
|215	196	275	456	314	313	386	220	386	149	225	132	251	113	195	93	235	111	99	126	252	157	321	279	119	384	135	352	201	95	211	257	245	0	297	97	365	374	345	62	362	|
|167	152	392	205	392	57	95	77	102	302	140	198	56	308	222	277	367	186	343	385	99	223	164	352	414	100	385	208	162	211	241	40	173	297	0	213	283	79	126	287	415	|
|120	156	244	359	270	220	306	138	309	119	128	38	175	172	112	71	207	47	132	174	155	77	224	229	215	307	175	317	167	74	214	174	214	97	213	0	280	286	248	75	313	|
|169	372	221	224	184	232	347	280	363	244	180	242	306	451	171	279	227	305	327	358	197	208	120	167	465	362	347	487	386	344	461	280	421	365	283	280	0	291	175	310	176	|
|218	227	439	150	430	75	58	155	75	364	191	266	133	386	275	346	418	263	413	455	148	284	174	392	492	75	454	244	236	289	311	119	237	374	79	286	291	0	116	359	445	|
|143	260	341	111	325	69	173	162	189	291	124	217	169	391	195	291	327	245	357	398	94	216	61	291	463	188	392	334	272	281	353	142	293	345	126	248	175	116	0	313	335	|
|173	218	214	423	252	292	381	213	384	87	189	96	249	172	142	32	175	113	60	100	223	106	280	217	157	381	103	379	226	118	254	248	273	62	287	75	310	359	313	0	300	|
|255	453	101	400	50	375	496	382	509	213	280	285	418	471	214	270	135	356	283	295	316	239	274	85	425	508	280	598	466	386	525	398	510	362	415	313	176	445	335	300	0	|

--------------------------------------------------------------------------------
Building model...
	using lazy and cut (CVRPSEP package)
Solving IRP LP...
--------------------------------------------------------------------------------

Gurobi 9.1.0 (linux64) logging started Sat Jan  9 04:16:07 2021

Gurobi Optimizer version 9.1.0 build v9.1.0rc0 (linux64)
Thread count: 32 physical cores, 32 logical processors, using up to 2 threads
Optimize a model with 902 rows, 5570 columns and 17702 nonzeros
Model fingerprint: 0x26b2ede6
Variable types: 404 continuous, 5166 integer (246 binary)
Coefficient statistics:
  Matrix range     [1e+00, 2e+03]
  Objective range  [1e-01, 6e+02]
  Bounds range     [1e+00, 3e+02]
  RHS range        [1e+01, 6e+03]
Presolve removed 285 rows and 162 columns
Presolve time: 0.11s
Presolved: 617 rows, 5408 columns, 16695 nonzeros
Variable types: 242 continuous, 5166 integer (4926 binary)

Root relaxation: objective 1.220584e+04, 515 iterations, 0.01 seconds

    Nodes    |    Current Node    |     Objective Bounds      |     Work
 Expl Unexpl |  Obj  Depth IntInf | Incumbent    BestBd   Gap | It/Node Time

     0     0 12205.8423    0  121          - 12205.8423      -     -    0s
     0     0 12658.6436    0  120          - 12658.6436      -     -    0s
     0     0 12660.7445    0  115          - 12660.7445      -     -    0s
     0     0 12660.7556    0  115          - 12660.7556      -     -    0s
     0     0 13270.1280    0  167          - 13270.1280      -     -    0s
     0     0 13403.8232    0  151          - 13403.8232      -     -    0s
     0     0 13412.2718    0  158          - 13412.2718      -     -    0s
     0     0 13448.9657    0  190          - 13448.9657      -     -    0s
     0     0 13465.6305    0  193          - 13465.6305      -     -    0s
     0     0 13489.1535    0  210          - 13489.1535      -     -    0s
     0     0 13495.8715    0  185          - 13495.8715      -     -    0s
     0     0 13495.8767    0  195          - 13495.8767      -     -    0s
     0     0 13617.8452    0  231          - 13617.8452      -     -    0s
     0     0 13624.6301    0  243          - 13624.6301      -     -    0s
     0     0 13625.0274    0  231          - 13625.0274      -     -    0s
     0     0 13661.5729    0  283          - 13661.5729      -     -    1s
     0     0 13671.4570    0  287          - 13671.4570      -     -    1s
     0     0 13675.5087    0  266          - 13675.5087      -     -    1s
     0     0 13676.1661    0  277          - 13676.1661      -     -    1s
     0     0 13692.1986    0  280          - 13692.1986      -     -    1s
     0     0 13696.8137    0  263          - 13696.8137      -     -    1s
     0     0 13697.9929    0  281          - 13697.9929      -     -    1s
     0     0 13699.3261    0  335          - 13699.3261      -     -    1s
     0     0 13699.3261    0  335          - 13699.3261      -     -    1s
     0     2 13701.2298    0  335          - 13701.2298      -     -    2s
   125   137 14790.5230   45   96          - 13716.1495      -   141    5s
*  626   631             239    17179.050000 13716.1495  20.2%  57.8    9s
   648   630 13902.2817    5  250 17179.0500 13716.2895  20.2%  59.6   10s
H  675   649                    17135.590000 13716.2895  20.0%  60.1   11s
   816   785 14170.0722   21  184 17135.5900 13716.2895  20.0%  57.0   15s
H  824   747                    17002.510000 13716.2895  19.3%  57.3   17s
   837   755 15542.3716  133  295 17002.5100 13812.1240  18.8%  56.4   20s
H  845   723                    16986.510000 13832.9197  18.6%  55.8   22s
   859   732 16178.6150  144  404 16986.5100 13848.3191  18.5%  54.9   25s
H  864   697                    16366.190000 13853.5681  15.4%  54.6   26s
   875   705 15714.7850  109  417 16366.1900 13855.0965  15.3%  53.9   31s
H  879   671                    16235.490000 13857.5525  14.6%  53.7   32s
   886   676 14212.6553   23  401 16235.4900 13859.6751  14.6%  53.3   35s
H  899   651                    16220.490000 13862.4307  14.5%  65.0   38s
   901   652 13862.4307    3  230 16220.4900 13862.4307  14.5%  64.9   40s
H  914   628                    16194.490000 13863.0000  14.4%  63.9   43s
   920   632 14779.6110   51  409 16194.4900 13864.1163  14.4%  63.5   45s
   943   650 13910.1011   27  302 16194.4900 13910.1011  14.1%  75.3   50s
  1022   703 14232.0587   49   85 16194.4900 13926.6525  14.0%  88.1   55s
H 1039   674                    15804.490000 13926.6525  11.9%  88.3   55s
H 1065   666                    15766.490000 13926.6525  11.7%  89.5   56s
* 1163   698             103    14913.170000 13926.6525  6.62%  89.5   57s
H 1171   671                    14903.770000 13926.6525  6.56%  89.7   58s
H 1185   640                    14894.170000 13929.3405  6.48%  89.2   58s
  1230   679 14106.7615   37  189 14894.1700 13929.3405  6.48%  91.7   60s
H 1287   650                    14869.280000 13929.3405  6.32%  91.6   61s
H 1291   625                    14868.170000 13929.3405  6.31%  91.7   61s
  1383   709 14421.8412   70   57 14868.1700 13929.3405  6.31%  98.6   65s
* 1439   587              99    14467.380000 13929.3405  3.72%  97.2   66s
H 1467   554                    14459.380000 13935.2686  3.62%   100   68s
  1513   602 14196.2969   41  102 14459.3800 13935.2686  3.62%   104   70s
H 1594   485                    14385.420000 13936.6750  3.12%   104   72s
  1612   515 14149.2931   39  207 14385.4200 13936.6750  3.12%   106   76s
  1743   515     cutoff   53      14385.4200 13944.7643  3.06%   106   80s
  1804   524 14116.1587   30  224 14385.4200 13947.3529  3.05%   111   85s
  1917   563 14199.7311   40  207 14385.4200 13967.6129  2.90%   115   90s
  2011   583 14082.2830   31  308 14385.4200 13970.8001  2.88%   119   97s
  2073   614 14121.5727   31  282 14385.4200 13972.3965  2.87%   122  101s
  2138   681 14275.8223   45  120 14385.4200 13972.3965  2.87%   126  105s
  2216   707 14248.1271   38  274 14385.4200 13974.9749  2.85%   128  110s
  2300   732     cutoff   40      14385.4200 13977.5613  2.84%   132  115s
  2403   831 14324.2632   36  196 14385.4200 13991.2333  2.74%   136  121s
  2496   849 14358.6891   31  156 14385.4200 13991.6132  2.74%   137  126s
  2554   874     cutoff   44      14385.4200 13995.0207  2.71%   140  130s
  2594   891 14170.3300   34  301 14385.4200 13997.8545  2.69%   143  135s
  2657   932     cutoff   44      14385.4200 14002.9754  2.66%   145  140s
  2724   984 14093.5618   33  265 14385.4200 14008.9974  2.62%   148  145s
  2839  1083     cutoff   56      14385.4200 14011.5636  2.60%   149  151s
  2971  1154 14310.1005   48   96 14385.4200 14012.5320  2.59%   149  158s
  3028  1170     cutoff   44      14385.4200 14013.6114  2.58%   150  161s
  3157  1266     cutoff   42      14385.4200 14016.5797  2.56%   151  168s
  3229  1292 14294.9348   51  111 14385.4200 14017.1921  2.56%   151  172s
  3295  1321 14366.3000   63    - 14385.4200 14017.6752  2.56%   152  175s
  3393  1352 14198.3838   36  240 14385.4200 14026.8115  2.49%   155  182s
  3440  1367 14294.9761   35  239 14385.4200 14027.7513  2.49%   156  186s
  3489  1404     cutoff   41      14385.4200 14029.8331  2.47%   158  190s
  3675  1474 14347.3145   38  210 14385.4200 14037.5491  2.42%   158  199s
  3741  1514 14297.3024   35  215 14385.4200 14038.8558  2.41%   159  203s
  3834  1554 14322.4293   49  100 14385.4200 14041.1932  2.39%   160  209s
  3916  1589 14318.4893   39  308 14385.4200 14044.6047  2.37%   161  215s
  3986  1632 14220.1226   43  165 14385.4200 14045.4945  2.36%   162  220s
  4099  1687 14361.0163   45  200 14385.4200 14047.8544  2.35%   162  225s
  4194  1718 14125.4689   29  303 14385.4200 14049.3247  2.34%   163  231s
  4296  1766 14249.9453   31  229 14385.4200 14052.8297  2.31%   164  236s
  4400  1799 14330.8557   38  239 14385.4200 14053.4442  2.31%   164  242s
  4473  1821 14293.9883   41  118 14385.4200 14054.7859  2.30%   166  248s
  4577  1855 14182.1290   39  252 14385.4200 14055.0613  2.30%   167  254s
  4666  1890 14326.5326   38  140 14385.4200 14055.8041  2.29%   169  260s
  4766  1915     cutoff   46      14385.4200 14056.8550  2.28%   169  267s
  4859  2002     cutoff   37      14385.4200 14061.4768  2.25%   171  274s
  4995  2071 14359.9508   49  118 14385.4200 14063.0896  2.24%   171  282s
  5159  2171 14297.8030   39  175 14385.4200 14065.4323  2.22%   170  290s
  5312  2262 14368.9057   53   30 14385.4200 14068.8312  2.20%   170  298s
H 5390  2261                    14384.600000 14068.8312  2.20%   170  298s
  5492  2290 14324.5629   43  141 14384.6000 14073.6919  2.16%   169  306s
  5564  2418 14381.8072   48  197 14384.6000 14076.3643  2.14%   171  315s
  5783  2458 14317.3793   42  193 14384.6000 14079.4245  2.12%   170  324s
  5936  2515 14194.4436   37  250 14384.6000 14081.7430  2.11%   171  332s
  6054  2565 14291.6130   39  275 14384.6000 14083.8285  2.09%   173  342s
  6206  2624 14248.4265   39  197 14384.6000 14086.7036  2.07%   173  351s
  6353  2725 14234.8238   45  189 14384.6000 14091.0733  2.04%   174  360s
  6590  2796     cutoff   32      14384.6000 14093.1491  2.03%   174  370s
  6764  2885 14324.2050   37  149 14384.6000 14097.2227  2.00%   174  384s
  6980  2943 14211.5019   38  196 14384.6000 14101.1926  1.97%   174  394s
  7130  3011 14327.2227   38  193 14384.6000 14103.0969  1.96%   174  402s
  7296  3158 14216.3012   34  233 14384.6000 14106.3920  1.93%   175  413s
  7534  3263 infeasible  130      14384.6000 14108.4625  1.92%   174  424s
  7640  3266 14291.8033   67   60 14384.6000 14108.4625  1.92%   173  425s
  7752  3351 infeasible   78      14384.6000 14110.8414  1.90%   174  462s
  7995  3406 14256.3176   38  137 14384.6000 14111.9400  1.90%   173  473s
  8082  3406 14360.7535   52  113 14384.6000 14111.9400  1.90%   172  556s
  8195  3488 14237.5285   42  202 14384.6000 14113.9248  1.88%   173  565s
  8366  3595 14304.6821   37  197 14384.6000 14115.2674  1.87%   174  576s
  8597  3683 14238.4755   44   88 14384.6000 14115.9943  1.87%   174  587s
  8797  3724     cutoff   49      14384.6000 14120.2842  1.84%   174  598s
H 8897  3456                    14364.890000 14121.5991  1.69%   174  599s
  8920  3525 14254.5509   38  239 14364.8900 14121.9449  1.69%   174  609s
  9107  3562     cutoff   40      14364.8900 14125.3030  1.67%   175  619s
  9234  3658 14314.3289   37  244 14364.8900 14127.6019  1.65%   176  630s
  9470  3724     cutoff   31      14364.8900 14130.6024  1.63%   176  641s
  9701  3798     cutoff   50      14364.8900 14133.0306  1.61%   176  653s
  9907  3848 14288.3685   31  339 14364.8900 14134.9602  1.60%   176  663s
 10135  3920 14190.5248   39  210 14364.8900 14139.1829  1.57%   176  673s
 10337  3983 14221.1398   37  330 14364.8900 14141.9580  1.55%   176  684s
 10445  3983 14350.3218   40  140 14364.8900 14143.1704  1.54%   176  685s
 10539  4042 14271.1323   51  155 14364.8900 14143.5417  1.54%   176  695s
 10732  4122     cutoff   36      14364.8900 14145.0163  1.53%   177  706s
 10984  4226     cutoff   60      14364.8900 14148.3478  1.51%   177  717s
 11244  4299 14320.6250   38  201 14364.8900 14150.0224  1.50%   176  728s
 11440  4366 14326.7591   45   46 14364.8900 14152.3133  1.48%   176  738s
*11540  4361              65    14364.600000 14152.3133  1.48%   176  739s
 11707  4431 14335.0441   40  188 14364.6000 14153.8246  1.47%   176  749s
 11940  4498     cutoff   33      14364.6000 14155.4430  1.46%   176  759s
 12045  4498 14290.4522   52  159 14364.6000 14155.4430  1.46%   175  760s
H12187  4439                    14358.600000 14156.8968  1.40%   175  771s
 12363  4493 14338.9771   31  227 14358.6000 14158.2282  1.40%   175  782s
 12584  4554 14287.0588   44  249 14358.6000 14160.0059  1.38%   175  792s
 12838  4664     cutoff   43      14358.6000 14161.6728  1.37%   175  804s
 13036  4664 14299.2076   70   39 14358.6000 14162.8507  1.36%   174  805s
 13157  4718 14316.4019   49   59 14358.6000 14162.8977  1.36%   174  815s
 13388  4835     cutoff   59      14358.6000 14163.6066  1.36%   174  826s
 13642  4905 14339.4810   40  176 14358.6000 14165.4001  1.35%   173  836s
 13896  4960 14252.4352   42   95 14358.6000 14168.0380  1.33%   173  847s
 14086  5010 14267.7811   37  203 14358.6000 14169.2533  1.32%   173  857s
 14266  5041 14320.4239   41  243 14358.6000 14170.4607  1.31%   174  868s
 14453  5111 14249.0627   42  112 14358.6000 14171.9867  1.30%   174  878s
 14702  5155 14254.6602   36  213 14358.6000 14173.6577  1.29%   174  890s
 14891  5223     cutoff   36      14358.6000 14174.5129  1.28%   174  901s
 15145  5299     cutoff   43      14358.6000 14175.4205  1.28%   174  912s
 15379  5384     cutoff   38      14358.6000 14176.6730  1.27%   174  923s
 15659  5441 14340.2129   44  204 14358.6000 14178.1427  1.26%   173  934s
 15713  5441 14324.6229   38  202 14358.6000 14178.1427  1.26%   174  935s
 15872  5514 14350.8855   45  164 14358.6000 14178.6397  1.25%   174  967s
 16118  5561 14221.6550   42  164 14358.6000 14180.1374  1.24%   173  977s
 16340  5625     cutoff   32      14358.6000 14181.3853  1.23%   173  987s
 16559  5682 14329.3975   48  139 14358.6000 14183.0658  1.22%   174  998s
 16793  5768     cutoff   37      14358.6000 14184.4801  1.21%   173 1009s
 17050  5800     cutoff   58      14358.6000 14185.9995  1.20%   173 1021s
 17251  5843     cutoff   31      14358.6000 14187.3511  1.19%   173 1031s
 17510  5918 14321.3921   40  158 14358.6000 14189.2241  1.18%   173 1042s
 17758  5966 14258.3159   48  117 14358.6000 14190.0366  1.17%   173 1054s
 18032  6039 14326.7976   43  119 14358.6000 14191.1413  1.17%   172 1065s
 18306  6118 14239.3747   40  177 14358.6000 14192.0140  1.16%   172 1076s
 18590  6201     cutoff   62      14358.6000 14192.9968  1.15%   171 1086s
 18863  6278 14298.9770   52   64 14358.6000 14194.0345  1.15%   171 1097s
 19158  6368 14252.1395   41  176 14358.6000 14195.5069  1.14%   170 1108s
 19437  6400     cutoff   39      14358.6000 14196.3081  1.13%   170 1119s
 19633  6455     cutoff   43      14358.6000 14197.8944  1.12%   170 1129s
 19759  6455 14287.4346   36  127 14358.6000 14197.8944  1.12%   170 1130s
 19877  6518 14300.9900   37  114 14358.6000 14198.8928  1.11%   170 1141s
 20111  6579 14284.3052   42  142 14358.6000 14199.6064  1.11%   170 1152s
 20386  6667 14264.9477   48   34 14358.6000 14200.3224  1.10%   169 1163s
 20655  6758     cutoff   45      14358.6000 14201.3183  1.10%   169 1173s
 20935  6840 14287.0504   43  142 14358.6000 14202.7388  1.09%   169 1185s
 21240  6893 14276.2755   41  263 14358.6000 14203.9210  1.08%   168 1196s
 21501  6934 14242.1013   40  189 14358.6000 14204.8833  1.07%   168 1208s
 21710  7008 14289.0254   41  197 14358.6000 14205.4086  1.07%   168 1218s
 21981  7008 14351.1412   47  190 14358.6000 14206.3220  1.06%   168 1220s
 21989  7104 14301.8974   46  193 14358.6000 14206.3811  1.06%   168 1230s
 22274  7169 14281.4512   31  237 14358.6000 14207.3726  1.05%   168 1241s
 22526  7266 14248.7845   45  261 14358.6000 14208.0772  1.05%   168 1252s
 22810  7342 14309.6515   37  128 14358.6000 14208.8378  1.04%   167 1264s
 23087  7394 14344.7410   45  122 14358.6000 14209.7036  1.04%   167 1275s
 23358  7445 14300.9703   37  139 14358.6000 14210.2256  1.03%   167 1285s
 23606  7524 14306.4933   38  111 14358.6000 14211.2570  1.03%   167 1296s
 23900  7613 14282.0163   41  115 14358.6000 14212.3709  1.02%   166 1308s
 24212  7693 14268.1056   60   35 14358.6000 14212.9260  1.01%   166 1319s
 24347  7693 14297.7446   37  210 14358.6000 14212.9260  1.01%   166 1320s
 24515  7756     cutoff   40      14358.6000 14214.0616  1.01%   166 1330s
 24798  7816     cutoff   50      14358.6000 14214.5829  1.00%   165 1341s
 25041  7851     cutoff   48      14358.6000 14215.6902  1.00%   165 1357s
 25207  7888     cutoff   45      14358.6000 14216.1341  0.99%   165 1370s
 25376  7954     cutoff   47      14358.6000 14216.7905  0.99%   165 1381s
 25658  8024     cutoff   53      14358.6000 14217.3814  0.98%   165 1392s
 25935  8080     cutoff   44      14358.6000 14218.1232  0.98%   165 1405s
 26265  8125 14328.0291   44   32 14358.6000 14218.9667  0.97%   164 1416s
 26533  8213 14320.6743   36  133 14358.6000 14219.6158  0.97%   164 1428s
 26805  8258 14314.9085   47   58 14358.6000 14220.0458  0.96%   164 1438s
 27067  8302 14346.2968   41  134 14358.6000 14221.4381  0.96%   164 1449s
 27217  8302 14335.2369   55   38 14358.6000 14221.4381  0.96%   164 1450s
 27335  8364 14300.9135   40  182 14358.6000 14222.1442  0.95%   164 1461s
 27674  8384 14337.4504   49   82 14358.6000 14222.9841  0.94%   163 1472s
 27961  8468     cutoff   50      14358.6000 14223.6633  0.94%   163 1484s
 28273  8468 14338.7628   53   47 14358.6000 14224.3202  0.94%   163 1485s
 28338  8552 14338.2149   40  214 14358.6000 14224.3741  0.93%   163 1498s
 28696  8590     cutoff   60      14358.6000 14225.0427  0.93%   162 1510s
 29013  8699 14299.7979   41  160 14358.6000 14225.6142  0.93%   162 1521s
 29413  8756     cutoff   71      14358.6000 14226.5825  0.92%   161 1533s
 29693  8806     cutoff   64      14358.6000 14227.0222  0.92%   161 1544s
 29948  8806 14337.1672   55  128 14358.6000 14227.7632  0.91%   161 1545s
 29992  8828     cutoff   36      14358.6000 14227.8626  0.91%   161 1554s
*30115  8731              56    14354.890000 14227.8626  0.88%   161 1555s
 30281  8806     cutoff   59      14354.8900 14228.8237  0.88%   160 1567s
*30297  8730              70    14352.190000 14228.8237  0.86%   160 1567s
 30587  8806 14338.4890   42  241 14352.1900 14229.5952  0.85%   160 1579s
 30897  8806 14304.6538   43  142 14352.1900 14230.3707  0.85%   159 1580s
 30912  8858 14276.7373   45  184 14352.1900 14230.3947  0.85%   159 1591s
 31153  8888 14323.6046   52   47 14352.1900 14230.7918  0.85%   159 1602s
 31423  8931     cutoff   49      14352.1900 14231.3928  0.84%   159 1614s
 31687  8931 14330.5977   39  117 14352.1900 14231.8534  0.84%   159 1615s
 31701  8931 14340.7008   58   94 14352.1900 14231.9192  0.84%   159 1625s
 31989  9011 14318.3891   37  215 14352.1900 14232.9510  0.83%   159 1638s
H32332  8026                    14332.490000 14233.3547  0.69%   158 1652s
 32507  8037     cutoff   36      14332.4900 14233.7337  0.69%   158 1663s
 32757  8038 14295.0675   47   61 14332.4900 14234.4375  0.68%   158 1675s
 32994  8055 14250.1341   38  196 14332.4900 14235.0602  0.68%   158 1687s
 33282  8088 infeasible   51      14332.4900 14236.1182  0.67%   158 1699s
 33618  8087     cutoff   44      14332.4900 14236.8492  0.67%   158 1711s
 33904  8132     cutoff   41      14332.4900 14237.5664  0.66%   158 1723s
 34233  8150     cutoff   42      14332.4900 14238.1641  0.66%   158 1735s
 34542  8167 14272.1867   48   78 14332.4900 14239.1093  0.65%   158 1747s
 34846  8157 14283.4420   45  190 14332.4900 14239.8950  0.65%   157 1758s
 35142  8173 14279.5184   37  170 14332.4900 14240.7974  0.64%   157 1770s
 35439  8183     cutoff   48      14332.4900 14241.3757  0.64%   157 1782s
 35735  8175     cutoff   53      14332.4900 14242.5040  0.63%   157 1794s
 36038  8132 14276.7241   36  181 14332.4900 14243.4859  0.62%   157 1805s
 36312  8126     cutoff   49      14332.4900 14244.6336  0.61%   157 1881s
 36450  8138 14315.3175   57  122 14332.4900 14245.1814  0.61%   157 1899s
 36803  8138 14313.7263   43  151 14332.4900 14246.0981  0.60%   157 1900s
 36911  8111 14302.6073   50   30 14332.4900 14246.1645  0.60%   157 1913s
 37261  8100 14329.4234   44  160 14332.4900 14247.3378  0.59%   157 1928s
 37674  8079 14325.1286   46   46 14332.4900 14248.5323  0.59%   156 1942s
 38066  8088 14300.8986   32  187 14332.4900 14249.5075  0.58%   156 1955s
 38456  8088     cutoff   43      14332.4900 14250.2073  0.57%   156 1968s
 38799  8052     cutoff   41      14332.4900 14251.1718  0.57%   156 1981s
 39171  8046 14267.4838   40  164 14332.4900 14252.0881  0.56%   155 1993s
*39229  7938              51    14331.170000 14252.0881  0.55%   155 1994s
 39503  7945     cutoff   50      14331.1700 14252.7591  0.55%   155 2006s
 39833  8025     cutoff   35      14331.1700 14253.5418  0.54%   155 2018s
 40248  8014 14316.1654   44  128 14331.1700 14254.3693  0.54%   155 2031s
 40565  7977     cutoff   46      14331.1700 14255.4076  0.53%   155 2043s
 40931  7957     cutoff   40      14331.1700 14256.5537  0.52%   154 2055s
 41180  7906 14279.9860   41  144 14331.1700 14256.9923  0.52%   154 2066s
 41460  7870     cutoff   61      14331.1700 14257.9159  0.51%   154 2078s
 41789  7829     cutoff   52      14331.1700 14258.8514  0.50%   154 2090s
 42128  7804     cutoff   62      14331.1700 14259.9284  0.50%   154 2101s
 42524  7766     cutoff   56      14331.1700 14260.8292  0.49%   153 2112s
 42838  7714     cutoff   40      14331.1700 14261.6869  0.48%   153 2122s
 43109  7664 14295.2171   51  102 14331.1700 14262.4364  0.48%   153 2133s
 43412  7622     cutoff   57      14331.1700 14263.2854  0.47%   153 2143s
 43709  7564     cutoff   54      14331.1700 14263.9700  0.47%   153 2153s
 43964  7497     cutoff   42      14331.1700 14264.6202  0.46%   153 2164s
 44280  7450     cutoff   43      14331.1700 14265.8199  0.46%   153 2175s
 44603  7388     cutoff   60      14331.1700 14266.8012  0.45%   152 2185s
 44867  7340     cutoff   37      14331.1700 14267.6995  0.44%   152 2196s
 45170  7261     cutoff   43      14331.1700 14268.6296  0.44%   152 2207s
 45487  7192     cutoff   60      14331.1700 14269.6820  0.43%   152 2217s
 45741  7128     cutoff   46      14331.1700 14270.4050  0.42%   152 2228s
 46026  7059 14284.8650   43  197 14331.1700 14271.2076  0.42%   152 2238s
 46324  7012     cutoff   51      14331.1700 14272.1017  0.41%   152 2250s
 46620  6941     cutoff   47      14331.1700 14272.7516  0.41%   152 2260s
 46965  6862 14315.1202   39  255 14331.1700 14273.4292  0.40%   151 2271s
 47279  6751     cutoff   52      14331.1700 14274.2185  0.40%   151 2282s
 47562  6677 14284.9833   42  152 14331.1700 14275.3795  0.39%   151 2293s
 47889  6569     cutoff   49      14331.1700 14276.1615  0.38%   151 2305s
 48216  6473 14329.9100   57    - 14331.1700 14277.1715  0.38%   151 2316s
 48552  6373     cutoff   57      14331.1700 14278.2753  0.37%   151 2327s
 48879  6249     cutoff   51      14331.1700 14279.2398  0.36%   150 2339s
 49214  6156 14314.3142   41   48 14331.1700 14280.1364  0.36%   150 2351s
 49633  6046     cutoff   61      14331.1700 14281.3092  0.35%   150 2362s
 49977  5912     cutoff   44      14331.1700 14282.3431  0.34%   150 2374s
 50273  5912 14324.7334   62   15 14331.1700 14283.4879  0.33%   150 2375s
 50351  5769 14294.5110   48  226 14331.1700 14283.5292  0.33%   150 2386s
 50744  5592 14328.7919   39  198 14331.1700 14284.8221  0.32%   149 2398s
 51257  5423     cutoff   35      14331.1700 14286.4712  0.31%   149 2410s
 51687  5268 14289.9560   40  165 14331.1700 14287.8585  0.30%   148 2423s
 52136  5124     cutoff   44      14331.1700 14289.1263  0.29%   148 2439s
 52496  4928     cutoff   55      14331.1700 14290.4982  0.28%   148 2454s
 52929  4693     cutoff   31      14331.1700 14292.0290  0.27%   147 2465s
 53327  4447     cutoff   36      14331.1700 14293.5135  0.26%   147 2478s
 53826  4164 14324.0272   55  110 14331.1700 14295.2635  0.25%   146 2489s
 54259  3852     cutoff   47      14331.1700 14297.2983  0.24%   146 2500s
 54767  3510 14329.0900   62    - 14331.1700 14299.3514  0.22%   145 2513s
 55355  3134     cutoff   62      14331.1700 14301.5233  0.21%   145 2523s
 55861  2721     cutoff   45      14331.1700 14304.0036  0.19%   144 2534s
 56411  2265     cutoff   66      14331.1700 14306.1026  0.17%   143 2544s
 56987  1772 14316.3908   51  171 14331.1700 14309.4258  0.15%   142 2554s
 57592  1221     cutoff   50      14331.1700 14313.0579  0.13%   142 2562s
 58210   615     cutoff   32      14331.1700 14317.9873  0.09%   141 2568s
 58839     0     cutoff   63      14331.1700 14324.0959  0.05%   139 2572s

Cutting planes:
  User: 2880
  Learned: 1
  Gomory: 26
  Cover: 259
  Implied bound: 15
  Clique: 4
  MIR: 90
  StrongCG: 2
  Flow cover: 297
  GUB cover: 1
  Inf proof: 1
  Zero half: 62
  RLT: 163
  Lazy constraints: 1605

Explored 59455 nodes (8219927 simplex iterations) in 2572.82 seconds
Thread count was 2 (of 32 available processors)

Solution count 10: 14331.2 14332.5 14352.2 ... 14459.4

Optimal solution found (tolerance 1.00e-04)
Best objective 1.433117000000e+04, best bound 1.433117000000e+04, gap 0.0000%

User-callback calls 267001, time in user-callback 181.61 sec
================================================================================
executing instance: ./input/Instances/Original/2/absH3high_4n10.dat
--------------------------------------------------------------------------------
Instance details
n	11
H	3
C	822
Li:
[0, 0, 0, 0, 0, 0, 0, 0, 0, 0, 0, ]
Ui:
[0, 102, 52, 88, 182, 153, 138, 38, 165, 297, 86, ]
Distance matrix:
|0	285	411	382	327	239	148	256	307	36	383	|
|285	0	352	98	249	103	227	235	120	268	209	|
|411	352	0	395	106	430	263	549	234	429	174	|
|382	98	395	0	302	173	320	288	168	364	227	|
|327	249	106	302	0	324	179	444	135	339	109	|
|239	103	430	173	324	0	241	132	212	212	305	|
|148	227	263	320	179	241	0	325	192	165	249	|
|256	235	549	288	444	132	325	0	342	220	436	|
|307	120	234	168	135	212	192	342	0	304	94	|
|36	268	429	364	339	212	165	220	304	0	386	|
|383	209	174	227	109	305	249	436	94	386	0	|

--------------------------------------------------------------------------------
Building model...
	using lazy and cut (CVRPSEP package)
Solving IRP LP...
--------------------------------------------------------------------------------

Gurobi 9.1.0 (linux64) logging started Sat Jan  9 04:59:00 2021

Gurobi Optimizer version 9.1.0 build v9.1.0rc0 (linux64)
Thread count: 32 physical cores, 32 logical processors, using up to 2 threads
Optimize a model with 242 rows, 500 columns and 1742 nonzeros
Model fingerprint: 0xf2c7b687
Variable types: 104 continuous, 396 integer (66 binary)
Coefficient statistics:
  Matrix range     [1e+00, 5e+02]
  Objective range  [2e-01, 5e+02]
  Bounds range     [1e+00, 3e+02]
  RHS range        [2e+01, 1e+03]
Presolve removed 75 rows and 42 columns
Presolve time: 0.01s
Presolved: 167 rows, 458 columns, 1495 nonzeros
Variable types: 62 continuous, 396 integer (336 binary)

Root relaxation: objective 3.669208e+03, 216 iterations, 0.00 seconds

    Nodes    |    Current Node    |     Objective Bounds      |     Work
 Expl Unexpl |  Obj  Depth IntInf | Incumbent    BestBd   Gap | It/Node Time

     0     0 3669.20760    0   38          - 3669.20760      -     -    0s
     0     0 3974.77625    0   60          - 3974.77625      -     -    0s
     0     0 3977.29204    0   46          - 3977.29204      -     -    0s
     0     0 4044.56243    0   43          - 4044.56243      -     -    0s
     0     0 4044.57859    0   62          - 4044.57859      -     -    0s
     0     0 4070.50207    0   40          - 4070.50207      -     -    0s
     0     0 4085.24923    0   43          - 4085.24923      -     -    0s
     0     0 4087.53069    0   80          - 4087.53069      -     -    0s
     0     0 4108.71787    0   68          - 4108.71787      -     -    0s
H    0     0                    7877.7100000 4108.71787  47.8%     -    0s
H    0     0                    7829.7100000 4108.71787  47.5%     -    0s
     0     0 4110.90977    0   71 7829.71000 4110.90977  47.5%     -    0s
     0     0 4118.16309    0   85 7829.71000 4118.16309  47.4%     -    0s
H    0     0                    6086.4000000 4118.16309  32.3%     -    0s
     0     0 4118.81817    0   78 6086.40000 4118.81817  32.3%     -    0s
     0     0 4125.61130    0   75 6086.40000 4125.61130  32.2%     -    0s
     0     0 4126.02147    0   77 6086.40000 4126.02147  32.2%     -    0s
     0     0 4126.48706    0   78 6086.40000 4126.48706  32.2%     -    0s
     0     0 4126.48706    0   78 6086.40000 4126.48706  32.2%     -    0s
     0     2 4159.06985    0  103 6086.40000 4159.06985  31.7%     -    0s
H   29    36                    5748.4000000 4263.94523  25.8%  50.6    0s
*   58    61              27    5119.0600000 4263.94523  16.7%  38.8    0s
H  230   122                    5056.0600000 4420.22393  12.6%  33.9    0s
*  797   263              15    5038.6600000 4614.94465  8.41%  37.2    2s
* 1246   295              14    5034.9600000 4724.46047  6.17%  36.9    3s
H 1596   235                    5031.0000000 4809.07970  4.41%  37.2    4s

Cutting planes:
  User: 575
  Gomory: 6
  Cover: 81
  Implied bound: 15
  Clique: 6
  MIR: 46
  StrongCG: 3
  Flow cover: 74
  Zero half: 4
  RLT: 54
  Relax-and-lift: 1
  Lazy constraints: 117

Explored 2255 nodes (77810 simplex iterations) in 4.98 seconds
Thread count was 2 (of 32 available processors)

Solution count 9: 5031 5034.96 5038.66 ... 7877.71

Optimal solution found (tolerance 1.00e-04)
Best objective 5.031000000000e+03, best bound 5.031000000000e+03, gap 0.0000%

User-callback calls 5435, time in user-callback 0.71 sec
================================================================================
executing instance: ./input/Instances/Original/2/absH3high_3n20.dat
--------------------------------------------------------------------------------
Instance details
n	21
H	3
C	1536
Li:
[0, 0, 0, 0, 0, 0, 0, 0, 0, 0, 0, 0, 0, 0, 0, 0, 0, 0, 0, 0, 0, ]
Ui:
[0, 48, 207, 156, 294, 207, 297, 54, 114, 90, 228, 132, 84, 64, 51, 153, 60, 39, 195, 82, 130, ]
Distance matrix:
|0	41	141	324	154	98	307	402	160	217	284	269	188	233	54	185	307	149	286	276	103	|
|41	0	114	285	184	88	285	385	200	197	251	230	189	270	48	205	295	160	245	241	62	|
|141	114	0	200	208	193	353	459	269	275	289	154	129	371	160	192	380	136	205	267	88	|
|324	285	200	0	406	330	386	484	467	344	286	57	299	555	318	380	442	327	114	255	226	|
|154	184	208	406	0	250	460	553	101	370	436	361	136	247	208	63	455	87	405	425	232	|
|98	88	193	330	250	0	211	304	232	121	204	273	276	249	44	283	210	244	259	204	113	|
|307	285	353	386	460	211	0	106	436	90	104	342	467	407	253	490	72	445	275	134	269	|
|402	385	459	484	553	304	106	0	517	188	198	443	570	463	348	587	102	545	371	229	373	|
|160	200	269	467	101	232	436	517	0	349	434	417	231	148	200	163	415	179	444	431	261	|
|217	197	275	344	370	121	90	188	349	0	111	293	382	335	163	400	106	357	244	128	187	|
|284	251	289	286	436	204	104	198	434	111	0	246	413	441	235	452	170	401	173	31	214	|
|269	230	154	57	361	273	342	443	417	293	246	0	266	500	261	342	393	286	85	215	170	|
