




arguments: ./build/mirp_solver -f ./input/orig_exec_8.cfg
Current dir: /scratch/gui/bnc_mirp
File verbosity level: 9
date       time         ( uptime  ) [ thread name/id ]                   file:line     v| 
2021-01-08 22:34:34.722 (   0.341s) [main thread     ]             loguru.cpp:789   INFO| Logging to './output/vi_cos/OU/V2/Original/execution_08_01_2021_22_34_34.log', mode: 'a', verbosity: 9
--------------------------------------------------------------------------------
Parameters
                           instance_path           ./input/Instances/Original/1/
                            model_policy                                       1
                             nb_vehicles                                       2
                              output_dir         ./output/vi_cos/OU/V2/Original/
                            sec_strategy                                       1
                       solver_nb_threads                                       2
                         solver_show_log                                    true
                       solver_time_limit                                    3600
                              use_vi_cos                                    true
                              use_vi_cus                                   false
                         use_vi_hc1_full                                   false
                         use_vi_hc1_half                                   false
                      use_vi_hc1_quarter                                   false
                              use_vi_hc2                                   false
                              use_vi_hc3                                   false
                         use_vi_lex_full                                   false
                         use_vi_lex_half                                   false
                      use_vi_lex_quarter                                   false
                              use_vi_qua                                   false
                               use_vi_vc                                   false
                               use_vi_vr                                   false
--------------------------------------------------------------------------------
executing instance: ./input/Instances/Original/1/absH3high_1n5.dat
--------------------------------------------------------------------------------
Instance details
n	6
H	3
C	289
Li:
[0, 0, 0, 0, 0, 0, ]
Ui:
[0, 195, 105, 116, 72, 22, ]
Distance matrix:
|0	85	349	17	203	289	|
|85	0	265	102	214	226	|
|349	265	0	366	368	238	|
|17	102	366	0	207	302	|
|203	214	368	207	0	431	|
|289	226	238	302	431	0	|

--------------------------------------------------------------------------------
Building model...
	using lazy and cut (CVRPSEP package)
Solving IRP LP...
--------------------------------------------------------------------------------

Gurobi 9.1.0 (linux64) logging started Fri Jan  8 22:34:34 2021

Gurobi Optimizer version 9.1.0 build v9.1.0rc0 (linux64)
Thread count: 32 physical cores, 32 logical processors, using up to 2 threads
Optimize a model with 132 rows, 180 columns and 657 nonzeros
Model fingerprint: 0x2d60c02c
Variable types: 54 continuous, 126 integer (36 binary)
Coefficient statistics:
  Matrix range     [1e+00, 4e+02]
  Objective range  [2e-01, 4e+02]
  Bounds range     [1e+00, 2e+02]
  RHS range        [1e+01, 5e+02]
Found heuristic solution: objective 3198.2700000
Presolve removed 40 rows and 22 columns
Presolve time: 0.01s
Presolved: 92 rows, 158 columns, 532 nonzeros
Variable types: 32 continuous, 126 integer (96 binary)

Root relaxation: objective 1.629262e+03, 93 iterations, 0.00 seconds

    Nodes    |    Current Node    |     Objective Bounds      |     Work
 Expl Unexpl |  Obj  Depth IntInf | Incumbent    BestBd   Gap | It/Node Time

     0     0 1629.26218    0   15 3198.27000 1629.26218  49.1%     -    0s
     0     0 1762.23948    0   21 3198.27000 1762.23948  44.9%     -    0s
     0     0 2034.63805    0   30 3198.27000 2034.63805  36.4%     -    0s
     0     0 2036.28646    0   43 3198.27000 2036.28646  36.3%     -    0s
     0     0 2036.35286    0   43 3198.27000 2036.35286  36.3%     -    0s
     0     0 2166.21967    0   40 3198.27000 2166.21967  32.3%     -    0s
     0     0 2166.62506    0   56 3198.27000 2166.62506  32.3%     -    0s
     0     0 2166.64968    0   57 3198.27000 2166.64968  32.3%     -    0s
     0     0 2180.40157    0   37 3198.27000 2180.40157  31.8%     -    0s
     0     0 2182.57861    0   36 3198.27000 2182.57861  31.8%     -    0s
     0     0 2182.57861    0   36 3198.27000 2182.57861  31.8%     -    0s
     0     0 2186.25985    0   33 3198.27000 2186.25985  31.6%     -    0s
H    0     0                    3147.6100000 2186.25985  30.5%     -    0s
H    0     0                    2982.1600000 2186.25985  26.7%     -    0s
     0     0 2186.25985    0   33 2982.16000 2186.25985  26.7%     -    0s
     0     0 2186.25985    0   33 2982.16000 2186.25985  26.7%     -    0s
     0     0 2186.25985    0   32 2982.16000 2186.25985  26.7%     -    0s
H    0     0                    2266.6100000 2186.25985  3.54%     -    0s
     0     0 2186.25985    0   23 2266.61000 2186.25985  3.54%     -    0s
     0     0 2186.25985    0   20 2266.61000 2186.25985  3.54%     -    0s
     0     0 2200.54893    0   34 2266.61000 2200.54893  2.91%     -    0s
     0     0 2203.77030    0   36 2266.61000 2203.77030  2.77%     -    0s
     0     0 2205.16781    0   30 2266.61000 2205.16781  2.71%     -    0s
     0     0 2208.42078    0   32 2266.61000 2208.42078  2.57%     -    0s
     0     0 2208.67050    0   34 2266.61000 2208.67050  2.56%     -    0s
     0     0 2208.67779    0   35 2266.61000 2208.67779  2.56%     -    0s
     0     0     cutoff    0      2266.61000 2266.61000  0.00%     -    0s

Cutting planes:
  Gomory: 4
  Cover: 13
  Implied bound: 5
  Clique: 6
  MIR: 12
  Flow cover: 23
  GUB cover: 1
  RLT: 6
  Relax-and-lift: 3

Explored 1 nodes (582 simplex iterations) in 0.15 seconds
Thread count was 2 (of 32 available processors)

Solution count 4: 2266.61 2982.16 3147.61 3198.27 

Optimal solution found (tolerance 1.00e-04)
Best objective 2.266610000000e+03, best bound 2.266610000000e+03, gap 0.0000%

User-callback calls 240, time in user-callback 0.01 sec
================================================================================
executing instance: ./input/Instances/Original/1/absH3high_1n45.dat
--------------------------------------------------------------------------------
Instance details
n	46
H	3
C	3462
Li:
[0, 0, 0, 0, 0, 0, 0, 0, 0, 0, 0, 0, 0, 0, 0, 0, 0, 0, 0, 0, 0, 0, 0, 0, 0, 0, 0, 0, 0, 0, 0, 0, 0, 0, 0, 0, 0, 0, 0, 0, 0, 0, 0, 0, 0, 0, ]
Ui:
[0, 273, 270, 36, 165, 192, 148, 45, 30, 75, 180, 198, 112, 117, 90, 64, 180, 22, 264, 174, 168, 270, 86, 66, 26, 66, 237, 156, 92, 108, 144, 72, 30, 45, 94, 54, 174, 96, 198, 136, 44, 180, 210, 249, 198, 48, ]
Distance matrix:
|0	281	201	160	249	201	93	431	236	139	252	136	116	166	390	110	349	374	303	180	327	464	236	70	44	461	346	439	363	254	312	426	305	206	71	137	169	200	247	260	20	219	256	253	460	278	|
|281	0	448	170	53	142	338	184	121	290	371	390	222	302	111	289	169	434	230	177	238	441	59	212	319	211	86	235	399	306	53	176	99	202	263	157	361	101	370	201	264	344	364	374	469	184	|
|201	448	0	285	430	325	114	556	361	171	191	64	228	174	546	294	453	306	364	289	388	435	393	254	157	585	491	536	318	254	490	554	436	407	266	292	108	388	186	337	207	181	205	190	408	364	|
|160	170	285	0	169	43	182	280	80	120	208	231	58	132	262	230	190	294	151	24	174	345	112	107	183	309	207	280	268	158	219	276	155	235	187	45	192	150	205	107	140	177	202	210	356	119	|
|249	53	430	169	0	152	317	238	145	282	377	369	212	299	157	242	215	452	261	183	273	474	76	181	290	264	140	287	421	320	63	229	145	148	221	142	352	53	374	226	234	346	370	378	498	215	|
|201	142	325	43	152	0	224	237	37	156	230	273	101	164	224	261	148	300	127	38	147	333	83	142	225	266	167	238	270	168	193	233	112	246	221	70	228	148	228	84	180	202	222	232	351	87	|
|93	338	114	182	317	224	0	460	262	92	180	52	124	112	440	199	364	307	292	191	317	415	284	140	57	490	387	452	304	208	377	457	336	297	163	181	84	274	175	256	95	152	188	180	402	280	|
|431	184	556	280	238	237	460	0	199	385	420	508	337	385	108	464	110	429	219	269	206	378	202	365	460	30	98	84	388	340	204	9	126	386	432	294	453	283	421	226	411	404	408	423	422	198	|
|236	121	361	80	145	37	262	199	0	191	255	310	138	197	191	290	114	312	118	72	133	330	69	175	262	229	132	204	279	186	174	195	75	258	251	102	262	153	254	81	216	230	246	257	353	72	|
|139	290	171	120	282	156	92	385	191	0	116	129	71	27	380	246	283	235	201	119	226	329	231	141	129	414	323	367	224	119	336	383	266	308	202	141	72	252	112	169	127	82	118	117	322	195	|
|252	371	191	208	377	230	180	420	255	116	0	187	178	90	443	361	311	127	204	195	224	246	313	257	232	446	382	380	129	81	423	421	320	422	318	242	100	355	5	195	241	34	15	2	225	224	|
|136	390	64	231	369	273	52	508	310	129	187	0	173	141	491	233	409	313	330	239	355	431	335	191	93	538	438	495	316	233	429	505	385	342	203	233	88	325	182	297	143	167	199	187	412	323	|
|116	222	228	58	212	101	124	337	138	71	178	173	0	91	319	206	244	284	187	69	212	357	165	85	130	367	265	333	264	151	267	333	213	244	161	70	140	181	175	145	97	145	177	180	359	165	|
|166	302	174	132	299	164	112	385	197	27	90	141	91	0	388	273	280	208	191	127	215	305	243	167	153	413	329	361	198	96	351	383	270	333	229	159	68	272	86	163	153	56	92	91	296	190	|
|390	111	546	262	157	224	440	108	191	380	443	491	319	388	0	399	164	480	264	261	261	456	156	320	426	125	62	186	442	369	107	99	125	300	374	260	452	210	443	252	372	420	433	446	494	227	|
|110	289	294	230	242	261	199	464	290	246	361	233	206	273	399	0	402	480	382	254	404	562	262	124	143	493	369	490	466	355	302	457	344	135	45	191	279	189	356	337	120	328	364	362	563	348	|
|349	169	453	190	215	148	364	110	114	283	311	409	244	280	164	402	0	324	110	174	101	292	151	289	372	135	109	90	284	230	212	111	70	354	364	216	348	245	312	118	329	295	298	313	330	90	|
|374	434	306	294	452	300	307	429	312	235	127	313	284	208	480	480	324	0	216	274	223	137	380	368	357	448	419	367	40	136	487	432	358	525	436	336	227	443	132	234	361	156	119	127	102	255	|
|303	230	364	151	261	127	292	219	118	201	204	330	187	191	264	382	110	216	0	128	25	213	185	258	314	243	203	176	178	123	282	221	144	372	338	193	256	270	206	45	283	193	191	206	239	46	|
|180	177	289	24	183	38	191	269	72	119	195	239	69	127	261	254	174	274	128	0	151	321	118	130	198	299	204	263	246	139	228	266	147	258	211	68	191	169	193	83	159	166	188	197	333	98	|
|327	238	388	174	273	147	317	206	133	226	224	355	212	215	261	404	101	223	25	151	0	203	198	281	339	228	202	156	184	143	288	209	146	390	362	215	280	286	226	68	308	215	210	226	235	61	|
|464	441	435	345	474	333	415	378	330	329	246	431	357	305	456	562	292	137	213	321	203	0	398	440	458	390	400	301	117	211	492	384	348	578	517	389	344	480	251	251	448	265	233	246	54	259	|
|236	59	393	112	76	83	284	202	69	231	313	335	165	243	156	262	151	380	185	118	198	398	0	167	270	231	110	233	347	250	110	195	85	203	230	103	303	95	311	150	217	284	305	315	422	139	|
|70	212	254	107	181	142	140	365	175	141	257	191	85	167	320	124	289	368	258	130	281	440	167	0	109	394	277	378	349	236	244	359	239	167	81	73	196	135	253	213	53	223	257	258	444	226	|
|44	319	157	183	290	225	57	460	262	129	232	93	130	153	426	143	372	357	314	198	339	458	270	109	0	490	379	462	351	247	353	456	334	250	110	168	140	243	226	274	56	201	238	232	449	294	|
|461	211	585	309	264	266	490	30	229	414	446	538	367	413	125	493	135	448	243	299	228	390	231	394	490	0	125	89	408	365	226	36	156	412	462	324	481	311	447	253	441	430	433	448	436	225	|
|346	86	491	207	140	167	387	98	132	323	382	438	265	329	62	369	109	419	203	204	202	400	110	277	379	125	0	155	381	307	113	90	63	288	339	211	394	186	382	190	327	359	371	384	436	165	|
|439	235	536	280	287	238	452	84	204	367	380	495	333	361	186	490	90	367	176	263	156	301	233	378	462	89	155	0	326	299	267	92	148	432	454	306	429	325	382	199	419	369	366	382	348	172	|
|363	399	318	268	421	270	304	388	279	224	129	316	264	198	442	466	284	40	178	246	184	117	347	349	351	408	381	326	0	113	452	391	321	502	422	311	229	415	134	199	348	152	118	130	98	219	|
|254	306	254	158	320	168	208	340	186	119	81	233	151	96	369	355	230	136	123	139	143	211	250	236	247	365	307	299	113	0	359	340	244	390	310	200	148	308	83	117	238	74	68	83	208	145	|
|312	53	490	219	63	193	377	204	174	336	423	429	267	351	107	302	212	487	282	228	288	492	110	244	353	226	113	267	452	359	0	195	145	194	283	199	407	115	421	254	296	394	415	425	521	237	|
|426	176	554	276	229	233	457	9	195	383	421	505	333	383	99	457	111	432	221	266	209	384	195	359	456	36	90	92	391	340	195	0	122	378	426	289	451	275	421	226	406	404	408	423	427	197	|
|305	99	436	155	145	112	336	126	75	266	320	385	213	270	125	344	70	358	144	147	146	348	85	239	334	156	63	148	321	244	145	122	0	286	310	168	336	177	320	128	285	298	309	322	381	103	|
|206	202	407	235	148	246	297	386	258	308	422	342	244	333	300	135	354	525	372	258	390	578	203	167	250	412	288	432	502	390	194	378	286	0	144	191	362	109	418	329	202	388	421	423	591	329	|
|71	263	266	187	221	221	163	432	251	202	318	203	161	229	374	45	364	436	338	211	362	517	230	81	110	462	339	454	422	310	283	426	310	144	0	150	239	168	313	294	77	285	321	319	518	306	|
|137	157	292	45	142	70	181	294	102	141	242	233	70	159	260	191	216	336	193	68	215	389	103	73	168	324	211	306	311	200	199	289	168	191	150	0	210	113	239	148	117	210	238	244	400	157	|
|169	361	108	192	352	228	84	453	262	72	100	88	140	68	452	279	348	227	256	191	280	344	303	196	140	481	394	429	229	148	407	451	336	362	239	210	0	318	95	231	164	79	111	100	325	258	|
|200	101	388	150	53	148	274	283	153	252	355	325	181	272	210	189	245	443	270	169	286	480	95	135	243	311	186	325	415	308	115	275	177	109	168	113	318	0	352	230	187	323	351	357	498	225	|
|247	370	186	205	374	228	175	421	254	112	5	182	175	86	443	356	312	132	206	193	226	251	311	253	226	447	382	382	134	83	421	421	320	418	313	239	95	352	0	196	237	30	19	6	230	224	|
|260	201	337	107	226	84	256	226	81	169	195	297	145	163	252	337	118	234	45	83	68	251	150	213	274	253	190	199	199	117	254	226	128	329	294	148	231	230	196	0	240	178	184	198	272	29	|
|20	264	207	140	234	180	95	411	216	127	241	143	97	153	372	120	329	361	283	159	308	448	217	53	56	441	327	419	348	238	296	406	285	202	77	117	164	187	237	240	0	208	245	242	446	257	|
|219	344	181	177	346	202	152	404	230	82	34	167	145	56	420	328	295	156	193	166	215	265	284	223	201	430	359	369	152	74	394	404	298	388	285	210	79	323	30	178	208	0	37	35	250	206	|
|256	364	205	202	370	222	188	408	246	118	15	199	177	92	433	364	298	119	191	188	210	233	305	257	238	433	371	366	118	68	415	408	309	421	321	238	111	351	19	184	245	37	0	17	214	212	|
|253	374	190	210	378	232	180	423	257	117	2	187	180	91	446	362	313	127	206	197	226	246	315	258	232	448	384	382	130	83	425	423	322	423	319	244	100	357	6	198	242	35	17	0	225	226	|
|460	469	408	356	498	351	402	422	353	322	225	412	359	296	494	563	330	102	239	333	235	54	422	444	449	436	436	348	98	208	521	427	381	591	518	400	325	498	230	272	446	250	214	225	0	285	|
|278	184	364	119	215	87	280	198	72	195	224	323	165	190	227	348	90	255	46	98	61	259	139	226	294	225	165	172	219	145	237	197	103	329	306	157	258	225	224	29	257	206	212	226	285	0	|

--------------------------------------------------------------------------------
Building model...
	using lazy and cut (CVRPSEP package)
Solving IRP LP...
--------------------------------------------------------------------------------

Gurobi 9.1.0 (linux64) logging started Fri Jan  8 22:34:35 2021

Gurobi Optimizer version 9.1.0 build v9.1.0rc0 (linux64)
Thread count: 32 physical cores, 32 logical processors, using up to 2 threads
Optimize a model with 1012 rows, 6940 columns and 21937 nonzeros
Model fingerprint: 0xb1678bf5
Variable types: 454 continuous, 6486 integer (276 binary)
Coefficient statistics:
  Matrix range     [1e+00, 2e+03]
  Objective range  [1e-01, 6e+02]
  Bounds range     [1e+00, 3e+02]
  RHS range        [1e+01, 6e+03]
Presolve removed 239 rows and 128 columns
Presolve time: 0.07s
Presolved: 773 rows, 6812 columns, 21021 nonzeros
Variable types: 326 continuous, 6486 integer (6216 binary)

Root relaxation: objective 1.302212e+04, 585 iterations, 0.01 seconds

    Nodes    |    Current Node    |     Objective Bounds      |     Work
 Expl Unexpl |  Obj  Depth IntInf | Incumbent    BestBd   Gap | It/Node Time

     0     0 13022.1222    0  114          - 13022.1222      -     -    0s
     0     0 13383.2359    0  144          - 13383.2359      -     -    0s
     0     0 13383.2359    0  142          - 13383.2359      -     -    0s
     0     0 13849.5806    0  197          - 13849.5806      -     -    0s
     0     0 13912.4792    0  199          - 13912.4792      -     -    0s
     0     0 13918.7189    0  203          - 13918.7189      -     -    0s
     0     0 13945.1682    0  219          - 13945.1682      -     -    0s
     0     0 13953.8304    0  227          - 13953.8304      -     -    0s
     0     0 13954.1930    0  225          - 13954.1930      -     -    0s
     0     0 14020.9117    0  222          - 14020.9117      -     -    0s
     0     0 14048.3594    0  216          - 14048.3594      -     -    0s
     0     0 14059.8387    0  234          - 14059.8387      -     -    0s
     0     0 14093.0910    0  246          - 14093.0910      -     -    0s
     0     0 14118.7006    0  203          - 14118.7006      -     -    0s
     0     0 14119.2590    0  233          - 14119.2590      -     -    0s
     0     0 14206.7550    0  283          - 14206.7550      -     -    1s
     0     0 14226.9680    0  277          - 14226.9680      -     -    1s
     0     0 14230.5102    0  278          - 14230.5102      -     -    1s
     0     0 14231.1107    0  276          - 14231.1107      -     -    1s
     0     0 14257.5582    0  284          - 14257.5582      -     -    1s
     0     0 14260.1157    0  238          - 14260.1157      -     -    1s
     0     0 14261.3294    0  310          - 14261.3294      -     -    1s
     0     0 14269.2409    0  294          - 14269.2409      -     -    1s
     0     0 14269.2409    0  258          - 14269.2409      -     -    1s
     0     2 14271.7219    0  300          - 14271.7219      -     -    2s
    78    84 14437.4087   25  187          - 14302.7911      -   139    5s
   334   351 15288.4015  102  123          - 14302.7911      -  96.5   10s
   661   666 14409.0874    7  322          - 14307.3422      -  70.6   15s
   754   730 15101.5818   93  291          - 14366.5778      -  67.8   20s
   773   743 14465.5388   34  357          - 14396.1603      -  66.1   25s
   788   756 14421.4056   14  257          - 14408.2904      -  76.5   30s
   807   768 14513.5893   19  314          - 14433.1013      -  85.3   35s
   877   820 14723.3939   38  269          - 14433.1013      -  95.3   40s
   991   900 15118.4991   73   73          - 14433.1013      -   102   45s
  1152  1022 16119.0806  123   41          - 14433.1013      -   101   50s
  1327  1098 16404.9000  190    4          - 14433.7959      -  93.8   55s
* 1481   996             169    15926.390000 14449.6330  9.27%  93.1   60s
* 1484   959             170    15904.550000 14449.6330  9.15%  92.9   62s
* 1486   913             168    15844.610000 14449.6330  8.80%  92.8   62s
  1502   899 14907.0813   20  337 15844.6100 14449.6330  8.80%  94.8   65s
  1555   933 15009.3879   28  181 15844.6100 14449.6330  8.80%  97.8   70s
  1605   974 15128.0769   33  123 15844.6100 14449.6330  8.80%   100   75s
  1644   990 15130.5202   35  218 15844.6100 14449.6330  8.80%   101   83s
  1648  1023 15234.0257   36  122 15844.6100 14449.6330  8.80%   101   85s
  1792  1187 15293.5130   47  125 15844.6100 14449.6330  8.80%   100   90s
  1973  1202 15289.1999   53   64 15844.6100 14449.6330  8.80%  94.3   96s
* 1994  1094             275    15588.310000 14449.6330  7.30%  94.5   98s
  2041  1098 15344.3381   62   64 15588.3100 14449.6330  7.30%  95.0  101s
  2141  1161 15440.9300  117   15 15588.3100 14449.6330  7.30%  96.0  106s
  2204  1194 15440.9300  156   12 15588.3100 14449.6330  7.30%  96.7  110s
  2348  1240 15544.1600  233   22 15588.3100 14468.9717  7.18%  96.8  116s
  2408  1289 14627.1649   19  342 15588.3100 14479.3718  7.11%  98.8  121s
  2544  1321 15560.9688  136    3 15588.3100 14479.3718  7.11%  97.8  125s
  2637  1375 14542.6148   21  409 15588.3100 14485.5915  7.07%  98.7  131s
  2705  1458 14956.2445   46  174 15588.3100 14485.5915  7.07%   100  136s
  2846  1598 14680.7675   20  424 15588.3100 14487.0049  7.06%   100  142s
  2925  1761 14893.4177   31  284 15588.3100 14487.0049  7.06%   100  146s
  3141  1809 15260.8361   55   83 15588.3100 14506.5332  6.94%  95.3  151s
  3232  1982 14762.7411   37  199 15588.3100 14510.2631  6.92%  96.7  157s
  3396  2038 15567.6459  142   22 15588.3100 14516.3803  6.88%  94.3  162s
  3460  2169     cutoff  145      15588.3100 14521.8331  6.84%  94.7  165s
  3654  2225 infeasible  183      15588.3100 14521.8346  6.84%  92.7  170s
  3785  2389 14945.5680   26  192 15588.3100 14523.5575  6.83%  92.9  178s
  3895  2425 14668.9699   22  201 15588.3100 14528.7324  6.80%  92.4  182s
  3929  2488 15079.5005   38  150 15588.3100 14529.1697  6.79%  93.7  186s
  4002  2576 14688.4815   29  136 15588.3100 14530.0409  6.79%  94.3  192s
  4132  2668 14584.6322   23  336 15588.3100 14530.1108  6.79%  93.9  198s
  4250  2801 14808.4730   38  177 15588.3100 14532.3913  6.77%  93.5  205s
  4393  2842 14583.1296   21  460 15588.3100 14533.3168  6.77%  93.0  210s
  4471  2892 15483.5116   58   39 15588.3100 14534.6513  6.76%  94.1  215s
  4560  2936 14865.5162   46   57 15588.3100 14534.6513  6.76%  96.0  220s
  4607  3042 15563.7356   87   10 15588.3100 14534.6752  6.76%  95.8  225s
  4684  3092 14648.2538   31  348 15588.3100 14534.6752  6.76%  96.1  232s
  4732  3290 15085.6314   42  210 15588.3100 14534.9590  6.76%  96.7  237s
  4981  3341 14929.9386   35  157 15588.3100 14535.3883  6.75%  94.2  247s
  5044  3387 14746.3600   26  247 15588.3100 14536.2749  6.75%  95.0  252s
  5090  3456 14900.8775   41   21 15588.3100 14536.2749  6.75%  96.4  258s
  5171  3568 15078.7682   70   73 15588.3100 14536.4224  6.75%  97.5  264s
  5192  3568 15406.4276   80   43 15588.3100 14536.4224  6.75%  97.4  265s
  5336  3659 15490.0400  114    9 15588.3100 14537.0645  6.74%  97.1  271s
  5431  3762 infeasible  117      15588.3100 14542.2474  6.71%  97.7  278s
  5545  3865 15152.3324   41  153 15588.3100 14542.7865  6.71%  98.2  285s
  5690  3920 14860.3754   32  198 15588.3100 14543.1187  6.70%  98.1  292s
  5760  3982 14861.1289   24  166 15588.3100 14545.5709  6.69%  99.4  299s
  5803  3986 15471.0685   62   24 15588.3100 14545.5709  6.69%   100  300s
  5850  4060 infeasible   66      15588.3100 14546.3068  6.68%   100  306s
  5931  4133 15411.3760   44  192 15588.3100 14548.2778  6.67%   102  314s
  6051  4180 14677.9816   31  276 15588.3100 14548.8786  6.67%   102  321s
  6095  4251 14817.4984   41   87 15588.3100 14548.8786  6.67%   103  328s
  6166  4412 14988.8784   62   73 15588.3100 14549.0808  6.67%   105  336s
  6352  4493 15431.8919  123    9 15588.3100 14551.5888  6.65%   104  347s
  6481  4575     cutoff  137      15588.3100 14552.9702  6.64%   104  355s
  6578  4626 15560.3972   45   85 15588.3100 14555.1093  6.63%   105  362s
  6638  4742 15118.6188   49  101 15588.3100 14557.0648  6.62%   106  370s
  6792  4782 14699.4672   23  389 15588.3100 14560.0274  6.60%   106  378s
  6832  4837 15448.5819   33  214 15588.3100 14560.3462  6.59%   107  387s
  6903  4967 14891.2692   28  375 15588.3100 14560.4689  6.59%   108  396s
  7069  5017 14932.7878   33  244 15588.3100 14561.2457  6.59%   108  409s
  7165  5130 15491.5200   64    - 15588.3100 14561.8435  6.58%   108  417s
  7303  5200     cutoff   77      15588.3100 14562.7132  6.58%   108  427s
  7395  5299 14660.0230   19  344 15588.3100 14563.6021  6.57%   109  438s
  7494  5472 14817.6591   31  154 15588.3100 14563.6021  6.57%   110  449s
  7558  5472 14859.5317   63    7 15588.3100 14563.6021  6.57%   110  450s
  7700  5600 14924.1100   66   12 15588.3100 14564.9323  6.57%   110  460s
  7893  5686     cutoff   93      15588.3100 14571.0575  6.53%   110  470s
  8014  5750 14993.2071   30  235 15588.3100 14572.5347  6.52%   110  480s
  8089  5847 14710.3326   31  265 15588.3100 14573.9085  6.51%   111  489s
  8127  5847 14776.4769   40  320 15588.3100 14573.9085  6.51%   112  492s
  8185  6026 14881.3913   53  146 15588.3100 14573.9085  6.51%   112  502s
  8382  6027 15362.9794   82   26 15588.3100 14573.9085  6.51%   112  505s
  8397  6213 15389.3341  110   30 15588.3100 14574.9309  6.50%   112  515s
  8656  6306 infeasible  140      15588.3100 14577.4927  6.48%   111  527s
  8748  6453 14915.9281   36  210 15588.3100 14577.8720  6.48%   112  539s
  8769  6453 14995.4824   46   40 15588.3100 14577.8720  6.48%   112  540s
  8947  6535 15060.0055   66   39 15588.3100 14579.6574  6.47%   112  552s
  9054  6691 14640.3839   21  232 15588.3100 14582.8627  6.45%   113  564s
  9209  6891 14879.9223   42  120 15588.3100 14582.8627  6.45%   113  577s
* 9311  1924              74    14927.380000 14582.8627  2.31%   113  578s
  9500  1820     cutoff   84      14927.3800 14583.2569  2.31%   112  588s
  9583  1868 14897.1131   27  157 14927.3800 14584.2397  2.30%   113  598s
  9688  1907 14895.5277   38  275 14927.3800 14585.3853  2.29%   114  607s
  9767  1968 14723.6909   36  281 14927.3800 14587.7843  2.27%   115  617s
  9886  2012 14631.4527   30  412 14927.3800 14591.1898  2.25%   115  630s
  9977  2057 14759.4417   21  219 14927.3800 14591.7855  2.25%   116  640s
 10051  2120 14859.5019   39   36 14927.3800 14592.3791  2.24%   117  650s
 10177  2156 infeasible   75      14927.3800 14594.6251  2.23%   118  660s
 10256  2194 14772.6399   33  252 14927.3800 14596.0739  2.22%   119  672s
H10334  1596                    14855.380000 14596.7522  1.74%   119  682s
 10395  1623 14786.4156   25  269 14855.3800 14598.7658  1.73%   120  695s
 10484  1659 14809.6466   36  213 14855.3800 14599.3830  1.72%   121  705s
 10593  1699 14825.0951   32  200 14855.3800 14602.2577  1.70%   122  715s
 10685  1740 14795.7526   21  183 14855.3800 14603.8286  1.69%   123  725s
 10791  1779 14850.2360   36  251 14855.3800 14605.2776  1.68%   124  736s
 10888  1806 14754.3020   32  231 14855.3800 14605.7571  1.68%   125  748s
 10989  1829     cutoff   32      14855.3800 14608.0505  1.66%   126  758s
 11058  1875 14842.2934   31  292 14855.3800 14609.6871  1.65%   127  769s
H11062  1789                    14843.900000 14609.6871  1.58%   127  769s
 11174  1830 14797.3634   30  280 14843.9000 14612.6426  1.56%   128  780s
H11235  1477                    14808.900000 14612.6426  1.33%   128  781s
 11289  1492 14749.5174   26  179 14808.9000 14615.3745  1.31%   128  791s
 11389  1513     cutoff   34      14808.9000 14616.6681  1.30%   129  802s
 11434  1513 14688.1610   24  238 14808.9000 14619.1395  1.28%   130  805s
 11503  1554 14672.8553   25  254 14808.9000 14619.8036  1.28%   130  817s
 11617  1586 14734.3940   36  167 14808.9000 14620.3273  1.27%   131  828s
 11741  1606     cutoff   30      14808.9000 14623.8529  1.25%   131  838s
 11846  1622     cutoff   26      14808.9000 14625.4889  1.24%   132  850s
 11943  1647 14709.2752   34  245 14808.9000 14627.3837  1.23%   133  861s
 12068  1701 14788.0955   44  252 14808.9000 14628.2718  1.22%   134  873s
 12200  1753 14744.6776   25  199 14808.9000 14629.9739  1.21%   134  885s
 12354  1785 14688.5788   23  229 14808.9000 14631.8666  1.20%   135  901s
 12468  1812     cutoff   28      14808.9000 14633.1183  1.19%   135  913s
 12585  1840 14789.4944   30  249 14808.9000 14634.9892  1.17%   136  925s
 12714  1851 14780.4364   25  252 14808.9000 14636.4944  1.16%   136  936s
 12827  1868     cutoff   23      14808.9000 14638.0870  1.15%   137  949s
 12941  1903 14770.9748   28  287 14808.9000 14640.3370  1.14%   138  963s
 13079  1915 14705.0447   26  228 14808.9000 14642.9333  1.12%   139  978s
 13178  1973 14803.8623   28  242 14808.9000 14644.1893  1.11%   139  990s
 13314  1997 14778.2194   26  248 14808.9000 14645.5122  1.10%   140 1002s
 13439  2030 14730.8173   37  170 14808.9000 14646.4487  1.10%   141 1016s
 13569  2083 14722.8900   27  311 14808.9000 14647.9044  1.09%   142 1031s
 13710  2098 14807.8366   33  221 14808.9000 14649.0031  1.08%   142 1045s
 13839  2126     cutoff   29      14808.9000 14650.4688  1.07%   143 1057s
 13987  2155 14743.9420   25  260 14808.9000 14652.8474  1.05%   143 1073s
 14137  2172 14777.4963   38  280 14808.9000 14653.5567  1.05%   144 1086s
 14282  2192     cutoff   35      14808.9000 14654.9857  1.04%   145 1100s
 14414  2208 14708.1240   23  219 14808.9000 14656.1521  1.03%   145 1113s
 14536  2229 14763.9418   24  344 14808.9000 14657.6592  1.02%   146 1127s
 14655  2266 14769.2465   31  355 14808.9000 14658.6053  1.01%   147 1140s
 14820  2287 14803.5167   26  180 14808.9000 14659.7271  1.01%   147 1155s
 14946  2317 14774.2586   35  317 14808.9000 14661.1521  1.00%   148 1170s
 15084  2340 14770.9871   42  163 14808.9000 14662.0323  0.99%   148 1183s
 15223  2372 14801.6971   28  133 14808.9000 14664.5893  0.97%   149 1199s
 15277  2372 14804.0138   38  190 14808.9000 14664.5893  0.97%   149 1200s
 15395  2410 14803.9047   31  116 14808.9000 14665.3311  0.97%   149 1213s
 15578  2432 14720.6159   24  231 14808.9000 14667.1954  0.96%   149 1226s
 15738  2444 14738.6996   27  319 14808.9000 14668.3260  0.95%   150 1242s
 15870  2489 14713.7477   32  319 14808.9000 14669.4536  0.94%   150 1256s
 16075  2509     cutoff   37      14808.9000 14670.5143  0.93%   150 1270s
 16229  2521 14748.0673   20  312 14808.9000 14672.7403  0.92%   151 1284s
 16394  2547     cutoff   29      14808.9000 14673.6774  0.91%   151 1300s
 16540  2548     cutoff   49      14808.9000 14674.5175  0.91%   151 1313s
 16687  2558 14753.3438   34  198 14808.9000 14676.1035  0.90%   152 1329s
 16838  2609 14709.0288   27  216 14808.9000 14678.1365  0.88%   153 1344s
 17029  2624     cutoff   33      14808.9000 14679.4786  0.87%   153 1359s
 17208  2647 14776.9518   31  240 14808.9000 14680.5419  0.87%   153 1376s
 17362  2664     cutoff   34      14808.9000 14681.4678  0.86%   154 1390s
 17525  2675     cutoff   36      14808.9000 14682.8011  0.85%   154 1405s
 17673  2689 14794.8204   26  275 14808.9000 14683.8765  0.84%   155 1420s
 17832  2721     cutoff   41      14808.9000 14684.5539  0.84%   155 1435s
 18001  2729 14768.1989   33  260 14808.9000 14686.1156  0.83%   156 1450s
 18166  2744 14771.0756   27  229 14808.9000 14687.5187  0.82%   156 1467s
 18333  2768 14735.5920   27  272 14808.9000 14688.6317  0.81%   156 1482s
 18524  2821 14708.7992   32  277 14808.9000 14689.6238  0.81%   157 1500s
 18754  2856     cutoff   38      14808.9000 14690.5691  0.80%   157 1517s
 18947  2887 14720.2799   24  404 14808.9000 14692.1866  0.79%   157 1535s
 19113  2894     cutoff   36      14808.9000 14693.2711  0.78%   157 1551s
 19304  2902     cutoff   29      14808.9000 14694.2070  0.77%   157 1566s
 19456  2926 14788.1762   36  300 14808.9000 14696.0495  0.76%   158 1581s
 19640  2941     cutoff   32      14808.9000 14697.4519  0.75%   158 1598s
 19787  2992 14743.9856   33  233 14808.9000 14698.4263  0.75%   158 1614s
 19845  2992 14766.8555   39  168 14808.9000 14698.4263  0.75%   158 1615s
 20010  2997     cutoff   26      14808.9000 14699.2594  0.74%   158 1630s
 20166  3014 14773.7743   31  301 14808.9000 14700.3595  0.73%   159 1645s
 20387  3040 14750.3969   30  306 14808.9000 14701.6166  0.72%   159 1663s
 20583  3046 14762.9145   24  270 14808.9000 14702.4874  0.72%   159 1679s
 20760  3068 14752.8077   30  310 14808.9000 14703.3830  0.71%   160 1695s
 20947  3086     cutoff   31      14808.9000 14704.8481  0.70%   160 1711s
 21178  3102 14795.1407   36  248 14808.9000 14706.0779  0.69%   160 1728s
 21372  3143     cutoff   28      14808.9000 14707.2391  0.69%   160 1745s
 21625  3148     cutoff   39      14808.9000 14708.2901  0.68%   160 1762s
 21845  3137     cutoff   35      14808.9000 14709.0545  0.67%   160 1780s
 22052  3157 14776.2132   43  175 14808.9000 14710.1707  0.67%   161 1795s
 22264  3158     cutoff   28      14808.9000 14711.7436  0.66%   161 1813s
 22381  3158     cutoff   37      14808.9000 14712.8548  0.65%   161 1818s
 22487  3197     cutoff   28      14808.9000 14712.8954  0.65%   161 1834s
 22603  3197 14781.8394   35  163 14808.9000 14712.8954  0.65%   161 1835s
 22703  3190     cutoff   36      14808.9000 14713.9482  0.64%   161 1850s
 22909  3200     cutoff   30      14808.9000 14714.9401  0.63%   161 1866s
 23124  3216 14752.4736   39   87 14808.9000 14716.4571  0.62%   161 1883s
 23364  3212     cutoff   34      14808.9000 14717.6847  0.62%   161 1901s
 23579  3206 14780.4204   35   56 14808.9000 14718.9068  0.61%   161 1919s
 23806  3191 14738.0381   29  342 14808.9000 14720.7082  0.60%   162 1935s
 24031  3199     cutoff   29      14808.9000 14722.1669  0.59%   162 1964s
 24087  3199     cutoff   36      14808.9000 14722.7828  0.58%   162 1965s
 24147  3188 infeasible   41      14808.9000 14722.7853  0.58%   162 1983s
 24390  3189 14769.9570   32  171 14808.9000 14723.5569  0.58%   162 2007s
 24643  3184     cutoff   25      14808.9000 14724.8074  0.57%   162 2026s
 24948  3187 14770.6759   30  125 14808.9000 14726.3177  0.56%   162 2047s
 25248  3179 14801.3073   31  171 14808.9000 14727.5847  0.55%   162 2065s
 25508  3147     cutoff   34      14808.9000 14728.8717  0.54%   162 2081s
 25724  3134     cutoff   32      14808.9000 14730.1155  0.53%   162 2102s
 25948  3114 14804.3078   27  258 14808.9000 14731.4740  0.52%   162 2121s
 26225  3084 14771.8744   36  194 14808.9000 14733.0196  0.51%   162 2141s
 26488  3058     cutoff   42      14808.9000 14733.8300  0.51%   162 2158s
 26758  3042 14782.6980   28  304 14808.9000 14735.1775  0.50%   162 2178s
 27050  2995 14753.0638   38  374 14808.9000 14736.4454  0.49%   162 2197s
 27300  2967 infeasible   30      14808.9000 14737.6824  0.48%   162 2216s
 27565  2916     cutoff   28      14808.9000 14738.9700  0.47%   162 2234s
 27658  2916 14773.9623   25  133 14808.9000 14738.9700  0.47%   162 2235s
 27856  2870     cutoff   25      14808.9000 14740.5590  0.46%   162 2252s
 28149  2829 14800.2003   34  299 14808.9000 14742.3466  0.45%   162 2271s
 28435  2787 14763.2182   34  195 14808.9000 14743.8170  0.44%   162 2290s
 28695  2750 14766.3164   33  252 14808.9000 14744.6994  0.43%   162 2308s
 28979  2705 14803.4199   39  163 14808.9000 14746.4213  0.42%   162 2326s
 29224  2655     cutoff   28      14808.9000 14747.6800  0.41%   162 2345s
 29550  2606 14764.9541   28  143 14808.9000 14749.2293  0.40%   162 2364s
 29698  2606 14787.5837   28  277 14808.9000 14750.5666  0.39%   162 2365s
 29837  2549     cutoff   33      14808.9000 14750.6101  0.39%   162 2384s
 30127  2480 14762.1681   27  205 14808.9000 14752.1036  0.38%   162 2402s
 30425  2393     cutoff   35      14808.9000 14753.7035  0.37%   162 2419s
 30717  2280 14778.0801   35  180 14808.9000 14755.6508  0.36%   161 2442s
 31066  2184     cutoff   36      14808.9000 14757.1968  0.35%   161 2461s
 31374  2089 14768.2736   27   99 14808.9000 14758.9691  0.34%   161 2482s
 31736  1959 14793.9018   25  387 14808.9000 14760.3760  0.33%   161 2500s
 32085  1817     cutoff   28      14808.9000 14762.8038  0.31%   160 2518s
 32202  1817 14801.3354   39  135 14808.9000 14762.8038  0.31%   160 2522s
 32429  1748     cutoff   32      14808.9000 14765.1463  0.30%   160 2620s
 32620  1605     cutoff   41      14808.9000 14765.2896  0.29%   160 2637s
 32925  1442     cutoff   30      14808.9000 14768.9809  0.27%   159 2653s
 33218  1442 14790.6606   37  174 14808.9000 14771.6145  0.25%   159 2655s
 33229  1264     cutoff   25      14808.9000 14771.6544  0.25%   159 2668s
 33563  1086     cutoff   40      14808.9000 14774.1618  0.23%   158 2686s
 33953   871     cutoff   41      14808.9000 14777.2065  0.21%   158 2701s
 34306   635 14785.2324   26  160 14808.9000 14781.0006  0.19%   157 2714s
 34658   375     cutoff   31      14808.9000 14785.0531  0.16%   156 2723s
 34969    89     cutoff   34      14808.9000 14790.8246  0.12%   155 2732s
 35303     0     cutoff   30      14808.9000 14803.2258  0.04%   155 2735s

Cutting planes:
  User: 2047
  Gomory: 20
  Cover: 265
  Implied bound: 58
  Clique: 21
  MIR: 136
  StrongCG: 6
  Flow cover: 383
  Zero half: 57
  RLT: 240
  Relax-and-lift: 1
  Lazy constraints: 2647

Explored 35395 nodes (5460309 simplex iterations) in 2737.92 seconds
Thread count was 2 (of 32 available processors)

Solution count 8: 14808.9 14843.9 14855.4 ... 15926.4

Optimal solution found (tolerance 1.00e-04)
Best objective 1.480890000000e+04, best bound 1.480890000000e+04, gap 0.0000%

User-callback calls 272803, time in user-callback 255.16 sec
================================================================================
executing instance: ./input/Instances/Original/1/absH3high_2n45.dat
--------------------------------------------------------------------------------
Instance details
n	46
H	3
C	3171
Li:
[0, 0, 0, 0, 0, 0, 0, 0, 0, 0, 0, 0, 0, 0, 0, 0, 0, 0, 0, 0, 0, 0, 0, 0, 0, 0, 0, 0, 0, 0, 0, 0, 0, 0, 0, 0, 0, 0, 0, 0, 0, 0, 0, 0, 0, 0, ]
Ui:
[0, 246, 160, 78, 20, 87, 144, 40, 20, 82, 60, 96, 24, 136, 160, 108, 160, 26, 228, 51, 24, 240, 231, 70, 32, 105, 174, 114, 246, 126, 132, 76, 22, 42, 255, 132, 148, 162, 66, 111, 102, 240, 123, 201, 297, 78, ]
Distance matrix:
|0	148	402	550	329	420	187	318	366	280	504	273	233	333	112	344	379	481	113	593	159	523	261	424	90	359	163	461	413	240	105	299	265	89	371	462	339	273	495	22	41	439	369	506	563	468	|
|148	0	284	517	394	284	136	369	244	311	496	166	329	355	223	202	338	388	204	565	254	506	118	346	71	423	173	471	336	118	105	352	198	105	248	428	302	305	487	153	179	441	230	497	517	370	|
|402	284	0	350	448	80	228	406	42	343	382	129	456	350	412	126	219	131	382	395	410	371	180	137	314	466	289	400	137	167	389	401	169	316	39	280	217	342	373	394	414	362	108	380	324	106	|
|550	517	350	0	339	429	385	308	374	295	93	375	431	249	481	461	180	239	458	48	445	57	474	214	496	333	387	160	216	424	601	321	320	471	376	90	217	301	93	530	534	146	452	88	52	262	|
|329	394	448	339	0	513	282	42	438	105	255	363	115	108	221	484	259	431	217	365	172	289	436	362	333	30	224	189	353	380	423	47	291	296	443	285	240	107	251	307	294	193	495	260	378	437	|
|420	284	80	429	513	0	267	473	76	408	462	163	509	421	449	86	298	201	421	474	455	451	167	217	330	533	333	478	217	181	386	466	225	341	70	360	291	406	453	416	438	440	59	460	400	176	|
|187	136	228	385	282	267	0	249	199	186	360	104	248	224	184	214	207	294	155	432	189	371	155	237	113	308	68	336	227	101	216	236	78	98	205	296	168	181	350	174	190	305	231	360	390	283	|
|318	369	406	308	42	473	249	0	397	66	229	325	128	67	216	447	218	389	206	337	168	260	402	320	311	61	196	167	311	345	406	19	252	275	403	248	198	70	223	296	286	164	457	233	344	395	|
|366	244	42	374	438	76	199	397	0	332	397	96	436	346	383	90	228	168	354	420	385	389	139	161	277	458	263	408	158	128	349	391	150	282	6	298	218	331	388	359	380	370	78	395	352	144	|
|280	311	343	295	105	408	186	66	332	0	231	259	142	53	191	380	171	337	173	332	150	257	337	267	258	127	139	182	258	280	359	58	186	223	338	222	143	6	224	258	254	164	390	234	323	340	|
|504	496	382	93	255	462	360	229	397	231	0	375	356	180	422	478	173	293	403	110	381	36	474	248	463	245	345	68	246	419	568	244	308	433	400	104	200	237	9	482	482	67	474	5	142	312	|
|273	166	129	375	363	163	104	325	96	259	375	0	347	283	288	121	202	221	259	423	292	376	99	183	186	386	170	370	175	52	269	315	76	187	102	288	177	256	365	265	285	333	133	374	365	204	|
