




arguments: ./build/mirp_solver -f ./input/orig_exec_125.cfg
Current dir: /scratch/gui/bnc_mirp
File verbosity level: 9
date       time         ( uptime  ) [ thread name/id ]                   file:line     v| 
2021-01-09 23:05:42.707 (   0.048s) [main thread     ]             loguru.cpp:789   INFO| Logging to './output/vi_cos/OU/V2/Original/execution_09_01_2021_23_05_42.log', mode: 'a', verbosity: 9
--------------------------------------------------------------------------------
Parameters
                           instance_path           ./input/Instances/Original/4/
                            model_policy                                       1
                             nb_vehicles                                       2
                              output_dir         ./output/vi_cos/OU/V2/Original/
                            sec_strategy                                       1
                       solver_nb_threads                                       2
                         solver_show_log                                    true
                       solver_time_limit                                    3600
                              use_vi_cos                                    true
                              use_vi_cus                                   false
                         use_vi_hc1_full                                   false
                         use_vi_hc1_half                                   false
                      use_vi_hc1_quarter                                   false
                              use_vi_hc2                                   false
                              use_vi_hc3                                   false
                         use_vi_lex_full                                   false
                         use_vi_lex_half                                   false
                      use_vi_lex_quarter                                   false
                              use_vi_qua                                   false
                               use_vi_vc                                   false
                               use_vi_vr                                   false
--------------------------------------------------------------------------------
executing instance: ./input/Instances/Original/4/absH3low_3n30.dat
--------------------------------------------------------------------------------
Instance details
n	31
H	3
C	2841
Li:
[0, 0, 0, 0, 0, 0, 0, 0, 0, 0, 0, 0, 0, 0, 0, 0, 0, 0, 0, 0, 0, 0, 0, 0, 0, 0, 0, 0, 0, 0, 0, ]
Ui:
[0, 246, 98, 54, 144, 171, 192, 180, 165, 98, 122, 198, 297, 144, 130, 129, 219, 138, 142, 150, 108, 66, 64, 285, 180, 204, 276, 168, 240, 198, 122, ]
Distance matrix:
|0	172	56	166	260	198	42	197	296	110	91	112	238	275	323	183	330	232	175	181	162	191	232	280	201	139	356	185	266	216	26	|
|172	0	178	223	320	335	153	355	444	62	231	99	333	376	214	352	176	235	194	106	47	41	353	161	299	175	225	43	326	374	153	|
|56	178	0	110	204	162	93	233	336	125	144	148	187	226	358	180	313	284	123	152	182	185	282	252	256	88	329	177	210	251	42	|
|166	223	110	0	102	150	199	327	431	194	253	237	113	156	431	228	296	386	44	140	248	208	389	218	366	48	287	200	108	344	148	|
|260	320	204	102	0	156	296	391	493	296	340	339	66	90	531	263	362	486	127	226	349	300	469	278	454	148	334	292	6	406	245	|
|198	335	162	150	156	0	239	255	351	286	245	307	93	106	518	111	442	423	194	280	344	335	349	367	352	182	437	327	158	266	199	|
|42	153	93	199	296	239	0	203	296	91	82	76	278	316	284	217	322	191	201	186	133	180	217	281	177	165	356	175	302	222	52	|
|197	355	233	327	391	255	203	0	104	294	125	266	340	361	436	151	524	276	352	377	330	383	109	477	146	319	553	377	395	19	222	|
|296	444	336	431	493	351	296	104	0	384	214	348	440	456	488	241	617	315	456	476	412	475	113	575	176	422	651	470	497	88	322	|
|110	62	125	194	296	286	91	294	384	0	171	55	298	340	238	292	233	210	176	118	58	91	298	201	248	148	273	87	302	313	94	|
|91	231	144	253	340	245	82	125	214	171	0	141	307	339	324	184	403	187	266	266	204	261	140	363	114	230	438	256	346	144	116	|
|112	99	148	237	339	307	76	266	348	55	141	0	332	373	212	292	275	156	225	173	64	137	254	253	200	194	322	135	345	284	108	|
|238	333	187	113	66	93	278	340	440	298	307	332	0	43	536	203	404	469	153	253	354	321	427	322	420	160	385	313	67	353	229	|
|275	376	226	156	90	106	316	361	456	340	339	373	43	0	578	216	443	507	194	295	397	364	453	361	451	203	421	356	88	372	268	|
|323	214	358	431	531	518	284	436	488	238	324	212	536	578	0	498	309	176	407	320	183	245	376	344	312	383	379	251	537	451	319	|
|183	352	180	228	263	111	217	151	241	292	184	292	203	216	498	0	492	371	266	328	345	364	255	426	272	242	501	356	266	159	198	|
|330	176	313	296	362	442	322	524	617	233	403	275	404	443	309	492	0	397	253	164	218	142	529	84	475	260	72	147	367	543	306	|
|232	235	284	386	486	423	191	276	315	210	187	156	469	507	176	371	397	0	379	327	188	276	202	396	139	346	456	277	492	289	242	|
|175	194	123	44	127	194	201	352	456	176	266	225	153	194	407	266	253	379	0	101	225	174	405	174	375	36	244	166	133	370	152	|
|181	106	152	140	226	280	186	377	476	118	266	173	253	295	320	328	164	327	101	0	148	76	403	100	360	98	177	69	232	396	155	|
|162	47	182	248	349	344	133	330	412	58	204	64	354	397	183	345	218	188	225	148	0	89	316	208	259	201	270	90	355	348	149	|
|191	41	185	208	300	335	180	383	475	91	261	137	321	364	245	364	142	276	174	76	89	0	388	119	336	162	185	8	306	402	169	|
|232	353	282	389	469	349	217	109	113	298	140	254	427	453	376	255	529	202	405	403	316	388	0	497	64	369	570	384	474	112	256	|
|280	161	252	218	278	367	281	477	575	201	363	253	322	361	344	426	84	396	174	100	208	119	497	0	449	187	77	119	283	496	255	|
|201	299	256	366	454	352	177	146	176	248	114	200	420	451	312	272	475	139	375	360	259	336	64	449	0	339	521	333	460	156	223	|
|139	175	88	48	148	182	165	319	422	148	230	194	160	203	383	242	260	346	36	98	201	162	369	187	339	0	260	153	154	337	116	|
|356	225	329	287	334	437	356	553	651	273	438	322	385	421	379	501	72	456	244	177	270	185	570	77	521	260	0	187	338	572	331	|
|185	43	177	200	292	327	175	377	470	87	256	135	313	356	251	356	147	277	166	69	90	8	384	119	333	153	187	0	298	396	163	|
|266	326	210	108	6	158	302	395	497	302	346	345	67	88	537	266	367	492	133	232	355	306	474	283	460	154	338	298	0	410	251	|
|216	374	251	344	406	266	222	19	88	313	144	284	353	372	451	159	543	289	370	396	348	402	112	496	156	337	572	396	410	0	241	|
|26	153	42	148	245	199	52	222	322	94	116	108	229	268	319	198	306	242	152	155	149	169	256	255	223	116	331	163	251	241	0	|

--------------------------------------------------------------------------------
Building model...
	using lazy and cut (CVRPSEP package)
Solving IRP LP...
--------------------------------------------------------------------------------

Gurobi 9.1.0 (linux64) logging started Sat Jan  9 23:05:42 2021

Gurobi Optimizer version 9.1.0 build v9.1.0rc0 (linux64)
Thread count: 32 physical cores, 32 logical processors, using up to 2 threads
Optimize a model with 682 rows, 3280 columns and 10582 nonzeros
Model fingerprint: 0x4d38ec4c
Variable types: 304 continuous, 2976 integer (186 binary)
Coefficient statistics:
  Matrix range     [1e+00, 1e+03]
  Objective range  [1e-02, 7e+02]
  Bounds range     [1e+00, 3e+02]
  RHS range        [3e+01, 5e+03]
Presolve removed 215 rows and 122 columns
Presolve time: 0.07s
Presolved: 467 rows, 3158 columns, 9825 nonzeros
Variable types: 182 continuous, 2976 integer (2796 binary)

Root relaxation: objective 2.308389e+03, 406 iterations, 0.01 seconds

    Nodes    |    Current Node    |     Objective Bounds      |     Work
 Expl Unexpl |  Obj  Depth IntInf | Incumbent    BestBd   Gap | It/Node Time

     0     0 2308.38948    0   71          - 2308.38948      -     -    0s
     0     0 2563.09699    0   81          - 2563.09699      -     -    0s
     0     0 3130.25658    0  130          - 3130.25658      -     -    0s
     0     0 3133.38562    0  123          - 3133.38562      -     -    0s
     0     0 3165.50646    0  138          - 3165.50646      -     -    0s
     0     0 3166.19686    0  141          - 3166.19686      -     -    0s
     0     0 3186.26195    0  135          - 3186.26195      -     -    0s
     0     0 3186.26195    0  124          - 3186.26195      -     -    0s
     0     0 3327.25778    0  108          - 3327.25778      -     -    0s
     0     0 3363.55020    0  131          - 3363.55020      -     -    0s
     0     0 3363.55718    0  142          - 3363.55718      -     -    0s
     0     0 3425.92404    0  156          - 3425.92404      -     -    0s
     0     0 3430.26191    0  154          - 3430.26191      -     -    0s
     0     0 3430.29442    0  185          - 3430.29442      -     -    0s
     0     0 3437.37553    0  195          - 3437.37553      -     -    0s
     0     0 3437.37553    0  153          - 3437.37553      -     -    0s
     0     2 3438.61521    0  150          - 3438.61521      -     -    0s
   688   681 3604.56994    3  243          - 3458.64076      -  39.7    5s
   859   832 4915.72958  169  273          - 3590.50491      -  43.5   10s
  1048   975 3992.27096   55  195          - 3605.10711      -  54.9   15s
  1443  1224 4554.68323  124  111          - 3605.10711      -  65.9   20s
* 1791  1319             193    5386.9400000 3605.10711  33.1%  64.5   22s
* 1799  1267             197    5213.6000000 3605.10711  30.9%  64.5   22s
* 1805  1190             200    5047.4100000 3605.10711  28.6%  64.4   22s
* 1807  1132             201    5007.4100000 3605.10711  28.0%  64.4   22s
  1868  1136 3983.09675   38  206 5007.41000 3639.19266  27.3%  69.3   25s
H 1896  1110                    5004.4100000 3639.19266  27.3%  70.8   25s
H 1984  1125                    4947.4100000 3639.19266  26.4%  73.7   28s
* 1993   550              68    4227.2500000 3639.19266  13.9%  73.8   28s
  2028   556 4073.61028   40   20 4227.25000 3647.68287  13.7%  75.6   30s
H 2118   513                    4220.2500000 3654.63667  13.4%  75.6   31s
H 2251   510                    4201.2499945 3659.50638  12.9%  79.3   34s
  2252   551 3930.15543   34  239 4201.24999 3659.50638  12.9%  79.7   35s
* 2283   325              89    4056.8500000 3659.50638  9.79%  79.6   35s
H 2311   242                    4018.8500000 3659.50638  8.94%  79.9   36s
H 2344   210                    3987.4600000 3683.24746  7.63%  82.6   38s
  2389   214 3918.42978   40  264 3987.46000 3692.16588  7.41%  86.4   40s
  2518   244 3941.14756   39  232 3987.46000 3719.54308  6.72%  92.5   45s
  2623   278 3911.52721   45    8 3987.46000 3747.61633  6.01%  98.5   50s
H 2626   176                    3917.9500000 3747.61633  4.35%  98.4   50s
H 2725   147                    3914.8500000 3780.92489  3.42%   102   53s
  2795   125     cutoff   41      3914.85000 3812.43288  2.62%   104   55s

Cutting planes:
  User: 2168
  Gomory: 26
  Cover: 175
  Implied bound: 19
  Clique: 4
  MIR: 64
  StrongCG: 5
  Flow cover: 213
  GUB cover: 1
  Zero half: 10
  RLT: 124
  Relax-and-lift: 1
  Lazy constraints: 341

Explored 3030 nodes (319317 simplex iterations) in 59.44 seconds
Thread count was 2 (of 32 available processors)

Solution count 10: 3914.85 3917.95 3987.46 ... 5004.41

Optimal solution found (tolerance 1.00e-04)
Best objective 3.914850000000e+03, best bound 3.914850000000e+03, gap 0.0000%

User-callback calls 13582, time in user-callback 5.95 sec
================================================================================
executing instance: ./input/Instances/Original/4/absH3low_3n10.dat
--------------------------------------------------------------------------------
Instance details
n	11
H	3
C	687
Li:
[0, 0, 0, 0, 0, 0, 0, 0, 0, 0, 0, ]
Ui:
[0, 189, 44, 174, 78, 36, 198, 117, 42, 96, 240, ]
Distance matrix:
|0	209	255	286	142	156	285	317	182	161	135	|
|209	0	464	451	315	356	490	469	361	299	260	|
|255	464	0	221	202	130	74	280	189	254	273	|
|286	451	221	0	145	156	164	479	354	153	192	|
|142	315	202	145	0	73	194	388	250	53	73	|
|156	356	130	156	73	0	134	332	200	127	144	|
|285	490	74	164	194	134	0	353	256	239	267	|
|317	469	280	479	388	332	353	0	141	436	430	|
|182	361	189	354	250	200	256	141	0	296	289	|
|161	299	254	153	53	127	239	436	296	0	39	|
|135	260	273	192	73	144	267	430	289	39	0	|

--------------------------------------------------------------------------------
Building model...
	using lazy and cut (CVRPSEP package)
Solving IRP LP...
--------------------------------------------------------------------------------

Gurobi 9.1.0 (linux64) logging started Sat Jan  9 23:06:42 2021

Gurobi Optimizer version 9.1.0 build v9.1.0rc0 (linux64)
Thread count: 32 physical cores, 32 logical processors, using up to 2 threads
Optimize a model with 242 rows, 500 columns and 1742 nonzeros
Model fingerprint: 0x1344c762
Variable types: 104 continuous, 396 integer (66 binary)
Coefficient statistics:
  Matrix range     [1e+00, 5e+02]
  Objective range  [1e-02, 5e+02]
  Bounds range     [1e+00, 2e+02]
  RHS range        [2e+01, 1e+03]
Presolve removed 75 rows and 42 columns
Presolve time: 0.01s
Presolved: 167 rows, 458 columns, 1495 nonzeros
Variable types: 62 continuous, 396 integer (336 binary)
Found heuristic solution: objective 9106.9200000

Root relaxation: objective 1.255857e+03, 215 iterations, 0.00 seconds

    Nodes    |    Current Node    |     Objective Bounds      |     Work
 Expl Unexpl |  Obj  Depth IntInf | Incumbent    BestBd   Gap | It/Node Time

     0     0 1255.85678    0   40 9106.92000 1255.85678  86.2%     -    0s
H    0     0                    8332.5600000 1255.85678  84.9%     -    0s
     0     0 1538.52782    0   54 8332.56000 1538.52782  81.5%     -    0s
H    0     0                    6162.3900000 1538.52782  75.0%     -    0s
     0     0 1906.62132    0   43 6162.39000 1906.62132  69.1%     -    0s
H    0     0                    5665.3900000 1906.62132  66.3%     -    0s
     0     0 1934.32869    0   81 5665.39000 1934.32869  65.9%     -    0s
     0     0 1934.32869    0   81 5665.39000 1934.32869  65.9%     -    0s
     0     0 1990.30819    0   67 5665.39000 1990.30819  64.9%     -    0s
H    0     0                    3161.2000000 1990.30819  37.0%     -    0s
     0     0 2012.66419    0   81 3161.20000 2012.66419  36.3%     -    0s
     0     0 2012.97861    0   79 3161.20000 2012.97861  36.3%     -    0s
     0     0 2060.88740    0  102 3161.20000 2060.88740  34.8%     -    0s
     0     0 2066.69418    0   68 3161.20000 2066.69418  34.6%     -    0s
     0     0 2068.72250    0   64 3161.20000 2068.72250  34.6%     -    0s
     0     0 2068.72250    0   68 3161.20000 2068.72250  34.6%     -    0s
     0     0 2075.75268    0   91 3161.20000 2075.75268  34.3%     -    0s
     0     0 2079.12291    0   91 3161.20000 2079.12291  34.2%     -    0s
     0     0 2079.30742    0   99 3161.20000 2079.30742  34.2%     -    0s
     0     0 2104.14212    0  106 3161.20000 2104.14212  33.4%     -    0s
     0     0 2105.73986    0  107 3161.20000 2105.73986  33.4%     -    0s
     0     0 2106.50038    0   87 3161.20000 2106.50038  33.4%     -    0s
     0     0 2114.86667    0   87 3161.20000 2114.86667  33.1%     -    0s
     0     0 2116.93271    0   84 3161.20000 2116.93271  33.0%     -    0s
     0     0 2116.94749    0   92 3161.20000 2116.94749  33.0%     -    0s
     0     0 2123.52010    0   76 3161.20000 2123.52010  32.8%     -    0s
     0     0 2123.52010    0   84 3161.20000 2123.52010  32.8%     -    0s
     0     0 2123.52010    0   84 3161.20000 2123.52010  32.8%     -    0s
     0     0 2123.52010    0   81 3161.20000 2123.52010  32.8%     -    0s
H    0     0                    2783.3200000 2141.36727  23.1%     -    0s
     0     2 2141.36727    0   63 2783.32000 2141.36727  23.1%     -    0s
H   28    34                    2768.3200000 2168.68772  21.7%  39.8    0s
H   31    34                    2449.1000000 2168.68772  11.4%  37.5    0s

Cutting planes:
  User: 100
  Gomory: 4
  Cover: 73
  Implied bound: 13
  Clique: 6
  MIR: 59
  StrongCG: 1
  Flow cover: 70
  Zero half: 2
  RLT: 65
  Relax-and-lift: 4
  Lazy constraints: 39

Explored 425 nodes (13697 simplex iterations) in 1.10 seconds
Thread count was 2 (of 32 available processors)

Solution count 8: 2449.1 2768.32 2783.32 ... 9106.92

Optimal solution found (tolerance 1.00e-04)
Best objective 2.449100000000e+03, best bound 2.449100000000e+03, gap 0.0000%

User-callback calls 1306, time in user-callback 0.11 sec
================================================================================
executing instance: ./input/Instances/Original/4/absH3low_3n15.dat
--------------------------------------------------------------------------------
Instance details
n	16
H	3
C	1267
Li:
[0, 0, 0, 0, 0, 0, 0, 0, 0, 0, 0, 0, 0, 0, 0, 0, ]
Ui:
[0, 156, 267, 148, 144, 87, 33, 171, 76, 141, 270, 282, 60, 110, 172, 57, ]
Distance matrix:
|0	229	567	76	58	96	306	409	310	423	108	346	165	347	159	256	|
|229	0	482	243	279	155	375	525	251	419	158	373	65	123	329	246	|
|567	482	0	506	622	483	342	439	259	200	467	274	486	433	501	312	|
|76	243	506	0	119	88	230	337	255	352	88	272	179	347	94	194	|
|58	279	622	119	0	154	345	431	366	471	166	391	217	399	179	310	|
|96	155	483	88	154	0	266	397	224	358	17	289	92	262	176	179	|
|306	375	342	230	345	266	0	158	184	148	251	68	332	423	181	140	|
|409	525	439	337	431	397	158	0	340	244	386	201	476	581	253	298	|
|310	251	259	255	366	224	184	340	0	170	208	146	238	257	274	66	|
|423	419	200	352	471	358	148	244	170	0	341	84	396	424	323	182	|
|108	158	467	88	166	17	251	386	208	341	0	273	96	259	172	162	|
|346	373	274	272	391	289	68	201	146	84	273	0	340	400	239	127	|
|165	65	486	179	217	92	332	476	238	396	96	340	0	182	267	216	|
|347	123	433	347	399	262	423	581	257	424	259	400	182	0	423	283	|
|159	329	501	94	179	176	181	253	274	323	172	239	267	423	0	208	|
|256	246	312	194	310	179	140	298	66	182	162	127	216	283	208	0	|

--------------------------------------------------------------------------------
Building model...
	using lazy and cut (CVRPSEP package)
Solving IRP LP...
--------------------------------------------------------------------------------

Gurobi 9.1.0 (linux64) logging started Sat Jan  9 23:06:43 2021

Gurobi Optimizer version 9.1.0 build v9.1.0rc0 (linux64)
Thread count: 32 physical cores, 32 logical processors, using up to 2 threads
Optimize a model with 352 rows, 970 columns and 3277 nonzeros
Model fingerprint: 0xf848f9c6
Variable types: 154 continuous, 816 integer (96 binary)
Coefficient statistics:
  Matrix range     [1e+00, 6e+02]
  Objective range  [1e-02, 6e+02]
  Bounds range     [1e+00, 3e+02]
  RHS range        [1e+01, 2e+03]
Presolve removed 110 rows and 62 columns
Presolve time: 0.03s
Presolved: 242 rows, 908 columns, 2910 nonzeros
Variable types: 92 continuous, 816 integer (726 binary)

Root relaxation: objective 1.641118e+03, 281 iterations, 0.01 seconds

    Nodes    |    Current Node    |     Objective Bounds      |     Work
 Expl Unexpl |  Obj  Depth IntInf | Incumbent    BestBd   Gap | It/Node Time

     0     0 1641.11756    0   49          - 1641.11756      -     -    0s
     0     0 1881.52524    0   51          - 1881.52524      -     -    0s
     0     0 1883.94234    0   47          - 1883.94234      -     -    0s
     0     0 2302.59246    0   77          - 2302.59246      -     -    0s
     0     0 2309.61169    0   92          - 2309.61169      -     -    0s
     0     0 2425.01037    0   82          - 2425.01037      -     -    0s
     0     0 2430.18891    0   77          - 2430.18891      -     -    0s
     0     0 2443.48272    0   80          - 2443.48272      -     -    0s
     0     0 2456.85249    0   81          - 2456.85249      -     -    0s
     0     0 2560.93129    0  114          - 2560.93129      -     -    0s
     0     0 2572.77811    0   97          - 2572.77811      -     -    0s
     0     0 2573.68639    0  120          - 2573.68639      -     -    0s
     0     0 2585.75007    0  124          - 2585.75007      -     -    0s
     0     0 2587.24273    0  133          - 2587.24273      -     -    0s
     0     0 2587.26817    0  138          - 2587.26817      -     -    0s
     0     0 2589.82436    0  116          - 2589.82436      -     -    0s
     0     0 2589.82436    0  116          - 2589.82436      -     -    0s
     0     2 2589.82436    0  116          - 2589.82436      -     -    0s
H   13    16                    3346.0200000 2599.18448  22.3%  83.3    0s
H   29    36                    3239.0200000 2599.18448  19.8%  67.4    0s
H   58    64                    3132.2600000 2599.18448  17.0%  53.0    0s
H   72    70                    3081.5600000 2599.18448  15.7%  46.6    0s

Cutting planes:
  User: 320
  Gomory: 7
  Cover: 95
  Implied bound: 12
  Clique: 8
  MIR: 61
  StrongCG: 4
  Flow cover: 124
  Zero half: 4
  RLT: 73
  Relax-and-lift: 4
  Lazy constraints: 73

Explored 453 nodes (26120 simplex iterations) in 1.76 seconds
Thread count was 2 (of 32 available processors)

Solution count 4: 3081.56 3132.26 3239.02 3346.02 

Optimal solution found (tolerance 1.00e-04)
Best objective 3.081560000000e+03, best bound 3.081560000000e+03, gap 0.0000%

User-callback calls 1383, time in user-callback 0.21 sec
================================================================================
executing instance: ./input/Instances/Original/4/absH3low_2n45.dat
--------------------------------------------------------------------------------
Instance details
n	46
H	3
C	3171
Li:
[0, 0, 0, 0, 0, 0, 0, 0, 0, 0, 0, 0, 0, 0, 0, 0, 0, 0, 0, 0, 0, 0, 0, 0, 0, 0, 0, 0, 0, 0, 0, 0, 0, 0, 0, 0, 0, 0, 0, 0, 0, 0, 0, 0, 0, 0, ]
Ui:
[0, 246, 160, 78, 20, 87, 144, 40, 20, 82, 60, 96, 24, 136, 160, 108, 160, 26, 228, 51, 24, 240, 231, 70, 32, 105, 174, 114, 246, 126, 132, 76, 22, 42, 255, 132, 148, 162, 66, 111, 102, 240, 123, 201, 297, 78, ]
Distance matrix:
|0	148	402	550	329	420	187	318	366	280	504	273	233	333	112	344	379	481	113	593	159	523	261	424	90	359	163	461	413	240	105	299	265	89	371	462	339	273	495	22	41	439	369	506	563	468	|
|148	0	284	517	394	284	136	369	244	311	496	166	329	355	223	202	338	388	204	565	254	506	118	346	71	423	173	471	336	118	105	352	198	105	248	428	302	305	487	153	179	441	230	497	517	370	|
|402	284	0	350	448	80	228	406	42	343	382	129	456	350	412	126	219	131	382	395	410	371	180	137	314	466	289	400	137	167	389	401	169	316	39	280	217	342	373	394	414	362	108	380	324	106	|
|550	517	350	0	339	429	385	308	374	295	93	375	431	249	481	461	180	239	458	48	445	57	474	214	496	333	387	160	216	424	601	321	320	471	376	90	217	301	93	530	534	146	452	88	52	262	|
|329	394	448	339	0	513	282	42	438	105	255	363	115	108	221	484	259	431	217	365	172	289	436	362	333	30	224	189	353	380	423	47	291	296	443	285	240	107	251	307	294	193	495	260	378	437	|
|420	284	80	429	513	0	267	473	76	408	462	163	509	421	449	86	298	201	421	474	455	451	167	217	330	533	333	478	217	181	386	466	225	341	70	360	291	406	453	416	438	440	59	460	400	176	|
|187	136	228	385	282	267	0	249	199	186	360	104	248	224	184	214	207	294	155	432	189	371	155	237	113	308	68	336	227	101	216	236	78	98	205	296	168	181	350	174	190	305	231	360	390	283	|
|318	369	406	308	42	473	249	0	397	66	229	325	128	67	216	447	218	389	206	337	168	260	402	320	311	61	196	167	311	345	406	19	252	275	403	248	198	70	223	296	286	164	457	233	344	395	|
|366	244	42	374	438	76	199	397	0	332	397	96	436	346	383	90	228	168	354	420	385	389	139	161	277	458	263	408	158	128	349	391	150	282	6	298	218	331	388	359	380	370	78	395	352	144	|
|280	311	343	295	105	408	186	66	332	0	231	259	142	53	191	380	171	337	173	332	150	257	337	267	258	127	139	182	258	280	359	58	186	223	338	222	143	6	224	258	254	164	390	234	323	340	|
|504	496	382	93	255	462	360	229	397	231	0	375	356	180	422	478	173	293	403	110	381	36	474	248	463	245	345	68	246	419	568	244	308	433	400	104	200	237	9	482	482	67	474	5	142	312	|
|273	166	129	375	363	163	104	325	96	259	375	0	347	283	288	121	202	221	259	423	292	376	99	183	186	386	170	370	175	52	269	315	76	187	102	288	177	256	365	265	285	333	133	374	365	204	|
|233	329	456	431	115	509	248	128	436	142	356	347	0	181	121	462	311	472	128	463	76	386	398	403	260	141	180	294	392	349	334	111	287	224	442	362	280	139	350	212	194	289	479	360	463	472	|
|333	355	350	249	108	421	224	67	346	53	180	283	181	0	244	403	152	324	226	283	201	207	369	256	307	118	186	129	247	311	409	74	208	273	351	183	136	59	173	311	307	113	410	183	282	331	|
|112	223	412	481	221	449	184	216	383	191	422	288	121	244	0	387	327	461	30	521	49	447	313	396	152	250	125	371	385	273	214	196	249	121	389	400	288	185	415	91	74	355	408	425	503	454	|
|344	202	126	461	484	86	214	447	90	380	478	121	462	403	387	0	305	256	360	508	400	473	84	250	255	507	282	482	246	115	302	437	196	271	90	382	288	377	469	343	367	444	28	476	441	232	|
|379	338	219	180	259	298	207	218	228	171	173	202	311	152	327	305	0	172	301	227	300	174	302	105	318	270	217	180	97	249	423	221	141	296	232	90	40	173	164	361	368	142	303	172	184	180	|
|481	388	131	239	431	201	294	389	168	337	293	221	472	324	461	256	172	0	432	280	446	273	300	70	400	442	337	330	80	271	490	391	217	391	167	191	194	339	286	468	483	294	239	289	203	26	|
|113	204	382	458	217	421	155	206	354	173	403	259	128	226	30	360	301	432	0	499	52	426	287	367	133	246	95	355	356	246	208	187	219	100	360	376	261	167	395	90	81	337	381	406	478	425	|
|593	565	395	48	365	474	432	337	420	332	110	423	463	283	521	508	227	280	499	0	482	77	521	260	542	356	431	178	262	472	647	352	368	516	422	137	264	338	114	573	576	174	499	106	78	304	|
|159	254	410	445	172	455	189	168	385	150	381	292	76	201	49	400	300	446	52	482	0	407	331	378	184	201	122	327	367	286	258	149	242	150	391	367	263	144	374	137	122	314	419	384	470	441	|
|523	506	371	57	289	451	371	260	389	257	36	376	386	207	447	473	174	273	426	77	407	0	475	234	477	280	363	104	234	422	583	275	313	449	392	91	205	263	38	503	504	97	468	31	108	294	|
|261	118	180	474	436	167	155	402	139	337	474	99	398	369	313	84	302	300	287	521	331	475	0	275	173	462	220	465	268	58	219	390	168	193	142	388	275	333	464	261	286	430	111	473	462	279	|
|424	346	137	214	362	217	237	320	161	267	248	183	403	256	396	250	105	70	367	260	378	234	275	0	348	374	274	274	11	234	444	321	159	335	163	145	124	269	239	409	422	237	239	245	191	76	|
|90	71	314	496	333	330	113	311	277	258	463	186	260	307	152	255	318	400	133	542	184	477	173	348	0	362	121	430	338	150	106	293	190	37	282	406	279	252	454	88	113	403	280	464	502	386	|
|359	423	466	333	30	533	308	61	458	127	245	386	141	118	250	507	270	442	246	356	201	280	462	374	362	0	252	178	365	406	453	73	313	325	463	286	254	130	242	336	324	187	517	250	374	449	|
|163	173	289	387	224	333	68	196	263	139	345	170	180	186	125	282	217	337	95	431	122	363	220	274	121	252	0	310	263	168	225	180	124	88	269	300	177	133	337	144	152	284	299	347	400	330	|
|461	471	400	160	189	478	336	167	408	182	68	370	294	129	371	482	180	330	355	178	327	104	465	274	430	178	310	0	269	408	534	184	297	398	412	142	194	188	66	439	436	38	482	73	206	345	|
|413	336	137	216	353	217	227	311	158	258	246	175	392	247	385	246	97	80	356	262	367	234	268	11	338	365	263	269	0	226	434	312	149	324	160	143	115	259	237	399	411	232	237	243	196	84	|
|240	118	167	424	380	181	101	345	128	280	419	52	349	311	273	115	249	271	246	472	286	422	58	234	150	406	168	408	226	0	223	333	111	160	133	336	219	276	409	235	258	373	136	418	416	252	|
|105	105	389	601	423	386	216	406	349	359	568	269	334	409	214	302	423	490	208	647	258	583	219	444	106	453	225	534	434	223	0	388	289	137	353	511	384	353	559	123	145	508	330	570	606	473	|
|299	352	401	321	47	466	236	19	391	58	244	315	111	74	196	437	221	391	187	352	149	275	390	321	293	73	180	184	312	333	388	0	243	257	396	258	197	60	238	276	267	178	448	248	355	395	|
|265	198	169	320	291	225	78	252	150	186	308	76	287	208	249	196	141	217	219	368	242	313	168	159	190	313	124	297	149	111	289	243	0	176	156	231	109	183	299	251	266	262	205	308	319	207	|
|89	105	316	471	296	341	98	275	282	223	433	187	224	273	121	271	296	391	100	516	150	449	193	335	37	325	88	398	324	160	137	257	176	0	287	382	256	217	424	78	98	372	295	434	480	379	|
|371	248	39	376	443	70	205	403	6	338	400	102	442	351	389	90	232	167	360	422	391	392	142	163	282	463	269	412	160	133	353	396	156	287	0	301	222	336	391	365	386	374	77	398	353	143	|
|462	428	280	90	285	360	296	248	298	222	104	288	362	183	400	382	90	191	376	137	367	91	388	145	406	286	300	142	143	336	511	258	231	382	301	0	127	226	96	443	448	110	376	100	103	209	|
|339	302	217	217	240	291	168	198	218	143	200	177	280	136	288	288	40	194	261	264	263	205	275	124	279	254	177	194	115	219	384	197	109	256	222	127	0	145	190	321	328	157	289	199	224	198	|
|273	305	342	301	107	406	181	70	331	6	237	256	139	59	185	377	173	339	167	338	144	263	333	269	252	130	133	188	259	276	353	60	183	217	336	226	145	0	230	251	248	170	388	240	328	341	|
|495	487	373	93	251	453	350	223	388	224	9	365	350	173	415	469	164	286	395	114	374	38	464	239	454	242	337	66	237	409	559	238	299	424	391	96	190	230	0	474	474	61	465	11	141	305	|
|22	153	394	530	307	416	174	296	359	258	482	265	212	311	91	343	361	468	90	573	137	503	261	409	88	336	144	439	399	235	123	276	251	78	365	443	321	251	474	0	26	418	367	485	544	456	|
|41	179	414	534	294	438	190	286	380	254	482	285	194	307	74	367	368	483	81	576	122	504	286	422	113	324	152	436	411	258	145	267	266	98	386	448	328	248	474	26	0	416	391	484	550	472	|
|439	441	362	146	193	440	305	164	370	164	67	333	289	113	355	444	142	294	337	174	314	97	430	237	403	187	284	38	232	373	508	178	262	372	374	110	157	170	61	418	416	0	444	71	187	309	|
|369	230	108	452	495	59	231	457	78	390	474	133	479	410	408	28	303	239	381	499	419	468	111	239	280	517	299	482	237	136	330	448	205	295	77	376	289	388	465	367	391	444	0	472	429	214	|
|506	497	380	88	260	460	360	233	395	234	5	374	360	183	425	476	172	289	406	106	384	31	473	245	464	250	347	73	243	418	570	248	308	434	398	100	199	240	11	485	484	71	472	0	137	309	|
|563	517	324	52	378	400	390	344	352	323	142	365	463	282	503	441	184	203	478	78	470	108	462	191	502	374	400	206	196	416	606	355	319	480	353	103	224	328	141	544	550	187	429	137	0	228	|
|468	370	106	262	437	176	283	395	144	340	312	204	472	331	454	232	180	26	425	304	441	294	279	76	386	449	330	345	84	252	473	395	207	379	143	209	198	341	305	456	472	309	214	309	228	0	|

--------------------------------------------------------------------------------
Building model...
	using lazy and cut (CVRPSEP package)
Solving IRP LP...
--------------------------------------------------------------------------------

Gurobi 9.1.0 (linux64) logging started Sat Jan  9 23:06:45 2021

Gurobi Optimizer version 9.1.0 build v9.1.0rc0 (linux64)
Thread count: 32 physical cores, 32 logical processors, using up to 2 threads
Optimize a model with 1012 rows, 6940 columns and 21937 nonzeros
Model fingerprint: 0x88d8b731
Variable types: 454 continuous, 6486 integer (276 binary)
Coefficient statistics:
  Matrix range     [1e+00, 2e+03]
  Objective range  [1e-02, 6e+02]
  Bounds range     [1e+00, 3e+02]
  RHS range        [1e+01, 5e+03]
Presolve removed 239 rows and 128 columns
Presolve time: 0.07s
Presolved: 773 rows, 6812 columns, 21021 nonzeros
Variable types: 326 continuous, 6486 integer (6216 binary)

Root relaxation: objective 2.539073e+03, 775 iterations, 0.02 seconds

    Nodes    |    Current Node    |     Objective Bounds      |     Work
 Expl Unexpl |  Obj  Depth IntInf | Incumbent    BestBd   Gap | It/Node Time

     0     0 2539.07262    0  138          - 2539.07262      -     -    0s
     0     0 2971.29647    0  136          - 2971.29647      -     -    0s
     0     0 2975.21331    0  131          - 2975.21331      -     -    0s
     0     0 3009.67669    0  143          - 3009.67669      -     -    0s
     0     0 3011.36537    0  157          - 3011.36537      -     -    0s
     0     0 3011.37872    0  148          - 3011.37872      -     -    0s
     0     0 3536.63438    0  137          - 3536.63438      -     -    0s
     0     0 3564.61576    0  207          - 3564.61576      -     -    0s
     0     0 3578.04240    0  221          - 3578.04240      -     -    0s
     0     0 3589.76000    0  198          - 3589.76000      -     -    0s
     0     0 3590.05965    0  205          - 3590.05965      -     -    0s
     0     0 3673.55857    0  173          - 3673.55857      -     -    0s
     0     0 3694.09049    0  197          - 3694.09049      -     -    0s
     0     0 3695.45186    0  192          - 3695.45186      -     -    0s
     0     0 3752.67653    0  233          - 3752.67653      -     -    1s
     0     0 3774.45651    0  275          - 3774.45651      -     -    1s
     0     0 3783.32211    0  309          - 3783.32211      -     -    1s
     0     0 3792.41996    0  305          - 3792.41996      -     -    1s
     0     0 3799.83467    0  284          - 3799.83467      -     -    1s
     0     0 3805.34640    0  267          - 3805.34640      -     -    1s
     0     0 3807.58542    0  293          - 3807.58542      -     -    1s
     0     0 3807.66435    0  312          - 3807.66435      -     -    1s
     0     0 3823.93419    0  275          - 3823.93419      -     -    1s
     0     0 3826.16053    0  247          - 3826.16053      -     -    1s
     0     0 3827.82601    0  321          - 3827.82601      -     -    1s
     0     0 3829.22877    0  335          - 3829.22877      -     -    1s
     0     0 3842.91995    0  219          - 3842.91995      -     -    2s
     0     0 3846.14435    0  278          - 3846.14435      -     -    2s
     0     0 3852.15919    0  316          - 3852.15919      -     -    2s
     0     0 3853.02966    0  342          - 3853.02966      -     -    2s
     0     0 3863.43839    0  243          - 3863.43839      -     -    2s
     0     0 3864.43249    0  266          - 3864.43249      -     -    2s
     0     0 3866.23141    0  334          - 3866.23141      -     -    2s
     0     0 3866.23141    0  295          - 3866.23141      -     -    2s
     0     2 3870.55034    0  356          - 3870.55034      -     -    3s
    33    36 4024.35733    9  176          - 3885.35245      -   245    5s
   251   289 4703.16927   96   13          - 3885.35245      -   133   10s
   747   713 8804.82000  336  295          - 3893.54873      -  68.6   15s
   772   730 4650.97700   66  380          - 3905.06084      -  66.4   20s
   785   741 3918.66304   12  393          - 3907.73924      -  73.4   26s
   813   761 4047.45590   19  325          - 3935.27516      -  84.0   30s
   884   814 4351.88503   39   97          - 3935.27516      -  97.2   35s
   999   900 5101.70649   70   60          - 3935.27516      -   102   40s
  1153  1019 6227.37000  128   33          - 3935.27516      -  97.9   45s
  1339  1124 8149.78848  207   16          - 3935.27516      -  89.8   50s
  1558  1215 4009.30565   16  452          - 3947.23181      -  82.4   55s
  1652  1282 4096.13323   26  321          - 3947.23181      -  84.2   60s
  1796  1406 4237.22861   32  222          - 3947.23181      -  82.9   66s
  1913  1472 4203.38404   35  294          - 3947.23181      -  80.4   74s
  1954  1464 6398.54000  313    4          - 3947.23181      -  79.6   75s
  2062  1570 4457.12008   44  160          - 3947.23181      -  77.7   80s
  2257  1612 4316.45913   49   84          - 3947.23181      -  75.1   86s
  2316  1681 4515.57077   67   44          - 3947.23181      -  77.8   90s
  2474  1892 4943.83000   99   24          - 3947.23181      -  77.9   95s
  2847  2122 6389.94931  181   12          - 3954.63252      -  70.5  102s
  3045  2108 4141.20266   21  239          - 3954.67426      -  68.8  105s
  3116  2195 4368.04586   36  133          - 3954.67426      -  71.6  110s
  3198  2296 4490.68683   49   74          - 3954.67426      -  72.6  115s
  3323  2441 4673.44875   92   22          - 3955.39753      -  73.2  120s
  3478  2557 4174.33844   28  196          - 3955.39753      -  73.5  126s
  3541  2727 4257.53328   66   18          - 3955.39753      -  73.8  130s
  3823  2943 7794.04300  221    5          - 3958.08004      -  70.3  135s
  4082  3183 4331.38090   24  191          - 3958.08004      -  68.4  142s
  4256  3259 4467.46902   30   39          - 3958.08004      -  67.0  145s
  4499  3458 infeasible  110               - 3960.78317      -  66.5  152s
  4560  3494 4198.90454   19  213          - 3960.78317      -  67.2  155s
  4709  3663 4805.20806  164   53          - 3960.78317      -  67.7  160s
  4956  4083 4392.64843   47   80          - 3960.78317      -  65.9  169s
  4992  4086 4479.07358   78   14          - 3960.78317      -  66.0  170s
  5313  4189 4930.72492  146   44          - 3960.78317      -  63.8  175s
  5456  4342 6482.18000  244    2          - 3971.36626      -  63.4  180s
  5551  4464 4206.90549   27  266          - 3971.36626      -  64.9  187s
  5643  4545 4261.38521   39  236          - 3971.36626      -  65.6  191s
  5733  4627 4583.16153   96   25          - 3971.36626      -  66.1  195s
  5813  4734 4738.51567  135   46          - 3971.36626      -  67.0  208s
  5928  5000 5075.36829  179   45          - 3971.36626      -  67.0  214s
  6060  5000 7251.10077  269   28          - 3971.36626      -  66.2  215s
  6348  5236 4114.13855   24  288          - 3980.75791      -  66.0  226s
  6539  5306 4249.85610   33  116          - 3980.75791      -  65.8  230s
  6616  5466 4530.83791   69  110          - 3980.75791      -  66.9  235s
  6740  5690 4690.33000  127    -          - 3984.96507      -  66.8  240s
  7018  5792 4231.25646   27   91          - 3985.06505      -  65.6  245s
  7098  6007 4547.84875   52   27          - 3991.59287      -  66.3  250s
  7413  6110 5022.95259  106   32          - 3993.55326      -  65.0  256s
  7560  6220 4398.33986   25  336          - 3993.55326      -  65.2  260s
  7664  6288 4709.89905   36  153          - 3993.55326      -  65.7  265s
  7716  6607 5035.78343   58   97          - 3993.55326      -  66.5  272s
  8130  6677 6241.65000  163   16          - 4007.03651      -  64.7  278s
  8184  6825 4165.65650   28  213          - 4007.03651      -  65.4  283s
  8368  6926 4429.31675   43   87          - 4007.03651      -  65.4  288s
  8456  7124 4530.84876   68   86          - 4007.03651      -  66.2  294s
  8510  7124 4696.50941  101   43          - 4007.03651      -  66.6  295s
  8680  7478 4707.77202  114   64          - 4007.03651      -  66.2  301s
  9044  7700 6613.66231  270   10          - 4008.97682      -  65.2  307s
  9347  7794 4275.57443   30  268          - 4009.33400      -  64.3  313s
  9413  7955 4713.09742   46  160          - 4009.33400      -  65.1  320s
  9574  8311 4712.35603   66   65          - 4009.93245      -  65.4  327s
 10000  8344 5992.05000  196    6          - 4010.02840      -  63.7  330s
 10065  8437 4331.00933   26  349          - 4010.02840      -  64.4  338s
 10110  8483 4541.56858   41  153          - 4010.02840      -  65.1  342s
 10156  8522 4694.79523   49  204          - 4010.02840      -  66.0  346s
 10195  8624 4850.74876   59  185          - 4010.02840      -  66.9  351s
 10297  8942 5043.16451   95  104          - 4010.02840      -  67.6  358s
 10623  9157 5569.23061  129   39          - 4010.02840      -  67.1  384s
 10659  9157 5527.16987  148   16          - 4010.02840      -  67.2  385s
 10876  9238 6450.13707  263    8          - 4011.03118      -  66.6  391s
 10985  9318 4430.51364   23  207          - 4011.03118      -  67.0  396s
 11043  9407 4410.24911   35  251          - 4011.03118      -  67.7  402s
 11168  9538 4619.23181   50   96          - 4011.03118      -  68.2  408s
 11297  9580 5218.88667  102    6          - 4011.52948      -  68.4  414s
 11347  9634 4190.70050   22  346          - 4011.52948      -  69.0  419s
 11419  9717 4423.26110   35  175          - 4013.98682      -  69.7  425s
 11516  9751 4170.60235   20  259          - 4013.98682      -  70.2  430s
 11548  9934 4403.00001   29  269          - 4013.98682      -  71.0  439s
 11680  9948 5322.60889   82   40          - 4013.98682      -  71.1  440s
