




arguments: ./build/mirp_solver -f ./input/orig_exec_203.cfg
Current dir: /scratch/gui/bnc_mirp
File verbosity level: 9
date       time         ( uptime  ) [ thread name/id ]                   file:line     v| 
2021-01-10 09:01:23.884 (   0.097s) [main thread     ]             loguru.cpp:789   INFO| Logging to './output/vi_cos/OU/V2/Original/execution_10_01_2021_09_01_23.log', mode: 'a', verbosity: 9
--------------------------------------------------------------------------------
Parameters
                           instance_path           ./input/Instances/Original/6/
                            model_policy                                       1
                             nb_vehicles                                       2
                              output_dir         ./output/vi_cos/OU/V2/Original/
                            sec_strategy                                       1
                       solver_nb_threads                                       2
                         solver_show_log                                    true
                       solver_time_limit                                    3600
                              use_vi_cos                                    true
                              use_vi_cus                                   false
                         use_vi_hc1_full                                   false
                         use_vi_hc1_half                                   false
                      use_vi_hc1_quarter                                   false
                              use_vi_hc2                                   false
                              use_vi_hc3                                   false
                         use_vi_lex_full                                   false
                         use_vi_lex_half                                   false
                      use_vi_lex_quarter                                   false
                              use_vi_qua                                   false
                               use_vi_vc                                   false
                               use_vi_vr                                   false
--------------------------------------------------------------------------------
executing instance: ./input/Instances/Original/6/absH6high_1n25.dat
--------------------------------------------------------------------------------
Instance details
n	26
H	6
C	1711
Li:
[0, 0, 0, 0, 0, 0, 0, 0, 0, 0, 0, 0, 0, 0, 0, 0, 0, 0, 0, 0, 0, 0, 0, 0, 0, 0, ]
Ui:
[0, 168, 176, 34, 66, 36, 177, 106, 118, 182, 64, 141, 189, 63, 46, 111, 182, 231, 36, 66, 68, 54, 132, 90, 246, 75, ]
Distance matrix:
|0	191	200	231	334	329	146	196	208	245	218	164	283	394	151	358	156	196	309	253	201	260	127	138	130	104	|
|191	0	226	229	278	146	328	216	390	417	327	293	195	334	106	296	171	122	472	151	12	411	280	53	190	130	|
|200	226	0	38	149	359	321	10	276	274	418	364	139	204	121	173	321	115	303	141	225	236	155	202	311	256	|
|231	229	38	0	110	352	358	37	314	310	448	395	108	167	129	135	342	109	336	120	226	268	194	213	335	277	|
|334	278	149	110	0	367	467	147	422	413	546	495	86	61	203	25	423	163	429	129	271	363	303	282	424	361	|
|329	146	359	352	367	0	453	349	533	562	411	393	282	411	245	378	250	244	617	245	141	556	426	195	284	243	|
|146	328	321	358	467	453	0	321	162	215	160	112	425	524	297	491	223	341	284	397	339	266	186	276	184	210	|
|196	216	10	37	147	349	321	0	281	281	414	360	132	203	112	171	315	105	311	132	216	244	159	193	305	249	|
|208	390	276	314	422	533	162	281	0	54	321	271	410	471	316	445	348	348	123	398	398	115	125	338	313	309	|
|245	417	274	310	413	562	215	281	54	0	375	323	413	457	334	435	393	361	70	406	424	69	139	367	359	349	|
|218	327	418	448	546	411	160	414	321	375	0	57	484	606	347	569	163	393	444	446	339	421	318	288	137	199	|
|164	293	364	395	495	393	112	360	271	323	57	0	437	556	300	519	144	346	393	401	305	367	261	249	109	163	|
|283	195	139	108	86	282	425	132	410	413	484	437	0	139	137	101	349	91	443	44	187	375	286	206	355	291	|
|394	334	204	167	61	411	524	203	471	457	606	556	139	0	264	38	483	222	467	183	326	403	356	341	484	421	|
|151	106	121	129	203	245	297	112	316	334	347	300	137	264	0	225	220	46	381	102	106	316	195	84	221	158	|
|358	296	173	135	25	378	491	171	445	435	569	519	101	38	225	0	444	184	450	145	288	384	328	303	446	383	|
|156	171	321	342	423	250	223	315	348	393	163	144	349	483	220	444	0	261	460	308	183	415	284	143	39	65	|
|196	122	115	109	163	244	341	105	348	361	393	346	91	222	46	184	261	0	402	56	118	336	224	119	264	200	|
|309	472	303	336	429	617	284	311	123	70	444	393	443	467	381	450	460	402	0	442	477	68	192	424	426	413	|
|253	151	141	120	129	245	397	132	398	406	446	401	44	183	102	145	308	56	442	0	143	375	273	164	315	251	|
|201	12	225	226	271	141	339	216	398	424	339	305	187	326	106	288	183	118	477	143	0	416	286	63	202	142	|
|260	411	236	268	363	556	266	244	115	69	421	367	375	403	316	384	415	336	68	375	416	0	135	365	384	363	|
|127	280	155	194	303	426	186	159	125	139	318	261	286	356	195	328	284	224	192	273	286	135	0	232	256	229	|
|138	53	202	213	282	195	276	193	338	367	288	249	206	341	84	303	143	119	424	164	63	365	232	0	153	89	|
|130	190	311	335	424	284	184	305	313	359	137	109	355	484	221	446	39	264	426	315	202	384	256	153	0	64	|
|104	130	256	277	361	243	210	249	309	349	199	163	291	421	158	383	65	200	413	251	142	363	229	89	64	0	|

--------------------------------------------------------------------------------
Building model...
	using lazy and cut (CVRPSEP package)
Solving IRP LP...
--------------------------------------------------------------------------------

Gurobi 9.1.0 (linux64) logging started Sun Jan 10 09:01:24 2021

Gurobi Optimizer version 9.1.0 build v9.1.0rc0 (linux64)
Thread count: 32 physical cores, 32 logical processors, using up to 2 threads
Optimize a model with 1118 rows, 4694 columns and 15368 nonzeros
Model fingerprint: 0x34a5bb29
Variable types: 482 continuous, 4212 integer (312 binary)
Coefficient statistics:
  Matrix range     [1e+00, 9e+02]
  Objective range  [1e-01, 6e+02]
  Bounds range     [1e+00, 2e+02]
  RHS range        [1e+01, 3e+03]
Presolve removed 258 rows and 102 columns
Presolve time: 0.08s
Presolved: 860 rows, 4592 columns, 14358 nonzeros
Variable types: 380 continuous, 4212 integer (3912 binary)

Root relaxation: objective 1.299358e+04, 880 iterations, 0.02 seconds

    Nodes    |    Current Node    |     Objective Bounds      |     Work
 Expl Unexpl |  Obj  Depth IntInf | Incumbent    BestBd   Gap | It/Node Time

     0     0 12993.5773    0  202          - 12993.5773      -     -    0s
     0     0 13419.4067    0  245          - 13419.4067      -     -    0s
     0     0 13432.9168    0  241          - 13432.9168      -     -    0s
     0     0 13462.6491    0  251          - 13462.6491      -     -    0s
     0     0 13475.3275    0  244          - 13475.3275      -     -    0s
     0     0 13479.3258    0  250          - 13479.3258      -     -    0s
     0     0 13479.9679    0  240          - 13479.9679      -     -    0s
     0     0 13513.1652    0  251          - 13513.1652      -     -    0s
     0     0 13534.6102    0  259          - 13534.6102      -     -    0s
     0     0 13534.7268    0  256          - 13534.7268      -     -    0s
     0     0 14245.7634    0  299          - 14245.7634      -     -    0s
     0     0 14335.6752    0  306          - 14335.6752      -     -    0s
     0     0 14341.4405    0  323          - 14341.4405      -     -    0s
     0     0 14344.2298    0  335          - 14344.2298      -     -    0s
     0     0 14368.5433    0  320          - 14368.5433      -     -    0s
     0     0 14395.4877    0  302          - 14395.4877      -     -    0s
     0     0 14400.2164    0  319          - 14400.2164      -     -    0s
     0     0 14400.2610    0  330          - 14400.2610      -     -    0s
     0     0 14630.8849    0  344          - 14630.8849      -     -    1s
     0     0 14805.3908    0  275          - 14805.3908      -     -    1s
     0     0 14817.7953    0  286          - 14817.7953      -     -    1s
     0     0 14842.1316    0  274          - 14842.1316      -     -    1s
     0     0 14913.3696    0  315          - 14913.3696      -     -    1s
     0     0 15041.2907    0  358          - 15041.2907      -     -    1s
     0     0 15125.3918    0  399          - 15125.3918      -     -    1s
     0     0 15149.1935    0  363          - 15149.1935      -     -    1s
     0     0 15150.7504    0  359          - 15150.7504      -     -    1s
     0     0 15232.5862    0  403          - 15232.5862      -     -    1s
     0     0 15244.8271    0  392          - 15244.8271      -     -    2s
     0     0 15249.1697    0  412          - 15249.1697      -     -    2s
     0     0 15250.8011    0  402          - 15250.8011      -     -    2s
     0     0 15271.4174    0  389          - 15271.4174      -     -    2s
     0     0 15273.2387    0  453          - 15273.2387      -     -    2s
     0     0 15277.1601    0  416          - 15277.1601      -     -    2s
     0     0 15279.0486    0  368          - 15279.0486      -     -    2s
     0     2 15279.0486    0  362          - 15279.0486      -     -    2s
    29    32 15563.5051    8  411          - 15299.3043      -   518    5s
   138   156 16378.5331   32  281          - 15299.3043      -   356   10s
   403   448 17138.5621   69  224          - 15299.3043      -   185   15s
*  474   496             213    18759.700000 15299.3043  18.4%   166   15s
   648   611 15617.0607    4  556 18759.7000 15315.5535  18.4%   147   20s
H  650   610                    18695.010000 15315.5535  18.1%   147   20s
H  653   539                    18312.700000 15315.5535  16.4%   148   20s
H  657   545                    18312.210000 15315.5535  16.4%   151   20s
H  689   574                    18306.210000 15315.5535  16.3%   157   23s
   715   611 15892.3062   19  304 18306.2100 15315.5535  16.3%   159   25s
   736   617 16584.3811   77  553 18306.2100 15700.9618  14.2%   158   30s
H  748   593                    18296.210000 15756.0790  13.9%   155   33s
   754   597 16660.4094   48  552 18296.2100 15759.9306  13.9%   154   35s
H  754   567                    18285.780000 15760.8601  13.8%   154   35s
H  764   546                    18211.360000 15761.9753  13.4%   167   39s
H  765   518                    17787.610000 15761.9753  11.4%   167   40s
H  775   499                    17691.610000 15763.7862  10.9%   165   42s
   783   504 17585.1611  163  573 17691.6100 15765.9876  10.9%   163   45s
   792   513 15901.0438   23  410 17691.6100 15802.1218  10.7%   177   50s
   840   545 15938.0648   36  350 17691.6100 15832.7669  10.5%   204   55s
H  844   518                    17645.610000 15832.7669  10.3%   204   55s
H  870   516                    17542.940000 15832.7669  9.75%   212   57s
   935   562 16382.0501   64  203 17542.9400 15832.7669  9.75%   214   60s
H  967   557                    17444.440000 15832.7669  9.24%   213   61s
  1109   636 17197.0988  116  166 17444.4400 15845.3295  9.17%   202   65s
H 1130   618                    17388.440000 15845.3295  8.87%   201   65s
H 1161   597                    17228.940000 15845.3295  8.03%   201   66s
  1225   641 16186.4753   40  208 17228.9400 15845.3295  8.03%   205   70s
  1373   736 16003.5526   32  333 17228.9400 15859.2961  7.95%   202   75s
  1502   808 16240.8091   37  295 17228.9400 15859.2961  7.95%   195   80s
  1639   891 16636.1226   60  137 17228.9400 15880.2621  7.83%   193   85s
  1804   928 16135.9057   31  316 17228.9400 15880.8774  7.82%   188   90s
  1901   955 16551.2044   39  269 17228.9400 15882.2517  7.82%   190   95s
  1969   992 16282.0553   30  330 17228.9400 15891.5867  7.76%   192  100s
H 2088  1036                    17113.710000 15900.2679  7.09%   191  105s
H 2220  1088                    17069.520000 15902.3022  6.84%   190  111s
  2263  1152 16612.1419   40  366 17069.5200 15902.3022  6.84%   192  115s
  2308  1167 17012.6555   64  155 17069.5200 15902.9177  6.83%   192  128s
  2331  1211 16208.7022   30  329 17069.5200 15902.9177  6.83%   192  131s
  2439  1286 16264.3540   27  406 17069.5200 15903.5875  6.83%   192  136s
  2503  1359 16325.8481   33  336 17069.5200 15915.9297  6.76%   195  140s
  2675  1486 16168.5634   38  356 17069.5200 15916.6115  6.75%   191  146s
  2748  1594 16534.5086   54  242 17069.5200 15916.6115  6.75%   193  151s
  2817  1717 16855.2121   66  230 17069.5200 15919.6186  6.74%   193  155s
* 2958  1512             122    16917.020000 15921.4528  5.89%   188  155s
H 3002  1497                    16886.940000 15922.2368  5.71%   187  158s
H 3044  1365                    16790.380000 15922.2368  5.17%   187  159s
  3045  1399 16059.7873   35  313 16790.3800 15922.2368  5.17%   187  161s
  3189  1523     cutoff   55      16790.3800 15923.1219  5.17%   186  168s
  3271  1563 16157.3468   32  249 16790.3800 15939.0846  5.07%   186  171s
  3379  1602 16104.2574   25  331 16790.3800 15939.6887  5.07%   186  175s
  3452  1705 16542.3043   32  379 16790.3800 15947.2891  5.02%   188  181s
H 3530  1721                    16778.299991 15949.9878  4.94%   188  185s
  3626  1803 16418.6512   45  281 16778.3000 15952.3898  4.92%   191  193s
H 3633  1786                    16766.220000 15952.3898  4.85%   191  193s
  3671  1857 16532.7149   54  389 16766.2200 15952.4062  4.85%   193  197s
  3770  1893 16361.6876   34  241 16766.2200 15961.2141  4.80%   192  201s
  3836  1939 16290.9390   47  220 16766.2200 15970.2344  4.75%   193  205s
  3936  1979 16123.6896   31  292 16766.2200 15981.8845  4.68%   193  210s
  4084  2062 16320.6777   39  315 16766.2200 15992.2865  4.62%   194  219s
  4148  2099 16305.8142   35  449 16766.2200 15992.3033  4.62%   195  224s
  4220  2125 16673.4918   34  294 16766.2200 15999.9254  4.57%   196  228s
  4291  2183 16392.5994   43  186 16766.2200 16001.7468  4.56%   198  233s
  4383  2242 16698.8689   38  344 16766.2200 16002.1742  4.56%   199  240s
  4492  2288 16610.2529   49  258 16766.2200 16003.0298  4.55%   199  245s
  4579  2314 16685.0564   57  252 16766.2200 16005.1267  4.54%   200  251s
  4635  2334 16638.4531   37  289 16766.2200 16008.1617  4.52%   202  257s
H 4652  2327                    16759.170000 16008.1617  4.48%   202  257s
H 4674  2243                    16729.750000 16008.4572  4.31%   203  257s
  4687  2285 16679.3206   50  271 16729.7500 16008.4600  4.31%   203  263s
  4779  2316 16293.3253   43  383 16729.7500 16009.1284  4.31%   204  268s
  4847  2398 16655.7699   43  464 16729.7500 16013.7217  4.28%   206  274s
  4955  2444 16496.6685   37  288 16729.7500 16015.8152  4.27%   206  281s
H 5026  1881                    16571.750000 16015.8810  3.35%   206  281s
  5059  1893     cutoff   40      16571.7500 16017.0044  3.35%   207  287s
  5144  1959 16537.2446   38  305 16571.7500 16026.3768  3.29%   209  293s
  5283  2052 16250.7740   32  282 16571.7500 16033.9184  3.25%   209  301s
H 5429  1897                    16529.750000 16036.8753  2.98%   208  314s
  5539  2003 16212.5173   33  333 16529.7500 16043.1405  2.94%   210  322s
* 5643  1370              53    16387.380000 16043.2221  2.10%   209  322s
  5729  1340 16182.5643   36  306 16387.3800 16044.6701  2.09%   208  330s
  5837  1375 16377.1698   33  274 16387.3800 16047.4641  2.07%   209  338s
  5958  1436     cutoff   44      16387.3800 16049.9009  2.06%   210  348s
  6076  1469 16272.7533   45  285 16387.3800 16054.6851  2.03%   211  366s
  6173  1525 16110.7670   34  453 16387.3800 16057.2280  2.01%   213  374s
  6305  1562 16309.1238   35  304 16387.3800 16060.2633  2.00%   214  382s
  6427  1591 16226.1491   31  284 16387.3800 16064.8213  1.97%   215  391s
  6580  1630 16268.9783   31  396 16387.3800 16067.7788  1.95%   215  401s
  6722  1675 16193.1498   42  244 16387.3800 16068.8228  1.94%   215  416s
  6838  1712 16195.3878   32  280 16387.3800 16069.8410  1.94%   216  427s
  6944  1757     cutoff   37      16387.3800 16071.5229  1.93%   217  436s
  7080  1799     cutoff   35      16387.3800 16072.8855  1.92%   218  445s
  7238  1836 16183.2724   35  307 16387.3800 16075.1619  1.91%   218  455s
  7357  1884     cutoff   38      16387.3800 16077.9582  1.89%   219  465s
  7524  1969 16228.1533   37  307 16387.3800 16084.2154  1.85%   220  475s
  7714  2076 16133.1082   32  299 16387.3800 16089.1975  1.82%   219  488s
  7897  2116 16328.2053   41  289 16387.3800 16090.5113  1.81%   219  499s
  8049  2183 16369.9162   39  286 16387.3800 16093.7885  1.79%   220  509s
  8206  2251     cutoff   36      16387.3800 16095.2511  1.78%   220  520s
  8392  2302 16362.4017   42  305 16387.3800 16098.3799  1.76%   220  531s
  8567  2364 16383.6978   37  333 16387.3800 16102.0217  1.74%   221  542s
  8718  2413 16272.7832   29  304 16387.3800 16105.9226  1.72%   221  557s
  8893  2464 16330.3933   44  308 16387.3800 16108.2680  1.70%   222  568s
  9075  2510     cutoff   40      16387.3800 16109.9664  1.69%   222  580s
  9245  2546 16217.8765   39  378 16387.3800 16111.6313  1.68%   222  591s
  9339  2587 16352.2423   44  262 16387.3800 16112.3771  1.68%   222  604s
  9528  2644 16206.3076   34  270 16387.3800 16114.4237  1.67%   222  615s
  9695  2691 16249.4936   39  315 16387.3800 16115.9728  1.66%   223  627s
  9876  2767 16216.0404   37  323 16387.3800 16118.8241  1.64%   223  638s
 10092  2821 16299.0323   36  382 16387.3800 16120.0733  1.63%   223  649s
 10323  2880     cutoff   39      16387.3800 16122.6045  1.62%   222  659s
 10440  2880 16384.8454   44  280 16387.3800 16125.7754  1.60%   222  660s
 10531  2937 16365.4684   45  320 16387.3800 16125.8263  1.60%   222  670s
 10733  3006 16200.9773   33  316 16387.3800 16126.6716  1.59%   222  681s
 10940  3043     cutoff   44      16387.3800 16128.0526  1.58%   222  692s
 11131  3078     cutoff   44      16387.3800 16129.2016  1.58%   223  703s
 11340  3146 16315.7842   33  246 16387.3800 16130.7698  1.57%   223  714s
 11467  3146     cutoff   39      16387.3800 16133.2432  1.55%   222  715s
 11582  3186 16374.2686   33  299 16387.3800 16133.3834  1.55%   222  725s
 11765  3233 16359.5365   36  460 16387.3800 16135.0514  1.54%   223  779s
 11870  3233 16339.2774   35  419 16387.3800 16136.3244  1.53%   223  780s
 11911  3315 16245.5184   46  281 16387.3800 16136.6350  1.53%   223  791s
 12117  3365 16372.2225   44  286 16387.3800 16139.0852  1.52%   222  802s
 12281  3408     cutoff   37      16387.3800 16140.6414  1.51%   223  814s
 12464  3443 16179.5018   27  514 16387.3800 16142.3648  1.50%   223  826s
 12618  3492     cutoff   38      16387.3800 16145.0488  1.48%   224  838s
 12816  3541     cutoff   37      16387.3800 16146.5055  1.47%   225  850s
 13004  3596     cutoff   32      16387.3800 16148.1167  1.46%   225  861s
 13196  3657 16386.0031   41  354 16387.3800 16150.2007  1.45%   225  872s
 13452  3714 16196.5164   36  246 16387.3800 16153.9264  1.42%   224  884s
 13555  3714 16225.7646   32  362 16387.3800 16154.8578  1.42%   224  885s
 13661  3787 16242.3667   36  340 16387.3800 16155.1482  1.42%   224  896s
 13887  3833 16347.4528   32  311 16387.3800 16156.5303  1.41%   224  908s
 14103  3897 16230.9933   31  373 16387.3800 16158.9946  1.39%   224  921s
 14305  3981 16320.9618   49  171 16387.3800 16159.7279  1.39%   224  933s
 14561  4060 16220.7249   39  420 16387.3800 16161.0212  1.38%   223  945s
 14778  4113     cutoff   47      16387.3800 16162.6720  1.37%   223  959s
 14999  4175 16243.0435   35  268 16387.3800 16163.8944  1.36%   223  970s
 15240  4245     cutoff   40      16387.3800 16165.0035  1.36%   223  983s
 15467  4298 16270.6678   41  295 16387.3800 16166.4292  1.35%   223  995s
 15684  4390 16347.0744   35  321 16387.3800 16167.8730  1.34%   223 1006s
 15958  4445 16282.5489   38  247 16387.3800 16169.6587  1.33%   222 1019s
 16183  4529 16216.4221   32  423 16387.3800 16171.2599  1.32%   222 1031s
 16445  4606 16209.4855   42  462 16387.3800 16172.3792  1.31%   221 1044s
 16688  4702     cutoff   44      16387.3800 16173.7314  1.30%   221 1056s
 16961  4758 16384.4417   57  124 16387.3800 16174.8945  1.30%   220 1069s
 17103  4758 16276.4742   39  283 16387.3800 16176.1267  1.29%   220 1070s
 17230  4804 16293.1240   51  182 16387.3800 16176.1963  1.29%   220 1082s
 17465  4877 16312.5981   39  290 16387.3800 16177.7471  1.28%   219 1095s
 17746  4931 16359.5131   48  171 16387.3800 16178.8713  1.27%   219 1107s
 17954  4992 16368.5784   47  149 16387.3800 16179.8170  1.27%   219 1119s
 18217  5057 16382.9377   52  228 16387.3800 16181.3015  1.26%   218 1131s
 18477  5103 16337.1038   45  116 16387.3800 16182.5788  1.25%   218 1149s
 18592  5171 16312.3052   37  280 16387.3800 16183.1808  1.25%   218 1161s
 18874  5205 16332.1103   39  350 16387.3800 16184.3279  1.24%   217 1173s
 19116  5294 16374.9882   47  346 16387.3800 16185.9017  1.23%   217 1187s
 19427  5356     cutoff   42      16387.3800 16187.1236  1.22%   216 1200s
 19677  5433     cutoff   48      16387.3800 16187.9994  1.22%   216 1213s
 19962  5500 16238.9690   40  423 16387.3800 16189.2020  1.21%   215 1225s
 20220  5572 16272.6807   38  300 16387.3800 16190.3073  1.20%   215 1238s
 20499  5611 16292.1248   40  361 16387.3800 16191.1731  1.20%   214 1251s
 20732  5683 16359.3019   37  223 16387.3800 16191.7600  1.19%   214 1264s
 21024  5726 16355.5075   40  282 16387.3800 16192.8332  1.19%   213 1276s
 21306  5822     cutoff   42      16387.3800 16194.0270  1.18%   213 1289s
 21613  5912     cutoff   41      16387.3800 16195.1108  1.17%   212 1302s
 21933  6011 16319.5039   46  334 16387.3800 16196.1933  1.17%   211 1316s
 22240  6085 16214.1344   28  215 16387.3800 16196.8433  1.16%   211 1328s
 22517  6133     cutoff   38      16387.3800 16197.7752  1.16%   210 1341s
 22788  6178 16329.7638   33  254 16387.3800 16198.2432  1.15%   210 1354s
 23021  6252 16295.0045   44  220 16387.3800 16199.1042  1.15%   210 1366s
 23283  6289     cutoff   36      16387.3800 16200.3277  1.14%   209 1379s
 23521  6341     cutoff   43      16387.3800 16201.2089  1.14%   209 1392s
 23776  6404 16362.8759   46  275 16387.3800 16202.4793  1.13%   209 1405s
 24040  6452     cutoff   44      16387.3800 16203.1505  1.12%   209 1417s
 24292  6479 16377.8302   38  344 16387.3800 16204.3821  1.12%   209 1430s
 24545  6547     cutoff   42      16387.3800 16205.6765  1.11%   208 1444s
 24877  6577 16347.5467   37  300 16387.3800 16206.5160  1.10%   208 1457s
 25136  6628 16250.1977   42  357 16387.3800 16207.1818  1.10%   208 1470s
 25373  6711 16306.8073   40  323 16387.3800 16207.9441  1.09%   208 1484s
 25695  6766     cutoff   36      16387.3800 16208.8578  1.09%   207 1497s
 25956  6832 16374.8431   39  220 16387.3800 16209.8861  1.08%   207 1510s
 26239  6879 16339.0603   40  246 16387.3800 16210.6336  1.08%   207 1524s
 26482  6934 16324.1552   45  260 16387.3800 16211.2665  1.07%   207 1537s
 26746  6984     cutoff   38      16387.3800 16211.5990  1.07%   206 1550s
 26992  7071 16275.4185   44  122 16387.3800 16212.5194  1.07%   206 1564s
 27337  7116 16363.1487   45  262 16387.3800 16213.2172  1.06%   206 1577s
 27596  7154 16242.9312   36  244 16387.3800 16214.2014  1.06%   205 1590s
 27848  7210 16384.4435   40  182 16387.3800 16214.8501  1.05%   205 1604s
 28131  7249 16327.2543   36  345 16387.3800 16215.4785  1.05%   205 1617s
 28385  7273 16231.8508   39  378 16387.3800 16216.2203  1.04%   205 1686s
 28644  7290 16350.9240   38  287 16387.3800 16217.1295  1.04%   205 1700s
 28959  7330     cutoff   42      16387.3800 16217.9694  1.03%   204 1714s
 29268  7387     cutoff   38      16387.3800 16218.7653  1.03%   204 1727s
 29553  7434     cutoff   44      16387.3800 16219.8876  1.02%   204 1740s
 29809  7503 16379.4199   47  330 16387.3800 16220.6167  1.02%   204 1756s
 30125  7543 16311.5914   35  277 16387.3800 16221.1036  1.01%   203 1769s
 30250  7543 16373.7391   42  208 16387.3800 16222.1716  1.01%   203 1770s
 30385  7587 16380.4929   46  270 16387.3800 16222.1977  1.01%   203 1784s
 30664  7652     cutoff   37      16387.3800 16222.8623  1.00%   203 1798s
 30966  7696     cutoff   33      16387.3800 16223.5368  1.00%   203 1812s
 31234  7716 16290.3220   37  316 16387.3800 16224.0756  1.00%   203 1825s
 31518  7743 16309.1912   43  222 16387.3800 16224.8851  0.99%   203 1839s
 31793  7784 16283.9944   34  343 16387.3800 16225.8925  0.99%   203 1853s
 32090  7827 16280.1960   40  282 16387.3800 16226.6686  0.98%   202 1867s
 32388  7889 16316.1524   45  208 16387.3800 16227.4614  0.98%   202 1882s
 32748  7941 16314.9897   48  300 16387.3800 16228.0270  0.97%   202 1895s
 33089  7973 16357.9477   39  266 16387.3800 16228.6697  0.97%   201 1908s
 33395  8004 16318.4425   41  174 16387.3800 16229.7813  0.96%   201 1921s
 33726  8043 16247.3009   41  222 16387.3800 16230.3941  0.96%   201 1935s
 34045  8096     cutoff   42      16387.3800 16231.2146  0.95%   200 1949s
 34362  8134     cutoff   50      16387.3800 16232.0495  0.95%   200 1965s
*34521  8125              69    16385.620000 16232.0495  0.94%   200 1965s
 34682  8131     cutoff   46      16385.6200 16232.8429  0.93%   200 1979s
 34928  8175 16351.2743   34  240 16385.6200 16233.5258  0.93%   200 1992s
 35231  8207     cutoff   37      16385.6200 16234.0764  0.92%   199 2006s
 35522  8210 16339.6821   40  321 16385.6200 16234.8734  0.92%   199 2019s
 35733  8251 16358.3385   42  300 16385.6200 16235.5978  0.92%   199 2032s
 35997  8269 16329.9941   36  344 16385.6200 16236.2287  0.91%   199 2046s
 36277  8298 16283.7864   36  231 16385.6200 16237.2256  0.91%   199 2059s
 36523  8333 16343.6038   44  353 16385.6200 16237.8956  0.90%   199 2074s
 36790  8359     cutoff   38      16385.6200 16238.6579  0.90%   199 2088s
 37036  8399     cutoff   47      16385.6200 16239.1498  0.89%   199 2102s
 37368  8449     cutoff   49      16385.6200 16239.8217  0.89%   198 2117s
 37720  8501     cutoff   38      16385.6200 16240.6085  0.88%   198 2131s
 38053  8517 16328.7809   34  367 16385.6200 16241.2010  0.88%   198 2145s
 38323  8542     cutoff   34      16385.6200 16241.7225  0.88%   198 2158s
 38640  8573     cutoff   49      16385.6200 16242.6665  0.87%   197 2172s
 38947  8587     cutoff   47      16385.6200 16243.4729  0.87%   197 2186s
 39244  8621 16356.0983   37  362 16385.6200 16244.4217  0.86%   197 2200s
 39593  8632     cutoff   43      16385.6200 16245.2852  0.86%   196 2216s
 39899  8629 16378.5631   45  328 16385.6200 16246.0431  0.85%   196 2236s
 40162  8655     cutoff   47      16385.6200 16246.7709  0.85%   196 2250s
 40472  8661     cutoff   43      16385.6200 16247.4317  0.84%   196 2264s
 40762  8678     cutoff   47      16385.6200 16248.2142  0.84%   196 2278s
 41041  8704     cutoff   37      16385.6200 16248.8280  0.83%   196 2293s
 41352  8741 16362.9947   45  229 16385.6200 16249.3643  0.83%   196 2306s
 41681  8740     cutoff   43      16385.6200 16250.0238  0.83%   196 2322s
 41961  8754 16340.8580   44  341 16385.6200 16250.7126  0.82%   196 2335s
 42304  8758     cutoff   44      16385.6200 16251.5526  0.82%   195 2351s
 42630  8796     cutoff   37      16385.6200 16252.2964  0.81%   195 2367s
 42946  8808     cutoff   49      16385.6200 16252.7740  0.81%   195 2382s
 43280  8837 16370.7061   44  259 16385.6200 16253.5359  0.81%   195 2396s
 43620  8839 16379.9741   46  277 16385.6200 16254.1696  0.80%   195 2410s
 43934  8860 16368.5325   37  216 16385.6200 16254.9813  0.80%   194 2425s
 44295  8876 16340.5016   36  425 16385.6200 16255.7587  0.79%   194 2439s
 44551  8864 16353.3771   37  272 16385.6200 16256.2419  0.79%   194 2454s
 44897  8887 16377.2197   42  324 16385.6200 16257.0664  0.78%   194 2468s
 45217  8885 16351.0686   37  271 16385.6200 16257.9063  0.78%   194 2482s
 45564  8898     cutoff   47      16385.6200 16258.6090  0.78%   193 2497s
 45895  8920 16372.5018   35  344 16385.6200 16259.0594  0.77%   193 2512s
 46244  8936 16344.2462   43  296 16385.6200 16259.8764  0.77%   193 2526s
 46595  8943     cutoff   45      16385.6200 16260.4680  0.76%   193 2541s
 46932  8962 16365.0052   40  262 16385.6200 16260.8320  0.76%   193 2556s
 47288  8985 16309.2047   42  302 16385.6200 16261.5349  0.76%   192 2574s
 47518  8998     cutoff   51      16385.6200 16262.0042  0.75%   192 2588s
 47867  9024     cutoff   47      16385.6200 16262.7559  0.75%   192 2603s
 48232  9018 16279.5730   36  294 16385.6200 16263.3773  0.75%   192 2617s
 48503  9012 16336.2715   40  175 16385.6200 16263.9202  0.74%   192 2633s
 48812  9026     cutoff   41      16385.6200 16264.5061  0.74%   192 2648s
 49145  9020 16332.9745   30  377 16385.6200 16265.3062  0.73%   192 2662s
 49432  9028     cutoff   36      16385.6200 16266.0609  0.73%   192 2678s
 49775  9035 16383.3190   45  252 16385.6200 16266.6029  0.73%   191 2692s
 50069  9023 16357.8288   45  145 16385.6200 16267.2579  0.72%   191 2707s
 50389  9024     cutoff   37      16385.6200 16267.6521  0.72%   191 2721s
 50724  9025     cutoff   44      16385.6200 16268.4246  0.72%   191 2733s
 50991  9011 16380.8941   42  280 16385.6200 16269.0124  0.71%   191 2747s
 51284  9022 16308.8942   41  384 16385.6200 16269.5830  0.71%   191 2760s
 51602  9021 16356.3055   56  222 16385.6200 16270.6069  0.70%   191 2773s
 51875  9044 16343.9619   46  210 16385.6200 16271.1500  0.70%   191 2786s
 52176  9026 16358.7873   47  260 16385.6200 16271.6493  0.70%   190 2804s
 52485  9004     cutoff   41      16385.6200 16272.3882  0.69%   190 2817s
 52778  9008 16360.3051   44  249 16385.6200 16273.0450  0.69%   190 2847s
 53118  9002 16313.9753   37  177 16385.6200 16273.7158  0.68%   190 2860s
 53429  9014     cutoff   41      16385.6200 16273.9836  0.68%   190 2874s
 53740  9018 16362.8932   41  370 16385.6200 16274.8417  0.68%   190 2888s
 54038  8996 16348.3199   38  326 16385.6200 16275.4351  0.67%   190 2903s
 54337  8979     cutoff   46      16385.6200 16276.1561  0.67%   190 2918s
 54728  8969 16314.4850   43  207 16385.6200 16277.0982  0.66%   189 2930s
 54983  8939 16344.7357   45  197 16385.6200 16277.7838  0.66%   189 2945s
 55258  8935 16306.3096   50  282 16385.6200 16278.4208  0.65%   189 2959s
 55568  8910 16318.7558   36  253 16385.6200 16278.9273  0.65%   189 2976s
 55878  8890 16331.6512   40  356 16385.6200 16279.6593  0.65%   189 2990s
 56179  8875 16311.9659   37  377 16385.6200 16280.3795  0.64%   189 3003s
 56482  8854     cutoff   40      16385.6200 16280.9596  0.64%   189 3016s
 56645  8854 16358.4322   32  262 16385.6200 16281.6714  0.63%   188 3023s
 56790  8841 16378.7017   41  417 16385.6200 16281.7111  0.63%   188 3036s
 57088  8818     cutoff   45      16385.6200 16282.3128  0.63%   188 3049s
 57391  8778     cutoff   39      16385.6200 16282.9354  0.63%   188 3063s
 57541  8778     cutoff   47      16385.6200 16283.7394  0.62%   188 3073s
 57676  8758     cutoff   40      16385.6200 16283.7454  0.62%   188 3086s
 57983  8723     cutoff   37      16385.6200 16284.1863  0.62%   188 3099s
 58259  8694 16385.1985   48  119 16385.6200 16284.7783  0.62%   188 3112s
 58540  8702 16327.0107   50  152 16385.6200 16285.2424  0.61%   188 3126s
 58856  8672 16375.6853   38  315 16385.6200 16285.6933  0.61%   188 3140s
 59147  8647 16307.6384   43  282 16385.6200 16286.2280  0.61%   187 3153s
 59455  8603 16382.9965   38  363 16385.6200 16286.8380  0.60%   187 3165s
 59711  8595     cutoff   38      16385.6200 16287.5383  0.60%   187 3179s
 60040  8583 16365.8798   47  226 16385.6200 16288.1486  0.59%   187 3192s
 60328  8554     cutoff   38      16385.6200 16288.6920  0.59%   187 3206s
 60609  8524 16358.0156   44  346 16385.6200 16289.2543  0.59%   187 3218s
 60898  8484 16358.1833   45  294 16385.6200 16289.8771  0.58%   187 3232s
 61171  8451     cutoff   46      16385.6200 16290.4219  0.58%   187 3244s
 61454  8436 16364.3629   43  338 16385.6200 16291.0552  0.58%   187 3258s
 61729  8409 16328.4807   37  264 16385.6200 16291.5572  0.57%   187 3271s
 62079  8366     cutoff   46      16385.6200 16292.1265  0.57%   186 3285s
 62376  8350     cutoff   48      16385.6200 16292.6048  0.57%   186 3298s
 62690  8329 16345.1019   45  395 16385.6200 16293.2435  0.56%   186 3312s
 62979  8279 16352.2630   47  258 16385.6200 16293.7270  0.56%   186 3325s
 63263  8239 16331.9883   36  238 16385.6200 16294.4478  0.56%   186 3338s
 63556  8208     cutoff   47      16385.6200 16295.1593  0.55%   186 3351s
 63895  8179     cutoff   40      16385.6200 16295.7227  0.55%   185 3406s
 64061  8140 16353.3606   43  188 16385.6200 16295.8228  0.55%   185 3420s
 64382  8098     cutoff   38      16385.6200 16296.6250  0.54%   185 3433s
 64676  8062     cutoff   41      16385.6200 16297.1749  0.54%   185 3446s
 64987  8024 16358.7199   40  322 16385.6200 16297.8214  0.54%   185 3458s
 65290  7994 16350.0936   44  133 16385.6200 16298.3761  0.53%   185 3471s
 65608  7957 16374.9222   41  313 16385.6200 16299.0117  0.53%   185 3484s
 65759  7957 16359.5500   37  260 16385.6200 16299.5428  0.53%   185 3485s
 65962  7899     cutoff   48      16385.6200 16299.5643  0.53%   185 3501s
 66258  7848     cutoff   43      16385.6200 16300.1303  0.52%   184 3514s
 66610  7803 16355.7712   41  322 16385.6200 16300.7870  0.52%   184 3527s
 66970  7780     cutoff   44      16385.6200 16301.4568  0.51%   184 3541s
 67280  7749 16363.3889   40  229 16385.6200 16302.0275  0.51%   184 3554s
 67420  7749     cutoff   43      16385.6200 16302.4651  0.51%   184 3555s
 67551  7698     cutoff   45      16385.6200 16302.4781  0.51%   184 3567s
 67846  7650 16356.8373   51  225 16385.6200 16303.0849  0.50%   184 3580s
 68163  7604 16322.5552   41  356 16385.6200 16303.8793  0.50%   184 3593s
 68474  7588 16341.8227   32  405 16385.6200 16304.4735  0.50%   183 3600s

Cutting planes:
  User: 3309
  Gomory: 49
  Cover: 335
  Implied bound: 52
  Clique: 9
  MIR: 218
  StrongCG: 5
  Flow cover: 558
  Inf proof: 28
  Zero half: 12
  RLT: 236
  Relax-and-lift: 3
  Lazy constraints: 183

Explored 68637 nodes (12590737 simplex iterations) in 3600.41 seconds
Thread count was 2 (of 32 available processors)

Solution count 10: 16385.6 16387.4 16529.7 ... 16886.9

Time limit reached
Best objective 1.638562000000e+04, best bound 1.630487525273e+04, gap 0.4928%

User-callback calls 358905, time in user-callback 289.19 sec
================================================================================
executing instance: ./input/Instances/Original/6/absH6high_1n20.dat
--------------------------------------------------------------------------------
Instance details
n	21
H	6
C	1651
Li:
[0, 0, 0, 0, 0, 0, 0, 0, 0, 0, 0, 0, 0, 0, 0, 0, 0, 0, 0, 0, 0, ]
Ui:
[0, 36, 182, 182, 90, 261, 117, 30, 110, 42, 276, 153, 40, 94, 144, 46, 129, 213, 264, 160, 174, ]
Distance matrix:
|0	371	401	343	361	341	370	115	392	400	79	266	292	245	355	431	265	194	95	92	348	|
|371	0	37	141	110	250	117	438	67	131	372	305	115	238	247	255	235	296	392	430	185	|
|401	37	0	175	100	284	146	472	90	156	406	342	152	275	280	282	242	333	415	455	178	|
|343	141	175	0	239	110	38	374	95	60	314	182	67	130	106	127	318	201	397	423	303	|
|361	110	100	239	0	341	222	451	177	240	385	374	190	304	341	361	151	345	354	398	78	|
|341	250	284	110	341	0	143	337	203	151	289	102	152	97	15	95	394	156	415	431	398	|
|370	117	146	38	222	143	0	407	61	30	346	220	81	167	137	139	317	237	417	447	292	|
|115	438	472	374	451	337	407	0	443	434	66	241	339	251	351	431	374	181	201	177	450	|
|392	67	90	95	177	203	61	443	0	66	379	275	104	216	197	193	294	283	427	461	252	|
|400	131	156	60	240	151	30	434	66	0	374	237	112	189	142	127	344	261	448	477	312	|
|79	372	406	314	385	289	346	66	379	374	0	202	275	197	304	383	316	134	175	166	388	|
|266	305	342	182	374	102	220	241	275	237	202	0	191	70	117	196	386	73	352	359	415	|
|292	115	152	67	190	152	81	339	104	112	275	191	0	123	154	193	252	183	336	366	246	|
|245	238	275	130	304	97	167	251	216	189	197	70	123	0	110	187	322	72	319	334	346	|
|355	247	280	106	341	15	137	351	197	142	304	117	154	110	0	80	399	171	427	444	400	|
|431	255	282	127	361	95	139	431	193	127	383	196	193	187	80	0	444	251	499	519	429	|
|265	235	242	318	151	394	317	374	294	344	316	386	252	322	399	444	0	332	226	273	97	|
|194	296	333	201	345	156	237	181	283	261	134	73	183	72	171	251	332	0	279	286	375	|
|95	392	415	397	354	415	417	201	427	448	175	352	336	319	427	499	226	279	0	47	321	|
|92	430	455	423	398	431	447	177	461	477	166	359	366	334	444	519	273	286	47	0	368	|
|348	185	178	303	78	398	292	450	252	312	388	415	246	346	400	429	97	375	321	368	0	|

--------------------------------------------------------------------------------
Building model...
	using lazy and cut (CVRPSEP package)
Solving IRP LP...
--------------------------------------------------------------------------------

Gurobi 9.1.0 (linux64) logging started Sun Jan 10 10:01:28 2021

Gurobi Optimizer version 9.1.0 build v9.1.0rc0 (linux64)
Thread count: 32 physical cores, 32 logical processors, using up to 2 threads
Optimize a model with 903 rows, 3159 columns and 10503 nonzeros
Model fingerprint: 0x4ddba526
Variable types: 387 continuous, 2772 integer (252 binary)
Coefficient statistics:
  Matrix range     [1e+00, 8e+02]
  Objective range  [1e-01, 5e+02]
  Bounds range     [1e+00, 3e+02]
  RHS range        [1e+01, 3e+03]
Presolve removed 208 rows and 82 columns
Presolve time: 0.05s
Presolved: 695 rows, 3077 columns, 9693 nonzeros
Variable types: 305 continuous, 2772 integer (2532 binary)

Root relaxation: objective 1.251625e+04, 743 iterations, 0.01 seconds

    Nodes    |    Current Node    |     Objective Bounds      |     Work
 Expl Unexpl |  Obj  Depth IntInf | Incumbent    BestBd   Gap | It/Node Time

     0     0 12516.2487    0  172          - 12516.2487      -     -    0s
     0     0 12751.2255    0  176          - 12751.2255      -     -    0s
     0     0 12761.2136    0  159          - 12761.2136      -     -    0s
     0     0 12773.0211    0  174          - 12773.0211      -     -    0s
     0     0 12778.6659    0  181          - 12778.6659      -     -    0s
     0     0 12791.6479    0  184          - 12791.6479      -     -    0s
     0     0 12792.0176    0  191          - 12792.0176      -     -    0s
     0     0 12792.2513    0  182          - 12792.2513      -     -    0s
     0     0 13083.3740    0  203          - 13083.3740      -     -    0s
     0     0 13224.2449    0  236          - 13224.2449      -     -    0s
     0     0 13232.9781    0  243          - 13232.9781      -     -    0s
     0     0 13237.5216    0  241          - 13237.5216      -     -    0s
     0     0 13237.6718    0  244          - 13237.6718      -     -    0s
     0     0 13497.8223    0  261          - 13497.8223      -     -    0s
     0     0 13520.2747    0  286          - 13520.2747      -     -    0s
     0     0 13524.2192    0  258          - 13524.2192      -     -    0s
     0     0 13527.8281    0  296          - 13527.8281      -     -    0s
     0     0 13528.3804    0  297          - 13528.3804      -     -    0s
     0     0 13606.1735    0  306          - 13606.1735      -     -    0s
     0     0 13625.4646    0  331          - 13625.4646      -     -    0s
     0     0 13633.7998    0  324          - 13633.7998      -     -    0s
     0     0 13638.0291    0  337          - 13638.0291      -     -    0s
     0     0 13641.9807    0  354          - 13641.9807      -     -    1s
     0     0 13643.5451    0  354          - 13643.5451      -     -    1s
     0     0 13644.0288    0  383          - 13644.0288      -     -    1s
     0     0 13703.4199    0  336          - 13703.4199      -     -    1s
     0     0 13708.4690    0  346          - 13708.4690      -     -    1s
     0     0 13711.9677    0  332          - 13711.9677      -     -    1s
     0     0 13712.6060    0  345          - 13712.6060      -     -    1s
     0     0 13727.8093    0  326          - 13727.8093      -     -    1s
