




arguments: ./build/bc_mirp -f ./input/orig_exec_90.cfg
Current dir: /scratch/gui/bc_mirp
File verbosity level: 9
date       time         ( uptime  ) [ thread name/id ]                   file:line     v| 
2021-02-07 08:05:34.617 (   0.053s) [main thread     ]             loguru.cpp:789   INFO| Logging to './output/vi_vc+hc3/OU/V5/Original/execution_07_02_2021_08_05_34.log', mode: 'a', verbosity: 9
--------------------------------------------------------------------------------
Parameters
                           instance_path           ./input/Instances/Original/2/
                            model_policy                                       1
                             nb_vehicles                                       5
                              output_dir      ./output/vi_vc+hc3/OU/V5/Original/
                            sec_strategy                                       1
                       solver_nb_threads                                       2
                         solver_show_log                                    true
                       solver_time_limit                                    3600
                              use_vi_cos                                   false
                              use_vi_cus                                   false
                         use_vi_hc1_full                                   false
                         use_vi_hc1_half                                   false
                      use_vi_hc1_quarter                                   false
                              use_vi_hc2                                   false
                              use_vi_hc3                                    true
                         use_vi_lex_full                                   false
                         use_vi_lex_half                                   false
                      use_vi_lex_quarter                                   false
                              use_vi_qua                                   false
                               use_vi_vc                                    true
                               use_vi_vr                                   false
--------------------------------------------------------------------------------
executing instance: ./input/Instances/Original/2/absH3high_3n40.dat
--------------------------------------------------------------------------------
Instance details
n	41
H	3
C	3283
Li:
[0, 0, 0, 0, 0, 0, 0, 0, 0, 0, 0, 0, 0, 0, 0, 0, 0, 0, 0, 0, 0, 0, 0, 0, 0, 0, 0, 0, 0, 0, 0, 0, 0, 0, 0, 0, 0, 0, 0, 0, 0, ]
Ui:
[0, 63, 111, 99, 96, 111, 282, 122, 156, 261, 42, 192, 126, 42, 162, 207, 159, 122, 102, 190, 118, 102, 132, 102, 165, 252, 66, 52, 22, 114, 210, 176, 116, 294, 78, 152, 210, 45, 130, 198, 174, ]
Distance matrix:
|0	208	225	252	227	143	258	127	267	150	28	83	163	286	57	149	201	137	214	255	70	73	107	186	328	266	249	343	222	177	293	144	262	215	167	120	169	218	143	173	255	|
|208	0	397	355	416	198	216	99	211	275	193	172	97	166	240	225	362	109	277	314	182	216	273	374	298	208	319	161	14	103	93	120	58	196	152	156	372	227	260	218	453	|
|225	397	0	427	53	364	482	343	492	129	253	225	382	386	171	188	39	291	187	195	295	182	282	55	326	491	180	551	408	315	457	366	455	275	392	244	221	439	341	214	101	|
|252	355	427	0	401	158	201	263	219	396	234	328	259	498	299	400	420	354	465	506	205	324	152	374	574	219	499	393	366	389	446	235	378	456	205	359	224	150	111	423	400	|
|227	416	53	401	0	357	477	352	489	165	253	245	389	424	179	223	85	315	234	245	293	200	264	42	375	488	231	565	428	344	484	370	474	314	392	270	184	430	325	252	50	|
|143	198	364	158	357	0	121	105	134	290	116	196	103	342	200	276	343	205	343	385	74	210	112	319	432	133	382	265	209	237	290	78	226	313	57	220	232	75	69	292	375	|
|258	216	482	201	477	121	0	168	18	397	230	293	135	381	314	372	459	275	437	480	188	317	228	439	501	18	479	197	222	296	290	132	212	386	95	306	347	58	173	381	496	|
|127	99	343	263	352	105	168	0	171	239	105	130	40	237	173	206	313	109	270	312	84	164	175	310	337	169	313	216	112	135	192	37	142	220	77	138	280	155	162	213	382	|
|267	211	492	219	489	134	18	171	0	404	240	298	136	376	323	376	468	276	441	483	198	324	243	450	500	2	483	181	215	294	281	136	202	386	102	309	363	75	189	384	509	|
|150	275	129	396	165	290	397	239	404	0	175	110	279	259	97	59	91	166	84	116	217	80	245	130	226	402	106	434	286	187	329	269	333	149	302	119	244	364	291	87	213	|
|28	193	253	234	253	116	230	105	240	175	0	94	139	286	84	167	229	136	234	275	43	96	98	212	341	238	271	320	206	175	281	118	244	225	140	128	180	191	124	189	280	|
|83	172	225	328	245	196	293	130	298	110	94	0	169	209	77	80	191	71	147	189	127	45	189	203	247	296	187	327	184	106	241	162	230	132	198	38	242	266	217	96	285	|
|163	97	382	259	389	103	135	40	136	279	139	169	0	253	212	244	353	141	307	349	110	203	194	347	366	133	350	183	107	161	187	27	124	251	56	175	306	133	169	249	418	|
|286	166	386	498	424	342	381	237	376	259	286	209	253	0	284	201	347	151	210	230	299	247	383	387	155	374	242	290	162	112	129	270	192	113	308	172	451	386	391	172	471	|
|57	240	171	299	179	200	314	173	323	97	84	77	212	284	0	112	145	147	170	208	127	38	148	137	299	321	201	386	253	183	315	195	297	195	222	112	171	275	195	142	214	|
|149	225	188	400	223	276	372	206	376	59	167	80	244	201	112	0	149	117	67	110	205	78	254	186	187	374	108	387	235	132	272	240	283	93	277	71	279	346	291	32	270	|
|201	362	39	420	85	343	459	313	468	91	229	191	353	347	145	149	0	254	149	160	272	150	271	66	290	466	146	518	373	278	419	339	420	235	367	207	227	418	327	175	135	|
|137	109	291	354	315	205	275	109	276	166	136	71	141	151	147	117	254	0	172	212	151	116	232	273	229	274	215	270	119	39	170	145	167	111	186	47	305	263	245	113	356	|
|214	277	187	465	234	343	437	270	441	84	234	147	307	210	170	67	149	172	0	42	272	141	317	205	144	439	43	437	284	175	307	305	331	99	343	132	327	413	357	60	283	|
|255	314	195	506	245	385	480	312	483	116	275	189	349	230	208	110	160	212	42	0	314	182	356	222	132	481	15	474	321	212	337	347	367	126	385	174	358	455	398	100	295	|
|70	182	295	205	293	74	188	84	198	217	43	127	110	299	127	205	272	151	272	314	0	137	91	253	370	196	310	292	195	188	274	85	226	252	99	155	197	148	94	223	316	|
|73	216	182	324	200	210	317	164	324	80	96	45	203	247	38	78	150	116	141	182	137	0	176	158	263	323	176	369	229	150	286	191	274	157	223	77	208	284	216	106	239	|
|107	273	282	152	264	112	228	175	243	245	98	189	194	383	148	254	271	232	317	356	91	176	0	231	435	242	349	371	286	271	365	167	315	321	164	224	120	174	61	280	274	|
|186	374	55	374	42	319	439	310	450	130	212	203	347	387	137	186	66	273	205	222	253	158	231	0	348	448	208	523	386	303	442	329	431	279	352	229	167	392	291	217	85	|
|328	298	326	574	375	432	501	337	500	226	341	247	366	155	299	187	290	229	144	132	370	263	435	348	0	498	147	441	299	206	283	374	338	119	414	215	465	492	463	157	425	|
|266	208	491	219	488	133	18	169	2	402	238	296	133	374	321	374	466	274	439	481	196	323	242	448	498	0	481	180	213	292	278	134	200	384	100	307	362	75	188	381	508	|
|249	319	180	499	231	382	479	313	483	106	271	187	350	242	201	108	146	215	43	15	310	176	349	208	147	481	0	480	326	217	346	347	373	135	385	175	347	454	392	103	280	|
|343	161	551	393	565	265	197	216	181	434	320	327	183	290	386	387	518	270	437	474	292	369	371	523	441	180	480	0	153	263	163	207	107	352	208	317	487	244	334	379	598	|
|222	14	408	366	428	209	222	112	215	286	206	184	107	162	253	235	373	119	284	321	195	229	286	386	299	213	326	153	0	109	81	132	48	201	162	167	386	236	272	226	466	|
|177	103	315	389	344	237	296	135	294	187	175	106	161	112	183	132	278	39	175	212	188	150	271	303	206	292	217	263	109	0	142	171	156	95	211	74	344	289	281	118	386	|
|293	93	457	446	484	290	290	192	281	329	281	241	187	129	315	272	419	170	307	337	274	286	365	442	283	278	346	163	81	142	0	212	79	211	241	214	461	311	353	254	525	|
|144	120	366	235	370	78	132	37	136	269	118	162	27	270	195	240	339	145	305	347	85	191	167	329	374	134	347	207	132	171	212	0	151	257	40	174	280	119	142	248	398	|
|262	58	455	378	474	226	212	142	202	333	244	230	124	192	297	283	420	167	331	367	226	274	315	431	338	200	373	107	48	156	79	151	0	245	173	214	421	237	293	273	510	|
|215	196	275	456	314	313	386	220	386	149	225	132	251	113	195	93	235	111	99	126	252	157	321	279	119	384	135	352	201	95	211	257	245	0	297	97	365	374	345	62	362	|
|167	152	392	205	392	57	95	77	102	302	140	198	56	308	222	277	367	186	343	385	99	223	164	352	414	100	385	208	162	211	241	40	173	297	0	213	283	79	126	287	415	|
|120	156	244	359	270	220	306	138	309	119	128	38	175	172	112	71	207	47	132	174	155	77	224	229	215	307	175	317	167	74	214	174	214	97	213	0	280	286	248	75	313	|
|169	372	221	224	184	232	347	280	363	244	180	242	306	451	171	279	227	305	327	358	197	208	120	167	465	362	347	487	386	344	461	280	421	365	283	280	0	291	175	310	176	|
|218	227	439	150	430	75	58	155	75	364	191	266	133	386	275	346	418	263	413	455	148	284	174	392	492	75	454	244	236	289	311	119	237	374	79	286	291	0	116	359	445	|
|143	260	341	111	325	69	173	162	189	291	124	217	169	391	195	291	327	245	357	398	94	216	61	291	463	188	392	334	272	281	353	142	293	345	126	248	175	116	0	313	335	|
|173	218	214	423	252	292	381	213	384	87	189	96	249	172	142	32	175	113	60	100	223	106	280	217	157	381	103	379	226	118	254	248	273	62	287	75	310	359	313	0	300	|
|255	453	101	400	50	375	496	382	509	213	280	285	418	471	214	270	135	356	283	295	316	239	274	85	425	508	280	598	466	386	525	398	510	362	415	313	176	445	335	300	0	|

--------------------------------------------------------------------------------
Building model...
	using lazy and cut (CVRPSEP package)
Solving IRP LP...
--------------------------------------------------------------------------------

Gurobi 9.1.0 (linux64) logging started Sun Feb  7 08:05:34 2021

Gurobi Optimizer version 9.1.0 build v9.1.0rc0 (linux64)
Thread count: 32 physical cores, 32 logical processors, using up to 2 threads
Optimize a model with 2369 rows, 13679 columns and 56864 nonzeros
Model fingerprint: 0x70eb86cd
Variable types: 764 continuous, 12915 integer (615 binary)
Coefficient statistics:
  Matrix range     [1e+00, 7e+02]
  Objective range  [1e-01, 6e+02]
  Bounds range     [1e+00, 3e+02]
  RHS range        [1e+00, 6e+03]
Presolve removed 684 rows and 241 columns
Presolve time: 0.24s
Presolved: 1685 rows, 13438 columns, 51719 nonzeros
Variable types: 482 continuous, 12956 integer (12332 binary)

Root relaxation: objective 1.244563e+04, 1629 iterations, 0.09 seconds

    Nodes    |    Current Node    |     Objective Bounds      |     Work
 Expl Unexpl |  Obj  Depth IntInf | Incumbent    BestBd   Gap | It/Node Time

     0     0 12445.6272    0  159          - 12445.6272      -     -    0s
     0     0 12902.7178    0  162          - 12902.7178      -     -    1s
     0     0 12919.0968    0  182          - 12919.0968      -     -    1s
     0     0 12922.4537    0  162          - 12922.4537      -     -    1s
     0     0 12922.6895    0  160          - 12922.6895      -     -    1s
     0     0 13494.9971    0  226          - 13494.9971      -     -    1s
     0     0 13514.5207    0  235          - 13514.5207      -     -    2s
     0     0 13516.4797    0  221          - 13516.4797      -     -    2s
     0     0 13516.7608    0  234          - 13516.7608      -     -    2s
     0     0 13676.1711    0  222          - 13676.1711      -     -    2s
     0     0 13695.6641    0  234          - 13695.6641      -     -    3s
     0     0 13698.5276    0  294          - 13698.5276      -     -    3s
     0     0 13699.4117    0  283          - 13699.4117      -     -    4s
     0     0 13809.2215    0  363          - 13809.2215      -     -    4s
     0     0 13834.5498    0  309          - 13834.5498      -     -    5s
     0     0 13844.9999    0  328          - 13844.9999      -     -    5s
     0     0 13854.2104    0  339          - 13854.2104      -     -    5s
     0     0 13855.1581    0  339          - 13855.1581      -     -    5s
     0     0 13910.9009    0  415          - 13910.9009      -     -    6s
     0     0 13925.0392    0  410          - 13925.0392      -     -    6s
     0     0 13927.8659    0  382          - 13927.8659      -     -    6s
     0     0 13929.1919    0  392          - 13929.1919      -     -    6s
     0     0 13976.8411    0  361          - 13976.8411      -     -    7s
     0     0 13979.2932    0  342          - 13979.2932      -     -    7s
     0     0 13979.6581    0  419          - 13979.6581      -     -    7s
     0     0 13987.3992    0  299          - 13987.3992      -     -    8s
     0     0 13990.8836    0  285          - 13990.8836      -     -    8s
     0     0 13992.3572    0  285          - 13992.3572      -     -    8s
     0     0 14014.0700    0  310          - 14014.0700      -     -    9s
     0     0 14015.5409    0  343          - 14015.5409      -     -    9s
     0     0 14019.6018    0  382          - 14019.6018      -     -    9s
     0     0 14020.6181    0  280          - 14020.6181      -     -   10s
     0     2 14029.9794    0  276          - 14029.9794      -     -   12s
    11    15 14072.7882    4  397          - 14032.7119      -   769   15s
    52    57 14178.7789   16  282          - 14032.7119      -   520   20s
    98   106 14313.7101   30  208          - 14032.7119      -   499   25s
   182   198 14590.0563   56  169          - 14032.7119      -   392   30s
   285   322 15627.4661   97  112          - 14032.7119      -   326   35s
   542   620 17864.3831  225   32          - 14032.7119      -   204   40s
   841   853 infeasible  350               - 14032.7914      -   144   45s
* 1062   986             308    18989.800000 14032.7914  26.1%   127   49s
  1091   976 14294.8071    8  466 18989.8000 14032.7914  26.1%   126   51s
  1094   977 14093.5848    5  280 18989.8000 14032.7914  26.1%   127   56s
  1097   979 18529.6016  294  281 18989.8000 14032.7914  26.1%   127   62s
  1101   982 16294.1266  123  530 18989.8000 14097.5286  25.8%   126   65s
  1112   989 14432.4246   38  457 18989.8000 14147.9108  25.5%   125   70s
  1122   996 17532.2034  233  606 18989.8000 14163.2701  25.4%   124   75s
  1126   998 17442.9929  236  635 18989.8000 14164.5069  25.4%   123   80s
  1136  1005 14723.8942   72  626 18989.8000 14168.4373  25.4%   122   85s
  1142  1009 14328.5541   26  646 18989.8000 14169.0991  25.4%   122   90s
  1148  1014 16832.8432  183  275 18989.8000 14169.0991  25.4%   148   97s
  1154  1018 15708.9745  109  519 18989.8000 14169.0991  25.4%   147  100s
  1171  1029 17845.0126  259  659 18989.8000 14170.2314  25.4%   145  106s
  1178  1034 14214.8153    6  626 18989.8000 14171.8354  25.4%   144  110s
  1185  1039 15029.8791   72  701 18989.8000 14171.9559  25.4%   143  115s
  1186  1039 14432.3999   38  709 18989.8000 14171.9562  25.4%   143  167s
  1191  1043 14488.3633   45  390 18989.8000 14205.3274  25.2%   142  171s
  1200  1049 16577.7551  161  709 18989.8000 14214.7112  25.1%   141  176s
  1209  1055 17442.9929  236  698 18989.8000 14222.7418  25.1%   140  183s
  1211  1056 16933.4740  191  736 18989.8000 14222.9471  25.1%   140  186s
  1216  1059 17033.0334  200  708 18989.8000 14223.7375  25.1%   140  190s
  1222  1063 17532.2034  233  697 18989.8000 14224.3447  25.1%   139  195s
  1226  1069 14226.5869   25  692 18989.8000 14225.3711  25.1%   170  201s
  1234  1074 14315.7346   27  441 18989.8000 14227.5589  25.1%   180  205s
  1241  1079 14291.3502   29  689 18989.8000 14228.9198  25.1%   190  210s
  1250  1085 14237.8813   32  565 18989.8000 14234.3726  25.0%   201  215s
  1262  1095 14242.5365   35  528 18989.8000 14242.5365  25.0%   216  221s
  1272  1102 14250.2611   38  526 18989.8000 14250.2611  25.0%   229  225s
  1284  1110 14264.7132   41  502 18989.8000 14263.1603  24.9%   243  230s
  1298  1122 14271.2682   45  512 18989.8000 14263.1603  24.9%   257  235s
  1312  1129 14280.0296   49  482 18989.8000 14263.1603  24.9%   272  241s
  1322  1139 14286.9202   51  452 18989.8000 14263.1603  24.9%   284  245s
  1341  1154 14356.3098   56  442 18989.8000 14263.1603  24.9%   299  251s
  1362  1168 14405.3077   63  411 18989.8000 14263.1603  24.9%   308  256s
  1384  1185 14425.6650   70  425 18989.8000 14263.1603  24.9%   315  260s
  1406  1206 14472.9463   77  351 18989.8000 14263.1603  24.9%   321  265s
  1436  1219 14592.7486   87  417 18989.8000 14263.1603  24.9%   329  271s
  1469  1240 14645.7131   96  354 18989.8000 14263.1603  24.9%   334  279s
  1480  1257 14656.8120  101  312 18989.8000 14263.1603  24.9%   335  282s
  1501  1263 14805.9206  108  272 18989.8000 14263.1603  24.9%   339  285s
  1514  1281 14692.3294  113  309 18989.8000 14263.1603  24.9%   343  290s
  1561  1315 14840.4297  131  244 18989.8000 14263.1603  24.9%   348  297s
  1586  1339 14859.7543  141  302 18989.8000 14263.1603  24.9%   348  300s
  1618  1359 15066.1731  152  218 18989.8000 14263.1603  24.9%   349  305s
  1687  1390 15176.8814  182  152 18989.8000 14263.1603  24.9%   345  310s
  1746  1411 15204.6267  104  282 18989.8000 14263.1603  24.9%   341  315s
  1816  1481 15586.7770  233  128 18989.8000 14263.1603  24.9%   339  322s
  1853  1536 16151.3632  249  105 18989.8000 14263.1603  24.9%   337  327s
  1920  1575 16155.3208  281  114 18989.8000 14263.1603  24.9%   332  332s
  1981  1618 16642.9046  309   93 18989.8000 14263.1603  24.9%   329  337s
  2065  1601 17747.4712  347   68 18989.8000 14291.3569  24.7%   320  343s
H 2090  1539                    18879.580000 14291.3569  24.3%   317  343s
  2102  1548 14396.4445   33  475 18879.5800 14291.3569  24.3%   319  347s
  2115  1558 14436.5542   36  500 18879.5800 14291.3569  24.3%   322  351s
  2130  1572 14520.4314   36  480 18879.5800 14291.3569  24.3%   326  355s
  2149  1591 14523.0890   38  492 18879.5800 14291.3569  24.3%   328  360s
  2175  1614 14606.6580   48  398 18879.5800 14291.3569  24.3%   330  365s
  2226  1633 15040.8748   78  385 18879.5800 14291.3569  24.3%   331  370s
  2242  1667 14861.0342   62  354 18879.5800 14291.3569  24.3%   331  375s
  2282  1698 14930.6836   73  202 18879.5800 14291.3569  24.3%   332  381s
  2326  1731 14931.7109   86  324 18879.5800 14291.3569  24.3%   331  386s
  2374  1766 15068.1804   95  274 18879.5800 14291.3569  24.3%   331  392s
  2425  1851 15131.8369  105  247 18879.5800 14291.3569  24.3%   331  399s
  2476  1834 15245.6208  126   99 18879.5800 14291.3569  24.3%   328  400s
  2527  1988 15352.4999  131  135 18879.5800 14291.3569  24.3%   325  407s
  2698  2168 15687.9812  158  146 18879.5800 14291.3569  24.3%   313  416s
  2953  2116 16515.9286  208   70 18879.5800 14291.5884  24.3%   294  427s
  3031  2121 14357.2344   31  557 18879.5800 14295.5748  24.3%   293  434s
  3062  2153 14575.5904   41  351 18879.5800 14295.5748  24.3%   294  440s
  3104  2202 14666.3433   52  284 18879.5800 14295.5748  24.3%   295  446s
  3167  2272 14879.6981   73  204 18879.5800 14295.5748  24.3%   294  454s
  3260  2346 15185.7310   91  143 18879.5800 14295.5748  24.3%   291  463s
  3367  2516 15566.8739  118  131 18879.5800 14295.5748  24.3%   287  472s
  3573  2650 15964.0209  159  110 18879.5800 14295.5821  24.3%   277  484s
  3711  2606 17296.6200  204   18 18879.5800 14295.5821  24.3%   270  485s
* 3823  2630             207    17622.230000 14302.3780  18.8%   266  497s
* 3833  2568             205    17539.550000 14302.3780  18.5%   265  497s
* 3834  2526             205    17497.550000 14302.3780  18.3%   265  497s
* 3837  2507             207    17177.550000 14302.3780  16.7%   265  497s
  3995  2720 15179.1369   70  217 17177.5500 14302.3780  16.7%   260  510s
  4271  2795 16241.6702  128  149 17177.5500 14306.4315  16.7%   248  520s
* 4329  2751             235    16975.150000 14306.5078  15.7%   247  521s
* 4330  2751             235    16965.150000 14306.5078  15.7%   247  521s
  4352  2903 15231.3675   70  308 16965.1500 14312.3072  15.6%   248  530s
  4520  2970 14637.4353   42  554 16965.1500 14312.3072  15.6%   244  541s
  4605  3082 15196.4270   57  182 16965.1500 14316.7771  15.6%   243  551s
  4730  3105     cutoff  139      16965.1500 14318.7519  15.6%   241  561s
  4754  3163 14477.6241   30  622 16965.1500 14318.7519  15.6%   243  580s
  4812  3280 14711.8257   39  388 16965.1500 14318.7519  15.6%   244  591s
  5002  3350 15736.5491   78  168 16965.1500 14320.3683  15.6%   240  603s
  5100  3441 14511.6944   56  390 16965.1500 14320.3683  15.6%   240  615s
  5217  3486 15005.0339   72  338 16965.1500 14320.3683  15.6%   238  628s
  5262  3552 15911.8144  111  232 16965.1500 14331.9851  15.5%   240  640s
  5340  3570 14568.3585   30  624 16965.1500 14331.9851  15.5%   241  652s
  5358  3647 14793.4955   36  307 16965.1500 14331.9851  15.5%   243  663s
  5435  3735 15698.6202   90  187 16965.1500 14332.0698  15.5%   243  677s
  5543  3792     cutoff  150      16965.1500 14333.3481  15.5%   242  689s
  5602  3946 14745.7907   36  326 16965.1500 14333.3481  15.5%   244  706s
  5824  3975 14746.3178   47  266 16965.1500 14333.3481  15.5%   239  732s
  5833  4008 14818.1139   47  263 16965.1500 14333.3481  15.5%   240  743s
  5866  4078 14971.1577   61  248 16965.1500 14333.3481  15.5%   243  758s
  5936  4190 15175.2450   74  308 16965.1500 14333.3481  15.5%   243  774s
  5963  4190 15593.5789   85  147 16965.1500 14333.3481  15.5%   244  775s
  6068  4255 15255.3892   82  265 16965.1500 14333.3481  15.5%   242  790s
  6135  4374 15511.7714  103  262 16965.1500 14333.3481  15.5%   244  805s
  6254  4575 15934.4681  137  111 16965.1500 14336.6116  15.5%   244  823s
  6493  4610 infeasible  182      16965.1500 14336.8321  15.5%   241  840s
  6545  4655 14518.6994   39  560 16965.1500 14337.4571  15.5%   242  852s
  6590  4747 14920.5051   61  443 16965.1500 14337.6239  15.5%   244  869s
  6692  4747 16365.4118  107  138 16965.1500 14343.7059  15.5%   243  870s
  6718  4773 14464.0179   36  516 16965.1500 14343.7059  15.5%   244  884s
  6744  4961 14919.5754   49  186 16965.1500 14343.9365  15.5%   246  899s
  6802  4961 15814.8117  107   93 16965.1500 14343.9365  15.5%   245  900s
  6995  5002 16885.8938  141   18 16965.1500 14344.1712  15.4%   241  915s
* 6998  4995             143    16950.230000 14344.1712  15.4%   241  915s
* 7001  4971             143    16901.230000 14344.1712  15.1%   241  915s
* 7006  4965             142    16887.230000 14344.1712  15.1%   240  915s
  7041  5012 14425.7969   60  522 16887.2300 14344.9415  15.1%   242  928s
  7088  5054 14683.6074   74  403 16887.2300 14344.9415  15.1%   244  942s
  7130  5156 14973.2387   83  249 16887.2300 14344.9415  15.1%   245  956s
  7232  5412 15101.1728  104  242 16887.2300 14346.3865  15.0%   246  981s
  7532  5452 16213.6523  164   31 16887.2300 14346.9718  15.0%   242 1005s
  7576  5494 16542.8800  168   14 16887.2300 14349.5144  15.0%   244 1025s
* 7599  5091             175    16525.560000 14349.5144  13.2%   244 1025s
  7640  5236 14657.6413   31  463 16525.5600 14349.7948  13.2%   246 1047s
  7813  5353 14974.7259   39  315 16525.5600 14349.7948  13.2%   246 1071s
  7935  5441 16051.2284   65  135 16525.5600 14351.2443  13.2%   246 1097s
  8069  5518 14830.1946   45  308 16525.5600 14351.6499  13.2%   246 1121s
  8161  5557 14623.0896   29  447 16525.5600 14355.5477  13.1%   248 1140s
  8198  5631 14792.6821   37  387 16525.5600 14355.5477  13.1%   250 1160s
  8272  5791 15071.9134   59  200 16525.5600 14355.5477  13.1%   252 1182s
  8432  6011 15601.0201   75  195 16525.5600 14356.8918  13.1%   253 1214s
  8468  6011 15440.8014   90   83 16525.5600 14356.8918  13.1%   253 1215s
  8717  6122     cutoff  142      16525.5600 14357.4546  13.1%   251 1239s
  8856  6193 14823.8283   53  312 16525.5600 14358.5626  13.1%   251 1262s
  8927  6310 15572.1229  103  148 16525.5600 14364.9838  13.1%   252 1287s
  9077  6451 14999.4043   47  202 16525.5600 14366.4991  13.1%   252 1312s
  9240  6617 15022.1977   71  130 16525.5600 14367.1253  13.1%   252 1337s
  9450  6668 14503.2858   42  369 16525.5600 14367.3222  13.1%   250 1361s
  9489  6721 14571.6883   47  447 16525.5600 14367.3222  13.1%   253 1384s
  9520  6721 14608.7935   46  368 16525.5600 14367.3222  13.1%   253 1385s
  9542  6822 15166.3057   62  200 16525.5600 14367.3222  13.1%   255 1410s
  9643  7078 15511.6145   93  136 16525.5600 14367.4534  13.1%   256 1440s
  9969  7112     cutoff  185      16525.5600 14373.7247  13.0%   253 1528s
  9991  7264 16520.0900  184    - 16525.5600 14373.7411  13.0%   254 1554s
 10047  7266 15815.3849  104  157 16525.5600 14373.7411  13.0%   254 1555s
 10195  7337     cutoff  184      16525.5600 14375.2926  13.0%   253 1580s
 10270  7473 15163.6266   89  302 16525.5600 14376.0643  13.0%   254 1604s
 10297  7473 15605.8954  116  175 16525.5600 14376.0643  13.0%   254 1605s
 10451  7516 16516.8100  164    - 16525.5600 14377.7563  13.0%   254 1632s
 10497  7622 16456.9200  164    8 16525.5600 14377.8379  13.0%   256 1658s
 10624  7728     cutoff  170      16525.5600 14378.3270  13.0%   257 1686s
 10751  7830 14838.4441   61  464 16525.5600 14382.0493  13.0%   257 1719s
 10769  7830 15380.9658   79  219 16525.5600 14382.0493  13.0%   257 1720s
 10863  7921     cutoff  138      16525.5600 14382.8781  13.0%   258 1744s
 10965  8124 15020.9988   64  285 16525.5600 14388.7191  12.9%   259 1770s
 11196  8201 infeasible  162      16525.5600 14394.0454  12.9%   257 1794s
 11276  8371 14842.8345   50  332 16525.5600 14394.0454  12.9%   259 1821s
 11479  8512 16025.0402   72  169 16525.5600 14394.2716  12.9%   258 1848s
 11650  8673 14993.6337   67  285 16525.5600 14395.5928  12.9%   259 1873s
 11856  8829 14856.3945   81  327 16525.5600 14395.6860  12.9%   258 1898s
 12037  9005 14546.0149   72  438 16525.5600 14396.7506  12.9%   257 1924s
 12123  9005 16358.2666  158   87 16525.5600 14396.7506  12.9%   256 1925s
 12234  9122 infeasible  167      16525.5600 14396.7755  12.9%   256 1951s
 12364  9239 14667.3754   73  359 16525.5600 14396.7824  12.9%   256 1978s
 12481  9464 14969.6980   91  274 16525.5600 14396.7824  12.9%   257 2007s
 12744  9561 15456.7117  129  186 16525.5600 14396.7824  12.9%   257 2155s
*12791  9524             153    16505.490000 14396.7824  12.8%   256 2155s
 12834  9738 15786.8595  144  175 16505.4900 14397.8322  12.8%   257 2184s
 12944  9738 16221.2641  176   14 16505.4900 14397.8322  12.8%   255 2185s
 13112  9859     cutoff  180      16505.4900 14399.5549  12.8%   255 2213s
 13228  9859 16479.9700  139    - 16505.4900 14399.8371  12.8%   255 2215s
 13248 10009 15336.9297   73  352 16505.4900 14402.5724  12.7%   256 2243s
 13367 10009 14968.9366   90  208 16505.4900 14402.5748  12.7%   256 2245s
 13426 10157 15134.2059   62  306 16505.4900 14402.7932  12.7%   255 2274s
 13444 10157 15257.0384   80  139 16505.4900 14402.7932  12.7%   255 2275s
 13587 10255 14701.8685   78  350 16505.4900 14402.7932  12.7%   256 2304s
 13638 10255 15718.7833   99   15 16505.4900 14402.7932  12.7%   257 2305s
 13704 10373 14791.2911   81  316 16505.4900 14402.7932  12.7%   257 2334s
 13778 10373 15123.0654   69  190 16505.4900 14402.7932  12.7%   258 2335s
 13825 10546 14985.2548   90  176 16505.4900 14402.7932  12.7%   258 2365s
 14023 10719 15156.1240  109  276 16505.4900 14405.6047  12.7%   258 2396s
 14243 10867 14720.8697   41  386 16505.4900 14406.7133  12.7%   258 2427s
 14431 11013 15691.9382   64   86 16505.4900 14407.8413  12.7%   258 2458s
 14601 11206 14840.7667   43  288 16505.4900 14408.8837  12.7%   258 2488s
 14743 11206 16044.2158  114  117 16505.4900 14410.0623  12.7%   257 2490s
 14821 11391 15108.9691   74  200 16505.4900 14410.7329  12.7%   257 2520s
 15031 11510 14722.4102   56  403 16505.4900 14410.7411  12.7%   257 2550s
 15148 11831 15022.2974   71  236 16505.4900 14410.7411  12.7%   258 2583s
 15274 11831 15480.4914  136   46 16505.4900 14410.7411  12.7%   258 2585s
 15503 11969 16015.7218  153   54 16505.4900 14411.1016  12.7%   257 2617s
 15679 12028     cutoff  180      16505.4900 14411.6062  12.7%   257 2647s
 15740 12143 15291.9912   96  245 16505.4900 14411.6071  12.7%   258 2678s
 15871 12289 14565.0352   46  422 16505.4900 14411.6071  12.7%   259 2712s
 16049 12404 15480.1960   65  182 16505.4900 14411.6071  12.7%   259 2745s
 16196 12573 14506.6278   44  522 16505.4900 14411.6187  12.7%   260 2778s
 16398 12652 14520.0278   49  497 16505.4900 14413.2677  12.7%   259 2809s
 16476 12827 14756.6819   62  388 16505.4900 14413.2677  12.7%   261 2842s
 16677 13027 14958.5529   78  310 16505.4900 14413.2677  12.7%   261 2874s
 16751 13027 15277.9931  113   93 16505.4900 14413.2677  12.7%   261 2875s
 16895 13190 15693.1051  124   72 16505.4900 14414.2472  12.7%   261 2905s
 17109 13372     cutoff  141      16505.4900 14415.2530  12.7%   261 2938s
 17313 13599 15837.7718  123  170 16505.4900 14415.6103  12.7%   260 2971s
 17593 13702 14533.3884   46  491 16505.4900 14417.0783  12.7%   259 3003s
 17691 13929 14766.8328   59  343 16505.4900 14417.0783  12.7%   260 3037s
 17951 14206 15141.2058   75  281 16505.4900 14417.7010  12.6%   259 3074s
 18041 14206 15348.3389  123   31 16505.4900 14417.7010  12.6%   259 3075s
 18260 14336     cutoff  159      16505.4900 14418.1422  12.6%   258 3107s
 18453 14509 14647.9692   62  227 16505.4900 14420.2838  12.6%   258 3139s
 18510 14509 16209.4464  119   59 16505.4900 14420.2838  12.6%   258 3140s
 18646 14720 15068.2255   93  305 16505.4900 14421.5845  12.6%   258 3172s
 18886 14892 15759.0409  134  146 16505.4900 14422.0441  12.6%   257 3208s
 19106 15065 infeasible  162      16505.4900 14424.5300  12.6%   257 3241s
 19309 15156 14501.5437   54  469 16505.4900 14424.8983  12.6%   256 3273s
 19414 15247 15190.3546   76  263 16505.4900 14425.8947  12.6%   256 3304s
 19468 15247 16424.6400  130   52 16505.4900 14425.8947  12.6%   256 3305s
 19515 15362 14583.6072   39  479 16505.4900 14425.8947  12.6%   257 3338s
 19644 15465 14835.4881   52  363 16505.4900 14425.8947  12.6%   257 3372s
 19761 15593 15026.5587   62  302 16505.4900 14425.8947  12.6%   257 3403s
 19887 15736 15607.2487  103   82 16505.4900 14426.2113  12.6%   258 3436s
 20076 15862 14469.9594   37  528 16505.4900 14426.2113  12.6%   258 3471s
 20230 16039 15241.5402   73  244 16505.4900 14426.8819  12.6%   258 3507s
 20469 16125     cutoff  155      16505.4900 14428.2435  12.6%   258 3540s
H20470 16058                    16472.490000 14428.2435  12.4%   258 3541s
 20542 16236 15185.8359   74  313 16472.4900 14428.2826  12.4%   258 3573s
 20691 16236 15783.7716  117  173 16472.4900 14428.6097  12.4%   258 3575s
 20750 16375 15153.0969   65  169 16472.4900 14428.8013  12.4%   258 3600s

Cutting planes:
  User: 8418
  Gomory: 31
  Cover: 605
  Implied bound: 193
  Projected implied bound: 22
  Clique: 41
  MIR: 217
  Flow cover: 624
  Zero half: 124
  RLT: 394
  Relax-and-lift: 14
  Lazy constraints: 2756

Explored 20915 nodes (5404439 simplex iterations) in 3601.97 seconds
Thread count was 2 (of 32 available processors)

Solution count 10: 16472.5 16505.5 16525.6 ... 17497.5

Time limit reached
Best objective 1.647249000000e+04, best bound 1.442880128203e+04, gap 12.4067%

User-callback calls 549000, time in user-callback 145.95 sec
================================================================================
executing instance: ./input/Instances/Original/2/absH3high_4n10.dat
--------------------------------------------------------------------------------
Instance details
n	11
H	3
C	822
Li:
[0, 0, 0, 0, 0, 0, 0, 0, 0, 0, 0, ]
Ui:
[0, 102, 52, 88, 182, 153, 138, 38, 165, 297, 86, ]
Distance matrix:
|0	285	411	382	327	239	148	256	307	36	383	|
|285	0	352	98	249	103	227	235	120	268	209	|
|411	352	0	395	106	430	263	549	234	429	174	|
|382	98	395	0	302	173	320	288	168	364	227	|
|327	249	106	302	0	324	179	444	135	339	109	|
|239	103	430	173	324	0	241	132	212	212	305	|
|148	227	263	320	179	241	0	325	192	165	249	|
|256	235	549	288	444	132	325	0	342	220	436	|
|307	120	234	168	135	212	192	342	0	304	94	|
|36	268	429	364	339	212	165	220	304	0	386	|
|383	209	174	227	109	305	249	436	94	386	0	|

--------------------------------------------------------------------------------
Building model...
	using lazy and cut (CVRPSEP package)
Solving IRP LP...
--------------------------------------------------------------------------------

Gurobi 9.1.0 (linux64) logging started Sun Feb  7 09:05:37 2021

Gurobi Optimizer version 9.1.0 build v9.1.0rc0 (linux64)
Thread count: 32 physical cores, 32 logical processors, using up to 2 threads
Optimize a model with 629 rows, 1184 columns and 5264 nonzeros
Model fingerprint: 0xde9a9c93
Variable types: 194 continuous, 990 integer (165 binary)
Coefficient statistics:
  Matrix range     [1e+00, 3e+02]
  Objective range  [2e-01, 5e+02]
  Bounds range     [1e+00, 3e+02]
  RHS range        [1e+00, 1e+03]
Presolve removed 206 rows and 103 columns
Presolve time: 0.10s
Presolved: 423 rows, 1081 columns, 4230 nonzeros
Variable types: 110 continuous, 971 integer (816 binary)
Found heuristic solution: objective 11575.790000
Found heuristic solution: objective 11263.330000
Found heuristic solution: objective 9729.4200000

Root relaxation: objective 4.579294e+03, 675 iterations, 0.01 seconds

    Nodes    |    Current Node    |     Objective Bounds      |     Work
 Expl Unexpl |  Obj  Depth IntInf | Incumbent    BestBd   Gap | It/Node Time

     0     0 4579.29419    0   64 9729.42000 4579.29419  52.9%     -    0s
     0     0 4911.70050    0   87 9729.42000 4911.70050  49.5%     -    0s
     0     0 4934.80692    0   89 9729.42000 4934.80692  49.3%     -    0s
     0     0 5213.52409    0  117 9729.42000 5213.52409  46.4%     -    0s
     0     0 5213.52409    0  126 9729.42000 5213.52409  46.4%     -    0s
     0     0 5340.58549    0  157 9729.42000 5340.58549  45.1%     -    0s
     0     0 5351.68899    0  145 9729.42000 5351.68899  45.0%     -    0s
     0     0 5351.68899    0  137 9729.42000 5351.68899  45.0%     -    0s
     0     0 5442.86562    0  161 9729.42000 5442.86562  44.1%     -    0s
H    0     0                    9685.7700000 5442.86562  43.8%     -    0s
     0     0 5445.80295    0  179 9685.77000 5445.80295  43.8%     -    0s
     0     0 5447.29798    0  174 9685.77000 5447.29798  43.8%     -    0s
     0     0 5447.84303    0  166 9685.77000 5447.84303  43.8%     -    0s
     0     0 5463.29819    0  198 9685.77000 5463.29819  43.6%     -    0s
H    0     0                    9443.5000000 5463.29819  42.1%     -    0s
     0     0 5465.57406    0  197 9443.50000 5465.57406  42.1%     -    0s
     0     0 5466.20185    0  205 9443.50000 5466.20185  42.1%     -    0s
     0     0 5493.17588    0  183 9443.50000 5493.17588  41.8%     -    0s
     0     0 5509.61545    0  187 9443.50000 5509.61545  41.7%     -    0s
     0     0 5512.76764    0  193 9443.50000 5512.76764  41.6%     -    0s
     0     0 5513.10910    0  202 9443.50000 5513.10910  41.6%     -    0s
     0     0 5526.11215    0  216 9443.50000 5526.11215  41.5%     -    0s
     0     0 5528.17467    0  206 9443.50000 5528.17467  41.5%     -    0s
     0     0 5529.50961    0  217 9443.50000 5529.50961  41.4%     -    0s
     0     0 5529.72241    0  217 9443.50000 5529.72241  41.4%     -    0s
     0     0 5535.67394    0  219 9443.50000 5535.67394  41.4%     -    0s
H    0     0                    7608.5900000 5535.67394  27.2%     -    0s
H    0     0                    7148.5900000 5535.67394  22.6%     -    0s
     0     0 5537.02449    0  213 7148.59000 5537.02449  22.5%     -    0s
     0     0 5537.24464    0  219 7148.59000 5537.24464  22.5%     -    0s
     0     0 5556.99119    0  196 7148.59000 5556.99119  22.3%     -    0s
     0     0 5559.18098    0  206 7148.59000 5559.18098  22.2%     -    0s
     0     0 5559.83544    0  239 7148.59000 5559.83544  22.2%     -    0s
     0     0 5562.92747    0  192 7148.59000 5562.92747  22.2%     -    0s
     0     0 5562.92747    0  186 7148.59000 5562.92747  22.2%     -    0s
H    0     0                    6816.3900000 5563.19213  18.4%     -    0s
     0     2 5563.87575    0  188 6816.39000 5563.87575  18.4%     -    0s
H   27    32                    6777.4700000 5566.08930  17.9%   103    1s
   748   595 6503.80509   59  290 6777.47000 5651.49947  16.6%  60.0    5s
  1180   784 6448.03623   51   43 6777.47000 5753.77242  15.1%  74.7   10s
  2492  1188 6696.35916   36   33 6777.47000 5920.03797  12.7%  64.9   15s
  3650  1737 6611.50401   22   96 6777.47000 5983.36089  11.7%  63.5   20s
  5040  2417 6460.89813   32  166 6777.47000 6030.99109  11.0%  62.5   25s
  6302  2982 6680.76750   39   82 6777.47000 6063.24546  10.5%  63.2   30s
  7411  3358 6596.51729   28   62 6777.47000 6092.70190  10.1%  63.9   35s
  9003  3887     cutoff   33      6777.47000 6125.49472  9.62%  64.0   40s
 10459  4405 6554.92848   39  106 6777.47000 6152.03738  9.23%  64.5   45s
 11927  4893 6476.61230   25  106 6777.47000 6173.61721  8.91%  65.0   50s
 13069  5262     cutoff   43      6777.47000 6190.74992  8.66%  65.0   55s
 14555  5636 6259.85472   24  131 6777.47000 6210.34571  8.37%  65.3   60s
 14748  5653 6475.77095   34  100 6777.47000 6213.91132  8.32%  65.4   65s
 16097  6061 6651.75512   29  105 6777.47000 6232.78709  8.04%  65.5   70s
 17714  6473 6394.98339   23   96 6777.47000 6247.70866  7.82%  65.0   75s
 19438  6843 6529.61184   29   86 6777.47000 6266.87053  7.53%  64.6   80s
 21144  7217     cutoff   23      6777.47000 6285.41107  7.26%  64.2   85s
 22756  7615 6728.57071   30   78 6777.47000 6299.43329  7.05%  63.8   90s
 24314  7919 6685.26886   39   17 6777.47000 6313.01766  6.85%  63.5   95s
 26221  8235 6692.25347   40  110 6777.47000 6331.16783  6.59%  63.1  100s
 27907  8552 6437.99201   26   81 6777.47000 6343.09823  6.41%  62.7  105s
 29870  8834 6746.33616   27   68 6777.47000 6356.34560  6.21%  62.2  110s
 31443  9001 6474.30528   33   85 6777.47000 6367.41544  6.05%  61.9  115s
 33103  9180 6529.84716   25   86 6777.47000 6378.50484  5.89%  61.7  120s
 35023  9371     cutoff   36      6777.47000 6390.76107  5.71%  61.4  125s
 36638  9516     cutoff   34      6777.47000 6398.99426  5.58%  61.3  130s
 38344  9657 6548.50538   32   98 6777.47000 6410.34783  5.42%  61.2  135s
 40019  9791 6727.15065   31   53 6777.47000 6419.73446  5.28%  60.9  140s
 42058  9902 6659.02880   42   44 6777.47000 6431.65967  5.10%  60.7  145s
 43736 10051 6624.82963   31   81 6777.47000 6440.13668  4.98%  60.5  150s
 44349 10064 infeasible   32      6777.47000 6442.94987  4.94%  60.4  155s
 46075 10139 infeasible   35      6777.47000 6451.54654  4.81%  60.2  160s
 48059 10191     cutoff   31      6777.47000 6461.76370  4.66%  59.9  165s
 49930 10231     cutoff   32      6777.47000 6471.81410  4.51%  59.7  170s
 51728 10330     cutoff   29      6777.47000 6479.22829  4.40%  59.5  175s
 53841 10373 6675.31075   32   96 6777.47000 6487.74440  4.27%  59.2  180s
 55602 10423 6606.46336   30  120 6777.47000 6494.76602  4.17%  58.9  185s
 57549 10372 6608.52155   28   96 6777.47000 6502.43212  4.06%  58.7  190s
 59690 10403 6714.84594   28   90 6777.47000 6510.53888  3.94%  58.4  195s
 61662 10312     cutoff   31      6777.47000 6517.43484  3.84%  58.1  200s
 63705 10258     cutoff   35      6777.47000 6524.89184  3.73%  57.8  205s
 65734 10143 6628.07257   26   60 6777.47000 6531.83577  3.62%  57.6  210s
 67568 10110     cutoff   29      6777.47000 6537.63803  3.54%  57.4  215s
 69784  9910     cutoff   34      6777.47000 6545.46671  3.42%  57.0  220s
 72125  9617 6637.71302   33   59 6777.47000 6553.57579  3.30%  56.8  225s
 74041  9304     cutoff   21      6777.47000 6560.23018  3.21%  56.6  230s
 76192  8974 6770.55142   30   30 6777.47000 6566.58277  3.11%  56.4  235s
 78391  8591     cutoff   37      6777.47000 6575.02086  2.99%  56.1  240s
 78620  8588     cutoff   31      6777.47000 6575.71136  2.98%  56.1  245s
 80629  8108     cutoff   29      6777.47000 6584.12946  2.85%  55.9  250s
 82692  7651 6628.25475   26   64 6777.47000 6592.00753  2.74%  55.7  255s
