




arguments: ./build/bc_mirp -f ./input/orig_exec_42.cfg
Current dir: /scratch/gui/bc_mirp
File verbosity level: 9
date       time         ( uptime  ) [ thread name/id ]                   file:line     v| 
2021-02-06 18:42:24.514 (   0.209s) [main thread     ]             loguru.cpp:789   INFO| Logging to './output/vi_vc+hc3/OU/V5/Original/execution_06_02_2021_18_42_24.log', mode: 'a', verbosity: 9
--------------------------------------------------------------------------------
Parameters
                           instance_path           ./input/Instances/Original/1/
                            model_policy                                       1
                             nb_vehicles                                       5
                              output_dir      ./output/vi_vc+hc3/OU/V5/Original/
                            sec_strategy                                       1
                       solver_nb_threads                                       2
                         solver_show_log                                    true
                       solver_time_limit                                    3600
                              use_vi_cos                                   false
                              use_vi_cus                                   false
                         use_vi_hc1_full                                   false
                         use_vi_hc1_half                                   false
                      use_vi_hc1_quarter                                   false
                              use_vi_hc2                                   false
                              use_vi_hc3                                    true
                         use_vi_lex_full                                   false
                         use_vi_lex_half                                   false
                      use_vi_lex_quarter                                   false
                              use_vi_qua                                   false
                               use_vi_vc                                    true
                               use_vi_vr                                   false
--------------------------------------------------------------------------------
executing instance: ./input/Instances/Original/1/absH3high_1n5.dat
--------------------------------------------------------------------------------
Instance details
n	6
H	3
C	289
Li:
[0, 0, 0, 0, 0, 0, ]
Ui:
[0, 195, 105, 116, 72, 22, ]
Distance matrix:
|0	85	349	17	203	289	|
|85	0	265	102	214	226	|
|349	265	0	366	368	238	|
|17	102	366	0	207	302	|
|203	214	368	207	0	431	|
|289	226	238	302	431	0	|

--------------------------------------------------------------------------------
Building model...
	using lazy and cut (CVRPSEP package)
Solving IRP LP...
--------------------------------------------------------------------------------

Gurobi 9.1.0 (linux64) logging started Sat Feb  6 18:42:24 2021

Gurobi Optimizer version 9.1.0 build v9.1.0rc0 (linux64)
Thread count: 32 physical cores, 32 logical processors, using up to 2 threads
Optimize a model with 339 rows, 414 columns and 1914 nonzeros
Model fingerprint: 0x0293f883
Variable types: 99 continuous, 315 integer (90 binary)
Coefficient statistics:
  Matrix range     [1e+00, 2e+02]
  Objective range  [2e-01, 4e+02]
  Bounds range     [1e+00, 2e+02]
  RHS range        [1e+00, 5e+02]
Presolve removed 54 rows and 38 columns
Presolve time: 0.01s

Explored 0 nodes (0 simplex iterations) in 0.01 seconds
Thread count was 1 (of 32 available processors)

Solution count 0

Model is infeasible
Best objective -, best bound -, gap -

User-callback calls 35, time in user-callback 0.00 sec

Computing Irreducible Inconsistent Subsystem (IIS)...

           Constraints          |            Bounds           |  Runtime
      Min       Max     Guess   |   Min       Max     Guess   |
--------------------------------------------------------------------------
        0       309         -         0       569         -           0s
       69       105        69         0       303         -           5s
       71        79        71         0       253         -          10s
       72        72         -        19       229       229          15s
       72        72         -       111       202       202          20s
       72        72         -       111       185       185          25s
       72        72         -       111       173       173          30s
       72        72         -       111       158       158          35s
       72        72         -       111       131       131          40s
       72        72         -       111       111         -          43s

IIS computed: 72 constraints, 111 bounds
IIS runtime: 42.87 seconds
================================================================================
executing instance: ./input/Instances/Original/1/absH3high_1n45.dat
--------------------------------------------------------------------------------
Instance details
n	46
H	3
C	3462
Li:
[0, 0, 0, 0, 0, 0, 0, 0, 0, 0, 0, 0, 0, 0, 0, 0, 0, 0, 0, 0, 0, 0, 0, 0, 0, 0, 0, 0, 0, 0, 0, 0, 0, 0, 0, 0, 0, 0, 0, 0, 0, 0, 0, 0, 0, 0, ]
Ui:
[0, 273, 270, 36, 165, 192, 148, 45, 30, 75, 180, 198, 112, 117, 90, 64, 180, 22, 264, 174, 168, 270, 86, 66, 26, 66, 237, 156, 92, 108, 144, 72, 30, 45, 94, 54, 174, 96, 198, 136, 44, 180, 210, 249, 198, 48, ]
Distance matrix:
|0	281	201	160	249	201	93	431	236	139	252	136	116	166	390	110	349	374	303	180	327	464	236	70	44	461	346	439	363	254	312	426	305	206	71	137	169	200	247	260	20	219	256	253	460	278	|
|281	0	448	170	53	142	338	184	121	290	371	390	222	302	111	289	169	434	230	177	238	441	59	212	319	211	86	235	399	306	53	176	99	202	263	157	361	101	370	201	264	344	364	374	469	184	|
|201	448	0	285	430	325	114	556	361	171	191	64	228	174	546	294	453	306	364	289	388	435	393	254	157	585	491	536	318	254	490	554	436	407	266	292	108	388	186	337	207	181	205	190	408	364	|
|160	170	285	0	169	43	182	280	80	120	208	231	58	132	262	230	190	294	151	24	174	345	112	107	183	309	207	280	268	158	219	276	155	235	187	45	192	150	205	107	140	177	202	210	356	119	|
|249	53	430	169	0	152	317	238	145	282	377	369	212	299	157	242	215	452	261	183	273	474	76	181	290	264	140	287	421	320	63	229	145	148	221	142	352	53	374	226	234	346	370	378	498	215	|
|201	142	325	43	152	0	224	237	37	156	230	273	101	164	224	261	148	300	127	38	147	333	83	142	225	266	167	238	270	168	193	233	112	246	221	70	228	148	228	84	180	202	222	232	351	87	|
|93	338	114	182	317	224	0	460	262	92	180	52	124	112	440	199	364	307	292	191	317	415	284	140	57	490	387	452	304	208	377	457	336	297	163	181	84	274	175	256	95	152	188	180	402	280	|
|431	184	556	280	238	237	460	0	199	385	420	508	337	385	108	464	110	429	219	269	206	378	202	365	460	30	98	84	388	340	204	9	126	386	432	294	453	283	421	226	411	404	408	423	422	198	|
|236	121	361	80	145	37	262	199	0	191	255	310	138	197	191	290	114	312	118	72	133	330	69	175	262	229	132	204	279	186	174	195	75	258	251	102	262	153	254	81	216	230	246	257	353	72	|
|139	290	171	120	282	156	92	385	191	0	116	129	71	27	380	246	283	235	201	119	226	329	231	141	129	414	323	367	224	119	336	383	266	308	202	141	72	252	112	169	127	82	118	117	322	195	|
|252	371	191	208	377	230	180	420	255	116	0	187	178	90	443	361	311	127	204	195	224	246	313	257	232	446	382	380	129	81	423	421	320	422	318	242	100	355	5	195	241	34	15	2	225	224	|
|136	390	64	231	369	273	52	508	310	129	187	0	173	141	491	233	409	313	330	239	355	431	335	191	93	538	438	495	316	233	429	505	385	342	203	233	88	325	182	297	143	167	199	187	412	323	|
|116	222	228	58	212	101	124	337	138	71	178	173	0	91	319	206	244	284	187	69	212	357	165	85	130	367	265	333	264	151	267	333	213	244	161	70	140	181	175	145	97	145	177	180	359	165	|
|166	302	174	132	299	164	112	385	197	27	90	141	91	0	388	273	280	208	191	127	215	305	243	167	153	413	329	361	198	96	351	383	270	333	229	159	68	272	86	163	153	56	92	91	296	190	|
|390	111	546	262	157	224	440	108	191	380	443	491	319	388	0	399	164	480	264	261	261	456	156	320	426	125	62	186	442	369	107	99	125	300	374	260	452	210	443	252	372	420	433	446	494	227	|
|110	289	294	230	242	261	199	464	290	246	361	233	206	273	399	0	402	480	382	254	404	562	262	124	143	493	369	490	466	355	302	457	344	135	45	191	279	189	356	337	120	328	364	362	563	348	|
|349	169	453	190	215	148	364	110	114	283	311	409	244	280	164	402	0	324	110	174	101	292	151	289	372	135	109	90	284	230	212	111	70	354	364	216	348	245	312	118	329	295	298	313	330	90	|
|374	434	306	294	452	300	307	429	312	235	127	313	284	208	480	480	324	0	216	274	223	137	380	368	357	448	419	367	40	136	487	432	358	525	436	336	227	443	132	234	361	156	119	127	102	255	|
|303	230	364	151	261	127	292	219	118	201	204	330	187	191	264	382	110	216	0	128	25	213	185	258	314	243	203	176	178	123	282	221	144	372	338	193	256	270	206	45	283	193	191	206	239	46	|
|180	177	289	24	183	38	191	269	72	119	195	239	69	127	261	254	174	274	128	0	151	321	118	130	198	299	204	263	246	139	228	266	147	258	211	68	191	169	193	83	159	166	188	197	333	98	|
|327	238	388	174	273	147	317	206	133	226	224	355	212	215	261	404	101	223	25	151	0	203	198	281	339	228	202	156	184	143	288	209	146	390	362	215	280	286	226	68	308	215	210	226	235	61	|
|464	441	435	345	474	333	415	378	330	329	246	431	357	305	456	562	292	137	213	321	203	0	398	440	458	390	400	301	117	211	492	384	348	578	517	389	344	480	251	251	448	265	233	246	54	259	|
|236	59	393	112	76	83	284	202	69	231	313	335	165	243	156	262	151	380	185	118	198	398	0	167	270	231	110	233	347	250	110	195	85	203	230	103	303	95	311	150	217	284	305	315	422	139	|
|70	212	254	107	181	142	140	365	175	141	257	191	85	167	320	124	289	368	258	130	281	440	167	0	109	394	277	378	349	236	244	359	239	167	81	73	196	135	253	213	53	223	257	258	444	226	|
|44	319	157	183	290	225	57	460	262	129	232	93	130	153	426	143	372	357	314	198	339	458	270	109	0	490	379	462	351	247	353	456	334	250	110	168	140	243	226	274	56	201	238	232	449	294	|
|461	211	585	309	264	266	490	30	229	414	446	538	367	413	125	493	135	448	243	299	228	390	231	394	490	0	125	89	408	365	226	36	156	412	462	324	481	311	447	253	441	430	433	448	436	225	|
|346	86	491	207	140	167	387	98	132	323	382	438	265	329	62	369	109	419	203	204	202	400	110	277	379	125	0	155	381	307	113	90	63	288	339	211	394	186	382	190	327	359	371	384	436	165	|
|439	235	536	280	287	238	452	84	204	367	380	495	333	361	186	490	90	367	176	263	156	301	233	378	462	89	155	0	326	299	267	92	148	432	454	306	429	325	382	199	419	369	366	382	348	172	|
|363	399	318	268	421	270	304	388	279	224	129	316	264	198	442	466	284	40	178	246	184	117	347	349	351	408	381	326	0	113	452	391	321	502	422	311	229	415	134	199	348	152	118	130	98	219	|
|254	306	254	158	320	168	208	340	186	119	81	233	151	96	369	355	230	136	123	139	143	211	250	236	247	365	307	299	113	0	359	340	244	390	310	200	148	308	83	117	238	74	68	83	208	145	|
|312	53	490	219	63	193	377	204	174	336	423	429	267	351	107	302	212	487	282	228	288	492	110	244	353	226	113	267	452	359	0	195	145	194	283	199	407	115	421	254	296	394	415	425	521	237	|
|426	176	554	276	229	233	457	9	195	383	421	505	333	383	99	457	111	432	221	266	209	384	195	359	456	36	90	92	391	340	195	0	122	378	426	289	451	275	421	226	406	404	408	423	427	197	|
|305	99	436	155	145	112	336	126	75	266	320	385	213	270	125	344	70	358	144	147	146	348	85	239	334	156	63	148	321	244	145	122	0	286	310	168	336	177	320	128	285	298	309	322	381	103	|
|206	202	407	235	148	246	297	386	258	308	422	342	244	333	300	135	354	525	372	258	390	578	203	167	250	412	288	432	502	390	194	378	286	0	144	191	362	109	418	329	202	388	421	423	591	329	|
|71	263	266	187	221	221	163	432	251	202	318	203	161	229	374	45	364	436	338	211	362	517	230	81	110	462	339	454	422	310	283	426	310	144	0	150	239	168	313	294	77	285	321	319	518	306	|
|137	157	292	45	142	70	181	294	102	141	242	233	70	159	260	191	216	336	193	68	215	389	103	73	168	324	211	306	311	200	199	289	168	191	150	0	210	113	239	148	117	210	238	244	400	157	|
|169	361	108	192	352	228	84	453	262	72	100	88	140	68	452	279	348	227	256	191	280	344	303	196	140	481	394	429	229	148	407	451	336	362	239	210	0	318	95	231	164	79	111	100	325	258	|
|200	101	388	150	53	148	274	283	153	252	355	325	181	272	210	189	245	443	270	169	286	480	95	135	243	311	186	325	415	308	115	275	177	109	168	113	318	0	352	230	187	323	351	357	498	225	|
|247	370	186	205	374	228	175	421	254	112	5	182	175	86	443	356	312	132	206	193	226	251	311	253	226	447	382	382	134	83	421	421	320	418	313	239	95	352	0	196	237	30	19	6	230	224	|
|260	201	337	107	226	84	256	226	81	169	195	297	145	163	252	337	118	234	45	83	68	251	150	213	274	253	190	199	199	117	254	226	128	329	294	148	231	230	196	0	240	178	184	198	272	29	|
|20	264	207	140	234	180	95	411	216	127	241	143	97	153	372	120	329	361	283	159	308	448	217	53	56	441	327	419	348	238	296	406	285	202	77	117	164	187	237	240	0	208	245	242	446	257	|
|219	344	181	177	346	202	152	404	230	82	34	167	145	56	420	328	295	156	193	166	215	265	284	223	201	430	359	369	152	74	394	404	298	388	285	210	79	323	30	178	208	0	37	35	250	206	|
|256	364	205	202	370	222	188	408	246	118	15	199	177	92	433	364	298	119	191	188	210	233	305	257	238	433	371	366	118	68	415	408	309	421	321	238	111	351	19	184	245	37	0	17	214	212	|
|253	374	190	210	378	232	180	423	257	117	2	187	180	91	446	362	313	127	206	197	226	246	315	258	232	448	384	382	130	83	425	423	322	423	319	244	100	357	6	198	242	35	17	0	225	226	|
|460	469	408	356	498	351	402	422	353	322	225	412	359	296	494	563	330	102	239	333	235	54	422	444	449	436	436	348	98	208	521	427	381	591	518	400	325	498	230	272	446	250	214	225	0	285	|
|278	184	364	119	215	87	280	198	72	195	224	323	165	190	227	348	90	255	46	98	61	259	139	226	294	225	165	172	219	145	237	197	103	329	306	157	258	225	224	29	257	206	212	226	285	0	|

--------------------------------------------------------------------------------
Building model...
	using lazy and cut (CVRPSEP package)
Solving IRP LP...
--------------------------------------------------------------------------------

Gurobi 9.1.0 (linux64) logging started Sat Feb  6 18:43:09 2021

Gurobi Optimizer version 9.1.0 build v9.1.0rc0 (linux64)
Thread count: 32 physical cores, 32 logical processors, using up to 2 threads
Optimize a model with 2659 rows, 17074 columns and 70714 nonzeros
Model fingerprint: 0x82af15a8
Variable types: 859 continuous, 16215 integer (690 binary)
Coefficient statistics:
  Matrix range     [1e+00, 7e+02]
  Objective range  [1e-01, 6e+02]
  Bounds range     [1e+00, 3e+02]
  RHS range        [1e+00, 6e+03]
Presolve removed 769 rows and 271 columns
Presolve time: 0.34s
Presolved: 1890 rows, 16803 columns, 64589 nonzeros
Variable types: 542 continuous, 16261 integer (15560 binary)

Root relaxation: objective 1.324580e+04, 1669 iterations, 0.11 seconds

    Nodes    |    Current Node    |     Objective Bounds      |     Work
 Expl Unexpl |  Obj  Depth IntInf | Incumbent    BestBd   Gap | It/Node Time

     0     0 13245.7990    0  168          - 13245.7990      -     -    1s
     0     0 13600.3246    0  161          - 13600.3246      -     -    2s
     0     0 13976.3269    0  250          - 13976.3269      -     -    3s
     0     0 14009.7949    0  276          - 14009.7949      -     -    4s
     0     0 14015.9182    0  253          - 14015.9182      -     -    4s
     0     0 14015.9182    0  255          - 14015.9182      -     -    4s
     0     0 14182.2859    0  351          - 14182.2859      -     -    5s
     0     0 14242.7011    0  360          - 14242.7011      -     -    5s
     0     0 14246.5454    0  344          - 14246.5454      -     -    6s
     0     0 14248.1018    0  346          - 14248.1018      -     -    6s
     0     0 14248.1088    0  347          - 14248.1088      -     -    6s
     0     0 14366.0419    0  400          - 14366.0419      -     -    7s
     0     0 14388.0749    0  375          - 14388.0749      -     -    9s
     0     0 14389.6097    0  407          - 14389.6097      -     -    9s
     0     0 14389.7610    0  405          - 14389.7610      -     -    9s
     0     0 14422.7392    0  365          - 14422.7392      -     -   10s
     0     0 14424.2012    0  350          - 14424.2012      -     -   10s
     0     0 14424.3249    0  373          - 14424.3249      -     -   10s
     0     0 14459.6106    0  363          - 14459.6106      -     -   11s
     0     0 14469.9024    0  406          - 14469.9024      -     -   12s
     0     0 14548.5952    0  410          - 14548.5952      -     -   12s
     0     0 14559.7864    0  439          - 14559.7864      -     -   12s
     0     0 14568.5484    0  446          - 14568.5484      -     -   12s
     0     0 14568.7319    0  444          - 14568.7319      -     -   13s
     0     0 14578.8795    0  381          - 14578.8795      -     -   13s
     0     0 14580.8042    0  337          - 14580.8042      -     -   13s
     0     0 14581.5387    0  374          - 14581.5387      -     -   14s
     0     0 14585.7766    0  418          - 14585.7766      -     -   14s
     0     0 14589.9274    0  417          - 14589.9274      -     -   15s
     0     2 14590.6861    0  292          - 14590.6861      -     -   19s
     3     6 14605.0771    2  499          - 14602.4804      -   714   20s
    26    29 14645.0629   11  454          - 14608.1626      -   546   25s
    62    69 14700.0977   21  421          - 14608.1626      -   480   30s
    92    97 14892.7958   29  188          - 14608.1626      -   486   35s
   112   124 14974.9398   35  264          - 14608.1626      -   468   44s
   123   139 14993.1224   38  222          - 14608.1626      -   443   45s
   182   193 15284.9391   57  256          - 14608.1626      -   380   50s
   250   265 15580.1160   81  291          - 14608.1626      -   352   55s
   305   324 15803.1055   97  215          - 14608.1626      -   343   60s
   377   387 15645.0274  102  274          - 14608.1626      -   333   65s
   477   539 17102.8188  178   80          - 14608.1626      -   296   70s
   677   698 16190.1432  144  152          - 14608.1626      -   227   75s
   853   967 20442.7686  358   17          - 14608.1626      -   191   80s
  1164  1154 19333.1400  298    8          - 14608.1626      -   147   85s
* 1210  1048             317    19826.800000 14617.2464  26.3%   145   88s
  1253  1003     cutoff  448      19826.8000 14617.2464  26.3%   144   94s
  1259  1004 16542.2762  145  417 19826.8000 14617.2464  26.3%   148  100s
  1262  1006 19570.8500  304  249 19826.8000 14617.2464  26.3%   148  105s
  1267  1009 19473.7600  288  521 19826.8000 14639.1867  26.2%   147  110s
  1278  1017 17977.3886  233  548 19826.8000 14674.8235  26.0%   146  117s
  1285  1021 18575.1005  259  593 19826.8000 14685.3920  25.9%   145  121s
  1291  1025 19747.7500  313  599 19826.8000 14689.0862  25.9%   145  139s
  1293  1027 18620.1641  265  712 19826.8000 14690.1263  25.9%   144  140s
  1297  1029 14690.8251   16  648 19826.8000 14690.8251  25.9%   144  145s
  1302  1033 17858.1670  232  720 19826.8000 14693.0149  25.9%   143  152s
  1305  1035 16609.5241  171  801 19826.8000 14694.7843  25.9%   143  156s
  1310  1038 18547.9912  256  714 19826.8000 14697.3844  25.9%   143  160s
  1315  1041 17976.6620  233  763 19826.8000 14698.2249  25.9%   142  166s
  1317  1043 15397.1181   59  756 19826.8000 14698.2249  25.9%   142  170s
  1324  1050 14717.7156   12  645 19826.8000 14713.2716  25.8%   177  175s
  1330  1054 15022.1381   13  567 19826.8000 14714.2608  25.8%   188  182s
  1334  1057 14739.7313   14  607 19826.8000 14714.2608  25.8%   193  185s
  1342  1064 14735.0905   16  587 19826.8000 14714.2608  25.8%   198  192s
  1348  1067 14813.6462   17  459 19826.8000 14714.2608  25.8%   205  195s
  1357  1073 14846.4624   19  376 19826.8000 14714.2608  25.8%   211  200s
  1366  1081 14752.4575   21  700 19826.8000 14714.2608  25.8%   215  205s
  1377  1090 14759.2395   24  704 19826.8000 14714.2608  25.8%   221  211s
  1396  1102 14775.8963   28  678 19826.8000 14714.2608  25.8%   225  215s
  1412  1113 14834.1709   31  498 19826.8000 14714.2608  25.8%   230  221s
  1427  1124 14826.3742   34  636 19826.8000 14714.2608  25.8%   234  226s
  1438  1132 14828.9394   37  603 19826.8000 14714.2608  25.8%   236  230s
  1461  1146 14892.8581   42  534 19826.8000 14714.2608  25.8%   240  236s
  1484  1168 15068.4912   47  401 19826.8000 14714.2608  25.8%   242  242s
  1505  1195 14906.3627   51  573 19826.8000 14714.2608  25.8%   243  248s
  1531  1193 14917.8421   55  437 19826.8000 14714.2608  25.8%   243  251s
  1538  1217 14952.6753   56  414 19826.8000 14714.2608  25.8%   244  255s
  1578  1244 14989.0771   61  427 19826.8000 14714.2608  25.8%   243  262s
  1604  1266 15011.5118   66  453 19826.8000 14714.2608  25.8%   243  266s
  1635  1258 15062.0728   71  411 19826.8000 14714.2608  25.8%   242  283s
  1637  1291 15137.3649   71  331 19826.8000 14714.2608  25.8%   242  286s
  1671  1301 15182.7254   77  329 19826.8000 14714.2608  25.8%   242  290s
  1718  1354 15196.8282   82  334 19826.8000 14714.2608  25.8%   239  298s
  1761  1400 15213.1903   88  350 19826.8000 14714.2608  25.8%   238  302s
  1821  1448 15394.9656   95  299 19826.8000 14714.2608  25.8%   235  306s
  1889  1500 15357.4499  104  314 19826.8000 14714.2608  25.8%   230  311s
  1964  1499 15427.4636  113  339 19826.8000 14714.2608  25.8%   226  317s
  1988  1523 15485.7548  119  312 19826.8000 14714.2608  25.8%   225  323s
  2020  1591 15499.1879  122  314 19826.8000 14714.2608  25.8%   223  328s
  2099  1646 15652.4140  132  250 19826.8000 14714.2608  25.8%   219  332s
  2180  1710 15668.1300  144  265 19826.8000 14714.2608  25.8%   215  337s
  2271  1801 15793.3012  157  228 19826.8000 14714.2608  25.8%   211  343s
  2383  1763 19083.2824  379  104 19826.8000 14714.2608  25.8%   206  345s
  2396  1833 16185.9505  174  256 19826.8000 14714.2608  25.8%   205  351s
  2495  1802 16235.8581  185  249 19826.8000 14714.2608  25.8%   201  367s
  2501  1831 16185.0081  186  262 19826.8000 14714.2608  25.8%   201  372s
  2534  1873 16438.1429  201  189 19826.8000 14714.2608  25.8%   201  377s
  2587  1916 16913.1513  226  207 19826.8000 14714.2608  25.8%   200  383s
  2648  2000 17415.3187  254  128 19826.8000 14714.2608  25.8%   199  389s
  2693  1985 17715.8906  276  106 19826.8000 14714.2608  25.8%   197  390s
  2752  2048 18296.4724  304   92 19826.8000 14739.7368  25.7%   195  397s
  2883  2030 14756.5066   13  786 19826.8000 14739.7368  25.7%   189  404s
  2888  2036 14828.9798   14  617 19826.8000 14739.7368  25.7%   191  409s
  2896  2041 14767.7736   14  706 19826.8000 14739.7368  25.7%   192  414s
  2904  2052 14833.0334   15  523 19826.8000 14739.7368  25.7%   194  419s
  2917  2054 14795.1255   17  690 19826.8000 14739.7368  25.7%   195  424s
  2924  2065 14797.3712   19  678 19826.8000 14739.7368  25.7%   196  429s
  2937  2071 14802.7894   19  583 19826.8000 14739.7368  25.7%   198  434s
  2947  2076 14835.1419   22  530 19826.8000 14739.7368  25.7%   200  440s
  2956  2079 14865.3657   24  491 19826.8000 14739.7368  25.7%   201  445s
  2962  2090 14880.1716   26  565 19826.8000 14739.7368  25.7%   202  451s
  2975  2096 14896.5491   27  531 19826.8000 14739.7368  25.7%   204  465s
  2985  2103 14938.2675   28  477 19826.8000 14739.7368  25.7%   205  470s
  2995  2122 14933.7000   31  473 19826.8000 14739.7368  25.7%   207  475s
  3018  2134 14977.1151   37  398 19826.8000 14739.7368  25.7%   208  480s
  3037  2151 15101.3269   40  305 19826.8000 14739.7368  25.7%   210  486s
  3061  2187 15091.1069   47  378 19826.8000 14739.7368  25.7%   211  491s
  3105  2220 15239.8262   55  271 19826.8000 14739.7368  25.7%   212  498s
  3152  2260 15304.0391   58  330 19826.8000 14739.7368  25.7%   212  505s
  3208  2315 15403.8779   66  257 19826.8000 14739.7368  25.7%   213  513s
  3282  2411 15748.8730   77  235 19826.8000 14739.7368  25.7%   213  522s
  3404  2516 15734.4032   92  206 19826.8000 14739.7368  25.7%   209  533s
  3468  2495 16843.1669  142   98 19826.8000 14739.7368  25.7%   208  535s
  3550  2655 15834.3352  104  196 19826.8000 14739.7368  25.7%   204  551s
H 3600  2479                    19121.480000 14739.7368  22.9%   203  552s
  3727  2437 17972.5643  195    8 19121.4800 14739.7368  22.9%   198  555s
  3794  2482 16045.8696  123  223 19121.4800 14739.7368  22.9%   196  564s
  3835  2513 16126.5054  138  146 19121.4800 14739.7368  22.9%   196  590s
  3880  2564 16297.8853  154  140 19121.4800 14739.7368  22.9%   196  628s
  3946  2613 16627.0243  175   85 19121.4800 14739.7368  22.9%   196  638s
  4011  2592 15033.4340   21  387 19121.4800 14739.7368  22.9%   195  640s
  4017  2677 16848.4536  186  110 19121.4800 14739.7368  22.9%   195  651s
  4104  2746 17457.2415  214   90 19121.4800 14747.9532  22.9%   195  669s
  4160  2727 17879.9215  224   25 19121.4800 14747.9532  22.9%   194  670s
  4254  2730 18641.1800  245   11 19121.4800 14756.9187  22.8%   192  685s
  4282  2736 18850.7600  252   17 19121.4800 14756.9187  22.8%   194  696s
  4300  2754 18977.3600  255   14 19121.4800 14762.2534  22.8%   195  708s
  4328  2768 19052.8900  263    - 19121.4800 14763.9973  22.8%   197  718s
  4348  2782 infeasible  266      19121.4800 14770.0777  22.8%   198  729s
  4368  2806 14915.5303   15  446 19121.4800 14770.0777  22.8%   201  740s
  4392  2831 14917.8860   18  365 19121.4800 14770.0777  22.8%   203  750s
  4417  2877 15365.1489   24  292 19121.4800 14770.0777  22.8%   205  761s
  4463  2935 15806.1200   38  235 19121.4800 14771.8234  22.7%   206  775s
  4539  2984 14856.3145   26  625 19121.4800 14771.8234  22.7%   206  790s
  4588  3048 15181.3856   33  492 19121.4800 14771.8234  22.7%   207  803s
  4652  3199 15418.5245   46  444 19121.4800 14771.8234  22.7%   208  818s
  4803  3392 15571.7222   63  442 19121.4800 14771.8234  22.7%   205  840s
  5040  3528 16264.1722   93  239 19121.4800 14772.7627  22.7%   200  866s
  5196  3543     cutoff  219      19121.4800 14788.3360  22.7%   197  885s
  5217  3558 15015.1366   30  555 19121.4800 14788.4403  22.7%   199  901s
  5236  3587 15173.6030   41  526 19121.4800 14788.4403  22.7%   201  916s
  5269  3665 15532.9444   62  210 19121.4800 14788.4403  22.7%   202  933s
  5325  3665 15821.0885  118  127 19121.4800 14788.4403  22.7%   201  935s
  5349  3734 16596.0641  136  144 19121.4800 14793.6731  22.6%   202  952s
  5436  3776 15111.0257   29  425 19121.4800 14793.6731  22.6%   201  971s
  5478  3847 15411.2144   44  469 19121.4800 14793.6731  22.6%   202  987s
  5549  4025 15997.6745   75  309 19121.4800 14795.4627  22.6%   203 1011s
  5757  4238 18676.1128  174   19 19121.4800 14802.4125  22.6%   200 1036s
  6013  4254     cutoff  188      19121.4800 14802.4142  22.6%   196 1060s
  6054  4277 15071.0489   32  489 19121.4800 14802.9082  22.6%   197 1079s
  6077  4336 15463.6968   37  241 19121.4800 14802.9082  22.6%   199 1099s
  6119  4336 16228.8641   60  101 19121.4800 14802.9082  22.6%   199 1100s
  6136  4492 16247.9281   61   99 19121.4800 14802.9082  22.6%   200 1123s
  6220  4492 17357.0834   92   62 19121.4800 14802.9082  22.6%   200 1125s
  6292  4631 17961.6737  104   21 19121.4800 14802.9103  22.6%   200 1149s
  6306  4632 18284.1698  111   31 19121.4800 14802.9103  22.6%   200 1150s
  6447  4788 18808.5394  116   68 19121.4800 14807.7449  22.6%   199 1176s
  6665  4804 15380.4142   37  230 19121.4800 14807.7771  22.6%   196 1234s
  6675  4813 15380.7563   38  237 19121.4800 14807.7771  22.6%   197 1258s
  6684  4971 15495.9259   45  178 19121.4800 14814.5665  22.5%   197 1281s
  6896  5161 18813.9441  178   56 19121.4800 14814.6393  22.5%   195 1309s
  6910  5161 18841.8285  192   10 19121.4800 14814.6393  22.5%   194 1310s
  7099  5213 15116.5404   22  524 19121.4800 14814.6506  22.5%   192 1332s
  7132  5251 15269.7440   32  473 19121.4800 14814.6506  22.5%   194 1353s
  7170  5313 15344.2172   37  393 19121.4800 14814.6506  22.5%   196 1373s
  7232  5513 15383.2428   46  427 19121.4800 14814.6506  22.5%   197 1408s
  7464  5721 15591.9881   56  300 19121.4800 14814.6506  22.5%   198 1445s
  7739  6010 15767.4800   91   36 19121.4800 14816.9587  22.5%   196 1491s
  7949  6021 16770.5267  154   56 19121.4800 14816.9587  22.5%   195 1495s
  8080  6180 17950.8700  184   25 19121.4800 14816.9699  22.5%   194 1530s
  8246  6309 18587.5610  202   36 19121.4800 14818.0876  22.5%   194 1566s
  8416  6325 15407.7747   49  343 19121.4800 14818.2320  22.5%   194 1580s
  8417  6368     cutoff  232      19121.4800 14818.3232  22.5%   193 1612s
  8494  6548 15398.1666   40  379 19121.4800 14823.2457  22.5%   195 1653s
  8537  6548 16179.2003   83  218 19121.4800 14823.2457  22.5%   195 1655s
  8701  6637 15019.3405   23  452 19121.4800 14826.3868  22.5%   195 1692s
  8773  6896 15229.7551   39  362 19121.4800 14826.3868  22.5%   196 1737s
  8871  6896 15625.2468   85   72 19121.4800 14826.3868  22.5%   197 1744s
  8885  6896 15822.9015   87  151 19121.4800 14826.3868  22.5%   197 1745s
  9082  7024 15491.6312   59  264 19121.4800 14827.3987  22.5%   195 1781s
  9234  7169 15221.2331   39  434 19121.4800 14827.4001  22.5%   196 1818s
  9333  7169 17035.0079  138   30 19121.4800 14827.4001  22.5%   195 1820s
H 9377  7394                    19118.700000 14827.4001  22.4%   196 1855s
  9688  7511     cutoff  207      19118.7000 14830.5642  22.4%   193 1891s
  9795  7529 16746.7690   44  165 19118.7000 14830.9328  22.4%   195 1923s
  9821  7647 15132.4750   33  305 19118.7000 14830.9328  22.4%   196 1953s
  9933  7648 16170.0351   43  157 19118.7000 14830.9328  22.4%   195 1955s
  9953  7722 17026.2511  129   55 19118.7000 14831.6944  22.4%   196 1986s
 10067  7785 18775.5300  167    - 19118.7000 14831.8676  22.4%   196 2018s
*10128  7715             167    18850.530000 14832.1690  21.3%   198 2054s
*10130  7687             167    18834.530000 14832.1690  21.3%   198 2054s
 10157  7690 15652.2756   49  205 18834.5300 14832.1690  21.3%   199 2055s
 10225  7825 18770.1300  167    - 18834.5300 14832.1734  21.3%   200 2093s
 10372  8110 18794.7500  167    - 18834.5300 14833.0334  21.2%   201 2134s
 10707  8202 18796.2900  167    - 18834.5300 14834.2068  21.2%   199 2175s
 10806  8307     cutoff  167      18834.5300 14835.8597  21.2%   200 2211s
 10931  8336 infeasible  166      18834.5300 14836.7077  21.2%   200 2250s
 10967  8397 15102.0642   36  393 18834.5300 14838.8183  21.2%   202 2285s
 11027  8581 15384.0442   48  235 18834.5300 14838.8183  21.2%   204 2325s
 11211  8986 15669.6947   80  137 18834.5300 14840.1266  21.2%   205 2378s
 11267  8991 15845.9470   99   27 18834.5300 14840.1266  21.2%   204 2380s
 11533  9034 17228.6859  199    4 18834.5300 14840.1266  21.2%   201 2385s
 11870  9095     cutoff  219      18834.5300 14840.7224  21.2%   198 2457s
 11898  9156 18767.2500  217    - 18834.5300 14841.3855  21.2%   198 2494s
 11929  9160     cutoff  178      18834.5300 14842.7409  21.2%   199 2495s
 11971  9299 18830.9179  217    4 18834.5300 14842.9086  21.2%   200 2534s
 12143  9423 infeasible  218      18834.5300 14843.0534  21.2%   199 2576s
 12288  9495 15101.9966   38  499 18834.5300 14843.0680  21.2%   200 2614s
 12338  9498 18638.1445  162   54 18834.5300 14843.0680  21.2%   200 2615s
 12387  9600 15286.9043   50  340 18834.5300 14843.0680  21.2%   201 2653s
 12470  9600 15576.3129   41  153 18834.5300 14843.0680  21.2%   202 2655s
 12481  9989 15453.6473   74  253 18834.5300 14846.4743  21.2%   202 2700s
 12980 10053 18096.7800  181    - 18834.5300 14847.5017  21.2%   198 2744s
 13040 10205 18175.9600  184    - 18834.5300 14847.5309  21.2%   198 2785s
 13256 10311 18576.1000  193    - 18834.5300 14849.5347  21.2%   198 2828s
 13357 10361     cutoff  193      18834.5300 14850.9451  21.2%   198 2866s
 13430 10363     cutoff  194      18834.5300 14852.1146  21.1%   200 2906s
 13439 10417 18811.6200  193    - 18834.5300 14854.0913  21.1%   200 2943s
 13500 10516 18826.2400  193   18 18834.5300 14856.1751  21.1%   201 2984s
 13536 10520 15691.4258   49  182 18834.5300 14856.1751  21.1%   202 2985s
 13611 10552     cutoff  194      18834.5300 14856.7103  21.1%   202 3023s
 13652 10623 18811.9900  192    - 18834.5300 14857.0358  21.1%   204 3063s
 13724 10706 18814.1900  192    - 18834.5300 14857.1312  21.1%   205 3098s
 13808 10869 18830.5600  192    - 18834.5300 14857.5055  21.1%   207 3149s
 13829 10870 16053.3665   90  141 18834.5300 14857.5126  21.1%   207 3155s
 14007 11125 15243.7284   30  225 18834.5300 14857.5126  21.1%   207 3202s
 14119 11125 15492.4289   73  156 18834.5300 14857.5126  21.1%   207 3205s
 14253 11524 15698.3642  107  109 18834.5300 14857.5341  21.1%   207 3253s
 14365 11524 16342.1966  125   80 18834.5300 14857.5341  21.1%   206 3255s
 14798 11824 18577.4600  156    - 18834.5300 14858.0381  21.1%   203 3302s
 15166 11926 18755.3600  156    - 18834.5300 14859.3260  21.1%   201 3345s
 15251 12045 18498.5000  154    6 18834.5300 14863.6683  21.1%   202 3386s
 15384 12220 18816.2500  163    - 18834.5300 14863.7008  21.1%   203 3433s
 15608 12341     cutoff  163      18834.5300 14864.0021  21.1%   202 3474s
 15634 12341 15406.0606   49  283 18834.5300 14864.0021  21.1%   202 3475s
 15734 12507 15607.8184   64  223 18834.5300 14865.9273  21.1%   202 3518s
 15818 12508 17723.8823  147    8 18834.5300 14865.9273  21.1%   202 3520s
 15966 12704 infeasible  188      18834.5300 14866.4838  21.1%   201 3564s
 15987 12704 15447.3794   46  373 18834.5300 14866.4838  21.1%   202 3571s
 16200 12753 15535.2230   53  311 18834.5300 14866.5245  21.1%   201 3600s

Cutting planes:
  User: 8599
  Gomory: 42
  Cover: 827
  Implied bound: 280
  Projected implied bound: 17
  Clique: 129
  MIR: 200
  StrongCG: 3
  Flow cover: 720
  GUB cover: 2
  Zero half: 117
  Network: 1
  RLT: 536
  Relax-and-lift: 16
  Lazy constraints: 3911

Explored 16257 nodes (3275575 simplex iterations) in 3601.08 seconds
Thread count was 2 (of 32 available processors)

Solution count 5: 18834.5 18850.5 19118.7 ... 19826.8

Time limit reached
Best objective 1.883453000000e+04, best bound 1.486652448877e+04, gap 21.0677%

User-callback calls 402118, time in user-callback 198.25 sec
================================================================================
executing instance: ./input/Instances/Original/1/absH3high_2n45.dat
--------------------------------------------------------------------------------
Instance details
n	46
H	3
C	3171
Li:
[0, 0, 0, 0, 0, 0, 0, 0, 0, 0, 0, 0, 0, 0, 0, 0, 0, 0, 0, 0, 0, 0, 0, 0, 0, 0, 0, 0, 0, 0, 0, 0, 0, 0, 0, 0, 0, 0, 0, 0, 0, 0, 0, 0, 0, 0, ]
Ui:
[0, 246, 160, 78, 20, 87, 144, 40, 20, 82, 60, 96, 24, 136, 160, 108, 160, 26, 228, 51, 24, 240, 231, 70, 32, 105, 174, 114, 246, 126, 132, 76, 22, 42, 255, 132, 148, 162, 66, 111, 102, 240, 123, 201, 297, 78, ]
Distance matrix:
|0	148	402	550	329	420	187	318	366	280	504	273	233	333	112	344	379	481	113	593	159	523	261	424	90	359	163	461	413	240	105	299	265	89	371	462	339	273	495	22	41	439	369	506	563	468	|
|148	0	284	517	394	284	136	369	244	311	496	166	329	355	223	202	338	388	204	565	254	506	118	346	71	423	173	471	336	118	105	352	198	105	248	428	302	305	487	153	179	441	230	497	517	370	|
|402	284	0	350	448	80	228	406	42	343	382	129	456	350	412	126	219	131	382	395	410	371	180	137	314	466	289	400	137	167	389	401	169	316	39	280	217	342	373	394	414	362	108	380	324	106	|
|550	517	350	0	339	429	385	308	374	295	93	375	431	249	481	461	180	239	458	48	445	57	474	214	496	333	387	160	216	424	601	321	320	471	376	90	217	301	93	530	534	146	452	88	52	262	|
|329	394	448	339	0	513	282	42	438	105	255	363	115	108	221	484	259	431	217	365	172	289	436	362	333	30	224	189	353	380	423	47	291	296	443	285	240	107	251	307	294	193	495	260	378	437	|
|420	284	80	429	513	0	267	473	76	408	462	163	509	421	449	86	298	201	421	474	455	451	167	217	330	533	333	478	217	181	386	466	225	341	70	360	291	406	453	416	438	440	59	460	400	176	|
|187	136	228	385	282	267	0	249	199	186	360	104	248	224	184	214	207	294	155	432	189	371	155	237	113	308	68	336	227	101	216	236	78	98	205	296	168	181	350	174	190	305	231	360	390	283	|
|318	369	406	308	42	473	249	0	397	66	229	325	128	67	216	447	218	389	206	337	168	260	402	320	311	61	196	167	311	345	406	19	252	275	403	248	198	70	223	296	286	164	457	233	344	395	|
|366	244	42	374	438	76	199	397	0	332	397	96	436	346	383	90	228	168	354	420	385	389	139	161	277	458	263	408	158	128	349	391	150	282	6	298	218	331	388	359	380	370	78	395	352	144	|
|280	311	343	295	105	408	186	66	332	0	231	259	142	53	191	380	171	337	173	332	150	257	337	267	258	127	139	182	258	280	359	58	186	223	338	222	143	6	224	258	254	164	390	234	323	340	|
|504	496	382	93	255	462	360	229	397	231	0	375	356	180	422	478	173	293	403	110	381	36	474	248	463	245	345	68	246	419	568	244	308	433	400	104	200	237	9	482	482	67	474	5	142	312	|
|273	166	129	375	363	163	104	325	96	259	375	0	347	283	288	121	202	221	259	423	292	376	99	183	186	386	170	370	175	52	269	315	76	187	102	288	177	256	365	265	285	333	133	374	365	204	|
|233	329	456	431	115	509	248	128	436	142	356	347	0	181	121	462	311	472	128	463	76	386	398	403	260	141	180	294	392	349	334	111	287	224	442	362	280	139	350	212	194	289	479	360	463	472	|
|333	355	350	249	108	421	224	67	346	53	180	283	181	0	244	403	152	324	226	283	201	207	369	256	307	118	186	129	247	311	409	74	208	273	351	183	136	59	173	311	307	113	410	183	282	331	|
|112	223	412	481	221	449	184	216	383	191	422	288	121	244	0	387	327	461	30	521	49	447	313	396	152	250	125	371	385	273	214	196	249	121	389	400	288	185	415	91	74	355	408	425	503	454	|
|344	202	126	461	484	86	214	447	90	380	478	121	462	403	387	0	305	256	360	508	400	473	84	250	255	507	282	482	246	115	302	437	196	271	90	382	288	377	469	343	367	444	28	476	441	232	|
|379	338	219	180	259	298	207	218	228	171	173	202	311	152	327	305	0	172	301	227	300	174	302	105	318	270	217	180	97	249	423	221	141	296	232	90	40	173	164	361	368	142	303	172	184	180	|
|481	388	131	239	431	201	294	389	168	337	293	221	472	324	461	256	172	0	432	280	446	273	300	70	400	442	337	330	80	271	490	391	217	391	167	191	194	339	286	468	483	294	239	289	203	26	|
|113	204	382	458	217	421	155	206	354	173	403	259	128	226	30	360	301	432	0	499	52	426	287	367	133	246	95	355	356	246	208	187	219	100	360	376	261	167	395	90	81	337	381	406	478	425	|
|593	565	395	48	365	474	432	337	420	332	110	423	463	283	521	508	227	280	499	0	482	77	521	260	542	356	431	178	262	472	647	352	368	516	422	137	264	338	114	573	576	174	499	106	78	304	|
|159	254	410	445	172	455	189	168	385	150	381	292	76	201	49	400	300	446	52	482	0	407	331	378	184	201	122	327	367	286	258	149	242	150	391	367	263	144	374	137	122	314	419	384	470	441	|
|523	506	371	57	289	451	371	260	389	257	36	376	386	207	447	473	174	273	426	77	407	0	475	234	477	280	363	104	234	422	583	275	313	449	392	91	205	263	38	503	504	97	468	31	108	294	|
|261	118	180	474	436	167	155	402	139	337	474	99	398	369	313	84	302	300	287	521	331	475	0	275	173	462	220	465	268	58	219	390	168	193	142	388	275	333	464	261	286	430	111	473	462	279	|
|424	346	137	214	362	217	237	320	161	267	248	183	403	256	396	250	105	70	367	260	378	234	275	0	348	374	274	274	11	234	444	321	159	335	163	145	124	269	239	409	422	237	239	245	191	76	|
|90	71	314	496	333	330	113	311	277	258	463	186	260	307	152	255	318	400	133	542	184	477	173	348	0	362	121	430	338	150	106	293	190	37	282	406	279	252	454	88	113	403	280	464	502	386	|
|359	423	466	333	30	533	308	61	458	127	245	386	141	118	250	507	270	442	246	356	201	280	462	374	362	0	252	178	365	406	453	73	313	325	463	286	254	130	242	336	324	187	517	250	374	449	|
|163	173	289	387	224	333	68	196	263	139	345	170	180	186	125	282	217	337	95	431	122	363	220	274	121	252	0	310	263	168	225	180	124	88	269	300	177	133	337	144	152	284	299	347	400	330	|
|461	471	400	160	189	478	336	167	408	182	68	370	294	129	371	482	180	330	355	178	327	104	465	274	430	178	310	0	269	408	534	184	297	398	412	142	194	188	66	439	436	38	482	73	206	345	|
