




arguments: ./build/bc_mirp -f ./input/orig_exec_138.cfg
Current dir: /scratch/gui/bc_mirp
File verbosity level: 9
date       time         ( uptime  ) [ thread name/id ]                   file:line     v| 
2021-02-08 02:20:13.687 (   0.027s) [main thread     ]             loguru.cpp:789   INFO| Logging to './output/vi_vc+hc3/OU/V5/Original/execution_08_02_2021_02_20_13.log', mode: 'a', verbosity: 9
--------------------------------------------------------------------------------
Parameters
                           instance_path           ./input/Instances/Original/3/
                            model_policy                                       1
                             nb_vehicles                                       5
                              output_dir      ./output/vi_vc+hc3/OU/V5/Original/
                            sec_strategy                                       1
                       solver_nb_threads                                       2
                         solver_show_log                                    true
                       solver_time_limit                                    3600
                              use_vi_cos                                   false
                              use_vi_cus                                   false
                         use_vi_hc1_full                                   false
                         use_vi_hc1_half                                   false
                      use_vi_hc1_quarter                                   false
                              use_vi_hc2                                   false
                              use_vi_hc3                                    true
                         use_vi_lex_full                                   false
                         use_vi_lex_half                                   false
                      use_vi_lex_quarter                                   false
                              use_vi_qua                                   false
                               use_vi_vc                                    true
                               use_vi_vr                                   false
--------------------------------------------------------------------------------
executing instance: ./input/Instances/Original/3/absH3low_2n5.dat
--------------------------------------------------------------------------------
Instance details
n	6
H	3
C	237
Li:
[0, 0, 0, 0, 0, 0, ]
Ui:
[0, 93, 180, 51, 114, 24, ]
Distance matrix:
|0	170	318	35	112	235	|
|170	0	311	205	258	301	|
|318	311	0	326	278	137	|
|35	205	326	0	89	230	|
|112	258	278	89	0	160	|
|235	301	137	230	160	0	|

--------------------------------------------------------------------------------
Building model...
	using lazy and cut (CVRPSEP package)
Solving IRP LP...
--------------------------------------------------------------------------------

Gurobi 9.1.0 (linux64) logging started Mon Feb  8 02:20:13 2021

Gurobi Optimizer version 9.1.0 build v9.1.0rc0 (linux64)
Thread count: 32 physical cores, 32 logical processors, using up to 2 threads
Optimize a model with 339 rows, 414 columns and 1914 nonzeros
Model fingerprint: 0xc310740a
Variable types: 99 continuous, 315 integer (90 binary)
Coefficient statistics:
  Matrix range     [1e+00, 2e+02]
  Objective range  [1e-02, 3e+02]
  Bounds range     [1e+00, 2e+02]
  RHS range        [1e+00, 5e+02]
Presolve removed 54 rows and 46 columns
Presolve time: 0.01s

Explored 0 nodes (0 simplex iterations) in 0.01 seconds
Thread count was 1 (of 32 available processors)

Solution count 0

Model is infeasible
Best objective -, best bound -, gap -

User-callback calls 34, time in user-callback 0.00 sec

Computing Irreducible Inconsistent Subsystem (IIS)...

           Constraints          |            Bounds           |  Runtime
      Min       Max     Guess   |   Min       Max     Guess   |
--------------------------------------------------------------------------
        0       309         -         0       569         -           0s
       36        36         -        61        61         -           1s

IIS computed: 36 constraints, 61 bounds
IIS runtime: 0.64 seconds
================================================================================
executing instance: ./input/Instances/Original/3/absH3high_5n30.dat
--------------------------------------------------------------------------------
Instance details
n	31
H	3
C	2296
Li:
[0, 0, 0, 0, 0, 0, 0, 0, 0, 0, 0, 0, 0, 0, 0, 0, 0, 0, 0, 0, 0, 0, 0, 0, 0, 0, 0, 0, 0, 0, 0, ]
Ui:
[0, 80, 90, 297, 28, 264, 123, 192, 112, 32, 72, 88, 294, 129, 126, 105, 110, 237, 246, 92, 72, 147, 54, 96, 128, 96, 84, 28, 74, 196, 192, ]
Distance matrix:
|0	87	302	65	389	171	219	120	412	339	129	63	169	401	383	158	393	161	246	275	64	287	345	235	13	274	106	201	85	358	135	|
|87	0	334	128	402	212	301	204	465	384	187	145	232	424	454	238	475	245	289	352	80	307	352	321	81	352	20	261	170	376	215	|
|302	334	0	239	113	132	237	334	157	70	404	263	162	105	227	229	339	251	65	217	259	53	107	352	293	220	339	134	270	75	235	|
|65	128	239	0	330	107	175	130	348	275	174	40	107	339	326	114	351	125	181	224	58	228	290	222	58	224	143	138	65	297	92	|
|389	402	113	330	0	226	349	438	210	151	502	360	269	48	316	339	441	362	175	328	335	102	55	465	377	330	401	245	371	37	342	|
|171	212	132	107	226	0	169	214	253	173	276	134	64	233	261	130	326	153	77	188	133	125	192	264	162	190	220	68	145	193	125	|
|219	301	237	175	349	169	0	157	257	223	244	157	105	334	180	62	175	61	177	63	233	264	334	118	221	61	317	112	136	312	85	|
|120	204	334	130	438	214	157	0	402	348	88	90	173	438	336	115	307	100	269	220	172	338	406	122	130	218	224	204	69	403	101	|
|412	465	157	348	210	253	257	402	0	88	486	359	245	166	129	287	266	303	178	204	386	208	239	370	406	207	473	212	354	187	304	|
|339	384	70	275	151	173	223	348	88	0	427	291	179	120	166	234	290	254	96	187	306	123	166	342	332	190	391	145	291	119	247	|
|129	187	404	174	502	276	244	88	486	427	0	142	248	508	424	200	390	187	342	308	193	400	464	192	142	306	207	281	136	469	182	|
|63	145	263	40	360	134	157	90	359	291	142	0	114	366	321	95	331	99	202	212	90	258	323	186	65	211	163	148	27	327	72	|
|169	232	162	107	269	64	105	173	245	179	248	114	0	266	222	71	268	94	97	131	155	173	244	203	164	132	245	34	113	233	73	|
|401	424	105	339	48	233	334	438	166	120	508	366	266	0	280	332	409	355	169	305	353	117	96	452	391	308	425	237	374	49	339	|
|383	454	227	326	316	261	180	336	129	166	424	321	222	280	0	231	137	238	208	116	376	277	331	272	381	118	467	197	307	285	253	|
|158	238	229	114	339	130	62	115	287	234	200	95	71	332	231	0	238	23	164	118	171	243	314	134	159	117	255	95	77	302	23	|
|393	475	339	351	441	326	175	307	266	290	390	331	268	409	137	238	0	232	300	138	408	383	445	204	395	136	492	258	308	406	260	|
|161	245	251	125	362	153	61	100	303	254	187	99	94	355	238	23	232	0	187	123	183	267	338	111	164	121	262	117	77	325	34	|
|246	289	65	181	175	77	177	269	178	96	342	202	97	169	208	164	300	187	0	168	210	87	157	290	238	171	296	70	206	138	170	|
|275	352	217	224	328	188	63	220	204	187	308	212	131	305	116	118	138	123	168	0	279	255	322	166	275	3	367	120	195	291	141	|
|64	80	259	58	335	133	233	172	386	306	193	90	155	353	376	171	408	183	210	279	0	236	289	276	51	279	90	182	117	307	150	|
|287	307	53	228	102	125	264	338	208	123	400	258	173	117	277	243	383	267	87	255	236	0	71	374	276	257	308	153	270	71	245	|
|345	352	107	290	55	192	334	406	239	166	464	323	244	96	331	314	445	338	157	322	289	71	0	445	334	325	350	224	337	54	315	|
|235	321	352	222	465	264	118	122	370	342	192	186	203	452	272	134	204	111	290	166	276	374	445	0	243	164	341	221	159	428	142	|
|13	81	293	58	377	162	221	130	406	332	142	65	164	391	381	159	395	164	238	275	51	276	334	243	0	274	100	196	89	347	136	|
|274	352	220	224	330	190	61	218	207	190	306	211	132	308	118	117	136	121	171	3	279	257	325	164	274	0	367	122	194	294	140	|
|106	20	339	143	401	220	317	224	473	391	207	163	245	425	467	255	492	262	296	367	90	308	350	341	100	367	0	272	188	377	232	|
|201	261	134	138	245	68	112	204	212	145	281	148	34	237	197	95	258	117	70	120	182	153	224	221	196	122	272	0	146	208	103	|
|85	170	270	65	371	145	136	69	354	291	136	27	113	374	307	77	308	77	206	195	117	270	337	159	89	194	188	146	0	337	54	|
|358	376	75	297	37	193	312	403	187	119	469	327	233	49	285	302	406	325	138	291	307	71	54	428	347	294	377	208	337	0	306	|
|135	215	235	92	342	125	85	101	304	247	182	72	73	339	253	23	260	34	170	141	150	245	315	142	136	140	232	103	54	306	0	|

--------------------------------------------------------------------------------
Building model...
	using lazy and cut (CVRPSEP package)
Solving IRP LP...
--------------------------------------------------------------------------------

Gurobi 9.1.0 (linux64) logging started Mon Feb  8 02:20:14 2021

Gurobi Optimizer version 9.1.0 build v9.1.0rc0 (linux64)
Thread count: 32 physical cores, 32 logical processors, using up to 2 threads
Optimize a model with 1789 rows, 8014 columns and 33664 nonzeros
Model fingerprint: 0xefa02d52
Variable types: 574 continuous, 7440 integer (465 binary)
Coefficient statistics:
  Matrix range     [1e+00, 5e+02]
  Objective range  [1e-01, 5e+02]
  Bounds range     [1e+00, 3e+02]
  RHS range        [1e+00, 4e+03]
Presolve removed 514 rows and 181 columns
Presolve time: 0.15s
Presolved: 1275 rows, 7833 columns, 30254 nonzeros
Variable types: 362 continuous, 7471 integer (7005 binary)

Root relaxation: objective 9.096652e+03, 1168 iterations, 0.04 seconds

    Nodes    |    Current Node    |     Objective Bounds      |     Work
 Expl Unexpl |  Obj  Depth IntInf | Incumbent    BestBd   Gap | It/Node Time

     0     0 9096.65241    0  143          - 9096.65241      -     -    0s
     0     0 9382.48655    0  123          - 9382.48655      -     -    0s
     0     0 9389.57164    0   89          - 9389.57164      -     -    0s
     0     0 9691.31876    0  212          - 9691.31876      -     -    1s
     0     0 9693.72030    0  206          - 9693.72030      -     -    1s
     0     0 9693.72083    0  207          - 9693.72083      -     -    1s
     0     0 9886.99686    0  226          - 9886.99686      -     -    1s
     0     0 9927.47865    0  241          - 9927.47865      -     -    1s
     0     0 9942.30785    0  236          - 9942.30785      -     -    1s
     0     0 9944.52143    0  228          - 9944.52143      -     -    1s
     0     0 9944.99338    0  248          - 9944.99338      -     -    1s
     0     0 10038.3345    0  300          - 10038.3345      -     -    2s
     0     0 10044.0165    0  284          - 10044.0165      -     -    3s
     0     0 10045.4575    0  304          - 10045.4575      -     -    3s
     0     0 10045.5948    0  318          - 10045.5948      -     -    3s
     0     0 10082.8685    0  337          - 10082.8685      -     -    3s
     0     0 10085.0987    0  306          - 10085.0987      -     -    3s
     0     0 10085.3476    0  323          - 10085.3476      -     -    3s
     0     0 10088.1710    0  323          - 10088.1710      -     -    3s
     0     0 10088.1710    0  309          - 10088.1710      -     -    4s
     0     2 10094.1071    0  288          - 10094.1071      -     -    5s
    38    41 10150.7281   12  341          - 10096.9391      -   410   10s
    83    89 10455.0414   27  233          - 10096.9391      -   394   15s
   131   145 10840.4821   43  162          - 10096.9391      -   379   20s
   221   256 11306.1147   82  121          - 10096.9391      -   303   25s
   458   463 11267.7589   75  175          - 10096.9391      -   180   30s
*  533   538             253    15511.920000 10096.9391  34.9%   161   32s
*  566   532             251    15233.160000 10097.0378  33.7%   157   34s
*  568   532             250    15198.040000 10097.0378  33.6%   157   34s
   571   550 10189.2598    5  376 15198.0400 10097.0378  33.6%   162   35s
   598   561 10235.4925    6  349 15198.0400 10097.0378  33.6%   164   41s
   625   589 10264.1879    6  460 15198.0400 10097.0378  33.6%   168   45s
   656   641 10239.4698    7  406 15198.0400 10097.0378  33.6%   170   50s
   691   676 10337.1825   11  344 15198.0400 10097.0378  33.6%   170   56s
   745   706 14064.2205  203  309 15198.0400 10097.0378  33.6%   163   60s
   751   710 11099.1017   68  377 15198.0400 10097.0378  33.6%   162   65s
   768   721 13602.2312  182  498 15198.0400 10169.7637  33.1%   158   70s
H  773   688                    14143.120000 10178.7144  28.0%   157   71s
   787   697 13104.4443  165  477 14143.1200 10184.4270  28.0%   154   75s
   797   704 14143.1200  206  503 14143.1200 10184.9452  28.0%   152   80s
   806   711 12279.1404  129  309 14143.1200 10184.9502  28.0%   170   85s
   813   716 12630.2404  151  458 14143.1200 10184.9502  28.0%   169   90s
   831   728 12069.2340  130  409 14143.1200 10191.9092  27.9%   165   96s
   842   735 10731.4866   38  502 14143.1200 10195.5334  27.9%   163  100s
   859   746 13529.1351  170  532 14143.1200 10198.7948  27.9%   160  105s
   868   752 13602.2312  182  562 14143.1200 10198.9304  27.9%   158  110s
   882   762 13107.2249  172  523 14143.1200 10200.3381  27.9%   156  115s
   895   774 10204.3010   26  583 14143.1200 10204.3010  27.8%   176  120s
   909   783 10296.9892   29  415 14143.1200 10211.2017  27.8%   185  125s
   917   788 10316.7570   31  418 14143.1200 10211.2017  27.8%   190  130s
   939   803 10339.0931   37  462 14143.1200 10211.2017  27.8%   198  137s
   948   811 10346.9472   39  421 14143.1200 10211.2017  27.8%   202  140s
   965   822 10366.4604   44  414 14143.1200 10211.2017  27.8%   209  146s
   971   826 10408.8444   45  339 14143.1200 10211.2017  27.8%   213  150s
   978   831 10447.1394   47  371 14143.1200 10211.2017  27.8%   218  155s
   994   843 10656.1559   50  199 14143.1200 10211.2017  27.8%   226  161s
  1010   857 10660.1863   53  248 14143.1200 10211.2017  27.8%   229  165s
  1030   872 10728.7204   59  305 14143.1200 10211.2017  27.8%   232  171s
  1053   883 10792.0086   65  245 14143.1200 10211.2017  27.8%   235  177s
  1074   904 10925.9904   72  143 14143.1200 10211.2017  27.8%   237  183s
  1087   920 11235.8512   77  226 14143.1200 10211.2017  27.8%   238  185s
  1108   919 11445.6434   84  138 14143.1200 10211.2017  27.8%   239  190s
  1145   960 11966.7584   98  139 14143.1200 10211.2017  27.8%   238  196s
H 1159   915                    13999.000000 10211.2017  27.1%   237  196s
  1192   953 12473.9847  114   86 13999.0000 10211.2017  27.1%   237  203s
  1216   973 12816.2823  124  120 13999.0000 10211.2017  27.1%   237  208s
  1246   998 12986.0844  135  134 13999.0000 10211.2017  27.1%   235  211s
  1321  1025 10744.2769   95  225 13999.0000 10211.2017  27.1%   227  215s
  1335  1056 13872.7181  170   29 13999.0000 10211.2017  27.1%   227  223s
  1392  1039 10779.4075   52  250 13999.0000 10211.2017  27.1%   221  228s
  1394  1066 10796.9860   53  212 13999.0000 10211.2017  27.1%   222  231s
  1450  1108 11232.3854   62  203 13999.0000 10211.2017  27.1%   222  238s
  1483  1105 11270.7211   66  217 13999.0000 10211.2017  27.1%   222  242s
  1491  1144 11376.2068   70  172 13999.0000 10211.2017  27.1%   223  245s
  1573  1235 11630.5451   79  321 13999.0000 10211.2017  27.1%   221  254s
  1653  1251 11592.0146   85  190 13999.0000 10211.2017  27.1%   215  258s
  1745  1259 11714.2474   93  158 13999.0000 10211.2017  27.1%   207  268s
  1816  1269 11806.2895  102  122 13999.0000 10211.2017  27.1%   203  272s
  1840  1288 12118.5752  112  119 13999.0000 10211.2017  27.1%   204  277s
  1867  1311 12244.8582  123   79 13999.0000 10211.2017  27.1%   205  281s
  1899  1333 12390.8272  138  150 13999.0000 10211.2017  27.1%   206  286s
  1931  1375 12788.2300  150   63 13999.0000 10211.2017  27.1%   207  293s
  1984  1404 13119.2347  173   66 13999.0000 10233.0613  26.9%   206  297s
H 1989  1342                    13871.440000 10233.0613  26.2%   206  297s
  2053  1328 10322.0748   30  492 13871.4400 10233.0613  26.2%   204  300s
  2062  1338 10312.5738   31  520 13871.4400 10233.0613  26.2%   205  305s
  2094  1367 10355.4287   37  447 13871.4400 10233.0613  26.2%   209  316s
  2114  1381 10442.8394   37  469 13871.4400 10233.0613  26.2%   212  322s
  2135  1378 10381.2791   40  507 13871.4400 10233.0613  26.2%   213  331s
  2139  1413 10394.1663   41  445 13871.4400 10233.0613  26.2%   213  336s
  2175  1445 10466.3745   47  512 13871.4400 10233.0613  26.2%   215  342s
  2219  1488 10559.1848   49  312 13871.4400 10233.0613  26.2%   215  349s
  2277  1512 10527.6802   50  393 13871.4400 10233.0613  26.2%   215  357s
  2320  1640 10566.6149   52  348 13871.4400 10233.0613  26.2%   215  364s
  2472  1640 10618.1913   53  316 13871.4400 10233.0613  26.2%   207  369s
  2509  1632 13491.1300  178    8 13871.4400 10233.0613  26.2%   207  370s
  2579  1633 10628.3781   57  362 13871.4400 10233.0613  26.2%   203  377s
  2591  1638 10683.3614   60  289 13871.4400 10233.0613  26.2%   205  382s
  2600  1656 10742.0047   64  300 13871.4400 10233.0613  26.2%   205  385s
  2638  1686 11024.2769   75  249 13871.4400 10233.0613  26.2%   210  393s
  2664  1722 11086.9259   80  228 13871.4400 10233.0613  26.2%   213  397s
  2708  1758 11561.7772   94  130 13871.4400 10233.0613  26.2%   213  403s
  2759  1815 11766.4036  108  137 13871.4400 10233.0613  26.2%   214  409s
  2833  1872 12336.1508  125   79 13871.4400 10233.0613  26.2%   212  414s
  2860  1863 12399.3250  135   99 13871.4400 10233.0613  26.2%   212  415s
  2917  1885 13582.3729  143    6 13871.4400 10233.0613  26.2%   212  421s
  2969  1891 13238.0118  159   22 13871.4400 10245.6782  26.1%   210  426s
* 2972  1688             160    13190.550000 10245.6782  22.3%   210  427s
* 2976  1688             161    13189.900000 10245.6782  22.3%   209  427s
  3001  1710 10411.2706   27  311 13189.9000 10245.6782  22.3%   210  431s
  3033  1735 10647.1537   42  411 13189.9000 10245.6782  22.3%   212  436s
  3058  1789 10930.7627   55  319 13189.9000 10245.6782  22.3%   215  441s
  3112  1849 11364.3744   87  174 13189.9000 10245.6783  22.3%   216  447s
  3196  1912     cutoff  127      13189.9000 10257.9756  22.2%   215  453s
  3259  2079 11200.2811   36   77 13189.9000 10260.7201  22.2%   216  460s
  3497  2098 infeasible   78      13189.9000 10270.2880  22.1%   207  467s
  3515  2146 10873.7757   34  309 13189.9000 10270.5831  22.1%   210  473s
  3563  2253 11339.3045   52  314 13189.9000 10270.5831  22.1%   211  479s
  3590  2253 11700.1371   79  246 13189.9000 10270.5831  22.1%   211  480s
  3694  2313 12002.3377   93  190 13189.9000 10284.5453  22.0%   208  487s
  3772  2361     cutoff  137      13189.9000 10288.7268  22.0%   208  494s
  3836  2445     cutoff  144      13189.9000 10288.9197  22.0%   208  501s
  3939  2469 10796.8611   42  332 13189.9000 10292.9459  22.0%   207  508s
  3968  2589 11132.1038   54  253 13189.9000 10296.9987  21.9%   209  517s
  4105  2679     cutoff  145      13189.9000 10297.0677  21.9%   206  526s
  4237  2729 10826.2649   34  460 13189.9000 10297.1850  21.9%   204  534s
  4275  2770 11138.3349   50  176 13189.9000 10297.1850  21.9%   206  541s
  4316  2833 11318.3912   58  160 13189.9000 10297.1850  21.9%   209  550s
  4379  2982 11590.3700   76  157 13189.9000 10297.1850  21.9%   211  560s
  4528  3121 12631.7845  123   82 13189.9000 10297.9430  21.9%   210  570s
  4700  3240     cutoff  152      13189.9000 10298.2062  21.9%   208  581s
  4848  3323 11277.4527   40  156 13189.9000 10304.7716  21.9%   207  594s
  4900  3323 12658.3071   92    7 13189.9000 10304.7716  21.9%   206  595s
  4953  3415 infeasible  112      13189.9000 10312.5738  21.8%   207  604s
  5054  3456 10529.9343   48  453 13189.9000 10312.5738  21.8%   206  614s
  5096  3571 10945.5645   69  359 13189.9000 10312.5738  21.8%   208  623s
  5223  3572 infeasible  124      13189.9000 10312.5738  21.8%   206  625s
  5232  3642 12148.0878  115  138 13189.9000 10313.6148  21.8%   207  635s
  5324  3697 10644.6578   46  351 13189.9000 10316.5577  21.8%   206  645s
  5380  3700 11321.4002   81  254 13189.9000 10316.5577  21.8%   208  669s
  5383  3879 11381.0443   83  250 13189.9000 10316.7636  21.8%   208  680s
  5603  3913     cutoff  170      13189.9000 10322.0917  21.7%   204  691s
  5634  4072 10962.6001   46  411 13189.9000 10325.2714  21.7%   206  704s
  5660  4072 11598.7679   72  123 13189.9000 10325.2714  21.7%   207  705s
  5828  4109 10590.5069   32  363 13189.9000 10327.1686  21.7%   205  716s
  5863  4201 10912.8388   40  393 13189.9000 10327.1686  21.7%   206  729s
  5905  4201 11580.4245   72  235 13189.9000 10327.1686  21.7%   208  730s
  5970  4220 10874.7106   45  357 13189.9000 10327.1686  21.7%   206  742s
  5989  4343 11078.9532   51  359 13189.9000 10329.5460  21.7%   207  756s
  6139  4417     cutoff  102      13189.9000 10329.5475  21.7%   206  768s
  6224  4445 10815.5668   39  466 13189.9000 10333.5899  21.7%   207  778s
  6252  4477 10981.1299   45  351 13189.9000 10333.5899  21.7%   210  788s
  6284  4529 11131.6920   51  251 13189.9000 10333.5899  21.7%   212  799s
  6310  4529 11340.5010   65  250 13189.9000 10333.5899  21.7%   213  800s
  6336  4591 11554.6752   66  142 13189.9000 10333.5899  21.7%   215  810s
  6398  4794 11877.3124   79  265 13189.9000 10333.5899  21.7%   217  825s
  6611  4983 12472.2080  108  181 13189.9000 10334.7384  21.6%   216  840s
  6859  5027     cutoff  150      13189.9000 10337.4583  21.6%   212  852s
  6899  5086     cutoff  150      13189.9000 10344.4995  21.6%   213  863s
  6959  5269 11032.9078   56  272 13189.9000 10344.4995  21.6%   214  876s
  7199  5296 infeasible  157      13189.9000 10345.2888  21.6%   211  888s
  7231  5364 10941.1919   36  310 13189.9000 10345.6149  21.6%   212  904s
  7299  5603 11471.8051   52   85 13189.9000 10347.0836  21.6%   214  923s
  7506  5608 12662.2431   99   28 13189.9000 10347.3531  21.6%   213  925s
  7602  5682     cutoff   85      13189.9000 10349.9349  21.5%   211  941s
  7683  5828 11899.7160   86  142 13189.9000 10353.5550  21.5%   213  959s
  7780  5833 11189.8978   64  208 13189.9000 10353.5837  21.5%   212  960s
  7867  5884     cutoff  136      13189.9000 10353.6585  21.5%   212  977s
  7922  6039 11319.9263   51  364 13189.9000 10353.9763  21.5%   214  996s
  8134  6087 infeasible  117      13189.9000 10354.2005  21.5%   212 1012s
  8186  6172 11271.7441   54  361 13189.9000 10354.8945  21.5%   214 1029s
  8278  6180     cutoff  153      13189.9000 10355.0038  21.5%   214 1030s
  8296  6280 10725.7954   33  325 13189.9000 10355.0038  21.5%   215 1045s
  8422  6460 11240.8020   42  159 13189.9000 10361.2906  21.4%   216 1066s
  8660  6586     cutoff   86      13189.9000 10365.6566  21.4%   215 1086s
  8825  6705 11942.2654   72  195 13189.9000 10366.9089  21.4%   215 1159s
  8877  6706 13153.1582  123   26 13189.9000 10366.9089  21.4%   214 1160s
  8940  6815 12661.3670  103   50 13189.9000 10367.9491  21.4%   215 1184s
  9042  6820 12622.9371  106   11 13189.9000 10371.4950  21.4%   215 1185s
  9093  6871     cutoff  122      13189.9000 10371.7619  21.4%   215 1204s
  9148  7068 11215.3628   44  161 13189.9000 10374.1313  21.3%   217 1231s
  9377  7280     cutoff  100      13189.9000 10374.2907  21.3%   217 1254s
  9506  7280 11980.1745   89   42 13189.9000 10374.2907  21.3%   217 1255s
  9623  7437 11912.4801   73  180 13189.9000 10375.0774  21.3%   215 1273s
  9801  7622 11063.1159   58  288 13189.9000 10377.0223  21.3%   215 1291s
 10016  7743     cutoff  153      13189.9000 10377.5785  21.3%   215 1311s
 10151  7800 10775.2871   48  479 13189.9000 10378.2408  21.3%   215 1329s
 10204  7895 10892.8249   58  320 13189.9000 10378.2408  21.3%   217 1347s
 10299  8171 11264.5212   87   54 13189.9000 10378.2408  21.3%   219 1371s
 10668  8330     cutoff  142      13189.9000 10379.1367  21.3%   216 1395s
 10839  8377     cutoff  143      13189.9000 10381.2833  21.3%   216 1417s
 10885  8458 10749.9761   39  117 13189.9000 10382.2899  21.3%   218 1437s
 10966  8585 11034.5854   70   87 13189.9000 10382.2899  21.3%   220 1458s
 11113  8703 13057.0827  119   14 13189.9000 10382.7792  21.3%   221 1478s
 11231  8797 infeasible  126      13189.9000 10382.9418  21.3%   222 1498s
 11397  8872 10641.4928   33  483 13189.9000 10383.0100  21.3%   222 1516s
 11438  9010 10691.2071   35  412 13189.9000 10383.0100  21.3%   224 1541s
 11578  9310 11743.1517   90   69 13189.9000 10384.4407  21.3%   225 1566s
 11960  9667 infeasible  134      13189.9000 10384.5656  21.3%   223 1592s
 12219  9672 12640.1779  147    8 13189.9000 10385.0591  21.3%   221 1595s
 12363  9716     cutoff  132      13189.9000 10385.0591  21.3%   220 1616s
 12400  9787 10775.9512   44  312 13189.9000 10386.5546  21.3%   221 1636s
 12471 10003 11218.0638   60  173 13189.9000 10386.8838  21.3%   223 1657s
 12733 10094 11175.9896   50  224 13189.9000 10387.3915  21.2%   222 1680s
 12841 10171 13064.4923  106   86 13189.9000 10388.2610  21.2%   222 1700s
H12865 10018                    13087.460000 10388.2610  20.6%   223 1700s
 12947 10075 10595.3831   48  440 13087.4600 10388.3268  20.6%   223 1719s
 12993 10276 10840.5850   55  395 13087.4600 10388.3268  20.6%   225 1742s
 13236 10512 11548.3281   99   33 13087.4600 10388.6412  20.6%   224 1767s
 13571 10671     cutoff  157      13087.4600 10391.5080  20.6%   222 1788s
 13722 10777 11776.5309   72  201 13087.4600 10392.8516  20.6%   222 1809s
H13815 10404                    12924.620000 10392.8550  19.6%   222 1809s
 13841 10404 11346.9117   66  150 12924.6200 10392.8550  19.6%   222 1810s
 13856 10582 11084.9965   50  295 12924.6200 10394.7961  19.6%   222 1831s
 14059 10697     cutoff  133      12924.6200 10399.2043  19.5%   222 1851s
 14187 10854 11524.9860   74  263 12924.6200 10400.0668  19.5%   222 1874s
 14313 10854 12228.1597   93   31 12924.6200 10400.0668  19.5%   222 1875s
 14371 10968 10505.5041   39  507 12924.6200 10400.3089  19.5%   222 1893s
 14501 11142 11447.7435   75  144 12924.6200 10401.3390  19.5%   222 1913s
 14727 11203 12894.4662  140   37 12924.6200 10401.6249  19.5%   222 1936s
 14785 11382 11029.7110   39  237 12924.6200 10403.0151  19.5%   223 1959s
 14811 11382 11406.0873   49  148 12924.6200 10403.0151  19.5%   223 1960s
 14989 11601 11756.2765   70   88 12924.6200 10403.7738  19.5%   223 1984s
 15285 11801     cutoff  108      12924.6200 10404.7195  19.5%   222 2007s
 15496 11938 12267.0145  131   79 12924.6200 10405.2460  19.5%   221 2030s
 15639 12092 11043.0113   57  243 12924.6200 10405.4294  19.5%   222 2056s
 15828 12245 11316.8852   44  103 12924.6200 10408.1284  19.5%   221 2077s
 16032 12300 12328.6900   91    - 12924.6200 10408.8454  19.5%   221 2098s
 16111 12421 10573.8807   34  349 12924.6200 10408.8770  19.5%   222 2119s
 16222 12577 10638.2553   45  491 12924.6200 10408.8770  19.5%   223 2143s
 16403 12709 10845.2472   57  247 12924.6200 10408.8770  19.5%   223 2165s
 16575 12880 11231.4340   80  162 12924.6200 10410.7990  19.4%   223 2189s
 16711 12891     cutoff  124      12924.6200 10411.2991  19.4%   223 2190s
 16770 12991 12295.9100  119    - 12924.6200 10411.5367  19.4%   223 2211s
 16898 13140 12555.6239  119   30 12924.6200 10413.1235  19.4%   223 2235s
 17114 13188 infeasible  106      12924.6200 10413.9251  19.4%   223 2255s
 17162 13275 11034.6103   51  315 12924.6200 10415.1902  19.4%   224 2275s
 17249 13512 11305.9741   65  227 12924.6200 10415.3824  19.4%   225 2300s
 17538 13635 11192.0838   42  293 12924.6200 10415.5237  19.4%   224 2327s
 17692 13792 infeasible   88      12924.6200 10415.9064  19.4%   225 2351s
 17889 13899 11310.8645   64  240 12924.6200 10417.5169  19.4%   225 2374s
 18012 14057 10942.3244   45  387 12924.6200 10419.2322  19.4%   225 2396s
 18194 14159 infeasible  125      12924.6200 10420.9749  19.4%   225 2420s
 18314 14341 11005.1721   43  159 12924.6200 10422.6803  19.4%   225 2449s
 18340 14341 11173.8669   59   56 12924.6200 10422.6803  19.4%   226 2450s
 18540 14541 12483.1352  112   18 12924.6200 10423.0135  19.4%   225 2473s
 18726 14651     cutoff  125      12924.6200 10423.0696  19.4%   225 2496s
 18872 14768 11291.3585   45  220 12924.6200 10423.3815  19.4%   225 2520s
 19010 14814 10729.1480   44  338 12924.6200 10424.5056  19.3%   226 2543s
 19056 15017 10905.2701   55  299 12924.6200 10424.5056  19.3%   227 2567s
 19291 15166 11371.2336   97  139 12924.6200 10425.0927  19.3%   227 2592s
 19470 15203     cutoff  149      12924.6200 10425.8476  19.3%   227 2613s
 19507 15244 10818.3585   47  466 12924.6200 10425.9004  19.3%   228 2635s
 19548 15414 10886.0659   57  453 12924.6200 10425.9004  19.3%   229 2658s
 19663 15417 11809.8018   85   35 12924.6200 10425.9004  19.3%   230 2660s
 19752 15615 11346.8603   76  188 12924.6200 10426.1265  19.3%   229 2687s
 19992 15702     cutoff  137      12924.6200 10427.8375  19.3%   229 2713s
 20110 15757     cutoff   79      12924.6200 10429.7024  19.3%   230 2738s
 20167 15873 11046.5103   50  391 12924.6200 10431.5606  19.3%   230 2761s
 20309 15912 10623.4083   50  408 12924.6200 10432.1353  19.3%   231 2784s
 20347 15992 10861.8331   61  288 12924.6200 10432.1353  19.3%   231 2805s
 20427 16300 11345.4547   76  199 12924.6200 10432.8153  19.3%   233 2831s
 20784 16389 10819.9856   50  297 12924.6200 10432.8369  19.3%   232 2856s
 20929 16487 10704.7560   39  404 12924.6200 10433.0039  19.3%   232 2877s
 21023 16687 11069.1831   54  143 12924.6200 10434.2535  19.3%   232 2901s
 21267 16746     cutoff  122      12924.6200 10434.4731  19.3%   232 2921s
 21325 16975 10951.2409   51  361 12924.6200 10437.1167  19.2%   233 2945s
 21592 17079     cutoff  108      12924.6200 10439.1889  19.2%   232 2967s
 21701 17177 11535.4956   58  330 12924.6200 10440.8339  19.2%   233 2988s
 21815 17214 10853.8002   48  398 12924.6200 10440.8339  19.2%   233 3015s
 21867 17344 11079.4968   51  299 12924.6200 10440.9132  19.2%   233 3037s
 22006 17519 10686.0958   49  433 12924.6200 10442.8342  19.2%   233 3059s
 22044 17519 11709.1684   87  105 12924.6200 10442.8342  19.2%   233 3060s
 22215 17671 infeasible  123      12924.6200 10442.9051  19.2%   233 3086s
 22412 17787 10753.7978   39  344 12924.6200 10444.3863  19.2%   233 3108s
 22566 17931 11410.5944   50  330 12924.6200 10445.0598  19.2%   233 3134s
 22750 18044 infeasible   91      12924.6200 10445.7350  19.2%   233 3157s
 22882 18163 11791.9435   74   77 12924.6200 10446.2138  19.2%   233 3180s
 23039 18335     cutoff  111      12924.6200 10447.1419  19.2%   233 3217s
 23255 18385     cutoff  131      12924.6200 10447.8385  19.2%   233 3251s
 23305 18585 11113.0376   47  341 12924.6200 10448.0863  19.2%   234 3280s
 23533 18713 10586.3581   43  477 12924.6200 10448.6343  19.2%   233 3301s
 23689 18760     cutoff  112      12924.6200 10449.6391  19.1%   234 3325s
 23747 18845 10961.5165   48  289 12924.6200 10449.6995  19.1%   234 3350s
 23831 19042 11421.0964   72  146 12924.6200 10450.1010  19.1%   235 3377s
 24061 19280 11110.6071   54  333 12924.6200 10451.0836  19.1%   235 3402s
 24313 19427 11584.8998   70  125 12924.6200 10451.2359  19.1%   234 3427s
 24484 19595 10653.3979   50  340 12924.6200 10452.0369  19.1%   234 3453s
 24661 19759 10620.4614   44  307 12924.6200 10452.1342  19.1%   234 3477s
 24854 19886 11211.5411   56  308 12924.6200 10452.1904  19.1%   234 3501s
 25039 20092 10891.5052   46  398 12924.6200 10453.1603  19.1%   234 3526s
 25325 20149     cutoff  119      12924.6200 10454.4204  19.1%   233 3550s
 25385 20268 11205.2329   56  318 12924.6200 10454.7743  19.1%   234 3575s
 25525 20356     cutoff  138      12924.6200 10454.8386  19.1%   234 3600s

Cutting planes:
  User: 8663
  Gomory: 28
  Cover: 506
  Implied bound: 159
  Projected implied bound: 7
  Clique: 48
  MIR: 213
  StrongCG: 2
  Flow cover: 346
  Zero half: 42
  RLT: 315
  Relax-and-lift: 14
  Lazy constraints: 4557

Explored 25611 nodes (6002327 simplex iterations) in 3600.75 seconds
Thread count was 2 (of 32 available processors)

Solution count 10: 12924.6 13087.5 13189.9 ... 15511.9

Time limit reached
Best objective 1.292462000000e+04, best bound 1.045483862592e+04, gap 19.1091%

User-callback calls 446268, time in user-callback 123.71 sec
================================================================================
executing instance: ./input/Instances/Original/3/absH3high_5n20.dat
--------------------------------------------------------------------------------
Instance details
n	21
H	3
C	1734
Li:
[0, 0, 0, 0, 0, 0, 0, 0, 0, 0, 0, 0, 0, 0, 0, 0, 0, 0, 0, 0, 0, ]
Ui:
[0, 40, 237, 68, 194, 144, 207, 114, 118, 207, 120, 72, 128, 48, 102, 237, 261, 135, 84, 184, 142, ]
Distance matrix:
|0	408	254	408	305	286	284	573	384	380	400	384	552	461	243	577	274	285	345	92	431	|
|408	0	189	21	111	218	178	168	182	283	211	86	158	222	191	168	136	320	219	318	87	|
|254	189	0	198	81	230	31	354	276	174	157	136	307	348	158	348	110	313	275	180	183	|
|408	21	198	0	118	204	190	165	163	302	230	105	169	202	184	170	134	306	202	317	107	|
|305	111	81	118	0	188	80	278	209	221	172	86	247	276	129	276	61	285	220	218	130	|
|286	218	230	204	188	0	249	342	102	401	360	260	373	176	73	360	128	103	60	202	290	|
|284	178	31	190	80	249	0	339	286	151	127	114	284	355	180	330	124	337	290	211	160	|
|573	168	354	165	278	342	339	0	262	411	330	229	118	248	342	37	298	434	316	482	194	|
|384	182	276	163	209	102	286	262	0	429	372	252	319	79	149	287	167	174	55	297	268	|
|380	283	174	302	221	401	151	411	429	0	82	197	318	491	331	390	274	488	439	331	219	|
|400	211	157	230	172	360	127	330	372	82	0	125	237	427	297	308	232	455	390	335	139	|
|384	86	136	105	86	260	114	229	252	197	125	0	171	303	210	217	143	361	278	301	47	|
|552	158	307	169	247	373	284	118	319	318	237	171	0	331	349	84	289	474	366	465	124	|
|461	222	348	202	276	176	355	248	79	491	427	303	331	0	228	279	241	226	119	375	308	|
|243	191	158	184	129	73	180	342	149	331	297	210	349	228	0	352	68	159	127	152	248	|
|577	168	348	170	276	360	330	37	287	390	308	217	84	279	352	0	303	455	339	486	177	|
|274	136	110	134	61	128	124	298	167	274	232	143	289	241	68	303	0	224	166	183	182	|
|285	320	313	306	285	103	337	434	174	488	455	361	474	226	159	455	224	0	119	224	393	|
|345	219	275	202	220	60	290	316	55	439	390	278	366	119	127	339	166	119	0	262	301	|
|92	318	180	317	218	202	211	482	297	331	335	301	465	375	152	486	183	224	262	0	347	|
|431	87	183	107	130	290	160	194	268	219	139	47	124	308	248	177	182	393	301	347	0	|

--------------------------------------------------------------------------------
Building model...
	using lazy and cut (CVRPSEP package)
Solving IRP LP...
--------------------------------------------------------------------------------

Gurobi 9.1.0 (linux64) logging started Mon Feb  8 03:20:16 2021

Gurobi Optimizer version 9.1.0 build v9.1.0rc0 (linux64)
Thread count: 32 physical cores, 32 logical processors, using up to 2 threads
Optimize a model with 1209 rows, 3849 columns and 16464 nonzeros
Model fingerprint: 0xb4c7688b
Variable types: 384 continuous, 3465 integer (315 binary)
Coefficient statistics:
  Matrix range     [1e+00, 3e+02]
  Objective range  [2e-01, 6e+02]
  Bounds range     [1e+00, 3e+02]
  RHS range        [1e+00, 3e+03]
Presolve removed 384 rows and 121 columns
Presolve time: 0.12s
Presolved: 825 rows, 3728 columns, 14116 nonzeros
Variable types: 242 continuous, 3486 integer (3176 binary)

Root relaxation: objective 8.179041e+03, 1182 iterations, 0.04 seconds

    Nodes    |    Current Node    |     Objective Bounds      |     Work
 Expl Unexpl |  Obj  Depth IntInf | Incumbent    BestBd   Gap | It/Node Time

     0     0 8179.04111    0   99          - 8179.04111      -     -    0s
     0     0 8567.49724    0  130          - 8567.49724      -     -    0s
     0     0 8643.73894    0  134          - 8643.73894      -     -    0s
     0     0 8645.53037    0  134          - 8645.53037      -     -    0s
     0     0 8859.74005    0  187          - 8859.74005      -     -    0s
     0     0 8897.28621    0  170          - 8897.28621      -     -    0s
     0     0 8899.80825    0  159          - 8899.80825      -     -    0s
     0     0 8899.80825    0  160          - 8899.80825      -     -    0s
     0     0 9049.99622    0  194          - 9049.99622      -     -    0s
     0     0 9098.00529    0  205          - 9098.00529      -     -    1s
     0     0 9100.86363    0  194          - 9100.86363      -     -    1s
     0     0 9103.19632    0  203          - 9103.19632      -     -    1s
     0     0 9103.20740    0  203          - 9103.20740      -     -    1s
     0     0 9228.44401    0  150          - 9228.44401      -     -    1s
     0     0 9279.34068    0  264          - 9279.34068      -     -    1s
     0     0 9307.73105    0  255          - 9307.73105      -     -    1s
     0     0 9310.00277    0  257          - 9310.00277      -     -    1s
     0     0 9310.53676    0  251          - 9310.53676      -     -    1s
     0     0 9344.99694    0  249          - 9344.99694      -     -    1s
     0     0 9352.13648    0  259          - 9352.13648      -     -    1s
     0     0 9353.03683    0  237          - 9353.03683      -     -    1s
     0     0 9381.68442    0  235          - 9381.68442      -     -    2s
     0     0 9382.51442    0  223          - 9382.51442      -     -    2s
     0     0 9383.98053    0  188          - 9383.98053      -     -    2s
     0     0 9384.39153    0  236          - 9384.39153      -     -    2s
     0     0 9388.61863    0  228          - 9388.61863      -     -    2s
     0     0 9396.76655    0  194          - 9396.76655      -     -    2s
     0     2 9397.82628    0  192          - 9397.82628      -     -    3s
    11    12 10564.6671    4  165          - 9422.33677      -   406    5s
   270   252 9662.48570    7  190          - 9422.44001      -   112   10s
*  445   408             162    15967.940000 9422.44001  41.0%  99.3   13s
   474   435 10031.9931   21  133 15967.9400 9422.44001  41.0%   105   15s
   551   521 11461.2323   58   57 15967.9400 9422.44001  41.0%   109   20s
   665   618 10272.5250   27   91 15967.9400 9483.80602  40.6%   115   25s
H  732   626                    13328.480000 9483.80602  28.8%   114   28s
   744   634 10796.3054   40  298 13328.4800 9550.10857  28.3%   112   30s
   761   646 10830.9670   46  356 13328.4800 9591.89357  28.0%   110   35s
   770   655 9903.41932   17  269 13328.4800 9646.43059  27.6%   130   40s
   795   675 10118.9976   23  130 13328.4800 9646.43059  27.6%   137   45s
   865   718 10491.3683   47   89 13328.4800 9646.43059  27.6%   138   50s
   986   778 11281.4901   72   80 13328.4800 9646.43059  27.6%   129   55s
H 1020   757                    13141.860000 9667.04158  26.4%   134   58s
  1048   779 10200.9255   30  165 13141.8600 9667.04158  26.4%   136   60s
  1126   835 10786.7944   58  142 13141.8600 9667.04158  26.4%   139   65s
  1342   943 10051.9043   32  118 13141.8600 9721.28076  26.0%   138   70s
* 1564  1027             108    13121.770000 9744.06412  25.7%   134   75s
  1753  1136 11680.0788   43  143 13121.7700 9760.73369  25.6%   131   80s
  1988  1272 10470.8334   27  181 13121.7700 9770.71442  25.5%   127   85s
  2280  1396 10678.5129   42  164 13121.7700 9796.51859  25.3%   121   91s
  2465  1528 10572.8888   52   79 13121.7700 9802.27997  25.3%   121   95s
  2756  1722 10066.0435   38  189 13121.7700 9802.46053  25.3%   119  103s
  2850  1790 10038.7381   28  188 13121.7700 9824.78410  25.1%   118  105s
  2933  1828 9951.43134   27  248 13121.7700 9829.73524  25.1%   117  111s
  3079  2001 11027.5635   51  110 13121.7700 9832.50910  25.1%   116  115s
  3389  2238 10478.2061   44  120 13121.7700 9838.13534  25.0%   113  121s
  3597  2310 10295.9354   26  169 13121.7700 9839.38033  25.0%   112  126s
  3765  2468 10756.1994   47   83 13121.7700 9839.38033  25.0%   112  131s
  3932  2678 infeasible   89      13121.7700 9842.09655  25.0%   113  136s
