




arguments: ./build/bc_mirp -f ./input/orig_exec_186.cfg
Current dir: /scratch/gui/bc_mirp
File verbosity level: 9
date       time         ( uptime  ) [ thread name/id ]                   file:line     v| 
2021-02-12 19:21:48.477 (   0.551s) [main thread     ]             loguru.cpp:789   INFO| Logging to './output/vi_vc+hc3/OU/V5/Original/execution_12_02_2021_19_21_48.log', mode: 'a', verbosity: 9
--------------------------------------------------------------------------------
Parameters
                           instance_path           ./input/Instances/Original/4/
                            model_policy                                       1
                             nb_vehicles                                       5
                              output_dir      ./output/vi_vc+hc3/OU/V5/Original/
                            sec_strategy                                       1
                       solver_nb_threads                                       2
                         solver_show_log                                    true
                       solver_time_limit                                    3600
                              use_vi_cos                                   false
                              use_vi_cus                                   false
                         use_vi_hc1_full                                   false
                         use_vi_hc1_half                                   false
                      use_vi_hc1_quarter                                   false
                              use_vi_hc2                                   false
                              use_vi_hc3                                    true
                         use_vi_lex_full                                   false
                         use_vi_lex_half                                   false
                      use_vi_lex_quarter                                   false
                              use_vi_qua                                   false
                               use_vi_vc                                    true
                               use_vi_vr                                   false
--------------------------------------------------------------------------------
executing instance: ./input/Instances/Original/4/absH3low_3n30.dat
--------------------------------------------------------------------------------
Instance details
n	31
H	3
C	2841
Li:
[0, 0, 0, 0, 0, 0, 0, 0, 0, 0, 0, 0, 0, 0, 0, 0, 0, 0, 0, 0, 0, 0, 0, 0, 0, 0, 0, 0, 0, 0, 0, ]
Ui:
[0, 246, 98, 54, 144, 171, 192, 180, 165, 98, 122, 198, 297, 144, 130, 129, 219, 138, 142, 150, 108, 66, 64, 285, 180, 204, 276, 168, 240, 198, 122, ]
Distance matrix:
|0	172	56	166	260	198	42	197	296	110	91	112	238	275	323	183	330	232	175	181	162	191	232	280	201	139	356	185	266	216	26	|
|172	0	178	223	320	335	153	355	444	62	231	99	333	376	214	352	176	235	194	106	47	41	353	161	299	175	225	43	326	374	153	|
|56	178	0	110	204	162	93	233	336	125	144	148	187	226	358	180	313	284	123	152	182	185	282	252	256	88	329	177	210	251	42	|
|166	223	110	0	102	150	199	327	431	194	253	237	113	156	431	228	296	386	44	140	248	208	389	218	366	48	287	200	108	344	148	|
|260	320	204	102	0	156	296	391	493	296	340	339	66	90	531	263	362	486	127	226	349	300	469	278	454	148	334	292	6	406	245	|
|198	335	162	150	156	0	239	255	351	286	245	307	93	106	518	111	442	423	194	280	344	335	349	367	352	182	437	327	158	266	199	|
|42	153	93	199	296	239	0	203	296	91	82	76	278	316	284	217	322	191	201	186	133	180	217	281	177	165	356	175	302	222	52	|
|197	355	233	327	391	255	203	0	104	294	125	266	340	361	436	151	524	276	352	377	330	383	109	477	146	319	553	377	395	19	222	|
|296	444	336	431	493	351	296	104	0	384	214	348	440	456	488	241	617	315	456	476	412	475	113	575	176	422	651	470	497	88	322	|
|110	62	125	194	296	286	91	294	384	0	171	55	298	340	238	292	233	210	176	118	58	91	298	201	248	148	273	87	302	313	94	|
|91	231	144	253	340	245	82	125	214	171	0	141	307	339	324	184	403	187	266	266	204	261	140	363	114	230	438	256	346	144	116	|
|112	99	148	237	339	307	76	266	348	55	141	0	332	373	212	292	275	156	225	173	64	137	254	253	200	194	322	135	345	284	108	|
|238	333	187	113	66	93	278	340	440	298	307	332	0	43	536	203	404	469	153	253	354	321	427	322	420	160	385	313	67	353	229	|
|275	376	226	156	90	106	316	361	456	340	339	373	43	0	578	216	443	507	194	295	397	364	453	361	451	203	421	356	88	372	268	|
|323	214	358	431	531	518	284	436	488	238	324	212	536	578	0	498	309	176	407	320	183	245	376	344	312	383	379	251	537	451	319	|
|183	352	180	228	263	111	217	151	241	292	184	292	203	216	498	0	492	371	266	328	345	364	255	426	272	242	501	356	266	159	198	|
|330	176	313	296	362	442	322	524	617	233	403	275	404	443	309	492	0	397	253	164	218	142	529	84	475	260	72	147	367	543	306	|
|232	235	284	386	486	423	191	276	315	210	187	156	469	507	176	371	397	0	379	327	188	276	202	396	139	346	456	277	492	289	242	|
|175	194	123	44	127	194	201	352	456	176	266	225	153	194	407	266	253	379	0	101	225	174	405	174	375	36	244	166	133	370	152	|
|181	106	152	140	226	280	186	377	476	118	266	173	253	295	320	328	164	327	101	0	148	76	403	100	360	98	177	69	232	396	155	|
|162	47	182	248	349	344	133	330	412	58	204	64	354	397	183	345	218	188	225	148	0	89	316	208	259	201	270	90	355	348	149	|
|191	41	185	208	300	335	180	383	475	91	261	137	321	364	245	364	142	276	174	76	89	0	388	119	336	162	185	8	306	402	169	|
|232	353	282	389	469	349	217	109	113	298	140	254	427	453	376	255	529	202	405	403	316	388	0	497	64	369	570	384	474	112	256	|
|280	161	252	218	278	367	281	477	575	201	363	253	322	361	344	426	84	396	174	100	208	119	497	0	449	187	77	119	283	496	255	|
|201	299	256	366	454	352	177	146	176	248	114	200	420	451	312	272	475	139	375	360	259	336	64	449	0	339	521	333	460	156	223	|
|139	175	88	48	148	182	165	319	422	148	230	194	160	203	383	242	260	346	36	98	201	162	369	187	339	0	260	153	154	337	116	|
|356	225	329	287	334	437	356	553	651	273	438	322	385	421	379	501	72	456	244	177	270	185	570	77	521	260	0	187	338	572	331	|
|185	43	177	200	292	327	175	377	470	87	256	135	313	356	251	356	147	277	166	69	90	8	384	119	333	153	187	0	298	396	163	|
|266	326	210	108	6	158	302	395	497	302	346	345	67	88	537	266	367	492	133	232	355	306	474	283	460	154	338	298	0	410	251	|
|216	374	251	344	406	266	222	19	88	313	144	284	353	372	451	159	543	289	370	396	348	402	112	496	156	337	572	396	410	0	241	|
|26	153	42	148	245	199	52	222	322	94	116	108	229	268	319	198	306	242	152	155	149	169	256	255	223	116	331	163	251	241	0	|

--------------------------------------------------------------------------------
Building model...
	using lazy and cut (CVRPSEP package)
Solving IRP LP...
--------------------------------------------------------------------------------

Gurobi 9.1.0 (linux64) logging started Fri Feb 12 19:21:48 2021

Gurobi Optimizer version 9.1.0 build v9.1.0rc0 (linux64)
Thread count: 32 physical cores, 32 logical processors, using up to 2 threads
Optimize a model with 1789 rows, 8014 columns and 33664 nonzeros
Model fingerprint: 0x0db6eaca
Variable types: 574 continuous, 7440 integer (465 binary)
Coefficient statistics:
  Matrix range     [1e+00, 6e+02]
  Objective range  [1e-02, 7e+02]
  Bounds range     [1e+00, 3e+02]
  RHS range        [1e+00, 5e+03]
Presolve removed 514 rows and 181 columns
Presolve time: 0.18s
Presolved: 1275 rows, 7833 columns, 30254 nonzeros
Variable types: 362 continuous, 7471 integer (7003 binary)

Root relaxation: objective 2.465332e+03, 1642 iterations, 0.08 seconds

    Nodes    |    Current Node    |     Objective Bounds      |     Work
 Expl Unexpl |  Obj  Depth IntInf | Incumbent    BestBd   Gap | It/Node Time

     0     0 2465.33247    0  107          - 2465.33247      -     -    0s
     0     0 2652.00701    0  137          - 2652.00701      -     -    0s
     0     0 3165.07011    0  145          - 3165.07011      -     -    1s
     0     0 3171.43224    0  166          - 3171.43224      -     -    1s
     0     0 3171.94148    0  171          - 3171.94148      -     -    1s
     0     0 3327.76612    0  232          - 3327.76612      -     -    1s
     0     0 3407.90593    0  238          - 3407.90593      -     -    1s
     0     0 3432.98331    0  266          - 3432.98331      -     -    2s
     0     0 3437.72940    0  227          - 3437.72940      -     -    2s
     0     0 3437.90659    0  235          - 3437.90659      -     -    2s
     0     0 3546.66357    0  252          - 3546.66357      -     -    2s
     0     0 3568.73857    0  247          - 3568.73857      -     -    3s
     0     0 3586.58360    0  276          - 3586.58360      -     -    4s
     0     0 3588.77628    0  269          - 3588.77628      -     -    4s
     0     0 3589.19099    0  269          - 3589.19099      -     -    4s
     0     0 3614.99283    0  296          - 3614.99283      -     -    4s
     0     0 3633.17899    0  262          - 3633.17899      -     -    4s
     0     0 3649.81421    0  302          - 3649.81421      -     -    4s
     0     0 3661.41562    0  298          - 3661.41562      -     -    4s
     0     0 3667.35434    0  350          - 3667.35434      -     -    5s
     0     0 3667.48417    0  306          - 3667.48417      -     -    5s
     0     0 3682.80523    0  317          - 3682.80523      -     -    5s
     0     0 3683.60066    0  348          - 3683.60066      -     -    5s
     0     0 3688.53892    0  302          - 3688.53892      -     -    5s
     0     0 3688.53892    0  260          - 3688.53892      -     -    6s
     0     2 3691.96261    0  246          - 3691.96261      -     -    7s
    23    26 3729.81047    8  373          - 3698.82057      -   454   10s
    85    91 3896.11782   26  315          - 3698.82057      -   421   15s
   190   205 4648.00711   52  153          - 3698.82057      -   322   20s
   437   514 6186.68069   97   87          - 3698.82057      -   185   25s
   748   773 8708.68000  207    7          - 3701.13735      -   122   30s
   806   782 9754.33000  253  442          - 3701.13735      -   117   35s
   822   793 9071.01500  229  546          - 3804.43793      -   115   40s
   834   801 4561.51634   50  617          - 3819.05685      -   113   45s
   854   814 4980.65448   54  659          - 3839.19948      -   111   50s
   865   821 5612.12633   73  593          - 3840.38835      -   109   55s
   878   832 3840.38835    5  398          - 3840.38835      -   128   60s
   890   840 3924.25425   26  446          - 3841.61251      -   127   65s
   900   846 8318.37330  193  476          - 3843.55213      -   125   70s
   905   850 8280.19036  181  447          - 3845.46048      -   125   75s
   908   855 3852.76585   29  554          - 3850.01114      -   143   83s
   912   857 3863.36339   30  484          - 3855.67000      -   147   85s
   930   872 3888.12512   34  361          - 3886.20639      -   161   90s
   952   888 3902.77573   38  431          - 3886.20639      -   172   95s
   998   921 3981.83251   48  396          - 3886.20639      -   186  100s
  1044   959 4009.69331   55  403          - 3886.20639      -   197  105s
  1115  1005 4064.26992   63  409          - 3886.20639      -   200  110s
  1212  1083 4139.14750   77  291          - 3886.20639      -   202  115s
  1240  1101 4318.28997   84  234          - 3886.20639      -   202  132s
  1356  1197 4430.72143  111  181          - 3886.20639      -   197  136s
  1521  1347 4744.98030  141  156          - 3886.20639      -   187  140s
H 1672  1343                    6542.0900000 3886.20639  40.6%   177  142s
  1699  1336 4894.27054  163  121 6542.09000 3886.20639  40.6%   175  147s
H 1700  1226                    5778.1200000 3886.20639  32.7%   175  147s
  1747  1238 5076.94470  172  100 5778.12000 3886.20639  32.7%   173  150s
  1803  1257 5102.25166  193  161 5778.12000 3886.20639  32.7%   174  155s
  1873  1338 5211.86936  218  132 5778.12000 3886.20639  32.7%   176  161s
  1956  1377 5245.78495  252  128 5778.12000 3886.20639  32.7%   175  167s
  1977  1395 5525.43084  262   89 5778.12000 3886.20639  32.7%   174  171s
  2039  1432 3933.37687   41  556 5778.12000 3899.14271  32.5%   173  175s
  2162  1521 3987.73590   46  543 5778.12000 3899.14271  32.5%   172  181s
  2265  1593 4131.22241   48  509 5778.12000 3899.14271  32.5%   171  187s
  2394  1550 4123.08095   50  386 5778.12000 3899.14271  32.5%   166  191s
  2411  1589 4186.47839   53  432 5778.12000 3899.14271  32.5%   168  195s
  2472  1640 4283.62267   73  239 5778.12000 3899.14271  32.5%   170  200s
  2598  1764 4538.35852  101  279 5778.12000 3899.14271  32.5%   167  206s
  2680  1841 4567.72399  109  189 5778.12000 3899.14271  32.5%   164  210s
  2872  1942 4917.32627  188  197 5778.12000 3899.14271  32.5%   161  216s
  2983  2057 5070.36219  256  216 5778.12000 3899.14271  32.5%   158  220s
  3231  2294 5457.53712  339  209 5778.12000 3899.14271  32.5%   151  228s
  3479  2398 5578.74652  428  197 5778.12000 3909.82950  32.3%   144  232s
  3601  2468 4073.87735   36  567 5778.12000 3909.82950  32.3%   142  235s
  3862  2633 4329.54248   31  550 5778.12000 3909.82950  32.3%   138  241s
  3872  2671 4822.46246   37  344 5778.12000 3921.60325  32.1%   140  245s
  3957  2710 4119.61423   44  455 5778.12000 3921.81842  32.1%   143  251s
  4016  2882 4453.11468   64   93 5778.12000 3921.81842  32.1%   146  257s
  4153  3087 5147.77683  138   78 5778.12000 3925.15915  32.1%   144  261s
  4370  3187 4417.32150   35  462 5778.12000 3925.15915  32.1%   141  270s
  4470  3360 4550.55437   39  333 5778.12000 3925.15915  32.1%   141  280s
  4643  3422 4954.96674   48  166 5778.12000 3925.15915  32.1%   139  286s
  4739  3484 5145.32384   56  146 5778.12000 3936.48949  31.9%   138  297s
  4809  3487 4361.06212   43  188 5778.12000 3936.48949  31.9%   140  304s
  4812  3589 4428.13292   45  276 5778.12000 3958.13580  31.5%   140  311s
  4933  3703 4295.21947   43  500 5778.12000 3958.38913  31.5%   140  317s
  5047  3857 4575.47544   64  279 5778.12000 3958.38913  31.5%   140  324s
  5204  3857 5757.80835  196  110 5778.12000 3958.38913  31.5%   138  325s
  5219  3983 5386.21523  163  163 5778.12000 3972.30621  31.3%   138  331s
  5357  4182 4660.65488   46  114 5778.12000 3972.30621  31.3%   138  338s
  5505  4182 5505.65507  163  197 5778.12000 3972.30621  31.3%   137  340s
  5570  4372 5000.29764   97   70 5778.12000 3991.75531  30.9%   136  348s
  5792  4589 4323.48800   52  411 5778.12000 3991.75531  30.9%   135  360s
  6011  4596     cutoff  154      5778.12000 3992.94188  30.9%   133  399s
  6040  4621 4201.88295   35  536 5778.12000 3992.99755  30.9%   135  416s
  6065  4659 4309.72935   42  490 5778.12000 3992.99755  30.9%   137  422s
  6103  4710 4468.47548   50  491 5778.12000 3992.99755  30.9%   140  429s
  6154  4874 4594.45834   66  360 5778.12000 3992.99755  30.9%   142  436s
  6318  5077 4739.98343   87  238 5778.12000 3992.99755  30.9%   141  445s
  6541  5179 5056.81489  127  204 5778.12000 3992.99755  30.9%   139  454s
  6630  5179 4211.83822   32  532 5778.12000 3992.99755  30.9%   139  455s
  6643  5302 5347.09155  198  210 5778.12000 3992.99755  30.9%   140  462s
  6774  5405 5751.70076  289  198 5778.12000 4000.75867  30.8%   139  469s
  6891  5509 4419.15959   61  395 5778.12000 4000.75867  30.8%   140  477s
  7007  5570 5478.64847  107  118 5778.12000 4005.81723  30.7%   140  485s
  7087  5674 4369.27448   55  458 5778.12000 4005.81723  30.7%   140  493s
  7191  5701 5732.63820  114  107 5778.12000 4006.06642  30.7%   141  509s
  7244  5818 4728.93623   61  201 5778.12000 4010.24064  30.6%   143  519s
  7377  6037 4614.03179   52  385 5778.12000 4010.26662  30.6%   143  529s
  7432  6037 5141.99728  107  180 5778.12000 4010.26662  30.6%   144  530s
  7613  6220 5500.09837  142  252 5778.12000 4013.21815  30.5%   142  542s
  7838  6261 4306.15544   58  393 5778.12000 4018.31939  30.5%   142  552s
  7879  6426 4489.85084   70  142 5778.12000 4018.31939  30.5%   144  563s
  8044  6557 5005.05302  105  178 5778.12000 4020.70366  30.4%   145  586s
  8224  6739 4443.25682   41  323 5778.12000 4020.88106  30.4%   145  599s
  8306  6739 5328.50784  123   53 5778.12000 4020.88106  30.4%   145  600s
  8426  6819 4193.92784   49  511 5778.12000 4023.30355  30.4%   145  612s
  8532  6881 4748.16835   71  249 5778.12000 4025.92371  30.3%   146  624s
  8612  7006 4290.15353   55  492 5778.12000 4025.92371  30.3%   147  635s
  8765  7129 5132.64349  102  212 5778.12000 4026.33773  30.3%   147  646s
  8912  7246 5011.34315   63  187 5778.12000 4026.70403  30.3%   148  656s
  9063  7324 4478.52623   51  388 5778.12000 4027.58064  30.3%   149  689s
  9159  7462 4488.37464   45  231 5778.12000 4027.58064  30.3%   149  700s
  9297  7671 5398.58499  133   71 5778.12000 4027.82666  30.3%   149  713s
  9536  7784 4565.61191   63  304 5778.12000 4031.10274  30.2%   149  728s
  9669  7851 5728.30521  135  178 5778.12000 4033.04273  30.2%   149  740s
  9753  7965 4419.45335   52  481 5778.12000 4034.92477  30.2%   150  754s
  9867  8079 4779.02927   79  279 5778.12000 4034.92477  30.2%   150  823s
  9999  8135 infeasible  187      5778.12000 4035.76304  30.2%   151  836s
 10085  8192 4609.92431   68  148 5778.12000 4039.68591  30.1%   152  848s
 10169  8227 4347.58259   62  377 5778.12000 4039.68591  30.1%   153  868s
H10200  7578                    5625.1200000 4039.68591  28.2%   154  868s
 10201  7753 4565.85711   69  293 5625.12000 4039.89414  28.2%   154  882s
 10427  7831 infeasible  146      5625.12000 4044.65168  28.1%   154  895s
 10508  8040 4577.90460   58  385 5625.12000 4050.46514  28.0%   155  910s
 10745  8082 4219.76112   48  540 5625.12000 4050.80576  28.0%   154  924s
 10787  8154 4656.06886   66  407 5625.12000 4050.80576  28.0%   155  938s
 10859  8156 5246.97116  102  317 5625.12000 4050.80576  28.0%   155  951s
 10861  8274 5246.99115  103  324 5625.12000 4052.94256  27.9%   155  964s
 11004  8464 4572.97310   64  402 5625.12000 4055.69328  27.9%   155  977s
 11216  8660 4309.13800   51  334 5625.12000 4056.54283  27.9%   155  992s
 11421  8710     cutoff  134      5625.12000 4065.03502  27.7%   155 1006s
 11487  8908 4911.44005   66  288 5625.12000 4065.47147  27.7%   156 1020s
 11714  9065 4795.73090   65  143 5625.12000 4068.95665  27.7%   156 1037s
 11882  9147 4765.95630   37  438 5625.12000 4069.81871  27.6%   156 1053s
 11980  9274 4489.81908   37  507 5625.12000 4073.87735  27.6%   157 1066s
 12131  9373 4344.89272   48  354 5625.12000 4074.68675  27.6%   158 1118s
 12239  9489 5043.79377   83  306 5625.12000 4074.77581  27.6%   159 1133s
*12294  9461             128    5620.4200000 4078.13524  27.4%   159 1133s
 12376  9633 4708.93324   64  137 5620.42000 4081.71995  27.4%   160 1150s
 12748  9726     cutoff  132      5620.42000 4083.29260  27.3%   158 1165s
 12859  9827 4180.95349   43  460 5620.42000 4083.29260  27.3%   158 1178s
 12964  9936     cutoff  122      5620.42000 4084.25470  27.3%   159 1193s
 13114 10101 5375.44384  112  180 5620.42000 4086.62986  27.3%   159 1207s
 13304 10228 5268.29856   96  107 5620.42000 4089.08477  27.2%   159 1218s
 13443 10410 4646.82971   60  278 5620.42000 4089.11683  27.2%   159 1251s
 13661 10529 4333.88590   68  461 5620.42000 4095.34479  27.1%   159 1269s
 13793 10835 4467.17506   51  390 5620.42000 4095.34479  27.1%   160 1287s
 14031 10835 5278.69510  127   45 5620.42000 4095.34479  27.1%   159 1304s
 14122 10922 5305.99667  178   90 5620.42000 4095.79802  27.1%   158 1317s
 14224 11052 4515.91526   52  446 5620.42000 4096.14007  27.1%   159 1336s
H14337  9049                    5398.8900000 4096.18523  24.1%   159 1336s
 14398  9070 4270.97980   39  623 5398.89000 4096.18523  24.1%   159 1351s
 14432  9211 4585.50038   55  435 5398.89000 4097.33536  24.1%   160 1365s
 14591  9323 4456.29008   49  183 5398.89000 4098.05727  24.1%   160 1381s
 14703  9419 5261.26029  134  121 5398.89000 4102.74400  24.0%   161 1402s
 14817  9497 5165.14411   75  143 5398.89000 4103.44806  24.0%   161 1440s
 14923  9623 4883.57912   80  371 5398.89000 4104.84575  24.0%   161 1456s
 15083  9733 4918.01174   91   91 5398.89000 4106.95986  23.9%   162 1472s
 15222  9787 4728.90768   41  250 5398.89000 4107.06611  23.9%   162 1487s
 15278  9844 5342.28157   55  179 5398.89000 4107.14525  23.9%   163 1503s
 15370 10029 4433.78638   53  435 5398.89000 4107.46062  23.9%   164 1517s
 15573 10071 5386.66699  124  166 5398.89000 4109.05434  23.9%   163 1534s
 15625 10142 5183.06381   57  295 5398.89000 4111.73580  23.8%   164 1586s
 15718 10189 4608.25657   50  374 5398.89000 4112.07267  23.8%   165 1603s
 15765 10421 5036.16616   64  183 5398.89000 4112.07836  23.8%   166 1620s
 16028 10477     cutoff  261      5398.89000 4114.19695  23.8%   165 1637s
 16092 10530 4539.66666   42  170 5398.89000 4114.19695  23.8%   166 1685s
 16147 10609 4678.66336   50  193 5398.89000 4114.19695  23.8%   167 1712s
 16251 10714 4915.95591   78   89 5398.89000 4114.19695  23.8%   168 1728s
 16336 10714 5195.86238  120   76 5398.89000 4114.19695  23.8%   168 1778s
 16360 10788 5199.23703  124   75 5398.89000 4116.29537  23.8%   168 1796s
 16576 11030 4557.95551   58  356 5398.89000 4119.46131  23.7%   168 1819s
 16627 11030 5074.26636  109   54 5398.89000 4119.46131  23.7%   168 1820s
 16836 11135 4278.44064   50  525 5398.89000 4119.61423  23.7%   167 1837s
 16951 11303 5015.01547   84  139 5398.89000 4120.85448  23.7%   167 1856s
 16988 11303 5272.25052  121  103 5398.89000 4120.85448  23.7%   167 1897s
 17141 11367 4492.07665   55  196 5398.89000 4120.88671  23.7%   167 1915s
 17205 11612 4786.59120   77  214 5398.89000 4121.70943  23.7%   168 1934s
 17251 11612 5136.03722   98  107 5398.89000 4121.70943  23.7%   168 1935s
 17495 11694 4333.55638   47  448 5398.89000 4124.43727  23.6%   167 1954s
 17608 11767 4289.49063   42  456 5398.89000 4124.57768  23.6%   168 1969s
 17688 11813 5191.58286   71  198 5398.89000 4125.15956  23.6%   169 1985s
 17744 11919 4568.68035   49  318 5398.89000 4125.29982  23.6%   169 2001s
 17876 12035 4383.41084   36  384 5398.89000 4126.22570  23.6%   169 2020s
 18005 12060     cutoff   86      5398.89000 4126.61441  23.6%   170 2039s
 18039 12080 4878.67526   58  274 5398.89000 4126.61929  23.6%   171 2055s
H18045 11489                    5347.5000000 4126.61929  22.8%   171 2055s
 18059 11514 4869.74079   60  191 5347.50000 4126.61929  22.8%   172 2079s
H18080 11461                    5344.5000000 4126.61929  22.8%   172 2080s
 18084 11550 4947.09075   67  234 5344.50000 4128.31346  22.8%   172 2096s
 18188 11583 4304.89241   48  593 5344.50000 4128.31346  22.8%   173 2113s
 18233 11662 4705.30566   64  411 5344.50000 4128.50646  22.8%   174 2132s
 18334 11771 4536.80345   55  268 5344.50000 4129.54070  22.7%   174 2149s
 18405 11771 4557.96047   49  429 5344.50000 4131.12828  22.7%   174 2150s
 18461 11826     cutoff   52      5344.50000 4131.27091  22.7%   175 2211s
*18528 11788             106    5341.0500000 4131.27091  22.7%   175 2212s
 18556 11837 4445.00260   50  390 5341.05000 4133.24898  22.6%   175 2229s
 18615 11916 4472.98786   50  359 5341.05000 4133.24898  22.6%   176 2246s
 18704 12107 4967.50969   77   57 5341.05000 4134.41657  22.6%   177 2266s
H18728 11770                    5316.8400000 4134.41657  22.2%   177 2266s
*18909  8790             108    5147.8400000 4134.81246  19.7%   177 2286s
 18953  8854 4719.58953   65  310 5147.84000 4135.09905  19.7%   178 2357s
 19055  8903 4344.75767   34  526 5147.84000 4136.12708  19.7%   178 2379s
 19116  8953 4526.19747   48  433 5147.84000 4136.74039  19.6%   179 2397s
 19184  8988 4268.67858   53  447 5147.84000 4137.58688  19.6%   180 2415s
 19241  9026 4647.95019   60  260 5147.84000 4137.58688  19.6%   181 2433s
 19297  9064 5019.81634   74  275 5147.84000 4139.30706  19.6%   182 2449s
 19351  9166 4731.28914   60  277 5147.84000 4139.53155  19.6%   182 2495s
 19487  9201 4862.91603   58  347 5147.84000 4140.53520  19.6%   183 2516s
 19547  9293 4505.31019   63  442 5147.84000 4141.99945  19.5%   183 2537s
 19662  9310 4415.73512   34  524 5147.84000 4142.23986  19.5%   184 2556s
 19670  9310 4388.64151   41  430 5147.84000 4142.23986  19.5%   184 2636s
 19679  9401 4527.33075   42  404 5147.84000 4142.23986  19.5%   184 2659s
 19778  9462 5117.82281  100  284 5147.84000 4142.43958  19.5%   185 2680s
 19865  9512 4394.28711   41  484 5147.84000 4142.52588  19.5%   185 2700s
 19919  9577 4856.34980   67  222 5147.84000 4143.21024  19.5%   186 2719s
 19998  9659 5057.77554   58  166 5147.84000 4144.34375  19.5%   187 2791s
 20096  9718 4932.72333   71   91 5147.84000 4144.65403  19.5%   188 2843s
 20238  9791 4487.98391   64  517 5147.84000 4145.53317  19.5%   188 2862s
 20335  9865 4312.58740   43  407 5147.84000 4146.86281  19.4%   188 2883s
 20417  9899 4473.34537   71  293 5147.84000 4148.13031  19.4%   189 2966s
 20470  9970 4454.10828   44  348 5147.84000 4148.47216  19.4%   190 2988s
 20543 10070 4776.44245   54  423 5147.84000 4148.47216  19.4%   191 3011s
 20655 10112     cutoff  104      5147.84000 4150.25478  19.4%   191 3034s
 20692 10112 5035.04879   68  149 5147.84000 4151.52005  19.4%   192 3108s
 20732 10190 4512.40556   85  200 5147.84000 4152.03593  19.3%   192 3127s
 20835 10276 4881.06106   69  171 5147.84000 4152.65641  19.3%   193 3147s
 20947 10351 4546.54325   45  349 5147.84000 4153.54030  19.3%   193 3165s
 21039 10416 4444.44299   54  313 5147.84000 4153.54850  19.3%   194 3205s
 21123 10527 4723.69259   60  278 5147.84000 4154.13397  19.3%   194 3227s
 21255 10606 4538.79804   44  286 5147.84000 4154.31479  19.3%   195 3251s
 21338 10660 4784.04067   62  137 5147.84000 4154.58962  19.3%   196 3274s
 21429 10701 4990.56047  100  198 5147.84000 4155.28301  19.3%   196 3345s
 21496 10743 4710.01018   42  466 5147.84000 4155.28301  19.3%   197 3367s
 21554 10796     cutoff   62      5147.84000 4156.07618  19.3%   198 3392s
 21652 10832 4863.72504   70  370 5147.84000 4158.43443  19.2%   198 3415s
 21712 10875     cutoff   53      5147.84000 4159.24865  19.2%   199 3481s
 21793 10924 4409.82776   36  594 5147.84000 4159.76122  19.2%   200 3505s
 21854 11008 4689.29561   59  490 5147.84000 4161.02433  19.2%   200 3542s
 21956 11065 5022.05126   73  130 5147.84000 4161.62195  19.2%   201 3607s

Cutting planes:
  User: 8000
  Gomory: 22
  Cover: 477
  Implied bound: 200
  Projected implied bound: 9
  Clique: 28
  MIR: 140
  Flow cover: 380
  Zero half: 18
  RLT: 275
  Relax-and-lift: 10
  Lazy constraints: 686

Explored 22036 nodes (4442583 simplex iterations) in 3607.70 seconds
Thread count was 2 (of 32 available processors)

Solution count 10: 5147.84 5316.84 5341.05 ... 6542.09

Time limit reached
Best objective 5.147840000000e+03, best bound 4.162170863826e+03, gap 19.1472%

User-callback calls 250629, time in user-callback 201.45 sec
================================================================================
executing instance: ./input/Instances/Original/4/absH3low_3n10.dat
--------------------------------------------------------------------------------
Instance details
n	11
H	3
C	687
Li:
[0, 0, 0, 0, 0, 0, 0, 0, 0, 0, 0, ]
Ui:
[0, 189, 44, 174, 78, 36, 198, 117, 42, 96, 240, ]
Distance matrix:
|0	209	255	286	142	156	285	317	182	161	135	|
|209	0	464	451	315	356	490	469	361	299	260	|
|255	464	0	221	202	130	74	280	189	254	273	|
|286	451	221	0	145	156	164	479	354	153	192	|
|142	315	202	145	0	73	194	388	250	53	73	|
|156	356	130	156	73	0	134	332	200	127	144	|
|285	490	74	164	194	134	0	353	256	239	267	|
|317	469	280	479	388	332	353	0	141	436	430	|
|182	361	189	354	250	200	256	141	0	296	289	|
|161	299	254	153	53	127	239	436	296	0	39	|
|135	260	273	192	73	144	267	430	289	39	0	|

--------------------------------------------------------------------------------
Building model...
	using lazy and cut (CVRPSEP package)
Solving IRP LP...
--------------------------------------------------------------------------------

Gurobi 9.1.0 (linux64) logging started Fri Feb 12 20:21:56 2021

Gurobi Optimizer version 9.1.0 build v9.1.0rc0 (linux64)
Thread count: 32 physical cores, 32 logical processors, using up to 2 threads
Optimize a model with 629 rows, 1184 columns and 5264 nonzeros
Model fingerprint: 0xaa11d129
Variable types: 194 continuous, 990 integer (165 binary)
Coefficient statistics:
  Matrix range     [1e+00, 2e+02]
  Objective range  [1e-02, 5e+02]
  Bounds range     [1e+00, 2e+02]
  RHS range        [1e+00, 1e+03]
Presolve removed 206 rows and 163 columns
Presolve time: 0.09s
Presolved: 423 rows, 1021 columns, 4117 nonzeros
Variable types: 110 continuous, 911 integer (753 binary)
Found heuristic solution: objective 8589.6200000
Found heuristic solution: objective 6256.5200000

Root relaxation: objective 2.194712e+03, 720 iterations, 0.01 seconds

    Nodes    |    Current Node    |     Objective Bounds      |     Work
 Expl Unexpl |  Obj  Depth IntInf | Incumbent    BestBd   Gap | It/Node Time

     0     0 2194.71243    0   60 6256.52000 2194.71243  64.9%     -    0s
     0     0 2720.33383    0   63 6256.52000 2720.33383  56.5%     -    0s
H    0     0                    4285.9000000 2720.33383  36.5%     -    0s
     0     0 2723.42990    0   67 4285.90000 2723.42990  36.5%     -    0s
     0     0 2936.41846    0  110 4285.90000 2936.41846  31.5%     -    0s
     0     0 2946.06048    0   79 4285.90000 2946.06048  31.3%     -    0s
     0     0 2955.95551    0   74 4285.90000 2955.95551  31.0%     -    0s
     0     0 3039.93081    0  102 4285.90000 3039.93081  29.1%     -    0s
H    0     0                    4219.4200000 3039.93081  28.0%     -    0s
     0     0 3045.01857    0  118 4219.42000 3045.01857  27.8%     -    0s
     0     0 3045.01857    0  118 4219.42000 3045.01857  27.8%     -    0s
     0     0 3102.79545    0  159 4219.42000 3102.79545  26.5%     -    0s
H    0     0                    4039.7800000 3102.79545  23.2%     -    0s
     0     0 3109.72261    0  137 4039.78000 3109.72261  23.0%     -    0s
     0     0 3113.54722    0  170 4039.78000 3113.54722  22.9%     -    0s
     0     0 3113.95739    0  175 4039.78000 3113.95739  22.9%     -    0s
     0     0 3168.38444    0  193 4039.78000 3168.38444  21.6%     -    0s
     0     0 3168.77535    0  182 4039.78000 3168.77535  21.6%     -    0s
     0     0 3180.62338    0  143 4039.78000 3180.62338  21.3%     -    0s
     0     0 3186.67866    0  208 4039.78000 3186.67866  21.1%     -    0s
     0     0 3187.91787    0  184 4039.78000 3187.91787  21.1%     -    0s
     0     0 3188.80271    0  189 4039.78000 3188.80271  21.1%     -    0s
     0     0 3188.83151    0  189 4039.78000 3188.83151  21.1%     -    0s
     0     0 3196.41073    0  149 4039.78000 3196.41073  20.9%     -    0s
     0     0 3201.69172    0  189 4039.78000 3201.69172  20.7%     -    0s
     0     0 3203.11176    0  176 4039.78000 3203.11176  20.7%     -    0s
     0     0 3203.88517    0  171 4039.78000 3203.88517  20.7%     -    0s
     0     0 3212.33108    0  157 4039.78000 3212.33108  20.5%     -    0s
     0     0 3213.53631    0  167 4039.78000 3213.53631  20.5%     -    0s
     0     0 3213.69269    0  169 4039.78000 3213.69269  20.4%     -    0s
     0     0 3216.62986    0  155 4039.78000 3216.62986  20.4%     -    0s
     0     0 3216.62986    0  155 4039.78000 3216.62986  20.4%     -    0s
H    0     0                    3712.3200000 3217.86707  13.3%     -    0s
     0     2 3217.86707    0  155 3712.32000 3217.86707  13.3%     -    0s
  1101   373 3600.70936   10   54 3712.32000 3407.15465  8.22%  62.9    5s
  2619   482     cutoff   13      3712.32000 3496.39896  5.82%  59.3   10s
  3358   426 3639.12990   11   90 3712.32000 3529.83068  4.92%  57.4   15s
  4997     0     cutoff   15      3712.32000 3639.62572  1.96%  51.9   20s

Cutting planes:
  User: 58
  Gomory: 6
  Cover: 193
  Implied bound: 149
  Clique: 16
  MIR: 68
  StrongCG: 6
  Flow cover: 77
  GUB cover: 2
  Inf proof: 1
  Network: 6
  RLT: 79
  Relax-and-lift: 37
  Lazy constraints: 9

Explored 5073 nodes (264712 simplex iterations) in 20.62 seconds
Thread count was 2 (of 32 available processors)

Solution count 6: 3712.32 4039.78 4219.42 ... 8589.62

Optimal solution found (tolerance 1.00e-04)
Best objective 3.712320000000e+03, best bound 3.712320000000e+03, gap 0.0000%

User-callback calls 13458, time in user-callback 1.40 sec
================================================================================
executing instance: ./input/Instances/Original/4/absH3low_3n15.dat
--------------------------------------------------------------------------------
Instance details
n	16
H	3
C	1267
Li:
[0, 0, 0, 0, 0, 0, 0, 0, 0, 0, 0, 0, 0, 0, 0, 0, ]
Ui:
[0, 156, 267, 148, 144, 87, 33, 171, 76, 141, 270, 282, 60, 110, 172, 57, ]
Distance matrix:
|0	229	567	76	58	96	306	409	310	423	108	346	165	347	159	256	|
|229	0	482	243	279	155	375	525	251	419	158	373	65	123	329	246	|
|567	482	0	506	622	483	342	439	259	200	467	274	486	433	501	312	|
|76	243	506	0	119	88	230	337	255	352	88	272	179	347	94	194	|
|58	279	622	119	0	154	345	431	366	471	166	391	217	399	179	310	|
|96	155	483	88	154	0	266	397	224	358	17	289	92	262	176	179	|
|306	375	342	230	345	266	0	158	184	148	251	68	332	423	181	140	|
|409	525	439	337	431	397	158	0	340	244	386	201	476	581	253	298	|
|310	251	259	255	366	224	184	340	0	170	208	146	238	257	274	66	|
|423	419	200	352	471	358	148	244	170	0	341	84	396	424	323	182	|
|108	158	467	88	166	17	251	386	208	341	0	273	96	259	172	162	|
|346	373	274	272	391	289	68	201	146	84	273	0	340	400	239	127	|
|165	65	486	179	217	92	332	476	238	396	96	340	0	182	267	216	|
|347	123	433	347	399	262	423	581	257	424	259	400	182	0	423	283	|
|159	329	501	94	179	176	181	253	274	323	172	239	267	423	0	208	|
|256	246	312	194	310	179	140	298	66	182	162	127	216	283	208	0	|

--------------------------------------------------------------------------------
Building model...
	using lazy and cut (CVRPSEP package)
Solving IRP LP...
--------------------------------------------------------------------------------

Gurobi 9.1.0 (linux64) logging started Fri Feb 12 20:22:17 2021

Gurobi Optimizer version 9.1.0 build v9.1.0rc0 (linux64)
Thread count: 32 physical cores, 32 logical processors, using up to 2 threads
Optimize a model with 919 rows, 2329 columns and 10114 nonzeros
Model fingerprint: 0xaa514dea
Variable types: 289 continuous, 2040 integer (240 binary)
Coefficient statistics:
  Matrix range     [1e+00, 3e+02]
  Objective range  [1e-02, 6e+02]
  Bounds range     [1e+00, 3e+02]
  RHS range        [1e+00, 2e+03]
Presolve removed 289 rows and 91 columns
Presolve time: 0.10s
Presolved: 630 rows, 2238 columns, 8646 nonzeros
Variable types: 182 continuous, 2056 integer (1821 binary)

Root relaxation: objective 2.112285e+03, 889 iterations, 0.03 seconds

    Nodes    |    Current Node    |     Objective Bounds      |     Work
 Expl Unexpl |  Obj  Depth IntInf | Incumbent    BestBd   Gap | It/Node Time

     0     0 2112.28480    0   80          - 2112.28480      -     -    0s
H    0     0                    7591.6800000 2112.28480  72.2%     -    0s
     0     0 2348.16804    0   95 7591.68000 2348.16804  69.1%     -    0s
     0     0 2348.29700    0   97 7591.68000 2348.29700  69.1%     -    0s
     0     0 2348.33866    0   97 7591.68000 2348.33866  69.1%     -    0s
     0     0 2721.31396    0   96 7591.68000 2721.31396  64.2%     -    0s
H    0     0                    7573.7400000 2721.31396  64.1%     -    0s
     0     0 2721.31396    0   93 7573.74000 2721.31396  64.1%     -    0s
     0     0 2799.68750    0  174 7573.74000 2799.68750  63.0%     -    0s
     0     0 2844.80016    0  154 7573.74000 2844.80016  62.4%     -    0s
     0     0 2853.74120    0  173 7573.74000 2853.74120  62.3%     -    0s
     0     0 2868.78789    0  179 7573.74000 2868.78789  62.1%     -    0s
     0     0 2869.35872    0  203 7573.74000 2869.35872  62.1%     -    0s
     0     0 2870.29367    0  185 7573.74000 2870.29367  62.1%     -    0s
     0     0 2870.29367    0  190 7573.74000 2870.29367  62.1%     -    0s
     0     0 2946.33934    0  121 7573.74000 2946.33934  61.1%     -    0s
     0     0 2951.86198    0  160 7573.74000 2951.86198  61.0%     -    1s
     0     0 2961.44240    0  172 7573.74000 2961.44240  60.9%     -    1s
     0     0 2961.73927    0  131 7573.74000 2961.73927  60.9%     -    1s
     0     0 2975.55045    0  208 7573.74000 2975.55045  60.7%     -    1s
     0     0 2980.50680    0  206 7573.74000 2980.50680  60.6%     -    1s
     0     0 2980.79397    0  186 7573.74000 2980.79397  60.6%     -    1s
     0     0 3013.06744    0  174 7573.74000 3013.06744  60.2%     -    1s
     0     0 3017.64888    0  179 7573.74000 3017.64888  60.2%     -    1s
     0     0 3019.45260    0  168 7573.74000 3019.45260  60.1%     -    1s
     0     0 3019.69314    0  170 7573.74000 3019.69314  60.1%     -    1s
     0     0 3024.69278    0  179 7573.74000 3024.69278  60.1%     -    1s
     0     0 3024.72208    0  173 7573.74000 3024.72208  60.1%     -    1s
     0     0 3025.77661    0  164 7573.74000 3025.77661  60.0%     -    1s
     0     0 3025.77661    0  164 7573.74000 3025.77661  60.0%     -    1s
H    0     0                    7544.7400000 3025.77661  59.9%     -    1s
     0     2 3025.77661    0  146 7544.74000 3025.77661  59.9%     -    2s
H   26    29                    7190.6800000 3074.65998  57.2%   345    3s
H  116   125                    6520.0400000 3074.65998  52.8%   186    4s
   139   156 3470.04456   44  208 6520.04000 3074.65998  52.8%   163    5s
H  210   210                    6228.0400000 3074.65998  50.6%   121    5s
H  212   230                    6075.3000000 3074.65998  49.4%   119    5s
H  217   230                    6037.3000000 3074.65998  49.1%   117    5s
H  302   287                    5070.5300000 3074.65998  39.4%  93.2    6s
H  314   317                    5067.5700000 3074.65998  39.3%  93.3    6s
H  333   315                    4964.1500000 3074.65998  38.1%  89.8    6s
   698   626 3843.95324   16  254 4964.15000 3117.48508  37.2%  81.4   10s
H  747   627                    4829.1500000 3117.81662  35.4%  83.4   16s
H  775   618                    4825.1500000 3169.17405  34.3%  98.2   19s
   787   626 3306.79543   21  234 4825.15000 3169.17405  34.3%   100   20s
H  804   606                    4762.5300000 3169.17405  33.5%   104   20s
*  999   661              86    4675.8600000 3171.92810  32.2%   104   23s
* 1004   632              89    4674.9000000 3171.92810  32.1%   104   23s
H 1034   621                    4663.3000000 3171.92810  32.0%   113   24s
  1035   624 3418.18973   22  198 4663.30000 3171.92810  32.0%   114   25s
H 1039   598                    4651.5600000 3171.92810  31.8%   115   25s
H 1250   671                    4604.5600000 3172.46673  31.1%   127   29s
  1263   685 3495.61099   33  237 4604.56000 3172.46673  31.1%   130   30s
  1477   770 3421.30085   21  215 4604.56000 3211.46738  30.3%   140   35s
  1691   897 4240.10146   57  138 4604.56000 3264.74187  29.1%   149   40s
  1906   957 4099.13866   31  244 4604.56000 3282.38640  28.7%   152   45s
  2062  1018 3495.10650   27  209 4604.56000 3293.65565  28.5%   153   50s
* 2151  1043              48    4530.5600000 3293.65565  27.3%   155   53s
  2277  1150 3688.71566   27  248 4530.56000 3306.86589  27.0%   153   55s
  2540  1338 3792.58826   25  215 4530.56000 3334.75743  26.4%   153   60s
  2740  1459 3740.23220   28  209 4530.56000 3346.77588  26.1%   154   65s
  2922  1603 3809.04936   34  135 4530.56000 3351.72452  26.0%   158   70s
  3100  1734 4199.64487   31  126 4530.56000 3357.68533  25.9%   161   75s
H 3282  1679                    4429.5600000 3364.32022  24.0%   162   80s
  3335  1750 3701.84698   18  101 4429.56000 3365.51006  24.0%   164  129s
  3461  1822 3952.04026   24  234 4429.56000 3366.92967  24.0%   163  131s
