




arguments: ./build/bc_mirp -f ./input/orig_exec_282.cfg
Current dir: /scratch/gui/bc_mirp
File verbosity level: 9
date       time         ( uptime  ) [ thread name/id ]                   file:line     v| 
2021-02-17 22:49:39.129 (   0.114s) [main thread     ]             loguru.cpp:789   INFO| Logging to './output/vi_vc+hc3/OU/V5/Original/execution_17_02_2021_22_49_39.log', mode: 'a', verbosity: 9
--------------------------------------------------------------------------------
Parameters
                           instance_path           ./input/Instances/Original/6/
                            model_policy                                       1
                             nb_vehicles                                       5
                              output_dir      ./output/vi_vc+hc3/OU/V5/Original/
                            sec_strategy                                       1
                       solver_nb_threads                                       2
                         solver_show_log                                    true
                       solver_time_limit                                    3600
                              use_vi_cos                                   false
                              use_vi_cus                                   false
                         use_vi_hc1_full                                   false
                         use_vi_hc1_half                                   false
                      use_vi_hc1_quarter                                   false
                              use_vi_hc2                                   false
                              use_vi_hc3                                    true
                         use_vi_lex_full                                   false
                         use_vi_lex_half                                   false
                      use_vi_lex_quarter                                   false
                              use_vi_qua                                   false
                               use_vi_vc                                    true
                               use_vi_vr                                   false
--------------------------------------------------------------------------------
executing instance: ./input/Instances/Original/6/absH6high_1n25.dat
--------------------------------------------------------------------------------
Instance details
n	26
H	6
C	1711
Li:
[0, 0, 0, 0, 0, 0, 0, 0, 0, 0, 0, 0, 0, 0, 0, 0, 0, 0, 0, 0, 0, 0, 0, 0, 0, 0, ]
Ui:
[0, 168, 176, 34, 66, 36, 177, 106, 118, 182, 64, 141, 189, 63, 46, 111, 182, 231, 36, 66, 68, 54, 132, 90, 246, 75, ]
Distance matrix:
|0	191	200	231	334	329	146	196	208	245	218	164	283	394	151	358	156	196	309	253	201	260	127	138	130	104	|
|191	0	226	229	278	146	328	216	390	417	327	293	195	334	106	296	171	122	472	151	12	411	280	53	190	130	|
|200	226	0	38	149	359	321	10	276	274	418	364	139	204	121	173	321	115	303	141	225	236	155	202	311	256	|
|231	229	38	0	110	352	358	37	314	310	448	395	108	167	129	135	342	109	336	120	226	268	194	213	335	277	|
|334	278	149	110	0	367	467	147	422	413	546	495	86	61	203	25	423	163	429	129	271	363	303	282	424	361	|
|329	146	359	352	367	0	453	349	533	562	411	393	282	411	245	378	250	244	617	245	141	556	426	195	284	243	|
|146	328	321	358	467	453	0	321	162	215	160	112	425	524	297	491	223	341	284	397	339	266	186	276	184	210	|
|196	216	10	37	147	349	321	0	281	281	414	360	132	203	112	171	315	105	311	132	216	244	159	193	305	249	|
|208	390	276	314	422	533	162	281	0	54	321	271	410	471	316	445	348	348	123	398	398	115	125	338	313	309	|
|245	417	274	310	413	562	215	281	54	0	375	323	413	457	334	435	393	361	70	406	424	69	139	367	359	349	|
|218	327	418	448	546	411	160	414	321	375	0	57	484	606	347	569	163	393	444	446	339	421	318	288	137	199	|
|164	293	364	395	495	393	112	360	271	323	57	0	437	556	300	519	144	346	393	401	305	367	261	249	109	163	|
|283	195	139	108	86	282	425	132	410	413	484	437	0	139	137	101	349	91	443	44	187	375	286	206	355	291	|
|394	334	204	167	61	411	524	203	471	457	606	556	139	0	264	38	483	222	467	183	326	403	356	341	484	421	|
|151	106	121	129	203	245	297	112	316	334	347	300	137	264	0	225	220	46	381	102	106	316	195	84	221	158	|
|358	296	173	135	25	378	491	171	445	435	569	519	101	38	225	0	444	184	450	145	288	384	328	303	446	383	|
|156	171	321	342	423	250	223	315	348	393	163	144	349	483	220	444	0	261	460	308	183	415	284	143	39	65	|
|196	122	115	109	163	244	341	105	348	361	393	346	91	222	46	184	261	0	402	56	118	336	224	119	264	200	|
|309	472	303	336	429	617	284	311	123	70	444	393	443	467	381	450	460	402	0	442	477	68	192	424	426	413	|
|253	151	141	120	129	245	397	132	398	406	446	401	44	183	102	145	308	56	442	0	143	375	273	164	315	251	|
|201	12	225	226	271	141	339	216	398	424	339	305	187	326	106	288	183	118	477	143	0	416	286	63	202	142	|
|260	411	236	268	363	556	266	244	115	69	421	367	375	403	316	384	415	336	68	375	416	0	135	365	384	363	|
|127	280	155	194	303	426	186	159	125	139	318	261	286	356	195	328	284	224	192	273	286	135	0	232	256	229	|
|138	53	202	213	282	195	276	193	338	367	288	249	206	341	84	303	143	119	424	164	63	365	232	0	153	89	|
|130	190	311	335	424	284	184	305	313	359	137	109	355	484	221	446	39	264	426	315	202	384	256	153	0	64	|
|104	130	256	277	361	243	210	249	309	349	199	163	291	421	158	383	65	200	413	251	142	363	229	89	64	0	|

--------------------------------------------------------------------------------
Building model...
	using lazy and cut (CVRPSEP package)
Solving IRP LP...
--------------------------------------------------------------------------------

Gurobi 9.1.0 (linux64) logging started Wed Feb 17 22:49:39 2021

Gurobi Optimizer version 9.1.0 build v9.1.0rc0 (linux64)
Thread count: 32 physical cores, 32 logical processors, using up to 2 threads
Optimize a model with 2972 rows, 11462 columns and 48602 nonzeros
Model fingerprint: 0x308b5bf8
Variable types: 932 continuous, 10530 integer (780 binary)
Coefficient statistics:
  Matrix range     [1e+00, 3e+02]
  Objective range  [1e-01, 6e+02]
  Bounds range     [1e+00, 2e+02]
  RHS range        [1e+00, 3e+03]
Presolve removed 769 rows and 151 columns
Presolve time: 0.27s
Presolved: 2203 rows, 11311 columns, 41802 nonzeros
Variable types: 755 continuous, 10556 integer (9791 binary)

Root relaxation: objective 1.505520e+04, 3075 iterations, 0.14 seconds

    Nodes    |    Current Node    |     Objective Bounds      |     Work
 Expl Unexpl |  Obj  Depth IntInf | Incumbent    BestBd   Gap | It/Node Time

     0     0 15055.1988    0  288          - 15055.1988      -     -    0s
     0     0 15321.2147    0  255          - 15321.2147      -     -    1s
     0     0 15344.3127    0  259          - 15344.3127      -     -    1s
     0     0 15347.2497    0  249          - 15347.2497      -     -    1s
     0     0 15347.2497    0  249          - 15347.2497      -     -    1s
     0     0 15605.1233    0  350          - 15605.1233      -     -    2s
     0     0 15627.2270    0  389          - 15627.2270      -     -    2s
     0     0 15643.6909    0  368          - 15643.6909      -     -    2s
     0     0 15648.3906    0  366          - 15648.3906      -     -    2s
     0     0 15649.4254    0  378          - 15649.4254      -     -    2s
     0     0 15649.4476    0  381          - 15649.4476      -     -    2s
     0     0 16241.6139    0  466          - 16241.6139      -     -    3s
     0     0 16286.9944    0  480          - 16286.9944      -     -    4s
     0     0 16310.9159    0  509          - 16310.9159      -     -    4s
     0     0 16322.3850    0  444          - 16322.3850      -     -    4s
     0     0 16326.8687    0  434          - 16326.8687      -     -    4s
     0     0 16331.5231    0  433          - 16331.5231      -     -    4s
     0     0 16332.6835    0  452          - 16332.6835      -     -    4s
     0     0 16338.4440    0  501          - 16338.4440      -     -    5s
     0     0 16341.5016    0  482          - 16341.5016      -     -    5s
     0     0 16382.2928    0  495          - 16382.2928      -     -    5s
     0     0 16389.6161    0  480          - 16389.6161      -     -    5s
     0     0 16403.3150    0  472          - 16403.3150      -     -    6s
     0     0 16409.7231    0  446          - 16409.7231      -     -    6s
     0     0 16412.9059    0  490          - 16412.9059      -     -    6s
     0     0 16413.1986    0  483          - 16413.1986      -     -    6s
     0     0 16532.0610    0  504          - 16532.0610      -     -    7s
     0     0 16551.8773    0  511          - 16551.8773      -     -    7s
     0     0 16557.0412    0  516          - 16557.0412      -     -    8s
     0     0 16557.7461    0  525          - 16557.7461      -     -    8s
     0     0 16697.1733    0  580          - 16697.1733      -     -    9s
     0     0 16721.4210    0  597          - 16721.4210      -     -   11s
     0     0 16726.7286    0  573          - 16726.7286      -     -   11s
     0     0 16727.2783    0  592          - 16727.2783      -     -   11s
     0     0 16747.7838    0  481          - 16747.7838      -     -   12s
     0     0 16754.8738    0  506          - 16754.8738      -     -   12s
     0     0 16755.9780    0  464          - 16755.9780      -     -   13s
     0     0 16775.2163    0  700          - 16775.2163      -     -   13s
     0     0 16778.0480    0  639          - 16778.0480      -     -   13s
     0     0 16798.9069    0  537          - 16798.9069      -     -   14s
     0     0 16800.4633    0  598          - 16800.4633      -     -   14s
     0     0 16806.2142    0  655          - 16806.2142      -     -   15s
     0     0 16807.4156    0  601          - 16807.4156      -     -   15s
     0     0 16811.8757    0  502          - 16811.8757      -     -   15s
     0     0 16812.4485    0  474          - 16812.4485      -     -   15s
     0     0 16814.3559    0  542          - 16814.3559      -     -   16s
     0     0 16814.3559    0  483          - 16814.3559      -     -   16s
     0     2 16816.5601    0  453          - 16816.5601      -     -   18s
    11    14 16836.3245    4  519          - 16818.9125      -   663   20s
    21    24 16899.5297    7  578          - 16818.9125      -  1497   25s
    31    36 17026.4450    9  579          - 16818.9125      -  1767   30s
    45    49 16997.0004   12  568          - 16818.9125      -  1534   35s
    66    70 17134.3049   20  565          - 16818.9125      -  1358   40s
    86    92 17301.1544   24  492          - 16818.9125      -  1275   45s
   109   116 17338.0610   29  483          - 16818.9125      -  1194   50s
   145   157 17484.5099   40  466          - 16818.9125      -  1038   55s
   196   207 17643.0507   55  374          - 16818.9125      -   888   60s
   238   265 18031.1984   68  296          - 16818.9125      -   825   65s
   296   340 18675.1949   95  234          - 16818.9125      -   734   70s
   442   499 19392.3509  152  213          - 16818.9125      -   548   75s
   558   590 17106.8445    4  647          - 16835.3303      -   470   80s
   666   663 17239.8657   10  631          - 16835.3303      -   423   85s
   692   675 17284.7827   12  642          - 16835.3303      -   425   90s
   711   695 17486.8260   20  544          - 16835.3303      -   448   96s
   728   705 19498.4003  169  483          - 16835.3303      -   458  102s
   732   708 19093.3645   94  421          - 16835.3303      -   456  107s
   735   710 20519.4808  172  647          - 16861.5942      -   454  110s
   740   713 19726.6989  121  660          - 17176.8612      -   451  115s
   749   719 18893.2861   79  677          - 17250.0421      -   445  120s
   760   726 17326.5424   15  725          - 17326.5424      -   439  125s
   767   731 18269.2184   83  737          - 17334.5752      -   435  130s
   775   736 19322.0627  105  781          - 17339.8858      -   431  135s
   781   740 17602.2489   33  798          - 17340.7048      -   427  140s
   789   747 19766.9365  163  606          - 17340.7048      -   487  145s
   795   751 19422.4640  152  718          - 17340.7048      -   484  150s
   804   757 17394.2068   32  754          - 17341.3563      -   478  155s
   810   761 20904.0177  178  800          - 17342.8723      -   475  164s
   811   762 19274.0981  142  800          - 17342.8723      -   474  165s
   813   766 17365.5635   19  740          - 17346.6235      -   512  177s
   815   767 17391.6785   20  598          - 17367.3968      -   517  184s
   817   769 17396.9332   20  764          - 17392.4897      -   519  193s
   819   770 17393.1128   21  629          - 17393.1128      -   523  197s
   821   771 17566.2180   21  513          - 17393.1873      -   527  200s
   825   774 17478.3007   22  520          - 17397.9311      -   538  205s
   831   779 17458.6238   24  548          - 17397.9311      -   554  210s
   842   787 17482.3605   27  542          - 17397.9311      -   566  215s
   853   797 17484.8318   30  562          - 17397.9311      -   570  221s
   870   807 17521.2322   35  510          - 17397.9311      -   582  226s
   898   826 17543.9537   45  459          - 17397.9311      -   585  230s
   929   847 17551.4625   53  457          - 17397.9311      -   584  235s
   959   869 17570.8888   61  461          - 17397.9311      -   585  241s
   988   893 17576.5019   67  460          - 17397.9311      -   581  245s
  1031   918 17614.4802   75  462          - 17397.9311      -   579  251s
  1067   941 17701.7486   84  458          - 17397.9311      -   576  255s
  1101   967 17953.0178   92  433          - 17397.9311      -   580  261s
  1131   985 17825.4483  101  471          - 17397.9311      -   582  266s
  1161  1004 17868.6415  109  422          - 17397.9311      -   587  272s
  1175  1019 17881.5062  113  511          - 17397.9311      -   588  275s
  1213  1049 17899.0586  122  491          - 17397.9311      -   590  282s
  1237  1063 17910.8605  127  506          - 17397.9311      -   589  286s
  1284  1102 17957.7531  136  457          - 17397.9311      -   588  293s
  1314  1133 18147.6310  140  464          - 17397.9311      -   586  297s
  1355  1147 17990.3314  146  437          - 17397.9311      -   578  301s
  1383  1166 18012.9320  152  474          - 17397.9311      -   580  305s
  1447  1211 18087.5878  160  466          - 17397.9311      -   577  313s
  1477  1239 18118.2473  166  450          - 17397.9311      -   577  317s
  1515  1265 18135.5540  172  452          - 17397.9311      -   575  322s
  1554  1300 18187.3502  177  462          - 17397.9311      -   574  327s
  1602  1331 18237.0912  186  441          - 17397.9311      -   571  332s
  1649  1372 18476.1189  193  412          - 17397.9311      -   569  337s
  1708  1419 18403.3799  205  399          - 17397.9311      -   563  343s
  1774  1472 18442.4404  217  377          - 17397.9311      -   556  348s
  1849  1527 18478.6333  234  353          - 17397.9311      -   547  354s
  1929  1571 18536.1482  251  369          - 17397.9311      -   538  360s
  2000  1618 18551.9145  268  381          - 17397.9311      -   533  367s
  2071  1670 18575.8904  283  370          - 17397.9311      -   528  373s
  2146  1712 18615.7185  299  360          - 17397.9311      -   523  380s
  2213  1763 18640.1115  316  334          - 17397.9311      -   520  387s
  2287  1810 18672.7146  332  358          - 17397.9311      -   519  394s
  2316  1800 19863.6287  444  242          - 17397.9311      -   517  395s
  2358  1889 19162.4167  346  262          - 17397.9311      -   515  402s
  2461  1950 18745.7657  368  349          - 17397.9311      -   507  410s
  2556  2018 18834.7269  392  342          - 17397.9311      -   503  418s
  2664  2077 18958.7505  420  388          - 17397.9311      -   496  426s
  2773  2168 19024.9873  444  302          - 17397.9311      -   490  437s
  2958  2188 19228.9675  476  328          - 17397.9311      -   474  447s
  3044  2243 19462.2025  515  307          - 17397.9311      -   470  456s
  3138  2257 19846.6799  556  324          - 17455.0287      -   467  465s
  3194  2284 17645.1037   22  682          - 17455.0287      -   468  475s
  3221  2321 17682.5270   26  630          - 17455.0287      -   473  484s
  3258  2364 17729.4822   31  579          - 17455.0287      -   477  493s
  3301  2418 17784.1786   39  512          - 17455.0287      -   481  503s
  3355  2478 17887.0780   65  584          - 17455.0287      -   484  513s
  3415  2547 17985.7439   81  497          - 17455.0287      -   488  524s
  3484  2656 18198.1289  110  454          - 17455.0287      -   491  535s
  3593  2817 18782.5734  177  492          - 17455.0287      -   489  548s
  3754  2933 18695.2964  285  366          - 17455.0287      -   480  561s
  3870  3072 19396.6090  320  327          - 17455.0287      -   479  575s
  4009  3317 19765.3687  364  268          - 17455.1296      -   474  589s
  4292  3448 17717.9137   28  506          - 17455.1296      -   458  605s
  4441  3621 17805.3907   52  404          - 17455.1296      -   454  620s
  4646  3881 18097.4254  166  400          - 17455.1296      -   447  637s
  4910  4066 18812.8087  332  333          - 17480.4949      -   433  652s
  5123  4257 17698.7082   29  592          - 17480.4949      -   424  670s
  5342  4380 17773.9686   38  438          - 17480.4949      -   418  687s
  5465  4562 17963.5384   54  398          - 17480.4949      -   420  704s
  5647  4890 18172.8593  107  350          - 17480.4949      -   417  724s
  5679  4890 18303.9374  129  408          - 17480.4949      -   417  725s
  6027  4971 19398.0773  184  382          - 17493.0519      -   404  743s
  6128  5042 17722.0217   35  605          - 17493.0519      -   406  761s
  6199  5189 18014.8100   50  563          - 17493.0519      -   409  778s
  6346  5345 17999.8181   64  507          - 17493.0519      -   408  796s
  6502  5514 18222.9562  107  439          - 17493.0519      -   407  814s
  6546  5514 18323.6952  148  442          - 17493.0519      -   406  815s
  6671  5685 18570.4085  205  367          - 17493.0519      -   406  833s
  6842  5766 19368.7335  264  372          - 17493.0519      -   404  851s
  6947  6022 19492.9143  292  312          - 17493.0519      -   406  870s
  7205  6443 20051.2120  417  324          - 17502.7893      -   399  892s
  7680  6527 17697.0626   38  579          - 17502.7893      -   384  914s
  7801  6701 17959.9859   67  355          - 17502.7893      -   387  935s
  7977  7131 18654.5541  139  386          - 17502.7893      -   385  957s
  8430  7447 19396.7335  327  304          - 17508.6253      -   375  979s
  8620  7447 19875.1894  427  186          - 17508.6253      -   369  980s
  8792  7584 17900.9580   58  387          - 17518.5981      -   369 1000s
  8929  7948 18043.6286  104  322          - 17519.1234      -   368 1020s
  9318  8071 17925.2823   33  550          - 17519.1234      -   361 1040s
  9457  8400 18128.8238   57  530          - 17519.1234      -   362 1060s
  9800  8485 18759.7020  102  448          - 17519.1234      -   358 1079s
  9845  8485 17816.8673   33  553          - 17519.1234      -   358 1080s
  9885  8624 19182.1025  131  438          - 17519.1234      -   359 1098s
 10034  8884 19603.6687  213  408          - 17532.1863      -   359 1147s
 10328  8996 17976.3995   30  530          - 17532.1863      -   356 1166s
 10450  9115 18298.6044   52  528          - 17532.1863      -   358 1184s
 10542  9115 infeasible  234               - 17532.1863      -   357 1185s
 10589  9352 18642.1778  126  399          - 17532.1863      -   359 1212s
 10828  9636 19694.4018  228  349          - 17536.1060      -   357 1234s
 10875  9636 19835.1192  259  280          - 17536.1060      -   356 1235s
 11182  9738 17886.0413   28  583          - 17536.1629      -   352 1257s
 11284  9905 18175.7400   59  569          - 17536.1629      -   354 1275s
 11451 10325 18586.5894   86  305          - 17536.1629      -   354 1296s
 11597 10325 20173.8563  181  274          - 17536.1629      -   352 1314s
 11619 10325 19573.6192  202  351          - 17536.1629      -   351 1315s
 11881 10701 19658.2942  214  359          - 17536.1629      -   347 1336s
 12285 11358 22963.0829  342  144          - 17536.1629      -   342 1378s
 12722 11358 24252.1898  674  123          - 17536.1629      -   332 1380s
 12948 11838 25094.1278  723   80          - 17540.0970      -   329 1400s
*13179 11839             821    27693.010000 17540.0970  36.7%   324 1401s
 13519 11830     cutoff  821      27693.0100 17541.2428  36.7%   320 1420s
 13626 12045 18605.1066   64  240 27693.0100 17542.1804  36.7%   320 1441s
 13849 12256 23087.7636  117  115 27693.0100 17542.2413  36.7%   318 1464s
 13986 12257 26354.5845  162    4 27693.0100 17542.2413  36.7%   316 1465s
*14046 12272             175    27660.400000 17542.2413  36.6%   314 1465s
*14143 12480             175    27646.400000 17546.5721  36.5%   314 1483s
*14146 12478             171    27478.400000 17546.5721  36.1%   314 1483s
 14359 12612 18889.2549  146  307 27478.4000 17546.5721  36.1%   312 1530s
 14513 12833 18916.0421  150  323 27478.4000 17546.9411  36.1%   310 1548s
 14712 12833 20914.4826  148  237 27478.4000 17547.7132  36.1%   309 1550s
 14781 13019 18121.4797   70  508 27478.4000 17547.7132  36.1%   308 1566s
 14969 13071 infeasible  210      27478.4000 17553.9727  36.1%   307 1584s
 15019 13071 19308.3673   80  345 27478.4000 17553.9727  36.1%   307 1585s
H15031 12680                    24353.360000 17553.9727  27.9%   307 1585s
 15033 12978 20104.1363   92  240 24353.3600 17558.1181  27.9%   307 1603s
 15351 13269 18966.2929  114  380 24353.3600 17558.1605  27.9%   303 1622s
 15667 13361 17856.2927   46  539 24353.3600 17558.1605  27.9%   299 1646s
 15783 13540 20736.8823  117  278 24353.3600 17562.2966  27.9%   300 1664s
 15805 13540 20954.1601  139  192 24353.3600 17562.2966  27.9%   299 1665s
 15998 13683 18496.7446   54  417 24353.3600 17562.2966  27.9%   299 1683s
 16141 14051 19863.0535   82  216 24353.3600 17564.6421  27.9%   299 1704s
 16185 14051 20133.1617   96  170 24353.3600 17564.6421  27.9%   299 1705s
 16558 14220 24143.8099  158   24 24353.3600 17564.6421  27.9%   295 1724s
 16741 14423 20981.4344  110  241 24353.3600 17572.5054  27.8%   294 1742s
 16991 14577 19074.4079   64  360 24353.3600 17572.7064  27.8%   293 1761s
 17208 14861 18605.1853   74  361 24353.3600 17574.9670  27.8%   292 1781s
 17508 15138 18657.0584   55  437 24353.3600 17574.9670  27.8%   289 1807s
 17799 15183 infeasible  251      24353.3600 17575.4402  27.8%   286 1825s
H17805 14988                    24014.080000 17575.4402  26.8%   286 1825s
 17856 15206 18429.0084   75  405 24014.0800 17575.4402  26.8%   286 1844s
 17929 15206 19553.3473  148  288 24014.0800 17575.4402  26.8%   286 1845s
 18093 15398 20377.9245  240  288 24014.0800 17577.5678  26.8%   285 1863s
 18315 15531 18231.3062   73  424 24014.0800 17577.5678  26.8%   283 1879s
 18426 15531 18317.1858   56  586 24014.0800 17577.5678  26.8%   282 1880s
 18448 15898 20025.0447  184  306 24014.0800 17581.6474  26.8%   282 1901s
 18841 16026 17870.2327   32  758 24014.0800 17581.6474  26.8%   278 1921s
 18982 16105 18296.1807   48  558 24014.0800 17581.6474  26.8%   278 1938s
H19032 15986                    23743.380000 17581.6474  26.0%   278 1938s
 19065 16173 19272.2237   97  369 23743.3800 17582.2022  25.9%   278 1956s
 19104 16173 20116.9458  136  279 23743.3800 17582.2022  25.9%   278 1997s
 19286 16249 17699.7534   29  672 23743.3800 17582.2022  25.9%   277 2015s
H19303 16248                    23741.070000 17582.2022  25.9%   277 2015s
 19362 16403 18415.1544   46  528 23741.0700 17582.2022  25.9%   278 2032s
 19517 16615 19132.1132   95  374 23741.0700 17582.2022  25.9%   277 2054s
 19579 16615 20814.2502  157  225 23741.0700 17582.2022  25.9%   277 2055s
 19773 16765     cutoff  234      23741.0700 17585.7437  25.9%   276 2071s
 19931 16895 18137.6267   81  417 23741.0700 17585.7437  25.9%   275 2088s
 20083 17026 18790.2991  106  353 23741.0700 17585.7437  25.9%   275 2104s
 20214 17039 19092.0799  178  241 23741.0700 17585.7437  25.9%   275 2125s
 20227 17447 19105.9733  182  259 23741.0700 17585.7437  25.9%   275 2145s
 20668 17492 20594.6316  259  224 23741.0700 17588.3696  25.9%   271 2164s
 20731 17557 18253.5859   36  672 23741.0700 17588.3696  25.9%   272 2180s
 20796 17695 18798.4716   64  567 23741.0700 17588.3696  25.9%   272 2196s
 20934 17697 19838.2879  164  340 23741.0700 17588.3696  25.9%   272 2222s
 20936 18005 19849.3793  165  349 23741.0700 17588.3696  25.9%   272 2241s
H21244 17539                    22970.350000 17588.3696  23.4%   269 2260s
 21356 17730 22863.0015  474  318 22970.3500 17590.4149  23.4%   269 2278s
 21573 17836 22041.7477  184  156 22970.3500 17590.9369  23.4%   268 2302s
 21699 17920 19304.6864  116  325 22970.3500 17590.9369  23.4%   268 2320s
H21761 17881                    22884.690000 17590.9369  23.1%   268 2320s
 21811 18177 20020.3811  177  278 22884.6900 17592.4727  23.1%   267 2337s
H22027 18056                    22675.690000 17592.4727  22.4%   266 2338s
H22129 18144                    22625.690000 17592.4727  22.2%   265 2355s
 22261 18419 19246.8768  148  347 22625.6900 17593.4928  22.2%   265 2373s
 22585 18487 18107.2611   41  458 22625.6900 17596.6285  22.2%   263 2393s
 22653 18807 18653.4366   75  428 22625.6900 17596.6285  22.2%   263 2410s
 22973 19029 20328.9530  236  307 22625.6900 17599.7412  22.2%   261 2429s
 23149 19029 21037.5799  276  355 22625.6900 17600.8123  22.2%   260 2430s
 23237 19245 18585.8646   83  368 22625.6900 17600.8123  22.2%   260 2449s
 23332 19245 21119.8584  177  204 22625.6900 17600.8123  22.2%   259 2450s
 23495 19406 17897.1693   44  514 22625.6900 17600.8123  22.2%   258 2467s
 23656 19574 19678.6877  123  313 22625.6900 17601.4959  22.2%   258 2485s
 23846 19788 18508.1080   62  394 22625.6900 17604.6376  22.2%   258 2504s
 23947 19788 21679.6367  163  136 22625.6900 17604.6376  22.2%   257 2505s
 24107 19869 17961.0204   53  509 22625.6900 17604.6376  22.2%   257 2521s
 24190 19911 19762.7623  116  331 22625.6900 17604.9450  22.2%   257 2537s
 24264 19971 17895.3464   36  709 22625.6900 17604.9450  22.2%   258 2552s
 24324 20104 18355.8821   63  450 22625.6900 17604.9450  22.2%   258 2570s
 24475 20318 19989.0322  110  439 22625.6900 17604.9450  22.2%   258 2595s
 24695 20587 22037.9418  220  308 22625.6900 17608.7740  22.2%   257 2615s
 25008 20779 19270.7476   72  325 22625.6900 17615.1648  22.1%   255 2634s
 25078 20779 20772.9709  142  172 22625.6900 17615.1648  22.1%   255 2635s
 25221 20942 17978.2656   79  452 22625.6900 17615.2741  22.1%   254 2652s
 25384 21096 18298.1438  101  395 22625.6900 17615.2741  22.1%   254 2671s
 25578 21342 18748.0428  152  293 22625.6900 17615.2741  22.1%   254 2689s
 25725 21342 19614.4212  242  230 22625.6900 17615.2741  22.1%   253 2690s
 25828 21692 19959.1417  247  270 22625.6900 17617.3896  22.1%   253 2711s
 26273 21891 18170.4298   36  457 22625.6900 17621.2368  22.1%   251 2729s
 26335 21891 19611.6459   98  298 22625.6900 17621.2368  22.1%   251 2730s
 26472 22019 20314.9914  123  308 22625.6900 17621.9202  22.1%   250 2747s
 26624 22312 18403.5430  109  403 22625.6900 17622.2121  22.1%   249 2801s
 26917 22514 19966.8287  272  258 22625.6900 17622.2636  22.1%   248 2820s
 27159 22786 19954.5734  140  259 22625.6900 17626.7783  22.1%   247 2869s
 27315 22786 20873.9115  155   93 22625.6900 17626.9878  22.1%   247 2870s
 27465 22877 18337.5497  105  377 22625.6900 17626.9878  22.1%   246 2889s
 27556 23068 19049.9799  174  357 22625.6900 17626.9878  22.1%   246 2912s
 27751 23210 20244.0743  339  310 22625.6900 17627.1446  22.1%   245 2928s
 27911 23348 17911.3503   29  696 22625.6900 17627.1446  22.1%   245 2946s
 28049 23659 18119.9717   36  594 22625.6900 17627.1446  22.1%   244 2966s
 28366 23766 18298.1242   58  534 22625.6900 17627.1446  22.1%   243 2984s
 28435 23766 22421.1220  623  290 22625.6900 17627.1446  22.1%   243 2985s
 28489 23822 18523.1776   70  384 22625.6900 17627.1446  22.1%   243 3145s
 28545 24011 18683.1401   91  431 22625.6900 17627.1446  22.1%   243 3162s
 28734 24168 19252.3261  147  354 22625.6900 17627.1446  22.1%   243 3179s
 28844 24168 20729.6363  188  180 22625.6900 17627.1446  22.1%   242 3180s
 28918 24332 19827.2970  215  267 22625.6900 17628.6072  22.1%   242 3196s
 29109 24471 18129.0245   34  523 22625.6900 17628.6072  22.1%   242 3213s
 29276 24729 18935.6988   66  354 22625.6900 17629.9732  22.1%   242 3231s
 29549 24910 18267.8027   56  518 22625.6900 17629.9732  22.1%   241 3248s
 29756 25004 20876.4801  164  270 22625.6900 17632.4421  22.1%   241 3265s
 29865 25067 18036.5446   77  438 22625.6900 17632.4421  22.1%   241 3281s
 29928 25159 18252.1758   95  412 22625.6900 17632.4421  22.1%   242 3296s
 30020 25317 18563.1312  118  362 22625.6900 17632.4421  22.1%   242 3313s
 30178 25505 18946.7430  148  346 22625.6900 17632.4421  22.1%   242 3330s
 30388 25683 19672.3477  183  315 22625.6900 17632.4421  22.1%   242 3349s
 30570 25827 19609.5934  223  338 22625.6900 17632.4421  22.1%   242 3368s
 30761 25948 infeasible  276      22625.6900 17637.1145  22.0%   242 3385s
H30909 26026                    22587.770000 17637.7801  21.9%   242 3405s
 31062 26150 18747.5420   68  499 22587.7700 17637.7801  21.9%   242 3422s
 31186 26301 21367.7477  170  194 22587.7700 17644.0450  21.9%   242 3441s
 31350 26465 19564.7961  104  361 22587.7700 17644.4614  21.9%   242 3462s
 31536 26530 17802.2734   24  831 22587.7700 17644.4614  21.9%   242 3480s
 31613 26642 17924.7800   41  755 22587.7700 17644.4614  21.9%   242 3496s
 31741 26785 18282.3825   77  510 22587.7700 17644.4614  21.9%   242 3515s
 31886 27114 19072.4712  164  344 22587.7700 17648.0939  21.9%   242 3537s
 32271 27150 17762.1691   24  849 22587.7700 17649.8095  21.9%   241 3555s
 32307 27218 18086.5879   38  676 22587.7700 17649.8095  21.9%   242 3572s
 32375 27363 18666.3547   56  606 22587.7700 17649.8095  21.9%   242 3589s
 32430 27363 19861.0534  111  332 22587.7700 17649.8095  21.9%   243 3590s
 32546 27540 19977.4071  116  263 22587.7700 17649.8095  21.9%   242 3600s

Cutting planes:
  User: 8737
  Gomory: 47
  Cover: 786
  Implied bound: 450
  Projected implied bound: 23
  Clique: 24
  MIR: 422
  StrongCG: 1
  Flow cover: 693
  GUB cover: 2
  Zero half: 21
  Network: 15
  RLT: 541
  Relax-and-lift: 29
  Lazy constraints: 602

Explored 32723 nodes (7952797 simplex iterations) in 3600.77 seconds
Thread count was 2 (of 32 available processors)

Solution count 10: 22587.8 22625.7 22675.7 ... 27478.4

Time limit reached
Best objective 2.258777000000e+04, best bound 1.764980945312e+04, gap 21.8612%

User-callback calls 650032, time in user-callback 336.32 sec
================================================================================
executing instance: ./input/Instances/Original/6/absH6high_1n20.dat
--------------------------------------------------------------------------------
Instance details
n	21
H	6
C	1651
Li:
[0, 0, 0, 0, 0, 0, 0, 0, 0, 0, 0, 0, 0, 0, 0, 0, 0, 0, 0, 0, 0, ]
Ui:
[0, 36, 182, 182, 90, 261, 117, 30, 110, 42, 276, 153, 40, 94, 144, 46, 129, 213, 264, 160, 174, ]
Distance matrix:
|0	371	401	343	361	341	370	115	392	400	79	266	292	245	355	431	265	194	95	92	348	|
|371	0	37	141	110	250	117	438	67	131	372	305	115	238	247	255	235	296	392	430	185	|
|401	37	0	175	100	284	146	472	90	156	406	342	152	275	280	282	242	333	415	455	178	|
|343	141	175	0	239	110	38	374	95	60	314	182	67	130	106	127	318	201	397	423	303	|
|361	110	100	239	0	341	222	451	177	240	385	374	190	304	341	361	151	345	354	398	78	|
|341	250	284	110	341	0	143	337	203	151	289	102	152	97	15	95	394	156	415	431	398	|
|370	117	146	38	222	143	0	407	61	30	346	220	81	167	137	139	317	237	417	447	292	|
|115	438	472	374	451	337	407	0	443	434	66	241	339	251	351	431	374	181	201	177	450	|
|392	67	90	95	177	203	61	443	0	66	379	275	104	216	197	193	294	283	427	461	252	|
|400	131	156	60	240	151	30	434	66	0	374	237	112	189	142	127	344	261	448	477	312	|
|79	372	406	314	385	289	346	66	379	374	0	202	275	197	304	383	316	134	175	166	388	|
|266	305	342	182	374	102	220	241	275	237	202	0	191	70	117	196	386	73	352	359	415	|
|292	115	152	67	190	152	81	339	104	112	275	191	0	123	154	193	252	183	336	366	246	|
|245	238	275	130	304	97	167	251	216	189	197	70	123	0	110	187	322	72	319	334	346	|
|355	247	280	106	341	15	137	351	197	142	304	117	154	110	0	80	399	171	427	444	400	|
|431	255	282	127	361	95	139	431	193	127	383	196	193	187	80	0	444	251	499	519	429	|
|265	235	242	318	151	394	317	374	294	344	316	386	252	322	399	444	0	332	226	273	97	|
|194	296	333	201	345	156	237	181	283	261	134	73	183	72	171	251	332	0	279	286	375	|
|95	392	415	397	354	415	417	201	427	448	175	352	336	319	427	499	226	279	0	47	321	|
|92	430	455	423	398	431	447	177	461	477	166	359	366	334	444	519	273	286	47	0	368	|
|348	185	178	303	78	398	292	450	252	312	388	415	246	346	400	429	97	375	321	368	0	|

--------------------------------------------------------------------------------
Building model...
	using lazy and cut (CVRPSEP package)
Solving IRP LP...
--------------------------------------------------------------------------------

Gurobi 9.1.0 (linux64) logging started Wed Feb 17 23:49:40 2021

Gurobi Optimizer version 9.1.0 build v9.1.0rc0 (linux64)
Thread count: 32 physical cores, 32 logical processors, using up to 2 threads
Optimize a model with 2397 rows, 7677 columns and 32907 nonzeros
Model fingerprint: 0x11e544db
Variable types: 747 continuous, 6930 integer (630 binary)
Coefficient statistics:
  Matrix range     [1e+00, 3e+02]
  Objective range  [1e-01, 5e+02]
  Bounds range     [1e+00, 3e+02]
  RHS range        [1e+00, 3e+03]
Presolve removed 627 rows and 121 columns
Presolve time: 0.19s
Presolved: 1770 rows, 7556 columns, 28246 nonzeros
Variable types: 605 continuous, 6951 integer (6341 binary)

Root relaxation: objective 1.422607e+04, 2346 iterations, 0.10 seconds

    Nodes    |    Current Node    |     Objective Bounds      |     Work
 Expl Unexpl |  Obj  Depth IntInf | Incumbent    BestBd   Gap | It/Node Time

     0     0 14226.0698    0  252          - 14226.0698      -     -    0s
     0     0 14459.0955    0  299          - 14459.0955      -     -    0s
     0     0 14483.7791    0  284          - 14483.7791      -     -    1s
     0     0 14495.8935    0  287          - 14495.8935      -     -    1s
     0     0 14495.8935    0  295          - 14495.8935      -     -    1s
     0     0 14635.2876    0  319          - 14635.2876      -     -    1s
     0     0 14754.7833    0  328          - 14754.7833      -     -    1s
     0     0 14798.8580    0  380          - 14798.8580      -     -    1s
     0     0 14805.7394    0  384          - 14805.7394      -     -    1s
     0     0 14806.1079    0  380          - 14806.1079      -     -    2s
     0     0 14806.1079    0  386          - 14806.1079      -     -    2s
     0     0 15046.1400    0  312          - 15046.1400      -     -    2s
     0     0 15058.0744    0  293          - 15058.0744      -     -    2s
     0     0 15062.1438    0  379          - 15062.1438      -     -    2s
     0     0 15067.8822    0  347          - 15067.8822      -     -    2s
     0     0 15074.0521    0  335          - 15074.0521      -     -    2s
     0     0 15076.6015    0  344          - 15076.6015      -     -    2s
     0     0 15076.6797    0  338          - 15076.6797      -     -    2s
     0     0 15171.1299    0  500          - 15171.1299      -     -    3s
     0     0 15233.0411    0  400          - 15233.0411      -     -    4s
     0     0 15241.6544    0  424          - 15241.6544      -     -    4s
     0     0 15243.9899    0  417          - 15243.9899      -     -    4s
     0     0 15244.3611    0  455          - 15244.3611      -     -    4s
     0     0 15255.2324    0  503          - 15255.2324      -     -    5s
     0     0 15261.7040    0  485          - 15261.7040      -     -    5s
     0     0 15262.7032    0  508          - 15262.7032      -     -    5s
     0     0 15283.1974    0  544          - 15283.1974      -     -    5s
     0     0 15287.1904    0  500          - 15287.1904      -     -    5s
     0     0 15288.7653    0  553          - 15288.7653      -     -    6s
     0     0 15288.8193    0  550          - 15288.8193      -     -    6s
     0     0 15293.9323    0  555          - 15293.9323      -     -    6s
     0     0 15296.7643    0  494          - 15296.7643      -     -    6s
     0     2 15296.7643    0  459          - 15296.7643      -     -    7s
    13    16 15523.9541    4  512          - 15313.9023      -  1082   10s
    35    38 15518.1421   10  543          - 15313.9023      -  1099   15s
    66    74 15632.7275   18  580          - 15313.9023      -   981   20s
    69    74 15739.1358   23  441          - 15313.9023      -   951   27s
    87    91 15704.3647   23  493          - 15313.9023      -   904   30s
    90    95 15704.3647   25  506          - 15313.9023      -   892   42s
   116   128 15838.5938   32  499          - 15313.9023      -   852   45s
   167   181 15933.0175   41  471          - 15313.9023      -   761   50s
   231   252 16285.5468   55  427          - 15313.9023      -   657   55s
   366   410 16701.1476   75  311          - 15313.9023      -   497   60s
   602   631 17985.8954  110  241          - 15313.9023      -   334   66s
   717   715 19386.9276  161  234          - 15313.9023      -   308   70s
   904   924 24234.3409  267   91          - 15332.8796      -   275   76s
   988   931 25156.7848  271  494          - 15332.8796      -   267   81s
   990   932 16928.1481   52  262          - 15332.8796      -   266   89s
   991   933 20716.4196  162  251          - 15332.8796      -   266   90s
  1005   942 24300.2545  271  611          - 15493.8449      -   262   96s
  1015   949 17229.0250   98  658          - 15511.1504      -   260  100s
  1023   954 15649.3343   19  673          - 15518.4563      -   258  105s
  1035   964 17274.0456   93  568          - 15518.4563      -   285  110s
  1047   972 26416.7222  251  684          - 15521.6652      -   282  115s
  1056   978 15526.7138    9  678          - 15526.7138      -   279  122s
  1058   979 17964.8218  112  636          - 15527.5866      -   279  125s
  1059   983 15676.8306   23  555          - 15527.5866      -   307  147s
  1061   984 15695.8687   24  503          - 15531.5055      -   308  151s
  1065   987 15748.0049   25  514          - 15548.6502      -   309  155s
  1071   991 15914.4401   26  590          - 15555.9994      -   320  161s
  1084  1001 15874.8226   29  466          - 15559.4699      -   334  165s
  1108  1017 15983.2298   36  462          - 15559.4699      -   344  170s
  1136  1036 16088.2747   42  440          - 15559.4699      -   366  175s
  1150  1048 16095.5719   44  494          - 15559.4699      -   378  198s
  1162  1054 16119.4015   48  443          - 15559.4699      -   387  201s
  1183  1070 16187.2263   53  428          - 15559.4699      -   401  205s
  1213  1090 16215.9196   60  411          - 15559.4699      -   419  211s
  1236  1106 16356.4925   64  401          - 15559.4699      -   441  216s
  1260  1121 16955.2635   70  308          - 15559.4699      -   458  221s
  1285  1148 17013.6169   75  377          - 15559.4699      -   471  226s
  1324  1173 17258.7401   85  337          - 15559.4699      -   484  230s
  1353  1197 17375.7151   95  300          - 15559.4699      -   493  235s
  1406  1227 17532.7567  111  303          - 15559.4699      -   502  240s
  1459  1257 17837.9958  128  307          - 15559.4699      -   512  246s
  1513  1300 18342.7571  146  281          - 15559.4699      -   520  252s
  1547  1321 18474.5757  158  226          - 15559.5253      -   524  257s
