




arguments: ./build/mirp_solver -f ./input/orig_exec_221.cfg
Current dir: /scratch/gui/bnc_mirp
File verbosity level: 9
date       time         ( uptime  ) [ thread name/id ]                   file:line     v| 
2021-01-10 12:24:00.071 (   0.526s) [main thread     ]             loguru.cpp:789   INFO| Logging to './output/vi_lex_quarter/OU/V3/Original/execution_10_01_2021_12_24_00.log', mode: 'a', verbosity: 9
--------------------------------------------------------------------------------
Parameters
                           instance_path           ./input/Instances/Original/6/
                            model_policy                                       1
                             nb_vehicles                                       3
                              output_dir ./output/vi_lex_quarter/OU/V3/Original/
                            sec_strategy                                       1
                       solver_nb_threads                                       2
                         solver_show_log                                    true
                       solver_time_limit                                    3600
                              use_vi_cos                                   false
                              use_vi_cus                                   false
                         use_vi_hc1_full                                   false
                         use_vi_hc1_half                                   false
                      use_vi_hc1_quarter                                   false
                              use_vi_hc2                                   false
                              use_vi_hc3                                   false
                         use_vi_lex_full                                   false
                         use_vi_lex_half                                   false
                      use_vi_lex_quarter                                    true
                              use_vi_qua                                   false
                               use_vi_vc                                   false
                               use_vi_vr                                   false
--------------------------------------------------------------------------------
executing instance: ./input/Instances/Original/6/absH6high_1n25.dat
--------------------------------------------------------------------------------
Instance details
n	26
H	6
C	1711
Li:
[0, 0, 0, 0, 0, 0, 0, 0, 0, 0, 0, 0, 0, 0, 0, 0, 0, 0, 0, 0, 0, 0, 0, 0, 0, 0, ]
Ui:
[0, 168, 176, 34, 66, 36, 177, 106, 118, 182, 64, 141, 189, 63, 46, 111, 182, 231, 36, 66, 68, 54, 132, 90, 246, 75, ]
Distance matrix:
|0	191	200	231	334	329	146	196	208	245	218	164	283	394	151	358	156	196	309	253	201	260	127	138	130	104	|
|191	0	226	229	278	146	328	216	390	417	327	293	195	334	106	296	171	122	472	151	12	411	280	53	190	130	|
|200	226	0	38	149	359	321	10	276	274	418	364	139	204	121	173	321	115	303	141	225	236	155	202	311	256	|
|231	229	38	0	110	352	358	37	314	310	448	395	108	167	129	135	342	109	336	120	226	268	194	213	335	277	|
|334	278	149	110	0	367	467	147	422	413	546	495	86	61	203	25	423	163	429	129	271	363	303	282	424	361	|
|329	146	359	352	367	0	453	349	533	562	411	393	282	411	245	378	250	244	617	245	141	556	426	195	284	243	|
|146	328	321	358	467	453	0	321	162	215	160	112	425	524	297	491	223	341	284	397	339	266	186	276	184	210	|
|196	216	10	37	147	349	321	0	281	281	414	360	132	203	112	171	315	105	311	132	216	244	159	193	305	249	|
|208	390	276	314	422	533	162	281	0	54	321	271	410	471	316	445	348	348	123	398	398	115	125	338	313	309	|
|245	417	274	310	413	562	215	281	54	0	375	323	413	457	334	435	393	361	70	406	424	69	139	367	359	349	|
|218	327	418	448	546	411	160	414	321	375	0	57	484	606	347	569	163	393	444	446	339	421	318	288	137	199	|
|164	293	364	395	495	393	112	360	271	323	57	0	437	556	300	519	144	346	393	401	305	367	261	249	109	163	|
|283	195	139	108	86	282	425	132	410	413	484	437	0	139	137	101	349	91	443	44	187	375	286	206	355	291	|
|394	334	204	167	61	411	524	203	471	457	606	556	139	0	264	38	483	222	467	183	326	403	356	341	484	421	|
|151	106	121	129	203	245	297	112	316	334	347	300	137	264	0	225	220	46	381	102	106	316	195	84	221	158	|
|358	296	173	135	25	378	491	171	445	435	569	519	101	38	225	0	444	184	450	145	288	384	328	303	446	383	|
|156	171	321	342	423	250	223	315	348	393	163	144	349	483	220	444	0	261	460	308	183	415	284	143	39	65	|
|196	122	115	109	163	244	341	105	348	361	393	346	91	222	46	184	261	0	402	56	118	336	224	119	264	200	|
|309	472	303	336	429	617	284	311	123	70	444	393	443	467	381	450	460	402	0	442	477	68	192	424	426	413	|
|253	151	141	120	129	245	397	132	398	406	446	401	44	183	102	145	308	56	442	0	143	375	273	164	315	251	|
|201	12	225	226	271	141	339	216	398	424	339	305	187	326	106	288	183	118	477	143	0	416	286	63	202	142	|
|260	411	236	268	363	556	266	244	115	69	421	367	375	403	316	384	415	336	68	375	416	0	135	365	384	363	|
|127	280	155	194	303	426	186	159	125	139	318	261	286	356	195	328	284	224	192	273	286	135	0	232	256	229	|
|138	53	202	213	282	195	276	193	338	367	288	249	206	341	84	303	143	119	424	164	63	365	232	0	153	89	|
|130	190	311	335	424	284	184	305	313	359	137	109	355	484	221	446	39	264	426	315	202	384	256	153	0	64	|
|104	130	256	277	361	243	210	249	309	349	199	163	291	421	158	383	65	200	413	251	142	363	229	89	64	0	|

--------------------------------------------------------------------------------
Building model...
	using lazy and cut (CVRPSEP package)
Solving IRP LP...
--------------------------------------------------------------------------------

Gurobi 9.1.0 (linux64) logging started Sun Jan 10 12:24:00 2021

Gurobi Optimizer version 9.1.0 build v9.1.0rc0 (linux64)
Thread count: 32 physical cores, 32 logical processors, using up to 2 threads
Optimize a model with 1436 rows, 6950 columns and 17024 nonzeros
Model fingerprint: 0x63002a8e
Variable types: 632 continuous, 6318 integer (468 binary)
Coefficient statistics:
  Matrix range     [1e+00, 6e+02]
  Objective range  [1e-01, 6e+02]
  Bounds range     [1e+00, 2e+02]
  RHS range        [1e+01, 3e+03]
Presolve removed 234 rows and 134 columns
Presolve time: 0.07s
Presolved: 1202 rows, 6816 columns, 15735 nonzeros
Variable types: 550 continuous, 6266 integer (5805 binary)

Root relaxation: objective 1.362391e+04, 1761 iterations, 0.04 seconds

    Nodes    |    Current Node    |     Objective Bounds      |     Work
 Expl Unexpl |  Obj  Depth IntInf | Incumbent    BestBd   Gap | It/Node Time

     0     0 13623.9148    0  207          - 13623.9148      -     -    0s
     0     0 13847.6847    0  229          - 13847.6847      -     -    0s
     0     0 13884.1292    0  234          - 13884.1292      -     -    0s
     0     0 13894.5605    0  237          - 13894.5605      -     -    0s
     0     0 13894.5667    0  233          - 13894.5667      -     -    0s
     0     0 14544.2990    0  341          - 14544.2990      -     -    0s
     0     0 14650.2388    0  340          - 14650.2388      -     -    1s
     0     0 14657.7488    0  345          - 14657.7488      -     -    1s
     0     0 14662.3457    0  360          - 14662.3457      -     -    1s
     0     0 14663.2135    0  370          - 14663.2135      -     -    1s
     0     0 14663.6833    0  373          - 14663.6833      -     -    1s
     0     0 15008.2746    0  413          - 15008.2746      -     -    1s
     0     0 15047.5777    0  443          - 15047.5777      -     -    1s
     0     0 15048.9463    0  425          - 15048.9463      -     -    1s
     0     0 15241.5532    0  422          - 15241.5532      -     -    2s
     0     0 15302.1258    0  433          - 15302.1258      -     -    2s
     0     0 15348.5453    0  467          - 15348.5453      -     -    2s
     0     0 15397.7647    0  441          - 15397.7647      -     -    3s
     0     0 15403.0491    0  469          - 15403.0491      -     -    3s
     0     0 15411.7430    0  458          - 15411.7430      -     -    3s
     0     0 15412.6144    0  479          - 15412.6144      -     -    3s
     0     0 15520.4029    0  431          - 15520.4029      -     -    3s
     0     0 15556.3583    0  463          - 15556.3583      -     -    4s
     0     0 15560.0822    0  533          - 15560.0822      -     -    4s
     0     0 15560.3814    0  553          - 15560.3814      -     -    4s
     0     0 15592.5668    0  556          - 15592.5668      -     -    4s
     0     0 15598.1495    0  513          - 15598.1495      -     -    4s
     0     0 15598.5074    0  572          - 15598.5074      -     -    4s
     0     0 15613.8318    0  511          - 15613.8318      -     -    5s
     0     0 15616.1348    0  480          - 15616.1348      -     -    5s
     0     2 15616.1348    0  480          - 15616.1348      -     -    6s
    24    27 15797.5353    7  334          - 15719.3011      -   948   10s
    92   103 16518.6405   27  244          - 15719.3011      -   632   15s
   347   338 18623.2250  149  112          - 15719.7455      -   241   20s
   508   505 16216.3421   15  526          - 15719.7455      -   210   25s
   717   674 16482.2353   23  401          - 15719.7455      -   176   30s
   738   681 17210.1787   43  567          - 16133.5022      -   176   35s
   757   694 16811.0956   23  572          - 16264.8197      -   172   40s
   776   708 16266.3616   11  567          - 16266.3616      -   195   45s
   796   725 16320.6891   29  508          - 16307.0656      -   220   50s
   846   757 16451.3373   43  379          - 16313.2572      -   243   55s
   929   825 16841.3264   68  280          - 16313.2572      -   250   60s
  1074   933 17507.5550  112  186          - 16313.2572      -   240   65s
  1262  1062 18374.6986  158  148          - 16313.2572      -   227   70s
  1523  1216 21008.2153  235   52          - 16315.5173      -   204   75s
* 1684  1190             234    21961.670000 16317.0035  25.7%   195   79s
H 1708  1145                    21796.090000 16317.0035  25.1%   194   80s
  1737  1169 16581.5446   35  479 21796.0900 16317.0035  25.1%   205   85s
  1766  1187 16710.7442   44  315 21796.0900 16317.0035  25.1%   214   91s
  1797  1207 16830.0751   51  351 21796.0900 16317.0035  25.1%   220   95s
  1842  1245 16938.5387   59  287 21796.0900 16317.0035  25.1%   227  100s
  1888  1276 17080.2013   72  258 21796.0900 16317.0035  25.1%   232  106s
  1958  1328 17266.1227   92  255 21796.0900 16317.0035  25.1%   234  111s
  2016  1375 17447.3307  109  262 21796.0900 16317.0035  25.1%   235  116s
  2098  1443 17818.9278  118  248 21796.0900 16317.0035  25.1%   235  121s
H 2146  1441                    21630.090000 16317.0035  24.6%   234  124s
  2192  1506 18194.2447  130  136 21630.0900 16317.0035  24.6%   232  126s
  2274  1480 18378.4959  135  221 21630.0900 16317.0035  24.6%   230  131s
  2439  1710 18854.8958  163   49 21630.0900 16317.0035  24.6%   221  138s
H 2485  1612                    20359.570000 16317.0035  19.9%   220  138s
  2570  1718 19223.9045  176  117 20359.5700 16317.0035  19.9%   215  142s
  2730  1773 19766.2187  195   59 20359.5700 16317.3814  19.9%   208  146s
H 2817  1748                    20112.480000 16317.3814  18.9%   205  146s
  2835  1780 16636.9086   34  353 20112.4800 16317.3814  18.9%   207  156s
  2855  1810 16844.9112   44  448 20112.4800 16317.3814  18.9%   208  160s
  2925  1898 18236.4759   84  202 20112.4800 16317.3814  18.9%   209  166s
* 3028  1858             172    19770.020000 16319.1861  17.5%   204  170s
H 3066  1874                    19661.800000 16319.1861  17.0%   206  172s
  3098  1912 16856.4735   35  425 19661.8000 16319.1861  17.0%   207  175s
H 3139  1960                    19617.400000 16319.1861  16.8%   208  178s
  3189  2019 17739.7037   69  279 19617.4000 16319.1861  16.8%   208  181s
  3248  2095 18345.7198   88  146 19617.4000 16319.4747  16.8%   208  186s
  3390  2128 17025.8815   33  302 19617.4000 16319.8069  16.8%   208  201s
  3413  2187 17789.9134   42  242 19617.4000 16319.8069  16.8%   209  205s
  3518  2230 16505.8617   29  493 19617.4000 16340.1559  16.7%   211  211s
  3562  2286 16866.4335   49  436 19617.4000 16340.1559  16.7%   213  217s
  3592  2332 17600.9697   65  306 19617.4000 16340.1559  16.7%   214  220s
  3702  2435 16611.9306   34  418 19617.4000 16341.8241  16.7%   215  228s
  3751  2507 16765.5606   39  394 19617.4000 16341.8241  16.7%   217  232s
  3823  2604 16997.8200   43  368 19617.4000 16341.8241  16.7%   217  239s
  3928  2604 18569.2384  140   43 19617.4000 16341.8241  16.7%   216  243s
  3956  2657 17397.5035   50  253 19617.4000 16341.8241  16.7%   216  247s
  4009  2681 18240.1363   69  176 19617.4000 16341.8241  16.7%   217  253s
  4035  2715 18552.5567   76  216 19617.4000 16347.4536  16.7%   218  257s
  4085  2764 16703.1751   35  326 19617.4000 16371.9383  16.5%   219  264s
  4142  2848 16654.9393   32  543 19617.4000 16371.9383  16.5%   222  271s
* 4224  2717             158    19339.530000 16371.9383  15.3%   220  271s
  4242  2746 16925.9253   39  452 19339.5300 16371.9383  15.3%   222  276s
  4302  2791 17183.9426   50  455 19339.5300 16371.9383  15.3%   222  280s
  4353  2827 17504.4180   66  421 19339.5300 16371.9383  15.3%   223  285s
H 4361  2799                    19279.800000 16371.9383  15.1%   223  285s
  4389  2838 18537.6860   90  324 19279.8000 16381.8945  15.0%   224  291s
  4436  2861 16646.0757   33  576 19279.8000 16381.8945  15.0%   227  295s
  4459  2902 17072.6173   40  482 19279.8000 16381.8945  15.0%   230  301s
H 4499  2740                    19084.300000 16381.8945  14.2%   230  301s
  4500  2793 17535.3568   55  323 19084.3000 16381.8945  14.2%   231  305s
  4553  2941 17923.0328   82  212 19084.3000 16382.8301  14.2%   232  312s
  4719  2979 16709.4430   34  520 19084.3000 16382.8301  14.2%   229  319s
H 4745  2706                    18719.669976 16382.8301  12.5%   229  319s
  4770  2759 17431.0653   60  244 18719.6700 16383.1079  12.5%   228  326s
H 4849  2391                    18350.950000 16383.1079  10.7%   229  331s
  4878  2435 17379.1267   46  196 18350.9500 16391.6449  10.7%   232  337s
  4930  2478 16706.2860   31  484 18350.9500 16391.6449  10.7%   234  342s
  4973  2538 17080.2329   48  481 18350.9500 16391.6449  10.7%   236  348s
  5033  2657 17404.5666   79  383 18350.9500 16395.0914  10.7%   236  355s
  5178  2727 16610.6936   30  501 18350.9500 16395.0914  10.7%   235  363s
  5274  2793 17385.7862   45  376 18350.9500 16398.9953  10.6%   236  369s
  5316  2793 18305.6415   87   75 18350.9500 16398.9953  10.6%   235  370s
  5347  2882 16777.4752   38  398 18350.9500 16402.9953  10.6%   237  379s
  5388  2882 17647.3459   78  129 18350.9500 16402.9953  10.6%   237  380s
  5456  2940 16641.1095   35  361 18350.9500 16402.9953  10.6%   238  386s
  5526  3032 17590.5436   57  226 18350.9500 16410.1795  10.6%   239  394s
  5629  3117 18227.7682  111    4 18350.9500 16412.0290  10.6%   240  401s
H 5633  3029                    18298.550000 16412.0290  10.3%   240  401s
  5745  3097 17582.3748   53  308 18298.5500 16416.6740  10.3%   240  411s
  5837  3131 16695.5354   31  556 18298.5500 16419.4606  10.3%   242  418s
  5871  3166 17061.4448   41  323 18298.5500 16419.4606  10.3%   244  424s
  5888  3166 16848.9297   42  346 18298.5500 16419.4606  10.3%   245  425s
  5906  3200 17127.0534   49  257 18298.5500 16419.4606  10.3%   247  434s
  5942  3364 17270.5013   55  316 18298.5500 16420.3191  10.3%   248  445s
  6150  3397 16623.2211   30  387 18298.5500 16420.3923  10.3%   247  452s
  6183  3455 17414.6418   51  332 18298.5500 16420.9461  10.3%   250  460s
  6251  3522 16657.2880   32  545 18298.5500 16420.9461  10.3%   251  467s
  6328  3600 17433.1629   52  417 18298.5500 16445.0298  10.1%   252  475s
  6424  3680 16685.4628   34  524 18298.5500 16445.0298  10.1%   254  484s
  6504  3802 17131.1747   40  361 18298.5500 16445.0298  10.1%   255  494s
  6565  3802 17718.6402  113  122 18298.5500 16445.0298  10.1%   256  495s
  6646  3885 17665.1062   49  427 18298.5500 16445.0298  10.1%   255  503s
  6747  3931 18215.0938   68  233 18298.5500 16451.1544  10.1%   256  511s
  6811  3995 17563.8098   59  426 18298.5500 16451.1850  10.1%   257  519s
  6897  4065 17068.5488   48  358 18298.5500 16453.0710  10.1%   259  529s
  6997  4161 16704.1210   36  424 18298.5500 16455.5790  10.1%   259  539s
  7119  4261 16723.8694   42  430 18298.5500 16463.1503  10.0%   259  549s
  7180  4261 16726.7703   42  367 18298.5500 16469.4191  10.0%   260  550s
  7240  4439 16705.1521   44  401 18298.5500 16469.7756  10.0%   260  562s
* 7336  4242             136    18210.740000 16469.7756  9.56%   258  563s
* 7463  3742             109    18021.840000 16474.4919  8.59%   258  575s
* 7484  3706             107    18006.560000 16477.2104  8.49%   259  575s
  7501  3776 17488.6894   52  390 18006.5600 16477.2744  8.49%   261  587s
  7620  3873 16855.2846   39  395 18006.5600 16477.2744  8.49%   263  599s
  7717  3978 17116.9998   53  383 18006.5600 16477.2744  8.49%   265  619s
  7858  4058 17764.9693   86  163 18006.5600 16478.9674  8.48%   267  634s
  7966  4193 16777.1711   40  498 18006.5600 16492.3242  8.41%   269  649s
  8137  4345 16864.4273   43  402 18006.5600 16493.7874  8.40%   269  663s
H 8313  4230                    17910.790000 16495.1746  7.90%   269  677s
  8525  4294 16860.1336   39  519 17910.7900 16500.3098  7.88%   269  693s
  8606  4384 17296.8298   49  334 17910.7900 16502.0213  7.87%   273  706s
  8729  4495 17361.9918   54  343 17910.7900 16503.2950  7.86%   275  720s
  8866  4643 16879.3412   48  400 17910.7900 16510.6767  7.82%   276  735s
  9047  4767 16940.4001   46  483 17910.7900 16516.2687  7.79%   275  750s
  9193  4940 16908.4572   46  237 17910.7900 16517.9260  7.78%   275  765s
  9382  5103 16919.3335   45  377 17910.7900 16518.1216  7.78%   274  787s
  9592  5195     cutoff   61      17910.7900 16520.2030  7.76%   273  802s
  9727  5297 16659.4113   33  493 17910.7900 16525.7803  7.73%   273  817s
H 9854  5356                    17900.790000 16526.1192  7.68%   274  832s
H 9898  4773                    17751.790000 16528.7189  6.89%   276  832s
  9956  4837 16955.9323   38  475 17751.7900 16528.9123  6.89%   277  846s
 10045  4912 17337.8072   47  409 17751.7900 16535.3027  6.85%   278  868s
 10154  4981 16793.7039   32  632 17751.7900 16536.6375  6.85%   280  884s
H10249  4989                    17741.790000 16538.5679  6.78%   283  898s
 10331  5040 17007.5764   37  449 17741.7900 16539.7925  6.77%   285  912s
 10382  5147 17088.4517   41  414 17741.7900 16539.7925  6.77%   288  928s
 10513  5257 17183.4237   47  433 17741.7900 16539.7925  6.77%   290  942s
 10661  5377 17383.3302   61  284 17741.7900 16539.7925  6.77%   291  958s
 10794  5403 17609.4399   69  280 17741.7900 16539.7925  6.77%   293 1034s
H10822  4594                    17579.660000 16539.7925  5.92%   293 1034s
 10852  4683     cutoff   72      17579.6600 16543.9606  5.89%   293 1052s
 11040  4768 17092.3488   40  481 17579.6600 16548.3537  5.87%   293 1069s
 11090  4768 17087.0337   49  302 17579.6600 16548.5101  5.87%   294 1070s
 11162  4875 17535.7876   53  383 17579.6600 16548.7997  5.86%   294 1085s
 11303  4951 17452.5716   46  400 17579.6600 16553.4063  5.84%   296 1103s
 11417  5088 16624.7616   34  376 17579.6600 16555.5585  5.83%   297 1123s
 11616  5204 17020.1349   40  365 17579.6600 16561.1942  5.79%   298 1140s
 11766  5306 16929.1228   36  415 17579.6600 16562.5092  5.79%   300 1157s
 11932  5402 16778.7265   33  346 17579.6600 16563.1582  5.78%   301 1174s
 12084  5508 17458.3979   58  341 17579.6600 16564.0918  5.78%   302 1192s
H12239  5066                    17505.940000 16569.2757  5.35%   303 1211s
 12346  5179 17162.4402   60  302 17505.9400 16571.8287  5.34%   305 1228s
 12506  5282 17022.2158   45  440 17505.9400 16574.6555  5.32%   306 1246s
H12639  5341                    17503.200000 16575.0294  5.30%   308 1263s
 12756  5490 17133.0785   48  259 17503.2000 16575.4448  5.30%   309 1281s
 12934  5526 17435.8944   53  380 17503.2000 16575.6509  5.30%   310 1298s
 13008  5640 17111.6528   40  545 17503.2000 16576.1194  5.30%   311 1315s
 13166  5788 17028.9317   37  477 17503.2000 16579.9686  5.27%   312 1333s
 13363  5922 16999.3514   39  294 17503.2000 16581.4704  5.27%   313 1352s
 13552  6011 17097.9839   53  301 17503.2000 16582.9962  5.26%   314 1371s
 13689  6011 17486.6046   80   69 17503.2000 16584.3492  5.25%   314 1376s
 13706  6111 16841.0437   32  505 17503.2000 16584.4273  5.25%   316 1394s
 13858  6241 17121.1135   40  544 17503.2000 16584.8470  5.25%   318 1416s
 14052  6419 17407.2600   66  140 17503.2000 16586.1399  5.24%   319 1435s
 14298  6564 16892.0841   37  396 17503.2000 16592.6091  5.20%   318 1455s
 14486  6714 17346.8312   71  232 17503.2000 16594.3545  5.19%   319 1474s
 14637  6714 17351.0599   71  161 17503.2000 16594.4412  5.19%   319 1475s
 14678  6798 16953.6402   41  518 17503.2000 16594.6246  5.19%   319 1500s
 14777  6798 17461.9967   70  225 17503.2000 16594.9355  5.19%   321 1505s
 14811  6896 17009.7419   43  564 17503.2000 16596.1496  5.18%   321 1523s
 14932  7000 17391.3399   55  273 17503.2000 16596.7280  5.18%   323 1555s
 15111  7131 17308.8090   61  159 17503.2000 16598.4707  5.17%   324 1573s
H15284  7246                    17496.200000 16598.6540  5.13%   325 1593s
 15492  7341 17434.0051   76  198 17496.2000 16601.4216  5.11%   325 1611s
 15607  7518 17329.8767   51  281 17496.2000 16601.9010  5.11%   327 1630s
 15855  7658 16822.0836   42  486 17496.2000 16603.3140  5.10%   326 1650s
 16052  7790 17390.7234   39  298 17496.2000 16604.6352  5.10%   325 1668s
 16263  7966 17106.7300   47  465 17496.2000 16608.1709  5.08%   324 1695s
 16521  8144 17413.5653   93  157 17496.2000 16608.6783  5.07%   323 1715s
 16739  8279 17331.4703   71  224 17496.2000 16609.5828  5.07%   322 1736s
 16944  8366 17429.9129   53  331 17496.2000 16610.4586  5.06%   322 1755s
 17079  8494 17375.9188   55  313 17496.2000 16612.0583  5.05%   322 1773s
 17237  8650 17198.2865   52  420 17496.2000 16613.3540  5.05%   322 1797s
 17468  8799 16784.6682   42  461 17496.2000 16617.1301  5.02%   322 1817s
 17667  8934 17397.1644   56  297 17496.2000 16617.5145  5.02%   323 1838s
 17867  9056 17172.8161   43  295 17496.2000 16618.6739  5.02%   323 1857s
 18056  9239 17002.4396   40  343 17496.2000 16620.5688  5.00%   324 1876s
 18292  9459 17384.7007   81  190 17496.2000 16621.2071  5.00%   324 1897s
 18570  9560 17455.1916  101  217 17496.2000 16623.5881  4.99%   323 1917s
 18758  9685     cutoff   54      17496.2000 16625.1237  4.98%   324 1936s
 18966  9838 16943.5241   49  384 17496.2000 16626.9004  4.97%   324 1954s
 19048  9838 16944.1625   49  507 17496.2000 16627.4582  4.97%   324 1955s
 19157  9946     cutoff   61      17496.2000 16627.9435  4.96%   324 1973s
 19318 10094 16910.3045   46  354 17496.2000 16629.9033  4.95%   325 1999s
 19462 10094 17440.1871   64  172 17496.2000 16629.9033  4.95%   325 2000s
 19519 10217 16702.8284   41  550 17496.2000 16630.8607  4.95%   326 2018s
 19706 10381 17169.7064   44  292 17496.2000 16633.0455  4.93%   326 2039s
 19941 10494 16838.1652   37  304 17496.2000 16633.7013  4.93%   326 2059s
 20100 10638 17007.2464   46  340 17496.2000 16634.6893  4.92%   327 2079s
 20302 10748 17064.9453   52  194 17496.2000 16635.0963  4.92%   328 2099s
 20460 10848 17191.5315   38  303 17496.2000 16635.4593  4.92%   329 2119s
 20657 10987 17215.9099   46  309 17496.2000 16636.3929  4.91%   330 2140s
 20862 11113 17205.3775   59  528 17496.2000 16636.9086  4.91%   330 2159s
 20946 11113 17111.6384   41  413 17496.2000 16637.2475  4.91%   330 2160s
 21049 11252 17052.7338   46  348 17496.2000 16637.6219  4.91%   330 2180s
 21234 11381     cutoff   50      17496.2000 16638.4041  4.90%   331 2200s
 21423 11487 17220.1941   46  398 17496.2000 16639.0568  4.90%   331 2224s
 21532 11487 16800.5341   36  512 17496.2000 16640.2069  4.89%   331 2225s
 21593 11617 16793.2710   37  408 17496.2000 16640.2069  4.89%   332 2244s
 21675 11617 17439.2047   67  241 17496.2000 16640.2069  4.89%   332 2245s
 21745 11757 17440.0987   69  175 17496.2000 16640.8581  4.89%   332 2264s
 21791 11757 17472.8408   73  154 17496.2000 16640.8581  4.89%   332 2265s
 21960 11909 17473.9659   66  326 17496.2000 16641.5700  4.88%   333 2290s
 22160 11986 17393.6650   59  255 17496.2000 16642.9590  4.88%   333 2309s
 22291 12107 16928.7860   34  524 17496.2000 16644.1522  4.87%   334 2328s
 22472 12199 16830.8802   39  562 17496.2000 16645.6525  4.86%   335 2348s
 22602 12294 17446.0199   57  407 17496.2000 16646.2568  4.86%   336 2368s
 22762 12461 17424.4029   52  351 17496.2000 16646.3989  4.86%   336 2389s
 22858 12461 17404.0589   69  104 17496.2000 16646.3989  4.86%   336 2390s
 23032 12568 16986.4136   42  336 17496.2000 16647.2140  4.85%   336 2409s
 23177 12719 16869.7615   40  400 17496.2000 16647.9329  4.85%   337 2429s
 23382 12828 16881.1941   44  474 17496.2000 16648.6901  4.84%   337 2449s
 23551 12972 17061.5036   48  416 17496.2000 16649.7872  4.84%   338 2470s
 23826 13112 17051.6134   55  376 17496.2000 16651.3378  4.83%   337 2490s
 24036 13264 16880.1879   36  351 17496.2000 16652.6942  4.82%   337 2510s
 24257 13430 16837.6809   47  374 17496.2000 16653.6633  4.82%   336 2531s
 24472 13627     cutoff   73      17496.2000 16654.2983  4.81%   335 2555s
H24754 12039                    17399.300000 16655.2446  4.28%   334 2578s
H24755 11959                    17395.200000 16655.2875  4.25%   334 2578s
 24871 12060 17141.9562   47  521 17395.2000 16655.7336  4.25%   334 2599s
 25053 12148 16988.7231   37  322 17395.2000 16656.0665  4.25%   334 2620s
 25239 12236     cutoff   53      17395.2000 16656.8844  4.24%   334 2641s
H25317 12060                    17387.280000 16656.8844  4.20%   335 2641s
 25400 12156 17112.2513   51  448 17387.2800 16657.4687  4.20%   335 2660s
 25556 12270 16850.9704   35  382 17387.2800 16657.6665  4.20%   336 2680s
 25754 12447 16880.5421   38  345 17387.2800 16658.8685  4.19%   336 2702s
 25976 12584 17161.5785   54  559 17387.2800 16659.5382  4.19%   336 2723s
 26184 12752 17010.5234   40  426 17387.2800 16660.2362  4.18%   337 2744s
 26295 12752 16845.9592   46  358 17387.2800 16660.5851  4.18%   337 2745s
 26433 12868 16838.7014   36  263 17387.2800 16660.7443  4.18%   337 2765s
 26627 12933     cutoff   59      17387.2800 16661.2652  4.18%   337 2784s
 26790 13065 17202.7202   61  337 17387.2800 16662.3974  4.17%   338 2804s
 26978 13141 17158.3224   44  452 17387.2800 16663.0148  4.17%   338 2824s
 27125 13290 17141.6049   45  279 17387.2800 16663.6389  4.16%   339 2843s
 27358 13388 17122.0936   60  360 17387.2800 16665.4791  4.15%   339 2864s
 27510 13519 16772.2625   34  509 17387.2800 16665.9425  4.15%   340 2885s
 27685 13636 17179.6837   54  262 17387.2800 16666.2114  4.15%   340 2906s
 27876 13713 16971.9632   36  512 17387.2800 16667.0633  4.14%   341 2927s
 28001 13827 17061.0435   39  473 17387.2800 16667.5798  4.14%   342 2948s
 28212 13993 17295.0344   66  271 17387.2800 16668.5499  4.13%   342 2969s
 28344 13993 17176.1182   45  280 17387.2800 16669.1662  4.13%   342 2970s
 28485 14176 17086.9778   50  280 17387.2800 16669.7596  4.13%   341 2990s
 28708 14317 17074.6715   45  333 17387.2800 16669.9694  4.13%   341 3010s
 28960 14485 17359.6410   56  301 17387.2800 16670.3186  4.12%   340 3031s
 29200 14600 17270.3800   46  399 17387.2800 16671.6251  4.12%   339 3051s
 29400 14700 16882.0015   39  551 17387.2800 16672.1100  4.11%   339 3070s
 29560 14823     cutoff   50      17387.2800 16672.4741  4.11%   339 3090s
 29764 14946 17289.0682   64  298 17387.2800 16673.8630  4.10%   339 3110s
 30004 15086 16901.7518   43  273 17387.2800 16675.0418  4.10%   338 3130s
 30203 15180 17082.3786   50  383 17387.2800 16675.2863  4.09%   338 3149s
 30351 15266 17301.4895   44  470 17387.2800 16676.1929  4.09%   338 3168s
 30516 15434 17359.9792   47  257 17387.2800 16677.0836  4.08%   338 3190s
 30760 15602 17149.7835   41  412 17387.2800 16677.6578  4.08%   338 3212s
 31011 15754 17268.3617   53  240 17387.2800 16678.1352  4.08%   337 3233s
 31256 15929 17248.0064   62  306 17387.2800 16678.7396  4.08%   336 3254s
 31535 16019 17023.5710   47  331 17387.2800 16679.2539  4.07%   335 3274s
 31697 16146 16719.5629   36  595 17387.2800 16680.2467  4.07%   335 3292s
 31882 16291 16884.0847   44  345 17387.2800 16681.1444  4.06%   335 3312s
 32104 16382 16989.5933   38  429 17387.2800 16681.8562  4.06%   335 3330s
 32228 16518     cutoff   47      17387.2800 16683.0316  4.05%   335 3350s
 32485 16629 17365.6894   72  244 17387.2800 16683.6702  4.05%   334 3368s
 32708 16815 16940.0929   42  360 17387.2800 16684.7962  4.04%   334 3388s
 32968 16901 17147.9274   45  455 17387.2800 16686.0670  4.03%   333 3408s
 33147 17025     cutoff   41      17387.2800 16687.0171  4.03%   333 3426s
 33309 17116 17203.4682   63  390 17387.2800 16687.4107  4.03%   333 3445s
 33460 17247 16989.7287   41  327 17387.2800 16688.5775  4.02%   333 3464s
 33649 17382 17153.3402   56  322 17387.2800 16689.6326  4.01%   333 3487s
 33946 17539 16907.3905   39  358 17387.2800 16690.4685  4.01%   332 3507s
 34200 17687 16939.5006   42  335 17387.2800 16691.7622  4.00%   332 3527s
 34410 17796     cutoff   53      17387.2800 16692.3134  4.00%   332 3548s
 34624 17953     cutoff   52      17387.2800 16692.6009  4.00%   331 3569s
 34719 17953 17126.3842   48  278 17387.2800 16692.6009  4.00%   331 3570s
 34894 18078 17109.8019   49  327 17387.2800 16693.2162  3.99%   331 3589s
 35064 18116     cutoff   59      17387.2800 16693.5647  3.99%   331 3600s

Cutting planes:
  User: 4356
  Gomory: 55
  Cover: 389
  Implied bound: 56
  Projected implied bound: 21
  Clique: 14
  MIR: 289
  StrongCG: 14
  Flow cover: 651
  Zero half: 39
  Network: 19
  RLT: 332
  Relax-and-lift: 20
  Lazy constraints: 463

Explored 35142 nodes (11648840 simplex iterations) in 3600.39 seconds
Thread count was 2 (of 32 available processors)

Solution count 10: 17387.3 17395.2 17399.3 ... 17900.8

Time limit reached
Best objective 1.738728000000e+04, best bound 1.669362771070e+04, gap 3.9894%

User-callback calls 318157, time in user-callback 282.18 sec
================================================================================
executing instance: ./input/Instances/Original/6/absH6high_1n20.dat
--------------------------------------------------------------------------------
Instance details
n	21
H	6
C	1651
Li:
[0, 0, 0, 0, 0, 0, 0, 0, 0, 0, 0, 0, 0, 0, 0, 0, 0, 0, 0, 0, 0, ]
Ui:
[0, 36, 182, 182, 90, 261, 117, 30, 110, 42, 276, 153, 40, 94, 144, 46, 129, 213, 264, 160, 174, ]
Distance matrix:
|0	371	401	343	361	341	370	115	392	400	79	266	292	245	355	431	265	194	95	92	348	|
|371	0	37	141	110	250	117	438	67	131	372	305	115	238	247	255	235	296	392	430	185	|
|401	37	0	175	100	284	146	472	90	156	406	342	152	275	280	282	242	333	415	455	178	|
|343	141	175	0	239	110	38	374	95	60	314	182	67	130	106	127	318	201	397	423	303	|
|361	110	100	239	0	341	222	451	177	240	385	374	190	304	341	361	151	345	354	398	78	|
|341	250	284	110	341	0	143	337	203	151	289	102	152	97	15	95	394	156	415	431	398	|
|370	117	146	38	222	143	0	407	61	30	346	220	81	167	137	139	317	237	417	447	292	|
|115	438	472	374	451	337	407	0	443	434	66	241	339	251	351	431	374	181	201	177	450	|
|392	67	90	95	177	203	61	443	0	66	379	275	104	216	197	193	294	283	427	461	252	|
|400	131	156	60	240	151	30	434	66	0	374	237	112	189	142	127	344	261	448	477	312	|
|79	372	406	314	385	289	346	66	379	374	0	202	275	197	304	383	316	134	175	166	388	|
|266	305	342	182	374	102	220	241	275	237	202	0	191	70	117	196	386	73	352	359	415	|
|292	115	152	67	190	152	81	339	104	112	275	191	0	123	154	193	252	183	336	366	246	|
|245	238	275	130	304	97	167	251	216	189	197	70	123	0	110	187	322	72	319	334	346	|
|355	247	280	106	341	15	137	351	197	142	304	117	154	110	0	80	399	171	427	444	400	|
|431	255	282	127	361	95	139	431	193	127	383	196	193	187	80	0	444	251	499	519	429	|
|265	235	242	318	151	394	317	374	294	344	316	386	252	322	399	444	0	332	226	273	97	|
|194	296	333	201	345	156	237	181	283	261	134	73	183	72	171	251	332	0	279	286	375	|
|95	392	415	397	354	415	417	201	427	448	175	352	336	319	427	499	226	279	0	47	321	|
|92	430	455	423	398	431	447	177	461	477	166	359	366	334	444	519	273	286	47	0	368	|
|348	185	178	303	78	398	292	450	252	312	388	415	246	346	400	429	97	375	321	368	0	|

--------------------------------------------------------------------------------
Building model...
	using lazy and cut (CVRPSEP package)
Solving IRP LP...
--------------------------------------------------------------------------------

Gurobi 9.1.0 (linux64) logging started Sun Jan 10 13:24:05 2021

Gurobi Optimizer version 9.1.0 build v9.1.0rc0 (linux64)
Thread count: 32 physical cores, 32 logical processors, using up to 2 threads
Optimize a model with 1161 rows, 4665 columns and 11835 nonzeros
Model fingerprint: 0x8204062a
Variable types: 507 continuous, 4158 integer (378 binary)
Coefficient statistics:
  Matrix range     [1e+00, 6e+02]
  Objective range  [1e-01, 5e+02]
  Bounds range     [1e+00, 3e+02]
  RHS range        [1e+01, 3e+03]
Presolve removed 178 rows and 99 columns
Presolve time: 0.06s
Presolved: 983 rows, 4566 columns, 10838 nonzeros
Variable types: 450 continuous, 4116 integer (3750 binary)

Root relaxation: objective 1.300110e+04, 1667 iterations, 0.04 seconds

    Nodes    |    Current Node    |     Objective Bounds      |     Work
 Expl Unexpl |  Obj  Depth IntInf | Incumbent    BestBd   Gap | It/Node Time

     0     0 13001.0950    0  200          - 13001.0950      -     -    0s
     0     0 13229.8345    0  182          - 13229.8345      -     -    0s
     0     0 13231.3617    0  167          - 13231.3617      -     -    0s
     0     0 13234.4705    0  167          - 13234.4705      -     -    0s
     0     0 13579.0233    0  280          - 13579.0233      -     -    0s
     0     0 13622.0925    0  285          - 13622.0925      -     -    0s
     0     0 13622.5052    0  288          - 13622.5052      -     -    0s
     0     0 13622.7180    0  289          - 13622.7180      -     -    0s
     0     0 13919.4116    0  371          - 13919.4116      -     -    1s
     0     0 13931.0510    0  370          - 13931.0510      -     -    1s
     0     0 13937.8906    0  377          - 13937.8906      -     -    1s
     0     0 13940.0646    0  385          - 13940.0646      -     -    1s
     0     0 13940.3013    0  382          - 13940.3013      -     -    1s
     0     0 14003.6015    0  399          - 14003.6015      -     -    1s
     0     0 14014.5288    0  378          - 14014.5288      -     -    1s
     0     0 14022.4357    0  407          - 14022.4357      -     -    1s
     0     0 14024.5839    0  450          - 14024.5839      -     -    1s
     0     0 14024.7783    0  455          - 14024.7783      -     -    1s
     0     0 14039.9987    0  468          - 14039.9987      -     -    2s
     0     0 14046.9147    0  416          - 14046.9147      -     -    2s
     0     0 14064.2265    0  461          - 14064.2265      -     -    2s
     0     0 14068.6609    0  456          - 14068.6609      -     -    2s
     0     0 14068.8847    0  471          - 14068.8847      -     -    2s
     0     0 14098.5714    0  395          - 14098.5714      -     -    2s
     0     0 14110.2533    0  428          - 14110.2533      -     -    2s
     0     0 14121.5125    0  404          - 14121.5125      -     -    3s
     0     0 14125.3404    0  390          - 14125.3404      -     -    3s
     0     0 14125.7921    0  407          - 14125.7921      -     -    3s
     0     0 14134.4189    0  366          - 14134.4189      -     -    3s
     0     0 14140.1262    0  424          - 14140.1262      -     -    3s
     0     0 14140.3070    0  430          - 14140.3070      -     -    3s
     0     0 14147.9675    0  411          - 14147.9675      -     -    3s
     0     0 14147.9911    0  391          - 14147.9911      -     -    3s
     0     2 14151.1628    0  443          - 14151.1628      -     -    4s
     7    10 14162.2452    3  447          - 14161.4994      -   509    5s
    52    53 14619.2295   16  464          - 14162.2452      -   743   10s
   111   117 14935.5956   34  274          - 14162.2452      -   613   15s
   222   237 15635.5038   75  244          - 14162.2452      -   461   20s
   450   500 18536.9125  154  104          - 14162.2452      -   310   25s
   663   676 14466.9023    6  607          - 14162.4511      -   248   31s
   734   686 15139.7410   47  464          - 14269.4152      -   250   35s
   764   706 15126.6073   24  519          - 14542.3076      -   240   40s
   788   723 18160.6664  145  199          - 14546.7961      -   261   45s
   811   738 18277.0157  175  494          - 14547.9852      -   254   59s
   813   740 19495.9135  233  494          - 14548.9089      -   253   60s
   818   746 14612.0237   23  521          - 14553.6468      -   269   65s
   840   761 14613.2802   28  486          - 14575.8583      -   286   70s
   870   784 14687.0780   34  477          - 14575.8583      -   304   75s
   919   819 14829.3138   45  366          - 14575.8583      -   323   80s
   969   858 15096.8237   59  330          - 14575.8583      -   333   85s
  1042   907 15121.4711   79  288          - 14575.8583      -   336   90s
  1126   966 15686.7167  102  313          - 14575.8583      -   339   95s
  1225  1004 14632.2273   27  489          - 14576.3199      -   335  101s
  1274  1054 14785.8257   34  387          - 14576.3199      -   343  105s
  1344  1094 14945.6605   49  389          - 14576.3199      -   342  110s
  1369  1115 15411.9398   55  353          - 14576.3199      -   343  117s
  1436  1154 15560.9824   68  375          - 14576.3199      -   341  121s
  1503  1206 15591.2092   78  366          - 14576.3199      -   341  125s
  1613  1289 16158.4961   95  192          - 14576.3199      -   339  132s
  1706  1348 15891.6419  111  321          - 14576.3199      -   334  137s
  1808  1431 infeasible  131               - 14576.3199      -   330  142s
  1880  1502 16356.7020  140  275          - 14576.3199      -   324  145s
  2065  1622 16576.4504  180  185          - 14576.3199      -   311  156s
  2276  1766 17096.1976  230  186          - 14576.3199      -   297  162s
  2381  1832 17180.7225  253  170          - 14576.3199      -   290  166s
  2556  1838 17404.3275  303  174          - 14576.3199      -   280  170s
  2681  1891 infeasible  361               - 14626.3991      -   276  176s
  2720  1911 14937.6327   32  459          - 14626.3991      -   280  181s
  2764  1971 15094.9132   43  373          - 14626.3991      -   284  187s
  2813  2016 15217.2587   69  386          - 14626.3991      -   284  192s
  2874  2064 15367.7126   99  312          - 14626.3991      -   282  196s
  2942  2116 15472.2629  121  240          - 14626.3991      -   281  200s
  3137  2202 15973.9790  113  186          - 14626.3991      -   273  205s
  3266  2563 16169.5174  303   69          - 14626.3991      -   265  210s
  3511  2885 16214.9560  307   90          - 14626.3991      -   251  216s
  3854  3037 17807.6887  470   76          - 14629.8079      -   234  222s
  4029  3132 15035.0571   25  497          - 14629.8079      -   229  226s
  4125  3322 15327.2305   28  468          - 14629.8079      -   228  232s
  4319  3512 15261.8289   30  412          - 14629.8079      -   223  238s
  4554  3551 15350.9939   36  409          - 14629.8079      -   215  243s
  4582  3593 15328.7948   38  430          - 14629.8079      -   217  247s
  4624  3655 15404.8589   39  461          - 14629.8079      -   219  251s
  4686  3752 15581.3385   49  335          - 14629.8079      -   220  256s
