




arguments: ./build/mirp_solver -f ./input/orig_exec_143.cfg
Current dir: /scratch/gui/bnc_mirp
File verbosity level: 9
date       time         ( uptime  ) [ thread name/id ]                   file:line     v| 
2021-01-10 01:18:20.818 (   0.025s) [main thread     ]             loguru.cpp:789   INFO| Logging to './output/vi_lex_quarter/OU/V3/Original/execution_10_01_2021_01_18_20.log', mode: 'a', verbosity: 9
--------------------------------------------------------------------------------
Parameters
                           instance_path           ./input/Instances/Original/4/
                            model_policy                                       1
                             nb_vehicles                                       3
                              output_dir ./output/vi_lex_quarter/OU/V3/Original/
                            sec_strategy                                       1
                       solver_nb_threads                                       2
                         solver_show_log                                    true
                       solver_time_limit                                    3600
                              use_vi_cos                                   false
                              use_vi_cus                                   false
                         use_vi_hc1_full                                   false
                         use_vi_hc1_half                                   false
                      use_vi_hc1_quarter                                   false
                              use_vi_hc2                                   false
                              use_vi_hc3                                   false
                         use_vi_lex_full                                   false
                         use_vi_lex_half                                   false
                      use_vi_lex_quarter                                    true
                              use_vi_qua                                   false
                               use_vi_vc                                   false
                               use_vi_vr                                   false
--------------------------------------------------------------------------------
executing instance: ./input/Instances/Original/4/absH3low_3n30.dat
--------------------------------------------------------------------------------
Instance details
n	31
H	3
C	2841
Li:
[0, 0, 0, 0, 0, 0, 0, 0, 0, 0, 0, 0, 0, 0, 0, 0, 0, 0, 0, 0, 0, 0, 0, 0, 0, 0, 0, 0, 0, 0, 0, ]
Ui:
[0, 246, 98, 54, 144, 171, 192, 180, 165, 98, 122, 198, 297, 144, 130, 129, 219, 138, 142, 150, 108, 66, 64, 285, 180, 204, 276, 168, 240, 198, 122, ]
Distance matrix:
|0	172	56	166	260	198	42	197	296	110	91	112	238	275	323	183	330	232	175	181	162	191	232	280	201	139	356	185	266	216	26	|
|172	0	178	223	320	335	153	355	444	62	231	99	333	376	214	352	176	235	194	106	47	41	353	161	299	175	225	43	326	374	153	|
|56	178	0	110	204	162	93	233	336	125	144	148	187	226	358	180	313	284	123	152	182	185	282	252	256	88	329	177	210	251	42	|
|166	223	110	0	102	150	199	327	431	194	253	237	113	156	431	228	296	386	44	140	248	208	389	218	366	48	287	200	108	344	148	|
|260	320	204	102	0	156	296	391	493	296	340	339	66	90	531	263	362	486	127	226	349	300	469	278	454	148	334	292	6	406	245	|
|198	335	162	150	156	0	239	255	351	286	245	307	93	106	518	111	442	423	194	280	344	335	349	367	352	182	437	327	158	266	199	|
|42	153	93	199	296	239	0	203	296	91	82	76	278	316	284	217	322	191	201	186	133	180	217	281	177	165	356	175	302	222	52	|
|197	355	233	327	391	255	203	0	104	294	125	266	340	361	436	151	524	276	352	377	330	383	109	477	146	319	553	377	395	19	222	|
|296	444	336	431	493	351	296	104	0	384	214	348	440	456	488	241	617	315	456	476	412	475	113	575	176	422	651	470	497	88	322	|
|110	62	125	194	296	286	91	294	384	0	171	55	298	340	238	292	233	210	176	118	58	91	298	201	248	148	273	87	302	313	94	|
|91	231	144	253	340	245	82	125	214	171	0	141	307	339	324	184	403	187	266	266	204	261	140	363	114	230	438	256	346	144	116	|
|112	99	148	237	339	307	76	266	348	55	141	0	332	373	212	292	275	156	225	173	64	137	254	253	200	194	322	135	345	284	108	|
|238	333	187	113	66	93	278	340	440	298	307	332	0	43	536	203	404	469	153	253	354	321	427	322	420	160	385	313	67	353	229	|
|275	376	226	156	90	106	316	361	456	340	339	373	43	0	578	216	443	507	194	295	397	364	453	361	451	203	421	356	88	372	268	|
|323	214	358	431	531	518	284	436	488	238	324	212	536	578	0	498	309	176	407	320	183	245	376	344	312	383	379	251	537	451	319	|
|183	352	180	228	263	111	217	151	241	292	184	292	203	216	498	0	492	371	266	328	345	364	255	426	272	242	501	356	266	159	198	|
|330	176	313	296	362	442	322	524	617	233	403	275	404	443	309	492	0	397	253	164	218	142	529	84	475	260	72	147	367	543	306	|
|232	235	284	386	486	423	191	276	315	210	187	156	469	507	176	371	397	0	379	327	188	276	202	396	139	346	456	277	492	289	242	|
|175	194	123	44	127	194	201	352	456	176	266	225	153	194	407	266	253	379	0	101	225	174	405	174	375	36	244	166	133	370	152	|
|181	106	152	140	226	280	186	377	476	118	266	173	253	295	320	328	164	327	101	0	148	76	403	100	360	98	177	69	232	396	155	|
|162	47	182	248	349	344	133	330	412	58	204	64	354	397	183	345	218	188	225	148	0	89	316	208	259	201	270	90	355	348	149	|
|191	41	185	208	300	335	180	383	475	91	261	137	321	364	245	364	142	276	174	76	89	0	388	119	336	162	185	8	306	402	169	|
|232	353	282	389	469	349	217	109	113	298	140	254	427	453	376	255	529	202	405	403	316	388	0	497	64	369	570	384	474	112	256	|
|280	161	252	218	278	367	281	477	575	201	363	253	322	361	344	426	84	396	174	100	208	119	497	0	449	187	77	119	283	496	255	|
|201	299	256	366	454	352	177	146	176	248	114	200	420	451	312	272	475	139	375	360	259	336	64	449	0	339	521	333	460	156	223	|
|139	175	88	48	148	182	165	319	422	148	230	194	160	203	383	242	260	346	36	98	201	162	369	187	339	0	260	153	154	337	116	|
|356	225	329	287	334	437	356	553	651	273	438	322	385	421	379	501	72	456	244	177	270	185	570	77	521	260	0	187	338	572	331	|
|185	43	177	200	292	327	175	377	470	87	256	135	313	356	251	356	147	277	166	69	90	8	384	119	333	153	187	0	298	396	163	|
|266	326	210	108	6	158	302	395	497	302	346	345	67	88	537	266	367	492	133	232	355	306	474	283	460	154	338	298	0	410	251	|
|216	374	251	344	406	266	222	19	88	313	144	284	353	372	451	159	543	289	370	396	348	402	112	496	156	337	572	396	410	0	241	|
|26	153	42	148	245	199	52	222	322	94	116	108	229	268	319	198	306	242	152	155	149	169	256	255	223	116	331	163	251	241	0	|

--------------------------------------------------------------------------------
Building model...
	using lazy and cut (CVRPSEP package)
Solving IRP LP...
--------------------------------------------------------------------------------

Gurobi 9.1.0 (linux64) logging started Sun Jan 10 01:18:20 2021

Gurobi Optimizer version 9.1.0 build v9.1.0rc0 (linux64)
Thread count: 32 physical cores, 32 logical processors, using up to 2 threads
Optimize a model with 871 rows, 4858 columns and 11572 nonzeros
Model fingerprint: 0x16c940ec
Variable types: 394 continuous, 4464 integer (279 binary)
Coefficient statistics:
  Matrix range     [1e+00, 9e+02]
  Objective range  [1e-02, 7e+02]
  Bounds range     [1e+00, 3e+02]
  RHS range        [3e+01, 5e+03]
Presolve removed 189 rows and 161 columns
Presolve time: 0.07s
Presolved: 682 rows, 4697 columns, 10565 nonzeros
Variable types: 295 continuous, 4402 integer (4118 binary)

Root relaxation: objective 2.351438e+03, 882 iterations, 0.02 seconds

    Nodes    |    Current Node    |     Objective Bounds      |     Work
 Expl Unexpl |  Obj  Depth IntInf | Incumbent    BestBd   Gap | It/Node Time

     0     0 2351.43787    0   88          - 2351.43787      -     -    0s
     0     0 2570.56931    0   91          - 2570.56931      -     -    0s
     0     0 2581.43432    0   83          - 2581.43432      -     -    0s
     0     0 2581.43432    0   89          - 2581.43432      -     -    0s
     0     0 3196.36255    0  143          - 3196.36255      -     -    0s
     0     0 3196.36255    0  133          - 3196.36255      -     -    0s
     0     0 3267.63273    0  179          - 3267.63273      -     -    0s
     0     0 3292.20603    0  182          - 3292.20603      -     -    0s
     0     0 3318.92915    0  172          - 3318.92915      -     -    0s
     0     0 3322.42978    0  166          - 3322.42978      -     -    0s
     0     0 3322.42978    0  169          - 3322.42978      -     -    0s
     0     0 3417.81681    0  170          - 3417.81681      -     -    0s
     0     0 3420.83647    0  191          - 3420.83647      -     -    0s
     0     0 3420.97204    0  205          - 3420.97204      -     -    0s
     0     0 3479.59292    0  204          - 3479.59292      -     -    1s
     0     0 3482.99001    0  260          - 3482.99001      -     -    1s
     0     0 3483.01689    0  247          - 3483.01689      -     -    1s
     0     0 3485.44389    0  240          - 3485.44389      -     -    1s
     0     0 3486.22991    0  204          - 3486.22991      -     -    1s
     0     2 3486.98691    0  201          - 3486.98691      -     -    1s
   131   133 4178.05081   30  201          - 3494.21000      -   160    5s
*  430   482             143    6188.8300000 3494.21000  43.5%   100    8s
   528   438 3807.73837    8  258 6188.83000 3498.66520  43.5%  95.0   10s
   632   543 4433.10937   31  166 6188.83000 3498.66520  43.5%   110   15s
H  646   377                    4885.3200000 3498.66520  28.4%   110   15s
H  649   338                    4627.8100000 3498.66520  24.4%   110   15s
*  659   328              71    4587.8100000 3498.66520  23.7%   109   15s
H  669   313                    4493.4500000 3498.66520  22.1%   108   16s
H  691   256                    4422.9600000 3499.87346  20.9%   111   17s
   724   287 3898.88535   11  204 4422.96000 3499.87346  20.9%   118   20s
H  725   273                    4381.9600000 3499.87346  20.1%   118   20s
   748   288 4054.32487   12  431 4381.96000 3665.89368  16.3%   114   25s
H  748   273                    4378.9600000 3668.62144  16.2%   114   25s
   771   289 4085.01787   19   88 4378.96000 3674.07619  16.1%   120   30s
   786   299 3846.26393   24  432 4378.96000 3674.63240  16.1%   118   35s
   808   318 3766.69661   32  320 4378.96000 3723.46000  15.0%   130   40s
H  908   354                    4375.5899918 3723.46000  14.9%   138   44s
   910   363 4263.07514   56   69 4375.58999 3723.46000  14.9%   138   45s
   997   392 4038.25909   37  198 4375.58999 3735.71010  14.6%   147   50s
  1127   470 3965.95037   35  232 4375.58999 3742.49166  14.5%   151   55s
  1241   529 4228.20979   52  192 4375.58999 3742.49166  14.5%   153   60s
H 1327   518                    4348.5700000 3766.81207  13.4%   152   62s
  1347   527 4062.15485   36  230 4348.57000 3766.81207  13.4%   152   65s
  1454   574 4271.61421   37  229 4348.57000 3816.94448  12.2%   156   70s
  1586   580 4017.13434   31  241 4348.57000 3824.87801  12.0%   161   76s
  1684   634     cutoff   56      4348.57000 3836.52157  11.8%   164   81s
  1778   688 4152.73515   37  155 4348.57000 3839.54242  11.7%   166   85s
  1875   732 4104.91658   32  252 4348.57000 3850.00418  11.5%   168   90s
  1966   776 4091.58817   32  315 4348.57000 3870.36899  11.0%   168   95s
  2050   815 4167.42967   36  248 4348.57000 3900.87183  10.3%   171  100s
  2163   866 4319.89613   40  154 4348.57000 3901.38996  10.3%   172  105s
  2291   934 4234.33566   35  224 4348.57000 3916.06886  9.95%   174  111s
  2392   968 4340.26529   44  201 4348.57000 3921.19882  9.83%   177  116s
  2482   999 4185.81145   35  301 4348.57000 3928.82043  9.65%   178  122s
  2566  1065 4099.03115   34  162 4348.57000 3945.00005  9.28%   181  127s
  2653  1078     cutoff   52      4348.57000 3945.07396  9.28%   179  130s
  2751  1147 4269.27092   41  140 4348.57000 3950.01618  9.17%   180  136s
  2894  1173 4314.05637   42  189 4348.57000 3965.45173  8.81%   181  142s
  2958  1181 4185.86954   41  154 4348.57000 3968.79276  8.73%   182  146s
  2988  1185 4281.02278   42   91 4348.57000 3971.16945  8.68%   183  150s
  3093  1220     cutoff   36      4348.57000 3978.98229  8.50%   186  157s
  3163  1243 4225.57920   36  225 4348.57000 3983.17056  8.40%   187  161s
  3243  1296 4253.22875   38  152 4348.57000 3988.80695  8.27%   188  165s
  3415  1335 4274.39633   43   50 4348.57000 3999.69114  8.02%   188  174s
  3473  1356 4323.25085   35  378 4348.57000 4000.76379  8.00%   188  178s
  3558  1376 4158.01593   41  243 4348.57000 4006.54983  7.87%   189  183s
  3613  1388 4287.76673   46  187 4348.57000 4008.00084  7.83%   190  187s
  3687  1401 4321.11805   40  247 4348.57000 4016.02484  7.65%   192  192s
  3768  1412 4233.53026   34  261 4348.57000 4019.14804  7.58%   193  197s
  3856  1428 4279.79279   37  311 4348.57000 4025.50528  7.43%   194  203s
  3926  1448     cutoff   43      4348.57000 4030.89584  7.31%   195  209s
  3987  1459     cutoff   39      4348.57000 4033.56951  7.24%   195  214s
  4058  1480 4308.77058   36  160 4348.57000 4036.73563  7.17%   197  220s
  4140  1494 4340.58010   43  132 4348.57000 4041.90278  7.05%   199  227s
  4202  1509 4303.41065   38  255 4348.57000 4044.11575  7.00%   200  232s
  4307  1511 4224.09029   37  237 4348.57000 4051.56179  6.83%   201  238s
  4371  1520 4241.10465   44  189 4348.57000 4056.91025  6.71%   203  244s
  4459  1530 4271.02972   34  248 4348.57000 4059.74645  6.64%   204  251s
  4548  1609     cutoff   39      4348.57000 4062.85150  6.57%   205  258s
* 4690  1593              56    4341.7300000 4070.25128  6.25%   204  258s
  4730  1603 4316.30838   46   48 4341.73000 4070.54309  6.25%   203  265s
  4834  1645     cutoff   42      4341.73000 4074.18581  6.16%   204  272s
  4971  1657 4261.92406   44  238 4341.73000 4079.61724  6.04%   204  279s
  5108  1684 4312.62995   35  292 4341.73000 4084.83666  5.92%   205  288s
  5224  1711     cutoff   42      4341.73000 4087.93359  5.85%   205  296s
  5358  1724 4246.79629   37  271 4341.73000 4096.60293  5.65%   206  303s
  5466  1720     cutoff   36      4341.73000 4103.75287  5.48%   207  312s
  5572  1728 4252.76085   43  253 4341.73000 4109.06027  5.36%   207  321s
  5706  1725     cutoff   43      4341.73000 4113.39626  5.26%   208  330s
  5846  1745     cutoff   46      4341.73000 4118.76356  5.14%   209  339s
  5988  1759 4304.89561   37  329 4341.73000 4122.43483  5.05%   210  348s
  6141  1765     cutoff   45      4341.73000 4126.96688  4.95%   210  358s
  6289  1790 4315.12760   38  213 4341.73000 4132.94344  4.81%   211  368s
  6480  1821 4297.60896   41  194 4341.73000 4138.59008  4.68%   210  378s
  6679  1892     cutoff   42      4341.73000 4144.86338  4.53%   210  387s
  6905  1912 4253.42375   40   80 4341.73000 4150.37580  4.41%   208  398s
  7081  1923     cutoff   36      4341.73000 4154.24553  4.32%   208  407s
  7251  1962 4338.25583   37  283 4341.73000 4158.44181  4.22%   207  418s
  7489  1982 4240.10609   37  200 4341.73000 4165.04228  4.07%   206  428s
  7693  1975 4255.07790   39  272 4341.73000 4168.39759  3.99%   206  439s
  7871  1994     cutoff   43      4341.73000 4174.72999  3.85%   206  450s
  8043  2001 4322.79862   37  338 4341.73000 4177.88608  3.77%   206  461s
  8285  2016 4266.10840   42  234 4341.73000 4183.94817  3.63%   205  471s
  8483  2020     cutoff   52      4341.73000 4188.06926  3.54%   205  484s
  8678  2080     cutoff   43      4341.73000 4191.03350  3.47%   205  494s
  8964  2093     cutoff   42      4341.73000 4195.30463  3.37%   203  504s
* 9171  2033              57    4334.0600000 4198.61199  3.13%   203  505s
  9189  2005 4305.17714   42  253 4334.06000 4198.69077  3.12%   203  515s
  9388  1995 4282.69767   44  296 4334.06000 4205.47486  2.97%   203  525s
* 9449  1856              43    4320.4100000 4205.47486  2.66%   203  525s
  9614  1835     cutoff   46      4320.41000 4210.96912  2.53%   202  535s
* 9729   904              56    4272.4100000 4216.05843  1.32%   202  535s
  9877   772     cutoff   42      4272.41000 4216.67209  1.30%   201  542s
 10129   660     cutoff   52      4272.41000 4226.56906  1.07%   198  549s
 10288   537     cutoff   58      4272.41000 4235.13674  0.87%   197  554s
 10468   402     cutoff   46      4272.41000 4243.50368  0.68%   195  557s
 10650   254     cutoff   40      4272.41000 4252.19521  0.47%   193  560s

Cutting planes:
  User: 2932
  Gomory: 24
  Cover: 225
  Implied bound: 31
  Projected implied bound: 3
  Clique: 8
  MIR: 85
  StrongCG: 2
  Flow cover: 246
  Zero half: 7
  Network: 8
  RLT: 151
  Relax-and-lift: 13
  Lazy constraints: 288

Explored 11094 nodes (2079707 simplex iterations) in 563.06 seconds
Thread count was 2 (of 32 available processors)

Solution count 10: 4272.41 4320.41 4334.06 ... 4493.45

Optimal solution found (tolerance 1.00e-04)
Best objective 4.272410000000e+03, best bound 4.272410000000e+03, gap 0.0000%

User-callback calls 65357, time in user-callback 33.58 sec
================================================================================
executing instance: ./input/Instances/Original/4/absH3low_3n10.dat
--------------------------------------------------------------------------------
Instance details
n	11
H	3
C	687
Li:
[0, 0, 0, 0, 0, 0, 0, 0, 0, 0, 0, ]
Ui:
[0, 189, 44, 174, 78, 36, 198, 117, 42, 96, 240, ]
Distance matrix:
|0	209	255	286	142	156	285	317	182	161	135	|
|209	0	464	451	315	356	490	469	361	299	260	|
|255	464	0	221	202	130	74	280	189	254	273	|
|286	451	221	0	145	156	164	479	354	153	192	|
|142	315	202	145	0	73	194	388	250	53	73	|
|156	356	130	156	73	0	134	332	200	127	144	|
|285	490	74	164	194	134	0	353	256	239	267	|
|317	469	280	479	388	332	353	0	141	436	430	|
|182	361	189	354	250	200	256	141	0	296	289	|
|161	299	254	153	53	127	239	436	296	0	39	|
|135	260	273	192	73	144	267	430	289	39	0	|

--------------------------------------------------------------------------------
Building model...
	using lazy and cut (CVRPSEP package)
Solving IRP LP...
--------------------------------------------------------------------------------

Gurobi 9.1.0 (linux64) logging started Sun Jan 10 01:27:44 2021

Gurobi Optimizer version 9.1.0 build v9.1.0rc0 (linux64)
Thread count: 32 physical cores, 32 logical processors, using up to 2 threads
Optimize a model with 311 rows, 728 columns and 2072 nonzeros
Model fingerprint: 0x89d813a2
Variable types: 134 continuous, 594 integer (99 binary)
Coefficient statistics:
  Matrix range     [1e+00, 2e+02]
  Objective range  [1e-02, 5e+02]
  Bounds range     [1e+00, 2e+02]
  RHS range        [2e+01, 1e+03]
Presolve removed 71 rows and 52 columns
Presolve time: 0.02s
Presolved: 240 rows, 676 columns, 1725 nonzeros
Variable types: 99 continuous, 577 integer (484 binary)
Found heuristic solution: objective 5478.2700000

Root relaxation: objective 1.476189e+03, 511 iterations, 0.01 seconds

    Nodes    |    Current Node    |     Objective Bounds      |     Work
 Expl Unexpl |  Obj  Depth IntInf | Incumbent    BestBd   Gap | It/Node Time

     0     0 1476.18878    0   50 5478.27000 1476.18878  73.1%     -    0s
H    0     0                    5394.2700000 1476.18878  72.6%     -    0s
     0     0 1700.82112    0   52 5394.27000 1700.82112  68.5%     -    0s
H    0     0                    3616.4900000 1700.82112  53.0%     -    0s
     0     0 1901.02345    0   66 3616.49000 1901.02345  47.4%     -    0s
     0     0 2043.67617    0   65 3616.49000 2043.67617  43.5%     -    0s
     0     0 2048.90234    0   50 3616.49000 2048.90234  43.3%     -    0s
     0     0 2048.90234    0   51 3616.49000 2048.90234  43.3%     -    0s
     0     0 2151.24936    0  107 3616.49000 2151.24936  40.5%     -    0s
     0     0 2155.96094    0  110 3616.49000 2155.96094  40.4%     -    0s
     0     0 2156.30627    0  113 3616.49000 2156.30627  40.4%     -    0s
     0     0 2243.64075    0  112 3616.49000 2243.64075  38.0%     -    0s
     0     0 2266.39288    0  100 3616.49000 2266.39288  37.3%     -    0s
     0     0 2270.34082    0  130 3616.49000 2270.34082  37.2%     -    0s
     0     0 2270.99811    0  134 3616.49000 2270.99811  37.2%     -    0s
     0     0 2280.82195    0  132 3616.49000 2280.82195  36.9%     -    0s
     0     0 2284.58159    0  128 3616.49000 2284.58159  36.8%     -    0s
     0     0 2286.92158    0  117 3616.49000 2286.92158  36.8%     -    0s
     0     0 2287.20845    0  123 3616.49000 2287.20845  36.8%     -    0s
     0     0 2295.09962    0  117 3616.49000 2295.09962  36.5%     -    0s
     0     0 2295.11555    0  129 3616.49000 2295.11555  36.5%     -    0s
     0     0 2296.97893    0  120 3616.49000 2296.97893  36.5%     -    0s
     0     0 2297.03801    0  102 3616.49000 2297.03801  36.5%     -    0s
H    0     0                    2735.3600000 2297.03801  16.0%     -    0s
     0     2 2297.03801    0  102 2735.36000 2297.03801  16.0%     -    0s
H  161   105                    2734.1000000 2360.08150  13.7%  51.2    0s

Cutting planes:
  User: 96
  Gomory: 4
  Cover: 116
  Implied bound: 16
  Clique: 17
  MIR: 74
  Flow cover: 100
  Inf proof: 3
  Zero half: 2
  Network: 5
  RLT: 94
  Relax-and-lift: 5
  Lazy constraints: 20

Explored 2059 nodes (89544 simplex iterations) in 4.81 seconds
Thread count was 2 (of 32 available processors)

Solution count 5: 2734.1 2735.36 3616.49 ... 5478.27

Optimal solution found (tolerance 1.00e-04)
Best objective 2.734100000000e+03, best bound 2.734100000000e+03, gap 0.0000%

User-callback calls 4945, time in user-callback 0.72 sec
================================================================================
executing instance: ./input/Instances/Original/4/absH3low_3n15.dat
--------------------------------------------------------------------------------
Instance details
n	16
H	3
C	1267
Li:
[0, 0, 0, 0, 0, 0, 0, 0, 0, 0, 0, 0, 0, 0, 0, 0, ]
Ui:
[0, 156, 267, 148, 144, 87, 33, 171, 76, 141, 270, 282, 60, 110, 172, 57, ]
Distance matrix:
|0	229	567	76	58	96	306	409	310	423	108	346	165	347	159	256	|
|229	0	482	243	279	155	375	525	251	419	158	373	65	123	329	246	|
|567	482	0	506	622	483	342	439	259	200	467	274	486	433	501	312	|
|76	243	506	0	119	88	230	337	255	352	88	272	179	347	94	194	|
|58	279	622	119	0	154	345	431	366	471	166	391	217	399	179	310	|
|96	155	483	88	154	0	266	397	224	358	17	289	92	262	176	179	|
|306	375	342	230	345	266	0	158	184	148	251	68	332	423	181	140	|
|409	525	439	337	431	397	158	0	340	244	386	201	476	581	253	298	|
|310	251	259	255	366	224	184	340	0	170	208	146	238	257	274	66	|
|423	419	200	352	471	358	148	244	170	0	341	84	396	424	323	182	|
|108	158	467	88	166	17	251	386	208	341	0	273	96	259	172	162	|
|346	373	274	272	391	289	68	201	146	84	273	0	340	400	239	127	|
|165	65	486	179	217	92	332	476	238	396	96	340	0	182	267	216	|
|347	123	433	347	399	262	423	581	257	424	259	400	182	0	423	283	|
|159	329	501	94	179	176	181	253	274	323	172	239	267	423	0	208	|
|256	246	312	194	310	179	140	298	66	182	162	127	216	283	208	0	|

--------------------------------------------------------------------------------
Building model...
	using lazy and cut (CVRPSEP package)
Solving IRP LP...
--------------------------------------------------------------------------------

Gurobi 9.1.0 (linux64) logging started Sun Jan 10 01:27:49 2021

Gurobi Optimizer version 9.1.0 build v9.1.0rc0 (linux64)
Thread count: 32 physical cores, 32 logical processors, using up to 2 threads
Optimize a model with 451 rows, 1423 columns and 3781 nonzeros
Model fingerprint: 0x59352d22
Variable types: 199 continuous, 1224 integer (144 binary)
Coefficient statistics:
  Matrix range     [1e+00, 4e+02]
  Objective range  [1e-02, 6e+02]
  Bounds range     [1e+00, 3e+02]
  RHS range        [1e+01, 2e+03]
Presolve removed 101 rows and 77 columns
Presolve time: 0.03s
Presolved: 350 rows, 1346 columns, 3279 nonzeros
Variable types: 147 continuous, 1199 integer (1057 binary)

Root relaxation: objective 1.780944e+03, 527 iterations, 0.01 seconds

    Nodes    |    Current Node    |     Objective Bounds      |     Work
 Expl Unexpl |  Obj  Depth IntInf | Incumbent    BestBd   Gap | It/Node Time

     0     0 1780.94385    0   54          - 1780.94385      -     -    0s
     0     0 1977.45942    0   55          - 1977.45942      -     -    0s
     0     0 1977.45942    0   56          - 1977.45942      -     -    0s
     0     0 2429.85214    0  101          - 2429.85214      -     -    0s
     0     0 2442.03834    0  120          - 2442.03834      -     -    0s
     0     0 2442.60851    0  123          - 2442.60851      -     -    0s
     0     0 2442.66283    0  123          - 2442.66283      -     -    0s
     0     0 2525.12579    0  160          - 2525.12579      -     -    0s
     0     0 2531.92471    0  145          - 2531.92471      -     -    0s
     0     0 2532.79785    0  143          - 2532.79785      -     -    0s
     0     0 2533.11838    0  143          - 2533.11838      -     -    0s
     0     0 2633.01024    0  163          - 2633.01024      -     -    0s
     0     0 2647.66883    0  166          - 2647.66883      -     -    0s
     0     0 2649.55998    0  155          - 2649.55998      -     -    0s
     0     0 2649.81583    0  163          - 2649.81583      -     -    0s
     0     0 2667.40707    0  133          - 2667.40707      -     -    0s
     0     0 2672.24364    0  160          - 2672.24364      -     -    0s
     0     0 2675.95508    0  155          - 2675.95508      -     -    0s
     0     0 2676.22821    0  145          - 2676.22821      -     -    0s
     0     0 2688.06202    0  175          - 2688.06202      -     -    0s
     0     0 2690.43973    0  186          - 2690.43973      -     -    0s
     0     0 2690.62609    0  181          - 2690.62609      -     -    0s
     0     0 2698.44902    0  163          - 2698.44902      -     -    0s
     0     0 2718.15040    0  173          - 2718.15040      -     -    0s
     0     2 2718.15040    0  173          - 2718.15040      -     -    0s
H  152   161                    5426.2400000 2767.51075  49.0%  97.6    1s
H  162   182                    4680.2800000 2767.51075  40.9%  92.7    1s
H  246   114                    3703.9400000 2790.85900  24.7%  76.1    2s
H  370   138                    3513.9400000 2861.67564  18.6%  79.9    3s
H  469   184                    3498.3200000 2876.57233  17.8%  85.6    4s
H  541   196                    3461.2800000 2942.87123  15.0%  88.7    4s
   584   204 infeasible   19      3461.28000 2976.42844  14.0%  91.4    5s
H  625   210                    3448.5200000 3023.83254  12.3%  91.4    5s
H  742   228                    3401.5600000 3038.02649  10.7%  93.8    6s
   786   254 3038.02649   16  170 3401.56000 3038.02649  10.7%  97.1   10s
  1347   147 3316.69712   27   57 3401.56000 3292.55628  3.20%  91.3   15s

Cutting planes:
  User: 473
  Gomory: 7
  Cover: 142
  Implied bound: 20
  Projected implied bound: 3
  Clique: 18
  MIR: 93
  StrongCG: 1
  Flow cover: 167
  Zero half: 5
  Network: 4
  RLT: 115
  Relax-and-lift: 4
  Lazy constraints: 13

Explored 1645 nodes (142826 simplex iterations) in 16.60 seconds
Thread count was 2 (of 32 available processors)

Solution count 8: 3401.56 3448.52 3461.28 ... 5426.24

Optimal solution found (tolerance 1.00e-04)
Best objective 3.401560000000e+03, best bound 3.401560000000e+03, gap 0.0000%

User-callback calls 5776, time in user-callback 1.58 sec
================================================================================
executing instance: ./input/Instances/Original/4/absH3low_2n45.dat
--------------------------------------------------------------------------------
Instance details
n	46
H	3
C	3171
Li:
[0, 0, 0, 0, 0, 0, 0, 0, 0, 0, 0, 0, 0, 0, 0, 0, 0, 0, 0, 0, 0, 0, 0, 0, 0, 0, 0, 0, 0, 0, 0, 0, 0, 0, 0, 0, 0, 0, 0, 0, 0, 0, 0, 0, 0, 0, ]
Ui:
[0, 246, 160, 78, 20, 87, 144, 40, 20, 82, 60, 96, 24, 136, 160, 108, 160, 26, 228, 51, 24, 240, 231, 70, 32, 105, 174, 114, 246, 126, 132, 76, 22, 42, 255, 132, 148, 162, 66, 111, 102, 240, 123, 201, 297, 78, ]
Distance matrix:
|0	148	402	550	329	420	187	318	366	280	504	273	233	333	112	344	379	481	113	593	159	523	261	424	90	359	163	461	413	240	105	299	265	89	371	462	339	273	495	22	41	439	369	506	563	468	|
|148	0	284	517	394	284	136	369	244	311	496	166	329	355	223	202	338	388	204	565	254	506	118	346	71	423	173	471	336	118	105	352	198	105	248	428	302	305	487	153	179	441	230	497	517	370	|
|402	284	0	350	448	80	228	406	42	343	382	129	456	350	412	126	219	131	382	395	410	371	180	137	314	466	289	400	137	167	389	401	169	316	39	280	217	342	373	394	414	362	108	380	324	106	|
|550	517	350	0	339	429	385	308	374	295	93	375	431	249	481	461	180	239	458	48	445	57	474	214	496	333	387	160	216	424	601	321	320	471	376	90	217	301	93	530	534	146	452	88	52	262	|
|329	394	448	339	0	513	282	42	438	105	255	363	115	108	221	484	259	431	217	365	172	289	436	362	333	30	224	189	353	380	423	47	291	296	443	285	240	107	251	307	294	193	495	260	378	437	|
|420	284	80	429	513	0	267	473	76	408	462	163	509	421	449	86	298	201	421	474	455	451	167	217	330	533	333	478	217	181	386	466	225	341	70	360	291	406	453	416	438	440	59	460	400	176	|
|187	136	228	385	282	267	0	249	199	186	360	104	248	224	184	214	207	294	155	432	189	371	155	237	113	308	68	336	227	101	216	236	78	98	205	296	168	181	350	174	190	305	231	360	390	283	|
|318	369	406	308	42	473	249	0	397	66	229	325	128	67	216	447	218	389	206	337	168	260	402	320	311	61	196	167	311	345	406	19	252	275	403	248	198	70	223	296	286	164	457	233	344	395	|
|366	244	42	374	438	76	199	397	0	332	397	96	436	346	383	90	228	168	354	420	385	389	139	161	277	458	263	408	158	128	349	391	150	282	6	298	218	331	388	359	380	370	78	395	352	144	|
|280	311	343	295	105	408	186	66	332	0	231	259	142	53	191	380	171	337	173	332	150	257	337	267	258	127	139	182	258	280	359	58	186	223	338	222	143	6	224	258	254	164	390	234	323	340	|
|504	496	382	93	255	462	360	229	397	231	0	375	356	180	422	478	173	293	403	110	381	36	474	248	463	245	345	68	246	419	568	244	308	433	400	104	200	237	9	482	482	67	474	5	142	312	|
|273	166	129	375	363	163	104	325	96	259	375	0	347	283	288	121	202	221	259	423	292	376	99	183	186	386	170	370	175	52	269	315	76	187	102	288	177	256	365	265	285	333	133	374	365	204	|
|233	329	456	431	115	509	248	128	436	142	356	347	0	181	121	462	311	472	128	463	76	386	398	403	260	141	180	294	392	349	334	111	287	224	442	362	280	139	350	212	194	289	479	360	463	472	|
|333	355	350	249	108	421	224	67	346	53	180	283	181	0	244	403	152	324	226	283	201	207	369	256	307	118	186	129	247	311	409	74	208	273	351	183	136	59	173	311	307	113	410	183	282	331	|
|112	223	412	481	221	449	184	216	383	191	422	288	121	244	0	387	327	461	30	521	49	447	313	396	152	250	125	371	385	273	214	196	249	121	389	400	288	185	415	91	74	355	408	425	503	454	|
|344	202	126	461	484	86	214	447	90	380	478	121	462	403	387	0	305	256	360	508	400	473	84	250	255	507	282	482	246	115	302	437	196	271	90	382	288	377	469	343	367	444	28	476	441	232	|
|379	338	219	180	259	298	207	218	228	171	173	202	311	152	327	305	0	172	301	227	300	174	302	105	318	270	217	180	97	249	423	221	141	296	232	90	40	173	164	361	368	142	303	172	184	180	|
|481	388	131	239	431	201	294	389	168	337	293	221	472	324	461	256	172	0	432	280	446	273	300	70	400	442	337	330	80	271	490	391	217	391	167	191	194	339	286	468	483	294	239	289	203	26	|
|113	204	382	458	217	421	155	206	354	173	403	259	128	226	30	360	301	432	0	499	52	426	287	367	133	246	95	355	356	246	208	187	219	100	360	376	261	167	395	90	81	337	381	406	478	425	|
|593	565	395	48	365	474	432	337	420	332	110	423	463	283	521	508	227	280	499	0	482	77	521	260	542	356	431	178	262	472	647	352	368	516	422	137	264	338	114	573	576	174	499	106	78	304	|
|159	254	410	445	172	455	189	168	385	150	381	292	76	201	49	400	300	446	52	482	0	407	331	378	184	201	122	327	367	286	258	149	242	150	391	367	263	144	374	137	122	314	419	384	470	441	|
|523	506	371	57	289	451	371	260	389	257	36	376	386	207	447	473	174	273	426	77	407	0	475	234	477	280	363	104	234	422	583	275	313	449	392	91	205	263	38	503	504	97	468	31	108	294	|
|261	118	180	474	436	167	155	402	139	337	474	99	398	369	313	84	302	300	287	521	331	475	0	275	173	462	220	465	268	58	219	390	168	193	142	388	275	333	464	261	286	430	111	473	462	279	|
|424	346	137	214	362	217	237	320	161	267	248	183	403	256	396	250	105	70	367	260	378	234	275	0	348	374	274	274	11	234	444	321	159	335	163	145	124	269	239	409	422	237	239	245	191	76	|
|90	71	314	496	333	330	113	311	277	258	463	186	260	307	152	255	318	400	133	542	184	477	173	348	0	362	121	430	338	150	106	293	190	37	282	406	279	252	454	88	113	403	280	464	502	386	|
|359	423	466	333	30	533	308	61	458	127	245	386	141	118	250	507	270	442	246	356	201	280	462	374	362	0	252	178	365	406	453	73	313	325	463	286	254	130	242	336	324	187	517	250	374	449	|
|163	173	289	387	224	333	68	196	263	139	345	170	180	186	125	282	217	337	95	431	122	363	220	274	121	252	0	310	263	168	225	180	124	88	269	300	177	133	337	144	152	284	299	347	400	330	|
|461	471	400	160	189	478	336	167	408	182	68	370	294	129	371	482	180	330	355	178	327	104	465	274	430	178	310	0	269	408	534	184	297	398	412	142	194	188	66	439	436	38	482	73	206	345	|
|413	336	137	216	353	217	227	311	158	258	246	175	392	247	385	246	97	80	356	262	367	234	268	11	338	365	263	269	0	226	434	312	149	324	160	143	115	259	237	399	411	232	237	243	196	84	|
|240	118	167	424	380	181	101	345	128	280	419	52	349	311	273	115	249	271	246	472	286	422	58	234	150	406	168	408	226	0	223	333	111	160	133	336	219	276	409	235	258	373	136	418	416	252	|
|105	105	389	601	423	386	216	406	349	359	568	269	334	409	214	302	423	490	208	647	258	583	219	444	106	453	225	534	434	223	0	388	289	137	353	511	384	353	559	123	145	508	330	570	606	473	|
|299	352	401	321	47	466	236	19	391	58	244	315	111	74	196	437	221	391	187	352	149	275	390	321	293	73	180	184	312	333	388	0	243	257	396	258	197	60	238	276	267	178	448	248	355	395	|
|265	198	169	320	291	225	78	252	150	186	308	76	287	208	249	196	141	217	219	368	242	313	168	159	190	313	124	297	149	111	289	243	0	176	156	231	109	183	299	251	266	262	205	308	319	207	|
|89	105	316	471	296	341	98	275	282	223	433	187	224	273	121	271	296	391	100	516	150	449	193	335	37	325	88	398	324	160	137	257	176	0	287	382	256	217	424	78	98	372	295	434	480	379	|
|371	248	39	376	443	70	205	403	6	338	400	102	442	351	389	90	232	167	360	422	391	392	142	163	282	463	269	412	160	133	353	396	156	287	0	301	222	336	391	365	386	374	77	398	353	143	|
|462	428	280	90	285	360	296	248	298	222	104	288	362	183	400	382	90	191	376	137	367	91	388	145	406	286	300	142	143	336	511	258	231	382	301	0	127	226	96	443	448	110	376	100	103	209	|
|339	302	217	217	240	291	168	198	218	143	200	177	280	136	288	288	40	194	261	264	263	205	275	124	279	254	177	194	115	219	384	197	109	256	222	127	0	145	190	321	328	157	289	199	224	198	|
|273	305	342	301	107	406	181	70	331	6	237	256	139	59	185	377	173	339	167	338	144	263	333	269	252	130	133	188	259	276	353	60	183	217	336	226	145	0	230	251	248	170	388	240	328	341	|
|495	487	373	93	251	453	350	223	388	224	9	365	350	173	415	469	164	286	395	114	374	38	464	239	454	242	337	66	237	409	559	238	299	424	391	96	190	230	0	474	474	61	465	11	141	305	|
|22	153	394	530	307	416	174	296	359	258	482	265	212	311	91	343	361	468	90	573	137	503	261	409	88	336	144	439	399	235	123	276	251	78	365	443	321	251	474	0	26	418	367	485	544	456	|
|41	179	414	534	294	438	190	286	380	254	482	285	194	307	74	367	368	483	81	576	122	504	286	422	113	324	152	436	411	258	145	267	266	98	386	448	328	248	474	26	0	416	391	484	550	472	|
|439	441	362	146	193	440	305	164	370	164	67	333	289	113	355	444	142	294	337	174	314	97	430	237	403	187	284	38	232	373	508	178	262	372	374	110	157	170	61	418	416	0	444	71	187	309	|
|369	230	108	452	495	59	231	457	78	390	474	133	479	410	408	28	303	239	381	499	419	468	111	239	280	517	299	482	237	136	330	448	205	295	77	376	289	388	465	367	391	444	0	472	429	214	|
|506	497	380	88	260	460	360	233	395	234	5	374	360	183	425	476	172	289	406	106	384	31	473	245	464	250	347	73	243	418	570	248	308	434	398	100	199	240	11	485	484	71	472	0	137	309	|
|563	517	324	52	378	400	390	344	352	323	142	365	463	282	503	441	184	203	478	78	470	108	462	191	502	374	400	206	196	416	606	355	319	480	353	103	224	328	141	544	550	187	429	137	0	228	|
|468	370	106	262	437	176	283	395	144	340	312	204	472	331	454	232	180	26	425	304	441	294	279	76	386	449	330	345	84	252	473	395	207	379	143	209	198	341	305	456	472	309	214	309	228	0	|

--------------------------------------------------------------------------------
Building model...
	using lazy and cut (CVRPSEP package)
Solving IRP LP...
--------------------------------------------------------------------------------

Gurobi 9.1.0 (linux64) logging started Sun Jan 10 01:28:06 2021

Gurobi Optimizer version 9.1.0 build v9.1.0rc0 (linux64)
Thread count: 32 physical cores, 32 logical processors, using up to 2 threads
Optimize a model with 1291 rows, 10318 columns and 23425 nonzeros
Model fingerprint: 0x06124f7f
Variable types: 589 continuous, 9729 integer (414 binary)
Coefficient statistics:
  Matrix range     [1e+00, 2e+03]
  Objective range  [1e-02, 6e+02]
  Bounds range     [1e+00, 3e+02]
  RHS range        [1e+01, 5e+03]
Presolve removed 228 rows and 153 columns
Presolve time: 0.09s
Presolved: 1063 rows, 10165 columns, 22065 nonzeros
Variable types: 500 continuous, 9665 integer (9254 binary)

Root relaxation: objective 2.603918e+03, 1263 iterations, 0.04 seconds

    Nodes    |    Current Node    |     Objective Bounds      |     Work
 Expl Unexpl |  Obj  Depth IntInf | Incumbent    BestBd   Gap | It/Node Time

     0     0 2603.91817    0  132          - 2603.91817      -     -    0s
     0     0 2867.60192    0  201          - 2867.60192      -     -    0s
     0     0 2893.69181    0  204          - 2893.69181      -     -    0s
     0     0 2894.04212    0  209          - 2894.04212      -     -    0s
     0     0 3476.03141    0  218          - 3476.03141      -     -    1s
     0     0 3588.36096    0  237          - 3588.36096      -     -    1s
     0     0 3590.81911    0  240          - 3590.81911      -     -    1s
     0     0 3591.98597    0  245          - 3591.98597      -     -    1s
     0     0 3593.35808    0  249          - 3593.35808      -     -    1s
     0     0 3596.07637    0  231          - 3596.07637      -     -    1s
     0     0 3606.68577    0  226          - 3606.68577      -     -    1s
     0     0 3618.07766    0  253          - 3618.07766      -     -    1s
     0     0 3622.06666    0  238          - 3622.06666      -     -    1s
     0     0 3622.34435    0  243          - 3622.34435      -     -    1s
     0     0 3770.03644    0  248          - 3770.03644      -     -    2s
     0     0 3791.36745    0  212          - 3791.36745      -     -    2s
     0     0 3794.90507    0  240          - 3794.90507      -     -    2s
     0     0 3801.21894    0  266          - 3801.21894      -     -    2s
     0     0 3804.34982    0  278          - 3804.34982      -     -    2s
     0     0 3810.67793    0  298          - 3810.67793      -     -    2s
     0     0 3815.96802    0  259          - 3815.96802      -     -    2s
     0     0 3815.96821    0  252          - 3815.96821      -     -    2s
     0     0 3874.66381    0  253          - 3874.66381      -     -    3s
     0     0 3883.29019    0  296          - 3883.29019      -     -    3s
     0     0 3885.64131    0  286          - 3885.64131      -     -    3s
     0     0 3885.91769    0  291          - 3885.91769      -     -    3s
     0     0 3906.74412    0  322          - 3906.74412      -     -    3s
     0     0 3914.40438    0  333          - 3914.40438      -     -    3s
     0     0 3916.93500    0  363          - 3916.93500      -     -    4s
     0     0 3917.59959    0  343          - 3917.59959      -     -    4s
     0     0 3929.64413    0  304          - 3929.64413      -     -    4s
     0     0 3935.72474    0  321          - 3935.72474      -     -    4s
