




arguments: ./build/mirp_solver -f ./input/orig_exec_182.cfg
Current dir: /scratch/gui/bnc_mirp
File verbosity level: 9
date       time         ( uptime  ) [ thread name/id ]                   file:line     v| 
2021-01-10 06:17:25.219 (   0.399s) [main thread     ]             loguru.cpp:789   INFO| Logging to './output/vi_lex_quarter/OU/V3/Original/execution_10_01_2021_06_17_25.log', mode: 'a', verbosity: 9
--------------------------------------------------------------------------------
Parameters
                           instance_path           ./input/Instances/Original/5/
                            model_policy                                       1
                             nb_vehicles                                       3
                              output_dir ./output/vi_lex_quarter/OU/V3/Original/
                            sec_strategy                                       1
                       solver_nb_threads                                       2
                         solver_show_log                                    true
                       solver_time_limit                                    3600
                              use_vi_cos                                   false
                              use_vi_cus                                   false
                         use_vi_hc1_full                                   false
                         use_vi_hc1_half                                   false
                      use_vi_hc1_quarter                                   false
                              use_vi_hc2                                   false
                              use_vi_hc3                                   false
                         use_vi_lex_full                                   false
                         use_vi_lex_half                                   false
                      use_vi_lex_quarter                                    true
                              use_vi_qua                                   false
                               use_vi_vc                                   false
                               use_vi_vr                                   false
--------------------------------------------------------------------------------
executing instance: ./input/Instances/Original/5/absH3low_4n50.dat
--------------------------------------------------------------------------------
Instance details
n	51
H	3
C	4066
Li:
[0, 0, 0, 0, 0, 0, 0, 0, 0, 0, 0, 0, 0, 0, 0, 0, 0, 0, 0, 0, 0, 0, 0, 0, 0, 0, 0, 0, 0, 0, 0, 0, 0, 0, 0, 0, 0, 0, 0, 0, 0, 0, 0, 0, 0, 0, 0, 0, 0, 0, 0, ]
Ui:
[0, 108, 126, 122, 66, 120, 48, 30, 128, 54, 158, 198, 36, 66, 210, 234, 147, 297, 171, 128, 116, 120, 219, 70, 294, 207, 134, 128, 234, 122, 22, 183, 195, 255, 132, 124, 66, 189, 219, 66, 128, 102, 288, 66, 87, 136, 36, 39, 282, 36, 237, ]
Distance matrix:
|0	210	444	498	509	104	438	228	487	304	456	434	526	476	163	47	293	396	293	290	313	85	280	437	293	336	409	106	449	376	433	478	193	404	404	534	278	181	380	507	189	438	263	473	353	216	202	218	452	254	465	|
|210	0	299	507	359	106	345	409	358	411	320	402	555	448	136	200	289	264	306	427	141	222	83	348	264	320	283	303	380	208	258	357	170	348	475	542	243	347	355	379	65	479	172	373	355	251	112	229	402	210	300	|
|444	299	0	363	65	358	116	542	66	440	26	241	425	272	282	407	251	51	276	490	159	397	224	124	217	237	48	490	170	99	83	74	261	180	430	385	214	479	231	85	270	390	184	116	271	300	409	276	210	215	54	|
|498	507	363	0	385	482	246	424	326	254	343	123	63	93	388	452	221	337	211	314	428	414	480	239	243	187	324	463	194	418	438	307	346	188	156	36	264	392	156	326	444	87	340	258	154	286	603	294	153	297	417	|
|509	359	65	385	0	422	145	602	59	492	59	269	448	292	348	472	305	115	329	545	218	462	281	152	274	286	106	554	192	153	116	78	326	216	472	403	274	540	271	63	334	425	249	127	316	361	468	337	233	278	69	|
|104	106	358	482	422	0	372	309	408	337	374	396	521	441	98	96	262	314	271	342	215	124	177	373	249	302	329	198	394	281	337	402	139	353	419	518	230	250	343	428	90	437	188	405	328	200	134	188	406	199	372	|
|438	345	116	246	145	372	0	485	87	357	97	126	309	155	279	394	180	101	200	414	223	373	288	8	157	150	84	459	53	188	196	68	245	72	328	269	165	427	128	97	297	280	184	36	175	250	456	233	94	184	170	|
|228	409	542	424	602	309	485	0	561	170	544	419	424	446	298	214	305	491	286	115	462	187	457	480	331	339	496	124	470	510	565	545	295	424	279	454	329	66	376	576	363	340	370	520	330	242	429	266	453	328	581	|
|487	358	66	326	59	408	87	561	0	441	40	211	389	233	324	446	258	95	281	497	220	431	287	95	230	234	79	522	133	164	146	19	297	160	415	344	233	500	215	21	323	367	224	68	261	320	470	299	174	242	106	|
|304	411	440	254	492	337	357	170	441	0	434	266	255	286	275	266	189	392	164	63	408	225	428	351	224	207	392	234	330	438	484	424	250	287	112	284	232	149	233	453	349	170	302	389	185	168	471	195	305	248	487	|
|456	320	26	343	59	374	97	544	40	434	0	223	406	252	294	418	247	60	271	487	181	405	247	105	215	229	49	498	149	124	109	48	270	165	419	364	215	482	218	60	288	375	194	92	261	302	431	279	190	220	75	|
|434	402	241	123	269	396	126	419	211	266	223	0	185	46	298	387	140	213	145	328	310	355	366	118	147	97	201	425	78	295	315	191	256	65	211	151	166	371	53	215	343	157	231	145	90	220	505	217	41	198	295	|
|526	555	425	63	448	521	309	424	389	255	406	185	0	156	430	481	266	398	252	310	485	442	534	301	293	237	386	480	257	478	500	370	390	249	145	55	313	401	212	389	491	89	392	321	201	322	646	334	216	345	479	|
|476	448	272	93	292	441	155	446	233	286	252	46	156	0	343	429	183	250	184	348	353	396	411	148	192	140	236	461	102	334	350	214	302	106	214	113	212	402	98	233	389	151	277	165	125	261	551	260	62	244	325	|
|163	136	282	388	348	98	279	298	324	275	294	298	430	343	0	124	167	234	178	296	167	121	162	279	151	205	247	216	297	224	280	316	42	256	340	423	132	232	246	344	74	349	100	314	233	115	216	97	308	101	307	|
|47	200	407	452	472	96	394	214	446	266	418	387	481	429	124	0	246	358	245	259	284	41	261	392	247	289	370	103	403	345	402	436	150	358	361	488	232	158	333	466	165	393	223	430	306	168	217	171	406	210	431	|
|293	289	251	221	305	262	180	305	258	189	247	140	266	183	167	246	0	204	26	240	238	215	276	175	37	43	203	289	169	255	297	242	125	122	202	257	52	248	87	272	225	191	134	215	67	80	382	77	163	81	298	|
|396	264	51	337	115	314	101	491	95	392	60	213	398	250	234	358	204	0	229	442	130	347	196	108	169	194	19	440	152	87	102	93	211	149	390	363	165	428	194	116	228	355	134	117	230	250	376	225	189	164	95	|
|293	306	276	211	329	271	200	286	281	164	271	145	252	184	178	245	26	229	0	216	262	212	297	195	63	53	228	280	184	280	323	264	138	137	178	248	76	232	95	294	241	173	156	234	60	77	395	83	172	102	324	|
|290	427	490	314	545	342	414	115	497	63	487	328	310	348	296	259	240	442	216	0	443	220	456	408	273	264	443	204	390	479	529	480	278	346	165	343	278	115	293	509	369	229	340	447	244	202	473	230	366	288	536	|
|313	141	159	428	218	215	223	462	220	408	181	310	485	353	167	284	238	130	262	443	0	288	67	228	202	252	149	382	267	67	122	221	168	247	440	459	186	396	273	241	125	423	107	245	291	242	251	214	297	162	160	|
|85	222	397	414	462	124	373	187	431	225	405	355	442	396	121	41	215	347	212	220	288	0	273	371	221	258	357	95	378	344	401	420	136	331	321	450	208	126	302	450	177	353	213	409	272	136	253	143	377	190	426	|
|280	83	224	480	281	177	288	457	287	428	247	366	534	411	162	261	276	196	297	456	67	273	0	292	243	298	215	363	329	128	176	288	179	305	475	513	224	392	324	307	96	466	143	311	335	261	187	235	357	195	219	|
|437	348	124	239	152	373	8	480	95	351	105	118	301	148	279	392	175	108	195	408	228	371	292	0	154	144	91	456	46	194	203	76	244	65	320	261	163	423	121	103	299	273	185	40	168	247	459	230	86	183	178	|
|293	264	217	243	274	249	157	331	230	224	215	147	293	192	151	247	37	169	63	273	202	221	243	154	0	57	170	303	157	217	260	215	110	111	238	278	21	271	94	245	201	223	100	193	92	93	362	78	160	54	263	|
|336	320	237	187	286	302	150	339	234	207	229	97	237	140	205	289	43	194	53	264	252	258	298	144	57	0	190	331	131	257	294	216	163	84	197	221	77	285	44	246	258	172	155	183	39	123	418	119	120	110	288	|
|409	283	48	324	106	329	84	496	79	392	49	201	386	236	247	370	203	19	228	443	149	357	215	91	170	190	0	449	136	105	114	75	221	138	384	349	168	434	185	99	245	346	146	98	224	255	394	231	174	171	99	|
|106	303	490	463	554	198	459	124	522	234	498	425	480	461	216	103	289	440	280	204	382	95	363	456	303	331	449	0	458	439	496	510	229	410	344	498	293	89	374	540	267	391	307	495	336	211	308	226	451	280	520	|
|449	380	170	194	192	394	53	470	133	330	149	78	257	102	297	403	169	152	184	390	267	378	329	46	157	131	136	458	0	238	249	114	259	47	287	216	171	416	96	137	327	235	211	67	145	247	488	235	41	197	223	|
|376	208	99	418	153	281	188	510	164	438	124	295	478	334	224	345	255	87	280	479	67	344	128	194	217	257	105	439	238	0	57	169	216	230	453	445	206	445	268	184	191	427	141	202	296	278	315	250	274	191	92	|
|433	258	83	438	116	337	196	565	146	484	109	315	500	350	280	402	297	102	323	529	122	401	176	203	260	294	114	496	249	57	0	157	271	252	490	463	251	499	296	162	247	457	195	199	331	329	362	302	288	241	47	|
|478	357	74	307	78	402	68	545	19	424	48	191	370	214	316	436	242	93	264	480	221	420	288	76	215	216	75	510	114	169	157	0	287	141	396	325	219	485	196	31	319	347	216	49	243	306	469	286	154	230	120	|
|193	170	261	346	326	139	245	295	297	250	270	256	390	302	42	150	125	211	138	278	168	136	179	244	110	163	221	229	259	216	271	287	0	216	305	382	91	229	204	316	105	310	78	280	192	83	257	60	268	62	292	|
|404	348	180	188	216	353	72	424	160	287	165	65	249	106	256	358	122	149	137	346	247	331	305	65	111	84	138	410	47	230	252	141	216	0	255	215	126	369	56	168	292	210	177	102	103	200	454	189	54	155	234	|
|404	475	430	156	472	419	328	279	415	112	419	211	145	214	340	361	202	390	178	165	440	321	475	320	238	197	384	344	287	453	490	396	305	255	0	181	254	261	201	422	410	69	335	353	160	225	551	246	252	280	482	|
|534	542	385	36	403	518	269	454	344	284	364	151	55	113	423	488	257	363	248	343	459	450	513	261	278	221	349	498	216	445	463	325	382	215	181	0	298	425	189	342	479	115	373	276	190	323	638	330	175	332	439	|
|278	243	214	264	274	230	165	329	233	232	215	166	313	212	132	232	52	165	76	278	186	208	224	163	21	77	168	293	171	206	251	219	91	126	254	298	0	267	114	250	181	242	82	202	112	88	341	68	177	33	258	|
|181	347	479	392	540	250	427	66	500	149	482	371	401	402	232	158	248	428	232	115	396	126	392	423	271	285	434	89	416	445	499	485	229	369	261	425	267	0	325	516	298	313	305	463	281	180	375	203	403	264	516	|
|380	355	231	156	271	343	128	376	215	233	218	53	212	98	246	333	87	194	95	293	273	302	324	121	94	44	185	374	96	268	296	196	204	56	201	189	114	325	0	224	294	161	185	157	49	167	455	163	78	147	284	|
|507	379	85	326	63	428	97	576	21	453	60	215	389	233	344	466	272	116	294	509	241	450	307	103	245	246	99	540	137	184	162	31	316	168	422	342	250	516	224	0	344	371	244	70	271	337	490	317	176	261	120	|
|189	65	270	444	334	90	297	363	323	349	288	343	491	389	74	165	225	228	241	369	125	177	96	299	201	258	245	267	327	191	247	319	105	292	410	479	181	298	294	344	0	414	116	328	291	187	163	165	345	147	282	|
|438	479	390	87	425	437	280	340	367	170	375	157	89	151	349	393	191	355	173	229	423	353	466	273	223	172	346	391	235	427	457	347	310	210	69	115	242	313	161	371	414	0	323	301	133	238	565	253	197	273	444	|
|263	172	184	340	249	188	184	370	224	302	194	231	392	277	100	223	134	134	156	340	107	213	143	185	100	155	146	307	211	141	195	216	78	177	335	373	82	305	185	244	116	323	0	217	192	138	278	110	230	55	214	|
|473	373	116	258	127	405	36	520	68	389	92	145	321	165	314	430	215	117	234	447	245	409	311	40	193	183	98	495	67	202	199	49	280	102	353	276	202	463	157	70	328	301	217	0	205	286	485	269	106	220	167	|
|353	355	271	154	316	328	175	330	261	185	261	90	201	125	233	306	67	230	60	244	291	272	335	168	92	39	224	336	145	296	331	243	192	103	160	190	112	281	49	271	291	133	192	205	0	138	449	141	123	145	323	|
|216	251	300	286	361	200	250	242	320	168	302	220	322	261	115	168	80	250	77	202	242	136	261	247	93	123	255	211	247	278	329	306	83	200	225	323	88	180	167	337	187	238	138	286	138	0	328	28	243	88	340	|
|202	112	409	603	468	134	456	429	470	471	431	505	646	551	216	217	382	376	395	473	251	253	187	459	362	418	394	308	488	315	362	469	257	454	551	638	341	375	455	490	163	565	278	485	449	328	0	313	508	308	406	|
|218	229	276	294	337	188	233	266	299	195	279	217	334	260	97	171	77	225	83	230	214	143	235	230	78	119	231	226	235	250	302	286	60	189	246	330	68	203	163	317	165	253	110	269	141	28	313	0	235	61	315	|
|452	402	210	153	233	406	94	453	174	305	190	41	216	62	308	406	163	189	172	366	297	377	357	86	160	120	174	451	41	274	288	154	268	54	252	175	177	403	78	176	345	197	230	106	123	243	508	235	0	207	264	|
|254	210	215	297	278	199	184	328	242	248	220	198	345	244	101	210	81	164	102	288	162	190	195	183	54	110	171	280	197	191	241	230	62	155	280	332	33	264	147	261	147	273	55	220	145	88	308	61	207	0	253	|
|465	300	54	417	69	372	170	581	106	487	75	295	479	325	307	431	298	95	324	536	160	426	219	178	263	288	99	520	223	92	47	120	292	234	482	439	258	516	284	120	282	444	214	167	323	340	406	315	264	253	0	|

--------------------------------------------------------------------------------
Building model...
	using lazy and cut (CVRPSEP package)
Solving IRP LP...
--------------------------------------------------------------------------------

Gurobi 9.1.0 (linux64) logging started Sun Jan 10 06:17:25 2021

Gurobi Optimizer version 9.1.0 build v9.1.0rc0 (linux64)
Thread count: 32 physical cores, 32 logical processors, using up to 2 threads
Optimize a model with 1431 rows, 12588 columns and 28272 nonzeros
Model fingerprint: 0x5c9cf9fe
Variable types: 654 continuous, 11934 integer (459 binary)
Coefficient statistics:
  Matrix range     [1e+00, 4e+03]
  Objective range  [1e-02, 6e+02]
  Bounds range     [1e+00, 3e+02]
  RHS range        [1e+01, 7e+03]
Presolve removed 259 rows and 224 columns
Presolve time: 0.11s
Presolved: 1172 rows, 12364 columns, 26648 nonzeros
Variable types: 550 continuous, 11814 integer (11359 binary)

Root relaxation: objective 3.373564e+03, 1351 iterations, 0.04 seconds

    Nodes    |    Current Node    |     Objective Bounds      |     Work
 Expl Unexpl |  Obj  Depth IntInf | Incumbent    BestBd   Gap | It/Node Time

     0     0 3373.56424    0  161          - 3373.56424      -     -    0s
     0     0 3620.27341    0  153          - 3620.27341      -     -    0s
     0     0 3635.12527    0  158          - 3635.12527      -     -    0s
     0     0 3635.90664    0  158          - 3635.90664      -     -    0s
     0     0 4350.95259    0  232          - 4350.95259      -     -    0s
     0     0 4407.51914    0  241          - 4407.51914      -     -    1s
     0     0 4413.83243    0  266          - 4413.83243      -     -    1s
     0     0 4414.43369    0  263          - 4414.43369      -     -    1s
     0     0 4527.76243    0  214          - 4527.76243      -     -    1s
     0     0 4546.26241    0  263          - 4546.26241      -     -    1s
     0     0 4554.26609    0  244          - 4554.26609      -     -    1s
     0     0 4558.53131    0  312          - 4558.53131      -     -    1s
     0     0 4566.66989    0  317          - 4566.66989      -     -    2s
     0     0 4575.28782    0  305          - 4575.28782      -     -    2s
     0     0 4576.20158    0  335          - 4576.20158      -     -    2s
     0     0 4611.18396    0  279          - 4611.18396      -     -    2s
     0     0 4614.70816    0  283          - 4614.70816      -     -    2s
     0     0 4617.17090    0  256          - 4617.17090      -     -    2s
     0     0 4631.83142    0  308          - 4631.83142      -     -    2s
     0     0 4635.57217    0  263          - 4635.57217      -     -    3s
     0     0 4635.68194    0  320          - 4635.68194      -     -    3s
     0     0 4657.18360    0  380          - 4657.18360      -     -    3s
     0     0 4658.89609    0  374          - 4658.89609      -     -    3s
     0     0 4663.04207    0  382          - 4663.04207      -     -    4s
     0     0 4663.40019    0  389          - 4663.40019      -     -    4s
     0     2 4663.40019    0  346          - 4663.40019      -     -    5s
    65    69 5137.72024   23  175          - 4692.67606      -   311   10s
   166   170 5249.29183   28  150          - 4697.30964      -   239   15s
   380   364 6772.77185  137   45          - 4697.48530      -   155   20s
   589   550 4808.84139    5  333          - 4702.54011      -   121   25s
   671   625 5364.15525   28  185          - 4702.54011      -   133   30s
   724   671 7795.68861  188  156          - 4702.54011      -   133   35s
   736   679 7694.37718  172  470          - 4708.91481      -   131   40s
   747   687 7694.87217  172  585          - 4741.52596      -   129   45s
   757   693 6818.14721  143  540          - 4754.12237      -   128   50s
   770   702 8486.91911  211  516          - 4766.81315      -   125   55s
   782   710 7321.06794  167  514          - 4772.19923      -   124   60s
   790   718 4788.00678   14  634          - 4785.31586      -   146   65s
   831   749 4838.36847   21  431          - 4792.32887      -   157   70s
   894   798 4909.57444   28  351          - 4792.32887      -   161   75s
  1050   898 5041.52605   35  284          - 4792.32887      -   150   80s
  1203   948 7328.14000  171    -          - 4792.32887      -   134   85s
  1272   987 5268.32829   53  244          - 4792.32887      -   138   90s
  1337  1040 5658.16571   68  179          - 4792.32887      -   142   95s
  1404  1087 5827.52083   85  152          - 4792.32887      -   144  100s
  1510  1164 6143.60164  114  105          - 4792.32887      -   144  105s
  1610  1243 6799.42425  139   95          - 4792.32887      -   142  110s
  1738  1348 7639.65251  178   76          - 4792.32887      -   138  116s
  1877  1431 8000.98051  216   47          - 4793.35758      -   132  122s
  1956  1431 4940.11061   18  601          - 4793.35758      -   131  125s
  2032  1485 5042.29893   21  491          - 4793.35758      -   129  130s
  2076  1490 5081.74225   22  342          - 4793.35758      -   130  135s
  2101  1507 5164.21608   28  300          - 4793.35758      -   133  140s
  2122  1523 5209.08510   35  205          - 4793.35758      -   135  145s
  2168  1564 5381.34617   52  125          - 4793.35758      -   137  152s
  2211  1599 5490.15557   63  195          - 4793.35758      -   138  156s
  2278  1670 5620.61035   81   74          - 4793.35758      -   138  162s
  2333  1738 5820.50706   95   86          - 4793.35758      -   137  166s
  2419  1810 6495.10404  122   21          - 4793.35758      -   135  170s
  2590  1823 7050.05597  128   59          - 4811.10963      -   129  175s
  2673  1849 5018.17121   17  454          - 4811.10963      -   130  182s
  2698  1872 4976.15026   19  343          - 4811.10963      -   130  185s
  2782  1946 5041.15151   26  231          - 4811.10963      -   131  194s
  2793  1943 6139.83629   91   31          - 4811.10963      -   131  195s
  2887  1962 5124.74182   32  219          - 4811.10963      -   131  202s
  2908  1978 5168.43518   36  153          - 4811.10963      -   132  205s
  2953  2026 5246.67247   44  151          - 4811.10963      -   134  212s
  2981  2054 5295.68336   47  112          - 4811.10963      -   134  216s
  3009  2099 5386.31589   50  177          - 4811.10963      -   135  220s
  3102  2193 5545.27826   62   58          - 4811.10963      -   136  228s
  3150  2249 5730.80534   62  109          - 4811.10963      -   136  232s
  3206  2324 5625.32493   72  103          - 4811.10963      -   136  237s
  3281  2455 5813.09757   80   85          - 4811.10963      -   136  243s
  3383  2455 6033.26939   90   33          - 4811.10963      -   135  245s
  3412  2647 5978.32159   95   38          - 4830.40742      -   134  254s
  3478  2647 6130.27000  110    4          - 4830.40742      -   132  255s
  3750  2724 4967.62279   16  424          - 4830.41930      -   126  262s
  3768  2747 5095.66362   24  237          - 4830.41930      -   127  266s
  3791  2785 5168.92218   31  181          - 4830.41930      -   128  271s
  3829  2839 5327.45832   38   79          - 4830.41930      -   129  276s
  3883  2906 5526.18961   48   81          - 4830.41930      -   130  281s
  3950  3096 5837.98639   61  127          - 4830.41930      -   131  289s
  3982  3096 5709.74042   78   39          - 4830.41930      -   130  290s
  4141  3247 6196.34759  112   13          - 4830.73778      -   127  300s
  4377  3308 5195.85200   17  380          - 4830.86754      -   124  309s
  4394  3308 5049.07780   18  507          - 4830.86754      -   124  310s
  4401  3366 5416.07472   26  157          - 4830.86754      -   125  316s
  4459  3471 5548.56004   42  123          - 4830.86754      -   126  323s
  4566  3663 5784.68309   80    9          - 4831.32297      -   126  333s
  4679  3668 6444.42500  126   23          - 4831.32297      -   124  335s
  4787  3748 5093.37601   22  287          - 4831.32297      -   123  344s
  4835  3748 6134.67000   88   14          - 4831.32297      -   123  345s
  4879  3787 5151.65079   31  243          - 4831.32297      -   123  352s
  4910  3822 5340.64612   38  238          - 4831.32297      -   125  359s
  4945  3881 5347.92012   52   99          - 4831.32297      -   126  366s
  5004  4035 5660.57748   67   57          - 4831.32297      -   127  374s
  5020  4035 5632.02524   73   53          - 4831.32297      -   127  375s
  5158  4205 6332.92172   96   25          - 4842.00716      -   126  385s
  5382  4277 5043.87188   20  316          - 4842.00716      -   124  394s
  5428  4349 5258.59468   26  288          - 4842.00716      -   126  401s
  5500  4506 5460.07432   38  177          - 4842.00716      -   127  412s
  5691  4525 6584.66000  128    5          - 4842.00716      -   126  415s
  5735  4664 5699.27302   59  138          - 4842.00716      -   125  424s
  5767  4664 5860.80459   70   65          - 4842.00716      -   125  425s
  5862  4722 6154.04587  102   14          - 4842.00716      -   125  447s
  5924  4791 6439.11341  124   10          - 4844.89723      -   126  456s
  6027  4848 5000.46616   24  318          - 4844.89723      -   126  465s
  6069  4906 5075.83107   33  311          - 4844.89723      -   127  473s
  6127  5034 5197.89073   41  242          - 4844.89723      -   129  483s
  6255  5216 5386.86773   71   93          - 4845.10487      -   130  496s
  6488  5235 6390.15000  124    -          - 4845.40193      -   128  500s
  6510  5268 5217.43747   27  280          - 4845.40193      -   128  506s
  6532  5306 5281.74371   33  224          - 4845.40193      -   130  514s
  6548  5306 5310.80990   38  304          - 4845.40193      -   130  515s
  6570  5376 5344.88574   42  197          - 4845.40193      -   131  524s
  6640  5570 5711.60119   60   88          - 4845.63872      -   133  539s
  6673  5570 5734.48458   74   32          - 4845.63872      -   132  540s
  6855  5677 5079.13958   17  469          - 4845.63872      -   132  552s
  6953  5845 5321.20726   26  286          - 4845.63872      -   132  567s
  7186  5873 7204.30000  130    8          - 4845.63872      -   130  570s
  7220  6138 5583.33549   39   95          - 4846.74834      -   130  584s
  7256  6138 5749.35765   52   52          - 4846.74834      -   130  585s
  7531  6220 4990.76523   23  379          - 4846.74834      -   128  598s
  7588  6306 5061.63953   30  312          - 4846.74834      -   130  609s
  7620  6306 5265.00779   45  150          - 4846.74834      -   131  610s
  7674  6630 5278.01935   50  181          - 4846.74834      -   132  625s
  8028  6811 5930.39675   95   51          - 4846.81054      -   130  642s
  8205  6841 6310.70788  112   92          - 4846.88206      -   129  645s
  8322  6936 5224.31312   26  341          - 4846.88206      -   129  657s
  8392  7167 5337.37375   34  166          - 4846.88206      -   130  673s
  8493  7167 5695.69111   74   60          - 4846.88206      -   131  675s
  8633  7418 5470.17827   48  111          - 4846.88206      -   130  690s
  9004  7538 5783.79609   65   56          - 4846.88206      -   127  704s
  9036  7538 6121.40149   73  140          - 4846.88206      -   128  705s
  9076  7741 6197.71636   82   35          - 4850.25444      -   129  721s
  9333  7793 7856.69000  168    -          - 4850.25444      -   126  725s
  9428  8054 5238.50785   22  392          - 4850.25444      -   127  742s
  9614  8054 6310.20552  116   45          - 4850.25444      -   126  745s
  9740  8128 5432.89382   35  163          - 4850.25444      -   125  756s
  9789  8191 5596.12620   49  105          - 4850.25444      -   126  768s
  9852  8415 5848.38673   73   89          - 4854.75526      -   128  783s
  9948  8415 6086.93157  107    4          - 4854.75526      -   127  785s
 10101  8462 4977.70943   17  442          - 4854.75526      -   127  796s
 10143  8611 5489.84482   28  368          - 4854.75526      -   129  808s
 10288  8611 6378.27431   71   98          - 4854.75526      -   129  811s
 10292  9056 5798.32264   63   58          - 4855.79452      -   129  828s
 10404  9056 6469.61498   95   57          - 4855.79452      -   129  830s
 10790  9401 4894.84378   16  632          - 4855.79452      -   127  851s
 11216  9537 5503.35098   24  439          - 4855.79452      -   124  867s
 11360  9620 5771.51550   33  287          - 4855.79452      -   124  878s
 11414  9747 6135.89119   43  245          - 4855.79452      -   125  892s
 11541 10051 6454.60089   81   82          - 4858.32926      -   125  909s
 11605 10051 6645.64215  105   45          - 4858.32926      -   125  910s
 11888 10125 4990.30765   23  468          - 4858.32926      -   124  923s
 11950 10231 5472.39241   31  319          - 4858.32926      -   125  936s
 12056 10367 5642.50481   36  254          - 4858.32926      -   125  949s
 12072 10367 5877.77315   45  107          - 4858.32926      -   125  950s
 12192 10544 6004.19563   55   34          - 4862.12105      -   126  963s
 12288 10556 6315.54000   97    -          - 4862.12105      -   126  965s
 12419 10756 5132.53075   20  469          - 4862.12105      -   126  981s
 12681 10786 7266.00000  136    8          - 4862.12105      -   125  985s
 12687 10908 5453.33053   32  162          - 4862.12105      -   125 1036s
 12837 11409 5712.71000   50   53          - 4862.12105      -   125 1056s
 13090 11410 6669.91409  113   19          - 4862.12105      -   123 1060s
 13508 11500 8379.53000  185    -          - 4862.12105      -   120 1065s
 13581 11638 6526.58251  119   54          - 4863.08295      -   120 1078s
 13706 11694 5199.67172   28  310          - 4863.08611      -   120 1089s
 13723 11694 5527.29315   36  218          - 4863.08611      -   121 1090s
 13754 11901 5505.11090   38  268          - 4863.08611      -   121 1104s
 13770 11901 5789.47577   45  226          - 4863.08611      -   122 1105s
 13963 12031 5731.93514   49  169          - 4863.08611      -   121 1118s
 14068 12034 6524.26381  121    4          - 4863.08611      -   121 1120s
 14161 12270 6190.77016   76  150          - 4863.43181      -   121 1135s
 14432 12345 5083.01092   26  441          - 4863.43443      -   120 1147s
 14477 12467 5391.94994   36  153          - 4863.43443      -   121 1160s
 14599 12568 5477.20396   45  160          - 4863.43443      -   122 1173s
 14715 12641 5564.04627   57  251          - 4863.43443      -   122 1185s
 14781 12788 5658.03575   81   54          - 4863.64682      -   123 1200s
 14982 12872 4914.90933   28  547          - 4863.85867      -   123 1213s
 15046 12951 5258.98981   34  449          - 4863.85867      -   124 1227s
 15166 13003 5387.62849   42  179          - 4863.85867      -   124 1239s
 15196 13063 5449.59597   49  187          - 4863.85867      -   125 1250s
 15256 13186 5564.47124   66  131          - 4863.85867      -   126 1262s
 15379 13480 5966.89804   93   32          - 4871.12663      -   126 1277s
 15592 13502 7500.68950  185    7          - 4871.12663      -   125 1280s
 15816 13557 5029.97990   28  558          - 4881.16140      -   125 1291s
 15839 13592 5328.74803   33  494          - 4881.16140      -   125 1303s
 15874 13657 5619.29825   39  281          - 4881.16140      -   126 1314s
 15895 13657 5718.54932   49  205          - 4881.16140      -   127 1315s
 15939 13777 5712.99642   49  350          - 4881.16140      -   127 1328s
 16047 13777 6083.81362   78   71          - 4881.16140      -   128 1330s
 16061 14057 5909.09058   69   87          - 4881.16140      -   127 1346s
 16310 14078 6983.01000  130    -          - 4881.16140      -   127 1350s
 16521 14232 6561.08077   88  126          - 4883.74286      -   126 1363s
 16634 14394 5649.07126   29  240          - 4883.74286      -   126 1379s
 16651 14394 5536.67749   36  249          - 4883.74286      -   126 1380s
 16791 14737 5635.50235   42  208          - 4883.74286      -   126 1398s
 16920 14737 6140.42740   83   16          - 4883.74286      -   126 1400s
 17178 14875 6126.26937   88   24          - 4885.11495      -   125 1418s
 17292 14888 6531.51000  120   18          - 4885.11495      -   124 1420s
 17385 14968 5296.18193   21  546          - 4885.11495      -   124 1432s
 17437 15098 5774.98320   32  374          - 4885.11495      -   125 1446s
 17567 15306 5812.06815   39  301          - 4885.11495      -   125 1465s
 17898 15425 6050.52667   47   53          - 4885.11495      -   124 1481s
 17965 15574 6248.84362   64   56          - 4885.97007      -   125 1497s
 18143 15603 7073.29000  149    -          - 4885.97007      -   124 1500s
 18184 15744 5096.67904   24  557          - 4885.97007      -   125 1513s
 18283 15744 6170.91332   97   13          - 4885.97007      -   125 1515s
 18347 15834 5725.80502   37  301          - 4885.97007      -   125 1528s
 18426 15997 6100.67586   45  214          - 4885.97007      -   125 1543s
 18514 15997 5736.84000   65   36          - 4885.97007      -   125 1545s
 18589 16249 6210.71939   59  110          - 4885.97007      -   125 1562s
 18828 16266 6891.83000  142    8          - 4885.97007      -   125 1565s
 18910 16426 6790.49694   87  128          - 4885.97007      -   125 1581s
 19066 16592 7041.78133  101   88          - 4887.62531      -   125 1597s
 19287 16726 5497.14309   35  444          - 4887.62531      -   125 1613s
 19392 16808 5730.74120   40  431          - 4887.62531      -   125 1628s
 19507 16892 6102.30974   47  230          - 4887.62531      -   125 1641s
 19579 17042 6409.50889   72   78          - 4887.62531      -   126 1656s
 19751 17140 6841.73960   94  124          - 4888.06681      -   126 1671s
 19892 17271 5348.01331   31  315          - 4888.06681      -   126 1686s
 19998 17490 5612.24983   51  115          - 4888.06681      -   127 1705s
 20281 17621 5765.58294   87   64          - 4889.81009      -   126 1721s
 20474 17688 5235.74148   28  453          - 4889.81009      -   126 1734s
 20505 17754 5818.37638   38  223          - 4889.81009      -   127 1747s
 20571 17873 5990.06791   58  141          - 4889.81009      -   127 1762s
 20690 18027 6132.87965   97   36          - 4894.89925      -   127 1777s
 20889 18142 4988.75570   18  489          - 4894.89925      -   127 1793s
 20993 18395 5514.57853   30  325          - 4894.89925      -   128 1809s
 21272 18604 5841.70590   39  202          - 4894.89925      -   127 1831s
 21567 18654 8081.06000  183    -          - 4894.89925      -   126 1835s
 21585 18723 5987.79720   56   57          - 4894.89925      -   126 1849s
 21647 18943 6278.34436   78   82          - 4896.25383      -   127 1870s
 21946 19019 5064.46960   19  576          - 4896.25383      -   126 1886s
 21987 19065 5562.00327   30  384          - 4896.25383      -   127 1898s
 22033 19113 5762.87877   34  451          - 4896.25383      -   127 1910s
 22081 19336 5893.99920   45  284          - 4896.25383      -   128 1925s
 22328 19448 6163.82596   81   13          - 4898.86522      -   127 1942s
 22510 19502 5522.66777   34  370          - 4899.18783      -   127 1955s
 22545 19548 5570.34703   44  264          - 4899.18783      -   128 1967s
 22591 19609 5706.79687   53  161          - 4899.18783      -   128 1980s
 22652 19891 5899.11378   64  126          - 4899.69498      -   129 2001s
 23023 19956 5211.36548   16  421          - 4904.06791      -   128 2017s
 23048 19994 5587.39301   29  285          - 4904.06791      -   128 2029s
 23088 20078 5916.55040   41  233          - 4904.06791      -   129 2042s
 23172 20379 6025.26335   55  179          - 4904.06791      -   129 2062s
 23357 20381 6369.67306  109   27          - 4904.06791      -   129 2065s
 23503 20682 6386.25588   83   57          - 4904.06791      -   129 2085s
 23933 20814 6835.98184  131   22          - 4904.76475      -   127 2103s
 24024 20874 5519.91996   29  354          - 4904.76475      -   127 2117s
 24077 20966 6009.85555   46  175          - 4904.76475      -   128 2132s
 24169 21130 6175.91855   70   86          - 4904.76475      -   128 2148s
 24265 21130 6559.45352  106   67          - 4904.76475      -   128 2150s
 24341 21568 6635.21474  107   36          - 4905.15780      -   128 2169s
 24389 21568 6664.56606  122   29          - 4905.15780      -   128 2170s
 25005 21706 5138.36055   21  513          - 4905.68002      -   126 2189s
 25039 21784 5549.19118   31  441          - 4905.68002      -   127 2203s
 25117 21946 5685.11676   39  257          - 4905.68002      -   127 2220s
 25329 22060 5912.19029   58  107          - 4905.68002      -   127 2238s
 25506 22104 7158.06000  123    -          - 4905.68002      -   126 2240s
 25551 22270 6027.63905   68   81          - 4906.31823      -   126 2259s
 25583 22270 6184.36911   98   31          - 4906.31823      -   126 2260s
 25788 22338 4945.20897   24  574          - 4906.31823      -   126 2276s
 25822 22377 5763.84938   35  345          - 4906.31823      -   126 2289s
 25861 22430 5717.48018   42  272          - 4906.31823      -   127 2302s
 25914 22612 5811.23257   47  305          - 4906.31823      -   127 2320s
 26102 22772 6017.34474   66   56          - 4906.31823      -   127 2338s
 26185 22772 7227.06253  157   28          - 4906.31823      -   127 2340s
 26343 22888 6356.74959   86  100          - 4907.05077      -   127 2354s
 26376 22888 6448.19812  100   40          - 4907.05077      -   127 2355s
 26437 22982 5324.95725   30  287          - 4907.05077      -   127 2372s
 26531 23124 5823.04586   38  373          - 4907.05077      -   127 2393s
 26631 23124 6340.40034  104   57          - 4907.05077      -   127 2395s
 26709 23202 5853.80112   48  239          - 4907.05077      -   127 2410s
 26774 23323 6086.21000   74   39          - 4908.86615      -   127 2429s
 26838 23326 6328.60000   97    -          - 4908.86615      -   127 2430s
 26955 23414 5128.50186   29  220          - 4908.86615      -   127 2445s
 27016 23519 5423.20075   42   92          - 4908.86615      -   128 2460s
 27121 23743 5728.80866   69  162          - 4909.07683      -   128 2482s
 27337 23774 6067.15208  110   25          - 4911.21342      -   127 2485s
 27474 23821 5225.92940   20  508          - 4911.21342      -   127 2499s
 27483 23821 5136.56359   28  432          - 4911.21342      -   127 2500s
 27494 23846 5506.64393   29  467          - 4911.21342      -   127 2512s
 27519 23882 5755.26032   34  368          - 4911.21342      -   128 2527s
 27555 23929 5888.10277   42  281          - 4911.21342      -   128 2540s
 27602 24025 6078.23261   54  210          - 4911.21342      -   129 2555s
 27708 24167 6257.78649   68  172          - 4911.21342      -   129 2572s
 27853 24475 6540.66067   92   73          - 4911.31531      -   129 2595s
 28305 24664 5150.02202   28  356          - 4911.31531      -   128 2614s
 28348 24671 6880.93000  154   13          - 4911.31531      -   128 2615s
 28538 24793 5582.69421   46  119          - 4911.31531      -   128 2630s
 28610 24954 5947.77573   67   68          - 4911.31531      -   128 2648s
 28754 24962 6475.65551  120    9          - 4911.31531      -   128 2650s
 28801 25040 6387.53000   92   25          - 4911.36905      -   128 2664s
 28818 25045 7124.54500  132   29          - 4911.36905      -   128 2665s
 28918 25138 5664.80598   39  228          - 4911.36905      -   128 2679s
 28995 25308 5586.02126   41  224          - 4911.36905      -   128 2698s
 29184 25316 6900.60976  130   14          - 4911.36905      -   128 2700s
 29206 25422 5900.00812   51  144          - 4911.36905      -   128 2715s
 29304 25568 6069.42040   68   20          - 4911.36905      -   128 2733s
 29462 25680 6174.86074   80   74          - 4911.36905      -   128 2880s
 29589 25935 6286.87529   82   52          - 4911.36905      -   128 2902s
 29844 25962 5988.94896  101   19          - 4911.36905      -   127 2905s
 29928 26213 6529.44556  118    8          - 4914.09614      -   127 2927s
 30177 26230 8086.06490  178   13          - 4914.09614      -   127 2930s
 30276 26280 5059.31061   29  541          - 4914.09614      -   127 2943s
 30300 26309 5402.67435   37  363          - 4914.09614      -   127 2956s
 30331 26376 5841.82891   44  263          - 4914.09614      -   127 2971s
 30398 26551 5936.92159   53  236          - 4914.09614      -   128 2990s
 30615 26683 6351.62724   80    9          - 4914.09614      -   128 3013s
 30737 26699 7346.77091  142    4          - 4914.09614      -   128 3015s
 30797 26776 6391.06748   83   28          - 4914.09614      -   128 3029s
 30813 26780 6295.71706   90   11          - 4914.09614      -   128 3030s
 30881 26854 6371.49563   88    7          - 4914.92005      -   128 3047s
 30979 26887 5220.54840   22  504          - 4914.92005      -   128 3062s
 30997 26924 5631.72298   30  377          - 4914.92005      -   129 3076s
 31036 26987 6109.30770   44  346          - 4914.92005      -   129 3090s
 31099 27103 6159.92722   58  143          - 4914.92005      -   129 3109s
 31125 27103 6346.11910   65   56          - 4914.92005      -   129 3110s
 31215 27263 6458.42667   75   41          - 4914.92005      -   130 3129s
 31248 27263 6570.50724   86   77          - 4914.92005      -   130 3130s
 31375 27477 6717.27626  103   60          - 4914.92005      -   130 3150s
 31688 27689 7288.66260  146   53          - 4915.50677      -   129 3173s
 31785 27689 8339.90849  177   29          - 4915.50677      -   129 3175s
 31903 27740 5029.02493   32  589          - 4915.50677      -   129 3189s
 31933 27786 5628.90161   39  452          - 4915.50677      -   130 3203s
 31979 27855 6071.77352   49  297          - 4915.50677      -   130 3218s
 32048 28033 6050.87550   62   86          - 4915.50677      -   130 3237s
 32236 28215 6325.50083   85  135          - 4915.50677      -   130 3257s
 32433 28230 7107.68000  131    -          - 4915.50677      -   130 3260s
 32488 28477 6510.06939   94   98          - 4920.14834      -   130 3281s
 32744 28516 7856.73749  206   14          - 4920.14834      -   129 3285s
 32830 28560 5236.26330   21  444          - 4920.14834      -   129 3300s
 32861 28653 5659.46148   33  341          - 4920.14834      -   130 3318s
 32954 28778 5946.48986   54  133          - 4920.14834      -   130 3338s
 33067 28778 6497.54252   82   73          - 4920.14834      -   130 3340s
 33079 28972 6169.69700   72  120          - 4920.14834      -   130 3362s
 33311 29062 6788.70310  107   49          - 4920.40894      -   130 3383s
 33409 29075 6722.62085  126   17          - 4920.50927      -   130 3385s
 33456 29118 5545.28234   24  367          - 4920.50927      -   130 3400s
 33491 29174 6092.05762   36  336          - 4920.50927      -   130 3417s
 33547 29255 6331.91279   46  105          - 4920.50927      -   130 3433s
 33628 29413 6468.21026   60  115          - 4920.50927      -   131 3453s
