




arguments: ./build/mirp_solver -f ./input/orig_exec_26.cfg
Current dir: /scratch/gui/bnc_mirp
File verbosity level: 9
date       time         ( uptime  ) [ thread name/id ]                   file:line     v| 
2021-01-09 02:29:32.627 (   0.195s) [main thread     ]             loguru.cpp:789   INFO| Logging to './output/vi_lex_quarter/OU/V3/Original/execution_09_01_2021_02_29_32.log', mode: 'a', verbosity: 9
--------------------------------------------------------------------------------
Parameters
                           instance_path           ./input/Instances/Original/1/
                            model_policy                                       1
                             nb_vehicles                                       3
                              output_dir ./output/vi_lex_quarter/OU/V3/Original/
                            sec_strategy                                       1
                       solver_nb_threads                                       2
                         solver_show_log                                    true
                       solver_time_limit                                    3600
                              use_vi_cos                                   false
                              use_vi_cus                                   false
                         use_vi_hc1_full                                   false
                         use_vi_hc1_half                                   false
                      use_vi_hc1_quarter                                   false
                              use_vi_hc2                                   false
                              use_vi_hc3                                   false
                         use_vi_lex_full                                   false
                         use_vi_lex_half                                   false
                      use_vi_lex_quarter                                    true
                              use_vi_qua                                   false
                               use_vi_vc                                   false
                               use_vi_vr                                   false
--------------------------------------------------------------------------------
executing instance: ./input/Instances/Original/1/absH3high_1n5.dat
--------------------------------------------------------------------------------
Instance details
n	6
H	3
C	289
Li:
[0, 0, 0, 0, 0, 0, ]
Ui:
[0, 195, 105, 116, 72, 22, ]
Distance matrix:
|0	85	349	17	203	289	|
|85	0	265	102	214	226	|
|349	265	0	366	368	238	|
|17	102	366	0	207	302	|
|203	214	368	207	0	431	|
|289	226	238	302	431	0	|

--------------------------------------------------------------------------------
Building model...
	using lazy and cut (CVRPSEP package)
Solving IRP LP...
--------------------------------------------------------------------------------

Gurobi 9.1.0 (linux64) logging started Sat Jan  9 02:29:32 2021

Gurobi Optimizer version 9.1.0 build v9.1.0rc0 (linux64)
Thread count: 32 physical cores, 32 logical processors, using up to 2 threads
Optimize a model with 171 rows, 258 columns and 825 nonzeros
Model fingerprint: 0x6389de43
Variable types: 69 continuous, 189 integer (54 binary)
Coefficient statistics:
  Matrix range     [1e+00, 2e+02]
  Objective range  [2e-01, 4e+02]
  Bounds range     [1e+00, 2e+02]
  RHS range        [1e+01, 5e+02]
Presolve removed 36 rows and 21 columns
Presolve time: 0.00s
Presolved: 135 rows, 237 columns, 664 nonzeros
Variable types: 51 continuous, 186 integer (138 binary)
Found heuristic solution: objective 2887.3300000

Root relaxation: objective 1.702923e+03, 225 iterations, 0.00 seconds

    Nodes    |    Current Node    |     Objective Bounds      |     Work
 Expl Unexpl |  Obj  Depth IntInf | Incumbent    BestBd   Gap | It/Node Time

     0     0 1702.92263    0   23 2887.33000 1702.92263  41.0%     -    0s
     0     0 1901.20116    0   25 2887.33000 1901.20116  34.2%     -    0s
     0     0 2080.90446    0   48 2887.33000 2080.90446  27.9%     -    0s
     0     0 2220.49343    0   44 2887.33000 2220.49343  23.1%     -    0s
     0     0 2223.99240    0   54 2887.33000 2223.99240  23.0%     -    0s
     0     0 2224.11080    0   61 2887.33000 2224.11080  23.0%     -    0s
     0     0 2262.58144    0   45 2887.33000 2262.58144  21.6%     -    0s
H    0     0                    2813.3300000 2262.58144  19.6%     -    0s
     0     0 2262.74236    0   39 2813.33000 2262.74236  19.6%     -    0s
     0     0 2289.73917    0   53 2813.33000 2289.73917  18.6%     -    0s
H    0     0                    2809.3300000 2289.73917  18.5%     -    0s
     0     0 2290.29953    0   67 2809.33000 2290.29953  18.5%     -    0s
     0     0 2291.04792    0   69 2809.33000 2291.04792  18.4%     -    0s
     0     0 2291.21913    0   66 2809.33000 2291.21913  18.4%     -    0s
     0     0 2326.67317    0   48 2809.33000 2326.67317  17.2%     -    0s
H    0     0                    2488.0300000 2326.67317  6.49%     -    0s
     0     0 2326.67317    0   48 2488.03000 2326.67317  6.49%     -    0s
     0     0 2340.67771    0   64 2488.03000 2340.67771  5.92%     -    0s
     0     0 2341.50628    0   82 2488.03000 2341.50628  5.89%     -    0s
     0     0 2344.28116    0   82 2488.03000 2344.28116  5.78%     -    0s
     0     0 2344.38960    0   76 2488.03000 2344.38960  5.77%     -    0s
     0     0 2349.46125    0   87 2488.03000 2349.46125  5.57%     -    0s
     0     0 2370.14004    0   82 2488.03000 2370.14004  4.74%     -    0s
     0     0 2370.75573    0   77 2488.03000 2370.75573  4.71%     -    0s
     0     0 2373.33137    0   90 2488.03000 2373.33137  4.61%     -    0s
H    0     0                    2414.0300000 2373.33137  1.69%     -    0s
     0     0 2373.36356    0   90 2414.03000 2373.36356  1.68%     -    0s
     0     0 2374.25297    0   91 2414.03000 2374.25297  1.65%     -    0s
     0     0 2375.05055    0   89 2414.03000 2375.05055  1.61%     -    0s
     0     0 2375.64796    0   36 2414.03000 2375.64796  1.59%     -    0s
     0     0 2375.64796    0   43 2414.03000 2375.64796  1.59%     -    0s
     0     0 2375.64796    0   28 2414.03000 2375.64796  1.59%     -    0s
     0     0 2399.79586    0   27 2414.03000 2399.79586  0.59%     -    0s
     0     0 2400.18047    0   29 2414.03000 2400.18047  0.57%     -    0s
     0     0 2400.67387    0   31 2414.03000 2400.67387  0.55%     -    0s
     0     0 2409.11148    0   26 2414.03000 2409.11148  0.20%     -    0s
     0     0     cutoff    0      2414.03000 2414.03000  0.00%     -    0s

Explored 1 nodes (1357 simplex iterations) in 0.18 seconds
Thread count was 2 (of 32 available processors)

Solution count 5: 2414.03 2488.03 2809.33 ... 2887.33

Optimal solution found (tolerance 1.00e-04)
Best objective 2.414030000000e+03, best bound 2.414030000000e+03, gap 0.0000%

User-callback calls 305, time in user-callback 0.01 sec
================================================================================
executing instance: ./input/Instances/Original/1/absH3high_1n45.dat
--------------------------------------------------------------------------------
Instance details
n	46
H	3
C	3462
Li:
[0, 0, 0, 0, 0, 0, 0, 0, 0, 0, 0, 0, 0, 0, 0, 0, 0, 0, 0, 0, 0, 0, 0, 0, 0, 0, 0, 0, 0, 0, 0, 0, 0, 0, 0, 0, 0, 0, 0, 0, 0, 0, 0, 0, 0, 0, ]
Ui:
[0, 273, 270, 36, 165, 192, 148, 45, 30, 75, 180, 198, 112, 117, 90, 64, 180, 22, 264, 174, 168, 270, 86, 66, 26, 66, 237, 156, 92, 108, 144, 72, 30, 45, 94, 54, 174, 96, 198, 136, 44, 180, 210, 249, 198, 48, ]
Distance matrix:
|0	281	201	160	249	201	93	431	236	139	252	136	116	166	390	110	349	374	303	180	327	464	236	70	44	461	346	439	363	254	312	426	305	206	71	137	169	200	247	260	20	219	256	253	460	278	|
|281	0	448	170	53	142	338	184	121	290	371	390	222	302	111	289	169	434	230	177	238	441	59	212	319	211	86	235	399	306	53	176	99	202	263	157	361	101	370	201	264	344	364	374	469	184	|
|201	448	0	285	430	325	114	556	361	171	191	64	228	174	546	294	453	306	364	289	388	435	393	254	157	585	491	536	318	254	490	554	436	407	266	292	108	388	186	337	207	181	205	190	408	364	|
|160	170	285	0	169	43	182	280	80	120	208	231	58	132	262	230	190	294	151	24	174	345	112	107	183	309	207	280	268	158	219	276	155	235	187	45	192	150	205	107	140	177	202	210	356	119	|
|249	53	430	169	0	152	317	238	145	282	377	369	212	299	157	242	215	452	261	183	273	474	76	181	290	264	140	287	421	320	63	229	145	148	221	142	352	53	374	226	234	346	370	378	498	215	|
|201	142	325	43	152	0	224	237	37	156	230	273	101	164	224	261	148	300	127	38	147	333	83	142	225	266	167	238	270	168	193	233	112	246	221	70	228	148	228	84	180	202	222	232	351	87	|
|93	338	114	182	317	224	0	460	262	92	180	52	124	112	440	199	364	307	292	191	317	415	284	140	57	490	387	452	304	208	377	457	336	297	163	181	84	274	175	256	95	152	188	180	402	280	|
|431	184	556	280	238	237	460	0	199	385	420	508	337	385	108	464	110	429	219	269	206	378	202	365	460	30	98	84	388	340	204	9	126	386	432	294	453	283	421	226	411	404	408	423	422	198	|
|236	121	361	80	145	37	262	199	0	191	255	310	138	197	191	290	114	312	118	72	133	330	69	175	262	229	132	204	279	186	174	195	75	258	251	102	262	153	254	81	216	230	246	257	353	72	|
|139	290	171	120	282	156	92	385	191	0	116	129	71	27	380	246	283	235	201	119	226	329	231	141	129	414	323	367	224	119	336	383	266	308	202	141	72	252	112	169	127	82	118	117	322	195	|
|252	371	191	208	377	230	180	420	255	116	0	187	178	90	443	361	311	127	204	195	224	246	313	257	232	446	382	380	129	81	423	421	320	422	318	242	100	355	5	195	241	34	15	2	225	224	|
|136	390	64	231	369	273	52	508	310	129	187	0	173	141	491	233	409	313	330	239	355	431	335	191	93	538	438	495	316	233	429	505	385	342	203	233	88	325	182	297	143	167	199	187	412	323	|
|116	222	228	58	212	101	124	337	138	71	178	173	0	91	319	206	244	284	187	69	212	357	165	85	130	367	265	333	264	151	267	333	213	244	161	70	140	181	175	145	97	145	177	180	359	165	|
|166	302	174	132	299	164	112	385	197	27	90	141	91	0	388	273	280	208	191	127	215	305	243	167	153	413	329	361	198	96	351	383	270	333	229	159	68	272	86	163	153	56	92	91	296	190	|
|390	111	546	262	157	224	440	108	191	380	443	491	319	388	0	399	164	480	264	261	261	456	156	320	426	125	62	186	442	369	107	99	125	300	374	260	452	210	443	252	372	420	433	446	494	227	|
|110	289	294	230	242	261	199	464	290	246	361	233	206	273	399	0	402	480	382	254	404	562	262	124	143	493	369	490	466	355	302	457	344	135	45	191	279	189	356	337	120	328	364	362	563	348	|
|349	169	453	190	215	148	364	110	114	283	311	409	244	280	164	402	0	324	110	174	101	292	151	289	372	135	109	90	284	230	212	111	70	354	364	216	348	245	312	118	329	295	298	313	330	90	|
|374	434	306	294	452	300	307	429	312	235	127	313	284	208	480	480	324	0	216	274	223	137	380	368	357	448	419	367	40	136	487	432	358	525	436	336	227	443	132	234	361	156	119	127	102	255	|
|303	230	364	151	261	127	292	219	118	201	204	330	187	191	264	382	110	216	0	128	25	213	185	258	314	243	203	176	178	123	282	221	144	372	338	193	256	270	206	45	283	193	191	206	239	46	|
|180	177	289	24	183	38	191	269	72	119	195	239	69	127	261	254	174	274	128	0	151	321	118	130	198	299	204	263	246	139	228	266	147	258	211	68	191	169	193	83	159	166	188	197	333	98	|
|327	238	388	174	273	147	317	206	133	226	224	355	212	215	261	404	101	223	25	151	0	203	198	281	339	228	202	156	184	143	288	209	146	390	362	215	280	286	226	68	308	215	210	226	235	61	|
|464	441	435	345	474	333	415	378	330	329	246	431	357	305	456	562	292	137	213	321	203	0	398	440	458	390	400	301	117	211	492	384	348	578	517	389	344	480	251	251	448	265	233	246	54	259	|
|236	59	393	112	76	83	284	202	69	231	313	335	165	243	156	262	151	380	185	118	198	398	0	167	270	231	110	233	347	250	110	195	85	203	230	103	303	95	311	150	217	284	305	315	422	139	|
|70	212	254	107	181	142	140	365	175	141	257	191	85	167	320	124	289	368	258	130	281	440	167	0	109	394	277	378	349	236	244	359	239	167	81	73	196	135	253	213	53	223	257	258	444	226	|
|44	319	157	183	290	225	57	460	262	129	232	93	130	153	426	143	372	357	314	198	339	458	270	109	0	490	379	462	351	247	353	456	334	250	110	168	140	243	226	274	56	201	238	232	449	294	|
|461	211	585	309	264	266	490	30	229	414	446	538	367	413	125	493	135	448	243	299	228	390	231	394	490	0	125	89	408	365	226	36	156	412	462	324	481	311	447	253	441	430	433	448	436	225	|
|346	86	491	207	140	167	387	98	132	323	382	438	265	329	62	369	109	419	203	204	202	400	110	277	379	125	0	155	381	307	113	90	63	288	339	211	394	186	382	190	327	359	371	384	436	165	|
|439	235	536	280	287	238	452	84	204	367	380	495	333	361	186	490	90	367	176	263	156	301	233	378	462	89	155	0	326	299	267	92	148	432	454	306	429	325	382	199	419	369	366	382	348	172	|
|363	399	318	268	421	270	304	388	279	224	129	316	264	198	442	466	284	40	178	246	184	117	347	349	351	408	381	326	0	113	452	391	321	502	422	311	229	415	134	199	348	152	118	130	98	219	|
|254	306	254	158	320	168	208	340	186	119	81	233	151	96	369	355	230	136	123	139	143	211	250	236	247	365	307	299	113	0	359	340	244	390	310	200	148	308	83	117	238	74	68	83	208	145	|
|312	53	490	219	63	193	377	204	174	336	423	429	267	351	107	302	212	487	282	228	288	492	110	244	353	226	113	267	452	359	0	195	145	194	283	199	407	115	421	254	296	394	415	425	521	237	|
|426	176	554	276	229	233	457	9	195	383	421	505	333	383	99	457	111	432	221	266	209	384	195	359	456	36	90	92	391	340	195	0	122	378	426	289	451	275	421	226	406	404	408	423	427	197	|
|305	99	436	155	145	112	336	126	75	266	320	385	213	270	125	344	70	358	144	147	146	348	85	239	334	156	63	148	321	244	145	122	0	286	310	168	336	177	320	128	285	298	309	322	381	103	|
|206	202	407	235	148	246	297	386	258	308	422	342	244	333	300	135	354	525	372	258	390	578	203	167	250	412	288	432	502	390	194	378	286	0	144	191	362	109	418	329	202	388	421	423	591	329	|
|71	263	266	187	221	221	163	432	251	202	318	203	161	229	374	45	364	436	338	211	362	517	230	81	110	462	339	454	422	310	283	426	310	144	0	150	239	168	313	294	77	285	321	319	518	306	|
|137	157	292	45	142	70	181	294	102	141	242	233	70	159	260	191	216	336	193	68	215	389	103	73	168	324	211	306	311	200	199	289	168	191	150	0	210	113	239	148	117	210	238	244	400	157	|
|169	361	108	192	352	228	84	453	262	72	100	88	140	68	452	279	348	227	256	191	280	344	303	196	140	481	394	429	229	148	407	451	336	362	239	210	0	318	95	231	164	79	111	100	325	258	|
|200	101	388	150	53	148	274	283	153	252	355	325	181	272	210	189	245	443	270	169	286	480	95	135	243	311	186	325	415	308	115	275	177	109	168	113	318	0	352	230	187	323	351	357	498	225	|
|247	370	186	205	374	228	175	421	254	112	5	182	175	86	443	356	312	132	206	193	226	251	311	253	226	447	382	382	134	83	421	421	320	418	313	239	95	352	0	196	237	30	19	6	230	224	|
|260	201	337	107	226	84	256	226	81	169	195	297	145	163	252	337	118	234	45	83	68	251	150	213	274	253	190	199	199	117	254	226	128	329	294	148	231	230	196	0	240	178	184	198	272	29	|
|20	264	207	140	234	180	95	411	216	127	241	143	97	153	372	120	329	361	283	159	308	448	217	53	56	441	327	419	348	238	296	406	285	202	77	117	164	187	237	240	0	208	245	242	446	257	|
|219	344	181	177	346	202	152	404	230	82	34	167	145	56	420	328	295	156	193	166	215	265	284	223	201	430	359	369	152	74	394	404	298	388	285	210	79	323	30	178	208	0	37	35	250	206	|
|256	364	205	202	370	222	188	408	246	118	15	199	177	92	433	364	298	119	191	188	210	233	305	257	238	433	371	366	118	68	415	408	309	421	321	238	111	351	19	184	245	37	0	17	214	212	|
|253	374	190	210	378	232	180	423	257	117	2	187	180	91	446	362	313	127	206	197	226	246	315	258	232	448	384	382	130	83	425	423	322	423	319	244	100	357	6	198	242	35	17	0	225	226	|
|460	469	408	356	498	351	402	422	353	322	225	412	359	296	494	563	330	102	239	333	235	54	422	444	449	436	436	348	98	208	521	427	381	591	518	400	325	498	230	272	446	250	214	225	0	285	|
|278	184	364	119	215	87	280	198	72	195	224	323	165	190	227	348	90	255	46	98	61	259	139	226	294	225	165	172	219	145	237	197	103	329	306	157	258	225	224	29	257	206	212	226	285	0	|

--------------------------------------------------------------------------------
Building model...
	using lazy and cut (CVRPSEP package)
Solving IRP LP...
--------------------------------------------------------------------------------

Gurobi 9.1.0 (linux64) logging started Sat Jan  9 02:29:35 2021

Gurobi Optimizer version 9.1.0 build v9.1.0rc0 (linux64)
Thread count: 32 physical cores, 32 logical processors, using up to 2 threads
Optimize a model with 1291 rows, 10318 columns and 23425 nonzeros
Model fingerprint: 0x880581e4
Variable types: 589 continuous, 9729 integer (414 binary)
Coefficient statistics:
  Matrix range     [1e+00, 2e+03]
  Objective range  [1e-01, 6e+02]
  Bounds range     [1e+00, 3e+02]
  RHS range        [1e+01, 6e+03]
Presolve removed 244 rows and 213 columns
Presolve time: 0.09s
Presolved: 1047 rows, 10105 columns, 21924 nonzeros
Variable types: 485 continuous, 9620 integer (9208 binary)

Root relaxation: objective 1.306174e+04, 1074 iterations, 0.03 seconds

    Nodes    |    Current Node    |     Objective Bounds      |     Work
 Expl Unexpl |  Obj  Depth IntInf | Incumbent    BestBd   Gap | It/Node Time

     0     0 13061.7393    0  111          - 13061.7393      -     -    0s
     0     0 13355.3912    0  143          - 13355.3912      -     -    0s
     0     0 13355.4492    0  142          - 13355.4492      -     -    0s
     0     0 13875.2809    0  195          - 13875.2809      -     -    0s
     0     0 13936.2368    0  248          - 13936.2368      -     -    0s
     0     0 13941.6762    0  233          - 13941.6762      -     -    0s
     0     0 13941.7808    0  242          - 13941.7808      -     -    0s
     0     0 14058.9173    0  226          - 14058.9173      -     -    1s
     0     0 14085.5061    0  252          - 14085.5061      -     -    1s
     0     0 14087.7703    0  282          - 14087.7703      -     -    1s
     0     0 14087.9818    0  262          - 14087.9818      -     -    1s
     0     0 14129.4700    0  277          - 14129.4700      -     -    1s
     0     0 14140.0260    0  328          - 14140.0260      -     -    1s
     0     0 14143.6150    0  337          - 14143.6150      -     -    1s
     0     0 14147.3413    0  355          - 14147.3413      -     -    1s
     0     0 14181.2760    0  347          - 14181.2760      -     -    1s
     0     0 14182.4797    0  343          - 14182.4797      -     -    1s
     0     0 14267.7559    0  324          - 14267.7559      -     -    2s
     0     0 14286.9747    0  384          - 14286.9747      -     -    2s
     0     0 14299.7818    0  374          - 14299.7818      -     -    2s
     0     0 14305.9351    0  340          - 14305.9351      -     -    2s
     0     0 14307.9553    0  361          - 14307.9553      -     -    2s
     0     0 14308.4557    0  353          - 14308.4557      -     -    2s
     0     0 14319.4821    0  310          - 14319.4821      -     -    3s
     0     0 14328.0838    0  319          - 14328.0838      -     -    3s
     0     0 14334.9526    0  403          - 14334.9526      -     -    3s
     0     0 14335.1568    0  339          - 14335.1568      -     -    3s
     0     0 14350.1055    0  349          - 14350.1055      -     -    3s
     0     0 14352.9037    0  327          - 14352.9037      -     -    4s
     0     0 14353.9296    0  399          - 14353.9296      -     -    4s
     0     0 14367.0733    0  300          - 14367.0733      -     -    4s
     0     0 14374.8234    0  353          - 14374.8234      -     -    5s
     0     0 14376.4425    0  360          - 14376.4425      -     -    5s
     0     0 14384.8385    0  323          - 14384.8385      -     -    5s
     0     0 14386.8857    0  266          - 14386.8857      -     -    5s
     0     2 14395.9860    0  366          - 14395.9860      -     -    7s
    30    33 14477.9010    9  287          - 14409.0418      -   370   10s
   116   126 14758.6524   35  194          - 14409.0418      -   286   15s
   226   242 15240.8617   69  150          - 14409.0418      -   246   20s
   493   501 16643.5479  159   54          - 14409.0418      -   147   25s
*  712   763             232    17927.310000 14409.0660  19.6%   110   28s
   790   743     cutoff  232      17927.3100 14440.7522  19.4%   101   35s
*  791   743             232    17880.310000 14440.7522  19.2%   101   35s
H  802   709                    17512.530000 14441.3530  17.5%   103   38s
   804   710 15580.5031   98  289 17512.5300 14441.3530  17.5%   103   41s
   820   721 15493.3405   77  554 17512.5300 14480.1833  17.3%   101   45s
   829   727 16937.7663  203  606 17512.5300 14501.9171  17.2%   100   50s
   841   738 14629.6642   15  401 17512.5300 14513.6141  17.1%   114   55s
   860   750 14555.9543   20  459 17512.5300 14541.3960  17.0%   123   62s
   875   761 14626.2093   24  463 17512.5300 14541.3960  17.0%   132   65s
   910   787 14679.5884   32  370 17512.5300 14541.3960  17.0%   145   70s
   943   810 14700.2627   40  375 17512.5300 14541.3960  17.0%   157   75s
  1004   856 14829.2412   56  289 17512.5300 14541.3960  17.0%   166   80s
  1087   920 14979.4818   78  225 17512.5300 14541.3960  17.0%   169   85s
  1213  1023 15179.1264  105  191 17512.5300 14541.3960  17.0%   168   90s
  1356  1128 15502.7170  133  135 17512.5300 14541.3960  17.0%   162   95s
  1578  1235 16838.3363  194   30 17512.5300 14541.7405  17.0%   149  101s
  1674  1230 14618.9453   16  442 17512.5300 14550.3480  16.9%   149  105s
  1690  1239 14631.4062   17  410 17512.5300 14550.3480  16.9%   157  111s
  1713  1260 14735.1612   28  445 17512.5300 14550.3480  16.9%   163  115s
H 1741  1233                    17400.360000 14550.3480  16.4%   170  120s
  1769  1267 14782.2284   41  354 17400.3600 14550.3480  16.4%   176  125s
  1810  1280 14835.1939   54  276 17400.3600 14550.3480  16.4%   179  134s
  1812  1295 14867.9580   55  300 17400.3600 14550.3480  16.4%   179  135s
  1867  1332 15104.5007   63  166 17400.3600 14550.3480  16.4%   183  140s
  1958  1412 15072.1787   75  226 17400.3600 14550.3480  16.4%   185  147s
  1994  1434 15137.3881   80  123 17400.3600 14550.3480  16.4%   184  150s
  2121  1550 15356.5621   95  118 17400.3600 14550.3480  16.4%   181  156s
  2235  1537 15425.3322   96  190 17400.3600 14550.3480  16.4%   175  160s
  2277  1588 15613.9204  102   73 17400.3600 14550.3480  16.4%   180  166s
  2359  1711 16045.3232  129  121 17400.3600 14550.3480  16.4%   181  173s
  2489  1771 16234.9572  139   52 17400.3600 14551.1482  16.4%   176  179s
  2593  1744 16612.2678  173    6 17400.3600 14551.1482  16.4%   172  180s
  2666  1746 infeasible  184      17400.3600 14560.0251  16.3%   172  185s
  2693  1774 14781.9414   25  192 17400.3600 14560.0251  16.3%   177  190s
  2789  1809 16766.5800   82   10 17400.3600 14562.7394  16.3%   176  197s
  2820  1825 14696.7372   20  466 17400.3600 14562.7394  16.3%   178  200s
  2852  1862 14740.2577   22  427 17400.3600 14562.7394  16.3%   181  206s
  2884  1921 14741.3549   23  459 17400.3600 14562.7394  16.3%   182  210s
  2955  1920 14861.5017   24  456 17400.3600 14562.7394  16.3%   183  223s
H 2960  1911                    17349.120000 14562.7394  16.1%   184  223s
  2961  1979 14982.3582   24  417 17349.1200 14562.7394  16.1%   185  228s
  3078  2127 14874.4039   25  372 17349.1200 14562.7394  16.1%   180  235s
  3270  2162 14872.6187   25  488 17349.1200 14562.7394  16.1%   175  240s
  3348  2209 16941.3803  173   13 17349.1200 14562.7394  16.1%   176  245s
  3414  2263 15145.3408   41  113 17349.1200 14562.7394  16.1%   177  252s
  3443  2303 15178.1219   52   49 17349.1200 14562.7394  16.1%   179  256s
  3483  2406 15188.2500   62    5 17349.1200 14562.7394  16.1%   179  263s
  3595  2471 15433.8132   64   82 17349.1200 14562.7394  16.1%   178  268s
  3686  2545 15789.7622  103   41 17349.1200 14562.7394  16.1%   178  275s
  3770  2626 16115.4005  116   52 17349.1200 14587.3398  15.9%   177  289s
  3810  2628 16347.7717  140    9 17349.1200 14587.3398  15.9%   176  290s
  3889  2685 17255.4300  162    4 17349.1200 14587.6732  15.9%   175  295s
  3945  2743     cutoff  164      17349.1200 14605.8599  15.8%   176  301s
  4038  2779 14739.5371   26  509 17349.1200 14605.9473  15.8%   176  307s
  4106  2863 15058.9933   39  140 17349.1200 14605.9473  15.8%   176  312s
  4181  2901 16593.3710   99  123 17349.1200 14613.2004  15.8%   176  318s
  4231  2932 17242.0800  123   45 17349.1200 14613.3120  15.8%   178  324s
  4274  2944     cutoff  132      17349.1200 14613.3743  15.8%   179  331s
  4292  2986 14939.2602   19  259 17349.1200 14613.3743  15.8%   182  336s
  4334  3071 15452.9598   41  216 17349.1200 14614.4684  15.8%   183  344s
  4374  3071 16116.6789   81    7 17349.1200 14614.4684  15.8%   183  345s
  4445  3141 16443.9710   92  113 17349.1200 14617.1277  15.7%   184  352s
  4565  3260     cutoff  141      17349.1200 14623.4342  15.7%   183  361s
  4705  3368 14904.1816   30  406 17349.1200 14623.4342  15.7%   183  370s
  4838  3476 15549.5555   59  175 17349.1200 14623.5716  15.7%   182  380s
  4967  3595     cutoff  134      17349.1200 14625.7602  15.7%   181  390s
  5136  3665 14981.4618   31  297 17349.1200 14627.5695  15.7%   179  399s
  5205  3667 15711.0698   71   93 17349.1200 14627.5695  15.7%   180  416s
  5209  3759 15736.9284   72  102 17349.1200 14629.6772  15.7%   180  424s
  5269  3760 16568.7100  131    - 17349.1200 14629.6772  15.7%   179  425s
  5322  3811 17285.6175  149   21 17349.1200 14631.6569  15.7%   180  432s
  5381  3890     cutoff  152      17349.1200 14631.6920  15.7%   181  441s
  5477  3925 14930.4172   26  243 17349.1200 14635.4427  15.6%   182  450s
  5510  3981 15298.3401   35  219 17349.1200 14635.4427  15.6%   186  458s
  5572  4287 15696.1981   50  239 17349.1200 14635.4427  15.6%   188  472s
  5798  4291 16689.3231   90   21 17349.1200 14635.4427  15.6%   185  475s
  5934  4351 16963.1543   93   34 17349.1200 14636.3908  15.6%   182  485s
  6017  4520 15084.4736   35  249 17349.1200 14643.0723  15.6%   182  495s
  6237  4588 16997.3283  121   42 17349.1200 14643.5838  15.6%   180  504s
  6260  4592 15099.8356   34  264 17349.1200 14643.5838  15.6%   180  505s
  6301  4680 17285.6212  127   67 17349.1200 14644.5102  15.6%   181  514s
  6322  4680 15183.8569   43  320 17349.1200 14644.5364  15.6%   182  515s
  6414  4784 15138.9120   33  232 17349.1200 14644.5364  15.6%   182  524s
  6450  4784 15625.6719   69  117 17349.1200 14644.5364  15.6%   182  525s
  6527  4864 16436.1267   97   57 17349.1200 14645.8059  15.6%   182  534s
  6629  5062 15134.4606   41  257 17349.1200 14646.3648  15.6%   182  545s
  6878  5106 14881.9370   22  326 17349.1200 14646.3648  15.6%   180  557s
  6919  5221 15111.8412   31  338 17349.1200 14646.3648  15.6%   181  568s
  7052  5349 15675.4167   43   48 17349.1200 14646.3648  15.6%   182  581s
  7180  5403 16805.2403   68   64 17349.1200 14651.3540  15.5%   182  593s
  7255  5577 15228.2045   35  248 17349.1200 14651.9424  15.5%   184  607s
  7449  5748     cutoff  134      17349.1200 14652.9924  15.5%   184  624s
  7505  5748 15465.5007   71   43 17349.1200 14652.9924  15.5%   185  625s
  7657  5917 15469.0007   72   39 17349.1200 14653.3953  15.5%   184  639s
  7698  5921 14892.9259   24  411 17349.1200 14653.3953  15.5%   184  640s
  7835  5986 16783.4067  107   18 17349.1200 14653.5433  15.5%   185  689s
  7874  5991     cutoff  136      17349.1200 14653.5433  15.5%   184  691s
  7913  6123 17218.3846  138    7 17349.1200 14655.8038  15.5%   184  707s
  8073  6192     cutoff  145      17349.1200 14656.4162  15.5%   185  722s
  8164  6284 15118.8237   41  289 17349.1200 14656.5377  15.5%   187  737s
  8251  6491 15755.7397   64   87 17349.1200 14656.6446  15.5%   190  754s
  8311  6491 16364.4215   89   31 17349.1200 14656.6446  15.5%   190  755s
  8481  6711 15122.6054   26  406 17349.1200 14656.7906  15.5%   191  773s
  8744  6899 14734.9325   20  510 17349.1200 14657.3220  15.5%   189  793s
  8874  6902 15920.8656   69    4 17349.1200 14657.3220  15.5%   190  795s
  8959  7064 15653.4706   76   48 17349.1200 14658.2495  15.5%   189  809s
  8979  7064 15892.8118   96   62 17349.1200 14658.2495  15.5%   189  810s
  9156  7195 17017.0850  126   16 17349.1200 14665.3486  15.5%   188  827s
  9310  7341     cutoff  133      17349.1200 14668.5215  15.5%   189  843s
  9468  7597 15244.8185   60    4 17349.1200 14668.6946  15.4%   190  866s
  9856  7823 16391.3050   93   41 17349.1200 14668.8995  15.4%   187  884s
  9897  7824 17098.7100  131    6 17349.1200 14668.8995  15.4%   187  885s
 10099  7910 17323.0210  137   20 17349.1200 14670.0231  15.4%   186  899s
 10126  7910 15290.1105   46  249 17349.1200 14670.0231  15.4%   187  900s
 10179  8036 15415.9635   57  219 17349.1200 14670.4227  15.4%   188  915s
 10337  8159 17139.2331  148   40 17349.1200 14670.9692  15.4%   188  932s
 10510  8309     cutoff  157      17349.1200 14673.1481  15.4%   188  949s
 10585  8309 16363.0633   78   67 17349.1200 14673.1481  15.4%   188  950s
 10695  8569 16909.8715  104   46 17349.1200 14673.5528  15.4%   188  981s
 10996  8620     cutoff  133      17349.1200 14673.8829  15.4%   186  997s
 11031  8718 14952.6868   27  444 17349.1200 14674.1751  15.4%   189 1013s
 11131  8808 15027.5427   36  131 17349.1200 14674.1751  15.4%   191 1029s
 11235  8919 15141.2871   47  231 17349.1200 14674.1751  15.4%   192 1044s
 11342  8927 17261.1400  151    - 17349.1200 14674.1751  15.4%   193 1045s
 11364  9021 15365.9891   70   56 17349.1200 14674.7050  15.4%   193 1061s
 11497  9087 14787.6088   29  411 17349.1200 14674.8116  15.4%   194 1075s
 11543  9185 14898.6441   36  345 17349.1200 14674.8116  15.4%   197 1091s
 11641  9398 14928.9734   39  357 17349.1200 14674.8116  15.4%   198 1109s
 11668  9398 15275.0394   63  165 17349.1200 14674.8116  15.4%   199 1110s
 11966  9550 15025.1640   46  276 17349.1200 14674.8116  15.4%   196 1126s
 12078  9704 15174.6479   58  233 17349.1200 14674.8116  15.4%   197 1143s
 12181  9711 15756.9050   81   29 17349.1200 14674.8116  15.4%   197 1145s
 12269  9974 15574.2517   79   19 17349.1200 14676.2420  15.4%   197 1165s
 12698 10134 14992.1047   28  290 17349.1200 14676.3065  15.4%   193 1186s
 12787 10389 15576.4182   46  170 17349.1200 14676.3065  15.4%   194 1206s
 13092 10559 16501.4551   81   22 17349.1200 14677.0129  15.4%   192 1228s
 13245 10568 15020.9033   35  218 17349.1200 14677.0129  15.4%   191 1230s
 13300 10715 infeasible  119      17349.1200 14678.4482  15.4%   192 1244s
 13346 10715 15465.3364   50  236 17349.1200 14678.6740  15.4%   192 1245s
 13464 10806 15620.3711   64   53 17349.1200 14678.7028  15.4%   192 1260s
 13525 10814 14852.9173   26  443 17349.1200 14678.7028  15.4%   191 1270s
 13573 10962 17270.1754  113   16 17349.1200 14679.5420  15.4%   192 1286s
 13771 11036 15853.8663   80   52 17349.1200 14681.3351  15.4%   192 1303s
 13860 11180 16644.4900   96   49 17349.1200 14682.2779  15.4%   192 1319s
 13910 11182 15275.8019   28  222 17349.1200 14682.2779  15.4%   192 1320s
 14036 11378 15608.6767   46   21 17349.1200 14683.1809  15.4%   192 1340s
 14260 11474     cutoff  109      17349.1200 14683.2480  15.4%   192 1360s
 14354 11690 15146.7721   38  346 17349.1200 14683.2916  15.4%   194 1379s
 14434 11690 16417.8347  118   31 17349.1200 14683.2916  15.4%   193 1380s
 14614 11763 14908.3188   25  334 17349.1200 14683.7393  15.4%   193 1396s
 14684 11956 15170.2584   47  152 17349.1200 14684.0506  15.4%   194 1417s
 14986 12114 16075.8380  107   55 17349.1200 14684.1135  15.4%   193 1451s
 15128 12189 17254.1550  147   12 17349.1200 14684.9292  15.4%   194 1466s
 15221 12293     cutoff  150      17349.1200 14685.4382  15.4%   195 1483s
 15348 12433 15626.4082   54  139 17349.1200 14686.0023  15.4%   195 1501s
 15509 12503 16740.5650  101   44 17349.1200 14686.6865  15.3%   195 1535s
 15629 12574     cutoff  134      17349.1200 14687.5726  15.3%   194 1553s
 15702 12684 infeasible  133      17349.1200 14688.7920  15.3%   195 1570s
 15858 12789 15516.8531   58   61 17349.1200 14689.6197  15.3%   195 1587s
 15993 12961 17109.9456  134   16 17349.1200 14689.8290  15.3%   195 1607s
 16182 13024     cutoff  143      17349.1200 14689.9319  15.3%   195 1626s
 16248 13196 15012.3949   37  131 17349.1200 14691.2490  15.3%   196 1647s
 16463 13351 16192.2600  114   14 17349.1200 14691.4808  15.3%   196 1669s
 16573 13369 16107.9864   93   24 17349.1200 14691.4808  15.3%   195 1670s
 16693 13488 16400.7200  118    - 17349.1200 14692.1861  15.3%   195 1690s
 16830 13538 16572.8250  118   18 17349.1200 14692.7063  15.3%   195 1706s
 16893 13622 16475.0100  118   25 17349.1200 14694.0134  15.3%   196 1724s
 16955 13634 16947.9800  145    - 17349.1200 14694.0134  15.3%   196 1725s
 17003 13692 15053.6689   41  159 17349.1200 14694.4695  15.3%   196 1741s
 17054 13883 15183.6756   51   98 17349.1200 14694.4695  15.3%   198 1761s
 17116 13883 15553.8452   74   96 17349.1200 14694.4695  15.3%   198 1769s
 17157 13884 15613.2100   90    - 17349.1200 14694.4695  15.3%   198 1770s
 17285 14037 15714.2693   84   33 17349.1200 14695.4285  15.3%   197 1792s
 17527 14091 15867.4733   93    8 17349.1200 14695.4297  15.3%   195 1795s
 17551 14181 17341.2600  157    - 17349.1200 14696.2676  15.3%   196 1812s
 17669 14223     cutoff  157      17349.1200 14696.8397  15.3%   196 1832s
 17720 14326 15243.8662   38  233 17349.1200 14697.8272  15.3%   197 1852s
 17847 14457 16387.1564   89   30 17349.1200 14697.9828  15.3%   197 1871s
 18011 14512 16854.5369  119   45 17349.1200 14698.3254  15.3%   197 1888s
 18083 14566 17130.3950  123   33 17349.1200 14699.1284  15.3%   198 1906s
 18165 14665 17259.3800  131    - 17349.1200 14701.0486  15.3%   198 1925s
 18297 14807 17274.2300  131   18 17349.1200 14701.4392  15.3%   198 1949s
 18339 14818 15170.0757   40  280 17349.1200 14701.4392  15.3%   198 1950s
 18492 14860     cutoff  133      17349.1200 14702.1979  15.3%   198 1968s
 18553 14922     cutoff  133      17349.1200 14703.5782  15.2%   198 1987s
 18621 15076 15243.3277   40  245 17349.1200 14705.1422  15.2%   199 2007s
 18809 15186     cutoff  140      17349.1200 14706.3994  15.2%   199 2028s
 18934 15248     cutoff  137      17349.1200 14707.3812  15.2%   199 2048s
 18997 15446 15462.6811   46  232 17349.1200 14708.3388  15.2%   200 2067s
 19243 15507     cutoff  145      17349.1200 14708.4730  15.2%   199 2086s
 19310 15674 15315.9725   53  255 17349.1200 14708.8396  15.2%   200 2106s
 19541 15743 16863.1317  120   12 17349.1200 14709.0353  15.2%   199 2127s
 19624 15865 16970.7600  122    2 17349.1200 14709.3328  15.2%   199 2146s
 19753 15909 17069.6000  128    6 17349.1200 14709.8568  15.2%   199 2165s
 19811 15945 17099.1533  130   35 17349.1200 14711.5490  15.2%   200 2184s
 19839 15954 17204.5900  162    8 17349.1200 14711.6113  15.2%   200 2185s
 19858 15993 15004.0555   33  343 17349.1200 14711.6113  15.2%   201 2200s
 19895 16031 15197.5201   40  146 17349.1200 14711.6113  15.2%   202 2221s
 19933 16092 15443.2739   53  247 17349.1200 14711.6113  15.2%   203 2239s
 19985 16092 15269.1234   55  153 17349.1200 14711.6113  15.2%   204 2240s
 19994 16329 infeasible   68      17349.1200 14711.6338  15.2%   204 2262s
 20274 16560 16747.9000  132    - 17349.1200 14712.3045  15.2%   203 2287s
 20449 16572 16493.2401  136   34 17349.1200 14712.3542  15.2%   202 2290s
 20600 16633 17301.6100  143    - 17349.1200 14712.8348  15.2%   201 2310s
 20656 16780     cutoff  145      17349.1200 14713.5204  15.2%   201 2331s
 20815 16832     cutoff  146      17349.1200 14715.6825  15.2%   201 2350s
 20879 16902 15403.5636   35  342 17349.1200 14715.8291  15.2%   202 2369s
 20951 17013 16293.5786   88   62 17349.1200 14716.3846  15.2%   202 2390s
 21084 17126     cutoff  141      17349.1200 14716.4114  15.2%   202 2414s
 21199 17301 15312.1080   37  330 17349.1200 14716.5762  15.2%   203 2440s
 21458 17378 15058.2209   22  472 17349.1200 14716.7202  15.2%   202 2462s
 21520 17470 15622.8331   45  237 17349.1200 14716.9665  15.2%   202 2484s
 21581 17470 16548.7958  106   17 17349.1200 14716.9665  15.2%   202 2485s
 21640 17614     cutoff  131      17349.1200 14717.1330  15.2%   202 2504s
 21671 17614 15839.8585   48  101 17349.1200 14717.1330  15.2%   202 2505s
 21820 17706 15913.2387   54  133 17349.1200 14717.5534  15.2%   202 2526s
 21925 17755 16647.0436  108   28 17349.1200 14717.5849  15.2%   202 2547s
 22005 17851 14928.7848   33  250 17349.1200 14717.5849  15.2%   202 2567s
 22097 17907 15187.6525   45  152 17349.1200 14717.5849  15.2%   202 2584s
 22147 18049 15301.1579   67   31 17349.1200 14717.6236  15.2%   203 2607s
 22324 18173 15896.3575  108   45 17349.1200 14717.7695  15.2%   203 2628s
 22462 18255 16749.7400  135    - 17349.1200 14718.1295  15.2%   203 2651s
 22583 18372 16732.2767  136   24 17349.1200 14719.0281  15.2%   203 2670s
 22699 18411 17095.9650  158   29 17349.1200 14719.3262  15.2%   203 2692s
 22758 18510 17160.2200  161    - 17349.1200 14720.0732  15.2%   204 2714s
 22827 18522 16620.0124  101   43 17349.1200 14720.2346  15.2%   204 2715s
 22926 18637     cutoff  176      17349.1200 14720.3379  15.2%   204 2740s
 23077 18709 17333.6200  176   29 17349.1200 14720.7258  15.2%   204 2765s
 23174 18754     cutoff  180      17349.1200 14721.0039  15.1%   204 2787s
 23217 18862 15593.9447   45  272 17349.1200 14721.9240  15.1%   205 2807s
 23348 18943     cutoff  126      17349.1200 14722.9922  15.1%   204 2830s
 23452 18971     cutoff  127      17349.1200 14723.5068  15.1%   205 2852s
 23488 19033 15359.0700   38  299 17349.1200 14723.8115  15.1%   205 2872s
 23554 19172 16592.7808   84   96 17349.1200 14724.3611  15.1%   206 2902s
 23716 19299 15064.0670   44  276 17349.1200 14726.0654  15.1%   206 2923s
 23831 19304     cutoff  132      17349.1200 14726.3597  15.1%   206 2925s
 23863 19377 17162.3132  151    9 17349.1200 14726.5013  15.1%   206 2944s
 23905 19380 infeasible  131      17349.1200 14726.9273  15.1%   206 2945s
 23955 19448 17344.7900  156    - 17349.1200 14726.9787  15.1%   206 2967s
 24068 19540 15043.9992   54  334 17349.1200 14727.3581  15.1%   206 2988s
 24138 19837 15329.6206   71  178 17349.1200 14727.3581  15.1%   207 3016s
 24356 19846 15602.6900   95    - 17349.1200 14727.3581  15.1%   207 3020s
 24557 19993 16136.6722  131   43 17349.1200 14727.8637  15.1%   205 3045s
 24704 20070     cutoff  158      17349.1200 14728.2495  15.1%   205 3076s
 24786 20200 15705.7764   77  137 17349.1200 14729.9151  15.1%   206 3098s
 24907 20217 15742.1013   89   10 17349.1200 14730.3974  15.1%   206 3100s
 24985 20290 16270.8785  113   17 17349.1200 14730.5871  15.1%   205 3122s
 25089 20417 15896.6067   81   16 17349.1200 14731.4142  15.1%   205 3143s
 25150 20426 17095.3964  129   34 17349.1200 14731.4142  15.1%   205 3146s
 25292 20471 infeasible  139      17349.1200 14732.2136  15.1%   205 3165s
 25349 20574 15203.0868   53  116 17349.1200 14732.7300  15.1%   205 3189s
 25396 20576 15226.4415   29  247 17349.1200 14732.7300  15.1%   205 3190s
 25504 20657 16208.9835   88   69 17349.1200 14733.3707  15.1%   205 3214s
 25587 20672 infeasible  155      17349.1200 14733.6306  15.1%   205 3215s
 25609 20781     cutoff  123      17349.1200 14733.6347  15.1%   205 3235s
 25768 20850 17325.7200  124   12 17349.1200 14733.9141  15.1%   205 3258s
 25838 20951     cutoff  125      17349.1200 14734.9347  15.1%   205 3277s
 25960 21000 17335.2400  124   12 17349.1200 14734.9761  15.1%   205 3297s
 26024 21082 17310.3100  125    - 17349.1200 14735.2005  15.1%   206 3319s
 26134 21196 17314.2550  125   13 17349.1200 14735.2931  15.1%   206 3341s
 26306 21244 17341.0600  129   12 17349.1200 14735.4598  15.1%   206 3365s
 26393 21278     cutoff  130      17349.1200 14736.8219  15.1%   206 3385s
 26423 21311 14887.2128   27  424 17349.1200 14736.8276  15.1%   206 3406s
 26456 21354 15058.6808   37  361 17349.1200 14736.8276  15.1%   207 3425s
