




arguments: ./build/bc_mirp -f ./input/orig_exec_129.cfg
Current dir: /scratch/gui/bc_mirp
File verbosity level: 9
date       time         ( uptime  ) [ thread name/id ]                   file:line     v| 
2021-02-07 22:10:39.438 (   0.391s) [main thread     ]             loguru.cpp:789   INFO| Logging to './output/vi_vc+cus/OU/V4/Original/execution_07_02_2021_22_10_39.log', mode: 'a', verbosity: 9
--------------------------------------------------------------------------------
Parameters
                           instance_path           ./input/Instances/Original/3/
                            model_policy                                       1
                             nb_vehicles                                       4
                              output_dir      ./output/vi_vc+cus/OU/V4/Original/
                            sec_strategy                                       1
                       solver_nb_threads                                       2
                         solver_show_log                                    true
                       solver_time_limit                                    3600
                              use_vi_cos                                   false
                              use_vi_cus                                    true
                         use_vi_hc1_full                                   false
                         use_vi_hc1_half                                   false
                      use_vi_hc1_quarter                                   false
                              use_vi_hc2                                   false
                              use_vi_hc3                                   false
                         use_vi_lex_full                                   false
                         use_vi_lex_half                                   false
                      use_vi_lex_quarter                                   false
                              use_vi_qua                                   false
                               use_vi_vc                                    true
                               use_vi_vr                                   false
--------------------------------------------------------------------------------
executing instance: ./input/Instances/Original/3/absH3low_2n5.dat
--------------------------------------------------------------------------------
Instance details
n	6
H	3
C	237
Li:
[0, 0, 0, 0, 0, 0, ]
Ui:
[0, 93, 180, 51, 114, 24, ]
Distance matrix:
|0	170	318	35	112	235	|
|170	0	311	205	258	301	|
|318	311	0	326	278	137	|
|35	205	326	0	89	230	|
|112	258	278	89	0	160	|
|235	301	137	230	160	0	|

--------------------------------------------------------------------------------
Building model...
	using lazy and cut (CVRPSEP package)
Solving IRP LP...
--------------------------------------------------------------------------------

Gurobi 9.1.0 (linux64) logging started Sun Feb  7 22:10:39 2021

Gurobi Optimizer version 9.1.0 build v9.1.0rc0 (linux64)
Thread count: 32 physical cores, 32 logical processors, using up to 2 threads
Optimize a model with 234 rows, 336 columns and 1245 nonzeros
Model fingerprint: 0xcbdda61d
Variable types: 84 continuous, 252 integer (72 binary)
Coefficient statistics:
  Matrix range     [1e+00, 2e+02]
  Objective range  [1e-02, 3e+02]
  Bounds range     [1e+00, 2e+02]
  RHS range        [1e+00, 5e+02]
Presolve removed 24 rows and 30 columns
Presolve time: 0.00s

Explored 0 nodes (0 simplex iterations) in 0.00 seconds
Thread count was 1 (of 32 available processors)

Solution count 0

Model is infeasible
Best objective -, best bound -, gap -

User-callback calls 31, time in user-callback 0.00 sec

Computing Irreducible Inconsistent Subsystem (IIS)...

           Constraints          |            Bounds           |  Runtime
      Min       Max     Guess   |   Min       Max     Guess   |
--------------------------------------------------------------------------
        0       234         -         0       464         -           0s
       30        30         -        49        49         -           0s

IIS computed: 30 constraints, 49 bounds
IIS runtime: 0.43 seconds
================================================================================
executing instance: ./input/Instances/Original/3/absH3high_5n30.dat
--------------------------------------------------------------------------------
Instance details
n	31
H	3
C	2296
Li:
[0, 0, 0, 0, 0, 0, 0, 0, 0, 0, 0, 0, 0, 0, 0, 0, 0, 0, 0, 0, 0, 0, 0, 0, 0, 0, 0, 0, 0, 0, 0, ]
Ui:
[0, 80, 90, 297, 28, 264, 123, 192, 112, 32, 72, 88, 294, 129, 126, 105, 110, 237, 246, 92, 72, 147, 54, 96, 128, 96, 84, 28, 74, 196, 192, ]
Distance matrix:
|0	87	302	65	389	171	219	120	412	339	129	63	169	401	383	158	393	161	246	275	64	287	345	235	13	274	106	201	85	358	135	|
|87	0	334	128	402	212	301	204	465	384	187	145	232	424	454	238	475	245	289	352	80	307	352	321	81	352	20	261	170	376	215	|
|302	334	0	239	113	132	237	334	157	70	404	263	162	105	227	229	339	251	65	217	259	53	107	352	293	220	339	134	270	75	235	|
|65	128	239	0	330	107	175	130	348	275	174	40	107	339	326	114	351	125	181	224	58	228	290	222	58	224	143	138	65	297	92	|
|389	402	113	330	0	226	349	438	210	151	502	360	269	48	316	339	441	362	175	328	335	102	55	465	377	330	401	245	371	37	342	|
|171	212	132	107	226	0	169	214	253	173	276	134	64	233	261	130	326	153	77	188	133	125	192	264	162	190	220	68	145	193	125	|
|219	301	237	175	349	169	0	157	257	223	244	157	105	334	180	62	175	61	177	63	233	264	334	118	221	61	317	112	136	312	85	|
|120	204	334	130	438	214	157	0	402	348	88	90	173	438	336	115	307	100	269	220	172	338	406	122	130	218	224	204	69	403	101	|
|412	465	157	348	210	253	257	402	0	88	486	359	245	166	129	287	266	303	178	204	386	208	239	370	406	207	473	212	354	187	304	|
|339	384	70	275	151	173	223	348	88	0	427	291	179	120	166	234	290	254	96	187	306	123	166	342	332	190	391	145	291	119	247	|
|129	187	404	174	502	276	244	88	486	427	0	142	248	508	424	200	390	187	342	308	193	400	464	192	142	306	207	281	136	469	182	|
|63	145	263	40	360	134	157	90	359	291	142	0	114	366	321	95	331	99	202	212	90	258	323	186	65	211	163	148	27	327	72	|
|169	232	162	107	269	64	105	173	245	179	248	114	0	266	222	71	268	94	97	131	155	173	244	203	164	132	245	34	113	233	73	|
|401	424	105	339	48	233	334	438	166	120	508	366	266	0	280	332	409	355	169	305	353	117	96	452	391	308	425	237	374	49	339	|
|383	454	227	326	316	261	180	336	129	166	424	321	222	280	0	231	137	238	208	116	376	277	331	272	381	118	467	197	307	285	253	|
|158	238	229	114	339	130	62	115	287	234	200	95	71	332	231	0	238	23	164	118	171	243	314	134	159	117	255	95	77	302	23	|
|393	475	339	351	441	326	175	307	266	290	390	331	268	409	137	238	0	232	300	138	408	383	445	204	395	136	492	258	308	406	260	|
|161	245	251	125	362	153	61	100	303	254	187	99	94	355	238	23	232	0	187	123	183	267	338	111	164	121	262	117	77	325	34	|
|246	289	65	181	175	77	177	269	178	96	342	202	97	169	208	164	300	187	0	168	210	87	157	290	238	171	296	70	206	138	170	|
|275	352	217	224	328	188	63	220	204	187	308	212	131	305	116	118	138	123	168	0	279	255	322	166	275	3	367	120	195	291	141	|
|64	80	259	58	335	133	233	172	386	306	193	90	155	353	376	171	408	183	210	279	0	236	289	276	51	279	90	182	117	307	150	|
|287	307	53	228	102	125	264	338	208	123	400	258	173	117	277	243	383	267	87	255	236	0	71	374	276	257	308	153	270	71	245	|
|345	352	107	290	55	192	334	406	239	166	464	323	244	96	331	314	445	338	157	322	289	71	0	445	334	325	350	224	337	54	315	|
|235	321	352	222	465	264	118	122	370	342	192	186	203	452	272	134	204	111	290	166	276	374	445	0	243	164	341	221	159	428	142	|
|13	81	293	58	377	162	221	130	406	332	142	65	164	391	381	159	395	164	238	275	51	276	334	243	0	274	100	196	89	347	136	|
|274	352	220	224	330	190	61	218	207	190	306	211	132	308	118	117	136	121	171	3	279	257	325	164	274	0	367	122	194	294	140	|
|106	20	339	143	401	220	317	224	473	391	207	163	245	425	467	255	492	262	296	367	90	308	350	341	100	367	0	272	188	377	232	|
|201	261	134	138	245	68	112	204	212	145	281	148	34	237	197	95	258	117	70	120	182	153	224	221	196	122	272	0	146	208	103	|
|85	170	270	65	371	145	136	69	354	291	136	27	113	374	307	77	308	77	206	195	117	270	337	159	89	194	188	146	0	337	54	|
|358	376	75	297	37	193	312	403	187	119	469	327	233	49	285	302	406	325	138	291	307	71	54	428	347	294	377	208	337	0	306	|
|135	215	235	92	342	125	85	101	304	247	182	72	73	339	253	23	260	34	170	141	150	245	315	142	136	140	232	103	54	306	0	|

--------------------------------------------------------------------------------
Building model...
	using lazy and cut (CVRPSEP package)
Solving IRP LP...
--------------------------------------------------------------------------------

Gurobi 9.1.0 (linux64) logging started Sun Feb  7 22:10:40 2021

Gurobi Optimizer version 9.1.0 build v9.1.0rc0 (linux64)
Thread count: 32 physical cores, 32 logical processors, using up to 2 threads
Optimize a model with 1159 rows, 6436 columns and 16120 nonzeros
Model fingerprint: 0xa46f3031
Variable types: 484 continuous, 5952 integer (372 binary)
Coefficient statistics:
  Matrix range     [1e+00, 6e+02]
  Objective range  [1e-01, 5e+02]
  Bounds range     [1e+00, 3e+02]
  RHS range        [1e+00, 4e+03]
Presolve removed 304 rows and 151 columns
Presolve time: 0.08s
Presolved: 855 rows, 6285 columns, 14615 nonzeros
Variable types: 302 continuous, 5983 integer (5607 binary)

Root relaxation: objective 8.996963e+03, 1143 iterations, 0.03 seconds

    Nodes    |    Current Node    |     Objective Bounds      |     Work
 Expl Unexpl |  Obj  Depth IntInf | Incumbent    BestBd   Gap | It/Node Time

     0     0 8996.96331    0  129          - 8996.96331      -     -    0s
     0     0 9263.44204    0  133          - 9263.44204      -     -    0s
     0     0 9269.72635    0  125          - 9269.72635      -     -    0s
     0     0 9673.18473    0  175          - 9673.18473      -     -    0s
     0     0 9674.41315    0  175          - 9674.41315      -     -    0s
     0     0 9674.41315    0  175          - 9674.41315      -     -    0s
     0     0 9846.00209    0  238          - 9846.00209      -     -    0s
     0     0 9850.07555    0  242          - 9850.07555      -     -    0s
     0     0 9850.78284    0  240          - 9850.78284      -     -    0s
     0     0 9921.42813    0  234          - 9921.42813      -     -    1s
     0     0 9951.97949    0  263          - 9951.97949      -     -    1s
     0     0 9952.74554    0  261          - 9952.74554      -     -    1s
     0     0 9970.72271    0  254          - 9970.72271      -     -    1s
     0     0 9972.92105    0  284          - 9972.92105      -     -    1s
     0     0 9973.06128    0  303          - 9973.06128      -     -    1s
     0     0 9985.09177    0  288          - 9985.09177      -     -    1s
     0     0 9991.61143    0  295          - 9991.61143      -     -    1s
     0     0 9991.82356    0  308          - 9991.82356      -     -    1s
     0     0 9994.42979    0  307          - 9994.42979      -     -    1s
     0     0 9994.42979    0  307          - 9994.42979      -     -    2s
     0     2 9997.74792    0  289          - 9997.74792      -     -    2s
    42    47 10277.0100   13  272          - 9997.74792      -   417    5s
   256   292 11333.7365   62  171          - 9997.74792      -   223   10s
   579   553 10114.8663    3  311          - 9997.74792      -   142   15s
   648   620 10319.6245   13  228          - 9997.74792      -   182   20s
   718   693 10627.1425   28  204          - 9997.74792      -   205   25s
   744   705 11430.6248   70  396          - 10040.1534      -   203   30s
   776   727 13316.1018  139  480          - 10068.6081      -   195   35s
   808   748 14581.3333  186  450          - 10082.4880      -   187   40s
   838   770 10396.0439   25  417          - 10086.4337      -   202   45s
   861   785 11636.8170   80  436          - 10089.1534      -   197   50s
   868   793 10110.5206   24  372          - 10095.3026      -   207   56s
   884   804 10149.0503   28  347          - 10095.3026      -   213   60s
   946   849 10311.0356   46  137          - 10095.3026      -   226   65s
  1001   886 10331.8453   61  284          - 10095.3026      -   244   70s
  1055   926 10530.6975   75  286          - 10095.3026      -   251   75s
  1132   985 10527.2032   95  288          - 10095.3026      -   259   80s
  1212  1037 10597.7232  115  245          - 10095.3026      -   260   87s
  1270  1085 10657.1892  127  310          - 10095.3026      -   263   90s
  1386  1175 10819.5776  154  219          - 10095.3026      -   263   95s
  1552  1296 11085.6737  197  222          - 10095.3026      -   258  101s
  1699  1397 11498.2133  239  160          - 10095.3026      -   253  106s
  1798  1459 11428.9178  268  235          - 10095.3026      -   251  110s
  1964  1559 11688.0245  316  224          - 10095.3026      -   247  116s
  2063  1659 11795.1402  347  240          - 10095.3026      -   246  120s
  2228  1849 12052.2393  404  153          - 10095.3026      -   239  125s
  2572  2132 13195.5594  535   88          - 10095.3026      -   219  131s
  2971  2160 infeasible  671               - 10120.3206      -   198  136s
  3051  2222 10202.1187   35  440          - 10120.3206      -   200  140s
  3198  2328 10408.2290   44  333          - 10120.3206      -   201  147s
  3331  2629 10571.2381   63  273          - 10120.3206      -   200  152s
  3607  2669 10813.8166   80  159          - 10120.3206      -   190  155s
  3774  2919 11117.8210  190  175          - 10120.3206      -   186  161s
  3916  2999 11453.3665  302  192          - 10120.3206      -   182  165s
  4146  3368 12158.1150  407  160          - 10120.3206      -   178  172s
  4365  3658 12639.5189  481  148          - 10120.3206      -   173  177s
  4661  3794 13587.8833  605  101          - 10124.4039      -   165  181s
  4871  3813 10206.7443   30  330          - 10153.9810      -   161  187s
  4890  3841 10303.8164   34  303          - 10153.9810      -   163  191s
  4918  3855 10388.2377   41  312          - 10153.9810      -   164  195s
  4959  3913 10535.8294   47  229          - 10153.9810      -   166  201s
  5073  4186 11094.5928   84   91          - 10153.9810      -   166  208s
  5263  4638 11780.1367  166  112          - 10153.9810      -   164  214s
  5386  4638 12089.1048  228   58          - 10153.9810      -   161  215s
  5735  4790 13320.0413  278   44          - 10153.9836      -   154  220s
  5967  4834 10656.6274   34  299          - 10165.2253      -   152  228s
  5984  4858 10798.7505   38  201          - 10165.2253      -   153  232s
  6008  4913 10880.1766   44  180          - 10165.2253      -   154  236s
  6063  5056 11364.6973   70   69          - 10165.2253      -   155  241s
  6206  5429 11220.8035  167   90          - 10165.6444      -   153  248s
  6629  5608 10370.9478   29  423          - 10165.6444      -   146  254s
  6793  5623 10496.5219   36  192          - 10165.6444      -   145  258s
  6828  5664 10601.6027   41  207          - 10165.6444      -   146  261s
  6869  5708 10795.9299   59   25          - 10165.6444      -   146  267s
  6915  5877 11280.2907   79   91          - 10166.1731      -   147  272s
  7123  5937 10422.9765   29  374          - 10166.1731      -   145  276s
  7164  6068 10417.7166   35  374          - 10166.1731      -   146  280s
  7295  6326 10609.1604   48  215          - 10166.1731      -   145  287s
  7619  6455 11026.4955  116   76          - 10171.3467      -   142  293s
  7766  6505 10471.6930   31  235          - 10171.3467      -   142  298s
  7807  6598 10534.3424   37  305          - 10171.3467      -   143  321s
  7900  6915 10720.7013   50  210          - 10171.3467      -   144  328s
  8219  6921 12937.6850  264   23          - 10171.3467      -   140  330s
  8248  6999 11082.7600   63  163          - 10171.3467      -   140  335s
  8319  7548 11241.4242   91  132          - 10172.0534      -   142  342s
  8986  7601 13881.4400  243    8          - 10173.8640      -   134  345s
  9054  8048 10641.4928   53  157          - 10173.8640      -   135  356s
  9463  8162 infeasible  277               - 10173.8893      -   132  363s
  9609  8326 10468.9954   42  276          - 10177.3869      -   131  369s
  9835  8487 10710.1471   61  175          - 10177.3869      -   130  375s
  9990  8781 11968.4599  125   69          - 10185.5554      -   130  382s
 10344  8822 10592.1620   35  330          - 10185.5554      -   128  388s
 10416  8869 10917.0786   41  244          - 10185.5554      -   128  393s
 10458  9041 11142.2926   56  148          - 10185.5554      -   129  399s
 10581  9041 11739.7863  123   73          - 10185.5554      -   129  400s
 10630  9591 12303.0886  127   59          - 10185.7167      -   129  408s
 11257  9622 10430.2005   36  254          - 10185.7167      -   125  415s
 11306  9773 10784.1277   43  219          - 10185.9662      -   126  422s
 11527  9983 11062.3480   47   30          - 10188.3374      -   125  428s
 11796 10088 10433.7677   36  317          - 10188.3374      -   124  434s
 11828 10088 12786.7750  138   27          - 10188.3374      -   124  435s
 11913 10311 10734.5078   56  168          - 10189.1041      -   124  442s
 12185 10380 10301.1305   33  444          - 10189.1041      -   123  448s
 12249 10548 10451.8374   37  265          - 10189.1041      -   124  454s
 12339 10548 11553.4087  123   34          - 10189.1041      -   124  455s
 12435 10600 10645.5651   42  217          - 10189.1041      -   123  460s
 12487 10876 10925.0603   57  176          - 10191.3687      -   124  467s
 12783 10928 10292.0329   29  387          - 10191.3687      -   123  475s
 12848 10979 10373.1556   32  379          - 10191.3687      -   123  480s
 12899 11262 10686.2739   43  175          - 10191.3687      -   124  488s
 13272 11449 10854.0587   69   73          - 10194.2599      -   123  495s
 13442 11494 10363.5870   37  340          - 10194.2599      -   122  501s
 13487 11709 10601.3823   45  168          - 10194.2599      -   123  507s
 13702 11898 infeasible  148               - 10194.3009      -   123  514s
 13799 11898 11234.3625  101   40          - 10194.5153      -   123  515s
 13971 11973 10693.5954   33  174          - 10194.5153      -   122  520s
 14025 12229 11089.4624   45  117          - 10195.8312      -   123  527s
 14323 12383 10561.7559   28  314          - 10195.8312      -   122  534s
 14470 12387 12377.1800  143    -          - 10195.8312      -   122  535s
 14506 12482 10805.8577   39  227          - 10195.8312      -   122  540s
 14587 12607 11365.5988   84   57          - 10199.8718      -   123  547s
 14788 12732 10627.5886   38  258          - 10199.8718      -   122  553s
 14875 13103 10907.5515   53  174          - 10199.8718      -   123  561s
 15374 13420 11028.6780  102   64          - 10204.9626      -   121  570s
 15680 13506 10407.6406   37  298          - 10204.9626      -   120  576s
 15747 13950 10791.4693   61  102          - 10205.0769      -   120  583s
 16293 14035 10456.5971   29  302          - 10205.0769      -   118  590s
*16345 13172             217    13795.920000 10205.0769  26.0%   118  590s
 16361 13264 10622.2837   42  243 13795.9200 10206.0562  26.0%   118  595s
 16473 13351 11930.4400   91   56 13795.9200 10206.1699  26.0%   118  601s
 16576 13373 infeasible  153      13795.9200 10207.3426  26.0%   118  609s
 16590 13373 13677.5400  216    - 13795.9200 10207.4615  26.0%   119  610s
 16603 13458 10571.1095   40  337 13795.9200 10207.4615  26.0%   119  616s
 16694 13535 11970.0003  101   36 13795.9200 10209.4698  26.0%   119  622s
 16787 13546 infeasible  166      13795.9200 10211.4751  26.0%   119  629s
 16804 13592 10365.0568   32  443 13795.9200 10211.5630  26.0%   120  635s
 16852 13618 10727.2037   40  332 13795.9200 10211.5630  26.0%   120  646s
 16882 13673 11207.8373   46  254 13795.9200 10211.5630  26.0%   121  654s
 16936 14018 11642.5086   60  186 13795.9200 10211.5630  26.0%   121  663s
 17316 14046 13655.1900  121   35 13795.9200 10217.9265  25.9%   119  670s
 17377 14083 10762.5776   35  242 13795.9200 10219.1550  25.9%   120  682s
 17416 14163 10975.3017   46  124 13795.9200 10219.1550  25.9%   120  690s
 17510 14239 11069.5954   60  174 13795.9200 10219.1550  25.9%   121  698s
 17593 14392 11174.7590   77  147 13795.9200 10219.1550  25.9%   121  705s
 17759 14495 11515.8980  113   68 13795.9200 10223.9861  25.9%   121  713s
 17874 14621 infeasible  140      13795.9200 10224.4032  25.9%   121  719s
 18024 14734 11278.1314   51  147 13795.9200 10226.8611  25.9%   121  729s
 18139 14897 12475.7373   86   97 13795.9200 10226.8854  25.9%   121  736s
 18360 14945     cutoff  116      13795.9200 10228.6712  25.9%   121  744s
 18413 15112 10920.1048   48  263 13795.9200 10228.8698  25.9%   121  751s
 18608 15183 13071.8258  175   52 13795.9200 10230.8576  25.8%   121  758s
 18686 15283     cutoff  199      13795.9200 10231.5126  25.8%   121  765s
 18804 15385 10988.6032   57  240 13795.9200 10231.7144  25.8%   121  773s
 18932 15462 10694.9944   40  143 13795.9200 10231.7288  25.8%   121  782s
 18997 15639 10920.2532   43  222 13795.9200 10231.7288  25.8%   122  791s
 19209 15880 11462.5980   69   99 13795.9200 10237.3942  25.8%   121  800s
 19485 15922 13688.2000  187    - 13795.9200 10237.6172  25.8%   121  807s
*19526 15636             155    13588.490000 10239.3372  24.6%   121  808s
*19529 15633             157    13586.850000 10239.3372  24.6%   121  808s
*19534 15603             160    13570.490000 10239.3372  24.5%   121  808s
 19551 15617     cutoff  187      13570.4900 10239.4485  24.5%   121  814s
 19590 15717 10988.1430   39  190 13570.4900 10241.0994  24.5%   121  822s
 19708 15755 13446.9500  127    - 13570.4900 10241.2177  24.5%   122  830s
 19752 15828 10599.2637   44  315 13570.4900 10241.4523  24.5%   122  841s
 19820 15953 10957.1037   52  245 13570.4900 10241.4523  24.5%   122  849s
 19878 15953 11816.1659  103   51 13570.4900 10241.4523  24.5%   123  850s
 19980 16061 11224.3614   58  223 13570.4900 10242.3830  24.5%   122  857s
 20129 16194 12628.1017  109   66 13570.4900 10242.8983  24.5%   122  864s
 20231 16200 12109.1014  101   95 13570.4900 10243.3349  24.5%   122  865s
 20283 16226     cutoff  122      13570.4900 10244.1009  24.5%   122  871s
H20314 16222                    13567.610000 10244.2175  24.5%   123  871s
 20327 16273 10941.8358   45  266 13567.6100 10244.2175  24.5%   123  878s
H20371 15393                    13108.970000 10244.2175  21.9%   123  878s
 20378 15522 11424.8563   60  137 13108.9700 10244.2175  21.9%   123  888s
 20507 15724 11873.7567  108   86 13108.9700 10244.9529  21.8%   124  897s
 20752 15865 10656.2972   50  221 13108.9700 10245.3437  21.8%   123  905s
 20943 15891     cutoff  142      13108.9700 10245.5813  21.8%   123  911s
 20973 16081 10663.2226   46  234 13108.9700 10245.8612  21.8%   123  919s
 21193 16217 infeasible  211      13108.9700 10247.7348  21.8%   123  927s
 21338 16266 10687.6732   35  211 13108.9700 10248.6177  21.8%   123  934s
 21387 16393 10853.7262   40  187 13108.9700 10248.6177  21.8%   123  942s
 21536 16507 12035.4541   58  101 13108.9700 10249.7708  21.8%   123  950s
 21673 16643 11210.0886   47  213 13108.9700 10250.8815  21.8%   123  957s
 21848 16726 12585.9112  106   56 13108.9700 10251.0979  21.8%   123  964s
 21952 16835 11400.3792   58  206 13108.9700 10252.1518  21.8%   123  971s
 22095 16988 10812.0682   39  169 13108.9700 10255.0954  21.8%   124  979s
 22136 16988 11681.7307   80   34 13108.9700 10255.0954  21.8%   124  980s
 22281 17128     cutoff  133      13108.9700 10256.8505  21.8%   123  988s
 22436 17175     cutoff  132      13108.9700 10256.9500  21.8%   124  996s
 22518 17421 11310.2620   55  148 13108.9700 10257.9353  21.7%   124 1005s
 22834 17566     cutoff  139      13108.9700 10258.4993  21.7%   123 1014s
 22985 17702 10872.8040   86  179 13108.9700 10261.5457  21.7%   123 1022s
 23158 17836 10764.5746   46  306 13108.9700 10262.5492  21.7%   123 1030s
 23307 17879 10551.8509   44  304 13108.9700 10262.7200  21.7%   123 1037s
 23353 17963 11254.3373   71  165 13108.9700 10263.2403  21.7%   124 1044s
 23447 18030 10815.0290   39  295 13108.9700 10263.2506  21.7%   124 1052s
 23514 18196 11718.8078   74  132 13108.9700 10264.8241  21.7%   124 1060s
 23702 18262 10704.9393   42  345 13108.9700 10265.9355  21.7%   124 1067s
 23767 18394 11815.5544   59  101 13108.9700 10265.9355  21.7%   124 1076s
 23899 18445 12623.7426   82  156 13108.9700 10266.6030  21.7%   125 1083s
 23975 18510 10552.0611   36  372 13108.9700 10266.6724  21.7%   125 1090s
 24040 18678 10671.6538   42  324 13108.9700 10266.6724  21.7%   125 1098s
 24258 18918 10998.8705   63  180 13108.9700 10267.8075  21.7%   125 1108s
 24519 19007     cutoff  180      13108.9700 10269.2080  21.7%   125 1116s
 24615 19124 11016.2214   65  156 13108.9700 10272.2490  21.6%   125 1123s
 24782 19195     cutoff  117      13108.9700 10274.1664  21.6%   125 1131s
 24871 19336 11156.9269   73  191 13108.9700 10276.4608  21.6%   125 1138s
*25009 18024             113    12709.780000 10276.9929  19.1%   125 1138s
 25055 18132 10663.6070   51  256 12709.7800 10276.9929  19.1%   125 1145s
 25166 18356 11182.8128   79  100 12709.7800 10278.7054  19.1%   125 1154s
 25207 18357 11423.9850  104   33 12709.7800 10278.7054  19.1%   125 1155s
 25330 18357 11783.4790  102   29 12709.7800 10278.7278  19.1%   125 1161s
 25471 18475 11725.2200  104   12 12709.7800 10278.8375  19.1%   125 1168s
 25617 18575 11877.3371  106   62 12709.7800 10279.4165  19.1%   125 1176s
 25746 18667     cutoff  135      12709.7800 10280.0979  19.1%   125 1184s
 25855 18775 10796.5190   40  312 12709.7800 10285.1408  19.1%   125 1192s
 25984 18910 10317.3272   29  479 12709.7800 10285.1408  19.1%   125 1200s
 26121 18951 10594.4184   35  335 12709.7800 10285.1408  19.1%   125 1208s
 26197 18994 10839.1468   45  263 12709.7800 10285.1408  19.1%   125 1215s
 26242 19145 11230.7199   62   79 12709.7800 10286.4676  19.1%   126 1224s
 26283 19145 11450.0679   88   38 12709.7800 10286.4676  19.1%   126 1225s
 26464 19232     cutoff  141      12709.7800 10286.7675  19.1%   125 1232s
 26545 19382 10843.9790   61  309 12709.7800 10288.5458  19.1%   126 1241s
 26729 19487 10773.0591   41  296 12709.7800 10288.9139  19.0%   125 1249s
 26775 19487 11910.9197   87  108 12709.7800 10288.9139  19.0%   125 1250s
 26846 19572 10624.4897   42  315 12709.7800 10288.9139  19.0%   126 1257s
 26941 19661 11491.4360   78   94 12709.7800 10289.3035  19.0%   126 1265s
 27039 19737 10482.0832   49  400 12709.7800 10289.3035  19.0%   126 1273s
 27127 19906 10939.0474   76  274 12709.7800 10289.7557  19.0%   126 1282s
H27245 19890                    12706.780000 10289.7557  19.0%   126 1282s
 27326 19975 10460.7364   33  380 12706.7800 10289.7557  19.0%   126 1290s
 27432 20087 11162.0162   66  151 12706.7800 10292.8371  19.0%   126 1298s
 27570 20141 infeasible  144      12706.7800 10295.1779  19.0%   126 1305s
 27629 20277 11171.6627   61  230 12706.7800 10297.1170  19.0%   126 1313s
 27798 20363 infeasible  140      12706.7800 10297.8781  19.0%   126 1320s
 27882 20484 11417.3676   84  139 12706.7800 10298.1540  19.0%   126 1328s
 28055 20589     cutoff  121      12706.7800 10299.7465  18.9%   126 1338s
 28168 20663 11423.4759   68   88 12706.7800 10300.2930  18.9%   127 1346s
 28253 20752     cutoff  100      12706.7800 10300.3767  18.9%   127 1353s
 28362 20849 11598.5472   70   67 12706.7800 10300.6797  18.9%   127 1362s
 28480 20950 10713.5775   39  414 12706.7800 10301.2887  18.9%   127 1370s
 28593 21047 11241.7819   64  263 12706.7800 10301.6954  18.9%   127 1377s
 28700 21139 10487.2704   38  408 12706.7800 10301.6954  18.9%   127 1385s
 28811 21315 10770.5140   50  157 12706.7800 10301.6954  18.9%   127 1394s
 29012 21409 11521.8172   78   90 12706.7800 10302.3370  18.9%   127 1405s
 29125 21487     cutoff  149      12706.7800 10304.0778  18.9%   128 1413s
 29225 21537 10795.0060   46  261 12706.7800 10305.3170  18.9%   128 1421s
 29304 21669 10811.3160   37  245 12706.7800 10305.7148  18.9%   128 1429s
 29464 21727 infeasible  100      12706.7800 10306.7506  18.9%   128 1436s
 29524 21866 11172.0253   61  214 12706.7800 10306.9774  18.9%   128 1444s
 29702 21940 infeasible  137      12706.7800 10307.4030  18.9%   128 1451s
 29777 22060 11164.7325   65  197 12706.7800 10307.4726  18.9%   129 1460s
 29937 22113 12239.9759  114   74 12706.7800 10307.6107  18.9%   128 1467s
 30007 22226 10924.3139   46  287 12706.7800 10307.6717  18.9%   129 1475s
 30120 22304 11490.9401   81  222 12706.7800 10307.8579  18.9%   129 1483s
 30223 22449 10693.7023   57  310 12706.7800 10309.2962  18.9%   129 1492s
 30386 22535 11597.8299  106   52 12706.7800 10309.3533  18.9%   129 1504s
 30483 22706 10470.5442   44  245 12706.7800 10309.8071  18.9%   129 1513s
 30702 22842 10782.8727   54  140 12706.7800 10309.8071  18.9%   129 1522s
 30846 22984 11332.9778   70  156 12706.7800 10309.8071  18.9%   129 1532s
 30995 23102 12413.8695  127   66 12706.7800 10311.7351  18.8%   129 1540s
 31150 23201 infeasible  148      12706.7800 10311.9468  18.8%   129 1548s
 31278 23300 11463.1011   83  169 12706.7800 10312.9953  18.8%   129 1557s
 31399 23361 11880.0184   81   76 12706.7800 10313.8643  18.8%   130 1565s
 31475 23449 10835.1654   41  374 12706.7800 10314.0378  18.8%   130 1574s
 31563 23596 11667.3182   69  144 12706.7800 10314.2432  18.8%   130 1582s
 31741 23733 10986.9767   44  196 12706.7800 10314.8540  18.8%   130 1591s
 31905 23834 10399.7647   33  469 12706.7800 10314.8540  18.8%   130 1601s
 32040 23875 10641.0189   42  431 12706.7800 10314.8540  18.8%   130 1608s
 32080 24011 11325.0984   64  217 12706.7800 10315.5771  18.8%   130 1628s
 32239 24044     cutoff  120      12706.7800 10316.4115  18.8%   130 1637s
 32275 24146 10751.0943   34  245 12706.7800 10316.4115  18.8%   130 1645s
 32391 24263 11052.5501   43  264 12706.7800 10316.4115  18.8%   130 1653s
 32519 24396 11122.4565   58  221 12706.7800 10316.4115  18.8%   131 1662s
 32674 24536 11401.2554   79  150 12706.7800 10317.7501  18.8%   131 1673s
 32848 24622 10751.4590   45  270 12706.7800 10317.7501  18.8%   131 1681s
 32934 24739 11642.3254   99  143 12706.7800 10317.9971  18.8%   131 1691s
 33110 24829 10579.9517   42  418 12706.7800 10318.1211  18.8%   131 1699s
 33211 24958 11500.2425   61   98 12706.7800 10318.2121  18.8%   131 1708s
 33370 25002     cutoff  117      12706.7800 10318.6729  18.8%   131 1716s
 33422 25114 11236.7359   59   78 12706.7800 10318.8232  18.8%   131 1725s
 33555 25191 11614.9529   83   13 12706.7800 10318.9546  18.8%   131 1733s
 33659 25316 10811.1054   56  282 12706.7800 10318.9791  18.8%   131 1742s
 33792 25421 12391.9447  123   98 12706.7800 10319.3162  18.8%   132 1751s
 33908 25570 10843.4538   46  177 12706.7800 10320.3147  18.8%   132 1760s
 34088 25633 10474.2110   40  268 12706.7800 10320.3692  18.8%   132 1769s
 34151 25778 11146.7678   71  257 12706.7800 10320.5406  18.8%   132 1777s
 34324 25818     cutoff  138      12706.7800 10320.9657  18.8%   132 1786s
 34375 25924 10747.2161   48  360 12706.7800 10321.0342  18.8%   132 1794s
 34413 25924 10889.9871   60  282 12706.7800 10321.0342  18.8%   132 1795s
 34495 26011 11255.0355   86  250 12706.7800 10321.5115  18.8%   132 1803s
 34594 26088 10579.8898   39  372 12706.7800 10321.5115  18.8%   132 1812s
 34692 26167 10900.8384   54  243 12706.7800 10321.5115  18.8%   132 1821s
 34773 26357 11546.9743   83   63 12706.7800 10322.9574  18.8%   133 1831s
 35000 26450 10708.4766   35  296 12706.7800 10323.2704  18.8%   133 1840s
 35093 26648 11479.8297   75  139 12706.7800 10323.6004  18.8%   133 1850s
 35324 26709 12384.8937  104    7 12706.7800 10324.1818  18.8%   132 1859s
 35415 26790 10854.0846   41  208 12706.7800 10324.3574  18.7%   133 1868s
 35487 26909 11686.8635   55  127 12706.7800 10324.3574  18.7%   133 1881s
 35610 27086 12561.1790   76   35 12706.7800 10324.4137  18.7%   133 1892s
 35836 27196     cutoff   84      12706.7800 10325.2872  18.7%   133 1903s
 36006 27326 11413.3800   57  294 12706.7800 10325.8521  18.7%   133 1912s
 36137 27410     cutoff  121      12706.7800 10326.8211  18.7%   133 1921s
 36267 27481 12480.3700   86    - 12706.7800 10327.0096  18.7%   133 1931s
 36368 27527     cutoff   86      12706.7800 10327.1318  18.7%   133 1940s
H36399 27398                    12682.660000 10327.2204  18.6%   133 1941s
 36412 27454 10988.9353   54  184 12682.6600 10327.2204  18.6%   133 1949s
 36468 27641 11425.9846   88  128 12682.6600 10327.5999  18.6%   133 1957s
 36688 27709 infeasible  157      12682.6600 10327.7227  18.6%   133 1966s
 36757 27863 10842.3195   52  392 12682.6600 10327.7227  18.6%   133 1975s
 36923 27974 11770.1716  100  133 12682.6600 10327.9411  18.6%   133 1985s
 37056 28114 11037.8228   56  161 12682.6600 10328.7613  18.6%   133 1994s
 37097 28114 11287.8583   97   84 12682.6600 10328.7613  18.6%   133 1995s
 37222 28134 12402.8306  112   89 12682.6600 10328.8191  18.6%   133 2005s
 37252 28181 10529.0853   43  423 12682.6600 10328.8417  18.6%   133 2012s
 37299 28329 11126.2471   65  331 12682.6600 10329.7688  18.6%   134 2021s
 37476 28378 10832.9760   41  346 12682.6600 10330.3991  18.5%   134 2029s
 37501 28378     cutoff  152      12682.6600 10330.3991  18.5%   134 2030s
 37528 28502 11449.0121   66  199 12682.6600 10331.2925  18.5%   134 2038s
 37720 28596     cutoff  116      12682.6600 10331.5676  18.5%   134 2049s
 37791 28597 11896.2819   95   83 12682.6600 10331.6713  18.5%   134 2050s
 37823 28684 11239.1614   54  257 12682.6600 10332.0821  18.5%   134 2060s
 37920 28857 10691.9708   57  266 12682.6600 10332.3106  18.5%   134 2069s
 38123 28943 10808.8811   66  313 12682.6600 10332.5747  18.5%   134 2080s
 38222 29039 10592.2384   63  280 12682.6600 10332.7076  18.5%   134 2090s
 38348 29086 12050.1421   87  226 12682.6600 10333.1563  18.5%   134 2102s
 38405 29184 10628.4831   44  307 12682.6600 10334.0670  18.5%   135 2111s
 38507 29289 11596.0197   64  129 12682.6600 10334.2340  18.5%   135 2120s
 38645 29402 10830.0112   41  215 12682.6600 10334.7142  18.5%   135 2130s
 38785 29497 11942.8537   91   98 12682.6600 10335.5470  18.5%   135 2140s
 38903 29714 11311.2621   52   61 12682.6600 10335.9065  18.5%   135 2151s
 39206 29780     cutoff  110      12682.6600 10336.1406  18.5%   135 2161s
 39246 29954 10984.0466   56  178 12682.6600 10336.3792  18.5%   135 2173s
 39460 30035     cutoff  143      12682.6600 10336.5039  18.5%   135 2183s
 39531 30188 11155.1986   71  144 12682.6600 10336.8273  18.5%   136 2192s
 39708 30238 10720.2766   47  266 12682.6600 10336.8554  18.5%   135 2200s
 39757 30375 11059.2423   57  250 12682.6600 10336.8849  18.5%   136 2211s
 39924 30591 10435.0225   37  227 12682.6600 10336.9048  18.5%   136 2221s
 40180 30643 10524.2583   34  233 12682.6600 10337.8119  18.5%   136 2230s
 40236 30794 11174.1389   59  220 12682.6600 10338.4454  18.5%   136 2238s
 40426 30997 10947.0322   43  224 12682.6600 10339.0778  18.5%   136 2249s
 40660 31091     cutoff  125      12682.6600 10339.1486  18.5%   136 2259s
 40773 31172 11022.4595   46  334 12682.6600 10339.6769  18.5%   136 2268s
 40894 31227     cutoff   99      12682.6600 10340.0287  18.5%   136 2276s
 40950 31315 11520.6535   86  218 12682.6600 10340.2069  18.5%   136 2285s
 41084 31413     cutoff  137      12682.6600 10341.5045  18.5%   136 2295s
 41198 31503 10952.1149   44  363 12682.6600 10342.2280  18.5%   136 2305s
 41354 31611     cutoff  106      12682.6600 10342.6749  18.5%   136 2314s
 41467 31653 10743.5065   57  302 12682.6600 10342.9661  18.4%   136 2323s
 41530 31834 11264.0567   84  143 12682.6600 10343.8213  18.4%   137 2334s
 41689 31841 11967.6068  101   84 12682.6600 10343.8598  18.4%   136 2335s
 41761 31921     cutoff  167      12682.6600 10343.8744  18.4%   136 2344s
 41865 31987 10709.7977   42  349 12682.6600 10343.9403  18.4%   136 2353s
 41930 32192 11174.8268   55  101 12682.6600 10344.0408  18.4%   137 2364s
 42184 32232     cutoff  101      12682.6600 10344.4748  18.4%   136 2373s
 42216 32367 11090.8502   49  183 12682.6600 10344.5224  18.4%   137 2383s
 42359 32558 11555.9265   73   80 12682.6600 10344.5224  18.4%   137 2394s
 42483 32559 12200.7870  135   34 12682.6600 10344.5224  18.4%   137 2395s
 42580 32598 infeasible  139      12682.6600 10345.0045  18.4%   137 2405s
 42620 32757 11039.5466   50  173 12682.6600 10345.3527  18.4%   137 2418s
 42830 32854 10768.4112   55  207 12682.6600 10345.6734  18.4%   137 2429s
 42958 32944 10800.1285   36  309 12682.6600 10345.7283  18.4%   137 2438s
 43048 33017 11697.8299   61  195 12682.6600 10346.3455  18.4%   137 2447s
 43152 33022 10873.2663   39  408 12682.6600 10346.5146  18.4%   137 2460s
 43157 33069 10865.9263   38  318 12682.6600 10346.5146  18.4%   138 2468s
 43204 33229 11124.8123   46  159 12682.6600 10346.9477  18.4%   138 2480s
 43440 33338 infeasible   91      12682.6600 10347.8963  18.4%   138 2489s
 43556 33400 11988.3500   93   10 12682.6600 10348.5151  18.4%   138 2497s
 43646 33472     cutoff  109      12682.6600 10348.9079  18.4%   138 2505s
 43722 33564 11391.2361   77  108 12682.6600 10349.1469  18.4%   138 2516s
 43854 33649 12616.5800  124    - 12682.6600 10350.6353  18.4%   138 2525s
 43954 33759     cutoff  124      12682.6600 10350.6870  18.4%   138 2534s
 44076 33859 11013.2419   61  192 12682.6600 10350.7585  18.4%   138 2543s
 44196 33928 12650.4973  108   23 12682.6600 10350.8923  18.4%   139 2553s
 44283 34021 11220.2913   55  118 12682.6600 10350.9323  18.4%   139 2562s
 44407 34102 10701.7171   51  359 12682.6600 10350.9702  18.4%   139 2571s
 44498 34217 11490.3137   79  181 12682.6600 10351.0793  18.4%   139 2580s
 44633 34379 11018.4436   76  238 12682.6600 10351.1421  18.4%   139 2591s
 44841 34515 10492.8719   45  409 12682.6600 10351.2020  18.4%   139 2602s
 44972 34644 11045.1281   71  186 12682.6600 10351.3802  18.4%   139 2611s
 45163 34820 12004.3900  124   14 12682.6600 10351.7333  18.4%   139 2621s
 45360 34908     cutoff  145      12682.6600 10351.8944  18.4%   139 2631s
 45477 34997 10607.2504   55  300 12682.6600 10352.2930  18.4%   139 2642s
 45564 35155 11450.5137   82   58 12682.6600 10352.4230  18.4%   139 2652s
 45760 35234 infeasible  115      12682.6600 10352.4510  18.4%   139 2661s
 45846 35410 11004.0020   45  284 12682.6600 10352.8689  18.4%   139 2672s
 46087 35527 11385.9533   75   73 12682.6600 10353.0336  18.4%   139 2682s
 46227 35584     cutoff  139      12682.6600 10354.3379  18.4%   139 2691s
 46284 35727 11089.2518   48  177 12682.6600 10354.4252  18.4%   139 2701s
 46489 35862 12146.0201   83   58 12682.6600 10354.7698  18.4%   139 2711s
 46645 35917     cutoff  100      12682.6600 10355.2443  18.4%   139 2720s
 46700 36018 11391.8336   64  150 12682.6600 10355.2464  18.4%   140 2730s
 46840 36140 10663.6925   46   86 12682.6600 10355.9767  18.3%   140 2740s
 46983 36298 11328.3077  103   46 12682.6600 10356.1766  18.3%   140 2751s
 47198 36374 infeasible  136      12682.6600 10356.4408  18.3%   139 2760s
 47271 36461 10842.8920   44  355 12682.6600 10356.7138  18.3%   140 2769s
 47321 36462 12104.6992   93   31 12682.6600 10356.7138  18.3%   140 2770s
 47391 36552 10714.4580   45  266 12682.6600 10356.8411  18.3%   140 2778s
 47481 36650 11555.5813   61   88 12682.6600 10356.9849  18.3%   140 2788s
 47611 36818 10666.9802   40  243 12682.6600 10357.1891  18.3%   140 2798s
 47815 36861 10476.0462   48  307 12682.6600 10357.2230  18.3%   140 2806s
 47858 37024 10832.0106   61  186 12682.6600 10357.3318  18.3%   140 2816s
 48059 37191 12589.8590  122    8 12682.6600 10357.4296  18.3%   140 2826s
 48251 37279     cutoff  123      12682.6600 10358.7053  18.3%   140 2835s
