




arguments: ./build/bc_mirp -f ./input/orig_exec_177.cfg
Current dir: /scratch/gui/bc_mirp
File verbosity level: 9
date       time         ( uptime  ) [ thread name/id ]                   file:line     v| 
2021-02-11 10:39:48.326 (   0.125s) [main thread     ]             loguru.cpp:789   INFO| Logging to './output/vi_vc+cus/OU/V4/Original/execution_11_02_2021_10_39_48.log', mode: 'a', verbosity: 9
--------------------------------------------------------------------------------
Parameters
                           instance_path           ./input/Instances/Original/4/
                            model_policy                                       1
                             nb_vehicles                                       4
                              output_dir      ./output/vi_vc+cus/OU/V4/Original/
                            sec_strategy                                       1
                       solver_nb_threads                                       2
                         solver_show_log                                    true
                       solver_time_limit                                    3600
                              use_vi_cos                                   false
                              use_vi_cus                                    true
                         use_vi_hc1_full                                   false
                         use_vi_hc1_half                                   false
                      use_vi_hc1_quarter                                   false
                              use_vi_hc2                                   false
                              use_vi_hc3                                   false
                         use_vi_lex_full                                   false
                         use_vi_lex_half                                   false
                      use_vi_lex_quarter                                   false
                              use_vi_qua                                   false
                               use_vi_vc                                    true
                               use_vi_vr                                   false
--------------------------------------------------------------------------------
executing instance: ./input/Instances/Original/4/absH3low_3n30.dat
--------------------------------------------------------------------------------
Instance details
n	31
H	3
C	2841
Li:
[0, 0, 0, 0, 0, 0, 0, 0, 0, 0, 0, 0, 0, 0, 0, 0, 0, 0, 0, 0, 0, 0, 0, 0, 0, 0, 0, 0, 0, 0, 0, ]
Ui:
[0, 246, 98, 54, 144, 171, 192, 180, 165, 98, 122, 198, 297, 144, 130, 129, 219, 138, 142, 150, 108, 66, 64, 285, 180, 204, 276, 168, 240, 198, 122, ]
Distance matrix:
|0	172	56	166	260	198	42	197	296	110	91	112	238	275	323	183	330	232	175	181	162	191	232	280	201	139	356	185	266	216	26	|
|172	0	178	223	320	335	153	355	444	62	231	99	333	376	214	352	176	235	194	106	47	41	353	161	299	175	225	43	326	374	153	|
|56	178	0	110	204	162	93	233	336	125	144	148	187	226	358	180	313	284	123	152	182	185	282	252	256	88	329	177	210	251	42	|
|166	223	110	0	102	150	199	327	431	194	253	237	113	156	431	228	296	386	44	140	248	208	389	218	366	48	287	200	108	344	148	|
|260	320	204	102	0	156	296	391	493	296	340	339	66	90	531	263	362	486	127	226	349	300	469	278	454	148	334	292	6	406	245	|
|198	335	162	150	156	0	239	255	351	286	245	307	93	106	518	111	442	423	194	280	344	335	349	367	352	182	437	327	158	266	199	|
|42	153	93	199	296	239	0	203	296	91	82	76	278	316	284	217	322	191	201	186	133	180	217	281	177	165	356	175	302	222	52	|
|197	355	233	327	391	255	203	0	104	294	125	266	340	361	436	151	524	276	352	377	330	383	109	477	146	319	553	377	395	19	222	|
|296	444	336	431	493	351	296	104	0	384	214	348	440	456	488	241	617	315	456	476	412	475	113	575	176	422	651	470	497	88	322	|
|110	62	125	194	296	286	91	294	384	0	171	55	298	340	238	292	233	210	176	118	58	91	298	201	248	148	273	87	302	313	94	|
|91	231	144	253	340	245	82	125	214	171	0	141	307	339	324	184	403	187	266	266	204	261	140	363	114	230	438	256	346	144	116	|
|112	99	148	237	339	307	76	266	348	55	141	0	332	373	212	292	275	156	225	173	64	137	254	253	200	194	322	135	345	284	108	|
|238	333	187	113	66	93	278	340	440	298	307	332	0	43	536	203	404	469	153	253	354	321	427	322	420	160	385	313	67	353	229	|
|275	376	226	156	90	106	316	361	456	340	339	373	43	0	578	216	443	507	194	295	397	364	453	361	451	203	421	356	88	372	268	|
|323	214	358	431	531	518	284	436	488	238	324	212	536	578	0	498	309	176	407	320	183	245	376	344	312	383	379	251	537	451	319	|
|183	352	180	228	263	111	217	151	241	292	184	292	203	216	498	0	492	371	266	328	345	364	255	426	272	242	501	356	266	159	198	|
|330	176	313	296	362	442	322	524	617	233	403	275	404	443	309	492	0	397	253	164	218	142	529	84	475	260	72	147	367	543	306	|
|232	235	284	386	486	423	191	276	315	210	187	156	469	507	176	371	397	0	379	327	188	276	202	396	139	346	456	277	492	289	242	|
|175	194	123	44	127	194	201	352	456	176	266	225	153	194	407	266	253	379	0	101	225	174	405	174	375	36	244	166	133	370	152	|
|181	106	152	140	226	280	186	377	476	118	266	173	253	295	320	328	164	327	101	0	148	76	403	100	360	98	177	69	232	396	155	|
|162	47	182	248	349	344	133	330	412	58	204	64	354	397	183	345	218	188	225	148	0	89	316	208	259	201	270	90	355	348	149	|
|191	41	185	208	300	335	180	383	475	91	261	137	321	364	245	364	142	276	174	76	89	0	388	119	336	162	185	8	306	402	169	|
|232	353	282	389	469	349	217	109	113	298	140	254	427	453	376	255	529	202	405	403	316	388	0	497	64	369	570	384	474	112	256	|
|280	161	252	218	278	367	281	477	575	201	363	253	322	361	344	426	84	396	174	100	208	119	497	0	449	187	77	119	283	496	255	|
|201	299	256	366	454	352	177	146	176	248	114	200	420	451	312	272	475	139	375	360	259	336	64	449	0	339	521	333	460	156	223	|
|139	175	88	48	148	182	165	319	422	148	230	194	160	203	383	242	260	346	36	98	201	162	369	187	339	0	260	153	154	337	116	|
|356	225	329	287	334	437	356	553	651	273	438	322	385	421	379	501	72	456	244	177	270	185	570	77	521	260	0	187	338	572	331	|
|185	43	177	200	292	327	175	377	470	87	256	135	313	356	251	356	147	277	166	69	90	8	384	119	333	153	187	0	298	396	163	|
|266	326	210	108	6	158	302	395	497	302	346	345	67	88	537	266	367	492	133	232	355	306	474	283	460	154	338	298	0	410	251	|
|216	374	251	344	406	266	222	19	88	313	144	284	353	372	451	159	543	289	370	396	348	402	112	496	156	337	572	396	410	0	241	|
|26	153	42	148	245	199	52	222	322	94	116	108	229	268	319	198	306	242	152	155	149	169	256	255	223	116	331	163	251	241	0	|

--------------------------------------------------------------------------------
Building model...
	using lazy and cut (CVRPSEP package)
Solving IRP LP...
--------------------------------------------------------------------------------

Gurobi 9.1.0 (linux64) logging started Thu Feb 11 10:39:48 2021

Gurobi Optimizer version 9.1.0 build v9.1.0rc0 (linux64)
Thread count: 32 physical cores, 32 logical processors, using up to 2 threads
Optimize a model with 1159 rows, 6436 columns and 16120 nonzeros
Model fingerprint: 0x8f92d1f3
Variable types: 484 continuous, 5952 integer (372 binary)
Coefficient statistics:
  Matrix range     [1e+00, 7e+02]
  Objective range  [1e-02, 7e+02]
  Bounds range     [1e+00, 3e+02]
  RHS range        [1e+00, 5e+03]
Presolve removed 304 rows and 151 columns
Presolve time: 0.08s
Presolved: 855 rows, 6285 columns, 14615 nonzeros
Variable types: 302 continuous, 5983 integer (5605 binary)

Root relaxation: objective 2.397307e+03, 1093 iterations, 0.03 seconds

    Nodes    |    Current Node    |     Objective Bounds      |     Work
 Expl Unexpl |  Obj  Depth IntInf | Incumbent    BestBd   Gap | It/Node Time

     0     0 2397.30671    0   98          - 2397.30671      -     -    0s
     0     0 2589.75042    0  108          - 2589.75042      -     -    0s
     0     0 2888.40269    0  141          - 2888.40269      -     -    0s
     0     0 2975.60410    0  139          - 2975.60410      -     -    0s
     0     0 2991.16791    0  146          - 2991.16791      -     -    0s
     0     0 2994.38078    0  160          - 2994.38078      -     -    0s
     0     0 3027.11168    0  176          - 3027.11168      -     -    0s
     0     0 3034.05785    0  131          - 3034.05785      -     -    0s
     0     0 3034.13948    0  149          - 3034.13948      -     -    0s
     0     0 3208.40346    0  266          - 3208.40346      -     -    0s
     0     0 3251.31587    0  231          - 3251.31587      -     -    1s
     0     0 3252.95773    0  229          - 3252.95773      -     -    1s
     0     0 3253.94228    0  215          - 3253.94228      -     -    1s
     0     0 3254.34379    0  247          - 3254.34379      -     -    1s
     0     0 3463.95498    0  264          - 3463.95498      -     -    1s
     0     0 3477.35913    0  238          - 3477.35913      -     -    1s
     0     0 3479.05429    0  256          - 3479.05429      -     -    1s
     0     0 3479.69645    0  271          - 3479.69645      -     -    1s
     0     0 3524.21078    0  303          - 3524.21078      -     -    1s
     0     0 3535.14191    0  295          - 3535.14191      -     -    2s
     0     0 3538.32232    0  285          - 3538.32232      -     -    2s
     0     0 3538.32498    0  293          - 3538.32498      -     -    2s
     0     0 3563.45305    0  349          - 3563.45305      -     -    2s
     0     0 3568.27302    0  328          - 3568.27302      -     -    2s
     0     0 3568.87872    0  353          - 3568.87872      -     -    2s
     0     0 3576.48728    0  319          - 3576.48728      -     -    2s
     0     0 3576.48728    0  262          - 3576.48728      -     -    3s
     0     2 3578.29883    0  249          - 3578.29883      -     -    3s
    18    22 3618.64869    6  313          - 3588.72827      -   459    5s
   138   154 4386.75157   33  233          - 3588.72827      -   277   10s
*  315   317             147    7254.6400000 3588.72827  50.5%   157   12s
   362   355 5100.17366   69  105 7254.64000 3588.72827  50.5%   159   15s
   460   453 5975.78804  126   71 7254.64000 3588.72827  50.5%   149   20s
   625   604 3754.24988    4  447 7254.64000 3603.81633  50.3%   129   25s
   760   734 6662.10975  165  262 7254.64000 3603.81633  50.3%   117   30s
H  761   698                    7071.6199951 3603.81633  49.0%   117   31s
   773   706 4825.02065   51  531 7071.62000 3710.06454  47.5%   115   35s
H  780   674                    6864.2800000 3738.38581  45.5%   114   38s
   786   678 5452.24000   66  470 6864.28000 3743.85332  45.5%   113   40s
H  798   653                    6860.2800000 3745.08013  45.4%   130   44s
   800   654 5294.36792   85  204 6860.28000 3745.08013  45.4%   129   45s
   816   665 6410.40401  152  516 6860.28000 3746.40608  45.4%   127   50s
H  817   631                    6846.2800000 3747.16581  45.3%   127   51s
   824   636 4907.90805   49  488 6846.28000 3747.25589  45.3%   126   55s
H  825   605                    6838.2800000 3747.25589  45.2%   126   56s
   829   610 3752.94031   23  414 6838.28000 3750.70225  45.2%   142   61s
   841   620 3761.99447   26  449 6838.28000 3761.99447  45.0%   151   65s
   867   638 3791.90632   32  442 6838.28000 3781.48404  44.7%   166   70s
   895   658 3827.25594   40  437 6838.28000 3781.48404  44.7%   183   75s
   942   688 3851.24816   51  396 6838.28000 3781.48404  44.7%   195   80s
   975   713 3938.34998   59  381 6838.28000 3781.48404  44.7%   205   85s
  1009   742 3996.72076   68  334 6838.28000 3781.48404  44.7%   214   90s
  1062   777 4225.45642   85  289 6838.28000 3781.48404  44.7%   226   95s
  1119   822 4153.87783  103  352 6838.28000 3781.48404  44.7%   236  101s
  1178   863 4433.82014  121  283 6838.28000 3781.48404  44.7%   243  106s
  1243   900 4251.84776  142  299 6838.28000 3781.48404  44.7%   249  111s
  1292   960 4304.91099  153  298 6838.28000 3781.48404  44.7%   253  116s
  1436  1052 5236.19791  149  201 6838.28000 3781.48404  44.7%   249  120s
  1604  1192 4829.33648  236  156 6838.28000 3781.48404  44.7%   239  126s
  1750  1271 4903.59569  279  161 6838.28000 3781.48404  44.7%   232  130s
  1852  1377 5574.05223  310  120 6838.28000 3781.48404  44.7%   227  135s
  2013  1566 5638.60154  356  137 6838.28000 3781.48404  44.7%   219  141s
  2352  1732 6119.72057  474  103 6838.28000 3781.48404  44.7%   201  147s
  2523  1720     cutoff  535      6838.28000 3782.14776  44.7%   192  150s
  2631  1765 3881.18403   33  353 6838.28000 3782.14776  44.7%   193  155s
  2696  1863 3915.46347   40  406 6838.28000 3782.14776  44.7%   194  160s
  2851  1920 4064.05698   57  299 6838.28000 3782.14776  44.7%   191  166s
  2929  2024 4171.67332   78  321 6838.28000 3782.14776  44.7%   193  173s
  2983  2097 4271.96829   90  274 6838.28000 3782.14776  44.7%   194  176s
  3056  2261 4319.96677  106  247 6838.28000 3782.14776  44.7%   193  180s
  3357  2556 4606.71837  152  215 6838.28000 3782.14776  44.7%   183  188s
  3517  2656 4699.65431  182  240 6838.28000 3782.14776  44.7%   179  192s
  3672  2689 4805.60015  210  239 6838.28000 3782.14776  44.7%   177  196s
  3801  2896 4905.08766  253  219 6838.28000 3782.14776  44.7%   178  203s
  3912  2999 4997.01389  286  208 6838.28000 3782.14776  44.7%   176  208s
  4015  3297 5147.53718  305  161 6838.28000 3782.14776  44.7%   175  213s
  4325  3421 infeasible  350      6838.28000 3782.14776  44.7%   168  219s
  4488  3509 6124.58212  412  111 6838.28000 3857.76788  43.6%   165  224s
  4615  3639 4055.46854   31  256 6838.28000 3857.76788  43.6%   164  228s
  4745  3992 4977.29920   59  155 6838.28000 3859.00959  43.6%   163  234s
  5122  4141     cutoff  234      6838.28000 3860.52261  43.5%   154  240s
  5364  4228     cutoff  106      6838.28000 3869.55107  43.4%   150  245s
  5463  4319 4673.87110   75  268 6838.28000 3878.10078  43.3%   151  250s
H 5537  4123                    6491.4500000 3878.10078  40.3%   150  251s
  5560  4281 6006.13311  143  146 6491.45000 3878.86014  40.2%   150  257s
  5759  4372 4198.39003   38  217 6491.45000 3879.09634  40.2%   148  262s
  5856  4460 5215.32662   96   69 6491.45000 3879.09634  40.2%   148  270s
* 5915  4444             122    6460.5700000 3879.09634  40.0%   147  270s
  5960  4476 6385.90500  147   18 6460.57000 3881.61882  39.9%   147  275s
  6014  4559 4301.98335   33  310 6460.57000 3882.35551  39.9%   148  281s
  6097  4697 4459.90956   48  207 6460.57000 3882.35551  39.9%   149  287s
  6235  4855 4743.16934   76  122 6460.57000 3882.35551  39.9%   149  293s
  6395  5051 5022.24922  119  102 6460.57000 3882.35551  39.9%   149  300s
  6611  5090 infeasible  203      6460.57000 3882.58503  39.9%   147  306s
  6692  5154 4119.94701   38  370 6460.57000 3882.58503  39.9%   147  312s
  6756  5258 4217.29580   46  286 6460.57000 3882.58503  39.9%   147  318s
  6870  5341 4389.28143   52  293 6460.57000 3882.58503  39.9%   147  324s
  6953  5484 4873.34322   94  147 6460.57000 3882.58503  39.9%   148  332s
  7096  5744 5355.82110  182   63 6460.57000 3883.00548  39.9%   146  338s
H 7182  4747                    5903.0400000 3883.00548  34.2%   145  339s
  7392  4846 4169.59448   34  365 5903.04000 3886.17497  34.2%   143  347s
  7593  5043 4962.93283   73  252 5903.04000 3888.51762  34.1%   142  354s
  7772  5043 5850.22855  239  143 5903.04000 3888.51762  34.1%   140  355s
  7821  5145 4183.86734   34  341 5903.04000 3888.51762  34.1%   140  365s
  7927  5293 5747.54602   87  124 5903.04000 3888.51762  34.1%   140  372s
  8103  5491 5161.14564   70  124 5903.04000 3893.91540  34.0%   140  379s
  8336  5758 4648.47784   48  297 5903.04000 3899.27108  33.9%   138  386s
  8630  5814 4138.37805   37  398 5903.04000 3901.21329  33.9%   136  393s
  8686  6078 4816.05833   67  260 5903.04000 3906.25219  33.8%   137  399s
  8817  6078 5646.07302  198   92 5903.04000 3906.25219  33.8%   136  400s
  8975  6279 4179.08018   36  288 5903.04000 3906.69061  33.8%   135  407s
  9197  6355 4155.71974   41  340 5903.04000 3906.69061  33.8%   134  414s
  9288  6515 5034.33306   74  204 5903.04000 3907.96887  33.8%   134  420s
  9470  6550 4260.30549   34  449 5903.04000 3908.94613  33.8%   134  426s
  9505  6633 4535.77592   43  270 5903.04000 3908.94613  33.8%   135  432s
  9588  6803 5175.51683   71  183 5903.04000 3908.94613  33.8%   136  439s
  9774  6899 5808.35444  125   64 5903.04000 3908.99699  33.8%   136  448s
  9904  7176 4897.57713   79  260 5903.04000 3910.36989  33.8%   136  455s
 10261  7227 4438.94244   57  374 5903.04000 3913.62869  33.7%   134  463s
 10312  7315 5026.26144   82  186 5903.04000 3914.01210  33.7%   135  469s
 10428  7448 4584.76014   47  204 5903.04000 3918.04282  33.6%   135  482s
 10577  7523 4151.70823   59  435 5903.04000 3918.04282  33.6%   135  489s
 10660  7600 4962.49803   89  226 5903.04000 3918.67356  33.6%   135  495s
 10749  7815 4474.58512   39  219 5903.04000 3919.01803  33.6%   136  504s
 11015  7858 4208.48466   32  446 5903.04000 3919.54631  33.6%   134  510s
 11058  8020 4603.16253   55  280 5903.04000 3929.11419  33.4%   135  517s
 11232  8128 4027.11852   35  506 5903.04000 3929.11419  33.4%   134  524s
 11300  8128 5725.27686  138  183 5903.04000 3929.11419  33.4%   134  525s
 11350  8266 4668.34893   58  283 5903.04000 3933.11376  33.4%   134  531s
 11525  8299 4133.38804   46  460 5903.04000 3934.10200  33.4%   134  539s
 11558  8369 4485.08342   50  408 5903.04000 3934.10200  33.4%   135  546s
 11657  8398 4645.53643   53  378 5903.04000 3934.10200  33.4%   136  552s
 11686  8437 5234.11706   62  282 5903.04000 3936.14730  33.3%   137  559s
 11749  8551 4471.82326   53  377 5903.04000 3936.14730  33.3%   138  569s
 11806  8551 4725.93463   53  232 5903.04000 3936.14730  33.3%   138  570s
 11863  8749 5386.81166  110  155 5903.04000 3936.20225  33.3%   138  577s
H12062  7637                    5666.0800000 3936.54952  30.5%   137  578s
 12099  7661 4456.96070   28  455 5666.08000 3936.54952  30.5%   137  585s
 12137  7781 4662.56232   33  186 5666.08000 3936.54952  30.5%   138  593s
 12261  7837 4969.25371   42  121 5666.08000 3936.54952  30.5%   139  600s
 12345  7910 5091.33679   56  262 5666.08000 3936.54952  30.5%   140  608s
 12426  7981 5270.26463   77  181 5666.08000 3936.54952  30.5%   140  617s
 12509  8080 5539.57662  108  153 5666.08000 3939.23776  30.5%   141  624s
 12630  8116 5266.73533   79  255 5666.08000 3940.08666  30.5%   141  632s
 12680  8199 4288.19349   38  353 5666.08000 3940.08666  30.5%   142  640s
 12792  8250 5045.77738   62  199 5666.08000 3940.80540  30.4%   142  648s
 12858  8292 4448.03567   33  376 5666.08000 3943.75090  30.4%   143  663s
H12877  6121                    5352.4500000 3943.75090  26.3%   143  663s
 12898  6185 5102.12872   38  264 5352.45000 3943.75090  26.3%   143  671s
 13005  6213     cutoff   57      5352.45000 3944.56612  26.3%   143  680s
 13043  6291 4445.17682   50  427 5352.45000 3944.56612  26.3%   144  687s
 13138  6365 5008.87968   80  342 5352.45000 3945.62151  26.3%   144  695s
 13222  6413 5110.60226   53  242 5352.45000 3946.72041  26.3%   145  703s
 13285  6479 4317.45255   46  409 5352.45000 3952.08990  26.2%   146  711s
 13378  6567 4250.75250   40  468 5352.45000 3952.62295  26.2%   146  720s
 13486  6617 5326.72139   73  215 5352.45000 3952.97344  26.1%   146  728s
 13560  6707 4351.60730   64  386 5352.45000 3952.97416  26.1%   147  737s
 13650  6807 5236.28201  100   67 5352.45000 3953.95606  26.1%   148  746s
 13788  6974 4637.51570   50  218 5352.45000 3954.80596  26.1%   149  755s
 14027  7020 4612.34503   48  282 5352.45000 3955.89724  26.1%   148  764s
 14091  7061 4348.39292   67  381 5352.45000 3957.27751  26.1%   149  772s
 14145  7117 4282.89239   35  380 5352.45000 3957.27751  26.1%   150  780s
 14203  7144 4847.12466   55  406 5352.45000 3958.09285  26.1%   150  788s
 14248  7155 4153.22724   30  473 5352.45000 3958.80664  26.0%   151  799s
H14252  7143                    5350.4500000 3958.80664  26.0%   151  799s
 14277  7238 4288.93261   34  429 5350.45000 3961.06098  26.0%   151  807s
 14382  7373 4099.17944   35  358 5350.45000 3961.06098  26.0%   152  817s
 14532  7583 5184.19287   68  269 5350.45000 3963.91794  25.9%   152  828s
 14779  7650 4589.19101   43  397 5350.45000 3966.44755  25.9%   151  838s
 14858  7695 4100.97450   25  543 5350.45000 3966.44755  25.9%   152  856s
 14914  7751 4715.88728   37  344 5350.45000 3968.36264  25.8%   152  865s
 14994  7810 4131.97242   36  533 5350.45000 3968.37678  25.8%   153  873s
 15061  7873 5016.38999   63  334 5350.45000 3969.25429  25.8%   154  882s
 15133  7978 4743.53773   76  256 5350.45000 3970.18171  25.8%   154  892s
 15264  8057 4711.45755   45  260 5350.45000 3971.03454  25.8%   155  902s
 15423  8102 5047.43565   42  273 5350.45000 3971.74919  25.8%   155  912s
 15497  8200 4603.78893   52  242 5350.45000 3971.79606  25.8%   156  922s
 15618  8280 5005.72438   65  189 5350.45000 3972.04222  25.8%   156  932s
 15710  8334 4688.52995   52  274 5350.45000 3972.88199  25.7%   156  943s
 15792  8388 4152.98352   47  376 5350.45000 3972.99607  25.7%   157  952s
 15864  8490 4159.82146   33  449 5350.45000 3973.00864  25.7%   158  962s
 15977  8554 5224.45920   59  239 5350.45000 3973.45424  25.7%   158  972s
 16057  8669 4871.83099   73  212 5350.45000 3975.03370  25.7%   159  982s
 16192  8869 5328.97513   56  196 5350.45000 3975.91268  25.7%   159  994s
 16427  8949 4416.20451   53  458 5350.45000 3976.16489  25.7%   159 1005s
 16534  9021 5340.58030   83  349 5350.45000 3977.75552  25.7%   159 1015s
 16617  9119 4857.26987   62  188 5350.45000 3979.34127  25.6%   160 1025s
 16730  9184 4337.09075   44  452 5350.45000 3980.00991  25.6%   160 1036s
 16807  9256 4995.56505   77  279 5350.45000 3981.67711  25.6%   160 1047s
 16889  9496 4230.69217   47  199 5350.45000 3981.67711  25.6%   161 1058s
 17142  9605 5041.35651  184   80 5350.45000 3983.63924  25.5%   160 1070s
 17308  9676 4185.21119   39  347 5350.45000 3985.20766  25.5%   160 1080s
 17387  9749 5146.55326   90  148 5350.45000 3986.43369  25.5%   161 1091s
 17492  9806 5017.27358   53  202 5350.45000 3986.96284  25.5%   161 1101s
 17565  9901 5165.71958   57  224 5350.45000 3987.59906  25.5%   162 1113s
 17677  9958 5126.59642   59  214 5350.45000 3987.96335  25.5%   163 1125s
 17746  9998 4755.41652   43  312 5350.45000 3988.92392  25.4%   163 1136s
 17811 10078 4406.27618   37  413 5350.45000 3989.18095  25.4%   164 1147s
 17891 10232 5331.93834   75  202 5350.45000 3989.28243  25.4%   164 1159s
 18083 10260 5346.41631   76  100 5350.45000 3990.12947  25.4%   164 1170s
 18120 10328 5297.92000   57  191 5350.45000 3991.22634  25.4%   165 1181s
 18225 10380 4212.84247   63  460 5350.45000 3994.22069  25.3%   165 1192s
 18308 10450 4389.00488   64  348 5350.45000 3995.17192  25.3%   166 1203s
 18378 10626 4708.97334   69  312 5350.45000 3995.23326  25.3%   167 1215s
 18589 10688 4361.24177   44  307 5350.45000 3995.83231  25.3%   167 1226s
 18691 10758 4611.67192   46  352 5350.45000 3997.53168  25.3%   167 1238s
 18791 10835 4319.02243   41  486 5350.45000 3997.85115  25.3%   168 1249s
 18898 10902 4234.07592   34  377 5350.45000 3999.16062  25.3%   168 1260s
 18990 11034 4217.10146   37  345 5350.45000 4002.71278  25.2%   169 1272s
 19140 11109 5229.81157   77   49 5350.45000 4004.45632  25.2%   169 1284s
 19248 11176 4478.59533   48  396 5350.45000 4005.04832  25.1%   170 1295s
 19331 11263 4296.85220   60  318 5350.45000 4005.60143  25.1%   171 1307s
 19442 11360 4324.04262   46  307 5350.45000 4008.21557  25.1%   171 1318s
 19557 11543 4230.38015   38  167 5350.45000 4009.89036  25.1%   171 1333s
 19766 11721 4709.50355   54  264 5350.45000 4010.75516  25.0%   171 1346s
 19965 11837     cutoff   62      5350.45000 4012.69993  25.0%   171 1358s
 20134 11939 5240.60824  123  114 5350.45000 4012.87527  25.0%   171 1370s
 20266 12022 4494.19312   39  396 5350.45000 4015.08294  25.0%   171 1382s
 20371 12100 4179.47576   39  457 5350.45000 4015.17064  25.0%   172 1394s
 20466 12239 4163.20019   35  362 5350.45000 4015.93505  24.9%   173 1407s
 20633 12334 4930.70330   61  319 5350.45000 4016.51524  24.9%   173 1419s
 20683 12334 4871.90810   65   62 5350.45000 4016.51524  24.9%   172 1420s
 20804 12401     cutoff   74      5350.45000 4018.57083  24.9%   173 1432s
 20893 12438 4218.53439   41  360 5350.45000 4019.73499  24.9%   173 1451s
 20930 12538 4876.40878   58  269 5350.45000 4019.92877  24.9%   174 1464s
 21047 12650 4579.47297   46  283 5350.45000 4020.83075  24.9%   174 1477s
 21211 12832 4682.45239   44  384 5350.45000 4021.60514  24.8%   174 1490s
 21413 12919 5160.94011  158   96 5350.45000 4021.97861  24.8%   174 1503s
 21543 12994     cutoff  189      5350.45000 4024.24779  24.8%   175 1516s
 21642 13083 4237.49040   44  440 5350.45000 4024.56622  24.8%   175 1528s
 21739 13300 4606.53819   56  231 5350.45000 4024.75534  24.8%   176 1542s
 21982 13408 4349.81844   36  166 5350.45000 4026.13469  24.8%   175 1556s
 22128 13498     cutoff   90      5350.45000 4028.97103  24.7%   176 1567s
 22220 13596 5008.20625   84  362 5350.45000 4029.18979  24.7%   176 1581s
 22373 13666 4266.75261   39  382 5350.45000 4030.80138  24.7%   176 1592s
 22463 13727 4666.93731   52  270 5350.45000 4030.80138  24.7%   177 1607s
H22508 13716                    5349.4500000 4030.80138  24.7%   177 1607s
 22524 13897 5097.56999   84  187 5349.45000 4031.46824  24.6%   177 1619s
 22741 13951 5209.26822   73  208 5349.45000 4031.87609  24.6%   177 1632s
 22829 14033 4321.01716   37  415 5349.45000 4032.21063  24.6%   178 1644s
 22929 14095 4318.60048   40  309 5349.45000 4032.95305  24.6%   178 1657s
 23007 14206 4322.54859   33  395 5349.45000 4033.69460  24.6%   179 1670s
 23185 14320 4546.25272   62  200 5349.45000 4034.92395  24.6%   179 1684s
 23335 14398 5073.65431   52  288 5349.45000 4036.96278  24.5%   179 1696s
 23429 14528 4783.78032   43  241 5349.45000 4037.27831  24.5%   180 1710s
 23643 14603 4265.16381   36  338 5349.45000 4037.32678  24.5%   180 1723s
 23758 14744 4493.76786   60  269 5349.45000 4037.39328  24.5%   181 1736s
 23901 14880 5088.01026   87  156 5349.45000 4037.39577  24.5%   181 1750s
 24104 14958 4370.23037   34  325 5349.45000 4039.70004  24.5%   181 1764s
 24255 15010 4317.35703   36  473 5349.45000 4040.26113  24.5%   181 1776s
 24397 15100     cutoff   61      5349.45000 4040.89535  24.5%   182 1789s
 24459 15100 4198.38089   33  427 5349.45000 4041.26386  24.5%   182 1790s
 24511 15305 4319.05460   50  300 5349.45000 4041.38517  24.5%   182 1805s
 24744 15404 4818.60395   43  222 5349.45000 4043.99265  24.4%   182 1819s
 24880 15483 4146.28456   38  357 5349.45000 4045.91067  24.4%   182 1832s
 24968 15631 5276.47337   81  259 5349.45000 4046.62052  24.4%   183 1846s
 25158 15683     cutoff   77      5349.45000 4047.47273  24.3%   183 1859s
 25212 15832 4616.53121   39  279 5349.45000 4047.85952  24.3%   183 1873s
 25399 15997 4801.88300   50  161 5349.45000 4048.54095  24.3%   184 1886s
 25629 16075 5340.06974   83   35 5349.45000 4049.92072  24.3%   183 1900s
 25732 16159 4504.11969   34  177 5349.45000 4050.66911  24.3%   184 1915s
 25877 16240 4340.34805   37  350 5349.45000 4050.66911  24.3%   184 1929s
 25974 16396 4828.10639   45  282 5349.45000 4050.66911  24.3%   185 1944s
 26142 16543 5230.15810   59   73 5349.45000 4052.33721  24.2%   185 1959s
 26292 16545 4234.46566   41  296 5349.45000 4052.33721  24.2%   185 1960s
 26354 16703 5257.35719   83  200 5349.45000 4052.99646  24.2%   185 1974s
 26462 16703 5144.34975  107   88 5349.45000 4053.99930  24.2%   185 1975s
 26563 16752 4964.51739   46   22 5349.45000 4054.26829  24.2%   185 1988s
 26648 16959     cutoff   61      5349.45000 4055.47296  24.2%   185 2002s
 26883 17141 5044.11953   72  286 5349.45000 4055.95208  24.2%   184 2016s
 27096 17278 4672.01039   43  318 5349.45000 4057.11289  24.2%   184 2031s
 27267 17409 4796.10418   53  289 5349.45000 4058.15011  24.1%   184 2045s
 27439 17500 4271.23728   47  421 5349.45000 4058.64404  24.1%   184 2058s
 27550 17601 4644.97620   51  349 5349.45000 4059.24483  24.1%   185 2071s
 27673 17908 4634.89171   46  256 5349.45000 4059.55307  24.1%   185 2086s
 28033 17994 4565.39915   44  363 5349.45000 4059.74449  24.1%   184 2099s
 28129 18160 4585.35497   58  328 5349.45000 4060.96462  24.1%   185 2113s
 28316 18362 4937.48826   60  265 5349.45000 4061.51439  24.1%   185 2127s
 28565 18490 4215.55037   33  209 5349.45000 4062.63560  24.1%   184 2141s
 28713 18583 4983.76551   61  136 5349.45000 4064.67894  24.0%   185 2154s
 28845 18699 5248.81080   59  208 5349.45000 4066.48682  24.0%   185 2167s
 28992 18802 4273.64840   60  343 5349.45000 4067.15648  24.0%   185 2181s
 29151 18892 4178.42716   31  324 5349.45000 4067.44234  24.0%   185 2194s
 29204 18892 4948.51248   68  312 5349.45000 4067.44234  24.0%   186 2195s
 29261 19067 5227.29170   84  176 5349.45000 4067.58352  24.0%   186 2210s
 29503 19187 4338.53631   35  465 5349.45000 4069.01882  23.9%   186 2224s
 29563 19187 4476.08730   38  258 5349.45000 4069.24125  23.9%   186 2225s
 29655 19275 4389.91833   40  483 5349.45000 4069.46253  23.9%   186 2238s
 29767 19348 4359.31968   48  407 5349.45000 4071.25384  23.9%   186 2251s
 29870 19433 4459.02891   67  358 5349.45000 4072.90212  23.9%   187 2266s
 29971 19496 4799.25713   51  199 5349.45000 4073.90896  23.8%   187 2279s
 30053 19599 5098.14404   46  194 5349.45000 4074.05609  23.8%   188 2293s
 30188 19705 4497.16403   29  330 5349.45000 4074.85782  23.8%   188 2307s
 30314 19761 5063.95590   65  196 5349.45000 4075.49899  23.8%   188 2321s
 30433 19835 4414.64594   38  467 5349.45000 4075.77127  23.8%   189 2438s
H30529  9486                    4846.5200000 4075.94000  15.9%   189 2439s
 30530  9504 4435.44555   40  451 4846.52000 4077.05165  15.9%   189 2454s
 30619  9554 4552.40158   65  305 4846.52000 4077.97346  15.9%   189 2468s
 30705  9645 4336.78400   35  163 4846.52000 4080.54515  15.8%   190 2483s
*30731  6022              51    4629.4400000 4080.54515  11.9%   190 2484s
 30842  6025     cutoff   58      4629.44000 4081.71697  11.8%   190 2498s
 30930  6075 4401.68973   43  412 4629.44000 4082.86084  11.8%   191 2512s
 31001  6105 4527.81998   51  354 4629.44000 4083.12851  11.8%   192 2527s
 31120  6155 4205.36037   39  290 4629.44000 4083.65191  11.8%   192 2542s
 31218  6174 4456.15056   44  224 4629.44000 4084.78495  11.8%   192 2557s
 31281  6219 4411.39669   86  376 4629.44000 4086.60286  11.7%   193 2571s
 31382  6285 4278.73654   43  365 4629.44000 4088.24792  11.7%   194 2586s
H31393  5520                    4578.0500000 4088.24792  10.7%   194 2586s
 31482  5544 4414.80638   35  399 4578.05000 4088.96157  10.7%   194 2600s
 31583  5563 4354.42465   37  438 4578.05000 4089.67770  10.7%   194 2616s
 31670  5609 4445.03830   61  358 4578.05000 4090.04920  10.7%   195 2630s
 31769  5659 4371.51932   39  319 4578.05000 4090.49560  10.6%   195 2648s
 31851  5697 4233.08173   32  508 4578.05000 4091.51279  10.6%   196 2663s
 31931  5745 4509.73548   40  389 4578.05000 4092.39584  10.6%   197 2679s
 32032  5790 4319.74282   33  220 4578.05000 4093.74818  10.6%   197 2694s
 32123  5827     cutoff   54      4578.05000 4094.87134  10.6%   198 2708s
 32206  5853     cutoff   49      4578.05000 4095.35807  10.5%   198 2723s
 32288  5921 4342.81594   50  405 4578.05000 4096.98038  10.5%   199 2737s
 32413  5949 4338.42677   45  314 4578.05000 4098.62702  10.5%   199 2753s
 32487  5998 4572.06158   46  290 4578.05000 4099.18979  10.5%   200 2768s
 32596  6068 4429.12910   43  293 4578.05000 4100.39770  10.4%   200 2783s
 32731  6098 4457.71019   32  541 4578.05000 4102.10324  10.4%   200 2797s
 32801  6121 4473.34293   42  306 4578.05000 4102.55238  10.4%   201 2812s
 32878  6154     cutoff   80      4578.05000 4103.77509  10.4%   202 2826s
 32961  6199 4548.43243   45  418 4578.05000 4104.48814  10.3%   202 2842s
 33048  6262 4455.87182   60  335 4578.05000 4105.70270  10.3%   203 2857s
 33189  6304 4245.75960   46  154 4578.05000 4106.93351  10.3%   203 2874s
 33308  6328 4355.58439   35  328 4578.05000 4107.85244  10.3%   204 2889s
 33428  6383 4419.69828   35  304 4578.05000 4109.28177  10.2%   204 2905s
 33546  6439 4570.77695   38  339 4578.05000 4109.82899  10.2%   205 2920s
 33686  6480 4546.73130   42  273 4578.05000 4111.30153  10.2%   205 2937s
 33791  6534 4542.70153   47  335 4578.05000 4112.10698  10.2%   205 2954s
 33903  6584 4550.09916   48  221 4578.05000 4113.23968  10.2%   206 2969s
 33965  6584 4474.78251   44  328 4578.05000 4114.01575  10.1%   206 2970s
 34013  6638 4501.12660   44  387 4578.05000 4114.10102  10.1%   206 2985s
 34123  6658     cutoff   43      4578.05000 4115.51050  10.1%   207 3009s
 34207  6716 4556.85533   37  188 4578.05000 4116.33169  10.1%   207 3025s
 34321  6756 4566.49707   42  288 4578.05000 4117.58357  10.1%   208 3040s
 34430  6800     cutoff   52      4578.05000 4118.35553  10.0%   208 3055s
 34544  6851 4288.60494   38  340 4578.05000 4119.94245  10.0%   209 3071s
 34664  6898     cutoff   90      4578.05000 4120.85254  10.0%   209 3086s
 34771  6956 4334.42332   34  155 4578.05000 4121.61074  10.0%   210 3101s
 34919  7005 4284.91616   42  199 4578.05000 4123.08365  9.94%   210 3119s
 35008  7032     cutoff   51      4578.05000 4123.58732  9.93%   210 3134s
 35122  7043     cutoff   46      4578.05000 4124.31606  9.91%   211 3150s
 35218  7093 4370.42125   43  287 4578.05000 4124.56178  9.91%   211 3165s
 35349  7153 4429.85480   57  312 4578.05000 4126.04323  9.87%   212 3182s
 35489  7199 4409.50752   45  327 4578.05000 4127.28205  9.85%   212 3197s
 35587  7232     cutoff   59      4578.05000 4127.99559  9.83%   213 3213s
 35715  7278 4257.36769   43  452 4578.05000 4129.53169  9.80%   213 3229s
 35768  7278 4476.31780   43  366 4578.05000 4130.67512  9.77%   213 3230s
 35835  7332 4295.06113   33  310 4578.05000 4130.81065  9.77%   213 3246s
 35977  7376 4293.11730   44  474 4578.05000 4132.54472  9.73%   214 3262s
 36081  7413     cutoff   53      4578.05000 4133.67697  9.71%   214 3278s
 36185  7437     cutoff   38      4578.05000 4134.27491  9.69%   215 3295s
 36296  7476 4326.75889   34  130 4578.05000 4135.31832  9.67%   215 3312s
 36414  7534     cutoff   55      4578.05000 4136.35177  9.65%   216 3328s
 36541  7582 4453.66439   40  321 4578.05000 4136.95778  9.63%   216 3346s
 36657  7617 4496.82005   38  258 4578.05000 4138.20757  9.61%   216 3363s
 36788  7656     cutoff   47      4578.05000 4140.32268  9.56%   217 3379s
 36911  7707 4384.53370   42  334 4578.05000 4141.74740  9.53%   217 3397s
 37020  7745 4564.77317   49  178 4578.05000 4142.28242  9.52%   218 3413s
 37122  7783 4476.94978   73  269 4578.05000 4143.40434  9.49%   218 3431s
 37250  7816 4361.51644   52  345 4578.05000 4144.21197  9.48%   218 3447s
 37385  7856 4563.74463   43  292 4578.05000 4145.25563  9.45%   219 3464s
 37531  7898 4362.43615   40  290 4578.05000 4146.82590  9.42%   219 3481s
 37635  7935     cutoff   42      4578.05000 4147.25706  9.41%   220 3498s
 37752  7992 4356.70838   37  369 4578.05000 4148.37108  9.39%   220 3515s
 37866  8054 4223.42956   39  420 4578.05000 4149.03324  9.37%   220 3532s
 37980  8113 4414.47312   43  390 4578.05000 4149.93771  9.35%   221 3550s
 38121  8163 4396.89020   35  295 4578.05000 4151.60248  9.32%   221 3567s
 38231  8182 4482.23977   68  350 4578.05000 4152.22310  9.30%   222 3585s
 38333  8205 4540.46470   58  212 4578.05000 4153.86012  9.27%   222 3600s

Cutting planes:
  User: 6300
  Gomory: 18
  Cover: 301
  Implied bound: 197
  Projected implied bound: 14
  Clique: 25
  MIR: 70
  Flow cover: 205
  Zero half: 3
  Network: 1
  RLT: 226
  Relax-and-lift: 9
  Lazy constraints: 881

Explored 38398 nodes (8543978 simplex iterations) in 3600.32 seconds
Thread count was 2 (of 32 available processors)

Solution count 10: 4578.05 4629.44 4846.52 ... 6491.45

Time limit reached
Best objective 4.578050000000e+03, best bound 4.154019911417e+03, gap 9.2622%

User-callback calls 390699, time in user-callback 149.87 sec
================================================================================
executing instance: ./input/Instances/Original/4/absH3low_3n10.dat
--------------------------------------------------------------------------------
Instance details
n	11
H	3
C	687
Li:
[0, 0, 0, 0, 0, 0, 0, 0, 0, 0, 0, ]
Ui:
[0, 189, 44, 174, 78, 36, 198, 117, 42, 96, 240, ]
Distance matrix:
|0	209	255	286	142	156	285	317	182	161	135	|
|209	0	464	451	315	356	490	469	361	299	260	|
|255	464	0	221	202	130	74	280	189	254	273	|
|286	451	221	0	145	156	164	479	354	153	192	|
|142	315	202	145	0	73	194	388	250	53	73	|
|156	356	130	156	73	0	134	332	200	127	144	|
|285	490	74	164	194	134	0	353	256	239	267	|
|317	469	280	479	388	332	353	0	141	436	430	|
|182	361	189	354	250	200	256	141	0	296	289	|
|161	299	254	153	53	127	239	436	296	0	39	|
|135	260	273	192	73	144	267	430	289	39	0	|

--------------------------------------------------------------------------------
Building model...
	using lazy and cut (CVRPSEP package)
Solving IRP LP...
--------------------------------------------------------------------------------

Gurobi 9.1.0 (linux64) logging started Thu Feb 11 11:39:48 2021

Gurobi Optimizer version 9.1.0 build v9.1.0rc0 (linux64)
Thread count: 32 physical cores, 32 logical processors, using up to 2 threads
Optimize a model with 419 rows, 956 columns and 3020 nonzeros
Model fingerprint: 0xb7ea63ea
Variable types: 164 continuous, 792 integer (132 binary)
Coefficient statistics:
  Matrix range     [1e+00, 2e+02]
  Objective range  [1e-02, 5e+02]
  Bounds range     [1e+00, 2e+02]
  RHS range        [1e+00, 1e+03]
Presolve removed 105 rows and 68 columns
Presolve time: 0.04s
Presolved: 314 rows, 888 columns, 2554 nonzeros
Variable types: 97 continuous, 791 integer (664 binary)
Found heuristic solution: objective 5753.4900000

Root relaxation: objective 1.851271e+03, 490 iterations, 0.01 seconds

    Nodes    |    Current Node    |     Objective Bounds      |     Work
 Expl Unexpl |  Obj  Depth IntInf | Incumbent    BestBd   Gap | It/Node Time

     0     0 1884.11390    0   64 5753.49000 1884.11390  67.3%     -    0s
H    0     0                    5147.4900000 1884.11390  63.4%     -    0s
     0     0 2283.82508    0   78 5147.49000 2283.82508  55.6%     -    0s
H    0     0                    5105.4900000 2283.82508  55.3%     -    0s
     0     0 2284.23613    0   75 5105.49000 2284.23613  55.3%     -    0s
     0     0 2606.28072    0   96 5105.49000 2606.28072  49.0%     -    0s
H    0     0                    4856.2100000 2606.28072  46.3%     -    0s
     0     0 2607.30499    0   88 4856.21000 2607.30499  46.3%     -    0s
     0     0 2696.90415    0  136 4856.21000 2696.90415  44.5%     -    0s
H    0     0                    3698.7500000 2696.90415  27.1%     -    0s
     0     0 2704.15162    0  118 3698.75000 2704.15162  26.9%     -    0s
     0     0 2704.71973    0  132 3698.75000 2704.71973  26.9%     -    0s
     0     0 2762.50585    0   98 3698.75000 2762.50585  25.3%     -    0s
     0     0 2763.61774    0   96 3698.75000 2763.61774  25.3%     -    0s
     0     0 2763.99668    0   87 3698.75000 2763.99668  25.3%     -    0s
     0     0 2773.44981    0   80 3698.75000 2773.44981  25.0%     -    0s
H    0     0                    3557.6200000 2773.44981  22.0%     -    0s
     0     0 2774.43178    0   80 3557.62000 2774.43178  22.0%     -    0s
     0     0 2774.43627    0   86 3557.62000 2774.43627  22.0%     -    0s
     0     0 2777.61419    0   97 3557.62000 2777.61419  21.9%     -    0s
     0     0 2777.61419    0   87 3557.62000 2777.61419  21.9%     -    0s
H    0     0                    3448.6200000 2791.27114  19.1%     -    0s
     0     2 2791.27114    0   82 3448.62000 2791.27114  19.1%     -    0s
