




arguments: ./build/bc_mirp -f ./input/orig_exec_81.cfg
Current dir: /scratch/gui/bc_mirp
File verbosity level: 9
date       time         ( uptime  ) [ thread name/id ]                   file:line     v| 
2021-02-07 06:39:30.771 (   0.098s) [main thread     ]             loguru.cpp:789   INFO| Logging to './output/vi_vc+cus/OU/V4/Original/execution_07_02_2021_06_39_30.log', mode: 'a', verbosity: 9
--------------------------------------------------------------------------------
Parameters
                           instance_path           ./input/Instances/Original/2/
                            model_policy                                       1
                             nb_vehicles                                       4
                              output_dir      ./output/vi_vc+cus/OU/V4/Original/
                            sec_strategy                                       1
                       solver_nb_threads                                       2
                         solver_show_log                                    true
                       solver_time_limit                                    3600
                              use_vi_cos                                   false
                              use_vi_cus                                    true
                         use_vi_hc1_full                                   false
                         use_vi_hc1_half                                   false
                      use_vi_hc1_quarter                                   false
                              use_vi_hc2                                   false
                              use_vi_hc3                                   false
                         use_vi_lex_full                                   false
                         use_vi_lex_half                                   false
                      use_vi_lex_quarter                                   false
                              use_vi_qua                                   false
                               use_vi_vc                                    true
                               use_vi_vr                                   false
--------------------------------------------------------------------------------
executing instance: ./input/Instances/Original/2/absH3high_3n40.dat
--------------------------------------------------------------------------------
Instance details
n	41
H	3
C	3283
Li:
[0, 0, 0, 0, 0, 0, 0, 0, 0, 0, 0, 0, 0, 0, 0, 0, 0, 0, 0, 0, 0, 0, 0, 0, 0, 0, 0, 0, 0, 0, 0, 0, 0, 0, 0, 0, 0, 0, 0, 0, 0, ]
Ui:
[0, 63, 111, 99, 96, 111, 282, 122, 156, 261, 42, 192, 126, 42, 162, 207, 159, 122, 102, 190, 118, 102, 132, 102, 165, 252, 66, 52, 22, 114, 210, 176, 116, 294, 78, 152, 210, 45, 130, 198, 174, ]
Distance matrix:
|0	208	225	252	227	143	258	127	267	150	28	83	163	286	57	149	201	137	214	255	70	73	107	186	328	266	249	343	222	177	293	144	262	215	167	120	169	218	143	173	255	|
|208	0	397	355	416	198	216	99	211	275	193	172	97	166	240	225	362	109	277	314	182	216	273	374	298	208	319	161	14	103	93	120	58	196	152	156	372	227	260	218	453	|
|225	397	0	427	53	364	482	343	492	129	253	225	382	386	171	188	39	291	187	195	295	182	282	55	326	491	180	551	408	315	457	366	455	275	392	244	221	439	341	214	101	|
|252	355	427	0	401	158	201	263	219	396	234	328	259	498	299	400	420	354	465	506	205	324	152	374	574	219	499	393	366	389	446	235	378	456	205	359	224	150	111	423	400	|
|227	416	53	401	0	357	477	352	489	165	253	245	389	424	179	223	85	315	234	245	293	200	264	42	375	488	231	565	428	344	484	370	474	314	392	270	184	430	325	252	50	|
|143	198	364	158	357	0	121	105	134	290	116	196	103	342	200	276	343	205	343	385	74	210	112	319	432	133	382	265	209	237	290	78	226	313	57	220	232	75	69	292	375	|
|258	216	482	201	477	121	0	168	18	397	230	293	135	381	314	372	459	275	437	480	188	317	228	439	501	18	479	197	222	296	290	132	212	386	95	306	347	58	173	381	496	|
|127	99	343	263	352	105	168	0	171	239	105	130	40	237	173	206	313	109	270	312	84	164	175	310	337	169	313	216	112	135	192	37	142	220	77	138	280	155	162	213	382	|
|267	211	492	219	489	134	18	171	0	404	240	298	136	376	323	376	468	276	441	483	198	324	243	450	500	2	483	181	215	294	281	136	202	386	102	309	363	75	189	384	509	|
|150	275	129	396	165	290	397	239	404	0	175	110	279	259	97	59	91	166	84	116	217	80	245	130	226	402	106	434	286	187	329	269	333	149	302	119	244	364	291	87	213	|
|28	193	253	234	253	116	230	105	240	175	0	94	139	286	84	167	229	136	234	275	43	96	98	212	341	238	271	320	206	175	281	118	244	225	140	128	180	191	124	189	280	|
|83	172	225	328	245	196	293	130	298	110	94	0	169	209	77	80	191	71	147	189	127	45	189	203	247	296	187	327	184	106	241	162	230	132	198	38	242	266	217	96	285	|
|163	97	382	259	389	103	135	40	136	279	139	169	0	253	212	244	353	141	307	349	110	203	194	347	366	133	350	183	107	161	187	27	124	251	56	175	306	133	169	249	418	|
|286	166	386	498	424	342	381	237	376	259	286	209	253	0	284	201	347	151	210	230	299	247	383	387	155	374	242	290	162	112	129	270	192	113	308	172	451	386	391	172	471	|
|57	240	171	299	179	200	314	173	323	97	84	77	212	284	0	112	145	147	170	208	127	38	148	137	299	321	201	386	253	183	315	195	297	195	222	112	171	275	195	142	214	|
|149	225	188	400	223	276	372	206	376	59	167	80	244	201	112	0	149	117	67	110	205	78	254	186	187	374	108	387	235	132	272	240	283	93	277	71	279	346	291	32	270	|
|201	362	39	420	85	343	459	313	468	91	229	191	353	347	145	149	0	254	149	160	272	150	271	66	290	466	146	518	373	278	419	339	420	235	367	207	227	418	327	175	135	|
|137	109	291	354	315	205	275	109	276	166	136	71	141	151	147	117	254	0	172	212	151	116	232	273	229	274	215	270	119	39	170	145	167	111	186	47	305	263	245	113	356	|
|214	277	187	465	234	343	437	270	441	84	234	147	307	210	170	67	149	172	0	42	272	141	317	205	144	439	43	437	284	175	307	305	331	99	343	132	327	413	357	60	283	|
|255	314	195	506	245	385	480	312	483	116	275	189	349	230	208	110	160	212	42	0	314	182	356	222	132	481	15	474	321	212	337	347	367	126	385	174	358	455	398	100	295	|
|70	182	295	205	293	74	188	84	198	217	43	127	110	299	127	205	272	151	272	314	0	137	91	253	370	196	310	292	195	188	274	85	226	252	99	155	197	148	94	223	316	|
|73	216	182	324	200	210	317	164	324	80	96	45	203	247	38	78	150	116	141	182	137	0	176	158	263	323	176	369	229	150	286	191	274	157	223	77	208	284	216	106	239	|
|107	273	282	152	264	112	228	175	243	245	98	189	194	383	148	254	271	232	317	356	91	176	0	231	435	242	349	371	286	271	365	167	315	321	164	224	120	174	61	280	274	|
|186	374	55	374	42	319	439	310	450	130	212	203	347	387	137	186	66	273	205	222	253	158	231	0	348	448	208	523	386	303	442	329	431	279	352	229	167	392	291	217	85	|
|328	298	326	574	375	432	501	337	500	226	341	247	366	155	299	187	290	229	144	132	370	263	435	348	0	498	147	441	299	206	283	374	338	119	414	215	465	492	463	157	425	|
|266	208	491	219	488	133	18	169	2	402	238	296	133	374	321	374	466	274	439	481	196	323	242	448	498	0	481	180	213	292	278	134	200	384	100	307	362	75	188	381	508	|
|249	319	180	499	231	382	479	313	483	106	271	187	350	242	201	108	146	215	43	15	310	176	349	208	147	481	0	480	326	217	346	347	373	135	385	175	347	454	392	103	280	|
|343	161	551	393	565	265	197	216	181	434	320	327	183	290	386	387	518	270	437	474	292	369	371	523	441	180	480	0	153	263	163	207	107	352	208	317	487	244	334	379	598	|
|222	14	408	366	428	209	222	112	215	286	206	184	107	162	253	235	373	119	284	321	195	229	286	386	299	213	326	153	0	109	81	132	48	201	162	167	386	236	272	226	466	|
|177	103	315	389	344	237	296	135	294	187	175	106	161	112	183	132	278	39	175	212	188	150	271	303	206	292	217	263	109	0	142	171	156	95	211	74	344	289	281	118	386	|
|293	93	457	446	484	290	290	192	281	329	281	241	187	129	315	272	419	170	307	337	274	286	365	442	283	278	346	163	81	142	0	212	79	211	241	214	461	311	353	254	525	|
|144	120	366	235	370	78	132	37	136	269	118	162	27	270	195	240	339	145	305	347	85	191	167	329	374	134	347	207	132	171	212	0	151	257	40	174	280	119	142	248	398	|
|262	58	455	378	474	226	212	142	202	333	244	230	124	192	297	283	420	167	331	367	226	274	315	431	338	200	373	107	48	156	79	151	0	245	173	214	421	237	293	273	510	|
|215	196	275	456	314	313	386	220	386	149	225	132	251	113	195	93	235	111	99	126	252	157	321	279	119	384	135	352	201	95	211	257	245	0	297	97	365	374	345	62	362	|
|167	152	392	205	392	57	95	77	102	302	140	198	56	308	222	277	367	186	343	385	99	223	164	352	414	100	385	208	162	211	241	40	173	297	0	213	283	79	126	287	415	|
|120	156	244	359	270	220	306	138	309	119	128	38	175	172	112	71	207	47	132	174	155	77	224	229	215	307	175	317	167	74	214	174	214	97	213	0	280	286	248	75	313	|
|169	372	221	224	184	232	347	280	363	244	180	242	306	451	171	279	227	305	327	358	197	208	120	167	465	362	347	487	386	344	461	280	421	365	283	280	0	291	175	310	176	|
|218	227	439	150	430	75	58	155	75	364	191	266	133	386	275	346	418	263	413	455	148	284	174	392	492	75	454	244	236	289	311	119	237	374	79	286	291	0	116	359	445	|
|143	260	341	111	325	69	173	162	189	291	124	217	169	391	195	291	327	245	357	398	94	216	61	291	463	188	392	334	272	281	353	142	293	345	126	248	175	116	0	313	335	|
|173	218	214	423	252	292	381	213	384	87	189	96	249	172	142	32	175	113	60	100	223	106	280	217	157	381	103	379	226	118	254	248	273	62	287	75	310	359	313	0	300	|
|255	453	101	400	50	375	496	382	509	213	280	285	418	471	214	270	135	356	283	295	316	239	274	85	425	508	280	598	466	386	525	398	510	362	415	313	176	445	335	300	0	|

--------------------------------------------------------------------------------
Building model...
	using lazy and cut (CVRPSEP package)
Solving IRP LP...
--------------------------------------------------------------------------------

Gurobi 9.1.0 (linux64) logging started Sun Feb  7 06:39:30 2021

Gurobi Optimizer version 9.1.0 build v9.1.0rc0 (linux64)
Thread count: 32 physical cores, 32 logical processors, using up to 2 threads
Optimize a model with 1529 rows, 10976 columns and 26270 nonzeros
Model fingerprint: 0xb16d11ea
Variable types: 644 continuous, 10332 integer (492 binary)
Coefficient statistics:
  Matrix range     [1e+00, 8e+02]
  Objective range  [1e-01, 6e+02]
  Bounds range     [1e+00, 3e+02]
  RHS range        [1e+00, 6e+03]
Presolve removed 404 rows and 201 columns
Presolve time: 0.13s
Presolved: 1125 rows, 10775 columns, 24265 nonzeros
Variable types: 402 continuous, 10373 integer (9869 binary)

Root relaxation: objective 1.235712e+04, 1421 iterations, 0.05 seconds

    Nodes    |    Current Node    |     Objective Bounds      |     Work
 Expl Unexpl |  Obj  Depth IntInf | Incumbent    BestBd   Gap | It/Node Time

     0     0 12357.1168    0  137          - 12357.1168      -     -    0s
     0     0 12775.6072    0  173          - 12775.6072      -     -    0s
     0     0 12780.9264    0  121          - 12780.9264      -     -    0s
     0     0 12978.9974    0  219          - 12978.9974      -     -    1s
     0     0 12987.1245    0  182          - 12987.1245      -     -    1s
     0     0 13001.9315    0  180          - 13001.9315      -     -    1s
     0     0 13006.2929    0  223          - 13006.2929      -     -    1s
     0     0 13006.9453    0  232          - 13006.9453      -     -    1s
     0     0 13007.2014    0  231          - 13007.2014      -     -    1s
     0     0 13434.7190    0  235          - 13434.7190      -     -    1s
     0     0 13569.6271    0  192          - 13569.6271      -     -    1s
     0     0 13592.1406    0  205          - 13592.1406      -     -    1s
     0     0 13606.2945    0  235          - 13606.2945      -     -    1s
     0     0 13607.8532    0  268          - 13607.8532      -     -    1s
     0     0 13615.6788    0  250          - 13615.6788      -     -    2s
     0     0 13617.2803    0  261          - 13617.2803      -     -    2s
     0     0 13617.4271    0  291          - 13617.4271      -     -    2s
     0     0 13726.1563    0  251          - 13726.1563      -     -    2s
     0     0 13737.1819    0  271          - 13737.1819      -     -    2s
     0     0 13738.7789    0  304          - 13738.7789      -     -    2s
     0     0 13741.8115    0  277          - 13741.8115      -     -    2s
     0     0 13766.4812    0  305          - 13766.4812      -     -    2s
     0     0 13777.8698    0  341          - 13777.8698      -     -    3s
     0     0 13779.4302    0  355          - 13779.4302      -     -    3s
     0     0 13781.1289    0  343          - 13781.1289      -     -    3s
     0     0 13781.7998    0  349          - 13781.7998      -     -    3s
     0     0 13814.7165    0  398          - 13814.7165      -     -    3s
     0     0 13819.4149    0  370          - 13819.4149      -     -    4s
     0     0 13821.7939    0  378          - 13821.7939      -     -    4s
     0     0 13822.3777    0  377          - 13822.3777      -     -    4s
     0     0 13854.9941    0  448          - 13854.9941      -     -    5s
     0     0 13859.7150    0  446          - 13859.7150      -     -    5s
     0     0 13874.8004    0  402          - 13874.8004      -     -    5s
     0     0 13875.9321    0  439          - 13875.9321      -     -    5s
     0     0 13883.6707    0  457          - 13883.6707      -     -    6s
     0     0 13885.5002    0  366          - 13885.5002      -     -    6s
     0     0 13892.0997    0  379          - 13892.0997      -     -    6s
     0     0 13892.4641    0  350          - 13892.4641      -     -    6s
     0     0 13894.2266    0  383          - 13894.2266      -     -    7s
     0     0 13894.2266    0  383          - 13894.2266      -     -    7s
     0     2 13903.6115    0  367          - 13903.6115      -     -    9s
     7    10 13912.2488    3  367          - 13903.6115      -   479   10s
    56    61 14046.7429   17  354          - 13905.2607      -   475   15s
   111   117 14300.6590   32  303          - 13905.2607      -   425   20s
   200   224 14867.4107   65  165          - 13905.2607      -   355   25s
   441   489 17459.0200  194    8          - 13905.2607      -   204   30s
*  682   444             132    15883.020000 13916.9222  12.4%   145   33s
   748   409 14063.9767    4  528 15883.0200 13916.9222  12.4%   135   36s
H  752   385                    15561.990000 13916.9222  10.6%   135   41s
   759   389 15548.7050   97  530 15561.9900 13961.3175  10.3%   134   45s
   772   398 14015.1171    7  456 15561.9900 14015.1171  9.94%   132   50s
   780   403 15561.9900  103  626 15561.9900 14021.4094  9.90%   130   55s
   787   408 15561.9900  114  651 15561.9900 14027.8009  9.86%   129   60s
   796   414 14418.7534   37  669 15561.9900 14035.3403  9.81%   128   65s
   804   419 14037.3709    4  534 15561.9900 14037.3709  9.80%   126   70s
   814   427 14037.3838   10  459 15561.9900 14037.3838  9.80%   161   75s
   825   435 15561.9900  127  659 15561.9900 14040.6174  9.78%   159   80s
   832   439 14041.0372    4  708 15561.9900 14041.0372  9.77%   157   85s
   842   449 14055.1764   25  574 15561.9900 14048.0524  9.73%   185   90s
   861   462 14071.2665   30  547 15561.9900 14055.2249  9.68%   202  101s
   877   473 14105.1006   33  470 15561.9900 14055.2249  9.68%   216  105s
   896   489 14088.3107   37  575 15561.9900 14055.2249  9.68%   226  110s
   925   508 14112.6215   42  529 15561.9900 14055.2249  9.68%   242  115s
   948   525 14117.6710   46  527 15561.9900 14055.2249  9.68%   254  120s
   983   552 14131.0354   52  578 15561.9900 14055.2249  9.68%   270  126s
  1003   565 14141.2898   56  571 15561.9900 14055.2249  9.68%   279  131s
  1018   578 14147.4921   59  551 15561.9900 14055.2249  9.68%   286  135s
  1046   585 14167.8346   62  575 15561.9900 14055.2249  9.68%   295  143s
  1048   594 14174.5474   62  502 15561.9900 14055.2249  9.68%   297  145s
  1080   618 14180.1013   67  514 15561.9900 14055.2249  9.68%   310  152s
  1110   641 14206.4995   71  520 15561.9900 14055.2249  9.68%   319  157s
  1154   682 14223.0396   77  427 15561.9900 14055.2249  9.68%   324  162s
H 1197   681                    15419.170000 14055.2249  8.85%   325  165s
  1251   681 14324.2772   92  422 15419.1700 14055.2249  8.85%   323  170s
  1301   704 14330.3755   33  330 15419.1700 14055.2249  8.85%   334  175s
  1332   742 14378.3147  120  392 15419.1700 14055.2249  8.85%   339  180s
  1385   785 14436.1990  134  353 15419.1700 14055.2249  8.85%   346  186s
  1440   800 14508.1479   60  224 15419.1700 14055.2249  8.85%   348  190s
  1492   892 14936.3850  167  227 15419.1700 14055.2249  8.85%   352  197s
  1561   962 14696.3247  193  172 15419.1700 14055.2249  8.85%   348  201s
  1654  1017 15149.4185  229  116 15419.1700 14083.7062  8.66%   339  205s
  1815  1086 14196.4180   28  532 15419.1700 14083.7062  8.66%   328  216s
  1918  1077 14265.5535   33  491 15419.1700 14083.7062  8.66%   330  222s
  1932  1096 14252.5801   37  405 15419.1700 14083.7062  8.66%   334  226s
  1955  1117 14293.1556   40  375 15419.1700 14083.7062  8.66%   338  230s
  2012  1168 14501.5998   52  399 15419.1700 14083.7062  8.66%   344  238s
  2054  1346 14489.8893   57  385 15419.1700 14083.7062  8.66%   346  243s
  2246  1485 14774.7132   84  140 15419.1700 14083.7062  8.66%   327  249s
  2277  1485 14853.9775   94   77 15419.1700 14083.7062  8.66%   324  250s
  2436  1486 15382.4142  132   80 15419.1700 14083.7062  8.66%   310  258s
H 2437  1473                    15370.270000 14083.7062  8.37%   310  258s
  2438  1469 infeasible  132      15370.2700 14095.0273  8.30%   312  261s
  2457  1484 14360.0536   29  496 15370.2700 14095.0273  8.30%   317  265s
  2506  1557 14711.6503   53  386 15370.2700 14095.0273  8.30%   321  273s
  2546  1604 15145.6025   77  229 15370.2700 14105.5681  8.23%   322  280s
  2625  1641     cutoff  114      15370.2700 14107.5623  8.22%   321  285s
  2663  1700 14246.9593   35  510 15370.2700 14107.5623  8.22%   325  291s
  2722  1726 14826.2781   42  261 15370.2700 14107.7115  8.21%   324  299s
  2794  1748 14275.9126   35  540 15370.2700 14107.7453  8.21%   327  304s
  2816  1804 14541.4642   44  400 15370.2700 14107.7453  8.21%   329  308s
  2872  1889 14999.0605   75  255 15370.2700 14110.4410  8.20%   327  316s
  2993  1908 14481.0791   31  384 15370.2700 14111.5409  8.19%   324  322s
  3012  1974 14609.7411   40  446 15370.2700 14118.5612  8.14%   326  331s
  3086  2029 14464.9139   38  442 15370.2700 14118.5612  8.14%   326  338s
  3154  2082 14929.7416   60  391 15370.2700 14123.0020  8.11%   326  347s
  3217  2104 14278.4691   34  587 15370.2700 14123.0020  8.11%   327  353s
  3247  2182 14514.0802   49  397 15370.2700 14123.0020  8.11%   330  359s
  3325  2217 15232.2832  101  204 15370.2700 14128.3350  8.08%   328  367s
  3384  2326 14233.0161   42  625 15370.2700 14128.5971  8.08%   331  375s
  3517  2378 14498.8261   56  409 15370.2700 14128.5971  8.08%   324  383s
  3572  2428 15164.9323   97  276 15370.2700 14132.2202  8.05%   325  394s
  3647  2451 14254.2997   27  418 15370.2700 14132.4039  8.05%   327  401s
  3670  2478 14287.8204   37  490 15370.2700 14132.4039  8.05%   332  408s
  3697  2511 14396.5956   41  428 15370.2700 14132.4039  8.05%   336  416s
  3730  2567 14470.5010   45  348 15370.2700 14132.4039  8.05%   340  424s
  3786  2696 14716.8463   58  265 15370.2700 14132.4039  8.05%   342  433s
  3915  2773 15138.1324   76  136 15370.2700 14140.2064  8.00%   341  451s
  4060  2810 14568.5725   40  387 15370.2700 14140.2673  8.00%   339  461s
  4097  2863 15036.3513   58  371 15370.2700 14152.9904  7.92%   341  473s
  4169  2885 14559.9662   32  390 15370.2700 14159.6760  7.88%   345  484s
  4191  2916 14706.4575   36  356 15370.2700 14159.6760  7.88%   351  493s
  4222  2996 15026.8788   44  241 15370.2700 14174.4352  7.78%   355  507s
  4330  3040 14567.6108   30  364 15370.2700 14174.5845  7.78%   356  518s
  4374  3082 15263.1004   61  249 15370.2700 14174.8611  7.78%   358  531s
  4450  3204 14372.5206   69  442 15370.2700 14174.9176  7.78%   358  542s
  4627  3235     cutoff  132      15370.2700 14175.2500  7.77%   351  554s
  4668  3296 14561.9511   73  363 15370.2700 14175.2500  7.77%   354  568s
H 4674  3254                    15336.050000 14175.2500  7.57%   354  568s
  4739  3351 14740.4926   81  349 15336.0500 14175.2500  7.57%   355  581s
  4836  3438 15070.4378  107  177 15336.0500 14175.2500  7.57%   355  628s
H 4925  3121                    15224.050000 14175.2500  6.89%   352  630s
  4945  3131     cutoff  141      15224.0500 14185.5807  6.82%   354  642s
  5007  3182 14898.1597   50  356 15224.0500 14195.6269  6.76%   357  656s
  5065  3235 14564.3916   35  387 15224.0500 14195.6269  6.76%   360  672s
H 5126  3056                    15147.390000 14195.6269  6.28%   362  686s
  5169  3124 14926.4941   56  295 15147.3900 14196.4293  6.28%   367  701s
  5267  3181 14744.7700   60  319 15147.3900 14205.8888  6.22%   370  717s
  5341  3228 14743.1174   34  427 15147.3900 14212.5834  6.17%   373  733s
  5412  3251 14374.6635   38  619 15147.3900 14212.7326  6.17%   376  751s
  5435  3283 14435.4077   42  616 15147.3900 14212.7326  6.17%   382  767s
  5467  3376 14510.6055   48  522 15147.3900 14212.7326  6.17%   386  784s
  5562  3439 14646.9643   56  269 15147.3900 14212.7326  6.17%   388  802s
  5641  3495 15052.7658   75  260 15147.3900 14214.3423  6.16%   390  820s
  5730  3567 14514.2265   62  435 15147.3900 14214.6060  6.16%   392  838s
  5825  3599 14901.5439   60  454 15147.3900 14217.0856  6.14%   394  857s
  5884  3665 14941.8983   42  406 15147.3900 14221.2031  6.11%   398  874s
  5920  3665 14404.2529   39  589 15147.3900 14222.4289  6.11%   399  875s
  5970  3722 14747.1385   54  297 15147.3900 14222.9523  6.10%   399  896s
  6091  3758 14419.0616   46  635 15147.3900 14223.7649  6.10%   399  913s
  6127  3903 14640.9192   51  426 15147.3900 14223.7649  6.10%   404  935s
  6292  3982 14809.1480   73  241 15147.3900 14224.9841  6.09%   404  957s
  6407  4089 14591.5820   82  532 15147.3900 14226.2951  6.08%   405  981s
  6570  4171 14411.1095   40  525 15147.3900 14226.8257  6.08%   404 1000s
  6668  4262 14886.3431   92  229 15147.3900 14229.7561  6.06%   405 1025s
  6804  4313 14457.7553   67  424 15147.3900 14232.7145  6.04%   406 1050s
  6876  4327 14356.7032   36  614 15147.3900 14233.0943  6.04%   409 1074s
  6890  4365 14395.5017   38  611 15147.3900 14233.0943  6.04%   410 1095s
  6928  4528 14560.3294   45  358 15147.3900 14233.7022  6.03%   415 1122s
  7128  4628     cutoff   87      15147.3900 14235.8006  6.02%   414 1150s
  7277  4734 14443.5810   73  399 15147.3900 14238.7646  6.00%   414 1180s
  7411  4874 14787.4777   92  409 15147.3900 14241.7322  5.98%   415 1213s
  7513  4874 14871.5546   63  320 15147.3900 14246.7746  5.95%   415 1215s
  7591  5022 14390.4835   83  420 15147.3900 14246.8045  5.95%   415 1251s
  7814  5175 14395.3506   50  637 15147.3900 14247.3634  5.94%   415 1284s
  7870  5175 14449.4234   38  662 15147.3900 14247.3916  5.94%   416 1285s
  8002  5254 14786.3850   89  423 15147.3900 14248.3132  5.94%   414 1316s
  8129  5338 14328.7178   29  425 15147.3900 14249.1140  5.93%   417 1344s
  8167  5338 15060.1671   67  209 15147.3900 14249.1140  5.93%   416 1345s
  8241  5432 14475.1022   66  367 15147.3900 14249.2023  5.93%   421 1373s
  8335  5576 14781.0150   86  259 15147.3900 14249.3882  5.93%   425 1404s
  8410  5576 15113.8399  124  105 15147.3900 14249.3882  5.93%   425 1405s
  8539  5682 14836.4706   44  547 15147.3900 14249.5655  5.93%   425 1435s
  8678  5771 14492.3398   45  402 15147.3900 14250.9681  5.92%   427 1464s
  8734  5771 15130.8352   66  348 15147.3900 14251.4462  5.91%   429 1465s
  8799  5830     cutoff   49      15147.3900 14253.2845  5.90%   430 1494s
  8870  5974 14736.6709   31  517 15147.3900 14253.3458  5.90%   435 1527s
  9044  6092 14828.6740   39  430 15147.3900 14253.3458  5.90%   436 1559s
  9185  6187 15027.5169   53  222 15147.3900 14253.5259  5.90%   438 1590s
  9334  6282     cutoff   61      15147.3900 14255.6770  5.89%   441 1623s
  9455  6490 14933.7026   79  260 15147.3900 14257.3144  5.88%   443 1658s
  9714  6615 14829.6672   74  304 15147.3900 14258.8685  5.87%   439 1692s
  9891  6772 15115.6796   67  115 15147.3900 14260.4232  5.86%   438 1728s
 10052  6772 14858.8871  101  155 15147.3900 14261.8429  5.85%   436 1730s
 10132  6980 14646.0142   91  502 15147.3900 14262.0109  5.85%   435 1762s
 10365  7189     cutoff   93      15147.3900 14262.6759  5.84%   432 1797s
 10667  7327 14724.9432   82  398 15147.3900 14264.9390  5.83%   426 1831s
 10844  7421 14433.0476   51  539 15147.3900 14265.7177  5.82%   425 1864s
 10899  7421 14932.3836   75  356 15147.3900 14265.7673  5.82%   426 1865s
 10955  7533 14504.7614   37  437 15147.3900 14265.7673  5.82%   427 1898s
 11083  7694 14736.9154   52  317 15147.3900 14266.7442  5.81%   428 1931s
 11310  7803 15113.1942   55  298 15147.3900 14267.7664  5.81%   426 1968s
 11463  7856 14371.3688   31  548 15147.3900 14270.5694  5.79%   428 2001s
 11540  8080 14530.5147   41  474 15147.3900 14270.8238  5.79%   431 2038s
 11643  8080 14901.8989   94   52 15147.3900 14270.8238  5.79%   430 2040s
 11814  8156 14471.6931   49  614 15147.3900 14274.1456  5.76%   430 2072s
 11937  8282 14520.2349   41  627 15147.3900 14274.3887  5.76%   432 2105s
 12108  8395 14454.7984   67  485 15147.3900 14276.3859  5.75%   433 2139s
 12271  8477 14362.6665   36  429 15147.3900 14277.3027  5.74%   434 2171s
 12367  8648 14624.7668   46  335 15147.3900 14277.7178  5.74%   437 2205s
 12625  8783     cutoff   97      15147.3900 14279.4563  5.73%   434 2240s
*12669  7789              72    15055.690000 14279.4563  5.16%   434 2240s
 12805  7890 14447.8001   67  525 15055.6900 14283.2339  5.13%   433 2274s
 12858  7890 15018.1992   89  347 15055.6900 14283.2339  5.13%   433 2275s
 12953  7985 14454.6170   34  531 15055.6900 14285.4444  5.12%   433 2306s
 13102  8088 14426.3658   52  451 15055.6900 14289.0947  5.09%   434 2343s
 13216  8088 15025.5610  109   69 15055.6900 14289.0947  5.09%   434 2345s
 13253  8157 14524.6823   37  558 15055.6900 14289.1926  5.09%   437 2376s
 13348  8270 14678.4684   47  394 15055.6900 14289.6833  5.09%   440 2410s
 13513  8394 14666.1538   52  331 15055.6900 14291.5903  5.08%   441 2443s
 13674  8512 14778.4538   53  346 15055.6900 14292.5828  5.07%   442 2480s
 13832  8707 14589.0419   39  322 15055.6900 14293.2461  5.06%   442 2518s
 13965  8707 14796.5200   87   82 15055.6900 14294.9701  5.05%   442 2520s
 14080  8914 14657.8783   51  276 15055.6900 14295.1751  5.05%   442 2555s
 14348  8975 15014.9690  110  299 15055.6900 14295.4171  5.05%   440 2588s
 14447  9042 14881.5723   45  159 15055.6900 14297.1633  5.04%   443 2622s
 14548  9226 14675.8067   77  292 15055.6900 14297.2547  5.04%   447 2659s
 14688  9226 15000.5089   73  262 15055.6900 14297.2547  5.04%   445 2660s
 14768  9316 14494.2920   83  497 15055.6900 14297.5961  5.04%   446 2698s
 14926  9400 14830.6528   75  411 15055.6900 14298.1744  5.03%   447 2732s
 15040  9469 14797.6713   88  355 15055.6900 14301.2087  5.01%   448 2769s
 15095  9469 14991.1581   51  148 15055.6900 14301.2087  5.01%   449 2770s
 15172  9643 14418.8343   33  329 15055.6900 14301.9813  5.01%   450 2808s
 15399  9761 14596.6843   70  538 15055.6900 14303.2008  5.00%   448 2838s
 15550  9761 15043.8831  109  294 15055.6900 14304.5345  4.99%   449 2840s
 15556  9844 14555.6127   38  497 15055.6900 14304.5643  4.99%   449 2874s
 15689  9930 14752.7324   71  410 15055.6900 14305.2874  4.98%   451 2912s
 15826 10054 14625.5434   54  288 15055.6900 14306.1500  4.98%   452 2947s
 15968 10207 14860.5460   89  236 15055.6900 14306.2229  4.98%   454 2985s
 16181 10360 14718.2979   43  112 15055.6900 14308.0247  4.97%   454 3024s
H16297 10360                    15055.570000 14308.0247  4.97%   453 3025s
 16400 10420     cutoff   69      15055.5700 14309.0508  4.96%   452 3059s
 16510 10581 14855.1962   37  247 15055.5700 14309.4507  4.96%   455 3094s
 16566 10581 14934.2467  121  160 15055.5700 14309.4507  4.96%   454 3095s
 16751 10695 14656.8265   42  443 15055.5700 14311.1320  4.94%   454 3133s
 16875 10695 14342.5902   69  534 15055.5700 14311.1320  4.94%   454 3135s
 16896 10771 14423.8655   37  417 15055.5700 14311.3378  4.94%   455 3176s
 16998 10920 14534.0115   37  561 15055.5700 14311.4100  4.94%   457 3215s
 17219 10985 15039.5414   74  310 15055.5700 14312.2433  4.94%   456 3253s
 17304 11130 14651.8605   44  388 15055.5700 14313.5834  4.93%   458 3289s
 17363 11130 15018.5790   71  191 15055.5700 14313.5834  4.93%   458 3290s
 17489 11292     cutoff   97      15055.5700 14314.3252  4.92%   459 3328s
 17699 11292 15028.5163  127   48 15055.5700 14315.4883  4.92%   457 3330s
 17727 11408 15029.4613   67   41 15055.5700 14315.5739  4.92%   458 3368s
 17863 11408 15000.6840   74  236 15055.5700 14316.0418  4.91%   458 3370s
 17881 11588 14753.2932   66  179 15055.5700 14316.4505  4.91%   459 3406s
 18134 11696     cutoff   71      15055.5700 14317.1105  4.90%   457 3443s
 18284 11808 14707.3358   52  407 15055.5700 14318.9560  4.89%   459 3481s
 18414 12024 14742.2665   39  375 15055.5700 14320.0819  4.89%   460 3520s
 18709 12187 14425.2711   38  481 15055.5700 14322.1170  4.87%   459 3558s
 18910 12242 14671.2797   79  530 15055.5700 14322.2786  4.87%   459 3595s
 19023 12251 14661.4888   47  259 15055.5700 14322.5117  4.87%   460 3600s

Cutting planes:
  User: 6139
  Gomory: 28
  Cover: 529
  Implied bound: 179
  Projected implied bound: 15
  Clique: 56
  MIR: 102
  StrongCG: 2
  Flow cover: 380
  Inf proof: 1
  Zero half: 39
  Network: 1
  RLT: 331
  Relax-and-lift: 16
  Lazy constraints: 462

Explored 19032 nodes (8780803 simplex iterations) in 3600.12 seconds
Thread count was 2 (of 32 available processors)

Solution count 9: 15055.6 15055.7 15147.4 ... 15883

Time limit reached
Best objective 1.505557000000e+04, best bound 1.432251166033e+04, gap 4.8690%

User-callback calls 238031, time in user-callback 154.70 sec
================================================================================
executing instance: ./input/Instances/Original/2/absH3high_4n10.dat
--------------------------------------------------------------------------------
Instance details
n	11
H	3
C	822
Li:
[0, 0, 0, 0, 0, 0, 0, 0, 0, 0, 0, ]
Ui:
[0, 102, 52, 88, 182, 153, 138, 38, 165, 297, 86, ]
Distance matrix:
|0	285	411	382	327	239	148	256	307	36	383	|
|285	0	352	98	249	103	227	235	120	268	209	|
|411	352	0	395	106	430	263	549	234	429	174	|
|382	98	395	0	302	173	320	288	168	364	227	|
|327	249	106	302	0	324	179	444	135	339	109	|
|239	103	430	173	324	0	241	132	212	212	305	|
|148	227	263	320	179	241	0	325	192	165	249	|
|256	235	549	288	444	132	325	0	342	220	436	|
|307	120	234	168	135	212	192	342	0	304	94	|
|36	268	429	364	339	212	165	220	304	0	386	|
|383	209	174	227	109	305	249	436	94	386	0	|

--------------------------------------------------------------------------------
Building model...
	using lazy and cut (CVRPSEP package)
Solving IRP LP...
--------------------------------------------------------------------------------

Gurobi 9.1.0 (linux64) logging started Sun Feb  7 07:39:31 2021

Gurobi Optimizer version 9.1.0 build v9.1.0rc0 (linux64)
Thread count: 32 physical cores, 32 logical processors, using up to 2 threads
Optimize a model with 419 rows, 956 columns and 3020 nonzeros
Model fingerprint: 0x208ab7dd
Variable types: 164 continuous, 792 integer (132 binary)
Coefficient statistics:
  Matrix range     [1e+00, 3e+02]
  Objective range  [2e-01, 5e+02]
  Bounds range     [1e+00, 3e+02]
  RHS range        [1e+00, 1e+03]
Presolve removed 104 rows and 51 columns
Presolve time: 0.06s
Presolved: 315 rows, 905 columns, 2588 nonzeros
Variable types: 102 continuous, 803 integer (679 binary)

Root relaxation: objective 4.143339e+03, 665 iterations, 0.02 seconds

    Nodes    |    Current Node    |     Objective Bounds      |     Work
 Expl Unexpl |  Obj  Depth IntInf | Incumbent    BestBd   Gap | It/Node Time

     0     0 4143.33915    0   73          - 4143.33915      -     -    0s
H    0     0                    9521.8700000 4143.33915  56.5%     -    0s
H    0     0                    9194.9500000 4143.33915  54.9%     -    0s
H    0     0                    6753.8800000 4143.33915  38.7%     -    0s
     0     0 4376.77591    0  111 6753.88000 4376.77591  35.2%     -    0s
     0     0 4378.51513    0   89 6753.88000 4378.51513  35.2%     -    0s
     0     0 4716.38151    0   78 6753.88000 4716.38151  30.2%     -    0s
     0     0 4731.66316    0   95 6753.88000 4731.66316  29.9%     -    0s
     0     0 4731.66316    0   95 6753.88000 4731.66316  29.9%     -    0s
     0     0 4773.58156    0   83 6753.88000 4773.58156  29.3%     -    0s
     0     0 4806.32802    0  103 6753.88000 4806.32802  28.8%     -    0s
     0     0 4812.14982    0  106 6753.88000 4812.14982  28.7%     -    0s
     0     0 4812.27256    0  103 6753.88000 4812.27256  28.7%     -    0s
     0     0 4842.38487    0  134 6753.88000 4842.38487  28.3%     -    0s
     0     0 4859.48542    0  118 6753.88000 4859.48542  28.0%     -    0s
     0     0 4861.15644    0  127 6753.88000 4861.15644  28.0%     -    0s
     0     0 4861.17176    0  127 6753.88000 4861.17176  28.0%     -    0s
     0     0 4878.44993    0  127 6753.88000 4878.44993  27.8%     -    0s
     0     0 4878.51935    0  129 6753.88000 4878.51935  27.8%     -    0s
     0     0 4882.94332    0  151 6753.88000 4882.94332  27.7%     -    0s
     0     0 4882.94332    0  149 6753.88000 4882.94332  27.7%     -    0s
     0     2 4884.03115    0  149 6753.88000 4884.03115  27.7%     -    0s
H   62    64                    6724.2300000 4910.08470  27.0%  91.4    0s
H   92    92                    6452.2300000 4910.08470  23.9%  76.0    0s
H  349   287                    6274.6800000 4912.31759  21.7%  60.4    1s
*  442   347              49    6214.2900000 4983.90039  19.8%  58.8    2s
*  444   330              49    6165.2500000 4983.90039  19.2%  58.6    2s
H  714   466                    6080.2500000 5069.47472  16.6%  60.2    2s
   810   522 5230.96004   21  125 6080.25000 5069.47472  16.6%  66.2    5s
H 1244   611                    5991.4500000 5131.53234  14.4%  74.2    7s
  1805   683 5602.03558   22  105 5991.45000 5272.95669  12.0%  77.1   10s
  3003  1009     cutoff   26      5991.45000 5393.76609  10.0%  78.0   15s
  4239  1258 5901.16867   23   77 5991.45000 5480.32388  8.53%  80.9   20s
  5437  1415 5650.90694   26  153 5991.45000 5539.47711  7.54%  80.5   25s
  6399  1494     cutoff   26      5991.45000 5582.36462  6.83%  80.9   30s
  7771  1533 5730.41345   18  103 5991.45000 5632.83932  5.99%  80.4   35s
  9157  1480 5826.47377   31   72 5991.45000 5677.80182  5.23%  79.2   40s
 10866  1149     cutoff   29      5991.45000 5749.85493  4.03%  78.0   45s
 12755   450     cutoff   16      5991.45000 5835.83545  2.60%  76.0   50s

Cutting planes:
  User: 183
  Gomory: 13
  Cover: 104
  Implied bound: 78
  Projected implied bound: 12
  Clique: 8
  MIR: 80
  StrongCG: 4
  Flow cover: 71
  Inf proof: 6
  Zero half: 4
  RLT: 83
  Relax-and-lift: 27
  Lazy constraints: 3

Explored 13575 nodes (1005994 simplex iterations) in 51.43 seconds
Thread count was 2 (of 32 available processors)

Solution count 10: 5991.45 6080.25 6165.25 ... 9521.87

Optimal solution found (tolerance 1.00e-04)
Best objective 5.991450000000e+03, best bound 5.991450000000e+03, gap 0.0000%

User-callback calls 33172, time in user-callback 4.42 sec
================================================================================
executing instance: ./input/Instances/Original/2/absH3high_3n20.dat
--------------------------------------------------------------------------------
Instance details
n	21
H	3
C	1536
Li:
[0, 0, 0, 0, 0, 0, 0, 0, 0, 0, 0, 0, 0, 0, 0, 0, 0, 0, 0, 0, 0, ]
Ui:
[0, 48, 207, 156, 294, 207, 297, 54, 114, 90, 228, 132, 84, 64, 51, 153, 60, 39, 195, 82, 130, ]
Distance matrix:
|0	41	141	324	154	98	307	402	160	217	284	269	188	233	54	185	307	149	286	276	103	|
|41	0	114	285	184	88	285	385	200	197	251	230	189	270	48	205	295	160	245	241	62	|
|141	114	0	200	208	193	353	459	269	275	289	154	129	371	160	192	380	136	205	267	88	|
|324	285	200	0	406	330	386	484	467	344	286	57	299	555	318	380	442	327	114	255	226	|
|154	184	208	406	0	250	460	553	101	370	436	361	136	247	208	63	455	87	405	425	232	|
|98	88	193	330	250	0	211	304	232	121	204	273	276	249	44	283	210	244	259	204	113	|
|307	285	353	386	460	211	0	106	436	90	104	342	467	407	253	490	72	445	275	134	269	|
|402	385	459	484	553	304	106	0	517	188	198	443	570	463	348	587	102	545	371	229	373	|
|160	200	269	467	101	232	436	517	0	349	434	417	231	148	200	163	415	179	444	431	261	|
|217	197	275	344	370	121	90	188	349	0	111	293	382	335	163	400	106	357	244	128	187	|
|284	251	289	286	436	204	104	198	434	111	0	246	413	441	235	452	170	401	173	31	214	|
|269	230	154	57	361	273	342	443	417	293	246	0	266	500	261	342	393	286	85	215	170	|
|188	189	129	299	136	276	467	570	231	382	413	266	0	368	233	88	483	53	330	394	201	|
|233	270	371	555	247	249	407	463	148	335	441	500	368	0	242	310	364	316	504	448	330	|
|54	48	160	318	208	44	253	348	200	163	235	261	233	242	0	239	254	200	262	230	92	|
|185	205	192	380	63	283	490	587	163	400	452	342	88	310	239	0	492	56	397	438	240	|
|307	295	380	442	455	210	72	102	415	106	170	393	483	364	254	492	0	453	334	198	293	|
|149	160	136	327	87	244	445	545	179	357	401	286	53	316	200	56	453	0	341	385	188	|
|286	245	205	114	405	259	275	371	444	244	173	85	330	504	262	397	334	341	0	142	183	|
|276	241	267	255	425	204	134	229	431	128	31	215	394	448	230	438	198	385	142	0	198	|
|103	62	88	226	232	113	269	373	261	187	214	170	201	330	92	240	293	188	183	198	0	|

--------------------------------------------------------------------------------
Building model...
	using lazy and cut (CVRPSEP package)
Solving IRP LP...
--------------------------------------------------------------------------------

Gurobi 9.1.0 (linux64) logging started Sun Feb  7 07:40:22 2021

Gurobi Optimizer version 9.1.0 build v9.1.0rc0 (linux64)
Thread count: 32 physical cores, 32 logical processors, using up to 2 threads
Optimize a model with 789 rows, 3096 columns and 8370 nonzeros
Model fingerprint: 0xa6149844
Variable types: 324 continuous, 2772 integer (252 binary)
Coefficient statistics:
  Matrix range     [1e+00, 4e+02]
  Objective range  [1e-01, 6e+02]
  Bounds range     [1e+00, 3e+02]
  RHS range        [1e+00, 3e+03]
Presolve removed 204 rows and 101 columns
Presolve time: 0.07s
Presolved: 585 rows, 2995 columns, 7433 nonzeros
Variable types: 202 continuous, 2793 integer (2540 binary)

Root relaxation: objective 6.829708e+03, 851 iterations, 0.02 seconds

    Nodes    |    Current Node    |     Objective Bounds      |     Work
 Expl Unexpl |  Obj  Depth IntInf | Incumbent    BestBd   Gap | It/Node Time

     0     0 6829.70780    0   71          - 6829.70780      -     -    0s
     0     0 7061.70603    0   94          - 7061.70603      -     -    0s
     0     0 7236.66754    0  109          - 7236.66754      -     -    0s
     0     0 7391.34749    0  108          - 7391.34749      -     -    0s
     0     0 7395.41003    0  128          - 7395.41003      -     -    0s
     0     0 7395.69771    0  131          - 7395.69771      -     -    0s
     0     0 7573.70108    0  135          - 7573.70108      -     -    0s
     0     0 7612.67001    0  165          - 7612.67001      -     -    0s
     0     0 7612.71069    0  173          - 7612.71069      -     -    0s
     0     0 7676.18277    0  206          - 7676.18277      -     -    0s
H    0     0                    11255.210000 7676.18277  31.8%     -    0s
     0     0 7704.63271    0  207 11255.2100 7704.63271  31.5%     -    0s
     0     0 7724.44035    0  198 11255.2100 7724.44035  31.4%     -    1s
     0     0 7726.34838    0  221 11255.2100 7726.34838  31.4%     -    1s
     0     0 7726.34924    0  228 11255.2100 7726.34924  31.4%     -    1s
