




arguments: ./build/bc_mirp -f ./input/orig_exec_33.cfg
Current dir: /scratch/gui/bc_mirp
File verbosity level: 9
date       time         ( uptime  ) [ thread name/id ]                   file:line     v| 
2021-02-06 17:51:56.780 (   0.094s) [main thread     ]             loguru.cpp:789   INFO| Logging to './output/vi_vc+cus/OU/V4/Original/execution_06_02_2021_17_51_56.log', mode: 'a', verbosity: 9
--------------------------------------------------------------------------------
Parameters
                           instance_path           ./input/Instances/Original/1/
                            model_policy                                       1
                             nb_vehicles                                       4
                              output_dir      ./output/vi_vc+cus/OU/V4/Original/
                            sec_strategy                                       1
                       solver_nb_threads                                       2
                         solver_show_log                                    true
                       solver_time_limit                                    3600
                              use_vi_cos                                   false
                              use_vi_cus                                    true
                         use_vi_hc1_full                                   false
                         use_vi_hc1_half                                   false
                      use_vi_hc1_quarter                                   false
                              use_vi_hc2                                   false
                              use_vi_hc3                                   false
                         use_vi_lex_full                                   false
                         use_vi_lex_half                                   false
                      use_vi_lex_quarter                                   false
                              use_vi_qua                                   false
                               use_vi_vc                                    true
                               use_vi_vr                                   false
--------------------------------------------------------------------------------
executing instance: ./input/Instances/Original/1/absH3high_1n5.dat
--------------------------------------------------------------------------------
Instance details
n	6
H	3
C	289
Li:
[0, 0, 0, 0, 0, 0, ]
Ui:
[0, 195, 105, 116, 72, 22, ]
Distance matrix:
|0	85	349	17	203	289	|
|85	0	265	102	214	226	|
|349	265	0	366	368	238	|
|17	102	366	0	207	302	|
|203	214	368	207	0	431	|
|289	226	238	302	431	0	|

--------------------------------------------------------------------------------
Building model...
	using lazy and cut (CVRPSEP package)
Solving IRP LP...
--------------------------------------------------------------------------------

Gurobi 9.1.0 (linux64) logging started Sat Feb  6 17:51:57 2021

Gurobi Optimizer version 9.1.0 build v9.1.0rc0 (linux64)
Thread count: 32 physical cores, 32 logical processors, using up to 2 threads
Optimize a model with 234 rows, 336 columns and 1245 nonzeros
Model fingerprint: 0x777a7434
Variable types: 84 continuous, 252 integer (72 binary)
Coefficient statistics:
  Matrix range     [1e+00, 2e+02]
  Objective range  [2e-01, 4e+02]
  Bounds range     [1e+00, 2e+02]
  RHS range        [1e+00, 5e+02]
Presolve removed 90 rows and 131 columns
Presolve time: 0.03s
Presolved: 144 rows, 205 columns, 755 nonzeros
Variable types: 32 continuous, 173 integer (119 binary)
Found heuristic solution: objective 4197.4700000
Found heuristic solution: objective 3625.6100000
Found heuristic solution: objective 2887.3300000

Root relaxation: objective 2.031620e+03, 191 iterations, 0.00 seconds

    Nodes    |    Current Node    |     Objective Bounds      |     Work
 Expl Unexpl |  Obj  Depth IntInf | Incumbent    BestBd   Gap | It/Node Time

     0     0 2031.62013    0   43 2887.33000 2031.62013  29.6%     -    0s
     0     0 2390.01218    0   52 2887.33000 2390.01218  17.2%     -    0s
     0     0 2576.50476    0   76 2887.33000 2576.50476  10.8%     -    0s
     0     0 2583.81599    0   87 2887.33000 2583.81599  10.5%     -    0s
     0     0 2587.85846    0   84 2887.33000 2587.85846  10.4%     -    0s
     0     0 2587.85846    0   86 2887.33000 2587.85846  10.4%     -    0s
     0     0 2627.52966    0   97 2887.33000 2627.52966  9.00%     -    0s
     0     0 2648.52861    0   83 2887.33000 2648.52861  8.27%     -    0s
     0     0 2648.99044    0   81 2887.33000 2648.99044  8.25%     -    0s
     0     0 2649.37186    0   88 2887.33000 2649.37186  8.24%     -    0s
     0     0 2649.54035    0   88 2887.33000 2649.54035  8.24%     -    0s
     0     0 2681.37923    0   80 2887.33000 2681.37923  7.13%     -    0s
     0     0 2681.61856    0   79 2887.33000 2681.61856  7.12%     -    0s
     0     0 2699.69377    0   80 2887.33000 2699.69377  6.50%     -    0s
H    0     0                    2825.3500000 2699.69377  4.45%     -    0s
     0     0 2699.77793    0   81 2825.35000 2699.77793  4.44%     -    0s
     0     0 2703.33000    0   12 2825.35000 2703.33000  4.32%     -    0s
     0     0 2703.33000    0   28 2825.35000 2703.33000  4.32%     -    0s
     0     0 2703.33000    0   16 2825.35000 2703.33000  4.32%     -    0s
H    0     0                    2703.3300000 2703.33000  0.00%     -    0s

Cutting planes:
  Gomory: 1
  Cover: 27
  Implied bound: 10
  Clique: 3
  MIR: 11
  Flow cover: 10
  RLT: 21
  Relax-and-lift: 11

Explored 1 nodes (672 simplex iterations) in 0.16 seconds
Thread count was 2 (of 32 available processors)

Solution count 5: 2703.33 2825.35 2887.33 ... 4197.47

Optimal solution found (tolerance 1.00e-04)
Best objective 2.703330000000e+03, best bound 2.703330000000e+03, gap 0.0000%

User-callback calls 246, time in user-callback 0.01 sec
================================================================================
executing instance: ./input/Instances/Original/1/absH3high_1n45.dat
--------------------------------------------------------------------------------
Instance details
n	46
H	3
C	3462
Li:
[0, 0, 0, 0, 0, 0, 0, 0, 0, 0, 0, 0, 0, 0, 0, 0, 0, 0, 0, 0, 0, 0, 0, 0, 0, 0, 0, 0, 0, 0, 0, 0, 0, 0, 0, 0, 0, 0, 0, 0, 0, 0, 0, 0, 0, 0, ]
Ui:
[0, 273, 270, 36, 165, 192, 148, 45, 30, 75, 180, 198, 112, 117, 90, 64, 180, 22, 264, 174, 168, 270, 86, 66, 26, 66, 237, 156, 92, 108, 144, 72, 30, 45, 94, 54, 174, 96, 198, 136, 44, 180, 210, 249, 198, 48, ]
Distance matrix:
|0	281	201	160	249	201	93	431	236	139	252	136	116	166	390	110	349	374	303	180	327	464	236	70	44	461	346	439	363	254	312	426	305	206	71	137	169	200	247	260	20	219	256	253	460	278	|
|281	0	448	170	53	142	338	184	121	290	371	390	222	302	111	289	169	434	230	177	238	441	59	212	319	211	86	235	399	306	53	176	99	202	263	157	361	101	370	201	264	344	364	374	469	184	|
|201	448	0	285	430	325	114	556	361	171	191	64	228	174	546	294	453	306	364	289	388	435	393	254	157	585	491	536	318	254	490	554	436	407	266	292	108	388	186	337	207	181	205	190	408	364	|
|160	170	285	0	169	43	182	280	80	120	208	231	58	132	262	230	190	294	151	24	174	345	112	107	183	309	207	280	268	158	219	276	155	235	187	45	192	150	205	107	140	177	202	210	356	119	|
|249	53	430	169	0	152	317	238	145	282	377	369	212	299	157	242	215	452	261	183	273	474	76	181	290	264	140	287	421	320	63	229	145	148	221	142	352	53	374	226	234	346	370	378	498	215	|
|201	142	325	43	152	0	224	237	37	156	230	273	101	164	224	261	148	300	127	38	147	333	83	142	225	266	167	238	270	168	193	233	112	246	221	70	228	148	228	84	180	202	222	232	351	87	|
|93	338	114	182	317	224	0	460	262	92	180	52	124	112	440	199	364	307	292	191	317	415	284	140	57	490	387	452	304	208	377	457	336	297	163	181	84	274	175	256	95	152	188	180	402	280	|
|431	184	556	280	238	237	460	0	199	385	420	508	337	385	108	464	110	429	219	269	206	378	202	365	460	30	98	84	388	340	204	9	126	386	432	294	453	283	421	226	411	404	408	423	422	198	|
|236	121	361	80	145	37	262	199	0	191	255	310	138	197	191	290	114	312	118	72	133	330	69	175	262	229	132	204	279	186	174	195	75	258	251	102	262	153	254	81	216	230	246	257	353	72	|
|139	290	171	120	282	156	92	385	191	0	116	129	71	27	380	246	283	235	201	119	226	329	231	141	129	414	323	367	224	119	336	383	266	308	202	141	72	252	112	169	127	82	118	117	322	195	|
|252	371	191	208	377	230	180	420	255	116	0	187	178	90	443	361	311	127	204	195	224	246	313	257	232	446	382	380	129	81	423	421	320	422	318	242	100	355	5	195	241	34	15	2	225	224	|
|136	390	64	231	369	273	52	508	310	129	187	0	173	141	491	233	409	313	330	239	355	431	335	191	93	538	438	495	316	233	429	505	385	342	203	233	88	325	182	297	143	167	199	187	412	323	|
|116	222	228	58	212	101	124	337	138	71	178	173	0	91	319	206	244	284	187	69	212	357	165	85	130	367	265	333	264	151	267	333	213	244	161	70	140	181	175	145	97	145	177	180	359	165	|
|166	302	174	132	299	164	112	385	197	27	90	141	91	0	388	273	280	208	191	127	215	305	243	167	153	413	329	361	198	96	351	383	270	333	229	159	68	272	86	163	153	56	92	91	296	190	|
|390	111	546	262	157	224	440	108	191	380	443	491	319	388	0	399	164	480	264	261	261	456	156	320	426	125	62	186	442	369	107	99	125	300	374	260	452	210	443	252	372	420	433	446	494	227	|
|110	289	294	230	242	261	199	464	290	246	361	233	206	273	399	0	402	480	382	254	404	562	262	124	143	493	369	490	466	355	302	457	344	135	45	191	279	189	356	337	120	328	364	362	563	348	|
|349	169	453	190	215	148	364	110	114	283	311	409	244	280	164	402	0	324	110	174	101	292	151	289	372	135	109	90	284	230	212	111	70	354	364	216	348	245	312	118	329	295	298	313	330	90	|
|374	434	306	294	452	300	307	429	312	235	127	313	284	208	480	480	324	0	216	274	223	137	380	368	357	448	419	367	40	136	487	432	358	525	436	336	227	443	132	234	361	156	119	127	102	255	|
|303	230	364	151	261	127	292	219	118	201	204	330	187	191	264	382	110	216	0	128	25	213	185	258	314	243	203	176	178	123	282	221	144	372	338	193	256	270	206	45	283	193	191	206	239	46	|
|180	177	289	24	183	38	191	269	72	119	195	239	69	127	261	254	174	274	128	0	151	321	118	130	198	299	204	263	246	139	228	266	147	258	211	68	191	169	193	83	159	166	188	197	333	98	|
|327	238	388	174	273	147	317	206	133	226	224	355	212	215	261	404	101	223	25	151	0	203	198	281	339	228	202	156	184	143	288	209	146	390	362	215	280	286	226	68	308	215	210	226	235	61	|
|464	441	435	345	474	333	415	378	330	329	246	431	357	305	456	562	292	137	213	321	203	0	398	440	458	390	400	301	117	211	492	384	348	578	517	389	344	480	251	251	448	265	233	246	54	259	|
|236	59	393	112	76	83	284	202	69	231	313	335	165	243	156	262	151	380	185	118	198	398	0	167	270	231	110	233	347	250	110	195	85	203	230	103	303	95	311	150	217	284	305	315	422	139	|
|70	212	254	107	181	142	140	365	175	141	257	191	85	167	320	124	289	368	258	130	281	440	167	0	109	394	277	378	349	236	244	359	239	167	81	73	196	135	253	213	53	223	257	258	444	226	|
|44	319	157	183	290	225	57	460	262	129	232	93	130	153	426	143	372	357	314	198	339	458	270	109	0	490	379	462	351	247	353	456	334	250	110	168	140	243	226	274	56	201	238	232	449	294	|
|461	211	585	309	264	266	490	30	229	414	446	538	367	413	125	493	135	448	243	299	228	390	231	394	490	0	125	89	408	365	226	36	156	412	462	324	481	311	447	253	441	430	433	448	436	225	|
|346	86	491	207	140	167	387	98	132	323	382	438	265	329	62	369	109	419	203	204	202	400	110	277	379	125	0	155	381	307	113	90	63	288	339	211	394	186	382	190	327	359	371	384	436	165	|
|439	235	536	280	287	238	452	84	204	367	380	495	333	361	186	490	90	367	176	263	156	301	233	378	462	89	155	0	326	299	267	92	148	432	454	306	429	325	382	199	419	369	366	382	348	172	|
|363	399	318	268	421	270	304	388	279	224	129	316	264	198	442	466	284	40	178	246	184	117	347	349	351	408	381	326	0	113	452	391	321	502	422	311	229	415	134	199	348	152	118	130	98	219	|
|254	306	254	158	320	168	208	340	186	119	81	233	151	96	369	355	230	136	123	139	143	211	250	236	247	365	307	299	113	0	359	340	244	390	310	200	148	308	83	117	238	74	68	83	208	145	|
|312	53	490	219	63	193	377	204	174	336	423	429	267	351	107	302	212	487	282	228	288	492	110	244	353	226	113	267	452	359	0	195	145	194	283	199	407	115	421	254	296	394	415	425	521	237	|
|426	176	554	276	229	233	457	9	195	383	421	505	333	383	99	457	111	432	221	266	209	384	195	359	456	36	90	92	391	340	195	0	122	378	426	289	451	275	421	226	406	404	408	423	427	197	|
|305	99	436	155	145	112	336	126	75	266	320	385	213	270	125	344	70	358	144	147	146	348	85	239	334	156	63	148	321	244	145	122	0	286	310	168	336	177	320	128	285	298	309	322	381	103	|
|206	202	407	235	148	246	297	386	258	308	422	342	244	333	300	135	354	525	372	258	390	578	203	167	250	412	288	432	502	390	194	378	286	0	144	191	362	109	418	329	202	388	421	423	591	329	|
|71	263	266	187	221	221	163	432	251	202	318	203	161	229	374	45	364	436	338	211	362	517	230	81	110	462	339	454	422	310	283	426	310	144	0	150	239	168	313	294	77	285	321	319	518	306	|
|137	157	292	45	142	70	181	294	102	141	242	233	70	159	260	191	216	336	193	68	215	389	103	73	168	324	211	306	311	200	199	289	168	191	150	0	210	113	239	148	117	210	238	244	400	157	|
|169	361	108	192	352	228	84	453	262	72	100	88	140	68	452	279	348	227	256	191	280	344	303	196	140	481	394	429	229	148	407	451	336	362	239	210	0	318	95	231	164	79	111	100	325	258	|
|200	101	388	150	53	148	274	283	153	252	355	325	181	272	210	189	245	443	270	169	286	480	95	135	243	311	186	325	415	308	115	275	177	109	168	113	318	0	352	230	187	323	351	357	498	225	|
|247	370	186	205	374	228	175	421	254	112	5	182	175	86	443	356	312	132	206	193	226	251	311	253	226	447	382	382	134	83	421	421	320	418	313	239	95	352	0	196	237	30	19	6	230	224	|
|260	201	337	107	226	84	256	226	81	169	195	297	145	163	252	337	118	234	45	83	68	251	150	213	274	253	190	199	199	117	254	226	128	329	294	148	231	230	196	0	240	178	184	198	272	29	|
|20	264	207	140	234	180	95	411	216	127	241	143	97	153	372	120	329	361	283	159	308	448	217	53	56	441	327	419	348	238	296	406	285	202	77	117	164	187	237	240	0	208	245	242	446	257	|
|219	344	181	177	346	202	152	404	230	82	34	167	145	56	420	328	295	156	193	166	215	265	284	223	201	430	359	369	152	74	394	404	298	388	285	210	79	323	30	178	208	0	37	35	250	206	|
|256	364	205	202	370	222	188	408	246	118	15	199	177	92	433	364	298	119	191	188	210	233	305	257	238	433	371	366	118	68	415	408	309	421	321	238	111	351	19	184	245	37	0	17	214	212	|
|253	374	190	210	378	232	180	423	257	117	2	187	180	91	446	362	313	127	206	197	226	246	315	258	232	448	384	382	130	83	425	423	322	423	319	244	100	357	6	198	242	35	17	0	225	226	|
|460	469	408	356	498	351	402	422	353	322	225	412	359	296	494	563	330	102	239	333	235	54	422	444	449	436	436	348	98	208	521	427	381	591	518	400	325	498	230	272	446	250	214	225	0	285	|
|278	184	364	119	215	87	280	198	72	195	224	323	165	190	227	348	90	255	46	98	61	259	139	226	294	225	165	172	219	145	237	197	103	329	306	157	258	225	224	29	257	206	212	226	285	0	|

--------------------------------------------------------------------------------
Building model...
	using lazy and cut (CVRPSEP package)
Solving IRP LP...
--------------------------------------------------------------------------------

Gurobi 9.1.0 (linux64) logging started Sat Feb  6 17:51:57 2021

Gurobi Optimizer version 9.1.0 build v9.1.0rc0 (linux64)
Thread count: 32 physical cores, 32 logical processors, using up to 2 threads
Optimize a model with 1714 rows, 13696 columns and 32245 nonzeros
Model fingerprint: 0x09835150
Variable types: 724 continuous, 12972 integer (552 binary)
Coefficient statistics:
  Matrix range     [1e+00, 9e+02]
  Objective range  [1e-01, 6e+02]
  Bounds range     [1e+00, 3e+02]
  RHS range        [1e+00, 6e+03]
Presolve removed 454 rows and 226 columns
Presolve time: 0.15s
Presolved: 1260 rows, 13470 columns, 29990 nonzeros
Variable types: 452 continuous, 13018 integer (12452 binary)

Root relaxation: objective 1.314057e+04, 1564 iterations, 0.05 seconds

    Nodes    |    Current Node    |     Objective Bounds      |     Work
 Expl Unexpl |  Obj  Depth IntInf | Incumbent    BestBd   Gap | It/Node Time

     0     0 13140.5741    0  122          - 13140.5741      -     -    0s
H    0     0                    20485.120000 13140.5741  35.9%     -    0s
     0     0 13465.6472    0  145 20485.1200 13465.6472  34.3%     -    1s
     0     0 13465.6472    0  145 20485.1200 13465.6472  34.3%     -    6s
     0     0 13844.4968    0  232 20485.1200 13844.4968  32.4%     -    7s
     0     0 13898.4303    0  196 20485.1200 13898.4303  32.2%     -    8s
     0     0 13898.5141    0  198 20485.1200 13898.5141  32.2%     -    8s
     0     0 14135.5811    0  285 20485.1200 14135.5811  31.0%     -    8s
     0     0 14150.9862    0  298 20485.1200 14150.9862  30.9%     -    9s
     0     0 14152.9071    0  284 20485.1200 14152.9071  30.9%     -   10s
     0     0 14152.9071    0  274 20485.1200 14152.9071  30.9%     -   10s
     0     0 14233.5487    0  384 20485.1200 14233.5487  30.5%     -   10s
     0     0 14238.6620    0  353 20485.1200 14238.6620  30.5%     -   10s
     0     0 14240.1118    0  333 20485.1200 14240.1118  30.5%     -   11s
     0     0 14361.6521    0  417 20485.1200 14361.6521  29.9%     -   11s
     0     0 14383.0337    0  443 20485.1200 14383.0337  29.8%     -   11s
     0     0 14393.0125    0  408 20485.1200 14393.0125  29.7%     -   12s
     0     0 14393.2024    0  452 20485.1200 14393.2024  29.7%     -   12s
     0     0 14424.5213    0  409 20485.1200 14424.5213  29.6%     -   12s
     0     0 14428.2975    0  413 20485.1200 14428.2975  29.6%     -   13s
     0     0 14429.6961    0  424 20485.1200 14429.6961  29.6%     -   13s
     0     0 14454.0440    0  414 20485.1200 14454.0440  29.4%     -   13s
     0     0 14457.1086    0  377 20485.1200 14457.1086  29.4%     -   14s
     0     0 14457.3451    0  493 20485.1200 14457.3451  29.4%     -   14s
     0     0 14459.1334    0  355 20485.1200 14459.1334  29.4%     -   14s
     0     0 14459.7114    0  339 20485.1200 14459.7114  29.4%     -   14s
     0     0 14459.8610    0  420 20485.1200 14459.8610  29.4%     -   14s
     0     0 14459.8610    0  374 20485.1200 14459.8610  29.4%     -   15s
     0     2 14469.2306    0  326 20485.1200 14469.2306  29.4%     -   16s
    25    29 14492.9287    7  471 20485.1200 14473.0635  29.3%   480   20s
    64    69 14618.2769   19  391 20485.1200 14473.0635  29.3%   447   25s
   103   106 14789.6729   29  264 20485.1200 14473.0635  29.3%   423   31s
   138   142 14972.3674   44  212 20485.1200 14473.0635  29.3%   400   35s
   191   196 15281.4120   64  159 20485.1200 14473.0635  29.3%   357   40s
H  212   214                    20477.160000 14473.0635  29.3%   335   43s
   213   216 15452.2261   69  132 20477.1600 14473.0635  29.3%   335   45s
   297   313 16222.8914  103   79 20477.1600 14473.0635  29.3%   270   50s
   542   647 18074.2300  224   20 20477.1600 14473.0635  29.3%   175   55s
   904   920 14562.5565    6  485 20477.1600 14473.0635  29.3%   117   61s
   950   923 14830.9007   30  374 20477.1600 14473.0635  29.3%   115   68s
   952   924 17855.6738  242  148 20477.1600 14473.0635  29.3%   115   70s
   955   926 17208.5172  197  495 20477.1600 14473.0635  29.3%   114   75s
   965   933 18003.4000  216  622 20477.1600 14525.1893  29.1%   113   80s
   975   940 16937.3867  143  646 20477.1600 14553.1400  28.9%   112   85s
   977   941 15012.0889   34  686 20477.1600 14554.7824  28.9%   112   94s
   979   942 16919.7923  140  654 20477.1600 14556.4098  28.9%   112   95s
   987   948 15904.7390   93  694 20477.1600 14560.2092  28.9%   111  100s
   993   952 20106.3294  324  714 20477.1600 14561.1088  28.9%   110  105s
   998   955 17626.9622  231  722 20477.1600 14561.2497  28.9%   109  110s
  1003   960 16511.1495  120  310 20477.1600 14561.2497  28.9%   132  117s
  1008   963 19616.1417  297  529 20477.1600 14561.2497  28.9%   131  120s
  1019   971 16911.4291  139  718 20477.1600 14561.2629  28.9%   130  125s
  1023   973 18479.6200  245  708 20477.1600 14561.2630  28.9%   129  130s
  1025   975 14872.5712   36  705 20477.1600 14561.2630  28.9%   129  135s
  1036   987 14591.0834   34  632 20477.1600 14591.0834  28.7%   147  140s
  1052   996 14616.4424   38  533 20477.1600 14605.9626  28.7%   159  146s
  1070  1010 14641.3793   43  478 20477.1600 14605.9626  28.7%   170  150s
  1090  1023 14672.6538   48  472 20477.1600 14605.9626  28.7%   181  155s
  1113  1037 14715.7517   55  392 20477.1600 14605.9626  28.7%   196  160s
  1130  1055 14737.0329   61  373 20477.1600 14605.9626  28.7%   206  165s
  1145  1064 14812.7947   65  303 20477.1600 14605.9626  28.7%   211  170s
  1186  1097 14838.0514   79  336 20477.1600 14605.9626  28.7%   224  176s
  1200  1107 14864.3613   84  337 20477.1600 14605.9626  28.7%   228  180s
  1217  1114 14960.3664   90  263 20477.1600 14605.9626  28.7%   232  185s
  1264  1160 15075.5570  106  275 20477.1600 14605.9626  28.7%   239  190s
  1293  1191 15109.6111  116  222 20477.1600 14605.9626  28.7%   243  197s
  1375  1249 15446.3172  144  201 20477.1600 14605.9626  28.7%   243  201s
  1463  1273 15894.8851  179  155 20477.1600 14605.9626  28.7%   242  207s
  1490  1343 16463.8622  188  103 20477.1600 14605.9626  28.7%   242  211s
  1613  1382 17729.3900  238   34 20477.1600 14606.0270  28.7%   231  216s
* 1647  1337             245    18549.110000 14610.8572  21.2%   230  218s
* 1652  1291             242    18518.110000 14610.8572  21.1%   229  219s
  1668  1311 14795.3612   38  475 18518.1100 14610.8572  21.1%   231  221s
  1713  1353 14820.4265   47  461 18518.1100 14610.8572  21.1%   232  226s
  1782  1399 14879.7514   59  455 18518.1100 14610.8572  21.1%   232  231s
  1871  1425 16167.5966  206  159 18518.1100 14610.8572  21.1%   229  235s
  1943  1523 14968.7336   72  244 18518.1100 14610.8572  21.1%   227  243s
  1997  1567 15136.0738   79  237 18518.1100 14610.8572  21.1%   226  246s
  2059  1652 15228.3587   87  253 18518.1100 14610.8572  21.1%   224  251s
  2165  1728 15292.0780  101  233 18518.1100 14610.8572  21.1%   219  256s
  2276  1780 15370.1032  112  223 18518.1100 14610.8572  21.1%   214  261s
  2391  1766 15483.1143  123  236 18518.1100 14610.8572  21.1%   210  265s
  2446  1818 15659.2470  142  235 18518.1100 14610.8572  21.1%   213  271s
  2488  1861 15748.3135  153  218 18518.1100 14610.8572  21.1%   214  275s
  2607  1964 16200.5489  193  142 18518.1100 14610.8572  21.1%   215  283s
  2688  2032 16451.5321  218  143 18518.1100 14610.8572  21.1%   214  288s
  2783  2123 17416.7544  238   62 18518.1100 14610.8572  21.1%   212  294s
  2849  2101 17606.0545  261   42 18518.1100 14610.8572  21.1%   211  295s
  2905  2145 18107.9578  274   64 18518.1100 14610.8572  21.1%   210  302s
  2968  2156 18355.2624  283  119 18518.1100 14611.0199  21.1%   210  307s
  3046  2164 14753.7939   35  553 18518.1100 14611.0199  21.1%   210  312s
  3080  2190 14802.3636   41  528 18518.1100 14611.0199  21.1%   211  316s
  3117  2222 14854.6883   43  592 18518.1100 14611.0199  21.1%   214  321s
  3162  2254 14822.0869   48  514 18518.1100 14611.0199  21.1%   214  328s
  3209  2303 14898.8000   54  470 18518.1100 14611.0199  21.1%   215  333s
  3273  2376 15045.8661   61  352 18518.1100 14611.0199  21.1%   217  339s
  3368  2380 15143.1125   66  309 18518.1100 14611.0199  21.1%   216  345s
  3403  2548 15144.4079   67  286 18518.1100 14611.0199  21.1%   217  352s
  3565  2494 17513.4307  205   90 18518.1100 14611.0199  21.1%   213  355s
  3585  2622 15248.9894   77  172 18518.1100 14611.0199  21.1%   212  364s
  3676  2597 18277.9901  222   40 18518.1100 14611.0199  21.1%   211  365s
  3747  2630 15600.3934   91  201 18518.1100 14611.0199  21.1%   209  370s
  3780  2666 15729.6741  101  191 18518.1100 14611.0199  21.1%   210  378s
  3816  2749 15847.0364  114  223 18518.1100 14611.0199  21.1%   211  384s
  3842  2749 15908.2644  127  154 18518.1100 14611.0199  21.1%   211  385s
  3899  2816 16280.0851  150  142 18518.1100 14611.0199  21.1%   210  406s
  3966  2993 16317.6392  169  181 18518.1100 14611.0199  21.1%   209  415s
  4191  3094 16718.6891  204  101 18518.1100 14611.0199  21.1%   204  427s
  4291  3310 16983.9871  217  131 18518.1100 14625.1803  21.0%   202  440s
  4599  3345     cutoff  280      18518.1100 14645.1179  20.9%   195  472s
  4612  3364 14770.1853   34  478 18518.1100 14645.1596  20.9%   198  478s
  4631  3384 14808.6684   36  426 18518.1100 14645.1596  20.9%   200  483s
  4651  3399 14906.3045   42  288 18518.1100 14645.1596  20.9%   202  490s
  4666  3425 14942.8096   45  435 18518.1100 14645.1596  20.9%   203  497s
  4692  3445 15067.5099   51  277 18518.1100 14645.1596  20.9%   205  503s
  4712  3484 15089.1724   52  428 18518.1100 14645.1596  20.9%   207  510s
  4751  3532 15164.7309   57  383 18518.1100 14645.1596  20.9%   209  517s
  4799  3605 15190.1326   58  272 18518.1100 14645.1596  20.9%   211  525s
  4872  3786 15221.4067   62  352 18518.1100 14645.1596  20.9%   212  535s
  5053  3844 15332.2056   68  208 18518.1100 14645.1596  20.9%   210  547s
  5137  3895 15386.1090   79  150 18518.1100 14645.1596  20.9%   210  556s
  5195  4053 15751.7401   97  110 18518.1100 14645.1596  20.9%   211  568s
  5323  4059 16541.5491  156   68 18518.1100 14645.1596  20.9%   209  570s
* 5373  3633             217    17720.080000 14645.1596  17.4%   208  570s
* 5377  3630             215    17710.080000 14645.1596  17.3%   208  570s
* 5380  3604             215    17672.080000 14645.1596  17.1%   208  570s
  5384  3623 16128.9671  143   35 17672.0800 14651.1553  17.1%   210  598s
* 5423  3628             217    17664.150000 14651.4068  17.1%   210  598s
  5426  3631     cutoff  180      17664.1500 14652.8598  17.0%   212  607s
  5439  3672     cutoff  182      17664.1500 14653.3693  17.0%   215  615s
  5486  3804 14891.8801   44  375 17664.1500 14653.3693  17.0%   216  629s
  5552  3804 15780.6912  120  163 17664.1500 14653.3693  17.0%   217  630s
  5639  3856 14969.3259   53  321 17664.1500 14653.3693  17.0%   215  641s
  5690  3956 15149.1668   68  169 17664.1500 14653.3693  17.0%   217  652s
  5790  4113 15381.6886   95  155 17664.1500 14653.3693  17.0%   217  664s
  5822  4113 15971.4478  111  158 17664.1500 14653.3693  17.0%   217  665s
  5985  4199 16376.9849  137   71 17664.1500 14664.7614  17.0%   215  678s
  6090  4236 17275.1451  170   66 17664.1500 14667.9483  17.0%   214  689s
  6139  4271     cutoff  177      17664.1500 14667.9770  17.0%   216  699s
  6175  4371 15001.4793   52  330 17664.1500 14667.9770  17.0%   218  710s
  6275  4585 15959.6517  106  148 17664.1500 14673.5529  16.9%   218  725s
  6503  4641 14987.6980   45  310 17664.1500 14673.5529  16.9%   216  738s
  6599  4718 15205.7840   55  199 17664.1500 14673.5529  16.9%   216  751s
  6676  4815 15527.1975   71  152 17664.1500 14673.5529  16.9%   217  765s
  6774  4921 16415.0514   97   71 17664.1500 14673.5529  16.9%   217  812s
  6904  4960     cutoff  136      17664.1500 14680.1324  16.9%   216  823s
  6957  5080 15035.9909   68  327 17664.1500 14680.1324  16.9%   217  835s
  7077  5179 16058.6733  112  189 17664.1500 14682.1508  16.9%   217  855s
  7216  5241 14990.7278   49  304 17664.1500 14682.4139  16.9%   217  872s
  7267  5428 15404.2482   80  398 17664.1500 14688.1021  16.8%   220  893s
  7347  5428 16291.6988  160  133 17664.1500 14688.1021  16.8%   219  895s
  7476  5480     cutoff  244      17664.1500 14689.7689  16.8%   219  913s
  7527  5653 14968.6338   38  658 17664.1500 14689.7689  16.8%   223  936s
  7712  5862 15147.2079   57  459 17664.1500 14689.7689  16.8%   223  960s
  7977  5978 15740.6379  116  234 17664.1500 14690.4507  16.8%   220  982s
  8123  6023     cutoff  212      17664.1500 14693.1309  16.8%   220 1002s
  8167  6150 15318.5655   62  229 17664.1500 14693.1420  16.8%   222 1029s
  8183  6150 15576.9886   78  227 17664.1500 14693.1420  16.8%   222 1030s
  8304  6154 14862.1306   39  496 17664.1500 14693.1420  16.8%   223 1076s
  8308  6249 14879.4551   41  549 17664.1500 14693.1420  16.8%   223 1095s
  8403  6465 15516.8237   72  345 17664.1500 14697.0787  16.8%   226 1120s
  8673  6556 14793.8605   39  613 17664.1500 14697.3139  16.8%   225 1140s
  8766  6689 15358.7902   56  503 17664.1500 14697.3139  16.8%   226 1160s
  8909  6760 17441.4617  138   46 17664.1500 14708.5603  16.7%   226 1190s
  9029  6945 14795.6051   41  505 17664.1500 14709.0519  16.7%   226 1210s
  9203  7147 16369.9631  122  134 17664.1500 14713.9905  16.7%   225 1232s
  9409  7148 15896.2732  132   57 17664.1500 14716.8535  16.7%   225 1235s
  9425  7193     cutoff  172      17664.1500 14716.9218  16.7%   224 1254s
  9488  7261 14832.3738   40  461 17664.1500 14718.2763  16.7%   227 1274s
  9550  7269 15161.1168   63  435 17664.1500 14718.2763  16.7%   229 1275s
  9567  7372 15320.2587   56  298 17664.1500 14718.2763  16.7%   229 1299s
  9599  7372 15559.4247   70  104 17664.1500 14718.2763  16.7%   229 1300s
  9680  7495 16549.6774   98  121 17664.1500 14725.6641  16.6%   230 1322s
  9828  7495 15123.0409   58  381 17664.1500 14725.6641  16.6%   230 1325s
  9847  7618 15205.0400   61  388 17664.1500 14726.5802  16.6%   231 1351s
  9987  7764 17267.7552  142   84 17664.1500 14726.6353  16.6%   233 1374s
 10037  7764 17620.1633  166   10 17664.1500 14726.6353  16.6%   232 1375s
 10147  7912     cutoff  173      17664.1500 14727.9138  16.6%   233 1397s
 10297  8114 16310.7389  121  195 17664.1500 14727.9138  16.6%   234 1422s
 10553  8215 15093.8378   59  473 17664.1500 14728.2728  16.6%   233 1444s
 10572  8215 15431.3791   78  421 17664.1500 14728.2728  16.6%   233 1445s
 10655  8328 16782.2538  123   69 17664.1500 14732.0364  16.6%   234 1464s
 10722  8333 15130.8279   56  345 17664.1500 14732.0364  16.6%   234 1465s
 10818  8458     cutoff  150      17664.1500 14732.4763  16.6%   234 1489s
 10964  8519 15187.6280   66  403 17664.1500 14732.6470  16.6%   234 1508s
 11024  8789 15357.5042   78  284 17664.1500 14734.3467  16.6%   236 1534s
 11040  8789 15484.4623   88  155 17664.1500 14734.3467  16.6%   236 1535s
 11356  9037     cutoff  179      17664.1500 14734.5992  16.6%   235 1563s
 11526  9048 15816.3675  125  137 17664.1500 14734.8044  16.6%   235 1565s
 11658  9140 16707.7619  109  114 17664.1500 14735.0239  16.6%   234 1585s
 11770  9343 15386.0973   70  202 17664.1500 14736.2751  16.6%   234 1610s
 12028  9410 16785.4918  141  122 17664.1500 14738.6835  16.6%   233 1632s
 12108  9496 15033.9779   48  388 17664.1500 14739.0716  16.6%   235 1655s
 12194  9660 15285.7557   72  241 17664.1500 14739.0716  16.6%   237 1683s
 12307  9660 15417.2584  107  179 17664.1500 14739.0716  16.6%   239 1685s
 12394  9827 15502.5253  103   49 17664.1500 14739.0716  16.6%   239 1709s
 12410  9827 15720.7978  111   71 17664.1500 14739.0716  16.6%   239 1710s
 12561  9921 15478.2202  163  107 17664.1500 14740.2134  16.6%   241 1735s
 12701  9923 15092.5328   56  440 17664.1500 14741.6100  16.5%   241 1740s
 12718 10041 15054.3310   75  543 17664.1500 14741.6100  16.5%   241 1765s
 12840 10213 17008.9245  146   57 17664.1500 14741.9994  16.5%   241 1790s
 13053 10275     cutoff  199      17664.1500 14742.5196  16.5%   240 1813s
 13115 10448 15068.1965   69  573 17664.1500 14742.5196  16.5%   242 1836s
 13131 10448 15475.0616   85  403 17664.1500 14742.5196  16.5%   242 1882s
 13300 10452 14943.9063   73  452 17664.1500 14742.5196  16.5%   241 1885s
 13323 10622 16113.0935  120  167 17664.1500 14742.8871  16.5%   241 1905s
 13509 10714 infeasible  178      17664.1500 14745.4951  16.5%   241 1929s
 13615 10952 15320.5158   59  367 17664.1500 14746.2391  16.5%   242 1952s
 13879 11138 17132.2521  129  125 17664.1500 14746.5514  16.5%   241 1979s
 13933 11138 15275.9887   63  327 17664.1500 14746.5514  16.5%   241 1980s
 14088 11240 15523.5689   86  258 17664.1500 14746.8240  16.5%   240 2005s
 14218 11374 15003.6009   50  365 17664.1500 14746.8484  16.5%   241 2028s
 14349 11374 15672.4367   95  160 17664.1500 14746.8484  16.5%   243 2030s
 14352 11717 15342.0748   75   57 17664.1500 14747.0502  16.5%   243 2057s
 14768 11838 17477.7000  167    - 17664.1500 14747.3631  16.5%   241 2082s
 14881 12007 17656.7000  167    - 17664.1500 14748.0088  16.5%   242 2107s
 15079 12072     cutoff  167      17664.1500 14752.1920  16.5%   241 2132s
 15112 12074 15481.9500   54  328 17664.1500 14752.1920  16.5%   242 2142s
 15153 12335 15473.9977   53  325 17664.1500 14755.1821  16.5%   243 2172s
 15456 12439     cutoff  132      17664.1500 14755.3098  16.5%   242 2196s
 15585 12586 15185.1065   63  405 17664.1500 14755.4404  16.5%   243 2222s
 15751 12727 15039.7344   44  425 17664.1500 14755.4404  16.5%   243 2246s
 15913 12938 15719.7110   77  362 17664.1500 14758.8645  16.4%   243 2273s
 16026 12949 15186.8413   71  200 17664.1500 14759.0026  16.4%   243 2275s
 16189 13050 17624.7800  155    - 17664.1500 14759.0026  16.4%   242 2297s
 16237 13056 16843.1800  156    5 17664.1500 14759.6632  16.4%   243 2301s
 16309 13141     cutoff  156      17664.1500 14760.5449  16.4%   243 2322s
 16410 13347 15820.3312   89  267 17664.1500 14760.7031  16.4%   243 2346s
 16674 13407 15264.3914   71  436 17664.1500 14761.7298  16.4%   242 2503s
 16719 13407 16298.3764  116  221 17664.1500 14761.7298  16.4%   242 2505s
 16735 13485 16317.0691  118  198 17664.1500 14762.0136  16.4%   243 2527s
 16835 13618 14980.5469   41  565 17664.1500 14762.0136  16.4%   244 2552s
 16989 13727 15237.4371   46  386 17664.1500 14762.0136  16.4%   244 2577s
 17101 13859 15274.7244   50  441 17664.1500 14762.0136  16.4%   245 2601s
 17249 14013 15519.3064   78  237 17664.1500 14762.0136  16.4%   245 2627s
 17427 14310 15728.8257   97  244 17664.1500 14762.0136  16.4%   246 2658s
 17571 14310 17468.5815  159   69 17664.1500 14762.0136  16.4%   246 2660s
 17753 14488 17043.6298  165  123 17664.1500 14768.0394  16.4%   245 2685s
 18011 14658     cutoff  208      17664.1500 14768.3465  16.4%   243 2713s
 18117 14658 16977.5700  154  190 17664.1500 14768.3822  16.4%   243 2715s
 18182 14681 15517.6746   63  256 17664.1500 14768.3822  16.4%   243 2750s
 18205 14917 15718.3207   69  193 17664.1500 14768.9030  16.4%   244 2776s
 18473 15066 15054.4256   63  530 17664.1500 14768.9030  16.4%   243 2804s
 18550 15066 15734.2733   98   47 17664.1500 14768.9030  16.4%   244 2805s
 18646 15199 15232.8038   77  447 17664.1500 14768.9030  16.4%   244 2829s
 18698 15199 17587.0220  175   30 17664.1500 14768.9030  16.4%   244 2830s
 18809 15305 15415.6149   90  378 17664.1500 14768.9030  16.4%   244 2854s
 18841 15305 15594.5168  105  188 17664.1500 14768.9030  16.4%   245 2855s
 18934 15455 15624.2846  109  254 17664.1500 14770.2034  16.4%   245 2882s
 19078 15470 16141.3139  177   24 17664.1500 14770.2034  16.4%   245 2885s
 19177 15562 17071.8500  192    6 17664.1500 14770.3907  16.4%   245 2908s
 19287 15722     cutoff  193      17664.1500 14770.5129  16.4%   246 2934s
 19364 15722 16412.2431  121  224 17664.1500 14770.8000  16.4%   246 2935s
 19488 15955 15746.0120   93  264 17664.1500 14770.8197  16.4%   245 2966s
 19727 15960 17248.0550  173   33 17664.1500 14771.0261  16.4%   244 2970s
 19746 15992     cutoff  182      17664.1500 14771.5251  16.4%   245 2992s
 19793 16131 15517.7438   74  356 17664.1500 14771.6328  16.4%   246 3017s
 19891 16133 17481.5900  170    9 17664.1500 14771.6328  16.4%   245 3021s
 19955 16238     cutoff  187      17664.1500 14771.9117  16.4%   246 3049s
 20081 16308 15101.2376   72  480 17664.1500 14771.9350  16.4%   247 3075s
 20167 16445 15756.7659  111  261 17664.1500 14772.6511  16.4%   247 3102s
 20317 16456 17613.9400  178   17 17664.1500 14774.0300  16.4%   247 3105s
 20346 16545 infeasible  192      17664.1500 14774.0751  16.4%   247 3129s
 20362 16545 15266.8709   53  329 17664.1500 14774.0751  16.4%   247 3130s
 20440 16661 15966.1720   84  242 17664.1500 14774.3816  16.4%   248 3156s
 20580 16854     cutoff  161      17664.1500 14774.7780  16.4%   248 3184s
 20622 16854 15611.4569   86  214 17664.1500 14774.7780  16.4%   249 3185s
 20811 17019     cutoff  158      17664.1500 14775.7185  16.4%   248 3214s
 21006 17189 15493.3682   93  332 17664.1500 14776.1936  16.3%   247 3244s
 21074 17189 16381.5946  161  126 17664.1500 14776.1936  16.3%   247 3245s
 21187 17456 15040.6385   50  334 17664.1500 14776.3219  16.3%   247 3277s
 21359 17461 16073.9750  115    5 17664.1500 14776.5004  16.3%   246 3280s
 21557 17545 infeasible  161      17664.1500 14776.7835  16.3%   245 3306s
 21625 17834 15291.2649   53  195 17664.1500 14776.9923  16.3%   246 3337s
 21843 17834 16391.9169  102   87 17664.1500 14776.9923  16.3%   246 3340s
 21913 17950 16973.5782  100  116 17664.1500 14777.0259  16.3%   246 3367s
 22079 17961 15216.0444   50  220 17664.1500 14777.4275  16.3%   246 3408s
 22090 18174 15221.4044   51  174 17664.1500 14777.4275  16.3%   247 3435s
 22353 18386 15456.7990   83  101 17664.1500 14778.1143  16.3%   247 3466s
 22605 18485 16883.5432  135   93 17664.1500 14778.8304  16.3%   246 3495s
 22710 18608 infeasible  148      17664.1500 14779.0898  16.3%   247 3525s
 22848 18755 16068.4530   85  227 17664.1500 14779.2821  16.3%   247 3553s
 22956 18768 16254.6845   87   69 17664.1500 14779.2821  16.3%   247 3555s
 23052 18937     cutoff  144      17664.1500 14781.5573  16.3%   247 3581s
 23250 19037 16060.8665   99   98 17664.1500 14781.7531  16.3%   246 3600s

Cutting planes:
  User: 7137
  Gomory: 21
  Cover: 505
  Implied bound: 155
  Projected implied bound: 8
  Clique: 21
  MIR: 92
  Flow cover: 308
  Zero half: 11
  RLT: 325
  Relax-and-lift: 8
  Lazy constraints: 4925

Explored 23371 nodes (5767085 simplex iterations) in 3601.24 seconds
Thread count was 2 (of 32 available processors)

Solution count 8: 17664.2 17672.1 17710.1 ... 20485.1

Time limit reached
Best objective 1.766415000000e+04, best bound 1.478199899207e+04, gap 16.3164%

User-callback calls 428558, time in user-callback 226.63 sec
================================================================================
executing instance: ./input/Instances/Original/1/absH3high_2n45.dat
--------------------------------------------------------------------------------
Instance details
n	46
H	3
C	3171
Li:
[0, 0, 0, 0, 0, 0, 0, 0, 0, 0, 0, 0, 0, 0, 0, 0, 0, 0, 0, 0, 0, 0, 0, 0, 0, 0, 0, 0, 0, 0, 0, 0, 0, 0, 0, 0, 0, 0, 0, 0, 0, 0, 0, 0, 0, 0, ]
Ui:
[0, 246, 160, 78, 20, 87, 144, 40, 20, 82, 60, 96, 24, 136, 160, 108, 160, 26, 228, 51, 24, 240, 231, 70, 32, 105, 174, 114, 246, 126, 132, 76, 22, 42, 255, 132, 148, 162, 66, 111, 102, 240, 123, 201, 297, 78, ]
Distance matrix:
|0	148	402	550	329	420	187	318	366	280	504	273	233	333	112	344	379	481	113	593	159	523	261	424	90	359	163	461	413	240	105	299	265	89	371	462	339	273	495	22	41	439	369	506	563	468	|
|148	0	284	517	394	284	136	369	244	311	496	166	329	355	223	202	338	388	204	565	254	506	118	346	71	423	173	471	336	118	105	352	198	105	248	428	302	305	487	153	179	441	230	497	517	370	|
|402	284	0	350	448	80	228	406	42	343	382	129	456	350	412	126	219	131	382	395	410	371	180	137	314	466	289	400	137	167	389	401	169	316	39	280	217	342	373	394	414	362	108	380	324	106	|
|550	517	350	0	339	429	385	308	374	295	93	375	431	249	481	461	180	239	458	48	445	57	474	214	496	333	387	160	216	424	601	321	320	471	376	90	217	301	93	530	534	146	452	88	52	262	|
|329	394	448	339	0	513	282	42	438	105	255	363	115	108	221	484	259	431	217	365	172	289	436	362	333	30	224	189	353	380	423	47	291	296	443	285	240	107	251	307	294	193	495	260	378	437	|
|420	284	80	429	513	0	267	473	76	408	462	163	509	421	449	86	298	201	421	474	455	451	167	217	330	533	333	478	217	181	386	466	225	341	70	360	291	406	453	416	438	440	59	460	400	176	|
|187	136	228	385	282	267	0	249	199	186	360	104	248	224	184	214	207	294	155	432	189	371	155	237	113	308	68	336	227	101	216	236	78	98	205	296	168	181	350	174	190	305	231	360	390	283	|
