




arguments: ./build/bc_mirp -f ./input/orig_exec_101.cfg
Current dir: /scratch/gui/bc_mirp
File verbosity level: 9
date       time         ( uptime  ) [ thread name/id ]                   file:line     v| 
2021-02-07 10:49:47.991 (   0.173s) [main thread     ]             loguru.cpp:789   INFO| Logging to './output/vi_vc+hc2/OU/V2/Original/execution_07_02_2021_10_49_47.log', mode: 'a', verbosity: 9
--------------------------------------------------------------------------------
Parameters
                           instance_path           ./input/Instances/Original/3/
                            model_policy                                       1
                             nb_vehicles                                       2
                              output_dir      ./output/vi_vc+hc2/OU/V2/Original/
                            sec_strategy                                       1
                       solver_nb_threads                                       2
                         solver_show_log                                    true
                       solver_time_limit                                    3600
                              use_vi_cos                                   false
                              use_vi_cus                                   false
                         use_vi_hc1_full                                   false
                         use_vi_hc1_half                                   false
                      use_vi_hc1_quarter                                   false
                              use_vi_hc2                                    true
                              use_vi_hc3                                   false
                         use_vi_lex_full                                   false
                         use_vi_lex_half                                   false
                      use_vi_lex_quarter                                   false
                              use_vi_qua                                   false
                               use_vi_vc                                    true
                               use_vi_vr                                   false
--------------------------------------------------------------------------------
executing instance: ./input/Instances/Original/3/absH3low_2n5.dat
--------------------------------------------------------------------------------
Instance details
n	6
H	3
C	237
Li:
[0, 0, 0, 0, 0, 0, ]
Ui:
[0, 93, 180, 51, 114, 24, ]
Distance matrix:
|0	170	318	35	112	235	|
|170	0	311	205	258	301	|
|318	311	0	326	278	137	|
|35	205	326	0	89	230	|
|112	258	278	89	0	160	|
|235	301	137	230	160	0	|

--------------------------------------------------------------------------------
Building model...
	using lazy and cut (CVRPSEP package)
Solving IRP LP...
--------------------------------------------------------------------------------

Gurobi 9.1.0 (linux64) logging started Sun Feb  7 10:49:48 2021

Gurobi Optimizer version 9.1.0 build v9.1.0rc0 (linux64)
Thread count: 32 physical cores, 32 logical processors, using up to 2 threads
Optimize a model with 162 rows, 180 columns and 663 nonzeros
Model fingerprint: 0x833972a1
Variable types: 54 continuous, 126 integer (36 binary)
Coefficient statistics:
  Matrix range     [1e+00, 2e+02]
  Objective range  [1e-02, 3e+02]
  Bounds range     [1e+00, 2e+02]
  RHS range        [1e+00, 5e+02]
Presolve removed 50 rows and 22 columns
Presolve time: 0.01s
Presolved: 112 rows, 158 columns, 533 nonzeros
Variable types: 32 continuous, 126 integer (96 binary)
Found heuristic solution: objective 2931.5400000
Found heuristic solution: objective 1828.8300000

Root relaxation: objective 5.780448e+02, 106 iterations, 0.00 seconds

    Nodes    |    Current Node    |     Objective Bounds      |     Work
 Expl Unexpl |  Obj  Depth IntInf | Incumbent    BestBd   Gap | It/Node Time

     0     0  578.04476    0   14 1828.83000  578.04476  68.4%     -    0s
     0     0  714.82163    0   17 1828.83000  714.82163  60.9%     -    0s
H    0     0                    1641.7300000  714.82163  56.5%     -    0s
     0     0 1006.80216    0   25 1641.73000 1006.80216  38.7%     -    0s
     0     0 1080.96827    0   28 1641.73000 1080.96827  34.2%     -    0s
     0     0 1084.64863    0   30 1641.73000 1084.64863  33.9%     -    0s
     0     0 1315.04918    0   40 1641.73000 1315.04918  19.9%     -    0s
     0     0 1381.14784    0   30 1641.73000 1381.14784  15.9%     -    0s
     0     0 1381.63083    0   30 1641.73000 1381.63083  15.8%     -    0s
     0     0 1403.07000    0   30 1641.73000 1403.07000  14.5%     -    0s
H    0     0                    1437.9000000 1403.07000  2.42%     -    0s
     0     0 1408.90306    0   24 1437.90000 1408.90306  2.02%     -    0s
     0     0 1410.65799    0   31 1437.90000 1410.65799  1.89%     -    0s
     0     0 1410.66052    0   34 1437.90000 1410.66052  1.89%     -    0s
     0     0 1411.18662    0   32 1437.90000 1411.18662  1.86%     -    0s
     0     0 1411.18662    0    2 1437.90000 1411.18662  1.86%     -    0s
     0     0     cutoff    0      1437.90000 1437.90000  0.00%     -    0s

Cutting planes:
  Gomory: 1
  Cover: 2
  Implied bound: 1
  Clique: 1
  Flow cover: 1
  RLT: 1

Explored 1 nodes (446 simplex iterations) in 0.09 seconds
Thread count was 2 (of 32 available processors)

Solution count 4: 1437.9 1641.73 1828.83 2931.54 

Optimal solution found (tolerance 1.00e-04)
Best objective 1.437900000000e+03, best bound 1.437900000000e+03, gap 0.0000%

User-callback calls 185, time in user-callback 0.00 sec
================================================================================
executing instance: ./input/Instances/Original/3/absH3high_5n30.dat
--------------------------------------------------------------------------------
Instance details
n	31
H	3
C	2296
Li:
[0, 0, 0, 0, 0, 0, 0, 0, 0, 0, 0, 0, 0, 0, 0, 0, 0, 0, 0, 0, 0, 0, 0, 0, 0, 0, 0, 0, 0, 0, 0, ]
Ui:
[0, 80, 90, 297, 28, 264, 123, 192, 112, 32, 72, 88, 294, 129, 126, 105, 110, 237, 246, 92, 72, 147, 54, 96, 128, 96, 84, 28, 74, 196, 192, ]
Distance matrix:
|0	87	302	65	389	171	219	120	412	339	129	63	169	401	383	158	393	161	246	275	64	287	345	235	13	274	106	201	85	358	135	|
|87	0	334	128	402	212	301	204	465	384	187	145	232	424	454	238	475	245	289	352	80	307	352	321	81	352	20	261	170	376	215	|
|302	334	0	239	113	132	237	334	157	70	404	263	162	105	227	229	339	251	65	217	259	53	107	352	293	220	339	134	270	75	235	|
|65	128	239	0	330	107	175	130	348	275	174	40	107	339	326	114	351	125	181	224	58	228	290	222	58	224	143	138	65	297	92	|
|389	402	113	330	0	226	349	438	210	151	502	360	269	48	316	339	441	362	175	328	335	102	55	465	377	330	401	245	371	37	342	|
|171	212	132	107	226	0	169	214	253	173	276	134	64	233	261	130	326	153	77	188	133	125	192	264	162	190	220	68	145	193	125	|
|219	301	237	175	349	169	0	157	257	223	244	157	105	334	180	62	175	61	177	63	233	264	334	118	221	61	317	112	136	312	85	|
|120	204	334	130	438	214	157	0	402	348	88	90	173	438	336	115	307	100	269	220	172	338	406	122	130	218	224	204	69	403	101	|
|412	465	157	348	210	253	257	402	0	88	486	359	245	166	129	287	266	303	178	204	386	208	239	370	406	207	473	212	354	187	304	|
|339	384	70	275	151	173	223	348	88	0	427	291	179	120	166	234	290	254	96	187	306	123	166	342	332	190	391	145	291	119	247	|
|129	187	404	174	502	276	244	88	486	427	0	142	248	508	424	200	390	187	342	308	193	400	464	192	142	306	207	281	136	469	182	|
|63	145	263	40	360	134	157	90	359	291	142	0	114	366	321	95	331	99	202	212	90	258	323	186	65	211	163	148	27	327	72	|
|169	232	162	107	269	64	105	173	245	179	248	114	0	266	222	71	268	94	97	131	155	173	244	203	164	132	245	34	113	233	73	|
|401	424	105	339	48	233	334	438	166	120	508	366	266	0	280	332	409	355	169	305	353	117	96	452	391	308	425	237	374	49	339	|
|383	454	227	326	316	261	180	336	129	166	424	321	222	280	0	231	137	238	208	116	376	277	331	272	381	118	467	197	307	285	253	|
|158	238	229	114	339	130	62	115	287	234	200	95	71	332	231	0	238	23	164	118	171	243	314	134	159	117	255	95	77	302	23	|
|393	475	339	351	441	326	175	307	266	290	390	331	268	409	137	238	0	232	300	138	408	383	445	204	395	136	492	258	308	406	260	|
|161	245	251	125	362	153	61	100	303	254	187	99	94	355	238	23	232	0	187	123	183	267	338	111	164	121	262	117	77	325	34	|
|246	289	65	181	175	77	177	269	178	96	342	202	97	169	208	164	300	187	0	168	210	87	157	290	238	171	296	70	206	138	170	|
|275	352	217	224	328	188	63	220	204	187	308	212	131	305	116	118	138	123	168	0	279	255	322	166	275	3	367	120	195	291	141	|
|64	80	259	58	335	133	233	172	386	306	193	90	155	353	376	171	408	183	210	279	0	236	289	276	51	279	90	182	117	307	150	|
|287	307	53	228	102	125	264	338	208	123	400	258	173	117	277	243	383	267	87	255	236	0	71	374	276	257	308	153	270	71	245	|
|345	352	107	290	55	192	334	406	239	166	464	323	244	96	331	314	445	338	157	322	289	71	0	445	334	325	350	224	337	54	315	|
|235	321	352	222	465	264	118	122	370	342	192	186	203	452	272	134	204	111	290	166	276	374	445	0	243	164	341	221	159	428	142	|
|13	81	293	58	377	162	221	130	406	332	142	65	164	391	381	159	395	164	238	275	51	276	334	243	0	274	100	196	89	347	136	|
|274	352	220	224	330	190	61	218	207	190	306	211	132	308	118	117	136	121	171	3	279	257	325	164	274	0	367	122	194	294	140	|
|106	20	339	143	401	220	317	224	473	391	207	163	245	425	467	255	492	262	296	367	90	308	350	341	100	367	0	272	188	377	232	|
|201	261	134	138	245	68	112	204	212	145	281	148	34	237	197	95	258	117	70	120	182	153	224	221	196	122	272	0	146	208	103	|
|85	170	270	65	371	145	136	69	354	291	136	27	113	374	307	77	308	77	206	195	117	270	337	159	89	194	188	146	0	337	54	|
|358	376	75	297	37	193	312	403	187	119	469	327	233	49	285	302	406	325	138	291	307	71	54	428	347	294	377	208	337	0	306	|
|135	215	235	92	342	125	85	101	304	247	182	72	73	339	253	23	260	34	170	141	150	245	315	142	136	140	232	103	54	306	0	|

--------------------------------------------------------------------------------
Building model...
	using lazy and cut (CVRPSEP package)
Solving IRP LP...
--------------------------------------------------------------------------------

Gurobi 9.1.0 (linux64) logging started Sun Feb  7 10:49:48 2021

Gurobi Optimizer version 9.1.0 build v9.1.0rc0 (linux64)
Thread count: 32 physical cores, 32 logical processors, using up to 2 threads
Optimize a model with 862 rows, 3280 columns and 9463 nonzeros
Model fingerprint: 0x1c0da1ee
Variable types: 304 continuous, 2976 integer (186 binary)
Coefficient statistics:
  Matrix range     [1e+00, 1e+03]
  Objective range  [1e-01, 5e+02]
  Bounds range     [1e+00, 3e+02]
  RHS range        [1e+00, 4e+03]
Presolve removed 245 rows and 122 columns
Presolve time: 0.08s
Presolved: 617 rows, 3158 columns, 8713 nonzeros
Variable types: 182 continuous, 2976 integer (2796 binary)

Root relaxation: objective 8.848952e+03, 431 iterations, 0.01 seconds

    Nodes    |    Current Node    |     Objective Bounds      |     Work
 Expl Unexpl |  Obj  Depth IntInf | Incumbent    BestBd   Gap | It/Node Time

     0     0 8848.95233    0   80          - 8848.95233      -     -    0s
     0     0 9227.36393    0  100          - 9227.36393      -     -    0s
     0     0 9232.79700    0  102          - 9232.79700      -     -    0s
     0     0 9645.03055    0  118          - 9645.03055      -     -    0s
     0     0 9705.31975    0  139          - 9705.31975      -     -    0s
     0     0 9706.62967    0  146          - 9706.62967      -     -    0s
     0     0 9714.35770    0  154          - 9714.35770      -     -    0s
     0     0 9715.42324    0  147          - 9715.42324      -     -    0s
     0     0 9715.42324    0  155          - 9715.42324      -     -    0s
     0     0 9794.80841    0  113          - 9794.80841      -     -    0s
     0     0 9831.59961    0  150          - 9831.59961      -     -    0s
     0     0 9838.90260    0  186          - 9838.90260      -     -    0s
     0     0 9841.47895    0  212          - 9841.47895      -     -    0s
     0     0 9854.30906    0  209          - 9854.30906      -     -    0s
     0     0 9863.09349    0  197          - 9863.09349      -     -    0s
     0     0 9866.33360    0  197          - 9866.33360      -     -    0s
     0     0 9866.41597    0  183          - 9866.41597      -     -    0s
     0     0 9882.17447    0  166          - 9882.17447      -     -    0s
     0     0 9887.62267    0  223          - 9887.62267      -     -    0s
     0     0 9891.29535    0  240          - 9891.29535      -     -    0s
     0     0 9894.56908    0  251          - 9894.56908      -     -    0s
     0     0 9898.15126    0  264          - 9898.15126      -     -    0s
     0     0 9901.14551    0  242          - 9901.14551      -     -    0s
     0     0 9901.17667    0  264          - 9901.17667      -     -    1s
     0     0 9902.04347    0  233          - 9902.04347      -     -    1s
     0     0 9902.22598    0  233          - 9902.22598      -     -    1s
     0     0 9902.96460    0  230          - 9902.96460      -     -    1s
     0     0 9902.96460    0  223          - 9902.96460      -     -    1s
     0     2 9903.10944    0  222          - 9903.10944      -     -    1s
   491   455 10117.4128   14  211          - 9917.72778      -  59.3    5s
   759   700 10361.7231   35  248          - 9988.31657      -  65.4   10s
H  780   677                    12232.639971 10006.4908  18.2%  63.7   12s
H  780   643                    11490.460000 10006.4908  12.9%  63.7   13s
   796   653 10575.2595   60  300 11490.4600 10022.8057  12.8%  62.4   15s
H  799   621                    11356.340000 10022.8865  11.7%  62.1   16s
H  806   596                    11302.019999 10022.8865  11.3%  70.9   17s
   823   607 10414.4219   45  273 11302.0200 10023.3503  11.3%  69.5   20s
H  823   576                    11297.120000 10023.3547  11.3%  69.5   20s
   850   598 10100.3995   29  147 11297.1200 10046.5106  11.1%  76.9   25s
   974   684 10244.9919   60   90 11297.1200 10046.5106  11.1%  90.1   30s
  1126   798 10486.4967  100   97 11297.1200 10046.5106  11.1%  98.5   35s
  1358   899 10740.4621  141  136 11297.1200 10046.5106  11.1%  96.5   40s
  1582  1048 10095.4554   31  284 11297.1200 10060.0470  11.0%  94.3   45s
  1713  1083 10393.0454   50  108 11297.1200 10060.0470  11.0%  94.2   50s
  1917  1309 10749.1336  125   22 11297.1200 10060.0470  11.0%  90.1   57s
  2090  1380 11145.4105  165   30 11297.1200 10060.0470  11.0%  85.0   60s
  2298  1526 10372.7276   42  121 11297.1200 10082.6563  10.8%  82.4   65s
  2734  1777 11081.4144  248   10 11297.1200 10082.6563  10.8%  72.7   71s
  2888  1958 10219.5253   42  167 11297.1200 10085.5999  10.7%  71.5   76s
  3016  2057 10410.9872   63   72 11297.1200 10085.5999  10.7%  70.7   80s
  3371  2322 10175.5728   33  146 11297.1200 10092.6827  10.7%  66.9   86s
  3438  2428 10895.2434   50  102 11297.1200 10095.5745  10.6%  69.9   92s
  3579  2566 10477.1601   52   35 11297.1200 10100.4081  10.6%  70.5   96s
  3845  2808 10723.6407   80   71 11297.1200 10104.8801  10.6%  68.8  101s
  4080  3011     cutoff  154      11297.1200 10105.6909  10.5%  67.8  106s
  4326  3170 11184.0149   87   43 11297.1200 10112.2809  10.5%  67.3  112s
  4405  3265     cutoff   89      11297.1200 10114.2734  10.5%  67.6  115s
  4684  3573 11111.2993  123   16 11297.1200 10124.9867  10.4%  66.7  122s
  4912  3648 10420.0842   75   49 11297.1200 10127.3012  10.4%  65.0  125s
  5101  3840 10761.2936   53   99 11297.1200 10130.0908  10.3%  64.6  131s
  5250  3871 infeasible  114      11297.1200 10130.4725  10.3%  65.0  135s
  5448  4115 10880.2750   67   76 11297.1200 10130.4725  10.3%  65.0  142s
  5550  4182 11174.2589   98   82 11297.1200 10131.2431  10.3%  65.3  145s
  5735  4397 10506.2493   36  127 11297.1200 10134.6885  10.3%  66.4  153s
  5893  4481 10665.7252   61   73 11297.1200 10134.6885  10.3%  66.4  157s
  5993  4627 10909.4923   82   24 11297.1200 10136.0433  10.3%  66.2  161s
  6166  4695 10507.3710   53   94 11297.1200 10137.3883  10.3%  66.2  165s
  6400  4889 10284.4899   37  241 11297.1200 10139.1904  10.2%  66.8  173s
  6508  4957 10626.7897   45  198 11297.1200 10139.1904  10.2%  67.1  177s
  6572  5115 10879.5351   54   83 11297.1200 10139.1904  10.2%  68.2  181s
  6776  5156     cutoff   77      11297.1200 10144.4619  10.2%  67.8  185s
H 6778  5151                    11285.120000 10144.4619  10.1%  67.8  185s
  6861  5291 11253.1000   64   31 11285.1200 10144.8600  10.1%  69.3  190s
  7167  5586     cutoff   97      11285.1200 10152.6261  10.0%  69.6  198s
  7342  5674 10807.7209   76   85 11285.1200 10153.3544  10.0%  69.3  203s
  7438  5765 10814.1570   51  133 11285.1200 10155.2086  10.0%  69.8  208s
  7551  5848 10348.6286   34  278 11285.1200 10155.2086  10.0%  70.3  212s
  7657  5941     cutoff   68      11285.1200 10156.7505  10.0%  70.6  217s
  7781  6099 10803.6432   69   50 11285.1200 10157.3260  10.0%  71.1  222s
  7973  6329 10387.9614   36   64 11285.1200 10161.0745  10.0%  71.0  227s
  8236  6399 11129.5700   70   10 11285.1200 10163.0305  9.94%  70.2  232s
  8327  6543 10965.8955   59   49 11285.1200 10163.4211  9.94%  70.9  238s
  8522  6721 11227.0732   84   50 11285.1200 10166.7175  9.91%  70.9  244s
  8748  6900 10675.9894   57   71 11285.1200 10174.7004  9.84%  70.6  249s
  8969  7138 10427.6955   43  181 11285.1200 10176.3117  9.83%  70.3  254s
  9091  7138 10892.2286  149    7 11285.1200 10176.3117  9.83%  70.0  255s
  9399  7363 10739.6703   55   72 11285.1200 10178.4371  9.81%  69.8  265s
  9685  7643 10367.8353   39   72 11285.1200 10180.7659  9.79%  69.8  275s
  9913  7801 10701.1655   78   23 11285.1200 10181.5039  9.78%  69.6  280s
 10166  7990 10923.1400   68   24 11285.1200 10186.4267  9.74%  70.0  289s
 10328  8086 10967.9900   51    - 11285.1200 10188.8184  9.71%  70.1  294s
 10446  8234 10579.9202   50  119 11285.1200 10189.0453  9.71%  70.3  300s
 10639  8306     cutoff   98      11285.1200 10189.9684  9.70%  70.3  305s
 10708  8472 10490.1330   56   43 11285.1200 10192.7382  9.68%  70.7  310s
 10890  8570 10940.8200  105   24 11285.1200 10193.4218  9.67%  70.7  316s
 11011  8699 infeasible  109      11285.1200 10195.1959  9.66%  71.0  321s
 11174  8839 10559.0983   42   50 11285.1200 10196.1306  9.65%  71.0  327s
 11334  8948 10923.4580   65    8 11285.1200 10197.1568  9.64%  71.0  332s
 11484  9050     cutoff   80      11285.1200 10197.9200  9.63%  71.0  337s
 11597  9215 11087.6077   74   94 11285.1200 10198.7858  9.63%  71.3  343s
 11807  9404 10500.1061   47   31 11285.1200 10200.9569  9.61%  71.1  349s
 12047  9528     cutoff   96      11285.1200 10201.9111  9.60%  70.6  354s
 12219  9623 11207.8600   88   12 11285.1200 10202.5904  9.59%  70.6  359s
 12280  9626 11144.6873  107   17 11285.1200 10202.5904  9.59%  70.6  360s
 12344  9743     cutoff   89      11285.1200 10203.1894  9.59%  70.6  365s
 12524  9935 10948.9513   83   14 11285.1200 10205.1833  9.57%  70.3  370s
 12763 10029 10753.8202   97   27 11285.1200 10206.7381  9.56%  69.9  377s
 12876 10213 infeasible  127      11285.1200 10208.0164  9.54%  69.9  383s
 13111 10270 10842.5500  104    - 11285.1200 10208.4741  9.54%  69.7  388s
 13169 10384 11036.2893   44  142 11285.1200 10209.7414  9.53%  70.2  394s
 13341 10515 10517.2588   54    4 11285.1200 10210.2524  9.52%  70.2  399s
 13392 10517 10969.7016   69   86 11285.1200 10210.2524  9.52%  70.3  400s
 13505 10587     cutoff   80      11285.1200 10212.0238  9.51%  70.3  405s
 13578 10664 10893.4823   71   70 11285.1200 10212.5247  9.50%  70.9  410s
*13693  5345              77    10750.350000 10212.5247  5.00%  71.0  411s
 13699  5370     cutoff   95      10750.3500 10212.9587  5.00%  71.0  417s
H13731  3457                    10606.870000 10213.2611  3.71%  71.2  417s
 13763  3466 10545.2553   50  152 10606.8700 10213.2666  3.71%  71.2  422s
 13853  3534 10604.0329   46  130 10606.8700 10214.0440  3.70%  71.5  427s
 13954  3628 10599.8654   50   81 10606.8700 10214.7190  3.70%  71.7  433s
 14096  3656     cutoff   96      10606.8700 10215.5746  3.69%  71.8  438s
 14174  3683 10396.7784   34  171 10606.8700 10216.3383  3.68%  72.2  444s
 14239  3731 10412.4138   34   57 10606.8700 10218.6832  3.66%  72.5  449s
 14341  3800 10574.0347   46   93 10606.8700 10219.4843  3.65%  72.9  454s
 14458  3854 10409.4907   42  180 10606.8700 10221.3646  3.63%  73.1  459s
 14564  3918 10586.4835   36  153 10606.8700 10224.3644  3.61%  73.4  464s
 14667  3972 10455.6692   48   89 10606.8700 10225.3291  3.60%  73.7  469s
 14781  4052     cutoff   56      10606.8700 10226.0440  3.59%  74.0  474s
 14908  4087 10378.1007   35  267 10606.8700 10227.1319  3.58%  74.3  479s
 14983  4138 10604.6373   45   71 10606.8700 10227.6348  3.58%  74.7  485s
 15083  4216     cutoff   46      10606.8700 10227.9652  3.57%  75.0  490s
 15199  4264     cutoff   72      10606.8700 10228.9156  3.56%  75.3  496s
 15285  4331     cutoff   58      10606.8700 10229.8927  3.55%  75.5  505s
 15413  4371     cutoff   52      10606.8700 10231.9289  3.53%  75.8  510s
 15504  4463 10538.6658   63  133 10606.8700 10232.4219  3.53%  76.2  516s
 15637  4499 10269.0427   37  218 10606.8700 10233.2013  3.52%  76.4  521s
 15717  4572 10502.0927   41  137 10606.8700 10233.3885  3.52%  76.7  527s
 15836  4618 10453.3206   40  260 10606.8700 10234.1563  3.51%  77.0  533s
 15925  4683 10574.8207   73   74 10606.8700 10234.5223  3.51%  77.3  539s
 16038  4770 10275.6703   38  158 10606.8700 10236.0271  3.50%  77.5  545s
 16165  4846 10507.0769   38  104 10606.8700 10236.5508  3.49%  77.6  551s
 16315  4893 10388.9452   37  140 10606.8700 10237.8122  3.48%  77.8  557s
 16412  4962 10337.6140   31  232 10606.8700 10239.0890  3.47%  78.0  562s
 16515  4996 10579.1850   89   36 10606.8700 10239.6316  3.46%  78.3  568s
 16602  5045 10407.3159   39  252 10606.8700 10241.4376  3.45%  78.6  573s
 16699  5073 10415.0597   40  138 10606.8700 10241.9712  3.44%  79.0  579s
 16773  5100 10525.8055   47  194 10606.8700 10242.6864  3.43%  79.3  585s
 16850  5198 10467.6451   36  127 10606.8700 10245.3971  3.41%  79.7  591s
 17014  5289     cutoff   43      10606.8700 10246.0198  3.40%  79.7  598s
 17170  5327     cutoff   58      10606.8700 10247.6686  3.39%  79.7  604s
 17262  5419 10502.8513   41  112 10606.8700 10249.2626  3.37%  80.1  610s
 17419  5489 10598.2980   57   17 10606.8700 10250.4567  3.36%  80.2  616s
 17553  5570 10464.8164   45   59 10606.8700 10251.1404  3.35%  80.5  623s
 17742  5617     cutoff   65      10606.8700 10251.6331  3.35%  80.5  629s
 17827  5670 10578.1942   49   32 10606.8700 10252.6197  3.34%  80.9  635s
 17926  5724 10466.3775   40  109 10606.8700 10253.3400  3.33%  81.2  642s
 18030  5830 10544.5903   43  127 10606.8700 10253.5027  3.33%  81.4  649s
 18196  5882 10599.4200   66    - 10606.8700 10254.9241  3.32%  81.5  656s
 18288  5921 10542.4939   35  138 10606.8700 10255.6372  3.31%  81.8  666s
 18382  6006     cutoff   42      10606.8700 10256.3698  3.30%  82.1  673s
 18543  6055 10503.3450   40  100 10606.8700 10257.3935  3.29%  82.2  679s
 18642  6130     cutoff   46      10606.8700 10257.8087  3.29%  82.4  686s
 18782  6207 10414.4344   45  154 10606.8700 10259.1912  3.28%  82.5  692s
 18899  6250 10503.1216   51   70 10606.8700 10260.5220  3.27%  82.8  699s
 18965  6250     cutoff   40      10606.8700 10261.2968  3.26%  82.8  700s
 19009  6313 10596.6295   53  107 10606.8700 10261.3364  3.26%  83.0  706s
 19146  6345 10591.4698   55  158 10606.8700 10261.8179  3.25%  83.1  712s
 19261  6386 10471.8574   54   70 10606.8700 10262.6570  3.25%  83.5  719s
 19374  6418     cutoff   49      10606.8700 10264.0961  3.23%  83.7  725s
 19455  6454 10604.4844   40   57 10606.8700 10265.2073  3.22%  84.1  731s
 19580  6512 10583.6627   51   26 10606.8700 10266.5894  3.21%  84.3  738s
 19713  6577     cutoff   58      10606.8700 10267.8824  3.20%  84.4  744s
 19857  6636 10360.8305   44   89 10606.8700 10268.6115  3.19%  84.6  751s
 20005  6700 10435.4724   50  118 10606.8700 10269.5914  3.18%  84.7  758s
 20121  6748 10404.4442   41  270 10606.8700 10270.4782  3.17%  84.9  765s
 20251  6792 10528.9232   37  178 10606.8700 10270.8667  3.17%  85.1  773s
 20378  6888 10472.6333   43   94 10606.8700 10271.4693  3.16%  85.4  780s
 20518  6928 10560.5224   52  201 10606.8700 10272.6352  3.15%  85.6  786s
 20593  6987     cutoff   58      10606.8700 10272.9437  3.15%  86.0  793s
 20728  7059 10433.6625   50   73 10606.8700 10274.7197  3.13%  86.2  799s
 20893  7145 10492.2056   37  232 10606.8700 10275.5381  3.12%  86.3  806s
 21045  7187     cutoff   60      10606.8700 10276.0252  3.12%  86.4  813s
 21158  7233 10562.0136   53  165 10606.8700 10276.7635  3.11%  86.7  822s
 21244  7281 10453.4977   45   75 10606.8700 10277.5344  3.10%  86.9  828s
 21377  7328 10464.6727   52   79 10606.8700 10278.1854  3.10%  87.0  835s
 21526  7425 10292.8934   36   89 10606.8700 10278.7842  3.09%  87.2  843s
 21688  7483     cutoff   79      10606.8700 10279.5345  3.09%  87.2  850s
 21793  7545 10571.9477   44  150 10606.8700 10280.3512  3.08%  87.5  857s
 21923  7625 10547.0145   47   23 10606.8700 10281.3557  3.07%  87.7  864s
 22084  7678 10386.3630   38  175 10606.8700 10282.9905  3.05%  87.8  871s
 22183  7782 10448.1036   42  115 10606.8700 10283.8356  3.05%  88.0  879s
 22294  7782 10543.6971   62    4 10606.8700 10283.8356  3.05%  87.9  880s
 22378  7913     cutoff   65      10606.8700 10284.5312  3.04%  88.0  887s
 22579  7966 10370.3628   44  141 10606.8700 10285.2365  3.03%  87.9  894s
 22687  8059 10555.5958   59   15 10606.8700 10285.9878  3.03%  88.1  902s
 22829  8140     cutoff   52      10606.8700 10286.3863  3.02%  88.3  910s
 22969  8206 10594.0100   71    - 10606.8700 10286.6604  3.02%  88.4  917s
 23083  8305     cutoff   71      10606.8700 10287.1212  3.01%  88.6  924s
 23186  8307 10509.6521   47   28 10606.8700 10287.1212  3.01%  88.5  925s
 23278  8350     cutoff   53      10606.8700 10288.1347  3.00%  88.6  931s
 23386  8417     cutoff   52      10606.8700 10289.3813  2.99%  88.8  939s
 23537  8480     cutoff   43      10606.8700 10290.5811  2.98%  88.9  945s
 23669  8499     cutoff   63      10606.8700 10291.0870  2.98%  89.0  954s
 23693  8499 10448.6175   44  216 10606.8700 10291.2474  2.98%  89.1  955s
 23724  8527     cutoff   57      10606.8700 10291.2943  2.98%  89.1  961s
 23820  8562     cutoff   55      10606.8700 10291.7463  2.97%  89.4  969s
 23948  8607 10572.8591   47  126 10606.8700 10292.6897  2.96%  89.6  976s
 24088  8658 10437.0151   50  166 10606.8700 10293.7686  2.95%  89.8  983s
 24210  8697 10535.8909   39  123 10606.8700 10294.7980  2.94%  90.0  990s
 24345  8750 10450.5420   46  168 10606.8700 10295.6576  2.93%  90.1  997s
 24478  8833 10475.3215   45  192 10606.8700 10296.3323  2.93%  90.3 1004s
 24566  8834 10308.1069   39   59 10606.8700 10296.3323  2.93%  90.3 1005s
 24634  8905     cutoff   64      10606.8700 10297.3174  2.92%  90.4 1011s
 24783  8956 10537.4225   49  160 10606.8700 10298.4287  2.91%  90.5 1019s
 24918  9018 10388.9297   48  187 10606.8700 10299.6796  2.90%  90.6 1026s
 25040  9079 10559.6001   46   54 10606.8700 10300.8679  2.88%  90.8 1034s
 25168  9121     cutoff   57      10606.8700 10301.4606  2.88%  90.9 1042s
 25322  9191 10552.2272   53   35 10606.8700 10301.7390  2.88%  91.1 1049s
 25466  9277     cutoff   65      10606.8700 10302.4214  2.87%  91.2 1056s
 25625  9332 10587.1550   42  235 10606.8700 10303.1463  2.86%  91.3 1064s
 25733  9381 10571.3437   42   86 10606.8700 10304.1845  2.85%  91.5 1071s
 25860  9461 10547.7956   43  184 10606.8700 10304.8431  2.85%  91.7 1078s
 26025  9517 10396.5960   41   54 10606.8700 10305.4359  2.84%  91.7 1086s
 26172  9542     cutoff   46      10606.8700 10305.9354  2.84%  91.9 1093s
 26253  9589 10558.0462   45  177 10606.8700 10306.6374  2.83%  92.2 1104s
 26303  9589 10547.9815   67   57 10606.8700 10306.8965  2.83%  92.2 1105s
 26344  9641 10460.1735   56  130 10606.8700 10306.9690  2.83%  92.2 1114s
 26434  9692 10583.9216   62  102 10606.8700 10307.2867  2.82%  92.2 1121s
 26593  9768 10571.8724   35   91 10606.8700 10308.4200  2.81%  92.3 1129s
 26761  9815 10518.8170   63  162 10606.8700 10309.2233  2.81%  92.4 1137s
 26860  9864     cutoff   54      10606.8700 10309.6877  2.80%  92.6 1145s
 26998 10008     cutoff   61      10606.8700 10310.2089  2.80%  92.8 1154s
 27047 10009 10509.4120   74   31 10606.8700 10310.2089  2.80%  92.8 1155s
 27210 10044     cutoff   89      10606.8700 10311.0793  2.79%  92.8 1163s
 27308 10142 10402.6495   48   20 10606.8700 10312.1996  2.78%  93.0 1170s
 27477 10190     cutoff   73      10606.8700 10312.9948  2.77%  93.0 1178s
 27584 10285     cutoff   51      10606.8700 10313.3124  2.77%  93.3 1187s
 27767 10348 10542.9480   51   27 10606.8700 10313.8519  2.76%  93.3 1196s
 27924 10439 10370.0204   39  202 10606.8700 10314.7424  2.75%  93.3 1204s
 28077 10486 10525.1091   60  124 10606.8700 10315.1706  2.75%  93.4 1211s
 28207 10551 10429.1250   40  214 10606.8700 10316.1948  2.74%  93.6 1219s
 28347 10629 10512.6946   47   74 10606.8700 10316.5810  2.74%  93.7 1227s
 28519 10709 10479.1698   30  192 10606.8700 10317.2432  2.73%  93.8 1235s
 28691 10784 10360.2921   41  276 10606.8700 10317.6816  2.73%  93.8 1244s
 28863 10844 10496.6222   40  197 10606.8700 10318.5245  2.72%  93.9 1252s
 29003 10906     cutoff   67      10606.8700 10318.9627  2.71%  94.0 1261s
 29182 10968     cutoff   70      10606.8700 10319.4099  2.71%  94.0 1269s
 29299 11004     cutoff   59      10606.8700 10319.7575  2.71%  94.2 1277s
 29447 11102 10517.0822   47   91 10606.8700 10320.3060  2.70%  94.3 1286s
 29636 11169     cutoff   51      10606.8700 10320.7793  2.70%  94.3 1295s
 29813 11238 10541.2501   51  107 10606.8700 10321.6186  2.69%  94.3 1303s
 29965 11322     cutoff   63      10606.8700 10322.0808  2.68%  94.4 1311s
 30160 11352 10569.5075   48   88 10606.8700 10323.2850  2.67%  94.3 1319s
 30281 11400 10459.1347   46  152 10606.8700 10324.1072  2.67%  94.5 1328s
 30425 11471 10566.9980   56   85 10606.8700 10324.6698  2.66%  94.6 1335s
 30557 11530 10547.1215   63   47 10606.8700 10325.5378  2.65%  94.7 1344s
 30692 11575 10525.3269   59   15 10606.8700 10326.1255  2.65%  94.8 1352s
 30806 11632 10486.9836   55   70 10606.8700 10326.8148  2.64%  95.0 1360s
 30952 11736 10540.8764   45  109 10606.8700 10327.7585  2.63%  95.1 1369s
 31160 11799     cutoff   65      10606.8700 10328.5122  2.62%  95.1 1377s
 31296 11863     cutoff   31      10606.8700 10329.0325  2.62%  95.2 1386s
 31450 11933     cutoff   54      10606.8700 10329.6871  2.61%  95.3 1394s
 31614 12006     cutoff   60      10606.8700 10330.0326  2.61%  95.3 1403s
 31796 12083     cutoff   59      10606.8700 10330.7852  2.60%  95.3 1411s
 31974 12172 10447.1450   39   58 10606.8700 10331.4949  2.60%  95.3 1420s
 32152 12269     cutoff   75      10606.8700 10331.6975  2.59%  95.4 1428s
 32336 12319 10566.8325   56   79 10606.8700 10332.6811  2.59%  95.4 1437s
 32485 12399 10500.8206   45   92 10606.8700 10333.3558  2.58%  95.4 1445s
 32667 12473 10481.6281   45  123 10606.8700 10333.9538  2.57%  95.5 1454s
 32852 12527     cutoff   53      10606.8700 10334.0523  2.57%  95.4 1462s
 32996 12559 10508.1595   44  198 10606.8700 10334.8605  2.56%  95.5 1470s
 33097 12630     cutoff   53      10606.8700 10335.1032  2.56%  95.7 1479s
 33290 12686     cutoff   54      10606.8700 10335.7758  2.56%  95.7 1488s
 33398 12718 10591.8304   59   94 10606.8700 10335.9406  2.55%  95.8 1496s
 33569 12780     cutoff   57      10606.8700 10336.2234  2.55%  95.9 1505s
 33692 12850     cutoff   54      10606.8700 10337.0778  2.54%  95.9 1513s
 33844 12908 10427.3921   44  144 10606.8700 10337.5509  2.54%  96.0 1522s
 33974 12993 10546.5899   68  156 10606.8700 10337.9882  2.53%  96.1 1530s
 34140 13052     cutoff   56      10606.8700 10338.5813  2.53%  96.1 1539s
 34194 13052     cutoff   77      10606.8700 10339.3934  2.52%  96.2 1540s
 34281 13103 10539.0498   40   94 10606.8700 10339.5235  2.52%  96.2 1549s
 34398 13187 10568.2418   57   26 10606.8700 10339.7802  2.52%  96.3 1557s
 34595 13258 10561.5151   74   46 10606.8700 10340.0368  2.52%  96.3 1566s
 34774 13335     cutoff   59      10606.8700 10340.6552  2.51%  96.3 1575s
 34929 13402 10494.3186   60   86 10606.8700 10341.4209  2.50%  96.3 1583s
 35108 13477 10424.8548   45  122 10606.8700 10342.2279  2.50%  96.3 1592s
 35248 13543     cutoff   73      10606.8700 10342.5151  2.49%  96.4 1602s
 35407 13590     cutoff   52      10606.8700 10342.9063  2.49%  96.4 1610s
 35560 13645 10453.8223   39   99 10606.8700 10343.5920  2.48%  96.5 1619s
 35701 13724 infeasible   60      10606.8700 10344.2837  2.48%  96.6 1627s
 35847 13799 10573.7404   48   58 10606.8700 10344.7382  2.47%  96.6 1645s
 36055 13847     cutoff   51      10606.8700 10345.3990  2.47%  96.5 1653s
 36185 13906 10534.4042   46  261 10606.8700 10345.9455  2.46%  96.6 1662s
 36330 13980     cutoff   60      10606.8700 10347.0054  2.45%  96.7 1671s
 36469 14013 10519.7030   47  119 10606.8700 10347.3485  2.45%  96.7 1680s
 36588 14102 10578.3822   53  204 10606.8700 10347.6609  2.44%  96.9 1690s
 36775 14179     cutoff   61      10606.8700 10348.1376  2.44%  96.8 1699s
 36850 14184 10600.0567   51   41 10606.8700 10348.1376  2.44%  96.8 1700s
 36949 14248 10573.9059   47   26 10606.8700 10348.6148  2.43%  96.8 1710s
 37103 14302 10575.4451   47   20 10606.8700 10349.3336  2.43%  96.8 1719s
 37160 14307 10600.8855   59   19 10606.8700 10349.3336  2.43%  96.7 1720s
 37331 14389     cutoff   54      10606.8700 10349.8509  2.42%  96.6 1729s
 37505 14439 10524.9147   37  230 10606.8700 10350.2916  2.42%  96.6 1738s
 37642 14477 10570.2127   53   19 10606.8700 10350.3313  2.42%  96.7 1747s
 37770 14563 10492.6813   38   30 10606.8700 10350.6215  2.42%  96.8 1756s
 37944 14603     cutoff   65      10606.8700 10351.2545  2.41%  96.8 1765s
 38067 14644 10527.3481   45   99 10606.8700 10351.6453  2.41%  96.9 1774s
 38190 14710 10395.6284   43  150 10606.8700 10352.3371  2.40%  97.0 1787s
 38360 14761 10516.2420   53   12 10606.8700 10352.7386  2.40%  97.0 1797s
 38469 14788 10516.3401   53  163 10606.8700 10353.1159  2.39%  97.1 1806s
 38558 14885 10465.6652   37  258 10606.8700 10353.3804  2.39%  97.2 1815s
 38726 14957 10520.3937   57  136 10606.8700 10353.8800  2.39%  97.2 1828s
 38862 15027     cutoff   57      10606.8700 10354.2209  2.38%  97.3 1838s
 39023 15105     cutoff   51      10606.8700 10354.7562  2.38%  97.2 1848s
 39172 15169     cutoff   49      10606.8700 10355.1657  2.37%  97.3 1858s
 39317 15239 10538.3297   59  113 10606.8700 10355.5312  2.37%  97.3 1868s
 39470 15277 10565.7419   56   76 10606.8700 10355.9571  2.37%  97.4 1877s
 39616 15359     cutoff   57      10606.8700 10356.4055  2.36%  97.4 1886s
 39775 15422 10517.9223   53  187 10606.8700 10356.7904  2.36%  97.5 1896s
 39929 15465 10549.9987   43  165 10606.8700 10357.0133  2.36%  97.5 1907s
 40055 15497     cutoff   58      10606.8700 10357.7613  2.35%  97.5 1916s
 40162 15539 10474.0044   45  219 10606.8700 10358.0804  2.35%  97.6 1926s
 40300 15580 10506.1940   47   61 10606.8700 10358.7075  2.34%  97.7 1936s
 40426 15625 10423.1013   39  190 10606.8700 10359.0820  2.34%  97.8 1945s
 40570 15675     cutoff   59      10606.8700 10359.4387  2.33%  97.8 1955s
 40735 15732     cutoff   55      10606.8700 10359.8760  2.33%  97.8 1965s
 40897 15809 infeasible   61      10606.8700 10360.2496  2.33%  97.8 1974s
 41097 15850 infeasible   62      10606.8700 10360.7708  2.32%  97.7 1984s
 41159 15850 10571.5526   55   61 10606.8700 10360.9355  2.32%  97.8 1986s
 41220 15908 10594.0431   74   54 10606.8700 10360.9746  2.32%  97.8 1995s
 41350 15940     cutoff   39      10606.8700 10361.1759  2.32%  97.8 2005s
 41495 15993 10510.8983   54  153 10606.8700 10361.4756  2.31%  97.9 2014s
 41631 16032 10601.8886   47  138 10606.8700 10361.9549  2.31%  97.9 2023s
 41752 16065     cutoff   52      10606.8700 10362.0236  2.31%  98.0 2032s
 41871 16126     cutoff   59      10606.8700 10362.3158  2.31%  98.1 2041s
 42010 16158 10597.6235   41   57 10606.8700 10362.9582  2.30%  98.1 2051s
 42151 16209     cutoff   47      10606.8700 10363.0542  2.30%  98.2 2060s
 42273 16267 infeasible   61      10606.8700 10363.6096  2.29%  98.3 2069s
 42455 16328 10435.6918   42   74 10606.8700 10364.0683  2.29%  98.2 2079s
 42576 16375 10459.2990   49  178 10606.8700 10364.4147  2.29%  98.3 2089s
 42683 16439 10594.9848   55   73 10606.8700 10364.8223  2.28%  98.4 2098s
 42833 16486     cutoff   57      10606.8700 10365.4232  2.28%  98.4 2109s
 42978 16537 10601.1410   54   13 10606.8700 10365.7529  2.27%  98.4 2118s
 43141 16599 10559.8800   48   10 10606.8700 10366.1596  2.27%  98.4 2129s
 43345 16650 10550.5000   57   12 10606.8700 10366.3274  2.27%  98.4 2139s
 43489 16677     cutoff   59      10606.8700 10366.7365  2.26%  98.4 2149s
 43607 16708 10569.6883   50   16 10606.8700 10366.9215  2.26%  98.4 2158s
 43728 16762 10542.0003   59   28 10606.8700 10367.3634  2.26%  98.5 2168s
 43848 16785     cutoff   50      10606.8700 10367.5673  2.26%  98.5 2178s
 44028 16803 10591.5315   62   14 10606.8700 10368.0118  2.25%  98.5 2188s
 44134 16841     cutoff   51      10606.8700 10368.2867  2.25%  98.6 2198s
 44262 16878 10589.1512   51  103 10606.8700 10368.5597  2.25%  98.6 2208s
 44428 16954     cutoff   67      10606.8700 10368.9020  2.24%  98.6 2218s
 44570 16999 10510.1255   50   62 10606.8700 10369.2426  2.24%  98.6 2227s
 44690 17049     cutoff   63      10606.8700 10369.4760  2.24%  98.7 2237s
 44805 17098 10542.3963   47   44 10606.8700 10369.8491  2.23%  98.8 2246s
 44951 17152 10503.2014   67  177 10606.8700 10370.2906  2.23%  98.8 2257s
 45080 17209 10511.9536   45  223 10606.8700 10370.5082  2.23%  98.8 2267s
 45234 17269     cutoff   51      10606.8700 10370.8619  2.23%  98.8 2279s
 45372 17325 infeasible   67      10606.8700 10371.0266  2.22%  98.8 2289s
 45522 17354     cutoff   65      10606.8700 10371.2725  2.22%  98.8 2299s
 45632 17402 10543.8628   47   57 10606.8700 10371.5508  2.22%  98.9 2308s
 45787 17445 10458.9609   38  162 10606.8700 10372.0681  2.21%  98.9 2318s
 45898 17464 10554.8518   40   97 10606.8700 10372.1961  2.21%  99.0 2327s
 45993 17492 10459.2632   38  128 10606.8700 10372.5579  2.21%  99.1 2336s
 46091 17527 10584.2541   45  124 10606.8700 10372.9231  2.21%  99.2 2346s
 46218 17580 10580.4632   40   89 10606.8700 10373.5835  2.20%  99.2 2356s
 46348 17604     cutoff   55      10606.8700 10373.7558  2.20%  99.3 2367s
 46438 17624 10596.5425   50   37 10606.8700 10373.8702  2.20%  99.4 2377s
 46556 17656 10582.9623   42  116 10606.8700 10374.0056  2.20%  99.5 2387s
 46695 17705 10576.5316   51  106 10606.8700 10374.5094  2.19%   100 2396s
 46855 17740 10571.9080   56   57 10606.8700 10374.8228  2.19%  99.5 2406s
 46939 17775     cutoff   50      10606.8700 10375.0656  2.19%   100 2416s
 47080 17829     cutoff   47      10606.8700 10375.5016  2.18%   100 2426s
 47233 17885 10565.7455   48   78 10606.8700 10375.6759  2.18%   100 2438s
 47386 17944 10560.9518   55   44 10606.8700 10376.0746  2.18%   100 2447s
 47532 17964     cutoff   59      10606.8700 10376.1985  2.17%   100 2459s
 47656 18017 10503.4742   42  127 10606.8700 10376.4488  2.17%   100 2470s
 47800 18050     cutoff   58      10606.8700 10376.9032  2.17%   100 2481s
 47913 18104 10462.1524   40  121 10606.8700 10377.1391  2.17%   100 2491s
 48088 18152     cutoff   53      10606.8700 10377.4444  2.16%   100 2502s
 48233 18188     cutoff   55      10606.8700 10377.8197  2.16%   100 2512s
 48382 18266 10600.1741   48   77 10606.8700 10378.3857  2.15%   100 2524s
 48577 18305     cutoff   53      10606.8700 10378.7247  2.15%   100 2535s
 48700 18374     cutoff   81      10606.8700 10379.2182  2.15%   100 2545s
 48884 18392 10557.4598   55   85 10606.8700 10379.3886  2.14%   100 2558s
