




arguments: ./build/bc_mirp -f ./input/orig_exec_5.cfg
Current dir: /scratch/gui/bc_mirp
File verbosity level: 9
date       time         ( uptime  ) [ thread name/id ]                   file:line     v| 
2021-02-06 09:14:26.067 (   0.050s) [main thread     ]             loguru.cpp:789   INFO| Logging to './output/vi_vc+hc2/OU/V2/Original/execution_06_02_2021_09_14_26.log', mode: 'a', verbosity: 9
--------------------------------------------------------------------------------
Parameters
                           instance_path           ./input/Instances/Original/1/
                            model_policy                                       1
                             nb_vehicles                                       2
                              output_dir      ./output/vi_vc+hc2/OU/V2/Original/
                            sec_strategy                                       1
                       solver_nb_threads                                       2
                         solver_show_log                                    true
                       solver_time_limit                                    3600
                              use_vi_cos                                   false
                              use_vi_cus                                   false
                         use_vi_hc1_full                                   false
                         use_vi_hc1_half                                   false
                      use_vi_hc1_quarter                                   false
                              use_vi_hc2                                    true
                              use_vi_hc3                                   false
                         use_vi_lex_full                                   false
                         use_vi_lex_half                                   false
                      use_vi_lex_quarter                                   false
                              use_vi_qua                                   false
                               use_vi_vc                                    true
                               use_vi_vr                                   false
--------------------------------------------------------------------------------
executing instance: ./input/Instances/Original/1/absH3high_1n5.dat
--------------------------------------------------------------------------------
Instance details
n	6
H	3
C	289
Li:
[0, 0, 0, 0, 0, 0, ]
Ui:
[0, 195, 105, 116, 72, 22, ]
Distance matrix:
|0	85	349	17	203	289	|
|85	0	265	102	214	226	|
|349	265	0	366	368	238	|
|17	102	366	0	207	302	|
|203	214	368	207	0	431	|
|289	226	238	302	431	0	|

--------------------------------------------------------------------------------
Building model...
	using lazy and cut (CVRPSEP package)
Solving IRP LP...
--------------------------------------------------------------------------------

Gurobi 9.1.0 (linux64) logging started Sat Feb  6 09:14:26 2021

Gurobi Optimizer version 9.1.0 build v9.1.0rc0 (linux64)
Thread count: 32 physical cores, 32 logical processors, using up to 2 threads
Optimize a model with 162 rows, 180 columns and 663 nonzeros
Model fingerprint: 0x736aeab4
Variable types: 54 continuous, 126 integer (36 binary)
Coefficient statistics:
  Matrix range     [1e+00, 2e+02]
  Objective range  [2e-01, 4e+02]
  Bounds range     [1e+00, 2e+02]
  RHS range        [1e+00, 5e+02]
Presolve removed 50 rows and 22 columns
Presolve time: 0.01s
Presolved: 112 rows, 158 columns, 534 nonzeros
Variable types: 32 continuous, 126 integer (96 binary)
Found heuristic solution: objective 3515.0200000
Found heuristic solution: objective 2882.7800000

Root relaxation: objective 1.636437e+03, 98 iterations, 0.00 seconds

    Nodes    |    Current Node    |     Objective Bounds      |     Work
 Expl Unexpl |  Obj  Depth IntInf | Incumbent    BestBd   Gap | It/Node Time

     0     0 1636.43659    0   17 2882.78000 1636.43659  43.2%     -    0s
     0     0 1762.23948    0   19 2882.78000 1762.23948  38.9%     -    0s
H    0     0                    2843.0400000 1762.23948  38.0%     -    0s
     0     0 2034.99435    0   25 2843.04000 2034.99435  28.4%     -    0s
H    0     0                    2473.3500000 2034.99435  17.7%     -    0s
     0     0 2034.99435    0   31 2473.35000 2034.99435  17.7%     -    0s
     0     0 2175.72624    0   39 2473.35000 2175.72624  12.0%     -    0s
     0     0 2176.18221    0   50 2473.35000 2176.18221  12.0%     -    0s
     0     0 2182.26219    0   46 2473.35000 2182.26219  11.8%     -    0s
     0     0 2182.37372    0   46 2473.35000 2182.37372  11.8%     -    0s
     0     0 2183.47553    0   43 2473.35000 2183.47553  11.7%     -    0s
     0     0 2183.60557    0   43 2473.35000 2183.60557  11.7%     -    0s
     0     0 2186.25985    0   30 2473.35000 2186.25985  11.6%     -    0s
H    0     0                    2302.3500000 2186.25985  5.04%     -    0s
     0     0 2186.25985    0   34 2302.35000 2186.25985  5.04%     -    0s
     0     0 2187.59281    0   34 2302.35000 2187.59281  4.98%     -    0s
     0     0 2187.59281    0   32 2302.35000 2187.59281  4.98%     -    0s
H    0     0                    2266.6100000 2187.59281  3.49%     -    0s
     0     0 2216.17256    0   12 2266.61000 2216.17256  2.23%     -    0s
     0     0 2216.17256    0   26 2266.61000 2216.17256  2.23%     -    0s
     0     0 2216.17256    0   34 2266.61000 2216.17256  2.23%     -    0s
     0     0 2216.17256    0   25 2266.61000 2216.17256  2.23%     -    0s
     0     0 2216.17256    0   28 2266.61000 2216.17256  2.23%     -    0s
     0     0 2216.17256    0   31 2266.61000 2216.17256  2.23%     -    0s
     0     0 2216.17256    0   32 2266.61000 2216.17256  2.23%     -    0s
     0     0 2216.17256    0   32 2266.61000 2216.17256  2.23%     -    0s
     0     0 2216.17256    0   35 2266.61000 2216.17256  2.23%     -    0s
     0     0 2216.17256    0   31 2266.61000 2216.17256  2.23%     -    0s
     0     0 2216.17256    0   34 2266.61000 2216.17256  2.23%     -    0s
     0     0 2216.17256    0   28 2266.61000 2216.17256  2.23%     -    0s
     0     0 2216.17256    0   28 2266.61000 2216.17256  2.23%     -    0s
     0     0 2216.17256    0   28 2266.61000 2216.17256  2.23%     -    0s
     0     0 2239.69691    0   15 2266.61000 2239.69691  1.19%     -    0s
     0     0 2239.69691    0   28 2266.61000 2239.69691  1.19%     -    0s
     0     0 2239.69691    0   27 2266.61000 2239.69691  1.19%     -    0s
     0     0 2239.69691    0   27 2266.61000 2239.69691  1.19%     -    0s
     0     0 2239.69691    0   43 2266.61000 2239.69691  1.19%     -    0s
     0     0 2239.69691    0   32 2266.61000 2239.69691  1.19%     -    0s
     0     0 2239.69691    0   32 2266.61000 2239.69691  1.19%     -    0s
     0     0 2239.69691    0   43 2266.61000 2239.69691  1.19%     -    0s
     0     0 2239.69691    0   43 2266.61000 2239.69691  1.19%     -    0s
     0     0 2239.69691    0   28 2266.61000 2239.69691  1.19%     -    0s
     0     0 2239.69691    0   41 2266.61000 2239.69691  1.19%     -    0s
     0     0 2239.69691    0   28 2266.61000 2239.69691  1.19%     -    0s
     0     0 2239.69691    0   25 2266.61000 2239.69691  1.19%     -    0s
     0     0 2239.69691    0   27 2266.61000 2239.69691  1.19%     -    0s
     0     0 2239.69691    0   26 2266.61000 2239.69691  1.19%     -    0s
     0     0 2239.69691    0    2 2266.61000 2239.69691  1.19%     -    0s
     0     0     cutoff    0      2266.61000 2266.61000  0.00%     -    0s

Cutting planes:
  Gomory: 3
  Cover: 2
  Implied bound: 1
  MIR: 1
  Flow cover: 3
  Zero half: 1
  RLT: 1

Explored 1 nodes (902 simplex iterations) in 0.27 seconds
Thread count was 2 (of 32 available processors)

Solution count 6: 2266.61 2302.35 2473.35 ... 3515.02

Optimal solution found (tolerance 1.00e-04)
Best objective 2.266610000000e+03, best bound 2.266610000000e+03, gap 0.0000%

User-callback calls 396, time in user-callback 0.01 sec
================================================================================
executing instance: ./input/Instances/Original/1/absH3high_1n45.dat
--------------------------------------------------------------------------------
Instance details
n	46
H	3
C	3462
Li:
[0, 0, 0, 0, 0, 0, 0, 0, 0, 0, 0, 0, 0, 0, 0, 0, 0, 0, 0, 0, 0, 0, 0, 0, 0, 0, 0, 0, 0, 0, 0, 0, 0, 0, 0, 0, 0, 0, 0, 0, 0, 0, 0, 0, 0, 0, ]
Ui:
[0, 273, 270, 36, 165, 192, 148, 45, 30, 75, 180, 198, 112, 117, 90, 64, 180, 22, 264, 174, 168, 270, 86, 66, 26, 66, 237, 156, 92, 108, 144, 72, 30, 45, 94, 54, 174, 96, 198, 136, 44, 180, 210, 249, 198, 48, ]
Distance matrix:
|0	281	201	160	249	201	93	431	236	139	252	136	116	166	390	110	349	374	303	180	327	464	236	70	44	461	346	439	363	254	312	426	305	206	71	137	169	200	247	260	20	219	256	253	460	278	|
|281	0	448	170	53	142	338	184	121	290	371	390	222	302	111	289	169	434	230	177	238	441	59	212	319	211	86	235	399	306	53	176	99	202	263	157	361	101	370	201	264	344	364	374	469	184	|
|201	448	0	285	430	325	114	556	361	171	191	64	228	174	546	294	453	306	364	289	388	435	393	254	157	585	491	536	318	254	490	554	436	407	266	292	108	388	186	337	207	181	205	190	408	364	|
|160	170	285	0	169	43	182	280	80	120	208	231	58	132	262	230	190	294	151	24	174	345	112	107	183	309	207	280	268	158	219	276	155	235	187	45	192	150	205	107	140	177	202	210	356	119	|
|249	53	430	169	0	152	317	238	145	282	377	369	212	299	157	242	215	452	261	183	273	474	76	181	290	264	140	287	421	320	63	229	145	148	221	142	352	53	374	226	234	346	370	378	498	215	|
|201	142	325	43	152	0	224	237	37	156	230	273	101	164	224	261	148	300	127	38	147	333	83	142	225	266	167	238	270	168	193	233	112	246	221	70	228	148	228	84	180	202	222	232	351	87	|
|93	338	114	182	317	224	0	460	262	92	180	52	124	112	440	199	364	307	292	191	317	415	284	140	57	490	387	452	304	208	377	457	336	297	163	181	84	274	175	256	95	152	188	180	402	280	|
|431	184	556	280	238	237	460	0	199	385	420	508	337	385	108	464	110	429	219	269	206	378	202	365	460	30	98	84	388	340	204	9	126	386	432	294	453	283	421	226	411	404	408	423	422	198	|
|236	121	361	80	145	37	262	199	0	191	255	310	138	197	191	290	114	312	118	72	133	330	69	175	262	229	132	204	279	186	174	195	75	258	251	102	262	153	254	81	216	230	246	257	353	72	|
|139	290	171	120	282	156	92	385	191	0	116	129	71	27	380	246	283	235	201	119	226	329	231	141	129	414	323	367	224	119	336	383	266	308	202	141	72	252	112	169	127	82	118	117	322	195	|
|252	371	191	208	377	230	180	420	255	116	0	187	178	90	443	361	311	127	204	195	224	246	313	257	232	446	382	380	129	81	423	421	320	422	318	242	100	355	5	195	241	34	15	2	225	224	|
|136	390	64	231	369	273	52	508	310	129	187	0	173	141	491	233	409	313	330	239	355	431	335	191	93	538	438	495	316	233	429	505	385	342	203	233	88	325	182	297	143	167	199	187	412	323	|
|116	222	228	58	212	101	124	337	138	71	178	173	0	91	319	206	244	284	187	69	212	357	165	85	130	367	265	333	264	151	267	333	213	244	161	70	140	181	175	145	97	145	177	180	359	165	|
|166	302	174	132	299	164	112	385	197	27	90	141	91	0	388	273	280	208	191	127	215	305	243	167	153	413	329	361	198	96	351	383	270	333	229	159	68	272	86	163	153	56	92	91	296	190	|
|390	111	546	262	157	224	440	108	191	380	443	491	319	388	0	399	164	480	264	261	261	456	156	320	426	125	62	186	442	369	107	99	125	300	374	260	452	210	443	252	372	420	433	446	494	227	|
|110	289	294	230	242	261	199	464	290	246	361	233	206	273	399	0	402	480	382	254	404	562	262	124	143	493	369	490	466	355	302	457	344	135	45	191	279	189	356	337	120	328	364	362	563	348	|
|349	169	453	190	215	148	364	110	114	283	311	409	244	280	164	402	0	324	110	174	101	292	151	289	372	135	109	90	284	230	212	111	70	354	364	216	348	245	312	118	329	295	298	313	330	90	|
|374	434	306	294	452	300	307	429	312	235	127	313	284	208	480	480	324	0	216	274	223	137	380	368	357	448	419	367	40	136	487	432	358	525	436	336	227	443	132	234	361	156	119	127	102	255	|
|303	230	364	151	261	127	292	219	118	201	204	330	187	191	264	382	110	216	0	128	25	213	185	258	314	243	203	176	178	123	282	221	144	372	338	193	256	270	206	45	283	193	191	206	239	46	|
|180	177	289	24	183	38	191	269	72	119	195	239	69	127	261	254	174	274	128	0	151	321	118	130	198	299	204	263	246	139	228	266	147	258	211	68	191	169	193	83	159	166	188	197	333	98	|
|327	238	388	174	273	147	317	206	133	226	224	355	212	215	261	404	101	223	25	151	0	203	198	281	339	228	202	156	184	143	288	209	146	390	362	215	280	286	226	68	308	215	210	226	235	61	|
|464	441	435	345	474	333	415	378	330	329	246	431	357	305	456	562	292	137	213	321	203	0	398	440	458	390	400	301	117	211	492	384	348	578	517	389	344	480	251	251	448	265	233	246	54	259	|
|236	59	393	112	76	83	284	202	69	231	313	335	165	243	156	262	151	380	185	118	198	398	0	167	270	231	110	233	347	250	110	195	85	203	230	103	303	95	311	150	217	284	305	315	422	139	|
|70	212	254	107	181	142	140	365	175	141	257	191	85	167	320	124	289	368	258	130	281	440	167	0	109	394	277	378	349	236	244	359	239	167	81	73	196	135	253	213	53	223	257	258	444	226	|
|44	319	157	183	290	225	57	460	262	129	232	93	130	153	426	143	372	357	314	198	339	458	270	109	0	490	379	462	351	247	353	456	334	250	110	168	140	243	226	274	56	201	238	232	449	294	|
|461	211	585	309	264	266	490	30	229	414	446	538	367	413	125	493	135	448	243	299	228	390	231	394	490	0	125	89	408	365	226	36	156	412	462	324	481	311	447	253	441	430	433	448	436	225	|
|346	86	491	207	140	167	387	98	132	323	382	438	265	329	62	369	109	419	203	204	202	400	110	277	379	125	0	155	381	307	113	90	63	288	339	211	394	186	382	190	327	359	371	384	436	165	|
|439	235	536	280	287	238	452	84	204	367	380	495	333	361	186	490	90	367	176	263	156	301	233	378	462	89	155	0	326	299	267	92	148	432	454	306	429	325	382	199	419	369	366	382	348	172	|
|363	399	318	268	421	270	304	388	279	224	129	316	264	198	442	466	284	40	178	246	184	117	347	349	351	408	381	326	0	113	452	391	321	502	422	311	229	415	134	199	348	152	118	130	98	219	|
|254	306	254	158	320	168	208	340	186	119	81	233	151	96	369	355	230	136	123	139	143	211	250	236	247	365	307	299	113	0	359	340	244	390	310	200	148	308	83	117	238	74	68	83	208	145	|
|312	53	490	219	63	193	377	204	174	336	423	429	267	351	107	302	212	487	282	228	288	492	110	244	353	226	113	267	452	359	0	195	145	194	283	199	407	115	421	254	296	394	415	425	521	237	|
|426	176	554	276	229	233	457	9	195	383	421	505	333	383	99	457	111	432	221	266	209	384	195	359	456	36	90	92	391	340	195	0	122	378	426	289	451	275	421	226	406	404	408	423	427	197	|
|305	99	436	155	145	112	336	126	75	266	320	385	213	270	125	344	70	358	144	147	146	348	85	239	334	156	63	148	321	244	145	122	0	286	310	168	336	177	320	128	285	298	309	322	381	103	|
|206	202	407	235	148	246	297	386	258	308	422	342	244	333	300	135	354	525	372	258	390	578	203	167	250	412	288	432	502	390	194	378	286	0	144	191	362	109	418	329	202	388	421	423	591	329	|
|71	263	266	187	221	221	163	432	251	202	318	203	161	229	374	45	364	436	338	211	362	517	230	81	110	462	339	454	422	310	283	426	310	144	0	150	239	168	313	294	77	285	321	319	518	306	|
|137	157	292	45	142	70	181	294	102	141	242	233	70	159	260	191	216	336	193	68	215	389	103	73	168	324	211	306	311	200	199	289	168	191	150	0	210	113	239	148	117	210	238	244	400	157	|
|169	361	108	192	352	228	84	453	262	72	100	88	140	68	452	279	348	227	256	191	280	344	303	196	140	481	394	429	229	148	407	451	336	362	239	210	0	318	95	231	164	79	111	100	325	258	|
|200	101	388	150	53	148	274	283	153	252	355	325	181	272	210	189	245	443	270	169	286	480	95	135	243	311	186	325	415	308	115	275	177	109	168	113	318	0	352	230	187	323	351	357	498	225	|
|247	370	186	205	374	228	175	421	254	112	5	182	175	86	443	356	312	132	206	193	226	251	311	253	226	447	382	382	134	83	421	421	320	418	313	239	95	352	0	196	237	30	19	6	230	224	|
|260	201	337	107	226	84	256	226	81	169	195	297	145	163	252	337	118	234	45	83	68	251	150	213	274	253	190	199	199	117	254	226	128	329	294	148	231	230	196	0	240	178	184	198	272	29	|
|20	264	207	140	234	180	95	411	216	127	241	143	97	153	372	120	329	361	283	159	308	448	217	53	56	441	327	419	348	238	296	406	285	202	77	117	164	187	237	240	0	208	245	242	446	257	|
|219	344	181	177	346	202	152	404	230	82	34	167	145	56	420	328	295	156	193	166	215	265	284	223	201	430	359	369	152	74	394	404	298	388	285	210	79	323	30	178	208	0	37	35	250	206	|
|256	364	205	202	370	222	188	408	246	118	15	199	177	92	433	364	298	119	191	188	210	233	305	257	238	433	371	366	118	68	415	408	309	421	321	238	111	351	19	184	245	37	0	17	214	212	|
|253	374	190	210	378	232	180	423	257	117	2	187	180	91	446	362	313	127	206	197	226	246	315	258	232	448	384	382	130	83	425	423	322	423	319	244	100	357	6	198	242	35	17	0	225	226	|
|460	469	408	356	498	351	402	422	353	322	225	412	359	296	494	563	330	102	239	333	235	54	422	444	449	436	436	348	98	208	521	427	381	591	518	400	325	498	230	272	446	250	214	225	0	285	|
|278	184	364	119	215	87	280	198	72	195	224	323	165	190	227	348	90	255	46	98	61	259	139	226	294	225	165	172	219	145	237	197	103	329	306	157	258	225	224	29	257	206	212	226	285	0	|

--------------------------------------------------------------------------------
Building model...
	using lazy and cut (CVRPSEP package)
Solving IRP LP...
--------------------------------------------------------------------------------

Gurobi 9.1.0 (linux64) logging started Sat Feb  6 09:14:26 2021

Gurobi Optimizer version 9.1.0 build v9.1.0rc0 (linux64)
Thread count: 32 physical cores, 32 logical processors, using up to 2 threads
Optimize a model with 1282 rows, 6940 columns and 19243 nonzeros
Model fingerprint: 0x6894bf8d
Variable types: 454 continuous, 6486 integer (276 binary)
Coefficient statistics:
  Matrix range     [1e+00, 2e+03]
  Objective range  [1e-01, 6e+02]
  Bounds range     [1e+00, 3e+02]
  RHS range        [1e+00, 6e+03]
Presolve removed 226 rows and 111 columns
Presolve time: 0.08s
Presolved: 1056 rows, 6829 columns, 17931 nonzeros
Variable types: 340 continuous, 6489 integer (6216 binary)

Root relaxation: objective 1.302212e+04, 691 iterations, 0.02 seconds

    Nodes    |    Current Node    |     Objective Bounds      |     Work
 Expl Unexpl |  Obj  Depth IntInf | Incumbent    BestBd   Gap | It/Node Time

     0     0 13022.1222    0  115          - 13022.1222      -     -    0s
     0     0 13414.2214    0  120          - 13414.2214      -     -    0s
     0     0 13414.2214    0  122          - 13414.2214      -     -    0s
     0     0 13924.9353    0  185          - 13924.9353      -     -    0s
     0     0 13926.1820    0  180          - 13926.1820      -     -    0s
     0     0 13952.9316    0  217          - 13952.9316      -     -    0s
     0     0 13955.4731    0  213          - 13955.4731      -     -    0s
     0     0 13955.4731    0  213          - 13955.4731      -     -    0s
     0     0 14042.9880    0  217          - 14042.9880      -     -    0s
     0     0 14109.3624    0  194          - 14109.3624      -     -    1s
     0     0 14127.3257    0  223          - 14127.3257      -     -    1s
     0     0 14186.4569    0  211          - 14186.4569      -     -    1s
     0     0 14187.1042    0  250          - 14187.1042      -     -    1s
     0     0 14249.5897    0  232          - 14249.5897      -     -    1s
     0     0 14267.1703    0  295          - 14267.1703      -     -    1s
     0     0 14272.8956    0  299          - 14272.8956      -     -    1s
     0     0 14273.2948    0  302          - 14273.2948      -     -    1s
     0     0 14275.9423    0  284          - 14275.9423      -     -    1s
     0     0 14281.3823    0  270          - 14281.3823      -     -    2s
     0     0 14281.6376    0  281          - 14281.6376      -     -    2s
     0     0 14293.3275    0  194          - 14293.3275      -     -    2s
     0     0 14297.4790    0  262          - 14297.4790      -     -    2s
     0     0 14299.0143    0  172          - 14299.0143      -     -    2s
     0     0 14313.0082    0  269          - 14313.0082      -     -    2s
     0     0 14314.7980    0  292          - 14314.7980      -     -    2s
     0     2 14314.7980    0  285          - 14314.7980      -     -    3s
    66    70 14490.6228   23  164          - 14336.6789      -   159    5s
   374   435 15219.3386  109    8          - 14336.6789      -  83.4   10s
*  598   566             204    16806.970000 14337.6859  14.7%  59.8   11s
   658   623 14484.4898    7  259 16806.9700 14340.7746  14.7%  70.4   15s
H  728   650                    16750.970000 14340.7746  14.4%  78.6   19s
   730   651 14893.3902   78  209 16750.9700 14340.7746  14.4%  78.4   21s
H  739   624                    16571.110000 14355.0037  13.4%  77.4   22s
   748   630 14544.4208   20  344 16571.1100 14386.8553  13.2%  76.5   25s
   769   644 15564.8517  138  365 16571.1100 14409.5268  13.0%  74.4   30s
   778   653 14414.2008   16  335 16571.1100 14412.6396  13.0%  87.9   36s
   792   662 14426.7154   20  370 16571.1100 14421.1176  13.0%  94.5   40s
   809   677 14471.3399   23  366 16571.1100 14421.1176  13.0%   100   45s
   867   721 15007.1661   35   83 16571.1100 14421.1176  13.0%   110   50s
H  926   712                    15167.640000 14421.1176  4.92%   114   54s
   941   707 14491.2617   21  359 15167.6400 14421.1384  4.92%   115   55s
H  983   701                    15146.640000 14421.1384  4.79%   117   58s
  1006   733 14752.2414   28  241 15146.6400 14421.1384  4.79%   119   60s
  1090   763 15014.0805   40  113 15146.6400 14421.1384  4.79%   119   65s
  1168   803 14543.0823   27  389 15146.6400 14433.6119  4.71%   124   70s
  1206   821 14691.9182   32  339 15146.6400 14433.6119  4.71%   130   76s
  1254   875 14701.0801   38  349 15146.6400 14433.6119  4.71%   132   80s
  1334   905 14899.7276   49  107 15146.6400 14433.6119  4.71%   135   85s
  1399   988 14966.4470   67   17 15146.6400 14433.6119  4.71%   138   90s
  1503  1052 15098.3700  105    5 15146.6400 14442.4769  4.65%   133   95s
  1604  1062 14720.4943   28  250 15146.6400 14442.4769  4.65%   132  101s
  1650  1055 14920.1209   43  250 15146.6400 14442.4769  4.65%   135  107s
  1689  1102 15068.9071   67  109 15146.6400 14453.2935  4.58%   135  111s
  1794  1129 15034.4899   34  137 15146.6400 14474.6101  4.44%   133  115s
  1843  1180 14864.2734   40  173 15146.6400 14474.6265  4.44%   135  120s
  1950  1215 14646.2881   27  396 15146.6400 14484.7520  4.37%   133  132s
  2002  1234 14942.4714   36  267 15146.6400 14491.3851  4.33%   134  137s
  2035  1242 14690.0306   20  260 15146.6400 14491.3851  4.33%   136  140s
H 2042   854                    14965.730000 14491.3851  3.17%   136  140s
  2099   876 14629.5488   24  344 14965.7300 14498.2338  3.12%   137  147s
  2148   871 14842.7215   45  279 14965.7300 14514.5549  3.01%   139  150s
  2203   901 14964.2769   49  144 14965.7300 14514.8400  3.01%   141  155s
  2304   951 14684.9964   21  299 14965.7300 14519.0231  2.98%   143  163s
  2348  1017 14850.8883   33  154 14965.7300 14520.1021  2.98%   144  168s
  2445  1029 14648.3638   19  374 14965.7300 14520.1021  2.98%   143  172s
  2499  1071 14766.8484   32  312 14965.7300 14525.4461  2.94%   143  177s
  2554  1097 14829.2362   29  128 14965.7300 14526.2905  2.94%   144  181s
  2600  1103     cutoff   39      14965.7300 14528.1208  2.92%   145  186s
  2613  1133 14708.3213   20  293 14965.7300 14528.3324  2.92%   146  190s
  2718  1171 14908.9907   37  277 14965.7300 14534.5254  2.88%   149  199s
  2763  1219 14678.8173   27  393 14965.7300 14534.6330  2.88%   150  204s
  2811  1251     cutoff   33      14965.7300 14538.2266  2.86%   152  209s
  2872  1251 14939.9453   27  234 14965.7300 14540.8900  2.84%   153  210s
  2921  1302 14634.9305   33  328 14965.7300 14548.8817  2.79%   155  220s
  2983  1329 14723.9539   24  280 14965.7300 14553.6371  2.75%   156  225s
  3052  1411 14737.7077   24  220 14965.7300 14553.9134  2.75%   158  232s
  3169  1493 14651.8019   24  412 14965.7300 14556.0855  2.74%   157  239s
  3284  1517 14902.1437   35  300 14965.7300 14556.6393  2.73%   156  246s
  3365  1531     cutoff   27      14965.7300 14557.4244  2.73%   157  253s
  3398  1575 14803.4137   27  257 14965.7300 14559.7818  2.71%   159  259s
  3465  1618 14912.3781   28  175 14965.7300 14562.6043  2.69%   161  266s
  3553  1692 14719.5557   24  242 14965.7300 14563.6524  2.69%   161  273s
  3635  1725 infeasible   44      14965.7300 14564.4847  2.68%   163  283s
  3728  1832 14726.8906   25  298 14965.7300 14564.6965  2.68%   161  292s
  3908  1870     cutoff   81      14965.7300 14567.8263  2.66%   158  300s
  4002  1943 14784.5153   29  315 14965.7300 14571.2438  2.64%   159  309s
  4111  2049     cutoff   37      14965.7300 14574.4823  2.61%   160  318s
  4264  2150 14628.5355   26  282 14965.7300 14577.6710  2.59%   159  328s
  4383  2233 14823.3344   39  141 14965.7300 14581.9724  2.56%   160  338s
  4550  2277     cutoff   88      14965.7300 14582.3035  2.56%   160  349s
H 4685  2354                    14963.940000 14583.7379  2.54%   160  359s
  4811  2495 14722.7716   42  277 14963.9400 14587.4455  2.52%   160  369s
  4846  2495 14906.8477   44  182 14963.9400 14587.4455  2.52%   160  370s
  4996  2637 14785.0594   29  231 14963.9400 14590.3525  2.50%   159  382s
  5194  2764 14734.0003   28  258 14963.9400 14592.8914  2.48%   159  395s
  5392  2864 14763.2673   31  231 14963.9400 14596.0693  2.46%   159  407s
  5548  2969 14657.4463   26  309 14963.9400 14598.3529  2.44%   159  420s
  5709  3053 14762.3452   27  341 14963.9400 14600.9936  2.43%   160  432s
  5847  3122     cutoff   55      14963.9400 14604.0637  2.40%   161  445s
  6002  3257 14732.7260   25  349 14963.9400 14610.5311  2.36%   162  459s
  6055  3257 14905.1157   52   97 14963.9400 14610.5311  2.36%   163  460s
  6239  3371 14918.1960   36  122 14963.9400 14612.0834  2.35%   162  473s
  6450  3491 14933.0505   43  198 14963.9400 14615.2482  2.33%   162  487s
  6636  3622 14942.9064   52  278 14963.9400 14617.0125  2.32%   162  501s
  6834  3685     cutoff   60      14963.9400 14620.5739  2.29%   162  515s
  6979  3772 14771.2757   32  256 14963.9400 14622.6325  2.28%   163  529s
  7102  3772 14905.4653   47  195 14963.9400 14623.3381  2.28%   164  530s
  7116  3971 14846.4413   34  183 14963.9400 14623.3658  2.28%   164  543s
  7279  3971 14865.8127   67   21 14963.9400 14624.5929  2.27%   164  545s
  7387  4166 14892.2126   54  198 14963.9400 14625.8197  2.26%   163  560s
H 7605  4055                    14946.880000 14627.5346  2.14%   162  561s
  7677  4148 14875.9427   47  129 14946.8800 14627.8621  2.13%   162  575s
  7869  4234 14672.2112   27  389 14946.8800 14631.1836  2.11%   162  589s
  8046  4336     cutoff   52      14946.8800 14634.0356  2.09%   162  604s
  8159  4336 14830.9191   42  241 14946.8800 14634.9273  2.09%   163  605s
  8212  4458 14832.2663   31  263 14946.8800 14635.0630  2.09%   163  618s
  8443  4559 14690.0295   28  405 14946.8800 14635.9810  2.08%   163  633s
  8621  4685     cutoff   45      14946.8800 14638.7893  2.06%   164  648s
  8778  4685 14826.9872   74  139 14946.8800 14640.7018  2.05%   164  650s
  8841  4787 14899.3757   51  156 14946.8800 14641.0967  2.05%   164  663s
H 9015  3301                    14876.700000 14642.0190  1.58%   164  678s
  9221  3310     cutoff   29      14876.7000 14644.4677  1.56%   164  694s
  9351  3310 14861.4220   40  100 14876.7000 14646.0850  1.55%   164  695s
  9373  3420 14857.3673   28  123 14876.7000 14646.2595  1.55%   165  708s
  9585  3501 14859.7847   41  219 14876.7000 14648.2747  1.54%   165  723s
  9780  3557 14769.0430   30  257 14876.7000 14650.5075  1.52%   165  785s
H 9839  2955                    14854.720000 14650.5075  1.37%   165  785s
  9912  2989     cutoff   38      14854.7200 14651.5329  1.37%   165  800s
 10132  3047 14786.9439   30  162 14854.7200 14652.8265  1.36%   165  815s
 10336  3091 14751.5861   32  319 14854.7200 14655.4773  1.34%   166  830s
 10518  3122 14810.7231   22  277 14854.7200 14657.2270  1.33%   167  844s
 10718  3192 14812.0421   32  266 14854.7200 14658.7443  1.32%   168  859s
 10913  3252 14780.6919   35  273 14854.7200 14660.6195  1.31%   169  875s
 11089  3330 14812.3427   38  209 14854.7200 14662.8863  1.29%   169  889s
 11175  3330 14821.9667   42   45 14854.7200 14662.8863  1.29%   169  890s
 11304  3379 14805.4408   32  140 14854.7200 14664.3274  1.28%   169  905s
 11507  3431 14852.4443   32  161 14854.7200 14666.8468  1.26%   169  920s
 11709  3462     cutoff   41      14854.7200 14669.0507  1.25%   170  935s
 11920  3528 14704.7912   27  454 14854.7200 14671.6763  1.23%   170  951s
 12139  3564     cutoff   44      14854.7200 14673.0035  1.22%   170  966s
 12341  3619 14829.6722   30  247 14854.7200 14675.5000  1.21%   171  981s
 12570  3708     cutoff   30      14854.7200 14676.5684  1.20%   171  996s
 12781  3753 14815.0695   35  310 14854.7200 14678.3723  1.19%   171 1012s
 12958  3806 14834.5738   29  307 14854.7200 14679.2029  1.18%   172 1028s
 13179  3822 14787.1924   43  151 14854.7200 14680.5545  1.17%   172 1042s
 13348  3874     cutoff   29      14854.7200 14681.6475  1.17%   173 1057s
 13583  3919     cutoff   52      14854.7200 14682.8974  1.16%   174 1072s
 13778  3978 14818.8451   34  201 14854.7200 14684.1980  1.15%   174 1088s
 14024  4060 14747.6144   37  226 14854.7200 14686.0334  1.14%   174 1103s
 14264  4116 14781.1098   36  262 14854.7200 14687.1979  1.13%   174 1119s
 14301  4116 14737.9293   33  163 14854.7200 14687.1979  1.13%   174 1120s
 14559  4171     cutoff   39      14854.7200 14688.3413  1.12%   174 1135s
 14761  4238 14788.8046   24  280 14854.7200 14689.9293  1.11%   174 1151s
 14956  4318 14812.4238   31  296 14854.7200 14690.7864  1.10%   174 1167s
 15179  4386     cutoff   40      14854.7200 14692.0243  1.10%   174 1182s
 15400  4454 14737.5421   24  218 14854.7200 14693.3552  1.09%   175 1198s
 15633  4530 14756.9861   41  182 14854.7200 14694.4321  1.08%   175 1214s
 15828  4530 14821.4238   38   30 14854.7200 14695.5656  1.07%   175 1215s
 15863  4595 14840.8440   40  257 14854.7200 14695.6045  1.07%   175 1230s
 16106  4661 14794.6461   36  194 14854.7200 14696.5811  1.06%   175 1245s
 16329  4737     cutoff   40      14854.7200 14697.5361  1.06%   175 1261s
*16520  4577              56    14848.770000 14699.1752  1.01%   175 1261s
*16524  4512              55    14845.770000 14699.1752  0.99%   175 1261s
 16599  4572 14827.7715   26  240 14845.7700 14699.2705  0.99%   175 1277s
 16833  4610     cutoff   35      14845.7700 14700.1812  0.98%   175 1293s
 17096  4682 14759.2036   42  243 14845.7700 14701.4395  0.97%   175 1309s
 17361  4724     cutoff   28      14845.7700 14702.0999  0.97%   175 1325s
 17583  4759 14817.9834   28  184 14845.7700 14703.1089  0.96%   175 1340s
 17792  4822 14771.2533   27  224 14845.7700 14704.0032  0.95%   175 1355s
 18050  4870 14777.6566   32  300 14845.7700 14705.2564  0.95%   175 1372s
 18281  4907     cutoff   41      14845.7700 14706.1912  0.94%   175 1387s
 18511  4941     cutoff   33      14845.7700 14706.8811  0.94%   176 1402s
 18744  4996 infeasible   28      14845.7700 14707.9549  0.93%   176 1419s
 18971  5013 14787.3016   31  231 14845.7700 14708.9207  0.92%   176 1435s
 19175  5042 14830.2104   35  265 14845.7700 14709.8640  0.92%   176 1450s
 19404  5091 14806.3544   33   66 14845.7700 14710.6736  0.91%   176 1465s
 19623  5140 14831.9083   29  182 14845.7700 14711.5880  0.90%   176 1482s
 19890  5200     cutoff   33      14845.7700 14712.5798  0.90%   176 1499s
H19892  5150                    14843.980000 14712.5798  0.89%   176 1499s
 20075  5150 14779.8102   41  139 14843.9800 14713.1587  0.88%   176 1500s
 20129  5180 14833.6939   38  195 14843.9800 14713.2817  0.88%   176 1514s
 20188  5180 14812.5506   41  116 14843.9800 14713.2817  0.88%   176 1515s
 20327  5223     cutoff   33      14843.9800 14714.4110  0.87%   176 1530s
 20550  5253 14832.6357   30  282 14843.9800 14715.1502  0.87%   177 1548s
 20784  5286     cutoff   32      14843.9800 14716.2472  0.86%   177 1564s
 21009  5334 14814.2333   36  360 14843.9800 14717.1400  0.85%   178 1580s
 21275  5369 14798.4682   30  320 14843.9800 14718.3606  0.85%   177 1596s
 21515  5404     cutoff   43      14843.9800 14719.2128  0.84%   177 1613s
 21748  5436 14821.2428   34  294 14843.9800 14719.8793  0.84%   177 1629s
 21939  5436 14809.9353   42  126 14843.9800 14720.8529  0.83%   178 1630s
 21973  5467 14805.3252   30  282 14843.9800 14720.9027  0.83%   178 1646s
 22175  5487 14754.2625   41  252 14843.9800 14721.7297  0.82%   178 1663s
 22424  5539 14767.6407   23  249 14843.9800 14722.3191  0.82%   178 1678s
 22663  5604     cutoff   34      14843.9800 14722.9001  0.82%   178 1695s
 22955  5651 14781.9874   41  261 14843.9800 14723.8065  0.81%   178 1713s
 23241  5734 14838.1093   47  186 14843.9800 14724.4513  0.81%   177 1730s
 23535  5824 14790.1123   34  262 14843.9800 14724.9998  0.80%   177 1747s
 23821  5860 14746.9249   40  323 14843.9800 14725.8426  0.80%   177 1764s
 24083  5886 infeasible   33      14843.9800 14726.6074  0.79%   177 1780s
 24321  5925 14818.5364   55  173 14843.9800 14727.6159  0.78%   177 1796s
 24539  5942     cutoff   35      14843.9800 14728.2246  0.78%   177 1812s
 24774  5994 14779.7494   38  259 14843.9800 14729.3269  0.77%   177 1829s
 25078  6032     cutoff   40      14843.9800 14730.0277  0.77%   177 1846s
 25367  6083 14740.9650   26  182 14843.9800 14730.5871  0.76%   177 1864s
 25620  6106     cutoff   34      14843.9800 14731.1235  0.76%   177 1882s
 25912  6111 14836.5167   41  137 14843.9800 14731.9057  0.76%   177 1898s
 26144  6135 14834.8383   42  133 14843.9800 14732.7308  0.75%   177 1915s
 26446  6176 14817.3355   32  133 14843.9800 14733.7816  0.74%   177 1931s
 26733  6191     cutoff   29      14843.9800 14734.6034  0.74%   177 1948s
 26982  6212 14829.7909   34  158 14843.9800 14735.7286  0.73%   177 1966s
 27212  6274 14812.2041   39  248 14843.9800 14736.3818  0.72%   177 1984s
 27284  6274 14808.0982   51  113 14843.9800 14736.3818  0.72%   177 1985s
 27547  6310 14797.1125   31  103 14843.9800 14736.9087  0.72%   176 2002s
 27827  6326 14830.0580   38  205 14843.9800 14737.5688  0.72%   176 2020s
 28119  6357 14790.0661   44  166 14843.9800 14738.3645  0.71%   176 2037s
 28411  6376     cutoff   32      14843.9800 14739.1945  0.71%   176 2055s
 28649  6406 14803.5707   32  183 14843.9800 14739.8548  0.70%   176 2072s
 28933  6438     cutoff   36      14843.9800 14740.5226  0.70%   176 2090s
 29213  6463     cutoff   29      14843.9800 14741.1490  0.69%   176 2107s
 29493  6479 14823.9484   32  126 14843.9800 14742.0558  0.69%   176 2126s
 29760  6502 14787.7702   46  160 14843.9800 14742.5045  0.68%   177 2145s
 30056  6505     cutoff   32      14843.9800 14743.3713  0.68%   177 2164s
 30197  6505 14838.8936   27  254 14843.9800 14744.1205  0.67%   177 2165s
 30339  6534     cutoff   26      14843.9800 14744.2029  0.67%   177 2181s
 30626  6532 14801.5524   39  234 14843.9800 14744.8448  0.67%   177 2198s
 30874  6556 14838.6805   43   92 14843.9800 14745.8001  0.66%   177 2215s
 31162  6570 14815.8808   37  304 14843.9800 14746.4350  0.66%   177 2232s
 31456  6618     cutoff   36      14843.9800 14747.3894  0.65%   177 2250s
 31760  6609     cutoff   27      14843.9800 14748.0757  0.65%   177 2269s
 32064  6641 14786.5527   44  217 14843.9800 14748.7848  0.64%   177 2288s
 32385  6677 14831.6480   31  241 14843.9800 14749.3160  0.64%   177 2307s
 32713  6680     cutoff   31      14843.9800 14749.8201  0.63%   177 2333s
 32839  6695     cutoff   39      14843.9800 14750.1034  0.63%   177 2352s
 33170  6714 14784.7510   30  203 14843.9800 14750.7927  0.63%   176 2371s
 33491  6730 14830.1211   39  128 14843.9800 14751.5490  0.62%   176 2390s
 33839  6739 14814.9087   29  288 14843.9800 14752.1041  0.62%   176 2409s
 34213  6776     cutoff   31      14843.9800 14752.8196  0.61%   176 2429s
 34456  6776 14804.1135   50  184 14843.9800 14753.4064  0.61%   176 2430s
 34553  6805 14824.0138   35  179 14843.9800 14753.4770  0.61%   176 2448s
 34886  6822 14832.8568   41  223 14843.9800 14753.8672  0.61%   176 2469s
 35132  6822 14821.2060   32  179 14843.9800 14754.4928  0.60%   175 2470s
 35205  6835     cutoff   38      14843.9800 14754.4931  0.60%   175 2488s
 35535  6863     cutoff   40      14843.9800 14755.0367  0.60%   175 2508s
 35860  6882 14817.1968   42  206 14843.9800 14755.8653  0.59%   175 2528s
 36191  6934     cutoff   39      14843.9800 14756.4756  0.59%   175 2548s
 36525  6934 14831.7891   37  101 14843.9800 14757.1393  0.59%   175 2550s
 36534  6964     cutoff   37      14843.9800 14757.1630  0.58%   175 2568s
 36940  7001     cutoff   36      14843.9800 14757.8276  0.58%   174 2587s
 37311  7012 14800.1977   38  211 14843.9800 14758.4664  0.58%   174 2608s
 37607  7032 14826.1758   31   58 14843.9800 14758.9565  0.57%   174 2627s
 37971  7041     cutoff   42      14843.9800 14759.7127  0.57%   174 2645s
 38276  7035     cutoff   30      14843.9800 14760.5433  0.56%   174 2664s
 38526  7057 14832.6593   48  126 14843.9800 14761.1940  0.56%   174 2682s
 38892  7038 14837.2186   33  172 14843.9800 14761.9335  0.55%   173 2701s
 39226  7044 14842.2567   30  191 14843.9800 14762.6125  0.55%   173 2718s
 39550  7051 14790.3059   53  211 14843.9800 14763.4017  0.54%   173 2736s
 39918  7081 14816.0358   40  120 14843.9800 14763.9313  0.54%   173 2752s
 40191  7120     cutoff   39      14843.9800 14764.2553  0.54%   173 2773s
 40567  7123     cutoff   39      14843.9800 14764.7216  0.53%   172 2792s
 40937  7139 14820.0312   30  191 14843.9800 14765.5126  0.53%   172 2812s
 41302  7147 14834.1466   35  293 14843.9800 14766.4157  0.52%   172 2832s
 41681  7120     cutoff   23      14843.9800 14766.9208  0.52%   172 2851s
 42002  7115 14790.5417   33   99 14843.9800 14767.5226  0.52%   172 2868s
 42338  7100 14785.2210   30  271 14843.9800 14768.1076  0.51%   171 2885s
 42651  7100     cutoff   36      14843.9800 14768.7543  0.51%   171 2902s
 42959  7136 14796.9263   29  272 14843.9800 14769.2964  0.50%   171 2919s
 43097  7136 14812.5662   54   37 14843.9800 14769.2964  0.50%   171 2920s
 43296  7123     cutoff   30      14843.9800 14769.6964  0.50%   171 2939s
 43540  7123 14775.4709   29  105 14843.9800 14770.5042  0.49%   171 2940s
 43655  7097 14823.3131   39  121 14843.9800 14770.5390  0.49%   171 2958s
 43985  7113     cutoff   44      14843.9800 14771.0062  0.49%   170 2975s
 44325  7111 14834.1281   25  203 14843.9800 14771.6464  0.49%   170 2994s
 44674  7092     cutoff   34      14843.9800 14772.2166  0.48%   170 3013s
 45030  7075     cutoff   42      14843.9800 14772.7378  0.48%   170 3029s
 45136  7075 14806.9262   40  210 14843.9800 14772.7378  0.48%   170 3030s
 45304  7075 14818.3141   47   79 14843.9800 14773.1864  0.48%   170 3046s
 45634  7044 14831.2884   32  153 14843.9800 14773.8112  0.47%   170 3062s
 45956  7064     cutoff   32      14843.9800 14774.3801  0.47%   169 3079s
 46158  7064 14787.7133   32  149 14843.9800 14774.9353  0.47%   169 3080s
 46305  7061 14828.8519   33  111 14843.9800 14774.9360  0.47%   169 3097s
 46642  7067     cutoff   30      14843.9800 14775.5059  0.46%   169 3116s
*46680  7031              55    14842.990000 14775.5059  0.45%   169 3116s
 47040  7011 14816.5410   31  193 14842.9900 14776.0359  0.45%   169 3137s
H47119  6949                    14841.199999 14776.1852  0.44%   169 3137s
 47243  6916 14831.6461   42  217 14841.2000 14776.1939  0.44%   169 3163s
 47792  6896     cutoff   40      14841.2000 14777.2789  0.43%   168 3182s
 48090  6853 14824.6665   42  175 14841.2000 14777.7897  0.43%   168 3262s
 48342  6841 14815.4857   33  204 14841.2000 14778.2278  0.42%   168 3284s
 48601  6841 14805.8061   31  180 14841.2000 14778.9356  0.42%   168 3285s
 48770  6783     cutoff   29      14841.2000 14778.9379  0.42%   168 3305s
H48774  6783                    14841.199997 14778.9379  0.42%   168 3305s
