




arguments: ./build/bc_mirp -f ./input/orig_exec_149.cfg
Current dir: /scratch/gui/bc_mirp
File verbosity level: 9
date       time         ( uptime  ) [ thread name/id ]                   file:line     v| 
2021-02-08 05:45:19.168 (   0.163s) [main thread     ]             loguru.cpp:789   INFO| Logging to './output/vi_vc+hc2/OU/V2/Original/execution_08_02_2021_05_45_19.log', mode: 'a', verbosity: 9
--------------------------------------------------------------------------------
Parameters
                           instance_path           ./input/Instances/Original/4/
                            model_policy                                       1
                             nb_vehicles                                       2
                              output_dir      ./output/vi_vc+hc2/OU/V2/Original/
                            sec_strategy                                       1
                       solver_nb_threads                                       2
                         solver_show_log                                    true
                       solver_time_limit                                    3600
                              use_vi_cos                                   false
                              use_vi_cus                                   false
                         use_vi_hc1_full                                   false
                         use_vi_hc1_half                                   false
                      use_vi_hc1_quarter                                   false
                              use_vi_hc2                                    true
                              use_vi_hc3                                   false
                         use_vi_lex_full                                   false
                         use_vi_lex_half                                   false
                      use_vi_lex_quarter                                   false
                              use_vi_qua                                   false
                               use_vi_vc                                    true
                               use_vi_vr                                   false
--------------------------------------------------------------------------------
executing instance: ./input/Instances/Original/4/absH3low_3n30.dat
--------------------------------------------------------------------------------
Instance details
n	31
H	3
C	2841
Li:
[0, 0, 0, 0, 0, 0, 0, 0, 0, 0, 0, 0, 0, 0, 0, 0, 0, 0, 0, 0, 0, 0, 0, 0, 0, 0, 0, 0, 0, 0, 0, ]
Ui:
[0, 246, 98, 54, 144, 171, 192, 180, 165, 98, 122, 198, 297, 144, 130, 129, 219, 138, 142, 150, 108, 66, 64, 285, 180, 204, 276, 168, 240, 198, 122, ]
Distance matrix:
|0	172	56	166	260	198	42	197	296	110	91	112	238	275	323	183	330	232	175	181	162	191	232	280	201	139	356	185	266	216	26	|
|172	0	178	223	320	335	153	355	444	62	231	99	333	376	214	352	176	235	194	106	47	41	353	161	299	175	225	43	326	374	153	|
|56	178	0	110	204	162	93	233	336	125	144	148	187	226	358	180	313	284	123	152	182	185	282	252	256	88	329	177	210	251	42	|
|166	223	110	0	102	150	199	327	431	194	253	237	113	156	431	228	296	386	44	140	248	208	389	218	366	48	287	200	108	344	148	|
|260	320	204	102	0	156	296	391	493	296	340	339	66	90	531	263	362	486	127	226	349	300	469	278	454	148	334	292	6	406	245	|
|198	335	162	150	156	0	239	255	351	286	245	307	93	106	518	111	442	423	194	280	344	335	349	367	352	182	437	327	158	266	199	|
|42	153	93	199	296	239	0	203	296	91	82	76	278	316	284	217	322	191	201	186	133	180	217	281	177	165	356	175	302	222	52	|
|197	355	233	327	391	255	203	0	104	294	125	266	340	361	436	151	524	276	352	377	330	383	109	477	146	319	553	377	395	19	222	|
|296	444	336	431	493	351	296	104	0	384	214	348	440	456	488	241	617	315	456	476	412	475	113	575	176	422	651	470	497	88	322	|
|110	62	125	194	296	286	91	294	384	0	171	55	298	340	238	292	233	210	176	118	58	91	298	201	248	148	273	87	302	313	94	|
|91	231	144	253	340	245	82	125	214	171	0	141	307	339	324	184	403	187	266	266	204	261	140	363	114	230	438	256	346	144	116	|
|112	99	148	237	339	307	76	266	348	55	141	0	332	373	212	292	275	156	225	173	64	137	254	253	200	194	322	135	345	284	108	|
|238	333	187	113	66	93	278	340	440	298	307	332	0	43	536	203	404	469	153	253	354	321	427	322	420	160	385	313	67	353	229	|
|275	376	226	156	90	106	316	361	456	340	339	373	43	0	578	216	443	507	194	295	397	364	453	361	451	203	421	356	88	372	268	|
|323	214	358	431	531	518	284	436	488	238	324	212	536	578	0	498	309	176	407	320	183	245	376	344	312	383	379	251	537	451	319	|
|183	352	180	228	263	111	217	151	241	292	184	292	203	216	498	0	492	371	266	328	345	364	255	426	272	242	501	356	266	159	198	|
|330	176	313	296	362	442	322	524	617	233	403	275	404	443	309	492	0	397	253	164	218	142	529	84	475	260	72	147	367	543	306	|
|232	235	284	386	486	423	191	276	315	210	187	156	469	507	176	371	397	0	379	327	188	276	202	396	139	346	456	277	492	289	242	|
|175	194	123	44	127	194	201	352	456	176	266	225	153	194	407	266	253	379	0	101	225	174	405	174	375	36	244	166	133	370	152	|
|181	106	152	140	226	280	186	377	476	118	266	173	253	295	320	328	164	327	101	0	148	76	403	100	360	98	177	69	232	396	155	|
|162	47	182	248	349	344	133	330	412	58	204	64	354	397	183	345	218	188	225	148	0	89	316	208	259	201	270	90	355	348	149	|
|191	41	185	208	300	335	180	383	475	91	261	137	321	364	245	364	142	276	174	76	89	0	388	119	336	162	185	8	306	402	169	|
|232	353	282	389	469	349	217	109	113	298	140	254	427	453	376	255	529	202	405	403	316	388	0	497	64	369	570	384	474	112	256	|
|280	161	252	218	278	367	281	477	575	201	363	253	322	361	344	426	84	396	174	100	208	119	497	0	449	187	77	119	283	496	255	|
|201	299	256	366	454	352	177	146	176	248	114	200	420	451	312	272	475	139	375	360	259	336	64	449	0	339	521	333	460	156	223	|
|139	175	88	48	148	182	165	319	422	148	230	194	160	203	383	242	260	346	36	98	201	162	369	187	339	0	260	153	154	337	116	|
|356	225	329	287	334	437	356	553	651	273	438	322	385	421	379	501	72	456	244	177	270	185	570	77	521	260	0	187	338	572	331	|
|185	43	177	200	292	327	175	377	470	87	256	135	313	356	251	356	147	277	166	69	90	8	384	119	333	153	187	0	298	396	163	|
|266	326	210	108	6	158	302	395	497	302	346	345	67	88	537	266	367	492	133	232	355	306	474	283	460	154	338	298	0	410	251	|
|216	374	251	344	406	266	222	19	88	313	144	284	353	372	451	159	543	289	370	396	348	402	112	496	156	337	572	396	410	0	241	|
|26	153	42	148	245	199	52	222	322	94	116	108	229	268	319	198	306	242	152	155	149	169	256	255	223	116	331	163	251	241	0	|

--------------------------------------------------------------------------------
Building model...
	using lazy and cut (CVRPSEP package)
Solving IRP LP...
--------------------------------------------------------------------------------

Gurobi 9.1.0 (linux64) logging started Mon Feb  8 05:45:19 2021

Gurobi Optimizer version 9.1.0 build v9.1.0rc0 (linux64)
Thread count: 32 physical cores, 32 logical processors, using up to 2 threads
Optimize a model with 862 rows, 3280 columns and 9463 nonzeros
Model fingerprint: 0x6d797b01
Variable types: 304 continuous, 2976 integer (186 binary)
Coefficient statistics:
  Matrix range     [1e+00, 1e+03]
  Objective range  [1e-02, 7e+02]
  Bounds range     [1e+00, 3e+02]
  RHS range        [1e+00, 5e+03]
Presolve removed 245 rows and 122 columns
Presolve time: 0.07s
Presolved: 617 rows, 3158 columns, 8713 nonzeros
Variable types: 182 continuous, 2976 integer (2796 binary)

Root relaxation: objective 2.308438e+03, 544 iterations, 0.01 seconds

    Nodes    |    Current Node    |     Objective Bounds      |     Work
 Expl Unexpl |  Obj  Depth IntInf | Incumbent    BestBd   Gap | It/Node Time

     0     0 2308.43801    0   76          - 2308.43801      -     -    0s
     0     0 2610.93544    0  100          - 2610.93544      -     -    0s
     0     0 3171.25551    0   85          - 3171.25551      -     -    0s
     0     0 3171.25551    0  105          - 3171.25551      -     -    0s
     0     0 3256.04685    0   96          - 3256.04685      -     -    0s
     0     0 3378.37348    0  170          - 3378.37348      -     -    0s
     0     0 3423.65225    0  131          - 3423.65225      -     -    0s
     0     0 3423.99769    0  201          - 3423.99769      -     -    0s
     0     0 3432.42439    0  186          - 3432.42439      -     -    0s
H    0     0                    6769.0500000 3432.42439  49.3%     -    0s
H    0     0                    6110.0500000 3432.42439  43.8%     -    0s
     0     0 3447.87972    0  192 6110.05000 3447.87972  43.6%     -    0s
     0     0 3452.50705    0  212 6110.05000 3452.50705  43.5%     -    0s
     0     0 3454.17038    0  227 6110.05000 3454.17038  43.5%     -    0s
     0     0 3454.37371    0  259 6110.05000 3454.37371  43.5%     -    0s
     0     0 3460.16599    0  103 6110.05000 3460.16599  43.4%     -    1s
     0     0 3469.46950    0  166 6110.05000 3469.46950  43.2%     -    1s
     0     0 3472.24010    0  235 6110.05000 3472.24010  43.2%     -    1s
     0     0 3480.87475    0  217 6110.05000 3480.87475  43.0%     -    1s
     0     0 3481.56573    0  158 6110.05000 3481.56573  43.0%     -    1s
     0     2 3483.18081    0  189 6110.05000 3483.18081  43.0%     -    1s
   281   301 3959.24241  114  142 6110.05000 3512.48598  42.5%  63.4    5s
H  502   550                    5157.8700000 3512.48598  31.9%  52.4    6s
*  675   658             286    5136.2600000 3520.30091  31.5%  47.7    7s
H  753   685                    5107.2600000 3520.30091  31.1%  49.1    8s
   757   687 4653.00992  231  260 5107.26000 3549.20552  30.5%  48.9   10s
H  775   664                    5103.2600000 3601.56125  29.4%  47.7   12s
H  783   636                    4437.5200000 3603.24689  18.8%  47.2   15s
H  811   624                    4338.5200000 3629.26110  16.3%  58.4   17s
*  921   653              56    4253.9300000 3629.26110  14.7%  65.4   19s
H  934   608                    4188.9100000 3629.26110  13.4%  64.7   20s
H  951   577                    4103.9100000 3629.26110  11.6%  65.4   20s
H 1044   604                    4098.5200000 3629.26110  11.4%  67.5   22s
H 1071   549                    4034.8500000 3629.26110  10.1%  67.0   22s
  1213   586 3952.09103   32  167 4034.85000 3639.35396  9.80%  72.4   25s
  1457   647 3804.90761   19   80 4034.85000 3728.64610  7.59%  77.5   30s
* 1606   644              43    4015.1200000 3736.17281  6.95%  79.5   33s
  1681   645 3945.78444   25  237 4015.12000 3736.53056  6.94%  80.9   35s
H 1792   392                    3944.1200000 3761.65742  4.63%  83.9   38s
  1859   363 3876.25787   22  214 3944.12000 3774.11574  4.31%  86.3   40s
H 1884   329                    3941.8500000 3774.53849  4.24%  87.2   40s
  2042   300 3890.85450   20  173 3941.85000 3796.73033  3.68%  91.3   45s
* 2135   289              30    3936.1200000 3801.34417  3.42%  92.2   46s
H 2191   286                    3934.1200000 3802.09778  3.36%  92.2   48s
H 2192   245                    3916.8500000 3802.09778  2.93%  92.4   48s
  2254   240     cutoff   21      3916.85000 3810.22985  2.72%  93.7   50s
H 2317   227                    3914.8500000 3826.49428  2.26%  95.3   52s
  2430   139     cutoff   28      3914.85000 3855.60659  1.51%  97.3   55s

Cutting planes:
  User: 1129
  Gomory: 13
  Cover: 191
  Implied bound: 47
  Projected implied bound: 1
  Clique: 15
  MIR: 69
  StrongCG: 2
  Flow cover: 182
  Zero half: 52
  RLT: 126
  Relax-and-lift: 2
  Lazy constraints: 227

Explored 2770 nodes (257880 simplex iterations) in 57.07 seconds
Thread count was 2 (of 32 available processors)

Solution count 10: 3914.85 3916.85 3934.12 ... 4103.91

Optimal solution found (tolerance 1.00e-04)
Best objective 3.914850000000e+03, best bound 3.914850000000e+03, gap 0.0000%

User-callback calls 12298, time in user-callback 4.11 sec
================================================================================
executing instance: ./input/Instances/Original/4/absH3low_3n10.dat
--------------------------------------------------------------------------------
Instance details
n	11
H	3
C	687
Li:
[0, 0, 0, 0, 0, 0, 0, 0, 0, 0, 0, ]
Ui:
[0, 189, 44, 174, 78, 36, 198, 117, 42, 96, 240, ]
Distance matrix:
|0	209	255	286	142	156	285	317	182	161	135	|
|209	0	464	451	315	356	490	469	361	299	260	|
|255	464	0	221	202	130	74	280	189	254	273	|
|286	451	221	0	145	156	164	479	354	153	192	|
|142	315	202	145	0	73	194	388	250	53	73	|
|156	356	130	156	73	0	134	332	200	127	144	|
|285	490	74	164	194	134	0	353	256	239	267	|
|317	469	280	479	388	332	353	0	141	436	430	|
|182	361	189	354	250	200	256	141	0	296	289	|
|161	299	254	153	53	127	239	436	296	0	39	|
|135	260	273	192	73	144	267	430	289	39	0	|

--------------------------------------------------------------------------------
Building model...
	using lazy and cut (CVRPSEP package)
Solving IRP LP...
--------------------------------------------------------------------------------

Gurobi 9.1.0 (linux64) logging started Mon Feb  8 05:46:16 2021

Gurobi Optimizer version 9.1.0 build v9.1.0rc0 (linux64)
Thread count: 32 physical cores, 32 logical processors, using up to 2 threads
Optimize a model with 302 rows, 500 columns and 1673 nonzeros
Model fingerprint: 0x8662b557
Variable types: 104 continuous, 396 integer (66 binary)
Coefficient statistics:
  Matrix range     [1e+00, 3e+02]
  Objective range  [1e-02, 5e+02]
  Bounds range     [1e+00, 2e+02]
  RHS range        [1e+00, 1e+03]
Presolve removed 92 rows and 42 columns
Presolve time: 0.02s
Presolved: 210 rows, 458 columns, 1393 nonzeros
Variable types: 62 continuous, 396 integer (336 binary)
Found heuristic solution: objective 4753.8100000

Root relaxation: objective 1.258552e+03, 279 iterations, 0.01 seconds

    Nodes    |    Current Node    |     Objective Bounds      |     Work
 Expl Unexpl |  Obj  Depth IntInf | Incumbent    BestBd   Gap | It/Node Time

     0     0 1258.55224    0   36 4753.81000 1258.55224  73.5%     -    0s
H    0     0                    4648.3700000 1258.55224  72.9%     -    0s
H    0     0                    4526.6500000 1258.55224  72.2%     -    0s
     0     0 1611.39570    0   46 4526.65000 1611.39570  64.4%     -    0s
H    0     0                    3686.0700000 1611.39570  56.3%     -    0s
     0     0 1991.31089    0   68 3686.07000 1991.31089  46.0%     -    0s
H    0     0                    2450.3600000 1991.31089  18.7%     -    0s
     0     0 2069.32064    0   43 2450.36000 2069.32064  15.6%     -    0s
     0     0 2069.32064    0   47 2450.36000 2069.32064  15.6%     -    0s
     0     0 2078.44408    0   69 2450.36000 2078.44408  15.2%     -    0s
     0     0 2089.94317    0   58 2450.36000 2089.94317  14.7%     -    0s
     0     0 2097.00163    0   61 2450.36000 2097.00163  14.4%     -    0s
     0     0 2099.37549    0   70 2450.36000 2099.37549  14.3%     -    0s
     0     0 2099.37843    0   67 2450.36000 2099.37843  14.3%     -    0s
     0     0 2105.19203    0   80 2450.36000 2105.19203  14.1%     -    0s
     0     0 2105.71408    0   66 2450.36000 2105.71408  14.1%     -    0s
     0     0 2111.82419    0   84 2450.36000 2111.82419  13.8%     -    0s
     0     0 2111.82419    0   83 2450.36000 2111.82419  13.8%     -    0s
     0     2 2125.73510    0   83 2450.36000 2125.73510  13.2%     -    0s
H   99    50                    2449.1000000 2169.12767  11.4%  29.0    0s

Cutting planes:
  User: 76
  Gomory: 4
  Cover: 54
  Implied bound: 26
  Clique: 7
  MIR: 37
  StrongCG: 2
  Flow cover: 48
  GUB cover: 1
  Zero half: 2
  RLT: 54
  Relax-and-lift: 3
  Lazy constraints: 14

Explored 455 nodes (13153 simplex iterations) in 1.02 seconds
Thread count was 2 (of 32 available processors)

Solution count 6: 2449.1 2450.36 3686.07 ... 4753.81

Optimal solution found (tolerance 1.00e-04)
Best objective 2.449100000000e+03, best bound 2.449100000000e+03, gap 0.0000%

User-callback calls 1334, time in user-callback 0.08 sec
================================================================================
executing instance: ./input/Instances/Original/4/absH3low_3n15.dat
--------------------------------------------------------------------------------
Instance details
n	16
H	3
C	1267
Li:
[0, 0, 0, 0, 0, 0, 0, 0, 0, 0, 0, 0, 0, 0, 0, 0, ]
Ui:
[0, 156, 267, 148, 144, 87, 33, 171, 76, 141, 270, 282, 60, 110, 172, 57, ]
Distance matrix:
|0	229	567	76	58	96	306	409	310	423	108	346	165	347	159	256	|
|229	0	482	243	279	155	375	525	251	419	158	373	65	123	329	246	|
|567	482	0	506	622	483	342	439	259	200	467	274	486	433	501	312	|
|76	243	506	0	119	88	230	337	255	352	88	272	179	347	94	194	|
|58	279	622	119	0	154	345	431	366	471	166	391	217	399	179	310	|
|96	155	483	88	154	0	266	397	224	358	17	289	92	262	176	179	|
|306	375	342	230	345	266	0	158	184	148	251	68	332	423	181	140	|
|409	525	439	337	431	397	158	0	340	244	386	201	476	581	253	298	|
|310	251	259	255	366	224	184	340	0	170	208	146	238	257	274	66	|
|423	419	200	352	471	358	148	244	170	0	341	84	396	424	323	182	|
|108	158	467	88	166	17	251	386	208	341	0	273	96	259	172	162	|
|346	373	274	272	391	289	68	201	146	84	273	0	340	400	239	127	|
|165	65	486	179	217	92	332	476	238	396	96	340	0	182	267	216	|
|347	123	433	347	399	262	423	581	257	424	259	400	182	0	423	283	|
|159	329	501	94	179	176	181	253	274	323	172	239	267	423	0	208	|
|256	246	312	194	310	179	140	298	66	182	162	127	216	283	208	0	|

--------------------------------------------------------------------------------
Building model...
	using lazy and cut (CVRPSEP package)
Solving IRP LP...
--------------------------------------------------------------------------------

Gurobi 9.1.0 (linux64) logging started Mon Feb  8 05:46:17 2021

Gurobi Optimizer version 9.1.0 build v9.1.0rc0 (linux64)
Thread count: 32 physical cores, 32 logical processors, using up to 2 threads
Optimize a model with 442 rows, 970 columns and 3058 nonzeros
Model fingerprint: 0x0024c543
Variable types: 154 continuous, 816 integer (96 binary)
Coefficient statistics:
  Matrix range     [1e+00, 6e+02]
  Objective range  [1e-02, 6e+02]
  Bounds range     [1e+00, 3e+02]
  RHS range        [1e+00, 2e+03]
Presolve removed 131 rows and 62 columns
Presolve time: 0.02s
Presolved: 311 rows, 908 columns, 2657 nonzeros
Variable types: 92 continuous, 816 integer (726 binary)

Root relaxation: objective 1.641402e+03, 384 iterations, 0.01 seconds

    Nodes    |    Current Node    |     Objective Bounds      |     Work
 Expl Unexpl |  Obj  Depth IntInf | Incumbent    BestBd   Gap | It/Node Time

     0     0 1641.40180    0   42          - 1641.40180      -     -    0s
     0     0 1898.05136    0   34          - 1898.05136      -     -    0s
     0     0 2324.24830    0   57          - 2324.24830      -     -    0s
     0     0 2348.19653    0   55          - 2348.19653      -     -    0s
     0     0 2394.52492    0   71          - 2394.52492      -     -    0s
     0     0 2397.37924    0   69          - 2397.37924      -     -    0s
     0     0 2397.37924    0   64          - 2397.37924      -     -    0s
     0     0 2462.91692    0  109          - 2462.91692      -     -    0s
     0     0 2537.41157    0  117          - 2537.41157      -     -    0s
     0     0 2543.65892    0   94          - 2543.65892      -     -    0s
     0     0 2543.71141    0  103          - 2543.71141      -     -    0s
     0     0 2588.69223    0   92          - 2588.69223      -     -    0s
     0     0 2597.45440    0  114          - 2597.45440      -     -    0s
     0     0 2597.45440    0  120          - 2597.45440      -     -    0s
     0     0 2599.98649    0  133          - 2599.98649      -     -    0s
     0     0 2599.98649    0  131          - 2599.98649      -     -    0s
     0     2 2602.27260    0  104          - 2602.27260      -     -    0s
*  165   155              45    3840.9400000 2636.63687  31.4%  47.2    0s
H  173   121                    3727.9400000 2650.70159  28.9%  47.2    0s
*  279   205              49    3668.6600000 2655.53900  27.6%  41.0    1s
H  346   122                    3119.0600000 2678.51938  14.1%  41.0    1s
H  422   104                    3111.6800000 2680.89575  13.8%  44.6    1s
H  426   104                    3096.6800000 2680.89575  13.4%  44.8    1s
*  764    39              12    3081.5600000 3030.06196  1.67%  52.9    3s

Cutting planes:
  User: 436
  Gomory: 6
  Cover: 86
  Implied bound: 28
  Clique: 12
  MIR: 43
  Flow cover: 89
  GUB cover: 2
  Zero half: 7
  RLT: 55
  Relax-and-lift: 4
  Lazy constraints: 182

Explored 821 nodes (42874 simplex iterations) in 3.44 seconds
Thread count was 2 (of 32 available processors)

Solution count 7: 3081.56 3096.68 3111.68 ... 3840.94

Optimal solution found (tolerance 1.00e-04)
Best objective 3.081560000000e+03, best bound 3.081560000000e+03, gap 0.0000%

User-callback calls 2541, time in user-callback 0.28 sec
================================================================================
executing instance: ./input/Instances/Original/4/absH3low_2n45.dat
--------------------------------------------------------------------------------
Instance details
n	46
H	3
C	3171
Li:
[0, 0, 0, 0, 0, 0, 0, 0, 0, 0, 0, 0, 0, 0, 0, 0, 0, 0, 0, 0, 0, 0, 0, 0, 0, 0, 0, 0, 0, 0, 0, 0, 0, 0, 0, 0, 0, 0, 0, 0, 0, 0, 0, 0, 0, 0, ]
Ui:
[0, 246, 160, 78, 20, 87, 144, 40, 20, 82, 60, 96, 24, 136, 160, 108, 160, 26, 228, 51, 24, 240, 231, 70, 32, 105, 174, 114, 246, 126, 132, 76, 22, 42, 255, 132, 148, 162, 66, 111, 102, 240, 123, 201, 297, 78, ]
Distance matrix:
|0	148	402	550	329	420	187	318	366	280	504	273	233	333	112	344	379	481	113	593	159	523	261	424	90	359	163	461	413	240	105	299	265	89	371	462	339	273	495	22	41	439	369	506	563	468	|
|148	0	284	517	394	284	136	369	244	311	496	166	329	355	223	202	338	388	204	565	254	506	118	346	71	423	173	471	336	118	105	352	198	105	248	428	302	305	487	153	179	441	230	497	517	370	|
|402	284	0	350	448	80	228	406	42	343	382	129	456	350	412	126	219	131	382	395	410	371	180	137	314	466	289	400	137	167	389	401	169	316	39	280	217	342	373	394	414	362	108	380	324	106	|
|550	517	350	0	339	429	385	308	374	295	93	375	431	249	481	461	180	239	458	48	445	57	474	214	496	333	387	160	216	424	601	321	320	471	376	90	217	301	93	530	534	146	452	88	52	262	|
|329	394	448	339	0	513	282	42	438	105	255	363	115	108	221	484	259	431	217	365	172	289	436	362	333	30	224	189	353	380	423	47	291	296	443	285	240	107	251	307	294	193	495	260	378	437	|
|420	284	80	429	513	0	267	473	76	408	462	163	509	421	449	86	298	201	421	474	455	451	167	217	330	533	333	478	217	181	386	466	225	341	70	360	291	406	453	416	438	440	59	460	400	176	|
|187	136	228	385	282	267	0	249	199	186	360	104	248	224	184	214	207	294	155	432	189	371	155	237	113	308	68	336	227	101	216	236	78	98	205	296	168	181	350	174	190	305	231	360	390	283	|
|318	369	406	308	42	473	249	0	397	66	229	325	128	67	216	447	218	389	206	337	168	260	402	320	311	61	196	167	311	345	406	19	252	275	403	248	198	70	223	296	286	164	457	233	344	395	|
|366	244	42	374	438	76	199	397	0	332	397	96	436	346	383	90	228	168	354	420	385	389	139	161	277	458	263	408	158	128	349	391	150	282	6	298	218	331	388	359	380	370	78	395	352	144	|
|280	311	343	295	105	408	186	66	332	0	231	259	142	53	191	380	171	337	173	332	150	257	337	267	258	127	139	182	258	280	359	58	186	223	338	222	143	6	224	258	254	164	390	234	323	340	|
|504	496	382	93	255	462	360	229	397	231	0	375	356	180	422	478	173	293	403	110	381	36	474	248	463	245	345	68	246	419	568	244	308	433	400	104	200	237	9	482	482	67	474	5	142	312	|
|273	166	129	375	363	163	104	325	96	259	375	0	347	283	288	121	202	221	259	423	292	376	99	183	186	386	170	370	175	52	269	315	76	187	102	288	177	256	365	265	285	333	133	374	365	204	|
|233	329	456	431	115	509	248	128	436	142	356	347	0	181	121	462	311	472	128	463	76	386	398	403	260	141	180	294	392	349	334	111	287	224	442	362	280	139	350	212	194	289	479	360	463	472	|
|333	355	350	249	108	421	224	67	346	53	180	283	181	0	244	403	152	324	226	283	201	207	369	256	307	118	186	129	247	311	409	74	208	273	351	183	136	59	173	311	307	113	410	183	282	331	|
|112	223	412	481	221	449	184	216	383	191	422	288	121	244	0	387	327	461	30	521	49	447	313	396	152	250	125	371	385	273	214	196	249	121	389	400	288	185	415	91	74	355	408	425	503	454	|
|344	202	126	461	484	86	214	447	90	380	478	121	462	403	387	0	305	256	360	508	400	473	84	250	255	507	282	482	246	115	302	437	196	271	90	382	288	377	469	343	367	444	28	476	441	232	|
|379	338	219	180	259	298	207	218	228	171	173	202	311	152	327	305	0	172	301	227	300	174	302	105	318	270	217	180	97	249	423	221	141	296	232	90	40	173	164	361	368	142	303	172	184	180	|
|481	388	131	239	431	201	294	389	168	337	293	221	472	324	461	256	172	0	432	280	446	273	300	70	400	442	337	330	80	271	490	391	217	391	167	191	194	339	286	468	483	294	239	289	203	26	|
|113	204	382	458	217	421	155	206	354	173	403	259	128	226	30	360	301	432	0	499	52	426	287	367	133	246	95	355	356	246	208	187	219	100	360	376	261	167	395	90	81	337	381	406	478	425	|
|593	565	395	48	365	474	432	337	420	332	110	423	463	283	521	508	227	280	499	0	482	77	521	260	542	356	431	178	262	472	647	352	368	516	422	137	264	338	114	573	576	174	499	106	78	304	|
|159	254	410	445	172	455	189	168	385	150	381	292	76	201	49	400	300	446	52	482	0	407	331	378	184	201	122	327	367	286	258	149	242	150	391	367	263	144	374	137	122	314	419	384	470	441	|
|523	506	371	57	289	451	371	260	389	257	36	376	386	207	447	473	174	273	426	77	407	0	475	234	477	280	363	104	234	422	583	275	313	449	392	91	205	263	38	503	504	97	468	31	108	294	|
|261	118	180	474	436	167	155	402	139	337	474	99	398	369	313	84	302	300	287	521	331	475	0	275	173	462	220	465	268	58	219	390	168	193	142	388	275	333	464	261	286	430	111	473	462	279	|
|424	346	137	214	362	217	237	320	161	267	248	183	403	256	396	250	105	70	367	260	378	234	275	0	348	374	274	274	11	234	444	321	159	335	163	145	124	269	239	409	422	237	239	245	191	76	|
|90	71	314	496	333	330	113	311	277	258	463	186	260	307	152	255	318	400	133	542	184	477	173	348	0	362	121	430	338	150	106	293	190	37	282	406	279	252	454	88	113	403	280	464	502	386	|
|359	423	466	333	30	533	308	61	458	127	245	386	141	118	250	507	270	442	246	356	201	280	462	374	362	0	252	178	365	406	453	73	313	325	463	286	254	130	242	336	324	187	517	250	374	449	|
|163	173	289	387	224	333	68	196	263	139	345	170	180	186	125	282	217	337	95	431	122	363	220	274	121	252	0	310	263	168	225	180	124	88	269	300	177	133	337	144	152	284	299	347	400	330	|
|461	471	400	160	189	478	336	167	408	182	68	370	294	129	371	482	180	330	355	178	327	104	465	274	430	178	310	0	269	408	534	184	297	398	412	142	194	188	66	439	436	38	482	73	206	345	|
|413	336	137	216	353	217	227	311	158	258	246	175	392	247	385	246	97	80	356	262	367	234	268	11	338	365	263	269	0	226	434	312	149	324	160	143	115	259	237	399	411	232	237	243	196	84	|
|240	118	167	424	380	181	101	345	128	280	419	52	349	311	273	115	249	271	246	472	286	422	58	234	150	406	168	408	226	0	223	333	111	160	133	336	219	276	409	235	258	373	136	418	416	252	|
|105	105	389	601	423	386	216	406	349	359	568	269	334	409	214	302	423	490	208	647	258	583	219	444	106	453	225	534	434	223	0	388	289	137	353	511	384	353	559	123	145	508	330	570	606	473	|
|299	352	401	321	47	466	236	19	391	58	244	315	111	74	196	437	221	391	187	352	149	275	390	321	293	73	180	184	312	333	388	0	243	257	396	258	197	60	238	276	267	178	448	248	355	395	|
|265	198	169	320	291	225	78	252	150	186	308	76	287	208	249	196	141	217	219	368	242	313	168	159	190	313	124	297	149	111	289	243	0	176	156	231	109	183	299	251	266	262	205	308	319	207	|
|89	105	316	471	296	341	98	275	282	223	433	187	224	273	121	271	296	391	100	516	150	449	193	335	37	325	88	398	324	160	137	257	176	0	287	382	256	217	424	78	98	372	295	434	480	379	|
|371	248	39	376	443	70	205	403	6	338	400	102	442	351	389	90	232	167	360	422	391	392	142	163	282	463	269	412	160	133	353	396	156	287	0	301	222	336	391	365	386	374	77	398	353	143	|
|462	428	280	90	285	360	296	248	298	222	104	288	362	183	400	382	90	191	376	137	367	91	388	145	406	286	300	142	143	336	511	258	231	382	301	0	127	226	96	443	448	110	376	100	103	209	|
|339	302	217	217	240	291	168	198	218	143	200	177	280	136	288	288	40	194	261	264	263	205	275	124	279	254	177	194	115	219	384	197	109	256	222	127	0	145	190	321	328	157	289	199	224	198	|
|273	305	342	301	107	406	181	70	331	6	237	256	139	59	185	377	173	339	167	338	144	263	333	269	252	130	133	188	259	276	353	60	183	217	336	226	145	0	230	251	248	170	388	240	328	341	|
|495	487	373	93	251	453	350	223	388	224	9	365	350	173	415	469	164	286	395	114	374	38	464	239	454	242	337	66	237	409	559	238	299	424	391	96	190	230	0	474	474	61	465	11	141	305	|
|22	153	394	530	307	416	174	296	359	258	482	265	212	311	91	343	361	468	90	573	137	503	261	409	88	336	144	439	399	235	123	276	251	78	365	443	321	251	474	0	26	418	367	485	544	456	|
|41	179	414	534	294	438	190	286	380	254	482	285	194	307	74	367	368	483	81	576	122	504	286	422	113	324	152	436	411	258	145	267	266	98	386	448	328	248	474	26	0	416	391	484	550	472	|
|439	441	362	146	193	440	305	164	370	164	67	333	289	113	355	444	142	294	337	174	314	97	430	237	403	187	284	38	232	373	508	178	262	372	374	110	157	170	61	418	416	0	444	71	187	309	|
|369	230	108	452	495	59	231	457	78	390	474	133	479	410	408	28	303	239	381	499	419	468	111	239	280	517	299	482	237	136	330	448	205	295	77	376	289	388	465	367	391	444	0	472	429	214	|
|506	497	380	88	260	460	360	233	395	234	5	374	360	183	425	476	172	289	406	106	384	31	473	245	464	250	347	73	243	418	570	248	308	434	398	100	199	240	11	485	484	71	472	0	137	309	|
|563	517	324	52	378	400	390	344	352	323	142	365	463	282	503	441	184	203	478	78	470	108	462	191	502	374	400	206	196	416	606	355	319	480	353	103	224	328	141	544	550	187	429	137	0	228	|
|468	370	106	262	437	176	283	395	144	340	312	204	472	331	454	232	180	26	425	304	441	294	279	76	386	449	330	345	84	252	473	395	207	379	143	209	198	341	305	456	472	309	214	309	228	0	|

--------------------------------------------------------------------------------
Building model...
	using lazy and cut (CVRPSEP package)
Solving IRP LP...
--------------------------------------------------------------------------------

Gurobi 9.1.0 (linux64) logging started Mon Feb  8 05:46:22 2021

Gurobi Optimizer version 9.1.0 build v9.1.0rc0 (linux64)
Thread count: 32 physical cores, 32 logical processors, using up to 2 threads
Optimize a model with 1282 rows, 6940 columns and 19243 nonzeros
Model fingerprint: 0xa3380693
Variable types: 454 continuous, 6486 integer (276 binary)
Coefficient statistics:
  Matrix range     [1e+00, 2e+03]
  Objective range  [1e-02, 6e+02]
  Bounds range     [1e+00, 3e+02]
  RHS range        [1e+00, 5e+03]
Presolve removed 226 rows and 111 columns
Presolve time: 0.08s
Presolved: 1056 rows, 6829 columns, 17931 nonzeros
Variable types: 340 continuous, 6489 integer (6216 binary)

Root relaxation: objective 2.539073e+03, 874 iterations, 0.02 seconds

    Nodes    |    Current Node    |     Objective Bounds      |     Work
 Expl Unexpl |  Obj  Depth IntInf | Incumbent    BestBd   Gap | It/Node Time

     0     0 2539.07262    0  135          - 2539.07262      -     -    0s
     0     0 2994.01968    0  151          - 2994.01968      -     -    0s
     0     0 3555.14445    0  161          - 3555.14445      -     -    0s
     0     0 3581.55884    0  160          - 3581.55884      -     -    0s
     0     0 3624.15813    0  207          - 3624.15813      -     -    0s
     0     0 3634.67798    0  219          - 3634.67798      -     -    0s
     0     0 3635.15401    0  211          - 3635.15401      -     -    0s
     0     0 3704.89151    0  238          - 3704.89151      -     -    1s
     0     0 3751.33599    0  184          - 3751.33599      -     -    1s
     0     0 3778.43388    0  214          - 3778.43388      -     -    1s
     0     0 3781.94752    0  229          - 3781.94752      -     -    1s
     0     0 3787.43662    0  223          - 3787.43662      -     -    1s
     0     0 3796.83236    0  213          - 3796.83236      -     -    1s
     0     0 3796.86599    0  246          - 3796.86599      -     -    1s
     0     0 3826.45619    0  217          - 3826.45619      -     -    1s
     0     0 3845.75396    0  267          - 3845.75396      -     -    3s
     0     0 3848.53096    0  267          - 3848.53096      -     -    3s
     0     0 3850.10993    0  280          - 3850.10993      -     -    3s
     0     0 3859.74506    0  315          - 3859.74506      -     -    3s
     0     0 3859.74506    0  315          - 3859.74506      -     -    3s
     0     2 3859.74506    0  311          - 3859.74506      -     -    4s
    13    16 3902.43840    4  240          - 3884.46782      -   253    5s
   219   229 4461.20999   51  117          - 3890.19504      -   131   10s
   637   607 3938.86761    7  266          - 3898.60261      -  70.1   15s
   732   697 4618.19377   78  112          - 3898.60261      -  82.5   20s
   752   711 4537.65667   61  340          - 3921.18834      -  80.4   25s
   768   721 5297.65000  106  391          - 3933.04778      -  78.7   31s
   771   726 3935.22199   15  408          - 3933.04778      -  89.2   36s
   785   736 3954.79471   19  396          - 3944.95352      -  93.9   40s
   827   769 4073.44381   29  294          - 3957.37925      -   107   45s
   913   836 4515.16643   49   58          - 3957.37925      -   114   50s
  1041   929 5298.62083   83   17          - 3957.37925      -   111   55s
  1197   990 5664.48500  116    2          - 3957.37925      -   102   60s
  1296  1023 6084.96000  139    -          - 3957.37925      -  96.7   65s
  1415  1069 6543.98000  187    -          - 3957.37925      -  92.0   70s
* 1426  1028             192    6606.5600000 3964.30209  40.0%  91.9   72s
  1440  1025 4060.76815   21  341 6606.56000 3964.30209  40.0%  93.2   75s
  1455  1039 4149.68871   29  222 6606.56000 3964.30209  40.0%  96.8   80s
  1475  1052 4205.89294   36  280 6606.56000 3964.30209  40.0%   100   85s
  1516  1088 4274.43317   48  134 6606.56000 3964.30209  40.0%   102   90s
  1564  1108 4323.29551   64  173 6606.56000 3964.30209  40.0%   103  100s
  1580  1131 4410.05800   66  105 6606.56000 3964.30209  40.0%   106  105s
  1647  1165 4591.82755   86   58 6606.56000 3964.30209  40.0%   106  110s
  1706  1231 4575.28738  100   30 6606.56000 3964.30209  40.0%   105  116s
  1762  1265 4617.23532  104   52 6606.56000 3964.30209  40.0%   105  120s
  1829  1335 4702.36588  128   43 6606.56000 3964.30209  40.0%   103  127s
  1881  1382 4908.38553  143   55 6606.56000 3964.30209  40.0%   101  130s
  1997  1500 5539.90000  172   12 6606.56000 3964.30209  40.0%  97.6  135s
  2267  1682 5248.29384  249   31 6606.56000 3964.30209  40.0%  88.3  145s
  2466  1726 5832.13187  341   19 6606.56000 3964.30209  40.0%  83.3  150s
  2550  1715 4179.14764   24  195 6606.56000 3966.50220  40.0%  82.9  156s
  2575  1738 4343.06579   38  344 6606.56000 3966.50220  40.0%  85.0  160s
  2612  1764 4831.88825   59  175 6606.56000 3966.50220  40.0%  87.1  166s
  2663  1827 5542.82333  104   63 6606.56000 3966.50220  40.0%  86.9  170s
  2764  1833 6565.14000  174    - 6606.56000 3979.22835  39.8%  86.5  178s
  2797  1846 6596.61000  175   13 6606.56000 3983.91730  39.7%  86.8  182s
  2825  1856     cutoff  176      6606.56000 3983.93116  39.7%  87.7  186s
  2867  1909 4250.20324   24  175 6606.56000 3983.93116  39.7%  90.5  193s
  2901  1973 4287.90116   26  254 6606.56000 3983.93116  39.7%  91.5  199s
  2964  1973 5312.60811  138   17 6606.56000 3983.93116  39.7%  91.2  200s
  2965  2105 4331.62017   29  132 6606.56000 3983.93116  39.7%  91.3  205s
  3105  2158 4543.15000   39   14 6606.56000 3983.93116  39.7%  89.1  213s
  3201  2180 4592.35218   43   34 6606.56000 3983.93116  39.7%  88.9  218s
  3219  2191 4600.77365   50   20 6606.56000 3983.93116  39.7%  90.1  228s
  3230  2216 4623.31680   55  156 6606.56000 3983.93116  39.7%  91.1  232s
  3255  2250 4656.54506   64   29 6606.56000 3983.93116  39.7%  92.2  237s
  3289  2311 4753.26056   82   92 6606.56000 3983.93116  39.7%  93.3  243s
  3350  2372 4917.20711  121   47 6606.56000 3983.93116  39.7%  93.2  248s
  3417  2541 5313.01579  131   21 6606.56000 3983.93116  39.7%  93.1  256s
  3609  2556 6019.73286  190   15 6606.56000 3983.93116  39.7%  89.9  274s
  3611  2583 6008.14227  193   18 6606.56000 3994.92996  39.5%  89.9  280s
  3677  2604 6445.30000  289    - 6606.56000 3995.00790  39.5%  90.2  285s
  3698  2647     cutoff  289      6606.56000 3995.38401  39.5%  91.5  290s
  3743  2705     cutoff  288      6606.56000 3995.38690  39.5%  92.5  296s
  3804  2751 4193.02956   28  345 6606.56000 3995.38690  39.5%  93.3  302s
  3861  2821 4708.11140   47  244 6606.56000 3995.38690  39.5%  93.8  308s
  3932  2865 5294.08162  113   35 6606.56000 3995.38690  39.5%  94.2  313s
  3978  2879     cutoff  150      6606.56000 4004.20684  39.4%  94.7  318s
  4010  2901 4260.64490   24  287 6606.56000 4004.20684  39.4%  96.2  324s
  4032  2951 4427.02998   39  247 6606.56000 4004.20684  39.4%  97.0  330s
  4084  2986 4855.57000   73   11 6606.56000 4004.20770  39.4%  98.1  336s
  4132  3010 5282.29000   93    - 6606.56000 4018.44546  39.2%  99.3  342s
  4159  3056 4343.16780   23  308 6606.56000 4018.44546  39.2%   101  348s
  4200  3135 4446.13998   29  221 6606.56000 4018.44546  39.2%   102  356s
  4281  3308 4661.54815   43   50 6606.56000 4018.44546  39.2%   103  365s
  4491  3606 4785.29673  131   22 6606.56000 4022.82866  39.1%   101  379s
  4586  3608 4945.66094  215   29 6606.56000 4022.82866  39.1%  99.4  380s
  4839  3633 6487.46000  263    - 6606.56000 4024.99764  39.1%  96.1  389s
  4859  3650     cutoff  260      6606.56000 4037.83878  38.9%  98.0  395s
  4879  3676 4386.77733   30  360 6606.56000 4037.83878  38.9%   100  401s
  4905  3716 4712.32097   43  241 6606.56000 4037.83878  38.9%   101  409s
  4945  3792 5215.50994   63  168 6606.56000 4038.23103  38.9%   102  416s
  5039  3815 6180.51000  120    - 6606.56000 4038.23103  38.9%   102  431s
  5061  3949 6213.99000  127   20 6606.56000 4038.84209  38.9%   102  442s
  5258  3984 6602.62000  147    - 6606.56000 4038.85346  38.9%   100  453s
  5289  4005     cutoff  147      6606.56000 4040.33878  38.8%   102  461s
  5312  4058 4225.81464   30  291 6606.56000 4040.95380  38.8%   104  491s
  5365  4302 4365.34450   46   56 6606.56000 4040.95380  38.8%   106  504s
  5441  4302 4790.54875  104    9 6606.56000 4040.95380  38.8%   105  505s
  5613  4506 4597.05500  111   41 6606.56000 4041.00659  38.8%   103  517s
  5863  4531 6343.51475  178   14 6606.56000 4041.93754  38.8%   100  520s
  5894  4543     cutoff  204      6606.56000 4041.95784  38.8%   101  554s
  5922  4574     cutoff  205      6606.56000 4050.30055  38.7%   101  563s
  5979  4695     cutoff  202      6606.56000 4052.21389  38.7%   102  591s
  6156  4740 4249.53501   23  281 6606.56000 4052.21389  38.7%   101  602s
  6197  4890 4572.75961   47  135 6606.56000 4052.21389  38.7%   102  612s
  6351  5001 6586.53532  174   17 6606.56000 4053.02492  38.7%   102  626s
  6487  5116 4572.21857   36  202 6606.56000 4055.14242  38.6%   102  641s
  6634  5257 4140.71905   24  298 6606.56000 4055.14242  38.6%   102  654s
  6812  5318 4215.70807   28  119 6606.56000 4055.14242  38.6%   101  665s
  6858  5396 4500.74481   36  157 6606.56000 4055.14242  38.6%   102  675s
  6937  5626 4786.02059   65   12 6606.56000 4055.14242  38.6%   103  691s
  7203  5699 5412.41255   90   52 6606.56000 4059.34785  38.6%   101  707s
  7292  5882 6578.06000  187    6 6606.56000 4060.39254  38.5%   102  727s
  7487  5954 infeasible  189      6606.56000 4065.28093  38.5%   101  748s
  7585  6041 4564.22036   30  259 6606.56000 4065.43788  38.5%   103  765s
  7681  6190 5015.06866   40  278 6606.56000 4066.00979  38.5%   105  787s
  7867  6300 4284.37670   27  321 6606.56000 4068.47948  38.4%   106  805s
  7962  6689 4612.39746   55  145 6606.56000 4068.50345  38.4%   108  823s
  8114  6692 4855.84961  187    8 6606.56000 4068.50345  38.4%   106  825s
