




arguments: ./build/bc_mirp -f ./input/orig_exec_245.cfg
Current dir: /scratch/gui/bc_mirp
File verbosity level: 9
date       time         ( uptime  ) [ thread name/id ]                   file:line     v| 
2021-02-16 02:23:49.117 (   1.007s) [main thread     ]             loguru.cpp:789   INFO| Logging to './output/vi_vc+hc2/OU/V2/Original/execution_16_02_2021_02_23_49.log', mode: 'a', verbosity: 9
--------------------------------------------------------------------------------
Parameters
                           instance_path           ./input/Instances/Original/6/
                            model_policy                                       1
                             nb_vehicles                                       2
                              output_dir      ./output/vi_vc+hc2/OU/V2/Original/
                            sec_strategy                                       1
                       solver_nb_threads                                       2
                         solver_show_log                                    true
                       solver_time_limit                                    3600
                              use_vi_cos                                   false
                              use_vi_cus                                   false
                         use_vi_hc1_full                                   false
                         use_vi_hc1_half                                   false
                      use_vi_hc1_quarter                                   false
                              use_vi_hc2                                    true
                              use_vi_hc3                                   false
                         use_vi_lex_full                                   false
                         use_vi_lex_half                                   false
                      use_vi_lex_quarter                                   false
                              use_vi_qua                                   false
                               use_vi_vc                                    true
                               use_vi_vr                                   false
--------------------------------------------------------------------------------
executing instance: ./input/Instances/Original/6/absH6high_1n25.dat
--------------------------------------------------------------------------------
Instance details
n	26
H	6
C	1711
Li:
[0, 0, 0, 0, 0, 0, 0, 0, 0, 0, 0, 0, 0, 0, 0, 0, 0, 0, 0, 0, 0, 0, 0, 0, 0, 0, ]
Ui:
[0, 168, 176, 34, 66, 36, 177, 106, 118, 182, 64, 141, 189, 63, 46, 111, 182, 231, 36, 66, 68, 54, 132, 90, 246, 75, ]
Distance matrix:
|0	191	200	231	334	329	146	196	208	245	218	164	283	394	151	358	156	196	309	253	201	260	127	138	130	104	|
|191	0	226	229	278	146	328	216	390	417	327	293	195	334	106	296	171	122	472	151	12	411	280	53	190	130	|
|200	226	0	38	149	359	321	10	276	274	418	364	139	204	121	173	321	115	303	141	225	236	155	202	311	256	|
|231	229	38	0	110	352	358	37	314	310	448	395	108	167	129	135	342	109	336	120	226	268	194	213	335	277	|
|334	278	149	110	0	367	467	147	422	413	546	495	86	61	203	25	423	163	429	129	271	363	303	282	424	361	|
|329	146	359	352	367	0	453	349	533	562	411	393	282	411	245	378	250	244	617	245	141	556	426	195	284	243	|
|146	328	321	358	467	453	0	321	162	215	160	112	425	524	297	491	223	341	284	397	339	266	186	276	184	210	|
|196	216	10	37	147	349	321	0	281	281	414	360	132	203	112	171	315	105	311	132	216	244	159	193	305	249	|
|208	390	276	314	422	533	162	281	0	54	321	271	410	471	316	445	348	348	123	398	398	115	125	338	313	309	|
|245	417	274	310	413	562	215	281	54	0	375	323	413	457	334	435	393	361	70	406	424	69	139	367	359	349	|
|218	327	418	448	546	411	160	414	321	375	0	57	484	606	347	569	163	393	444	446	339	421	318	288	137	199	|
|164	293	364	395	495	393	112	360	271	323	57	0	437	556	300	519	144	346	393	401	305	367	261	249	109	163	|
|283	195	139	108	86	282	425	132	410	413	484	437	0	139	137	101	349	91	443	44	187	375	286	206	355	291	|
|394	334	204	167	61	411	524	203	471	457	606	556	139	0	264	38	483	222	467	183	326	403	356	341	484	421	|
|151	106	121	129	203	245	297	112	316	334	347	300	137	264	0	225	220	46	381	102	106	316	195	84	221	158	|
|358	296	173	135	25	378	491	171	445	435	569	519	101	38	225	0	444	184	450	145	288	384	328	303	446	383	|
|156	171	321	342	423	250	223	315	348	393	163	144	349	483	220	444	0	261	460	308	183	415	284	143	39	65	|
|196	122	115	109	163	244	341	105	348	361	393	346	91	222	46	184	261	0	402	56	118	336	224	119	264	200	|
|309	472	303	336	429	617	284	311	123	70	444	393	443	467	381	450	460	402	0	442	477	68	192	424	426	413	|
|253	151	141	120	129	245	397	132	398	406	446	401	44	183	102	145	308	56	442	0	143	375	273	164	315	251	|
|201	12	225	226	271	141	339	216	398	424	339	305	187	326	106	288	183	118	477	143	0	416	286	63	202	142	|
|260	411	236	268	363	556	266	244	115	69	421	367	375	403	316	384	415	336	68	375	416	0	135	365	384	363	|
|127	280	155	194	303	426	186	159	125	139	318	261	286	356	195	328	284	224	192	273	286	135	0	232	256	229	|
|138	53	202	213	282	195	276	193	338	367	288	249	206	341	84	303	143	119	424	164	63	365	232	0	153	89	|
|130	190	311	335	424	284	184	305	313	359	137	109	355	484	221	446	39	264	426	315	202	384	256	153	0	64	|
|104	130	256	277	361	243	210	249	309	349	199	163	291	421	158	383	65	200	413	251	142	363	229	89	64	0	|

--------------------------------------------------------------------------------
Building model...
	using lazy and cut (CVRPSEP package)
Solving IRP LP...
--------------------------------------------------------------------------------

Gurobi 9.1.0 (linux64) logging started Tue Feb 16 02:23:49 2021

Gurobi Optimizer version 9.1.0 build v9.1.0rc0 (linux64)
Thread count: 32 physical cores, 32 logical processors, using up to 2 threads
Optimize a model with 1418 rows, 4694 columns and 13880 nonzeros
Model fingerprint: 0xdc532c72
Variable types: 482 continuous, 4212 integer (312 binary)
Coefficient statistics:
  Matrix range     [1e+00, 9e+02]
  Objective range  [1e-01, 6e+02]
  Bounds range     [1e+00, 2e+02]
  RHS range        [1e+00, 3e+03]
Presolve removed 283 rows and 102 columns
Presolve time: 0.10s
Presolved: 1135 rows, 4592 columns, 13118 nonzeros
Variable types: 380 continuous, 4212 integer (3912 binary)

Root relaxation: objective 1.301997e+04, 1363 iterations, 0.05 seconds

    Nodes    |    Current Node    |     Objective Bounds      |     Work
 Expl Unexpl |  Obj  Depth IntInf | Incumbent    BestBd   Gap | It/Node Time

     0     0 13019.9705    0  215          - 13019.9705      -     -    0s
     0     0 13534.5736    0  204          - 13534.5736      -     -    0s
     0     0 13601.6522    0  253          - 13601.6522      -     -    0s
     0     0 13619.9487    0  260          - 13619.9487      -     -    0s
     0     0 13674.0325    0  222          - 13674.0325      -     -    1s
     0     0 13690.8408    0  245          - 13690.8408      -     -    1s
     0     0 13696.6009    0  237          - 13696.6009      -     -    1s
     0     0 13696.8222    0  233          - 13696.8222      -     -    1s
     0     0 14511.3077    0  278          - 14511.3077      -     -    1s
     0     0 14544.1320    0  341          - 14544.1320      -     -    1s
     0     0 14638.3682    0  343          - 14638.3682      -     -    2s
     0     0 14693.7937    0  331          - 14693.7937      -     -    2s
     0     0 14751.7943    0  309          - 14751.7943      -     -    2s
     0     0 14768.7710    0  378          - 14768.7710      -     -    2s
     0     0 14779.4930    0  365          - 14779.4930      -     -    2s
     0     0 14780.9822    0  372          - 14780.9822      -     -    2s
     0     0 15008.9426    0  395          - 15008.9426      -     -    2s
     0     0 15081.6181    0  368          - 15081.6181      -     -    2s
     0     0 15085.7587    0  369          - 15085.7587      -     -    2s
     0     0 15086.0033    0  364          - 15086.0033      -     -    2s
     0     0 15182.0944    0  405          - 15182.0944      -     -    3s
     0     0 15202.9325    0  435          - 15202.9325      -     -    3s
     0     0 15204.0992    0  442          - 15204.0992      -     -    3s
     0     0 15209.9596    0  401          - 15209.9596      -     -    3s
     0     0 15209.9596    0  390          - 15209.9596      -     -    3s
     0     2 15210.1753    0  382          - 15210.1753      -     -    4s
     5     8 15236.1664    2  437          - 15236.1664      -   581    5s
    64    68 16230.6432   17  342          - 15266.4592      -   583   10s
   371   365 19236.5000  158    -          - 15277.2029      -   170   15s
*  594   574             205    20280.940000 15277.2029  24.7%   130   18s
   616   600 16114.0088   15  281 20280.9400 15277.2029  24.7%   143   20s
H  663   645                    20272.940000 15277.2029  24.6%   147   22s
   732   710 16368.6685   47  390 20272.9400 15277.2029  24.6%   146   26s
H  733   675                    19913.550000 15277.2029  23.3%   146   26s
   748   685 16441.5582   35  506 19913.5500 15808.2252  20.6%   143   30s
H  751   652                    19692.370000 15815.3864  19.7%   143   31s
H  758   625                    19590.370000 15816.5760  19.3%   156   32s
   769   632 16201.0474   30  563 19590.3700 15817.6130  19.3%   154   35s
H  772   602                    19574.870000 15818.3820  19.2%   153   36s
   777   605 16314.8448   24  539 19574.8700 15818.4343  19.2%   152   40s
   859   666 16007.4093   41  334 19574.8700 15849.5943  19.0%   179   45s
H  874   648                    19513.510000 15849.5943  18.8%   180   45s
H  878   618                    19115.000000 15849.5943  17.1%   180   45s
H  941   627                    18813.720000 15849.5943  15.8%   182   47s
H  975   630                    18467.700000 15849.5943  14.2%   180   49s
  1011   632 16466.2925   75  241 18467.7000 15849.5943  14.2%   178   50s
H 1045   622                    18359.140000 15854.3452  13.6%   179   51s
  1137   684 16811.3792   76  148 18359.1400 15854.3452  13.6%   181   55s
  1278   772 16378.9499   44  257 18359.1400 15886.3734  13.5%   188   60s
  1503   960 16124.7504   30  268 18359.1400 15893.3191  13.4%   174   65s
H 1646   963                    17687.000000 15893.3191  10.1%   166   67s
* 1703   915             129    17431.730000 15900.8407  8.78%   162   67s
H 1741   899                    17428.730000 15900.8407  8.77%   164   70s
  1872   958 16989.9911   92   99 17428.7300 15901.8477  8.76%   164   75s
  1943  1015 16053.0111   28  232 17428.7300 15902.6079  8.76%   167   81s
H 2055  1071                    17344.160000 15902.9266  8.31%   163   83s
  2119  1083 16206.4061   36  358 17344.1600 15903.6268  8.31%   162   85s
  2217  1136 16084.4581   31  381 17344.1600 15904.2670  8.30%   164   90s
H 2229  1138                    17334.240000 15904.2670  8.25%   166   91s
  2276  1204 16248.6505   43  209 17334.2400 15904.2670  8.25%   171   95s
* 2461  1041             111    16805.650000 15904.2670  5.36%   169   99s
  2466  1041 15935.1030   29  465 16805.6500 15904.2670  5.36%   169  100s
  2602  1134 16727.3799   50  121 16805.6500 15910.4821  5.33%   172  106s
  2677  1179 16352.2862   38  355 16805.6500 15913.7884  5.31%   174  111s
  2750  1241 16541.3845   43  213 16805.6500 15915.2291  5.30%   177  115s
  2866  1327 16214.0696   29  366 16805.6500 15925.6231  5.24%   178  140s
  2960  1350 16108.0976   29  398 16805.6500 15926.0093  5.23%   177  146s
H 3046  1293                    16726.650000 15926.6042  4.78%   178  152s
  3063  1323 16089.5041   29  335 16726.6500 15926.6042  4.78%   179  155s
  3168  1393 16096.6502   30  295 16726.6500 15929.5524  4.77%   180  160s
  3217  1438 16154.2671   36  347 16726.6500 15929.5524  4.77%   184  165s
  3309  1493 16456.1638   46  275 16726.6500 15929.5524  4.77%   187  171s
  3431  1583 16073.5755   34  388 16726.6500 15941.0701  4.70%   190  177s
  3507  1607 16260.8788   35  311 16726.6500 15943.5310  4.68%   191  198s
  3533  1687 16489.8979   39  301 16726.6500 15946.6065  4.66%   193  201s
  3643  1727 16021.9260   31  269 16726.6500 15953.9516  4.62%   193  205s
  3744  1788 16184.4807   25  344 16726.6500 15955.7337  4.61%   196  212s
  3802  1816     cutoff   57      16726.6500 15957.1604  4.60%   197  216s
  3838  1865 16454.8529   35  414 16726.6500 15957.1783  4.60%   199  220s
  4005  1967 16085.2532   34  376 16726.6500 15961.5546  4.57%   200  229s
  4098  2013 16033.9053   34  276 16726.6500 15967.7770  4.54%   201  233s
  4169  2080 16195.8876   27  328 16726.6500 15970.4637  4.52%   202  238s
  4266  2118 16157.3365   32  337 16726.6500 15972.0000  4.51%   202  242s
  4320  2151 16474.2627   48  178 16726.6500 15972.4726  4.51%   205  247s
  4369  2198 16373.9077   37  344 16726.6500 15972.4920  4.51%   206  252s
  4455  2233 16164.9431   28  383 16726.6500 15978.9422  4.47%   207  256s
  4514  2265 16086.4779   34  397 16726.6500 15979.2406  4.47%   209  261s
  4578  2322 16215.1946   31  339 16726.6500 15985.5796  4.43%   211  266s
  4682  2404 16177.1593   30  290 16726.6500 15986.2021  4.43%   212  287s
  4852  2447 16148.2730   29  263 16726.6500 15991.3669  4.40%   211  293s
  4957  2502 16431.1704   43  348 16726.6500 15992.3510  4.39%   212  299s
  5030  2571 16344.8171   34  279 16726.6500 15994.2699  4.38%   213  305s
  5133  2626 16524.6809   46  184 16726.6500 15995.1121  4.37%   214  310s
  5212  2712 16158.1187   26  449 16726.6500 15996.3219  4.37%   216  316s
  5318  2773 16601.2043   47  174 16726.6500 15999.4275  4.35%   217  323s
  5467  2825 16166.5626   33  326 16726.6500 16002.6521  4.33%   217  330s
  5519  2944 16348.6476   37  305 16726.6500 16002.6521  4.33%   220  337s
  5646  3118 16607.7381   59  251 16726.6500 16003.6859  4.32%   221  347s
  5920  3192 16469.3781   36  239 16726.6500 16004.8488  4.32%   218  355s
  6042  3304 16223.0305   29  268 16726.6500 16007.8661  4.30%   218  363s
  6215  3408 16191.7591   34  239 16726.6500 16011.7600  4.27%   217  371s
  6344  3516 16686.6494   62  151 16726.6500 16012.0330  4.27%   217  379s
  6429  3516     cutoff   43      16726.6500 16013.3267  4.26%   217  380s
  6546  3634 16260.4888   37  227 16726.6500 16013.5754  4.26%   217  388s
  6690  3745 16418.8711   36  209 16726.6500 16013.8765  4.26%   217  396s
  6854  3855 infeasible   47      16726.6500 16016.0084  4.25%   217  405s
* 6926  3476              71    16660.130000 16017.5599  3.86%   217  406s
  7002  3522 16650.5882   61  197 16660.1300 16018.7877  3.85%   217  413s
  7117  3598 16250.4403   32  226 16660.1300 16021.3251  3.83%   219  422s
  7239  3654 16236.1181   36  237 16660.1300 16022.1139  3.83%   220  430s
  7388  3766 16476.9145   49  281 16660.1300 16025.9023  3.81%   222  440s
H 7596  3623                    16639.130000 16028.6512  3.67%   222  450s
H 7661  3456                    16620.909980 16029.2882  3.56%   223  450s
  7692  3514 16432.7328   41  230 16620.9100 16029.8404  3.56%   223  459s
  7853  3582 16096.3908   30  459 16620.9100 16032.6121  3.54%   225  468s
  7971  3642 16490.0441   37  263 16620.9100 16033.8077  3.53%   226  478s
  8117  3706 16149.8302   29  373 16620.9100 16036.9881  3.51%   227  488s
  8274  3784 16411.6536   38  255 16620.9100 16039.0234  3.50%   228  497s
  8438  3845 16570.0663   37  171 16620.9100 16039.8443  3.50%   229  507s
  8594  3953     cutoff   45      16620.9100 16041.7391  3.48%   230  517s
  8778  4033 16207.4175   38  322 16620.9100 16043.4023  3.47%   230  529s
H 8936  4109                    16620.830000 16043.9201  3.47%   231  539s
  9170  4184 16063.4358   28  334 16620.8300 16050.1618  3.43%   230  549s
  9310  4261     cutoff   50      16620.8300 16051.0553  3.43%   231  559s
  9449  4337 16578.7354   37  350 16620.8300 16053.2160  3.42%   232  569s
  9600  4461     cutoff   48      16620.8300 16053.9737  3.41%   232  578s
  9809  4510 16447.5957   47  272 16620.8300 16058.0748  3.39%   232  590s
  9890  4617     cutoff   40      16620.8300 16058.6753  3.38%   233  600s
 10070  4746 16608.4487   45  240 16620.8300 16060.4289  3.37%   233  610s
H10276  4850                    16618.830000 16062.0862  3.35%   232  621s
H10294  4849                    16618.650000 16063.0729  3.34%   233  621s
H10440  4831                    16616.399998 16063.3018  3.33%   232  621s
 10442  4915 16421.1044   33  314 16616.4000 16063.6746  3.33%   232  632s
 10603  4995 16114.0840   28  457 16616.4000 16065.3490  3.32%   233  641s
 10753  5072 16551.6518   37  245 16616.4000 16066.8992  3.31%   233  652s
 10929  5150 16536.2320   36  307 16616.4000 16068.5622  3.30%   234  662s
 11112  5208     cutoff   50      16616.4000 16070.2924  3.29%   234  671s
 11227  5300 16434.7348   37  301 16616.4000 16072.8379  3.27%   235  681s
 11394  5396 16216.9325   36  294 16616.4000 16073.6905  3.27%   236  693s
 11615  5450 16316.0490   36  214 16616.4000 16074.8019  3.26%   235  702s
 11719  5539 16329.5737   45  356 16616.4000 16075.9457  3.25%   237  712s
 11920  5612 16568.6655   40  334 16616.4000 16078.8175  3.24%   236  723s
 12093  5693 16114.6131   29  324 16616.4000 16080.7455  3.22%   235  733s
 12250  5783 16304.6819   33  340 16616.4000 16081.0052  3.22%   235  744s
 12423  5876 16267.3450   34  265 16616.4000 16084.0434  3.20%   236  754s
 12535  5876 16309.9891   34  369 16616.4000 16086.0106  3.19%   236  755s
 12621  5945     cutoff   55      16616.4000 16086.6046  3.19%   236  764s
 12788  6015 16270.7192   32  425 16616.4000 16088.4156  3.18%   236  776s
 12885  6107 16447.4191   37  255 16616.4000 16089.0926  3.17%   237  787s
 13081  6178     cutoff   44      16616.4000 16090.6006  3.16%   237  797s
H13083  6162                    16614.760000 16090.6006  3.15%   237  797s
 13229  6247     cutoff   49      16614.7600 16091.1550  3.15%   237  808s
 13438  6342 16476.7608   46   90 16614.7600 16092.5738  3.14%   238  819s
 13551  6342 16518.8140   42  291 16614.7600 16094.3401  3.13%   237  820s
 13642  6485 16504.1810   42  227 16614.7600 16096.4982  3.12%   238  830s
 13875  6630 16406.0967   45  204 16614.7600 16099.4055  3.10%   237  842s
*14064  6516              60    16602.300000 16100.5379  3.02%   236  842s
 14108  6608 16438.6433   42  237 16602.3000 16100.5734  3.02%   236  853s
 14285  6740 16356.7222   43  226 16602.3000 16101.9425  3.01%   236  864s
 14485  6875 16160.6718   36  320 16602.3000 16103.1484  3.01%   236  876s
 14704  6954 16241.8617   34  274 16602.3000 16104.9928  3.00%   236  888s
 14847  7094 16204.6768   37  354 16602.3000 16105.5600  2.99%   236  899s
 15124  7230 16453.5615   75  105 16602.3000 16106.1819  2.99%   236  910s
*15214  7180              50    16597.380000 16106.1819  2.96%   235  911s
 15327  7379 16386.0410   43  202 16597.3800 16107.9606  2.95%   236  923s
*15466  5277              77    16480.900000 16107.9606  2.26%   235  923s
 15647  5265 16289.8332   35  254 16480.9000 16109.0688  2.26%   234  934s
H15839  5104                    16467.900000 16110.3814  2.17%   235  945s
 16010  5227 16408.9348   41  140 16467.9000 16111.8575  2.16%   235  957s
 16205  5281     cutoff   47      16467.9000 16114.5216  2.15%   235  968s
 16345  5365 16344.1097   35  413 16467.9000 16115.8856  2.14%   236  979s
 16511  5460 16281.4874   44  298 16467.9000 16117.2154  2.13%   236  990s
H16584  4376                    16418.900000 16117.2154  1.84%   237  990s
 16679  4391 16303.2812   41  327 16418.9000 16117.8963  1.83%   237 1001s
 16855  4457 16314.4693   33  375 16418.9000 16119.3383  1.82%   237 1012s
H17073  4490                    16417.670000 16120.8824  1.81%   237 1023s
 17214  4557 16373.8882   40  324 16417.6700 16121.1393  1.81%   237 1034s
 17386  4593 16218.7848   28  400 16417.6700 16123.6639  1.79%   238 1045s
 17519  4699 16196.1632   33  280 16417.6700 16124.2818  1.79%   239 1057s
*17613  4610              55    16413.750000 16124.2818  1.76%   239 1057s
 17749  4658     cutoff   32      16413.7500 16125.1702  1.76%   239 1068s
 17908  4711 16379.1878   46  310 16413.7500 16126.5433  1.75%   239 1079s
 18102  4784 16254.9046   38  308 16413.7500 16127.9685  1.74%   240 1091s
 18297  4843 16244.0282   34  379 16413.7500 16129.2408  1.73%   240 1102s
 18480  4930 16230.5886   35  228 16413.7500 16130.7952  1.72%   240 1113s
 18681  4963 16318.2276   37  443 16413.7500 16132.3393  1.71%   240 1123s
 18825  5022 16255.8454   33  276 16413.7500 16133.2061  1.71%   241 1134s
 18919  5022 16196.0086   33  206 16413.7500 16134.1672  1.70%   241 1135s
 19013  5069     cutoff   33      16413.7500 16134.4538  1.70%   241 1146s
 19163  5114 16396.2946   40  246 16413.7500 16135.7677  1.69%   241 1157s
 19394  5185 16203.8020   35  199 16413.7500 16138.7540  1.68%   241 1168s
 19590  5211     cutoff   36      16413.7500 16139.8367  1.67%   241 1179s
 19755  5290 16290.2770   32  414 16413.7500 16141.9074  1.66%   242 1190s
 19957  5326     cutoff   38      16413.7500 16142.8321  1.65%   241 1201s
 20097  5409 16394.2631   37  385 16413.7500 16144.4112  1.64%   242 1212s
 20302  5567 16331.2877   34  203 16413.7500 16145.8159  1.63%   242 1224s
*20491  5441              71    16408.060000 16147.8503  1.59%   242 1224s
 20613  5494 16228.9559   35  235 16408.0600 16147.8933  1.59%   241 1235s
H20786  4991                    16383.060000 16148.9383  1.43%   241 1246s
 20914  5028 16171.4935   35  252 16383.0600 16150.0453  1.42%   241 1258s
 21074  5087 16227.8978   34  292 16383.0600 16151.0778  1.42%   242 1270s
 21345  5115 16351.7949   40  189 16383.0600 16152.3885  1.41%   242 1281s
 21533  5171 16375.9052   42  175 16383.0600 16153.2150  1.40%   242 1293s
 21738  5248 16350.0250   35  244 16383.0600 16154.9560  1.39%   242 1305s
 21929  5304 16340.0304   54  125 16383.0600 16155.5664  1.39%   242 1316s
 22131  5384 16373.2852   38  392 16383.0600 16156.8986  1.38%   242 1327s
 22361  5429 16328.9521   33  321 16383.0600 16158.8804  1.37%   242 1339s
 22526  5472 16201.1324   34  282 16383.0600 16160.6369  1.36%   242 1349s
 22707  5517     cutoff   40      16383.0600 16162.5722  1.35%   242 1362s
 22930  5594 16223.5267   33  432 16383.0600 16163.5559  1.34%   243 1374s
 23165  5645 16229.8881   38  354 16383.0600 16164.4925  1.33%   242 1386s
 23373  5701 16306.3575   35  295 16383.0600 16165.0117  1.33%   242 1397s
 23525  5776 16339.0830   33  290 16383.0600 16165.9547  1.33%   243 1409s
 23793  5820 16248.5499   39  178 16383.0600 16167.1301  1.32%   242 1420s
 23971  5883 16351.5748   35  282 16383.0600 16168.2218  1.31%   242 1431s
 24205  5924 16297.4785   36  354 16383.0600 16169.1983  1.31%   242 1443s
 24398  5969 16295.3397   35  378 16383.0600 16170.5009  1.30%   242 1454s
 24500  5969 16312.0822   35  277 16383.0600 16171.4449  1.29%   242 1455s
 24615  6103 16329.5926   39  187 16383.0600 16171.5307  1.29%   242 1467s
 24890  6176 16343.3115   49  181 16383.0600 16172.6167  1.28%   242 1479s
 25147  6226     cutoff   42      16383.0600 16173.6812  1.28%   242 1492s
 25348  6303 16281.1435   38  311 16383.0600 16174.1297  1.28%   242 1528s
 25566  6311     cutoff   42      16383.0600 16174.8957  1.27%   242 1574s
 25648  6311     cutoff   42      16383.0600 16174.8957  1.27%   242 1584s
 25650  6329     cutoff   33      16383.0600 16175.0799  1.27%   242 1594s
 25819  6411 16291.6783   39  264 16383.0600 16176.0462  1.26%   242 1607s
 26111  6486 16317.8298   33  396 16383.0600 16177.0852  1.26%   242 1619s
 26300  6568 16338.4143   55   64 16383.0600 16177.7134  1.25%   242 1643s
 26590  6685 16279.7454   35  342 16383.0600 16179.1094  1.24%   242 1655s
 26893  6741     cutoff   40      16383.0600 16180.1293  1.24%   241 1668s
 27182  6859 16364.9037   40  289 16383.0600 16181.5196  1.23%   241 1680s
 27465  6917 16314.5633   35  302 16383.0600 16182.6964  1.22%   240 1691s
 27701  6985 16318.2238   35  308 16383.0600 16183.3244  1.22%   240 1704s
 27932  7050 16312.0785   40  294 16383.0600 16184.4077  1.21%   240 1716s
 28172  7091 16305.7333   39  171 16383.0600 16185.0913  1.21%   240 1729s
 28383  7132 16257.2676   30  408 16383.0600 16186.0773  1.20%   240 1740s
 28580  7188 16379.7908   50  206 16383.0600 16187.0160  1.20%   240 1751s
 28781  7275 16316.6206   35  350 16383.0600 16188.3352  1.19%   240 1775s
 29111  7344 16241.6714   37  213 16383.0600 16189.3459  1.18%   240 1788s
 29365  7389 16316.4338   38  278 16383.0600 16190.1987  1.18%   240 1800s
 29615  7413 16353.8614   39  322 16383.0600 16191.5903  1.17%   240 1812s
 29800  7510     cutoff   35      16383.0600 16191.8509  1.17%   240 1825s
 30138  7567 16329.5075   33  297 16383.0600 16192.8593  1.16%   239 1838s
 30412  7657 16332.2445   44  158 16383.0600 16194.0617  1.15%   239 1851s
 30690  7750 16292.5272   39  352 16383.0600 16194.8717  1.15%   239 1865s
 31029  7788 16380.8997   43  237 16383.0600 16195.3793  1.15%   238 1878s
 31282  7881 16227.1435   36  260 16383.0600 16196.2635  1.14%   238 1891s
 31572  7942 16343.8792   40  212 16383.0600 16196.7775  1.14%   238 1904s
 31845  7990     cutoff   35      16383.0600 16197.8807  1.13%   238 1917s
 32082  8037 16330.5024   39  328 16383.0600 16198.6625  1.13%   238 1929s
 32203  8037 16249.8647   39  202 16383.0600 16199.2248  1.12%   238 1930s
 32338  8081 16352.2756   48  242 16383.0600 16199.2524  1.12%   238 1943s
 32569  8167 infeasible   39      16383.0600 16199.9238  1.12%   238 1955s
 32809  8212 16271.9196   43  137 16383.0600 16200.5939  1.11%   238 1966s
 33034  8319 16296.8596   39  285 16383.0600 16201.6133  1.11%   238 1979s
 33355  8375 16310.3560   44  185 16383.0600 16203.0214  1.10%   237 1992s
 33627  8389 16317.2156   39  281 16383.0600 16203.8189  1.09%   237 2013s
 33699  8429 16355.4783   35  296 16383.0600 16204.1410  1.09%   238 2027s
 34015  8473 16346.6536   37  375 16383.0600 16204.7124  1.09%   237 2039s
 34295  8516     cutoff   41      16383.0600 16205.2089  1.09%   237 2052s
 34556  8573 16325.6646   39  257 16383.0600 16206.5463  1.08%   237 2072s
 34826  8613     cutoff   40      16383.0600 16207.2615  1.07%   237 2085s
 35103  8673     cutoff   42      16383.0600 16207.9378  1.07%   237 2098s
 35446  8724 16344.6362   38  232 16383.0600 16208.9300  1.06%   237 2115s
 35786  8802 16217.1340   40  211 16383.0600 16209.7377  1.06%   236 2130s
 36101  8868 16229.7906   37  209 16383.0600 16210.5997  1.05%   236 2144s
 36389  8936     cutoff   45      16383.0600 16211.1727  1.05%   236 2157s
 36711  8996 16338.6389   42  274 16383.0600 16211.9838  1.04%   235 2170s
 37010  9037 16351.9748   33  194 16383.0600 16212.8952  1.04%   235 2183s
 37300  9130 16298.6606   35  216 16383.0600 16213.5881  1.03%   235 2198s
 37692  9188 16335.8410   36  249 16383.0600 16214.2964  1.03%   234 2212s
 38048  9245 16247.3054   33  336 16383.0600 16215.1842  1.02%   234 2225s
 38340  9265 16326.5243   34  279 16383.0600 16215.8984  1.02%   234 2239s
 38638  9319 16321.5702   44  184 16383.0600 16216.6528  1.02%   234 2252s
 38965  9371 16226.4642   46  104 16383.0600 16217.4607  1.01%   233 2265s
 39281  9460 16371.5084   39  192 16383.0600 16218.1401  1.01%   233 2279s
 39669  9540     cutoff   50      16383.0600 16218.9914  1.00%   232 2293s
 40038  9572 16320.3403   40  237 16383.0600 16219.7301  1.00%   232 2307s
 40326  9606 16317.4247   36  164 16383.0600 16220.4099  0.99%   232 2320s
 40640  9624 16370.4370   38  285 16383.0600 16221.0635  0.99%   232 2333s
 40918  9679 16315.1148   37  295 16383.0600 16221.8368  0.98%   232 2346s
 41265  9721 16313.9485   38  298 16383.0600 16222.7820  0.98%   231 2359s
 41570  9799 16365.1885   53   79 16383.0600 16223.7300  0.97%   231 2373s
 41917  9862 16317.1058   36  359 16383.0600 16224.3585  0.97%   231 2387s
 42263  9917     cutoff   43      16383.0600 16225.1010  0.96%   230 2400s
 42556  9985 16302.8356   35  217 16383.0600 16226.1126  0.96%   230 2414s
 42937 10010     cutoff   46      16383.0600 16226.9179  0.95%   230 2429s
 43272 10071 16329.2012   37  228 16383.0600 16227.6525  0.95%   229 2442s
 43628 10102     cutoff   38      16383.0600 16228.5688  0.94%   229 2456s
 43922 10116 16242.5288   37  262 16383.0600 16229.1083  0.94%   229 2469s
 44146 10133     cutoff   39      16383.0600 16229.4687  0.94%   229 2532s
 44344 10155     cutoff   43      16383.0600 16230.1694  0.93%   229 2546s
 44635 10214     cutoff   43      16383.0600 16230.9936  0.93%   229 2561s
 45006 10260 16302.0538   34  280 16383.0600 16231.5643  0.92%   229 2576s
 45360 10272     cutoff   32      16383.0600 16232.1046  0.92%   228 2590s
 45701 10328 16339.4183   51  190 16383.0600 16232.9078  0.92%   228 2605s
 46079 10413 16247.7616   36  243 16383.0600 16233.5161  0.91%   228 2619s
 46262 10413 16317.4952   38  348 16383.0600 16234.2879  0.91%   228 2620s
 46453 10444     cutoff   41      16383.0600 16234.3191  0.91%   228 2634s
 46814 10502     cutoff   37      16383.0600 16235.0257  0.90%   227 2649s
 47019 10502 16279.3717   36  271 16383.0600 16235.8648  0.90%   227 2650s
 47280 10570 16262.3591   42  220 16383.0600 16235.9334  0.90%   227 2664s
 47687 10636 16278.7922   44  170 16383.0600 16236.7153  0.89%   226 2678s
 48086 10670 16349.0801   35  226 16383.0600 16237.5774  0.89%   226 2692s
 48398 10733     cutoff   44      16383.0600 16238.2377  0.88%   226 2706s
 48750 10751     cutoff   38      16383.0600 16239.0666  0.88%   225 2721s
 49059 10818     cutoff   40      16383.0600 16239.8270  0.87%   225 2736s
 49460 10873     cutoff   36      16383.0600 16240.6110  0.87%   225 2751s
 49863 10893     cutoff   44      16383.0600 16241.5364  0.86%   225 2766s
 50237 10908     cutoff   49      16383.0600 16242.4529  0.86%   225 2781s
 50630 10909 16341.2908   43  210 16383.0600 16243.2719  0.85%   224 2796s
 51003 10947     cutoff   40      16383.0600 16244.4403  0.85%   224 2810s
 51408 10986 16307.3957   42  181 16383.0600 16245.1319  0.84%   224 2825s
 51772 11027 16305.9270   49  139 16383.0600 16245.6485  0.84%   223 2839s
 51962 11027 16332.3458   32  327 16383.0600 16246.7983  0.83%   223 2840s
 52151 11030 16372.0437   36  285 16383.0600 16246.7995  0.83%   223 2854s
 52535 11043 16339.3884   35  314 16383.0600 16247.6051  0.83%   223 2869s
 52920 11076     cutoff   57      16383.0600 16248.2333  0.82%   223 2884s
 53359 11115 16277.3742   41  247 16383.0600 16249.1542  0.82%   222 2898s
 53682 11147 16362.5493   38  180 16383.0600 16249.6560  0.81%   222 2913s
 54100 11160 infeasible   44      16383.0600 16250.6719  0.81%   222 2928s
 54486 11183     cutoff   44      16383.0600 16251.5434  0.80%   221 2943s
 54886 11253 16369.1802   39  375 16383.0600 16252.3435  0.80%   221 2958s
 55273 11318 16334.0042   44  252 16383.0600 16252.9697  0.79%   221 2973s
 55701 11360 16285.0337   39  275 16383.0600 16253.8559  0.79%   220 2987s
 56091 11383 16322.9129   40  269 16383.0600 16254.4988  0.78%   220 3002s
 56495 11408     cutoff   39      16383.0600 16255.1884  0.78%   220 3016s
 56904 11454     cutoff   35      16383.0600 16255.8469  0.78%   219 3031s
 57253 11474 16377.2546   36  366 16383.0600 16256.3391  0.77%   219 3045s
 57634 11475     cutoff   52      16383.0600 16256.8931  0.77%   219 3059s
 57962 11493 16320.4745   39  372 16383.0600 16257.6687  0.77%   219 3073s
 58320 11518 16336.0321   42  275 16383.0600 16258.2458  0.76%   219 3088s
 58664 11537 16376.3090   47  184 16383.0600 16258.9367  0.76%   218 3103s
 59012 11513     cutoff   48      16383.0600 16259.6064  0.75%   218 3118s
 59380 11552 16338.4043   38  295 16383.0600 16260.4904  0.75%   218 3130s
 59700 11539 16372.8261   32  341 16383.0600 16261.0684  0.74%   218 3145s
 60034 11533 16326.7404   41  282 16383.0600 16261.8982  0.74%   218 3159s
 60369 11538 16313.2828   37  232 16383.0600 16262.7528  0.73%   218 3172s
 60657 11569     cutoff   43      16383.0600 16263.3754  0.73%   218 3186s
 61031 11572     cutoff   39      16383.0600 16263.8538  0.73%   218 3200s
 61360 11574 16335.5701   44  262 16383.0600 16264.6293  0.72%   217 3214s
 61728 11595 16374.4570   41  198 16383.0600 16265.3729  0.72%   217 3229s
 62118 11571 16348.6356   38  157 16383.0600 16266.1454  0.71%   217 3243s
 62460 11563     cutoff   36      16383.0600 16266.8725  0.71%   217 3256s
 62772 11569     cutoff   37      16383.0600 16267.8219  0.70%   217 3268s
 63149 11580 infeasible   50      16383.0600 16268.4460  0.70%   217 3281s
 63453 11596 16343.1360   47  130 16383.0600 16268.8719  0.70%   216 3295s
 63788 11623 16282.2623   36  359 16383.0600 16269.4024  0.69%   216 3310s
 64184 11663     cutoff   42      16383.0600 16270.0945  0.69%   216 3325s
 64647 11653     cutoff   39      16383.0600 16270.6106  0.69%   216 3339s
 65032 11637     cutoff   44      16383.0600 16271.1871  0.68%   215 3353s
 65431 11644     cutoff   43      16383.0600 16271.7829  0.68%   215 3365s
 65752 11631 16337.7014   37  280 16383.0600 16272.4170  0.68%   215 3379s
 66163 11658     cutoff   34      16383.0600 16273.2074  0.67%   214 3391s
 66466 11660 16364.3469   40  137 16383.0600 16273.7033  0.67%   214 3405s
 66852 11667     cutoff   39      16383.0600 16274.4322  0.66%   214 3419s
 67000 11667     cutoff   37      16383.0600 16275.0967  0.66%   214 3420s
 67189 11654 16374.4051   39  224 16383.0600 16275.1091  0.66%   214 3434s
 67581 11653     cutoff   49      16383.0600 16275.9208  0.65%   214 3445s
 67856 11666 16314.3575   39  346 16383.0600 16276.2411  0.65%   213 3456s
 68116 11644     cutoff   44      16383.0600 16276.6440  0.65%   213 3470s
 68481 11675 16288.4353   33  274 16383.0600 16277.3704  0.65%   213 3482s
 68804 11642 16354.7287   50  223 16383.0600 16277.8456  0.64%   213 3496s
 69203 11615 16381.2437   51  113 16383.0600 16278.8209  0.64%   213 3507s
 69469 11619 16316.0150   46  270 16383.0600 16279.2078  0.63%   213 3518s
 69823 11601 16366.8814   53  155 16383.0600 16279.7701  0.63%   212 3529s
 69981 11601     cutoff   40      16383.0600 16280.1769  0.63%   212 3530s
 70116 11649     cutoff   44      16383.0600 16280.2127  0.63%   212 3541s
 70531 11619     cutoff   42      16383.0600 16280.6053  0.63%   212 3556s
 70818 11626 16377.2131   40  417 16383.0600 16280.9950  0.62%   212 3570s
 71253 11631     cutoff   44      16383.0600 16281.8516  0.62%   211 3585s
 71688 11589     cutoff   47      16383.0600 16282.5671  0.61%   211 3599s

Cutting planes:
  User: 3257
  Gomory: 48
  Cover: 294
  Implied bound: 259
  Clique: 26
  MIR: 164
  StrongCG: 6
  Flow cover: 408
  Inf proof: 1
  Zero half: 13
  Network: 3
  RLT: 236
  Relax-and-lift: 6
  Lazy constraints: 448

Explored 72089 nodes (15203978 simplex iterations) in 3600.15 seconds
Thread count was 2 (of 32 available processors)

Solution count 10: 16383.1 16408.1 16413.7 ... 16614.8

Time limit reached
Best objective 1.638306000000e+04, best bound 1.628329592232e+04, gap 0.6089%

User-callback calls 349606, time in user-callback 251.05 sec
================================================================================
executing instance: ./input/Instances/Original/6/absH6high_1n20.dat
--------------------------------------------------------------------------------
Instance details
n	21
H	6
C	1651
Li:
[0, 0, 0, 0, 0, 0, 0, 0, 0, 0, 0, 0, 0, 0, 0, 0, 0, 0, 0, 0, 0, ]
Ui:
[0, 36, 182, 182, 90, 261, 117, 30, 110, 42, 276, 153, 40, 94, 144, 46, 129, 213, 264, 160, 174, ]
Distance matrix:
|0	371	401	343	361	341	370	115	392	400	79	266	292	245	355	431	265	194	95	92	348	|
|371	0	37	141	110	250	117	438	67	131	372	305	115	238	247	255	235	296	392	430	185	|
|401	37	0	175	100	284	146	472	90	156	406	342	152	275	280	282	242	333	415	455	178	|
|343	141	175	0	239	110	38	374	95	60	314	182	67	130	106	127	318	201	397	423	303	|
|361	110	100	239	0	341	222	451	177	240	385	374	190	304	341	361	151	345	354	398	78	|
|341	250	284	110	341	0	143	337	203	151	289	102	152	97	15	95	394	156	415	431	398	|
|370	117	146	38	222	143	0	407	61	30	346	220	81	167	137	139	317	237	417	447	292	|
|115	438	472	374	451	337	407	0	443	434	66	241	339	251	351	431	374	181	201	177	450	|
|392	67	90	95	177	203	61	443	0	66	379	275	104	216	197	193	294	283	427	461	252	|
|400	131	156	60	240	151	30	434	66	0	374	237	112	189	142	127	344	261	448	477	312	|
|79	372	406	314	385	289	346	66	379	374	0	202	275	197	304	383	316	134	175	166	388	|
|266	305	342	182	374	102	220	241	275	237	202	0	191	70	117	196	386	73	352	359	415	|
|292	115	152	67	190	152	81	339	104	112	275	191	0	123	154	193	252	183	336	366	246	|
|245	238	275	130	304	97	167	251	216	189	197	70	123	0	110	187	322	72	319	334	346	|
|355	247	280	106	341	15	137	351	197	142	304	117	154	110	0	80	399	171	427	444	400	|
|431	255	282	127	361	95	139	431	193	127	383	196	193	187	80	0	444	251	499	519	429	|
|265	235	242	318	151	394	317	374	294	344	316	386	252	322	399	444	0	332	226	273	97	|
|194	296	333	201	345	156	237	181	283	261	134	73	183	72	171	251	332	0	279	286	375	|
|95	392	415	397	354	415	417	201	427	448	175	352	336	319	427	499	226	279	0	47	321	|
|92	430	455	423	398	431	447	177	461	477	166	359	366	334	444	519	273	286	47	0	368	|
|348	185	178	303	78	398	292	450	252	312	388	415	246	346	400	429	97	375	321	368	0	|

--------------------------------------------------------------------------------
Building model...
	using lazy and cut (CVRPSEP package)
Solving IRP LP...
--------------------------------------------------------------------------------

Gurobi 9.1.0 (linux64) logging started Tue Feb 16 03:23:49 2021

Gurobi Optimizer version 9.1.0 build v9.1.0rc0 (linux64)
Thread count: 32 physical cores, 32 logical processors, using up to 2 threads
Optimize a model with 1143 rows, 3159 columns and 9615 nonzeros
Model fingerprint: 0xd61c2f27
Variable types: 387 continuous, 2772 integer (252 binary)
Coefficient statistics:
  Matrix range     [1e+00, 8e+02]
  Objective range  [1e-01, 5e+02]
  Bounds range     [1e+00, 3e+02]
  RHS range        [1e+00, 3e+03]
Presolve removed 228 rows and 82 columns
Presolve time: 0.07s
Presolved: 915 rows, 3077 columns, 9000 nonzeros
Variable types: 305 continuous, 2772 integer (2532 binary)

Root relaxation: objective 1.252384e+04, 1081 iterations, 0.03 seconds

    Nodes    |    Current Node    |     Objective Bounds      |     Work
 Expl Unexpl |  Obj  Depth IntInf | Incumbent    BestBd   Gap | It/Node Time

     0     0 12523.8374    0  172          - 12523.8374      -     -    0s
     0     0 12757.6718    0  184          - 12757.6718      -     -    0s
     0     0 12763.9348    0  158          - 12763.9348      -     -    0s
     0     0 12791.2975    0  194          - 12791.2975      -     -    0s
     0     0 12840.1533    0  197          - 12840.1533      -     -    0s
     0     0 12843.2691    0  195          - 12843.2691      -     -    0s
     0     0 12843.2940    0  196          - 12843.2940      -     -    0s
     0     0 13301.0358    0  263          - 13301.0358      -     -    0s
     0     0 13444.0329    0  266          - 13444.0329      -     -    0s
     0     0 13451.2466    0  297          - 13451.2466      -     -    0s
     0     0 13455.5382    0  295          - 13455.5382      -     -    0s
     0     0 13456.6087    0  298          - 13456.6087      -     -    0s
     0     0 13457.9552    0  314          - 13457.9552      -     -    0s
     0     0 13598.5369    0  290          - 13598.5369      -     -    1s
     0     0 13660.8338    0  356          - 13660.8338      -     -    1s
     0     0 13713.7723    0  355          - 13713.7723      -     -    1s
     0     0 13731.6174    0  375          - 13731.6174      -     -    1s
     0     0 13745.7042    0  393          - 13745.7042      -     -    1s
     0     0 13749.5762    0  386          - 13749.5762      -     -    1s
     0     0 13749.6582    0  391          - 13749.6582      -     -    1s
     0     0 13793.5573    0  384          - 13793.5573      -     -    1s
     0     0 13820.3173    0  348          - 13820.3173      -     -    2s
