




arguments: ./build/bc_mirp -f ./input/orig_exec_53.cfg
Current dir: /scratch/gui/bc_mirp
File verbosity level: 9
date       time         ( uptime  ) [ thread name/id ]                   file:line     v| 
2021-02-06 20:31:53.928 (   0.109s) [main thread     ]             loguru.cpp:789   INFO| Logging to './output/vi_vc+hc2/OU/V2/Original/execution_06_02_2021_20_31_53.log', mode: 'a', verbosity: 9
--------------------------------------------------------------------------------
Parameters
                           instance_path           ./input/Instances/Original/2/
                            model_policy                                       1
                             nb_vehicles                                       2
                              output_dir      ./output/vi_vc+hc2/OU/V2/Original/
                            sec_strategy                                       1
                       solver_nb_threads                                       2
                         solver_show_log                                    true
                       solver_time_limit                                    3600
                              use_vi_cos                                   false
                              use_vi_cus                                   false
                         use_vi_hc1_full                                   false
                         use_vi_hc1_half                                   false
                      use_vi_hc1_quarter                                   false
                              use_vi_hc2                                    true
                              use_vi_hc3                                   false
                         use_vi_lex_full                                   false
                         use_vi_lex_half                                   false
                      use_vi_lex_quarter                                   false
                              use_vi_qua                                   false
                               use_vi_vc                                    true
                               use_vi_vr                                   false
--------------------------------------------------------------------------------
executing instance: ./input/Instances/Original/2/absH3high_3n40.dat
--------------------------------------------------------------------------------
Instance details
n	41
H	3
C	3283
Li:
[0, 0, 0, 0, 0, 0, 0, 0, 0, 0, 0, 0, 0, 0, 0, 0, 0, 0, 0, 0, 0, 0, 0, 0, 0, 0, 0, 0, 0, 0, 0, 0, 0, 0, 0, 0, 0, 0, 0, 0, 0, ]
Ui:
[0, 63, 111, 99, 96, 111, 282, 122, 156, 261, 42, 192, 126, 42, 162, 207, 159, 122, 102, 190, 118, 102, 132, 102, 165, 252, 66, 52, 22, 114, 210, 176, 116, 294, 78, 152, 210, 45, 130, 198, 174, ]
Distance matrix:
|0	208	225	252	227	143	258	127	267	150	28	83	163	286	57	149	201	137	214	255	70	73	107	186	328	266	249	343	222	177	293	144	262	215	167	120	169	218	143	173	255	|
|208	0	397	355	416	198	216	99	211	275	193	172	97	166	240	225	362	109	277	314	182	216	273	374	298	208	319	161	14	103	93	120	58	196	152	156	372	227	260	218	453	|
|225	397	0	427	53	364	482	343	492	129	253	225	382	386	171	188	39	291	187	195	295	182	282	55	326	491	180	551	408	315	457	366	455	275	392	244	221	439	341	214	101	|
|252	355	427	0	401	158	201	263	219	396	234	328	259	498	299	400	420	354	465	506	205	324	152	374	574	219	499	393	366	389	446	235	378	456	205	359	224	150	111	423	400	|
|227	416	53	401	0	357	477	352	489	165	253	245	389	424	179	223	85	315	234	245	293	200	264	42	375	488	231	565	428	344	484	370	474	314	392	270	184	430	325	252	50	|
|143	198	364	158	357	0	121	105	134	290	116	196	103	342	200	276	343	205	343	385	74	210	112	319	432	133	382	265	209	237	290	78	226	313	57	220	232	75	69	292	375	|
|258	216	482	201	477	121	0	168	18	397	230	293	135	381	314	372	459	275	437	480	188	317	228	439	501	18	479	197	222	296	290	132	212	386	95	306	347	58	173	381	496	|
|127	99	343	263	352	105	168	0	171	239	105	130	40	237	173	206	313	109	270	312	84	164	175	310	337	169	313	216	112	135	192	37	142	220	77	138	280	155	162	213	382	|
|267	211	492	219	489	134	18	171	0	404	240	298	136	376	323	376	468	276	441	483	198	324	243	450	500	2	483	181	215	294	281	136	202	386	102	309	363	75	189	384	509	|
|150	275	129	396	165	290	397	239	404	0	175	110	279	259	97	59	91	166	84	116	217	80	245	130	226	402	106	434	286	187	329	269	333	149	302	119	244	364	291	87	213	|
|28	193	253	234	253	116	230	105	240	175	0	94	139	286	84	167	229	136	234	275	43	96	98	212	341	238	271	320	206	175	281	118	244	225	140	128	180	191	124	189	280	|
|83	172	225	328	245	196	293	130	298	110	94	0	169	209	77	80	191	71	147	189	127	45	189	203	247	296	187	327	184	106	241	162	230	132	198	38	242	266	217	96	285	|
|163	97	382	259	389	103	135	40	136	279	139	169	0	253	212	244	353	141	307	349	110	203	194	347	366	133	350	183	107	161	187	27	124	251	56	175	306	133	169	249	418	|
|286	166	386	498	424	342	381	237	376	259	286	209	253	0	284	201	347	151	210	230	299	247	383	387	155	374	242	290	162	112	129	270	192	113	308	172	451	386	391	172	471	|
|57	240	171	299	179	200	314	173	323	97	84	77	212	284	0	112	145	147	170	208	127	38	148	137	299	321	201	386	253	183	315	195	297	195	222	112	171	275	195	142	214	|
|149	225	188	400	223	276	372	206	376	59	167	80	244	201	112	0	149	117	67	110	205	78	254	186	187	374	108	387	235	132	272	240	283	93	277	71	279	346	291	32	270	|
|201	362	39	420	85	343	459	313	468	91	229	191	353	347	145	149	0	254	149	160	272	150	271	66	290	466	146	518	373	278	419	339	420	235	367	207	227	418	327	175	135	|
|137	109	291	354	315	205	275	109	276	166	136	71	141	151	147	117	254	0	172	212	151	116	232	273	229	274	215	270	119	39	170	145	167	111	186	47	305	263	245	113	356	|
|214	277	187	465	234	343	437	270	441	84	234	147	307	210	170	67	149	172	0	42	272	141	317	205	144	439	43	437	284	175	307	305	331	99	343	132	327	413	357	60	283	|
|255	314	195	506	245	385	480	312	483	116	275	189	349	230	208	110	160	212	42	0	314	182	356	222	132	481	15	474	321	212	337	347	367	126	385	174	358	455	398	100	295	|
|70	182	295	205	293	74	188	84	198	217	43	127	110	299	127	205	272	151	272	314	0	137	91	253	370	196	310	292	195	188	274	85	226	252	99	155	197	148	94	223	316	|
|73	216	182	324	200	210	317	164	324	80	96	45	203	247	38	78	150	116	141	182	137	0	176	158	263	323	176	369	229	150	286	191	274	157	223	77	208	284	216	106	239	|
|107	273	282	152	264	112	228	175	243	245	98	189	194	383	148	254	271	232	317	356	91	176	0	231	435	242	349	371	286	271	365	167	315	321	164	224	120	174	61	280	274	|
|186	374	55	374	42	319	439	310	450	130	212	203	347	387	137	186	66	273	205	222	253	158	231	0	348	448	208	523	386	303	442	329	431	279	352	229	167	392	291	217	85	|
|328	298	326	574	375	432	501	337	500	226	341	247	366	155	299	187	290	229	144	132	370	263	435	348	0	498	147	441	299	206	283	374	338	119	414	215	465	492	463	157	425	|
|266	208	491	219	488	133	18	169	2	402	238	296	133	374	321	374	466	274	439	481	196	323	242	448	498	0	481	180	213	292	278	134	200	384	100	307	362	75	188	381	508	|
|249	319	180	499	231	382	479	313	483	106	271	187	350	242	201	108	146	215	43	15	310	176	349	208	147	481	0	480	326	217	346	347	373	135	385	175	347	454	392	103	280	|
|343	161	551	393	565	265	197	216	181	434	320	327	183	290	386	387	518	270	437	474	292	369	371	523	441	180	480	0	153	263	163	207	107	352	208	317	487	244	334	379	598	|
|222	14	408	366	428	209	222	112	215	286	206	184	107	162	253	235	373	119	284	321	195	229	286	386	299	213	326	153	0	109	81	132	48	201	162	167	386	236	272	226	466	|
|177	103	315	389	344	237	296	135	294	187	175	106	161	112	183	132	278	39	175	212	188	150	271	303	206	292	217	263	109	0	142	171	156	95	211	74	344	289	281	118	386	|
|293	93	457	446	484	290	290	192	281	329	281	241	187	129	315	272	419	170	307	337	274	286	365	442	283	278	346	163	81	142	0	212	79	211	241	214	461	311	353	254	525	|
|144	120	366	235	370	78	132	37	136	269	118	162	27	270	195	240	339	145	305	347	85	191	167	329	374	134	347	207	132	171	212	0	151	257	40	174	280	119	142	248	398	|
|262	58	455	378	474	226	212	142	202	333	244	230	124	192	297	283	420	167	331	367	226	274	315	431	338	200	373	107	48	156	79	151	0	245	173	214	421	237	293	273	510	|
|215	196	275	456	314	313	386	220	386	149	225	132	251	113	195	93	235	111	99	126	252	157	321	279	119	384	135	352	201	95	211	257	245	0	297	97	365	374	345	62	362	|
|167	152	392	205	392	57	95	77	102	302	140	198	56	308	222	277	367	186	343	385	99	223	164	352	414	100	385	208	162	211	241	40	173	297	0	213	283	79	126	287	415	|
|120	156	244	359	270	220	306	138	309	119	128	38	175	172	112	71	207	47	132	174	155	77	224	229	215	307	175	317	167	74	214	174	214	97	213	0	280	286	248	75	313	|
|169	372	221	224	184	232	347	280	363	244	180	242	306	451	171	279	227	305	327	358	197	208	120	167	465	362	347	487	386	344	461	280	421	365	283	280	0	291	175	310	176	|
|218	227	439	150	430	75	58	155	75	364	191	266	133	386	275	346	418	263	413	455	148	284	174	392	492	75	454	244	236	289	311	119	237	374	79	286	291	0	116	359	445	|
|143	260	341	111	325	69	173	162	189	291	124	217	169	391	195	291	327	245	357	398	94	216	61	291	463	188	392	334	272	281	353	142	293	345	126	248	175	116	0	313	335	|
|173	218	214	423	252	292	381	213	384	87	189	96	249	172	142	32	175	113	60	100	223	106	280	217	157	381	103	379	226	118	254	248	273	62	287	75	310	359	313	0	300	|
|255	453	101	400	50	375	496	382	509	213	280	285	418	471	214	270	135	356	283	295	316	239	274	85	425	508	280	598	466	386	525	398	510	362	415	313	176	445	335	300	0	|

--------------------------------------------------------------------------------
Building model...
	using lazy and cut (CVRPSEP package)
Solving IRP LP...
--------------------------------------------------------------------------------

Gurobi 9.1.0 (linux64) logging started Sat Feb  6 20:31:54 2021

Gurobi Optimizer version 9.1.0 build v9.1.0rc0 (linux64)
Thread count: 32 physical cores, 32 logical processors, using up to 2 threads
Optimize a model with 1142 rows, 5570 columns and 15608 nonzeros
Model fingerprint: 0xa87a9be3
Variable types: 404 continuous, 5166 integer (246 binary)
Coefficient statistics:
  Matrix range     [1e+00, 2e+03]
  Objective range  [1e-01, 6e+02]
  Bounds range     [1e+00, 3e+02]
  RHS range        [1e+00, 6e+03]
Presolve removed 320 rows and 157 columns
Presolve time: 0.11s
Presolved: 822 rows, 5413 columns, 14186 nonzeros
Variable types: 242 continuous, 5171 integer (4926 binary)

Root relaxation: objective 1.221287e+04, 657 iterations, 0.02 seconds

    Nodes    |    Current Node    |     Objective Bounds      |     Work
 Expl Unexpl |  Obj  Depth IntInf | Incumbent    BestBd   Gap | It/Node Time

     0     0 12212.8670    0  116          - 12212.8670      -     -    0s
     0     0 12717.9902    0  105          - 12717.9902      -     -    0s
     0     0 13359.5640    0  151          - 13359.5640      -     -    0s
     0     0 13443.1164    0  175          - 13443.1164      -     -    0s
     0     0 13452.5763    0  184          - 13452.5763      -     -    0s
     0     0 13452.5763    0  188          - 13452.5763      -     -    0s
     0     0 13577.5209    0  228          - 13577.5209      -     -    0s
     0     0 13596.5657    0  193          - 13596.5657      -     -    0s
     0     0 13622.8913    0  209          - 13622.8913      -     -    0s
     0     0 13640.9970    0  235          - 13640.9970      -     -    1s
     0     0 13657.0468    0  245          - 13657.0468      -     -    1s
     0     0 13658.5999    0  262          - 13658.5999      -     -    1s
     0     0 13707.1472    0  243          - 13707.1472      -     -    1s
     0     0 13713.0839    0  246          - 13713.0839      -     -    1s
     0     0 13718.9619    0  254          - 13718.9619      -     -    1s
     0     0 13719.9537    0  273          - 13719.9537      -     -    1s
     0     0 13728.6628    0  312          - 13728.6628      -     -    1s
     0     0 13728.6628    0  300          - 13728.6628      -     -    1s
     0     2 13728.6628    0  300          - 13728.6628      -     -    2s
   129   146 14293.1173   35   72          - 13741.2503      -   126    5s
*  525   487             189    16849.610000 13741.2503  18.4%  50.6    8s
   564   510 16054.6141  152   34 16849.6100 13741.2503  18.4%  49.7   10s
H  566   487                    16385.610000 13741.2503  16.1%  49.6   10s
H  619   457                    15874.470000 13742.2045  13.4%  48.5   11s
   741   568 14172.6120   24  300 15874.4700 13742.2045  13.4%  54.8   16s
   763   583 14145.5089   30  333 15874.4700 13849.7672  12.8%  53.2   20s
   785   597 14635.9651   58  373 15874.4700 13870.9738  12.6%  51.7   25s
H  796   573                    15842.470000 13872.8698  12.4%  51.0   28s
H  803   550                    15713.470000 13872.8698  11.7%  61.8   29s
   804   550 14635.9651   58  146 15713.4700 13872.8698  11.7%  61.7   30s
H  814   528                    15711.470000 13873.8380  11.7%  61.0   32s
   820   532 14106.6383   25  417 15711.4700 13874.2425  11.7%  60.5   35s
H  821   506                    15662.870000 13874.2425  11.4%  60.4   44s
   823   510 13882.1822   25  379 15662.8700 13880.4636  11.4%  66.3   45s
   860   536 13909.1436   33  394 15662.8700 13906.8619  11.2%  78.7   50s
   942   599 13977.4785   44  338 15662.8700 13924.5575  11.1%  90.8   55s
H  990   605                    15579.590000 13924.5575  10.6%  91.4   56s
  1130   700 14322.5952   77  176 15579.5900 13924.5575  10.6%  90.2   60s
  1316   850 14622.2213  120   97 15579.5900 13924.5575  10.6%  87.1   65s
H 1612   895                    15476.240000 13924.5575  10.0%  81.6   71s
  1688   958 15081.6225  204   89 15476.2400 13924.5575  10.0%  82.8   75s
  1850  1092 15352.0027  257   25 15476.2400 13924.5575  10.0%  81.7   80s
H 2003   912                    15249.440000 13924.5575  8.69%  77.6   82s
  2085   994 14028.8351   34  221 15249.4400 13938.3280  8.60%  77.3   86s
  2289  1091 14118.9217   44  233 15249.4400 13938.3280  8.60%  74.7   90s
  2328  1147 14203.2110   57   70 15249.4400 13938.3280  8.60%  76.6   95s
  2483  1314 14446.6738  108   40 15249.4400 13938.3280  8.60%  77.1  100s
  2672  1593 14695.5900  124    8 15249.4400 13938.3280  8.60%  74.2  105s
  2983  1752 15080.4271  220   12 15249.4400 13965.3366  8.42%  69.8  110s
  3084  1860 14493.0052   53  206 15249.4400 13965.3366  8.42%  71.6  115s
  3249  2091 infeasible  127      15249.4400 13966.9402  8.41%  70.9  121s
* 3367  1479             191    14860.840000 13969.9969  5.99%  69.6  122s
  3472  1555 14228.3873  105   61 14860.8400 13969.9969  5.99%  68.4  125s
  3573  1706 14271.5560   38  161 14860.8400 13972.6943  5.98%  70.2  131s
  3786  1917 14515.8237   51   27 14860.8400 13972.6943  5.98%  69.1  136s
  3900  2038 14529.2775   53   29 14860.8400 13977.5191  5.94%  68.6  140s
  4095  2127 14453.9796   46  209 14860.8400 13978.1803  5.94%  68.7  147s
  4205  2196 14279.8401   53  277 14860.8400 13978.7956  5.94%  70.2  152s
  4256  2252 14562.4642   74  201 14860.8400 13981.8868  5.91%  70.7  155s
  4388  2344 14756.1853   78   69 14860.8400 13987.8637  5.87%  72.0  161s
  4486  2416 14683.2500   79   22 14860.8400 13988.3281  5.87%  72.9  165s
  4532  2418 14104.0937   34  257 14860.8400 13988.3281  5.87%  73.2  174s
  4534  2486 14104.4657   35  288 14860.8400 13988.3281  5.87%  73.2  177s
  4602  2524 14512.2501   80   77 14860.8400 13989.9782  5.86%  74.0  181s
  4713  2662 14249.5913   53  114 14860.8400 13989.9782  5.86%  75.6  188s
  4795  2763 14384.2496   90   31 14860.8400 13990.4390  5.86%  76.3  192s
  4916  2845 14253.6100   40  295 14860.8400 13990.8549  5.85%  76.5  197s
  5107  2899 14026.1526   40  358 14860.8400 13992.6568  5.84%  76.0  202s
  5161  3023 14403.1223   67  150 14860.8400 13992.6871  5.84%  76.8  206s
  5310  3098     cutoff  117      14860.8400 13993.4984  5.84%  76.6  211s
  5408  3164 14122.7952   32  285 14860.8400 13993.4984  5.84%  77.4  216s
  5492  3370 14474.6010   62   32 14860.8400 13994.5506  5.83%  78.3  220s
  5717  3482     cutoff   97      14860.8400 13998.1171  5.81%  77.4  226s
  5840  3752 14339.1942   48  224 14860.8400 13998.3222  5.80%  77.8  232s
  6145  3972 14297.2787   39  173 14860.8400 13999.0993  5.80%  76.1  239s
  6211  3972 14450.1569  105   25 14860.8400 13999.0993  5.80%  75.8  240s
  6392  4008 14244.1712   45  332 14860.8400 14000.7742  5.79%  75.1  245s
  6563  4247 14754.9006   83   55 14860.8400 14007.8435  5.74%  76.3  254s
  6723  4349 14418.8955   77  130 14860.8400 14008.2817  5.74%  76.3  259s
  6847  4437 14101.2986   35  249 14860.8400 14008.2817  5.74%  76.5  277s
  6935  4603 14461.5760   79   60 14860.8400 14009.0844  5.73%  76.8  282s
  7153  4686 14348.1321   42   37 14860.8400 14014.2790  5.70%  76.0  288s
  7262  4740 14702.6833   72   17 14860.8400 14017.6243  5.67%  76.5  294s
  7322  4948     cutoff   94      14860.8400 14018.4377  5.67%  77.1  300s
  7555  5210 14292.4470   76   39 14860.8400 14020.8848  5.65%  76.9  308s
  7869  5351 14403.0178   42  176 14860.8400 14022.2829  5.64%  76.2  316s
  8041  5603 14517.1730   71  103 14860.8400 14025.3444  5.62%  76.8  323s
  8212  5606 14680.0725  157    8 14860.8400 14025.3444  5.62%  76.1  325s
  8504  5761 14826.0500  186    8 14860.8400 14027.2669  5.61%  74.8  331s
  8677  5901 14856.0100  115    - 14860.8400 14027.8527  5.61%  75.2  338s
  8850  6065     cutoff  115      14860.8400 14029.1692  5.60%  75.5  345s
  9043  6202     cutoff   83      14860.8400 14029.5474  5.59%  75.7  352s
  9218  6281     cutoff   89      14860.8400 14030.6959  5.59%  76.1  358s
  9304  6423 14327.0571   43  120 14860.8400 14031.9875  5.58%  77.1  365s
  9499  6517     cutoff   65      14860.8400 14032.2900  5.58%  77.3  371s
  9629  6639 14198.0495   35  261 14860.8400 14034.9927  5.56%  77.5  378s
  9779  6781 14365.9491   47  210 14860.8400 14036.2547  5.55%  77.8  385s
  9934  6936 14654.5375   77   28 14860.8400 14037.2717  5.54%  78.3  392s
 10156  7212 14793.9300  109    - 14860.8400 14042.8450  5.50%  78.0  400s
 10450  7398 14777.9300  109    6 14860.8400 14044.0205  5.50%  77.2  409s
*10452  6949             111    14787.930000 14044.0205  5.03%  77.1  409s
 10577  6949 14695.8224  151    9 14787.9300 14044.0205  5.03%  76.7  410s
 10661  7141 14321.1022   43  136 14787.9300 14044.8686  5.02%  77.1  416s
 10885  7369 14524.3441   95   23 14787.9300 14045.5158  5.02%  77.0  424s
 11158  7641 14478.7111   51   64 14787.9300 14046.8118  5.01%  76.5  431s
 11478  7828     cutoff   85      14787.9300 14048.8417  5.00%  75.8  440s
 11683  8109 14259.1070   44  288 14787.9300 14052.3664  4.97%  75.7  448s
 12009  8201 14074.1812   39  243 14787.9300 14054.5291  4.96%  75.0  455s
 12119  8259 14092.8905   34  183 14787.9300 14055.1437  4.96%  75.6  462s
 12203  8330 14349.8998   45  297 14787.9300 14055.1437  4.96%  76.3  469s
 12286  8408 14405.9841   58  264 14787.9300 14055.1437  4.96%  77.1  475s
 12372  8515 14541.5941   90   62 14787.9300 14056.4011  4.95%  77.9  483s
 12659  8696     cutoff  176      14787.9300 14056.4700  4.95%  77.3  491s
 12875  9056 14332.1085   49  242 14787.9300 14057.6485  4.94%  77.3  498s
 13081  9059 14250.5267   69   29 14787.9300 14057.6504  4.94%  76.9  500s
 13283  9202 14494.2027  110    9 14787.9300 14057.9140  4.94%  76.2  507s
 13450  9291 14628.7900  113    8 14787.9300 14058.3141  4.93%  76.4  513s
*13462  8150             118    14706.860000 14058.3141  4.41%  76.3  513s
 13580  8218     cutoff  119      14706.8600 14059.0662  4.40%  76.7  520s
 13709  8289 14170.0772   38  143 14706.8600 14060.3217  4.40%  77.1  526s
 13839  8424     cutoff   71      14706.8600 14062.2596  4.38%  77.4  533s
 13977  8586 14185.2084   49  278 14706.8600 14062.7720  4.38%  77.7  540s
 14177  8671 14603.4547  127   29 14706.8600 14063.6492  4.37%  77.6  547s
 14308  8739 14144.3130   52  185 14706.8600 14064.4016  4.37%  78.0  553s
 14401  8876 14361.6288   46  254 14706.8600 14064.6260  4.37%  78.5  560s
 14557  8982 14238.0809   41  232 14706.8600 14065.0519  4.36%  78.8  569s
 14731  9172 14444.3014   52  228 14706.8600 14065.0519  4.36%  79.0  577s
 14980  9255 14572.7423  106   20 14706.8600 14065.0787  4.36%  78.9  584s
 15051  9255 14192.6512   40  219 14706.8600 14065.4251  4.36%  79.1  585s
 15107  9342 14577.1706   56  151 14706.8600 14065.8125  4.36%  79.4  591s
 15244  9506 14613.2263   61  170 14706.8600 14066.4440  4.35%  79.8  599s
 15341  9506 14482.1096   87   15 14706.8600 14067.3394  4.35%  79.8  600s
 15450  9608 14287.9036   41  291 14706.8600 14067.4241  4.35%  79.7  607s
 15582  9768 14281.8365   36  245 14706.8600 14067.9689  4.34%  80.1  615s
 15768  9901 14575.3580   73   29 14706.8600 14068.2817  4.34%  80.3  623s
 15966  9937     cutoff   98      14706.8600 14068.3846  4.34%  80.3  630s
 16004 10058 14403.5350   59  118 14706.8600 14068.7861  4.34%  80.7  637s
 16193 10138 14190.9558   46  223 14706.8600 14069.1200  4.34%  80.9  645s
 16303 10289 14261.9739   47  216 14706.8600 14069.8305  4.33%  81.1  651s
 16481 10381     cutoff  107      14706.8600 14071.3132  4.32%  81.1  659s
 16607 10473 14220.9714   47  241 14706.8600 14071.6893  4.32%  81.4  665s
 16723 10630 14614.1536   66   23 14706.8600 14073.2745  4.31%  81.6  673s
 16919 10707     cutoff   80      14706.8600 14073.3704  4.31%  81.6  681s
 17059 10785 14379.5606   61   57 14706.8600 14074.2178  4.30%  81.9  687s
 17180 10958 14257.2171   47  237 14706.8600 14076.2326  4.29%  82.2  694s
 17260 10959 14546.1609   75   59 14706.8600 14076.2326  4.29%  82.2  695s
 17390 11083 14638.2877  112   56 14706.8600 14077.2174  4.28%  82.1  702s
 17548 11204 14412.8330   48  138 14706.8600 14077.9779  4.28%  82.2  709s
 17601 11204 14440.7876   60   40 14706.8600 14077.9779  4.28%  82.3  710s
 17715 11414 infeasible   87      14706.8600 14078.7045  4.27%  82.4  718s
 17951 11549 14464.4414   71   18 14706.8600 14079.5557  4.27%  82.2  725s
 18143 11656     cutoff  112      14706.8600 14079.9771  4.26%  82.3  734s
 18184 11656 14582.0889   74   41 14706.8600 14079.9771  4.26%  82.5  735s
 18274 11788     cutoff   93      14706.8600 14080.8421  4.26%  82.5  742s
 18432 11876     cutoff  117      14706.8600 14081.1503  4.25%  82.7  750s
 18547 12015 14569.8300   67   12 14706.8600 14081.9936  4.25%  82.8  758s
*18554  9841              73    14602.300000 14081.9936  3.56%  82.8  758s
 18733  9902 14577.6000   69    - 14602.3000 14083.0923  3.56%  82.8  767s
 18876 10035 14372.2069   55   56 14602.3000 14084.3844  3.55%  83.1  774s
 18988 10035 14396.2445   68   17 14602.3000 14084.7151  3.54%  83.3  775s
 19028 10115 14454.7334   47   85 14602.3000 14085.1708  3.54%  83.2  781s
 19137 10169 14529.9826   55   74 14602.3000 14085.4671  3.54%  83.4  788s
 19243 10268 14556.3485   61  104 14602.3000 14087.0337  3.53%  83.8  796s
 19375 10401     cutoff   81      14602.3000 14087.4484  3.53%  83.9  805s
 19562 10480 14468.4417   40  166 14602.3000 14088.3573  3.52%  84.0  813s
*19620  5049              64    14410.540000 14089.2668  2.23%  84.1  814s
 19687  5068     cutoff   60      14410.5400 14089.6843  2.23%  84.1  821s
 19799  5120 14389.0066   62  114 14410.5400 14090.6110  2.22%  84.3  831s
 19894  5188 14405.5215   47  156 14410.5400 14091.3507  2.21%  84.7  838s
 20033  5227 14171.7898   36  241 14410.5400 14093.6854  2.20%  84.9  845s
 20108  5275 14392.2542   42  225 14410.5400 14094.1111  2.20%  85.4  853s
 20210  5326 14388.4227   46  128 14410.5400 14094.5625  2.19%  85.8  861s
 20306  5359 14360.1488   43  158 14410.5400 14095.4615  2.19%  86.3  868s
 20414  5406 14348.4841   47  141 14410.5400 14096.3132  2.18%  86.6  877s
 20515  5447     cutoff   57      14410.5400 14097.0760  2.18%  87.0  884s
 20616  5508 14366.2222   43  230 14410.5400 14098.1185  2.17%  87.4  892s
 20742  5555 14396.7652   43  133 14410.5400 14098.3788  2.17%  87.7  900s
 20852  5557 14232.7876   45  257 14410.5400 14098.5927  2.16%  88.0  917s
 20854  5616 14241.0068   46  302 14410.5400 14098.7930  2.16%  88.0  925s
 20950  5636 14322.0469   45  153 14410.5400 14099.1578  2.16%  88.4  932s
 21074  5696 14179.9979   41  218 14410.5400 14099.9128  2.16%  88.7  940s
 21189  5791 14248.9952   48   64 14410.5400 14100.7754  2.15%  89.1  948s
 21344  5843     cutoff   60      14410.5400 14101.0959  2.15%  89.3  955s
 21441  5899 14330.4203   59  209 14410.5400 14102.0350  2.14%  89.7  963s
 21550  6003 14349.8360   41  150 14410.5400 14102.5336  2.14%  90.1  971s
 21709  6068 14383.6399   50  164 14410.5400 14104.1092  2.13%  90.2  979s
 21837  6115 14348.0664   55   93 14410.5400 14105.4582  2.12%  90.5  987s
 21936  6195 14184.6499   39  157 14410.5400 14106.5735  2.11%  90.8  994s
 21988  6195 14399.8587   57   51 14410.5400 14106.5735  2.11%  90.8  995s
 22079  6231 14288.8010   51  108 14410.5400 14107.7521  2.10%  91.1 1002s
 22174  6274 14329.4144   54   62 14410.5400 14109.1495  2.09%  91.4 1009s
 22267  6314 14219.0572   34  270 14410.5400 14110.8396  2.08%  91.8 1017s
 22361  6381 14348.6598   45  235 14410.5400 14111.0277  2.08%  92.2 1024s
 22418  6381 14255.1098   46  141 14410.5400 14111.5586  2.07%  92.4 1025s
 22486  6427 14363.9595   60   11 14410.5400 14112.1520  2.07%  92.5 1032s
 22596  6522     cutoff   64      14410.5400 14112.9185  2.07%  92.9 1041s
 22748  6561 14257.2353   31  257 14410.5400 14113.5809  2.06%  93.1 1049s
 22845  6594 14361.0616   44  254 14410.5400 14114.6553  2.05%  93.4 1057s
 22943  6665 14185.2967   40   92 14410.5400 14115.6841  2.05%  93.8 1065s
 23072  6719     cutoff   50      14410.5400 14116.1724  2.04%  94.1 1074s
 23201  6780 14354.6728   44  161 14410.5400 14116.8023  2.04%  94.4 1082s
 23340  6818     cutoff   45      14410.5400 14117.3369  2.03%  94.6 1091s
 23439  6865 14280.8725   40  199 14410.5400 14118.4896  2.03%  95.0 1099s
 23553  6954 14290.3657   45  194 14410.5400 14119.1829  2.02%  95.3 1108s
 23715  6980     cutoff   48      14410.5400 14119.6518  2.02%  95.5 1116s
 23814  7041 14342.5414   38  254 14410.5400 14120.7920  2.01%  95.8 1124s
 23854  7041 14214.6230   56   98 14410.5400 14120.7920  2.01%  96.0 1125s
 23899  7094 14214.9983   57   68 14410.5400 14121.1138  2.01%  96.2 1134s
 24067  7138 14292.9626   39  188 14410.5400 14121.5910  2.01%  96.4 1143s
 24181  7174 14339.1947   49  227 14410.5400 14122.2100  2.00%  96.6 1152s
 24292  7257     cutoff   49      14410.5400 14122.7203  2.00%  97.0 1161s
 24447  7320     cutoff   46      14410.5400 14123.2826  1.99%  97.2 1171s
 24576  7372 14359.2586   49   56 14410.5400 14123.5805  1.99%  97.3 1180s
 24688  7457 14350.8934   43  173 14410.5400 14124.3238  1.99%  97.6 1188s
 24833  7519 14251.3489   51  275 14410.5400 14125.7685  1.98%  97.8 1197s
 24944  7532 14383.9648   33  240 14410.5400 14126.4584  1.97%  98.1 1206s
 25030  7589 14257.8324   38  199 14410.5400 14127.4589  1.96%  98.5 1215s
 25147  7647 14188.7018   46  255 14410.5400 14128.5561  1.96%  98.8 1224s
 25223  7647 14268.5950   53  189 14410.5400 14128.5561  1.96%  98.8 1225s
 25314  7702 14213.9030   38  222 14410.5400 14129.4837  1.95%  99.0 1233s
 25432  7756 14207.6662   37  294 14410.5400 14130.3724  1.94%  99.2 1242s
 25558  7819 14329.0947   39  174 14410.5400 14131.3956  1.94%   100 1251s
 25688  7893 14162.2814   41  217 14410.5400 14132.2172  1.93%   100 1260s
 25810  7935     cutoff   66      14410.5400 14132.4829  1.93%   100 1269s
 25897  7961 14357.1931   42   91 14410.5400 14133.3412  1.92%   100 1278s
 25992  8033 14271.3284   42  238 14410.5400 14133.7625  1.92%   101 1287s
 26113  8117 14382.4384   70   73 14410.5400 14134.2416  1.92%   101 1296s
 26267  8207 14285.1704   57   65 14410.5400 14135.1932  1.91%   101 1306s
 26408  8245     cutoff   57      14410.5400 14135.6736  1.91%   101 1315s
 26512  8349 14265.7358   45  307 14410.5400 14136.1479  1.90%   102 1325s
 26702  8427     cutoff   70      14410.5400 14137.2212  1.90%   102 1335s
 26807  8494 14332.2972   66  142 14410.5400 14137.3697  1.90%   102 1345s
 26995  8592 14312.5707   53  200 14410.5400 14138.0151  1.89%   102 1354s
 27034  8592 14329.1314   74  124 14410.5400 14138.0151  1.89%   102 1355s
 27186  8632 14236.4433   44  274 14410.5400 14138.9453  1.88%   102 1364s
 27310  8674     cutoff   42      14410.5400 14139.3873  1.88%   103 1374s
 27411  8754     cutoff   45      14410.5400 14139.7377  1.88%   103 1384s
 27602  8785 14409.6400   43    4 14410.5400 14140.1110  1.88%   103 1394s
 27702  8846     cutoff   53      14410.5400 14140.5881  1.87%   103 1404s
 27856  8846 14404.5337   75   28 14410.5400 14140.8650  1.87%   103 1405s
 27859  8889     cutoff   33      14410.5400 14140.9753  1.87%   103 1412s
 27966  8958 14337.7572   46  244 14410.5400 14142.1409  1.86%   104 1421s
 28105  9036 14215.7695   48  203 14410.5400 14142.6639  1.86%   104 1430s
 28273  9086 14403.5200   49   12 14410.5400 14143.3944  1.85%   104 1440s
 28409  9166     cutoff   58      14410.5400 14143.8665  1.85%   104 1449s
 28476  9166 14394.0155   58   34 14410.5400 14144.4585  1.85%   104 1450s
 28571  9249 14305.9222   43  183 14410.5400 14144.4697  1.85%   105 1459s
 28613  9249 14399.0893   66   45 14410.5400 14144.4697  1.85%   105 1460s
 28726  9340 14386.5660   40   83 14410.5400 14145.0343  1.84%   105 1468s
 28913  9391 14366.8697   61   34 14410.5400 14145.6938  1.84%   105 1479s
 29050  9462 14285.0955   31  267 14410.5400 14146.7321  1.83%   105 1489s
 29183  9502 14404.5856   57  134 14410.5400 14147.1729  1.83%   105 1499s
 29310  9529 14409.9856   45   72 14410.5400 14147.8082  1.82%   105 1507s
 29440  9606 infeasible   45      14410.5400 14148.1542  1.82%   106 1518s
 29563  9676 14387.4185   50   78 14410.5400 14148.8050  1.82%   106 1529s
 29633  9676 14385.5577   58  209 14410.5400 14148.8050  1.82%   106 1530s
 29736  9736 14309.9721   61  147 14410.5400 14149.0435  1.81%   106 1539s
 29862  9787 14384.1999   53   78 14410.5400 14149.9157  1.81%   106 1548s
 29986  9868 14275.8155   39  186 14410.5400 14150.3951  1.81%   107 1558s
 30133  9928 14357.9450   45  235 14410.5400 14150.7374  1.80%   107 1567s
 30290 10007     cutoff   55      14410.5400 14150.8589  1.80%   107 1577s
 30452 10029     cutoff   81      14410.5400 14151.5855  1.80%   107 1698s
 30514 10095 14287.1836   50  219 14410.5400 14151.6958  1.80%   107 1710s
 30654 10184 14359.5788   52  172 14410.5400 14151.8770  1.79%   108 1720s
 30817 10289 14223.3950   46  104 14410.5400 14152.4020  1.79%   108 1733s
 30988 10377     cutoff   61      14410.5400 14152.9000  1.79%   108 1744s
 31197 10451 14224.7270   42  151 14410.5400 14153.5585  1.78%   108 1756s
 31352 10529 14403.7657   53  169 14410.5400 14153.9874  1.78%   108 1770s
 31514 10597     cutoff   51      14410.5400 14154.4786  1.78%   109 1784s
 31590 10597 14360.1919   41  201 14410.5400 14154.4786  1.78%   109 1785s
 31673 10625 14298.3568   44  142 14410.5400 14155.0323  1.77%   109 1798s
 31810 10684 14395.5420   35  214 14410.5400 14155.3950  1.77%   109 1810s
 31969 10761 14297.2211   54  186 14410.5400 14156.3102  1.76%   109 1825s
 32159 10823 14378.1551   48  129 14410.5400 14157.1201  1.76%   109 1838s
 32359 10883 14309.1925   53   77 14410.5400 14157.4023  1.76%   109 1856s
 32477 10954     cutoff   68      14410.5400 14157.9551  1.75%   109 1873s
 32597 10991 14284.9250   40  219 14410.5400 14158.2750  1.75%   109 1886s
 32729 11073 14336.5735   51  103 14410.5400 14158.8913  1.75%   110 1898s
 32918 11148 14394.5934   45   66 14410.5400 14159.3003  1.74%   110 1911s
 33098 11212 14331.1326   38  293 14410.5400 14159.8719  1.74%   110 1926s
 33299 11280     cutoff   55      14410.5400 14160.6046  1.73%   110 1940s
 33452 11354 14269.3609   40   67 14410.5400 14161.0797  1.73%   110 1953s
 33627 11418 infeasible   44      14410.5400 14161.3195  1.73%   110 1967s
 33819 11469     cutoff   49      14410.5400 14161.7299  1.73%   111 1981s
 33939 11528 14377.9853   49  319 14410.5400 14161.8883  1.73%   111 1994s
 34015 11528 14343.7351   50  116 14410.5400 14161.8883  1.73%   111 1995s
 34128 11572 14361.6985   53   94 14410.5400 14162.6529  1.72%   111 2005s
 34279 11639 14327.2546   49  206 14410.5400 14163.2223  1.72%   111 2018s
 34454 11702 14358.8338   44  229 14410.5400 14163.3688  1.72%   111 2031s
 34615 11761     cutoff   53      14410.5400 14163.8763  1.71%   112 2041s
 34775 11817 14381.4775   44  191 14410.5400 14164.2105  1.71%   112 2052s
 34933 11865 14328.3087   42  271 14410.5400 14164.8864  1.70%   112 2064s
 35073 11958 14280.5009   42  213 14410.5400 14165.4169  1.70%   112 2077s
 35274 12019 14391.9774   50  196 14410.5400 14165.9642  1.70%   112 2089s
 35347 12019 14289.6205   49  223 14410.5400 14166.2515  1.70%   113 2090s
 35431 12066 14374.4861   40  206 14410.5400 14166.2534  1.70%   113 2101s
 35583 12145 14328.4003   47  172 14410.5400 14166.3605  1.69%   113 2113s
 35761 12194 14373.7114   49  279 14410.5400 14166.9947  1.69%   113 2124s
 35930 12268 14198.3061   39  349 14410.5400 14167.3364  1.69%   113 2136s
 36096 12334 14389.7890   63   52 14410.5400 14167.9466  1.68%   113 2149s
 36145 12334 14336.3691   48  116 14410.5400 14167.9466  1.68%   113 2150s
 36272 12410 14208.6711   43  253 14410.5400 14168.5910  1.68%   114 2163s
 36445 12491 14301.6662   44  214 14410.5400 14168.7589  1.68%   114 2175s
 36620 12581 14388.7029   70  196 14410.5400 14169.4269  1.67%   114 2187s
 36818 12672 14278.9900   45  226 14410.5400 14169.8450  1.67%   114 2199s
 36889 12672 14328.9327   49   69 14410.5400 14169.8450  1.67%   114 2200s
 37005 12746     cutoff   44      14410.5400 14170.1560  1.67%   114 2211s
 37189 12782 14281.0533   44  219 14410.5400 14170.4581  1.67%   114 2226s
 37351 12904 14265.1333   41  257 14410.5400 14170.9678  1.66%   114 2241s
 37566 12997     cutoff   55      14410.5400 14171.4337  1.66%   114 2255s
 37764 13055 14340.1544   49  174 14410.5400 14171.9565  1.66%   114 2268s
 37942 13137     cutoff   56      14410.5400 14172.6484  1.65%   115 2286s
 38148 13230 14344.3362   48   76 14410.5400 14172.9489  1.65%   115 2299s
 38215 13230 14297.9464   51   46 14410.5400 14172.9489  1.65%   115 2300s
 38353 13314     cutoff   65      14410.5400 14173.4348  1.65%   115 2312s
 38539 13362 14248.8565   56   72 14410.5400 14174.3385  1.64%   115 2325s
 38689 13393 14402.7158   38   86 14410.5400 14174.4489  1.64%   115 2339s
 38842 13429 14358.5895   51   32 14410.5400 14174.7517  1.64%   115 2352s
 38983 13509 14320.2860   41  271 14410.5400 14175.1462  1.63%   115 2364s
 39154 13567 14308.8666   40  341 14410.5400 14175.6134  1.63%   116 2376s
 39305 13630 14275.8323   32  194 14410.5400 14175.9731  1.63%   116 2389s
 39470 13630 14357.8205   48   75 14410.5400 14176.6571  1.62%   116 2390s
 39494 13686 14348.1605   40  180 14410.5400 14176.7320  1.62%   116 2402s
 39642 13755 14371.4778   48  152 14410.5400 14177.3539  1.62%   116 2415s
 39831 13837     cutoff   54      14410.5400 14177.7744  1.62%   116 2426s
*39886 13804              69    14409.240000 14177.7744  1.61%   116 2427s
 40045 13865 14330.0348   58  174 14409.2400 14177.9078  1.61%   116 2438s
 40192 13893     cutoff   42      14409.2400 14178.3765  1.60%   116 2450s
H40193 13365                    14394.130000 14178.3765  1.50%   116 2450s
H40195 10723                    14357.860000 14178.3765  1.25%   116 2450s
 40262 10730     cutoff   43      14357.8600 14178.5686  1.25%   116 2460s
 40403 10757 14242.0958   45   79 14357.8600 14179.3233  1.24%   116 2472s
 40563 10780     cutoff   55      14357.8600 14179.6936  1.24%   117 2484s
 40694 10852 14248.7502   44  201 14357.8600 14180.2767  1.24%   117 2495s
 40907 10912 14337.4535   46  137 14357.8600 14180.8812  1.23%   117 2506s
 41080 10956 14302.8300   51    - 14357.8600 14181.4343  1.23%   117 2517s
 41244 10990 14313.7505   51   30 14357.8600 14181.7850  1.23%   117 2528s
 41405 11003 14327.1654   53   25 14357.8600 14182.3813  1.22%   117 2539s
 41563 11060 14343.7079   56   15 14357.8600 14183.1679  1.22%   117 2550s
 41755 11091     cutoff   57      14357.8600 14183.5078  1.21%   117 2560s
 41886 11138     cutoff   40      14357.8600 14184.0744  1.21%   118 2570s
 42045 11167     cutoff   47      14357.8600 14184.5328  1.21%   118 2581s
 42215 11199 14263.5065   44  247 14357.8600 14185.1457  1.20%   118 2591s
 42368 11261 14254.9993   45  196 14357.8600 14185.6775  1.20%   118 2602s
 42565 11344 14287.8897   45  210 14357.8600 14186.1687  1.20%   118 2614s
 42797 11376 14311.6143   56  211 14357.8600 14186.8031  1.19%   118 2624s
 42855 11376     cutoff   61      14357.8600 14186.9679  1.19%   118 2625s
 42944 11465     cutoff   41      14357.8600 14187.0559  1.19%   118 2635s
 43192 11534 14289.7238   45  167 14357.8600 14187.8434  1.18%   118 2647s
 43364 11563 14318.2552   52   75 14357.8600 14188.2883  1.18%   118 2659s
 43550 11618 14339.0048   43   68 14357.8600 14188.5496  1.18%   118 2671s
 43723 11703 14298.7439   40  194 14357.8600 14189.2325  1.17%   119 2686s
 43916 11766     cutoff   52      14357.8600 14189.6187  1.17%   119 2698s
 44126 11805     cutoff   53      14357.8600 14190.1163  1.17%   119 2710s
 44338 11873 14273.7874   44  229 14357.8600 14190.6591  1.16%   119 2723s
 44508 11931 14270.7489   47  143 14357.8600 14191.0439  1.16%   119 2736s
 44684 11997     cutoff   65      14357.8600 14191.4206  1.16%   119 2749s
 44895 12039 14355.6636   47  124 14357.8600 14192.0425  1.15%   119 2761s
 45054 12087     cutoff   46      14357.8600 14192.5937  1.15%   119 2774s
 45237 12105     cutoff   43      14357.8600 14193.0116  1.15%   119 2785s
 45398 12137     cutoff   50      14357.8600 14193.5620  1.14%   120 2799s
 45568 12182 14309.2026   53  128 14357.8600 14194.0664  1.14%   120 2811s
 45739 12229     cutoff   51      14357.8600 14194.4779  1.14%   120 2824s
 45903 12243     cutoff   46      14357.8600 14195.1343  1.13%   120 2836s
 46077 12266     cutoff   39      14357.8600 14195.5791  1.13%   120 2848s
 46238 12288 14342.5233   40   14 14357.8600 14196.1774  1.13%   120 2861s
 46433 12351 14292.4917   57   85 14357.8600 14196.6692  1.12%   120 2875s
 46661 12364     cutoff   46      14357.8600 14197.0913  1.12%   120 2888s
 46809 12407 14342.8915   68   94 14357.8600 14197.4201  1.12%   120 2900s
 46986 12452     cutoff   41      14357.8600 14198.0659  1.11%   121 2913s
 47176 12505     cutoff   71      14357.8600 14198.6719  1.11%   121 2924s
 47392 12565     cutoff   54      14357.8600 14199.4515  1.10%   121 2936s
 47596 12602 14295.5557   45  263 14357.8600 14200.0427  1.10%   121 2949s
 47749 12702 14304.6245   42  184 14357.8600 14200.5924  1.10%   121 2962s
 47995 12733 14319.4643   40  177 14357.8600 14201.0706  1.09%   121 2975s
 48188 12793 14304.4529   43   64 14357.8600 14201.7086  1.09%   121 2986s
 48410 12815     cutoff   59      14357.8600 14202.2042  1.08%   121 2999s
 48491 12815 14322.3084   41  162 14357.8600 14202.5772  1.08%   121 3000s
 48560 12831     cutoff   44      14357.8600 14202.6539  1.08%   121 3013s
 48728 12823 14335.8479   56  167 14357.8600 14202.9711  1.08%   121 3026s
 48855 12915 14311.2410   50  112 14357.8600 14203.6947  1.07%   121 3039s
 48958 12915 14329.1794   52  114 14357.8600 14203.6947  1.07%   121 3040s
 49100 12968 14339.4003   50  184 14357.8600 14203.8541  1.07%   121 3053s
 49295 13001 14232.3275   42  249 14357.8600 14204.1557  1.07%   121 3066s
 49471 13057 14270.1933   43  273 14357.8600 14204.6337  1.07%   122 3080s
 49677 13151 14272.8497   46  160 14357.8600 14205.2096  1.06%   122 3093s
 49949 13179 14277.2805   41  244 14357.8600 14205.6877  1.06%   121 3107s
 50097 13194 14253.9564   40  204 14357.8600 14206.3660  1.06%   122 3122s
H50114 10694                    14332.489997 14206.3664  0.88%   122 3122s
 50222 10722     cutoff   44      14332.4900 14206.3886  0.88%   122 3135s
H50226 10722                    14332.489948 14206.3886  0.88%   122 3135s
 50427 10721     cutoff   43      14332.4899 14206.8945  0.88%   122 3150s
