




arguments: ./build/bc_mirp -f ./input/orig_exec_125.cfg
Current dir: /scratch/gui/bc_mirp
File verbosity level: 9
date       time         ( uptime  ) [ thread name/id ]                   file:line     v| 
2021-02-07 22:10:40.426 (   0.048s) [main thread     ]             loguru.cpp:789   INFO| Logging to './output/vi_vc+hc2/OU/V4/Original/execution_07_02_2021_22_10_40.log', mode: 'a', verbosity: 9
--------------------------------------------------------------------------------
Parameters
                           instance_path           ./input/Instances/Original/3/
                            model_policy                                       1
                             nb_vehicles                                       4
                              output_dir      ./output/vi_vc+hc2/OU/V4/Original/
                            sec_strategy                                       1
                       solver_nb_threads                                       2
                         solver_show_log                                    true
                       solver_time_limit                                    3600
                              use_vi_cos                                   false
                              use_vi_cus                                   false
                         use_vi_hc1_full                                   false
                         use_vi_hc1_half                                   false
                      use_vi_hc1_quarter                                   false
                              use_vi_hc2                                    true
                              use_vi_hc3                                   false
                         use_vi_lex_full                                   false
                         use_vi_lex_half                                   false
                      use_vi_lex_quarter                                   false
                              use_vi_qua                                   false
                               use_vi_vc                                    true
                               use_vi_vr                                   false
--------------------------------------------------------------------------------
executing instance: ./input/Instances/Original/3/absH3low_2n5.dat
--------------------------------------------------------------------------------
Instance details
n	6
H	3
C	237
Li:
[0, 0, 0, 0, 0, 0, ]
Ui:
[0, 93, 180, 51, 114, 24, ]
Distance matrix:
|0	170	318	35	112	235	|
|170	0	311	205	258	301	|
|318	311	0	326	278	137	|
|35	205	326	0	89	230	|
|112	258	278	89	0	160	|
|235	301	137	230	160	0	|

--------------------------------------------------------------------------------
Building model...
	using lazy and cut (CVRPSEP package)
Solving IRP LP...
--------------------------------------------------------------------------------

Gurobi 9.1.0 (linux64) logging started Sun Feb  7 22:10:40 2021

Gurobi Optimizer version 9.1.0 build v9.1.0rc0 (linux64)
Thread count: 32 physical cores, 32 logical processors, using up to 2 threads
Optimize a model with 315 rows, 336 columns and 1386 nonzeros
Model fingerprint: 0xea7fc071
Variable types: 84 continuous, 252 integer (72 binary)
Coefficient statistics:
  Matrix range     [1e+00, 2e+02]
  Objective range  [1e-02, 3e+02]
  Bounds range     [1e+00, 2e+02]
  RHS range        [1e+00, 5e+02]
Presolve removed 75 rows and 83 columns
Presolve time: 0.00s

Explored 0 nodes (0 simplex iterations) in 0.01 seconds
Thread count was 1 (of 32 available processors)

Solution count 0

Model is infeasible
Best objective -, best bound -, gap -

User-callback calls 38, time in user-callback 0.00 sec

Computing Irreducible Inconsistent Subsystem (IIS)...

           Constraints          |            Bounds           |  Runtime
      Min       Max     Guess   |   Min       Max     Guess   |
--------------------------------------------------------------------------
        0       315         -         0       464         -           0s
       30        30         -        41        41         -           0s

IIS computed: 30 constraints, 41 bounds
IIS runtime: 0.47 seconds
================================================================================
executing instance: ./input/Instances/Original/3/absH3high_5n30.dat
--------------------------------------------------------------------------------
Instance details
n	31
H	3
C	2296
Li:
[0, 0, 0, 0, 0, 0, 0, 0, 0, 0, 0, 0, 0, 0, 0, 0, 0, 0, 0, 0, 0, 0, 0, 0, 0, 0, 0, 0, 0, 0, 0, ]
Ui:
[0, 80, 90, 297, 28, 264, 123, 192, 112, 32, 72, 88, 294, 129, 126, 105, 110, 237, 246, 92, 72, 147, 54, 96, 128, 96, 84, 28, 74, 196, 192, ]
Distance matrix:
|0	87	302	65	389	171	219	120	412	339	129	63	169	401	383	158	393	161	246	275	64	287	345	235	13	274	106	201	85	358	135	|
|87	0	334	128	402	212	301	204	465	384	187	145	232	424	454	238	475	245	289	352	80	307	352	321	81	352	20	261	170	376	215	|
|302	334	0	239	113	132	237	334	157	70	404	263	162	105	227	229	339	251	65	217	259	53	107	352	293	220	339	134	270	75	235	|
|65	128	239	0	330	107	175	130	348	275	174	40	107	339	326	114	351	125	181	224	58	228	290	222	58	224	143	138	65	297	92	|
|389	402	113	330	0	226	349	438	210	151	502	360	269	48	316	339	441	362	175	328	335	102	55	465	377	330	401	245	371	37	342	|
|171	212	132	107	226	0	169	214	253	173	276	134	64	233	261	130	326	153	77	188	133	125	192	264	162	190	220	68	145	193	125	|
|219	301	237	175	349	169	0	157	257	223	244	157	105	334	180	62	175	61	177	63	233	264	334	118	221	61	317	112	136	312	85	|
|120	204	334	130	438	214	157	0	402	348	88	90	173	438	336	115	307	100	269	220	172	338	406	122	130	218	224	204	69	403	101	|
|412	465	157	348	210	253	257	402	0	88	486	359	245	166	129	287	266	303	178	204	386	208	239	370	406	207	473	212	354	187	304	|
|339	384	70	275	151	173	223	348	88	0	427	291	179	120	166	234	290	254	96	187	306	123	166	342	332	190	391	145	291	119	247	|
|129	187	404	174	502	276	244	88	486	427	0	142	248	508	424	200	390	187	342	308	193	400	464	192	142	306	207	281	136	469	182	|
|63	145	263	40	360	134	157	90	359	291	142	0	114	366	321	95	331	99	202	212	90	258	323	186	65	211	163	148	27	327	72	|
|169	232	162	107	269	64	105	173	245	179	248	114	0	266	222	71	268	94	97	131	155	173	244	203	164	132	245	34	113	233	73	|
|401	424	105	339	48	233	334	438	166	120	508	366	266	0	280	332	409	355	169	305	353	117	96	452	391	308	425	237	374	49	339	|
|383	454	227	326	316	261	180	336	129	166	424	321	222	280	0	231	137	238	208	116	376	277	331	272	381	118	467	197	307	285	253	|
|158	238	229	114	339	130	62	115	287	234	200	95	71	332	231	0	238	23	164	118	171	243	314	134	159	117	255	95	77	302	23	|
|393	475	339	351	441	326	175	307	266	290	390	331	268	409	137	238	0	232	300	138	408	383	445	204	395	136	492	258	308	406	260	|
|161	245	251	125	362	153	61	100	303	254	187	99	94	355	238	23	232	0	187	123	183	267	338	111	164	121	262	117	77	325	34	|
|246	289	65	181	175	77	177	269	178	96	342	202	97	169	208	164	300	187	0	168	210	87	157	290	238	171	296	70	206	138	170	|
|275	352	217	224	328	188	63	220	204	187	308	212	131	305	116	118	138	123	168	0	279	255	322	166	275	3	367	120	195	291	141	|
|64	80	259	58	335	133	233	172	386	306	193	90	155	353	376	171	408	183	210	279	0	236	289	276	51	279	90	182	117	307	150	|
|287	307	53	228	102	125	264	338	208	123	400	258	173	117	277	243	383	267	87	255	236	0	71	374	276	257	308	153	270	71	245	|
|345	352	107	290	55	192	334	406	239	166	464	323	244	96	331	314	445	338	157	322	289	71	0	445	334	325	350	224	337	54	315	|
|235	321	352	222	465	264	118	122	370	342	192	186	203	452	272	134	204	111	290	166	276	374	445	0	243	164	341	221	159	428	142	|
|13	81	293	58	377	162	221	130	406	332	142	65	164	391	381	159	395	164	238	275	51	276	334	243	0	274	100	196	89	347	136	|
|274	352	220	224	330	190	61	218	207	190	306	211	132	308	118	117	136	121	171	3	279	257	325	164	274	0	367	122	194	294	140	|
|106	20	339	143	401	220	317	224	473	391	207	163	245	425	467	255	492	262	296	367	90	308	350	341	100	367	0	272	188	377	232	|
|201	261	134	138	245	68	112	204	212	145	281	148	34	237	197	95	258	117	70	120	182	153	224	221	196	122	272	0	146	208	103	|
|85	170	270	65	371	145	136	69	354	291	136	27	113	374	307	77	308	77	206	195	117	270	337	159	89	194	188	146	0	337	54	|
|358	376	75	297	37	193	312	403	187	119	469	327	233	49	285	302	406	325	138	291	307	71	54	428	347	294	377	208	337	0	306	|
|135	215	235	92	342	125	85	101	304	247	182	72	73	339	253	23	260	34	170	141	150	245	315	142	136	140	232	103	54	306	0	|

--------------------------------------------------------------------------------
Building model...
	using lazy and cut (CVRPSEP package)
Solving IRP LP...
--------------------------------------------------------------------------------

Gurobi 9.1.0 (linux64) logging started Sun Feb  7 22:10:41 2021

Gurobi Optimizer version 9.1.0 build v9.1.0rc0 (linux64)
Thread count: 32 physical cores, 32 logical processors, using up to 2 threads
Optimize a model with 1690 rows, 6436 columns and 23761 nonzeros
Model fingerprint: 0x297c9515
Variable types: 484 continuous, 5952 integer (372 binary)
Coefficient statistics:
  Matrix range     [1e+00, 6e+02]
  Objective range  [1e-01, 5e+02]
  Bounds range     [1e+00, 3e+02]
  RHS range        [1e+00, 4e+03]
Presolve removed 352 rows and 434 columns
Presolve time: 0.10s
Presolved: 1338 rows, 6002 columns, 21615 nonzeros
Variable types: 296 continuous, 5706 integer (5339 binary)

Root relaxation: objective 8.996963e+03, 1038 iterations, 0.04 seconds

    Nodes    |    Current Node    |     Objective Bounds      |     Work
 Expl Unexpl |  Obj  Depth IntInf | Incumbent    BestBd   Gap | It/Node Time

     0     0 8996.96331    0  123          - 8996.96331      -     -    0s
     0     0 9328.28246    0  115          - 9328.28246      -     -    0s
     0     0 9336.15756    0  114          - 9336.15756      -     -    0s
     0     0 9336.15756    0  112          - 9336.15756      -     -    0s
     0     0 9714.05321    0  213          - 9714.05321      -     -    0s
     0     0 9720.88482    0  194          - 9720.88482      -     -    0s
     0     0 9910.57093    0  266          - 9910.57093      -     -    1s
     0     0 9958.01411    0  242          - 9958.01411      -     -    1s
     0     0 9958.61199    0  266          - 9958.61199      -     -    1s
     0     0 9986.18166    0  270          - 9986.18166      -     -    1s
     0     0 9999.25657    0  288          - 9999.25657      -     -    2s
     0     0 10000.8231    0  298          - 10000.8231      -     -    2s
     0     0 10001.8784    0  320          - 10001.8784      -     -    2s
     0     0 10002.0656    0  342          - 10002.0656      -     -    2s
     0     0 10011.7280    0  314          - 10011.7280      -     -    2s
     0     0 10011.8339    0  309          - 10011.8339      -     -    3s
     0     0 10013.9801    0  308          - 10013.9801      -     -    3s
     0     0 10013.9801    0  282          - 10013.9801      -     -    3s
     0     2 10015.8638    0  282          - 10015.8638      -     -    3s
    35    39 10038.0368   10  240          - 10016.9459      -   184    5s
   171   189 10499.2029   46  217          - 10016.9459      -   236   10s
   565   570 12213.5450  121   24          - 10018.4815      -   124   15s
   671   663 10286.1802   16  336          - 10018.4815      -   138   20s
   739   718 10740.7858   39  284          - 10057.3657      -   135   25s
   768   737 10233.0963    9  375          - 10097.0546      -   130   30s
   792   753 12125.9202   97  364          - 10103.5543      -   126   35s
   813   769 10347.7430   19  381          - 10106.1365      -   137   40s
   842   788 11420.1310   77  408          - 10110.2407      -   132   45s
   845   793 10113.8301   25  343          - 10113.8301      -   139   50s
   878   816 10203.0496   32  295          - 10137.4433      -   147   55s
   948   868 10307.2561   50  256          - 10139.2285      -   158   60s
  1085   974 10615.2826   84  244          - 10139.2285      -   165   65s
  1221  1068 10813.3029  112  235          - 10139.2285      -   170   70s
  1385  1192 11525.5286  139  256          - 10139.2285      -   167   75s
  1612  1342 11735.3063  174  212          - 10139.2285      -   159   80s
  1773  1438 11869.8642  198  175          - 10139.2285      -   154   86s
  1951  1510 12424.7602  246  121          - 10139.2285      -   148   94s
  1985  1575 12786.1407  258  141          - 10139.2285      -   147   95s
  2192  1707 13208.4383  332  157          - 10139.2285      -   142  100s
  2482  1981 14216.0530  415   92          - 10139.2285      -   135  106s
* 2678  2061             480    15131.010000 10140.9630  33.0%   129  108s
* 2686  2010             484    14671.970000 10140.9630  30.9%   129  108s
  2884  1903 10187.5895   33  383 14671.9700 10140.9630  30.9%   122  110s
  2928  1983 10226.1537   36  367 14671.9700 10140.9630  30.9%   121  116s
* 3048  1740             275    13492.380000 10140.9630  24.8%   118  118s
  3084  1715 10390.9780   44  250 13492.3800 10140.9630  24.8%   117  120s
  3121  1746 10474.8601   56  238 13492.3800 10140.9630  24.8%   120  127s
  3142  1785 10809.1503   62  160 13492.3800 10140.9630  24.8%   121  130s
  3188  1886 11002.1285   76   89 13492.3800 10140.9630  24.8%   122  135s
  3327  2073 11921.3717  163   70 13492.3800 10140.9630  24.8%   120  140s
  3558  2179     cutoff  272      13492.3800 10151.9743  24.8%   116  145s
  3604  2233 10533.6169   41  283 13492.3800 10151.9743  24.8%   117  150s
  3657  2303 10876.9516   59  252 13492.3800 10151.9743  24.8%   118  155s
  3856  2608 12264.3275  148  122 13492.3800 10151.9743  24.8%   115  169s
  4024  2608 12223.6513  207   58 13492.3800 10151.9743  24.8%   112  170s
  4132  2797 10455.3783   31  360 13492.3800 10152.3063  24.8%   111  176s
* 4240  2779             293    13422.840000 10152.3063  24.4%   109  177s
* 4246  2643             291    13276.250000 10152.3063  23.5%   109  177s
  4273  2655 10940.6676   38  215 13276.2500 10159.9688  23.5%   109  180s
* 4323  2586             287    13152.010000 10161.8053  22.7%   109  180s
* 4324  2586             287    13151.360000 10161.8053  22.7%   109  180s
  4360  2607 10499.5243   34  398 13151.3600 10161.8053  22.7%   110  187s
  4390  2656 10633.9757   38  288 13151.3600 10161.8053  22.7%   113  192s
  4420  2731 10794.7392   47  256 13151.3600 10161.8053  22.7%   114  195s
  4546  3001 10961.5452   54  229 13151.3600 10161.8053  22.7%   114  203s
  4797  3086 11531.7768  100   81 13151.3600 10161.8053  22.7%   110  208s
  4883  3235 12481.1112  141  107 13151.3600 10167.3311  22.7%   110  212s
  5052  3277 10399.6339   36  331 13151.3600 10167.3311  22.7%   108  217s
  5094  3389 10692.1289   44  243 13151.3600 10167.3311  22.7%   109  221s
  5206  3513 11344.9848   68  135 13151.3600 10178.6439  22.6%   108  227s
  5363  3526     cutoff  138      13151.3600 10179.3820  22.6%   106  232s
  5376  3557 10505.9247   40  411 13151.3600 10182.5043  22.6%   107  236s
  5407  3663 10890.2632   58  260 13151.3600 10182.5043  22.6%   108  240s
  5513  3941 12014.7296  144  126 13151.3600 10182.5043  22.6%   108  246s
  5818  3955 infeasible  188      13151.3600 10191.6917  22.5%   104  251s
  5845  3986 10563.2140   37  301 13151.3600 10191.7659  22.5%   105  255s
  5876  4014 10886.4893   51  171 13151.3600 10191.7659  22.5%   106  266s
  5904  4186 10900.9101   52  161 13151.3600 10191.7659  22.5%   106  271s
  6098  4370 11471.7285  119   99 13151.3600 10191.7659  22.5%   104  277s
  6282  4471 12963.5222  284   53 13151.3600 10196.9690  22.5%   103  282s
  6425  4539 10752.6549   54  209 13151.3600 10197.6120  22.5%   102  287s
  6488  4648 11342.4702  109  109 13151.3600 10200.6749  22.4%   103  292s
  6609  4800 12500.4039  167   55 13151.3600 10200.8788  22.4%   103  298s
  6787  4831     cutoff  213      13151.3600 10203.1175  22.4%   102  304s
  6837  4914 10739.5702   44  230 13151.3600 10203.4204  22.4%   103  308s
  6920  5028 12159.2895   99   38 13151.3600 10208.9187  22.4%   103  313s
  7054  5070 10680.9140   38  307 13151.3600 10211.0273  22.4%   103  318s
  7096  5299 11124.6034   61  144 13151.3600 10211.2254  22.4%   103  327s
  7368  5328 10465.2015   33  410 13151.3600 10211.2451  22.4%   102  334s
  7395  5362 10681.1785   40  351 13151.3600 10211.2451  22.4%   103  340s
  7429  5490 11008.1951   55  180 13151.3600 10211.2451  22.4%   105  347s
  7559  5781 11668.2382  110   16 13151.3600 10211.6605  22.4%   106  355s
  7882  5916     cutoff  231      13151.3600 10212.5061  22.3%   103  364s
  8057  6046 10726.5096   51  256 13151.3600 10213.5851  22.3%   103  376s
  8186  6099 12776.4833  156   36 13151.3600 10213.7365  22.3%   103  384s
  8263  6333 11182.4503   52  148 13151.3600 10213.7686  22.3%   104  392s
  8552  6590 10465.2477   38  362 13151.3600 10213.7686  22.3%   103  402s
  8889  6799 10941.9491   55  295 13151.3600 10219.3815  22.3%   101  412s
  9116  6940 10333.2745   31  373 13151.3600 10219.7347  22.3%   101  421s
  9284  6984 10797.9759   47  275 13151.3600 10219.7347  22.3%   101  428s
  9327  7135 11568.0283   82  151 13151.3600 10221.7241  22.3%   101  435s
  9490  7221 10540.9830   39  319 13151.3600 10223.1673  22.3%   101  443s
  9576  7552 11054.9986   78   56 13151.3600 10231.3332  22.2%   102  451s
  9963  7800 10708.0461   46  187 13151.3600 10232.1826  22.2%   100  461s
 10233  8058 10707.4646   43  219 13151.3600 10232.2475  22.2%  98.6  471s
 10520  8318 11298.2410   98  140 13151.3600 10233.2223  22.2%  97.5  480s
 10791  8408 10371.5553   41  417 13151.3600 10233.3504  22.2%  96.3  489s
 10899  8558 10810.3621   61  253 13151.3600 10235.4011  22.2%  96.2  496s
 11059  8751 infeasible  171      13151.3600 10235.4971  22.2%  96.2  503s
 11120  8751 10790.1760   78   31 13151.3600 10235.4971  22.2%  96.4  505s
 11265  9126 10881.9923   92   34 13151.3600 10236.4803  22.2%  96.1  513s
 11726  9160 infeasible  199      13151.3600 10236.8207  22.2%  93.9  524s
 11729  9216 10553.6526   48  332 13151.3600 10236.8207  22.2%  94.0  530s
 11806  9326 11434.7202   83  183 13151.3600 10240.7209  22.1%  94.6  538s
 11932  9462     cutoff  158      13151.3600 10245.2453  22.1%  94.9  546s
 12080  9544 10843.1963   41  303 13151.3600 10246.8036  22.1%  95.2  553s
 12163  9685 11789.5820  110  126 13151.3600 10249.1136  22.1%  95.9  561s
 12328  9866 10818.7191   55  213 13151.3600 10249.1136  22.1%  95.9  570s
 12508 10028 11509.2469  171   60 13151.3600 10249.9963  22.1%  96.1  578s
 12695 10220 11186.2380   59  159 13151.3600 10252.0066  22.0%  96.3  586s
 12913 10351     cutoff  162      13151.3600 10252.9997  22.0%  96.1  596s
 13067 10543 12944.9646  155   41 13151.3600 10254.7393  22.0%  96.3  605s
 13265 10605 infeasible  176      13151.3600 10255.5214  22.0%  96.0  613s
 13345 10757 10943.5344   58  257 13151.3600 10256.2375  22.0%  96.7  620s
 13527 10857 12087.0680  140   91 13151.3600 10257.0946  22.0%  96.6  629s
 13651 10883 10601.8415   38  185 13151.3600 10257.1234  22.0%  96.8  636s
 13672 11008 10690.7526   49  118 13151.3600 10257.1234  22.0%  97.1  644s
 13797 11442 11022.6301   91   93 13151.3600 10260.1776  22.0%  97.7  653s
 14132 11442 11326.0500   97   22 13151.3600 10261.2302  22.0%  96.1  655s
 14300 11546 10506.0784   33  388 13151.3600 10261.2302  22.0%  96.0  662s
 14436 11615 11056.1839   47  375 13151.3600 10261.2302  22.0%  96.2  670s
 14505 11781 11837.7279   83  180 13151.3600 10262.3774  22.0%  96.9  678s
 14718 11834 10540.6441   50  324 13151.3600 10262.4738  22.0%  96.8  689s
 14771 11897 11026.7129   73  277 13151.3600 10262.4738  22.0%  97.4  697s
 14834 12199 11216.2889   84  233 13151.3600 10262.4891  22.0%  97.4  706s
 15180 12423 10640.4058   40  268 13151.3600 10262.7518  22.0%  96.5  717s
 15420 12553 11408.4277   93  182 13151.3600 10265.7412  21.9%  96.4  727s
 15568 12744 infeasible  194      13151.3600 10267.0306  21.9%  96.3  735s
 15784 12907 11010.7624   59   97 13151.3600 10268.3050  21.9%  96.2  744s
 15844 12907 11120.5534  115   50 13151.3600 10268.3050  21.9%  96.0  745s
 15979 13013 12346.0565  175   39 13151.3600 10268.8317  21.9%  95.9  752s
 16091 13231 infeasible  204      13151.3600 10269.9573  21.9%  96.3  762s
 16352 13298 10548.7998   55  348 13151.3600 10271.7483  21.9%  95.8  770s
 16414 13579 11137.4780   88  195 13151.3600 10271.8838  21.9%  96.4  780s
 16728 13632     cutoff  157      13151.3600 10272.7850  21.9%  95.6  789s
 16785 13665 11282.8038   62  160 13151.3600 10273.1133  21.9%  96.2  800s
 16818 13839 11474.5735   81  117 13151.3600 10274.7279  21.9%  96.3  808s
 17028 14000 10855.0445   50   62 13151.3600 10274.7288  21.9%  96.1  817s
 17206 14282 11078.0731   65  193 13151.3600 10274.7436  21.9%  96.4  826s
 17515 14495     cutoff  196      13151.3600 10275.1615  21.9%  96.0  838s
 17821 14602 11091.9282   70  313 13151.3600 10275.1707  21.9%  95.3  846s
 17906 14706 12400.6931  141  106 13151.3600 10277.7128  21.9%  95.8  854s
 17936 14706 12749.1701  171  143 13151.3600 10277.7128  21.9%  95.7  855s
 18022 14827 11654.9644   91  111 13151.3600 10279.7632  21.8%  96.1  863s
 18160 14879     cutoff  155      13151.3600 10280.5294  21.8%  96.3  870s
 18213 15083 10882.1747   60  212 13151.3600 10281.1283  21.8%  96.9  879s
 18340 15091 11266.3359   63  223 13151.3600 10281.1379  21.8%  96.8  880s
 18465 15123     cutoff  166      13151.3600 10281.5006  21.8%  96.8  888s
 18503 15317 10655.3613   43  212 13151.3600 10281.5006  21.8%  97.4  896s
 18697 15615 11143.5232  127   89 13151.3600 10282.0469  21.8%  97.4  908s
 19043 15700 12438.3867  283   10 13151.3600 10282.5215  21.8%  96.6  917s
 19171 15841     cutoff  318      13151.3600 10283.9046  21.8%  96.8  925s
 19345 15900 10826.8958   47  269 13151.3600 10283.9373  21.8%  96.9  933s
 19400 16084 11027.6966   66  158 13151.3600 10283.9373  21.8%  97.5  942s
 19618 16256 11818.1840  162   57 13151.3600 10284.0209  21.8%  97.6  952s
 19822 16374 10991.1447   46  162 13151.3600 10284.6870  21.8%  97.4  961s
 19953 16505     cutoff   95      13151.3600 10286.1659  21.8%  97.8  971s
 20099 16686 11055.4220   58  315 13151.3600 10286.5048  21.8%  98.1  980s
 20282 16868 12944.9784  201   78 13151.3600 10288.7738  21.8%  98.1  989s
 20511 16971 11765.4805   80  130 13151.3600 10289.6425  21.8%  97.9  998s
 20634 17007 infeasible  149      13151.3600 10290.9235  21.8%  98.1 1008s
 20672 17215 10840.8359   58  245 13151.3600 10291.5750  21.7%  98.5 1017s
 20909 17384 10573.1177   40  318 13151.3600 10291.6176  21.7%  98.4 1026s
 21094 17616 11063.0491   62  218 13151.3600 10293.0748  21.7%  98.4 1036s
 21345 17838 10458.0759   37  364 13151.3600 10293.5913  21.7%  98.2 1046s
 21631 17886 10400.0566   37  384 13151.3600 10294.0509  21.7%  98.0 1056s
 21664 17930 10785.4827   45  304 13151.3600 10294.0509  21.7%  98.6 1064s
 21708 18229 10983.9459   52  257 13151.3600 10294.0509  21.7%  99.0 1072s
 22047 18351 12127.2300  164   26 13151.3600 10296.9591  21.7%  98.5 1082s
 22212 18385     cutoff  203      13151.3600 10297.5546  21.7%  98.5 1090s
 22248 18510 10590.2555   45  272 13151.3600 10297.5546  21.7%  98.8 1097s
 22385 18650 11195.2388   68  205 13151.3600 10297.9496  21.7%  99.0 1106s
 22585 18795 10730.1412   51  292 13151.3600 10299.3882  21.7%  98.9 1116s
 22741 18912     cutoff  146      13151.3600 10300.1692  21.7%  98.9 1125s
 22874 19235 10729.4377   56  273 13151.3600 10301.6420  21.7%  99.1 1135s
 23199 19323 12344.8595  185   21 13151.3600 10302.2270  21.7%  98.6 1145s
 23347 19395     cutoff  219      13151.3600 10303.4103  21.7%  98.6 1153s
 23431 19523     cutoff  224      13151.3600 10304.3555  21.6%  98.9 1162s
 23577 19630 11219.6043   53  113 13151.3600 10305.7905  21.6%  99.0 1172s
 23711 19679     cutoff  134      13151.3600 10305.8704  21.6%  99.2 1180s
 23762 19838 11080.6955   67   49 13151.3600 10307.4265  21.6%   100 1188s
 23979 19915     cutoff  145      13151.3600 10307.5187  21.6%   100 1197s
 24047 20056 11730.2420  101   63 13151.3600 10308.9145  21.6%   100 1206s
 24244 20199 10796.0819   47  194 13151.3600 10310.3405  21.6%   100 1215s
 24406 20394     cutoff  149      13151.3600 10312.9893  21.6%   100 1224s
 24439 20394 11176.9600   66    6 13151.3600 10312.9893  21.6%   100 1225s
 24633 20483 12595.5282  135   17 13151.3600 10316.9825  21.6%   100 1233s
 24739 20569 10745.4192   53  125 13151.3600 10316.9825  21.6%   100 1241s
 24833 20822 11044.5569   71  168 13151.3600 10317.8778  21.5%   101 1251s
 25175 20972     cutoff  194      13151.3600 10318.5030  21.5%   100 1262s
 25325 21084 11130.7982   53  226 13151.3600 10318.6996  21.5%   100 1272s
 25450 21147 12999.8828   95   21 13151.3600 10319.0809  21.5%   101 1281s
 25528 21292     cutoff  105      13151.3600 10319.7314  21.5%   101 1290s
 25716 21398 11740.3153   83   56 13151.3600 10320.9405  21.5%   101 1299s
 25829 21526 12829.5600  122   30 13151.3600 10322.4980  21.5%   101 1309s
 25887 21530 12013.1248  103  171 13151.3600 10323.7276  21.5%   102 1310s
 25980 21618     cutoff  131      13151.3600 10323.8167  21.5%   101 1320s
 26107 21747 10935.8680   52  260 13151.3600 10324.3377  21.5%   102 1329s
 26273 21827 10776.9615   35  172 13151.3600 10324.5515  21.5%   102 1338s
 26398 21978 infeasible   99      13151.3600 10325.0631  21.5%   102 1348s
 26577 22117 10864.5060   57  275 13151.3600 10326.4581  21.5%   102 1358s
 26726 22238 10619.4493   40  293 13151.3600 10327.2044  21.5%   102 1367s
 26847 22534 10974.2306   71   54 13151.3600 10327.3567  21.5%   102 1378s
 27228 22573 12872.2767  187   19 13151.3600 10327.4875  21.5%   102 1381s
 27262 22640     cutoff  139      13151.3600 10328.0759  21.5%   102 1390s
 27353 22800 11247.2665   89   37 13151.3600 10328.5691  21.5%   102 1399s
 27552 22848 13141.3598  143   14 13151.3600 10328.5795  21.5%   102 1407s
 27631 22889 10620.1265   37  245 13151.3600 10328.6052  21.5%   102 1415s
 27670 23053 11323.4499   50   83 13151.3600 10328.9636  21.5%   103 1425s
 27850 23230 12637.2162   93   45 13151.3600 10329.0553  21.5%   103 1436s
 28063 23309 10916.5608   47  304 13151.3600 10329.4330  21.5%   103 1446s
 28131 23504 11357.6853   66   71 13151.3600 10329.4357  21.5%   103 1457s
 28352 23810 12307.3516  123   16 13151.3600 10329.4942  21.5%   103 1468s
 28691 23841     cutoff  189      13151.3600 10330.5247  21.4%   103 1478s
 28734 24008 10801.6641   50  332 13151.3600 10330.8205  21.4%   103 1487s
 28901 24151 11507.0691   88  176 13151.3600 10330.8205  21.4%   103 1503s
 29059 24234 11833.0649  131   67 13151.3600 10331.7698  21.4%   102 1512s
 29159 24427 10869.5315   59  295 13151.3600 10331.9142  21.4%   103 1522s
 29384 24528     cutoff  162      13151.3600 10332.7009  21.4%   102 1532s
 29499 24771 11009.4701   54  124 13151.3600 10334.9588  21.4%   103 1542s
 29788 24976     cutoff  236      13151.3600 10334.9615  21.4%   102 1554s
 29875 24976 11698.0463  100   61 13151.3600 10335.4580  21.4%   102 1555s
 29999 25150 10943.3960   61  129 13151.3600 10335.8125  21.4%   102 1565s
 30202 25208 infeasible  216      13151.3600 10335.8626  21.4%   102 1573s
 30262 25474 11039.7469   51  154 13151.3600 10336.6255  21.4%   102 1584s
 30386 25496 11455.0201   96  118 13151.3600 10336.7841  21.4%   102 1585s
 30596 25530     cutoff  127      13151.3600 10337.3150  21.4%   102 1594s
 30644 25635 13139.3100  129    - 13151.3600 10337.5797  21.4%   102 1602s
 30751 25689 infeasible  129      13151.3600 10338.7419  21.4%   102 1611s
H30753 25277                    13029.060000 10338.7419  20.6%   102 1611s
 30828 25305 10842.0495   49  220 13029.0600 10338.9338  20.6%   102 1628s
 30855 25409 11359.7718   52   61 13029.0600 10338.9338  20.6%   103 1636s
 30959 25868 11573.1603   77   59 13029.0600 10339.8598  20.6%   103 1648s
 31465 26003 11916.3429   83  152 13029.0600 10340.0082  20.6%   102 1659s
 31495 26003 12002.6720  113  130 13029.0600 10340.0082  20.6%   102 1660s
 31616 26135 10678.8484   49  351 13029.0600 10340.0082  20.6%   102 1670s
 31779 26259 11361.5682   71  230 13029.0600 10340.5191  20.6%   102 1679s
 31839 26259 12109.2194  131   61 13029.0600 10340.5191  20.6%   102 1680s
 31913 26353     cutoff  166      13029.0600 10340.8822  20.6%   102 1689s
 32017 26428 12973.5900  164    - 13029.0600 10342.1256  20.6%   102 1698s
 32093 26620 12999.5527  164   35 13029.0600 10342.3240  20.6%   103 1709s
 32301 26796 11037.6465   48   96 13029.0600 10342.6836  20.6%   103 1721s
H32503 22316                    12404.990000 10343.2720  16.6%   103 1721s
 32520 22397     cutoff  127      12404.9900 10343.6884  16.6%   103 1731s
 32658 22450 10643.9538   49  283 12404.9900 10343.9101  16.6%   103 1739s
 32714 22595 11117.9417   62  241 12404.9900 10344.5045  16.6%   103 1750s
 32915 22630     cutoff  111      12404.9900 10344.8479  16.6%   103 1759s
 32962 22776 11235.4499   51  262 12404.9900 10345.0181  16.6%   104 1768s
 33146 22867 10975.6207   53  162 12404.9900 10345.2775  16.6%   104 1778s
 33252 22941     cutoff  117      12404.9900 10345.5851  16.6%   104 1787s
 33337 23073 11237.4419   60  108 12404.9900 10346.0218  16.6%   104 1796s
 33505 23147 12336.8800  135    - 12404.9900 10347.1912  16.6%   104 1805s
*33508 22578             137    12340.720000 10347.1912  16.2%   104 1805s
*33509 22566             136    12339.720000 10347.1912  16.1%   104 1805s
 33606 22740     cutoff  135      12339.7200 10347.5753  16.1%   104 1815s
 33804 22897 10992.1954   53  296 12339.7200 10348.0343  16.1%   104 1825s
 33973 22980 11919.9997  155   62 12339.7200 10348.2758  16.1%   104 1834s
 34003 22980 12058.6665  185   39 12339.7200 10348.2758  16.1%   104 1835s
 34079 23188 10898.2111   54  286 12339.7200 10348.5195  16.1%   105 1846s
 34325 23222     cutoff  186      12339.7200 10348.8949  16.1%   105 1855s
 34358 23394 11070.7271   52  258 12339.7200 10349.1417  16.1%   105 1864s
 34388 23394 11424.4529   82  102 12339.7200 10349.1417  16.1%   105 1865s
 34567 23457 11876.7946  108   57 12339.7200 10349.5076  16.1%   105 1874s
 34644 23559     cutoff  143      12339.7200 10351.1481  16.1%   105 1884s
 34753 23559 12233.0971  143   43 12339.7200 10351.9028  16.1%   105 1885s
 34766 23720 10892.5786   54  335 12339.7200 10352.3283  16.1%   105 1893s
 34938 23810 10935.7216   55  179 12339.7200 10352.5735  16.1%   105 1902s
 35063 23932 10924.0557   54  251 12339.7200 10352.7401  16.1%   105 1912s
 35197 23999 11863.3163   98  124 12339.7200 10353.4875  16.1%   105 1921s
 35283 24114 10988.3956   54  217 12339.7200 10353.8759  16.1%   106 1930s
 35442 24215 10589.6549   45  229 12339.7200 10354.8403  16.1%   106 1940s
 35558 24302     cutoff  107      12339.7200 10355.2444  16.1%   106 1950s
 35665 24343 10517.3328   39  421 12339.7200 10355.5206  16.1%   106 1958s
 35706 24433 10863.2126   55  154 12339.7200 10355.5206  16.1%   106 1967s
 35796 24641 11501.3189   98   75 12339.7200 10356.7199  16.1%   106 1981s
 36042 24719 10946.0115   47  305 12339.7200 10358.0580  16.1%   106 1991s
 36134 24816 10566.9946   41  204 12339.7200 10358.0580  16.1%   106 2002s
 36256 24927 11521.8653   70  131 12339.7200 10358.1009  16.1%   107 2013s
 36380 25094 10971.6927   45  203 12339.7200 10358.5925  16.1%   107 2024s
 36471 25094 11942.0300  135   22 12339.7200 10358.5925  16.1%   107 2025s
 36570 25166     cutoff  147      12339.7200 10358.8857  16.1%   107 2035s
 36673 25227 10847.5403   45  237 12339.7200 10359.0454  16.1%   107 2044s
 36703 25227 11040.4051   60   82 12339.7200 10359.0454  16.1%   107 2045s
 36736 25436 11269.1636   66   54 12339.7200 10359.2433  16.0%   107 2056s
 37011 25602 12195.1992  123   11 12339.7200 10359.7941  16.0%   107 2069s
 37114 25605 12020.5156  127   15 12339.7200 10359.7941  16.0%   107 2070s
 37208 25716 infeasible  128      12339.7200 10360.5577  16.0%   107 2080s
 37343 25798 11303.7805   53  222 12339.7200 10361.4368  16.0%   107 2090s
 37437 25883     cutoff  114      12339.7200 10361.4617  16.0%   107 2100s
 37535 26015 10996.7323   49  294 12339.7200 10362.2214  16.0%   107 2112s
 37683 26108     cutoff  129      12339.7200 10362.9908  16.0%   107 2122s
 37789 26264 11526.7611   82  210 12339.7200 10364.0162  16.0%   107 2134s
 37819 26264 12171.4264  112   55 12339.7200 10364.0162  16.0%   107 2135s
 38004 26318 10767.6398   51  222 12339.7200 10364.0917  16.0%   107 2145s
 38047 26460 11257.5022   66   47 12339.7200 10364.3102  16.0%   108 2155s
 38243 26654 11456.4988   72   35 12339.7200 10364.8905  16.0%   108 2167s
 38482 26712     cutoff   90      12339.7200 10365.1571  16.0%   108 2178s
 38550 26794 10682.2277   49  342 12339.7200 10365.1610  16.0%   108 2190s
 38640 26922 11134.2958   56  231 12339.7200 10365.2447  16.0%   108 2200s
 38817 27008 10559.8537   45  399 12339.7200 10365.3178  16.0%   108 2211s
 38903 27165 11567.5273   86  138 12339.7200 10365.5959  16.0%   108 2221s
 39115 27231 11027.9753   50  124 12339.7200 10366.3554  16.0%   108 2231s
 39197 27327 10805.3229   47  330 12339.7200 10366.6600  16.0%   109 2241s
 39310 27392     cutoff  111      12339.7200 10367.7406  16.0%   109 2251s
 39386 27455 10762.3956   43  174 12339.7200 10368.2832  16.0%   109 2261s
 39449 27540 10951.6727   50  112 12339.7200 10368.2832  16.0%   109 2271s
 39556 27694 11319.9599   72  164 12339.7200 10368.4935  16.0%   109 2282s
 39746 27730     cutoff  116      12339.7200 10368.9807  16.0%   109 2292s
 39781 27910 10945.2899   49  287 12339.7200 10370.2214  16.0%   110 2302s
 39983 27935 10461.0772   31  361 12339.7200 10370.4321  16.0%   110 2311s
 40005 28050 10825.7770   40  141 12339.7200 10370.4321  16.0%   110 2322s
 40120 28325 11464.7767   90   89 12339.7200 10371.7142  15.9%   110 2335s
 40434 28450 10904.1363   49  243 12339.7200 10372.0743  15.9%   110 2347s
 40569 28537 10592.9755   46  344 12339.7200 10372.2975  15.9%   110 2357s
 40656 28673 11251.7583   94   48 12339.7200 10372.3854  15.9%   110 2367s
 40816 28815 10783.2340   44  310 12339.7200 10372.9294  15.9%   110 2379s
 41000 28850 10628.5722   33  242 12339.7200 10373.1294  15.9%   110 2388s
 41050 28953 11047.4035   44  136 12339.7200 10373.1294  15.9%   111 2408s
 41164 29021 11581.3639   57  196 12339.7200 10374.3092  15.9%   111 2420s
 41270 29091 12236.9000   82    - 12339.7200 10374.8361  15.9%   111 2430s
 41333 29238     cutoff   82      12339.7200 10375.6327  15.9%   111 2442s
 41553 29350 10894.3633   52  268 12339.7200 10375.9163  15.9%   111 2453s
 41657 29437     cutoff  117      12339.7200 10376.0916  15.9%   111 2463s
H41673 29206                    12318.840000 10376.0916  15.8%   111 2463s
 41754 29323 10902.5531   64  306 12318.8400 10376.2959  15.8%   111 2474s
H41901 29029                    12286.840000 10376.2966  15.5%   111 2483s
 41959 29092 12139.5833   98   91 12286.8400 10376.4349  15.5%   111 2493s
 42044 29146 10861.2207   48  236 12286.8400 10376.4424  15.5%   112 2502s
 42129 29212 10975.9982   55  207 12286.8400 10376.4424  15.5%   112 2513s
 42191 29346 11313.3107   72  137 12286.8400 10376.4424  15.5%   112 2523s
 42347 29476 11880.9406   90   62 12286.8400 10377.9241  15.5%   112 2535s
 42515 29596     cutoff  140      12286.8400 10378.5496  15.5%   112 2546s
 42659 29629 infeasible  114      12286.8400 10379.6515  15.5%   112 2555s
 42709 29798 11029.8657   63  194 12286.8400 10379.8588  15.5%   112 2566s
 42900 29912 10677.9005   44  342 12286.8400 10381.7535  15.5%   112 2577s
 43034 29960     cutoff  115      12286.8400 10381.8654  15.5%   112 2587s
 43097 30020 10990.6677   45  336 12286.8400 10382.5048  15.5%   113 2600s
 43174 30093 10428.5898   44  417 12286.8400 10382.9130  15.5%   113 2610s
 43262 30212 10840.5130   57  279 12286.8400 10382.9130  15.5%   113 2623s
 43418 30289     cutoff  114      12286.8400 10383.0989  15.5%   113 2634s
 43532 30370 11016.9035   43  207 12286.8400 10384.5894  15.5%   113 2645s
 43633 30471     cutoff   94      12286.8400 10384.5987  15.5%   113 2655s
 43736 30623 10871.2557   45  285 12286.8400 10384.5987  15.5%   113 2668s
 43907 30700 12010.6350   71   17 12286.8400 10385.1567  15.5%   113 2679s
 43963 30703 10937.6938   56  312 12286.8400 10385.2149  15.5%   113 2680s
 44018 30779     cutoff   86      12286.8400 10385.3971  15.5%   114 2691s
 44107 30837 11293.7828   73  247 12286.8400 10385.5653  15.5%   114 2702s
 44181 30889     cutoff  103      12286.8400 10385.6855  15.5%   114 2712s
 44244 31047 11100.8062   51  250 12286.8400 10385.7524  15.5%   114 2725s
 44411 31113     cutoff  158      12286.8400 10385.8481  15.5%   114 2736s
 44490 31209 11291.3960   58  249 12286.8400 10386.2932  15.5%   114 2747s
 44613 31239 10646.7338   29  287 12286.8400 10387.2383  15.5%   114 2759s
 44646 31388 11308.4598   47  133 12286.8400 10387.4736  15.5%   115 2771s
 44826 31419 infeasible  112      12286.8400 10388.3861  15.5%   115 2780s
 44863 31558 11004.1488   60  266 12286.8400 10388.3861  15.5%   115 2791s
 45025 31643 infeasible  125      12286.8400 10389.2790  15.4%   115 2802s
 45122 31875 10838.2892   48  157 12286.8400 10389.8228  15.4%   115 2815s
 45415 31916     cutoff  166      12286.8400 10390.0890  15.4%   115 2825s
 45473 32019 11289.5172   73  327 12286.8400 10391.4461  15.4%   115 2836s
 45599 32139 10732.0811   46  280 12286.8400 10391.9545  15.4%   115 2846s
 45756 32154 10585.5765   36  444 12286.8400 10392.3489  15.4%   115 2858s
 45771 32217 10735.6281   43  341 12286.8400 10392.3489  15.4%   115 2869s
 45846 32311 11190.7935   61  260 12286.8400 10393.1862  15.4%   115 2880s
 45961 32442 10836.9204   39  342 12286.8400 10393.3762  15.4%   115 2892s
 46125 32517     cutoff   79      12286.8400 10393.8794  15.4%   115 2902s
 46199 32668 11085.7638   57  191 12286.8400 10394.2243  15.4%   116 2914s
 46391 32765 11114.8585   60  151 12286.8400 10394.3281  15.4%   116 2924s
 46422 32765 11609.7385   91  119 12286.8400 10394.3281  15.4%   115 2925s
 46500 32856 11479.7427   72   99 12286.8400 10394.5310  15.4%   116 2936s
 46616 32992 10783.1608   46  267 12286.8400 10394.6889  15.4%   116 2947s
 46791 33031     cutoff  113      12286.8400 10395.1705  15.4%   116 2957s
 46826 33083 11124.5289   49  206 12286.8400 10395.5384  15.4%   116 2969s
 46865 33083 12258.9525   82   58 12286.8400 10395.5384  15.4%   116 2970s
 46903 33145 infeasible   87      12286.8400 10395.7560  15.4%   116 2980s
 47005 33227 10924.9606   53  308 12286.8400 10395.8469  15.4%   116 2990s
 47094 33296 12236.7637   85   45 12286.8400 10396.0017  15.4%   116 3002s
 47201 33337 10803.7493   55  241 12286.8400 10396.3670  15.4%   117 3013s
 47237 33498 11168.0518   73   66 12286.8400 10396.6406  15.4%   117 3025s
 47416 33606     cutoff  141      12286.8400 10396.9381  15.4%   117 3037s
 47569 33697 10958.7564   54  207 12286.8400 10397.2851  15.4%   117 3049s
 47658 33731 12262.5271  112   75 12286.8400 10397.7289  15.4%   117 3059s
*47689 32511             138    12200.150000 10397.9510  14.8%   117 3059s
 47714 32617 11144.1002   53  224 12200.1500 10398.1241  14.8%   117 3070s
 47850 32650 10799.7351   37  227 12200.1500 10398.5846  14.8%   117 3081s
 47883 32829 11158.8809   48   59 12200.1500 10398.8011  14.8%   117 3095s
 48108 32941 infeasible  131      12200.1500 10399.2569  14.8%   117 3108s
 48273 33060 10922.3577   56  266 12200.1500 10399.6339  14.8%   117 3119s
 48395 33195 12118.9644  104   60 12200.1500 10400.1390  14.8%   118 3131s
 48553 33273 10908.8963   46  336 12200.1500 10400.5276  14.8%   118 3142s
 48656 33363 10665.1488   39  315 12200.1500 10400.8227  14.7%   118 3154s
 48784 33484 11208.3588   60  218 12200.1500 10400.9788  14.7%   118 3165s
 48921 33696     cutoff  116      12200.1500 10401.1910  14.7%   118 3177s
 49160 33761 10611.1881   49  446 12200.1500 10401.4783  14.7%   118 3191s
 49239 33850 11364.7975   68  194 12200.1500 10401.7966  14.7%   118 3201s
