




arguments: ./build/bc_mirp -f ./input/orig_exec_77.cfg
Current dir: /scratch/gui/bc_mirp
File verbosity level: 9
date       time         ( uptime  ) [ thread name/id ]                   file:line     v| 
2021-02-07 06:39:29.929 (   0.055s) [main thread     ]             loguru.cpp:789   INFO| Logging to './output/vi_vc+hc2/OU/V4/Original/execution_07_02_2021_06_39_29.log', mode: 'a', verbosity: 9
--------------------------------------------------------------------------------
Parameters
                           instance_path           ./input/Instances/Original/2/
                            model_policy                                       1
                             nb_vehicles                                       4
                              output_dir      ./output/vi_vc+hc2/OU/V4/Original/
                            sec_strategy                                       1
                       solver_nb_threads                                       2
                         solver_show_log                                    true
                       solver_time_limit                                    3600
                              use_vi_cos                                   false
                              use_vi_cus                                   false
                         use_vi_hc1_full                                   false
                         use_vi_hc1_half                                   false
                      use_vi_hc1_quarter                                   false
                              use_vi_hc2                                    true
                              use_vi_hc3                                   false
                         use_vi_lex_full                                   false
                         use_vi_lex_half                                   false
                      use_vi_lex_quarter                                   false
                              use_vi_qua                                   false
                               use_vi_vc                                    true
                               use_vi_vr                                   false
--------------------------------------------------------------------------------
executing instance: ./input/Instances/Original/2/absH3high_3n40.dat
--------------------------------------------------------------------------------
Instance details
n	41
H	3
C	3283
Li:
[0, 0, 0, 0, 0, 0, 0, 0, 0, 0, 0, 0, 0, 0, 0, 0, 0, 0, 0, 0, 0, 0, 0, 0, 0, 0, 0, 0, 0, 0, 0, 0, 0, 0, 0, 0, 0, 0, 0, 0, 0, ]
Ui:
[0, 63, 111, 99, 96, 111, 282, 122, 156, 261, 42, 192, 126, 42, 162, 207, 159, 122, 102, 190, 118, 102, 132, 102, 165, 252, 66, 52, 22, 114, 210, 176, 116, 294, 78, 152, 210, 45, 130, 198, 174, ]
Distance matrix:
|0	208	225	252	227	143	258	127	267	150	28	83	163	286	57	149	201	137	214	255	70	73	107	186	328	266	249	343	222	177	293	144	262	215	167	120	169	218	143	173	255	|
|208	0	397	355	416	198	216	99	211	275	193	172	97	166	240	225	362	109	277	314	182	216	273	374	298	208	319	161	14	103	93	120	58	196	152	156	372	227	260	218	453	|
|225	397	0	427	53	364	482	343	492	129	253	225	382	386	171	188	39	291	187	195	295	182	282	55	326	491	180	551	408	315	457	366	455	275	392	244	221	439	341	214	101	|
|252	355	427	0	401	158	201	263	219	396	234	328	259	498	299	400	420	354	465	506	205	324	152	374	574	219	499	393	366	389	446	235	378	456	205	359	224	150	111	423	400	|
|227	416	53	401	0	357	477	352	489	165	253	245	389	424	179	223	85	315	234	245	293	200	264	42	375	488	231	565	428	344	484	370	474	314	392	270	184	430	325	252	50	|
|143	198	364	158	357	0	121	105	134	290	116	196	103	342	200	276	343	205	343	385	74	210	112	319	432	133	382	265	209	237	290	78	226	313	57	220	232	75	69	292	375	|
|258	216	482	201	477	121	0	168	18	397	230	293	135	381	314	372	459	275	437	480	188	317	228	439	501	18	479	197	222	296	290	132	212	386	95	306	347	58	173	381	496	|
|127	99	343	263	352	105	168	0	171	239	105	130	40	237	173	206	313	109	270	312	84	164	175	310	337	169	313	216	112	135	192	37	142	220	77	138	280	155	162	213	382	|
|267	211	492	219	489	134	18	171	0	404	240	298	136	376	323	376	468	276	441	483	198	324	243	450	500	2	483	181	215	294	281	136	202	386	102	309	363	75	189	384	509	|
|150	275	129	396	165	290	397	239	404	0	175	110	279	259	97	59	91	166	84	116	217	80	245	130	226	402	106	434	286	187	329	269	333	149	302	119	244	364	291	87	213	|
|28	193	253	234	253	116	230	105	240	175	0	94	139	286	84	167	229	136	234	275	43	96	98	212	341	238	271	320	206	175	281	118	244	225	140	128	180	191	124	189	280	|
|83	172	225	328	245	196	293	130	298	110	94	0	169	209	77	80	191	71	147	189	127	45	189	203	247	296	187	327	184	106	241	162	230	132	198	38	242	266	217	96	285	|
|163	97	382	259	389	103	135	40	136	279	139	169	0	253	212	244	353	141	307	349	110	203	194	347	366	133	350	183	107	161	187	27	124	251	56	175	306	133	169	249	418	|
|286	166	386	498	424	342	381	237	376	259	286	209	253	0	284	201	347	151	210	230	299	247	383	387	155	374	242	290	162	112	129	270	192	113	308	172	451	386	391	172	471	|
|57	240	171	299	179	200	314	173	323	97	84	77	212	284	0	112	145	147	170	208	127	38	148	137	299	321	201	386	253	183	315	195	297	195	222	112	171	275	195	142	214	|
|149	225	188	400	223	276	372	206	376	59	167	80	244	201	112	0	149	117	67	110	205	78	254	186	187	374	108	387	235	132	272	240	283	93	277	71	279	346	291	32	270	|
|201	362	39	420	85	343	459	313	468	91	229	191	353	347	145	149	0	254	149	160	272	150	271	66	290	466	146	518	373	278	419	339	420	235	367	207	227	418	327	175	135	|
|137	109	291	354	315	205	275	109	276	166	136	71	141	151	147	117	254	0	172	212	151	116	232	273	229	274	215	270	119	39	170	145	167	111	186	47	305	263	245	113	356	|
|214	277	187	465	234	343	437	270	441	84	234	147	307	210	170	67	149	172	0	42	272	141	317	205	144	439	43	437	284	175	307	305	331	99	343	132	327	413	357	60	283	|
|255	314	195	506	245	385	480	312	483	116	275	189	349	230	208	110	160	212	42	0	314	182	356	222	132	481	15	474	321	212	337	347	367	126	385	174	358	455	398	100	295	|
|70	182	295	205	293	74	188	84	198	217	43	127	110	299	127	205	272	151	272	314	0	137	91	253	370	196	310	292	195	188	274	85	226	252	99	155	197	148	94	223	316	|
|73	216	182	324	200	210	317	164	324	80	96	45	203	247	38	78	150	116	141	182	137	0	176	158	263	323	176	369	229	150	286	191	274	157	223	77	208	284	216	106	239	|
|107	273	282	152	264	112	228	175	243	245	98	189	194	383	148	254	271	232	317	356	91	176	0	231	435	242	349	371	286	271	365	167	315	321	164	224	120	174	61	280	274	|
|186	374	55	374	42	319	439	310	450	130	212	203	347	387	137	186	66	273	205	222	253	158	231	0	348	448	208	523	386	303	442	329	431	279	352	229	167	392	291	217	85	|
|328	298	326	574	375	432	501	337	500	226	341	247	366	155	299	187	290	229	144	132	370	263	435	348	0	498	147	441	299	206	283	374	338	119	414	215	465	492	463	157	425	|
|266	208	491	219	488	133	18	169	2	402	238	296	133	374	321	374	466	274	439	481	196	323	242	448	498	0	481	180	213	292	278	134	200	384	100	307	362	75	188	381	508	|
|249	319	180	499	231	382	479	313	483	106	271	187	350	242	201	108	146	215	43	15	310	176	349	208	147	481	0	480	326	217	346	347	373	135	385	175	347	454	392	103	280	|
|343	161	551	393	565	265	197	216	181	434	320	327	183	290	386	387	518	270	437	474	292	369	371	523	441	180	480	0	153	263	163	207	107	352	208	317	487	244	334	379	598	|
|222	14	408	366	428	209	222	112	215	286	206	184	107	162	253	235	373	119	284	321	195	229	286	386	299	213	326	153	0	109	81	132	48	201	162	167	386	236	272	226	466	|
|177	103	315	389	344	237	296	135	294	187	175	106	161	112	183	132	278	39	175	212	188	150	271	303	206	292	217	263	109	0	142	171	156	95	211	74	344	289	281	118	386	|
|293	93	457	446	484	290	290	192	281	329	281	241	187	129	315	272	419	170	307	337	274	286	365	442	283	278	346	163	81	142	0	212	79	211	241	214	461	311	353	254	525	|
|144	120	366	235	370	78	132	37	136	269	118	162	27	270	195	240	339	145	305	347	85	191	167	329	374	134	347	207	132	171	212	0	151	257	40	174	280	119	142	248	398	|
|262	58	455	378	474	226	212	142	202	333	244	230	124	192	297	283	420	167	331	367	226	274	315	431	338	200	373	107	48	156	79	151	0	245	173	214	421	237	293	273	510	|
|215	196	275	456	314	313	386	220	386	149	225	132	251	113	195	93	235	111	99	126	252	157	321	279	119	384	135	352	201	95	211	257	245	0	297	97	365	374	345	62	362	|
|167	152	392	205	392	57	95	77	102	302	140	198	56	308	222	277	367	186	343	385	99	223	164	352	414	100	385	208	162	211	241	40	173	297	0	213	283	79	126	287	415	|
|120	156	244	359	270	220	306	138	309	119	128	38	175	172	112	71	207	47	132	174	155	77	224	229	215	307	175	317	167	74	214	174	214	97	213	0	280	286	248	75	313	|
|169	372	221	224	184	232	347	280	363	244	180	242	306	451	171	279	227	305	327	358	197	208	120	167	465	362	347	487	386	344	461	280	421	365	283	280	0	291	175	310	176	|
|218	227	439	150	430	75	58	155	75	364	191	266	133	386	275	346	418	263	413	455	148	284	174	392	492	75	454	244	236	289	311	119	237	374	79	286	291	0	116	359	445	|
|143	260	341	111	325	69	173	162	189	291	124	217	169	391	195	291	327	245	357	398	94	216	61	291	463	188	392	334	272	281	353	142	293	345	126	248	175	116	0	313	335	|
|173	218	214	423	252	292	381	213	384	87	189	96	249	172	142	32	175	113	60	100	223	106	280	217	157	381	103	379	226	118	254	248	273	62	287	75	310	359	313	0	300	|
|255	453	101	400	50	375	496	382	509	213	280	285	418	471	214	270	135	356	283	295	316	239	274	85	425	508	280	598	466	386	525	398	510	362	415	313	176	445	335	300	0	|

--------------------------------------------------------------------------------
Building model...
	using lazy and cut (CVRPSEP package)
Solving IRP LP...
--------------------------------------------------------------------------------

Gurobi 9.1.0 (linux64) logging started Sun Feb  7 06:39:30 2021

Gurobi Optimizer version 9.1.0 build v9.1.0rc0 (linux64)
Thread count: 32 physical cores, 32 logical processors, using up to 2 threads
Optimize a model with 2240 rows, 10976 columns and 40061 nonzeros
Model fingerprint: 0xcddf9378
Variable types: 644 continuous, 10332 integer (492 binary)
Coefficient statistics:
  Matrix range     [1e+00, 8e+02]
  Objective range  [1e-01, 6e+02]
  Bounds range     [1e+00, 3e+02]
  RHS range        [1e+00, 6e+03]
Presolve removed 444 rows and 568 columns
Presolve time: 0.16s
Presolved: 1796 rows, 10408 columns, 36474 nonzeros
Variable types: 396 continuous, 10012 integer (9512 binary)

Root relaxation: objective 1.235522e+04, 1476 iterations, 0.09 seconds

    Nodes    |    Current Node    |     Objective Bounds      |     Work
 Expl Unexpl |  Obj  Depth IntInf | Incumbent    BestBd   Gap | It/Node Time

     0     0 12355.2211    0  152          - 12355.2211      -     -    0s
     0     0 12827.4920    0  147          - 12827.4920      -     -    0s
     0     0 12828.2727    0  136          - 12828.2727      -     -    1s
     0     0 12828.2820    0  137          - 12828.2820      -     -    1s
     0     0 13501.7090    0  197          - 13501.7090      -     -    1s
     0     0 13518.7478    0  218          - 13518.7478      -     -    1s
     0     0 13521.9016    0  212          - 13521.9016      -     -    1s
     0     0 13524.2677    0  204          - 13524.2677      -     -    1s
     0     0 13524.2734    0  209          - 13524.2734      -     -    1s
     0     0 13645.9000    0  325          - 13645.9000      -     -    2s
     0     0 13717.2879    0  254          - 13717.2879      -     -    2s
     0     0 13733.3311    0  292          - 13733.3311      -     -    2s
     0     0 13739.7199    0  237          - 13739.7199      -     -    3s
     0     0 13756.2166    0  352          - 13756.2166      -     -    3s
     0     0 13760.3450    0  348          - 13760.3450      -     -    3s
     0     0 13761.8622    0  330          - 13761.8622      -     -    3s
     0     0 13761.8832    0  327          - 13761.8832      -     -    3s
     0     0 13811.4226    0  300          - 13811.4226      -     -    4s
     0     0 13834.8815    0  332          - 13834.8815      -     -    5s
     0     0 13840.6123    0  392          - 13840.6123      -     -    5s
     0     0 13841.4860    0  338          - 13841.4860      -     -    5s
     0     0 13867.5576    0  406          - 13867.5576      -     -    5s
     0     0 13876.4888    0  408          - 13876.4888      -     -    5s
     0     0 13878.8157    0  448          - 13878.8157      -     -    6s
     0     0 13885.2535    0  367          - 13885.2535      -     -    6s
     0     0 13889.5903    0  374          - 13889.5903      -     -    6s
     0     0 13894.5276    0  390          - 13894.5276      -     -    6s
     0     0 13895.0144    0  417          - 13895.0144      -     -    6s
     0     0 13903.2265    0  482          - 13903.2265      -     -    6s
     0     0 13903.9528    0  472          - 13903.9528      -     -    6s
     0     0 13910.5324    0  381          - 13910.5324      -     -    7s
     0     0 13911.2427    0  391          - 13911.2427      -     -    7s
     0     0 13913.3453    0  415          - 13913.3453      -     -    7s
     0     0 13913.3453    0  395          - 13913.3453      -     -    7s
     0     2 13913.3453    0  391          - 13913.3453      -     -    9s
     1     4 13918.8059    1  377          - 13913.3738      -   309   10s
    68    72 14156.1778   21  286          - 13929.9758      -   309   15s
   151   169 14607.6906   37  242          - 13929.9758      -   292   20s
   345   342 14018.6972    5  437          - 13932.9618      -   193   25s
   617   613 14117.3421   12  446          - 13932.9618      -   138   30s
   656   636 14316.2658   19  190          - 13932.9618      -   156   35s
   686   666 14705.5454   32  136          - 13932.9618      -   180   42s
   716   699 14998.3724   46  243          - 13932.9618      -   184   45s
   729   703 16018.8896  133  462          - 13932.9618      -   185   50s
   743   713 14073.4085    6  654          - 14013.1415      -   181   55s
   760   724 14389.6256   36  482          - 14047.1746      -   177   61s
   769   730 15472.1281   88  554          - 14050.6276      -   175   65s
   784   741 14872.9607   45  512          - 14052.7220      -   191   70s
   795   749 14149.4103   10  620          - 14056.2224      -   189   75s
   801   756 14059.2562   25  498          - 14058.7878      -   200   80s
   832   778 14089.5507   33  578          - 14074.3904      -   211   85s
   883   812 14125.5860   45  526          - 14074.3904      -   219   90s
   921   839 14162.4095   54  500          - 14074.3904      -   230   95s
   963   870 14198.7604   62  507          - 14074.3904      -   243  100s
  1015   907 14375.9515   74  380          - 14074.3904      -   252  105s
  1067   951 14487.7788   87  323          - 14074.3904      -   258  110s
  1145  1010 14680.8110  106  338          - 14074.3904      -   261  115s
  1215  1060 14859.8682  124  309          - 14074.3904      -   260  120s
  1307  1129 15067.0817  150  232          - 14074.3904      -   257  125s
  1426  1252 15661.0959  192   86          - 14074.3904      -   249  130s
  1640  1388 16955.6883  238   24          - 14089.1364      -   225  135s
* 1784  1334             268    17422.990000 14089.1364  19.1%   211  138s
  1802  1327 14199.4344   31  457 17422.9900 14089.1364  19.1%   210  148s
  1811  1341 14252.6921   31  478 17422.9900 14089.1364  19.1%   213  151s
  1837  1348 14330.9153   38  438 17422.9900 14089.1364  19.1%   217  163s
  1839  1355 14315.9811   39  448 17422.9900 14089.1364  19.1%   217  165s
  1865  1383 14555.7029   44  360 17422.9900 14089.1364  19.1%   222  170s
  1908  1406 14468.7730   47  469 17422.9900 14089.1364  19.1%   226  176s
  1932  1440 14491.8094   52  409 17422.9900 14089.1364  19.1%   228  181s
  1962  1451 14573.9562   59  365 17422.9900 14089.1364  19.1%   228  193s
  1983  1467 14691.5828   60  313 17422.9900 14089.1364  19.1%   229  196s
  2028  1504 14661.9464   63  388 17422.9900 14089.1364  19.1%   230  203s
  2058  1538 14655.0791   66  316 17422.9900 14089.1364  19.1%   230  206s
  2102  1554 14711.4128   73  281 17422.9900 14089.1364  19.1%   229  211s
  2190  1671 14809.9184   78  268 17422.9900 14089.1364  19.1%   227  218s
  2295  1653 14831.8205   79  266 17422.9900 14089.1364  19.1%   219  224s
* 2310  1315             143    15564.720000 14089.1364  9.48%   218  224s
  2328  1324 14834.4159   80  265 15564.7200 14089.1364  9.48%   217  226s
  2384  1371 15038.5715   96  203 15564.7200 14089.1364  9.48%   219  232s
  2422  1393 15206.9072  108  191 15564.7200 14089.1364  9.48%   220  235s
  2500  1455 15380.1705  125  144 15564.7200 14099.5571  9.41%   220  243s
  2581  1448 14219.6926   30  616 15564.7200 14099.5571  9.41%   218  247s
  2601  1469 14460.8027   39  447 15564.7200 14099.5571  9.41%   219  250s
  2667  1527 15049.6186   74  159 15564.7200 14105.5216  9.38%   221  258s
  2739  1542 14311.1070   36  384 15564.7200 14105.5216  9.38%   220  261s
  2778  1591 14675.4783   51  376 15564.7200 14105.5216  9.38%   220  265s
  2840  1639 15108.8849   82  190 15564.7200 14107.6511  9.36%   219  271s
  2941  1675 14283.6489   39  467 15564.7200 14109.4292  9.35%   217  276s
  2977  1695 15302.7145   65   99 15564.7200 14109.4374  9.35%   218  281s
  3016  1712 14438.1367   38  485 15564.7200 14111.4786  9.34%   219  287s
  3033  1726 14333.1009   44  489 15564.7200 14111.4786  9.34%   221  291s
  3047  1749 14393.4944   48  445 15564.7200 14111.4786  9.34%   223  295s
  3097  1804 14568.1519   61  410 15564.7200 14111.4786  9.34%   227  304s
  3125  1877 14681.3273   65  324 15564.7200 14111.4786  9.34%   229  309s
  3198  1967 14904.6355   76  231 15564.7200 14111.4786  9.34%   228  315s
  3288  2055 15106.5506   93  201 15564.7200 14111.4786  9.34%   226  321s
  3387  2137 15343.1384  108  232 15564.7200 14111.4786  9.34%   225  328s
  3485  2146     cutoff  134      15564.7200 14111.6363  9.34%   223  335s
  3512  2181 14569.1368   41  411 15564.7200 14111.6363  9.34%   225  341s
  3547  2231 15078.8467   63  161 15564.7200 14111.7258  9.34%   227  348s
  3613  2265 14290.6220   34  485 15564.7200 14111.7258  9.34%   227  355s
  3660  2295 14630.4890   44  427 15564.7200 14111.7258  9.34%   228  362s
  3698  2360 15022.6395   69  211 15564.7200 14114.2086  9.32%   229  369s
  3773  2443 14269.7969   33  629 15564.7200 14114.2086  9.32%   229  377s
  3870  2470 14589.0785   47  355 15564.7200 14114.2086  9.32%   228  386s
  3897  2560 14890.5307   62  319 15564.7200 14114.2086  9.32%   229  417s
  3987  2557     cutoff  107      15564.7200 14114.5050  9.32%   227  460s
  3994  2594 14333.8440   29  401 15564.7200 14114.5050  9.32%   228  468s
  4045  2619 14446.1036   34  383 15564.7200 14114.5050  9.32%   229  479s
  4070  2679 14587.0777   42  360 15564.7200 14114.5050  9.32%   232  489s
  4121  2679 15247.6000   74  128 15564.7200 14114.5050  9.32%   233  490s
  4139  2713 14698.7603   49  437 15564.7200 14114.5050  9.32%   233  499s
  4160  2713 14274.4987   31  524 15564.7200 14114.5050  9.32%   234  500s
  4172  2792 14892.1315   59  308 15564.7200 14114.5050  9.32%   236  509s
  4251  2884 15099.7370   88  130 15564.7200 14117.7605  9.30%   236  520s
  4368  3016 14313.9725   35  597 15564.7200 14117.7605  9.30%   235  533s
  4483  3023 15365.9897  106   14 15564.7200 14117.7605  9.30%   233  535s
  4554  3078 14772.4517   55  323 15564.7200 14118.8986  9.29%   231  546s
  4625  3134 14290.3273   31  550 15564.7200 14120.1418  9.28%   231  558s
  4681  3189 14747.9048   49  314 15564.7200 14120.2365  9.28%   233  571s
  4753  3244 14300.7953   44  567 15564.7200 14122.7267  9.26%   234  583s
  4826  3281 14836.2791   62  292 15564.7200 14123.9892  9.26%   235  595s
  4875  3434 14343.3105   34  466 15564.7200 14123.9892  9.26%   237  608s
  5028  3434 15434.3054  115   80 15564.7200 14123.9892  9.26%   234  610s
  5038  3464 15479.8052  114   57 15564.7200 14124.3570  9.25%   234  623s
  5099  3589 14894.8068   52  255 15564.7200 14130.9231  9.21%   235  640s
  5246  3623 14428.0257   29  447 15564.7200 14130.9785  9.21%   234  656s
  5280  3682 14560.8058   37  193 15564.7200 14130.9785  9.21%   237  670s
  5339  3788 14708.0885   50  287 15564.7200 14130.9785  9.21%   239  685s
  5445  3894 14875.9453   84  128 15564.7200 14131.0376  9.21%   239  701s
H 5556  3882                    15548.720000 14131.0376  9.12%   238  701s
  5591  4004 14668.3133   46  307 15548.7200 14132.2289  9.11%   238  718s
  5757  4141 14486.9244   41  407 15548.7200 14140.1965  9.06%   237  736s
  5922  4205 14367.1763   47  566 15548.7200 14140.3775  9.06%   236  754s
  5986  4351 14528.9229   56  398 15548.7200 14140.3775  9.06%   238  772s
  6155  4525 14833.3908   75  230 15548.7200 14143.9550  9.03%   237  791s
  6391  4634 14399.7977   47  582 15548.7200 14146.7006  9.02%   234  811s
  6518  4754 14354.7504   40  566 15548.7200 14147.8713  9.01%   234  830s
  6662  4859 14454.5276   38  592 15548.7200 14149.2232  9.00%   234  850s
  6782  4980 14464.4663   35  423 15548.7200 14150.6069  8.99%   235  870s
  6927  5066 15259.7850   74   34 15548.7200 14156.6269  8.95%   234  889s
  6976  5068 14825.8875   69  174 15548.7200 14156.6269  8.95%   235  890s
  7041  5192     cutoff   88      15548.7200 14156.6728  8.95%   235  908s
  7169  5193 15447.8063   98   70 15548.7200 14156.9460  8.95%   235  910s
  7183  5261 15489.5670   89  140 15548.7200 14157.2718  8.95%   235  929s
  7296  5336 14435.0157   41  449 15548.7200 14157.2718  8.95%   236  955s
  7398  5464 14636.4954   54  310 15548.7200 14157.2718  8.95%   238  982s
  7526  5613 15206.9557  101  142 15548.7200 14157.6533  8.95%   239 1009s
  7551  5613 15390.6399  112  109 15548.7200 14157.6533  8.95%   239 1010s
  7717  5814 15114.9806  100  143 15548.7200 14162.4888  8.92%   239 1037s
  7957  5814 14949.0649   55  191 15548.7200 14163.5391  8.91%   238 1040s
  7966  5914 14620.2966   55  453 15548.7200 14164.2287  8.90%   238 1064s
  7989  5914 15026.4415   78  360 15548.7200 14164.2287  8.90%   238 1065s
  8091  6064 14407.8612   51  489 15548.7200 14164.4137  8.90%   239 1091s
  8258  6165 14784.4416   49  373 15548.7200 14172.6835  8.85%   239 1116s
  8388  6303 14486.7124   48  440 15548.7200 14173.0925  8.85%   241 1144s
  8420  6303 14651.4900   63  235 15548.7200 14173.0925  8.85%   241 1145s
  8526  6571 14811.9103   79   93 15548.7200 14175.5301  8.83%   242 1173s
  8716  6581 14954.8139   67  197 15548.7200 14175.5301  8.83%   239 1175s
  8891  6704 infeasible  145      15548.7200 14178.8387  8.81%   238 1202s
  9040  6875 14623.3214   45  360 15548.7200 14182.2175  8.79%   238 1233s
  9197  6877 14622.5007   41  243 15548.7200 14182.8165  8.78%   238 1235s
  9262  6932     cutoff   97      15548.7200 14189.0014  8.74%   237 1262s
  9320  7096 14519.2365   42  411 15548.7200 14189.5042  8.74%   240 1290s
  9526  7251 14937.1887   74  181 15548.7200 14192.0576  8.73%   240 1317s
  9732  7381 14463.5224   50  421 15548.7200 14195.3241  8.70%   240 1343s
  9864  7381 15408.0397   87   83 15548.7200 14195.4936  8.70%   241 1345s
  9888  7537 14914.2255   62  253 15548.7200 14195.6276  8.70%   241 1369s
  9968  7537 15194.7438   94  214 15548.7200 14195.6276  8.70%   241 1370s
 10073  7649     cutoff   98      15548.7200 14197.4276  8.69%   240 1397s
 10242  7823 14529.6776   41  557 15548.7200 14201.1718  8.67%   241 1424s
 10312  7823 14470.3253   39  356 15548.7200 14201.7799  8.66%   241 1425s
 10436  7957 14430.1104   40  489 15548.7200 14210.5127  8.61%   240 1452s
 10606  8072     cutoff  125      15548.7200 14212.8889  8.59%   241 1478s
 10722  8092 15370.9715   80  191 15548.7200 14213.1339  8.59%   241 1505s
 10760  8173 14460.0249   39  522 15548.7200 14213.4192  8.59%   241 1531s
 10841  8374 14519.0058   52  412 15548.7200 14213.4192  8.59%   243 1559s
 10892  8374 14905.8145   77  233 15548.7200 14213.4192  8.59%   244 1560s
 11072  8517 14970.8765   88  148 15548.7200 14218.2661  8.56%   243 1587s
 11248  8680 15323.7652  100  151 15548.7200 14219.7246  8.55%   243 1617s
 11460  8795 14461.1708   39  304 15548.7200 14219.9662  8.55%   242 1646s
 11607  8946 14797.6910   51  407 15548.7200 14227.8935  8.49%   243 1675s
 11804  9097 14609.1422   39  339 15548.7200 14230.9154  8.48%   243 1705s
 11998  9251 14486.9373   36  491 15548.7200 14232.2108  8.47%   243 1736s
 12154  9398 15136.2659   85    6 15548.7200 14232.8114  8.46%   244 1768s
 12315  9417 15070.7781   82   32 15548.7200 14234.1726  8.45%   243 1770s
 12381  9499     cutoff  107      15548.7200 14234.2408  8.45%   244 1799s
 12476  9641 14877.5104   52  260 15548.7200 14234.4316  8.45%   245 1827s
 12653  9794 14948.6901   62  193 15548.7200 14234.5890  8.45%   246 1859s
 12751  9794 14980.1517   62  115 15548.7200 14234.5890  8.45%   246 1860s
 12826 10029 15010.2800   67   98 15548.7200 14234.7328  8.45%   246 1890s
 13130 10149 14608.1169   68  488 15548.7200 14236.2257  8.44%   245 1920s
 13263 10292 14802.9033   75  231 15548.7200 14238.7296  8.43%   245 1947s
 13445 10423 14550.0701   39  393 15548.7200 14240.0622  8.42%   245 1978s
 13581 10611 15430.4755   69   53 15548.7200 14240.5392  8.41%   246 2009s
 13688 10615 15370.8669   89   77 15548.7200 14240.5392  8.41%   246 2010s
 13851 10803     cutoff   82      15548.7200 14240.8841  8.41%   246 2041s
 14061 10927     cutoff  123      15548.7200 14241.6018  8.41%   245 2072s
 14217 11064 14733.7545   63  394 15548.7200 14242.4489  8.40%   245 2101s
 14369 11173 14365.1694   44  662 15548.7200 14242.5310  8.40%   246 2132s
 14535 11365 14807.5180   60  276 15548.7200 14243.8859  8.39%   246 2164s
 14605 11365 15090.5680   84   96 15548.7200 14243.8859  8.39%   246 2165s
 14800 11481 14392.8499   44  644 15548.7200 14247.3902  8.37%   245 2194s
 14859 11481 15479.8888  103  146 15548.7200 14247.3902  8.37%   245 2195s
 14950 11610 14425.1293   41  459 15548.7200 14248.5552  8.36%   246 2223s
 15079 11610 15265.3793   83  186 15548.7200 14252.7025  8.34%   246 2225s
 15088 11755 15018.2103   61  269 15548.7200 14252.7475  8.33%   246 2254s
 15153 11755 14769.6284   49  353 15548.7200 14252.7475  8.33%   246 2255s
 15263 11849 15021.7589   70  216 15548.7200 14254.7436  8.32%   246 2286s
 15369 12005 14957.5225   49  320 15548.7200 14255.8954  8.31%   247 2319s
 15430 12005 14712.2569   51   16 15548.7200 14255.9529  8.31%   247 2320s
 15577 12156 14738.0084   44  352 15548.7200 14256.0331  8.31%   247 2351s
 15746 12319 14982.9336   58  202 15548.7200 14258.9964  8.29%   247 2381s
 15946 12476 14723.9091   56  447 15548.7200 14260.5308  8.28%   247 2412s
 16123 12591 15109.5768   65  120 15548.7200 14261.3894  8.28%   247 2443s
 16249 12591 15001.4885   57  280 15548.7200 14262.6583  8.27%   247 2445s
 16310 12644     cutoff   73      15548.7200 14263.8819  8.26%   247 2478s
 16387 12826 14710.0967   43  284 15548.7200 14265.7255  8.25%   249 2509s
 16410 12826 14797.1589   55  129 15548.7200 14265.7255  8.25%   249 2510s
 16608 12975     cutoff  109      15548.7200 14267.4458  8.24%   249 2544s
 16645 12975 15062.2746   91  188 15548.7200 14267.4458  8.24%   249 2545s
 16802 13131 14867.6047   56  233 15548.7200 14268.0054  8.24%   248 2579s
 16879 13133 15508.8991  104   43 15548.7200 14268.0054  8.24%   248 2580s
 17002 13232     cutoff  103      15548.7200 14269.9334  8.22%   248 2610s
 17134 13389 15070.5741   75  223 15548.7200 14272.1329  8.21%   249 2642s
 17327 13517     cutoff  100      15548.7200 14274.4586  8.20%   249 2673s
 17487 13642 14495.2721   53  534 15548.7200 14274.9207  8.19%   249 2703s
 17564 13642 15116.4812   86   42 15548.7200 14274.9207  8.19%   249 2705s
 17648 13806 14980.3638   91  146 15548.7200 14275.1732  8.19%   249 2736s
 17847 13956     cutoff  138      15548.7200 14276.3845  8.18%   249 2769s
 17898 13956 15441.3338   77  140 15548.7200 14276.3845  8.18%   249 2770s
 18069 14118 14835.1973   71  323 15548.7200 14278.1930  8.17%   249 2802s
 18261 14157     cutoff  131      15548.7200 14280.1795  8.16%   249 2838s
 18301 14347 14639.6416   58  266 15548.7200 14283.6745  8.14%   249 2868s
 18519 14566 14855.1634   75  223 15548.7200 14283.7524  8.14%   249 2902s
 18776 14691 14678.2870   51  549 15548.7200 14285.3627  8.13%   249 2935s
 18953 14820 14966.3549   65  131 15548.7200 14290.5928  8.09%   249 2967s
 19102 14906 14814.9308   45  378 15548.7200 14291.2393  8.09%   249 2997s
 19202 15031 14665.7794   44  336 15548.7200 14292.0651  8.08%   250 3028s
 19362 15204 14636.7211   50  432 15548.7200 14293.1565  8.08%   251 3061s
 19591 15330 14566.8925   60  415 15548.7200 14295.8429  8.06%   250 3092s
 19748 15428 14953.8819   64  371 15548.7200 14296.1900  8.06%   250 3124s
 19802 15428 14943.3512   65  209 15548.7200 14296.1900  8.06%   251 3125s
 19865 15553 15408.4292   88  181 15548.7200 14296.8032  8.05%   251 3157s
 20009 15686 15025.9596   56  171 15548.7200 14297.5235  8.05%   252 3190s
 20189 15864 14959.4043   59  201 15548.7200 14301.0261  8.02%   252 3224s
 20279 15864 15189.7945   78  142 15548.7200 14301.2627  8.02%   252 3225s
 20409 16003 14913.7887   89  303 15548.7200 14302.7425  8.01%   251 3256s
 20574 16132     cutoff   95      15548.7200 14303.4673  8.01%   252 3290s
 20755 16294 15262.4082   68   48 15548.7200 14303.8698  8.01%   251 3326s
 20967 16478 15283.8930   87   61 15548.7200 14304.0501  8.00%   251 3357s
 21194 16633 14901.8226   79  233 15548.7200 14305.0508  8.00%   251 3386s
 21390 16688     cutoff  130      15548.7200 14307.5977  7.98%   251 3418s
 21447 16807 14671.7260   50  430 15548.7200 14307.7925  7.98%   252 3446s
 21566 17066 14987.4755   72  287 15548.7200 14308.4773  7.98%   253 3480s
 21875 17215     cutoff  126      15548.7200 14309.7547  7.97%   252 3515s
 22065 17372 14706.8509   38  323 15548.7200 14310.7298  7.96%   252 3546s
 22234 17517 15181.3934   53  309 15548.7200 14310.9147  7.96%   252 3577s
 22411 17517 15522.4309  115  175 15548.7200 14311.1618  7.96%   252 3580s
 22424 17603 15295.9788  127   90 15548.7200 14311.5836  7.96%   252 3600s

Cutting planes:
  User: 6250
  Gomory: 33
  Cover: 452
  Implied bound: 137
  Projected implied bound: 20
  Clique: 31
  MIR: 124
  Flow cover: 362
  GUB cover: 2
  Zero half: 13
  RLT: 236
  Relax-and-lift: 9
  Lazy constraints: 2001

Explored 22520 nodes (5696860 simplex iterations) in 3601.17 seconds
Thread count was 2 (of 32 available processors)

Solution count 3: 15548.7 15564.7 17423 

Time limit reached
Best objective 1.554872000000e+04, best bound 1.431158361472e+04, gap 7.9565%

User-callback calls 292373, time in user-callback 179.82 sec
================================================================================
executing instance: ./input/Instances/Original/2/absH3high_4n10.dat
--------------------------------------------------------------------------------
Instance details
n	11
H	3
C	822
Li:
[0, 0, 0, 0, 0, 0, 0, 0, 0, 0, 0, ]
Ui:
[0, 102, 52, 88, 182, 153, 138, 38, 165, 297, 86, ]
Distance matrix:
|0	285	411	382	327	239	148	256	307	36	383	|
|285	0	352	98	249	103	227	235	120	268	209	|
|411	352	0	395	106	430	263	549	234	429	174	|
|382	98	395	0	302	173	320	288	168	364	227	|
|327	249	106	302	0	324	179	444	135	339	109	|
|239	103	430	173	324	0	241	132	212	212	305	|
|148	227	263	320	179	241	0	325	192	165	249	|
|256	235	549	288	444	132	325	0	342	220	436	|
|307	120	234	168	135	212	192	342	0	304	94	|
|36	268	429	364	339	212	165	220	304	0	386	|
|383	209	174	227	109	305	249	436	94	386	0	|

--------------------------------------------------------------------------------
Building model...
	using lazy and cut (CVRPSEP package)
Solving IRP LP...
--------------------------------------------------------------------------------

Gurobi 9.1.0 (linux64) logging started Sun Feb  7 07:39:31 2021

Gurobi Optimizer version 9.1.0 build v9.1.0rc0 (linux64)
Thread count: 32 physical cores, 32 logical processors, using up to 2 threads
Optimize a model with 590 rows, 956 columns and 3761 nonzeros
Model fingerprint: 0x83e49576
Variable types: 164 continuous, 792 integer (132 binary)
Coefficient statistics:
  Matrix range     [1e+00, 3e+02]
  Objective range  [2e-01, 5e+02]
  Bounds range     [1e+00, 3e+02]
  RHS range        [1e+00, 1e+03]
Presolve removed 212 rows and 154 columns
Presolve time: 0.06s
Presolved: 378 rows, 802 columns, 2730 nonzeros
Variable types: 96 continuous, 706 integer (591 binary)
Found heuristic solution: objective 10411.450000
Found heuristic solution: objective 10213.610000

Root relaxation: objective 4.143407e+03, 564 iterations, 0.01 seconds

    Nodes    |    Current Node    |     Objective Bounds      |     Work
 Expl Unexpl |  Obj  Depth IntInf | Incumbent    BestBd   Gap | It/Node Time

     0     0 4143.40740    0   62 10213.6100 4143.40740  59.4%     -    0s
H    0     0                    10176.610000 4143.40740  59.3%     -    0s
     0     0 4468.86791    0   74 10176.6100 4468.86791  56.1%     -    0s
H    0     0                    8636.8400000 4468.86791  48.3%     -    0s
H    0     0                    8622.1200000 4468.86791  48.2%     -    0s
     0     0 4494.27138    0   68 8622.12000 4494.27138  47.9%     -    0s
     0     0 4691.27984    0   92 8622.12000 4691.27984  45.6%     -    0s
     0     0 4695.05541    0   90 8622.12000 4695.05541  45.5%     -    0s
     0     0 4709.42263    0  117 8622.12000 4709.42263  45.4%     -    0s
     0     0 4720.57763    0  112 8622.12000 4720.57763  45.3%     -    0s
     0     0 4721.04304    0  112 8622.12000 4721.04304  45.2%     -    0s
     0     0 4799.66527    0   89 8622.12000 4799.66527  44.3%     -    0s
     0     0 4825.89218    0  134 8622.12000 4825.89218  44.0%     -    0s
     0     0 4840.88951    0   86 8622.12000 4840.88951  43.9%     -    0s
     0     0 4841.68082    0  101 8622.12000 4841.68082  43.8%     -    0s
     0     0 4842.70869    0   99 8622.12000 4842.70869  43.8%     -    0s
     0     0 4842.81273    0  102 8622.12000 4842.81273  43.8%     -    0s
     0     0 4854.64100    0  115 8622.12000 4854.64100  43.7%     -    0s
H    0     0                    7399.9200000 4854.64100  34.4%     -    0s
H    0     0                    7354.9200000 4854.64100  34.0%     -    0s
     0     0 4856.13377    0  125 7354.92000 4856.13377  34.0%     -    0s
     0     0 4857.41182    0  124 7354.92000 4857.41182  34.0%     -    0s
     0     0 4857.47057    0  123 7354.92000 4857.47057  34.0%     -    0s
     0     0 4869.11750    0  129 7354.92000 4869.11750  33.8%     -    0s
     0     0 4873.11334    0  128 7354.92000 4873.11334  33.7%     -    0s
     0     0 4873.15795    0  128 7354.92000 4873.15795  33.7%     -    0s
     0     0 4876.36897    0  120 7354.92000 4876.36897  33.7%     -    0s
H    0     0                    7350.9600000 4876.36897  33.7%     -    0s
     0     0 4899.37253    0  113 7350.96000 4899.37253  33.4%     -    0s
     0     0 4908.34800    0  124 7350.96000 4908.34800  33.2%     -    0s
     0     0 4908.64762    0  125 7350.96000 4908.64762  33.2%     -    0s
     0     0 4910.39284    0  138 7350.96000 4910.39284  33.2%     -    0s
H    0     0                    7144.4200000 4910.39284  31.3%     -    0s
     0     0 4912.01357    0  106 7144.42000 4912.01357  31.2%     -    0s
     0     0 4912.26790    0  105 7144.42000 4912.26790  31.2%     -    0s
     0     0 4914.89589    0  141 7144.42000 4914.89589  31.2%     -    0s
     0     0 4914.89589    0  141 7144.42000 4914.89589  31.2%     -    0s
H    0     0                    7008.3400000 4916.04777  29.9%     -    0s
     0     2 4916.04777    0  139 7008.34000 4916.04777  29.9%     -    0s
H   32    36                    6763.2500000 4956.66209  26.7%  56.4    0s
H   61    68                    6545.3300000 4956.66209  24.3%  49.6    0s
H   64    68                    6174.2500000 4956.66209  19.7%  50.4    0s
H   93    95                    6143.2500000 4956.66209  19.3%  50.2    0s
H  132   120                    6080.2500000 4956.66209  18.5%  45.6    0s
   795   485 5394.47303   22  103 6080.25000 5162.60294  15.1%  61.2    5s
H  977   534                    6022.4500000 5259.95385  12.7%  65.8    6s
H 1111   539                    5991.4500000 5271.55960  12.0%  66.4    6s
  1877   553 5901.15963   39   99 5991.45000 5427.75711  9.41%  70.2   10s
  3159   747 5877.07453   31  138 5991.45000 5571.39779  7.01%  71.3   15s
  4621   868 5960.01031   26  103 5991.45000 5666.46614  5.42%  70.0   20s
  6235   620 5944.13165   31  117 5991.45000 5778.13095  3.56%  68.5   25s

Cutting planes:
  User: 191
  Gomory: 13
  Cover: 108
  Implied bound: 63
  Projected implied bound: 9
  Clique: 4
  MIR: 100
  StrongCG: 5
  Flow cover: 101
  Zero half: 1
  RLT: 107
  Relax-and-lift: 20
  Lazy constraints: 3

Explored 7663 nodes (499817 simplex iterations) in 28.33 seconds
Thread count was 2 (of 32 available processors)

Solution count 10: 5991.45 6022.45 6080.25 ... 7350.96

Optimal solution found (tolerance 1.00e-04)
Best objective 5.991450000000e+03, best bound 5.991450000000e+03, gap 0.0000%

User-callback calls 19130, time in user-callback 2.48 sec
================================================================================
executing instance: ./input/Instances/Original/2/absH3high_3n20.dat
--------------------------------------------------------------------------------
Instance details
n	21
H	3
C	1536
Li:
[0, 0, 0, 0, 0, 0, 0, 0, 0, 0, 0, 0, 0, 0, 0, 0, 0, 0, 0, 0, 0, ]
Ui:
[0, 48, 207, 156, 294, 207, 297, 54, 114, 90, 228, 132, 84, 64, 51, 153, 60, 39, 195, 82, 130, ]
Distance matrix:
|0	41	141	324	154	98	307	402	160	217	284	269	188	233	54	185	307	149	286	276	103	|
|41	0	114	285	184	88	285	385	200	197	251	230	189	270	48	205	295	160	245	241	62	|
|141	114	0	200	208	193	353	459	269	275	289	154	129	371	160	192	380	136	205	267	88	|
|324	285	200	0	406	330	386	484	467	344	286	57	299	555	318	380	442	327	114	255	226	|
|154	184	208	406	0	250	460	553	101	370	436	361	136	247	208	63	455	87	405	425	232	|
|98	88	193	330	250	0	211	304	232	121	204	273	276	249	44	283	210	244	259	204	113	|
|307	285	353	386	460	211	0	106	436	90	104	342	467	407	253	490	72	445	275	134	269	|
|402	385	459	484	553	304	106	0	517	188	198	443	570	463	348	587	102	545	371	229	373	|
|160	200	269	467	101	232	436	517	0	349	434	417	231	148	200	163	415	179	444	431	261	|
|217	197	275	344	370	121	90	188	349	0	111	293	382	335	163	400	106	357	244	128	187	|
|284	251	289	286	436	204	104	198	434	111	0	246	413	441	235	452	170	401	173	31	214	|
|269	230	154	57	361	273	342	443	417	293	246	0	266	500	261	342	393	286	85	215	170	|
|188	189	129	299	136	276	467	570	231	382	413	266	0	368	233	88	483	53	330	394	201	|
|233	270	371	555	247	249	407	463	148	335	441	500	368	0	242	310	364	316	504	448	330	|
|54	48	160	318	208	44	253	348	200	163	235	261	233	242	0	239	254	200	262	230	92	|
|185	205	192	380	63	283	490	587	163	400	452	342	88	310	239	0	492	56	397	438	240	|
|307	295	380	442	455	210	72	102	415	106	170	393	483	364	254	492	0	453	334	198	293	|
|149	160	136	327	87	244	445	545	179	357	401	286	53	316	200	56	453	0	341	385	188	|
|286	245	205	114	405	259	275	371	444	244	173	85	330	504	262	397	334	341	0	142	183	|
|276	241	267	255	425	204	134	229	431	128	31	215	394	448	230	438	198	385	142	0	198	|
|103	62	88	226	232	113	269	373	261	187	214	170	201	330	92	240	293	188	183	198	0	|

--------------------------------------------------------------------------------
Building model...
	using lazy and cut (CVRPSEP package)
Solving IRP LP...
--------------------------------------------------------------------------------

Gurobi 9.1.0 (linux64) logging started Sun Feb  7 07:39:59 2021

Gurobi Optimizer version 9.1.0 build v9.1.0rc0 (linux64)
Thread count: 32 physical cores, 32 logical processors, using up to 2 threads
Optimize a model with 1140 rows, 3096 columns and 11661 nonzeros
Model fingerprint: 0x883141da
Variable types: 324 continuous, 2772 integer (252 binary)
Coefficient statistics:
  Matrix range     [1e+00, 4e+02]
