




arguments: ./build/bc_mirp -f ./input/orig_exec_173.cfg
Current dir: /scratch/gui/bc_mirp
File verbosity level: 9
date       time         ( uptime  ) [ thread name/id ]                   file:line     v| 
2021-02-11 07:36:25.171 (   0.246s) [main thread     ]             loguru.cpp:789   INFO| Logging to './output/vi_vc+hc2/OU/V4/Original/execution_11_02_2021_07_36_25.log', mode: 'a', verbosity: 9
--------------------------------------------------------------------------------
Parameters
                           instance_path           ./input/Instances/Original/4/
                            model_policy                                       1
                             nb_vehicles                                       4
                              output_dir      ./output/vi_vc+hc2/OU/V4/Original/
                            sec_strategy                                       1
                       solver_nb_threads                                       2
                         solver_show_log                                    true
                       solver_time_limit                                    3600
                              use_vi_cos                                   false
                              use_vi_cus                                   false
                         use_vi_hc1_full                                   false
                         use_vi_hc1_half                                   false
                      use_vi_hc1_quarter                                   false
                              use_vi_hc2                                    true
                              use_vi_hc3                                   false
                         use_vi_lex_full                                   false
                         use_vi_lex_half                                   false
                      use_vi_lex_quarter                                   false
                              use_vi_qua                                   false
                               use_vi_vc                                    true
                               use_vi_vr                                   false
--------------------------------------------------------------------------------
executing instance: ./input/Instances/Original/4/absH3low_3n30.dat
--------------------------------------------------------------------------------
Instance details
n	31
H	3
C	2841
Li:
[0, 0, 0, 0, 0, 0, 0, 0, 0, 0, 0, 0, 0, 0, 0, 0, 0, 0, 0, 0, 0, 0, 0, 0, 0, 0, 0, 0, 0, 0, 0, ]
Ui:
[0, 246, 98, 54, 144, 171, 192, 180, 165, 98, 122, 198, 297, 144, 130, 129, 219, 138, 142, 150, 108, 66, 64, 285, 180, 204, 276, 168, 240, 198, 122, ]
Distance matrix:
|0	172	56	166	260	198	42	197	296	110	91	112	238	275	323	183	330	232	175	181	162	191	232	280	201	139	356	185	266	216	26	|
|172	0	178	223	320	335	153	355	444	62	231	99	333	376	214	352	176	235	194	106	47	41	353	161	299	175	225	43	326	374	153	|
|56	178	0	110	204	162	93	233	336	125	144	148	187	226	358	180	313	284	123	152	182	185	282	252	256	88	329	177	210	251	42	|
|166	223	110	0	102	150	199	327	431	194	253	237	113	156	431	228	296	386	44	140	248	208	389	218	366	48	287	200	108	344	148	|
|260	320	204	102	0	156	296	391	493	296	340	339	66	90	531	263	362	486	127	226	349	300	469	278	454	148	334	292	6	406	245	|
|198	335	162	150	156	0	239	255	351	286	245	307	93	106	518	111	442	423	194	280	344	335	349	367	352	182	437	327	158	266	199	|
|42	153	93	199	296	239	0	203	296	91	82	76	278	316	284	217	322	191	201	186	133	180	217	281	177	165	356	175	302	222	52	|
|197	355	233	327	391	255	203	0	104	294	125	266	340	361	436	151	524	276	352	377	330	383	109	477	146	319	553	377	395	19	222	|
|296	444	336	431	493	351	296	104	0	384	214	348	440	456	488	241	617	315	456	476	412	475	113	575	176	422	651	470	497	88	322	|
|110	62	125	194	296	286	91	294	384	0	171	55	298	340	238	292	233	210	176	118	58	91	298	201	248	148	273	87	302	313	94	|
|91	231	144	253	340	245	82	125	214	171	0	141	307	339	324	184	403	187	266	266	204	261	140	363	114	230	438	256	346	144	116	|
|112	99	148	237	339	307	76	266	348	55	141	0	332	373	212	292	275	156	225	173	64	137	254	253	200	194	322	135	345	284	108	|
|238	333	187	113	66	93	278	340	440	298	307	332	0	43	536	203	404	469	153	253	354	321	427	322	420	160	385	313	67	353	229	|
|275	376	226	156	90	106	316	361	456	340	339	373	43	0	578	216	443	507	194	295	397	364	453	361	451	203	421	356	88	372	268	|
|323	214	358	431	531	518	284	436	488	238	324	212	536	578	0	498	309	176	407	320	183	245	376	344	312	383	379	251	537	451	319	|
|183	352	180	228	263	111	217	151	241	292	184	292	203	216	498	0	492	371	266	328	345	364	255	426	272	242	501	356	266	159	198	|
|330	176	313	296	362	442	322	524	617	233	403	275	404	443	309	492	0	397	253	164	218	142	529	84	475	260	72	147	367	543	306	|
|232	235	284	386	486	423	191	276	315	210	187	156	469	507	176	371	397	0	379	327	188	276	202	396	139	346	456	277	492	289	242	|
|175	194	123	44	127	194	201	352	456	176	266	225	153	194	407	266	253	379	0	101	225	174	405	174	375	36	244	166	133	370	152	|
|181	106	152	140	226	280	186	377	476	118	266	173	253	295	320	328	164	327	101	0	148	76	403	100	360	98	177	69	232	396	155	|
|162	47	182	248	349	344	133	330	412	58	204	64	354	397	183	345	218	188	225	148	0	89	316	208	259	201	270	90	355	348	149	|
|191	41	185	208	300	335	180	383	475	91	261	137	321	364	245	364	142	276	174	76	89	0	388	119	336	162	185	8	306	402	169	|
|232	353	282	389	469	349	217	109	113	298	140	254	427	453	376	255	529	202	405	403	316	388	0	497	64	369	570	384	474	112	256	|
|280	161	252	218	278	367	281	477	575	201	363	253	322	361	344	426	84	396	174	100	208	119	497	0	449	187	77	119	283	496	255	|
|201	299	256	366	454	352	177	146	176	248	114	200	420	451	312	272	475	139	375	360	259	336	64	449	0	339	521	333	460	156	223	|
|139	175	88	48	148	182	165	319	422	148	230	194	160	203	383	242	260	346	36	98	201	162	369	187	339	0	260	153	154	337	116	|
|356	225	329	287	334	437	356	553	651	273	438	322	385	421	379	501	72	456	244	177	270	185	570	77	521	260	0	187	338	572	331	|
|185	43	177	200	292	327	175	377	470	87	256	135	313	356	251	356	147	277	166	69	90	8	384	119	333	153	187	0	298	396	163	|
|266	326	210	108	6	158	302	395	497	302	346	345	67	88	537	266	367	492	133	232	355	306	474	283	460	154	338	298	0	410	251	|
|216	374	251	344	406	266	222	19	88	313	144	284	353	372	451	159	543	289	370	396	348	402	112	496	156	337	572	396	410	0	241	|
|26	153	42	148	245	199	52	222	322	94	116	108	229	268	319	198	306	242	152	155	149	169	256	255	223	116	331	163	251	241	0	|

--------------------------------------------------------------------------------
Building model...
	using lazy and cut (CVRPSEP package)
Solving IRP LP...
--------------------------------------------------------------------------------

Gurobi 9.1.0 (linux64) logging started Thu Feb 11 07:36:25 2021

Gurobi Optimizer version 9.1.0 build v9.1.0rc0 (linux64)
Thread count: 32 physical cores, 32 logical processors, using up to 2 threads
Optimize a model with 1690 rows, 6436 columns and 23761 nonzeros
Model fingerprint: 0xa66989ff
Variable types: 484 continuous, 5952 integer (372 binary)
Coefficient statistics:
  Matrix range     [1e+00, 7e+02]
  Objective range  [1e-02, 7e+02]
  Bounds range     [1e+00, 3e+02]
  RHS range        [1e+00, 5e+03]
Presolve removed 352 rows and 434 columns
Presolve time: 0.10s
Presolved: 1338 rows, 6002 columns, 21615 nonzeros
Variable types: 296 continuous, 5706 integer (5338 binary)

Root relaxation: objective 2.397307e+03, 1050 iterations, 0.04 seconds

    Nodes    |    Current Node    |     Objective Bounds      |     Work
 Expl Unexpl |  Obj  Depth IntInf | Incumbent    BestBd   Gap | It/Node Time

     0     0 2397.30671    0   90          - 2397.30671      -     -    0s
     0     0 2596.02485    0   97          - 2596.02485      -     -    0s
     0     0 3098.97233    0  205          - 3098.97233      -     -    0s
     0     0 3099.89963    0  228          - 3099.89963      -     -    0s
     0     0 3100.84802    0  222          - 3100.84802      -     -    0s
     0     0 3115.43781    0  212          - 3115.43781      -     -    0s
     0     0 3130.85626    0  204          - 3130.85626      -     -    0s
     0     0 3131.36449    0  239          - 3131.36449      -     -    0s
     0     0 3287.79795    0  213          - 3287.79795      -     -    1s
     0     0 3368.87236    0  248          - 3368.87236      -     -    1s
     0     0 3395.40771    0  290          - 3395.40771      -     -    1s
     0     0 3400.30609    0  295          - 3400.30609      -     -    1s
     0     0 3401.94124    0  282          - 3401.94124      -     -    1s
     0     0 3403.35698    0  296          - 3403.35698      -     -    1s
     0     0 3403.54065    0  297          - 3403.54065      -     -    1s
     0     0 3513.51668    0  315          - 3513.51668      -     -    2s
     0     0 3543.42056    0  244          - 3543.42056      -     -    2s
     0     0 3548.43089    0  291          - 3548.43089      -     -    2s
     0     0 3550.52421    0  287          - 3550.52421      -     -    2s
     0     0 3551.24166    0  282          - 3551.24166      -     -    2s
     0     0 3554.64950    0  244          - 3554.64950      -     -    3s
     0     0 3554.66935    0  254          - 3554.66935      -     -    3s
     0     0 3558.12940    0  344          - 3558.12940      -     -    3s
     0     0 3558.12940    0  286          - 3558.12940      -     -    3s
     0     2 3558.96134    0  315          - 3558.96134      -     -    4s
    25    28 3582.43554    8  281          - 3562.82034      -   244    5s
   309   353 5398.80253   62   75          - 3562.82034      -   143   10s
*  527   513             192    8570.7700000 3562.82034  58.4%   100   11s
   593   572 7180.52913  150   39 8570.77000 3562.82034  58.4%   102   15s
   703   654 3994.25214    7  133 8570.77000 3568.45172  58.4%   111   20s
   726   673 4494.17780   32  314 8570.77000 3568.45172  58.4%   122   25s
H  748   652                    8255.8300000 3746.13201  54.6%   118   32s
   759   660 6528.20563  102  457 8255.83000 3754.71831  54.5%   117   35s
H  773   637                    8151.8300000 3755.10003  53.9%   128   39s
   776   639 6714.40875  124  279 8151.83000 3755.10003  53.9%   128   40s
   792   649 8151.83000  211  461 8151.83000 3756.20699  53.9%   125   46s
H  792   618                    7859.9700000 3756.20699  52.2%   134   46s
   797   623 3834.79641   27  368 7859.97000 3780.25910  51.9%   137   50s
   837   652 3842.21823   37  459 7859.97000 3818.91104  51.4%   149   55s
H  848   627                    7586.9000000 3818.91104  49.7%   150   56s
   902   666 4150.18604   54  236 7586.90000 3818.91104  49.7%   163   60s
H  963   688                    7368.5799979 3818.91104  48.2%   171   65s
  1133   812 4388.30893  119   99 7368.58000 3818.91104  48.2%   167   71s
H 1160   775                    7368.5799550 3818.91104  48.2%   166   71s
  1372   959 4551.58595  170  165 7368.57996 3818.91104  48.2%   158   75s
  1554  1115 5323.66100  217   59 7368.57996 3818.91104  48.2%   151   80s
H 1947  1246                    6672.1900000 3818.91104  42.8%   133   84s
  1952  1270 6057.09603  343   76 6672.19000 3818.91104  42.8%   133   86s
  2053  1286 4131.16110   37  319 6672.19000 3823.37576  42.7%   134   90s
  2089  1312 4304.69643   43  290 6672.19000 3823.37576  42.7%   138   95s
  2296  1569 4812.26472  174  118 6672.19000 3823.37576  42.7%   138  101s
  2437  1797 5070.06338  240  103 6672.19000 3823.37576  42.7%   133  105s
* 2564  1536             340    5685.4900000 3823.37576  32.8%   128  105s
  2710  1498 3967.50941   36  394 5685.49000 3830.93000  32.6%   127  110s
  2847  1750 4401.56238   52  289 5685.49000 3830.93000  32.6%   129  118s
  2967  1820 4412.04519   55  250 5685.49000 3830.93000  32.6%   125  120s
H 3001  1638                    5472.6600000 3830.93000  30.0%   125  120s
  3120  1738 4931.59246   66  230 5472.66000 3830.93000  30.0%   125  125s
  3321  2022 4985.73010  142  133 5472.66000 3830.93000  30.0%   125  131s
  3587  2103 4439.36446   40  177 5472.66000 3841.48983  29.8%   120  137s
  3675  2132 4316.59547   40  378 5472.66000 3841.60293  29.8%   123  142s
  3700  2168 4379.00308   46  291 5472.66000 3841.60293  29.8%   125  146s
  3751  2265 4784.78287   57  213 5472.66000 3841.60293  29.8%   128  151s
  3996  2522 3998.01130   30  434 5472.66000 3842.50047  29.8%   125  158s
  4094  2527 4066.60238   34  491 5472.66000 3842.50047  29.8%   125  160s
  4134  2650 4480.37788   36  377 5472.66000 3842.50047  29.8%   126  165s
  4278  2697 5195.55525   48  229 5472.66000 3856.08733  29.5%   127  171s
  4322  2747 4503.89375   43  334 5472.66000 3856.08733  29.5%   127  175s
  4397  2857 4324.32954   63  420 5472.66000 3856.08733  29.5%   128  180s
  4563  2940 4145.08749   29  479 5472.66000 3864.78838  29.4%   129  187s
  4586  3006 4245.54649   33  431 5472.66000 3864.78838  29.4%   130  190s
  4715  3177 5014.38494   62   83 5472.66000 3864.78838  29.4%   132  198s
  4835  3259 5346.62212  112   39 5472.66000 3869.71185  29.3%   132  201s
  4938  3308 4541.01278   44  171 5472.66000 3870.13125  29.3%   131  205s
  5056  3534 4294.86306   36  440 5472.66000 3870.17690  29.3%   134  212s
  5266  3580 4484.79224   39  306 5472.66000 3870.17690  29.3%   131  216s
  5312  3736 4623.35385   46  274 5472.66000 3870.17690  29.3%   132  220s
  5541  3845 4212.51168   32  243 5472.66000 3885.99581  29.0%   132  228s
  5624  3902 4512.04402   37  217 5472.66000 3885.99581  29.0%   132  233s
  5683  3979 5057.14467   56   65 5472.66000 3891.60071  28.9%   133  239s
* 5732  3958              75    5452.0500000 3891.60071  28.6%   133  239s
  5785  4023 4232.71298   33  286 5452.05000 3891.87128  28.6%   134  243s
  5858  4085 4928.89928   46  286 5452.05000 3894.17298  28.6%   134  248s
  5932  4212 4368.12265   38  245 5452.05000 3896.81137  28.5%   135  252s
  6088  4337 4280.93816   41  200 5452.05000 3898.44544  28.5%   134  258s
  6223  4427 4816.03449   66  248 5452.05000 3899.75499  28.5%   133  263s
  6329  4494 4310.31546   35  212 5452.05000 3899.75499  28.5%   133  267s
  6396  4575 5151.52446   58  103 5452.05000 3903.39560  28.4%   134  273s
  6511  4619 4371.54280   39  462 5452.05000 3907.39679  28.3%   134  278s
  6555  4756 4820.34486   64  303 5452.05000 3908.02802  28.3%   135  283s
  6722  4780 4107.43705   35  260 5452.05000 3908.86500  28.3%   134  288s
  6746  4831 4236.29702   39  440 5452.05000 3908.86500  28.3%   136  295s
  6797  4926 4407.30917   43  380 5452.05000 3908.86500  28.3%   137  302s
H 6812  3263                    5078.5400000 3908.86500  23.0%   137  302s
  6892  3320 4616.00133   51  265 5078.54000 3908.86500  23.0%   137  307s
  7011  3369 4945.89947   76  103 5078.54000 3913.38898  22.9%   137  312s
  7081  3440 4617.75931   47  222 5078.54000 3913.39746  22.9%   137  319s
  7178  3466     cutoff   90      5078.54000 3918.59408  22.8%   137  324s
H 7179  3435                    5073.5400000 3918.59408  22.8%   137  324s
  7215  3541 4318.45142   41  419 5073.54000 3924.18618  22.7%   139  332s
  7334  3718 4338.01526   32  233 5073.54000 3925.70382  22.6%   140  340s
  7540  3773 4204.27332   33  199 5073.54000 3932.66267  22.5%   139  348s
  7603  3815 4100.75670   40  439 5073.54000 3932.66267  22.5%   140  355s
H 7608  3643                    5036.5400000 3932.66267  21.9%   140  355s
  7655  3695     cutoff   59      5036.54000 3937.32812  21.8%   142  362s
  7747  3780 4307.96287   45  498 5036.54000 3943.07385  21.7%   143  370s
  7858  3801 4236.15939   44  395 5036.54000 3943.12951  21.7%   144  401s
H 7874  3792                    5033.5400000 3943.12951  21.7%   144  401s
  7879  3809     cutoff   60      5033.54000 3945.61653  21.6%   144  410s
  7972  3843 4275.59222   37  341 5033.54000 3947.23568  21.6%   146  417s
  8006  3939 4548.89570   49  301 5033.54000 3951.07618  21.5%   148  425s
  8114  4026 4136.48098   36  331 5033.54000 3951.07618  21.5%   149  434s
  8168  4026 4837.97963   84  169 5033.54000 3951.07618  21.5%   150  435s
  8219  4079 4478.83857   45  188 5033.54000 3951.07618  21.5%   150  445s
  8272  4146 4867.02469   61  212 5033.54000 3952.75623  21.5%   151  454s
  8384  4202 4072.16816   33  492 5033.54000 3960.69839  21.3%   153  462s
  8456  4256 4336.92282   36  364 5033.54000 3961.65483  21.3%   154  471s
  8548  4315 4340.44079   42  423 5033.54000 3962.85148  21.3%   156  480s
  8627  4375 4100.81040   36  352 5033.54000 3965.05328  21.2%   157  489s
  8704  4423 4323.46152   41  491 5033.54000 3965.05328  21.2%   158  498s
  8760  4483 5001.53582   48  226 5033.54000 3967.58696  21.2%   160  507s
  8871  4533 4371.15521   47  259 5033.54000 3968.29143  21.2%   162  516s
  8941  4654 4556.73914   53  183 5033.54000 3969.21690  21.1%   163  526s
  9096  4687 4365.20370   45  375 5033.54000 3971.44547  21.1%   163  535s
  9142  4758 4758.72163   54  246 5033.54000 3971.96168  21.1%   165  545s
  9266  4803 4633.32564   48  209 5033.54000 3972.00883  21.1%   166  556s
  9343  4933     cutoff   66      5033.54000 3972.30169  21.1%   167  566s
  9494  4998 4966.34547   78  141 5033.54000 3973.20700  21.1%   167  576s
* 9544  4982              75    5026.5400000 3973.20700  21.0%   167  577s
  9587  5013 4378.49914   38  448 5026.54000 3973.51678  20.9%   168  586s
H 9638  5062                    5024.8600000 3974.58094  20.9%   169  596s
H 9686  4650                    4968.0100000 3976.16110  20.0%   170  596s
H 9715  4586                    4958.0100000 3976.33244  19.8%   170  605s
  9792  4642 4464.59486   38  346 4958.01000 3977.58785  19.8%   172  616s
  9870  4700 4709.55563   61  106 4958.01000 3978.41085  19.8%   173  627s
  9952  4818 4768.78422   51  252 4958.01000 3980.02137  19.7%   174  638s
 10103  4887 4280.55747   39  467 4958.01000 3984.35763  19.6%   175  650s
 10245  4961 4432.03131   47  251 4958.01000 3985.17144  19.6%   176  660s
H10353  4994                    4951.0100000 3985.17144  19.5%   177  672s
 10485  5051 4092.69212   36  542 4951.01000 3988.51933  19.4%   177  683s
 10549  5114 4874.16749   72  304 4951.01000 3989.32932  19.4%   179  695s
 10648  5262 4277.43393   36  388 4951.01000 3994.07138  19.3%   181  710s
 10813  5311 4208.00229   35  316 4951.01000 3997.70173  19.3%   180  722s
H10815  5040                    4923.6900000 3997.70173  18.8%   180  722s
 10883  5090 4150.58855   31  387 4923.69000 3997.95913  18.8%   181  734s
 10951  5201 4569.07186   41   67 4923.69000 3998.94021  18.8%   183  745s
 11094  5264 4458.40618   51  338 4923.69000 4000.06862  18.8%   183  757s
 11161  5310     cutoff   68      4923.69000 4001.21885  18.7%   185  768s
 11243  5377 4282.38774   37  354 4923.69000 4003.17708  18.7%   186  781s
 11342  5460 4125.94737   33  414 4923.69000 4012.83857  18.5%   187  792s
 11441  5596 4567.76927   57  337 4923.69000 4015.91910  18.4%   188  805s
 11640  5659 4163.28604   35  361 4923.69000 4018.55830  18.4%   188  817s
 11722  5787 4344.66317   36  420 4923.69000 4019.90941  18.4%   189  829s
 11767  5787 4579.91772   47  348 4923.69000 4025.53879  18.2%   190  830s
 11890  5854 4644.90885   39  227 4923.69000 4029.44508  18.2%   190  842s
 11988  5904     cutoff   66      4923.69000 4035.08171  18.0%   191  853s
 12076  5961     cutoff   65      4923.69000 4039.83577  18.0%   193  866s
 12158  6071     cutoff   68      4923.69000 4041.06302  17.9%   194  879s
 12353  6119 4377.32059   51  396 4923.69000 4045.50578  17.8%   194  893s
 12439  6179 4537.49218   47  353 4923.69000 4046.13552  17.8%   195  905s
 12523  6295 4513.84304   42  421 4923.69000 4048.77815  17.8%   196  919s
*12669  5550              73    4864.2700000 4049.53714  16.7%   197  920s
H12693  3376                    4652.2500000 4049.53714  13.0%   197  932s
 12821  3343 4437.06970   40  218 4652.25000 4050.15420  12.9%   197  946s
 12901  3372 4487.97332   54  334 4652.25000 4051.66964  12.9%   198  958s
 12987  3422 4602.82257   54  311 4652.25000 4053.28560  12.9%   200  971s
 13083  3460     cutoff   50      4652.25000 4055.73491  12.8%   201  983s
 13151  3500 4302.58021   41  449 4652.25000 4060.98241  12.7%   202  996s
H13223  3472                    4647.2500000 4061.27565  12.6%   204 1010s
 13296  3559 4352.42502   54  416 4647.25000 4062.71924  12.6%   205 1024s
 13447  3600 4246.41712   38  360 4647.25000 4065.77286  12.5%   205 1037s
 13538  3626     cutoff   52      4647.25000 4067.97646  12.5%   207 1051s
 13615  3676 4129.47210   36  533 4647.25000 4071.45419  12.4%   208 1064s
 13696  3732 4581.19273   52  347 4647.25000 4073.58827  12.3%   210 1079s
 13808  3778 4308.10850   38  164 4647.25000 4082.35546  12.2%   211 1093s
 13906  3835 4583.73577   43  227 4647.25000 4083.43100  12.1%   212 1107s
 14019  3886 4314.20317   41  385 4647.25000 4085.45684  12.1%   213 1121s
 14131  3928     cutoff   56      4647.25000 4086.64045  12.1%   215 1135s
 14243  3983 4306.09232   38  456 4647.25000 4089.51370  12.0%   216 1149s
 14352  4043 4380.82930   41  243 4647.25000 4092.38673  11.9%   217 1163s
 14470  4083 4528.70123   55  384 4647.25000 4093.93149  11.9%   218 1177s
 14562  4119 4448.60209   42  429 4647.25000 4097.19353  11.8%   220 1191s
 14652  4155 4643.24311   50  367 4647.25000 4097.93468  11.8%   221 1206s
 14747  4188 4565.80940   37  241 4647.25000 4100.96387  11.8%   223 1222s
 14819  4241 4431.45949   44  345 4647.25000 4102.07270  11.7%   224 1236s
 14933  4288 4537.51140   49  380 4647.25000 4104.03230  11.7%   225 1252s
 15075  4317 4241.44024   40  459 4647.25000 4106.60972  11.6%   226 1266s
 15182  4350     cutoff   48      4647.25000 4108.06510  11.6%   227 1281s
 15314  4416 4507.71206   51  266 4647.25000 4112.06658  11.5%   229 1295s
 15435  4474 4373.25916   38  435 4647.25000 4114.41609  11.5%   230 1310s
 15551  4512 4542.27763   51  357 4647.25000 4115.78912  11.4%   231 1326s
 15645  4550 4415.94279   41  410 4647.25000 4117.01102  11.4%   232 1341s
 15766  4608     cutoff   57      4647.25000 4119.36128  11.4%   233 1356s
 15905  4662     cutoff   46      4647.25000 4121.31365  11.3%   234 1372s
 16029  4707 4201.79338   44  409 4647.25000 4122.70905  11.3%   235 1387s
 16132  4762 4605.04607   49  272 4647.25000 4126.82208  11.2%   236 1402s
 16271  4838 4285.71132   36  231 4647.25000 4129.18122  11.1%   237 1418s
 16399  4883     cutoff   63      4647.25000 4133.10593  11.1%   238 1434s
 16508  4952 4402.17724   41  344 4647.25000 4136.86023  11.0%   239 1450s
 16644  5013     cutoff   41      4647.25000 4138.58927  10.9%   240 1465s
 16768  5064 4521.82382   46  206 4647.25000 4139.80425  10.9%   241 1482s
 16881  5106 4450.34883   42  384 4647.25000 4142.10326  10.9%   242 1498s
 16995  5165 4435.25118   44  132 4647.25000 4145.09489  10.8%   243 1515s
 17153  5217 4313.78153   39  346 4647.25000 4146.26948  10.8%   244 1531s
 17271  5258 4551.21556   47  487 4647.25000 4147.24017  10.8%   245 1547s
 17388  5335     cutoff   46      4647.25000 4149.84080  10.7%   246 1564s
 17523  5394     cutoff   43      4647.25000 4151.15419  10.7%   247 1580s
 17682  5432     cutoff   48      4647.25000 4153.17652  10.6%   248 1599s
 17758  5495     cutoff   46      4647.25000 4153.76622  10.6%   248 1616s
 17940  5554 4445.26402   36  399 4647.25000 4155.96966  10.6%   249 1632s
 18085  5636 4338.35431   49  467 4647.25000 4157.46694  10.5%   250 1649s
 18251  5683 4423.15061   43  433 4647.25000 4158.34570  10.5%   251 1666s
 18376  5728 4502.51092   38  152 4647.25000 4159.76887  10.5%   251 1683s
 18534  5789 4598.18821   41  391 4647.25000 4160.23126  10.5%   252 1700s
 18677  5862 4470.33575   43   97 4647.25000 4163.62183  10.4%   253 1718s
 18800  5908     cutoff   52      4647.25000 4164.13130  10.4%   254 1735s
 18937  5961 4618.28910   49  123 4647.25000 4166.08973  10.4%   254 1752s
 19087  6049 4371.97225   37  431 4647.25000 4168.11661  10.3%   255 1770s
 19284  6130 4385.81248   40  304 4647.25000 4170.30021  10.3%   255 1787s
 19451  6176     cutoff   73      4647.25000 4171.55646  10.2%   256 1806s
 19565  6238     cutoff   63      4647.25000 4172.97161  10.2%   257 1823s
 19699  6307 4593.58519   53  281 4647.25000 4174.60808  10.2%   258 1840s
 19855  6381 4478.72755   44  415 4647.25000 4176.56952  10.1%   258 1857s
 20022  6450 4561.81451   47  399 4647.25000 4177.60230  10.1%   259 1875s
 20193  6503 4433.82734   40  350 4647.25000 4178.99253  10.1%   259 1893s
 20346  6560 4596.57147   49   76 4647.25000 4180.03487  10.1%   260 1910s
 20500  6619 4571.79823   39  259 4647.25000 4181.05763  10.0%   261 1928s
 20647  6669 4418.13493   59  411 4647.25000 4182.32408  10.0%   261 1946s
 20781  6729 4628.90866   57  280 4647.25000 4185.29222  9.94%   262 1962s
 20913  6770     cutoff   45      4647.25000 4186.14103  9.92%   263 1981s
 21011  6828 4443.52065   41  416 4647.25000 4186.97717  9.90%   263 1999s
 21129  6887 4627.49010   45  348 4647.25000 4188.26045  9.88%   264 2018s
 21242  6917 4621.26056   52  325 4647.25000 4188.72089  9.87%   266 2036s
 21384  6972 4449.06532   41  323 4647.25000 4189.05210  9.86%   266 2055s
 21535  7079 4331.30195   36  184 4647.25000 4191.20874  9.81%   267 2078s
 21732  7164 4576.04368   70  154 4647.25000 4193.51975  9.76%   267 2096s
 21929  7229 4564.21902   47  200 4647.25000 4195.37486  9.72%   268 2114s
 22089  7300 4407.60175   45  455 4647.25000 4196.51844  9.70%   268 2132s
 22249  7365 4513.59866   46  434 4647.25000 4197.34048  9.68%   269 2150s
 22418  7411 4430.62247   38  334 4647.25000 4198.72563  9.65%   269 2167s
 22554  7463 4616.87183   61  406 4647.25000 4199.89625  9.63%   270 2184s
 22692  7525 4308.18194   35  340 4647.25000 4202.02208  9.58%   271 2202s
 22860  7589 4602.71797   44  368 4647.25000 4202.72633  9.57%   271 2223s
 22991  7652 4437.32990   43  214 4647.25000 4204.20879  9.53%   272 2241s
 23144  7698 4367.68636   40  328 4647.25000 4206.02252  9.49%   273 2259s
 23290  7758 4555.87457   47  317 4647.25000 4207.84940  9.46%   273 2277s
 23462  7802     cutoff   40      4647.25000 4209.46872  9.42%   274 2295s
 23612  7861 4514.58939   35  231 4647.25000 4210.25913  9.40%   274 2313s
 23761  7934 4626.88636   52  376 4647.25000 4212.18410  9.36%   275 2332s
 23928  8010 4352.09354   38  430 4647.25000 4214.10909  9.32%   276 2351s
 24100  8060 4449.39216   36  410 4647.25000 4216.00135  9.28%   276 2369s
 24244  8119     cutoff   58      4647.25000 4218.67972  9.22%   277 2387s
 24403  8193     cutoff   62      4647.25000 4219.75086  9.20%   277 2406s
 24565  8245 4522.46935   42  203 4647.25000 4220.33033  9.19%   278 2426s
 24697  8310 4494.64006   43  374 4647.25000 4220.94332  9.17%   278 2444s
 24882  8366 4550.91250   47  215 4647.25000 4222.51370  9.14%   279 2463s
 25094  8452 4569.67847   65  353 4647.25000 4223.98870  9.11%   279 2483s
 25286  8497     cutoff   42      4647.25000 4224.53037  9.10%   279 2502s
 25443  8581 4543.50561   46  393 4647.25000 4225.44168  9.08%   280 2521s
 25643  8635 4478.99066   38  332 4647.25000 4227.02195  9.04%   280 2539s
 25811  8671 4577.75151   46  409 4647.25000 4228.12576  9.02%   280 2565s
 25913  8722 4593.08482   53  183 4647.25000 4229.34010  8.99%   281 2586s
 26024  8764 4425.45286   40  310 4647.25000 4229.72109  8.98%   281 2614s
 26138  8833 4631.50796   47  290 4647.25000 4230.40923  8.97%   281 2632s
 26313  8894 4481.37345   44   97 4647.25000 4232.57666  8.92%   282 2652s
 26493  8956 4377.02028   33  113 4647.25000 4233.47307  8.90%   282 2747s
 26609  9013 4634.84346   41  247 4647.25000 4233.91449  8.89%   282 2765s
 26749  9062 4554.33840   39  278 4647.25000 4235.05324  8.87%   283 2785s
 26940  9137 4458.00629   39  306 4647.25000 4236.40947  8.84%   283 2805s
 27115  9206 4612.10763   47  118 4647.25000 4237.88560  8.81%   284 2825s
 27308  9267 4564.48410   69  102 4647.25000 4238.61405  8.79%   284 2844s
 27489  9322 4426.86370   53  398 4647.25000 4240.28912  8.76%   284 2864s
 27682  9369 4528.39324   42  380 4647.25000 4241.55438  8.73%   284 2883s
 27847  9435 4457.84920   47  351 4647.25000 4243.16969  8.70%   285 2902s
 28004  9501 4590.67543   44   99 4647.25000 4244.54216  8.67%   286 2921s
 28186  9569     cutoff   51      4647.25000 4245.41342  8.65%   286 2940s
 28340  9640 4542.13170   36  416 4647.25000 4246.31971  8.63%   287 2960s
 28531  9673 4465.84138   51  294 4647.25000 4246.97124  8.61%   287 2979s
 28619  9673     cutoff   49      4647.25000 4247.59511  8.60%   287 2980s
 28702  9728     cutoff   47      4647.25000 4247.81587  8.60%   287 2999s
 28773  9728 4580.83440   62  285 4647.25000 4248.71996  8.58%   288 3000s
 28862  9794 4626.99186   43  379 4647.25000 4248.77334  8.57%   288 3019s
 28942  9794 4467.08240   42  221 4647.25000 4249.17127  8.57%   288 3020s
 29030  9877     cutoff   45      4647.25000 4249.40330  8.56%   288 3039s
 29121  9877 4526.25220   43  282 4647.25000 4251.57863  8.51%   289 3040s
 29220  9938     cutoff   45      4647.25000 4251.58837  8.51%   289 3059s
 29403  9992 4471.31933   56  295 4647.25000 4252.27242  8.50%   289 3079s
 29492  9992     cutoff   49      4647.25000 4253.31143  8.48%   289 3080s
 29575 10055 4540.68431   35  193 4647.25000 4253.44152  8.47%   289 3099s
 29784 10123 4445.88470   44  438 4647.25000 4254.13175  8.46%   290 3119s
 29856 10123     cutoff   52      4647.25000 4254.43662  8.45%   290 3120s
 29945 10191 4469.84998   40  214 4647.25000 4254.78233  8.45%   290 3140s
 30148 10240 4606.33570   40  220 4647.25000 4255.64304  8.43%   290 3160s
 30287 10283 4561.33895   48  320 4647.25000 4256.30016  8.41%   291 3180s
 30434 10355 4559.78999   42  308 4647.25000 4256.94218  8.40%   292 3200s
 30621 10418 4521.15484   46  373 4647.25000 4258.26203  8.37%   292 3221s
 30820 10494 4462.25700   44  353 4647.25000 4259.49154  8.34%   292 3241s
 30999 10565 4563.34574   39  336 4647.25000 4260.12502  8.33%   292 3262s
 31191 10643 4590.96209   39  224 4647.25000 4261.22999  8.31%   293 3282s
 31375 10683 4625.31909   63  259 4647.25000 4262.21683  8.29%   293 3301s
 31548 10751     cutoff   60      4647.25000 4263.01088  8.27%   294 3321s
 31768 10844     cutoff   48      4647.25000 4264.04286  8.25%   294 3342s
 31965 10925 4615.49671   41   90 4647.25000 4264.88092  8.23%   294 3362s
 32213 11030 4469.34746   65  121 4647.25000 4266.00186  8.20%   294 3382s
 32419 11101 4565.25582   52  356 4647.25000 4266.72309  8.19%   294 3402s
 32617 11160 4445.11262   41  360 4647.25000 4267.93306  8.16%   294 3423s
 32830 11266 4442.39887   41  386 4647.25000 4269.03000  8.14%   294 3444s
 33036 11325 4420.34609   41  445 4647.25000 4269.95459  8.12%   294 3464s
 33196 11395 4615.23846   42  284 4647.25000 4270.93671  8.10%   295 3483s
 33372 11461 4540.83628   41  186 4647.25000 4271.41848  8.09%   295 3504s
 33569 11584 4506.18311   37  301 4647.25000 4272.80462  8.06%   295 3524s
 33714 11584 4446.02063   43  294 4647.25000 4273.35922  8.05%   295 3525s
 33807 11652 4573.83638   37  270 4647.25000 4273.38762  8.04%   295 3544s
 33983 11713     cutoff   48      4647.25000 4273.92414  8.03%   295 3565s
 34161 11773 4546.53939   51  240 4647.25000 4274.34216  8.02%   296 3585s
 34362 11803 4474.97385   72  179 4647.25000 4275.08154  8.01%   296 3600s

Cutting planes:
  User: 5940
  Gomory: 18
  Cover: 313
  Implied bound: 120
  Projected implied bound: 11
  Clique: 10
  MIR: 77
  Flow cover: 221
  Zero half: 3
  RLT: 176
  Relax-and-lift: 3
  Lazy constraints: 924

Explored 34492 nodes (10227060 simplex iterations) in 3600.36 seconds
Thread count was 2 (of 32 available processors)

Solution count 10: 4647.25 4652.25 4864.27 ... 5033.54

Time limit reached
Best objective 4.647250000000e+03, best bound 4.275334921642e+03, gap 8.0029%

User-callback calls 278972, time in user-callback 130.51 sec
================================================================================
executing instance: ./input/Instances/Original/4/absH3low_3n10.dat
--------------------------------------------------------------------------------
Instance details
n	11
H	3
C	687
Li:
[0, 0, 0, 0, 0, 0, 0, 0, 0, 0, 0, ]
Ui:
[0, 189, 44, 174, 78, 36, 198, 117, 42, 96, 240, ]
Distance matrix:
|0	209	255	286	142	156	285	317	182	161	135	|
|209	0	464	451	315	356	490	469	361	299	260	|
|255	464	0	221	202	130	74	280	189	254	273	|
|286	451	221	0	145	156	164	479	354	153	192	|
|142	315	202	145	0	73	194	388	250	53	73	|
|156	356	130	156	73	0	134	332	200	127	144	|
|285	490	74	164	194	134	0	353	256	239	267	|
|317	469	280	479	388	332	353	0	141	436	430	|
|182	361	189	354	250	200	256	141	0	296	289	|
|161	299	254	153	53	127	239	436	296	0	39	|
|135	260	273	192	73	144	267	430	289	39	0	|

--------------------------------------------------------------------------------
Building model...
	using lazy and cut (CVRPSEP package)
Solving IRP LP...
--------------------------------------------------------------------------------

Gurobi 9.1.0 (linux64) logging started Thu Feb 11 08:36:27 2021

Gurobi Optimizer version 9.1.0 build v9.1.0rc0 (linux64)
Thread count: 32 physical cores, 32 logical processors, using up to 2 threads
Optimize a model with 590 rows, 956 columns and 3761 nonzeros
Model fingerprint: 0x7215e7cb
Variable types: 164 continuous, 792 integer (132 binary)
Coefficient statistics:
  Matrix range     [1e+00, 2e+02]
  Objective range  [1e-02, 5e+02]
  Bounds range     [1e+00, 2e+02]
  RHS range        [1e+00, 1e+03]
Presolve removed 226 rows and 173 columns
Presolve time: 0.04s
Presolved: 364 rows, 783 columns, 2615 nonzeros
Variable types: 91 continuous, 692 integer (575 binary)
Found heuristic solution: objective 7058.0100000

Root relaxation: objective 1.886108e+03, 530 iterations, 0.01 seconds

    Nodes    |    Current Node    |     Objective Bounds      |     Work
 Expl Unexpl |  Obj  Depth IntInf | Incumbent    BestBd   Gap | It/Node Time

     0     0 1886.10773    0   55 7058.01000 1886.10773  73.3%     -    0s
H    0     0                    6938.0100000 1886.10773  72.8%     -    0s
     0     0 2324.85766    0   56 6938.01000 2324.85766  66.5%     -    0s
H    0     0                    4349.0100000 2324.85766  46.5%     -    0s
     0     0 2371.81445    0   68 4349.01000 2371.81445  45.5%     -    0s
     0     0 2376.09026    0   68 4349.01000 2376.09026  45.4%     -    0s
     0     0 2549.53894    0   84 4349.01000 2549.53894  41.4%     -    0s
H    0     0                    3866.4900000 2549.53894  34.1%     -    0s
H    0     0                    3643.4900000 2549.53894  30.0%     -    0s
     0     0 2576.23291    0   79 3643.49000 2576.23291  29.3%     -    0s
     0     0 2589.16853    0   79 3643.49000 2589.16853  28.9%     -    0s
     0     0 2686.85935    0   79 3643.49000 2686.85935  26.3%     -    0s
     0     0 2695.26637    0   75 3643.49000 2695.26637  26.0%     -    0s
     0     0 2695.44369    0   77 3643.49000 2695.44369  26.0%     -    0s
     0     0 2737.84339    0   78 3643.49000 2737.84339  24.9%     -    0s
     0     0 2765.23096    0  122 3643.49000 2765.23096  24.1%     -    0s
     0     0 2780.60816    0   74 3643.49000 2780.60816  23.7%     -    0s
     0     0 2784.41739    0   78 3643.49000 2784.41739  23.6%     -    0s
     0     0 2785.45215    0   85 3643.49000 2785.45215  23.5%     -    0s
     0     0 2785.74106    0   87 3643.49000 2785.74106  23.5%     -    0s
     0     0 2786.80425    0   83 3643.49000 2786.80425  23.5%     -    0s
H    0     0                    3553.1000000 2786.80425  21.6%     -    0s
     0     0 2786.80425    0   90 3553.10000 2786.80425  21.6%     -    0s
     0     0 2787.49335    0   84 3553.10000 2787.49335  21.5%     -    0s
     0     0 2787.49335    0   84 3553.10000 2787.49335  21.5%     -    0s
H    0     0                    3190.1000000 2787.49335  12.6%     -    0s
H    0     2                    3111.1000000 2787.49335  10.4%     -    0s
     0     2 2787.94772    0   80 3111.10000 2787.94772  10.4%     -    0s

Cutting planes:
  User: 43
  Learned: 1
  Gomory: 8
  Cover: 93
  Implied bound: 51
  Clique: 8
  MIR: 43
  StrongCG: 3
  Flow cover: 53
  Inf proof: 1
  Zero half: 1
  Network: 4
  RLT: 51
  Relax-and-lift: 11
  Lazy constraints: 6

Explored 653 nodes (28573 simplex iterations) in 2.04 seconds
Thread count was 2 (of 32 available processors)

Solution count 8: 3111.1 3190.1 3553.1 ... 7058.01

Optimal solution found (tolerance 1.00e-04)
Best objective 3.111100000000e+03, best bound 3.111100000000e+03, gap 0.0000%

User-callback calls 1952, time in user-callback 0.15 sec
================================================================================
executing instance: ./input/Instances/Original/4/absH3low_3n15.dat
--------------------------------------------------------------------------------
Instance details
n	16
H	3
C	1267
Li:
[0, 0, 0, 0, 0, 0, 0, 0, 0, 0, 0, 0, 0, 0, 0, 0, ]
Ui:
[0, 156, 267, 148, 144, 87, 33, 171, 76, 141, 270, 282, 60, 110, 172, 57, ]
Distance matrix:
|0	229	567	76	58	96	306	409	310	423	108	346	165	347	159	256	|
|229	0	482	243	279	155	375	525	251	419	158	373	65	123	329	246	|
|567	482	0	506	622	483	342	439	259	200	467	274	486	433	501	312	|
|76	243	506	0	119	88	230	337	255	352	88	272	179	347	94	194	|
|58	279	622	119	0	154	345	431	366	471	166	391	217	399	179	310	|
|96	155	483	88	154	0	266	397	224	358	17	289	92	262	176	179	|
|306	375	342	230	345	266	0	158	184	148	251	68	332	423	181	140	|
|409	525	439	337	431	397	158	0	340	244	386	201	476	581	253	298	|
|310	251	259	255	366	224	184	340	0	170	208	146	238	257	274	66	|
|423	419	200	352	471	358	148	244	170	0	341	84	396	424	323	182	|
|108	158	467	88	166	17	251	386	208	341	0	273	96	259	172	162	|
|346	373	274	272	391	289	68	201	146	84	273	0	340	400	239	127	|
|165	65	486	179	217	92	332	476	238	396	96	340	0	182	267	216	|
|347	123	433	347	399	262	423	581	257	424	259	400	182	0	423	283	|
|159	329	501	94	179	176	181	253	274	323	172	239	267	423	0	208	|
|256	246	312	194	310	179	140	298	66	182	162	127	216	283	208	0	|

--------------------------------------------------------------------------------
Building model...
	using lazy and cut (CVRPSEP package)
Solving IRP LP...
--------------------------------------------------------------------------------

Gurobi 9.1.0 (linux64) logging started Thu Feb 11 08:36:29 2021

Gurobi Optimizer version 9.1.0 build v9.1.0rc0 (linux64)
Thread count: 32 physical cores, 32 logical processors, using up to 2 threads
Optimize a model with 865 rows, 1876 columns and 7186 nonzeros
Model fingerprint: 0xbbe34319
Variable types: 244 continuous, 1632 integer (192 binary)
Coefficient statistics:
  Matrix range     [1e+00, 3e+02]
  Objective range  [1e-02, 6e+02]
  Bounds range     [1e+00, 3e+02]
  RHS range        [1e+00, 2e+03]
Presolve removed 302 rows and 224 columns
Presolve time: 0.05s
Presolved: 563 rows, 1652 columns, 5330 nonzeros
Variable types: 146 continuous, 1506 integer (1325 binary)
Found heuristic solution: objective 9084.8500000

Root relaxation: objective 1.928990e+03, 625 iterations, 0.01 seconds

    Nodes    |    Current Node    |     Objective Bounds      |     Work
 Expl Unexpl |  Obj  Depth IntInf | Incumbent    BestBd   Gap | It/Node Time

     0     0 1928.98950    0   45 9084.85000 1928.98950  78.8%     -    0s
H    0     0                    8642.8500000 1928.98950  77.7%     -    0s
     0     0 2156.94623    0   47 8642.85000 2156.94623  75.0%     -    0s
H    0     0                    5953.3000000 2156.94623  63.8%     -    0s
     0     0 2158.55511    0   48 5953.30000 2158.55511  63.7%     -    0s
     0     0 2183.78182    0   54 5953.30000 2183.78182  63.3%     -    0s
     0     0 2184.91320    0   54 5953.30000 2184.91320  63.3%     -    0s
     0     0 2621.53930    0   78 5953.30000 2621.53930  56.0%     -    0s
     0     0 2628.36471    0   88 5953.30000 2628.36471  55.9%     -    0s
