




arguments: ./build/bc_mirp -f ./input/orig_exec_269.cfg
Current dir: /scratch/gui/bc_mirp
File verbosity level: 9
date       time         ( uptime  ) [ thread name/id ]                   file:line     v| 
2021-02-17 06:56:27.294 (   0.741s) [main thread     ]             loguru.cpp:789   INFO| Logging to './output/vi_vc+hc2/OU/V4/Original/execution_17_02_2021_06_56_27.log', mode: 'a', verbosity: 9
--------------------------------------------------------------------------------
Parameters
                           instance_path           ./input/Instances/Original/6/
                            model_policy                                       1
                             nb_vehicles                                       4
                              output_dir      ./output/vi_vc+hc2/OU/V4/Original/
                            sec_strategy                                       1
                       solver_nb_threads                                       2
                         solver_show_log                                    true
                       solver_time_limit                                    3600
                              use_vi_cos                                   false
                              use_vi_cus                                   false
                         use_vi_hc1_full                                   false
                         use_vi_hc1_half                                   false
                      use_vi_hc1_quarter                                   false
                              use_vi_hc2                                    true
                              use_vi_hc3                                   false
                         use_vi_lex_full                                   false
                         use_vi_lex_half                                   false
                      use_vi_lex_quarter                                   false
                              use_vi_qua                                   false
                               use_vi_vc                                    true
                               use_vi_vr                                   false
--------------------------------------------------------------------------------
executing instance: ./input/Instances/Original/6/absH6high_1n25.dat
--------------------------------------------------------------------------------
Instance details
n	26
H	6
C	1711
Li:
[0, 0, 0, 0, 0, 0, 0, 0, 0, 0, 0, 0, 0, 0, 0, 0, 0, 0, 0, 0, 0, 0, 0, 0, 0, 0, ]
Ui:
[0, 168, 176, 34, 66, 36, 177, 106, 118, 182, 64, 141, 189, 63, 46, 111, 182, 231, 36, 66, 68, 54, 132, 90, 246, 75, ]
Distance matrix:
|0	191	200	231	334	329	146	196	208	245	218	164	283	394	151	358	156	196	309	253	201	260	127	138	130	104	|
|191	0	226	229	278	146	328	216	390	417	327	293	195	334	106	296	171	122	472	151	12	411	280	53	190	130	|
|200	226	0	38	149	359	321	10	276	274	418	364	139	204	121	173	321	115	303	141	225	236	155	202	311	256	|
|231	229	38	0	110	352	358	37	314	310	448	395	108	167	129	135	342	109	336	120	226	268	194	213	335	277	|
|334	278	149	110	0	367	467	147	422	413	546	495	86	61	203	25	423	163	429	129	271	363	303	282	424	361	|
|329	146	359	352	367	0	453	349	533	562	411	393	282	411	245	378	250	244	617	245	141	556	426	195	284	243	|
|146	328	321	358	467	453	0	321	162	215	160	112	425	524	297	491	223	341	284	397	339	266	186	276	184	210	|
|196	216	10	37	147	349	321	0	281	281	414	360	132	203	112	171	315	105	311	132	216	244	159	193	305	249	|
|208	390	276	314	422	533	162	281	0	54	321	271	410	471	316	445	348	348	123	398	398	115	125	338	313	309	|
|245	417	274	310	413	562	215	281	54	0	375	323	413	457	334	435	393	361	70	406	424	69	139	367	359	349	|
|218	327	418	448	546	411	160	414	321	375	0	57	484	606	347	569	163	393	444	446	339	421	318	288	137	199	|
|164	293	364	395	495	393	112	360	271	323	57	0	437	556	300	519	144	346	393	401	305	367	261	249	109	163	|
|283	195	139	108	86	282	425	132	410	413	484	437	0	139	137	101	349	91	443	44	187	375	286	206	355	291	|
|394	334	204	167	61	411	524	203	471	457	606	556	139	0	264	38	483	222	467	183	326	403	356	341	484	421	|
|151	106	121	129	203	245	297	112	316	334	347	300	137	264	0	225	220	46	381	102	106	316	195	84	221	158	|
|358	296	173	135	25	378	491	171	445	435	569	519	101	38	225	0	444	184	450	145	288	384	328	303	446	383	|
|156	171	321	342	423	250	223	315	348	393	163	144	349	483	220	444	0	261	460	308	183	415	284	143	39	65	|
|196	122	115	109	163	244	341	105	348	361	393	346	91	222	46	184	261	0	402	56	118	336	224	119	264	200	|
|309	472	303	336	429	617	284	311	123	70	444	393	443	467	381	450	460	402	0	442	477	68	192	424	426	413	|
|253	151	141	120	129	245	397	132	398	406	446	401	44	183	102	145	308	56	442	0	143	375	273	164	315	251	|
|201	12	225	226	271	141	339	216	398	424	339	305	187	326	106	288	183	118	477	143	0	416	286	63	202	142	|
|260	411	236	268	363	556	266	244	115	69	421	367	375	403	316	384	415	336	68	375	416	0	135	365	384	363	|
|127	280	155	194	303	426	186	159	125	139	318	261	286	356	195	328	284	224	192	273	286	135	0	232	256	229	|
|138	53	202	213	282	195	276	193	338	367	288	249	206	341	84	303	143	119	424	164	63	365	232	0	153	89	|
|130	190	311	335	424	284	184	305	313	359	137	109	355	484	221	446	39	264	426	315	202	384	256	153	0	64	|
|104	130	256	277	361	243	210	249	309	349	199	163	291	421	158	383	65	200	413	251	142	363	229	89	64	0	|

--------------------------------------------------------------------------------
Building model...
	using lazy and cut (CVRPSEP package)
Solving IRP LP...
--------------------------------------------------------------------------------

Gurobi 9.1.0 (linux64) logging started Wed Feb 17 06:56:27 2021

Gurobi Optimizer version 9.1.0 build v9.1.0rc0 (linux64)
Thread count: 32 physical cores, 32 logical processors, using up to 2 threads
Optimize a model with 2804 rows, 9206 columns and 34346 nonzeros
Model fingerprint: 0xb8c3a037
Variable types: 782 continuous, 8424 integer (624 binary)
Coefficient statistics:
  Matrix range     [1e+00, 4e+02]
  Objective range  [1e-01, 6e+02]
  Bounds range     [1e+00, 2e+02]
  RHS range        [1e+00, 3e+03]
Presolve removed 815 rows and 604 columns
Presolve time: 0.22s
Presolved: 1989 rows, 8602 columns, 26521 nonzeros
Variable types: 615 continuous, 7987 integer (7391 binary)

Root relaxation: objective 1.430251e+04, 2595 iterations, 0.12 seconds

    Nodes    |    Current Node    |     Objective Bounds      |     Work
 Expl Unexpl |  Obj  Depth IntInf | Incumbent    BestBd   Gap | It/Node Time

     0     0 14302.5051    0  228          - 14302.5051      -     -    0s
     0     0 14575.1429    0  287          - 14575.1429      -     -    1s
     0     0 14608.2096    0  307          - 14608.2096      -     -    1s
     0     0 14610.1829    0  289          - 14610.1829      -     -    1s
     0     0 14618.3804    0  300          - 14618.3804      -     -    1s
     0     0 14623.8166    0  296          - 14623.8166      -     -    1s
     0     0 14625.5985    0  286          - 14625.5985      -     -    1s
     0     0 14625.6448    0  281          - 14625.6448      -     -    1s
     0     0 15018.3044    0  370          - 15018.3044      -     -    1s
     0     0 15127.9127    0  371          - 15127.9127      -     -    2s
     0     0 15155.0859    0  408          - 15155.0859      -     -    2s
     0     0 15163.9774    0  408          - 15163.9774      -     -    2s
     0     0 15173.7811    0  394          - 15173.7811      -     -    2s
     0     0 15174.7619    0  407          - 15174.7619      -     -    2s
     0     0 15175.4952    0  396          - 15175.4952      -     -    2s
     0     0 15721.7941    0  547          - 15721.7941      -     -    4s
     0     0 15862.0463    0  438          - 15862.0463      -     -    5s
     0     0 15929.1913    0  485          - 15929.1913      -     -    5s
     0     0 15951.5300    0  517          - 15951.5300      -     -    6s
     0     0 15957.5590    0  521          - 15957.5590      -     -    6s
     0     0 15958.6746    0  537          - 15958.6746      -     -    6s
     0     0 16155.1336    0  524          - 16155.1336      -     -    7s
     0     0 16169.4371    0  491          - 16169.4371      -     -    8s
     0     0 16179.4493    0  538          - 16179.4493      -     -    8s
     0     0 16185.6317    0  509          - 16185.6317      -     -    8s
     0     0 16191.3540    0  527          - 16191.3540      -     -    8s
     0     0 16191.6454    0  530          - 16191.6454      -     -    8s
     0     0 16214.1428    0  540          - 16214.1428      -     -    9s
     0     0 16224.1462    0  538          - 16224.1462      -     -   10s
     0     0 16230.4048    0  531          - 16230.4048      -     -   10s
     0     0 16233.5666    0  509          - 16233.5666      -     -   10s
     0     0 16233.7721    0  565          - 16233.7721      -     -   10s
     0     0 16258.9108    0  552          - 16258.9108      -     -   11s
     0     0 16262.1874    0  543          - 16262.1874      -     -   11s
     0     0 16263.0447    0  543          - 16263.0447      -     -   11s
     0     0 16270.2023    0  610          - 16270.2023      -     -   12s
     0     0 16271.7916    0  580          - 16271.7916      -     -   12s
     0     2 16274.1119    0  552          - 16274.1119      -     -   15s
    24    29 16388.2765    9  627          - 16307.8441      -   945   20s
    45    51 16579.4650   14  580          - 16307.8441      -   988   25s
    68    74 16780.0307   18  504          - 16307.8441      -   991   30s
   107   123 16846.9214   22  530          - 16307.8441      -   797   35s
   148   170 17000.7425   26  575          - 16307.8441      -   668   42s
   185   207 17112.4019   29  576          - 16307.8441      -   582   45s
   341   386 17378.9024   36  518          - 16307.8441      -   372   50s
   505   496 17745.8153   43  446          - 16307.8441      -   278   57s
   525   512 18044.9028   52  410          - 16307.8441      -   290   60s
   561   549 18434.9633   67  299          - 16307.8441      -   306   66s
   610   614 18977.1836   91  241          - 16307.8441      -   309   71s
   683   709 19417.3384  132  157          - 16307.8441      -   297   75s
   887   867 17715.5125   28  394          - 16307.8441      -   248   80s
* 1030  1001             345    25231.640000 16308.4124  35.4%   222   85s
  1041   999 20893.3963  220  580 25231.6400 16308.4124  35.4%   228   95s
  1046  1002 20985.3729  215  672 25231.6400 16308.4124  35.4%   227  101s
  1051  1006 16805.6145   20  704 25231.6400 16747.8991  33.6%   226  105s
  1061  1012 19556.1208  171  688 25231.6400 16819.2560  33.3%   224  111s
  1071  1019 25189.3085  336  756 25231.6400 16837.2453  33.3%   222  115s
  1079  1024 17456.4969   39  754 25231.6400 16840.5667  33.3%   220  120s
H 1081   974                    25033.460000 16842.1568  32.7%   220  123s
  1084   976 21836.8352  234  703 25033.4600 16842.2471  32.7%   219  125s
  1089   980 22465.3265  255  227 25033.4600 16842.2471  32.7%   249  132s
  1090   981 19842.0793  165  347 25033.4600 16842.2471  32.7%   249  135s
  1097   986 16842.2471    4  754 25033.4600 16842.2471  32.7%   248  140s
  1105   991 20972.4096  233  726 25033.4600 16843.6909  32.7%   246  145s
  1111   995 19529.3787  120  810 25033.4600 16844.9120  32.7%   244  150s
  1118  1003 16914.0920   22  737 25033.4600 16910.0780  32.5%   275  155s
  1124  1007 16991.4582   23  602 25033.4600 16943.2876  32.3%   285  160s
  1134  1014 17018.8122   26  642 25033.4600 16954.6475  32.3%   302  165s
  1139  1017 17044.6367   27  652 25033.4600 16954.6475  32.3%   309  170s
  1150  1025 17092.9421   29  644 25033.4600 16954.6475  32.3%   319  175s
  1166  1037 17128.3185   32  583 25033.4600 16954.6475  32.3%   330  180s
  1190  1058 17169.0723   38  486 25033.4600 16954.6475  32.3%   338  185s
  1209  1069 17197.1074   42  509 25033.4600 16954.6475  32.3%   345  190s
  1230  1085 17237.9676   46  547 25033.4600 16954.6475  32.3%   351  195s
  1246  1094 17272.5114   49  553 25033.4600 16954.6475  32.3%   357  200s
  1268  1117 17314.2249   54  506 25033.4600 16954.6475  32.3%   369  207s
  1284  1118 17331.4589   56  478 25033.4600 16954.6475  32.3%   370  211s
  1303  1136 17388.8971   60  495 25033.4600 16954.6475  32.3%   374  215s
  1344  1155 17451.5773   68  450 25033.4600 16954.6475  32.3%   381  222s
  1348  1168 17458.5318   69  497 25033.4600 16954.6475  32.3%   382  225s
  1378  1197 17492.8528   75  480 25033.4600 16954.6475  32.3%   386  230s
  1418  1220 17591.0712   83  465 25033.4600 16954.6475  32.3%   390  235s
  1462  1255 17690.3424   93  326 25033.4600 16954.6475  32.3%   394  241s
  1518  1297 17849.9886  104  352 25033.4600 16954.6475  32.3%   394  247s
  1548  1325 18098.0245  111  363 25033.4600 16954.6475  32.3%   393  251s
  1626  1366 17975.7747  129  295 25033.4600 16954.6475  32.3%   389  258s
  1653  1405 18150.2274  136  287 25033.4600 16954.6475  32.3%   391  261s
  1701  1440 18406.8585  145  349 25033.4600 16954.6475  32.3%   389  265s
  1818  1526 19114.2771  173  252 25033.4600 16954.6475  32.3%   381  273s
  1883  1558 20600.2202  190  164 25033.4600 16954.6475  32.3%   376  278s
  1936  1620 20831.8021  205  129 25033.4600 16954.6475  32.3%   372  283s
  2016  1741 21513.8882  225   57 25033.4600 16954.6475  32.3%   364  288s
  2164  1831 22330.1565  271   51 25033.4600 16958.9886  32.3%   348  294s
* 2324  1760             294    23015.040000 16963.6405  26.3%   332  299s
* 2325  1712             294    22974.430000 16963.6405  26.2%   332  299s
* 2328  1665             291    22963.040000 16963.6405  26.1%   331  299s
* 2330  1618             291    22872.940000 16963.6405  25.8%   331  299s
  2365  1611 17075.7946   25  599 22872.9400 16963.6405  25.8%   329  303s
  2408  1610 17098.5945   29  506 22872.9400 16963.6405  25.8%   328  307s
  2421  1619 17130.6322   33  527 22872.9400 16963.6405  25.8%   331  311s
  2435  1633 17196.9381   35  531 22872.9400 16963.6405  25.8%   335  315s
  2453  1651 17220.6742   38  513 22872.9400 16963.6405  25.8%   337  320s
  2477  1654 17244.0264   50  435 22872.9400 16963.6405  25.8%   338  325s
  2499  1679 17312.0581   55  363 22872.9400 16963.6405  25.8%   342  334s
H 2518  1629                    22727.710000 16963.6405  25.4%   344  334s
  2521  1646 17382.0078   57  429 22727.7100 16963.6405  25.4%   344  338s
  2539  1659 17475.3028   61  472 22727.7100 16963.6405  25.4%   347  343s
H 2545  1612                    22655.200000 16963.6405  25.1%   348  343s
  2558  1630 17535.2173   63  447 22655.2000 16963.6405  25.1%   348  347s
  2580  1641 17617.3445   64  425 22655.2000 16963.6405  25.1%   351  352s
  2599  1657 17592.7221   68  387 22655.2000 16963.6405  25.1%   353  357s
  2621  1665 17695.7465   70  357 22655.2000 16963.6405  25.1%   355  367s
  2636  1684 17752.2894   72  434 22655.2000 16963.6405  25.1%   357  373s
  2660  1717 17835.9765   75  531 22655.2000 16963.6405  25.1%   359  379s
  2701  1758 17923.8112   76  466 22655.2000 16963.6405  25.1%   359  385s
  2756  1802 18061.4480   80  463 22655.2000 16963.6405  25.1%   357  392s
  2818  1853 18044.0314   84  316 22655.2000 16963.6405  25.1%   355  401s
  2890  1913 18185.0627   90  380 22655.2000 16963.6405  25.1%   352  410s
  2974  1902 18281.9790   95  438 22655.2000 16963.6405  25.1%   347  418s
H 2990  1823                    22359.730000 16963.6405  24.1%   348  418s
  2991  1976 18719.9192   99  377 22359.7300 16963.6405  24.1%   348  427s
  3145  2126 18584.9626  103  470 22359.7300 16963.6405  24.1%   336  435s
  3371  2148 18789.3343  107  398 22359.7300 16963.6405  24.1%   320  444s
  3417  2208 18775.9791  121  231 22359.7300 16963.6405  24.1%   320  451s
  3477  2260 18965.3503  133  289 22359.7300 16963.6405  24.1%   320  459s
  3529  2316 19129.4420  149  319 22359.7300 16963.6405  24.1%   320  467s
  3585  2380 19308.6730  167  322 22359.7300 16963.6405  24.1%   321  475s
  3649  2407 19515.7208  179  283 22359.7300 16963.6405  24.1%   321  484s
  3673  2407 17514.9954   59  502 22359.7300 16963.6405  24.1%   320  485s
  3676  2483 19786.2662  181  204 22359.7300 16963.6405  24.1%   321  494s
  3754  2625 20299.8818  193  125 22359.7300 16963.6405  24.1%   320  504s
  3871  2625 17627.9937   70  432 22359.7300 16963.6405  24.1%   316  505s
  3896  2810 20876.4516  224   92 22359.7300 16992.9805  24.0%   317  519s
  3947  2810 21015.2833  241   39 22359.7300 16992.9805  24.0%   314  534s
  4006  2810 21762.2761  255    4 22359.7300 16992.9805  24.0%   309  535s
* 4144  2808             281    22200.720000 17001.6423  23.4%   303  549s
* 4149  2766             278    22097.720000 17001.6423  23.1%   303  549s
  4175  2829 17368.1394   35  492 22097.7200 17001.6423  23.1%   305  558s
  4238  2927 18014.8803   56  402 22097.7200 17001.6423  23.1%   305  568s
  4336  3117 19328.7127  103  216 22097.7200 17003.8391  23.1%   304  581s
  4544  3326 17430.3054   27  543 22097.7200 17003.8391  23.1%   297  595s
  4753  3556 18459.1575   44  230 22097.7200 17023.4438  23.0%   291  610s
  5011  3637 17386.5293   33  630 22097.7200 17023.4438  23.0%   282  631s
  5128  3787 18272.9793   59  426 22097.7200 17040.7087  22.9%   280  646s
  5301  3812 infeasible  199      22097.7200 17040.7691  22.9%   277  659s
  5327  3853 17519.4934   32  480 22097.7200 17040.7691  22.9%   280  673s
  5368  3904 17576.5614   37  489 22097.7200 17040.7691  22.9%   282  685s
  5419  3923 18954.8234   53  266 22097.7200 17040.7691  22.9%   285  700s
  5438  4049 19143.7168   58  255 22097.7200 17040.7691  22.9%   285  730s
  5566  4236 20850.5959   97  175 22097.7200 17044.6375  22.9%   284  746s
  5788  4359 17302.5562   33  750 22097.7200 17044.6375  22.9%   280  765s
  5983  4411 17710.0129   48  481 22097.7200 17044.6375  22.9%   278  781s
  6035  4555 18371.7282   79  336 22097.7200 17070.6109  22.7%   280  798s
  6193  4659 17215.8270   39  590 22097.7200 17070.6109  22.7%   278  816s
  6313  4704 17730.9084   56  659 22097.7200 17070.6109  22.7%   277  832s
  6358  4904 18153.2266   79  575 22097.7200 17070.6109  22.7%   279  851s
  6574  4982 20052.9173  148  227 22097.7200 17075.1552  22.7%   276  871s
  6687  5017 17340.3662   26  578 22097.7200 17076.1616  22.7%   274  887s
  6722  5054 17465.0114   36  536 22097.7200 17076.1616  22.7%   277  907s
  6759  5090 17506.9024   45  554 22097.7200 17076.1616  22.7%   279  922s
  6795  5151 17758.9698   54  529 22097.7200 17076.1616  22.7%   282  938s
  6856  5221 18037.2933   68  425 22097.7200 17076.1616  22.7%   285  962s
  6926  5490 18489.4215   85  264 22097.7200 17076.1616  22.7%   286  982s
  7230  5503 21500.8000  187    - 22097.7200 17076.1616  22.7%   280  985s
  7239  5710 19141.9152  129  149 22097.7200 17078.5940  22.7%   280 1008s
  7454  5722 21950.1711  233   33 22097.7200 17078.5940  22.7%   274 1010s
  7509  5764 17281.9607   37  694 22097.7200 17090.6125  22.7%   277 1040s
  7548  5808 17531.5554   46  512 22097.7200 17090.6125  22.7%   279 1062s
H 7592  5818                    22031.720000 17090.6125  22.4%   282 1084s
H 7646  5889                    22006.720000 17090.6125  22.3%   285 1108s
  7734  6107 18571.6196   86  345 22006.7200 17090.6125  22.3%   287 1200s
  7952  6509 19457.6577  110  260 22006.7200 17090.6125  22.3%   286 1234s
  7988  6509 19651.5548  122  194 22006.7200 17090.6125  22.3%   286 1235s
  8387  6573 21639.0608  172   90 22006.7200 17091.2748  22.3%   280 1261s
* 8443  6529             183    21945.220000 17091.2748  22.1%   278 1262s
* 8489  6125             201    21580.730000 17095.6964  20.8%   279 1262s
  8517  6244     cutoff  181      21580.7300 17095.8777  20.8%   280 1286s
  8695  6355 17936.1802   53  548 21580.7300 17098.5945  20.8%   280 1310s
  8806  6534 19827.6854  109  259 21580.7300 17100.8891  20.8%   281 1336s
  9007  6674 17904.5824   59  471 21580.7300 17108.2626  20.7%   279 1362s
  9157  6834 17314.4703   27  518 21580.7300 17108.2626  20.7%   280 1388s
  9331  6938 19879.0234   79  130 21580.7300 17111.0164  20.7%   279 1414s
  9389  6939 21315.9688  134   56 21580.7300 17111.0164  20.7%   278 1415s
  9451  7056 17256.4839   36  494 21580.7300 17111.0164  20.7%   281 1444s
  9587  7172 17644.8952   46  396 21580.7300 17111.0164  20.7%   281 1469s
  9700  7172 21548.5601  134   15 21580.7300 17111.0164  20.7%   282 1470s
  9714  7231 17789.2848   55  405 21580.7300 17111.0164  20.7%   282 1493s
  9773  7336 18137.1092   65  334 21580.7300 17111.0164  20.7%   284 1518s
  9899  7468 18466.9572   71  356 21580.7300 17111.0164  20.7%   285 1544s
  9945  7468 18866.5649   93  213 21580.7300 17111.0164  20.7%   286 1545s
 10055  7681 19074.9641   95  106 21580.7300 17116.0275  20.7%   286 1574s
 10146  7681 19567.1381  135   48 21580.7300 17116.0275  20.7%   286 1575s
 10340  7838     cutoff  179      21580.7300 17116.7547  20.7%   284 1601s
 10494  7876 17647.3612   39  533 21580.7300 17118.1097  20.7%   284 1625s
 10532  8021 18068.6256   46  413 21580.7300 17118.1097  20.7%   286 1652s
 10677  8115 21531.1591   96  153 21580.7300 17118.1945  20.7%   287 1678s
 10801  8245 18222.0977   60  399 21580.7300 17118.2260  20.7%   287 1709s
 10889  8245 21317.0100  146   12 21580.7300 17118.2260  20.7%   286 1710s
 10948  8399 17316.1581   31  528 21580.7300 17118.2260  20.7%   287 1738s
 11117  8473 17798.3655   58  535 21580.7300 17119.0815  20.7%   286 1763s
 11209  8536 17142.6114   25  726 21580.7300 17119.0815  20.7%   287 1787s
 11272  8645 17409.0375   29  759 21580.7300 17119.0815  20.7%   289 1819s
 11326  8645 20357.2739  131  225 21580.7300 17119.0815  20.7%   290 1820s
 11395  8728 17578.7186   41  545 21580.7300 17119.0815  20.7%   290 1845s
 11478  8831 17661.5913   50  535 21580.7300 17119.0815  20.7%   291 1871s
H11574  8728                    21501.610000 17119.0815  20.4%   291 1872s
 11591  8914 18198.9624   63  280 21501.6100 17119.0815  20.4%   292 1899s
 11676  8914 18011.0744   50  370 21501.6100 17119.0815  20.4%   292 1900s
 11792  9097 18612.7640  108  192 21501.6100 17123.4417  20.4%   291 1934s
 11858  9097 18958.9838  132  115 21501.6100 17123.4417  20.4%   290 1935s
H11990  8989                    21429.110000 17123.4417  20.1%   288 1936s
 12005  9029 17291.6852   32  619 21429.1100 17123.4417  20.1%   289 1960s
H12036  8595                    21176.460000 17123.4417  19.1%   291 1960s
 12046  8789 18065.0010   51  410 21176.4600 17124.1739  19.1%   291 1987s
 12273  8834     cutoff  180      21176.4600 17124.2733  19.1%   290 2020s
 12321  8937 18276.1536   53  552 21176.4600 17124.4132  19.1%   293 2050s
 12446  8973 17320.6397   27  469 21176.4600 17124.9347  19.1%   294 2076s
 12482  9025 17652.5256   31  422 21176.4600 17124.9347  19.1%   296 2102s
H12517  8905                    21099.460000 17124.9347  18.8%   297 2102s
 12534  8961 17803.9169   42  440 21099.4600 17124.9347  18.8%   298 2130s
 12590  9057 18115.8588   51  361 21099.4600 17124.9347  18.8%   299 2158s
 12686  9194 18960.3288   69  308 21099.4600 17124.9347  18.8%   301 2192s
H12837  9230                    21050.460000 17124.9347  18.6%   301 2224s
H12984  8846                    20791.140000 17128.4640  17.6%   302 2254s
 13052  8846 19596.5204  119  165 20791.1400 17128.4640  17.6%   302 2255s
 13130  8905 17796.3547   51  470 20791.1400 17128.4640  17.6%   302 2284s
H13163  8671                    20665.020000 17128.4640  17.1%   302 2284s
 13192  8861 18248.9393   62  427 20665.0200 17128.4640  17.1%   303 2316s
 13407  8929 19364.3799   99  121 20665.0200 17131.5175  17.1%   302 2347s
H13481  8778                    20603.560000 17131.5175  16.9%   302 2347s
 13497  8822 17731.2012   37  699 20603.5600 17131.5175  16.9%   303 2376s
 13544  8896 18706.1014   64  503 20603.5600 17132.6864  16.8%   305 2410s
 13629  8958 17357.0236   31  584 20603.5600 17132.6864  16.8%   306 2441s
 13691  9105 18738.4167   63  178 20603.5600 17133.4415  16.8%   307 2473s
 13858  9251 17787.5139   47  480 20603.5600 17133.4415  16.8%   307 2504s
 13917  9251 19358.5876  106  267 20603.5600 17133.4415  16.8%   308 2505s
 14022  9342 19835.4337  126  137 20603.5600 17134.1258  16.8%   307 2534s
 14097  9342 17930.2397   43  578 20603.5600 17134.1258  16.8%   307 2535s
H14131  9435                    20603.160000 17134.1258  16.8%   307 2563s
 14256  9489 20245.2188  110  237 20603.1600 17134.2752  16.8%   308 2592s
H14324  9433                    20535.760000 17134.2752  16.6%   309 2625s
 14452  9552 18808.5997   73  430 20535.7600 17135.1893  16.6%   309 2657s
 14582  9603 17289.6687   35  618 20535.7600 17135.1893  16.6%   310 2688s
 14633  9703 17523.7563   45  462 20535.7600 17135.1893  16.6%   311 2719s
 14659  9703 18255.8364   58  425 20535.7600 17135.1893  16.6%   312 2720s
 14756  9808 17830.6117   59  417 20535.7600 17135.1893  16.6%   312 2751s
 14861 10063 18361.5971   99  225 20535.7600 17137.1779  16.5%   313 2786s
 15162 10211 17736.6062   35  437 20535.7600 17138.6036  16.5%   311 2825s
 15322 10286 17548.8024   28  701 20535.7600 17138.6036  16.5%   311 2858s
H15357 10279                    20534.080000 17138.6036  16.5%   312 2858s
H15397  9787                    20334.160000 17138.6036  15.7%   312 2891s
 15546  9863 17406.4695   28  581 20334.1600 17141.2729  15.7%   313 2923s
H15579  9861                    20331.960000 17141.2729  15.7%   313 2923s
 15625  9973 18351.5570   61  245 20331.9600 17141.6383  15.7%   314 2956s
H15759  9185                    20000.380000 17142.6114  14.3%   314 2992s
 15823  9291 18234.9483   67  503 20000.3800 17142.7569  14.3%   315 3025s
 15961  9372 17491.8933   35  560 20000.3800 17142.7569  14.3%   315 3057s
 16042  9493 19287.5790   87  182 20000.3800 17142.8978  14.3%   316 3089s
 16092  9493 infeasible  132      20000.3800 17142.8978  14.3%   316 3090s
 16189  9535 17517.0271   41  535 20000.3800 17144.0516  14.3%   317 3124s
 16231  9587 17661.7005   48  515 20000.3800 17144.0516  14.3%   319 3159s
 16283  9779 18044.4179   55  399 20000.3800 17144.0516  14.3%   320 3197s
 16477  9964 18816.7180  113   85 20000.3800 17145.6840  14.3%   321 3236s
 16719  9971 infeasible  182      20000.3800 17145.7822  14.3%   319 3458s
 16723 10093 17460.7007   31  548 20000.3800 17145.7822  14.3%   320 3496s
 16865 10168 19804.1535   87  278 20000.3800 17146.3945  14.3%   320 3534s
 16906 10168 17690.5824   49  605 20000.3800 17147.2692  14.3%   321 3535s
 16966 10278 18074.2726   57  543 20000.3800 17147.3205  14.3%   322 3572s
 17089 10354 18004.2975   38  481 20000.3800 17147.3205  14.3%   323 3600s

Cutting planes:
  User: 9044
  Gomory: 42
  Cover: 587
  Implied bound: 384
  Projected implied bound: 33
  Clique: 32
  MIR: 339
  Flow cover: 608
  GUB cover: 2
  Zero half: 35
  Network: 1
  RLT: 403
  Relax-and-lift: 23
  Lazy constraints: 1021

Explored 17165 nodes (5576603 simplex iterations) in 3600.71 seconds
Thread count was 2 (of 32 available processors)

Solution count 10: 20000.4 20332 20334.2 ... 21050.5

Time limit reached
Best objective 2.000038000000e+04, best bound 1.714732053539e+04, gap 14.2650%

User-callback calls 447907, time in user-callback 190.13 sec
================================================================================
executing instance: ./input/Instances/Original/6/absH6high_1n20.dat
--------------------------------------------------------------------------------
Instance details
n	21
H	6
C	1651
Li:
[0, 0, 0, 0, 0, 0, 0, 0, 0, 0, 0, 0, 0, 0, 0, 0, 0, 0, 0, 0, 0, ]
Ui:
[0, 36, 182, 182, 90, 261, 117, 30, 110, 42, 276, 153, 40, 94, 144, 46, 129, 213, 264, 160, 174, ]
Distance matrix:
|0	371	401	343	361	341	370	115	392	400	79	266	292	245	355	431	265	194	95	92	348	|
|371	0	37	141	110	250	117	438	67	131	372	305	115	238	247	255	235	296	392	430	185	|
|401	37	0	175	100	284	146	472	90	156	406	342	152	275	280	282	242	333	415	455	178	|
|343	141	175	0	239	110	38	374	95	60	314	182	67	130	106	127	318	201	397	423	303	|
|361	110	100	239	0	341	222	451	177	240	385	374	190	304	341	361	151	345	354	398	78	|
|341	250	284	110	341	0	143	337	203	151	289	102	152	97	15	95	394	156	415	431	398	|
|370	117	146	38	222	143	0	407	61	30	346	220	81	167	137	139	317	237	417	447	292	|
|115	438	472	374	451	337	407	0	443	434	66	241	339	251	351	431	374	181	201	177	450	|
|392	67	90	95	177	203	61	443	0	66	379	275	104	216	197	193	294	283	427	461	252	|
|400	131	156	60	240	151	30	434	66	0	374	237	112	189	142	127	344	261	448	477	312	|
|79	372	406	314	385	289	346	66	379	374	0	202	275	197	304	383	316	134	175	166	388	|
|266	305	342	182	374	102	220	241	275	237	202	0	191	70	117	196	386	73	352	359	415	|
|292	115	152	67	190	152	81	339	104	112	275	191	0	123	154	193	252	183	336	366	246	|
|245	238	275	130	304	97	167	251	216	189	197	70	123	0	110	187	322	72	319	334	346	|
|355	247	280	106	341	15	137	351	197	142	304	117	154	110	0	80	399	171	427	444	400	|
|431	255	282	127	361	95	139	431	193	127	383	196	193	187	80	0	444	251	499	519	429	|
|265	235	242	318	151	394	317	374	294	344	316	386	252	322	399	444	0	332	226	273	97	|
|194	296	333	201	345	156	237	181	283	261	134	73	183	72	171	251	332	0	279	286	375	|
|95	392	415	397	354	415	417	201	427	448	175	352	336	319	427	499	226	279	0	47	321	|
|92	430	455	423	398	431	447	177	461	477	166	359	366	334	444	519	273	286	47	0	368	|
|348	185	178	303	78	398	292	450	252	312	388	415	246	346	400	429	97	375	321	368	0	|

--------------------------------------------------------------------------------
Building model...
	using lazy and cut (CVRPSEP package)
Solving IRP LP...
--------------------------------------------------------------------------------

Gurobi 9.1.0 (linux64) logging started Wed Feb 17 07:56:31 2021

Gurobi Optimizer version 9.1.0 build v9.1.0rc0 (linux64)
Thread count: 32 physical cores, 32 logical processors, using up to 2 threads
Optimize a model with 2259 rows, 6171 columns and 23301 nonzeros
Model fingerprint: 0x9c508593
Variable types: 627 continuous, 5544 integer (504 binary)
Coefficient statistics:
  Matrix range     [1e+00, 4e+02]
  Objective range  [1e-01, 5e+02]
  Bounds range     [1e+00, 3e+02]
  RHS range        [1e+00, 3e+03]
Presolve removed 665 rows and 489 columns
Presolve time: 0.16s
Presolved: 1594 rows, 5682 columns, 17856 nonzeros
Variable types: 490 continuous, 5192 integer (4721 binary)

Root relaxation: objective 1.359179e+04, 2273 iterations, 0.09 seconds

    Nodes    |    Current Node    |     Objective Bounds      |     Work
 Expl Unexpl |  Obj  Depth IntInf | Incumbent    BestBd   Gap | It/Node Time

     0     0 13591.7907    0  219          - 13591.7907      -     -    0s
     0     0 13839.7945    0  206          - 13839.7945      -     -    0s
     0     0 13841.0002    0  207          - 13841.0002      -     -    0s
     0     0 13842.6253    0  207          - 13842.6253      -     -    0s
     0     0 13842.6253    0  207          - 13842.6253      -     -    0s
     0     0 14135.4010    0  313          - 14135.4010      -     -    1s
     0     0 14187.6224    0  349          - 14187.6224      -     -    1s
     0     0 14213.3596    0  300          - 14213.3596      -     -    1s
     0     0 14216.6965    0  308          - 14216.6965      -     -    1s
     0     0 14221.9516    0  312          - 14221.9516      -     -    1s
     0     0 14222.1877    0  306          - 14222.1877      -     -    1s
     0     0 14328.4861    0  273          - 14328.4861      -     -    2s
     0     0 14478.7619    0  376          - 14478.7619      -     -    3s
     0     0 14515.7899    0  322          - 14515.7899      -     -    3s
     0     0 14517.8465    0  352          - 14517.8465      -     -    3s
     0     0 14519.6823    0  370          - 14519.6823      -     -    3s
     0     0 14520.0450    0  343          - 14520.0450      -     -    3s
     0     0 14600.3468    0  440          - 14600.3468      -     -    4s
     0     0 14610.7654    0  394          - 14610.7654      -     -    4s
     0     0 14616.0485    0  460          - 14616.0485      -     -    4s
     0     0 14617.3155    0  494          - 14617.3155      -     -    4s
     0     0 14617.3197    0  496          - 14617.3197      -     -    4s
     0     0 14633.6089    0  463          - 14633.6089      -     -    5s
     0     0 14637.1809    0  442          - 14637.1809      -     -    5s
     0     0 14638.3203    0  414          - 14638.3203      -     -    5s
     0     0 14638.7754    0  451          - 14638.7754      -     -    5s
     0     0 14639.3054    0  447          - 14639.3054      -     -    5s
     0     0 14648.6412    0  377          - 14648.6412      -     -    6s
     0     2 14651.8127    0  457          - 14651.8127      -     -    8s
     9    12 14763.0467    3  320          - 14683.7930      -   728   10s
    43    46 14991.1482   12  371          - 14689.8349      -   698   15s
    90    96 15125.2808   26  429          - 14689.8349      -   609   20s
   167   179 15812.9951   44  311          - 14689.8349      -   498   25s
   308   350 17024.0625   78  256          - 14689.8349      -   353   30s
   593   650 19555.0819  163  123          - 14689.8349      -   222   35s
*  868   826             264    26384.450000 14718.8537  44.2%   166   38s
   887   836 15982.0417   53  377 26384.4500 14718.8537  44.2%   167   43s
   890   838 20480.3502  181  291 26384.4500 14718.8537  44.2%   167   45s
   905   848 26042.7952  256  589 26384.4500 14912.5661  43.5%   164   50s
H  916   811                    26339.130000 14960.0472  43.2%   162   55s
   929   820 20300.9350  170  606 26339.1300 14982.2656  43.1%   160   60s
   934   823 23506.3171  228  658 26339.1300 14983.6323  43.1%   159   65s
   936   828 15048.5565   12  451 26339.1300 14984.5123  43.1%   187   81s
   938   829 15053.8828   13  455 26339.1300 14999.1931  43.1%   187   86s
   944   833 15137.4320   14  378 26339.1300 15022.9695  43.0%   193   90s
   952   838 15249.1073   16  486 26339.1300 15022.9695  43.0%   210   95s
   963   848 15170.3259   19  446 26339.1300 15022.9695  43.0%   215  100s
   987   864 15446.5951   26  386 26339.1300 15022.9695  43.0%   230  105s
  1000   874 15479.3665   30  390 26339.1300 15022.9695  43.0%   238  110s
  1019   887 15427.7477   36  397 26339.1300 15022.9695  43.0%   245  115s
  1040   900 15541.4787   42  338 26339.1300 15022.9695  43.0%   256  120s
  1062   918 15611.9906   49  373 26339.1300 15022.9695  43.0%   263  125s
  1081   929 15784.2896   55  346 26339.1300 15022.9695  43.0%   269  130s
  1109   949 15889.7392   64  385 26339.1300 15022.9695  43.0%   279  135s
  1119   956 16596.3445   67  269 26339.1300 15022.9695  43.0%   285  140s
  1140   960 15098.0283   15  599 26339.1300 15023.1295  43.0%   291  146s
  1159   977 15186.1794   19  586 26339.1300 15023.1295  43.0%   300  152s
  1172   986 15416.1704   21  448 26339.1300 15023.1295  43.0%   303  155s
  1202  1006 15380.8807   27  457 26339.1300 15023.1295  43.0%   310  160s
  1219  1020 15553.7049   30  470 26339.1300 15023.1295  43.0%   315  166s
  1235  1031 15491.5700   34  418 26339.1300 15023.1295  43.0%   317  170s
  1264  1047 15584.6435   40  443 26339.1300 15023.1295  43.0%   325  177s
  1277  1061 15609.9259   43  487 26339.1300 15023.1295  43.0%   330  181s
  1295  1061 15678.1336   46  452 26339.1300 15023.1295  43.0%   337  185s
  1322  1091 15722.0568   51  416 26339.1300 15023.1295  43.0%   345  192s
  1340  1107 15736.3244   55  419 26339.1300 15023.1295  43.0%   347  196s
  1362  1124 15846.7370   60  402 26339.1300 15023.1295  43.0%   349  200s
  1386  1144 15802.4613   66  383 26339.1300 15023.1295  43.0%   349  205s
  1447  1182 15944.8074   80  420 26339.1300 15023.1295  43.0%   352  214s
  1473  1196 15966.8538   85  412 26339.1300 15023.1295  43.0%   352  225s
  1511  1228 17204.7579  156  326 26339.1300 15023.1295  43.0%   353  230s
  1582  1284 16181.4514  107  356 26339.1300 15023.1295  43.0%   353  239s
  1620  1330 16502.0118  115  309 26339.1300 15023.1295  43.0%   354  245s
  1678  1357 16542.0076  127  404 26339.1300 15023.1295  43.0%   352  250s
  1725  1377 16865.8884  136  307 26339.1300 15023.1295  43.0%   352  256s
  1760  1415 16752.3086  144  329 26339.1300 15023.1295  43.0%   355  262s
  1810  1450 16596.5266  158  356 26339.1300 15023.1295  43.0%   355  267s
  1862  1501 17038.2531  170  372 26339.1300 15023.1295  43.0%   356  273s
  1930  1551 17330.4516  183  281 26339.1300 15023.1295  43.0%   353  280s
  2005  1588 17656.4944  200  229 26339.1300 15023.1295  43.0%   350  287s
  2070  1567 infeasible  213      26339.1300 15108.7686  42.6%   349  295s
  2100  1573 15394.3785   17  524 26339.1300 15108.7973  42.6%   355  301s
  2116  1585 15225.4193   23  600 26339.1300 15108.7973  42.6%   361  309s
  2134  1606 15463.5552   25  578 26339.1300 15108.7973  42.6%   369  315s
  2161  1629 15556.7782   34  553 26339.1300 15108.7973  42.6%   374  322s
  2193  1637 15675.2743   40  558 26339.1300 15108.7973  42.6%   378  330s
  2211  1680 15676.6245   41  553 26339.1300 15108.7973  42.6%   380  341s
  2260  1719 15959.8666   55  397 26339.1300 15108.7973  42.6%   381  349s
  2316  1789 16099.5527   71  314 26339.1300 15108.7973  42.6%   380  357s
  2404  1857 16550.2842   90  322 26339.1300 15108.7973  42.6%   376  366s
  2502  1924 17052.7735  136  306 26339.1300 15108.7973  42.6%   368  375s
  2601  2015 17790.1947  155  304 26339.1300 15108.7973  42.6%   363  385s
  2725  2053 18301.2400  195  298 26339.1300 15108.7973  42.6%   355  396s
  2805  2165 18527.9309  210  309 26339.1300 15108.7973  42.6%   354  406s
  2945  2187 infeasible  227      26339.1300 15112.4621  42.6%   348  419s
  3028  2180 15314.1884   22  501 26339.1300 15112.4621  42.6%   346  429s
H 3051  2131                    26259.590000 15112.4621  42.4%   347  429s
  3067  2278 15504.8943   32  577 26259.5900 15112.4621  42.4%   349  442s
  3225  2330 15713.0089   43  444 26259.5900 15112.4621  42.4%   342  455s
* 3309  2312             229    24687.050000 15112.4621  38.8%   337  455s
  3371  2371 16051.5360   52  372 24687.0500 15112.4621  38.8%   335  467s
  3437  2434 16573.8970   67  307 24687.0500 15112.4621  38.8%   338  479s
  3501  2536 17659.8581   82  306 24687.0500 15112.4621  38.8%   340  492s
  3604  2761 17953.0985  130  270 24687.0500 15112.4621  38.8%   339  508s
  3738  2761 18660.1540  215  125 24687.0500 15112.4621  38.8%   330  510s
  3833  2824 19570.2656  249  124 24687.0500 15137.4320  38.7%   328  526s
  3916  2881 15526.5015   15  479 24687.0500 15137.4320  38.7%   327  542s
  3973  2883 16475.8452   46  345 24687.0500 15137.4320  38.7%   329  562s
  3975  3019 16701.8674   47  359 24687.0500 15137.4320  38.7%   329  576s
  4113  3293 19636.1233  143  201 24687.0500 15142.7519  38.7%   327  594s
  4189  3293 20692.0898  219  102 24687.0500 15142.7519  38.7%   322  595s
  4420  3607 15663.2418   20  458 24687.0500 15142.7519  38.7%   311  614s
  4727  3722 17034.6927   35  318 24687.0500 15142.7519  38.7%   301  632s
  4854  4037 20039.1232   62  142 24687.0500 15149.7939  38.6%   301  651s
  5224  4099     cutoff  117      24687.0500 15155.0332  38.6%   286  669s
* 5257  4095             232    24439.260000 15165.7664  37.9%   287  669s
H 5285  4347                    24298.000000 15165.7664  37.6%   289  686s
  5617  4381 infeasible  176      24298.0000 15184.3056  37.5%   279  705s
  5652  4558 16181.9029   33  383 24298.0000 15186.1794  37.5%   283  722s
  5829  4886 20431.5626  130  211 24298.0000 15186.5613  37.5%   280  744s
  5943  4886 22930.2797  244   63 24298.0000 15186.5613  37.5%   276  745s
* 6189  4852             289    23912.900000 15189.9773  36.5%   267  746s
* 6192  4852             288    23912.060000 15189.9773  36.5%   267  746s
  6215  4891     cutoff  280      23912.0600 15195.4582  36.5%   268  762s
* 6239  4890             288    23835.390000 15195.8666  36.2%   269  763s
