




arguments: ./build/bc_mirp -f ./input/orig_exec_218.cfg
Current dir: /scratch/gui/bc_mirp
File verbosity level: 9
date       time         ( uptime  ) [ thread name/id ]                   file:line     v| 
2021-02-14 09:31:24.216 (   0.810s) [main thread     ]             loguru.cpp:789   INFO| Logging to './output/vi_vc+hc1_full/OU/V4/Original/execution_14_02_2021_09_31_23.log', mode: 'a', verbosity: 9
--------------------------------------------------------------------------------
Parameters
                           instance_path           ./input/Instances/Original/5/
                            model_policy                                       1
                             nb_vehicles                                       4
                              output_dir ./output/vi_vc+hc1_full/OU/V4/Original/
                            sec_strategy                                       1
                       solver_nb_threads                                       2
                         solver_show_log                                    true
                       solver_time_limit                                    3600
                              use_vi_cos                                   false
                              use_vi_cus                                   false
                         use_vi_hc1_full                                    true
                         use_vi_hc1_half                                   false
                      use_vi_hc1_quarter                                   false
                              use_vi_hc2                                   false
                              use_vi_hc3                                   false
                         use_vi_lex_full                                   false
                         use_vi_lex_half                                   false
                      use_vi_lex_quarter                                   false
                              use_vi_qua                                   false
                               use_vi_vc                                    true
                               use_vi_vr                                   false
--------------------------------------------------------------------------------
executing instance: ./input/Instances/Original/5/absH3low_4n50.dat
--------------------------------------------------------------------------------
Instance details
n	51
H	3
C	4066
Li:
[0, 0, 0, 0, 0, 0, 0, 0, 0, 0, 0, 0, 0, 0, 0, 0, 0, 0, 0, 0, 0, 0, 0, 0, 0, 0, 0, 0, 0, 0, 0, 0, 0, 0, 0, 0, 0, 0, 0, 0, 0, 0, 0, 0, 0, 0, 0, 0, 0, 0, 0, ]
Ui:
[0, 108, 126, 122, 66, 120, 48, 30, 128, 54, 158, 198, 36, 66, 210, 234, 147, 297, 171, 128, 116, 120, 219, 70, 294, 207, 134, 128, 234, 122, 22, 183, 195, 255, 132, 124, 66, 189, 219, 66, 128, 102, 288, 66, 87, 136, 36, 39, 282, 36, 237, ]
Distance matrix:
|0	210	444	498	509	104	438	228	487	304	456	434	526	476	163	47	293	396	293	290	313	85	280	437	293	336	409	106	449	376	433	478	193	404	404	534	278	181	380	507	189	438	263	473	353	216	202	218	452	254	465	|
|210	0	299	507	359	106	345	409	358	411	320	402	555	448	136	200	289	264	306	427	141	222	83	348	264	320	283	303	380	208	258	357	170	348	475	542	243	347	355	379	65	479	172	373	355	251	112	229	402	210	300	|
|444	299	0	363	65	358	116	542	66	440	26	241	425	272	282	407	251	51	276	490	159	397	224	124	217	237	48	490	170	99	83	74	261	180	430	385	214	479	231	85	270	390	184	116	271	300	409	276	210	215	54	|
|498	507	363	0	385	482	246	424	326	254	343	123	63	93	388	452	221	337	211	314	428	414	480	239	243	187	324	463	194	418	438	307	346	188	156	36	264	392	156	326	444	87	340	258	154	286	603	294	153	297	417	|
|509	359	65	385	0	422	145	602	59	492	59	269	448	292	348	472	305	115	329	545	218	462	281	152	274	286	106	554	192	153	116	78	326	216	472	403	274	540	271	63	334	425	249	127	316	361	468	337	233	278	69	|
|104	106	358	482	422	0	372	309	408	337	374	396	521	441	98	96	262	314	271	342	215	124	177	373	249	302	329	198	394	281	337	402	139	353	419	518	230	250	343	428	90	437	188	405	328	200	134	188	406	199	372	|
|438	345	116	246	145	372	0	485	87	357	97	126	309	155	279	394	180	101	200	414	223	373	288	8	157	150	84	459	53	188	196	68	245	72	328	269	165	427	128	97	297	280	184	36	175	250	456	233	94	184	170	|
|228	409	542	424	602	309	485	0	561	170	544	419	424	446	298	214	305	491	286	115	462	187	457	480	331	339	496	124	470	510	565	545	295	424	279	454	329	66	376	576	363	340	370	520	330	242	429	266	453	328	581	|
|487	358	66	326	59	408	87	561	0	441	40	211	389	233	324	446	258	95	281	497	220	431	287	95	230	234	79	522	133	164	146	19	297	160	415	344	233	500	215	21	323	367	224	68	261	320	470	299	174	242	106	|
|304	411	440	254	492	337	357	170	441	0	434	266	255	286	275	266	189	392	164	63	408	225	428	351	224	207	392	234	330	438	484	424	250	287	112	284	232	149	233	453	349	170	302	389	185	168	471	195	305	248	487	|
|456	320	26	343	59	374	97	544	40	434	0	223	406	252	294	418	247	60	271	487	181	405	247	105	215	229	49	498	149	124	109	48	270	165	419	364	215	482	218	60	288	375	194	92	261	302	431	279	190	220	75	|
|434	402	241	123	269	396	126	419	211	266	223	0	185	46	298	387	140	213	145	328	310	355	366	118	147	97	201	425	78	295	315	191	256	65	211	151	166	371	53	215	343	157	231	145	90	220	505	217	41	198	295	|
|526	555	425	63	448	521	309	424	389	255	406	185	0	156	430	481	266	398	252	310	485	442	534	301	293	237	386	480	257	478	500	370	390	249	145	55	313	401	212	389	491	89	392	321	201	322	646	334	216	345	479	|
|476	448	272	93	292	441	155	446	233	286	252	46	156	0	343	429	183	250	184	348	353	396	411	148	192	140	236	461	102	334	350	214	302	106	214	113	212	402	98	233	389	151	277	165	125	261	551	260	62	244	325	|
|163	136	282	388	348	98	279	298	324	275	294	298	430	343	0	124	167	234	178	296	167	121	162	279	151	205	247	216	297	224	280	316	42	256	340	423	132	232	246	344	74	349	100	314	233	115	216	97	308	101	307	|
|47	200	407	452	472	96	394	214	446	266	418	387	481	429	124	0	246	358	245	259	284	41	261	392	247	289	370	103	403	345	402	436	150	358	361	488	232	158	333	466	165	393	223	430	306	168	217	171	406	210	431	|
|293	289	251	221	305	262	180	305	258	189	247	140	266	183	167	246	0	204	26	240	238	215	276	175	37	43	203	289	169	255	297	242	125	122	202	257	52	248	87	272	225	191	134	215	67	80	382	77	163	81	298	|
|396	264	51	337	115	314	101	491	95	392	60	213	398	250	234	358	204	0	229	442	130	347	196	108	169	194	19	440	152	87	102	93	211	149	390	363	165	428	194	116	228	355	134	117	230	250	376	225	189	164	95	|
|293	306	276	211	329	271	200	286	281	164	271	145	252	184	178	245	26	229	0	216	262	212	297	195	63	53	228	280	184	280	323	264	138	137	178	248	76	232	95	294	241	173	156	234	60	77	395	83	172	102	324	|
|290	427	490	314	545	342	414	115	497	63	487	328	310	348	296	259	240	442	216	0	443	220	456	408	273	264	443	204	390	479	529	480	278	346	165	343	278	115	293	509	369	229	340	447	244	202	473	230	366	288	536	|
|313	141	159	428	218	215	223	462	220	408	181	310	485	353	167	284	238	130	262	443	0	288	67	228	202	252	149	382	267	67	122	221	168	247	440	459	186	396	273	241	125	423	107	245	291	242	251	214	297	162	160	|
|85	222	397	414	462	124	373	187	431	225	405	355	442	396	121	41	215	347	212	220	288	0	273	371	221	258	357	95	378	344	401	420	136	331	321	450	208	126	302	450	177	353	213	409	272	136	253	143	377	190	426	|
|280	83	224	480	281	177	288	457	287	428	247	366	534	411	162	261	276	196	297	456	67	273	0	292	243	298	215	363	329	128	176	288	179	305	475	513	224	392	324	307	96	466	143	311	335	261	187	235	357	195	219	|
|437	348	124	239	152	373	8	480	95	351	105	118	301	148	279	392	175	108	195	408	228	371	292	0	154	144	91	456	46	194	203	76	244	65	320	261	163	423	121	103	299	273	185	40	168	247	459	230	86	183	178	|
|293	264	217	243	274	249	157	331	230	224	215	147	293	192	151	247	37	169	63	273	202	221	243	154	0	57	170	303	157	217	260	215	110	111	238	278	21	271	94	245	201	223	100	193	92	93	362	78	160	54	263	|
|336	320	237	187	286	302	150	339	234	207	229	97	237	140	205	289	43	194	53	264	252	258	298	144	57	0	190	331	131	257	294	216	163	84	197	221	77	285	44	246	258	172	155	183	39	123	418	119	120	110	288	|
|409	283	48	324	106	329	84	496	79	392	49	201	386	236	247	370	203	19	228	443	149	357	215	91	170	190	0	449	136	105	114	75	221	138	384	349	168	434	185	99	245	346	146	98	224	255	394	231	174	171	99	|
|106	303	490	463	554	198	459	124	522	234	498	425	480	461	216	103	289	440	280	204	382	95	363	456	303	331	449	0	458	439	496	510	229	410	344	498	293	89	374	540	267	391	307	495	336	211	308	226	451	280	520	|
|449	380	170	194	192	394	53	470	133	330	149	78	257	102	297	403	169	152	184	390	267	378	329	46	157	131	136	458	0	238	249	114	259	47	287	216	171	416	96	137	327	235	211	67	145	247	488	235	41	197	223	|
|376	208	99	418	153	281	188	510	164	438	124	295	478	334	224	345	255	87	280	479	67	344	128	194	217	257	105	439	238	0	57	169	216	230	453	445	206	445	268	184	191	427	141	202	296	278	315	250	274	191	92	|
|433	258	83	438	116	337	196	565	146	484	109	315	500	350	280	402	297	102	323	529	122	401	176	203	260	294	114	496	249	57	0	157	271	252	490	463	251	499	296	162	247	457	195	199	331	329	362	302	288	241	47	|
|478	357	74	307	78	402	68	545	19	424	48	191	370	214	316	436	242	93	264	480	221	420	288	76	215	216	75	510	114	169	157	0	287	141	396	325	219	485	196	31	319	347	216	49	243	306	469	286	154	230	120	|
|193	170	261	346	326	139	245	295	297	250	270	256	390	302	42	150	125	211	138	278	168	136	179	244	110	163	221	229	259	216	271	287	0	216	305	382	91	229	204	316	105	310	78	280	192	83	257	60	268	62	292	|
|404	348	180	188	216	353	72	424	160	287	165	65	249	106	256	358	122	149	137	346	247	331	305	65	111	84	138	410	47	230	252	141	216	0	255	215	126	369	56	168	292	210	177	102	103	200	454	189	54	155	234	|
|404	475	430	156	472	419	328	279	415	112	419	211	145	214	340	361	202	390	178	165	440	321	475	320	238	197	384	344	287	453	490	396	305	255	0	181	254	261	201	422	410	69	335	353	160	225	551	246	252	280	482	|
|534	542	385	36	403	518	269	454	344	284	364	151	55	113	423	488	257	363	248	343	459	450	513	261	278	221	349	498	216	445	463	325	382	215	181	0	298	425	189	342	479	115	373	276	190	323	638	330	175	332	439	|
|278	243	214	264	274	230	165	329	233	232	215	166	313	212	132	232	52	165	76	278	186	208	224	163	21	77	168	293	171	206	251	219	91	126	254	298	0	267	114	250	181	242	82	202	112	88	341	68	177	33	258	|
|181	347	479	392	540	250	427	66	500	149	482	371	401	402	232	158	248	428	232	115	396	126	392	423	271	285	434	89	416	445	499	485	229	369	261	425	267	0	325	516	298	313	305	463	281	180	375	203	403	264	516	|
|380	355	231	156	271	343	128	376	215	233	218	53	212	98	246	333	87	194	95	293	273	302	324	121	94	44	185	374	96	268	296	196	204	56	201	189	114	325	0	224	294	161	185	157	49	167	455	163	78	147	284	|
|507	379	85	326	63	428	97	576	21	453	60	215	389	233	344	466	272	116	294	509	241	450	307	103	245	246	99	540	137	184	162	31	316	168	422	342	250	516	224	0	344	371	244	70	271	337	490	317	176	261	120	|
|189	65	270	444	334	90	297	363	323	349	288	343	491	389	74	165	225	228	241	369	125	177	96	299	201	258	245	267	327	191	247	319	105	292	410	479	181	298	294	344	0	414	116	328	291	187	163	165	345	147	282	|
|438	479	390	87	425	437	280	340	367	170	375	157	89	151	349	393	191	355	173	229	423	353	466	273	223	172	346	391	235	427	457	347	310	210	69	115	242	313	161	371	414	0	323	301	133	238	565	253	197	273	444	|
|263	172	184	340	249	188	184	370	224	302	194	231	392	277	100	223	134	134	156	340	107	213	143	185	100	155	146	307	211	141	195	216	78	177	335	373	82	305	185	244	116	323	0	217	192	138	278	110	230	55	214	|
|473	373	116	258	127	405	36	520	68	389	92	145	321	165	314	430	215	117	234	447	245	409	311	40	193	183	98	495	67	202	199	49	280	102	353	276	202	463	157	70	328	301	217	0	205	286	485	269	106	220	167	|
|353	355	271	154	316	328	175	330	261	185	261	90	201	125	233	306	67	230	60	244	291	272	335	168	92	39	224	336	145	296	331	243	192	103	160	190	112	281	49	271	291	133	192	205	0	138	449	141	123	145	323	|
|216	251	300	286	361	200	250	242	320	168	302	220	322	261	115	168	80	250	77	202	242	136	261	247	93	123	255	211	247	278	329	306	83	200	225	323	88	180	167	337	187	238	138	286	138	0	328	28	243	88	340	|
|202	112	409	603	468	134	456	429	470	471	431	505	646	551	216	217	382	376	395	473	251	253	187	459	362	418	394	308	488	315	362	469	257	454	551	638	341	375	455	490	163	565	278	485	449	328	0	313	508	308	406	|
|218	229	276	294	337	188	233	266	299	195	279	217	334	260	97	171	77	225	83	230	214	143	235	230	78	119	231	226	235	250	302	286	60	189	246	330	68	203	163	317	165	253	110	269	141	28	313	0	235	61	315	|
|452	402	210	153	233	406	94	453	174	305	190	41	216	62	308	406	163	189	172	366	297	377	357	86	160	120	174	451	41	274	288	154	268	54	252	175	177	403	78	176	345	197	230	106	123	243	508	235	0	207	264	|
|254	210	215	297	278	199	184	328	242	248	220	198	345	244	101	210	81	164	102	288	162	190	195	183	54	110	171	280	197	191	241	230	62	155	280	332	33	264	147	261	147	273	55	220	145	88	308	61	207	0	253	|
|465	300	54	417	69	372	170	581	106	487	75	295	479	325	307	431	298	95	324	536	160	426	219	178	263	288	99	520	223	92	47	120	292	234	482	439	258	516	284	120	282	444	214	167	323	340	406	315	264	253	0	|

--------------------------------------------------------------------------------
Building model...
	using lazy and cut (CVRPSEP package)
Solving IRP LP...
--------------------------------------------------------------------------------

Gurobi 9.1.0 (linux64) logging started Sun Feb 14 09:31:24 2021

Gurobi Optimizer version 9.1.0 build v9.1.0rc0 (linux64)
Thread count: 32 physical cores, 32 logical processors, using up to 2 threads
Optimize a model with 2340 rows, 16716 columns and 49377 nonzeros
Model fingerprint: 0x5685cf18
Variable types: 804 continuous, 15912 integer (612 binary)
Coefficient statistics:
  Matrix range     [1e+00, 1e+03]
  Objective range  [1e-02, 6e+02]
  Bounds range     [1e+00, 3e+02]
  RHS range        [1e+00, 7e+03]
Presolve removed 546 rows and 1163 columns
Presolve time: 0.20s
Presolved: 1794 rows, 15553 columns, 43583 nonzeros
Variable types: 489 continuous, 15064 integer (14447 binary)

Root relaxation: objective 3.484096e+03, 1636 iterations, 0.08 seconds

    Nodes    |    Current Node    |     Objective Bounds      |     Work
 Expl Unexpl |  Obj  Depth IntInf | Incumbent    BestBd   Gap | It/Node Time

     0     0 3484.09562    0  176          - 3484.09562      -     -    0s
     0     0 3747.70874    0  155          - 3747.70874      -     -    1s
     0     0 4420.51138    0  280          - 4420.51138      -     -    2s
     0     0 4462.72623    0  297          - 4462.72623      -     -    2s
     0     0 4466.40872    0  291          - 4466.40872      -     -    2s
     0     0 4466.64577    0  305          - 4466.64577      -     -    2s
     0     0 4626.34253    0  370          - 4626.34253      -     -    3s
     0     0 4660.08979    0  324          - 4660.08979      -     -    4s
     0     0 4665.40835    0  343          - 4665.40835      -     -    4s
     0     0 4665.85196    0  356          - 4665.85196      -     -    4s
     0     0 4762.83828    0  458          - 4762.83828      -     -    5s
     0     0 4784.35607    0  433          - 4784.35607      -     -    6s
     0     0 4795.95915    0  524          - 4795.95915      -     -    6s
     0     0 4798.84565    0  543          - 4798.84565      -     -    6s
     0     0 4806.27881    0  526          - 4806.27881      -     -    7s
     0     0 4817.89005    0  541          - 4817.89005      -     -    7s
     0     0 4820.26529    0  532          - 4820.26529      -     -    7s
     0     0 4820.98893    0  558          - 4820.98893      -     -    7s
     0     0 4848.19459    0  601          - 4848.19459      -     -    8s
     0     0 4861.00859    0  630          - 4861.00859      -     -    9s
     0     0 4865.66381    0  602          - 4865.66381      -     -    9s
     0     0 4866.97185    0  616          - 4866.97185      -     -    9s
     0     0 4875.60210    0  465          - 4875.60210      -     -   10s
     0     0 4876.47980    0  497          - 4876.47980      -     -   10s
     0     0 4881.86636    0  494          - 4881.86636      -     -   11s
     0     0 4881.86636    0  494          - 4881.86636      -     -   11s
     0     2 4883.01938    0  595          - 4883.01938      -     -   14s
     1     4 4893.57095    1  603          - 4883.11438      -   433   15s
    34    38 4952.04975   10  425          - 4901.13877      -   501   20s
    63    68 5051.86230   15  436          - 4901.13877      -   511   25s
   100   103 5270.34725   24  453          - 4901.13877      -   506   30s
   143   155 5596.94046   36  379          - 4901.13877      -   492   35s
   223   250 5768.47493   57  318          - 4901.13877      -   391   40s
   404   450 6105.30857   94  230          - 4901.13877      -   264   45s
   640   701 6417.07937  120  232          - 4901.13877      -   186   50s
   810   801 6530.15386  135  238          - 4901.13877      -   155   55s
   885   837 13171.0800  394  170          - 4901.13877      -   148   60s
   889   840 5094.64962   18  562          - 4901.13877      -   147   65s
   898   846 6066.83484   59  668          - 4928.17751      -   146   70s
   903   849 6658.55618  141  526          - 4945.47551      -   145   75s
   913   856 5085.21548   17  739          - 4963.19854      -   144   80s
   917   859 6993.54753  138  687          - 4967.07475      -   143   87s
   921   861 6127.99408   97  660          - 4968.43419      -   142   90s
   925   864 6877.69830  114  731          - 4969.26005      -   142   97s
   931   868 4988.07074   11  676          - 4974.76066      -   141  101s
   936   871 6463.18312   85  683          - 4975.15799      -   140  106s
   942   876 5459.58598   24  220          - 4975.15844      -   159  110s
   948   880 6010.00365   83  690          - 4975.15844      -   158  115s
   955   885 6481.66076  133  587          - 4975.88094      -   157  120s
   963   890 8806.20190  223  734          - 4983.45813      -   156  125s
   967   893 8801.46566  224  730          - 4985.90354      -   155  130s
   975   898 10393.5011  320  618          - 4986.91916      -   154  136s
   978   900 6966.28079  135  640          - 4987.01631      -   153  144s
   979   904 4995.13848   24  639          - 4987.12225      -   169  145s
   989   913 5021.09066   27  677          - 5021.09066      -   177  152s
   999   918 5027.72580   30  592          - 5022.95520      -   186  155s
  1015   928 5091.26538   33  659          - 5037.85739      -   196  160s
  1032   942 5066.12242   38  656          - 5037.85739      -   204  166s
  1048   951 5084.93150   42  535          - 5037.85739      -   211  170s
  1072   969 5153.09191   47  401          - 5037.85739      -   222  176s
  1091   985 5103.86849   53  389          - 5037.85739      -   229  180s
  1120  1004 5144.44729   60  604          - 5037.85739      -   239  185s
  1145  1027 5230.49707   64  589          - 5037.85739      -   247  190s
  1201  1076 5223.81918   74  378          - 5037.85739      -   251  196s
  1248  1104 5302.19319   86  243          - 5037.85739      -   252  200s
  1328  1170 5436.12646  104  275          - 5037.85739      -   251  206s
  1390  1211 5575.84478  117  320          - 5037.85739      -   250  210s
  1460  1266 5821.88883  132  230          - 5037.85739      -   248  215s
  1546  1323 5785.27477  152  271          - 5037.85739      -   245  220s
  1643  1413 5921.97807  175  210          - 5037.85739      -   240  226s
  1778  1488 6761.34154  224   26          - 5037.85739      -   230  230s
  1923  1595 8016.15397  238   40          - 5044.02100      -   220  237s
  2086  1595 5169.73396   27  573          - 5044.02100      -   207  268s
  2134  1599 5221.82182   28  512          - 5044.02100      -   205  271s
  2147  1615 5277.89447   32  428          - 5044.02100      -   207  276s
  2168  1629 5313.83899   38  364          - 5044.02100      -   209  281s
  2193  1647 5358.77614   45  254          - 5044.02100      -   211  287s
  2219  1668 5428.17078   47  331          - 5044.02100      -   214  292s
  2235  1684 5471.90868   51  293          - 5044.02100      -   215  295s
  2277  1716 5516.26642   66  270          - 5044.02100      -   216  301s
  2303  1734 5586.80842   71  261          - 5044.02100      -   217  317s
  2329  1767 5808.19099   77  193          - 5044.02100      -   218  320s
  2414  1873 6140.05856   95  113          - 5044.02100      -   217  328s
  2505  1945 6563.73521  118  102          - 5044.02100      -   213  334s
  2572  1923 6719.09346  142   77          - 5044.02100      -   209  335s
  2608  2029 7287.71640  149   81          - 5044.02100      -   209  340s
  2730  2035 7889.24493  173   46          - 5047.50265      -   203  346s
  2815  2024 5264.14935   32  623          - 5047.50265      -   201  351s
  2829  2038 5284.91733   35  405          - 5047.50265      -   202  356s
  2848  2049 5368.46834   37  420          - 5047.50265      -   203  360s
  2891  2084 5364.56866   41  531          - 5047.50265      -   206  369s
  2914  2125 5445.58916   42  333          - 5047.50265      -   208  379s
  2963  2209 5358.15596   46  436          - 5047.50265      -   207  385s
  3063  2211 5418.57153   49  522          - 5047.50265      -   204  394s
  3131  2199 5394.19750   51  501          - 5047.50265      -   203  400s
  3152  2213 5455.93522   54  545          - 5047.50265      -   206  409s
  3162  2222 5444.92143   58  612          - 5047.50265      -   208  414s
  3175  2233 5484.48430   59  407          - 5047.50265      -   210  419s
  3190  2246 5499.62764   65  303          - 5047.50265      -   211  425s
  3208  2261 5602.52766   69  249          - 5047.50265      -   213  430s
  3229  2268 5673.22144   73  242          - 5047.50265      -   214  435s
  3243  2281 5758.95521   74  274          - 5047.50265      -   216  440s
  3261  2291 5818.84902   76  258          - 5047.50265      -   218  446s
  3277  2312 5861.01474   80  305          - 5047.50265      -   220  451s
  3303  2328 6012.65409   85  209          - 5047.50265      -   221  457s
  3328  2351 6078.47267   90  197          - 5047.50265      -   223  463s
  3359  2396 6062.85464   98  145          - 5047.50265      -   224  469s
  3385  2387 6142.30340  105  136          - 5047.50265      -   224  470s
  3414  2429 6286.21698  107  157          - 5047.50265      -   224  475s
  3466  2561 6331.86130  116   88          - 5047.50265      -   224  483s
  3531  2539 6468.09711  134   85          - 5047.50265      -   222  485s
  3615  2632 6851.83356  140   50          - 5047.50265      -   219  493s
  3736  2752 7286.98086  164  122          - 5054.31773      -   217  504s
  3749  2752 7310.74817  169   48          - 5054.31773      -   217  505s
  3925  2794 5173.13183   28  705          - 5054.31773      -   212  516s
  3947  2946 5236.21287   32  621          - 5054.31773      -   212  527s
  4099  3109 5262.49430   34  601          - 5054.31773      -   207  541s
  4296  3129 5346.77541   36  568          - 5054.31773      -   201  554s
  4311  3146 5288.61432   38  513          - 5054.31773      -   202  562s
  4328  3162 5373.97345   41  309          - 5054.31773      -   204  570s
  4344  3180 5405.07344   43  308          - 5054.31773      -   206  578s
  4362  3196 5450.91426   46  220          - 5054.31773      -   207  587s
  4378  3228 5545.00419   48  259          - 5054.31773      -   209  600s
  4410  3283 5575.24419   60  203          - 5054.31773      -   210  609s
  4465  3375 5784.66348   83  158          - 5054.31773      -   211  619s
  4504  3375 5907.58434  100   56          - 5054.31773      -   210  620s
  4557  3495 6400.46649  115   71          - 5054.31773      -   210  631s
  4623  3495 6665.21508  136   29          - 5054.31773      -   209  660s
  4689  3531 6784.62834  138   40          - 5056.24027      -   208  672s
  4755  3577 5232.28698   32  544          - 5056.24027      -   208  684s
  4785  3670 5312.73941   38  405          - 5056.24027      -   210  695s
  4878  3757 5435.53666   41  416          - 5056.24027      -   209  709s
  4985  3838 5373.25975   45  442          - 5056.24027      -   207  724s
  5031  3843 7213.91970  148   38          - 5056.24027      -   207  725s
  5102  3890 5427.77435   48  376          - 5056.24027      -   205  736s
  5137  3938 5500.29784   54  277          - 5056.24027      -   206  747s
  5185  3993 5720.48283   66  166          - 5056.24027      -   207  760s
  5240  4111 5967.04405   84  168          - 5056.24027      -   208  774s
  5292  4111 6092.79532  107  108          - 5056.24027      -   208  775s
  5358  4336 6136.39470  115   16          - 5063.88980      -   207  791s
  5637  4356 5117.11166   29  383          - 5063.88980      -   201  809s
  5679  4398 5233.51092   36  284          - 5063.88980      -   203  825s
  5703  4427 5314.60766   43  222          - 5063.88980      -   205  837s
  5732  4472 5364.34079   52  334          - 5063.88980      -   207  851s
  5777  4526 5544.02392   62  134          - 5063.88980      -   209  864s
  5803  4526 5568.52250   74   75          - 5063.88980      -   209  865s
  5831  4655 5641.66819   75  133          - 5063.88980      -   210  879s
  5857  4655 5684.87047   88   86          - 5063.88980      -   210  880s
  5980  4810 5878.46373   89  168          - 5063.88980      -   210  896s
  6143  4944 6273.99154  121   53          - 5067.90433      -   209  915s
  6377  5000 5170.16475   30  623          - 5067.90736      -   206  933s
  6395  5019 5244.02926   34  490          - 5067.90736      -   208  947s
  6414  5040 5361.24680   39  377          - 5067.90736      -   210  961s
  6435  5068 5340.06142   44  478          - 5067.90736      -   212  976s
  6463  5092 5517.70056   48  354          - 5067.90736      -   214  991s
  6487  5129 5509.88374   55  367          - 5067.90736      -   215 1008s
  6524  5187 5599.40519   63  278          - 5067.90736      -   217 1026s
  6582  5264 5733.87633   78  254          - 5067.90736      -   218 1043s
  6659  5397 5961.20773  106  187          - 5067.90736      -   219 1061s
  6794  5458 6499.62755  145   51          - 5071.94573      -   219 1084s
  6879  5573 5313.69772   44  319          - 5071.94573      -   219 1103s
  6994  5656 5352.65579   49  275          - 5071.94573      -   218 1126s
  7109  5704 5486.32906   59  384          - 5071.94573      -   218 1147s
  7141  5753 5543.27950   63  276          - 5071.94573      -   220 1169s
  7190  5820 5656.20610   70  222          - 5071.94573      -   222 1189s
  7203  5820 5697.26294   76  333          - 5071.94573      -   222 1190s
  7257  6088 5710.57871   77  129          - 5072.55840      -   223 1227s
  7402  6097 6420.09000  138    5          - 5072.55840      -   222 1230s
  7610  6180 5195.04908   30  611          - 5072.74232      -   219 1258s
  7662  6238 5431.84404   42  321          - 5072.74232      -   222 1282s
  7720  6337 5511.80324   58  133          - 5072.74232      -   224 1307s
  7819  6536 5870.31452   82   98          - 5072.74232      -   226 1337s
  7992  6543 5937.56908   80  209          - 5072.74232      -   225 1340s
  8034  6845 6293.33978  104  148          - 5084.93532      -   226 1372s
  8238  6865 6561.02031  125   41          - 5084.96999      -   224 1375s
  8474  6953 5434.69181   40  472          - 5084.96999      -   220 1402s
  8516  7003 5562.44696   52  237          - 5084.96999      -   222 1432s
  8566  7083 5672.07394   59  230          - 5084.96999      -   224 1456s
  8646  7409 5842.70019   74  133          - 5084.96999      -   226 1489s
  8659  7409 5928.30073   79   69          - 5084.96999      -   226 1490s
  9083  7598 6435.39347  116  123          - 5087.74196      -   220 1522s
  9288  7760 5418.10738   44  496          - 5087.74196      -   220 1552s
  9469  7776 7426.92000  151    -          - 5087.74196      -   220 1555s
  9487  7846 5594.33783   53  279          - 5087.74196      -   220 1580s
  9547  7934 5771.03568   74  238          - 5087.74196      -   222 1606s
  9635  8112 6050.23449   94  164          - 5091.27632      -   223 1636s
  9858  8143 5928.76407   69  413          - 5091.27632      -   222 1640s
  9875  8279 5343.70491   37  640          - 5091.27632      -   222 1666s
 10011  8447 5660.86611   50  537          - 5091.27632      -   222 1697s
 10209  8465 7434.50254  186    9          - 5091.27632      -   221 1700s
 10283  8575 6052.85883   62  228          - 5091.27632      -   220 1726s
 10364  8751 6287.07422   83  142          - 5091.81301      -   222 1761s
 10570  8809 5225.93860   36  612          - 5091.81301      -   221 1792s
 10613  8883 5451.92648   46  549          - 5091.81301      -   224 1817s
 10687  9049 5604.25405   57  354          - 5091.81301      -   225 1944s
 10717  9049 6311.53680   93  149          - 5091.81301      -   226 1945s
 10853  9270 5841.55739   67  314          - 5091.81301      -   225 1978s
 10935  9270 6917.53191  146   36          - 5091.81301      -   226 1980s
 11136  9488 6125.94120   88  140          - 5091.81301      -   223 2011s
 11331  9714 6740.66115  112   51          - 5093.65034      -   223 2042s
 11621  9907 5371.99731   42  680          - 5093.65034      -   222 2076s
 11814  9979 5418.20003   52  431          - 5093.65034      -   222 2103s
 11876 10065 5671.48573   71  270          - 5093.65034      -   223 2127s
 11962 10379 5854.60300   83  204          - 5096.82718      -   225 2161s
 12248 10410 7924.02000  178    -          - 5096.82718      -   221 2165s
 12376 10682 5214.93874   39  682          - 5096.82718      -   221 2196s
 12586 10691 7341.96250  168   62          - 5096.82718      -   221 2200s
 12791 10802 5424.23700   46  617          - 5096.82718      -   218 2228s
 12830 10852 5521.91229   50  328          - 5096.82718      -   219 2255s
 12880 10932 5615.31001   53  636          - 5096.82718      -   221 2281s
 12960 11106 5584.72712   55  398          - 5096.82718      -   223 2310s
 13184 11183 5718.81810   58  338          - 5096.82718      -   222 2340s
 13244 11248 5888.17025   66  309          - 5096.82718      -   224 2368s
 13309 11320 6074.23215   72  291          - 5096.82718      -   226 2395s
 13381 11462 6159.25234   80  241          - 5096.82718      -   227 2423s
 13459 11462 6288.05086  109   14          - 5096.82718      -   227 2425s
 13523 11801 6288.35339  110   18          - 5099.33988      -   228 2461s
 13740 11819 7188.82077  158   15          - 5099.33988      -   225 2465s
 14053 11912 5386.52685   46  383          - 5100.53162      -   224 2493s
 14094 11954 5447.41359   54  547          - 5100.53162      -   225 2520s
 14136 12032 5572.33678   64  301          - 5100.53162      -   227 2546s
 14214 12258 5709.59747   79  278          - 5100.53162      -   228 2578s
 14458 12374 5875.91237   93  234          - 5100.53162      -   228 2612s
 14595 12602 6135.88369  112   56          - 5100.53162      -   229 2648s
 14712 12605 6785.66908  151   22          - 5100.53162      -   228 2650s
 14836 12720 6851.05369  144   82          - 5103.34181      -   228 2681s
 14996 12811 5398.55721   40  389          - 5103.34181      -   228 2709s
 15024 12811 6209.45436   81  284          - 5103.34181      -   229 2710s
 15078 12957 5597.87591   51  304          - 5103.34181      -   229 2742s
 15257 12978 6939.95000  163    6          - 5103.34181      -   229 2745s
 15290 13092 5819.78478   66  287          - 5103.34181      -   229 2773s
 15392 13373 6109.78090  100  129          - 5103.34181      -   230 2968s
 15509 13384 7069.47250  149   43          - 5103.34181      -   230 2970s
 15785 13573 6403.40605  116  152          - 5105.16883      -   227 3004s
 15811 13574 6779.62636  150   61          - 5105.16883      -   227 3005s
 15968 13755 5630.52083   45  422          - 5105.16883      -   227 3040s
 16169 13836 5859.69277   54  296          - 5105.16883      -   227 3066s
 16237 13947 6066.07789   66  277          - 5105.16883      -   228 3093s
 16315 13947 5763.92035   72  214          - 5105.16883      -   229 3095s
 16348 14422 6494.41266   88   99          - 5105.74248      -   229 3137s
 16361 14422 6430.85517   96  124          - 5105.74248      -   229 3140s
 16738 14446 8416.29000  190    -          - 5105.74248      -   226 3145s
 16980 14533 5376.47562   36  651          - 5108.18977      -   225 3181s
 17022 14628 5550.49206   48  473          - 5108.18977      -   226 3209s
 17049 14628 5679.70774   61  269          - 5108.18977      -   226 3210s
 17117 14820 5698.31141   63  283          - 5108.18977      -   227 3241s
 17367 15054 6150.20045  104   98          - 5112.20212      -   226 3282s
 17591 15076 7429.23000  193    -          - 5112.20212      -   225 3285s
 17636 15176 5294.83014   53  641          - 5112.20212      -   226 3312s
 17729 15399 5868.98048   68  406          - 5112.20212      -   227 3343s
 17952 15604 6048.09359   82  294          - 5112.20212      -   227 3378s
 18071 15604 7626.42643  171   42          - 5112.20212      -   227 3380s
 18213 15825 6264.55558  102  152          - 5112.64826      -   226 3416s
 18464 16007 5421.72800   56  474          - 5112.64826      -   225 3450s
 18617 16191 5717.67515   68  474          - 5112.64826      -   226 3486s
 18852 16277 5912.51068   80  273          - 5112.64826      -   225 3517s
 18918 16376 6065.33911   91  274          - 5112.64826      -   226 3552s
 19017 16620 6414.41756  111  337          - 5112.64826      -   227 3586s
 19243 16632 7173.18759  150   14          - 5112.64826      -   226 3590s
 19321 16734 6662.38156  137   30          - 5113.06795      -   226 3600s

Cutting planes:
  User: 7169
  Gomory: 21
  Cover: 519
  Implied bound: 228
  Projected implied bound: 6
  Clique: 26
  MIR: 149
  StrongCG: 1
  Flow cover: 439
  GUB cover: 5
  Zero half: 42
  Network: 2
  RLT: 355
  Relax-and-lift: 7
  Lazy constraints: 3801

Explored 19457 nodes (4392264 simplex iterations) in 3601.64 seconds
Thread count was 2 (of 32 available processors)

Solution count 0

Time limit reached
Best objective -, best bound 5.113067945927e+03, gap -

User-callback calls 391417, time in user-callback 255.96 sec
writeSolution() exp: Unable to retrieve attribute 'X'
================================================================================
executing instance: ./input/Instances/Original/5/absH3low_4n25.dat
--------------------------------------------------------------------------------
Instance details
n	26
H	3
C	2029
Li:
[0, 0, 0, 0, 0, 0, 0, 0, 0, 0, 0, 0, 0, 0, 0, 0, 0, 0, 0, 0, 0, 0, 0, 0, 0, 0, ]
Ui:
[0, 34, 165, 76, 88, 188, 58, 279, 52, 132, 198, 142, 135, 165, 186, 58, 201, 196, 40, 183, 32, 90, 168, 126, 93, 146, ]
Distance matrix:
|0	299	188	235	91	202	152	147	162	277	268	132	71	162	220	69	220	289	241	124	265	80	162	132	66	302	|
|299	0	468	431	282	142	317	425	443	569	193	178	359	302	422	231	93	28	511	325	457	242	434	215	240	601	|
|188	468	0	153	265	342	308	43	192	106	455	290	117	206	142	246	379	464	252	274	360	267	211	319	231	184	|
|235	431	153	0	326	289	386	145	321	240	482	269	184	129	15	258	339	436	393	355	477	305	336	354	237	334	|
|91	282	265	326	0	228	66	228	166	339	196	157	154	242	311	99	225	264	229	50	201	47	153	71	115	340	|
|202	142	342	289	228	0	285	301	363	447	255	73	245	161	281	139	53	151	440	278	428	181	360	187	136	495	|
|152	317	308	386	66	285	0	275	167	368	188	217	207	308	371	163	274	295	210	34	145	108	148	104	181	350	|
|147	425	43	145	228	301	275	0	179	146	415	248	76	172	131	203	337	421	248	242	341	227	195	279	188	211	|
|162	443	192	321	166	363	167	179	0	216	352	291	152	302	307	225	375	428	81	138	170	201	22	237	227	183	|
|277	569	106	240	339	447	368	146	216	0	535	391	210	312	232	341	481	562	245	335	381	352	238	402	329	106	|
|268	193	455	482	196	255	188	415	352	535	0	225	339	367	469	224	212	165	398	214	302	188	335	136	245	533	|
|132	178	290	269	157	73	217	248	291	391	225	0	183	145	258	66	91	175	367	207	358	110	287	127	67	431	|
|71	359	117	184	154	245	207	76	152	210	339	183	0	152	169	131	274	352	232	174	294	151	161	203	119	251	|
|162	302	206	129	242	161	308	172	302	312	367	145	152	0	120	153	210	308	383	284	426	208	309	249	132	383	|
|220	422	142	15	311	281	371	131	307	232	469	258	169	120	0	245	330	427	379	340	461	291	321	340	224	324	|
|69	231	246	258	99	139	163	203	225	341	224	66	131	153	245	0	152	222	301	147	299	57	221	97	22	371	|
|220	93	379	339	225	53	274	337	375	481	212	91	274	210	330	152	0	99	448	273	419	180	369	171	157	521	|
|289	28	464	436	264	151	295	421	428	562	165	175	352	308	427	222	99	0	493	305	434	227	418	196	234	590	|
|241	511	252	393	229	440	210	248	81	245	398	367	232	383	379	301	448	493	0	190	147	270	80	298	305	175	|
|124	325	274	355	50	278	34	242	138	335	214	207	174	284	340	147	273	305	190	0	152	97	122	110	162	320	|
|265	457	360	477	201	428	145	341	170	381	302	358	294	426	461	299	419	434	147	152	0	248	150	249	312	322	|
|80	242	267	305	47	181	108	227	201	352	188	110	151	208	291	57	180	227	270	97	248	0	192	52	76	366	|
|162	434	211	336	153	360	148	195	22	238	335	287	161	309	321	221	369	418	80	122	150	192	0	224	225	203	|
|132	215	319	354	71	187	104	279	237	402	136	127	203	249	340	97	171	196	298	110	249	52	224	0	118	409	|
|66	240	231	237	115	136	181	188	227	329	245	67	119	132	224	22	157	234	305	162	312	76	225	118	0	364	|
|302	601	184	334	340	495	350	211	183	106	533	431	251	383	324	371	521	590	175	320	322	366	203	409	364	0	|

--------------------------------------------------------------------------------
Building model...
	using lazy and cut (CVRPSEP package)
Solving IRP LP...
--------------------------------------------------------------------------------

Gurobi 9.1.0 (linux64) logging started Sun Feb 14 10:31:27 2021

Gurobi Optimizer version 9.1.0 build v9.1.0rc0 (linux64)
Thread count: 32 physical cores, 32 logical processors, using up to 2 threads
Optimize a model with 1190 rows, 4616 columns and 14402 nonzeros
Model fingerprint: 0x6906c0f3
Variable types: 404 continuous, 4212 integer (312 binary)
Coefficient statistics:
  Matrix range     [1e+00, 5e+02]
  Objective range  [1e-02, 6e+02]
  Bounds range     [1e+00, 3e+02]
  RHS range        [1e+00, 3e+03]
Presolve removed 309 rows and 600 columns
Presolve time: 0.09s
Presolved: 881 rows, 4016 columns, 12192 nonzeros
Variable types: 236 continuous, 3780 integer (3489 binary)

Root relaxation: objective 2.531137e+03, 1071 iterations, 0.03 seconds

    Nodes    |    Current Node    |     Objective Bounds      |     Work
 Expl Unexpl |  Obj  Depth IntInf | Incumbent    BestBd   Gap | It/Node Time

     0     0 2531.13724    0  104          - 2531.13724      -     -    0s
     0     0 2740.17135    0  131          - 2740.17135      -     -    0s
     0     0 2777.95069    0  158          - 2777.95069      -     -    0s
     0     0 2778.16659    0  162          - 2778.16659      -     -    0s
     0     0 2778.16659    0  161          - 2778.16659      -     -    0s
     0     0 3251.96435    0  207          - 3251.96435      -     -    0s
     0     0 3258.82519    0  226          - 3258.82519      -     -    0s
     0     0 3258.99579    0  198          - 3258.99579      -     -    0s
     0     0 3425.68426    0  230          - 3425.68426      -     -    0s
     0     0 3437.37992    0  256          - 3437.37992      -     -    0s
     0     0 3437.77284    0  226          - 3437.77284      -     -    0s
     0     0 3481.89893    0  248          - 3481.89893      -     -    0s
     0     0 3487.43614    0  269          - 3487.43614      -     -    0s
     0     0 3487.49221    0  272          - 3487.49221      -     -    1s
     0     0 3511.04244    0  208          - 3511.04244      -     -    1s
     0     0 3517.86821    0  219          - 3517.86821      -     -    1s
     0     0 3518.56720    0  226          - 3518.56720      -     -    1s
     0     0 3524.90757    0  250          - 3524.90757      -     -    1s
