




arguments: ./build/bc_mirp -f ./input/orig_exec_266.cfg
Current dir: /scratch/gui/bc_mirp
File verbosity level: 9
date       time         ( uptime  ) [ thread name/id ]                   file:line     v| 
2021-02-17 05:23:43.146 (   0.450s) [main thread     ]             loguru.cpp:789   INFO| Logging to './output/vi_vc+hc1_full/OU/V4/Original/execution_17_02_2021_05_23_43.log', mode: 'a', verbosity: 9
--------------------------------------------------------------------------------
Parameters
                           instance_path           ./input/Instances/Original/6/
                            model_policy                                       1
                             nb_vehicles                                       4
                              output_dir ./output/vi_vc+hc1_full/OU/V4/Original/
                            sec_strategy                                       1
                       solver_nb_threads                                       2
                         solver_show_log                                    true
                       solver_time_limit                                    3600
                              use_vi_cos                                   false
                              use_vi_cus                                   false
                         use_vi_hc1_full                                    true
                         use_vi_hc1_half                                   false
                      use_vi_hc1_quarter                                   false
                              use_vi_hc2                                   false
                              use_vi_hc3                                   false
                         use_vi_lex_full                                   false
                         use_vi_lex_half                                   false
                      use_vi_lex_quarter                                   false
                              use_vi_qua                                   false
                               use_vi_vc                                    true
                               use_vi_vr                                   false
--------------------------------------------------------------------------------
executing instance: ./input/Instances/Original/6/absH6high_1n25.dat
--------------------------------------------------------------------------------
Instance details
n	26
H	6
C	1711
Li:
[0, 0, 0, 0, 0, 0, 0, 0, 0, 0, 0, 0, 0, 0, 0, 0, 0, 0, 0, 0, 0, 0, 0, 0, 0, 0, ]
Ui:
[0, 168, 176, 34, 66, 36, 177, 106, 118, 182, 64, 141, 189, 63, 46, 111, 182, 231, 36, 66, 68, 54, 132, 90, 246, 75, ]
Distance matrix:
|0	191	200	231	334	329	146	196	208	245	218	164	283	394	151	358	156	196	309	253	201	260	127	138	130	104	|
|191	0	226	229	278	146	328	216	390	417	327	293	195	334	106	296	171	122	472	151	12	411	280	53	190	130	|
|200	226	0	38	149	359	321	10	276	274	418	364	139	204	121	173	321	115	303	141	225	236	155	202	311	256	|
|231	229	38	0	110	352	358	37	314	310	448	395	108	167	129	135	342	109	336	120	226	268	194	213	335	277	|
|334	278	149	110	0	367	467	147	422	413	546	495	86	61	203	25	423	163	429	129	271	363	303	282	424	361	|
|329	146	359	352	367	0	453	349	533	562	411	393	282	411	245	378	250	244	617	245	141	556	426	195	284	243	|
|146	328	321	358	467	453	0	321	162	215	160	112	425	524	297	491	223	341	284	397	339	266	186	276	184	210	|
|196	216	10	37	147	349	321	0	281	281	414	360	132	203	112	171	315	105	311	132	216	244	159	193	305	249	|
|208	390	276	314	422	533	162	281	0	54	321	271	410	471	316	445	348	348	123	398	398	115	125	338	313	309	|
|245	417	274	310	413	562	215	281	54	0	375	323	413	457	334	435	393	361	70	406	424	69	139	367	359	349	|
|218	327	418	448	546	411	160	414	321	375	0	57	484	606	347	569	163	393	444	446	339	421	318	288	137	199	|
|164	293	364	395	495	393	112	360	271	323	57	0	437	556	300	519	144	346	393	401	305	367	261	249	109	163	|
|283	195	139	108	86	282	425	132	410	413	484	437	0	139	137	101	349	91	443	44	187	375	286	206	355	291	|
|394	334	204	167	61	411	524	203	471	457	606	556	139	0	264	38	483	222	467	183	326	403	356	341	484	421	|
|151	106	121	129	203	245	297	112	316	334	347	300	137	264	0	225	220	46	381	102	106	316	195	84	221	158	|
|358	296	173	135	25	378	491	171	445	435	569	519	101	38	225	0	444	184	450	145	288	384	328	303	446	383	|
|156	171	321	342	423	250	223	315	348	393	163	144	349	483	220	444	0	261	460	308	183	415	284	143	39	65	|
|196	122	115	109	163	244	341	105	348	361	393	346	91	222	46	184	261	0	402	56	118	336	224	119	264	200	|
|309	472	303	336	429	617	284	311	123	70	444	393	443	467	381	450	460	402	0	442	477	68	192	424	426	413	|
|253	151	141	120	129	245	397	132	398	406	446	401	44	183	102	145	308	56	442	0	143	375	273	164	315	251	|
|201	12	225	226	271	141	339	216	398	424	339	305	187	326	106	288	183	118	477	143	0	416	286	63	202	142	|
|260	411	236	268	363	556	266	244	115	69	421	367	375	403	316	384	415	336	68	375	416	0	135	365	384	363	|
|127	280	155	194	303	426	186	159	125	139	318	261	286	356	195	328	284	224	192	273	286	135	0	232	256	229	|
|138	53	202	213	282	195	276	193	338	367	288	249	206	341	84	303	143	119	424	164	63	365	232	0	153	89	|
|130	190	311	335	424	284	184	305	313	359	137	109	355	484	221	446	39	264	426	315	202	384	256	153	0	64	|
|104	130	256	277	361	243	210	249	309	349	199	163	291	421	158	383	65	200	413	251	142	363	229	89	64	0	|

--------------------------------------------------------------------------------
Building model...
	using lazy and cut (CVRPSEP package)
Solving IRP LP...
--------------------------------------------------------------------------------

Gurobi 9.1.0 (linux64) logging started Wed Feb 17 05:23:43 2021

Gurobi Optimizer version 9.1.0 build v9.1.0rc0 (linux64)
Thread count: 32 physical cores, 32 logical processors, using up to 2 threads
Optimize a model with 2354 rows, 9206 columns and 28778 nonzeros
Model fingerprint: 0x20872066
Variable types: 782 continuous, 8424 integer (624 binary)
Coefficient statistics:
  Matrix range     [1e+00, 4e+02]
  Objective range  [1e-01, 6e+02]
  Bounds range     [1e+00, 2e+02]
  RHS range        [1e+00, 3e+03]
Presolve removed 440 rows and 1071 columns
Presolve time: 0.13s
Presolved: 1914 rows, 8135 columns, 24968 nonzeros
Variable types: 599 continuous, 7536 integer (6958 binary)

Root relaxation: objective 1.430226e+04, 2449 iterations, 0.08 seconds

    Nodes    |    Current Node    |     Objective Bounds      |     Work
 Expl Unexpl |  Obj  Depth IntInf | Incumbent    BestBd   Gap | It/Node Time

     0     0 14302.2551    0  241          - 14302.2551      -     -    0s
     0     0 14590.0753    0  295          - 14590.0753      -     -    0s
     0     0 14608.6877    0  281          - 14608.6877      -     -    0s
     0     0 14608.6877    0  285          - 14608.6877      -     -    0s
     0     0 15075.7786    0  338          - 15075.7786      -     -    1s
     0     0 15142.7943    0  383          - 15142.7943      -     -    1s
     0     0 15175.5016    0  329          - 15175.5016      -     -    1s
     0     0 15208.3423    0  414          - 15208.3423      -     -    1s
     0     0 15270.4545    0  402          - 15270.4545      -     -    2s
     0     0 15282.8093    0  420          - 15282.8093      -     -    2s
     0     0 15283.6572    0  428          - 15283.6572      -     -    2s
     0     0 15284.2696    0  408          - 15284.2696      -     -    2s
     0     0 15284.4613    0  420          - 15284.4613      -     -    2s
     0     0 15705.4917    0  464          - 15705.4917      -     -    2s
     0     0 15830.1828    0  471          - 15830.1828      -     -    3s
     0     0 15957.1584    0  498          - 15957.1584      -     -    3s
     0     0 15985.7739    0  493          - 15985.7739      -     -    3s
     0     0 15999.9495    0  460          - 15999.9495      -     -    4s
     0     0 16001.1553    0  476          - 16001.1553      -     -    4s
     0     0 16098.6825    0  458          - 16098.6825      -     -    5s
     0     0 16240.1170    0  468          - 16240.1170      -     -    5s
     0     0 16245.3017    0  457          - 16245.3017      -     -    5s
     0     0 16248.4759    0  511          - 16248.4759      -     -    5s
     0     0 16255.2419    0  453          - 16255.2419      -     -    5s
     0     0 16255.7447    0  484          - 16255.7447      -     -    6s
     0     0 16270.2764    0  498          - 16270.2764      -     -    6s
     0     0 16289.6711    0  436          - 16289.6711      -     -    6s
     0     0 16290.8407    0  462          - 16290.8407      -     -    6s
     0     0 16304.7925    0  507          - 16304.7925      -     -    7s
     0     0 16306.7659    0  461          - 16306.7659      -     -    7s
     0     0 16317.1638    0  572          - 16317.1638      -     -    7s
     0     0 16317.1638    0  516          - 16317.1638      -     -    8s
     0     2 16317.4875    0  515          - 16317.4875      -     -    8s
     7    10 16339.7695    3  573          - 16334.3803      -   823   10s
    28    31 16655.3071    8  471          - 16345.6784      -  1085   15s
    52    55 16708.7198   14  532          - 16345.6784      -  1021   20s
    87    96 16955.1976   27  330          - 16345.6784      -   838   25s
   169   187 17829.4416   63  190          - 16345.6784      -   605   30s
   292   324 19764.1971  125  144          - 16345.6784      -   422   35s
   454   490 22140.1259  220   45          - 16345.8468      -   304   40s
   557   561 16814.4642    6  603          - 16345.8468      -   317   45s
   650   709 16904.6751   11  441          - 16345.8468      -   300   50s
   878   874 17058.8722   16  454          - 16345.8468      -   242   55s
   977   958 17191.6700   19  427          - 16345.8468      -   234   60s
   991   962 17916.0346   63  554          - 16467.6443      -   236   65s
  1001   969 25820.0071  322  698          - 16802.7612      -   233   70s
  1015   978 21989.7314  215  638          - 16833.4623      -   230   75s
  1027   986 21885.6495  215  664          - 16847.0373      -   228   80s
  1040   995 20481.6949  146  630          - 16851.5655      -   225   85s
  1050  1003 16888.8746   29  627          - 16852.3752      -   250   90s
  1061  1011 20616.3240  165  617          - 16852.8112      -   247   95s
  1070  1017 20358.4471  147  642          - 16853.8871      -   245  101s
  1073  1022 16862.2894   22  661          - 16857.1971      -   262  110s
  1075  1023 16877.0185   23  635          - 16867.2041      -   264  117s
  1077  1024 17034.4765   23  519          - 16878.1736      -   267  120s
  1083  1030 16915.4064   25  610          - 16915.4064      -   275  126s
  1099  1041 16920.9707   29  606          - 16920.9707      -   284  130s
  1109  1048 17027.5488   31  584          - 16974.1729      -   298  135s
  1125  1060 17073.4712   34  539          - 16974.1729      -   307  140s
  1157  1082 17093.9760   41  608          - 16974.1729      -   313  146s
  1179  1095 17108.9976   47  614          - 16974.1729      -   320  150s
  1207  1120 17124.6486   53  607          - 16974.1729      -   330  156s
  1235  1140 17137.5147   59  597          - 16974.1729      -   338  161s
  1265  1162 17158.5939   67  540          - 16974.1729      -   343  167s
  1295  1174 17194.1413   74  613          - 16974.1729      -   351  171s
  1315  1197 17211.9019   78  554          - 16974.1729      -   357  176s
  1339  1214 17286.6234   83  543          - 16974.1729      -   364  181s
  1371  1236 17345.0213   91  509          - 16974.1729      -   371  186s
  1407  1262 17387.0768   99  499          - 16974.1729      -   380  192s
  1427  1279 17418.8111  104  563          - 16974.1729      -   384  195s
  1473  1309 17509.9768  115  392          - 16974.1729      -   390  201s
  1496  1336 17925.8289  120  304          - 16974.1729      -   394  205s
  1566  1385 17701.7645  135  362          - 16974.1729      -   394  213s
  1603  1422 17741.3739  144  318          - 16974.1729      -   396  217s
  1652  1451 18053.3862  157  324          - 16974.1729      -   394  220s
  1697  1482 18016.2586  171  329          - 16974.1729      -   394  225s
  1793  1548 18087.7268  199  343          - 16974.1729      -   394  233s
  1841  1587 18478.8824  211  334          - 16974.1729      -   394  237s
  1896  1649 18280.2309  228  293          - 16974.1729      -   394  242s
  1977  1719 18387.9149  256  247          - 16974.1729      -   390  248s
  2074  1814 18810.7340  294  193          - 16974.1729      -   383  254s
  2130  1795 19812.7833  322  182          - 16974.1729      -   378  255s
  2201  1907 19877.4061  345  179          - 16974.1729      -   373  261s
  2336  1991 20603.4475  398  207          - 16974.1729      -   364  267s
  2465  2071 20860.6419  450  199          - 16974.1729      -   356  274s
  2588  2162 20968.8556  494  185          - 16974.1729      -   350  280s
  2720  2305 21223.6419  539  131          - 16974.1729      -   343  287s
  2907  2344 21475.7799  610  147          - 16974.1729      -   332  295s
  3011  2560 infeasible  636               - 16974.1729      -   326  301s
  3263  2628 23879.0001  733   60          - 16974.4129      -   309  308s
  3459  2623 infeasible  797               - 16974.5974      -   298  315s
  3527  2682 17335.7027   28  511          - 16974.5974      -   300  321s
  3608  2752 17313.4483   28  575          - 16974.5974      -   300  328s
  3710  2877 17517.1178   32  368          - 16974.5974      -   299  335s
  3872  2826 17553.3371   38  523          - 16974.5974      -   294  342s
  3899  2839 17662.9633   40  446          - 16974.5974      -   297  347s
  3921  2856 17804.3899   50  467          - 16974.5974      -   300  352s
  3946  2885 17916.9325   59  339          - 16974.5974      -   304  358s
  3983  2910 18163.2459   77  357          - 16974.5974      -   307  365s
  4020  3015 18330.2260   92  269          - 16974.5974      -   310  372s
  4138  3063 18680.5640  153  264          - 16974.5974      -   307  380s
  4221  3238 18940.6230  196  163          - 16974.5974      -   306  388s
  4396  3462 19194.2320  325  289          - 16974.5974      -   299  397s
  4620  3693 19694.3964  447  247          - 16974.5974      -   290  408s
  4852  3780 20430.9271  547  193          - 16996.6763      -   282  420s
  4953  4071 17282.5214   31  429          - 16996.6763      -   282  431s
  5244  4424 17435.9004   36  458          - 16996.6763      -   272  444s
  5599  4734 17525.9842   40  435          - 16996.6763      -   261  457s
  5927  4740 17726.2881   48  351          - 16996.6763      -   251  467s
  5973  4788 17999.2959   59  344          - 16996.6763      -   253  475s
  6021  4870 18327.1057   87  348          - 16996.6763      -   256  483s
  6103  4998 18655.5967  120  265          - 16996.6763      -   257  493s
  6231  5198 19107.6059  195  211          - 16996.6763      -   255  504s
  6359  5198 19375.4704  274  207          - 16996.6763      -   253  505s
  6431  5553 19828.9294  281  214          - 16996.6763      -   253  516s
  6788  5875 20491.5489  523  185          - 16996.6763      -   246  530s
  7116  6295 21433.7194  706  164          - 16998.6632      -   237  541s
  7588  6647 17195.0479   27  696          - 16998.6632      -   228  557s
  7944  6879 17374.0496   35  491          - 16998.6632      -   221  570s
* 8144  6670             563    24584.020000 16998.6632  30.9%   218  570s
  8221  6701 17534.6805   42  384 24584.0200 16998.6632  30.9%   218  580s
  8264  7129 18288.4192   78  289 24584.0200 16998.6632  30.9%   219  597s
  8577  7129 22770.5644  391   28 24584.0200 16998.6632  30.9%   213  600s
H 8735  5648                    21190.160000 16998.6632  19.8%   213  612s
  8788  5618 17286.8963   32  678 21190.1600 17003.6901  19.8%   215  623s
  8811  5640 17478.2928   38  534 21190.1600 17003.6901  19.8%   218  636s
  8833  5674 17726.4016   42  588 21190.1600 17003.6901  19.8%   221  646s
  8867  5722 17793.1355   50  588 21190.1600 17003.6901  19.8%   223  657s
  8915  5804 18046.5841   66  411 21190.1600 17003.6901  19.8%   225  668s
  8997  5884 18243.9365   97  329 21190.1600 17003.6901  19.8%   227  680s
  9077  6076 18406.3516  106  317 21190.1600 17003.6901  19.8%   229  694s
  9138  6076 18654.3087  146  217 21190.1600 17003.6901  19.8%   229  695s
  9269  6448 18829.4962  175  250 21190.1600 17003.6901  19.8%   229  710s
  9641  6842 19962.2981  310  226 21190.1600 17003.6901  19.8%   225  731s
 10039  6847 infeasible  459      21190.1600 17004.1114  19.8%   219  744s
 10082  6864 17395.6390   35  627 21190.1600 17023.6963  19.7%   222  754s
 10088  6864 17506.9932   34  537 21190.1600 17023.6963  19.7%   223  755s
 10099  6897 17573.8136   39  657 21190.1600 17023.6963  19.7%   224  765s
 10132  6978 18212.3996   46  375 21190.1600 17023.6963  19.7%   226  777s
 10213  7145 19169.8391   61  222 21190.1600 17023.6963  19.7%   228  793s
 10403  7177     cutoff   87      21190.1600 17027.6091  19.6%   228  807s
H10450  7123                    21124.490000 17027.6091  19.4%   229  807s
 10467  7211 17475.6482   28  660 21124.4900 17027.6091  19.4%   231  827s
 10561  7229 17658.9137   34  464 21124.4900 17027.6091  19.4%   233  840s
 10579  7300 17785.7864   46  612 21124.4900 17027.6091  19.4%   234  851s
 10650  7332 18692.8064   86  222 21124.4900 17027.6091  19.4%   235  867s
 10682  7609 19427.3678  102  210 21124.4900 17027.6091  19.4%   235  887s
 10970  7674 20695.8361  243  198 21124.4900 17031.9924  19.4%   231  901s
 11047  7791 17405.3414   33  611 21124.4900 17031.9924  19.4%   233  914s
 11164  8153 17465.4681   36  696 21124.4900 17031.9924  19.4%   234  941s
 11546  8194 17662.2618   43  483 21124.4900 17031.9924  19.4%   229  958s
 11587  8393 17920.8637   58  416 21124.4900 17031.9924  19.4%   232  975s
 11786  8467 18354.0566   71  370 21124.4900 17031.9924  19.4%   231  997s
 11876  8525 18449.1563   81  403 21124.4900 17031.9924  19.4%   231 1011s
 11934  8679 18607.0339  105  205 21124.4900 17031.9924  19.4%   233 1027s
 12088  9065 19060.0839  163  264 21124.4900 17031.9924  19.4%   234 1050s
 12487  9360 19118.7436  257  147 21124.4900 17031.9924  19.4%   232 1072s
 12788  9396 20258.4693  403   93 21124.4900 17048.1635  19.3%   230 1085s
 12876  9456 17356.8665   29  765 21124.4900 17048.1635  19.3%   231 1098s
 12936  9681 17720.9173   37  571 21124.4900 17048.1635  19.3%   233 1114s
 13161 10221 18519.9530   55  406 21124.4900 17053.8003  19.3%   232 1141s
 13767 10231 17316.0798   25  808 21124.4900 17059.6275  19.2%   226 1161s
 13777 10276 17386.6473   30  722 21124.4900 17059.6275  19.2%   227 1173s
 13822 10561 17927.2811   42  535 21124.4900 17059.6275  19.2%   228 1188s
 13950 10561 18592.3039  120  116 21124.4900 17059.6275  19.2%   228 1190s
 14107 10851 18534.9005  113  226 21124.4900 17071.3250  19.2%   226 1209s
 14198 10851 19952.1603  203  157 21124.4900 17071.3250  19.2%   225 1210s
 14431 10865 17341.8073   25  727 21124.4900 17072.9816  19.2%   224 1223s
 14445 10879 17416.7522   27  815 21124.4900 17072.9816  19.2%   226 1233s
 14459 10905 17820.0376   30  623 21124.4900 17072.9816  19.2%   229 1245s
 14485 10952 18203.0317   37  551 21124.4900 17072.9816  19.2%   231 1260s
H14505 10948                    21113.770000 17072.9816  19.1%   231 1260s
H14531 10383                    20766.620000 17072.9816  17.8%   232 1260s
 14532 10474 19192.6298   49  391 20766.6200 17072.9816  17.8%   233 1273s
H14545 10253                    20697.040000 17072.9816  17.5%   233 1274s
 14623 10310 20331.0258   73  239 20697.0400 17073.7758  17.5%   234 1287s
 14693 10387 17379.8129   30  672 20697.0400 17073.7758  17.5%   236 1308s
 14770 10427 18016.6384   45  526 20697.0400 17073.7758  17.5%   237 1322s
H14800  8952                    20256.070000 17073.7758  15.7%   237 1322s
 14837  9021 19176.3948   75  153 20256.0700 17080.8372  15.7%   238 1335s
H14921  9009                    20253.820000 17080.8372  15.7%   238 1335s
 14936  9067 17449.0634   36  667 20253.8200 17080.8372  15.7%   239 1348s
 14994  9150 17794.9388   56  518 20253.8200 17080.8372  15.7%   240 1366s
 15087  9291 18002.0301   76  466 20253.8200 17080.8372  15.7%   241 1381s
 15228  9355 19758.5836  207  232 20253.8200 17090.1996  15.6%   241 1394s
 15318  9436 17427.1733   28  685 20253.8200 17090.1996  15.6%   242 1414s
 15414  9464 17593.5200   35  626 20253.8200 17090.1996  15.6%   243 1426s
 15442  9525 18047.7084   54  438 20253.8200 17090.1996  15.6%   245 1439s
H15503  9103                    20086.070000 17090.1996  14.9%   246 1460s
 15673  9130 17518.2177   31  759 20086.0700 17091.3163  14.9%   247 1474s
 15714  9231 17782.6488   38  634 20086.0700 17091.3163  14.9%   248 1494s
 15815  9515 18355.0406   62  507 20086.0700 17092.1762  14.9%   248 1526s
 16134  9535 17514.8931   26  664 20086.0700 17092.6978  14.9%   248 1541s
 16154  9576 17961.3217   35  609 20086.0700 17092.6978  14.9%   250 1554s
 16195  9708 18683.6306   55  501 20086.0700 17096.6184  14.9%   251 1574s
 16364  9739 17475.8579   31  652 20086.0700 17096.6566  14.9%   252 1587s
 16395  9834 18015.6239   43  581 20086.0700 17096.6566  14.9%   254 1618s
 16502  9910 18867.6982   82  247 20086.0700 17101.4641  14.9%   255 1633s
 16589  9976 17618.0808   42  534 20086.0700 17101.4641  14.9%   256 1648s
 16655 10095 18282.8565   69  378 20086.0700 17101.4641  14.9%   257 1759s
 16700 10095 19120.8396  114  311 20086.0700 17101.4641  14.9%   257 1760s
H16722  9852                    20021.670000 17101.4641  14.6%   257 1760s
 16788  9864     cutoff  135      20021.6700 17104.7148  14.6%   258 1774s
 16812  9915 17767.7208   45  614 20021.6700 17104.7148  14.6%   260 1788s
 16863 10022 18467.3726   67  468 20021.6700 17107.7662  14.6%   262 1810s
H16874  9087                    19787.670000 17107.7662  13.5%   262 1810s
 16998  9097 17576.0785   40  629 19787.6700 17107.9303  13.5%   263 1825s
 17034  9231 18199.0513   60  539 19787.6700 17110.8856  13.5%   265 1847s
H17127  9228                    19785.420000 17110.8856  13.5%   266 1848s
 17184  9249 17387.8705   29  705 19785.4200 17110.8856  13.5%   266 1862s
 17215  9413 17927.6753   46  387 19785.4200 17112.1602  13.5%   268 1883s
H17233  9341                    19769.060000 17112.1602  13.4%   268 1884s
 17268  9341 19767.9651   96  241 19769.0600 17112.1602  13.4%   268 1885s
 17399  9414 17470.9279   43  724 19769.0600 17112.1602  13.4%   268 1901s
 17484  9609 17565.8447   46  522 19769.0600 17112.1602  13.4%   268 1924s
 17549  9609 18645.5056   89  169 19769.0600 17112.1602  13.4%   269 1925s
 17693  9688 18064.3148   64  493 19769.0600 17112.1602  13.4%   268 1942s
 17774  9732 infeasible  132      19769.0600 17117.5564  13.4%   270 1958s
 17826  9774 17772.3633   43  581 19769.0600 17117.5564  13.4%   271 1974s
 17877  9900 18244.3032   76  476 19769.0600 17117.7422  13.4%   272 1992s
 18019  9947 17523.0673   44  534 19769.0600 17117.7422  13.4%   273 2009s
 18090  9992 17807.7396   51  439 19769.0600 17117.7422  13.4%   274 2025s
 18135 10085 18401.1826   65  346 19769.0600 17122.3865  13.4%   276 2048s
 18239 10175 17392.1068   36  622 19769.0600 17122.3865  13.4%   277 2069s
 18266 10175 18450.5845   67  332 19769.0600 17122.3865  13.4%   277 2070s
 18353 10277 18007.3563   63  493 19769.0600 17124.3348  13.4%   278 2086s
 18470 10318 17575.2658   39  689 19769.0600 17124.3348  13.4%   278 2114s
H18482 10238                    19747.480000 17124.3348  13.3%   279 2114s
 18511 10334 18067.1215   52  406 19747.4800 17124.4298  13.3%   280 2134s
H18617 10326                    19701.350000 17124.4298  13.1%   281 2161s
 18811 10376 17671.6624   47  514 19701.3500 17124.4298  13.1%   281 2178s
 18862 10603 17897.8351   59  427 19701.3500 17124.4298  13.1%   283 2198s
 19099 10789 18173.1773   81  430 19701.3500 17124.4298  13.1%   282 2220s
 19286 11067 18983.7641  163  145 19701.3500 17131.3234  13.0%   282 2245s
 19697 11122 17467.8490   43  704 19701.3500 17131.3558  13.0%   279 2263s
 19752 11362 18218.5210   72  291 19701.3500 17137.1853  13.0%   280 2282s
 20027 11403 17453.5646   49  748 19701.3500 17137.3098  13.0%   279 2298s
 20068 11545 18104.2211   71  497 19701.3500 17145.4902  13.0%   280 2318s
 20233 11587 17486.8910   45  540 19701.3500 17145.9396  13.0%   281 2334s
 20275 11695 18130.0631   74  389 19701.3500 17146.0575  13.0%   282 2353s
 20394 11752 17499.2854   32  738 19701.3500 17146.0575  13.0%   283 2370s
H20461 11755                    19690.080000 17146.0575  12.9%   284 2387s
 20506 11867 18028.0794   55  455 19690.0800 17146.0575  12.9%   286 2411s
 20636 12047 18566.4764   83  201 19690.0800 17146.0575  12.9%   287 2434s
 20746 12047 18782.6064  167   87 19690.0800 17146.0575  12.9%   287 2435s
 20818 12191 19225.2737  223   95 19690.0800 17147.2629  12.9%   286 2463s
 20996 12296 17797.3280   37  581 19690.0800 17147.2629  12.9%   286 2480s
 21101 12370 19321.5571  103  261 19690.0800 17148.8718  12.9%   287 2497s
 21201 12415 17943.9325   55  514 19690.0800 17148.8998  12.9%   288 2512s
 21246 12468 18852.7873   76  465 19690.0800 17153.3626  12.9%   289 2535s
 21323 12516 17408.0896   46  565 19690.0800 17153.3764  12.9%   291 2551s
 21371 12617 18111.5266   75  329 19690.0800 17157.3623  12.9%   292 2572s
 21482 12675 17413.7151   57  598 19690.0800 17157.3623  12.9%   293 2589s
 21550 12732 17882.1998   71  625 19690.0800 17157.3623  12.9%   294 2608s
 21607 12870 18504.3019  101  391 19690.0800 17161.0524  12.8%   295 2627s
 21783 12899 17411.5693   61  567 19690.0800 17161.0662  12.8%   295 2646s
 21812 12956 17826.6687   67  478 19690.0800 17161.0662  12.8%   296 2665s
 21869 13159 18056.9703   81  285 19690.0800 17161.0662  12.8%   298 2691s
 22072 13476 18489.0073  118  188 19690.0800 17161.0662  12.8%   298 2718s
 22403 13929 18560.9404  205  139 19690.0800 17162.4104  12.8%   298 2749s
 22938 14041 17739.1010   58  549 19690.0800 17162.4104  12.8%   296 2772s
 23115 14082 18326.2180   64  485 19690.0800 17162.4104  12.8%   296 2800s
 23156 14224 18673.5998   75  365 19690.0800 17172.1724  12.8%   297 2827s
 23343 14255 17457.0699   51  648 19690.0800 17172.1917  12.8%   298 2847s
 23374 14408 18106.2082   70  458 19690.0800 17175.0083  12.8%   299 2874s
 23551 14493 17443.7644   27  706 19690.0800 17175.0083  12.8%   299 2893s
 23647 14577 17883.1457   45  599 19690.0800 17175.0083  12.8%   300 2911s
 23731 14649 18874.3430   98  282 19690.0800 17176.0789  12.8%   301 2933s
 23827 14698 17692.0426   67  634 19690.0800 17176.4046  12.8%   302 2951s
 23876 14783 18308.8107   92  466 19690.0800 17178.4280  12.8%   303 2980s
 24017 14837 17601.1112   65  656 19690.0800 17179.0086  12.8%   304 2997s
 24071 15138 18377.6346   95  394 19690.0800 17181.2234  12.7%   305 3026s
 24403 15171 17881.3242   69  794 19690.0800 17181.3003  12.7%   304 3046s
 24436 15292 18419.4224   86  446 19690.0800 17181.3003  12.7%   305 3067s
 24557 15418 19017.7673  144  209 19690.0800 17182.3582  12.7%   306 3087s
 24708 15486 17573.1941   35  698 19690.0800 17182.3582  12.7%   306 3110s
 24776 15736 18316.3728   64  347 19690.0800 17183.2506  12.7%   307 3134s
 25056 15758 17526.3294   55  629 19690.0800 17185.7956  12.7%   306 3158s
 25078 15819 17843.8418   66  543 19690.0800 17185.7956  12.7%   307 3178s
 25139 15863 19085.5928   91  292 19690.0800 17185.7956  12.7%   309 3198s
 25230 15953 17657.3115   75  729 19690.0800 17188.7283  12.7%   310 3219s
 25326 16053 18994.2109  103  494 19690.0800 17188.7960  12.7%   311 3246s
 25458 16080 17441.8946   62  611 19690.0800 17188.8367  12.7%   311 3264s
 25485 16137 17874.1448   67  556 19690.0800 17188.8367  12.7%   312 3283s
 25542 16244 18144.5030   81  405 19690.0800 17188.8367  12.7%   313 3304s
 25649 16551 18423.1133  107  280 19690.0800 17188.8367  12.7%   315 3333s
 25817 16551 18769.4050  114  203 19690.0800 17188.8367  12.7%   314 3335s
 25974 16741 18919.3478  191  204 19690.0800 17188.8702  12.7%   314 3359s
 26024 16741 19061.3114  216  203 19690.0800 17188.8702  12.7%   314 3360s
 26288 16835 17721.8411   69  607 19690.0800 17189.4061  12.7%   313 3386s
 26402 16924 18672.9372  104  470 19690.0800 17194.9520  12.7%   314 3406s
H26500 16915                    19672.040000 17194.9520  12.6%   315 3430s
 26576 17383 18198.8704   99  491 19672.0400 17195.6131  12.6%   315 3460s
 27100 17443 17530.7868   73  702 19672.0400 17195.9907  12.6%   312 3482s
 27160 17581 18750.4830   98  391 19672.0400 17196.1602  12.6%   313 3505s
 27341 17643 17837.4100   73  547 19672.0400 17196.3912  12.6%   313 3527s
 27405 17730 19290.6425  111  394 19672.0400 17200.1040  12.6%   314 3547s
 27531 17777 17721.3316   34  648 19672.0400 17200.3312  12.6%   315 3567s
 27578 17847 18712.7117   60  481 19672.0400 17206.6332  12.5%   316 3588s
 27683 17875 17819.6680   69  527 19672.0400 17207.2599  12.5%   317 3600s

Cutting planes:
  User: 8433
  Gomory: 41
  Cover: 560
  Implied bound: 316
  Projected implied bound: 15
  Clique: 19
  MIR: 320
  Flow cover: 559
  GUB cover: 3
  Inf proof: 1
  Zero half: 21
  Network: 1
  RLT: 420
  Relax-and-lift: 22
  Lazy constraints: 640

Explored 27711 nodes (8825780 simplex iterations) in 3600.21 seconds
Thread count was 2 (of 32 available processors)

Solution count 10: 19672 19690.1 19701.4 ... 20253.8

Time limit reached
Best objective 1.967204000000e+04, best bound 1.720725992251e+04, gap 12.5294%

User-callback calls 527017, time in user-callback 203.66 sec
================================================================================
executing instance: ./input/Instances/Original/6/absH6high_1n20.dat
--------------------------------------------------------------------------------
Instance details
n	21
H	6
C	1651
Li:
[0, 0, 0, 0, 0, 0, 0, 0, 0, 0, 0, 0, 0, 0, 0, 0, 0, 0, 0, 0, 0, ]
Ui:
[0, 36, 182, 182, 90, 261, 117, 30, 110, 42, 276, 153, 40, 94, 144, 46, 129, 213, 264, 160, 174, ]
Distance matrix:
|0	371	401	343	361	341	370	115	392	400	79	266	292	245	355	431	265	194	95	92	348	|
|371	0	37	141	110	250	117	438	67	131	372	305	115	238	247	255	235	296	392	430	185	|
|401	37	0	175	100	284	146	472	90	156	406	342	152	275	280	282	242	333	415	455	178	|
|343	141	175	0	239	110	38	374	95	60	314	182	67	130	106	127	318	201	397	423	303	|
|361	110	100	239	0	341	222	451	177	240	385	374	190	304	341	361	151	345	354	398	78	|
|341	250	284	110	341	0	143	337	203	151	289	102	152	97	15	95	394	156	415	431	398	|
|370	117	146	38	222	143	0	407	61	30	346	220	81	167	137	139	317	237	417	447	292	|
|115	438	472	374	451	337	407	0	443	434	66	241	339	251	351	431	374	181	201	177	450	|
|392	67	90	95	177	203	61	443	0	66	379	275	104	216	197	193	294	283	427	461	252	|
|400	131	156	60	240	151	30	434	66	0	374	237	112	189	142	127	344	261	448	477	312	|
|79	372	406	314	385	289	346	66	379	374	0	202	275	197	304	383	316	134	175	166	388	|
|266	305	342	182	374	102	220	241	275	237	202	0	191	70	117	196	386	73	352	359	415	|
|292	115	152	67	190	152	81	339	104	112	275	191	0	123	154	193	252	183	336	366	246	|
|245	238	275	130	304	97	167	251	216	189	197	70	123	0	110	187	322	72	319	334	346	|
|355	247	280	106	341	15	137	351	197	142	304	117	154	110	0	80	399	171	427	444	400	|
|431	255	282	127	361	95	139	431	193	127	383	196	193	187	80	0	444	251	499	519	429	|
|265	235	242	318	151	394	317	374	294	344	316	386	252	322	399	444	0	332	226	273	97	|
|194	296	333	201	345	156	237	181	283	261	134	73	183	72	171	251	332	0	279	286	375	|
|95	392	415	397	354	415	417	201	427	448	175	352	336	319	427	499	226	279	0	47	321	|
|92	430	455	423	398	431	447	177	461	477	166	359	366	334	444	519	273	286	47	0	368	|
|348	185	178	303	78	398	292	450	252	312	388	415	246	346	400	429	97	375	321	368	0	|

--------------------------------------------------------------------------------
Building model...
	using lazy and cut (CVRPSEP package)
Solving IRP LP...
--------------------------------------------------------------------------------

Gurobi 9.1.0 (linux64) logging started Wed Feb 17 06:23:45 2021

Gurobi Optimizer version 9.1.0 build v9.1.0rc0 (linux64)
Thread count: 32 physical cores, 32 logical processors, using up to 2 threads
Optimize a model with 1899 rows, 6171 columns and 19743 nonzeros
Model fingerprint: 0x943428a3
Variable types: 627 continuous, 5544 integer (504 binary)
Coefficient statistics:
  Matrix range     [1e+00, 4e+02]
  Objective range  [1e-01, 5e+02]
  Bounds range     [1e+00, 3e+02]
  RHS range        [1e+00, 3e+03]
Presolve removed 375 rows and 866 columns
Presolve time: 0.09s
Presolved: 1524 rows, 5305 columns, 16633 nonzeros
Variable types: 474 continuous, 4831 integer (4378 binary)

Root relaxation: objective 1.361876e+04, 2266 iterations, 0.10 seconds

    Nodes    |    Current Node    |     Objective Bounds      |     Work
 Expl Unexpl |  Obj  Depth IntInf | Incumbent    BestBd   Gap | It/Node Time

     0     0 13618.7581    0  179          - 13618.7581      -     -    0s
     0     0 13851.8534    0  195          - 13851.8534      -     -    0s
     0     0 13864.2281    0  217          - 13864.2281      -     -    0s
     0     0 13866.8340    0  182          - 13866.8340      -     -    0s
     0     0 13870.7877    0  187          - 13870.7877      -     -    0s
     0     0 13870.8374    0  190          - 13870.8374      -     -    0s
     0     0 14154.5439    0  302          - 14154.5439      -     -    0s
     0     0 14325.3534    0  312          - 14325.3534      -     -    1s
     0     0 14339.0839    0  315          - 14339.0839      -     -    1s
     0     0 14340.6041    0  323          - 14340.6041      -     -    1s
     0     0 14341.5414    0  304          - 14341.5414      -     -    1s
     0     0 14341.6335    0  333          - 14341.6335      -     -    1s
     0     0 14515.8437    0  290          - 14515.8437      -     -    1s
     0     0 14567.4777    0  369          - 14567.4777      -     -    2s
     0     0 14585.5609    0  383          - 14585.5609      -     -    2s
     0     0 14593.0642    0  407          - 14593.0642      -     -    2s
     0     0 14594.7662    0  388          - 14594.7662      -     -    2s
     0     0 14595.0257    0  406          - 14595.0257      -     -    2s
     0     0 14628.3906    0  425          - 14628.3906      -     -    3s
     0     0 14644.5564    0  345          - 14644.5564      -     -    3s
     0     0 14648.9412    0  355          - 14648.9412      -     -    3s
     0     0 14649.9165    0  422          - 14649.9165      -     -    3s
     0     0 14650.7801    0  371          - 14650.7801      -     -    3s
     0     0 14654.2901    0  418          - 14654.2901      -     -    3s
     0     0 14655.1057    0  418          - 14655.1057      -     -    3s
     0     0 14659.1693    0  431          - 14659.1693      -     -    3s
     0     0 14660.6968    0  401          - 14660.6968      -     -    4s
     0     2 14660.6968    0  395          - 14660.6968      -     -    5s
    29    34 14798.7478    8  436          - 14661.6937      -   790   10s
    80    89 15087.2536   19  517          - 14661.6937      -   651   15s
   187   205 15632.4455   34  351          - 14661.6937      -   450   20s
   483   535 16454.9020   70  243          - 14661.6937      -   231   25s
   613   621 17527.3675  105  239          - 14661.6937      -   221   30s
   691   714 19496.2696  144  204          - 14735.7368      -   225   35s
   740   719 15371.8730    9  513          - 14810.8086      -   218   40s
   760   732 18931.1220  135  600          - 14994.4341      -   213   46s
   763   737 14998.2297   10  587          - 14998.2297      -   234   51s
   767   740 15048.9458   11  549          - 15003.1843      -   237   55s
   785   754 15081.4089   16  516          - 15046.2177      -   252   60s
   826   783 15216.5133   26  476          - 15046.2177      -   272   65s
   857   803 15475.1008   34  469          - 15046.2177      -   295   70s
   884   823 15599.6497   40  462          - 15046.2177      -   307   75s
   927   858 16022.0940   49  399          - 15046.2177      -   316   80s
   990   905 16522.5712   66  281          - 15046.2177      -   318   85s
  1084   991 17003.1152   82  289          - 15046.2177      -   314   90s
  1197  1061 17609.1442  101  322          - 15046.2177      -   303   95s
  1364  1183 18180.2060  125  324          - 15046.2177      -   288  101s
  1463  1262 18298.5617  138  329          - 15046.2177      -   280  105s
  1639  1422 18494.2184  158  338          - 15046.2177      -   267  111s
  1852  1579 18588.4446  171  326          - 15046.2177      -   245  115s
  2004  1559 18732.6000  185  306          - 15046.2177      -   237  121s
  2031  1581 18753.5841  196  316          - 15046.2177      -   240  125s
  2097  1625 19285.5768  224  306          - 15046.2177      -   246  130s
  2190  1659 15765.6504   24  467          - 15046.2177      -   246  135s
  2259  1692 15195.0234   14  585          - 15048.6312      -   248  142s
  2274  1701 15209.4319   16  588          - 15048.6312      -   255  147s
  2293  1716 15549.6954   18  531          - 15048.6312      -   263  151s
  2314  1734 15712.8053   23  399          - 15048.6312      -   268  155s
  2356  1764 15784.2010   28  436          - 15048.6312      -   276  162s
  2395  1795 15954.5495   34  373          - 15048.6312      -   280  167s
  2417  1821 16231.5277   35  392          - 15048.6312      -   283  170s
  2488  1868 16136.8198   44  377          - 15048.6312      -   284  175s
  2561  1930 16445.4459   52  407          - 15048.6312      -   287  182s
  2607  1973 16536.4380   56  418          - 15048.6312      -   287  185s
  2715  2051 16888.9438   68  355          - 15048.6312      -   286  192s
  2779  2100 17139.4662   78  330          - 15048.6312      -   286  197s
  2853  2178 17199.3957   86  316          - 15048.6312      -   284  201s
  2957  2180 17453.2776   90  317          - 15048.6312      -   279  206s
  3003  2416 17340.9334   97  341          - 15048.6312      -   277  211s
  3254  2431 18457.0289  103  240          - 15048.6312      -   262  216s
  3328  2485 18448.8008  114  273          - 15048.6312      -   261  220s
  3388  2614 18843.7695  132  258          - 15048.6312      -   266  229s
  3483  2840 19652.8211  180  148          - 15048.6312      -   264  235s
  3713  2900 21974.2107  274   91          - 15048.9458      -   254  242s
  3815  2907 15244.3233   19  581          - 15048.9458      -   253  246s
  3822  2917 15322.1665   21  589          - 15048.9458      -   256  250s
  3850  2952 15467.6867   25  586          - 15048.9458      -   262  258s
  3867  2977 15497.2450   26  497          - 15048.9458      -   264  262s
  3892  3002 15772.1050   27  518          - 15048.9458      -   267  266s
  3917  3029 15707.3562   30  516          - 15048.9458      -   269  271s
  3944  3051 15861.9071   36  514          - 15048.9458      -   272  275s
  3966  3085 15943.4061   40  506          - 15048.9458      -   275  281s
  4000  3119 16009.1345   45  533          - 15048.9458      -   277  285s
  4034  3151 16217.5351   50  521          - 15048.9458      -   279  290s
  4066  3198 16281.0673   51  479          - 15048.9458      -   281  295s
  4113  3252 16495.0995   56  471          - 15048.9458      -   283  300s
  4167  3310 16475.6386   59  466          - 15048.9458      -   284  306s
  4225  3388 16664.1596   64  489          - 15048.9458      -   285  312s
  4303  3469 17040.8223   81  426          - 15048.9458      -   286  319s
  4384  3561 17098.6480   90  390          - 15048.9458      -   287  327s
  4478  3824 17418.3414   97  248          - 15048.9458      -   289  337s
  4751  4033 17963.5772  103  379          - 15048.9458      -   280  364s
  4790  4033 24661.5827  342   86          - 15048.9458      -   280  365s
