




arguments: ./build/bc_mirp -f ./input/orig_exec_170.cfg
Current dir: /scratch/gui/bc_mirp
File verbosity level: 9
date       time         ( uptime  ) [ thread name/id ]                   file:line     v| 
2021-02-11 02:31:10.702 (   0.185s) [main thread     ]             loguru.cpp:789   INFO| Logging to './output/vi_vc+hc1_full/OU/V4/Original/execution_11_02_2021_02_31_10.log', mode: 'a', verbosity: 9
--------------------------------------------------------------------------------
Parameters
                           instance_path           ./input/Instances/Original/4/
                            model_policy                                       1
                             nb_vehicles                                       4
                              output_dir ./output/vi_vc+hc1_full/OU/V4/Original/
                            sec_strategy                                       1
                       solver_nb_threads                                       2
                         solver_show_log                                    true
                       solver_time_limit                                    3600
                              use_vi_cos                                   false
                              use_vi_cus                                   false
                         use_vi_hc1_full                                    true
                         use_vi_hc1_half                                   false
                      use_vi_hc1_quarter                                   false
                              use_vi_hc2                                   false
                              use_vi_hc3                                   false
                         use_vi_lex_full                                   false
                         use_vi_lex_half                                   false
                      use_vi_lex_quarter                                   false
                              use_vi_qua                                   false
                               use_vi_vc                                    true
                               use_vi_vr                                   false
--------------------------------------------------------------------------------
executing instance: ./input/Instances/Original/4/absH3low_3n30.dat
--------------------------------------------------------------------------------
Instance details
n	31
H	3
C	2841
Li:
[0, 0, 0, 0, 0, 0, 0, 0, 0, 0, 0, 0, 0, 0, 0, 0, 0, 0, 0, 0, 0, 0, 0, 0, 0, 0, 0, 0, 0, 0, 0, ]
Ui:
[0, 246, 98, 54, 144, 171, 192, 180, 165, 98, 122, 198, 297, 144, 130, 129, 219, 138, 142, 150, 108, 66, 64, 285, 180, 204, 276, 168, 240, 198, 122, ]
Distance matrix:
|0	172	56	166	260	198	42	197	296	110	91	112	238	275	323	183	330	232	175	181	162	191	232	280	201	139	356	185	266	216	26	|
|172	0	178	223	320	335	153	355	444	62	231	99	333	376	214	352	176	235	194	106	47	41	353	161	299	175	225	43	326	374	153	|
|56	178	0	110	204	162	93	233	336	125	144	148	187	226	358	180	313	284	123	152	182	185	282	252	256	88	329	177	210	251	42	|
|166	223	110	0	102	150	199	327	431	194	253	237	113	156	431	228	296	386	44	140	248	208	389	218	366	48	287	200	108	344	148	|
|260	320	204	102	0	156	296	391	493	296	340	339	66	90	531	263	362	486	127	226	349	300	469	278	454	148	334	292	6	406	245	|
|198	335	162	150	156	0	239	255	351	286	245	307	93	106	518	111	442	423	194	280	344	335	349	367	352	182	437	327	158	266	199	|
|42	153	93	199	296	239	0	203	296	91	82	76	278	316	284	217	322	191	201	186	133	180	217	281	177	165	356	175	302	222	52	|
|197	355	233	327	391	255	203	0	104	294	125	266	340	361	436	151	524	276	352	377	330	383	109	477	146	319	553	377	395	19	222	|
|296	444	336	431	493	351	296	104	0	384	214	348	440	456	488	241	617	315	456	476	412	475	113	575	176	422	651	470	497	88	322	|
|110	62	125	194	296	286	91	294	384	0	171	55	298	340	238	292	233	210	176	118	58	91	298	201	248	148	273	87	302	313	94	|
|91	231	144	253	340	245	82	125	214	171	0	141	307	339	324	184	403	187	266	266	204	261	140	363	114	230	438	256	346	144	116	|
|112	99	148	237	339	307	76	266	348	55	141	0	332	373	212	292	275	156	225	173	64	137	254	253	200	194	322	135	345	284	108	|
|238	333	187	113	66	93	278	340	440	298	307	332	0	43	536	203	404	469	153	253	354	321	427	322	420	160	385	313	67	353	229	|
|275	376	226	156	90	106	316	361	456	340	339	373	43	0	578	216	443	507	194	295	397	364	453	361	451	203	421	356	88	372	268	|
|323	214	358	431	531	518	284	436	488	238	324	212	536	578	0	498	309	176	407	320	183	245	376	344	312	383	379	251	537	451	319	|
|183	352	180	228	263	111	217	151	241	292	184	292	203	216	498	0	492	371	266	328	345	364	255	426	272	242	501	356	266	159	198	|
|330	176	313	296	362	442	322	524	617	233	403	275	404	443	309	492	0	397	253	164	218	142	529	84	475	260	72	147	367	543	306	|
|232	235	284	386	486	423	191	276	315	210	187	156	469	507	176	371	397	0	379	327	188	276	202	396	139	346	456	277	492	289	242	|
|175	194	123	44	127	194	201	352	456	176	266	225	153	194	407	266	253	379	0	101	225	174	405	174	375	36	244	166	133	370	152	|
|181	106	152	140	226	280	186	377	476	118	266	173	253	295	320	328	164	327	101	0	148	76	403	100	360	98	177	69	232	396	155	|
|162	47	182	248	349	344	133	330	412	58	204	64	354	397	183	345	218	188	225	148	0	89	316	208	259	201	270	90	355	348	149	|
|191	41	185	208	300	335	180	383	475	91	261	137	321	364	245	364	142	276	174	76	89	0	388	119	336	162	185	8	306	402	169	|
|232	353	282	389	469	349	217	109	113	298	140	254	427	453	376	255	529	202	405	403	316	388	0	497	64	369	570	384	474	112	256	|
|280	161	252	218	278	367	281	477	575	201	363	253	322	361	344	426	84	396	174	100	208	119	497	0	449	187	77	119	283	496	255	|
|201	299	256	366	454	352	177	146	176	248	114	200	420	451	312	272	475	139	375	360	259	336	64	449	0	339	521	333	460	156	223	|
|139	175	88	48	148	182	165	319	422	148	230	194	160	203	383	242	260	346	36	98	201	162	369	187	339	0	260	153	154	337	116	|
|356	225	329	287	334	437	356	553	651	273	438	322	385	421	379	501	72	456	244	177	270	185	570	77	521	260	0	187	338	572	331	|
|185	43	177	200	292	327	175	377	470	87	256	135	313	356	251	356	147	277	166	69	90	8	384	119	333	153	187	0	298	396	163	|
|266	326	210	108	6	158	302	395	497	302	346	345	67	88	537	266	367	492	133	232	355	306	474	283	460	154	338	298	0	410	251	|
|216	374	251	344	406	266	222	19	88	313	144	284	353	372	451	159	543	289	370	396	348	402	112	496	156	337	572	396	410	0	241	|
|26	153	42	148	245	199	52	222	322	94	116	108	229	268	319	198	306	242	152	155	149	169	256	255	223	116	331	163	251	241	0	|

--------------------------------------------------------------------------------
Building model...
	using lazy and cut (CVRPSEP package)
Solving IRP LP...
--------------------------------------------------------------------------------

Gurobi 9.1.0 (linux64) logging started Thu Feb 11 02:31:10 2021

Gurobi Optimizer version 9.1.0 build v9.1.0rc0 (linux64)
Thread count: 32 physical cores, 32 logical processors, using up to 2 threads
Optimize a model with 1420 rows, 6436 columns and 19747 nonzeros
Model fingerprint: 0xab82b262
Variable types: 484 continuous, 5952 integer (372 binary)
Coefficient statistics:
  Matrix range     [1e+00, 7e+02]
  Objective range  [1e-02, 7e+02]
  Bounds range     [1e+00, 3e+02]
  RHS range        [1e+00, 5e+03]
Presolve removed 355 rows and 712 columns
Presolve time: 0.11s
Presolved: 1065 rows, 5724 columns, 17126 nonzeros
Variable types: 289 continuous, 5435 integer (5076 binary)

Root relaxation: objective 2.406741e+03, 1081 iterations, 0.03 seconds

    Nodes    |    Current Node    |     Objective Bounds      |     Work
 Expl Unexpl |  Obj  Depth IntInf | Incumbent    BestBd   Gap | It/Node Time

     0     0 2406.74103    0   93          - 2406.74103      -     -    0s
     0     0 2640.23660    0  144          - 2640.23660      -     -    0s
     0     0 2640.26956    0  144          - 2640.26956      -     -    0s
     0     0 3241.83637    0  228          - 3241.83637      -     -    0s
     0     0 3247.80605    0  143          - 3247.80605      -     -    0s
     0     0 3248.34300    0  158          - 3248.34300      -     -    0s
     0     0 3277.58961    0  155          - 3277.58961      -     -    0s
     0     0 3289.73754    0  161          - 3289.73754      -     -    0s
     0     0 3302.39792    0  153          - 3302.39792      -     -    0s
     0     0 3302.39792    0  142          - 3302.39792      -     -    0s
     0     0 3350.10579    0  265          - 3350.10579      -     -    1s
     0     0 3451.20859    0  256          - 3451.20859      -     -    1s
     0     0 3474.20724    0  267          - 3474.20724      -     -    1s
     0     0 3474.37587    0  263          - 3474.37587      -     -    1s
     0     0 3542.92016    0  320          - 3542.92016      -     -    1s
     0     0 3560.93898    0  344          - 3560.93898      -     -    1s
     0     0 3565.57613    0  280          - 3565.57613      -     -    2s
     0     0 3566.61629    0  312          - 3566.61629      -     -    2s
     0     0 3581.02571    0  250          - 3581.02571      -     -    2s
     0     0 3583.13701    0  267          - 3583.13701      -     -    2s
     0     0 3583.23222    0  253          - 3583.23222      -     -    2s
     0     0 3584.35040    0  342          - 3584.35040      -     -    2s
     0     0 3584.35040    0  340          - 3584.35040      -     -    2s
     0     2 3593.65523    0  389          - 3593.65523      -     -    3s
    53    57 3756.26263   15  269          - 3624.67731      -   240    5s
*  407   403             146    6300.9100000 3624.67731  42.5%   118    9s
   428   394 6124.91157  101   93 6300.91000 3624.67731  42.5%   115   10s
   492   452 5044.05792   58  116 6300.91000 3624.67731  42.5%   140   15s
   689   631     cutoff  131      6300.91000 3626.16896  42.5%   130   20s
   726   657 4036.12471   21  286 6300.91000 3626.16896  42.5%   141   25s
   747   671 5843.42000  120  508 6300.91000 3777.75368  40.0%   137   30s
H  747   637                    6252.9100000 3781.43793  39.5%   137   30s
   764   648 5873.20239   79  523 6252.91000 3798.55112  39.3%   134   35s
H  772   622                    6129.9100000 3799.17859  38.0%   146   36s
H  787   600                    5648.5900000 3803.06749  32.7%   143   40s
   800   611 3808.65194   25  492 5648.59000 3806.80842  32.6%   149   47s
   808   617 3868.97062   27  450 5648.59000 3814.45262  32.5%   151   50s
   848   646 3909.56508   36  417 5648.59000 3843.00568  32.0%   165   55s
   888   671 4031.16771   47  385 5648.59000 3843.00568  32.0%   179   60s
   942   712 4179.83805   59  361 5648.59000 3843.00568  32.0%   192   65s
   978   731 4228.35758   69  353 5648.59000 3843.00568  32.0%   199   70s
  1038   790 4482.85254   83  308 5648.59000 3843.00568  32.0%   208   75s
  1145   868 4475.89863  107  260 5648.59000 3843.00568  32.0%   216   81s
  1274   944 4634.88616  135  312 5648.59000 3843.00568  32.0%   221   86s
  1343  1006 4665.57304  148  297 5648.59000 3843.00568  32.0%   225   90s
  1488  1053 4860.57157  179  280 5648.59000 3843.00568  32.0%   232   96s
  1564  1150 5420.48684  203  213 5648.59000 3843.00568  32.0%   238  101s
  1714  1208 3977.68940   30  491 5648.59000 3847.31215  31.9%   231  105s
H 1796  1113                    5338.5900000 3847.31215  27.9%   228  107s
  1813  1103 4208.44228   33  293 5338.59000 3847.31215  27.9%   228  110s
  1875  1159 4261.80504   36  410 5338.59000 3847.31215  27.9%   237  115s
  1897  1237 4451.11162   37  381 5338.59000 3847.31215  27.9%   240  124s
  1982  1242 4402.95358   40  282 5338.59000 3847.31215  27.9%   235  127s
H 1983   812                    4813.2700000 3847.31215  20.1%   235  127s
  2032   761 4432.06083   41  246 4813.27000 3847.31215  20.1%   232  133s
  2034   849 4529.07738   41  216 4813.27000 3869.02149  19.6%   232  136s
  2161   861 4310.48200   35  148 4813.27000 3875.20403  19.5%   230  141s
  2245   900 4772.11920   53  140 4813.27000 3875.20809  19.5%   234  146s
  2349   983 4359.92545   43  212 4813.27000 3882.39952  19.3%   237  151s
  2470  1017 4562.86600   71  104 4813.27000 3882.39952  19.3%   235  155s
  2555  1080 4532.80278   47  264 4813.27000 3906.78112  18.8%   237  161s
  2601  1123 4189.60010   33  293 4813.27000 3910.20087  18.8%   240  170s
  2714  1185 4780.14728   47  156 4813.27000 3916.72802  18.6%   244  177s
  2751  1232 4496.35725   51  362 4813.27000 3916.97130  18.6%   248  180s
  2806  1303 4186.04841   37  368 4813.27000 3917.42305  18.6%   250  185s
H 2836  1254                    4777.2500000 3917.42305  18.0%   251  186s
  2931  1297 4252.02009   37  326 4777.25000 3919.70111  18.0%   248  190s
  2976  1354 4678.07985   56  183 4777.25000 3929.33973  17.7%   250  195s
  3118  1428 4685.34256   50  294 4777.25000 3930.10850  17.7%   251  213s
  3169  1461 4383.35252   37  329 4777.25000 3933.97282  17.7%   255  218s
  3214  1488 4144.43768   35  347 4777.25000 3933.99428  17.7%   259  222s
  3279  1544 4166.69403   33  371 4777.25000 3939.35937  17.5%   261  227s
  3381  1596 4303.92666   34  254 4777.25000 3939.94319  17.5%   262  232s
  3449  1649 4249.94494   43  397 4777.25000 3942.63449  17.5%   263  237s
  3527  1675 4633.97877   44  299 4777.25000 3944.20687  17.4%   266  243s
  3577  1725 4447.81532   43  266 4777.25000 3945.75950  17.4%   269  249s
  3647  1787 4376.58957   43  284 4777.25000 3946.14685  17.4%   272  255s
  3744  1812 4754.02893   53  223 4777.25000 3947.66556  17.4%   274  261s
  3786  1881 4550.36854   41  257 4777.25000 3954.78630  17.2%   277  267s
  3869  1962     cutoff   43      4777.25000 3955.16336  17.2%   278  273s
  3988  2019 4680.75897   47  315 4777.25000 3967.49824  17.0%   277  280s
  4064  2066 4584.56549   49  350 4777.25000 3978.08104  16.7%   279  286s
  4135  2134 4619.39215   51  215 4777.25000 3978.97316  16.7%   282  298s
  4277  2184 4076.81191   34  454 4777.25000 3982.46836  16.6%   281  304s
  4345  2288 4294.32577   39  360 4777.25000 3982.75320  16.6%   284  313s
  4513  2331 4739.67133   55  118 4777.25000 3985.09015  16.6%   282  320s
  4591  2382 4301.28699   42  408 4777.25000 3996.63797  16.3%   285  328s
  4676  2426 4655.76243   47  246 4777.25000 3999.37905  16.3%   289  343s
H 4759  2384                    4749.2500000 3999.37905  15.8%   292  352s
  4823  2437 4391.31085   38  191 4749.25000 4008.84649  15.6%   295  360s
  4922  2441     cutoff   51      4749.25000 4019.96972  15.4%   297  386s
H 4924  2434                    4746.2500000 4019.96972  15.3%   298  386s
  4928  2501 4249.39749   33  367 4746.25000 4019.96972  15.3%   298  395s
  5003  2544 4668.23879   49  207 4746.25000 4023.10059  15.2%   301  404s
  5126  2591 4309.57669   38  309 4746.25000 4031.03916  15.1%   303  414s
  5220  2670 4256.10948   34  406 4746.25000 4035.80188  15.0%   305  424s
  5324  2713     cutoff   77      4746.25000 4038.21281  14.9%   308  434s
  5415  2788 4439.59046   35  213 4746.25000 4046.23688  14.7%   312  444s
  5528  2849 4212.61099   33  304 4746.25000 4050.03099  14.7%   314  455s
  5659  2898 4250.82380   33  388 4746.25000 4054.45536  14.6%   317  466s
  5725  2999 4402.64251   40  355 4746.25000 4058.02511  14.5%   321  477s
  5882  3048 4259.00876   40  335 4746.25000 4065.27665  14.3%   322  489s
  5973  3140 4588.44044   44  317 4746.25000 4070.05256  14.2%   325  500s
  6093  3172 4611.83926   52  292 4746.25000 4070.12949  14.2%   327  511s
  6167  3266 4354.19531   47  353 4746.25000 4072.02540  14.2%   332  523s
  6335  3309 4633.99412   37  232 4746.25000 4075.57989  14.1%   333  534s
  6426  3376 4476.75633   35  201 4746.25000 4077.03031  14.1%   336  546s
  6548  3427 4644.36588   48  273 4746.25000 4084.10151  14.0%   339  557s
  6651  3479 4252.95295   46  447 4746.25000 4087.03084  13.9%   342  570s
  6745  3539     cutoff   47      4746.25000 4087.49328  13.9%   344  583s
  6848  3593 4698.69839   39  216 4746.25000 4091.50969  13.8%   346  595s
  6955  3680 4725.31654   54  172 4746.25000 4096.16090  13.7%   349  608s
  7100  3781 4448.08033   47  374 4746.25000 4105.58912  13.5%   350  620s
  7255  3878 4661.04214   39   90 4746.25000 4110.79731  13.4%   351  636s
  7454  3956 4425.71706   36  415 4746.25000 4115.00069  13.3%   352  651s
  7569  4041 4717.45773   50  152 4746.25000 4119.45207  13.2%   356  667s
  7765  4117 4526.16463   43  352 4746.25000 4124.59204  13.1%   356  682s
  7911  4206 4381.53635   39  504 4746.25000 4128.78374  13.0%   360  698s
  8050  4308     cutoff   48      4746.25000 4131.48213  13.0%   362  715s
  8151  4308 4213.23632   29  392 4746.25000 4134.35559  12.9%   363  724s
  8203  4396 4553.68814   57   81 4746.25000 4134.71348  12.9%   365  740s
  8387  4467 4666.59020   42  252 4746.25000 4138.07665  12.8%   365  756s
  8523  4536 4521.36213   52  327 4746.25000 4142.87197  12.7%   367  773s
  8679  4602 4318.68486   35  390 4746.25000 4146.03616  12.6%   370  789s
  8794  4655 4505.85253   47  356 4746.25000 4148.24954  12.6%   373  804s
  8919  4710 4614.67239   43  291 4746.25000 4149.92815  12.6%   376  822s
  9052  4766 4387.04232   41  274 4746.25000 4152.46274  12.5%   379  839s
  9146  4844 4644.95316   42  309 4746.25000 4154.39926  12.5%   380  858s
  9288  4987 4690.63911   38  327 4746.25000 4157.51769  12.4%   382  874s
  9402  4987 4669.80955   65  117 4746.25000 4157.51769  12.4%   382  875s
  9504  5091 4302.99201   34  431 4746.25000 4160.04842  12.4%   382  891s
  9681  5181 4708.00720   38  245 4746.25000 4160.63873  12.3%   383  908s
  9835  5262 4632.28847   47  298 4746.25000 4163.76037  12.3%   386  924s
  9956  5301 4401.86482   37  276 4746.25000 4164.11932  12.3%   389  940s
 10127  5377 4550.81576   39  224 4746.25000 4166.36510  12.2%   390  956s
 10287  5483 4322.01007   44  360 4746.25000 4167.94015  12.2%   392  973s
 10466  5553     cutoff   50      4746.25000 4170.47934  12.1%   393  990s
 10617  5598 4430.27991   42  268 4746.25000 4173.83863  12.1%   394 1007s
 10738  5633 4652.28572   45  385 4746.25000 4176.26527  12.0%   396 1022s
 10855  5713 4420.36596   53  400 4746.25000 4180.65406  11.9%   399 1039s
 10992  5793 4546.04854   40  342 4746.25000 4183.30241  11.9%   401 1057s
 11155  5866 4605.30236   38  333 4746.25000 4184.46647  11.8%   403 1073s
 11298  5942 4616.51025   44  303 4746.25000 4189.41547  11.7%   405 1090s
 11494  6050 4481.89620   45  306 4746.25000 4192.02026  11.7%   405 1108s
 11695  6134 4357.95239   41  388 4746.25000 4194.28498  11.6%   406 1124s
 11858  6231 4414.53788   40  385 4746.25000 4196.89730  11.6%   407 1142s
 12039  6299 4703.58325   42  292 4746.25000 4198.70098  11.5%   408 1160s
 12209  6381 4550.21742   39  382 4746.25000 4200.24636  11.5%   409 1178s
 12357  6450 4273.30708   33  450 4746.25000 4201.65663  11.5%   410 1197s
 12463  6501 4584.66374   44  340 4746.25000 4201.89892  11.5%   412 1214s
 12603  6552 4698.33763   37  327 4746.25000 4205.56973  11.4%   413 1231s
 12749  6637 4646.23872   45  124 4746.25000 4207.46681  11.4%   415 1248s
 12939  6733 4702.56076   47  445 4746.25000 4209.44010  11.3%   415 1265s
 13107  6779 4381.87231   42  371 4746.25000 4210.97328  11.3%   416 1282s
 13225  6832 4641.26619   41  415 4746.25000 4213.17721  11.2%   418 1299s
 13360  6882 4431.50752   42  282 4746.25000 4215.80379  11.2%   420 1316s
 13476  6916 4579.63022   38  321 4746.25000 4218.30011  11.1%   422 1333s
 13600  7018 4439.84256   42  291 4746.25000 4220.59287  11.1%   424 1351s
 13760  7088 4732.66837   45  290 4746.25000 4221.56664  11.1%   425 1367s
 13917  7154 4696.94539   41  295 4746.25000 4223.54196  11.0%   426 1385s
 14107  7231 4251.92942   34  461 4746.25000 4227.44794  10.9%   426 1403s
 14265  7304 4709.18120   44  288 4746.25000 4229.26280  10.9%   427 1421s
 14425  7410 4544.64387   42  324 4746.25000 4231.42650  10.8%   428 1439s
 14487  7410 4660.20075   48  295 4746.25000 4232.12751  10.8%   429 1440s
 14616  7464     cutoff   56      4746.25000 4233.03265  10.8%   428 1457s
 14732  7512 4498.38690   42  383 4746.25000 4235.61411  10.8%   429 1479s
 14878  7553 4378.04738   30  354 4746.25000 4237.28770  10.7%   430 1496s
 15015  7649 4578.78112   41  378 4746.25000 4239.44025  10.7%   432 1514s
 15202  7702 4537.76737   38  450 4746.25000 4240.83263  10.6%   432 1531s
 15339  7748     cutoff   58      4746.25000 4241.86268  10.6%   433 1549s
 15509  7817     cutoff   42      4746.25000 4243.24111  10.6%   434 1567s
 15683  7983 4526.20953   42  141 4746.25000 4245.06058  10.6%   435 1585s
 15938  8023 4731.85448   57  229 4746.25000 4247.52487  10.5%   434 1603s
 16083  8092     cutoff   54      4746.25000 4251.95872  10.4%   435 1621s
 16222  8226 4442.77946   40  160 4746.25000 4253.15874  10.4%   436 1639s
 16487  8250     cutoff   57      4746.25000 4254.39458  10.4%   434 1656s
 16648  8316 4331.76564   33  392 4746.25000 4254.94243  10.4%   435 1676s
 16795  8374 4586.98524   41  261 4746.25000 4256.95195  10.3%   436 1694s
 16928  8457     cutoff   50      4746.25000 4257.90217  10.3%   437 1712s
 17127  8510 4572.72326   43  357 4746.25000 4258.80046  10.3%   437 1731s
 17279  8559     cutoff   49      4746.25000 4260.72219  10.2%   438 1748s
 17437  8662 4714.83623   50  211 4746.25000 4263.03044  10.2%   438 1767s
 17664  8701 4592.98997   40  188 4746.25000 4264.88148  10.1%   438 1793s
 17744  8756 4536.52045   36  407 4746.25000 4266.12014  10.1%   438 1813s
 17897  8827 4564.55063   38  361 4746.25000 4267.21784  10.1%   439 1832s
 18077  8901 4615.29666   43  159 4746.25000 4268.28658  10.1%   439 1850s
 18250  8957 4485.16177   41  302 4746.25000 4269.80056  10.0%   440 1867s
 18442  9031 4467.18481   41  164 4746.25000 4271.85059  10.0%   440 1886s
 18600  9123 4460.83142   42  127 4746.25000 4274.43460  9.94%   440 1906s
 18784  9171 4567.12041   43  382 4746.25000 4275.77723  9.91%   439 1924s
 18852  9171     cutoff   43      4746.25000 4276.26813  9.90%   440 1926s
 18921  9286 4675.14969   53  417 4746.25000 4276.39599  9.90%   441 1944s
 19140  9330 4671.42701   41  194 4746.25000 4277.96897  9.87%   440 1961s
 19315  9361 4705.85819   75  296 4746.25000 4278.61018  9.85%   440 1980s
 19442  9405 4593.13730   38  335 4746.25000 4279.37673  9.84%   442 1998s
 19576  9480 4736.82095   42  166 4746.25000 4281.80634  9.79%   443 2018s
 19769  9529 4588.88494   38  404 4746.25000 4283.44486  9.75%   442 2037s
 19923  9585 4503.21784   50  315 4746.25000 4286.24194  9.69%   443 2056s
 20080  9675 4392.34915   44  204 4746.25000 4287.42457  9.67%   443 2074s
 20264  9728 4745.58770   40  210 4746.25000 4289.60539  9.62%   443 2092s
 20420  9791 4548.26724   53   80 4746.25000 4291.12532  9.59%   444 2109s
 20500  9791 4575.86123   35  405 4746.25000 4292.32060  9.56%   444 2110s
 20585  9859 4501.09799   37  407 4746.25000 4292.61169  9.56%   445 2129s
 20745  9917     cutoff   42      4746.25000 4293.66930  9.54%   445 2147s
 20920  9965     cutoff   43      4746.25000 4294.52347  9.52%   445 2166s
 21065 10039     cutoff   39      4746.25000 4295.66183  9.49%   446 2185s
 21235 10107 4536.06634   40  276 4746.25000 4297.38883  9.46%   446 2203s
 21397 10161 4532.37630   44  199 4746.25000 4298.35761  9.44%   447 2222s
 21534 10200 4649.64647   39  297 4746.25000 4299.40019  9.41%   448 2240s
 21691 10278 4706.73653   47  149 4746.25000 4300.92028  9.38%   448 2258s
 21861 10323 4734.93663   41  320 4746.25000 4303.23528  9.33%   448 2276s
 22015 10390 4610.23432   42  344 4746.25000 4304.03216  9.32%   449 2295s
 22180 10448 4525.56027   45  480 4746.25000 4304.98655  9.30%   449 2313s
 22324 10521 4698.02309   45  218 4746.25000 4306.03489  9.28%   450 2333s
 22501 10578 4628.28331   40  454 4746.25000 4307.50486  9.24%   450 2351s
 22666 10609 4734.27089   42  211 4746.25000 4308.47953  9.22%   450 2370s
 22840 10709 4561.95877   39  200 4746.25000 4309.43509  9.20%   451 2390s
 23062 10761 4476.20850   39  305 4746.25000 4311.14211  9.17%   450 2410s
 23230 10820     cutoff   50      4746.25000 4312.26241  9.14%   450 2429s
 23389 10879 4699.54816   47  235 4746.25000 4314.04257  9.11%   451 2448s
 23555 10932 4675.35159   40  417 4746.25000 4315.40840  9.08%   451 2467s
 23706 10986 4411.81838   43  473 4746.25000 4316.75797  9.05%   451 2485s
 23865 11010 4544.72822   38  285 4746.25000 4317.64068  9.03%   452 2504s
 23997 11042 4610.01387   44  434 4746.25000 4318.81420  9.01%   453 2523s
 24116 11116 4503.77667   37  148 4746.25000 4319.57998  8.99%   454 2543s
 24305 11162 4393.45076   42  382 4746.25000 4320.59374  8.97%   454 2562s
 24457 11201 4577.55295   48  349 4746.25000 4321.48457  8.95%   454 2584s
 24620 11259 4592.02000   39  291 4746.25000 4322.12923  8.94%   454 2604s
 24777 11327 4629.25999   50  164 4746.25000 4323.54661  8.91%   455 2623s
 24941 11361     cutoff   41      4746.25000 4324.39353  8.89%   455 2641s
 25090 11403     cutoff   42      4746.25000 4325.12399  8.87%   455 2660s
 25245 11454 4607.46758   54  305 4746.25000 4326.25492  8.85%   455 2678s
 25407 11554 4705.66413   41  387 4746.25000 4327.55241  8.82%   455 2698s
*25578 11455              55    4738.2600000 4329.43888  8.63%   455 2699s
 25603 11535 4499.06455   45  344 4738.26000 4329.66756  8.62%   455 2717s
 25797 11590 4520.37756   46   82 4738.26000 4330.10364  8.61%   455 2736s
H25884 10537                    4696.4000000 4330.10364  7.80%   454 2736s
 25963 10589 4661.87440   41  438 4696.40000 4330.78864  7.78%   454 2755s
 26135 10635 4689.85989   43  351 4696.40000 4332.67630  7.74%   454 2774s
 26293 10650     cutoff   51      4696.40000 4333.66804  7.72%   454 2793s
 26423 10684 4511.91622   43  390 4696.40000 4334.55393  7.70%   455 2812s
 26545 10701 4597.36604   37  274 4696.40000 4335.31865  7.69%   456 2832s
 26670 10728     cutoff   38      4696.40000 4336.21847  7.67%   456 2852s
 26810 10744     cutoff   43      4696.40000 4337.21129  7.65%   457 2872s
 26933 10811 4363.04015   36  222 4696.40000 4337.77857  7.64%   457 2894s
 27104 10840     cutoff   52      4696.40000 4338.13724  7.63%   457 2912s
 27249 10878 4543.91362   43  330 4696.40000 4338.97148  7.61%   457 2931s
 27417 10905 4540.64926   45  148 4696.40000 4340.61819  7.58%   458 2951s
H27442  9639                    4665.2900000 4340.61819  6.96%   458 2951s
 27540  9674     cutoff   48      4665.29000 4340.96416  6.95%   458 2969s
 27623  9674 4552.95113   35  277 4665.29000 4342.37265  6.92%   458 2970s
 27707  9720 4658.34876   48  306 4665.29000 4342.47619  6.92%   458 2989s
 27884  9747 4620.56838   53   93 4665.29000 4343.59573  6.90%   458 3008s
 28018  9769 4602.05482   44  273 4665.29000 4344.44980  6.88%   459 3027s
 28156  9793 4513.41055   41  342 4665.29000 4346.25505  6.84%   460 3045s
 28302  9798 4622.91568   44  467 4665.29000 4347.27206  6.82%   460 3065s
 28439  9848 4438.95111   44  255 4665.29000 4348.60649  6.79%   461 3084s
 28608  9870 4584.46124   45  454 4665.29000 4349.40840  6.77%   461 3104s
 28766  9884 4483.79762   45  346 4665.29000 4350.65113  6.74%   461 3122s
 28924  9902     cutoff   50      4665.29000 4351.49466  6.73%   461 3142s
 29060  9923 4655.11100   35  328 4665.29000 4352.63710  6.70%   462 3162s
 29249  9934     cutoff   40      4665.29000 4353.77819  6.68%   462 3182s
 29374  9969 4566.05701   39  342 4665.29000 4354.55764  6.66%   463 3202s
 29553 10010 4479.13011   44  401 4665.29000 4355.93679  6.63%   463 3223s
 29737 10033 4572.37585   40  321 4665.29000 4356.56807  6.62%   463 3243s
 29908 10081     cutoff   49      4665.29000 4357.90277  6.59%   463 3264s
 30057 10088 4647.56729   51  339 4665.29000 4358.93443  6.57%   463 3283s
 30176 10120     cutoff   52      4665.29000 4359.90650  6.55%   464 3304s
 30320 10128 4548.22005   49  310 4665.29000 4362.09832  6.50%   464 3323s
 30452 10143 4556.02224   47  275 4665.29000 4362.81250  6.48%   465 3412s
 30599 10172 4593.37645   39  171 4665.29000 4363.09299  6.48%   465 3432s
 30772 10179 4501.47581   38  359 4665.29000 4364.30910  6.45%   465 3452s
 30919 10195     cutoff   38      4665.29000 4365.09182  6.43%   466 3472s
 31075 10232 4614.46619   34  446 4665.29000 4366.40196  6.41%   466 3492s
 31234 10238     cutoff   44      4665.29000 4367.47207  6.38%   466 3512s
 31382 10266     cutoff   42      4665.29000 4368.28786  6.37%   467 3533s
 31536 10281 4604.06368   43  392 4665.29000 4369.31385  6.34%   467 3553s
 31693 10295 4572.33603   37  233 4665.29000 4370.48513  6.32%   467 3574s
 31840 10315 4472.61096   37  135 4665.29000 4372.45875  6.28%   468 3593s
 32010 10321 4535.70462   44  417 4665.29000 4373.87004  6.25%   468 3600s

Cutting planes:
  User: 6412
  Gomory: 11
  Cover: 363
  Implied bound: 142
  Projected implied bound: 13
  Clique: 27
  MIR: 89
  StrongCG: 2
  Flow cover: 216
  Zero half: 14
  RLT: 202
  Relax-and-lift: 6
  Lazy constraints: 409

Explored 32059 nodes (15005347 simplex iterations) in 3600.14 seconds
Thread count was 2 (of 32 available processors)

Solution count 10: 4665.29 4696.4 4738.26 ... 6129.91

Time limit reached
Best objective 4.665290000000e+03, best bound 4.373949032671e+03, gap 6.2449%

User-callback calls 352836, time in user-callback 155.89 sec
================================================================================
executing instance: ./input/Instances/Original/4/absH3low_3n10.dat
--------------------------------------------------------------------------------
Instance details
n	11
H	3
C	687
Li:
[0, 0, 0, 0, 0, 0, 0, 0, 0, 0, 0, ]
Ui:
[0, 189, 44, 174, 78, 36, 198, 117, 42, 96, 240, ]
Distance matrix:
|0	209	255	286	142	156	285	317	182	161	135	|
|209	0	464	451	315	356	490	469	361	299	260	|
|255	464	0	221	202	130	74	280	189	254	273	|
|286	451	221	0	145	156	164	479	354	153	192	|
|142	315	202	145	0	73	194	388	250	53	73	|
|156	356	130	156	73	0	134	332	200	127	144	|
|285	490	74	164	194	134	0	353	256	239	267	|
|317	469	280	479	388	332	353	0	141	436	430	|
|182	361	189	354	250	200	256	141	0	296	289	|
|161	299	254	153	53	127	239	436	296	0	39	|
|135	260	273	192	73	144	267	430	289	39	0	|

--------------------------------------------------------------------------------
Building model...
	using lazy and cut (CVRPSEP package)
Solving IRP LP...
--------------------------------------------------------------------------------

Gurobi 9.1.0 (linux64) logging started Thu Feb 11 03:31:11 2021

Gurobi Optimizer version 9.1.0 build v9.1.0rc0 (linux64)
Thread count: 32 physical cores, 32 logical processors, using up to 2 threads
Optimize a model with 500 rows, 956 columns and 3317 nonzeros
Model fingerprint: 0xa35474ab
Variable types: 164 continuous, 792 integer (132 binary)
Coefficient statistics:
  Matrix range     [1e+00, 2e+02]
  Objective range  [1e-02, 5e+02]
  Bounds range     [1e+00, 2e+02]
  RHS range        [1e+00, 1e+03]
Presolve removed 156 rows and 269 columns
Presolve time: 0.02s
Presolved: 344 rows, 687 columns, 2343 nonzeros
Variable types: 84 continuous, 603 integer (495 binary)
Found heuristic solution: objective 8000.0100000

Root relaxation: objective 1.904889e+03, 422 iterations, 0.01 seconds

    Nodes    |    Current Node    |     Objective Bounds      |     Work
 Expl Unexpl |  Obj  Depth IntInf | Incumbent    BestBd   Gap | It/Node Time

     0     0 1913.22084    0   58 8000.01000 1913.22084  76.1%     -    0s
H    0     0                    7533.6200000 1913.22084  74.6%     -    0s
     0     0 2273.17771    0   70 7533.62000 2273.17771  69.8%     -    0s
H    0     0                    6220.1400000 2273.17771  63.5%     -    0s
     0     0 2308.03807    0   65 6220.14000 2308.03807  62.9%     -    0s
     0     0 2486.61052    0   60 6220.14000 2486.61052  60.0%     -    0s
H    0     0                    5617.7500000 2486.61052  55.7%     -    0s
     0     0 2562.33936    0   77 5617.75000 2562.33936  54.4%     -    0s
     0     0 2574.33778    0   74 5617.75000 2574.33778  54.2%     -    0s
     0     0 2575.75172    0   75 5617.75000 2575.75172  54.1%     -    0s
     0     0 2691.92511    0  112 5617.75000 2691.92511  52.1%     -    0s
H    0     0                    4241.0300000 2691.92511  36.5%     -    0s
H    0     0                    3617.8400000 2691.92511  25.6%     -    0s
     0     0 2695.32917    0  102 3617.84000 2695.32917  25.5%     -    0s
     0     0 2696.62760    0  111 3617.84000 2696.62760  25.5%     -    0s
     0     0 2696.83040    0  112 3617.84000 2696.83040  25.5%     -    0s
     0     0 2763.52068    0  111 3617.84000 2763.52068  23.6%     -    0s
H    0     0                    3557.7100000 2763.52068  22.3%     -    0s
H    0     0                    3520.7100000 2763.52068  21.5%     -    0s
     0     0 2764.44059    0  112 3520.71000 2764.44059  21.5%     -    0s
     0     0 2764.73154    0  112 3520.71000 2764.73154  21.5%     -    0s
     0     0 2776.39869    0   92 3520.71000 2776.39869  21.1%     -    0s
     0     0 2782.06711    0   99 3520.71000 2782.06711  21.0%     -    0s
     0     0 2782.06980    0  100 3520.71000 2782.06980  21.0%     -    0s
     0     0 2809.32944    0   94 3520.71000 2809.32944  20.2%     -    0s
H    0     0                    3487.7100000 2809.32944  19.5%     -    0s
     0     0 2812.46345    0   85 3487.71000 2812.46345  19.4%     -    0s
     0     0 2813.08929    0   98 3487.71000 2813.08929  19.3%     -    0s
     0     0 2815.59550    0  165 3487.71000 2815.59550  19.3%     -    0s
H    0     0                    3461.7100000 2815.59550  18.7%     -    0s
     0     0 2816.79627    0  165 3461.71000 2816.79627  18.6%     -    0s
     0     0 2816.80390    0  170 3461.71000 2816.80390  18.6%     -    0s
     0     0 2819.11139    0  106 3461.71000 2819.11139  18.6%     -    0s
H    0     0                    3409.1000000 2819.11139  17.3%     -    0s
     0     0 2819.11237    0  107 3409.10000 2819.11237  17.3%     -    0s
     0     0 2822.71990    0  127 3409.10000 2822.71990  17.2%     -    0s
     0     0 2822.71990    0  127 3409.10000 2822.71990  17.2%     -    0s
H    0     0                    3190.1000000 2823.82221  11.5%     -    0s
     0     2 2823.82221    0  127 3190.10000 2823.82221  11.5%     -    0s
H   93    56                    3112.3600000 2876.51568  7.58%  79.3    0s
*  228    43              20    3111.1000000 2979.07509  4.24%  68.9    1s

Cutting planes:
  User: 15
  Gomory: 5
  Cover: 79
  Implied bound: 53
  Clique: 7
  MIR: 42
  StrongCG: 2
  Flow cover: 55
  Network: 1
  RLT: 72
  Relax-and-lift: 17

Explored 298 nodes (20509 simplex iterations) in 1.39 seconds
Thread count was 2 (of 32 available processors)

Solution count 10: 3111.1 3112.36 3190.1 ... 4241.03

Optimal solution found (tolerance 1.00e-04)
Best objective 3.111100000000e+03, best bound 3.111100000000e+03, gap 0.0000%

User-callback calls 1073, time in user-callback 0.10 sec
================================================================================
executing instance: ./input/Instances/Original/4/absH3low_3n15.dat
--------------------------------------------------------------------------------
Instance details
n	16
H	3
C	1267
Li:
[0, 0, 0, 0, 0, 0, 0, 0, 0, 0, 0, 0, 0, 0, 0, 0, ]
Ui:
[0, 156, 267, 148, 144, 87, 33, 171, 76, 141, 270, 282, 60, 110, 172, 57, ]
Distance matrix:
|0	229	567	76	58	96	306	409	310	423	108	346	165	347	159	256	|
|229	0	482	243	279	155	375	525	251	419	158	373	65	123	329	246	|
|567	482	0	506	622	483	342	439	259	200	467	274	486	433	501	312	|
|76	243	506	0	119	88	230	337	255	352	88	272	179	347	94	194	|
|58	279	622	119	0	154	345	431	366	471	166	391	217	399	179	310	|
|96	155	483	88	154	0	266	397	224	358	17	289	92	262	176	179	|
|306	375	342	230	345	266	0	158	184	148	251	68	332	423	181	140	|
|409	525	439	337	431	397	158	0	340	244	386	201	476	581	253	298	|
|310	251	259	255	366	224	184	340	0	170	208	146	238	257	274	66	|
|423	419	200	352	471	358	148	244	170	0	341	84	396	424	323	182	|
|108	158	467	88	166	17	251	386	208	341	0	273	96	259	172	162	|
|346	373	274	272	391	289	68	201	146	84	273	0	340	400	239	127	|
|165	65	486	179	217	92	332	476	238	396	96	340	0	182	267	216	|
|347	123	433	347	399	262	423	581	257	424	259	400	182	0	423	283	|
|159	329	501	94	179	176	181	253	274	323	172	239	267	423	0	208	|
|256	246	312	194	310	179	140	298	66	182	162	127	216	283	208	0	|

--------------------------------------------------------------------------------
Building model...
	using lazy and cut (CVRPSEP package)
Solving IRP LP...
--------------------------------------------------------------------------------

Gurobi 9.1.0 (linux64) logging started Thu Feb 11 03:31:13 2021

Gurobi Optimizer version 9.1.0 build v9.1.0rc0 (linux64)
Thread count: 32 physical cores, 32 logical processors, using up to 2 threads
Optimize a model with 730 rows, 1876 columns and 6187 nonzeros
Model fingerprint: 0xcf5274ad
Variable types: 244 continuous, 1632 integer (192 binary)
Coefficient statistics:
  Matrix range     [1e+00, 3e+02]
  Objective range  [1e-02, 6e+02]
  Bounds range     [1e+00, 3e+02]
  RHS range        [1e+00, 2e+03]
Presolve removed 209 rows and 370 columns
Presolve time: 0.03s
Presolved: 521 rows, 1506 columns, 4807 nonzeros
Variable types: 136 continuous, 1370 integer (1199 binary)

Root relaxation: objective 1.936298e+03, 606 iterations, 0.01 seconds

    Nodes    |    Current Node    |     Objective Bounds      |     Work
 Expl Unexpl |  Obj  Depth IntInf | Incumbent    BestBd   Gap | It/Node Time

     0     0 1936.29817    0   66          - 1936.29817      -     -    0s
     0     0 2214.54679    0  101          - 2214.54679      -     -    0s
     0     0 2309.32954    0   96          - 2309.32954      -     -    0s
     0     0 2310.46127    0   96          - 2310.46127      -     -    0s
     0     0 2750.74367    0  160          - 2750.74367      -     -    0s
     0     0 2758.51833    0  150          - 2758.51833      -     -    0s
     0     0 2775.90668    0  131          - 2775.90668      -     -    0s
     0     0 2779.24817    0  139          - 2779.24817      -     -    0s
     0     0 2779.44050    0  129          - 2779.44050      -     -    0s
     0     0 2905.44074    0  163          - 2905.44074      -     -    0s
     0     0 2925.86611    0  167          - 2925.86611      -     -    0s
     0     0 2927.01410    0  169          - 2927.01410      -     -    0s
     0     0 2927.09863    0  171          - 2927.09863      -     -    0s
     0     0 2977.35505    0  159          - 2977.35505      -     -    0s
     0     0 2994.26590    0  183          - 2994.26590      -     -    0s
     0     0 2994.87003    0  169          - 2994.87003      -     -    0s
     0     0 3017.78086    0  126          - 3017.78086      -     -    0s
     0     0 3019.02015    0  119          - 3019.02015      -     -    0s
     0     0 3019.27394    0  139          - 3019.27394      -     -    0s
     0     0 3026.98670    0  165          - 3026.98670      -     -    0s
     0     0 3026.98670    0  165          - 3026.98670      -     -    0s
     0     2 3031.98670    0  164          - 3031.98670      -     -    0s
*  256   210              75    5575.0600000 3139.37604  43.7%  76.7    1s
*  258   210              77    5537.6800000 3139.37604  43.3%  76.2    1s
H  291   187                    4953.6800000 3139.37604  36.6%  82.6    2s
H  323   179                    4639.2800000 3139.37604  32.3%  81.2    2s
H  323   142                    4354.6800000 3139.37604  27.9%  81.2    2s
H  423   202                    4277.3000000 3182.95224  25.6%  84.6    3s
H  425   156                    3938.4800000 3182.95224  19.2%  85.7    3s
*  427   131              37    3866.2200000 3182.95224  17.7%  85.4    3s
H  453   137                    3861.2200000 3182.95224  17.6%  89.6    3s
H  453   132                    3853.4600000 3182.95224  17.4%  89.6    3s
H  454   131                    3848.4600000 3182.95224  17.3%  89.6    3s
