




arguments: ./build/bc_mirp -f ./input/orig_exec_26.cfg
Current dir: /scratch/gui/bc_mirp
File verbosity level: 9
date       time         ( uptime  ) [ thread name/id ]                   file:line     v| 
2021-02-06 16:34:02.780 (   0.446s) [main thread     ]             loguru.cpp:789   INFO| Logging to './output/vi_vc+hc1_full/OU/V4/Original/execution_06_02_2021_16_34_02.log', mode: 'a', verbosity: 9
--------------------------------------------------------------------------------
Parameters
                           instance_path           ./input/Instances/Original/1/
                            model_policy                                       1
                             nb_vehicles                                       4
                              output_dir ./output/vi_vc+hc1_full/OU/V4/Original/
                            sec_strategy                                       1
                       solver_nb_threads                                       2
                         solver_show_log                                    true
                       solver_time_limit                                    3600
                              use_vi_cos                                   false
                              use_vi_cus                                   false
                         use_vi_hc1_full                                    true
                         use_vi_hc1_half                                   false
                      use_vi_hc1_quarter                                   false
                              use_vi_hc2                                   false
                              use_vi_hc3                                   false
                         use_vi_lex_full                                   false
                         use_vi_lex_half                                   false
                      use_vi_lex_quarter                                   false
                              use_vi_qua                                   false
                               use_vi_vc                                    true
                               use_vi_vr                                   false
--------------------------------------------------------------------------------
executing instance: ./input/Instances/Original/1/absH3high_1n5.dat
--------------------------------------------------------------------------------
Instance details
n	6
H	3
C	289
Li:
[0, 0, 0, 0, 0, 0, ]
Ui:
[0, 195, 105, 116, 72, 22, ]
Distance matrix:
|0	85	349	17	203	289	|
|85	0	265	102	214	226	|
|349	265	0	366	368	238	|
|17	102	366	0	207	302	|
|203	214	368	207	0	431	|
|289	226	238	302	431	0	|

--------------------------------------------------------------------------------
Building model...
	using lazy and cut (CVRPSEP package)
Solving IRP LP...
--------------------------------------------------------------------------------

Gurobi 9.1.0 (linux64) logging started Sat Feb  6 16:34:03 2021

Gurobi Optimizer version 9.1.0 build v9.1.0rc0 (linux64)
Thread count: 32 physical cores, 32 logical processors, using up to 2 threads
Optimize a model with 270 rows, 336 columns and 1272 nonzeros
Model fingerprint: 0x4e88f8e7
Variable types: 84 continuous, 252 integer (72 binary)
Coefficient statistics:
  Matrix range     [1e+00, 2e+02]
  Objective range  [2e-01, 4e+02]
  Bounds range     [1e+00, 2e+02]
  RHS range        [1e+00, 5e+02]
Presolve removed 126 rows and 186 columns
Presolve time: 0.02s
Presolved: 144 rows, 150 columns, 600 nonzeros
Variable types: 36 continuous, 114 integer (78 binary)
Found heuristic solution: objective 4464.5000000
Found heuristic solution: objective 4220.7400000

Root relaxation: objective 1.950626e+03, 162 iterations, 0.00 seconds

    Nodes    |    Current Node    |     Objective Bounds      |     Work
 Expl Unexpl |  Obj  Depth IntInf | Incumbent    BestBd   Gap | It/Node Time

     0     0 1950.62600    0   19 4220.74000 1950.62600  53.8%     -    0s
H    0     0                    3657.3500000 1950.62600  46.7%     -    0s
     0     0 2526.95357    0   43 3657.35000 2526.95357  30.9%     -    0s
H    0     0                    2861.0900000 2526.95357  11.7%     -    0s
     0     0 2528.23287    0   43 2861.09000 2528.23287  11.6%     -    0s
     0     0 2680.66010    0   38 2861.09000 2680.66010  6.31%     -    0s
     0     0 2681.20081    0   36 2861.09000 2681.20081  6.29%     -    0s
     0     0 2700.00047    0   20 2861.09000 2700.00047  5.63%     -    0s
H    0     0                    2703.3300000 2700.00047  0.12%     -    0s
     0     0     cutoff    0      2703.33000 2703.33000  0.00%     -    0s

Cutting planes:
  Gomory: 5
  Cover: 11
  Implied bound: 10
  Clique: 4
  MIR: 10
  Flow cover: 14
  RLT: 8
  Relax-and-lift: 8

Explored 1 nodes (303 simplex iterations) in 0.08 seconds
Thread count was 2 (of 32 available processors)

Solution count 5: 2703.33 2861.09 3657.35 ... 4464.5

Optimal solution found (tolerance 1.00e-04)
Best objective 2.703330000000e+03, best bound 2.703330000000e+03, gap 0.0000%

User-callback calls 149, time in user-callback 0.00 sec
================================================================================
executing instance: ./input/Instances/Original/1/absH3high_1n45.dat
--------------------------------------------------------------------------------
Instance details
n	46
H	3
C	3462
Li:
[0, 0, 0, 0, 0, 0, 0, 0, 0, 0, 0, 0, 0, 0, 0, 0, 0, 0, 0, 0, 0, 0, 0, 0, 0, 0, 0, 0, 0, 0, 0, 0, 0, 0, 0, 0, 0, 0, 0, 0, 0, 0, 0, 0, 0, 0, ]
Ui:
[0, 273, 270, 36, 165, 192, 148, 45, 30, 75, 180, 198, 112, 117, 90, 64, 180, 22, 264, 174, 168, 270, 86, 66, 26, 66, 237, 156, 92, 108, 144, 72, 30, 45, 94, 54, 174, 96, 198, 136, 44, 180, 210, 249, 198, 48, ]
Distance matrix:
|0	281	201	160	249	201	93	431	236	139	252	136	116	166	390	110	349	374	303	180	327	464	236	70	44	461	346	439	363	254	312	426	305	206	71	137	169	200	247	260	20	219	256	253	460	278	|
|281	0	448	170	53	142	338	184	121	290	371	390	222	302	111	289	169	434	230	177	238	441	59	212	319	211	86	235	399	306	53	176	99	202	263	157	361	101	370	201	264	344	364	374	469	184	|
|201	448	0	285	430	325	114	556	361	171	191	64	228	174	546	294	453	306	364	289	388	435	393	254	157	585	491	536	318	254	490	554	436	407	266	292	108	388	186	337	207	181	205	190	408	364	|
|160	170	285	0	169	43	182	280	80	120	208	231	58	132	262	230	190	294	151	24	174	345	112	107	183	309	207	280	268	158	219	276	155	235	187	45	192	150	205	107	140	177	202	210	356	119	|
|249	53	430	169	0	152	317	238	145	282	377	369	212	299	157	242	215	452	261	183	273	474	76	181	290	264	140	287	421	320	63	229	145	148	221	142	352	53	374	226	234	346	370	378	498	215	|
|201	142	325	43	152	0	224	237	37	156	230	273	101	164	224	261	148	300	127	38	147	333	83	142	225	266	167	238	270	168	193	233	112	246	221	70	228	148	228	84	180	202	222	232	351	87	|
|93	338	114	182	317	224	0	460	262	92	180	52	124	112	440	199	364	307	292	191	317	415	284	140	57	490	387	452	304	208	377	457	336	297	163	181	84	274	175	256	95	152	188	180	402	280	|
|431	184	556	280	238	237	460	0	199	385	420	508	337	385	108	464	110	429	219	269	206	378	202	365	460	30	98	84	388	340	204	9	126	386	432	294	453	283	421	226	411	404	408	423	422	198	|
|236	121	361	80	145	37	262	199	0	191	255	310	138	197	191	290	114	312	118	72	133	330	69	175	262	229	132	204	279	186	174	195	75	258	251	102	262	153	254	81	216	230	246	257	353	72	|
|139	290	171	120	282	156	92	385	191	0	116	129	71	27	380	246	283	235	201	119	226	329	231	141	129	414	323	367	224	119	336	383	266	308	202	141	72	252	112	169	127	82	118	117	322	195	|
|252	371	191	208	377	230	180	420	255	116	0	187	178	90	443	361	311	127	204	195	224	246	313	257	232	446	382	380	129	81	423	421	320	422	318	242	100	355	5	195	241	34	15	2	225	224	|
|136	390	64	231	369	273	52	508	310	129	187	0	173	141	491	233	409	313	330	239	355	431	335	191	93	538	438	495	316	233	429	505	385	342	203	233	88	325	182	297	143	167	199	187	412	323	|
|116	222	228	58	212	101	124	337	138	71	178	173	0	91	319	206	244	284	187	69	212	357	165	85	130	367	265	333	264	151	267	333	213	244	161	70	140	181	175	145	97	145	177	180	359	165	|
|166	302	174	132	299	164	112	385	197	27	90	141	91	0	388	273	280	208	191	127	215	305	243	167	153	413	329	361	198	96	351	383	270	333	229	159	68	272	86	163	153	56	92	91	296	190	|
|390	111	546	262	157	224	440	108	191	380	443	491	319	388	0	399	164	480	264	261	261	456	156	320	426	125	62	186	442	369	107	99	125	300	374	260	452	210	443	252	372	420	433	446	494	227	|
|110	289	294	230	242	261	199	464	290	246	361	233	206	273	399	0	402	480	382	254	404	562	262	124	143	493	369	490	466	355	302	457	344	135	45	191	279	189	356	337	120	328	364	362	563	348	|
|349	169	453	190	215	148	364	110	114	283	311	409	244	280	164	402	0	324	110	174	101	292	151	289	372	135	109	90	284	230	212	111	70	354	364	216	348	245	312	118	329	295	298	313	330	90	|
|374	434	306	294	452	300	307	429	312	235	127	313	284	208	480	480	324	0	216	274	223	137	380	368	357	448	419	367	40	136	487	432	358	525	436	336	227	443	132	234	361	156	119	127	102	255	|
|303	230	364	151	261	127	292	219	118	201	204	330	187	191	264	382	110	216	0	128	25	213	185	258	314	243	203	176	178	123	282	221	144	372	338	193	256	270	206	45	283	193	191	206	239	46	|
|180	177	289	24	183	38	191	269	72	119	195	239	69	127	261	254	174	274	128	0	151	321	118	130	198	299	204	263	246	139	228	266	147	258	211	68	191	169	193	83	159	166	188	197	333	98	|
|327	238	388	174	273	147	317	206	133	226	224	355	212	215	261	404	101	223	25	151	0	203	198	281	339	228	202	156	184	143	288	209	146	390	362	215	280	286	226	68	308	215	210	226	235	61	|
|464	441	435	345	474	333	415	378	330	329	246	431	357	305	456	562	292	137	213	321	203	0	398	440	458	390	400	301	117	211	492	384	348	578	517	389	344	480	251	251	448	265	233	246	54	259	|
|236	59	393	112	76	83	284	202	69	231	313	335	165	243	156	262	151	380	185	118	198	398	0	167	270	231	110	233	347	250	110	195	85	203	230	103	303	95	311	150	217	284	305	315	422	139	|
|70	212	254	107	181	142	140	365	175	141	257	191	85	167	320	124	289	368	258	130	281	440	167	0	109	394	277	378	349	236	244	359	239	167	81	73	196	135	253	213	53	223	257	258	444	226	|
|44	319	157	183	290	225	57	460	262	129	232	93	130	153	426	143	372	357	314	198	339	458	270	109	0	490	379	462	351	247	353	456	334	250	110	168	140	243	226	274	56	201	238	232	449	294	|
|461	211	585	309	264	266	490	30	229	414	446	538	367	413	125	493	135	448	243	299	228	390	231	394	490	0	125	89	408	365	226	36	156	412	462	324	481	311	447	253	441	430	433	448	436	225	|
|346	86	491	207	140	167	387	98	132	323	382	438	265	329	62	369	109	419	203	204	202	400	110	277	379	125	0	155	381	307	113	90	63	288	339	211	394	186	382	190	327	359	371	384	436	165	|
|439	235	536	280	287	238	452	84	204	367	380	495	333	361	186	490	90	367	176	263	156	301	233	378	462	89	155	0	326	299	267	92	148	432	454	306	429	325	382	199	419	369	366	382	348	172	|
|363	399	318	268	421	270	304	388	279	224	129	316	264	198	442	466	284	40	178	246	184	117	347	349	351	408	381	326	0	113	452	391	321	502	422	311	229	415	134	199	348	152	118	130	98	219	|
|254	306	254	158	320	168	208	340	186	119	81	233	151	96	369	355	230	136	123	139	143	211	250	236	247	365	307	299	113	0	359	340	244	390	310	200	148	308	83	117	238	74	68	83	208	145	|
|312	53	490	219	63	193	377	204	174	336	423	429	267	351	107	302	212	487	282	228	288	492	110	244	353	226	113	267	452	359	0	195	145	194	283	199	407	115	421	254	296	394	415	425	521	237	|
|426	176	554	276	229	233	457	9	195	383	421	505	333	383	99	457	111	432	221	266	209	384	195	359	456	36	90	92	391	340	195	0	122	378	426	289	451	275	421	226	406	404	408	423	427	197	|
|305	99	436	155	145	112	336	126	75	266	320	385	213	270	125	344	70	358	144	147	146	348	85	239	334	156	63	148	321	244	145	122	0	286	310	168	336	177	320	128	285	298	309	322	381	103	|
|206	202	407	235	148	246	297	386	258	308	422	342	244	333	300	135	354	525	372	258	390	578	203	167	250	412	288	432	502	390	194	378	286	0	144	191	362	109	418	329	202	388	421	423	591	329	|
|71	263	266	187	221	221	163	432	251	202	318	203	161	229	374	45	364	436	338	211	362	517	230	81	110	462	339	454	422	310	283	426	310	144	0	150	239	168	313	294	77	285	321	319	518	306	|
|137	157	292	45	142	70	181	294	102	141	242	233	70	159	260	191	216	336	193	68	215	389	103	73	168	324	211	306	311	200	199	289	168	191	150	0	210	113	239	148	117	210	238	244	400	157	|
|169	361	108	192	352	228	84	453	262	72	100	88	140	68	452	279	348	227	256	191	280	344	303	196	140	481	394	429	229	148	407	451	336	362	239	210	0	318	95	231	164	79	111	100	325	258	|
|200	101	388	150	53	148	274	283	153	252	355	325	181	272	210	189	245	443	270	169	286	480	95	135	243	311	186	325	415	308	115	275	177	109	168	113	318	0	352	230	187	323	351	357	498	225	|
|247	370	186	205	374	228	175	421	254	112	5	182	175	86	443	356	312	132	206	193	226	251	311	253	226	447	382	382	134	83	421	421	320	418	313	239	95	352	0	196	237	30	19	6	230	224	|
|260	201	337	107	226	84	256	226	81	169	195	297	145	163	252	337	118	234	45	83	68	251	150	213	274	253	190	199	199	117	254	226	128	329	294	148	231	230	196	0	240	178	184	198	272	29	|
|20	264	207	140	234	180	95	411	216	127	241	143	97	153	372	120	329	361	283	159	308	448	217	53	56	441	327	419	348	238	296	406	285	202	77	117	164	187	237	240	0	208	245	242	446	257	|
|219	344	181	177	346	202	152	404	230	82	34	167	145	56	420	328	295	156	193	166	215	265	284	223	201	430	359	369	152	74	394	404	298	388	285	210	79	323	30	178	208	0	37	35	250	206	|
|256	364	205	202	370	222	188	408	246	118	15	199	177	92	433	364	298	119	191	188	210	233	305	257	238	433	371	366	118	68	415	408	309	421	321	238	111	351	19	184	245	37	0	17	214	212	|
|253	374	190	210	378	232	180	423	257	117	2	187	180	91	446	362	313	127	206	197	226	246	315	258	232	448	384	382	130	83	425	423	322	423	319	244	100	357	6	198	242	35	17	0	225	226	|
|460	469	408	356	498	351	402	422	353	322	225	412	359	296	494	563	330	102	239	333	235	54	422	444	449	436	436	348	98	208	521	427	381	591	518	400	325	498	230	272	446	250	214	225	0	285	|
|278	184	364	119	215	87	280	198	72	195	224	323	165	190	227	348	90	255	46	98	61	259	139	226	294	225	165	172	219	145	237	197	103	329	306	157	258	225	224	29	257	206	212	226	285	0	|

--------------------------------------------------------------------------------
Building model...
	using lazy and cut (CVRPSEP package)
Solving IRP LP...
--------------------------------------------------------------------------------

Gurobi 9.1.0 (linux64) logging started Sat Feb  6 16:34:03 2021

Gurobi Optimizer version 9.1.0 build v9.1.0rc0 (linux64)
Thread count: 32 physical cores, 32 logical processors, using up to 2 threads
Optimize a model with 2110 rows, 13696 columns and 40732 nonzeros
Model fingerprint: 0xc49cff80
Variable types: 724 continuous, 12972 integer (552 binary)
Coefficient statistics:
  Matrix range     [1e+00, 9e+02]
  Objective range  [1e-01, 6e+02]
  Bounds range     [1e+00, 3e+02]
  RHS range        [1e+00, 6e+03]
Presolve removed 496 rows and 1048 columns
Presolve time: 0.16s
Presolved: 1614 rows, 12648 columns, 35518 nonzeros
Variable types: 439 continuous, 12209 integer (11654 binary)

Root relaxation: objective 1.314057e+04, 1440 iterations, 0.06 seconds

    Nodes    |    Current Node    |     Objective Bounds      |     Work
 Expl Unexpl |  Obj  Depth IntInf | Incumbent    BestBd   Gap | It/Node Time

     0     0 13140.5741    0  124          - 13140.5741      -     -    0s
     0     0 13468.4808    0  120          - 13468.4808      -     -    0s
     0     0 13872.2761    0  260          - 13872.2761      -     -    1s
     0     0 13928.4021    0  272          - 13928.4021      -     -    1s
     0     0 13930.6727    0  249          - 13930.6727      -     -    1s
     0     0 13930.6839    0  249          - 13930.6839      -     -    1s
     0     0 14092.2542    0  306          - 14092.2542      -     -    1s
     0     0 14111.6604    0  281          - 14111.6604      -     -    2s
     0     0 14116.7453    0  290          - 14116.7453      -     -    2s
     0     0 14117.4752    0  283          - 14117.4752      -     -    2s
     0     0 14119.9975    0  302          - 14119.9975      -     -    2s
     0     0 14122.0764    0  311          - 14122.0764      -     -    2s
     0     0 14122.0764    0  306          - 14122.0764      -     -    2s
     0     0 14235.5832    0  311          - 14235.5832      -     -    3s
     0     0 14258.0637    0  315          - 14258.0637      -     -    3s
     0     0 14259.3756    0  329          - 14259.3756      -     -    3s
     0     0 14261.3582    0  327          - 14261.3582      -     -    4s
     0     0 14274.6980    0  351          - 14274.6980      -     -    4s
     0     0 14359.6550    0  388          - 14359.6550      -     -    4s
     0     0 14380.7347    0  378          - 14380.7347      -     -    4s
     0     0 14381.6501    0  401          - 14381.6501      -     -    4s
     0     0 14413.1609    0  451          - 14413.1609      -     -    5s
     0     0 14428.5847    0  449          - 14428.5847      -     -    5s
     0     0 14431.1109    0  417          - 14431.1109      -     -    5s
     0     0 14431.9151    0  446          - 14431.9151      -     -    5s
     0     0 14456.0492    0  460          - 14456.0492      -     -    6s
     0     0 14462.3358    0  415          - 14462.3358      -     -    6s
     0     0 14465.6726    0  508          - 14465.6726      -     -    6s
     0     0 14466.4896    0  522          - 14466.4896      -     -    6s
     0     0 14476.6079    0  453          - 14476.6079      -     -    6s
     0     0 14478.3116    0  421          - 14478.3116      -     -    7s
     0     0 14488.2353    0  378          - 14488.2353      -     -    7s
     0     0 14491.0087    0  400          - 14491.0087      -     -    8s
     0     0 14491.9931    0  459          - 14491.9931      -     -    8s
     0     0 14494.6333    0  457          - 14494.6333      -     -    8s
     0     0 14494.6333    0  455          - 14494.6333      -     -    8s
     0     2 14504.6631    0  455          - 14504.6631      -     -   10s
    39    43 14873.2095   11  270          - 14510.9722      -   456   15s
    96   104 15436.4452   27  275          - 14510.9722      -   384   20s
   194   215 16109.6374   68  131          - 14510.9722      -   293   25s
   365   407 17504.2283  151   63          - 14510.9722      -   200   30s
   628   690 21091.9883  287   24          - 14513.8704      -   135   35s
   931   852 21631.8000  314  455          - 14516.0972      -   101   41s
   936   855 20044.2100  259  446          - 14516.0972      -   101   45s
   953   867 21177.9100  294  495          - 14540.9354      -  98.8   50s
   962   873 16628.3900  105  521          - 14550.3645      -  97.9   55s
   968   877 22692.8100  349  553          - 14550.6596      -  97.3   60s
   980   888 14573.5344   13  554          - 14573.5344      -   115   65s
  1011   909 14647.4110   20  358          - 14593.0784      -   128   70s
  1038   927 14798.4705   28  448          - 14593.0784      -   141   75s
  1075   955 14952.7896   37  322          - 14593.0784      -   153   80s
  1114   984 15046.9973   46  427          - 14593.0784      -   165   85s
  1152  1011 15137.6396   56  422          - 14593.0784      -   174   90s
  1199  1044 15298.2533   69  188          - 14593.0784      -   182   95s
  1258  1085 15395.5678   85  378          - 14593.0784      -   190  100s
  1314  1134 15487.8803   99  344          - 14593.0784      -   195  105s
  1396  1192 15693.3943  120  341          - 14593.0784      -   198  111s
  1455  1231 15783.0826  133  272          - 14593.0784      -   200  115s
  1537  1310 16147.4299  154  210          - 14593.0784      -   199  120s
  1647  1388 16540.5118  183  247          - 14593.0784      -   197  125s
  1780  1512 16894.2338  219  172          - 14593.0784      -   192  131s
  1969  1552 16570.4522  237  148          - 14593.0784      -   183  135s
  2101  1707 19069.5900  326   16          - 14593.1961      -   176  141s
  2240  1749 20736.4800  371   11          - 14601.2787      -   168  145s
  2370  1795 14853.6289   16  519          - 14601.2787      -   165  150s
  2485  1922 14982.5307   17  400          - 14601.2787      -   163  157s
  2596  1903 14898.8178   19  387          - 14601.2787      -   159  161s
  2614  1914 15050.9606   26  362          - 14601.2787      -   163  166s
  2631  1927 15095.4233   27  291          - 14601.2787      -   166  171s
  2649  1941 15173.7051   31  358          - 14601.2787      -   170  176s
  2672  1958 15276.9818   35  187          - 14601.2787      -   173  181s
  2697  1978 15265.8819   42  333          - 14601.2787      -   176  186s
  2727  1995 15368.0810   46  305          - 14601.2787      -   179  192s
  2740  2009 15372.9632   47  336          - 14601.2787      -   181  195s
  2779  2044 15490.1924   58  247          - 14601.2787      -   184  200s
  2833  2075 15692.0176   70  233          - 14601.2787      -   186  207s
  2855  2087 15778.8435   78  319          - 14601.2787      -   188  210s
  2902  2131 15891.6453   90  219          - 14601.2787      -   191  217s
  2934  2157 15981.3424   97  260          - 14601.2787      -   193  220s
  3019  2231 16207.6352  120  288          - 14601.2787      -   194  228s
  3073  2271 16325.1002  133  304          - 14601.2787      -   195  232s
  3131  2326 16457.1225  143  222          - 14601.2787      -   195  236s
  3205  2439 16576.9282  161  252          - 14601.2787      -   195  242s
  3343  2568 16804.3750  175  222          - 14601.2787      -   191  249s
  3518  2700 17128.8179  188  188          - 14601.2787      -   186  256s
  3728  2676 infeasible  212               - 14603.2451      -   181  262s
  3750  2689 14756.5008   21  573          - 14603.2451      -   182  267s
  3763  2704 14809.6975   24  497          - 14603.2451      -   184  271s
  3778  2717 14862.0916   25  472          - 14603.2451      -   186  275s
  3809  2747 14870.6641   29  493          - 14603.2451      -   189  284s
  3821  2761 14995.8662   30  349          - 14603.2451      -   191  288s
  3835  2777 14839.2312   31  564          - 14603.2451      -   193  292s
  3851  2796 14866.6041   33  574          - 14603.2451      -   194  297s
  3870  2815 14926.4250   33  470          - 14603.2451      -   196  301s
  3889  2833 14906.8628   34  515          - 14603.2451      -   198  306s
  3907  2852 15049.3824   35  507          - 14603.2451      -   199  310s
  3926  2877 14915.6330   34  502          - 14603.2451      -   201  333s
  3951  2903 15018.8917   39  425          - 14603.2451      -   203  338s
  3977  2934 14944.0632   39  519          - 14603.2451      -   204  343s
  4008  2974 14984.8147   42  434          - 14603.2451      -   206  349s
  4048  3062 15053.7781   40  432          - 14603.2451      -   207  356s
  4136  3273 15016.5306   45  471          - 14603.2451      -   207  366s
  4461  3397 15130.7606   44  460          - 14603.2451      -   196  375s
  4552  3424 15074.9581   44  401          - 14603.2451      -   196  381s
  4567  3439 15143.3815   46  432          - 14603.2451      -   197  387s
  4582  3454 15080.9305   44  420          - 14603.2451      -   199  394s
  4597  3470 15106.6402   46  379          - 14603.2451      -   201  399s
  4613  3490 15200.7396   50  404          - 14603.2451      -   203  404s
  4633  3524 15116.9214   50  389          - 14603.2451      -   204  410s
  4667  3552 15129.5219   54  396          - 14603.2451      -   205  416s
  4695  3588 15315.9827   61  245          - 14603.2451      -   207  422s
  4731  3618 15233.9572   61  358          - 14603.2451      -   208  427s
  4761  3670 15293.8990   66  349          - 14603.2451      -   209  435s
  4813  3720 15458.9720   74  314          - 14603.2451      -   210  441s
  4863  3793 15627.1608   75  340          - 14603.2451      -   211  449s
  4917  3793 16006.8741   90  146          - 14603.2451      -   212  450s
  4936  3892 15555.8717   81  290          - 14603.2451      -   212  462s
  5084  3952 15581.1814   82  319          - 14603.2451      -   211  470s
  5124  4004 15723.9122   92  177          - 14603.2451      -   212  478s
  5176  4060 15741.0096  100  270          - 14603.2451      -   213  486s
  5232  4135 15880.3248  113  219          - 14603.2451      -   214  494s
  5249  4135 15910.1475  118  252          - 14603.2451      -   214  495s
  5307  4300 16497.6872  127  176          - 14603.2451      -   215  505s
  5476  4491 17164.3268  173   37          - 14606.2498      -   213  521s
  5810  4637 14768.0209   15  599          - 14606.2498      -   205  533s
  5894  4884 14898.0202   20  287          - 14606.2498      -   206  547s
  6145  4905 18066.0439  166   14          - 14606.2498      -   201  550s
  6215  4953 14930.0610   28  464          - 14606.2498      -   199  559s
  6247  4989 15148.5567   38  261          - 14606.2498      -   201  568s
  6283  5037 15121.4307   43  378          - 14606.2498      -   203  577s
  6331  5141 15147.5350   52  356          - 14606.2498      -   204  588s
  6435  5354 15436.8552   72  266          - 14606.2498      -   204  601s
  6732  5530 15807.9482  110   99          - 14607.3528      -   199  615s
  6901  5563 14830.2625   18  517          - 14607.3528      -   198  625s
  6920  5592 14871.2327   22  503          - 14607.3528      -   199  634s
  6935  5592 14987.6367   30  609          - 14607.3528      -   200  635s
  6949  5629 14981.3578   26  220          - 14607.3528      -   200  644s
  6986  5681 15156.6753   36  192          - 14607.3528      -   202  653s
  7038  5795 15194.5811   49  110          - 14607.3528      -   203  664s
  7055  5795 15242.6399   57  204          - 14607.3528      -   204  665s
  7152  6156 15362.3808   75   55          - 14608.8449      -   204  680s
  7576  6186 16760.5293  135   32          - 14608.9085      -   197  685s
  7607  6230 14834.2778   19  626          - 14608.9085      -   196  699s
  7642  6277 14940.6162   29  501          - 14608.9085      -   198  713s
  7689  6345 15097.8437   39  457          - 14608.9085      -   200  728s
  7707  6345 15225.9048   47  340          - 14608.9085      -   201  730s
  7757  6577 15373.8329   55  322          - 14608.9085      -   202  749s
  7825  6577 15808.9385   85  176          - 14608.9085      -   203  750s
  7999  6958 15792.0984   87  148          - 14610.1202      -   201  771s
  8254  6980 18119.1333  164   16          - 14610.1202      -   197  775s
  8633  7119 14806.9814   20  517          - 14610.2171      -   191  793s
  8666  7162 14869.4485   26  442          - 14610.2171      -   193  807s
  8709  7211 14974.0104   37  494          - 14610.2171      -   194  822s
  8758  7272 15205.6683   47  319          - 14610.2171      -   196  837s
  8819  7476 15678.0740   59  239          - 14610.2171      -   198  855s
  9025  7688 16153.2969  102   55          - 14615.7946      -   197  875s
  9343  7767 15064.0153   22  416          - 14615.9169      -   195  893s
  9386  7909 15266.0046   31  228          - 14615.9169      -   197  911s
  9528  8150 15831.1799   81   74          - 14616.3284      -   198  932s
  9853  8255 14765.1039   13  627          - 14616.3284      -   197  951s
  9917  8325 14971.0178   20  533          - 14616.3284      -   199  967s
 10021  8390 15022.5439   26  464          - 14616.3284      -   199  983s
 10069  8463 15087.4833   34  436          - 14616.3284      -   201 1000s
 10142  8587 15242.8302   47  270          - 14616.3284      -   202 1018s
 10295  8607 16228.6900  128    -          - 14616.3284      -   202 1020s
 10344  8771 15494.2727   62  239          - 14629.4941      -   202 1041s
 10514  8824 14836.3257   20  562          - 14629.4941      -   202 1057s
 10555  8893 14964.0773   26  463          - 14629.4941      -   204 1081s
 10624  9085 15201.2102   37  392          - 14629.4941      -   206 1103s
 10798  9094 16731.2190  123   20          - 14629.4941      -   206 1105s
 10876  9191 15361.7794   45  368          - 14629.4941      -   205 1122s
 10954  9364 15895.0520   71  233          - 14629.4941      -   207 1143s
 11107  9364 15128.6694   35  140          - 14629.4941      -   207 1145s
 11127  9561 16838.7734  127   29          - 14634.0531      -   207 1163s
 11331  9614 18436.6200  186    5          - 14634.0531      -   204 1165s
 11450  9786 15082.3443   29  340          - 14634.0531      -   205 1183s
 11571  9793 16622.8264  115   40          - 14634.0531      -   205 1185s
 11692  9974 15423.6643   44  362          - 14634.0531      -   204 1205s
 11840 10150 15875.0510   96   81          - 14636.7351      -   204 1226s
 12082 10342 14998.0365   21  609          - 14636.7351      -   203 1248s
 12222 10345 15874.0800  126    7          - 14636.7351      -   204 1250s
 12315 10446 15073.9962   31  211          - 14636.7351      -   203 1267s
 12386 10797 15366.2467   53  165          - 14638.0764      -   204 1290s
 12803 10920 14852.6587   24  550          - 14638.0764      -   201 1312s
 12967 11012 15061.8905   35  389          - 14638.0764      -   201 1330s
 13023 11150 15191.5719   48  177          - 14638.0764      -   202 1348s
 13161 11409 15503.8016   74  163          - 14642.0093      -   203 1368s
 13314 11415 16930.7583  131   13          - 14642.0093      -   202 1370s
 13472 11702 14969.5261   25  531          - 14642.0093      -   202 1392s
 13851 11793 15069.9386   31  414          - 14642.0093      -   199 1410s
 13888 11877 15291.2419   45  207          - 14642.0093      -   201 1427s
 13972 12033 15551.9226   72  154          - 14642.0093      -   202 1445s
 14128 12357 15888.5600   99    6          - 14645.4762      -   203 1467s
 14436 12402 15563.1921   69  116          - 14650.5148      -   201 1470s
 14652 12498 15084.6456   22  522          - 14650.5148      -   199 1487s
 14698 12590 15334.9566   36  274          - 14650.5148      -   200 1512s
 14790 12980 15635.8550   68    7          - 14650.6466      -   201 1535s
 15307 13043 16974.3200  140   14          - 14659.8839      -   198 1540s
 15348 13112 15066.2880   27  470          - 14659.8839      -   198 1556s
 15397 13256 15252.4696   39  382          - 14659.8839      -   199 1575s
 15541 13374 15580.2750   54   49          - 14659.8839      -   199 1596s
 15681 13474 15614.2799   70   51          - 14660.4915      -   200 1614s
 15698 13475 16000.6432  100  101          - 14660.4915      -   200 1615s
 15796 13603 15262.8693   32  263          - 14660.4915      -   201 1641s
 15920 13883 15501.0732   39  188          - 14660.7774      -   202 1665s
 16276 14029 14808.8016   16  592          - 14660.7774      -   200 1709s
 16296 14029 16642.6114  103  161          - 14660.7774      -   201 1710s
 16416 14093 15262.5015   28  269          - 14660.7774      -   201 1726s
 16469 14212 15376.9287   38  318          - 14660.7774      -   202 1752s
 16588 14487 15540.1553   70   86          - 14667.6314      -   203 1775s
 16965 14622 14756.1818   16  573          - 14671.7160      -   201 1798s
 17056 14762 15076.7483   28  133          - 14671.7160      -   201 1817s
 17209 15133 15274.6367   58  147          - 14671.7280      -   202 1842s
 17465 15148 16940.0200  139    4          - 14671.7280      -   200 1845s
 17666 15253 15834.8572   87   49          - 14671.7280      -   200 1973s
 17721 15254 15958.1472   88   52          - 14671.7280      -   200 1975s
 17742 15466 16086.2821  109   12          - 14690.6285      -   200 1995s
 18016 15573 15179.4790   31  338          - 14692.0811      -   199 2014s
 18041 15573 15338.1005   44  203          - 14692.0811      -   199 2044s
 18095 15890 15514.6693   49  304          - 14692.0811      -   200 2068s
 18266 15908 16081.3725  103   22          - 14692.0811      -   199 2070s
 18531 16082 16156.5960   76  154          - 14694.9137      -   198 2093s
 18667 16091 17357.9300  146    4          - 14694.9137      -   198 2095s
 18708 16142 14909.7457   26  564          - 14694.9137      -   199 2111s
 18752 16294 15199.4201   37  466          - 14694.9137      -   200 2131s
 18910 16433 15406.2696   47  320          - 14694.9137      -   200 2152s
 19134 16708 15678.5474   68  257          - 14697.3313      -   200 2175s
 19422 16808 15106.2153   33  475          - 14697.3313      -   199 2195s
 19494 17017 15221.6664   44  335          - 14697.3313      -   200 2220s
 19777 17244 15463.4385   79  225          - 14698.6663      -   199 2244s
 19845 17244 15749.0872  105   98          - 14698.6663      -   199 2245s
 20095 17354 14960.1111   25  396          - 14708.9028      -   198 2265s
 20142 17426 15327.5791   37  172          - 14708.9028      -   199 2282s
 20214 17626 15554.0169   59  134          - 14708.9028      -   200 2303s
 20265 17626 15826.0203   77   70          - 14708.9028      -   200 2315s
 20444 17781 16363.6650   97  130          - 14708.9031      -   200 2336s
 20632 17931 15180.7742   27  300          - 14708.9031      -   200 2361s
 20832 18057 15474.7009   44  135          - 14708.9031      -   199 2382s
 20926 18158 15570.7680   53  169          - 14708.9031      -   200 2403s
 21025 18490 15768.2614   66  185          - 14708.9031      -   201 2426s
 21383 18689 16425.1715  111   97          - 14711.5208      -   200 2449s
 21451 18689 17160.1289  129   65          - 14711.5208      -   200 2450s
 21641 18897 15132.8478   22  533          - 14711.5208      -   200 2474s
 21730 18910 16041.0450   64   10          - 14711.5208      -   200 2475s
 21869 19017 15418.2372   37  366          - 14711.5208      -   199 2498s
 21997 19120 15506.8724   46  362          - 14711.5208      -   200 2517s
 22082 19239 15906.4923   74   50          - 14711.5208      -   201 2538s
 22217 19361 16288.2143   89  190          - 14712.8958      -   201 2557s
 22363 19491 15381.2738   26  491          - 14712.8958      -   202 2585s
 22479 19636 15578.1809   31  302          - 14712.8958      -   202 2604s
 22499 19636 15722.2239   43  307          - 14712.8958      -   202 2605s
 22723 19806 15780.5834   48  302          - 14712.8958      -   201 2624s
 22740 19806 15835.7170   57  190          - 14712.8958      -   202 2627s
 22845 20230 16066.9055   73  213          - 14717.1361      -   202 2652s
 23083 20252 18023.7400  153    -          - 14717.1361      -   201 2655s
 23484 20378 15024.3432   26  569          - 14718.4764      -   198 2675s
 23524 20436 15196.2379   32  514          - 14718.4764      -   199 2692s
 23584 20563 15408.7843   37  441          - 14718.4764      -   200 2712s
 23716 20766 15512.3300   41  465          - 14718.4764      -   200 2733s
 24026 20908 15812.7654   52  321          - 14718.4764      -   200 2754s
 24045 20908 15924.0585   61   92          - 14718.4764      -   200 2755s
 24113 21155 16220.5574   80  112          - 14731.4168      -   200 2778s
 24266 21155 16835.6133  124    7          - 14731.4168      -   200 2780s
 24479 21260 14950.9743   25  519          - 14731.4168      -   199 2798s
 24526 21370 15343.8556   38  254          - 14731.4168      -   200 2816s
 24638 21752 15482.7745   63  185          - 14735.3894      -   200 2839s
 24707 21754 15873.3691  104   59          - 14735.3894      -   200 2840s
 25185 21978 15935.0100   96   32          - 14735.5148      -   198 2867s
 25415 22095 15214.7856   30  467          - 14735.5148      -   197 2887s
 25489 22248 15514.2090   36  357          - 14735.5148      -   198 2907s
 25642 22377 15774.4191   44  344          - 14735.5148      -   198 2928s
 25793 22538 16434.2932   78  131          - 14735.9565      -   198 2949s
 25861 22545 16709.8360  101   44          - 14735.9565      -   198 2950s
 25980 22627 14977.0397   19  612          - 14735.9565      -   198 2968s
 26052 22792 15289.8626   28  513          - 14735.9565      -   199 2989s
 26237 22876 15506.8982   43  274          - 14735.9565      -   199 3009s
 26254 22876 15638.3624   47  192          - 14735.9565      -   199 3011s
 26331 22976 15735.9000   71    6          - 14736.3806      -   200 3029s
 26451 23092 15057.3181   23  422          - 14736.3806      -   200 3050s
 26589 23384 15280.5175   36  188          - 14736.3806      -   200 3077s
 26717 23391 16217.2380  113   23          - 14736.3806      -   200 3080s
 27079 23688 15710.8449   53  116          - 14738.3370      -   198 3109s
 27198 23691 16289.7905   96   62          - 14738.3370      -   198 3110s
 27342 23767 15057.0834   21  614          - 14738.3370      -   198 3127s
 27389 23896 15499.1218   33  320          - 14738.3370      -   199 3158s
 27520 24030 15757.7155   50  170          - 14738.3370      -   199 3179s
 27576 24030 16141.4417   98  143          - 14738.3370      -   199 3180s
 27682 24190 16088.7094   63  164          - 14738.3370      -   199 3201s
 27848 24334 16761.3791  103   80          - 14740.1349      -   199 3222s
 28033 24420 15138.2967   29  507          - 14740.1349      -   199 3243s
 28097 24600 15333.8784   37  307          - 14740.1349      -   199 3265s
 28288 24866 15626.0861   55  112          - 14740.1349      -   200 3289s
 28322 24866 15611.7180   72   39          - 14740.1349      -   200 3290s
 28622 25001 15843.1270   77   40          - 14742.4200      -   199 3311s
 28754 25066 15152.9388   18  694          - 14742.4200      -   199 3329s
 28804 25186 15648.2862   28  560          - 14742.4200      -   200 3350s
 28924 25255 15627.4007   35  409          - 14742.4200      -   200 3370s
 29021 25311 15795.5105   36  302          - 14742.4200      -   200 3388s
 29072 25385 15871.7252   48  191          - 14742.4200      -   201 3407s
 29146 25561 15944.4788   55  229          - 14742.4200      -   202 3429s
 29163 25561 15972.6288   60  172          - 14742.4200      -   202 3430s
 29350 25645 16075.7398   65  219          - 14742.4200      -   202 3450s
 29420 25762 16503.7768   79  263          - 14742.4200      -   202 3470s
 29537 26150 16379.5066  118   46          - 14746.6424      -   203 3495s
 29945 26213 18685.9500  201    -          - 14746.6424      -   201 3500s
 30077 26318 15279.7769   21  326          - 14746.6424      -   201 3520s
 30208 26377 15279.1358   27  397          - 14746.6424      -   201 3539s
 30249 26433 15467.4466   37  387          - 14746.6424      -   201 3556s
 30305 26544 15746.8173   47  263          - 14746.6424      -   202 3574s
 30322 26544 15739.0156   58  206          - 14746.6424      -   202 3575s
 30416 26738 15866.6743   72  263          - 14746.6424      -   202 3597s
 30657 26764 17688.9803  135    6          - 14746.6424      -   202 3600s

Cutting planes:
  User: 7112
  Gomory: 15
  Cover: 623
  Implied bound: 221
  Projected implied bound: 9
  Clique: 85
  MIR: 152
  StrongCG: 2
  Flow cover: 418
  GUB cover: 2
  Zero half: 36
  Network: 1
  RLT: 473
  Relax-and-lift: 6
  Lazy constraints: 4764

Explored 30685 nodes (6212944 simplex iterations) in 3602.78 seconds
Thread count was 2 (of 32 available processors)

Solution count 0

Time limit reached
Best objective -, best bound 1.474664238226e+04, gap -

User-callback calls 376797, time in user-callback 315.59 sec
writeSolution() exp: Unable to retrieve attribute 'X'
================================================================================
executing instance: ./input/Instances/Original/1/absH3high_2n45.dat
--------------------------------------------------------------------------------
Instance details
n	46
H	3
C	3171
Li:
[0, 0, 0, 0, 0, 0, 0, 0, 0, 0, 0, 0, 0, 0, 0, 0, 0, 0, 0, 0, 0, 0, 0, 0, 0, 0, 0, 0, 0, 0, 0, 0, 0, 0, 0, 0, 0, 0, 0, 0, 0, 0, 0, 0, 0, 0, ]
Ui:
[0, 246, 160, 78, 20, 87, 144, 40, 20, 82, 60, 96, 24, 136, 160, 108, 160, 26, 228, 51, 24, 240, 231, 70, 32, 105, 174, 114, 246, 126, 132, 76, 22, 42, 255, 132, 148, 162, 66, 111, 102, 240, 123, 201, 297, 78, ]
Distance matrix:
