




arguments: ./build/mirp_solver -f ./input/orig_exec_150.cfg
Current dir: /scratch/gui/bnc_mirp
File verbosity level: 9
date       time         ( uptime  ) [ thread name/id ]                   file:line     v| 
2021-01-10 01:39:24.689 (   0.290s) [main thread     ]             loguru.cpp:789   INFO| Logging to './output/vi_hc3/OU/V5/Original/execution_10_01_2021_01_39_24.log', mode: 'a', verbosity: 9
--------------------------------------------------------------------------------
Parameters
                           instance_path           ./input/Instances/Original/4/
                            model_policy                                       1
                             nb_vehicles                                       5
                              output_dir         ./output/vi_hc3/OU/V5/Original/
                            sec_strategy                                       1
                       solver_nb_threads                                       2
                         solver_show_log                                    true
                       solver_time_limit                                    3600
                              use_vi_cos                                   false
                              use_vi_cus                                   false
                         use_vi_hc1_full                                   false
                         use_vi_hc1_half                                   false
                      use_vi_hc1_quarter                                   false
                              use_vi_hc2                                   false
                              use_vi_hc3                                    true
                         use_vi_lex_full                                   false
                         use_vi_lex_half                                   false
                      use_vi_lex_quarter                                   false
                              use_vi_qua                                   false
                               use_vi_vc                                   false
                               use_vi_vr                                   false
--------------------------------------------------------------------------------
executing instance: ./input/Instances/Original/4/absH3low_3n30.dat
--------------------------------------------------------------------------------
Instance details
n	31
H	3
C	2841
Li:
[0, 0, 0, 0, 0, 0, 0, 0, 0, 0, 0, 0, 0, 0, 0, 0, 0, 0, 0, 0, 0, 0, 0, 0, 0, 0, 0, 0, 0, 0, 0, ]
Ui:
[0, 246, 98, 54, 144, 171, 192, 180, 165, 98, 122, 198, 297, 144, 130, 129, 219, 138, 142, 150, 108, 66, 64, 285, 180, 204, 276, 168, 240, 198, 122, ]
Distance matrix:
|0	172	56	166	260	198	42	197	296	110	91	112	238	275	323	183	330	232	175	181	162	191	232	280	201	139	356	185	266	216	26	|
|172	0	178	223	320	335	153	355	444	62	231	99	333	376	214	352	176	235	194	106	47	41	353	161	299	175	225	43	326	374	153	|
|56	178	0	110	204	162	93	233	336	125	144	148	187	226	358	180	313	284	123	152	182	185	282	252	256	88	329	177	210	251	42	|
|166	223	110	0	102	150	199	327	431	194	253	237	113	156	431	228	296	386	44	140	248	208	389	218	366	48	287	200	108	344	148	|
|260	320	204	102	0	156	296	391	493	296	340	339	66	90	531	263	362	486	127	226	349	300	469	278	454	148	334	292	6	406	245	|
|198	335	162	150	156	0	239	255	351	286	245	307	93	106	518	111	442	423	194	280	344	335	349	367	352	182	437	327	158	266	199	|
|42	153	93	199	296	239	0	203	296	91	82	76	278	316	284	217	322	191	201	186	133	180	217	281	177	165	356	175	302	222	52	|
|197	355	233	327	391	255	203	0	104	294	125	266	340	361	436	151	524	276	352	377	330	383	109	477	146	319	553	377	395	19	222	|
|296	444	336	431	493	351	296	104	0	384	214	348	440	456	488	241	617	315	456	476	412	475	113	575	176	422	651	470	497	88	322	|
|110	62	125	194	296	286	91	294	384	0	171	55	298	340	238	292	233	210	176	118	58	91	298	201	248	148	273	87	302	313	94	|
|91	231	144	253	340	245	82	125	214	171	0	141	307	339	324	184	403	187	266	266	204	261	140	363	114	230	438	256	346	144	116	|
|112	99	148	237	339	307	76	266	348	55	141	0	332	373	212	292	275	156	225	173	64	137	254	253	200	194	322	135	345	284	108	|
|238	333	187	113	66	93	278	340	440	298	307	332	0	43	536	203	404	469	153	253	354	321	427	322	420	160	385	313	67	353	229	|
|275	376	226	156	90	106	316	361	456	340	339	373	43	0	578	216	443	507	194	295	397	364	453	361	451	203	421	356	88	372	268	|
|323	214	358	431	531	518	284	436	488	238	324	212	536	578	0	498	309	176	407	320	183	245	376	344	312	383	379	251	537	451	319	|
|183	352	180	228	263	111	217	151	241	292	184	292	203	216	498	0	492	371	266	328	345	364	255	426	272	242	501	356	266	159	198	|
|330	176	313	296	362	442	322	524	617	233	403	275	404	443	309	492	0	397	253	164	218	142	529	84	475	260	72	147	367	543	306	|
|232	235	284	386	486	423	191	276	315	210	187	156	469	507	176	371	397	0	379	327	188	276	202	396	139	346	456	277	492	289	242	|
|175	194	123	44	127	194	201	352	456	176	266	225	153	194	407	266	253	379	0	101	225	174	405	174	375	36	244	166	133	370	152	|
|181	106	152	140	226	280	186	377	476	118	266	173	253	295	320	328	164	327	101	0	148	76	403	100	360	98	177	69	232	396	155	|
|162	47	182	248	349	344	133	330	412	58	204	64	354	397	183	345	218	188	225	148	0	89	316	208	259	201	270	90	355	348	149	|
|191	41	185	208	300	335	180	383	475	91	261	137	321	364	245	364	142	276	174	76	89	0	388	119	336	162	185	8	306	402	169	|
|232	353	282	389	469	349	217	109	113	298	140	254	427	453	376	255	529	202	405	403	316	388	0	497	64	369	570	384	474	112	256	|
|280	161	252	218	278	367	281	477	575	201	363	253	322	361	344	426	84	396	174	100	208	119	497	0	449	187	77	119	283	496	255	|
|201	299	256	366	454	352	177	146	176	248	114	200	420	451	312	272	475	139	375	360	259	336	64	449	0	339	521	333	460	156	223	|
|139	175	88	48	148	182	165	319	422	148	230	194	160	203	383	242	260	346	36	98	201	162	369	187	339	0	260	153	154	337	116	|
|356	225	329	287	334	437	356	553	651	273	438	322	385	421	379	501	72	456	244	177	270	185	570	77	521	260	0	187	338	572	331	|
|185	43	177	200	292	327	175	377	470	87	256	135	313	356	251	356	147	277	166	69	90	8	384	119	333	153	187	0	298	396	163	|
|266	326	210	108	6	158	302	395	497	302	346	345	67	88	537	266	367	492	133	232	355	306	474	283	460	154	338	298	0	410	251	|
|216	374	251	344	406	266	222	19	88	313	144	284	353	372	451	159	543	289	370	396	348	402	112	496	156	337	572	396	410	0	241	|
|26	153	42	148	245	199	52	222	322	94	116	108	229	268	319	198	306	242	152	155	149	169	256	255	223	116	331	163	251	241	0	|

--------------------------------------------------------------------------------
Building model...
	using lazy and cut (CVRPSEP package)
Solving IRP LP...
--------------------------------------------------------------------------------

Gurobi 9.1.0 (linux64) logging started Sun Jan 10 01:39:24 2021

Gurobi Optimizer version 9.1.0 build v9.1.0rc0 (linux64)
Thread count: 32 physical cores, 32 logical processors, using up to 2 threads
Optimize a model with 1687 rows, 8014 columns and 33190 nonzeros
Model fingerprint: 0x65adfe53
Variable types: 574 continuous, 7440 integer (465 binary)
Coefficient statistics:
  Matrix range     [1e+00, 6e+02]
  Objective range  [1e-02, 7e+02]
  Bounds range     [1e+00, 3e+02]
  RHS range        [3e+01, 5e+03]
Presolve removed 304 rows and 31 columns
Presolve time: 0.08s
Presolved: 1383 rows, 7983 columns, 30704 nonzeros
Variable types: 543 continuous, 7440 integer (6990 binary)

Root relaxation: objective 2.463279e+03, 1404 iterations, 0.06 seconds

    Nodes    |    Current Node    |     Objective Bounds      |     Work
 Expl Unexpl |  Obj  Depth IntInf | Incumbent    BestBd   Gap | It/Node Time

     0     0 2463.27864    0   93          - 2463.27864      -     -    0s
     0     0 2647.80638    0  116          - 2647.80638      -     -    0s
     0     0 3085.23806    0  189          - 3085.23806      -     -    0s
     0     0 3125.86181    0  187          - 3125.86181      -     -    0s
     0     0 3126.25241    0  180          - 3126.25241      -     -    1s
     0     0 3126.34301    0  189          - 3126.34301      -     -    1s
     0     0 3255.93730    0  186          - 3255.93730      -     -    1s
     0     0 3271.74430    0  180          - 3271.74430      -     -    1s
     0     0 3271.77262    0  191          - 3271.77262      -     -    1s
     0     0 3372.21519    0  187          - 3372.21519      -     -    1s
     0     0 3454.84175    0  223          - 3454.84175      -     -    2s
     0     0 3461.87892    0  195          - 3461.87892      -     -    2s
     0     0 3468.26540    0  226          - 3468.26540      -     -    2s
     0     0 3469.64614    0  188          - 3469.64614      -     -    2s
     0     0 3470.13122    0  232          - 3470.13122      -     -    2s
     0     0 3572.21487    0  302          - 3572.21487      -     -    2s
     0     0 3577.53948    0  264          - 3577.53948      -     -    3s
     0     0 3594.49852    0  259          - 3594.49852      -     -    3s
     0     0 3604.96965    0  250          - 3604.96965      -     -    4s
     0     0 3615.52213    0  312          - 3615.52213      -     -    4s
     0     0 3616.03345    0  322          - 3616.03345      -     -    4s
     0     0 3639.73699    0  305          - 3639.73699      -     -    4s
     0     0 3645.56323    0  271          - 3645.56323      -     -    4s
     0     0 3648.10716    0  260          - 3648.10716      -     -    5s
     0     0 3649.68260    0  254          - 3649.68260      -     -    5s
     0     0 3649.68518    0  278          - 3649.68518      -     -    5s
     0     0 3661.00970    0  294          - 3661.00970      -     -    5s
     0     0 3663.52896    0  305          - 3663.52896      -     -    5s
     0     0 3664.62075    0  329          - 3664.62075      -     -    5s
     0     0 3669.99725    0  323          - 3669.99725      -     -    5s
     0     0 3669.99725    0  295          - 3669.99725      -     -    6s
     0     2 3671.53857    0  238          - 3671.53857      -     -    7s
    36    39 3707.73311   14  296          - 3671.88105      -   309   10s
   112   118 3839.90639   41  292          - 3671.88105      -   336   15s
   193   203 4028.85126   59  227          - 3671.88105      -   319   20s
   273   285 4556.49877   74  209          - 3671.88105      -   329   25s
   355   369 4953.16195  104  189          - 3671.88105      -   308   30s
   483   539 5758.21248  131  161          - 3671.88105      -   287   35s
   720   730 6925.96974  194   59          - 3671.88105      -   229   40s
   808   739 6783.98767  209  322          - 3772.31118      -   212   45s
   831   754 5389.76534  135  430          - 3806.73815      -   206   50s
   862   775 4387.31299   86  569          - 3816.78723      -   199   55s
   886   791 3863.35718   30  641          - 3833.61780      -   193   60s
   913   809 4663.70271   89  563          - 3838.93453      -   188   65s
   938   826 4331.08862   68  590          - 3841.86077      -   183   70s
   957   839 6153.22801  154  306          - 3842.11568      -   208   75s
   978   853 4260.54225   73  595          - 3842.49290      -   204   80s
   988   860 6131.48006  160  569          - 3842.63028      -   202   86s
  1000   868 7178.99812  203  543          - 3842.68862      -   199   90s
  1009   877 3867.58810   29  488          - 3846.30872      -   214   95s
  1036   896 3889.80657   35  430          - 3860.91423      -   227  100s
  1084   929 3908.14295   45  502          - 3867.76311      -   236  105s
  1127   959 3997.84069   55  349          - 3867.76311      -   246  110s
  1178  1003 4089.56783   66  363          - 3867.76311      -   257  115s
  1245  1043 4265.44936   79  341          - 3867.76311      -   261  120s
  1305  1095 4436.86057   90  288          - 3867.76311      -   265  125s
  1407  1167 4654.60763  111  243          - 3867.76311      -   264  130s
  1507  1253 4913.97305  129  123          - 3867.76311      -   262  135s
  1684  1406 5244.76111  168  145          - 3867.76311      -   250  141s
  1908  1523 5906.03550  206  114          - 3867.76311      -   231  151s
  2071  1631 6507.01296  239   88          - 3867.76311      -   219  155s
* 2183  1550             344    10539.340000 3867.76311  63.3%   210  156s
* 2223  1434             298    8179.3200000 3869.65427  52.7%   208  158s
* 2227  1393             300    8178.3200000 3869.65427  52.7%   208  158s
  2235  1404 4069.70978   32  452 8178.32000 3869.65427  52.7%   209  160s
  2285  1435 4308.23988   43  250 8178.32000 3869.65427  52.7%   213  166s
  2320  1458 4486.97778   45  209 8178.32000 3869.65427  52.7%   216  170s
  2372  1514 4655.00284   51  211 8178.32000 3869.65427  52.7%   217  176s
  2425  1550 4848.53068   61  244 8178.32000 3869.65427  52.7%   218  182s
  2505  1605 4995.09757   79  214 8178.32000 3869.65427  52.7%   218  187s
  2543  1595 5054.46996   82  237 8178.32000 3869.65427  52.7%   217  190s
  2592  1649 5221.86992   91  180 8178.32000 3869.65427  52.7%   217  195s
  2671  1721 5523.11172   96  139 8178.32000 3869.65427  52.7%   217  202s
* 2702  1181             133    5466.2200000 3869.65427  29.2%   216  202s
  2754  1136     cutoff  100      5466.22000 3870.16191  29.2%   214  206s
  2808  1160 4122.55275   49  324 5466.22000 3870.16191  29.2%   215  212s
  2819  1187 4272.24166   59  309 5466.22000 3870.16191  29.2%   215  215s
  2926  1219 4040.29716   32  413 5466.22000 3875.66508  29.1%   215  222s
  2946  1238 4591.09468   39  212 5466.22000 3875.66508  29.1%   217  229s
  2972  1284 4894.69533   52  199 5466.22000 3875.71822  29.1%   218  233s
  3036  1302 4067.21381   36  468 5466.22000 3875.71822  29.1%   218  237s
  3076  1336 4535.05074   46  207 5466.22000 3882.53705  29.0%   219  241s
  3137  1386 4408.77117   40  276 5466.22000 3882.53705  29.0%   219  245s
  3291  1480 4422.59161   43  292 5466.22000 3882.55846  29.0%   218  254s
  3333  1518 4544.53655   49  232 5466.22000 3882.55846  29.0%   219  257s
  3371  1555 4690.10498   55  233 5466.22000 3882.55846  29.0%   221  262s
  3416  1575 4768.40365   58  187 5466.22000 3882.55846  29.0%   221  267s
  3444  1618 4856.63068   68  202 5466.22000 3882.55846  29.0%   222  271s
  3487  1701 5021.66274   80  116 5466.22000 3882.55846  29.0%   223  276s
  3579  1738     cutoff  105      5466.22000 3889.27542  28.8%   223  282s
  3630  1815 4471.32397   52  217 5466.22000 3889.80802  28.8%   223  287s
  3754  1854 4106.45932   38  348 5466.22000 3889.99106  28.8%   221  293s
  3793  1921 4653.78976   55  292 5466.22000 3889.99106  28.8%   222  301s
H 3862  1920                    5463.2200000 3889.99106  28.8%   222  302s
  3863  1935     cutoff   82      5463.22000 3890.80712  28.8%   222  307s
  3898  2025 4437.13350   40  261 5463.22000 3890.90375  28.8%   224  312s
  4000  2051     cutoff   92      5463.22000 3893.91070  28.7%   223  319s
  4034  2087 4692.34890   63  171 5463.22000 3893.91214  28.7%   225  324s
  4078  2152 4332.01816   47  293 5463.22000 3893.91214  28.7%   227  330s
  4152  2194 4209.93497   38  367 5463.22000 3893.91214  28.7%   227  336s
  4194  2247 4572.66236   46  227 5463.22000 3893.91214  28.7%   229  343s
  4247  2363 4750.26728   57  137 5463.22000 3893.91214  28.7%   231  351s
  4363  2407     cutoff   91      5463.22000 3894.16027  28.7%   229  359s
  4417  2495 4677.83077   65  231 5463.22000 3894.16027  28.7%   230  367s
  4529  2547     cutoff   87      5463.22000 3894.50859  28.7%   229  374s
  4587  2594 5080.32094   67  114 5463.22000 3894.56978  28.7%   231  381s
  4653  2678 4202.52128   47  318 5463.22000 3907.66456  28.5%   232  390s
  4737  2711 4747.56560   54  258 5463.22000 3907.66456  28.5%   233  398s
  4791  2755 5421.68035   66  165 5463.22000 3908.43293  28.5%   236  406s
  4855  2802 4947.15520   55  200 5463.22000 3910.05224  28.4%   236  415s
  4912  2828 4560.42595   47  309 5463.22000 3910.05224  28.4%   238  425s
  4938  2897 4763.88675   60  259 5463.22000 3910.13937  28.4%   238  433s
  5029  3009 4381.28054   48  295 5463.22000 3910.89058  28.4%   238  443s
  5153  3095 5092.49992   97  244 5463.22000 3914.48182  28.3%   237  453s
  5265  3208 4304.31058   42  303 5463.22000 3915.34509  28.3%   237  465s
  5408  3270 4272.44857   35  304 5463.22000 3915.76365  28.3%   235  477s
H 5469  3236                    5423.2200000 3915.76365  27.8%   236  477s
  5470  3295     cutoff   68      5423.22000 3916.91158  27.8%   236  487s
  5548  3432 4756.62580   56  192 5423.22000 3920.43405  27.7%   238  498s
  5715  3495 4330.31295   49  292 5423.22000 3930.33533  27.5%   238  510s
  5794  3569 4346.13275   47  437 5423.22000 3932.62099  27.5%   240  520s
  5885  3613 4429.06999   51  252 5423.22000 3932.64566  27.5%   242  534s
  5931  3719 5166.53003   74  173 5423.22000 3932.82292  27.5%   242  545s
  6069  3835 5359.95717   82  160 5423.22000 3936.39067  27.4%   243  558s
  6196  3929     cutoff   86      5423.22000 3941.40566  27.3%   243  571s
  6323  4030 5009.30404   83  201 5423.22000 3949.94862  27.2%   244  584s
  6355  4030 5362.92988  115   75 5423.22000 3949.94862  27.2%   243  585s
  6440  4116 4938.36563   78  135 5423.22000 3949.99394  27.2%   244  598s
  6558  4194 4217.25987   48  250 5423.22000 3950.67067  27.2%   245  610s
  6636  4319 4484.50838   66  213 5423.22000 3950.67067  27.2%   248  623s
  6761  4486 4978.36466  104  143 5423.22000 3950.67802  27.2%   249  637s
  6964  4543 4184.25940   41  397 5423.22000 3950.67802  27.2%   248  650s
  7039  4617 4548.03874   54  303 5423.22000 3950.67802  27.2%   250  663s
  7124  4696 4661.67169   69  304 5423.22000 3950.67802  27.2%   251  675s
  7219  4832 4848.09326   93  163 5423.22000 3967.91385  26.8%   253  691s
  7405  4938 4370.45795   46  375 5423.22000 3972.35900  26.8%   253  709s
  7554  5035 4456.34232   58  238 5423.22000 3975.01397  26.7%   254  725s
  7678  5127 4365.41700   41  309 5423.22000 3975.01693  26.7%   256  742s
  7770  5257 5011.42716   63  144 5423.22000 3976.44069  26.7%   258  762s
  7938  5385 4213.25319   40  358 5423.22000 3977.11514  26.7%   257  780s
  8074  5480 4182.74122   37  358 5423.22000 3978.69077  26.6%   260  799s
  8213  5599 4534.97173   42  334 5423.22000 3980.44089  26.6%   262  815s
H 8322  5405                    5365.1700000 3980.72823  25.8%   262  816s
  8357  5506 5042.46042   57  147 5365.17000 3981.20695  25.8%   263  832s
  8477  5602 4991.09186   76  189 5365.17000 3981.75109  25.8%   264  849s
  8516  5602 4843.83196   44  247 5365.17000 3982.43638  25.8%   265  850s
  8591  5708 4315.41627   50  330 5365.17000 3982.43638  25.8%   265  867s
  8697  5871 4714.10967   69  199 5365.17000 3982.63092  25.8%   267  884s
  8917  5973 4350.23499   35  411 5365.17000 3982.65877  25.8%   267  903s
  9031  6083 4778.30869   44  156 5365.17000 3984.23370  25.7%   268  922s
  9170  6173 5300.39219   63   87 5365.17000 3985.88715  25.7%   269  942s
  9316  6248 4147.75317   35  488 5365.17000 3987.43722  25.7%   269  960s
  9414  6343 4339.76783   55  314 5365.17000 3988.96073  25.7%   270  979s
  9543  6365 4494.34888   44  253 5365.17000 3990.33951  25.6%   270  999s
H 9544  3964                    4979.3300000 3990.33951  19.9%   270  999s
  9547  3964 4555.36201   43  196 4979.33000 3990.33951  19.9%   270 1000s
  9572  4031 4863.18494   48  299 4979.33000 3990.44688  19.9%   271 1017s
  9681  4113 4570.66203   37  314 4979.33000 3992.34129  19.8%   273 1035s
  9791  4171 4795.03023   69  210 4979.33000 3996.68065  19.7%   274 1053s
  9873  4235 4476.55309   33  225 4979.33000 3997.33104  19.7%   276 1070s
  9945  4318 4771.80369   39  198 4979.33000 3997.33104  19.7%   278 1090s
 10084  4408 4215.80729   40  369 4979.33000 3998.01797  19.7%   279 1109s
 10204  4463 4820.68368   60  244 4979.33000 3999.66007  19.7%   280 1127s
 10291  4513 4661.93929   45  238 4979.33000 4000.05146  19.7%   282 1146s
 10384  4570 4658.57021   57  312 4979.33000 4003.70109  19.6%   284 1165s
 10461  4655 4457.97963   72  381 4979.33000 4007.20763  19.5%   286 1184s
 10566  4734 4938.06258   74  200 4979.33000 4008.08253  19.5%   287 1203s
 10671  4790 4393.68038   43  319 4979.33000 4010.45620  19.5%   288 1223s
 10749  4886 4713.59467   50  273 4979.33000 4010.45620  19.5%   290 1242s
 10856  4946 4857.97716   68  262 4979.33000 4012.67300  19.4%   292 1262s
 10957  5010 4838.51866   47  315 4979.33000 4015.16588  19.4%   293 1282s
 11080  5089 4340.55549   37  392 4979.33000 4018.15599  19.3%   294 1302s
 11177  5162 4769.13021   71  332 4979.33000 4020.43063  19.3%   296 1322s
 11298  5239 4490.83751   60  311 4979.33000 4021.79312  19.2%   297 1343s
 11422  5320 4954.67371   66  158 4979.33000 4023.13287  19.2%   298 1365s
 11519  5451 4701.12496   51  221 4979.33000 4024.31960  19.2%   300 1387s
 11709  5516 4896.15973   55  224 4979.33000 4025.49345  19.2%   300 1409s
 11831  5562     cutoff   49      4979.33000 4026.27538  19.1%   302 1432s
 11898  5660 4434.19984   57  378 4979.33000 4026.41770  19.1%   303 1453s
 11996  5756 4727.52617   78  240 4979.33000 4026.51823  19.1%   305 1475s
 12141  5824 4882.05034   58  205 4979.33000 4028.30080  19.1%   306 1498s
 12294  5890     cutoff   58      4979.33000 4032.08212  19.0%   307 1520s
 12398  5992 4461.80536   54  394 4979.33000 4033.66881  19.0%   308 1542s
 12542  6110 4954.33453   58  197 4979.33000 4034.52326  19.0%   309 1566s
 12691  6186 4380.84220   47  407 4979.33000 4035.39421  19.0%   310 1589s
 12813  6282 4950.93537   84  335 4979.33000 4036.30537  18.9%   311 1611s
 12949  6368 4914.60448   61  251 4979.33000 4037.10738  18.9%   312 1634s
 13007  6368 4798.06657   53  384 4979.33000 4037.11623  18.9%   312 1635s
 13061  6463     cutoff   87      4979.33000 4037.33840  18.9%   313 1657s
 13215  6562 4619.92272   53  278 4979.33000 4038.73499  18.9%   313 1681s
 13354  6618 4075.13321   41  394 4979.33000 4040.26668  18.9%   314 1705s
 13430  6688 4768.30674   76  327 4979.33000 4040.31721  18.9%   316 1727s
 13520  6755 4336.49694   52  393 4979.33000 4040.95896  18.8%   317 1751s
 13587  6849 4546.51053   71  347 4979.33000 4042.40231  18.8%   320 1774s
 13711  6931 4860.05833   59  240 4979.33000 4042.41749  18.8%   321 1799s
 13772  6931 4904.15604   71  203 4979.33000 4043.32515  18.8%   321 1800s
 13833  7016 4788.06114   92  195 4979.33000 4043.72580  18.8%   322 1824s
 13962  7081 4462.95761   52  332 4979.33000 4045.93471  18.7%   323 1848s
 14062  7180 4562.36198   43  483 4979.33000 4048.04782  18.7%   324 1871s
 14180  7288 4463.81722   49  357 4979.33000 4048.09186  18.7%   326 1896s
 14345  7373 4405.17436   44  374 4979.33000 4050.19527  18.7%   326 1922s
 14475  7507 4759.99933   39  223 4979.33000 4051.00017  18.6%   327 1947s
 14651  7627 4285.24945   47  516 4979.33000 4052.87267  18.6%   327 1972s
 14793  7740 4806.01826   75  256 4979.33000 4054.72091  18.6%   328 1996s
 14948  7833 4771.48888   90  324 4979.33000 4055.79745  18.5%   328 2022s
 15120  7939 4426.28780   47  326 4979.33000 4058.27465  18.5%   329 2049s
 15242  8027 4363.94863   66  367 4979.33000 4059.25547  18.5%   330 2073s
 15377  8109 4863.62515   59  142 4979.33000 4059.96567  18.5%   331 2099s
 15478  8229 4610.59833   60  377 4979.33000 4060.32772  18.5%   332 2124s
 15634  8299 4855.82398   87  319 4979.33000 4060.37192  18.5%   332 2149s
 15714  8299 4909.18240  105  111 4979.33000 4062.79183  18.4%   333 2150s
 15773  8427 4263.90574   40  434 4979.33000 4062.79183  18.4%   333 2176s
 15929  8528 4581.39100   65  300 4979.33000 4063.34585  18.4%   333 2202s
 16082  8652 4689.42206   51  376 4979.33000 4064.68446  18.4%   334 2229s
 16253  8724 4221.15735   40  438 4979.33000 4065.67085  18.3%   334 2255s
 16355  8823 4311.83997   44  260 4979.33000 4065.70955  18.3%   336 2281s
 16486  8905 4774.40734   70  142 4979.33000 4067.21771  18.3%   337 2306s
 16631  8985 4337.36443   38  386 4979.33000 4068.88574  18.3%   338 2333s
 16759  9076 4502.81508   65  323 4979.33000 4069.60485  18.3%   339 2358s
 16888  9168 4197.36940   42  417 4979.33000 4070.79185  18.2%   340 2385s
 17015  9286 4753.37908   53  196 4979.33000 4071.85365  18.2%   341 2412s
 17169  9367 4366.81424   39  316 4979.33000 4072.77911  18.2%   342 2440s
 17267  9465 4813.93797   57  360 4979.33000 4073.29037  18.2%   343 2465s
 17417  9551 4946.25762   67  219 4979.33000 4074.34674  18.2%   343 2492s
 17567  9671 4225.46120   41  414 4979.33000 4075.00142  18.2%   344 2519s
 17729  9751 4721.21380   65  253 4979.33000 4075.47133  18.2%   344 2545s
 17869  9868 4504.71176   75  342 4979.33000 4076.25964  18.1%   345 2572s
 18004  9967 4334.81637   51  371 4979.33000 4076.33053  18.1%   346 2599s
 18103 10083 4653.05910   81  290 4979.33000 4077.33751  18.1%   347 2625s
 18245 10193 4684.18104   58  403 4979.33000 4078.11374  18.1%   348 2653s
 18433 10323     cutoff   73      4979.33000 4078.57594  18.1%   348 2680s
 18610 10462 4373.18054   49  440 4979.33000 4079.17099  18.1%   349 2715s
 18777 10557 4291.92617   47  464 4979.33000 4079.36111  18.1%   349 2743s
 18896 10672 4718.40825   66  200 4979.33000 4079.84149  18.1%   350 2771s
 19065 10773 4945.49648   57  164 4979.33000 4081.15823  18.0%   350 2798s
 19203 10876 4871.56721   79  331 4979.33000 4083.41504  18.0%   351 2825s
 19367 10965 4502.92501   71  410 4979.33000 4083.90294  18.0%   352 2852s
 19456 11073 4734.15219   91  264 4979.33000 4084.99079  18.0%   354 2880s
 19654 11222 4659.63400   51  281 4979.33000 4086.64773  17.9%   354 2908s
 19811 11325     cutoff   86      4979.33000 4086.76497  17.9%   354 2938s
 19997 11451 4603.54373   52  403 4979.33000 4088.61081  17.9%   354 2966s
 20168 11615     cutoff   75      4979.33000 4089.61305  17.9%   354 2994s
 20372 11743 4296.52350   50  446 4979.33000 4090.37543  17.9%   354 3023s
 20500 11835 4873.94574   83  220 4979.33000 4090.82672  17.8%   355 3052s
 20645 11921 4484.55023   45  406 4979.33000 4092.70408  17.8%   356 3081s
 20731 12038 4752.66182   72  241 4979.33000 4092.70715  17.8%   356 3108s
 20877 12143 4765.49692   54  249 4979.33000 4092.94708  17.8%   357 3136s
 21052 12248 4222.13511   40  447 4979.33000 4093.88181  17.8%   357 3164s
 21180 12355 4765.47225   59  342 4979.33000 4094.39436  17.8%   358 3192s
 21325 12487 4541.88698   72  382 4979.33000 4095.33574  17.8%   359 3221s
 21513 12619 4733.03719   57  140 4979.33000 4098.53621  17.7%   359 3251s
 21675 12751 4617.11762   65  282 4979.33000 4099.99748  17.7%   359 3280s
 21869 12858 4374.58654   49  295 4979.33000 4100.85062  17.6%   360 3308s
 22037 12943 4583.17999   72  321 4979.33000 4101.11413  17.6%   360 3336s
 22176 13021 4305.57630   48  505 4979.33000 4102.16899  17.6%   361 3373s
 22254 13158 4465.36054   67  406 4979.33000 4102.16899  17.6%   362 3406s
 22391 13256 4693.07750   94  336 4979.33000 4102.33090  17.6%   363 3452s
 22515 13397 4215.59847   41  574 4979.33000 4102.43748  17.6%   363 3488s
 22723 13553 4906.01644   80  161 4979.33000 4103.02529  17.6%   362 3517s
 22904 13687 4653.06515   62  300 4979.33000 4103.98045  17.6%   363 3546s
 23104 13811 4432.17169   49  428 4979.33000 4104.43258  17.6%   363 3577s
 23308 13916 4270.66886   47  498 4979.33000 4106.58208  17.5%   363 3600s

Cutting planes:
  User: 7294
  Gomory: 23
  Cover: 387
  Implied bound: 61
  Clique: 5
  MIR: 188
  StrongCG: 2
  Flow cover: 484
  Inf proof: 2
  Zero half: 2
  RLT: 284
  Relax-and-lift: 19
  Lazy constraints: 487

Explored 23460 nodes (8520276 simplex iterations) in 3601.00 seconds
Thread count was 2 (of 32 available processors)

Solution count 8: 4979.33 5365.17 5423.22 ... 10539.3

Time limit reached
Best objective 4.979330000000e+03, best bound 4.106792216350e+03, gap 17.5232%

User-callback calls 295279, time in user-callback 149.58 sec
================================================================================
executing instance: ./input/Instances/Original/4/absH3low_3n10.dat
--------------------------------------------------------------------------------
Instance details
n	11
H	3
C	687
Li:
[0, 0, 0, 0, 0, 0, 0, 0, 0, 0, 0, ]
Ui:
[0, 189, 44, 174, 78, 36, 198, 117, 42, 96, 240, ]
Distance matrix:
|0	209	255	286	142	156	285	317	182	161	135	|
|209	0	464	451	315	356	490	469	361	299	260	|
|255	464	0	221	202	130	74	280	189	254	273	|
|286	451	221	0	145	156	164	479	354	153	192	|
|142	315	202	145	0	73	194	388	250	53	73	|
|156	356	130	156	73	0	134	332	200	127	144	|
|285	490	74	164	194	134	0	353	256	239	267	|
|317	469	280	479	388	332	353	0	141	436	430	|
|182	361	189	354	250	200	256	141	0	296	289	|
|161	299	254	153	53	127	239	436	296	0	39	|
|135	260	273	192	73	144	267	430	289	39	0	|

--------------------------------------------------------------------------------
Building model...
	using lazy and cut (CVRPSEP package)
Solving IRP LP...
--------------------------------------------------------------------------------

Gurobi 9.1.0 (linux64) logging started Sun Jan 10 02:39:26 2021

Gurobi Optimizer version 9.1.0 build v9.1.0rc0 (linux64)
Thread count: 32 physical cores, 32 logical processors, using up to 2 threads
Optimize a model with 587 rows, 1184 columns and 5090 nonzeros
Model fingerprint: 0x1c376554
Variable types: 194 continuous, 990 integer (165 binary)
Coefficient statistics:
  Matrix range     [1e+00, 2e+02]
  Objective range  [1e-02, 5e+02]
  Bounds range     [1e+00, 2e+02]
  RHS range        [2e+01, 1e+03]
Presolve removed 104 rows and 11 columns
Presolve time: 0.01s
Presolved: 483 rows, 1173 columns, 4554 nonzeros
Variable types: 183 continuous, 990 integer (840 binary)
Found heuristic solution: objective 6256.5200000

Root relaxation: objective 2.071064e+03, 750 iterations, 0.02 seconds

    Nodes    |    Current Node    |     Objective Bounds      |     Work
 Expl Unexpl |  Obj  Depth IntInf | Incumbent    BestBd   Gap | It/Node Time

     0     0 2071.06375    0   50 6256.52000 2071.06375  66.9%     -    0s
     0     0 2325.01656    0   51 6256.52000 2325.01656  62.8%     -    0s
H    0     0                    5533.2600000 2325.01656  58.0%     -    0s
     0     0 2557.65207    0   80 5533.26000 2557.65207  53.8%     -    0s
     0     0 2599.06411    0   82 5533.26000 2599.06411  53.0%     -    0s
     0     0 2610.51277    0   92 5533.26000 2610.51277  52.8%     -    0s
     0     0 2610.51277    0   91 5533.26000 2610.51277  52.8%     -    0s
     0     0 2678.35126    0   79 5533.26000 2678.35126  51.6%     -    0s
H    0     0                    4635.4500000 2678.35126  42.2%     -    0s
H    0     0                    4360.2300000 2678.35126  38.6%     -    0s
     0     0 2680.12970    0   88 4360.23000 2680.12970  38.5%     -    0s
     0     0 2680.12970    0   87 4360.23000 2680.12970  38.5%     -    0s
     0     0 2789.58501    0  104 4360.23000 2789.58501  36.0%     -    0s
     0     0 2792.88191    0  102 4360.23000 2792.88191  35.9%     -    0s
     0     0 2816.90837    0  105 4360.23000 2816.90837  35.4%     -    0s
     0     0 2817.37763    0   98 4360.23000 2817.37763  35.4%     -    0s
     0     0 2842.91785    0   55 4360.23000 2842.91785  34.8%     -    0s
H    0     0                    4354.2300000 2842.91785  34.7%     -    0s
     0     0 2894.94717    0  142 4354.23000 2894.94717  33.5%     -    0s
     0     0 2897.05448    0  108 4354.23000 2897.05448  33.5%     -    0s
     0     0 2897.16476    0   74 4354.23000 2897.16476  33.5%     -    0s
     0     0 2926.45225    0  141 4354.23000 2926.45225  32.8%     -    0s
     0     0 2928.02925    0  166 4354.23000 2928.02925  32.8%     -    0s
     0     0 2928.84536    0  155 4354.23000 2928.84536  32.7%     -    0s
     0     0 2929.10069    0  160 4354.23000 2929.10069  32.7%     -    0s
     0     0 2950.03440    0  107 4354.23000 2950.03440  32.2%     -    0s
     0     0 2955.60279    0  164 4354.23000 2955.60279  32.1%     -    0s
     0     0 2958.23077    0  143 4354.23000 2958.23077  32.1%     -    0s
     0     0 2958.32830    0  132 4354.23000 2958.32830  32.1%     -    0s
     0     0 3023.02353    0  133 4354.23000 3023.02353  30.6%     -    0s
     0     0 3025.83704    0  126 4354.23000 3025.83704  30.5%     -    0s
     0     0 3026.66490    0  119 4354.23000 3026.66490  30.5%     -    0s
     0     0 3034.36514    0  137 4354.23000 3034.36514  30.3%     -    0s
     0     0 3034.36514    0  132 4354.23000 3034.36514  30.3%     -    0s
     0     0 3047.20492    0  149 4354.23000 3047.20492  30.0%     -    0s
H    0     0                    3995.8400000 3047.20492  23.7%     -    0s
     0     0 3047.20492    0  135 3995.84000 3047.20492  23.7%     -    0s
     0     0 3048.07030    0  146 3995.84000 3048.07030  23.7%     -    1s
     0     0 3050.67895    0  110 3995.84000 3050.67895  23.7%     -    1s
     0     2 3051.03685    0  108 3995.84000 3051.03685  23.6%     -    1s
H  141   144                    3995.2000000 3056.23099  23.5%  70.7    2s
H  142   127                    3746.5800000 3056.23099  18.4%  70.3    2s
H  169   113                    3713.5800000 3056.23099  17.7%  67.9    2s
H  242   180                    3712.3200000 3058.60738  17.6%  73.9    3s
   357   307 3395.74935   51   97 3712.32000 3058.60738  17.6%  79.0    5s
   776   602 3159.88131   25  149 3712.32000 3061.50244  17.5%  62.5   10s
   870   654 3220.65092   29   93 3712.32000 3072.69589  17.2%  90.1   15s
H 1031   648                    3712.3199668 3091.81950  16.7%  98.9   18s
  1111   676 3375.66883   35  104 3712.31997 3091.81950  16.7%   103   20s
H 1416   713                    3712.3196288 3103.99414  16.4%   102   24s
  1499   713 3437.43937   14   98 3712.31963 3108.18652  16.3%   103   25s
  1933   905 3362.35142   26  155 3712.31963 3141.97370  15.4%   100   30s
  2381  1064 3388.17395   26  127 3712.31963 3172.78691  14.5%  96.4   35s
  2839  1329 3344.50539   29  151 3712.31963 3200.25835  13.8%  96.6   40s
  3265  1569 3371.78092   28  102 3712.31963 3219.58458  13.3%  93.5   45s
  3781  1932 3627.82704   43   55 3712.31963 3231.31924  13.0%  90.8   50s
  4312  2268 3616.32385   53   63 3712.31963 3243.90578  12.6%  89.3   55s
  4808  2520 3440.92319   22  103 3712.31963 3253.38978  12.4%  88.8   60s
  5403  2785 infeasible   31      3712.31963 3266.30166  12.0%  88.1   65s
  5967  3109 3323.12353   18   96 3712.31963 3279.32013  11.7%  87.9   71s
  6369  3333 3476.24116   34  132 3712.31963 3285.60590  11.5%  87.7   75s
  6891  3503 3365.57935   47  129 3712.31963 3296.16210  11.2%  86.8   80s
  7393  3872 3566.62024   50   84 3712.31963 3304.00086  11.0%  86.8   85s
  8148  4140 3658.70000   18   66 3712.31963 3316.41082  10.7%  85.9   91s
  8512  4350 3619.35699   33   94 3712.31963 3321.29500  10.5%  86.2   96s
  8935  4456 3636.42537   34  115 3712.31963 3325.88497  10.4%  85.9  102s
  9321  4692     cutoff   33      3712.31963 3329.70310  10.3%  86.2  107s
  9799  4948 3558.39345   25   99 3712.31963 3333.63674  10.2%  86.1  111s
 10261  5132 3589.81745   33   60 3712.31963 3338.22157  10.1%  85.7  115s
 10884  5414 3657.99974   33   42 3712.31963 3344.18137  9.92%  86.0  120s
 11675  5815 3448.89850   29  118 3712.31963 3353.70881  9.66%  85.3  132s
 12180  5975 3431.08349   23   95 3712.31963 3359.91335  9.49%  85.0  136s
 12629  6176 3555.23478   22   93 3712.31963 3364.25790  9.38%  85.2  140s
 13376  6423     cutoff   30      3712.31963 3372.01869  9.17%  84.8  146s
 13785  6558 infeasible   26      3712.31963 3376.44453  9.05%  84.9  150s
 14409  6821     cutoff   29      3712.31963 3381.48792  8.91%  84.7  156s
 14848  6939 3612.97509   39   63 3712.31963 3383.53874  8.86%  84.8  160s
 15508  7207 3551.49649   34   73 3712.31963 3389.07130  8.71%  85.0  166s
 15994  7374 infeasible   20      3712.31963 3393.73508  8.58%  84.9  170s
 16695  7618 3581.02512   33   22 3712.31963 3397.38920  8.48%  84.6  175s
 17375  7832 3586.07457   37  101 3712.31963 3400.90972  8.39%  84.4  181s
 17833  8067     cutoff   27      3712.31963 3404.28348  8.30%  84.3  185s
 18620  8346 3486.39941   22   69 3712.31963 3408.27004  8.19%  83.8  191s
 19173  8453 3614.96551   30   52 3712.31963 3412.21995  8.08%  84.2  195s
 19688  8662 3483.72797   23   73 3712.31963 3414.81772  8.01%  84.1  200s
 20431  8911 3680.34291   32   20 3712.31963 3418.97328  7.90%  83.8  206s
 21152  9115     cutoff   41      3712.31963 3422.86642  7.80%  83.6  211s
 21599  9245 3579.64900   23   94 3712.31963 3425.07272  7.74%  83.6  215s
 22229  9430 3635.70674   25   89 3712.31963 3428.41335  7.65%  83.8  220s
 22902  9672 3542.48621   31   88 3712.31963 3431.01954  7.58%  83.8  226s
 23347  9829 3645.57498   51  118 3712.31963 3432.58741  7.54%  83.7  230s
 23992  9985 3549.37667   47   97 3712.31963 3436.49357  7.43%  83.7  236s
 24486 10110 3631.35044   28   16 3712.31963 3438.78649  7.37%  83.5  240s
 25126 10265 infeasible   39      3712.31963 3440.93918  7.31%  83.5  245s
 25889 10476 3556.42980   32   34 3712.31963 3444.62646  7.21%  83.2  251s
 26377 10587 3682.61630   42    7 3712.31963 3446.76067  7.15%  82.9  255s
 27078 10759     cutoff   30      3712.31963 3449.62299  7.08%  82.8  260s
 27701 10903 3542.56019   26   79 3712.31963 3452.27523  7.00%  82.6  266s
 28186 11038 3613.31197   28  125 3712.31963 3454.34085  6.95%  82.6  270s
 29017 11266 3580.80425   30  107 3712.31963 3457.21681  6.87%  82.0  276s
 29632 11375 3677.35418   41   40 3712.31963 3459.31118  6.82%  81.9  280s
 30258 11568 3627.26498   38   40 3712.31963 3461.53305  6.76%  81.6  285s
 30975 11737 infeasible   31      3712.31963 3464.24600  6.68%  81.5  291s
 31430 11810 3565.05961   23   57 3712.31963 3465.98065  6.64%  81.4  299s
 31502 11848 3681.49207   32   27 3712.31963 3466.09117  6.63%  81.3  301s
 32015 11949 3541.58068   33  101 3712.31963 3469.08572  6.55%  81.2  305s
 32781 12197     cutoff   27      3712.31963 3471.24231  6.49%  80.9  311s
 33284 12291 3576.69561   36   26 3712.31963 3473.07277  6.44%  80.7  315s
 34050 12447 3641.74924   32  120 3712.31963 3475.89453  6.37%  80.5  320s
 34788 12617 3687.14978   37   95 3712.31963 3478.47450  6.30%  80.4  326s
 35495 12804 3658.94971   31  119 3712.31963 3481.31337  6.22%  80.3  331s
 35975 12920     cutoff   38      3712.31963 3482.68527  6.19%  80.2  335s
 36740 13062     cutoff   45      3712.31963 3485.12122  6.12%  80.0  340s
 37431 13178     cutoff   30      3712.31963 3488.06951  6.04%  80.0  346s
 38259 13350     cutoff   29      3712.31963 3491.56336  5.95%  79.7  351s
 38817 13465     cutoff   34      3712.31963 3492.64383  5.92%  79.5  355s
 39618 13559 3590.80939   35   17 3712.31963 3496.35425  5.82%  79.3  360s
 40421 13655 3604.98383   34   74 3712.31963 3499.62863  5.73%  79.0  365s
 41304 13756 3662.05444   25   28 3712.31963 3503.01342  5.64%  78.7  371s
 41910 13813 3533.67348   20   59 3712.31963 3506.17703  5.55%  78.4  375s
 42697 13951 3544.59332   28  105 3712.31963 3509.31416  5.47%  78.2  380s
 43465 14072     cutoff   32      3712.31963 3512.60959  5.38%  78.0  385s
 44340 14232     cutoff   44      3712.31963 3516.28641  5.28%  77.7  391s
 45156 14332     cutoff   45      3712.31963 3519.62007  5.19%  77.4  396s
 45960 14427 3693.44280   31   79 3712.31963 3523.87408  5.08%  77.2  401s
 46781 14530     cutoff   28      3712.31963 3527.44721  4.98%  76.9  406s
 47333 14616 3571.25629   17   61 3712.31963 3529.55478  4.92%  76.8  410s
 48225 14768 infeasible   23      3712.31963 3532.06462  4.86%  76.5  415s
 49091 14946 3572.76911   27   95 3712.31963 3534.32165  4.79%  76.1  421s
 49934 15144 3650.37378   28  125 3712.31963 3536.35821  4.74%  75.9  426s
 50866 15367 3708.06430   29   85 3712.31963 3539.07025  4.67%  75.5  431s
 51583 15533 3639.46986   43   33 3712.31963 3540.15611  4.64%  75.1  435s
 52516 15780     cutoff   30      3712.31963 3541.67818  4.60%  74.7  441s
 53137 15863 infeasible   27      3712.31963 3542.69141  4.57%  74.5  445s
