




arguments: ./build/mirp_solver -f ./input/orig_exec_111.cfg
Current dir: /scratch/gui/bnc_mirp
File verbosity level: 9
date       time         ( uptime  ) [ thread name/id ]                   file:line     v| 
2021-01-09 22:20:43.397 (   0.210s) [main thread     ]             loguru.cpp:789   INFO| Logging to './output/vi_hc3/OU/V5/Original/execution_09_01_2021_22_20_43.log', mode: 'a', verbosity: 9
--------------------------------------------------------------------------------
Parameters
                           instance_path           ./input/Instances/Original/3/
                            model_policy                                       1
                             nb_vehicles                                       5
                              output_dir         ./output/vi_hc3/OU/V5/Original/
                            sec_strategy                                       1
                       solver_nb_threads                                       2
                         solver_show_log                                    true
                       solver_time_limit                                    3600
                              use_vi_cos                                   false
                              use_vi_cus                                   false
                         use_vi_hc1_full                                   false
                         use_vi_hc1_half                                   false
                      use_vi_hc1_quarter                                   false
                              use_vi_hc2                                   false
                              use_vi_hc3                                    true
                         use_vi_lex_full                                   false
                         use_vi_lex_half                                   false
                      use_vi_lex_quarter                                   false
                              use_vi_qua                                   false
                               use_vi_vc                                   false
                               use_vi_vr                                   false
--------------------------------------------------------------------------------
executing instance: ./input/Instances/Original/3/absH3low_2n5.dat
--------------------------------------------------------------------------------
Instance details
n	6
H	3
C	237
Li:
[0, 0, 0, 0, 0, 0, ]
Ui:
[0, 93, 180, 51, 114, 24, ]
Distance matrix:
|0	170	318	35	112	235	|
|170	0	311	205	258	301	|
|318	311	0	326	278	137	|
|35	205	326	0	89	230	|
|112	258	278	89	0	160	|
|235	301	137	230	160	0	|

--------------------------------------------------------------------------------
Building model...
	using lazy and cut (CVRPSEP package)
Solving IRP LP...
--------------------------------------------------------------------------------

Gurobi 9.1.0 (linux64) logging started Sat Jan  9 22:20:43 2021

Gurobi Optimizer version 9.1.0 build v9.1.0rc0 (linux64)
Thread count: 32 physical cores, 32 logical processors, using up to 2 threads
Optimize a model with 312 rows, 414 columns and 1815 nonzeros
Model fingerprint: 0xf9f169cc
Variable types: 99 continuous, 315 integer (90 binary)
Coefficient statistics:
  Matrix range     [1e+00, 2e+02]
  Objective range  [1e-02, 3e+02]
  Bounds range     [1e+00, 2e+02]
  RHS range        [1e+01, 5e+02]
Presolve removed 54 rows and 33 columns
Presolve time: 0.01s

Explored 0 nodes (0 simplex iterations) in 0.01 seconds
Thread count was 1 (of 32 available processors)

Solution count 0

Model is infeasible
Best objective -, best bound -, gap -

User-callback calls 34, time in user-callback 0.00 sec

Computing Irreducible Inconsistent Subsystem (IIS)...

           Constraints          |            Bounds           |  Runtime
      Min       Max     Guess   |   Min       Max     Guess   |
--------------------------------------------------------------------------
        0       282         -         0       569         -           0s
       36        36         -        61        61         -           1s

IIS computed: 36 constraints, 61 bounds
IIS runtime: 0.61 seconds
================================================================================
executing instance: ./input/Instances/Original/3/absH3high_5n30.dat
--------------------------------------------------------------------------------
Instance details
n	31
H	3
C	2296
Li:
[0, 0, 0, 0, 0, 0, 0, 0, 0, 0, 0, 0, 0, 0, 0, 0, 0, 0, 0, 0, 0, 0, 0, 0, 0, 0, 0, 0, 0, 0, 0, ]
Ui:
[0, 80, 90, 297, 28, 264, 123, 192, 112, 32, 72, 88, 294, 129, 126, 105, 110, 237, 246, 92, 72, 147, 54, 96, 128, 96, 84, 28, 74, 196, 192, ]
Distance matrix:
|0	87	302	65	389	171	219	120	412	339	129	63	169	401	383	158	393	161	246	275	64	287	345	235	13	274	106	201	85	358	135	|
|87	0	334	128	402	212	301	204	465	384	187	145	232	424	454	238	475	245	289	352	80	307	352	321	81	352	20	261	170	376	215	|
|302	334	0	239	113	132	237	334	157	70	404	263	162	105	227	229	339	251	65	217	259	53	107	352	293	220	339	134	270	75	235	|
|65	128	239	0	330	107	175	130	348	275	174	40	107	339	326	114	351	125	181	224	58	228	290	222	58	224	143	138	65	297	92	|
|389	402	113	330	0	226	349	438	210	151	502	360	269	48	316	339	441	362	175	328	335	102	55	465	377	330	401	245	371	37	342	|
|171	212	132	107	226	0	169	214	253	173	276	134	64	233	261	130	326	153	77	188	133	125	192	264	162	190	220	68	145	193	125	|
|219	301	237	175	349	169	0	157	257	223	244	157	105	334	180	62	175	61	177	63	233	264	334	118	221	61	317	112	136	312	85	|
|120	204	334	130	438	214	157	0	402	348	88	90	173	438	336	115	307	100	269	220	172	338	406	122	130	218	224	204	69	403	101	|
|412	465	157	348	210	253	257	402	0	88	486	359	245	166	129	287	266	303	178	204	386	208	239	370	406	207	473	212	354	187	304	|
|339	384	70	275	151	173	223	348	88	0	427	291	179	120	166	234	290	254	96	187	306	123	166	342	332	190	391	145	291	119	247	|
|129	187	404	174	502	276	244	88	486	427	0	142	248	508	424	200	390	187	342	308	193	400	464	192	142	306	207	281	136	469	182	|
|63	145	263	40	360	134	157	90	359	291	142	0	114	366	321	95	331	99	202	212	90	258	323	186	65	211	163	148	27	327	72	|
|169	232	162	107	269	64	105	173	245	179	248	114	0	266	222	71	268	94	97	131	155	173	244	203	164	132	245	34	113	233	73	|
|401	424	105	339	48	233	334	438	166	120	508	366	266	0	280	332	409	355	169	305	353	117	96	452	391	308	425	237	374	49	339	|
|383	454	227	326	316	261	180	336	129	166	424	321	222	280	0	231	137	238	208	116	376	277	331	272	381	118	467	197	307	285	253	|
|158	238	229	114	339	130	62	115	287	234	200	95	71	332	231	0	238	23	164	118	171	243	314	134	159	117	255	95	77	302	23	|
|393	475	339	351	441	326	175	307	266	290	390	331	268	409	137	238	0	232	300	138	408	383	445	204	395	136	492	258	308	406	260	|
|161	245	251	125	362	153	61	100	303	254	187	99	94	355	238	23	232	0	187	123	183	267	338	111	164	121	262	117	77	325	34	|
|246	289	65	181	175	77	177	269	178	96	342	202	97	169	208	164	300	187	0	168	210	87	157	290	238	171	296	70	206	138	170	|
|275	352	217	224	328	188	63	220	204	187	308	212	131	305	116	118	138	123	168	0	279	255	322	166	275	3	367	120	195	291	141	|
|64	80	259	58	335	133	233	172	386	306	193	90	155	353	376	171	408	183	210	279	0	236	289	276	51	279	90	182	117	307	150	|
|287	307	53	228	102	125	264	338	208	123	400	258	173	117	277	243	383	267	87	255	236	0	71	374	276	257	308	153	270	71	245	|
|345	352	107	290	55	192	334	406	239	166	464	323	244	96	331	314	445	338	157	322	289	71	0	445	334	325	350	224	337	54	315	|
|235	321	352	222	465	264	118	122	370	342	192	186	203	452	272	134	204	111	290	166	276	374	445	0	243	164	341	221	159	428	142	|
|13	81	293	58	377	162	221	130	406	332	142	65	164	391	381	159	395	164	238	275	51	276	334	243	0	274	100	196	89	347	136	|
|274	352	220	224	330	190	61	218	207	190	306	211	132	308	118	117	136	121	171	3	279	257	325	164	274	0	367	122	194	294	140	|
|106	20	339	143	401	220	317	224	473	391	207	163	245	425	467	255	492	262	296	367	90	308	350	341	100	367	0	272	188	377	232	|
|201	261	134	138	245	68	112	204	212	145	281	148	34	237	197	95	258	117	70	120	182	153	224	221	196	122	272	0	146	208	103	|
|85	170	270	65	371	145	136	69	354	291	136	27	113	374	307	77	308	77	206	195	117	270	337	159	89	194	188	146	0	337	54	|
|358	376	75	297	37	193	312	403	187	119	469	327	233	49	285	302	406	325	138	291	307	71	54	428	347	294	377	208	337	0	306	|
|135	215	235	92	342	125	85	101	304	247	182	72	73	339	253	23	260	34	170	141	150	245	315	142	136	140	232	103	54	306	0	|

--------------------------------------------------------------------------------
Building model...
	using lazy and cut (CVRPSEP package)
Solving IRP LP...
--------------------------------------------------------------------------------

Gurobi 9.1.0 (linux64) logging started Sat Jan  9 22:20:44 2021

Gurobi Optimizer version 9.1.0 build v9.1.0rc0 (linux64)
Thread count: 32 physical cores, 32 logical processors, using up to 2 threads
Optimize a model with 1687 rows, 8014 columns and 33190 nonzeros
Model fingerprint: 0x5780996c
Variable types: 574 continuous, 7440 integer (465 binary)
Coefficient statistics:
  Matrix range     [1e+00, 5e+02]
  Objective range  [1e-01, 5e+02]
  Bounds range     [1e+00, 3e+02]
  RHS range        [1e+01, 4e+03]
Presolve removed 304 rows and 31 columns
Presolve time: 0.07s
Presolved: 1383 rows, 7983 columns, 30704 nonzeros
Variable types: 543 continuous, 7440 integer (6990 binary)

Root relaxation: objective 9.093951e+03, 1422 iterations, 0.05 seconds

    Nodes    |    Current Node    |     Objective Bounds      |     Work
 Expl Unexpl |  Obj  Depth IntInf | Incumbent    BestBd   Gap | It/Node Time

     0     0 9093.95111    0  121          - 9093.95111      -     -    0s
     0     0 9363.38898    0  138          - 9363.38898      -     -    0s
     0     0 9372.41619    0  124          - 9372.41619      -     -    0s
     0     0 9372.41619    0  128          - 9372.41619      -     -    0s
     0     0 9567.65745    0  180          - 9567.65745      -     -    0s
     0     0 9612.51237    0  168          - 9612.51237      -     -    0s
     0     0 9614.20201    0  161          - 9614.20201      -     -    0s
     0     0 9614.20201    0  160          - 9614.20201      -     -    0s
     0     0 9820.82290    0  164          - 9820.82290      -     -    1s
     0     0 9830.23859    0  163          - 9830.23859      -     -    1s
     0     0 9830.23859    0  157          - 9830.23859      -     -    1s
     0     0 9899.87812    0  206          - 9899.87812      -     -    1s
     0     0 9921.84404    0  198          - 9921.84404      -     -    1s
     0     0 9923.45788    0  180          - 9923.45788      -     -    1s
     0     0 9923.45788    0  183          - 9923.45788      -     -    1s
     0     0 9987.22249    0  206          - 9987.22249      -     -    1s
     0     0 9992.86278    0  220          - 9992.86278      -     -    1s
     0     0 9992.86278    0  258          - 9992.86278      -     -    2s
     0     0 10020.1941    0  194          - 10020.1941      -     -    2s
     0     0 10025.9428    0  246          - 10025.9428      -     -    2s
     0     0 10029.1818    0  284          - 10029.1818      -     -    2s
     0     0 10030.4689    0  258          - 10030.4689      -     -    2s
     0     0 10030.7860    0  260          - 10030.7860      -     -    2s
     0     0 10066.8917    0  312          - 10066.8917      -     -    2s
     0     0 10067.6597    0  276          - 10067.6597      -     -    2s
     0     0 10082.2955    0  289          - 10082.2955      -     -    3s
     0     0 10084.7037    0  294          - 10084.7037      -     -    3s
     0     0 10084.7879    0  285          - 10084.7879      -     -    3s
     0     0 10089.3278    0  375          - 10089.3278      -     -    3s
     0     0 10089.3278    0  254          - 10089.3278      -     -    3s
     0     2 10090.6679    0  253          - 10090.6679      -     -    4s
     5     8 10103.7688    2  282          - 10090.6679      -   666    5s
    61    67 10280.3770   19  291          - 10090.6679      -   540   10s
   154   167 10492.1710   46  213          - 10090.6679      -   410   15s
   226   244 10625.1935   62  254          - 10090.6679      -   374   20s
   436   474 11040.5450   89  154          - 10090.6679      -   260   25s
   590   581 11414.5078  128  110          - 10090.6679      -   231   30s
   778   818 13621.4503  239   27          - 10090.6679      -   201   35s
  1012   966 10178.2494    4  354          - 10105.3258      -   173   40s
  1044   979 12262.6842  191  293          - 10122.4116      -   170   45s
  1059   989 12119.3854  174  337          - 10135.1648      -   168   50s
  1075  1000 10882.5954   80  396          - 10145.9076      -   165   55s
  1083  1005 10581.8548   46  358          - 10147.8637      -   164   60s
  1086  1010 10150.3438   14  431          - 10148.7136      -   192   65s
  1092  1014 10194.8245   15  304          - 10152.1864      -   196   70s
  1112  1030 10156.1316   20  418          - 10156.1316      -   201   75s
  1142  1050 10158.5284   27  404          - 10157.0992      -   213   80s
  1170  1070 10186.1210   33  410          - 10157.0992      -   223   85s
  1207  1098 10275.0532   40  365          - 10157.0992      -   233   90s
  1242  1122 10249.0326   48  395          - 10157.0992      -   242   95s
  1283  1150 10365.0211   57  322          - 10157.0992      -   252  101s
  1316  1176 10330.5081   65  334          - 10157.0992      -   257  106s
  1362  1208 10381.7974   74  364          - 10157.0992      -   264  111s
  1400  1235 10412.1509   82  361          - 10157.0992      -   268  115s
  1450  1269 10499.2686   92  297          - 10157.0992      -   275  122s
  1494  1309 10682.2956  101  227          - 10157.0992      -   280  127s
  1560  1350 10936.1462  117  244          - 10157.0992      -   282  132s
  1588  1371 10978.2750  123  250          - 10157.0992      -   284  135s
  1668  1439 11119.0669  140  233          - 10157.0992      -   285  141s
  1756  1498 11229.9869  155  222          - 10157.0992      -   286  147s
  1801  1530 11582.2722  164  194          - 10157.0992      -   287  151s
  1901  1621 11409.0544  181  223          - 10157.0992      -   286  158s
  1973  1635 11544.0816  193  223          - 10157.0992      -   283  162s
  2011  1707 11698.1031  200  246          - 10157.0992      -   283  166s
  2095  1784 11765.4429  213  227          - 10157.0992      -   279  171s
  2200  1852 12078.4159  230  175          - 10157.0992      -   273  176s
  2303  1927 12440.1845  249  121          - 10157.0992      -   268  181s
  2413  2013 12479.1436  270  138          - 10157.0992      -   263  186s
  2535  2094 12773.9507  290  159          - 10157.0992      -   257  192s
  2659  2172 12932.0352  315  142          - 10157.0992      -   253  197s
  2778  2287 13006.8294  337  156          - 10157.0992      -   249  203s
  2941  2233 14956.9954  585   90          - 10157.0992      -   242  205s
  3011  2267 13949.0880  390  102          - 10157.0992      -   239  210s
  3047  2325 14078.7189  396   87          - 10157.0992      -   239  215s
  3121  2475 14537.0699  431   59          - 10158.1783      -   238  221s
  3326  2429 10194.7882   21  355          - 10158.1783      -   229  227s
  3349  2437 10238.3076   31  332          - 10158.1783      -   232  231s
  3364  2451 10265.2611   31  356          - 10158.1783      -   235  235s
  3383  2463 10307.8846   37  372          - 10158.1783      -   238  240s
  3419  2490 10394.8167   46  302          - 10158.1783      -   245  248s
  3441  2507 10500.5246   48  246          - 10158.1783      -   247  253s
  3465  2528 10504.3709   57  263          - 10158.1783      -   250  257s
  3494  2545 10623.4540   63  227          - 10158.1783      -   252  262s
  3521  2576 10706.0656   65  204          - 10158.1783      -   255  267s
  3561  2599 10785.5894   71  264          - 10158.1783      -   257  273s
  3597  2637 10870.1655   72  157          - 10158.1783      -   259  278s
  3647  2672 10999.1502   83  177          - 10158.1783      -   260  284s
  3699  2729 11077.4346   89  195          - 10158.1783      -   262  290s
  3773  2770 11394.1719  110  140          - 10158.1783      -   262  297s
  3839  2804 11668.7070  125  150          - 10158.1783      -   263  303s
  3897  2875 11595.0521  135  194          - 10158.1783      -   263  311s
  3987  2982 11842.4823  172  162          - 10158.1783      -   261  320s
  4124  3137 12153.7361  200  128          - 10158.1783      -   258  329s
  4158  3137 12259.3308  219  106          - 10158.1783      -   257  330s
  4316  3495 12688.6157  240   88          - 10158.1783      -   253  342s
  4554  3495 13103.1517  413   28          - 10158.1783      -   243  345s
  4682  3973 13346.8492  415   27          - 10158.1783      -   240  358s
  4811  3973 13952.8683  495   27          - 10158.1783      -   234  360s
  5213  4125 15817.4700  567   11          - 10158.3067      -   220  372s
  5469  4176 10277.7715   21  287          - 10162.6351      -   214  381s
  5503  4207 10332.0759   33  322          - 10162.6351      -   217  388s
  5534  4242 10482.6668   36  187          - 10162.6351      -   220  395s
  5569  4278 10516.9539   43  265          - 10162.6351      -   222  403s
  5605  4375 10527.7694   44  271          - 10162.6351      -   224  412s
  5702  4537 10895.6614   56  215          - 10162.6351      -   224  421s
  5864  4663 10898.4156   62  160          - 10162.6351      -   222  432s
  5992  4974 11034.1825   81  175          - 10162.6351      -   220  446s
  6341  4977 14189.0169  479   25          - 10162.6351      -   213  450s
  6360  5188 11285.2442  145  137          - 10162.6351      -   213  460s
  6571  5382 11980.0898  284   62          - 10165.0213      -   210  472s
  6801  5414 10385.6847   29  335          - 10165.0213      -   207  482s
  6830  5449 10434.6674   35  301          - 10165.0213      -   211  491s
  6865  5490 10594.7588   44  310          - 10165.0213      -   214  529s
  6906  5525 10725.4184   64  255          - 10165.0213      -   217  538s
  6941  5578 10823.6603   77  277          - 10165.0213      -   220  546s
  6994  5674 10915.7699   95  175          - 10165.0213      -   222  555s
  7090  5865 11038.4328  128  118          - 10165.0213      -   223  565s
  7281  6397 11254.4029  227  100          - 10165.0213      -   221  583s
  7472  6397 12989.1110  351   62          - 10165.0213      -   218  585s
  7823  7006 13081.1228  385   68          - 10165.0213      -   213  605s
  8599  7070 10399.0318   34  360          - 10168.4383      -   200  624s
  8619  7070 10308.2463   26  336          - 10168.4383      -   202  625s
  8642  7140 10635.3640   42  201          - 10168.4383      -   204  636s
  8712  7436 10861.4438   65  140          - 10168.4383      -   207  652s
  9008  7872 11372.6360  218   60          - 10168.4383      -   205  669s
  9050  7872 11487.6771  242   34          - 10168.4383      -   204  670s
  9504  8249 10423.1596   30  336          - 10168.4383      -   199  690s
  9881  8313 10558.8188   40  213          - 10168.4383      -   196  704s
  9923  8313 10817.2615   63  153          - 10168.4383      -   197  705s
  9963  8564 10881.4648   70  141          - 10168.4383      -   199  718s
 10089  8564 11351.2720  139   74          - 10168.4383      -   198  720s
 10221  8744 11853.5377  201   90          - 10184.0043      -   199  733s
 10427  9092 10371.9369   26  301          - 10184.0043      -   199  752s
 10723  9109 12436.0335  231    9          - 10184.0043      -   198  755s
 10854  9157 10468.7588   37  277          - 10184.0043      -   196  765s
 10899  9215 10641.2810   55  184          - 10184.0043      -   198  776s
 10957  9396 10824.7518   81  125          - 10184.0043      -   200  789s
 10978  9396 10905.4097   95   78          - 10184.0043      -   200  790s
 11138  9679 11215.6002  206  119          - 10184.1724      -   200  804s
 11180  9679 11288.2713  245   79          - 10184.1724      -   200  805s
 11442  9854 10372.9763   28  340          - 10184.1724      -   199  821s
 11668  9895 10422.2890   35  356          - 10184.1724      -   199  833s
 11702  9990 10649.0785   41  228          - 10184.1724      -   201  844s
 11799 10074 10827.0184   63  128          - 10184.1724      -   203  856s
 11883 10457 10924.4461   73  141          - 10184.1724      -   204  871s
 12296 10484 13362.8943  271    3          - 10184.1724      -   201  875s
 12389 10737 11449.8500  144    -          - 10187.1459      -   200  888s
 12517 10741 12226.0409  228    8          - 10187.1459      -   198  890s
 12670 10833 10418.1685   24  286          - 10187.1459      -   199  901s
 12746 11199 10569.6939   29  237          - 10187.1459      -   201  918s
 12906 11200 11387.5863  131   82          - 10187.1459      -   202  920s
 13184 11414 10976.2790   51   62          - 10187.7464      -   199  936s
 13407 11503 10700.0999   28  249          - 10187.7464      -   199  949s
 13486 11802 10708.0794   37  211          - 10187.7464      -   201  967s
 13808 11816 12484.2861  226   10          - 10187.7464      -   200  970s
 13819 12193 10978.7041   61  103          - 10187.7464      -   199  984s
 13882 12193 11224.3334   92   12          - 10187.7464      -   200  985s
 14245 12283 infeasible  255               - 10188.1411      -   197  999s
 14365 12283 10595.7672   35  245          - 10188.1411      -   198 1000s
 14369 12355 10396.5042   25  267          - 10188.1411      -   198 1010s
 14441 12747 10620.7828   35  138          - 10188.1411      -   199 1026s
 14857 13059 11414.7675   85   36          - 10188.1411      -   197 1042s
 15122 13067 12467.3789  268    7          - 10189.6518      -   195 1045s
 15236 13105 10522.1714   28  267          - 10189.6518      -   195 1055s
 15268 13181 10758.6111   38  100          - 10189.6518      -   196 1066s
 15344 13433 10994.6643   59  166          - 10189.6518      -   198 1080s
 15598 13590 12206.9141  195   30          - 10189.7172      -   198 1094s
 15639 13590 11309.9211   70   49          - 10194.8245      -   198 1095s
 15828 13645 10416.4085   24  339          - 10194.8245      -   197 1107s
 15859 13694 10378.8383   28  292          - 10194.8245      -   199 1117s
 15908 13836 10690.8969   39  163          - 10194.8245      -   200 1131s
 16058 14447 10917.2858   52  143          - 10194.8245      -   200 1148s
 16205 14447 11276.4461  165   44          - 10194.8245      -   200 1150s
 16762 14547 10380.2124   17  317          - 10194.8245      -   196 1165s
 16899 14642 10588.1661   21  339          - 10194.8245      -   197 1177s
 16965 15046 10786.5828   38  139          - 10194.8245      -   198 1191s
 17373 15741 11155.8216  173   36          - 10194.9374      -   196 1211s
 18288 15839 10273.5102   17  343          - 10195.8400      -   189 1229s
 18313 15880 10462.3788   22  296          - 10195.8400      -   191 1239s
 18354 15976 10460.6229   26  279          - 10195.8400      -   193 1250s
 18450 16331 10748.3762   65   56          - 10196.0849      -   194 1266s
 18906 16544 10515.3987   25  319          - 10196.0849      -   192 1282s
 19075 16690 10695.5900   30  341          - 10196.0849      -   192 1295s
 19240 16739 10858.0707   37  231          - 10196.0849      -   192 1306s
 19289 16807 11000.0740   52  222          - 10196.0849      -   193 1316s
 19357 17264 11147.7014   72  216          - 10196.0849      -   194 1332s
 19577 17264 11181.3798  137   28          - 10196.0849      -   194 1335s
 19905 17640 11676.1844  150   34          - 10198.6222      -   192 1352s
 20142 17643 13542.7100  291    4          - 10198.6222      -   190 1355s
 20389 17727 10260.6574   33  423          - 10198.6222      -   189 1366s
 20411 17773 10509.6551   37  356          - 10198.6222      -   191 1377s
 20457 18086 10589.9275   42  383          - 10198.6222      -   192 1390s
 20801 18166 10686.9502   43  245          - 10198.6222      -   191 1403s
 20915 18266 10830.8752   64  174          - 10198.6222      -   191 1415s
 20999 18738 11376.8872   95   51          - 10202.3317      -   192 1433s
 21169 18739 12300.9000  194    8          - 10202.3317      -   191 1435s
 21619 19076 10251.6417   28  361          - 10202.3317      -   189 1455s
 21964 19131 10426.0281   31  327          - 10202.3317      -   188 1468s
 21991 19163 10486.9128   38  314          - 10202.3317      -   189 1477s
 22023 19213 10565.1024   41  306          - 10202.3317      -   190 1487s
 22073 19331 10703.8755   57  119          - 10202.3317      -   191 1499s
 22191 19684 10923.9657  122   97          - 10203.1851      -   191 1513s
 22406 19687 12595.8272  246   27          - 10203.1851      -   190 1515s
 22596 19809 10492.5518   18  372          - 10203.1851      -   190 1528s
 22733 19849 10716.4451   25  238          - 10203.1851      -   191 1540s
 22773 19901 10879.4557   35  180          - 10203.1851      -   192 1549s
 22794 19901 11069.5651   50  118          - 10203.1851      -   192 1550s
 22825 20019 11122.4017   62  143          - 10203.1851      -   193 1561s
 22943 20420 11311.4500  101  128          - 10205.8676      -   193 1580s
 23398 20443 13311.8688  205    7          - 10205.9796      -   192 1585s
 23488 20487 10443.2459   16  342          - 10205.9796      -   192 1596s
 23512 20519 10501.4916   22  403          - 10205.9796      -   193 1607s
 23544 20583 10625.9157   29  314          - 10205.9796      -   194 1617s
 23608 20776 10955.2797   40  213          - 10205.9796      -   195 1632s
 23815 20907 10933.4708   55  210          - 10205.9796      -   195 1645s
 23945 21247 11981.0808  117   87          - 10207.4348      -   196 1661s
 24292 21252 14979.7878  287    4          - 10207.4348      -   194 1665s
 24338 21300 10550.0292   33  294          - 10207.4348      -   195 1675s
 24380 21350 10740.3449   45  231          - 10207.4348      -   196 1686s
 24430 21443 10851.1331   57  181          - 10207.4348      -   197 1697s
 24523 21741 11219.6171   90  155          - 10207.7706      -   198 1712s
 24847 21772 15932.4950  282   17          - 10207.7706      -   196 1715s
 24935 21983 10504.3514   30  354          - 10207.7706      -   197 1730s
 25173 22025 10728.5966   37  307          - 10207.7706      -   196 1742s
 25199 22091 10955.5040   42  202          - 10207.7706      -   198 1753s
 25265 22275 11171.4211   71  151          - 10208.4837      -   199 1768s
 25474 22308 10296.3547   29  403          - 10208.4837      -   199 1779s
 25505 22373 10483.9858   32  275          - 10208.4837      -   200 1791s
 25570 22636 10512.7844   37  310          - 10208.4837      -   200 1804s
 25633 22636 10948.7508   84  105          - 10208.4837      -   201 1805s
 25833 23021 11395.9968  113   62          - 10208.5151      -   200 1824s
 25897 23021 11859.9554  143   33          - 10208.5151      -   200 1825s
 26358 23099 10405.6415   32  359          - 10208.6240      -   198 1840s
 26379 23119 10444.1955   34  287          - 10208.6240      -   199 1850s
 26399 23147 10670.0679   37  321          - 10208.6240      -   200 1859s
 26411 23147 10671.8871   39  264          - 10208.6240      -   200 1860s
 26427 23179 10725.5138   47  336          - 10208.6240      -   201 1870s
 26459 23448 10832.1597   62  204          - 10208.6240      -   202 1883s
 26668 23448 11186.2998  170   18          - 10208.6240      -   201 1885s
 26785 23804 11425.1031   90  116          - 10209.1867      -   201 1902s
 27044 23812 13261.2900  243    2          - 10209.1867      -   200 1905s
 27247 23878 10432.4168   28  375          - 10209.3751      -   199 1916s
 27275 23923 10725.3455   37  234          - 10209.3751      -   200 1926s
 27320 23996 10877.2668   48  190          - 10209.3751      -   201 1938s
 27393 24378 11408.8581   75  152          - 10209.3751      -   201 1955s
 27884 24770 13052.4300  168   28          - 10209.4247      -   199 1975s
 28257 24993 10424.7341   24  303          - 10209.4247      -   199 1991s
 28522 25028 10652.1496   35  316          - 10209.4247      -   198 2003s
 28546 25062 10617.9590   40  289          - 10209.4247      -   199 2015s
 28580 25237 10810.7916   51  258          - 10209.4247      -   200 2029s
 28707 25237 11263.0346  132  101          - 10209.4247      -   200 2030s
 28757 25472 11714.9370  150   70          - 10210.9761      -   200 2045s
 29058 25717 10314.0637   31  356          - 10210.9761      -   200 2062s
 29338 25754 10350.8680   33  349          - 10210.9761      -   200 2080s
 29358 25779 10411.1743   38  403          - 10210.9761      -   201 2091s
 29383 25825 10727.4197   46  427          - 10210.9761      -   202 2101s
 29429 25892 10628.7676   49  325          - 10210.9761      -   202 2112s
 29496 26287 10747.0220   63  134          - 10210.9761      -   203 2129s
 29559 26287 10930.5529   97   27          - 10210.9761      -   203 2130s
 29955 26429 11491.0310  140   98          - 10213.8412      -   202 2144s
 29997 26429 11932.3867  156   40          - 10213.8412      -   202 2145s
 30093 26442 10718.9623   28  339          - 10213.8412      -   202 2155s
 30106 26466 10715.7216   31  316          - 10213.8412      -   203 2165s
 30130 26570 10965.8765   39  226          - 10213.8412      -   204 2177s
 30238 26773 11935.1066   90   26          - 10215.3249      -   205 2191s
 30502 26838 10641.6133   31  349          - 10215.3249      -   204 2204s
 30541 27018 10818.7115   37  328          - 10215.3249      -   205 2217s
 30721 27305 11217.5596   64  147          - 10215.4004      -   205 2236s
 31042 27327 10435.0902   29  322          - 10215.4801      -   205 2250s
 31062 27375 10521.3733   33  389          - 10215.4801      -   206 2260s
 31110 27484 10582.4704   39  389          - 10215.4801      -   206 2274s
 31221 27787 10805.0156   56  133          - 10215.4801      -   207 2289s
 31263 27787 10994.4713   80  133          - 10215.4801      -   207 2290s
 31552 28040 11682.8785  126   57          - 10216.9057      -   206 2306s
 31840 28067 10466.8466   22  266          - 10216.9057      -   206 2319s
 31860 28092 10556.7994   26  295          - 10216.9057      -   207 2329s
 31885 28142 10666.2316   31  301          - 10216.9057      -   207 2340s
 31935 28250 10887.1244   51  203          - 10216.9057      -   208 2353s
 32043 28610 11320.0281   76   99          - 10216.9271      -   208 2369s
 32085 28613 11553.6200   96    -          - 10216.9271      -   208 2370s
 32490 28667 10409.6542   27  300          - 10217.6977      -   207 2384s
 32518 28711 10621.9054   31  317          - 10217.6977      -   208 2397s
 32562 28857 10598.1067   34  286          - 10217.6977      -   208 2412s
 32748 28907 10758.2609   39  268          - 10217.6977      -   208 2429s
 32782 28957 10858.0574   50  249          - 10217.6977      -   209 2441s
 32832 29036 11148.0094   72  216          - 10217.6977      -   210 2453s
 32911 29272 11715.7581  101   40          - 10217.7495      -   210 2469s
 32997 29277 12222.7500  136    -          - 10217.7495      -   210 2470s
 33223 29588 10404.5117   19  286          - 10217.7495      -   210 2495s
 33593 29654 10596.6546   21  290          - 10217.7495      -   209 2510s
 33621 29821 10734.1997   26  242          - 10217.7495      -   210 2524s
 33799 30019 11003.9989   47  197          - 10217.7495      -   210 2538s
 34016 30298 11695.9081  124   37          - 10220.4504      -   210 2555s
 34389 30408 10470.5482   29  315          - 10220.4504      -   209 2570s
 34456 30763 10886.7001   41  149          - 10220.4754      -   210 2588s
 34604 30763 11758.8247  138   25          - 10220.4754      -   209 2590s
 34861 30805 10377.6081   23  353          - 10220.8214      -   209 2603s
 34884 30836 10614.9704   31  275          - 10220.8214      -   210 2615s
 34915 30881 10739.8384   36  214          - 10220.8214      -   210 2628s
 34960 30994 10918.1349   42  297          - 10220.8214      -   211 2642s
 35075 31234 11100.7485   51  236          - 10220.8214      -   212 2663s
 35224 31234 13161.4349  152   17          - 10220.8214      -   212 2665s
 35383 31460 11406.7379   79  203          - 10220.8214      -   211 2680s
 35600 31547 infeasible  208               - 10221.3085      -   211 2695s
 35716 31588 10391.2713   25  336          - 10221.3085      -   211 2706s
 35746 31836 10632.8836   31  287          - 10221.3085      -   212 2722s
 36093 31975 10846.2392   44  219          - 10221.3085      -   211 2737s
 36219 32084 11164.2569   76  164          - 10221.3085      -   212 2750s
 36319 32404 11554.8801  116  188          - 10221.7818      -   212 2766s
 36671 32594 10371.1935   31  384          - 10221.7818      -   212 2783s
 36963 32669 10436.4337   38  431          - 10221.7818      -   211 2795s
 36994 32745 10592.5704   43  281          - 10221.7818      -   212 2807s
 37070 32989 10873.4783   57  101          - 10221.7818      -   212 2821s
 37316 33260 11143.7439  108   71          - 10221.9823      -   212 2837s
 37715 33321 10259.9797   30  475          - 10222.2220      -   211 2850s
 37738 33344 10418.8035   33  426          - 10222.2220      -   212 2861s
 37761 33368 10391.9436   34  415          - 10222.2220      -   213 2871s
 37785 33399 10443.7560   33  390          - 10222.2220      -   213 2882s
 37816 33443 10554.3823   35  331          - 10222.2220      -   214 2895s
 37860 33496 10572.4185   36  342          - 10222.2220      -   215 2907s
 37917 33799 10615.8818   38  417          - 10222.2220      -   215 2926s
 38293 33841 10728.7404   44  394          - 10222.2220      -   215 2940s
 38314 33878 10711.2584   50  323          - 10222.2220      -   215 2951s
 38351 33935 10966.6895   57  259          - 10222.2220      -   216 2962s
 38408 34069 11201.8171   63  191          - 10222.2220      -   217 2976s
 38542 34242 11432.4451  103   51          - 10223.0036      -   217 2992s
 38792 34268 10536.9820   27  421          - 10223.0036      -   217 3006s
 38810 34308 10650.9623   31  356          - 10223.0036      -   218 3017s
 38850 34372 10788.0639   44  217          - 10223.0036      -   219 3028s
 38914 34554 11168.0088   61  100          - 10223.0036      -   219 3042s
 39100 35001 12159.7812  152   50          - 10223.2326      -   219 3063s
 39269 35008 13190.7079  267   10          - 10223.2326      -   219 3065s
 39654 35058 10412.3118   23  422          - 10223.5746      -   218 3079s
 39670 35079 10666.4034   29  399          - 10223.5746      -   219 3089s
 39691 35120 10580.1093   35  332          - 10223.5746      -   219 3100s
 39732 35207 10889.4060   45  232          - 10223.5746      -   220 3111s
 39819 35640 11137.2314   75  118          - 10224.0039      -   220 3129s
 39861 35640 11359.4419  108  165          - 10224.0039      -   220 3130s
 40429 35745 10338.9030   30  402          - 10224.1764      -   219 3145s
 40459 35783 10477.8573   35  314          - 10224.1764      -   219 3156s
 40497 35885 10583.9233   38  340          - 10224.1764      -   220 3169s
 40599 36146 10689.0311   39  301          - 10224.1764      -   221 3189s
 40641 36146 11496.3070  141   10          - 10224.1764      -   221 3190s
 41034 36349 11027.9970   51  172          - 10224.1764      -   220 3206s
 41164 36477 11732.9881  140   82          - 10225.1075      -   220 3219s
 41291 36477 10670.8780   49  218          - 10225.1075      -   220 3220s
 41326 36550 10607.1924   37  352          - 10225.1075      -   220 3232s
 41403 36803 10763.2300   42  398          - 10225.1075      -   221 3249s
 41451 36803 11315.7006  124   68          - 10225.1075      -   221 3250s
 41753 37028 11087.8192   52  132          - 10226.3040      -   220 3268s
 41960 37053 10499.8318   40  336          - 10226.3040      -   220 3280s
 41985 37079 10759.9792   50  233          - 10226.3040      -   221 3291s
 42011 37141 10884.1512   56  199          - 10226.3040      -   222 3302s
 42073 37464 11099.4842   82  145          - 10226.4285      -   222 3321s
 42481 37756 10585.1231   32  269          - 10226.4285      -   222 3342s
 42756 37977 10791.0094   46  263          - 10226.4285      -   221 3362s
 42994 37989 14767.4300  267    -          - 10226.4285      -   221 3365s
 43006 38234 11223.9615   74   71          - 10226.4285      -   221 3380s
 43285 38323 11630.8699   90  109          - 10228.4304      -   221 3396s
 43435 38380 10540.7349   36  317          - 10228.4304      -   221 3410s
 43454 38426 10575.8090   38  447          - 10228.4304      -   222 3421s
 43500 38510 10865.9564   58  334          - 10228.4304      -   223 3434s
 43584 38717 11020.5317   71  255          - 10228.4304      -   223 3449s
 43605 38717 11131.7494   84  237          - 10228.4304      -   223 3450s
 43859 38947 11406.6097  100  106          - 10229.6441      -   223 3468s
 44113 38980 13853.4700  191    2          - 10229.6441      -   222 3470s
 44133 39010 10461.4766   36  364          - 10229.6441      -   223 3481s
 44161 39079 10595.7771   37  337          - 10229.6441      -   223 3494s
 44230 39170 10626.8541   40  361          - 10229.6441      -   224 3511s
 44343 39228 10674.8419   43  393          - 10229.6441      -   224 3523s
 44393 39367 11139.3076   61  134          - 10229.6441      -   225 3537s
 44534 39562 12317.0573  122   46          - 10230.5810      -   225 3551s
 44742 39599 10553.6431   38  340          - 10230.5810      -   225 3564s
 44779 39931 10639.1280   41  333          - 10230.5810      -   226 3581s
 45125 40083 10992.4920   50  249          - 10230.5810      -   226 3600s

Cutting planes:
  User: 5184
  Gomory: 26
  Cover: 583
  Implied bound: 114
  Clique: 10
  MIR: 426
  Flow cover: 678
  Zero half: 67
  RLT: 465
  Relax-and-lift: 17
  Lazy constraints: 3050

Explored 45330 nodes (10227616 simplex iterations) in 3601.81 seconds
Thread count was 2 (of 32 available processors)

Solution count 0

Time limit reached
Best objective -, best bound 1.023058101387e+04, gap -

User-callback calls 444097, time in user-callback 233.89 sec
================================================================================
executing instance: ./input/Instances/Original/3/absH3high_5n20.dat
--------------------------------------------------------------------------------
Instance details
n	21
H	3
C	1734
Li:
[0, 0, 0, 0, 0, 0, 0, 0, 0, 0, 0, 0, 0, 0, 0, 0, 0, 0, 0, 0, 0, ]
Ui:
[0, 40, 237, 68, 194, 144, 207, 114, 118, 207, 120, 72, 128, 48, 102, 237, 261, 135, 84, 184, 142, ]
Distance matrix:
|0	408	254	408	305	286	284	573	384	380	400	384	552	461	243	577	274	285	345	92	431	|
|408	0	189	21	111	218	178	168	182	283	211	86	158	222	191	168	136	320	219	318	87	|
|254	189	0	198	81	230	31	354	276	174	157	136	307	348	158	348	110	313	275	180	183	|
|408	21	198	0	118	204	190	165	163	302	230	105	169	202	184	170	134	306	202	317	107	|
|305	111	81	118	0	188	80	278	209	221	172	86	247	276	129	276	61	285	220	218	130	|
|286	218	230	204	188	0	249	342	102	401	360	260	373	176	73	360	128	103	60	202	290	|
|284	178	31	190	80	249	0	339	286	151	127	114	284	355	180	330	124	337	290	211	160	|
|573	168	354	165	278	342	339	0	262	411	330	229	118	248	342	37	298	434	316	482	194	|
|384	182	276	163	209	102	286	262	0	429	372	252	319	79	149	287	167	174	55	297	268	|
|380	283	174	302	221	401	151	411	429	0	82	197	318	491	331	390	274	488	439	331	219	|
|400	211	157	230	172	360	127	330	372	82	0	125	237	427	297	308	232	455	390	335	139	|
|384	86	136	105	86	260	114	229	252	197	125	0	171	303	210	217	143	361	278	301	47	|
|552	158	307	169	247	373	284	118	319	318	237	171	0	331	349	84	289	474	366	465	124	|
|461	222	348	202	276	176	355	248	79	491	427	303	331	0	228	279	241	226	119	375	308	|
|243	191	158	184	129	73	180	342	149	331	297	210	349	228	0	352	68	159	127	152	248	|
