




arguments: ./build/mirp_solver -f ./input/orig_exec_189.cfg
Current dir: /scratch/gui/bnc_mirp
File verbosity level: 9
date       time         ( uptime  ) [ thread name/id ]                   file:line     v| 
2021-01-10 07:12:02.691 (   0.273s) [main thread     ]             loguru.cpp:789   INFO| Logging to './output/vi_hc3/OU/V5/Original/execution_10_01_2021_07_12_02.log', mode: 'a', verbosity: 9
--------------------------------------------------------------------------------
Parameters
                           instance_path           ./input/Instances/Original/5/
                            model_policy                                       1
                             nb_vehicles                                       5
                              output_dir         ./output/vi_hc3/OU/V5/Original/
                            sec_strategy                                       1
                       solver_nb_threads                                       2
                         solver_show_log                                    true
                       solver_time_limit                                    3600
                              use_vi_cos                                   false
                              use_vi_cus                                   false
                         use_vi_hc1_full                                   false
                         use_vi_hc1_half                                   false
                      use_vi_hc1_quarter                                   false
                              use_vi_hc2                                   false
                              use_vi_hc3                                    true
                         use_vi_lex_full                                   false
                         use_vi_lex_half                                   false
                      use_vi_lex_quarter                                   false
                              use_vi_qua                                   false
                               use_vi_vc                                   false
                               use_vi_vr                                   false
--------------------------------------------------------------------------------
executing instance: ./input/Instances/Original/5/absH3low_4n50.dat
--------------------------------------------------------------------------------
Instance details
n	51
H	3
C	4066
Li:
[0, 0, 0, 0, 0, 0, 0, 0, 0, 0, 0, 0, 0, 0, 0, 0, 0, 0, 0, 0, 0, 0, 0, 0, 0, 0, 0, 0, 0, 0, 0, 0, 0, 0, 0, 0, 0, 0, 0, 0, 0, 0, 0, 0, 0, 0, 0, 0, 0, 0, 0, ]
Ui:
[0, 108, 126, 122, 66, 120, 48, 30, 128, 54, 158, 198, 36, 66, 210, 234, 147, 297, 171, 128, 116, 120, 219, 70, 294, 207, 134, 128, 234, 122, 22, 183, 195, 255, 132, 124, 66, 189, 219, 66, 128, 102, 288, 66, 87, 136, 36, 39, 282, 36, 237, ]
Distance matrix:
|0	210	444	498	509	104	438	228	487	304	456	434	526	476	163	47	293	396	293	290	313	85	280	437	293	336	409	106	449	376	433	478	193	404	404	534	278	181	380	507	189	438	263	473	353	216	202	218	452	254	465	|
|210	0	299	507	359	106	345	409	358	411	320	402	555	448	136	200	289	264	306	427	141	222	83	348	264	320	283	303	380	208	258	357	170	348	475	542	243	347	355	379	65	479	172	373	355	251	112	229	402	210	300	|
|444	299	0	363	65	358	116	542	66	440	26	241	425	272	282	407	251	51	276	490	159	397	224	124	217	237	48	490	170	99	83	74	261	180	430	385	214	479	231	85	270	390	184	116	271	300	409	276	210	215	54	|
|498	507	363	0	385	482	246	424	326	254	343	123	63	93	388	452	221	337	211	314	428	414	480	239	243	187	324	463	194	418	438	307	346	188	156	36	264	392	156	326	444	87	340	258	154	286	603	294	153	297	417	|
|509	359	65	385	0	422	145	602	59	492	59	269	448	292	348	472	305	115	329	545	218	462	281	152	274	286	106	554	192	153	116	78	326	216	472	403	274	540	271	63	334	425	249	127	316	361	468	337	233	278	69	|
|104	106	358	482	422	0	372	309	408	337	374	396	521	441	98	96	262	314	271	342	215	124	177	373	249	302	329	198	394	281	337	402	139	353	419	518	230	250	343	428	90	437	188	405	328	200	134	188	406	199	372	|
|438	345	116	246	145	372	0	485	87	357	97	126	309	155	279	394	180	101	200	414	223	373	288	8	157	150	84	459	53	188	196	68	245	72	328	269	165	427	128	97	297	280	184	36	175	250	456	233	94	184	170	|
|228	409	542	424	602	309	485	0	561	170	544	419	424	446	298	214	305	491	286	115	462	187	457	480	331	339	496	124	470	510	565	545	295	424	279	454	329	66	376	576	363	340	370	520	330	242	429	266	453	328	581	|
|487	358	66	326	59	408	87	561	0	441	40	211	389	233	324	446	258	95	281	497	220	431	287	95	230	234	79	522	133	164	146	19	297	160	415	344	233	500	215	21	323	367	224	68	261	320	470	299	174	242	106	|
|304	411	440	254	492	337	357	170	441	0	434	266	255	286	275	266	189	392	164	63	408	225	428	351	224	207	392	234	330	438	484	424	250	287	112	284	232	149	233	453	349	170	302	389	185	168	471	195	305	248	487	|
|456	320	26	343	59	374	97	544	40	434	0	223	406	252	294	418	247	60	271	487	181	405	247	105	215	229	49	498	149	124	109	48	270	165	419	364	215	482	218	60	288	375	194	92	261	302	431	279	190	220	75	|
|434	402	241	123	269	396	126	419	211	266	223	0	185	46	298	387	140	213	145	328	310	355	366	118	147	97	201	425	78	295	315	191	256	65	211	151	166	371	53	215	343	157	231	145	90	220	505	217	41	198	295	|
|526	555	425	63	448	521	309	424	389	255	406	185	0	156	430	481	266	398	252	310	485	442	534	301	293	237	386	480	257	478	500	370	390	249	145	55	313	401	212	389	491	89	392	321	201	322	646	334	216	345	479	|
|476	448	272	93	292	441	155	446	233	286	252	46	156	0	343	429	183	250	184	348	353	396	411	148	192	140	236	461	102	334	350	214	302	106	214	113	212	402	98	233	389	151	277	165	125	261	551	260	62	244	325	|
|163	136	282	388	348	98	279	298	324	275	294	298	430	343	0	124	167	234	178	296	167	121	162	279	151	205	247	216	297	224	280	316	42	256	340	423	132	232	246	344	74	349	100	314	233	115	216	97	308	101	307	|
|47	200	407	452	472	96	394	214	446	266	418	387	481	429	124	0	246	358	245	259	284	41	261	392	247	289	370	103	403	345	402	436	150	358	361	488	232	158	333	466	165	393	223	430	306	168	217	171	406	210	431	|
|293	289	251	221	305	262	180	305	258	189	247	140	266	183	167	246	0	204	26	240	238	215	276	175	37	43	203	289	169	255	297	242	125	122	202	257	52	248	87	272	225	191	134	215	67	80	382	77	163	81	298	|
|396	264	51	337	115	314	101	491	95	392	60	213	398	250	234	358	204	0	229	442	130	347	196	108	169	194	19	440	152	87	102	93	211	149	390	363	165	428	194	116	228	355	134	117	230	250	376	225	189	164	95	|
|293	306	276	211	329	271	200	286	281	164	271	145	252	184	178	245	26	229	0	216	262	212	297	195	63	53	228	280	184	280	323	264	138	137	178	248	76	232	95	294	241	173	156	234	60	77	395	83	172	102	324	|
|290	427	490	314	545	342	414	115	497	63	487	328	310	348	296	259	240	442	216	0	443	220	456	408	273	264	443	204	390	479	529	480	278	346	165	343	278	115	293	509	369	229	340	447	244	202	473	230	366	288	536	|
|313	141	159	428	218	215	223	462	220	408	181	310	485	353	167	284	238	130	262	443	0	288	67	228	202	252	149	382	267	67	122	221	168	247	440	459	186	396	273	241	125	423	107	245	291	242	251	214	297	162	160	|
|85	222	397	414	462	124	373	187	431	225	405	355	442	396	121	41	215	347	212	220	288	0	273	371	221	258	357	95	378	344	401	420	136	331	321	450	208	126	302	450	177	353	213	409	272	136	253	143	377	190	426	|
|280	83	224	480	281	177	288	457	287	428	247	366	534	411	162	261	276	196	297	456	67	273	0	292	243	298	215	363	329	128	176	288	179	305	475	513	224	392	324	307	96	466	143	311	335	261	187	235	357	195	219	|
|437	348	124	239	152	373	8	480	95	351	105	118	301	148	279	392	175	108	195	408	228	371	292	0	154	144	91	456	46	194	203	76	244	65	320	261	163	423	121	103	299	273	185	40	168	247	459	230	86	183	178	|
|293	264	217	243	274	249	157	331	230	224	215	147	293	192	151	247	37	169	63	273	202	221	243	154	0	57	170	303	157	217	260	215	110	111	238	278	21	271	94	245	201	223	100	193	92	93	362	78	160	54	263	|
|336	320	237	187	286	302	150	339	234	207	229	97	237	140	205	289	43	194	53	264	252	258	298	144	57	0	190	331	131	257	294	216	163	84	197	221	77	285	44	246	258	172	155	183	39	123	418	119	120	110	288	|
|409	283	48	324	106	329	84	496	79	392	49	201	386	236	247	370	203	19	228	443	149	357	215	91	170	190	0	449	136	105	114	75	221	138	384	349	168	434	185	99	245	346	146	98	224	255	394	231	174	171	99	|
|106	303	490	463	554	198	459	124	522	234	498	425	480	461	216	103	289	440	280	204	382	95	363	456	303	331	449	0	458	439	496	510	229	410	344	498	293	89	374	540	267	391	307	495	336	211	308	226	451	280	520	|
|449	380	170	194	192	394	53	470	133	330	149	78	257	102	297	403	169	152	184	390	267	378	329	46	157	131	136	458	0	238	249	114	259	47	287	216	171	416	96	137	327	235	211	67	145	247	488	235	41	197	223	|
|376	208	99	418	153	281	188	510	164	438	124	295	478	334	224	345	255	87	280	479	67	344	128	194	217	257	105	439	238	0	57	169	216	230	453	445	206	445	268	184	191	427	141	202	296	278	315	250	274	191	92	|
|433	258	83	438	116	337	196	565	146	484	109	315	500	350	280	402	297	102	323	529	122	401	176	203	260	294	114	496	249	57	0	157	271	252	490	463	251	499	296	162	247	457	195	199	331	329	362	302	288	241	47	|
|478	357	74	307	78	402	68	545	19	424	48	191	370	214	316	436	242	93	264	480	221	420	288	76	215	216	75	510	114	169	157	0	287	141	396	325	219	485	196	31	319	347	216	49	243	306	469	286	154	230	120	|
|193	170	261	346	326	139	245	295	297	250	270	256	390	302	42	150	125	211	138	278	168	136	179	244	110	163	221	229	259	216	271	287	0	216	305	382	91	229	204	316	105	310	78	280	192	83	257	60	268	62	292	|
|404	348	180	188	216	353	72	424	160	287	165	65	249	106	256	358	122	149	137	346	247	331	305	65	111	84	138	410	47	230	252	141	216	0	255	215	126	369	56	168	292	210	177	102	103	200	454	189	54	155	234	|
|404	475	430	156	472	419	328	279	415	112	419	211	145	214	340	361	202	390	178	165	440	321	475	320	238	197	384	344	287	453	490	396	305	255	0	181	254	261	201	422	410	69	335	353	160	225	551	246	252	280	482	|
|534	542	385	36	403	518	269	454	344	284	364	151	55	113	423	488	257	363	248	343	459	450	513	261	278	221	349	498	216	445	463	325	382	215	181	0	298	425	189	342	479	115	373	276	190	323	638	330	175	332	439	|
|278	243	214	264	274	230	165	329	233	232	215	166	313	212	132	232	52	165	76	278	186	208	224	163	21	77	168	293	171	206	251	219	91	126	254	298	0	267	114	250	181	242	82	202	112	88	341	68	177	33	258	|
|181	347	479	392	540	250	427	66	500	149	482	371	401	402	232	158	248	428	232	115	396	126	392	423	271	285	434	89	416	445	499	485	229	369	261	425	267	0	325	516	298	313	305	463	281	180	375	203	403	264	516	|
|380	355	231	156	271	343	128	376	215	233	218	53	212	98	246	333	87	194	95	293	273	302	324	121	94	44	185	374	96	268	296	196	204	56	201	189	114	325	0	224	294	161	185	157	49	167	455	163	78	147	284	|
|507	379	85	326	63	428	97	576	21	453	60	215	389	233	344	466	272	116	294	509	241	450	307	103	245	246	99	540	137	184	162	31	316	168	422	342	250	516	224	0	344	371	244	70	271	337	490	317	176	261	120	|
|189	65	270	444	334	90	297	363	323	349	288	343	491	389	74	165	225	228	241	369	125	177	96	299	201	258	245	267	327	191	247	319	105	292	410	479	181	298	294	344	0	414	116	328	291	187	163	165	345	147	282	|
|438	479	390	87	425	437	280	340	367	170	375	157	89	151	349	393	191	355	173	229	423	353	466	273	223	172	346	391	235	427	457	347	310	210	69	115	242	313	161	371	414	0	323	301	133	238	565	253	197	273	444	|
|263	172	184	340	249	188	184	370	224	302	194	231	392	277	100	223	134	134	156	340	107	213	143	185	100	155	146	307	211	141	195	216	78	177	335	373	82	305	185	244	116	323	0	217	192	138	278	110	230	55	214	|
|473	373	116	258	127	405	36	520	68	389	92	145	321	165	314	430	215	117	234	447	245	409	311	40	193	183	98	495	67	202	199	49	280	102	353	276	202	463	157	70	328	301	217	0	205	286	485	269	106	220	167	|
|353	355	271	154	316	328	175	330	261	185	261	90	201	125	233	306	67	230	60	244	291	272	335	168	92	39	224	336	145	296	331	243	192	103	160	190	112	281	49	271	291	133	192	205	0	138	449	141	123	145	323	|
|216	251	300	286	361	200	250	242	320	168	302	220	322	261	115	168	80	250	77	202	242	136	261	247	93	123	255	211	247	278	329	306	83	200	225	323	88	180	167	337	187	238	138	286	138	0	328	28	243	88	340	|
|202	112	409	603	468	134	456	429	470	471	431	505	646	551	216	217	382	376	395	473	251	253	187	459	362	418	394	308	488	315	362	469	257	454	551	638	341	375	455	490	163	565	278	485	449	328	0	313	508	308	406	|
|218	229	276	294	337	188	233	266	299	195	279	217	334	260	97	171	77	225	83	230	214	143	235	230	78	119	231	226	235	250	302	286	60	189	246	330	68	203	163	317	165	253	110	269	141	28	313	0	235	61	315	|
|452	402	210	153	233	406	94	453	174	305	190	41	216	62	308	406	163	189	172	366	297	377	357	86	160	120	174	451	41	274	288	154	268	54	252	175	177	403	78	176	345	197	230	106	123	243	508	235	0	207	264	|
|254	210	215	297	278	199	184	328	242	248	220	198	345	244	101	210	81	164	102	288	162	190	195	183	54	110	171	280	197	191	241	230	62	155	280	332	33	264	147	261	147	273	55	220	145	88	308	61	207	0	253	|
|465	300	54	417	69	372	170	581	106	487	75	295	479	325	307	431	298	95	324	536	160	426	219	178	263	288	99	520	223	92	47	120	292	234	482	439	258	516	284	120	282	444	214	167	323	340	406	315	264	253	0	|

--------------------------------------------------------------------------------
Building model...
	using lazy and cut (CVRPSEP package)
Solving IRP LP...
--------------------------------------------------------------------------------

Gurobi 9.1.0 (linux64) logging started Sun Jan 10 07:12:03 2021

Gurobi Optimizer version 9.1.0 build v9.1.0rc0 (linux64)
Thread count: 32 physical cores, 32 logical processors, using up to 2 threads
Optimize a model with 2787 rows, 20844 columns and 85290 nonzeros
Model fingerprint: 0x03e8ea16
Variable types: 954 continuous, 19890 integer (765 binary)
Coefficient statistics:
  Matrix range     [1e+00, 8e+02]
  Objective range  [1e-02, 6e+02]
  Bounds range     [1e+00, 3e+02]
  RHS range        [1e+01, 7e+03]
Presolve removed 504 rows and 51 columns
Presolve time: 0.15s
Presolved: 2283 rows, 20793 columns, 79510 nonzeros
Variable types: 903 continuous, 19890 integer (19140 binary)

Root relaxation: objective 3.620553e+03, 2341 iterations, 0.17 seconds

    Nodes    |    Current Node    |     Objective Bounds      |     Work
 Expl Unexpl |  Obj  Depth IntInf | Incumbent    BestBd   Gap | It/Node Time

     0     0 3620.55296    0  167          - 3620.55296      -     -    0s
     0     0 3866.61750    0  174          - 3866.61750      -     -    1s
     0     0 3879.72455    0  183          - 3879.72455      -     -    1s
     0     0 3879.79399    0  176          - 3879.79399      -     -    1s
     0     0 4305.17839    0  251          - 4305.17839      -     -    2s
     0     0 4356.20109    0  230          - 4356.20109      -     -    2s
     0     0 4356.23864    0  234          - 4356.23864      -     -    2s
     0     0 4643.29174    0  270          - 4643.29174      -     -    3s
     0     0 4644.51359    0  255          - 4644.51359      -     -    3s
     0     0 4644.77796    0  258          - 4644.77796      -     -    3s
     0     0 4709.44299    0  293          - 4709.44299      -     -    4s
     0     0 4709.53231    0  259          - 4709.53231      -     -    4s
     0     0 4781.53502    0  261          - 4781.53502      -     -    4s
     0     0 4802.80755    0  233          - 4802.80755      -     -    5s
     0     0 4803.31850    0  249          - 4803.31850      -     -    5s
     0     0 4868.55840    0  348          - 4868.55840      -     -    6s
     0     0 4898.98947    0  312          - 4898.98947      -     -    6s
     0     0 4902.59700    0  332          - 4902.59700      -     -    6s
     0     0 4902.59700    0  370          - 4902.59700      -     -    7s
     0     0 4928.06727    0  323          - 4928.06727      -     -    7s
     0     0 4929.64750    0  360          - 4929.64750      -     -    8s
     0     0 4930.51230    0  388          - 4930.51230      -     -    8s
     0     0 4949.65465    0  414          - 4949.65465      -     -    9s
     0     0 4962.70553    0  424          - 4962.70553      -     -   10s
     0     0 4965.48326    0  416          - 4965.48326      -     -   10s
     0     0 4966.23416    0  429          - 4966.23416      -     -   10s
     0     0 4973.24095    0  442          - 4973.24095      -     -   11s
     0     0 4979.15068    0  421          - 4979.15068      -     -   12s
     0     0 4984.20065    0  410          - 4984.20065      -     -   12s
     0     0 4984.90582    0  453          - 4984.90582      -     -   13s
     0     0 4990.27555    0  433          - 4990.27555      -     -   14s
     0     0 4995.55830    0  367          - 4995.55830      -     -   14s
     0     0 4996.20894    0  397          - 4996.20894      -     -   14s
     0     0 4997.45991    0  563          - 4997.45991      -     -   15s
     0     0 5006.72296    0  381          - 5006.72296      -     -   17s
     0     2 5009.46066    0  399          - 5009.46066      -     -   22s
     5     8 5012.97692    2  534          - 5012.18184      -  1104   25s
    18    21 5038.53059    6  480          - 5012.18184      -  1070   30s
    31    34 5062.12718   11  424          - 5012.18184      -   975   35s
    47    51 5066.47929   17  414          - 5012.18184      -   879   40s
    71    76 5104.02802   23  332          - 5012.18184      -   805   45s
    99   107 5142.39984   29  319          - 5012.18184      -   733   51s
   115   124 5235.89543   34  412          - 5012.18184      -   740   55s
   150   167 5342.58753   46  298          - 5012.18184      -   680   61s
   200   213 5729.90614   68  232          - 5012.18184      -   579   66s
   242   274 5878.38198   87  193          - 5012.18184      -   517   70s
   360   399 6905.29611  134  158          - 5012.18184      -   393   76s
   446   501 7598.23270  177  113          - 5012.18184      -   343   81s
   572   573 9714.31133  240   66          - 5012.97692      -   287   86s
   625   621 5045.82946    5  546          - 5012.97692      -   280   90s
   655   664 5055.04854    7  448          - 5012.97692      -   276   95s
   746   773 5096.24219   11  439          - 5012.97692      -   262  101s
   826   787 5125.19139   14  323          - 5012.97692      -   252  106s
   837   790 8328.24825  213  219          - 5012.97692      -   254  110s
   846   796 7981.50871  183  512          - 5026.32557      -   251  115s
   853   801 9963.09788  250  581          - 5046.25188      -   249  121s
   860   805 5544.09702   64  442          - 5062.05431      -   247  126s
   866   809 5259.12114   39  578          - 5066.93915      -   246  130s
   873   814 5222.34895   33  639          - 5073.39485      -   244  135s
   881   819 5187.31295   30  627          - 5076.66920      -   241  140s
   890   825 5231.38321   17  604          - 5079.31602      -   239  146s
   899   831 8854.26746  239  594          - 5087.60886      -   237  150s
   901   833 7634.65132  179  459          - 5087.91295      -   236  174s
   902   833 5088.25955    7  631          - 5088.25955      -   236  175s
   910   839 5618.57800   62  613          - 5090.73788      -   234  180s
   918   844 5875.72657   81  595          - 5091.54278      -   232  186s
   924   848 8255.12123  218  733          - 5092.52499      -   230  190s
   929   851 5541.71513   63  740          - 5093.09627      -   229  195s
   935   855 5530.03832   57  787          - 5093.25979      -   227  200s
   941   859 5348.17292   45  720          - 5093.44016      -   226  205s
   949   866 5236.06634   35  271          - 5093.44016      -   282  210s
   957   872 5540.73866   62  567          - 5093.44016      -   280  215s
   965   877 8192.40451  211  704          - 5093.61394      -   278  220s
   971   881 5312.40752   42  821          - 5094.20333      -   276  225s
   975   884 5507.81759   59  629          - 5094.72625      -   275  230s
   982   888 5347.30588   45  645          - 5095.87367      -   273  235s
   984   890 6657.90685  120  620          - 5096.05649      -   272  240s
   989   893 6374.43619  113  636          - 5096.30077      -   271  245s
   994   896 7028.62910  148  637          - 5096.38808      -   270  250s
   995   897 5213.40814   36  581          - 5096.39044      -   269  256s
   997   898 5347.30588   45  560          - 5096.39044      -   269  267s
   998   902 5096.57256   31  562          - 5096.57256      -   299  278s
  1000   903 5099.91280   32  593          - 5098.46951      -   299  287s
  1002   905 5131.40744   32  650          - 5100.61201      -   301  296s
  1006   907 5111.24809   33  591          - 5100.77184      -   302  301s
  1010   910 5134.47766   34  622          - 5101.06290      -   308  307s
  1014   914 5101.62359   35  646          - 5101.62359      -   312  313s
  1017   916 5164.03771   36  639          - 5101.62359      -   316  317s
  1020   919 5101.74011   37  646          - 5101.74011      -   318  322s
  1024   921 5102.77327   38  635          - 5102.77327      -   322  325s
  1032   927 5104.41892   40  531          - 5104.41892      -   328  330s
  1040   932 5109.77069   42  619          - 5109.77069      -   336  336s
  1051   940 5111.06737   45  616          - 5111.06737      -   342  342s
  1059   947 5149.47820   47  455          - 5111.55117      -   351  348s
  1065   950 5119.22358   49  466          - 5111.55117      -   354  350s
  1081   966 5127.30565   52  554          - 5111.55117      -   357  357s
  1092   973 5130.05545   55  501          - 5111.55117      -   360  360s
  1111   984 5179.63949   58  393          - 5111.55117      -   367  366s
  1120   993 5154.77723   60  449          - 5111.55117      -   370  370s
  1142  1006 5165.33957   66  427          - 5111.55117      -   376  378s
  1152  1013 5171.60432   68  417          - 5111.55117      -   381  381s
  1173  1030 5280.31666   72  351          - 5111.55117      -   389  388s
  1186  1036 5185.31400   76  372          - 5111.55117      -   392  391s
  1197  1043 5188.65332   78  386          - 5111.55117      -   396  396s
  1207  1051 5405.71854   81  381          - 5111.55117      -   402  400s
  1219  1058 5196.14711   84  388          - 5111.55117      -   406  405s
  1230  1069 5202.87436   87  416          - 5111.55117      -   412  410s
  1244  1080 5207.12891   90  442          - 5111.55117      -   419  416s
  1260  1089 5222.11286   94  407          - 5111.55117      -   424  421s
  1274  1102 5224.60926   97  424          - 5111.55117      -   429  428s
  1292  1111 5229.06199  101  437          - 5111.55117      -   437  433s
  1307  1121 5487.34492  104  431          - 5111.55117      -   443  439s
  1322  1126 5239.23055  108  501          - 5111.55117      -   449  446s
  1332  1145 5244.44184  110  425          - 5111.55117      -   451  452s
  1354  1160 5251.35132  116  424          - 5111.55117      -   456  462s
  1377  1188 5257.76910  121  379          - 5111.55117      -   458  469s
  1412  1198 5270.21055  131  378          - 5111.55117      -   459  477s
  1434  1223 5272.46264  136  347          - 5111.55117      -   462  484s
  1466  1237 5280.84112  143  405          - 5111.55117      -   463  492s
  1491  1265 5439.54161  148  401          - 5111.55117      -   467  501s
  1527  1293 5398.20933  156  411          - 5111.55117      -   467  509s
  1561  1281 5622.87217  178  369          - 5111.55117      -   468  510s
  1567  1318 5426.53353  166  398          - 5111.55117      -   467  518s
  1606  1346 5445.60029  177  394          - 5111.55117      -   469  527s
  1647  1376 5507.07887  188  400          - 5111.55117      -   471  536s
  1690  1411 5553.07748  199  379          - 5111.55117      -   471  547s
  1740  1449 5616.00595  213  347          - 5111.55117      -   471  558s
  1794  1483 5667.90592  231  361          - 5111.55117      -   470  569s
  1824  1473 5600.90612  230  369          - 5111.55117      -   469  570s
  1846  1509 5682.84122  246  328          - 5111.55117      -   470  581s
  1890  1561 5742.39522  259  327          - 5111.55117      -   472  594s
  1921  1550 5779.05772  274  355          - 5111.55117      -   469  595s
  1956  1579 5761.84261  282  289          - 5111.55117      -   469  609s
  1996  1599 5808.27564  292  284          - 5111.55117      -   471  620s
  2030  1623 5820.63359  299  255          - 5111.55117      -   474  632s
  2065  1648 5859.64161  308  272          - 5111.55117      -   479  645s
  2102  1695 5906.01120  319  266          - 5111.55117      -   483  659s
  2161  1728 6074.97658  337  285          - 5111.55117      -   483  672s
  2220  1757 6268.00866  355  308          - 5111.55117      -   483  687s
  2269  1808 6761.53232  372  236          - 5111.55117      -   482  703s
  2363  1818 7193.72043  406  203          - 5112.48912      -   475  719s
  2434  1829 5125.63613   35  597          - 5112.48912      -   474  735s
  2469  1850 5178.33078   38  529          - 5112.48912      -   479  750s
  2501  1879 5237.91989   40  522          - 5112.48912      -   482  766s
  2541  1909 5463.54958   44  516          - 5112.48912      -   485  783s
  2584  1941 5297.88802   49  485          - 5112.48912      -   486  801s
  2631  1972 5562.14532   56  464          - 5112.48912      -   489  822s
  2677  2005 5469.89614   63  470          - 5112.48912      -   490  841s
  2744  2036 5489.81152   70  464          - 5112.48912      -   489  860s
  2839  2089 5511.30072   77  428          - 5112.48912      -   485  879s
  2937  2134 5571.95016   86  291          - 5112.48912      -   482  902s
  3014  2210 5549.31672   97  368          - 5112.48912      -   481  925s
  3117  2279 5642.10483  109  414          - 5112.48912      -   479  948s
  3220  2374 5683.28438  120  305          - 5112.48912      -   476  972s
  3352  2450 5801.66847  138  254          - 5112.48912      -   471  998s
  3449  2418 8498.57407  737  139          - 5112.48912      -   467 1000s
  3517  2456 5797.38732  158  318          - 5112.48912      -   462 1032s
  3578  2498 5848.34422  179  339          - 5112.48912      -   464 1059s
  3603  2490 6037.90920  191  386          - 5112.48912      -   464 1060s
  3640  2579 5976.85770  203  329          - 5112.48912      -   467 1086s
  3742  2680 6036.66366  225  365          - 5112.48912      -   464 1118s
  3860  2782 6472.18055  250  225          - 5112.48912      -   459 1150s
  3962  2902 6327.76896  279  291          - 5112.48912      -   456 1183s
  4008  2902 6398.92076  302  253          - 5112.48912      -   455 1185s
  4082  3063 6460.93180  306  343          - 5112.48912      -   450 1219s
  4243  3264 6554.30816  338  356          - 5112.48912      -   441 1258s
  4309  3264 6673.92631  371  249          - 5112.48912      -   439 1260s
  4444  3436 6774.17969  377  328          - 5112.48912      -   431 1297s
  4616  3593 6903.95284  406  241          - 5112.48912      -   424 1332s
  4739  3593 5994.03569  610  362          - 5112.48912      -   421 1335s
  4773  3812 6986.45756  443  165          - 5112.48912      -   420 1368s
  4825  3812 7027.76148  469  157          - 5112.48912      -   419 1370s
  4992  4069 7260.79435  503  200          - 5112.48912      -   412 1408s
  5059  4069 7826.48208  536  236          - 5112.48912      -   410 1410s
  5249  4069 6277.81907  838  385          - 5112.48912      -   401 1415s
  5254  4334 8226.46723  566  196          - 5112.48912      -   401 1448s
  5312  4334 8383.46409  595  202          - 5112.48912      -   399 1450s
  5541  4334 6371.94141  947  366          - 5112.48912      -   388 1455s
  5589  4628 8781.68018  659  146          - 5112.48912      -   387 1487s
  5735  4628 9147.04921  732  101          - 5112.48912      -   381 1490s
  5893  4881 9249.94641  784   99          - 5115.15448      -   379 1525s
  6119  4881 7091.19461 1021  235          - 5115.15448      -   373 1530s
  6176  5060 5327.95128   44  395          - 5115.15448      -   373 1566s
  6326  5060 7531.41548 1082  181          - 5115.15448      -   373 1570s
  6359  5279 5442.94941   72  324          - 5115.15448      -   372 1609s
  6400  5279 5612.17037   93  247          - 5115.15448      -   372 1610s
  6578  5651 5742.19277  140  360          - 5115.15448      -   369 1655s
  6776  5651 9135.06701 1202  115          - 5115.15448      -   364 1660s
  6955  5986 5977.59696  253  311          - 5115.15448      -   358 1704s
  6981  5986 6011.53396  275  314          - 5115.15448      -   357 1705s
  7316  6378 6285.07447  381  175          - 5115.15448      -   348 1754s
  7355  6378 6354.72602  394  133          - 5115.15448      -   348 1755s
  7615  6378 7181.21670  560   40          - 5115.15448      -   340 1760s
  7708  6925 7504.91642  600   90          - 5115.15448      -   340 1800s
  7944  6925 7942.88583  741   69          - 5115.15448      -   332 1805s
  8259  7241 8406.40619  869   92          - 5116.66115      -   325 1848s
  8337  7241 9067.46919  934  100          - 5116.66115      -   323 1857s
  8594  7515 5298.15536   47  345          - 5116.66115      -   320 2001s
  8794  7515 6775.32633  378   36          - 5116.66115      -   318 2005s
  8884  7877 5426.21173   56  440          - 5116.66115      -   316 2046s
  9278  7934 5479.28648   67  378          - 5116.66115      -   309 2092s
  9335  8008 5540.11248   69  282          - 5116.66115      -   312 2130s
  9409  8097 5602.44958   76  406          - 5116.66115      -   315 2168s
  9452  8097 5686.00900   88  315          - 5116.66115      -   316 2170s
  9498  8264 5745.21808   91  228          - 5116.66115      -   318 2208s
  9537  8264 5770.97142  105  215          - 5116.66115      -   318 2210s
  9665  8531 5848.92611  140  192          - 5116.66115      -   318 2251s
  9795  8531 6255.02333  215  145          - 5116.66115      -   317 2255s
  9932  8988 6323.42454  219  154          - 5116.66115      -   316 2298s
 10010  8988 6367.35100  257   78          - 5116.66115      -   314 2300s
 10389  9769 7197.25873  366   45          - 5116.66115      -   308 2353s
 10480  9769 7396.78407  427   68          - 5116.66115      -   306 2355s
 10744  9769 8989.99520  587   26          - 5116.66115      -   301 2360s
 11178 10228 9256.90017  633   14          - 5117.21272      -   293 2408s
 11282 10228 9927.88483  699   14          - 5117.21272      -   291 2410s
 11582 10228 11902.7332  781    9          - 5117.21272      -   284 2415s
 11669 10337 5486.10369   44  433          - 5117.27857      -   286 2448s
 11776 10337 5685.26286   94  269          - 5117.27857      -   288 2451s
 11778 10508 5598.32450   71  300          - 5117.27857      -   288 2484s
 11794 10508 5663.62816   79  345          - 5117.27857      -   288 2485s
 11949 10884 5819.89228  106  252          - 5117.27857      -   288 2525s
 12325 11579 6071.75580  242  166          - 5117.27857      -   284 2570s
 12534 11579 7479.97821  382   91          - 5117.27857      -   281 2575s
 13022 12647 8028.48610  467   87          - 5118.83922      -   274 2624s
 13048 12647 8066.78346  483   74          - 5118.83922      -   274 2625s
 13347 12647 9257.00840  709   28          - 5118.83922      -   269 2630s
 13648 12647 8132.31740  525   60          - 5120.18730      -   264 2635s
 13995 12647 10121.9926  674   32          - 5120.18730      -   258 2640s
 14214 12693 5212.97876   47  411          - 5120.18730      -   255 2673s
 14260 12823 5348.56595   64  370          - 5120.18730      -   258 2705s
 14390 13038 5680.13879  104  233          - 5120.18730      -   259 2740s
 14605 13671 5922.45246  160  117          - 5120.18730      -   259 2781s
 14761 13671 6250.51393  267  131          - 5120.18730      -   257 2785s
 15021 13671 7481.08699  439   64          - 5120.18730      -   254 2790s
 15240 14047 7449.59465  447   54          - 5120.20872      -   252 2829s
 15305 14047 7629.88628  488   48          - 5120.20872      -   251 2830s
 15662 14416 5355.67002   55  447          - 5120.20872      -   249 2871s
 15830 14416 7315.24377  579  145          - 5120.20872      -   248 2875s
 16056 14489 5449.21843   73  343          - 5120.20872      -   246 2906s
 16129 14663 5618.84081   93  177          - 5120.20872      -   248 2939s
 16142 14663 5653.95674   98  170          - 5120.20872      -   248 2940s
 16303 15286 5901.89095  155  153          - 5120.20872      -   248 2978s
 16368 15286 6055.57340  203  121          - 5120.20872      -   248 2980s
 16642 15286 7483.53000  401    8          - 5120.20872      -   245 2985s
 17016 15931 8354.29667  424   70          - 5120.60866      -   242 3021s
 17160 15931 9646.80098  545   25          - 5120.60866      -   241 3025s
 17498 15931 11130.4512  688   20          - 5120.60866      -   236 3030s
 17690 16103 5292.50324   51  464          - 5120.60866      -   236 3058s
 17858 16315 5390.43908   58  513          - 5120.60866      -   236 3087s
 18094 16516 5420.01694   63  434          - 5120.60866      -   235 3120s
 18347 16623 5598.02828   90  316          - 5120.60866      -   234 3151s
 18432 16812 5889.86651  122  152          - 5120.60866      -   235 3181s
 18614 16812 5579.96626   74  243          - 5120.60866      -   235 3185s
 18621 17108 6434.31815  227  103          - 5120.60866      -   235 3214s
 18660 17108 6674.53895  239  109          - 5120.60866      -   234 3215s
 18925 17518 7694.70730  361   98          - 5121.20990      -   234 3250s
 19133 17518 8177.66308  549   33          - 5121.20990      -   232 3255s
 19353 17778 5454.75542   50  396          - 5121.20990      -   231 3286s
 19599 17778 6758.20428  442   46          - 5121.20990      -   230 3291s
 19615 18246 5633.38734   72  262          - 5121.20990      -   230 3325s
 19881 18246 7741.30730  579   57          - 5121.20990      -   228 3330s
 20155 18405 5891.77254  101  190          - 5121.20990      -   225 3361s
 20314 19043 6436.48107  170   33          - 5123.05935      -   226 3404s
 20327 19043 6476.31843  173   53          - 5123.05935      -   226 3405s
 20628 19043 8223.53105  271   17          - 5123.05935      -   223 3410s
 20995 19115 5331.40746   38  546          - 5123.05935      -   221 3443s
 21059 19219 5565.55477   51  458          - 5123.05935      -   222 3473s
 21163 19436 5653.55420   68  394          - 5123.05935      -   222 3499s
 21380 19769 5886.72958   97  263          - 5123.05935      -   222 3535s
 21569 19769 7091.37993  301   92          - 5123.05935      -   221 3540s
 21721 20328 6237.76707  144  228          - 5123.05935      -   220 3578s
 21799 20328 6428.98031  196  170          - 5123.05935      -   220 3580s
 22022 20328 8632.23449  446   37          - 5123.05935      -   219 3585s
 22270 20330 9650.89741  513   12          - 5123.05935      -   217 3590s
 22336 20385 6516.51655  294  172          - 5123.05935      -   216 3600s

Cutting planes:
  User: 5885
  Gomory: 49
  Cover: 712
  Implied bound: 105
  Clique: 5
  MIR: 308
  StrongCG: 3
  Flow cover: 859
  Zero half: 74
  RLT: 538
  Relax-and-lift: 14
  Lazy constraints: 599

Explored 22391 nodes (4869205 simplex iterations) in 3601.34 seconds
Thread count was 2 (of 32 available processors)

Solution count 0

Time limit reached
Best objective -, best bound 5.123059353654e+03, gap -

User-callback calls 392450, time in user-callback 354.19 sec
================================================================================
executing instance: ./input/Instances/Original/5/absH3low_4n25.dat
--------------------------------------------------------------------------------
Instance details
n	26
H	3
C	2029
Li:
[0, 0, 0, 0, 0, 0, 0, 0, 0, 0, 0, 0, 0, 0, 0, 0, 0, 0, 0, 0, 0, 0, 0, 0, 0, 0, ]
Ui:
[0, 34, 165, 76, 88, 188, 58, 279, 52, 132, 198, 142, 135, 165, 186, 58, 201, 196, 40, 183, 32, 90, 168, 126, 93, 146, ]
Distance matrix:
|0	299	188	235	91	202	152	147	162	277	268	132	71	162	220	69	220	289	241	124	265	80	162	132	66	302	|
|299	0	468	431	282	142	317	425	443	569	193	178	359	302	422	231	93	28	511	325	457	242	434	215	240	601	|
|188	468	0	153	265	342	308	43	192	106	455	290	117	206	142	246	379	464	252	274	360	267	211	319	231	184	|
|235	431	153	0	326	289	386	145	321	240	482	269	184	129	15	258	339	436	393	355	477	305	336	354	237	334	|
|91	282	265	326	0	228	66	228	166	339	196	157	154	242	311	99	225	264	229	50	201	47	153	71	115	340	|
|202	142	342	289	228	0	285	301	363	447	255	73	245	161	281	139	53	151	440	278	428	181	360	187	136	495	|
|152	317	308	386	66	285	0	275	167	368	188	217	207	308	371	163	274	295	210	34	145	108	148	104	181	350	|
|147	425	43	145	228	301	275	0	179	146	415	248	76	172	131	203	337	421	248	242	341	227	195	279	188	211	|
|162	443	192	321	166	363	167	179	0	216	352	291	152	302	307	225	375	428	81	138	170	201	22	237	227	183	|
|277	569	106	240	339	447	368	146	216	0	535	391	210	312	232	341	481	562	245	335	381	352	238	402	329	106	|
|268	193	455	482	196	255	188	415	352	535	0	225	339	367	469	224	212	165	398	214	302	188	335	136	245	533	|
|132	178	290	269	157	73	217	248	291	391	225	0	183	145	258	66	91	175	367	207	358	110	287	127	67	431	|
|71	359	117	184	154	245	207	76	152	210	339	183	0	152	169	131	274	352	232	174	294	151	161	203	119	251	|
|162	302	206	129	242	161	308	172	302	312	367	145	152	0	120	153	210	308	383	284	426	208	309	249	132	383	|
|220	422	142	15	311	281	371	131	307	232	469	258	169	120	0	245	330	427	379	340	461	291	321	340	224	324	|
|69	231	246	258	99	139	163	203	225	341	224	66	131	153	245	0	152	222	301	147	299	57	221	97	22	371	|
|220	93	379	339	225	53	274	337	375	481	212	91	274	210	330	152	0	99	448	273	419	180	369	171	157	521	|
|289	28	464	436	264	151	295	421	428	562	165	175	352	308	427	222	99	0	493	305	434	227	418	196	234	590	|
|241	511	252	393	229	440	210	248	81	245	398	367	232	383	379	301	448	493	0	190	147	270	80	298	305	175	|
|124	325	274	355	50	278	34	242	138	335	214	207	174	284	340	147	273	305	190	0	152	97	122	110	162	320	|
|265	457	360	477	201	428	145	341	170	381	302	358	294	426	461	299	419	434	147	152	0	248	150	249	312	322	|
|80	242	267	305	47	181	108	227	201	352	188	110	151	208	291	57	180	227	270	97	248	0	192	52	76	366	|
|162	434	211	336	153	360	148	195	22	238	335	287	161	309	321	221	369	418	80	122	150	192	0	224	225	203	|
|132	215	319	354	71	187	104	279	237	402	136	127	203	249	340	97	171	196	298	110	249	52	224	0	118	409	|
|66	240	231	237	115	136	181	188	227	329	245	67	119	132	224	22	157	234	305	162	312	76	225	118	0	364	|
|302	601	184	334	340	495	350	211	183	106	533	431	251	383	324	371	521	590	175	320	322	366	203	409	364	0	|

--------------------------------------------------------------------------------
Building model...
	using lazy and cut (CVRPSEP package)
Solving IRP LP...
--------------------------------------------------------------------------------

Gurobi 9.1.0 (linux64) logging started Sun Jan 10 08:12:07 2021

Gurobi Optimizer version 9.1.0 build v9.1.0rc0 (linux64)
Thread count: 32 physical cores, 32 logical processors, using up to 2 threads
Optimize a model with 1412 rows, 5744 columns and 23915 nonzeros
Model fingerprint: 0x007c9dcf
Variable types: 479 continuous, 5265 integer (390 binary)
Coefficient statistics:
  Matrix range     [1e+00, 4e+02]
  Objective range  [1e-02, 6e+02]
  Bounds range     [1e+00, 3e+02]
  RHS range        [2e+01, 3e+03]
Presolve removed 254 rows and 26 columns
Presolve time: 0.06s
Presolved: 1158 rows, 5718 columns, 22029 nonzeros
Variable types: 453 continuous, 5265 integer (4890 binary)

Root relaxation: objective 2.640433e+03, 1297 iterations, 0.04 seconds

    Nodes    |    Current Node    |     Objective Bounds      |     Work
 Expl Unexpl |  Obj  Depth IntInf | Incumbent    BestBd   Gap | It/Node Time

     0     0 2640.43281    0   96          - 2640.43281      -     -    0s
     0     0 2730.00885    0  140          - 2730.00885      -     -    0s
     0     0 2734.80831    0  144          - 2734.80831      -     -    0s
     0     0 2734.86701    0  136          - 2734.86701      -     -    0s
     0     0 3111.75816    0  161          - 3111.75816      -     -    0s
