




arguments: ./build/mirp_solver -f ./input/orig_exec_33.cfg
Current dir: /scratch/gui/bnc_mirp
File verbosity level: 9
date       time         ( uptime  ) [ thread name/id ]                   file:line     v| 
2021-01-09 02:46:51.560 (   0.095s) [main thread     ]             loguru.cpp:789   INFO| Logging to './output/vi_hc3/OU/V5/Original/execution_09_01_2021_02_46_51.log', mode: 'a', verbosity: 9
--------------------------------------------------------------------------------
Parameters
                           instance_path           ./input/Instances/Original/1/
                            model_policy                                       1
                             nb_vehicles                                       5
                              output_dir         ./output/vi_hc3/OU/V5/Original/
                            sec_strategy                                       1
                       solver_nb_threads                                       2
                         solver_show_log                                    true
                       solver_time_limit                                    3600
                              use_vi_cos                                   false
                              use_vi_cus                                   false
                         use_vi_hc1_full                                   false
                         use_vi_hc1_half                                   false
                      use_vi_hc1_quarter                                   false
                              use_vi_hc2                                   false
                              use_vi_hc3                                    true
                         use_vi_lex_full                                   false
                         use_vi_lex_half                                   false
                      use_vi_lex_quarter                                   false
                              use_vi_qua                                   false
                               use_vi_vc                                   false
                               use_vi_vr                                   false
--------------------------------------------------------------------------------
executing instance: ./input/Instances/Original/1/absH3high_1n5.dat
--------------------------------------------------------------------------------
Instance details
n	6
H	3
C	289
Li:
[0, 0, 0, 0, 0, 0, ]
Ui:
[0, 195, 105, 116, 72, 22, ]
Distance matrix:
|0	85	349	17	203	289	|
|85	0	265	102	214	226	|
|349	265	0	366	368	238	|
|17	102	366	0	207	302	|
|203	214	368	207	0	431	|
|289	226	238	302	431	0	|

--------------------------------------------------------------------------------
Building model...
	using lazy and cut (CVRPSEP package)
Solving IRP LP...
--------------------------------------------------------------------------------

Gurobi 9.1.0 (linux64) logging started Sat Jan  9 02:46:51 2021

Gurobi Optimizer version 9.1.0 build v9.1.0rc0 (linux64)
Thread count: 32 physical cores, 32 logical processors, using up to 2 threads
Optimize a model with 312 rows, 414 columns and 1815 nonzeros
Model fingerprint: 0x8d1ff204
Variable types: 99 continuous, 315 integer (90 binary)
Coefficient statistics:
  Matrix range     [1e+00, 2e+02]
  Objective range  [2e-01, 4e+02]
  Bounds range     [1e+00, 2e+02]
  RHS range        [1e+01, 5e+02]
Presolve removed 54 rows and 6 columns
Presolve time: 0.00s
Presolved: 258 rows, 408 columns, 1579 nonzeros
Variable types: 93 continuous, 315 integer (240 binary)

Root relaxation: objective 1.950909e+03, 372 iterations, 0.01 seconds

    Nodes    |    Current Node    |     Objective Bounds      |     Work
 Expl Unexpl |  Obj  Depth IntInf | Incumbent    BestBd   Gap | It/Node Time

     0     0 1950.90949    0   35          - 1950.90949      -     -    0s
     0     0 infeasible    0               - infeasible      -     -    0s

Cutting planes:
  Gomory: 18
  Cover: 11
  MIR: 23
  Flow cover: 26
  Mod-K: 2
  RLT: 13

Explored 1 nodes (460 simplex iterations) in 0.03 seconds
Thread count was 2 (of 32 available processors)

Solution count 0

Model is infeasible
Best objective -, best bound -, gap -

User-callback calls 76, time in user-callback 0.00 sec

Computing Irreducible Inconsistent Subsystem (IIS)...

           Constraints          |            Bounds           |  Runtime
      Min       Max     Guess   |   Min       Max     Guess   |
--------------------------------------------------------------------------
        0       282         -         0       569         -           0s
       36        41        36         0        94         -           5s
       36        36         -        61        61         -          10s

IIS computed: 36 constraints, 61 bounds
IIS runtime: 9.90 seconds
================================================================================
executing instance: ./input/Instances/Original/1/absH3high_1n45.dat
--------------------------------------------------------------------------------
Instance details
n	46
H	3
C	3462
Li:
[0, 0, 0, 0, 0, 0, 0, 0, 0, 0, 0, 0, 0, 0, 0, 0, 0, 0, 0, 0, 0, 0, 0, 0, 0, 0, 0, 0, 0, 0, 0, 0, 0, 0, 0, 0, 0, 0, 0, 0, 0, 0, 0, 0, 0, 0, ]
Ui:
[0, 273, 270, 36, 165, 192, 148, 45, 30, 75, 180, 198, 112, 117, 90, 64, 180, 22, 264, 174, 168, 270, 86, 66, 26, 66, 237, 156, 92, 108, 144, 72, 30, 45, 94, 54, 174, 96, 198, 136, 44, 180, 210, 249, 198, 48, ]
Distance matrix:
|0	281	201	160	249	201	93	431	236	139	252	136	116	166	390	110	349	374	303	180	327	464	236	70	44	461	346	439	363	254	312	426	305	206	71	137	169	200	247	260	20	219	256	253	460	278	|
|281	0	448	170	53	142	338	184	121	290	371	390	222	302	111	289	169	434	230	177	238	441	59	212	319	211	86	235	399	306	53	176	99	202	263	157	361	101	370	201	264	344	364	374	469	184	|
|201	448	0	285	430	325	114	556	361	171	191	64	228	174	546	294	453	306	364	289	388	435	393	254	157	585	491	536	318	254	490	554	436	407	266	292	108	388	186	337	207	181	205	190	408	364	|
|160	170	285	0	169	43	182	280	80	120	208	231	58	132	262	230	190	294	151	24	174	345	112	107	183	309	207	280	268	158	219	276	155	235	187	45	192	150	205	107	140	177	202	210	356	119	|
|249	53	430	169	0	152	317	238	145	282	377	369	212	299	157	242	215	452	261	183	273	474	76	181	290	264	140	287	421	320	63	229	145	148	221	142	352	53	374	226	234	346	370	378	498	215	|
|201	142	325	43	152	0	224	237	37	156	230	273	101	164	224	261	148	300	127	38	147	333	83	142	225	266	167	238	270	168	193	233	112	246	221	70	228	148	228	84	180	202	222	232	351	87	|
|93	338	114	182	317	224	0	460	262	92	180	52	124	112	440	199	364	307	292	191	317	415	284	140	57	490	387	452	304	208	377	457	336	297	163	181	84	274	175	256	95	152	188	180	402	280	|
|431	184	556	280	238	237	460	0	199	385	420	508	337	385	108	464	110	429	219	269	206	378	202	365	460	30	98	84	388	340	204	9	126	386	432	294	453	283	421	226	411	404	408	423	422	198	|
|236	121	361	80	145	37	262	199	0	191	255	310	138	197	191	290	114	312	118	72	133	330	69	175	262	229	132	204	279	186	174	195	75	258	251	102	262	153	254	81	216	230	246	257	353	72	|
|139	290	171	120	282	156	92	385	191	0	116	129	71	27	380	246	283	235	201	119	226	329	231	141	129	414	323	367	224	119	336	383	266	308	202	141	72	252	112	169	127	82	118	117	322	195	|
|252	371	191	208	377	230	180	420	255	116	0	187	178	90	443	361	311	127	204	195	224	246	313	257	232	446	382	380	129	81	423	421	320	422	318	242	100	355	5	195	241	34	15	2	225	224	|
|136	390	64	231	369	273	52	508	310	129	187	0	173	141	491	233	409	313	330	239	355	431	335	191	93	538	438	495	316	233	429	505	385	342	203	233	88	325	182	297	143	167	199	187	412	323	|
|116	222	228	58	212	101	124	337	138	71	178	173	0	91	319	206	244	284	187	69	212	357	165	85	130	367	265	333	264	151	267	333	213	244	161	70	140	181	175	145	97	145	177	180	359	165	|
|166	302	174	132	299	164	112	385	197	27	90	141	91	0	388	273	280	208	191	127	215	305	243	167	153	413	329	361	198	96	351	383	270	333	229	159	68	272	86	163	153	56	92	91	296	190	|
|390	111	546	262	157	224	440	108	191	380	443	491	319	388	0	399	164	480	264	261	261	456	156	320	426	125	62	186	442	369	107	99	125	300	374	260	452	210	443	252	372	420	433	446	494	227	|
|110	289	294	230	242	261	199	464	290	246	361	233	206	273	399	0	402	480	382	254	404	562	262	124	143	493	369	490	466	355	302	457	344	135	45	191	279	189	356	337	120	328	364	362	563	348	|
|349	169	453	190	215	148	364	110	114	283	311	409	244	280	164	402	0	324	110	174	101	292	151	289	372	135	109	90	284	230	212	111	70	354	364	216	348	245	312	118	329	295	298	313	330	90	|
|374	434	306	294	452	300	307	429	312	235	127	313	284	208	480	480	324	0	216	274	223	137	380	368	357	448	419	367	40	136	487	432	358	525	436	336	227	443	132	234	361	156	119	127	102	255	|
|303	230	364	151	261	127	292	219	118	201	204	330	187	191	264	382	110	216	0	128	25	213	185	258	314	243	203	176	178	123	282	221	144	372	338	193	256	270	206	45	283	193	191	206	239	46	|
|180	177	289	24	183	38	191	269	72	119	195	239	69	127	261	254	174	274	128	0	151	321	118	130	198	299	204	263	246	139	228	266	147	258	211	68	191	169	193	83	159	166	188	197	333	98	|
|327	238	388	174	273	147	317	206	133	226	224	355	212	215	261	404	101	223	25	151	0	203	198	281	339	228	202	156	184	143	288	209	146	390	362	215	280	286	226	68	308	215	210	226	235	61	|
|464	441	435	345	474	333	415	378	330	329	246	431	357	305	456	562	292	137	213	321	203	0	398	440	458	390	400	301	117	211	492	384	348	578	517	389	344	480	251	251	448	265	233	246	54	259	|
|236	59	393	112	76	83	284	202	69	231	313	335	165	243	156	262	151	380	185	118	198	398	0	167	270	231	110	233	347	250	110	195	85	203	230	103	303	95	311	150	217	284	305	315	422	139	|
|70	212	254	107	181	142	140	365	175	141	257	191	85	167	320	124	289	368	258	130	281	440	167	0	109	394	277	378	349	236	244	359	239	167	81	73	196	135	253	213	53	223	257	258	444	226	|
|44	319	157	183	290	225	57	460	262	129	232	93	130	153	426	143	372	357	314	198	339	458	270	109	0	490	379	462	351	247	353	456	334	250	110	168	140	243	226	274	56	201	238	232	449	294	|
|461	211	585	309	264	266	490	30	229	414	446	538	367	413	125	493	135	448	243	299	228	390	231	394	490	0	125	89	408	365	226	36	156	412	462	324	481	311	447	253	441	430	433	448	436	225	|
|346	86	491	207	140	167	387	98	132	323	382	438	265	329	62	369	109	419	203	204	202	400	110	277	379	125	0	155	381	307	113	90	63	288	339	211	394	186	382	190	327	359	371	384	436	165	|
|439	235	536	280	287	238	452	84	204	367	380	495	333	361	186	490	90	367	176	263	156	301	233	378	462	89	155	0	326	299	267	92	148	432	454	306	429	325	382	199	419	369	366	382	348	172	|
|363	399	318	268	421	270	304	388	279	224	129	316	264	198	442	466	284	40	178	246	184	117	347	349	351	408	381	326	0	113	452	391	321	502	422	311	229	415	134	199	348	152	118	130	98	219	|
|254	306	254	158	320	168	208	340	186	119	81	233	151	96	369	355	230	136	123	139	143	211	250	236	247	365	307	299	113	0	359	340	244	390	310	200	148	308	83	117	238	74	68	83	208	145	|
|312	53	490	219	63	193	377	204	174	336	423	429	267	351	107	302	212	487	282	228	288	492	110	244	353	226	113	267	452	359	0	195	145	194	283	199	407	115	421	254	296	394	415	425	521	237	|
|426	176	554	276	229	233	457	9	195	383	421	505	333	383	99	457	111	432	221	266	209	384	195	359	456	36	90	92	391	340	195	0	122	378	426	289	451	275	421	226	406	404	408	423	427	197	|
|305	99	436	155	145	112	336	126	75	266	320	385	213	270	125	344	70	358	144	147	146	348	85	239	334	156	63	148	321	244	145	122	0	286	310	168	336	177	320	128	285	298	309	322	381	103	|
|206	202	407	235	148	246	297	386	258	308	422	342	244	333	300	135	354	525	372	258	390	578	203	167	250	412	288	432	502	390	194	378	286	0	144	191	362	109	418	329	202	388	421	423	591	329	|
|71	263	266	187	221	221	163	432	251	202	318	203	161	229	374	45	364	436	338	211	362	517	230	81	110	462	339	454	422	310	283	426	310	144	0	150	239	168	313	294	77	285	321	319	518	306	|
|137	157	292	45	142	70	181	294	102	141	242	233	70	159	260	191	216	336	193	68	215	389	103	73	168	324	211	306	311	200	199	289	168	191	150	0	210	113	239	148	117	210	238	244	400	157	|
|169	361	108	192	352	228	84	453	262	72	100	88	140	68	452	279	348	227	256	191	280	344	303	196	140	481	394	429	229	148	407	451	336	362	239	210	0	318	95	231	164	79	111	100	325	258	|
|200	101	388	150	53	148	274	283	153	252	355	325	181	272	210	189	245	443	270	169	286	480	95	135	243	311	186	325	415	308	115	275	177	109	168	113	318	0	352	230	187	323	351	357	498	225	|
|247	370	186	205	374	228	175	421	254	112	5	182	175	86	443	356	312	132	206	193	226	251	311	253	226	447	382	382	134	83	421	421	320	418	313	239	95	352	0	196	237	30	19	6	230	224	|
|260	201	337	107	226	84	256	226	81	169	195	297	145	163	252	337	118	234	45	83	68	251	150	213	274	253	190	199	199	117	254	226	128	329	294	148	231	230	196	0	240	178	184	198	272	29	|
|20	264	207	140	234	180	95	411	216	127	241	143	97	153	372	120	329	361	283	159	308	448	217	53	56	441	327	419	348	238	296	406	285	202	77	117	164	187	237	240	0	208	245	242	446	257	|
|219	344	181	177	346	202	152	404	230	82	34	167	145	56	420	328	295	156	193	166	215	265	284	223	201	430	359	369	152	74	394	404	298	388	285	210	79	323	30	178	208	0	37	35	250	206	|
|256	364	205	202	370	222	188	408	246	118	15	199	177	92	433	364	298	119	191	188	210	233	305	257	238	433	371	366	118	68	415	408	309	421	321	238	111	351	19	184	245	37	0	17	214	212	|
|253	374	190	210	378	232	180	423	257	117	2	187	180	91	446	362	313	127	206	197	226	246	315	258	232	448	384	382	130	83	425	423	322	423	319	244	100	357	6	198	242	35	17	0	225	226	|
|460	469	408	356	498	351	402	422	353	322	225	412	359	296	494	563	330	102	239	333	235	54	422	444	449	436	436	348	98	208	521	427	381	591	518	400	325	498	230	272	446	250	214	225	0	285	|
|278	184	364	119	215	87	280	198	72	195	224	323	165	190	227	348	90	255	46	98	61	259	139	226	294	225	165	172	219	145	237	197	103	329	306	157	258	225	224	29	257	206	212	226	285	0	|

--------------------------------------------------------------------------------
Building model...
	using lazy and cut (CVRPSEP package)
Solving IRP LP...
--------------------------------------------------------------------------------

Gurobi 9.1.0 (linux64) logging started Sat Jan  9 02:47:02 2021

Gurobi Optimizer version 9.1.0 build v9.1.0rc0 (linux64)
Thread count: 32 physical cores, 32 logical processors, using up to 2 threads
Optimize a model with 2512 rows, 17074 columns and 70015 nonzeros
Model fingerprint: 0x57f5a8a0
Variable types: 859 continuous, 16215 integer (690 binary)
Coefficient statistics:
  Matrix range     [1e+00, 7e+02]
  Objective range  [1e-01, 6e+02]
  Bounds range     [1e+00, 3e+02]
  RHS range        [1e+01, 6e+03]
Presolve removed 454 rows and 46 columns
Presolve time: 0.11s
Presolved: 2058 rows, 17028 columns, 65150 nonzeros
Variable types: 813 continuous, 16215 integer (15540 binary)

Root relaxation: objective 1.323538e+04, 1915 iterations, 0.12 seconds

    Nodes    |    Current Node    |     Objective Bounds      |     Work
 Expl Unexpl |  Obj  Depth IntInf | Incumbent    BestBd   Gap | It/Node Time

     0     0 13235.3799    0  150          - 13235.3799      -     -    0s
     0     0 13523.4794    0  175          - 13523.4794      -     -    1s
     0     0 13523.9242    0  179          - 13523.9242      -     -    1s
     0     0 13836.1816    0  180          - 13836.1816      -     -    1s
     0     0 13974.1454    0  206          - 13974.1454      -     -    1s
     0     0 13979.4811    0  204          - 13979.4811      -     -    2s
     0     0 13979.8393    0  212          - 13979.8393      -     -    2s
     0     0 13979.8615    0  213          - 13979.8615      -     -    2s
     0     0 14090.7961    0  213          - 14090.7961      -     -    2s
     0     0 14104.1295    0  219          - 14104.1295      -     -    2s
     0     0 14104.1295    0  219          - 14104.1295      -     -    2s
     0     0 14175.9042    0  214          - 14175.9042      -     -    3s
     0     0 14206.4312    0  219          - 14206.4312      -     -    3s
     0     0 14206.4560    0  219          - 14206.4560      -     -    3s
     0     0 14251.7991    0  288          - 14251.7991      -     -    4s
     0     0 14260.0982    0  282          - 14260.0982      -     -    4s
     0     0 14261.0342    0  326          - 14261.0342      -     -    4s
     0     0 14261.9208    0  287          - 14261.9208      -     -    4s
     0     0 14262.1988    0  297          - 14262.1988      -     -    4s
     0     0 14323.5196    0  234          - 14323.5196      -     -    5s
     0     0 14330.7690    0  244          - 14330.7690      -     -    6s
     0     0 14334.2303    0  267          - 14334.2303      -     -    6s
     0     0 14337.7438    0  260          - 14337.7438      -     -    6s
     0     0 14342.8943    0  298          - 14342.8943      -     -    6s
     0     0 14343.7800    0  299          - 14343.7800      -     -    6s
     0     0 14389.9306    0  254          - 14389.9306      -     -    7s
     0     0 14397.2270    0  313          - 14397.2270      -     -    7s
     0     0 14411.7715    0  326          - 14411.7715      -     -    7s
     0     0 14438.7231    0  356          - 14438.7231      -     -    8s
     0     0 14476.8273    0  333          - 14476.8273      -     -    8s
     0     0 14480.8659    0  350          - 14480.8659      -     -    8s
     0     0 14481.3119    0  342          - 14481.3119      -     -    8s
     0     0 14508.3154    0  334          - 14508.3154      -     -    9s
     0     0 14511.8885    0  383          - 14511.8885      -     -    9s
     0     0 14513.0568    0  415          - 14513.0568      -     -   10s
     0     0 14521.8860    0  377          - 14521.8860      -     -   10s
     0     0 14521.8860    0  262          - 14521.8860      -     -   11s
     0     2 14531.0266    0  247          - 14531.0266      -     -   13s
     3     6 14531.0266    2  305          - 14531.0266      -   736   15s
    23    26 14580.2146    8  425          - 14531.0266      -   670   20s
    39    42 14604.0992   12  343          - 14531.0266      -   792   25s
    64    70 14615.6316   18  330          - 14531.0266      -   672   30s
   101   103 14655.3297   30  345          - 14531.0266      -   580   35s
   121   127 14798.7889   35  281          - 14531.0266      -   568   40s
   169   181 14924.2644   47  225          - 14531.0266      -   504   46s
   218   235 15031.9592   59  215          - 14531.0266      -   447   50s
   301   322 15339.2251   79  180          - 14531.0266      -   384   56s
   359   390 15705.7636   99  150          - 14531.0266      -   352   60s
   483   486 16622.2097  160   78          - 14531.0266      -   296   65s
   577   675 16902.7384  176   55          - 14531.0266      -   265   70s
   715   792 17509.4388  228   40          - 14531.0266      -   225   75s
   844   942 18271.3373  268   25          - 14531.0266      -   201   80s
   975  1096 19607.8968  295   24          - 14531.0266      -   179   88s
  1032  1096 20502.3500  332    -          - 14531.0266      -   170   90s
  1168  1153 21708.3496  357   18          - 14548.1875      -   162   96s
  1233  1158 14599.0196    5  421          - 14548.1875      -   163  100s
  1238  1160 15374.0902   78  134          - 14548.1875      -   166  106s
  1245  1165 15620.3205   77  395          - 14548.1875      -   165  110s
  1256  1172 15669.8666   85  538          - 14603.2215      -   163  115s
  1263  1177 22065.1332  394  468          - 14623.5753      -   162  121s
  1267  1180 18389.6963  272  436          - 14637.6537      -   162  125s
  1275  1185 19332.1400  325  534          - 14649.7703      -   161  130s
  1282  1190 16575.0753  165  537          - 14654.0655      -   160  135s
  1287  1193 20710.2833  339  497          - 14657.4912      -   159  140s
  1293  1197 15941.0560  102  666          - 14659.0330      -   159  145s
  1299  1202 16942.2140  184  262          - 14659.3606      -   191  150s
  1307  1207 15013.2071   57  294          - 14659.3606      -   190  157s
  1314  1212 18576.1110  282  386          - 14659.3606      -   189  160s
  1320  1216 16617.3613  157  538          - 14666.5373      -   188  165s
  1329  1222 15143.5317   66  555          - 14675.8877      -   187  170s
  1336  1227 19254.8593  322  647          - 14678.1729      -   186  176s
  1340  1229 15512.5823   69  615          - 14678.9470      -   185  180s
  1344  1232 15246.0433   53  634          - 14679.5767      -   185  187s
  1346  1233 18857.4611  292  634          - 14679.5767      -   184  193s
  1347  1237 14681.3424   24  585          - 14679.5827      -   208  202s
  1349  1238 14681.5329   25  597          - 14681.5329      -   210  208s
  1351  1240 14734.9190   25  451          - 14681.5356      -   212  214s
  1353  1241 14681.6151   26  567          - 14681.6151      -   213  216s
  1357  1245 14682.0070   27  626          - 14681.6234      -   216  220s
  1362  1247 14683.0141   28  623          - 14682.1890      -   223  225s
  1366  1252 14685.8316   29  723          - 14683.0610      -   227  230s
  1372  1254 14687.7329   30  696          - 14686.4655      -   233  236s
  1377  1259 14688.3959   31  608          - 14688.3959      -   238  241s
  1381  1262 14689.5252   32  630          - 14689.5252      -   241  245s
  1389  1267 14690.1058   34  606          - 14690.1058      -   251  251s
  1398  1274 14694.5288   36  595          - 14694.5288      -   259  256s
  1409  1280 14700.9056   38  658          - 14700.9056      -   267  262s
  1413  1287 14701.0071   39  666          - 14701.0071      -   272  265s
  1425  1294 14701.4496   41  636          - 14701.4496      -   282  271s
  1439  1304 14702.4639   43  593          - 14702.0856      -   289  276s
  1447  1310 14704.2030   44  589          - 14702.0856      -   293  280s
  1462  1318 14708.4679   46  548          - 14702.0856      -   305  286s
  1478  1335 14742.4287   48  457          - 14702.0856      -   313  293s
  1491  1338 14714.0823   50  611          - 14702.0856      -   318  296s
  1498  1348 14714.1653   51  631          - 14702.0856      -   321  300s
  1521  1367 14718.5511   55  570          - 14702.0856      -   329  308s
  1537  1376 14725.7820   57  535          - 14702.0856      -   333  313s
  1553  1384 14730.2851   59  631          - 14702.0856      -   337  317s
  1567  1398 14731.5746   61  519          - 14702.0856      -   341  322s
  1585  1408 14737.6014   64  570          - 14702.0856      -   345  326s
  1601  1419 14741.2733   66  556          - 14702.0856      -   349  330s
  1618  1436 14754.6558   68  510          - 14702.0856      -   353  335s
  1640  1449 14778.5753   71  448          - 14702.0856      -   356  340s
  1661  1465 14777.1682   74  462          - 14702.0856      -   359  345s
  1684  1478 14753.4454   78  542          - 14702.0856      -   362  350s
  1704  1494 14762.0906   81  529          - 14702.0856      -   367  356s
  1727  1507 14774.5911   85  527          - 14702.0856      -   372  361s
  1748  1527 14786.0616   88  465          - 14702.0856      -   377  367s
  1775  1550 14794.4786   92  517          - 14702.0856      -   380  374s
  1807  1566 14858.0542   97  476          - 14702.0856      -   385  380s
  1833  1585 14861.6003  101  403          - 14702.0856      -   389  387s
  1861  1607 14935.4024  105  469          - 14702.0856      -   395  393s
  1892  1624 14907.3165  110  467          - 14702.0856      -   399  400s
  1920  1636 14914.4978  114  493          - 14702.0856      -   405  408s
  1941  1661 14937.5600  116  508          - 14702.0856      -   409  415s
  1973  1670 14964.0375  120  457          - 14702.0856      -   414  423s
  1993  1694 14996.5344  123  466          - 14702.0856      -   416  431s
  2023  1714 15012.5692  126  455          - 14702.0856      -   421  441s
  2053  1744 15030.1921  131  424          - 14702.0856      -   426  450s
  2093  1770 15047.9681  138  511          - 14702.0856      -   431  460s
  2133  1793 15079.1930  144  483          - 14702.0856      -   434  469s
  2169  1815 15092.3172  150  466          - 14702.0856      -   438  479s
  2205  1845 15101.7082  156  475          - 14702.0856      -   443  489s
  2247  1873 15122.2529  163  483          - 14702.0856      -   448  500s
  2289  1902 15133.9821  170  472          - 14702.0856      -   453  511s
  2332  1926 15264.0809  176  423          - 14702.0856      -   460  523s
  2370  1964 15222.1824  182  396          - 14702.0856      -   467  535s
  2421  1999 15186.5753  191  420          - 14702.0856      -   472  547s
  2473  2037 15214.7792  200  470          - 14702.0856      -   477  560s
  2528  2073 15520.7944  206  413          - 14702.0856      -   481  573s
  2583  2111 15239.5674  214  476          - 14702.0856      -   487  588s
  2641  2156 15245.7303  221  422          - 14702.0856      -   492  603s
  2705  2211 15268.0081  228  416          - 14702.0856      -   494  619s
  2790  2246 15405.3495  237  404          - 14702.0856      -   496  635s
  2875  2298 15345.3971  246  470          - 14702.0856      -   498  652s
  2969  2379 15367.3379  255  448          - 14702.0856      -   499  671s
  3102  2352 15550.4419  264  436          - 14702.0856      -   493  689s
  3147  2379 15514.2893  271  486          - 14702.0856      -   496  705s
  3189  2415 15587.3871  282  443          - 14702.0856      -   502  722s
  3239  2467 15640.3703  299  294          - 14702.0856      -   506  739s
  3285  2452 15007.4253   59  443          - 14702.0856      -   508  740s
  3308  2532 15720.5251  322  297          - 14702.0856      -   510  758s
  3402  2587 15746.5954  349  330          - 14702.0856      -   513  778s
  3485  2559 15388.1362  105  284          - 14702.0856      -   516  780s
  3488  2660 15775.7993  374  300          - 14702.0856      -   516  798s
  3590  2752 15800.6251  400  315          - 14702.0856      -   519  820s
  3720  2929 15823.3466  424  287          - 14702.0856      -   519  846s
  3882  2875 16012.7036  228  135          - 14702.0856      -   514  850s
  3944  3114 16210.1676  450  289          - 14702.0856      -   509  875s
  4206  3260 16365.0253  494  265          - 14723.6952      -   496  907s
  4318  3223 17283.5924  366  141          - 14723.7336      -   491  910s
  4504  3202 14770.2118   35  454          - 14723.7336      -   478  937s
  4545  3258 14846.8943   42  544          - 14723.7336      -   484  962s
  4615  3360 14935.9071   47  352          - 14723.7336      -   485  991s
  4740  3530 15047.0676   97  246          - 14723.7336      -   483 1021s
  4952  3722 15264.6525  147  294          - 14723.7336      -   473 1053s
  5005  3705 15394.0363  170  290          - 14723.7336      -   472 1055s
  5255  4119 15642.6727  181  222          - 14723.7336      -   458 1091s
  5410  4119 17074.1419  348  122          - 14723.7336      -   451 1095s
  5440  4119 17181.5844  360  132          - 14723.7336      -   450 1100s
  5593  4119 18072.0713  419  123          - 14723.7336      -   440 1105s
  5701  4681 15724.9810  254  241          - 14723.7336      -   434 1138s
  5849  4681 16017.8505  373  182          - 14723.7336      -   427 1141s
  6291  4912 16026.6974  379  207          - 14723.7336      -   400 1186s
  6475  4912 16244.0645  517  205          - 14723.7336      -   391 1190s
  6574  5382 16464.7859  559  195          - 14723.7336      -   389 1229s
  6588  5382 16541.9024  567  148          - 14723.7336      -   389 1230s
  6777  5382 17435.9971  672   76          - 14723.7336      -   380 1235s
  6983  5382 18624.1819  762   49          - 14723.7336      -   370 1240s
  7090  5669 19804.6236  788   68          - 14724.4028      -   368 1275s
  7270  5672 19797.7707  882    9          - 14724.4028      -   361 1280s
  7426  5734 14869.9790   49  428          - 14724.4028      -   358 1317s
  7478  5804 14912.9406   53  442          - 14724.4028      -   361 1352s
  7548  5889 15031.0217   61  283          - 14724.4028      -   364 1385s
  7585  5889 15100.7460   73  280          - 14724.4028      -   366 1391s
  7633  6045 15133.4898   73  301          - 14724.4028      -   366 1425s
  7789  6227 15208.0346   90  350          - 14724.4028      -   366 1461s
  7947  6227 15710.4580  273  234          - 14724.4028      -   365 1466s
  7971  6522 15339.4033  108  380          - 14724.4028      -   364 1501s
  8111  6522 15891.1101  348  235          - 14724.4028      -   362 1505s
  8266  6856 15418.4344  153  355          - 14724.4028      -   357 1541s
  8419  6856 16369.8131  512  179          - 14724.4028      -   355 1545s
  8600  7254 15569.1191  193  271          - 14724.4028      -   349 1583s
  8664  7254 15769.7499  220  252          - 14724.4028      -   349 1585s
  8806  7254 17049.0906  712  175          - 14724.4028      -   345 1590s
  8960  7254 17576.7139  823  140          - 14724.4028      -   341 1595s
  9010  7404 15963.1067  296  204          - 14724.4028      -   340 1627s
  9072  7404 16020.6619  349  283          - 14724.4028      -   338 1630s
  9186  7428 infeasible  406               - 14732.0091      -   338 1669s
  9226  7486 14965.6756   45  329          - 14732.0091      -   342 1706s
  9284  7544 15066.6845   55  396          - 14732.0091      -   344 1740s
  9344  7621 15321.8109   65  282          - 14732.0091      -   347 1777s
  9421  7722 15429.8306   85  284          - 14732.0091      -   350 1813s
  9480  7722 15582.1203  115  232          - 14732.0091      -   350 1815s
  9522  7917 15591.1680  119  298          - 14732.0091      -   352 1852s
  9618  7917 15844.1675  167  247          - 14732.0091      -   351 1855s
  9719  8181 15910.6446  199  227          - 14732.0091      -   351 1896s
  9833  8181 16205.2380  280  201          - 14732.0091      -   348 1900s
  9983  8496 16814.6840  336  220          - 14732.0091      -   347 1938s
 10025  8496 16858.2865  356  250          - 14732.0091      -   346 1940s
 10316  8846 18654.3937  406  191          - 14732.0815      -   341 1986s
 10437  8846 19272.0763  466  144          - 14732.0815      -   338 1990s
 10705  9047 14899.1093   53  398          - 14732.0815      -   333 2037s
 10906  9197 15048.8111   63  297          - 14732.0815      -   330 2082s
 11056  9417 15112.2881   74  342          - 14732.0815      -   330 2120s
 11220  9417 17157.3918  900  225          - 14732.0815      -   328 2125s
 11276  9789 15250.1092   93  296          - 14732.0815      -   327 2163s
 11326  9789 15339.4895  128  283          - 14732.0815      -   327 2165s
 11557  9789 17694.8397 1080  152          - 14732.0815      -   323 2172s
 11648 10154 15508.7979  175  146          - 14732.0815      -   321 2209s
 11668 10154 15510.6827  188  200          - 14732.0815      -   321 2210s
 11833 10154 18031.8620 1212  194          - 14732.0815      -   319 2215s
 11984 10154 18615.2879 1332   72          - 14732.0815      -   316 2220s
 12015 10602 15687.7184  264  227          - 14732.0815      -   315 2257s
 12105 10602 15826.9323  343  174          - 14732.0815      -   314 2260s
 12291 10602 16525.0857  477  160          - 14732.0815      -   310 2265s
 12495 10602 20464.2477 1409   40          - 14732.0815      -   306 2270s
 12569 10784 16798.3280  493  160          - 14732.7589      -   306 2304s
 12601 10784 16855.5535  511  144          - 14732.7589      -   305 2305s
 12782 10798 14856.0893   43  657          - 14732.7589      -   304 2469s
 12796 10848 14910.6878   50  621          - 14732.7589      -   304 2508s
 12846 10926 14996.3672   56  463          - 14732.7589      -   306 2547s
 12924 11044 15026.3942   83  460          - 14732.7589      -   308 2583s
 13042 11218 15173.8945   98  381          - 14732.7589      -   309 2620s
 13181 11218 16012.7032  193  145          - 14732.7589      -   309 2625s
 13216 11548 15317.3632  117  246          - 14732.7589      -   309 2659s
 13246 11548 15384.6910  136  310          - 14732.7589      -   309 2660s
 13546 12370 15583.4068  174  257          - 14732.7589      -   306 2716s
 13667 12370 15772.4613  273  208          - 14732.7589      -   305 2720s
 13842 12370 17082.9278  490   38          - 14732.7589      -   303 2725s
 14029 12370 17374.4144  590   26          - 14732.7589      -   299 2730s
 14229 12370 18092.3652  719   13          - 14732.7589      -   296 2735s
 14408 12652 15824.5488  291  260          - 14732.7589      -   292 2781s
 14540 12652 16252.6366  370  119          - 14732.7589      -   292 2785s
 14733 13332 16361.2778  431  177          - 14732.7589      -   290 2832s
 14833 13332 16489.8053  524  129          - 14732.7589      -   288 2835s
 15053 13332 16904.6837  718   78          - 14732.7589      -   285 2840s
 15300 13332 18534.6718  881   61          - 14732.7589      -   281 2845s
 15443 13498 19239.4909  921   60          - 14734.3416      -   280 2880s
 15680 13662 14906.6361   41  492          - 14734.3416      -   279 2918s
 15846 14007 15004.7246   58  525          - 14734.3416      -   279 2954s
 15868 14007 15171.8881   68  334          - 14734.3416      -   279 2955s
 16199 14484 15218.8637   72  413          - 14734.3416      -   276 2994s
 16213 14484 15233.7135   78  388          - 14734.3416      -   276 2995s
 16632 14484 18066.3296  771  121          - 14734.3416      -   271 3005s
 16715 14532 15399.4421   85  315          - 14734.3416      -   270 3038s
 16779 14644 15536.6087  111  276          - 14734.3416      -   271 3069s
 16799 14644 15478.0100  125  320          - 14734.3416      -   271 3070s
 16891 14830 15594.0930  183  332          - 14734.3416      -   272 3102s
 16971 14830 15698.1389  238  288          - 14734.3416      -   271 3105s
 17077 15111 16128.1688  308  249          - 14734.3416      -   271 3159s
 17107 15111 15957.1220  331  209          - 14734.3416      -   271 3160s
 17297 15111 16413.8814  475  131          - 14734.3416      -   269 3165s
 17358 15645 16493.1602  483   85          - 14734.3416      -   269 3205s
 17548 15645 16749.5880  602  105          - 14734.3416      -   267 3210s
 17748 15645 17453.9791  745   46          - 14734.3416      -   265 3215s
 17896 16366 17698.9305  821   28          - 14735.9552      -   264 3265s
 18096 16366 18488.2091  943   46          - 14735.9552      -   262 3270s
 18337 16366 18930.4243 1118   64          - 14735.9552      -   259 3275s
 18593 16370 21062.3000 1235    6          - 14735.9552      -   256 3280s
 18716 16511 14805.1691   40  496          - 14735.9552      -   256 3313s
 18823 16666 14956.5939   49  511          - 14735.9552      -   257 3343s
 18887 16666 15778.9581  215  198          - 14735.9552      -   257 3345s
 18978 17052 15144.6818   65  379          - 14735.9552      -   257 3379s
 19364 17672 15254.5138   80  335          - 14735.9552      -   254 3423s
 19643 17672 17366.3674  693   78          - 14735.9552      -   252 3430s
 19843 17672 17828.1310  840  117          - 14735.9552      -   250 3435s
 19988 17781 15415.4027  112  292          - 14735.9552      -   249 3465s
 20121 18034 15635.7148  172  153          - 14735.9552      -   250 3495s
 20315 18034 16200.6721  322  151          - 14735.9552      -   248 3500s
 20398 18159 17025.9582  354  183          - 14738.5769      -   248 3529s
 20418 18159 16851.2920  370  147          - 14738.5769      -   248 3530s
 20553 18569 14895.6044   44  538          - 14738.5769      -   249 3564s
 20564 18569 14955.6308   49  312          - 14738.5769      -   249 3565s
 20831 18570 16955.1426  294   18          - 14738.5769      -   247 3570s
 20989 18648 15061.4642   52  432          - 14738.5769      -   246 3597s
 21066 18651 15226.8796   69  266          - 14738.5769      -   247 3600s

Cutting planes:
  User: 8510
  Gomory: 39
  Cover: 736
  Implied bound: 132
  Clique: 9
  MIR: 347
  StrongCG: 1
  Flow cover: 946
  Zero half: 43
  RLT: 585
  Relax-and-lift: 15
  Lazy constraints: 630

Explored 21069 nodes (5215583 simplex iterations) in 3600.09 seconds
Thread count was 2 (of 32 available processors)

Solution count 0

Time limit reached
Best objective -, best bound 1.473857685290e+04, gap -

User-callback calls 213132, time in user-callback 321.17 sec
================================================================================
executing instance: ./input/Instances/Original/1/absH3high_2n45.dat
--------------------------------------------------------------------------------
Instance details
n	46
H	3
C	3171
Li:
[0, 0, 0, 0, 0, 0, 0, 0, 0, 0, 0, 0, 0, 0, 0, 0, 0, 0, 0, 0, 0, 0, 0, 0, 0, 0, 0, 0, 0, 0, 0, 0, 0, 0, 0, 0, 0, 0, 0, 0, 0, 0, 0, 0, 0, 0, ]
Ui:
[0, 246, 160, 78, 20, 87, 144, 40, 20, 82, 60, 96, 24, 136, 160, 108, 160, 26, 228, 51, 24, 240, 231, 70, 32, 105, 174, 114, 246, 126, 132, 76, 22, 42, 255, 132, 148, 162, 66, 111, 102, 240, 123, 201, 297, 78, ]
Distance matrix:
|0	148	402	550	329	420	187	318	366	280	504	273	233	333	112	344	379	481	113	593	159	523	261	424	90	359	163	461	413	240	105	299	265	89	371	462	339	273	495	22	41	439	369	506	563	468	|
|148	0	284	517	394	284	136	369	244	311	496	166	329	355	223	202	338	388	204	565	254	506	118	346	71	423	173	471	336	118	105	352	198	105	248	428	302	305	487	153	179	441	230	497	517	370	|
|402	284	0	350	448	80	228	406	42	343	382	129	456	350	412	126	219	131	382	395	410	371	180	137	314	466	289	400	137	167	389	401	169	316	39	280	217	342	373	394	414	362	108	380	324	106	|
|550	517	350	0	339	429	385	308	374	295	93	375	431	249	481	461	180	239	458	48	445	57	474	214	496	333	387	160	216	424	601	321	320	471	376	90	217	301	93	530	534	146	452	88	52	262	|
|329	394	448	339	0	513	282	42	438	105	255	363	115	108	221	484	259	431	217	365	172	289	436	362	333	30	224	189	353	380	423	47	291	296	443	285	240	107	251	307	294	193	495	260	378	437	|
|420	284	80	429	513	0	267	473	76	408	462	163	509	421	449	86	298	201	421	474	455	451	167	217	330	533	333	478	217	181	386	466	225	341	70	360	291	406	453	416	438	440	59	460	400	176	|
|187	136	228	385	282	267	0	249	199	186	360	104	248	224	184	214	207	294	155	432	189	371	155	237	113	308	68	336	227	101	216	236	78	98	205	296	168	181	350	174	190	305	231	360	390	283	|
|318	369	406	308	42	473	249	0	397	66	229	325	128	67	216	447	218	389	206	337	168	260	402	320	311	61	196	167	311	345	406	19	252	275	403	248	198	70	223	296	286	164	457	233	344	395	|
|366	244	42	374	438	76	199	397	0	332	397	96	436	346	383	90	228	168	354	420	385	389	139	161	277	458	263	408	158	128	349	391	150	282	6	298	218	331	388	359	380	370	78	395	352	144	|
|280	311	343	295	105	408	186	66	332	0	231	259	142	53	191	380	171	337	173	332	150	257	337	267	258	127	139	182	258	280	359	58	186	223	338	222	143	6	224	258	254	164	390	234	323	340	|
|504	496	382	93	255	462	360	229	397	231	0	375	356	180	422	478	173	293	403	110	381	36	474	248	463	245	345	68	246	419	568	244	308	433	400	104	200	237	9	482	482	67	474	5	142	312	|
|273	166	129	375	363	163	104	325	96	259	375	0	347	283	288	121	202	221	259	423	292	376	99	183	186	386	170	370	175	52	269	315	76	187	102	288	177	256	365	265	285	333	133	374	365	204	|
|233	329	456	431	115	509	248	128	436	142	356	347	0	181	121	462	311	472	128	463	76	386	398	403	260	141	180	294	392	349	334	111	287	224	442	362	280	139	350	212	194	289	479	360	463	472	|
|333	355	350	249	108	421	224	67	346	53	180	283	181	0	244	403	152	324	226	283	201	207	369	256	307	118	186	129	247	311	409	74	208	273	351	183	136	59	173	311	307	113	410	183	282	331	|
|112	223	412	481	221	449	184	216	383	191	422	288	121	244	0	387	327	461	30	521	49	447	313	396	152	250	125	371	385	273	214	196	249	121	389	400	288	185	415	91	74	355	408	425	503	454	|
|344	202	126	461	484	86	214	447	90	380	478	121	462	403	387	0	305	256	360	508	400	473	84	250	255	507	282	482	246	115	302	437	196	271	90	382	288	377	469	343	367	444	28	476	441	232	|
|379	338	219	180	259	298	207	218	228	171	173	202	311	152	327	305	0	172	301	227	300	174	302	105	318	270	217	180	97	249	423	221	141	296	232	90	40	173	164	361	368	142	303	172	184	180	|
