




arguments: ./build/mirp_solver -f ./input/orig_exec_228.cfg
Current dir: /scratch/gui/bnc_mirp
File verbosity level: 9
date       time         ( uptime  ) [ thread name/id ]                   file:line     v| 
2021-01-10 13:16:20.350 (   0.473s) [main thread     ]             loguru.cpp:789   INFO| Logging to './output/vi_hc3/OU/V5/Original/execution_10_01_2021_13_16_20.log', mode: 'a', verbosity: 9
--------------------------------------------------------------------------------
Parameters
                           instance_path           ./input/Instances/Original/6/
                            model_policy                                       1
                             nb_vehicles                                       5
                              output_dir         ./output/vi_hc3/OU/V5/Original/
                            sec_strategy                                       1
                       solver_nb_threads                                       2
                         solver_show_log                                    true
                       solver_time_limit                                    3600
                              use_vi_cos                                   false
                              use_vi_cus                                   false
                         use_vi_hc1_full                                   false
                         use_vi_hc1_half                                   false
                      use_vi_hc1_quarter                                   false
                              use_vi_hc2                                   false
                              use_vi_hc3                                    true
                         use_vi_lex_full                                   false
                         use_vi_lex_half                                   false
                      use_vi_lex_quarter                                   false
                              use_vi_qua                                   false
                               use_vi_vc                                   false
                               use_vi_vr                                   false
--------------------------------------------------------------------------------
executing instance: ./input/Instances/Original/6/absH6high_1n25.dat
--------------------------------------------------------------------------------
Instance details
n	26
H	6
C	1711
Li:
[0, 0, 0, 0, 0, 0, 0, 0, 0, 0, 0, 0, 0, 0, 0, 0, 0, 0, 0, 0, 0, 0, 0, 0, 0, 0, ]
Ui:
[0, 168, 176, 34, 66, 36, 177, 106, 118, 182, 64, 141, 189, 63, 46, 111, 182, 231, 36, 66, 68, 54, 132, 90, 246, 75, ]
Distance matrix:
|0	191	200	231	334	329	146	196	208	245	218	164	283	394	151	358	156	196	309	253	201	260	127	138	130	104	|
|191	0	226	229	278	146	328	216	390	417	327	293	195	334	106	296	171	122	472	151	12	411	280	53	190	130	|
|200	226	0	38	149	359	321	10	276	274	418	364	139	204	121	173	321	115	303	141	225	236	155	202	311	256	|
|231	229	38	0	110	352	358	37	314	310	448	395	108	167	129	135	342	109	336	120	226	268	194	213	335	277	|
|334	278	149	110	0	367	467	147	422	413	546	495	86	61	203	25	423	163	429	129	271	363	303	282	424	361	|
|329	146	359	352	367	0	453	349	533	562	411	393	282	411	245	378	250	244	617	245	141	556	426	195	284	243	|
|146	328	321	358	467	453	0	321	162	215	160	112	425	524	297	491	223	341	284	397	339	266	186	276	184	210	|
|196	216	10	37	147	349	321	0	281	281	414	360	132	203	112	171	315	105	311	132	216	244	159	193	305	249	|
|208	390	276	314	422	533	162	281	0	54	321	271	410	471	316	445	348	348	123	398	398	115	125	338	313	309	|
|245	417	274	310	413	562	215	281	54	0	375	323	413	457	334	435	393	361	70	406	424	69	139	367	359	349	|
|218	327	418	448	546	411	160	414	321	375	0	57	484	606	347	569	163	393	444	446	339	421	318	288	137	199	|
|164	293	364	395	495	393	112	360	271	323	57	0	437	556	300	519	144	346	393	401	305	367	261	249	109	163	|
|283	195	139	108	86	282	425	132	410	413	484	437	0	139	137	101	349	91	443	44	187	375	286	206	355	291	|
|394	334	204	167	61	411	524	203	471	457	606	556	139	0	264	38	483	222	467	183	326	403	356	341	484	421	|
|151	106	121	129	203	245	297	112	316	334	347	300	137	264	0	225	220	46	381	102	106	316	195	84	221	158	|
|358	296	173	135	25	378	491	171	445	435	569	519	101	38	225	0	444	184	450	145	288	384	328	303	446	383	|
|156	171	321	342	423	250	223	315	348	393	163	144	349	483	220	444	0	261	460	308	183	415	284	143	39	65	|
|196	122	115	109	163	244	341	105	348	361	393	346	91	222	46	184	261	0	402	56	118	336	224	119	264	200	|
|309	472	303	336	429	617	284	311	123	70	444	393	443	467	381	450	460	402	0	442	477	68	192	424	426	413	|
|253	151	141	120	129	245	397	132	398	406	446	401	44	183	102	145	308	56	442	0	143	375	273	164	315	251	|
|201	12	225	226	271	141	339	216	398	424	339	305	187	326	106	288	183	118	477	143	0	416	286	63	202	142	|
|260	411	236	268	363	556	266	244	115	69	421	367	375	403	316	384	415	336	68	375	416	0	135	365	384	363	|
|127	280	155	194	303	426	186	159	125	139	318	261	286	356	195	328	284	224	192	273	286	135	0	232	256	229	|
|138	53	202	213	282	195	276	193	338	367	288	249	206	341	84	303	143	119	424	164	63	365	232	0	153	89	|
|130	190	311	335	424	284	184	305	313	359	137	109	355	484	221	446	39	264	426	315	202	384	256	153	0	64	|
|104	130	256	277	361	243	210	249	309	349	199	163	291	421	158	383	65	200	413	251	142	363	229	89	64	0	|

--------------------------------------------------------------------------------
Building model...
	using lazy and cut (CVRPSEP package)
Solving IRP LP...
--------------------------------------------------------------------------------

Gurobi 9.1.0 (linux64) logging started Sun Jan 10 13:16:20 2021

Gurobi Optimizer version 9.1.0 build v9.1.0rc0 (linux64)
Thread count: 32 physical cores, 32 logical processors, using up to 2 threads
Optimize a model with 2798 rows, 11462 columns and 47804 nonzeros
Model fingerprint: 0x618d348e
Variable types: 932 continuous, 10530 integer (780 binary)
Coefficient statistics:
  Matrix range     [1e+00, 3e+02]
  Objective range  [1e-01, 6e+02]
  Bounds range     [1e+00, 2e+02]
  RHS range        [1e+01, 3e+03]
Presolve removed 482 rows and 26 columns
Presolve time: 0.11s
Presolved: 2316 rows, 11436 columns, 44109 nonzeros
Variable types: 906 continuous, 10530 integer (9780 binary)

Root relaxation: objective 1.503678e+04, 2720 iterations, 0.11 seconds

    Nodes    |    Current Node    |     Objective Bounds      |     Work
 Expl Unexpl |  Obj  Depth IntInf | Incumbent    BestBd   Gap | It/Node Time

     0     0 15036.7842    0  251          - 15036.7842      -     -    0s
     0     0 15264.7069    0  284          - 15264.7069      -     -    0s
     0     0 15286.4420    0  293          - 15286.4420      -     -    0s
     0     0 15289.0320    0  288          - 15289.0320      -     -    1s
     0     0 15523.6938    0  321          - 15523.6938      -     -    1s
     0     0 15602.0706    0  294          - 15602.0706      -     -    1s
     0     0 15604.0876    0  313          - 15604.0876      -     -    1s
     0     0 15604.2917    0  312          - 15604.2917      -     -    1s
     0     0 15973.8334    0  344          - 15973.8334      -     -    2s
     0     0 16027.2331    0  364          - 16027.2331      -     -    2s
     0     0 16027.6319    0  313          - 16027.6319      -     -    2s
     0     0 16275.0966    0  372          - 16275.0966      -     -    3s
     0     0 16292.3799    0  328          - 16292.3799      -     -    3s
     0     0 16293.8115    0  327          - 16293.8115      -     -    3s
     0     0 16307.9775    0  393          - 16307.9775      -     -    3s
     0     0 16328.8099    0  372          - 16328.8099      -     -    3s
     0     0 16332.6634    0  367          - 16332.6634      -     -    3s
     0     0 16333.4884    0  369          - 16333.4884      -     -    3s
     0     0 16553.8326    0  437          - 16553.8326      -     -    4s
     0     0 16570.4621    0  399          - 16570.4621      -     -    4s
     0     0 16574.2759    0  374          - 16574.2759      -     -    5s
     0     0 16575.3745    0  405          - 16575.3745      -     -    5s
     0     0 16685.1130    0  459          - 16685.1130      -     -    5s
     0     0 16699.1252    0  408          - 16699.1252      -     -    5s
     0     0 16713.2939    0  405          - 16713.2939      -     -    6s
     0     0 16719.4292    0  457          - 16719.4292      -     -    6s
     0     0 16719.5737    0  427          - 16719.5737      -     -    6s
     0     0 16758.0973    0  472          - 16758.0973      -     -    6s
     0     0 16768.0141    0  438          - 16768.0141      -     -    6s
     0     0 16768.3068    0  443          - 16768.3068      -     -    7s
     0     0 16774.6602    0  474          - 16774.6602      -     -    7s
     0     0 16774.6602    0  373          - 16774.6602      -     -    8s
     0     2 16775.6236    0  393          - 16775.6236      -     -   11s
    13    16 16796.4863    5  505          - 16779.5798      -   895   15s
    34    39 16955.5200   12  388          - 16779.5798      -  1036   20s
    56    61 17061.2027   19  366          - 16779.5798      -   922   25s
    96   106 17100.8976   29  356          - 16779.5798      -   752   30s
   132   136 17212.3637   37  313          - 16779.5798      -   680   35s
   190   173 17906.1702   58  316          - 16779.5798      -   616   41s
   222   211 17910.4327   71  329          - 16779.5798      -   614   45s
   279   275 18381.4161   95  278          - 16779.5798      -   559   50s
   339   355 19112.7293  118  269          - 16779.5798      -   515   55s
   431   423 20141.6543  172  211          - 16779.5798      -   453   60s
   489   461 17168.4541    3  544          - 16783.3788      -   446   66s
   516   494 17226.3145    5  570          - 16783.3788      -   449   70s
   569   564 17415.7435   12  456          - 16783.3788      -   450   77s
   626   610 17364.8606   26  435          - 16783.3788      -   439   82s
   668   672 17478.6392   31  441          - 16783.3788      -   442   87s
   710   729 17520.0280   34  423          - 16783.3788      -   430   90s
   854   887 17580.7997   42  455          - 16783.3788      -   386   97s
   947   919 17683.5627   47  454          - 16783.3788      -   362  101s
   989   932 17749.0801   54  464          - 16783.3788      -   364  105s
  1011   937 17880.1774   72  418          - 16783.3788      -   365  110s
  1020   943 19401.1689  166  503          - 17175.5672      -   362  115s
  1032   951 19591.3359  153  439          - 17279.8982      -   357  120s
  1042   958 17671.3419   54  594          - 17310.8026      -   354  125s
  1052   964 22178.7196  306  775          - 17340.3722      -   351  130s
  1060   970 17371.0417   24  641          - 17346.4015      -   348  135s
  1069   976 18336.6966   94  742          - 17353.2051      -   345  140s
  1076   980 23646.3635  350  771          - 17354.6835      -   343  145s
  1084   986 17361.3246   35  775          - 17361.3246      -   340  150s
  1092   991 17363.4899   24  751          - 17363.4899      -   338  155s
  1101   997 18709.1237  112  739          - 17368.3634      -   335  160s
  1110  1003 17672.2614   66  672          - 17369.0033      -   332  165s
  1121  1012 19498.7228  167  331          - 17369.0316      -   412  170s
  1129  1017 17758.7855   61  649          - 17369.0316      -   409  175s
  1139  1024 17370.5083   20  601          - 17370.5083      -   406  180s
  1146  1028 17581.7197   44  659          - 17370.5741      -   403  185s
  1150  1031 17810.6728   69  701          - 17370.5741      -   402  190s
  1153  1036 17373.9729   27  598          - 17370.9081      -   433  201s
  1155  1037 17375.9460   28  589          - 17375.9460      -   433  206s
  1157  1039 17393.1087   28  706          - 17376.0279      -   436  212s
  1159  1040 17377.5046   29  515          - 17376.0705      -   437  216s
  1163  1044 17378.3402   30  509          - 17376.5724      -   439  222s
  1169  1046 infeasible   32               - 17376.5724      -   447  227s
  1175  1050 17425.2894   34  603          - 17376.5724      -   452  231s
  1180  1053 17440.3445   35  619          - 17376.5724      -   459  235s
  1191  1062 17470.0177   38  586          - 17376.5724      -   473  241s
  1201  1071 17477.6009   40  651          - 17376.5724      -   480  246s
  1213  1077 17495.9462   43  645          - 17376.5724      -   490  250s
  1226  1086 17524.4870   46  596          - 17376.5724      -   502  256s
  1236  1093 17631.8594   48  484          - 17376.5724      -   515  261s
  1251  1105 17530.7710   52  631          - 17376.5724      -   524  267s
  1266  1114 17661.1997   55  503          - 17376.5724      -   537  272s
  1273  1120 17540.9711   57  509          - 17376.5724      -   541  275s
  1285  1125 17595.7606   60  593          - 17376.5724      -   558  281s
  1290  1130 17743.9428   61  580          - 17376.5724      -   565  286s
  1297  1138 17615.6199   63  554          - 17376.5724      -   573  290s
  1319  1152 17693.8253   69  472          - 17376.5724      -   590  297s
  1328  1161 17721.7237   71  438          - 17376.5724      -   600  301s
  1340  1167 17792.1249   74  422          - 17376.5724      -   607  305s
  1361  1182 17805.9615   80  504          - 17376.5724      -   622  313s
  1372  1185 17828.3094   82  490          - 17376.5724      -   634  318s
  1379  1204 17837.0170   84  465          - 17376.5724      -   640  322s
  1400  1216 17872.8134   89  397          - 17376.5724      -   643  327s
  1419  1227 17967.1905   94  444          - 17376.5724      -   653  333s
  1439  1237 17970.8170   99  419          - 17376.5724      -   659  338s
  1455  1250 17974.1119  104  379          - 17376.5724      -   669  343s
  1474  1267 18036.0638  109  392          - 17376.5724      -   680  349s
  1485  1263 17814.0676  106  474          - 17376.5724      -   683  350s
  1497  1279 17996.8615  115  427          - 17376.5724      -   690  356s
  1517  1293 18006.0915  120  420          - 17376.5724      -   701  361s
  1537  1309 18022.0702  125  416          - 17376.5724      -   707  367s
  1562  1322 18032.9671  130  409          - 17376.5724      -   714  373s
  1583  1337 18038.8410  135  390          - 17376.5724      -   725  379s
  1605  1353 18041.2785  140  398          - 17376.5724      -   734  386s
  1629  1377 18043.9833  145  358          - 17376.5724      -   742  393s
  1661  1391 18048.8626  153  407          - 17376.5724      -   746  400s
  1685  1417 18055.6158  159  444          - 17376.5724      -   750  409s
  1719  1431 18060.5113  168  419          - 17376.5724      -   755  416s
  1745  1450 18072.7086  174  446          - 17376.5724      -   762  424s
  1772  1471 18081.7669  181  331          - 17376.5724      -   767  432s
  1802  1493 18090.1071  190  469          - 17376.5724      -   774  440s
  1834  1519 18094.6605  198  414          - 17376.5724      -   778  449s
  1871  1543 18131.5414  209  396          - 17376.5724      -   784  458s
  1907  1573 18207.3461  221  404          - 17376.5724      -   792  468s
  1949  1619 18256.5041  234  388          - 17376.5724      -   796  477s
  2009  1649 18627.6420  252  431          - 17376.5724      -   793  487s
  2059  1667 18730.5398  268  337          - 17376.5724      -   795  497s
  2109  1682 17545.2796   31  651          - 17376.5724      -   798  508s
  2141  1707 17738.7579   38  531          - 17376.5724      -   805  520s
  2176  1738 17800.4826   47  525          - 17376.5724      -   813  531s
  2219  1786 17884.7070   56  505          - 17376.5724      -   820  545s
  2285  1840 17916.9576   71  502          - 17376.5724      -   824  559s
  2361  1858 17938.4267   85  477          - 17376.5724      -   831  575s
  2405  1939 17948.8237   94  480          - 17376.5724      -   840  590s
  2500  1985 18088.5192  112  445          - 17376.5724      -   841  606s
  2588  2055 18004.5396  125  494          - 17376.5724      -   843  623s
  2689  2113 18193.3310  139  457          - 17376.5724      -   840  641s
  2809  2126 18478.3065  158  425          - 17376.5724      -   834  658s
  2862  2164 18640.1906  173  408          - 17376.5724      -   846  676s
  2918  2207 18537.0475  189  468          - 17376.5724      -   859  695s
  2979  2256 18561.9497  209  416          - 17376.5724      -   871  714s
  3017  2244 17710.0642   74  540          - 17376.5724      -   876  715s
  3049  2313 18575.9989  228  429          - 17376.5724      -   879  734s
  3089  2300 17812.2721   97  487          - 17376.5724      -   886  735s
  3129  2385 18593.9059  248  509          - 17376.5724      -   890  757s
  3228  2464 18663.1400  284  361          - 17376.5724      -   895  779s
  3340  2536 18699.1248  313  392          - 17376.5724      -   892  801s
  3453  2600 18729.2659  346  366          - 17376.5724      -   892  825s
  3555  2659 19012.3206  372  279          - 17376.5724      -   896  850s
  3648  2728 18812.6394  400  398          - 17376.5724      -   902  876s
  3748  2793 19078.0326  429  362          - 17376.5724      -   910  903s
  3846  2882 18968.8243  459  406          - 17376.5724      -   917  930s
  3971  2978 19234.0410  500  389          - 17376.5724      -   917  959s
  4053  2950 20055.2742  541  342          - 17376.5724      -   912  960s
  4112  3046 20134.3892  550  322          - 17376.5724      -   917  991s
  4255  3117 21231.1891  606  321          - 17376.5724      -   916 1023s
  4372  3258 21112.8173  655  404          - 17376.5724      -   922 1055s
  4517  3391 21187.5990  706  395          - 17376.5724      -   926 1089s
  4609  3391 17876.7548   83  557          - 17376.5724      -   928 1091s
  4652  3546 21213.5263  752  394          - 17376.5724      -   933 1125s
  4809  3763 21263.1907  799  399          - 17376.5724      -   938 1162s
  5022  3763 18280.7412  234  513          - 17376.5724      -   930 1165s
  5034  4110 21810.6072  853  344          - 17376.5724      -   929 1202s
  5387  4492 22022.1200  951  321          - 17376.5724      -   903 1245s
  5682  4492 18844.1028  421  415          - 17376.5724      -   878 1250s
  5811  4707 infeasible 1066               - 17404.8206      -   871 1292s
  6055  5149 17831.5196   62  486          - 17404.8206      -   861 1339s
  6076  5149 17892.5217   70  481          - 17404.8206      -   864 1340s
  6507  5369 18204.9311  107  464          - 17404.8206      -   828 1382s
  6643  5369 18382.5133  212  367          - 17404.8206      -   819 1385s
  6753  5422 infeasible  246               - 17416.4370      -   820 1422s
  6820  5484 18029.9682   40  657          - 17416.4370      -   835 1462s
  6882  5502 18109.7829   50  520          - 17416.4370      -   849 1519s
  6900  5611 18121.8363   56  655          - 17416.4370      -   852 1557s
  7009  5727 18436.0654   72  525          - 17416.4370      -   863 1597s
  7129  5923 18570.8736   98  495          - 17416.4370      -   869 1637s
  7325  6190 19344.6991  146  541          - 17416.4370      -   867 1683s
  7596  6440 19169.1078  177  486          - 17416.4370      -   857 1720s
  7850  6725 19870.6099  258  375          - 17416.4370      -   847 1752s
  8138  6972 20296.8393  334  410          - 17416.4370      -   830 1782s
  8389  7247 20780.5287  399  378          - 17416.4370      -   819 1810s
  8668  7565 21205.9944  475  313          - 17416.4370      -   806 1843s
  8991  7864 21607.9874  566  344          - 17416.4370      -   791 1870s
  9347  8024 22752.7877  658  279          - 17416.4370      -   772 1896s
  9550  8275 25014.9877  760  243          - 17416.4370      -   766 1921s
  9826  8456 27061.6996  940  203          - 17416.4370      -   754 1945s
 10015  8757 27328.7961 1036  164          - 17416.4370      -   747 1972s
 10206  8757 28004.8211 1142  145          - 17416.4370      -   736 1975s
 10320  8770 infeasible 1197               - 17444.7131      -   734 1998s
 10355  8807 17807.7583   35  645          - 17444.7131      -   740 2017s
 10392  8848 17862.2451   44  499          - 17444.7131      -   744 2038s
 10433  8899 18018.4756   52  605          - 17444.7131      -   749 2058s
 10484  8960 18123.8331   61  491          - 17444.7131      -   752 2080s
 10545  9035 18276.7531   78  518          - 17444.7131      -   756 2102s
 10622  9096 18603.6350  102  451          - 17444.7131      -   758 2125s
 10683  9182 18655.9691  119  457          - 17444.7131      -   762 2147s
 10771  9376 18910.5667  165  396          - 17444.7131      -   764 2170s
 10965  9560 19100.8490  305  392          - 17444.7131      -   757 2194s
 11149  9805 19397.0010  403  371          - 17444.7131      -   754 2219s
 11275  9805 19668.5801  499  334          - 17444.7131      -   748 2221s
 11402 10230 19771.6248  549  343          - 17444.7131      -   745 2246s
 11610 10230 20430.8064  688  320          - 17444.7131      -   735 2250s
 11849 10536 21191.1184  692  298          - 17448.6500      -   724 2275s
 12178 10778 17718.7243   39  446          - 17448.6500      -   710 2300s
 12424 10937 17914.9859   55  492          - 17448.6500      -   702 2325s
 12583 10980 17991.6374   68  390          - 17448.6500      -   700 2349s
 12646 11041 18617.6154   88  392          - 17448.6500      -   703 2370s
 12717 11115 18904.2131  118  319          - 17448.6500      -   706 2403s
 12795 11231 19340.5544  155  361          - 17448.6500      -   709 2426s
 12917 11384 19548.9922  224  391          - 17448.6500      -   708 2448s
 13043 11384 18000.8643   61  519          - 17448.6500      -   705 2450s
 13072 11558 19895.8575  328  302          - 17448.6500      -   706 2471s
 13272 11726 20783.0799  443  312          - 17448.6500      -   702 2496s
 13514 11911 22450.8316  514  296          - 17448.6500      -   697 2521s
 13717 12010 22688.5707  640  278          - 17448.6500      -   693 2591s
 13816 12198 22756.9970  683  260          - 17451.4677      -   691 2619s
 13949 12198 23356.3507  772  234          - 17451.4677      -   687 2621s
 14034 12340 17825.1384   33  679          - 17451.4677      -   687 2642s
 14176 12470 17928.1966   43  583          - 17451.4677      -   685 2665s
 14306 12545 18084.1391   50  628          - 17451.4677      -   684 2687s
 14389 12627 18080.2241   57  464          - 17451.4677      -   685 2709s
 14493 12735 18295.7819   76  550          - 17451.4677      -   686 2735s
 14617 12856 18486.0972  104  416          - 17451.4677      -   687 2773s
 14680 12856 18637.5126  144  353          - 17451.4677      -   687 2775s
 14738 13056 18766.5730  165  369          - 17451.4677      -   690 2811s
 14952 13209 20083.9015  294  335          - 17451.4677      -   689 2848s
 15044 13209 20580.2290  349  302          - 17451.4677      -   689 2850s
 15113 13445 20782.1119  374  343          - 17451.4677      -   691 2885s
 15361 13502 infeasible  481               - 17452.6754      -   689 2923s
 15454 13702 17905.0497   37  622          - 17452.6754      -   693 2959s
 15654 13957 17991.8910   51  538          - 17452.6754      -   692 2998s
 15917 14091 18266.0268   82  403          - 17452.6754      -   688 3041s
 16089 14171 18538.9274  106  463          - 17452.6754      -   689 3083s
 16169 14328 18733.6521  142  400          - 17452.6754      -   694 3122s
 16312 14328 17911.0238   45  657          - 17452.6754      -   692 3125s
 16326 14467 19314.7677  255  338          - 17452.6754      -   695 3160s
 16465 14656 20176.1203  341  351          - 17452.6754      -   698 3197s
 16607 14656 20990.9526  390  264          - 17452.6754      -   696 3200s
 16674 14847 22155.5496  410  285          - 17453.4990      -   699 3240s
 16897 14900 17936.0125   34  678          - 17453.4990      -   700 3278s
 16950 14954 18090.8950   42  573          - 17453.4990      -   704 3315s
 17004 15061 18095.7664   45  550          - 17453.4990      -   710 3350s
 17111 15287 18223.4037   61  557          - 17453.4990      -   713 3389s
 17327 15287 19721.6951  295  381          - 17453.4990      -   712 3392s
 17343 15545 18371.0191   70  538          - 17453.4990      -   712 3429s
 17378 15545 20624.4215  304  418          - 17453.4990      -   715 3430s
 17611 15939 18546.0883   86  519          - 17453.4990      -   710 3475s
 18013 16376 18836.0030  106  455          - 17453.4990      -   702 3522s
 18456 16622 19078.6514  136  486          - 17453.4990      -   692 3568s
 18727 16726 19333.8192  178  465          - 17453.4990      -   688 3600s

Cutting planes:
  User: 6027
  Gomory: 82
  Cover: 689
  Implied bound: 71
  Clique: 15
  MIR: 630
  StrongCG: 2
  Flow cover: 1079
  Zero half: 30
  RLT: 551
  Relax-and-lift: 17
  Lazy constraints: 68

Explored 18831 nodes (13010857 simplex iterations) in 3601.95 seconds
Thread count was 2 (of 32 available processors)

Solution count 0

Time limit reached
Best objective -, best bound 1.745349895635e+04, gap -

User-callback calls 285498, time in user-callback 207.53 sec
================================================================================
executing instance: ./input/Instances/Original/6/absH6high_1n20.dat
--------------------------------------------------------------------------------
Instance details
n	21
H	6
C	1651
Li:
[0, 0, 0, 0, 0, 0, 0, 0, 0, 0, 0, 0, 0, 0, 0, 0, 0, 0, 0, 0, 0, ]
Ui:
[0, 36, 182, 182, 90, 261, 117, 30, 110, 42, 276, 153, 40, 94, 144, 46, 129, 213, 264, 160, 174, ]
Distance matrix:
|0	371	401	343	361	341	370	115	392	400	79	266	292	245	355	431	265	194	95	92	348	|
|371	0	37	141	110	250	117	438	67	131	372	305	115	238	247	255	235	296	392	430	185	|
|401	37	0	175	100	284	146	472	90	156	406	342	152	275	280	282	242	333	415	455	178	|
|343	141	175	0	239	110	38	374	95	60	314	182	67	130	106	127	318	201	397	423	303	|
|361	110	100	239	0	341	222	451	177	240	385	374	190	304	341	361	151	345	354	398	78	|
|341	250	284	110	341	0	143	337	203	151	289	102	152	97	15	95	394	156	415	431	398	|
|370	117	146	38	222	143	0	407	61	30	346	220	81	167	137	139	317	237	417	447	292	|
|115	438	472	374	451	337	407	0	443	434	66	241	339	251	351	431	374	181	201	177	450	|
|392	67	90	95	177	203	61	443	0	66	379	275	104	216	197	193	294	283	427	461	252	|
|400	131	156	60	240	151	30	434	66	0	374	237	112	189	142	127	344	261	448	477	312	|
|79	372	406	314	385	289	346	66	379	374	0	202	275	197	304	383	316	134	175	166	388	|
|266	305	342	182	374	102	220	241	275	237	202	0	191	70	117	196	386	73	352	359	415	|
|292	115	152	67	190	152	81	339	104	112	275	191	0	123	154	193	252	183	336	366	246	|
|245	238	275	130	304	97	167	251	216	189	197	70	123	0	110	187	322	72	319	334	346	|
|355	247	280	106	341	15	137	351	197	142	304	117	154	110	0	80	399	171	427	444	400	|
|431	255	282	127	361	95	139	431	193	127	383	196	193	187	80	0	444	251	499	519	429	|
|265	235	242	318	151	394	317	374	294	344	316	386	252	322	399	444	0	332	226	273	97	|
|194	296	333	201	345	156	237	181	283	261	134	73	183	72	171	251	332	0	279	286	375	|
|95	392	415	397	354	415	417	201	427	448	175	352	336	319	427	499	226	279	0	47	321	|
|92	430	455	423	398	431	447	177	461	477	166	359	366	334	444	519	273	286	47	0	368	|
|348	185	178	303	78	398	292	450	252	312	388	415	246	346	400	429	97	375	321	368	0	|

--------------------------------------------------------------------------------
Building model...
	using lazy and cut (CVRPSEP package)
Solving IRP LP...
--------------------------------------------------------------------------------

Gurobi 9.1.0 (linux64) logging started Sun Jan 10 14:16:23 2021

Gurobi Optimizer version 9.1.0 build v9.1.0rc0 (linux64)
Thread count: 32 physical cores, 32 logical processors, using up to 2 threads
Optimize a model with 2253 rows, 7677 columns and 32259 nonzeros
Model fingerprint: 0xab204936
Variable types: 747 continuous, 6930 integer (630 binary)
Coefficient statistics:
  Matrix range     [1e+00, 3e+02]
  Objective range  [1e-01, 5e+02]
  Bounds range     [1e+00, 3e+02]
  RHS range        [1e+01, 3e+03]
Presolve removed 387 rows and 21 columns
Presolve time: 0.07s
Presolved: 1866 rows, 7656 columns, 29599 nonzeros
Variable types: 726 continuous, 6930 integer (6330 binary)

Root relaxation: objective 1.421493e+04, 2333 iterations, 0.09 seconds

    Nodes    |    Current Node    |     Objective Bounds      |     Work
 Expl Unexpl |  Obj  Depth IntInf | Incumbent    BestBd   Gap | It/Node Time

     0     0 14214.9310    0  198          - 14214.9310      -     -    0s
     0     0 14412.9465    0  258          - 14412.9465      -     -    0s
     0     0 14438.9603    0  249          - 14438.9603      -     -    0s
     0     0 14441.0568    0  256          - 14441.0568      -     -    0s
     0     0 14441.1278    0  266          - 14441.1278      -     -    0s
     0     0 14441.1278    0  266          - 14441.1278      -     -    0s
     0     0 14675.9321    0  295          - 14675.9321      -     -    1s
     0     0 14726.3627    0  283          - 14726.3627      -     -    1s
     0     0 14729.2135    0  287          - 14729.2135      -     -    1s
     0     0 14730.7330    0  288          - 14730.7330      -     -    1s
     0     0 14730.7330    0  302          - 14730.7330      -     -    1s
     0     0 14929.0169    0  329          - 14929.0169      -     -    1s
     0     0 14953.6365    0  333          - 14953.6365      -     -    1s
     0     0 14957.2871    0  356          - 14957.2871      -     -    2s
     0     0 14957.5190    0  351          - 14957.5190      -     -    2s
     0     0 15039.4400    0  400          - 15039.4400      -     -    2s
     0     0 15053.6449    0  387          - 15053.6449      -     -    2s
     0     0 15054.9847    0  378          - 15054.9847      -     -    2s
     0     0 15055.3013    0  412          - 15055.3013      -     -    2s
     0     0 15175.1490    0  371          - 15175.1490      -     -    3s
     0     0 15184.1566    0  394          - 15184.1566      -     -    3s
     0     0 15189.6434    0  360          - 15189.6434      -     -    3s
     0     0 15191.8037    0  414          - 15191.8037      -     -    3s
     0     0 15192.6455    0  412          - 15192.6455      -     -    3s
     0     0 15231.3277    0  418          - 15231.3277      -     -    3s
     0     0 15238.7678    0  404          - 15238.7678      -     -    4s
     0     0 15244.9827    0  366          - 15244.9827      -     -    4s
     0     0 15245.1034    0  392          - 15245.1034      -     -    4s
     0     0 15261.6104    0  444          - 15261.6104      -     -    4s
     0     0 15265.4220    0  439          - 15265.4220      -     -    4s
     0     0 15266.2931    0  460          - 15266.2931      -     -    5s
     0     0 15269.5093    0  446          - 15269.5093      -     -    5s
     0     0 15269.5093    0  371          - 15269.5093      -     -    6s
     0     2 15272.6436    0  403          - 15272.6436      -     -    8s
     7    10 15326.2285    3  515          - 15306.2997      -  1314   10s
    41    44 15449.1747   11  484          - 15326.2285      -   835   15s
    68    74 15503.0144   19  449          - 15326.2285      -   864   20s
   111   117 15591.8767   32  387          - 15326.2285      -   753   25s
   165   177 15777.9552   50  347          - 15326.2285      -   694   30s
   215   228 16098.2483   63  318          - 15326.2285      -   639   35s
   283   312 16734.5488   84  300          - 15326.2285      -   584   40s
   409   465 17703.7027  131  237          - 15326.2285      -   474   45s
   591   647 20722.2103  199  181          - 15326.2285      -   371   51s
   715   727 15541.5300    5  504          - 15326.6183      -   334   55s
   895   867 15627.8359   15  523          - 15326.6183      -   299   62s
   897   867 22821.6540  318   94          - 15326.6183      -   302   79s
   924   873 15684.6583   16  509          - 15326.6183      -   303   81s
   940   880 15944.5722   46  457          - 15377.5457      -   306   85s
   957   891 15679.0781   43  454          - 15522.9334      -   301   90s
   969   899 16542.0384   80  559          - 15540.0967      -   297   95s
   975   906 15541.8036   12  505          - 15541.8036      -   334  104s
   977   908 15548.2929   13  540          - 15543.5693      -   335  108s
   979   909 15569.5339   13  511          - 15548.4175      -   337  111s
   983   912 15618.9209   14  491          - 15550.1228      -   343  115s
   992   919 15552.5411   17  559          - 15552.5411      -   356  121s
  1005   926 15678.2497   19  585          - 15552.6198      -   371  125s
  1027   943 15557.8627   25  603          - 15552.6198      -   385  130s
  1045   955 15560.4646   30  658          - 15552.6198      -   399  136s
  1060   967 15563.3927   34  620          - 15552.6198      -   411  140s
  1072   976 15590.0356   37  638          - 15552.6198      -   423  145s
  1097   994 15611.5954   44  687          - 15552.6198      -   439  151s
  1113  1005 15617.3451   47  652          - 15552.6198      -   446  156s
  1131  1020 15633.9244   51  617          - 15552.6198      -   455  161s
  1151  1033 15650.5830   56  579          - 15552.6198      -   465  166s
  1175  1048 15675.8766   61  614          - 15552.6198      -   473  171s
  1197  1064 15753.2599   66  604          - 15552.6198      -   483  177s
  1221  1086 15776.9396   71  636          - 15552.6198      -   492  182s
  1239  1092 15998.1403   74  647          - 15552.6198      -   495  186s
  1251  1102 15795.2598   77  573          - 15552.6198      -   500  190s
  1278  1119 16095.1114   82  609          - 15552.6198      -   513  197s
  1291  1129 15852.4393   85  567          - 15552.6198      -   519  201s
  1305  1143 15854.0350   88  558          - 15552.6198      -   525  205s
  1341  1164 15879.2441   96  610          - 15552.6198      -   537  213s
  1357  1178 15886.2655   99  606          - 15552.6198      -   544  216s
  1376  1189 15911.1654  103  636          - 15552.6198      -   548  221s
  1393  1199 15927.9401  107  637          - 15552.6198      -   555  226s
  1409  1200 15937.5661  110  632          - 15552.6198      -   563  231s
  1415  1218 15939.4113  111  649          - 15552.6198      -   565  236s
  1435  1233 15943.2035  115  642          - 15552.6198      -   573  242s
  1457  1247 15950.9724  119  617          - 15552.6198      -   580  248s
  1478  1264 15956.9129  123  635          - 15552.6198      -   587  253s
  1502  1279 16074.1019  128  572          - 15552.6198      -   593  259s
  1525  1291 15965.2545  132  614          - 15552.6198      -   601  265s
  1545  1310 15978.5866  135  623          - 15552.6198      -   608  272s
  1571  1329 15991.5246  140  612          - 15552.6198      -   614  278s
  1598  1345 16019.3035  146  627          - 15552.6198      -   620  284s
  1623  1369 16045.1483  152  601          - 15552.6198      -   626  292s
  1656  1391 16237.8095  158  500          - 15552.6198      -   635  300s
  1689  1412 16080.4865  165  608          - 15552.6198      -   645  308s
  1721  1434 16089.8764  170  564          - 15552.6198      -   656  317s
  1753  1461 16109.5883  176  582          - 15552.6198      -   669  326s
  1791  1490 16123.4984  183  580          - 15552.6198      -   673  334s
  1833  1526 16136.9992  190  563          - 15552.6198      -   676  343s
  1883  1554 16212.1831  198  592          - 15552.6198      -   676  352s
  1927  1569 16516.8835  205  495          - 15552.6198      -   679  361s
  1957  1611 16287.2612  209  564          - 15552.6198      -   677  370s
  2019  1619 16360.9765  220  521          - 15552.6198      -   673  380s
  2070  1644 16414.0103  232  553          - 15552.6198      -   673  390s
  2112  1674 16478.8505  245  474          - 15552.6198      -   678  400s
  2156  1707 16519.2596  258  517          - 15552.6198      -   682  410s
  2203  1734 16617.6598  271  463          - 15552.6198      -   687  422s
  2246  1772 16684.9889  284  499          - 15552.6198      -   690  433s
  2298  1802 16743.6634  297  487          - 15552.6198      -   694  446s
  2346  1847 16846.4172  308  514          - 15552.6198      -   699  459s
  2407  1890 17273.8421  321  431          - 15552.6198      -   700  471s
  2470  1940 17052.4590  338  461          - 15552.6198      -   700  485s
  2541  1997 17395.1259  356  399          - 15552.6198      -   700  500s
  2622  2053 17223.6056  379  473          - 15552.6198      -   695  514s
  2653  2043 17410.5023  394  476          - 15552.6198      -   694  515s
  2705  2111 17555.7847  401  439          - 15552.6198      -   692  530s
  2790  2164 17435.0901  425  468          - 15552.6198      -   689  546s
  2872  2234 17490.1244  447  451          - 15552.6198      -   687  562s
  2969  2297 17617.6710  476  442          - 15552.6198      -   683  579s
  3029  2277 17277.8030  227  454          - 15552.6198      -   680  580s
  3068  2362 17751.0103  506  422          - 15552.6198      -   679  596s
  3166  2461 17805.5636  534  438          - 15552.6198      -   676  614s
  3197  2451 17951.8978  549  396          - 15552.6198      -   674  615s
  3298  2567 18199.7782  578  347          - 15552.6198      -   668  633s
  3390  2536 18444.5206  624  364          - 15552.6198      -   658  635s
  3448  2665 18697.4829  633  352          - 15552.6198      -   657  653s
  3541  2634 19463.9643  679  321          - 15552.6198      -   647  655s
  3602  2674 infeasible  687               - 15560.6728      -   645  673s
  3690  2733 15812.4086   31  569          - 15560.6728      -   646  693s
  3776  2829 15976.0262   54  594          - 15560.6728      -   649  713s
  3872  2925 16160.6038   79  551          - 15560.6728      -   649  735s
  3992  3060 16345.3952  107  559          - 15560.6728      -   645  758s
  4137  3334 16540.0405  138  531          - 15560.6728      -   639  784s
  4328  3334 18397.6107  483  430          - 15560.6728      -   618  785s
  4443  3460 17010.5565  308  505          - 15560.6728      -   610  814s
  4538  3460 15717.7396   33  542          - 15560.6728      -   604  815s
  4569  3641 17494.8050  388  442          - 15560.6728      -   609  840s
  4770  3841 18311.9813  468  387          - 15563.1666      -   602  867s
  4988  4013 15849.6135   41  618          - 15563.1666      -   593  897s
  5172  4140 16001.8178   54  539          - 15563.1666      -   587  927s
  5280  4140 17480.8771  251  376          - 15563.1666      -   584  930s
  5313  4260 16335.1397  146  530          - 15563.1666      -   589  960s
  5433  4421 16713.0073  207  524          - 15563.1666      -   593  993s
  5594  4622 17343.1512  297  493          - 15563.1666      -   593 1025s
  5795  4836 18185.4967  373  395          - 15563.1666      -   589 1059s
  5825  4836 18290.6305  376  386          - 15563.1666      -   588 1060s
  6019  5360 infeasible  423               - 15563.1666      -   582 1097s
  6231  5360 19922.0006  553  277          - 15563.1666      -   568 1100s
  6507  5360 16867.7030  296  530          - 15563.1666      -   552 1105s
  6549  5811 20342.0228  639  261          - 15569.5339      -   550 1138s
  6716  5811 20834.1691  719  235          - 15569.5339      -   540 1140s
  7042  5969 15823.8275   40  658          - 15569.5339      -   526 1172s
  7222  6072 16086.8979   56  517          - 15569.5339      -   524 1206s
  7325  6199 16374.0895   91  503          - 15569.5339      -   530 1239s
  7389  6199 16603.4547  126  463          - 15569.5339      -   531 1240s
  7452  6587 16895.6499  136  480          - 15569.5339      -   534 1272s
  7840  6795 17389.3925  363  402          - 15571.0532      -   519 1305s
  8078  6976 15899.1177   28  618          - 15571.0532      -   514 1337s
  8259  7153 16149.9490   60  527          - 15571.0532      -   513 1370s
