




arguments: ./build/mirp_solver -f ./input/orig_exec_72.cfg
Current dir: /scratch/gui/bnc_mirp
File verbosity level: 9
date       time         ( uptime  ) [ thread name/id ]                   file:line     v| 
2021-01-09 08:09:30.496 (   0.319s) [main thread     ]             loguru.cpp:789   INFO| Logging to './output/vi_hc3/OU/V5/Original/execution_09_01_2021_08_09_30.log', mode: 'a', verbosity: 9
--------------------------------------------------------------------------------
Parameters
                           instance_path           ./input/Instances/Original/2/
                            model_policy                                       1
                             nb_vehicles                                       5
                              output_dir         ./output/vi_hc3/OU/V5/Original/
                            sec_strategy                                       1
                       solver_nb_threads                                       2
                         solver_show_log                                    true
                       solver_time_limit                                    3600
                              use_vi_cos                                   false
                              use_vi_cus                                   false
                         use_vi_hc1_full                                   false
                         use_vi_hc1_half                                   false
                      use_vi_hc1_quarter                                   false
                              use_vi_hc2                                   false
                              use_vi_hc3                                    true
                         use_vi_lex_full                                   false
                         use_vi_lex_half                                   false
                      use_vi_lex_quarter                                   false
                              use_vi_qua                                   false
                               use_vi_vc                                   false
                               use_vi_vr                                   false
--------------------------------------------------------------------------------
executing instance: ./input/Instances/Original/2/absH3high_3n40.dat
--------------------------------------------------------------------------------
Instance details
n	41
H	3
C	3283
Li:
[0, 0, 0, 0, 0, 0, 0, 0, 0, 0, 0, 0, 0, 0, 0, 0, 0, 0, 0, 0, 0, 0, 0, 0, 0, 0, 0, 0, 0, 0, 0, 0, 0, 0, 0, 0, 0, 0, 0, 0, 0, ]
Ui:
[0, 63, 111, 99, 96, 111, 282, 122, 156, 261, 42, 192, 126, 42, 162, 207, 159, 122, 102, 190, 118, 102, 132, 102, 165, 252, 66, 52, 22, 114, 210, 176, 116, 294, 78, 152, 210, 45, 130, 198, 174, ]
Distance matrix:
|0	208	225	252	227	143	258	127	267	150	28	83	163	286	57	149	201	137	214	255	70	73	107	186	328	266	249	343	222	177	293	144	262	215	167	120	169	218	143	173	255	|
|208	0	397	355	416	198	216	99	211	275	193	172	97	166	240	225	362	109	277	314	182	216	273	374	298	208	319	161	14	103	93	120	58	196	152	156	372	227	260	218	453	|
|225	397	0	427	53	364	482	343	492	129	253	225	382	386	171	188	39	291	187	195	295	182	282	55	326	491	180	551	408	315	457	366	455	275	392	244	221	439	341	214	101	|
|252	355	427	0	401	158	201	263	219	396	234	328	259	498	299	400	420	354	465	506	205	324	152	374	574	219	499	393	366	389	446	235	378	456	205	359	224	150	111	423	400	|
|227	416	53	401	0	357	477	352	489	165	253	245	389	424	179	223	85	315	234	245	293	200	264	42	375	488	231	565	428	344	484	370	474	314	392	270	184	430	325	252	50	|
|143	198	364	158	357	0	121	105	134	290	116	196	103	342	200	276	343	205	343	385	74	210	112	319	432	133	382	265	209	237	290	78	226	313	57	220	232	75	69	292	375	|
|258	216	482	201	477	121	0	168	18	397	230	293	135	381	314	372	459	275	437	480	188	317	228	439	501	18	479	197	222	296	290	132	212	386	95	306	347	58	173	381	496	|
|127	99	343	263	352	105	168	0	171	239	105	130	40	237	173	206	313	109	270	312	84	164	175	310	337	169	313	216	112	135	192	37	142	220	77	138	280	155	162	213	382	|
|267	211	492	219	489	134	18	171	0	404	240	298	136	376	323	376	468	276	441	483	198	324	243	450	500	2	483	181	215	294	281	136	202	386	102	309	363	75	189	384	509	|
|150	275	129	396	165	290	397	239	404	0	175	110	279	259	97	59	91	166	84	116	217	80	245	130	226	402	106	434	286	187	329	269	333	149	302	119	244	364	291	87	213	|
|28	193	253	234	253	116	230	105	240	175	0	94	139	286	84	167	229	136	234	275	43	96	98	212	341	238	271	320	206	175	281	118	244	225	140	128	180	191	124	189	280	|
|83	172	225	328	245	196	293	130	298	110	94	0	169	209	77	80	191	71	147	189	127	45	189	203	247	296	187	327	184	106	241	162	230	132	198	38	242	266	217	96	285	|
|163	97	382	259	389	103	135	40	136	279	139	169	0	253	212	244	353	141	307	349	110	203	194	347	366	133	350	183	107	161	187	27	124	251	56	175	306	133	169	249	418	|
|286	166	386	498	424	342	381	237	376	259	286	209	253	0	284	201	347	151	210	230	299	247	383	387	155	374	242	290	162	112	129	270	192	113	308	172	451	386	391	172	471	|
|57	240	171	299	179	200	314	173	323	97	84	77	212	284	0	112	145	147	170	208	127	38	148	137	299	321	201	386	253	183	315	195	297	195	222	112	171	275	195	142	214	|
|149	225	188	400	223	276	372	206	376	59	167	80	244	201	112	0	149	117	67	110	205	78	254	186	187	374	108	387	235	132	272	240	283	93	277	71	279	346	291	32	270	|
|201	362	39	420	85	343	459	313	468	91	229	191	353	347	145	149	0	254	149	160	272	150	271	66	290	466	146	518	373	278	419	339	420	235	367	207	227	418	327	175	135	|
|137	109	291	354	315	205	275	109	276	166	136	71	141	151	147	117	254	0	172	212	151	116	232	273	229	274	215	270	119	39	170	145	167	111	186	47	305	263	245	113	356	|
|214	277	187	465	234	343	437	270	441	84	234	147	307	210	170	67	149	172	0	42	272	141	317	205	144	439	43	437	284	175	307	305	331	99	343	132	327	413	357	60	283	|
|255	314	195	506	245	385	480	312	483	116	275	189	349	230	208	110	160	212	42	0	314	182	356	222	132	481	15	474	321	212	337	347	367	126	385	174	358	455	398	100	295	|
|70	182	295	205	293	74	188	84	198	217	43	127	110	299	127	205	272	151	272	314	0	137	91	253	370	196	310	292	195	188	274	85	226	252	99	155	197	148	94	223	316	|
|73	216	182	324	200	210	317	164	324	80	96	45	203	247	38	78	150	116	141	182	137	0	176	158	263	323	176	369	229	150	286	191	274	157	223	77	208	284	216	106	239	|
|107	273	282	152	264	112	228	175	243	245	98	189	194	383	148	254	271	232	317	356	91	176	0	231	435	242	349	371	286	271	365	167	315	321	164	224	120	174	61	280	274	|
|186	374	55	374	42	319	439	310	450	130	212	203	347	387	137	186	66	273	205	222	253	158	231	0	348	448	208	523	386	303	442	329	431	279	352	229	167	392	291	217	85	|
|328	298	326	574	375	432	501	337	500	226	341	247	366	155	299	187	290	229	144	132	370	263	435	348	0	498	147	441	299	206	283	374	338	119	414	215	465	492	463	157	425	|
|266	208	491	219	488	133	18	169	2	402	238	296	133	374	321	374	466	274	439	481	196	323	242	448	498	0	481	180	213	292	278	134	200	384	100	307	362	75	188	381	508	|
|249	319	180	499	231	382	479	313	483	106	271	187	350	242	201	108	146	215	43	15	310	176	349	208	147	481	0	480	326	217	346	347	373	135	385	175	347	454	392	103	280	|
|343	161	551	393	565	265	197	216	181	434	320	327	183	290	386	387	518	270	437	474	292	369	371	523	441	180	480	0	153	263	163	207	107	352	208	317	487	244	334	379	598	|
|222	14	408	366	428	209	222	112	215	286	206	184	107	162	253	235	373	119	284	321	195	229	286	386	299	213	326	153	0	109	81	132	48	201	162	167	386	236	272	226	466	|
|177	103	315	389	344	237	296	135	294	187	175	106	161	112	183	132	278	39	175	212	188	150	271	303	206	292	217	263	109	0	142	171	156	95	211	74	344	289	281	118	386	|
|293	93	457	446	484	290	290	192	281	329	281	241	187	129	315	272	419	170	307	337	274	286	365	442	283	278	346	163	81	142	0	212	79	211	241	214	461	311	353	254	525	|
|144	120	366	235	370	78	132	37	136	269	118	162	27	270	195	240	339	145	305	347	85	191	167	329	374	134	347	207	132	171	212	0	151	257	40	174	280	119	142	248	398	|
|262	58	455	378	474	226	212	142	202	333	244	230	124	192	297	283	420	167	331	367	226	274	315	431	338	200	373	107	48	156	79	151	0	245	173	214	421	237	293	273	510	|
|215	196	275	456	314	313	386	220	386	149	225	132	251	113	195	93	235	111	99	126	252	157	321	279	119	384	135	352	201	95	211	257	245	0	297	97	365	374	345	62	362	|
|167	152	392	205	392	57	95	77	102	302	140	198	56	308	222	277	367	186	343	385	99	223	164	352	414	100	385	208	162	211	241	40	173	297	0	213	283	79	126	287	415	|
|120	156	244	359	270	220	306	138	309	119	128	38	175	172	112	71	207	47	132	174	155	77	224	229	215	307	175	317	167	74	214	174	214	97	213	0	280	286	248	75	313	|
|169	372	221	224	184	232	347	280	363	244	180	242	306	451	171	279	227	305	327	358	197	208	120	167	465	362	347	487	386	344	461	280	421	365	283	280	0	291	175	310	176	|
|218	227	439	150	430	75	58	155	75	364	191	266	133	386	275	346	418	263	413	455	148	284	174	392	492	75	454	244	236	289	311	119	237	374	79	286	291	0	116	359	445	|
|143	260	341	111	325	69	173	162	189	291	124	217	169	391	195	291	327	245	357	398	94	216	61	291	463	188	392	334	272	281	353	142	293	345	126	248	175	116	0	313	335	|
|173	218	214	423	252	292	381	213	384	87	189	96	249	172	142	32	175	113	60	100	223	106	280	217	157	381	103	379	226	118	254	248	273	62	287	75	310	359	313	0	300	|
|255	453	101	400	50	375	496	382	509	213	280	285	418	471	214	270	135	356	283	295	316	239	274	85	425	508	280	598	466	386	525	398	510	362	415	313	176	445	335	300	0	|

--------------------------------------------------------------------------------
Building model...
	using lazy and cut (CVRPSEP package)
Solving IRP LP...
--------------------------------------------------------------------------------

Gurobi 9.1.0 (linux64) logging started Sat Jan  9 08:09:30 2021

Gurobi Optimizer version 9.1.0 build v9.1.0rc0 (linux64)
Thread count: 32 physical cores, 32 logical processors, using up to 2 threads
Optimize a model with 2237 rows, 13679 columns and 56240 nonzeros
Model fingerprint: 0x4b994040
Variable types: 764 continuous, 12915 integer (615 binary)
Coefficient statistics:
  Matrix range     [1e+00, 7e+02]
  Objective range  [1e-01, 6e+02]
  Bounds range     [1e+00, 3e+02]
  RHS range        [1e+01, 6e+03]
Presolve removed 404 rows and 41 columns
Presolve time: 0.13s
Presolved: 1833 rows, 13638 columns, 52329 nonzeros
Variable types: 723 continuous, 12915 integer (12315 binary)

Root relaxation: objective 1.243440e+04, 1722 iterations, 0.10 seconds

    Nodes    |    Current Node    |     Objective Bounds      |     Work
 Expl Unexpl |  Obj  Depth IntInf | Incumbent    BestBd   Gap | It/Node Time

     0     0 12434.4040    0  139          - 12434.4040      -     -    0s
     0     0 12914.0939    0  185          - 12914.0939      -     -    1s
     0     0 12925.3278    0  190          - 12925.3278      -     -    1s
     0     0 12925.3790    0  191          - 12925.3790      -     -    1s
     0     0 13460.4401    0  155          - 13460.4401      -     -    1s
     0     0 13535.0488    0  163          - 13535.0488      -     -    1s
     0     0 13535.0488    0  162          - 13535.0488      -     -    1s
     0     0 13633.5667    0  209          - 13633.5667      -     -    2s
     0     0 13660.0010    0  232          - 13660.0010      -     -    2s
     0     0 13660.0263    0  241          - 13660.0263      -     -    2s
     0     0 13718.4058    0  188          - 13718.4058      -     -    2s
     0     0 13718.7184    0  195          - 13718.7184      -     -    3s
     0     0 13769.7345    0  262          - 13769.7345      -     -    3s
     0     0 13776.1587    0  233          - 13776.1587      -     -    4s
     0     0 13787.4783    0  246          - 13787.4783      -     -    4s
     0     0 13789.9100    0  271          - 13789.9100      -     -    4s
     0     0 13802.0471    0  293          - 13802.0471      -     -    4s
     0     0 13802.4611    0  297          - 13802.4611      -     -    4s
     0     0 13859.3216    0  289          - 13859.3216      -     -    5s
     0     0 13880.4640    0  342          - 13880.4640      -     -    5s
     0     0 13885.4596    0  263          - 13885.4596      -     -    5s
     0     0 13886.2140    0  297          - 13886.2140      -     -    5s
     0     0 13927.6784    0  353          - 13927.6784      -     -    6s
     0     0 13951.1857    0  390          - 13951.1857      -     -    6s
     0     0 13954.0824    0  423          - 13954.0824      -     -    7s
     0     0 13954.3008    0  387          - 13954.3008      -     -    7s
     0     0 13963.2614    0  424          - 13963.2614      -     -    7s
     0     0 13969.3766    0  331          - 13969.3766      -     -    8s
     0     0 13970.2813    0  360          - 13970.2813      -     -    9s
     0     0 13982.5214    0  378          - 13982.5214      -     -    9s
     0     0 13984.2048    0  404          - 13984.2048      -     -    9s
     0     0 13985.0479    0  370          - 13985.0479      -     -    9s
     0     0 13988.1233    0  401          - 13988.1233      -     -   10s
     0     0 13988.1233    0  298          - 13988.1233      -     -   10s
     0     2 13989.4664    0  287          - 13989.4664      -     -   13s
     7    10 14009.1789    3  332          - 13990.0041      -   781   15s
    27    31 14039.4088    8  490          - 14006.7891      -   974   20s
    60    66 14058.5697   16  389          - 14006.7891      -   744   25s
    94    99 14106.3002   26  280          - 14006.7891      -   676   30s
   123   134 14150.3635   33  281          - 14006.7891      -   658   35s
   180   194 14322.5268   45  192          - 14006.7891      -   555   41s
   247   277 14492.7798   62  181          - 14006.7891      -   478   45s
   362   390 15932.4223  134   76          - 14006.7891      -   369   50s
   458   503 14952.0643   87  152          - 14006.7891      -   317   55s
   656   724 15370.8361  111  117          - 14006.7891      -   242   60s
*  832   791             367    21601.610000 14006.7891  35.2%   202   62s
*  833   791             367    21578.160000 14006.7891  35.1%   202   62s
   839   821 16105.3078  148   34 21578.1600 14006.7891  35.1%   203   66s
   893   852 16527.3820  183   36 21578.1600 14006.7891  35.1%   199   72s
   898   879 16523.8795  185   30 21578.1600 14006.7891  35.1%   201   75s
   953   934 16990.7336  222   32 21578.1600 14006.7891  35.1%   196   82s
   982   960 17299.9631  238   39 21578.1600 14006.7891  35.1%   195   85s
  1037  1086 17726.6210  274   25 21578.1600 14006.7891  35.1%   189   90s
  1219  1158 19743.2583  390   18 21578.1600 14006.7891  35.1%   165  107s
  1221  1189 19693.8768  390   30 21578.1600 14006.7954  35.1%   165  110s
  1279  1207 17333.6253  212  298 21578.1600 14006.7954  35.1%   165  117s
H 1280  1147                    19408.340000 14006.7954  27.8%   165  118s
  1282  1148 17796.0142  246  208 19408.3400 14006.7954  27.8%   164  121s
  1290  1153 17148.3180  199  446 19408.3400 14023.6553  27.7%   163  125s
  1301  1161 19341.2673  295  549 19408.3400 14047.9183  27.6%   162  130s
  1307  1165 19408.3400  350  492 19408.3400 14068.8049  27.5%   161  135s
H 1307  1106                    17888.870000 14078.9877  21.3%   161  137s
  1315  1111 17888.8700  340  472 17888.8700 14081.8946  21.3%   160  140s
  1323  1116 17888.8700  335  487 17888.8700 14088.1479  21.2%   159  145s
  1330  1121 17489.8062  267  395 17888.8700 14091.0370  21.2%   158  150s
  1335  1124 17888.8700  298  414 17888.8700 14091.7805  21.2%   158  155s
H 1340  1072                    17714.230000 14094.1031  20.4%   181  158s
  1342  1073 17714.2300  299  228 17714.2300 14094.1031  20.4%   180  162s
  1347  1076 17714.2300  241  343 17714.2300 14094.1031  20.4%   180  165s
  1356  1082 14474.4116   35  435 17714.2300 14101.2370  20.4%   179  170s
H 1362  1031                    17554.590000 14113.9859  19.6%   178  174s
  1365  1033 14706.0397   62  550 17554.5900 14114.1607  19.6%   177  175s
  1374  1039 14721.9833   56  568 17554.5900 14126.6280  19.5%   176  181s
  1382  1045 17554.5900  246  311 17554.5900 14134.7295  19.5%   175  185s
  1389  1049 17554.5900  344  528 17554.5900 14137.7798  19.5%   174  190s
  1397  1055 17415.8155  262  514 17554.5900 14139.8562  19.5%   173  195s
  1403  1059 17554.5900  380  675 17554.5900 14139.9825  19.5%   173  200s
  1406  1061 16339.5155  154  648 17554.5900 14140.0308  19.5%   172  205s
  1415  1070 14165.3334   28  489 17554.5900 14141.3924  19.4%   195  210s
  1424  1076 14220.5405   31  481 17554.5900 14145.8965  19.4%   205  216s
  1432  1081 14165.6795   33  536 17554.5900 14158.6589  19.3%   209  220s
  1440  1086 14181.0906   35  559 17554.5900 14158.6589  19.3%   215  225s
  1453  1096 14186.0870   38  492 17554.5900 14158.6589  19.3%   221  230s
H 1461  1046                    17245.370000 14158.6589  17.9%   227  233s
  1463  1048 14187.5355   41  507 17245.3700 14158.6589  17.9%   228  243s
  1468  1052 14196.2139   42  448 17245.3700 14158.6589  17.9%   230  245s
  1484  1067 14215.2005   46  420 17245.3700 14158.6589  17.9%   238  250s
  1503  1080 14210.9629   51  577 17245.3700 14158.6589  17.9%   244  255s
  1521  1088 14470.0487   53  404 17245.3700 14158.6589  17.9%   250  260s
  1541  1106 14221.9552   61  530 17245.3700 14158.6589  17.9%   259  266s
  1558  1114 14226.7851   65  519 17245.3700 14158.6589  17.9%   263  271s
  1570  1124 14302.3603   68  449 17245.3700 14158.6589  17.9%   268  276s
  1590  1135 14247.6408   73  525 17245.3700 14158.6589  17.9%   273  282s
  1595  1147 14249.6180   75  530 17245.3700 14158.6589  17.9%   273  285s
  1624  1167 14259.3474   82  492 17245.3700 14158.6589  17.9%   277  291s
  1638  1169 14351.6034   85  384 17245.3700 14158.6589  17.9%   281  304s
  1645  1179 14266.9173   86  558 17245.3700 14158.6589  17.9%   282  306s
  1671  1192 14288.4357   92  500 17245.3700 14158.6589  17.9%   289  314s
  1679  1207 14290.3476   93  506 17245.3700 14158.6589  17.9%   291  317s
  1696  1214 14294.3875   97  505 17245.3700 14158.6589  17.9%   294  321s
  1709  1232 14308.0567  101  499 17245.3700 14158.6589  17.9%   297  325s
  1731  1240 14327.6249  106  479 17245.3700 14158.6589  17.9%   300  330s
  1747  1256 14330.7148  109  508 17245.3700 14158.6589  17.9%   301  335s
  1768  1262 14442.7425  113  410 17245.3700 14158.6589  17.9%   304  340s
  1798  1281 14416.2385  118  469 17245.3700 14158.6589  17.9%   307  351s
  1810  1300 14367.4943  124  460 17245.3700 14158.6589  17.9%   308  357s
  1833  1325 14380.2722  129  403 17245.3700 14158.6589  17.9%   310  365s
  1866  1349 14459.1215  136  401 17245.3700 14158.6589  17.9%   313  370s
  1901  1363 14412.5058  144  379 17245.3700 14158.6589  17.9%   316  379s
  1926  1391 14465.5433  149  330 17245.3700 14158.6589  17.9%   317  384s
  1941  1386 14748.2692  163  302 17245.3700 14158.6589  17.9%   319  385s
  1963  1381 14433.2930  157  419 17245.3700 14158.6589  17.9%   319  398s
  1965  1396 14632.5090  157  280 17245.3700 14158.6589  17.9%   320  406s
  1981  1425 14464.3812  160  417 17245.3700 14158.6589  17.9%   321  414s
  2015  1454 14476.0620  167  403 17245.3700 14158.6589  17.9%   324  420s
  2055  1482 14490.2872  175  402 17245.3700 14158.6589  17.9%   327  427s
  2097  1508 14579.3931  183  401 17245.3700 14158.6589  17.9%   331  434s
  2137  1501 14560.8285  190  434 17245.3700 14158.6589  17.9%   334  442s
  2143  1541 14719.5427  192  351 17245.3700 14158.6589  17.9%   335  449s
  2158  1536 15009.3509  228  254 17245.3700 14158.6589  17.9%   338  450s
  2185  1569 14569.4369  200  433 17245.3700 14158.6589  17.9%   339  457s
  2227  1604 14594.7991  208  399 17245.3700 14158.6589  17.9%   343  465s
  2276  1638 14777.7722  217  351 17245.3700 14158.6589  17.9%   346  474s
  2326  1668 14915.8053  227  307 17245.3700 14158.6589  17.9%   350  483s
  2373  1710 14737.4177  237  335 17245.3700 14158.6589  17.9%   353  492s
  2431  1737 14761.0171  248  353 17245.3700 14158.6589  17.9%   357  502s
  2477  1768 14800.6347  257  400 17245.3700 14158.6589  17.9%   359  511s
  2523  1828 14872.4157  270  327 17245.3700 14158.6589  17.9%   360  521s
  2599  1934 14944.0301  283  324 17245.3700 14158.6589  17.9%   361  532s
  2732  2061 15018.1557  297  291 17245.3700 14158.6589  17.9%   354  545s
  2935  2046 15306.5216  332  190 17245.3700 14158.6589  17.9%   338  558s
  2999  2071 15604.4776  357  149 17245.3700 14158.6589  17.9%   336  569s
  3028  2061 16052.0709  371   94 17245.3700 14158.6589  17.9%   334  570s
  3047  2156 15962.3727  377  140 17245.3700 14158.6589  17.9%   335  580s
  3148  2150 16514.9421  421  122 17245.3700 14158.6589  17.9%   333  597s
  3176  2275 16824.1823  428   95 17245.3700 14165.3466  17.9%   334  608s
  3254  2249 16863.2918  467   83 17245.3700 14165.3466  17.9%   329  610s
  3359  2251 14320.4650   30  551 17245.3700 14165.3466  17.9%   325  621s
  3396  2279 14404.3057   36  505 17245.3700 14165.3466  17.9%   329  631s
  3437  2303 14459.2900   45  446 17245.3700 14165.3466  17.9%   332  644s
  3474  2347 14525.8140   52  313 17245.3700 14165.3466  17.9%   334  656s
  3531  2405 14598.3429   59  353 17245.3700 14165.3466  17.9%   336  668s
  3608  2424 14711.5361   72  314 17245.3700 14165.3466  17.9%   337  682s
  3652  2626 14824.1253   71  241 17245.3700 14165.3466  17.9%   335  698s
  3871  2632 14883.6242   81  230 17245.3700 14165.3466  17.9%   325  717s
  3968  2610 15231.8770  106  170 17245.3700 14165.3466  17.9%   324  736s
  3978  2739 15208.0453  106  155 17245.3700 14165.3466  17.9%   326  750s
  4111  2862 15606.5768  155   92 17245.3700 14169.6554  17.8%   323  767s
  4284  2816 16946.2500  204    2 17245.3700 14169.6554  17.8%   314  770s
  4336  2857 14402.0672   33  427 17245.3700 14169.6554  17.8%   315  784s
  4383  2864 14424.9570   46  344 17245.3700 14169.6554  17.8%   317  801s
  4406  2962 14433.3245   45  361 17245.3700 14169.6554  17.8%   318  816s
  4511  3094 14542.6036   54  355 17245.3700 14169.6554  17.8%   318  834s
  4650  3347 14667.6202   69  298 17245.3700 14169.6554  17.8%   317  854s
  4733  3347 15701.4430  161  142 17245.3700 14169.6554  17.8%   317  856s
  4906  3561 14853.9067   84  239 17245.3700 14169.6554  17.8%   310  876s
  5133  3562 17040.6373  258   13 17245.3700 14169.6554  17.8%   300  880s
  5153  3606 14969.2093  103  256 17245.3700 14169.6554  17.8%   300  920s
  5198  3614 15099.4170  117  240 17245.3700 14169.6554  17.8%   302  938s
  5206  3769 15235.1686  117  160 17245.3700 14169.6554  17.8%   303  955s
  5361  3956 15368.0782  154  209 17245.3700 14169.6554  17.8%   301  976s
  5559  4212 15837.5177  193  121 17245.3700 14169.6554  17.8%   298  997s
  5747  4212 16603.3717  254   53 17245.3700 14169.6554  17.8%   292 1000s
  5860  4276 16686.0839  257   61 17245.3700 14187.9920  17.7%   291 1019s
  5958  4333 14254.7244   31  531 17245.3700 14187.9920  17.7%   291 1037s
  6015  4497 14368.3670   40  572 17245.3700 14187.9920  17.7%   293 1059s
  6045  4497 15809.9311  120  276 17245.3700 14187.9920  17.7%   295 1060s
  6209  4538 14488.5480   47  541 17245.3700 14187.9920  17.7%   290 1079s
  6247  4538 14746.9465   53  320 17245.3700 14187.9920  17.7%   293 1080s
  6250  4644 14715.4840   50  461 17245.3700 14187.9920  17.7%   293 1099s
  6356  4709 14754.2104   58  443 17245.3700 14187.9920  17.7%   294 1120s
  6439  4774 14860.4776   68  467 17245.3700 14187.9920  17.7%   296 1140s
  6504  4873 14956.1821   81  396 17245.3700 14187.9920  17.7%   298 1162s
  6603  5069 15203.7930   92  366 17245.3700 14187.9920  17.7%   300 1187s
  6852  5131 15414.9516  108  261 17245.3700 14187.9920  17.7%   295 1209s
  6881  5131 15475.1247  120  297 17245.3700 14187.9920  17.7%   296 1210s
  6915  5286 15566.2739  122  288 17245.3700 14187.9920  17.7%   297 1231s
  7072  5429 15846.1204  147  217 17245.3700 14187.9920  17.7%   296 1253s
  7177  5429 16833.7136  143  144 17245.3700 14187.9920  17.7%   295 1255s
  7237  5765 16386.9193  182  162 17245.3700 14187.9920  17.7%   296 1283s
  7316  5765 16861.3289  194   95 17245.3700 14187.9920  17.7%   296 1285s
  7631  5835     cutoff  242      17245.3700 14198.5863  17.7%   289 1312s
  7709  6067 14792.7000   59  368 17245.3700 14198.6796  17.7%   292 1341s
  7983  6102 14366.3541   42  579 17245.3700 14198.9251  17.7%   288 1367s
  8018  6152 14347.8635   49  560 17245.3700 14198.9251  17.7%   292 1391s
  8068  6258 14485.3624   60  433 17245.3700 14198.9251  17.7%   295 1418s
  8178  6438 14592.5125   73  409 17245.3700 14198.9251  17.7%   296 1447s
  8384  6654 15093.4487   92  176 17245.3700 14198.9251  17.7%   296 1478s
  8553  6654 15655.8935  177   91 17245.3700 14198.9251  17.7%   294 1480s
  8633  6806 15986.7626  183  106 17245.3700 14201.0712  17.7%   294 1506s
  8820  6875     cutoff  249      17245.3700 14213.6237  17.6%   292 1534s
  8843  6875 14601.6603   57  491 17245.3700 14213.6237  17.6%   293 1535s
  8886  7078 14711.9086   60  422 17245.3700 14213.6237  17.6%   294 1563s
  9092  7325 15784.5140  131  231 17245.3700 14213.6710  17.6%   293 1593s
  9428  7480 14722.8431   59  484 17245.3700 14213.9178  17.6%   288 1625s
  9599  7573 14411.4437   47  602 17245.3700 14214.5404  17.6%   288 1654s
  9665  7573 infeasible  191      17245.3700 14214.5404  17.6%   288 1655s
  9695  7841 15493.5478  112  106 17245.3700 14214.9197  17.6%   290 1686s
 10020  8021 15266.3190   60  215 17245.3700 14215.2194  17.6%   285 1718s
 10184  8021     cutoff  214      17245.3700 14215.2912  17.6%   283 1720s
 10216  8193 14433.0413   56  490 17245.3700 14215.2912  17.6%   284 1748s
 10419  8377 15279.8932   97  237 17245.3700 14215.7705  17.6%   282 1780s
 10615  8532     cutoff  225      17245.3700 14216.2614  17.6%   282 1811s
 10802  8628 15503.8699   78  204 17245.3700 14216.5912  17.6%   281 1839s
 10901  8628     cutoff  199      17245.3700 14220.5405  17.5%   281 1840s
 10919  8685 14581.0854   49  496 17245.3700 14220.5405  17.5%   282 1865s
 10978  8715 14912.5959   59  361 17245.3700 14220.5405  17.5%   284 1893s
 11008  9043 15225.1851   65  307 17245.3700 14220.5425  17.5%   285 1928s
 11127  9043 16628.7186  116    4 17245.3700 14220.5425  17.5%   284 1930s
 11393  9147     cutoff  130      17245.3700 14224.1993  17.5%   281 1959s
 11510  9282     cutoff  132      17245.3700 14228.7175  17.5%   282 1988s
 11640  9286 14597.3496   52  455 17245.3700 14233.9765  17.5%   282 1990s
 11660  9443 15556.3613  105   85 17245.3700 14233.9903  17.5%   282 2022s
 11877  9551     cutoff  203      17245.3700 14237.6758  17.4%   280 2053s
 11960  9555 16612.8200  153    - 17245.3700 14243.1647  17.4%   280 2055s
 12009  9684 14955.8959   80  427 17245.3700 14243.2600  17.4%   281 2086s
 12160  9786 infeasible  187      17245.3700 14248.3913  17.4%   281 2115s
 12294  9879     cutoff  193      17245.3700 14251.1990  17.4%   281 2144s
 12420  9931 14583.3112   45  384 17245.3700 14251.2076  17.4%   282 2174s
 12469 10076 14737.4431   53  260 17245.3700 14251.2076  17.4%   284 2204s
 12497 10076 14892.9808   63  155 17245.3700 14251.2076  17.4%   285 2205s
 12616 10294 15175.9918  108   32 17245.3700 14252.1553  17.4%   285 2238s
 12843 10327 17104.5031  187    4 17245.3700 14252.1553  17.4%   281 2240s
 12954 10568     cutoff  189      17245.3700 14253.8145  17.3%   281 2276s
 13279 10780 14823.0081   78  309 17245.3700 14254.0004  17.3%   278 2309s
 13377 10780 15973.9342  176   36 17245.3700 14254.0004  17.3%   277 2310s
 13511 10925     cutoff  220      17245.3700 14255.3013  17.3%   277 2343s
 13635 10930 16338.0800  154    - 17245.3700 14255.8660  17.3%   277 2345s
 13700 11081 14900.5030   57  286 17245.3700 14257.6534  17.3%   276 2373s
 13861 11086 14660.4452   63  463 17245.3700 14257.6880  17.3%   276 2375s
 13884 11258     cutoff  172      17245.3700 14257.8797  17.3%   276 2406s
 14091 11286 14664.8978   66  301 17245.3700 14257.9780  17.3%   275 2444s
 14113 11288 14760.7727   71  351 17245.3700 14257.9780  17.3%   276 2489s
 14115 11362 14707.6200   71  264 17245.3700 14257.9780  17.3%   276 2516s
 14189 11562 14969.6606   94  172 17245.3700 14257.9780  17.3%   278 2548s
 14413 11751 15566.3876  141  116 17245.3700 14259.0078  17.3%   278 2580s
 14624 11912 16800.3575  174    8 17245.3700 14259.5756  17.3%   277 2612s
 14811 11998     cutoff  188      17245.3700 14261.3741  17.3%   276 2643s
 14897 12276 15364.4705   75  206 17245.3700 14262.0598  17.3%   278 2676s
 15207 12413     cutoff  174      17245.3700 14262.5534  17.3%   276 2711s
 15401 12478 14403.9760   49  536 17245.3700 14262.6652  17.3%   276 2740s
 15455 12578 14616.7963   59  372 17245.3700 14262.6652  17.3%   278 2769s
 15496 12578 14817.7096   80  186 17245.3700 14262.6652  17.3%   278 2770s
 15557 12914 14959.2153   87  192 17245.3700 14262.6652  17.3%   279 2807s
 15944 13052 16906.8262  177   29 17245.3700 14262.8498  17.3%   276 2844s
 16007 13052 15400.2576  118  136 17245.3700 14262.8498  17.3%   276 2845s
 16141 13304 17176.1859  204   16 17245.3700 14263.3330  17.3%   275 2877s
 16430 13320 14720.8713   54  293 17245.3700 14263.6286  17.3%   274 2880s
 16438 13373     cutoff  210      17245.3700 14263.8316  17.3%   274 2908s
 16505 13515 15184.6674   60  359 17245.3700 14264.5061  17.3%   275 2938s
 16647 13515 15286.4221   97  171 17245.3700 14264.5061  17.3%   276 2940s
 16655 13635 17166.5245  160  105 17245.3700 14265.3297  17.3%   275 2971s
 16827 13854 14979.4304   92  330 17245.3700 14266.1716  17.3%   275 3006s
 17080 13925 17177.9638  214   69 17245.3700 14266.8651  17.3%   274 3035s
 17182 14086 14934.2462   88  434 17245.3700 14267.3696  17.3%   275 3068s
 17296 14086 17096.3654  202   43 17245.3700 14267.3696  17.3%   274 3070s
 17362 14211     cutoff  219      17245.3700 14268.1789  17.3%   275 3102s
 17519 14269 14514.2247   52  503 17245.3700 14268.2156  17.3%   275 3132s
 17576 14419 14620.8390   63  387 17245.3700 14268.2156  17.3%   276 3165s
 17758 14457 14833.7153   75  429 17245.3700 14268.2156  17.3%   276 3198s
 17797 14609 14989.5567   86  314 17245.3700 14268.2156  17.3%   278 3229s
 17881 14609 15473.7915  128  174 17245.3700 14268.2156  17.3%   278 3230s
 17949 14755 15562.5178  149  120 17245.3700 14268.8447  17.3%   278 3259s
 18069 14755 16923.2534  209   39 17245.3700 14268.8447  17.3%   277 3260s
 18117 14931 14866.5448   63  369 17245.3700 14270.2086  17.3%   279 3294s
 18183 14931 15688.0590  129   44 17245.3700 14270.2086  17.3%   279 3295s
 18329 15033 infeasible  220      17245.3700 14271.1044  17.2%   278 3325s
 18428 15209 15157.5740   79  219 17245.3700 14271.2952  17.2%   279 3359s
 18456 15209 15716.6760  107   38 17245.3700 14271.2952  17.2%   279 3360s
 18619 15536 16717.1223  160   44 17245.3700 14271.7061  17.2%   279 3396s
 19058 15620     cutoff  180      17245.3700 14275.0808  17.2%   276 3427s
H19061 15536                    17181.290000 14275.0808  16.9%   276 3427s
 19123 15723 14867.7646   86  334 17181.2900 14275.1283  16.9%   277 3461s
 19340 15880     cutoff  215      17181.2900 14275.8143  16.9%   277 3495s
 19517 16135 15081.9637   95  338 17181.2900 14276.7221  16.9%   277 3528s
 19822 16172 14647.4869   52  552 17181.2900 14277.0217  16.9%   275 3561s
 19856 16224 14812.5463   62  414 17181.2900 14277.0217  16.9%   277 3590s
 19910 16255 15036.0278   79  254 17181.2900 14277.0217  16.9%   278 3600s

Cutting planes:
  User: 8035
  Gomory: 39
  Cover: 652
  Implied bound: 130
  Clique: 18
  MIR: 507
  StrongCG: 1
  Flow cover: 888
  Zero half: 65
  RLT: 466
  Relax-and-lift: 16
  Lazy constraints: 2928

Explored 19941 nodes (5572163 simplex iterations) in 3600.45 seconds
Thread count was 2 (of 32 available processors)

Solution count 8: 17181.3 17245.4 17554.6 ... 21601.6

Time limit reached
Best objective 1.718129000000e+04, best bound 1.427702166571e+04, gap 16.9037%

User-callback calls 463979, time in user-callback 187.21 sec
================================================================================
executing instance: ./input/Instances/Original/2/absH3high_4n10.dat
--------------------------------------------------------------------------------
Instance details
n	11
H	3
C	822
Li:
[0, 0, 0, 0, 0, 0, 0, 0, 0, 0, 0, ]
Ui:
[0, 102, 52, 88, 182, 153, 138, 38, 165, 297, 86, ]
Distance matrix:
|0	285	411	382	327	239	148	256	307	36	383	|
|285	0	352	98	249	103	227	235	120	268	209	|
|411	352	0	395	106	430	263	549	234	429	174	|
|382	98	395	0	302	173	320	288	168	364	227	|
|327	249	106	302	0	324	179	444	135	339	109	|
|239	103	430	173	324	0	241	132	212	212	305	|
|148	227	263	320	179	241	0	325	192	165	249	|
|256	235	549	288	444	132	325	0	342	220	436	|
|307	120	234	168	135	212	192	342	0	304	94	|
|36	268	429	364	339	212	165	220	304	0	386	|
|383	209	174	227	109	305	249	436	94	386	0	|

--------------------------------------------------------------------------------
Building model...
	using lazy and cut (CVRPSEP package)
Solving IRP LP...
--------------------------------------------------------------------------------

Gurobi 9.1.0 (linux64) logging started Sat Jan  9 09:09:31 2021

Gurobi Optimizer version 9.1.0 build v9.1.0rc0 (linux64)
Thread count: 32 physical cores, 32 logical processors, using up to 2 threads
Optimize a model with 587 rows, 1184 columns and 5090 nonzeros
Model fingerprint: 0x1c894eca
Variable types: 194 continuous, 990 integer (165 binary)
Coefficient statistics:
  Matrix range     [1e+00, 3e+02]
  Objective range  [2e-01, 5e+02]
  Bounds range     [1e+00, 3e+02]
  RHS range        [2e+01, 1e+03]
Presolve removed 104 rows and 11 columns
Presolve time: 0.01s
Presolved: 483 rows, 1173 columns, 4554 nonzeros
Variable types: 183 continuous, 990 integer (840 binary)
Found heuristic solution: objective 9729.4200000

Root relaxation: objective 4.545917e+03, 736 iterations, 0.02 seconds

    Nodes    |    Current Node    |     Objective Bounds      |     Work
 Expl Unexpl |  Obj  Depth IntInf | Incumbent    BestBd   Gap | It/Node Time

     0     0 4545.91693    0   55 9729.42000 4545.91693  53.3%     -    0s
     0     0 4746.40304    0   84 9729.42000 4746.40304  51.2%     -    0s
     0     0 4775.76701    0   75 9729.42000 4775.76701  50.9%     -    0s
     0     0 4777.53848    0   78 9729.42000 4777.53848  50.9%     -    0s
     0     0 4777.53848    0   75 9729.42000 4777.53848  50.9%     -    0s
     0     0 4850.86572    0   84 9729.42000 4850.86572  50.1%     -    0s
H    0     0                    7901.3900000 4850.86572  38.6%     -    0s
H    0     0                    7706.3300000 4850.86572  37.1%     -    0s
     0     0 4883.87334    0   86 7706.33000 4883.87334  36.6%     -    0s
     0     0 4885.20832    0   84 7706.33000 4885.20832  36.6%     -    0s
     0     0 5103.17336    0   92 7706.33000 5103.17336  33.8%     -    0s
     0     0 5140.17529    0   91 7706.33000 5140.17529  33.3%     -    0s
     0     0 5140.17758    0   87 7706.33000 5140.17758  33.3%     -    0s
     0     0 5152.38809    0   91 7706.33000 5152.38809  33.1%     -    0s
     0     0 5152.38809    0   93 7706.33000 5152.38809  33.1%     -    0s
     0     0 5214.26738    0  104 7706.33000 5214.26738  32.3%     -    0s
     0     0 5214.86885    0   90 7706.33000 5214.86885  32.3%     -    0s
     0     0 5224.81157    0  110 7706.33000 5224.81157  32.2%     -    0s
     0     0 5231.11704    0  116 7706.33000 5231.11704  32.1%     -    0s
     0     0 5288.03235    0   79 7706.33000 5288.03235  31.4%     -    0s
     0     0 5288.03235    0   88 7706.33000 5288.03235  31.4%     -    0s
     0     0 5312.04663    0  128 7706.33000 5312.04663  31.1%     -    0s
     0     0 5312.04663    0  127 7706.33000 5312.04663  31.1%     -    0s
     0     0 5338.51274    0  123 7706.33000 5338.51274  30.7%     -    0s
     0     0 5342.02072    0   90 7706.33000 5342.02072  30.7%     -    0s
     0     0 5342.02072    0  106 7706.33000 5342.02072  30.7%     -    0s
     0     0 5345.58213    0  132 7706.33000 5345.58213  30.6%     -    0s
     0     0 5345.58213    0  107 7706.33000 5345.58213  30.6%     -    0s
H    0     0                    7413.3300000 5345.65916  27.9%     -    0s
     0     2 5345.65916    0  104 7413.33000 5345.65916  27.9%     -    0s
H   27    34                    7245.9100000 5350.41624  26.2%  77.0    1s
H   57    61                    7039.9100000 5350.41624  24.0%  51.2    1s
H   85    89                    6908.9100000 5350.41624  22.6%  55.3    1s
H  115   119                    6844.8300000 5350.41624  21.8%  58.1    1s
H  147   149                    6844.1700000 5350.41624  21.8%  65.0    2s
   504   492 6080.54385   42  109 6844.17000 5350.41624  21.8%  64.6    5s
H  550   530                    6785.3900000 5350.41624  21.1%  65.7    5s
H  632   586                    6777.4700000 5354.11147  21.0%  64.4    6s
   812   731 5497.47192   19  204 6777.47000 5497.47192  18.9%  60.8   10s
   890   788 5513.51552   26  173 6777.47000 5513.51552  18.6%  81.2   15s
  1112   923 5925.65840   66  145 6777.47000 5541.91748  18.2%   111   20s
  1614  1082 6277.51833   63   59 6777.47000 5573.97268  17.8%   110   25s
H 1980  1144                    6777.4699392 5599.98050  17.4%   105   28s
  2132  1251 6546.64484  100  111 6777.46994 5623.81993  17.0%   105   30s
H 2387  1342                    6777.4699209 5624.32715  17.0%   103   32s
  2724  1468 6471.64488  100   71 6777.46992 5646.29808  16.7%   103   35s
  3347  1895 5854.70600   37   77 6777.46992 5669.11364  16.4%   101   40s
  3874  2226 infeasible   68      6777.46992 5684.57457  16.1%   100   45s
  4316  2624 6149.90420   49  176 6777.46992 5702.25281  15.9%   101   50s
  4873  3014 6044.66023   50   99 6777.46992 5711.40422  15.7%   101   55s
H 4924  3014                    6777.4696530 5711.40422  15.7%   101   55s
  5416  3418 6440.27260   45  105 6777.46965 5727.09924  15.5%   103   61s
  5942  3797 6112.51857   52   80 6777.46965 5748.74289  15.2%   105   66s
  6297  4048 6551.51398  112   97 6777.46965 5756.50495  15.1%   105   70s
  6744  4368 6133.53362   33   83 6777.46965 5767.16611  14.9%   108   75s
  7260  4815 6347.45464   49   89 6777.46965 5779.50449  14.7%   108   81s
  7859  5132 6178.37164   55   99 6777.46965 5793.99674  14.5%   108   86s
  8418  5559 6451.92537   41   79 6777.46965 5803.64928  14.4%   108   91s
  8806  5772 5948.29063   46   99 6777.46965 5809.00884  14.3%   108   95s
  9296  6178 6192.41090   52  134 6777.46965 5814.66910  14.2%   109  100s
  9918  6610 6180.08501   57  174 6777.46965 5821.21266  14.1%   109  106s
 10342  6932 6353.42189   39   52 6777.46965 5828.71443  14.0%   109  110s
 10862  7188 6184.14993   38   54 6777.46965 5830.94473  14.0%   110  116s
 11259  7561 6254.77716   58  134 6777.46965 5837.04141  13.9%   109  120s
 11964  8074 6379.23027   45  120 6777.46965 5841.43843  13.8%   108  126s
 12417  8408 6153.87010   43   67 6777.46965 5844.49922  13.8%   108  130s
 13197  8947 6514.58524   78   69 6777.46965 5848.13871  13.7%   107  136s
 13849  9363 6397.40086   70   69 6777.46965 5853.63957  13.6%   106  140s
 14443  9822 6730.12384   60   46 6777.46965 5859.04373  13.6%   105  145s
 14665  9823 6327.15519   60  107 6777.46965 5862.05015  13.5%   105  153s
 14692  9841 6403.39387   51  134 6777.46965 5862.05015  13.5%   105  155s
 14739  9872 5945.71390   38  170 6777.46965 5862.05015  13.5%   104  160s
 14770  9893 6498.98292   63  209 6777.46965 5862.05015  13.5%   104  165s
 14779  9902 5862.05015   39  163 6777.46965 5862.05015  13.5%   105  171s
 14789  9910 5862.05015   41  134 6777.46965 5862.05015  13.5%   105  175s
 14827  9930 5917.18558   47  142 6777.46965 5862.05015  13.5%   106  180s
 14929  9979 6186.91554   66  149 6777.46965 5862.05015  13.5%   106  185s
 15088 10020     cutoff  114      6777.46965 5862.05015  13.5%   107  190s
 15339 10152 6508.96773   75   59 6777.46965 5862.05015  13.5%   108  195s
