




arguments: ./build/irp_solver -f ./input/SF-11.cfg
Current dir: /scratch/mardar/irp_lp_solver-master
File verbosity level: 9
date       time         ( uptime  ) [ thread name/id ]                   file:line     v| 
2020-12-09 20:31:03.680 (   0.052s) [main thread     ]             loguru.cpp:789   INFO| Logging to './output/SF/OU/11/execution_09_12_2020_20_31_03.log', mode: 'a', verbosity: 9
--------------------------------------------------------------------------------
Parameters
                           instance_path                   ./input/Instances/11/
                            model_policy                                       1
                             nb_vehicles                                       1
                              output_dir                      ./output/SF/OU/11/
                            sec_strategy                                       1
                       solver_nb_threads                                       2
                         solver_show_log                                   false
                       solver_time_limit                                    3600
--------------------------------------------------------------------------------
executing instance: ./input/Instances/11/absH6high_5n25_11.dat
--------------------------------------------------------------------------------
Instance details
n	26
H	6
C	2155
Li:
[0, 0, 0, 0, 0, 0, 0, 0, 0, 0, 0, 0, 0, 0, 0, 0, 0, 0, 0, 0, 0, 0, 0, 0, 0, 0, ]
Ui:
[0, 225, 134, 192, 120, 46, 57, 126, 108, 112, 118, 152, 294, 111, 225, 270, 264, 93, 158, 98, 116, 297, 28, 94, 69, 222, ]
Distance matrix:
|0	151	154	230	196	174	180	162	361	343	347	376	403	457	493	443	463	451	273	298	345	369	444	475	503	341	|
|151	0	11	110	118	116	147	145	235	197	196	228	252	306	342	300	322	343	127	182	230	237	321	341	360	265	|
|154	11	0	100	108	106	138	137	226	191	195	228	250	303	340	294	315	333	128	189	237	241	326	344	362	274	|
|230	110	100	0	60	82	111	124	132	129	179	220	219	253	297	219	236	234	150	242	285	267	356	358	358	346	|
|196	118	108	60	0	25	51	65	173	187	237	277	278	312	356	272	286	255	199	283	329	318	406	413	416	378	|
|174	116	106	82	25	0	34	43	198	211	256	295	299	335	378	297	311	277	211	289	337	330	418	428	434	380	|
|180	147	138	111	51	34	0	20	214	238	288	328	330	362	407	318	331	280	245	323	371	364	452	462	466	412	|
|162	145	137	124	65	43	20	0	233	253	298	338	342	377	421	336	349	300	251	325	373	370	457	469	476	410	|
|361	235	226	132	173	198	214	233	0	93	185	221	187	183	230	113	119	119	212	310	340	300	380	362	338	423	|
|343	197	191	129	187	211	238	253	93	0	92	128	102	124	169	104	128	208	131	224	250	206	287	270	253	337	|
|347	196	195	179	237	256	288	298	185	92	0	41	59	123	150	163	190	298	80	147	163	115	196	184	179	257	|
|376	228	228	220	277	295	328	338	221	128	41	0	56	121	135	181	208	330	103	141	146	89	160	144	139	243	|
|403	252	250	219	278	299	330	342	187	102	59	56	0	67	91	129	155	288	139	195	201	143	206	177	151	299	|
|457	306	303	253	312	335	362	377	183	124	123	121	67	0	47	89	109	261	202	262	266	205	256	216	173	364	|
|493	342	340	297	356	378	407	421	230	169	150	135	91	47	0	130	146	302	229	275	270	208	243	196	143	368	|
|443	300	294	219	272	297	318	336	113	104	163	181	129	89	130	0	28	173	226	309	324	270	334	300	261	419	|
|463	322	315	236	286	311	331	349	119	128	190	208	155	109	146	28	0	158	253	336	352	297	360	324	282	447	|
|451	343	333	234	255	277	280	300	119	208	298	330	288	261	302	173	158	0	331	429	458	414	490	465	431	542	|
|273	127	128	150	199	211	245	251	212	131	80	103	139	202	229	226	253	331	0	99	137	119	208	218	234	211	|
|298	182	189	242	283	289	323	325	310	224	147	141	195	262	275	309	336	429	99	0	49	81	145	181	222	114	|
|345	230	237	285	329	337	371	373	340	250	163	146	201	266	270	324	352	458	137	49	0	62	100	143	193	99	|
|369	237	241	267	318	330	364	370	300	206	115	89	143	205	208	270	297	414	119	81	62	0	89	105	141	160	|
|444	321	326	356	406	418	452	457	380	287	196	160	206	256	243	334	360	490	208	145	100	89	0	59	122	163	|
|475	341	344	358	413	428	462	469	362	270	184	144	177	216	196	300	324	465	218	181	143	105	59	0	64	220	|
|503	360	362	358	416	434	466	476	338	253	179	139	151	173	143	261	282	431	234	222	193	141	122	64	0	279	|
|341	265	274	346	378	380	412	410	423	337	257	243	299	364	368	419	447	542	211	114	99	160	163	220	279	0	|

--------------------------------------------------------------------------------
Building model...
	using lazy and cut (CVRPSEP package)
Solving IRP LP...


Gurobi 9.1.0 (linux64) logging started Wed Dec  9 20:31:09 2020

================================================================================
executing instance: ./input/Instances/11/absH6high_4n10_11.dat
--------------------------------------------------------------------------------
Instance details
n	11
H	6
C	766
Li:
[0, 0, 0, 0, 0, 0, 0, 0, 0, 0, 0, ]
Ui:
[0, 297, 138, 20, 156, 86, 165, 102, 24, 225, 38, ]
Distance matrix:
|0	36	148	327	411	383	307	285	382	239	256	|
|36	0	165	339	429	386	304	268	364	212	220	|
|148	165	0	179	263	249	192	227	320	241	325	|
|327	339	179	0	106	109	135	249	302	324	444	|
|411	429	263	106	0	174	234	352	395	430	549	|
|383	386	249	109	174	0	94	209	227	305	436	|
|307	304	192	135	234	94	0	120	168	212	342	|
|285	268	227	249	352	209	120	0	98	103	235	|
|382	364	320	302	395	227	168	98	0	173	288	|
|239	212	241	324	430	305	212	103	173	0	132	|
|256	220	325	444	549	436	342	235	288	132	0	|

--------------------------------------------------------------------------------
Building model...
	using lazy and cut (CVRPSEP package)
Solving IRP LP...


Gurobi 9.1.0 (linux64) logging started Wed Dec  9 20:32:29 2020

================================================================================
executing instance: ./input/Instances/11/absH3low_4n40_11.dat
--------------------------------------------------------------------------------
Instance details
n	41
H	3
C	2745
Li:
[0, 0, 0, 0, 0, 0, 0, 0, 0, 0, 0, 0, 0, 0, 0, 0, 0, 0, 0, 0, 0, 0, 0, 0, 0, 0, 0, 0, 0, 0, 0, 0, 0, 0, 0, 0, 0, 0, 0, 0, 0, ]
Ui:
[0, 36, 63, 58, 32, 68, 120, 162, 159, 74, 84, 183, 142, 147, 159, 28, 170, 94, 192, 78, 33, 142, 30, 258, 270, 144, 195, 108, 294, 117, 30, 34, 62, 294, 92, 84, 64, 50, 93, 42, 146, ]
Distance matrix:
|0	20	31	44	101	168	225	253	257	252	191	287	289	289	338	339	337	352	278	267	220	229	269	130	94	65	86	99	160	182	192	270	309	144	233	127	184	174	152	268	304	|
|20	0	50	63	120	187	241	268	274	270	203	299	298	298	347	343	337	352	277	265	216	222	259	123	83	73	96	82	140	162	173	252	290	135	222	131	188	185	163	288	323	|
|31	50	0	14	72	137	195	223	226	221	165	262	266	266	316	324	328	343	271	260	218	232	277	135	107	53	69	130	190	212	223	294	334	170	259	138	193	172	149	243	274	|
|44	63	14	0	58	124	186	215	215	209	159	256	262	263	313	324	331	346	275	265	224	240	287	145	119	59	70	142	203	225	236	308	347	177	266	139	192	167	144	229	261	|
|101	120	72	58	0	74	152	185	174	164	147	240	254	255	305	332	351	365	300	291	258	281	332	191	173	102	101	195	260	282	293	365	405	216	303	156	198	156	134	172	203	|
|168	187	137	124	74	0	88	123	102	90	113	190	211	213	259	304	338	350	295	289	270	300	356	225	221	146	132	266	327	348	360	417	459	290	377	227	263	211	193	143	148	|
|225	241	195	186	152	88	0	35	41	53	67	105	133	134	177	235	282	291	251	248	246	283	341	234	247	179	158	324	373	393	405	437	479	362	451	308	349	299	280	203	176	|
|253	268	223	215	185	123	35	0	51	71	75	75	106	108	146	212	264	273	241	239	245	284	341	247	265	202	179	350	395	414	427	449	491	392	481	341	383	334	315	232	197	|
|257	274	226	215	174	102	41	51	0	22	108	124	157	159	194	263	315	323	288	286	287	324	382	275	286	216	196	356	409	429	441	477	520	389	477	328	364	310	293	186	146	|
|252	270	221	209	164	90	53	71	22	0	120	145	177	179	216	283	333	342	304	301	299	335	393	281	288	216	197	351	407	428	440	482	524	380	467	316	349	294	278	164	126	|
|191	203	165	159	147	113	67	75	108	120	0	97	107	108	157	192	227	238	189	185	179	216	274	172	191	133	110	284	324	342	355	374	417	334	423	295	343	303	282	251	236	|
|287	299	262	256	240	190	105	75	124	145	97	0	36	38	72	142	202	208	191	193	215	255	309	245	275	227	203	378	411	427	441	440	481	431	520	392	438	395	374	307	270	|
|289	298	266	262	254	211	133	106	157	177	107	36	0	2	51	107	166	173	158	161	189	228	281	230	264	226	203	375	402	416	430	419	460	432	520	400	449	409	388	336	303	|
|289	298	266	263	255	213	134	108	159	179	108	38	2	0	50	105	164	170	156	159	187	226	279	230	264	226	203	375	401	416	429	417	458	432	520	401	450	410	389	338	305	|
|338	347	316	313	305	259	177	146	194	216	157	72	51	50	0	89	160	162	171	177	216	254	301	271	308	274	252	422	445	459	472	450	490	481	569	451	500	460	439	378	339	|
|339	343	324	324	332	304	235	212	263	283	192	142	107	105	89	0	72	73	101	111	163	194	232	242	286	274	255	408	416	426	439	394	431	476	560	462	516	485	463	437	408	|
|337	337	328	331	351	338	282	264	315	333	227	202	166	164	160	72	0	15	61	73	129	149	173	221	267	275	261	391	386	392	405	342	376	464	543	463	520	497	475	478	457	|
|352	352	343	346	365	350	291	273	323	342	238	208	173	170	162	73	15	0	76	88	144	162	184	236	282	290	275	406	400	406	419	353	387	479	558	478	534	512	489	489	467	|
|278	277	271	275	300	295	251	241	288	304	189	191	158	156	171	101	61	76	0	12	69	94	132	160	206	218	205	330	326	334	346	293	330	403	482	404	461	442	419	438	425	|
|267	265	260	265	291	289	248	239	286	301	185	193	161	159	177	111	73	88	12	0	57	84	125	148	194	207	195	318	314	322	334	283	320	391	470	393	450	432	409	431	421	|
|220	216	218	224	258	270	246	245	287	299	179	215	189	187	216	163	129	144	69	57	0	40	96	95	140	165	158	263	258	265	278	235	274	338	415	346	403	389	367	412	411	|
|229	222	232	240	281	300	283	284	324	335	216	255	228	226	254	194	149	162	94	84	40	0	58	99	140	182	180	257	241	245	257	200	238	334	405	352	410	402	380	441	444	|
|269	259	277	287	332	356	341	341	382	393	274	309	281	279	301	232	173	184	132	125	96	58	0	143	176	230	232	280	247	246	257	170	203	357	420	387	444	443	421	496	501	|
|130	123	135	145	191	225	234	247	275	281	172	245	230	230	271	242	221	236	160	148	95	99	143	0	46	89	94	170	175	188	201	202	245	243	322	254	311	303	281	359	373	|
|94	83	107	119	173	221	247	265	286	288	191	275	264	264	308	286	267	282	206	194	140	140	176	46	0	75	92	124	138	153	166	196	238	198	276	212	270	267	246	345	368	|
|65	73	53	59	102	146	179	202	216	216	133	227	226	226	274	274	275	290	218	207	165	182	230	89	75	0	24	151	194	213	226	271	313	207	295	189	245	225	202	273	293	|
|86	96	69	70	101	132	158	179	196	197	110	203	203	203	252	255	261	275	205	195	158	180	232	94	92	24	0	175	216	235	248	287	329	229	318	206	261	237	214	266	280	|
|99	82	130	142	195	266	324	350	356	351	284	378	375	375	422	408	391	406	330	318	263	257	280	170	124	151	175	0	76	98	106	218	249	77	152	128	178	202	187	350	394	|
|160	140	190	203	260	327	373	395	409	407	324	411	402	401	445	416	386	400	326	314	258	241	247	175	138	194	216	76	0	23	33	149	176	133	175	202	248	278	262	422	462	|
|182	162	212	225	282	348	393	414	429	428	342	427	416	416	459	426	392	406	334	322	265	245	246	188	153	213	235	98	23	0	13	133	157	150	183	223	267	299	284	445	485	|
|192	173	223	236	293	360	405	427	441	440	355	441	430	429	472	439	405	419	346	334	278	257	257	201	166	226	248	106	33	13	0	136	156	151	178	228	270	304	290	454	495	|
|270	252	294	308	365	417	437	449	477	482	374	440	419	417	450	394	342	353	293	283	235	200	170	202	196	271	287	218	149	133	136	0	43	282	313	346	395	419	402	537	564	|
|309	290	334	347	405	459	479	491	520	524	417	481	460	458	490	431	376	387	330	320	274	238	203	245	238	313	329	249	176	157	156	43	0	307	328	377	424	451	435	576	605	|
|144	135	170	177	216	290	362	392	389	380	334	431	432	432	481	476	464	479	403	391	338	334	357	243	198	207	229	77	133	150	151	282	307	0	89	89	120	163	155	344	399	|
|233	222	259	266	303	377	451	481	477	467	423	520	520	520	569	560	543	558	482	470	415	405	420	322	276	295	318	152	175	183	178	313	328	89	0	159	160	220	220	416	476	|
|127	131	138	139	156	227	308	341	328	316	295	392	400	401	451	462	463	478	404	393	346	352	387	254	212	189	206	128	202	223	228	346	377	89	159	0	58	77	67	259	318	|
|184	188	193	192	198	263	349	383	364	349	343	438	449	450	500	516	520	534	461	450	403	410	444	311	270	245	261	178	248	267	270	395	424	120	160	58	0	64	73	265	331	|
|174	185	172	167	156	211	299	334	310	294	303	395	409	410	460	485	497	512	442	432	389	402	443	303	267	225	237	202	278	299	304	419	451	163	220	77	64	0	23	201	267	|
|152	163	149	144	134	193	280	315	293	278	282	374	388	389	439	463	475	489	419	409	367	380	421	281	246	202	214	187	262	284	290	402	435	155	220	67	73	23	0	197	260	|
|268	288	243	229	172	143	203	232	186	164	251	307	336	338	378	437	478	489	438	431	412	441	496	359	345	273	266	350	422	445	454	537	576	344	416	259	265	201	197	0	72	|
|304	323	274	261	203	148	176	197	146	126	236	270	303	305	339	408	457	467	425	421	411	444	501	373	368	293	280	394	462	485	495	564	605	399	476	318	331	267	260	72	0	|

--------------------------------------------------------------------------------
Building model...
	using lazy and cut (CVRPSEP package)
Solving IRP LP...


Gurobi 9.1.0 (linux64) logging started Wed Dec  9 20:32:31 2020

================================================================================
executing instance: ./input/Instances/11/absH3high_2n10_11.dat
--------------------------------------------------------------------------------
Instance details
n	11
H	3
C	817
Li:
[0, 0, 0, 0, 0, 0, 0, 0, 0, 0, 0, ]
Ui:
[0, 225, 144, 154, 108, 78, 78, 150, 54, 150, 177, ]
Distance matrix:
|0	142	191	322	365	395	514	411	205	356	378	|
|142	0	49	204	227	253	373	318	175	270	313	|
|191	49	0	166	179	205	327	302	197	245	295	|
|322	204	166	0	101	181	293	410	361	106	172	|
|365	227	179	101	0	82	193	339	345	201	268	|
|395	253	205	181	82	0	125	275	328	284	350	|
|514	373	327	293	193	125	0	297	419	386	451	|
|411	318	302	410	339	275	297	0	222	514	576	|
|205	175	197	361	345	328	419	222	0	441	488	|
|356	270	245	106	201	284	386	514	441	0	66	|
|378	313	295	172	268	350	451	576	488	66	0	|

--------------------------------------------------------------------------------
Building model...
	using lazy and cut (CVRPSEP package)
Solving IRP LP...


Gurobi 9.1.0 (linux64) logging started Wed Dec  9 20:32:53 2020

================================================================================
executing instance: ./input/Instances/11/absH6high_1n20_11.dat
--------------------------------------------------------------------------------
Instance details
n	21
H	6
C	1651
Li:
[0, 0, 0, 0, 0, 0, 0, 0, 0, 0, 0, 0, 0, 0, 0, 0, 0, 0, 0, 0, 0, ]
Ui:
[0, 276, 30, 160, 264, 129, 174, 90, 182, 36, 110, 117, 42, 182, 40, 94, 153, 213, 261, 144, 46, ]
Distance matrix:
|0	79	115	92	95	265	348	361	401	371	392	370	400	343	292	245	266	194	341	355	431	|
|79	0	66	166	175	316	388	385	406	372	379	346	374	314	275	197	202	134	289	304	383	|
|115	66	0	177	201	374	450	451	472	438	443	407	434	374	339	251	241	181	337	351	431	|
|92	166	177	0	47	273	368	398	455	430	461	447	477	423	366	334	359	286	431	444	519	|
|95	175	201	47	0	226	321	354	415	392	427	417	448	397	336	319	352	279	415	427	499	|
|265	316	374	273	226	0	97	151	242	235	294	317	344	318	252	322	386	332	394	399	444	|
|348	388	450	368	321	97	0	78	178	185	252	292	312	303	246	346	415	375	398	400	429	|
|361	385	451	398	354	151	78	0	100	110	177	222	240	239	190	304	374	345	341	341	361	|
|401	406	472	455	415	242	178	100	0	37	90	146	156	175	152	275	342	333	284	280	282	|
|371	372	438	430	392	235	185	110	37	0	67	117	131	141	115	238	305	296	250	247	255	|
|392	379	443	461	427	294	252	177	90	67	0	61	66	95	104	216	275	283	203	197	193	|
|370	346	407	447	417	317	292	222	146	117	61	0	30	38	81	167	220	237	143	137	139	|
|400	374	434	477	448	344	312	240	156	131	66	30	0	60	112	189	237	261	151	142	127	|
|343	314	374	423	397	318	303	239	175	141	95	38	60	0	67	130	182	201	110	106	127	|
|292	275	339	366	336	252	246	190	152	115	104	81	112	67	0	123	191	183	152	154	193	|
|245	197	251	334	319	322	346	304	275	238	216	167	189	130	123	0	70	72	97	110	187	|
|266	202	241	359	352	386	415	374	342	305	275	220	237	182	191	70	0	73	102	117	196	|
|194	134	181	286	279	332	375	345	333	296	283	237	261	201	183	72	73	0	156	171	251	|
|341	289	337	431	415	394	398	341	284	250	203	143	151	110	152	97	102	156	0	15	95	|
|355	304	351	444	427	399	400	341	280	247	197	137	142	106	154	110	117	171	15	0	80	|
|431	383	431	519	499	444	429	361	282	255	193	139	127	127	193	187	196	251	95	80	0	|

--------------------------------------------------------------------------------
Building model...
	using lazy and cut (CVRPSEP package)
Solving IRP LP...


Gurobi 9.1.0 (linux64) logging started Wed Dec  9 20:32:53 2020

================================================================================
executing instance: ./input/Instances/11/absH6low_5n30_11.dat
--------------------------------------------------------------------------------
Instance details
n	31
H	6
C	2262
Li:
[0, 0, 0, 0, 0, 0, 0, 0, 0, 0, 0, 0, 0, 0, 0, 0, 0, 0, 0, 0, 0, 0, 0, 0, 0, 0, 0, 0, 0, 0, 0, ]
Ui:
[0, 128, 72, 180, 88, 74, 192, 105, 237, 123, 96, 92, 126, 112, 32, 48, 147, 54, 196, 154, 129, 246, 28, 294, 186, 80, 84, 72, 192, 96, 110, ]
Distance matrix:
|0	13	64	65	63	85	135	158	161	219	274	275	383	412	339	302	287	345	358	389	401	246	201	169	171	87	106	129	120	235	393	|
|13	0	51	58	65	89	136	159	164	221	274	275	381	406	332	293	276	334	347	377	391	238	196	164	162	81	100	142	130	243	395	|
|64	51	0	58	90	117	150	171	183	233	279	279	376	386	306	259	236	289	307	335	353	210	182	155	133	80	90	193	172	276	408	|
|65	58	58	0	40	65	92	114	125	175	224	224	326	348	275	239	228	290	297	330	339	181	138	107	107	128	143	174	130	222	351	|
|63	65	90	40	0	27	72	95	99	157	211	212	321	359	291	263	258	323	327	360	366	202	148	114	134	145	163	142	90	186	331	|
|85	89	117	65	27	0	54	77	77	136	194	195	307	354	291	270	270	337	337	371	374	206	146	113	145	170	188	136	69	159	308	|
|135	136	150	92	72	54	0	23	34	85	140	141	253	304	247	235	245	315	306	342	339	170	103	73	125	215	232	182	101	142	260	|
|158	159	171	114	95	77	23	0	23	62	117	118	231	287	234	229	243	314	302	339	332	164	95	71	130	238	255	200	115	134	238	|
|161	164	183	125	99	77	34	23	0	61	121	123	238	303	254	251	267	338	325	362	355	187	117	94	153	245	262	187	100	111	232	|
|219	221	233	175	157	136	85	62	61	0	61	63	180	257	223	237	264	334	312	349	334	177	112	105	169	301	317	244	157	118	175	|
|274	274	279	224	211	194	140	117	121	61	0	3	118	207	190	220	257	325	294	330	308	171	122	132	190	352	367	306	218	164	136	|
|275	275	279	224	212	195	141	118	123	63	3	0	116	204	187	217	255	322	291	328	305	168	120	131	188	352	367	308	220	166	138	|
|383	381	376	326	321	307	253	231	238	180	118	116	0	129	166	227	277	331	285	316	280	208	197	222	261	454	467	424	336	272	137	|
|412	406	386	348	359	354	304	287	303	257	207	204	129	0	88	157	208	239	187	210	166	178	212	245	253	465	473	486	402	370	266	|
|339	332	306	275	291	291	247	234	254	223	190	187	166	88	0	70	123	166	119	151	120	96	145	179	173	384	391	427	348	342	290	|
|302	293	259	239	263	270	235	229	251	237	220	217	227	157	70	0	53	107	75	113	105	65	134	162	132	334	339	404	334	352	339	|
|287	276	236	228	258	270	245	243	267	264	257	255	277	208	123	53	0	71	71	102	117	87	153	173	125	307	308	400	338	374	383	|
|345	334	289	290	323	337	315	314	338	334	325	322	331	239	166	107	71	0	54	55	96	157	224	244	192	352	350	464	406	445	445	|
|358	347	307	297	327	337	306	302	325	312	294	291	285	187	119	75	71	54	0	37	49	138	208	233	193	376	377	469	403	428	406	|
|389	377	335	330	360	371	342	339	362	349	330	328	316	210	151	113	102	55	37	0	48	175	245	269	226	402	401	502	438	465	441	|
|401	391	353	339	366	374	339	332	355	334	308	305	280	166	120	105	117	96	49	48	0	169	237	266	233	424	425	508	438	452	409	|
|246	238	210	181	202	206	170	164	187	177	171	168	208	178	96	65	87	157	138	175	169	0	70	97	77	289	296	342	269	290	300	|
|201	196	182	138	148	146	103	95	117	112	122	120	197	212	145	134	153	224	208	245	237	70	0	34	68	261	272	281	204	221	258	|
|169	164	155	107	114	113	73	71	94	105	132	131	222	245	179	162	173	244	233	269	266	97	34	0	64	232	245	248	173	203	268	|
|171	162	133	107	134	145	125	130	153	169	190	188	261	253	173	132	125	192	193	226	233	77	68	64	0	212	220	276	214	264	326	|
|87	81	80	128	145	170	215	238	245	301	352	352	454	465	384	334	307	352	376	402	424	289	261	232	212	0	20	187	204	321	475	|
|106	100	90	143	163	188	232	255	262	317	367	367	467	473	391	339	308	350	377	401	425	296	272	245	220	20	0	207	224	341	492	|
|129	142	193	174	142	136	182	200	187	244	306	308	424	486	427	404	400	464	469	502	508	342	281	248	276	187	207	0	88	192	390	|
|120	130	172	130	90	69	101	115	100	157	218	220	336	402	348	334	338	406	403	438	438	269	204	173	214	204	224	88	0	122	307	|
|235	243	276	222	186	159	142	134	111	118	164	166	272	370	342	352	374	445	428	465	452	290	221	203	264	321	341	192	122	0	204	|
|393	395	408	351	331	308	260	238	232	175	136	138	137	266	290	339	383	445	406	441	409	300	258	268	326	475	492	390	307	204	0	|

--------------------------------------------------------------------------------
Building model...
	using lazy and cut (CVRPSEP package)
Solving IRP LP...


Gurobi 9.1.0 (linux64) logging started Wed Dec  9 20:33:50 2020

================================================================================
executing instance: ./input/Instances/11/absH3high_3n25_11.dat
--------------------------------------------------------------------------------
Instance details
n	26
H	3
C	2119
Li:
[0, 0, 0, 0, 0, 0, 0, 0, 0, 0, 0, 0, 0, 0, 0, 0, 0, 0, 0, 0, 0, 0, 0, 0, 0, 0, ]
Ui:
[0, 222, 144, 225, 99, 26, 184, 114, 96, 108, 93, 54, 134, 180, 207, 246, 132, 44, 54, 98, 285, 198, 100, 132, 243, 231, ]
Distance matrix:
|0	41	124	160	238	295	369	309	358	238	236	247	379	373	405	393	475	526	569	454	409	433	343	322	245	191	|
|41	0	87	150	224	271	345	277	324	206	196	208	338	333	365	353	446	497	539	441	401	430	347	323	259	208	|
|124	87	0	117	172	196	269	192	238	121	119	164	269	255	286	272	364	415	456	380	350	390	324	295	264	224	|
|160	150	117	0	79	151	221	195	248	136	208	277	355	327	352	332	334	384	428	294	251	281	207	179	155	128	|
|238	224	172	79	0	91	149	158	207	125	227	312	358	319	339	316	265	313	359	216	179	218	168	136	170	168	|
|295	271	196	151	91	0	74	79	121	90	197	293	300	254	267	244	182	233	277	197	189	245	233	201	259	258	|
|369	345	269	221	149	74	0	112	125	156	254	350	330	278	283	259	116	164	210	148	164	227	249	220	304	314	|
|309	277	192	195	158	79	112	0	53	71	146	241	224	176	189	165	177	226	266	258	262	321	311	279	327	317	|
|358	324	238	248	207	121	125	53	0	121	170	259	209	155	159	135	150	194	229	271	287	349	353	321	377	369	|
|238	206	121	136	125	90	156	71	121	0	109	203	232	196	218	198	244	294	335	287	274	326	293	260	282	264	|
|236	196	119	208	227	197	254	146	170	109	0	96	151	137	169	158	318	364	399	393	383	435	395	363	363	332	|
|247	208	164	277	312	293	350	241	259	203	96	0	150	171	203	204	408	453	484	489	477	526	476	446	428	388	|
|379	338	269	355	358	300	330	224	209	232	151	150	0	55	72	87	344	377	398	478	486	545	524	492	509	481	|
|373	333	255	327	319	254	278	176	155	196	137	171	55	0	34	36	289	323	345	426	437	497	483	450	478	454	|
|405	365	286	352	339	267	283	189	159	218	169	203	72	34	0	24	280	310	328	429	445	506	499	467	501	480	|
|393	353	272	332	316	244	259	165	135	198	158	204	87	36	24	0	259	291	311	405	421	482	476	444	480	460	|
|475	446	364	334	265	182	116	177	150	244	318	408	344	289	280	259	0	51	95	190	238	299	349	324	418	430	|
|526	497	415	384	313	233	164	226	194	294	364	453	377	323	310	291	51	0	46	211	268	325	386	363	462	477	|
|569	539	456	428	359	277	210	266	229	335	399	484	398	345	328	311	95	46	0	248	308	363	429	407	507	523	|
|454	441	380	294	216	197	148	258	271	287	393	489	478	426	429	405	190	211	248	0	67	115	197	184	302	336	|
|409	401	350	251	179	189	164	262	287	274	383	477	486	437	445	421	238	268	308	67	0	63	130	119	238	275	|
|433	430	390	281	218	245	227	321	349	326	435	526	545	497	506	482	299	325	363	115	63	0	109	115	230	276	|
|343	347	324	207	168	233	249	311	353	293	395	476	524	483	499	476	349	386	429	197	130	109	0	33	122	171	|
|322	323	295	179	136	201	220	279	321	260	363	446	492	450	467	444	324	363	407	184	119	115	33	0	120	162	|
|245	259	264	155	170	259	304	327	377	282	363	428	509	478	501	480	418	462	507	302	238	230	122	120	0	55	|
|191	208	224	128	168	258	314	317	369	264	332	388	481	454	480	460	430	477	523	336	275	276	171	162	55	0	|

--------------------------------------------------------------------------------
Building model...
	using lazy and cut (CVRPSEP package)
Solving IRP LP...


Gurobi 9.1.0 (linux64) logging started Wed Dec  9 20:53:56 2020

================================================================================
executing instance: ./input/Instances/11/absH3low_3n25_11.dat
--------------------------------------------------------------------------------
Instance details
n	26
H	3
C	2119
Li:
[0, 0, 0, 0, 0, 0, 0, 0, 0, 0, 0, 0, 0, 0, 0, 0, 0, 0, 0, 0, 0, 0, 0, 0, 0, 0, ]
Ui:
[0, 222, 144, 225, 99, 26, 184, 114, 96, 108, 93, 54, 134, 180, 207, 246, 132, 44, 54, 98, 285, 198, 100, 132, 243, 231, ]
Distance matrix:
|0	41	124	160	238	295	369	309	358	238	236	247	379	373	405	393	475	526	569	454	409	433	343	322	245	191	|
|41	0	87	150	224	271	345	277	324	206	196	208	338	333	365	353	446	497	539	441	401	430	347	323	259	208	|
|124	87	0	117	172	196	269	192	238	121	119	164	269	255	286	272	364	415	456	380	350	390	324	295	264	224	|
|160	150	117	0	79	151	221	195	248	136	208	277	355	327	352	332	334	384	428	294	251	281	207	179	155	128	|
|238	224	172	79	0	91	149	158	207	125	227	312	358	319	339	316	265	313	359	216	179	218	168	136	170	168	|
|295	271	196	151	91	0	74	79	121	90	197	293	300	254	267	244	182	233	277	197	189	245	233	201	259	258	|
|369	345	269	221	149	74	0	112	125	156	254	350	330	278	283	259	116	164	210	148	164	227	249	220	304	314	|
|309	277	192	195	158	79	112	0	53	71	146	241	224	176	189	165	177	226	266	258	262	321	311	279	327	317	|
|358	324	238	248	207	121	125	53	0	121	170	259	209	155	159	135	150	194	229	271	287	349	353	321	377	369	|
|238	206	121	136	125	90	156	71	121	0	109	203	232	196	218	198	244	294	335	287	274	326	293	260	282	264	|
|236	196	119	208	227	197	254	146	170	109	0	96	151	137	169	158	318	364	399	393	383	435	395	363	363	332	|
|247	208	164	277	312	293	350	241	259	203	96	0	150	171	203	204	408	453	484	489	477	526	476	446	428	388	|
|379	338	269	355	358	300	330	224	209	232	151	150	0	55	72	87	344	377	398	478	486	545	524	492	509	481	|
|373	333	255	327	319	254	278	176	155	196	137	171	55	0	34	36	289	323	345	426	437	497	483	450	478	454	|
|405	365	286	352	339	267	283	189	159	218	169	203	72	34	0	24	280	310	328	429	445	506	499	467	501	480	|
|393	353	272	332	316	244	259	165	135	198	158	204	87	36	24	0	259	291	311	405	421	482	476	444	480	460	|
|475	446	364	334	265	182	116	177	150	244	318	408	344	289	280	259	0	51	95	190	238	299	349	324	418	430	|
|526	497	415	384	313	233	164	226	194	294	364	453	377	323	310	291	51	0	46	211	268	325	386	363	462	477	|
|569	539	456	428	359	277	210	266	229	335	399	484	398	345	328	311	95	46	0	248	308	363	429	407	507	523	|
|454	441	380	294	216	197	148	258	271	287	393	489	478	426	429	405	190	211	248	0	67	115	197	184	302	336	|
|409	401	350	251	179	189	164	262	287	274	383	477	486	437	445	421	238	268	308	67	0	63	130	119	238	275	|
|433	430	390	281	218	245	227	321	349	326	435	526	545	497	506	482	299	325	363	115	63	0	109	115	230	276	|
|343	347	324	207	168	233	249	311	353	293	395	476	524	483	499	476	349	386	429	197	130	109	0	33	122	171	|
|322	323	295	179	136	201	220	279	321	260	363	446	492	450	467	444	324	363	407	184	119	115	33	0	120	162	|
|245	259	264	155	170	259	304	327	377	282	363	428	509	478	501	480	418	462	507	302	238	230	122	120	0	55	|
|191	208	224	128	168	258	314	317	369	264	332	388	481	454	480	460	430	477	523	336	275	276	171	162	55	0	|

--------------------------------------------------------------------------------
Building model...
	using lazy and cut (CVRPSEP package)
Solving IRP LP...


Gurobi 9.1.0 (linux64) logging started Wed Dec  9 20:54:09 2020

================================================================================
executing instance: ./input/Instances/11/absH6low_2n5_11.dat
--------------------------------------------------------------------------------
Instance details
n	6
H	6
C	405
Li:
[0, 0, 0, 0, 0, 0, ]
Ui:
[0, 150, 231, 58, 249, 93, ]
Distance matrix:
|0	35	112	235	318	170	|
|35	0	89	230	326	205	|
|112	89	0	160	278	258	|
|235	230	160	0	137	301	|
|318	326	278	137	0	311	|
|170	205	258	301	311	0	|

--------------------------------------------------------------------------------
Building model...
	using lazy and cut (CVRPSEP package)
Solving IRP LP...


Gurobi 9.1.0 (linux64) logging started Wed Dec  9 20:54:19 2020

================================================================================
executing instance: ./input/Instances/11/absH3low_3n35_11.dat
--------------------------------------------------------------------------------
Instance details
n	36
H	3
C	3264
Li:
[0, 0, 0, 0, 0, 0, 0, 0, 0, 0, 0, 0, 0, 0, 0, 0, 0, 0, 0, 0, 0, 0, 0, 0, 0, 0, 0, 0, 0, 0, 0, 0, 0, 0, 0, 0, ]
Ui:
[0, 54, 252, 204, 261, 188, 108, 164, 28, 120, 99, 42, 96, 183, 258, 72, 198, 36, 285, 207, 116, 213, 153, 276, 240, 98, 162, 63, 126, 136, 183, 288, 74, 183, 267, 234, ]
Distance matrix:
|0	103	154	116	240	295	347	373	325	305	266	251	240	220	225	216	284	300	373	397	305	345	427	444	461	512	356	328	367	358	308	168	207	464	472	490	|
|103	0	52	74	137	197	251	275	234	221	205	196	179	189	206	239	301	310	393	420	350	404	422	427	439	501	341	299	329	306	256	117	125	395	427	400	|
|154	52	0	87	89	158	213	236	202	198	202	197	179	206	228	276	333	339	424	451	390	448	441	441	451	516	358	310	335	304	256	132	113	380	425	366	|
|116	74	87	0	170	243	298	321	289	283	278	269	252	263	279	303	368	378	460	486	407	455	494	501	514	574	415	373	404	379	329	191	193	463	500	452	|
|240	137	89	170	0	78	131	152	132	143	184	188	169	220	247	317	363	363	448	477	435	500	444	435	439	510	360	305	319	277	236	159	104	325	393	287	|
|295	197	158	243	78	0	55	79	56	81	150	162	146	210	238	321	354	350	432	461	438	508	409	392	393	467	327	270	274	225	193	170	107	254	333	210	|
|347	251	213	298	131	55	0	26	40	82	165	181	169	236	263	351	376	368	446	474	465	536	410	387	385	459	332	274	269	216	196	211	149	218	312	156	|
|373	275	236	321	152	79	26	0	61	102	186	203	192	259	285	374	397	388	465	493	487	559	424	399	395	470	348	291	282	228	213	236	175	216	317	137	|
|325	234	202	289	132	56	40	61	0	42	126	142	131	198	225	314	337	329	406	435	426	498	372	350	349	423	293	235	232	180	157	179	121	197	281	166	|
|305	221	198	283	143	81	82	102	42	0	84	101	92	158	184	274	295	287	364	393	385	457	332	313	313	386	252	194	194	144	116	148	98	184	253	186	|
|266	205	202	278	184	150	165	186	126	84	0	20	26	77	101	192	211	203	283	311	301	374	262	251	256	326	179	122	136	102	54	98	90	198	223	252	|
|251	196	197	269	188	162	181	203	142	101	20	0	20	58	83	173	195	188	270	299	284	356	256	248	255	324	172	118	138	111	61	84	88	214	231	272	|
|240	179	179	252	169	146	169	192	131	92	26	20	0	67	94	182	209	204	287	316	296	367	275	268	275	344	191	137	157	127	77	72	69	224	248	270	|
|220	189	206	263	220	210	236	259	198	158	77	58	67	0	28	116	145	143	228	257	229	300	235	239	251	312	153	112	147	142	95	74	116	259	252	329	|
|225	206	228	279	247	238	263	285	225	184	101	83	94	28	0	91	117	116	201	230	202	274	216	223	238	295	136	103	144	149	108	96	143	270	251	350	|
|216	239	276	303	317	321	351	374	314	274	192	173	182	116	91	0	68	85	158	183	119	187	218	244	264	303	162	161	205	227	194	158	219	351	309	441	|
|284	301	333	368	363	354	376	397	337	295	211	195	209	145	117	68	0	23	92	119	96	170	154	186	208	239	114	137	177	213	195	206	260	334	270	443	|
|300	310	339	378	363	350	368	388	329	287	203	188	204	143	116	85	23	0	86	114	114	186	133	163	186	219	91	118	157	196	182	209	259	315	248	428	|
|373	393	424	460	448	432	446	465	406	364	283	270	287	228	201	158	92	86	0	29	108	159	108	154	179	181	128	178	205	255	253	295	344	362	271	490	|
|397	420	451	486	477	461	474	493	435	393	311	299	316	257	230	183	119	114	29	0	116	154	119	167	191	181	153	205	230	281	281	323	373	385	289	515	|
|305	350	390	407	435	438	465	487	426	385	301	284	296	229	202	119	96	114	108	116	0	74	212	255	279	289	201	232	271	310	290	277	337	430	358	539	|
|345	404	448	455	500	508	536	559	498	457	374	356	367	300	274	187	170	186	159	154	74	0	267	313	338	335	270	305	342	383	364	343	405	501	424	612	|
|427	422	441	494	444	409	410	424	372	332	262	256	275	235	216	218	154	133	108	119	212	267	0	48	72	86	84	140	143	197	217	309	342	281	174	421	|
|444	427	441	501	435	392	387	399	350	313	251	248	268	239	223	244	186	163	154	167	255	313	48	0	25	76	88	131	119	171	200	312	336	239	128	384	|
|461	439	451	514	439	393	385	395	349	313	256	255	275	251	238	264	208	186	179	191	279	338	72	25	0	74	105	141	121	170	204	323	344	225	109	372	|
|512	501	516	574	510	467	459	470	423	386	326	324	344	312	295	303	239	219	181	181	289	335	86	76	74	0	159	207	193	244	275	386	412	293	173	442	|
|356	341	358	415	360	327	332	348	293	252	179	172	191	153	136	162	114	91	128	153	201	270	84	88	105	159	0	58	77	128	136	227	258	235	157	362	|
|328	299	310	373	305	270	274	291	235	194	122	118	137	112	103	161	137	118	178	205	232	305	140	131	141	207	58	0	44	79	78	183	205	198	150	313	|
|367	329	335	404	319	274	269	282	232	194	136	138	157	147	144	205	177	157	205	230	271	342	143	119	121	193	77	44	0	55	83	213	225	160	107	286	|
|358	306	304	379	277	225	216	228	180	144	102	111	127	142	149	227	213	196	255	281	310	383	197	171	170	244	128	79	55	0	51	194	191	124	121	235	|
|308	256	256	329	236	193	196	213	157	116	54	61	77	95	108	194	195	182	253	281	290	364	217	200	204	275	136	78	83	51	0	143	144	164	171	249	|
|168	117	132	191	159	170	211	236	179	148	98	84	72	74	96	158	206	209	295	323	277	343	309	312	323	386	227	183	213	194	143	0	64	296	312	333	|
|207	125	113	193	104	107	149	175	121	98	90	88	69	116	143	219	260	259	344	373	337	405	342	336	344	412	258	205	225	191	144	64	0	271	312	283	|
|464	395	380	463	325	254	218	216	197	184	198	214	224	259	270	351	334	315	362	385	430	501	281	239	225	293	235	198	160	124	164	296	271	0	121	149	|
|472	427	425	500	393	333	312	317	281	253	223	231	248	252	251	309	270	248	271	289	358	424	174	128	109	173	157	150	107	121	171	312	312	121	0	270	|
|490	400	366	452	287	210	156	137	166	186	252	272	270	329	350	441	443	428	490	515	539	612	421	384	372	442	362	313	286	235	249	333	283	149	270	0	|

--------------------------------------------------------------------------------
Building model...
	using lazy and cut (CVRPSEP package)
Solving IRP LP...


Gurobi 9.1.0 (linux64) logging started Wed Dec  9 20:54:19 2020

================================================================================
executing instance: ./input/Instances/11/absH3high_1n15_11.dat
--------------------------------------------------------------------------------
Instance details
n	16
H	3
C	1239
Li:
[0, 0, 0, 0, 0, 0, 0, 0, 0, 0, 0, 0, 0, 0, 0, 0, ]
Ui:
[0, 228, 170, 204, 108, 273, 158, 44, 30, 219, 110, 92, 130, 108, 104, 64, ]
Distance matrix:
|0	32	34	76	136	173	103	160	158	290	345	344	321	374	230	196	|
|32	0	61	74	110	142	75	173	190	313	361	352	318	369	221	197	|
|34	61	0	67	146	193	135	178	134	256	312	317	302	357	217	174	|
|76	74	67	0	91	152	134	236	189	260	296	279	246	298	154	123	|
|136	110	146	91	0	68	114	280	277	339	360	318	252	294	145	160	|
|173	142	193	152	68	0	104	289	327	407	428	383	307	343	201	227	|
|103	75	135	134	114	104	0	186	259	386	430	410	359	405	254	250	|
|160	173	178	236	280	289	186	0	197	393	469	490	480	534	390	353	|
|158	190	134	189	277	327	259	197	0	204	289	337	367	424	311	246	|
|290	313	256	260	339	407	386	393	204	0	94	181	265	314	276	205	|
|345	361	312	296	360	428	430	469	289	94	0	106	213	251	260	204	|
|344	352	317	279	318	383	410	490	337	181	106	0	115	146	190	160	|
|321	318	302	246	252	307	359	480	367	265	213	115	0	57	107	128	|
|374	369	357	298	294	343	405	534	424	314	251	146	57	0	151	184	|
|230	221	217	154	145	201	254	390	311	276	260	190	107	151	0	74	|
|196	197	174	123	160	227	250	353	246	205	204	160	128	184	74	0	|

--------------------------------------------------------------------------------
Building model...
	using lazy and cut (CVRPSEP package)
Solving IRP LP...


Gurobi 9.1.0 (linux64) logging started Wed Dec  9 20:57:15 2020

================================================================================
executing instance: ./input/Instances/11/absH6high_5n30_11.dat
--------------------------------------------------------------------------------
Instance details
n	31
H	6
C	2262
Li:
[0, 0, 0, 0, 0, 0, 0, 0, 0, 0, 0, 0, 0, 0, 0, 0, 0, 0, 0, 0, 0, 0, 0, 0, 0, 0, 0, 0, 0, 0, 0, ]
Ui:
[0, 128, 72, 180, 88, 74, 192, 105, 237, 123, 96, 92, 126, 112, 32, 48, 147, 54, 196, 154, 129, 246, 28, 294, 186, 80, 84, 72, 192, 96, 110, ]
Distance matrix:
|0	13	64	65	63	85	135	158	161	219	274	275	383	412	339	302	287	345	358	389	401	246	201	169	171	87	106	129	120	235	393	|
|13	0	51	58	65	89	136	159	164	221	274	275	381	406	332	293	276	334	347	377	391	238	196	164	162	81	100	142	130	243	395	|
|64	51	0	58	90	117	150	171	183	233	279	279	376	386	306	259	236	289	307	335	353	210	182	155	133	80	90	193	172	276	408	|
|65	58	58	0	40	65	92	114	125	175	224	224	326	348	275	239	228	290	297	330	339	181	138	107	107	128	143	174	130	222	351	|
|63	65	90	40	0	27	72	95	99	157	211	212	321	359	291	263	258	323	327	360	366	202	148	114	134	145	163	142	90	186	331	|
|85	89	117	65	27	0	54	77	77	136	194	195	307	354	291	270	270	337	337	371	374	206	146	113	145	170	188	136	69	159	308	|
|135	136	150	92	72	54	0	23	34	85	140	141	253	304	247	235	245	315	306	342	339	170	103	73	125	215	232	182	101	142	260	|
|158	159	171	114	95	77	23	0	23	62	117	118	231	287	234	229	243	314	302	339	332	164	95	71	130	238	255	200	115	134	238	|
|161	164	183	125	99	77	34	23	0	61	121	123	238	303	254	251	267	338	325	362	355	187	117	94	153	245	262	187	100	111	232	|
|219	221	233	175	157	136	85	62	61	0	61	63	180	257	223	237	264	334	312	349	334	177	112	105	169	301	317	244	157	118	175	|
|274	274	279	224	211	194	140	117	121	61	0	3	118	207	190	220	257	325	294	330	308	171	122	132	190	352	367	306	218	164	136	|
|275	275	279	224	212	195	141	118	123	63	3	0	116	204	187	217	255	322	291	328	305	168	120	131	188	352	367	308	220	166	138	|
|383	381	376	326	321	307	253	231	238	180	118	116	0	129	166	227	277	331	285	316	280	208	197	222	261	454	467	424	336	272	137	|
|412	406	386	348	359	354	304	287	303	257	207	204	129	0	88	157	208	239	187	210	166	178	212	245	253	465	473	486	402	370	266	|
|339	332	306	275	291	291	247	234	254	223	190	187	166	88	0	70	123	166	119	151	120	96	145	179	173	384	391	427	348	342	290	|
|302	293	259	239	263	270	235	229	251	237	220	217	227	157	70	0	53	107	75	113	105	65	134	162	132	334	339	404	334	352	339	|
|287	276	236	228	258	270	245	243	267	264	257	255	277	208	123	53	0	71	71	102	117	87	153	173	125	307	308	400	338	374	383	|
|345	334	289	290	323	337	315	314	338	334	325	322	331	239	166	107	71	0	54	55	96	157	224	244	192	352	350	464	406	445	445	|
|358	347	307	297	327	337	306	302	325	312	294	291	285	187	119	75	71	54	0	37	49	138	208	233	193	376	377	469	403	428	406	|
|389	377	335	330	360	371	342	339	362	349	330	328	316	210	151	113	102	55	37	0	48	175	245	269	226	402	401	502	438	465	441	|
|401	391	353	339	366	374	339	332	355	334	308	305	280	166	120	105	117	96	49	48	0	169	237	266	233	424	425	508	438	452	409	|
|246	238	210	181	202	206	170	164	187	177	171	168	208	178	96	65	87	157	138	175	169	0	70	97	77	289	296	342	269	290	300	|
|201	196	182	138	148	146	103	95	117	112	122	120	197	212	145	134	153	224	208	245	237	70	0	34	68	261	272	281	204	221	258	|
|169	164	155	107	114	113	73	71	94	105	132	131	222	245	179	162	173	244	233	269	266	97	34	0	64	232	245	248	173	203	268	|
|171	162	133	107	134	145	125	130	153	169	190	188	261	253	173	132	125	192	193	226	233	77	68	64	0	212	220	276	214	264	326	|
|87	81	80	128	145	170	215	238	245	301	352	352	454	465	384	334	307	352	376	402	424	289	261	232	212	0	20	187	204	321	475	|
|106	100	90	143	163	188	232	255	262	317	367	367	467	473	391	339	308	350	377	401	425	296	272	245	220	20	0	207	224	341	492	|
|129	142	193	174	142	136	182	200	187	244	306	308	424	486	427	404	400	464	469	502	508	342	281	248	276	187	207	0	88	192	390	|
