




arguments: ./build/mirp_solver -f ./input/orig_exec_161.cfg
Current dir: /scratch/gui/bnc_mirp
File verbosity level: 9
date       time         ( uptime  ) [ thread name/id ]                   file:line     v| 
2021-01-10 02:33:14.861 (   0.112s) [main thread     ]             loguru.cpp:789   INFO| Logging to './output/vi_hc1_quarter/OU/V2/Original/execution_10_01_2021_02_33_14.log', mode: 'a', verbosity: 9
--------------------------------------------------------------------------------
Parameters
                           instance_path           ./input/Instances/Original/5/
                            model_policy                                       1
                             nb_vehicles                                       2
                              output_dir ./output/vi_hc1_quarter/OU/V2/Original/
                            sec_strategy                                       1
                       solver_nb_threads                                       2
                         solver_show_log                                    true
                       solver_time_limit                                    3600
                              use_vi_cos                                   false
                              use_vi_cus                                   false
                         use_vi_hc1_full                                   false
                         use_vi_hc1_half                                   false
                      use_vi_hc1_quarter                                    true
                              use_vi_hc2                                   false
                              use_vi_hc3                                   false
                         use_vi_lex_full                                   false
                         use_vi_lex_half                                   false
                      use_vi_lex_quarter                                   false
                              use_vi_qua                                   false
                               use_vi_vc                                   false
                               use_vi_vr                                   false
--------------------------------------------------------------------------------
executing instance: ./input/Instances/Original/5/absH3low_4n50.dat
--------------------------------------------------------------------------------
Instance details
n	51
H	3
C	4066
Li:
[0, 0, 0, 0, 0, 0, 0, 0, 0, 0, 0, 0, 0, 0, 0, 0, 0, 0, 0, 0, 0, 0, 0, 0, 0, 0, 0, 0, 0, 0, 0, 0, 0, 0, 0, 0, 0, 0, 0, 0, 0, 0, 0, 0, 0, 0, 0, 0, 0, 0, 0, ]
Ui:
[0, 108, 126, 122, 66, 120, 48, 30, 128, 54, 158, 198, 36, 66, 210, 234, 147, 297, 171, 128, 116, 120, 219, 70, 294, 207, 134, 128, 234, 122, 22, 183, 195, 255, 132, 124, 66, 189, 219, 66, 128, 102, 288, 66, 87, 136, 36, 39, 282, 36, 237, ]
Distance matrix:
|0	210	444	498	509	104	438	228	487	304	456	434	526	476	163	47	293	396	293	290	313	85	280	437	293	336	409	106	449	376	433	478	193	404	404	534	278	181	380	507	189	438	263	473	353	216	202	218	452	254	465	|
|210	0	299	507	359	106	345	409	358	411	320	402	555	448	136	200	289	264	306	427	141	222	83	348	264	320	283	303	380	208	258	357	170	348	475	542	243	347	355	379	65	479	172	373	355	251	112	229	402	210	300	|
|444	299	0	363	65	358	116	542	66	440	26	241	425	272	282	407	251	51	276	490	159	397	224	124	217	237	48	490	170	99	83	74	261	180	430	385	214	479	231	85	270	390	184	116	271	300	409	276	210	215	54	|
|498	507	363	0	385	482	246	424	326	254	343	123	63	93	388	452	221	337	211	314	428	414	480	239	243	187	324	463	194	418	438	307	346	188	156	36	264	392	156	326	444	87	340	258	154	286	603	294	153	297	417	|
|509	359	65	385	0	422	145	602	59	492	59	269	448	292	348	472	305	115	329	545	218	462	281	152	274	286	106	554	192	153	116	78	326	216	472	403	274	540	271	63	334	425	249	127	316	361	468	337	233	278	69	|
|104	106	358	482	422	0	372	309	408	337	374	396	521	441	98	96	262	314	271	342	215	124	177	373	249	302	329	198	394	281	337	402	139	353	419	518	230	250	343	428	90	437	188	405	328	200	134	188	406	199	372	|
|438	345	116	246	145	372	0	485	87	357	97	126	309	155	279	394	180	101	200	414	223	373	288	8	157	150	84	459	53	188	196	68	245	72	328	269	165	427	128	97	297	280	184	36	175	250	456	233	94	184	170	|
|228	409	542	424	602	309	485	0	561	170	544	419	424	446	298	214	305	491	286	115	462	187	457	480	331	339	496	124	470	510	565	545	295	424	279	454	329	66	376	576	363	340	370	520	330	242	429	266	453	328	581	|
|487	358	66	326	59	408	87	561	0	441	40	211	389	233	324	446	258	95	281	497	220	431	287	95	230	234	79	522	133	164	146	19	297	160	415	344	233	500	215	21	323	367	224	68	261	320	470	299	174	242	106	|
|304	411	440	254	492	337	357	170	441	0	434	266	255	286	275	266	189	392	164	63	408	225	428	351	224	207	392	234	330	438	484	424	250	287	112	284	232	149	233	453	349	170	302	389	185	168	471	195	305	248	487	|
|456	320	26	343	59	374	97	544	40	434	0	223	406	252	294	418	247	60	271	487	181	405	247	105	215	229	49	498	149	124	109	48	270	165	419	364	215	482	218	60	288	375	194	92	261	302	431	279	190	220	75	|
|434	402	241	123	269	396	126	419	211	266	223	0	185	46	298	387	140	213	145	328	310	355	366	118	147	97	201	425	78	295	315	191	256	65	211	151	166	371	53	215	343	157	231	145	90	220	505	217	41	198	295	|
|526	555	425	63	448	521	309	424	389	255	406	185	0	156	430	481	266	398	252	310	485	442	534	301	293	237	386	480	257	478	500	370	390	249	145	55	313	401	212	389	491	89	392	321	201	322	646	334	216	345	479	|
|476	448	272	93	292	441	155	446	233	286	252	46	156	0	343	429	183	250	184	348	353	396	411	148	192	140	236	461	102	334	350	214	302	106	214	113	212	402	98	233	389	151	277	165	125	261	551	260	62	244	325	|
|163	136	282	388	348	98	279	298	324	275	294	298	430	343	0	124	167	234	178	296	167	121	162	279	151	205	247	216	297	224	280	316	42	256	340	423	132	232	246	344	74	349	100	314	233	115	216	97	308	101	307	|
|47	200	407	452	472	96	394	214	446	266	418	387	481	429	124	0	246	358	245	259	284	41	261	392	247	289	370	103	403	345	402	436	150	358	361	488	232	158	333	466	165	393	223	430	306	168	217	171	406	210	431	|
|293	289	251	221	305	262	180	305	258	189	247	140	266	183	167	246	0	204	26	240	238	215	276	175	37	43	203	289	169	255	297	242	125	122	202	257	52	248	87	272	225	191	134	215	67	80	382	77	163	81	298	|
|396	264	51	337	115	314	101	491	95	392	60	213	398	250	234	358	204	0	229	442	130	347	196	108	169	194	19	440	152	87	102	93	211	149	390	363	165	428	194	116	228	355	134	117	230	250	376	225	189	164	95	|
|293	306	276	211	329	271	200	286	281	164	271	145	252	184	178	245	26	229	0	216	262	212	297	195	63	53	228	280	184	280	323	264	138	137	178	248	76	232	95	294	241	173	156	234	60	77	395	83	172	102	324	|
|290	427	490	314	545	342	414	115	497	63	487	328	310	348	296	259	240	442	216	0	443	220	456	408	273	264	443	204	390	479	529	480	278	346	165	343	278	115	293	509	369	229	340	447	244	202	473	230	366	288	536	|
|313	141	159	428	218	215	223	462	220	408	181	310	485	353	167	284	238	130	262	443	0	288	67	228	202	252	149	382	267	67	122	221	168	247	440	459	186	396	273	241	125	423	107	245	291	242	251	214	297	162	160	|
|85	222	397	414	462	124	373	187	431	225	405	355	442	396	121	41	215	347	212	220	288	0	273	371	221	258	357	95	378	344	401	420	136	331	321	450	208	126	302	450	177	353	213	409	272	136	253	143	377	190	426	|
|280	83	224	480	281	177	288	457	287	428	247	366	534	411	162	261	276	196	297	456	67	273	0	292	243	298	215	363	329	128	176	288	179	305	475	513	224	392	324	307	96	466	143	311	335	261	187	235	357	195	219	|
|437	348	124	239	152	373	8	480	95	351	105	118	301	148	279	392	175	108	195	408	228	371	292	0	154	144	91	456	46	194	203	76	244	65	320	261	163	423	121	103	299	273	185	40	168	247	459	230	86	183	178	|
|293	264	217	243	274	249	157	331	230	224	215	147	293	192	151	247	37	169	63	273	202	221	243	154	0	57	170	303	157	217	260	215	110	111	238	278	21	271	94	245	201	223	100	193	92	93	362	78	160	54	263	|
|336	320	237	187	286	302	150	339	234	207	229	97	237	140	205	289	43	194	53	264	252	258	298	144	57	0	190	331	131	257	294	216	163	84	197	221	77	285	44	246	258	172	155	183	39	123	418	119	120	110	288	|
|409	283	48	324	106	329	84	496	79	392	49	201	386	236	247	370	203	19	228	443	149	357	215	91	170	190	0	449	136	105	114	75	221	138	384	349	168	434	185	99	245	346	146	98	224	255	394	231	174	171	99	|
|106	303	490	463	554	198	459	124	522	234	498	425	480	461	216	103	289	440	280	204	382	95	363	456	303	331	449	0	458	439	496	510	229	410	344	498	293	89	374	540	267	391	307	495	336	211	308	226	451	280	520	|
|449	380	170	194	192	394	53	470	133	330	149	78	257	102	297	403	169	152	184	390	267	378	329	46	157	131	136	458	0	238	249	114	259	47	287	216	171	416	96	137	327	235	211	67	145	247	488	235	41	197	223	|
|376	208	99	418	153	281	188	510	164	438	124	295	478	334	224	345	255	87	280	479	67	344	128	194	217	257	105	439	238	0	57	169	216	230	453	445	206	445	268	184	191	427	141	202	296	278	315	250	274	191	92	|
|433	258	83	438	116	337	196	565	146	484	109	315	500	350	280	402	297	102	323	529	122	401	176	203	260	294	114	496	249	57	0	157	271	252	490	463	251	499	296	162	247	457	195	199	331	329	362	302	288	241	47	|
|478	357	74	307	78	402	68	545	19	424	48	191	370	214	316	436	242	93	264	480	221	420	288	76	215	216	75	510	114	169	157	0	287	141	396	325	219	485	196	31	319	347	216	49	243	306	469	286	154	230	120	|
|193	170	261	346	326	139	245	295	297	250	270	256	390	302	42	150	125	211	138	278	168	136	179	244	110	163	221	229	259	216	271	287	0	216	305	382	91	229	204	316	105	310	78	280	192	83	257	60	268	62	292	|
|404	348	180	188	216	353	72	424	160	287	165	65	249	106	256	358	122	149	137	346	247	331	305	65	111	84	138	410	47	230	252	141	216	0	255	215	126	369	56	168	292	210	177	102	103	200	454	189	54	155	234	|
|404	475	430	156	472	419	328	279	415	112	419	211	145	214	340	361	202	390	178	165	440	321	475	320	238	197	384	344	287	453	490	396	305	255	0	181	254	261	201	422	410	69	335	353	160	225	551	246	252	280	482	|
|534	542	385	36	403	518	269	454	344	284	364	151	55	113	423	488	257	363	248	343	459	450	513	261	278	221	349	498	216	445	463	325	382	215	181	0	298	425	189	342	479	115	373	276	190	323	638	330	175	332	439	|
|278	243	214	264	274	230	165	329	233	232	215	166	313	212	132	232	52	165	76	278	186	208	224	163	21	77	168	293	171	206	251	219	91	126	254	298	0	267	114	250	181	242	82	202	112	88	341	68	177	33	258	|
|181	347	479	392	540	250	427	66	500	149	482	371	401	402	232	158	248	428	232	115	396	126	392	423	271	285	434	89	416	445	499	485	229	369	261	425	267	0	325	516	298	313	305	463	281	180	375	203	403	264	516	|
|380	355	231	156	271	343	128	376	215	233	218	53	212	98	246	333	87	194	95	293	273	302	324	121	94	44	185	374	96	268	296	196	204	56	201	189	114	325	0	224	294	161	185	157	49	167	455	163	78	147	284	|
|507	379	85	326	63	428	97	576	21	453	60	215	389	233	344	466	272	116	294	509	241	450	307	103	245	246	99	540	137	184	162	31	316	168	422	342	250	516	224	0	344	371	244	70	271	337	490	317	176	261	120	|
|189	65	270	444	334	90	297	363	323	349	288	343	491	389	74	165	225	228	241	369	125	177	96	299	201	258	245	267	327	191	247	319	105	292	410	479	181	298	294	344	0	414	116	328	291	187	163	165	345	147	282	|
|438	479	390	87	425	437	280	340	367	170	375	157	89	151	349	393	191	355	173	229	423	353	466	273	223	172	346	391	235	427	457	347	310	210	69	115	242	313	161	371	414	0	323	301	133	238	565	253	197	273	444	|
|263	172	184	340	249	188	184	370	224	302	194	231	392	277	100	223	134	134	156	340	107	213	143	185	100	155	146	307	211	141	195	216	78	177	335	373	82	305	185	244	116	323	0	217	192	138	278	110	230	55	214	|
|473	373	116	258	127	405	36	520	68	389	92	145	321	165	314	430	215	117	234	447	245	409	311	40	193	183	98	495	67	202	199	49	280	102	353	276	202	463	157	70	328	301	217	0	205	286	485	269	106	220	167	|
|353	355	271	154	316	328	175	330	261	185	261	90	201	125	233	306	67	230	60	244	291	272	335	168	92	39	224	336	145	296	331	243	192	103	160	190	112	281	49	271	291	133	192	205	0	138	449	141	123	145	323	|
|216	251	300	286	361	200	250	242	320	168	302	220	322	261	115	168	80	250	77	202	242	136	261	247	93	123	255	211	247	278	329	306	83	200	225	323	88	180	167	337	187	238	138	286	138	0	328	28	243	88	340	|
|202	112	409	603	468	134	456	429	470	471	431	505	646	551	216	217	382	376	395	473	251	253	187	459	362	418	394	308	488	315	362	469	257	454	551	638	341	375	455	490	163	565	278	485	449	328	0	313	508	308	406	|
|218	229	276	294	337	188	233	266	299	195	279	217	334	260	97	171	77	225	83	230	214	143	235	230	78	119	231	226	235	250	302	286	60	189	246	330	68	203	163	317	165	253	110	269	141	28	313	0	235	61	315	|
|452	402	210	153	233	406	94	453	174	305	190	41	216	62	308	406	163	189	172	366	297	377	357	86	160	120	174	451	41	274	288	154	268	54	252	175	177	403	78	176	345	197	230	106	123	243	508	235	0	207	264	|
|254	210	215	297	278	199	184	328	242	248	220	198	345	244	101	210	81	164	102	288	162	190	195	183	54	110	171	280	197	191	241	230	62	155	280	332	33	264	147	261	147	273	55	220	145	88	308	61	207	0	253	|
|465	300	54	417	69	372	170	581	106	487	75	295	479	325	307	431	298	95	324	536	160	426	219	178	263	288	99	520	223	92	47	120	292	234	482	439	258	516	284	120	282	444	214	167	323	340	406	315	264	253	0	|

--------------------------------------------------------------------------------
Building model...
	using lazy and cut (CVRPSEP package)
Solving IRP LP...
--------------------------------------------------------------------------------

Gurobi 9.1.0 (linux64) logging started Sun Jan 10 02:33:15 2021

Gurobi Optimizer version 9.1.0 build v9.1.0rc0 (linux64)
Thread count: 32 physical cores, 32 logical processors, using up to 2 threads
Optimize a model with 1152 rows, 8460 columns and 19170 nonzeros
Model fingerprint: 0x92eb3c49
Variable types: 504 continuous, 7956 integer (306 binary)
Coefficient statistics:
  Matrix range     [1e+00, 2e+03]
  Objective range  [1e-02, 6e+02]
  Bounds range     [1e+00, 3e+02]
  RHS range        [1e+01, 7e+03]
Presolve removed 274 rows and 298 columns
Presolve time: 0.07s
Presolved: 878 rows, 8162 columns, 17826 nonzeros
Variable types: 359 continuous, 7803 integer (7506 binary)

Root relaxation: objective 3.291724e+03, 977 iterations, 0.03 seconds

    Nodes    |    Current Node    |     Objective Bounds      |     Work
 Expl Unexpl |  Obj  Depth IntInf | Incumbent    BestBd   Gap | It/Node Time

     0     0 3291.72371    0  136          - 3291.72371      -     -    0s
     0     0 3691.12633    0  150          - 3691.12633      -     -    0s
     0     0 3692.42236    0  157          - 3692.42236      -     -    1s
     0     0 3692.42236    0  157          - 3692.42236      -     -    1s
     0     0 4294.12648    0  161          - 4294.12648      -     -    1s
     0     0 4328.43389    0  162          - 4328.43389      -     -    1s
     0     0 4337.27503    0  178          - 4337.27503      -     -    1s
     0     0 4341.88900    0  207          - 4341.88900      -     -    1s
     0     0 4351.27175    0  181          - 4351.27175      -     -    1s
     0     0 4373.76146    0  232          - 4373.76146      -     -    1s
     0     0 4374.14913    0  218          - 4374.14913      -     -    1s
     0     0 4458.09219    0  199          - 4458.09219      -     -    2s
     0     0 4483.12839    0  292          - 4483.12839      -     -    2s
     0     0 4492.61319    0  290          - 4492.61319      -     -    2s
     0     0 4504.16818    0  274          - 4504.16818      -     -    2s
     0     0 4508.74088    0  313          - 4508.74088      -     -    2s
     0     0 4512.08015    0  320          - 4512.08015      -     -    2s
     0     0 4512.28919    0  322          - 4512.28919      -     -    2s
     0     0 4534.94503    0  328          - 4534.94503      -     -    2s
     0     0 4540.20506    0  297          - 4540.20506      -     -    2s
     0     0 4543.81223    0  334          - 4543.81223      -     -    2s
     0     0 4544.82997    0  366          - 4544.82997      -     -    2s
     0     0 4554.85060    0  400          - 4554.85060      -     -    3s
     0     0 4554.85060    0  400          - 4554.85060      -     -    3s
     0     2 4555.92299    0  405          - 4555.92299      -     -    3s
    15    19 4578.85287    5  329          - 4573.32905      -   314    5s
    90    96 4782.39641   22  237          - 4573.32905      -   265   10s
   253   283 5131.85444   46  216          - 4573.32905      -   173   15s
   552   531 5377.57144   79   62          - 4573.32905      -   101   20s
   736   689 5131.85733   47  417          - 4573.32905      -  84.5   25s
   756   702 6687.06500  169  437          - 4619.85333      -  82.2   30s
   769   711 8432.30385  259  470          - 4623.71696      -  80.8   35s
   772   716 4631.83093   14  401          - 4628.55189      -  89.5   40s
   802   736 4713.40327   22  319          - 4637.95778      -  96.9   45s
   855   776 4944.76565   37  154          - 4637.95778      -   108   50s
   951   845 5089.54479   65   77          - 4637.95778      -   113   55s
  1076   937 5457.57021  108   43          - 4637.95778      -   113   60s
  1235  1046 6132.05000  165    4          - 4637.95778      -   108   65s
  1442  1189 6585.38909  240    4          - 4637.95778      -  98.5   71s
* 1444  1125             241    6616.2100000 4637.95778  29.9%  98.4   71s
H 1455  1069                    6516.5400000 4637.95778  28.8%  97.8   71s
  1506  1010     cutoff  266      6516.54000 4638.02017  28.8%  96.1   79s
  1516  1017 4686.04162   17  439 6516.54000 4638.02017  28.8%  96.8   80s
H 1676  1007                    6280.9200000 4638.02017  26.2%  94.1   86s
  1693  1006 4760.53666   24  339 6280.92000 4638.02017  26.2%  99.0   90s
  1723  1032 4887.65165   34  148 6280.92000 4638.02017  26.2%   104   95s
  1767  1062 4955.49868   45   95 6280.92000 4638.02017  26.2%   109  102s
  1809  1088 5067.72753   58   45 6280.92000 4638.02017  26.2%   112  106s
  1848  1141 5107.14810   64   79 6280.92000 4638.02017  26.2%   114  110s
  1960  1195 5253.58055   88   54 6280.92000 4638.02017  26.2%   114  115s
  2055  1320 5516.58914  106   57 6280.92000 4638.02017  26.2%   112  120s
  2161  1307 5832.79821  118   23 6280.92000 4638.02017  26.2%   108  125s
  2181  1303 5530.53228  128   66 6280.92000 4638.02017  26.2%   108  138s
  2184  1326 5537.94512  129   56 6280.92000 4638.02017  26.2%   109  140s
  2239  1376 6066.94168  154   43 6280.92000 4638.02017  26.2%   110  145s
  2320  1401 5743.49167  190   48 6280.92000 4638.02017  26.2%   110  150s
  2417  1436 4728.84039   20  408 6280.92000 4651.36931  25.9%   112  156s
  2538  1572 4882.33373   30  136 6280.92000 4651.36931  25.9%   111  162s
  2633  1629 4946.97268   35  191 6280.92000 4651.36931  25.9%   109  165s
  2764  1662 5038.40514   43  111 6280.92000 4651.36931  25.9%   109  170s
  2795  1715 5032.68433   59  134 6280.92000 4651.36931  25.9%   111  175s
  2944  1929 5211.41548  124   66 6280.92000 4651.36931  25.9%   110  185s
  3132  1987 4983.39520   23  441 6280.92000 4667.26913  25.7%   106  191s
  3144  2035 5136.63770   28  306 6280.92000 4667.26913  25.7%   107  195s
  3212  2076 5442.50459   41  179 6280.92000 4673.12963  25.6%   107  200s
  3278  2128 4871.57593   25  190 6280.92000 4673.12963  25.6%   110  206s
  3335  2248 5225.79953   72  101 6280.92000 4673.12963  25.6%   110  210s
  3433  2473 5337.49541  137   58 6280.92000 4673.24179  25.6%   109  215s
  3682  2620 4885.38538   24  253 6280.92000 4673.24179  25.6%   104  222s
  3838  2635 5342.27698   30  216 6280.92000 4673.24179  25.6%   102  226s
  3877  2680 5615.74372   47  152 6280.92000 4673.24179  25.6%   104  230s
  3899  2754 5656.70900   50  231 6280.92000 4673.24179  25.6%   105  237s
  3973  2798 6157.55224   67   60 6280.92000 4684.57609  25.4%   105  241s
  4048  2879 4915.40816   32  221 6280.92000 4684.73930  25.4%   105  246s
  4129  2909 5292.32900   99  139 6280.92000 4691.00538  25.3%   105  251s
  4179  2926 4888.87440   21  310 6280.92000 4693.69948  25.3%   107  255s
  4234  3006 5091.73943   38   70 6280.92000 4693.69948  25.3%   111  263s
  4276  3093 5159.67291   50  128 6280.92000 4693.69948  25.3%   113  268s
  4363  3220 5310.56715   83   89 6280.92000 4693.69948  25.3%   115  274s
  4410  3220 5272.39473  107   80 6280.92000 4693.69948  25.3%   114  275s
  4490  3358 5319.88440  131   60 6280.92000 4693.79103  25.3%   115  281s
  4675  3473 4791.21738   23  305 6280.92000 4693.79103  25.3%   114  290s
  4867  3604 5094.17490   45  137 6280.92000 4696.82827  25.2%   112  298s
  5015  3638 infeasible  106      6280.92000 4700.75135  25.2%   111  304s
  5036  3639 4997.37150   25  314 6280.92000 4700.75135  25.2%   112  305s
  5052  3715 5829.17149  103    8 6280.92000 4700.83091  25.2%   113  310s
  5145  3813 infeasible  143      6280.92000 4701.19693  25.2%   114  319s
  5312  3873 4958.55964   22  277 6280.92000 4701.85405  25.1%   113  325s
  5362  3915 5191.98620   28  329 6280.92000 4701.85405  25.1%   114  332s
  5400  4087 5558.31851   37  209 6280.92000 4703.92664  25.1%   116  339s
  5461  4087 5282.34113   35  226 6280.92000 4703.94474  25.1%   116  340s
  5612  4253 4876.78733   25  327 6280.92000 4706.59363  25.1%   115  349s
  5704  4253 5205.70340  117   12 6280.92000 4706.59363  25.1%   114  350s
  5823  4343 5811.79000  179    - 6280.92000 4716.00574  24.9%   113  357s
  5931  4382 6020.11909  179   19 6280.92000 4716.56707  24.9%   114  364s
  5977  4501 6261.79000  186    - 6280.92000 4720.68009  24.8%   115  372s
  6114  4538     cutoff  186      6280.92000 4722.26985  24.8%   115  379s
  6153  4730 5206.21397   41  131 6280.92000 4723.07260  24.8%   117  387s
  6357  4817 4769.32041   21  429 6280.92000 4723.07260  24.8%   115  396s
  6444  4988 5559.51540   50  186 6280.92000 4723.11492  24.8%   116  404s
  6690  5131 5319.65775   33  269 6280.92000 4724.41722  24.8%   114  414s
  6888  5289 4878.64822   28  230 6280.92000 4726.36221  24.8%   113  423s
  7024  5289 5891.35777   88   45 6280.92000 4726.36221  24.8%   113  425s
  7066  5496 5635.51895   98   33 6280.92000 4727.31626  24.7%   112  432s
  7325  5736 6104.35027   83   30 6280.92000 4730.56204  24.7%   110  443s
  7438  5739 5609.84299  108   47 6280.92000 4730.56204  24.7%   110  445s
  7590  5966 5645.40215  116   16 6280.92000 4732.30117  24.7%   109  455s
  7867  6038 6200.83000  102    - 6280.92000 4734.34314  24.6%   107  468s
  7988  6338 5074.95095   32  151 6280.92000 4734.46134  24.6%   107  478s
  8103  6346 4977.42425   44   60 6280.92000 4734.46134  24.6%   107  480s
  8313  6663 5256.66333   75   44 6280.92000 4735.03866  24.6%   105  492s
  8615  6696 5913.66486   90   39 6280.92000 4735.99326  24.6%   103  495s
  8777  6855 6206.79000  144    - 6280.92000 4736.52543  24.6%   102  504s
  8814  6859 5147.96176   57  130 6280.92000 4736.52543  24.6%   102  505s
  8962  6998     cutoff  144      6280.92000 4738.24099  24.6%   101  515s
  9129  7033     cutoff  154      6280.92000 4742.89814  24.5%   101  523s
  9170  7152 5151.23118   28  181 6280.92000 4743.83020  24.5%   102  533s
  9291  7317 5606.04872   46   36 6280.92000 4744.42329  24.5%   102  543s
  9507  7437     cutoff   75      6280.92000 4747.57498  24.4%   102  554s
  9585  7446 6091.98751  114   57 6280.92000 4747.58390  24.4%   102  555s
  9657  7574 5373.89924   46   91 6280.92000 4747.89294  24.4%   102  563s
  9801  7575 5419.04916   53  115 6280.92000 4748.12101  24.4%   102  565s
  9802  7759 5387.37469   66   54 6280.92000 4748.35796  24.4%   102  578s
  9990  7762 5695.83719   82   46 6280.92000 4748.52812  24.4%   101  580s
 10024  7810     cutoff  144      6280.92000 4749.80075  24.4%   101  587s
 10077  7948 5239.04250   42   98 6280.92000 4749.94902  24.4%   102  597s
 10247  8074 6019.98750  101   18 6280.92000 4750.93753  24.4%   102  607s
 10450  8236     cutoff  175      6280.92000 4751.43834  24.4%   102  617s
 10612  8519     cutoff  120      6280.92000 4751.89494  24.3%   102  628s
 10721  8519 5414.90478  119   74 6280.92000 4751.89494  24.3%   101  630s
 10942  8674 4880.62174   25  245 6280.92000 4752.75665  24.3%   100  641s
 11109  8814 6121.50912   78  109 6280.92000 4753.39607  24.3%   100  650s
 11262  8981 5355.49394   71   80 6280.92000 4753.95042  24.3%   100  660s
 11463  9067 6138.06000  155    - 6280.92000 4755.29652  24.3%   100  671s
 11581  9222     cutoff  155      6280.92000 4756.23266  24.3%   100  681s
 11744  9395 6275.06000  155    - 6280.92000 4758.85412  24.2%   100  691s
 11926  9588     cutoff  155      6280.92000 4759.88851  24.2%   100  702s
 12157  9807 4921.48210   23  352 6280.92000 4760.61852  24.2%  99.1  713s
 12394  9903     cutoff  106      6280.92000 4761.82792  24.2%  98.6  723s
 12501 10050 5714.35000   90   14 6280.92000 4762.28800  24.2%  98.7  732s
 12678 10117 infeasible  128      6280.92000 4762.91576  24.2%  98.4  742s
 12753 10226 5053.71833   33  235 6280.92000 4763.35834  24.2%  99.0  751s
 12887 10300 4973.33027   25  464 6280.92000 4764.10662  24.1%  99.2  760s
 12961 10416 5773.85667   71   54 6280.92000 4765.30075  24.1%   100  769s
 12986 10417 6235.31000   95    - 6280.92000 4765.30075  24.1%   100  770s
 13097 10503     cutoff   95      6280.92000 4766.88543  24.1%   100  780s
 13188 10630 5318.36341   63   87 6280.92000 4767.26268  24.1%   100  794s
 13257 10630 5841.99500   97    4 6280.92000 4767.26268  24.1%   100  795s
 13401 10685     cutoff  142      6280.92000 4767.30845  24.1%   100  804s
 13442 10800 5172.52077   24  300 6280.92000 4767.30845  24.1%   101  816s
 13589 10923 5397.53024   29  268 6280.92000 4767.30845  24.1%   102  827s
 13741 10995 5845.29737   46  167 6280.92000 4767.30845  24.1%   102  883s
 13803 11104 6229.12000   58   18 6280.92000 4771.76428  24.0%   102  896s
 13926 11106 5419.85206   58   41 6280.92000 4771.76428  24.0%   102  910s
 13928 11336 5432.34145   59   59 6280.92000 4771.93618  24.0%   102  925s
 14256 11512     cutoff  123      6280.92000 4772.62532  24.0%   101  937s
 14454 11538     cutoff  109      6280.92000 4775.38435  24.0%   101  953s
 14475 11745 4982.22069   36  150 6280.92000 4776.74815  23.9%   101  965s
 14724 11891 4965.33462   29  217 6280.92000 4777.24865  23.9%   101  977s
 14895 12087 5040.00907   32  104 6280.92000 4777.64823  23.9%   101  988s
 15054 12094 5219.88810   63   93 6280.92000 4777.72616  23.9%   101  990s
 15128 12222 5944.46500  103   10 6280.92000 4778.74961  23.9%   101 1002s
 15358 12382 infeasible   86      6280.92000 4780.74811  23.9%   100 1014s
 15531 12470 4899.05892   23  372 6280.92000 4782.58812  23.9%   100 1025s
 15631 12658 5146.79348   35  192 6280.92000 4782.58812  23.9%   101 1036s
 15837 12892 5552.08619  119   57 6280.92000 4783.22885  23.8%   100 1051s
*16003 11201             123    5954.3600000 4783.22885  19.7%   100 1052s
 16107 11225 4929.96478   24  370 5954.36000 4787.08636  19.6%   100 1064s
 16164 11347 5302.30244   49  101 5954.36000 4787.77386  19.6%   101 1075s
 16321 11353     cutoff  102      5954.36000 4789.26742  19.6%   101 1089s
 16330 11444 4894.96632   24  388 5954.36000 4789.60374  19.6%   101 1099s
 16421 11557 5260.91095   36  273 5954.36000 4789.60374  19.6%   101 1110s
 16575 11624 5191.51423   47  317 5954.36000 4789.60374  19.6%   102 1122s
 16628 11786 5275.40676   52  104 5954.36000 4789.60374  19.6%   102 1132s
 16816 11904 5813.56381  144   27 5954.36000 4790.15169  19.6%   102 1148s
 16978 12075 5247.19998   52  107 5954.36000 4791.27634  19.5%   102 1160s
 17172 12196 5768.72016   99   25 5954.36000 4793.21031  19.5%   102 1172s
 17317 12273 5947.72000  122    - 5954.36000 4793.64560  19.5%   103 1187s
 17404 12403 4993.01785   36  240 5954.36000 4793.79274  19.5%   103 1198s
 17530 12586 5058.84346  132   83 5954.36000 4794.07691  19.5%   103 1211s
 17746 12738 5828.17557   89   44 5954.36000 4794.13776  19.5%   103 1226s
 17936 12924     cutoff   72      5954.36000 4795.33769  19.5%   103 1240s
 18196 13000 4901.82628   19  289 5954.36000 4796.25557  19.4%   102 1252s
 18277 13214 5138.19042   39   53 5954.36000 4797.46369  19.4%   103 1266s
 18533 13350 5836.71984   87   22 5954.36000 4797.77067  19.4%   103 1279s
 18696 13398     cutoff   94      5954.36000 4799.17201  19.4%   103 1290s
 18754 13497 5638.45044   48  102 5954.36000 4799.45408  19.4%   104 1302s
 18929 13687 5953.05000  102    6 5954.36000 4801.15518  19.4%   104 1314s
 19006 13688 5535.75057   98   32 5954.36000 4801.15518  19.4%   104 1315s
 19129 13896 4964.02927   31  130 5954.36000 4801.64734  19.4%   103 1331s
 19380 13991     cutoff  148      5954.36000 4801.68379  19.4%   103 1344s
 19484 14029 5118.22546   29  227 5954.36000 4801.84499  19.4%   103 1355s
 19528 14078 5093.98583   45   91 5954.36000 4801.84499  19.4%   104 1365s
 19588 14202 5184.84648   66   36 5954.36000 4801.94130  19.4%   105 1379s
 19657 14208 5655.15581  100   16 5954.36000 4801.94130  19.4%   105 1380s
 19769 14294 5909.75000  137    - 5954.36000 4801.98679  19.4%   105 1392s
 19865 14392     cutoff  137      5954.36000 4802.01161  19.4%   105 1405s
 20003 14553 5492.45807   46  200 5954.36000 4803.20735  19.3%   105 1419s
 20194 14640 5648.72655   52  197 5954.36000 4803.58526  19.3%   105 1431s
 20300 14717     cutoff   88      5954.36000 4804.09289  19.3%   105 1445s
 20379 14792 5642.48945   63   31 5954.36000 4804.39213  19.3%   105 1456s
 20469 14855 5360.16979   28  236 5954.36000 4804.95638  19.3%   105 1468s
 20541 14889 4932.53673   27  419 5954.36000 4804.99730  19.3%   106 1490s
 20576 14939 5470.38746   49  298 5954.36000 4805.10947  19.3%   106 1502s
 20641 15011 5809.31374   69   45 5954.36000 4805.48012  19.3%   107 1514s
 20712 15014 5148.96253   30  262 5954.36000 4805.48012  19.3%   107 1515s
 20734 15056 5915.02000   80    - 5954.36000 4805.72305  19.3%   107 1526s
 20796 15189     cutoff   80      5954.36000 4806.76745  19.3%   107 1538s
 20948 15345 5541.86614   74   96 5954.36000 4807.19287  19.3%   107 1557s
 21130 15525 5522.57261   54   71 5954.36000 4807.33556  19.3%   107 1571s
 21329 15726 5227.55506   46  139 5954.36000 4807.52973  19.3%   107 1586s
 21558 15864 5035.33115   28  310 5954.36000 4807.57211  19.3%   106 1602s
 21721 16020 5114.24536   38  257 5954.36000 4808.22644  19.2%   106 1617s
 21885 16109 4901.96329   25  335 5954.36000 4808.49154  19.2%   106 1631s
 21988 16234 5715.49989   64   54 5954.36000 4809.38346  19.2%   107 1645s
 22144 16270     cutoff   88      5954.36000 4810.89575  19.2%   107 1658s
 22182 16362 5257.26762   36  250 5954.36000 4810.89575  19.2%   107 1671s
 22274 16594 5424.27677   52   81 5954.36000 4811.24950  19.2%   108 1687s
 22549 16698 5021.94983   34  242 5954.36000 4812.37252  19.2%   107 1702s
 22673 16826 4987.60354   30  178 5954.36000 4812.50908  19.2%   107 1719s
 22750 16826 5854.39843   62   43 5954.36000 4812.50908  19.2%   107 1720s
 22811 16944 4987.22657   26  327 5954.36000 4812.84388  19.2%   108 1734s
 22982 17117     cutoff  100      5954.36000 4813.43799  19.2%   108 1749s
 23083 17117 5775.62774  123    6 5954.36000 4813.43799  19.2%   108 1750s
 23170 17262 4911.06346   24  325 5954.36000 4813.43799  19.2%   108 1763s
 23347 17268 5932.72506   71   84 5954.36000 4813.43799  19.2%   107 1765s
 23351 17345 5395.37810  115   50 5954.36000 4813.74559  19.2%   107 1776s
 23445 17572 5246.03280   40   97 5954.36000 4814.18058  19.1%   108 1790s
 23697 17756 5483.05456  119   66 5954.36000 4815.01936  19.1%   107 1806s
 23948 17896 5813.50000  103    - 5954.36000 4815.92129  19.1%   107 1820s
 24108 18018 5942.78000  105    8 5954.36000 4816.01523  19.1%   107 1833s
 24238 18109     cutoff  110      5954.36000 4816.64033  19.1%   107 1847s
 24335 18323 5418.35887   51  127 5954.36000 4817.49404  19.1%   108 1862s
 24432 18323 5011.47666   22  199 5954.36000 4817.49404  19.1%   107 1866s
 24570 18441 5082.60956   26  116 5954.36000 4817.73258  19.1%   107 1880s
 24730 18530 5894.66847   95   16 5954.36000 4818.34553  19.1%   108 1894s
 24817 18621 5265.95469   29  125 5954.36000 4818.34553  19.1%   108 1907s
 24918 18766 5429.87372   33  154 5954.36000 4818.34553  19.1%   108 1921s
 25083 18842 5418.20852   38  218 5954.36000 4818.34553  19.1%   108 1937s
 25173 18933 5782.33255   52   41 5954.36000 4820.88998  19.0%   108 1951s
 25349 19002 infeasible   66      5954.36000 4821.51172  19.0%   108 1965s
 25457 19064 5741.07284   51   42 5954.36000 4822.53985  19.0%   109 1978s
 25551 19187 5340.65562   52  172 5954.36000 4822.88045  19.0%   109 1991s
 25709 19306 5298.52735   63  151 5954.36000 4823.39569  19.0%   109 2006s
 25832 19427 5072.68132   43  174 5954.36000 4823.41209  19.0%   109 2020s
 25992 19561     cutoff  137      5954.36000 4823.45205  19.0%   109 2036s
 26139 19681 5255.37589   62   94 5954.36000 4823.55110  19.0%   109 2052s
 26285 19741 5796.10727  166   24 5954.36000 4824.34707  19.0%   109 2067s
 26373 19804 infeasible  180      5954.36000 4824.59601  19.0%   109 2080s
 26442 19915 5256.28093   42  262 5954.36000 4824.87808  19.0%   109 2100s
 26570 20088 4951.72852   30  304 5954.36000 4825.02277  19.0%   109 2113s
 26718 20088 5170.73698  105   86 5954.36000 4825.02277  19.0%   109 2115s
 26753 20217 5327.95824   97   31 5954.36000 4826.34186  18.9%   109 2127s
 26906 20342 5171.43738   39  264 5954.36000 4826.80586  18.9%   109 2141s
 27074 20461 5023.39587   32  265 5954.36000 4828.72858  18.9%   109 2156s
 27204 20508 4992.43152   26  238 5954.36000 4829.07270  18.9%   109 2170s
 27273 20703 4940.42883   20  321 5954.36000 4829.62487  18.9%   110 2186s
 27492 20810 5717.02000  127    - 5954.36000 4830.07657  18.9%   109 2201s
 27607 20895 5798.02000  127    - 5954.36000 4830.44576  18.9%   109 2215s
 27693 20999 5802.02000  127    - 5954.36000 4830.56217  18.9%   110 2230s
 27812 21085 5934.46000  127    8 5954.36000 4830.86971  18.9%   110 2245s
 27919 21130     cutoff  128      5954.36000 4831.44438  18.9%   110 2258s
 27970 21346 5159.82194   47  263 5954.36000 4832.13758  18.8%   110 2271s
 28213 21393 5190.79077   24  350 5954.36000 4832.14567  18.8%   110 2285s
 28262 21418     cutoff   53      5954.36000 4832.49124  18.8%   110 2297s
 28310 21491     cutoff   60      5954.36000 4832.65894  18.8%   111 2310s
 28385 21611 5468.09825   77   85 5954.36000 4832.85462  18.8%   111 2324s
 28431 21611 5571.42295  123   24 5954.36000 4832.85462  18.8%   111 2325s
 28523 21634 5914.91041  142   31 5954.36000 4832.86193  18.8%   111 2348s
 28582 21784 5066.38100   30  340 5954.36000 4833.26325  18.8%   111 2362s
 28765 21874 4885.61054   26  295 5954.36000 4833.54044  18.8%   111 2376s
 28854 21988 5836.82177   95   62 5954.36000 4834.05234  18.8%   111 2389s
 28912 21988 5583.99810   70   96 5954.36000 4834.05234  18.8%   111 2390s
 28990 22153 5633.11548   73   96 5954.36000 4834.36669  18.8%   111 2403s
 29134 22155 5500.01540   69  126 5954.36000 4834.40576  18.8%   111 2405s
 29185 22252 4982.34916   27  164 5954.36000 4834.40576  18.8%   111 2418s
 29292 22290 5400.23018   33  236 5954.36000 4834.40576  18.8%   111 2434s
 29330 22338 5849.34043   40  158 5954.36000 4834.40576  18.8%   111 2448s
 29397 22435 5874.34942   48  221 5954.36000 4835.48544  18.8%   112 2462s
 29521 22483 5179.64823   27  325 5954.36000 4836.03931  18.8%   112 2478s
 29605 22518 5919.77455   62    4 5954.36000 4836.47226  18.8%   112 2490s
 29699 22660     cutoff   71      5954.36000 4837.02088  18.8%   112 2507s
 29863 22764 5683.25192   64   28 5954.36000 4837.40376  18.8%   112 2522s
 29985 22843 5087.72901   31  236 5954.36000 4837.42040  18.8%   112 2536s
 30082 22884 5695.90321   54   58 5954.36000 4837.72081  18.8%   112 2549s
 30135 22928     cutoff   72      5954.36000 4837.99583  18.7%   113 2563s
 30185 23047 5058.51979   30  405 5954.36000 4838.20633  18.7%   113 2578s
 30291 23047 5398.77653  119   21 5954.36000 4838.20633  18.7%   113 2580s
 30316 23175 5143.57300   40  316 5954.36000 4838.20633  18.7%   113 2596s
 30469 23351 5259.83872   52   75 5954.36000 4838.57575  18.7%   113 2611s
 30670 23434 5616.02881  118   29 5954.36000 4839.82445  18.7%   113 2627s
 30767 23549     cutoff  138      5954.36000 4839.93392  18.7%   113 2644s
 30823 23550 5839.65000   77    6 5954.36000 4839.93392  18.7%   113 2645s
 30909 23617 5847.30000   78    - 5954.36000 4840.47651  18.7%   113 2660s
 30992 23694 5114.12329   33   96 5954.36000 4840.69827  18.7%   113 2675s
 31062 23903 5278.09243   51   95 5954.36000 4840.75394  18.7%   114 2697s
 31325 24058 5844.62000  149    - 5954.36000 4840.91893  18.7%   113 2713s
 31502 24210 infeasible  149      5954.36000 4841.28299  18.7%   113 2728s
 31676 24327 5019.22960   23  396 5954.36000 4841.88178  18.7%   113 2743s
 31800 24423 5205.39858   29  272 5954.36000 4841.88178  18.7%   113 2761s
 31900 24611 5387.79660   43  155 5954.36000 4841.88178  18.7%   114 2779s
 31947 24611 5294.70746   74   14 5954.36000 4841.88178  18.7%   114 2780s
 32100 24688 5365.05289   67   57 5954.36000 4842.05685  18.7%   113 2795s
 32224 24786     cutoff   92      5954.36000 4842.42898  18.7%   113 2809s
 32252 24786 5129.61614   55  163 5954.36000 4842.42898  18.7%   113 2810s
 32334 24950     cutoff  109      5954.36000 4842.81223  18.7%   113 2825s
 32520 25063 infeasible  130      5954.36000 4842.93564  18.7%   113 2841s
 32644 25271 5431.55569   94   88 5954.36000 4843.13298  18.7%   113 2858s
 32901 25307 5610.80000   98    - 5954.36000 4843.40968  18.7%   113 2875s
 32938 25366 5217.60176   36  159 5954.36000 4843.92613  18.6%   113 2893s
 33012 25449 4928.63803   26  418 5954.36000 4843.92613  18.6%   113 2908s
 33119 25500 5507.71081   38  404 5954.36000 4843.92613  18.6%   113 2921s
 33170 25538 5901.69979   58  263 5954.36000 4844.09769  18.6%   114 2935s
 33228 25613 5063.68459   33  243 5954.36000 4844.57399  18.6%   114 2951s
 33319 25667 5171.21680   41  168 5954.36000 4844.57399  18.6%   114 2967s
 33375 25769 5265.73479   52  136 5954.36000 4844.57399  18.6%   114 2981s
 33487 25868 5276.18753   64   54 5954.36000 4844.57399  18.6%   115 2997s
 33596 25923 5294.91123   79  176 5954.36000 4844.57399  18.6%   115 3014s
 33651 26006 5320.40645   94  133 5954.36000 4844.57399  18.6%   115 3030s
 33747 26157 5544.54084  113   66 5954.36000 4845.10977  18.6%   115 3046s
 33946 26209     cutoff  117      5954.36000 4845.18419  18.6%   115 3064s
 34004 26353 5436.31537   36  165 5954.36000 4845.53717  18.6%   115 3080s
 34175 26379 5043.04337   26  267 5954.36000 4845.63476  18.6%   115 3095s
 34196 26411 4934.02956   28  227 5954.36000 4845.63476  18.6%   116 3112s
 34228 26445 5230.10431   35  273 5954.36000 4845.63476  18.6%   116 3125s
 34262 26525 5463.38755   41  233 5954.36000 4845.63476  18.6%   116 3142s
 34342 26581 5605.79152   53   70 5954.36000 4845.71705  18.6%   117 3158s
 34438 26645     cutoff   66      5954.36000 4845.75729  18.6%   117 3176s
 34457 26645 5111.44511   43  267 5954.36000 4845.88064  18.6%   117 3180s
 34535 26744 5446.81294   38  162 5954.36000 4845.93417  18.6%   117 3195s
 34640 26929 4993.92099   39  103 5954.36000 4846.11419  18.6%   117 3212s
 34838 27004 5055.88964   32  201 5954.36000 4846.45772  18.6%   117 3230s
 34951 27083 5880.07000   81    4 5954.36000 4846.65794  18.6%   117 3247s
 35047 27175 5916.97000   82   14 5954.36000 4847.36151  18.6%   117 3264s
 35165 27264 5922.97000   83   23 5954.36000 4847.52118  18.6%   117 3280s
 35263 27433 5294.75151   62  147 5954.36000 4847.95981  18.6%   118 3300s
 35479 27482 5948.87000  106    - 5954.36000 4848.12260  18.6%   117 3317s
 35526 27622     cutoff  106      5954.36000 4848.17448  18.6%   118 3336s
 35686 27643 5023.81391   28  296 5954.36000 4848.53762  18.6%   118 3357s
 35707 27747 5058.71236   33  128 5954.36000 4848.62710  18.6%   118 3373s
 35834 27800 5699.37819   59   37 5954.36000 4848.97326  18.6%   118 3390s
 35894 27849     cutoff   81      5954.36000 4849.20236  18.6%   118 3406s
 35956 27991 5180.96519   47  198 5954.36000 4849.42902  18.6%   118 3424s
