




arguments: ./build/mirp_solver -f ./input/orig_exec_122.cfg
Current dir: /scratch/gui/bnc_mirp
File verbosity level: 9
date       time         ( uptime  ) [ thread name/id ]                   file:line     v| 
2021-01-09 22:51:36.803 (   0.598s) [main thread     ]             loguru.cpp:789   INFO| Logging to './output/vi_hc1_quarter/OU/V2/Original/execution_09_01_2021_22_51_36.log', mode: 'a', verbosity: 9
--------------------------------------------------------------------------------
Parameters
                           instance_path           ./input/Instances/Original/4/
                            model_policy                                       1
                             nb_vehicles                                       2
                              output_dir ./output/vi_hc1_quarter/OU/V2/Original/
                            sec_strategy                                       1
                       solver_nb_threads                                       2
                         solver_show_log                                    true
                       solver_time_limit                                    3600
                              use_vi_cos                                   false
                              use_vi_cus                                   false
                         use_vi_hc1_full                                   false
                         use_vi_hc1_half                                   false
                      use_vi_hc1_quarter                                    true
                              use_vi_hc2                                   false
                              use_vi_hc3                                   false
                         use_vi_lex_full                                   false
                         use_vi_lex_half                                   false
                      use_vi_lex_quarter                                   false
                              use_vi_qua                                   false
                               use_vi_vc                                   false
                               use_vi_vr                                   false
--------------------------------------------------------------------------------
executing instance: ./input/Instances/Original/4/absH3low_3n30.dat
--------------------------------------------------------------------------------
Instance details
n	31
H	3
C	2841
Li:
[0, 0, 0, 0, 0, 0, 0, 0, 0, 0, 0, 0, 0, 0, 0, 0, 0, 0, 0, 0, 0, 0, 0, 0, 0, 0, 0, 0, 0, 0, 0, ]
Ui:
[0, 246, 98, 54, 144, 171, 192, 180, 165, 98, 122, 198, 297, 144, 130, 129, 219, 138, 142, 150, 108, 66, 64, 285, 180, 204, 276, 168, 240, 198, 122, ]
Distance matrix:
|0	172	56	166	260	198	42	197	296	110	91	112	238	275	323	183	330	232	175	181	162	191	232	280	201	139	356	185	266	216	26	|
|172	0	178	223	320	335	153	355	444	62	231	99	333	376	214	352	176	235	194	106	47	41	353	161	299	175	225	43	326	374	153	|
|56	178	0	110	204	162	93	233	336	125	144	148	187	226	358	180	313	284	123	152	182	185	282	252	256	88	329	177	210	251	42	|
|166	223	110	0	102	150	199	327	431	194	253	237	113	156	431	228	296	386	44	140	248	208	389	218	366	48	287	200	108	344	148	|
|260	320	204	102	0	156	296	391	493	296	340	339	66	90	531	263	362	486	127	226	349	300	469	278	454	148	334	292	6	406	245	|
|198	335	162	150	156	0	239	255	351	286	245	307	93	106	518	111	442	423	194	280	344	335	349	367	352	182	437	327	158	266	199	|
|42	153	93	199	296	239	0	203	296	91	82	76	278	316	284	217	322	191	201	186	133	180	217	281	177	165	356	175	302	222	52	|
|197	355	233	327	391	255	203	0	104	294	125	266	340	361	436	151	524	276	352	377	330	383	109	477	146	319	553	377	395	19	222	|
|296	444	336	431	493	351	296	104	0	384	214	348	440	456	488	241	617	315	456	476	412	475	113	575	176	422	651	470	497	88	322	|
|110	62	125	194	296	286	91	294	384	0	171	55	298	340	238	292	233	210	176	118	58	91	298	201	248	148	273	87	302	313	94	|
|91	231	144	253	340	245	82	125	214	171	0	141	307	339	324	184	403	187	266	266	204	261	140	363	114	230	438	256	346	144	116	|
|112	99	148	237	339	307	76	266	348	55	141	0	332	373	212	292	275	156	225	173	64	137	254	253	200	194	322	135	345	284	108	|
|238	333	187	113	66	93	278	340	440	298	307	332	0	43	536	203	404	469	153	253	354	321	427	322	420	160	385	313	67	353	229	|
|275	376	226	156	90	106	316	361	456	340	339	373	43	0	578	216	443	507	194	295	397	364	453	361	451	203	421	356	88	372	268	|
|323	214	358	431	531	518	284	436	488	238	324	212	536	578	0	498	309	176	407	320	183	245	376	344	312	383	379	251	537	451	319	|
|183	352	180	228	263	111	217	151	241	292	184	292	203	216	498	0	492	371	266	328	345	364	255	426	272	242	501	356	266	159	198	|
|330	176	313	296	362	442	322	524	617	233	403	275	404	443	309	492	0	397	253	164	218	142	529	84	475	260	72	147	367	543	306	|
|232	235	284	386	486	423	191	276	315	210	187	156	469	507	176	371	397	0	379	327	188	276	202	396	139	346	456	277	492	289	242	|
|175	194	123	44	127	194	201	352	456	176	266	225	153	194	407	266	253	379	0	101	225	174	405	174	375	36	244	166	133	370	152	|
|181	106	152	140	226	280	186	377	476	118	266	173	253	295	320	328	164	327	101	0	148	76	403	100	360	98	177	69	232	396	155	|
|162	47	182	248	349	344	133	330	412	58	204	64	354	397	183	345	218	188	225	148	0	89	316	208	259	201	270	90	355	348	149	|
|191	41	185	208	300	335	180	383	475	91	261	137	321	364	245	364	142	276	174	76	89	0	388	119	336	162	185	8	306	402	169	|
|232	353	282	389	469	349	217	109	113	298	140	254	427	453	376	255	529	202	405	403	316	388	0	497	64	369	570	384	474	112	256	|
|280	161	252	218	278	367	281	477	575	201	363	253	322	361	344	426	84	396	174	100	208	119	497	0	449	187	77	119	283	496	255	|
|201	299	256	366	454	352	177	146	176	248	114	200	420	451	312	272	475	139	375	360	259	336	64	449	0	339	521	333	460	156	223	|
|139	175	88	48	148	182	165	319	422	148	230	194	160	203	383	242	260	346	36	98	201	162	369	187	339	0	260	153	154	337	116	|
|356	225	329	287	334	437	356	553	651	273	438	322	385	421	379	501	72	456	244	177	270	185	570	77	521	260	0	187	338	572	331	|
|185	43	177	200	292	327	175	377	470	87	256	135	313	356	251	356	147	277	166	69	90	8	384	119	333	153	187	0	298	396	163	|
|266	326	210	108	6	158	302	395	497	302	346	345	67	88	537	266	367	492	133	232	355	306	474	283	460	154	338	298	0	410	251	|
|216	374	251	344	406	266	222	19	88	313	144	284	353	372	451	159	543	289	370	396	348	402	112	496	156	337	572	396	410	0	241	|
|26	153	42	148	245	199	52	222	322	94	116	108	229	268	319	198	306	242	152	155	149	169	256	255	223	116	331	163	251	241	0	|

--------------------------------------------------------------------------------
Building model...
	using lazy and cut (CVRPSEP package)
Solving IRP LP...
--------------------------------------------------------------------------------

Gurobi 9.1.0 (linux64) logging started Sat Jan  9 22:51:36 2021

Gurobi Optimizer version 9.1.0 build v9.1.0rc0 (linux64)
Thread count: 32 physical cores, 32 logical processors, using up to 2 threads
Optimize a model with 697 rows, 3280 columns and 7855 nonzeros
Model fingerprint: 0x2e1938f7
Variable types: 304 continuous, 2976 integer (186 binary)
Coefficient statistics:
  Matrix range     [1e+00, 1e+03]
  Objective range  [1e-02, 7e+02]
  Bounds range     [1e+00, 3e+02]
  RHS range        [3e+01, 5e+03]
Presolve removed 224 rows and 218 columns
Presolve time: 0.06s
Presolved: 473 rows, 3062 columns, 6914 nonzeros
Variable types: 179 continuous, 2883 integer (2706 binary)

Root relaxation: objective 2.318695e+03, 470 iterations, 0.01 seconds

    Nodes    |    Current Node    |     Objective Bounds      |     Work
 Expl Unexpl |  Obj  Depth IntInf | Incumbent    BestBd   Gap | It/Node Time

     0     0 2318.69472    0   75          - 2318.69472      -     -    0s
     0     0 2640.00975    0  103          - 2640.00975      -     -    0s
     0     0 2642.87934    0   97          - 2642.87934      -     -    0s
     0     0 2642.95879    0   91          - 2642.95879      -     -    0s
     0     0 3077.03977    0  118          - 3077.03977      -     -    0s
     0     0 3158.67738    0  119          - 3158.67738      -     -    0s
     0     0 3168.38085    0  116          - 3168.38085      -     -    0s
     0     0 3213.17558    0  127          - 3213.17558      -     -    0s
     0     0 3221.88121    0  136          - 3221.88121      -     -    0s
     0     0 3221.98081    0  157          - 3221.98081      -     -    0s
     0     0 3351.96106    0  175          - 3351.96106      -     -    0s
     0     0 3357.02970    0  171          - 3357.02970      -     -    0s
     0     0 3357.17163    0  168          - 3357.17163      -     -    0s
     0     0 3437.94100    0  221          - 3437.94100      -     -    0s
     0     0 3442.75129    0  252          - 3442.75129      -     -    0s
     0     0 3443.49539    0  256          - 3443.49539      -     -    0s
     0     0 3455.88243    0  221          - 3455.88243      -     -    0s
     0     0 3456.97881    0  229          - 3456.97881      -     -    0s
     0     0 3463.48460    0  255          - 3463.48460      -     -    0s
     0     0 3463.48460    0  238          - 3463.48460      -     -    0s
     0     2 3463.93334    0  236          - 3463.93334      -     -    0s
*  224   236              77    4802.4000000 3470.65173  27.7%  77.1    2s
H  370   138                    4005.7300000 3480.12972  13.1%  75.6    4s
   389   117 3887.43472   15   25 4005.73000 3480.12972  13.1%  72.5    5s
H  414   121                    3965.7299435 3480.12972  12.2%  71.8    5s
   681   285 3936.45245    9  105 3965.72994 3535.15569  10.9%  91.2   10s
   766   312 3606.73587   15  272 3965.72994 3606.73587  9.05%  95.2   15s
   946   375 3817.03767   21   75 3965.72994 3670.86799  7.44%   104   20s
H 1084   330                    3919.9500000 3677.71150  6.18%   107   23s
H 1174   304                    3917.9500000 3704.84772  5.44%   110   24s
  1181   300     cutoff   21      3917.95000 3710.42940  5.30%   110   25s
* 1299   276              41    3916.6100000 3737.89869  4.56%   113   27s
  1400   239 3875.00084   26  117 3916.61000 3770.83124  3.72%   117   30s
* 1583   139              26    3914.8500000 3823.53017  2.33%   121   34s
  1686    97     cutoff   23      3914.85000 3849.43604  1.67%   119   35s

Cutting planes:
  User: 956
  Gomory: 19
  Cover: 179
  Implied bound: 24
  Clique: 19
  MIR: 110
  StrongCG: 5
  Flow cover: 217
  GUB cover: 1
  Zero half: 10
  RLT: 130
  Relax-and-lift: 3
  Lazy constraints: 101

Explored 1896 nodes (216572 simplex iterations) in 36.89 seconds
Thread count was 2 (of 32 available processors)

Solution count 7: 3914.85 3916.61 3917.95 ... 4802.4

Optimal solution found (tolerance 1.00e-04)
Best objective 3.914850000000e+03, best bound 3.914850000000e+03, gap 0.0000%

User-callback calls 7840, time in user-callback 3.61 sec
================================================================================
executing instance: ./input/Instances/Original/4/absH3low_3n10.dat
--------------------------------------------------------------------------------
Instance details
n	11
H	3
C	687
Li:
[0, 0, 0, 0, 0, 0, 0, 0, 0, 0, 0, ]
Ui:
[0, 189, 44, 174, 78, 36, 198, 117, 42, 96, 240, ]
Distance matrix:
|0	209	255	286	142	156	285	317	182	161	135	|
|209	0	464	451	315	356	490	469	361	299	260	|
|255	464	0	221	202	130	74	280	189	254	273	|
|286	451	221	0	145	156	164	479	354	153	192	|
|142	315	202	145	0	73	194	388	250	53	73	|
|156	356	130	156	73	0	134	332	200	127	144	|
|285	490	74	164	194	134	0	353	256	239	267	|
|317	469	280	479	388	332	353	0	141	436	430	|
|182	361	189	354	250	200	256	141	0	296	289	|
|161	299	254	153	53	127	239	436	296	0	39	|
|135	260	273	192	73	144	267	430	289	39	0	|

--------------------------------------------------------------------------------
Building model...
	using lazy and cut (CVRPSEP package)
Solving IRP LP...
--------------------------------------------------------------------------------

Gurobi 9.1.0 (linux64) logging started Sat Jan  9 22:52:13 2021

Gurobi Optimizer version 9.1.0 build v9.1.0rc0 (linux64)
Thread count: 32 physical cores, 32 logical processors, using up to 2 threads
Optimize a model with 242 rows, 500 columns and 1415 nonzeros
Model fingerprint: 0x61de9e0a
Variable types: 104 continuous, 396 integer (66 binary)
Coefficient statistics:
  Matrix range     [1e+00, 3e+02]
  Objective range  [1e-02, 5e+02]
  Bounds range     [1e+00, 2e+02]
  RHS range        [2e+01, 1e+03]
Presolve removed 84 rows and 78 columns
Presolve time: 0.01s
Presolved: 158 rows, 422 columns, 1071 nonzeros
Variable types: 59 continuous, 363 integer (306 binary)
Found heuristic solution: objective 3498.4900000

Root relaxation: objective 1.299013e+03, 226 iterations, 0.00 seconds

    Nodes    |    Current Node    |     Objective Bounds      |     Work
 Expl Unexpl |  Obj  Depth IntInf | Incumbent    BestBd   Gap | It/Node Time

     0     0 1299.01290    0   34 3498.49000 1299.01290  62.9%     -    0s
     0     0 1630.19580    0   50 3498.49000 1630.19580  53.4%     -    0s
     0     0 1882.50315    0   52 3498.49000 1882.50315  46.2%     -    0s
     0     0 1883.31523    0   50 3498.49000 1883.31523  46.2%     -    0s
     0     0 1959.08711    0   85 3498.49000 1959.08711  44.0%     -    0s
H    0     0                    3123.6900000 1959.08711  37.3%     -    0s
     0     0 2076.51236    0   62 3123.69000 2076.51236  33.5%     -    0s
H    0     0                    3011.6900000 2076.51236  31.1%     -    0s
     0     0 2088.92545    0   79 3011.69000 2088.92545  30.6%     -    0s
     0     0 2091.35088    0   91 3011.69000 2091.35088  30.6%     -    0s
     0     0 2091.84090    0   96 3011.69000 2091.84090  30.5%     -    0s
     0     0 2101.80435    0   73 3011.69000 2101.80435  30.2%     -    0s
H    0     0                    2619.3600000 2101.80435  19.8%     -    0s
H    0     0                    2450.3600000 2101.80435  14.2%     -    0s
     0     0 2102.95112    0   67 2450.36000 2102.95112  14.2%     -    0s
     0     0 2102.95112    0   62 2450.36000 2102.95112  14.2%     -    0s
     0     0 2109.53348    0   99 2450.36000 2109.53348  13.9%     -    0s
     0     0 2109.53348    0   99 2450.36000 2109.53348  13.9%     -    0s
H    0     0                    2449.1000000 2109.53348  13.9%     -    0s
     0     2 2128.40763    0   99 2449.10000 2128.40763  13.1%     -    0s

Cutting planes:
  User: 129
  Gomory: 4
  Cover: 66
  Implied bound: 8
  Clique: 14
  MIR: 49
  StrongCG: 2
  Flow cover: 76
  GUB cover: 1
  Zero half: 5
  Mod-K: 2
  RLT: 62
  Relax-and-lift: 6
  Lazy constraints: 17

Explored 511 nodes (16892 simplex iterations) in 1.17 seconds
Thread count was 2 (of 32 available processors)

Solution count 6: 2449.1 2450.36 2619.36 ... 3498.49

Optimal solution found (tolerance 1.00e-04)
Best objective 2.449100000000e+03, best bound 2.449100000000e+03, gap 0.0000%

User-callback calls 1429, time in user-callback 0.13 sec
================================================================================
executing instance: ./input/Instances/Original/4/absH3low_3n15.dat
--------------------------------------------------------------------------------
Instance details
n	16
H	3
C	1267
Li:
[0, 0, 0, 0, 0, 0, 0, 0, 0, 0, 0, 0, 0, 0, 0, 0, ]
Ui:
[0, 156, 267, 148, 144, 87, 33, 171, 76, 141, 270, 282, 60, 110, 172, 57, ]
Distance matrix:
|0	229	567	76	58	96	306	409	310	423	108	346	165	347	159	256	|
|229	0	482	243	279	155	375	525	251	419	158	373	65	123	329	246	|
|567	482	0	506	622	483	342	439	259	200	467	274	486	433	501	312	|
|76	243	506	0	119	88	230	337	255	352	88	272	179	347	94	194	|
|58	279	622	119	0	154	345	431	366	471	166	391	217	399	179	310	|
|96	155	483	88	154	0	266	397	224	358	17	289	92	262	176	179	|
|306	375	342	230	345	266	0	158	184	148	251	68	332	423	181	140	|
|409	525	439	337	431	397	158	0	340	244	386	201	476	581	253	298	|
|310	251	259	255	366	224	184	340	0	170	208	146	238	257	274	66	|
|423	419	200	352	471	358	148	244	170	0	341	84	396	424	323	182	|
|108	158	467	88	166	17	251	386	208	341	0	273	96	259	172	162	|
|346	373	274	272	391	289	68	201	146	84	273	0	340	400	239	127	|
|165	65	486	179	217	92	332	476	238	396	96	340	0	182	267	216	|
|347	123	433	347	399	262	423	581	257	424	259	400	182	0	423	283	|
|159	329	501	94	179	176	181	253	274	323	172	239	267	423	0	208	|
|256	246	312	194	310	179	140	298	66	182	162	127	216	283	208	0	|

--------------------------------------------------------------------------------
Building model...
	using lazy and cut (CVRPSEP package)
Solving IRP LP...
--------------------------------------------------------------------------------

Gurobi 9.1.0 (linux64) logging started Sat Jan  9 22:52:15 2021

Gurobi Optimizer version 9.1.0 build v9.1.0rc0 (linux64)
Thread count: 32 physical cores, 32 logical processors, using up to 2 threads
Optimize a model with 358 rows, 970 columns and 2575 nonzeros
Model fingerprint: 0x0a5ea4b6
Variable types: 154 continuous, 816 integer (96 binary)
Coefficient statistics:
  Matrix range     [1e+00, 6e+02]
  Objective range  [1e-02, 6e+02]
  Bounds range     [1e+00, 3e+02]
  RHS range        [1e+01, 2e+03]
Presolve removed 123 rows and 116 columns
Presolve time: 0.01s
Presolved: 235 rows, 854 columns, 2075 nonzeros
Variable types: 86 continuous, 768 integer (681 binary)

Root relaxation: objective 1.643395e+03, 286 iterations, 0.00 seconds

    Nodes    |    Current Node    |     Objective Bounds      |     Work
 Expl Unexpl |  Obj  Depth IntInf | Incumbent    BestBd   Gap | It/Node Time

     0     0 1643.39504    0   41          - 1643.39504      -     -    0s
     0     0 1939.88469    0   35          - 1939.88469      -     -    0s
     0     0 2274.82993    0   85          - 2274.82993      -     -    0s
     0     0 2410.49919    0   58          - 2410.49919      -     -    0s
     0     0 2411.18779    0   61          - 2411.18779      -     -    0s
     0     0 2411.26317    0   61          - 2411.26317      -     -    0s
     0     0 2481.33748    0  100          - 2481.33748      -     -    0s
     0     0 2494.18810    0  114          - 2494.18810      -     -    0s
     0     0 2494.93634    0  115          - 2494.93634      -     -    0s
     0     0 2559.51377    0   64          - 2559.51377      -     -    0s
     0     0 2569.38707    0   87          - 2569.38707      -     -    0s
     0     0 2574.65336    0  126          - 2574.65336      -     -    0s
     0     0 2575.36374    0  140          - 2575.36374      -     -    0s
     0     0 2613.52992    0  107          - 2613.52992      -     -    0s
     0     0 2615.23677    0   89          - 2615.23677      -     -    0s
     0     0 2615.23677    0   95          - 2615.23677      -     -    0s
     0     0 2627.60495    0  101          - 2627.60495      -     -    0s
     0     0 2627.60495    0  101          - 2627.60495      -     -    0s
     0     2 2630.06983    0  101          - 2630.06983      -     -    0s
H   17    20                    4230.1100000 2681.50859  36.6%  88.3    0s
H  119   122                    4189.1100000 2681.50859  36.0%  36.3    0s
*  127   122              34    3889.1100000 2681.50859  31.1%  35.6    0s
*  133   122              38    3874.1100000 2681.50859  30.8%  34.5    0s
*  138   122              42    3839.7100000 2681.50859  30.2%  33.4    0s
H  159   121                    3709.7100000 2739.33673  26.2%  35.2    0s
H  256   158                    3443.2800000 2757.73530  19.9%  45.4    1s
*  289   115              12    3081.5600000 2757.73530  10.5%  45.9    1s

Cutting planes:
  User: 384
  Gomory: 4
  Cover: 82
  Implied bound: 13
  Clique: 22
  MIR: 53
  StrongCG: 3
  Flow cover: 117
  GUB cover: 1
  Zero half: 3
  RLT: 78
  Relax-and-lift: 3
  Lazy constraints: 196

Explored 1468 nodes (58505 simplex iterations) in 4.44 seconds
Thread count was 2 (of 32 available processors)

Solution count 8: 3081.56 3443.28 3709.71 ... 4230.11

Optimal solution found (tolerance 1.00e-04)
Best objective 3.081560000000e+03, best bound 3.081560000000e+03, gap 0.0000%

User-callback calls 3757, time in user-callback 0.69 sec
================================================================================
executing instance: ./input/Instances/Original/4/absH3low_2n45.dat
--------------------------------------------------------------------------------
Instance details
n	46
H	3
C	3171
Li:
[0, 0, 0, 0, 0, 0, 0, 0, 0, 0, 0, 0, 0, 0, 0, 0, 0, 0, 0, 0, 0, 0, 0, 0, 0, 0, 0, 0, 0, 0, 0, 0, 0, 0, 0, 0, 0, 0, 0, 0, 0, 0, 0, 0, 0, 0, ]
Ui:
[0, 246, 160, 78, 20, 87, 144, 40, 20, 82, 60, 96, 24, 136, 160, 108, 160, 26, 228, 51, 24, 240, 231, 70, 32, 105, 174, 114, 246, 126, 132, 76, 22, 42, 255, 132, 148, 162, 66, 111, 102, 240, 123, 201, 297, 78, ]
Distance matrix:
|0	148	402	550	329	420	187	318	366	280	504	273	233	333	112	344	379	481	113	593	159	523	261	424	90	359	163	461	413	240	105	299	265	89	371	462	339	273	495	22	41	439	369	506	563	468	|
|148	0	284	517	394	284	136	369	244	311	496	166	329	355	223	202	338	388	204	565	254	506	118	346	71	423	173	471	336	118	105	352	198	105	248	428	302	305	487	153	179	441	230	497	517	370	|
|402	284	0	350	448	80	228	406	42	343	382	129	456	350	412	126	219	131	382	395	410	371	180	137	314	466	289	400	137	167	389	401	169	316	39	280	217	342	373	394	414	362	108	380	324	106	|
|550	517	350	0	339	429	385	308	374	295	93	375	431	249	481	461	180	239	458	48	445	57	474	214	496	333	387	160	216	424	601	321	320	471	376	90	217	301	93	530	534	146	452	88	52	262	|
|329	394	448	339	0	513	282	42	438	105	255	363	115	108	221	484	259	431	217	365	172	289	436	362	333	30	224	189	353	380	423	47	291	296	443	285	240	107	251	307	294	193	495	260	378	437	|
|420	284	80	429	513	0	267	473	76	408	462	163	509	421	449	86	298	201	421	474	455	451	167	217	330	533	333	478	217	181	386	466	225	341	70	360	291	406	453	416	438	440	59	460	400	176	|
|187	136	228	385	282	267	0	249	199	186	360	104	248	224	184	214	207	294	155	432	189	371	155	237	113	308	68	336	227	101	216	236	78	98	205	296	168	181	350	174	190	305	231	360	390	283	|
|318	369	406	308	42	473	249	0	397	66	229	325	128	67	216	447	218	389	206	337	168	260	402	320	311	61	196	167	311	345	406	19	252	275	403	248	198	70	223	296	286	164	457	233	344	395	|
|366	244	42	374	438	76	199	397	0	332	397	96	436	346	383	90	228	168	354	420	385	389	139	161	277	458	263	408	158	128	349	391	150	282	6	298	218	331	388	359	380	370	78	395	352	144	|
|280	311	343	295	105	408	186	66	332	0	231	259	142	53	191	380	171	337	173	332	150	257	337	267	258	127	139	182	258	280	359	58	186	223	338	222	143	6	224	258	254	164	390	234	323	340	|
|504	496	382	93	255	462	360	229	397	231	0	375	356	180	422	478	173	293	403	110	381	36	474	248	463	245	345	68	246	419	568	244	308	433	400	104	200	237	9	482	482	67	474	5	142	312	|
|273	166	129	375	363	163	104	325	96	259	375	0	347	283	288	121	202	221	259	423	292	376	99	183	186	386	170	370	175	52	269	315	76	187	102	288	177	256	365	265	285	333	133	374	365	204	|
|233	329	456	431	115	509	248	128	436	142	356	347	0	181	121	462	311	472	128	463	76	386	398	403	260	141	180	294	392	349	334	111	287	224	442	362	280	139	350	212	194	289	479	360	463	472	|
|333	355	350	249	108	421	224	67	346	53	180	283	181	0	244	403	152	324	226	283	201	207	369	256	307	118	186	129	247	311	409	74	208	273	351	183	136	59	173	311	307	113	410	183	282	331	|
|112	223	412	481	221	449	184	216	383	191	422	288	121	244	0	387	327	461	30	521	49	447	313	396	152	250	125	371	385	273	214	196	249	121	389	400	288	185	415	91	74	355	408	425	503	454	|
|344	202	126	461	484	86	214	447	90	380	478	121	462	403	387	0	305	256	360	508	400	473	84	250	255	507	282	482	246	115	302	437	196	271	90	382	288	377	469	343	367	444	28	476	441	232	|
|379	338	219	180	259	298	207	218	228	171	173	202	311	152	327	305	0	172	301	227	300	174	302	105	318	270	217	180	97	249	423	221	141	296	232	90	40	173	164	361	368	142	303	172	184	180	|
|481	388	131	239	431	201	294	389	168	337	293	221	472	324	461	256	172	0	432	280	446	273	300	70	400	442	337	330	80	271	490	391	217	391	167	191	194	339	286	468	483	294	239	289	203	26	|
|113	204	382	458	217	421	155	206	354	173	403	259	128	226	30	360	301	432	0	499	52	426	287	367	133	246	95	355	356	246	208	187	219	100	360	376	261	167	395	90	81	337	381	406	478	425	|
|593	565	395	48	365	474	432	337	420	332	110	423	463	283	521	508	227	280	499	0	482	77	521	260	542	356	431	178	262	472	647	352	368	516	422	137	264	338	114	573	576	174	499	106	78	304	|
|159	254	410	445	172	455	189	168	385	150	381	292	76	201	49	400	300	446	52	482	0	407	331	378	184	201	122	327	367	286	258	149	242	150	391	367	263	144	374	137	122	314	419	384	470	441	|
|523	506	371	57	289	451	371	260	389	257	36	376	386	207	447	473	174	273	426	77	407	0	475	234	477	280	363	104	234	422	583	275	313	449	392	91	205	263	38	503	504	97	468	31	108	294	|
|261	118	180	474	436	167	155	402	139	337	474	99	398	369	313	84	302	300	287	521	331	475	0	275	173	462	220	465	268	58	219	390	168	193	142	388	275	333	464	261	286	430	111	473	462	279	|
|424	346	137	214	362	217	237	320	161	267	248	183	403	256	396	250	105	70	367	260	378	234	275	0	348	374	274	274	11	234	444	321	159	335	163	145	124	269	239	409	422	237	239	245	191	76	|
|90	71	314	496	333	330	113	311	277	258	463	186	260	307	152	255	318	400	133	542	184	477	173	348	0	362	121	430	338	150	106	293	190	37	282	406	279	252	454	88	113	403	280	464	502	386	|
|359	423	466	333	30	533	308	61	458	127	245	386	141	118	250	507	270	442	246	356	201	280	462	374	362	0	252	178	365	406	453	73	313	325	463	286	254	130	242	336	324	187	517	250	374	449	|
|163	173	289	387	224	333	68	196	263	139	345	170	180	186	125	282	217	337	95	431	122	363	220	274	121	252	0	310	263	168	225	180	124	88	269	300	177	133	337	144	152	284	299	347	400	330	|
|461	471	400	160	189	478	336	167	408	182	68	370	294	129	371	482	180	330	355	178	327	104	465	274	430	178	310	0	269	408	534	184	297	398	412	142	194	188	66	439	436	38	482	73	206	345	|
|413	336	137	216	353	217	227	311	158	258	246	175	392	247	385	246	97	80	356	262	367	234	268	11	338	365	263	269	0	226	434	312	149	324	160	143	115	259	237	399	411	232	237	243	196	84	|
|240	118	167	424	380	181	101	345	128	280	419	52	349	311	273	115	249	271	246	472	286	422	58	234	150	406	168	408	226	0	223	333	111	160	133	336	219	276	409	235	258	373	136	418	416	252	|
|105	105	389	601	423	386	216	406	349	359	568	269	334	409	214	302	423	490	208	647	258	583	219	444	106	453	225	534	434	223	0	388	289	137	353	511	384	353	559	123	145	508	330	570	606	473	|
|299	352	401	321	47	466	236	19	391	58	244	315	111	74	196	437	221	391	187	352	149	275	390	321	293	73	180	184	312	333	388	0	243	257	396	258	197	60	238	276	267	178	448	248	355	395	|
|265	198	169	320	291	225	78	252	150	186	308	76	287	208	249	196	141	217	219	368	242	313	168	159	190	313	124	297	149	111	289	243	0	176	156	231	109	183	299	251	266	262	205	308	319	207	|
|89	105	316	471	296	341	98	275	282	223	433	187	224	273	121	271	296	391	100	516	150	449	193	335	37	325	88	398	324	160	137	257	176	0	287	382	256	217	424	78	98	372	295	434	480	379	|
|371	248	39	376	443	70	205	403	6	338	400	102	442	351	389	90	232	167	360	422	391	392	142	163	282	463	269	412	160	133	353	396	156	287	0	301	222	336	391	365	386	374	77	398	353	143	|
|462	428	280	90	285	360	296	248	298	222	104	288	362	183	400	382	90	191	376	137	367	91	388	145	406	286	300	142	143	336	511	258	231	382	301	0	127	226	96	443	448	110	376	100	103	209	|
|339	302	217	217	240	291	168	198	218	143	200	177	280	136	288	288	40	194	261	264	263	205	275	124	279	254	177	194	115	219	384	197	109	256	222	127	0	145	190	321	328	157	289	199	224	198	|
|273	305	342	301	107	406	181	70	331	6	237	256	139	59	185	377	173	339	167	338	144	263	333	269	252	130	133	188	259	276	353	60	183	217	336	226	145	0	230	251	248	170	388	240	328	341	|
|495	487	373	93	251	453	350	223	388	224	9	365	350	173	415	469	164	286	395	114	374	38	464	239	454	242	337	66	237	409	559	238	299	424	391	96	190	230	0	474	474	61	465	11	141	305	|
|22	153	394	530	307	416	174	296	359	258	482	265	212	311	91	343	361	468	90	573	137	503	261	409	88	336	144	439	399	235	123	276	251	78	365	443	321	251	474	0	26	418	367	485	544	456	|
|41	179	414	534	294	438	190	286	380	254	482	285	194	307	74	367	368	483	81	576	122	504	286	422	113	324	152	436	411	258	145	267	266	98	386	448	328	248	474	26	0	416	391	484	550	472	|
|439	441	362	146	193	440	305	164	370	164	67	333	289	113	355	444	142	294	337	174	314	97	430	237	403	187	284	38	232	373	508	178	262	372	374	110	157	170	61	418	416	0	444	71	187	309	|
|369	230	108	452	495	59	231	457	78	390	474	133	479	410	408	28	303	239	381	499	419	468	111	239	280	517	299	482	237	136	330	448	205	295	77	376	289	388	465	367	391	444	0	472	429	214	|
|506	497	380	88	260	460	360	233	395	234	5	374	360	183	425	476	172	289	406	106	384	31	473	245	464	250	347	73	243	418	570	248	308	434	398	100	199	240	11	485	484	71	472	0	137	309	|
|563	517	324	52	378	400	390	344	352	323	142	365	463	282	503	441	184	203	478	78	470	108	462	191	502	374	400	206	196	416	606	355	319	480	353	103	224	328	141	544	550	187	429	137	0	228	|
|468	370	106	262	437	176	283	395	144	340	312	204	472	331	454	232	180	26	425	304	441	294	279	76	386	449	330	345	84	252	473	395	207	379	143	209	198	341	305	456	472	309	214	309	228	0	|

--------------------------------------------------------------------------------
Building model...
	using lazy and cut (CVRPSEP package)
Solving IRP LP...
--------------------------------------------------------------------------------

Gurobi 9.1.0 (linux64) logging started Sat Jan  9 22:52:19 2021

Gurobi Optimizer version 9.1.0 build v9.1.0rc0 (linux64)
Thread count: 32 physical cores, 32 logical processors, using up to 2 threads
Optimize a model with 1039 rows, 6940 columns and 15892 nonzeros
Model fingerprint: 0xb313d87c
Variable types: 454 continuous, 6486 integer (276 binary)
Coefficient statistics:
  Matrix range     [1e+00, 2e+03]
  Objective range  [1e-02, 6e+02]
  Bounds range     [1e+00, 3e+02]
  RHS range        [1e+01, 5e+03]
Presolve removed 257 rows and 275 columns
Presolve time: 0.05s
Presolved: 782 rows, 6665 columns, 14655 nonzeros
Variable types: 317 continuous, 6348 integer (6081 binary)

Root relaxation: objective 2.575005e+03, 857 iterations, 0.02 seconds

    Nodes    |    Current Node    |     Objective Bounds      |     Work
 Expl Unexpl |  Obj  Depth IntInf | Incumbent    BestBd   Gap | It/Node Time

     0     0 2575.00543    0  134          - 2575.00543      -     -    0s
     0     0 3054.66440    0  156          - 3054.66440      -     -    0s
     0     0 3077.20941    0  148          - 3077.20941      -     -    0s
     0     0 3081.78673    0  163          - 3081.78673      -     -    0s
     0     0 3082.08285    0  156          - 3082.08285      -     -    0s
     0     0 3553.88869    0  168          - 3553.88869      -     -    0s
     0     0 3571.10426    0  168          - 3571.10426      -     -    0s
     0     0 3604.63229    0  179          - 3604.63229      -     -    0s
     0     0 3626.43911    0  161          - 3626.43911      -     -    0s
     0     0 3628.41206    0  199          - 3628.41206      -     -    0s
     0     0 3628.67683    0  212          - 3628.67683      -     -    0s
     0     0 3728.61607    0  224          - 3728.61607      -     -    1s
     0     0 3750.75776    0  226          - 3750.75776      -     -    1s
     0     0 3775.68520    0  232          - 3775.68520      -     -    1s
     0     0 3786.22241    0  237          - 3786.22241      -     -    1s
     0     0 3789.45530    0  259          - 3789.45530      -     -    1s
     0     0 3790.83393    0  295          - 3790.83393      -     -    1s
     0     0 3838.89186    0  287          - 3838.89186      -     -    1s
     0     0 3846.49485    0  220          - 3846.49485      -     -    1s
     0     0 3849.68510    0  334          - 3849.68510      -     -    1s
     0     0 3850.86327    0  306          - 3850.86327      -     -    1s
     0     0 3856.60206    0  263          - 3856.60206      -     -    2s
     0     0 3856.60206    0  263          - 3856.60206      -     -    2s
     0     2 3862.57073    0  295          - 3862.57073      -     -    2s
    57    60 3977.09154   17  257          - 3880.81742      -   199    5s
   273   294 4561.65135   98   59          - 3880.81742      -   110   10s
   651   688 4018.15279    4  224          - 3887.49863      -  62.8   15s
   807   763 4779.24753   98  314          - 3900.48571      -  52.3   20s
   828   777 5678.06023  139  387          - 3929.50897      -  51.0   25s
   835   784 3947.82522   13  404          - 3947.82522      -  59.0   30s
   878   817 4403.79147   23  139          - 3962.14737      -  69.9   35s
  1005   908 5238.31857   60   44          - 3962.14737      -  76.8   40s
  1198  1058 6249.95542  121   41          - 3962.14737      -  74.1   45s
  1398  1205 7537.94800  190   16          - 3962.14737      -  66.6   51s
  1551  1237 8540.51000  216    8          - 3975.52689      -  62.2   55s
  1698  1299 4140.18556   19  177          - 3976.09824      -  59.4   61s
  1772  1307 4204.38638   23  155          - 3976.09824      -  60.2   65s
  1831  1359 4378.47000   40    8          - 3976.09824      -  64.7   70s
  1902  1417 4765.71765   55   23          - 3976.09824      -  67.4   75s
  2017  1494 5085.10347   85   16          - 3976.09824      -  67.0   80s
  2150  1593 5572.54927  117    6          - 3976.09824      -  65.7   85s
  2336  1711 6894.42000  152   12          - 3976.09824      -  63.9   92s
* 2368  1532             199    7271.7000000 3976.09824  45.3%  63.2   92s
* 2371  1489             200    7240.9300000 3976.09824  45.1%  63.2   92s
  2494  1464     cutoff  194      7240.93000 3977.88278  45.1%  61.7   96s
  2565  1527 4270.20788   17  420 7240.93000 3977.94534  45.1%  62.4  100s
  2655  1527 4370.78596   20  296 7240.93000 3977.94534  45.1%  61.5  105s
  2693  1574 4914.10701   42   68 7240.93000 3977.94534  45.1%  63.6  111s
  2795  1583 infeasible  103      7240.93000 3991.68790  44.9%  63.8  116s
  2833  1629 4258.20568   18  322 7240.93000 3991.68790  44.9%  66.2  121s
  2888  1658 4415.46498   22  182 7240.93000 3991.68790  44.9%  67.1  127s
  2946  1698 4450.54371   24  280 7240.93000 3991.68790  44.9%  68.0  131s
  2982  1718 4492.96103   25  261 7240.93000 3991.68790  44.9%  68.1  135s
  3053  1762 6931.40000  166    - 7240.93000 3991.68790  44.9%  68.8  140s
  3122  1821 5622.09000   50    8 7240.93000 3991.68790  44.9%  70.9  149s
  3142  1821 7219.87000  170    - 7240.93000 3991.68790  44.9%  70.9  150s
  3230  1889     cutoff  169      7240.93000 3991.68790  44.9%  70.5  155s
  3273  1920     cutoff   96      7240.93000 4044.54172  44.1%  71.8  160s
  3332  2050 4237.54244   27  240 7240.93000 4044.54172  44.1%  73.2  167s
  3426  2170 4389.91966   29  167 7240.93000 4044.54172  44.1%  72.5  172s
  3546  2209 4442.33788   31  275 7240.93000 4044.54172  44.1%  71.3  175s
  3617  2248 4463.67034   37  211 7240.93000 4044.54172  44.1%  72.8  181s
  3674  2357 4611.12518   55  133 7240.93000 4044.54172  44.1%  74.0  187s
  3749  2480 4660.41251   58   84 7240.93000 4044.54172  44.1%  74.2  192s
  3872  2513 4875.15457   64   86 7240.93000 4044.54172  44.1%  72.9  205s
  3925  2537 5070.66004   75   51 7240.93000 4044.54172  44.1%  73.2  210s
  3977  2605 5200.72382   92   16 7240.93000 4044.54172  44.1%  73.9  215s
  4065  2760 5528.54099  121  120 7240.93000 4044.54172  44.1%  75.5  224s
  4115  2760 5618.78793  151   43 7240.93000 4044.54172  44.1%  75.4  225s
  4181  3002 5706.86166  168   46 7240.93000 4044.54172  44.1%  75.3  233s
  4331  3002 6821.57000  275    2 7240.93000 4044.54172  44.1%  73.4  235s
  4504  3066 4337.33377   24  244 7240.93000 4055.42943  44.0%  73.4  243s
  4546  3172 4962.13013   44   78 7240.93000 4055.42943  44.0%  73.9  248s
  4668  3194 6917.76000  122    4 7240.93000 4072.20075  43.8%  73.4  253s
  4742  3209     cutoff  129      7240.93000 4072.46963  43.8%  73.9  257s
  4761  3241 4134.08605   23  379 7240.93000 4073.43981  43.7%  74.9  262s
  4790  3269 4232.85051   35  250 7240.93000 4073.43981  43.7%  76.3  266s
  4818  3312 4362.66954   39   56 7240.93000 4073.43981  43.7%  77.7  270s
  4861  3352 4444.52624   47  148 7240.93000 4073.43981  43.7%  78.9  275s
  4901  3398 4499.14148   55   45 7240.93000 4073.43981  43.7%  79.8  281s
  4949  3428 4725.35062   59  125 7240.93000 4073.43981  43.7%  80.5  285s
  4978  3516 4949.81518   77   63 7240.93000 4073.43981  43.7%  81.8  290s
  5066  3708 5449.52403   98   61 7240.93000 4073.43981  43.7%  82.0  297s
  5249  3708 5353.90479  219   26 7240.93000 4073.43981  43.7%  80.8  300s
  5258  4006 5249.88568  179   94 7240.93000 4074.35293  43.7%  80.7  308s
  5448  4008 4099.51507   18  241 7240.93000 4074.35293  43.7%  78.9  310s
  5612  4038 7189.32000  308    - 7240.93000 4074.76816  43.7%  77.7  317s
  5691  4061     cutoff  308      7240.93000 4077.93688  43.7%  77.4  322s
  5715  4158 4251.00637   20  269 7240.93000 4077.93688  43.7%  79.0  327s
  5812  4241 4346.45370   25  204 7240.93000 4077.93688  43.7%  79.5  335s
  5911  4269 4467.80133   31  153 7240.93000 4077.93688  43.7%  79.8  341s
  5938  4311 4587.69879   42  154 7240.93000 4077.93688  43.7%  81.5  346s
  5980  4347 4713.04807   58  124 7240.93000 4077.93688  43.7%  82.9  353s
  6016  4432 4784.99637   72   49 7240.93000 4077.93688  43.7%  83.9  360s
  6101  4531 4810.41614   98   22 7240.93000 4077.93688  43.7%  85.2  369s
  6172  4532 5504.28000   46   20 7240.93000 4077.93688  43.7%  85.5  370s
  6206  4768 5024.64621  130   40 7240.93000 4077.93688  43.7%  85.6  381s
  6458  4923 5425.31429  197   20 7240.93000 4081.70846  43.6%  84.5  392s
  6649  4954     cutoff  281      7240.93000 4088.60537  43.5%  83.6  400s
  6688  5021 4497.00298   29  177 7240.93000 4088.71984  43.5%  84.7  406s
  6781  5091 5291.39733   60   99 7240.93000 4090.72284  43.5%  84.7  414s
  6806  5091 5475.07302   85   14 7240.93000 4090.72284  43.5%  84.6  415s
  6884  5130 7070.33500  125   28 7240.93000 4097.97082  43.4%  84.7  422s
  6923  5297     cutoff  130      7240.93000 4099.12927  43.4%  85.5  431s
  7092  5335 4516.86521   28  281 7240.93000 4099.12927  43.4%  84.7  438s
  7153  5386 4948.51837   43  222 7240.93000 4099.12927  43.4%  85.3  444s
  7209  5596 5525.60947   79   15 7240.93000 4103.39005  43.3%  86.0  454s
  7284  5596 5584.78509  154   53 7240.93000 4103.39005  43.3%  85.4  455s
  7451  5742     cutoff  277      7240.93000 4103.92404  43.3%  84.7  467s
  7593  5903 4774.59071   68   91 7240.93000 4104.84290  43.3%  85.4  479s
  7618  5903 5035.84438   93   42 7240.93000 4104.84290  43.3%  85.3  480s
  7794  6007 4397.55329   27  200 7240.93000 4107.16267  43.3%  85.5  491s
  7882  6337 4576.86459   50  107 7240.93000 4107.16267  43.3%  86.9  507s
  8254  6690 5057.54131  108  126 7240.93000 4107.16267  43.3%  85.8  525s
  8630  6900 5170.24310  113   36 7240.93000 4107.74831  43.3%  84.7  542s
  8867  6999 6997.68000  229    - 7240.93000 4109.20638  43.3%  84.5  553s
  8969  7180 7023.68000  229    - 7240.93000 4111.80833  43.2%  85.4  566s
  9196  7229 7136.05000  229    - 7240.93000 4114.22517  43.2%  84.8  577s
  9262  7306 7153.28000  229    - 7240.93000 4114.54192  43.2%  85.8  587s
  9343  7525 4479.94500   26   28 7240.93000 4114.54192  43.2%  86.5  598s
  9510  7525 5838.50205  195   24 7240.93000 4114.54192  43.2%  86.3  600s
  9573  7753 4740.74598   69   20 7240.93000 4114.54192  43.2%  86.1  614s
  9673  7753 4830.70189  165    6 7240.93000 4114.54192  43.2%  85.6  615s
  9806  7823 5851.99810  186   16 7240.93000 4115.35576  43.2%  85.6  626s
  9930  7964 infeasible  267      7240.93000 4115.52074  43.2%  85.6  637s
 10097  8145 5032.28753   36  106 7240.93000 4119.25008  43.1%  85.4  649s
 10172  8145 6568.57429  111    4 7240.93000 4119.25008  43.1%  85.2  650s
 10338  8194     cutoff  166      7240.93000 4121.75107  43.1%  84.8  660s
 10385  8415 4708.90690   47  230 7240.93000 4123.98797  43.0%  85.7  671s
 10639  8544 5463.32838  137   72 7240.93000 4126.86695  43.0%  84.8  683s
