




arguments: ./build/mirp_solver -f ./input/orig_exec_44.cfg
Current dir: /scratch/gui/bnc_mirp
File verbosity level: 9
date       time         ( uptime  ) [ thread name/id ]                   file:line     v| 
2021-01-09 03:42:16.357 (   0.127s) [main thread     ]             loguru.cpp:789   INFO| Logging to './output/vi_hc1_quarter/OU/V2/Original/execution_09_01_2021_03_42_16.log', mode: 'a', verbosity: 9
--------------------------------------------------------------------------------
Parameters
                           instance_path           ./input/Instances/Original/2/
                            model_policy                                       1
                             nb_vehicles                                       2
                              output_dir ./output/vi_hc1_quarter/OU/V2/Original/
                            sec_strategy                                       1
                       solver_nb_threads                                       2
                         solver_show_log                                    true
                       solver_time_limit                                    3600
                              use_vi_cos                                   false
                              use_vi_cus                                   false
                         use_vi_hc1_full                                   false
                         use_vi_hc1_half                                   false
                      use_vi_hc1_quarter                                    true
                              use_vi_hc2                                   false
                              use_vi_hc3                                   false
                         use_vi_lex_full                                   false
                         use_vi_lex_half                                   false
                      use_vi_lex_quarter                                   false
                              use_vi_qua                                   false
                               use_vi_vc                                   false
                               use_vi_vr                                   false
--------------------------------------------------------------------------------
executing instance: ./input/Instances/Original/2/absH3high_3n40.dat
--------------------------------------------------------------------------------
Instance details
n	41
H	3
C	3283
Li:
[0, 0, 0, 0, 0, 0, 0, 0, 0, 0, 0, 0, 0, 0, 0, 0, 0, 0, 0, 0, 0, 0, 0, 0, 0, 0, 0, 0, 0, 0, 0, 0, 0, 0, 0, 0, 0, 0, 0, 0, 0, ]
Ui:
[0, 63, 111, 99, 96, 111, 282, 122, 156, 261, 42, 192, 126, 42, 162, 207, 159, 122, 102, 190, 118, 102, 132, 102, 165, 252, 66, 52, 22, 114, 210, 176, 116, 294, 78, 152, 210, 45, 130, 198, 174, ]
Distance matrix:
|0	208	225	252	227	143	258	127	267	150	28	83	163	286	57	149	201	137	214	255	70	73	107	186	328	266	249	343	222	177	293	144	262	215	167	120	169	218	143	173	255	|
|208	0	397	355	416	198	216	99	211	275	193	172	97	166	240	225	362	109	277	314	182	216	273	374	298	208	319	161	14	103	93	120	58	196	152	156	372	227	260	218	453	|
|225	397	0	427	53	364	482	343	492	129	253	225	382	386	171	188	39	291	187	195	295	182	282	55	326	491	180	551	408	315	457	366	455	275	392	244	221	439	341	214	101	|
|252	355	427	0	401	158	201	263	219	396	234	328	259	498	299	400	420	354	465	506	205	324	152	374	574	219	499	393	366	389	446	235	378	456	205	359	224	150	111	423	400	|
|227	416	53	401	0	357	477	352	489	165	253	245	389	424	179	223	85	315	234	245	293	200	264	42	375	488	231	565	428	344	484	370	474	314	392	270	184	430	325	252	50	|
|143	198	364	158	357	0	121	105	134	290	116	196	103	342	200	276	343	205	343	385	74	210	112	319	432	133	382	265	209	237	290	78	226	313	57	220	232	75	69	292	375	|
|258	216	482	201	477	121	0	168	18	397	230	293	135	381	314	372	459	275	437	480	188	317	228	439	501	18	479	197	222	296	290	132	212	386	95	306	347	58	173	381	496	|
|127	99	343	263	352	105	168	0	171	239	105	130	40	237	173	206	313	109	270	312	84	164	175	310	337	169	313	216	112	135	192	37	142	220	77	138	280	155	162	213	382	|
|267	211	492	219	489	134	18	171	0	404	240	298	136	376	323	376	468	276	441	483	198	324	243	450	500	2	483	181	215	294	281	136	202	386	102	309	363	75	189	384	509	|
|150	275	129	396	165	290	397	239	404	0	175	110	279	259	97	59	91	166	84	116	217	80	245	130	226	402	106	434	286	187	329	269	333	149	302	119	244	364	291	87	213	|
|28	193	253	234	253	116	230	105	240	175	0	94	139	286	84	167	229	136	234	275	43	96	98	212	341	238	271	320	206	175	281	118	244	225	140	128	180	191	124	189	280	|
|83	172	225	328	245	196	293	130	298	110	94	0	169	209	77	80	191	71	147	189	127	45	189	203	247	296	187	327	184	106	241	162	230	132	198	38	242	266	217	96	285	|
|163	97	382	259	389	103	135	40	136	279	139	169	0	253	212	244	353	141	307	349	110	203	194	347	366	133	350	183	107	161	187	27	124	251	56	175	306	133	169	249	418	|
|286	166	386	498	424	342	381	237	376	259	286	209	253	0	284	201	347	151	210	230	299	247	383	387	155	374	242	290	162	112	129	270	192	113	308	172	451	386	391	172	471	|
|57	240	171	299	179	200	314	173	323	97	84	77	212	284	0	112	145	147	170	208	127	38	148	137	299	321	201	386	253	183	315	195	297	195	222	112	171	275	195	142	214	|
|149	225	188	400	223	276	372	206	376	59	167	80	244	201	112	0	149	117	67	110	205	78	254	186	187	374	108	387	235	132	272	240	283	93	277	71	279	346	291	32	270	|
|201	362	39	420	85	343	459	313	468	91	229	191	353	347	145	149	0	254	149	160	272	150	271	66	290	466	146	518	373	278	419	339	420	235	367	207	227	418	327	175	135	|
|137	109	291	354	315	205	275	109	276	166	136	71	141	151	147	117	254	0	172	212	151	116	232	273	229	274	215	270	119	39	170	145	167	111	186	47	305	263	245	113	356	|
|214	277	187	465	234	343	437	270	441	84	234	147	307	210	170	67	149	172	0	42	272	141	317	205	144	439	43	437	284	175	307	305	331	99	343	132	327	413	357	60	283	|
|255	314	195	506	245	385	480	312	483	116	275	189	349	230	208	110	160	212	42	0	314	182	356	222	132	481	15	474	321	212	337	347	367	126	385	174	358	455	398	100	295	|
|70	182	295	205	293	74	188	84	198	217	43	127	110	299	127	205	272	151	272	314	0	137	91	253	370	196	310	292	195	188	274	85	226	252	99	155	197	148	94	223	316	|
|73	216	182	324	200	210	317	164	324	80	96	45	203	247	38	78	150	116	141	182	137	0	176	158	263	323	176	369	229	150	286	191	274	157	223	77	208	284	216	106	239	|
|107	273	282	152	264	112	228	175	243	245	98	189	194	383	148	254	271	232	317	356	91	176	0	231	435	242	349	371	286	271	365	167	315	321	164	224	120	174	61	280	274	|
|186	374	55	374	42	319	439	310	450	130	212	203	347	387	137	186	66	273	205	222	253	158	231	0	348	448	208	523	386	303	442	329	431	279	352	229	167	392	291	217	85	|
|328	298	326	574	375	432	501	337	500	226	341	247	366	155	299	187	290	229	144	132	370	263	435	348	0	498	147	441	299	206	283	374	338	119	414	215	465	492	463	157	425	|
|266	208	491	219	488	133	18	169	2	402	238	296	133	374	321	374	466	274	439	481	196	323	242	448	498	0	481	180	213	292	278	134	200	384	100	307	362	75	188	381	508	|
|249	319	180	499	231	382	479	313	483	106	271	187	350	242	201	108	146	215	43	15	310	176	349	208	147	481	0	480	326	217	346	347	373	135	385	175	347	454	392	103	280	|
|343	161	551	393	565	265	197	216	181	434	320	327	183	290	386	387	518	270	437	474	292	369	371	523	441	180	480	0	153	263	163	207	107	352	208	317	487	244	334	379	598	|
|222	14	408	366	428	209	222	112	215	286	206	184	107	162	253	235	373	119	284	321	195	229	286	386	299	213	326	153	0	109	81	132	48	201	162	167	386	236	272	226	466	|
|177	103	315	389	344	237	296	135	294	187	175	106	161	112	183	132	278	39	175	212	188	150	271	303	206	292	217	263	109	0	142	171	156	95	211	74	344	289	281	118	386	|
|293	93	457	446	484	290	290	192	281	329	281	241	187	129	315	272	419	170	307	337	274	286	365	442	283	278	346	163	81	142	0	212	79	211	241	214	461	311	353	254	525	|
|144	120	366	235	370	78	132	37	136	269	118	162	27	270	195	240	339	145	305	347	85	191	167	329	374	134	347	207	132	171	212	0	151	257	40	174	280	119	142	248	398	|
|262	58	455	378	474	226	212	142	202	333	244	230	124	192	297	283	420	167	331	367	226	274	315	431	338	200	373	107	48	156	79	151	0	245	173	214	421	237	293	273	510	|
|215	196	275	456	314	313	386	220	386	149	225	132	251	113	195	93	235	111	99	126	252	157	321	279	119	384	135	352	201	95	211	257	245	0	297	97	365	374	345	62	362	|
|167	152	392	205	392	57	95	77	102	302	140	198	56	308	222	277	367	186	343	385	99	223	164	352	414	100	385	208	162	211	241	40	173	297	0	213	283	79	126	287	415	|
|120	156	244	359	270	220	306	138	309	119	128	38	175	172	112	71	207	47	132	174	155	77	224	229	215	307	175	317	167	74	214	174	214	97	213	0	280	286	248	75	313	|
|169	372	221	224	184	232	347	280	363	244	180	242	306	451	171	279	227	305	327	358	197	208	120	167	465	362	347	487	386	344	461	280	421	365	283	280	0	291	175	310	176	|
|218	227	439	150	430	75	58	155	75	364	191	266	133	386	275	346	418	263	413	455	148	284	174	392	492	75	454	244	236	289	311	119	237	374	79	286	291	0	116	359	445	|
|143	260	341	111	325	69	173	162	189	291	124	217	169	391	195	291	327	245	357	398	94	216	61	291	463	188	392	334	272	281	353	142	293	345	126	248	175	116	0	313	335	|
|173	218	214	423	252	292	381	213	384	87	189	96	249	172	142	32	175	113	60	100	223	106	280	217	157	381	103	379	226	118	254	248	273	62	287	75	310	359	313	0	300	|
|255	453	101	400	50	375	496	382	509	213	280	285	418	471	214	270	135	356	283	295	316	239	274	85	425	508	280	598	466	386	525	398	510	362	415	313	176	445	335	300	0	|

--------------------------------------------------------------------------------
Building model...
	using lazy and cut (CVRPSEP package)
Solving IRP LP...
--------------------------------------------------------------------------------

Gurobi 9.1.0 (linux64) logging started Sat Jan  9 03:42:16 2021

Gurobi Optimizer version 9.1.0 build v9.1.0rc0 (linux64)
Thread count: 32 physical cores, 32 logical processors, using up to 2 threads
Optimize a model with 926 rows, 5570 columns and 12917 nonzeros
Model fingerprint: 0xf210ad48
Variable types: 404 continuous, 5166 integer (246 binary)
Coefficient statistics:
  Matrix range     [1e+00, 2e+03]
  Objective range  [1e-01, 6e+02]
  Bounds range     [1e+00, 3e+02]
  RHS range        [1e+01, 6e+03]
Presolve removed 294 rows and 288 columns
Presolve time: 0.07s
Presolved: 632 rows, 5282 columns, 11681 nonzeros
Variable types: 239 continuous, 5043 integer (4806 binary)

Root relaxation: objective 1.221040e+04, 554 iterations, 0.01 seconds

    Nodes    |    Current Node    |     Objective Bounds      |     Work
 Expl Unexpl |  Obj  Depth IntInf | Incumbent    BestBd   Gap | It/Node Time

     0     0 12210.3974    0  111          - 12210.3974      -     -    0s
     0     0 12709.1602    0  112          - 12709.1602      -     -    0s
     0     0 12709.9855    0  117          - 12709.9855      -     -    0s
     0     0 13452.9793    0  175          - 13452.9793      -     -    0s
     0     0 13484.5791    0  200          - 13484.5791      -     -    0s
     0     0 13487.5105    0  189          - 13487.5105      -     -    0s
     0     0 13487.5105    0  193          - 13487.5105      -     -    0s
     0     0 13583.4307    0  236          - 13583.4307      -     -    0s
     0     0 13594.3579    0  254          - 13594.3579      -     -    0s
     0     0 13610.5130    0  260          - 13610.5130      -     -    0s
     0     0 13620.0545    0  238          - 13620.0545      -     -    0s
     0     0 13625.4041    0  258          - 13625.4041      -     -    0s
     0     0 13626.0017    0  264          - 13626.0017      -     -    0s
     0     0 13677.1194    0  295          - 13677.1194      -     -    0s
     0     0 13682.2647    0  311          - 13682.2647      -     -    1s
     0     0 13682.4467    0  311          - 13682.4467      -     -    1s
     0     0 13708.7674    0  326          - 13708.7674      -     -    1s
     0     0 13712.0515    0  345          - 13712.0515      -     -    1s
     0     0 13714.1621    0  339          - 13714.1621      -     -    1s
     0     0 13716.3625    0  353          - 13716.3625      -     -    1s
     0     0 13716.3625    0  347          - 13716.3625      -     -    1s
     0     2 13716.3625    0  347          - 13716.3625      -     -    1s
H  153   158                    14980.120000 13752.3507  8.20%   118    4s
   159   172 14441.1038   42   79 14980.1200 13752.3507  8.20%   119    5s
H  339   332                    14954.270000 13762.6038  7.97%  95.7    8s
   389   387 14107.8731   21  190 14954.2700 13762.6038  7.97%  99.3   10s
   540   538 14350.8522   63   63 14954.2700 13762.6038  7.97%  90.6   15s
H  729   645                    14926.630000 13775.0675  7.71%  80.6   18s
   740   652 14213.1656   32  353 14926.6300 13807.1857  7.50%  79.4   20s
   752   663 13831.0985   15  332 14926.6300 13829.1523  7.35%  84.1   25s
H  778   646                    14845.630000 13846.5693  6.73%  90.6   29s
   789   657 13903.8261   25  298 14845.6300 13846.5693  6.73%  93.5   30s
H  805   634                    14837.920000 13846.5693  6.68%  96.1   30s
   898   705 14214.9349   46   95 14837.9200 13846.5693  6.68%   102   35s
H  987   723                    14795.920000 13846.5693  6.42%   101   38s
H 1054   739                    14794.920000 13846.5693  6.41%  99.4   39s
  1070   734 14056.0385   23  208 14794.9200 13846.5693  6.41%  98.9   40s
H 1130   706                    14740.580000 13871.7611  5.89%   100   41s
  1235   813 14348.0344   53  148 14740.5800 13871.7611  5.89%   103   45s
  1406   880 14659.1662   93   86 14740.5800 13871.7611  5.89%  99.2   50s
  1488   906 14054.4040   25  313 14740.5800 13893.0486  5.75%   104   55s
  1682  1023 14011.5505   19  283 14740.5800 13900.9112  5.70%   104   60s
  1862  1162 14345.6017   47   55 14740.5800 13900.9112  5.70%  98.5   65s
  1984  1243 14141.5565   30  150 14740.5800 13910.4014  5.63%  97.8   70s
H 2160  1214                    14724.860000 13922.7668  5.45%  94.2   73s
  2163  1228 14331.3847   23  275 14724.8600 13922.7668  5.45%  94.7   75s
H 2193  1212                    14712.690000 13922.7668  5.37%  96.4   76s
H 2250  1188                    14672.810000 13925.2568  5.09%  95.9   79s
  2277  1237 14130.2260   32  248 14672.8100 13925.2568  5.09%  96.4   81s
  2438  1336 14220.5075   31  236 14672.8100 13935.6926  5.02%  95.9   86s
H 2455   867                    14499.780000 13935.6926  3.89%  96.1   86s
  2531   931 14312.9461   32  256 14499.7800 13945.2213  3.82%  97.8   91s
  2585   993 14400.3013   32  210 14499.7800 13947.7010  3.81%   100   95s
H 2605   965                    14487.220000 13947.7010  3.72%   100   95s
  2740  1052 14275.4330   25  296 14487.2200 13951.7109  3.70%   102  101s
  2814  1089 14063.5797   22  272 14487.2200 13957.9699  3.65%   105  105s
  2896  1147 14099.3970   26  372 14487.2200 13966.6860  3.59%   108  111s
  2915  1200 14188.9431   27  299 14487.2200 13966.6860  3.59%   108  120s
  3051  1300 14381.5659   52   59 14487.2200 13969.8751  3.57%   109  125s
  3244  1426 14169.1241   27  201 14487.2200 13977.7712  3.52%   107  131s
  3333  1519 14347.6596   49  139 14487.2200 13977.7712  3.52%   110  137s
  3424  1529     cutoff   87      14487.2200 13980.1403  3.50%   110  141s
  3560  1711 14128.2311   29  182 14487.2200 13987.1460  3.45%   111  147s
  3687  1820 14398.4665   94   33 14487.2200 13988.3049  3.44%   110  152s
  3859  1884 14103.7279   26  247 14487.2200 13995.9845  3.39%   108  157s
  3945  1935 14324.9660   33  282 14487.2200 14000.1579  3.36%   109  161s
  4020  1960 14426.6576   31  171 14487.2200 14000.4891  3.36%   110  165s
  4134  2084 14181.3285   28  261 14487.2200 14001.6660  3.35%   112  173s
  4270  2104 14120.7316   28  342 14487.2200 14006.8123  3.32%   112  177s
  4295  2188 14373.7342   39  121 14487.2200 14008.4761  3.30%   113  181s
  4418  2228 14373.8847   42   54 14487.2200 14012.1821  3.28%   114  185s
  4482  2443 14349.8994   42   20 14487.2200 14012.5342  3.28%   115  190s
  4764  2486     cutoff   98      14487.2200 14020.8520  3.22%   111  196s
  4849  2539 14092.9663   25  237 14487.2200 14022.9462  3.20%   112  201s
  4939  2579 14416.2911   32  307 14487.2200 14024.7875  3.19%   114  207s
  5033  2652 14184.5835   24  323 14487.2200 14025.8243  3.18%   115  212s
  5152  2740 14061.6368   25  211 14487.2200 14031.1135  3.15%   116  219s
  5269  2914 14169.3901   30  346 14487.2200 14034.3193  3.13%   116  225s
  5501  3031 14286.5629   40  208 14487.2200 14037.9605  3.10%   115  232s
  5655  3185     cutoff   48      14487.2200 14038.4779  3.10%   115  239s
* 5849  2604              57    14412.580000 14041.0327  2.58%   115  240s
  5889  2614 14324.1026   32  129 14412.5800 14041.1889  2.58%   114  245s
* 5957  2544              47    14405.400000 14044.1266  2.51%   115  246s
  6019  2644     cutoff   28      14405.4000 14045.6258  2.50%   116  251s
  6180  2679 14295.1137   24  363 14405.4000 14049.4290  2.47%   116  257s
  6292  2693 14193.1241   27  310 14405.4000 14052.5597  2.45%   117  264s
  6343  2744 14405.0532   33  230 14405.4000 14052.7294  2.45%   118  270s
  6505  2818 14170.1762   29  321 14405.4000 14054.9149  2.43%   119  276s
  6616  2900 14375.1603   37  252 14405.4000 14056.2945  2.42%   120  282s
  6763  2921 14329.7074   28  192 14405.4000 14056.6491  2.42%   120  289s
  6864  3024 14177.2710   35  233 14405.4000 14058.1922  2.41%   121  295s
  7012  3084 14269.5417   29  275 14405.4000 14060.3810  2.40%   122  302s
  7151  3160 14263.0446   44  119 14405.4000 14062.3788  2.38%   122  309s
  7281  3283 14330.3631   34  213 14405.4000 14064.3102  2.37%   123  316s
  7507  3331 14121.9867   25  229 14405.4000 14066.5415  2.35%   123  324s
  7622  3471 14279.3098   29  323 14405.4000 14068.2106  2.34%   124  332s
  7856  3528 14156.5907   27  203 14405.4000 14070.1930  2.33%   124  340s
  7984  3658     cutoff   45      14405.4000 14071.2645  2.32%   124  348s
  8173  3803 14232.8950   31  293 14405.4000 14075.4855  2.29%   124  356s
  8406  3915 14379.3560   85   34 14405.4000 14078.0814  2.27%   124  364s
  8486  3915 14255.6397   24  237 14405.4000 14078.0814  2.27%   124  365s
  8597  4014 14144.5023   31  187 14405.4000 14081.5583  2.25%   125  373s
  8816  4092 14318.0798   28  216 14405.4000 14082.3177  2.24%   125  381s
  8962  4174     cutoff   31      14405.4000 14083.8014  2.23%   125  389s
  9156  4356     cutoff   50      14405.4000 14085.7264  2.22%   125  397s
  9414  4377     cutoff   38      14405.4000 14086.7893  2.21%   125  406s
  9530  4479 14211.1080   32  266 14405.4000 14087.4264  2.21%   126  413s
  9717  4512 14184.7471   25  256 14405.4000 14089.0943  2.20%   126  421s
  9829  4615 14255.1309   27  193 14405.4000 14089.8383  2.19%   127  430s
 10011  4742     cutoff   44      14405.4000 14091.3124  2.18%   127  439s
 10262  4928 14246.4570   38  171 14405.4000 14092.6735  2.17%   127  448s
H10432  4914                    14404.800000 14092.6735  2.17%   126  449s
 10577  5055 14196.1902   24  240 14404.8000 14095.6129  2.15%   126  457s
 10835  5162 14184.6663   31  222 14404.8000 14096.7533  2.14%   126  465s
 11039  5205     cutoff   31      14404.8000 14098.0283  2.13%   126  473s
 11219  5279 14399.4839   41  170 14404.8000 14099.1244  2.12%   126  482s
 11397  5412 14314.8037   37  242 14404.8000 14099.7576  2.12%   127  489s
 11466  5412 14293.3386   62   16 14404.8000 14099.7576  2.12%   127  490s
 11628  5480 14242.8975   34  149 14404.8000 14102.0919  2.10%   127  498s
 11818  5591 14179.6788   22  199 14404.8000 14103.7874  2.09%   127  506s
 12030  5667 14165.1246   29  170 14404.8000 14105.4896  2.08%   127  514s
 12095  5667 14386.4402   37  107 14404.8000 14105.4896  2.08%   127  515s
 12214  5704 14387.8917   49   45 14404.8000 14106.4216  2.07%   127  522s
 12370  5756     cutoff   32      14404.8000 14107.8823  2.06%   127  530s
 12536  5881 14154.4739   29  298 14404.8000 14109.5401  2.05%   128  538s
 12787  5937     cutoff   24      14404.8000 14109.9891  2.05%   127  547s
 12948  6024     cutoff   52      14404.8000 14111.0639  2.04%   128  555s
 13128  6121 14375.1509   35  207 14404.8000 14112.3238  2.03%   128  563s
 13194  6124 14200.9916   33  158 14404.8000 14112.3238  2.03%   128  575s
 13352  6239     cutoff   37      14404.8000 14113.7049  2.02%   128  583s
 13553  6366 14326.3517   34   76 14404.8000 14114.4815  2.02%   128  592s
 13813  6480 14183.5902   29  241 14404.8000 14115.6911  2.01%   128  601s
 14083  6525 14188.6740   27  283 14404.8000 14116.7865  2.00%   128  609s
 14162  6525 14316.6576   33  138 14404.8000 14117.0729  2.00%   128  610s
 14235  6610 14183.3865   31  177 14404.8000 14117.1256  2.00%   128  617s
 14445  6709 14260.6528   31  188 14404.8000 14119.1978  1.98%   128  625s
 14663  6803 14305.3794   32  276 14404.8000 14120.2304  1.98%   128  634s
 14860  6882     cutoff   44      14404.8000 14121.3083  1.97%   128  642s
 15104  7001 infeasible   50      14404.8000 14122.7728  1.96%   128  651s
 15331  7115     cutoff   51      14404.8000 14124.4411  1.95%   128  659s
 15563  7228 14401.6839   43  173 14404.8000 14125.4078  1.94%   128  667s
 15782  7325     cutoff   38      14404.8000 14126.4003  1.93%   128  676s
 16008  7422 14391.8618   61   12 14404.8000 14127.3780  1.93%   128  683s
*16009  7247              62    14392.240000 14127.3780  1.84%   128  683s
 16209  7247 14337.2655   32  170 14392.2400 14128.5141  1.83%   128  685s
 16228  7306 14347.4801   33   68 14392.2400 14129.0626  1.83%   128  691s
 16373  7431 14255.5864   32  332 14392.2400 14130.1888  1.82%   129  700s
 16609  7516     cutoff   49      14392.2400 14130.7455  1.82%   128  708s
 16811  7588 14268.2287   27  225 14392.2400 14132.1071  1.81%   128  716s
 17071  7641 14366.7942   32  308 14392.2400 14132.4525  1.81%   128  725s
 17255  7713 14201.9007   32  227 14392.2400 14133.4333  1.80%   128  733s
 17476  7767     cutoff   26      14392.2400 14133.8941  1.80%   128  741s
 17642  7795     cutoff   32      14392.2400 14134.8475  1.79%   129  749s
 17800  7891 14274.8714   27  276 14392.2400 14136.2004  1.78%   129  756s
 18009  7957 14363.4325   31  191 14392.2400 14136.8960  1.77%   129  764s
 18197  8013 14214.3415   27  188 14392.2400 14137.5786  1.77%   129  772s
 18390  8086 14280.0645   34  217 14392.2400 14138.7545  1.76%   129  780s
 18590  8140 14350.8542   26  220 14392.2400 14139.1954  1.76%   129  788s
 18738  8227 14368.9969   35  184 14392.2400 14140.2204  1.75%   130  795s
 18930  8315 14360.6866   34  281 14392.2400 14141.4080  1.74%   130  803s
 19131  8387     cutoff   42      14392.2400 14142.2731  1.74%   130  811s
 19317  8485 14381.8239   30   98 14392.2400 14143.2429  1.73%   130  820s
 19511  8541 14302.8300   42    - 14392.2400 14143.6234  1.73%   130  827s
 19708  8645 14382.4672   50   22 14392.2400 14144.2511  1.72%   130  835s
 19915  8701 14254.1673   33  196 14392.2400 14144.9626  1.72%   130  844s
 20090  8818 14352.0803   27  118 14392.2400 14145.9750  1.71%   131  852s
 20338  8902 14209.7084   26  269 14392.2400 14147.1465  1.70%   130  860s
 20555  8945     cutoff   69      14392.2400 14148.0378  1.70%   130  918s
H20715  7475                    14352.190000 14148.4946  1.42%   131  920s
 20716  7483 14299.3972   34  161 14352.1900 14148.7446  1.42%   131  927s
 20854  7524 14282.9184   27  240 14352.1900 14150.2102  1.41%   131  935s
 21066  7576 14301.2803   28  202 14352.1900 14151.1233  1.40%   131  944s
 21257  7637 14320.1740   34  171 14352.1900 14152.2875  1.39%   131  952s
 21461  7704 14345.0837   36  158 14352.1900 14153.2419  1.39%   131  961s
 21679  7765 14229.1288   29  319 14352.1900 14154.3273  1.38%   131  970s
 21875  7809 14267.5631   34  200 14352.1900 14155.4553  1.37%   132  978s
 22068  7912 14329.2972   32  263 14352.1900 14156.4894  1.36%   132  987s
 22331  7971 14261.8753   41   43 14352.1900 14157.5531  1.36%   132  996s
 22532  8039     cutoff   57      14352.1900 14158.7768  1.35%   132 1005s
 22784  8094     cutoff   31      14352.1900 14159.6643  1.34%   131 1013s
 22983  8125     cutoff   35      14352.1900 14161.0111  1.33%   132 1021s
 23176  8149 14206.2904   33  204 14352.1900 14162.5419  1.32%   132 1029s
 23349  8186 14305.3480   40  273 14352.1900 14162.9082  1.32%   132 1038s
 23558  8235 14248.6882   32  192 14352.1900 14163.4766  1.31%   132 1046s
 23783  8290 14220.8388   30  245 14352.1900 14165.0877  1.30%   132 1054s
 23885  8291 14343.4406   43   92 14352.1900 14165.0877  1.30%   132 1055s
 23979  8344     cutoff   58      14352.1900 14166.0168  1.30%   132 1063s
 24191  8404 14287.1363   34   70 14352.1900 14166.9300  1.29%   132 1072s
 24421  8435     cutoff   32      14352.1900 14167.6457  1.29%   132 1081s
 24631  8454     cutoff   43      14352.1900 14168.4821  1.28%   133 1089s
 24711  8454 14287.1734   24  220 14352.1900 14169.0681  1.28%   133 1090s
 24798  8508 14261.1702   33  226 14352.1900 14169.2198  1.27%   133 1098s
 25049  8556 14349.8012   32  117 14352.1900 14170.1885  1.27%   133 1106s
 25242  8603     cutoff   41      14352.1900 14170.7711  1.26%   133 1114s
 25342  8603 14335.8653   31  113 14352.1900 14170.7711  1.26%   133 1115s
 25472  8637 14295.0231   28  223 14352.1900 14172.2881  1.25%   133 1123s
 25710  8698     cutoff   32      14352.1900 14173.1522  1.25%   133 1132s
 25965  8728 14337.7786   36  139 14352.1900 14174.1418  1.24%   133 1141s
 26166  8771 14221.0556   33  243 14352.1900 14174.9196  1.24%   133 1149s
 26359  8824 14343.8156   47   25 14352.1900 14175.7533  1.23%   133 1158s
 26586  8889     cutoff   27      14352.1900 14176.6964  1.22%   133 1167s
 26806  8913 14332.2628   32  198 14352.1900 14177.6590  1.22%   133 1175s
 26991  8949 14240.9013   34  163 14352.1900 14178.3906  1.21%   133 1184s
 27088  8949 14307.2469   35  291 14352.1900 14179.0468  1.21%   133 1185s
 27157  8976 14311.2125   34  192 14352.1900 14179.0620  1.21%   133 1192s
 27360  8999 14308.7741   28  320 14352.1900 14180.0113  1.20%   133 1200s
 27536  9032 14341.2933   35  153 14352.1900 14180.7191  1.19%   134 1209s
 27712  9067     cutoff   36      14352.1900 14181.6515  1.19%   134 1217s
 27956  9113     cutoff   36      14352.1900 14182.2665  1.18%   134 1226s
 28160  9179 14292.8806   32  130 14352.1900 14182.9095  1.18%   134 1234s
 28232  9179 14349.3062   42   29 14352.1900 14182.9095  1.18%   134 1235s
 28401  9199 14257.7348   26  232 14352.1900 14184.0308  1.17%   134 1243s
 28595  9232     cutoff   32      14352.1900 14185.1176  1.16%   134 1252s
 28775  9264 14269.3070   32  226 14352.1900 14186.0967  1.16%   134 1260s
 28975  9318 14250.8011   32  241 14352.1900 14186.6786  1.15%   134 1269s
 29052  9318 14317.0951   41  285 14352.1900 14187.1827  1.15%   135 1270s
 29176  9330 14323.8850   34  308 14352.1900 14187.2709  1.15%   135 1278s
 29435  9379 14287.7198   31  179 14352.1900 14188.1080  1.14%   134 1288s
 29674  9433     cutoff   38      14352.1900 14188.9610  1.14%   134 1297s
 29877  9476     cutoff   45      14352.1900 14189.9294  1.13%   135 1306s
 30097  9516     cutoff   34      14352.1900 14190.4139  1.13%   135 1315s
 30301  9556 14329.2943   37  170 14352.1900 14191.1546  1.12%   135 1323s
 30517  9566 14314.9866   33  202 14352.1900 14192.2446  1.11%   135 1333s
 30715  9610     cutoff   36      14352.1900 14193.0383  1.11%   135 1342s
 30973  9656 14281.8010   30  302 14352.1900 14193.8549  1.10%   135 1351s
 31170  9701 14228.2142   35  253 14352.1900 14194.8101  1.10%   135 1360s
 31426  9729     cutoff   35      14352.1900 14195.7150  1.09%   135 1370s
 31612  9794     cutoff   26      14352.1900 14196.0728  1.09%   135 1379s
 31726  9794 infeasible   35      14352.1900 14196.0728  1.09%   135 1380s
 31870  9820     cutoff   36      14352.1900 14196.8302  1.08%   135 1388s
 32108  9859     cutoff   42      14352.1900 14197.5094  1.08%   135 1398s
 32326  9907     cutoff   35      14352.1900 14198.1889  1.07%   136 1407s
 32594  9947 14302.3360   37  109 14352.1900 14198.9458  1.07%   135 1417s
 32818  9991     cutoff   35      14352.1900 14199.7942  1.06%   136 1426s
 33094 10005     cutoff   31      14352.1900 14200.4768  1.06%   135 1436s
 33325 10015 14332.4911   35  208 14352.1900 14201.1728  1.05%   135 1447s
 33375 10063 14260.2635   44  125 14352.1900 14201.3907  1.05%   135 1455s
 33623 10111     cutoff   37      14352.1900 14202.3005  1.04%   135 1464s
 33735 10111 14324.1869   27   89 14352.1900 14202.3005  1.04%   135 1465s
 33886 10185     cutoff   28      14352.1900 14202.9847  1.04%   135 1474s
 34010 10185     cutoff   42      14352.1900 14203.9519  1.03%   135 1475s
 34143 10222 14298.4333   35  142 14352.1900 14203.9821  1.03%   135 1484s
 34409 10253 14300.2209   34  251 14352.1900 14204.4068  1.03%   135 1494s
 34624 10270     cutoff   28      14352.1900 14205.1274  1.02%   135 1502s
 34811 10364 14342.6225   33  207 14352.1900 14205.6992  1.02%   136 1512s
 35105 10401 14342.9719   34   93 14352.1900 14206.5496  1.01%   135 1522s
 35357 10439 14293.3375   33  174 14352.1900 14207.3547  1.01%   135 1531s
 35628 10471 14227.0780   34  156 14352.1900 14208.0252  1.00%   135 1541s
 35868 10498 14296.4587   32  289 14352.1900 14208.6799  1.00%   135 1550s
 36081 10519     cutoff   34      14352.1900 14209.3293  1.00%   136 1560s
 36305 10549     cutoff   53      14352.1900 14209.9452  0.99%   136 1569s
 36436 10549     cutoff   37      14352.1900 14210.7277  0.99%   136 1570s
 36554 10627 14296.9957   30  188 14352.1900 14210.7870  0.99%   136 1578s
 36776 10628 14343.7745   40   77 14352.1900 14211.4994  0.98%   136 1580s
 36848 10689     cutoff   56      14352.1900 14211.5510  0.98%   136 1588s
 37059 10689 14314.8473   34   23 14352.1900 14212.2001  0.98%   135 1590s
 37124 10726     cutoff   35      14352.1900 14212.2208  0.98%   135 1598s
 37399 10743 14321.3894   43  199 14352.1900 14213.0035  0.97%   135 1608s
 37667 10810     cutoff   23      14352.1900 14213.6516  0.97%   135 1617s
 37928 10840     cutoff   43      14352.1900 14214.4341  0.96%   135 1627s
 38191 10882     cutoff   32      14352.1900 14215.2951  0.95%   135 1650s
 38430 10888 14328.3879   35  169 14352.1900 14215.7588  0.95%   135 1659s
 38502 10888 14339.6120   31   74 14352.1900 14215.7588  0.95%   135 1660s
 38681 10889 14335.8322   31  187 14352.1900 14216.6135  0.94%   135 1668s
 38882 10923 14327.8130   38  209 14352.1900 14217.6824  0.94%   135 1678s
 39146 10941 14333.3594   38  223 14352.1900 14218.3978  0.93%   135 1688s
 39390 10947 14324.4933   38   66 14352.1900 14218.9960  0.93%   135 1698s
 39596 10986     cutoff   44      14352.1900 14219.5564  0.92%   135 1708s
 39862 10996 14328.2573   38  129 14352.1900 14220.3322  0.92%   135 1718s
 40099 11026     cutoff   32      14352.1900 14220.9938  0.91%   136 1728s
 40370 11043 14295.4464   37   35 14352.1900 14221.4396  0.91%   136 1737s
 40614 11120     cutoff   31      14352.1900 14222.3300  0.90%   136 1748s
 40924 11120 14229.5397   27  173 14352.1900 14222.7964  0.90%   135 1750s
 40952 11143 14300.6892   30  220 14352.1900 14222.8132  0.90%   135 1759s
 41175 11180 14307.3621   33  125 14352.1900 14223.0233  0.90%   136 1769s
 41434 11214 14308.3827   32  131 14352.1900 14223.7057  0.90%   136 1778s
 41699 11237 14310.1728   47  168 14352.1900 14224.3226  0.89%   136 1788s
 41992 11256     cutoff   31      14352.1900 14225.2871  0.88%   135 1797s
 42197 11309     cutoff   34      14352.1900 14226.0154  0.88%   136 1808s
 42499 11309 infeasible   33      14352.1900 14226.5749  0.88%   135 1818s
 42719 11333 14310.1307   34  288 14352.1900 14227.3241  0.87%   136 1828s
 42981 11356 14312.7469   36   97 14352.1900 14227.7550  0.87%   136 1838s
 43240 11380     cutoff   35      14352.1900 14228.4497  0.86%   136 1848s
 43521 11396 14306.5366   34  243 14352.1900 14229.3189  0.86%   136 1859s
 43792 11412 14317.7173   30  347 14352.1900 14229.8443  0.85%   136 1869s
 44045 11437 14337.1611   32  160 14352.1900 14230.4466  0.85%   136 1879s
 44172 11437     cutoff   38      14352.1900 14231.0643  0.84%   136 1880s
 44300 11488 14338.8051   30  256 14352.1900 14231.1533  0.84%   136 1890s
 44605 11502     cutoff   29      14352.1900 14231.9302  0.84%   136 1900s
 44718 11502 14331.0854   40   68 14352.1900 14231.9302  0.84%   136 1918s
 44836 11498 14284.4264   37  173 14352.1900 14232.5724  0.83%   136 1928s
 45125 11519     cutoff   32      14352.1900 14233.3790  0.83%   136 1938s
 45385 11557 14295.2321   27  265 14352.1900 14233.9987  0.82%   136 1949s
 45494 11558 14339.6295   39   54 14352.1900 14233.9987  0.82%   136 1950s
 45717 11606 14290.4212   30  232 14352.1900 14234.6650  0.82%   136 1961s
 45983 11606 14284.7152   32  150 14352.1900 14235.1781  0.82%   135 1965s
 46030 11641     cutoff   27      14352.1900 14235.1999  0.82%   135 1974s
 46154 11641 14332.5702   41  129 14352.1900 14235.7116  0.81%   136 1975s
 46319 11633 14278.7130   35  254 14352.1900 14235.7264  0.81%   135 1985s
 46532 11651 14339.0776   39   87 14352.1900 14236.3127  0.81%   136 1995s
 46814 11661 infeasible   40      14352.1900 14236.8479  0.80%   136 2006s
 47098 11674 14281.4210   31  233 14352.1900 14237.5106  0.80%   136 2017s
 47326 11699 14301.1013   30  154 14352.1900 14237.7695  0.80%   136 2028s
 47645 11713 14334.0956   31  178 14352.1900 14238.3464  0.79%   136 2038s
 47950 11726 14275.1797   30  165 14352.1900 14238.9270  0.79%   136 2049s
 48094 11726 14264.3622   34   58 14352.1900 14238.9270  0.79%   136 2050s
 48230 11807 14304.7457   36   24 14352.1900 14239.8049  0.78%   136 2062s
 48611 11821     cutoff   41      14352.1900 14240.4682  0.78%   136 2075s
 48957 11823     cutoff   39      14352.1900 14241.0233  0.77%   136 2087s
 49218 11839     cutoff   33      14352.1900 14241.5761  0.77%   136 2097s
 49499 11833     cutoff   36      14352.1900 14242.0546  0.77%   136 2108s
 49756 11851 14331.2435   32   95 14352.1900 14242.3776  0.77%   136 2119s
 50044 11884 14345.0764   37  194 14352.1900 14243.1192  0.76%   136 2131s
 50314 11890 14337.3518   33  246 14352.1900 14243.4644  0.76%   136 2142s
 50574 11920 14299.7219   43  202 14352.1900 14244.0536  0.75%   136 2152s
 50857 11906     cutoff   38      14352.1900 14244.8618  0.75%   136 2163s
 51088 11910     cutoff   36      14352.1900 14245.4290  0.74%   136 2173s
 51328 11909     cutoff   43      14352.1900 14245.9818  0.74%   136 2184s
 51434 11909 14313.1528   34  205 14352.1900 14245.9818  0.74%   136 2185s
 51601 11953 14337.3208   34  208 14352.1900 14246.5341  0.74%   136 2196s
 51975 11961 14343.1371   40  208 14352.1900 14247.2925  0.73%   136 2269s
 52285 11954     cutoff   37      14352.1900 14247.8269  0.73%   136 2283s
 52461 11955 14325.3496   37   56 14352.1900 14248.1317  0.73%   136 2295s
 52735 11940     cutoff   43      14352.1900 14248.8234  0.72%   136 2306s
 53029 11959 14333.4836   36  199 14352.1900 14249.5589  0.72%   136 2317s
 53347 11978 14344.0612   36  178 14352.1900 14250.1637  0.71%   136 2329s
 53438 11978 14330.7390   41   89 14352.1900 14250.1637  0.71%   136 2330s
 53696 12063     cutoff   45      14352.1900 14250.5197  0.71%   136 2342s
 54093 12071     cutoff   40      14352.1900 14250.9418  0.71%   135 2353s
 54366 12060     cutoff   25      14352.1900 14251.7694  0.70%   135 2365s
 54647 12072 14271.7081   36  106 14352.1900 14252.2570  0.70%   135 2377s
 54986 12064 infeasible   34      14352.1900 14252.9442  0.69%   135 2388s
 55291 12082     cutoff   42      14352.1900 14253.4778  0.69%   135 2400s
 55597 12104     cutoff   36      14352.1900 14253.9660  0.68%   135 2420s
 55923 12106     cutoff   47      14352.1900 14254.2770  0.68%   135 2432s
 56255 12095     cutoff   44      14352.1900 14254.8260  0.68%   135 2443s
 56496 12101     cutoff   33      14352.1900 14255.3478  0.67%   135 2458s
 56871 12076     cutoff   31      14352.1900 14255.7443  0.67%   135 2469s
 56990 12076 14291.6748   36  113 14352.1900 14255.7443  0.67%   135 2470s
 57151 12086 14318.5185   34  154 14352.1900 14256.5028  0.67%   135 2482s
 57504 12088     cutoff   37      14352.1900 14257.0451  0.66%   135 2493s
 57820 12069 14324.9375   31  200 14352.1900 14257.6759  0.66%   135 2505s
 57969 12069     cutoff   45      14352.1900 14257.9431  0.66%   135 2587s
 58049 12095     cutoff   37      14352.1900 14257.9642  0.66%   135 2597s
 58384 12140 14343.7362   40  214 14352.1900 14258.4733  0.65%   135 2609s
 58556 12140 14346.9085   35  223 14352.1900 14258.9804  0.65%   135 2610s
 58760 12133 14342.8327   34  220 14352.1900 14258.9835  0.65%   135 2621s
 59068 12158 14321.1117   36  184 14352.1900 14259.3333  0.65%   134 2634s
 59318 12159 14293.2354   48   32 14352.1900 14259.8635  0.64%   134 2635s
 59449 12143 14301.1678   35   70 14352.1900 14259.8838  0.64%   134 2645s
 59733 12137 14342.3576   39   22 14352.1900 14260.4031  0.64%   134 2656s
 60017 12140     cutoff   40      14352.1900 14260.9393  0.64%   134 2668s
 60341 12146 14290.8727   41   93 14352.1900 14261.6828  0.63%   134 2680s
 60609 12163 14330.0432   33  181 14352.1900 14262.2305  0.63%   134 2692s
 60928 12142 14343.6100   45    - 14352.1900 14262.7231  0.62%   134 2704s
 61053 12144 14327.5112   28  246 14352.1900 14262.7231  0.62%   134 2705s
 61222 12143     cutoff   45      14352.1900 14263.3193  0.62%   134 2715s
 61520 12161     cutoff   53      14352.1900 14263.8725  0.62%   134 2727s
 61871 12129     cutoff   31      14352.1900 14264.3570  0.61%   134 2739s
 62012 12130     cutoff   34      14352.1900 14264.7104  0.61%   134 2740s
 62131 12109     cutoff   41      14352.1900 14264.7485  0.61%   134 2752s
 62451 12103     cutoff   34      14352.1900 14265.4749  0.60%   134 2765s
 62817 12088 14340.1328   43  159 14352.1900 14266.0334  0.60%   134 2777s
 63131 12064 14283.8040   34  184 14352.1900 14266.5209  0.60%   134 2789s
 63450 12052     cutoff   31      14352.1900 14267.1520  0.59%   134 2800s
 63694 12054 14322.4445   38  180 14352.1900 14267.4440  0.59%   134 2812s
 64032 12053 infeasible   73      14352.1900 14267.9171  0.59%   133 2824s
 64175 12053 14335.7017   32   32 14352.1900 14267.9171  0.59%   133 2825s
 64319 12033     cutoff   49      14352.1900 14268.4145  0.58%   133 2835s
 64626 12004 14342.2675   39   98 14352.1900 14268.8631  0.58%   133 2847s
 64905 12010     cutoff   29      14352.1900 14269.4692  0.58%   133 2859s
 65132 12010 14332.9500   43  107 14352.1900 14270.0572  0.57%   133 2860s
 65226 11983     cutoff   33      14352.1900 14270.0709  0.57%   133 2870s
 65538 11973 14305.5341   31  240 14352.1900 14270.5901  0.57%   133 2881s
 65870 11941     cutoff   41      14352.1900 14271.0948  0.57%   133 2893s
 66168 11954     cutoff   42      14352.1900 14271.6329  0.56%   133 2904s
 66284 11954 14338.8096   42  108 14352.1900 14271.6329  0.56%   133 2905s
 66486 11919     cutoff   39      14352.1900 14272.0508  0.56%   133 2917s
 66811 11891     cutoff   49      14352.1900 14272.7394  0.55%   133 2928s
 67129 11864     cutoff   50      14352.1900 14273.2871  0.55%   133 2939s
*67274 11144              44    14342.790000 14273.9670  0.48%   133 2939s
 67461 11097     cutoff   33      14342.7900 14273.9765  0.48%   133 2950s
 67709 11037 14317.1716   35  148 14342.7900 14274.4481  0.48%   132 2962s
 67939 10974     cutoff   34      14342.7900 14275.0276  0.47%   132 2973s
 68211 10917     cutoff   50      14342.7900 14275.7947  0.47%   132 2985s
 68339 10918     cutoff   43      14342.7900 14276.3834  0.46%   132 2997s
 68491 10854     cutoff   47      14342.7900 14276.3862  0.46%   132 3008s
 68767 10777 14339.7885   39   67 14342.7900 14276.8620  0.46%   132 3020s
 69098 10746 14332.5604   37  136 14342.7900 14277.5295  0.46%   132 3032s
*69256  9708              40    14332.490000 14277.5295  0.38%   132 3032s
 69476  9593     cutoff   52      14332.4900 14278.2372  0.38%   132 3041s
 69749  9472     cutoff   40      14332.4900 14278.9875  0.37%   132 3052s
