




arguments: ./build/mirp_solver -f ./input/orig_exec_200.cfg
Current dir: /scratch/gui/bnc_mirp
File verbosity level: 9
date       time         ( uptime  ) [ thread name/id ]                   file:line     v| 
2021-01-10 08:37:39.036 (   0.097s) [main thread     ]             loguru.cpp:789   INFO| Logging to './output/vi_hc1_quarter/OU/V2/Original/execution_10_01_2021_08_37_39.log', mode: 'a', verbosity: 9
--------------------------------------------------------------------------------
Parameters
                           instance_path           ./input/Instances/Original/6/
                            model_policy                                       1
                             nb_vehicles                                       2
                              output_dir ./output/vi_hc1_quarter/OU/V2/Original/
                            sec_strategy                                       1
                       solver_nb_threads                                       2
                         solver_show_log                                    true
                       solver_time_limit                                    3600
                              use_vi_cos                                   false
                              use_vi_cus                                   false
                         use_vi_hc1_full                                   false
                         use_vi_hc1_half                                   false
                      use_vi_hc1_quarter                                    true
                              use_vi_hc2                                   false
                              use_vi_hc3                                   false
                         use_vi_lex_full                                   false
                         use_vi_lex_half                                   false
                      use_vi_lex_quarter                                   false
                              use_vi_qua                                   false
                               use_vi_vc                                   false
                               use_vi_vr                                   false
--------------------------------------------------------------------------------
executing instance: ./input/Instances/Original/6/absH6high_1n25.dat
--------------------------------------------------------------------------------
Instance details
n	26
H	6
C	1711
Li:
[0, 0, 0, 0, 0, 0, 0, 0, 0, 0, 0, 0, 0, 0, 0, 0, 0, 0, 0, 0, 0, 0, 0, 0, 0, 0, ]
Ui:
[0, 168, 176, 34, 66, 36, 177, 106, 118, 182, 64, 141, 189, 63, 46, 111, 182, 231, 36, 66, 68, 54, 132, 90, 246, 75, ]
Distance matrix:
|0	191	200	231	334	329	146	196	208	245	218	164	283	394	151	358	156	196	309	253	201	260	127	138	130	104	|
|191	0	226	229	278	146	328	216	390	417	327	293	195	334	106	296	171	122	472	151	12	411	280	53	190	130	|
|200	226	0	38	149	359	321	10	276	274	418	364	139	204	121	173	321	115	303	141	225	236	155	202	311	256	|
|231	229	38	0	110	352	358	37	314	310	448	395	108	167	129	135	342	109	336	120	226	268	194	213	335	277	|
|334	278	149	110	0	367	467	147	422	413	546	495	86	61	203	25	423	163	429	129	271	363	303	282	424	361	|
|329	146	359	352	367	0	453	349	533	562	411	393	282	411	245	378	250	244	617	245	141	556	426	195	284	243	|
|146	328	321	358	467	453	0	321	162	215	160	112	425	524	297	491	223	341	284	397	339	266	186	276	184	210	|
|196	216	10	37	147	349	321	0	281	281	414	360	132	203	112	171	315	105	311	132	216	244	159	193	305	249	|
|208	390	276	314	422	533	162	281	0	54	321	271	410	471	316	445	348	348	123	398	398	115	125	338	313	309	|
|245	417	274	310	413	562	215	281	54	0	375	323	413	457	334	435	393	361	70	406	424	69	139	367	359	349	|
|218	327	418	448	546	411	160	414	321	375	0	57	484	606	347	569	163	393	444	446	339	421	318	288	137	199	|
|164	293	364	395	495	393	112	360	271	323	57	0	437	556	300	519	144	346	393	401	305	367	261	249	109	163	|
|283	195	139	108	86	282	425	132	410	413	484	437	0	139	137	101	349	91	443	44	187	375	286	206	355	291	|
|394	334	204	167	61	411	524	203	471	457	606	556	139	0	264	38	483	222	467	183	326	403	356	341	484	421	|
|151	106	121	129	203	245	297	112	316	334	347	300	137	264	0	225	220	46	381	102	106	316	195	84	221	158	|
|358	296	173	135	25	378	491	171	445	435	569	519	101	38	225	0	444	184	450	145	288	384	328	303	446	383	|
|156	171	321	342	423	250	223	315	348	393	163	144	349	483	220	444	0	261	460	308	183	415	284	143	39	65	|
|196	122	115	109	163	244	341	105	348	361	393	346	91	222	46	184	261	0	402	56	118	336	224	119	264	200	|
|309	472	303	336	429	617	284	311	123	70	444	393	443	467	381	450	460	402	0	442	477	68	192	424	426	413	|
|253	151	141	120	129	245	397	132	398	406	446	401	44	183	102	145	308	56	442	0	143	375	273	164	315	251	|
|201	12	225	226	271	141	339	216	398	424	339	305	187	326	106	288	183	118	477	143	0	416	286	63	202	142	|
|260	411	236	268	363	556	266	244	115	69	421	367	375	403	316	384	415	336	68	375	416	0	135	365	384	363	|
|127	280	155	194	303	426	186	159	125	139	318	261	286	356	195	328	284	224	192	273	286	135	0	232	256	229	|
|138	53	202	213	282	195	276	193	338	367	288	249	206	341	84	303	143	119	424	164	63	365	232	0	153	89	|
|130	190	311	335	424	284	184	305	313	359	137	109	355	484	221	446	39	264	426	315	202	384	256	153	0	64	|
|104	130	256	277	361	243	210	249	309	349	199	163	291	421	158	383	65	200	413	251	142	363	229	89	64	0	|

--------------------------------------------------------------------------------
Building model...
	using lazy and cut (CVRPSEP package)
Solving IRP LP...
--------------------------------------------------------------------------------

Gurobi 9.1.0 (linux64) logging started Sun Jan 10 08:37:39 2021

Gurobi Optimizer version 9.1.0 build v9.1.0rc0 (linux64)
Thread count: 32 physical cores, 32 logical processors, using up to 2 threads
Optimize a model with 1142 rows, 4694 columns and 11558 nonzeros
Model fingerprint: 0xce82ce5a
Variable types: 482 continuous, 4212 integer (312 binary)
Coefficient statistics:
  Matrix range     [1e+00, 9e+02]
  Objective range  [1e-01, 6e+02]
  Bounds range     [1e+00, 2e+02]
  RHS range        [1e+01, 3e+03]
Presolve removed 276 rows and 264 columns
Presolve time: 0.07s
Presolved: 866 rows, 4430 columns, 10230 nonzeros
Variable types: 374 continuous, 4056 integer (3762 binary)

Root relaxation: objective 1.300002e+04, 987 iterations, 0.02 seconds

    Nodes    |    Current Node    |     Objective Bounds      |     Work
 Expl Unexpl |  Obj  Depth IntInf | Incumbent    BestBd   Gap | It/Node Time

     0     0 13000.0185    0  192          - 13000.0185      -     -    0s
     0     0 13525.2899    0  244          - 13525.2899      -     -    0s
     0     0 13584.9519    0  232          - 13584.9519      -     -    0s
     0     0 13599.6127    0  247          - 13599.6127      -     -    0s
     0     0 13604.6246    0  268          - 13604.6246      -     -    0s
     0     0 13605.0905    0  251          - 13605.0905      -     -    0s
     0     0 14298.4977    0  318          - 14298.4977      -     -    0s
     0     0 14437.3978    0  330          - 14437.3978      -     -    0s
     0     0 14454.3435    0  348          - 14454.3435      -     -    1s
     0     0 14457.3564    0  361          - 14457.3564      -     -    1s
     0     0 14457.4240    0  356          - 14457.4240      -     -    1s
     0     0 14734.5395    0  367          - 14734.5395      -     -    1s
     0     0 14767.5627    0  383          - 14767.5627      -     -    1s
     0     0 14782.2845    0  363          - 14782.2845      -     -    1s
     0     0 14782.6652    0  371          - 14782.6652      -     -    1s
     0     0 14926.3561    0  383          - 14926.3561      -     -    1s
     0     0 14946.1413    0  373          - 14946.1413      -     -    1s
     0     0 14950.8391    0  383          - 14950.8391      -     -    2s
     0     0 14951.8211    0  408          - 14951.8211      -     -    2s
     0     0 14988.1927    0  379          - 14988.1927      -     -    2s
     0     0 14996.9531    0  398          - 14996.9531      -     -    2s
     0     0 14997.5850    0  395          - 14997.5850      -     -    2s
     0     0 15006.3148    0  398          - 15006.3148      -     -    2s
     0     0 15009.1841    0  372          - 15009.1841      -     -    2s
     0     2 15062.7329    0  350          - 15062.7329      -     -    3s
     9    12 15273.0147    3  411          - 15181.1476      -   755    5s
    78    82 15804.1105   20  348          - 15181.1476      -   483   10s
   269   299 16477.1830   48  192          - 15181.1476      -   227   15s
   631   600 15914.0325    7  463          - 15181.1476      -   126   20s
   728   690 20529.8150  207  204          - 15308.4513      -   128   25s
   742   700 15718.7736   12  563          - 15718.7736      -   126   30s
   779   727 15827.8334   20  451          - 15759.7797      -   151   35s
   836   770 16025.3025   32  362          - 15759.7797      -   167   40s
   928   842 16493.2690   53  239          - 15759.7797      -   176   45s
  1081   982 16944.9835   85  162          - 15759.7797      -   167   50s
* 1252  1012             143    18406.190000 15759.7797  14.4%   151   53s
  1316   996 18244.4437  143   47 18406.1900 15773.2868  14.3%   146   55s
  1391  1032 16154.3877   32  426 18406.1900 15773.2868  14.3%   152   60s
  1465  1087 16289.6869   51  178 18406.1900 15773.2868  14.3%   157   65s
  1570  1176 16650.4346   81  105 18406.1900 15773.2868  14.3%   156   71s
  1703  1254 17610.7076  109   97 18406.1900 15773.2868  14.3%   150   76s
  1799  1249 16175.6247   19  408 18406.1900 15780.7320  14.3%   150   80s
H 1838  1190                    18168.490000 15780.7320  13.1%   153   83s
  1853  1218 16449.0530   38   90 18168.4900 15780.7320  13.1%   153   85s
H 1918   970                    17124.790000 15780.7320  7.85%   154   89s
  1935   999 16725.4249   50   66 17124.7900 15780.7320  7.85%   155   90s
  1982  1106 16820.0280   61   59 17124.7900 15780.7320  7.85%   153   95s
H 2124  1027                    17118.950000 15781.2161  7.81%   147   97s
H 2138   921                    16988.900000 15790.8090  7.05%   147   97s
  2154   948 16253.8094   24  270 16988.9000 15790.8090  7.05%   150  101s
  2255   959 16701.2320   18  278 16988.9000 15793.3239  7.04%   150  105s
  2289   982 16290.2508   15  461 16988.9000 15798.4008  7.01%   153  110s
  2352  1023 16524.4656   28  120 16988.9000 15798.4008  7.01%   157  115s
  2417  1085 16722.7588   52   70 16988.9000 15817.1295  6.90%   159  120s
  2538  1153 16946.9888   42   52 16988.9000 15817.3853  6.90%   160  126s
  2603  1199 16505.2920   31  276 16988.9000 15818.9980  6.89%   162  131s
  2688  1265 16387.5610   29  328 16988.9000 15818.9980  6.89%   163  136s
  2763  1296 16081.6990   20  386 16988.9000 15842.1033  6.75%   164  141s
  2804  1352 16224.8949   31  266 16988.9000 15842.1033  6.75%   168  146s
  2885  1446 16788.7017   58  133 16988.9000 15842.2588  6.75%   170  152s
  2968  1470 16269.6677   23  339 16988.9000 15844.7554  6.73%   169  155s
  3040  1515 16064.9413   18  459 16988.9000 15847.4133  6.72%   171  162s
  3069  1544 16530.8085   29  348 16988.9000 15847.6144  6.72%   172  165s
  3139  1598 16834.1867   37  369 16988.9000 15856.0309  6.67%   176  172s
  3190  1626 16118.1413   17  427 16988.9000 15856.1278  6.67%   177  175s
H 3269  1653                    16975.990000 15861.5836  6.56%   179  183s
H 3272  1558                    16888.360000 15861.5836  6.08%   179  183s
H 3280  1352                    16791.750000 15861.5836  5.54%   180  183s
  3284  1377 16579.9914   21  500 16791.7500 15864.4568  5.52%   180  187s
H 3325  1214                    16710.670000 15864.4568  5.06%   181  188s
  3353  1248 16340.3402   26  425 16710.6700 15864.4568  5.06%   180  192s
  3398  1270     cutoff   45      16710.6700 15869.3781  5.03%   181  195s
  3479  1340 16374.1117   25  277 16710.6700 15871.3495  5.02%   184  204s
H 3524  1332                    16708.280000 15871.3495  5.01%   184  204s
  3527  1369 16481.9849   30  364 16708.2800 15873.4820  5.00%   184  208s
  3588  1387 16544.0100   29  405 16708.2800 15877.1414  4.97%   185  213s
  3626  1416 16212.2031   22  394 16708.2800 15877.1677  4.97%   187  217s
  3655  1446 16273.2456   26  469 16708.2800 15877.1677  4.97%   189  222s
  3708  1483 16635.8744   34  306 16708.2800 15879.4885  4.96%   190  227s
  3776  1508     cutoff   36      16708.2800 15885.3625  4.93%   190  232s
  3818  1548 16258.4730   31  349 16708.2800 15887.0052  4.92%   192  237s
  3858  1584 16573.5508   35  272 16708.2800 15894.9748  4.87%   194  242s
  3936  1637 16154.6983   20  435 16708.2800 15894.9861  4.87%   194  248s
  4010  1665 16602.5194   39  334 16708.2800 15896.0828  4.86%   194  254s
  4070  1696 15998.2314   18  414 16708.2800 15899.1955  4.84%   195  260s
  4129  1723 16197.7093   20  444 16708.2800 15904.5296  4.81%   196  265s
  4156  1743 16425.1931   24  422 16708.2800 15904.5590  4.81%   199  270s
  4206  1780 16230.9315   31  327 16708.2800 15909.8465  4.78%   200  277s
  4265  1822 16510.1278   28  276 16708.2800 15915.6331  4.74%   202  283s
  4344  1873 16216.1075   29  432 16708.2800 15919.5256  4.72%   203  290s
H 4419  1824                    16665.080000 15919.5648  4.47%   203  297s
  4517  1867 16161.9419   17  365 16665.0800 15930.0197  4.41%   204  304s
  4568  1917 16558.5981   25  155 16665.0800 15931.5284  4.40%   206  312s
H 4675  1971                    16663.860000 15933.7718  4.38%   206  319s
  4748  2037 16274.3423   26  330 16663.8600 15940.9120  4.34%   208  327s
  4841  2078 16339.2475   25  276 16663.8600 15942.7811  4.33%   208  335s
  4924  2080 16293.8417   28  324 16663.8600 15947.2458  4.30%   210  359s
  4926  2155 16270.0739   28  321 16663.8600 15949.6081  4.29%   210  369s
  5080  2203 16342.7782   18  456 16663.8600 15953.1379  4.27%   208  377s
  5154  2252     cutoff   36      16663.8600 15961.3033  4.22%   210  391s
H 5238  2248                    16662.360000 15961.4231  4.21%   211  391s
  5239  2308     cutoff   43      16662.3600 15962.0180  4.20%   211  400s
  5351  2371 16489.9450   29  351 16662.3600 15970.7971  4.15%   213  409s
  5450  2449 16201.5286   21  406 16662.3600 15974.1308  4.13%   214  419s
  5562  2509 16222.0872   28  184 16662.3600 15976.4901  4.12%   215  429s
* 5693  2122              39    16579.670000 15980.8233  3.61%   216  430s
  5698  2170 16189.0464   22  400 16579.6700 15981.6311  3.61%   216  440s
  5822  2235     cutoff   28      16579.6700 15985.0191  3.59%   217  450s
  5937  2306 16334.2943   32  367 16579.6700 15988.5273  3.57%   218  461s
  6046  2403 16224.9631   22  268 16579.6700 15993.3880  3.54%   220  472s
  6204  2478 16190.2088   18  425 16579.6700 15996.3467  3.52%   220  485s
  6354  2536 16372.3039   21  372 16579.6700 15997.6046  3.51%   219  496s
  6460  2598 16401.0493   23  313 16579.6700 15998.7707  3.50%   221  507s
  6603  2668 16276.9586   23  345 16579.6700 16006.0888  3.46%   222  518s
  6726  2734 16365.8683   35  419 16579.6700 16008.3817  3.45%   223  529s
  6850  2820 16186.0975   28  402 16579.6700 16014.0388  3.41%   224  542s
  6998  2930 16429.2948   44  235 16579.6700 16016.9520  3.39%   225  554s
  7186  3023 16551.2664   34  215 16579.6700 16020.4075  3.37%   224  566s
  7323  3122 16553.9133   38  175 16579.6700 16021.5175  3.37%   225  582s
  7527  3241 16159.7562   19  266 16579.6700 16024.2993  3.35%   225  596s
  7735  3358 16450.2467   39  180 16579.6700 16027.1024  3.33%   225  611s
  7944  3425 16350.1351   31  455 16579.6700 16031.2005  3.31%   225  627s
  8038  3523 16158.6623   18  321 16579.6700 16032.9226  3.30%   226  643s
  8278  3615     cutoff   26      16579.6700 16035.2656  3.28%   227  659s
  8458  3727 16134.6114   20  294 16579.6700 16039.5434  3.26%   229  674s
  8574  3727 16263.4049   27  329 16579.6700 16040.4537  3.25%   229  675s
  8642  3838 16273.1590   22  335 16579.6700 16040.5881  3.25%   230  690s
  8843  3905     cutoff   37      16579.6700 16043.8440  3.23%   230  705s
  9018  3966 16330.2322   33  195 16579.6700 16047.8840  3.21%   231  734s
  9192  4058 16126.3490   22  321 16579.6700 16052.3845  3.18%   232  752s
  9358  4124 16449.6273   38  398 16579.6700 16053.3474  3.17%   233  791s
  9526  4215 16484.3481   40  136 16579.6700 16055.5537  3.16%   234  807s
  9686  4321 16313.8352   24  367 16579.6700 16057.2122  3.15%   235  833s
  9867  4440 16282.2914   21  392 16579.6700 16058.5866  3.14%   236  850s
 10074  4557 16557.2852   32  300 16579.6700 16059.1344  3.14%   236  867s
 10297  4662 16424.0780   30  244 16579.6700 16060.9103  3.13%   236  883s
 10507  4743 infeasible   32      16579.6700 16063.2996  3.11%   236  899s
 10706  4919 16447.8216   28  291 16579.6700 16064.9413  3.10%   236  915s
 10968  4983 16555.3019   22  257 16579.6700 16067.4565  3.09%   235  932s
 11211  5112 16166.2015   25  433 16579.6700 16068.6066  3.08%   235  948s
 11480  5238 16194.4360   17  523 16579.6700 16070.2328  3.07%   234  968s
 11670  5372 16159.2102   25  262 16579.6700 16071.3032  3.07%   235  985s
 11939  5455 16172.8460   21  340 16579.6700 16073.4619  3.05%   234 1001s
 12132  5578 16420.5132   40  198 16579.6700 16074.1602  3.05%   235 1019s
 12256  5578 16495.2835   22  383 16579.6700 16076.1264  3.04%   234 1020s
 12390  5670 16444.8178   31  324 16579.6700 16076.3146  3.04%   234 1035s
 12576  5774 16213.0444   21  463 16579.6700 16078.5789  3.02%   234 1050s
 12766  5912 16238.8659   26  412 16579.6700 16080.5273  3.01%   235 1066s
 13038  6024 16126.5715   23  265 16579.6700 16081.3176  3.01%   234 1082s
 13224  6154 16405.9875   34  349 16579.6700 16082.6244  3.00%   234 1098s
 13449  6280 16170.1452   24  415 16579.6700 16083.6755  2.99%   234 1114s
 13728  6379 16370.2240   23  395 16579.6700 16085.6239  2.98%   233 1131s
 13923  6493 16236.1931   26  295 16579.6700 16087.5743  2.97%   234 1147s
 14144  6599     cutoff   37      16579.6700 16089.1474  2.96%   233 1162s
 14377  6745 16330.7710   29  307 16579.6700 16091.4116  2.94%   233 1178s
 14625  6824 16474.3188   33  197 16579.6700 16092.8815  2.94%   233 1195s
 14818  6907 16363.3549   35  272 16579.6700 16094.2734  2.93%   233 1210s
 15004  7020 16296.9593   25  402 16579.6700 16095.7464  2.92%   233 1224s
 15186  7125 16462.5255   28  271 16579.6700 16096.8813  2.91%   234 1241s
 15424  7237 16530.0823   38   62 16579.6700 16098.1492  2.90%   233 1256s
 15621  7333     cutoff   35      16579.6700 16099.3820  2.90%   233 1272s
 15841  7436 16495.3981   25  197 16579.6700 16100.5481  2.89%   234 1287s
 16158  7508 16475.8997   37  213 16579.6700 16102.8605  2.88%   232 1303s
 16352  7620 16229.5738   19  376 16579.6700 16104.6199  2.87%   233 1318s
 16594  7718 16502.0241   41  206 16579.6700 16105.8363  2.86%   232 1336s
 16844  7821 16523.1548   24  291 16579.6700 16107.5638  2.85%   232 1351s
 17060  7914 16184.0139   19  381 16579.6700 16108.2608  2.84%   232 1367s
 17335  8017 16207.9333   24  284 16579.6700 16109.0824  2.84%   231 1384s
 17577  8100 16229.0102   21  404 16579.6700 16111.3710  2.82%   231 1399s
 17798  8254 16237.5270   23  150 16579.6700 16112.7298  2.82%   231 1415s
*18047  8216              62    16561.740000 16113.3289  2.71%   231 1432s
*18048  8185              61    16559.670000 16113.3289  2.70%   231 1432s
 18279  8270 16487.8928   34  327 16559.6700 16114.3648  2.69%   231 1448s
 18475  8401 16436.1932   38  240 16559.6700 16114.8213  2.69%   230 1468s
 18731  8528     cutoff   26      16559.6700 16115.9744  2.68%   230 1484s
 19000  8639 16274.9148   24  385 16559.6700 16117.1056  2.67%   230 1501s
 19246  8795 16172.0162   21  432 16559.6700 16117.9655  2.67%   229 1517s
 19532  8920 16249.4518   26  418 16559.6700 16119.3997  2.66%   229 1536s
 19786  9040 16310.1381   24  366 16559.6700 16120.1028  2.65%   228 1552s
 20019  9113 16515.2315   33  189 16559.6700 16121.5354  2.65%   228 1567s
H20115  7563                    16488.760000 16121.5354  2.23%   228 1568s
 20190  7631     cutoff   38      16488.7600 16123.6500  2.21%   228 1583s
H20433  7715                    16488.580000 16124.6742  2.21%   228 1599s
 20646  7804 16390.9697   26  283 16488.5800 16125.7303  2.20%   228 1616s
 20885  7900 16323.0145   29  380 16488.5800 16126.9396  2.19%   228 1631s
 21098  7950 16298.9961   29  345 16488.5800 16127.5622  2.19%   228 1646s
 21280  8050 16269.2367   31  156 16488.5800 16128.9207  2.18%   228 1661s
 21508  8115 16437.6173   33  106 16488.5800 16131.2586  2.17%   228 1676s
 21721  8192     cutoff   23      16488.5800 16132.9774  2.16%   228 1690s
 21931  8317 16314.1106   25  324 16488.5800 16134.7851  2.15%   228 1707s
 22222  8418 16384.5981   30  249 16488.5800 16135.3203  2.14%   227 1723s
 22415  8541 16411.6926   27  227 16488.5800 16136.1483  2.14%   228 1738s
 22705  8698 16256.1173   25  269 16488.5800 16137.9303  2.13%   227 1755s
 22981  8780 16470.9000   57    8 16488.5800 16139.1905  2.12%   227 1771s
 23212  8865 16484.2014   59    4 16488.5800 16140.1330  2.11%   227 1786s
*23213  8830              60    16487.390000 16140.1330  2.11%   226 1786s
*23214  8786              60    16485.710000 16140.1330  2.10%   226 1786s
 23422  8899 16455.4723   31  378 16485.7100 16141.3606  2.09%   227 1824s
 23659  9020 16269.3907   27  435 16485.7100 16142.3767  2.08%   226 1841s
H23775  8886                    16481.130000 16142.3767  2.06%   226 1843s
 23902  8970 16275.7081   19  419 16481.1300 16143.4672  2.05%   226 1858s
 24105  9077 16391.4737   22  302 16481.1300 16144.4630  2.04%   226 1903s
 24198  9077 16362.4032   34  177 16481.1300 16144.4630  2.04%   226 1909s
 24359  9132 16314.5003   29  463 16481.1300 16145.6221  2.04%   226 1924s
 24544  9153     cutoff   34      16481.1300 16146.1773  2.03%   226 1984s
 24644  9153 16462.0393   32  172 16481.1300 16146.6235  2.03%   226 1986s
 24685  9235 16447.1949   27  239 16481.1300 16146.6319  2.03%   226 2003s
 24922  9323 16336.1289   35  227 16481.1300 16148.0491  2.02%   226 2019s
 25049  9323     cutoff   29      16481.1300 16148.6434  2.02%   226 2020s
 25160  9408     cutoff   40      16481.1300 16148.7771  2.02%   226 2035s
 25376  9463 16451.3879   32  405 16481.1300 16149.5899  2.01%   226 2051s
 25562  9528     cutoff   26      16481.1300 16150.6539  2.01%   226 2068s
 25763  9615 16265.5448   26  338 16481.1300 16152.5799  1.99%   226 2085s
 26017  9711 16329.6086   26  287 16481.1300 16152.8982  1.99%   226 2117s
 26235  9808 infeasible   27      16481.1300 16153.3352  1.99%   226 2144s
 26462  9872     cutoff   40      16481.1300 16153.9691  1.99%   226 2161s
 26674  9944     cutoff   27      16481.1300 16155.2286  1.98%   226 2177s
 26909 10039 16219.1033   33  318 16481.1300 16155.8576  1.97%   226 2194s
 27185 10119 16440.0208   37  370 16481.1300 16156.7192  1.97%   226 2209s
 27295 10119 16254.7849   25  380 16481.1300 16157.4856  1.96%   226 2210s
 27408 10215 16446.7965   23  338 16481.1300 16158.2998  1.96%   226 2225s
 27632 10343 16258.3590   23  406 16481.1300 16159.2125  1.95%   226 2241s
 27897 10420 16473.7804   31  337 16481.1300 16159.9447  1.95%   226 2258s
 28130 10475     cutoff   24      16481.1300 16160.8484  1.94%   225 2274s
 28364 10532 16435.4802   19  439 16481.1300 16161.6437  1.94%   225 2290s
 28531 10619 16422.6765   30  317 16481.1300 16162.5543  1.93%   225 2305s
 28783 10703 16339.9074   33  182 16481.1300 16163.8928  1.92%   225 2324s
 29016 10792 16426.5941   27  391 16481.1300 16164.8924  1.92%   225 2340s
 29293 10894 16223.4003   21  394 16481.1300 16165.6761  1.91%   225 2356s
 29548 10990     cutoff   31      16481.1300 16166.8712  1.91%   225 2372s
 29802 11115 16461.1657   35  289 16481.1300 16167.8125  1.90%   224 2388s
 30076 11224 16390.4985   24  193 16481.1300 16168.2921  1.90%   224 2408s
 30332 11309 16309.8307   25  287 16481.1300 16169.1274  1.89%   224 2424s
 30581 11404     cutoff   40      16481.1300 16170.2025  1.89%   224 2441s
 30831 11506 16349.2338   49   46 16481.1300 16171.1200  1.88%   224 2457s
 31156 11562 16289.3248   29  290 16481.1300 16171.7672  1.88%   223 2473s
 31344 11659 16408.8806   32  257 16481.1300 16172.3749  1.87%   223 2489s
 31600 11771 16408.6100   29  352 16481.1300 16173.4766  1.87%   223 2508s
 31888 11840 16325.4255   21  284 16481.1300 16174.1081  1.86%   223 2524s
 31992 11840 16302.1799   26  265 16481.1300 16174.2967  1.86%   223 2525s
 32111 11911     cutoff   36      16481.1300 16174.6097  1.86%   223 2541s
 32357 11981 16425.0297   24  336 16481.1300 16175.3803  1.86%   223 2557s
 32585 12055 16311.3843   21  205 16481.1300 16175.8710  1.85%   223 2573s
 32800 12172 16402.4718   23  285 16481.1300 16177.1508  1.84%   223 2589s
 33059 12172 16406.3731   33  232 16481.1300 16177.8753  1.84%   223 2590s
 33103 12255     cutoff   28      16481.1300 16177.8952  1.84%   222 2605s
 33337 12332 16304.4685   30  393 16481.1300 16178.3596  1.84%   222 2624s
 33574 12399 16349.7402   25  406 16481.1300 16179.2302  1.83%   223 2639s
 33791 12486     cutoff   25      16481.1300 16180.3540  1.82%   223 2655s
 34047 12581     cutoff   32      16481.1300 16180.7139  1.82%   222 2671s
 34307 12707 16339.6881   30  269 16481.1300 16181.5992  1.82%   222 2689s
 34454 12707 16379.4930   27  285 16481.1300 16182.0463  1.81%   222 2690s
 34623 12771 16307.7628   33  168 16481.1300 16182.0961  1.81%   222 2706s
 34863 12851 16349.8671   25  237 16481.1300 16182.6263  1.81%   222 2722s
 35136 12890 infeasible   30      16481.1300 16183.3586  1.81%   222 2738s
 35325 12973     cutoff   34      16481.1300 16184.0851  1.80%   222 2754s
 35611 13069 16373.3829   28  199 16481.1300 16185.0198  1.80%   222 2770s
 35861 13181 16330.6290   25  312 16481.1300 16185.7612  1.79%   222 2788s
 36166 13280 16237.0397   31  280 16481.1300 16186.5179  1.79%   221 2805s
 36452 13322 16264.3945   27  316 16481.1300 16186.9353  1.79%   221 2826s
 36634 13389     cutoff   33      16481.1300 16187.3108  1.78%   221 2851s
 36803 13427     cutoff   33      16481.1300 16187.8451  1.78%   221 2884s
 36970 13556 16390.3582   34   91 16481.1300 16188.3312  1.78%   221 2903s
 37255 13627 16367.0711   29  243 16481.1300 16188.9952  1.77%   221 2919s
 37385 13627 16368.9493   23  367 16481.1300 16189.3962  1.77%   221 2920s
 37512 13671     cutoff   45      16481.1300 16189.5133  1.77%   221 2939s
 37723 13777 16353.5629   29  255 16481.1300 16190.4382  1.76%   221 2956s
 38023 13915 16278.6525   24  370 16481.1300 16190.8757  1.76%   221 2973s
 38336 14042 16366.2418   30  304 16481.1300 16191.5400  1.76%   220 2992s
 38634 14137 16226.5081   29  439 16481.1300 16191.9977  1.75%   220 3009s
 38769 14137 16350.5515   26  291 16481.1300 16192.4021  1.75%   220 3010s
 38877 14209 16433.4531   33  185 16481.1300 16192.4673  1.75%   220 3025s
 39153 14310 16453.1781   33  222 16481.1300 16193.0157  1.75%   220 3060s
 39433 14393     cutoff   33      16481.1300 16193.6944  1.74%   219 3076s
 39708 14471 16353.2740   28  253 16481.1300 16194.2752  1.74%   219 3092s
 39969 14559 16395.9715   24  366 16481.1300 16194.7650  1.74%   219 3114s
 40079 14559 16465.1433   29  268 16481.1300 16194.7650  1.74%   219 3115s
 40216 14681 16362.0491   28  368 16481.1300 16195.4575  1.73%   219 3133s
 40494 14780 16267.3554   22  485 16481.1300 16196.0122  1.73%   219 3149s
 40616 14780 16413.6978   54  293 16481.1300 16196.3994  1.73%   219 3150s
 40752 14928 16316.3310   26  292 16481.1300 16196.5188  1.73%   219 3170s
 41088 15043 16322.9829   28  336 16481.1300 16197.1969  1.72%   218 3188s
 41359 15111 16392.2967   27  221 16481.1300 16197.7373  1.72%   218 3206s
 41634 15241 16372.8002   23  458 16481.1300 16198.1563  1.72%   218 3223s
 41949 15305 16374.2448   43  245 16481.1300 16198.7956  1.71%   218 3240s
 42182 15420 16402.0127   29  257 16481.1300 16199.4075  1.71%   218 3258s
 42474 15496 16367.5463   27  318 16481.1300 16199.7958  1.71%   218 3274s
 42583 15496 16443.6853   37  347 16481.1300 16200.5347  1.70%   218 3275s
 42729 15570 16444.5453   30  206 16481.1300 16200.5880  1.70%   218 3291s
 42981 15662 16332.7271   28  357 16481.1300 16201.0487  1.70%   218 3308s
 43276 15715 16349.6747   32  309 16481.1300 16201.6854  1.70%   217 3325s
 43493 15793 16407.4105   28  275 16481.1300 16202.1611  1.69%   217 3341s
 43744 15881 16440.4131   25  282 16481.1300 16202.8798  1.69%   217 3357s
 43988 16028 16369.7054   22  228 16481.1300 16203.3649  1.69%   217 3374s
 44272 16116     cutoff   36      16481.1300 16203.9143  1.68%   217 3391s
 44511 16206 16405.2558   28  304 16481.1300 16204.4211  1.68%   217 3407s
 44793 16303 16260.1958   30  424 16481.1300 16205.0397  1.68%   217 3424s
 45053 16377 16330.5229   28  266 16481.1300 16205.9031  1.67%   217 3440s
 45308 16439     cutoff   41      16481.1300 16206.2976  1.67%   217 3457s
 45554 16524     cutoff   30      16481.1300 16206.9236  1.66%   217 3474s
H45739 15007                    16448.060000 16207.4283  1.46%   217 3475s
 45840 15086 16370.2884   35  283 16448.0600 16207.4293  1.46%   217 3492s
 46082 15193 16387.0215   31  244 16448.0600 16207.8582  1.46%   217 3510s
 46363 15266 16349.0406   35  268 16448.0600 16208.5741  1.46%   216 3529s
 46671 15351 16416.4991   25  349 16448.0600 16208.9875  1.45%   216 3547s
 46960 15416     cutoff   29      16448.0600 16209.4617  1.45%   216 3564s
 47065 15416 16271.5290   34  184 16448.0600 16209.9129  1.45%   216 3565s
 47213 15489 16294.5356   30  285 16448.0600 16209.9201  1.45%   216 3581s
 47464 15576 16445.2308   32  298 16448.0600 16210.4644  1.44%   216 3597s
H47638 14270                    16428.900000 16210.4644  1.33%   216 3597s
 47749 14264 infeasible   34      16428.9000 16211.4020  1.32%   216 3600s

Cutting planes:
  User: 2704
  Gomory: 54
  Cover: 330
  Implied bound: 47
  Clique: 21
  MIR: 286
  StrongCG: 7
  Flow cover: 569
  GUB cover: 2
  Zero half: 20
  Network: 3
  RLT: 293
  Relax-and-lift: 11
  Lazy constraints: 590

Explored 47757 nodes (10307884 simplex iterations) in 3600.02 seconds
Thread count was 2 (of 32 available processors)

Solution count 10: 16428.9 16448.1 16481.1 ... 16579.7

Time limit reached
Best objective 1.642890000000e+04, best bound 1.621140198656e+04, gap 1.3239%

User-callback calls 308460, time in user-callback 287.33 sec
================================================================================
executing instance: ./input/Instances/Original/6/absH6high_1n20.dat
--------------------------------------------------------------------------------
Instance details
n	21
H	6
C	1651
Li:
[0, 0, 0, 0, 0, 0, 0, 0, 0, 0, 0, 0, 0, 0, 0, 0, 0, 0, 0, 0, 0, ]
Ui:
[0, 36, 182, 182, 90, 261, 117, 30, 110, 42, 276, 153, 40, 94, 144, 46, 129, 213, 264, 160, 174, ]
Distance matrix:
|0	371	401	343	361	341	370	115	392	400	79	266	292	245	355	431	265	194	95	92	348	|
|371	0	37	141	110	250	117	438	67	131	372	305	115	238	247	255	235	296	392	430	185	|
|401	37	0	175	100	284	146	472	90	156	406	342	152	275	280	282	242	333	415	455	178	|
|343	141	175	0	239	110	38	374	95	60	314	182	67	130	106	127	318	201	397	423	303	|
|361	110	100	239	0	341	222	451	177	240	385	374	190	304	341	361	151	345	354	398	78	|
|341	250	284	110	341	0	143	337	203	151	289	102	152	97	15	95	394	156	415	431	398	|
|370	117	146	38	222	143	0	407	61	30	346	220	81	167	137	139	317	237	417	447	292	|
|115	438	472	374	451	337	407	0	443	434	66	241	339	251	351	431	374	181	201	177	450	|
|392	67	90	95	177	203	61	443	0	66	379	275	104	216	197	193	294	283	427	461	252	|
|400	131	156	60	240	151	30	434	66	0	374	237	112	189	142	127	344	261	448	477	312	|
|79	372	406	314	385	289	346	66	379	374	0	202	275	197	304	383	316	134	175	166	388	|
|266	305	342	182	374	102	220	241	275	237	202	0	191	70	117	196	386	73	352	359	415	|
|292	115	152	67	190	152	81	339	104	112	275	191	0	123	154	193	252	183	336	366	246	|
|245	238	275	130	304	97	167	251	216	189	197	70	123	0	110	187	322	72	319	334	346	|
|355	247	280	106	341	15	137	351	197	142	304	117	154	110	0	80	399	171	427	444	400	|
|431	255	282	127	361	95	139	431	193	127	383	196	193	187	80	0	444	251	499	519	429	|
|265	235	242	318	151	394	317	374	294	344	316	386	252	322	399	444	0	332	226	273	97	|
|194	296	333	201	345	156	237	181	283	261	134	73	183	72	171	251	332	0	279	286	375	|
|95	392	415	397	354	415	417	201	427	448	175	352	336	319	427	499	226	279	0	47	321	|
|92	430	455	423	398	431	447	177	461	477	166	359	366	334	444	519	273	286	47	0	368	|
|348	185	178	303	78	398	292	450	252	312	388	415	246	346	400	429	97	375	321	368	0	|

--------------------------------------------------------------------------------
Building model...
	using lazy and cut (CVRPSEP package)
Solving IRP LP...
--------------------------------------------------------------------------------

Gurobi 9.1.0 (linux64) logging started Sun Jan 10 09:37:40 2021

Gurobi Optimizer version 9.1.0 build v9.1.0rc0 (linux64)
Thread count: 32 physical cores, 32 logical processors, using up to 2 threads
Optimize a model with 921 rows, 3159 columns and 8043 nonzeros
Model fingerprint: 0x8f226c13
Variable types: 387 continuous, 2772 integer (252 binary)
Coefficient statistics:
  Matrix range     [1e+00, 8e+02]
  Objective range  [1e-01, 5e+02]
  Bounds range     [1e+00, 3e+02]
  RHS range        [1e+01, 3e+03]
Presolve removed 226 rows and 214 columns
Presolve time: 0.04s
Presolved: 695 rows, 2945 columns, 6964 nonzeros
Variable types: 299 continuous, 2646 integer (2412 binary)

Root relaxation: objective 1.251785e+04, 798 iterations, 0.02 seconds

    Nodes    |    Current Node    |     Objective Bounds      |     Work
 Expl Unexpl |  Obj  Depth IntInf | Incumbent    BestBd   Gap | It/Node Time

     0     0 12517.8543    0  169          - 12517.8543      -     -    0s
     0     0 12774.4730    0  206          - 12774.4730      -     -    0s
     0     0 12794.5742    0  209          - 12794.5742      -     -    0s
     0     0 12805.9282    0  204          - 12805.9282      -     -    0s
     0     0 12821.0274    0  212          - 12821.0274      -     -    0s
     0     0 12823.4269    0  220          - 12823.4269      -     -    0s
     0     0 12823.5240    0  216          - 12823.5240      -     -    0s
     0     0 13201.0187    0  229          - 13201.0187      -     -    0s
     0     0 13362.3208    0  218          - 13362.3208      -     -    0s
     0     0 13409.1353    0  283          - 13409.1353      -     -    0s
     0     0 13426.2955    0  305          - 13426.2955      -     -    0s
     0     0 13430.7086    0  308          - 13430.7086      -     -    0s
     0     0 13431.2936    0  313          - 13431.2936      -     -    0s
     0     0 13586.5423    0  360          - 13586.5423      -     -    0s
     0     0 13623.6487    0  323          - 13623.6487      -     -    1s
     0     0 13631.7073    0  351          - 13631.7073      -     -    1s
     0     0 13637.3507    0  353          - 13637.3507      -     -    1s
     0     0 13637.7010    0  350          - 13637.7010      -     -    1s
     0     0 13690.8860    0  312          - 13690.8860      -     -    1s
     0     0 13708.1219    0  318          - 13708.1219      -     -    1s
     0     0 13711.0970    0  328          - 13711.0970      -     -    1s
     0     0 13722.4046    0  318          - 13722.4046      -     -    1s
     0     0 13740.3135    0  323          - 13740.3135      -     -    1s
     0     0 13767.5915    0  369          - 13767.5915      -     -    1s
     0     0 13771.1886    0  366          - 13771.1886      -     -    1s
     0     0 13794.9751    0  296          - 13794.9751      -     -    1s
     0     0 13802.8654    0  293          - 13802.8654      -     -    1s
     0     0 13804.2240    0  312          - 13804.2240      -     -    1s
     0     0 13842.7434    0  362          - 13842.7434      -     -    2s
     0     0 13847.9629    0  336          - 13847.9629      -     -    2s
     0     0 13852.2751    0  361          - 13852.2751      -     -    2s
     0     0 13854.0302    0  371          - 13854.0302      -     -    2s
     0     0 13874.0130    0  393          - 13874.0130      -     -    2s
     0     0 13877.1002    0  402          - 13877.1002      -     -    2s
     0     0 13877.8757    0  398          - 13877.8757      -     -    2s
     0     0 13884.1951    0  400          - 13884.1951      -     -    2s
     0     0 13884.1951    0  393          - 13884.1951      -     -    2s
     0     2 13885.4236    0  377          - 13885.4236      -     -    2s
    43    46 14126.0616   13  236          - 13944.8681      -   347    5s
   271   306 15837.0014  108   84          - 13944.8681      -   169   10s
   650   606 16690.2594  160   24          - 13951.1853      -   100   15s
   780   690 20549.9010  201  473          - 14111.3849      -  87.8   20s
H  791   661                    20249.690000 14123.5205  30.3%  86.5   24s
H  791   627                    19376.770000 14124.5239  27.1%  86.5   24s
   792   628 16207.7868  115  462 19376.7700 14124.5239  27.1%  86.4   37s
   793   632 14170.0572   14  439 19376.7700 14162.1333  26.9%  98.2   40s
   814   647 14270.2052   20  297 19376.7700 14219.6621  26.6%   109   45s
   866   681 14520.6497   34  260 19376.7700 14219.6621  26.6%   125   50s
   933   731 14782.5172   52  243 19376.7700 14219.6621  26.6%   137   55s
  1019   799 15583.5531   70  233 19376.7700 14219.6621  26.6%   145   60s
  1115   865 15885.1344   94  250 19376.7700 14219.6621  26.6%   150   65s
  1237   946 16294.8809  122  261 19376.7700 14219.6621  26.6%   151   71s
  1321  1025 16916.1850  146   97 19376.7700 14219.6621  26.6%   150   75s
  1501  1165 18007.2351  194   34 19376.7700 14219.6621  26.6%   144   80s
  1756  1458 18391.1914  259   16 19376.7700 14219.6621  26.6%   132   85s
  2002  1447 19310.8963  320   23 19376.7700 14219.8393  26.6%   120   90s
  2178  1416 14522.6953   25  350 19376.7700 14225.2895  26.6%   120   95s
  2204  1439 14550.9419   26  338 19376.7700 14225.2895  26.6%   126  100s
  2273  1490 15179.7130   37  198 19376.7700 14225.2895  26.6%   134  106s
  2329  1542 15313.8287   49  279 19376.7700 14225.2895  26.6%   137  111s
  2449  1664 15555.8680   84  175 19376.7700 14225.2895  26.6%   139  118s
  2520  1761 15784.1168  118   85 19376.7700 14225.2895  26.6%   138  121s
  2800  1925 17720.6046  241   32 19376.7700 14225.2895  26.6%   127  125s
  2987  2105 14357.7693   21  426 19376.7700 14243.0458  26.5%   125  130s
  3323  2329 14499.7160   27  328 19376.7700 14243.0458  26.5%   118  136s
  3365  2334 14723.5467   31  269 19376.7700 14243.0458  26.5%   119  140s
  3415  2428 14771.2758   39  287 19376.7700 14243.0458  26.5%   122  146s
  3562  2574 17973.1537  130   14 19376.7700 14243.0458  26.5%   121  150s
  3689  2892 15823.4517   86   95 19376.7700 14243.0458  26.5%   121  155s
  4025  3063 14589.2123   27  256 19376.7700 14273.4527  26.3%   116  162s
  4160  3094 14748.1241   29  222 19376.7700 14273.4527  26.3%   114  165s
  4302  3491 15237.9914   62   58 19376.7700 14276.9025  26.3%   115  173s
  4669  3527 17832.5691  189   72 19376.7700 14300.6711  26.2%   109  177s
  4742  3667 15176.9670   33  378 19376.7700 14300.7876  26.2%   111  182s
  4882  3758 15772.6154   49  207 19376.7700 14300.7876  26.2%   110  186s
  5069  3852 14474.3392   20  293 19376.7700 14305.5796  26.2%   110  192s
  5094  3882 14544.6040   27  274 19376.7700 14305.5796  26.2%   112  195s
  5198  4030 15182.4590   65   83 19376.7700 14305.5796  26.2%   115  203s
  5272  4187 15489.3476   98   60 19376.7700 14306.0575  26.2%   116  207s
  5501  4237 19274.5103  188   13 19376.7700 14306.4267  26.2%   114  211s
  5529  4287 14573.7445   22  414 19376.7700 14306.4267  26.2%   116  215s
  5577  4328 15064.2972   33  264 19376.7700 14306.4267  26.2%   117  224s
  5618  4567 15005.1145   35  313 19376.7700 14306.4267  26.2%   118  231s
