




arguments: ./build/mirp_solver -f ./input/orig_exec_5.cfg
Current dir: /scratch/gui/bnc_mirp
File verbosity level: 9
date       time         ( uptime  ) [ thread name/id ]                   file:line     v| 
2021-01-08 22:18:09.233 (   0.070s) [main thread     ]             loguru.cpp:789   INFO| Logging to './output/vi_hc1_quarter/OU/V2/Original/execution_08_01_2021_22_18_09.log', mode: 'a', verbosity: 9
--------------------------------------------------------------------------------
Parameters
                           instance_path           ./input/Instances/Original/1/
                            model_policy                                       1
                             nb_vehicles                                       2
                              output_dir ./output/vi_hc1_quarter/OU/V2/Original/
                            sec_strategy                                       1
                       solver_nb_threads                                       2
                         solver_show_log                                    true
                       solver_time_limit                                    3600
                              use_vi_cos                                   false
                              use_vi_cus                                   false
                         use_vi_hc1_full                                   false
                         use_vi_hc1_half                                   false
                      use_vi_hc1_quarter                                    true
                              use_vi_hc2                                   false
                              use_vi_hc3                                   false
                         use_vi_lex_full                                   false
                         use_vi_lex_half                                   false
                      use_vi_lex_quarter                                   false
                              use_vi_qua                                   false
                               use_vi_vc                                   false
                               use_vi_vr                                   false
--------------------------------------------------------------------------------
executing instance: ./input/Instances/Original/1/absH3high_1n5.dat
--------------------------------------------------------------------------------
Instance details
n	6
H	3
C	289
Li:
[0, 0, 0, 0, 0, 0, ]
Ui:
[0, 195, 105, 116, 72, 22, ]
Distance matrix:
|0	85	349	17	203	289	|
|85	0	265	102	214	226	|
|349	265	0	366	368	238	|
|17	102	366	0	207	302	|
|203	214	368	207	0	431	|
|289	226	238	302	431	0	|

--------------------------------------------------------------------------------
Building model...
	using lazy and cut (CVRPSEP package)
Solving IRP LP...
--------------------------------------------------------------------------------

Gurobi 9.1.0 (linux64) logging started Fri Jan  8 22:18:09 2021

Gurobi Optimizer version 9.1.0 build v9.1.0rc0 (linux64)
Thread count: 32 physical cores, 32 logical processors, using up to 2 threads
Optimize a model with 129 rows, 180 columns and 567 nonzeros
Model fingerprint: 0xff539d35
Variable types: 54 continuous, 126 integer (36 binary)
Coefficient statistics:
  Matrix range     [1e+00, 2e+02]
  Objective range  [2e-01, 4e+02]
  Bounds range     [1e+00, 2e+02]
  RHS range        [1e+01, 5e+02]
Found heuristic solution: objective 3008.4900000
Presolve removed 40 rows and 22 columns
Presolve time: 0.01s
Presolved: 89 rows, 158 columns, 437 nonzeros
Variable types: 32 continuous, 126 integer (96 binary)

Root relaxation: objective 1.629262e+03, 75 iterations, 0.00 seconds

    Nodes    |    Current Node    |     Objective Bounds      |     Work
 Expl Unexpl |  Obj  Depth IntInf | Incumbent    BestBd   Gap | It/Node Time

     0     0 1629.26218    0   19 3008.49000 1629.26218  45.8%     -    0s
     0     0 1762.23948    0   19 3008.49000 1762.23948  41.4%     -    0s
H    0     0                    2486.3500000 1762.23948  29.1%     -    0s
     0     0 2002.26285    0   43 2486.35000 2002.26285  19.5%     -    0s
H    0     0                    2378.2900000 2002.26285  15.8%     -    0s
     0     0 2002.26285    0   38 2378.29000 2002.26285  15.8%     -    0s
     0     0 2150.21109    0   28 2378.29000 2150.21109  9.59%     -    0s
H    0     0                    2297.8000000 2150.21109  6.42%     -    0s
     0     0 2152.59345    0   28 2297.80000 2152.59345  6.32%     -    0s
     0     0 2153.86403    0   44 2297.80000 2153.86403  6.26%     -    0s
     0     0 2155.91451    0   43 2297.80000 2155.91451  6.17%     -    0s
     0     0 2183.00491    0   47 2297.80000 2183.00491  5.00%     -    0s
     0     0 2183.28461    0   48 2297.80000 2183.28461  4.98%     -    0s
     0     0 2187.71185    0   34 2297.80000 2187.71185  4.79%     -    0s
     0     0 2187.71185    0   34 2297.80000 2187.71185  4.79%     -    0s
H    0     0                    2266.6100000 2187.71185  3.48%     -    0s
     0     0 2198.75339    0   14 2266.61000 2198.75339  2.99%     -    0s
     0     0 2198.75339    0   27 2266.61000 2198.75339  2.99%     -    0s
     0     0 2198.75339    0   28 2266.61000 2198.75339  2.99%     -    0s
     0     0 2198.75339    0   26 2266.61000 2198.75339  2.99%     -    0s
     0     0 2198.75339    0   24 2266.61000 2198.75339  2.99%     -    0s
     0     0 2198.75339    0   24 2266.61000 2198.75339  2.99%     -    0s
     0     0 2198.75339    0   30 2266.61000 2198.75339  2.99%     -    0s
     0     0 2198.75339    0   30 2266.61000 2198.75339  2.99%     -    0s
     0     0 2198.75339    0   25 2266.61000 2198.75339  2.99%     -    0s
     0     0 2201.57462    0   23 2266.61000 2201.57462  2.87%     -    0s
     0     0 2201.57462    0   10 2266.61000 2201.57462  2.87%     -    0s
     0     0 2201.57462    0   12 2266.61000 2201.57462  2.87%     -    0s
     0     0 2201.57462    0   21 2266.61000 2201.57462  2.87%     -    0s
     0     0 2201.57462    0   22 2266.61000 2201.57462  2.87%     -    0s
     0     0 2201.57462    0   27 2266.61000 2201.57462  2.87%     -    0s
     0     0 2201.57462    0   27 2266.61000 2201.57462  2.87%     -    0s
     0     0 2201.57462    0   28 2266.61000 2201.57462  2.87%     -    0s
     0     0 2235.11603    0   23 2266.61000 2235.11603  1.39%     -    0s
     0     0 2235.11603    0   28 2266.61000 2235.11603  1.39%     -    0s
     0     0 2235.11603    0   29 2266.61000 2235.11603  1.39%     -    0s
     0     0 2235.41198    0   21 2266.61000 2235.41198  1.38%     -    0s
     0     0 2235.41198    0   24 2266.61000 2235.41198  1.38%     -    0s
     0     0 2235.41198    0   26 2266.61000 2235.41198  1.38%     -    0s
     0     0 2235.41198    0   23 2266.61000 2235.41198  1.38%     -    0s
     0     0 2236.46385    0   12 2266.61000 2236.46385  1.33%     -    0s
     0     0 2236.46385    0   12 2266.61000 2236.46385  1.33%     -    0s
     0     0 2252.41597    0    6 2266.61000 2252.41597  0.63%     -    0s
     0     0     cutoff    0      2266.61000 2266.61000  0.00%     -    0s

Cutting planes:
  Gomory: 3
  Cover: 4
  MIR: 4
  Flow cover: 6
  Zero half: 1
  Relax-and-lift: 2

Explored 1 nodes (952 simplex iterations) in 0.29 seconds
Thread count was 2 (of 32 available processors)

Solution count 5: 2266.61 2297.8 2378.29 ... 3008.49

Optimal solution found (tolerance 1.00e-04)
Best objective 2.266610000000e+03, best bound 2.266610000000e+03, gap 0.0000%

User-callback calls 383, time in user-callback 0.01 sec
================================================================================
executing instance: ./input/Instances/Original/1/absH3high_1n45.dat
--------------------------------------------------------------------------------
Instance details
n	46
H	3
C	3462
Li:
[0, 0, 0, 0, 0, 0, 0, 0, 0, 0, 0, 0, 0, 0, 0, 0, 0, 0, 0, 0, 0, 0, 0, 0, 0, 0, 0, 0, 0, 0, 0, 0, 0, 0, 0, 0, 0, 0, 0, 0, 0, 0, 0, 0, 0, 0, ]
Ui:
[0, 273, 270, 36, 165, 192, 148, 45, 30, 75, 180, 198, 112, 117, 90, 64, 180, 22, 264, 174, 168, 270, 86, 66, 26, 66, 237, 156, 92, 108, 144, 72, 30, 45, 94, 54, 174, 96, 198, 136, 44, 180, 210, 249, 198, 48, ]
Distance matrix:
|0	281	201	160	249	201	93	431	236	139	252	136	116	166	390	110	349	374	303	180	327	464	236	70	44	461	346	439	363	254	312	426	305	206	71	137	169	200	247	260	20	219	256	253	460	278	|
|281	0	448	170	53	142	338	184	121	290	371	390	222	302	111	289	169	434	230	177	238	441	59	212	319	211	86	235	399	306	53	176	99	202	263	157	361	101	370	201	264	344	364	374	469	184	|
|201	448	0	285	430	325	114	556	361	171	191	64	228	174	546	294	453	306	364	289	388	435	393	254	157	585	491	536	318	254	490	554	436	407	266	292	108	388	186	337	207	181	205	190	408	364	|
|160	170	285	0	169	43	182	280	80	120	208	231	58	132	262	230	190	294	151	24	174	345	112	107	183	309	207	280	268	158	219	276	155	235	187	45	192	150	205	107	140	177	202	210	356	119	|
|249	53	430	169	0	152	317	238	145	282	377	369	212	299	157	242	215	452	261	183	273	474	76	181	290	264	140	287	421	320	63	229	145	148	221	142	352	53	374	226	234	346	370	378	498	215	|
|201	142	325	43	152	0	224	237	37	156	230	273	101	164	224	261	148	300	127	38	147	333	83	142	225	266	167	238	270	168	193	233	112	246	221	70	228	148	228	84	180	202	222	232	351	87	|
|93	338	114	182	317	224	0	460	262	92	180	52	124	112	440	199	364	307	292	191	317	415	284	140	57	490	387	452	304	208	377	457	336	297	163	181	84	274	175	256	95	152	188	180	402	280	|
|431	184	556	280	238	237	460	0	199	385	420	508	337	385	108	464	110	429	219	269	206	378	202	365	460	30	98	84	388	340	204	9	126	386	432	294	453	283	421	226	411	404	408	423	422	198	|
|236	121	361	80	145	37	262	199	0	191	255	310	138	197	191	290	114	312	118	72	133	330	69	175	262	229	132	204	279	186	174	195	75	258	251	102	262	153	254	81	216	230	246	257	353	72	|
|139	290	171	120	282	156	92	385	191	0	116	129	71	27	380	246	283	235	201	119	226	329	231	141	129	414	323	367	224	119	336	383	266	308	202	141	72	252	112	169	127	82	118	117	322	195	|
|252	371	191	208	377	230	180	420	255	116	0	187	178	90	443	361	311	127	204	195	224	246	313	257	232	446	382	380	129	81	423	421	320	422	318	242	100	355	5	195	241	34	15	2	225	224	|
|136	390	64	231	369	273	52	508	310	129	187	0	173	141	491	233	409	313	330	239	355	431	335	191	93	538	438	495	316	233	429	505	385	342	203	233	88	325	182	297	143	167	199	187	412	323	|
|116	222	228	58	212	101	124	337	138	71	178	173	0	91	319	206	244	284	187	69	212	357	165	85	130	367	265	333	264	151	267	333	213	244	161	70	140	181	175	145	97	145	177	180	359	165	|
|166	302	174	132	299	164	112	385	197	27	90	141	91	0	388	273	280	208	191	127	215	305	243	167	153	413	329	361	198	96	351	383	270	333	229	159	68	272	86	163	153	56	92	91	296	190	|
|390	111	546	262	157	224	440	108	191	380	443	491	319	388	0	399	164	480	264	261	261	456	156	320	426	125	62	186	442	369	107	99	125	300	374	260	452	210	443	252	372	420	433	446	494	227	|
|110	289	294	230	242	261	199	464	290	246	361	233	206	273	399	0	402	480	382	254	404	562	262	124	143	493	369	490	466	355	302	457	344	135	45	191	279	189	356	337	120	328	364	362	563	348	|
|349	169	453	190	215	148	364	110	114	283	311	409	244	280	164	402	0	324	110	174	101	292	151	289	372	135	109	90	284	230	212	111	70	354	364	216	348	245	312	118	329	295	298	313	330	90	|
|374	434	306	294	452	300	307	429	312	235	127	313	284	208	480	480	324	0	216	274	223	137	380	368	357	448	419	367	40	136	487	432	358	525	436	336	227	443	132	234	361	156	119	127	102	255	|
|303	230	364	151	261	127	292	219	118	201	204	330	187	191	264	382	110	216	0	128	25	213	185	258	314	243	203	176	178	123	282	221	144	372	338	193	256	270	206	45	283	193	191	206	239	46	|
|180	177	289	24	183	38	191	269	72	119	195	239	69	127	261	254	174	274	128	0	151	321	118	130	198	299	204	263	246	139	228	266	147	258	211	68	191	169	193	83	159	166	188	197	333	98	|
|327	238	388	174	273	147	317	206	133	226	224	355	212	215	261	404	101	223	25	151	0	203	198	281	339	228	202	156	184	143	288	209	146	390	362	215	280	286	226	68	308	215	210	226	235	61	|
|464	441	435	345	474	333	415	378	330	329	246	431	357	305	456	562	292	137	213	321	203	0	398	440	458	390	400	301	117	211	492	384	348	578	517	389	344	480	251	251	448	265	233	246	54	259	|
|236	59	393	112	76	83	284	202	69	231	313	335	165	243	156	262	151	380	185	118	198	398	0	167	270	231	110	233	347	250	110	195	85	203	230	103	303	95	311	150	217	284	305	315	422	139	|
|70	212	254	107	181	142	140	365	175	141	257	191	85	167	320	124	289	368	258	130	281	440	167	0	109	394	277	378	349	236	244	359	239	167	81	73	196	135	253	213	53	223	257	258	444	226	|
|44	319	157	183	290	225	57	460	262	129	232	93	130	153	426	143	372	357	314	198	339	458	270	109	0	490	379	462	351	247	353	456	334	250	110	168	140	243	226	274	56	201	238	232	449	294	|
|461	211	585	309	264	266	490	30	229	414	446	538	367	413	125	493	135	448	243	299	228	390	231	394	490	0	125	89	408	365	226	36	156	412	462	324	481	311	447	253	441	430	433	448	436	225	|
|346	86	491	207	140	167	387	98	132	323	382	438	265	329	62	369	109	419	203	204	202	400	110	277	379	125	0	155	381	307	113	90	63	288	339	211	394	186	382	190	327	359	371	384	436	165	|
|439	235	536	280	287	238	452	84	204	367	380	495	333	361	186	490	90	367	176	263	156	301	233	378	462	89	155	0	326	299	267	92	148	432	454	306	429	325	382	199	419	369	366	382	348	172	|
|363	399	318	268	421	270	304	388	279	224	129	316	264	198	442	466	284	40	178	246	184	117	347	349	351	408	381	326	0	113	452	391	321	502	422	311	229	415	134	199	348	152	118	130	98	219	|
|254	306	254	158	320	168	208	340	186	119	81	233	151	96	369	355	230	136	123	139	143	211	250	236	247	365	307	299	113	0	359	340	244	390	310	200	148	308	83	117	238	74	68	83	208	145	|
|312	53	490	219	63	193	377	204	174	336	423	429	267	351	107	302	212	487	282	228	288	492	110	244	353	226	113	267	452	359	0	195	145	194	283	199	407	115	421	254	296	394	415	425	521	237	|
|426	176	554	276	229	233	457	9	195	383	421	505	333	383	99	457	111	432	221	266	209	384	195	359	456	36	90	92	391	340	195	0	122	378	426	289	451	275	421	226	406	404	408	423	427	197	|
|305	99	436	155	145	112	336	126	75	266	320	385	213	270	125	344	70	358	144	147	146	348	85	239	334	156	63	148	321	244	145	122	0	286	310	168	336	177	320	128	285	298	309	322	381	103	|
|206	202	407	235	148	246	297	386	258	308	422	342	244	333	300	135	354	525	372	258	390	578	203	167	250	412	288	432	502	390	194	378	286	0	144	191	362	109	418	329	202	388	421	423	591	329	|
|71	263	266	187	221	221	163	432	251	202	318	203	161	229	374	45	364	436	338	211	362	517	230	81	110	462	339	454	422	310	283	426	310	144	0	150	239	168	313	294	77	285	321	319	518	306	|
|137	157	292	45	142	70	181	294	102	141	242	233	70	159	260	191	216	336	193	68	215	389	103	73	168	324	211	306	311	200	199	289	168	191	150	0	210	113	239	148	117	210	238	244	400	157	|
|169	361	108	192	352	228	84	453	262	72	100	88	140	68	452	279	348	227	256	191	280	344	303	196	140	481	394	429	229	148	407	451	336	362	239	210	0	318	95	231	164	79	111	100	325	258	|
|200	101	388	150	53	148	274	283	153	252	355	325	181	272	210	189	245	443	270	169	286	480	95	135	243	311	186	325	415	308	115	275	177	109	168	113	318	0	352	230	187	323	351	357	498	225	|
|247	370	186	205	374	228	175	421	254	112	5	182	175	86	443	356	312	132	206	193	226	251	311	253	226	447	382	382	134	83	421	421	320	418	313	239	95	352	0	196	237	30	19	6	230	224	|
|260	201	337	107	226	84	256	226	81	169	195	297	145	163	252	337	118	234	45	83	68	251	150	213	274	253	190	199	199	117	254	226	128	329	294	148	231	230	196	0	240	178	184	198	272	29	|
|20	264	207	140	234	180	95	411	216	127	241	143	97	153	372	120	329	361	283	159	308	448	217	53	56	441	327	419	348	238	296	406	285	202	77	117	164	187	237	240	0	208	245	242	446	257	|
|219	344	181	177	346	202	152	404	230	82	34	167	145	56	420	328	295	156	193	166	215	265	284	223	201	430	359	369	152	74	394	404	298	388	285	210	79	323	30	178	208	0	37	35	250	206	|
|256	364	205	202	370	222	188	408	246	118	15	199	177	92	433	364	298	119	191	188	210	233	305	257	238	433	371	366	118	68	415	408	309	421	321	238	111	351	19	184	245	37	0	17	214	212	|
|253	374	190	210	378	232	180	423	257	117	2	187	180	91	446	362	313	127	206	197	226	246	315	258	232	448	384	382	130	83	425	423	322	423	319	244	100	357	6	198	242	35	17	0	225	226	|
|460	469	408	356	498	351	402	422	353	322	225	412	359	296	494	563	330	102	239	333	235	54	422	444	449	436	436	348	98	208	521	427	381	591	518	400	325	498	230	272	446	250	214	225	0	285	|
|278	184	364	119	215	87	280	198	72	195	224	323	165	190	227	348	90	255	46	98	61	259	139	226	294	225	165	172	219	145	237	197	103	329	306	157	258	225	224	29	257	206	212	226	285	0	|

--------------------------------------------------------------------------------
Building model...
	using lazy and cut (CVRPSEP package)
Solving IRP LP...
--------------------------------------------------------------------------------

Gurobi 9.1.0 (linux64) logging started Fri Jan  8 22:18:09 2021

Gurobi Optimizer version 9.1.0 build v9.1.0rc0 (linux64)
Thread count: 32 physical cores, 32 logical processors, using up to 2 threads
Optimize a model with 1039 rows, 6940 columns and 15892 nonzeros
Model fingerprint: 0x1a9123b0
Variable types: 454 continuous, 6486 integer (276 binary)
Coefficient statistics:
  Matrix range     [1e+00, 2e+03]
  Objective range  [1e-01, 6e+02]
  Bounds range     [1e+00, 3e+02]
  RHS range        [1e+01, 6e+03]
Presolve removed 257 rows and 275 columns
Presolve time: 0.08s
Presolved: 782 rows, 6665 columns, 14655 nonzeros
Variable types: 317 continuous, 6348 integer (6081 binary)

Root relaxation: objective 1.302212e+04, 620 iterations, 0.02 seconds

    Nodes    |    Current Node    |     Objective Bounds      |     Work
 Expl Unexpl |  Obj  Depth IntInf | Incumbent    BestBd   Gap | It/Node Time

     0     0 13022.1222    0  112          - 13022.1222      -     -    0s
     0     0 13411.2767    0  136          - 13411.2767      -     -    0s
     0     0 13411.2767    0  137          - 13411.2767      -     -    0s
     0     0 13906.5815    0  207          - 13906.5815      -     -    0s
     0     0 13919.4274    0  184          - 13919.4274      -     -    0s
     0     0 13920.5807    0  203          - 13920.5807      -     -    0s
     0     0 13940.0209    0  212          - 13940.0209      -     -    0s
     0     0 13953.0096    0  217          - 13953.0096      -     -    0s
     0     0 13953.4523    0  212          - 13953.4523      -     -    0s
     0     0 14034.7578    0  236          - 14034.7578      -     -    1s
     0     0 14061.4958    0  226          - 14061.4958      -     -    1s
     0     0 14064.6034    0  223          - 14064.6034      -     -    1s
     0     0 14068.6884    0  236          - 14068.6884      -     -    1s
     0     0 14069.6083    0  245          - 14069.6083      -     -    1s
     0     0 14155.0937    0  231          - 14155.0937      -     -    1s
     0     0 14175.4296    0  242          - 14175.4296      -     -    1s
     0     0 14176.0428    0  251          - 14176.0428      -     -    1s
     0     0 14261.5895    0  210          - 14261.5895      -     -    1s
     0     0 14277.8381    0  239          - 14277.8381      -     -    2s
     0     0 14279.5461    0  215          - 14279.5461      -     -    2s
     0     0 14293.4343    0  322          - 14293.4343      -     -    2s
     0     0 14296.7681    0  339          - 14296.7681      -     -    2s
     0     0 14297.4250    0  344          - 14297.4250      -     -    2s
     0     0 14315.1396    0  281          - 14315.1396      -     -    2s
     0     0 14318.7654    0  301          - 14318.7654      -     -    2s
     0     0 14319.1284    0  307          - 14319.1284      -     -    2s
     0     0 14325.9015    0  254          - 14325.9015      -     -    2s
     0     0 14325.9015    0  254          - 14325.9015      -     -    3s
     0     2 14325.9015    0  254          - 14325.9015      -     -    3s
    19    22 14396.6597    7  248          - 14346.3606      -   246    5s
   154   169 14760.0450   41  119          - 14346.3606      -   131   10s
   323   359 15041.5784   74   50          - 14346.3606      -  91.3   15s
*  406   395             171    17057.100000 14346.3606  15.9%  76.8   17s
   453   439 15698.4846  108   23 17057.1000 14346.3606  15.9%  73.7   20s
   554   508 14431.4023   10  226 17057.1000 14351.2390  15.9%  73.6   25s
   605   561 14523.9761   19  115 17057.1000 14351.2390  15.9%  81.9   30s
   698   677 14665.8566   33   95 17057.1000 14351.2390  15.9%  80.0   35s
   735   680 14927.1760   25  241 17057.1000 14351.2390  15.9%  78.5   42s
   745   687 14598.0314   15  345 17057.1000 14404.7084  15.6%  77.5   45s
   757   695 14666.7631   22  413 17057.1000 14415.3492  15.5%  76.3   50s
   768   702 15988.5800  130  421 17057.1000 14423.3018  15.4%  75.2   55s
   779   709 14539.2261   17  412 17057.1000 14426.6206  15.4%  74.1   61s
   782   714 14432.8182   16  394 17057.1000 14427.4115  15.4%  81.2   66s
   795   723 14442.9916   19  380 17057.1000 14442.9916  15.3%  84.2   70s
   824   745 14516.3490   27  319 17057.1000 14443.0128  15.3%  92.0   75s
   856   765 14701.4224   35  312 17057.1000 14443.0128  15.3%   100   80s
   880   784 14768.9078   40  229 17057.1000 14443.0128  15.3%   104   86s
H  888   751                    17011.100000 14443.0128  15.1%   104   87s
   908   771 14794.4535   48  218 17011.1000 14443.0128  15.1%   108   90s
   966   812 14892.4226   62  140 17011.1000 14443.0128  15.1%   110   95s
  1031   849 15072.8804   71  122 17011.1000 14443.0128  15.1%   112  100s
  1075   900 15221.2465   97   71 17011.1000 14443.0128  15.1%   112  105s
  1167   972 15392.9359  128   49 17011.1000 14443.0128  15.1%   110  111s
  1243  1013 15690.7063  156   51 17011.1000 14443.0128  15.1%   108  116s
  1287  1043 15786.4851  173   37 17011.1000 14443.0128  15.1%   107  121s
  1346  1091 15942.2000  192   10 17011.1000 14443.0128  15.1%   106  127s
  1386  1111 15969.6192  206   25 17011.1000 14443.0128  15.1%   106  130s
  1450  1155 16039.2257  230   72 17011.1000 14443.0128  15.1%   105  136s
  1484  1193 16081.6193  242   88 17011.1000 14443.0128  15.1%   105  140s
H 1527  1130                    16432.460000 14443.0128  12.1%   104  141s
  1569  1144     cutoff  270      16432.4600 14443.0128  12.1%   103  146s
  1619  1139 infeasible  293      16432.4600 14443.0128  12.1%   101  150s
  1724  1128 14549.3864   21  290 16432.4600 14443.0340  12.1%  98.1  158s
  1738  1135 14488.0988   23  318 16432.4600 14443.0340  12.1%  98.7  162s
H 1741  1093                    16379.860000 14443.0340  11.8%  98.9  162s
  1749  1108 14605.3918   24  227 16379.8600 14443.0340  11.8%  99.2  166s
  1787  1128 14557.8521   29  335 16379.8600 14443.0340  11.8%   101  172s
  1800  1140 14575.7111   31  258 16379.8600 14443.0340  11.8%   102  176s
H 1815  1073                    16274.640000 14443.0340  11.3%   102  176s
  1816  1099 14603.3129   33  216 16274.6400 14443.0340  11.3%   102  180s
  1855  1121 14832.3166   38  236 16274.6400 14443.0340  11.3%   104  187s
  1877  1138 14890.5649   41   88 16274.6400 14443.0340  11.3%   105  192s
  1902  1150 14703.2337   45  209 16274.6400 14443.0340  11.3%   106  197s
  1922  1166 14719.2182   48  220 16274.6400 14443.0340  11.3%   106  201s
  1945  1189 14733.7135   52  257 16274.6400 14443.0340  11.3%   106  205s
  1987  1220 14842.1357   61  125 16274.6400 14443.0340  11.3%   107  214s
  2020  1245 14839.6429   68  123 16274.6400 14443.0340  11.3%   107  219s
  2036  1239 15662.8394  271   96 16274.6400 14443.0340  11.3%   108  220s
  2056  1269 14852.2733   76   96 16274.6400 14443.0340  11.3%   108  225s
  2092  1302 14933.8028   87  106 16274.6400 14443.0340  11.3%   108  230s
  2137  1320 14959.2096  100  184 16274.6400 14443.0340  11.3%   108  236s
  2170  1360 14991.3160  109  189 16274.6400 14443.0340  11.3%   108  262s
  2226  1411 15018.1233  122  134 16274.6400 14443.0340  11.3%   108  269s
  2249  1403 15147.3835  133  116 16274.6400 14443.0340  11.3%   108  272s
  2300  1457 15093.3258  141   77 16274.6400 14443.0340  11.3%   108  279s
  2323  1450 15289.5824  152   26 16274.6400 14443.0340  11.3%   107  280s
  2379  1565 15243.4976  161   51 16274.6400 14443.0340  11.3%   106  289s
  2425  1552 15259.8843  184   19 16274.6400 14443.0340  11.3%   105  290s
  2549  1558 15682.5219  204   48 16274.6400 14443.0340  11.3%   103  297s
  2588  1632 15425.8702  212   42 16274.6400 14443.0340  11.3%   102  304s
  2611  1632 15504.1211  223   32 16274.6400 14443.0340  11.3%   102  305s
  2764  1692 15489.0626  243   61 16274.6400 14443.0340  11.3%  98.4  335s
  2831  1752 15575.2581  274   51 16274.6400 14443.0340  11.3%  98.0  345s
  2947  1797 15622.7722  328   60 16274.6400 14443.0340  11.3%  96.8  354s
  2994  1838 15672.9115  346   47 16274.6400 14457.2369  11.2%  96.4  366s
  3160  1859 14508.2205   21  387 16274.6400 14457.2369  11.2%  93.6  378s
  3179  1891 14625.3912   28  337 16274.6400 14457.2369  11.2%  95.0  386s
  3211  1926 14779.7114   35  206 16274.6400 14457.2369  11.2%  96.3  395s
  3246  1977 14843.4287   41  218 16274.6400 14457.2369  11.2%  97.4  405s
  3297  2038 14935.5012   49  193 16274.6400 14457.2369  11.2%  98.3  439s
  3358  2162 14988.7317   58  132 16274.6400 14457.2369  11.2%  99.1  451s
  3482  2376 15102.6941   77  166 16274.6400 14457.2369  11.2%  98.0  467s
  3605  2376 15499.1798  238   46 16274.6400 14457.2369  11.2%  96.6  470s
  3674  2376 15630.7250  292   39 16274.6400 14457.2369  11.2%  95.1  476s
  3718  2449 15443.7299  110   71 16274.6400 14457.2369  11.2%  94.6  488s
  3791  2683 15557.7887  133   30 16274.6400 14457.2369  11.2%  95.5  523s
  3860  2683 15780.5474  181   14 16274.6400 14457.2369  11.2%  94.6  525s
  4033  2912 16112.7536  238    7 16274.6400 14467.3457  11.1%  92.4  546s
  4282  3079 14996.1159   30  143 16274.6400 14467.3457  11.1%  89.0  566s
  4426  3081 15879.8080  328   13 16274.6400 14467.3457  11.1%  87.7  570s
  4468  3159 15807.8440  103   33 16274.6400 14490.0515  11.0%  87.7  591s
  4548  3163 15350.3600   45   10 16274.6400 14490.1085  11.0%  88.1  595s
  4590  3206     cutoff  125      16274.6400 14490.7213  11.0%  87.7  608s
  4638  3252 14934.5898   39  308 16274.6400 14492.2266  11.0%  89.0  622s
  4690  3383 15295.0561   70  241 16274.6400 14492.2266  11.0%  90.4  654s
  4742  3383 15670.0436  122  103 16274.6400 14492.2266  11.0%  90.3  655s
  4826  3521 15961.0948  165  122 16274.6400 14493.9366  10.9%  90.4  672s
  4957  3522 15672.2966  102    7 16274.6400 14495.0907  10.9%  89.7  675s
  4990  3617     cutoff  225      16274.6400 14495.1874  10.9%  89.9  690s
  5087  3761 14882.1825   47  296 16274.6400 14495.1874  10.9%  90.8  716s
  5215  3761 16075.9021  214   91 16274.6400 14495.1874  10.9%  89.9  720s
  5249  3972 15216.1078   73  258 16274.6400 14497.1315  10.9%  90.0  737s
  5341  3972 15690.2903  165  161 16274.6400 14497.1315  10.9%  89.3  740s
  5474  4056 14721.2657   26  348 16274.6400 14497.1315  10.9%  88.7  781s
  5558  4202 14996.0456   64  236 16274.6400 14497.1315  10.9%  89.9  798s
  5608  4202 15392.0294  114   64 16274.6400 14497.1315  10.9%  89.9  800s
  5704  4332 16090.2223  172  151 16274.6400 14497.7601  10.9%  90.3  837s
  5848  4610 14948.4632   46  164 16274.6400 14498.0777  10.9%  90.7  867s
  5940  4611 16175.3700  137    8 16274.6400 14498.0777  10.9%  90.4  870s
  6183  4667 14602.7986   27  319 16274.6400 14498.2039  10.9%  88.1  899s
  6235  4813 14808.0913   46  144 16274.6400 14498.2039  10.9%  89.3  918s
  6296  4813 14929.9110   66   14 16274.6400 14498.2039  10.9%  90.2  920s
  6381  5013 15090.6548   65   34 16274.6400 14498.2039  10.9%  89.5  945s
  6595  5036 15611.8100  190    - 16274.6400 14498.2039  10.9%  88.1  950s
  6674  5248 15107.6074  105  153 16274.6400 14498.2039  10.9%  87.7  972s
  6766  5248 15475.9601  175   23 16274.6400 14498.2039  10.9%  87.2  975s
  6910  5349 infeasible  237      16274.6400 14499.7015  10.9%  86.5  995s
  7046  5428 15111.4316   36  163 16274.6400 14500.8940  10.9%  86.8 1016s
  7131  5594 15789.2850   65   28 16274.6400 14506.5216  10.9%  87.6 1038s
  7208  5601 14702.2075   32  334 16274.6400 14506.5216  10.9%  87.2 1040s
  7321  5652 16210.8100   80   30 16274.6400 14508.2902  10.9%  87.3 1062s
  7396  5832     cutoff   84      16274.6400 14518.8614  10.8%  88.1 1088s
  7585  5832 infeasible  187      16274.6400 14518.9809  10.8%  88.1 1092s
  7593  6039 15064.3191   67   81 16274.6400 14524.1294  10.8%  88.2 1116s
  7734  6039 16161.1033  208   17 16274.6400 14524.1294  10.8%  87.1 1120s
  7812  6251 14754.8143   43  324 16274.6400 14524.1294  10.8%  87.8 1142s
  8042  6462 15378.8003  105  246 16274.6400 14528.1329  10.7%  87.2 1187s
  8092  6462 15782.6198  155  115 16274.6400 14528.1329  10.7%  87.0 1190s
  8265  6669 14732.7266   42  265 16274.6400 14530.5330  10.7%  87.0 1215s
  8409  6669 15384.5140  186   29 16274.6400 14530.5330  10.7%  86.5 1220s
  8500  6766     cutoff  223      16274.6400 14531.7420  10.7%  86.8 1242s
  8589  6766 16208.9339  127   39 16274.6400 14532.0944  10.7%  87.5 1245s
  8617  6860 15183.4928   37  154 16274.6400 14532.0944  10.7%  87.6 1314s
  8643  6860 15329.0458   49  257 16274.6400 14532.0944  10.7%  88.0 1317s
  8711  7009 15579.2157   56  299 16274.6400 14536.1503  10.7%  88.8 1341s
  8811  7009 15403.3183   60   12 16274.6400 14538.0166  10.7%  88.9 1346s
  8917  7179 14776.5933   32  297 16274.6400 14538.7378  10.7%  88.5 1369s
  8944  7179 15051.3555   59  248 16274.6400 14538.7378  10.7%  88.8 1370s
  9122  7334     cutoff  139      16274.6400 14539.7714  10.7%  88.3 1401s
  9147  7334 14945.4725   60  239 16274.6400 14539.9578  10.7%  88.9 1415s
  9289  7528 15123.6690   52  258 16274.6400 14541.5164  10.6%  88.4 1442s
  9388  7528 14737.6987   29  290 16274.6400 14541.8670  10.6%  88.5 1445s
  9510  7651 14724.8356   33  243 16274.6400 14541.8670  10.6%  88.3 1471s
  9634  7831 15598.5178   75  122 16274.6400 14543.4623  10.6%  89.0 1498s
  9756  7838 15988.4525  142   18 16274.6400 14544.2318  10.6%  88.8 1501s
  9851  8003     cutoff  129      16274.6400 14544.2830  10.6%  88.7 1530s
  9983  8003 15648.0063  168   56 16274.6400 14544.8723  10.6%  88.9 1543s
 10039  8180 14879.0681   39   44 16274.6400 14544.8723  10.6%  88.9 1568s
 10085  8181 15210.3782   58   14 16274.6400 14544.8723  10.6%  89.1 1570s
 10242  8376 15585.1840   71   36 16274.6400 14545.0047  10.6%  89.1 1597s
 10454  8594 14984.6598   61   21 16274.6400 14545.3717  10.6%  89.1 1625s
 10627  8596 15662.5531  129   40 16274.6400 14548.0356  10.6%  88.3 1630s
 10701  8742     cutoff  176      16274.6400 14549.4288  10.6%  88.5 1654s
 10734  8742 15066.8503   58  151 16274.6400 14549.4288  10.6%  88.9 1655s
 10875  8945 15222.8894   81   83 16274.6400 14551.1537  10.6%  88.7 1690s
 11090  9176 14899.1610   31  296 16274.6400 14551.7437  10.6%  88.5 1716s
 11240  9179 15403.3675  116   91 16274.6400 14551.7437  10.6%  88.3 1720s
 11339  9451 15695.9382  129  102 16274.6400 14555.0290  10.6%  88.0 1744s
 11362  9453 15969.2200  150    - 16274.6400 14555.0290  10.6%  87.9 1745s
 11629  9573 16034.9600  150    8 16274.6400 14555.3375  10.6%  87.3 1775s
 11778  9627 infeasible  180      16274.6400 14555.6954  10.6%  87.7 1804s
 11835  9890 14877.6823   43   85 16274.6400 14555.9000  10.6%  88.4 1835s
 11950  9890 15147.6700   91   10 16274.6400 14555.9000  10.6%  88.3 1840s
 12118 10195 15342.6900  108    - 16274.6400 14556.6686  10.6%  88.0 1869s
 12164 10206 15870.2100  149    - 16274.6400 14556.6686  10.6%  87.9 1870s
 12490 10287 16147.7200  183    - 16274.6400 14556.9920  10.6%  86.8 1906s
 12578 10366 16260.0150  183    7 16274.6400 14557.9243  10.5%  87.5 1929s
 12622 10367 14910.4282   66  123 16274.6400 14557.9243  10.5%  87.6 1930s
 12665 10424 16274.5700  188    - 16274.6400 14559.5569  10.5%  87.9 1954s
 12725 10524     cutoff  188      16274.6400 14561.9394  10.5%  88.8 1980s
 12794 10526 15241.2088   83  164 16274.6400 14561.9394  10.5%  89.2 1985s
 12832 10667 14967.1800   42    - 16274.6400 14561.9394  10.5%  89.1 2015s
 13044 10914 15173.8381  104    9 16274.6400 14562.1288  10.5%  89.1 2054s
 13067 10917 15071.0529  116   12 16274.6400 14562.1288  10.5%  89.1 2055s
 13255 10961 15704.3255  206    3 16274.6400 14562.1288  10.5%  88.3 2060s
 13404 11118 16129.2700  216   10 16274.6400 14563.0968  10.5%  88.2 2088s
 13592 11189     cutoff  224      16274.6400 14563.7482  10.5%  88.1 2117s
 13679 11307 infeasible  227      16274.6400 14564.0977  10.5%  88.7 2140s
 13800 11414 15363.4389   58  212 16274.6400 14564.9096  10.5%  89.1 2169s
 13825 11416 15836.8117   80   88 16274.6400 14564.9096  10.5%  89.1 2170s
 13946 11527 15726.1971   81   92 16274.6400 14569.4860  10.5%  89.3 2196s
 14078 11802 14864.0946   40  106 16274.6400 14571.5047  10.5%  89.6 2246s
 14170 11803 15570.8094  131   39 16274.6400 14571.5047  10.5%  89.5 2251s
 14339 11805 15869.5350  161   15 16274.6400 14571.5047  10.5%  88.7 2256s
 14377 11889 16009.8300  234   26 16274.6400 14573.2666  10.5%  88.9 2282s
 14465 11930 15165.7050   54   70 16274.6400 14573.2666  10.5%  89.5 2305s
 14510 12137 16014.5543   81   29 16274.6400 14573.3982  10.5%  89.6 2336s
 14750 12193     cutoff   97      16274.6400 14575.8982  10.4%  89.3 2363s
 14809 12515 14835.7207   62  166 16274.6400 14576.1580  10.4%  89.7 2389s
 14832 12515 14919.0692   85  113 16274.6400 14576.1580  10.4%  89.7 2390s
 15171 12594 infeasible  201      16274.6400 14576.1706  10.4%  88.7 2426s
 15200 12600 14921.9757   31   87 16274.6400 14576.1706  10.4%  88.9 2434s
 15241 12600 14976.4222   36   30 16274.6400 14576.4995  10.4%  89.1 2435s
 15279 12699 16223.5900  200    - 16274.6400 14576.6182  10.4%  88.9 2483s
 15395 12818     cutoff  200      16274.6400 14576.6914  10.4%  89.2 2521s
 15424 12821 14809.1551   35  107 16274.6400 14576.6914  10.4%  89.4 2532s
 15536 12828 16130.5957  131    8 16274.6400 14577.1275  10.4%  89.1 2535s
 15578 12912     cutoff  201      16274.6400 14577.9984  10.4%  89.2 2560s
 15670 13106 15292.8412   68  188 16274.6400 14579.2892  10.4%  89.7 2587s
 15906 13187 14753.9863   26  321 16274.6400 14579.3918  10.4%  89.2 2619s
 15945 13187 15794.9950  132   12 16274.6400 14579.3918  10.4%  89.5 2620s
 15986 13333 15289.8135   65  269 16274.6400 14579.7431  10.4%  89.8 2647s
 16082 13333 15838.1252  161   42 16274.6400 14579.7431  10.4%  89.6 2650s
 16141 13386 14941.8353   34  268 16274.6400 14579.7431  10.4%  89.6 2675s
 16194 13538 15733.6914   80   53 16274.6400 14581.5906  10.4%  89.8 2711s
 16399 13610 16107.1323   98   39 16274.6400 14583.2132  10.4%  89.6 2743s
 16443 13618 16250.0250   96   21 16274.6400 14583.4061  10.4%  89.8 2745s
 16499 13656     cutoff  101      16274.6400 14583.4783  10.4%  90.0 2772s
 16577 13733 14984.5216   38  229 16274.6400 14583.7231  10.4%  90.5 2805s
 16670 13877 15355.7750   59   31 16274.6400 14584.2027  10.4%  90.9 2833s
 16716 13886 16131.9500   93   16 16274.6400 14584.2027  10.4%  90.9 2835s
 16855 14022     cutoff  101      16274.6400 14586.3912  10.4%  90.8 2869s
 16884 14022 14920.6156   44   84 16274.6400 14586.3912  10.4%  91.0 2870s
 17043 14104 14820.4892   50  170 16274.6400 14586.4435  10.4%  90.8 2899s
 17069 14104 14862.0519   63  147 16274.6400 14586.4435  10.4%  91.0 2900s
 17125 14281 14891.7539   80   66 16274.6400 14586.4435  10.4%  91.3 2931s
 17263 14281 15064.8593  149   39 16274.6400 14586.4435  10.4%  91.1 2935s
 17302 14370 15670.5505  150   30 16274.6400 14586.5345  10.4%  91.3 2962s
 17448 14546 15447.0423  166   16 16274.6400 14586.6430  10.4%  91.4 3002s
 17540 14548 15514.9238  115   10 16274.6400 14587.0338  10.4%  91.5 3005s
*17679  8449             169    15477.050000 14587.4576  5.75%  91.1 3033s
*17680  8238             168    15456.050000 14587.4576  5.62%  91.1 3033s
 17723  8260 15329.8374   45  124 15456.0500 14588.0464  5.62%  91.6 3063s
 17780  8337 14966.5750   29  271 15456.0500 14588.3823  5.61%  92.1 3094s
 17806  8337 15023.9057   45  137 15456.0500 14588.3823  5.61%  92.2 3095s
 17857  8469 15189.9616   62  112 15456.0500 14588.3999  5.61%  92.5 3123s
 17926  8469 15140.2499  126   15 15456.0500 14588.3999  5.61%  92.3 3125s
 18002  8620 15135.3384   37   63 15456.0500 14591.3848  5.59%  92.6 3201s
 18124  8620 15274.4267  150   26 15456.0500 14592.5166  5.59%  92.6 3205s
 18184  8692 14961.9006   38  241 15456.0500 14592.5166  5.59%  92.5 3231s
 18262  8883 15344.7856   74  206 15456.0500 14592.7315  5.59%  92.9 3267s
 18383  8884 15322.8117  106   33 15456.0500 14592.7315  5.59%  92.7 3275s
 18501  8923     cutoff  123      15456.0500 14594.2809  5.58%  92.6 3304s
 18558  8981 15034.4810   50  136 15456.0500 14595.2181  5.57%  93.0 3337s
 18626  9067 14740.7360   31  307 15456.0500 14595.5530  5.57%  93.4 3372s
 18723  9070 15443.0600   67    - 15456.0500 14595.5530  5.57%  93.6 3375s
 18726  9130 14981.5540   38  314 15456.0500 14596.0699  5.56%  93.7 3405s
 18806  9198 14751.4895   29  328 15456.0500 14596.2805  5.56%  94.1 3433s
 18856  9198 15419.7015   73   20 15456.0500 14596.2805  5.56%  94.3 3435s
 18886  9206 15299.2024   56  208 15456.0500 14596.2805  5.56%  94.4 3456s
 18894  9265 15317.2965   57  218 15456.0500 14596.6595  5.56%  94.5 3484s
 18950  9265 15354.1438   68  111 15456.0500 14597.3875  5.56%  94.8 3485s
 18976  9344 15202.2236   43  299 15456.0500 14597.7820  5.55%  94.9 3516s
 19053  9346 15358.6105   73  159 15456.0500 14598.1148  5.55%  95.3 3520s
 19076  9405     cutoff   63      15456.0500 14598.4695  5.55%  95.3 3550s
 19166  9506     cutoff   63      15456.0500 14599.3050  5.54%  95.6 3596s

Cutting planes:
  User: 2029
  Gomory: 16
  Cover: 258
  Implied bound: 60
  Projected implied bound: 1
  Clique: 11
  MIR: 143
  StrongCG: 8
  Flow cover: 366
  Zero half: 40
  RLT: 214
  Relax-and-lift: 3
  Lazy constraints: 4259

Explored 19276 nodes (1853856 simplex iterations) in 3643.44 seconds
Thread count was 2 (of 32 available processors)

Solution count 7: 15456 15477 16274.6 ... 17057.1

Time limit reached
Best objective 1.545605000000e+04, best bound 1.460091404110e+04, gap 5.5327%

User-callback calls 267850, time in user-callback 691.01 sec
================================================================================
executing instance: ./input/Instances/Original/1/absH3high_2n45.dat
--------------------------------------------------------------------------------
Instance details
n	46
H	3
C	3171
Li:
[0, 0, 0, 0, 0, 0, 0, 0, 0, 0, 0, 0, 0, 0, 0, 0, 0, 0, 0, 0, 0, 0, 0, 0, 0, 0, 0, 0, 0, 0, 0, 0, 0, 0, 0, 0, 0, 0, 0, 0, 0, 0, 0, 0, 0, 0, ]
Ui:
[0, 246, 160, 78, 20, 87, 144, 40, 20, 82, 60, 96, 24, 136, 160, 108, 160, 26, 228, 51, 24, 240, 231, 70, 32, 105, 174, 114, 246, 126, 132, 76, 22, 42, 255, 132, 148, 162, 66, 111, 102, 240, 123, 201, 297, 78, ]
Distance matrix:
|0	148	402	550	329	420	187	318	366	280	504	273	233	333	112	344	379	481	113	593	159	523	261	424	90	359	163	461	413	240	105	299	265	89	371	462	339	273	495	22	41	439	369	506	563	468	|
|148	0	284	517	394	284	136	369	244	311	496	166	329	355	223	202	338	388	204	565	254	506	118	346	71	423	173	471	336	118	105	352	198	105	248	428	302	305	487	153	179	441	230	497	517	370	|
|402	284	0	350	448	80	228	406	42	343	382	129	456	350	412	126	219	131	382	395	410	371	180	137	314	466	289	400	137	167	389	401	169	316	39	280	217	342	373	394	414	362	108	380	324	106	|
|550	517	350	0	339	429	385	308	374	295	93	375	431	249	481	461	180	239	458	48	445	57	474	214	496	333	387	160	216	424	601	321	320	471	376	90	217	301	93	530	534	146	452	88	52	262	|
|329	394	448	339	0	513	282	42	438	105	255	363	115	108	221	484	259	431	217	365	172	289	436	362	333	30	224	189	353	380	423	47	291	296	443	285	240	107	251	307	294	193	495	260	378	437	|
|420	284	80	429	513	0	267	473	76	408	462	163	509	421	449	86	298	201	421	474	455	451	167	217	330	533	333	478	217	181	386	466	225	341	70	360	291	406	453	416	438	440	59	460	400	176	|
