




arguments: ./build/mirp_solver -f ./input/orig_exec_144.cfg
Current dir: /scratch/gui/bnc_mirp
File verbosity level: 9
date       time         ( uptime  ) [ thread name/id ]                   file:line     v| 
2021-01-10 01:24:21.143 (   0.137s) [main thread     ]             loguru.cpp:789   INFO| Logging to './output/vi_vc/OU/V5/Original/execution_10_01_2021_01_24_21.log', mode: 'a', verbosity: 9
--------------------------------------------------------------------------------
Parameters
                           instance_path           ./input/Instances/Original/4/
                            model_policy                                       1
                             nb_vehicles                                       5
                              output_dir          ./output/vi_vc/OU/V5/Original/
                            sec_strategy                                       1
                       solver_nb_threads                                       2
                         solver_show_log                                    true
                       solver_time_limit                                    3600
                              use_vi_cos                                   false
                              use_vi_cus                                   false
                         use_vi_hc1_full                                   false
                         use_vi_hc1_half                                   false
                      use_vi_hc1_quarter                                   false
                              use_vi_hc2                                   false
                              use_vi_hc3                                   false
                         use_vi_lex_full                                   false
                         use_vi_lex_half                                   false
                      use_vi_lex_quarter                                   false
                              use_vi_qua                                   false
                               use_vi_vc                                    true
                               use_vi_vr                                   false
--------------------------------------------------------------------------------
executing instance: ./input/Instances/Original/4/absH3low_3n30.dat
--------------------------------------------------------------------------------
Instance details
n	31
H	3
C	2841
Li:
[0, 0, 0, 0, 0, 0, 0, 0, 0, 0, 0, 0, 0, 0, 0, 0, 0, 0, 0, 0, 0, 0, 0, 0, 0, 0, 0, 0, 0, 0, 0, ]
Ui:
[0, 246, 98, 54, 144, 171, 192, 180, 165, 98, 122, 198, 297, 144, 130, 129, 219, 138, 142, 150, 108, 66, 64, 285, 180, 204, 276, 168, 240, 198, 122, ]
Distance matrix:
|0	172	56	166	260	198	42	197	296	110	91	112	238	275	323	183	330	232	175	181	162	191	232	280	201	139	356	185	266	216	26	|
|172	0	178	223	320	335	153	355	444	62	231	99	333	376	214	352	176	235	194	106	47	41	353	161	299	175	225	43	326	374	153	|
|56	178	0	110	204	162	93	233	336	125	144	148	187	226	358	180	313	284	123	152	182	185	282	252	256	88	329	177	210	251	42	|
|166	223	110	0	102	150	199	327	431	194	253	237	113	156	431	228	296	386	44	140	248	208	389	218	366	48	287	200	108	344	148	|
|260	320	204	102	0	156	296	391	493	296	340	339	66	90	531	263	362	486	127	226	349	300	469	278	454	148	334	292	6	406	245	|
|198	335	162	150	156	0	239	255	351	286	245	307	93	106	518	111	442	423	194	280	344	335	349	367	352	182	437	327	158	266	199	|
|42	153	93	199	296	239	0	203	296	91	82	76	278	316	284	217	322	191	201	186	133	180	217	281	177	165	356	175	302	222	52	|
|197	355	233	327	391	255	203	0	104	294	125	266	340	361	436	151	524	276	352	377	330	383	109	477	146	319	553	377	395	19	222	|
|296	444	336	431	493	351	296	104	0	384	214	348	440	456	488	241	617	315	456	476	412	475	113	575	176	422	651	470	497	88	322	|
|110	62	125	194	296	286	91	294	384	0	171	55	298	340	238	292	233	210	176	118	58	91	298	201	248	148	273	87	302	313	94	|
|91	231	144	253	340	245	82	125	214	171	0	141	307	339	324	184	403	187	266	266	204	261	140	363	114	230	438	256	346	144	116	|
|112	99	148	237	339	307	76	266	348	55	141	0	332	373	212	292	275	156	225	173	64	137	254	253	200	194	322	135	345	284	108	|
|238	333	187	113	66	93	278	340	440	298	307	332	0	43	536	203	404	469	153	253	354	321	427	322	420	160	385	313	67	353	229	|
|275	376	226	156	90	106	316	361	456	340	339	373	43	0	578	216	443	507	194	295	397	364	453	361	451	203	421	356	88	372	268	|
|323	214	358	431	531	518	284	436	488	238	324	212	536	578	0	498	309	176	407	320	183	245	376	344	312	383	379	251	537	451	319	|
|183	352	180	228	263	111	217	151	241	292	184	292	203	216	498	0	492	371	266	328	345	364	255	426	272	242	501	356	266	159	198	|
|330	176	313	296	362	442	322	524	617	233	403	275	404	443	309	492	0	397	253	164	218	142	529	84	475	260	72	147	367	543	306	|
|232	235	284	386	486	423	191	276	315	210	187	156	469	507	176	371	397	0	379	327	188	276	202	396	139	346	456	277	492	289	242	|
|175	194	123	44	127	194	201	352	456	176	266	225	153	194	407	266	253	379	0	101	225	174	405	174	375	36	244	166	133	370	152	|
|181	106	152	140	226	280	186	377	476	118	266	173	253	295	320	328	164	327	101	0	148	76	403	100	360	98	177	69	232	396	155	|
|162	47	182	248	349	344	133	330	412	58	204	64	354	397	183	345	218	188	225	148	0	89	316	208	259	201	270	90	355	348	149	|
|191	41	185	208	300	335	180	383	475	91	261	137	321	364	245	364	142	276	174	76	89	0	388	119	336	162	185	8	306	402	169	|
|232	353	282	389	469	349	217	109	113	298	140	254	427	453	376	255	529	202	405	403	316	388	0	497	64	369	570	384	474	112	256	|
|280	161	252	218	278	367	281	477	575	201	363	253	322	361	344	426	84	396	174	100	208	119	497	0	449	187	77	119	283	496	255	|
|201	299	256	366	454	352	177	146	176	248	114	200	420	451	312	272	475	139	375	360	259	336	64	449	0	339	521	333	460	156	223	|
|139	175	88	48	148	182	165	319	422	148	230	194	160	203	383	242	260	346	36	98	201	162	369	187	339	0	260	153	154	337	116	|
|356	225	329	287	334	437	356	553	651	273	438	322	385	421	379	501	72	456	244	177	270	185	570	77	521	260	0	187	338	572	331	|
|185	43	177	200	292	327	175	377	470	87	256	135	313	356	251	356	147	277	166	69	90	8	384	119	333	153	187	0	298	396	163	|
|266	326	210	108	6	158	302	395	497	302	346	345	67	88	537	266	367	492	133	232	355	306	474	283	460	154	338	298	0	410	251	|
|216	374	251	344	406	266	222	19	88	313	144	284	353	372	451	159	543	289	370	396	348	402	112	496	156	337	572	396	410	0	241	|
|26	153	42	148	245	199	52	222	322	94	116	108	229	268	319	198	306	242	152	155	149	169	256	255	223	116	331	163	251	241	0	|

--------------------------------------------------------------------------------
Building model...
	using lazy and cut (CVRPSEP package)
Solving IRP LP...
--------------------------------------------------------------------------------

Gurobi 9.1.0 (linux64) logging started Sun Jan 10 01:24:21 2021

Gurobi Optimizer version 9.1.0 build v9.1.0rc0 (linux64)
Thread count: 32 physical cores, 32 logical processors, using up to 2 threads
Optimize a model with 1249 rows, 8014 columns and 18904 nonzeros
Model fingerprint: 0xf1b90779
Variable types: 574 continuous, 7440 integer (465 binary)
Coefficient statistics:
  Matrix range     [1e+00, 6e+02]
  Objective range  [1e-02, 7e+02]
  Bounds range     [1e+00, 3e+02]
  RHS range        [3e+01, 5e+03]
Presolve removed 124 rows and 31 columns
Presolve time: 0.05s
Presolved: 1125 rows, 7983 columns, 17909 nonzeros
Variable types: 543 continuous, 7440 integer (6990 binary)

Root relaxation: objective 2.463279e+03, 1606 iterations, 0.05 seconds

    Nodes    |    Current Node    |     Objective Bounds      |     Work
 Expl Unexpl |  Obj  Depth IntInf | Incumbent    BestBd   Gap | It/Node Time

     0     0 2463.27864    0  102          - 2463.27864      -     -    0s
     0     0 2688.85339    0  129          - 2688.85339      -     -    0s
     0     0 3251.02968    0  190          - 3251.02968      -     -    0s
     0     0 3251.04384    0  179          - 3251.04384      -     -    0s
     0     0 3330.68283    0  234          - 3330.68283      -     -    1s
     0     0 3348.60588    0  238          - 3348.60588      -     -    1s
     0     0 3359.86524    0  231          - 3359.86524      -     -    1s
     0     0 3360.64753    0  256          - 3360.64753      -     -    1s
     0     0 3361.70816    0  248          - 3361.70816      -     -    1s
     0     0 3362.03547    0  243          - 3362.03547      -     -    1s
     0     0 3401.97302    0  228          - 3401.97302      -     -    1s
     0     0 3414.04989    0  261          - 3414.04989      -     -    1s
     0     0 3416.21484    0  269          - 3416.21484      -     -    1s
     0     0 3416.26964    0  274          - 3416.26964      -     -    1s
     0     0 3525.22986    0  311          - 3525.22986      -     -    2s
     0     0 3533.06477    0  363          - 3533.06477      -     -    2s
     0     0 3533.64118    0  365          - 3533.64118      -     -    2s
     0     0 3578.88924    0  393          - 3578.88924      -     -    2s
     0     0 3583.41969    0  385          - 3583.41969      -     -    2s
     0     0 3583.68233    0  393          - 3583.68233      -     -    2s
     0     0 3595.46120    0  387          - 3595.46120      -     -    3s
     0     0 3615.52875    0  362          - 3615.52875      -     -    4s
     0     0 3633.91790    0  472          - 3633.91790      -     -    4s
     0     0 3641.21109    0  437          - 3641.21109      -     -    4s
     0     0 3645.66804    0  436          - 3645.66804      -     -    4s
     0     0 3647.24019    0  412          - 3647.24019      -     -    4s
     0     0 3647.28339    0  425          - 3647.28339      -     -    4s
     0     0 3681.48724    0  360          - 3681.48724      -     -    5s
     0     0 3683.13637    0  337          - 3683.13637      -     -    5s
     0     0 3683.65814    0  321          - 3683.65814      -     -    5s
     0     0 3690.21436    0  398          - 3690.21436      -     -    6s
     0     0 3690.21436    0  390          - 3690.21436      -     -    6s
     0     2 3691.63294    0  387          - 3691.63294      -     -    7s
    36    39 3756.77095   10  316          - 3712.05236      -   404   10s
   104   109 4149.30052   28  241          - 3712.05236      -   370   15s
   198   206 4456.75289   46  240          - 3712.05236      -   286   20s
   429   413 5194.37986   80  170          - 3712.05236      -   184   25s
   580   599 6676.82798  155  100          - 3712.05236      -   182   30s
   781   727 4299.80160   17   92          - 3712.34830      -   157   35s
   801   741 4932.88541   61  527          - 3777.76373      -   153   40s
   814   749 8187.91057  238  516          - 3842.32368      -   151   45s
   827   758 6700.88273  143  543          - 3849.92182      -   148   50s
   845   771 5080.93794   72  542          - 3849.95457      -   164   55s
   853   780 3852.34562   26  551          - 3850.57842      -   174   60s
   885   801 3959.40540   34  477          - 3878.76936      -   189   65s
   963   855 4183.14111   55  234          - 3878.76936      -   200   70s
  1113   969 4901.28567   96  162          - 3878.76936      -   197   75s
  1265  1016 4174.47048   42  216          - 3878.91034      -   193   80s
  1388  1089 4130.12591   48  248          - 3878.91034      -   192   85s
  1555  1181 4015.13755   31  326          - 3885.48324      -   185   90s
  1627  1239 4082.67262   42  340          - 3885.48324      -   191   95s
  1741  1346 4358.30732   49  235          - 3885.48324      -   192  100s
  1961  1462 4459.77037   59  240          - 3885.48324      -   181  106s
  2108  1615 4781.87569   66  159          - 3885.48324      -   174  110s
* 2295  1541             200    6602.6800000 3885.48324  41.2%   165  113s
  2389  1422 5057.35087   75  133 6602.68000 3885.48324  41.2%   160  115s
  2397  1447 5129.36414   74  104 6602.68000 3885.48324  41.2%   161  121s
H 2420  1385                    6540.6000000 3885.48324  40.6%   160  121s
  2468  1422 5587.00291   99   57 6540.60000 3885.48324  40.6%   161  125s
  2582  1584 5974.38014  121   87 6540.60000 3885.48324  40.6%   161  131s
  2714  1565 4111.16614   34  378 6540.60000 3907.05760  40.3%   159  135s
H 2747  1491                    6338.6000000 3907.05760  38.4%   160  137s
  2805  1569 5601.05006   90   95 6338.60000 3910.23712  38.3%   160  142s
  2898  1618 4668.13224   42  296 6338.60000 3910.23712  38.3%   160  147s
  2945  1646 5374.93106   66   50 6338.60000 3910.23712  38.3%   159  151s
  3012  1703 6153.19062  115   36 6338.60000 3911.58525  38.3%   158  155s
  3111  1802 4317.85135   31  283 6338.60000 3916.03786  38.2%   157  160s
  3260  1913 5464.16509   67   89 6338.60000 3930.29514  38.0%   155  167s
  3334  1925 4164.16395   33  310 6338.60000 3930.29514  38.0%   155  170s
  3368  2021 4709.22390   50  184 6338.60000 3933.58552  37.9%   157  177s
  3456  2037 3952.66379   35  559 6338.60000 3933.58552  37.9%   157  180s
  3506  2101 4816.82100   47  235 6338.60000 3933.58552  37.9%   159  185s
  3584  2235 5846.80329   64   91 6338.60000 3933.62421  37.9%   161  192s
  3677  2279 4257.43899   38  186 6338.60000 3933.62421  37.9%   161  198s
  3723  2407 4264.01885   39  210 6338.60000 3933.62421  37.9%   160  202s
  3897  2420 4913.64354   62  145 6338.60000 3933.62421  37.9%   157  207s
H 3899  2391                    6287.2100000 3933.62421  37.4%   157  207s
  3910  2455 4920.65315   63  106 6287.21000 3933.62421  37.4%   158  214s
  3974  2526 5553.38136   95   56 6287.21000 3937.93902  37.4%   157  217s
  4073  2577 4642.49379   40  218 6287.21000 3939.73434  37.3%   156  221s
  4124  2646 5814.02536   75   49 6287.21000 3941.19545  37.3%   157  225s
  4261  2731 4367.04542   39  351 6287.21000 3949.31277  37.2%   157  233s
  4319  2862 5308.27930   75  105 6287.21000 3950.90120  37.2%   158  238s
  4497  2941 4372.70766   31  333 6287.21000 3952.66812  37.1%   155  243s
  4576  2991 5124.16667   46   58 6287.21000 3959.51996  37.0%   155  249s
  4650  3040     cutoff   90      6287.21000 3962.75259  37.0%   155  253s
  4702  3055 5257.75248   56  183 6287.21000 3962.75259  37.0%   157  262s
H 4710  2573                    5874.1300000 3962.75259  32.5%   157  262s
  4717  2610     cutoff   65      5874.13000 3963.33289  32.5%   157  266s
  4780  2689 4395.53199   37  267 5874.13000 3964.26253  32.5%   157  270s
  4859  2751 5310.71376   79   37 5874.13000 3964.34795  32.5%   158  275s
  4946  2784 infeasible  103      5874.13000 3965.20454  32.5%   158  280s
  4980  2868 5147.31312   47  247 5874.13000 3965.20454  32.5%   160  286s
  5121  2927     cutoff  100      5874.13000 3976.47935  32.3%   159  292s
  5196  3023 4188.54737   45  211 5874.13000 3977.71636  32.3%   160  297s
  5313  3118 4404.66817   40  228 5874.13000 3982.46879  32.2%   160  304s
  5420  3222 4056.21386   39  478 5874.13000 3982.46879  32.2%   160  310s
  5534  3340 4798.00847   57  238 5874.13000 3984.99928  32.2%   161  316s
  5696  3387 4054.84159   42  385 5874.13000 3985.08776  32.2%   160  322s
  5743  3493 4261.14794   49  332 5874.13000 3985.08776  32.2%   162  328s
  5852  3573 4866.96962   63  264 5874.13000 3985.08776  32.2%   162  349s
  5946  3662 5100.30981   82  197 5874.13000 3985.08776  32.2%   162  356s
  6053  3741 5359.38564  107  176 5874.13000 3986.51702  32.1%   163  362s
  6156  3860 4644.96600   47  132 5874.13000 3989.24012  32.1%   163  370s
  6297  3952 4318.62437   38  214 5874.13000 3992.47855  32.0%   163  377s
  6397  4053 5283.52673   82  101 5874.13000 3993.00038  32.0%   164  388s
  6514  4121 4946.37919   61  131 5874.13000 3993.45877  32.0%   163  395s
  6600  4188 4811.81132   42  185 5874.13000 3994.17351  32.0%   164  403s
  6675  4248 4460.08397   45  262 5874.13000 3994.32028  32.0%   166  410s
  6736  4351 5079.20663   69  214 5874.13000 3994.63353  32.0%   167  418s
* 6830  4324             110    5834.1200000 3996.48046  31.5%   167  418s
  6899  4419 4440.11789   43  203 5834.12000 3997.91318  31.5%   167  426s
  7005  4465 4594.99556   42  250 5834.12000 3997.91318  31.5%   168  434s
  7072  4498 4385.18794   46  430 5834.12000 3997.91318  31.5%   169  441s
  7107  4568 4235.43168   51  398 5834.12000 3997.91318  31.5%   171  449s
  7189  4644 4355.81811   58  309 5834.12000 3997.91318  31.5%   172  456s
  7265  4764 4634.06668   72  285 5834.12000 3997.91318  31.5%   173  466s
  7411  4936 5041.11422  101  154 5834.12000 4001.46803  31.4%   174  477s
  7631  5038 4313.18806   33  164 5834.12000 4003.46969  31.4%   173  488s
  7757  5145 4237.23941   36  386 5834.12000 4003.66829  31.4%   174  498s
  7880  5252 5580.35604   54  157 5834.12000 4005.22175  31.3%   175  509s
  8033  5414 4879.75677   50  264 5834.12000 4005.89710  31.3%   176  520s
  8225  5511 5567.27140   94   69 5834.12000 4008.47465  31.3%   176  531s
  8349  5625 4993.26903   59  199 5834.12000 4010.64580  31.3%   177  543s
  8506  5717 4978.58318   65  228 5834.12000 4012.73963  31.2%   177  554s
  8609  5911 4802.24249   46  148 5834.12000 4013.34309  31.2%   179  566s
  8834  6027     cutoff   77      5834.12000 4013.34309  31.2%   178  580s
  9012  6119 4395.97442   33  247 5834.12000 4019.83541  31.1%   178  590s
  9121  6324 4633.32668   37  363 5834.12000 4021.69339  31.1%   179  601s
  9368  6437     cutoff  115      5834.12000 4022.61852  31.1%   178  613s
  9494  6600 5071.88607   61  132 5834.12000 4024.08878  31.0%   179  625s
  9659  6863 5503.95033  120  126 5834.12000 4024.79732  31.0%   180  637s
  9988  7037 4498.89705   47  235 5834.12000 4026.31000  31.0%   178  650s
 10215  7198 4262.00468   40  267 5834.12000 4030.79883  30.9%   178  662s
 10423  7299 4667.73249   46  153 5834.12000 4034.35241  30.8%   177  674s
 10544  7480 4551.44446   45  232 5834.12000 4035.35169  30.8%   178  686s
 10767  7589 4762.75252   61  212 5834.12000 4035.46004  30.8%   177  734s
 10892  7713 5709.59619  117   88 5834.12000 4037.50580  30.8%   177  746s
 11060  7855 4973.31267   56  198 5834.12000 4039.04602  30.8%   177  758s
 11224  7973 5349.51149   59  168 5834.12000 4040.59272  30.7%   177  770s
 11365  8163 4610.57886   41  215 5834.12000 4042.58752  30.7%   178  782s
 11600  8205 4244.60668   49  415 5834.12000 4042.75392  30.7%   177  795s
 11642  8344 4384.45321   56  437 5834.12000 4042.75392  30.7%   179  807s
 11808  8479 4663.53221   72  240 5834.12000 4042.75392  30.7%   179  818s
 11958  8647 5229.90014  100  207 5834.12000 4043.51438  30.7%   179  830s
 12148  8746 5517.98794  108  110 5834.12000 4044.54920  30.7%   180  842s
 12306  8894 4712.13247   48  163 5834.12000 4050.14452  30.6%   180  854s
 12475  9017 5091.40499   52  139 5834.12000 4051.48854  30.6%   181  867s
 12642  9169 4978.99992   54  275 5834.12000 4052.48511  30.5%   181  879s
H12817  7698                    5531.1200000 4052.50174  26.7%   181  892s
 12970  7764 4374.52430   38  205 5531.12000 4053.78890  26.7%   180  904s
 13086  7851 4537.84419   36  355 5531.12000 4054.67176  26.7%   181  916s
 13196  8005 4626.70152   46  357 5531.12000 4054.67176  26.7%   182  930s
 13370  8139 5259.18653   64  182 5531.12000 4054.67176  26.7%   183  942s
 13546  8324 4309.47351   47  292 5531.12000 4060.41660  26.6%   183  955s
 13788  8407 4249.53277   30  325 5531.12000 4065.03189  26.5%   183  968s
 13920  8476 4978.70685   55  299 5531.12000 4065.45539  26.5%   183  980s
 14017  8622 4361.30232   46  343 5531.12000 4066.38164  26.5%   184  993s
 14189  8821 4596.80626   59  248 5531.12000 4066.38164  26.5%   184 1005s
 14420  8964 5488.05379   95  192 5531.12000 4068.20029  26.4%   184 1018s
 14620  9125 4774.78089   57  215 5531.12000 4070.47010  26.4%   184 1031s
 14803  9271 5077.12522   60  133 5531.12000 4070.96139  26.4%   185 1044s
 14851  9271 4523.14581   44  169 5531.12000 4070.96139  26.4%   185 1045s
 15012  9339 4225.27599   39  420 5531.12000 4072.42919  26.4%   184 1056s
 15080  9483 4613.63442   56  329 5531.12000 4072.42919  26.4%   186 1068s
 15226  9639 5352.24676   83  164 5531.12000 4072.57526  26.4%   187 1081s
 15453  9784 5468.12101   69  194 5531.12000 4073.75644  26.3%   186 1093s
 15618  9955 4651.07057   56  146 5531.12000 4074.94489  26.3%   187 1105s
 15836 10140 4271.58174   37  232 5531.12000 4076.38258  26.3%   186 1118s
 16052 10232 4547.73589   44  284 5531.12000 4077.45114  26.3%   186 1131s
 16155 10301 4661.72864   45  267 5531.12000 4077.54933  26.3%   187 1143s
 16240 10499 4912.87408   55  267 5531.12000 4077.79428  26.3%   188 1156s
 16506 10631 4699.44559   51  136 5531.12000 4078.75231  26.3%   188 1170s
 16668 10881 4775.79262   57  175 5531.12000 4080.79262  26.2%   188 1183s
 16968 10881 5333.79962   85  161 5531.12000 4082.21264  26.2%   188 1185s
 16971 11005 4825.09669   63  164 5531.12000 4083.96267  26.2%   188 1196s
 17148 11155 4449.33877   46  230 5531.12000 4085.54294  26.1%   188 1210s
 17326 11377 4995.87594   53  117 5531.12000 4086.06750  26.1%   188 1224s
 17412 11377 4555.69067   46   92 5531.12000 4086.09936  26.1%   188 1225s
 17605 11518 5290.65849   72   97 5531.12000 4086.39732  26.1%   187 1237s
 17812 11574 4258.32213   45  236 5531.12000 4087.11924  26.1%   187 1252s
 17876 11723 4343.07185   45  324 5531.12000 4087.16675  26.1%   188 1265s
 18069 11863 4299.31308   34  327 5531.12000 4087.57571  26.1%   188 1277s
 18228 12075 4719.06094   47  130 5531.12000 4088.03790  26.1%   188 1292s
 18487 12235 4504.21577   37  133 5531.12000 4088.50931  26.1%   188 1307s
 18669 12391 5006.42206   77  167 5531.12000 4088.71480  26.1%   188 1319s
 18706 12391 5261.48534  114  146 5531.12000 4088.71480  26.1%   188 1320s
 18881 12557 4139.44487   40  263 5531.12000 4090.30063  26.0%   188 1332s
 19098 12806 4491.98783   41  334 5531.12000 4092.00131  26.0%   188 1345s
 19443 12981 4485.10275   51  256 5531.12000 4093.74528  26.0%   187 1358s
 19653 13151 4660.69153   67   99 5531.12000 4093.98141  26.0%   187 1371s
 19861 13313 4830.18898   61   72 5531.12000 4095.30096  26.0%   187 1383s
 20075 13462 4726.51491   58  167 5531.12000 4098.66183  25.9%   187 1396s
 20248 13616 4609.05609   46  214 5531.12000 4100.35779  25.9%   187 1409s
 20366 13616 5309.87374  105   86 5531.12000 4100.35779  25.9%   187 1410s
 20425 13752 4312.71166   38  220 5531.12000 4100.62139  25.9%   188 1421s
 20579 13902 4243.58301   42  368 5531.12000 4100.67133  25.9%   188 1434s
 20633 13902 5306.78911   95  115 5531.12000 4100.67133  25.9%   188 1435s
 20781 14003 4609.29479   41  167 5531.12000 4100.68128  25.9%   188 1447s
 20888 14122 5471.68623   70  121 5531.12000 4100.91843  25.9%   189 1459s
 20957 14122 5138.30990   62   72 5531.12000 4100.91843  25.9%   189 1460s
 21078 14290 4443.41531   44  339 5531.12000 4101.96992  25.8%   189 1473s
 21288 14440 4479.24115   43  392 5531.12000 4102.79803  25.8%   189 1485s
 21466 14594 4624.97598   47  293 5531.12000 4103.33231  25.8%   189 1498s
 21678 14763 5083.14603   60  225 5531.12000 4104.46980  25.8%   189 1511s
 21882 14951 5071.86228   97  223 5531.12000 4105.97353  25.8%   189 1524s
 21999 14951 4282.97477   43  239 5531.12000 4106.42890  25.8%   189 1525s
 22114 15141 5026.98903   62   44 5531.12000 4106.43856  25.8%   189 1538s
 22358 15288 5341.37061   80  204 5531.12000 4107.49613  25.7%   189 1551s
 22545 15480 5446.78215  100   87 5531.12000 4108.67210  25.7%   189 1564s
 22657 15485 4858.68357   44   62 5531.12000 4108.67210  25.7%   188 1565s
 22843 15613     cutoff  106      5531.12000 4111.24407  25.7%   188 1579s
 22883 15613 4559.80042   37  282 5531.12000 4111.96030  25.7%   189 1580s
 23019 15771 4936.78818   46  246 5531.12000 4112.31738  25.7%   189 1593s
 23199 15897 4236.84059   48  471 5531.12000 4112.71392  25.6%   189 1605s
 23360 16033 4614.13401   47  259 5531.12000 4114.49544  25.6%   189 1618s
 23524 16168 4372.44706   42  481 5531.12000 4114.82272  25.6%   189 1630s
 23676 16294 4910.34094   62  162 5531.12000 4114.85413  25.6%   189 1642s
 23834 16488 4664.98697   39  233 5531.12000 4117.43805  25.6%   190 1655s
 24063 16666 4923.08752   74  112 5531.12000 4118.49608  25.5%   189 1668s
 24276 16802 4948.65146   68  275 5531.12000 4118.93765  25.5%   189 1681s
 24460 16926 5427.74811   91   94 5531.12000 4118.95373  25.5%   189 1694s
 24518 16926 5314.19716   83  116 5531.12000 4118.95373  25.5%   189 1695s
 24630 17098 4407.33010   51  282 5531.12000 4119.31364  25.5%   190 1707s
 24834 17259 4773.78548   62  180 5531.12000 4119.70114  25.5%   190 1719s
 24906 17259 4897.54115   67  216 5531.12000 4119.70114  25.5%   190 1720s
 25017 17452 5172.98403   79  166 5531.12000 4120.27143  25.5%   190 1734s
 25246 17601 4390.58163   40  262 5531.12000 4121.32125  25.5%   189 1747s
 25423 17676 5237.14395   75   87 5531.12000 4121.71227  25.5%   189 1769s
 25472 17676 4982.37894   70  138 5531.12000 4121.71227  25.5%   189 1770s
 25512 17845 5155.00922   78  120 5531.12000 4121.99436  25.5%   190 1784s
H25645 17572                    5496.7300000 4121.99436  25.0%   190 1785s
H25685 16785                    5434.0900000 4121.99436  24.1%   190 1785s
 25709 16883 4452.09920   53  315 5434.09000 4121.99436  24.1%   190 1796s
 25873 17024 4919.88331   75  249 5434.09000 4122.45532  24.1%   190 1808s
 26065 17199 4286.31266   39  248 5434.09000 4123.53632  24.1%   190 1821s
 26296 17388 4976.35897   64  171 5434.09000 4125.08786  24.1%   190 1834s
 26426 17388 5008.58778   68  130 5434.09000 4125.08786  24.1%   190 1835s
 26525 17557 5074.82716   75  151 5434.09000 4125.80058  24.1%   190 1847s
 26720 17671 4318.43495   37  294 5434.09000 4125.80058  24.1%   190 1861s
 26865 17747 4317.46421   47  341 5434.09000 4125.80058  24.1%   190 1872s
 26941 17884 4874.23275   67  291 5434.09000 4126.41946  24.1%   191 1884s
 27008 17884 4540.71091   51  260 5434.09000 4126.41946  24.1%   191 1885s
 27111 18054 4800.03209   57  217 5434.09000 4127.50761  24.0%   191 1898s
 27322 18196 5128.33993   73   33 5434.09000 4128.36759  24.0%   191 1910s
*27337 16704              88    5345.3900000 4128.36759  22.8%   191 1910s
 27521 16836 4952.26044   58  174 5345.39000 4128.92537  22.8%   191 1923s
 27690 16969 5123.72565   69  169 5345.39000 4129.28591  22.8%   191 1935s
 27856 17065 4404.42880   45  380 5345.39000 4130.58675  22.7%   191 1947s
 27952 17274 4663.76948   63  221 5345.39000 4131.15359  22.7%   192 1961s
 28211 17387 4551.51053   57  225 5345.39000 4131.49458  22.7%   192 1974s
 28363 17543 4559.38971   64  426 5345.39000 4132.24967  22.7%   192 1987s
 28558 17640 4553.81254   38  167 5345.39000 4133.38770  22.7%   192 1999s
 28603 17640 5170.62164   56   75 5345.39000 4133.38770  22.7%   192 2000s
 28676 17732     cutoff   61      5345.39000 4133.44109  22.7%   192 2011s
 28829 17857 4438.65295   40  358 5345.39000 4136.02934  22.6%   193 2024s
 28977 18019 4270.08870   47  379 5345.39000 4136.48785  22.6%   193 2037s
 29163 18166 4347.96074   39  241 5345.39000 4136.59366  22.6%   193 2049s
 29231 18166 4336.64912   53  218 5345.39000 4136.61425  22.6%   193 2050s
 29348 18359 4535.38714   47   92 5345.39000 4136.77263  22.6%   193 2062s
 29590 18468 4414.65336   42  321 5345.39000 4137.26094  22.6%   193 2075s
 29743 18619 4628.01405   61  196 5345.39000 4138.05683  22.6%   193 2088s
 29892 18619 4968.68645   90  204 5345.39000 4138.64402  22.6%   193 2090s
 29938 18718 5015.87094   73  225 5345.39000 4139.00977  22.6%   193 2101s
 30057 18844 4524.84348   59  249 5345.39000 4139.44370  22.6%   194 2114s
 30137 18844 5006.71580   90  140 5345.39000 4139.44370  22.6%   194 2115s
 30207 19010 4275.89057   39  331 5345.39000 4139.56265  22.6%   194 2128s
 30393 19137 5031.77311   56  169 5345.39000 4139.76932  22.6%   194 2142s
 30585 19232 4288.59540   44  311 5345.39000 4140.93844  22.5%   194 2154s
 30633 19232 5026.39905   68  183 5345.39000 4140.93844  22.5%   195 2155s
 30695 19392 4975.45183   69  206 5345.39000 4141.27088  22.5%   195 2169s
 30868 19393 5218.00481   94   38 5345.39000 4141.82477  22.5%   195 2170s
 30910 19473 4629.04139   45  227 5345.39000 4141.82477  22.5%   195 2181s
 31000 19609 4909.46959   59  319 5345.39000 4142.35733  22.5%   195 2194s
 31193 19704 4236.59994   48  551 5345.39000 4143.00196  22.5%   195 2207s
 31318 19962 5004.19877   61  222 5345.39000 4143.57367  22.5%   196 2221s
 31647 20068 4205.11346   46  517 5345.39000 4144.63740  22.5%   195 2234s
 31768 20210 4480.14911   52  299 5345.39000 4144.63740  22.5%   195 2248s
 31950 20275 4981.51284   59  141 5345.39000 4144.63740  22.5%   195 2261s
 32015 20382 4903.02002   75  270 5345.39000 4145.12698  22.5%   196 2274s
 32182 20473 4496.94094   46  223 5345.39000 4146.10377  22.4%   196 2286s
 32291 20570 4594.81157   38  150 5345.39000 4146.27175  22.4%   197 2300s
 32388 20672 5024.02094   69    9 5345.39000 4146.29106  22.4%   197 2313s
 32519 20756     cutoff   79      5345.39000 4146.80244  22.4%   197 2325s
 32628 20860     cutoff   82      5345.39000 4148.09488  22.4%   198 2339s
 32780 20982 4453.32485   42  152 5345.39000 4148.74760  22.4%   198 2352s
 32924 21135 4551.76169   55  196 5345.39000 4148.79279  22.4%   198 2365s
 33077 21295 5217.69157   90  139 5345.39000 4148.92609  22.4%   198 2378s
 33302 21380     cutoff   65      5345.39000 4149.26574  22.4%   198 2392s
 33421 21500 4765.30763   53  182 5345.39000 4150.38229  22.4%   199 2407s
 33562 21579 4484.04628   41  169 5345.39000 4151.10397  22.3%   199 2420s
H33623 16749                    5134.1200000 4151.10397  19.1%   199 2421s
 33655 16864 4584.12757   52  214 5134.12000 4151.19680  19.1%   199 2434s
 33705 16864 4943.80299   74  155 5134.12000 4151.19680  19.1%   199 2435s
 33791 16965     cutoff   75      5134.12000 4151.34602  19.1%   199 2448s
 33946 17085 4819.06811   54  270 5134.12000 4152.60456  19.1%   200 2462s
 34099 17181 4653.97857   41  258 5134.12000 4154.23645  19.1%   200 2475s
 34237 17235 4335.18025   39  361 5134.12000 4154.68395  19.1%   200 2487s
H34267 16320                    5098.7300000 4154.68395  18.5%   200 2488s
 34291 16458 4562.07651   51  289 5098.73000 4155.05296  18.5%   201 2501s
 34453 16552 4333.40042   51  311 5098.73000 4155.07744  18.5%   201 2514s
 34618 16647 4600.16375   47  259 5098.73000 4156.03117  18.5%   201 2527s
 34780 16708 4629.20326   35  235 5098.73000 4156.90715  18.5%   201 2542s
 34872 16785 4423.19649   37  334 5098.73000 4157.45061  18.5%   202 2556s
 34967 16877 4781.42084   40  293 5098.73000 4157.56898  18.5%   202 2568s
 35092 16966 4983.43399   68  110 5098.73000 4157.57871  18.5%   203 2581s
 35232 17111 4490.56066   44  310 5098.73000 4158.51697  18.4%   203 2594s
 35329 17111 4558.17575   54  499 5098.73000 4158.56831  18.4%   203 2595s
 35399 17223 4948.59968   75   66 5098.73000 4158.74945  18.4%   203 2608s
 35572 17363 4468.82573   51  201 5098.73000 4160.10295  18.4%   203 2622s
 35769 17462     cutoff   84      5098.73000 4160.60982  18.4%   203 2635s
 35878 17577 4859.15407   63  221 5098.73000 4161.58690  18.4%   203 2649s
 36026 17641 4402.83393   44  287 5098.73000 4161.68016  18.4%   204 2662s
 36094 17707 4960.64467   70  221 5098.73000 4161.73907  18.4%   204 2675s
 36190 17793 4923.23049   55  191 5098.73000 4161.82587  18.4%   205 2689s
 36258 17793 4709.16333   68  288 5098.73000 4162.39942  18.4%   205 2690s
 36320 17854 4627.56269   52  263 5098.73000 4162.39942  18.4%   205 2702s
 36432 17938 4202.64888   39  511 5098.73000 4163.59469  18.3%   205 2716s
 36536 18050 4573.12129   55  349 5098.73000 4164.16395  18.3%   206 2729s
 36692 18155 4661.32173   61  358 5098.73000 4165.30914  18.3%   206 2743s
 36839 18267 5008.89128   66  249 5098.73000 4166.08493  18.3%   206 2756s
 37004 18383 4429.44999   51  196 5098.73000 4167.23943  18.3%   206 2770s
 37144 18490 4795.99840   56  175 5098.73000 4167.98305  18.3%   206 2785s
 37302 18578 5040.58097   57  159 5098.73000 4168.77486  18.2%   207 2910s
 37419 18650 4288.78648   43  465 5098.73000 4169.75381  18.2%   207 2925s
 37526 18759 4652.73226   45  252 5098.73000 4170.09240  18.2%   207 2939s
 37670 18846 4298.87453   42  353 5098.73000 4170.46146  18.2%   207 2953s
 37791 18947 4773.70658   54  273 5098.73000 4171.33315  18.2%   208 2967s
 37945 19055 4450.47710   56  433 5098.73000 4171.81277  18.2%   208 2980s
 38080 19199 5008.46446   78  148 5098.73000 4172.34671  18.2%   208 2994s
 38295 19318 4775.97666   52  181 5098.73000 4173.31367  18.1%   208 3010s
 38526 19460 4855.15925   61   82 5098.73000 4173.94929  18.1%   208 3024s
 38662 19460 4697.57418   39  235 5098.73000 4174.36138  18.1%   208 3025s
 38740 19601 4599.10368   45  223 5098.73000 4174.42436  18.1%   208 3039s
 38918 19726 4653.96702   39  272 5098.73000 4174.85604  18.1%   208 3052s
 39071 19851 4498.01229   43  209 5098.73000 4175.76855  18.1%   208 3067s
 39243 19952 4979.52439   73  113 5098.73000 4177.01239  18.1%   209 3081s
 39397 20008 4605.11397   51  530 5098.73000 4178.05482  18.1%   209 3096s
 39469 20129 4340.50168   54  281 5098.73000 4178.28717  18.1%   209 3110s
 39727 20214 4412.73520   43  199 5098.73000 4178.44432  18.0%   209 3125s
 39812 20340 4678.43389   65  143 5098.73000 4178.51695  18.0%   210 3139s
 39850 20340 4971.52710   85   36 5098.73000 4178.51695  18.0%   210 3140s
 39988 20491 4907.17949   66  216 5098.73000 4179.18359  18.0%   210 3154s
 40132 20491 4743.90525   83  194 5098.73000 4180.19790  18.0%   210 3155s
 40206 20630 4528.61435   37  171 5098.73000 4180.45064  18.0%   210 3168s
 40393 20736 4641.72456   44  244 5098.73000 4180.92379  18.0%   210 3183s
 40534 20851     cutoff   67      5098.73000 4181.20398  18.0%   210 3197s
 40703 20952 4632.84275   57  237 5098.73000 4182.77401  18.0%   210 3211s
 40821 21057 4698.51927   51  156 5098.73000 4182.98449  18.0%   211 3225s
 40969 21118 4295.81904   44  521 5098.73000 4182.99410  18.0%   211 3240s
 41056 21183 4791.87413   57  210 5098.73000 4183.12729  18.0%   212 3253s
 41142 21349 4513.06998   45  295 5098.73000 4183.86377  17.9%   212 3269s
 41355 21363 5014.45101   70  104 5098.73000 4184.46666  17.9%   212 3270s
 41382 21454     cutoff  112      5098.73000 4184.52846  17.9%   212 3283s
 41501 21618 4640.39204   43  118 5098.73000 4185.03205  17.9%   212 3298s
 41706 21723 4429.55833   43  388 5098.73000 4185.44267  17.9%   212 3313s
 41849 21850 4557.64513   39  265 5098.73000 4185.58696  17.9%   213 3327s
 42024 21950 4705.17188   35  269 5098.73000 4185.75286  17.9%   213 3344s
 42126 22063 4968.44379   49  218 5098.73000 4185.75622  17.9%   213 3358s
 42332 22164 4591.70542   47  284 5098.73000 4185.82374  17.9%   213 3372s
 42457 22296 4697.06179   68  320 5098.73000 4186.08787  17.9%   214 3385s
 42641 22371 4281.24994   42  418 5098.73000 4186.21439  17.9%   214 3399s
 42735 22467 4621.02923   48  428 5098.73000 4186.97753  17.9%   214 3413s
 42881 22587 4573.18434   59  228 5098.73000 4187.03950  17.9%   215 3428s
 43069 22704 4760.60470   39  122 5098.73000 4187.39538  17.9%   215 3444s
 43256 22795 4189.18323   35  594 5098.73000 4188.36779  17.9%   215 3458s
 43367 22878 4595.03402   44  505 5098.73000 4188.36779  17.9%   215 3473s
 43476 23017 4663.70763   54  332 5098.73000 4188.36779  17.9%   216 3487s
 43651 23094 4976.32683   78  285 5098.73000 4188.89745  17.8%   216 3502s
 43758 23269 4566.22935   69  198 5098.73000 4189.23534  17.8%   216 3517s
 43983 23368 4496.72008   38  308 5098.73000 4189.65699  17.8%   216 3531s
 44113 23468 4890.70463   50   77 5098.73000 4190.26785  17.8%   216 3546s
 44227 23596 4692.36010   40  149 5098.73000 4190.35500  17.8%   217 3561s
 44415 23730     cutoff   71      5098.73000 4190.49500  17.8%   217 3576s
 44655 23856     cutoff   67      5098.73000 4191.39917  17.8%   217 3592s
 44825 23904 4831.50445   57  389 5098.73000 4191.85131  17.8%   217 3600s

Cutting planes:
  User: 4638
  Gomory: 20
  Cover: 393
  Implied bound: 34
  Projected implied bound: 40
  Clique: 4
  MIR: 96
  Flow cover: 312
  Zero half: 6
  RLT: 261
  Relax-and-lift: 8
  Lazy constraints: 1132

Explored 44881 nodes (9758483 simplex iterations) in 3600.36 seconds
Thread count was 2 (of 32 available processors)

Solution count 10: 5098.73 5134.12 5345.39 ... 6338.6

Time limit reached
Best objective 5.098730000000e+03, best bound 4.191851312712e+03, gap 17.7864%

User-callback calls 432403, time in user-callback 254.62 sec
================================================================================
executing instance: ./input/Instances/Original/4/absH3low_3n10.dat
--------------------------------------------------------------------------------
Instance details
n	11
H	3
C	687
Li:
[0, 0, 0, 0, 0, 0, 0, 0, 0, 0, 0, ]
Ui:
[0, 189, 44, 174, 78, 36, 198, 117, 42, 96, 240, ]
Distance matrix:
|0	209	255	286	142	156	285	317	182	161	135	|
|209	0	464	451	315	356	490	469	361	299	260	|
|255	464	0	221	202	130	74	280	189	254	273	|
|286	451	221	0	145	156	164	479	354	153	192	|
|142	315	202	145	0	73	194	388	250	53	73	|
|156	356	130	156	73	0	134	332	200	127	144	|
|285	490	74	164	194	134	0	353	256	239	267	|
|317	469	280	479	388	332	353	0	141	436	430	|
|182	361	189	354	250	200	256	141	0	296	289	|
|161	299	254	153	53	127	239	436	296	0	39	|
|135	260	273	192	73	144	267	430	289	39	0	|

--------------------------------------------------------------------------------
Building model...
	using lazy and cut (CVRPSEP package)
Solving IRP LP...
--------------------------------------------------------------------------------

Gurobi 9.1.0 (linux64) logging started Sun Jan 10 02:24:24 2021

Gurobi Optimizer version 9.1.0 build v9.1.0rc0 (linux64)
Thread count: 32 physical cores, 32 logical processors, using up to 2 threads
Optimize a model with 449 rows, 1184 columns and 3344 nonzeros
Model fingerprint: 0x1fb0e288
Variable types: 194 continuous, 990 integer (165 binary)
Coefficient statistics:
  Matrix range     [1e+00, 2e+02]
  Objective range  [1e-02, 5e+02]
  Bounds range     [1e+00, 2e+02]
  RHS range        [2e+01, 1e+03]
Presolve removed 44 rows and 11 columns
Presolve time: 0.01s
Presolved: 405 rows, 1173 columns, 3009 nonzeros
Variable types: 183 continuous, 990 integer (840 binary)
Found heuristic solution: objective 6256.5200000

Root relaxation: objective 2.071068e+03, 875 iterations, 0.02 seconds

    Nodes    |    Current Node    |     Objective Bounds      |     Work
 Expl Unexpl |  Obj  Depth IntInf | Incumbent    BestBd   Gap | It/Node Time

     0     0 2071.06755    0   67 6256.52000 2071.06755  66.9%     -    0s
     0     0 2368.06241    0   70 6256.52000 2368.06241  62.2%     -    0s
H    0     0                    4601.9400000 2368.06241  48.5%     -    0s
H    0     0                    4289.2000000 2368.06241  44.8%     -    0s
     0     0 2560.17892    0   97 4289.20000 2560.17892  40.3%     -    0s
     0     0 2592.76982    0  116 4289.20000 2592.76982  39.6%     -    0s
     0     0 2599.07143    0  118 4289.20000 2599.07143  39.4%     -    0s
     0     0 2599.18722    0  115 4289.20000 2599.18722  39.4%     -    0s
     0     0 2710.28653    0  104 4289.20000 2710.28653  36.8%     -    0s
     0     0 2717.43824    0  114 4289.20000 2717.43824  36.6%     -    0s
     0     0 2717.54794    0  111 4289.20000 2717.54794  36.6%     -    0s
     0     0 2862.79428    0  108 4289.20000 2862.79428  33.3%     -    0s
     0     0 2864.33210    0  100 4289.20000 2864.33210  33.2%     -    0s
     0     0 2868.23688    0  149 4289.20000 2868.23688  33.1%     -    0s
     0     0 2869.79309    0  159 4289.20000 2869.79309  33.1%     -    0s
     0     0 2874.55768    0  133 4289.20000 2874.55768  33.0%     -    0s
     0     0 2874.96172    0  139 4289.20000 2874.96172  33.0%     -    0s
     0     0 2961.98422    0  141 4289.20000 2961.98422  30.9%     -    0s
     0     0 2970.50459    0  143 4289.20000 2970.50459  30.7%     -    0s
     0     0 2971.05027    0  135 4289.20000 2971.05027  30.7%     -    0s
