




arguments: ./build/mirp_solver -f ./input/orig_exec_66.cfg
Current dir: /scratch/gui/bnc_mirp
File verbosity level: 9
date       time         ( uptime  ) [ thread name/id ]                   file:line     v| 
2021-01-09 06:57:02.893 (   0.103s) [main thread     ]             loguru.cpp:789   INFO| Logging to './output/vi_vc/OU/V5/Original/execution_09_01_2021_06_57_02.log', mode: 'a', verbosity: 9
--------------------------------------------------------------------------------
Parameters
                           instance_path           ./input/Instances/Original/2/
                            model_policy                                       1
                             nb_vehicles                                       5
                              output_dir          ./output/vi_vc/OU/V5/Original/
                            sec_strategy                                       1
                       solver_nb_threads                                       2
                         solver_show_log                                    true
                       solver_time_limit                                    3600
                              use_vi_cos                                   false
                              use_vi_cus                                   false
                         use_vi_hc1_full                                   false
                         use_vi_hc1_half                                   false
                      use_vi_hc1_quarter                                   false
                              use_vi_hc2                                   false
                              use_vi_hc3                                   false
                         use_vi_lex_full                                   false
                         use_vi_lex_half                                   false
                      use_vi_lex_quarter                                   false
                              use_vi_qua                                   false
                               use_vi_vc                                    true
                               use_vi_vr                                   false
--------------------------------------------------------------------------------
executing instance: ./input/Instances/Original/2/absH3high_3n40.dat
--------------------------------------------------------------------------------
Instance details
n	41
H	3
C	3283
Li:
[0, 0, 0, 0, 0, 0, 0, 0, 0, 0, 0, 0, 0, 0, 0, 0, 0, 0, 0, 0, 0, 0, 0, 0, 0, 0, 0, 0, 0, 0, 0, 0, 0, 0, 0, 0, 0, 0, 0, 0, 0, ]
Ui:
[0, 63, 111, 99, 96, 111, 282, 122, 156, 261, 42, 192, 126, 42, 162, 207, 159, 122, 102, 190, 118, 102, 132, 102, 165, 252, 66, 52, 22, 114, 210, 176, 116, 294, 78, 152, 210, 45, 130, 198, 174, ]
Distance matrix:
|0	208	225	252	227	143	258	127	267	150	28	83	163	286	57	149	201	137	214	255	70	73	107	186	328	266	249	343	222	177	293	144	262	215	167	120	169	218	143	173	255	|
|208	0	397	355	416	198	216	99	211	275	193	172	97	166	240	225	362	109	277	314	182	216	273	374	298	208	319	161	14	103	93	120	58	196	152	156	372	227	260	218	453	|
|225	397	0	427	53	364	482	343	492	129	253	225	382	386	171	188	39	291	187	195	295	182	282	55	326	491	180	551	408	315	457	366	455	275	392	244	221	439	341	214	101	|
|252	355	427	0	401	158	201	263	219	396	234	328	259	498	299	400	420	354	465	506	205	324	152	374	574	219	499	393	366	389	446	235	378	456	205	359	224	150	111	423	400	|
|227	416	53	401	0	357	477	352	489	165	253	245	389	424	179	223	85	315	234	245	293	200	264	42	375	488	231	565	428	344	484	370	474	314	392	270	184	430	325	252	50	|
|143	198	364	158	357	0	121	105	134	290	116	196	103	342	200	276	343	205	343	385	74	210	112	319	432	133	382	265	209	237	290	78	226	313	57	220	232	75	69	292	375	|
|258	216	482	201	477	121	0	168	18	397	230	293	135	381	314	372	459	275	437	480	188	317	228	439	501	18	479	197	222	296	290	132	212	386	95	306	347	58	173	381	496	|
|127	99	343	263	352	105	168	0	171	239	105	130	40	237	173	206	313	109	270	312	84	164	175	310	337	169	313	216	112	135	192	37	142	220	77	138	280	155	162	213	382	|
|267	211	492	219	489	134	18	171	0	404	240	298	136	376	323	376	468	276	441	483	198	324	243	450	500	2	483	181	215	294	281	136	202	386	102	309	363	75	189	384	509	|
|150	275	129	396	165	290	397	239	404	0	175	110	279	259	97	59	91	166	84	116	217	80	245	130	226	402	106	434	286	187	329	269	333	149	302	119	244	364	291	87	213	|
|28	193	253	234	253	116	230	105	240	175	0	94	139	286	84	167	229	136	234	275	43	96	98	212	341	238	271	320	206	175	281	118	244	225	140	128	180	191	124	189	280	|
|83	172	225	328	245	196	293	130	298	110	94	0	169	209	77	80	191	71	147	189	127	45	189	203	247	296	187	327	184	106	241	162	230	132	198	38	242	266	217	96	285	|
|163	97	382	259	389	103	135	40	136	279	139	169	0	253	212	244	353	141	307	349	110	203	194	347	366	133	350	183	107	161	187	27	124	251	56	175	306	133	169	249	418	|
|286	166	386	498	424	342	381	237	376	259	286	209	253	0	284	201	347	151	210	230	299	247	383	387	155	374	242	290	162	112	129	270	192	113	308	172	451	386	391	172	471	|
|57	240	171	299	179	200	314	173	323	97	84	77	212	284	0	112	145	147	170	208	127	38	148	137	299	321	201	386	253	183	315	195	297	195	222	112	171	275	195	142	214	|
|149	225	188	400	223	276	372	206	376	59	167	80	244	201	112	0	149	117	67	110	205	78	254	186	187	374	108	387	235	132	272	240	283	93	277	71	279	346	291	32	270	|
|201	362	39	420	85	343	459	313	468	91	229	191	353	347	145	149	0	254	149	160	272	150	271	66	290	466	146	518	373	278	419	339	420	235	367	207	227	418	327	175	135	|
|137	109	291	354	315	205	275	109	276	166	136	71	141	151	147	117	254	0	172	212	151	116	232	273	229	274	215	270	119	39	170	145	167	111	186	47	305	263	245	113	356	|
|214	277	187	465	234	343	437	270	441	84	234	147	307	210	170	67	149	172	0	42	272	141	317	205	144	439	43	437	284	175	307	305	331	99	343	132	327	413	357	60	283	|
|255	314	195	506	245	385	480	312	483	116	275	189	349	230	208	110	160	212	42	0	314	182	356	222	132	481	15	474	321	212	337	347	367	126	385	174	358	455	398	100	295	|
|70	182	295	205	293	74	188	84	198	217	43	127	110	299	127	205	272	151	272	314	0	137	91	253	370	196	310	292	195	188	274	85	226	252	99	155	197	148	94	223	316	|
|73	216	182	324	200	210	317	164	324	80	96	45	203	247	38	78	150	116	141	182	137	0	176	158	263	323	176	369	229	150	286	191	274	157	223	77	208	284	216	106	239	|
|107	273	282	152	264	112	228	175	243	245	98	189	194	383	148	254	271	232	317	356	91	176	0	231	435	242	349	371	286	271	365	167	315	321	164	224	120	174	61	280	274	|
|186	374	55	374	42	319	439	310	450	130	212	203	347	387	137	186	66	273	205	222	253	158	231	0	348	448	208	523	386	303	442	329	431	279	352	229	167	392	291	217	85	|
|328	298	326	574	375	432	501	337	500	226	341	247	366	155	299	187	290	229	144	132	370	263	435	348	0	498	147	441	299	206	283	374	338	119	414	215	465	492	463	157	425	|
|266	208	491	219	488	133	18	169	2	402	238	296	133	374	321	374	466	274	439	481	196	323	242	448	498	0	481	180	213	292	278	134	200	384	100	307	362	75	188	381	508	|
|249	319	180	499	231	382	479	313	483	106	271	187	350	242	201	108	146	215	43	15	310	176	349	208	147	481	0	480	326	217	346	347	373	135	385	175	347	454	392	103	280	|
|343	161	551	393	565	265	197	216	181	434	320	327	183	290	386	387	518	270	437	474	292	369	371	523	441	180	480	0	153	263	163	207	107	352	208	317	487	244	334	379	598	|
|222	14	408	366	428	209	222	112	215	286	206	184	107	162	253	235	373	119	284	321	195	229	286	386	299	213	326	153	0	109	81	132	48	201	162	167	386	236	272	226	466	|
|177	103	315	389	344	237	296	135	294	187	175	106	161	112	183	132	278	39	175	212	188	150	271	303	206	292	217	263	109	0	142	171	156	95	211	74	344	289	281	118	386	|
|293	93	457	446	484	290	290	192	281	329	281	241	187	129	315	272	419	170	307	337	274	286	365	442	283	278	346	163	81	142	0	212	79	211	241	214	461	311	353	254	525	|
|144	120	366	235	370	78	132	37	136	269	118	162	27	270	195	240	339	145	305	347	85	191	167	329	374	134	347	207	132	171	212	0	151	257	40	174	280	119	142	248	398	|
|262	58	455	378	474	226	212	142	202	333	244	230	124	192	297	283	420	167	331	367	226	274	315	431	338	200	373	107	48	156	79	151	0	245	173	214	421	237	293	273	510	|
|215	196	275	456	314	313	386	220	386	149	225	132	251	113	195	93	235	111	99	126	252	157	321	279	119	384	135	352	201	95	211	257	245	0	297	97	365	374	345	62	362	|
|167	152	392	205	392	57	95	77	102	302	140	198	56	308	222	277	367	186	343	385	99	223	164	352	414	100	385	208	162	211	241	40	173	297	0	213	283	79	126	287	415	|
|120	156	244	359	270	220	306	138	309	119	128	38	175	172	112	71	207	47	132	174	155	77	224	229	215	307	175	317	167	74	214	174	214	97	213	0	280	286	248	75	313	|
|169	372	221	224	184	232	347	280	363	244	180	242	306	451	171	279	227	305	327	358	197	208	120	167	465	362	347	487	386	344	461	280	421	365	283	280	0	291	175	310	176	|
|218	227	439	150	430	75	58	155	75	364	191	266	133	386	275	346	418	263	413	455	148	284	174	392	492	75	454	244	236	289	311	119	237	374	79	286	291	0	116	359	445	|
|143	260	341	111	325	69	173	162	189	291	124	217	169	391	195	291	327	245	357	398	94	216	61	291	463	188	392	334	272	281	353	142	293	345	126	248	175	116	0	313	335	|
|173	218	214	423	252	292	381	213	384	87	189	96	249	172	142	32	175	113	60	100	223	106	280	217	157	381	103	379	226	118	254	248	273	62	287	75	310	359	313	0	300	|
|255	453	101	400	50	375	496	382	509	213	280	285	418	471	214	270	135	356	283	295	316	239	274	85	425	508	280	598	466	386	525	398	510	362	415	313	176	445	335	300	0	|

--------------------------------------------------------------------------------
Building model...
	using lazy and cut (CVRPSEP package)
Solving IRP LP...
--------------------------------------------------------------------------------

Gurobi 9.1.0 (linux64) logging started Sat Jan  9 06:57:03 2021

Gurobi Optimizer version 9.1.0 build v9.1.0rc0 (linux64)
Thread count: 32 physical cores, 32 logical processors, using up to 2 threads
Optimize a model with 1649 rows, 13679 columns and 31184 nonzeros
Model fingerprint: 0x88accfaf
Variable types: 764 continuous, 12915 integer (615 binary)
Coefficient statistics:
  Matrix range     [1e+00, 7e+02]
  Objective range  [1e-01, 6e+02]
  Bounds range     [1e+00, 3e+02]
  RHS range        [1e+01, 6e+03]
Presolve removed 164 rows and 41 columns
Presolve time: 0.07s
Presolved: 1485 rows, 13638 columns, 29859 nonzeros
Variable types: 723 continuous, 12915 integer (12315 binary)

Root relaxation: objective 1.246256e+04, 2104 iterations, 0.09 seconds

    Nodes    |    Current Node    |     Objective Bounds      |     Work
 Expl Unexpl |  Obj  Depth IntInf | Incumbent    BestBd   Gap | It/Node Time

     0     0 12462.5564    0  143          - 12462.5564      -     -    0s
     0     0 12967.8749    0  180          - 12967.8749      -     -    0s
     0     0 12981.6708    0  212          - 12981.6708      -     -    0s
     0     0 12991.2775    0  208          - 12991.2775      -     -    1s
     0     0 13487.6291    0  288          - 13487.6291      -     -    1s
     0     0 13589.4102    0  227          - 13589.4102      -     -    1s
     0     0 13590.9372    0  218          - 13590.9372      -     -    1s
     0     0 13590.9438    0  230          - 13590.9438      -     -    1s
     0     0 13725.5034    0  266          - 13725.5034      -     -    2s
     0     0 13733.3244    0  301          - 13733.3244      -     -    2s
     0     0 13738.3381    0  320          - 13738.3381      -     -    2s
     0     0 13738.9035    0  308          - 13738.9035      -     -    2s
     0     0 13802.9166    0  339          - 13802.9166      -     -    2s
     0     0 13816.0206    0  321          - 13816.0206      -     -    3s
     0     0 13816.8297    0  350          - 13816.8297      -     -    3s
     0     0 13870.0319    0  326          - 13870.0319      -     -    3s
     0     0 13891.3095    0  378          - 13891.3095      -     -    4s
     0     0 13896.7641    0  383          - 13896.7641      -     -    4s
     0     0 13905.5504    0  377          - 13905.5504      -     -    4s
     0     0 13908.5602    0  340          - 13908.5602      -     -    4s
     0     0 13910.0341    0  373          - 13910.0341      -     -    4s
     0     0 13940.2874    0  402          - 13940.2874      -     -    5s
     0     0 13945.9564    0  432          - 13945.9564      -     -    5s
     0     0 13955.1319    0  396          - 13955.1319      -     -    5s
     0     0 13967.3802    0  388          - 13967.3802      -     -    5s
     0     0 13969.1644    0  418          - 13969.1644      -     -    6s
     0     0 13985.7581    0  427          - 13985.7581      -     -    6s
     0     0 13990.2069    0  422          - 13990.2069      -     -    6s
     0     0 13990.5127    0  416          - 13990.5127      -     -    6s
     0     0 14000.7130    0  476          - 14000.7130      -     -    7s
     0     0 14000.7130    0  419          - 14000.7130      -     -    7s
     0     2 14000.7130    0  403          - 14000.7130      -     -   10s
    22    25 14041.6442    7  465          - 14004.9625      -   641   15s
    57    62 14110.8821   17  369          - 14004.9625      -   578   20s
    81    83 14359.6488   21  476          - 14004.9625      -   605   26s
   116   122 14656.4680   30  199          - 14004.9625      -   570   30s
   184   200 14870.0016   46  180          - 14004.9625      -   461   35s
   265   289 15422.2287   66  166          - 14004.9625      -   398   40s
   333   377 15780.6440   86  119          - 14004.9625      -   359   45s
   507   576 16246.5721  121   91          - 14004.9625      -   267   50s
   763   886 17015.0525  174   48          - 14004.9625      -   193   56s
   966  1037 18440.0630  256   20          - 14004.9625      -   160   60s
* 1199  1139             430    21621.860000 14004.9625  35.2%   134   64s
* 1202  1139             431    21604.860000 14004.9625  35.2%   134   64s
  1205  1139 19827.9211  352    9 21604.8600 14004.9625  35.2%   136   66s
  1235  1180 20063.8187  372   16 21604.8600 14007.4145  35.2%   134   70s
  1258  1183 15032.8241   63  419 21604.8600 14007.4145  35.2%   138   76s
H 1259  1124                    21415.020000 14007.4145  34.6%   138   77s
  1261  1125 18244.1450  247  258 21415.0200 14007.4145  34.6%   138   80s
  1270  1131 17305.7336  167  492 21415.0200 14127.6110  34.0%   137   85s
  1281  1138 16653.4980  146  453 21415.0200 14160.8191  33.9%   136   90s
H 1286  1085                    20737.600000 14181.6529  31.6%   135   95s
  1296  1091 20650.5500  386  460 20737.6000 14190.1170  31.6%   134  100s
  1305  1097 17706.4515  195  480 20737.6000 14193.8531  31.6%   133  105s
  1314  1103 17314.5295  183  402 20737.6000 14194.1759  31.6%   132  110s
H 1317  1051                    20439.200000 14194.1759  30.6%   162  111s
  1322  1054 18769.6870  307  354 20439.2000 14194.1759  30.6%   162  115s
  1331  1060 16290.8392  130  352 20439.2000 14198.0450  30.5%   161  120s
H 1335  1010                    20359.200000 14199.0114  30.3%   160  123s
  1340  1013 15989.1540   99  450 20359.2000 14199.9575  30.3%   160  125s
  1347  1018 15871.8219  119  475 20359.2000 14200.3906  30.3%   159  130s
  1354  1022 17463.7350  196  472 20359.2000 14200.6517  30.2%   158  138s
  1356  1024 17061.9372  177  472 20359.2000 14200.6517  30.2%   158  142s
  1357  1027 14204.9338   25  556 20359.2000 14200.7226  30.2%   177  149s
  1359  1029 14205.3672   26  590 20359.2000 14205.3672  30.2%   178  155s
  1365  1033 14488.0952   27  298 20359.2000 14205.9449  30.2%   184  161s
  1371  1038 14222.5030   29  572 20359.2000 14214.5762  30.2%   190  165s
  1380  1044 14311.6626   30  474 20359.2000 14237.1794  30.1%   198  170s
  1392  1053 14282.2868   33  485 20359.2000 14240.0223  30.1%   206  176s
  1401  1060 14291.3620   35  528 20359.2000 14240.0223  30.1%   214  180s
  1413  1069 14333.4787   37  362 20359.2000 14240.0223  30.1%   223  186s
  1431  1082 14364.0024   42  447 20359.2000 14240.0223  30.1%   234  191s
  1442  1089 14400.0617   44  505 20359.2000 14240.0223  30.1%   240  196s
  1466  1104 14487.6767   50  316 20359.2000 14240.0223  30.1%   252  202s
  1482  1129 14460.1820   55  321 20359.2000 14240.0223  30.1%   258  206s
  1505  1136 14475.9003   60  352 20359.2000 14240.0223  30.1%   261  210s
  1531  1149 14513.0086   66  357 20359.2000 14240.0223  30.1%   270  215s
  1562  1168 14700.4944   73  286 20359.2000 14240.0223  30.1%   280  223s
  1568  1186 14561.4511   75  349 20359.2000 14240.0223  30.1%   281  225s
  1588  1192 14763.2534   80  278 20359.2000 14240.0223  30.1%   287  230s
  1619  1210 14853.1514   88  350 20359.2000 14240.0223  30.1%   297  237s
  1650  1225 14745.2059   95  298 20359.2000 14240.0223  30.1%   304  252s
  1654  1243 14757.6796   96  295 20359.2000 14240.0223  30.1%   305  255s
  1674  1271 14820.6391  100  261 20359.2000 14240.0223  30.1%   308  260s
  1708  1302 14812.7021  107  293 20359.2000 14240.0223  30.1%   311  265s
  1783  1353 14875.1370  121  250 20359.2000 14240.0223  30.1%   313  273s
  1827  1387 14951.2403  129  219 20359.2000 14240.0223  30.1%   314  278s
  1875  1418 15071.5696  141  296 20359.2000 14240.0223  30.1%   315  282s
  1922  1445 15386.7891  151  285 20359.2000 14240.0223  30.1%   316  289s
  1965  1443 15233.9497  162  245 20359.2000 14240.0223  30.1%   318  308s
  1977  1489 15280.7238  162  245 20359.2000 14240.0223  30.1%   318  313s
  2027  1513 15505.8320  175  262 20359.2000 14240.0223  30.1%   318  318s
  2068  1542 15337.5514  184  214 20359.2000 14240.0223  30.1%   321  323s
  2111  1577 15280.2526  195  286 20359.2000 14240.0223  30.1%   323  329s
  2160  1613 15286.1935  207  295 20359.2000 14240.0223  30.1%   325  335s
  2212  1650 15292.9086  220  259 20359.2000 14240.0223  30.1%   327  341s
  2267  1678 15304.5145  233  234 20359.2000 14240.0223  30.1%   328  347s
  2313  1733 15311.6323  243  252 20359.2000 14240.0223  30.1%   328  352s
  2383  1756 15321.2202  256  263 20359.2000 14240.0223  30.1%   327  360s
  2430  1784 15601.2308  264  248 20359.2000 14240.0223  30.1%   327  366s
  2473  1840 15326.8033  268  252 20359.2000 14240.0223  30.1%   327  374s
  2544  1908 15353.8348  284  284 20359.2000 14240.0223  30.1%   327  380s
  2635  1911 15367.0801  300  270 20359.2000 14240.0223  30.1%   327  398s
  2669  1995 15463.3977  307  288 20359.2000 14240.0223  30.1%   328  405s
  2764  2060 16225.0050  326  279 20359.2000 14240.0223  30.1%   328  413s
  2861  2156 15401.4990  346  279 20359.2000 14240.0223  30.1%   329  421s
  2991  2251 15427.8543  366  273 20359.2000 14240.0223  30.1%   325  431s
  3129  2435 15453.2701  391  234 20359.2000 14240.0223  30.1%   320  441s
  3359  2492 15625.9493  417  250 20359.2000 14240.0223  30.1%   309  455s
  3571  2452 15759.8872  444  271 20359.2000 14251.4815  30.0%   301  465s
  3651  2434 14417.3989   31  464 20359.2000 14251.4815  30.0%   303  475s
  3659  2445 14305.9666   31  543 20359.2000 14251.4815  30.0%   308  482s
  3673  2455 14329.3374   36  467 20359.2000 14251.4815  30.0%   312  490s
  3688  2465 14352.8743   38  346 20359.2000 14251.4815  30.0%   318  499s
  3703  2490 14371.6034   42  217 20359.2000 14251.4815  30.0%   321  507s
H 3710  2436                    19820.700000 14251.4815  28.1%   321  507s
  3733  2454 14618.2031   50  308 19820.7000 14251.4815  28.1%   326  516s
  3759  2503 14720.3731   56  254 19820.7000 14251.4815  28.1%   330  525s
  3816  2540 14939.7939   70  248 19820.7000 14251.4815  28.1%   333  534s
  3839  2532 14949.6649   82  204 19820.7000 14251.4815  28.1%   333  535s
  3872  2560 14994.8825   88  219 19820.7000 14251.4815  28.1%   335  546s
  3911  2663 15103.2239   99  178 19820.7000 14251.4815  28.1%   335  556s
  4027  2785 15255.4745  151  169 19820.7000 14251.4815  28.1%   333  569s
  4125  2753 15452.5259  214   74 19820.7000 14251.4815  28.1%   329  571s
  4188  2956 15441.6645  219  164 19820.7000 14251.4815  28.1%   328  584s
  4216  2946 15693.5156  234  132 19820.7000 14251.4815  28.1%   327  585s
H 4417  3147                    18492.370000 14251.4815  22.9%   318  602s
  4630  3147 15801.9379  194  170 18492.3700 14251.4815  22.9%   310  605s
  4640  3267 infeasible  466      18492.3700 14251.4994  22.9%   310  617s
  4790  3353 14489.5405   36  439 18492.3700 14251.4994  22.9%   311  631s
  4882  3496 14519.6160   43  411 18492.3700 14251.4994  22.9%   313  645s
  5029  3701 14705.7014   56  342 18492.3700 14251.4994  22.9%   313  662s
  5292  3780 14912.2726   67  369 18492.3700 14251.4994  22.9%   306  677s
  5416  3836 15061.7741   82  349 18492.3700 14251.4994  22.9%   305  691s
  5472  3923 15193.2874  103  305 18492.3700 14251.4994  22.9%   308  704s
  5496  3923 15287.0274  113  203 18492.3700 14251.4994  22.9%   309  705s
  5559  4139 15383.3811  120  218 18492.3700 14251.4994  22.9%   310  721s
  5775  4405 15656.5991  184  157 18492.3700 14251.4994  22.9%   306  779s
  5873  4405 15916.1626  223   99 18492.3700 14251.4994  22.9%   303  780s
  6041  5162 16015.2978  231  110 18492.3700 14262.1837  22.9%   298  807s
  6219  5162 16262.9451  370   96 18492.3700 14262.1837  22.9%   291  810s
  6877  5204 14378.4461   34  401 18492.3700 14262.1837  22.9%   271  832s
  6965  5245 14614.6157   53  438 18492.3700 14262.1837  22.9%   272  845s
* 7003  5239             601    18433.520000 14262.1837  22.6%   272  846s
  7008  5473 15053.2533   90  285 18433.5200 14262.1837  22.6%   275  861s
  7204  5473 15681.3393   54  105 18433.5200 14262.1837  22.6%   271  865s
  7285  5771 16299.9069  261  166 18433.5200 14286.7156  22.5%   269  888s
  7417  5771 16907.5322  393  194 18433.5200 14286.7156  22.5%   265  890s
  7635  5915 14693.2874   28  461 18433.5200 14287.5310  22.5%   265  910s
  7781  6680 14859.9238   72  237 18433.5200 14287.5310  22.5%   267  938s
  7913  6680 15002.8986  188  185 18433.5200 14287.5310  22.5%   264  940s
  8230  6680 15331.2568  286  144 18433.5200 14287.5310  22.5%   257  945s
  8552  7478 15117.6709  264  141 18433.5200 14294.7581  22.5%   249  975s
  8838  7478 15371.2333  528  106 18433.5200 14294.7581  22.5%   242  980s
  9459  7561 14311.0848   35  576 18433.5200 14295.8336  22.4%   233 1004s
  9490  7561 14756.7428   45  187 18433.5200 14295.8336  22.4%   235 1005s
  9560  7810 14767.0841   49  221 18433.5200 14297.0771  22.4%   236 1024s
  9607  7810 15380.8001   71  110 18433.5200 14297.0771  22.4%   236 1025s
  9852  7920     cutoff  121      18433.5200 14297.0843  22.4%   235 1044s
  9988  8292 14686.7871   44  417 18433.5200 14305.9666  22.4%   237 1069s
 10039  8292 15417.6639   95   93 18433.5200 14305.9666  22.4%   237 1070s
 10389  8292 18109.0755  272   20 18433.5200 14306.3348  22.4%   232 1075s
 10401  8342 14481.4437   32  475 18433.5200 14306.3348  22.4%   233 1090s
 10451  8541 14600.2916   50  176 18433.5200 14307.8139  22.4%   236 1113s
 10587  8541 15580.8128  118  103 18433.5200 14307.8139  22.4%   236 1115s
 10680  8564 14607.0492   34  470 18433.5200 14307.8139  22.4%   238 1145s
 10705  8566 14609.3360   36  472 18433.5200 14307.8139  22.4%   239 1173s
 10707  8803 14635.9926   37  475 18433.5200 14307.8139  22.4%   239 1194s
 10785  8803 15493.3588  115  103 18433.5200 14307.8139  22.4%   239 1195s
 10950  9335 15712.0546  160  129 18433.5200 14308.6091  22.4%   240 1220s
 11506  9508 14678.9976   38  418 18433.5200 14308.6091  22.4%   234 1245s
 11732  9774 14902.9060   73  222 18433.5200 14310.4217  22.4%   234 1267s
 11943  9774 17246.4840  189  137 18433.5200 14310.7448  22.4%   234 1270s
 12026 10284 14735.2958   44  284 18433.5200 14310.7545  22.4%   233 1295s
 12356 10284 16459.6063  374   99 18433.5200 14310.7545  22.4%   229 1300s
 12569 10554 14443.6149   36  440 18433.5200 14310.7545  22.4%   228 1320s
 12853 10724 14695.9146   44  254 18433.5200 14311.7301  22.4%   226 1341s
 13053 11248 14992.3539   46  332 18433.5200 14312.7582  22.4%   227 1363s
 13123 11248 15622.3209  116  123 18433.5200 14312.7582  22.4%   226 1365s
 13534 11248 17313.6549  267   87 18433.5200 14313.3240  22.4%   221 1371s
 13609 11489 14560.8968   34  335 18433.5200 14313.3240  22.4%   221 1390s
 13864 11872 15655.7208  105  239 18433.5200 14315.9181  22.3%   221 1412s
 14087 11872 15311.0319   81  181 18433.5200 14317.3042  22.3%   219 1415s
 14287 12183 14747.4483   56  326 18433.5200 14317.3042  22.3%   217 1433s
 14393 12183 15246.3608  162  259 18433.5200 14317.3042  22.3%   217 1435s
 14595 13027 15448.3398  212  229 18433.5200 14317.3042  22.3%   216 1457s
 14749 13027 16102.6240  366  209 18433.5200 14317.3042  22.3%   214 1460s
 15064 13027 15662.1387  228   97 18433.5200 14317.3042  22.3%   211 1465s
 15453 13419 17613.3677  637  144 18433.5200 14319.7632  22.3%   206 1485s
 15743 13419 14484.5532   47  427 18433.5200 14319.9919  22.3%   204 1490s
 15873 13779 16042.1050  216   83 18433.5200 14321.9392  22.3%   204 1507s
 16027 13779 17454.3445  370   94 18433.5200 14321.9392  22.3%   203 1510s
 16250 14178 14610.9858   41  310 18433.5200 14321.9392  22.3%   202 1529s
 16279 14178 15578.5796  187  157 18433.5200 14321.9392  22.3%   203 1530s
 16631 14178 17431.4227  539  118 18433.5200 14321.9392  22.3%   200 1535s
 16665 14273 14792.8746   55  240 18433.5200 14321.9392  22.3%   200 1548s
H16760 14393                    18212.680000 14321.9392  21.4%   201 1567s
H16876 14242                    18096.520000 14321.9392  20.9%   202 1568s
 16995 14242 16926.9304  103   71 18096.5200 14321.9392  20.9%   201 1570s
 17159 14534 15160.3032  135  196 18096.5200 14321.9392  20.9%   201 1586s
 17467 15383 15878.6797  229  105 18096.5200 14321.9392  20.9%   201 1609s
 17534 15383 15910.6679  263  120 18096.5200 14321.9392  20.9%   200 1610s
 18073 15383 16980.7705  453  144 18096.5200 14321.9392  20.9%   197 1617s
 18227 15383 17423.4885  607  117 18096.5200 14321.9392  20.9%   195 1620s
 18334 15631 16232.7797  386   92 18096.5200 14323.5738  20.8%   194 1636s
 18636 16000 14700.5636   47  328 18096.5200 14324.5832  20.8%   194 1656s
 18920 16000 16791.8032  161   58 18096.5200 14324.5832  20.8%   193 1660s
 19037 16166 17504.3446  219   84 18096.5200 14327.2746  20.8%   192 1674s
 19088 16166 14546.5156   44  244 18096.5200 14327.2746  20.8%   192 1675s
 19217 16409 14645.9176   50  205 18096.5200 14327.2746  20.8%   193 1691s
 19483 16409 15083.6889   65  184 18096.5200 14327.2746  20.8%   192 1695s
 19486 17042 14826.6294   83  151 18096.5200 14333.2203  20.8%   192 1712s
 19686 17042 15248.4239  231   73 18096.5200 14333.2203  20.8%   191 1715s
 20189 17115 14382.9291   40  451 18096.5200 14333.4951  20.8%   188 1733s
 20262 17763 14526.8790   61  383 18096.5200 14333.4951  20.8%   188 1750s
 20526 17763 15646.6746  269  177 18096.5200 14333.4951  20.8%   187 1755s
 20834 17763 16478.0572  577  146 18096.5200 14333.4951  20.8%   185 1760s
 20910 17870 15466.4277  160  276 18096.5200 14333.4951  20.8%   184 1774s
 21032 18190 15728.8689  187  177 18096.5200 14333.6533  20.8%   184 1790s
 21377 18670 14732.1221   58  290 18096.5200 14333.7159  20.8%   183 1812s
 21535 18670 16387.0899  209  126 18096.5200 14333.7159  20.8%   182 1815s
 21901 18790 14397.7224   35  459 18096.5200 14334.3045  20.8%   180 1833s
 22021 19781 14892.9711   90  321 18096.5200 14334.3045  20.8%   181 1857s
 22153 19781 15519.9005  222  196 18096.5200 14334.3045  20.8%   180 1860s
 22417 19781 16850.4440  486  141 18096.5200 14334.3045  20.8%   179 1865s
 22725 19781 15763.8874  324  101 18096.5200 14334.3045  20.8%   177 1870s
 23033 19840 17308.3064  574  122 18096.5200 14335.1039  20.8%   175 1887s
 23108 19929 14607.8000   44  409 18096.5200 14335.1039  20.8%   176 1900s
 23197 20137 15722.7128  120  102 18096.5200 14336.6244  20.8%   177 1917s
 23351 20137 17704.6406  274   75 18096.5200 14336.6244  20.8%   176 1920s
 23438 20309 14649.2822   39  466 18096.5200 14336.6244  20.8%   177 1941s
 23633 20788 15402.5746  111  195 18096.5200 14337.8128  20.8%   177 1959s
 23655 20788 15540.1357  133  159 18096.5200 14337.8128  20.8%   177 1960s
 23986 20788 17485.8121  462  114 18096.5200 14337.8128  20.8%   175 1965s
 24135 20801 14358.5819   41  599 18096.5200 14337.8128  20.8%   175 1997s
 24148 21058 14590.9216   44  361 18096.5200 14337.8128  20.8%   175 2012s
 24360 21058 15065.5343  123   63 18096.5200 14337.8128  20.8%   175 2015s
 24405 21513 16003.2262  147  105 18096.5200 14345.4797  20.7%   175 2031s
 24939 21583 14498.4333   31  255 18096.5200 14346.7121  20.7%   173 2051s
 25011 21785 14824.2762   51  102 18096.5200 14346.7121  20.7%   174 2068s
 25213 22172 15541.4707  116   67 18096.5200 14348.8874  20.7%   174 2088s
 25323 22172 15546.4752  171   47 18096.5200 14348.8874  20.7%   174 2090s
 25668 22291 14648.1840   44  307 18096.5200 14349.6451  20.7%   173 2106s
 25787 22806 15463.9179  126  139 18096.5200 14349.8176  20.7%   173 2122s
 25964 22806 16792.1081  302   94 18096.5200 14349.8176  20.7%   173 2125s
 26321 23377 14655.5111   44  365 18096.5200 14349.8176  20.7%   171 2143s
 26395 23377 15495.8709  118  107 18096.5200 14349.8176  20.7%   171 2145s
 26697 23377 15959.0512  404  192 18096.5200 14349.8176  20.7%   170 2150s
 26892 23764 15832.3424  204  140 18096.5200 14349.8641  20.7%   169 2167s
 27108 23764 16682.6930  420   96 18096.5200 14349.8641  20.7%   167 2170s
 27311 24098 14939.9376   51  196 18096.5200 14350.6776  20.7%   167 2186s
 27562 24098 16594.2843  166   81 18096.5200 14351.1336  20.7%   167 2190s
 27687 24148 14496.3999   42  415 18096.5200 14351.1336  20.7%   167 2204s
 27737 24431 14867.8983   51  205 18096.5200 14351.1336  20.7%   167 2228s
 27864 24431 15713.2444   72  109 18096.5200 14351.1336  20.7%   168 2230s
 28076 24622 15923.0129   87  113 18096.5200 14351.2392  20.7%   167 2246s
 28334 25311 14593.9529   46  337 18096.5200 14352.9259  20.7%   168 2264s
 28384 25311 15161.3729   96  101 18096.5200 14352.9259  20.7%   167 2265s
 28714 25311 16369.4046  426  112 18096.5200 14352.9259  20.7%   166 2270s
 29023 25759 17473.4170  518   82 18096.5200 14354.7727  20.7%   165 2289s
 29083 25759 15685.8574  296  120 18096.5200 14355.4083  20.7%   165 2290s
 29369 25759 16834.9220  582  130 18096.5200 14355.4083  20.7%   164 2295s
 29502 26209 15068.3630   60  220 18096.5200 14356.6396  20.7%   163 2310s
 30002 26222 14593.4789   39  331 18096.5200 14358.4699  20.7%   162 2335s
 30015 26575 14806.1124   46  264 18096.5200 14358.4699  20.7%   162 2350s
 30289 26575 16138.0340  200  131 18096.5200 14358.4699  20.7%   162 2355s
 30380 27033 15674.6839  166  172 18096.5200 14359.1527  20.7%   161 2376s
 30644 27033 16962.6671  430   92 18096.5200 14359.1527  20.7%   160 2380s
 30870 27035 14454.4890   36  565 18096.5200 14359.1527  20.7%   160 2409s
 30872 27562 14519.8689   37  403 18096.5200 14359.1527  20.7%   160 2432s
 31007 27562 15644.7178  234  157 18096.5200 14359.1527  20.7%   160 2435s
 31337 27562 16890.7290  564  101 18096.5200 14359.1527  20.7%   158 2440s
 31412 27631 14780.4694   61  295 18096.5200 14359.1527  20.7%   158 2453s
 31481 27763 15936.0219  112   82 18096.5200 14359.6178  20.6%   159 2466s
 31633 27949 14408.1112   42  556 18096.5200 14359.6178  20.6%   159 2483s
 31749 27949 15301.7299  117   67 18096.5200 14359.6178  20.6%   160 2485s
 31819 28146 14694.4946   65  365 18096.5200 14359.6178  20.6%   160 2500s
 32050 28560 15201.8567  118   35 18096.5200 14359.6178  20.6%   160 2519s
 32094 28560 15271.2326  156   89 18096.5200 14359.6178  20.6%   160 2520s
 32402 28560 15888.0209  419   82 18096.5200 14359.6178  20.6%   159 2525s
 32466 28888 16576.5865  448   82 18096.5200 14359.9947  20.6%   159 2543s
 32585 28888 16642.8352  538   84 18096.5200 14359.9947  20.6%   159 2545s
 32886 28935 14596.0967   40  463 18096.5200 14360.0318  20.6%   159 2560s
 32930 29144 15248.4972   71  186 18096.5200 14360.6499  20.6%   159 2576s
 33168 29358 14526.4101   38  416 18096.5200 14360.6499  20.6%   159 2595s
 33403 29658 15320.8130  101  145 18096.5200 14360.9514  20.6%   160 2611s
 33623 29658 16378.0240  321  121 18096.5200 14360.9514  20.6%   159 2615s
 33723 29846 14574.7303   43  548 18096.5200 14360.9514  20.6%   159 2629s
 33935 30002 14736.7238   53  278 18096.5200 14360.9514  20.6%   159 2648s
 34099 30222 14744.6532   54  276 18096.5200 14361.1939  20.6%   158 2663s
 34196 30222 16090.9216  151  123 18096.5200 14361.1939  20.6%   158 2665s
 34345 30235 14389.1081   50  518 18096.5200 14361.3846  20.6%   158 2688s
 34358 30355 14442.7503   62  420 18096.5200 14361.3846  20.6%   158 2699s
 34478 30602 14705.6958   97  395 18096.5200 14361.3846  20.6%   159 2714s
 34545 30602 15739.5310  159  134 18096.5200 14361.3846  20.6%   158 2715s
 34739 30917 15062.3953  142  336 18096.5200 14361.3846  20.6%   158 2727s
 34932 30917 16103.5743  335  244 18096.5200 14361.3846  20.6%   157 2730s
 35054 31231 16573.1621  427  203 18096.5200 14362.8297  20.6%   158 2747s
 35404 31459 14610.3921   41  380 18096.5200 14362.8297  20.6%   157 2765s
 35634 31580 14751.7255   62  396 18096.5200 14362.8297  20.6%   157 2782s
 35766 31730 15822.0690  102  265 18096.5200 14363.9802  20.6%   157 2795s
 35930 31988 14514.2524   45  412 18096.5200 14363.9802  20.6%   157 2812s
 36113 31988 15356.3690  223  142 18096.5200 14363.9802  20.6%   157 2815s
 36188 32566 15976.6906  109  142 18096.5200 14364.2407  20.6%   157 2829s
 36210 32566 16173.1770  131   78 18096.5200 14364.2407  20.6%   157 2830s
 36801 32643 14629.0709   46  386 18096.5200 14364.5355  20.6%   155 2848s
 36878 32897 15149.2973   97  244 18096.5200 14364.5355  20.6%   155 2862s
 37032 32897 15901.5684  251  132 18096.5200 14364.5355  20.6%   155 2865s
 37132 33411 16353.4451  319  163 18096.5200 14364.5369  20.6%   155 2879s
 37154 33411 16449.7872  341  158 18096.5200 14364.5369  20.6%   155 2880s
 37659 33934 14421.5083   47  395 18096.5200 14364.5369  20.6%   153 2901s
 37897 33934 15977.3989  489  157 18096.5200 14364.5369  20.6%   153 2905s
 38194 34193 14813.5877   87  319 18096.5200 14364.5369  20.6%   152 2922s
 38313 34193 15669.5668  206  183 18096.5200 14364.5369  20.6%   152 2925s
 38477 34371 15857.7218  240  199 18096.5200 14365.0827  20.6%   152 2940s
 38669 34633 14488.4067   68  432 18096.5200 14365.0827  20.6%   152 2959s
 38957 34781 14788.4235  110  339 18096.5200 14365.0827  20.6%   152 2976s
 39136 34979 15273.9163  172  284 18096.5200 14365.0827  20.6%   152 2990s
 39334 35400 16151.6670  328  225 18096.5200 14368.4479  20.6%   151 3005s
 39788 35504 14512.0374   50  426 18096.5200 14368.4489  20.6%   150 3021s
 39892 35859 15344.1246   87  189 18096.5200 14368.4489  20.6%   151 3035s
 40275 35881 14442.0635   34  414 18096.5200 14368.4700  20.6%   150 3050s
 40297 35930 14487.3505   46  483 18096.5200 14368.4700  20.6%   150 3061s
 40346 36142 14702.8683   74  342 18096.5200 14368.4700  20.6%   151 3073s
 40557 36142 15470.6058  185  175 18096.5200 14368.4700  20.6%   150 3077s
 40558 36826 15442.8780  172  278 18096.5200 14368.4700  20.6%   150 3091s
 40778 36826 15666.9823  392  186 18096.5200 14368.4700  20.6%   150 3095s
 41070 36826 15766.1524  340  153 18096.5200 14368.4700  20.6%   149 3100s
 41256 37198 15775.9068  530  161 18096.5200 14369.1297  20.6%   149 3116s
 41454 37198 16524.6838  728  113 18096.5200 14369.1297  20.6%   148 3120s
 41658 37289 14460.7472   39  350 18096.5200 14369.1297  20.6%   148 3133s
 41749 37725 15008.2939   81  270 18096.5200 14369.3195  20.6%   148 3146s
 42204 38018 14447.6783   42  404 18096.5200 14369.3195  20.6%   147 3166s
 42413 38018 17269.7699  548  192 18096.5200 14369.3195  20.6%   147 3170s
 42511 38068 14496.6696   44  388 18096.5200 14369.3195  20.6%   147 3181s
 42561 38387 15176.4984   57  154 18096.5200 14369.3195  20.6%   147 3194s
 42583 38387 15380.8429   66  155 18096.5200 14369.3195  20.6%   147 3195s
 42880 38486 16244.0207   95   49 18096.5200 14369.3195  20.6%   147 3211s
 42993 38645 16717.6410  100  114 18096.5200 14370.2047  20.6%   147 3226s
 43174 38925 14638.3938   51  384 18096.5200 14370.2047  20.6%   147 3244s
 43240 38925 15456.1602  117   46 18096.5200 14370.2047  20.6%   147 3245s
 43466 39056 15674.7500  139   22 18096.5200 14370.3997  20.6%   147 3260s
 43631 39101 infeasible  247      18096.5200 14370.7293  20.6%   147 3274s
 43675 39630 14835.7809   35  313 18096.5200 14370.7293  20.6%   147 3287s
 43846 39630 16029.4589  225  161 18096.5200 14370.7293  20.6%   147 3290s
 44165 39630 17133.7334  544  137 18096.5200 14370.7293  20.6%   146 3295s
 44204 39945 14939.1469   64  137 18096.5200 14370.7293  20.6%   146 3308s
 44292 39945 15037.6839  145   77 18096.5200 14370.7293  20.6%   146 3310s
 44557 40174 16030.8614  328  109 18096.5200 14371.0787  20.6%   146 3328s
 44717 40174 16272.8653  462   82 18096.5200 14371.0787  20.6%   145 3330s
 44820 40176 14566.9426   32  447 18096.5200 14371.0787  20.6%   146 3375s
 44822 40270 14609.0614   33  435 18096.5200 14371.0787  20.6%   146 3390s
 44932 40576 14997.2241   50  249 18096.5200 14371.0787  20.6%   146 3406s
 45242 40816 17675.3408  319    6 18096.5200 14371.4438  20.6%   146 3423s
 45352 40816 17749.7309  429   27 18096.5200 14371.4438  20.6%   145 3425s
 45523 40842 14638.7209   49  330 18096.5200 14371.6034  20.6%   146 3438s
 45549 40884 14499.7693   56  453 18096.5200 14371.6034  20.6%   146 3448s
 45591 40951 14690.0469   65  348 18096.5200 14371.6034  20.6%   147 3460s
 45658 41058 14880.9397   78  212 18096.5200 14371.6034  20.6%   147 3472s
 45767 41244 15101.6133  107  141 18096.5200 14371.6034  20.6%   148 3487s
 45953 41484 15200.6178  154   33 18096.5200 14371.6034  20.6%   148 3503s
 46160 41484 15948.8500  204   99 18096.5200 14371.6034  20.6%   148 3506s
 46195 41646 15215.0544  209   26 18096.5200 14371.6034  20.6%   148 3600s

Cutting planes:
  User: 3853
  Gomory: 21
  Cover: 531
  Implied bound: 49
  Projected implied bound: 12
  Clique: 5
  MIR: 209
  Flow cover: 613
  Inf proof: 1
  Zero half: 101
  RLT: 400
  Relax-and-lift: 7
  Lazy constraints: 1712

Explored 46377 nodes (6904515 simplex iterations) in 3602.66 seconds
Thread count was 2 (of 32 available processors)

Solution count 10: 18096.5 18212.7 18433.5 ... 21604.9

Time limit reached
Best objective 1.809652000000e+04, best bound 1.437160337845e+04, gap 20.5836%

User-callback calls 520607, time in user-callback 435.68 sec
================================================================================
executing instance: ./input/Instances/Original/2/absH3high_4n10.dat
--------------------------------------------------------------------------------
Instance details
n	11
H	3
C	822
Li:
[0, 0, 0, 0, 0, 0, 0, 0, 0, 0, 0, ]
Ui:
[0, 102, 52, 88, 182, 153, 138, 38, 165, 297, 86, ]
Distance matrix:
|0	285	411	382	327	239	148	256	307	36	383	|
|285	0	352	98	249	103	227	235	120	268	209	|
|411	352	0	395	106	430	263	549	234	429	174	|
|382	98	395	0	302	173	320	288	168	364	227	|
|327	249	106	302	0	324	179	444	135	339	109	|
|239	103	430	173	324	0	241	132	212	212	305	|
|148	227	263	320	179	241	0	325	192	165	249	|
|256	235	549	288	444	132	325	0	342	220	436	|
|307	120	234	168	135	212	192	342	0	304	94	|
|36	268	429	364	339	212	165	220	304	0	386	|
|383	209	174	227	109	305	249	436	94	386	0	|

--------------------------------------------------------------------------------
Building model...
	using lazy and cut (CVRPSEP package)
Solving IRP LP...
--------------------------------------------------------------------------------

Gurobi 9.1.0 (linux64) logging started Sat Jan  9 07:57:06 2021

Gurobi Optimizer version 9.1.0 build v9.1.0rc0 (linux64)
Thread count: 32 physical cores, 32 logical processors, using up to 2 threads
Optimize a model with 449 rows, 1184 columns and 3344 nonzeros
Model fingerprint: 0x4b21ece7
Variable types: 194 continuous, 990 integer (165 binary)
Coefficient statistics:
  Matrix range     [1e+00, 3e+02]
  Objective range  [2e-01, 5e+02]
  Bounds range     [1e+00, 3e+02]
  RHS range        [2e+01, 1e+03]
