




arguments: ./build/mirp_solver -f ./input/orig_exec_222.cfg
Current dir: /scratch/gui/bnc_mirp
File verbosity level: 9
date       time         ( uptime  ) [ thread name/id ]                   file:line     v| 
2021-01-10 12:31:47.171 (   0.154s) [main thread     ]             loguru.cpp:789   INFO| Logging to './output/vi_vc/OU/V5/Original/execution_10_01_2021_12_31_47.log', mode: 'a', verbosity: 9
--------------------------------------------------------------------------------
Parameters
                           instance_path           ./input/Instances/Original/6/
                            model_policy                                       1
                             nb_vehicles                                       5
                              output_dir          ./output/vi_vc/OU/V5/Original/
                            sec_strategy                                       1
                       solver_nb_threads                                       2
                         solver_show_log                                    true
                       solver_time_limit                                    3600
                              use_vi_cos                                   false
                              use_vi_cus                                   false
                         use_vi_hc1_full                                   false
                         use_vi_hc1_half                                   false
                      use_vi_hc1_quarter                                   false
                              use_vi_hc2                                   false
                              use_vi_hc3                                   false
                         use_vi_lex_full                                   false
                         use_vi_lex_half                                   false
                      use_vi_lex_quarter                                   false
                              use_vi_qua                                   false
                               use_vi_vc                                    true
                               use_vi_vr                                   false
--------------------------------------------------------------------------------
executing instance: ./input/Instances/Original/6/absH6high_1n25.dat
--------------------------------------------------------------------------------
Instance details
n	26
H	6
C	1711
Li:
[0, 0, 0, 0, 0, 0, 0, 0, 0, 0, 0, 0, 0, 0, 0, 0, 0, 0, 0, 0, 0, 0, 0, 0, 0, 0, ]
Ui:
[0, 168, 176, 34, 66, 36, 177, 106, 118, 182, 64, 141, 189, 63, 46, 111, 182, 231, 36, 66, 68, 54, 132, 90, 246, 75, ]
Distance matrix:
|0	191	200	231	334	329	146	196	208	245	218	164	283	394	151	358	156	196	309	253	201	260	127	138	130	104	|
|191	0	226	229	278	146	328	216	390	417	327	293	195	334	106	296	171	122	472	151	12	411	280	53	190	130	|
|200	226	0	38	149	359	321	10	276	274	418	364	139	204	121	173	321	115	303	141	225	236	155	202	311	256	|
|231	229	38	0	110	352	358	37	314	310	448	395	108	167	129	135	342	109	336	120	226	268	194	213	335	277	|
|334	278	149	110	0	367	467	147	422	413	546	495	86	61	203	25	423	163	429	129	271	363	303	282	424	361	|
|329	146	359	352	367	0	453	349	533	562	411	393	282	411	245	378	250	244	617	245	141	556	426	195	284	243	|
|146	328	321	358	467	453	0	321	162	215	160	112	425	524	297	491	223	341	284	397	339	266	186	276	184	210	|
|196	216	10	37	147	349	321	0	281	281	414	360	132	203	112	171	315	105	311	132	216	244	159	193	305	249	|
|208	390	276	314	422	533	162	281	0	54	321	271	410	471	316	445	348	348	123	398	398	115	125	338	313	309	|
|245	417	274	310	413	562	215	281	54	0	375	323	413	457	334	435	393	361	70	406	424	69	139	367	359	349	|
|218	327	418	448	546	411	160	414	321	375	0	57	484	606	347	569	163	393	444	446	339	421	318	288	137	199	|
|164	293	364	395	495	393	112	360	271	323	57	0	437	556	300	519	144	346	393	401	305	367	261	249	109	163	|
|283	195	139	108	86	282	425	132	410	413	484	437	0	139	137	101	349	91	443	44	187	375	286	206	355	291	|
|394	334	204	167	61	411	524	203	471	457	606	556	139	0	264	38	483	222	467	183	326	403	356	341	484	421	|
|151	106	121	129	203	245	297	112	316	334	347	300	137	264	0	225	220	46	381	102	106	316	195	84	221	158	|
|358	296	173	135	25	378	491	171	445	435	569	519	101	38	225	0	444	184	450	145	288	384	328	303	446	383	|
|156	171	321	342	423	250	223	315	348	393	163	144	349	483	220	444	0	261	460	308	183	415	284	143	39	65	|
|196	122	115	109	163	244	341	105	348	361	393	346	91	222	46	184	261	0	402	56	118	336	224	119	264	200	|
|309	472	303	336	429	617	284	311	123	70	444	393	443	467	381	450	460	402	0	442	477	68	192	424	426	413	|
|253	151	141	120	129	245	397	132	398	406	446	401	44	183	102	145	308	56	442	0	143	375	273	164	315	251	|
|201	12	225	226	271	141	339	216	398	424	339	305	187	326	106	288	183	118	477	143	0	416	286	63	202	142	|
|260	411	236	268	363	556	266	244	115	69	421	367	375	403	316	384	415	336	68	375	416	0	135	365	384	363	|
|127	280	155	194	303	426	186	159	125	139	318	261	286	356	195	328	284	224	192	273	286	135	0	232	256	229	|
|138	53	202	213	282	195	276	193	338	367	288	249	206	341	84	303	143	119	424	164	63	365	232	0	153	89	|
|130	190	311	335	424	284	184	305	313	359	137	109	355	484	221	446	39	264	426	315	202	384	256	153	0	64	|
|104	130	256	277	361	243	210	249	309	349	199	163	291	421	158	383	65	200	413	251	142	363	229	89	64	0	|

--------------------------------------------------------------------------------
Building model...
	using lazy and cut (CVRPSEP package)
Solving IRP LP...
--------------------------------------------------------------------------------

Gurobi 9.1.0 (linux64) logging started Sun Jan 10 12:31:47 2021

Gurobi Optimizer version 9.1.0 build v9.1.0rc0 (linux64)
Thread count: 32 physical cores, 32 logical processors, using up to 2 threads
Optimize a model with 2072 rows, 11462 columns and 27752 nonzeros
Model fingerprint: 0xc28932f2
Variable types: 932 continuous, 10530 integer (780 binary)
Coefficient statistics:
  Matrix range     [1e+00, 3e+02]
  Objective range  [1e-01, 6e+02]
  Bounds range     [1e+00, 2e+02]
  RHS range        [1e+01, 3e+03]
Presolve removed 182 rows and 26 columns
Presolve time: 0.06s
Presolved: 1890 rows, 11436 columns, 26169 nonzeros
Variable types: 906 continuous, 10530 integer (9780 binary)

Root relaxation: objective 1.504889e+04, 3144 iterations, 0.10 seconds

    Nodes    |    Current Node    |     Objective Bounds      |     Work
 Expl Unexpl |  Obj  Depth IntInf | Incumbent    BestBd   Gap | It/Node Time

     0     0 15048.8904    0  242          - 15048.8904      -     -    0s
     0     0 15308.7093    0  319          - 15308.7093      -     -    0s
     0     0 15338.1078    0  290          - 15338.1078      -     -    0s
     0     0 15338.6445    0  278          - 15338.6445      -     -    1s
     0     0 15338.6585    0  284          - 15338.6585      -     -    1s
     0     0 15518.7735    0  382          - 15518.7735      -     -    1s
     0     0 15606.5512    0  352          - 15606.5512      -     -    1s
     0     0 15612.8246    0  331          - 15612.8246      -     -    1s
     0     0 15619.0239    0  350          - 15619.0239      -     -    1s
     0     0 15620.4006    0  350          - 15620.4006      -     -    2s
     0     0 15621.2566    0  344          - 15621.2566      -     -    2s
     0     0 15621.6179    0  358          - 15621.6179      -     -    2s
     0     0 15621.6966    0  346          - 15621.6966      -     -    2s
     0     0 16120.7594    0  392          - 16120.7594      -     -    2s
     0     0 16169.9471    0  416          - 16169.9471      -     -    2s
     0     0 16172.7986    0  399          - 16172.7986      -     -    3s
     0     0 16172.7989    0  438          - 16172.7989      -     -    3s
     0     0 16373.2476    0  481          - 16373.2476      -     -    3s
     0     0 16385.7829    0  451          - 16385.7829      -     -    4s
     0     0 16386.8929    0  485          - 16386.8929      -     -    4s
     0     0 16568.1379    0  493          - 16568.1379      -     -    5s
     0     0 16572.1838    0  551          - 16572.1838      -     -    5s
     0     0 16573.4619    0  490          - 16573.4619      -     -    6s
     0     0 16624.1914    0  502          - 16624.1914      -     -    6s
     0     0 16638.5799    0  528          - 16638.5799      -     -    7s
     0     0 16642.8666    0  534          - 16642.8666      -     -    7s
     0     0 16650.4241    0  562          - 16650.4241      -     -    7s
     0     0 16652.6777    0  512          - 16652.6777      -     -    7s
     0     0 16653.1009    0  521          - 16653.1009      -     -    7s
     0     0 16689.3427    0  431          - 16689.3427      -     -    8s
     0     0 16712.7676    0  536          - 16712.7676      -     -    9s
     0     0 16732.8473    0  609          - 16732.8473      -     -    9s
     0     0 16780.0303    0  599          - 16780.0303      -     -   10s
     0     0 16805.6908    0  512          - 16805.6908      -     -   11s
     0     0 16810.2577    0  618          - 16810.2577      -     -   11s
     0     0 16818.1649    0  574          - 16818.1649      -     -   11s
     0     0 16818.8227    0  622          - 16818.8227      -     -   11s
     0     0 16860.6529    0  606          - 16860.6529      -     -   12s
     0     0 16868.5038    0  636          - 16868.5038      -     -   13s
     0     0 16869.1076    0  605          - 16869.1076      -     -   13s
     0     0 16889.6535    0  656          - 16889.6535      -     -   14s
     0     0 16917.8822    0  574          - 16917.8822      -     -   15s
     0     2 16917.8822    0  551          - 16917.8822      -     -   16s
    11    14 16967.4636    4  435          - 16936.7808      -   958   20s
    30    33 17069.6031    9  409          - 16936.7808      -  1227   25s
    45    50 17317.3306   13  335          - 16936.7808      -  1266   30s
    62    71 17429.6200   18  422          - 16936.7808      -  1166   36s
   105   113 17709.1050   32  416          - 16936.7808      -   901   40s
   123   131 17782.4775   39  359          - 16936.7808      -   854   46s
   167   173 18179.8217   54  335          - 16936.7808      -   753   50s
   225   247 18482.7626   72  282          - 16936.7808      -   638   55s
   288   305 18850.5564   98  287          - 16936.7808      -   548   60s
   340   377 19244.9090  122  233          - 16936.7808      -   494   66s
   422   468 20135.7543  161  176          - 16936.7808      -   424   70s
   526   522 17244.2335    4  554          - 16936.8582      -   371   76s
   583   571 17378.6825   12  564          - 16936.8582      -   371   80s
   627   598 17633.4362   19  395          - 16936.8582      -   378   86s
   651   615 17825.5031   29  366          - 16936.8582      -   391   90s
   684   652 18142.4116   46  314          - 16938.6109      -   404   98s
   710   658 17199.9162    4  668          - 16938.6109      -   410  100s
   725   667 18913.1114  103  574          - 16938.6109      -   422  105s
   732   672 16997.7464    3  634          - 16997.7464      -   418  110s
   741   678 19691.0813  145  677          - 17257.9144      -   413  117s
   746   681 18316.3449   63  708          - 17286.3383      -   410  120s
   752   685 17716.2882   18  700          - 17317.0322      -   407  128s
   755   687 17322.4157    6  735          - 17322.4157      -   405  130s
   764   693 20108.5881  158  770          - 17355.6669      -   400  135s
   775   700 18300.1548   96  778          - 17364.6973      -   395  140s
   784   706 19841.1664  150  772          - 17367.9117      -   390  145s
   791   711 19109.6162  111  827          - 17369.5017      -   387  150s
   801   719 19132.6062  117  551          - 17369.5017      -   457  155s
   809   724 17565.2344   28  810          - 17369.5017      -   452  160s
   817   729 17965.5440   31  800          - 17371.5961      -   448  167s
   821   732 19776.1818  145  851          - 17371.7810      -   445  170s
   824   734 17654.5394   19  858          - 17371.8255      -   444  177s
   826   735 18217.7616   84  848          - 17372.2376      -   443  180s
   827   739 17376.9837   23  830          - 17374.3338      -   482  189s
   829   740 17421.3139   24  666          - 17382.1382      -   486  196s
   831   742 17608.7732   24  526          - 17421.6073      -   490  202s
   833   743 17428.4878   25  672          - 17423.0300      -   492  206s
   835   744 17463.6635   25  591          - 17428.5010      -   496  210s
   839   747 17443.8968   26  587          - 17429.4208      -   501  216s
   841   749 17451.0498   27  658          - 17429.4208      -   505  221s
   848   756 17607.1034   28  481          - 17443.9123      -   512  226s
   858   761 17566.3610   30  530          - 17443.9123      -   519  232s
   861   764 17499.8241   31  532          - 17443.9123      -   521  235s
   871   772 17537.2892   33  506          - 17443.9123      -   529  240s
   887   783 17554.0878   36  495          - 17443.9123      -   536  248s
   893   791 17561.7627   37  457          - 17443.9123      -   539  250s
   916   804 17630.3892   43  433          - 17443.9123      -   546  256s
   935   820 17675.1761   48  464          - 17443.9123      -   551  260s
   960   837 17706.8367   53  430          - 17443.9123      -   553  265s
   999   861 17743.7020   61  435          - 17443.9123      -   553  271s
  1019   881 17756.1365   66  414          - 17443.9123      -   555  275s
  1064   916 17833.2717   76  443          - 17443.9123      -   558  282s
  1085   927 17843.8367   79  433          - 17443.9123      -   558  287s
  1127   962 17864.7572   86  427          - 17443.9123      -   561  292s
  1152   984 17870.4211   90  460          - 17443.9123      -   562  295s
  1208  1018 18102.9511   98  432          - 17443.9123      -   563  301s
  1256  1045 17905.0735  107  446          - 17443.9123      -   569  308s
  1278  1065 17912.5333  111  452          - 17443.9123      -   572  311s
  1333  1102 17941.3370  121  429          - 17443.9123      -   578  318s
  1361  1123 17946.7504  125  440          - 17443.9123      -   582  322s
  1391  1144 17952.4925  130  364          - 17443.9123      -   584  326s
  1422  1164 17963.0804  136  460          - 17443.9123      -   585  330s
  1470  1197 18074.6831  144  423          - 17443.9123      -   589  338s
  1501  1224 18053.7341  150  437          - 17443.9123      -   593  342s
  1539  1250 18063.7589  155  416          - 17443.9123      -   595  347s
  1577  1288 18115.3452  161  354          - 17443.9123      -   594  352s
  1628  1312 18140.8110  170  380          - 17443.9123      -   590  358s
  1669  1356 18168.0650  176  376          - 17443.9123      -   588  363s
  1735  1380 18368.6724  190  335          - 17443.9123      -   579  369s
  1781  1427 18415.5809  198  306          - 17443.9123      -   579  375s
  1843  1466 18517.1261  211  318          - 17443.9123      -   575  381s
  1903  1514 18834.4682  223  364          - 17443.9123      -   572  396s
  1971  1562 18749.9944  238  332          - 17443.9123      -   567  403s
  2041  1610 18784.0357  251  370          - 17443.9123      -   562  410s
  2113  1665 18858.8691  267  319          - 17443.9123      -   559  418s
  2192  1727 18946.1798  285  286          - 17443.9123      -   555  425s
  2282  1793 19149.3254  305  277          - 17443.9123      -   549  433s
  2346  1772 20046.3487  482  213          - 17443.9123      -   547  439s
  2371  1763 20190.2347  494  189          - 17443.9123      -   546  440s
  2378  1862 19129.8325  324  314          - 17443.9123      -   545  447s
  2479  1926 19073.1457  344  295          - 17443.9123      -   541  456s
  2581  2018 19145.0345  366  293          - 17443.9123      -   538  465s
  2709  2142 19240.2328  391  293          - 17443.9123      -   532  477s
  2883  2213 19335.7034  422  314          - 17443.9123      -   517  504s
  2941  2193 20739.6024  653  183          - 17443.9123      -   514  505s
  3017  2369 19378.3186  451  295          - 17443.9123      -   509  517s
  3239  2668 19522.2688  497  289          - 17443.9123      -   494  531s
  3584  2764 20335.5031  549  273          - 17443.9123      -   464  546s
  3702  2894 20501.6650  597  272          - 17451.0682      -   461  563s
  3800  2894 21209.1815  646  238          - 17451.0682      -   455  565s
  3874  2920 17593.8860   28  575          - 17451.0682      -   455  574s
  3900  2952 17685.1038   32  575          - 17451.0682      -   461  583s
  3932  2978 17705.3836   38  493          - 17451.0682      -   466  593s
  3958  3037 17830.1857   39  429          - 17451.0682      -   468  602s
  4019  3099 17861.9860   53  490          - 17451.0682      -   471  611s
  4081  3165 17899.1918   66  542          - 17451.0682      -   472  622s
  4147  3211 18113.2673   84  387          - 17451.0682      -   474  632s
  4193  3277 18278.4990   95  375          - 17451.0682      -   478  643s
  4259  3371 18278.3235  114  341          - 17451.0682      -   481  654s
  4353  3493 18317.4381  157  286          - 17451.0682      -   482  667s
  4475  3620 18445.1423  216  361          - 17451.0682      -   481  680s
  4602  3774 18555.1873  279  329          - 17451.0682      -   479  694s
  4684  3774 19229.0470  342  292          - 17451.0682      -   475  695s
  4756  3969 18752.0292  363  332          - 17451.0682      -   475  711s
  4951  4170 18977.5400  499  321          - 17451.0682      -   468  728s
  5057  4170 19280.5947  595  302          - 17451.0682      -   461  730s
  5154  4391 19456.2351  618  269          - 17451.0682      -   460  746s
  5332  4391 19420.6389  316  287          - 17451.0682      -   456  750s
  5377  4678 20016.2895  702  272          - 17451.0682      -   457  768s
  5534  4678 20427.9042  793  265          - 17451.0682      -   449  770s
  5705  5076 20906.1080  833  283          - 17451.0682      -   449  792s
  6116  5076 20521.6328  458  212          - 17451.0682      -   433  801s
  6148  5494 21421.0976 1048  208          - 17451.0800      -   432  820s
  6607  5768 17691.9408   29  717          - 17451.0800      -   416  846s
  6871  5768 23367.8560  753  126          - 17451.0800      -   409  850s
  6899  5884 17771.1828   34  672          - 17451.0800      -   409  866s
  7056  5904 17834.6850   39  631          - 17451.0800      -   407  881s
  7076  5925 17888.7786   41  673          - 17451.0800      -   412  894s
  7097  5948 17955.3894   43  688          - 17451.0800      -   416  907s
  7120  5984 17979.4886   48  650          - 17451.0800      -   421  920s
  7156  6017 18023.9321   54  551          - 17451.0800      -   424  933s
  7189  6061 18094.8401   60  580          - 17451.0800      -   428  947s
  7233  6145 18159.6153   71  556          - 17451.0800      -   432  964s
  7317  6450 18296.1136   81  455          - 17451.0800      -   436 1010s
  7622  6867 18599.1307  142  382          - 17451.0800      -   436 1047s
  7725  6867 18839.4245  198  320          - 17451.0800      -   436 1050s
  8039  7421 19145.9521  238  351          - 17451.0800      -   428 1079s
  8064  7421 19214.2462  255  312          - 17451.0800      -   428 1080s
  8296  7421 19583.4519  548  281          - 17451.0800      -   423 1085s
  8572  7421 19927.9494  773  194          - 17451.0800      -   411 1090s
  8597  7700 19472.1905  337  334          - 17451.0800      -   410 1111s
  8865  7700 21283.2531  895  214          - 17451.0800      -   403 1115s
  8936  7848 21226.6495  419  409          - 17451.0800      -   402 1132s
  9088  8139 20526.8658  494  205          - 17451.0800      -   401 1153s
  9173  8139 21406.3734  537  212          - 17451.0800      -   399 1155s
  9422  8159 23240.8518  681  175          - 17479.8661      -   392 1173s
  9552  8159 25683.4691  692  169          - 17479.8661      -   387 1175s
  9615  8183 17710.5513   29  700          - 17479.8661      -   389 1188s
  9639  8216 17743.0474   35  737          - 17479.8661      -   392 1199s
  9672  8244 17868.5967   41  619          - 17479.8661      -   395 1211s
  9700  8279 17876.7096   45  586          - 17479.8661      -   396 1227s
  9735  8314 17895.0452   49  659          - 17479.8661      -   398 1239s
  9770  8355 17973.5906   56  634          - 17479.8661      -   400 1252s
  9811  8407 18038.0687   59  609          - 17479.8661      -   402 1268s
  9863  8474 18050.0192   66  651          - 17479.8661      -   404 1282s
  9930  8551 18103.8142   73  609          - 17479.8661      -   406 1298s
 10007  8677 18208.8743   78  556          - 17479.8661      -   407 1314s
 10080  8677 18649.0244  242  398          - 17479.8661      -   408 1315s
 10133  8843 18229.8129   87  482          - 17479.8661      -   407 1330s
 10301  9029 18299.2142  102  485          - 17479.8661      -   405 1350s
 10491  9145 18587.2848  133  407          - 17479.8661      -   403 1369s
 10592  9145 20446.7420  513  300          - 17479.8661      -   402 1370s
 10643  9262 18691.4618  186  355          - 17479.8661      -   402 1390s
 10760  9390 19681.2349  276  342          - 17479.8661      -   403 1409s
 10876  9390 17814.7770   38  643          - 17479.8661      -   401 1410s
 10888  9496 20479.3614  335  280          - 17479.8661      -   404 1434s
 10998  9853 20980.6847  359  280          - 17479.8661      -   406 1456s
 11267  9853 22437.0294  493  207          - 17479.8661      -   399 1460s
 11388  9877 infeasible  563               - 17504.7095      -   398 1480s
 11426  9929 17949.0735   38  523          - 17504.7095      -   402 1495s
 11478  9984 18009.5247   44  490          - 17504.7095      -   405 1511s
 11533 10051 18044.4845   52  489          - 17504.7095      -   408 1531s
 11600 10186 18232.6111   65  423          - 17504.7095      -   410 1549s
 11642 10186 18365.7544   84  280          - 17504.7095      -   411 1550s
 11735 10473 18630.9253  102  302          - 17504.7095      -   411 1575s
 12026 10574 18911.7353  321  260          - 17537.3078      -   405 1596s
 12148 10768 17889.3560   36  593          - 17537.3078      -   406 1616s
 12346 10889 18034.9596   44  562          - 17537.3078      -   405 1641s
 12501 10949 18072.3167   45  502          - 17537.3078      -   405 1658s
 12561 11103 18346.5901   62  300          - 17537.3078      -   408 1679s
 12613 11103 18422.1892   98  274          - 17537.3078      -   407 1680s
 12717 11493 18803.5274  140  260          - 17537.3078      -   407 1705s
 13100 11493 18417.6172  109  351          - 17537.3078      -   399 1710s
 13117 11652 19588.3145  405  174          - 17544.0059      -   399 1729s
 13309 11788 17991.9913   40  556          - 17544.0059      -   398 1748s
 13447 12109 17973.7594   49  513          - 17544.0059      -   398 1768s
 13774 12459 18122.1168   62  412          - 17544.0059      -   392 1800s
 14132 12855 18436.9778   91  362          - 17544.0059      -   387 1831s
 14376 12855 20563.1221  948  157          - 17544.0059      -   384 1835s
 14608 12975 18593.9264  121  364          - 17544.0059      -   379 1925s
 14728 13029 18905.2648  195  333          - 17544.0059      -   381 2025s
 14782 14011 18908.8246  209  267          - 17552.3708      -   382 2102s
 14923 14011 19185.6401  310  228          - 17552.3708      -   380 2105s
 15175 14011 19444.8888  535  178          - 17552.3708      -   375 2110s
 15450 14011 18054.0839   48  634          - 17552.3708      -   374 2115s
 15701 14011 19088.7173  202  170          - 17566.4020      -   372 2120s
 15847 14052 18250.4786   47  576          - 17566.4020      -   374 2137s
 15888 14135 18209.2484   52  436          - 17566.4020      -   376 2155s
 15971 14254 18514.7288   65  411          - 17566.4020      -   378 2173s
 16090 14468 18674.1976   95  463          - 17566.4020      -   379 2193s
 16304 14678 19267.7110  179  401          - 17566.4020      -   378 2218s
 16528 14890 19459.9471  259  352          - 17566.4020      -   377 2240s
 16740 15124 19948.8180  408  361          - 17566.4020      -   376 2262s
 16949 15124 18167.0360   41  478          - 17566.4020      -   373 2265s
 16976 15397 21551.2957  551  262          - 17580.1722      -   374 2291s
 17323 15455 17871.7963   32  638          - 17580.1722      -   372 2311s
 17381 15504 17963.4994   42  576          - 17580.1722      -   374 2333s
 17430 15708 17998.9493   45  598          - 17580.1722      -   377 2353s
 17634 15911 18286.4087   61  464          - 17580.1722      -   376 2374s
 17677 15911 19167.3934  286  322          - 17580.1722      -   377 2375s
 17837 16384 18353.6736   86  336          - 17580.1722      -   375 2402s
 18314 16641 18610.2844  113  352          - 17580.1722      -   370 2428s
 18462 16641 21507.6765  685  186          - 17580.1722      -   369 2430s
 18597 16781 18932.4813  194  287          - 17580.1722      -   368 2447s
 18739 16949 19441.3913  288  344          - 17584.4218      -   368 2468s
 18845 16949 19973.0094  368  318          - 17584.4218      -   367 2470s
 18927 17009 17952.1655   36  513          - 17584.4218      -   368 2487s
 18987 17061 18087.5548   42  632          - 17584.4218      -   370 2504s
 19039 17179 18135.2617   46  506          - 17584.4218      -   371 2522s
 19157 17369 18254.0524   54  491          - 17584.4218      -   373 2540s
 19347 17680 18460.1342   84  371          - 17584.4218      -   372 2563s
 19658 18243 18773.6113  143  275          - 17584.4218      -   369 2590s
 20255 18497 19318.0204  262  296          - 17584.4218      -   362 2615s
 20590 18513 21203.9525  403  265          - 17589.9587      -   359 2633s
 20639 18534 17896.0420   42  538          - 17589.9587      -   361 2649s
 20660 18578 18029.3050   44  598          - 17589.9587      -   363 2664s
 20704 18667 18122.4541   48  493          - 17589.9587      -   365 2679s
 20793 18902 18224.8143   63  432          - 17589.9587      -   366 2697s
 21034 19037 18524.7141   89  372          - 17589.9587      -   364 2717s
 21210 19114 18766.7333  107  346          - 17589.9587      -   364 2734s
 21272 19114 17997.7419   40  547          - 17589.9587      -   364 2735s
 21287 19297 18930.2785  139  297          - 17589.9587      -   365 2752s
 21470 19783 19733.3902  256  263          - 17589.9587      -   364 2780s
 21930 19783 18271.8796   64  427          - 17589.9587      -   358 2785s
 21959 19873 21261.9197  630  212          - 17597.9383      -   359 2804s
 22059 19873 18059.4710   41  512          - 17597.9383      -   359 2805s
 22109 19964 18132.0022   41  554          - 17597.9383      -   360 2822s
 22200 20061 18204.1477   51  569          - 17597.9383      -   360 2839s
 22297 20200 18297.1190   55  457          - 17597.9383      -   361 2857s
 22436 20565 18415.0326   65  455          - 17597.9383      -   362 2880s
 22801 21070 18590.4728   80  409          - 17597.9383      -   359 2909s
 23326 21161 18789.5535  122  349          - 17597.9383      -   353 2933s
 23443 21427 19618.7486  191  295          - 17597.9383      -   354 2955s
 23709 21785 19848.8930  393  194          - 17607.1185      -   353 2983s
 23912 21785 20740.4350  531  171          - 17607.1185      -   351 2985s
 24113 21826 18025.6302   37  581          - 17607.1185      -   350 3006s
 24154 21872 18124.7618   45  622          - 17607.1185      -   352 3025s
 24200 21940 18255.0792   52  537          - 17607.1185      -   355 3042s
 24268 22030 18531.1033   62  430          - 17607.1185      -   356 3061s
 24358 22164 18514.4524   77  383          - 17607.1185      -   357 3079s
 24492 22349 18801.3095   98  390          - 17607.1185      -   357 3097s
 24677 22567 18957.4100  156  327          - 17607.1185      -   357 3118s
 24897 23002 19314.8194  243  298          - 17607.1185      -   356 3142s
 25370 23305 21646.0069  360  209          - 17607.1471      -   353 3169s
 25561 23305 22219.1476  464  215          - 17607.1471      -   350 3171s
 25747 23329 18036.0206   32  605          - 17608.8637      -   350 3191s
 25771 23350 18073.8556   39  606          - 17608.8637      -   352 3209s
 25785 23350 18063.8006   38  549          - 17608.8637      -   353 3210s
 25792 23373 18356.6844   45  497          - 17608.8637      -   354 3228s
 25815 23396 18319.8320   51  422          - 17608.8637      -   356 3247s
 25838 23453 18405.4136   61  430          - 17608.8637      -   357 3272s
 25895 23546 18496.2815   79  444          - 17608.8637      -   359 3291s
 25988 23679 18729.6581  105  451          - 17608.8637      -   360 3309s
 26121 23901 18889.7233  141  369          - 17608.8637      -   360 3327s
 26343 24243 19459.2553  214  377          - 17608.8637      -   358 3349s
 26479 24243 19178.3060  258  374          - 17608.8637      -   357 3351s
 26685 24768 19357.7836  341  371          - 17608.8637      -   356 3373s
 27218 24983 19855.8456  542  362          - 17608.8637      -   351 3402s
 27513 25178 20425.4303  667  312          - 17608.8637      -   349 3424s
 27698 25178 17796.1272   30  510          - 17608.8637      -   348 3426s
 27712 25250 21194.2228  760  274          - 17609.5504      -   349 3445s
 27808 25275 17821.5867   32  543          - 17609.5504      -   351 3463s
 27833 25307 17858.9301   35  502          - 17609.5504      -   352 3481s
 27865 25369 18046.9154   35  556          - 17609.5504      -   354 3504s
 27927 25446 18046.8351   38  624          - 17609.5504      -   356 3522s
 28004 25564 17915.7431   39  578          - 17609.5504      -   357 3540s
 28122 25742 18010.3629   44  425          - 17609.5504      -   357 3559s
 28300 25955 18044.1897   47  520          - 17609.5504      -   357 3587s
 28545 25976 18350.5223   53  382          - 17609.5504      -   357 3600s

Cutting planes:
  User: 7632
  Gomory: 59
  Cover: 692
  Implied bound: 46
  Projected implied bound: 71
  Clique: 4
  MIR: 534
  Flow cover: 1088
  Zero half: 22
  Network: 5
  RLT: 539
  Relax-and-lift: 25
  Lazy constraints: 18

Explored 28566 nodes (10267516 simplex iterations) in 3600.43 seconds
Thread count was 2 (of 32 available processors)

Solution count 0

Time limit reached
Best objective -, best bound 1.760955043915e+04, gap -

User-callback calls 295779, time in user-callback 364.29 sec
================================================================================
executing instance: ./input/Instances/Original/6/absH6high_1n20.dat
--------------------------------------------------------------------------------
Instance details
n	21
H	6
C	1651
Li:
[0, 0, 0, 0, 0, 0, 0, 0, 0, 0, 0, 0, 0, 0, 0, 0, 0, 0, 0, 0, 0, ]
Ui:
[0, 36, 182, 182, 90, 261, 117, 30, 110, 42, 276, 153, 40, 94, 144, 46, 129, 213, 264, 160, 174, ]
Distance matrix:
|0	371	401	343	361	341	370	115	392	400	79	266	292	245	355	431	265	194	95	92	348	|
|371	0	37	141	110	250	117	438	67	131	372	305	115	238	247	255	235	296	392	430	185	|
|401	37	0	175	100	284	146	472	90	156	406	342	152	275	280	282	242	333	415	455	178	|
|343	141	175	0	239	110	38	374	95	60	314	182	67	130	106	127	318	201	397	423	303	|
|361	110	100	239	0	341	222	451	177	240	385	374	190	304	341	361	151	345	354	398	78	|
|341	250	284	110	341	0	143	337	203	151	289	102	152	97	15	95	394	156	415	431	398	|
|370	117	146	38	222	143	0	407	61	30	346	220	81	167	137	139	317	237	417	447	292	|
|115	438	472	374	451	337	407	0	443	434	66	241	339	251	351	431	374	181	201	177	450	|
|392	67	90	95	177	203	61	443	0	66	379	275	104	216	197	193	294	283	427	461	252	|
|400	131	156	60	240	151	30	434	66	0	374	237	112	189	142	127	344	261	448	477	312	|
|79	372	406	314	385	289	346	66	379	374	0	202	275	197	304	383	316	134	175	166	388	|
|266	305	342	182	374	102	220	241	275	237	202	0	191	70	117	196	386	73	352	359	415	|
|292	115	152	67	190	152	81	339	104	112	275	191	0	123	154	193	252	183	336	366	246	|
|245	238	275	130	304	97	167	251	216	189	197	70	123	0	110	187	322	72	319	334	346	|
|355	247	280	106	341	15	137	351	197	142	304	117	154	110	0	80	399	171	427	444	400	|
|431	255	282	127	361	95	139	431	193	127	383	196	193	187	80	0	444	251	499	519	429	|
|265	235	242	318	151	394	317	374	294	344	316	386	252	322	399	444	0	332	226	273	97	|
|194	296	333	201	345	156	237	181	283	261	134	73	183	72	171	251	332	0	279	286	375	|
|95	392	415	397	354	415	417	201	427	448	175	352	336	319	427	499	226	279	0	47	321	|
|92	430	455	423	398	431	447	177	461	477	166	359	366	334	444	519	273	286	47	0	368	|
|348	185	178	303	78	398	292	450	252	312	388	415	246	346	400	429	97	375	321	368	0	|

--------------------------------------------------------------------------------
Building model...
	using lazy and cut (CVRPSEP package)
Solving IRP LP...
--------------------------------------------------------------------------------

Gurobi 9.1.0 (linux64) logging started Sun Jan 10 13:31:54 2021

Gurobi Optimizer version 9.1.0 build v9.1.0rc0 (linux64)
Thread count: 32 physical cores, 32 logical processors, using up to 2 threads
Optimize a model with 1677 rows, 7677 columns and 19227 nonzeros
Model fingerprint: 0x070dc5ca
Variable types: 747 continuous, 6930 integer (630 binary)
Coefficient statistics:
  Matrix range     [1e+00, 3e+02]
  Objective range  [1e-01, 5e+02]
  Bounds range     [1e+00, 3e+02]
  RHS range        [1e+01, 3e+03]
Presolve removed 147 rows and 21 columns
Presolve time: 0.05s
Presolved: 1530 rows, 7656 columns, 17959 nonzeros
Variable types: 726 continuous, 6930 integer (6330 binary)

Root relaxation: objective 1.423789e+04, 2664 iterations, 0.09 seconds

    Nodes    |    Current Node    |     Objective Bounds      |     Work
 Expl Unexpl |  Obj  Depth IntInf | Incumbent    BestBd   Gap | It/Node Time

     0     0 14237.8872    0  218          - 14237.8872      -     -    0s
     0     0 14479.4855    0  314          - 14479.4855      -     -    0s
     0     0 14511.0686    0  286          - 14511.0686      -     -    0s
     0     0 14515.0424    0  273          - 14515.0424      -     -    0s
     0     0 14515.0424    0  273          - 14515.0424      -     -    0s
     0     0 14627.3788    0  308          - 14627.3788      -     -    1s
     0     0 14693.9046    0  298          - 14693.9046      -     -    1s
     0     0 14697.4182    0  313          - 14697.4182      -     -    1s
     0     0 14697.4294    0  322          - 14697.4294      -     -    1s
     0     0 14867.1316    0  417          - 14867.1316      -     -    1s
     0     0 14942.3676    0  385          - 14942.3676      -     -    2s
     0     0 14947.9207    0  398          - 14947.9207      -     -    2s
     0     0 14949.3749    0  422          - 14949.3749      -     -    2s
     0     0 14949.7934    0  424          - 14949.7934      -     -    2s
     0     0 15088.9155    0  448          - 15088.9155      -     -    2s
     0     0 15108.7312    0  413          - 15108.7312      -     -    3s
     0     0 15114.6199    0  492          - 15114.6199      -     -    3s
     0     0 15116.1041    0  485          - 15116.1041      -     -    3s
     0     0 15116.5992    0  493          - 15116.5992      -     -    3s
     0     0 15200.1658    0  438          - 15200.1658      -     -    3s
     0     0 15210.8703    0  486          - 15210.8703      -     -    4s
     0     0 15211.5737    0  534          - 15211.5737      -     -    4s
     0     0 15239.7280    0  449          - 15239.7280      -     -    4s
     0     0 15247.4995    0  503          - 15247.4995      -     -    4s
     0     0 15248.7845    0  483          - 15248.7845      -     -    5s
     0     0 15251.6627    0  493          - 15251.6627      -     -    5s
     0     0 15251.7494    0  478          - 15251.7494      -     -    5s
     0     0 15268.8162    0  499          - 15268.8162      -     -    5s
     0     0 15273.0211    0  539          - 15273.0211      -     -    5s
     0     0 15274.6941    0  530          - 15274.6941      -     -    6s
     0     0 15274.9098    0  541          - 15274.9098      -     -    6s
     0     0 15281.9912    0  542          - 15281.9912      -     -    6s
     0     0 15285.8649    0  489          - 15285.8649      -     -    7s
     0     2 15287.8749    0  477          - 15287.8749      -     -    8s
     5     8 15353.0013    2  578          - 15318.4166      -  1372   10s
    30    33 15411.7997    9  406          - 15353.0013      -  1160   15s
    62    67 15626.9469   19  380          - 15353.0013      -  1052   20s
    99   105 15905.5202   31  413          - 15353.0013      -   914   25s
   156   164 16246.3781   54  319          - 15353.0013      -   752   30s
   204   216 16715.1646   69  273          - 15353.0013      -   693   35s
   297   328 17510.6137   91  260          - 15353.0013      -   553   40s
   440   469 infeasible  127               - 15353.0013      -   432   46s
   551   531 20536.5569  164  128          - 15353.0013      -   374   50s
   677   679 20898.8143  222   97          - 15353.0013      -   332   55s
   733   694 20117.1008  199  218          - 15356.5220      -   328   60s
   747   704 20113.3875  201  642          - 15419.8084      -   322   65s
   758   711 18443.6892  138  647          - 15480.5887      -   317   70s
   761   713 18434.6471  109  662          - 15482.1332      -   316   75s
   763   717 15483.6397   13  630          - 15483.6397      -   345   82s
   765   719 15503.2131   14  529          - 15486.1726      -   345   86s
   771   723 15647.2089   15  440          - 15499.0552      -   348   90s
   781   730 15572.3821   18  564          - 15500.9650      -   357   95s
   799   743 15548.8742   22  607          - 15500.9650      -   365  100s
   815   754 15578.7999   26  594          - 15500.9650      -   377  105s
   832   768 15627.7594   30  636          - 15500.9650      -   386  110s
   850   782 15648.5265   35  606          - 15500.9650      -   398  115s
   877   804 15686.8064   40  581          - 15500.9650      -   405  120s
   909   821 15776.7914   47  534          - 15500.9650      -   411  125s
   938   841 15889.1096   52  475          - 15500.9650      -   421  130s
   982   875 16178.4449   59  450          - 15500.9650      -   424  136s
  1021   904 16298.3893   64  426          - 15500.9650      -   422  140s
  1062   930 16373.5576   70  469          - 15500.9650      -   421  146s
  1102   958 16420.3897   76  435          - 15500.9650      -   420  150s
  1137   985 16470.9070   83  449          - 15500.9650      -   420  155s
  1185  1024 16501.5156   91  414          - 15500.9650      -   420  160s
  1242  1067 16544.8070   99  434          - 15500.9650      -   417  166s
  1321  1118 16994.8666  110  372          - 15500.9650      -   410  172s
  1360  1156 16908.0007  116  349          - 15500.9650      -   406  175s
  1461  1233 17074.1543  134  321          - 15500.9650      -   397  183s
  1521  1292 17321.8050  145  364          - 15500.9650      -   390  187s
  1602  1323 17445.9036  157  317          - 15500.9650      -   379  191s
  1670  1363 17644.4943  171  292          - 15500.9650      -   372  195s
  1782  1397 19003.1797  334  197          - 15500.9650      -   361  200s
  1929  1477 infeasible  221               - 15500.9650      -   346  209s
  2003  1465 15783.6896   16  591          - 15500.9650      -   340  214s
  2036  1468 15659.3316   18  652          - 15500.9650      -   340  218s
  2050  1479 15690.0208   20  599          - 15500.9650      -   342  221s
  2066  1489 15783.5332   24  550          - 15500.9650      -   345  225s
  2099  1513 15911.1377   31  580          - 15500.9650      -   351  232s
  2118  1528 15925.8357   35  516          - 15500.9650      -   353  236s
  2139  1543 16015.0376   39  478          - 15500.9650      -   355  240s
  2183  1584 16099.6456   50  437          - 15500.9650      -   360  248s
  2217  1616 16258.6064   57  436          - 15500.9650      -   361  252s
