




arguments: ./build/mirp_solver -f ./input/orig_exec_105.cfg
Current dir: /scratch/gui/bnc_mirp
File verbosity level: 9
date       time         ( uptime  ) [ thread name/id ]                   file:line     v| 
2021-01-09 22:05:40.694 (   0.157s) [main thread     ]             loguru.cpp:789   INFO| Logging to './output/vi_vc/OU/V5/Original/execution_09_01_2021_22_05_40.log', mode: 'a', verbosity: 9
--------------------------------------------------------------------------------
Parameters
                           instance_path           ./input/Instances/Original/3/
                            model_policy                                       1
                             nb_vehicles                                       5
                              output_dir          ./output/vi_vc/OU/V5/Original/
                            sec_strategy                                       1
                       solver_nb_threads                                       2
                         solver_show_log                                    true
                       solver_time_limit                                    3600
                              use_vi_cos                                   false
                              use_vi_cus                                   false
                         use_vi_hc1_full                                   false
                         use_vi_hc1_half                                   false
                      use_vi_hc1_quarter                                   false
                              use_vi_hc2                                   false
                              use_vi_hc3                                   false
                         use_vi_lex_full                                   false
                         use_vi_lex_half                                   false
                      use_vi_lex_quarter                                   false
                              use_vi_qua                                   false
                               use_vi_vc                                    true
                               use_vi_vr                                   false
--------------------------------------------------------------------------------
executing instance: ./input/Instances/Original/3/absH3low_2n5.dat
--------------------------------------------------------------------------------
Instance details
n	6
H	3
C	237
Li:
[0, 0, 0, 0, 0, 0, ]
Ui:
[0, 93, 180, 51, 114, 24, ]
Distance matrix:
|0	170	318	35	112	235	|
|170	0	311	205	258	301	|
|318	311	0	326	278	137	|
|35	205	326	0	89	230	|
|112	258	278	89	0	160	|
|235	301	137	230	160	0	|

--------------------------------------------------------------------------------
Building model...
	using lazy and cut (CVRPSEP package)
Solving IRP LP...
--------------------------------------------------------------------------------

Gurobi 9.1.0 (linux64) logging started Sat Jan  9 22:05:40 2021

Gurobi Optimizer version 9.1.0 build v9.1.0rc0 (linux64)
Thread count: 32 physical cores, 32 logical processors, using up to 2 threads
Optimize a model with 249 rows, 414 columns and 1329 nonzeros
Model fingerprint: 0xc382f6fd
Variable types: 99 continuous, 315 integer (90 binary)
Coefficient statistics:
  Matrix range     [1e+00, 2e+02]
  Objective range  [1e-02, 3e+02]
  Bounds range     [1e+00, 2e+02]
  RHS range        [1e+01, 5e+02]
Presolve removed 24 rows and 36 columns
Presolve time: 0.00s

Explored 0 nodes (0 simplex iterations) in 0.00 seconds
Thread count was 1 (of 32 available processors)

Solution count 0

Model is infeasible
Best objective -, best bound -, gap -

User-callback calls 31, time in user-callback 0.00 sec

Computing Irreducible Inconsistent Subsystem (IIS)...

           Constraints          |            Bounds           |  Runtime
      Min       Max     Guess   |   Min       Max     Guess   |
--------------------------------------------------------------------------
        0       249         -         0       569         -           0s
       36        36         -        61        61         -           1s

IIS computed: 36 constraints, 61 bounds
IIS runtime: 0.50 seconds
================================================================================
executing instance: ./input/Instances/Original/3/absH3high_5n30.dat
--------------------------------------------------------------------------------
Instance details
n	31
H	3
C	2296
Li:
[0, 0, 0, 0, 0, 0, 0, 0, 0, 0, 0, 0, 0, 0, 0, 0, 0, 0, 0, 0, 0, 0, 0, 0, 0, 0, 0, 0, 0, 0, 0, ]
Ui:
[0, 80, 90, 297, 28, 264, 123, 192, 112, 32, 72, 88, 294, 129, 126, 105, 110, 237, 246, 92, 72, 147, 54, 96, 128, 96, 84, 28, 74, 196, 192, ]
Distance matrix:
|0	87	302	65	389	171	219	120	412	339	129	63	169	401	383	158	393	161	246	275	64	287	345	235	13	274	106	201	85	358	135	|
|87	0	334	128	402	212	301	204	465	384	187	145	232	424	454	238	475	245	289	352	80	307	352	321	81	352	20	261	170	376	215	|
|302	334	0	239	113	132	237	334	157	70	404	263	162	105	227	229	339	251	65	217	259	53	107	352	293	220	339	134	270	75	235	|
|65	128	239	0	330	107	175	130	348	275	174	40	107	339	326	114	351	125	181	224	58	228	290	222	58	224	143	138	65	297	92	|
|389	402	113	330	0	226	349	438	210	151	502	360	269	48	316	339	441	362	175	328	335	102	55	465	377	330	401	245	371	37	342	|
|171	212	132	107	226	0	169	214	253	173	276	134	64	233	261	130	326	153	77	188	133	125	192	264	162	190	220	68	145	193	125	|
|219	301	237	175	349	169	0	157	257	223	244	157	105	334	180	62	175	61	177	63	233	264	334	118	221	61	317	112	136	312	85	|
|120	204	334	130	438	214	157	0	402	348	88	90	173	438	336	115	307	100	269	220	172	338	406	122	130	218	224	204	69	403	101	|
|412	465	157	348	210	253	257	402	0	88	486	359	245	166	129	287	266	303	178	204	386	208	239	370	406	207	473	212	354	187	304	|
|339	384	70	275	151	173	223	348	88	0	427	291	179	120	166	234	290	254	96	187	306	123	166	342	332	190	391	145	291	119	247	|
|129	187	404	174	502	276	244	88	486	427	0	142	248	508	424	200	390	187	342	308	193	400	464	192	142	306	207	281	136	469	182	|
|63	145	263	40	360	134	157	90	359	291	142	0	114	366	321	95	331	99	202	212	90	258	323	186	65	211	163	148	27	327	72	|
|169	232	162	107	269	64	105	173	245	179	248	114	0	266	222	71	268	94	97	131	155	173	244	203	164	132	245	34	113	233	73	|
|401	424	105	339	48	233	334	438	166	120	508	366	266	0	280	332	409	355	169	305	353	117	96	452	391	308	425	237	374	49	339	|
|383	454	227	326	316	261	180	336	129	166	424	321	222	280	0	231	137	238	208	116	376	277	331	272	381	118	467	197	307	285	253	|
|158	238	229	114	339	130	62	115	287	234	200	95	71	332	231	0	238	23	164	118	171	243	314	134	159	117	255	95	77	302	23	|
|393	475	339	351	441	326	175	307	266	290	390	331	268	409	137	238	0	232	300	138	408	383	445	204	395	136	492	258	308	406	260	|
|161	245	251	125	362	153	61	100	303	254	187	99	94	355	238	23	232	0	187	123	183	267	338	111	164	121	262	117	77	325	34	|
|246	289	65	181	175	77	177	269	178	96	342	202	97	169	208	164	300	187	0	168	210	87	157	290	238	171	296	70	206	138	170	|
|275	352	217	224	328	188	63	220	204	187	308	212	131	305	116	118	138	123	168	0	279	255	322	166	275	3	367	120	195	291	141	|
|64	80	259	58	335	133	233	172	386	306	193	90	155	353	376	171	408	183	210	279	0	236	289	276	51	279	90	182	117	307	150	|
|287	307	53	228	102	125	264	338	208	123	400	258	173	117	277	243	383	267	87	255	236	0	71	374	276	257	308	153	270	71	245	|
|345	352	107	290	55	192	334	406	239	166	464	323	244	96	331	314	445	338	157	322	289	71	0	445	334	325	350	224	337	54	315	|
|235	321	352	222	465	264	118	122	370	342	192	186	203	452	272	134	204	111	290	166	276	374	445	0	243	164	341	221	159	428	142	|
|13	81	293	58	377	162	221	130	406	332	142	65	164	391	381	159	395	164	238	275	51	276	334	243	0	274	100	196	89	347	136	|
|274	352	220	224	330	190	61	218	207	190	306	211	132	308	118	117	136	121	171	3	279	257	325	164	274	0	367	122	194	294	140	|
|106	20	339	143	401	220	317	224	473	391	207	163	245	425	467	255	492	262	296	367	90	308	350	341	100	367	0	272	188	377	232	|
|201	261	134	138	245	68	112	204	212	145	281	148	34	237	197	95	258	117	70	120	182	153	224	221	196	122	272	0	146	208	103	|
|85	170	270	65	371	145	136	69	354	291	136	27	113	374	307	77	308	77	206	195	117	270	337	159	89	194	188	146	0	337	54	|
|358	376	75	297	37	193	312	403	187	119	469	327	233	49	285	302	406	325	138	291	307	71	54	428	347	294	377	208	337	0	306	|
|135	215	235	92	342	125	85	101	304	247	182	72	73	339	253	23	260	34	170	141	150	245	315	142	136	140	232	103	54	306	0	|

--------------------------------------------------------------------------------
Building model...
	using lazy and cut (CVRPSEP package)
Solving IRP LP...
--------------------------------------------------------------------------------

Gurobi 9.1.0 (linux64) logging started Sat Jan  9 22:05:41 2021

Gurobi Optimizer version 9.1.0 build v9.1.0rc0 (linux64)
Thread count: 32 physical cores, 32 logical processors, using up to 2 threads
Optimize a model with 1249 rows, 8014 columns and 18904 nonzeros
Model fingerprint: 0x8ce50b55
Variable types: 574 continuous, 7440 integer (465 binary)
Coefficient statistics:
  Matrix range     [1e+00, 5e+02]
  Objective range  [1e-01, 5e+02]
  Bounds range     [1e+00, 3e+02]
  RHS range        [1e+01, 4e+03]
Presolve removed 124 rows and 31 columns
Presolve time: 0.05s
Presolved: 1125 rows, 7983 columns, 17909 nonzeros
Variable types: 543 continuous, 7440 integer (6990 binary)

Root relaxation: objective 9.113521e+03, 1492 iterations, 0.04 seconds

    Nodes    |    Current Node    |     Objective Bounds      |     Work
 Expl Unexpl |  Obj  Depth IntInf | Incumbent    BestBd   Gap | It/Node Time

     0     0 9113.52057    0  109          - 9113.52057      -     -    0s
     0     0 9407.22903    0  179          - 9407.22903      -     -    0s
     0     0 9425.80750    0  145          - 9425.80750      -     -    0s
     0     0 9427.07671    0  124          - 9427.07671      -     -    0s
     0     0 9437.24698    0  143          - 9437.24698      -     -    0s
     0     0 9691.91342    0  171          - 9691.91342      -     -    0s
     0     0 9718.77267    0  191          - 9718.77267      -     -    0s
     0     0 9718.77267    0  191          - 9718.77267      -     -    0s
     0     0 9876.07568    0  226          - 9876.07568      -     -    1s
     0     0 9908.27608    0  223          - 9908.27608      -     -    1s
     0     0 9908.47255    0  221          - 9908.47255      -     -    1s
     0     0 10014.0788    0  243          - 10014.0788      -     -    1s
     0     0 10023.8140    0  231          - 10023.8140      -     -    1s
     0     0 10024.3802    0  269          - 10024.3802      -     -    1s
     0     0 10046.0189    0  246          - 10046.0189      -     -    1s
     0     0 10050.7504    0  270          - 10050.7504      -     -    2s
     0     0 10051.8173    0  280          - 10051.8173      -     -    2s
     0     0 10052.3141    0  288          - 10052.3141      -     -    2s
     0     0 10058.2406    0  311          - 10058.2406      -     -    2s
     0     0 10060.4054    0  297          - 10060.4054      -     -    2s
     0     0 10061.6092    0  332          - 10061.6092      -     -    2s
     0     0 10061.6856    0  321          - 10061.6856      -     -    2s
     0     0 10067.1024    0  312          - 10067.1024      -     -    2s
     0     0 10067.1024    0  265          - 10067.1024      -     -    3s
     0     2 10071.2175    0  265          - 10071.2175      -     -    4s
     5     8 10091.9987    2  270          - 10075.5175      -   507    5s
    74    78 10317.4763   25  242          - 10078.8052      -   408   10s
   162   171 10489.7099   46  196          - 10078.8052      -   348   15s
   280   309 11301.6057   87  111          - 10078.8052      -   296   20s
   584   673 14807.1300  247   12          - 10078.8052      -   184   25s
   903   864 11995.0361   87  265          - 10078.9325      -   141   30s
   927   880 14641.3500  236  502          - 10136.9245      -   138   35s
   943   891 13934.3949  212  435          - 10167.9106      -   135   40s
   957   900 10370.2250   30  444          - 10170.7397      -   133   45s
   980   917 13168.5561  180  461          - 10170.9728      -   150   50s
   993   927 10203.1375   27  379          - 10173.6146      -   160   55s
  1027   950 10473.0016   35  383          - 10177.4000      -   179   60s
  1074   983 10466.1864   48  341          - 10177.4000      -   197   65s
  1118  1020 10965.8850   60  305          - 10177.4000      -   215   70s
  1182  1065 10978.7866   77  321          - 10177.4000      -   228   75s
  1248  1111 11121.4614   90  313          - 10177.4000      -   236   80s
  1340  1189 11315.0911  109  158          - 10177.4000      -   246   86s
  1433  1257 11843.4383  133   99          - 10177.4000      -   250   90s
  1606  1395 12547.8220  191  104          - 10180.8719      -   244   96s
  1741  1439 10273.4071   33  372          - 10180.8719      -   236  100s
  1923  1547 10365.0804   39  404          - 10180.8719      -   226  106s
  2015  1559 10327.7093   46  360          - 10180.8719      -   225  111s
  2045  1583 10420.7306   53  346          - 10180.8719      -   231  115s
  2103  1635 10564.7262   71  170          - 10180.8719      -   236  120s
  2185  1698 10719.2578   96  189          - 10180.8719      -   239  126s
  2250  1742 11419.2917  117  170          - 10180.8719      -   241  130s
  2359  1842 12185.4585  159  105          - 10180.8719      -   239  135s
  2573  1901 10997.5093   88  262          - 10180.8719      -   227  140s
* 2589  1805             254    14295.920000 10198.0010  28.7%   227  142s
  2636  1794 10388.6646   32  244 14295.9200 10198.0010  28.7%   227  145s
  2689  1831 10406.4622   37  310 14295.9200 10198.0010  28.7%   231  156s
  2738  1889 10516.3745   42  272 14295.9200 10198.0010  28.7%   233  162s
  2777  1923 10523.5435   42  305 14295.9200 10198.0010  28.7%   233  166s
  2824  1916 10642.7606   46  231 14295.9200 10198.0010  28.7%   234  171s
  2833  2036 10735.0659   45  302 14295.9200 10198.0010  28.7%   235  178s
  2966  2077 10591.0903   53  388 14295.9200 10198.0010  28.7%   228  184s
* 3027  1656             210    12731.450000 10198.0010  19.9%   226  185s
  3098  1612 10691.7115   57  259 12731.4500 10198.0010  19.9%   225  190s
  3129  1615 10868.1161   62  212 12731.4500 10198.0010  19.9%   230  199s
  3131  1628 10872.9749   61  288 12731.4500 10198.0010  19.9%   230  202s
  3144  1644 10841.5625   65  260 12731.4500 10198.0010  19.9%   233  207s
  3165  1659 10941.8397   70  199 12731.4500 10198.0010  19.9%   235  211s
  3214  1672 11076.9124   81  229 12731.4500 10198.0010  19.9%   239  220s
  3258  1755 11319.6948   90  131 12731.4500 10198.0010  19.9%   241  228s
  3320  1885 11592.6354  102  130 12731.4500 10198.0010  19.9%   241  234s
  3382  1864 11627.7876  127   28 12731.4500 10198.0010  19.9%   239  235s
  3489  1903 12228.7269  134   64 12731.4500 10208.3796  19.8%   235  241s
  3592  2022 10388.2859   30  440 12731.4500 10208.3796  19.8%   232  246s
  3753  2055 10589.4134   42  299 12731.4500 10208.3796  19.8%   227  251s
  3789  2144 11111.1922   68  152 12731.4500 10234.2547  19.6%   228  257s
  3938  2157     cutoff  128      12731.4500 10244.5384  19.5%   225  262s
  3952  2214 10564.9244   39  411 12731.4500 10244.5384  19.5%   227  266s
  4009  2302 11017.2973   61  153 12731.4500 10246.3524  19.5%   227  271s
  4111  2326 10368.2837   34  200 12731.4500 10247.4201  19.5%   226  276s
  4135  2390 10795.3763   42  155 12731.4500 10247.4201  19.5%   229  281s
  4201  2550 11883.6675   67   84 12731.4500 10251.5277  19.5%   230  289s
  4261  2550 12468.4706   89   82 12731.4500 10251.5277  19.5%   229  290s
  4391  2594 10500.8696   40  370 12731.4500 10251.7963  19.5%   228  296s
  4451  2720 10949.4410   56  293 12731.4500 10253.3403  19.5%   229  302s
  4606  2752 infeasible  134      12731.4500 10265.5592  19.4%   226  308s
  4639  2846 10413.2264   40  328 12731.4500 10265.5592  19.4%   228  315s
  4752  2940 10589.8335   47  272 12731.4500 10265.5592  19.4%   228  323s
  4846  3064 10746.1433   64  177 12731.4500 10265.7705  19.4%   228  332s
  5028  3086     cutoff  118      12731.4500 10266.0922  19.4%   225  339s
* 5064  3132             122    12695.860000 10268.3997  19.1%   227  346s
* 5065  3126             121    12682.860000 10268.3997  19.0%   227  346s
  5162  3175 10496.0134   47  332 12682.8600 10268.7542  19.0%   226  352s
  5211  3345 11191.1216   80  240 12682.8600 10273.5131  19.0%   228  360s
  5405  3461 10446.4874   49  381 12682.8600 10277.8161  19.0%   225  368s
  5541  3562     cutoff  148      12682.8600 10277.9120  19.0%   224  377s
  5666  3655 11034.5867   74   69 12682.8600 10283.2932  18.9%   224  385s
  5778  3790 11008.7565   56  247 12682.8600 10284.1438  18.9%   224  393s
  5950  3935 10706.1684   52  223 12682.8600 10286.6030  18.9%   223  403s
  6100  4055 10943.8364   50  221 12682.8600 10290.2331  18.9%   222  412s
  6267  4160 10422.2623   33  313 12682.8600 10290.5094  18.9%   221  424s
  6371  4276 10591.0690   40  294 12682.8600 10290.5094  18.9%   223  434s
  6479  4276 12680.9300  108    - 12682.8600 10290.5094  18.9%   221  435s
  6528  4460 11253.2938   57  105 12682.8600 10290.9869  18.9%   222  444s
  6558  4460 11715.6272   69   80 12682.8600 10290.9869  18.9%   222  445s
  6739  4476     cutoff   94      12682.8600 10295.9533  18.8%   220  457s
H 6762  4353                    12599.860000 10295.9533  18.3%   221  457s
  6763  4532 10932.0045   54  203 12599.8600 10296.2976  18.3%   221  467s
  6981  4696 10842.5652   46  245 12599.8600 10297.4311  18.3%   218  478s
  7166  4870 10573.8413   37  202 12599.8600 10302.0842  18.2%   217  489s
  7261  4870 12292.6522  119   70 12599.8600 10302.1187  18.2%   216  490s
  7384  5026 10596.6026   48  225 12599.8600 10302.4481  18.2%   215  501s
  7602  5225 10631.6913   37  301 12599.8600 10304.5031  18.2%   214  513s
  7769  5234 11112.2490   77  127 12599.8600 10304.6548  18.2%   214  515s
  7851  5317     cutoff  111      12599.8600 10305.0596  18.2%   213  527s
  7946  5562 11605.2982   82  148 12599.8600 10306.0206  18.2%   214  539s
  8013  5562 11241.1583   59  186 12599.8600 10306.0206  18.2%   214  540s
  8235  5722 11962.4782  100   54 12599.8600 10306.5147  18.2%   212  552s
  8433  5792 12520.0763  108   57 12599.8600 10309.9383  18.2%   211  563s
  8526  5975 11206.8630   58  132 12599.8600 10310.2645  18.2%   214  575s
  8771  6200 11350.7036   52  188 12599.8600 10312.0032  18.2%   213  590s
  9061  6358 12542.5849  118   24 12599.8600 10312.3716  18.2%   211  602s
  9250  6437 infeasible  120      12599.8600 10314.1563  18.1%   210  614s
  9270  6437 11018.5165   47  179 12599.8600 10315.9573  18.1%   212  615s
  9344  6496 10552.0849   45  299 12599.8600 10315.9573  18.1%   212  624s
  9382  6496 10842.9287   64  171 12599.8600 10315.9573  18.1%   213  625s
  9403  6703 10885.3838   66  170 12599.8600 10316.0091  18.1%   215  637s
  9666  6920     cutoff  141      12599.8600 10318.0254  18.1%   214  654s
  9943  7076 10459.9619   33  410 12599.8600 10321.1517  18.1%   213  667s
 10134  7220 10381.8666   40  341 12599.8600 10322.5166  18.1%   213  680s
 10303  7351     cutoff  118      12599.8600 10323.2912  18.1%   213  693s
 10450  7665 11106.6670   60   92 12599.8600 10325.9631  18.0%   214  707s
 10843  7829 10452.8114   48  425 12599.8600 10327.3653  18.0%   211  719s
 10882  7829 11361.1487   87  102 12599.8600 10327.3653  18.0%   211  720s
 11034  7978 10997.1453   48  269 12599.8600 10327.9064  18.0%   211  731s
 11222  8023 10503.9996   44  373 12599.8600 10327.9544  18.0%   211  741s
 11267  8202 10697.8679   58  219 12599.8600 10327.9563  18.0%   213  753s
 11472  8446 infeasible  120      12599.8600 10329.9255  18.0%   214  767s
 11756  8561 10449.3831   46  350 12599.8600 10330.6442  18.0%   213  784s
 11799  8561     cutoff  146      12599.8600 10330.6442  18.0%   213  785s
 11906  8673 10641.5147   58  191 12599.8600 10330.6442  18.0%   213  797s
 12018  8918 10730.3933   74  161 12599.8600 10334.2394  18.0%   214  813s
 12261  8938 11748.9929  144    4 12599.8600 10334.2394  18.0%   212  815s
 12366  9079 10348.2471   38  372 12599.8600 10334.9016  18.0%   213  828s
 12530  9217 10789.3655   47  212 12599.8600 10335.3729  18.0%   214  840s
 12708  9342 10671.9326   38  305 12599.8600 10336.7985  18.0%   214  855s
 12860  9515 10590.3646   37  176 12599.8600 10338.3164  17.9%   214  867s
 13059  9667 infeasible  134      12599.8600 10338.6961  17.9%   214  880s
 13250  9776 10505.0112   40  378 12599.8600 10340.7119  17.9%   214  892s
 13359 10030 11050.5714   78  170 12599.8600 10342.2204  17.9%   215  907s
 13672 10181 12223.1517  118   77 12599.8600 10343.2725  17.9%   214  921s
 13853 10353 10556.2806   44  275 12599.8600 10343.9104  17.9%   214  934s
 14073 10438 10363.5841   35  394 12599.8600 10344.1571  17.9%   214  945s
 14157 10684 10637.9288   46  223 12599.8600 10344.1571  17.9%   215  959s
 14195 10684 11003.3447   57  118 12599.8600 10344.1571  17.9%   216  960s
 14466 10966 11291.2380   67   49 12599.8600 10345.5605  17.9%   215  975s
 14830 11159     cutoff  129      12599.8600 10345.8279  17.9%   213  990s
 15043 11364     cutoff  128      12599.8600 10346.0049  17.9%   212 1003s
 15279 11457 10370.2327   38  356 12599.8600 10346.2939  17.9%   212 1015s
 15372 11665 10756.2291   53  207 12599.8600 10346.3927  17.9%   213 1028s
 15634 11814     cutoff  108      12599.8600 10347.1118  17.9%   212 1040s
 15820 11932 10988.7111   59  192 12599.8600 10347.6827  17.9%   212 1053s
 15962 11996 11394.7889   74  275 12599.8600 10348.1616  17.9%   213 1064s
 15992 11996 infeasible  104      12599.8600 10348.1616  17.9%   213 1065s
 16053 12121 10752.8526   43  464 12599.8600 10348.3014  17.9%   214 1078s
 16205 12247 11082.9901   53  126 12599.8600 10348.3014  17.9%   214 1089s
 16235 12247 11299.4986   64  165 12599.8600 10348.3014  17.9%   215 1090s
 16347 12454 11360.9563   74   87 12599.8600 10349.9296  17.9%   215 1102s
 16612 12647     cutoff  117      12599.8600 10351.7848  17.8%   214 1117s
 16822 12691 infeasible  125      12599.8600 10352.0582  17.8%   214 1128s
 16876 12815 10653.8516   54  252 12599.8600 10352.3701  17.8%   215 1141s
 17000 13038 11112.3105   98  100 12599.8600 10352.7890  17.8%   217 1155s
 17264 13153 10790.8417   41  303 12599.8600 10353.8376  17.8%   217 1168s
 17372 13498 11149.1179   79   99 12599.8600 10354.0686  17.8%   218 1184s
 17522 13499 11936.2826  139   23 12599.8600 10354.0686  17.8%   217 1185s
 17785 13605 10463.0848   38  318 12599.8600 10354.2589  17.8%   216 1196s
 17882 13814 11051.0406   50  223 12599.8600 10354.6194  17.8%   217 1210s
 18158 13964     cutoff   98      12599.8600 10355.9587  17.8%   216 1222s
 18320 14083 10666.4161   39  400 12599.8600 10356.4962  17.8%   216 1235s
 18467 14271 10751.6543   58  305 12599.8600 10357.3835  17.8%   216 1247s
 18685 14382 10974.4078   68  179 12599.8600 10358.8853  17.8%   216 1261s
 18823 14515 10642.5137   48  368 12599.8600 10359.5590  17.8%   216 1274s
 18865 14515 11371.9458   68  158 12599.8600 10359.5590  17.8%   216 1275s
 18976 14632 10534.3960   42  336 12599.8600 10359.5590  17.8%   216 1287s
 19135 14817 10768.9822   52  242 12599.8600 10360.7425  17.8%   217 1300s
 19356 14865 10998.4615   34  210 12599.8600 10360.7806  17.8%   217 1319s
 19404 14960 11626.7433   53  144 12599.8600 10361.1341  17.8%   217 1332s
 19531 15117 10934.8939   59  139 12599.8600 10361.2700  17.8%   217 1346s
 19738 15267 11000.8581   59  245 12599.8600 10361.8411  17.8%   216 1359s
 19768 15267 11895.6085   89  147 12599.8600 10361.8411  17.8%   216 1360s
 19944 15361 10793.4069   43  383 12599.8600 10362.1453  17.8%   216 1373s
 20081 15470     cutoff  100      12599.8600 10364.1202  17.7%   216 1385s
 20198 15545 11835.4100   83  153 12599.8600 10364.1919  17.7%   217 1396s
 20305 15735 10559.7434   59  304 12599.8600 10364.2408  17.7%   217 1410s
 20540 15910 11127.0078   76  168 12599.8600 10365.0966  17.7%   217 1427s
 20782 16107     cutoff  134      12599.8600 10365.2428  17.7%   216 1441s
 20999 16207 10700.0702   41  298 12599.8600 10366.0508  17.7%   217 1455s
 21126 16403 10415.0743   38  391 12599.8600 10366.4210  17.7%   217 1469s
 21173 16403 10963.4404   50  260 12599.8600 10366.4210  17.7%   218 1470s
 21373 16542 11508.0913   65  178 12599.8600 10367.6961  17.7%   217 1483s
 21543 16752 10801.2397   41  317 12599.8600 10370.1620  17.7%   217 1501s
 21834 16891 10848.0551   53  250 12599.8600 10370.5846  17.7%   216 1515s
 21976 17049 10774.8954   48  275 12599.8600 10370.7016  17.7%   216 1528s
 22193 17224 10895.3072   43  282 12599.8600 10373.3836  17.7%   216 1541s
 22404 17387 10773.5999   51  237 12599.8600 10373.8053  17.7%   215 1557s
 22576 17534 10484.4503   41  432 12599.8600 10373.8053  17.7%   215 1572s
 22764 17664 10616.6215   38  234 12599.8600 10373.8113  17.7%   215 1585s
 22910 17801     cutoff  108      12599.8600 10374.1886  17.7%   215 1597s
 23135 17932 10965.8220   36  383 12599.8600 10375.2892  17.7%   215 1610s
 23305 18096 10546.2387   41  470 12599.8600 10375.6675  17.7%   215 1624s
 23499 18136 10482.4326   31  437 12599.8600 10375.8876  17.7%   215 1635s
 23539 18220 10791.2808   44  356 12599.8600 10375.8876  17.7%   216 1647s
 23623 18544 11004.1829   59  232 12599.8600 10376.3422  17.6%   217 1662s
 23960 18544 12350.8345  124   64 12599.8600 10376.5633  17.6%   216 1665s
 24002 18754 10528.4441   45  319 12599.8600 10376.6937  17.6%   216 1677s
 24243 18855 infeasible  153      12599.8600 10377.1903  17.6%   216 1690s
 24370 18937 10699.7619   54  316 12599.8600 10377.4368  17.6%   216 1702s
 24511 18983 10666.1418   45  320 12599.8600 10377.5117  17.6%   216 1713s
 24557 19085 10809.2820   57  338 12599.8600 10377.5117  17.6%   217 1727s
 24661 19296 11389.4098   84   90 12599.8600 10377.9968  17.6%   218 1742s
 24962 19377 infeasible  145      12599.8600 10378.4153  17.6%   217 1755s
 25033 19510 11513.7935   86  206 12599.8600 10379.4906  17.6%   218 1767s
 25193 19577 10599.3865   47  428 12599.8600 10380.0220  17.6%   218 1780s
 25260 19738 10878.9785   54  174 12599.8600 10380.0220  17.6%   219 1793s
 25459 19865 11947.7039   91   93 12599.8600 10380.2574  17.6%   219 1901s
 25652 20042     cutoff  118      12599.8600 10381.1095  17.6%   219 1916s
 25862 20127     cutoff  118      12599.8600 10381.5461  17.6%   219 1931s
 25964 20227 10615.2563   38  360 12599.8600 10382.0742  17.6%   219 1946s
 26076 20343 11557.4181   66  147 12599.8600 10382.1656  17.6%   219 1959s
 26203 20514 10869.5180   51  216 12599.8600 10382.1656  17.6%   219 1973s
 26388 20697 11607.1963   79  163 12599.8600 10382.9001  17.6%   220 1987s
 26641 20828 11031.7118   57  250 12599.8600 10383.6231  17.6%   219 2000s
 26784 20991 10899.0459   55  316 12599.8600 10383.6302  17.6%   219 2014s
 26984 21121 10654.2143   52  275 12599.8600 10384.0197  17.6%   219 2029s
 27107 21235 10726.5030   56  262 12599.8600 10384.0197  17.6%   219 2041s
 27257 21551 11118.6177   74  118 12599.8600 10385.6550  17.6%   220 2056s
 27651 21759     cutoff  137      12599.8600 10385.9732  17.6%   218 2073s
 27873 21759 12245.9362  104   87 12599.8600 10386.7346  17.6%   218 2075s
 27919 21791 10419.4785   42  502 12599.8600 10386.7346  17.6%   218 2085s
 27951 21838 10683.4268   45  345 12599.8600 10386.7346  17.6%   219 2096s
 27998 21931 10827.0793   51  189 12599.8600 10386.7346  17.6%   220 2109s
 28036 21931 10905.0751   57  104 12599.8600 10386.7346  17.6%   220 2110s
 28091 22206 11007.1179   58  168 12599.8600 10386.7346  17.6%   221 2128s
 28238 22206 11927.0454   75  131 12599.8600 10386.7346  17.6%   221 2130s
 28443 22394 11705.1018   83  119 12599.8600 10387.2073  17.6%   220 2146s
 28691 22569 10726.4150   43  360 12599.8600 10387.2096  17.6%   220 2161s
 28857 22797 11200.0356   73   53 12599.8600 10387.3214  17.6%   221 2175s
 29140 22983 12250.7699  111   40 12599.8600 10387.8682  17.6%   220 2189s
 29351 23162 10546.9813   44  423 12599.8600 10388.6660  17.5%   220 2202s
 29559 23287 10901.2618   35  247 12599.8600 10389.6755  17.5%   220 2215s
 29707 23384 10716.8528   35  183 12599.8600 10390.1070  17.5%   220 2227s
 29812 23603 10739.3701   41  335 12599.8600 10390.1390  17.5%   220 2243s
 30062 23604 12103.1901   97   35 12599.8600 10390.1829  17.5%   220 2245s
 30101 23754     cutoff  110      12599.8600 10390.3126  17.5%   220 2259s
 30252 23760 11722.6139   88  151 12599.8600 10390.6956  17.5%   220 2260s
 30297 23869     cutoff  112      12599.8600 10390.8320  17.5%   220 2273s
 30427 23959 11506.9432   90  213 12599.8600 10391.2188  17.5%   220 2287s
 30554 23998 10585.9427   41  392 12599.8600 10391.2595  17.5%   220 2298s
 30593 24175 10824.2870   52  267 12599.8600 10391.3501  17.5%   221 2311s
 30796 24387     cutoff  119      12599.8600 10391.3946  17.5%   222 2326s
 31043 24478 10470.4707   40  419 12599.8600 10392.2443  17.5%   221 2340s
 31154 24627 11368.4466   67  202 12599.8600 10392.2543  17.5%   222 2355s
 31334 24753 10763.3115   34  296 12599.8600 10392.6424  17.5%   221 2368s
 31473 24937 infeasible  123      12599.8600 10394.2179  17.5%   221 2383s
 31703 25023 12153.0609  105   75 12599.8600 10395.3358  17.5%   221 2395s
 31807 25331 11123.8557   59  129 12599.8600 10395.3358  17.5%   222 2410s
 32163 25482 11329.0517   60  189 12599.8600 10395.9546  17.5%   221 2424s
 32242 25482 10681.4847   42  335 12599.8600 10396.3288  17.5%   221 2425s
 32333 25583 11914.3835   79   77 12599.8600 10396.3386  17.5%   221 2436s
 32458 25621 10603.5300   49  400 12599.8600 10396.6995  17.5%   221 2448s
 32496 25898 10886.7339   60  279 12599.8600 10396.9481  17.5%   222 2464s
 32586 25898 11291.0286  105    8 12599.8600 10396.9481  17.5%   222 2465s
 32815 25945     cutoff  158      12599.8600 10396.9982  17.5%   222 2477s
 32881 26101 10698.7256   53  397 12599.8600 10397.5239  17.5%   222 2491s
 33087 26331 11003.2617   66  199 12599.8600 10397.6742  17.5%   222 2506s
 33362 26472     cutoff  131      12599.8600 10398.2402  17.5%   222 2520s
 33511 26604 11239.7863   92  134 12599.8600 10399.0483  17.5%   222 2532s
 33669 26775 10902.5199   55  251 12599.8600 10399.6030  17.5%   222 2546s
H33772 26707                    12577.260000 10399.6030  17.3%   222 2547s
 33883 26867 11064.0931   57  244 12577.2600 10400.0582  17.3%   222 2560s
 34079 27020 11718.8819   69  129 12577.2600 10400.5386  17.3%   222 2574s
 34212 27023 11606.7282   84  110 12577.2600 10400.6155  17.3%   222 2575s
 34259 27057 12541.6900  139    - 12577.2600 10400.6280  17.3%   222 2586s
 34299 27189 10977.6929   51  231 12577.2600 10400.8686  17.3%   223 2600s
 34457 27319 10690.9153   52  363 12577.2600 10400.9641  17.3%   223 2614s
 34605 27535 infeasible  131      12577.2600 10401.0101  17.3%   223 2631s
 34856 27668 10630.1727   43  344 12577.2600 10401.6834  17.3%   223 2644s
 34926 27668 12461.5184  113   61 12577.2600 10401.6834  17.3%   223 2645s
 35013 27805 10571.1684   38  375 12577.2600 10401.6834  17.3%   223 2659s
 35049 27805 11721.7732   74   79 12577.2600 10401.6834  17.3%   224 2660s
H35092 27785                    12570.260000 10401.6834  17.3%   223 2660s
 35190 27864     cutoff   94      12570.2600 10402.0780  17.2%   224 2672s
 35271 28038 11569.2244   73  234 12570.2600 10402.3786  17.2%   224 2685s
 35483 28168 12010.6158   97   91 12570.2600 10402.9104  17.2%   224 2699s
 35567 28168 12131.0019   85  129 12570.2600 10402.9389  17.2%   224 2700s
 35645 28270 11598.9268   74  196 12570.2600 10403.1590  17.2%   224 2712s
 35782 28417 10665.2039   53  339 12570.2600 10403.2280  17.2%   224 2726s
 35929 28499 10697.7804   57  361 12570.2600 10403.2280  17.2%   225 2739s
 35974 28500 11703.7104  120   24 12570.2600 10403.2280  17.2%   225 2740s
 36043 28588 10803.1929   63  267 12570.2600 10403.2280  17.2%   225 2752s
 36138 28791 11604.4342   97   45 12570.2600 10403.9696  17.2%   225 2767s
 36434 28946     cutoff  135      12570.2600 10404.2748  17.2%   225 2782s
 36599 29124 10490.5098   43  372 12570.2600 10405.0125  17.2%   225 2797s
 36807 29251 10890.4394   54  227 12570.2600 10405.6748  17.2%   225 2811s
 37018 29389     cutoff  109      12570.2600 10405.8424  17.2%   225 2825s
 37172 29558 11209.6852   58  190 12570.2600 10406.0397  17.2%   225 2842s
 37387 29640 12430.3039  109   25 12570.2600 10406.2821  17.2%   224 2856s
 37503 29824 11138.2571   63  220 12570.2600 10406.3619  17.2%   225 2869s
 37533 29824 11456.8441   93  193 12570.2600 10406.3619  17.2%   225 2870s
 37719 29996 10650.2065   57  341 12570.2600 10406.8414  17.2%   224 2884s
 37754 29996 11706.8701   92  157 12570.2600 10406.8414  17.2%   224 2885s
 37919 30049 10975.0923   47  322 12570.2600 10407.1338  17.2%   224 2900s
 37989 30152 10766.4520   35  366 12570.2600 10407.1338  17.2%   225 2913s
 38106 30307 11732.7399   65  215 12570.2600 10407.8243  17.2%   225 2926s
 38277 30462     cutoff  109      12570.2600 10407.8645  17.2%   225 2940s
 38459 30537 10552.1985   44  409 12570.2600 10407.9446  17.2%   225 2955s
 38571 30666 10604.0458   42  232 12570.2600 10408.0086  17.2%   225 2969s
 38751 30762 10497.2390   41  372 12570.2600 10408.0800  17.2%   225 2983s
 38875 30828 10707.1927   49  330 12570.2600 10408.0800  17.2%   225 2996s
 38957 30954 11504.0998   67  162 12570.2600 10408.2665  17.2%   226 3010s
 39109 31141 11263.9022   71  106 12570.2600 10408.3200  17.2%   226 3026s
 39374 31288 10652.1383   45  353 12570.2600 10408.8216  17.2%   225 3040s
 39534 31315 10527.6701   45  340 12570.2600 10409.0831  17.2%   225 3055s
 39555 31592 10764.6491   49  241 12570.2600 10409.0831  17.2%   226 3071s
 39861 31766 11444.5293   93  127 12570.2600 10409.1090  17.2%   225 3086s
 40081 31870 11582.4101   90  149 12570.2600 10409.2982  17.2%   225 3100s
 40220 32007 11365.9846   58  266 12570.2600 10409.7560  17.2%   225 3114s
 40379 32236 10952.0295   51  192 12570.2600 10410.6176  17.2%   225 3129s
 40409 32236 11634.0099   81  182 12570.2600 10410.6176  17.2%   225 3130s
 40663 32283 10748.9757   35  443 12570.2600 10411.0913  17.2%   225 3143s
 40716 32360 11058.5013   45  177 12570.2600 10411.0913  17.2%   226 3155s
 40835 32498 11164.9827   59  304 12570.2600 10411.0913  17.2%   226 3169s
 40865 32498 11417.0728   67  152 12570.2600 10411.0913  17.2%   226 3170s
 40987 32622 11533.1833   75   77 12570.2600 10412.2619  17.2%   226 3183s
 41145 32742 11214.0209   44  211 12570.2600 10412.3901  17.2%   226 3196s
 41299 32937 10674.0649   53  285 12570.2600 10412.7281  17.2%   227 3211s
 41526 33094 10535.3544   41  375 12570.2600 10412.8207  17.2%   226 3227s
 41720 33198 12522.2600  119    - 12570.2600 10413.0357  17.2%   226 3240s
 41853 33322 12557.2400  121    - 12570.2600 10413.2228  17.2%   226 3254s
 41900 33323 11571.0836   87  145 12570.2600 10413.2228  17.2%   226 3255s
 41996 33498     cutoff  135      12570.2600 10413.4498  17.2%   226 3269s
 42072 33498 12393.2958  115   69 12570.2600 10413.4498  17.2%   227 3270s
 42246 33630 10792.0606   45  214 12570.2600 10413.5047  17.2%   226 3283s
 42387 33786 11432.7223   71   75 12570.2600 10413.6931  17.2%   227 3297s
 42569 33896 11775.0725   76  149 12570.2600 10414.2722  17.2%   227 3312s
 42706 34047 10554.1828   36  343 12570.2600 10414.5254  17.1%   227 3326s
 42881 34178 11410.4815   65  222 12570.2600 10414.6542  17.1%   227 3339s
 43051 34360 11017.1627   50  291 12570.2600 10415.1823  17.1%   227 3353s
 43267 34501 11009.1987   54  269 12570.2600 10416.6242  17.1%   226 3367s
 43419 34657 11256.4045   79   76 12570.2600 10416.9370  17.1%   226 3381s
 43622 34703     cutoff  116      12570.2600 10417.3217  17.1%   226 3393s
 43691 34824 10770.4278   40  339 12570.2600 10417.3302  17.1%   227 3406s
 43815 35057 10956.4405   58  167 12570.2600 10417.5143  17.1%   227 3422s
 44138 35115     cutoff  119      12570.2600 10418.1320  17.1%   227 3435s
 44219 35367 11086.2160   47  249 12570.2600 10418.1320  17.1%   227 3452s
 44487 35545 12107.6132   90   69 12570.2600 10418.4719  17.1%   227 3467s
 44738 35698 11262.0954   57  210 12570.2600 10418.8624  17.1%   227 3480s
 44936 35804 10753.1367   57  258 12570.2600 10419.1105  17.1%   227 3494s
 45061 35865     cutoff  131      12570.2600 10419.3144  17.1%   227 3506s
 45135 35912 10735.5372   51  300 12570.2600 10419.6755  17.1%   227 3518s
 45182 36082 11002.3257   60  185 12570.2600 10419.6755  17.1%   228 3533s
 45359 36288 12134.5085  117   58 12570.2600 10420.4851  17.1%   228 3550s
 45620 36449 10662.8746   47  302 12570.2600 10420.8769  17.1%   228 3564s
 45815 36546 10566.2695   39  414 12570.2600 10421.0099  17.1%   228 3579s
 45876 36546 11738.5402   88   98 12570.2600 10421.0099  17.1%   229 3580s
 45929 36638 10653.9795   47  217 12570.2600 10421.0099  17.1%   229 3592s
 46035 36700 10866.7906   63  226 12570.2600 10421.0099  17.1%   229 3600s

Cutting planes:
  User: 3654
  Gomory: 22
  Cover: 422
  Implied bound: 51
  Projected implied bound: 18
  Clique: 3
  MIR: 125
  Flow cover: 346
  GUB cover: 4
  Inf proof: 2
  Zero half: 25
  Network: 4
  RLT: 288
  Relax-and-lift: 12
  Lazy constraints: 4608

Explored 46105 nodes (10570998 simplex iterations) in 3600.52 seconds
Thread count was 2 (of 32 available processors)

Solution count 7: 12570.3 12577.3 12599.9 ... 14295.9

Time limit reached
Best objective 1.257026000000e+04, best bound 1.042100991045e+04, gap 17.0979%

User-callback calls 463345, time in user-callback 222.97 sec
================================================================================
executing instance: ./input/Instances/Original/3/absH3high_5n20.dat
--------------------------------------------------------------------------------
Instance details
n	21
H	3
C	1734
Li:
[0, 0, 0, 0, 0, 0, 0, 0, 0, 0, 0, 0, 0, 0, 0, 0, 0, 0, 0, 0, 0, ]
Ui:
[0, 40, 237, 68, 194, 144, 207, 114, 118, 207, 120, 72, 128, 48, 102, 237, 261, 135, 84, 184, 142, ]
Distance matrix:
|0	408	254	408	305	286	284	573	384	380	400	384	552	461	243	577	274	285	345	92	431	|
|408	0	189	21	111	218	178	168	182	283	211	86	158	222	191	168	136	320	219	318	87	|
|254	189	0	198	81	230	31	354	276	174	157	136	307	348	158	348	110	313	275	180	183	|
|408	21	198	0	118	204	190	165	163	302	230	105	169	202	184	170	134	306	202	317	107	|
|305	111	81	118	0	188	80	278	209	221	172	86	247	276	129	276	61	285	220	218	130	|
|286	218	230	204	188	0	249	342	102	401	360	260	373	176	73	360	128	103	60	202	290	|
|284	178	31	190	80	249	0	339	286	151	127	114	284	355	180	330	124	337	290	211	160	|
|573	168	354	165	278	342	339	0	262	411	330	229	118	248	342	37	298	434	316	482	194	|
|384	182	276	163	209	102	286	262	0	429	372	252	319	79	149	287	167	174	55	297	268	|
|380	283	174	302	221	401	151	411	429	0	82	197	318	491	331	390	274	488	439	331	219	|
|400	211	157	230	172	360	127	330	372	82	0	125	237	427	297	308	232	455	390	335	139	|
|384	86	136	105	86	260	114	229	252	197	125	0	171	303	210	217	143	361	278	301	47	|
|552	158	307	169	247	373	284	118	319	318	237	171	0	331	349	84	289	474	366	465	124	|
|461	222	348	202	276	176	355	248	79	491	427	303	331	0	228	279	241	226	119	375	308	|
|243	191	158	184	129	73	180	342	149	331	297	210	349	228	0	352	68	159	127	152	248	|
|577	168	348	170	276	360	330	37	287	390	308	217	84	279	352	0	303	455	339	486	177	|
|274	136	110	134	61	128	124	298	167	274	232	143	289	241	68	303	0	224	166	183	182	|
|285	320	313	306	285	103	337	434	174	488	455	361	474	226	159	455	224	0	119	224	393	|
|345	219	275	202	220	60	290	316	55	439	390	278	366	119	127	339	166	119	0	262	301	|
|92	318	180	317	218	202	211	482	297	331	335	301	465	375	152	486	183	224	262	0	347	|
|431	87	183	107	130	290	160	194	268	219	139	47	124	308	248	177	182	393	301	347	0	|

--------------------------------------------------------------------------------
Building model...
