




arguments: ./build/mirp_solver -f ./input/orig_exec_27.cfg
Current dir: /scratch/gui/bnc_mirp
File verbosity level: 9
date       time         ( uptime  ) [ thread name/id ]                   file:line     v| 
2021-01-09 02:29:34.166 (   0.137s) [main thread     ]             loguru.cpp:789   INFO| Logging to './output/vi_vc/OU/V5/Original/execution_09_01_2021_02_29_34.log', mode: 'a', verbosity: 9
--------------------------------------------------------------------------------
Parameters
                           instance_path           ./input/Instances/Original/1/
                            model_policy                                       1
                             nb_vehicles                                       5
                              output_dir          ./output/vi_vc/OU/V5/Original/
                            sec_strategy                                       1
                       solver_nb_threads                                       2
                         solver_show_log                                    true
                       solver_time_limit                                    3600
                              use_vi_cos                                   false
                              use_vi_cus                                   false
                         use_vi_hc1_full                                   false
                         use_vi_hc1_half                                   false
                      use_vi_hc1_quarter                                   false
                              use_vi_hc2                                   false
                              use_vi_hc3                                   false
                         use_vi_lex_full                                   false
                         use_vi_lex_half                                   false
                      use_vi_lex_quarter                                   false
                              use_vi_qua                                   false
                               use_vi_vc                                    true
                               use_vi_vr                                   false
--------------------------------------------------------------------------------
executing instance: ./input/Instances/Original/1/absH3high_1n5.dat
--------------------------------------------------------------------------------
Instance details
n	6
H	3
C	289
Li:
[0, 0, 0, 0, 0, 0, ]
Ui:
[0, 195, 105, 116, 72, 22, ]
Distance matrix:
|0	85	349	17	203	289	|
|85	0	265	102	214	226	|
|349	265	0	366	368	238	|
|17	102	366	0	207	302	|
|203	214	368	207	0	431	|
|289	226	238	302	431	0	|

--------------------------------------------------------------------------------
Building model...
	using lazy and cut (CVRPSEP package)
Solving IRP LP...
--------------------------------------------------------------------------------

Gurobi 9.1.0 (linux64) logging started Sat Jan  9 02:29:34 2021

Gurobi Optimizer version 9.1.0 build v9.1.0rc0 (linux64)
Thread count: 32 physical cores, 32 logical processors, using up to 2 threads
Optimize a model with 249 rows, 414 columns and 1329 nonzeros
Model fingerprint: 0x7f984865
Variable types: 99 continuous, 315 integer (90 binary)
Coefficient statistics:
  Matrix range     [1e+00, 2e+02]
  Objective range  [2e-01, 4e+02]
  Bounds range     [1e+00, 2e+02]
  RHS range        [1e+01, 5e+02]
Presolve removed 30 rows and 35 columns
Presolve time: 0.01s

Explored 0 nodes (0 simplex iterations) in 0.01 seconds
Thread count was 1 (of 32 available processors)

Solution count 0

Model is infeasible
Best objective -, best bound -, gap -

User-callback calls 45, time in user-callback 0.00 sec

Computing Irreducible Inconsistent Subsystem (IIS)...

           Constraints          |            Bounds           |  Runtime
      Min       Max     Guess   |   Min       Max     Guess   |
--------------------------------------------------------------------------
        0       249         -         0       569         -           0s
       35        44        35         0       124         -           5s
       36        36         -        61        61         -           8s

IIS computed: 36 constraints, 61 bounds
IIS runtime: 7.87 seconds
================================================================================
executing instance: ./input/Instances/Original/1/absH3high_1n45.dat
--------------------------------------------------------------------------------
Instance details
n	46
H	3
C	3462
Li:
[0, 0, 0, 0, 0, 0, 0, 0, 0, 0, 0, 0, 0, 0, 0, 0, 0, 0, 0, 0, 0, 0, 0, 0, 0, 0, 0, 0, 0, 0, 0, 0, 0, 0, 0, 0, 0, 0, 0, 0, 0, 0, 0, 0, 0, 0, ]
Ui:
[0, 273, 270, 36, 165, 192, 148, 45, 30, 75, 180, 198, 112, 117, 90, 64, 180, 22, 264, 174, 168, 270, 86, 66, 26, 66, 237, 156, 92, 108, 144, 72, 30, 45, 94, 54, 174, 96, 198, 136, 44, 180, 210, 249, 198, 48, ]
Distance matrix:
|0	281	201	160	249	201	93	431	236	139	252	136	116	166	390	110	349	374	303	180	327	464	236	70	44	461	346	439	363	254	312	426	305	206	71	137	169	200	247	260	20	219	256	253	460	278	|
|281	0	448	170	53	142	338	184	121	290	371	390	222	302	111	289	169	434	230	177	238	441	59	212	319	211	86	235	399	306	53	176	99	202	263	157	361	101	370	201	264	344	364	374	469	184	|
|201	448	0	285	430	325	114	556	361	171	191	64	228	174	546	294	453	306	364	289	388	435	393	254	157	585	491	536	318	254	490	554	436	407	266	292	108	388	186	337	207	181	205	190	408	364	|
|160	170	285	0	169	43	182	280	80	120	208	231	58	132	262	230	190	294	151	24	174	345	112	107	183	309	207	280	268	158	219	276	155	235	187	45	192	150	205	107	140	177	202	210	356	119	|
|249	53	430	169	0	152	317	238	145	282	377	369	212	299	157	242	215	452	261	183	273	474	76	181	290	264	140	287	421	320	63	229	145	148	221	142	352	53	374	226	234	346	370	378	498	215	|
|201	142	325	43	152	0	224	237	37	156	230	273	101	164	224	261	148	300	127	38	147	333	83	142	225	266	167	238	270	168	193	233	112	246	221	70	228	148	228	84	180	202	222	232	351	87	|
|93	338	114	182	317	224	0	460	262	92	180	52	124	112	440	199	364	307	292	191	317	415	284	140	57	490	387	452	304	208	377	457	336	297	163	181	84	274	175	256	95	152	188	180	402	280	|
|431	184	556	280	238	237	460	0	199	385	420	508	337	385	108	464	110	429	219	269	206	378	202	365	460	30	98	84	388	340	204	9	126	386	432	294	453	283	421	226	411	404	408	423	422	198	|
|236	121	361	80	145	37	262	199	0	191	255	310	138	197	191	290	114	312	118	72	133	330	69	175	262	229	132	204	279	186	174	195	75	258	251	102	262	153	254	81	216	230	246	257	353	72	|
|139	290	171	120	282	156	92	385	191	0	116	129	71	27	380	246	283	235	201	119	226	329	231	141	129	414	323	367	224	119	336	383	266	308	202	141	72	252	112	169	127	82	118	117	322	195	|
|252	371	191	208	377	230	180	420	255	116	0	187	178	90	443	361	311	127	204	195	224	246	313	257	232	446	382	380	129	81	423	421	320	422	318	242	100	355	5	195	241	34	15	2	225	224	|
|136	390	64	231	369	273	52	508	310	129	187	0	173	141	491	233	409	313	330	239	355	431	335	191	93	538	438	495	316	233	429	505	385	342	203	233	88	325	182	297	143	167	199	187	412	323	|
|116	222	228	58	212	101	124	337	138	71	178	173	0	91	319	206	244	284	187	69	212	357	165	85	130	367	265	333	264	151	267	333	213	244	161	70	140	181	175	145	97	145	177	180	359	165	|
|166	302	174	132	299	164	112	385	197	27	90	141	91	0	388	273	280	208	191	127	215	305	243	167	153	413	329	361	198	96	351	383	270	333	229	159	68	272	86	163	153	56	92	91	296	190	|
|390	111	546	262	157	224	440	108	191	380	443	491	319	388	0	399	164	480	264	261	261	456	156	320	426	125	62	186	442	369	107	99	125	300	374	260	452	210	443	252	372	420	433	446	494	227	|
|110	289	294	230	242	261	199	464	290	246	361	233	206	273	399	0	402	480	382	254	404	562	262	124	143	493	369	490	466	355	302	457	344	135	45	191	279	189	356	337	120	328	364	362	563	348	|
|349	169	453	190	215	148	364	110	114	283	311	409	244	280	164	402	0	324	110	174	101	292	151	289	372	135	109	90	284	230	212	111	70	354	364	216	348	245	312	118	329	295	298	313	330	90	|
|374	434	306	294	452	300	307	429	312	235	127	313	284	208	480	480	324	0	216	274	223	137	380	368	357	448	419	367	40	136	487	432	358	525	436	336	227	443	132	234	361	156	119	127	102	255	|
|303	230	364	151	261	127	292	219	118	201	204	330	187	191	264	382	110	216	0	128	25	213	185	258	314	243	203	176	178	123	282	221	144	372	338	193	256	270	206	45	283	193	191	206	239	46	|
|180	177	289	24	183	38	191	269	72	119	195	239	69	127	261	254	174	274	128	0	151	321	118	130	198	299	204	263	246	139	228	266	147	258	211	68	191	169	193	83	159	166	188	197	333	98	|
|327	238	388	174	273	147	317	206	133	226	224	355	212	215	261	404	101	223	25	151	0	203	198	281	339	228	202	156	184	143	288	209	146	390	362	215	280	286	226	68	308	215	210	226	235	61	|
|464	441	435	345	474	333	415	378	330	329	246	431	357	305	456	562	292	137	213	321	203	0	398	440	458	390	400	301	117	211	492	384	348	578	517	389	344	480	251	251	448	265	233	246	54	259	|
|236	59	393	112	76	83	284	202	69	231	313	335	165	243	156	262	151	380	185	118	198	398	0	167	270	231	110	233	347	250	110	195	85	203	230	103	303	95	311	150	217	284	305	315	422	139	|
|70	212	254	107	181	142	140	365	175	141	257	191	85	167	320	124	289	368	258	130	281	440	167	0	109	394	277	378	349	236	244	359	239	167	81	73	196	135	253	213	53	223	257	258	444	226	|
|44	319	157	183	290	225	57	460	262	129	232	93	130	153	426	143	372	357	314	198	339	458	270	109	0	490	379	462	351	247	353	456	334	250	110	168	140	243	226	274	56	201	238	232	449	294	|
|461	211	585	309	264	266	490	30	229	414	446	538	367	413	125	493	135	448	243	299	228	390	231	394	490	0	125	89	408	365	226	36	156	412	462	324	481	311	447	253	441	430	433	448	436	225	|
|346	86	491	207	140	167	387	98	132	323	382	438	265	329	62	369	109	419	203	204	202	400	110	277	379	125	0	155	381	307	113	90	63	288	339	211	394	186	382	190	327	359	371	384	436	165	|
|439	235	536	280	287	238	452	84	204	367	380	495	333	361	186	490	90	367	176	263	156	301	233	378	462	89	155	0	326	299	267	92	148	432	454	306	429	325	382	199	419	369	366	382	348	172	|
|363	399	318	268	421	270	304	388	279	224	129	316	264	198	442	466	284	40	178	246	184	117	347	349	351	408	381	326	0	113	452	391	321	502	422	311	229	415	134	199	348	152	118	130	98	219	|
|254	306	254	158	320	168	208	340	186	119	81	233	151	96	369	355	230	136	123	139	143	211	250	236	247	365	307	299	113	0	359	340	244	390	310	200	148	308	83	117	238	74	68	83	208	145	|
|312	53	490	219	63	193	377	204	174	336	423	429	267	351	107	302	212	487	282	228	288	492	110	244	353	226	113	267	452	359	0	195	145	194	283	199	407	115	421	254	296	394	415	425	521	237	|
|426	176	554	276	229	233	457	9	195	383	421	505	333	383	99	457	111	432	221	266	209	384	195	359	456	36	90	92	391	340	195	0	122	378	426	289	451	275	421	226	406	404	408	423	427	197	|
|305	99	436	155	145	112	336	126	75	266	320	385	213	270	125	344	70	358	144	147	146	348	85	239	334	156	63	148	321	244	145	122	0	286	310	168	336	177	320	128	285	298	309	322	381	103	|
|206	202	407	235	148	246	297	386	258	308	422	342	244	333	300	135	354	525	372	258	390	578	203	167	250	412	288	432	502	390	194	378	286	0	144	191	362	109	418	329	202	388	421	423	591	329	|
|71	263	266	187	221	221	163	432	251	202	318	203	161	229	374	45	364	436	338	211	362	517	230	81	110	462	339	454	422	310	283	426	310	144	0	150	239	168	313	294	77	285	321	319	518	306	|
|137	157	292	45	142	70	181	294	102	141	242	233	70	159	260	191	216	336	193	68	215	389	103	73	168	324	211	306	311	200	199	289	168	191	150	0	210	113	239	148	117	210	238	244	400	157	|
|169	361	108	192	352	228	84	453	262	72	100	88	140	68	452	279	348	227	256	191	280	344	303	196	140	481	394	429	229	148	407	451	336	362	239	210	0	318	95	231	164	79	111	100	325	258	|
|200	101	388	150	53	148	274	283	153	252	355	325	181	272	210	189	245	443	270	169	286	480	95	135	243	311	186	325	415	308	115	275	177	109	168	113	318	0	352	230	187	323	351	357	498	225	|
|247	370	186	205	374	228	175	421	254	112	5	182	175	86	443	356	312	132	206	193	226	251	311	253	226	447	382	382	134	83	421	421	320	418	313	239	95	352	0	196	237	30	19	6	230	224	|
|260	201	337	107	226	84	256	226	81	169	195	297	145	163	252	337	118	234	45	83	68	251	150	213	274	253	190	199	199	117	254	226	128	329	294	148	231	230	196	0	240	178	184	198	272	29	|
|20	264	207	140	234	180	95	411	216	127	241	143	97	153	372	120	329	361	283	159	308	448	217	53	56	441	327	419	348	238	296	406	285	202	77	117	164	187	237	240	0	208	245	242	446	257	|
|219	344	181	177	346	202	152	404	230	82	34	167	145	56	420	328	295	156	193	166	215	265	284	223	201	430	359	369	152	74	394	404	298	388	285	210	79	323	30	178	208	0	37	35	250	206	|
|256	364	205	202	370	222	188	408	246	118	15	199	177	92	433	364	298	119	191	188	210	233	305	257	238	433	371	366	118	68	415	408	309	421	321	238	111	351	19	184	245	37	0	17	214	212	|
|253	374	190	210	378	232	180	423	257	117	2	187	180	91	446	362	313	127	206	197	226	246	315	258	232	448	384	382	130	83	425	423	322	423	319	244	100	357	6	198	242	35	17	0	225	226	|
|460	469	408	356	498	351	402	422	353	322	225	412	359	296	494	563	330	102	239	333	235	54	422	444	449	436	436	348	98	208	521	427	381	591	518	400	325	498	230	272	446	250	214	225	0	285	|
|278	184	364	119	215	87	280	198	72	195	224	323	165	190	227	348	90	255	46	98	61	259	139	226	294	225	165	172	219	145	237	197	103	329	306	157	258	225	224	29	257	206	212	226	285	0	|

--------------------------------------------------------------------------------
Building model...
	using lazy and cut (CVRPSEP package)
Solving IRP LP...
--------------------------------------------------------------------------------

Gurobi 9.1.0 (linux64) logging started Sat Jan  9 02:29:42 2021

Gurobi Optimizer version 9.1.0 build v9.1.0rc0 (linux64)
Thread count: 32 physical cores, 32 logical processors, using up to 2 threads
Optimize a model with 1849 rows, 17074 columns and 38449 nonzeros
Model fingerprint: 0x14bab8c0
Variable types: 859 continuous, 16215 integer (690 binary)
Coefficient statistics:
  Matrix range     [1e+00, 7e+02]
  Objective range  [1e-01, 6e+02]
  Bounds range     [1e+00, 3e+02]
  RHS range        [1e+01, 6e+03]
Presolve removed 184 rows and 46 columns
Presolve time: 0.06s
Presolved: 1665 rows, 17028 columns, 36824 nonzeros
Variable types: 813 continuous, 16215 integer (15540 binary)

Root relaxation: objective 1.323538e+04, 1844 iterations, 0.07 seconds

    Nodes    |    Current Node    |     Objective Bounds      |     Work
 Expl Unexpl |  Obj  Depth IntInf | Incumbent    BestBd   Gap | It/Node Time

     0     0 13235.3799    0  155          - 13235.3799      -     -    0s
     0     0 13595.6284    0  168          - 13595.6284      -     -    0s
     0     0 13892.7545    0  197          - 13892.7545      -     -    1s
     0     0 13988.8971    0  201          - 13988.8971      -     -    1s
     0     0 13989.8108    0  201          - 13989.8108      -     -    1s
     0     0 14135.1461    0  222          - 14135.1461      -     -    1s
     0     0 14152.3159    0  238          - 14152.3159      -     -    1s
     0     0 14161.9793    0  229          - 14161.9793      -     -    1s
     0     0 14162.6244    0  249          - 14162.6244      -     -    1s
     0     0 14237.0501    0  292          - 14237.0501      -     -    2s
     0     0 14247.6233    0  261          - 14247.6233      -     -    2s
     0     0 14253.0771    0  322          - 14253.0771      -     -    2s
     0     0 14253.5506    0  315          - 14253.5506      -     -    2s
     0     0 14313.0892    0  295          - 14313.0892      -     -    3s
     0     0 14343.3272    0  331          - 14343.3272      -     -    3s
     0     0 14344.3126    0  316          - 14344.3126      -     -    4s
     0     0 14414.2900    0  359          - 14414.2900      -     -    4s
     0     0 14428.4379    0  381          - 14428.4379      -     -    5s
     0     0 14429.8772    0  401          - 14429.8772      -     -    5s
     0     0 14451.6933    0  414          - 14451.6933      -     -    6s
     0     0 14458.7844    0  369          - 14458.7844      -     -    7s
     0     0 14492.4947    0  432          - 14492.4947      -     -    8s
     0     0 14535.4561    0  465          - 14535.4561      -     -    8s
     0     0 14536.6377    0  470          - 14536.6377      -     -    8s
     0     0 14559.6679    0  481          - 14559.6679      -     -    9s
     0     0 14563.7522    0  404          - 14563.7522      -     -    9s
     0     0 14564.9969    0  489          - 14564.9969      -     -    9s
     0     0 14572.7599    0  470          - 14572.7599      -     -   10s
     0     0 14578.1648    0  368          - 14578.1648      -     -   10s
     0     2 14587.2050    0  338          - 14587.2050      -     -   17s
    11    15 14589.4348    4  494          - 14589.4348      -   719   20s
    45    48 14757.3244   14  376          - 14589.4348      -   523   25s
    85    91 14717.8312   24  333          - 14589.4348      -   461   30s
   126   134 14818.3689   35  395          - 14589.4348      -   461   35s
   177   185 14975.9816   50  330          - 14589.4348      -   411   40s
   237   268 15005.8679   56  348          - 14589.4348      -   390   45s
   373   408 15101.6057   70  253          - 14589.4348      -   300   50s
   514   524 15208.0848   78  185          - 14589.4348      -   247   55s
   633   564 15498.7983   92  137          - 14589.4348      -   219   60s
   693   629 16042.3517  125  105          - 14589.4348      -   219   65s
   741   663 14740.7854   25  194          - 14589.4348      -   214   70s
   751   670 19517.8260  239  652          - 14624.2589      -   211   75s
   758   674 15783.5033  110  559          - 14668.7560      -   209   80s
   767   680 15664.7774  103  487          - 14674.2636      -   207   85s
   774   685 14679.9866    8  414          - 14679.9866      -   205   90s
   784   692 16070.0980  101  422          - 14703.0434      -   202   95s
   791   696 19712.5555  259  505          - 14704.5836      -   201  100s
   798   701 15168.6050   64  473          - 14706.0069      -   199  106s
   804   705 15379.9321   69  502          - 14706.2835      -   197  110s
   814   713 14896.0726   46  130          - 14706.3099      -   258  115s
   822   719 15415.3517   75  425          - 14706.3099      -   255  120s
   831   725 17450.3303  159  440          - 14706.5054      -   253  125s
   837   729 14745.6212   20  498          - 14706.5447      -   251  130s
   841   731 14740.7854   25  471          - 14706.5460      -   250  139s
   842   735 14708.2601   25  463          - 14708.1732      -   280  145s
   844   736 14708.9370   26  444          - 14708.9370      -   281  150s
   848   739 14712.2174   27  569          - 14710.7913      -   282  158s
   852   742 14715.3534   28  544          - 14712.4685      -   285  162s
   856   744 14725.4711   29  505          - 14715.3564      -   292  165s
   862   748 14779.9113   30  470          - 14728.2404      -   302  171s
   873   758 14732.6983   33  514          - 14732.6983      -   309  176s
   881   763 14734.1028   35  457          - 14734.1028      -   317  180s
   899   777 14843.9664   38  357          - 14743.3345      -   328  185s
   921   792 14749.2504   43  418          - 14747.3836      -   336  190s
   946   811 14771.2767   49  516          - 14747.3836      -   346  195s
   974   832 14784.7755   55  439          - 14747.3836      -   356  201s
  1003   853 14886.9502   61  414          - 14747.3836      -   368  206s
  1031   871 14895.6802   65  382          - 14747.3836      -   375  210s
  1063   903 14908.1483   69  362          - 14747.3836      -   380  215s
  1116   938 14914.8277   74  328          - 14747.3836      -   379  220s
  1158   967 14918.2592   78  440          - 14747.3836      -   378  226s
  1212  1020 15045.4225   84  355          - 14747.3836      -   378  232s
  1252  1040 15061.4223   88  445          - 14747.3836      -   374  235s
  1330  1098 15125.6697   94  354          - 14747.3836      -   368  242s
  1374  1126 15143.8882   98  330          - 14747.3836      -   365  245s
  1458  1176 15208.1451  105  338          - 14747.3836      -   360  255s
  1555  1246 15282.9156  111  357          - 14747.3836      -   353  264s
  1616  1284 15305.0061  114  372          - 14747.3836      -   349  268s
  1678  1309 15313.4635  119  353          - 14747.3836      -   343  273s
  1724  1341 15338.0865  124  353          - 14747.3836      -   343  277s
  1771  1358 15340.5863  129  366          - 14747.3836      -   341  281s
  1820  1400 15351.2926  134  378          - 14747.3836      -   340  286s
  1884  1442 15358.8974  139  344          - 14747.3836      -   338  291s
  1947  1447 15366.0102  145  347          - 14747.3836      -   336  309s
  1977  1519 15706.9168  145  319          - 14747.3836      -   335  315s
  2063  1581 15382.9781  151  366          - 14747.3836      -   330  321s
  2154  1643 15400.5866  160  319          - 14747.3836      -   328  328s
  2246  1703 15412.6030  167  298          - 14747.3836      -   325  334s
  2337  1770 15554.6029  174  256          - 14747.3836      -   323  341s
  2434  1832 15547.5274  181  357          - 14747.3836      -   320  347s
  2531  1929 15559.7608  188  338          - 14747.3836      -   318  355s
  2664  2027 15579.9287  200  319          - 14747.3836      -   312  363s
  2808  2141 15919.0141  207  292          - 14747.3836      -   304  372s
  2974  2152 15791.0065  217  324          - 14747.3836      -   296  381s
  3082  2149 15628.9525  225  391          - 14747.3836      -   292  388s
  3099  2170 15982.9816  232  339          - 14747.3836      -   297  393s
  3120  2188 15649.2444  242  355          - 14747.3836      -   299  399s
  3138  2209 15687.6296  250  309          - 14747.3836      -   304  405s
  3161  2238 15771.6001  260  320          - 14747.3836      -   308  410s
  3190  2264 16013.5858  272  354          - 14747.3836      -   312  418s
  3216  2300 15799.3944  284  362          - 14747.3836      -   318  424s
  3252  2329 15822.4173  298  356          - 14747.3836      -   321  431s
  3281  2361 15918.1770  309  301          - 14747.3836      -   326  438s
  3315  2404 15879.8199  322  335          - 14747.3836      -   330  445s
  3358  2448 15944.4126  338  333          - 14747.3836      -   333  451s
  3404  2497 15998.5803  354  296          - 14747.3836      -   335  458s
  3453  2546 16151.3606  371  310          - 14747.3836      -   336  466s
  3502  2598 16273.5934  387  293          - 14747.3836      -   339  474s
  3562  2652 16250.0989  405  296          - 14747.3836      -   340  482s
  3620  2717 16335.4359  421  329          - 14747.3836      -   342  490s
  3685  2804 16425.3530  436  255          - 14747.3836      -   343  499s
  3772  2906 16469.5708  453  293          - 14747.3836      -   344  508s
  3874  2980 16494.4209  473  303          - 14747.3836      -   345  519s
  3928  2980 15995.5844  190  203          - 14747.3836      -   345  520s
  3948  3072 16640.4336  486  283          - 14747.3836      -   346  529s
  4043  3170 16729.3192  505  321          - 14747.3836      -   347  540s
  4143  3279 16811.2923  528  305          - 14747.3836      -   347  551s
  4252  3405 16960.3474  552  269          - 14747.3836      -   346  563s
  4356  3405 16080.1324  307  234          - 14747.3836      -   345  565s
  4380  3566 17087.6589  583  238          - 14747.3836      -   345  576s
  4547  3718 17281.9657  629  248          - 14747.3836      -   342  590s
  4729  3848 17881.7072  676  246          - 14748.2156      -   339  608s
  4941  3950 15046.5821   28  499          - 14748.2156      -   334  623s
  5043  4056 15011.1024   32  515          - 14748.2156      -   334  638s
  5149  4169 15048.8527   34  570          - 14748.2156      -   336  653s
  5262  4321 15084.4832   41  563          - 14748.2156      -   336  670s
  5414  4622 15120.9813   67  329          - 14748.2156      -   335  688s
  5513  4622 15340.5765  144  233          - 14748.2156      -   332  690s
  5717  4983 15355.0325  217  199          - 14748.2156      -   327  741s
  6078  5469 15433.3057  404  277          - 14748.2156      -   315  765s
  6330  5469 15709.9002  639  185          - 14748.2156      -   305  770s
  6564  5862 15797.0162  723  196          - 14748.5202      -   300  789s
  6606  5862 15842.6477  765  172          - 14748.5202      -   298  790s
  6981  6079 14963.8745   36  440          - 14748.5202      -   291  811s
  7198  6374 14866.5814   40  422          - 14748.5202      -   290  836s
  7394  6374 16991.2757 1163  129          - 14748.5202      -   287  840s
  7549  6449 14969.5612   55  296          - 14748.5202      -   284  857s
  7624  6646 15192.8014   86  221          - 14748.5202      -   286  873s
  7722  6646 15348.9465  165  236          - 14748.5202      -   285  875s
  7821  7344 15436.4560  207  199          - 14749.0022      -   285  898s
  7933  7344 15685.6937  288  103          - 14749.0022      -   282  900s
  8262  7344 17746.4765  546   66          - 14749.0022      -   273  905s
  8573  7804 14843.9450   34  418          - 14749.0022      -   268  928s
  8702  7804 16137.1726  310  127          - 14749.0022      -   267  930s
  9061  7804 17313.4983  606   64          - 14749.0022      -   258  935s
  9089  7856 14911.8671   42  310          - 14749.0022      -   258  958s
  9141  7995 14994.1772   51  337          - 14749.0022      -   261  972s
  9280  8235 15153.4049   60  199          - 14749.0022      -   262  989s
  9308  8235 15182.7839   69  164          - 14749.0022      -   262  990s
  9522  9046 15216.3700   84  224          - 14749.0022      -   260 1013s
  9592  9046 15290.6379  124  133          - 14749.0022      -   260 1018s
  9704  9046 15930.0398  263  138          - 14749.0022      -   259 1020s
 10102  9046 17858.8664  516  118          - 14749.0022      -   250 1025s
 10421  9374 15367.4106  157  139          - 14749.0022      -   243 1043s
 10519  9374 15426.0451  249  127          - 14749.0022      -   241 1045s
 10791  9705 15489.6369  391  185          - 14758.5922      -   237 1062s
 10903  9705 15597.6352  500  190          - 14758.5922      -   235 1065s
 11147  9837 14814.9258   30  278          - 14758.5922      -   232 1081s
 11279 10489 14874.4201   34  520          - 14758.5922      -   233 1100s
 11555 10489 15565.5904  362  140          - 14758.5922      -   230 1105s
 11877 10489 15826.2323  659  121          - 14758.5922      -   224 1110s
 11933 11511 14969.2112   52  247          - 14758.5922      -   223 1128s
 12045 11511 15089.3952  159  160          - 14758.5922      -   222 1130s
 12298 11511 15473.5120  388  117          - 14758.5922      -   218 1137s
 12961 11511 17249.0094 1115   59          - 14758.5922      -   209 1146s
 12974 11652 15922.4856  517  102          - 14758.8095      -   209 1157s
 13185 11712 15031.9724   51  400          - 14758.9592      -   209 1170s
 13245 11875 15110.4402   58  275          - 14758.9592      -   210 1182s
 13408 12222 15238.0453   81  301          - 14758.9592      -   210 1197s
 13758 12854 15567.8913  185  234          - 14758.9592      -   208 1221s
 13972 12854 16033.7625  345  140          - 14758.9592      -   206 1225s
 14256 12854 16425.0355  621  160          - 14758.9592      -   202 1230s
 14448 12937 16597.9569  687  175          - 14763.8868      -   201 1244s
 14485 12937 16749.8753  713  189          - 14763.8868      -   201 1245s
 14584 13016 14837.8092   36  406          - 14763.8868      -   202 1263s
 14663 13194 14929.7163   47  327          - 14763.8868      -   203 1276s
 14841 13845 15173.6986   76  178          - 14763.8868      -   203 1294s
 14855 13845 15234.2123   84  171          - 14763.8868      -   203 1295s
 15179 13845 15798.8599  328  192          - 14763.8868      -   201 1301s
 15389 13845 15949.6671  531  218          - 14763.8868      -   198 1305s
 15492 14612 15586.0910  201  159          - 14763.8868      -   197 1322s
 15674 14612 15898.7623  349  122          - 14763.8868      -   196 1325s
 15945 14612 16474.9040  838  165          - 14763.8868      -   193 1330s
 16183 14612 16667.7403 1070  149          - 14763.8868      -   191 1335s
 16268 15163 16053.5611  375  116          - 14763.8868      -   190 1351s
 16537 15163 17629.9720  546   49          - 14763.8868      -   188 1355s
 16910 15163 21565.1403 1243   52          - 14763.8868      -   185 1360s
 16978 15415 17945.4675  573   26          - 14767.3396      -   185 1372s
 17166 15415 18671.1088  705   19          - 14767.3396      -   183 1375s
 17304 15474 14962.8863   46  409          - 14767.3396      -   183 1387s
 17363 15723 15016.0793   55  348          - 14767.3396      -   184 1400s
 17612 16412 15151.6779   65  426          - 14767.3396      -   183 1419s
 17630 16412 15194.7520   77  294          - 14767.3396      -   183 1441s
 17876 16412 17924.3595  385   93          - 14767.3396      -   182 1445s
 18214 16412 18904.4729  667   96          - 14767.3396      -   179 1450s
 18347 16550 15277.8677   91  300          - 14767.3396      -   178 1466s
 18590 16631 15484.2466  118  220          - 14767.3396      -   177 1480s
 18671 16851 15665.9849  156  224          - 14767.3396      -   178 1492s
 18797 16851 16055.9205  242  210          - 14767.3396      -   177 1495s
 18891 17345 16111.8842  299  199          - 14767.3396      -   177 1515s
 19134 17345 17228.5756  485  152          - 14767.3396      -   175 1520s
 19401 17707 17879.1381  653  157          - 14771.7749      -   174 1537s
 19532 17707 18493.1026  751  138          - 14771.7749      -   173 1540s
 19825 17942 14886.6542   40  429          - 14771.7749      -   173 1557s
 20031 17942 15812.8508  400  144          - 14771.7749      -   172 1561s
 20060 18095 14937.1846   42  281          - 14771.7749      -   172 1572s
 20239 18143 14956.8375   56  272          - 14771.7749      -   172 1583s
 20287 18220 15120.0486   73  280          - 14771.7749      -   173 1593s
 20364 18384 15287.1242  103  202          - 14771.7749      -   174 1604s
 20406 18384 15386.1765  127  186          - 14771.7749      -   174 1605s
 20528 18600 15522.1410  193  204          - 14771.7749      -   174 1619s
 20570 18600 15561.3901  233  192          - 14771.7749      -   174 1620s
 20744 19068 15763.5440  306  194          - 14771.7749      -   174 1634s
 20786 19068 15833.3605  344  154          - 14771.7749      -   173 1635s
 21212 19849 16080.2551  543  172          - 14771.7749      -   171 1734s
 21226 19849 16087.8552  557  180          - 14771.7749      -   171 1735s
 21464 19849 16396.6643  776  182          - 14771.7749      -   170 1740s
 21737 19849 16185.4276  428  197          - 14771.7749      -   168 1745s
 21996 19849 17307.2513  646  170          - 14771.7749      -   167 1750s
 22007 20540 16577.7075  889  132          - 14771.7749      -   167 1763s
 22077 20540 16880.6606  933  143          - 14771.7749      -   166 1765s
 22385 20540 17661.5735  717  149          - 14771.7749      -   165 1770s
 22679 20540 19578.2557  884   90          - 14771.7749      -   163 1775s
 22789 20730 17580.8972 1099   97          - 14774.0027      -   163 1787s
 22957 20730 18065.7245 1235   91          - 14774.0027      -   162 1790s
 22996 20847 14982.0452   36  339          - 14774.0027      -   163 1800s
 23121 21262 15820.9081   91  150          - 14775.8753      -   164 1816s
 23392 21262 17498.8662  274   68          - 14775.8753      -   163 1820s
 23603 21469 14959.7438   39  406          - 14775.8753      -   162 1835s
 23810 22091 14979.6122   53  252          - 14775.8753      -   162 1862s
 23953 22091 15824.3844  296  124          - 14775.8753      -   162 1865s
 24224 22091 16661.8334  526  121          - 14775.8753      -   161 1870s
 24503 22091 19473.9388  721  134          - 14775.8753      -   159 1875s
 24512 22243 15220.5102   85  195          - 14775.8753      -   159 1884s
 24554 22243 15347.6169  114  125          - 14775.8753      -   159 1885s
 24664 22878 15485.1465  182  103          - 14778.2293      -   159 1903s
 24784 22878 16060.1105  281   79          - 14778.2293      -   159 1905s
 24854 22878 16170.5947  348   81          - 14778.2293      -   158 1910s
 25149 22878 16730.8668  593   57          - 14778.2293      -   157 1915s
 25402 22977 14962.9902   37  425          - 14778.2293      -   156 1927s
 25501 23629 15053.6638   60  275          - 14778.2293      -   157 1942s
 25705 23629 15758.9591  190  161          - 14778.2293      -   157 1947s
 25845 23629 15970.7364  311  139          - 14778.2293      -   156 1950s
 26139 23629 16598.1545  577  109          - 14778.2293      -   155 1955s
 26157 23823 15303.7466   97   82          - 14778.2293      -   155 1966s
 26369 24015 15837.1541  205   76          - 14780.2252      -   155 1980s
 26595 24067 14938.8932   48  415          - 14780.2252      -   155 1992s
 26647 24157 15026.3605   56  336          - 14780.2252      -   156 2003s
 26727 24157 15251.4149   85  122          - 14780.2252      -   156 2005s
 26737 24598 15159.8823   73  210          - 14780.2252      -   156 2018s
 27046 24598 15624.0179  291   92          - 14780.2252      -   155 2023s
 27116 24598 15750.5737  356  122          - 14780.2252      -   155 2025s
 27172 24598 15835.0781  409   93          - 14780.2252      -   155 2030s
 27178 24988 15587.0296  102  157          - 14780.2252      -   155 2042s
 27319 24988 16298.8261  203  132          - 14780.2252      -   154 2045s
 27596 25464 16640.6957  367   69          - 14782.9313      -   154 2062s
 27765 25464 17507.1672  487   76          - 14782.9313      -   153 2065s
 27879 25464 17763.7886  591   96          - 14782.9313      -   152 2070s
 28166 25561 14946.6972   34  392          - 14782.9313      -   152 2083s
 28263 25810 15077.8459   49  214          - 14782.9313      -   152 2095s
 28514 25933 15219.3806   67  317          - 14782.9313      -   152 2111s
 28658 26066 15374.3935   89  248          - 14782.9313      -   152 2123s
 28791 26492 15673.1793  149  156          - 14782.9313      -   153 2137s
 28903 26492 15829.2901  255  179          - 14782.9313      -   152 2140s
 29229 26635 17668.7038  467  104          - 14785.8572      -   152 2156s
 29424 26792 14885.3449   28  459          - 14785.8572      -   152 2170s
 29581 27021 14900.2161   38  527          - 14785.8572      -   152 2189s
 29589 27021 15834.5598  220  201          - 14785.8572      -   152 2190s
 29856 27063 15024.7888   41  349          - 14785.8572      -   152 2203s
 29898 27126 15040.5427   56  196          - 14785.8572      -   152 2214s
 29926 27126 15092.5978   59  193          - 14785.8572      -   153 2215s
 29961 27262 15124.1550   64  193          - 14785.8572      -   153 2227s
 30099 27439 15298.8730  109   65          - 14785.8572      -   153 2242s
 30276 27809 15519.5992  160   53          - 14791.7417      -   154 2259s
 30304 27809 15527.3605  186   40          - 14791.7417      -   153 2260s
 30672 28167 14859.5612   40  367          - 14791.7417      -   153 2278s
 30768 28167 15976.1483  213  167          - 14791.7417      -   153 2280s
 31058 28167 17199.9694  434  122          - 14791.7417      -   152 2285s
 31104 28264 14992.3886   55  232          - 14791.7417      -   152 2294s
 31118 28264 15120.6875   60  166          - 14791.7417      -   152 2295s
 31219 28449 15225.2657   78  192          - 14791.7417      -   152 2305s
 31404 29054 15550.4607  193  173          - 14795.2299      -   152 2326s
 31600 29054 16027.1157  372  119          - 14795.2299      -   151 2330s
 32074 29366 14970.1839   50  408          - 14795.2299      -   150 2349s
 32134 29366 15571.8513  200   84          - 14795.2299      -   150 2350s
 32408 29423 15116.3684   61  330          - 14795.2299      -   150 2362s
 32465 29540 15310.2077   77  223          - 14795.2299      -   150 2372s
 32582 30024 15544.0545  112  104          - 14795.2299      -   151 2388s
 32694 30024 15835.7501  188  186          - 14795.2299      -   150 2390s
 33011 30024 15986.3119  285   30          - 14795.2299      -   150 2395s
 33095 30324 15969.9834  243  140          - 14797.7770      -   150 2409s
 33123 30324 15986.1588  270  134          - 14797.7770      -   150 2410s
 33376 30324 17715.5491  454  114          - 14797.7770      -   149 2415s
 33492 30365 14922.2284   57  434          - 14797.7770      -   149 2425s
 33533 30454 15028.2849   62  369          - 14797.7770      -   150 2438s
 33622 30647 15119.6293   73  338          - 14797.7770      -   150 2451s
 33815 30998 15176.8606   82  245          - 14797.7770      -   150 2466s
 33962 30998 16583.1337  277   75          - 14797.7770      -   150 2470s
 34200 31054 15378.6229   94  237          - 14797.7770      -   150 2483s
 34214 31054 15367.0968  100  195          - 14797.7770      -   150 2490s
 34256 31219 15502.8142  112  226          - 14797.7770      -   150 2500s
 34421 31504 15970.7119  190  110          - 14797.7770      -   151 2516s
 34609 31504 16666.9578  332  114          - 14797.7770      -   150 2520s
 34718 31956 17017.8000  357  112          - 14800.3512      -   150 2536s
 34928 31956 17079.8112  561  111          - 14800.3512      -   150 2540s
 35197 32042 14931.2820   56  461          - 14800.3512      -   149 2553s
 35283 32294 15014.3180   65  379          - 14800.3512      -   150 2564s
 35307 32294 15270.7563   76  297          - 14800.3512      -   150 2565s
 35479 32294 16587.9481  284  162          - 14800.3512      -   150 2570s
 35537 32388 15245.5852   76  238          - 14800.3512      -   149 2580s
 35655 32480 15537.1362   94  219          - 14800.3512      -   150 2590s
 35747 32625 15707.7158  127  204          - 14800.3512      -   150 2601s
 35892 33227 16123.8748  197  169          - 14800.3512      -   150 2615s
 36130 33227 16497.4139  408   73          - 14800.3512      -   150 2620s
 36419 33227 17627.3488  627  107          - 14800.3512      -   149 2625s
 36512 33901 17651.5201  636  100          - 14801.6602      -   149 2643s
 36610 33901 17840.4632  728  113          - 14801.6602      -   149 2645s
 36711 33901 18405.8681  792  108          - 14801.6602      -   148 2655s
 37032 33901 16270.3942  292  124          - 14801.6834      -   148 2660s
 37316 33938 14898.5138   42  420          - 14801.6834      -   147 2673s
 37353 34107 14960.5804   54  420          - 14801.6834      -   148 2685s
 37455 34107 15181.0840   83  137          - 14801.6834      -   148 2690s
 37524 34518 15127.2442   68  316          - 14801.6834      -   148 2704s
 37538 34518 15183.3552   76  191          - 14801.6834      -   148 2705s
 37822 34518 15779.2236  281   73          - 14801.6834      -   147 2710s
 37943 34753 15460.5218  105  136          - 14801.6834      -   147 2724s
 37957 34753 15454.6795  115  135          - 14801.6834      -   147 2725s
 38200 35094 16114.8212  149   71          - 14808.3704      -   147 2740s
 38458 35094 16830.2108  349   95          - 14808.3704      -   146 2745s
 38571 35164 14883.5103   32  352          - 14808.3704      -   146 2758s
 38641 35424 15022.4443   47  140          - 14808.3704      -   146 2769s
 38655 35424 15073.2846   55  105          - 14808.3704      -   146 2770s
 38893 35424 15608.5969  238  140          - 14808.3704      -   146 2775s
 38901 36095 15124.6468   85   91          - 14808.3704      -   146 2790s
 39170 36095 15760.9681  333  130          - 14808.3704      -   146 2795s
 39450 36095 17327.7104  485   72          - 14808.3704      -   145 2800s
 39613 36656 15374.8594  205   38          - 14808.3704      -   144 2819s
 39655 36656 15497.2241  236   17          - 14808.3704      -   144 2820s
 39949 36656 16130.1413  445   15          - 14808.3704      -   143 2825s
 40204 36939 17373.9342  448   53          - 14809.9648      -   143 2844s
 40246 36939 16513.2439  477   50          - 14809.9648      -   143 2845s
