




arguments: ./build/mirp_solver -f ./input/orig_exec_199.cfg
Current dir: /scratch/gui/bnc_mirp
File verbosity level: 9
date       time         ( uptime  ) [ thread name/id ]                   file:line     v| 
2021-01-10 08:25:24.109 (   0.106s) [main thread     ]             loguru.cpp:789   INFO| Logging to './output/vi_hc1_half/OU/V2/Original/execution_10_01_2021_08_25_24.log', mode: 'a', verbosity: 9
--------------------------------------------------------------------------------
Parameters
                           instance_path           ./input/Instances/Original/6/
                            model_policy                                       1
                             nb_vehicles                                       2
                              output_dir    ./output/vi_hc1_half/OU/V2/Original/
                            sec_strategy                                       1
                       solver_nb_threads                                       2
                         solver_show_log                                    true
                       solver_time_limit                                    3600
                              use_vi_cos                                   false
                              use_vi_cus                                   false
                         use_vi_hc1_full                                   false
                         use_vi_hc1_half                                    true
                      use_vi_hc1_quarter                                   false
                              use_vi_hc2                                   false
                              use_vi_hc3                                   false
                         use_vi_lex_full                                   false
                         use_vi_lex_half                                   false
                      use_vi_lex_quarter                                   false
                              use_vi_qua                                   false
                               use_vi_vc                                   false
                               use_vi_vr                                   false
--------------------------------------------------------------------------------
executing instance: ./input/Instances/Original/6/absH6high_1n25.dat
--------------------------------------------------------------------------------
Instance details
n	26
H	6
C	1711
Li:
[0, 0, 0, 0, 0, 0, 0, 0, 0, 0, 0, 0, 0, 0, 0, 0, 0, 0, 0, 0, 0, 0, 0, 0, 0, 0, ]
Ui:
[0, 168, 176, 34, 66, 36, 177, 106, 118, 182, 64, 141, 189, 63, 46, 111, 182, 231, 36, 66, 68, 54, 132, 90, 246, 75, ]
Distance matrix:
|0	191	200	231	334	329	146	196	208	245	218	164	283	394	151	358	156	196	309	253	201	260	127	138	130	104	|
|191	0	226	229	278	146	328	216	390	417	327	293	195	334	106	296	171	122	472	151	12	411	280	53	190	130	|
|200	226	0	38	149	359	321	10	276	274	418	364	139	204	121	173	321	115	303	141	225	236	155	202	311	256	|
|231	229	38	0	110	352	358	37	314	310	448	395	108	167	129	135	342	109	336	120	226	268	194	213	335	277	|
|334	278	149	110	0	367	467	147	422	413	546	495	86	61	203	25	423	163	429	129	271	363	303	282	424	361	|
|329	146	359	352	367	0	453	349	533	562	411	393	282	411	245	378	250	244	617	245	141	556	426	195	284	243	|
|146	328	321	358	467	453	0	321	162	215	160	112	425	524	297	491	223	341	284	397	339	266	186	276	184	210	|
|196	216	10	37	147	349	321	0	281	281	414	360	132	203	112	171	315	105	311	132	216	244	159	193	305	249	|
|208	390	276	314	422	533	162	281	0	54	321	271	410	471	316	445	348	348	123	398	398	115	125	338	313	309	|
|245	417	274	310	413	562	215	281	54	0	375	323	413	457	334	435	393	361	70	406	424	69	139	367	359	349	|
|218	327	418	448	546	411	160	414	321	375	0	57	484	606	347	569	163	393	444	446	339	421	318	288	137	199	|
|164	293	364	395	495	393	112	360	271	323	57	0	437	556	300	519	144	346	393	401	305	367	261	249	109	163	|
|283	195	139	108	86	282	425	132	410	413	484	437	0	139	137	101	349	91	443	44	187	375	286	206	355	291	|
|394	334	204	167	61	411	524	203	471	457	606	556	139	0	264	38	483	222	467	183	326	403	356	341	484	421	|
|151	106	121	129	203	245	297	112	316	334	347	300	137	264	0	225	220	46	381	102	106	316	195	84	221	158	|
|358	296	173	135	25	378	491	171	445	435	569	519	101	38	225	0	444	184	450	145	288	384	328	303	446	383	|
|156	171	321	342	423	250	223	315	348	393	163	144	349	483	220	444	0	261	460	308	183	415	284	143	39	65	|
|196	122	115	109	163	244	341	105	348	361	393	346	91	222	46	184	261	0	402	56	118	336	224	119	264	200	|
|309	472	303	336	429	617	284	311	123	70	444	393	443	467	381	450	460	402	0	442	477	68	192	424	426	413	|
|253	151	141	120	129	245	397	132	398	406	446	401	44	183	102	145	308	56	442	0	143	375	273	164	315	251	|
|201	12	225	226	271	141	339	216	398	424	339	305	187	326	106	288	183	118	477	143	0	416	286	63	202	142	|
|260	411	236	268	363	556	266	244	115	69	421	367	375	403	316	384	415	336	68	375	416	0	135	365	384	363	|
|127	280	155	194	303	426	186	159	125	139	318	261	286	356	195	328	284	224	192	273	286	135	0	232	256	229	|
|138	53	202	213	282	195	276	193	338	367	288	249	206	341	84	303	143	119	424	164	63	365	232	0	153	89	|
|130	190	311	335	424	284	184	305	313	359	137	109	355	484	221	446	39	264	426	315	202	384	256	153	0	64	|
|104	130	256	277	361	243	210	249	309	349	199	163	291	421	158	383	65	200	413	251	142	363	229	89	64	0	|

--------------------------------------------------------------------------------
Building model...
	using lazy and cut (CVRPSEP package)
Solving IRP LP...
--------------------------------------------------------------------------------

Gurobi 9.1.0 (linux64) logging started Sun Jan 10 08:25:25 2021

Gurobi Optimizer version 9.1.0 build v9.1.0rc0 (linux64)
Thread count: 32 physical cores, 32 logical processors, using up to 2 threads
Optimize a model with 1184 rows, 4694 columns and 11936 nonzeros
Model fingerprint: 0x5b632c4e
Variable types: 482 continuous, 4212 integer (312 binary)
Coefficient statistics:
  Matrix range     [1e+00, 9e+02]
  Objective range  [1e-01, 6e+02]
  Bounds range     [1e+00, 2e+02]
  RHS range        [1e+01, 3e+03]
Presolve removed 276 rows and 264 columns
Presolve time: 0.07s
Presolved: 908 rows, 4430 columns, 10685 nonzeros
Variable types: 374 continuous, 4056 integer (3762 binary)

Root relaxation: objective 1.300961e+04, 1056 iterations, 0.02 seconds

    Nodes    |    Current Node    |     Objective Bounds      |     Work
 Expl Unexpl |  Obj  Depth IntInf | Incumbent    BestBd   Gap | It/Node Time

     0     0 13009.6127    0  208          - 13009.6127      -     -    0s
     0     0 13601.3109    0  271          - 13601.3109      -     -    0s
     0     0 13605.8090    0  256          - 13605.8090      -     -    0s
     0     0 13605.8508    0  258          - 13605.8508      -     -    0s
     0     0 14195.4234    0  295          - 14195.4234      -     -    0s
     0     0 14311.4550    0  338          - 14311.4550      -     -    0s
     0     0 14342.6806    0  349          - 14342.6806      -     -    0s
     0     0 14395.0707    0  372          - 14395.0707      -     -    0s
     0     0 14478.4699    0  359          - 14478.4699      -     -    0s
     0     0 14497.1373    0  373          - 14497.1373      -     -    0s
     0     0 14501.3915    0  379          - 14501.3915      -     -    0s
     0     0 14501.5289    0  374          - 14501.5289      -     -    1s
     0     0 14750.3303    0  382          - 14750.3303      -     -    1s
     0     0 14780.5022    0  408          - 14780.5022      -     -    1s
     0     0 14814.8165    0  371          - 14814.8165      -     -    1s
     0     0 14831.9227    0  409          - 14831.9227      -     -    1s
     0     0 14843.7527    0  416          - 14843.7527      -     -    1s
     0     0 14845.5263    0  421          - 14845.5263      -     -    1s
     0     0 15003.8805    0  383          - 15003.8805      -     -    1s
     0     0 15029.1625    0  328          - 15029.1625      -     -    1s
     0     0 15070.5919    0  424          - 15070.5919      -     -    1s
     0     0 15096.7152    0  384          - 15096.7152      -     -    1s
     0     0 15150.4857    0  378          - 15150.4857      -     -    2s
     0     0 15169.2552    0  366          - 15169.2552      -     -    2s
     0     0 15169.6565    0  393          - 15169.6565      -     -    2s
     0     0 15199.3549    0  400          - 15199.3549      -     -    2s
     0     0 15200.9782    0  427          - 15200.9782      -     -    2s
     0     0 15228.2638    0  418          - 15228.2638      -     -    2s
     0     0 15228.2638    0  402          - 15228.2638      -     -    2s
     0     2 15230.4320    0  402          - 15230.4320      -     -    3s
    21    25 15472.4646    6  418          - 15404.5913      -   697    5s
   128   144 16577.9046   47  187          - 15404.5913      -   368   10s
   449   457 15882.5527    6  481          - 15407.4616      -   159   15s
   703   699 16198.0582   23  243          - 15407.4616      -   133   20s
   747   723 18217.7778  168  549          - 15746.4989      -   131   25s
   773   743 15854.8302   19  439          - 15788.4883      -   153   30s
   837   788 16089.9369   37  291          - 15802.9407      -   173   35s
   974   897 17097.5643   74  137          - 15802.9407      -   175   40s
* 1235  1018             166    18951.120000 15803.2937  16.6%   152   44s
H 1270   971                    18945.920000 15803.2937  16.6%   150   45s
H 1304   931                    18932.830000 15803.2937  16.5%   148   46s
H 1334   916                    18814.250000 15803.2937  16.0%   155   49s
  1344   922 16233.4843   34  365 18814.2500 15803.2937  16.0%   158   50s
  1395   962 16539.7888   47  248 18814.2500 15803.2937  16.0%   165   55s
H 1436   952                    18790.500000 15803.2937  15.9%   167   57s
  1499  1013 17491.4434   82   82 18790.5000 15803.2937  15.9%   167   60s
  1624  1068 15914.0223   23  490 18790.5000 15808.1551  15.9%   161   65s
  1730  1158 16154.1423   32  476 18790.5000 15808.1551  15.9%   159   70s
* 1733   888              86    17406.440000 15808.1551  9.18%   159   70s
H 1818   775                    17392.340000 15808.1551  9.11%   154   71s
  1839   792 16380.2964   36  395 17392.3400 15808.1551  9.11%   158   75s
  1883   824 16543.4753   45  274 17392.3400 15808.1551  9.11%   164   80s
  1930   862 16819.7973   54  224 17392.3400 15808.1551  9.11%   167   85s
  2054   950 17009.3833   70   21 17392.3400 15812.6060  9.08%   165   91s
* 2090   887              94    17313.960000 15812.6060  8.67%   163   91s
* 2140   843              94    17269.820000 15817.7886  8.41%   161   94s
  2224   852 16244.1103   26  457 17269.8200 15817.9344  8.41%   159   95s
H 2256   868                    17249.320000 15817.9344  8.30%   161   98s
H 2277   825                    17167.240000 15817.9344  7.86%   160   98s
  2281   832     cutoff   58      17167.2400 15845.4984  7.70%   161  100s
  2329   868 16162.5237   28  369 17167.2400 15845.4984  7.70%   165  105s
  2383   936 16455.1785   33  333 17167.2400 15845.4984  7.70%   169  110s
  2457   999 16763.7855   43  249 17167.2400 15845.4984  7.70%   171  115s
  2564  1065 16082.9213   27  423 17167.2400 15866.3813  7.58%   173  121s
  2612  1097 16900.8707   46  304 17167.2400 15871.3319  7.55%   175  126s
  2667  1151 16874.9945   40  350 17167.2400 15873.6220  7.54%   177  130s
  2762  1217 16376.2910   29  295 17167.2400 15873.6220  7.54%   178  136s
  2788  1262 16764.3015   47  148 17167.2400 15881.8590  7.49%   179  140s
  2861  1301 16573.5639   32  391 17167.2400 15881.8590  7.49%   181  145s
  2960  1375 16088.2080   21  504 17167.2400 15884.6404  7.47%   182  151s
  3019  1413 16577.5506   32  384 17167.2400 15885.7383  7.46%   182  155s
  3116  1548 16586.7496   29  422 17167.2400 15885.7383  7.46%   184  162s
  3245  1567     cutoff   38      17167.2400 15889.5999  7.44%   182  166s
  3327  1630 16290.6630   28  511 17167.2400 15895.5331  7.41%   184  173s
  3353  1652 16509.7319   32  468 17167.2400 15895.5331  7.41%   187  176s
  3375  1685 16817.6211   37  425 17167.2400 15900.5352  7.38%   190  180s
  3440  1709 16104.9149   22  449 17167.2400 15900.5352  7.38%   190  185s
  3517  1773 16463.7501   32  295 17167.2400 15907.3676  7.34%   193  193s
  3574  1803 16166.3282   30  455 17167.2400 15907.3676  7.34%   195  197s
  3638  1826 16948.5757   45  380 17167.2400 15914.0528  7.30%   196  202s
  3677  1891 16239.4489   37  408 17167.2400 15914.1513  7.30%   198  207s
  3750  1986 16191.4710   27  419 17167.2400 15914.1513  7.30%   199  213s
  3882  2034 16879.3723   47  336 17167.2400 15916.1084  7.29%   196  218s
  3930  2060 16552.2240   28  430 17167.2400 15919.4718  7.27%   198  224s
  3974  2101     cutoff   40      17167.2400 15919.9064  7.27%   199  229s
  4042  2139 16604.2610   32  387 17167.2400 15922.5320  7.25%   200  235s
  4102  2207 16164.3720   30  313 17167.2400 15922.6358  7.25%   202  240s
  4197  2292 16291.7897   32  231 17167.2400 15922.7700  7.25%   202  246s
  4282  2406 16572.8110   56  199 17167.2400 15923.3061  7.25%   204  253s
  4448  2457 16354.4965   31  363 17167.2400 15925.7092  7.23%   204  260s
  4517  2572 16409.0505   38  322 17167.2400 15927.9214  7.22%   206  267s
  4667  2625 16890.4417   48  289 17167.2400 15933.2971  7.19%   206  275s
  4739  2687 16048.7384   27  484 17167.2400 15933.2971  7.19%   209  281s
  4809  2836 16351.8355   41  232 17167.2400 15936.6063  7.17%   212  291s
  4990  2948 infeasible  105      17167.2400 15937.0172  7.17%   209  299s
  5142  3044 16312.8250   30  342 17167.2400 15938.8459  7.16%   209  307s
  5280  3102 16044.7775   25  494 17167.2400 15939.6709  7.15%   209  315s
  5354  3211 16098.5871   30  441 17167.2400 15940.3076  7.15%   211  324s
  5507  3324 16845.4798   53  127 17167.2400 15940.5469  7.15%   211  333s
  5667  3407 16349.9342   34  341 17167.2400 15942.7476  7.13%   211  342s
  5778  3603 16537.7574   35  345 17167.2400 15943.4680  7.13%   212  352s
H 6001  3621                    17125.240000 15944.2070  6.90%   211  362s
H 6033  3452                    17076.200000 15944.4166  6.63%   211  362s
  6194  3592 16743.7830   38  328 17076.2000 15949.7501  6.60%   209  372s
  6377  3704 16976.6672   71   76 17076.2000 15951.3929  6.59%   209  381s
H 6433  2847                    16884.640000 15951.3929  5.53%   208  382s
  6543  2920     cutoff   41      16884.6400 15952.4625  5.52%   209  391s
  6700  3040 16228.1361   35  470 16884.6400 15954.4163  5.51%   210  400s
  6841  3126 16561.4837   62  151 16884.6400 15954.5848  5.51%   211  435s
H 6891  3099                    16877.640000 15954.5848  5.47%   210  436s
H 6891  2750                    16794.690000 15954.5848  5.00%   210  436s
  6973  2896     cutoff   87      16794.6900 15955.8709  4.99%   209  445s
  7170  3006 16608.1860   65  103 16794.6900 15956.6526  4.99%   209  455s
  7343  3126 16249.3916   38  303 16794.6900 15959.5594  4.97%   209  468s
  7516  3209 16181.7564   36  310 16794.6900 15962.9468  4.95%   210  480s
  7687  3323 16712.2284   31  420 16794.6900 15963.7895  4.95%   211  491s
  7872  3427 16427.8608   35  331 16794.6900 15966.0565  4.93%   211  502s
  8038  3501 16734.9151   48  142 16794.6900 15970.0536  4.91%   212  514s
  8180  3679 16008.8614   32  395 16794.6900 15972.0796  4.90%   214  526s
  8432  3766 16760.3939   58  149 16794.6900 15973.8884  4.89%   213  538s
  8612  3878 16139.6398   31  318 16794.6900 15977.4956  4.87%   214  550s
  8787  3990 16120.7184   24  417 16794.6900 15982.2519  4.84%   214  561s
  8947  4123 16323.6210   55   75 16794.6900 15986.4459  4.81%   215  573s
* 8995  3109              83    16620.060000 15986.4459  3.81%   214  573s
* 9152  3082              82    16605.060000 15987.7375  3.72%   215  585s
  9296  3156 16336.9200   27  378 16605.0600 15991.7925  3.69%   216  596s
H 9400  3010                    16585.900000 15991.7925  3.58%   216  596s
  9477  3103     cutoff   46      16585.9000 15994.2404  3.57%   217  608s
  9667  3190 16046.8537   26  377 16585.9000 15997.3560  3.55%   218  621s
  9854  3285 16338.8305   39  312 16585.9000 16000.1622  3.53%   219  634s
 10004  3376 16495.0611   38  257 16585.9000 16002.3692  3.52%   222  646s
 10187  3488 16412.7659   44  111 16585.9000 16003.8495  3.51%   222  657s
 10393  3582 16188.2051   30  218 16585.9000 16006.0196  3.50%   222  669s
 10567  3656 16486.2199   43  401 16585.9000 16007.8560  3.49%   223  681s
 10732  3747 16548.0399   29  340 16585.9000 16011.1215  3.47%   223  692s
 10926  3841 16561.5751   35  348 16585.9000 16014.1676  3.45%   223  703s
 11077  3961     cutoff   50      16585.9000 16015.3160  3.44%   224  716s
 11315  4068     cutoff   63      16585.9000 16017.7110  3.43%   224  728s
 11525  4167 16457.7275   30  322 16585.9000 16020.8398  3.41%   224  740s
 11714  4256 16374.3218   40  379 16585.9000 16022.0163  3.40%   224  752s
 11870  4320 16087.3640   31  460 16585.9000 16023.7035  3.39%   225  763s
 12021  4412 16281.9044   33  378 16585.9000 16027.0082  3.37%   226  776s
H12151  2495                    16385.620000 16027.0082  2.19%   225  776s
 12233  2502 16140.4432   30  476 16385.6200 16027.3530  2.19%   226  788s
 12418  2554 16133.3052   34  335 16385.6200 16029.8395  2.17%   226  800s
 12573  2588 16167.4376   29  387 16385.6200 16033.2611  2.15%   227  812s
 12742  2614 infeasible   38      16385.6200 16035.7508  2.14%   228  824s
 12880  2692     cutoff   37      16385.6200 16037.6165  2.12%   229  836s
 13100  2748     cutoff   40      16385.6200 16040.3285  2.11%   228  848s
 13270  2783     cutoff   39      16385.6200 16044.7553  2.08%   229  861s
 13429  2839 16088.5380   27  287 16385.6200 16046.4400  2.07%   230  873s
 13586  2873 16357.3247   33  339 16385.6200 16047.2833  2.06%   230  885s
 13733  2906 16267.8167   31  509 16385.6200 16048.8944  2.06%   232  897s
 13892  2972 16258.6613   28  455 16385.6200 16051.6998  2.04%   232  910s
 14056  3008 16344.3387   30  463 16385.6200 16052.8866  2.03%   233  922s
 14187  3054     cutoff   47      16385.6200 16053.8728  2.02%   234  935s
 14344  3097 16198.4202   27  406 16385.6200 16055.0546  2.02%   235  948s
 14487  3163 16169.1586   24  423 16385.6200 16056.1586  2.01%   235  961s
 14644  3190     cutoff   34      16385.6200 16057.5705  2.00%   236  974s
 14812  3244 16186.5061   29  327 16385.6200 16059.0738  1.99%   237  987s
 14996  3305 16305.3368   38  328 16385.6200 16060.7054  1.98%   237 1000s
 15201  3340 16262.7468   35  412 16385.6200 16061.9380  1.98%   238 1014s
 15308  3375     cutoff   32      16385.6200 16062.6524  1.97%   238 1026s
 15471  3425 16178.4723   35  372 16385.6200 16065.1334  1.96%   239 1039s
 15632  3460 16336.5697   41  251 16385.6200 16066.3991  1.95%   239 1052s
 15780  3488     cutoff   38      16385.6200 16068.0051  1.94%   240 1064s
 15935  3527 16340.5532   44  299 16385.6200 16069.8351  1.93%   241 1077s
 16112  3569 16335.4550   30  358 16385.6200 16071.3620  1.92%   241 1090s
 16288  3624 16266.0179   38  387 16385.6200 16072.7971  1.91%   242 1106s
 16483  3663     cutoff   36      16385.6200 16074.0345  1.90%   242 1119s
 16675  3704 16190.4019   38  308 16385.6200 16075.6616  1.89%   242 1133s
 16889  3774 16313.0910   30  358 16385.6200 16077.3679  1.88%   242 1147s
 17116  3825 16169.5621   28  414 16385.6200 16078.9781  1.87%   242 1160s
 17297  3868 16256.4192   37  302 16385.6200 16080.1722  1.86%   242 1173s
 17483  4006 16325.0655   35  413 16385.6200 16081.9248  1.85%   242 1187s
 17749  4054 16312.6679   28  385 16385.6200 16083.6540  1.84%   241 1200s
 17935  4132     cutoff   49      16385.6200 16084.8101  1.84%   242 1213s
 18164  4174     cutoff   42      16385.6200 16086.6051  1.82%   241 1228s
 18344  4227 16323.1018   26  275 16385.6200 16087.8601  1.82%   242 1242s
 18552  4266     cutoff   35      16385.6200 16088.4917  1.81%   242 1256s
 18736  4291 16184.0099   24  336 16385.6200 16089.3828  1.81%   243 1269s
 18899  4360 16178.4263   35  337 16385.6200 16090.7740  1.80%   243 1282s
 19095  4437     cutoff   37      16385.6200 16092.2179  1.79%   243 1296s
 19337  4501     cutoff   39      16385.6200 16093.3387  1.78%   243 1310s
 19580  4572 16363.3264   41  333 16385.6200 16094.8564  1.77%   243 1326s
 19798  4611 16328.5683   42  348 16385.6200 16096.0084  1.77%   242 1340s
 19995  4646     cutoff   39      16385.6200 16097.2678  1.76%   243 1354s
 20178  4685     cutoff   37      16385.6200 16098.5451  1.75%   243 1368s
 20405  4728 16338.7653   33  390 16385.6200 16099.2622  1.75%   243 1381s
 20595  4763     cutoff   48      16385.6200 16101.1170  1.74%   243 1396s
 20779  4858     cutoff   32      16385.6200 16102.0542  1.73%   244 1410s
 20985  4882     cutoff   40      16385.6200 16103.0089  1.72%   244 1423s
 21196  4937 16336.1006   36  251 16385.6200 16104.2629  1.72%   244 1437s
 21421  4980 16352.2074   39  342 16385.6200 16105.1344  1.71%   244 1452s
 21607  5027 16231.3786   32  332 16385.6200 16105.9435  1.71%   244 1465s
 21792  5063     cutoff   38      16385.6200 16106.9867  1.70%   245 1479s
 21981  5090 16363.9968   32  357 16385.6200 16108.7661  1.69%   245 1497s
 22112  5135 16321.7394   32  440 16385.6200 16109.4421  1.69%   245 1512s
 22325  5187 16297.4553   41  410 16385.6200 16110.3200  1.68%   245 1529s
 22540  5209 16257.4384   30  285 16385.6200 16111.2160  1.67%   246 1543s
 22717  5263 16277.5843   37  429 16385.6200 16112.1540  1.67%   246 1558s
 22930  5316     cutoff   31      16385.6200 16112.9440  1.66%   246 1572s
 23121  5357 16274.3296   36  402 16385.6200 16114.1633  1.66%   247 1586s
 23312  5417 16163.8746   31  365 16385.6200 16114.9941  1.65%   247 1600s
 23583  5461 16220.1793   36  448 16385.6200 16116.2902  1.64%   247 1616s
 23727  5517     cutoff   41      16385.6200 16116.7539  1.64%   247 1637s
 23956  5562 16327.9719   33  307 16385.6200 16118.0143  1.63%   247 1651s
 24206  5612 16306.6214   30  361 16385.6200 16119.3640  1.62%   247 1666s
 24461  5654 16378.3936   41  267 16385.6200 16120.6858  1.62%   247 1681s
 24688  5708     cutoff   38      16385.6200 16121.3433  1.61%   247 1696s
 24924  5727 16183.8442   31  451 16385.6200 16122.2074  1.61%   247 1715s
 25022  5751 16237.7986   24  328 16385.6200 16123.0714  1.60%   247 1732s
 25197  5795     cutoff   34      16385.6200 16123.7885  1.60%   247 1747s
 25435  5863 16375.6878   26  443 16385.6200 16124.5868  1.59%   247 1761s
 25629  5925     cutoff   32      16385.6200 16124.9754  1.59%   248 1776s
 25897  5956     cutoff   32      16385.6200 16126.1214  1.58%   247 1790s
 26095  6020 16235.4573   37  212 16385.6200 16127.3794  1.58%   248 1804s
 26226  6020 16365.0489   30  382 16385.6200 16128.0294  1.57%   248 1805s
 26358  6075 16289.2923   40  275 16385.6200 16128.1414  1.57%   247 1819s
 26597  6133 16192.3344   36  423 16385.6200 16129.0965  1.57%   247 1833s
 26832  6158     cutoff   36      16385.6200 16130.6103  1.56%   247 1848s
 27032  6193 16384.8048   34  380 16385.6200 16131.3364  1.55%   247 1863s
 27231  6252 16192.1062   29  362 16385.6200 16131.8362  1.55%   248 1878s
 27498  6283     cutoff   33      16385.6200 16132.8360  1.54%   248 1893s
 27706  6320 16345.2014   36  295 16385.6200 16134.0433  1.54%   248 1908s
 27968  6350 16314.4049   31  335 16385.6200 16135.0454  1.53%   248 1922s
 28212  6422 16230.7374   29  471 16385.6200 16135.6015  1.53%   247 1936s
 28465  6455 16261.8127   30  329 16385.6200 16136.7164  1.52%   247 1953s
 28671  6518 16170.1390   23  422 16385.6200 16137.7207  1.51%   247 1968s
 28947  6587     cutoff   37      16385.6200 16138.5312  1.51%   247 1983s
 29171  6611 16289.0291   32  324 16385.6200 16139.4818  1.50%   247 1997s
 29405  6676     cutoff   34      16385.6200 16140.4345  1.50%   247 2011s
 29710  6724 16171.6272   27  365 16385.6200 16141.5324  1.49%   247 2026s
 29945  6789 16331.8741   40  126 16385.6200 16142.6750  1.48%   247 2042s
 30198  6828 16322.6636   35  230 16385.6200 16143.3820  1.48%   247 2057s
 30443  6880     cutoff   30      16385.6200 16144.5487  1.47%   246 2072s
 30644  6939     cutoff   37      16385.6200 16145.5410  1.47%   247 2087s
 30921  6965     cutoff   42      16385.6200 16146.2587  1.46%   246 2102s
 31127  7015 16378.2101   35  227 16385.6200 16147.1720  1.46%   247 2116s
 31393  7061 16352.5845   38  288 16385.6200 16148.4796  1.45%   246 2132s
 31644  7087 16348.5584   40  235 16385.6200 16149.3636  1.44%   246 2148s
 31899  7115 16330.1440   35  373 16385.6200 16150.0805  1.44%   246 2163s
 32143  7159     cutoff   30      16385.6200 16150.5912  1.43%   246 2179s
 32394  7195 16344.6924   34  469 16385.6200 16151.2665  1.43%   246 2194s
 32635  7240     cutoff   33      16385.6200 16151.9499  1.43%   246 2209s
 32879  7252 16333.1673   31  302 16385.6200 16152.6727  1.42%   246 2225s
 33128  7310 16219.0294   32  490 16385.6200 16153.1894  1.42%   246 2240s
 33381  7342 16321.2748   38  426 16385.6200 16153.9660  1.41%   246 2255s
 33596  7375 16375.7999   34  354 16385.6200 16154.6861  1.41%   247 2270s
 33836  7436 16303.8890   34  329 16385.6200 16155.2795  1.41%   247 2285s
 34091  7477 16377.3282   40  388 16385.6200 16156.1968  1.40%   246 2300s
 34341  7530 16383.0316   32  263 16385.6200 16157.5637  1.39%   246 2316s
 34637  7555     cutoff   35      16385.6200 16158.2657  1.39%   246 2331s
 34871  7625 16361.7557   30  329 16385.6200 16158.8992  1.38%   246 2346s
 35180  7643 16381.0067   33  210 16385.6200 16159.6932  1.38%   246 2362s
 35401  7676 16361.2776   37  337 16385.6200 16160.5785  1.37%   246 2376s
 35634  7704 16285.3270   33  444 16385.6200 16161.3677  1.37%   246 2392s
 35850  7726 16337.1551   33  413 16385.6200 16161.8770  1.37%   246 2408s
 36109  7756 16173.9260   30  469 16385.6200 16162.3174  1.36%   246 2422s
 36323  7784 16366.1079   38  415 16385.6200 16163.6933  1.35%   247 2439s
 36531  7835 16308.2196   36  365 16385.6200 16164.3985  1.35%   246 2453s
 36793  7859 16330.0031   36  397 16385.6200 16165.3195  1.34%   246 2468s
 37031  7905 16373.5196   34  363 16385.6200 16166.2170  1.34%   246 2483s
 37297  7933 16314.3923   39  334 16385.6200 16166.7660  1.34%   246 2504s
 37561  7963 16355.0062   32  489 16385.6200 16167.9289  1.33%   246 2519s
 37833  7980 16250.5626   29  265 16385.6200 16168.7402  1.32%   246 2534s
 38108  7991 16313.9844   35  431 16385.6200 16169.8929  1.32%   246 2548s
 38320  8014 16359.6989   35  300 16385.6200 16170.5134  1.31%   246 2563s
 38608  8040     cutoff   39      16385.6200 16171.4692  1.31%   246 2578s
 38847  8076 16357.7218   37  256 16385.6200 16172.4060  1.30%   246 2593s
 39100  8137     cutoff   39      16385.6200 16173.2410  1.30%   246 2609s
 39399  8150     cutoff   28      16385.6200 16174.2720  1.29%   245 2624s
 39648  8167 16274.3349   30  279 16385.6200 16175.2037  1.28%   245 2639s
 39910  8220 16253.4582   31  378 16385.6200 16176.2284  1.28%   245 2655s
 40220  8259 16349.1562   45  130 16385.6200 16176.9413  1.27%   245 2671s
 40483  8278 16247.4843   34  301 16385.6200 16177.8712  1.27%   245 2687s
 40769  8326 16294.3159   39  241 16385.6200 16178.3980  1.26%   245 2704s
 41022  8365 16221.3480   27  369 16385.6200 16179.0711  1.26%   245 2720s
 41345  8378 16277.8666   30  394 16385.6200 16179.7050  1.26%   245 2735s
 41570  8414     cutoff   35      16385.6200 16180.4324  1.25%   245 2751s
 41839  8435 16222.6369   30  427 16385.6200 16181.0810  1.25%   244 2768s
 42091  8493 16259.7718   37  408 16385.6200 16181.9318  1.24%   245 2784s
 42391  8510     cutoff   40      16385.6200 16182.5885  1.24%   244 2800s
 42700  8535 16342.8365   42  219 16385.6200 16183.4227  1.23%   244 2816s
 42985  8563 16289.5193   37  366 16385.6200 16184.0393  1.23%   244 2831s
 43237  8588 16374.6354   34  321 16385.6200 16184.9073  1.22%   244 2848s
 43485  8593     cutoff   34      16385.6200 16185.9663  1.22%   244 2863s
 43727  8629 16369.1917   32  454 16385.6200 16186.6532  1.21%   244 2879s
 44044  8652 16347.1803   45   94 16385.6200 16187.6219  1.21%   244 2896s
 44327  8677 16279.7281   36  413 16385.6200 16188.3789  1.20%   244 2912s
 44587  8678     cutoff   35      16385.6200 16189.0147  1.20%   243 2929s
 44863  8715 16349.1317   35  233 16385.6200 16189.9221  1.19%   243 2945s
 45155  8763     cutoff   31      16385.6200 16190.6123  1.19%   243 2963s
 45473  8802     cutoff   35      16385.6200 16191.4135  1.19%   243 2980s
 45779  8833 16317.6684   34  410 16385.6200 16191.9547  1.18%   243 2995s
 46076  8875 16352.7250   43  222 16385.6200 16192.8392  1.18%   243 3011s
 46347  8908 16329.3242   34  365 16385.6200 16193.8583  1.17%   243 3031s
 46663  8956 16367.7420   27  414 16385.6200 16194.7708  1.16%   242 3048s
 46951  8985     cutoff   33      16385.6200 16195.3416  1.16%   242 3066s
 47248  8989 16292.8893   30  403 16385.6200 16195.9826  1.16%   242 3082s
 47514  9021     cutoff   32      16385.6200 16196.7568  1.15%   242 3099s
 47841  9019 16244.2121   37  349 16385.6200 16197.7227  1.15%   242 3117s
 48121  9055 16302.2069   25  441 16385.6200 16198.2764  1.14%   242 3133s
 48427  9104     cutoff   34      16385.6200 16198.9003  1.14%   242 3150s
 48743  9121 16305.5529   30  295 16385.6200 16199.5996  1.14%   241 3172s
 49010  9126     cutoff   35      16385.6200 16200.0374  1.13%   241 3189s
 49299  9140 16377.2305   34  443 16385.6200 16200.8643  1.13%   241 3212s
 49579  9169 16285.7061   39  298 16385.6200 16201.4675  1.12%   241 3230s
 49913  9191 16300.2483   38  261 16385.6200 16202.3395  1.12%   241 3248s
 50208  9206 16333.8066   32  440 16385.6200 16203.0019  1.11%   241 3264s
 50491  9252     cutoff   34      16385.6200 16203.5465  1.11%   241 3280s
 50791  9261 16234.6986   29  368 16385.6200 16204.4803  1.11%   241 3297s
 51072  9277     cutoff   39      16385.6200 16205.4040  1.10%   241 3315s
 51388  9321 16342.5469   39  274 16385.6200 16206.2128  1.09%   240 3332s
 51702  9333 infeasible   30      16385.6200 16206.9081  1.09%   240 3348s
 51948  9370 16260.1943   33  426 16385.6200 16207.4659  1.09%   240 3365s
 52232  9379 16367.6437   31  394 16385.6200 16208.2420  1.08%   240 3381s
 52482  9397 16309.3491   28  340 16385.6200 16208.9577  1.08%   240 3397s
 52790  9415     cutoff   28      16385.6200 16209.9687  1.07%   240 3414s
 53064  9429     cutoff   39      16385.6200 16210.5801  1.07%   240 3430s
 53334  9465     cutoff   31      16385.6200 16211.3976  1.06%   240 3448s
 53688  9481     cutoff   39      16385.6200 16212.1149  1.06%   240 3465s
 54025  9506 16357.2881   35  288 16385.6200 16213.0123  1.05%   240 3484s
 54289  9506 16278.9374   29  477 16385.6200 16213.6581  1.05%   239 3485s
 54344  9532 infeasible   39      16385.6200 16213.6773  1.05%   239 3502s
 54719  9532 16340.1896   37  394 16385.6200 16214.5359  1.04%   239 3520s
 55072  9552 16348.3130   31  345 16385.6200 16215.2016  1.04%   239 3538s
 55382  9593     cutoff   42      16385.6200 16215.6433  1.04%   239 3555s
 55768  9582 16339.6419   34  406 16385.6200 16216.5932  1.03%   238 3572s
 56023  9596 16353.4748   36  368 16385.6200 16217.3008  1.03%   239 3590s
 56292  9632 16314.0590   29  348 16385.6200 16217.9072  1.02%   239 3600s

Cutting planes:
  User: 2243
  Gomory: 49
  Cover: 353
  Implied bound: 50
  Clique: 22
  MIR: 262
  StrongCG: 7
  Flow cover: 632
  GUB cover: 4
  Zero half: 29
  Network: 9
  RLT: 328
  Relax-and-lift: 6
  Lazy constraints: 600

Explored 56505 nodes (13470735 simplex iterations) in 3600.74 seconds
Thread count was 2 (of 32 available processors)

Solution count 10: 16385.6 16585.9 16605.1 ... 17167.2

Time limit reached
Best objective 1.638562000000e+04, best bound 1.621851233049e+04, gap 1.0198%

User-callback calls 291062, time in user-callback 200.35 sec
================================================================================
executing instance: ./input/Instances/Original/6/absH6high_1n20.dat
--------------------------------------------------------------------------------
Instance details
n	21
H	6
C	1651
Li:
[0, 0, 0, 0, 0, 0, 0, 0, 0, 0, 0, 0, 0, 0, 0, 0, 0, 0, 0, 0, 0, ]
Ui:
[0, 36, 182, 182, 90, 261, 117, 30, 110, 42, 276, 153, 40, 94, 144, 46, 129, 213, 264, 160, 174, ]
Distance matrix:
|0	371	401	343	361	341	370	115	392	400	79	266	292	245	355	431	265	194	95	92	348	|
|371	0	37	141	110	250	117	438	67	131	372	305	115	238	247	255	235	296	392	430	185	|
|401	37	0	175	100	284	146	472	90	156	406	342	152	275	280	282	242	333	415	455	178	|
|343	141	175	0	239	110	38	374	95	60	314	182	67	130	106	127	318	201	397	423	303	|
|361	110	100	239	0	341	222	451	177	240	385	374	190	304	341	361	151	345	354	398	78	|
|341	250	284	110	341	0	143	337	203	151	289	102	152	97	15	95	394	156	415	431	398	|
|370	117	146	38	222	143	0	407	61	30	346	220	81	167	137	139	317	237	417	447	292	|
|115	438	472	374	451	337	407	0	443	434	66	241	339	251	351	431	374	181	201	177	450	|
|392	67	90	95	177	203	61	443	0	66	379	275	104	216	197	193	294	283	427	461	252	|
|400	131	156	60	240	151	30	434	66	0	374	237	112	189	142	127	344	261	448	477	312	|
|79	372	406	314	385	289	346	66	379	374	0	202	275	197	304	383	316	134	175	166	388	|
|266	305	342	182	374	102	220	241	275	237	202	0	191	70	117	196	386	73	352	359	415	|
|292	115	152	67	190	152	81	339	104	112	275	191	0	123	154	193	252	183	336	366	246	|
|245	238	275	130	304	97	167	251	216	189	197	70	123	0	110	187	322	72	319	334	346	|
|355	247	280	106	341	15	137	351	197	142	304	117	154	110	0	80	399	171	427	444	400	|
|431	255	282	127	361	95	139	431	193	127	383	196	193	187	80	0	444	251	499	519	429	|
|265	235	242	318	151	394	317	374	294	344	316	386	252	322	399	444	0	332	226	273	97	|
|194	296	333	201	345	156	237	181	283	261	134	73	183	72	171	251	332	0	279	286	375	|
|95	392	415	397	354	415	417	201	427	448	175	352	336	319	427	499	226	279	0	47	321	|
|92	430	455	423	398	431	447	177	461	477	166	359	366	334	444	519	273	286	47	0	368	|
|348	185	178	303	78	398	292	450	252	312	388	415	246	346	400	429	97	375	321	368	0	|

--------------------------------------------------------------------------------
Building model...
	using lazy and cut (CVRPSEP package)
Solving IRP LP...
--------------------------------------------------------------------------------

Gurobi 9.1.0 (linux64) logging started Sun Jan 10 09:25:28 2021

Gurobi Optimizer version 9.1.0 build v9.1.0rc0 (linux64)
Thread count: 32 physical cores, 32 logical processors, using up to 2 threads
Optimize a model with 951 rows, 3159 columns and 8253 nonzeros
Model fingerprint: 0x0ebeb9e4
Variable types: 387 continuous, 2772 integer (252 binary)
Coefficient statistics:
  Matrix range     [1e+00, 8e+02]
  Objective range  [1e-01, 5e+02]
  Bounds range     [1e+00, 3e+02]
  RHS range        [1e+01, 3e+03]
Presolve removed 226 rows and 214 columns
Presolve time: 0.05s
Presolved: 725 rows, 2945 columns, 7229 nonzeros
Variable types: 299 continuous, 2646 integer (2412 binary)

Root relaxation: objective 1.251896e+04, 899 iterations, 0.02 seconds

    Nodes    |    Current Node    |     Objective Bounds      |     Work
 Expl Unexpl |  Obj  Depth IntInf | Incumbent    BestBd   Gap | It/Node Time

     0     0 12518.9570    0  164          - 12518.9570      -     -    0s
     0     0 12773.2089    0  215          - 12773.2089      -     -    0s
     0     0 12789.0579    0  177          - 12789.0579      -     -    0s
     0     0 12840.5817    0  203          - 12840.5817      -     -    0s
     0     0 12862.2458    0  216          - 12862.2458      -     -    0s
     0     0 12869.8321    0  208          - 12869.8321      -     -    0s
     0     0 12870.8891    0  209          - 12870.8891      -     -    0s
     0     0 12870.9046    0  218          - 12870.9046      -     -    0s
     0     0 13303.4960    0  244          - 13303.4960      -     -    0s
     0     0 13411.6606    0  276          - 13411.6606      -     -    0s
     0     0 13417.0497    0  293          - 13417.0497      -     -    0s
     0     0 13418.9105    0  279          - 13418.9105      -     -    0s
     0     0 13418.9719    0  282          - 13418.9719      -     -    0s
     0     0 13575.9211    0  317          - 13575.9211      -     -    0s
     0     0 13596.5526    0  319          - 13596.5526      -     -    0s
     0     0 13619.7455    0  312          - 13619.7455      -     -    0s
     0     0 13631.5261    0  349          - 13631.5261      -     -    0s
     0     0 13632.5514    0  372          - 13632.5514      -     -    0s
     0     0 13687.2790    0  341          - 13687.2790      -     -    1s
     0     0 13693.1866    0  275          - 13693.1866      -     -    1s
     0     0 13695.0143    0  335          - 13695.0143      -     -    1s
     0     0 13696.7371    0  354          - 13696.7371      -     -    1s
     0     0 13730.6231    0  383          - 13730.6231      -     -    1s
     0     0 13766.0766    0  369          - 13766.0766      -     -    1s
     0     0 13767.5565    0  372          - 13767.5565      -     -    1s
     0     0 13783.7726    0  398          - 13783.7726      -     -    1s
     0     0 13789.4909    0  400          - 13789.4909      -     -    1s
     0     0 13790.3666    0  400          - 13790.3666      -     -    1s
     0     0 13808.0602    0  395          - 13808.0602      -     -    1s
     0     0 13811.2252    0  365          - 13811.2252      -     -    1s
     0     2 13840.2866    0  414          - 13840.2866      -     -    2s
    48    52 14355.6570   15  362          - 13903.5814      -   426    5s
   375   370 15359.8512   75  265          - 13903.5814      -   157   10s
   718   693 14163.9846    4  373          - 13943.1792      -   128   15s
   757   713 14807.2251   50  415          - 14138.7012      -   124   20s
   770   725 14277.6345   17  390          - 14158.8353      -   139   25s
   825   765 14482.5242   33  275          - 14179.5486      -   157   30s
   950   863 16158.1365   77  132          - 14179.5486      -   164   35s
  1175  1030 18261.9453  169   58          - 14179.5486      -   151   40s
* 1294  1043             224    19877.180000 14179.5486  28.7%   141   41s
* 1304  1006             229    19577.760000 14179.5486  27.6%   140   41s
  1364   995 14404.5471   22  348 19577.7600 14179.7669  27.6%   143   45s
  1462  1078 14635.7143   31  328 19577.7600 14179.7669  27.6%   146   50s
H 1481  1031                    19427.180000 14179.7669  27.0%   145   50s
  1625  1161 15120.8594   39  333 19427.1800 14179.7669  27.0%   141   56s
H 1667  1130                    19083.340000 14179.7669  25.7%   139   57s
H 1667  1097                    18921.460000 14179.7669  25.1%   139   57s
  1781  1099 15367.4768   46  221 18921.4600 14179.7669  25.1%   135   60s
H 1845   927                    17751.449965 14179.7669  20.1%   138   64s
  1846   945 15560.9757   73  136 17751.4500 14179.7669  20.1%   138   65s
  1928  1014 15758.6264  107   58 17751.4500 14179.7669  20.1%   141   70s
  2030  1100 16463.0590  149   62 17751.4500 14179.7669  20.1%   140   75s
  2152  1156 17153.4237  192  109 17751.4500 14184.0459  20.1%   139   80s
  2325  1177 14399.9212   26  443 17751.4500 14184.0459  20.1%   136   85s
H 2337  1177                    17751.449856 14184.0459  20.1%   138   89s
  2339  1182 14540.2254   30  329 17751.4499 14184.0459  20.1%   138   90s
  2406  1297 14990.5942   57  123 17751.4499 14184.0459  20.1%   144   96s
  2560  1501 16179.8806  158   87 17751.4499 14185.6662  20.1%   142  102s
  2696  1540 14596.1130   29  366 17751.4499 14185.6662  20.1%   141  106s
  2789  1820 15254.7866   45  238 17751.4499 14185.6662  20.1%   142  113s
  3001  2061 16564.8271   87   68 17751.4499 14220.5471  19.9%   135  117s
  3333  2065     cutoff  189      17751.4499 14222.6256  19.9%   124  120s
H 3385  2035                    17567.880000 14227.9210  19.0%   127  124s
