




arguments: ./build/mirp_solver -f ./input/orig_exec_4.cfg
Current dir: /scratch/gui/bnc_mirp
File verbosity level: 9
date       time         ( uptime  ) [ thread name/id ]                   file:line     v| 
2021-01-08 22:18:07.630 (   1.349s) [main thread     ]             loguru.cpp:789   INFO| Logging to './output/vi_hc1_half/OU/V2/Original/execution_08_01_2021_22_18_07.log', mode: 'a', verbosity: 9
--------------------------------------------------------------------------------
Parameters
                           instance_path           ./input/Instances/Original/1/
                            model_policy                                       1
                             nb_vehicles                                       2
                              output_dir    ./output/vi_hc1_half/OU/V2/Original/
                            sec_strategy                                       1
                       solver_nb_threads                                       2
                         solver_show_log                                    true
                       solver_time_limit                                    3600
                              use_vi_cos                                   false
                              use_vi_cus                                   false
                         use_vi_hc1_full                                   false
                         use_vi_hc1_half                                    true
                      use_vi_hc1_quarter                                   false
                              use_vi_hc2                                   false
                              use_vi_hc3                                   false
                         use_vi_lex_full                                   false
                         use_vi_lex_half                                   false
                      use_vi_lex_quarter                                   false
                              use_vi_qua                                   false
                               use_vi_vc                                   false
                               use_vi_vr                                   false
--------------------------------------------------------------------------------
executing instance: ./input/Instances/Original/1/absH3high_1n5.dat
--------------------------------------------------------------------------------
Instance details
n	6
H	3
C	289
Li:
[0, 0, 0, 0, 0, 0, ]
Ui:
[0, 195, 105, 116, 72, 22, ]
Distance matrix:
|0	85	349	17	203	289	|
|85	0	265	102	214	226	|
|349	265	0	366	368	238	|
|17	102	366	0	207	302	|
|203	214	368	207	0	431	|
|289	226	238	302	431	0	|

--------------------------------------------------------------------------------
Building model...
	using lazy and cut (CVRPSEP package)
Solving IRP LP...
--------------------------------------------------------------------------------

Gurobi 9.1.0 (linux64) logging started Fri Jan  8 22:18:07 2021

Gurobi Optimizer version 9.1.0 build v9.1.0rc0 (linux64)
Thread count: 32 physical cores, 32 logical processors, using up to 2 threads
Optimize a model with 135 rows, 180 columns and 576 nonzeros
Model fingerprint: 0xb6393e97
Variable types: 54 continuous, 126 integer (36 binary)
Coefficient statistics:
  Matrix range     [1e+00, 2e+02]
  Objective range  [2e-01, 4e+02]
  Bounds range     [1e+00, 2e+02]
  RHS range        [1e+01, 5e+02]
Found heuristic solution: objective 2847.5900000
Presolve removed 49 rows and 43 columns
Presolve time: 0.01s
Presolved: 86 rows, 137 columns, 393 nonzeros
Variable types: 29 continuous, 108 integer (81 binary)

Root relaxation: objective 1.645563e+03, 93 iterations, 0.00 seconds

    Nodes    |    Current Node    |     Objective Bounds      |     Work
 Expl Unexpl |  Obj  Depth IntInf | Incumbent    BestBd   Gap | It/Node Time

     0     0 1645.56261    0   18 2847.59000 1645.56261  42.2%     -    0s
     0     0 1916.80893    0   28 2847.59000 1916.80893  32.7%     -    0s
H    0     0                    2843.0400000 1916.80893  32.6%     -    0s
     0     0 2127.83650    0   30 2843.04000 2127.83650  25.2%     -    0s
     0     0 2147.22230    0   37 2843.04000 2147.22230  24.5%     -    0s
     0     0 2147.83444    0   38 2843.04000 2147.83444  24.5%     -    0s
     0     0 2198.39988    0   44 2843.04000 2198.39988  22.7%     -    0s
H    0     0                    2266.6100000 2198.39988  3.01%     -    0s
     0     0 2199.79898    0   37 2266.61000 2199.79898  2.95%     -    0s
     0     0 2208.94682    0   31 2266.61000 2208.94682  2.54%     -    0s
     0     0 2208.94682    0   32 2266.61000 2208.94682  2.54%     -    0s
     0     0 2213.64146    0   36 2266.61000 2213.64146  2.34%     -    0s
     0     0 2213.64146    0   18 2266.61000 2213.64146  2.34%     -    0s
     0     0     cutoff    0      2266.61000 2266.61000  0.00%     -    0s

Cutting planes:
  Gomory: 2
  Cover: 7
  Implied bound: 10
  Clique: 14
  MIR: 5
  StrongCG: 1
  Flow cover: 10
  Zero half: 1
  RLT: 7
  Relax-and-lift: 2

Explored 1 nodes (321 simplex iterations) in 0.08 seconds
Thread count was 2 (of 32 available processors)

Solution count 3: 2266.61 2843.04 2847.59 

Optimal solution found (tolerance 1.00e-04)
Best objective 2.266610000000e+03, best bound 2.266610000000e+03, gap 0.0000%

User-callback calls 162, time in user-callback 0.00 sec
================================================================================
executing instance: ./input/Instances/Original/1/absH3high_1n45.dat
--------------------------------------------------------------------------------
Instance details
n	46
H	3
C	3462
Li:
[0, 0, 0, 0, 0, 0, 0, 0, 0, 0, 0, 0, 0, 0, 0, 0, 0, 0, 0, 0, 0, 0, 0, 0, 0, 0, 0, 0, 0, 0, 0, 0, 0, 0, 0, 0, 0, 0, 0, 0, 0, 0, 0, 0, 0, 0, ]
Ui:
[0, 273, 270, 36, 165, 192, 148, 45, 30, 75, 180, 198, 112, 117, 90, 64, 180, 22, 264, 174, 168, 270, 86, 66, 26, 66, 237, 156, 92, 108, 144, 72, 30, 45, 94, 54, 174, 96, 198, 136, 44, 180, 210, 249, 198, 48, ]
Distance matrix:
|0	281	201	160	249	201	93	431	236	139	252	136	116	166	390	110	349	374	303	180	327	464	236	70	44	461	346	439	363	254	312	426	305	206	71	137	169	200	247	260	20	219	256	253	460	278	|
|281	0	448	170	53	142	338	184	121	290	371	390	222	302	111	289	169	434	230	177	238	441	59	212	319	211	86	235	399	306	53	176	99	202	263	157	361	101	370	201	264	344	364	374	469	184	|
|201	448	0	285	430	325	114	556	361	171	191	64	228	174	546	294	453	306	364	289	388	435	393	254	157	585	491	536	318	254	490	554	436	407	266	292	108	388	186	337	207	181	205	190	408	364	|
|160	170	285	0	169	43	182	280	80	120	208	231	58	132	262	230	190	294	151	24	174	345	112	107	183	309	207	280	268	158	219	276	155	235	187	45	192	150	205	107	140	177	202	210	356	119	|
|249	53	430	169	0	152	317	238	145	282	377	369	212	299	157	242	215	452	261	183	273	474	76	181	290	264	140	287	421	320	63	229	145	148	221	142	352	53	374	226	234	346	370	378	498	215	|
|201	142	325	43	152	0	224	237	37	156	230	273	101	164	224	261	148	300	127	38	147	333	83	142	225	266	167	238	270	168	193	233	112	246	221	70	228	148	228	84	180	202	222	232	351	87	|
|93	338	114	182	317	224	0	460	262	92	180	52	124	112	440	199	364	307	292	191	317	415	284	140	57	490	387	452	304	208	377	457	336	297	163	181	84	274	175	256	95	152	188	180	402	280	|
|431	184	556	280	238	237	460	0	199	385	420	508	337	385	108	464	110	429	219	269	206	378	202	365	460	30	98	84	388	340	204	9	126	386	432	294	453	283	421	226	411	404	408	423	422	198	|
|236	121	361	80	145	37	262	199	0	191	255	310	138	197	191	290	114	312	118	72	133	330	69	175	262	229	132	204	279	186	174	195	75	258	251	102	262	153	254	81	216	230	246	257	353	72	|
|139	290	171	120	282	156	92	385	191	0	116	129	71	27	380	246	283	235	201	119	226	329	231	141	129	414	323	367	224	119	336	383	266	308	202	141	72	252	112	169	127	82	118	117	322	195	|
|252	371	191	208	377	230	180	420	255	116	0	187	178	90	443	361	311	127	204	195	224	246	313	257	232	446	382	380	129	81	423	421	320	422	318	242	100	355	5	195	241	34	15	2	225	224	|
|136	390	64	231	369	273	52	508	310	129	187	0	173	141	491	233	409	313	330	239	355	431	335	191	93	538	438	495	316	233	429	505	385	342	203	233	88	325	182	297	143	167	199	187	412	323	|
|116	222	228	58	212	101	124	337	138	71	178	173	0	91	319	206	244	284	187	69	212	357	165	85	130	367	265	333	264	151	267	333	213	244	161	70	140	181	175	145	97	145	177	180	359	165	|
|166	302	174	132	299	164	112	385	197	27	90	141	91	0	388	273	280	208	191	127	215	305	243	167	153	413	329	361	198	96	351	383	270	333	229	159	68	272	86	163	153	56	92	91	296	190	|
|390	111	546	262	157	224	440	108	191	380	443	491	319	388	0	399	164	480	264	261	261	456	156	320	426	125	62	186	442	369	107	99	125	300	374	260	452	210	443	252	372	420	433	446	494	227	|
|110	289	294	230	242	261	199	464	290	246	361	233	206	273	399	0	402	480	382	254	404	562	262	124	143	493	369	490	466	355	302	457	344	135	45	191	279	189	356	337	120	328	364	362	563	348	|
|349	169	453	190	215	148	364	110	114	283	311	409	244	280	164	402	0	324	110	174	101	292	151	289	372	135	109	90	284	230	212	111	70	354	364	216	348	245	312	118	329	295	298	313	330	90	|
|374	434	306	294	452	300	307	429	312	235	127	313	284	208	480	480	324	0	216	274	223	137	380	368	357	448	419	367	40	136	487	432	358	525	436	336	227	443	132	234	361	156	119	127	102	255	|
|303	230	364	151	261	127	292	219	118	201	204	330	187	191	264	382	110	216	0	128	25	213	185	258	314	243	203	176	178	123	282	221	144	372	338	193	256	270	206	45	283	193	191	206	239	46	|
|180	177	289	24	183	38	191	269	72	119	195	239	69	127	261	254	174	274	128	0	151	321	118	130	198	299	204	263	246	139	228	266	147	258	211	68	191	169	193	83	159	166	188	197	333	98	|
|327	238	388	174	273	147	317	206	133	226	224	355	212	215	261	404	101	223	25	151	0	203	198	281	339	228	202	156	184	143	288	209	146	390	362	215	280	286	226	68	308	215	210	226	235	61	|
|464	441	435	345	474	333	415	378	330	329	246	431	357	305	456	562	292	137	213	321	203	0	398	440	458	390	400	301	117	211	492	384	348	578	517	389	344	480	251	251	448	265	233	246	54	259	|
|236	59	393	112	76	83	284	202	69	231	313	335	165	243	156	262	151	380	185	118	198	398	0	167	270	231	110	233	347	250	110	195	85	203	230	103	303	95	311	150	217	284	305	315	422	139	|
|70	212	254	107	181	142	140	365	175	141	257	191	85	167	320	124	289	368	258	130	281	440	167	0	109	394	277	378	349	236	244	359	239	167	81	73	196	135	253	213	53	223	257	258	444	226	|
|44	319	157	183	290	225	57	460	262	129	232	93	130	153	426	143	372	357	314	198	339	458	270	109	0	490	379	462	351	247	353	456	334	250	110	168	140	243	226	274	56	201	238	232	449	294	|
|461	211	585	309	264	266	490	30	229	414	446	538	367	413	125	493	135	448	243	299	228	390	231	394	490	0	125	89	408	365	226	36	156	412	462	324	481	311	447	253	441	430	433	448	436	225	|
|346	86	491	207	140	167	387	98	132	323	382	438	265	329	62	369	109	419	203	204	202	400	110	277	379	125	0	155	381	307	113	90	63	288	339	211	394	186	382	190	327	359	371	384	436	165	|
|439	235	536	280	287	238	452	84	204	367	380	495	333	361	186	490	90	367	176	263	156	301	233	378	462	89	155	0	326	299	267	92	148	432	454	306	429	325	382	199	419	369	366	382	348	172	|
|363	399	318	268	421	270	304	388	279	224	129	316	264	198	442	466	284	40	178	246	184	117	347	349	351	408	381	326	0	113	452	391	321	502	422	311	229	415	134	199	348	152	118	130	98	219	|
|254	306	254	158	320	168	208	340	186	119	81	233	151	96	369	355	230	136	123	139	143	211	250	236	247	365	307	299	113	0	359	340	244	390	310	200	148	308	83	117	238	74	68	83	208	145	|
|312	53	490	219	63	193	377	204	174	336	423	429	267	351	107	302	212	487	282	228	288	492	110	244	353	226	113	267	452	359	0	195	145	194	283	199	407	115	421	254	296	394	415	425	521	237	|
|426	176	554	276	229	233	457	9	195	383	421	505	333	383	99	457	111	432	221	266	209	384	195	359	456	36	90	92	391	340	195	0	122	378	426	289	451	275	421	226	406	404	408	423	427	197	|
|305	99	436	155	145	112	336	126	75	266	320	385	213	270	125	344	70	358	144	147	146	348	85	239	334	156	63	148	321	244	145	122	0	286	310	168	336	177	320	128	285	298	309	322	381	103	|
|206	202	407	235	148	246	297	386	258	308	422	342	244	333	300	135	354	525	372	258	390	578	203	167	250	412	288	432	502	390	194	378	286	0	144	191	362	109	418	329	202	388	421	423	591	329	|
|71	263	266	187	221	221	163	432	251	202	318	203	161	229	374	45	364	436	338	211	362	517	230	81	110	462	339	454	422	310	283	426	310	144	0	150	239	168	313	294	77	285	321	319	518	306	|
|137	157	292	45	142	70	181	294	102	141	242	233	70	159	260	191	216	336	193	68	215	389	103	73	168	324	211	306	311	200	199	289	168	191	150	0	210	113	239	148	117	210	238	244	400	157	|
|169	361	108	192	352	228	84	453	262	72	100	88	140	68	452	279	348	227	256	191	280	344	303	196	140	481	394	429	229	148	407	451	336	362	239	210	0	318	95	231	164	79	111	100	325	258	|
|200	101	388	150	53	148	274	283	153	252	355	325	181	272	210	189	245	443	270	169	286	480	95	135	243	311	186	325	415	308	115	275	177	109	168	113	318	0	352	230	187	323	351	357	498	225	|
|247	370	186	205	374	228	175	421	254	112	5	182	175	86	443	356	312	132	206	193	226	251	311	253	226	447	382	382	134	83	421	421	320	418	313	239	95	352	0	196	237	30	19	6	230	224	|
|260	201	337	107	226	84	256	226	81	169	195	297	145	163	252	337	118	234	45	83	68	251	150	213	274	253	190	199	199	117	254	226	128	329	294	148	231	230	196	0	240	178	184	198	272	29	|
|20	264	207	140	234	180	95	411	216	127	241	143	97	153	372	120	329	361	283	159	308	448	217	53	56	441	327	419	348	238	296	406	285	202	77	117	164	187	237	240	0	208	245	242	446	257	|
|219	344	181	177	346	202	152	404	230	82	34	167	145	56	420	328	295	156	193	166	215	265	284	223	201	430	359	369	152	74	394	404	298	388	285	210	79	323	30	178	208	0	37	35	250	206	|
|256	364	205	202	370	222	188	408	246	118	15	199	177	92	433	364	298	119	191	188	210	233	305	257	238	433	371	366	118	68	415	408	309	421	321	238	111	351	19	184	245	37	0	17	214	212	|
|253	374	190	210	378	232	180	423	257	117	2	187	180	91	446	362	313	127	206	197	226	246	315	258	232	448	384	382	130	83	425	423	322	423	319	244	100	357	6	198	242	35	17	0	225	226	|
|460	469	408	356	498	351	402	422	353	322	225	412	359	296	494	563	330	102	239	333	235	54	422	444	449	436	436	348	98	208	521	427	381	591	518	400	325	498	230	272	446	250	214	225	0	285	|
|278	184	364	119	215	87	280	198	72	195	224	323	165	190	227	348	90	255	46	98	61	259	139	226	294	225	165	172	219	145	237	197	103	329	306	157	258	225	224	29	257	206	212	226	285	0	|

--------------------------------------------------------------------------------
Building model...
	using lazy and cut (CVRPSEP package)
Solving IRP LP...
--------------------------------------------------------------------------------

Gurobi 9.1.0 (linux64) logging started Fri Jan  8 22:18:08 2021

Gurobi Optimizer version 9.1.0 build v9.1.0rc0 (linux64)
Thread count: 32 physical cores, 32 logical processors, using up to 2 threads
Optimize a model with 1075 rows, 6940 columns and 16486 nonzeros
Model fingerprint: 0x3ea83db4
Variable types: 454 continuous, 6486 integer (276 binary)
Coefficient statistics:
  Matrix range     [1e+00, 2e+03]
  Objective range  [1e-01, 6e+02]
  Bounds range     [1e+00, 3e+02]
  RHS range        [1e+01, 6e+03]
Presolve removed 257 rows and 275 columns
Presolve time: 0.06s
Presolved: 818 rows, 6665 columns, 15249 nonzeros
Variable types: 317 continuous, 6348 integer (6081 binary)

Root relaxation: objective 1.302477e+04, 618 iterations, 0.01 seconds

    Nodes    |    Current Node    |     Objective Bounds      |     Work
 Expl Unexpl |  Obj  Depth IntInf | Incumbent    BestBd   Gap | It/Node Time

     0     0 13024.7676    0  107          - 13024.7676      -     -    0s
     0     0 13406.2587    0  129          - 13406.2587      -     -    0s
     0     0 13410.7249    0  143          - 13410.7249      -     -    0s
     0     0 13410.7249    0  153          - 13410.7249      -     -    0s
     0     0 13784.3828    0  180          - 13784.3828      -     -    0s
     0     0 13924.1711    0  184          - 13924.1711      -     -    0s
     0     0 13924.8845    0  196          - 13924.8845      -     -    0s
     0     0 14023.6112    0  207          - 14023.6112      -     -    0s
     0     0 14039.0748    0  237          - 14039.0748      -     -    0s
     0     0 14136.3565    0  262          - 14136.3565      -     -    0s
     0     0 14146.0025    0  260          - 14146.0025      -     -    0s
     0     0 14150.6933    0  245          - 14150.6933      -     -    0s
     0     0 14150.7319    0  279          - 14150.7319      -     -    0s
     0     0 14214.0037    0  240          - 14214.0037      -     -    1s
     0     0 14238.2828    0  310          - 14238.2828      -     -    1s
     0     0 14253.9325    0  302          - 14253.9325      -     -    1s
     0     0 14255.3482    0  320          - 14255.3482      -     -    1s
     0     0 14280.8348    0  302          - 14280.8348      -     -    1s
     0     0 14286.1469    0  260          - 14286.1469      -     -    1s
     0     0 14287.2490    0  308          - 14287.2490      -     -    1s
     0     0 14291.9957    0  256          - 14291.9957      -     -    1s
     0     0 14302.3251    0  267          - 14302.3251      -     -    1s
     0     0 14303.7769    0  141          - 14303.7769      -     -    1s
     0     0 14314.2214    0  287          - 14314.2214      -     -    1s
     0     0 14314.2214    0  287          - 14314.2214      -     -    2s
     0     2 14314.2214    0  277          - 14314.2214      -     -    2s
    64    72 14504.0088   17  243          - 14340.1049      -   198    5s
   358   395 15214.5466   64  197          - 14340.1049      -   103   10s
   601   643 16000.3417  134   65          - 14340.1049      -  89.6   15s
   870   826 14621.0111   27  421          - 14391.1832      -  72.9   20s
   885   836 16112.1671  172  406          - 14425.0681      -  71.7   25s
   896   847 14490.2331   13  291          - 14437.2502      -  78.1   30s
   963   896 14579.5880   30  294          - 14437.2502      -  92.4   35s
  1102  1008 14795.9678   51  188          - 14437.2502      -  98.1   40s
H 1175  1000                    15373.840000 14437.2502  6.09%  95.7   41s
H 1187   960                    15341.840000 14437.2502  5.90%  95.1   42s
  1230   971 14978.6480   65  168 15341.8400 14437.2502  5.90%  97.5   45s
  1301  1018 15244.2487   86  187 15341.8400 14437.2502  5.90%   103   50s
  1422  1090 15184.8879  116   73 15341.8400 14437.2502  5.90%   105   55s
  1495  1097 14503.6848   18  385 15341.8400 14438.5698  5.89%   107   60s
  1524  1118 14597.4070   27  351 15341.8400 14438.5698  5.89%   112   65s
H 1538  1039                    15267.400000 14438.5698  5.43%   114   66s
  1589  1081 14850.1801   36  220 15267.4000 14438.5698  5.43%   118   70s
  1620  1090 14901.1583   39  269 15267.4000 14438.5698  5.43%   120   76s
  1655  1143 14922.3715   44  234 15267.4000 14438.5698  5.43%   120   80s
  1797  1252 15107.9432   73   68 15267.4000 14455.0648  5.32%   118   85s
  1940  1260 14809.4796   28  162 15267.4000 14455.7033  5.32%   117   90s
  2044  1410 14967.2382   83   79 15267.4000 14455.7033  5.32%   118   96s
  2216  1435 14736.1651   20  284 15267.4000 14470.5555  5.22%   113  101s
  2393  1507 14986.9195   49  148 15267.4000 14487.4895  5.11%   110  105s
  2480  1535 14866.2954   24  340 15267.4000 14487.4895  5.11%   111  110s
  2576  1591 14884.8657   20  330 15267.4000 14488.5811  5.10%   114  116s
  2667  1642 14604.7764   18  373 15267.4000 14488.6160  5.10%   116  121s
  2767  1698 15000.6597   29  230 15267.4000 14488.6160  5.10%   117  127s
  2815  1718     cutoff   41      15267.4000 14490.2357  5.09%   118  130s
  2941  1757     cutoff   61      15267.4000 14501.9018  5.01%   119  136s
  3018  1771 14773.6687   20  379 15267.4000 14501.9018  5.01%   121  140s
  3068  1895 15123.7870   42   12 15267.4000 14502.3523  5.01%   123  146s
  3179  1957 14811.3245   22  289 15267.4000 14506.4169  4.98%   122  150s
  3313  2069 15047.3708   40  154 15267.4000 14507.0177  4.98%   123  157s
  3407  2102 14806.8041   32  193 15267.4000 14510.6534  4.96%   124  161s
  3464  2187 14710.7789   23  297 15267.4000 14515.6819  4.92%   124  165s
H 3625  2287                    15253.400000 14515.6819  4.84%   125  174s
  3665  2287 14863.5618   29  227 15253.4000 14531.8573  4.73%   125  181s
  3711  2359 14811.0231   38   65 15253.4000 14532.1957  4.73%   125  185s
  3791  2429 14905.2441   29  177 15253.4000 14532.5696  4.73%   126  190s
  3970  2499 14635.4185   18  265 15253.4000 14533.6733  4.72%   128  202s
  3972  2594 14658.8713   19  274 15253.4000 14533.6733  4.72%   128  207s
  4079  2673 15092.6805   60  140 15253.4000 14534.9030  4.71%   128  213s
  4166  2742 14860.5485   31  267 15253.4000 14535.0396  4.71%   129  218s
  4277  2852 14677.7315   24  278 15253.4000 14540.4930  4.67%   130  223s
  4404  2941 14852.4166   29  228 15253.4000 14541.2600  4.67%   130  230s
H 4515  2928                    15198.399997 14542.1816  4.32%   131  237s
H 4664  2667                    15156.500000 14544.0115  4.04%   129  238s
  4795  2724     cutoff  100      15156.5000 14548.2118  4.01%   127  244s
  4898  2786 14913.5545   53  152 15156.5000 14548.7558  4.01%   127  251s
  4975  2879 14962.5289   44  163 15156.5000 14550.7873  4.00%   129  257s
  5084  2928     cutoff   27      15156.5000 14553.8317  3.98%   130  264s
  5181  2996 14861.1474   33  247 15156.5000 14554.6447  3.97%   131  270s
  5280  3093 14668.1457   19  260 15156.5000 14560.9189  3.93%   133  278s
  5393  3207 14798.6359   25  235 15156.5000 14563.0390  3.92%   135  286s
  5531  3372 15116.0630   40  142 15156.5000 14566.1308  3.90%   135  294s
  5604  3372 14901.1138   26  204 15156.5000 14566.1308  3.90%   136  295s
  5737  3528 15153.0356   29   53 15156.5000 14568.0004  3.88%   135  302s
  5944  3631     cutoff   51      15156.5000 14569.0550  3.88%   135  311s
  6085  3705 14802.2176   27  345 15156.5000 14570.8908  3.86%   136  321s
  6167  3819 15054.1278   61  232 15156.5000 14572.0705  3.86%   136  329s
H 6261  3331                    15101.500000 14572.2518  3.50%   137  330s
  6312  3410 15028.1898   45   64 15101.5000 14573.9379  3.49%   138  339s
  6533  3544 14967.2416   27  269 15101.5000 14574.5058  3.49%   137  348s
  6704  3620 14868.3804   33  182 15101.5000 14578.3027  3.46%   138  357s
  6825  3708 15057.3107   36  204 15101.5000 14580.0521  3.45%   139  386s
  6947  3799 15050.8487   37   43 15101.5000 14582.0512  3.44%   140  394s
  7006  3799 14880.4000   40    8 15101.5000 14582.9234  3.43%   140  395s
  7095  3924     cutoff   25      15101.5000 14583.5223  3.43%   140  403s
  7174  3926 15058.4000   46    - 15101.5000 14583.5223  3.43%   140  405s
  7287  4082     cutoff   60      15101.5000 14585.7668  3.42%   140  416s
  7530  4164 15081.7723   48   27 15101.5000 14586.0681  3.41%   141  427s
H 7567  1777                    14883.330000 14588.2183  1.98%   141  427s
  7670  1792     cutoff   49      14883.3300 14588.2522  1.98%   141  437s
  7812  1834 14757.9005   21  390 14883.3300 14590.0017  1.97%   143  447s
  7915  1879 14823.3496   39  154 14883.3300 14591.7168  1.96%   144  456s
  8044  1932     cutoff   51      14883.3300 14593.0819  1.95%   146  465s
  8201  1976     cutoff   44      14883.3300 14594.7875  1.94%   147  474s
  8268  1976 14712.6306   23  333 14883.3300 14598.6158  1.91%   148  475s
  8335  2042 14819.3008   32  303 14883.3300 14598.8955  1.91%   148  485s
  8482  2076 14876.4196   29   83 14883.3300 14603.3184  1.88%   149  495s
  8637  2136 14736.2322   24  291 14883.3300 14606.6711  1.86%   150  506s
  8745  2181     cutoff   35      14883.3300 14609.0106  1.84%   152  516s
  8889  2251 14807.1031   31  243 14883.3300 14610.7050  1.83%   153  527s
  9048  2306 14806.3707   32  270 14883.3300 14614.2545  1.81%   154  538s
  9196  2366     cutoff   27      14883.3300 14617.3542  1.79%   155  548s
  9347  2414     cutoff   29      14883.3300 14620.8369  1.76%   156  559s
H 9348  2371                    14878.980000 14620.8369  1.73%   156  559s
  9476  2410     cutoff   41      14878.9800 14622.5874  1.72%   158  570s
  9644  2462     cutoff   36      14878.9800 14623.9310  1.71%   159  580s
  9797  2518 14816.8425   27  182 14878.9800 14627.5355  1.69%   160  591s
  9943  2588     cutoff   30      14878.9800 14630.6444  1.67%   161  602s
 10089  2648 14841.7609   32  220 14878.9800 14632.3093  1.66%   162  612s
 10276  2726 14749.7662   26  269 14878.9800 14634.2571  1.64%   163  624s
 10457  2788 14735.7547   19  363 14878.9800 14637.1937  1.63%   164  635s
 10624  2864 14839.9387   22  331 14878.9800 14639.4722  1.61%   165  648s
 10820  2929     cutoff   35      14878.9800 14641.4379  1.60%   165  659s
 10913  2932 14741.1214   20  233 14878.9800 14643.5003  1.58%   166  660s
 11001  2997     cutoff   48      14878.9800 14644.1488  1.58%   166  670s
 11176  3062 14775.8981   40  255 14878.9800 14645.8395  1.57%   167  681s
 11357  3113     cutoff   36      14878.9800 14648.5575  1.55%   167  692s
 11511  3183 14771.7381   32  297 14878.9800 14650.5273  1.54%   168  707s
 11722  3229 14769.5163   24  324 14878.9800 14652.9358  1.52%   169  719s
 11795  3230 14855.2079   22  160 14878.9800 14652.9358  1.52%   169  720s
 11872  3295     cutoff   25      14878.9800 14653.9030  1.51%   170  731s
 12035  3342 14824.9963   27  316 14878.9800 14656.3626  1.50%   171  742s
 12201  3378 14792.1353   25  169 14878.9800 14657.3999  1.49%   171  753s
 12382  3426 14725.8036   30  223 14878.9800 14658.8189  1.48%   172  772s
 12546  3480 14822.3022   26  270 14878.9800 14660.8477  1.47%   173  784s
 12754  3555 14795.8441   22  249 14878.9800 14662.0433  1.46%   173  796s
 12957  3609 14790.9260   23  264 14878.9800 14662.8533  1.45%   174  808s
 13142  3656 14817.5414   36  241 14878.9800 14663.8032  1.45%   174  824s
 13316  3756 14760.7580   27  258 14878.9800 14665.2774  1.44%   175  835s
 13523  3821 14734.1720   23  326 14878.9800 14667.1188  1.42%   175  845s
 13697  3880     cutoff   44      14878.9800 14668.3768  1.42%   176  857s
 13885  3926 14794.9635   29  201 14878.9800 14669.8665  1.41%   176  870s
 14071  3983 14861.2476   30  272 14878.9800 14671.3907  1.40%   176  881s
 14258  4045     cutoff   22      14878.9800 14673.6844  1.38%   177  893s
 14446  4096 14766.3861   27  312 14878.9800 14674.7571  1.37%   177  904s
 14507  4096 14876.5397   31   97 14878.9800 14674.7571  1.37%   177  905s
 14622  4123     cutoff   28      14878.9800 14676.2059  1.36%   178  916s
 14811  4140 14840.0897   36  208 14878.9800 14677.7617  1.35%   178  928s
 14979  4190 14869.0238   24  145 14878.9800 14679.7583  1.34%   179  940s
 15170  4255 14776.2077   28  210 14878.9800 14680.5006  1.33%   179  952s
 15366  4297 14764.5811   25  153 14878.9800 14681.4171  1.33%   179  964s
 15456  4297     cutoff   35      14878.9800 14682.3544  1.32%   180  965s
 15560  4339 14784.9174   24  181 14878.9800 14682.7024  1.32%   180  976s
 15765  4349     cutoff   39      14878.9800 14683.9136  1.31%   180  988s
 15917  4390     cutoff   26      14878.9800 14684.8558  1.30%   181 1000s
 16146  4427 14777.5089   26  218 14878.9800 14685.8353  1.30%   181 1013s
 16315  4470 14694.8512   25  342 14878.9800 14686.4787  1.29%   181 1025s
 16462  4516 14846.0166   34  259 14878.9800 14687.9069  1.28%   182 1037s
 16679  4557 14837.4540   28  154 14878.9800 14689.6989  1.27%   182 1049s
 16760  4557 14759.6286   26  319 14878.9800 14689.6989  1.27%   182 1050s
 16860  4603 14750.6421   24  238 14878.9800 14690.6208  1.27%   182 1062s
 17099  4620     cutoff   28      14878.9800 14691.7591  1.26%   182 1075s
 17281  4666     cutoff   26      14878.9800 14692.4132  1.25%   183 1087s
 17481  4730     cutoff   27      14878.9800 14693.6650  1.25%   183 1099s
 17543  4730 14864.4864   35  140 14878.9800 14693.6650  1.25%   183 1100s
 17709  4799     cutoff   31      14878.9800 14694.5723  1.24%   183 1113s
 17943  4847 14865.1815   29  311 14878.9800 14695.4570  1.23%   183 1125s
 18162  4884     cutoff   47      14878.9800 14697.1240  1.22%   183 1138s
 18358  4932     cutoff   36      14878.9800 14697.4371  1.22%   184 1151s
 18561  5025 14784.3915   32  184 14878.9800 14698.8708  1.21%   184 1164s
 18774  5060     cutoff   25      14878.9800 14699.7167  1.20%   184 1177s
 18981  5094     cutoff   22      14878.9800 14700.6119  1.20%   185 1191s
 19156  5128 14761.0463   31  313 14878.9800 14701.2466  1.19%   185 1204s
 19368  5195 14736.8867   23  225 14878.9800 14702.6442  1.19%   185 1217s
 19606  5239 14847.6723   39   95 14878.9800 14703.2757  1.18%   186 1230s
 19858  5300 14822.0373   33  334 14878.9800 14703.9317  1.18%   186 1243s
 20081  5311 14855.2809   29  316 14878.9800 14704.7205  1.17%   186 1255s
 20266  5365 14778.7319   31  263 14878.9800 14705.8371  1.16%   186 1267s
 20474  5424     cutoff   26      14878.9800 14707.1286  1.15%   186 1280s
 20695  5472 14799.3590   30  250 14878.9800 14708.6479  1.14%   186 1293s
 20926  5491 14817.4817   24  197 14878.9800 14709.9976  1.14%   186 1305s
 21139  5521 14837.2093   28  237 14878.9800 14710.8126  1.13%   187 1317s
 21364  5561 14820.2350   30  338 14878.9800 14711.7537  1.12%   187 1330s
 21574  5586 14857.1803   40  249 14878.9800 14712.6069  1.12%   187 1343s
 21800  5611 14805.4988   24  225 14878.9800 14713.4104  1.11%   187 1356s
 21993  5638 14746.4197   31  245 14878.9800 14714.3301  1.11%   187 1371s
 22158  5687 14829.7905   26  176 14878.9800 14714.9856  1.10%   188 1387s
 22377  5713     cutoff   37      14878.9800 14715.8093  1.10%   187 1402s
 22525  5780 14851.3219   34   37 14878.9800 14716.5601  1.09%   188 1456s
H22755  5525                    14859.900000 14717.1891  0.96%   188 1457s
 22756  5547 14813.0554   29  270 14859.9000 14717.2195  0.96%   188 1469s
 22954  5568 14815.1301   39  258 14859.9000 14718.4982  0.95%   188 1482s
 23174  5633     cutoff   23      14859.9000 14720.0163  0.94%   188 1496s
 23403  5664     cutoff   49      14859.9000 14720.7089  0.94%   188 1509s
 23526  5664     cutoff   36      14859.9000 14721.4506  0.93%   188 1510s
 23634  5679 14800.8729   34  230 14859.9000 14721.5090  0.93%   188 1521s
 23870  5728 14823.3480   26  323 14859.9000 14723.2714  0.92%   188 1534s
 24110  5738 14789.2460   30  233 14859.9000 14723.9855  0.91%   188 1547s
 24308  5753 14818.3479   30  250 14859.9000 14724.9549  0.91%   188 1559s
 24383  5753 14820.8894   29  294 14859.9000 14724.9549  0.91%   188 1560s
 24519  5779 14811.4883   31  282 14859.9000 14726.3261  0.90%   188 1572s
 24762  5817 14830.9112   35  153 14859.9000 14727.4116  0.89%   188 1586s
 25001  5840     cutoff   32      14859.9000 14728.3347  0.89%   188 1600s
 25283  5853 14800.2262   32  325 14859.9000 14729.2001  0.88%   188 1614s
 25487  5877 14837.6967   33  201 14859.9000 14730.0006  0.87%   188 1628s
 25732  5886     cutoff   23      14859.9000 14731.0453  0.87%   189 1642s
 25963  5942     cutoff   29      14859.9000 14731.5112  0.86%   189 1656s
 26250  5959 14767.4451   32  261 14859.9000 14732.6130  0.86%   189 1670s
*26422  5784              41    14853.380000 14733.6543  0.81%   189 1671s
 26502  5822 14767.8494   22  261 14853.3800 14733.6926  0.81%   189 1684s
*26630  5755              45    14851.420000 14733.6926  0.79%   188 1684s
 26792  5795     cutoff   27      14851.4200 14734.5182  0.79%   188 1697s
 27038  5834 14824.1556   29  278 14851.4200 14735.6193  0.78%   188 1712s
 27294  5834 14814.4248   37  267 14851.4200 14736.4972  0.77%   188 1725s
 27492  5848 14775.9658   25  218 14851.4200 14737.4391  0.77%   189 1739s
 27731  5857 14802.9592   28  151 14851.4200 14738.7874  0.76%   189 1752s
 27952  5868 14795.8102   21  167 14851.4200 14739.5894  0.75%   189 1766s
 28158  5863     cutoff   34      14851.4200 14740.5680  0.75%   189 1779s
 28241  5863 14824.2404   28  129 14851.4200 14740.5680  0.75%   189 1780s
 28366  5854 14808.4497   25  211 14851.4200 14741.7182  0.74%   189 1792s
 28588  5870 14843.7779   37   14 14851.4200 14742.5770  0.73%   189 1807s
 28844  5882     cutoff   39      14851.4200 14743.7343  0.73%   189 1821s
 29103  5889 14844.5463   27   49 14851.4200 14744.6686  0.72%   189 1836s
 29356  5863     cutoff   30      14851.4200 14745.6118  0.71%   189 1850s
 29552  5850 14809.8796   26  319 14851.4200 14746.8356  0.70%   190 1868s
 29834  5835 14840.3619   28  168 14851.4200 14747.7952  0.70%   190 1884s
 30102  5824     cutoff   39      14851.4200 14749.2897  0.69%   190 1899s
 30244  5824     cutoff   30      14851.4200 14750.3805  0.68%   190 1900s
 30379  5836     cutoff   30      14851.4200 14750.4612  0.68%   190 1917s
 30675  5871 14848.5051   24  171 14851.4200 14751.2637  0.67%   190 1933s
 30971  5866     cutoff   31      14851.4200 14752.3058  0.67%   190 1947s
 31213  5860     cutoff   29      14851.4200 14753.5226  0.66%   190 1962s
 31467  5901     cutoff   33      14851.4200 14754.3393  0.65%   190 1976s
 31781  5900 14810.8197   28  292 14851.4200 14755.2792  0.65%   190 1991s
 32039  5903 14787.9645   28  289 14851.4200 14756.3484  0.64%   190 2006s
 32306  5921 14774.7822   27   67 14851.4200 14757.3161  0.63%   190 2021s
 32607  5902     cutoff   38      14851.4200 14758.1147  0.63%   190 2036s
 32873  5908     cutoff   35      14851.4200 14759.0397  0.62%   190 2052s
 33160  5896     cutoff   33      14851.4200 14759.8235  0.62%   190 2066s
 33436  5887     cutoff   35      14851.4200 14760.5022  0.61%   190 2080s
 33692  5891     cutoff   30      14851.4200 14761.5807  0.60%   190 2094s
 33817  5891 14828.7374   49   79 14851.4200 14761.5807  0.60%   190 2095s
 33995  5891 14818.1993   27  203 14851.4200 14762.6756  0.60%   190 2108s
 34264  5876 14814.5430   29  284 14851.4200 14763.6697  0.59%   190 2122s
 34516  5861 14806.9429   24  304 14851.4200 14764.5986  0.58%   190 2136s
 34754  5831 14840.3294   26  290 14851.4200 14765.2416  0.58%   190 2151s
 35042  5800 14833.7638   28  146 14851.4200 14766.0836  0.57%   190 2166s
 35289  5792 14828.4525   32  231 14851.4200 14766.7822  0.57%   190 2179s
 35418  5792 14830.3287   34  304 14851.4200 14766.7822  0.57%   190 2180s
 35583  5795 14835.4672   30  215 14851.4200 14767.8971  0.56%   190 2194s
 35680  5795 14783.1259   34   79 14851.4200 14767.8971  0.56%   190 2195s
 35915  5790 14812.4504   25  285 14851.4200 14768.6701  0.56%   189 2210s
 36216  5764     cutoff   41      14851.4200 14769.6514  0.55%   189 2225s
 36475  5748 14836.1783   32  260 14851.4200 14770.4286  0.55%   189 2238s
 36757  5739 14814.6227   26  234 14851.4200 14771.3161  0.54%   189 2252s
 37089  5689 14789.3513   24  137 14851.4200 14772.4866  0.53%   189 2267s
 37369  5646 14827.7291   22  335 14851.4200 14773.5349  0.52%   189 2282s
 37657  5635     cutoff   39      14851.4200 14774.3868  0.52%   189 2297s
 37978  5629 14817.7504   24  354 14851.4200 14775.3944  0.51%   189 2313s
 38313  5601 14827.8818   24  262 14851.4200 14776.1971  0.51%   189 2328s
 38561  5551     cutoff   27      14851.4200 14776.9251  0.50%   189 2343s
 38889  5538 14809.1781   33  101 14851.4200 14777.9942  0.49%   189 2359s
 39206  5513     cutoff   32      14851.4200 14778.8895  0.49%   188 2374s
*39444  5259              51    14844.380000 14779.6349  0.44%   188 2375s
 39517  5211     cutoff   31      14844.3800 14779.6534  0.44%   188 2395s
 39717  5209 14828.3183   27  178 14844.3800 14780.2873  0.43%   188 2410s
*39771  5084              58    14841.200000 14780.2873  0.41%   188 2411s
 40102  5005     cutoff   31      14841.2000 14781.4520  0.40%   188 2425s
 40492  4976 14796.2424   28   51 14841.2000 14782.2868  0.40%   187 2440s
 40802  4889 14796.9600   39   14 14841.2000 14783.4862  0.39%   187 2455s
 41119  4805 infeasible   35      14841.2000 14784.5539  0.38%   187 2469s
 41357  4805 14841.0805   33   50 14841.2000 14785.6675  0.37%   187 2470s
 41437  4714 14819.2900   21  194 14841.2000 14785.6859  0.37%   187 2484s
 41627  4714 14832.8111   36   77 14841.2000 14785.6859  0.37%   186 2485s
 41807  4631 14829.7536   25  232 14841.2000 14786.7953  0.37%   186 2500s
 42189  4543 14798.9101   40   41 14841.2000 14788.1716  0.36%   186 2516s
 42490  4421     cutoff   31      14841.2000 14789.3826  0.35%   186 2531s
 42785  4289     cutoff   24      14841.2000 14790.6394  0.34%   185 2546s
 43074  4142     cutoff   38      14841.2000 14792.0166  0.33%   185 2561s
 43419  4022     cutoff   31      14841.2000 14793.3600  0.32%   185 2578s
 43825  3867     cutoff   42      14841.2000 14794.8933  0.31%   184 2594s
 43956  3867 infeasible   33      14841.2000 14794.8933  0.31%   184 2595s
 44149  3711     cutoff   28      14841.2000 14796.4723  0.30%   184 2610s
 44513  3539 infeasible   30      14841.2000 14798.0366  0.29%   184 2627s
 44924  3380 14832.4982   32  261 14841.2000 14799.8890  0.28%   183 2643s
 45295  3185     cutoff   37      14841.2000 14801.7571  0.27%   183 2660s
*45621   530              41    14808.900000 14803.5082  0.04%   183 2660s
 45907    27     cutoff   24      14808.9000 14805.9559  0.02%   182 2666s

Cutting planes:
  User: 1747
  Gomory: 24
  Cover: 296
  Implied bound: 62
  Clique: 16
  MIR: 109
  StrongCG: 9
  Flow cover: 371
  Zero half: 24
  Network: 1
  RLT: 223
  Relax-and-lift: 6
  Lazy constraints: 1778

Explored 46165 nodes (8357259 simplex iterations) in 2666.69 seconds
Thread count was 2 (of 32 available processors)

Solution count 10: 14808.9 14841.2 14844.4 ... 15156.5

Optimal solution found (tolerance 1.00e-04)
Best objective 1.480890000000e+04, best bound 1.480856134996e+04, gap 0.0023%

User-callback calls 280298, time in user-callback 235.66 sec
================================================================================
executing instance: ./input/Instances/Original/1/absH3high_2n45.dat
--------------------------------------------------------------------------------
Instance details
n	46
H	3
C	3171
Li:
[0, 0, 0, 0, 0, 0, 0, 0, 0, 0, 0, 0, 0, 0, 0, 0, 0, 0, 0, 0, 0, 0, 0, 0, 0, 0, 0, 0, 0, 0, 0, 0, 0, 0, 0, 0, 0, 0, 0, 0, 0, 0, 0, 0, 0, 0, ]
Ui:
[0, 246, 160, 78, 20, 87, 144, 40, 20, 82, 60, 96, 24, 136, 160, 108, 160, 26, 228, 51, 24, 240, 231, 70, 32, 105, 174, 114, 246, 126, 132, 76, 22, 42, 255, 132, 148, 162, 66, 111, 102, 240, 123, 201, 297, 78, ]
Distance matrix:
|0	148	402	550	329	420	187	318	366	280	504	273	233	333	112	344	379	481	113	593	159	523	261	424	90	359	163	461	413	240	105	299	265	89	371	462	339	273	495	22	41	439	369	506	563	468	|
|148	0	284	517	394	284	136	369	244	311	496	166	329	355	223	202	338	388	204	565	254	506	118	346	71	423	173	471	336	118	105	352	198	105	248	428	302	305	487	153	179	441	230	497	517	370	|
|402	284	0	350	448	80	228	406	42	343	382	129	456	350	412	126	219	131	382	395	410	371	180	137	314	466	289	400	137	167	389	401	169	316	39	280	217	342	373	394	414	362	108	380	324	106	|
|550	517	350	0	339	429	385	308	374	295	93	375	431	249	481	461	180	239	458	48	445	57	474	214	496	333	387	160	216	424	601	321	320	471	376	90	217	301	93	530	534	146	452	88	52	262	|
|329	394	448	339	0	513	282	42	438	105	255	363	115	108	221	484	259	431	217	365	172	289	436	362	333	30	224	189	353	380	423	47	291	296	443	285	240	107	251	307	294	193	495	260	378	437	|
|420	284	80	429	513	0	267	473	76	408	462	163	509	421	449	86	298	201	421	474	455	451	167	217	330	533	333	478	217	181	386	466	225	341	70	360	291	406	453	416	438	440	59	460	400	176	|
|187	136	228	385	282	267	0	249	199	186	360	104	248	224	184	214	207	294	155	432	189	371	155	237	113	308	68	336	227	101	216	236	78	98	205	296	168	181	350	174	190	305	231	360	390	283	|
|318	369	406	308	42	473	249	0	397	66	229	325	128	67	216	447	218	389	206	337	168	260	402	320	311	61	196	167	311	345	406	19	252	275	403	248	198	70	223	296	286	164	457	233	344	395	|
|366	244	42	374	438	76	199	397	0	332	397	96	436	346	383	90	228	168	354	420	385	389	139	161	277	458	263	408	158	128	349	391	150	282	6	298	218	331	388	359	380	370	78	395	352	144	|
