




arguments: ./build/mirp_solver -f ./input/orig_exec_82.cfg
Current dir: /scratch/gui/bnc_mirp
File verbosity level: 9
date       time         ( uptime  ) [ thread name/id ]                   file:line     v| 
2021-01-09 16:16:36.469 (   0.066s) [main thread     ]             loguru.cpp:789   INFO| Logging to './output/vi_hc1_half/OU/V2/Original/execution_09_01_2021_16_16_36.log', mode: 'a', verbosity: 9
--------------------------------------------------------------------------------
Parameters
                           instance_path           ./input/Instances/Original/3/
                            model_policy                                       1
                             nb_vehicles                                       2
                              output_dir    ./output/vi_hc1_half/OU/V2/Original/
                            sec_strategy                                       1
                       solver_nb_threads                                       2
                         solver_show_log                                    true
                       solver_time_limit                                    3600
                              use_vi_cos                                   false
                              use_vi_cus                                   false
                         use_vi_hc1_full                                   false
                         use_vi_hc1_half                                    true
                      use_vi_hc1_quarter                                   false
                              use_vi_hc2                                   false
                              use_vi_hc3                                   false
                         use_vi_lex_full                                   false
                         use_vi_lex_half                                   false
                      use_vi_lex_quarter                                   false
                              use_vi_qua                                   false
                               use_vi_vc                                   false
                               use_vi_vr                                   false
--------------------------------------------------------------------------------
executing instance: ./input/Instances/Original/3/absH3low_2n5.dat
--------------------------------------------------------------------------------
Instance details
n	6
H	3
C	237
Li:
[0, 0, 0, 0, 0, 0, ]
Ui:
[0, 93, 180, 51, 114, 24, ]
Distance matrix:
|0	170	318	35	112	235	|
|170	0	311	205	258	301	|
|318	311	0	326	278	137	|
|35	205	326	0	89	230	|
|112	258	278	89	0	160	|
|235	301	137	230	160	0	|

--------------------------------------------------------------------------------
Building model...
	using lazy and cut (CVRPSEP package)
Solving IRP LP...
--------------------------------------------------------------------------------

Gurobi 9.1.0 (linux64) logging started Sat Jan  9 16:16:36 2021

Gurobi Optimizer version 9.1.0 build v9.1.0rc0 (linux64)
Thread count: 32 physical cores, 32 logical processors, using up to 2 threads
Optimize a model with 135 rows, 180 columns and 576 nonzeros
Model fingerprint: 0x5a305b56
Variable types: 54 continuous, 126 integer (36 binary)
Coefficient statistics:
  Matrix range     [1e+00, 2e+02]
  Objective range  [1e-02, 3e+02]
  Bounds range     [1e+00, 2e+02]
  RHS range        [1e+01, 5e+02]
Found heuristic solution: objective 2081.9000000
Presolve removed 49 rows and 43 columns
Presolve time: 0.01s
Presolved: 86 rows, 137 columns, 397 nonzeros
Variable types: 29 continuous, 108 integer (81 binary)

Root relaxation: objective 6.142612e+02, 84 iterations, 0.00 seconds

    Nodes    |    Current Node    |     Objective Bounds      |     Work
 Expl Unexpl |  Obj  Depth IntInf | Incumbent    BestBd   Gap | It/Node Time

     0     0  614.26121    0   18 2081.90000  614.26121  70.5%     -    0s
H    0     0                    1794.4900000  614.26121  65.8%     -    0s
H    0     0                    1754.4900000  614.26121  65.0%     -    0s
     0     0  944.01796    0   33 1754.49000  944.01796  46.2%     -    0s
H    0     0                    1641.7300000  944.01796  42.5%     -    0s
     0     0 1058.77718    0   47 1641.73000 1058.77718  35.5%     -    0s
     0     0 1059.30210    0   45 1641.73000 1059.30210  35.5%     -    0s
     0     0 1062.58450    0   45 1641.73000 1062.58450  35.3%     -    0s
     0     0 1127.28631    0   37 1641.73000 1127.28631  31.3%     -    0s
H    0     0                    1464.7300000 1127.28631  23.0%     -    0s
     0     0 1133.02057    0   39 1464.73000 1133.02057  22.6%     -    0s
     0     0 1133.06751    0   39 1464.73000 1133.06751  22.6%     -    0s
     0     0 1224.19810    0   44 1464.73000 1224.19810  16.4%     -    0s
     0     0 1230.64712    0   55 1464.73000 1230.64712  16.0%     -    0s
     0     0 1230.70396    0   37 1464.73000 1230.70396  16.0%     -    0s
     0     0 1248.09313    0   65 1464.73000 1248.09313  14.8%     -    0s
     0     0 1258.75463    0   37 1464.73000 1258.75463  14.1%     -    0s
     0     0 1263.50990    0   61 1464.73000 1263.50990  13.7%     -    0s
     0     0 1264.29549    0   57 1464.73000 1264.29549  13.7%     -    0s
     0     0 1264.92322    0   62 1464.73000 1264.92322  13.6%     -    0s
     0     0 1301.60039    0   59 1464.73000 1301.60039  11.1%     -    0s
     0     0 1323.82222    0   60 1464.73000 1323.82222  9.62%     -    0s
     0     0 1323.85610    0   59 1464.73000 1323.85610  9.62%     -    0s
     0     0 1347.01525    0   61 1464.73000 1347.01525  8.04%     -    0s
     0     0 1348.94111    0   49 1464.73000 1348.94111  7.91%     -    0s
     0     0 1350.45171    0   62 1464.73000 1350.45171  7.80%     -    0s
     0     0 1350.45171    0   62 1464.73000 1350.45171  7.80%     -    0s
     0     2 1350.45171    0   62 1464.73000 1350.45171  7.80%     -    0s
*    5     4               3    1449.5600000 1400.09521  3.41%  19.6    0s
*   18     2               5    1437.9000000 1435.55263  0.16%  12.9    0s

Cutting planes:
  User: 2
  Gomory: 3
  Cover: 21
  Implied bound: 3
  MIR: 17
  Flow cover: 20
  GUB cover: 2
  Mod-K: 1
  RLT: 16
  Relax-and-lift: 1

Explored 24 nodes (904 simplex iterations) in 0.15 seconds
Thread count was 2 (of 32 available processors)

Solution count 7: 1437.9 1449.56 1464.73 ... 2081.9

Optimal solution found (tolerance 1.00e-04)
Best objective 1.437900000000e+03, best bound 1.437900000000e+03, gap 0.0000%

User-callback calls 296, time in user-callback 0.01 sec
================================================================================
executing instance: ./input/Instances/Original/3/absH3high_5n30.dat
--------------------------------------------------------------------------------
Instance details
n	31
H	3
C	2296
Li:
[0, 0, 0, 0, 0, 0, 0, 0, 0, 0, 0, 0, 0, 0, 0, 0, 0, 0, 0, 0, 0, 0, 0, 0, 0, 0, 0, 0, 0, 0, 0, ]
Ui:
[0, 80, 90, 297, 28, 264, 123, 192, 112, 32, 72, 88, 294, 129, 126, 105, 110, 237, 246, 92, 72, 147, 54, 96, 128, 96, 84, 28, 74, 196, 192, ]
Distance matrix:
|0	87	302	65	389	171	219	120	412	339	129	63	169	401	383	158	393	161	246	275	64	287	345	235	13	274	106	201	85	358	135	|
|87	0	334	128	402	212	301	204	465	384	187	145	232	424	454	238	475	245	289	352	80	307	352	321	81	352	20	261	170	376	215	|
|302	334	0	239	113	132	237	334	157	70	404	263	162	105	227	229	339	251	65	217	259	53	107	352	293	220	339	134	270	75	235	|
|65	128	239	0	330	107	175	130	348	275	174	40	107	339	326	114	351	125	181	224	58	228	290	222	58	224	143	138	65	297	92	|
|389	402	113	330	0	226	349	438	210	151	502	360	269	48	316	339	441	362	175	328	335	102	55	465	377	330	401	245	371	37	342	|
|171	212	132	107	226	0	169	214	253	173	276	134	64	233	261	130	326	153	77	188	133	125	192	264	162	190	220	68	145	193	125	|
|219	301	237	175	349	169	0	157	257	223	244	157	105	334	180	62	175	61	177	63	233	264	334	118	221	61	317	112	136	312	85	|
|120	204	334	130	438	214	157	0	402	348	88	90	173	438	336	115	307	100	269	220	172	338	406	122	130	218	224	204	69	403	101	|
|412	465	157	348	210	253	257	402	0	88	486	359	245	166	129	287	266	303	178	204	386	208	239	370	406	207	473	212	354	187	304	|
|339	384	70	275	151	173	223	348	88	0	427	291	179	120	166	234	290	254	96	187	306	123	166	342	332	190	391	145	291	119	247	|
|129	187	404	174	502	276	244	88	486	427	0	142	248	508	424	200	390	187	342	308	193	400	464	192	142	306	207	281	136	469	182	|
|63	145	263	40	360	134	157	90	359	291	142	0	114	366	321	95	331	99	202	212	90	258	323	186	65	211	163	148	27	327	72	|
|169	232	162	107	269	64	105	173	245	179	248	114	0	266	222	71	268	94	97	131	155	173	244	203	164	132	245	34	113	233	73	|
|401	424	105	339	48	233	334	438	166	120	508	366	266	0	280	332	409	355	169	305	353	117	96	452	391	308	425	237	374	49	339	|
|383	454	227	326	316	261	180	336	129	166	424	321	222	280	0	231	137	238	208	116	376	277	331	272	381	118	467	197	307	285	253	|
|158	238	229	114	339	130	62	115	287	234	200	95	71	332	231	0	238	23	164	118	171	243	314	134	159	117	255	95	77	302	23	|
|393	475	339	351	441	326	175	307	266	290	390	331	268	409	137	238	0	232	300	138	408	383	445	204	395	136	492	258	308	406	260	|
|161	245	251	125	362	153	61	100	303	254	187	99	94	355	238	23	232	0	187	123	183	267	338	111	164	121	262	117	77	325	34	|
|246	289	65	181	175	77	177	269	178	96	342	202	97	169	208	164	300	187	0	168	210	87	157	290	238	171	296	70	206	138	170	|
|275	352	217	224	328	188	63	220	204	187	308	212	131	305	116	118	138	123	168	0	279	255	322	166	275	3	367	120	195	291	141	|
|64	80	259	58	335	133	233	172	386	306	193	90	155	353	376	171	408	183	210	279	0	236	289	276	51	279	90	182	117	307	150	|
|287	307	53	228	102	125	264	338	208	123	400	258	173	117	277	243	383	267	87	255	236	0	71	374	276	257	308	153	270	71	245	|
|345	352	107	290	55	192	334	406	239	166	464	323	244	96	331	314	445	338	157	322	289	71	0	445	334	325	350	224	337	54	315	|
|235	321	352	222	465	264	118	122	370	342	192	186	203	452	272	134	204	111	290	166	276	374	445	0	243	164	341	221	159	428	142	|
|13	81	293	58	377	162	221	130	406	332	142	65	164	391	381	159	395	164	238	275	51	276	334	243	0	274	100	196	89	347	136	|
|274	352	220	224	330	190	61	218	207	190	306	211	132	308	118	117	136	121	171	3	279	257	325	164	274	0	367	122	194	294	140	|
|106	20	339	143	401	220	317	224	473	391	207	163	245	425	467	255	492	262	296	367	90	308	350	341	100	367	0	272	188	377	232	|
|201	261	134	138	245	68	112	204	212	145	281	148	34	237	197	95	258	117	70	120	182	153	224	221	196	122	272	0	146	208	103	|
|85	170	270	65	371	145	136	69	354	291	136	27	113	374	307	77	308	77	206	195	117	270	337	159	89	194	188	146	0	337	54	|
|358	376	75	297	37	193	312	403	187	119	469	327	233	49	285	302	406	325	138	291	307	71	54	428	347	294	377	208	337	0	306	|
|135	215	235	92	342	125	85	101	304	247	182	72	73	339	253	23	260	34	170	141	150	245	315	142	136	140	232	103	54	306	0	|

--------------------------------------------------------------------------------
Building model...
	using lazy and cut (CVRPSEP package)
Solving IRP LP...
--------------------------------------------------------------------------------

Gurobi 9.1.0 (linux64) logging started Sat Jan  9 16:16:36 2021

Gurobi Optimizer version 9.1.0 build v9.1.0rc0 (linux64)
Thread count: 32 physical cores, 32 logical processors, using up to 2 threads
Optimize a model with 721 rows, 3280 columns and 8107 nonzeros
Model fingerprint: 0x05746536
Variable types: 304 continuous, 2976 integer (186 binary)
Coefficient statistics:
  Matrix range     [1e+00, 1e+03]
  Objective range  [1e-01, 5e+02]
  Bounds range     [1e+00, 3e+02]
  RHS range        [1e+01, 4e+03]
Presolve removed 228 rows and 221 columns
Presolve time: 0.06s
Presolved: 493 rows, 3059 columns, 7197 nonzeros
Variable types: 176 continuous, 2883 integer (2706 binary)

Root relaxation: objective 8.893539e+03, 447 iterations, 0.01 seconds

    Nodes    |    Current Node    |     Objective Bounds      |     Work
 Expl Unexpl |  Obj  Depth IntInf | Incumbent    BestBd   Gap | It/Node Time

     0     0 8893.53864    0   85          - 8893.53864      -     -    0s
     0     0 9308.09636    0  121          - 9308.09636      -     -    0s
     0     0 9315.78177    0  120          - 9315.78177      -     -    0s
     0     0 9731.71159    0  164          - 9731.71159      -     -    0s
     0     0 9750.02684    0  174          - 9750.02684      -     -    0s
     0     0 9756.79001    0  157          - 9756.79001      -     -    0s
     0     0 9761.80924    0  191          - 9761.80924      -     -    0s
     0     0 9761.99347    0  188          - 9761.99347      -     -    0s
     0     0 9818.68193    0  170          - 9818.68193      -     -    0s
     0     0 9821.91094    0  186          - 9821.91094      -     -    0s
     0     0 9822.63900    0  171          - 9822.63900      -     -    0s
     0     0 9839.45009    0  188          - 9839.45009      -     -    0s
     0     0 9842.89312    0  226          - 9842.89312      -     -    0s
     0     0 9850.85325    0  230          - 9850.85325      -     -    0s
     0     0 9854.76797    0  218          - 9854.76797      -     -    0s
     0     0 9856.01967    0  217          - 9856.01967      -     -    0s
     0     0 9876.11418    0  197          - 9876.11418      -     -    0s
     0     0 9876.95722    0  218          - 9876.95722      -     -    0s
     0     0 9883.86054    0  217          - 9883.86054      -     -    0s
     0     0 9883.86054    0  216          - 9883.86054      -     -    0s
     0     2 9885.68914    0  216          - 9885.68914      -     -    0s
   556   530 10204.1680   23   51          - 9902.67681      -  56.9    5s
   798   752 11264.4113   73  275          - 9944.29210      -  55.3   10s
   880   814 10202.3319   33  132          - 9991.19271      -  70.0   15s
* 1155   909             132    12452.810000 9991.19271  19.8%  65.2   18s
  1210   920 10767.5332   68   51 12452.8100 9991.19271  19.8%  66.1   20s
H 1241   865                    11980.890000 9991.19271  16.6%  67.4   21s
  1392   991 11690.1268  122   15 11980.8900 9991.19271  16.6%  68.5   25s
  1593  1099 10255.6282   29  178 11980.8900 9992.93006  16.6%  69.8   30s
  1766  1186 10690.5426   50   34 11980.8900 9992.93006  16.6%  70.9   35s
  1949  1312 11204.1203   75   42 11980.8900 9992.93006  16.6%  69.0   40s
H 2138  1186                    11632.640000 10013.5831  13.9%  64.5   42s
  2252  1321 10756.5108   53   49 11632.6400 10013.5831  13.9%  64.0   45s
  2478  1397 10483.9729   34   35 11632.6400 10019.5628  13.9%  62.9   50s
  2676  1560 10972.1800  137    7 11632.6400 10019.5628  13.9%  62.1   55s
  2921  1716 10864.9312   33   74 11632.6400 10050.2561  13.6%  62.4   60s
  3136  1865 11564.8741   59   41 11632.6400 10084.7205  13.3%  62.0   65s
  3338  2023 10708.8100   81    - 11632.6400 10088.8854  13.3%  61.8   70s
  3461  2192 10435.9995   29  103 11632.6400 10090.3584  13.3%  63.6   75s
  3707  2339 10143.2110   22  138 11632.6400 10095.8748  13.2%  62.6   80s
  3943  2547 10613.4749   76   71 11632.6400 10101.3428  13.2%  63.6   86s
  4083  2687 10479.1642   41   81 11632.6400 10102.1775  13.2%  64.8   91s
  4239  2797 10346.2411   27   64 11632.6400 10106.3225  13.1%  65.3   96s
  4376  2923 10651.3190   59   31 11632.6400 10106.3225  13.1%  66.4  101s
  4576  3073     cutoff  112      11632.6400 10112.7456  13.1%  66.9  107s
  4659  3117     cutoff  112      11632.6400 10116.0689  13.0%  67.1  110s
  4823  3228     cutoff  102      11632.6400 10117.3350  13.0%  67.6  115s
  4989  3388 11599.1614   99   75 11632.6400 10117.8023  13.0%  67.6  121s
  5163  3561 11110.5188   77   53 11632.6400 10120.4649  13.0%  68.2  128s
  5263  3648 10513.7309   32  235 11632.6400 10120.4649  13.0%  68.6  131s
  5360  3738 11545.7113  100   57 11632.6400 10123.3961  13.0%  68.9  135s
  5652  3934     cutoff  111      11632.6400 10127.7494  12.9%  68.5  142s
  5746  4084 11183.3495   65   44 11632.6400 10128.2987  12.9%  69.1  147s
  5951  4140 infeasible  116      11632.6400 10129.8328  12.9%  68.2  151s
  6009  4270 10371.0691   35  148 11632.6400 10131.0542  12.9%  69.2  155s
  6330  4418 11185.8700   69    2 11632.6400 10131.5529  12.9%  69.5  160s
  6353  4432 11235.7733  105   28 11632.6400 10131.9365  12.9%  69.5  165s
H 6412  4006                    11401.510000 10134.3587  11.1%  69.5  165s
  6456  4121 10462.0562   34   14 11401.5100 10140.7148  11.1%  70.3  171s
  6592  4185 11275.3400   80    - 11401.5100 10141.4568  11.1%  70.3  175s
  6795  4382 11381.8100   81   12 11401.5100 10143.1018  11.0%  71.0  183s
  6922  4471 infeasible   84      11401.5100 10144.1614  11.0%  71.3  187s
  7010  4611 10908.2878   64   68 11401.5100 10146.9624  11.0%  71.7  192s
  7175  4709 10550.9489   65   10 11401.5100 10147.9539  11.0%  71.6  196s
  7314  4817 infeasible   99      11401.5100 10150.2984  11.0%  71.6  201s
* 7407  3873             103    11082.290000 10152.5907  8.39%  71.6  202s
  7450  3922     cutoff   93      11082.2900 10153.9921  8.38%  72.0  206s
  7511  4077 10534.6063   42   34 11082.2900 10155.9344  8.36%  73.3  212s
  7730  4208 11027.5513   80   43 11082.2900 10156.3776  8.35%  73.2  218s
  7902  4311     cutoff   76      11082.2900 10157.0658  8.35%  73.4  223s
  8014  4360 11070.8400   78    - 11082.2900 10157.9018  8.34%  74.0  228s
  8109  4438 10414.3600   33    4 11082.2900 10158.9504  8.33%  74.6  233s
  8243  4556 10474.7500   33   94 11082.2900 10160.4816  8.32%  75.0  238s
H 8311  4084                    10941.140000 10160.9113  7.13%  75.0  238s
  8373  4151     cutoff   75      10941.1400 10162.1623  7.12%  75.0  243s
  8461  4268 10727.0009   44   63 10941.1400 10162.7022  7.11%  75.6  249s
H 8622  4120                    10900.300000 10165.5581  6.74%  75.7  254s
  8692  4248 10522.3521   36   92 10900.3000 10168.1921  6.72%  76.2  260s
  8877  4351     cutoff   80      10900.3000 10168.9686  6.71%  76.4  266s
  8992  4430     cutoff   68      10900.3000 10172.1869  6.68%  76.6  272s
  9100  4521 10432.7919   47  141 10900.3000 10172.7547  6.67%  77.2  277s
  9228  4616 10515.1969   38  113 10900.3000 10174.1296  6.66%  77.6  283s
  9336  4714     cutoff   76      10900.3000 10175.7363  6.65%  77.9  288s
  9461  4810     cutoff   72      10900.3000 10177.1849  6.63%  78.3  294s
  9578  4852     cutoff   65      10900.3000 10179.8981  6.61%  78.8  301s
H 9608  3688                    10691.010000 10179.8981  4.78%  79.0  301s
  9652  3776 10280.4683   28  241 10691.0100 10183.1204  4.75%  79.3  307s
  9791  3843 10530.9513   29  109 10691.0100 10183.7428  4.74%  79.5  314s
  9894  3951 10303.8217   23   68 10691.0100 10187.8124  4.71%  79.9  320s
 10034  4016     cutoff   45      10691.0100 10188.3843  4.70%  80.3  325s
 10121  4130 10452.1732   36   23 10691.0100 10190.1649  4.68%  80.9  331s
 10278  4181     cutoff   88      10691.0100 10192.1103  4.67%  81.1  337s
 10350  4248     cutoff   44      10691.0100 10192.8862  4.66%  81.6  343s
 10446  4301 10623.6487   34  136 10691.0100 10194.2284  4.65%  82.2  348s
 10531  4380 10318.1290   26  272 10691.0100 10194.8099  4.64%  82.6  354s
 10636  4423     cutoff   50      10691.0100 10195.1713  4.64%  83.0  360s
 10714  4500 10674.3061   36   95 10691.0100 10196.4404  4.63%  83.7  366s
 10810  4558 10558.4513   31  149 10691.0100 10197.5430  4.62%  84.2  372s
 10886  4652 10433.7500   37  159 10691.0100 10197.8085  4.61%  84.6  378s
 11035  4709     cutoff   63      10691.0100 10200.0111  4.59%  84.9  384s
 11143  4803 10542.2640   32  103 10691.0100 10201.1126  4.58%  85.4  390s
 11273  4888 10526.7600   56   28 10691.0100 10202.3688  4.57%  85.5  396s
 11412  4995 10453.6460   40   89 10691.0100 10204.1161  4.55%  85.7  403s
 11558  5046 10387.4408   30  175 10691.0100 10204.8977  4.55%  86.0  409s
 11633  5158 10481.7257   35  156 10691.0100 10205.3819  4.54%  86.6  415s
 11780  5220     cutoff   46      10691.0100 10205.7428  4.54%  86.9  422s
 11871  5311 10470.2137   35  194 10691.0100 10206.2857  4.53%  87.4  428s
 12017  5365 10652.3751   33  127 10691.0100 10208.0594  4.52%  87.8  434s
 12114  5444 10356.8918   39  181 10691.0100 10209.3728  4.51%  88.4  440s
 12254  5525 10540.1969   30  211 10691.0100 10210.1584  4.50%  88.7  447s
 12367  5592 10682.7028   43  203 10691.0100 10210.4429  4.50%  88.9  453s
 12490  5655 10548.2206   35  171 10691.0100 10211.7813  4.48%  89.3  460s
 12609  5711     cutoff   58      10691.0100 10212.3293  4.48%  89.5  466s
 12677  5830     cutoff   47      10691.0100 10212.7784  4.47%  90.2  473s
 12844  5880     cutoff   59      10691.0100 10213.8682  4.46%  90.3  480s
 12924  5945 10471.0650   34  222 10691.0100 10214.0610  4.46%  90.8  486s
 13039  6046 10611.7550   48  100 10691.0100 10215.5965  4.45%  91.2  492s
 13191  6141 10447.2598   45  127 10691.0100 10216.9498  4.43%  91.2  499s
 13267  6141 10591.7300   36   66 10691.0100 10219.1677  4.41%  91.3  500s
 13349  6245 10248.0859   31  229 10691.0100 10219.4572  4.41%  91.4  506s
 13483  6310 10569.8671   40  168 10691.0100 10221.1530  4.39%  91.7  513s
 13584  6394 10450.2339   31  152 10691.0100 10221.8874  4.39%  92.1  520s
 13717  6468 10486.8141   23  151 10691.0100 10222.1269  4.39%  92.5  528s
 13827  6523 10635.2966   37  156 10691.0100 10223.0136  4.38%  92.6  535s
 13963  6553 10572.2079   33   97 10691.0100 10223.4108  4.37%  92.8  542s
 14023  6647     cutoff   35      10691.0100 10223.7759  4.37%  93.3  549s
 14141  6797 10494.6923   28  142 10691.0100 10224.4524  4.36%  93.6  557s
 14328  6907     cutoff   69      10691.0100 10225.9630  4.35%  93.6  564s
 14473  7028 10477.0036   51   80 10691.0100 10226.5925  4.34%  93.9  572s
 14636  7121 infeasible   68      10691.0100 10228.4996  4.33%  93.8  579s
 14788  7186     cutoff   38      10691.0100 10229.3760  4.32%  93.9  586s
 14906  7258 10675.1499   46   45 10691.0100 10230.2428  4.31%  94.2  593s
 15033  7317 10414.1515   36  200 10691.0100 10231.7871  4.30%  94.5  600s
 15134  7392 10430.7284   30   75 10691.0100 10232.9419  4.28%  94.8  607s
 15299  7489     cutoff   50      10691.0100 10234.4273  4.27%  94.9  615s
 15434  7612     cutoff   56      10691.0100 10235.5936  4.26%  95.1  622s
 15585  7694 10492.9496   50   14 10691.0100 10237.0087  4.25%  95.3  630s
 15709  7749 10467.8639   31   54 10691.0100 10237.6251  4.24%  95.6  638s
 15828  7768 10600.5669   26  177 10691.0100 10237.9495  4.24%  95.9  645s
 15951  7810     cutoff   27      10691.0100 10238.4022  4.23%  96.1  653s
 16037  7889     cutoff   37      10691.0100 10239.3830  4.22%  96.6  660s
 16166  7993 10400.5116   28  190 10691.0100 10240.0629  4.22%  96.9  668s
 16310  8080 10674.8500   60    - 10691.0100 10241.2826  4.21%  97.1  675s
 16427  8154 10686.3300   60    - 10691.0100 10241.9173  4.20%  97.5  683s
 16580  8262     cutoff   60      10691.0100 10242.8368  4.19%  97.6  691s
 16734  8348 10663.0536   61  110 10691.0100 10244.5092  4.18%  97.8  700s
 16897  8449 10503.7915   26  172 10691.0100 10245.7011  4.17%  97.9  709s
 17066  8532 10409.2461   28  161 10691.0100 10246.5986  4.16%  98.0  717s
 17189  8571 10645.5296   42  139 10691.0100 10246.9376  4.15%  98.3  724s
 17248  8572 10658.9896   40  115 10691.0100 10247.1247  4.15%  98.5  725s
 17282  8647     cutoff   42      10691.0100 10247.4711  4.15%  98.8  732s
 17407  8747 10487.3350   35   49 10691.0100 10247.8942  4.14%  99.1  740s
 17562  8841     cutoff   46      10691.0100 10249.0142  4.13%  99.3  749s
 17729  8921 10329.3719   30  259 10691.0100 10249.8513  4.13%  99.3  757s
 17857  9006     cutoff   46      10691.0100 10250.7745  4.12%   100  765s
 18001  9089 10461.9454   26  125 10691.0100 10252.6814  4.10%   100  773s
 18127  9196 10423.4864   33  124 10691.0100 10254.7068  4.08%   100  781s
 18313  9288 10673.7330   31  135 10691.0100 10255.5044  4.07%   100  790s
 18435  9397 10476.9070   35  181 10691.0100 10255.6151  4.07%   100  799s
 18607  9502 10670.9657   51   73 10691.0100 10255.8468  4.07%   100  806s
 18738  9582 10679.5648   55  170 10691.0100 10256.8576  4.06%   100  814s
 18888  9641 10523.1359   41  123 10691.0100 10258.1524  4.05%   101  823s
 19015  9706     cutoff   54      10691.0100 10258.4734  4.05%   101  831s
 19144  9782 10521.2946   32  128 10691.0100 10259.1537  4.04%   101  839s
 19311  9887     cutoff   41      10691.0100 10260.5392  4.03%   101  847s
 19489  9960 10673.6892   61   58 10691.0100 10261.7726  4.01%   101  855s
 19619 10038 10661.7562   28  174 10691.0100 10262.3033  4.01%   101  863s
 19779 10141 10487.5718   31  166 10691.0100 10263.0130  4.00%   101  871s
 19959 10167 10514.3641   29  247 10691.0100 10264.9450  3.99%   101  880s
 20049 10250     cutoff   25      10691.0100 10265.3249  3.98%   102  887s
 20189 10342 10544.4313   42   11 10691.0100 10265.8234  3.98%   102  896s
 20340 10468     cutoff   56      10691.0100 10266.7533  3.97%   102  905s
 20520 10536 10606.2308   56  126 10691.0100 10267.6798  3.96%   102  913s
 20662 10628 10553.1522   35   72 10691.0100 10267.9201  3.96%   102  922s
 20783 10671 10603.1078   34  164 10691.0100 10268.1690  3.96%   102  929s
 20888 10748 10673.3816   26  153 10691.0100 10269.2161  3.95%   103  937s
 21011 10818 10607.5596   40  111 10691.0100 10269.8255  3.94%   103  946s
 21150 10900 10651.8233   46    8 10691.0100 10270.3496  3.93%   103  955s
 21313 10997     cutoff   51      10691.0100 10270.9082  3.93%   103  964s
 21483 11082     cutoff   51      10691.0100 10271.4209  3.92%   103  972s
 21644 11173 10401.2172   26  181 10691.0100 10273.2505  3.91%   103  981s
 21785 11264 10583.8002   28   95 10691.0100 10273.7350  3.90%   103  991s
 21928 11341 10447.7347   28   65 10691.0100 10273.8845  3.90%   104 1000s
 22071 11404 10464.4453   31  143 10691.0100 10273.9482  3.90%   104 1008s
 22204 11455     cutoff   41      10691.0100 10274.5543  3.90%   104 1023s
 22282 11516     cutoff   31      10691.0100 10274.8944  3.89%   104 1035s
 22424 11604 10667.7146   25  140 10691.0100 10275.0438  3.89%   104 1043s
 22571 11671 10632.2191   35  143 10691.0100 10275.4981  3.89%   104 1052s
 22701 11733 10424.9904   39  160 10691.0100 10275.7669  3.88%   105 1060s
 22832 11817 10407.0755   27  237 10691.0100 10277.1172  3.87%   105 1069s
 22980 11869     cutoff   43      10691.0100 10277.6214  3.87%   105 1077s
 23093 11954 10588.2478   46  133 10691.0100 10278.3800  3.86%   105 1086s
 23254 12044 10522.6172   25  154 10691.0100 10279.0211  3.85%   105 1095s
 23381 12141 10537.0043   36   12 10691.0100 10279.7782  3.85%   106 1104s
 23555 12312     cutoff   39      10691.0100 10280.0576  3.84%   106 1114s
 23783 12393     cutoff   61      10691.0100 10281.1003  3.83%   105 1124s
 23920 12492 10627.1144   31   44 10691.0100 10281.9855  3.83%   106 1134s
 24098 12612 10633.8000   35    - 10691.0100 10282.7653  3.82%   106 1143s
 24269 12699 10520.7933   36  211 10691.0100 10283.5829  3.81%   106 1153s
 24420 12793 10373.6766   31  168 10691.0100 10284.3563  3.80%   106 1162s
 24566 12894 10478.8007   29   14 10691.0100 10284.6683  3.80%   106 1172s
 24754 12977 infeasible   63      10691.0100 10285.7941  3.79%   106 1181s
 24897 13068 10475.5211   41  233 10691.0100 10286.8501  3.78%   106 1190s
 25038 13169     cutoff   49      10691.0100 10287.9098  3.77%   106 1199s
 25100 13169 10642.8151   39   44 10691.0100 10287.9098  3.77%   106 1200s
 25181 13232 10621.4470   44   92 10691.0100 10288.1144  3.77%   106 1208s
 25307 13328 10524.9253   39  197 10691.0100 10288.6993  3.76%   106 1217s
 25485 13436 10553.1514   58  116 10691.0100 10288.9852  3.76%   106 1227s
 25627 13504 10467.4019   30   24 10691.0100 10289.9181  3.75%   106 1237s
 25768 13595 10686.1100   58    - 10691.0100 10290.2691  3.75%   106 1247s
 25910 13658     cutoff   58      10691.0100 10290.5995  3.75%   106 1256s
 26028 13706 10616.9506   43  102 10691.0100 10291.2688  3.74%   107 1265s
 26133 13819 10666.5133   56    4 10691.0100 10291.4864  3.74%   107 1275s
 26307 13893 10679.1068   28  111 10691.0100 10292.5557  3.73%   107 1284s
 26389 13895 10645.2725   49  158 10691.0100 10292.5557  3.73%   107 1285s
 26446 13976 10657.3349   50  105 10691.0100 10293.1277  3.72%   107 1293s
 26579 14013     cutoff   59      10691.0100 10293.2952  3.72%   107 1303s
 26712 14104 10445.5545   30   12 10691.0100 10293.7627  3.72%   107 1313s
 26878 14197 10658.7764   37  191 10691.0100 10294.1734  3.71%   107 1323s
 27031 14251     cutoff   54      10691.0100 10294.8626  3.71%   107 1332s
 27143 14337 10410.5358   25   21 10691.0100 10296.0767  3.69%   107 1341s
 27293 14433     cutoff   51      10691.0100 10296.5927  3.69%   108 1351s
 27443 14485 10678.4174   40   55 10691.0100 10296.7787  3.69%   108 1361s
 27575 14573 10491.6503   46   69 10691.0100 10297.1475  3.68%   108 1371s
 27723 14665     cutoff   64      10691.0100 10297.6528  3.68%   108 1381s
 27898 14760 10635.7103   43  106 10691.0100 10298.4215  3.67%   108 1391s
 28050 14877 10572.1497   42  217 10691.0100 10298.7714  3.67%   108 1400s
 28196 14956 10478.5030   28  146 10691.0100 10298.9913  3.67%   108 1409s
 28365 15013     cutoff   37      10691.0100 10299.6891  3.66%   108 1418s
 28464 15117 10526.7176   43   67 10691.0100 10300.6818  3.65%   108 1427s
 28600 15194 10674.6771   57  107 10691.0100 10301.2023  3.65%   108 1435s
 28748 15272     cutoff   51      10691.0100 10302.2754  3.64%   108 1445s
 28908 15320     cutoff   41      10691.0100 10303.4702  3.62%   108 1453s
 29025 15385     cutoff   48      10691.0100 10303.9911  3.62%   108 1461s
 29169 15451     cutoff   53      10691.0100 10304.4638  3.62%   108 1470s
 29289 15543 10643.7230   39   84 10691.0100 10304.9125  3.61%   109 1479s
 29424 15616 10686.6467   45   96 10691.0100 10305.2598  3.61%   109 1488s
 29565 15680 10499.3872   29  150 10691.0100 10305.6671  3.60%   109 1497s
 29666 15786 10603.8995   33  223 10691.0100 10305.7962  3.60%   109 1506s
 29831 15849 10484.0960   50   48 10691.0100 10306.0732  3.60%   109 1515s
 29970 15956 10572.4962   33   91 10691.0100 10307.0118  3.59%   109 1524s
 30130 15956 10664.8204   48  119 10691.0100 10307.3321  3.59%   109 1525s
 30145 16004 10555.0715   51  123 10691.0100 10307.4656  3.59%   109 1535s
 30258 16112 10614.4450   28   64 10691.0100 10307.7949  3.58%   109 1545s
 30421 16157 10558.2951   35  205 10691.0100 10308.1368  3.58%   109 1554s
 30508 16157 10616.5032   40  186 10691.0100 10308.7745  3.58%   109 1555s
 30520 16233 10527.3946   34  105 10691.0100 10308.9149  3.57%   109 1564s
 30680 16316     cutoff   49      10691.0100 10309.3014  3.57%   110 1574s
 30811 16409 10602.9208   37  101 10691.0100 10309.6245  3.57%   110 1584s
 30965 16519 10563.8229   35  132 10691.0100 10310.0899  3.56%   110 1593s
 31150 16577 10615.8133   49  108 10691.0100 10310.2739  3.56%   110 1603s
 31285 16652     cutoff   52      10691.0100 10310.8383  3.56%   110 1613s
 31428 16743 10474.9722   36   64 10691.0100 10311.4259  3.55%   110 1624s
 31541 16846     cutoff   63      10691.0100 10311.5176  3.55%   110 1634s
 31701 16966 10644.4192   50   23 10691.0100 10311.7580  3.55%   110 1645s
 31880 17018     cutoff   62      10691.0100 10312.2299  3.54%   110 1656s
 32003 17091 10679.6198   43  125 10691.0100 10312.5011  3.54%   110 1666s
 32148 17185 10601.1171   43   97 10691.0100 10312.7997  3.54%   110 1677s
 32312 17262 10534.1185   40  123 10691.0100 10313.3700  3.53%   110 1687s
 32485 17323     cutoff   62      10691.0100 10314.0202  3.53%   110 1697s
 32608 17350 10656.3081   49  103 10691.0100 10314.0794  3.53%   110 1708s
 32708 17393 10515.2620   27  150 10691.0100 10314.1955  3.52%   110 1720s
 32796 17494 10651.0891   47  170 10691.0100 10314.3436  3.52%   110 1730s
 32959 17572     cutoff   64      10691.0100 10314.9016  3.52%   110 1740s
 33096 17683     cutoff   43      10691.0100 10315.3940  3.51%   110 1750s
 33250 17730 10592.3764   36  187 10691.0100 10315.7580  3.51%   111 1761s
 33362 17849 10439.8320   24   85 10691.0100 10316.0742  3.51%   111 1772s
 33539 17874     cutoff   46      10691.0100 10316.4213  3.50%   111 1782s
 33617 17930 10394.8553   29  288 10691.0100 10316.5991  3.50%   111 1792s
 33734 18018 10628.9521   36  152 10691.0100 10317.0146  3.50%   111 1803s
 33887 18147 10529.2300   37   31 10691.0100 10317.6058  3.49%   111 1815s
 34097 18258     cutoff   62      10691.0100 10317.9390  3.49%   111 1826s
 34273 18303 10495.4404   42  223 10691.0100 10318.1667  3.49%   111 1837s
 34366 18391 10682.3211   34  128 10691.0100 10318.3622  3.49%   111 1848s
 34514 18458 10599.8255   35  183 10691.0100 10318.9628  3.48%   111 1859s
 34633 18500 10555.5329   47  101 10691.0100 10319.2275  3.48%   111 1870s
 34724 18548     cutoff   62      10691.0100 10319.5962  3.47%   111 1881s
 34844 18602 10675.0134   27   55 10691.0100 10320.0125  3.47%   111 1891s
 34961 18696 10562.4000   34  132 10691.0100 10320.3819  3.47%   111 1902s
 35110 18747 10443.8837   25  214 10691.0100 10320.8997  3.46%   112 1913s
 35227 18827     cutoff   31      10691.0100 10321.2462  3.46%   112 1923s
 35366 18947     cutoff   58      10691.0100 10321.6478  3.45%   112 1935s
 35543 19013 10589.1639   41  252 10691.0100 10321.9160  3.45%   112 1947s
 35671 19108 10612.2483   40  106 10691.0100 10322.4723  3.45%   112 1959s
 35855 19216 10666.5480   58   46 10691.0100 10322.6733  3.45%   112 1971s
 36018 19279 infeasible   58      10691.0100 10323.3888  3.44%   112 1983s
 36148 19361 10505.7755   31  106 10691.0100 10323.5434  3.44%   112 1996s
 36319 19449 10622.5086   39    4 10691.0100 10323.7665  3.44%   112 2007s
 36477 19514 infeasible   50      10691.0100 10324.1680  3.43%   112 2020s
 36629 19615 infeasible   51      10691.0100 10324.4791  3.43%   112 2030s
 36782 19714 10664.6526   40   11 10691.0100 10325.1649  3.42%   112 2042s
 36943 19779 10565.7497   50  120 10691.0100 10325.5548  3.42%   112 2053s
 37063 19863 10497.6445   32  203 10691.0100 10326.1102  3.41%   112 2065s
 37230 19908 10659.1583   40   64 10691.0100 10326.2835  3.41%   112 2076s
 37371 19999     cutoff   47      10691.0100 10326.9358  3.41%   112 2086s
 37504 20076 10454.3508   27   68 10691.0100 10327.3120  3.40%   112 2099s
 37662 20159     cutoff   41      10691.0100 10327.4965  3.40%   112 2109s
 37738 20161 10558.9856   45   16 10691.0100 10327.4965  3.40%   112 2110s
 37836 20192 10681.9625   43   28 10691.0100 10327.9493  3.40%   112 2120s
 37923 20260 10668.3187   34  185 10691.0100 10328.5195  3.39%   112 2131s
 38062 20320 10666.8900   54    4 10691.0100 10328.8255  3.39%   112 2141s
 38194 20324 10480.0718   42  216 10691.0100 10329.1004  3.39%   112 2770s
 38197 20326 10656.6456   40  888 10691.0100 10329.1004  3.39%   112 2775s
 38205 20331 10457.3082   34  928 10691.0100 10329.1004  3.39%   112 2780s
 38210 20335 10545.3330   54  872 10691.0100 10329.1004  3.39%   112 2785s
 38212 20336 10491.2712   34  796 10691.0100 10329.1004  3.39%   112 2810s
 38215 20341 10329.1004   26  844 10691.0100 10329.1004  3.39%   112 2856s
 38217 20342 10329.1004   27  886 10691.0100 10329.1004  3.39%   112 2900s
 38219 20344 10329.1004   27  756 10691.0100 10329.1004  3.39%   112 2932s
 38221 20345 10329.1004   28  802 10691.0100 10329.1004  3.39%   112 2969s
 38223 20346 10329.1004   28  810 10691.0100 10329.1004  3.39%   112 2979s
 38225 20350 10329.1004   29  794 10691.0100 10329.1004  3.39%   112 2988s
 38229 20352 10329.1004   30  505 10691.0100 10329.1004  3.39%   112 2994s
 38233 20355 10329.1004   31  783 10691.0100 10329.1004  3.39%   112 2998s
 38237 20360 10329.4570   32  482 10691.0100 10329.1004  3.39%   112 3002s
 38243 20362 10358.6557   33  417 10691.0100 10329.1004  3.39%   112 3007s
 38247 20365 10458.4941   34  467 10691.0100 10329.1004  3.39%   112 3010s
 38259 20377 10433.2357   37  389 10691.0100 10329.1004  3.39%   112 3017s
 38268 20382 10478.2938   39  689 10691.0100 10329.1004  3.39%   112 3020s
 38284 20387 10548.2754   42  423 10691.0100 10329.1004  3.39%   112 3027s
 38297 20389 10628.4306   46  188 10691.0100 10329.1004  3.39%   112 3033s
 38306 20393 10653.3676   50  219 10691.0100 10329.1004  3.39%   112 3035s
 38330 20398 10329.1004   32  770 10691.0100 10329.1004  3.39%   113 3043s
 38339 20415 10379.4396   34  433 10691.0100 10329.1004  3.39%   113 3046s
 38359 20419 10462.1439   40  243 10691.0100 10329.1004  3.39%   113 3051s
 38409 20432     cutoff   51      10691.0100 10329.1004  3.39%   113 3058s
 38442 20427     cutoff   62      10691.0100 10329.1004  3.39%   113 3061s
 38455 20428 10329.1004   32  472 10691.0100 10329.1004  3.39%   113 3065s
 38472 20450 10649.2267   33  605 10691.0100 10329.1004  3.39%   113 3072s
 38489 20467 10418.8264   39  643 10691.0100 10329.1004  3.39%   113 3075s
 38543 20475     cutoff   47      10691.0100 10329.1004  3.39%   113 3082s
 38566 20494 10660.6257   54  488 10691.0100 10329.1004  3.39%   113 3085s
 38656 20497 10447.3378   39  481 10691.0100 10329.1004  3.39%   113 3093s
 38678 20499 10666.8699   47  366 10691.0100 10329.1004  3.39%   113 3097s
 38702 20503 10348.4265   34  671 10691.0100 10329.1004  3.39%   113 3101s
 38714 20531 10437.3511   35  299 10691.0100 10329.1004  3.39%   113 3105s
 38748 20532 10582.6888   54  132 10691.0100 10329.1004  3.39%   113 3110s
 38806 20547 10410.5200   38  626 10691.0100 10329.1004  3.39%   113 3118s
 38838 20575 10465.1600   44  163 10691.0100 10329.1004  3.39%   113 3123s
 38896 20572     cutoff   61      10691.0100 10329.1004  3.39%   113 3128s
 38923 20588 10398.5313   42  766 10691.0100 10329.1004  3.39%   114 3133s
 38952 20645 10465.7342   48  798 10691.0100 10329.1004  3.39%   114 3147s
 39071 20705 10396.1845   42  483 10691.0100 10329.1004  3.39%   114 3161s
 39243 20745 10510.4373   55  260 10691.0100 10329.1004  3.39%   114 3191s
 39417 20779     cutoff  101      10691.0100 10329.1004  3.39%   114 3207s
 39597 20841 10624.1621   42  363 10691.0100 10329.1004  3.39%   114 3229s
 39666 20823 10542.8700   50    - 10691.0100 10329.1004  3.39%   114 3230s
 39847 20868 10649.0377   50   48 10691.0100 10329.1004  3.39%   114 3251s
 40027 20925 10667.8253   54  199 10691.0100 10329.1004  3.39%   114 3273s
 40231 20988     cutoff   55      10691.0100 10329.1004  3.39%   114 3295s
 40442 21067 10528.2182   41  331 10691.0100 10329.1004  3.39%   114 3318s
 40690 21114 10341.8542   39  805 10691.0100 10329.1004  3.39%   114 3344s
 40816 21072 10641.1133  133  367 10691.0100 10329.1004  3.39%   114 3345s
 40962 21149     cutoff  157      10691.0100 10329.1004  3.39%   114 3369s
 41035 21125 10688.0682   89  359 10691.0100 10329.1004  3.39%   114 3370s
 41178 21177 10568.2830   37  208 10691.0100 10329.1004  3.39%   114 3396s
 41369 21237 10663.5528   48  213 10691.0100 10329.1004  3.39%   114 3423s
 41581 21258     cutoff   66      10691.0100 10329.1004  3.39%   114 3451s
 41746 21356 10670.8243   56  253 10691.0100 10329.1004  3.39%   114 3485s
 42117 21445     cutoff   45      10691.0100 10329.1004  3.39%   114 3522s
 42586 21494 10597.3634   46   99 10691.0100 10330.5423  3.37%   114 3557s
 42930 21512 10632.8921   49  364 10691.0100 10334.0104  3.34%   113 3591s
 43148 21457     cutoff   60      10691.0100 10340.2521  3.28%   114 3600s

Cutting planes:
  User: 5755
  Gomory: 12
  Cover: 171
  Implied bound: 22
  Projected implied bound: 3
  Clique: 14
  MIR: 82
  StrongCG: 12
  Flow cover: 187
  Inf proof: 1
  Zero half: 9
  RLT: 151
  Lazy constraints: 1039

Explored 43164 nodes (4909273 simplex iterations) in 3600.09 seconds
Thread count was 2 (of 32 available processors)

Solution count 8: 10691 10900.3 10941.1 ... 12452.8

Time limit reached
Best objective 1.069101000000e+04, best bound 1.034025211864e+04, gap 3.2809%

User-callback calls 248549, time in user-callback 106.43 sec
================================================================================
executing instance: ./input/Instances/Original/3/absH3high_5n20.dat
