




arguments: ./build/mirp_solver -f ./input/orig_exec_121.cfg
Current dir: /scratch/gui/bnc_mirp
File verbosity level: 9
date       time         ( uptime  ) [ thread name/id ]                   file:line     v| 
2021-01-09 22:51:36.322 (   0.117s) [main thread     ]             loguru.cpp:789   INFO| Logging to './output/vi_hc1_half/OU/V2/Original/execution_09_01_2021_22_51_36.log', mode: 'a', verbosity: 9
--------------------------------------------------------------------------------
Parameters
                           instance_path           ./input/Instances/Original/4/
                            model_policy                                       1
                             nb_vehicles                                       2
                              output_dir    ./output/vi_hc1_half/OU/V2/Original/
                            sec_strategy                                       1
                       solver_nb_threads                                       2
                         solver_show_log                                    true
                       solver_time_limit                                    3600
                              use_vi_cos                                   false
                              use_vi_cus                                   false
                         use_vi_hc1_full                                   false
                         use_vi_hc1_half                                    true
                      use_vi_hc1_quarter                                   false
                              use_vi_hc2                                   false
                              use_vi_hc3                                   false
                         use_vi_lex_full                                   false
                         use_vi_lex_half                                   false
                      use_vi_lex_quarter                                   false
                              use_vi_qua                                   false
                               use_vi_vc                                   false
                               use_vi_vr                                   false
--------------------------------------------------------------------------------
executing instance: ./input/Instances/Original/4/absH3low_3n30.dat
--------------------------------------------------------------------------------
Instance details
n	31
H	3
C	2841
Li:
[0, 0, 0, 0, 0, 0, 0, 0, 0, 0, 0, 0, 0, 0, 0, 0, 0, 0, 0, 0, 0, 0, 0, 0, 0, 0, 0, 0, 0, 0, 0, ]
Ui:
[0, 246, 98, 54, 144, 171, 192, 180, 165, 98, 122, 198, 297, 144, 130, 129, 219, 138, 142, 150, 108, 66, 64, 285, 180, 204, 276, 168, 240, 198, 122, ]
Distance matrix:
|0	172	56	166	260	198	42	197	296	110	91	112	238	275	323	183	330	232	175	181	162	191	232	280	201	139	356	185	266	216	26	|
|172	0	178	223	320	335	153	355	444	62	231	99	333	376	214	352	176	235	194	106	47	41	353	161	299	175	225	43	326	374	153	|
|56	178	0	110	204	162	93	233	336	125	144	148	187	226	358	180	313	284	123	152	182	185	282	252	256	88	329	177	210	251	42	|
|166	223	110	0	102	150	199	327	431	194	253	237	113	156	431	228	296	386	44	140	248	208	389	218	366	48	287	200	108	344	148	|
|260	320	204	102	0	156	296	391	493	296	340	339	66	90	531	263	362	486	127	226	349	300	469	278	454	148	334	292	6	406	245	|
|198	335	162	150	156	0	239	255	351	286	245	307	93	106	518	111	442	423	194	280	344	335	349	367	352	182	437	327	158	266	199	|
|42	153	93	199	296	239	0	203	296	91	82	76	278	316	284	217	322	191	201	186	133	180	217	281	177	165	356	175	302	222	52	|
|197	355	233	327	391	255	203	0	104	294	125	266	340	361	436	151	524	276	352	377	330	383	109	477	146	319	553	377	395	19	222	|
|296	444	336	431	493	351	296	104	0	384	214	348	440	456	488	241	617	315	456	476	412	475	113	575	176	422	651	470	497	88	322	|
|110	62	125	194	296	286	91	294	384	0	171	55	298	340	238	292	233	210	176	118	58	91	298	201	248	148	273	87	302	313	94	|
|91	231	144	253	340	245	82	125	214	171	0	141	307	339	324	184	403	187	266	266	204	261	140	363	114	230	438	256	346	144	116	|
|112	99	148	237	339	307	76	266	348	55	141	0	332	373	212	292	275	156	225	173	64	137	254	253	200	194	322	135	345	284	108	|
|238	333	187	113	66	93	278	340	440	298	307	332	0	43	536	203	404	469	153	253	354	321	427	322	420	160	385	313	67	353	229	|
|275	376	226	156	90	106	316	361	456	340	339	373	43	0	578	216	443	507	194	295	397	364	453	361	451	203	421	356	88	372	268	|
|323	214	358	431	531	518	284	436	488	238	324	212	536	578	0	498	309	176	407	320	183	245	376	344	312	383	379	251	537	451	319	|
|183	352	180	228	263	111	217	151	241	292	184	292	203	216	498	0	492	371	266	328	345	364	255	426	272	242	501	356	266	159	198	|
|330	176	313	296	362	442	322	524	617	233	403	275	404	443	309	492	0	397	253	164	218	142	529	84	475	260	72	147	367	543	306	|
|232	235	284	386	486	423	191	276	315	210	187	156	469	507	176	371	397	0	379	327	188	276	202	396	139	346	456	277	492	289	242	|
|175	194	123	44	127	194	201	352	456	176	266	225	153	194	407	266	253	379	0	101	225	174	405	174	375	36	244	166	133	370	152	|
|181	106	152	140	226	280	186	377	476	118	266	173	253	295	320	328	164	327	101	0	148	76	403	100	360	98	177	69	232	396	155	|
|162	47	182	248	349	344	133	330	412	58	204	64	354	397	183	345	218	188	225	148	0	89	316	208	259	201	270	90	355	348	149	|
|191	41	185	208	300	335	180	383	475	91	261	137	321	364	245	364	142	276	174	76	89	0	388	119	336	162	185	8	306	402	169	|
|232	353	282	389	469	349	217	109	113	298	140	254	427	453	376	255	529	202	405	403	316	388	0	497	64	369	570	384	474	112	256	|
|280	161	252	218	278	367	281	477	575	201	363	253	322	361	344	426	84	396	174	100	208	119	497	0	449	187	77	119	283	496	255	|
|201	299	256	366	454	352	177	146	176	248	114	200	420	451	312	272	475	139	375	360	259	336	64	449	0	339	521	333	460	156	223	|
|139	175	88	48	148	182	165	319	422	148	230	194	160	203	383	242	260	346	36	98	201	162	369	187	339	0	260	153	154	337	116	|
|356	225	329	287	334	437	356	553	651	273	438	322	385	421	379	501	72	456	244	177	270	185	570	77	521	260	0	187	338	572	331	|
|185	43	177	200	292	327	175	377	470	87	256	135	313	356	251	356	147	277	166	69	90	8	384	119	333	153	187	0	298	396	163	|
|266	326	210	108	6	158	302	395	497	302	346	345	67	88	537	266	367	492	133	232	355	306	474	283	460	154	338	298	0	410	251	|
|216	374	251	344	406	266	222	19	88	313	144	284	353	372	451	159	543	289	370	396	348	402	112	496	156	337	572	396	410	0	241	|
|26	153	42	148	245	199	52	222	322	94	116	108	229	268	319	198	306	242	152	155	149	169	256	255	223	116	331	163	251	241	0	|

--------------------------------------------------------------------------------
Building model...
	using lazy and cut (CVRPSEP package)
Solving IRP LP...
--------------------------------------------------------------------------------

Gurobi 9.1.0 (linux64) logging started Sat Jan  9 22:51:36 2021

Gurobi Optimizer version 9.1.0 build v9.1.0rc0 (linux64)
Thread count: 32 physical cores, 32 logical processors, using up to 2 threads
Optimize a model with 721 rows, 3280 columns and 8107 nonzeros
Model fingerprint: 0x4f8bfe6d
Variable types: 304 continuous, 2976 integer (186 binary)
Coefficient statistics:
  Matrix range     [1e+00, 1e+03]
  Objective range  [1e-02, 7e+02]
  Bounds range     [1e+00, 3e+02]
  RHS range        [3e+01, 5e+03]
Presolve removed 224 rows and 218 columns
Presolve time: 0.07s
Presolved: 497 rows, 3062 columns, 7206 nonzeros
Variable types: 179 continuous, 2883 integer (2706 binary)

Root relaxation: objective 2.318695e+03, 437 iterations, 0.01 seconds

    Nodes    |    Current Node    |     Objective Bounds      |     Work
 Expl Unexpl |  Obj  Depth IntInf | Incumbent    BestBd   Gap | It/Node Time

     0     0 2318.69472    0   75          - 2318.69472      -     -    0s
     0     0 2642.30261    0   94          - 2642.30261      -     -    0s
     0     0 2644.82865    0   91          - 2644.82865      -     -    0s
     0     0 3059.46095    0  134          - 3059.46095      -     -    0s
     0     0 3150.27672    0  154          - 3150.27672      -     -    0s
     0     0 3160.70038    0  146          - 3160.70038      -     -    0s
     0     0 3186.01752    0  156          - 3186.01752      -     -    0s
     0     0 3205.92466    0  165          - 3205.92466      -     -    0s
     0     0 3209.44736    0  155          - 3209.44736      -     -    0s
     0     0 3209.49933    0  139          - 3209.49933      -     -    0s
     0     0 3340.44684    0  129          - 3340.44684      -     -    0s
     0     0 3342.55808    0  149          - 3342.55808      -     -    0s
     0     0 3342.70923    0  138          - 3342.70923      -     -    0s
     0     0 3431.16732    0  204          - 3431.16732      -     -    0s
H    0     0                    5614.8300000 3431.16732  38.9%     -    0s
H    0     0                    5550.8300000 3431.16732  38.2%     -    0s
     0     0 3441.59514    0  195 5550.83000 3441.59514  38.0%     -    0s
     0     0 3446.86843    0  211 5550.83000 3446.86843  37.9%     -    0s
     0     0 3449.08857    0  213 5550.83000 3449.08857  37.9%     -    0s
     0     0 3449.45410    0  215 5550.83000 3449.45410  37.9%     -    0s
     0     0 3454.85980    0  194 5550.83000 3454.85980  37.8%     -    0s
     0     0 3462.30119    0  231 5550.83000 3462.30119  37.6%     -    0s
     0     0 3465.63921    0  236 5550.83000 3465.63921  37.6%     -    0s
     0     0 3465.83200    0  213 5550.83000 3465.83200  37.6%     -    0s
     0     0 3471.71113    0  232 5550.83000 3471.71113  37.5%     -    1s
     0     0 3471.71113    0  231 5550.83000 3471.71113  37.5%     -    1s
     0     2 3471.71113    0  230 5550.83000 3471.71113  37.5%     -    1s
H   82    87                    5548.8300000 3496.49222  37.0%   115    2s
H  108   121                    5540.1100000 3496.49222  36.9%   111    3s
*  271   268             147    5273.0000000 3496.60920  33.7%  60.5    4s
   377   351 3955.18611   20   51 5273.00000 3496.60920  33.7%  57.5    5s
H  569   331                    4308.9100000 3511.62851  18.5%  61.2    7s
H  572   311                    4244.8900000 3511.62851  17.3%  60.9    7s
H  724   397                    4222.2800000 3527.24461  16.5%  64.2    9s
   727   399 3798.84977   12  215 4222.28000 3527.24461  16.5%  63.9   10s
   758   422 3621.01696   16  272 4222.28000 3605.42123  14.6%  66.6   15s
H  873   465                    4170.9100000 3678.83977  11.8%  81.8   19s
   911   452 4036.51453   67   18 4170.91000 3679.77126  11.8%  80.1   20s
H  949   430                    4102.9100000 3679.77126  10.3%  82.3   21s
H 1058   436                    4099.9100000 3682.13045  10.2%  92.8   24s
  1086   444 3870.61213   28  174 4099.91000 3698.70643  9.79%  95.0   25s
  1254   455     cutoff   21      4099.91000 3748.13849  8.58%   104   30s
  1477   475 3812.57877   28  233 4099.91000 3763.42227  8.21%   106   35s
  1724   545 4092.43937   36  110 4099.91000 3806.27859  7.16%   104   40s
  1912   624 4063.46500   32   22 4099.91000 3816.94334  6.90%   105   45s
H 1994   326                    3980.1200000 3822.72634  3.95%   104   46s
  2117   334 3921.63043   28  112 3980.12000 3833.73783  3.68%   107   50s
H 2188   154                    3914.8500000 3836.50572  2.00%   107   52s
  2274    76     cutoff   30      3914.85000 3865.96662  1.25%   109   55s

Cutting planes:
  User: 1402
  Gomory: 16
  Cover: 185
  Implied bound: 20
  Clique: 11
  MIR: 115
  StrongCG: 10
  Flow cover: 245
  Zero half: 14
  RLT: 152
  Relax-and-lift: 6
  Lazy constraints: 163

Explored 2419 nodes (259611 simplex iterations) in 56.17 seconds
Thread count was 2 (of 32 available processors)

Solution count 10: 3914.85 3980.12 4099.91 ... 5540.11

Optimal solution found (tolerance 1.00e-04)
Best objective 3.914850000000e+03, best bound 3.914850000000e+03, gap 0.0000%

User-callback calls 11015, time in user-callback 5.16 sec
================================================================================
executing instance: ./input/Instances/Original/4/absH3low_3n10.dat
--------------------------------------------------------------------------------
Instance details
n	11
H	3
C	687
Li:
[0, 0, 0, 0, 0, 0, 0, 0, 0, 0, 0, ]
Ui:
[0, 189, 44, 174, 78, 36, 198, 117, 42, 96, 240, ]
Distance matrix:
|0	209	255	286	142	156	285	317	182	161	135	|
|209	0	464	451	315	356	490	469	361	299	260	|
|255	464	0	221	202	130	74	280	189	254	273	|
|286	451	221	0	145	156	164	479	354	153	192	|
|142	315	202	145	0	73	194	388	250	53	73	|
|156	356	130	156	73	0	134	332	200	127	144	|
|285	490	74	164	194	134	0	353	256	239	267	|
|317	469	280	479	388	332	353	0	141	436	430	|
|182	361	189	354	250	200	256	141	0	296	289	|
|161	299	254	153	53	127	239	436	296	0	39	|
|135	260	273	192	73	144	267	430	289	39	0	|

--------------------------------------------------------------------------------
Building model...
	using lazy and cut (CVRPSEP package)
Solving IRP LP...
--------------------------------------------------------------------------------

Gurobi 9.1.0 (linux64) logging started Sat Jan  9 22:52:32 2021

Gurobi Optimizer version 9.1.0 build v9.1.0rc0 (linux64)
Thread count: 32 physical cores, 32 logical processors, using up to 2 threads
Optimize a model with 251 rows, 500 columns and 1442 nonzeros
Model fingerprint: 0xd69aa299
Variable types: 104 continuous, 396 integer (66 binary)
Coefficient statistics:
  Matrix range     [1e+00, 3e+02]
  Objective range  [1e-02, 5e+02]
  Bounds range     [1e+00, 2e+02]
  RHS range        [2e+01, 1e+03]
Presolve removed 84 rows and 78 columns
Presolve time: 0.01s
Presolved: 167 rows, 422 columns, 1112 nonzeros
Variable types: 59 continuous, 363 integer (306 binary)
Found heuristic solution: objective 4894.2900000

Root relaxation: objective 1.303880e+03, 243 iterations, 0.00 seconds

    Nodes    |    Current Node    |     Objective Bounds      |     Work
 Expl Unexpl |  Obj  Depth IntInf | Incumbent    BestBd   Gap | It/Node Time

     0     0 1303.87956    0   33 4894.29000 1303.87956  73.4%     -    0s
     0     0 1814.36255    0   51 4894.29000 1814.36255  62.9%     -    0s
     0     0 1822.08355    0   40 4894.29000 1822.08355  62.8%     -    0s
     0     0 1822.08355    0   42 4894.29000 1822.08355  62.8%     -    0s
     0     0 1935.18703    0   65 4894.29000 1935.18703  60.5%     -    0s
     0     0 1936.88075    0   69 4894.29000 1936.88075  60.4%     -    0s
     0     0 1936.88075    0   74 4894.29000 1936.88075  60.4%     -    0s
     0     0 2038.23805    0   62 4894.29000 2038.23805  58.4%     -    0s
H    0     0                    4075.4300000 2038.23805  50.0%     -    0s
     0     0 2041.43567    0   67 4075.43000 2041.43567  49.9%     -    0s
     0     0 2041.44706    0   71 4075.43000 2041.44706  49.9%     -    0s
     0     0 2059.38291    0   95 4075.43000 2059.38291  49.5%     -    0s
H    0     0                    4073.4300000 2059.38291  49.4%     -    0s
     0     0 2059.70528    0   93 4073.43000 2059.70528  49.4%     -    0s
     0     0 2063.25996    0   50 4073.43000 2063.25996  49.3%     -    0s
     0     0 2085.73456    0   55 4073.43000 2085.73456  48.8%     -    0s
     0     0 2087.12780    0   83 4073.43000 2087.12780  48.8%     -    0s
     0     0 2088.20489    0   93 4073.43000 2088.20489  48.7%     -    0s
     0     0 2088.90170    0   88 4073.43000 2088.90170  48.7%     -    0s
     0     0 2107.27997    0   76 4073.43000 2107.27997  48.3%     -    0s
H    0     0                    3808.9400000 2107.27997  44.7%     -    0s
     0     0 2109.25838    0   79 3808.94000 2109.25838  44.6%     -    0s
     0     0 2110.97686    0   74 3808.94000 2110.97686  44.6%     -    0s
     0     0 2110.97686    0   74 3808.94000 2110.97686  44.6%     -    0s
H    0     0                    3584.4600000 2110.97686  41.1%     -    0s
H    0     0                    3273.4600000 2110.97686  35.5%     -    0s
     0     2 2131.42873    0   94 3273.46000 2131.42873  34.9%     -    0s
H    8    10                    2668.1000000 2167.58295  18.8%  59.4    0s
H    9    12                    2604.6200000 2167.58295  16.8%  53.2    0s
H   32    34                    2450.1000000 2167.58295  11.5%  35.2    0s
*   97    43               8    2449.1000000 2230.80042  8.91%  33.6    0s

Cutting planes:
  User: 73
  Gomory: 3
  Cover: 74
  Implied bound: 12
  Clique: 11
  MIR: 45
  StrongCG: 4
  Flow cover: 59
  GUB cover: 2
  Zero half: 1
  RLT: 51
  Relax-and-lift: 10
  Lazy constraints: 51

Explored 277 nodes (9480 simplex iterations) in 0.78 seconds
Thread count was 2 (of 32 available processors)

Solution count 10: 2449.1 2450.1 2604.62 ... 4894.29

Optimal solution found (tolerance 1.00e-04)
Best objective 2.449100000000e+03, best bound 2.449100000000e+03, gap 0.0000%

User-callback calls 945, time in user-callback 0.09 sec
================================================================================
executing instance: ./input/Instances/Original/4/absH3low_3n15.dat
--------------------------------------------------------------------------------
Instance details
n	16
H	3
C	1267
Li:
[0, 0, 0, 0, 0, 0, 0, 0, 0, 0, 0, 0, 0, 0, 0, 0, ]
Ui:
[0, 156, 267, 148, 144, 87, 33, 171, 76, 141, 270, 282, 60, 110, 172, 57, ]
Distance matrix:
|0	229	567	76	58	96	306	409	310	423	108	346	165	347	159	256	|
|229	0	482	243	279	155	375	525	251	419	158	373	65	123	329	246	|
|567	482	0	506	622	483	342	439	259	200	467	274	486	433	501	312	|
|76	243	506	0	119	88	230	337	255	352	88	272	179	347	94	194	|
|58	279	622	119	0	154	345	431	366	471	166	391	217	399	179	310	|
|96	155	483	88	154	0	266	397	224	358	17	289	92	262	176	179	|
|306	375	342	230	345	266	0	158	184	148	251	68	332	423	181	140	|
|409	525	439	337	431	397	158	0	340	244	386	201	476	581	253	298	|
|310	251	259	255	366	224	184	340	0	170	208	146	238	257	274	66	|
|423	419	200	352	471	358	148	244	170	0	341	84	396	424	323	182	|
|108	158	467	88	166	17	251	386	208	341	0	273	96	259	172	162	|
|346	373	274	272	391	289	68	201	146	84	273	0	340	400	239	127	|
|165	65	486	179	217	92	332	476	238	396	96	340	0	182	267	216	|
|347	123	433	347	399	262	423	581	257	424	259	400	182	0	423	283	|
|159	329	501	94	179	176	181	253	274	323	172	239	267	423	0	208	|
|256	246	312	194	310	179	140	298	66	182	162	127	216	283	208	0	|

--------------------------------------------------------------------------------
Building model...
	using lazy and cut (CVRPSEP package)
Solving IRP LP...
--------------------------------------------------------------------------------

Gurobi 9.1.0 (linux64) logging started Sat Jan  9 22:52:33 2021

Gurobi Optimizer version 9.1.0 build v9.1.0rc0 (linux64)
Thread count: 32 physical cores, 32 logical processors, using up to 2 threads
Optimize a model with 370 rows, 970 columns and 2641 nonzeros
Model fingerprint: 0x55235735
Variable types: 154 continuous, 816 integer (96 binary)
Coefficient statistics:
  Matrix range     [1e+00, 6e+02]
  Objective range  [1e-02, 6e+02]
  Bounds range     [1e+00, 3e+02]
  RHS range        [1e+01, 2e+03]
Presolve removed 123 rows and 116 columns
Presolve time: 0.01s
Presolved: 247 rows, 854 columns, 2161 nonzeros
Variable types: 86 continuous, 768 integer (681 binary)

Root relaxation: objective 1.643395e+03, 279 iterations, 0.00 seconds

    Nodes    |    Current Node    |     Objective Bounds      |     Work
 Expl Unexpl |  Obj  Depth IntInf | Incumbent    BestBd   Gap | It/Node Time

     0     0 1643.39504    0   41          - 1643.39504      -     -    0s
     0     0 1939.85471    0   62          - 1939.85471      -     -    0s
     0     0 1941.56620    0   37          - 1941.56620      -     -    0s
     0     0 2381.48975    0   99          - 2381.48975      -     -    0s
     0     0 2416.31264    0  105          - 2416.31264      -     -    0s
     0     0 2420.03734    0  109          - 2420.03734      -     -    0s
     0     0 2420.13475    0  107          - 2420.13475      -     -    0s
     0     0 2524.55546    0  120          - 2524.55546      -     -    0s
     0     0 2543.51140    0  115          - 2543.51140      -     -    0s
     0     0 2543.80267    0  114          - 2543.80267      -     -    0s
     0     0 2599.04918    0  145          - 2599.04918      -     -    0s
H    0     0                    4457.6800000 2599.04918  41.7%     -    0s
H    0     0                    4048.6800000 2599.04918  35.8%     -    0s
     0     0 2604.48018    0   93 4048.68000 2604.48018  35.7%     -    0s
     0     0 2607.33123    0   97 4048.68000 2607.33123  35.6%     -    0s
     0     0 2607.35671    0  102 4048.68000 2607.35671  35.6%     -    0s
     0     0 2615.61993    0  108 4048.68000 2615.61993  35.4%     -    0s
     0     0 2617.84259    0   97 4048.68000 2617.84259  35.3%     -    0s
     0     0 2617.84492    0   97 4048.68000 2617.84492  35.3%     -    0s
     0     0 2618.93796    0  110 4048.68000 2618.93796  35.3%     -    0s
     0     0 2618.93796    0  110 4048.68000 2618.93796  35.3%     -    0s
     0     2 2620.35273    0  110 4048.68000 2620.35273  35.3%     -    0s
H   29    36                    3888.6800000 2672.82447  31.3%  79.1    0s
H   82    89                    3255.6400000 2672.82447  17.9%  60.0    0s
*   87    89              32    3254.6800000 2672.82447  17.9%  58.6    0s
H   93    86                    3129.6800000 2674.17530  14.6%  55.5    0s
H  258   100                    3111.6800000 2780.00652  10.7%  64.1    1s
*  355    96              14    3096.6800000 2814.90682  9.10%  67.7    1s
*  539    87              15    3081.5600000 2931.72417  4.86%  61.4    2s

Cutting planes:
  User: 323
  Gomory: 3
  Cover: 85
  Implied bound: 8
  Clique: 18
  MIR: 57
  Flow cover: 81
  Zero half: 8
  Mod-K: 1
  RLT: 67
  Relax-and-lift: 4
  Lazy constraints: 148

Explored 699 nodes (40926 simplex iterations) in 3.15 seconds
Thread count was 2 (of 32 available processors)

Solution count 9: 3081.56 3096.68 3111.68 ... 4457.68

Optimal solution found (tolerance 1.00e-04)
Best objective 3.081560000000e+03, best bound 3.081560000000e+03, gap 0.0000%

User-callback calls 2188, time in user-callback 0.36 sec
================================================================================
executing instance: ./input/Instances/Original/4/absH3low_2n45.dat
--------------------------------------------------------------------------------
Instance details
n	46
H	3
C	3171
Li:
[0, 0, 0, 0, 0, 0, 0, 0, 0, 0, 0, 0, 0, 0, 0, 0, 0, 0, 0, 0, 0, 0, 0, 0, 0, 0, 0, 0, 0, 0, 0, 0, 0, 0, 0, 0, 0, 0, 0, 0, 0, 0, 0, 0, 0, 0, ]
Ui:
[0, 246, 160, 78, 20, 87, 144, 40, 20, 82, 60, 96, 24, 136, 160, 108, 160, 26, 228, 51, 24, 240, 231, 70, 32, 105, 174, 114, 246, 126, 132, 76, 22, 42, 255, 132, 148, 162, 66, 111, 102, 240, 123, 201, 297, 78, ]
Distance matrix:
|0	148	402	550	329	420	187	318	366	280	504	273	233	333	112	344	379	481	113	593	159	523	261	424	90	359	163	461	413	240	105	299	265	89	371	462	339	273	495	22	41	439	369	506	563	468	|
|148	0	284	517	394	284	136	369	244	311	496	166	329	355	223	202	338	388	204	565	254	506	118	346	71	423	173	471	336	118	105	352	198	105	248	428	302	305	487	153	179	441	230	497	517	370	|
|402	284	0	350	448	80	228	406	42	343	382	129	456	350	412	126	219	131	382	395	410	371	180	137	314	466	289	400	137	167	389	401	169	316	39	280	217	342	373	394	414	362	108	380	324	106	|
|550	517	350	0	339	429	385	308	374	295	93	375	431	249	481	461	180	239	458	48	445	57	474	214	496	333	387	160	216	424	601	321	320	471	376	90	217	301	93	530	534	146	452	88	52	262	|
|329	394	448	339	0	513	282	42	438	105	255	363	115	108	221	484	259	431	217	365	172	289	436	362	333	30	224	189	353	380	423	47	291	296	443	285	240	107	251	307	294	193	495	260	378	437	|
|420	284	80	429	513	0	267	473	76	408	462	163	509	421	449	86	298	201	421	474	455	451	167	217	330	533	333	478	217	181	386	466	225	341	70	360	291	406	453	416	438	440	59	460	400	176	|
|187	136	228	385	282	267	0	249	199	186	360	104	248	224	184	214	207	294	155	432	189	371	155	237	113	308	68	336	227	101	216	236	78	98	205	296	168	181	350	174	190	305	231	360	390	283	|
|318	369	406	308	42	473	249	0	397	66	229	325	128	67	216	447	218	389	206	337	168	260	402	320	311	61	196	167	311	345	406	19	252	275	403	248	198	70	223	296	286	164	457	233	344	395	|
|366	244	42	374	438	76	199	397	0	332	397	96	436	346	383	90	228	168	354	420	385	389	139	161	277	458	263	408	158	128	349	391	150	282	6	298	218	331	388	359	380	370	78	395	352	144	|
|280	311	343	295	105	408	186	66	332	0	231	259	142	53	191	380	171	337	173	332	150	257	337	267	258	127	139	182	258	280	359	58	186	223	338	222	143	6	224	258	254	164	390	234	323	340	|
|504	496	382	93	255	462	360	229	397	231	0	375	356	180	422	478	173	293	403	110	381	36	474	248	463	245	345	68	246	419	568	244	308	433	400	104	200	237	9	482	482	67	474	5	142	312	|
|273	166	129	375	363	163	104	325	96	259	375	0	347	283	288	121	202	221	259	423	292	376	99	183	186	386	170	370	175	52	269	315	76	187	102	288	177	256	365	265	285	333	133	374	365	204	|
|233	329	456	431	115	509	248	128	436	142	356	347	0	181	121	462	311	472	128	463	76	386	398	403	260	141	180	294	392	349	334	111	287	224	442	362	280	139	350	212	194	289	479	360	463	472	|
|333	355	350	249	108	421	224	67	346	53	180	283	181	0	244	403	152	324	226	283	201	207	369	256	307	118	186	129	247	311	409	74	208	273	351	183	136	59	173	311	307	113	410	183	282	331	|
|112	223	412	481	221	449	184	216	383	191	422	288	121	244	0	387	327	461	30	521	49	447	313	396	152	250	125	371	385	273	214	196	249	121	389	400	288	185	415	91	74	355	408	425	503	454	|
|344	202	126	461	484	86	214	447	90	380	478	121	462	403	387	0	305	256	360	508	400	473	84	250	255	507	282	482	246	115	302	437	196	271	90	382	288	377	469	343	367	444	28	476	441	232	|
|379	338	219	180	259	298	207	218	228	171	173	202	311	152	327	305	0	172	301	227	300	174	302	105	318	270	217	180	97	249	423	221	141	296	232	90	40	173	164	361	368	142	303	172	184	180	|
|481	388	131	239	431	201	294	389	168	337	293	221	472	324	461	256	172	0	432	280	446	273	300	70	400	442	337	330	80	271	490	391	217	391	167	191	194	339	286	468	483	294	239	289	203	26	|
|113	204	382	458	217	421	155	206	354	173	403	259	128	226	30	360	301	432	0	499	52	426	287	367	133	246	95	355	356	246	208	187	219	100	360	376	261	167	395	90	81	337	381	406	478	425	|
|593	565	395	48	365	474	432	337	420	332	110	423	463	283	521	508	227	280	499	0	482	77	521	260	542	356	431	178	262	472	647	352	368	516	422	137	264	338	114	573	576	174	499	106	78	304	|
|159	254	410	445	172	455	189	168	385	150	381	292	76	201	49	400	300	446	52	482	0	407	331	378	184	201	122	327	367	286	258	149	242	150	391	367	263	144	374	137	122	314	419	384	470	441	|
|523	506	371	57	289	451	371	260	389	257	36	376	386	207	447	473	174	273	426	77	407	0	475	234	477	280	363	104	234	422	583	275	313	449	392	91	205	263	38	503	504	97	468	31	108	294	|
|261	118	180	474	436	167	155	402	139	337	474	99	398	369	313	84	302	300	287	521	331	475	0	275	173	462	220	465	268	58	219	390	168	193	142	388	275	333	464	261	286	430	111	473	462	279	|
|424	346	137	214	362	217	237	320	161	267	248	183	403	256	396	250	105	70	367	260	378	234	275	0	348	374	274	274	11	234	444	321	159	335	163	145	124	269	239	409	422	237	239	245	191	76	|
|90	71	314	496	333	330	113	311	277	258	463	186	260	307	152	255	318	400	133	542	184	477	173	348	0	362	121	430	338	150	106	293	190	37	282	406	279	252	454	88	113	403	280	464	502	386	|
|359	423	466	333	30	533	308	61	458	127	245	386	141	118	250	507	270	442	246	356	201	280	462	374	362	0	252	178	365	406	453	73	313	325	463	286	254	130	242	336	324	187	517	250	374	449	|
|163	173	289	387	224	333	68	196	263	139	345	170	180	186	125	282	217	337	95	431	122	363	220	274	121	252	0	310	263	168	225	180	124	88	269	300	177	133	337	144	152	284	299	347	400	330	|
|461	471	400	160	189	478	336	167	408	182	68	370	294	129	371	482	180	330	355	178	327	104	465	274	430	178	310	0	269	408	534	184	297	398	412	142	194	188	66	439	436	38	482	73	206	345	|
|413	336	137	216	353	217	227	311	158	258	246	175	392	247	385	246	97	80	356	262	367	234	268	11	338	365	263	269	0	226	434	312	149	324	160	143	115	259	237	399	411	232	237	243	196	84	|
|240	118	167	424	380	181	101	345	128	280	419	52	349	311	273	115	249	271	246	472	286	422	58	234	150	406	168	408	226	0	223	333	111	160	133	336	219	276	409	235	258	373	136	418	416	252	|
|105	105	389	601	423	386	216	406	349	359	568	269	334	409	214	302	423	490	208	647	258	583	219	444	106	453	225	534	434	223	0	388	289	137	353	511	384	353	559	123	145	508	330	570	606	473	|
|299	352	401	321	47	466	236	19	391	58	244	315	111	74	196	437	221	391	187	352	149	275	390	321	293	73	180	184	312	333	388	0	243	257	396	258	197	60	238	276	267	178	448	248	355	395	|
|265	198	169	320	291	225	78	252	150	186	308	76	287	208	249	196	141	217	219	368	242	313	168	159	190	313	124	297	149	111	289	243	0	176	156	231	109	183	299	251	266	262	205	308	319	207	|
|89	105	316	471	296	341	98	275	282	223	433	187	224	273	121	271	296	391	100	516	150	449	193	335	37	325	88	398	324	160	137	257	176	0	287	382	256	217	424	78	98	372	295	434	480	379	|
|371	248	39	376	443	70	205	403	6	338	400	102	442	351	389	90	232	167	360	422	391	392	142	163	282	463	269	412	160	133	353	396	156	287	0	301	222	336	391	365	386	374	77	398	353	143	|
|462	428	280	90	285	360	296	248	298	222	104	288	362	183	400	382	90	191	376	137	367	91	388	145	406	286	300	142	143	336	511	258	231	382	301	0	127	226	96	443	448	110	376	100	103	209	|
|339	302	217	217	240	291	168	198	218	143	200	177	280	136	288	288	40	194	261	264	263	205	275	124	279	254	177	194	115	219	384	197	109	256	222	127	0	145	190	321	328	157	289	199	224	198	|
|273	305	342	301	107	406	181	70	331	6	237	256	139	59	185	377	173	339	167	338	144	263	333	269	252	130	133	188	259	276	353	60	183	217	336	226	145	0	230	251	248	170	388	240	328	341	|
|495	487	373	93	251	453	350	223	388	224	9	365	350	173	415	469	164	286	395	114	374	38	464	239	454	242	337	66	237	409	559	238	299	424	391	96	190	230	0	474	474	61	465	11	141	305	|
|22	153	394	530	307	416	174	296	359	258	482	265	212	311	91	343	361	468	90	573	137	503	261	409	88	336	144	439	399	235	123	276	251	78	365	443	321	251	474	0	26	418	367	485	544	456	|
|41	179	414	534	294	438	190	286	380	254	482	285	194	307	74	367	368	483	81	576	122	504	286	422	113	324	152	436	411	258	145	267	266	98	386	448	328	248	474	26	0	416	391	484	550	472	|
|439	441	362	146	193	440	305	164	370	164	67	333	289	113	355	444	142	294	337	174	314	97	430	237	403	187	284	38	232	373	508	178	262	372	374	110	157	170	61	418	416	0	444	71	187	309	|
|369	230	108	452	495	59	231	457	78	390	474	133	479	410	408	28	303	239	381	499	419	468	111	239	280	517	299	482	237	136	330	448	205	295	77	376	289	388	465	367	391	444	0	472	429	214	|
|506	497	380	88	260	460	360	233	395	234	5	374	360	183	425	476	172	289	406	106	384	31	473	245	464	250	347	73	243	418	570	248	308	434	398	100	199	240	11	485	484	71	472	0	137	309	|
|563	517	324	52	378	400	390	344	352	323	142	365	463	282	503	441	184	203	478	78	470	108	462	191	502	374	400	206	196	416	606	355	319	480	353	103	224	328	141	544	550	187	429	137	0	228	|
|468	370	106	262	437	176	283	395	144	340	312	204	472	331	454	232	180	26	425	304	441	294	279	76	386	449	330	345	84	252	473	395	207	379	143	209	198	341	305	456	472	309	214	309	228	0	|

--------------------------------------------------------------------------------
Building model...
	using lazy and cut (CVRPSEP package)
Solving IRP LP...
--------------------------------------------------------------------------------

Gurobi 9.1.0 (linux64) logging started Sat Jan  9 22:52:36 2021

Gurobi Optimizer version 9.1.0 build v9.1.0rc0 (linux64)
Thread count: 32 physical cores, 32 logical processors, using up to 2 threads
Optimize a model with 1075 rows, 6940 columns and 16486 nonzeros
Model fingerprint: 0x4a5451cf
Variable types: 454 continuous, 6486 integer (276 binary)
Coefficient statistics:
  Matrix range     [1e+00, 2e+03]
  Objective range  [1e-02, 6e+02]
  Bounds range     [1e+00, 3e+02]
  RHS range        [1e+01, 5e+03]
Presolve removed 257 rows and 275 columns
Presolve time: 0.05s
Presolved: 818 rows, 6665 columns, 15249 nonzeros
Variable types: 317 continuous, 6348 integer (6081 binary)

Root relaxation: objective 2.575505e+03, 818 iterations, 0.02 seconds

    Nodes    |    Current Node    |     Objective Bounds      |     Work
 Expl Unexpl |  Obj  Depth IntInf | Incumbent    BestBd   Gap | It/Node Time

     0     0 2575.50543    0  138          - 2575.50543      -     -    0s
     0     0 3063.25501    0  186          - 3063.25501      -     -    0s
     0     0 3096.63657    0  183          - 3096.63657      -     -    0s
     0     0 3097.46827    0  183          - 3097.46827      -     -    0s
     0     0 3587.62309    0  121          - 3587.62309      -     -    0s
     0     0 3605.62320    0  131          - 3605.62320      -     -    0s
     0     0 3616.82259    0  145          - 3616.82259      -     -    0s
     0     0 3653.06261    0  200          - 3653.06261      -     -    0s
     0     0 3654.22411    0  204          - 3654.22411      -     -    0s
     0     0 3722.71888    0  255          - 3722.71888      -     -    1s
     0     0 3763.49738    0  220          - 3763.49738      -     -    1s
     0     0 3774.87585    0  243          - 3774.87585      -     -    1s
     0     0 3782.90216    0  276          - 3782.90216      -     -    1s
     0     0 3792.03782    0  272          - 3792.03782      -     -    1s
     0     0 3817.95507    0  285          - 3817.95507      -     -    1s
     0     0 3818.82198    0  287          - 3818.82198      -     -    1s
     0     0 3847.88764    0  317          - 3847.88764      -     -    2s
     0     0 3852.82450    0  294          - 3852.82450      -     -    2s
     0     0 3858.44803    0  310          - 3858.44803      -     -    2s
     0     0 3862.48189    0  335          - 3862.48189      -     -    2s
     0     0 3862.65495    0  343          - 3862.65495      -     -    2s
     0     0 3867.96714    0  346          - 3867.96714      -     -    2s
     0     0 3867.96714    0  342          - 3867.96714      -     -    2s
     0     2 3868.27256    0  296          - 3868.27256      -     -    3s
    39    44 3955.98149   12  217          - 3871.07841      -   217    5s
   321   352 4828.06185   95   14          - 3871.07841      -  89.7   10s
*  517   513             219    6531.4500000 3871.07841  40.7%  64.1   12s
   561   544 5537.53742  158   47 6531.45000 3871.07841  40.7%  62.3   15s
   679   655 4024.46496   16   75 6531.45000 3897.17309  40.3%  68.0   20s
H  729   656                    6085.4500000 3897.17309  36.0%  70.8   23s
   732   658 5131.06000  137  276 6085.45000 3897.17309  36.0%  70.5   25s
   757   674 5052.77759  151  424 6085.45000 3923.36378  35.5%  68.2   30s
   764   682 3937.25925   11  354 6085.45000 3928.43682  35.4%  76.1   35s
   795   703 4099.79246   19  125 6085.45000 3946.71066  35.1%  88.9   40s
   835   735 4212.62863   27  226 6085.45000 3946.71066  35.1%   100   45s
H  903   751                    5737.4500000 3946.71066  31.2%   110   50s
H  934   731                    5655.0000000 3946.71066  30.2%   111   52s
   960   755 4944.99238   55  148 5655.00000 3946.71066  30.2%   113   55s
  1040   820 5204.24711   76   66 5655.00000 3946.71066  30.2%   114   60s
H 1051   785                    5643.6000000 3946.71066  30.1%   114   60s
  1148   857 5396.49238  102   82 5643.60000 3946.71066  30.1%   113   65s
  1262   879 4026.58868   13  324 5643.60000 3947.01391  30.1%   109   70s
  1423   846 4206.58956   18  338 5643.60000 3947.01391  30.1%   104   77s
  1435   859 4359.23676   21  367 5643.60000 3947.01391  30.1%   108   80s
  1466   884 4417.92637   30  290 5643.60000 3947.01391  30.1%   112   85s
  1519   923 4873.08407   45  236 5643.60000 3947.01391  30.1%   117   90s
  1583   986 5112.65470   65  135 5643.60000 3947.01391  30.1%   119   96s
  1676  1029 5430.20068   96   78 5643.60000 3947.01391  30.1%   117  100s
  1740  1036 4213.47670   15  381 5643.60000 3962.27246  29.8%   119  106s
  1770  1051 4383.36643   28  216 5643.60000 3962.27246  29.8%   121  110s
  1841  1139 4495.33242   59   48 5643.60000 3962.27246  29.8%   123  117s
  1902  1188 4624.53000   61    - 5643.60000 3962.35019  29.8%   121  122s
  1990  1179 5542.90000  141   12 5643.60000 3978.26032  29.5%   118  126s
  2042  1246 4413.51556   21  193 5643.60000 3978.28584  29.5%   119  131s
  2098  1241 5105.27625   39   29 5643.60000 3978.28584  29.5%   119  135s
  2205  1392 4175.01367   23  384 5643.60000 3990.06796  29.3%   117  144s
  2290  1363 5265.88687  217   47 5643.60000 3990.06796  29.3%   114  145s
  2376  1461 4608.28719   57   96 5643.60000 3996.08985  29.2%   113  152s
  2479  1520 4248.65510   15  313 5643.60000 3996.08985  29.2%   111  156s
  2573  1605 4343.33132   26  232 5643.60000 3996.08985  29.2%   110  161s
  2687  1716 4521.93612   46  118 5643.60000 3996.57697  29.2%   108  166s
  2806  1739     cutoff  152      5643.60000 3996.82712  29.2%   106  170s
  2855  1828 4741.01317   52   73 5643.60000 3996.82712  29.2%   107  175s
  2923  1879 5500.47500  104    8 5643.60000 4021.94696  28.7%   107  188s
  2988  1947 infeasible  119      5643.60000 4021.95326  28.7%   107  194s
  3069  2026 4605.46005   32  163 5643.60000 4026.66867  28.7%   107  199s
  3165  2102 4096.45730   15  287 5643.60000 4026.66867  28.7%   107  204s
  3249  2152 4325.23300   24  105 5643.60000 4026.66867  28.7%   107  208s
  3306  2261 4559.39908   41   33 5643.60000 4026.66867  28.7%   108  214s
  3417  2408 5169.82528   74   57 5643.60000 4039.89820  28.4%   108  223s
  3597  2414 5290.62667  164    4 5643.60000 4039.89820  28.4%   104  225s
  3737  2506     cutoff  170      5643.60000 4049.26046  28.3%   102  231s
  3846  2566 4678.21363   42  105 5643.60000 4049.66576  28.2%   102  236s
  3920  2692 4359.34236   17  292 5643.60000 4049.66576  28.2%   102  242s
  4074  2737 5473.84440   75   31 5643.60000 4050.94089  28.2%   102  249s
  4130  2816 4417.38049   30  293 5643.60000 4051.04327  28.2%   103  255s
  4212  2862 5544.02000   84   12 5643.60000 4053.57171  28.2%   103  261s
  4272  3016 4343.55373   37  167 5643.60000 4056.18473  28.1%   104  269s
  4457  3107     cutoff  116      5643.60000 4056.85110  28.1%   102  277s
  4556  3243 4406.46452   32  220 5643.60000 4056.91377  28.1%   102  285s
  4692  3399 4877.71615   89   24 5643.60000 4060.35266  28.1%   102  295s
  4872  3489 5611.58250  157   17 5643.60000 4060.47848  28.1%   101  305s
  4975  3523     cutoff  158      5643.60000 4072.20032  27.8%   102  312s
  5021  3593 4435.84988   27  367 5643.60000 4072.22026  27.8%   103  320s
  5104  3690 4640.61881   38  183 5643.60000 4072.22026  27.8%   104  328s
  5214  3789 4889.67709   61   25 5643.60000 4072.22026  27.8%   105  338s
  5328  3873 5426.98500  101    8 5643.60000 4084.42417  27.6%   106  348s
  5460  4024     cutoff  136      5643.60000 4097.84846  27.4%   106  357s
  5620  4159 5616.73434  112   38 5643.60000 4102.58690  27.3%   107  369s
  5712  4163 5603.98774   96   19 5643.60000 4109.79945  27.2%   107  370s
  5809  4264 5574.12705   66   67 5643.60000 4113.69886  27.1%   106  379s
  5900  4266 5007.42564   44   68 5643.60000 4114.82997  27.1%   107  380s
  5934  4415 5117.92750   67   84 5643.60000 4115.19221  27.1%   106  390s
  6096  4481     cutoff  106      5643.60000 4118.59912  27.0%   107  401s
  6182  4703 4893.14766   31  123 5643.60000 4121.73023  27.0%   107  415s
H 6347  4470                    5512.3300000 4121.73023  25.2%   106  417s
  6494  4543     cutoff   94      5512.33000 4123.84879  25.2%   105  427s
H 6544  4540                    5510.9700000 4123.84879  25.2%   106  427s
  6584  4657 5274.70942   64   60 5510.97000 4123.89964  25.2%   106  438s
  6728  4777 4722.99787   51   63 5510.97000 4125.97169  25.1%   107  448s
  6862  4778 5364.02476   67   41 5510.97000 4126.00932  25.1%   107  450s
  6866  4849 4786.46300   41   90 5510.97000 4129.93522  25.1%   107  459s
  6914  4851 5327.51000   87    6 5510.97000 4129.93522  25.1%   107  460s
