




arguments: ./build/mirp_solver -f ./input/orig_exec_160.cfg
Current dir: /scratch/gui/bnc_mirp
File verbosity level: 9
date       time         ( uptime  ) [ thread name/id ]                   file:line     v| 
2021-01-10 02:25:41.266 (   0.545s) [main thread     ]             loguru.cpp:789   INFO| Logging to './output/vi_hc1_half/OU/V2/Original/execution_10_01_2021_02_25_41.log', mode: 'a', verbosity: 9
--------------------------------------------------------------------------------
Parameters
                           instance_path           ./input/Instances/Original/5/
                            model_policy                                       1
                             nb_vehicles                                       2
                              output_dir    ./output/vi_hc1_half/OU/V2/Original/
                            sec_strategy                                       1
                       solver_nb_threads                                       2
                         solver_show_log                                    true
                       solver_time_limit                                    3600
                              use_vi_cos                                   false
                              use_vi_cus                                   false
                         use_vi_hc1_full                                   false
                         use_vi_hc1_half                                    true
                      use_vi_hc1_quarter                                   false
                              use_vi_hc2                                   false
                              use_vi_hc3                                   false
                         use_vi_lex_full                                   false
                         use_vi_lex_half                                   false
                      use_vi_lex_quarter                                   false
                              use_vi_qua                                   false
                               use_vi_vc                                   false
                               use_vi_vr                                   false
--------------------------------------------------------------------------------
executing instance: ./input/Instances/Original/5/absH3low_4n50.dat
--------------------------------------------------------------------------------
Instance details
n	51
H	3
C	4066
Li:
[0, 0, 0, 0, 0, 0, 0, 0, 0, 0, 0, 0, 0, 0, 0, 0, 0, 0, 0, 0, 0, 0, 0, 0, 0, 0, 0, 0, 0, 0, 0, 0, 0, 0, 0, 0, 0, 0, 0, 0, 0, 0, 0, 0, 0, 0, 0, 0, 0, 0, 0, ]
Ui:
[0, 108, 126, 122, 66, 120, 48, 30, 128, 54, 158, 198, 36, 66, 210, 234, 147, 297, 171, 128, 116, 120, 219, 70, 294, 207, 134, 128, 234, 122, 22, 183, 195, 255, 132, 124, 66, 189, 219, 66, 128, 102, 288, 66, 87, 136, 36, 39, 282, 36, 237, ]
Distance matrix:
|0	210	444	498	509	104	438	228	487	304	456	434	526	476	163	47	293	396	293	290	313	85	280	437	293	336	409	106	449	376	433	478	193	404	404	534	278	181	380	507	189	438	263	473	353	216	202	218	452	254	465	|
|210	0	299	507	359	106	345	409	358	411	320	402	555	448	136	200	289	264	306	427	141	222	83	348	264	320	283	303	380	208	258	357	170	348	475	542	243	347	355	379	65	479	172	373	355	251	112	229	402	210	300	|
|444	299	0	363	65	358	116	542	66	440	26	241	425	272	282	407	251	51	276	490	159	397	224	124	217	237	48	490	170	99	83	74	261	180	430	385	214	479	231	85	270	390	184	116	271	300	409	276	210	215	54	|
|498	507	363	0	385	482	246	424	326	254	343	123	63	93	388	452	221	337	211	314	428	414	480	239	243	187	324	463	194	418	438	307	346	188	156	36	264	392	156	326	444	87	340	258	154	286	603	294	153	297	417	|
|509	359	65	385	0	422	145	602	59	492	59	269	448	292	348	472	305	115	329	545	218	462	281	152	274	286	106	554	192	153	116	78	326	216	472	403	274	540	271	63	334	425	249	127	316	361	468	337	233	278	69	|
|104	106	358	482	422	0	372	309	408	337	374	396	521	441	98	96	262	314	271	342	215	124	177	373	249	302	329	198	394	281	337	402	139	353	419	518	230	250	343	428	90	437	188	405	328	200	134	188	406	199	372	|
|438	345	116	246	145	372	0	485	87	357	97	126	309	155	279	394	180	101	200	414	223	373	288	8	157	150	84	459	53	188	196	68	245	72	328	269	165	427	128	97	297	280	184	36	175	250	456	233	94	184	170	|
|228	409	542	424	602	309	485	0	561	170	544	419	424	446	298	214	305	491	286	115	462	187	457	480	331	339	496	124	470	510	565	545	295	424	279	454	329	66	376	576	363	340	370	520	330	242	429	266	453	328	581	|
|487	358	66	326	59	408	87	561	0	441	40	211	389	233	324	446	258	95	281	497	220	431	287	95	230	234	79	522	133	164	146	19	297	160	415	344	233	500	215	21	323	367	224	68	261	320	470	299	174	242	106	|
|304	411	440	254	492	337	357	170	441	0	434	266	255	286	275	266	189	392	164	63	408	225	428	351	224	207	392	234	330	438	484	424	250	287	112	284	232	149	233	453	349	170	302	389	185	168	471	195	305	248	487	|
|456	320	26	343	59	374	97	544	40	434	0	223	406	252	294	418	247	60	271	487	181	405	247	105	215	229	49	498	149	124	109	48	270	165	419	364	215	482	218	60	288	375	194	92	261	302	431	279	190	220	75	|
|434	402	241	123	269	396	126	419	211	266	223	0	185	46	298	387	140	213	145	328	310	355	366	118	147	97	201	425	78	295	315	191	256	65	211	151	166	371	53	215	343	157	231	145	90	220	505	217	41	198	295	|
|526	555	425	63	448	521	309	424	389	255	406	185	0	156	430	481	266	398	252	310	485	442	534	301	293	237	386	480	257	478	500	370	390	249	145	55	313	401	212	389	491	89	392	321	201	322	646	334	216	345	479	|
|476	448	272	93	292	441	155	446	233	286	252	46	156	0	343	429	183	250	184	348	353	396	411	148	192	140	236	461	102	334	350	214	302	106	214	113	212	402	98	233	389	151	277	165	125	261	551	260	62	244	325	|
|163	136	282	388	348	98	279	298	324	275	294	298	430	343	0	124	167	234	178	296	167	121	162	279	151	205	247	216	297	224	280	316	42	256	340	423	132	232	246	344	74	349	100	314	233	115	216	97	308	101	307	|
|47	200	407	452	472	96	394	214	446	266	418	387	481	429	124	0	246	358	245	259	284	41	261	392	247	289	370	103	403	345	402	436	150	358	361	488	232	158	333	466	165	393	223	430	306	168	217	171	406	210	431	|
|293	289	251	221	305	262	180	305	258	189	247	140	266	183	167	246	0	204	26	240	238	215	276	175	37	43	203	289	169	255	297	242	125	122	202	257	52	248	87	272	225	191	134	215	67	80	382	77	163	81	298	|
|396	264	51	337	115	314	101	491	95	392	60	213	398	250	234	358	204	0	229	442	130	347	196	108	169	194	19	440	152	87	102	93	211	149	390	363	165	428	194	116	228	355	134	117	230	250	376	225	189	164	95	|
|293	306	276	211	329	271	200	286	281	164	271	145	252	184	178	245	26	229	0	216	262	212	297	195	63	53	228	280	184	280	323	264	138	137	178	248	76	232	95	294	241	173	156	234	60	77	395	83	172	102	324	|
|290	427	490	314	545	342	414	115	497	63	487	328	310	348	296	259	240	442	216	0	443	220	456	408	273	264	443	204	390	479	529	480	278	346	165	343	278	115	293	509	369	229	340	447	244	202	473	230	366	288	536	|
|313	141	159	428	218	215	223	462	220	408	181	310	485	353	167	284	238	130	262	443	0	288	67	228	202	252	149	382	267	67	122	221	168	247	440	459	186	396	273	241	125	423	107	245	291	242	251	214	297	162	160	|
|85	222	397	414	462	124	373	187	431	225	405	355	442	396	121	41	215	347	212	220	288	0	273	371	221	258	357	95	378	344	401	420	136	331	321	450	208	126	302	450	177	353	213	409	272	136	253	143	377	190	426	|
|280	83	224	480	281	177	288	457	287	428	247	366	534	411	162	261	276	196	297	456	67	273	0	292	243	298	215	363	329	128	176	288	179	305	475	513	224	392	324	307	96	466	143	311	335	261	187	235	357	195	219	|
|437	348	124	239	152	373	8	480	95	351	105	118	301	148	279	392	175	108	195	408	228	371	292	0	154	144	91	456	46	194	203	76	244	65	320	261	163	423	121	103	299	273	185	40	168	247	459	230	86	183	178	|
|293	264	217	243	274	249	157	331	230	224	215	147	293	192	151	247	37	169	63	273	202	221	243	154	0	57	170	303	157	217	260	215	110	111	238	278	21	271	94	245	201	223	100	193	92	93	362	78	160	54	263	|
|336	320	237	187	286	302	150	339	234	207	229	97	237	140	205	289	43	194	53	264	252	258	298	144	57	0	190	331	131	257	294	216	163	84	197	221	77	285	44	246	258	172	155	183	39	123	418	119	120	110	288	|
|409	283	48	324	106	329	84	496	79	392	49	201	386	236	247	370	203	19	228	443	149	357	215	91	170	190	0	449	136	105	114	75	221	138	384	349	168	434	185	99	245	346	146	98	224	255	394	231	174	171	99	|
|106	303	490	463	554	198	459	124	522	234	498	425	480	461	216	103	289	440	280	204	382	95	363	456	303	331	449	0	458	439	496	510	229	410	344	498	293	89	374	540	267	391	307	495	336	211	308	226	451	280	520	|
|449	380	170	194	192	394	53	470	133	330	149	78	257	102	297	403	169	152	184	390	267	378	329	46	157	131	136	458	0	238	249	114	259	47	287	216	171	416	96	137	327	235	211	67	145	247	488	235	41	197	223	|
|376	208	99	418	153	281	188	510	164	438	124	295	478	334	224	345	255	87	280	479	67	344	128	194	217	257	105	439	238	0	57	169	216	230	453	445	206	445	268	184	191	427	141	202	296	278	315	250	274	191	92	|
|433	258	83	438	116	337	196	565	146	484	109	315	500	350	280	402	297	102	323	529	122	401	176	203	260	294	114	496	249	57	0	157	271	252	490	463	251	499	296	162	247	457	195	199	331	329	362	302	288	241	47	|
|478	357	74	307	78	402	68	545	19	424	48	191	370	214	316	436	242	93	264	480	221	420	288	76	215	216	75	510	114	169	157	0	287	141	396	325	219	485	196	31	319	347	216	49	243	306	469	286	154	230	120	|
|193	170	261	346	326	139	245	295	297	250	270	256	390	302	42	150	125	211	138	278	168	136	179	244	110	163	221	229	259	216	271	287	0	216	305	382	91	229	204	316	105	310	78	280	192	83	257	60	268	62	292	|
|404	348	180	188	216	353	72	424	160	287	165	65	249	106	256	358	122	149	137	346	247	331	305	65	111	84	138	410	47	230	252	141	216	0	255	215	126	369	56	168	292	210	177	102	103	200	454	189	54	155	234	|
|404	475	430	156	472	419	328	279	415	112	419	211	145	214	340	361	202	390	178	165	440	321	475	320	238	197	384	344	287	453	490	396	305	255	0	181	254	261	201	422	410	69	335	353	160	225	551	246	252	280	482	|
|534	542	385	36	403	518	269	454	344	284	364	151	55	113	423	488	257	363	248	343	459	450	513	261	278	221	349	498	216	445	463	325	382	215	181	0	298	425	189	342	479	115	373	276	190	323	638	330	175	332	439	|
|278	243	214	264	274	230	165	329	233	232	215	166	313	212	132	232	52	165	76	278	186	208	224	163	21	77	168	293	171	206	251	219	91	126	254	298	0	267	114	250	181	242	82	202	112	88	341	68	177	33	258	|
|181	347	479	392	540	250	427	66	500	149	482	371	401	402	232	158	248	428	232	115	396	126	392	423	271	285	434	89	416	445	499	485	229	369	261	425	267	0	325	516	298	313	305	463	281	180	375	203	403	264	516	|
|380	355	231	156	271	343	128	376	215	233	218	53	212	98	246	333	87	194	95	293	273	302	324	121	94	44	185	374	96	268	296	196	204	56	201	189	114	325	0	224	294	161	185	157	49	167	455	163	78	147	284	|
|507	379	85	326	63	428	97	576	21	453	60	215	389	233	344	466	272	116	294	509	241	450	307	103	245	246	99	540	137	184	162	31	316	168	422	342	250	516	224	0	344	371	244	70	271	337	490	317	176	261	120	|
|189	65	270	444	334	90	297	363	323	349	288	343	491	389	74	165	225	228	241	369	125	177	96	299	201	258	245	267	327	191	247	319	105	292	410	479	181	298	294	344	0	414	116	328	291	187	163	165	345	147	282	|
|438	479	390	87	425	437	280	340	367	170	375	157	89	151	349	393	191	355	173	229	423	353	466	273	223	172	346	391	235	427	457	347	310	210	69	115	242	313	161	371	414	0	323	301	133	238	565	253	197	273	444	|
|263	172	184	340	249	188	184	370	224	302	194	231	392	277	100	223	134	134	156	340	107	213	143	185	100	155	146	307	211	141	195	216	78	177	335	373	82	305	185	244	116	323	0	217	192	138	278	110	230	55	214	|
|473	373	116	258	127	405	36	520	68	389	92	145	321	165	314	430	215	117	234	447	245	409	311	40	193	183	98	495	67	202	199	49	280	102	353	276	202	463	157	70	328	301	217	0	205	286	485	269	106	220	167	|
|353	355	271	154	316	328	175	330	261	185	261	90	201	125	233	306	67	230	60	244	291	272	335	168	92	39	224	336	145	296	331	243	192	103	160	190	112	281	49	271	291	133	192	205	0	138	449	141	123	145	323	|
|216	251	300	286	361	200	250	242	320	168	302	220	322	261	115	168	80	250	77	202	242	136	261	247	93	123	255	211	247	278	329	306	83	200	225	323	88	180	167	337	187	238	138	286	138	0	328	28	243	88	340	|
|202	112	409	603	468	134	456	429	470	471	431	505	646	551	216	217	382	376	395	473	251	253	187	459	362	418	394	308	488	315	362	469	257	454	551	638	341	375	455	490	163	565	278	485	449	328	0	313	508	308	406	|
|218	229	276	294	337	188	233	266	299	195	279	217	334	260	97	171	77	225	83	230	214	143	235	230	78	119	231	226	235	250	302	286	60	189	246	330	68	203	163	317	165	253	110	269	141	28	313	0	235	61	315	|
|452	402	210	153	233	406	94	453	174	305	190	41	216	62	308	406	163	189	172	366	297	377	357	86	160	120	174	451	41	274	288	154	268	54	252	175	177	403	78	176	345	197	230	106	123	243	508	235	0	207	264	|
|254	210	215	297	278	199	184	328	242	248	220	198	345	244	101	210	81	164	102	288	162	190	195	183	54	110	171	280	197	191	241	230	62	155	280	332	33	264	147	261	147	273	55	220	145	88	308	61	207	0	253	|
|465	300	54	417	69	372	170	581	106	487	75	295	479	325	307	431	298	95	324	536	160	426	219	178	263	288	99	520	223	92	47	120	292	234	482	439	258	516	284	120	282	444	214	167	323	340	406	315	264	253	0	|

--------------------------------------------------------------------------------
Building model...
	using lazy and cut (CVRPSEP package)
Solving IRP LP...
--------------------------------------------------------------------------------

Gurobi 9.1.0 (linux64) logging started Sun Jan 10 02:25:41 2021

Gurobi Optimizer version 9.1.0 build v9.1.0rc0 (linux64)
Thread count: 32 physical cores, 32 logical processors, using up to 2 threads
Optimize a model with 1191 rows, 8460 columns and 19872 nonzeros
Model fingerprint: 0x6e293579
Variable types: 504 continuous, 7956 integer (306 binary)
Coefficient statistics:
  Matrix range     [1e+00, 2e+03]
  Objective range  [1e-02, 6e+02]
  Bounds range     [1e+00, 3e+02]
  RHS range        [1e+01, 7e+03]
Presolve removed 274 rows and 298 columns
Presolve time: 0.06s
Presolved: 917 rows, 8162 columns, 18528 nonzeros
Variable types: 359 continuous, 7803 integer (7506 binary)

Root relaxation: objective 3.291724e+03, 962 iterations, 0.02 seconds

    Nodes    |    Current Node    |     Objective Bounds      |     Work
 Expl Unexpl |  Obj  Depth IntInf | Incumbent    BestBd   Gap | It/Node Time

     0     0 3291.72371    0  142          - 3291.72371      -     -    0s
     0     0 3657.21083    0  156          - 3657.21083      -     -    0s
     0     0 3657.70131    0  166          - 3657.70131      -     -    0s
     0     0 4341.83929    0  200          - 4341.83929      -     -    0s
     0     0 4343.80122    0  166          - 4343.80122      -     -    0s
     0     0 4360.27820    0  209          - 4360.27820      -     -    0s
     0     0 4383.12812    0  207          - 4383.12812      -     -    0s
     0     0 4393.97697    0  235          - 4393.97697      -     -    0s
     0     0 4397.76339    0  247          - 4397.76339      -     -    0s
     0     0 4401.49747    0  245          - 4401.49747      -     -    0s
     0     0 4401.57252    0  257          - 4401.57252      -     -    0s
     0     0 4480.88122    0  273          - 4480.88122      -     -    1s
     0     0 4492.50307    0  267          - 4492.50307      -     -    1s
     0     0 4495.12015    0  311          - 4495.12015      -     -    1s
     0     0 4495.42032    0  314          - 4495.42032      -     -    1s
     0     0 4535.91904    0  318          - 4535.91904      -     -    1s
     0     0 4551.56208    0  362          - 4551.56208      -     -    2s
     0     0 4552.44312    0  362          - 4552.44312      -     -    2s
     0     0 4564.83084    0  377          - 4564.83084      -     -    2s
     0     0 4567.60366    0  394          - 4567.60366      -     -    2s
     0     0 4569.20552    0  415          - 4569.20552      -     -    2s
     0     0 4575.55363    0  306          - 4575.55363      -     -    2s
     0     0 4578.65307    0  393          - 4578.65307      -     -    2s
     0     0 4579.13298    0  325          - 4579.13298      -     -    2s
     0     0 4587.76304    0  396          - 4587.76304      -     -    3s
     0     0 4587.76304    0  396          - 4587.76304      -     -    3s
     0     2 4587.84363    0  396          - 4587.84363      -     -    4s
    22    26 4717.71645    8  192          - 4600.05429      -   181    5s
   333   352 5281.70394   70   31          - 4600.05429      -  72.6   10s
   655   618 5756.42988  181   30          - 4600.05429      -  52.2   15s
   759   712 5028.50481   36  430          - 4602.65375      -  49.2   20s
   774   722 5172.84000   66  439          - 4621.33363      -  48.3   25s
   792   734 8472.52373  202  416          - 4631.56173      -  47.2   30s
   800   739 5250.43000   78  405          - 4632.07280      -  46.7   36s
   809   748 4652.56135   18  227          - 4643.30961      -  58.2   40s
   851   779 4830.90608   30  135          - 4661.45542      -  70.6   45s
   923   830 4979.93075   56   87          - 4661.45542      -  80.8   50s
  1032   917 5371.29947   90   73          - 4661.45542      -  91.0   55s
  1170  1006 6143.38126  134   53          - 4661.45542      -  95.1   60s
  1333  1127 6170.44967  171   43          - 4661.45542      -  95.4   65s
  1461  1117 4917.70300   22  205          - 4671.33478      -  94.0   71s
H 1465  1025                    6178.4300000 4671.33478  24.4%  94.4   71s
  1466  1026 4886.04684   22  284 6178.43000 4671.33478  24.4%  94.8   84s
  1468  1038 4847.18501   22  247 6178.43000 4671.33478  24.4%  95.1   85s
H 1502   980                    5960.4300000 4671.33478  21.6%  96.7   87s
  1530  1007 5047.08184   36  120 5960.43000 4671.33478  21.6%  97.5   90s
  1622  1056 5859.55303   77   29 5960.43000 4671.33478  21.6%   100   95s
  1687  1116 5286.89847   75   54 5960.43000 4671.33478  21.6%  99.2  100s
  1758  1150 5503.00185  106   50 5960.43000 4673.32713  21.6%  98.5  105s
  1863  1197 5310.18049   28  138 5960.43000 4673.32713  21.6%  99.0  111s
  1928  1242 5373.22450   34  150 5960.43000 4673.32713  21.6%  98.9  115s
  1964  1287 5412.27354   37   63 5960.43000 4673.32713  21.6%  98.9  121s
  2057  1284 5514.71825   43   67 5960.43000 4673.32713  21.6%  98.9  125s
  2090  1328 5742.02184   57   46 5960.43000 4673.32713  21.6%   101  130s
  2165  1331 4757.41368   19  318 5960.43000 4675.62168  21.6%   101  136s
  2202  1335 4951.28120   25  185 5960.43000 4675.62168  21.6%   103  141s
  2231  1344 5347.83725   44  121 5960.43000 4675.62168  21.6%   105  147s
  2233  1366 5374.32062   45   56 5960.43000 4675.62168  21.6%   105  150s
  2296  1377 5884.30000   90    - 5960.43000 4681.44376  21.5%   105  155s
  2318  1391 4817.72853   24  145 5960.43000 4681.47880  21.5%   108  160s
  2353  1422 4929.56761   33  118 5960.43000 4681.47880  21.5%   110  165s
  2405  1467 5445.24778   42  129 5960.43000 4681.47880  21.5%   113  171s
  2437  1491 5772.86168   51  183 5960.43000 4681.47880  21.5%   113  175s
  2511  1525 4857.11635   23  182 5960.43000 4689.72224  21.3%   114  183s
  2547  1554 5140.80258   30  101 5960.43000 4689.72224  21.3%   115  187s
  2592  1601 5434.30712   45   37 5960.43000 4689.72224  21.3%   115  195s
  2711  1577     cutoff   69      5960.43000 4704.39395  21.1%   115  202s
  2722  1606 4965.23014   20  307 5960.43000 4706.57448  21.0%   116  205s
  2754  1650 5101.82913   29  190 5960.43000 4706.57448  21.0%   117  210s
  2817  1706 5372.55323   52   22 5960.43000 4706.57448  21.0%   116  216s
  2887  1854 5633.90212   99   16 5960.43000 4706.57448  21.0%   115  222s
  3039  1905 5664.20852  171    8 5960.43000 4709.52695  21.0%   111  229s
  3094  1905 5799.37769  161   22 5960.43000 4719.18145  20.8%   110  230s
  3143  1957 5862.50303   54   59 5960.43000 4719.21316  20.8%   111  238s
  3181  2001 4896.03893   23  317 5960.43000 4719.21316  20.8%   112  243s
  3227  2019 5184.51199   29  263 5960.43000 4719.21316  20.8%   113  249s
  3260  2056 5359.64617   44  120 5960.43000 4719.21316  20.8%   114  254s
  3300  2072 5863.85897   74  112 5960.43000 4738.64586  20.5%   115  260s
  3340  2092 4817.41818   24  202 5960.43000 4740.09718  20.5%   116  266s
  3357  2103 4999.29330   26  200 5960.43000 4740.09718  20.5%   118  271s
  3368  2135 5072.68169   28  121 5960.43000 4740.09718  20.5%   119  276s
  3400  2185 5226.86925   36  187 5960.43000 4740.09718  20.5%   121  283s
  3450  2265 5368.27418   45   56 5960.43000 4740.09718  20.5%   122  291s
  3530  2307 5728.59914   55   94 5960.43000 4740.28730  20.5%   122  299s
  3625  2395 4866.29362   28  156 5960.43000 4746.49562  20.4%   122  306s
  3729  2469 5712.90124   71   47 5960.43000 4747.79505  20.3%   121  314s
  3788  2469 5937.99000   82    - 5960.43000 4749.85450  20.3%   121  315s
  3817  2520 5437.29855   59   78 5960.43000 4750.61150  20.3%   121  322s
  3881  2618 5043.74074   36  135 5960.43000 4752.61016  20.3%   122  330s
  3977  2752 5269.43291   47   25 5960.43000 4752.61016  20.3%   122  342s
  4127  2867 5510.48023   68   54 5960.43000 4757.48198  20.2%   121  354s
  4207  2879 5896.28000  106    6 5960.43000 4757.48198  20.2%   120  355s
  4298  2925     cutoff  110      5960.43000 4761.57209  20.1%   119  363s
  4357  2961     cutoff  110      5960.43000 4765.63135  20.0%   121  372s
  4399  3011 5144.83302   41  145 5960.43000 4771.04388  20.0%   122  381s
  4460  3074 5019.92744   28  182 5960.43000 4771.04694  20.0%   123  391s
  4539  3156 5957.93526   61   45 5960.43000 4771.50400  19.9%   124  401s
  4627  3330 5518.53031   55  150 5960.43000 4774.25079  19.9%   125  414s
  4659  3330 5898.12370   86   47 5960.43000 4774.25079  19.9%   125  415s
  4854  3569 5020.89804   49   16 5960.43000 4774.77499  19.9%   122  429s
  4893  3571 5253.94082   86   26 5960.43000 4774.77499  19.9%   122  430s
  5113  3646 5946.07000  156    - 5960.43000 4778.99936  19.8%   119  443s
  5199  3745     cutoff  156      5960.43000 4779.85294  19.8%   120  456s
  5304  3893 5322.89972   45   84 5960.43000 4783.42521  19.7%   121  470s
  5486  4026 5891.78909   73   32 5960.43000 4786.80079  19.7%   120  495s
  5666  4122 4942.49377   27  208 5960.43000 4788.76952  19.7%   117  509s
  5708  4122 5708.73312  153    9 5960.43000 4788.76952  19.7%   118  510s
  5784  4299 5158.54982   51   42 5960.43000 4788.76952  19.7%   119  530s
  6010  4483 5364.33000   63    - 5960.43000 4789.33625  19.6%   116  546s
  6279  4608 5946.06000  190    - 5960.43000 4792.16676  19.6%   114  561s
  6399  4694     cutoff  190      5960.43000 4795.80194  19.5%   115  574s
  6427  4698 5513.15530   33  190 5960.43000 4795.80194  19.5%   115  575s
  6492  4778     cutoff  189      5960.43000 4796.14874  19.5%   116  587s
  6596  4892 5337.69925   42  174 5960.43000 4796.43938  19.5%   117  601s
  6750  4982 5017.20317   27  328 5960.43000 4797.02869  19.5%   118  613s
  6849  5132 5641.37900   57  105 5960.43000 4800.02398  19.5%   118  628s
  7003  5134 5847.81034  119   17 5960.43000 4800.11118  19.5%   118  630s
  7027  5249 5556.08096   67   53 5960.43000 4801.55560  19.4%   118  644s
  7064  5249 5399.21053   50  114 5960.43000 4801.55560  19.4%   118  645s
  7181  5316 5133.63542   26  165 5960.43000 4803.42593  19.4%   118  657s
  7248  5473 5367.88130   52  144 5960.43000 4803.48408  19.4%   120  677s
  7488  5699 5121.76698   39  155 5960.43000 4803.75795  19.4%   119  695s
  7787  5879 5837.24232   93   43 5960.43000 4804.56901  19.4%   118  713s
  8015  6012 infeasible  115      5960.43000 4812.32360  19.3%   117  731s
  8166  6192 5031.98600   39  118 5960.43000 4813.42563  19.2%   118  748s
  8365  6203 5360.11807   49  142 5960.43000 4813.87610  19.2%   118  750s
  8403  6246     cutoff  103      5960.43000 4814.40712  19.2%   118  765s
  8450  6390 5407.65870   58   67 5960.43000 4814.71864  19.2%   119  782s
  8615  6503 5232.84073   61   67 5960.43000 4815.12939  19.2%   119  798s
  8782  6637     cutoff  105      5960.43000 4816.04115  19.2%   119  817s
  8933  6855     cutoff  105      5960.43000 4816.20232  19.2%   119  834s
  8985  6855 5425.68660   78   42 5960.43000 4816.20232  19.2%   119  835s
  9184  6985 5085.67937   37  133 5960.43000 4820.88935  19.1%   118  854s
  9286  6985 5073.25498   35  117 5960.43000 4821.14599  19.1%   118  855s
  9330  7179 5267.10111   31  214 5960.43000 4821.14599  19.1%   119  874s
  9428  7179 5910.61012   60   36 5960.43000 4821.14599  19.1%   119  875s
  9564  7323 5850.91618   56   48 5960.43000 4822.06448  19.1%   118  891s
  9763  7451 5015.12830   39  166 5960.43000 4823.71246  19.1%   118  911s
  9917  7617 5694.16683   45  133 5960.43000 4826.21055  19.0%   118  927s
 10117  7964 5050.79001   33  129 5960.43000 4826.75593  19.0%   118  949s
 10191  7968 5446.75250  101    9 5960.43000 4826.75593  19.0%   117  950s
 10519  8053 5719.24155  117   37 5960.43000 4828.10218  19.0%   115  969s
 10610  8062 5197.10738   43  103 5960.43000 4828.11461  19.0%   116  970s
 10658  8262 5135.50686   29  139 5960.43000 4828.11461  19.0%   116  989s
 10710  8262 5301.66441   59   28 5960.43000 4828.11461  19.0%   116  990s
 10884  8416 5373.03220   68   18 5960.43000 4829.45080  19.0%   115 1008s
 10989  8424 5869.43000  124   18 5960.43000 4829.45080  19.0%   115 1010s
 11091  8537     cutoff  132      5960.43000 4830.18398  19.0%   115 1025s
 11229  8710 5405.51446   65   51 5960.43000 4831.47448  18.9%   116 1043s
 11337  8715 5710.87000   67    - 5960.43000 4831.47448  18.9%   116 1045s
 11470  8841 4988.81090   28  174 5960.43000 4832.18250  18.9%   116 1062s
 11602  8991 5170.12622   43   56 5960.43000 4832.36211  18.9%   116 1080s
 11784  9094     cutoff  110      5960.43000 4833.41376  18.9%   117 1098s
 11906  9251 5958.20000  113    - 5960.43000 4834.26069  18.9%   116 1117s
 12123  9395 infeasible  113      5960.43000 4835.95077  18.9%   116 1136s
 12304  9497     cutoff  105      5960.43000 4836.96899  18.8%   116 1157s
 12424  9637 5138.53780   60   31 5960.43000 4837.09320  18.8%   117 1175s
 12599  9740 5685.44566  119  101 5960.43000 4838.45145  18.8%   117 1192s
 12727  9832 5139.26533   38  116 5960.43000 4839.78958  18.8%   117 1209s
 12740  9832 5476.33929   51  129 5960.43000 4839.78958  18.8%   117 1210s
 12832  9918 5105.28169   47   58 5960.43000 4839.89010  18.8%   118 1227s
 12931  9987 5071.48435   28  271 5960.43000 4839.89010  18.8%   119 1248s
 13034 10147 5245.20521   34  284 5960.43000 4839.89010  18.8%   120 1266s
 13204 10288 5620.71222   47   48 5960.43000 4840.60585  18.8%   120 1288s
 13373 10402 5426.58500   32   34 5960.43000 4841.11073  18.8%   120 1308s
 13527 10468 4964.76519   26  290 5960.43000 4842.24337  18.8%   120 1324s
 13559 10468 5639.53500   58   80 5960.43000 4842.24337  18.8%   121 1325s
 13593 10595 5768.68533   64  112 5960.43000 4842.27883  18.8%   121 1341s
 13750 10751 5374.61727   59   42 5960.43000 4842.70970  18.8%   121 1361s
 13916 10840 5275.44763   38  137 5960.43000 4842.83965  18.8%   121 1381s
 14041 10891 5186.62235   42  141 5960.43000 4843.00561  18.7%   122 1399s
 14092 10999 5515.29075   83   43 5960.43000 4843.28161  18.7%   122 1417s
 14235 11088 infeasible   98      5960.43000 4843.62559  18.7%   122 1434s
 14263 11088 5693.85524   50  108 5960.43000 4843.62559  18.7%   123 1435s
 14332 11231 5033.46384   24  437 5960.43000 4843.62559  18.7%   123 1455s
 14514 11346 5366.96569   38  132 5960.43000 4843.62559  18.7%   123 1473s
 14635 11428 5585.17452   51  204 5960.43000 4843.62559  18.7%   124 1491s
 14732 11506 5947.86265   63  213 5960.43000 4845.12541  18.7%   125 1509s
 14858 11549     cutoff   64      5960.43000 4846.42426  18.7%   125 1525s
 14896 11676 5151.85165   40  235 5960.43000 4846.55228  18.7%   126 1542s
 15037 11856 5669.98258  114   83 5960.43000 4846.93012  18.7%   126 1563s
 15224 11873 5715.25625  118    8 5960.43000 4846.93012  18.7%   125 1565s
 15283 11986     cutoff  137      5960.43000 4847.71206  18.7%   125 1584s
 15315 11986 5122.28633   49  195 5960.43000 4847.71566  18.7%   126 1585s
 15410 12081 5086.28534   37   48 5960.43000 4847.71566  18.7%   126 1604s
 15449 12081 5250.11459   56    8 5960.43000 4847.71566  18.7%   126 1605s
 15519 12327 5173.44900   68   23 5960.43000 4848.25137  18.7%   127 1626s
 15821 12376     cutoff  146      5960.43000 4848.81812  18.6%   126 1646s
 15865 12434 5091.13882   30  368 5960.43000 4848.89915  18.6%   127 1664s
 15910 12434 5790.81989   50  146 5960.43000 4848.89915  18.6%   127 1665s
 15934 12529 5603.25946   41  195 5960.43000 4849.01622  18.6%   128 1684s
 15975 12529 5943.08000   58   68 5960.43000 4849.01622  18.6%   128 1685s
 16054 12655 4996.05131   23  314 5960.43000 4849.04192  18.6%   128 1705s
 16205 12911 5296.27958   44   62 5960.43000 4849.91466  18.6%   129 1727s
 16406 12921 5337.16065   76   23 5960.43000 4850.02580  18.6%   128 1730s
 16499 12996 5948.05782  142   12 5960.43000 4850.28652  18.6%   128 1749s
 16614 13192 5032.94590   33  294 5960.43000 4850.39848  18.6%   128 1770s
 16828 13292 5686.92424  140   10 5960.43000 4850.60563  18.6%   128 1791s
 16957 13475 5138.33865   36   76 5960.43000 4850.71011  18.6%   128 1813s
 17044 13475 5203.27412   62   25 5960.43000 4850.71011  18.6%   129 1815s
 17159 13654 5305.93489   56   74 5960.43000 4850.71011  18.6%   128 1837s
 17376 13830 5522.47000   68   10 5960.43000 4852.23945  18.6%   128 1861s
 17636 13920 5771.65500   77    8 5960.43000 4853.11832  18.6%   127 1998s
 17730 14013     cutoff   91      5960.43000 4853.45732  18.6%   128 2017s
 17848 14185 5498.53493   49   68 5960.43000 4853.66826  18.6%   128 2039s
 17874 14185 5517.52939   75   24 5960.43000 4853.66826  18.6%   128 2040s
 18116 14316     cutoff  101      5960.43000 4854.84271  18.5%   127 2062s
 18270 14408 5819.55500   54   44 5960.43000 4855.18524  18.5%   127 2086s
 18365 14525 5051.57704   32  210 5960.43000 4855.71747  18.5%   128 2111s
 18521 14661 5177.95651   43  117 5960.43000 4855.71747  18.5%   128 2134s
 18534 14661 5653.13173   49  184 5960.43000 4855.71747  18.5%   128 2135s
 18674 14858 5235.92673   59   38 5960.43000 4855.71747  18.5%   128 2162s
 18868 14868 5204.81395   50   35 5960.43000 4855.71747  18.5%   128 2165s
 18926 14967 5679.33000  113    - 5960.43000 4856.30694  18.5%   128 2189s
 18952 14968 5761.21333  126   24 5960.43000 4856.30694  18.5%   128 2190s
 19076 15039     cutoff  142      5960.43000 4857.82764  18.5%   128 2209s
 19154 15158 5234.18465   30  272 5960.43000 4857.99995  18.5%   128 2230s
 19314 15381 5166.43101   45   80 5960.43000 4858.15177  18.5%   128 2253s
 19595 15531 5090.25046   42  124 5960.43000 4858.91426  18.5%   127 2276s
 19804 15577 5609.56198   65   26 5960.43000 4859.79371  18.5%   127 2296s
 19859 15640 5349.52650   50  142 5960.43000 4860.06896  18.5%   128 2315s
 19940 15786 5064.88451   38  120 5960.43000 4860.08411  18.5%   129 2336s
 20118 15849 5918.28000  110    - 5960.43000 4860.80534  18.4%   129 2357s
 20200 15983     cutoff  110      5960.43000 4861.46186  18.4%   129 2377s
 20349 16122 5942.70000  109    - 5960.43000 4862.14801  18.4%   129 2399s
 20403 16123 4933.71276   24  305 5960.43000 4862.14801  18.4%   130 2400s
 20523 16343     cutoff  109      5960.43000 4862.62141  18.4%   130 2423s
 20674 16349 5521.70594   85   18 5960.43000 4862.80238  18.4%   130 2425s
 20763 16445 5336.69060   54   66 5960.43000 4862.94524  18.4%   129 2446s
 20889 16507 5414.48664   43  272 5960.43000 4863.16269  18.4%   129 2466s
 20961 16595     cutoff   75      5960.43000 4863.44417  18.4%   130 2486s
 21096 16702 infeasible   81      5960.43000 4864.48246  18.4%   130 2506s
 21231 16885 5404.22578   45  148 5960.43000 4865.26876  18.4%   131 2530s
 21448 17020 5266.76965   54   10 5960.43000 4865.45456  18.4%   130 2553s
 21629 17127 5672.34000   82    - 5960.43000 4866.27739  18.4%   130 2575s
 21765 17210 5672.99000   82    - 5960.43000 4866.67255  18.4%   131 2596s
 21872 17346 5699.88000   82    - 5960.43000 4867.58706  18.3%   131 2618s
 22040 17567 5701.12000   82    - 5960.43000 4868.20403  18.3%   131 2637s
 22257 17574 5450.10863   53   70 5960.43000 4868.81049  18.3%   131 2640s
 22308 17725 5701.77000   82    - 5960.43000 4869.12061  18.3%   131 2660s
 22503 17966 5401.07060   51   49 5960.43000 4869.61989  18.3%   131 2686s
 22814 18056 5907.17181   85   56 5960.43000 4870.14971  18.3%   130 2716s
 22903 18208 5136.07481   49  157 5960.43000 4871.26376  18.3%   130 2736s
 23134 18297 5640.46000   89    - 5960.43000 4872.27578  18.3%   130 2758s
 23257 18363 5691.37250   89   51 5960.43000 4872.52540  18.3%   130 2778s
 23351 18445     cutoff  109      5960.43000 4872.81047  18.2%   131 2799s
 23376 18447 5234.12331   53   77 5960.43000 4872.81047  18.2%   131 2800s
 23446 18500 5934.00000  109   10 5960.43000 4873.14323  18.2%   131 2821s
 23518 18593     cutoff  115      5960.43000 4874.43906  18.2%   131 2840s
 23631 18722     cutoff  114      5960.43000 4874.78501  18.2%   131 2860s
 23779 18846 5281.62298   55   57 5960.43000 4875.40301  18.2%   131 2881s
 23925 18929 5922.34000   86    - 5960.43000 4875.56880  18.2%   131 2901s
 24046 18992     cutoff   87      5960.43000 4876.87200  18.2%   132 2922s
 24123 19159     cutoff   86      5960.43000 4877.60832  18.2%   132 2944s
 24180 19160 5820.49124   85   50 5960.43000 4877.60832  18.2%   132 2945s
 24328 19290     cutoff  104      5960.43000 4878.10613  18.2%   132 2977s
 24493 19431     cutoff  107      5960.43000 4878.96154  18.1%   132 3000s
 24684 19512 4955.22808   25  316 5960.43000 4879.06188  18.1%   132 3022s
 24771 19560 5034.71291   33   91 5960.43000 4879.06188  18.1%   132 3044s
 24829 19654 5762.34665   48  140 5960.43000 4879.25627  18.1%   133 3067s
 24965 19770 5112.01401   38  178 5960.43000 4879.63921  18.1%   133 3090s
 25136 19879 infeasible  103      5960.43000 4879.78209  18.1%   133 3112s
 25262 19978 5442.40268   59  172 5960.43000 4880.49666  18.1%   133 3133s
 25392 20025 5642.81000   86    - 5960.43000 4880.62179  18.1%   133 3152s
 25452 20146 5732.57889   86   18 5960.43000 4881.63183  18.1%   134 3174s
 25515 20147 5311.58904   58   95 5960.43000 4881.63183  18.1%   134 3175s
 25661 20316 5771.94000   87   16 5960.43000 4882.06724  18.1%   134 3200s
 25877 20370 5903.88000   97    - 5960.43000 4882.22770  18.1%   133 3220s
 25940 20481 5931.58000   98    - 5960.43000 4882.74928  18.1%   134 3241s
 26080 20581     cutoff   98      5960.43000 4883.35923  18.1%   134 3263s
 26220 20752 5946.43000   97    - 5960.43000 4883.89061  18.1%   134 3289s
 26425 20769     cutoff   97      5960.43000 4884.32861  18.1%   134 3310s
 26444 20808 5340.17208   34  214 5960.43000 4884.36667  18.1%   135 3329s
*26472 16702             111    5702.4600000 4884.36667  14.3%   135 3329s
 26487 16702     cutoff  115      5702.46000 4884.36667  14.3%   135 3330s
 26510 16753     cutoff   56      5702.46000 4884.50957  14.3%   135 3351s
 26582 16825 5055.45314   30  193 5702.46000 4884.50957  14.3%   135 3372s
 26656 16917 5465.12108   75  207 5702.46000 4884.70398  14.3%   136 3394s
 26669 16917 5535.99992   88  108 5702.46000 4884.70398  14.3%   136 3395s
 26775 16967     cutoff  101      5702.46000 4884.74844  14.3%   136 3418s
 26868 17065 5284.77282   41   29 5702.46000 4885.06331  14.3%   136 3442s
 26983 17168 5440.64680   50   23 5702.46000 4885.29266  14.3%   137 3463s
 27110 17168 5660.25389   72   48 5702.46000 4885.44186  14.3%   137 3465s
 27134 17229 5352.17023   60   78 5702.46000 4885.67454  14.3%   137 3485s
 27224 17349 4985.89953   33  181 5702.46000 4886.16028  14.3%   137 3508s
 27373 17460 5504.20500   79   16 5702.46000 4886.30134  14.3%   137 3533s
H27435 17292                    5694.5000000 4886.30134  14.2%   137 3533s
 27528 17385 5594.23000   82    - 5694.50000 4886.86490  14.2%   137 3556s
 27654 17433 5598.57000   82    - 5694.50000 4887.81795  14.2%   137 3578s
 27713 17484 5209.84100   29  330 5694.50000 4888.00389  14.2%   138 3600s

Cutting planes:
  User: 5590
  Gomory: 38
  Cover: 328
  Implied bound: 60
  Clique: 25
  MIR: 144
  StrongCG: 6
  Flow cover: 440
  Zero half: 40
  Network: 1
  RLT: 265
  Relax-and-lift: 7
  Lazy constraints: 8754

Explored 27798 nodes (3842684 simplex iterations) in 3600.88 seconds
Thread count was 2 (of 32 available processors)

Solution count 4: 5694.5 5702.46 5960.43 6178.43 

Time limit reached
Best objective 5.694500000000e+03, best bound 4.888003888545e+03, gap 14.1627%

User-callback calls 348115, time in user-callback 166.77 sec
================================================================================
executing instance: ./input/Instances/Original/5/absH3low_4n25.dat
--------------------------------------------------------------------------------
Instance details
n	26
H	3
C	2029
Li:
[0, 0, 0, 0, 0, 0, 0, 0, 0, 0, 0, 0, 0, 0, 0, 0, 0, 0, 0, 0, 0, 0, 0, 0, 0, 0, ]
Ui:
[0, 34, 165, 76, 88, 188, 58, 279, 52, 132, 198, 142, 135, 165, 186, 58, 201, 196, 40, 183, 32, 90, 168, 126, 93, 146, ]
Distance matrix:
|0	299	188	235	91	202	152	147	162	277	268	132	71	162	220	69	220	289	241	124	265	80	162	132	66	302	|
|299	0	468	431	282	142	317	425	443	569	193	178	359	302	422	231	93	28	511	325	457	242	434	215	240	601	|
|188	468	0	153	265	342	308	43	192	106	455	290	117	206	142	246	379	464	252	274	360	267	211	319	231	184	|
|235	431	153	0	326	289	386	145	321	240	482	269	184	129	15	258	339	436	393	355	477	305	336	354	237	334	|
|91	282	265	326	0	228	66	228	166	339	196	157	154	242	311	99	225	264	229	50	201	47	153	71	115	340	|
|202	142	342	289	228	0	285	301	363	447	255	73	245	161	281	139	53	151	440	278	428	181	360	187	136	495	|
|152	317	308	386	66	285	0	275	167	368	188	217	207	308	371	163	274	295	210	34	145	108	148	104	181	350	|
|147	425	43	145	228	301	275	0	179	146	415	248	76	172	131	203	337	421	248	242	341	227	195	279	188	211	|
|162	443	192	321	166	363	167	179	0	216	352	291	152	302	307	225	375	428	81	138	170	201	22	237	227	183	|
|277	569	106	240	339	447	368	146	216	0	535	391	210	312	232	341	481	562	245	335	381	352	238	402	329	106	|
|268	193	455	482	196	255	188	415	352	535	0	225	339	367	469	224	212	165	398	214	302	188	335	136	245	533	|
|132	178	290	269	157	73	217	248	291	391	225	0	183	145	258	66	91	175	367	207	358	110	287	127	67	431	|
|71	359	117	184	154	245	207	76	152	210	339	183	0	152	169	131	274	352	232	174	294	151	161	203	119	251	|
|162	302	206	129	242	161	308	172	302	312	367	145	152	0	120	153	210	308	383	284	426	208	309	249	132	383	|
|220	422	142	15	311	281	371	131	307	232	469	258	169	120	0	245	330	427	379	340	461	291	321	340	224	324	|
|69	231	246	258	99	139	163	203	225	341	224	66	131	153	245	0	152	222	301	147	299	57	221	97	22	371	|
|220	93	379	339	225	53	274	337	375	481	212	91	274	210	330	152	0	99	448	273	419	180	369	171	157	521	|
|289	28	464	436	264	151	295	421	428	562	165	175	352	308	427	222	99	0	493	305	434	227	418	196	234	590	|
|241	511	252	393	229	440	210	248	81	245	398	367	232	383	379	301	448	493	0	190	147	270	80	298	305	175	|
|124	325	274	355	50	278	34	242	138	335	214	207	174	284	340	147	273	305	190	0	152	97	122	110	162	320	|
|265	457	360	477	201	428	145	341	170	381	302	358	294	426	461	299	419	434	147	152	0	248	150	249	312	322	|
|80	242	267	305	47	181	108	227	201	352	188	110	151	208	291	57	180	227	270	97	248	0	192	52	76	366	|
|162	434	211	336	153	360	148	195	22	238	335	287	161	309	321	221	369	418	80	122	150	192	0	224	225	203	|
|132	215	319	354	71	187	104	279	237	402	136	127	203	249	340	97	171	196	298	110	249	52	224	0	118	409	|
|66	240	231	237	115	136	181	188	227	329	245	67	119	132	224	22	157	234	305	162	312	76	225	118	0	364	|
|302	601	184	334	340	495	350	211	183	106	533	431	251	383	324	371	521	590	175	320	322	366	203	409	364	0	|

--------------------------------------------------------------------------------
Building model...
	using lazy and cut (CVRPSEP package)
Solving IRP LP...
--------------------------------------------------------------------------------

Gurobi 9.1.0 (linux64) logging started Sun Jan 10 03:25:43 2021

