




arguments: ./build/mirp_solver -f ./input/orig_exec_43.cfg
Current dir: /scratch/gui/bnc_mirp
File verbosity level: 9
date       time         ( uptime  ) [ thread name/id ]                   file:line     v| 
2021-01-09 03:42:17.526 (   0.225s) [main thread     ]             loguru.cpp:789   INFO| Logging to './output/vi_hc1_half/OU/V2/Original/execution_09_01_2021_03_42_17.log', mode: 'a', verbosity: 9
--------------------------------------------------------------------------------
Parameters
                           instance_path           ./input/Instances/Original/2/
                            model_policy                                       1
                             nb_vehicles                                       2
                              output_dir    ./output/vi_hc1_half/OU/V2/Original/
                            sec_strategy                                       1
                       solver_nb_threads                                       2
                         solver_show_log                                    true
                       solver_time_limit                                    3600
                              use_vi_cos                                   false
                              use_vi_cus                                   false
                         use_vi_hc1_full                                   false
                         use_vi_hc1_half                                    true
                      use_vi_hc1_quarter                                   false
                              use_vi_hc2                                   false
                              use_vi_hc3                                   false
                         use_vi_lex_full                                   false
                         use_vi_lex_half                                   false
                      use_vi_lex_quarter                                   false
                              use_vi_qua                                   false
                               use_vi_vc                                   false
                               use_vi_vr                                   false
--------------------------------------------------------------------------------
executing instance: ./input/Instances/Original/2/absH3high_3n40.dat
--------------------------------------------------------------------------------
Instance details
n	41
H	3
C	3283
Li:
[0, 0, 0, 0, 0, 0, 0, 0, 0, 0, 0, 0, 0, 0, 0, 0, 0, 0, 0, 0, 0, 0, 0, 0, 0, 0, 0, 0, 0, 0, 0, 0, 0, 0, 0, 0, 0, 0, 0, 0, 0, ]
Ui:
[0, 63, 111, 99, 96, 111, 282, 122, 156, 261, 42, 192, 126, 42, 162, 207, 159, 122, 102, 190, 118, 102, 132, 102, 165, 252, 66, 52, 22, 114, 210, 176, 116, 294, 78, 152, 210, 45, 130, 198, 174, ]
Distance matrix:
|0	208	225	252	227	143	258	127	267	150	28	83	163	286	57	149	201	137	214	255	70	73	107	186	328	266	249	343	222	177	293	144	262	215	167	120	169	218	143	173	255	|
|208	0	397	355	416	198	216	99	211	275	193	172	97	166	240	225	362	109	277	314	182	216	273	374	298	208	319	161	14	103	93	120	58	196	152	156	372	227	260	218	453	|
|225	397	0	427	53	364	482	343	492	129	253	225	382	386	171	188	39	291	187	195	295	182	282	55	326	491	180	551	408	315	457	366	455	275	392	244	221	439	341	214	101	|
|252	355	427	0	401	158	201	263	219	396	234	328	259	498	299	400	420	354	465	506	205	324	152	374	574	219	499	393	366	389	446	235	378	456	205	359	224	150	111	423	400	|
|227	416	53	401	0	357	477	352	489	165	253	245	389	424	179	223	85	315	234	245	293	200	264	42	375	488	231	565	428	344	484	370	474	314	392	270	184	430	325	252	50	|
|143	198	364	158	357	0	121	105	134	290	116	196	103	342	200	276	343	205	343	385	74	210	112	319	432	133	382	265	209	237	290	78	226	313	57	220	232	75	69	292	375	|
|258	216	482	201	477	121	0	168	18	397	230	293	135	381	314	372	459	275	437	480	188	317	228	439	501	18	479	197	222	296	290	132	212	386	95	306	347	58	173	381	496	|
|127	99	343	263	352	105	168	0	171	239	105	130	40	237	173	206	313	109	270	312	84	164	175	310	337	169	313	216	112	135	192	37	142	220	77	138	280	155	162	213	382	|
|267	211	492	219	489	134	18	171	0	404	240	298	136	376	323	376	468	276	441	483	198	324	243	450	500	2	483	181	215	294	281	136	202	386	102	309	363	75	189	384	509	|
|150	275	129	396	165	290	397	239	404	0	175	110	279	259	97	59	91	166	84	116	217	80	245	130	226	402	106	434	286	187	329	269	333	149	302	119	244	364	291	87	213	|
|28	193	253	234	253	116	230	105	240	175	0	94	139	286	84	167	229	136	234	275	43	96	98	212	341	238	271	320	206	175	281	118	244	225	140	128	180	191	124	189	280	|
|83	172	225	328	245	196	293	130	298	110	94	0	169	209	77	80	191	71	147	189	127	45	189	203	247	296	187	327	184	106	241	162	230	132	198	38	242	266	217	96	285	|
|163	97	382	259	389	103	135	40	136	279	139	169	0	253	212	244	353	141	307	349	110	203	194	347	366	133	350	183	107	161	187	27	124	251	56	175	306	133	169	249	418	|
|286	166	386	498	424	342	381	237	376	259	286	209	253	0	284	201	347	151	210	230	299	247	383	387	155	374	242	290	162	112	129	270	192	113	308	172	451	386	391	172	471	|
|57	240	171	299	179	200	314	173	323	97	84	77	212	284	0	112	145	147	170	208	127	38	148	137	299	321	201	386	253	183	315	195	297	195	222	112	171	275	195	142	214	|
|149	225	188	400	223	276	372	206	376	59	167	80	244	201	112	0	149	117	67	110	205	78	254	186	187	374	108	387	235	132	272	240	283	93	277	71	279	346	291	32	270	|
|201	362	39	420	85	343	459	313	468	91	229	191	353	347	145	149	0	254	149	160	272	150	271	66	290	466	146	518	373	278	419	339	420	235	367	207	227	418	327	175	135	|
|137	109	291	354	315	205	275	109	276	166	136	71	141	151	147	117	254	0	172	212	151	116	232	273	229	274	215	270	119	39	170	145	167	111	186	47	305	263	245	113	356	|
|214	277	187	465	234	343	437	270	441	84	234	147	307	210	170	67	149	172	0	42	272	141	317	205	144	439	43	437	284	175	307	305	331	99	343	132	327	413	357	60	283	|
|255	314	195	506	245	385	480	312	483	116	275	189	349	230	208	110	160	212	42	0	314	182	356	222	132	481	15	474	321	212	337	347	367	126	385	174	358	455	398	100	295	|
|70	182	295	205	293	74	188	84	198	217	43	127	110	299	127	205	272	151	272	314	0	137	91	253	370	196	310	292	195	188	274	85	226	252	99	155	197	148	94	223	316	|
|73	216	182	324	200	210	317	164	324	80	96	45	203	247	38	78	150	116	141	182	137	0	176	158	263	323	176	369	229	150	286	191	274	157	223	77	208	284	216	106	239	|
|107	273	282	152	264	112	228	175	243	245	98	189	194	383	148	254	271	232	317	356	91	176	0	231	435	242	349	371	286	271	365	167	315	321	164	224	120	174	61	280	274	|
|186	374	55	374	42	319	439	310	450	130	212	203	347	387	137	186	66	273	205	222	253	158	231	0	348	448	208	523	386	303	442	329	431	279	352	229	167	392	291	217	85	|
|328	298	326	574	375	432	501	337	500	226	341	247	366	155	299	187	290	229	144	132	370	263	435	348	0	498	147	441	299	206	283	374	338	119	414	215	465	492	463	157	425	|
|266	208	491	219	488	133	18	169	2	402	238	296	133	374	321	374	466	274	439	481	196	323	242	448	498	0	481	180	213	292	278	134	200	384	100	307	362	75	188	381	508	|
|249	319	180	499	231	382	479	313	483	106	271	187	350	242	201	108	146	215	43	15	310	176	349	208	147	481	0	480	326	217	346	347	373	135	385	175	347	454	392	103	280	|
|343	161	551	393	565	265	197	216	181	434	320	327	183	290	386	387	518	270	437	474	292	369	371	523	441	180	480	0	153	263	163	207	107	352	208	317	487	244	334	379	598	|
|222	14	408	366	428	209	222	112	215	286	206	184	107	162	253	235	373	119	284	321	195	229	286	386	299	213	326	153	0	109	81	132	48	201	162	167	386	236	272	226	466	|
|177	103	315	389	344	237	296	135	294	187	175	106	161	112	183	132	278	39	175	212	188	150	271	303	206	292	217	263	109	0	142	171	156	95	211	74	344	289	281	118	386	|
|293	93	457	446	484	290	290	192	281	329	281	241	187	129	315	272	419	170	307	337	274	286	365	442	283	278	346	163	81	142	0	212	79	211	241	214	461	311	353	254	525	|
|144	120	366	235	370	78	132	37	136	269	118	162	27	270	195	240	339	145	305	347	85	191	167	329	374	134	347	207	132	171	212	0	151	257	40	174	280	119	142	248	398	|
|262	58	455	378	474	226	212	142	202	333	244	230	124	192	297	283	420	167	331	367	226	274	315	431	338	200	373	107	48	156	79	151	0	245	173	214	421	237	293	273	510	|
|215	196	275	456	314	313	386	220	386	149	225	132	251	113	195	93	235	111	99	126	252	157	321	279	119	384	135	352	201	95	211	257	245	0	297	97	365	374	345	62	362	|
|167	152	392	205	392	57	95	77	102	302	140	198	56	308	222	277	367	186	343	385	99	223	164	352	414	100	385	208	162	211	241	40	173	297	0	213	283	79	126	287	415	|
|120	156	244	359	270	220	306	138	309	119	128	38	175	172	112	71	207	47	132	174	155	77	224	229	215	307	175	317	167	74	214	174	214	97	213	0	280	286	248	75	313	|
|169	372	221	224	184	232	347	280	363	244	180	242	306	451	171	279	227	305	327	358	197	208	120	167	465	362	347	487	386	344	461	280	421	365	283	280	0	291	175	310	176	|
|218	227	439	150	430	75	58	155	75	364	191	266	133	386	275	346	418	263	413	455	148	284	174	392	492	75	454	244	236	289	311	119	237	374	79	286	291	0	116	359	445	|
|143	260	341	111	325	69	173	162	189	291	124	217	169	391	195	291	327	245	357	398	94	216	61	291	463	188	392	334	272	281	353	142	293	345	126	248	175	116	0	313	335	|
|173	218	214	423	252	292	381	213	384	87	189	96	249	172	142	32	175	113	60	100	223	106	280	217	157	381	103	379	226	118	254	248	273	62	287	75	310	359	313	0	300	|
|255	453	101	400	50	375	496	382	509	213	280	285	418	471	214	270	135	356	283	295	316	239	274	85	425	508	280	598	466	386	525	398	510	362	415	313	176	445	335	300	0	|

--------------------------------------------------------------------------------
Building model...
	using lazy and cut (CVRPSEP package)
Solving IRP LP...
--------------------------------------------------------------------------------

Gurobi 9.1.0 (linux64) logging started Sat Jan  9 03:42:18 2021

Gurobi Optimizer version 9.1.0 build v9.1.0rc0 (linux64)
Thread count: 32 physical cores, 32 logical processors, using up to 2 threads
Optimize a model with 956 rows, 5570 columns and 13352 nonzeros
Model fingerprint: 0x7fff2f78
Variable types: 404 continuous, 5166 integer (246 binary)
Coefficient statistics:
  Matrix range     [1e+00, 2e+03]
  Objective range  [1e-01, 6e+02]
  Bounds range     [1e+00, 3e+02]
  RHS range        [1e+01, 6e+03]
Presolve removed 294 rows and 288 columns
Presolve time: 0.09s
Presolved: 662 rows, 5282 columns, 12166 nonzeros
Variable types: 239 continuous, 5043 integer (4806 binary)

Root relaxation: objective 1.221742e+04, 567 iterations, 0.01 seconds

    Nodes    |    Current Node    |     Objective Bounds      |     Work
 Expl Unexpl |  Obj  Depth IntInf | Incumbent    BestBd   Gap | It/Node Time

     0     0 12217.4220    0  100          - 12217.4220      -     -    0s
     0     0 12714.7335    0  114          - 12714.7335      -     -    0s
     0     0 12715.2902    0  108          - 12715.2902      -     -    0s
     0     0 12715.2902    0  109          - 12715.2902      -     -    0s
     0     0 13416.9165    0  186          - 13416.9165      -     -    0s
     0     0 13425.8684    0  187          - 13425.8684      -     -    0s
     0     0 13431.2703    0  162          - 13431.2703      -     -    0s
     0     0 13432.3522    0  148          - 13432.3522      -     -    0s
     0     0 13586.0028    0  166          - 13586.0028      -     -    1s
     0     0 13622.3534    0  217          - 13622.3534      -     -    1s
     0     0 13636.7238    0  156          - 13636.7238      -     -    1s
     0     0 13642.8808    0  241          - 13642.8808      -     -    1s
     0     0 13648.2500    0  232          - 13648.2500      -     -    1s
     0     0 13648.8534    0  260          - 13648.8534      -     -    1s
     0     0 13686.8637    0  305          - 13686.8637      -     -    1s
     0     0 13694.2243    0  323          - 13694.2243      -     -    1s
     0     0 13695.8634    0  323          - 13695.8634      -     -    1s
     0     0 13711.8465    0  303          - 13711.8465      -     -    1s
     0     0 13711.8465    0  303          - 13711.8465      -     -    1s
     0     2 13712.1013    0  287          - 13712.1013      -     -    2s
   111   118 13910.2346   27  205          - 13736.5779      -   135    5s
*  353   334             162    16958.800000 13736.5779  19.0%  70.2    8s
*  354   334             162    16956.500000 13736.5779  19.0%  70.0    8s
*  362   334             161    16940.400000 13736.5779  18.9%  68.7    8s
*  363   334             161    16938.100000 13736.5779  18.9%  68.5    8s
   399   376 14397.7229   64  169 16938.1000 13736.5779  18.9%  76.0   10s
H  452   415                    16556.750000 13736.5779  17.0%  79.3   11s
   519   498 15383.9743  127  124 16556.7500 13736.5779  17.0%  80.6   15s
   754   697 14238.4604   45  303 16556.7500 13767.2465  16.8%  75.7   20s
H  755   663                    16532.970000 13767.2465  16.7%  75.6   20s
H  770   639                    16426.440000 13824.0332  15.8%  74.1   24s
   773   641 15221.7976  111  379 16426.4400 13824.4334  15.8%  73.8   25s
   780   648 13835.0893   11  360 16426.4400 13834.4277  15.8%  79.8   30s
   819   677 13890.0665   20  306 16426.4400 13883.1235  15.5%  91.4   35s
   881   721 14080.8032   35  269 16426.4400 13883.1235  15.5%   106   40s
   965   788 14434.0035   56  190 16426.4400 13883.1235  15.5%   116   45s
  1071   842 14617.2171   87  147 16426.4400 13883.1235  15.5%   119   50s
  1183   961 14611.5900  103  167 16426.4400 13883.1235  15.5%   119   55s
  1371  1084 14803.6144  145   90 16426.4400 13883.1235  15.5%   114   61s
* 1500  1004             189    15031.650000 13883.1235  7.64%   109   63s
* 1501   963             189    15021.760000 13883.1235  7.58%   109   63s
  1574   853 13953.4712   15  356 15021.7600 13885.3796  7.56%   108   65s
  1614   900 14210.9057   23  157 15021.7600 13885.3796  7.56%   112   70s
  1718   971 14535.1157   37   89 15021.7600 13885.3796  7.56%   114   76s
  1800   983 14084.3404   17  142 15021.7600 13885.3796  7.56%   116   80s
  1830  1005 14703.3583   64  154 15021.7600 13885.3796  7.56%   117   86s
  1894  1068 14903.3106   89   21 15021.7600 13885.3796  7.56%   116   90s
  2099  1211 14317.4765   15  189 15021.7600 13886.5789  7.56%   110   97s
  2263  1240 14513.5400   31    - 15021.7600 13886.5789  7.56%   106  101s
  2410  1307 14777.3184  157   41 15021.7600 13886.5789  7.56%   103  105s
  2563  1399 14225.6622   33  214 15021.7600 13888.8128  7.54%   101  111s
  2688  1493 14954.1482  116   47 15021.7600 13888.9237  7.54%   101  115s
  2782  1644 14291.8273   30  224 15021.7600 13888.9237  7.54%   102  120s
  2916  1724 14412.1311   53  197 15021.7600 13888.9237  7.54%   102  125s
  3114  1986 14691.7380  131   39 15021.7600 13914.0245  7.37%  99.2  132s
  3264  2022 14007.7567   23  323 15021.7600 13914.0245  7.37%  97.0  135s
  3373  2120 14752.5594   60   70 15021.7600 13921.0881  7.33%  98.6  141s
  3421  2224 14137.0292   21  276 15021.7600 13921.1461  7.33%  99.4  145s
  3608  2330 14077.2801   15  283 15021.7600 13934.5635  7.24%  98.5  151s
  3663  2469 14330.7148   32  277 15021.7600 13940.5163  7.20%  99.4  155s
  3874  2603 14597.5094   35  160 15021.7600 13940.9917  7.19%  98.7  164s
  3912  2603 infeasible  122      15021.7600 13945.7146  7.16%  99.0  165s
H 3980  2668                    15019.760000 13945.7146  7.15%  98.5  168s
  4060  2769 14463.5384   43  188 15019.7600 13945.7146  7.15%  98.6  173s
  4161  2831 14881.5306  106  116 15019.7600 13948.5829  7.13%  98.5  177s
H 4255  2836                    14986.760000 13948.5946  6.93%  98.5  181s
  4310  2952 14941.0599   69  168 14986.7600 13949.9787  6.92%   100  185s
  4465  3078 14411.8301   76   91 14986.7600 13953.5656  6.89%  98.6  190s
  4606  3220 14525.9880   60  108 14986.7600 13956.1326  6.88%  97.9  196s
  4786  3363 14213.9346   33   83 14986.7600 13957.7438  6.87%  96.8  202s
  4928  3560 14389.0933   93   48 14986.7600 13961.0736  6.84%  96.7  208s
  5165  3636 14860.7188  103    4 14986.7600 13965.6531  6.81%  93.9  214s
  5273  3683 14921.0245  108   12 14986.7600 13965.6761  6.81%  94.5  219s
  5309  3683     cutoff   75      14986.7600 13965.9992  6.81%  95.1  220s
  5331  3773 14188.8789   29  141 14986.7600 13965.9992  6.81%  95.9  225s
  5421  3978 14311.5423   59   33 14986.7600 13966.0964  6.81%  96.9  233s
  5648  3987 14748.1000   77    - 14986.7600 13966.1863  6.81%  95.3  235s
  5772  4110 14147.5047   26  253 14986.7600 13966.5090  6.81%  93.9  240s
  5903  4149 14183.4666   20  311 14986.7600 13969.6900  6.79%  94.1  247s
  5953  4252 14683.8600   36  241 14986.7600 13978.9712  6.72%  94.8  253s
  6082  4328 14338.8696   34  327 14986.7600 13982.1508  6.70%  95.4  259s
  6194  4413 14130.0474   25  312 14986.7600 13983.0833  6.70%  96.1  265s
  6303  4488 14027.5129   18  383 14986.7600 13983.7363  6.69%  96.7  272s
  6379  4576 14634.9987   49  195 14986.7600 13986.2606  6.68%  98.0  278s
  6499  4690 14465.2728   22  170 14986.7600 13989.6154  6.65%  98.6  284s
  6537  4690 14859.8588   40  117 14986.7600 13989.6154  6.65%  98.7  285s
  6666  4852 14299.3586   33  185 14986.7600 13989.9491  6.65%  98.6  291s
H 6760  4851                    14985.760000 13989.9491  6.65%  98.4  292s
  6850  4916 14500.7048   33  260 14985.7600 13991.0864  6.64%  98.3  316s
H 6894  4850                    14967.760000 13992.8133  6.51%  98.5  316s
  6931  4978 14232.5898   23  310 14967.7600 13992.8133  6.51%  99.0  322s
  7082  5211 14656.1089   54   16 14967.7600 13997.3434  6.48%  98.6  329s
  7115  5211 14710.1298   87   48 14967.7600 13997.3434  6.48%  98.5  330s
  7349  5308 14532.5736   43   52 14967.7600 14004.5264  6.44%  97.4  338s
  7462  5430     cutoff   79      14967.7600 14004.8971  6.43%  98.3  346s
  7614  5572 14393.1212   20  203 14967.7600 14006.3932  6.42%  98.8  354s
  7718  5572 14561.2589   55  147 14967.7600 14007.9264  6.41%  99.4  355s
  7783  5673 14563.8955   28  175 14967.7600 14009.3516  6.40%  99.0  362s
  7904  5764 14569.3942   38  251 14967.7600 14011.1491  6.39%   100  369s
  7941  5764 14154.4063   20  319 14967.7600 14011.3327  6.39%   101  370s
  8022  5813 14150.4196   25  338 14967.7600 14011.3327  6.39%   101  378s
  8071  5948 14240.2353   39  108 14967.7600 14011.3327  6.39%   102  386s
  8220  6137 14335.0733   73   55 14967.7600 14012.2181  6.38%   103  395s
  8539  6240 14239.0449   17  310 14967.7600 14013.8769  6.37%   101  403s
  8665  6367 14524.8346   29  310 14967.7600 14016.3856  6.36%   102  411s
  8823  6469 14957.1779   55   54 14967.7600 14017.6086  6.35%   102  420s
  8970  6527     cutoff   86      14967.7600 14018.0562  6.34%   103  429s
  9037  6657 14284.6466   22  343 14967.7600 14022.1882  6.32%   104  437s
  9187  6721     cutoff   69      14967.7600 14022.6830  6.31%   104  445s
  9284  6815     cutoff   58      14967.7600 14025.1468  6.30%   105  454s
  9392  6902 14695.8960   48   37 14967.7600 14025.6822  6.29%   106  463s
  9506  6992 14316.6478   32  170 14967.7600 14027.3358  6.28%   106  471s
  9603  7194 14547.4314   59  115 14967.7600 14028.6297  6.27%   107  482s
  9849  7338 14881.1600   84    - 14967.7600 14030.5296  6.26%   107  491s
 10020  7434 14891.4800   84    2 14967.7600 14034.4205  6.24%   107  501s
*10021  6968              85    14903.160000 14034.4205  5.83%   107  501s
 10129  7177 14362.4962   20  192 14903.1600 14034.5924  5.83%   108  510s
*10367  6332             101    14784.560000 14034.9773  5.07%   107  520s
*10371  5832             105    14741.470000 14034.9773  4.79%   107  520s
 10625  5879     cutoff   49      14741.4700 14036.5239  4.78%   107  529s
H10626  2154                    14414.140000 14036.5239  2.62%   107  529s
 10728  2188     cutoff   40      14414.1400 14038.7513  2.60%   107  537s
 10840  2247 14192.2830   26  314 14414.1400 14039.6442  2.60%   108  545s
 10939  2313 14337.4876   36   89 14414.1400 14041.2510  2.59%   109  554s
 11058  2356 14257.1624   18  316 14414.1400 14043.8269  2.57%   110  562s
 11158  2372 14380.7723   30  153 14414.1400 14046.3154  2.55%   111  570s
 11247  2476 14104.4015   25  278 14414.1400 14051.3969  2.52%   112  578s
 11300  2476 14280.9568   42  127 14414.1400 14051.3969  2.52%   112  582s
 11387  2504 14245.4152   19  364 14414.1400 14052.1128  2.51%   112  590s
 11484  2553 14258.2982   33  223 14414.1400 14052.8214  2.51%   113  599s
 11575  2599 14183.2922   25  323 14414.1400 14056.1454  2.48%   114  607s
 11667  2644 14384.3205   32  181 14414.1400 14058.7912  2.47%   115  616s
 11766  2671 14230.7700   27  279 14414.1400 14062.4656  2.44%   116  625s
 11867  2710 14237.4132   31  303 14414.1400 14063.7333  2.43%   116  634s
 11948  2760 14306.0063   29  235 14414.1400 14065.9008  2.42%   117  642s
 12056  2788     cutoff   31      14414.1400 14067.2007  2.41%   118  653s
 12142  2811 14397.9212   31  305 14414.1400 14070.5852  2.38%   119  662s
 12249  2841 14220.7551   28  362 14414.1400 14071.4273  2.38%   120  671s
 12315  2912     cutoff   36      14414.1400 14074.3721  2.36%   121  680s
 12452  3019 14248.8665   19  242 14414.1400 14075.9407  2.35%   121  690s
 12641  3075 14299.0417   19  183 14414.1400 14079.1166  2.32%   121  700s
 12775  3115     cutoff   45      14414.1400 14080.8626  2.31%   122  710s
 12869  3174 14367.1639   30  325 14414.1400 14081.6819  2.31%   123  720s
 12981  3236 14322.9086   31  334 14414.1400 14083.0238  2.30%   124  729s
 13121  3283 14351.0047   31  325 14414.1400 14085.2250  2.28%   124  739s
 13249  3340 14318.8377   26  288 14414.1400 14087.4384  2.27%   125  749s
 13386  3386     cutoff   30      14414.1400 14092.0284  2.23%   126  758s
 13500  3483 14382.2637   41  250 14414.1400 14093.9581  2.22%   126  768s
 13650  3527 14258.3090   33   93 14414.1400 14095.8389  2.21%   127  778s
 13767  3642 14284.7357   27  297 14414.1400 14097.3533  2.20%   127  789s
 13944  3720 14273.7866   23  276 14414.1400 14098.2764  2.19%   127  800s
 14095  3783     cutoff   33      14414.1400 14098.7065  2.19%   128  809s
 14160  3783 14281.8378   28  180 14414.1400 14101.2695  2.17%   128  810s
 14235  3833 14206.8578   27  251 14414.1400 14101.3049  2.17%   128  820s
 14311  3877 14328.4201   29  248 14414.1400 14101.7049  2.17%   129  830s
 14415  3954 14361.9658   43  224 14414.1400 14103.5423  2.15%   130  840s
 14563  4087 14368.6857   40  199 14414.1400 14105.4579  2.14%   130  850s
 14760  4147 14400.5159   32  106 14414.1400 14106.6823  2.13%   130  861s
 14897  4185 14275.8698   27  275 14414.1400 14109.2731  2.12%   131  871s
 14998  4273 14254.1645   31  236 14414.1400 14110.2279  2.11%   132  881s
 15172  4362 14189.4133   20  191 14414.1400 14111.4082  2.10%   132  893s
 15324  4433 14326.5077   25  287 14414.1400 14113.0100  2.09%   133  904s
 15434  4433 14286.1783   50   82 14414.1400 14114.6919  2.08%   133  905s
 15498  4504 14318.5879   29  125 14414.1400 14115.1385  2.07%   133  915s
 15660  4576 14403.6272   31  341 14414.1400 14116.3460  2.07%   133  927s
 15791  4669 14411.1738   30  238 14414.1400 14117.2771  2.06%   134  937s
 15980  4716 14398.7027   30  135 14414.1400 14119.2224  2.05%   134  948s
 16106  4779     cutoff   50      14414.1400 14119.8620  2.04%   135  959s
 16249  4883     cutoff   50      14414.1400 14121.2358  2.03%   135  970s
 16450  4958 14291.7644   31  346 14414.1400 14121.9835  2.03%   136  982s
 16604  5043 14240.7636   23  352 14414.1400 14122.9923  2.02%   136  993s
 16701  5044 14390.3009   38  154 14414.1400 14124.4160  2.01%   136  995s
 16782  5128 14382.7000   59    - 14414.1400 14124.5063  2.01%   136 1006s
 16935  5186     cutoff   59      14414.1400 14125.1674  2.00%   137 1019s
 16998  5186 14386.3596   55  115 14414.1400 14125.1674  2.00%   137 1020s
 17078  5275 14405.1021   32  177 14414.1400 14127.4823  1.99%   137 1031s
 17265  5332 14175.3158   30  199 14414.1400 14128.1210  1.98%   137 1042s
 17411  5381     cutoff   34      14414.1400 14128.4484  1.98%   138 1054s
 17525  5430 14225.6293   29  342 14414.1400 14130.1317  1.97%   138 1065s
 17609  5430 14405.6801   39  342 14414.1400 14130.9321  1.96%   139 1070s
 17661  5486 14196.5241   18  353 14414.1400 14131.1074  1.96%   139 1081s
 17790  5547 14249.6746   27  263 14414.1400 14132.5193  1.95%   139 1092s
 17927  5641 14246.2208   26  321 14414.1400 14133.3927  1.95%   140 1104s
 18097  5711 14278.6858   35  340 14414.1400 14134.3947  1.94%   140 1115s
 18264  5768 14260.2972   24  183 14414.1400 14136.3446  1.93%   140 1128s
 18415  5837 14277.3784   31  122 14414.1400 14137.9131  1.92%   141 1141s
 18581  5860 14348.6393   25  315 14414.1400 14138.6007  1.91%   141 1156s
 18717  5925 14173.4665   17  373 14414.1400 14138.8285  1.91%   142 1169s
 18859  6037     cutoff   35      14414.1400 14139.3195  1.91%   142 1182s
 19075  6212 14300.9068   27  198 14414.1400 14140.9079  1.90%   142 1195s
 19365  6269     cutoff   62      14414.1400 14141.6886  1.89%   142 1207s
 19558  6388 14254.4297   39  297 14414.1400 14143.1766  1.88%   142 1221s
 19746  6460     cutoff   43      14414.1400 14143.9742  1.87%   142 1233s
 19949  6553 14293.1139   28  151 14414.1400 14145.3611  1.86%   142 1244s
 20159  6648 14281.2225   24  286 14414.1400 14146.8634  1.85%   142 1255s
 20339  6722 14243.9666   37  150 14414.1400 14148.1693  1.85%   142 1268s
 20507  6807 14245.5369   29  245 14414.1400 14149.2298  1.84%   142 1280s
 20719  6885 14311.4280   20  217 14414.1400 14150.0843  1.83%   142 1291s
 20877  6934 14210.0637   23  302 14414.1400 14151.3524  1.82%   143 1302s
 21048  7002 14302.3467   29  162 14414.1400 14152.4576  1.82%   143 1314s
 21209  7107     cutoff   28      14414.1400 14153.4216  1.81%   143 1326s
 21453  7234 14272.2635   31  277 14414.1400 14154.1752  1.80%   143 1337s
 21662  7372 14329.8491   27  286 14414.1400 14154.6657  1.80%   143 1349s
 21883  7419     cutoff   25      14414.1400 14155.4259  1.79%   143 1361s
 22054  7517 14404.8882   32  201 14414.1400 14156.5077  1.79%   143 1373s
 22282  7577 14333.9005   38  193 14414.1400 14157.6318  1.78%   143 1385s
 22458  7693     cutoff   27      14414.1400 14158.5063  1.77%   143 1396s
 22681  7800 14372.8730   28  234 14414.1400 14159.6288  1.77%   143 1408s
 22910  7888 14309.5852   24  316 14414.1400 14160.2075  1.76%   143 1420s
 23105  7980 14228.9336   25  160 14414.1400 14161.2783  1.75%   143 1431s
 23279  8041 14282.8017   35  222 14414.1400 14162.2186  1.75%   143 1449s
 23349  8041 14378.5341   30  169 14414.1400 14162.7466  1.74%   143 1450s
 23392  8088 14397.1117   28  280 14414.1400 14162.7760  1.74%   144 1466s
 23533  8158 14286.4800   19  320 14414.1400 14163.4457  1.74%   144 1477s
 23704  8231 14218.3181   22  166 14414.1400 14163.8817  1.74%   144 1489s
 23865  8344     cutoff   30      14414.1400 14164.8259  1.73%   144 1502s
 24091  8440 14249.3259   23  201 14414.1400 14165.6209  1.72%   144 1514s
 24184  8440 14277.8980   33  282 14414.1400 14166.5191  1.72%   144 1515s
 24273  8519 14410.6700   32   12 14414.1400 14166.6761  1.72%   144 1527s
 24440  8554 14241.5633   26  314 14414.1400 14167.2646  1.71%   144 1538s
 24556  8663 14378.1313   28   90 14414.1400 14168.1672  1.71%   145 1551s
 24755  8730 14412.4884   34  115 14414.1400 14169.0171  1.70%   145 1564s
 24820  8730 14399.3342   27  145 14414.1400 14169.0171  1.70%   145 1565s
 24960  8829 14271.8873   32  100 14414.1400 14169.3020  1.70%   145 1576s
 25152  8921     cutoff   33      14414.1400 14169.6943  1.70%   145 1588s
 25378  9006 14213.7605   32  100 14414.1400 14170.7834  1.69%   145 1601s
 25596  9089 14338.9335   29  282 14414.1400 14171.0618  1.69%   145 1613s
 25795  9137     cutoff   53      14414.1400 14171.6151  1.68%   145 1644s
 25976  9202 14378.7816   23  319 14414.1400 14172.5767  1.68%   145 1662s
 26149  9301     cutoff   50      14414.1400 14173.3577  1.67%   145 1675s
 26396  9380 14375.1073   46   64 14414.1400 14174.0744  1.67%   145 1688s
 26573  9449     cutoff   35      14414.1400 14174.3886  1.66%   145 1700s
 26734  9507 14377.6397   37  128 14414.1400 14174.6590  1.66%   146 1711s
 26925  9553 14306.9187   29  334 14414.1400 14175.6349  1.65%   146 1723s
 27068  9638 14351.6048   30   44 14414.1400 14176.1755  1.65%   146 1736s
 27268  9712 14346.9734   33  279 14414.1400 14176.5244  1.65%   146 1749s
 27480  9801 14309.2263   35  141 14414.1400 14177.0715  1.64%   146 1848s
 27694  9939 14291.8967   31  212 14414.1400 14177.4031  1.64%   146 1861s
 27955 10055 14266.4629   26  301 14414.1400 14178.0335  1.64%   146 1875s
 28219 10132     cutoff   20      14414.1400 14179.0162  1.63%   146 1888s
*28315  7276              47    14347.740000 14179.6254  1.17%   146 1888s
*28321  6792              46    14339.740000 14179.6254  1.12%   146 1888s
 28421  6793 14307.5810   31  256 14339.7400 14179.6938  1.12%   146 1902s
 28598  6804     cutoff   26      14339.7400 14180.3501  1.11%   146 1915s
 28727  6876 14300.6085   29  142 14339.7400 14181.4845  1.10%   146 1928s
 28995  6903 14268.6196   26  360 14339.7400 14182.3958  1.10%   146 1941s
 29120  6967 14290.7818   23  300 14339.7400 14182.7428  1.09%   146 1954s
 29283  6967 14282.4048   40   67 14339.7400 14184.0438  1.09%   146 1955s
 29318  7040     cutoff   25      14339.7400 14184.0579  1.09%   146 1967s
 29513  7072     cutoff   29      14339.7400 14184.9314  1.08%   146 1980s
 29716  7154 14270.5490   29  182 14339.7400 14185.8201  1.07%   146 1993s
 29942  7214 14278.0144   22  218 14339.7400 14186.6925  1.07%   146 2007s
 30168  7241 14244.6054   17  282 14339.7400 14187.3251  1.06%   146 2021s
 30314  7275     cutoff   30      14339.7400 14188.0075  1.06%   146 2034s
 30461  7276 14336.4904   32  147 14339.7400 14189.1531  1.05%   146 2035s
 30541  7300     cutoff   51      14339.7400 14189.2731  1.05%   146 2047s
 30694  7329     cutoff   27      14339.7400 14190.0342  1.04%   147 2061s
 30861  7381     cutoff   36      14339.7400 14190.6136  1.04%   147 2074s
 31038  7381 14268.8991   36   70 14339.7400 14191.2697  1.04%   147 2075s
 31055  7392 14334.8086   27  139 14339.7400 14191.2780  1.04%   147 2087s
 31187  7412 14302.8645   22  121 14339.7400 14191.7014  1.03%   147 2099s
 31347  7434 14281.9302   22  308 14339.7400 14192.3739  1.03%   148 2113s
 31526  7465 14308.7091   34  201 14339.7400 14193.4773  1.02%   148 2128s
 31696  7506 14247.0372   31  145 14339.7400 14194.5846  1.01%   148 2140s
 31867  7528     cutoff   27      14339.7400 14195.3493  1.01%   148 2153s
 32043  7539 14240.1255   28  220 14339.7400 14196.2672  1.00%   148 2167s
 32190  7549 14294.0926   35  141 14339.7400 14197.2381  0.99%   149 2180s
 32342  7584 14313.8100   30  210 14339.7400 14198.1059  0.99%   149 2193s
 32536  7619 14268.2005   33  231 14339.7400 14198.8774  0.98%   149 2207s
 32698  7661 14297.4656   38   41 14339.7400 14199.7604  0.98%   149 2220s
 32906  7709     cutoff   29      14339.7400 14200.6816  0.97%   149 2234s
 33151  7728 14314.4911   35  274 14339.7400 14201.5919  0.96%   149 2248s
 33356  7757 14321.1606   24  279 14339.7400 14202.4079  0.96%   149 2264s
 33542  7792 14337.0338   38   93 14339.7400 14203.4589  0.95%   149 2281s
 33736  7815     cutoff   33      14339.7400 14203.8992  0.95%   149 2295s
 33950  7827     cutoff   25      14339.7400 14204.6265  0.94%   150 2310s
 34071  7831 14329.5373   35  195 14339.7400 14204.9506  0.94%   150 2324s
 34228  7894     cutoff   30      14339.7400 14205.6844  0.93%   150 2337s
 34473  7933 14315.2804   31  124 14339.7400 14206.2655  0.93%   150 2352s
 34702  7943 14317.5338   44   23 14339.7400 14207.0784  0.93%   150 2365s
 34868  7942 14233.0865   24  344 14339.7400 14207.6290  0.92%   150 2378s
 35083  7983 14292.8459   22  284 14339.7400 14208.8277  0.91%   150 2392s
 35281  8009 14275.9900   28   90 14339.7400 14209.4571  0.91%   150 2407s
 35512  8016 14289.8621   26  216 14339.7400 14210.0581  0.90%   150 2423s
 35692  8029 14274.9512   25  245 14339.7400 14210.6280  0.90%   151 2436s
 35876  8047 14324.0604   29  335 14339.7400 14211.3077  0.90%   151 2450s
 36098  8061 14328.9681   35   84 14339.7400 14212.4068  0.89%   151 2464s
 36341  8084 14298.2876   25  197 14339.7400 14213.1067  0.88%   151 2478s
 36538  8093 14268.1811   20  316 14339.7400 14213.9767  0.88%   151 2492s
 36712  8123 14332.4489   26   57 14339.7400 14214.4848  0.87%   151 2507s
 36962  8134 14246.4081   28  294 14339.7400 14215.2510  0.87%   151 2520s
 37170  8136 14302.1420   26  279 14339.7400 14215.8623  0.86%   151 2589s
 37349  8151     cutoff   32      14339.7400 14216.7406  0.86%   151 2604s
 37572  8186 14258.5484   22  348 14339.7400 14217.4520  0.85%   151 2618s
 37814  8203     cutoff   37      14339.7400 14217.9256  0.85%   151 2633s
 38021  8216 14288.3042   26  195 14339.7400 14218.5019  0.85%   152 2647s
 38216  8214 14273.6565   27  178 14339.7400 14219.3660  0.84%   152 2660s
 38378  8203 14324.9672   29  309 14339.7400 14220.3687  0.83%   152 2675s
 38573  8220     cutoff   33      14339.7400 14221.0975  0.83%   152 2690s
 38859  8256 14300.1758   26  358 14339.7400 14221.9252  0.82%   152 2706s
 39155  8262 14266.9793   26  106 14339.7400 14222.6043  0.82%   152 2720s
 39401  8264     cutoff   27      14339.7400 14223.2525  0.81%   152 2734s
 39638  8304     cutoff   33      14339.7400 14224.4788  0.80%   152 2749s
 39862  8308 14229.4542   39   53 14339.7400 14225.1418  0.80%   152 2764s
 40104  8329 14311.9829   30  251 14339.7400 14225.7135  0.80%   152 2778s
 40339  8345 infeasible   24      14339.7400 14226.6830  0.79%   152 2793s
 40546  8359 14315.5916   37  319 14339.7400 14227.2753  0.78%   152 2809s
 40804  8388     cutoff   19      14339.7400 14228.0338  0.78%   152 2824s
 41008  8388 14328.4886   49   55 14339.7400 14228.4475  0.78%   152 2825s
 41057  8394 14322.5834   31   64 14339.7400 14228.4703  0.78%   152 2847s
 41168  8402 14279.1694   35  225 14339.7400 14228.7750  0.77%   152 2861s
 41381  8459 14336.9334   18  235 14339.7400 14229.5525  0.77%   152 2875s
 41648  8512 14321.1213   32   68 14339.7400 14230.4341  0.76%   152 2891s
 41924  8503 14327.3893   24  217 14339.7400 14231.1973  0.76%   152 2907s
 42163  8531     cutoff   39      14339.7400 14232.1601  0.75%   152 2922s
 42442  8549     cutoff   46      14339.7400 14232.7774  0.75%   152 2938s
 42685  8570 14267.1013   37  128 14339.7400 14233.4542  0.74%   152 2954s
 42903  8578 14300.8984   44  217 14339.7400 14233.7805  0.74%   152 2969s
 43145  8598 14306.5587   28  158 14339.7400 14234.1995  0.74%   152 2984s
 43385  8591 14264.4008   28  311 14339.7400 14234.9397  0.73%   152 2999s
 43606  8585 14296.8724   30  212 14339.7400 14235.5185  0.73%   153 3020s
 43855  8587 14332.2841   24  287 14339.7400 14236.1465  0.72%   153 3036s
 44092  8621 14320.7179   30  228 14339.7400 14236.6378  0.72%   153 3052s
 44410  8622     cutoff   39      14339.7400 14237.7332  0.71%   152 3068s
 44514  8622 14325.0743   23   12 14339.7400 14237.7332  0.71%   152 3072s
 44688  8620     cutoff   25      14339.7400 14238.4032  0.71%   152 3088s
 44933  8610     cutoff   37      14339.7400 14239.1238  0.70%   153 3105s
 45220  8582 14318.6828   34  258 14339.7400 14239.8750  0.70%   152 3121s
 45451  8602 14323.4314   37   70 14339.7400 14240.4956  0.69%   153 3139s
 45586  8602     cutoff   31      14339.7400 14241.0743  0.69%   153 3140s
 45717  8599     cutoff   41      14339.7400 14241.1092  0.69%   153 3156s
 46009  8618     cutoff   36      14339.7400 14241.9183  0.68%   153 3173s
 46315  8628 14272.8467   27  118 14339.7400 14242.5008  0.68%   153 3188s
 46577  8611     cutoff   31      14339.7400 14243.1764  0.67%   153 3203s
 46802  8631 14279.3038   26  111 14339.7400 14244.1304  0.67%   153 3222s
 47172  8636 14317.7535   26  148 14339.7400 14245.0889  0.66%   152 3238s
 47432  8636     cutoff   46      14339.7400 14245.8273  0.65%   152 3254s
 47585  8636 14301.2954   32   55 14339.7400 14246.5390  0.65%   152 3255s
 47730  8655     cutoff   39      14339.7400 14246.5626  0.65%   152 3270s
 48001  8688     cutoff   32      14339.7400 14247.2083  0.65%   152 3287s
 48297  8682 14320.1093   24  296 14339.7400 14247.8016  0.64%   152 3303s
 48594  8693     cutoff   48      14339.7400 14248.7777  0.63%   152 3320s
 48935  8685     cutoff   34      14339.7400 14249.6417  0.63%   152 3338s
 49224  8672     cutoff   32      14339.7400 14250.2903  0.62%   152 3355s
 49522  8668 14268.9143   22  179 14339.7400 14250.8850  0.62%   152 3372s
 49828  8667 14306.6018   38   98 14339.7400 14251.7496  0.61%   152 3395s
 50135  8688     cutoff   32      14339.7400 14252.3256  0.61%   152 3413s
 50421  8705 14319.3571   50  138 14339.7400 14252.7993  0.61%   152 3431s
 50806  8686 14320.9002   39  117 14339.7400 14253.5222  0.60%   151 3448s
 51138  8683 14274.2430   30  158 14339.7400 14254.4399  0.59%   151 3464s
 51242  8683 14327.0860   48   38 14339.7400 14254.4399  0.59%   151 3465s
 51459  8676 14324.2058   31  183 14339.7400 14255.0051  0.59%   151 3479s
 51579  8676 14326.3854   34   88 14339.7400 14255.0051  0.59%   151 3480s
 51770  8645 14312.6931   21  313 14339.7400 14255.8567  0.58%   151 3494s
 51869  8645 14316.6064   36  103 14339.7400 14256.2918  0.58%   151 3495s
 51956  8623     cutoff   29      14339.7400 14256.3182  0.58%   151 3511s
 52239  8593     cutoff   52      14339.7400 14256.9290  0.58%   151 3528s
 52523  8582     cutoff   26      14339.7400 14257.3950  0.57%   151 3545s
 52778  8560 14336.1500   48    - 14339.7400 14258.1364  0.57%   151 3562s
 53064  8534     cutoff   48      14339.7400 14258.7713  0.56%   151 3580s
 53331  8532 14289.7602   34   57 14339.7400 14259.2531  0.56%   151 3597s
 53676  8526 14303.3360   30  241 14339.7400 14260.1429  0.56%   151 3600s

Cutting planes:
  User: 2080
  Gomory: 19
  Cover: 247
  Implied bound: 17
  Clique: 13
  MIR: 91
  StrongCG: 3
  Flow cover: 286
  GUB cover: 4
  Zero half: 28
  RLT: 167
  Relax-and-lift: 2
  Lazy constraints: 3196

Explored 53700 nodes (8091150 simplex iterations) in 3600.06 seconds
Thread count was 2 (of 32 available processors)

Solution count 10: 14339.7 14347.7 14414.1 ... 15019.8

Time limit reached
Best objective 1.433974000000e+04, best bound 1.426018952879e+04, gap 0.5548%

User-callback calls 293387, time in user-callback 246.42 sec
================================================================================
executing instance: ./input/Instances/Original/2/absH3high_4n10.dat
--------------------------------------------------------------------------------
Instance details
n	11
H	3
C	822
Li:
[0, 0, 0, 0, 0, 0, 0, 0, 0, 0, 0, ]
Ui:
[0, 102, 52, 88, 182, 153, 138, 38, 165, 297, 86, ]
Distance matrix:
|0	285	411	382	327	239	148	256	307	36	383	|
|285	0	352	98	249	103	227	235	120	268	209	|
|411	352	0	395	106	430	263	549	234	429	174	|
|382	98	395	0	302	173	320	288	168	364	227	|
|327	249	106	302	0	324	179	444	135	339	109	|
|239	103	430	173	324	0	241	132	212	212	305	|
|148	227	263	320	179	241	0	325	192	165	249	|
|256	235	549	288	444	132	325	0	342	220	436	|
|307	120	234	168	135	212	192	342	0	304	94	|
|36	268	429	364	339	212	165	220	304	0	386	|
|383	209	174	227	109	305	249	436	94	386	0	|

--------------------------------------------------------------------------------
Building model...
	using lazy and cut (CVRPSEP package)
Solving IRP LP...
--------------------------------------------------------------------------------

Gurobi 9.1.0 (linux64) logging started Sat Jan  9 04:42:24 2021

Gurobi Optimizer version 9.1.0 build v9.1.0rc0 (linux64)
Thread count: 32 physical cores, 32 logical processors, using up to 2 threads
Optimize a model with 251 rows, 500 columns and 1442 nonzeros
Model fingerprint: 0x2c19899a
Variable types: 104 continuous, 396 integer (66 binary)
Coefficient statistics:
  Matrix range     [1e+00, 4e+02]
  Objective range  [2e-01, 5e+02]
  Bounds range     [1e+00, 3e+02]
  RHS range        [2e+01, 1e+03]
Found heuristic solution: objective 7773.3300000
Presolve removed 88 rows and 81 columns
Presolve time: 0.01s
