




arguments: ./build/bc_mirp -f ./input/orig_exec_89.cfg
Current dir: /scratch/gui/bc_mirp
File verbosity level: 9
date       time         ( uptime  ) [ thread name/id ]                   file:line     v| 
2021-02-07 08:05:35.517 (   0.175s) [main thread     ]             loguru.cpp:789   INFO| Logging to './output/vi_vc+hc2/OU/V5/Original/execution_07_02_2021_08_05_35.log', mode: 'a', verbosity: 9
--------------------------------------------------------------------------------
Parameters
                           instance_path           ./input/Instances/Original/2/
                            model_policy                                       1
                             nb_vehicles                                       5
                              output_dir      ./output/vi_vc+hc2/OU/V5/Original/
                            sec_strategy                                       1
                       solver_nb_threads                                       2
                         solver_show_log                                    true
                       solver_time_limit                                    3600
                              use_vi_cos                                   false
                              use_vi_cus                                   false
                         use_vi_hc1_full                                   false
                         use_vi_hc1_half                                   false
                      use_vi_hc1_quarter                                   false
                              use_vi_hc2                                    true
                              use_vi_hc3                                   false
                         use_vi_lex_full                                   false
                         use_vi_lex_half                                   false
                      use_vi_lex_quarter                                   false
                              use_vi_qua                                   false
                               use_vi_vc                                    true
                               use_vi_vr                                   false
--------------------------------------------------------------------------------
executing instance: ./input/Instances/Original/2/absH3high_3n40.dat
--------------------------------------------------------------------------------
Instance details
n	41
H	3
C	3283
Li:
[0, 0, 0, 0, 0, 0, 0, 0, 0, 0, 0, 0, 0, 0, 0, 0, 0, 0, 0, 0, 0, 0, 0, 0, 0, 0, 0, 0, 0, 0, 0, 0, 0, 0, 0, 0, 0, 0, 0, 0, 0, ]
Ui:
[0, 63, 111, 99, 96, 111, 282, 122, 156, 261, 42, 192, 126, 42, 162, 207, 159, 122, 102, 190, 118, 102, 132, 102, 165, 252, 66, 52, 22, 114, 210, 176, 116, 294, 78, 152, 210, 45, 130, 198, 174, ]
Distance matrix:
|0	208	225	252	227	143	258	127	267	150	28	83	163	286	57	149	201	137	214	255	70	73	107	186	328	266	249	343	222	177	293	144	262	215	167	120	169	218	143	173	255	|
|208	0	397	355	416	198	216	99	211	275	193	172	97	166	240	225	362	109	277	314	182	216	273	374	298	208	319	161	14	103	93	120	58	196	152	156	372	227	260	218	453	|
|225	397	0	427	53	364	482	343	492	129	253	225	382	386	171	188	39	291	187	195	295	182	282	55	326	491	180	551	408	315	457	366	455	275	392	244	221	439	341	214	101	|
|252	355	427	0	401	158	201	263	219	396	234	328	259	498	299	400	420	354	465	506	205	324	152	374	574	219	499	393	366	389	446	235	378	456	205	359	224	150	111	423	400	|
|227	416	53	401	0	357	477	352	489	165	253	245	389	424	179	223	85	315	234	245	293	200	264	42	375	488	231	565	428	344	484	370	474	314	392	270	184	430	325	252	50	|
|143	198	364	158	357	0	121	105	134	290	116	196	103	342	200	276	343	205	343	385	74	210	112	319	432	133	382	265	209	237	290	78	226	313	57	220	232	75	69	292	375	|
|258	216	482	201	477	121	0	168	18	397	230	293	135	381	314	372	459	275	437	480	188	317	228	439	501	18	479	197	222	296	290	132	212	386	95	306	347	58	173	381	496	|
|127	99	343	263	352	105	168	0	171	239	105	130	40	237	173	206	313	109	270	312	84	164	175	310	337	169	313	216	112	135	192	37	142	220	77	138	280	155	162	213	382	|
|267	211	492	219	489	134	18	171	0	404	240	298	136	376	323	376	468	276	441	483	198	324	243	450	500	2	483	181	215	294	281	136	202	386	102	309	363	75	189	384	509	|
|150	275	129	396	165	290	397	239	404	0	175	110	279	259	97	59	91	166	84	116	217	80	245	130	226	402	106	434	286	187	329	269	333	149	302	119	244	364	291	87	213	|
|28	193	253	234	253	116	230	105	240	175	0	94	139	286	84	167	229	136	234	275	43	96	98	212	341	238	271	320	206	175	281	118	244	225	140	128	180	191	124	189	280	|
|83	172	225	328	245	196	293	130	298	110	94	0	169	209	77	80	191	71	147	189	127	45	189	203	247	296	187	327	184	106	241	162	230	132	198	38	242	266	217	96	285	|
|163	97	382	259	389	103	135	40	136	279	139	169	0	253	212	244	353	141	307	349	110	203	194	347	366	133	350	183	107	161	187	27	124	251	56	175	306	133	169	249	418	|
|286	166	386	498	424	342	381	237	376	259	286	209	253	0	284	201	347	151	210	230	299	247	383	387	155	374	242	290	162	112	129	270	192	113	308	172	451	386	391	172	471	|
|57	240	171	299	179	200	314	173	323	97	84	77	212	284	0	112	145	147	170	208	127	38	148	137	299	321	201	386	253	183	315	195	297	195	222	112	171	275	195	142	214	|
|149	225	188	400	223	276	372	206	376	59	167	80	244	201	112	0	149	117	67	110	205	78	254	186	187	374	108	387	235	132	272	240	283	93	277	71	279	346	291	32	270	|
|201	362	39	420	85	343	459	313	468	91	229	191	353	347	145	149	0	254	149	160	272	150	271	66	290	466	146	518	373	278	419	339	420	235	367	207	227	418	327	175	135	|
|137	109	291	354	315	205	275	109	276	166	136	71	141	151	147	117	254	0	172	212	151	116	232	273	229	274	215	270	119	39	170	145	167	111	186	47	305	263	245	113	356	|
|214	277	187	465	234	343	437	270	441	84	234	147	307	210	170	67	149	172	0	42	272	141	317	205	144	439	43	437	284	175	307	305	331	99	343	132	327	413	357	60	283	|
|255	314	195	506	245	385	480	312	483	116	275	189	349	230	208	110	160	212	42	0	314	182	356	222	132	481	15	474	321	212	337	347	367	126	385	174	358	455	398	100	295	|
|70	182	295	205	293	74	188	84	198	217	43	127	110	299	127	205	272	151	272	314	0	137	91	253	370	196	310	292	195	188	274	85	226	252	99	155	197	148	94	223	316	|
|73	216	182	324	200	210	317	164	324	80	96	45	203	247	38	78	150	116	141	182	137	0	176	158	263	323	176	369	229	150	286	191	274	157	223	77	208	284	216	106	239	|
|107	273	282	152	264	112	228	175	243	245	98	189	194	383	148	254	271	232	317	356	91	176	0	231	435	242	349	371	286	271	365	167	315	321	164	224	120	174	61	280	274	|
|186	374	55	374	42	319	439	310	450	130	212	203	347	387	137	186	66	273	205	222	253	158	231	0	348	448	208	523	386	303	442	329	431	279	352	229	167	392	291	217	85	|
|328	298	326	574	375	432	501	337	500	226	341	247	366	155	299	187	290	229	144	132	370	263	435	348	0	498	147	441	299	206	283	374	338	119	414	215	465	492	463	157	425	|
|266	208	491	219	488	133	18	169	2	402	238	296	133	374	321	374	466	274	439	481	196	323	242	448	498	0	481	180	213	292	278	134	200	384	100	307	362	75	188	381	508	|
|249	319	180	499	231	382	479	313	483	106	271	187	350	242	201	108	146	215	43	15	310	176	349	208	147	481	0	480	326	217	346	347	373	135	385	175	347	454	392	103	280	|
|343	161	551	393	565	265	197	216	181	434	320	327	183	290	386	387	518	270	437	474	292	369	371	523	441	180	480	0	153	263	163	207	107	352	208	317	487	244	334	379	598	|
|222	14	408	366	428	209	222	112	215	286	206	184	107	162	253	235	373	119	284	321	195	229	286	386	299	213	326	153	0	109	81	132	48	201	162	167	386	236	272	226	466	|
|177	103	315	389	344	237	296	135	294	187	175	106	161	112	183	132	278	39	175	212	188	150	271	303	206	292	217	263	109	0	142	171	156	95	211	74	344	289	281	118	386	|
|293	93	457	446	484	290	290	192	281	329	281	241	187	129	315	272	419	170	307	337	274	286	365	442	283	278	346	163	81	142	0	212	79	211	241	214	461	311	353	254	525	|
|144	120	366	235	370	78	132	37	136	269	118	162	27	270	195	240	339	145	305	347	85	191	167	329	374	134	347	207	132	171	212	0	151	257	40	174	280	119	142	248	398	|
|262	58	455	378	474	226	212	142	202	333	244	230	124	192	297	283	420	167	331	367	226	274	315	431	338	200	373	107	48	156	79	151	0	245	173	214	421	237	293	273	510	|
|215	196	275	456	314	313	386	220	386	149	225	132	251	113	195	93	235	111	99	126	252	157	321	279	119	384	135	352	201	95	211	257	245	0	297	97	365	374	345	62	362	|
|167	152	392	205	392	57	95	77	102	302	140	198	56	308	222	277	367	186	343	385	99	223	164	352	414	100	385	208	162	211	241	40	173	297	0	213	283	79	126	287	415	|
|120	156	244	359	270	220	306	138	309	119	128	38	175	172	112	71	207	47	132	174	155	77	224	229	215	307	175	317	167	74	214	174	214	97	213	0	280	286	248	75	313	|
|169	372	221	224	184	232	347	280	363	244	180	242	306	451	171	279	227	305	327	358	197	208	120	167	465	362	347	487	386	344	461	280	421	365	283	280	0	291	175	310	176	|
|218	227	439	150	430	75	58	155	75	364	191	266	133	386	275	346	418	263	413	455	148	284	174	392	492	75	454	244	236	289	311	119	237	374	79	286	291	0	116	359	445	|
|143	260	341	111	325	69	173	162	189	291	124	217	169	391	195	291	327	245	357	398	94	216	61	291	463	188	392	334	272	281	353	142	293	345	126	248	175	116	0	313	335	|
|173	218	214	423	252	292	381	213	384	87	189	96	249	172	142	32	175	113	60	100	223	106	280	217	157	381	103	379	226	118	254	248	273	62	287	75	310	359	313	0	300	|
|255	453	101	400	50	375	496	382	509	213	280	285	418	471	214	270	135	356	283	295	316	239	274	85	425	508	280	598	466	386	525	398	510	362	415	313	176	445	335	300	0	|

--------------------------------------------------------------------------------
Building model...
	using lazy and cut (CVRPSEP package)
Solving IRP LP...
--------------------------------------------------------------------------------

Gurobi 9.1.0 (linux64) logging started Sun Feb  7 08:05:35 2021

Gurobi Optimizer version 9.1.0 build v9.1.0rc0 (linux64)
Thread count: 32 physical cores, 32 logical processors, using up to 2 threads
Optimize a model with 2969 rows, 13679 columns and 55229 nonzeros
Model fingerprint: 0xd0d1ea69
Variable types: 764 continuous, 12915 integer (615 binary)
Coefficient statistics:
  Matrix range     [1e+00, 7e+02]
  Objective range  [1e-01, 6e+02]
  Bounds range     [1e+00, 3e+02]
  RHS range        [1e+00, 6e+03]
Presolve removed 546 rows and 974 columns
Presolve time: 0.36s
Presolved: 2423 rows, 12705 columns, 50376 nonzeros
Variable types: 470 continuous, 12235 integer (11624 binary)

Root relaxation: objective 1.244569e+04, 1517 iterations, 0.15 seconds

    Nodes    |    Current Node    |     Objective Bounds      |     Work
 Expl Unexpl |  Obj  Depth IntInf | Incumbent    BestBd   Gap | It/Node Time

     0     0 12445.6885    0  179          - 12445.6885      -     -    0s
     0     0 12912.9224    0  150          - 12912.9224      -     -    1s
     0     0 12917.4112    0  146          - 12917.4112      -     -    1s
     0     0 12917.5900    0  132          - 12917.5900      -     -    1s
     0     0 13404.4905    0  221          - 13404.4905      -     -    2s
     0     0 13452.5649    0  216          - 13452.5649      -     -    2s
     0     0 13452.5891    0  243          - 13452.5891      -     -    2s
     0     0 13693.3206    0  319          - 13693.3206      -     -    3s
     0     0 13739.7035    0  255          - 13739.7035      -     -    4s
     0     0 13758.1686    0  317          - 13758.1686      -     -    4s
     0     0 13758.6966    0  303          - 13758.6966      -     -    4s
     0     0 13849.5434    0  315          - 13849.5434      -     -    6s
     0     0 13881.0226    0  346          - 13881.0226      -     -    6s
     0     0 13905.3445    0  361          - 13905.3445      -     -    7s
     0     0 13906.7612    0  395          - 13906.7612      -     -    7s
     0     0 13907.2471    0  417          - 13907.2471      -     -    7s
     0     0 13937.5202    0  432          - 13937.5202      -     -    8s
     0     0 13947.9719    0  448          - 13947.9719      -     -    9s
     0     0 13961.0254    0  478          - 13961.0254      -     -    9s
     0     0 13966.1715    0  420          - 13966.1715      -     -    9s
     0     0 13975.0728    0  400          - 13975.0728      -     -    9s
     0     0 13975.9319    0  414          - 13975.9319      -     -   10s
     0     0 13991.4662    0  444          - 13991.4662      -     -   10s
     0     0 13996.0720    0  438          - 13996.0720      -     -   11s
     0     0 13996.9945    0  480          - 13996.9945      -     -   11s
     0     0 14006.8459    0  371          - 14006.8459      -     -   12s
     0     0 14009.3489    0  450          - 14009.3489      -     -   13s
     0     0 14009.6046    0  491          - 14009.6046      -     -   13s
     0     0 14013.6334    0  503          - 14013.6334      -     -   14s
     0     0 14013.6334    0  503          - 14013.6334      -     -   14s
     0     2 14020.1984    0  502          - 14020.1984      -     -   16s
    14    17 14042.9206    5  492          - 14039.5478      -   671   20s
    36    39 14098.5845   13  542          - 14039.5478      -   654   25s
    58    63 14153.7790   19  460          - 14039.5478      -   636   30s
    81    89 14390.6514   24  226          - 14039.5478      -   641   35s
   121   128 14553.7741   37  371          - 14039.5478      -   550   40s
   164   175 14772.5557   52  222          - 14039.5478      -   504   45s
   210   229 15021.3085   70  200          - 14039.5478      -   467   51s
   252   274 15255.4435   90  205          - 14039.5478      -   438   55s
   302   339 15637.6767  114  179          - 14039.5478      -   412   60s
   424   447 16889.7756  182   68          - 14039.5478      -   333   68s
   483   473 14149.8823    5  451          - 14039.5478      -   322   71s
   525   534 14206.8186    9  542          - 14039.5478      -   329   76s
   598   641 14222.9368   11  353          - 14039.5478      -   311   82s
   734   787 14347.1620   17  301          - 14039.5478      -   272   86s
   811   800 14390.9994   19  336          - 14039.5478      -   252   91s
   840   813 15506.3118  104  503          - 14039.5478      -   259  100s
   845   816 17304.8572  190  402          - 14039.5478      -   257  105s
   855   823 16355.7727  203  549          - 14086.4189      -   254  112s
   862   828 17441.7118  261  626          - 14093.4613      -   252  115s
   871   834 15124.9822   77  638          - 14108.2011      -   250  120s
   879   839 15654.8822  138  655          - 14121.4506      -   247  125s
   890   846 16916.6641  233  587          - 14146.4395      -   244  130s
   898   852 14156.5641    3  584          - 14156.5641      -   242  135s
   907   858 16301.6162  186  666          - 14160.9939      -   240  141s
   910   860 15757.5742  143  692          - 14161.1345      -   239  145s
   917   866 15655.2568   94  293          - 14161.1722      -   263  150s
   927   873 15757.5169  126  592          - 14161.3687      -   260  156s
   931   875 16634.7112  161  630          - 14161.8143      -   259  160s
   938   880 15779.6913  130  611          - 14162.0249      -   257  165s
   939   881 14162.0249   12  611          - 14162.0249      -   257  170s
   954   895 14194.5852   33  618          - 14192.0117      -   276  175s
   972   908 14214.4723   38  722          - 14192.0117      -   283  180s
   994   920 14251.9917   44  657          - 14192.0117      -   291  185s
  1006   930 14268.6896   47  638          - 14192.0117      -   298  190s
  1022   941 14276.5201   51  578          - 14192.0117      -   306  195s
  1039   953 14319.3178   55  542          - 14192.0117      -   313  200s
  1067   974 14401.6925   61  444          - 14192.0117      -   320  206s
  1087   987 14811.9103   65  503          - 14192.0117      -   327  211s
  1113  1007 14511.9571   72  572          - 14192.0117      -   332  216s
  1131  1019 14678.9133   76  424          - 14192.0117      -   337  221s
  1151  1036 14701.2371   81  433          - 14192.0117      -   341  226s
  1177  1053 14746.1869   88  528          - 14192.0117      -   343  230s
  1205  1076 14859.9291   93  419          - 14192.0117      -   347  236s
  1237  1095 15075.2114  101  464          - 14192.0117      -   351  241s
  1252  1111 14929.7179  105  414          - 14192.0117      -   353  245s
  1293  1141 15013.3392  115  424          - 14192.0117      -   355  251s
  1339  1173 15281.4419  128  278          - 14192.0117      -   357  258s
  1364  1203 15257.5854  135  286          - 14192.0117      -   357  261s
  1402  1225 15288.7813  145  350          - 14192.0117      -   354  265s
  1469  1272 15328.5755  161  338          - 14192.0117      -   354  273s
  1506  1294 15369.7833  171  351          - 14192.0117      -   353  277s
  1540  1319 15419.3424  179  363          - 14192.0117      -   353  281s
  1577  1340 15491.9638  188  349          - 14192.0117      -   353  286s
  1610  1371 15518.5396  196  375          - 14192.0117      -   353  290s
  1652  1400 15561.5421  207  366          - 14192.0117      -   353  295s
  1695  1441 15598.6589  216  368          - 14192.0117      -   352  300s
  1750  1474 15705.3860  228  373          - 14192.0117      -   349  306s
  1802  1515 15746.3837  240  350          - 14192.0117      -   348  313s
  1860  1556 15773.1934  250  358          - 14192.0117      -   344  320s
  1920  1603 15832.3093  261  302          - 14192.0117      -   342  327s
  1987  1661 15942.6019  275  312          - 14192.0117      -   338  335s
  2068  1764 16056.6181  288  312          - 14192.0117      -   332  345s
  2198  1920 16592.8841  311  127          - 14192.0117      -   321  354s
  2235  1908 16955.2172  329   82          - 14192.0117      -   318  355s
  2423  1923 17407.7578  360   94          - 14192.4473      -   300  364s
  2459  1911 17423.8988  378   51          - 14192.4473      -   297  365s
  2554  1920 19625.2864  405   19          - 14206.6534      -   290  374s
  2590  1922 19938.1087  412   11          - 14206.6534      -   286  375s
  2638  1936 14299.0876   37  569          - 14206.6534      -   285  383s
  2652  1948 14346.3379   41  508          - 14206.6534      -   288  391s
  2668  1957 14424.0241   43  551          - 14206.6534      -   290  400s
  2683  1968 14419.8654   46  459          - 14206.6534      -   292  409s
  2699  1985 14451.1619   48  401          - 14206.6534      -   295  417s
  2721  1998 14553.8448   54  221          - 14206.6534      -   297  424s
  2741  2014 14611.3241   60  416          - 14206.6534      -   299  432s
  2764  2035 14649.1177   63  324          - 14206.6534      -   302  440s
  2793  2065 14721.2706   70  407          - 14206.6534      -   304  447s
  2832  2092 14824.8432   78  331          - 14206.6534      -   306  455s
  2872  2127 14964.6801   89  286          - 14206.6534      -   307  464s
  2891  2121 15000.8608   97  283          - 14206.6534      -   307  465s
  2923  2180 15159.8917  102  279          - 14206.6534      -   308  473s
  2993  2337 15274.2962  111  271          - 14206.6534      -   306  486s
  3206  2317 15378.1370  136  185          - 14206.6534      -   293  500s
  3257  2354 15485.3528  150  161          - 14206.6534      -   294  511s
  3311  2384 15857.3806  169  211          - 14206.6534      -   294  523s
  3359  2446 15959.9844  179  204          - 14206.6534      -   296  535s
  3437  2562 16457.7967  198  134          - 14211.6847      -   296  548s
  3533  2530 17498.8772  224   66          - 14211.6847      -   291  550s
* 3608  2462             245    18800.580000 14211.6847  24.4%   287  551s
  3621  2459     cutoff  245      18800.5800 14211.7799  24.4%   288  568s
* 3622  2442             245    18671.580000 14211.7799  23.9%   288  568s
* 3626  2442             245    18670.340000 14211.7799  23.9%   288  568s
* 3631  2429             243    18601.580000 14211.7799  23.6%   288  568s
  3636  2461 14602.7516   38  432 18601.5800 14211.7799  23.6%   289  581s
  3671  2463 15251.8281   59  255 18601.5800 14211.7799  23.6%   291  598s
  3673  2595 15279.5866   60  246 18601.5800 14211.7799  23.6%   291  609s
  3747  2595 16203.1709  134   68 18601.5800 14211.7799  23.6%   288  610s
  3805  2636 17816.1820  175   30 18601.5800 14215.6885  23.6%   286  621s
  3865  2689 infeasible  195      18601.5800 14215.6885  23.6%   286  634s
  3921  2724 14596.0487   41  508 18601.5800 14215.6885  23.6%   287  682s
  3956  2726 14783.6930   55  440 18601.5800 14215.6885  23.6%   287  699s
  3958  2828 14830.6435   56  447 18601.5800 14215.6885  23.6%   288  711s
  4060  2971 15894.4190  109  239 18601.5800 14217.1618  23.6%   286  727s
  4078  2971 16899.3907  127  113 18601.5800 14217.1618  23.6%   285  730s
  4227  3111 14613.5243   36  448 18601.5800 14217.1618  23.6%   280  750s
  4367  3175 14737.6125   41  521 18601.5800 14217.1618  23.6%   276  772s
  4481  3179 14815.6696   48  309 18601.5800 14217.1618  23.6%   274  789s
  4485  3231 14838.1736   47  309 18601.5800 14217.1618  23.6%   274  808s
  4537  3366 15090.2679   66  228 18601.5800 14217.1618  23.6%   275  829s
  4574  3366 15170.2484   84  189 18601.5800 14217.1618  23.6%   275  830s
  4692  3508 15214.6727   89  133 18601.5800 14224.0458  23.5%   272  853s
  4784  3508 15708.6056  119   57 18601.5800 14224.0458  23.5%   270  855s
* 4850  3365             146    17818.960000 14224.0939  20.2%   269  856s
* 4852  3351             145    17737.960000 14224.0939  19.8%   268  856s
* 4853  3351             145    17730.960000 14224.0939  19.8%   268  856s
  4871  3398 14493.4463   34  647 17730.9600 14224.0939  19.8%   270  877s
  4918  3615 14903.0473   51  245 17730.9600 14224.1317  19.8%   271  900s
  5144  3615 17570.3150  187   23 17730.9600 14224.9177  19.8%   264  905s
  5177  3656 14579.1669   32  434 17730.9600 14224.9177  19.8%   264  928s
  5219  3821 14992.7593   56  397 17730.9600 14225.3387  19.8%   266  954s
  5255  3821 15659.3220   92   91 17730.9600 14225.3387  19.8%   265  955s
  5412  3864 17066.5732  143   15 17730.9600 14227.5527  19.8%   262  981s
* 5481  3874             156    17567.910000 14229.3505  19.0%   263 1005s
* 5482  3836             156    17487.910000 14229.3505  18.6%   262 1005s
  5543  3939 14851.5874   47  421 17487.9100 14229.3505  18.6%   264 1032s
  5662  4018 16126.3095  103  212 17487.9100 14231.5876  18.6%   263 1062s
  5758  4118 14631.7600   44  595 17487.9100 14231.5876  18.6%   264 1091s
  5870  4230 15231.9384   58  374 17487.9100 14232.6231  18.6%   263 1124s
  5924  4230 16074.5678  112   70 17487.9100 14232.6231  18.6%   262 1125s
  5993  4263 14617.0658   35  487 17487.9100 14232.6231  18.6%   262 1156s
  6026  4376 15053.8505   50  430 17487.9100 14233.3642  18.6%   264 1187s
  6169  4507     cutoff  149      17487.9100 14233.7118  18.6%   263 1228s
  6265  4507 16791.4943   88   74 17487.9100 14234.3590  18.6%   263 1230s
  6319  4551 15004.0980   48  332 17487.9100 14234.3590  18.6%   262 1260s
  6363  4614 15652.7161   78  193 17487.9100 14234.4273  18.6%   263 1288s
  6440  4739 14844.1534   46  440 17487.9100 14234.4273  18.6%   264 1326s
  6579  4833 15868.1440   94  255 17487.9100 14237.0890  18.6%   263 1361s
  6689  4960 14693.1792   44  549 17487.9100 14237.0890  18.6%   263 1396s
  6843  4992 14918.3409   49  563 17487.9100 14237.0890  18.6%   261 1430s
  6870  5036 14789.2451   56  494 17487.9100 14237.0890  18.6%   263 1460s
  6914  5156 14933.0409   64  395 17487.9100 14237.0890  18.6%   264 1496s
  7054  5291 15082.4956   83  285 17487.9100 14237.0890  18.6%   263 1528s
  7135  5291 15372.6579  115  110 17487.9100 14237.0890  18.6%   262 1530s
  7194  5397 15702.2557  123   93 17487.9100 14246.8931  18.5%   262 1570s
  7330  5424     cutoff  154      17487.9100 14253.3368  18.5%   262 1612s
  7356  5426 14958.8471   57  502 17487.9100 14253.3368  18.5%   265 1662s
  7358  5528 15098.8097   58  365 17487.9100 14253.5879  18.5%   265 1704s
  7410  5528 15903.5689  110  117 17487.9100 14253.5879  18.5%   265 1705s
  7470  5556 14541.2615   40  663 17487.9100 14253.5879  18.5%   266 1747s
  7498  5675 15055.1288   59  268 17487.9100 14254.7471  18.5%   268 1790s
  7635  5739     cutoff  157      17487.9100 14254.9367  18.5%   269 1835s
  7698  5892 15012.9563   55  534 17487.9100 14258.8786  18.5%   271 1876s
  7861  5892 15631.5940  124  301 17487.9100 14258.8786  18.5%   270 1880s
  7877  6049 14654.3486   39  555 17487.9100 14258.8786  18.5%   270 1926s
  8058  6164 14906.7588   53  279 17487.9100 14258.8786  18.5%   269 1977s
  8156  6164 14657.8288   39  634 17487.9100 14258.8786  18.5%   269 1980s
  8173  6454 15405.7357  101  177 17487.9100 14259.0047  18.5%   271 2024s
  8200  6454 15539.6412  109  174 17487.9100 14259.0047  18.5%   270 2025s
  8510  6487     cutoff  175      17487.9100 14265.3957  18.4%   266 2074s
  8547  6625 17471.7900  172    - 17487.9100 14265.4268  18.4%   268 2126s
  8698  6677 17483.4300  172    - 17487.9100 14279.8459  18.3%   268 2181s
  8751  6769     cutoff  172      17487.9100 14292.3292  18.3%   270 2233s
  8812  6769 16485.3797  112   68 17487.9100 14292.4307  18.3%   271 2235s
  8870  6811 15144.6682   54  226 17487.9100 14292.4307  18.3%   270 2281s
  8909  6921 15335.6487   65  333 17487.9100 14292.4307  18.3%   273 2328s
  8984  6921 14720.3369   51  516 17487.9100 14292.4307  18.3%   273 2330s
  9019  7126 16669.5644   94  178 17487.9100 14297.1857  18.2%   274 2380s
  9280  7212 14926.6336   50  546 17487.9100 14297.4909  18.2%   272 2433s
  9366  7282 16117.6754  122  164 17487.9100 14297.5079  18.2%   273 2496s
  9449  7392 14968.8846   41  469 17487.9100 14297.5079  18.2%   273 2552s
  9540  7392 16721.0753  147   87 17487.9100 14297.5079  18.2%   273 2555s
  9579  7480 15917.7691   74  114 17487.9100 14299.2080  18.2%   274 2607s
  9681  7506     cutoff  142      17487.9100 14300.5272  18.2%   274 2694s
  9707  7663 15505.2978   50  204 17487.9100 14300.5663  18.2%   275 2746s
  9897  7791     cutoff  179      17487.9100 14300.6759  18.2%   274 2811s
 10022  7980 15571.0966   65  279 17487.9100 14300.6972  18.2%   275 2875s
 10263  8103 15009.4947   50  452 17487.9100 14302.1238  18.2%   274 2934s
 10294  8103 15496.9271   81  108 17487.9100 14302.1238  18.2%   274 2935s
 10393  8150 14523.6496   36  716 17487.9100 14303.6275  18.2%   274 2988s
 10440  8356 14999.3601   53  519 17487.9100 14303.7197  18.2%   275 3051s
 10686  8387 14548.9044   53  645 17487.9100 14305.4190  18.2%   274 3116s
 10717  8424 15042.0921   57  385 17487.9100 14305.4190  18.2%   276 3172s
 10754  8489 15030.2116   63  438 17487.9100 14305.4190  18.2%   277 3227s
 10819  8734 15238.9221   75  325 17487.9100 14305.4190  18.2%   279 3286s
 11001  8734 15950.0073  128   79 17487.9100 14305.4190  18.2%   279 3291s
 11068  8857 15792.8857  112  102 17487.9100 14306.1048  18.2%   277 3347s
*11163  6736             152    16324.170000 14306.1048  12.4%   276 3349s
 11313  6782     cutoff  151      16324.1700 14307.7832  12.4%   275 3409s
 11331  6782 15131.7898   57  303 16324.1700 14308.5195  12.3%   276 3410s
 11408  6859 15204.2365   59  347 16324.1700 14311.1759  12.3%   276 3470s
 11503  6995 15519.8233   39  471 16324.1700 14311.6704  12.3%   277 3537s
 11661  7045 14646.0602   51  691 16324.1700 14312.7504  12.3%   278 3600s

Cutting planes:
  User: 11195
  Gomory: 20
  Cover: 649
  Implied bound: 232
  Projected implied bound: 16
  Clique: 29
  MIR: 158
  StrongCG: 1
  Flow cover: 386
  GUB cover: 2
  Zero half: 19
  RLT: 341
  Relax-and-lift: 9
  Lazy constraints: 1306

Explored 11711 nodes (3284970 simplex iterations) in 3601.92 seconds
Thread count was 2 (of 32 available processors)

Solution count 10: 16324.2 17487.9 17567.9 ... 18800.6

Time limit reached
Best objective 1.632417000000e+04, best bound 1.431275037898e+04, gap 12.3217%

User-callback calls 1016681, time in user-callback 140.33 sec
================================================================================
executing instance: ./input/Instances/Original/2/absH3high_4n10.dat
--------------------------------------------------------------------------------
Instance details
n	11
H	3
C	822
Li:
[0, 0, 0, 0, 0, 0, 0, 0, 0, 0, 0, ]
Ui:
[0, 102, 52, 88, 182, 153, 138, 38, 165, 297, 86, ]
Distance matrix:
|0	285	411	382	327	239	148	256	307	36	383	|
|285	0	352	98	249	103	227	235	120	268	209	|
|411	352	0	395	106	430	263	549	234	429	174	|
|382	98	395	0	302	173	320	288	168	364	227	|
|327	249	106	302	0	324	179	444	135	339	109	|
|239	103	430	173	324	0	241	132	212	212	305	|
|148	227	263	320	179	241	0	325	192	165	249	|
|256	235	549	288	444	132	325	0	342	220	436	|
|307	120	234	168	135	212	192	342	0	304	94	|
|36	268	429	364	339	212	165	220	304	0	386	|
|383	209	174	227	109	305	249	436	94	386	0	|

--------------------------------------------------------------------------------
Building model...
	using lazy and cut (CVRPSEP package)
Solving IRP LP...
--------------------------------------------------------------------------------

Gurobi 9.1.0 (linux64) logging started Sun Feb  7 09:05:37 2021

Gurobi Optimizer version 9.1.0 build v9.1.0rc0 (linux64)
Thread count: 32 physical cores, 32 logical processors, using up to 2 threads
Optimize a model with 779 rows, 1184 columns and 4889 nonzeros
Model fingerprint: 0xb63e6cd9
Variable types: 194 continuous, 990 integer (165 binary)
Coefficient statistics:
  Matrix range     [1e+00, 3e+02]
  Objective range  [2e-01, 5e+02]
  Bounds range     [1e+00, 3e+02]
  RHS range        [1e+00, 1e+03]
Presolve removed 313 rows and 302 columns
Presolve time: 0.07s
Presolved: 466 rows, 882 columns, 3285 nonzeros
Variable types: 98 continuous, 784 integer (647 binary)
Found heuristic solution: objective 12860.060000

Root relaxation: objective 4.578582e+03, 689 iterations, 0.01 seconds

    Nodes    |    Current Node    |     Objective Bounds      |     Work
 Expl Unexpl |  Obj  Depth IntInf | Incumbent    BestBd   Gap | It/Node Time

     0     0 4578.58222    0   70 12860.0600 4578.58222  64.4%     -    0s
H    0     0                    12585.060000 4578.58222  63.6%     -    0s
     0     0 4829.08206    0  127 12585.0600 4829.08206  61.6%     -    0s
H    0     0                    10598.330000 4829.08206  54.4%     -    0s
     0     0 4911.60943    0   69 10598.3300 4911.60943  53.7%     -    0s
     0     0 5243.27393    0   95 10598.3300 5243.27393  50.5%     -    0s
H    0     0                    9413.5600000 5243.27393  44.3%     -    0s
     0     0 5258.07280    0   87 9413.56000 5258.07280  44.1%     -    0s
     0     0 5259.08797    0   96 9413.56000 5259.08797  44.1%     -    0s
     0     0 5259.81924    0   98 9413.56000 5259.81924  44.1%     -    0s
     0     0 5395.64845    0  141 9413.56000 5395.64845  42.7%     -    0s
H    0     0                    8251.7600000 5395.64845  34.6%     -    0s
     0     0 5450.98990    0  149 8251.76000 5450.98990  33.9%     -    0s
     0     0 5471.64431    0  177 8251.76000 5471.64431  33.7%     -    0s
     0     0 5481.57188    0  173 8251.76000 5481.57188  33.6%     -    0s
     0     0 5488.23267    0  172 8251.76000 5488.23267  33.5%     -    0s
     0     0 5491.12016    0  168 8251.76000 5491.12016  33.5%     -    0s
     0     0 5491.52685    0  169 8251.76000 5491.52685  33.5%     -    0s
     0     0 5527.14339    0  147 8251.76000 5527.14339  33.0%     -    0s
H    0     0                    7871.2800000 5527.14339  29.8%     -    0s
H    0     0                    7294.2800000 5527.14339  24.2%     -    0s
     0     0 5556.99470    0  156 7294.28000 5556.99470  23.8%     -    0s
     0     0 5564.12476    0  164 7294.28000 5564.12476  23.7%     -    0s
     0     0 5570.86997    0  178 7294.28000 5570.86997  23.6%     -    0s
     0     0 5572.19444    0  175 7294.28000 5572.19444  23.6%     -    0s
     0     0 5572.28831    0  176 7294.28000 5572.28831  23.6%     -    0s
     0     0 5595.52683    0  164 7294.28000 5595.52683  23.3%     -    0s
     0     0 5598.37840    0  209 7294.28000 5598.37840  23.2%     -    0s
     0     0 5599.09129    0  198 7294.28000 5599.09129  23.2%     -    0s
     0     0 5604.28787    0  195 7294.28000 5604.28787  23.2%     -    0s
     0     0 5604.28787    0  195 7294.28000 5604.28787  23.2%     -    0s
H    0     0                    6785.3900000 5605.03541  17.4%     -    0s
     0     2 5605.03541    0  195 6785.39000 5605.03541  17.4%     -    0s
H   27    30                    6777.4700000 5643.82581  16.7%   112    1s
   583   432 6543.15953   10   46 6777.47000 5770.77841  14.9%  70.8    5s
   934   592 6407.82598   23  142 6777.47000 5955.68295  12.1%  75.2   10s
  1848   758 6613.07873   28  125 6777.47000 6177.25741  8.86%  73.2   15s
  2866   954 6746.61216   28   73 6777.47000 6254.25739  7.72%  73.3   20s
  3974  1140 6571.10939   31  120 6777.47000 6320.84740  6.74%  73.1   25s
  4959  1286 6681.09378   42  119 6777.47000 6370.09786  6.01%  72.9   30s
  5961  1387 6652.40104   25  137 6777.47000 6406.20158  5.48%  72.7   35s
  7294  1436 6725.10633   36   35 6777.47000 6446.30073  4.89%  71.6   40s
  8263  1429 6584.40754   26   48 6777.47000 6470.91689  4.52%  70.8   45s
  9690  1269     cutoff   32      6777.47000 6514.24522  3.88%  69.5   50s
 11075   908     cutoff   31      6777.47000 6569.42981  3.07%  68.3   55s
 12818     4 6755.28928   35   42 6777.47000 6682.15108  1.41%  65.8   60s

Cutting planes:
  User: 141
  Gomory: 18
  Cover: 115
  Implied bound: 69
  Projected implied bound: 8
  Clique: 5
  MIR: 126
  StrongCG: 18
  Flow cover: 129
  GUB cover: 2
  Inf proof: 2
  Zero half: 3
  Network: 4
  RLT: 119
  Relax-and-lift: 30

Explored 13035 nodes (851575 simplex iterations) in 60.24 seconds
Thread count was 2 (of 32 available processors)

Solution count 9: 6777.47 6785.39 7294.28 ... 12860.1

Optimal solution found (tolerance 1.00e-04)
Best objective 6.777470000000e+03, best bound 6.777470000000e+03, gap 0.0000%

User-callback calls 33742, time in user-callback 4.52 sec
================================================================================
executing instance: ./input/Instances/Original/2/absH3high_3n20.dat
--------------------------------------------------------------------------------
Instance details
n	21
H	3
C	1536
Li:
[0, 0, 0, 0, 0, 0, 0, 0, 0, 0, 0, 0, 0, 0, 0, 0, 0, 0, 0, 0, 0, ]
Ui:
[0, 48, 207, 156, 294, 207, 297, 54, 114, 90, 228, 132, 84, 64, 51, 153, 60, 39, 195, 82, 130, ]
Distance matrix:
|0	41	141	324	154	98	307	402	160	217	284	269	188	233	54	185	307	149	286	276	103	|
|41	0	114	285	184	88	285	385	200	197	251	230	189	270	48	205	295	160	245	241	62	|
|141	114	0	200	208	193	353	459	269	275	289	154	129	371	160	192	380	136	205	267	88	|
|324	285	200	0	406	330	386	484	467	344	286	57	299	555	318	380	442	327	114	255	226	|
|154	184	208	406	0	250	460	553	101	370	436	361	136	247	208	63	455	87	405	425	232	|
|98	88	193	330	250	0	211	304	232	121	204	273	276	249	44	283	210	244	259	204	113	|
|307	285	353	386	460	211	0	106	436	90	104	342	467	407	253	490	72	445	275	134	269	|
|402	385	459	484	553	304	106	0	517	188	198	443	570	463	348	587	102	545	371	229	373	|
|160	200	269	467	101	232	436	517	0	349	434	417	231	148	200	163	415	179	444	431	261	|
|217	197	275	344	370	121	90	188	349	0	111	293	382	335	163	400	106	357	244	128	187	|
|284	251	289	286	436	204	104	198	434	111	0	246	413	441	235	452	170	401	173	31	214	|
|269	230	154	57	361	273	342	443	417	293	246	0	266	500	261	342	393	286	85	215	170	|
|188	189	129	299	136	276	467	570	231	382	413	266	0	368	233	88	483	53	330	394	201	|
|233	270	371	555	247	249	407	463	148	335	441	500	368	0	242	310	364	316	504	448	330	|
|54	48	160	318	208	44	253	348	200	163	235	261	233	242	0	239	254	200	262	230	92	|
|185	205	192	380	63	283	490	587	163	400	452	342	88	310	239	0	492	56	397	438	240	|
|307	295	380	442	455	210	72	102	415	106	170	393	483	364	254	492	0	453	334	198	293	|
|149	160	136	327	87	244	445	545	179	357	401	286	53	316	200	56	453	0	341	385	188	|
|286	245	205	114	405	259	275	371	444	244	173	85	330	504	262	397	334	341	0	142	183	|
|276	241	267	255	425	204	134	229	431	128	31	215	394	448	230	438	198	385	142	0	198	|
|103	62	88	226	232	113	269	373	261	187	214	170	201	330	92	240	293	188	183	198	0	|

--------------------------------------------------------------------------------
Building model...
	using lazy and cut (CVRPSEP package)
Solving IRP LP...
--------------------------------------------------------------------------------

Gurobi 9.1.0 (linux64) logging started Sun Feb  7 09:06:38 2021

Gurobi Optimizer version 9.1.0 build v9.1.0rc0 (linux64)
Thread count: 32 physical cores, 32 logical processors, using up to 2 threads
Optimize a model with 1509 rows, 3849 columns and 15669 nonzeros
Model fingerprint: 0x9ba40130
Variable types: 384 continuous, 3465 integer (315 binary)
Coefficient statistics:
  Matrix range     [1e+00, 3e+02]
  Objective range  [1e-01, 6e+02]
  Bounds range     [1e+00, 3e+02]
  RHS range        [1e+00, 3e+03]
Presolve removed 521 rows and 500 columns
Presolve time: 0.12s
Presolved: 988 rows, 3349 columns, 11768 nonzeros
Variable types: 230 continuous, 3119 integer (2825 binary)

Root relaxation: objective 6.945956e+03, 1276 iterations, 0.04 seconds

    Nodes    |    Current Node    |     Objective Bounds      |     Work
 Expl Unexpl |  Obj  Depth IntInf | Incumbent    BestBd   Gap | It/Node Time

     0     0 6945.95572    0   65          - 6945.95572      -     -    0s
     0     0 7210.13400    0   99          - 7210.13400      -     -    0s
     0     0 7210.55650    0   96          - 7210.55650      -     -    0s
     0     0 7548.38699    0  136          - 7548.38699      -     -    0s
     0     0 7551.91297    0  148          - 7551.91297      -     -    0s
     0     0 7552.01313    0  149          - 7552.01313      -     -    0s
     0     0 7709.31875    0  207          - 7709.31875      -     -    0s
     0     0 7785.42438    0  213          - 7785.42438      -     -    0s
     0     0 7803.94319    0  197          - 7803.94319      -     -    0s
     0     0 7804.78847    0  194          - 7804.78847      -     -    1s
     0     0 7804.78847    0  189          - 7804.78847      -     -    1s
     0     0 7890.29885    0  182          - 7890.29885      -     -    1s
     0     0 7911.59196    0  180          - 7911.59196      -     -    1s
     0     0 7912.46277    0  155          - 7912.46277      -     -    1s
     0     0 7915.57961    0  203          - 7915.57961      -     -    1s
     0     0 7916.48899    0  168          - 7916.48899      -     -    1s
     0     0 7922.33262    0  221          - 7922.33262      -     -    1s
     0     0 7927.32966    0  228          - 7927.32966      -     -    1s
     0     0 7927.63393    0  199          - 7927.63393      -     -    1s
     0     0 7937.76181    0  240          - 7937.76181      -     -    1s
     0     0 7939.26125    0  267          - 7939.26125      -     -    1s
     0     0 7939.55673    0  206          - 7939.55673      -     -    1s
     0     0 7944.14017    0  254          - 7944.14017      -     -    2s
     0     0 7944.14017    0  249          - 7944.14017      -     -    2s
     0     2 7946.93539    0  249          - 7946.93539      -     -    2s
    51    55 8415.56603   12  220          - 8050.97897      -   300    5s
*  261   256              93    11169.750000 8050.97897  27.9%   140    8s
*  262   256              93    11094.750000 8050.97897  27.4%   140    8s
*  263   256              93    11068.960000 8050.97897  27.3%   139    8s
   325   341 10182.8344  102   42 11068.9600 8050.97897  27.3%   131   10s
H  345   341                    10962.820000 8050.97897  26.6%   125   10s
H  423   434                    10922.820000 8050.97897  26.3%   112   11s
H  448   339                    10424.910000 8050.97897  22.8%   106   11s
   498   362 8484.76613   14  220 10424.9100 8064.86053  22.6%   123   15s
H  610   445                    10188.110000 8064.86053  20.8%   131   18s
