




arguments: ./build/bc_mirp -f ./input/orig_exec_281.cfg
Current dir: /scratch/gui/bc_mirp
File verbosity level: 9
date       time         ( uptime  ) [ thread name/id ]                   file:line     v| 
2021-02-17 21:44:37.439 (   0.097s) [main thread     ]             loguru.cpp:789   INFO| Logging to './output/vi_vc+hc2/OU/V5/Original/execution_17_02_2021_21_44_37.log', mode: 'a', verbosity: 9
--------------------------------------------------------------------------------
Parameters
                           instance_path           ./input/Instances/Original/6/
                            model_policy                                       1
                             nb_vehicles                                       5
                              output_dir      ./output/vi_vc+hc2/OU/V5/Original/
                            sec_strategy                                       1
                       solver_nb_threads                                       2
                         solver_show_log                                    true
                       solver_time_limit                                    3600
                              use_vi_cos                                   false
                              use_vi_cus                                   false
                         use_vi_hc1_full                                   false
                         use_vi_hc1_half                                   false
                      use_vi_hc1_quarter                                   false
                              use_vi_hc2                                    true
                              use_vi_hc3                                   false
                         use_vi_lex_full                                   false
                         use_vi_lex_half                                   false
                      use_vi_lex_quarter                                   false
                              use_vi_qua                                   false
                               use_vi_vc                                    true
                               use_vi_vr                                   false
--------------------------------------------------------------------------------
executing instance: ./input/Instances/Original/6/absH6high_1n25.dat
--------------------------------------------------------------------------------
Instance details
n	26
H	6
C	1711
Li:
[0, 0, 0, 0, 0, 0, 0, 0, 0, 0, 0, 0, 0, 0, 0, 0, 0, 0, 0, 0, 0, 0, 0, 0, 0, 0, ]
Ui:
[0, 168, 176, 34, 66, 36, 177, 106, 118, 182, 64, 141, 189, 63, 46, 111, 182, 231, 36, 66, 68, 54, 132, 90, 246, 75, ]
Distance matrix:
|0	191	200	231	334	329	146	196	208	245	218	164	283	394	151	358	156	196	309	253	201	260	127	138	130	104	|
|191	0	226	229	278	146	328	216	390	417	327	293	195	334	106	296	171	122	472	151	12	411	280	53	190	130	|
|200	226	0	38	149	359	321	10	276	274	418	364	139	204	121	173	321	115	303	141	225	236	155	202	311	256	|
|231	229	38	0	110	352	358	37	314	310	448	395	108	167	129	135	342	109	336	120	226	268	194	213	335	277	|
|334	278	149	110	0	367	467	147	422	413	546	495	86	61	203	25	423	163	429	129	271	363	303	282	424	361	|
|329	146	359	352	367	0	453	349	533	562	411	393	282	411	245	378	250	244	617	245	141	556	426	195	284	243	|
|146	328	321	358	467	453	0	321	162	215	160	112	425	524	297	491	223	341	284	397	339	266	186	276	184	210	|
|196	216	10	37	147	349	321	0	281	281	414	360	132	203	112	171	315	105	311	132	216	244	159	193	305	249	|
|208	390	276	314	422	533	162	281	0	54	321	271	410	471	316	445	348	348	123	398	398	115	125	338	313	309	|
|245	417	274	310	413	562	215	281	54	0	375	323	413	457	334	435	393	361	70	406	424	69	139	367	359	349	|
|218	327	418	448	546	411	160	414	321	375	0	57	484	606	347	569	163	393	444	446	339	421	318	288	137	199	|
|164	293	364	395	495	393	112	360	271	323	57	0	437	556	300	519	144	346	393	401	305	367	261	249	109	163	|
|283	195	139	108	86	282	425	132	410	413	484	437	0	139	137	101	349	91	443	44	187	375	286	206	355	291	|
|394	334	204	167	61	411	524	203	471	457	606	556	139	0	264	38	483	222	467	183	326	403	356	341	484	421	|
|151	106	121	129	203	245	297	112	316	334	347	300	137	264	0	225	220	46	381	102	106	316	195	84	221	158	|
|358	296	173	135	25	378	491	171	445	435	569	519	101	38	225	0	444	184	450	145	288	384	328	303	446	383	|
|156	171	321	342	423	250	223	315	348	393	163	144	349	483	220	444	0	261	460	308	183	415	284	143	39	65	|
|196	122	115	109	163	244	341	105	348	361	393	346	91	222	46	184	261	0	402	56	118	336	224	119	264	200	|
|309	472	303	336	429	617	284	311	123	70	444	393	443	467	381	450	460	402	0	442	477	68	192	424	426	413	|
|253	151	141	120	129	245	397	132	398	406	446	401	44	183	102	145	308	56	442	0	143	375	273	164	315	251	|
|201	12	225	226	271	141	339	216	398	424	339	305	187	326	106	288	183	118	477	143	0	416	286	63	202	142	|
|260	411	236	268	363	556	266	244	115	69	421	367	375	403	316	384	415	336	68	375	416	0	135	365	384	363	|
|127	280	155	194	303	426	186	159	125	139	318	261	286	356	195	328	284	224	192	273	286	135	0	232	256	229	|
|138	53	202	213	282	195	276	193	338	367	288	249	206	341	84	303	143	119	424	164	63	365	232	0	153	89	|
|130	190	311	335	424	284	184	305	313	359	137	109	355	484	221	446	39	264	426	315	202	384	256	153	0	64	|
|104	130	256	277	361	243	210	249	309	349	199	163	291	421	158	383	65	200	413	251	142	363	229	89	64	0	|

--------------------------------------------------------------------------------
Building model...
	using lazy and cut (CVRPSEP package)
Solving IRP LP...
--------------------------------------------------------------------------------

Gurobi 9.1.0 (linux64) logging started Wed Feb 17 21:44:37 2021

Gurobi Optimizer version 9.1.0 build v9.1.0rc0 (linux64)
Thread count: 32 physical cores, 32 logical processors, using up to 2 threads
Optimize a model with 3722 rows, 11462 columns and 46592 nonzeros
Model fingerprint: 0x8c12216b
Variable types: 932 continuous, 10530 integer (780 binary)
Coefficient statistics:
  Matrix range     [1e+00, 3e+02]
  Objective range  [1e-01, 6e+02]
  Bounds range     [1e+00, 2e+02]
  RHS range        [1e+00, 3e+03]
Presolve removed 1078 rows and 1094 columns
Presolve time: 0.29s
Presolved: 2644 rows, 10368 columns, 35850 nonzeros
Variable types: 725 continuous, 9643 integer (8915 binary)

Root relaxation: objective 1.504609e+04, 3065 iterations, 0.15 seconds

    Nodes    |    Current Node    |     Objective Bounds      |     Work
 Expl Unexpl |  Obj  Depth IntInf | Incumbent    BestBd   Gap | It/Node Time

     0     0 15046.0874    0  262          - 15046.0874      -     -    0s
     0     0 15317.0394    0  319          - 15317.0394      -     -    1s
     0     0 15350.1257    0  293          - 15350.1257      -     -    1s
     0     0 15351.7643    0  296          - 15351.7643      -     -    1s
     0     0 15359.0003    0  309          - 15359.0003      -     -    1s
     0     0 15360.3079    0  303          - 15360.3079      -     -    1s
     0     0 15360.3079    0  311          - 15360.3079      -     -    1s
     0     0 15650.3437    0  293          - 15650.3437      -     -    2s
     0     0 15756.5956    0  377          - 15756.5956      -     -    2s
     0     0 15785.3555    0  384          - 15785.3555      -     -    3s
     0     0 15788.2434    0  361          - 15788.2434      -     -    3s
     0     0 15788.2574    0  358          - 15788.2574      -     -    3s
     0     0 16277.2853    0  509          - 16277.2853      -     -    4s
     0     0 16401.5783    0  532          - 16401.5783      -     -    5s
     0     0 16426.4825    0  515          - 16426.4825      -     -    6s
     0     0 16495.5000    0  577          - 16495.5000      -     -    6s
     0     0 16505.7546    0  533          - 16505.7546      -     -    6s
     0     0 16515.3677    0  533          - 16515.3677      -     -    7s
     0     0 16515.4952    0  539          - 16515.4952      -     -    7s
     0     0 16610.5380    0  398          - 16610.5380      -     -    8s
     0     0 16610.5380    0  398          - 16610.5380      -     -   10s
     0     0 16687.4645    0  542          - 16687.4645      -     -   11s
     0     0 16711.6219    0  590          - 16711.6219      -     -   11s
     0     0 16732.4621    0  605          - 16732.4621      -     -   12s
     0     0 16739.2266    0  641          - 16739.2266      -     -   12s
     0     0 16741.7248    0  606          - 16741.7248      -     -   12s
     0     0 16741.8323    0  632          - 16741.8323      -     -   13s
     0     0 16861.9132    0  685          - 16861.9132      -     -   14s
     0     0 16879.6235    0  600          - 16879.6235      -     -   14s
     0     0 16887.4307    0  584          - 16887.4307      -     -   15s
     0     0 16887.8967    0  604          - 16887.8967      -     -   15s
     0     0 16908.7677    0  473          - 16908.7677      -     -   16s
     0     0 16913.4033    0  566          - 16913.4033      -     -   16s
     0     0 16913.4658    0  555          - 16913.4658      -     -   16s
     0     0 16918.6928    0  536          - 16918.6928      -     -   17s
     0     0 16924.5599    0  531          - 16924.5599      -     -   17s
     0     2 16924.6006    0  483          - 16924.6006      -     -   20s
    11    14 17197.9225    4  419          - 16949.1490      -  1417   25s
    23    26 17116.9358    8  460          - 16949.1490      -  1537   30s
    39    42 17242.4870   11  459          - 16949.1490      -  1386   35s
    57    62 17287.5782   17  445          - 16949.1490      -  1242   40s
    69    74 17375.7485   21  429          - 16949.1490      -  1322   46s
    86    92 17446.7664   24  382          - 16949.1490      -  1256   50s
   123   142 17482.0049   29  468          - 16949.1490      -  1032   55s
   162   170 17646.1734   41  368          - 16949.1490      -   900   60s
   228   247 17723.3866   50  394          - 16949.1490      -   759   66s
   321   345 18185.3575   57  349          - 16949.1490      -   603   71s
   445   452 18392.4370   65  311          - 16949.1490      -   475   81s
   494   488 18783.6428   79  301          - 16949.1490      -   481   86s
   524   523 19297.3903   97  207          - 16949.1490      -   479   90s
   569   573 20030.1600  123  229          - 16949.1490      -   471   95s
   594   597 20295.8998  136  207          - 16949.1490      -   462  102s
   626   599 17314.5671    4  620          - 16949.1490      -   478  105s
   631   613 17367.7157    5  561          - 16949.1490      -   496  111s
   647   627 17467.7605   10  535          - 16949.1490      -   515  115s
   656   633 17414.9850   10  603          - 16949.1490      -   520  120s
   669   653 17422.6862   12  564          - 16949.1490      -   540  126s
   698   683 17542.5490   18  503          - 16949.1490      -   545  131s
   726   697 19823.9803  113  531          - 16949.1490      -   553  139s
   728   698 18540.6618   73  251          - 16949.1490      -   551  140s
   732   701 18540.6618   73  703          - 17027.9687      -   548  145s
   738   705 18770.5726   80  715          - 17226.7452      -   544  150s
   744   709 17573.0214   13  721          - 17306.9124      -   539  155s
   753   715 19072.7770   89  767          - 17321.0186      -   533  161s
   758   718 17473.5705   20  778          - 17332.6496      -   529  165s
   767   724 18407.6431   63  781          - 17337.1545      -   523  170s
   775   730 18598.2317   74  788          - 17339.3722      -   518  175s
   780   733 17347.9059   14  836          - 17340.9776      -   514  180s
   788   739 17601.5691   21  586          - 17340.9776      -   568  185s
   791   741 19356.5522  102  787          - 17340.9776      -   566  190s
   798   746 18409.5587   67  823          - 17341.4052      -   561  195s
   802   749 17342.1070   11  840          - 17342.1070      -   558  200s
   808   753 22664.3869  178  828          - 17344.2292      -   554  205s
   814   757 20128.1421  127  821          - 17345.0421      -   550  210s
   815   757 20434.6694  143  866          - 17345.0510      -   549  217s
   817   759 17939.1632   42  866          - 17345.9097      -   548  220s
   818   762 17361.9388   27  821          - 17345.9097      -   588  233s
   820   764 17381.4531   28  794          - 17354.9173      -   590  244s
   822   765 17371.7950   28  798          - 17355.5014      -   593  258s
   824   766 17371.9018   29  800          - 17371.9018      -   595  261s
   828   769 17393.9873   30  794          - 17371.9068      -   603  268s
   830   770 17418.1545   30  722          - 17388.8113      -   615  272s
   832   774 17400.8809   31  767          - 17388.8113      -   620  276s
   840   779 17406.3072   33  766          - 17388.8113      -   626  281s
   849   786 17411.7943   35  799          - 17388.8113      -   628  287s
   859   791 17426.3886   37  763          - 17388.8113      -   633  292s
   862   794 17427.0940   38  798          - 17388.8113      -   636  295s
   874   805 17434.4797   41  810          - 17388.8113      -   643  301s
   884   811 17443.4204   44  815          - 17388.8113      -   651  307s
   891   814 17493.4141   45  701          - 17388.8113      -   656  310s
   896   817 17479.5360   47  767          - 17388.8113      -   660  315s
   908   824 17546.0841   49  733          - 17388.8113      -   671  321s
   912   829 17547.2556   50  706          - 17388.8113      -   678  325s
   925   835 17740.1546   52  769          - 17388.8113      -   695  334s
   928   844 17592.2719   53  755          - 17388.8113      -   700  338s
   938   846 17595.0488   54  714          - 17388.8113      -   702  345s
   952   859 17703.0469   57  780          - 17388.8113      -   711  353s
   961   867 17646.6727   59  735          - 17388.8113      -   715  359s
   972   875 17691.9578   61  732          - 17388.8113      -   725  364s
   984   888 17681.3182   63  678          - 17388.8113      -   726  369s
  1001   897 17682.7415   65  687          - 17388.8113      -   724  374s
  1016   906 17715.7996   69  683          - 17388.8113      -   727  378s
  1030   919 17725.4464   72  592          - 17388.8113      -   728  383s
  1047   933 17797.7891   74  633          - 17388.8113      -   729  388s
  1067   944 17788.8590   76  549          - 17388.8113      -   728  394s
  1085   957 17878.0903   80  509          - 17388.8113      -   729  400s
  1104   973 17916.1951   84  585          - 17388.8113      -   730  406s
  1126   987 18140.6340   89  495          - 17388.8113      -   729  411s
  1147  1005 18049.6340   95  491          - 17388.8113      -   729  417s
  1172  1018 18087.0342  102  491          - 17388.8113      -   728  424s
  1194  1026 18108.3187  108  471          - 17388.8113      -   730  430s
  1209  1047 18184.8712  111  426          - 17388.8113      -   733  437s
  1235  1070 18281.8485  118  400          - 17388.8113      -   730  444s
  1267  1087 18507.3611  128  364          - 17388.8113      -   727  452s
  1294  1115 18295.7944  136  443          - 17388.8113      -   727  460s
  1331  1133 18307.8493  146  444          - 17388.8113      -   721  467s
  1362  1157 18328.1871  153  436          - 17388.8113      -   720  476s
  1396  1186 18341.3987  162  461          - 17388.8113      -   720  484s
  1436  1208 18345.1306  172  500          - 17388.8113      -   715  492s
  1472  1252 18355.2700  181  422          - 17388.8113      -   714  500s
  1528  1292 18377.3975  192  468          - 17388.8113      -   705  509s
  1586  1332 19089.6925  204  437          - 17388.8113      -   697  518s
  1646  1372 18548.2340  218  476          - 17388.8113      -   687  527s
  1706  1424 18728.6327  233  411          - 17388.8113      -   678  537s
  1778  1467 18812.0474  253  443          - 17388.8113      -   668  547s
  1845  1518 18980.9104  269  384          - 17388.8113      -   661  557s
  1918  1564 19052.6116  286  340          - 17388.8113      -   653  567s
  1988  1628 19059.5591  304  358          - 17388.8113      -   647  579s
  2076  1707 19360.5117  329  377          - 17388.8113      -   637  590s
  2184  1803 19559.1886  354  356          - 17388.8113      -   623  602s
  2316  1881 19674.8035  385  349          - 17388.8113      -   604  615s
  2438  1990 20686.4348  415  353          - 17388.8113      -   588  628s
  2590  2026 infeasible  448               - 17389.0643      -   569  641s
  2702  2103 17602.2272   32  696          - 17389.0643      -   559  655s
  2817  2175 17660.6638   37  645          - 17389.0643      -   549  669s
  2927  2276 17715.2434   41  713          - 17389.0643      -   541  684s
  3065  2358 17784.2458   52  548          - 17389.0643      -   528  699s
  3193  2503 17873.4491   65  537          - 17389.0643      -   521  715s
  3347  2783 17918.8557   79  464          - 17389.0643      -   511  731s
  3627  3077 18004.8108   92  517          - 17389.0643      -   484  745s
  3929  3259 18045.1396  102  515          - 17389.0643      -   455  766s
  4187  3309 18337.0290  108  476          - 17389.0643      -   433  781s
  4222  3340 18093.4498  120  575          - 17389.0643      -   436  794s
  4253  3379 18102.6628  130  565          - 17389.0643      -   440  808s
  4292  3425 18137.6440  144  513          - 17389.0643      -   443  822s
  4338  3477 18194.8303  159  515          - 17389.0643      -   446  837s
  4390  3536 18406.0629  174  515          - 17389.0643      -   448  853s
  4449  3588 18234.6235  190  498          - 17389.0643      -   450  869s
  4501  3661 18289.9742  202  473          - 17389.0643      -   452  885s
  4574  3752 18342.0898  214  461          - 17389.0643      -   453  903s
  4665  3893 18381.3674  228  397          - 17389.0643      -   454  922s
  4806  4071 18639.3125  247  368          - 17389.0643      -   449  980s
  4984  4329 18546.1990  277  485          - 17389.0643      -   441 1003s
  5242  4591 18754.3641  312  388          - 17389.0643      -   428 1026s
  5504  4986 18951.3260  365  361          - 17389.0643      -   416 1052s
  5858  4986 21594.2740  751  228          - 17389.0643      -   400 1055s
  5903  5250 19089.9266  427  398          - 17389.0643      -   397 1080s
  6185  5377 19268.2187  465  379          - 17389.0643      -   385 1104s
  6312  5523 19394.3347  520  337          - 17389.0643      -   385 1126s
  6458  5671 19509.5887  582  386          - 17389.0643      -   385 1148s
  6606  5852 19599.3527  634  330          - 17389.0643      -   383 1171s
  6787  6109 20025.4040  690  335          - 17389.0643      -   381 1194s
  7046  6444 20064.8715  758  256          - 17389.0643      -   375 1218s
  7302  6444 19368.1375  327  347          - 17389.0643      -   368 1220s
  7387  7308 20992.4669  823  278          - 17389.0643      -   365 1255s
  8110  7308 20002.4608  443  317          - 17389.0643      -   342 1260s
  8262  7614 infeasible 1145               - 17410.6016      -   338 1288s
  8546  7614 22040.1760  731  191          - 17410.6016      -   332 1291s
  8592  8214 17846.2100   41  657          - 17410.6016      -   330 1325s
  9068  8214 24928.2534 1019   60          - 17410.6016      -   318 1330s
  9254  8276 17921.5787   47  614          - 17410.6016      -   313 1353s
  9299  8334 18029.8224   62  592          - 17410.6016      -   316 1376s
  9357  8426 18211.0449   73  481          - 17410.6016      -   319 1398s
  9449  8530 18551.1553   98  392          - 17410.6016      -   321 1421s
  9553  8716 18755.9772  126  383          - 17410.6016      -   322 1445s
  9739  8903 19284.4816  228  336          - 17410.6016      -   321 1471s
  9926  9151 19781.8088  315  330          - 17410.6016      -   319 1496s
 10174  9465 20582.9101  388  310          - 17410.6016      -   316 1523s
 10480  9465 19494.3345  300  271          - 17410.6016      -   312 1525s
 10488  9920 21128.1123  491  289          - 17410.6016      -   312 1557s
 10949 10656 22608.8304  745  233          - 17411.8011      -   303 1592s
 11171 10656 25257.7164  841  134          - 17411.8011      -   300 1595s
 11771 10720 17732.0228   30  824          - 17411.8011      -   288 1704s
 11782 10720 20949.3740  512  270          - 17411.8011      -   289 1705s
 11817 11239 17799.1478   37  884          - 17411.8011      -   289 1735s
 12305 11239 24660.6682  809   35          - 17411.8011      -   281 1740s
 12406 11300 18046.5081   47  650          - 17411.8011      -   279 1761s
 12436 11347 18031.1847   56  598          - 17411.8011      -   281 1782s
 12483 11405 18267.1323   69  539          - 17411.8011      -   283 1803s
 12541 11496 18554.0250   90  454          - 17411.8011      -   285 1824s
 12606 11496 18164.1815   55  611          - 17411.8011      -   285 1825s
 12632 11622 18911.2275  122  393          - 17411.8011      -   286 1846s
 12758 11960 19282.3661  173  371          - 17411.8011      -   287 1870s
 13096 12692 20102.3726  333  230          - 17411.8011      -   283 1902s
 13349 12692 21663.2713  488  133          - 17411.8011      -   279 1905s
 13828 13018 infeasible  715               - 17418.2019      -   273 1934s
 14222 13056 17865.2494   42  784          - 17419.4231      -   269 1958s
 14260 13084 17951.9074   52  585          - 17419.4231      -   271 1979s
 14288 13127 18037.5458   60  696          - 17419.4231      -   273 2000s
 14331 13160 18264.2648   64  683          - 17419.4231      -   274 2022s
 14364 13188 18266.3983   66  575          - 17419.4231      -   276 2044s
 14392 13242 18342.8283   71  641          - 17419.4231      -   277 2065s
 14446 13304 18542.6379   84  464          - 17419.4231      -   279 2087s
 14508 13372 19029.2734   97  395          - 17419.4231      -   280 2110s
 14576 13452 19213.3169  109  414          - 17419.4231      -   281 2131s
 14656 13639 19195.0325  126  382          - 17419.4231      -   283 2153s
 14774 13639 19453.6231  178  405          - 17419.4231      -   282 2155s
 14843 13960 19596.9986  182  304          - 17419.4231      -   282 2179s
 15035 13960 19632.4676  239  402          - 17419.4231      -   280 2181s
 15164 14339 20334.1217  323  226          - 17419.4231      -   279 2209s
 15258 14339 20775.3612  389  250          - 17419.4231      -   278 2210s
 15551 14471 21793.0090  551  209          - 17425.1274      -   275 2235s
 15701 14486 17860.2256   33  753          - 17425.1274      -   276 2270s
 15744 14533 18117.2288   41  718          - 17425.1274      -   277 2294s
 15791 14608 18322.4335   53  638          - 17425.1274      -   279 2321s
 15866 14787 18586.1562   67  585          - 17425.1274      -   281 2346s
 16045 15155 18800.0992   82  529          - 17425.1274      -   280 2375s
 16413 15763 19022.9660  118  405          - 17425.1274      -   277 2410s
 16991 15763 27370.4482  623   17          - 17425.1274      -   271 2415s
 17113 15884 19352.9751  131  342          - 17425.1274      -   269 2437s
 17204 16005 19574.5650  185  380          - 17425.1274      -   270 2460s
 17325 16270 19957.7381  262  256          - 17425.1274      -   270 2485s
 17590 16561 20996.5072  483  259          - 17425.1274      -   268 2512s
 17863 16561 22659.3598  632  219          - 17425.1274      -   266 2515s
 17887 17166 22839.5054  632  160          - 17427.7000      -   267 2548s
 18066 17166 23988.3481  724  148          - 17427.7000      -   265 2550s
 18561 17225 17770.9022   33  806          - 17427.7000      -   261 2576s
 18600 17279 17897.9092   44  551          - 17427.7000      -   262 2597s
 18654 17352 18262.2324   57  471          - 17427.7000      -   263 2617s
 18727 17492 18560.0577   73  426          - 17427.7000      -   264 2639s
 18867 17727 18825.9411   88  389          - 17427.7000      -   264 2662s
 19102 18158 19104.7549  126  324          - 17427.7000      -   263 2688s
 19533 18801 20411.5732  237  270          - 17427.7000      -   259 2718s
 19712 18801 21068.6713  370  189          - 17427.7000      -   258 2720s
 20173 18801 23656.6421  767   99          - 17427.7000      -   254 2725s
 20206 19463 21442.1678  393  181          - 17439.4420      -   253 2749s
 20232 19463 21590.8247  402  171          - 17439.4420      -   253 2750s
 21032 19498 17934.6019   35  599          - 17439.4420      -   246 2777s
 21054 19527 18188.5731   38  406          - 17439.4420      -   247 2797s
 21083 19558 18304.6718   47  521          - 17439.4420      -   248 2817s
 21114 19594 18446.7661   51  597          - 17439.4420      -   249 2837s
 21150 19635 18657.0906   65  458          - 17439.4420      -   250 2857s
 21191 19685 18866.5314   76  372          - 17439.4420      -   251 2877s
 21241 19769 19131.7695   89  302          - 17439.4420      -   252 2898s
 21325 19921 19407.5836  120  307          - 17439.4420      -   253 2922s
 21477 20217 20446.1978  218  153          - 17440.7439      -   253 2954s
 21598 20217 21000.9237  287  146          - 17440.7439      -   252 2955s
 21841 20236 17786.2261   36  736          - 17440.7439      -   251 2977s
 21860 20287 17806.9351   38  765          - 17440.7439      -   251 2999s
 21911 20333 17944.1947   44  770          - 17440.7439      -   252 3019s
 21957 20416 18099.1174   48  581          - 17440.7439      -   253 3040s
 22040 20520 18310.7088   57  505          - 17440.7439      -   254 3067s
 22144 20603 18558.2921   69  447          - 17440.7439      -   254 3089s
 22205 20603 20787.6390  299  341          - 17440.7439      -   254 3090s
 22227 20779 18815.6294   79  398          - 17440.7439      -   254 3113s
 22403 20970 18948.8287  103  296          - 17440.7439      -   254 3136s
 22594 21158 19217.7046  138  293          - 17440.7439      -   253 3163s
 22782 21903 19444.9368  187  242          - 17440.7911      -   252 3197s
 23276 21903 20755.2691  604  156          - 17440.7911      -   248 3200s
 23579 21926 17857.8266   39  795          - 17443.1769      -   246 3224s
 23602 21966 18012.4418   44  591          - 17443.1769      -   247 3247s
 23642 22003 18272.3951   55  624          - 17443.1769      -   248 3269s
 23679 22072 18366.7986   60  375          - 17443.1769      -   249 3290s
 23748 22156 18611.3048   70  505          - 17443.1769      -   250 3314s
 23810 22156 19080.9887  120  357          - 17443.1769      -   251 3315s
 23832 22283 18838.6716   80  402          - 17443.1769      -   251 3337s
 23959 22683 19005.1722   92  355          - 17443.1769      -   251 3364s
 24359 22943 19157.4180  116  349          - 17443.1769      -   249 3395s
 24679 23018 19399.1473  139  355          - 17443.1769      -   247 3417s
 24754 23244 19933.7169  180  338          - 17443.1769      -   248 3442s
 24980 23837 20777.3505  342  138          - 17443.1769      -   247 3477s
 25340 23837 22042.5852  569  113          - 17443.1769      -   245 3480s
 25581 24165 25127.1779  692   67          - 17459.3652      -   243 3508s
*25783 23239             792    25963.810000 17459.3652  32.8%   242 3509s
 25896 23239     cutoff  822      25963.8100 17459.3652  32.8%   241 3510s
 25968 23124 17925.8988   45  589 25963.8100 17459.3652  32.8%   241 3532s
 26003 23175 18019.9732   51  610 25963.8100 17459.3652  32.8%   242 3553s
 26054 23409 18100.4086   58  647 25963.8100 17459.3652  32.8%   242 3579s
 26288 23564 18219.2791   63  534 25963.8100 17459.3652  32.8%   242 3600s

Cutting planes:
  User: 9237
  Gomory: 41
  Cover: 646
  Implied bound: 300
  Projected implied bound: 30
  Clique: 20
  MIR: 500
  Flow cover: 690
  GUB cover: 2
  Zero half: 15
  Network: 2
  RLT: 462
  Relax-and-lift: 32
  Lazy constraints: 296

Explored 26459 nodes (6408530 simplex iterations) in 3601.48 seconds
Thread count was 2 (of 32 available processors)

Solution count 1: 25963.8 

Time limit reached
Best objective 2.596381000000e+04, best bound 1.745936519030e+04, gap 32.7550%

User-callback calls 520326, time in user-callback 200.67 sec
================================================================================
executing instance: ./input/Instances/Original/6/absH6high_1n20.dat
--------------------------------------------------------------------------------
Instance details
n	21
H	6
C	1651
Li:
[0, 0, 0, 0, 0, 0, 0, 0, 0, 0, 0, 0, 0, 0, 0, 0, 0, 0, 0, 0, 0, ]
Ui:
[0, 36, 182, 182, 90, 261, 117, 30, 110, 42, 276, 153, 40, 94, 144, 46, 129, 213, 264, 160, 174, ]
Distance matrix:
|0	371	401	343	361	341	370	115	392	400	79	266	292	245	355	431	265	194	95	92	348	|
|371	0	37	141	110	250	117	438	67	131	372	305	115	238	247	255	235	296	392	430	185	|
|401	37	0	175	100	284	146	472	90	156	406	342	152	275	280	282	242	333	415	455	178	|
|343	141	175	0	239	110	38	374	95	60	314	182	67	130	106	127	318	201	397	423	303	|
|361	110	100	239	0	341	222	451	177	240	385	374	190	304	341	361	151	345	354	398	78	|
|341	250	284	110	341	0	143	337	203	151	289	102	152	97	15	95	394	156	415	431	398	|
|370	117	146	38	222	143	0	407	61	30	346	220	81	167	137	139	317	237	417	447	292	|
|115	438	472	374	451	337	407	0	443	434	66	241	339	251	351	431	374	181	201	177	450	|
|392	67	90	95	177	203	61	443	0	66	379	275	104	216	197	193	294	283	427	461	252	|
|400	131	156	60	240	151	30	434	66	0	374	237	112	189	142	127	344	261	448	477	312	|
|79	372	406	314	385	289	346	66	379	374	0	202	275	197	304	383	316	134	175	166	388	|
|266	305	342	182	374	102	220	241	275	237	202	0	191	70	117	196	386	73	352	359	415	|
|292	115	152	67	190	152	81	339	104	112	275	191	0	123	154	193	252	183	336	366	246	|
|245	238	275	130	304	97	167	251	216	189	197	70	123	0	110	187	322	72	319	334	346	|
|355	247	280	106	341	15	137	351	197	142	304	117	154	110	0	80	399	171	427	444	400	|
|431	255	282	127	361	95	139	431	193	127	383	196	193	187	80	0	444	251	499	519	429	|
|265	235	242	318	151	394	317	374	294	344	316	386	252	322	399	444	0	332	226	273	97	|
|194	296	333	201	345	156	237	181	283	261	134	73	183	72	171	251	332	0	279	286	375	|
|95	392	415	397	354	415	417	201	427	448	175	352	336	319	427	499	226	279	0	47	321	|
|92	430	455	423	398	431	447	177	461	477	166	359	366	334	444	519	273	286	47	0	368	|
|348	185	178	303	78	398	292	450	252	312	388	415	246	346	400	429	97	375	321	368	0	|

--------------------------------------------------------------------------------
Building model...
	using lazy and cut (CVRPSEP package)
Solving IRP LP...
--------------------------------------------------------------------------------

Gurobi 9.1.0 (linux64) logging started Wed Feb 17 22:44:40 2021

Gurobi Optimizer version 9.1.0 build v9.1.0rc0 (linux64)
Thread count: 32 physical cores, 32 logical processors, using up to 2 threads
Optimize a model with 2997 rows, 7677 columns and 31317 nonzeros
Model fingerprint: 0xfbcf847c
Variable types: 747 continuous, 6930 integer (630 binary)
Coefficient statistics:
  Matrix range     [1e+00, 3e+02]
  Objective range  [1e-01, 5e+02]
  Bounds range     [1e+00, 3e+02]
  RHS range        [1e+00, 3e+03]
Presolve removed 905 rows and 884 columns
Presolve time: 0.20s
Presolved: 2092 rows, 6793 columns, 23790 nonzeros
Variable types: 575 continuous, 6218 integer (5645 binary)

Root relaxation: objective 1.424202e+04, 2641 iterations, 0.14 seconds

    Nodes    |    Current Node    |     Objective Bounds      |     Work
 Expl Unexpl |  Obj  Depth IntInf | Incumbent    BestBd   Gap | It/Node Time

     0     0 14242.0162    0  220          - 14242.0162      -     -    0s
     0     0 14495.7467    0  294          - 14495.7467      -     -    0s
     0     0 14529.0495    0  308          - 14529.0495      -     -    1s
     0     0 14532.9641    0  317          - 14532.9641      -     -    1s
     0     0 14532.9641    0  318          - 14532.9641      -     -    1s
     0     0 14828.4280    0  366          - 14828.4280      -     -    2s
     0     0 14954.4108    0  356          - 14954.4108      -     -    2s
     0     0 14961.0046    0  365          - 14961.0046      -     -    2s
     0     0 14964.2270    0  315          - 14964.2270      -     -    2s
     0     0 14964.4874    0  335          - 14964.4874      -     -    2s
     0     0 15129.4626    0  384          - 15129.4626      -     -    3s
     0     0 15195.5250    0  430          - 15195.5250      -     -    4s
     0     0 15207.5323    0  418          - 15207.5323      -     -    4s
     0     0 15210.0590    0  454          - 15210.0590      -     -    4s
     0     0 15210.1781    0  445          - 15210.1781      -     -    4s
     0     0 15270.3828    0  513          - 15270.3828      -     -    5s
     0     0 15289.2702    0  533          - 15289.2702      -     -    6s
     0     0 15293.4493    0  532          - 15293.4493      -     -    8s
     0     0 15294.2502    0  526          - 15294.2502      -     -    8s
     0     0 15313.7948    0  553          - 15313.7948      -     -    9s
     0     0 15318.9843    0  464          - 15318.9843      -     -    9s
     0     0 15321.6278    0  528          - 15321.6278      -     -    9s
     0     0 15322.1120    0  524          - 15322.1120      -     -    9s
     0     0 15323.7824    0  497          - 15323.7824      -     -    9s
     0     0 15323.8641    0  484          - 15323.8641      -     -   10s
     0     0 15325.6144    0  526          - 15325.6144      -     -   10s
     0     0 15325.6144    0  500          - 15325.6144      -     -   10s
     0     2 15325.6867    0  500          - 15325.6867      -     -   11s
    11    15 15335.6596    4  508          - 15331.6267      -   728   15s
    38    41 15505.8414   11  451          - 15331.6267      -   899   20s
    56    60 15585.0866   16  478          - 15331.6267      -  1023   25s
    74    79 15784.7368   21  412          - 15331.6267      -  1033   30s
    90    99 15797.6439   27  422          - 15331.6267      -   965   46s
   126   132 16108.0550   38  446          - 15331.6267      -   866   50s
   171   189 16394.2527   47  406          - 15331.6267      -   771   55s
   253   284 17211.5762   76  279          - 15331.6267      -   603   60s
   356   386 18827.7426  115  220          - 15331.6267      -   490   65s
   488   542 20413.8022  164  167          - 15331.7239      -   398   70s
   654   708 15599.4373    7  676          - 15331.7239      -   342   76s
   745   723 15709.2765   10  568          - 15331.7239      -   315   80s
   754   725 17315.8157   76  256          - 15331.7239      -   318  114s
   756   727 21463.1864  184  479          - 15331.7239      -   317  115s
   767   734 15784.7368   22  673          - 15514.2408      -   312  120s
   783   745 22360.4268  205  757          - 15559.4010      -   306  125s
   797   754 19179.7601  130  864          - 15573.5581      -   300  130s
   810   763 23125.0356  233  820          - 15578.6302      -   296  135s
   820   769 19487.7078  129  814          - 15581.6699      -   292  140s
   829   775 21508.4571  179  792          - 15584.3087      -   289  146s
   838   781 25198.2694  243  893          - 15587.2311      -   286  150s
   853   791 15750.8698   24  831          - 15590.7697      -   281  155s
   865   800 15591.1715   14  244          - 15590.9471      -   321  160s
   871   804 15750.8698   24  748          - 15590.9471      -   319  165s
   882   812 22360.4268  205  833          - 15596.6286      -   315  170s
   891   818 17011.6209   73  804          - 15596.8371      -   311  175s
   894   820 25198.2694  243  808          - 15596.8427      -   310  181s
   897   825 15718.0013   29  663          - 15597.8724      -   336  191s
   899   826 15732.5877   30  639          - 15598.2547      -   336  212s
   901   827 15764.7985   30  644          - 15600.3285      -   337  215s
   907   833 15745.8448   32  629          - 15617.0898      -   340  220s
   931   849 15793.4232   38  547          - 15633.6703      -   356  225s
   945   858 15825.4225   41  527          - 15655.6253      -   365  230s
   966   872 15910.6057   47  487          - 15660.0683      -   376  235s
   987   891 15934.7480   52  443          - 15660.0683      -   386  240s
  1005   904 15973.9066   57  459          - 15660.0683      -   393  246s
  1031   922 16031.3574   65  476          - 15660.0683      -   401  250s
  1061   943 16062.3476   73  487          - 15660.0683      -   411  256s
  1083   957 16092.1419   79  455          - 15660.0683      -   418  260s
  1116   982 16194.8329   87  426          - 15660.0683      -   429  266s
  1145  1006 16186.9356   95  452          - 15660.0683      -   436  271s
  1179  1025 16207.0710  103  439          - 15660.0683      -   439  276s
  1210  1049 16224.3863  110  462          - 15660.0683      -   444  281s
  1244  1070 16253.0003  119  448          - 15660.0683      -   448  286s
  1274  1092 16417.6622  128  417          - 15660.0683      -   457  292s
  1292  1095 16329.0944  133  415          - 15660.0683      -   460  295s
  1321  1126 16499.8219  140  422          - 15660.0683      -   467  302s
  1342  1139 16581.1661  146  451          - 15660.0683      -   470  306s
  1381  1170 16709.3010  157  426          - 15660.0683      -   476  313s
  1408  1192 16765.4682  163  417          - 15660.0683      -   478  316s
  1439  1214 16852.0304  169  435          - 15660.0683      -   478  321s
  1471  1241 16888.8559  176  439          - 15660.0683      -   480  325s
  1543  1292 17260.1202  193  395          - 15660.0683      -   481  334s
  1584  1319 17342.9275  204  415          - 15660.0683      -   481  338s
  1626  1347 17629.9860  210  378          - 15660.0683      -   483  343s
  1668  1399 18092.1656  219  396          - 15660.0683      -   485  349s
  1744  1477 18208.0052  225  382          - 15660.0683      -   478  354s
  1848  1563 18365.1407  235  346          - 15660.0683      -   464  360s
  1968  1648 18536.5984  247  328          - 15660.0683      -   447  365s
  2095  1750 18777.6916  256  332          - 15660.0683      -   430  370s
  2244  1708 19242.8484  271  342          - 15660.0683      -   410  376s
  2275  1722 19278.3588  280  340          - 15660.0683      -   410  381s
  2300  1741 19387.4163  290  327          - 15660.0683      -   413  386s
  2329  1764 19449.2315  301  325          - 15660.0683      -   415  391s
  2362  1789 19802.7235  311  276          - 15660.0683      -   416  396s
  2402  1787 infeasible  326               - 15669.5187      -   417  403s
  2433  1792 15842.1785   42  641          - 15669.5187      -   419  409s
  2448  1809 15852.1675   44  621          - 15669.5187      -   422  414s
  2470  1830 15899.7415   52  615          - 15669.5187      -   424  420s
  2499  1846 16031.7876   62  491          - 15669.5187      -   426  426s
  2524  1869 16268.8816   69  465          - 15669.5187      -   428  432s
  2556  1900 16332.6712   82  471          - 15669.5187      -   430  438s
  2597  1936 16756.3986   99  433          - 15669.5187      -   430  445s
  2647  1956 17089.3148  115  468          - 15669.5187      -   429  452s
  2684  1966 infeasible  128               - 15670.5417      -   430  459s
  2718  1986 16046.7339   48  495          - 15670.5417      -   433  466s
  2749  2012 16135.7779   54  517          - 15670.5417      -   436  473s
  2786  2038 16369.0283   58  502          - 15670.5417      -   438  481s
  2824  2076 16434.2315   65  485          - 15670.5417      -   440  489s
  2875  2084 16634.5593   78  465          - 15670.5417      -   441  497s
  2900  2136 infeasible   83               - 15670.5417      -   441  505s
  2965  2156 infeasible  106               - 15673.3220      -   440  514s
  2992  2147 17743.5227  176  409          - 15673.3220      -   440  515s
  3019  2191 16351.1421   56  495          - 15673.3220      -   441  524s
  3072  2239 16533.7490   67  510          - 15673.3220      -   443  533s
  3137  2269 16831.0059   88  479          - 15673.3220      -   442  544s
  3195  2267 infeasible  108               - 15676.4529      -   444  555s
