




arguments: ./build/bc_mirp -f ./input/orig_exec_233.cfg
Current dir: /scratch/gui/bc_mirp
File verbosity level: 9
date       time         ( uptime  ) [ thread name/id ]                   file:line     v| 
2021-02-15 06:48:07.579 (   0.044s) [main thread     ]             loguru.cpp:789   INFO| Logging to './output/vi_vc+hc2/OU/V5/Original/execution_15_02_2021_06_48_07.log', mode: 'a', verbosity: 9
--------------------------------------------------------------------------------
Parameters
                           instance_path           ./input/Instances/Original/5/
                            model_policy                                       1
                             nb_vehicles                                       5
                              output_dir      ./output/vi_vc+hc2/OU/V5/Original/
                            sec_strategy                                       1
                       solver_nb_threads                                       2
                         solver_show_log                                    true
                       solver_time_limit                                    3600
                              use_vi_cos                                   false
                              use_vi_cus                                   false
                         use_vi_hc1_full                                   false
                         use_vi_hc1_half                                   false
                      use_vi_hc1_quarter                                   false
                              use_vi_hc2                                    true
                              use_vi_hc3                                   false
                         use_vi_lex_full                                   false
                         use_vi_lex_half                                   false
                      use_vi_lex_quarter                                   false
                              use_vi_qua                                   false
                               use_vi_vc                                    true
                               use_vi_vr                                   false
--------------------------------------------------------------------------------
executing instance: ./input/Instances/Original/5/absH3low_4n50.dat
--------------------------------------------------------------------------------
Instance details
n	51
H	3
C	4066
Li:
[0, 0, 0, 0, 0, 0, 0, 0, 0, 0, 0, 0, 0, 0, 0, 0, 0, 0, 0, 0, 0, 0, 0, 0, 0, 0, 0, 0, 0, 0, 0, 0, 0, 0, 0, 0, 0, 0, 0, 0, 0, 0, 0, 0, 0, 0, 0, 0, 0, 0, 0, ]
Ui:
[0, 108, 126, 122, 66, 120, 48, 30, 128, 54, 158, 198, 36, 66, 210, 234, 147, 297, 171, 128, 116, 120, 219, 70, 294, 207, 134, 128, 234, 122, 22, 183, 195, 255, 132, 124, 66, 189, 219, 66, 128, 102, 288, 66, 87, 136, 36, 39, 282, 36, 237, ]
Distance matrix:
|0	210	444	498	509	104	438	228	487	304	456	434	526	476	163	47	293	396	293	290	313	85	280	437	293	336	409	106	449	376	433	478	193	404	404	534	278	181	380	507	189	438	263	473	353	216	202	218	452	254	465	|
|210	0	299	507	359	106	345	409	358	411	320	402	555	448	136	200	289	264	306	427	141	222	83	348	264	320	283	303	380	208	258	357	170	348	475	542	243	347	355	379	65	479	172	373	355	251	112	229	402	210	300	|
|444	299	0	363	65	358	116	542	66	440	26	241	425	272	282	407	251	51	276	490	159	397	224	124	217	237	48	490	170	99	83	74	261	180	430	385	214	479	231	85	270	390	184	116	271	300	409	276	210	215	54	|
|498	507	363	0	385	482	246	424	326	254	343	123	63	93	388	452	221	337	211	314	428	414	480	239	243	187	324	463	194	418	438	307	346	188	156	36	264	392	156	326	444	87	340	258	154	286	603	294	153	297	417	|
|509	359	65	385	0	422	145	602	59	492	59	269	448	292	348	472	305	115	329	545	218	462	281	152	274	286	106	554	192	153	116	78	326	216	472	403	274	540	271	63	334	425	249	127	316	361	468	337	233	278	69	|
|104	106	358	482	422	0	372	309	408	337	374	396	521	441	98	96	262	314	271	342	215	124	177	373	249	302	329	198	394	281	337	402	139	353	419	518	230	250	343	428	90	437	188	405	328	200	134	188	406	199	372	|
|438	345	116	246	145	372	0	485	87	357	97	126	309	155	279	394	180	101	200	414	223	373	288	8	157	150	84	459	53	188	196	68	245	72	328	269	165	427	128	97	297	280	184	36	175	250	456	233	94	184	170	|
|228	409	542	424	602	309	485	0	561	170	544	419	424	446	298	214	305	491	286	115	462	187	457	480	331	339	496	124	470	510	565	545	295	424	279	454	329	66	376	576	363	340	370	520	330	242	429	266	453	328	581	|
|487	358	66	326	59	408	87	561	0	441	40	211	389	233	324	446	258	95	281	497	220	431	287	95	230	234	79	522	133	164	146	19	297	160	415	344	233	500	215	21	323	367	224	68	261	320	470	299	174	242	106	|
|304	411	440	254	492	337	357	170	441	0	434	266	255	286	275	266	189	392	164	63	408	225	428	351	224	207	392	234	330	438	484	424	250	287	112	284	232	149	233	453	349	170	302	389	185	168	471	195	305	248	487	|
|456	320	26	343	59	374	97	544	40	434	0	223	406	252	294	418	247	60	271	487	181	405	247	105	215	229	49	498	149	124	109	48	270	165	419	364	215	482	218	60	288	375	194	92	261	302	431	279	190	220	75	|
|434	402	241	123	269	396	126	419	211	266	223	0	185	46	298	387	140	213	145	328	310	355	366	118	147	97	201	425	78	295	315	191	256	65	211	151	166	371	53	215	343	157	231	145	90	220	505	217	41	198	295	|
|526	555	425	63	448	521	309	424	389	255	406	185	0	156	430	481	266	398	252	310	485	442	534	301	293	237	386	480	257	478	500	370	390	249	145	55	313	401	212	389	491	89	392	321	201	322	646	334	216	345	479	|
|476	448	272	93	292	441	155	446	233	286	252	46	156	0	343	429	183	250	184	348	353	396	411	148	192	140	236	461	102	334	350	214	302	106	214	113	212	402	98	233	389	151	277	165	125	261	551	260	62	244	325	|
|163	136	282	388	348	98	279	298	324	275	294	298	430	343	0	124	167	234	178	296	167	121	162	279	151	205	247	216	297	224	280	316	42	256	340	423	132	232	246	344	74	349	100	314	233	115	216	97	308	101	307	|
|47	200	407	452	472	96	394	214	446	266	418	387	481	429	124	0	246	358	245	259	284	41	261	392	247	289	370	103	403	345	402	436	150	358	361	488	232	158	333	466	165	393	223	430	306	168	217	171	406	210	431	|
|293	289	251	221	305	262	180	305	258	189	247	140	266	183	167	246	0	204	26	240	238	215	276	175	37	43	203	289	169	255	297	242	125	122	202	257	52	248	87	272	225	191	134	215	67	80	382	77	163	81	298	|
|396	264	51	337	115	314	101	491	95	392	60	213	398	250	234	358	204	0	229	442	130	347	196	108	169	194	19	440	152	87	102	93	211	149	390	363	165	428	194	116	228	355	134	117	230	250	376	225	189	164	95	|
|293	306	276	211	329	271	200	286	281	164	271	145	252	184	178	245	26	229	0	216	262	212	297	195	63	53	228	280	184	280	323	264	138	137	178	248	76	232	95	294	241	173	156	234	60	77	395	83	172	102	324	|
|290	427	490	314	545	342	414	115	497	63	487	328	310	348	296	259	240	442	216	0	443	220	456	408	273	264	443	204	390	479	529	480	278	346	165	343	278	115	293	509	369	229	340	447	244	202	473	230	366	288	536	|
|313	141	159	428	218	215	223	462	220	408	181	310	485	353	167	284	238	130	262	443	0	288	67	228	202	252	149	382	267	67	122	221	168	247	440	459	186	396	273	241	125	423	107	245	291	242	251	214	297	162	160	|
|85	222	397	414	462	124	373	187	431	225	405	355	442	396	121	41	215	347	212	220	288	0	273	371	221	258	357	95	378	344	401	420	136	331	321	450	208	126	302	450	177	353	213	409	272	136	253	143	377	190	426	|
|280	83	224	480	281	177	288	457	287	428	247	366	534	411	162	261	276	196	297	456	67	273	0	292	243	298	215	363	329	128	176	288	179	305	475	513	224	392	324	307	96	466	143	311	335	261	187	235	357	195	219	|
|437	348	124	239	152	373	8	480	95	351	105	118	301	148	279	392	175	108	195	408	228	371	292	0	154	144	91	456	46	194	203	76	244	65	320	261	163	423	121	103	299	273	185	40	168	247	459	230	86	183	178	|
|293	264	217	243	274	249	157	331	230	224	215	147	293	192	151	247	37	169	63	273	202	221	243	154	0	57	170	303	157	217	260	215	110	111	238	278	21	271	94	245	201	223	100	193	92	93	362	78	160	54	263	|
|336	320	237	187	286	302	150	339	234	207	229	97	237	140	205	289	43	194	53	264	252	258	298	144	57	0	190	331	131	257	294	216	163	84	197	221	77	285	44	246	258	172	155	183	39	123	418	119	120	110	288	|
|409	283	48	324	106	329	84	496	79	392	49	201	386	236	247	370	203	19	228	443	149	357	215	91	170	190	0	449	136	105	114	75	221	138	384	349	168	434	185	99	245	346	146	98	224	255	394	231	174	171	99	|
|106	303	490	463	554	198	459	124	522	234	498	425	480	461	216	103	289	440	280	204	382	95	363	456	303	331	449	0	458	439	496	510	229	410	344	498	293	89	374	540	267	391	307	495	336	211	308	226	451	280	520	|
|449	380	170	194	192	394	53	470	133	330	149	78	257	102	297	403	169	152	184	390	267	378	329	46	157	131	136	458	0	238	249	114	259	47	287	216	171	416	96	137	327	235	211	67	145	247	488	235	41	197	223	|
|376	208	99	418	153	281	188	510	164	438	124	295	478	334	224	345	255	87	280	479	67	344	128	194	217	257	105	439	238	0	57	169	216	230	453	445	206	445	268	184	191	427	141	202	296	278	315	250	274	191	92	|
|433	258	83	438	116	337	196	565	146	484	109	315	500	350	280	402	297	102	323	529	122	401	176	203	260	294	114	496	249	57	0	157	271	252	490	463	251	499	296	162	247	457	195	199	331	329	362	302	288	241	47	|
|478	357	74	307	78	402	68	545	19	424	48	191	370	214	316	436	242	93	264	480	221	420	288	76	215	216	75	510	114	169	157	0	287	141	396	325	219	485	196	31	319	347	216	49	243	306	469	286	154	230	120	|
|193	170	261	346	326	139	245	295	297	250	270	256	390	302	42	150	125	211	138	278	168	136	179	244	110	163	221	229	259	216	271	287	0	216	305	382	91	229	204	316	105	310	78	280	192	83	257	60	268	62	292	|
|404	348	180	188	216	353	72	424	160	287	165	65	249	106	256	358	122	149	137	346	247	331	305	65	111	84	138	410	47	230	252	141	216	0	255	215	126	369	56	168	292	210	177	102	103	200	454	189	54	155	234	|
|404	475	430	156	472	419	328	279	415	112	419	211	145	214	340	361	202	390	178	165	440	321	475	320	238	197	384	344	287	453	490	396	305	255	0	181	254	261	201	422	410	69	335	353	160	225	551	246	252	280	482	|
|534	542	385	36	403	518	269	454	344	284	364	151	55	113	423	488	257	363	248	343	459	450	513	261	278	221	349	498	216	445	463	325	382	215	181	0	298	425	189	342	479	115	373	276	190	323	638	330	175	332	439	|
|278	243	214	264	274	230	165	329	233	232	215	166	313	212	132	232	52	165	76	278	186	208	224	163	21	77	168	293	171	206	251	219	91	126	254	298	0	267	114	250	181	242	82	202	112	88	341	68	177	33	258	|
|181	347	479	392	540	250	427	66	500	149	482	371	401	402	232	158	248	428	232	115	396	126	392	423	271	285	434	89	416	445	499	485	229	369	261	425	267	0	325	516	298	313	305	463	281	180	375	203	403	264	516	|
|380	355	231	156	271	343	128	376	215	233	218	53	212	98	246	333	87	194	95	293	273	302	324	121	94	44	185	374	96	268	296	196	204	56	201	189	114	325	0	224	294	161	185	157	49	167	455	163	78	147	284	|
|507	379	85	326	63	428	97	576	21	453	60	215	389	233	344	466	272	116	294	509	241	450	307	103	245	246	99	540	137	184	162	31	316	168	422	342	250	516	224	0	344	371	244	70	271	337	490	317	176	261	120	|
|189	65	270	444	334	90	297	363	323	349	288	343	491	389	74	165	225	228	241	369	125	177	96	299	201	258	245	267	327	191	247	319	105	292	410	479	181	298	294	344	0	414	116	328	291	187	163	165	345	147	282	|
|438	479	390	87	425	437	280	340	367	170	375	157	89	151	349	393	191	355	173	229	423	353	466	273	223	172	346	391	235	427	457	347	310	210	69	115	242	313	161	371	414	0	323	301	133	238	565	253	197	273	444	|
|263	172	184	340	249	188	184	370	224	302	194	231	392	277	100	223	134	134	156	340	107	213	143	185	100	155	146	307	211	141	195	216	78	177	335	373	82	305	185	244	116	323	0	217	192	138	278	110	230	55	214	|
|473	373	116	258	127	405	36	520	68	389	92	145	321	165	314	430	215	117	234	447	245	409	311	40	193	183	98	495	67	202	199	49	280	102	353	276	202	463	157	70	328	301	217	0	205	286	485	269	106	220	167	|
|353	355	271	154	316	328	175	330	261	185	261	90	201	125	233	306	67	230	60	244	291	272	335	168	92	39	224	336	145	296	331	243	192	103	160	190	112	281	49	271	291	133	192	205	0	138	449	141	123	145	323	|
|216	251	300	286	361	200	250	242	320	168	302	220	322	261	115	168	80	250	77	202	242	136	261	247	93	123	255	211	247	278	329	306	83	200	225	323	88	180	167	337	187	238	138	286	138	0	328	28	243	88	340	|
|202	112	409	603	468	134	456	429	470	471	431	505	646	551	216	217	382	376	395	473	251	253	187	459	362	418	394	308	488	315	362	469	257	454	551	638	341	375	455	490	163	565	278	485	449	328	0	313	508	308	406	|
|218	229	276	294	337	188	233	266	299	195	279	217	334	260	97	171	77	225	83	230	214	143	235	230	78	119	231	226	235	250	302	286	60	189	246	330	68	203	163	317	165	253	110	269	141	28	313	0	235	61	315	|
|452	402	210	153	233	406	94	453	174	305	190	41	216	62	308	406	163	189	172	366	297	377	357	86	160	120	174	451	41	274	288	154	268	54	252	175	177	403	78	176	345	197	230	106	123	243	508	235	0	207	264	|
|254	210	215	297	278	199	184	328	242	248	220	198	345	244	101	210	81	164	102	288	162	190	195	183	54	110	171	280	197	191	241	230	62	155	280	332	33	264	147	261	147	273	55	220	145	88	308	61	207	0	253	|
|465	300	54	417	69	372	170	581	106	487	75	295	479	325	307	431	298	95	324	536	160	426	219	178	263	288	99	520	223	92	47	120	292	234	482	439	258	516	284	120	282	444	214	167	323	340	406	315	264	253	0	|

--------------------------------------------------------------------------------
Building model...
	using lazy and cut (CVRPSEP package)
Solving IRP LP...
--------------------------------------------------------------------------------

Gurobi 9.1.0 (linux64) logging started Mon Feb 15 06:48:07 2021

Gurobi Optimizer version 9.1.0 build v9.1.0rc0 (linux64)
Thread count: 32 physical cores, 32 logical processors, using up to 2 threads
Optimize a model with 3699 rows, 20844 columns and 84009 nonzeros
Model fingerprint: 0xeafda3f7
Variable types: 954 continuous, 19890 integer (765 binary)
Coefficient statistics:
  Matrix range     [1e+00, 8e+02]
  Objective range  [1e-02, 6e+02]
  Bounds range     [1e+00, 3e+02]
  RHS range        [1e+00, 7e+03]
Presolve removed 652 rows and 1212 columns
Presolve time: 0.30s
Presolved: 3047 rows, 19632 columns, 77986 nonzeros
Variable types: 593 continuous, 19039 integer (18275 binary)

Root relaxation: objective 3.625273e+03, 2139 iterations, 0.19 seconds

    Nodes    |    Current Node    |     Objective Bounds      |     Work
 Expl Unexpl |  Obj  Depth IntInf | Incumbent    BestBd   Gap | It/Node Time

     0     0 3625.27330    0  193          - 3625.27330      -     -    0s
     0     0 3894.96089    0  190          - 3894.96089      -     -    1s
     0     0 4393.94132    0  261          - 4393.94132      -     -    2s
     0     0 4493.16856    0  338          - 4493.16856      -     -    3s
     0     0 4498.46436    0  314          - 4498.46436      -     -    3s
     0     0 4498.66092    0  342          - 4498.66092      -     -    3s
     0     0 4781.98896    0  383          - 4781.98896      -     -    5s
     0     0 4795.68246    0  409          - 4795.68246      -     -    6s
     0     0 4799.43348    0  391          - 4799.43348      -     -    6s
     0     0 4799.65586    0  394          - 4799.65586      -     -    6s
     0     0 4883.78571    0  464          - 4883.78571      -     -    8s
     0     0 4916.25433    0  468          - 4916.25433      -     -    9s
     0     0 4922.09413    0  445          - 4922.09413      -     -   10s
     0     0 4929.33602    0  470          - 4929.33602      -     -   10s
     0     0 4934.09049    0  470          - 4934.09049      -     -   10s
     0     0 4934.14593    0  500          - 4934.14593      -     -   10s
     0     0 4988.37987    0  383          - 4988.37987      -     -   12s
     0     0 4991.86470    0  440          - 4991.86470      -     -   13s
     0     0 4992.58266    0  485          - 4992.58266      -     -   13s
     0     0 5015.81207    0  430          - 5015.81207      -     -   14s
     0     0 5019.92746    0  388          - 5019.92746      -     -   15s
     0     0 5023.26274    0  484          - 5023.26274      -     -   15s
     0     0 5023.49412    0  490          - 5023.49412      -     -   15s
     0     0 5028.74778    0  450          - 5028.74778      -     -   17s
     0     0 5029.50073    0  473          - 5029.50073      -     -   19s
     0     2 5029.90756    0  616          - 5029.90756      -     -   24s
     1     4 5031.54723    1  591          - 5029.97332      -   268   25s
    13    16 5082.93243    4  470          - 5045.35098      -   900   30s
    27    31 5100.96452    8  554          - 5045.35098      -   875   35s
    51    55 5160.67047   15  428          - 5045.35098      -   692   40s
    64    69 5227.84538   17  380          - 5045.35098      -   687   45s
    89    96 5300.68622   23  450          - 5045.35098      -   626   50s
   123   136 5445.27648   33  331          - 5045.35098      -   579   55s
   167   185 5761.31331   41  309          - 5045.35098      -   530   61s
   206   216 6095.59949   72  284          - 5045.35098      -   480   65s
   287   333 6197.93483   66  248          - 5045.35098      -   404   71s
   372   422 6471.89756   92  193          - 5045.35098      -   334   75s
   547   597 7341.09570  135  155          - 5045.35098      -   257   82s
   610   624 8024.90142  153  136          - 5062.81581      -   241   85s
   658   631 5273.89634    5  573          - 5062.81581      -   241   92s
   670   653 5191.02793    9  316          - 5062.81581      -   245   95s
   725   696 8930.67041  202  473          - 5062.81581      -   251  103s
   727   697 7427.24023  154  183          - 5062.81581      -   250  105s
   731   700 5145.50157    9  607          - 5062.81581      -   249  110s
   739   705 5353.33452   22  764          - 5087.86297      -   246  115s
   744   709 5288.38986   15  734          - 5106.34356      -   245  121s
   749   712 9162.15604  172  707          - 5111.14984      -   243  128s
   753   715 5651.51998   36  765          - 5114.39090      -   242  130s
   759   719 5353.33452   22  746          - 5119.06632      -   240  135s
   766   723 8139.71324  182  765          - 5128.20776      -   238  140s
   767   724 7567.47488  142  654          - 5129.89964      -   237  146s
   771   727 5271.64775   24  813          - 5132.74083      -   236  150s
   776   730 5954.63603   46  792          - 5133.83221      -   235  156s
   779   732 6435.89114   54  779          - 5133.85344      -   234  160s
   780   733 5227.74012   12  779          - 5133.85344      -   233  167s
   785   739 5141.67743   11  738          - 5140.17730      -   266  170s
   793   744 5194.55055   13  597          - 5141.67846      -   272  175s
   803   751 5154.87160   16  631          - 5141.67846      -   282  180s
   811   758 5166.19323   18  665          - 5141.67846      -   292  185s
   821   765 5187.64194   21  557          - 5141.67846      -   297  190s
   840   780 5214.28468   26  585          - 5141.67846      -   303  195s
   867   797 5331.03531   33  425          - 5141.67846      -   308  200s
   898   827 5402.05722   42  393          - 5141.67846      -   312  205s
   952   867 5582.29929   54  380          - 5141.67846      -   310  210s
  1020   917 5800.20519   68  293          - 5141.67846      -   301  215s
  1103   973 5920.40404   81  203          - 5141.67846      -   291  221s
  1167  1025 6144.67711   95  257          - 5141.67846      -   284  225s
  1285  1115 6407.74921  118  198          - 5141.67846      -   271  230s
  1396  1191 6620.29066  140  196          - 5141.67846      -   258  235s
  1536  1247 6799.80807  162  129          - 5141.67846      -   243  241s
  1613  1261 7686.34617  195   93          - 5141.67846      -   237  252s
  1617  1296 infeasible  197               - 5153.17648      -   238  256s
  1687  1287 5167.36197   13  755          - 5153.17648      -   232  260s
  1692  1291 5222.50392   15  703          - 5153.17648      -   236  265s
  1698  1295 5259.24963   14  747          - 5153.17648      -   240  271s
  1704  1299 5330.53994   16  749          - 5153.17648      -   244  276s
  1707  1302 5204.19983   16  789          - 5153.17648      -   246  280s
  1718  1314 5263.85677   18  379          - 5153.17648      -   250  285s
  1748  1336 5340.60337   24  418          - 5153.17648      -   252  291s
  1770  1353 5368.33492   26  290          - 5153.17648      -   254  296s
  1807  1367 5511.17584   32  257          - 5153.17648      -   255  304s
  1832  1374 5477.01057   36  210          - 5153.17648      -   255  308s
  1847  1380 5593.87623   38  203          - 5153.17648      -   256  311s
  1871  1400 5610.22590   42  230          - 5153.17648      -   258  317s
  1886  1412 5646.79331   48  167          - 5153.17648      -   259  320s
  1928  1452 5876.26293   63  172          - 5153.17648      -   260  327s
  1957  1465 6040.08511   71  167          - 5153.17648      -   259  349s
  1980  1503 5993.78890   80  165          - 5153.17648      -   259  353s
  2025  1546 6117.40835  100  148          - 5153.17648      -   257  357s
  2083  1586 6316.05743  124  138          - 5153.17648      -   253  362s
  2143  1633 6438.10793  146  146          - 5153.17648      -   250  367s
  2212  1676 7506.86047  164   28          - 5153.17648      -   247  372s
  2284  1708 7361.98207  175   95          - 5153.17648      -   244  378s
  2350  1760 7708.18603  192   81          - 5171.26314      -   240  386s
  2455  1750 5194.96347   17  644          - 5171.26314      -   235  392s
  2477  1765 5250.73799   20  497          - 5171.26314      -   236  397s
  2499  1781 5306.48089   21  597          - 5171.26314      -   237  405s
  2522  1798 5214.71709   19  578          - 5171.26314      -   238  411s
  2547  1822 5262.12879   21  561          - 5171.26314      -   239  416s
  2579  1853 5293.90554   24  521          - 5171.26314      -   240  423s
  2621  1894 5370.03031   26  569          - 5171.26314      -   240  429s
  2676  1937 5337.15030   28  484          - 5171.26314      -   239  435s
  2737  1997 5437.87388   31  461          - 5171.26314      -   238  442s
  2818  2019 5494.96932   32  530          - 5171.26314      -   236  450s
  2867  2102 5484.55012   32  425          - 5171.26314      -   236  457s
  2966  2196 5780.00337   38  410          - 5171.26314      -   233  466s
  3093  2344 5553.40774   44  395          - 5171.26314      -   228  477s
  3297  2356 5680.34785   48  348          - 5171.26314      -   218  488s
* 3307  2356             234    10927.570000 5171.26314  52.7%   219  488s
  3317  2358 5723.67112   50  372 10927.5700 5171.26314  52.7%   219  533s
  3320  2373 5704.65855   52  381 10927.5700 5171.26314  52.7%   220  542s
* 3333  2373             233    10667.570000 5171.26314  51.5%   220  542s
  3336  2386 5785.14725   59  403 10667.5700 5171.26314  51.5%   221  549s
  3349  2403 5913.48574   64  350 10667.5700 5171.26314  51.5%   223  556s
  3366  2426 6052.31588   69  312 10667.5700 5171.26314  51.5%   224  563s
  3389  2460 6115.47880   74  323 10667.5700 5171.26314  51.5%   225  570s
  3423  2519 6180.34275   81  291 10667.5700 5171.26314  51.5%   226  578s
  3482  2521 6515.32254   89  287 10667.5700 5171.26314  51.5%   226  591s
  3484  2553 6410.32845   91  273 10667.5700 5171.26314  51.5%   226  601s
  3543  2581 6580.41492   99  255 10667.5700 5171.26314  51.5%   224  611s
  3571  2619 6927.64890  101  206 10667.5700 5171.26314  51.5%   226  621s
  3609  2646 6934.55700  114  217 10667.5700 5171.26314  51.5%   227  631s
  3636  2678 7131.08669  120  191 10667.5700 5171.26314  51.5%   227  640s
  3668  2746 7140.25696  130  207 10667.5700 5171.26314  51.5%   226  650s
  3736  2832 7657.76260  148  147 10667.5700 5171.26314  51.5%   225  661s
  3822  2834 8088.69024  173  113 10667.5700 5171.26314  51.5%   223  696s
  3824  2933 7986.03679  173  124 10667.5700 5171.26314  51.5%   223  707s
  3925  3065 8643.62756  199  114 10667.5700 5171.26314  51.5%   220  719s
  3965  3065 8866.99842  207   94 10667.5700 5171.26314  51.5%   219  720s
  4071  3096     cutoff  226      10667.5700 5187.31868  51.4%   216  737s
  4130  3124 5335.84912   14  798 10667.5700 5187.31868  51.4%   216  747s
  4158  3164 5548.17741   20  408 10667.5700 5187.31868  51.4%   218  757s
  4198  3192 5695.55077   30  488 10667.5700 5187.31868  51.4%   219  768s
  4226  3247 5749.01612   36  412 10667.5700 5187.31868  51.4%   220  778s
  4281  3308 5919.72739   51  410 10667.5700 5187.31868  51.4%   220  791s
  4342  3310 6021.14002   61  514 10667.5700 5187.31868  51.4%   220  868s
  4344  3396 6029.03243   62  562 10667.5700 5187.31868  51.4%   220  885s
  4462  3485 6498.26515   94  280 10667.5700 5191.46956  51.3%   219  901s
  4583  3497 5261.39186   14  748 10667.5700 5191.54956  51.3%   216  916s
  4598  3509 5476.71434   20  613 10667.5700 5191.54956  51.3%   218  927s
  4610  3526 5588.27378   27  673 10667.5700 5191.54956  51.3%   220  939s
  4627  3558 5955.65165   34  343 10667.5700 5191.54956  51.3%   222  950s
  4659  3627 6472.78867   56  264 10667.5700 5191.54956  51.3%   224  962s
  4728  3794 7269.19190  106  246 10667.5700 5191.81883  51.3%   223  981s
  4925  3811 5398.59419   16  589 10667.5700 5192.46725  51.3%   219  999s
  4932  3811 5309.77983   13  665 10667.5700 5192.46725  51.3%   220 1000s
  4942  3829 5697.80811   23  428 10667.5700 5192.46725  51.3%   221 1012s
  4960  3866 5891.75246   31  328 10667.5700 5192.46725  51.3%   223 1025s
  4997  3986 6039.34313   51  277 10667.5700 5192.49661  51.3%   224 1044s
  5039  3986 6529.09496   93  130 10667.5700 5192.49661  51.3%   223 1045s
  5129  4087 10527.0800  150    - 10667.5700 5193.32137  51.3%   223 1066s
  5253  4130 infeasible  155      10667.5700 5196.72323  51.3%   220 1084s
  5301  4137 10059.6500  197    - 10667.5700 5197.09201  51.3%   220 1085s
  5359  4162 5631.23107   24  405 10667.5700 5197.09201  51.3%   219 1102s
  5387  4187 5943.75064   32  472 10667.5700 5197.09201  51.3%   221 1116s
  5412  4253 6439.35728   50  319 10667.5700 5197.09201  51.3%   222 1131s
  5478  4423 7519.06617  103  234 10667.5700 5198.17910  51.3%   223 1151s
  5661  4539 5444.26231   23  601 10667.5700 5198.17910  51.3%   219 1173s
  5777  4644 5913.31971   40  312 10667.5700 5198.17910  51.3%   219 1193s
  5839  4644 9336.63955  187   71 10667.5700 5198.17910  51.3%   218 1195s
  5912  4719 6469.40309   89  254 10667.5700 5200.02436  51.3%   217 1215s
  5998  4736 5327.70764   16  852 10667.5700 5201.25298  51.2%   217 1235s
  6015  4754 5399.75472   19  782 10667.5700 5201.25298  51.2%   219 1254s
  6033  4773 5506.93063   22  526 10667.5700 5201.25298  51.2%   221 1272s
  6052  4794 5557.83944   24  676 10667.5700 5201.25298  51.2%   223 1290s
  6073  4832 5814.61888   28  567 10667.5700 5201.25298  51.2%   226 1310s
  6111  4886 6009.56774   35  467 10667.5700 5201.25298  51.2%   227 1330s
  6165  4950 6183.11376   39  331 10667.5700 5201.25298  51.2%   229 1351s
  6229  5071 6500.74862   46  455 10667.5700 5201.25298  51.2%   230 1375s
  6350  5230 6768.81111   54  431 10667.5700 5201.25298  51.2%   230 1406s
  6539  5283 7130.31942   64  385 10667.5700 5201.25298  51.2%   228 1428s
  6593  5382 7801.86903   86  189 10667.5700 5201.25298  51.2%   229 1450s
  6696  5503 9803.38240  118  189 10667.5700 5203.00791  51.2%   230 1484s
  6709  5503 9813.18213  120  111 10667.5700 5203.00791  51.2%   230 1485s
  6860  5542 5281.59770   15  625 10667.5700 5203.00791  51.2%   228 1507s
  6899  5678 5486.53402   23  644 10667.5700 5203.00791  51.2%   229 1531s
  7072  5728 5659.49470   41  390 10667.5700 5203.00791  51.2%   226 1554s
  7108  5728 6384.46919   77  222 10667.5700 5203.00791  51.2%   227 1555s
  7122  5811 6680.96112   84  229 10667.5700 5204.28363  51.2%   228 1576s
  7224  5941 5413.52957   18  681 10667.5700 5204.28363  51.2%   227 1617s
  7372  5979 5761.15301   29  662 10667.5700 5204.28363  51.2%   228 1650s
  7410  6114 6093.09786   56  401 10667.5700 5205.75895  51.2%   231 1683s
  7514  6114 8304.50899  160   83 10667.5700 5205.75895  51.2%   229 1685s
  7571  6151 5396.98446   20  653 10667.5700 5205.75895  51.2%   231 1714s
  7608  6201 5716.41676   37  686 10667.5700 5205.75895  51.2%   233 1744s
  7658  6358 6152.61285   69  478 10667.5700 5206.64785  51.2%   236 1784s
  7692  6358 6851.95448  103  247 10667.5700 5206.64785  51.2%   236 1785s
  7847  6400 9335.21333  200   14 10667.5700 5206.73233  51.2%   236 1925s
  7901  6587 9821.48909  202    7 10667.5700 5211.31287  51.1%   237 1969s
  8095  6652 10147.0800  203    - 10667.5700 5211.56467  51.1%   238 2022s
  8221  6727 10095.4800  202    - 10667.5700 5211.63071  51.1%   238 2068s
* 8222  6648             203    10177.080000 5211.63071  48.8%   238 2068s
* 8226  6643             201    10159.080000 5211.63071  48.7%   238 2068s
  8334  6694     cutoff  202      10159.0800 5214.83683  48.7%   239 2115s
  8398  6748 9983.58500  204   11 10159.0800 5215.29023  48.7%   241 2164s
  8430  6752 9598.60473  191   23 10159.0800 5215.30047  48.7%   242 2165s
  8462  6815 5789.35665   44  443 10159.0800 5215.30047  48.7%   244 2209s
  8519  6909 5972.74234   61  325 10159.0800 5215.30047  48.7%   247 2256s
  8613  7400 6160.63421   84  250 10159.0800 5215.30047  48.7%   249 2315s
  8952  7416 7349.93000  196    - 10159.0800 5215.30047  48.7%   244 2320s
  9180  7586 7316.32667  181   33 10159.0800 5216.39241  48.7%   242 2367s
  9366  7619 7340.84328  145   77 10159.0800 5218.08837  48.6%   239 2370s
  9437  7634 8280.24000  238   32 10159.0800 5218.08837  48.6%   240 2418s
  9457  7653 8320.64000  239   12 10159.0800 5220.32015  48.6%   240 2472s
  9538  7721 10140.7200  269    6 10159.0800 5223.73951  48.6%   238 2522s
  9600  7823 5671.89143   28  494 10159.0800 5223.75029  48.6%   240 2567s
  9696  8253 6358.96695   54  294 10159.0800 5223.80750  48.6%   243 2626s
 10222  8351 5439.92703   29  614 10159.0800 5223.84266  48.6%   237 2675s
 10322  8614 6629.32400   86  228 10159.0800 5224.69855  48.6%   238 2725s
 10660  8696     cutoff  218      10159.0800 5225.07367  48.6%   236 2774s
 10719  8696 5896.67549   48  222 10159.0800 5225.07367  48.6%   238 2775s
 10725  8807 5703.92765   30  464 10159.0800 5225.07367  48.6%   238 2819s
 10793  8807 5949.40229   57  385 10159.0800 5225.07367  48.6%   239 2820s
 10836  8975 6322.12838   85  144 10159.0800 5226.03699  48.6%   240 2867s
 11056  9018     cutoff  163      10159.0800 5226.04429  48.6%   239 2914s
 11095  9202     cutoff  163      10159.0800 5226.08744  48.6%   242 2960s
 11294  9464 6645.38903   66  283 10159.0800 5226.51209  48.6%   242 3007s
 11574  9516 5574.23385   31  543 10159.0800 5226.51209  48.6%   240 3058s
 11644  9591 6402.43763   51  165 10159.0800 5226.51209  48.6%   242 3104s
 11683  9591 7014.49844   69  218 10159.0800 5226.51209  48.6%   243 3105s
 11715  9910 7210.70758   75  195 10159.0800 5236.78386  48.5%   244 3159s
 11754  9910 7711.90267   88  199 10159.0800 5236.78386  48.5%   244 3160s
 12075 10080     cutoff  177      10159.0800 5242.70776  48.4%   241 3209s
 12139 10080 6363.19107   79  207 10159.0800 5242.70776  48.4%   241 3210s
 12244 10365 6752.17356   95  149 10159.0800 5243.67628  48.4%   242 3262s
 12440 10365 6196.69277   99   25 10159.0800 5243.78340  48.4%   240 3265s
 12599 10523 6835.37910   93   80 10159.0800 5245.46910  48.4%   240 3317s
 12795 10576 9737.81619  160   67 10159.0800 5246.37133  48.4%   239 3367s
 12871 10632 5720.08529   38  700 10159.0800 5247.41651  48.3%   241 3416s
 12930 10758 6559.95208   75  259 10159.0800 5249.88952  48.3%   242 3468s
 13034 10761 9681.83564  176   77 10159.0800 5249.88952  48.3%   241 3470s
 13089 10806 5631.01975   31  641 10159.0800 5249.91144  48.3%   242 3522s
 13127 10832 5787.05948   40  565 10159.0800 5249.91144  48.3%   244 3600s

Cutting planes:
  User: 11642
  Gomory: 42
  Cover: 780
  Implied bound: 290
  Projected implied bound: 5
  Clique: 64
  MIR: 192
  StrongCG: 4
  Flow cover: 621
  Zero half: 90
  RLT: 504
  Relax-and-lift: 8
  Lazy constraints: 2909

Explored 13153 nodes (3243821 simplex iterations) in 3600.69 seconds
Thread count was 2 (of 32 available processors)

Solution count 4: 10159.1 10177.1 10667.6 10927.6 

Time limit reached
Best objective 1.015908000000e+04, best bound 5.249911442766e+03, gap 48.3230%

User-callback calls 470144, time in user-callback 131.80 sec
================================================================================
executing instance: ./input/Instances/Original/5/absH3low_4n25.dat
--------------------------------------------------------------------------------
Instance details
n	26
H	3
C	2029
Li:
[0, 0, 0, 0, 0, 0, 0, 0, 0, 0, 0, 0, 0, 0, 0, 0, 0, 0, 0, 0, 0, 0, 0, 0, 0, 0, ]
Ui:
[0, 34, 165, 76, 88, 188, 58, 279, 52, 132, 198, 142, 135, 165, 186, 58, 201, 196, 40, 183, 32, 90, 168, 126, 93, 146, ]
Distance matrix:
|0	299	188	235	91	202	152	147	162	277	268	132	71	162	220	69	220	289	241	124	265	80	162	132	66	302	|
|299	0	468	431	282	142	317	425	443	569	193	178	359	302	422	231	93	28	511	325	457	242	434	215	240	601	|
|188	468	0	153	265	342	308	43	192	106	455	290	117	206	142	246	379	464	252	274	360	267	211	319	231	184	|
|235	431	153	0	326	289	386	145	321	240	482	269	184	129	15	258	339	436	393	355	477	305	336	354	237	334	|
|91	282	265	326	0	228	66	228	166	339	196	157	154	242	311	99	225	264	229	50	201	47	153	71	115	340	|
|202	142	342	289	228	0	285	301	363	447	255	73	245	161	281	139	53	151	440	278	428	181	360	187	136	495	|
|152	317	308	386	66	285	0	275	167	368	188	217	207	308	371	163	274	295	210	34	145	108	148	104	181	350	|
|147	425	43	145	228	301	275	0	179	146	415	248	76	172	131	203	337	421	248	242	341	227	195	279	188	211	|
|162	443	192	321	166	363	167	179	0	216	352	291	152	302	307	225	375	428	81	138	170	201	22	237	227	183	|
|277	569	106	240	339	447	368	146	216	0	535	391	210	312	232	341	481	562	245	335	381	352	238	402	329	106	|
|268	193	455	482	196	255	188	415	352	535	0	225	339	367	469	224	212	165	398	214	302	188	335	136	245	533	|
|132	178	290	269	157	73	217	248	291	391	225	0	183	145	258	66	91	175	367	207	358	110	287	127	67	431	|
|71	359	117	184	154	245	207	76	152	210	339	183	0	152	169	131	274	352	232	174	294	151	161	203	119	251	|
|162	302	206	129	242	161	308	172	302	312	367	145	152	0	120	153	210	308	383	284	426	208	309	249	132	383	|
|220	422	142	15	311	281	371	131	307	232	469	258	169	120	0	245	330	427	379	340	461	291	321	340	224	324	|
|69	231	246	258	99	139	163	203	225	341	224	66	131	153	245	0	152	222	301	147	299	57	221	97	22	371	|
|220	93	379	339	225	53	274	337	375	481	212	91	274	210	330	152	0	99	448	273	419	180	369	171	157	521	|
|289	28	464	436	264	151	295	421	428	562	165	175	352	308	427	222	99	0	493	305	434	227	418	196	234	590	|
|241	511	252	393	229	440	210	248	81	245	398	367	232	383	379	301	448	493	0	190	147	270	80	298	305	175	|
|124	325	274	355	50	278	34	242	138	335	214	207	174	284	340	147	273	305	190	0	152	97	122	110	162	320	|
|265	457	360	477	201	428	145	341	170	381	302	358	294	426	461	299	419	434	147	152	0	248	150	249	312	322	|
|80	242	267	305	47	181	108	227	201	352	188	110	151	208	291	57	180	227	270	97	248	0	192	52	76	366	|
|162	434	211	336	153	360	148	195	22	238	335	287	161	309	321	221	369	418	80	122	150	192	0	224	225	203	|
|132	215	319	354	71	187	104	279	237	402	136	127	203	249	340	97	171	196	298	110	249	52	224	0	118	409	|
|66	240	231	237	115	136	181	188	227	329	245	67	119	132	224	22	157	234	305	162	312	76	225	118	0	364	|
|302	601	184	334	340	495	350	211	183	106	533	431	251	383	324	371	521	590	175	320	322	366	203	409	364	0	|

--------------------------------------------------------------------------------
Building model...
	using lazy and cut (CVRPSEP package)
Solving IRP LP...
--------------------------------------------------------------------------------

Gurobi 9.1.0 (linux64) logging started Mon Feb 15 07:48:08 2021

Gurobi Optimizer version 9.1.0 build v9.1.0rc0 (linux64)
Thread count: 32 physical cores, 32 logical processors, using up to 2 threads
Optimize a model with 1874 rows, 5744 columns and 23309 nonzeros
Model fingerprint: 0x704b1a77
Variable types: 479 continuous, 5265 integer (390 binary)
Coefficient statistics:
  Matrix range     [1e+00, 4e+02]
  Objective range  [1e-02, 6e+02]
  Bounds range     [1e+00, 3e+02]
  RHS range        [1e+00, 3e+03]
Presolve removed 631 rows and 620 columns
Presolve time: 0.14s
Presolved: 1243 rows, 5124 columns, 17731 nonzeros
Variable types: 290 continuous, 4834 integer (4467 binary)

Root relaxation: objective 2.654534e+03, 1372 iterations, 0.05 seconds

    Nodes    |    Current Node    |     Objective Bounds      |     Work
 Expl Unexpl |  Obj  Depth IntInf | Incumbent    BestBd   Gap | It/Node Time

     0     0 2654.53450    0   92          - 2654.53450      -     -    0s
     0     0 2797.70883    0  150          - 2797.70883      -     -    0s
     0     0 2803.56886    0  146          - 2803.56886      -     -    0s
     0     0 2805.29479    0  133          - 2805.29479      -     -    0s
     0     0 2805.40566    0  133          - 2805.40566      -     -    0s
     0     0 3282.20858    0  177          - 3282.20858      -     -    0s
     0     0 3285.03541    0  167          - 3285.03541      -     -    0s
     0     0 3285.11282    0  173          - 3285.11282      -     -    0s
     0     0 3432.09373    0  271          - 3432.09373      -     -    1s
     0     0 3507.91647    0  273          - 3507.91647      -     -    1s
     0     0 3532.33327    0  334          - 3532.33327      -     -    1s
     0     0 3542.02254    0  334          - 3542.02254      -     -    1s
     0     0 3545.02142    0  321          - 3545.02142      -     -    1s
     0     0 3546.24562    0  300          - 3546.24562      -     -    1s
     0     0 3608.23930    0  358          - 3608.23930      -     -    1s
     0     0 3617.39025    0  366          - 3617.39025      -     -    1s
     0     0 3618.69240    0  370          - 3618.69240      -     -    1s
     0     0 3619.38358    0  377          - 3619.38358      -     -    1s
     0     0 3646.79963    0  354          - 3646.79963      -     -    2s
     0     0 3648.40625    0  308          - 3648.40625      -     -    2s
     0     0 3648.64848    0  329          - 3648.64848      -     -    2s
     0     0 3662.14094    0  331          - 3662.14094      -     -    2s
     0     0 3665.95305    0  384          - 3665.95305      -     -    2s
     0     0 3666.31432    0  382          - 3666.31432      -     -    2s
     0     0 3672.57489    0  342          - 3672.57489      -     -    2s
     0     0 3672.57489    0  332          - 3672.57489      -     -    2s
     0     2 3674.75590    0  331          - 3674.75590      -     -    3s
    28    31 3795.17221    8  312          - 3722.45851      -   477    5s
   151   171 4970.52536   48   79          - 3722.45851      -   318   10s
*  321   319             131    6940.4400000 3732.01932  46.2%   190   12s
   332   321 4117.87697    5  272 6940.44000 3732.01932  46.2%   191   15s
   557   526 4834.58693   30   41 6940.44000 3732.01932  46.2%   154   20s
   769   736 5709.62197   90  332 6940.44000 3732.01932  46.2%   143   26s
H  770   700                    6683.9200000 3732.01932  44.2%   143   27s
   785   710 6640.44362  112  403 6683.92000 3753.10875  43.8%   140   30s
   799   719 4518.23621   29  437 6683.92000 3787.67213  43.3%   137   35s
   805   725 3926.25355   14  378 6683.92000 3858.99627  42.3%   150   40s
   841   753 4272.64168   23  187 6683.92000 3904.28081  41.6%   164   45s
   897   798 4788.67321   43   84 6683.92000 3904.28081  41.6%   172   50s
   979   841 5694.10500   74    8 6683.92000 3904.28081  41.6%   171   55s
* 1013   834              89    6148.9900000 3904.28081  36.5%   169   56s
  1103   875 4029.60803   22  340 6148.99000 3904.31264  36.5%   173   60s
* 1146   834              91    5727.0200000 3904.31264  31.8%   172   61s
  1212   834 4253.74225   34  276 5727.02000 3904.31264  31.8%   180   65s
  1338   943 4951.46217   57   38 5727.02000 3904.31264  31.8%   189   70s
