




arguments: ./build/bc_mirp -f ./input/orig_exec_41.cfg
Current dir: /scratch/gui/bc_mirp
File verbosity level: 9
date       time         ( uptime  ) [ thread name/id ]                   file:line     v| 
2021-02-06 18:42:25.231 (   1.564s) [main thread     ]             loguru.cpp:789   INFO| Logging to './output/vi_vc+hc2/OU/V5/Original/execution_06_02_2021_18_42_25.log', mode: 'a', verbosity: 9
--------------------------------------------------------------------------------
Parameters
                           instance_path           ./input/Instances/Original/1/
                            model_policy                                       1
                             nb_vehicles                                       5
                              output_dir      ./output/vi_vc+hc2/OU/V5/Original/
                            sec_strategy                                       1
                       solver_nb_threads                                       2
                         solver_show_log                                    true
                       solver_time_limit                                    3600
                              use_vi_cos                                   false
                              use_vi_cus                                   false
                         use_vi_hc1_full                                   false
                         use_vi_hc1_half                                   false
                      use_vi_hc1_quarter                                   false
                              use_vi_hc2                                    true
                              use_vi_hc3                                   false
                         use_vi_lex_full                                   false
                         use_vi_lex_half                                   false
                      use_vi_lex_quarter                                   false
                              use_vi_qua                                   false
                               use_vi_vc                                    true
                               use_vi_vr                                   false
--------------------------------------------------------------------------------
executing instance: ./input/Instances/Original/1/absH3high_1n5.dat
--------------------------------------------------------------------------------
Instance details
n	6
H	3
C	289
Li:
[0, 0, 0, 0, 0, 0, ]
Ui:
[0, 195, 105, 116, 72, 22, ]
Distance matrix:
|0	85	349	17	203	289	|
|85	0	265	102	214	226	|
|349	265	0	366	368	238	|
|17	102	366	0	207	302	|
|203	214	368	207	0	431	|
|289	226	238	302	431	0	|

--------------------------------------------------------------------------------
Building model...
	using lazy and cut (CVRPSEP package)
Solving IRP LP...
--------------------------------------------------------------------------------

Gurobi 9.1.0 (linux64) logging started Sat Feb  6 18:42:25 2021

Gurobi Optimizer version 9.1.0 build v9.1.0rc0 (linux64)
Thread count: 32 physical cores, 32 logical processors, using up to 2 threads
Optimize a model with 414 rows, 414 columns and 1749 nonzeros
Model fingerprint: 0x6ffc9c64
Variable types: 99 continuous, 315 integer (90 binary)
Coefficient statistics:
  Matrix range     [1e+00, 2e+02]
  Objective range  [2e-01, 4e+02]
  Bounds range     [1e+00, 2e+02]
  RHS range        [1e+00, 5e+02]
Presolve removed 170 rows and 176 columns
Presolve time: 0.00s

Explored 0 nodes (0 simplex iterations) in 0.01 seconds
Thread count was 1 (of 32 available processors)

Solution count 0

Model is infeasible
Best objective -, best bound -, gap -

User-callback calls 52, time in user-callback 0.00 sec

Computing Irreducible Inconsistent Subsystem (IIS)...

           Constraints          |            Bounds           |  Runtime
      Min       Max     Guess   |   Min       Max     Guess   |
--------------------------------------------------------------------------
        0       414         -         0       569         -           0s
       36        36         -        33        33         -           0s

IIS computed: 36 constraints, 33 bounds
IIS runtime: 0.48 seconds
================================================================================
executing instance: ./input/Instances/Original/1/absH3high_1n45.dat
--------------------------------------------------------------------------------
Instance details
n	46
H	3
C	3462
Li:
[0, 0, 0, 0, 0, 0, 0, 0, 0, 0, 0, 0, 0, 0, 0, 0, 0, 0, 0, 0, 0, 0, 0, 0, 0, 0, 0, 0, 0, 0, 0, 0, 0, 0, 0, 0, 0, 0, 0, 0, 0, 0, 0, 0, 0, 0, ]
Ui:
[0, 273, 270, 36, 165, 192, 148, 45, 30, 75, 180, 198, 112, 117, 90, 64, 180, 22, 264, 174, 168, 270, 86, 66, 26, 66, 237, 156, 92, 108, 144, 72, 30, 45, 94, 54, 174, 96, 198, 136, 44, 180, 210, 249, 198, 48, ]
Distance matrix:
|0	281	201	160	249	201	93	431	236	139	252	136	116	166	390	110	349	374	303	180	327	464	236	70	44	461	346	439	363	254	312	426	305	206	71	137	169	200	247	260	20	219	256	253	460	278	|
|281	0	448	170	53	142	338	184	121	290	371	390	222	302	111	289	169	434	230	177	238	441	59	212	319	211	86	235	399	306	53	176	99	202	263	157	361	101	370	201	264	344	364	374	469	184	|
|201	448	0	285	430	325	114	556	361	171	191	64	228	174	546	294	453	306	364	289	388	435	393	254	157	585	491	536	318	254	490	554	436	407	266	292	108	388	186	337	207	181	205	190	408	364	|
|160	170	285	0	169	43	182	280	80	120	208	231	58	132	262	230	190	294	151	24	174	345	112	107	183	309	207	280	268	158	219	276	155	235	187	45	192	150	205	107	140	177	202	210	356	119	|
|249	53	430	169	0	152	317	238	145	282	377	369	212	299	157	242	215	452	261	183	273	474	76	181	290	264	140	287	421	320	63	229	145	148	221	142	352	53	374	226	234	346	370	378	498	215	|
|201	142	325	43	152	0	224	237	37	156	230	273	101	164	224	261	148	300	127	38	147	333	83	142	225	266	167	238	270	168	193	233	112	246	221	70	228	148	228	84	180	202	222	232	351	87	|
|93	338	114	182	317	224	0	460	262	92	180	52	124	112	440	199	364	307	292	191	317	415	284	140	57	490	387	452	304	208	377	457	336	297	163	181	84	274	175	256	95	152	188	180	402	280	|
|431	184	556	280	238	237	460	0	199	385	420	508	337	385	108	464	110	429	219	269	206	378	202	365	460	30	98	84	388	340	204	9	126	386	432	294	453	283	421	226	411	404	408	423	422	198	|
|236	121	361	80	145	37	262	199	0	191	255	310	138	197	191	290	114	312	118	72	133	330	69	175	262	229	132	204	279	186	174	195	75	258	251	102	262	153	254	81	216	230	246	257	353	72	|
|139	290	171	120	282	156	92	385	191	0	116	129	71	27	380	246	283	235	201	119	226	329	231	141	129	414	323	367	224	119	336	383	266	308	202	141	72	252	112	169	127	82	118	117	322	195	|
|252	371	191	208	377	230	180	420	255	116	0	187	178	90	443	361	311	127	204	195	224	246	313	257	232	446	382	380	129	81	423	421	320	422	318	242	100	355	5	195	241	34	15	2	225	224	|
|136	390	64	231	369	273	52	508	310	129	187	0	173	141	491	233	409	313	330	239	355	431	335	191	93	538	438	495	316	233	429	505	385	342	203	233	88	325	182	297	143	167	199	187	412	323	|
|116	222	228	58	212	101	124	337	138	71	178	173	0	91	319	206	244	284	187	69	212	357	165	85	130	367	265	333	264	151	267	333	213	244	161	70	140	181	175	145	97	145	177	180	359	165	|
|166	302	174	132	299	164	112	385	197	27	90	141	91	0	388	273	280	208	191	127	215	305	243	167	153	413	329	361	198	96	351	383	270	333	229	159	68	272	86	163	153	56	92	91	296	190	|
|390	111	546	262	157	224	440	108	191	380	443	491	319	388	0	399	164	480	264	261	261	456	156	320	426	125	62	186	442	369	107	99	125	300	374	260	452	210	443	252	372	420	433	446	494	227	|
|110	289	294	230	242	261	199	464	290	246	361	233	206	273	399	0	402	480	382	254	404	562	262	124	143	493	369	490	466	355	302	457	344	135	45	191	279	189	356	337	120	328	364	362	563	348	|
|349	169	453	190	215	148	364	110	114	283	311	409	244	280	164	402	0	324	110	174	101	292	151	289	372	135	109	90	284	230	212	111	70	354	364	216	348	245	312	118	329	295	298	313	330	90	|
|374	434	306	294	452	300	307	429	312	235	127	313	284	208	480	480	324	0	216	274	223	137	380	368	357	448	419	367	40	136	487	432	358	525	436	336	227	443	132	234	361	156	119	127	102	255	|
|303	230	364	151	261	127	292	219	118	201	204	330	187	191	264	382	110	216	0	128	25	213	185	258	314	243	203	176	178	123	282	221	144	372	338	193	256	270	206	45	283	193	191	206	239	46	|
|180	177	289	24	183	38	191	269	72	119	195	239	69	127	261	254	174	274	128	0	151	321	118	130	198	299	204	263	246	139	228	266	147	258	211	68	191	169	193	83	159	166	188	197	333	98	|
|327	238	388	174	273	147	317	206	133	226	224	355	212	215	261	404	101	223	25	151	0	203	198	281	339	228	202	156	184	143	288	209	146	390	362	215	280	286	226	68	308	215	210	226	235	61	|
|464	441	435	345	474	333	415	378	330	329	246	431	357	305	456	562	292	137	213	321	203	0	398	440	458	390	400	301	117	211	492	384	348	578	517	389	344	480	251	251	448	265	233	246	54	259	|
|236	59	393	112	76	83	284	202	69	231	313	335	165	243	156	262	151	380	185	118	198	398	0	167	270	231	110	233	347	250	110	195	85	203	230	103	303	95	311	150	217	284	305	315	422	139	|
|70	212	254	107	181	142	140	365	175	141	257	191	85	167	320	124	289	368	258	130	281	440	167	0	109	394	277	378	349	236	244	359	239	167	81	73	196	135	253	213	53	223	257	258	444	226	|
|44	319	157	183	290	225	57	460	262	129	232	93	130	153	426	143	372	357	314	198	339	458	270	109	0	490	379	462	351	247	353	456	334	250	110	168	140	243	226	274	56	201	238	232	449	294	|
|461	211	585	309	264	266	490	30	229	414	446	538	367	413	125	493	135	448	243	299	228	390	231	394	490	0	125	89	408	365	226	36	156	412	462	324	481	311	447	253	441	430	433	448	436	225	|
|346	86	491	207	140	167	387	98	132	323	382	438	265	329	62	369	109	419	203	204	202	400	110	277	379	125	0	155	381	307	113	90	63	288	339	211	394	186	382	190	327	359	371	384	436	165	|
|439	235	536	280	287	238	452	84	204	367	380	495	333	361	186	490	90	367	176	263	156	301	233	378	462	89	155	0	326	299	267	92	148	432	454	306	429	325	382	199	419	369	366	382	348	172	|
|363	399	318	268	421	270	304	388	279	224	129	316	264	198	442	466	284	40	178	246	184	117	347	349	351	408	381	326	0	113	452	391	321	502	422	311	229	415	134	199	348	152	118	130	98	219	|
|254	306	254	158	320	168	208	340	186	119	81	233	151	96	369	355	230	136	123	139	143	211	250	236	247	365	307	299	113	0	359	340	244	390	310	200	148	308	83	117	238	74	68	83	208	145	|
|312	53	490	219	63	193	377	204	174	336	423	429	267	351	107	302	212	487	282	228	288	492	110	244	353	226	113	267	452	359	0	195	145	194	283	199	407	115	421	254	296	394	415	425	521	237	|
|426	176	554	276	229	233	457	9	195	383	421	505	333	383	99	457	111	432	221	266	209	384	195	359	456	36	90	92	391	340	195	0	122	378	426	289	451	275	421	226	406	404	408	423	427	197	|
|305	99	436	155	145	112	336	126	75	266	320	385	213	270	125	344	70	358	144	147	146	348	85	239	334	156	63	148	321	244	145	122	0	286	310	168	336	177	320	128	285	298	309	322	381	103	|
|206	202	407	235	148	246	297	386	258	308	422	342	244	333	300	135	354	525	372	258	390	578	203	167	250	412	288	432	502	390	194	378	286	0	144	191	362	109	418	329	202	388	421	423	591	329	|
|71	263	266	187	221	221	163	432	251	202	318	203	161	229	374	45	364	436	338	211	362	517	230	81	110	462	339	454	422	310	283	426	310	144	0	150	239	168	313	294	77	285	321	319	518	306	|
|137	157	292	45	142	70	181	294	102	141	242	233	70	159	260	191	216	336	193	68	215	389	103	73	168	324	211	306	311	200	199	289	168	191	150	0	210	113	239	148	117	210	238	244	400	157	|
|169	361	108	192	352	228	84	453	262	72	100	88	140	68	452	279	348	227	256	191	280	344	303	196	140	481	394	429	229	148	407	451	336	362	239	210	0	318	95	231	164	79	111	100	325	258	|
|200	101	388	150	53	148	274	283	153	252	355	325	181	272	210	189	245	443	270	169	286	480	95	135	243	311	186	325	415	308	115	275	177	109	168	113	318	0	352	230	187	323	351	357	498	225	|
|247	370	186	205	374	228	175	421	254	112	5	182	175	86	443	356	312	132	206	193	226	251	311	253	226	447	382	382	134	83	421	421	320	418	313	239	95	352	0	196	237	30	19	6	230	224	|
|260	201	337	107	226	84	256	226	81	169	195	297	145	163	252	337	118	234	45	83	68	251	150	213	274	253	190	199	199	117	254	226	128	329	294	148	231	230	196	0	240	178	184	198	272	29	|
|20	264	207	140	234	180	95	411	216	127	241	143	97	153	372	120	329	361	283	159	308	448	217	53	56	441	327	419	348	238	296	406	285	202	77	117	164	187	237	240	0	208	245	242	446	257	|
|219	344	181	177	346	202	152	404	230	82	34	167	145	56	420	328	295	156	193	166	215	265	284	223	201	430	359	369	152	74	394	404	298	388	285	210	79	323	30	178	208	0	37	35	250	206	|
|256	364	205	202	370	222	188	408	246	118	15	199	177	92	433	364	298	119	191	188	210	233	305	257	238	433	371	366	118	68	415	408	309	421	321	238	111	351	19	184	245	37	0	17	214	212	|
|253	374	190	210	378	232	180	423	257	117	2	187	180	91	446	362	313	127	206	197	226	246	315	258	232	448	384	382	130	83	425	423	322	423	319	244	100	357	6	198	242	35	17	0	225	226	|
|460	469	408	356	498	351	402	422	353	322	225	412	359	296	494	563	330	102	239	333	235	54	422	444	449	436	436	348	98	208	521	427	381	591	518	400	325	498	230	272	446	250	214	225	0	285	|
|278	184	364	119	215	87	280	198	72	195	224	323	165	190	227	348	90	255	46	98	61	259	139	226	294	225	165	172	219	145	237	197	103	329	306	157	258	225	224	29	257	206	212	226	285	0	|

--------------------------------------------------------------------------------
Building model...
	using lazy and cut (CVRPSEP package)
Solving IRP LP...
--------------------------------------------------------------------------------

Gurobi 9.1.0 (linux64) logging started Sat Feb  6 18:42:26 2021

Gurobi Optimizer version 9.1.0 build v9.1.0rc0 (linux64)
Thread count: 32 physical cores, 32 logical processors, using up to 2 threads
Optimize a model with 3334 rows, 17074 columns and 68869 nonzeros
Model fingerprint: 0x09919f89
Variable types: 859 continuous, 16215 integer (690 binary)
Coefficient statistics:
  Matrix range     [1e+00, 7e+02]
  Objective range  [1e-01, 6e+02]
  Bounds range     [1e+00, 3e+02]
  RHS range        [1e+00, 6e+03]
Presolve removed 597 rows and 1092 columns
Presolve time: 0.32s
Presolved: 2737 rows, 15982 columns, 63436 nonzeros
Variable types: 533 continuous, 15449 integer (14762 binary)

Root relaxation: objective 1.324580e+04, 1892 iterations, 0.16 seconds

    Nodes    |    Current Node    |     Objective Bounds      |     Work
 Expl Unexpl |  Obj  Depth IntInf | Incumbent    BestBd   Gap | It/Node Time

     0     0 13245.7990    0  170          - 13245.7990      -     -    0s
     0     0 13585.5004    0  157          - 13585.5004      -     -    1s
     0     0 13585.5004    0  160          - 13585.5004      -     -    1s
     0     0 13820.6392    0  228          - 13820.6392      -     -    2s
     0     0 13928.1399    0  180          - 13928.1399      -     -    2s
     0     0 13948.8023    0  200          - 13948.8023      -     -    2s
     0     0 13957.2255    0  197          - 13957.2255      -     -    3s
     0     0 13957.6340    0  265          - 13957.6340      -     -    3s
     0     0 13957.6344    0  265          - 13957.6344      -     -    3s
     0     0 14173.3053    0  315          - 14173.3053      -     -    4s
     0     0 14253.1792    0  314          - 14253.1792      -     -    4s
     0     0 14258.0445    0  343          - 14258.0445      -     -    5s
     0     0 14259.0144    0  366          - 14259.0144      -     -    5s
     0     0 14259.4664    0  360          - 14259.4664      -     -    5s
     0     0 14358.7588    0  388          - 14358.7588      -     -    7s
     0     0 14394.2063    0  440          - 14394.2063      -     -    7s
     0     0 14405.2563    0  451          - 14405.2563      -     -    8s
     0     0 14405.9223    0  446          - 14405.9223      -     -    8s
     0     0 14456.0299    0  535          - 14456.0299      -     -    9s
     0     0 14461.3496    0  407          - 14461.3496      -     -   10s
     0     0 14462.1575    0  416          - 14462.1575      -     -   10s
     0     0 14477.6805    0  386          - 14477.6805      -     -   11s
     0     0 14484.9311    0  423          - 14484.9311      -     -   13s
     0     0 14522.8189    0  428          - 14522.8189      -     -   13s
     0     0 14563.8871    0  547          - 14563.8871      -     -   14s
     0     0 14575.0190    0  450          - 14575.0190      -     -   14s
     0     0 14576.0765    0  471          - 14576.0765      -     -   14s
     0     0 14586.4441    0  458          - 14586.4441      -     -   15s
     0     0 14588.6018    0  562          - 14588.6018      -     -   15s
     0     0 14588.8430    0  562          - 14588.8430      -     -   15s
     0     0 14594.9129    0  439          - 14594.9129      -     -   16s
     0     0 14594.9129    0  422          - 14594.9129      -     -   16s
     0     2 14594.9129    0  422          - 14594.9129      -     -   19s
     1     4 14598.7114    1  463          - 14594.9129      -   415   20s
    26    29 14626.2179    8  435          - 14608.5792      -   494   25s
    41    44 14866.1976   12  482          - 14608.5792      -   604   30s
    72    77 15115.9785   20  326          - 14608.5792      -   546   35s
   110   118 15354.9644   31  215          - 14608.5792      -   511   40s
   148   157 15437.5433   40  296          - 14608.5792      -   478   45s
   200   209 15710.9822   58  206          - 14608.5792      -   442   51s
   240   263 15930.4786   75  177          - 14608.5792      -   420   55s
   344   377 16417.7450  112  166          - 14608.5792      -   356   61s
   460   470 16144.4023  116  204          - 14608.5792      -   300   65s
   576   578 16505.9157  146  196          - 14608.5792      -   262   70s
   716   861 18271.5770  294   94          - 14608.5792      -   230   76s
   919  1013 20070.2100  380    8          - 14608.5792      -   190   80s
* 1110  1202             406    21143.960000 14615.9239  30.9%   168   86s
  1242  1197 14761.6258    4  650 21143.9600 14615.9239  30.9%   155   92s
  1247  1198 18059.0687  271  422 21143.9600 14615.9239  30.9%   156   99s
  1249  1199 15810.2168   90  220 21143.9600 14615.9239  30.9%   155  103s
  1250  1200 19445.5879  306  263 21143.9600 14615.9239  30.9%   155  125s
  1255  1203 19128.3438  299  756 21143.9600 14637.7617  30.8%   155  130s
  1262  1208 15930.1237  101  763 21143.9600 14680.8710  30.6%   154  136s
  1269  1213 18022.2830  219  875 21143.9600 14695.4826  30.5%   153  140s
  1273  1215 20579.1518  368  698 21143.9600 14700.4125  30.5%   153  145s
  1281  1221 16566.6986  119  786 21143.9600 14708.4660  30.4%   152  150s
  1284  1223 14759.0511   18  742 21143.9600 14710.0405  30.4%   151  155s
  1289  1226 15686.7306   81  747 21143.9600 14710.9665  30.4%   151  160s
  1293  1229 17824.3482  248  717 21143.9600 14711.1106  30.4%   150  165s
  1297  1232 19878.0400  362  246 21143.9600 14711.1106  30.4%   167  172s
  1298  1233 18223.8391  286  432 21143.9600 14711.1106  30.4%   167  180s
  1303  1236 15637.5815   52  784 21143.9600 14711.1106  30.4%   166  185s
  1309  1240 18095.6044  280  725 21143.9600 14712.1206  30.4%   166  190s
  1313  1243 16956.0298  151  695 21143.9600 14712.2447  30.4%   165  196s
  1317  1246 16936.3898  160  705 21143.9600 14712.2582  30.4%   165  200s
  1321  1248 15769.5553   65  709 21143.9600 14712.2740  30.4%   164  208s
  1323  1252 14750.3157   24  757 21143.9600 14713.7950  30.4%   176  210s
  1332  1259 14724.3489   27  812 21143.9600 14723.7743  30.4%   182  215s
  1343  1266 14850.3675   29  721 21143.9600 14739.9901  30.3%   189  221s
  1349  1270 14756.2611   31  506 21143.9600 14739.9901  30.3%   191  227s
  1355  1274 14792.3135   32  676 21143.9600 14739.9901  30.3%   197  231s
  1365  1282 14799.3266   35  694 21143.9600 14739.9901  30.3%   201  235s
  1377  1292 14798.9471   38  624 21143.9600 14739.9901  30.3%   206  240s
  1395  1302 14921.0396   42  644 21143.9600 14739.9901  30.3%   214  246s
  1404  1307 14826.3072   44  659 21143.9600 14739.9901  30.3%   217  252s
  1410  1314 14844.4050   45  607 21143.9600 14739.9901  30.3%   221  255s
  1430  1326 14926.6416   50  493 21143.9600 14739.9901  30.3%   227  261s
  1442  1338 14919.1506   52  483 21143.9600 14739.9901  30.3%   231  266s
  1458  1349 14957.1325   56  572 21143.9600 14739.9901  30.3%   237  272s
  1476  1361 14981.2794   60  500 21143.9600 14739.9901  30.3%   243  277s
  1484  1369 14981.9893   61  510 21143.9600 14739.9901  30.3%   246  280s
  1497  1376 15459.5201   64  402 21143.9600 14739.9901  30.3%   249  287s
  1506  1385 14997.7212   67  443 21143.9600 14739.9901  30.3%   252  290s
  1525  1396 15029.8191   71  441 21143.9600 14739.9901  30.3%   257  296s
  1536  1409 15049.8250   74  447 21143.9600 14739.9901  30.3%   260  301s
  1552  1408 15060.8188   78  431 21143.9600 14739.9901  30.3%   263  305s
  1565  1428 15065.0097   81  425 21143.9600 14739.9901  30.3%   265  312s
  1581  1435 15135.0974   85  458 21143.9600 14739.9901  30.3%   268  317s
  1593  1446 15093.1142   87  456 21143.9600 14739.9901  30.3%   270  321s
  1608  1449 15097.1823   90  433 21143.9600 14739.9901  30.3%   274  326s
  1616  1453 15188.9080   91  389 21143.9600 14739.9901  30.3%   276  330s
  1646  1469 15119.6357   99  323 21143.9600 14739.9901  30.3%   280  340s
  1677  1493 15134.3814  107  348 21143.9600 14739.9901  30.3%   282  350s
  1685  1517 15144.1101  109  222 21143.9600 14739.9901  30.3%   283  355s
  1712  1542 15177.0953  117  343 21143.9600 14739.9901  30.3%   286  360s
  1746  1562 15204.8715  128  289 21143.9600 14739.9901  30.3%   287  365s
  1777  1586 15456.8917  136  265 21143.9600 14739.9901  30.3%   289  370s
  1812  1626 15357.8950  147  292 21143.9600 14739.9901  30.3%   291  376s
  1863  1611 15507.4020  161  279 21143.9600 14739.9901  30.3%   291  402s
  1865  1632 15539.9439  162  291 21143.9600 14739.9901  30.3%   291  408s
  1887  1671 15592.2473  168  300 21143.9600 14739.9901  30.3%   291  414s
  1933  1700 15955.9543  181  289 21143.9600 14739.9901  30.3%   292  420s
  1978  1741 15868.3751  193  269 21143.9600 14739.9901  30.3%   293  426s
  2034  1762 15943.6881  210  212 21143.9600 14739.9901  30.3%   293  433s
  2073  1856 16082.9577  226  159 21143.9600 14739.9901  30.3%   291  440s
  2180  1942 16603.6640  263  123 21143.9600 14739.9901  30.3%   285  447s
  2302  2020 17617.2125  306   49 21143.9600 14739.9901  30.3%   278  454s
  2357  2002 17996.9422  333   40 21143.9600 14739.9901  30.3%   273  455s
  2432  2031 18734.0218  355   48 21143.9600 14739.9904  30.3%   269  463s
  2509  2104 19579.5415  369   10 21143.9600 14743.8582  30.3%   266  471s
* 2530  2039             377    19691.230000 14743.8582  25.1%   264  471s
* 2535  1979             380    19691.010000 14743.8582  25.1%   263  471s
  2637  1998 14946.4771   31  550 19691.0100 14743.8582  25.1%   259  478s
  2710  1986 14857.6681   35  698 19691.0100 14743.8582  25.1%   257  487s
  2723  2062 14947.4958   33  689 19691.0100 14743.8582  25.1%   257  497s
  2863  2056 14905.6303   38  641 19691.0100 14743.8582  25.1%   250  505s
  2874  2068 14934.0971   40  721 19691.0100 14743.8582  25.1%   252  513s
  2889  2077 14900.3418   46  679 19691.0100 14743.8582  25.1%   255  520s
  2903  2087 14926.9115   49  721 19691.0100 14743.8582  25.1%   257  527s
  2918  2099 14961.4740   53  472 19691.0100 14743.8582  25.1%   259  534s
  2935  2115 15011.6372   58  472 19691.0100 14743.8582  25.1%   262  541s
  2957  2112 15085.1143   62  499 19691.0100 14743.8582  25.1%   264  548s
  2961  2153 15070.5798   63  535 19691.0100 14743.8582  25.1%   265  554s
  3003  2141 15108.4675   74  522 19691.0100 14743.8582  25.1%   265  579s
  3005  2176 15119.3318   74  508 19691.0100 14743.8582  25.1%   265  586s
  3041  2186 15158.8746   81  544 19691.0100 14743.8582  25.1%   266  594s
  3063  2228 15188.2464   85  517 19691.0100 14743.8582  25.1%   266  602s
  3112  2289 15245.6336   93  493 19691.0100 14743.8582  25.1%   267  611s
  3190  2361 15365.6918   97  426 19691.0100 14743.8582  25.1%   267  621s
  3288  2334 15411.9343  101  372 19691.0100 14743.8582  25.1%   265  656s
  3293  2433 15431.1621   99  445 19691.0100 14743.8582  25.1%   265  666s
  3394  2535 15492.0106  105  371 19691.0100 14743.8582  25.1%   263  678s
  3477  2508 16706.4368  189  148 19691.0100 14743.8582  25.1%   261  680s
  3530  2654 15736.1081  109  309 19691.0100 14743.8582  25.1%   259  692s
  3694  2855 15732.4348  112  352 19691.0100 14743.8582  25.1%   253  707s
  3950  2817 15773.6541  120  305 19691.0100 14743.8582  25.1%   243  724s
  4036  2822 15916.5306  125  280 19691.0100 14743.8582  25.1%   242  736s
  4066  2858 16072.3075  130  324 19691.0100 14743.8582  25.1%   243  748s
  4112  2889 16235.1625  143  240 19691.0100 14743.8582  25.1%   245  760s
  4158  2948 16481.7333  152  205 19691.0100 14743.8582  25.1%   246  772s
  4232  2995 16818.1219  164  177 19691.0100 14743.8582  25.1%   246  786s
  4304  3078 17260.7024  175  192 19691.0100 14743.8582  25.1%   247  800s
  4411  3173 17679.9746  192  124 19691.0100 14743.8582  25.1%   245  814s
  4432  3166 17872.1513  193  130 19691.0100 14743.8582  25.1%   246  815s
  4542  3287 18483.3907  219   73 19691.0100 14749.1145  25.1%   243  835s
  4746  3264 infeasible  256      19691.0100 14749.5990  25.1%   238  853s
  4769  3292 15040.6972   34  536 19691.0100 14749.5990  25.1%   241  868s
  4797  3304 15171.4723   45  530 19691.0100 14749.5990  25.1%   243  883s
  4809  3354 15256.9573   53  452 19691.0100 14749.5990  25.1%   245  897s
  4859  3449 15731.1483   74  337 19691.0100 14749.5990  25.1%   246  922s
  4954  3687 16208.9473  103  194 19691.0100 14752.1164  25.1%   246  944s
  4980  3687 16563.0467  129  124 19691.0100 14752.1164  25.1%   245  945s
  5202  3842 15094.5093   31  672 19691.0100 14752.1164  25.1%   239  970s
  5385  3896 15458.0229   37  496 19691.0100 14752.1164  25.1%   235  991s
  5463  3917 16157.2431   53  197 19691.0100 14752.1164  25.1%   235 1038s
  5465  3958 16256.2739   54  194 19691.0100 14752.1164  25.1%   235 1056s
  5506  3990 18161.9815   90   85 19691.0100 14797.0609  24.9%   236 1077s
  5568  4013     cutoff  118      19691.0100 14799.3640  24.8%   236 1099s
  5585  4032 14985.7557   31  720 19691.0100 14799.3640  24.8%   239 1118s
  5604  4068 15413.5075   36  694 19691.0100 14799.3640  24.8%   241 1138s
  5640  4098 15350.7421   39  732 19691.0100 14799.3640  24.8%   243 1159s
  5670  4147 15400.6877   42  636 19691.0100 14799.3640  24.8%   245 1179s
  5719  4197 15731.5681   49  350 19691.0100 14799.3640  24.8%   247 1200s
  5769  4265 15880.3709   56  350 19691.0100 14799.3640  24.8%   249 1221s
  5837  4397 16549.8932   70  139 19691.0100 14799.3640  24.8%   250 1249s
  5881  4397 17151.0796   92   96 19691.0100 14799.3640  24.8%   250 1250s
  5969  4588 17782.6048  101  181 19691.0100 14799.4332  24.8%   249 1279s
  6021  4589 18395.8455  118   32 19691.0100 14799.4332  24.8%   248 1280s
  6188  4785 19223.6817  136   59 19691.0100 14803.9901  24.8%   245 1309s
  6201  4785 19638.4473  149   25 19691.0100 14803.9901  24.8%   245 1310s
  6427  4801 15090.6471   41  644 19691.0100 14803.9901  24.8%   240 1337s
  6475  4839 15495.3754   50  304 19691.0100 14803.9901  24.8%   241 1363s
  6508  4878 15851.2866   66  416 19691.0100 14803.9901  24.8%   243 1389s
  6556  4928 16721.7122   96  240 19691.0100 14808.0731  24.8%   245 1415s
  6625  4945 14987.8315   32  733 19691.0100 14811.9278  24.8%   245 1440s
  6642  4965 15148.7816   37  436 19691.0100 14811.9278  24.8%   247 1466s
  6662  4985 15124.0550   41  505 19691.0100 14811.9278  24.8%   249 1493s
  6682  5010 15157.6417   46  512 19691.0100 14811.9278  24.8%   252 1522s
  6707  5041 15185.2290   52  384 19691.0100 14811.9278  24.8%   254 1548s
  6738  5087 15179.6053   57  483 19691.0100 14811.9278  24.8%   256 1574s
  6784  5166 15236.6716   63  281 19691.0100 14811.9278  24.8%   258 1599s
  6863  5219 15276.3145   70  496 19691.0100 14811.9278  24.8%   259 1705s
  6916  5301 15365.1084   83  135 19691.0100 14811.9278  24.8%   260 1737s
  7046  5348 15400.4076   92  394 19691.0100 14811.9278  24.8%   259 1767s
  7087  5459 15494.6309  107  188 19691.0100 14811.9278  24.8%   261 1794s
  7139  5459 15608.9404  133  104 19691.0100 14811.9278  24.8%   262 1795s
  7193  5521 15915.2530  153   78 19691.0100 14817.0185  24.8%   262 1829s
  7232  5523 17207.5543  173   26 19691.0100 14817.0185  24.8%   261 1830s
  7288  5568 17303.2384  169   65 19691.0100 14817.6967  24.7%   263 1875s
  7369  5620 18265.2700  185    - 19691.0100 14817.7233  24.7%   265 1920s
* 7420  5229             185    18333.270000 14823.5887  19.1%   268 1969s
  7459  5333 15113.4821   39  777 18333.2700 14823.5887  19.1%   272 2014s
  7560  5535 15251.8139   45  638 18333.2700 14823.5887  19.1%   274 2066s
  7771  5553 17597.8211  168    6 18333.2700 14823.5887  19.1%   271 2070s
  7839  5682 15804.5976   58  239 18333.2700 14823.5887  19.1%   271 2123s
  7852  5682 15902.7117   61  195 18333.2700 14823.5887  19.1%   271 2125s
  7964  5854 16979.2609  101   48 18333.2700 14829.0005  19.1%   272 2178s
  7977  5854 17099.6412  105   96 18333.2700 14829.0005  19.1%   272 2181s
  8158  5976 infeasible  142      18333.2700 14831.2270  19.1%   272 2234s
  8302  6141 15873.4599   51  342 18333.2700 14831.6145  19.1%   273 2290s
  8406  6141 17898.9654  155   55 18333.2700 14831.6145  19.1%   272 2295s
  8491  6259     cutoff  198      18333.2700 14831.6882  19.1%   272 2352s
  8650  6408 15813.6430   43  472 18333.2700 14831.6882  19.1%   272 2407s
  8743  6408 17846.2901  136  175 18333.2700 14831.6882  19.1%   272 2410s
  8798  6558 18272.4497  173   90 18333.2700 14837.7996  19.1%   273 2465s
  8984  6680 16202.2804   75  268 18333.2700 14846.9267  19.0%   273 2523s
  9062  6687 17911.8300  140    - 18333.2700 14846.9267  19.0%   271 2525s
  9124  6812     cutoff  140      18333.2700 14846.9565  19.0%   273 2579s
  9148  6812 15556.3939   58  426 18333.2700 14846.9565  19.0%   274 2580s
  9286  6928 15683.0008   65  192 18333.2700 14848.3360  19.0%   273 2637s
  9408  6948 14870.5824   36  863 18333.2700 14848.3439  19.0%   274 2719s
  9428  7078 15122.7688   46  685 18333.2700 14848.3439  19.0%   276 2793s
  9491  7078 16227.7899   87  258 18333.2700 14848.3439  19.0%   277 2795s
  9580  7200 15742.0777   80  468 18333.2700 14850.9547  19.0%   275 2858s
  9658  7200 17548.6192  158  168 18333.2700 14850.9547  19.0%   274 2860s
  9726  7339 15349.1096   43  426 18333.2700 14850.9547  19.0%   276 2929s
  9778  7339 16733.2026   95  147 18333.2700 14850.9547  19.0%   276 2930s
  9865  7422 18180.8069  157   40 18333.2700 14852.6397  19.0%   277 2992s
  9970  7615 infeasible  161      18333.2700 14852.6806  19.0%   279 3050s
 10164  7867 15814.7143   61  178 18333.2700 14852.7740  19.0%   281 3118s
 10255  7872 17927.5553  146    9 18333.2700 14852.7740  19.0%   280 3120s
 10530  8006     cutoff  159      18333.2700 14855.8685  19.0%   276 3183s
 10641  8228 15810.5513   77  366 18333.2700 14857.8893  19.0%   278 3250s
 10885  8344 15120.4808   47  605 18333.2700 14861.1171  18.9%   277 3320s
 10998  8554 15370.7425   55  452 18333.2700 14861.1171  18.9%   279 3387s
 11129  8554 17126.6845   97  140 18333.2700 14861.1171  18.9%   279 3390s
 11241  8754 17477.2206  103   96 18333.2700 14861.7745  18.9%   279 3457s
 11403  8754 16272.6265   95  161 18333.2700 14863.2912  18.9%   278 3460s
 11474  8817 15137.0366   38  457 18333.2700 14863.2912  18.9%   278 3517s
 11537  8943 15384.8681   61  315 18333.2700 14863.2912  18.9%   280 3582s
 11635  8943 15475.5750   70  453 18333.2700 14863.2912  18.9%   281 3585s
 11663  9053 15654.6231  101   46 18333.2700 14863.2912  18.9%   282 3600s

Cutting planes:
  User: 9707
  Gomory: 9
  Cover: 595
  Implied bound: 214
  Projected implied bound: 11
  Clique: 40
  MIR: 147
  StrongCG: 1
  Flow cover: 346
  Zero half: 8
  RLT: 403
  Relax-and-lift: 6
  Lazy constraints: 2609

Explored 11781 nodes (3323302 simplex iterations) in 3602.53 seconds
Thread count was 2 (of 32 available processors)

Solution count 4: 18333.3 19691 19691.2 21144 

Time limit reached
Best objective 1.833327000000e+04, best bound 1.486329118568e+04, gap 18.9272%

User-callback calls 518772, time in user-callback 128.85 sec
================================================================================
executing instance: ./input/Instances/Original/1/absH3high_2n45.dat
--------------------------------------------------------------------------------
Instance details
n	46
H	3
C	3171
Li:
[0, 0, 0, 0, 0, 0, 0, 0, 0, 0, 0, 0, 0, 0, 0, 0, 0, 0, 0, 0, 0, 0, 0, 0, 0, 0, 0, 0, 0, 0, 0, 0, 0, 0, 0, 0, 0, 0, 0, 0, 0, 0, 0, 0, 0, 0, ]
Ui:
[0, 246, 160, 78, 20, 87, 144, 40, 20, 82, 60, 96, 24, 136, 160, 108, 160, 26, 228, 51, 24, 240, 231, 70, 32, 105, 174, 114, 246, 126, 132, 76, 22, 42, 255, 132, 148, 162, 66, 111, 102, 240, 123, 201, 297, 78, ]
Distance matrix:
|0	148	402	550	329	420	187	318	366	280	504	273	233	333	112	344	379	481	113	593	159	523	261	424	90	359	163	461	413	240	105	299	265	89	371	462	339	273	495	22	41	439	369	506	563	468	|
|148	0	284	517	394	284	136	369	244	311	496	166	329	355	223	202	338	388	204	565	254	506	118	346	71	423	173	471	336	118	105	352	198	105	248	428	302	305	487	153	179	441	230	497	517	370	|
|402	284	0	350	448	80	228	406	42	343	382	129	456	350	412	126	219	131	382	395	410	371	180	137	314	466	289	400	137	167	389	401	169	316	39	280	217	342	373	394	414	362	108	380	324	106	|
|550	517	350	0	339	429	385	308	374	295	93	375	431	249	481	461	180	239	458	48	445	57	474	214	496	333	387	160	216	424	601	321	320	471	376	90	217	301	93	530	534	146	452	88	52	262	|
|329	394	448	339	0	513	282	42	438	105	255	363	115	108	221	484	259	431	217	365	172	289	436	362	333	30	224	189	353	380	423	47	291	296	443	285	240	107	251	307	294	193	495	260	378	437	|
|420	284	80	429	513	0	267	473	76	408	462	163	509	421	449	86	298	201	421	474	455	451	167	217	330	533	333	478	217	181	386	466	225	341	70	360	291	406	453	416	438	440	59	460	400	176	|
|187	136	228	385	282	267	0	249	199	186	360	104	248	224	184	214	207	294	155	432	189	371	155	237	113	308	68	336	227	101	216	236	78	98	205	296	168	181	350	174	190	305	231	360	390	283	|
|318	369	406	308	42	473	249	0	397	66	229	325	128	67	216	447	218	389	206	337	168	260	402	320	311	61	196	167	311	345	406	19	252	275	403	248	198	70	223	296	286	164	457	233	344	395	|
|366	244	42	374	438	76	199	397	0	332	397	96	436	346	383	90	228	168	354	420	385	389	139	161	277	458	263	408	158	128	349	391	150	282	6	298	218	331	388	359	380	370	78	395	352	144	|
|280	311	343	295	105	408	186	66	332	0	231	259	142	53	191	380	171	337	173	332	150	257	337	267	258	127	139	182	258	280	359	58	186	223	338	222	143	6	224	258	254	164	390	234	323	340	|
|504	496	382	93	255	462	360	229	397	231	0	375	356	180	422	478	173	293	403	110	381	36	474	248	463	245	345	68	246	419	568	244	308	433	400	104	200	237	9	482	482	67	474	5	142	312	|
|273	166	129	375	363	163	104	325	96	259	375	0	347	283	288	121	202	221	259	423	292	376	99	183	186	386	170	370	175	52	269	315	76	187	102	288	177	256	365	265	285	333	133	374	365	204	|
|233	329	456	431	115	509	248	128	436	142	356	347	0	181	121	462	311	472	128	463	76	386	398	403	260	141	180	294	392	349	334	111	287	224	442	362	280	139	350	212	194	289	479	360	463	472	|
|333	355	350	249	108	421	224	67	346	53	180	283	181	0	244	403	152	324	226	283	201	207	369	256	307	118	186	129	247	311	409	74	208	273	351	183	136	59	173	311	307	113	410	183	282	331	|
|112	223	412	481	221	449	184	216	383	191	422	288	121	244	0	387	327	461	30	521	49	447	313	396	152	250	125	371	385	273	214	196	249	121	389	400	288	185	415	91	74	355	408	425	503	454	|
|344	202	126	461	484	86	214	447	90	380	478	121	462	403	387	0	305	256	360	508	400	473	84	250	255	507	282	482	246	115	302	437	196	271	90	382	288	377	469	343	367	444	28	476	441	232	|
|379	338	219	180	259	298	207	218	228	171	173	202	311	152	327	305	0	172	301	227	300	174	302	105	318	270	217	180	97	249	423	221	141	296	232	90	40	173	164	361	368	142	303	172	184	180	|
|481	388	131	239	431	201	294	389	168	337	293	221	472	324	461	256	172	0	432	280	446	273	300	70	400	442	337	330	80	271	490	391	217	391	167	191	194	339	286	468	483	294	239	289	203	26	|
|113	204	382	458	217	421	155	206	354	173	403	259	128	226	30	360	301	432	0	499	52	426	287	367	133	246	95	355	356	246	208	187	219	100	360	376	261	167	395	90	81	337	381	406	478	425	|
|593	565	395	48	365	474	432	337	420	332	110	423	463	283	521	508	227	280	499	0	482	77	521	260	542	356	431	178	262	472	647	352	368	516	422	137	264	338	114	573	576	174	499	106	78	304	|
|159	254	410	445	172	455	189	168	385	150	381	292	76	201	49	400	300	446	52	482	0	407	331	378	184	201	122	327	367	286	258	149	242	150	391	367	263	144	374	137	122	314	419	384	470	441	|
|523	506	371	57	289	451	371	260	389	257	36	376	386	207	447	473	174	273	426	77	407	0	475	234	477	280	363	104	234	422	583	275	313	449	392	91	205	263	38	503	504	97	468	31	108	294	|
|261	118	180	474	436	167	155	402	139	337	474	99	398	369	313	84	302	300	287	521	331	475	0	275	173	462	220	465	268	58	219	390	168	193	142	388	275	333	464	261	286	430	111	473	462	279	|
|424	346	137	214	362	217	237	320	161	267	248	183	403	256	396	250	105	70	367	260	378	234	275	0	348	374	274	274	11	234	444	321	159	335	163	145	124	269	239	409	422	237	239	245	191	76	|
|90	71	314	496	333	330	113	311	277	258	463	186	260	307	152	255	318	400	133	542	184	477	173	348	0	362	121	430	338	150	106	293	190	37	282	406	279	252	454	88	113	403	280	464	502	386	|
|359	423	466	333	30	533	308	61	458	127	245	386	141	118	250	507	270	442	246	356	201	280	462	374	362	0	252	178	365	406	453	73	313	325	463	286	254	130	242	336	324	187	517	250	374	449	|
|163	173	289	387	224	333	68	196	263	139	345	170	180	186	125	282	217	337	95	431	122	363	220	274	121	252	0	310	263	168	225	180	124	88	269	300	177	133	337	144	152	284	299	347	400	330	|
|461	471	400	160	189	478	336	167	408	182	68	370	294	129	371	482	180	330	355	178	327	104	465	274	430	178	310	0	269	408	534	184	297	398	412	142	194	188	66	439	436	38	482	73	206	345	|
|413	336	137	216	353	217	227	311	158	258	246	175	392	247	385	246	97	80	356	262	367	234	268	11	338	365	263	269	0	226	434	312	149	324	160	143	115	259	237	399	411	232	237	243	196	84	|
|240	118	167	424	380	181	101	345	128	280	419	52	349	311	273	115	249	271	246	472	286	422	58	234	150	406	168	408	226	0	223	333	111	160	133	336	219	276	409	235	258	373	136	418	416	252	|
|105	105	389	601	423	386	216	406	349	359	568	269	334	409	214	302	423	490	208	647	258	583	219	444	106	453	225	534	434	223	0	388	289	137	353	511	384	353	559	123	145	508	330	570	606	473	|
|299	352	401	321	47	466	236	19	391	58	244	315	111	74	196	437	221	391	187	352	149	275	390	321	293	73	180	184	312	333	388	0	243	257	396	258	197	60	238	276	267	178	448	248	355	395	|
|265	198	169	320	291	225	78	252	150	186	308	76	287	208	249	196	141	217	219	368	242	313	168	159	190	313	124	297	149	111	289	243	0	176	156	231	109	183	299	251	266	262	205	308	319	207	|
|89	105	316	471	296	341	98	275	282	223	433	187	224	273	121	271	296	391	100	516	150	449	193	335	37	325	88	398	324	160	137	257	176	0	287	382	256	217	424	78	98	372	295	434	480	379	|
|371	248	39	376	443	70	205	403	6	338	400	102	442	351	389	90	232	167	360	422	391	392	142	163	282	463	269	412	160	133	353	396	156	287	0	301	222	336	391	365	386	374	77	398	353	143	|
|462	428	280	90	285	360	296	248	298	222	104	288	362	183	400	382	90	191	376	137	367	91	388	145	406	286	300	142	143	336	511	258	231	382	301	0	127	226	96	443	448	110	376	100	103	209	|
|339	302	217	217	240	291	168	198	218	143	200	177	280	136	288	288	40	194	261	264	263	205	275	124	279	254	177	194	115	219	384	197	109	256	222	127	0	145	190	321	328	157	289	199	224	198	|
|273	305	342	301	107	406	181	70	331	6	237	256	139	59	185	377	173	339	167	338	144	263	333	269	252	130	133	188	259	276	353	60	183	217	336	226	145	0	230	251	248	170	388	240	328	341	|
|495	487	373	93	251	453	350	223	388	224	9	365	350	173	415	469	164	286	395	114	374	38	464	239	454	242	337	66	237	409	559	238	299	424	391	96	190	230	0	474	474	61	465	11	141	305	|
