




arguments: ./build/bc_mirp -f ./input/orig_exec_185.cfg
Current dir: /scratch/gui/bc_mirp
File verbosity level: 9
date       time         ( uptime  ) [ thread name/id ]                   file:line     v| 
2021-02-12 19:21:47.974 (   0.245s) [main thread     ]             loguru.cpp:789   INFO| Logging to './output/vi_vc+hc2/OU/V5/Original/execution_12_02_2021_19_21_47.log', mode: 'a', verbosity: 9
--------------------------------------------------------------------------------
Parameters
                           instance_path           ./input/Instances/Original/4/
                            model_policy                                       1
                             nb_vehicles                                       5
                              output_dir      ./output/vi_vc+hc2/OU/V5/Original/
                            sec_strategy                                       1
                       solver_nb_threads                                       2
                         solver_show_log                                    true
                       solver_time_limit                                    3600
                              use_vi_cos                                   false
                              use_vi_cus                                   false
                         use_vi_hc1_full                                   false
                         use_vi_hc1_half                                   false
                      use_vi_hc1_quarter                                   false
                              use_vi_hc2                                    true
                              use_vi_hc3                                   false
                         use_vi_lex_full                                   false
                         use_vi_lex_half                                   false
                      use_vi_lex_quarter                                   false
                              use_vi_qua                                   false
                               use_vi_vc                                    true
                               use_vi_vr                                   false
--------------------------------------------------------------------------------
executing instance: ./input/Instances/Original/4/absH3low_3n30.dat
--------------------------------------------------------------------------------
Instance details
n	31
H	3
C	2841
Li:
[0, 0, 0, 0, 0, 0, 0, 0, 0, 0, 0, 0, 0, 0, 0, 0, 0, 0, 0, 0, 0, 0, 0, 0, 0, 0, 0, 0, 0, 0, 0, ]
Ui:
[0, 246, 98, 54, 144, 171, 192, 180, 165, 98, 122, 198, 297, 144, 130, 129, 219, 138, 142, 150, 108, 66, 64, 285, 180, 204, 276, 168, 240, 198, 122, ]
Distance matrix:
|0	172	56	166	260	198	42	197	296	110	91	112	238	275	323	183	330	232	175	181	162	191	232	280	201	139	356	185	266	216	26	|
|172	0	178	223	320	335	153	355	444	62	231	99	333	376	214	352	176	235	194	106	47	41	353	161	299	175	225	43	326	374	153	|
|56	178	0	110	204	162	93	233	336	125	144	148	187	226	358	180	313	284	123	152	182	185	282	252	256	88	329	177	210	251	42	|
|166	223	110	0	102	150	199	327	431	194	253	237	113	156	431	228	296	386	44	140	248	208	389	218	366	48	287	200	108	344	148	|
|260	320	204	102	0	156	296	391	493	296	340	339	66	90	531	263	362	486	127	226	349	300	469	278	454	148	334	292	6	406	245	|
|198	335	162	150	156	0	239	255	351	286	245	307	93	106	518	111	442	423	194	280	344	335	349	367	352	182	437	327	158	266	199	|
|42	153	93	199	296	239	0	203	296	91	82	76	278	316	284	217	322	191	201	186	133	180	217	281	177	165	356	175	302	222	52	|
|197	355	233	327	391	255	203	0	104	294	125	266	340	361	436	151	524	276	352	377	330	383	109	477	146	319	553	377	395	19	222	|
|296	444	336	431	493	351	296	104	0	384	214	348	440	456	488	241	617	315	456	476	412	475	113	575	176	422	651	470	497	88	322	|
|110	62	125	194	296	286	91	294	384	0	171	55	298	340	238	292	233	210	176	118	58	91	298	201	248	148	273	87	302	313	94	|
|91	231	144	253	340	245	82	125	214	171	0	141	307	339	324	184	403	187	266	266	204	261	140	363	114	230	438	256	346	144	116	|
|112	99	148	237	339	307	76	266	348	55	141	0	332	373	212	292	275	156	225	173	64	137	254	253	200	194	322	135	345	284	108	|
|238	333	187	113	66	93	278	340	440	298	307	332	0	43	536	203	404	469	153	253	354	321	427	322	420	160	385	313	67	353	229	|
|275	376	226	156	90	106	316	361	456	340	339	373	43	0	578	216	443	507	194	295	397	364	453	361	451	203	421	356	88	372	268	|
|323	214	358	431	531	518	284	436	488	238	324	212	536	578	0	498	309	176	407	320	183	245	376	344	312	383	379	251	537	451	319	|
|183	352	180	228	263	111	217	151	241	292	184	292	203	216	498	0	492	371	266	328	345	364	255	426	272	242	501	356	266	159	198	|
|330	176	313	296	362	442	322	524	617	233	403	275	404	443	309	492	0	397	253	164	218	142	529	84	475	260	72	147	367	543	306	|
|232	235	284	386	486	423	191	276	315	210	187	156	469	507	176	371	397	0	379	327	188	276	202	396	139	346	456	277	492	289	242	|
|175	194	123	44	127	194	201	352	456	176	266	225	153	194	407	266	253	379	0	101	225	174	405	174	375	36	244	166	133	370	152	|
|181	106	152	140	226	280	186	377	476	118	266	173	253	295	320	328	164	327	101	0	148	76	403	100	360	98	177	69	232	396	155	|
|162	47	182	248	349	344	133	330	412	58	204	64	354	397	183	345	218	188	225	148	0	89	316	208	259	201	270	90	355	348	149	|
|191	41	185	208	300	335	180	383	475	91	261	137	321	364	245	364	142	276	174	76	89	0	388	119	336	162	185	8	306	402	169	|
|232	353	282	389	469	349	217	109	113	298	140	254	427	453	376	255	529	202	405	403	316	388	0	497	64	369	570	384	474	112	256	|
|280	161	252	218	278	367	281	477	575	201	363	253	322	361	344	426	84	396	174	100	208	119	497	0	449	187	77	119	283	496	255	|
|201	299	256	366	454	352	177	146	176	248	114	200	420	451	312	272	475	139	375	360	259	336	64	449	0	339	521	333	460	156	223	|
|139	175	88	48	148	182	165	319	422	148	230	194	160	203	383	242	260	346	36	98	201	162	369	187	339	0	260	153	154	337	116	|
|356	225	329	287	334	437	356	553	651	273	438	322	385	421	379	501	72	456	244	177	270	185	570	77	521	260	0	187	338	572	331	|
|185	43	177	200	292	327	175	377	470	87	256	135	313	356	251	356	147	277	166	69	90	8	384	119	333	153	187	0	298	396	163	|
|266	326	210	108	6	158	302	395	497	302	346	345	67	88	537	266	367	492	133	232	355	306	474	283	460	154	338	298	0	410	251	|
|216	374	251	344	406	266	222	19	88	313	144	284	353	372	451	159	543	289	370	396	348	402	112	496	156	337	572	396	410	0	241	|
|26	153	42	148	245	199	52	222	322	94	116	108	229	268	319	198	306	242	152	155	149	169	256	255	223	116	331	163	251	241	0	|

--------------------------------------------------------------------------------
Building model...
	using lazy and cut (CVRPSEP package)
Solving IRP LP...
--------------------------------------------------------------------------------

Gurobi 9.1.0 (linux64) logging started Fri Feb 12 19:21:48 2021

Gurobi Optimizer version 9.1.0 build v9.1.0rc0 (linux64)
Thread count: 32 physical cores, 32 logical processors, using up to 2 threads
Optimize a model with 2239 rows, 8014 columns and 32449 nonzeros
Model fingerprint: 0x533878e3
Variable types: 574 continuous, 7440 integer (465 binary)
Coefficient statistics:
  Matrix range     [1e+00, 6e+02]
  Objective range  [1e-02, 7e+02]
  Bounds range     [1e+00, 3e+02]
  RHS range        [1e+00, 5e+03]
Presolve removed 442 rows and 740 columns
Presolve time: 0.14s
Presolved: 1797 rows, 7274 columns, 29331 nonzeros
Variable types: 350 continuous, 6924 integer (6475 binary)

Root relaxation: objective 2.465332e+03, 1330 iterations, 0.06 seconds

    Nodes    |    Current Node    |     Objective Bounds      |     Work
 Expl Unexpl |  Obj  Depth IntInf | Incumbent    BestBd   Gap | It/Node Time

     0     0 2465.33247    0  109          - 2465.33247      -     -    0s
     0     0 2696.76659    0  158          - 2696.76659      -     -    0s
     0     0 2697.59361    0  164          - 2697.59361      -     -    0s
     0     0 3133.76504    0  209          - 3133.76504      -     -    1s
     0     0 3167.29127    0  228          - 3167.29127      -     -    1s
     0     0 3167.87511    0  257          - 3167.87511      -     -    1s
     0     0 3167.90456    0  257          - 3167.90456      -     -    1s
     0     0 3362.77707    0  267          - 3362.77707      -     -    1s
     0     0 3429.72578    0  196          - 3429.72578      -     -    2s
     0     0 3451.89282    0  274          - 3451.89282      -     -    2s
     0     0 3472.90069    0  309          - 3472.90069      -     -    3s
     0     0 3490.22232    0  327          - 3490.22232      -     -    3s
     0     0 3500.40173    0  325          - 3500.40173      -     -    3s
     0     0 3506.95882    0  304          - 3506.95882      -     -    3s
     0     0 3515.53261    0  301          - 3515.53261      -     -    3s
     0     0 3517.22804    0  302          - 3517.22804      -     -    3s
     0     0 3517.27750    0  318          - 3517.27750      -     -    3s
     0     0 3602.64224    0  347          - 3602.64224      -     -    4s
     0     0 3635.32239    0  374          - 3635.32239      -     -    5s
     0     0 3653.43398    0  323          - 3653.43398      -     -    5s
     0     0 3656.50002    0  430          - 3656.50002      -     -    5s
     0     0 3657.24793    0  358          - 3657.24793      -     -    5s
     0     0 3693.08942    0  426          - 3693.08942      -     -    5s
     0     0 3695.97784    0  450          - 3695.97784      -     -    5s
     0     0 3696.66661    0  434          - 3696.66661      -     -    5s
     0     0 3706.73831    0  348          - 3706.73831      -     -    6s
     0     0 3709.27446    0  364          - 3709.27446      -     -    6s
     0     0 3714.82520    0  391          - 3714.82520      -     -    6s
     0     0 3715.46365    0  386          - 3715.46365      -     -    6s
     0     0 3717.19081    0  355          - 3717.19081      -     -    6s
     0     0 3717.19081    0  314          - 3717.19081      -     -    7s
     0     2 3739.36152    0  378          - 3739.36152      -     -    8s
     9    12 3747.81483    3  440          - 3747.81483      -   461   10s
    66    70 3923.62121   22  254          - 3755.66501      -   379   15s
   148   159 4404.63498   46  339          - 3755.66501      -   365   20s
   248   263 4925.92660   70  283          - 3755.66501      -   322   25s
   415   458 5760.14457  122  173          - 3755.66501      -   253   30s
   687   739 7370.30520  213   78          - 3755.66501      -   185   35s
*  743   740             247    10101.730000 3755.66501  62.8%   173   35s
*  745   741             247    10016.030000 3755.66501  62.5%   172   35s
   781   766 6466.25861  160  314 10016.0300 3755.66501  62.5%   170   42s
H  782   728                    9707.7100000 3755.66501  61.3%   170   43s
   786   730 7051.67252  199  458 9707.71000 3755.66501  61.3%   169   45s
   801   740 6590.95249  152  627 9707.71000 3827.31455  60.6%   166   50s
   809   746 4605.01098   58  586 9707.71000 3832.90587  60.5%   164   55s
H  809   708                    9426.7100000 3833.60830  59.3%   164   55s
   825   718 6710.75445  158  530 9426.71000 3846.72723  59.2%   161   60s
   840   729 5618.29667  109  140 9426.71000 3848.48324  59.2%   174   65s
   854   739 5418.00791   94  506 9426.71000 3852.09105  59.1%   171   70s
H  854   701                    9402.3500000 3852.11895  59.0%   171   71s
   864   707 7102.34882  157  519 9402.35000 3852.89325  59.0%   169   75s
   869   711 3911.28300    7  582 9402.35000 3854.18957  59.0%   168  128s
   870   711 4908.60340   63  551 9402.35000 3855.94597  59.0%   168  133s
   876   715 6804.81696  168  567 9402.35000 3857.66819  59.0%   167  135s
   888   723 7998.84478  189  533 9402.35000 3858.72589  59.0%   165  140s
   915   744 3884.96190   35  449 9402.35000 3879.64331  58.7%   184  145s
   941   763 3940.93444   41  368 9402.35000 3902.72190  58.5%   192  150s
   968   782 4001.25244   48  502 9402.35000 3902.72190  58.5%   204  155s
   978   788 4065.04304   50  468 9402.35000 3902.72190  58.5%   209  163s
H  994   763                    8468.7600000 3902.72190  53.9%   214  165s
H 1026   748                    7614.5200000 3902.72190  48.7%   224  169s
  1030   755 4169.36978   64  354 7614.52000 3902.72190  48.7%   225  170s
  1072   783 4696.70264   72  343 7614.52000 3902.72190  48.7%   235  175s
  1126   829 4541.91186   87  329 7614.52000 3902.72190  48.7%   238  180s
  1192   877 4606.75379  103  330 7614.52000 3902.72190  48.7%   242  186s
  1260   935 4749.05832  120  286 7614.52000 3902.72190  48.7%   247  191s
  1339  1013 5014.98893  140  232 7614.52000 3902.72190  48.7%   248  195s
  1451  1087 5514.60125  168  185 7614.52000 3902.72190  48.7%   244  201s
  1597  1226 6401.23719  212  199 7614.52000 3902.72190  48.7%   235  206s
* 1713  1219             255    7054.5900000 3903.00851  44.7%   225  208s
  1799  1167 3986.51032   32  387 7054.59000 3903.00851  44.7%   220  211s
  1845  1184 4166.51629   38  326 7054.59000 3903.00851  44.7%   224  216s
  1865  1202 4219.17763   45  304 7054.59000 3903.00851  44.7%   231  220s
  1906  1237 4624.74055   59  209 7054.59000 3903.00851  44.7%   239  226s
  1936  1262 4427.83106   71  184 7054.59000 3903.00851  44.7%   244  231s
H 1999  1287                    6987.6400000 3903.00851  44.1%   248  236s
  2092  1359 5565.52809  142   62 6987.64000 3903.00851  44.1%   245  240s
  2195  1366 4193.71800   33  317 6987.64000 3911.60688  44.0%   242  245s
  2222  1381 4407.37287   39  381 6987.64000 3911.60688  44.0%   247  251s
  2255  1414 4389.27369   44  252 6987.64000 3911.60688  44.0%   252  257s
  2298  1421 4550.18672   48  239 6987.64000 3911.60688  44.0%   258  263s
  2301  1449 4509.32582   49  312 6987.64000 3911.60688  44.0%   258  266s
  2364  1492 4805.73624   68  128 6987.64000 3911.60688  44.0%   260  270s
  2427  1640 5193.09072   81   87 6987.64000 3911.60688  44.0%   259  275s
  2563  1829 6024.73624  113   21 6987.64000 3913.21341  44.0%   252  280s
H 2825  1623                    6122.5200000 3913.21341  36.1%   236  282s
  2844  1531 4083.51507   31  533 6122.52000 3913.21341  36.1%   236  285s
  2880  1541 4292.69684   34  279 6122.52000 3913.21341  36.1%   241  292s
  2886  1565 4291.88591   37  374 6122.52000 3913.21341  36.1%   241  295s
  2961  1618 4345.35460   40  343 6122.52000 3913.21341  36.1%   245  303s
  2981  1637 4446.37904   44  368 6122.52000 3913.21341  36.1%   247  306s
  3025  1727 4633.99638   51  168 6122.52000 3913.21341  36.1%   251  313s
  3090  1768 5021.19135   57  192 6122.52000 3913.21341  36.1%   250  317s
  3142  1819 4974.82714   64  134 6122.52000 3913.21341  36.1%   252  322s
  3194  1900 5465.74105   84  104 6122.52000 3921.95675  35.9%   253  381s
  3237  1900 5825.45702   99   46 6122.52000 3921.95675  35.9%   252  398s
  3306  1927 4079.53112   33  564 6122.52000 3921.95675  35.9%   251  402s
  3326  1999 4182.64888   36  496 6122.52000 3921.95675  35.9%   253  407s
  3430  2011 4352.40528   38  435 6122.52000 3921.95675  35.9%   250  412s
  3442  2031 4323.55378   41  228 6122.52000 3921.95675  35.9%   253  416s
  3462  2045 4638.49620   44  153 6122.52000 3921.95675  35.9%   256  421s
  3476  2079 4523.33311   46  210 6122.52000 3921.95675  35.9%   259  425s
  3510  2113 4677.80978   53  110 6122.52000 3921.95675  35.9%   261  430s
  3544  2146 4910.02112   60  188 6122.52000 3921.95675  35.9%   264  436s
  3600  2177 4875.97936   65  403 6122.52000 3921.95675  35.9%   265  441s
  3631  2248 5067.70127   77  157 6122.52000 3921.95675  35.9%   267  447s
  3702  2365 5347.14235   95  111 6122.52000 3946.31556  35.5%   267  453s
  3866  2397 4323.56927   41  357 6122.52000 3949.08843  35.5%   262  459s
  3898  2409 4887.62477   60  191 6122.52000 3949.08843  35.5%   264  465s
  3910  2473 4916.32240   62  207 6122.52000 3949.08843  35.5%   264  475s
  3974  2494 5914.93377   94  109 6122.52000 3949.37824  35.5%   264  481s
  4019  2529 4302.41717   43  479 6122.52000 3950.70426  35.5%   265  487s
  4054  2660 4798.54287   61  411 6122.52000 3956.75835  35.4%   267  495s
  4223  2676     cutoff  126      6122.52000 3970.20477  35.2%   263  509s
  4243  2728 4557.52301   40  363 6122.52000 3974.96524  35.1%   266  515s
  4295  2780 5417.52223   64  200 6122.52000 3975.09389  35.1%   266  522s
  4362  2862 4419.08398   46  448 6122.52000 3980.88504  35.0%   268  529s
  4451  2862 infeasible   95      6122.52000 3980.88504  35.0%   267  530s
  4453  2913 5770.87383   83  175 6122.52000 3987.94124  34.9%   268  536s
  4522  2962 4333.40836   41  438 6122.52000 3987.94124  34.9%   268  543s
  4584  3053 4842.54904   48  303 6122.52000 3987.94124  34.9%   270  552s
  4693  3109 5620.95558   66   58 6122.52000 4007.37709  34.5%   270  561s
  4777  3232 4448.37735   47  562 6122.52000 4010.58306  34.5%   271  570s
  4930  3268 4266.87422   37  306 6122.52000 4010.71957  34.5%   269  849s
  4968  3394 4757.67989   58  333 6122.52000 4012.84164  34.5%   271  859s
  5095  3397 5610.58591  103   48 6122.52000 4016.09764  34.4%   268  860s
  5129  3418 4432.86192   44  490 6122.52000 4016.09764  34.4%   268  868s
  5150  3441 4458.98913   50  543 6122.52000 4016.09764  34.4%   272  877s
  5173  3475 4658.85677   55  525 6122.52000 4016.09764  34.4%   276  885s
  5207  3535 4904.02256   64  303 6122.52000 4016.09764  34.4%   280  895s
  5267  3861 5132.51549   72  366 6122.52000 4016.09764  34.4%   283  907s
  5573  3868 5792.23000  131    - 6122.52000 4016.09764  34.4%   275  910s
  5648  3950 5963.02112  124  110 6122.52000 4020.72571  34.3%   273  920s
  5761  4047 4736.25415   54  275 6122.52000 4025.11451  34.3%   273  931s
  5890  4075 4446.08623   47  411 6122.52000 4025.15984  34.3%   273  943s
  5918  4195 4694.27530   55  356 6122.52000 4025.15984  34.3%   277  956s
  6053  4242     cutoff  115      6122.52000 4025.48098  34.3%   277  967s
  6110  4402 4792.04196   53  302 6122.52000 4025.64407  34.2%   280  979s
  6300  4499 4266.18514   34  487 6122.52000 4026.54284  34.2%   278  993s
  6411  4591 4322.84204   41  470 6122.52000 4032.04826  34.1%   278 1006s
  6524  4627 4471.87523   34  416 6122.52000 4032.09463  34.1%   279 1016s
  6560  4682 4678.65319   50  338 6122.52000 4032.09463  34.1%   282 1028s
  6615  4919 5042.04453   57  265 6122.52000 4032.09463  34.1%   285 1041s
  6881  5018 5508.24653   85  113 6122.52000 4040.63724  34.0%   281 1057s
  6926  5018 5754.69415  105   42 6122.52000 4040.63724  34.0%   280 1110s
  7000  5125     cutoff  132      6122.52000 4045.99551  33.9%   279 1121s
  7115  5210 4603.66849   49  409 6122.52000 4049.18129  33.9%   278 1134s
  7210  5303 4350.53391   43  564 6122.52000 4049.18129  33.9%   279 1145s
  7313  5391 5619.63459   78  209 6122.52000 4051.52153  33.8%   279 1161s
  7423  5527 4606.37822   38  352 6122.52000 4056.79438  33.7%   280 1180s
  7578  5616 4398.04912   42  417 6122.52000 4058.39520  33.7%   282 1198s
  7693  5718 4421.48620   40  285 6122.52000 4061.45312  33.7%   283 1218s
  7794  5857 5293.86747   82   88 6122.52000 4061.63238  33.7%   286 1237s
  7956  6061     cutoff  116      6122.52000 4062.09379  33.7%   286 1258s
  8185  6163 4372.15020   38  216 6122.52000 4062.39711  33.6%   286 1327s
  8310  6262 4343.23933   47  552 6122.52000 4065.06548  33.6%   287 1344s
  8436  6378 4641.03504   56  390 6122.52000 4065.28163  33.6%   288 1363s
  8586  6457 infeasible  125      6122.52000 4066.95971  33.6%   287 1380s
  8690  6503 4454.60036   42  219 6122.52000 4067.07389  33.6%   288 1396s
  8711  6503 4573.39658   39  388 6122.52000 4067.07389  33.6%   290 1433s
  8736  6697 4569.76753   48  269 6122.52000 4067.07389  33.6%   292 1452s
  8964  6903 5023.41390   67  250 6122.52000 4067.28398  33.6%   292 1478s
  9151  6910 5951.51139  127   32 6122.52000 4067.28398  33.6%   288 1480s
  9230  6998     cutoff  140      6122.52000 4070.18984  33.5%   288 1499s
  9351  7121 4319.89648   38  479 6122.52000 4072.33064  33.5%   289 1614s
  9504  7171     cutoff   89      6122.52000 4073.52002  33.5%   289 1632s
  9557  7358 4932.75879   51  168 6122.52000 4073.83185  33.5%   292 1683s
* 9668  7131             106    6032.5800000 4073.83185  32.5%   292 1684s
H 9783  7108                    6019.1300000 4073.83185  32.3%   292 1706s
  9818  7161 5406.39513   54  183 6019.13000 4073.83185  32.3%   293 1801s
H 9839  3913                    5242.1000000 4073.83185  22.3%   293 1801s
  9896  3903     cutoff   61      5242.10000 4076.80604  22.2%   293 1820s
  9957  3953 4676.35598   54  423 5242.10000 4079.02328  22.2%   295 1838s
 10033  4016 4495.71939   46  486 5242.10000 4084.01075  22.1%   297 1857s
 10124  4069 4649.62227   53  486 5242.10000 4084.75229  22.1%   299 1872s
 10195  4143 4920.03725   59  385 5242.10000 4089.86436  22.0%   301 1916s
H10298  4085                    5215.1000000 4089.96358  21.6%   303 1937s
 10380  4157 4535.91562   47  366 5215.10000 4092.24794  21.5%   305 1959s
 10479  4201 4813.57427   61  332 5215.10000 4093.71860  21.5%   306 1979s
 10545  4242 4821.42719   50  342 5215.10000 4095.12322  21.5%   309 1999s
 10602  4282 4453.24735   45  231 5215.10000 4096.06489  21.5%   312 2019s
 10642  4334 4726.79092   53  305 5215.10000 4096.06727  21.5%   315 2039s
 10682  4334 4781.98622   61  358 5215.10000 4097.63399  21.4%   317 2076s
 10716  4388 4410.96129   44  579 5215.10000 4098.80117  21.4%   318 2095s
 10786  4433 4382.16509   40  348 5215.10000 4098.83883  21.4%   321 2212s
 10831  4490 4736.94296   48  359 5215.10000 4098.83883  21.4%   324 2232s
 10888  4553 4841.64999   50  409 5215.10000 4098.83883  21.4%   327 2253s
H10889  4518                    5208.1000000 4098.83883  21.3%   327 2253s
 10969  4566     cutoff   65      5208.10000 4100.13910  21.3%   330 2275s
 11043  4639 4369.34848   47  605 5208.10000 4101.66022  21.2%   333 2476s
H11128  4641                    5201.1000000 4101.66022  21.1%   335 2498s
 11210  4693 4341.26436   38  534 5201.10000 4103.25411  21.1%   337 2521s
 11262  4749 5063.57911   53  287 5201.10000 4104.37274  21.1%   340 2545s
 11354  4828 4711.04572   54  382 5201.10000 4105.76659  21.1%   342 2568s
 11405  4828 4631.63708   50  457 5201.10000 4107.56195  21.0%   343 2637s
 11448  4900 4915.33689   64  316 5201.10000 4108.47363  21.0%   344 2660s
 11542  4955 4552.37766   39  251 5201.10000 4108.65156  21.0%   346 2686s
 11597  5041 4941.07815   51  245 5201.10000 4108.79603  21.0%   349 2710s
 11722  5116 4763.54721   46  273 5201.10000 4111.11175  21.0%   351 2733s
 11817  5196 4687.07908   55  280 5201.10000 4118.37227  20.8%   353 2796s
 11939  5267 5056.50319   61  165 5201.10000 4119.92123  20.8%   355 2845s
 12041  5327 4506.98369   50  486 5201.10000 4120.67653  20.8%   357 2869s
 12117  5372 4511.97602   44  344 5201.10000 4120.79011  20.8%   359 2892s
 12162  5446 4591.00802   51  405 5201.10000 4120.79011  20.8%   362 2970s
 12250  5513     cutoff   70      5201.10000 4121.63638  20.8%   365 2996s
 12349  5590 4472.20353   46  485 5201.10000 4123.53889  20.7%   366 3107s
 12447  5663 4889.14639   64  432 5201.10000 4125.15478  20.7%   367 3132s
 12542  5754 4773.00857   55  451 5201.10000 4126.57901  20.7%   369 3171s
 12680  5844 4324.05557   44  380 5201.10000 4128.76874  20.6%   370 3231s
 12770  5949 4964.48588   67  153 5201.10000 4128.82339  20.6%   372 3260s
 12943  6016 4611.35928   41  437 5201.10000 4132.96350  20.5%   373 3341s
H12972  5091                    5074.1400000 4132.96350  18.5%   373 3341s
 13078  5144 4289.89108   44  549 5074.14000 4137.59859  18.5%   373 3367s
H13116  5122                    5071.1400000 4137.59859  18.4%   374 3367s
 13175  5158 5047.37092   61  242 5071.14000 4139.34000  18.4%   375 3395s
 13248  5225 4484.55093   39  567 5071.14000 4144.34540  18.3%   377 3485s
 13339  5272 4962.93883   54  114 5071.14000 4145.54761  18.3%   379 3513s
 13441  5312 4517.31608   45  630 5071.14000 4149.85426  18.2%   381 3536s
 13505  5350 4984.58046   50  432 5071.14000 4150.55264  18.2%   384 3563s
 13589  5422 4421.27044   48  476 5071.14000 4153.14774  18.1%   386 3586s

Cutting planes:
  User: 7883
  Gomory: 17
  Cover: 449
  Implied bound: 191
  Projected implied bound: 10
  Clique: 21
  MIR: 103
  Flow cover: 378
  Zero half: 18
  RLT: 254
  Relax-and-lift: 2
  Lazy constraints: 892

Explored 13678 nodes (5321820 simplex iterations) in 3608.59 seconds
Thread count was 2 (of 32 available processors)

Solution count 10: 5071.14 5074.14 5201.1 ... 6987.64

Time limit reached
Best objective 5.071140000000e+03, best bound 4.154683335857e+03, gap 18.0720%

User-callback calls 194543, time in user-callback 813.90 sec
================================================================================
executing instance: ./input/Instances/Original/4/absH3low_3n10.dat
--------------------------------------------------------------------------------
Instance details
n	11
H	3
C	687
Li:
[0, 0, 0, 0, 0, 0, 0, 0, 0, 0, 0, ]
Ui:
[0, 189, 44, 174, 78, 36, 198, 117, 42, 96, 240, ]
Distance matrix:
|0	209	255	286	142	156	285	317	182	161	135	|
|209	0	464	451	315	356	490	469	361	299	260	|
|255	464	0	221	202	130	74	280	189	254	273	|
|286	451	221	0	145	156	164	479	354	153	192	|
|142	315	202	145	0	73	194	388	250	53	73	|
|156	356	130	156	73	0	134	332	200	127	144	|
|285	490	74	164	194	134	0	353	256	239	267	|
|317	469	280	479	388	332	353	0	141	436	430	|
|182	361	189	354	250	200	256	141	0	296	289	|
|161	299	254	153	53	127	239	436	296	0	39	|
|135	260	273	192	73	144	267	430	289	39	0	|

--------------------------------------------------------------------------------
Building model...
	using lazy and cut (CVRPSEP package)
Solving IRP LP...
--------------------------------------------------------------------------------

Gurobi 9.1.0 (linux64) logging started Fri Feb 12 20:22:22 2021

Gurobi Optimizer version 9.1.0 build v9.1.0rc0 (linux64)
Thread count: 32 physical cores, 32 logical processors, using up to 2 threads
Optimize a model with 779 rows, 1184 columns and 4889 nonzeros
Model fingerprint: 0x4214d3cf
Variable types: 194 continuous, 990 integer (165 binary)
Coefficient statistics:
  Matrix range     [1e+00, 2e+02]
  Objective range  [1e-02, 5e+02]
  Bounds range     [1e+00, 2e+02]
  RHS range        [1e+00, 1e+03]
Presolve removed 313 rows and 338 columns
Presolve time: 0.08s
Presolved: 466 rows, 846 columns, 3217 nonzeros
Variable types: 98 continuous, 748 integer (609 binary)
Found heuristic solution: objective 8147.6200000

Root relaxation: objective 2.194712e+03, 643 iterations, 0.01 seconds

    Nodes    |    Current Node    |     Objective Bounds      |     Work
 Expl Unexpl |  Obj  Depth IntInf | Incumbent    BestBd   Gap | It/Node Time

     0     0 2194.71243    0   61 8147.62000 2194.71243  73.1%     -    0s
H    0     0                    4735.7400000 2194.71243  53.7%     -    0s
H    0     0                    4406.5600000 2194.71243  50.2%     -    0s
     0     0 2635.87994    0   62 4406.56000 2635.87994  40.2%     -    0s
H    0     0                    4040.3200000 2635.87994  34.8%     -    0s
H    0     0                    4014.3200000 2635.87994  34.3%     -    0s
     0     0 2635.87994    0   68 4014.32000 2635.87994  34.3%     -    0s
     0     0 2919.47947    0   87 4014.32000 2919.47947  27.3%     -    0s
H    0     0                    3791.3200000 2919.47947  23.0%     -    0s
     0     0 2936.58868    0   83 3791.32000 2936.58868  22.5%     -    0s
     0     0 2945.95309    0   89 3791.32000 2945.95309  22.3%     -    0s
     0     0 2946.36204    0   93 3791.32000 2946.36204  22.3%     -    0s
     0     0 3110.38460    0  135 3791.32000 3110.38460  18.0%     -    0s
H    0     0                    3712.3200000 3110.38460  16.2%     -    0s
     0     0 3178.71215    0  120 3712.32000 3178.71215  14.4%     -    0s
     0     0 3193.11555    0  145 3712.32000 3193.11555  14.0%     -    0s
     0     0 3199.06434    0  130 3712.32000 3199.06434  13.8%     -    0s
     0     0 3200.19711    0  128 3712.32000 3200.19711  13.8%     -    0s
     0     0 3200.42876    0  154 3712.32000 3200.42876  13.8%     -    0s
     0     0 3235.18351    0   92 3712.32000 3235.18351  12.9%     -    0s
     0     0 3235.29180    0   91 3712.32000 3235.29180  12.8%     -    0s
     0     0 3247.42804    0   87 3712.32000 3247.42804  12.5%     -    0s
     0     0 3249.25551    0  121 3712.32000 3249.25551  12.5%     -    0s
     0     0 3249.56431    0  108 3712.32000 3249.56431  12.5%     -    0s
     0     0 3257.14353    0  187 3712.32000 3257.14353  12.3%     -    0s
     0     0 3258.58521    0  175 3712.32000 3258.58521  12.2%     -    0s
     0     0 3258.79337    0  175 3712.32000 3258.79337  12.2%     -    0s
     0     0 3261.67975    0  181 3712.32000 3261.67975  12.1%     -    0s
     0     0 3261.67975    0  181 3712.32000 3261.67975  12.1%     -    0s
     0     2 3264.58048    0  181 3712.32000 3264.58048  12.1%     -    0s

Cutting planes:
  User: 31
  Gomory: 2
  Cover: 114
  Implied bound: 62
  Clique: 13
  MIR: 54
  StrongCG: 6
  Flow cover: 56
  Inf proof: 1
  Zero half: 1
  Network: 1
  RLT: 78
  Relax-and-lift: 14
  Lazy constraints: 9

Explored 2033 nodes (79293 simplex iterations) in 4.73 seconds
Thread count was 2 (of 32 available processors)

Solution count 7: 3712.32 3791.32 4014.32 ... 8147.62

Optimal solution found (tolerance 1.00e-04)
Best objective 3.712320000000e+03, best bound 3.712320000000e+03, gap 0.0000%

User-callback calls 5143, time in user-callback 0.53 sec
================================================================================
executing instance: ./input/Instances/Original/4/absH3low_3n15.dat
--------------------------------------------------------------------------------
Instance details
n	16
H	3
C	1267
Li:
[0, 0, 0, 0, 0, 0, 0, 0, 0, 0, 0, 0, 0, 0, 0, 0, ]
Ui:
[0, 156, 267, 148, 144, 87, 33, 171, 76, 141, 270, 282, 60, 110, 172, 57, ]
Distance matrix:
|0	229	567	76	58	96	306	409	310	423	108	346	165	347	159	256	|
|229	0	482	243	279	155	375	525	251	419	158	373	65	123	329	246	|
|567	482	0	506	622	483	342	439	259	200	467	274	486	433	501	312	|
|76	243	506	0	119	88	230	337	255	352	88	272	179	347	94	194	|
|58	279	622	119	0	154	345	431	366	471	166	391	217	399	179	310	|
|96	155	483	88	154	0	266	397	224	358	17	289	92	262	176	179	|
|306	375	342	230	345	266	0	158	184	148	251	68	332	423	181	140	|
|409	525	439	337	431	397	158	0	340	244	386	201	476	581	253	298	|
|310	251	259	255	366	224	184	340	0	170	208	146	238	257	274	66	|
|423	419	200	352	471	358	148	244	170	0	341	84	396	424	323	182	|
|108	158	467	88	166	17	251	386	208	341	0	273	96	259	172	162	|
|346	373	274	272	391	289	68	201	146	84	273	0	340	400	239	127	|
|165	65	486	179	217	92	332	476	238	396	96	340	0	182	267	216	|
|347	123	433	347	399	262	423	581	257	424	259	400	182	0	423	283	|
|159	329	501	94	179	176	181	253	274	323	172	239	267	423	0	208	|
|256	246	312	194	310	179	140	298	66	182	162	127	216	283	208	0	|

--------------------------------------------------------------------------------
Building model...
	using lazy and cut (CVRPSEP package)
Solving IRP LP...
--------------------------------------------------------------------------------

Gurobi 9.1.0 (linux64) logging started Fri Feb 12 20:22:35 2021

Gurobi Optimizer version 9.1.0 build v9.1.0rc0 (linux64)
Thread count: 32 physical cores, 32 logical processors, using up to 2 threads
Optimize a model with 1144 rows, 2329 columns and 9529 nonzeros
Model fingerprint: 0xe5575331
Variable types: 289 continuous, 2040 integer (240 binary)
Coefficient statistics:
  Matrix range     [1e+00, 3e+02]
  Objective range  [1e-02, 6e+02]
  Bounds range     [1e+00, 3e+02]
  RHS range        [1e+00, 2e+03]
Presolve removed 409 rows and 380 columns
Presolve time: 0.09s
Presolved: 735 rows, 1949 columns, 6998 nonzeros
Variable types: 170 continuous, 1779 integer (1562 binary)
Found heuristic solution: objective 11890.210000

Root relaxation: objective 2.123950e+03, 768 iterations, 0.02 seconds

    Nodes    |    Current Node    |     Objective Bounds      |     Work
 Expl Unexpl |  Obj  Depth IntInf | Incumbent    BestBd   Gap | It/Node Time

     0     0 2123.95014    0   76 11890.2100 2123.95014  82.1%     -    0s
H    0     0                    11646.210000 2123.95014  81.8%     -    0s
     0     0 2526.31638    0   84 11646.2100 2526.31638  78.3%     -    0s
H    0     0                    8872.4200000 2526.31638  71.5%     -    0s
     0     0 2624.98022    0   81 8872.42000 2624.98022  70.4%     -    0s
     0     0 2661.92668    0  148 8872.42000 2661.92668  70.0%     -    0s
     0     0 2663.13502    0  129 8872.42000 2663.13502  70.0%     -    0s
     0     0 2663.13502    0  130 8872.42000 2663.13502  70.0%     -    0s
     0     0 2876.45408    0  157 8872.42000 2876.45408  67.6%     -    0s
     0     0 2923.07495    0  216 8872.42000 2923.07495  67.1%     -    0s
     0     0 2949.42801    0  191 8872.42000 2949.42801  66.8%     -    0s
     0     0 2955.70283    0  177 8872.42000 2955.70283  66.7%     -    0s
     0     0 2958.69463    0  190 8872.42000 2958.69463  66.7%     -    0s
     0     0 2965.29077    0  165 8872.42000 2965.29077  66.6%     -    0s
     0     0 2969.21757    0  185 8872.42000 2969.21757  66.5%     -    0s
     0     0 2969.80205    0  186 8872.42000 2969.80205  66.5%     -    0s
     0     0 3022.89245    0  207 8872.42000 3022.89245  65.9%     -    0s
     0     0 3037.79756    0  220 8872.42000 3037.79756  65.8%     -    0s
     0     0 3037.86830    0  226 8872.42000 3037.86830  65.8%     -    0s
     0     0 3069.82787    0  235 8872.42000 3069.82787  65.4%     -    1s
     0     0 3082.75758    0  274 8872.42000 3082.75758  65.3%     -    1s
     0     0 3084.58379    0  285 8872.42000 3084.58379  65.2%     -    1s
     0     0 3086.06208    0  301 8872.42000 3086.06208  65.2%     -    1s
     0     0 3086.11404    0  295 8872.42000 3086.11404  65.2%     -    1s
     0     0 3103.67818    0  281 8872.42000 3103.67818  65.0%     -    1s
     0     0 3105.37966    0  107 8872.42000 3105.37966  65.0%     -    1s
     0     0 3105.39434    0  309 8872.42000 3105.39434  65.0%     -    1s
     0     0 3111.56492    0  311 8872.42000 3111.56492  64.9%     -    1s
     0     0 3111.56492    0  311 8872.42000 3111.56492  64.9%     -    1s
H    0     0                    8750.0200000 3112.91648  64.4%     -    1s
     0     2 3116.87868    0  313 8750.02000 3116.87868  64.4%     -    1s
H  158   155                    7915.2000000 3209.87068  59.4%   178    4s
H  183   203                    5759.6100000 3209.87068  44.3%   163    4s
   214   215 5216.26361   69   62 5759.61000 3212.05715  44.2%   144    5s
H  241   189                    5173.2700000 3241.12938  37.3%   140    5s
H  579   373                    4729.3000000 3256.36600  31.1%   127    9s
*  613   352              55    4724.3000000 3260.45363  31.0%   122    9s
   668   379 4080.71141   17  170 4724.30000 3260.57592  31.0%   126   10s
H  679   378                    4723.3000000 3260.57592  31.0%   125   10s
H  731   380                    4681.3000000 3323.56639  29.0%   128   11s
   755   399 3323.56639   18  130 4681.30000 3323.56639  29.0%   133   15s
   909   480 4561.99041   60   86 4681.30000 3323.56639  29.0%   150   20s
H  981   492                    4649.3000000 3323.56639  28.5%   151   21s
H 1115   493                    4537.3000000 3323.56639  26.8%   154   24s
  1122   487 3713.75605   23  221 4537.30000 3323.56639  26.8%   155  108s
H 1181   455                    4382.5600000 3323.56639  24.2%   158  110s
  1363   520 3928.37575   26  149 4382.56000 3389.84537  22.7%   162  115s
  1615   606 4019.62692   32  192 4382.56000 3467.20862  20.9%   163  120s
  1976   750 3893.47932   27  203 4382.56000 3518.14336  19.7%   163  125s
  2185   880 3977.01603   26  101 4382.56000 3562.11833  18.7%   170  131s
  2449  1009 3888.73856   23  217 4382.56000 3601.10013  17.8%   173  136s
  2647  1097 4307.21806   30  153 4382.56000 3612.25952  17.6%   176  140s
  2932  1205     cutoff   32      4382.56000 3648.65776  16.7%   178  153s
  2971  1205     cutoff   41      4382.56000 3660.78581  16.5%   179  177s
  3118  1306     cutoff   30      4382.56000 3667.87164  16.3%   179  180s
  3398  1416 3985.24519   27  109 4382.56000 3691.78918  15.8%   182  186s
  3588  1488 4028.56067   31  174 4382.56000 3701.99175  15.5%   184  190s
  3817  1559 4096.46737   27  101 4382.56000 3714.89545  15.2%   185  195s
  4007  1610 4080.53147   25  195 4382.56000 3726.77018  15.0%   187  200s
  4249  1734 4173.73833   30  218 4382.56000 3741.30611  14.6%   189  205s
  4551  1855 3988.51650   28  241 4382.56000 3754.24615  14.3%   187  211s
  4753  1897 4285.12185   31   60 4382.56000 3760.92679  14.2%   187  260s
  5096  2024 4193.01064   29  146 4382.56000 3777.99723  13.8%   187  266s
  5245  2094 4304.28656   29   99 4382.56000 3790.53780  13.5%   187  270s
  5666  2252     cutoff   33      4382.56000 3809.68747  13.1%   186  277s
  5845  2304 4026.22244   27  185 4382.56000 3817.11844  12.9%   186  281s
  6033  2397 4086.40824   27  181 4382.56000 3823.69567  12.8%   186  285s
  6514  2513 4261.66419   33  203 4382.56000 3833.71991  12.5%   186  292s
  6747  2584 4179.90368   26  173 4382.56000 3842.26888  12.3%   186  296s
  7121  2722     cutoff   28      4382.56000 3857.14694  12.0%   186  303s
  7307  2772 4301.37066   24  112 4382.56000 3859.37890  11.9%   186  306s
  7488  2815 4354.98180   39  125 4382.56000 3863.98478  11.8%   187  310s
  7952  2961 4069.19265   30  168 4382.56000 3884.60695  11.4%   186  318s
  8201  3005     cutoff   26      4382.56000 3891.57871  11.2%   185  322s
  8349  3068 4200.24719   27  171 4382.56000 3898.19888  11.1%   185  423s
  8564  3116     cutoff   34      4382.56000 3906.76318  10.9%   185  427s
  8799  3151 4220.09510   26  156 4382.56000 3914.11157  10.7%   184  431s
  9006  3189 4226.30733   30  172 4382.56000 3919.33770  10.6%   184  435s
  9408  3260 4094.33891   32  206 4382.56000 3931.91280  10.3%   184  442s
  9576  3300 4333.29562   30  189 4382.56000 3937.95679  10.1%   185  446s
  9764  3333 4366.74459   31  110 4382.56000 3944.10805  10.0%   185  450s
 10185  3437 4032.08167   26  178 4382.56000 3951.29901  9.84%   185  502s
 10380  3498 4178.33170   30  204 4382.56000 3956.39185  9.72%   186  505s
 10823  3596 4282.94175   35   90 4382.56000 3966.28163  9.50%   186  513s
 11064  3623     cutoff   34      4382.56000 3971.44733  9.38%   186  516s
 11269  3679 4229.74943   35  214 4382.56000 3976.06553  9.28%   186  520s
 11722  3755 4315.69749   26  162 4382.56000 3985.12802  9.07%   186  528s
 11920  3777     cutoff   28      4382.56000 3988.60541  8.99%   186  531s
 12123  3811     cutoff   28      4382.56000 3993.37113  8.88%   186  543s
 12368  3855 4375.40473   33  149 4382.56000 3996.70793  8.80%   186  560s
 12865  3893 4207.57328   28  210 4382.56000 4003.75351  8.64%   185  567s
 13057  3904 4281.16621   25  271 4382.56000 4006.15238  8.59%   185  570s
 13469  3936     cutoff   28      4382.56000 4014.07352  8.41%   185  577s
 13565  3936 4230.08185   31  122 4382.56000 4016.59467  8.35%   186  662s
 13675  3959     cutoff   35      4382.56000 4016.67689  8.35%   186  667s
 13905  3957 4364.07569   24  106 4382.56000 4020.43143  8.26%   185  672s
 13978  3986     cutoff   35      4382.56000 4022.47327  8.22%   185  675s
 14485  4021     cutoff   38      4382.56000 4029.04792  8.07%   185  683s
 14756  4026 4364.68757   30  204 4382.56000 4033.40984  7.97%   184  686s
 14997  4035 4118.40001   28  220 4382.56000 4036.45535  7.90%   184  690s
 15406  4054 4375.47291   30  166 4382.56000 4043.40840  7.74%   185  697s
 15635  4047     cutoff   33      4382.56000 4047.55405  7.64%   184  700s
 16090  4052 4136.02686   26   79 4382.56000 4058.22415  7.40%   184  708s
