




arguments: ./build/bc_mirp -f ./input/orig_exec_137.cfg
Current dir: /scratch/gui/bc_mirp
File verbosity level: 9
date       time         ( uptime  ) [ thread name/id ]                   file:line     v| 
2021-02-08 00:09:45.908 (   0.204s) [main thread     ]             loguru.cpp:789   INFO| Logging to './output/vi_vc+hc2/OU/V5/Original/execution_08_02_2021_00_09_45.log', mode: 'a', verbosity: 9
--------------------------------------------------------------------------------
Parameters
                           instance_path           ./input/Instances/Original/3/
                            model_policy                                       1
                             nb_vehicles                                       5
                              output_dir      ./output/vi_vc+hc2/OU/V5/Original/
                            sec_strategy                                       1
                       solver_nb_threads                                       2
                         solver_show_log                                    true
                       solver_time_limit                                    3600
                              use_vi_cos                                   false
                              use_vi_cus                                   false
                         use_vi_hc1_full                                   false
                         use_vi_hc1_half                                   false
                      use_vi_hc1_quarter                                   false
                              use_vi_hc2                                    true
                              use_vi_hc3                                   false
                         use_vi_lex_full                                   false
                         use_vi_lex_half                                   false
                      use_vi_lex_quarter                                   false
                              use_vi_qua                                   false
                               use_vi_vc                                    true
                               use_vi_vr                                   false
--------------------------------------------------------------------------------
executing instance: ./input/Instances/Original/3/absH3low_2n5.dat
--------------------------------------------------------------------------------
Instance details
n	6
H	3
C	237
Li:
[0, 0, 0, 0, 0, 0, ]
Ui:
[0, 93, 180, 51, 114, 24, ]
Distance matrix:
|0	170	318	35	112	235	|
|170	0	311	205	258	301	|
|318	311	0	326	278	137	|
|35	205	326	0	89	230	|
|112	258	278	89	0	160	|
|235	301	137	230	160	0	|

--------------------------------------------------------------------------------
Building model...
	using lazy and cut (CVRPSEP package)
Solving IRP LP...
--------------------------------------------------------------------------------

Gurobi 9.1.0 (linux64) logging started Mon Feb  8 00:09:46 2021

Gurobi Optimizer version 9.1.0 build v9.1.0rc0 (linux64)
Thread count: 32 physical cores, 32 logical processors, using up to 2 threads
Optimize a model with 414 rows, 414 columns and 1749 nonzeros
Model fingerprint: 0x774b11bd
Variable types: 99 continuous, 315 integer (90 binary)
Coefficient statistics:
  Matrix range     [1e+00, 2e+02]
  Objective range  [1e-02, 3e+02]
  Bounds range     [1e+00, 2e+02]
  RHS range        [1e+00, 5e+02]
Presolve removed 138 rows and 144 columns
Presolve time: 0.01s

Explored 0 nodes (0 simplex iterations) in 0.01 seconds
Thread count was 1 (of 32 available processors)

Solution count 0

Model is infeasible
Best objective -, best bound -, gap -

User-callback calls 38, time in user-callback 0.00 sec

Computing Irreducible Inconsistent Subsystem (IIS)...

           Constraints          |            Bounds           |  Runtime
      Min       Max     Guess   |   Min       Max     Guess   |
--------------------------------------------------------------------------
        0       414         -         0       569         -           0s
       36        36         -        41        41         -           0s

IIS computed: 36 constraints, 41 bounds
IIS runtime: 0.36 seconds
================================================================================
executing instance: ./input/Instances/Original/3/absH3high_5n30.dat
--------------------------------------------------------------------------------
Instance details
n	31
H	3
C	2296
Li:
[0, 0, 0, 0, 0, 0, 0, 0, 0, 0, 0, 0, 0, 0, 0, 0, 0, 0, 0, 0, 0, 0, 0, 0, 0, 0, 0, 0, 0, 0, 0, ]
Ui:
[0, 80, 90, 297, 28, 264, 123, 192, 112, 32, 72, 88, 294, 129, 126, 105, 110, 237, 246, 92, 72, 147, 54, 96, 128, 96, 84, 28, 74, 196, 192, ]
Distance matrix:
|0	87	302	65	389	171	219	120	412	339	129	63	169	401	383	158	393	161	246	275	64	287	345	235	13	274	106	201	85	358	135	|
|87	0	334	128	402	212	301	204	465	384	187	145	232	424	454	238	475	245	289	352	80	307	352	321	81	352	20	261	170	376	215	|
|302	334	0	239	113	132	237	334	157	70	404	263	162	105	227	229	339	251	65	217	259	53	107	352	293	220	339	134	270	75	235	|
|65	128	239	0	330	107	175	130	348	275	174	40	107	339	326	114	351	125	181	224	58	228	290	222	58	224	143	138	65	297	92	|
|389	402	113	330	0	226	349	438	210	151	502	360	269	48	316	339	441	362	175	328	335	102	55	465	377	330	401	245	371	37	342	|
|171	212	132	107	226	0	169	214	253	173	276	134	64	233	261	130	326	153	77	188	133	125	192	264	162	190	220	68	145	193	125	|
|219	301	237	175	349	169	0	157	257	223	244	157	105	334	180	62	175	61	177	63	233	264	334	118	221	61	317	112	136	312	85	|
|120	204	334	130	438	214	157	0	402	348	88	90	173	438	336	115	307	100	269	220	172	338	406	122	130	218	224	204	69	403	101	|
|412	465	157	348	210	253	257	402	0	88	486	359	245	166	129	287	266	303	178	204	386	208	239	370	406	207	473	212	354	187	304	|
|339	384	70	275	151	173	223	348	88	0	427	291	179	120	166	234	290	254	96	187	306	123	166	342	332	190	391	145	291	119	247	|
|129	187	404	174	502	276	244	88	486	427	0	142	248	508	424	200	390	187	342	308	193	400	464	192	142	306	207	281	136	469	182	|
|63	145	263	40	360	134	157	90	359	291	142	0	114	366	321	95	331	99	202	212	90	258	323	186	65	211	163	148	27	327	72	|
|169	232	162	107	269	64	105	173	245	179	248	114	0	266	222	71	268	94	97	131	155	173	244	203	164	132	245	34	113	233	73	|
|401	424	105	339	48	233	334	438	166	120	508	366	266	0	280	332	409	355	169	305	353	117	96	452	391	308	425	237	374	49	339	|
|383	454	227	326	316	261	180	336	129	166	424	321	222	280	0	231	137	238	208	116	376	277	331	272	381	118	467	197	307	285	253	|
|158	238	229	114	339	130	62	115	287	234	200	95	71	332	231	0	238	23	164	118	171	243	314	134	159	117	255	95	77	302	23	|
|393	475	339	351	441	326	175	307	266	290	390	331	268	409	137	238	0	232	300	138	408	383	445	204	395	136	492	258	308	406	260	|
|161	245	251	125	362	153	61	100	303	254	187	99	94	355	238	23	232	0	187	123	183	267	338	111	164	121	262	117	77	325	34	|
|246	289	65	181	175	77	177	269	178	96	342	202	97	169	208	164	300	187	0	168	210	87	157	290	238	171	296	70	206	138	170	|
|275	352	217	224	328	188	63	220	204	187	308	212	131	305	116	118	138	123	168	0	279	255	322	166	275	3	367	120	195	291	141	|
|64	80	259	58	335	133	233	172	386	306	193	90	155	353	376	171	408	183	210	279	0	236	289	276	51	279	90	182	117	307	150	|
|287	307	53	228	102	125	264	338	208	123	400	258	173	117	277	243	383	267	87	255	236	0	71	374	276	257	308	153	270	71	245	|
|345	352	107	290	55	192	334	406	239	166	464	323	244	96	331	314	445	338	157	322	289	71	0	445	334	325	350	224	337	54	315	|
|235	321	352	222	465	264	118	122	370	342	192	186	203	452	272	134	204	111	290	166	276	374	445	0	243	164	341	221	159	428	142	|
|13	81	293	58	377	162	221	130	406	332	142	65	164	391	381	159	395	164	238	275	51	276	334	243	0	274	100	196	89	347	136	|
|274	352	220	224	330	190	61	218	207	190	306	211	132	308	118	117	136	121	171	3	279	257	325	164	274	0	367	122	194	294	140	|
|106	20	339	143	401	220	317	224	473	391	207	163	245	425	467	255	492	262	296	367	90	308	350	341	100	367	0	272	188	377	232	|
|201	261	134	138	245	68	112	204	212	145	281	148	34	237	197	95	258	117	70	120	182	153	224	221	196	122	272	0	146	208	103	|
|85	170	270	65	371	145	136	69	354	291	136	27	113	374	307	77	308	77	206	195	117	270	337	159	89	194	188	146	0	337	54	|
|358	376	75	297	37	193	312	403	187	119	469	327	233	49	285	302	406	325	138	291	307	71	54	428	347	294	377	208	337	0	306	|
|135	215	235	92	342	125	85	101	304	247	182	72	73	339	253	23	260	34	170	141	150	245	315	142	136	140	232	103	54	306	0	|

--------------------------------------------------------------------------------
Building model...
	using lazy and cut (CVRPSEP package)
Solving IRP LP...
--------------------------------------------------------------------------------

Gurobi 9.1.0 (linux64) logging started Mon Feb  8 00:09:46 2021

Gurobi Optimizer version 9.1.0 build v9.1.0rc0 (linux64)
Thread count: 32 physical cores, 32 logical processors, using up to 2 threads
Optimize a model with 2239 rows, 8014 columns and 32449 nonzeros
Model fingerprint: 0xef3c50a1
Variable types: 574 continuous, 7440 integer (465 binary)
Coefficient statistics:
  Matrix range     [1e+00, 5e+02]
  Objective range  [1e-01, 5e+02]
  Bounds range     [1e+00, 3e+02]
  RHS range        [1e+00, 4e+03]
Presolve removed 442 rows and 740 columns
Presolve time: 0.15s
Presolved: 1797 rows, 7274 columns, 29331 nonzeros
Variable types: 350 continuous, 6924 integer (6476 binary)

Root relaxation: objective 9.096652e+03, 1300 iterations, 0.06 seconds

    Nodes    |    Current Node    |     Objective Bounds      |     Work
 Expl Unexpl |  Obj  Depth IntInf | Incumbent    BestBd   Gap | It/Node Time

     0     0 9096.65241    0  141          - 9096.65241      -     -    0s
     0     0 9433.72175    0  143          - 9433.72175      -     -    0s
     0     0 9444.03521    0  190          - 9444.03521      -     -    0s
     0     0 9444.89294    0  212          - 9444.89294      -     -    0s
     0     0 9444.89294    0  210          - 9444.89294      -     -    0s
     0     0 9829.82204    0  224          - 9829.82204      -     -    1s
     0     0 9842.36757    0  213          - 9842.36757      -     -    1s
     0     0 9843.97205    0  234          - 9843.97205      -     -    1s
     0     0 9843.97532    0  242          - 9843.97532      -     -    1s
     0     0 9964.66093    0  256          - 9964.66093      -     -    2s
     0     0 10044.8666    0  220          - 10044.8666      -     -    2s
     0     0 10050.2414    0  289          - 10050.2414      -     -    2s
     0     0 10052.0911    0  283          - 10052.0911      -     -    2s
     0     0 10052.2392    0  287          - 10052.2392      -     -    2s
     0     0 10078.8967    0  282          - 10078.8967      -     -    3s
     0     0 10083.3616    0  223          - 10083.3616      -     -    3s
     0     0 10086.1237    0  338          - 10086.1237      -     -    3s
     0     0 10088.4740    0  267          - 10088.4740      -     -    3s
     0     0 10088.8460    0  350          - 10088.8460      -     -    3s
     0     0 10095.8651    0  390          - 10095.8651      -     -    3s
     0     0 10098.0233    0  392          - 10098.0233      -     -    4s
     0     0 10098.2021    0  402          - 10098.2021      -     -    4s
     0     0 10099.4992    0  309          - 10099.4992      -     -    4s
     0     0 10102.6623    0  409          - 10102.6623      -     -    5s
     0     0 10103.6527    0  319          - 10103.6527      -     -    5s
     0     0 10104.1676    0  335          - 10104.1676      -     -    5s
     0     0 10106.0086    0  338          - 10106.0086      -     -    5s
     0     0 10106.0086    0  338          - 10106.0086      -     -    5s
     0     2 10110.1372    0  330          - 10110.1372      -     -    6s
    54    57 10244.7085   16  234          - 10110.1372      -   334   10s
   145   155 11005.8339   35  174          - 10110.1372      -   323   15s
   343   389 12650.1614  115   84          - 10110.1372      -   230   20s
*  681   709             251    16230.060000 10122.3256  37.6%   143   24s
   751   728 10215.9663    6  425 16230.0600 10122.3256  37.6%   136   25s
   765   730 14064.0395  158  199 16230.0600 10122.3256  37.6%   134   30s
   782   741 13170.5040  129  498 16230.0600 10166.3027  37.4%   131   35s
   797   751 11846.4372   55  448 16230.0600 10180.7440  37.3%   128   40s
   818   765 15042.7342  205  560 16230.0600 10197.6274  37.2%   125   45s
H  834   739                    16063.160000 10200.9036  36.5%   141   51s
   848   748 13675.3021  153  542 16063.1600 10201.5978  36.5%   139   55s
   860   756 12002.9502   68  609 16063.1600 10204.0175  36.5%   137   60s
   882   774 10251.5841   31  463 16063.1600 10217.3706  36.4%   154   65s
   917   799 10246.2042   39  409 16063.1600 10217.3706  36.4%   164   70s
   947   817 10267.2251   46  365 16063.1600 10217.3706  36.4%   175   75s
   975   837 10285.3304   52  386 16063.1600 10217.3706  36.4%   185   80s
  1015   864 10324.4285   62  361 16063.1600 10217.3706  36.4%   195   87s
  1038   881 10337.8230   68  304 16063.1600 10217.3706  36.4%   200   90s
  1099   920 10416.8601   82  342 16063.1600 10217.3706  36.4%   207   96s
  1157   974 10584.3556   93  314 16063.1600 10217.3706  36.4%   214  100s
  1235  1029 10621.7826  109  327 16063.1600 10217.3706  36.4%   219  106s
  1283  1043 10664.6598  121  347 16063.1600 10217.3706  36.4%   221  110s
  1319  1091 10691.7026  130  309 16063.1600 10217.3706  36.4%   224  115s
  1429  1168 11165.2126  150  196 16063.1600 10217.3706  36.4%   225  121s
  1620  1281 11223.9576  169  307 16063.1600 10217.3706  36.4%   214  129s
  1679  1272 11242.5770  171  232 16063.1600 10217.3706  36.4%   209  131s
  1732  1374 11592.1384  189  119 16063.1600 10217.3706  36.4%   208  135s
  1927  1377 infeasible  259      16063.1600 10231.8651  36.3%   195  140s
  1982  1414 10333.0226   42  368 16063.1600 10231.8651  36.3%   199  146s
  2026  1440 10437.1461   52  373 16063.1600 10231.8651  36.3%   202  151s
  2065  1484 10594.6660   58  331 16063.1600 10231.8651  36.3%   205  161s
  2119  1507 10784.7238   68  222 16063.1600 10231.8651  36.3%   209  166s
  2175  1582 10980.7465   77  219 16063.1600 10231.8651  36.3%   211  172s
  2232  1638 11083.0088   87  273 16063.1600 10231.8651  36.3%   211  175s
  2328  1736 11223.8494  101  222 16063.1600 10231.8651  36.3%   209  182s
  2437  1897 11485.2961  108  163 16063.1600 10231.8651  36.3%   206  186s
  2640  1968 12043.0426  117  159 16063.1600 10231.8651  36.3%   197  191s
  2863  2035 12725.6880  139   68 16063.1600 10231.8651  36.3%   187  197s
  2973  2091 13961.5976  163   29 16063.1600 10237.9580  36.3%   183  202s
  3152  2098 15069.0525  198   40 16063.1600 10239.2756  36.3%   176  206s
  3216  2116 infeasible  213      16063.1600 10239.3031  36.3%   175  210s
  3265  2144 11725.7758   51  182 16063.1600 10239.3031  36.3%   178  219s
  3267  2180 11839.1984   52  164 16063.1600 10239.3031  36.3%   178  224s
  3303  2215 13136.5635   78   63 16063.1600 10243.4770  36.2%   178  228s
  3346  2243 14875.0567   91   46 16063.1600 10243.4880  36.2%   179  231s
  3398  2294 10537.9052   42  264 16063.1600 10243.4880  36.2%   180  235s
  3477  2362 10670.1057   52  274 16063.1600 10243.4880  36.2%   183  244s
  3503  2426 10762.4978   55  193 16063.1600 10243.4880  36.2%   184  248s
  3567  2513 10947.8162   59  301 16063.1600 10243.4880  36.2%   184  253s
  3654  2656 10979.6277   68  206 16063.1600 10243.4880  36.2%   184  260s
  3801  2730 11042.9572   70  298 16063.1600 10243.4880  36.2%   181  265s
  3901  2771 11485.1860   81  167 16063.1600 10243.4880  36.2%   180  270s
* 3933  2754             209    15421.510000 10243.4880  33.6%   180  271s
  3941  2779 11661.5017   92  159 15421.5100 10243.4880  33.6%   181  276s
* 3966  2699             212    14602.570000 10243.4880  29.9%   181  276s
  3977  2816 12035.5298  100   89 14602.5700 10251.5897  29.8%   182  283s
  4144  2866 13253.0849  144   28 14602.5700 10256.1961  29.8%   178  288s
  4213  2923 14515.8997  162   10 14602.5700 10256.4090  29.8%   177  294s
  4278  3018 infeasible  166      14602.5700 10260.7226  29.7%   178  300s
  4389  3044 14597.8500  165    - 14602.5700 10261.4802  29.7%   177  306s
  4417  3129     cutoff  165      14602.5700 10261.8224  29.7%   178  312s
  4534  3174 10619.3824   41  472 14602.5700 10261.8637  29.7%   177  319s
  4580  3210 10931.2190   55  367 14602.5700 10261.8637  29.7%   178  324s
  4624  3296 11910.6171   76  245 14602.5700 10261.8637  29.7%   180  331s
  4726  3369 13387.0971  145  115 14602.5700 10267.8325  29.7%   179  337s
* 4772  3340             191    14494.290000 10267.8325  29.2%   178  338s
  4821  3378 10698.4793   39  292 14494.2900 10268.1554  29.2%   179  344s
  4856  3466 10884.4123   42  254 14494.2900 10268.1554  29.2%   181  354s
  4950  3628 12809.4433   75  105 14494.2900 10268.3141  29.2%   181  364s
  5040  3643 14219.9100  106    - 14494.2900 10268.3141  29.2%   178  365s
  5190  3697 infeasible  113      14494.2900 10269.8416  29.1%   177  373s
  5258  3791 11133.8536   67  288 14494.2900 10270.0872  29.1%   178  381s
  5376  3869 infeasible  135      14494.2900 10270.6136  29.1%   178  390s
  5520  3930 10481.4258   41  330 14494.2900 10270.6664  29.1%   177  397s
  5548  3958 10409.4922   46  398 14494.2900 10270.6664  29.1%   179  404s
  5576  3989 10527.4968   52  400 14494.2900 10270.6664  29.1%   181  411s
  5607  4022 10845.1167   59  354 14494.2900 10270.6664  29.1%   184  418s
  5640  4119 10894.8587   63  342 14494.2900 10270.6664  29.1%   186  427s
  5737  4298 10898.8852   70  299 14494.2900 10270.6664  29.1%   186  437s
  5996  4363 11374.9237   79  267 14494.2900 10270.6664  29.1%   183  447s
* 6018  4342             191    14443.980000 10270.6664  28.9%   184  447s
  6038  4474 11460.3339   85  249 14443.9800 10270.6664  28.9%   184  457s
  6172  4635 12717.4400  118  138 14443.9800 10273.5542  28.9%   184  467s
  6400  4670     cutoff  163      14443.9800 10275.5073  28.9%   181  482s
  6435  4681 10630.0421   40  157 14443.9800 10275.5073  28.9%   181  493s
  6437  4725 10698.4865   41  140 14443.9800 10275.5073  28.9%   181  501s
  6481  4820 11254.3543   51  225 14443.9800 10275.8385  28.9%   183  513s
  6586  4870 13963.6954   89   25 14443.9800 10275.9000  28.9%   184  522s
  6649  4993     cutoff  101      14443.9800 10278.3622  28.8%   185  533s
  6778  5101 11428.6430   47  209 14443.9800 10278.3965  28.8%   185  543s
  6967  5150 10577.8821   43  315 14443.9800 10278.6883  28.8%   183  554s
  6992  5183 10742.3002   51  388 14443.9800 10278.6883  28.8%   184  563s
  7025  5199 10936.1057   57  359 14443.9800 10278.6883  28.8%   186  573s
  7041  5236 10917.6846   56  420 14443.9800 10278.6883  28.8%   187  581s
  7078  5390 10995.1177   60  361 14443.9800 10278.6883  28.8%   189  594s
  7217  5393 12599.2629  122    5 14443.9800 10278.6883  28.8%   188  595s
  7272  5477 11121.1832   70  299 14443.9800 10278.6883  28.8%   187  606s
  7351  5628 11347.3186   92  253 14443.9800 10282.2244  28.8%   188  622s
  7560  5670 13087.2444  158   36 14443.9800 10284.8093  28.8%   187  637s
  7599  5695     cutoff  167      14443.9800 10286.2368  28.8%   187  649s
  7630  5762 11269.4597   52  271 14443.9800 10286.4269  28.8%   189  662s
H 7662  5762                    14441.100000 10286.4269  28.8%   190  662s
  7695  5971 11584.2692   70  157 14441.1000 10286.4269  28.8%   191  719s
  7845  5984 13551.6400  122    - 14441.1000 10286.4269  28.8%   190  720s
  7946  6094 13770.9400  119    - 14441.1000 10286.4393  28.8%   190  735s
  8136  6175     cutoff  144      14441.1000 10289.4538  28.7%   189  749s
  8206  6344 11464.5650   66  299 14441.1000 10291.1981  28.7%   191  766s
  8411  6390 14367.2400  160    - 14441.1000 10292.8723  28.7%   190  780s
* 8414  6305             159    14320.920000 10292.8723  28.1%   190  780s
  8461  6343     cutoff  160      14320.9200 10292.9384  28.1%   191  795s
* 8483  6335             153    14309.530000 10295.0608  28.1%   192  795s
  8506  6516 11415.5681   55  230 14309.5300 10295.4958  28.1%   193  813s
  8748  6557     cutoff  144      14309.5300 10299.1254  28.0%   192  830s
  8783  6757 11023.4149   60  305 14309.5300 10299.3087  28.0%   194  850s
  9031  6856 11810.3191   81  104 14309.5300 10299.4301  28.0%   192  867s
  9134  7002 12482.2300  120    - 14309.5300 10299.4373  28.0%   193  887s
  9324  7093 12740.0026  120   35 14309.5300 10301.3561  28.0%   193  904s
  9409  7110 12906.7400  140    4 14309.5300 10301.8486  28.0%   193  905s
  9448  7162     cutoff  145      14309.5300 10302.4647  28.0%   193  920s
  9534  7284 11174.3289   64  179 14309.5300 10302.7690  28.0%   194  935s
  9680  7297 infeasible  114      14309.5300 10305.7021  28.0%   194  954s
  9698  7404 10768.5473   58  379 14309.5300 10306.8748  28.0%   195  971s
  9805  7454 11303.3225  112  152 14309.5300 10306.8748  28.0%   196 1044s
  9855  7651 11992.2293  122   82 14309.5300 10307.1109  28.0%   197 1066s
 10167  7819 14043.3300  195    5 14309.5300 10308.0595  28.0%   194 1085s
 10338  7873     cutoff  199      14309.5300 10308.8017  28.0%   194 1103s
 10388  7947     cutoff  197      14309.5300 10312.4273  27.9%   196 1121s
 10468  8068 11690.6785   83  136 14309.5300 10315.2383  27.9%   197 1139s
 10618  8174     cutoff  160      14309.5300 10319.9882  27.9%   197 1159s
 10737  8251 10685.4825   39  331 14309.5300 10320.2020  27.9%   198 1176s
 10803  8455 10953.1473   60  180 14309.5300 10322.0980  27.9%   199 1198s
 11075  8531 13365.0900  144   15 14309.5300 10322.1057  27.9%   198 1219s
 11133  8665 13745.2800  146   16 14309.5300 10323.7176  27.9%   199 1239s
 11177  8672 11559.9317   94  121 14309.5300 10323.7176  27.9%   200 1240s
 11341  8816 13998.8073  147    4 14309.5300 10323.8880  27.9%   199 1260s
 11504  8935 14142.1900  153   11 14309.5300 10325.5303  27.8%   199 1280s
 11637  9178 14101.0553  157   10 14309.5300 10329.9342  27.8%   200 1302s
*11640  8987             160    14138.780000 10329.9342  26.9%   199 1302s
 11907  9092 10621.7702   58  201 14138.7800 10330.1360  26.9%   198 1322s
 12042  9250 13977.9100  138    - 14138.7800 10330.9927  26.9%   199 1343s
 12215  9281 14075.5727  138   43 14138.7800 10332.8470  26.9%   199 1363s
 12254  9448 10927.4294   51  400 14138.7800 10332.8684  26.9%   200 1383s
 12453  9544     cutoff  117      14138.7800 10338.2321  26.9%   199 1403s
 12555  9630 11994.2557   96  159 14138.7800 10341.2841  26.9%   200 1426s
 12699  9744 13995.7013  131    8 14138.7800 10341.4620  26.9%   199 1446s
 12829  9832     cutoff  142      14138.7800 10343.5576  26.8%   200 1465s
 12941  9953 13754.4000  112    - 14138.7800 10345.4217  26.8%   200 1485s
 13075 10078 10793.4722   47  299 14138.7800 10345.5780  26.8%   200 1508s
 13196 10402 11377.8400   86    - 14138.7800 10345.9846  26.8%   201 1530s
 13587 10488 13341.0327  125   39 14138.7800 10346.6273  26.8%   198 1549s
*13664 10429             138    14053.680000 10347.5194  26.4%   200 1568s
 13718 10503 11130.5966   51  334 14053.6800 10348.0865  26.4%   201 1587s
 13809 10650 12694.1749  102   95 14053.6800 10349.7087  26.4%   201 1607s
 13989 10713 13784.9000  112    - 14053.6800 10352.0098  26.3%   201 1627s
 14054 10819 13691.7756  112   15 14053.6800 10352.6342  26.3%   202 1646s
*14061 10768             113    14005.900000 10352.6342  26.1%   202 1646s
*14190 10526             113    13762.900000 10353.3566  24.8%   203 1668s
*14336 10439             111    13517.900000 10354.5333  23.4%   203 1690s
 14540 10475     cutoff  128      13517.9000 10355.9322  23.4%   202 1712s
 14620 10601 11130.0538   75  156 13517.9000 10357.1590  23.4%   202 1732s
 14762 10727 13455.2649  138   28 13517.9000 10357.4610  23.4%   203 1752s
 14903 10909 11455.8253   79  140 13517.9000 10359.1188  23.4%   203 1773s
 15135 10943 infeasible  139      13517.9000 10360.2406  23.4%   203 1799s
 15167 11097 10927.6071   53   92 13517.9000 10361.5099  23.3%   203 1821s
 15339 11251 10453.8343   36  378 13517.9000 10361.5099  23.3%   204 1845s
 15526 11336 10807.2363   45  182 13517.9000 10361.5099  23.3%   204 1866s
 15598 11549 11111.8235   56  291 13517.9000 10364.6558  23.3%   206 1890s
 15870 11603 13251.1357  109   40 13517.9000 10365.4976  23.3%   205 1915s
 15921 11687     cutoff  115      13517.9000 10367.5719  23.3%   206 1934s
 16023 11838 11414.1769   54  312 13517.9000 10368.1698  23.3%   206 1955s
 16221 11999 11808.0683  100  125 13517.9000 10369.4525  23.3%   207 1977s
 16412 12058 infeasible  155      13517.9000 10373.1298  23.3%   206 1999s
 16457 12058 13479.6200  131    - 13517.9000 10373.9730  23.3%   207 2000s
 16473 12234 11233.4364   52  236 13517.9000 10374.0028  23.3%   207 2022s
 16669 12392 11008.9982   69  203 13517.9000 10374.0028  23.3%   207 2047s
 16851 12619 11643.3300   95    - 13517.9000 10374.3756  23.3%   208 2071s
 17168 12677 infeasible  138      13517.9000 10375.3745  23.2%   206 2090s
 17196 12712 10700.2051   42  219 13517.9000 10376.3224  23.2%   208 2108s
 17231 12761 10878.5675   53  390 13517.9000 10376.3224  23.2%   209 2128s
 17280 13022 11184.6110   64  324 13517.9000 10376.4476  23.2%   210 2152s
 17589 13220     cutoff  161      13517.9000 10377.6487  23.2%   210 2177s
 17790 13340 13006.7364  116   56 13517.9000 10378.9289  23.2%   209 2202s
 17976 13491 13065.1031   92   36 13517.9000 10380.2599  23.2%   209 2223s
 18140 13572     cutoff  105      13517.9000 10381.3442  23.2%   209 2245s
 18225 13691 11780.4760   73  129 13517.9000 10381.3695  23.2%   210 2268s
 18408 13895 infeasible  133      13517.9000 10383.2853  23.2%   210 2290s
 18642 13936     cutoff  120      13517.9000 10383.6330  23.2%   210 2311s
 18683 14037 10840.2714   39  412 13517.9000 10383.9551  23.2%   211 2336s
 18788 14240 11268.6260   50  384 13517.9000 10383.9873  23.2%   211 2361s
 19040 14407 infeasible  106      13517.9000 10384.0222  23.2%   211 2386s
 19246 14536 13488.0105  141   11 13517.9000 10385.1234  23.2%   211 2409s
 19294 14536 11578.5698   92  153 13517.9000 10385.1234  23.2%   211 2410s
 19388 14652     cutoff  147      13517.9000 10387.1161  23.2%   211 2431s
 19522 14816 11594.8713   79  109 13517.9000 10390.3039  23.1%   211 2454s
 19688 14823 11989.3416   89  135 13517.9000 10391.9025  23.1%   211 2455s
 19737 14909     cutoff  143      13517.9000 10392.5075  23.1%   211 2477s
 19862 15061 13073.8057  101   23 13517.9000 10393.2484  23.1%   211 2502s
*19880 14877             110    13408.450000 10393.2484  22.5%   211 2502s
 20025 15070 10860.8606   63  433 13408.4500 10393.3763  22.5%   212 2528s
 20249 15089 11747.2135   86   59 13408.4500 10393.4579  22.5%   211 2530s
 20300 15210 infeasible  154      13408.4500 10393.9882  22.5%   211 2553s
 20490 15354 11611.4827   88  286 13408.4500 10395.4321  22.5%   210 2576s
 20657 15419 infeasible  125      13408.4500 10396.7602  22.5%   210 2598s
 20718 15576 11705.8916   78   93 13408.4500 10396.7650  22.5%   211 2622s
 20922 15724     cutoff  132      13408.4500 10397.3420  22.5%   211 2645s
 21092 15892 13236.9405  129   54 13408.4500 10399.5026  22.4%   211 2670s
 21311 16017 12579.6687  111   44 13408.4500 10401.5760  22.4%   211 2695s
 21486 16116 10615.7120   33  428 13408.4500 10402.2165  22.4%   211 2717s
 21588 16155 10692.4195   38  285 13408.4500 10402.2165  22.4%   211 2738s
 21628 16312 10975.3754   41  286 13408.4500 10402.2165  22.4%   212 2763s
 21805 16517 11164.6196   57  271 13408.4500 10402.2165  22.4%   213 2788s
 22020 16617 13240.3500  122    7 13408.4500 10404.8984  22.4%   213 2812s
 22180 16740 infeasible  127      13408.4500 10406.1416  22.4%   213 2835s
 22327 16905 11496.8108   79  109 13408.4500 10407.6951  22.4%   213 2860s
 22530 16981 infeasible  143      13408.4500 10407.9016  22.4%   213 2883s
 22603 17204 11487.1544   72  162 13408.4500 10408.8804  22.4%   213 2908s
 22867 17307     cutoff  136      13408.4500 10409.3006  22.4%   213 2931s
 22971 17534 12463.9851  107   67 13408.4500 10409.3959  22.4%   213 2955s
 23276 17591 10776.2407   50  326 13408.4500 10410.3538  22.4%   212 2977s
 23312 17772 11274.9982   60  222 13408.4500 10410.8418  22.4%   213 3004s
 23348 17772 11563.7809   77   70 13408.4500 10410.8418  22.4%   214 3005s
 23577 17889     cutoff  135      13408.4500 10410.9579  22.4%   213 3028s
 23666 18025 11657.9148   69  209 13408.4500 10411.1467  22.4%   214 3051s
 23868 18143 10930.3082   70  372 13408.4500 10411.5210  22.4%   214 3075s
 24006 18194 10698.3636   39  392 13408.4500 10411.5726  22.4%   214 3097s
 24054 18267 11174.6150   44  407 13408.4500 10411.5726  22.4%   215 3119s
 24127 18405 11321.6893   45  268 13408.4500 10411.5726  22.4%   215 3143s
 24265 18601 11217.7675   49  252 13408.4500 10411.5726  22.4%   216 3171s
 24544 18894 11867.4818   57  249 13408.4500 10412.4325  22.3%   215 3201s
 24882 19028 infeasible   98      13408.4500 10414.5525  22.3%   214 3227s
 25010 19176     cutoff  138      13408.4500 10414.6561  22.3%   214 3253s
*25012 19096             137    13382.400000 10414.6561  22.2%   214 3253s
 25178 19263 13030.9885  169   21 13382.4000 10415.3910  22.2%   214 3279s
 25253 19264 11466.1471   75  106 13382.4000 10415.4761  22.2%   215 3280s
 25400 19392 infeasible  175      13382.4000 10415.6557  22.2%   214 3304s
 25437 19392 11506.1357   83  106 13382.4000 10415.6557  22.2%   214 3305s
 25533 19485     cutoff  130      13382.4000 10416.5936  22.2%   214 3329s
 25650 19649 11079.8749   48  247 13382.4000 10416.8223  22.2%   215 3355s
 25872 19770 13312.9736  123   26 13382.4000 10416.9051  22.2%   215 3379s
 25977 19947 infeasible  125      13382.4000 10417.5402  22.2%   215 3404s
 26191 20132 12374.9706  112  102 13382.4000 10418.4759  22.1%   215 3428s
 26420 20183 infeasible  147      13382.4000 10420.1691  22.1%   214 3453s
 26467 20327 10958.1769   49  347 13382.4000 10420.1697  22.1%   215 3477s
 26615 20469 11240.5516   74   56 13382.4000 10420.2576  22.1%   216 3500s
 26802 20621 13218.4753  125   28 13382.4000 10420.5843  22.1%   216 3525s
 26969 20739     cutoff  133      13382.4000 10421.9157  22.1%   216 3552s
 27132 20805 infeasible  145      13382.4000 10423.1536  22.1%   216 3575s
 27205 20881 11806.3888   81  278 13382.4000 10423.8578  22.1%   216 3600s
*27286 20599             149    13304.520000 10423.9027  21.7%   216 3600s

Cutting planes:
  User: 8842
  Gomory: 10
  Cover: 470
  Implied bound: 171
  Projected implied bound: 19
  Clique: 15
  MIR: 112
  StrongCG: 1
  Flow cover: 303
  GUB cover: 1
  Zero half: 22
  RLT: 294
  Relax-and-lift: 4
  Lazy constraints: 6417

Explored 27306 nodes (5924182 simplex iterations) in 3600.62 seconds
Thread count was 2 (of 32 available processors)

Solution count 10: 13304.5 13382.4 13408.4 ... 14320.9

Time limit reached
Best objective 1.330452000000e+04, best bound 1.042390267084e+04, gap 21.6514%

User-callback calls 453408, time in user-callback 108.91 sec
================================================================================
executing instance: ./input/Instances/Original/3/absH3high_5n20.dat
--------------------------------------------------------------------------------
Instance details
n	21
H	3
C	1734
Li:
[0, 0, 0, 0, 0, 0, 0, 0, 0, 0, 0, 0, 0, 0, 0, 0, 0, 0, 0, 0, 0, ]
Ui:
[0, 40, 237, 68, 194, 144, 207, 114, 118, 207, 120, 72, 128, 48, 102, 237, 261, 135, 84, 184, 142, ]
Distance matrix:
|0	408	254	408	305	286	284	573	384	380	400	384	552	461	243	577	274	285	345	92	431	|
|408	0	189	21	111	218	178	168	182	283	211	86	158	222	191	168	136	320	219	318	87	|
|254	189	0	198	81	230	31	354	276	174	157	136	307	348	158	348	110	313	275	180	183	|
|408	21	198	0	118	204	190	165	163	302	230	105	169	202	184	170	134	306	202	317	107	|
|305	111	81	118	0	188	80	278	209	221	172	86	247	276	129	276	61	285	220	218	130	|
|286	218	230	204	188	0	249	342	102	401	360	260	373	176	73	360	128	103	60	202	290	|
|284	178	31	190	80	249	0	339	286	151	127	114	284	355	180	330	124	337	290	211	160	|
|573	168	354	165	278	342	339	0	262	411	330	229	118	248	342	37	298	434	316	482	194	|
|384	182	276	163	209	102	286	262	0	429	372	252	319	79	149	287	167	174	55	297	268	|
|380	283	174	302	221	401	151	411	429	0	82	197	318	491	331	390	274	488	439	331	219	|
|400	211	157	230	172	360	127	330	372	82	0	125	237	427	297	308	232	455	390	335	139	|
|384	86	136	105	86	260	114	229	252	197	125	0	171	303	210	217	143	361	278	301	47	|
|552	158	307	169	247	373	284	118	319	318	237	171	0	331	349	84	289	474	366	465	124	|
|461	222	348	202	276	176	355	248	79	491	427	303	331	0	228	279	241	226	119	375	308	|
|243	191	158	184	129	73	180	342	149	331	297	210	349	228	0	352	68	159	127	152	248	|
|577	168	348	170	276	360	330	37	287	390	308	217	84	279	352	0	303	455	339	486	177	|
|274	136	110	134	61	128	124	298	167	274	232	143	289	241	68	303	0	224	166	183	182	|
|285	320	313	306	285	103	337	434	174	488	455	361	474	226	159	455	224	0	119	224	393	|
|345	219	275	202	220	60	290	316	55	439	390	278	366	119	127	339	166	119	0	262	301	|
|92	318	180	317	218	202	211	482	297	331	335	301	465	375	152	486	183	224	262	0	347	|
|431	87	183	107	130	290	160	194	268	219	139	47	124	308	248	177	182	393	301	347	0	|

--------------------------------------------------------------------------------
Building model...
	using lazy and cut (CVRPSEP package)
Solving IRP LP...
--------------------------------------------------------------------------------

Gurobi 9.1.0 (linux64) logging started Mon Feb  8 01:09:47 2021

Gurobi Optimizer version 9.1.0 build v9.1.0rc0 (linux64)
Thread count: 32 physical cores, 32 logical processors, using up to 2 threads
Optimize a model with 1509 rows, 3849 columns and 15669 nonzeros
Model fingerprint: 0x26213a24
Variable types: 384 continuous, 3465 integer (315 binary)
Coefficient statistics:
  Matrix range     [1e+00, 3e+02]
  Objective range  [2e-01, 6e+02]
  Bounds range     [1e+00, 3e+02]
  RHS range        [1e+00, 3e+03]
Presolve removed 521 rows and 500 columns
Presolve time: 0.10s
Presolved: 988 rows, 3349 columns, 11762 nonzeros
Variable types: 230 continuous, 3119 integer (2827 binary)
Found heuristic solution: objective 18670.040000

Root relaxation: objective 8.177392e+03, 1073 iterations, 0.03 seconds

    Nodes    |    Current Node    |     Objective Bounds      |     Work
 Expl Unexpl |  Obj  Depth IntInf | Incumbent    BestBd   Gap | It/Node Time

     0     0 8177.39219    0   88 18670.0400 8177.39219  56.2%     -    0s
H    0     0                    17858.740000 8177.39219  54.2%     -    0s
     0     0 8446.03640    0  100 17858.7400 8446.03640  52.7%     -    0s
H    0     0                    14246.870000 8446.03640  40.7%     -    0s
     0     0 8457.10370    0   80 14246.8700 8457.10370  40.6%     -    0s
     0     0 8457.10370    0   85 14246.8700 8457.10370  40.6%     -    0s
     0     0 8829.54732    0  114 14246.8700 8829.54732  38.0%     -    0s
     0     0 8919.34458    0  112 14246.8700 8919.34458  37.4%     -    0s
     0     0 8923.44483    0  114 14246.8700 8923.44483  37.4%     -    0s
     0     0 8923.44483    0  114 14246.8700 8923.44483  37.4%     -    0s
     0     0 9159.28610    0  209 14246.8700 9159.28610  35.7%     -    0s
     0     0 9235.74418    0  241 14246.8700 9235.74418  35.2%     -    0s
     0     0 9281.09419    0  234 14246.8700 9281.09419  34.9%     -    1s
     0     0 9292.36670    0  229 14246.8700 9292.36670  34.8%     -    1s
     0     0 9320.99571    0  249 14246.8700 9320.99571  34.6%     -    1s
     0     0 9325.49881    0  246 14246.8700 9325.49881  34.5%     -    1s
     0     0 9325.69653    0  239 14246.8700 9325.69653  34.5%     -    1s
     0     0 9414.20064    0  191 14246.8700 9414.20064  33.9%     -    1s
H    0     0                    13975.870000 9414.20064  32.6%     -    1s
     0     0 9432.42395    0  204 13975.8700 9432.42395  32.5%     -    1s
     0     0 9438.21717    0  224 13975.8700 9438.21717  32.5%     -    1s
     0     0 9439.69074    0  198 13975.8700 9439.69074  32.5%     -    1s
     0     0 9440.61596    0  190 13975.8700 9440.61596  32.5%     -    1s
     0     0 9468.62957    0  189 13975.8700 9468.62957  32.3%     -    1s
     0     0 9471.52319    0  221 13975.8700 9471.52319  32.2%     -    2s
     0     0 9471.83220    0  226 13975.8700 9471.83220  32.2%     -    2s
     0     0 9474.05592    0  202 13975.8700 9474.05592  32.2%     -    2s
     0     0 9474.05592    0  168 13975.8700 9474.05592  32.2%     -    2s
     0     2 9474.05592    0  165 13975.8700 9474.05592  32.2%     -    2s
    52    56 9933.54149   22  131 13975.8700 9486.26962  32.1%   315    5s
   284   271 11001.8155   40   94 13975.8700 9488.04663  32.1%   146   10s
H  566   502                    13797.390000 9505.87372  31.1%   121   15s
H  743   623                    13534.590000 9505.87372  29.8%   128   19s
   745   624 12140.5607   84  168 13534.5900 9505.87372  29.8%   128   20s
   784   650 10516.9223   46  327 13534.5900 9588.81647  29.2%   121   25s
   799   664 9691.29328   16  217 13534.5900 9617.62901  28.9%   135   30s
H  890   695                    13527.590000 9617.62901  28.9%   144   34s
H  907   660                    13249.310000 9617.63028  27.4%   143   34s
   917   669 9965.94058   18  255 13249.3100 9617.63028  27.4%   147   35s
H  921   637                    13219.490000 9617.63028  27.2%   147   35s
H  935   619                    13199.690000 9617.63028  27.1%   149   35s
H  993   640                    12907.120000 9617.63028  25.5%   149   38s
  1006   640 10374.6704   42  104 12907.1200 9617.63028  25.5%   148   41s
H 1043   634                    12904.640000 9617.63028  25.5%   146   42s
H 1104   648                    12778.640000 9658.55215  24.4%   141   43s
  1196   688 9779.45240   25  246 12778.6400 9659.25382  24.4%   139   45s
  1410   861 12027.7721  100   53 12778.6400 9678.53322  24.3%   139   50s
  1608   922 10884.8780   47  111 12778.6400 9678.53322  24.3%   134   55s
  1955  1105 10693.9394   42  161 12778.6400 9753.32254  23.7%   124   61s
  2194  1276 10905.1816   36  125 12778.6400 9761.48221  23.6%   119   65s
  2530  1514 10164.3703   28  184 12778.6400 9779.71981  23.5%   114   71s
  2784  1808 11759.8938   92   79 12778.6400 9804.81238  23.3%   114   76s
  3112  2029 10744.8351   31  154 12778.6400 9817.75642  23.2%   109   80s
  3341  2172 10900.6360   52  120 12778.6400 9830.33450  23.1%   108   85s
  3505  2400 11233.4967   52  160 12778.6400 9850.50564  22.9%   108   90s
  3761  2586 10649.8027   43   69 12778.6400 9854.64532  22.9%   107   95s
  3936  2643 10320.9789   22  193 12778.6400 9854.64532  22.9%   106  102s
  4045  2816 10828.4385   65  139 12778.6400 9863.79158  22.8%   106  106s
  4237  3043 10645.0743   25  237 12778.6400 9876.36953  22.7%   107  111s
  4520  3337 11518.9077   56  162 12778.6400 9880.47554  22.7%   105  116s
  4828  3425 infeasible  142      12778.6400 9883.50709  22.7%   102  120s
  5057  3668 10243.2930   20  219 12778.6400 9898.25157  22.5%   102  127s
  5166  3814 11134.0504   49  164 12778.6400 9905.03824  22.5%   102  130s
  5436  3987 11012.1139   32  170 12778.6400 9908.09484  22.5%   102  136s
H 5555  3676                    12176.120000 9908.09484  18.6%   102  140s
  5918  3929 infeasible  129      12176.1200 9923.58903  18.5%   100  148s
  6074  3979 10301.2504   24  210 12176.1200 9925.16878  18.5%   100  151s
  6167  4069 11023.4404   37  178 12176.1200 9928.38493  18.5%   101  155s
  6354  4270 10723.9722   32  225 12176.1200 9930.56917  18.4%   101  161s
  6555  4346 10216.3637   26  169 12176.1200 9934.39205  18.4%   101  165s
H 6603  4212                    11997.640000 9938.37110  17.2%   101  167s
  6700  4240 10420.3413   22  230 11997.6400 9938.37110  17.2%   102  171s
  6826  4395 10999.5081   44  188 11997.6400 9941.22139  17.1%   103  177s
