




arguments: ./build/mirp_solver -f ./input/orig_exec_340.cfg
Current dir: /scratch/gui/bnc_mirp
File verbosity level: 9
date       time         ( uptime  ) [ thread name/id ]                   file:line     v| 
2021-01-23 12:38:39.818 (   0.064s) [main thread     ]             loguru.cpp:789   INFO| Logging to './output/vi_vr/OU/V4/Original/execution_23_01_2021_12_38_39.log', mode: 'a', verbosity: 9
--------------------------------------------------------------------------------
Parameters
                           instance_path           ./input/Instances/Original/3/
                            model_policy                                       1
                             nb_vehicles                                       4
                              output_dir          ./output/vi_vr/OU/V4/Original/
                            sec_strategy                                       1
                       solver_nb_threads                                       2
                         solver_show_log                                    true
                       solver_time_limit                                    3600
                              use_vi_cos                                   false
                              use_vi_cus                                   false
                         use_vi_hc1_full                                   false
                         use_vi_hc1_half                                   false
                      use_vi_hc1_quarter                                   false
                              use_vi_hc2                                   false
                              use_vi_hc3                                   false
                         use_vi_lex_full                                   false
                         use_vi_lex_half                                   false
                      use_vi_lex_quarter                                   false
                              use_vi_qua                                   false
                               use_vi_vc                                   false
                               use_vi_vr                                    true
--------------------------------------------------------------------------------
executing instance: ./input/Instances/Original/3/absH3low_2n5.dat
--------------------------------------------------------------------------------
Instance details
n	6
H	3
C	237
Li:
[0, 0, 0, 0, 0, 0, ]
Ui:
[0, 93, 180, 51, 114, 24, ]
Distance matrix:
|0	170	318	35	112	235	|
|170	0	311	205	258	301	|
|318	311	0	326	278	137	|
|35	205	326	0	89	230	|
|112	258	278	89	0	160	|
|235	301	137	230	160	0	|

--------------------------------------------------------------------------------
Building model...
	using lazy and cut (CVRPSEP package)
Solving IRP LP...
--------------------------------------------------------------------------------

Gurobi 9.1.0 (linux64) logging started Sat Jan 23 12:38:40 2021

Gurobi Optimizer version 9.1.0 build v9.1.0rc0 (linux64)
Thread count: 32 physical cores, 32 logical processors, using up to 2 threads
Optimize a model with 261 rows, 336 columns and 1071 nonzeros
Model fingerprint: 0xd3e5838c
Variable types: 84 continuous, 252 integer (72 binary)
Coefficient statistics:
  Matrix range     [1e+00, 2e+02]
  Objective range  [1e-02, 3e+02]
  Bounds range     [1e+00, 2e+02]
  RHS range        [1e+01, 5e+02]
Presolve removed 102 rows and 70 columns
Presolve time: 0.00s

Explored 0 nodes (0 simplex iterations) in 0.01 seconds
Thread count was 1 (of 32 available processors)

Solution count 0

Model is infeasible
Best objective -, best bound -, gap -

User-callback calls 36, time in user-callback 0.00 sec

Computing Irreducible Inconsistent Subsystem (IIS)...

           Constraints          |            Bounds           |  Runtime
      Min       Max     Guess   |   Min       Max     Guess   |
--------------------------------------------------------------------------
        0       210         -         0       464         -           0s
       30        30         -        41        41         -           0s

IIS computed: 30 constraints, 41 bounds
IIS runtime: 0.42 seconds
================================================================================
executing instance: ./input/Instances/Original/3/absH3high_5n30.dat
--------------------------------------------------------------------------------
Instance details
n	31
H	3
C	2296
Li:
[0, 0, 0, 0, 0, 0, 0, 0, 0, 0, 0, 0, 0, 0, 0, 0, 0, 0, 0, 0, 0, 0, 0, 0, 0, 0, 0, 0, 0, 0, 0, ]
Ui:
[0, 80, 90, 297, 28, 264, 123, 192, 112, 32, 72, 88, 294, 129, 126, 105, 110, 237, 246, 92, 72, 147, 54, 96, 128, 96, 84, 28, 74, 196, 192, ]
Distance matrix:
|0	87	302	65	389	171	219	120	412	339	129	63	169	401	383	158	393	161	246	275	64	287	345	235	13	274	106	201	85	358	135	|
|87	0	334	128	402	212	301	204	465	384	187	145	232	424	454	238	475	245	289	352	80	307	352	321	81	352	20	261	170	376	215	|
|302	334	0	239	113	132	237	334	157	70	404	263	162	105	227	229	339	251	65	217	259	53	107	352	293	220	339	134	270	75	235	|
|65	128	239	0	330	107	175	130	348	275	174	40	107	339	326	114	351	125	181	224	58	228	290	222	58	224	143	138	65	297	92	|
|389	402	113	330	0	226	349	438	210	151	502	360	269	48	316	339	441	362	175	328	335	102	55	465	377	330	401	245	371	37	342	|
|171	212	132	107	226	0	169	214	253	173	276	134	64	233	261	130	326	153	77	188	133	125	192	264	162	190	220	68	145	193	125	|
|219	301	237	175	349	169	0	157	257	223	244	157	105	334	180	62	175	61	177	63	233	264	334	118	221	61	317	112	136	312	85	|
|120	204	334	130	438	214	157	0	402	348	88	90	173	438	336	115	307	100	269	220	172	338	406	122	130	218	224	204	69	403	101	|
|412	465	157	348	210	253	257	402	0	88	486	359	245	166	129	287	266	303	178	204	386	208	239	370	406	207	473	212	354	187	304	|
|339	384	70	275	151	173	223	348	88	0	427	291	179	120	166	234	290	254	96	187	306	123	166	342	332	190	391	145	291	119	247	|
|129	187	404	174	502	276	244	88	486	427	0	142	248	508	424	200	390	187	342	308	193	400	464	192	142	306	207	281	136	469	182	|
|63	145	263	40	360	134	157	90	359	291	142	0	114	366	321	95	331	99	202	212	90	258	323	186	65	211	163	148	27	327	72	|
|169	232	162	107	269	64	105	173	245	179	248	114	0	266	222	71	268	94	97	131	155	173	244	203	164	132	245	34	113	233	73	|
|401	424	105	339	48	233	334	438	166	120	508	366	266	0	280	332	409	355	169	305	353	117	96	452	391	308	425	237	374	49	339	|
|383	454	227	326	316	261	180	336	129	166	424	321	222	280	0	231	137	238	208	116	376	277	331	272	381	118	467	197	307	285	253	|
|158	238	229	114	339	130	62	115	287	234	200	95	71	332	231	0	238	23	164	118	171	243	314	134	159	117	255	95	77	302	23	|
|393	475	339	351	441	326	175	307	266	290	390	331	268	409	137	238	0	232	300	138	408	383	445	204	395	136	492	258	308	406	260	|
|161	245	251	125	362	153	61	100	303	254	187	99	94	355	238	23	232	0	187	123	183	267	338	111	164	121	262	117	77	325	34	|
|246	289	65	181	175	77	177	269	178	96	342	202	97	169	208	164	300	187	0	168	210	87	157	290	238	171	296	70	206	138	170	|
|275	352	217	224	328	188	63	220	204	187	308	212	131	305	116	118	138	123	168	0	279	255	322	166	275	3	367	120	195	291	141	|
|64	80	259	58	335	133	233	172	386	306	193	90	155	353	376	171	408	183	210	279	0	236	289	276	51	279	90	182	117	307	150	|
|287	307	53	228	102	125	264	338	208	123	400	258	173	117	277	243	383	267	87	255	236	0	71	374	276	257	308	153	270	71	245	|
|345	352	107	290	55	192	334	406	239	166	464	323	244	96	331	314	445	338	157	322	289	71	0	445	334	325	350	224	337	54	315	|
|235	321	352	222	465	264	118	122	370	342	192	186	203	452	272	134	204	111	290	166	276	374	445	0	243	164	341	221	159	428	142	|
|13	81	293	58	377	162	221	130	406	332	142	65	164	391	381	159	395	164	238	275	51	276	334	243	0	274	100	196	89	347	136	|
|274	352	220	224	330	190	61	218	207	190	306	211	132	308	118	117	136	121	171	3	279	257	325	164	274	0	367	122	194	294	140	|
|106	20	339	143	401	220	317	224	473	391	207	163	245	425	467	255	492	262	296	367	90	308	350	341	100	367	0	272	188	377	232	|
|201	261	134	138	245	68	112	204	212	145	281	148	34	237	197	95	258	117	70	120	182	153	224	221	196	122	272	0	146	208	103	|
|85	170	270	65	371	145	136	69	354	291	136	27	113	374	307	77	308	77	206	195	117	270	337	159	89	194	188	146	0	337	54	|
|358	376	75	297	37	193	312	403	187	119	469	327	233	49	285	302	406	325	138	291	307	71	54	428	347	294	377	208	337	0	306	|
|135	215	235	92	342	125	85	101	304	247	182	72	73	339	253	23	260	34	170	141	150	245	315	142	136	140	232	103	54	306	0	|

--------------------------------------------------------------------------------
Building model...
	using lazy and cut (CVRPSEP package)
Solving IRP LP...
--------------------------------------------------------------------------------

Gurobi 9.1.0 (linux64) logging started Sat Jan 23 12:38:40 2021

Gurobi Optimizer version 9.1.0 build v9.1.0rc0 (linux64)
Thread count: 32 physical cores, 32 logical processors, using up to 2 threads
Optimize a model with 1411 rows, 6436 columns and 15196 nonzeros
Model fingerprint: 0xfa30b3e1
Variable types: 484 continuous, 5952 integer (372 binary)
Coefficient statistics:
  Matrix range     [1e+00, 6e+02]
  Objective range  [1e-01, 5e+02]
  Bounds range     [1e+00, 3e+02]
  RHS range        [1e+01, 4e+03]
Presolve removed 505 rows and 319 columns
Presolve time: 0.04s
Presolved: 906 rows, 6117 columns, 13666 nonzeros
Variable types: 441 continuous, 5676 integer (5325 binary)

Root relaxation: objective 8.994719e+03, 1081 iterations, 0.03 seconds

    Nodes    |    Current Node    |     Objective Bounds      |     Work
 Expl Unexpl |  Obj  Depth IntInf | Incumbent    BestBd   Gap | It/Node Time

     0     0 8994.71908    0  102          - 8994.71908      -     -    0s
     0     0 9301.12580    0  110          - 9301.12580      -     -    0s
     0     0 9324.00865    0  117          - 9324.00865      -     -    0s
     0     0 9540.32780    0  182          - 9540.32780      -     -    0s
     0     0 9590.06119    0  191          - 9590.06119      -     -    0s
     0     0 9620.70288    0  171          - 9620.70288      -     -    0s
     0     0 9621.13501    0  184          - 9621.13501      -     -    0s
     0     0 9835.24718    0  156          - 9835.24718      -     -    0s
     0     0 9839.12236    0  178          - 9839.12236      -     -    0s
     0     0 9839.74871    0  188          - 9839.74871      -     -    0s
     0     0 9876.09352    0  151          - 9876.09352      -     -    1s
     0     0 9889.73188    0  191          - 9889.73188      -     -    1s
     0     0 9890.63719    0  177          - 9890.63719      -     -    1s
     0     0 9927.85445    0  186          - 9927.85445      -     -    1s
     0     0 9938.09639    0  198          - 9938.09639      -     -    1s
     0     0 9938.40681    0  213          - 9938.40681      -     -    1s
     0     0 9955.29853    0  238          - 9955.29853      -     -    1s
     0     0 9959.67309    0  239          - 9959.67309      -     -    1s
     0     0 9961.40534    0  237          - 9961.40534      -     -    1s
     0     0 9961.68213    0  243          - 9961.68213      -     -    1s
     0     0 9980.69362    0  222          - 9980.69362      -     -    2s
     0     0 9983.03680    0  236          - 9983.03680      -     -    2s
     0     0 9983.40004    0  231          - 9983.40004      -     -    2s
     0     0 10011.3765    0  268          - 10011.3765      -     -    2s
     0     0 10015.2840    0  291          - 10015.2840      -     -    2s
     0     0 10017.5174    0  314          - 10017.5174      -     -    2s
     0     0 10017.7212    0  309          - 10017.7212      -     -    2s
     0     0 10020.8324    0  322          - 10020.8324      -     -    2s
     0     0 10020.8324    0  285          - 10020.8324      -     -    3s
     0     2 10021.0720    0  247          - 10021.0720      -     -    3s
    36    46 10054.8643   12  224          - 10034.2620      -   194    5s
   196   211 10503.8306   66   95          - 10034.2620      -   190   10s
   472   476 10727.7461   95  113          - 10034.2620      -   132   15s
*  595   617             235    14313.140000 10034.4384  29.9%   117   17s
   690   666 10169.5300    7  287 14313.1400 10034.4384  29.9%   112   20s
H  746   696                    14276.140000 10034.4384  29.7%   108   21s
H  752   663                    14251.140000 10034.4384  29.6%   107   22s
   766   672 11472.6644  140  282 14251.1400 10045.1629  29.5%   105   26s
   782   683 13682.4400  218  304 14251.1400 10058.8626  29.4%   103   30s
   800   695 12696.1866  190  323 14251.1400 10075.5855  29.3%   101   35s
   811   702 10281.2699   37  365 14251.1400 10079.4733  29.3%  99.2   40s
   820   711 10106.0673   13  243 14251.1400 10083.3181  29.2%   116   45s
   851   734 10168.6822   20  301 14251.1400 10096.9179  29.2%   129   50s
   891   764 10288.8555   28  286 14251.1400 10096.9179  29.2%   143   55s
   946   802 10499.3672   41  121 14251.1400 10096.9179  29.2%   151   60s
  1000   839 10792.8339   55  138 14251.1400 10096.9179  29.2%   157   65s
  1069   899 10921.5169   73  191 14251.1400 10096.9179  29.2%   161   70s
  1114   920 11156.6897   86  142 14251.1400 10096.9179  29.2%   162   75s
  1199   975 11578.5963  111   97 14251.1400 10096.9179  29.2%   164   80s
  1294  1051 11916.5482  141  130 14251.1400 10096.9179  29.2%   164   86s
  1350  1084 12036.0337  156   85 14251.1400 10096.9179  29.2%   163   90s
  1414  1130 12294.1448  170  139 14251.1400 10096.9179  29.2%   164   95s
  1500  1181 12350.7994  191  145 14251.1400 10096.9179  29.2%   163  102s
  1555  1231 12379.2582  205  175 14251.1400 10096.9179  29.2%   162  107s
  1627  1281 12406.0408  222  175 14251.1400 10096.9179  29.2%   162  111s
  1707  1343 12441.0751  240  161 14251.1400 10096.9179  29.2%   162  117s
  1750  1385 12455.0682  248  134 14251.1400 10096.9179  29.2%   160  120s
  1861  1465 12514.3229  272  142 14251.1400 10096.9179  29.2%   158  125s
  1936  1527 12612.1669  285  148 14251.1400 10096.9179  29.2%   157  133s
  2010  1592 12650.0461  302  129 14251.1400 10096.9179  29.2%   156  136s
  2138  1640 12939.5129  343  100 14251.1400 10096.9179  29.2%   154  140s
  2292  1798 13103.7286  376   94 14251.1400 10096.9179  29.2%   152  147s
  2406  1861 13149.7322  408  105 14251.1400 10096.9528  29.1%   150  152s
  2560  1825 10198.6523   17  335 14251.1400 10096.9528  29.1%   146  156s
  2591  1835 10213.4512   21  309 14251.1400 10096.9528  29.1%   148  161s
  2648  1895 10269.0934   31  147 14251.1400 10096.9528  29.1%   151  167s
  2690  1907 10319.7221   39  200 14251.1400 10096.9528  29.1%   152  170s
  2781  2081 10433.7854   57  116 14251.1400 10096.9528  29.1%   155  178s
  2921  2139 10522.9341   69  109 14251.1400 10096.9528  29.1%   151  184s
  2953  2139 10589.2628   85   86 14251.1400 10096.9528  29.1%   152  185s
  3236  2531 10925.8199  102  146 14251.1400 10096.9528  29.1%   146  195s
  3440  2580 10988.9200  123  117 14251.1400 10096.9528  29.1%   142  201s
  3489  2671 11057.7335  140   77 14251.1400 10096.9528  29.1%   143  206s
  3580  2847 11154.2314  175   81 14251.1400 10096.9528  29.1%   144  211s
  3756  3116 11367.2233  231   18 14251.1400 10112.0923  29.0%   143  219s
  3890  3125 13512.2400  294    9 14251.1400 10112.0923  29.0%   140  220s
  4120  3267 10185.1971   17  308 14251.1400 10112.0923  29.0%   135  226s
  4275  3293 10279.2979   25  316 14251.1400 10112.0923  29.0%   133  231s
  4301  3359 10380.6703   34  212 14251.1400 10112.0923  29.0%   134  236s
  4367  3465 10544.0679   59  148 14251.1400 10112.0923  29.0%   136  242s
  4473  3744 10697.3815   89  151 14251.1400 10112.0923  29.0%   135  249s
  4592  3744 11888.9897  126   56 14251.1400 10112.0923  29.0%   134  250s
* 4751  3725             285    14016.460000 10112.0923  27.9%   130  251s
* 4752  3722             285    13993.740000 10112.0923  27.7%   130  251s
  4767  3863 11128.6488  197   99 13993.7400 10112.0923  27.7%   130  256s
  4914  4095 12379.7663  239   79 13993.7400 10112.0923  27.7%   131  265s
H 5171  4451                    13888.140000 10112.0923  27.2%   126  274s
  5285  4453 11011.9765   91   98 13888.1400 10116.7484  27.2%   126  275s
  5612  4526 12985.5729   65   28 13888.1400 10117.2588  27.2%   120  283s
  5697  4776 10397.1261   38  190 13888.1400 10120.1504  27.1%   121  289s
  5731  4776 10578.5687   63  121 13888.1400 10120.1504  27.1%   122  290s
  5945  5385 10756.1153  141   19 13888.1400 10120.2781  27.1%   120  299s
  5977  5385 10848.0100  148    4 13888.1400 10120.2781  27.1%   120  300s
  6730  5532 12471.7682  190   87 13888.1400 10146.8012  26.9%   110  309s
  6880  5560 infeasible  348      13888.1400 10150.2121  26.9%   110  316s
  6916  5732 10540.3937   27  172 13888.1400 10150.8954  26.9%   111  322s
  7126  5911 13600.8108  163   19 13888.1400 10150.8959  26.9%   110  329s
  7243  5913 11876.4467  134   10 13888.1400 10151.7294  26.9%   110  330s
  7322  6090 infeasible  177      13888.1400 10156.5537  26.9%   110  336s
  7562  6202 10742.7168   51  208 13888.1400 10157.0031  26.9%   109  344s
  7613  6202 infeasible  222      13888.1400 10157.0031  26.9%   110  345s
  7660  6482 12038.1312  102   78 13888.1400 10159.4491  26.8%   111  351s
  8015  6544     cutoff  216      13888.1400 10161.3192  26.8%   109  360s
  8077  6645 10369.2007   25  209 13888.1400 10162.5434  26.8%   110  366s
  8176  6933 10994.3397   50   76 13888.1400 10163.2218  26.8%   111  375s
  8503  7071 13717.5168  111   20 13888.1400 10164.3921  26.8%   110  384s
  8660  7148     cutoff  132      13888.1400 10164.5218  26.8%   110  391s
  8742  7212     cutoff  130      13888.1400 10165.1765  26.8%   111  398s
  8808  7310 10737.3729   52  252 13888.1400 10168.7033  26.8%   112  426s
  8906  7630 11139.9422  101  160 13888.1400 10168.7959  26.8%   112  435s
  9258  7913 10283.2970   28  279 13888.1400 10169.3065  26.8%   111  447s
  9547  8171 10886.3445   71   87 13888.1400 10169.4609  26.8%   110  457s
H 9829  8209                    13727.140000 10169.4900  25.9%   109  466s
  9966  8365 10546.6764   41   93 13727.1400 10169.4900  25.9%   110  475s
 10138  8809 11036.7031  107  123 13727.1400 10169.4900  25.9%   111  485s
 10612  8906 12843.5705  252   20 13727.1400 10177.0513  25.9%   108  495s
 10731  9084 10685.5259   45  207 13727.1400 10178.0827  25.9%   109  504s
 10859  9084 13255.0859  173   51 13727.1400 10178.0827  25.9%   109  505s
 10944  9196 10301.3956   21  343 13727.1400 10179.0467  25.8%   109  512s
 11053  9551 10550.7613   47  242 13727.1400 10179.0467  25.8%   110  521s
 11454  9877 10861.9256   94   64 13727.1400 10179.0467  25.8%   108  532s
 11785  9893 13510.5843  283   22 13727.1400 10179.0467  25.8%   107  535s
 11853 10071 12314.6550  183    8 13727.1400 10182.9058  25.8%   107  542s
 12067 10226 12873.4591  204   10 13727.1400 10185.3866  25.8%   107  551s
 12292 10390     cutoff  232      13727.1400 10186.6057  25.8%   107  560s
 12454 10592 10626.0790   34  280 13727.1400 10187.7017  25.8%   107  568s
 12662 10745     cutoff  205      13727.1400 10188.6537  25.8%   107  577s
 12849 11006 10903.8526   46  152 13727.1400 10193.2106  25.7%   107  586s
 13112 11129 13257.5707  277   23 13727.1400 10196.1466  25.7%   106  594s
 13249 11437 10596.3191   43  226 13727.1400 10196.1466  25.7%   107  603s
 13457 11437 11909.9774  236   36 13727.1400 10196.1466  25.7%   106  605s
 13568 11439 12021.6648  123  140 13727.1400 10196.1466  25.7%   106  617s
 13570 11585 12023.3402  124  154 13727.1400 10197.3044  25.7%   106  624s
 13602 11585 12994.3228  156   88 13727.1400 10197.3044  25.7%   106  625s
 13751 11824 13641.6700  214    - 13727.1400 10197.5798  25.7%   106  634s
 13885 11826 11414.5991   98   33 13727.1400 10198.4099  25.7%   107  635s
 14052 11856 13673.8243  214    6 13727.1400 10198.5844  25.7%   106  642s
*14054 11792             216    13674.270000 10198.5844  25.4%   106  642s
 14099 11946 10457.0467   39  184 13674.2700 10198.7945  25.4%   106  649s
 14197 11946 12640.0533  136   34 13674.2700 10198.7945  25.4%   107  650s
 14259 12098 13242.1529  163   17 13674.2700 10200.6546  25.4%   107  657s
 14443 12140     cutoff  166      13674.2700 10201.4311  25.4%   107  665s
 14487 12218 10492.7230   29  246 13674.2700 10202.4933  25.4%   108  671s
 14565 12415 10909.0777   41  116 13674.2700 10202.5415  25.4%   109  679s
 14631 12416 11640.6636   70   14 13674.2700 10202.5415  25.4%   108  680s
 14816 12600 12608.6304   81   31 13674.2700 10205.8189  25.4%   108  687s
 15009 12713     cutoff  149      13674.2700 10205.8444  25.4%   108  695s
 15141 12844 10959.7500   45  185 13674.2700 10207.0919  25.4%   109  703s
 15271 13135 13035.5591  135   43 13674.2700 10209.8393  25.3%   109  712s
 15586 13227 13495.2535  152   21 13674.2700 10210.1309  25.3%   108  720s
 15689 13486 10873.6374   54  188 13674.2700 10210.6828  25.3%   109  729s
 15785 13487 12117.3709  149   12 13674.2700 10210.6828  25.3%   109  730s
 16003 13548     cutoff  204      13674.2700 10210.9443  25.3%   108  737s
 16064 13691 10523.4726   27  261 13674.2700 10211.0442  25.3%   109  745s
 16219 13884 11270.4317   49  120 13674.2700 10212.6522  25.3%   109  755s
 16494 14029     cutoff  112      13674.2700 10212.7230  25.3%   109  763s
 16615 14200 11596.7780   76  128 13674.2700 10212.9734  25.3%   109  771s
 16830 14261 infeasible  175      13674.2700 10214.2185  25.3%   109  778s
 16896 14399 10557.3095   29  350 13674.2700 10214.2185  25.3%   110  786s
 17060 14547 10990.0091   64  251 13674.2700 10214.2185  25.3%   110  794s
 17124 14547 11385.9095  128  167 13674.2700 10214.2185  25.3%   110  795s
 17212 14784 11851.9400  189  122 13674.2700 10215.0039  25.3%   110  803s
 17372 14784 13013.7128  349   59 13674.2700 10215.0039  25.3%   109  805s
 17461 14905 10707.8992   28  240 13674.2700 10215.0039  25.3%   110  812s
 17613 15088 11795.6829   87   89 13674.2700 10217.9569  25.3%   110  821s
 17825 15159     cutoff  153      13674.2700 10220.3582  25.3%   110  829s
 17898 15291 10876.0361   61  126 13674.2700 10222.2777  25.2%   111  836s
 18056 15348 10373.0806   27  283 13674.2700 10223.0080  25.2%   111  844s
 18116 15441 10671.7841   45   90 13674.2700 10223.0080  25.2%   111  851s
 18211 15635 10853.7070   70  127 13674.2700 10223.0080  25.2%   112  859s
 18243 15635 10883.2136   86   86 13674.2700 10223.0080  25.2%   112  860s
 18449 15842 10947.2776  113   42 13674.2700 10223.0080  25.2%   112  869s
 18634 15844 infeasible  199      13674.2700 10223.0080  25.2%   112  870s
 18654 15989 12158.7016  205   30 13674.2700 10225.1677  25.2%   113  877s
 18841 16283 13657.7212  230   36 13674.2700 10227.2800  25.2%   113  887s
 19228 16350 10752.5650   42  211 13674.2700 10227.9683  25.2%   111  897s
 19283 16464 11737.2352   94   91 13674.2700 10228.3589  25.2%   112  904s
 19315 16464 12135.7442  126   53 13674.2700 10228.3589  25.2%   112  905s
 19419 16560 10531.2764   27  193 13674.2700 10228.5068  25.2%   112  912s
 19515 16899 11161.6099   45   92 13674.2700 10228.5157  25.2%   113  922s
 19937 17025 infeasible  126      13674.2700 10229.4531  25.2%   112  932s
 20061 17135     cutoff  131      13674.2700 10231.2043  25.2%   112  939s
 20195 17325 10427.0236   28  297 13674.2700 10232.6777  25.2%   112  948s
 20387 17529 10721.3809   57  130 13674.2700 10232.8142  25.2%   112  957s
 20632 17639 12546.3796  142   41 13674.2700 10233.6502  25.2%   112  966s
 20765 17702 infeasible  166      13674.2700 10235.6498  25.1%   112  973s
 20834 17936 11016.9973   62   91 13674.2700 10237.3130  25.1%   112  981s
 21082 18075 infeasible  225      13674.2700 10237.8414  25.1%   112  991s
 21234 18162 10749.6099   37  231 13674.2700 10238.9251  25.1%   112  999s
 21341 18285 11760.7881   95   40 13674.2700 10239.1497  25.1%   112 1007s
 21478 18392 10521.0929   29  301 13674.2700 10239.1497  25.1%   112 1015s
 21589 18665 11125.9166   60  244 13674.2700 10239.1497  25.1%   113 1023s
 21717 18665 12383.7724  188   48 13674.2700 10239.1497  25.1%   113 1025s
 21899 18756 13631.2614  225    8 13674.2700 10240.5718  25.1%   112 1033s
 22018 18822 infeasible  226      13674.2700 10241.2376  25.1%   113 1040s
H22020 18628                    13581.270000 10241.2376  24.6%   113 1040s
 22084 18886 10884.7074   45  236 13581.2700 10241.5350  24.6%   113 1049s
 22213 18889 13332.6683  168   19 13581.2700 10241.5350  24.6%   113 1050s
 22402 18940     cutoff  202      13581.2700 10241.8192  24.6%   112 1058s
 22456 19074 11176.4002   40   95 13581.2700 10242.6877  24.6%   113 1066s
 22653 19140 10416.1613   23  291 13581.2700 10242.6877  24.6%   113 1074s
 22693 19247 10753.5758   40  168 13581.2700 10242.6877  24.6%   114 1081s
 22802 19375 10935.0594   57  189 13581.2700 10242.6877  24.6%   114 1090s
 22966 19521 11197.2632   87  101 13581.2700 10243.2071  24.6%   114 1099s
 23098 19525 12143.7111  159    6 13581.2700 10243.2071  24.6%   114 1100s
 23148 19577 12814.9479  161   26 13581.2700 10243.5498  24.6%   114 1111s
 23210 19648 10706.6852   42  342 13581.2700 10243.5498  24.6%   114 1118s
 23281 19900 11241.0160   72  254 13581.2700 10243.5498  24.6%   115 1127s
 23548 20052 11814.6305  155  139 13581.2700 10244.3232  24.6%   114 1137s
 23712 20232 10616.4412   23  182 13581.2700 10244.6548  24.6%   114 1146s
 23964 20309 13440.1462   85   17 13581.2700 10245.1179  24.6%   114 1155s
 24047 20457     cutoff   96      13581.2700 10245.4749  24.6%   115 1163s
 24205 20809 10642.4398   50  197 13581.2700 10246.5682  24.6%   115 1173s
 24403 20811 11944.0614  193   28 13581.2700 10246.5682  24.6%   114 1175s
 24660 21135 13320.6100  267   10 13581.2700 10246.7750  24.6%   114 1186s
 25049 21213 infeasible  277      13581.2700 10247.0244  24.6%   113 1195s
 25110 21386 11033.1372   56  145 13581.2700 10247.4088  24.5%   113 1203s
 25310 21563 10600.7844   22  262 13581.2700 10247.4088  24.5%   113 1212s
 25514 21758 11444.0489   99   68 13581.2700 10250.1186  24.5%   113 1221s
 25731 21825 10805.0181   27  189 13581.2700 10250.1186  24.5%   113 1230s
 25809 21977 11099.9833   60   18 13581.2700 10251.1902  24.5%   113 1238s
 26015 22264 11362.5533   66   35 13581.2700 10251.8036  24.5%   113 1247s
 26330 22296 12442.8300  119    7 13581.2700 10252.0312  24.5%   113 1250s
 26384 22326     cutoff  193      13581.2700 10252.2840  24.5%   113 1256s
 26422 22383 10654.6958   36  294 13581.2700 10252.3208  24.5%   113 1263s
 26492 22501 11445.2895   63  138 13581.2700 10252.6365  24.5%   114 1271s
 26628 22618 10460.9594   27  295 13581.2700 10253.0559  24.5%   114 1280s
 26749 22852 11037.5490   53  174 13581.2700 10253.4394  24.5%   114 1289s
 26816 22852 11702.2279  120   73 13581.2700 10253.4394  24.5%   114 1290s
 27010 22931 10535.9540   20  230 13581.2700 10253.5203  24.5%   113 1298s
 27090 23131 10883.9116   42  245 13581.2700 10253.5203  24.5%   114 1305s
 27309 23420 11701.6264  130   35 13581.2700 10253.9934  24.5%   114 1315s
 27648 23579     cutoff  262      13581.2700 10254.0572  24.5%   113 1329s
 27726 23580 12448.7290  133   30 13581.2700 10254.5172  24.5%   113 1330s
 27829 23630 10852.3841   35  377 13581.2700 10254.5172  24.5%   113 1337s
 27877 23760 11499.8228   68   60 13581.2700 10254.6796  24.5%   114 1345s
 28046 23823 infeasible  173      13581.2700 10255.3735  24.5%   114 1353s
 28106 23973 10647.9034   38   83 13581.2700 10255.3735  24.5%   114 1361s
 28267 24153 10925.8514   67   10 13581.2700 10255.6804  24.5%   114 1370s
 28552 24318 13292.7350  121   18 13581.2700 10255.9512  24.5%   114 1379s
 28672 24321     cutoff  117      13581.2700 10256.8230  24.5%   114 1380s
 28701 24432 11777.4270  130   57 13581.2700 10257.2452  24.5%   114 1386s
 28824 24624 10811.2089   44  107 13581.2700 10257.4197  24.5%   114 1395s
 29066 24693 13470.5318  152   10 13581.2700 10257.4588  24.5%   114 1404s
 29130 24758     cutoff  153      13581.2700 10258.1563  24.5%   114 1411s
 29242 24824     cutoff   79      13581.2700 10259.9219  24.5%   115 1419s
 29310 25007 11199.5190   46  238 13581.2700 10260.1318  24.5%   115 1427s
 29504 25118 12609.0861  152   49 13581.2700 10260.3080  24.5%   115 1435s
 29633 25424 10686.0905   33  168 13581.2700 10260.8548  24.4%   115 1446s
 30011 25509 infeasible  129      13581.2700 10260.9796  24.4%   115 1455s
 30088 25718 10747.1761   43  248 13581.2700 10261.8727  24.4%   115 1464s
 30375 25775 infeasible  157      13581.2700 10262.5913  24.4%   115 1472s
 30440 25963 10925.6183   38  173 13581.2700 10263.0198  24.4%   115 1483s
 30704 26220     cutoff  126      13581.2700 10263.5139  24.4%   115 1496s
 30999 26329 10796.1483   39  219 13581.2700 10263.5246  24.4%   115 1513s
 31099 26482 11244.4248  105   25 13581.2700 10263.6079  24.4%   115 1529s
 31197 26482 11309.3018  196   21 13581.2700 10263.6079  24.4%   115 1530s
 31280 26545 10704.1465   35  391 13581.2700 10263.6079  24.4%   115 1541s
 31343 26737 11096.0262   63  210 13581.2700 10263.9114  24.4%   115 1558s
 31595 26806 13423.4105  198    8 13581.2700 10264.4900  24.4%   115 1575s
 31686 26850     cutoff  199      13581.2700 10265.5921  24.4%   115 1584s
 31729 26908 10816.7674   41  238 13581.2700 10265.6010  24.4%   116 1591s
 31789 27064 11667.2402   75  142 13581.2700 10265.6359  24.4%   116 1599s
 31915 27065 12573.0897   95   43 13581.2700 10265.9148  24.4%   116 1600s
 31973 27255 12690.7818  136   24 13581.2700 10265.9224  24.4%   116 1609s
 32111 27255 11857.8995   85   18 13581.2700 10266.3830  24.4%   116 1610s
 32196 27375 10782.7602   33  246 13581.2700 10266.3830  24.4%   116 1618s
 32315 27707 11148.3067   92   11 13581.2700 10266.4752  24.4%   116 1628s
 32511 27724 12970.9777  189   19 13581.2700 10266.4752  24.4%   116 1630s
 32790 27866 13469.9400  214   12 13581.2700 10267.5370  24.4%   115 1638s
 32913 27958 infeasible  215      13581.2700 10268.8864  24.4%   115 1646s
 33028 28017 10827.7795   42  214 13581.2700 10268.8864  24.4%   116 1654s
 33090 28241 11563.3773   75  106 13581.2700 10269.3597  24.4%   116 1664s
 33190 28241 13459.3520  170   50 13581.2700 10269.3597  24.4%   116 1665s
 33358 28281 10458.4681   22  256 13581.2700 10269.3597  24.4%   116 1672s
 33398 28361 10850.6259   44  172 13581.2700 10269.3597  24.4%   116 1679s
 33430 28361 11314.6414   76  147 13581.2700 10269.3597  24.4%   116 1680s
 33478 28582 11409.8649   80  133 13581.2700 10269.6370  24.4%   116 1688s
 33693 28583 13351.7159  137   21 13581.2700 10269.7173  24.4%   116 1690s
 33728 28619 10474.1559   24  238 13581.2700 10269.7173  24.4%   116 1697s
 33764 28675 10660.9210   31  260 13581.2700 10269.7173  24.4%   117 1704s
 33820 28778 10793.1909   42  175 13581.2700 10269.7173  24.4%   117 1712s
 33935 29026 11320.3757   79   28 13581.2700 10270.0762  24.4%   117 1721s
 34258 29196 13460.9885  160   12 13581.2700 10270.8585  24.4%   117 1732s
 34431 29277     cutoff  162      13581.2700 10270.9318  24.4%   117 1741s
 34541 29311 11080.1609   41  231 13581.2700 10270.9700  24.4%   117 1755s
 34569 29365 11430.2788   57  125 13581.2700 10270.9700  24.4%   117 1767s
 34623 29558 12238.7386   88   48 13581.2700 10271.6643  24.4%   117 1776s
 34840 29652     cutoff  151      13581.2700 10272.0502  24.4%   117 1786s
 34961 29788 10937.3145   48   15 13581.2700 10273.0957  24.4%   117 1795s
 35181 29926 12954.9243  126   10 13581.2700 10273.3789  24.4%   117 1804s
 35316 29986 10809.8714   34  288 13581.2700 10273.5322  24.4%   117 1812s
 35368 30173 10787.6246   39  234 13581.2700 10273.5322  24.4%   117 1824s
 35460 30173 12106.0227   57   45 13581.2700 10273.5322  24.4%   118 1825s
 35600 30321 12218.1215   68   52 13581.2700 10274.5646  24.3%   117 1835s
 35781 30446     cutoff  117      13581.2700 10275.7425  24.3%   117 1844s
 35921 30583 10870.5971   42  170 13581.2700 10276.0875  24.3%   117 1854s
 36065 30732 10489.8218   31  385 13581.2700 10276.2379  24.3%   117 1864s
 36082 30732 11113.0283   38  127 13581.2700 10276.2379  24.3%   118 1865s
 36231 30879 10945.9556   48  174 13581.2700 10276.2379  24.3%   117 1874s
 36296 30879 12894.0938  121   69 13581.2700 10276.2379  24.3%   118 1875s
 36388 31066 11992.4748  113   53 13581.2700 10276.9991  24.3%   117 1884s
 36420 31066 12743.7279  145   84 13581.2700 10276.9991  24.3%   117 1885s
 36609 31102 10838.6812   34  226 13581.2700 10277.1021  24.3%   117 1894s
 36659 31238 11387.7572   57  203 13581.2700 10277.2974  24.3%   118 1903s
 36818 31304 13076.8232  158   29 13581.2700 10277.7140  24.3%   118 1912s
 36897 31385 10649.6576   37  314 13581.2700 10277.7873  24.3%   118 1920s
 36978 31551 10899.6987   62  211 13581.2700 10277.7873  24.3%   118 1929s
 37042 31551 11610.4668  126  114 13581.2700 10277.7873  24.3%   118 1930s
 37161 31637 11867.7849  136   86 13581.2700 10277.8384  24.3%   118 1938s
 37287 31713 10722.3346   24  292 13581.2700 10278.1311  24.3%   118 1947s
 37359 31968 10835.4326   36  135 13581.2700 10278.1311  24.3%   118 1957s
 37682 32244 11213.7424   79  134 13581.2700 10279.3432  24.3%   118 1970s
 37996 32328 infeasible  230      13581.2700 10279.7807  24.3%   118 1981s
 38074 32601 10836.5358   44  218 13581.2700 10279.7807  24.3%   118 1990s
 38387 32649 13052.8279  191   24 13581.2700 10279.8968  24.3%   118 2000s
 38446 32723 13492.3224  197   10 13581.2700 10279.9469  24.3%   118 2008s
 38552 32778     cutoff  206      13581.2700 10280.0922  24.3%   118 2017s
H38603 32834                    13577.670000 10280.0922  24.3%   118 2025s
 38666 32946 11391.9305   66  163 13577.6700 10280.1217  24.3%   119 2034s
 38732 32946 13080.4600  130   73 13577.6700 10280.1217  24.3%   119 2035s
 38800 33063 10547.7514   26  204 13577.6700 10280.1217  24.3%   119 2045s
 38919 33287 10867.0214   41  129 13577.6700 10280.1217  24.3%   119 2058s
 39192 33391 11089.3260   49   81 13577.6700 10280.8002  24.3%   119 2067s
 39303 33465 13233.4619  135   22 13577.6700 10281.1354  24.3%   119 2075s
 39390 33619     cutoff  155      13577.6700 10281.1597  24.3%   119 2084s
 39457 33619 12456.7738  104   10 13577.6700 10281.4191  24.3%   119 2085s
 39567 33737 11359.4294   53  147 13577.6700 10282.5373  24.3%   119 2095s
 39722 33776     cutoff  154      13577.6700 10282.5713  24.3%   119 2103s
 39766 33806 10735.5679   34  228 13577.6700 10282.5889  24.3%   120 2111s
 39807 34009 11270.7916   53  265 13577.6700 10282.5889  24.3%   120 2122s
 40080 34111 12219.6751  104  109 13577.6700 10283.0071  24.3%   120 2134s
 40180 34267     cutoff  165      13577.6700 10283.0588  24.3%   120 2142s
 40344 34430 11529.5422   73  114 13577.6700 10283.1039  24.3%   120 2153s
 40552 34460 12247.0167  100   52 13577.6700 10283.3088  24.3%   120 2162s
 40597 34549 12860.8743  111   16 13577.6700 10283.4148  24.3%   120 2171s
 40694 34661     cutoff  133      13577.6700 10283.4699  24.3%   120 2181s
 40839 34705 10653.4259   35  360 13577.6700 10283.4700  24.3%   120 2189s
 40891 34835 10977.0147   49  174 13577.6700 10283.4700  24.3%   120 2197s
 41029 35068 11548.6194   75  100 13577.6700 10284.0892  24.3%   121 2209s
 41093 35069 11891.9499  107   32 13577.6700 10284.0892  24.3%   121 2210s
 41308 35205     cutoff  158      13577.6700 10284.5658  24.3%   120 2221s
 41466 35249 infeasible  157      13577.6700 10285.1575  24.2%   120 2230s
 41512 35315 13560.3700  155    - 13577.6700 10285.1591  24.2%   121 2238s
 41580 35423     cutoff  155      13577.6700 10285.2008  24.2%   121 2247s
 41708 35471 10963.9899   36  182 13577.6700 10285.2445  24.2%   121 2255s
 41757 35633 11742.0814   69   83 13577.6700 10285.3791  24.2%   121 2265s
 41942 35751 10677.8693   35  231 13577.6700 10285.3791  24.2%   121 2275s
 42072 35810 10864.5594   52  126 13577.6700 10285.3791  24.2%   121 2285s
 42142 35913 11651.4417   86  140 13577.6700 10285.5435  24.2%   121 2294s
 42239 35920 12484.1414  152    4 13577.6700 10285.5435  24.2%   121 2295s
 42275 36066 13215.9648  155   33 13577.6700 10285.6044  24.2%   121 2305s
 42481 36143     cutoff  174      13577.6700 10285.6821  24.2%   121 2314s
 42516 36143 11334.7916   60   39 13577.6700 10285.6821  24.2%   121 2315s
 42586 36353 11402.8065   65   62 13577.6700 10285.7555  24.2%   122 2323s
 42805 36446 10655.2024   32  245 13577.6700 10285.7555  24.2%   121 2333s
 42914 36544 11129.6469   48   83 13577.6700 10285.7555  24.2%   121 2343s
 43011 36716 11251.5601   71   94 13577.6700 10286.9406  24.2%   122 2352s
 43241 36830     cutoff  123      13577.6700 10286.9810  24.2%   122 2363s
 43362 36998 10909.2070   41  187 13577.6700 10286.9810  24.2%   122 2372s
 43542 37172 11605.8836   88   14 13577.6700 10287.1576  24.2%   122 2384s
 43574 37172 11706.3650  102    7 13577.6700 10287.1576  24.2%   122 2385s
 43809 37262 13222.6107  160   32 13577.6700 10287.9455  24.2%   122 2396s
 43947 37322 10882.5853   41  171 13577.6700 10288.0517  24.2%   122 2405s
 43997 37429 11571.6381   78   16 13577.6700 10288.4510  24.2%   122 2414s
 44122 37529     cutoff  138      13577.6700 10288.4570  24.2%   122 2423s
 44236 37618 10995.1051   46  224 13577.6700 10288.6962  24.2%   122 2433s
 44360 37828 10823.3719   35  168 13577.6700 10289.3743  24.2%   122 2444s
 44392 37828 11060.2913   60   24 13577.6700 10289.3743  24.2%   122 2445s
 44678 38002 13514.3813  151   29 13577.6700 10289.5655  24.2%   122 2456s
 44847 38038     cutoff  154      13577.6700 10291.0011  24.2%   122 2465s
 44885 38100 11049.8004   50  187 13577.6700 10291.1329  24.2%   122 2473s
 44949 38290 11654.0394   98  201 13577.6700 10291.5486  24.2%   122 2483s
 45160 38390     cutoff  233      13577.6700 10291.8666  24.2%   122 2493s
 45285 38481 10957.8040   28  255 13577.6700 10292.0741  24.2%   122 2504s
 45347 38482 10618.3538   37  212 13577.6700 10292.0741  24.2%   122 2505s
 45378 38748 11618.3735   89   95 13577.6700 10292.1584  24.2%   122 2514s
 45410 38748 11999.1417  121   18 13577.6700 10292.1584  24.2%   122 2515s
 45686 38867 10947.4195   28  169 13577.6700 10292.3016  24.2%   122 2526s
 45835 38934 12673.2400  115   49 13577.6700 10292.5934  24.2%   122 2537s
 45898 39022 10725.7569   36  291 13577.6700 10292.5934  24.2%   122 2546s
 46030 39148 11618.7999   69   62 13577.6700 10293.2043  24.2%   122 2556s
 46162 39249     cutoff  161      13577.6700 10294.5184  24.2%   122 2566s
 46269 39417 10948.7906   37  166 13577.6700 10295.2345  24.2%   122 2579s
 46367 39420 12334.9622  130   24 13577.6700 10295.2345  24.2%   122 2580s
 46492 39464 10571.8498   19  312 13577.6700 10295.3084  24.2%   122 2588s
 46536 39571 10903.0256   44  166 13577.6700 10295.3278  24.2%   122 2598s
 46658 39730 13079.9420  118   48 13577.6700 10295.3640  24.2%   122 2609s
 46767 39730 11671.2747  100   44 13577.6700 10295.3664  24.2%   122 2610s
 46838 39738 10593.3921   34  237 13577.6700 10295.3664  24.2%   122 2621s
 46840 39776 10605.0302   34  201 13577.6700 10295.3664  24.2%   122 2630s
 46896 39882 10903.0135   48  104 13577.6700 10295.3664  24.2%   123 2641s
 47024 40014 12162.5207  102   58 13577.6700 10295.7379  24.2%   123 2652s
 47199 40150 13570.1762  169    9 13577.6700 10295.7729  24.2%   123 2662s
 47379 40184     cutoff  178      13577.6700 10296.1567  24.2%   123 2670s
 47410 40258 10843.3069   36  279 13577.6700 10296.3197  24.2%   123 2678s
 47484 40457 11625.3404   72  103 13577.6700 10296.6647  24.2%   123 2688s
 47728 40484 10451.4816   27  268 13577.6700 10297.1245  24.2%   123 2697s
 47755 40529 10613.8329   30  314 13577.6700 10297.1245  24.2%   123 2706s
 47800 40664 10837.5025   37  236 13577.6700 10297.1245  24.2%   123 2717s
 47959 40729 10896.7398   41  197 13577.6700 10297.1245  24.2%   124 2726s
 48025 40891 11266.2293   48  179 13577.6700 10297.1245  24.2%   124 2736s
 48210 40994 12080.1355   76   53 13577.6700 10297.9057  24.2%   124 2747s
 48368 41058     cutoff  112      13577.6700 10298.1147  24.2%   124 2757s
