




arguments: ./build/mirp_solver -f ./input/orig_exec_366.cfg
Current dir: /scratch/gui/bnc_mirp
File verbosity level: 9
date       time         ( uptime  ) [ thread name/id ]                   file:line     v| 
2021-01-27 14:02:42.126 (   5.457s) [main thread     ]             loguru.cpp:789   INFO| Logging to './output/vi_vr/OU/V4/Original/execution_27_01_2021_14_02_42.log', mode: 'a', verbosity: 9
--------------------------------------------------------------------------------
Parameters
                           instance_path           ./input/Instances/Original/5/
                            model_policy                                       1
                             nb_vehicles                                       4
                              output_dir          ./output/vi_vr/OU/V4/Original/
                            sec_strategy                                       1
                       solver_nb_threads                                       2
                         solver_show_log                                    true
                       solver_time_limit                                    3600
                              use_vi_cos                                   false
                              use_vi_cus                                   false
                         use_vi_hc1_full                                   false
                         use_vi_hc1_half                                   false
                      use_vi_hc1_quarter                                   false
                              use_vi_hc2                                   false
                              use_vi_hc3                                   false
                         use_vi_lex_full                                   false
                         use_vi_lex_half                                   false
                      use_vi_lex_quarter                                   false
                              use_vi_qua                                   false
                               use_vi_vc                                   false
                               use_vi_vr                                    true
--------------------------------------------------------------------------------
executing instance: ./input/Instances/Original/5/absH3low_4n50.dat
--------------------------------------------------------------------------------
Instance details
n	51
H	3
C	4066
Li:
[0, 0, 0, 0, 0, 0, 0, 0, 0, 0, 0, 0, 0, 0, 0, 0, 0, 0, 0, 0, 0, 0, 0, 0, 0, 0, 0, 0, 0, 0, 0, 0, 0, 0, 0, 0, 0, 0, 0, 0, 0, 0, 0, 0, 0, 0, 0, 0, 0, 0, 0, ]
Ui:
[0, 108, 126, 122, 66, 120, 48, 30, 128, 54, 158, 198, 36, 66, 210, 234, 147, 297, 171, 128, 116, 120, 219, 70, 294, 207, 134, 128, 234, 122, 22, 183, 195, 255, 132, 124, 66, 189, 219, 66, 128, 102, 288, 66, 87, 136, 36, 39, 282, 36, 237, ]
Distance matrix:
|0	210	444	498	509	104	438	228	487	304	456	434	526	476	163	47	293	396	293	290	313	85	280	437	293	336	409	106	449	376	433	478	193	404	404	534	278	181	380	507	189	438	263	473	353	216	202	218	452	254	465	|
|210	0	299	507	359	106	345	409	358	411	320	402	555	448	136	200	289	264	306	427	141	222	83	348	264	320	283	303	380	208	258	357	170	348	475	542	243	347	355	379	65	479	172	373	355	251	112	229	402	210	300	|
|444	299	0	363	65	358	116	542	66	440	26	241	425	272	282	407	251	51	276	490	159	397	224	124	217	237	48	490	170	99	83	74	261	180	430	385	214	479	231	85	270	390	184	116	271	300	409	276	210	215	54	|
|498	507	363	0	385	482	246	424	326	254	343	123	63	93	388	452	221	337	211	314	428	414	480	239	243	187	324	463	194	418	438	307	346	188	156	36	264	392	156	326	444	87	340	258	154	286	603	294	153	297	417	|
|509	359	65	385	0	422	145	602	59	492	59	269	448	292	348	472	305	115	329	545	218	462	281	152	274	286	106	554	192	153	116	78	326	216	472	403	274	540	271	63	334	425	249	127	316	361	468	337	233	278	69	|
|104	106	358	482	422	0	372	309	408	337	374	396	521	441	98	96	262	314	271	342	215	124	177	373	249	302	329	198	394	281	337	402	139	353	419	518	230	250	343	428	90	437	188	405	328	200	134	188	406	199	372	|
|438	345	116	246	145	372	0	485	87	357	97	126	309	155	279	394	180	101	200	414	223	373	288	8	157	150	84	459	53	188	196	68	245	72	328	269	165	427	128	97	297	280	184	36	175	250	456	233	94	184	170	|
|228	409	542	424	602	309	485	0	561	170	544	419	424	446	298	214	305	491	286	115	462	187	457	480	331	339	496	124	470	510	565	545	295	424	279	454	329	66	376	576	363	340	370	520	330	242	429	266	453	328	581	|
|487	358	66	326	59	408	87	561	0	441	40	211	389	233	324	446	258	95	281	497	220	431	287	95	230	234	79	522	133	164	146	19	297	160	415	344	233	500	215	21	323	367	224	68	261	320	470	299	174	242	106	|
|304	411	440	254	492	337	357	170	441	0	434	266	255	286	275	266	189	392	164	63	408	225	428	351	224	207	392	234	330	438	484	424	250	287	112	284	232	149	233	453	349	170	302	389	185	168	471	195	305	248	487	|
|456	320	26	343	59	374	97	544	40	434	0	223	406	252	294	418	247	60	271	487	181	405	247	105	215	229	49	498	149	124	109	48	270	165	419	364	215	482	218	60	288	375	194	92	261	302	431	279	190	220	75	|
|434	402	241	123	269	396	126	419	211	266	223	0	185	46	298	387	140	213	145	328	310	355	366	118	147	97	201	425	78	295	315	191	256	65	211	151	166	371	53	215	343	157	231	145	90	220	505	217	41	198	295	|
|526	555	425	63	448	521	309	424	389	255	406	185	0	156	430	481	266	398	252	310	485	442	534	301	293	237	386	480	257	478	500	370	390	249	145	55	313	401	212	389	491	89	392	321	201	322	646	334	216	345	479	|
|476	448	272	93	292	441	155	446	233	286	252	46	156	0	343	429	183	250	184	348	353	396	411	148	192	140	236	461	102	334	350	214	302	106	214	113	212	402	98	233	389	151	277	165	125	261	551	260	62	244	325	|
|163	136	282	388	348	98	279	298	324	275	294	298	430	343	0	124	167	234	178	296	167	121	162	279	151	205	247	216	297	224	280	316	42	256	340	423	132	232	246	344	74	349	100	314	233	115	216	97	308	101	307	|
|47	200	407	452	472	96	394	214	446	266	418	387	481	429	124	0	246	358	245	259	284	41	261	392	247	289	370	103	403	345	402	436	150	358	361	488	232	158	333	466	165	393	223	430	306	168	217	171	406	210	431	|
|293	289	251	221	305	262	180	305	258	189	247	140	266	183	167	246	0	204	26	240	238	215	276	175	37	43	203	289	169	255	297	242	125	122	202	257	52	248	87	272	225	191	134	215	67	80	382	77	163	81	298	|
|396	264	51	337	115	314	101	491	95	392	60	213	398	250	234	358	204	0	229	442	130	347	196	108	169	194	19	440	152	87	102	93	211	149	390	363	165	428	194	116	228	355	134	117	230	250	376	225	189	164	95	|
|293	306	276	211	329	271	200	286	281	164	271	145	252	184	178	245	26	229	0	216	262	212	297	195	63	53	228	280	184	280	323	264	138	137	178	248	76	232	95	294	241	173	156	234	60	77	395	83	172	102	324	|
|290	427	490	314	545	342	414	115	497	63	487	328	310	348	296	259	240	442	216	0	443	220	456	408	273	264	443	204	390	479	529	480	278	346	165	343	278	115	293	509	369	229	340	447	244	202	473	230	366	288	536	|
|313	141	159	428	218	215	223	462	220	408	181	310	485	353	167	284	238	130	262	443	0	288	67	228	202	252	149	382	267	67	122	221	168	247	440	459	186	396	273	241	125	423	107	245	291	242	251	214	297	162	160	|
|85	222	397	414	462	124	373	187	431	225	405	355	442	396	121	41	215	347	212	220	288	0	273	371	221	258	357	95	378	344	401	420	136	331	321	450	208	126	302	450	177	353	213	409	272	136	253	143	377	190	426	|
|280	83	224	480	281	177	288	457	287	428	247	366	534	411	162	261	276	196	297	456	67	273	0	292	243	298	215	363	329	128	176	288	179	305	475	513	224	392	324	307	96	466	143	311	335	261	187	235	357	195	219	|
|437	348	124	239	152	373	8	480	95	351	105	118	301	148	279	392	175	108	195	408	228	371	292	0	154	144	91	456	46	194	203	76	244	65	320	261	163	423	121	103	299	273	185	40	168	247	459	230	86	183	178	|
|293	264	217	243	274	249	157	331	230	224	215	147	293	192	151	247	37	169	63	273	202	221	243	154	0	57	170	303	157	217	260	215	110	111	238	278	21	271	94	245	201	223	100	193	92	93	362	78	160	54	263	|
|336	320	237	187	286	302	150	339	234	207	229	97	237	140	205	289	43	194	53	264	252	258	298	144	57	0	190	331	131	257	294	216	163	84	197	221	77	285	44	246	258	172	155	183	39	123	418	119	120	110	288	|
|409	283	48	324	106	329	84	496	79	392	49	201	386	236	247	370	203	19	228	443	149	357	215	91	170	190	0	449	136	105	114	75	221	138	384	349	168	434	185	99	245	346	146	98	224	255	394	231	174	171	99	|
|106	303	490	463	554	198	459	124	522	234	498	425	480	461	216	103	289	440	280	204	382	95	363	456	303	331	449	0	458	439	496	510	229	410	344	498	293	89	374	540	267	391	307	495	336	211	308	226	451	280	520	|
|449	380	170	194	192	394	53	470	133	330	149	78	257	102	297	403	169	152	184	390	267	378	329	46	157	131	136	458	0	238	249	114	259	47	287	216	171	416	96	137	327	235	211	67	145	247	488	235	41	197	223	|
|376	208	99	418	153	281	188	510	164	438	124	295	478	334	224	345	255	87	280	479	67	344	128	194	217	257	105	439	238	0	57	169	216	230	453	445	206	445	268	184	191	427	141	202	296	278	315	250	274	191	92	|
|433	258	83	438	116	337	196	565	146	484	109	315	500	350	280	402	297	102	323	529	122	401	176	203	260	294	114	496	249	57	0	157	271	252	490	463	251	499	296	162	247	457	195	199	331	329	362	302	288	241	47	|
|478	357	74	307	78	402	68	545	19	424	48	191	370	214	316	436	242	93	264	480	221	420	288	76	215	216	75	510	114	169	157	0	287	141	396	325	219	485	196	31	319	347	216	49	243	306	469	286	154	230	120	|
|193	170	261	346	326	139	245	295	297	250	270	256	390	302	42	150	125	211	138	278	168	136	179	244	110	163	221	229	259	216	271	287	0	216	305	382	91	229	204	316	105	310	78	280	192	83	257	60	268	62	292	|
|404	348	180	188	216	353	72	424	160	287	165	65	249	106	256	358	122	149	137	346	247	331	305	65	111	84	138	410	47	230	252	141	216	0	255	215	126	369	56	168	292	210	177	102	103	200	454	189	54	155	234	|
|404	475	430	156	472	419	328	279	415	112	419	211	145	214	340	361	202	390	178	165	440	321	475	320	238	197	384	344	287	453	490	396	305	255	0	181	254	261	201	422	410	69	335	353	160	225	551	246	252	280	482	|
|534	542	385	36	403	518	269	454	344	284	364	151	55	113	423	488	257	363	248	343	459	450	513	261	278	221	349	498	216	445	463	325	382	215	181	0	298	425	189	342	479	115	373	276	190	323	638	330	175	332	439	|
|278	243	214	264	274	230	165	329	233	232	215	166	313	212	132	232	52	165	76	278	186	208	224	163	21	77	168	293	171	206	251	219	91	126	254	298	0	267	114	250	181	242	82	202	112	88	341	68	177	33	258	|
|181	347	479	392	540	250	427	66	500	149	482	371	401	402	232	158	248	428	232	115	396	126	392	423	271	285	434	89	416	445	499	485	229	369	261	425	267	0	325	516	298	313	305	463	281	180	375	203	403	264	516	|
|380	355	231	156	271	343	128	376	215	233	218	53	212	98	246	333	87	194	95	293	273	302	324	121	94	44	185	374	96	268	296	196	204	56	201	189	114	325	0	224	294	161	185	157	49	167	455	163	78	147	284	|
|507	379	85	326	63	428	97	576	21	453	60	215	389	233	344	466	272	116	294	509	241	450	307	103	245	246	99	540	137	184	162	31	316	168	422	342	250	516	224	0	344	371	244	70	271	337	490	317	176	261	120	|
|189	65	270	444	334	90	297	363	323	349	288	343	491	389	74	165	225	228	241	369	125	177	96	299	201	258	245	267	327	191	247	319	105	292	410	479	181	298	294	344	0	414	116	328	291	187	163	165	345	147	282	|
|438	479	390	87	425	437	280	340	367	170	375	157	89	151	349	393	191	355	173	229	423	353	466	273	223	172	346	391	235	427	457	347	310	210	69	115	242	313	161	371	414	0	323	301	133	238	565	253	197	273	444	|
|263	172	184	340	249	188	184	370	224	302	194	231	392	277	100	223	134	134	156	340	107	213	143	185	100	155	146	307	211	141	195	216	78	177	335	373	82	305	185	244	116	323	0	217	192	138	278	110	230	55	214	|
|473	373	116	258	127	405	36	520	68	389	92	145	321	165	314	430	215	117	234	447	245	409	311	40	193	183	98	495	67	202	199	49	280	102	353	276	202	463	157	70	328	301	217	0	205	286	485	269	106	220	167	|
|353	355	271	154	316	328	175	330	261	185	261	90	201	125	233	306	67	230	60	244	291	272	335	168	92	39	224	336	145	296	331	243	192	103	160	190	112	281	49	271	291	133	192	205	0	138	449	141	123	145	323	|
|216	251	300	286	361	200	250	242	320	168	302	220	322	261	115	168	80	250	77	202	242	136	261	247	93	123	255	211	247	278	329	306	83	200	225	323	88	180	167	337	187	238	138	286	138	0	328	28	243	88	340	|
|202	112	409	603	468	134	456	429	470	471	431	505	646	551	216	217	382	376	395	473	251	253	187	459	362	418	394	308	488	315	362	469	257	454	551	638	341	375	455	490	163	565	278	485	449	328	0	313	508	308	406	|
|218	229	276	294	337	188	233	266	299	195	279	217	334	260	97	171	77	225	83	230	214	143	235	230	78	119	231	226	235	250	302	286	60	189	246	330	68	203	163	317	165	253	110	269	141	28	313	0	235	61	315	|
|452	402	210	153	233	406	94	453	174	305	190	41	216	62	308	406	163	189	172	366	297	377	357	86	160	120	174	451	41	274	288	154	268	54	252	175	177	403	78	176	345	197	230	106	123	243	508	235	0	207	264	|
|254	210	215	297	278	199	184	328	242	248	220	198	345	244	101	210	81	164	102	288	162	190	195	183	54	110	171	280	197	191	241	230	62	155	280	332	33	264	147	261	147	273	55	220	145	88	308	61	207	0	253	|
|465	300	54	417	69	372	170	581	106	487	75	295	479	325	307	431	298	95	324	536	160	426	219	178	263	288	99	520	223	92	47	120	292	234	482	439	258	516	284	120	282	444	214	167	323	340	406	315	264	253	0	|

--------------------------------------------------------------------------------
Building model...
	using lazy and cut (CVRPSEP package)
Solving IRP LP...
--------------------------------------------------------------------------------

Gurobi 9.1.0 (linux64) logging started Wed Jan 27 14:02:43 2021

Gurobi Optimizer version 9.1.0 build v9.1.0rc0 (linux64)
Thread count: 32 physical cores, 32 logical processors, using up to 2 threads
Optimize a model with 2331 rows, 16716 columns and 37296 nonzeros
Model fingerprint: 0x92a6d95f
Variable types: 804 continuous, 15912 integer (612 binary)
Coefficient statistics:
  Matrix range     [1e+00, 1e+03]
  Objective range  [1e-02, 6e+02]
  Bounds range     [1e+00, 3e+02]
  RHS range        [1e+01, 7e+03]
Presolve removed 824 rows and 519 columns
Presolve time: 0.06s
Presolved: 1507 rows, 16197 columns, 34808 nonzeros
Variable types: 741 continuous, 15456 integer (14865 binary)

Root relaxation: objective 3.473436e+03, 1613 iterations, 0.05 seconds

    Nodes    |    Current Node    |     Objective Bounds      |     Work
 Expl Unexpl |  Obj  Depth IntInf | Incumbent    BestBd   Gap | It/Node Time

     0     0 3473.43557    0  155          - 3473.43557      -     -    0s
     0     0 3724.63030    0  118          - 3724.63030      -     -    0s
     0     0 3740.73704    0  133          - 3740.73704      -     -    5s
     0     0 4350.32236    0  235          - 4350.32236      -     -    5s
     0     0 4388.16809    0  231          - 4388.16809      -     -    5s
     0     0 4509.97675    0  246          - 4509.97675      -     -    5s
     0     0 4521.49493    0  249          - 4521.49493      -     -    7s
     0     0 4525.93883    0  252          - 4525.93883      -     -    7s
     0     0 4525.93883    0  260          - 4525.93883      -     -    7s
     0     0 4603.00181    0  252          - 4603.00181      -     -    7s
     0     0 4609.18562    0  287          - 4609.18562      -     -    7s
     0     0 4611.00230    0  290          - 4611.00230      -     -    7s
     0     0 4621.25955    0  264          - 4621.25955      -     -    7s
     0     0 4624.48777    0  280          - 4624.48777      -     -    7s
     0     0 4627.06487    0  260          - 4627.06487      -     -    8s
     0     0 4629.34586    0  289          - 4629.34586      -     -    8s
     0     0 4629.56350    0  309          - 4629.56350      -     -    8s
     0     0 4695.64328    0  333          - 4695.64328      -     -    8s
     0     0 4704.19771    0  280          - 4704.19771      -     -    8s
     0     0 4705.21545    0  289          - 4705.21545      -     -    8s
     0     0 4743.08329    0  285          - 4743.08329      -     -    9s
     0     0 4756.72063    0  289          - 4756.72063      -     -    9s
     0     0 4759.29248    0  364          - 4759.29248      -     -   10s
     0     0 4768.67508    0  338          - 4768.67508      -     -   10s
     0     0 4770.54575    0  359          - 4770.54575      -     -   10s
     0     0 4771.22101    0  343          - 4771.22101      -     -   10s
     0     0 4794.25998    0  401          - 4794.25998      -     -   11s
     0     0 4797.28287    0  426          - 4797.28287      -     -   11s
     0     0 4803.25011    0  365          - 4803.25011      -     -   12s
     0     0 4806.84681    0  337          - 4806.84681      -     -   14s
     0     0 4808.83256    0  441          - 4808.83256      -     -   14s
     0     0 4821.53055    0  446          - 4821.53055      -     -   15s
     0     0 4824.72424    0  458          - 4824.72424      -     -   16s
     0     0 4825.02080    0  434          - 4825.02080      -     -   16s
     0     0 4835.38424    0  442          - 4835.38424      -     -   17s
     0     0 4835.38424    0  388          - 4835.38424      -     -   17s
     0     2 4845.89015    0  369          - 4845.89015      -     -   21s
    25    28 4873.03208    8  412          - 4845.89015      -   498   25s
    63    69 4878.63242   22  394          - 4845.89015      -   406   30s
   130   141 5124.52334   36  260          - 4845.89015      -   335   35s
   202   214 5228.55581   46  301          - 4845.89015      -   280   40s
   353   398 5388.77616   70  208          - 4845.89015      -   215   45s
   494   544 5501.03012   83  187          - 4845.89015      -   174   50s
   753   734 5648.05661   98  115          - 4845.89015      -   125   56s
*  775   744             384    11506.800000 4845.89015  57.9%   126   57s
   779   746 5681.59280  109   80 11506.8000 4845.89015  57.9%   128   60s
   784   748 8258.80506  225  165 11506.8000 4845.89015  57.9%   128   65s
   785   749 10816.1400  355  194 11506.8000 4845.89015  57.9%   128   80s
   789   752 9615.99000  332  389 11506.8000 4845.89015  57.9%   127   85s
   798   758 5705.22194   58  485 11506.8000 4849.98190  57.9%   126   90s
   804   762 9627.34218  298  476 11506.8000 4872.50568  57.7%   125   95s
   813   768 9177.57667  288  572 11506.8000 4885.40873  57.5%   124  102s
   818   771 10217.4510  312  458 11506.8000 4891.28837  57.5%   123  105s
   828   778 9114.33739  286  560 11506.8000 4899.60989  57.4%   121  111s
   836   783 6721.17513  136  618 11506.8000 4904.09813  57.4%   120  115s
H  844   747                    11494.480000 4905.76586  57.3%   119  119s
   846   749 8929.91027  282  686 11494.4800 4905.97372  57.3%   119  125s
H  852   714                    11428.580000 4907.31967  57.1%   118  131s
   854   715 4910.80546   25  712 11428.5800 4910.80546  57.0%   118  136s
   864   722 5312.88525   52  653 11428.5800 4913.61522  57.0%   116  140s
H  876   694                    11415.580000 4914.11214  57.0%   148  144s
   877   694 6016.45231   82  158 11415.5800 4914.11214  57.0%   147  153s
   878   695 5554.45494   36  266 11415.5800 4914.11214  57.0%   147  156s
   879   696 9539.81738  322  325 11415.5800 4914.11214  57.0%   147  163s
   882   698 7059.98136  167  558 11415.5800 4914.11214  57.0%   147  165s
   896   707 5630.56124   54  706 11415.5800 4914.36502  57.0%   144  170s
   897   708 8929.91027  282  665 11415.5800 4914.49860  56.9%   144  177s
   898   708 5705.22194   58  646 11415.5800 4914.62154  56.9%   144  181s
   904   712 9627.34218  298  691 11415.5800 4916.03722  56.9%   143  185s
   910   716 5578.33631   47  674 11415.5800 4916.30219  56.9%   142  190s
   911   717 5120.83992   28  624 11415.5800 4917.33327  56.9%   142  203s
   912   718 6564.41820  110  637 11415.5800 4917.41044  56.9%   142  212s
   915   720 5860.93365   74  651 11415.5800 4917.43507  56.9%   141  215s
   916   720 6083.81211   87  649 11415.5800 4917.43599  56.9%   141  223s
   918   722 10217.4510  312  646 11415.5800 4917.43651  56.9%   141  225s
   923   728 4917.74720   30  625 11415.5800 4917.74720  56.9%   155  230s
   935   736 4950.25109   33  452 11415.5800 4922.49241  56.9%   162  235s
H  949   707                    11127.730000 4922.49241  55.8%   170  239s
   950   709 4953.34280   37  509 11127.7300 4922.49241  55.8%   172  244s
   952   711 4947.83957   38  553 11127.7300 4922.49241  55.8%   172  245s
   970   725 4969.31361   42  600 11127.7300 4922.49241  55.8%   182  250s
   985   733 5050.93435   46  364 11127.7300 4922.49241  55.8%   190  255s
  1001   747 4989.74609   50  475 11127.7300 4922.49241  55.8%   197  260s
  1007   750 5013.54024   52  436 11127.7300 4922.49241  55.8%   199  265s
  1030   767 5082.03060   57  425 11127.7300 4922.49241  55.8%   208  271s
  1044   779 5078.48307   60  360 11127.7300 4922.49241  55.8%   214  276s
  1049   777 5288.92215   61  373 11127.7300 4922.49241  55.8%   215  281s
  1068   794 5116.68131   67  375 11127.7300 4922.49241  55.8%   222  285s
  1097   822 5191.35616   75  343 11127.7300 4922.49241  55.8%   230  290s
  1114   830 5210.01191   79  416 11127.7300 4922.49241  55.8%   232  295s
  1128   828 5370.28885   81  386 11127.7300 4922.49241  55.8%   233  312s
  1143   848 5242.26933   85  367 11127.7300 4922.49241  55.8%   235  316s
  1155   862 5246.74862   88  363 11127.7300 4922.49241  55.8%   237  322s
H 1186   830                    10688.790000 4922.49241  53.9%   240  324s
  1187   849 5300.25291   95  402 10688.7900 4922.49241  53.9%   240  326s
  1223   874 5319.00813  102  342 10688.7900 4922.49241  53.9%   244  331s
  1243   886 5339.03875  106  364 10688.7900 4922.49241  53.9%   245  340s
  1284   921 5418.27511  112  354 10688.7900 4922.49241  53.9%   248  346s
  1310   928 5432.52288  117  372 10688.7900 4922.49241  53.9%   248  360s
  1355   958 5571.02013  126  290 10688.7900 4922.49241  53.9%   251  367s
  1371   981 5512.51682  130  366 10688.7900 4922.49241  53.9%   252  374s
  1395   973 5962.46534  162  195 10688.7900 4922.49241  53.9%   253  375s
  1431  1026 5550.68581  140  294 10688.7900 4922.49241  53.9%   254  382s
  1464  1046 5557.41940  146  342 10688.7900 4922.49241  53.9%   253  389s
  1495  1069 5578.40505  151  336 10688.7900 4922.49241  53.9%   253  394s
  1529  1088 5665.03435  156  251 10688.7900 4922.49241  53.9%   253  400s
  1559  1120 5658.83897  163  281 10688.7900 4922.49241  53.9%   253  408s
  1601  1152 5679.03614  171  243 10688.7900 4922.49241  53.9%   252  416s
  1647  1192 5718.96621  180  256 10688.7900 4922.49241  53.9%   251  424s
  1702  1210 5744.15405  187  224 10688.7900 4922.49241  53.9%   248  429s
  1729  1201 7059.59673  271  129 10688.7900 4922.49241  53.9%   247  430s
  1775  1258 7170.90852  284  125 10688.7900 4922.49241  53.9%   246  435s
  1811  1260 5790.25421  203  259 10688.7900 4922.49241  53.9%   244  440s
  1825  1360 5795.92770  209  204 10688.7900 4922.49241  53.9%   244  446s
  1930  1406 5993.41122  220  246 10688.7900 4922.49241  53.9%   238  453s
  1948  1400 8610.59322  344   87 10688.7900 4922.49241  53.9%   239  458s
  2011  1440 6176.09122  229  227 10688.7900 4922.49241  53.9%   234  463s
  2104  1446 6269.22760  242  170 10688.7900 4922.49241  53.9%   229  469s
  2124  1440 6351.27134  252   94 10688.7900 4922.49241  53.9%   228  472s
  2141  1485 6541.49905  257  131 10688.7900 4922.49241  53.9%   230  478s
  2156  1480 6668.65562  264  128 10688.7900 4922.49241  53.9%   230  483s
  2192  1531 6969.32390  279  166 10688.7900 4922.49241  53.9%   229  489s
  2215  1523 7079.21050  290   97 10688.7900 4922.49241  53.9%   228  492s
  2255  1619 7545.95619  306   79 10688.7900 4932.73114  53.9%   228  499s
  2269  1614 7757.73879  313   82 10688.7900 4932.73114  53.9%   228  500s
  2389  1593 4933.10563   33  574 10688.7900 4932.73114  53.9%   221  507s
  2398  1592 4995.25250   37  305 10688.7900 4932.73114  53.9%   223  521s
  2400  1622 4995.25250   38  307 10688.7900 4932.73114  53.9%   223  528s
  2430  1624 5024.44942   44  309 10688.7900 4932.73114  53.9%   225  536s
  2442  1647 5044.47860   44  281 10688.7900 4932.73114  53.9%   226  541s
  2469  1656 5098.54612   51  239 10688.7900 4932.73114  53.9%   228  546s
  2487  1680 5145.17598   55  245 10688.7900 4932.73114  53.9%   229  551s
  2517  1703 5168.42062   60  240 10688.7900 4932.73114  53.9%   231  559s
  2550  1735 5188.64929   67  225 10688.7900 4932.73114  53.9%   233  565s
  2593  1785 5254.14155   71  252 10688.7900 4932.73114  53.9%   234  573s
  2658  1766 5317.35708   78  322 10688.7900 4932.73114  53.9%   233  608s
  2660  1908 5358.60401   78  293 10688.7900 4932.73114  53.9%   234  619s
  2718  1889 6598.95760  157   37 10688.7900 4932.73114  53.9%   232  620s
  2832  1882 5357.45986   85  290 10688.7900 4932.73114  53.9%   225  627s
  2858  1901 5423.14503   93  264 10688.7900 4932.73114  53.9%   227  634s
  2886  1924 5496.96275  100  245 10688.7900 4932.73114  53.9%   229  640s
  2916  1958 5505.73093  112  262 10688.7900 4932.73114  53.9%   230  647s
  2950  1988 5600.36121  119  210 10688.7900 4932.73114  53.9%   232  655s
  2980  2028 5647.53743  127  207 10688.7900 4932.73114  53.9%   232  665s
  3020  2087 5721.14550  136  148 10688.7900 4932.73114  53.9%   233  674s
  3034  2087 5749.91928  140   99 10688.7900 4932.73114  53.9%   233  675s
  3079  2178 5855.41246  153  132 10688.7900 4932.73114  53.9%   233  684s
  3136  2178 6207.77871  181  109 10688.7900 4932.73114  53.9%   231  685s
  3170  2254 6212.23579  185   52 10688.7900 4933.07613  53.8%   232  694s
  3184  2254 6241.07098  191   64 10688.7900 4933.07613  53.8%   232  695s
  3266  2297 5059.22663   39  360 10688.7900 4933.07613  53.8%   231  703s
  3309  2378 5150.59792   43  313 10688.7900 4933.07613  53.8%   233  714s
  3325  2378 5180.62273   52  297 10688.7900 4933.07613  53.8%   233  715s
  3392  2541 5192.23497   55  246 10688.7900 4933.07613  53.8%   232  727s
  3539  2552 6307.62000  158   12 10688.7900 4933.07613  53.8%   228  730s
  3604  2662 5432.06796   78  168 10688.7900 4933.07613  53.8%   225  743s
  3721  2765 5491.33506   85  134 10688.7900 4933.07613  53.8%   224  754s
  3763  2765 5749.76533  106   38 10688.7900 4933.07613  53.8%   224  755s
  3874  2883 5815.78910  107   70 10688.7900 4933.07613  53.8%   220  769s
  3930  2883 5714.84111  140    9 10688.7900 4933.07613  53.8%   219  770s
  4038  2957 6097.61058  138   39 10688.7900 4940.49512  53.8%   216  783s
  4106  2995 6843.66017  171   31 10688.7900 4941.21659  53.8%   216  794s
  4122  2999 7408.15796  178   20 10688.7900 4941.21659  53.8%   215  795s
  4171  3057 5070.21754   47  423 10688.7900 4941.71209  53.8%   216  808s
  4189  3057 5157.10156   56  291 10688.7900 4941.71209  53.8%   218  812s
  4221  3135 5165.62779   58  280 10688.7900 4941.71209  53.8%   219  825s
  4235  3135 5217.17261   65  187 10688.7900 4941.71209  53.8%   219  831s
  4299  3241 5301.56095   78  144 10688.7900 4941.71209  53.8%   219  845s
  4405  3401 5429.36366   96   89 10688.7900 4941.71209  53.8%   219  864s
  4419  3401 5420.63680  103   97 10688.7900 4941.71209  53.8%   219  865s
  4565  3626 5565.01092  121   36 10688.7900 4941.71209  53.8%   217  884s
  4635  3637 5687.00167  153   26 10688.7900 4941.71209  53.8%   216  885s
  4894  3813 6089.92781  134   71 10688.7900 4950.25340  53.7%   209  906s
  5146  3876 7712.67000  221    - 10688.7900 4950.66146  53.7%   203  923s
  5197  3930 8183.40000  224    2 10688.7900 4952.90727  53.7%   204  938s
  5254  4120 8458.48679  225   19 10688.7900 4953.34556  53.7%   206  954s
  5269  4121 8793.99563  237   20 10688.7900 4953.34556  53.7%   205  955s
  5480  4156 infeasible  266      10688.7900 4953.35340  53.7%   201  973s
  5579  4247 5148.80453   52  500 10688.7900 4954.05222  53.7%   201  989s
  5611  4247 5818.30136   83  244 10688.7900 4954.05222  53.7%   202  990s
  5658  4254 5957.29455  101  124 10688.7900 4954.05222  53.7%   202 1013s
  5660  4418 6145.23577  102  184 10688.7900 4955.00340  53.6%   202 1033s
  5717  4418 7220.15576  159  184 10688.7900 4955.00340  53.6%   202 1035s
  5852  4504 9645.66633  240   46 10688.7900 4955.46308  53.6%   200 1054s
  5963  4574     cutoff  264      10688.7900 4955.53357  53.6%   200 1095s
  5997  4576 5428.68506   99   63 10688.7900 4955.53357  53.6%   201 1107s
  6045  4793     cutoff  268      10688.7900 4956.13102  53.6%   201 1130s
  6337  4912 5513.51371   53  335 10688.7900 4956.99278  53.6%   198 1152s
  6424  4920 5059.26618   45  362 10688.7900 4956.99278  53.6%   198 1155s
  6454  5073 6211.19206   78  104 10688.7900 4956.99278  53.6%   199 1181s
  6621  5218 7604.40568  119   63 10688.7900 4958.12543  53.6%   199 1207s
  6801  5239 9253.27154  210   10 10688.7900 4958.95258  53.6%   196 1210s
  6827  5286 10170.9778  172   70 10688.7900 4959.62437  53.6%   197 1226s
  6899  5339 10641.9916  185   18 10688.7900 4962.17343  53.6%   199 1243s
  6985  5376     cutoff  188      10688.7900 4962.31142  53.6%   200 1262s
* 7005  5110             214    8787.5400000 4962.32338  43.5%   201 1262s
* 7009  5101             210    8747.5400000 4962.32338  43.3%   201 1262s
  7028  5156 5264.92688   61  445 8747.54000 4962.32338  43.3%   202 1283s
  7089  5279 6328.97806  106  198 8747.54000 4965.56206  43.2%   204 1303s
  7173  5280 7788.48063  189    4 8747.54000 4965.56206  43.2%   203 1305s
  7232  5379 5137.01575   46  457 8747.54000 4965.56206  43.2%   204 1328s
  7326  5545 5476.20692   57  319 8747.54000 4965.56206  43.2%   207 1356s
  7520  5806 6264.93342   82  149 8747.54000 4965.56206  43.2%   208 1390s
  7781  5984 8441.64464  152   14 8747.54000 4966.54099  43.2%   207 1419s
  7795  5986 8489.24000  159    - 8747.54000 4966.54099  43.2%   207 1423s
  7892  5996 6824.43441  134  113 8747.54000 4967.55670  43.2%   207 1425s
  8009  6064     cutoff  171      8747.54000 4969.01637  43.2%   206 1447s
  8084  6319 5685.05217   72  256 8747.54000 4970.62610  43.2%   208 1483s
  8154  6319 7180.43527  142   18 8747.54000 4970.62610  43.2%   208 1485s
  8431  6404     cutoff  210      8747.54000 4971.10206  43.2%   205 1510s
  8532  6603 5590.75800   70  221 8747.54000 4971.91241  43.2%   207 1543s
  8546  6603 5746.94430   84  177 8747.54000 4971.91241  43.2%   207 1546s
  8772  6738 8334.82000  187   10 8747.54000 4972.79571  43.2%   206 1575s
  8927  6830 8612.73000  188   44 8747.54000 4974.58718  43.1%   206 1608s
  9041  6938 5322.06878   66  397 8747.54000 4974.64368  43.1%   207 1635s
  9151  7172 6276.35133  117  171 8747.54000 4976.13865  43.1%   209 1675s
  9263  7177 8450.43000  224    6 8747.54000 4976.13865  43.1%   208 1680s
  9429  7393     cutoff  237      8747.54000 4976.69454  43.1%   208 1713s
  9477  7393 6013.07961  130   61 8747.54000 4977.44483  43.1%   209 1718s
  9620  7395 6559.22806  178   20 8747.54000 4977.44483  43.1%   207 1720s
  9691  7508 5136.87281   59  290 8747.54000 4977.44483  43.1%   207 1744s
  9796  7596 5269.79149   78  236 8747.54000 4977.44483  43.1%   209 1772s
  9933  7804 5550.62721  100  145 8747.54000 4981.57992  43.1%   209 1804s
  9947  7804 5657.46135  107  153 8747.54000 4981.57992  43.1%   209 1814s
 10003  7804 5948.15251  135   94 8747.54000 4981.57992  43.1%   209 1815s
 10164  7930 7175.76319  190   31 8747.54000 4983.16825  43.0%   208 1842s
 10323  8005     cutoff  252      8747.54000 4983.47588  43.0%   209 1868s
 10411  8167 5371.55096   57  340 8747.54000 4984.14097  43.0%   211 1899s
 10456  8167 6040.94812   73  232 8747.54000 4984.14097  43.0%   212 1900s
 10581  8385 6246.14322   76  231 8747.54000 4984.14097  43.0%   212 1939s
 10595  8385 6321.29609   80  232 8747.54000 4984.14097  43.0%   212 1943s
 10705  8385 8060.72591  131   50 8747.54000 4984.14097  43.0%   212 1945s
 10840  8595 7212.45053  102  150 8747.54000 4984.43324  43.0%   211 1979s
 10882  8595 7759.89552  112  153 8747.54000 4984.43324  43.0%   211 1980s
 11071  8721 5133.84632   41  416 8747.54000 4984.46744  43.0%   211 2005s
 11197  8923 6085.91927   99  178 8747.54000 4984.51027  43.0%   211 2034s
 11253  8923 6969.73423  155   21 8747.54000 4984.51027  43.0%   211 2035s
 11444  8998 7800.24000  183    - 8747.54000 4985.49998  43.0%   210 2061s
 11521  9181 8047.35750  183   28 8747.54000 4986.73364  43.0%   212 2089s
 11597  9188 5344.46916   66  289 8747.54000 4986.73364  43.0%   212 2090s
 11792  9232 infeasible  208      8747.54000 4986.83468  43.0%   210 2118s
 11855  9299 5198.77863   56  328 8747.54000 4987.34460  43.0%   212 2147s
 11942  9430 5402.40401   79  214 8747.54000 4987.34460  43.0%   213 2173s
 12013  9430 5716.80437  114  152 8747.54000 4987.34460  43.0%   214 2175s
 12075  9743 5658.50767  121   27 8747.54000 4988.36265  43.0%   214 2212s
 12260  9769 5188.14203   54  315 8747.54000 4988.36265  43.0%   213 2215s
 12456  9851 6848.55792  193   14 8747.54000 4988.38168  43.0%   212 2247s
 12579 10021 8172.37177  227    7 8747.54000 4988.42074  43.0%   212 2276s
 12772 10122     cutoff  233      8747.54000 4989.23199  43.0%   212 2304s
 12878 10223 5507.08883   69  313 8747.54000 4989.23199  43.0%   213 2332s
 13005 10383 5696.65459   85  356 8747.54000 4990.28877  43.0%   212 2361s
 13190 10528 5126.31460   45  368 8747.54000 4991.25687  42.9%   211 2391s
 13350 10698 5933.57645   93  238 8747.54000 4992.46550  42.9%   212 2419s
 13392 10698 6470.25391  135  149 8747.54000 4992.46550  42.9%   212 2420s
 13532 11032 5542.62921   62  311 8747.54000 4992.95624  42.9%   212 2457s
 13583 11032 6516.61210  113  115 8747.54000 4992.95624  42.9%   212 2460s
 13946 11120     cutoff  199      8747.54000 4994.58560  42.9%   209 2491s
 14034 11271 5431.59821   54  398 8747.54000 4994.95300  42.9%   210 2520s
 14198 11336 6954.37367  146   52 8747.54000 4994.98052  42.9%   210 2551s
 14319 11503 7778.72000  186   32 8747.54000 4995.25250  42.9%   210 2594s
 14347 11509 8046.62833  196   16 8747.54000 4995.25250  42.9%   210 2597s
 14504 11655     cutoff  239      8747.54000 4995.26188  42.9%   210 2626s
 14652 11904 6407.28112   95  163 8747.54000 4995.41544  42.9%   211 2658s
 14766 11905 8086.53214  208   29 8747.54000 4995.41544  42.9%   210 2660s
 14975 11992 5190.96225   49  368 8747.54000 4995.41666  42.9%   209 2690s
 15031 12116 5288.30464   65  186 8747.54000 4995.41666  42.9%   210 2718s
 15155 12276 5627.38079   94  211 8747.54000 4995.41666  42.9%   211 2743s
 15227 12276 5759.61381  119  168 8747.54000 4995.41666  42.9%   212 2745s
 15315 12555 5885.30287  126  103 8747.54000 4995.69520  42.9%   212 2774s
 15371 12555 6059.76440  145  117 8747.54000 4995.69520  42.9%   212 2775s
 15660 12733 5181.81373   41  523 8747.54000 4995.69520  42.9%   211 2808s
 15758 12733 6193.36118  108  105 8747.54000 4995.69520  42.9%   211 2810s
 15838 12735 6154.21134   84  182 8747.54000 4995.69520  42.9%   211 2857s
 15840 13006 6200.38905   85  167 8747.54000 4995.71431  42.9%   211 2887s
 15998 13015 6681.69090  146  100 8747.54000 4996.04929  42.9%   210 2890s
 16208 13137 infeasible  201      8747.54000 4996.41776  42.9%   209 2919s
 16342 13243 5391.73037   54  387 8747.54000 4996.41776  42.9%   209 2949s
 16357 13243 5726.90312   62  363 8747.54000 4996.41776  42.9%   210 2950s
 16468 13346 5867.25275   66  304 8747.54000 4996.41776  42.9%   210 2981s
 16572 13533 6510.85020   89  234 8747.54000 4996.41776  42.9%   211 3015s
 16779 13721 7359.80005  109  139 8747.54000 4996.79315  42.9%   211 3052s
 16933 13721 8666.65000  159    - 8747.54000 4996.79315  42.9%   210 3055s
 17010 13786     cutoff  160      8747.54000 4997.11393  42.9%   210 3078s
 17075 13919 5263.68897   59  267 8747.54000 4997.33756  42.9%   211 3103s
 17203 14045 5621.57957   99  157 8747.54000 4997.33756  42.9%   212 3134s
 17231 14045 5647.69647  113   21 8747.54000 4997.33756  42.9%   212 3135s
 17331 14323 6066.05713  129  108 8747.54000 4997.43305  42.9%   212 3168s
 17450 14324 7301.28877  169    6 8747.54000 4997.43305  42.9%   211 3170s
 17770 14434 7735.20000  188   13 8747.54000 4997.91823  42.9%   210 3200s
 17863 14513 8301.76000  198   12 8747.54000 4998.35664  42.9%   211 3228s
 17977 14579 8319.32000  199    8 8747.54000 4998.66692  42.9%   211 3252s
*17986 14222             200    8402.8200000 4998.66692  40.5%   211 3252s
 18075 14299     cutoff  200      8402.82000 4998.85180  40.5%   212 3277s
*18085 14223             200    8355.8200000 4998.85180  40.2%   212 3278s
 18162 14237 8328.31000  217    8 8355.82000 4998.87627  40.2%   212 3280s
 18225 14313     cutoff  200      8355.82000 4999.43159  40.2%   212 3305s
 18303 14561 5555.18687   87  200 8355.82000 5000.39898  40.2%   213 3340s
 18676 14647 infeasible  228      8355.82000 5000.46046  40.2%   211 3373s
 18744 14955 5644.62509   63  402 8355.82000 5000.61493  40.2%   212 3403s
 18822 14955 6863.95705  141   10 8355.82000 5000.61493  40.2%   212 3405s
 19127 15006 8332.93250  211   23 8355.82000 5001.72736  40.1%   210 3435s
 19185 15079 8345.54000  211    - 8355.82000 5002.37032  40.1%   211 3462s
 19266 15242 5209.84680   51  458 8355.82000 5002.37032  40.1%   212 3498s
 19426 15376 5394.75537   68  239 8355.82000 5002.37032  40.1%   212 3526s
 19590 15603 5767.32114  115   80 8355.82000 5002.59337  40.1%   212 3557s
 19789 15612 7053.96000  184    4 8355.82000 5002.59337  40.1%   211 3560s
 19891 15777 8041.96000  197    - 8355.82000 5004.14530  40.1%   211 3588s
 20052 15796     cutoff  197      8355.82000 5004.22455  40.1%   211 3600s

Cutting planes:
  User: 4653
  Gomory: 39
  Cover: 516
  Implied bound: 76
  Clique: 8
  MIR: 214
  StrongCG: 4
  Flow cover: 524
  Zero half: 21
  RLT: 350
  Relax-and-lift: 10
  Lazy constraints: 5481

Explored 20115 nodes (4264104 simplex iterations) in 3600.75 seconds
Thread count was 2 (of 32 available processors)

Solution count 10: 8355.82 8402.82 8747.54 ... 11506.8

Time limit reached
Best objective 8.355820000000e+03, best bound 5.004561085239e+03, gap 40.1069%

User-callback calls 409632, time in user-callback 349.74 sec
================================================================================
executing instance: ./input/Instances/Original/5/absH3low_4n25.dat
--------------------------------------------------------------------------------
Instance details
n	26
H	3
C	2029
Li:
[0, 0, 0, 0, 0, 0, 0, 0, 0, 0, 0, 0, 0, 0, 0, 0, 0, 0, 0, 0, 0, 0, 0, 0, 0, 0, ]
Ui:
[0, 34, 165, 76, 88, 188, 58, 279, 52, 132, 198, 142, 135, 165, 186, 58, 201, 196, 40, 183, 32, 90, 168, 126, 93, 146, ]
Distance matrix:
|0	299	188	235	91	202	152	147	162	277	268	132	71	162	220	69	220	289	241	124	265	80	162	132	66	302	|
|299	0	468	431	282	142	317	425	443	569	193	178	359	302	422	231	93	28	511	325	457	242	434	215	240	601	|
|188	468	0	153	265	342	308	43	192	106	455	290	117	206	142	246	379	464	252	274	360	267	211	319	231	184	|
|235	431	153	0	326	289	386	145	321	240	482	269	184	129	15	258	339	436	393	355	477	305	336	354	237	334	|
|91	282	265	326	0	228	66	228	166	339	196	157	154	242	311	99	225	264	229	50	201	47	153	71	115	340	|
|202	142	342	289	228	0	285	301	363	447	255	73	245	161	281	139	53	151	440	278	428	181	360	187	136	495	|
|152	317	308	386	66	285	0	275	167	368	188	217	207	308	371	163	274	295	210	34	145	108	148	104	181	350	|
|147	425	43	145	228	301	275	0	179	146	415	248	76	172	131	203	337	421	248	242	341	227	195	279	188	211	|
|162	443	192	321	166	363	167	179	0	216	352	291	152	302	307	225	375	428	81	138	170	201	22	237	227	183	|
|277	569	106	240	339	447	368	146	216	0	535	391	210	312	232	341	481	562	245	335	381	352	238	402	329	106	|
|268	193	455	482	196	255	188	415	352	535	0	225	339	367	469	224	212	165	398	214	302	188	335	136	245	533	|
|132	178	290	269	157	73	217	248	291	391	225	0	183	145	258	66	91	175	367	207	358	110	287	127	67	431	|
|71	359	117	184	154	245	207	76	152	210	339	183	0	152	169	131	274	352	232	174	294	151	161	203	119	251	|
|162	302	206	129	242	161	308	172	302	312	367	145	152	0	120	153	210	308	383	284	426	208	309	249	132	383	|
|220	422	142	15	311	281	371	131	307	232	469	258	169	120	0	245	330	427	379	340	461	291	321	340	224	324	|
|69	231	246	258	99	139	163	203	225	341	224	66	131	153	245	0	152	222	301	147	299	57	221	97	22	371	|
