




arguments: ./build/mirp_solver -f ./input/orig_exec_379.cfg
Current dir: /scratch/gui/bnc_mirp
File verbosity level: 9
date       time         ( uptime  ) [ thread name/id ]                   file:line     v| 
2021-01-29 02:15:57.422 (   0.111s) [main thread     ]             loguru.cpp:789   INFO| Logging to './output/vi_vr/OU/V4/Original/execution_29_01_2021_02_15_57.log', mode: 'a', verbosity: 9
--------------------------------------------------------------------------------
Parameters
                           instance_path           ./input/Instances/Original/6/
                            model_policy                                       1
                             nb_vehicles                                       4
                              output_dir          ./output/vi_vr/OU/V4/Original/
                            sec_strategy                                       1
                       solver_nb_threads                                       2
                         solver_show_log                                    true
                       solver_time_limit                                    3600
                              use_vi_cos                                   false
                              use_vi_cus                                   false
                         use_vi_hc1_full                                   false
                         use_vi_hc1_half                                   false
                      use_vi_hc1_quarter                                   false
                              use_vi_hc2                                   false
                              use_vi_hc3                                   false
                         use_vi_lex_full                                   false
                         use_vi_lex_half                                   false
                      use_vi_lex_quarter                                   false
                              use_vi_qua                                   false
                               use_vi_vc                                   false
                               use_vi_vr                                    true
--------------------------------------------------------------------------------
executing instance: ./input/Instances/Original/6/absH6high_1n25.dat
--------------------------------------------------------------------------------
Instance details
n	26
H	6
C	1711
Li:
[0, 0, 0, 0, 0, 0, 0, 0, 0, 0, 0, 0, 0, 0, 0, 0, 0, 0, 0, 0, 0, 0, 0, 0, 0, 0, ]
Ui:
[0, 168, 176, 34, 66, 36, 177, 106, 118, 182, 64, 141, 189, 63, 46, 111, 182, 231, 36, 66, 68, 54, 132, 90, 246, 75, ]
Distance matrix:
|0	191	200	231	334	329	146	196	208	245	218	164	283	394	151	358	156	196	309	253	201	260	127	138	130	104	|
|191	0	226	229	278	146	328	216	390	417	327	293	195	334	106	296	171	122	472	151	12	411	280	53	190	130	|
|200	226	0	38	149	359	321	10	276	274	418	364	139	204	121	173	321	115	303	141	225	236	155	202	311	256	|
|231	229	38	0	110	352	358	37	314	310	448	395	108	167	129	135	342	109	336	120	226	268	194	213	335	277	|
|334	278	149	110	0	367	467	147	422	413	546	495	86	61	203	25	423	163	429	129	271	363	303	282	424	361	|
|329	146	359	352	367	0	453	349	533	562	411	393	282	411	245	378	250	244	617	245	141	556	426	195	284	243	|
|146	328	321	358	467	453	0	321	162	215	160	112	425	524	297	491	223	341	284	397	339	266	186	276	184	210	|
|196	216	10	37	147	349	321	0	281	281	414	360	132	203	112	171	315	105	311	132	216	244	159	193	305	249	|
|208	390	276	314	422	533	162	281	0	54	321	271	410	471	316	445	348	348	123	398	398	115	125	338	313	309	|
|245	417	274	310	413	562	215	281	54	0	375	323	413	457	334	435	393	361	70	406	424	69	139	367	359	349	|
|218	327	418	448	546	411	160	414	321	375	0	57	484	606	347	569	163	393	444	446	339	421	318	288	137	199	|
|164	293	364	395	495	393	112	360	271	323	57	0	437	556	300	519	144	346	393	401	305	367	261	249	109	163	|
|283	195	139	108	86	282	425	132	410	413	484	437	0	139	137	101	349	91	443	44	187	375	286	206	355	291	|
|394	334	204	167	61	411	524	203	471	457	606	556	139	0	264	38	483	222	467	183	326	403	356	341	484	421	|
|151	106	121	129	203	245	297	112	316	334	347	300	137	264	0	225	220	46	381	102	106	316	195	84	221	158	|
|358	296	173	135	25	378	491	171	445	435	569	519	101	38	225	0	444	184	450	145	288	384	328	303	446	383	|
|156	171	321	342	423	250	223	315	348	393	163	144	349	483	220	444	0	261	460	308	183	415	284	143	39	65	|
|196	122	115	109	163	244	341	105	348	361	393	346	91	222	46	184	261	0	402	56	118	336	224	119	264	200	|
|309	472	303	336	429	617	284	311	123	70	444	393	443	467	381	450	460	402	0	442	477	68	192	424	426	413	|
|253	151	141	120	129	245	397	132	398	406	446	401	44	183	102	145	308	56	442	0	143	375	273	164	315	251	|
|201	12	225	226	271	141	339	216	398	424	339	305	187	326	106	288	183	118	477	143	0	416	286	63	202	142	|
|260	411	236	268	363	556	266	244	115	69	421	367	375	403	316	384	415	336	68	375	416	0	135	365	384	363	|
|127	280	155	194	303	426	186	159	125	139	318	261	286	356	195	328	284	224	192	273	286	135	0	232	256	229	|
|138	53	202	213	282	195	276	193	338	367	288	249	206	341	84	303	143	119	424	164	63	365	232	0	153	89	|
|130	190	311	335	424	284	184	305	313	359	137	109	355	484	221	446	39	264	426	315	202	384	256	153	0	64	|
|104	130	256	277	361	243	210	249	309	349	199	163	291	421	158	383	65	200	413	251	142	363	229	89	64	0	|

--------------------------------------------------------------------------------
Building model...
	using lazy and cut (CVRPSEP package)
Solving IRP LP...
--------------------------------------------------------------------------------

Gurobi 9.1.0 (linux64) logging started Fri Jan 29 02:15:58 2021

Gurobi Optimizer version 9.1.0 build v9.1.0rc0 (linux64)
Thread count: 32 physical cores, 32 logical processors, using up to 2 threads
Optimize a model with 2336 rows, 9206 columns and 22316 nonzeros
Model fingerprint: 0xf77572ff
Variable types: 782 continuous, 8424 integer (624 binary)
Coefficient statistics:
  Matrix range     [1e+00, 4e+02]
  Objective range  [1e-01, 6e+02]
  Bounds range     [1e+00, 2e+02]
  RHS range        [1e+01, 3e+03]
Presolve removed 821 rows and 509 columns
Presolve time: 0.05s
Presolved: 1515 rows, 8697 columns, 19820 nonzeros
Variable types: 735 continuous, 7962 integer (7380 binary)

Root relaxation: objective 1.429673e+04, 2153 iterations, 0.05 seconds

    Nodes    |    Current Node    |     Objective Bounds      |     Work
 Expl Unexpl |  Obj  Depth IntInf | Incumbent    BestBd   Gap | It/Node Time

     0     0 14296.7307    0  243          - 14296.7307      -     -    0s
     0     0 14519.8735    0  231          - 14519.8735      -     -    0s
     0     0 14538.4318    0  240          - 14538.4318      -     -    0s
     0     0 14544.7685    0  225          - 14544.7685      -     -    1s
     0     0 14544.8285    0  236          - 14544.8285      -     -    1s
     0     0 14797.5276    0  240          - 14797.5276      -     -    1s
     0     0 14929.9774    0  241          - 14929.9774      -     -    1s
     0     0 14943.5922    0  240          - 14943.5922      -     -    1s
     0     0 14946.9199    0  271          - 14946.9199      -     -    1s
     0     0 14974.3061    0  271          - 14974.3061      -     -    1s
     0     0 14988.9127    0  259          - 14988.9127      -     -    1s
     0     0 14996.6365    0  267          - 14996.6365      -     -    1s
     0     0 14997.9276    0  291          - 14997.9276      -     -    1s
     0     0 14998.7723    0  270          - 14998.7723      -     -    1s
     0     0 14998.8284    0  275          - 14998.8284      -     -    1s
     0     0 15530.9747    0  354          - 15530.9747      -     -    2s
     0     0 15605.8591    0  311          - 15605.8591      -     -    2s
     0     0 15623.1857    0  317          - 15623.1857      -     -    2s
     0     0 15629.4085    0  332          - 15629.4085      -     -    2s
     0     0 15635.6673    0  328          - 15635.6673      -     -    2s
     0     0 15637.9760    0  366          - 15637.9760      -     -    2s
     0     0 15639.6606    0  364          - 15639.6606      -     -    2s
     0     0 15658.2404    0  358          - 15658.2404      -     -    2s
     0     0 15667.9278    0  336          - 15667.9278      -     -    2s
     0     0 15669.8908    0  318          - 15669.8908      -     -    2s
     0     0 15670.2829    0  316          - 15670.2829      -     -    3s
     0     0 15911.2958    0  340          - 15911.2958      -     -    3s
     0     0 16104.8640    0  263          - 16104.8640      -     -    3s
     0     0 16119.5868    0  323          - 16119.5868      -     -    3s
     0     0 16125.6351    0  354          - 16125.6351      -     -    3s
     0     0 16128.4438    0  368          - 16128.4438      -     -    3s
     0     0 16151.5098    0  364          - 16151.5098      -     -    4s
     0     0 16159.2615    0  431          - 16159.2615      -     -    4s
     0     0 16162.9678    0  395          - 16162.9678      -     -    4s
     0     0 16165.6921    0  402          - 16165.6921      -     -    4s
     0     0 16169.5446    0  417          - 16169.5446      -     -    4s
     0     0 16171.9717    0  398          - 16171.9717      -     -    4s
     0     0 16176.6663    0  405          - 16176.6663      -     -    4s
     0     0 16176.6844    0  414          - 16176.6844      -     -    4s
     0     0 16227.4377    0  277          - 16227.4377      -     -    4s
     0     0 16228.7798    0  299          - 16228.7798      -     -    4s
     0     0 16275.1980    0  397          - 16275.1980      -     -    5s
     0     0 16284.3798    0  350          - 16284.3798      -     -    5s
     0     0 16290.9582    0  379          - 16290.9582      -     -    5s
     0     0 16291.7181    0  392          - 16291.7181      -     -    5s
     0     0 16303.3301    0  417          - 16303.3301      -     -    6s
     0     0 16313.0857    0  344          - 16313.0857      -     -    7s
     0     2 16313.0857    0  344          - 16313.0857      -     -    8s
     9    12 16353.8753    3  347          - 16328.5679      -   491   10s
    40    44 16539.5707   13  383          - 16328.5679      -   573   15s
   115   120 16841.9402   42  370          - 16328.5679      -   391   20s
   182   189 17104.8845   59  310          - 16328.5679      -   369   25s
   266   278 17276.9634   76  300          - 16328.5679      -   324   30s
   382   408 18022.2337   90  267          - 16328.5679      -   271   36s
   490   493 18483.7216  102  251          - 16328.5679      -   237   41s
   715   699 18997.9332  138  246          - 16328.5679      -   182   45s
   827   815 19536.4755  210  156          - 16328.5679      -   177   50s
   933   922 20651.4759  273  107          - 16351.0427      -   175   55s
   980   936 18124.6268   93  395          - 16351.0427      -   178   60s
   994   946 18615.7114  146  578          - 16765.0859      -   176   65s
  1004   952 19842.2632  225  559          - 16797.4378      -   174   70s
  1016   960 19425.6310  208  558          - 16815.0240      -   172   75s
  1027   969 21482.0173  264  267          - 16816.1089      -   203   80s
  1044   980 19177.7238  182  573          - 16816.2945      -   200   85s
  1050   984 18572.4282  146  547          - 16817.1268      -   199   90s
  1052   988 16818.0873   21  506          - 16817.9205      -   216   97s
  1054   990 16818.8898   22  510          - 16818.8898      -   216  102s
  1058   992 16819.8513   23  497          - 16819.8513      -   217  105s
  1066  1000 16822.8958   25  489          - 16819.8851      -   222  110s
  1082  1011 16845.5125   30  471          - 16819.8851      -   233  116s
  1098  1021 16840.7606   34  544          - 16819.8851      -   243  120s
  1120  1037 16859.9551   39  535          - 16819.8851      -   256  126s
  1137  1052 16961.1597   42  494          - 16819.8851      -   265  130s
  1173  1078 16961.2221   49  489          - 16819.8851      -   275  135s
  1199  1093 17011.6330   57  425          - 16819.8851      -   284  140s
  1230  1114 17080.0139   65  488          - 16819.8851      -   294  146s
  1258  1136 17064.1771   73  441          - 16819.8851      -   305  151s
  1280  1150 17076.5454   78  417          - 16819.8851      -   314  156s
  1302  1165 17079.4196   83  483          - 16819.8851      -   324  161s
  1330  1179 17090.7237   90  460          - 16819.8851      -   332  166s
  1354  1208 17109.6608   98  376          - 16819.8851      -   337  171s
  1396  1238 17118.5317  109  358          - 16819.8851      -   343  177s
  1418  1251 17132.1780  116  358          - 16819.8851      -   346  180s
  1462  1281 17152.3665  128  391          - 16819.8851      -   350  188s
  1483  1299 17156.2876  134  333          - 16819.8851      -   352  191s
  1508  1313 17165.9538  141  352          - 16819.8851      -   356  195s
  1554  1349 17180.7036  155  334          - 16819.8851      -   365  202s
  1582  1362 17188.0228  163  350          - 16819.8851      -   368  206s
  1604  1380 17196.5216  169  376          - 16819.8851      -   374  211s
  1630  1403 17204.5857  177  374          - 16819.8851      -   378  215s
  1661  1421 17207.2780  184  402          - 16819.8851      -   382  220s
  1708  1439 17748.1755  169  493          - 16819.8851      -   389  225s
  1760  1500 17250.0209  213  389          - 16819.8851      -   393  234s
  1802  1530 17272.2050  225  379          - 16819.8851      -   396  239s
  1846  1562 17286.0152  238  375          - 16819.8851      -   398  245s
  1892  1594 17333.0413  248  307          - 16819.8851      -   399  250s
  1940  1623 17359.5192  262  411          - 16819.8851      -   401  256s
  1985  1653 17500.2624  274  324          - 16819.8851      -   403  261s
  2030  1698 17433.7999  289  339          - 16819.8851      -   405  268s
  2090  1736 17447.2014  305  352          - 16819.8851      -   405  274s
  2148  1773 17458.3526  319  360          - 16819.8851      -   406  281s
  2204  1814 17470.3018  335  365          - 16819.8851      -   407  288s
  2264  1880 17815.0788  358  331          - 16819.8851      -   405  295s
  2350  1954 18048.4071  386  254          - 16819.8851      -   402  303s
  2452  2007 18243.8981  422  265          - 16819.8851      -   398  312s
  2539  2079 18428.7574  456  237          - 16819.8851      -   395  320s
  2640  2175 18608.2567  495  241          - 16819.8851      -   392  329s
  2731  2145 18724.1652  540  217          - 16819.8851      -   385  330s
  2770  2272 18758.5904  544  261          - 16819.8851      -   385  341s
  2910  2306 18865.2046  596  218          - 16819.8851      -   377  362s
  2991  2459 19178.5133  620  161          - 16819.8851      -   374  372s
  3171  2598 19094.5107  683  146          - 16819.8851      -   365  383s
  3370  2705 19387.5295  756  142          - 16819.8851      -   355  395s
  3543  2829 20212.5954  817  145          - 16819.8851      -   349  406s
  3725  2988 20102.8021  880  121          - 16819.8851      -   343  418s
  3945  3136 20054.6906  951  188          - 16819.8851      -   334  430s
  4168  3366 20328.0797 1022  179          - 16819.9917      -   326  444s
  4535  3465 16884.8008   25  504          - 16819.9917      -   309  457s
  4634  3568 17016.9159   33  544          - 16819.9917      -   308  467s
  4737  3682 17007.6884   45  582          - 16819.9917      -   308  478s
  4851  3788 17099.5211   57  499          - 16819.9917      -   308  490s
  4957  3927 17146.1173   67  518          - 16819.9917      -   307  502s
  5098  4124 17532.4760   80  447          - 16819.9917      -   306  516s
  5297  4346 17437.1243   93  445          - 16819.9917      -   302  531s
  5531  4702 17482.4569  107  473          - 16819.9917      -   298  547s
  5857  4702 22483.6016 1185  120          - 16819.9917      -   288  550s
  5893  5013 17532.9866  122  458          - 16819.9917      -   287  565s
  6291  5073 17598.4320  139  464          - 16819.9917      -   276  579s
  6351  5159 17646.9877  156  470          - 16819.9917      -   279  591s
  6437  5246 17674.1922  175  412          - 16819.9917      -   280  603s
  6524  5348 17740.5217  196  369          - 16819.9917      -   281  616s
  6626  5466 17794.9464  216  410          - 16819.9917      -   282  629s
  6744  5640 17837.8403  238  385          - 16819.9917      -   282  642s
  6918  5915 17874.1354  265  364          - 16819.9917      -   280  660s
  7193  6160 17946.0884  294  439          - 16819.9917      -   274  676s
  7438  6473 17991.3509  330  340          - 16819.9917      -   269  694s
  7754  6813 18076.4562  376  339          - 16819.9917      -   264  716s
  8189  6979 18219.7660  436  295          - 16819.9917      -   256  733s
  8355  7111 18312.3641  506  303          - 16819.9917      -   256  748s
  8487  7268 18333.7063  557  333          - 16819.9917      -   258  763s
  8644  7455 18381.2787  613  315          - 16819.9917      -   258  785s
  8831  7634 18742.0985  679  197          - 16819.9917      -   258  803s
  9010  7948 18506.1642  750  240          - 16819.9917      -   257  820s
  9324  8317 18629.0836  844  264          - 16819.9917      -   253  838s
  9692  8317 18263.5803  405  413          - 16819.9917      -   248  842s
  9693  8665 18756.0899  935  240          - 16819.9917      -   248  857s
 10043  9262 19403.0533 1035  232          - 16831.9164      -   243  877s
 10371  9262 20727.7956 1194  188          - 16831.9164      -   238  880s
 10757  9491 17063.2847   26  519          - 16831.9164      -   233  899s
 10990  9915 17161.2560   34  383          - 16831.9164      -   231  917s
 11452  9967 17232.6098   51  458          - 16831.9164      -   226  933s
 11504 10024 17332.0860   62  464          - 16831.9164      -   228  945s
 11561 10094 17429.4104   83  442          - 16831.9164      -   230  957s
 11631 10179 17561.1446  101  433          - 16831.9164      -   231  970s
 11716 10239 17659.2911  126  489          - 16831.9164      -   233  983s
 11776 10378 17777.4162  149  453          - 16831.9164      -   234  996s
 11915 10538 17917.5034  227  393          - 16831.9164      -   234 1009s
 12036 10538 17550.2675   83  414          - 16831.9164      -   233 1010s
 12077 10748 18104.2155  335  413          - 16831.9164      -   233 1023s
 12287 10929 18314.2264  485  463          - 16831.9164      -   232 1038s
 12468 11196 18695.5431  614  249          - 16831.9164      -   231 1053s
 12735 11448 18951.1863  761  328          - 16831.9164      -   229 1069s
 12875 11448 18161.6419  205  345          - 16831.9164      -   228 1070s
 12987 11875 19627.3848  851  276          - 16831.9164      -   227 1086s
 13416 12273 20572.5159 1056  223          - 16834.5933      -   223 1104s
 13881 12601 17072.0672   30  458          - 16834.5933      -   218 1122s
 14206 12601 20629.4888  861  185          - 16834.5933      -   216 1125s
 14209 13000 17195.5152   46  442          - 16834.5933      -   216 1140s
 14641 13000 23280.6485 1060   59          - 16834.5933      -   212 1145s
 14655 13042 17354.7617   58  401          - 16834.5933      -   212 1156s
 14697 13097 17443.1164   63  443          - 16834.5933      -   213 1168s
 14752 13230 17603.3358   86  289          - 16834.5933      -   215 1181s
 14885 13382 17822.5551  176  299          - 16834.5933      -   215 1194s
 14983 13382 18037.9717  250  338          - 16834.5933      -   214 1195s
 15037 13491 18138.2005  251  385          - 16834.5933      -   215 1208s
 15146 13714 18257.3074  313  304          - 16834.5933      -   215 1221s
 15369 13995 18642.4429  448  292          - 16834.5933      -   214 1236s
 15650 14301 19052.7190  581  253          - 16834.5933      -   212 1251s
 15968 14869 19859.0001  699  202          - 16834.5933      -   210 1270s
 16548 15054 21136.8582  892  132          - 16834.6643      -   205 1291s
 16842 15410 17107.0642   31  479          - 16834.6643      -   204 1308s
 17224 15973 17206.3246   43  458          - 16834.6643      -   201 1329s
 17336 15973 23127.4520  993   69          - 16834.6643      -   201 1330s
 17747 15973 25744.9765 1181   28          - 16834.6643      -   198 1335s
 17863 16018 17298.7836   60  459          - 16834.6643      -   197 1346s
 17908 16075 17512.5296   74  375          - 16834.6643      -   198 1357s
 17965 16144 17655.9120   95  464          - 16834.6643      -   199 1369s
 18034 16292 17747.9247  117  412          - 16834.6643      -   199 1381s
 18182 16484 17894.8422  204  416          - 16834.6643      -   199 1393s
 18374 16733 18105.4679  307  393          - 16834.6643      -   198 1406s
 18623 16975 18614.3291  435  377          - 16834.6643      -   197 1420s
 18865 17231 18946.8088  551  342          - 16834.6643      -   196 1435s
 19125 17714 19284.5804  665  284          - 16834.6643      -   195 1450s
 19608 18545 20545.5861  953  194          - 16834.6643      -   192 1469s
 19719 18545 20620.8195 1032  205          - 16834.6643      -   191 1470s
 20085 18545 23862.9148 1211   84          - 16834.6643      -   189 1475s
 20455 18915 infeasible 1229               - 16844.6461      -   187 1494s
 20480 18915 22211.1893  608  140          - 16844.7049      -   187 1495s
 20973 18956 17393.1695   34  384          - 16844.7049      -   184 1510s
 21014 18997 17538.9011   46  380          - 16844.7049      -   185 1520s
 21055 19055 17726.6586   55  363          - 16844.7049      -   186 1530s
 21113 19126 17774.5204   84  344          - 16844.7049      -   186 1541s
 21184 19262 17929.1266  101  400          - 16844.7049      -   187 1553s
 21299 19262 17874.3247  113  160          - 16844.7049      -   187 1555s
 21320 19780 18004.5089  143  389          - 16844.7049      -   187 1570s
 21764 19780 19031.7555  459   79          - 16844.7049      -   185 1575s
 21842 19979 18408.7676  172  327          - 16844.7049      -   184 1587s
 22077 20077 18435.5601  210  404          - 16844.7049      -   184 1600s
 22175 20185 18655.8623  276  304          - 16844.7049      -   184 1611s
 22283 20419 18979.7050  345  260          - 16844.7049      -   185 1623s
 22426 20419 19254.2704  468  276          - 16844.7049      -   184 1625s
 22517 20695 19315.0556  533  267          - 16844.7049      -   184 1638s
 22708 20695 20831.2051  632  115          - 16844.7049      -   183 1640s
 22797 21196 20936.3308  664  147          - 16844.7049      -   183 1655s
 23235 21196 22972.7581  972   99          - 16844.7049      -   181 1660s
 23329 21432 23400.7392  990   96          - 16846.1265      -   181 1673s
 23534 21432 24926.3012 1079   92          - 16846.1265      -   179 1675s
 23697 21520 17111.0699   27  479          - 16846.1265      -   179 1687s
 23785 21729 17175.0765   29  449          - 16846.1265      -   180 1699s
 23994 22097 17253.4132   38  465          - 16846.1265      -   179 1714s
 24372 22403 17246.5804   42  446          - 16846.1265      -   177 1730s
 24728 22431 17342.0405   48  487          - 16846.1265      -   176 1742s
 24756 22482 17450.1082   55  456          - 16846.1265      -   177 1753s
 24807 22527 17577.9274   81  423          - 16846.1265      -   178 1763s
 24852 22589 17717.8634   96  293          - 16846.1265      -   178 1773s
 24914 22638 17807.6956  119  347          - 16846.1265      -   179 1784s
 24950 22638 17514.0742   60  437          - 16846.1265      -   179 1785s
 24963 22756 18070.5938  141  348          - 16846.1265      -   179 1794s
 24996 22756 18155.7486  168  381          - 16846.1265      -   179 1795s
 25081 22874 18286.8379  205  418          - 16846.1265      -   179 1806s
 25201 23023 18506.3387  248  337          - 16846.1265      -   179 1817s
 25350 23234 18723.0238  317  313          - 16846.1265      -   179 1831s
 25563 23542 19586.9643  419  298          - 16846.1265      -   178 1844s
 25597 23542 19728.1253  440  236          - 16846.1265      -   178 1845s
 25873 23988 20186.9143  532  236          - 16848.1129      -   177 1862s
 26339 24441 17062.1525   32  414          - 16848.1129      -   175 1880s
 26787 24441 22683.3948  781  124          - 16848.1129      -   174 1885s
 26806 24520 17296.6732   39  417          - 16848.1129      -   174 1895s
 26917 24548 17292.8802   46  411          - 16848.1129      -   174 1906s
 26945 24580 17320.2811   53  384          - 16848.1129      -   174 1917s
 26977 24617 17398.8064   58  388          - 16848.1129      -   175 1927s
 27014 24666 17482.4915   71  411          - 16848.1129      -   176 1937s
 27063 24742 17673.6942   84  297          - 16848.1129      -   176 1948s
 27139 24847 17938.7138  103  228          - 16848.1129      -   177 1959s
 27172 24847 18150.1170  111  268          - 16848.1129      -   177 1960s
 27244 24985 18474.8921  130  223          - 16848.1129      -   177 1971s
 27382 25183 18834.7645  181  237          - 16848.1129      -   177 1984s
 27448 25183 19242.2043  226  161          - 16848.1129      -   177 1985s
 27580 25410 19259.0471  297  209          - 16848.1129      -   177 1998s
 27807 25674 19995.4253  415  251          - 16856.0878      -   177 2012s
 28105 25775 17232.0047   33  450          - 16856.0878      -   176 2026s
 28206 25893 17287.0161   40  440          - 16856.0878      -   176 2038s
 28324 26128 17327.6588   47  430          - 16856.0878      -   177 2051s
 28559 26453 17461.7274   55  448          - 16856.0878      -   176 2067s
 28886 26736 17551.8368   62  440          - 16856.0878      -   175 2086s
 29348 26789 17770.5536   88  420          - 16856.0878      -   174 2100s
 29401 26866 17899.4346  115  370          - 16856.0878      -   174 2111s
 29478 26964 18262.5318  155  268          - 16856.0878      -   175 2122s
 29576 27046 18441.3111  223  241          - 16856.0878      -   175 2133s
 29659 27194 18876.4565  259  250          - 16856.0878      -   175 2146s
 29807 27395 19126.2480  314  262          - 16856.0878      -   176 2158s
 29939 27395 19525.6249  401  237          - 16856.0878      -   175 2160s
 30008 27916 19570.8775  415  243          - 16856.0878      -   175 2174s
 30074 27916 19847.8665  466  164          - 16856.0878      -   175 2175s
 30544 28291 infeasible  754               - 16863.9942      -   174 2192s
 30860 28291 26269.6787  843   77          - 16863.9942      -   172 2195s
 30994 28391 17177.5266   29  508          - 16863.9942      -   172 2206s
 31094 28759 17246.5269   34  424          - 16863.9942      -   173 2220s
 31462 29280 17381.7830   43  433          - 16863.9942      -   172 2239s
 31486 29280 19065.8477  614  191          - 16863.9942      -   172 2240s
 32036 29280 24023.9322  920   65          - 16863.9942      -   170 2245s
 32050 29335 17548.6737   60  411          - 16863.9942      -   170 2256s
 32105 29385 17658.9904   84  409          - 16863.9942      -   171 2266s
 32155 29457 17974.1358   99  280          - 16863.9942      -   171 2277s
 32227 29564 17998.2158  142  303          - 16863.9942      -   172 2288s
 32334 29741 18259.3289  201  282          - 16863.9942      -   172 2299s
 32367 29741 18293.0993  228  277          - 16863.9942      -   172 2300s
 32511 30151 18484.6485  309  269          - 16863.9942      -   172 2313s
 32676 30151 18758.8623  465  230          - 16863.9942      -   171 2315s
 32921 30553 19155.3910  587  179          - 16865.6995      -   171 2330s
 33355 30645 17147.0058   28  444          - 16865.6995      -   170 2345s
 33447 30891 17248.5950   36  353          - 16865.6995      -   170 2359s
 33715 31277 17406.5983   41  439          - 16865.6995      -   170 2377s
 34124 31311 17419.9966   49  452          - 16865.6995      -   169 2389s
 34139 31311 17347.2457   31  328          - 16865.6995      -   169 2390s
 34158 31334 17562.0501   56  408          - 16865.6995      -   169 2400s
 34181 31389 17613.5282   62  393          - 16865.6995      -   169 2411s
 34236 31448 17826.1557   90  396          - 16865.6995      -   170 2422s
 34295 31527 18136.4735  115  394          - 16865.6995      -   170 2432s
 34374 31621 18339.6713  149  270          - 16865.6995      -   171 2443s
 34464 31621 17957.3404   97  385          - 16865.6995      -   171 2445s
 34468 31737 18491.7085  175  310          - 16865.6995      -   171 2455s
 34584 31980 18655.5329  211  205          - 16865.6995      -   171 2469s
 34650 31980 18784.1152  249  274          - 16865.6995      -   171 2470s
 34827 32263 18977.5565  346  206          - 16876.0667      -   171 2484s
 34893 32263 19037.6953  411  187          - 16876.0667      -   170 2485s
 35139 32360 17299.5655   28  415          - 16876.0667      -   170 2500s
 35236 32516 17490.2683   37  397          - 16876.0667      -   170 2513s
 35392 32671 17496.5056   43  476          - 16876.0667      -   170 2526s
 35547 32832 17651.4202   54  394          - 16876.0667      -   170 2540s
 35708 33011 17848.0924   83  361          - 16876.0667      -   170 2554s
 35887 33571 18090.7212  106  358          - 16876.0667      -   171 2573s
 36045 33571 22623.4175  677  189          - 16876.0667      -   170 2575s
 36563 33632 18097.8487  121  357          - 16876.0667      -   168 2589s
 36596 33632 18162.5195  140  452          - 16876.0667      -   169 2590s
 36619 33696 18368.6846  146  356          - 16876.0667      -   169 2601s
 36683 33824 18528.2468  183  303          - 16876.0667      -   169 2613s
 36811 33937 18771.4172  289  328          - 16876.0667      -   169 2625s
 36925 34100 19015.0732  374  282          - 16876.0667      -   169 2638s
 37057 34100 19376.3722  480  266          - 16876.0667      -   169 2640s
 37088 34260 19767.6199  493  261          - 16876.0667      -   169 2652s
 37250 34465 20225.2889  559  204          - 16876.0667      -   169 2666s
 37455 34595 20992.0817  668  187          - 16878.7722      -   169 2679s
 37521 34595 22273.4654  695  133          - 16878.7722      -   169 2680s
 37613 34662 17241.8165   45  428          - 16878.7722      -   169 2691s
 37680 34754 17452.5075   54  445          - 16878.7722      -   170 2703s
 37772 34887 17434.2812   61  415          - 16878.7722      -   170 2714s
 37909 35098 17557.8309   70  377          - 16878.7722      -   170 2727s
 38126 35243 17791.1667   89  437          - 16878.7722      -   170 2741s
 38297 35306 17873.3704  109  356          - 16878.7722      -   170 2753s
 38360 35415 18035.4372  142  250          - 16878.7722      -   170 2764s
 38393 35415 18148.6707  167  277          - 16878.7722      -   170 2765s
 38469 35652 18485.7459  209  304          - 16878.7722      -   170 2777s
 38710 36090 19648.4373  373  189          - 16882.2782      -   170 2793s
 38844 36090 20626.2412  455  148          - 16882.2782      -   170 2795s
 39210 36219 17044.5251   34  440          - 16882.2782      -   169 2809s
 39339 36541 17138.5879   39  433          - 16882.2782      -   169 2824s
 39452 36541 18436.6056  247  183          - 16882.2782      -   169 2825s
 39665 36629 17272.0945   44  414          - 16882.2782      -   169 2838s
 39779 36674 17404.0104   51  418          - 16882.2782      -   169 2849s
 39824 36735 17470.0012   65  398          - 16882.2782      -   169 2861s
 39885 36796 17630.8020  102  328          - 16882.2782      -   170 2874s
 39946 36866 17787.0062  132  378          - 16882.2782      -   170 2885s
 40016 36955 17959.6499  161  368          - 16882.2782      -   170 2896s
 40105 37114 18321.2816  197  236          - 16882.2782      -   171 2908s
 40247 37114 17621.3043   73  399          - 16882.2782      -   171 2910s
 40264 37313 18567.4007  267  185          - 16882.2782      -   171 2921s
 40463 37712 19008.4469  363  135          - 16882.2782      -   171 2937s
 40769 37712 21446.2564  557   95          - 16882.2782      -   170 2940s
 40906 38120 23588.6476  589   80          - 16883.4732      -   170 2955s
 41389 38244 17298.2159   35  380          - 16883.4732      -   169 2978s
 41504 38388 17464.3941   41  330          - 16883.4732      -   169 2992s
 41672 38444 17624.4547   46  362          - 16883.4732      -   169 3004s
 41728 38557 17826.4641   71  269          - 16883.4732      -   170 3016s
 41841 38737 18165.5664  136  238          - 16883.4732      -   170 3029s
 41909 38737 18389.3496  186  202          - 16883.4732      -   170 3030s
 42027 38871 19427.6166  256  132          - 16884.8008      -   170 3043s
 42185 38907 17226.1903   34  476          - 16884.8008      -   170 3055s
 42221 38975 17434.9062   38  476          - 16884.8008      -   170 3066s
 42289 39108 17486.0020   45  465          - 16884.8008      -   171 3078s
 42422 39336 17668.7810   56  435          - 16884.8008      -   171 3092s
 42678 39387 17757.9343   76  468          - 16884.8008      -   171 3106s
 42731 39467 17924.8577   98  339          - 16884.8008      -   171 3117s
 42811 39554 18261.2887  127  353          - 16884.8008      -   171 3128s
 42844 39554 18364.0287  138  311          - 16884.8008      -   172 3138s
 42900 39695 18526.9330  151  229          - 16884.8008      -   172 3150s
 43045 40143 19105.5776  215  146          - 16884.8008      -   172 3167s
 43250 40143 19565.1976  364  140          - 16884.8008      -   171 3177s
 43509 40297 20054.5525  549   85          - 16886.6622      -   171 3190s
 43683 40434 17212.7675   34  362          - 16886.6622      -   171 3203s
 43822 40714 17461.8290   51  428          - 16886.6622      -   171 3226s
 44106 40867 17699.0254  106  249          - 16886.6622      -   171 3240s
 44289 41059 18111.5584  211  184          - 16891.8820      -   171 3255s
 44517 41103 17210.5846   37  468          - 16891.8820      -   170 3274s
 44561 41186 17360.9520   44  513          - 16891.8820      -   171 3286s
 44644 41380 17544.4770   51  499          - 16891.8820      -   171 3299s
 44838 41494 17638.0978   57  432          - 16891.8820      -   171 3317s
 45014 41545 17665.4788   64  506          - 16891.8820      -   171 3329s
 45065 41597 17767.2947   84  434          - 16891.8820      -   171 3340s
 45117 41682 17968.2707  105  318          - 16891.8820      -   172 3352s
 45202 41892 18481.1731  137  264          - 16891.8820      -   172 3366s
 45416 42033 18955.5388  240  257          - 16891.9650      -   172 3381s
 45587 42262 17123.0303   34  470          - 16891.9650      -   172 3396s
 45822 42750 17246.8630   44  455          - 16891.9650      -   172 3415s
 46345 42827 17466.5932   50  420          - 16891.9650      -   171 3431s
 46448 42901 17572.2130   65  351          - 16891.9650      -   171 3442s
 46522 43027 17800.0133  102  236          - 16891.9650      -   171 3455s
 46648 43173 18050.7167  179  212          - 16891.9650      -   171 3468s
 46794 43427 18369.7899  245  308          - 16891.9650      -   171 3482s
 47070 44254 19483.5962  340  125          - 16891.9650      -   171 3502s
 47334 44254 20403.6283  524   81          - 16891.9650      -   170 3505s
 47913 44879 23746.3619  675   58          - 16893.1507      -   169 3526s
 48580 44899 17323.7475   44  377          - 16893.1507      -   168 3546s
 48639 44949 17431.4477   50  439          - 16893.1507      -   168 3558s
 48689 45011 17593.6539   70  404          - 16893.1507      -   168 3569s
 48725 45011 17781.2722   89  282          - 16893.1507      -   169 3573s
 48751 45087 17795.7551   90  310          - 16893.1507      -   169 3584s
 48827 45209 18025.2289  116  292          - 16893.1507      -   169 3596s
 48949 45237 18478.6030  172  201          - 16893.1507      -   169 3600s

Cutting planes:
  User: 6374
  Gomory: 69
  Cover: 536
  Implied bound: 59
  Clique: 11
  MIR: 395
  Flow cover: 837
  Zero half: 16
  Network: 6
  RLT: 433
  Relax-and-lift: 11
  Lazy constraints: 252

Explored 48979 nodes (8306375 simplex iterations) in 3600.31 seconds
Thread count was 2 (of 32 available processors)

Solution count 0

Time limit reached
Best objective -, best bound 1.689315069159e+04, gap -

User-callback calls 301713, time in user-callback 460.70 sec
================================================================================
executing instance: ./input/Instances/Original/6/absH6high_1n20.dat
--------------------------------------------------------------------------------
Instance details
n	21
H	6
C	1651
Li:
[0, 0, 0, 0, 0, 0, 0, 0, 0, 0, 0, 0, 0, 0, 0, 0, 0, 0, 0, 0, 0, ]
Ui:
[0, 36, 182, 182, 90, 261, 117, 30, 110, 42, 276, 153, 40, 94, 144, 46, 129, 213, 264, 160, 174, ]
Distance matrix:
|0	371	401	343	361	341	370	115	392	400	79	266	292	245	355	431	265	194	95	92	348	|
|371	0	37	141	110	250	117	438	67	131	372	305	115	238	247	255	235	296	392	430	185	|
|401	37	0	175	100	284	146	472	90	156	406	342	152	275	280	282	242	333	415	455	178	|
|343	141	175	0	239	110	38	374	95	60	314	182	67	130	106	127	318	201	397	423	303	|
|361	110	100	239	0	341	222	451	177	240	385	374	190	304	341	361	151	345	354	398	78	|
|341	250	284	110	341	0	143	337	203	151	289	102	152	97	15	95	394	156	415	431	398	|
|370	117	146	38	222	143	0	407	61	30	346	220	81	167	137	139	317	237	417	447	292	|
|115	438	472	374	451	337	407	0	443	434	66	241	339	251	351	431	374	181	201	177	450	|
|392	67	90	95	177	203	61	443	0	66	379	275	104	216	197	193	294	283	427	461	252	|
|400	131	156	60	240	151	30	434	66	0	374	237	112	189	142	127	344	261	448	477	312	|
|79	372	406	314	385	289	346	66	379	374	0	202	275	197	304	383	316	134	175	166	388	|
|266	305	342	182	374	102	220	241	275	237	202	0	191	70	117	196	386	73	352	359	415	|
|292	115	152	67	190	152	81	339	104	112	275	191	0	123	154	193	252	183	336	366	246	|
|245	238	275	130	304	97	167	251	216	189	197	70	123	0	110	187	322	72	319	334	346	|
|355	247	280	106	341	15	137	351	197	142	304	117	154	110	0	80	399	171	427	444	400	|
|431	255	282	127	361	95	139	431	193	127	383	196	193	187	80	0	444	251	499	519	429	|
|265	235	242	318	151	394	317	374	294	344	316	386	252	322	399	444	0	332	226	273	97	|
|194	296	333	201	345	156	237	181	283	261	134	73	183	72	171	251	332	0	279	286	375	|
|95	392	415	397	354	415	417	201	427	448	175	352	336	319	427	499	226	279	0	47	321	|
|92	430	455	423	398	431	447	177	461	477	166	359	366	334	444	519	273	286	47	0	368	|
|348	185	178	303	78	398	292	450	252	312	388	415	246	346	400	429	97	375	321	368	0	|

--------------------------------------------------------------------------------
Building model...
	using lazy and cut (CVRPSEP package)
Solving IRP LP...
--------------------------------------------------------------------------------

Gurobi 9.1.0 (linux64) logging started Fri Jan 29 03:16:01 2021

Gurobi Optimizer version 9.1.0 build v9.1.0rc0 (linux64)
Thread count: 32 physical cores, 32 logical processors, using up to 2 threads
Optimize a model with 1881 rows, 6171 columns and 15471 nonzeros
Model fingerprint: 0xe525f264
Variable types: 627 continuous, 5544 integer (504 binary)
Coefficient statistics:
  Matrix range     [1e+00, 4e+02]
  Objective range  [1e-01, 5e+02]
  Bounds range     [1e+00, 3e+02]
  RHS range        [1e+01, 3e+03]
Presolve removed 666 rows and 414 columns
Presolve time: 0.03s
Presolved: 1215 rows, 5757 columns, 13440 nonzeros
Variable types: 585 continuous, 5172 integer (4710 binary)

Root relaxation: objective 1.357215e+04, 1775 iterations, 0.04 seconds

    Nodes    |    Current Node    |     Objective Bounds      |     Work
 Expl Unexpl |  Obj  Depth IntInf | Incumbent    BestBd   Gap | It/Node Time

     0     0 13572.1487    0  200          - 13572.1487      -     -    0s
     0     0 13735.4313    0  212          - 13735.4313      -     -    0s
     0     0 13775.4378    0  219          - 13775.4378      -     -    0s
     0     0 13775.4886    0  210          - 13775.4886      -     -    0s
     0     0 14092.1811    0  227          - 14092.1811      -     -    0s
     0     0 14189.8441    0  226          - 14189.8441      -     -    0s
