




arguments: ./build/mirp_solver -f ./input/orig_exec_353.cfg
Current dir: /scratch/gui/bnc_mirp
File verbosity level: 9
date       time         ( uptime  ) [ thread name/id ]                   file:line     v| 
2021-01-23 14:50:56.390 (   0.193s) [main thread     ]             loguru.cpp:789   INFO| Logging to './output/vi_vr/OU/V4/Original/execution_23_01_2021_14_50_56.log', mode: 'a', verbosity: 9
--------------------------------------------------------------------------------
Parameters
                           instance_path           ./input/Instances/Original/4/
                            model_policy                                       1
                             nb_vehicles                                       4
                              output_dir          ./output/vi_vr/OU/V4/Original/
                            sec_strategy                                       1
                       solver_nb_threads                                       2
                         solver_show_log                                    true
                       solver_time_limit                                    3600
                              use_vi_cos                                   false
                              use_vi_cus                                   false
                         use_vi_hc1_full                                   false
                         use_vi_hc1_half                                   false
                      use_vi_hc1_quarter                                   false
                              use_vi_hc2                                   false
                              use_vi_hc3                                   false
                         use_vi_lex_full                                   false
                         use_vi_lex_half                                   false
                      use_vi_lex_quarter                                   false
                              use_vi_qua                                   false
                               use_vi_vc                                   false
                               use_vi_vr                                    true
--------------------------------------------------------------------------------
executing instance: ./input/Instances/Original/4/absH3low_3n30.dat
--------------------------------------------------------------------------------
Instance details
n	31
H	3
C	2841
Li:
[0, 0, 0, 0, 0, 0, 0, 0, 0, 0, 0, 0, 0, 0, 0, 0, 0, 0, 0, 0, 0, 0, 0, 0, 0, 0, 0, 0, 0, 0, 0, ]
Ui:
[0, 246, 98, 54, 144, 171, 192, 180, 165, 98, 122, 198, 297, 144, 130, 129, 219, 138, 142, 150, 108, 66, 64, 285, 180, 204, 276, 168, 240, 198, 122, ]
Distance matrix:
|0	172	56	166	260	198	42	197	296	110	91	112	238	275	323	183	330	232	175	181	162	191	232	280	201	139	356	185	266	216	26	|
|172	0	178	223	320	335	153	355	444	62	231	99	333	376	214	352	176	235	194	106	47	41	353	161	299	175	225	43	326	374	153	|
|56	178	0	110	204	162	93	233	336	125	144	148	187	226	358	180	313	284	123	152	182	185	282	252	256	88	329	177	210	251	42	|
|166	223	110	0	102	150	199	327	431	194	253	237	113	156	431	228	296	386	44	140	248	208	389	218	366	48	287	200	108	344	148	|
|260	320	204	102	0	156	296	391	493	296	340	339	66	90	531	263	362	486	127	226	349	300	469	278	454	148	334	292	6	406	245	|
|198	335	162	150	156	0	239	255	351	286	245	307	93	106	518	111	442	423	194	280	344	335	349	367	352	182	437	327	158	266	199	|
|42	153	93	199	296	239	0	203	296	91	82	76	278	316	284	217	322	191	201	186	133	180	217	281	177	165	356	175	302	222	52	|
|197	355	233	327	391	255	203	0	104	294	125	266	340	361	436	151	524	276	352	377	330	383	109	477	146	319	553	377	395	19	222	|
|296	444	336	431	493	351	296	104	0	384	214	348	440	456	488	241	617	315	456	476	412	475	113	575	176	422	651	470	497	88	322	|
|110	62	125	194	296	286	91	294	384	0	171	55	298	340	238	292	233	210	176	118	58	91	298	201	248	148	273	87	302	313	94	|
|91	231	144	253	340	245	82	125	214	171	0	141	307	339	324	184	403	187	266	266	204	261	140	363	114	230	438	256	346	144	116	|
|112	99	148	237	339	307	76	266	348	55	141	0	332	373	212	292	275	156	225	173	64	137	254	253	200	194	322	135	345	284	108	|
|238	333	187	113	66	93	278	340	440	298	307	332	0	43	536	203	404	469	153	253	354	321	427	322	420	160	385	313	67	353	229	|
|275	376	226	156	90	106	316	361	456	340	339	373	43	0	578	216	443	507	194	295	397	364	453	361	451	203	421	356	88	372	268	|
|323	214	358	431	531	518	284	436	488	238	324	212	536	578	0	498	309	176	407	320	183	245	376	344	312	383	379	251	537	451	319	|
|183	352	180	228	263	111	217	151	241	292	184	292	203	216	498	0	492	371	266	328	345	364	255	426	272	242	501	356	266	159	198	|
|330	176	313	296	362	442	322	524	617	233	403	275	404	443	309	492	0	397	253	164	218	142	529	84	475	260	72	147	367	543	306	|
|232	235	284	386	486	423	191	276	315	210	187	156	469	507	176	371	397	0	379	327	188	276	202	396	139	346	456	277	492	289	242	|
|175	194	123	44	127	194	201	352	456	176	266	225	153	194	407	266	253	379	0	101	225	174	405	174	375	36	244	166	133	370	152	|
|181	106	152	140	226	280	186	377	476	118	266	173	253	295	320	328	164	327	101	0	148	76	403	100	360	98	177	69	232	396	155	|
|162	47	182	248	349	344	133	330	412	58	204	64	354	397	183	345	218	188	225	148	0	89	316	208	259	201	270	90	355	348	149	|
|191	41	185	208	300	335	180	383	475	91	261	137	321	364	245	364	142	276	174	76	89	0	388	119	336	162	185	8	306	402	169	|
|232	353	282	389	469	349	217	109	113	298	140	254	427	453	376	255	529	202	405	403	316	388	0	497	64	369	570	384	474	112	256	|
|280	161	252	218	278	367	281	477	575	201	363	253	322	361	344	426	84	396	174	100	208	119	497	0	449	187	77	119	283	496	255	|
|201	299	256	366	454	352	177	146	176	248	114	200	420	451	312	272	475	139	375	360	259	336	64	449	0	339	521	333	460	156	223	|
|139	175	88	48	148	182	165	319	422	148	230	194	160	203	383	242	260	346	36	98	201	162	369	187	339	0	260	153	154	337	116	|
|356	225	329	287	334	437	356	553	651	273	438	322	385	421	379	501	72	456	244	177	270	185	570	77	521	260	0	187	338	572	331	|
|185	43	177	200	292	327	175	377	470	87	256	135	313	356	251	356	147	277	166	69	90	8	384	119	333	153	187	0	298	396	163	|
|266	326	210	108	6	158	302	395	497	302	346	345	67	88	537	266	367	492	133	232	355	306	474	283	460	154	338	298	0	410	251	|
|216	374	251	344	406	266	222	19	88	313	144	284	353	372	451	159	543	289	370	396	348	402	112	496	156	337	572	396	410	0	241	|
|26	153	42	148	245	199	52	222	322	94	116	108	229	268	319	198	306	242	152	155	149	169	256	255	223	116	331	163	251	241	0	|

--------------------------------------------------------------------------------
Building model...
	using lazy and cut (CVRPSEP package)
Solving IRP LP...
--------------------------------------------------------------------------------

Gurobi 9.1.0 (linux64) logging started Sat Jan 23 14:50:56 2021

Gurobi Optimizer version 9.1.0 build v9.1.0rc0 (linux64)
Thread count: 32 physical cores, 32 logical processors, using up to 2 threads
Optimize a model with 1411 rows, 6436 columns and 15196 nonzeros
Model fingerprint: 0x0f0ebb3b
Variable types: 484 continuous, 5952 integer (372 binary)
Coefficient statistics:
  Matrix range     [1e+00, 7e+02]
  Objective range  [1e-02, 7e+02]
  Bounds range     [1e+00, 3e+02]
  RHS range        [3e+01, 5e+03]
Presolve removed 505 rows and 319 columns
Presolve time: 0.04s
Presolved: 906 rows, 6117 columns, 13666 nonzeros
Variable types: 441 continuous, 5676 integer (5325 binary)
Found heuristic solution: objective 9308.0100000

Root relaxation: objective 2.396539e+03, 1116 iterations, 0.02 seconds

    Nodes    |    Current Node    |     Objective Bounds      |     Work
 Expl Unexpl |  Obj  Depth IntInf | Incumbent    BestBd   Gap | It/Node Time

     0     0 2396.53937    0   87 9308.01000 2396.53937  74.3%     -    0s
H    0     0                    9243.0300000 2396.53937  74.1%     -    0s
     0     0 2566.31158    0   73 9243.03000 2566.31158  72.2%     -    0s
     0     0 2707.44093    0  100 9243.03000 2707.44093  70.7%     -    0s
     0     0 3246.07116    0  182 9243.03000 3246.07116  64.9%     -    1s
     0     0 3246.29003    0  180 9243.03000 3246.29003  64.9%     -    1s
     0     0 3314.77131    0  180 9243.03000 3314.77131  64.1%     -    1s
     0     0 3317.53164    0  188 9243.03000 3317.53164  64.1%     -    1s
     0     0 3317.53164    0  181 9243.03000 3317.53164  64.1%     -    1s
     0     0 3333.61600    0  191 9243.03000 3333.61600  63.9%     -    1s
     0     0 3343.47209    0  191 9243.03000 3343.47209  63.8%     -    1s
     0     0 3343.48735    0  183 9243.03000 3343.48735  63.8%     -    1s
     0     0 3439.49525    0  185 9243.03000 3439.49525  62.8%     -    1s
     0     0 3459.96695    0  199 9243.03000 3459.96695  62.6%     -    1s
     0     0 3473.05572    0  237 9243.03000 3473.05572  62.4%     -    1s
     0     0 3485.55022    0  207 9243.03000 3485.55022  62.3%     -    1s
     0     0 3486.72430    0  237 9243.03000 3486.72430  62.3%     -    1s
     0     0 3572.44557    0  292 9243.03000 3572.44557  61.3%     -    2s
     0     0 3582.01990    0  239 9243.03000 3582.01990  61.2%     -    2s
     0     0 3585.32482    0  293 9243.03000 3585.32482  61.2%     -    2s
     0     0 3586.48712    0  304 9243.03000 3586.48712  61.2%     -    2s
     0     0 3593.67099    0  307 9243.03000 3593.67099  61.1%     -    2s
     0     0 3596.37291    0  326 9243.03000 3596.37291  61.1%     -    2s
     0     0 3598.89001    0  311 9243.03000 3598.89001  61.1%     -    2s
     0     0 3598.99582    0  314 9243.03000 3598.99582  61.1%     -    2s
     0     0 3599.98428    0  305 9243.03000 3599.98428  61.1%     -    2s
     0     0 3615.13029    0  284 9243.03000 3615.13029  60.9%     -    3s
     0     2 3615.13029    0  284 9243.03000 3615.13029  60.9%     -    3s
    29    32 3700.81640    9  146 9243.03000 3657.57845  60.4%   345    5s
   124   128 4269.28326   32  189 9243.03000 3657.57845  60.4%   272   10s
   270   291 4510.19405  100  197 9243.03000 3657.57845  60.4%   200   15s
   506   565 5218.90411  179   64 9243.03000 3657.57845  60.4%   157   20s
   848   832 3743.94723    4  262 9243.03000 3674.79243  60.2%   118   25s
H  866   792                    9103.0300000 3674.79243  59.6%   119   26s
   886   805 8463.40000  335  458 9103.03000 3702.11801  59.3%   116   30s
H  887   765                    8709.0100000 3710.43459  57.4%   116   30s
   898   775 3721.23576   16  302 8709.01000 3720.49629  57.3%   125   35s
   917   788 3791.44985   21  308 8709.01000 3738.24612  57.1%   129   40s
H  925   753                    8576.0100000 3746.25145  56.3%   131   41s
   958   776 3896.42404   33  263 8576.01000 3749.33187  56.3%   142   45s
  1007   812 4136.67368   44  240 8576.01000 3749.33187  56.3%   158   50s
  1093   888 4213.15025   63   88 8576.01000 3749.33187  56.3%   160   56s
  1193   950 4616.32995   92   29 8576.01000 3749.33187  56.3%   160   60s
  1302  1033 4848.51267  125   88 8576.01000 3749.33187  56.3%   158   65s
  1469  1162 5726.72118  174   51 8576.01000 3749.33187  56.3%   153   72s
  1562  1203 5323.60113  202   98 8576.01000 3749.33187  56.3%   151   75s
  1736  1343 5494.41976  252   97 8576.01000 3749.33187  56.3%   148   80s
  1851  1424 5688.43060  287   87 8576.01000 3749.33187  56.3%   145   85s
  1971  1461 5949.28859  318   53 8576.01000 3749.33187  56.3%   143   91s
  2156  1674 6450.61101  370   67 8576.01000 3749.33187  56.3%   139   96s
  2384  1721 3876.47070   32  387 8576.01000 3749.48514  56.3%   136  101s
  2453  1782 3903.58422   39  256 8576.01000 3749.48514  56.3%   138  105s
  2591  1892 4113.77777   54  132 8576.01000 3749.48514  56.3%   139  111s
  2693  1988 4137.67959   65  199 8576.01000 3749.48514  56.3%   140  116s
* 2756  1710             485    6583.9200000 3749.48514  43.1%   140  116s
  2828  1668 4253.49292   78  194 6583.92000 3749.48514  43.1%   140  120s
  2944  1737 4063.19542   50  181 6583.92000 3749.48514  43.1%   142  125s
  3034  1857 5412.07781  133  132 6583.92000 3749.48514  43.1%   143  130s
  3187  2028 6205.65215  176   54 6583.92000 3749.48514  43.1%   143  136s
  3455  2160 3956.86577   27  403 6583.92000 3750.20095  43.0%   140  149s
  3537  2295 4056.23505   28  321 6583.92000 3750.20095  43.0%   140  153s
  3684  2311 4045.47672   32  317 6583.92000 3750.20095  43.0%   138  157s
  3729  2355 4231.03351   40  275 6583.92000 3750.20095  43.0%   141  162s
  3756  2395 4529.04047   50   99 6583.92000 3750.20095  43.0%   143  165s
  3840  2568 4899.29312   74  116 6583.92000 3750.20095  43.0%   146  172s
  3969  2837 5481.26854  135   26 6583.92000 3755.46268  43.0%   144  177s
* 4081  1909             221    5623.3100000 3755.46268  33.2%   141  177s
  4258  2050 4019.04893   22  365 5623.31000 3755.46268  33.2%   138  182s
  4452  2159 4544.70293   40   97 5623.31000 3756.34904  33.2%   134  186s
  4616  2197 3984.07064   22  275 5623.31000 3770.66653  32.9%   133  191s
  4769  2278 4165.91182   29  179 5623.31000 3770.87246  32.9%   134  201s
H 4779  2254                    5595.9500000 3770.87246  32.6%   134  201s
  4798  2361 4173.96912   33  185 5595.95000 3770.87246  32.6%   134  206s
  4905  2427 4406.27815   61   95 5595.95000 3770.87246  32.6%   134  211s
  4971  2674 4559.71271   86   32 5595.95000 3778.62709  32.5%   133  218s
  5307  2722     cutoff  255      5595.95000 3781.82245  32.4%   128  224s
  5338  2801 4350.42542   36  374 5595.95000 3781.82245  32.4%   130  228s
  5417  2894 4649.15742   62  223 5595.95000 3782.26947  32.4%   130  233s
  5539  2941 3909.77632   34  332 5595.95000 3785.90241  32.3%   130  238s
  5586  3073 4548.25152   60  228 5595.95000 3785.90241  32.3%   132  243s
  5772  3116 4173.18913   39  221 5595.95000 3785.90241  32.3%   131  248s
  5815  3222 4893.12712   64   95 5595.95000 3786.33896  32.3%   133  253s
  5950  3255 4099.31627   23  317 5595.95000 3786.48037  32.3%   134  258s
  5983  3321 4296.70239   33  135 5595.95000 3786.48037  32.3%   136  264s
  6051  3457 4536.62169   56   95 5595.95000 3786.48037  32.3%   138  270s
  6187  3735 4583.31095  106   31 5595.95000 3786.48037  32.3%   139  277s
  6475  3914 4737.52964  210   62 5595.95000 3791.44985  32.2%   137  284s
  6507  3915 4746.47780  226   43 5595.95000 3791.44985  32.2%   137  285s
  6715  3949     cutoff  218      5595.95000 3792.69548  32.2%   136  290s
  6752  4023 4240.87953   30  305 5595.95000 3792.73027  32.2%   137  295s
  6844  4052 4743.38763   50  165 5595.95000 3792.73027  32.2%   138  301s
  6873  4124 4953.80180   62  149 5595.95000 3792.73027  32.2%   139  308s
  6947  4190     cutoff  117      5595.95000 3806.21154  32.0%   139  314s
  7044  4256 4476.82237   34  181 5595.95000 3808.14125  31.9%   140  320s
  7110  4326 5242.83610   52   84 5595.95000 3817.10039  31.8%   141  326s
  7226  4432 4408.99785   39  212 5595.95000 3817.70431  31.8%   142  333s
  7344  4626 4288.52876   41  318 5595.95000 3817.70431  31.8%   143  341s
  7563  4786 4994.28676   87  290 5595.95000 3823.08334  31.7%   143  349s
  7754  4917 4200.80371   39  294 5595.95000 3827.55730  31.6%   143  356s
  7896  5070 5145.86809   95  220 5595.95000 3833.02339  31.5%   143  364s
  8067  5191 4307.05791   35  215 5595.95000 3833.93301  31.5%   143  372s
  8216  5302 4216.10762   38  323 5595.95000 3837.71259  31.4%   144  379s
  8349  5411 4235.72689   28  304 5595.95000 3838.71346  31.4%   145  387s
  8460  5567 5018.39988   54   74 5595.95000 3843.53861  31.3%   147  395s
  8685  5713 5328.55177   97   34 5595.95000 3846.42129  31.3%   146  403s
  8856  5856 4492.25280   56  300 5595.95000 3848.39553  31.2%   147  413s
  9016  5965 5525.82300   97   42 5595.95000 3848.80920  31.2%   146  420s
  9137  6144 5200.15992  116   53 5595.95000 3849.17777  31.2%   147  430s
  9361  6271 4000.86908   24  325 5595.95000 3853.03045  31.1%   147  438s
  9498  6437 4782.36497   61   77 5595.95000 3853.29591  31.1%   147  446s
  9676  6492 4306.01152   39  377 5595.95000 3854.57222  31.1%   147  454s
  9742  6592 5068.19355   67  191 5595.95000 3855.51469  31.1%   149  461s
  9884  6804 4676.65777   57  156 5595.95000 3855.80041  31.1%   150  470s
 10122  6904 4569.17986   51  219 5595.95000 3857.71552  31.1%   149  479s
 10250  7180 4381.19974   38  255 5595.95000 3859.85272  31.0%   150  488s
 10547  7293 3985.67602   23  290 5595.95000 3860.11574  31.0%   148  497s
 10660  7483 4614.28918   58  191 5595.95000 3862.06936  31.0%   149  506s
 10883  7602 3994.28966   21  258 5595.95000 3862.23226  31.0%   149  514s
 10982  7602 5099.67661   81  219 5595.95000 3862.23226  31.0%   149  515s
 11016  7809 4736.82977   81  138 5595.95000 3862.91260  31.0%   149  522s
 11236  7975 4167.74754   25  219 5595.95000 3862.91260  31.0%   149  532s
 11418  8157 5110.81379   36  129 5595.95000 3869.36167  30.9%   149  541s
 11619  8305 4633.94711   51  134 5595.95000 3871.23368  30.8%   149  549s
 11689  8305 4308.73165   33  301 5595.95000 3871.23368  30.8%   149  550s
 11807  8497 4568.75932   53  182 5595.95000 3871.98110  30.8%   149  558s
 12041  8586 4354.06608   43  390 5595.95000 3873.61545  30.8%   149  567s
 12138  8710 5290.79421   82   70 5595.95000 3876.47840  30.7%   150  575s
 12290  8801 4878.00449   59  127 5595.95000 3877.87542  30.7%   151  584s
 12390  8883 5034.39588   59   47 5595.95000 3881.53151  30.6%   152  592s
 12501  9021 4336.23747   41  197 5595.95000 3882.11538  30.6%   153  600s
H12639  9331                    5587.9500000 3882.11538  30.5%   154  650s
 12998  9569 4772.38226  148   65 5587.95000 3885.59662  30.5%   153  661s
 13292  9746 4041.78857   32  317 5587.95000 3886.79714  30.4%   153  672s
 13509  9869 4055.63412   34  303 5587.95000 3888.16126  30.4%   153  680s
 13654 10016 infeasible  115      5587.95000 3888.65336  30.4%   153  689s
 13700 10016 5129.30107   81   14 5587.95000 3888.65336  30.4%   153  690s
 13829 10120 4151.46491   26  289 5587.95000 3890.31808  30.4%   153  699s
 13951 10365 4507.92753   36  271 5587.95000 3891.07325  30.4%   153  709s
 14028 10365 5360.75874  113  154 5587.95000 3891.07325  30.4%   153  710s
 14212 10507 4119.15703   29  336 5587.95000 3892.29453  30.3%   153  719s
 14395 10719 4177.45237   30  215 5587.95000 3893.68127  30.3%   153  728s
 14642 10872 4270.87612   42  258 5587.95000 3895.42843  30.3%   153  737s
 14795 11064 5216.33301  112  155 5587.95000 3895.53742  30.3%   153  751s
 15013 11236 4568.40775   58  280 5587.95000 3896.43445  30.3%   153  760s
 15215 11389 4296.68629   32  265 5587.95000 3896.53786  30.3%   153  770s
 15385 11559 5207.33628  112  108 5587.95000 3898.73840  30.2%   153  779s
 15459 11559 4396.77444   46  168 5587.95000 3898.73840  30.2%   153  780s
 15574 11759 4447.55234   46  107 5587.95000 3899.72602  30.2%   154  788s
 15774 12202 4870.48565  105   41 5587.95000 3900.97675  30.2%   154  799s
 15916 12202 4673.74138   31  225 5587.95000 3900.97675  30.2%   153  800s
H15993  7413                    5040.5000000 3900.97675  22.6%   153  800s
 16284  7351 3979.09016   29  403 5040.50000 3903.38788  22.6%   151  809s
 16375  7422 4584.00994   71  237 5040.50000 3903.97945  22.5%   152  817s
 16489  7509 4424.54169   39  240 5040.50000 3904.69431  22.5%   153  825s
 16604  7592 4520.91119   39  231 5040.50000 3905.00845  22.5%   154  833s
 16705  7664 4488.58215   45  236 5040.50000 3905.18821  22.5%   155  841s
 16793  7772 4795.13138   50  200 5040.50000 3905.47592  22.5%   156  849s
 16867  7772 4947.15377   70  121 5040.50000 3906.03132  22.5%   156  850s
 16919  7833 4811.22865   53  209 5040.50000 3906.89547  22.5%   156  858s
 17011  7889 4440.42537   41  257 5040.50000 3907.84455  22.5%   157  866s
 17093  7954 4182.63964   30  318 5040.50000 3909.11477  22.4%   158  874s
 17172  8049 4555.89667   46   83 5040.50000 3909.50470  22.4%   159  883s
 17312  8152 4848.12270   61   35 5040.50000 3909.59959  22.4%   159  892s
 17438  8215 4919.93116   65  285 5040.50000 3910.05864  22.4%   160  907s
 17539  8289 4858.70684   55  226 5040.50000 3910.76655  22.4%   161  915s
 17630  8420 4703.28847   58  241 5040.50000 3910.93168  22.4%   161  924s
 17780  8490 4644.87821   72  235 5040.50000 3912.42869  22.4%   162  933s
 17878  8590 4424.86833   34  274 5040.50000 3914.08231  22.3%   163  942s
 18025  8723 4184.14995   32  300 5040.50000 3914.65502  22.3%   163  952s
 18174  8975 4530.81498   50  157 5040.50000 3919.32680  22.2%   164  963s
 18450  9057 4240.27015   39  247 5040.50000 3919.94686  22.2%   163  973s
 18553  9161 4236.96722   36  349 5040.50000 3920.50552  22.2%   164  982s
 18708  9290 4166.19086   35  195 5040.50000 3921.18397  22.2%   164  992s
 18891  9365 4098.91777   22  336 5040.50000 3924.16951  22.1%   165 1001s
 18978  9461 4918.52444   68  315 5040.50000 3925.00725  22.1%   166 1010s
 19098  9535 4987.81288   57  214 5040.50000 3926.26879  22.1%   166 1019s
 19226  9604 4073.28418   34  325 5040.50000 3926.73563  22.1%   167 1029s
 19323  9686 4128.20538   31  246 5040.50000 3927.36482  22.1%   168 1038s
 19417  9804 4996.45963   78  200 5040.50000 3929.63033  22.0%   169 1047s
 19549  9889 4911.28920   53  256 5040.50000 3930.55189  22.0%   170 1058s
 19750 10062 4401.15534   41  170 5040.50000 3931.22245  22.0%   170 1069s
 19958 10141 4148.48429   37  361 5040.50000 3932.99716  22.0%   170 1078s
 20065 10261 4503.87424   46  187 5040.50000 3934.96156  21.9%   170 1088s
 20209 10322 4936.67285   62  214 5040.50000 3935.75003  21.9%   171 1097s
H20230  9475                    4969.0100000 3935.75003  20.8%   171 1097s
H20277  6835                    4780.4000000 3936.02636  17.7%   171 1098s
 20292  6878     cutoff   47      4780.40000 3936.63720  17.7%   171 1106s
 20390  6971 4115.19599   30  342 4780.40000 3937.79558  17.6%   172 1116s
 20499  7040 4143.72813   31  286 4780.40000 3939.47128  17.6%   173 1125s
 20613  7089 4200.15211   30  297 4780.40000 3941.87458  17.5%   174 1135s
 20703  7234 4509.01423   49  193 4780.40000 3942.23401  17.5%   175 1145s
 20903  7313 4460.15527   34  244 4780.40000 3942.26336  17.5%   175 1155s
 21009  7399 4053.30396   27  314 4780.40000 3942.86702  17.5%   176 1165s
 21127  7473 4378.24522   47  235 4780.40000 3946.26485  17.4%   176 1175s
 21224  7586 4519.47727   48  327 4780.40000 3946.73888  17.4%   177 1185s
 21359  7665 4453.63149   46   56 4780.40000 3947.58979  17.4%   178 1195s
 21479  7729 4755.56466   63    7 4780.40000 3948.69549  17.4%   178 1205s
 21567  7819 4165.60430   37  343 4780.40000 3949.23470  17.4%   179 1215s
 21694  7915 4735.60871   38  231 4780.40000 3952.65254  17.3%   179 1224s
 21816  7992 4754.30815   87   37 4780.40000 3953.04412  17.3%   180 1234s
 21929  8070 4361.21887   41  336 4780.40000 3954.54692  17.3%   181 1243s
 22037  8158     cutoff   68      4780.40000 3955.59331  17.3%   181 1253s
 22155  8241 4332.25352   44  344 4780.40000 3959.60450  17.2%   182 1263s
 22264  8326 4553.35294   60   88 4780.40000 3960.00351  17.2%   183 1273s
 22388  8379 4416.83037   41  239 4780.40000 3960.96872  17.1%   183 1283s
 22489  8442     cutoff   41      4780.40000 3961.55459  17.1%   184 1293s
 22596  8502 4360.87510   38  318 4780.40000 3964.61643  17.1%   185 1302s
 22702  8583 4279.19337   34  126 4780.40000 3965.19218  17.1%   185 1313s
 22815  8713 4218.78293   31  233 4780.40000 3967.05729  17.0%   186 1323s
 22957  8844 4469.82017   48  104 4780.40000 3967.09377  17.0%   186 1334s
 23068  8844 4684.70868   51  124 4780.40000 3969.48720  17.0%   186 1335s
 23139  8933 4137.89384   24  341 4780.40000 3969.75936  17.0%   187 1345s
 23244  9023 4287.11407   24  251 4780.40000 3970.25757  16.9%   187 1355s
H23383  6021                    4597.0500000 3971.00559  13.6%   188 1356s
 23389  6063 4120.56223   21  346 4597.05000 3971.19932  13.6%   188 1365s
 23491  6117 4177.22255   32  316 4597.05000 3971.79581  13.6%   188 1375s
 23575  6189 4421.05539   37  217 4597.05000 3973.21549  13.6%   189 1385s
 23674  6223 4481.00935   43  228 4597.05000 3975.34334  13.5%   190 1395s
 23754  6338 4284.39165   29  210 4597.05000 3977.71368  13.5%   191 1405s
 23899  6389 4322.02340   49  353 4597.05000 3978.17454  13.5%   192 1416s
 24003  6454     cutoff   42      4597.05000 3978.96247  13.4%   192 1426s
 24121  6540 4211.45697   40  327 4597.05000 3979.81902  13.4%   193 1436s
 24232  6619 4290.30237   22  302 4597.05000 3980.06106  13.4%   194 1447s
 24341  6702 4568.94837   49  114 4597.05000 3982.15179  13.4%   195 1458s
 24522  6755 4177.25429   34  224 4597.05000 3982.91872  13.4%   195 1469s
 24599  6796 4564.83175   49  287 4597.05000 3982.99083  13.4%   196 1479s
 24702  6853 4552.07975   60  192 4597.05000 3983.81739  13.3%   197 1489s
 24832  6908 4432.00317   51  272 4597.05000 3984.71666  13.3%   197 1500s
 24929  6974     cutoff   40      4597.05000 3985.78092  13.3%   198 1511s
 25027  7027 4551.15440   61  146 4597.05000 3987.00629  13.3%   199 1522s
 25134  7135 4267.57981   41  225 4597.05000 3989.48193  13.2%   199 1533s
 25284  7213 4525.58788   56  229 4597.05000 3990.75746  13.2%   200 1545s
 25434  7284 4449.57180   44  342 4597.05000 3991.97140  13.2%   200 1556s
 25544  7321     cutoff   45      4597.05000 3992.63486  13.1%   201 1566s
 25635  7360 4491.01354   37  240 4597.05000 3993.47659  13.1%   202 1576s
 25738  7417 4082.23572   32  255 4597.05000 3993.81604  13.1%   202 1587s
 25831  7495 4326.99017   31  225 4597.05000 3994.54060  13.1%   203 1598s
 25953  7553 4137.62563   26  291 4597.05000 3996.78325  13.1%   204 1609s
 26073  7594 4162.44291   32  269 4597.05000 4000.46251  13.0%   205 1620s
 26154  7659 4347.18254   39  288 4597.05000 4001.22074  13.0%   205 1632s
 26264  7784 4296.11309   41  165 4597.05000 4003.98899  12.9%   206 1644s
 26440  7862 4256.14636   30  283 4597.05000 4005.69649  12.9%   206 1655s
 26587  7994 4165.57744   32  341 4597.05000 4006.79874  12.8%   207 1666s
 26779  8098 4169.27772   24  230 4597.05000 4008.84363  12.8%   207 1677s
 26926  8165 4224.35937   36  219 4597.05000 4009.18762  12.8%   208 1688s
 27056  8265 4158.05383   26  310 4597.05000 4011.04735  12.7%   208 1703s
 27216  8322 4396.70915   52  242 4597.05000 4011.21710  12.7%   209 1714s
 27329  8375 4171.51089   23  301 4597.05000 4012.58156  12.7%   209 1725s
 27438  8458 4192.97733   22  274 4597.05000 4013.67612  12.7%   210 1736s
 27561  8537 4237.37592   34  456 4597.05000 4014.11230  12.7%   211 1753s
 27724  8673 4436.22251   70   71 4597.05000 4014.56381  12.7%   211 1765s
 27961  8740 4279.91151   27  341 4597.05000 4015.29601  12.7%   211 1776s
 28080  8814 4197.26441   39  332 4597.05000 4016.11519  12.6%   212 1788s
 28200  8864     cutoff   47      4597.05000 4016.24561  12.6%   212 1800s
 28308  8931 4455.47278   40  319 4597.05000 4017.89706  12.6%   213 1811s
 28415  8994 4440.08936   39  274 4597.05000 4018.38506  12.6%   214 1822s
 28518  9038 4334.10104   39  344 4597.05000 4019.29224  12.6%   214 1833s
 28616  9104 4519.52404   28  220 4597.05000 4019.85031  12.6%   215 1844s
 28654  9104 4445.63710   44  235 4597.05000 4019.85031  12.6%   215 1845s
 28736  9167 4587.70419   35  216 4597.05000 4020.56847  12.5%   216 1856s
 28866  9211 infeasible   32      4597.05000 4021.76548  12.5%   216 1869s
 28918  9211     cutoff   53      4597.05000 4022.06581  12.5%   217 1870s
 28982  9253 4330.37367   53  222 4597.05000 4022.38775  12.5%   217 1881s
 29090  9370 4298.51501   51  172 4597.05000 4023.90038  12.5%   218 1892s
 29258  9429 4133.45602   24  261 4597.05000 4024.28381  12.5%   218 1904s
 29365  9496 4229.81700   29  171 4597.05000 4024.99912  12.4%   219 1921s
 29504  9562 4518.88495   47  198 4597.05000 4026.03187  12.4%   219 1932s
 29648  9637 4200.33128   28  232 4597.05000 4026.94892  12.4%   220 1943s
 29777  9717 4131.25987   22  314 4597.05000 4027.67610  12.4%   220 1956s
 29895  9785 4191.28608   38  328 4597.05000 4029.04078  12.4%   221 1967s
H30029  9345                    4569.0500000 4030.02872  11.8%   221 1980s
 30204  9447 4557.00549   29  255 4569.05000 4031.17537  11.8%   222 1992s
 30351  9531 4443.11936   48  297 4569.05000 4032.37644  11.7%   222 2003s
 30489  9619 4517.27769   38  267 4569.05000 4034.08735  11.7%   223 2016s
 30631  9719 4322.08430   32  333 4569.05000 4036.11811  11.7%   223 2028s
 30786  9788 4171.20482   27  349 4569.05000 4036.96232  11.6%   224 2040s
 30927  9840     cutoff   44      4569.05000 4039.14680  11.6%   224 2052s
 31039  9867 4391.72169   47  248 4569.05000 4040.44239  11.6%   225 2064s
 31134  9920     cutoff   38      4569.05000 4041.04893  11.6%   225 2076s
 31251  9982 4426.96606   40  234 4569.05000 4041.98798  11.5%   226 2087s
 31401 10085 4299.40176   37  129 4569.05000 4042.34050  11.5%   226 2100s
 31565 10144 4530.36956   37  146 4569.05000 4043.26849  11.5%   227 2112s
 31698 10254     cutoff   46      4569.05000 4044.63832  11.5%   227 2124s
 31775 10254 4439.57856   32  121 4569.05000 4044.63832  11.5%   227 2125s
 31859 10308 4406.39041   32  261 4569.05000 4046.00791  11.4%   228 2136s
 31971 10397 4451.59437   42  287 4569.05000 4047.09918  11.4%   228 2150s
 32156 10527 4383.92375   41  326 4569.05000 4047.42496  11.4%   228 2162s
 32345 10673 4131.87637   29  225 4569.05000 4049.28830  11.4%   229 2175s
 32553 10733 4181.22261   30  281 4569.05000 4050.17163  11.4%   229 2187s
 32664 10826 4473.79848   44  233 4569.05000 4050.33976  11.4%   229 2199s
 32746 10826 4238.98616   32  203 4569.05000 4051.20910  11.3%   229 2200s
 32819 10893 4403.25836   28  279 4569.05000 4052.09826  11.3%   230 2211s
 32970 10975 4248.28716   24  274 4569.05000 4053.28795  11.3%   230 2224s
 33122 11043 4449.31954   36  207 4569.05000 4054.20365  11.3%   230 2236s
 33248 11108     cutoff   55      4569.05000 4054.65197  11.3%   231 2248s
 33374 11205 4332.72493   32  285 4569.05000 4055.02181  11.3%   231 2261s
 33515 11298 4547.92887   48  135 4569.05000 4056.19954  11.2%   232 2274s
 33686 11360 4443.14478   73   20 4569.05000 4056.40337  11.2%   232 2286s
 33805 11425 4502.34288   46  310 4569.05000 4057.51716  11.2%   232 2298s
 33958 11543     cutoff   50      4569.05000 4058.81701  11.2%   233 2311s
 34124 11666     cutoff   57      4569.05000 4059.37884  11.2%   233 2324s
 34339 11754     cutoff   61      4569.05000 4060.82270  11.1%   233 2337s
 34521 11822 4106.49376   24  351 4569.05000 4061.66813  11.1%   234 2349s
 34576 11822 4215.76918   38  371 4569.05000 4061.72652  11.1%   234 2350s
 34627 11900 4348.20020   27  283 4569.05000 4061.76212  11.1%   234 2361s
 34781 12012 4188.54880   32  261 4569.05000 4062.42274  11.1%   235 2375s
 34978 12075     cutoff   43      4569.05000 4062.94244  11.1%   235 2387s
 35102 12139 4108.06648   27  302 4569.05000 4064.07663  11.1%   235 2400s
 35234 12218 4182.11590   30  162 4569.05000 4064.61021  11.0%   236 2413s
 35389 12281     cutoff   42      4569.05000 4066.30609  11.0%   236 2425s
 35512 12344 4326.37332   26  282 4569.05000 4066.73728  11.0%   237 2437s
 35676 12422 4390.33117   40  293 4569.05000 4067.34401  11.0%   237 2449s
 35754 12422 4374.28709   55  186 4569.05000 4067.71943  11.0%   237 2450s
 35820 12480 4538.56251   54  204 4569.05000 4068.06321  11.0%   237 2463s
 35956 12584 4402.43880   52  148 4569.05000 4068.68358  11.0%   238 2475s
 36130 12671     cutoff   45      4569.05000 4069.51727  10.9%   238 2488s
 36284 12756 4196.48342   34  240 4569.05000 4070.32538  10.9%   238 2501s
 36425 12843 4406.64445   54   74 4569.05000 4071.24900  10.9%   239 2513s
 36572 12908 4390.32920   36  131 4569.05000 4072.35707  10.9%   239 2526s
 36695 12972 4473.81507   39  267 4569.05000 4073.41739  10.8%   240 2538s
 36839 13052 4410.43023   52  305 4569.05000 4074.96096  10.8%   240 2550s
 36984 13115 4421.49420   38  343 4569.05000 4075.80702  10.8%   240 2563s
 37115 13178     cutoff   41      4569.05000 4077.38085  10.8%   241 2576s
 37254 13245 4409.17241   30  269 4569.05000 4077.92651  10.7%   241 2589s
 37377 13318 4477.59898   34  352 4569.05000 4078.56773  10.7%   242 2602s
 37528 13383     cutoff   34      4569.05000 4079.39808  10.7%   242 2615s
 37645 13489 4394.02428   33  291 4569.05000 4080.07044  10.7%   243 2628s
 37844 13547     cutoff   42      4569.05000 4080.98579  10.7%   243 2643s
 37924 13638 4411.94628   31  363 4569.05000 4081.18125  10.7%   243 2656s
 38103 13716 4382.60647   28  268 4569.05000 4081.62746  10.7%   244 2669s
 38241 13809 4367.76439   35  230 4569.05000 4082.33288  10.7%   244 2682s
 38413 13923 4427.63185   30  168 4569.05000 4083.40603  10.6%   244 2696s
 38633 13983 4537.33682   44  258 4569.05000 4083.83616  10.6%   244 2708s
 38771 14079 4266.17823   37  183 4569.05000 4084.64494  10.6%   245 2721s
 38944 14126 4378.50818   28  305 4569.05000 4085.20557  10.6%   245 2734s
 39008 14126     cutoff   41      4569.05000 4085.30452  10.6%   245 2735s
 39087 14217 4270.72458   22  284 4569.05000 4085.45668  10.6%   245 2747s
 39235 14284 4534.92753   39  285 4569.05000 4086.02980  10.6%   246 2761s
 39395 14350 4179.06525   30  205 4569.05000 4086.52303  10.6%   246 2774s
 39532 14459 4457.49434   46  232 4569.05000 4086.96369  10.6%   247 2787s
 39722 14549 4454.01869   42  201 4569.05000 4087.39366  10.5%   247 2800s
 39908 14679     cutoff   48      4569.05000 4088.07673  10.5%   247 2814s
 40089 14780 4224.59283   34  325 4569.05000 4088.42845  10.5%   247 2827s
 40269 14843 4221.36828   35  380 4569.05000 4089.10221  10.5%   247 2840s
 40401 14917 4245.45439   39  133 4569.05000 4089.47133  10.5%   248 2853s
 40537 14996 4365.60241   36  352 4569.05000 4090.23399  10.5%   248 2867s
 40689 15102 4550.26482   59   77 4569.05000 4090.40935  10.5%   249 2880s
 40857 15198 4484.09501   45  213 4569.05000 4091.09877  10.5%   249 2893s
 41014 15300     cutoff   45      4569.05000 4091.90993  10.4%   249 2907s
 41186 15357 4404.00067   23  318 4569.05000 4092.39240  10.4%   249 2920s
 41313 15442 4389.28378   27  188 4569.05000 4093.00388  10.4%   250 2933s
 41481 15542 4169.89544   40  210 4569.05000 4094.50200  10.4%   250 2946s
 41645 15625 4374.93795   42  314 4569.05000 4095.21980  10.4%   250 2959s
 41792 15688 4373.80990   25  274 4569.05000 4095.82439  10.4%   251 2972s
 41967 15772 4261.02374   32  226 4569.05000 4097.18327  10.3%   251 2985s
 42105 15823 4285.91221   29  275 4569.05000 4097.81251  10.3%   252 2998s
 42238 15919     cutoff   40      4569.05000 4098.21375  10.3%   252 3012s
 42388 16065 4201.15524   25  279 4569.05000 4098.49906  10.3%   252 3025s
 42615 16118     cutoff   36      4569.05000 4098.76925  10.3%   252 3049s
 42702 16154 4433.38911   39  266 4569.05000 4098.94471  10.3%   252 3064s
 42805 16198 4204.24776   25  266 4569.05000 4099.23482  10.3%   253 3086s
 42891 16235 4531.15184   34  136 4569.05000 4099.33175  10.3%   253 3099s
 43022 16369 4344.56024   39  307 4569.05000 4099.73131  10.3%   254 3112s
 43228 16437     cutoff   54      4569.05000 4100.42600  10.3%   254 3126s
 43404 16517 4297.37655   38  184 4569.05000 4100.97683  10.2%   254 3139s
 43548 16585     cutoff   27      4569.05000 4101.48285  10.2%   254 3152s
 43696 16674     cutoff   28      4569.05000 4101.88003  10.2%   255 3165s
 43904 16798 4561.10861   37  229 4569.05000 4102.35197  10.2%   255 3179s
 44070 16798 4400.19459   36  188 4569.05000 4102.93918  10.2%   255 3180s
 44120 16884 4478.03774   64   35 4569.05000 4103.07221  10.2%   255 3192s
 44286 16960 4164.42349   28  305 4569.05000 4104.58233  10.2%   255 3206s
 44430 17036 4332.59590   34  318 4569.05000 4105.27875  10.2%   255 3219s
 44611 17154 4381.45315   42  229 4569.05000 4105.99922  10.1%   256 3232s
 44806 17227 4449.44372   36  296 4569.05000 4106.35989  10.1%   256 3246s
 44969 17262     cutoff   53      4569.05000 4107.05561  10.1%   256 3259s
 45102 17334 4396.65703   39  303 4569.05000 4107.55522  10.1%   256 3272s
 45242 17447 4479.30070   39  236 4569.05000 4107.86425  10.1%   257 3286s
 45453 17507 4365.41167   30  280 4569.05000 4108.48868  10.1%   257 3299s
 45505 17507 4303.03432   37  242 4569.05000 4108.79944  10.1%   257 3300s
 45590 17575 4291.56212   33  236 4569.05000 4108.85394  10.1%   257 3312s
 45739 17622 4498.42413   43  243 4569.05000 4109.71192  10.1%   258 3326s
 45873 17734 4235.64372   39  272 4569.05000 4110.33415  10.0%   258 3339s
 45931 17734 4503.65198   52  197 4569.05000 4110.33415  10.0%   258 3340s
 46063 17783 4177.09724   27  354 4569.05000 4110.59063  10.0%   258 3353s
 46200 17831 4282.42565   31  249 4569.05000 4111.17362  10.0%   258 3367s
 46343 17906 4236.70538   23  260 4569.05000 4111.64850  10.0%   259 3380s
 46500 17991 4501.21344   40  201 4569.05000 4111.99217  10.0%   259 3394s
 46710 18090 4495.04675   36  229 4569.05000 4112.55722  10.0%   259 3407s
 46886 18166 4388.94588   31  204 4569.05000 4112.99316  10.0%   260 3420s
 47032 18251 4476.42647   36  289 4569.05000 4113.51605  10.0%   260 3433s
 47196 18329 4221.78124   34  240 4569.05000 4113.99979  10.0%   260 3447s
 47364 18437     cutoff   38      4569.05000 4114.41193  10.0%   260 3461s
 47548 18527 4542.67631   62  164 4569.05000 4114.73895  9.94%   261 3480s
 47737 18620 4446.68498   36  212 4569.05000 4115.35809  9.93%   261 3494s
 47902 18694 4288.44033   32  316 4569.05000 4116.05595  9.91%   261 3507s
 48072 18762 4353.86679   50  125 4569.05000 4116.75196  9.90%   261 3521s
 48212 18838 4462.96330   37  274 4569.05000 4117.45500  9.88%   262 3535s
 48378 18914     cutoff   50      4569.05000 4117.73509  9.88%   262 3549s
 48538 19011 4180.24132   33  209 4569.05000 4118.46033  9.86%   262 3563s
 48729 19096 4291.65146   37  319 4569.05000 4118.90442  9.85%   262 3576s
 48902 19208 4551.64262   40  139 4569.05000 4119.23508  9.84%   263 3590s
 49081 19262 4564.46136   54  165 4569.05000 4119.83838  9.83%   263 3600s

Cutting planes:
  User: 3437
  Gomory: 18
  Cover: 346
  Implied bound: 87
  Clique: 14
  MIR: 218
  StrongCG: 1
  Flow cover: 357
  Zero half: 14
  Network: 9
  RLT: 277
  Relax-and-lift: 17
  Lazy constraints: 1401

Explored 49185 nodes (12942053 simplex iterations) in 3600.44 seconds
Thread count was 2 (of 32 available processors)

Solution count 10: 4569.05 4597.05 4780.4 ... 8576.01

Time limit reached
Best objective 4.569050000000e+03, best bound 4.120172278882e+03, gap 9.8243%

User-callback calls 306849, time in user-callback 220.34 sec
================================================================================
executing instance: ./input/Instances/Original/4/absH3low_3n10.dat
--------------------------------------------------------------------------------
Instance details
n	11
H	3
C	687
Li:
[0, 0, 0, 0, 0, 0, 0, 0, 0, 0, 0, ]
Ui:
[0, 189, 44, 174, 78, 36, 198, 117, 42, 96, 240, ]
Distance matrix:
|0	209	255	286	142	156	285	317	182	161	135	|
|209	0	464	451	315	356	490	469	361	299	260	|
|255	464	0	221	202	130	74	280	189	254	273	|
|286	451	221	0	145	156	164	479	354	153	192	|
|142	315	202	145	0	73	194	388	250	53	73	|
|156	356	130	156	73	0	134	332	200	127	144	|
|285	490	74	164	194	134	0	353	256	239	267	|
|317	469	280	479	388	332	353	0	141	436	430	|
|182	361	189	354	250	200	256	141	0	296	289	|
|161	299	254	153	53	127	239	436	296	0	39	|
|135	260	273	192	73	144	267	430	289	39	0	|

--------------------------------------------------------------------------------
Building model...
	using lazy and cut (CVRPSEP package)
Solving IRP LP...
--------------------------------------------------------------------------------

Gurobi 9.1.0 (linux64) logging started Sat Jan 23 15:50:57 2021

Gurobi Optimizer version 9.1.0 build v9.1.0rc0 (linux64)
Thread count: 32 physical cores, 32 logical processors, using up to 2 threads
Optimize a model with 491 rows, 956 columns and 2696 nonzeros
Model fingerprint: 0xb0855534
Variable types: 164 continuous, 792 integer (132 binary)
Coefficient statistics:
  Matrix range     [1e+00, 2e+02]
  Objective range  [1e-02, 5e+02]
  Bounds range     [1e+00, 2e+02]
