




arguments: ./build/mirp_solver -f ./input/orig_exec_327.cfg
Current dir: /scratch/gui/bnc_mirp
File verbosity level: 9
date       time         ( uptime  ) [ thread name/id ]                   file:line     v| 
2021-01-23 09:36:00.373 (   0.125s) [main thread     ]             loguru.cpp:789   INFO| Logging to './output/vi_vr/OU/V4/Original/execution_23_01_2021_09_36_00.log', mode: 'a', verbosity: 9
--------------------------------------------------------------------------------
Parameters
                           instance_path           ./input/Instances/Original/2/
                            model_policy                                       1
                             nb_vehicles                                       4
                              output_dir          ./output/vi_vr/OU/V4/Original/
                            sec_strategy                                       1
                       solver_nb_threads                                       2
                         solver_show_log                                    true
                       solver_time_limit                                    3600
                              use_vi_cos                                   false
                              use_vi_cus                                   false
                         use_vi_hc1_full                                   false
                         use_vi_hc1_half                                   false
                      use_vi_hc1_quarter                                   false
                              use_vi_hc2                                   false
                              use_vi_hc3                                   false
                         use_vi_lex_full                                   false
                         use_vi_lex_half                                   false
                      use_vi_lex_quarter                                   false
                              use_vi_qua                                   false
                               use_vi_vc                                   false
                               use_vi_vr                                    true
--------------------------------------------------------------------------------
executing instance: ./input/Instances/Original/2/absH3high_3n40.dat
--------------------------------------------------------------------------------
Instance details
n	41
H	3
C	3283
Li:
[0, 0, 0, 0, 0, 0, 0, 0, 0, 0, 0, 0, 0, 0, 0, 0, 0, 0, 0, 0, 0, 0, 0, 0, 0, 0, 0, 0, 0, 0, 0, 0, 0, 0, 0, 0, 0, 0, 0, 0, 0, ]
Ui:
[0, 63, 111, 99, 96, 111, 282, 122, 156, 261, 42, 192, 126, 42, 162, 207, 159, 122, 102, 190, 118, 102, 132, 102, 165, 252, 66, 52, 22, 114, 210, 176, 116, 294, 78, 152, 210, 45, 130, 198, 174, ]
Distance matrix:
|0	208	225	252	227	143	258	127	267	150	28	83	163	286	57	149	201	137	214	255	70	73	107	186	328	266	249	343	222	177	293	144	262	215	167	120	169	218	143	173	255	|
|208	0	397	355	416	198	216	99	211	275	193	172	97	166	240	225	362	109	277	314	182	216	273	374	298	208	319	161	14	103	93	120	58	196	152	156	372	227	260	218	453	|
|225	397	0	427	53	364	482	343	492	129	253	225	382	386	171	188	39	291	187	195	295	182	282	55	326	491	180	551	408	315	457	366	455	275	392	244	221	439	341	214	101	|
|252	355	427	0	401	158	201	263	219	396	234	328	259	498	299	400	420	354	465	506	205	324	152	374	574	219	499	393	366	389	446	235	378	456	205	359	224	150	111	423	400	|
|227	416	53	401	0	357	477	352	489	165	253	245	389	424	179	223	85	315	234	245	293	200	264	42	375	488	231	565	428	344	484	370	474	314	392	270	184	430	325	252	50	|
|143	198	364	158	357	0	121	105	134	290	116	196	103	342	200	276	343	205	343	385	74	210	112	319	432	133	382	265	209	237	290	78	226	313	57	220	232	75	69	292	375	|
|258	216	482	201	477	121	0	168	18	397	230	293	135	381	314	372	459	275	437	480	188	317	228	439	501	18	479	197	222	296	290	132	212	386	95	306	347	58	173	381	496	|
|127	99	343	263	352	105	168	0	171	239	105	130	40	237	173	206	313	109	270	312	84	164	175	310	337	169	313	216	112	135	192	37	142	220	77	138	280	155	162	213	382	|
|267	211	492	219	489	134	18	171	0	404	240	298	136	376	323	376	468	276	441	483	198	324	243	450	500	2	483	181	215	294	281	136	202	386	102	309	363	75	189	384	509	|
|150	275	129	396	165	290	397	239	404	0	175	110	279	259	97	59	91	166	84	116	217	80	245	130	226	402	106	434	286	187	329	269	333	149	302	119	244	364	291	87	213	|
|28	193	253	234	253	116	230	105	240	175	0	94	139	286	84	167	229	136	234	275	43	96	98	212	341	238	271	320	206	175	281	118	244	225	140	128	180	191	124	189	280	|
|83	172	225	328	245	196	293	130	298	110	94	0	169	209	77	80	191	71	147	189	127	45	189	203	247	296	187	327	184	106	241	162	230	132	198	38	242	266	217	96	285	|
|163	97	382	259	389	103	135	40	136	279	139	169	0	253	212	244	353	141	307	349	110	203	194	347	366	133	350	183	107	161	187	27	124	251	56	175	306	133	169	249	418	|
|286	166	386	498	424	342	381	237	376	259	286	209	253	0	284	201	347	151	210	230	299	247	383	387	155	374	242	290	162	112	129	270	192	113	308	172	451	386	391	172	471	|
|57	240	171	299	179	200	314	173	323	97	84	77	212	284	0	112	145	147	170	208	127	38	148	137	299	321	201	386	253	183	315	195	297	195	222	112	171	275	195	142	214	|
|149	225	188	400	223	276	372	206	376	59	167	80	244	201	112	0	149	117	67	110	205	78	254	186	187	374	108	387	235	132	272	240	283	93	277	71	279	346	291	32	270	|
|201	362	39	420	85	343	459	313	468	91	229	191	353	347	145	149	0	254	149	160	272	150	271	66	290	466	146	518	373	278	419	339	420	235	367	207	227	418	327	175	135	|
|137	109	291	354	315	205	275	109	276	166	136	71	141	151	147	117	254	0	172	212	151	116	232	273	229	274	215	270	119	39	170	145	167	111	186	47	305	263	245	113	356	|
|214	277	187	465	234	343	437	270	441	84	234	147	307	210	170	67	149	172	0	42	272	141	317	205	144	439	43	437	284	175	307	305	331	99	343	132	327	413	357	60	283	|
|255	314	195	506	245	385	480	312	483	116	275	189	349	230	208	110	160	212	42	0	314	182	356	222	132	481	15	474	321	212	337	347	367	126	385	174	358	455	398	100	295	|
|70	182	295	205	293	74	188	84	198	217	43	127	110	299	127	205	272	151	272	314	0	137	91	253	370	196	310	292	195	188	274	85	226	252	99	155	197	148	94	223	316	|
|73	216	182	324	200	210	317	164	324	80	96	45	203	247	38	78	150	116	141	182	137	0	176	158	263	323	176	369	229	150	286	191	274	157	223	77	208	284	216	106	239	|
|107	273	282	152	264	112	228	175	243	245	98	189	194	383	148	254	271	232	317	356	91	176	0	231	435	242	349	371	286	271	365	167	315	321	164	224	120	174	61	280	274	|
|186	374	55	374	42	319	439	310	450	130	212	203	347	387	137	186	66	273	205	222	253	158	231	0	348	448	208	523	386	303	442	329	431	279	352	229	167	392	291	217	85	|
|328	298	326	574	375	432	501	337	500	226	341	247	366	155	299	187	290	229	144	132	370	263	435	348	0	498	147	441	299	206	283	374	338	119	414	215	465	492	463	157	425	|
|266	208	491	219	488	133	18	169	2	402	238	296	133	374	321	374	466	274	439	481	196	323	242	448	498	0	481	180	213	292	278	134	200	384	100	307	362	75	188	381	508	|
|249	319	180	499	231	382	479	313	483	106	271	187	350	242	201	108	146	215	43	15	310	176	349	208	147	481	0	480	326	217	346	347	373	135	385	175	347	454	392	103	280	|
|343	161	551	393	565	265	197	216	181	434	320	327	183	290	386	387	518	270	437	474	292	369	371	523	441	180	480	0	153	263	163	207	107	352	208	317	487	244	334	379	598	|
|222	14	408	366	428	209	222	112	215	286	206	184	107	162	253	235	373	119	284	321	195	229	286	386	299	213	326	153	0	109	81	132	48	201	162	167	386	236	272	226	466	|
|177	103	315	389	344	237	296	135	294	187	175	106	161	112	183	132	278	39	175	212	188	150	271	303	206	292	217	263	109	0	142	171	156	95	211	74	344	289	281	118	386	|
|293	93	457	446	484	290	290	192	281	329	281	241	187	129	315	272	419	170	307	337	274	286	365	442	283	278	346	163	81	142	0	212	79	211	241	214	461	311	353	254	525	|
|144	120	366	235	370	78	132	37	136	269	118	162	27	270	195	240	339	145	305	347	85	191	167	329	374	134	347	207	132	171	212	0	151	257	40	174	280	119	142	248	398	|
|262	58	455	378	474	226	212	142	202	333	244	230	124	192	297	283	420	167	331	367	226	274	315	431	338	200	373	107	48	156	79	151	0	245	173	214	421	237	293	273	510	|
|215	196	275	456	314	313	386	220	386	149	225	132	251	113	195	93	235	111	99	126	252	157	321	279	119	384	135	352	201	95	211	257	245	0	297	97	365	374	345	62	362	|
|167	152	392	205	392	57	95	77	102	302	140	198	56	308	222	277	367	186	343	385	99	223	164	352	414	100	385	208	162	211	241	40	173	297	0	213	283	79	126	287	415	|
|120	156	244	359	270	220	306	138	309	119	128	38	175	172	112	71	207	47	132	174	155	77	224	229	215	307	175	317	167	74	214	174	214	97	213	0	280	286	248	75	313	|
|169	372	221	224	184	232	347	280	363	244	180	242	306	451	171	279	227	305	327	358	197	208	120	167	465	362	347	487	386	344	461	280	421	365	283	280	0	291	175	310	176	|
|218	227	439	150	430	75	58	155	75	364	191	266	133	386	275	346	418	263	413	455	148	284	174	392	492	75	454	244	236	289	311	119	237	374	79	286	291	0	116	359	445	|
|143	260	341	111	325	69	173	162	189	291	124	217	169	391	195	291	327	245	357	398	94	216	61	291	463	188	392	334	272	281	353	142	293	345	126	248	175	116	0	313	335	|
|173	218	214	423	252	292	381	213	384	87	189	96	249	172	142	32	175	113	60	100	223	106	280	217	157	381	103	379	226	118	254	248	273	62	287	75	310	359	313	0	300	|
|255	453	101	400	50	375	496	382	509	213	280	285	418	471	214	270	135	356	283	295	316	239	274	85	425	508	280	598	466	386	525	398	510	362	415	313	176	445	335	300	0	|

--------------------------------------------------------------------------------
Building model...
	using lazy and cut (CVRPSEP package)
Solving IRP LP...
--------------------------------------------------------------------------------

Gurobi 9.1.0 (linux64) logging started Sat Jan 23 09:36:00 2021

Gurobi Optimizer version 9.1.0 build v9.1.0rc0 (linux64)
Thread count: 32 physical cores, 32 logical processors, using up to 2 threads
Optimize a model with 1871 rows, 10976 columns and 25046 nonzeros
Model fingerprint: 0x8d4e0b70
Variable types: 644 continuous, 10332 integer (492 binary)
Coefficient statistics:
  Matrix range     [1e+00, 8e+02]
  Objective range  [1e-01, 6e+02]
  Bounds range     [1e+00, 3e+02]
  RHS range        [1e+01, 6e+03]
Presolve removed 669 rows and 422 columns
Presolve time: 0.06s
Presolved: 1202 rows, 10554 columns, 23024 nonzeros
Variable types: 587 continuous, 9967 integer (9495 binary)

Root relaxation: objective 1.234247e+04, 1191 iterations, 0.03 seconds

    Nodes    |    Current Node    |     Objective Bounds      |     Work
 Expl Unexpl |  Obj  Depth IntInf | Incumbent    BestBd   Gap | It/Node Time

     0     0 12342.4721    0  142          - 12342.4721      -     -    0s
     0     0 12783.5396    0  147          - 12783.5396      -     -    0s
     0     0 12816.8535    0  155          - 12816.8535      -     -    0s
     0     0 12816.8535    0  154          - 12816.8535      -     -    0s
     0     0 13514.8361    0  188          - 13514.8361      -     -    1s
     0     0 13523.5603    0  192          - 13523.5603      -     -    1s
     0     0 13523.5603    0  186          - 13523.5603      -     -    1s
     0     0 13605.1875    0  179          - 13605.1875      -     -    1s
     0     0 13606.2519    0  190          - 13606.2519      -     -    1s
     0     0 13691.7577    0  273          - 13691.7577      -     -    1s
     0     0 13706.6293    0  272          - 13706.6293      -     -    1s
     0     0 13715.2557    0  266          - 13715.2557      -     -    1s
     0     0 13715.9130    0  296          - 13715.9130      -     -    1s
     0     0 13770.3749    0  270          - 13770.3749      -     -    2s
     0     0 13776.9875    0  311          - 13776.9875      -     -    2s
     0     0 13778.4072    0  287          - 13778.4072      -     -    2s
     0     0 13811.3546    0  336          - 13811.3546      -     -    3s
     0     0 13815.2526    0  267          - 13815.2526      -     -    3s
     0     0 13821.5741    0  341          - 13821.5741      -     -    3s
     0     0 13824.7740    0  358          - 13824.7740      -     -    4s
     0     0 13830.2239    0  389          - 13830.2239      -     -    4s
     0     0 13830.9907    0  378          - 13830.9907      -     -    4s
     0     0 13851.0295    0  352          - 13851.0295      -     -    4s
     0     0 13854.7867    0  338          - 13854.7867      -     -    4s
     0     0 13855.5544    0  394          - 13855.5544      -     -    4s
     0     0 13863.4310    0  448          - 13863.4310      -     -    5s
     0     0 13863.4310    0  384          - 13863.4310      -     -    5s
     0     2 13865.7991    0  370          - 13865.7991      -     -    7s
    40    43 13901.9693   15  387          - 13869.9936      -   266   10s
    78    83 14006.3942   25  386          - 13869.9936      -   378   15s
   133   143 14323.4930   39  271          - 13869.9936      -   371   20s
   199   218 14922.0489   63  202          - 13869.9936      -   353   25s
   290   310 15317.2192  105  151          - 13869.9936      -   294   30s
   465   523 16195.1653  195   34          - 13869.9936      -   224   35s
   689   739 17889.8050  300   10          - 13870.4798      -   165   40s
   932   950 13975.7474    4  422          - 13877.1731      -   135   46s
  1012   956 15659.0259  156  426          - 13894.7000      -   129   50s
  1028   966 15845.7719  181  516          - 13967.8468      -   127   55s
  1042   976 13993.2694   11  473          - 13993.2694      -   125   60s
  1058   986 15125.3783   86  449          - 14005.1416      -   123   65s
  1077   999 16370.7159  221  557          - 14027.7033      -   121   70s
  1092  1009 15365.0079  105  581          - 14034.4650      -   119   75s
  1112  1022 15659.0259  156  551          - 14038.8383      -   117   80s
  1133  1037 14039.5638   24  512          - 14039.5638      -   134   85s
  1142  1043 14039.7430   11  494          - 14039.7430      -   133   90s
  1150  1052 14043.3155   23  447          - 14043.3155      -   143   95s
  1178  1072 14053.4335   31  406          - 14053.4335      -   150  100s
  1210  1095 14084.0972   39  339          - 14054.9519      -   159  105s
  1250  1124 14288.8627   49  199          - 14054.9519      -   167  110s
  1314  1170 14469.2275   67  229          - 14054.9519      -   174  115s
  1374  1215 14777.0676   85  141          - 14054.9519      -   177  120s
  1479  1303 15196.0126  116  124          - 14054.9519      -   177  126s
  1576  1367 15437.5939  145   88          - 14054.9519      -   175  130s
  1686  1459 15755.3340  175   59          - 14054.9519      -   172  135s
* 1836  1492             235    16238.180000 14054.9519  13.4%   166  139s
  1891  1434     cutoff  254      16238.1800 14054.9828  13.4%   163  142s
  1919  1451 14113.8676   32  408 16238.1800 14054.9828  13.4%   163  145s
  1960  1489 14140.8610   38  390 16238.1800 14054.9828  13.4%   165  152s
H 1983  1432                    16110.180000 14054.9828  12.8%   165  154s
  1993  1453 14161.8963   43  334 16110.1800 14054.9828  12.8%   166  156s
  2017  1451 14164.0771   45  289 16110.1800 14054.9828  12.8%   166  166s
H 2020  1398                    16082.620000 14054.9828  12.6%   166  166s
  2079  1460 14247.7459   52  350 16082.6200 14054.9828  12.6%   167  171s
  2144  1471 14339.0331   59  306 16082.6200 14054.9828  12.6%   167  177s
  2179  1474 14099.8446   29  325 16082.6200 14054.9828  12.6%   168  180s
  2214  1510 14537.9269   76  231 16082.6200 14054.9828  12.6%   170  186s
  2232  1525 14566.2102   82  205 16082.6200 14054.9828  12.6%   172  190s
  2285  1557 14649.3904  101  121 16082.6200 14054.9828  12.6%   173  196s
  2335  1618 14809.1240  116  148 16082.6200 14054.9828  12.6%   174  201s
  2380  1622 14855.5361  132  171 16082.6200 14054.9828  12.6%   174  205s
  2437  1690 14950.0930  149  121 16082.6200 14054.9828  12.6%   174  211s
  2486  1713 15076.1591  168   96 16082.6200 14054.9828  12.6%   173  215s
  2588  1750 14454.0364   81  158 16082.6200 14054.9828  12.6%   170  220s
  2633  1800 15773.3229  229   34 16082.6200 14055.3225  12.6%   169  225s
  2728  1853 14377.4335   32  263 16082.6200 14055.3225  12.6%   169  232s
  2770  1898 14332.5367   35  310 16082.6200 14055.3225  12.6%   169  236s
  2831  1935 14410.4552   38  367 16082.6200 14055.3225  12.6%   169  241s
H 2900  1901                    16026.620000 14055.3225  12.3%   168  245s
  2988  1955 14412.3096   44  330 16026.6200 14055.3225  12.3%   165  250s
  3120  1938 14509.5923   46  239 16026.6200 14055.3225  12.3%   161  255s
  3151  1966 14530.9185   55  278 16026.6200 14055.3225  12.3%   164  263s
  3174  1988 14694.7207   58  204 16026.6200 14055.3225  12.3%   165  267s
  3204  2002 14712.6636   64  270 16026.6200 14055.3225  12.3%   167  271s
  3228  2023 14750.0315   69  296 16026.6200 14055.3225  12.3%   168  276s
  3257  2015 14798.9987   74  185 16026.6200 14055.3225  12.3%   169  287s
  3259  2053 14824.0045   74  195 16026.6200 14055.3225  12.3%   169  291s
  3297  2047 14900.4210   77  199 16026.6200 14055.3225  12.3%   170  303s
  3304  2113 14931.8971   77  239 16026.6200 14055.3225  12.3%   170  307s
  3372  2182 14957.4508   88  207 16026.6200 14055.3225  12.3%   170  313s
  3464  2300 15064.4496   98  261 16026.6200 14055.3225  12.3%   169  319s
  3620  2252 15748.2058  161   50 16026.6200 14055.3225  12.3%   166  321s
  3626  2275 15252.1447  108  147 16026.6200 14055.3225  12.3%   166  325s
  3667  2317 15363.0005  116  102 16026.6200 14055.3225  12.3%   167  330s
  3722  2401 15501.5860  128  117 16026.6200 14055.3225  12.3%   168  336s
  3815  2522 15680.0183  143  116 16026.6200 14061.5650  12.3%   167  343s
  3974  2552 14332.7968   29  440 16026.6200 14061.6685  12.3%   165  350s
  4004  2641 14593.3043   42  218 16026.6200 14061.6685  12.3%   166  356s
  4093  2796 15129.0903  106  208 16026.6200 14062.5199  12.3%   165  364s
  4172  2802 14834.0246   74  166 16026.6200 14062.7534  12.3%   164  365s
  4286  2818     cutoff  166      16026.6200 14075.6245  12.2%   162  370s
  4308  2863 14372.8814   33  278 16026.6200 14075.6245  12.2%   163  376s
  4353  3041 14973.5498   56  153 16026.6200 14075.6245  12.2%   165  383s
  4475  3041 14894.1460   84   56 16026.6200 14075.6245  12.2%   163  385s
  4564  3060 15988.5997  153   33 16026.6200 14079.1365  12.2%   161  391s
  4603  3114     cutoff  155      16026.6200 14079.6067  12.1%   163  398s
  4658  3205 14378.0646   35  321 16026.6200 14079.6067  12.1%   164  405s
  4758  3313 14681.3308   67  168 16026.6200 14080.4420  12.1%   164  414s
  4833  3313 15366.8212  142    8 16026.6200 14080.4420  12.1%   163  415s
  4885  3400 infeasible  156      16026.6200 14080.4849  12.1%   164  423s
  4976  3419 14391.1085   43  256 16026.6200 14080.4849  12.1%   164  431s
  5004  3478 14480.8023   49  259 16026.6200 14080.4849  12.1%   165  439s
  5063  3605 14667.1789   59  212 16026.6200 14080.4849  12.1%   167  448s
  5200  3746 14839.4958   78  118 16026.6200 14080.4849  12.1%   167  457s
  5341  3894 15180.3478  122   47 16026.6200 14087.1556  12.1%   167  468s
  5542  3934 14206.8192   37  393 16026.6200 14087.3761  12.1%   165  477s
  5582  3992 14391.7717   49  267 16026.6200 14087.3761  12.1%   167  486s
  5640  4160 14579.7338   64  125 16026.6200 14087.3761  12.1%   169  496s
  5808  4296 14957.8085  114   32 16026.6200 14088.3352  12.1%   169  508s
  5975  4394 15846.8488  152    8 16026.6200 14088.3940  12.1%   168  520s
  6079  4536     cutoff  153      16026.6200 14092.7651  12.1%   169  532s
* 6091  4461             159    15951.790000 14092.7651  11.7%   169  532s
  6278  4579 14677.2971   56  107 15951.7900 14093.3185  11.7%   168  544s
  6353  4579     cutoff  171      15951.7900 14093.3185  11.7%   168  545s
  6388  4718 15706.2488   94   45 15951.7900 14100.4799  11.6%   169  555s
  6581  4855 15338.4098   66   67 15951.7900 14108.1500  11.6%   169  567s
  6755  4917     cutoff  128      15951.7900 14117.1355  11.5%   168  578s
  6819  5017 14322.9282   38  338 15951.7900 14117.7429  11.5%   170  590s
  6919  5173 14440.0651   48  206 15951.7900 14117.7429  11.5%   171  602s
  7122  5221 14672.5065   73  101 15951.7900 14117.7429  11.5%   171  616s
  7157  5400 14961.2933   82   78 15951.7900 14123.2018  11.5%   171  628s
  7307  5401 15574.8951  142    4 15951.7900 14123.2018  11.5%   170  630s
  7351  5512     cutoff  145      15951.7900 14123.2229  11.5%   170  643s
  7476  5661 14582.4342   46  253 15951.7900 14129.0187  11.4%   172  657s
  7627  5995 15156.3029   86  134 15951.7900 14129.5872  11.4%   173  674s
  7765  5995 14728.2759   53  215 15951.7900 14129.5872  11.4%   172  675s
  8000  6149 15648.4676  117   56 15951.7900 14133.6007  11.4%   171  690s
  8166  6250 15830.5640  107   71 15951.7900 14133.9191  11.4%   171  705s
  8291  6459 14711.8932   51  176 15951.7900 14134.4479  11.4%   172  720s
  8553  6760 14959.3059   74  106 15951.7900 14134.7989  11.4%   172  738s
  8678  6760 15435.9514  115   30 15951.7900 14134.7989  11.4%   171  740s
  8874  6904     cutoff  166      15951.7900 14135.3547  11.4%   170  755s
  9029  7068 15580.3120  102   90 15951.7900 14143.0419  11.3%   170  769s
  9119  7068 15721.1319   89   45 15951.7900 14143.0419  11.3%   170  770s
  9216  7252 15771.7315   99    4 15951.7900 14143.2625  11.3%   170  785s
  9503  7415 infeasible  130      15951.7900 14146.0816  11.3%   169  800s
  9683  7502     cutoff  117      15951.7900 14147.1919  11.3%   169  813s
  9773  7668 14843.7549   76  194 15951.7900 14148.0270  11.3%   170  830s
  9959  7741     cutoff  150      15951.7900 14149.6005  11.3%   170  844s
 10033  7913 15029.7243   72  127 15951.7900 14150.7380  11.3%   171  858s
 10208  7913 15779.2979  123  102 15951.7900 14150.9778  11.3%   170  860s
 10238  8062 15097.4239   71   99 15951.7900 14151.3135  11.3%   170  873s
 10383  8062 15887.8548  115   52 15951.7900 14152.2469  11.3%   170  875s
 10420  8235 14735.4083   39  183 15951.7900 14153.2637  11.3%   171  890s
 10611  8330 14326.3604   25  408 15951.7900 14153.2637  11.3%   171  906s
 10733  8478 15295.1657   66  191 15951.7900 14157.0438  11.3%   172  923s
 10897  8615 15116.3706   58  203 15951.7900 14161.5503  11.2%   172  938s
 11042  8615 15271.6072   69  160 15951.7900 14164.3376  11.2%   173  940s
 11056  8752 15033.8637   52  165 15951.7900 14164.3609  11.2%   173  954s
 11163  8753 14398.2262   37  283 15951.7900 14164.3609  11.2%   172  955s
 11238  8928     cutoff  126      15951.7900 14166.6373  11.2%   173  969s
 11264  8928 14608.6395   62  253 15951.7900 14166.6373  11.2%   173  970s
 11445  9068 14292.0732   37  455 15951.7900 14168.9580  11.2%   172  985s
 11624  9221 15883.4500  129    - 15951.7900 14169.8389  11.2%   173 1001s
 11800  9332     cutoff  129      15951.7900 14170.7386  11.2%   173 1017s
 11932  9520 14874.4232   74  223 15951.7900 14175.0004  11.1%   173 1033s
 12151  9650 15204.0510   74  101 15951.7900 14175.8287  11.1%   173 1048s
 12311  9757     cutoff  118      15951.7900 14176.6697  11.1%   174 1063s
 12453  9893 14885.1782   63  287 15951.7900 14178.3668  11.1%   174 1078s
 12616 10066 14583.2877   57  222 15951.7900 14178.7131  11.1%   175 1095s
 12819 10181     cutoff  128      15951.7900 14179.9202  11.1%   174 1110s
 12943 10423 14414.8126   37  390 15951.7900 14182.0885  11.1%   175 1127s
 13209 10559 14401.7426   36  279 15951.7900 14182.0885  11.1%   175 1145s
 13387 10642 14443.3422   44  233 15951.7900 14182.0885  11.1%   175 1160s
 13475 10778 14545.6193   52  172 15951.7900 14182.0885  11.1%   176 1175s
 13633 10930 14723.6522   64  117 15951.7900 14182.0885  11.1%   176 1190s
 13796 11184 14995.5376   85   14 15951.7900 14185.8335  11.1%   176 1207s
 14160 11301 infeasible  142      15951.7900 14188.0072  11.1%   175 1223s
 14260 11524 14920.5210   71  268 15951.7900 14189.3519  11.0%   175 1241s
 14532 11653 14688.1235   50  254 15951.7900 14190.9202  11.0%   174 1256s
 14669 11752 14656.4895   49  368 15951.7900 14191.1406  11.0%   175 1271s
 14778 12007 14442.9372   42  296 15951.7900 14191.6895  11.0%   176 1289s
 14853 12007 15699.4654  117   20 15951.7900 14191.6895  11.0%   176 1290s
 15074 12195 14341.1793   37  368 15951.7900 14192.9019  11.0%   175 1310s
 15305 12307 15807.1417  120   41 15951.7900 14194.1560  11.0%   174 1326s
 15445 12550 14683.9551   67  154 15951.7900 14194.5944  11.0%   175 1342s
 15738 12765     cutoff  147      15951.7900 14197.9953  11.0%   174 1359s
 15836 12765 15339.1745  140    4 15951.7900 14197.9953  11.0%   173 1360s
 15992 12984     cutoff  161      15951.7900 14201.0748  11.0%   173 1376s
 16269 13116 15653.0906  114   23 15951.7900 14203.1597  11.0%   172 1392s
 16412 13382 14697.0045   73  104 15951.7900 14204.4050  11.0%   173 1407s
 16698 13590 15814.5008  132   18 15951.7900 14205.1356  10.9%   172 1426s
*16925 13668             135    15937.690000 14206.2648  10.9%   172 1441s
 17060 13833 14966.4364   63  196 15937.6900 14206.9183  10.9%   172 1457s
 17256 13986 14690.7822   58  249 15937.6900 14208.6471  10.8%   172 1472s
 17440 14071 14605.2048   54  332 15937.6900 14209.2094  10.8%   172 1488s
 17523 14310 14887.5843   73  111 15937.6900 14209.3652  10.8%   173 1505s
 17857 14501 15781.7700  154    - 15937.6900 14209.6605  10.8%   172 1522s
 18081 14623     cutoff  154      15937.6900 14210.0646  10.8%   172 1538s
 18223 14736 15119.0477   90   60 15937.6900 14210.5483  10.8%   172 1554s
 18365 14812 14545.7192   35  316 15937.6900 14210.5741  10.8%   172 1568s
 18442 15103 14795.8517   55  151 15937.6900 14210.6277  10.8%   173 1585s
 18785 15205 infeasible  135      15937.6900 14210.6345  10.8%   173 1601s
 18909 15381 14760.6251   43  195 15937.6900 14210.6434  10.8%   173 1617s
 19085 15526 15582.7145   85  112 15937.6900 14210.8972  10.8%   173 1632s
 19293 15702     cutoff  105      15937.6900 14211.4005  10.8%   174 1648s
 19432 15702 infeasible  119      15937.6900 14211.6903  10.8%   173 1650s
 19486 15833 15371.2912  122   12 15937.6900 14211.7256  10.8%   174 1665s
 19649 16007 15054.9628   88  167 15937.6900 14211.8287  10.8%   174 1680s
 19871 16127 14824.1666   59  212 15937.6900 14211.9554  10.8%   173 1696s
 19999 16404     cutoff  135      15937.6900 14212.1546  10.8%   174 1714s
 20108 16404 15918.4207  123    4 15937.6900 14212.1546  10.8%   174 1715s
 20351 16477 14384.8170   37  403 15937.6900 14213.0574  10.8%   173 1729s
 20442 16581 14807.1436   61   83 15937.6900 14213.3983  10.8%   173 1745s
 20548 16763 15131.8244   92   49 15937.6900 14213.6644  10.8%   174 1765s
 20758 16829     cutoff  133      15937.6900 14214.7057  10.8%   173 1779s
 20829 16829 14576.8376   42  231 15937.6900 14214.7583  10.8%   174 1780s
 20834 17060 14713.9802   41  242 15937.6900 14214.7583  10.8%   174 1795s
 21069 17286 15276.2509   90   79 15937.6900 14214.8855  10.8%   174 1812s
 21348 17400 15704.9989  137   70 15937.6900 14215.8645  10.8%   174 1828s
*21454 16979             120    15852.150000 14216.3742  10.3%   174 1828s
 21514 17096     cutoff  149      15852.1500 14216.5028  10.3%   174 1843s
 21633 17096 15770.1519   89   99 15852.1500 14216.5772  10.3%   175 1845s
 21652 17189 15618.5833  106   41 15852.1500 14216.8692  10.3%   175 1859s
 21685 17189 14290.6274   26  425 15852.1500 14216.8692  10.3%   174 1860s
 21774 17232 14499.5128   35  324 15852.1500 14216.9406  10.3%   175 1873s
 21817 17363 14587.4386   46  162 15852.1500 14216.9406  10.3%   176 1888s
 21986 17529 14919.0700   78  141 15852.1500 14217.4118  10.3%   176 1905s
 22197 17594     cutoff  144      15852.1500 14218.1978  10.3%   176 1920s
 22261 17772 14887.0486   56  221 15852.1500 14218.2590  10.3%   177 1935s
 22484 17920 14648.1127   53   98 15852.1500 14219.0899  10.3%   177 1951s
 22672 17959 14557.0355   39  250 15852.1500 14219.2206  10.3%   177 1966s
 22702 18033 14709.3804   44  251 15852.1500 14219.2206  10.3%   177 1980s
 22776 18161 15171.3997   59  235 15852.1500 14220.0130  10.3%   178 1995s
 22924 18287 14625.4207   46  196 15852.1500 14222.1192  10.3%   178 2011s
 23072 18398     cutoff  114      15852.1500 14222.2674  10.3%   178 2027s
 23202 18509 15626.6029  106    5 15852.1500 14223.8474  10.3%   179 2043s
 23339 18608     cutoff  109      15852.1500 14225.3039  10.3%   179 2057s
 23453 18729 15061.7344   60  258 15852.1500 14227.5429  10.2%   179 2074s
 23579 18729 15661.6040   86   21 15852.1500 14227.6410  10.2%   179 2075s
 23602 18823 14930.9743   53  247 15852.1500 14228.1044  10.2%   179 2088s
H23705 18802                    15830.990000 14228.1044  10.1%   180 2104s
 23879 18941 15795.4594  103   58 15830.9900 14231.0974  10.1%   180 2120s
 24045 19102 15367.2265   92    6 15830.9900 14231.9803  10.1%   180 2136s
 24231 19271 15233.4589   89   55 15830.9900 14232.9191  10.1%   180 2154s
 24306 19273 15135.8050   55  131 15830.9900 14232.9191  10.1%   180 2155s
 24427 19367     cutoff  128      15830.9900 14233.4887  10.1%   180 2171s
 24524 19482 15673.2279  107   19 15830.9900 14233.7058  10.1%   181 2189s
 24651 19482 15785.9905  137    6 15830.9900 14233.7250  10.1%   181 2190s
 24664 19563 14739.3541   41  285 15830.9900 14233.7250  10.1%   181 2203s
 24747 19711 15109.1049   54  229 15830.9900 14233.7679  10.1%   181 2220s
 24920 19845 14346.9763   43  333 15830.9900 14233.8226  10.1%   181 2236s
 25088 19967 15601.1812  111   18 15830.9900 14234.0872  10.1%   181 2252s
 25243 20084 14781.9614   69  130 15830.9900 14235.3590  10.1%   182 2267s
 25372 20178 14847.3550   69  118 15830.9900 14235.4932  10.1%   182 2285s
 25498 20246 14439.1383   36  273 15830.9900 14235.5531  10.1%   182 2301s
 25557 20268 14542.4631   47  171 15830.9900 14235.5531  10.1%   183 2459s
 25568 20268 14751.8937   46  167 15830.9900 14235.5531  10.1%   183 2460s
 25579 20583 14607.0587   50  106 15830.9900 14235.6117  10.1%   183 2480s
*25932 16839             123    15465.730000 14236.0328  7.95%   182 2501s
 26005 16977 14558.3164   40  333 15465.7300 14236.3607  7.95%   182 2521s
 26203 17061 14476.3475   30  310 15465.7300 14236.8912  7.95%   182 2539s
 26306 17182 14490.5302   37  446 15465.7300 14237.2420  7.94%   183 2556s
 26460 17231 14461.3720   31  332 15465.7300 14237.2814  7.94%   183 2572s
 26509 17339 14721.9922   45  211 15465.7300 14237.2814  7.94%   184 2589s
 26580 17339 14466.9313   46  407 15465.7300 14237.2814  7.94%   184 2590s
 26617 17530 14940.8533   79  133 15465.7300 14237.2861  7.94%   185 2607s
 26858 17648     cutoff  118      15465.7300 14237.5800  7.94%   185 2625s
 27000 17787 14934.8752   84  106 15465.7300 14238.1307  7.94%   185 2643s
 27158 17889     cutoff  109      15465.7300 14238.8956  7.93%   185 2660s
 27286 17970     cutoff  108      15465.7300 14239.2542  7.93%   185 2676s
 27375 18154 15247.2481   61  170 15465.7300 14239.8668  7.93%   186 2695s
 27601 18263 15190.5242   68  251 15465.7300 14240.3220  7.92%   186 2714s
 27658 18263     cutoff  125      15465.7300 14240.3835  7.92%   186 2715s
 27736 18329 15055.1457   64  100 15465.7300 14240.7074  7.92%   186 2733s
 27815 18419 14762.8397   66  173 15465.7300 14240.8395  7.92%   187 2750s
H27826 18391                    15463.730000 14240.8395  7.91%   187 2750s
 27917 18474 14562.9004   43  236 15463.7300 14241.2392  7.91%   187 2766s
 28007 18600 14514.2470   38  246 15463.7300 14241.2392  7.91%   188 2785s
 28189 18782 14955.5572   55  121 15463.7300 14242.2822  7.90%   188 2804s
 28239 18782 15087.6438   84   10 15463.7300 14242.2822  7.90%   188 2805s
 28434 18890 15374.1500  120    - 15463.7300 14242.4020  7.90%   188 2822s
 28563 18964     cutoff  120      15463.7300 14243.2905  7.89%   188 2840s
 28644 19044 15075.8191   69  115 15463.7300 14245.0223  7.88%   189 2857s
 28752 19117 15119.1219   58  242 15463.7300 14245.2222  7.88%   189 2873s
 28845 19183 14511.2610   51  271 15463.7300 14245.8311  7.88%   190 2890s
 28911 19354 14736.7313   63  195 15463.7300 14245.8311  7.88%   190 2909s
 29011 19354 15371.6279  104   38 15463.7300 14245.8311  7.88%   190 2910s
 29082 19533 14997.8018  108    7 15463.7300 14245.8855  7.88%   191 2929s
 29140 19542 14685.6741   55  191 15463.7300 14245.8855  7.88%   191 2930s
 29336 19636 15433.1113  125   37 15463.7300 14246.4161  7.87%   190 2947s
 29443 19772 15197.1028   62  219 15463.7300 14246.6720  7.87%   191 2963s
 29603 19901 14724.1149   54  284 15463.7300 14247.0065  7.87%   191 2983s
 29800 19959 14378.8550   47  343 15463.7300 14248.1166  7.86%   191 3000s
 29858 20145 14697.6944   59  289 15463.7300 14248.1166  7.86%   192 3019s
 29992 20145 15079.3626   82   45 15463.7300 14248.1166  7.86%   192 3020s
 30078 20279 14927.0325   99   56 15463.7300 14248.4870  7.86%   192 3040s
 30253 20435     cutoff  115      15463.7300 14249.6264  7.85%   192 3057s
 30426 20537 infeasible  132      15463.7300 14250.7680  7.84%   192 3075s
 30550 20620 15367.4124   73  149 15463.7300 14251.7145  7.84%   192 3091s
 30660 20775 15086.4038   72  149 15463.7300 14252.6649  7.83%   193 3110s
 30844 20929     cutoff  133      15463.7300 14252.8248  7.83%   193 3130s
 31011 21040 15231.9186  104   43 15463.7300 14252.9863  7.83%   193 3149s
 31101 21040 15019.2042   76  191 15463.7300 14253.1715  7.83%   193 3150s
 31157 21130 15312.3856   85  182 15463.7300 14253.9887  7.82%   193 3166s
 31277 21229 14926.3307   65  235 15463.7300 14254.0703  7.82%   193 3184s
 31416 21351 14869.1541   50  223 15463.7300 14254.4102  7.82%   194 3202s
 31571 21440 14894.0938   46  310 15463.7300 14255.4500  7.81%   194 3219s
 31636 21440 14774.1650   43  121 15463.7300 14255.4500  7.81%   194 3220s
 31694 21546 14776.7858   44  105 15463.7300 14255.6798  7.81%   194 3238s
 31840 21639 14911.2439   54  154 15463.7300 14255.8781  7.81%   194 3256s
 31945 21736 14765.6645   51  327 15463.7300 14255.9536  7.81%   195 3273s
 32064 21890 14901.5725   58  203 15463.7300 14256.3718  7.81%   195 3291s
 32242 22011 14971.7635   85   95 15463.7300 14256.9540  7.80%   195 3308s
 32373 22102     cutoff  116      15463.7300 14257.3702  7.80%   195 3325s
 32486 22202 15171.6440   67  174 15463.7300 14257.8392  7.80%   196 3342s
 32611 22370 15043.4400   70  202 15463.7300 14258.6559  7.79%   196 3362s
 32850 22460     cutoff  111      15463.7300 14258.9829  7.79%   196 3381s
 32976 22606 14668.8896   34  436 15463.7300 14259.2728  7.79%   196 3399s
 33019 22606 14961.4831   56  119 15463.7300 14259.2728  7.79%   196 3400s
 33158 22727 14993.3880   61   63 15463.7300 14259.3698  7.79%   196 3418s
 33328 22809     cutoff   94      15463.7300 14259.6878  7.79%   196 3437s
 33431 22877 14569.3185   33  329 15463.7300 14259.9990  7.78%   197 3454s
 33518 22985 15365.9395   78   98 15463.7300 14260.5687  7.78%   197 3472s
 33652 23055 14841.9022   66  157 15463.7300 14261.4153  7.78%   198 3490s
 33739 23170 14481.5638   42  278 15463.7300 14261.5741  7.77%   198 3509s
 33856 23368 14822.4465   72   87 15463.7300 14261.7668  7.77%   199 3529s
 33992 23378 14681.5824   57  199 15463.7300 14261.7668  7.77%   198 3530s
 34115 23488 infeasible  130      15463.7300 14261.8999  7.77%   198 3547s
 34234 23597 15351.2476   88  162 15463.7300 14262.5449  7.77%   199 3565s
 34368 23712 15175.8543   75   81 15463.7300 14262.6002  7.77%   199 3585s
 34505 23772 15276.3627   54  105 15463.7300 14262.7728  7.77%   199 3600s

Cutting planes:
  User: 4055
  Gomory: 31
  Cover: 403
  Implied bound: 62
  Clique: 3
  MIR: 128
  Flow cover: 419
  Zero half: 13
  RLT: 276
  Relax-and-lift: 9
  Lazy constraints: 4721

Explored 34575 nodes (6904795 simplex iterations) in 3600.65 seconds
Thread count was 2 (of 32 available processors)

Solution count 10: 15463.7 15465.7 15831 ... 16238.2

Time limit reached
Best objective 1.546373000000e+04, best bound 1.426277275314e+04, gap 7.7663%

User-callback calls 341482, time in user-callback 241.68 sec
================================================================================
executing instance: ./input/Instances/Original/2/absH3high_4n10.dat
--------------------------------------------------------------------------------
Instance details
n	11
H	3
C	822
Li:
[0, 0, 0, 0, 0, 0, 0, 0, 0, 0, 0, ]
Ui:
[0, 102, 52, 88, 182, 153, 138, 38, 165, 297, 86, ]
Distance matrix:
|0	285	411	382	327	239	148	256	307	36	383	|
|285	0	352	98	249	103	227	235	120	268	209	|
|411	352	0	395	106	430	263	549	234	429	174	|
|382	98	395	0	302	173	320	288	168	364	227	|
|327	249	106	302	0	324	179	444	135	339	109	|
|239	103	430	173	324	0	241	132	212	212	305	|
|148	227	263	320	179	241	0	325	192	165	249	|
|256	235	549	288	444	132	325	0	342	220	436	|
|307	120	234	168	135	212	192	342	0	304	94	|
|36	268	429	364	339	212	165	220	304	0	386	|
|383	209	174	227	109	305	249	436	94	386	0	|

--------------------------------------------------------------------------------
Building model...
	using lazy and cut (CVRPSEP package)
Solving IRP LP...
--------------------------------------------------------------------------------

Gurobi 9.1.0 (linux64) logging started Sat Jan 23 10:36:02 2021

Gurobi Optimizer version 9.1.0 build v9.1.0rc0 (linux64)
Thread count: 32 physical cores, 32 logical processors, using up to 2 threads
Optimize a model with 491 rows, 956 columns and 2696 nonzeros
Model fingerprint: 0x0d613040
Variable types: 164 continuous, 792 integer (132 binary)
Coefficient statistics:
  Matrix range     [1e+00, 3e+02]
  Objective range  [2e-01, 5e+02]
  Bounds range     [1e+00, 3e+02]
  RHS range        [2e+01, 1e+03]
Presolve removed 185 rows and 119 columns
Presolve time: 0.01s
Presolved: 306 rows, 837 columns, 2126 nonzeros
Variable types: 141 continuous, 696 integer (585 binary)
Found heuristic solution: objective 8029.9900000

Root relaxation: objective 4.141947e+03, 477 iterations, 0.01 seconds

    Nodes    |    Current Node    |     Objective Bounds      |     Work
 Expl Unexpl |  Obj  Depth IntInf | Incumbent    BestBd   Gap | It/Node Time

     0     0 4141.94665    0   59 8029.99000 4141.94665  48.4%     -    0s
H    0     0                    7251.7000000 4141.94665  42.9%     -    0s
     0     0 4337.72467    0   70 7251.70000 4337.72467  40.2%     -    0s
     0     0 4369.99397    0   69 7251.70000 4369.99397  39.7%     -    0s
     0     0 4370.95808    0   61 7251.70000 4370.95808  39.7%     -    0s
     0     0 4574.72397    0   88 7251.70000 4574.72397  36.9%     -    0s
     0     0 4575.33844    0   97 7251.70000 4575.33844  36.9%     -    0s
     0     0 4651.53381    0   62 7251.70000 4651.53381  35.9%     -    0s
H    0     0                    6945.3500000 4651.53381  33.0%     -    0s
     0     0 4656.74015    0   61 6945.35000 4656.74015  33.0%     -    0s
     0     0 4656.74015    0   64 6945.35000 4656.74015  33.0%     -    0s
     0     0 4699.74472    0  103 6945.35000 4699.74472  32.3%     -    0s
     0     0 4708.10278    0  103 6945.35000 4708.10278  32.2%     -    0s
     0     0 4708.21572    0  104 6945.35000 4708.21572  32.2%     -    0s
     0     0 4720.84945    0   93 6945.35000 4720.84945  32.0%     -    0s
     0     0 4725.38155    0   92 6945.35000 4725.38155  32.0%     -    0s
     0     0 4725.75203    0   88 6945.35000 4725.75203  32.0%     -    0s
     0     0 4737.55078    0  103 6945.35000 4737.55078  31.8%     -    0s
H    0     0                    6866.3500000 4737.55078  31.0%     -    0s
     0     0 4738.32417    0  131 6866.35000 4738.32417  31.0%     -    0s
     0     0 4739.52404    0  126 6866.35000 4739.52404  31.0%     -    0s
     0     0 4739.52404    0  130 6866.35000 4739.52404  31.0%     -    0s
     0     0 4742.63374    0  127 6866.35000 4742.63374  30.9%     -    0s
     0     0 4742.63374    0  102 6866.35000 4742.63374  30.9%     -    0s
H    0     0                    6372.3500000 4742.63374  25.6%     -    0s
     0     2 4742.63374    0   92 6372.35000 4742.63374  25.6%     -    0s
H   31    35                    6270.3500000 4795.44845  23.5%  92.1    0s
