




arguments: ./build/mirp_solver -f ./input/orig_exec_314.cfg
Current dir: /scratch/gui/bnc_mirp
File verbosity level: 9
date       time         ( uptime  ) [ thread name/id ]                   file:line     v| 
2021-01-17 09:28:40.556 (   0.038s) [main thread     ]             loguru.cpp:789   INFO| Logging to './output/vi_vr/OU/V4/Original/execution_17_01_2021_09_28_40.log', mode: 'a', verbosity: 9
--------------------------------------------------------------------------------
Parameters
                           instance_path           ./input/Instances/Original/1/
                            model_policy                                       1
                             nb_vehicles                                       4
                              output_dir          ./output/vi_vr/OU/V4/Original/
                            sec_strategy                                       1
                       solver_nb_threads                                       2
                         solver_show_log                                    true
                       solver_time_limit                                    3600
                              use_vi_cos                                   false
                              use_vi_cus                                   false
                         use_vi_hc1_full                                   false
                         use_vi_hc1_half                                   false
                      use_vi_hc1_quarter                                   false
                              use_vi_hc2                                   false
                              use_vi_hc3                                   false
                         use_vi_lex_full                                   false
                         use_vi_lex_half                                   false
                      use_vi_lex_quarter                                   false
                              use_vi_qua                                   false
                               use_vi_vc                                   false
                               use_vi_vr                                    true
--------------------------------------------------------------------------------
executing instance: ./input/Instances/Original/1/absH3high_1n5.dat
--------------------------------------------------------------------------------
Instance details
n	6
H	3
C	289
Li:
[0, 0, 0, 0, 0, 0, ]
Ui:
[0, 195, 105, 116, 72, 22, ]
Distance matrix:
|0	85	349	17	203	289	|
|85	0	265	102	214	226	|
|349	265	0	366	368	238	|
|17	102	366	0	207	302	|
|203	214	368	207	0	431	|
|289	226	238	302	431	0	|

--------------------------------------------------------------------------------
Building model...
	using lazy and cut (CVRPSEP package)
Solving IRP LP...
--------------------------------------------------------------------------------

Gurobi 9.1.0 (linux64) logging started Sun Jan 17 09:28:40 2021

Gurobi Optimizer version 9.1.0 build v9.1.0rc0 (linux64)
Thread count: 32 physical cores, 32 logical processors, using up to 2 threads
Optimize a model with 261 rows, 336 columns and 1071 nonzeros
Model fingerprint: 0x1d92fe92
Variable types: 84 continuous, 252 integer (72 binary)
Coefficient statistics:
  Matrix range     [1e+00, 2e+02]
  Objective range  [2e-01, 4e+02]
  Bounds range     [1e+00, 2e+02]
  RHS range        [1e+01, 5e+02]
Presolve removed 109 rows and 76 columns
Presolve time: 0.01s
Presolved: 152 rows, 260 columns, 734 nonzeros
Variable types: 62 continuous, 198 integer (146 binary)
Found heuristic solution: objective 3464.7100000

Root relaxation: objective 1.822166e+03, 224 iterations, 0.00 seconds

    Nodes    |    Current Node    |     Objective Bounds      |     Work
 Expl Unexpl |  Obj  Depth IntInf | Incumbent    BestBd   Gap | It/Node Time

     0     0 1822.16559    0   26 3464.71000 1822.16559  47.4%     -    0s
     0     0 1970.23661    0   40 3464.71000 1970.23661  43.1%     -    0s
H    0     0                    3463.0300000 1970.23661  43.1%     -    0s
     0     0 2286.87256    0   52 3463.03000 2286.87256  34.0%     -    0s
     0     0 2292.86533    0   51 3463.03000 2292.86533  33.8%     -    0s
     0     0 2293.76608    0   52 3463.03000 2293.76608  33.8%     -    0s
     0     0 2294.00232    0   50 3463.03000 2294.00232  33.8%     -    0s
     0     0 2360.44823    0   46 3463.03000 2360.44823  31.8%     -    0s
H    0     0                    2886.3500000 2360.44823  18.2%     -    0s
     0     0 2361.03509    0   62 2886.35000 2361.03509  18.2%     -    0s
     0     0 2361.03509    0   62 2886.35000 2361.03509  18.2%     -    0s
     0     0 2383.72592    0   55 2886.35000 2383.72592  17.4%     -    0s
     0     0 2391.68667    0   55 2886.35000 2391.68667  17.1%     -    0s
     0     0 2392.02538    0   63 2886.35000 2392.02538  17.1%     -    0s
     0     0 2451.28211    0   55 2886.35000 2451.28211  15.1%     -    0s
     0     0 2454.16689    0   63 2886.35000 2454.16689  15.0%     -    0s
     0     0 2458.89183    0   73 2886.35000 2458.89183  14.8%     -    0s
     0     0 2458.89183    0   72 2886.35000 2458.89183  14.8%     -    0s
     0     0 2473.24167    0   53 2886.35000 2473.24167  14.3%     -    0s
H    0     0                    2825.3500000 2473.24167  12.5%     -    0s
     0     0 2484.42597    0   50 2825.35000 2484.42597  12.1%     -    0s
     0     0 2519.58146    0   51 2825.35000 2519.58146  10.8%     -    0s
     0     0 2520.45810    0   52 2825.35000 2520.45810  10.8%     -    0s
     0     0 2525.68630    0   48 2825.35000 2525.68630  10.6%     -    0s
     0     0 2525.71411    0   54 2825.35000 2525.71411  10.6%     -    0s
     0     0 2545.14988    0   46 2825.35000 2545.14988  9.92%     -    0s
H    0     0                    2703.3300000 2545.14988  5.85%     -    0s
     0     0 2546.43278    0   47 2703.33000 2546.43278  5.80%     -    0s
     0     0 2619.12043    0   47 2703.33000 2619.12043  3.12%     -    0s
     0     0 2634.69009    0   66 2703.33000 2634.69009  2.54%     -    0s
     0     0 2634.69009    0   67 2703.33000 2634.69009  2.54%     -    0s
     0     0 2677.37435    0   52 2703.33000 2677.37435  0.96%     -    0s
     0     0 2677.37435    0   54 2703.33000 2677.37435  0.96%     -    0s
     0     0 2677.37435    0   43 2703.33000 2677.37435  0.96%     -    0s
     0     0 2677.37435    0   19 2703.33000 2677.37435  0.96%     -    0s
     0     0 2677.37435    0   22 2703.33000 2677.37435  0.96%     -    0s
     0     0 2677.37435    0   35 2703.33000 2677.37435  0.96%     -    0s
     0     0 2677.37435    0   21 2703.33000 2677.37435  0.96%     -    0s
     0     0 2677.37435    0   21 2703.33000 2677.37435  0.96%     -    0s
     0     0 2677.37435    0   12 2703.33000 2677.37435  0.96%     -    0s
     0     0 2677.37435    0   23 2703.33000 2677.37435  0.96%     -    0s
     0     0 2686.82293    0   29 2703.33000 2686.82293  0.61%     -    0s
     0     0 2686.82293    0   34 2703.33000 2686.82293  0.61%     -    0s
     0     0 2699.77444    0    7 2703.33000 2699.77444  0.13%     -    0s
     0     0 2699.85405    0   10 2703.33000 2699.85405  0.13%     -    0s
     0     0 2701.86556    0   10 2703.33000 2701.86556  0.05%     -    0s
     0     0 2701.86556    0    3 2703.33000 2701.86556  0.05%     -    0s
     0     0     cutoff    0      2703.33000 2703.33000  0.00%     -    0s

Cutting planes:
  Gomory: 2
  MIR: 2
  Flow cover: 3
  Network: 1

Explored 1 nodes (1895 simplex iterations) in 0.25 seconds
Thread count was 2 (of 32 available processors)

Solution count 5: 2703.33 2825.35 2886.35 ... 3464.71

Optimal solution found (tolerance 1.00e-04)
Best objective 2.703330000000e+03, best bound 2.703330000000e+03, gap 0.0000%

User-callback calls 380, time in user-callback 0.02 sec
================================================================================
executing instance: ./input/Instances/Original/1/absH3high_1n45.dat
--------------------------------------------------------------------------------
Instance details
n	46
H	3
C	3462
Li:
[0, 0, 0, 0, 0, 0, 0, 0, 0, 0, 0, 0, 0, 0, 0, 0, 0, 0, 0, 0, 0, 0, 0, 0, 0, 0, 0, 0, 0, 0, 0, 0, 0, 0, 0, 0, 0, 0, 0, 0, 0, 0, 0, 0, 0, 0, ]
Ui:
[0, 273, 270, 36, 165, 192, 148, 45, 30, 75, 180, 198, 112, 117, 90, 64, 180, 22, 264, 174, 168, 270, 86, 66, 26, 66, 237, 156, 92, 108, 144, 72, 30, 45, 94, 54, 174, 96, 198, 136, 44, 180, 210, 249, 198, 48, ]
Distance matrix:
|0	281	201	160	249	201	93	431	236	139	252	136	116	166	390	110	349	374	303	180	327	464	236	70	44	461	346	439	363	254	312	426	305	206	71	137	169	200	247	260	20	219	256	253	460	278	|
|281	0	448	170	53	142	338	184	121	290	371	390	222	302	111	289	169	434	230	177	238	441	59	212	319	211	86	235	399	306	53	176	99	202	263	157	361	101	370	201	264	344	364	374	469	184	|
|201	448	0	285	430	325	114	556	361	171	191	64	228	174	546	294	453	306	364	289	388	435	393	254	157	585	491	536	318	254	490	554	436	407	266	292	108	388	186	337	207	181	205	190	408	364	|
|160	170	285	0	169	43	182	280	80	120	208	231	58	132	262	230	190	294	151	24	174	345	112	107	183	309	207	280	268	158	219	276	155	235	187	45	192	150	205	107	140	177	202	210	356	119	|
|249	53	430	169	0	152	317	238	145	282	377	369	212	299	157	242	215	452	261	183	273	474	76	181	290	264	140	287	421	320	63	229	145	148	221	142	352	53	374	226	234	346	370	378	498	215	|
|201	142	325	43	152	0	224	237	37	156	230	273	101	164	224	261	148	300	127	38	147	333	83	142	225	266	167	238	270	168	193	233	112	246	221	70	228	148	228	84	180	202	222	232	351	87	|
|93	338	114	182	317	224	0	460	262	92	180	52	124	112	440	199	364	307	292	191	317	415	284	140	57	490	387	452	304	208	377	457	336	297	163	181	84	274	175	256	95	152	188	180	402	280	|
|431	184	556	280	238	237	460	0	199	385	420	508	337	385	108	464	110	429	219	269	206	378	202	365	460	30	98	84	388	340	204	9	126	386	432	294	453	283	421	226	411	404	408	423	422	198	|
|236	121	361	80	145	37	262	199	0	191	255	310	138	197	191	290	114	312	118	72	133	330	69	175	262	229	132	204	279	186	174	195	75	258	251	102	262	153	254	81	216	230	246	257	353	72	|
|139	290	171	120	282	156	92	385	191	0	116	129	71	27	380	246	283	235	201	119	226	329	231	141	129	414	323	367	224	119	336	383	266	308	202	141	72	252	112	169	127	82	118	117	322	195	|
|252	371	191	208	377	230	180	420	255	116	0	187	178	90	443	361	311	127	204	195	224	246	313	257	232	446	382	380	129	81	423	421	320	422	318	242	100	355	5	195	241	34	15	2	225	224	|
|136	390	64	231	369	273	52	508	310	129	187	0	173	141	491	233	409	313	330	239	355	431	335	191	93	538	438	495	316	233	429	505	385	342	203	233	88	325	182	297	143	167	199	187	412	323	|
|116	222	228	58	212	101	124	337	138	71	178	173	0	91	319	206	244	284	187	69	212	357	165	85	130	367	265	333	264	151	267	333	213	244	161	70	140	181	175	145	97	145	177	180	359	165	|
|166	302	174	132	299	164	112	385	197	27	90	141	91	0	388	273	280	208	191	127	215	305	243	167	153	413	329	361	198	96	351	383	270	333	229	159	68	272	86	163	153	56	92	91	296	190	|
|390	111	546	262	157	224	440	108	191	380	443	491	319	388	0	399	164	480	264	261	261	456	156	320	426	125	62	186	442	369	107	99	125	300	374	260	452	210	443	252	372	420	433	446	494	227	|
|110	289	294	230	242	261	199	464	290	246	361	233	206	273	399	0	402	480	382	254	404	562	262	124	143	493	369	490	466	355	302	457	344	135	45	191	279	189	356	337	120	328	364	362	563	348	|
|349	169	453	190	215	148	364	110	114	283	311	409	244	280	164	402	0	324	110	174	101	292	151	289	372	135	109	90	284	230	212	111	70	354	364	216	348	245	312	118	329	295	298	313	330	90	|
|374	434	306	294	452	300	307	429	312	235	127	313	284	208	480	480	324	0	216	274	223	137	380	368	357	448	419	367	40	136	487	432	358	525	436	336	227	443	132	234	361	156	119	127	102	255	|
|303	230	364	151	261	127	292	219	118	201	204	330	187	191	264	382	110	216	0	128	25	213	185	258	314	243	203	176	178	123	282	221	144	372	338	193	256	270	206	45	283	193	191	206	239	46	|
|180	177	289	24	183	38	191	269	72	119	195	239	69	127	261	254	174	274	128	0	151	321	118	130	198	299	204	263	246	139	228	266	147	258	211	68	191	169	193	83	159	166	188	197	333	98	|
|327	238	388	174	273	147	317	206	133	226	224	355	212	215	261	404	101	223	25	151	0	203	198	281	339	228	202	156	184	143	288	209	146	390	362	215	280	286	226	68	308	215	210	226	235	61	|
|464	441	435	345	474	333	415	378	330	329	246	431	357	305	456	562	292	137	213	321	203	0	398	440	458	390	400	301	117	211	492	384	348	578	517	389	344	480	251	251	448	265	233	246	54	259	|
|236	59	393	112	76	83	284	202	69	231	313	335	165	243	156	262	151	380	185	118	198	398	0	167	270	231	110	233	347	250	110	195	85	203	230	103	303	95	311	150	217	284	305	315	422	139	|
|70	212	254	107	181	142	140	365	175	141	257	191	85	167	320	124	289	368	258	130	281	440	167	0	109	394	277	378	349	236	244	359	239	167	81	73	196	135	253	213	53	223	257	258	444	226	|
|44	319	157	183	290	225	57	460	262	129	232	93	130	153	426	143	372	357	314	198	339	458	270	109	0	490	379	462	351	247	353	456	334	250	110	168	140	243	226	274	56	201	238	232	449	294	|
|461	211	585	309	264	266	490	30	229	414	446	538	367	413	125	493	135	448	243	299	228	390	231	394	490	0	125	89	408	365	226	36	156	412	462	324	481	311	447	253	441	430	433	448	436	225	|
|346	86	491	207	140	167	387	98	132	323	382	438	265	329	62	369	109	419	203	204	202	400	110	277	379	125	0	155	381	307	113	90	63	288	339	211	394	186	382	190	327	359	371	384	436	165	|
|439	235	536	280	287	238	452	84	204	367	380	495	333	361	186	490	90	367	176	263	156	301	233	378	462	89	155	0	326	299	267	92	148	432	454	306	429	325	382	199	419	369	366	382	348	172	|
|363	399	318	268	421	270	304	388	279	224	129	316	264	198	442	466	284	40	178	246	184	117	347	349	351	408	381	326	0	113	452	391	321	502	422	311	229	415	134	199	348	152	118	130	98	219	|
|254	306	254	158	320	168	208	340	186	119	81	233	151	96	369	355	230	136	123	139	143	211	250	236	247	365	307	299	113	0	359	340	244	390	310	200	148	308	83	117	238	74	68	83	208	145	|
|312	53	490	219	63	193	377	204	174	336	423	429	267	351	107	302	212	487	282	228	288	492	110	244	353	226	113	267	452	359	0	195	145	194	283	199	407	115	421	254	296	394	415	425	521	237	|
|426	176	554	276	229	233	457	9	195	383	421	505	333	383	99	457	111	432	221	266	209	384	195	359	456	36	90	92	391	340	195	0	122	378	426	289	451	275	421	226	406	404	408	423	427	197	|
|305	99	436	155	145	112	336	126	75	266	320	385	213	270	125	344	70	358	144	147	146	348	85	239	334	156	63	148	321	244	145	122	0	286	310	168	336	177	320	128	285	298	309	322	381	103	|
|206	202	407	235	148	246	297	386	258	308	422	342	244	333	300	135	354	525	372	258	390	578	203	167	250	412	288	432	502	390	194	378	286	0	144	191	362	109	418	329	202	388	421	423	591	329	|
|71	263	266	187	221	221	163	432	251	202	318	203	161	229	374	45	364	436	338	211	362	517	230	81	110	462	339	454	422	310	283	426	310	144	0	150	239	168	313	294	77	285	321	319	518	306	|
|137	157	292	45	142	70	181	294	102	141	242	233	70	159	260	191	216	336	193	68	215	389	103	73	168	324	211	306	311	200	199	289	168	191	150	0	210	113	239	148	117	210	238	244	400	157	|
|169	361	108	192	352	228	84	453	262	72	100	88	140	68	452	279	348	227	256	191	280	344	303	196	140	481	394	429	229	148	407	451	336	362	239	210	0	318	95	231	164	79	111	100	325	258	|
|200	101	388	150	53	148	274	283	153	252	355	325	181	272	210	189	245	443	270	169	286	480	95	135	243	311	186	325	415	308	115	275	177	109	168	113	318	0	352	230	187	323	351	357	498	225	|
|247	370	186	205	374	228	175	421	254	112	5	182	175	86	443	356	312	132	206	193	226	251	311	253	226	447	382	382	134	83	421	421	320	418	313	239	95	352	0	196	237	30	19	6	230	224	|
|260	201	337	107	226	84	256	226	81	169	195	297	145	163	252	337	118	234	45	83	68	251	150	213	274	253	190	199	199	117	254	226	128	329	294	148	231	230	196	0	240	178	184	198	272	29	|
|20	264	207	140	234	180	95	411	216	127	241	143	97	153	372	120	329	361	283	159	308	448	217	53	56	441	327	419	348	238	296	406	285	202	77	117	164	187	237	240	0	208	245	242	446	257	|
|219	344	181	177	346	202	152	404	230	82	34	167	145	56	420	328	295	156	193	166	215	265	284	223	201	430	359	369	152	74	394	404	298	388	285	210	79	323	30	178	208	0	37	35	250	206	|
|256	364	205	202	370	222	188	408	246	118	15	199	177	92	433	364	298	119	191	188	210	233	305	257	238	433	371	366	118	68	415	408	309	421	321	238	111	351	19	184	245	37	0	17	214	212	|
|253	374	190	210	378	232	180	423	257	117	2	187	180	91	446	362	313	127	206	197	226	246	315	258	232	448	384	382	130	83	425	423	322	423	319	244	100	357	6	198	242	35	17	0	225	226	|
|460	469	408	356	498	351	402	422	353	322	225	412	359	296	494	563	330	102	239	333	235	54	422	444	449	436	436	348	98	208	521	427	381	591	518	400	325	498	230	272	446	250	214	225	0	285	|
|278	184	364	119	215	87	280	198	72	195	224	323	165	190	227	348	90	255	46	98	61	259	139	226	294	225	165	172	219	145	237	197	103	329	306	157	258	225	224	29	257	206	212	226	285	0	|

--------------------------------------------------------------------------------
Building model...
	using lazy and cut (CVRPSEP package)
Solving IRP LP...
--------------------------------------------------------------------------------

Gurobi 9.1.0 (linux64) logging started Sun Jan 17 09:28:41 2021

Gurobi Optimizer version 9.1.0 build v9.1.0rc0 (linux64)
Thread count: 32 physical cores, 32 logical processors, using up to 2 threads
Optimize a model with 2101 rows, 13696 columns and 30871 nonzeros
Model fingerprint: 0x95e2aa96
Variable types: 724 continuous, 12972 integer (552 binary)
Coefficient statistics:
  Matrix range     [1e+00, 9e+02]
  Objective range  [1e-01, 6e+02]
  Bounds range     [1e+00, 3e+02]
  RHS range        [1e+01, 6e+03]
Presolve removed 749 rows and 472 columns
Presolve time: 0.07s
Presolved: 1352 rows, 13224 columns, 28609 nonzeros
Variable types: 662 continuous, 12562 integer (12030 binary)

Root relaxation: objective 1.313329e+04, 1397 iterations, 0.04 seconds

    Nodes    |    Current Node    |     Objective Bounds      |     Work
 Expl Unexpl |  Obj  Depth IntInf | Incumbent    BestBd   Gap | It/Node Time

     0     0 13133.2868    0  123          - 13133.2868      -     -    0s
     0     0 13471.1984    0  151          - 13471.1984      -     -    0s
     0     0 13818.9321    0  183          - 13818.9321      -     -    0s
     0     0 13935.8347    0  212          - 13935.8347      -     -    1s
     0     0 13937.2068    0  209          - 13937.2068      -     -    1s
     0     0 13937.2068    0  216          - 13937.2068      -     -    1s
     0     0 14046.8823    0  175          - 14046.8823      -     -    1s
     0     0 14049.5379    0  204          - 14049.5379      -     -    1s
     0     0 14049.7664    0  199          - 14049.7664      -     -    1s
     0     0 14095.0860    0  194          - 14095.0860      -     -    1s
     0     0 14102.4952    0  205          - 14102.4952      -     -    1s
     0     0 14103.7530    0  198          - 14103.7530      -     -    1s
     0     0 14103.9398    0  226          - 14103.9398      -     -    1s
     0     0 14171.2108    0  177          - 14171.2108      -     -    2s
     0     0 14176.5144    0  205          - 14176.5144      -     -    2s
     0     0 14177.5863    0  229          - 14177.5863      -     -    2s
     0     0 14210.9037    0  265          - 14210.9037      -     -    2s
     0     0 14235.4457    0  305          - 14235.4457      -     -    2s
     0     0 14242.4884    0  332          - 14242.4884      -     -    2s
     0     0 14314.5425    0  319          - 14314.5425      -     -    3s
     0     0 14322.5162    0  346          - 14322.5162      -     -    3s
     0     0 14328.2122    0  360          - 14328.2122      -     -    3s
     0     0 14328.6549    0  329          - 14328.6549      -     -    3s
     0     0 14366.6615    0  375          - 14366.6615      -     -    3s
     0     0 14377.0321    0  379          - 14377.0321      -     -    4s
     0     0 14382.0885    0  387          - 14382.0885      -     -    4s
     0     0 14384.7823    0  411          - 14384.7823      -     -    4s
     0     0 14386.9916    0  449          - 14386.9916      -     -    4s
     0     0 14387.1112    0  424          - 14387.1112      -     -    4s
     0     0 14401.0478    0  336          - 14401.0478      -     -    4s
     0     0 14404.3112    0  367          - 14404.3112      -     -    5s
     0     0 14405.3014    0  394          - 14405.3014      -     -    5s
     0     0 14422.2662    0  374          - 14422.2662      -     -    5s
     0     0 14422.2662    0  343          - 14422.2662      -     -    5s
     0     2 14433.1804    0  343          - 14433.1804      -     -    7s
    28    33 14539.2127    8  224          - 14446.2406      -   411   10s
   103   111 14764.2960   36  157          - 14446.2406      -   289   15s
   185   197 15070.3399   61  147          - 14446.2406      -   282   20s
   288   306 15882.8020   99   95          - 14446.2406      -   240   26s
   437   485 17713.8637  176   57          - 14446.2406      -   187   30s
   677   680 19260.5267  309    9          - 14446.2406      -   134   35s
   824   791 14823.8175   51  343          - 14447.5653      -   122   40s
   840   802 15454.5671   92  463          - 14476.3854      -   120   45s
   851   809 14569.3676   25  413          - 14514.0007      -   118   51s
   862   816 19714.5800  321  484          - 14519.5580      -   117   55s
   868   820 17488.3123  159  485          - 14520.8871      -   116   60s
   870   822 18688.4300  257  473          - 14525.7548      -   116   66s
   871   825 14525.7548   13  450          - 14525.7548      -   133   70s
   877   829 14527.2481   15  450          - 14525.7548      -   135   75s
   898   844 14570.9683   20  377          - 14527.2481      -   142   80s
   919   859 14678.3169   25  367          - 14527.2481      -   152   85s
   946   877 14783.5313   31  201          - 14527.2481      -   161   90s
   979   907 14802.3938   39  312          - 14527.2481      -   169   95s
  1028   944 15035.3948   48  221          - 14527.2481      -   173  100s
  1104  1006 15263.7446   65  171          - 14527.2481      -   175  105s
  1184  1050 15538.6666   82  169          - 14527.2481      -   177  111s
  1249  1098 16024.1581   98  139          - 14527.2481      -   179  116s
  1343  1180 16614.7875  116  140          - 14527.2481      -   178  122s
  1426  1230 16769.8279  131   45          - 14527.2481      -   176  126s
  1505  1313 16851.2510  151   74          - 14527.2481      -   176  131s
  1611  1320 16733.7773  220   75          - 14527.2481      -   174  135s
  1682  1430 17540.0529  198   24          - 14527.2481      -   173  140s
  1792  1482 17426.3307  238   67          - 14527.2481      -   169  145s
H 1843  1521                    20154.380000 14527.2481  27.9%   168  149s
  1943  1535 17671.3908  286   41 20154.3800 14527.2481  27.9%   164  153s
  1990  1585 18103.2607  302   23 20154.3800 14527.2481  27.9%   161  165s
  2056  1697 18124.7376  328   34 20154.3800 14527.2481  27.9%   157  170s
  2192  1689 18930.8073  382   27 20154.3800 14527.2481  27.9%   150  176s
  2319  1711 19444.1400  397    - 20154.3800 14540.9144  27.9%   144  181s
  2364  1741 14571.3586   17  443 20154.3800 14540.9144  27.9%   143  185s
  2457  1840 14653.8650   22  414 20154.3800 14540.9144  27.9%   142  194s
  2526  1875 14610.6566   21  324 20154.3800 14540.9144  27.9%   140  200s
  2613  1864 14732.8639   24  301 20154.3800 14540.9144  27.9%   140  206s
  2635  1874 14738.7965   31  362 20154.3800 14540.9144  27.9%   144  225s
  2651  1892 14779.6281   34  208 20154.3800 14540.9144  27.9%   148  230s
  2671  1906 14834.6262   37  195 20154.3800 14540.9144  27.9%   151  236s
  2700  1917 14834.2812   42  169 20154.3800 14540.9144  27.9%   155  243s
  2706  1940 14863.6874   44  157 20154.3800 14540.9144  27.9%   156  246s
  2744  1956 14884.3449   56  236 20154.3800 14540.9144  27.9%   158  250s
  2760  1978 14961.1351   52  122 20154.3800 14540.9144  27.9%   159  256s
  2787  2008 15003.1525   63  118 20154.3800 14540.9144  27.9%   159  260s
  2847  2043 15034.4188   86  154 20154.3800 14540.9144  27.9%   161  268s
  2881  2054 15130.3492   93   83 20154.3800 14540.9144  27.9%   163  272s
  2904  2104 15080.9871  104   94 20154.3800 14540.9144  27.9%   164  277s
  2961  2156 15333.2249  131   79 20154.3800 14540.9144  27.9%   163  282s
  3032  2163 15878.0774  156  136 20154.3800 14540.9144  27.9%   162  288s
  3063  2241 15917.6001  153  132 20154.3800 14540.9144  27.9%   163  294s
  3151  2382 15969.7102  172  165 20154.3800 14540.9144  27.9%   162  301s
  3324  2550 16744.9817  197   68 20154.3800 14540.9144  27.9%   157  312s
  3533  2700 16801.0861  244   54 20154.3800 14540.9144  27.9%   151  322s
  3685  2724 18513.4087  358   33 20154.3800 14540.9144  27.9%   148  334s
  3703  2724 17839.1140  363   76 20154.3800 14540.9144  27.9%   148  335s
  3711  2948 17876.9556  364   25 20154.3800 14540.9144  27.9%   150  343s
  3816  2954 19359.7233  409   18 20154.3800 14540.9144  27.9%   147  345s
  3953  2970 19832.1502  410   37 20154.3800 14543.9517  27.8%   144  352s
  3983  2988 14717.4125   21  336 20154.3800 14543.9517  27.8%   146  358s
  4001  3011 14955.1426   27  338 20154.3800 14543.9517  27.8%   147  364s
  4024  3056 15077.0581   35  385 20154.3800 14543.9517  27.8%   149  370s
  4069  3155 15220.5443   48  190 20154.3800 14543.9517  27.8%   150  376s
  4168  3366 15736.4774   95  165 20154.3800 14543.9517  27.8%   150  385s
  4379  3755 16480.1189  164   83 20154.3800 14543.9517  27.8%   146  396s
  4774  4035 17817.3150  358  105 20154.3800 14544.4641  27.8%   137  410s
  5082  4405 14649.6616   16  334 20154.3800 14544.4641  27.8%   133  425s
  5510  4430 19282.8857  680   12 20154.3800 14544.4641  27.8%   126  430s
  5514  4505 15113.0709   26  220 20154.3800 14544.4641  27.8%   126  437s
  5615  4507 15268.6756   45  176 20154.3800 14544.4641  27.8%   126  452s
  5618  4549 15284.6356   46  176 20154.3800 14544.4641  27.8%   127  459s
  5660  4750 15752.7100   75  132 20154.3800 14544.4641  27.8%   128  467s
  5861  4880 17336.3496  221   93 20154.3800 14544.4641  27.8%   126  478s
  5984  4880 15632.0400  141   16 20154.3800 14544.4641  27.8%   125  480s
  5991  5074 17883.4535  289   66 20154.3800 14544.4641  27.8%   125  490s
  6209  5110 19895.0053  462   43 20154.3800 14558.9873  27.8%   123  499s
  6248  5137 14733.7083   27  339 20154.3800 14558.9873  27.8%   125  506s
  6275  5139 14921.4184   41  314 20154.3800 14558.9873  27.8%   127  524s
  6277  5168 14951.2870   42  295 20154.3800 14558.9873  27.8%   127  530s
  6306  5237 15273.5029   54  235 20154.3800 14558.9873  27.8%   129  537s
  6375  5517 15742.4546   86  138 20154.3800 14558.9873  27.8%   130  548s
  6528  5517 17181.1948  239   67 20154.3800 14558.9873  27.8%   128  550s
  6655  5519 17530.7922  272   69 20154.3800 14558.9873  27.8%   128  563s
  6657  5775 17550.8270  273  111 20154.3800 14558.9997  27.8%   128  572s
  6936  6064 14691.1240   16  302 20154.3800 14558.9997  27.8%   127  588s
  7080  6064 16408.9466  319  101 20154.3800 14558.9997  27.8%   126  590s
  7223  6441 14931.7730   21  259 20154.3800 14558.9997  27.8%   125  608s
  7328  6441 16840.7154  484   38 20154.3800 14558.9997  27.8%   125  610s
  7632  6575 15410.1508   30  233 20154.3800 14558.9997  27.8%   122  624s
  7666  6575 15756.2381   45  113 20154.3800 14558.9997  27.8%   123  625s
  7801  6863 15960.3983   55  173 20154.3800 14558.9997  27.8%   123  643s
  7903  6863 17518.2526   94   16 20154.3800 14558.9997  27.8%   123  645s
  8185  7114 19650.7933  152   41 20154.3800 14565.4213  27.7%   121  659s
  8260  7114 infeasible  186      20154.3800 14565.4213  27.7%   121  660s
  8514  7185 14756.3546   24  345 20154.3800 14565.5832  27.7%   121  672s
  8574  7458 15308.2087   48  167 20154.3800 14570.0434  27.7%   123  690s
  8859  7500 14670.8118   20  387 20154.3800 14570.0553  27.7%   123  704s
  8901  7541 14956.4959   28  289 20154.3800 14570.0553  27.7%   125  714s
  8942  7603 14848.8370   39  120 20154.3800 14570.0553  27.7%   128  726s
  9008  7705 15096.4555   52  184 20154.3800 14570.0553  27.7%   130  739s
  9079  7705 15192.2452   72  101 20154.3800 14570.0553  27.7%   132  740s
  9110  7744 15159.6222   79   57 20154.3800 14570.0553  27.7%   133  752s
  9149  8001 15374.7190   98   76 20154.3800 14570.0553  27.7%   134  767s
H 9309  7095                    18733.800000 14570.0553  22.2%   135  769s
  9326  7095 15470.0564   97   17 18733.8000 14570.0553  22.2%   135  770s
  9406  7635 15575.9412  178   58 18733.8000 14570.0553  22.2%   136  793s
  9542  7637 15837.4650  246   31 18733.8000 14570.0553  22.2%   135  795s
 10008  7802 18265.2114  396   20 18733.8000 14570.9471  22.2%   133  817s
 10194  7858 14758.6150   24  496 18733.8000 14571.0274  22.2%   135  828s
 10250  8036 15383.6989   53  150 18733.8000 14571.0274  22.2%   136  840s
 10428  8518 15859.4980  160  163 18733.8000 14571.1133  22.2%   136  860s
 10725  8520 16417.4392  136  161 18733.8000 14571.1656  22.2%   134  865s
 10958  8556     cutoff  430      18733.8000 14571.9086  22.2%   133  878s
 10998  8734 14928.4006   39  277 18733.8000 14571.9086  22.2%   134  890s
 11176  9010 16266.5692  154   36 18733.8000 14583.9164  22.2%   135  906s
 11458  9019 18202.9558  241    9 18733.8000 14584.1300  22.2%   133  910s
 11511  9056     cutoff  267      18733.8000 14586.5280  22.1%   133  919s
 11529  9056 14925.8014   35  238 18733.8000 14586.5280  22.1%   134  920s
 11552  9162 15412.4648   43  260 18733.8000 14586.5418  22.1%   135  930s
 11658  9501 16350.3283  101  120 18733.8000 14598.7730  22.1%   136  946s
 12026  9652 14678.3098   25  394 18733.8000 14598.8388  22.1%   135  963s
 12133  9655 17462.8771  261   11 18733.8000 14598.8388  22.1%   135  965s
 12260  9966 15246.2138   64  179 18733.8000 14601.8800  22.1%   134  981s
 12501  9971 18236.7388  293   50 18733.8000 14601.8800  22.1%   133  985s
 12606 10022 14761.0522   22  389 18733.8000 14605.0209  22.0%   133  995s
 12650 10085 14918.7504   40  181 18733.8000 14605.0209  22.0%   135 1005s
 12713 10277 15147.6840   67  131 18733.8000 14605.0209  22.0%   137 1020s
 12905 10449 15301.5755  219  130 18733.8000 14605.2452  22.0%   137 1036s
 13110 10667 14752.9741   25  460 18733.8000 14605.2452  22.0%   137 1053s
 13236 10667 15967.9652  167   56 18733.8000 14605.2452  22.0%   138 1055s
 13328 11104 15366.9555   49  159 18733.8000 14605.2452  22.0%   137 1071s
 13540 11104 16936.5718  279   26 18733.8000 14605.2452  22.0%   137 1075s
 13787 11339 16753.1250  192  116 18733.8000 14610.1820  22.0%   135 1089s
 13804 11339 16832.1009  209  111 18733.8000 14610.1820  22.0%   135 1090s
 14051 11389     cutoff  390      18733.8000 14610.2305  22.0%   135 1103s
 14106 11490 14686.7386   25  484 18733.8000 14610.2305  22.0%   136 1114s
 14207 11723 14780.3033   32  373 18733.8000 14610.2305  22.0%   137 1129s
 14223 11723 16628.7594  182   67 18733.8000 14610.2305  22.0%   138 1130s
 14468 11781 14994.3902   40  315 18733.8000 14610.2305  22.0%   137 1144s
 14516 11781 14699.9328   24  558 18733.8000 14610.2305  22.0%   137 1145s
 14528 11927 15324.4912   64  117 18733.8000 14610.2305  22.0%   138 1159s
 14545 11927 15681.5610   72   85 18733.8000 14610.2305  22.0%   138 1160s
 14700 12020 16417.6484  136   52 18733.8000 14610.2305  22.0%   139 1233s
 14782 12353 16611.6825  163   58 18733.8000 14610.2305  22.0%   140 1252s
 15093 12353 16493.6680   97   38 18733.8000 14610.2305  22.0%   140 1256s
 15115 12724 17437.4586  267   72 18733.8000 14610.7480  22.0%   140 1273s
 15237 12724 17772.4195  325   31 18733.8000 14610.7480  22.0%   140 1275s
 15590 12771 14810.7292   30  436 18733.8000 14610.7548  22.0%   139 1288s
 15637 12857 15109.5340   52  326 18733.8000 14610.7548  22.0%   140 1300s
 15723 13188 15504.0223   83  391 18733.8000 14610.7548  22.0%   140 1314s
 15757 13188 15692.9664  117  191 18733.8000 14610.7548  22.0%   140 1315s
 16055 13552 16259.2339  193  103 18733.8000 14612.9668  22.0%   139 1334s
 16089 13552 16492.9425  227  104 18733.8000 14612.9668  22.0%   139 1335s
 16456 13600 14671.1372   23  458 18733.8000 14614.1524  22.0%   138 1349s
 16504 13782 15117.6345   43  273 18733.8000 14614.1524  22.0%   139 1361s
 16686 14177 16347.4105  112   46 18733.8000 14614.7144  22.0%   139 1379s
 16703 14177 16456.2122  129   63 18733.8000 14614.7144  22.0%   139 1380s
 17068 14182 18374.4125  279   53 18733.8000 14615.5779  22.0%   137 1385s
 17150 14235 14710.2923   25  427 18733.8000 14615.5779  22.0%   137 1395s
 17191 14299 14889.4069   37  288 18733.8000 14615.5779  22.0%   138 1406s
 17255 14414 15019.8208   50  195 18733.8000 14615.5779  22.0%   140 1419s
 17289 14414 15154.3866   73  197 18733.8000 14615.5779  22.0%   140 1420s
 17370 14907 15082.5315   77  114 18733.8000 14615.5779  22.0%   141 1437s
 17591 14907 15344.9902  266   40 18733.8000 14615.5779  22.0%   140 1440s
 17898 15394 15360.8788  291   36 18733.8000 14616.4732  22.0%   139 1462s
 18143 15398 17183.0200  450    2 18733.8000 14616.4732  22.0%   137 1465s
 18508 15451     cutoff  532      18733.8000 14616.7416  22.0%   136 1479s
 18554 15533 15169.5358   39  306 18733.8000 14616.7832  22.0%   137 1490s
 18636 15942 16054.3330   96  155 18733.8000 14625.5729  21.9%   138 1506s
 18874 15942 infeasible  334      18733.8000 14625.5729  21.9%   137 1510s
 19099 16149 14820.8055   23  314 18733.8000 14625.7821  21.9%   136 1525s
 19382 16305 16750.3990  123   54 18733.8000 14628.1610  21.9%   136 1541s
 19560 16353     cutoff  201      18733.8000 14628.4349  21.9%   135 1561s
 19597 16486 15015.9315   35  139 18733.8000 14628.4349  21.9%   136 1573s
 19723 16486 15805.3661  101  118 18733.8000 14628.4349  21.9%   137 1575s
 19730 16912 16195.1822  110   58 18733.8000 14629.1553  21.9%   137 1588s
 19815 16912 16889.4221  195   69 18733.8000 14629.1553  21.9%   137 1590s
 20189 16936 14769.7825   23  382 18733.8000 14629.4980  21.9%   135 1605s
 20213 16993 14997.5473   29  264 18733.8000 14629.4980  21.9%   136 1617s
 20272 17115 15223.4363   49  100 18733.8000 14629.4980  21.9%   137 1631s
 20398 17262 15362.4265   96   45 18733.8000 14629.4980  21.9%   138 1647s
 20545 17708 15470.9672  151   80 18733.8000 14629.4980  21.9%   140 1670s
 21001 18178 17413.1204  325   34 18733.8000 14629.5874  21.9%   139 1692s
 21175 18190 17801.7452  407   23 18733.8000 14629.5874  21.9%   139 1695s
 21590 18206     cutoff  492      18733.8000 14630.5682  21.9%   138 1732s
 21593 18383 14794.2116   19  444 18733.8000 14630.5682  21.9%   138 1745s
 21786 18447 15008.8904   42  291 18733.8000 14630.5682  21.9%   138 1757s
 21850 18449 15342.0045   78  327 18733.8000 14630.5682  21.9%   139 1774s
 21852 18666 15398.2323   79  320 18733.8000 14630.5682  21.9%   139 1788s
 21938 18666 16052.9802  165  120 18733.8000 14630.5682  21.9%   139 1790s
 22111 19015 16090.2098  170  191 18733.8000 14630.5682  21.9%   139 1807s
 22247 19015 16537.1504  306  180 18733.8000 14630.5682  21.9%   138 1810s
 22462 19130 18380.2567  488   57 18733.8000 14632.1511  21.9%   138 1825s
 22591 19282 15081.0926   30  468 18733.8000 14632.1511  21.9%   138 1841s
 22757 19339 15340.1241   48  305 18733.8000 14632.1511  21.9%   138 1853s
 22814 19451 15567.8666   84  253 18733.8000 14632.1511  21.9%   139 1865s
 22926 19806 15852.2480  170  166 18733.8000 14634.1418  21.9%   140 1883s
 23028 19806 16536.9574  272   37 18733.8000 14634.1418  21.9%   139 1885s
 23296 19983 14688.3266   22  506 18733.8000 14634.1418  21.9%   139 1905s
H23307 19913                    18685.200000 14634.1418  21.7%   139 1905s
 23473 19990 14774.1671   29  343 18685.2000 14634.1418  21.7%   139 1920s
 23586 20038 14962.0611   37  223 18685.2000 14634.1418  21.7%   139 1933s
 23634 20227 15123.9799   53   59 18685.2000 14634.1418  21.7%   140 1951s
 23853 20338 15496.9995   69   72 18685.2000 14636.5392  21.7%   140 1970s
 24004 20489 16444.7397  149  128 18685.2000 14638.6893  21.7%   141 1985s
 24167 20591 18614.0022  256   44 18685.2000 14640.4274  21.6%   141 1998s
 24284 20708 infeasible  263      18685.2000 14640.4470  21.6%   142 2012s
 24425 20848 15229.7784   38  302 18685.2000 14641.9938  21.6%   142 2025s
 24583 21017 15764.1836   87   96 18685.2000 14643.7642  21.6%   142 2042s
 24787 21156 infeasible  239      18685.2000 14644.6116  21.6%   142 2057s
 24918 21283 14973.9621   30  366 18685.2000 14644.6116  21.6%   142 2071s
 25058 21331 15139.5123   46  133 18685.2000 14644.6116  21.6%   143 2085s
 25106 21488 15312.5180   61  215 18685.2000 14644.6116  21.6%   143 2100s
 25263 21886 15604.3469  177   75 18685.2000 14645.6851  21.6%   144 2122s
 25467 21886 16183.0382  300   16 18685.2000 14645.6851  21.6%   143 2125s
 25718 22121     cutoff  397      18685.2000 14645.7282  21.6%   143 2147s
 25913 22134 17806.6600  114    8 18685.2000 14646.0555  21.6%   143 2150s
 26025 22142 14953.9963   37  376 18685.2000 14646.0555  21.6%   143 2175s
 26029 22184 14955.1633   38  389 18685.2000 14646.0555  21.6%   143 2186s
 26071 22278 15236.4148   70  245 18685.2000 14646.0555  21.6%   143 2199s
 26088 22278 15325.8195   87  184 18685.2000 14646.0555  21.6%   143 2200s
 26165 22323 15547.2755  141  163 18685.2000 14646.0555  21.6%   144 2221s
 26210 22519 15655.9248  173  134 18685.2000 14646.4667  21.6%   144 2235s
 26420 22673 14720.5874   27  500 18685.2000 14646.4667  21.6%   144 2375s
 26574 22906 14986.4110   50  294 18685.2000 14646.4667  21.6%   144 2392s
 26735 22906 16865.1754  388   71 18685.2000 14646.4667  21.6%   144 2395s
 26835 23032 15461.5241   75  221 18685.2000 14646.4667  21.6%   144 2410s
 26981 23315 17053.2145  170   29 18685.2000 14647.3725  21.6%   144 2428s
 27066 23316 18559.2348  254   10 18685.2000 14647.3725  21.6%   144 2430s
 27308 23345 infeasible  262      18685.2000 14650.6340  21.6%   144 2444s
 27321 23345     cutoff  241      18685.2000 14651.1297  21.6%   144 2445s
 27337 23400 15023.0344   28  210 18685.2000 14651.1297  21.6%   144 2456s
 27392 23680 15368.4857   45  111 18685.2000 14651.6288  21.6%   145 2477s
 27562 23680 15429.6126  197   40 18685.2000 14651.6288  21.6%   145 2480s
 27685 23957 14899.5684   24  268 18685.2000 14651.6288  21.6%   145 2500s
 27964 24419 15362.7744   60  254 18685.2000 14651.6288  21.6%   145 2522s
 28103 24419 16744.7928  199   84 18685.2000 14651.6288  21.6%   145 2525s
 28465 24455 17988.6693  437   18 18685.2000 14651.6288  21.6%   144 2530s
 28538 24672 16955.7446  220   58 18685.2000 14652.8049  21.6%   144 2547s
 28691 24672 18387.1833  373   93 18685.2000 14652.8049  21.6%   143 2550s
 28774 24722 14943.1511   27  321 18685.2000 14653.9897  21.6%   144 2563s
 28824 24789 15432.6133   53  213 18685.2000 14653.9897  21.6%   144 2576s
 28891 24942 15875.5148  102  207 18685.2000 14654.2616  21.6%   145 2593s
 28993 24942 16281.7696  204  106 18685.2000 14654.2616  21.6%   145 2595s
 29057 25219 14733.3847   20  312 18685.2000 14654.2616  21.6%   145 2617s
 29249 25219 16641.8400  279   75 18685.2000 14654.2616  21.6%   145 2620s
 29389 25295 14909.3534   42  314 18685.2000 14654.2616  21.6%   145 2634s
 29427 25295 15241.6944   80  198 18685.2000 14654.2616  21.6%   145 2635s
 29469 25563 15298.3558   97  208 18685.2000 14654.7688  21.6%   145 2653s
 29554 25563 15969.7386  182  105 18685.2000 14654.7688  21.6%   145 2655s
 29788 25705 infeasible  352      18685.2000 14654.9502  21.6%   145 2673s
 29927 25957 14936.4323   34  354 18685.2000 14654.9502  21.6%   145 2692s
 30062 25957 17161.9209  310   44 18685.2000 14654.9502  21.6%   145 2695s
 30197 26002 15199.5979   50  334 18685.2000 14654.9502  21.6%   145 2709s
 30240 26190 15937.0761   79  174 18685.2000 14654.9502  21.6%   145 2726s
 30428 26301 17845.6620  253   93 18685.2000 14656.5530  21.6%   145 2742s
 30552 26345 14886.9760   40  384 18685.2000 14656.5530  21.6%   145 2757s
