




arguments: ./build/bc_mirp -f ./input/orig_exec_7.cfg
Current dir: /scratch/gui/bc_mirp
File verbosity level: 9
date       time         ( uptime  ) [ thread name/id ]                   file:line     v| 
2021-02-06 09:28:11.234 (   0.109s) [main thread     ]             loguru.cpp:789   INFO| Logging to './output/vi_vc+cos/OU/V2/Original/execution_06_02_2021_09_28_11.log', mode: 'a', verbosity: 9
--------------------------------------------------------------------------------
Parameters
                           instance_path           ./input/Instances/Original/1/
                            model_policy                                       1
                             nb_vehicles                                       2
                              output_dir      ./output/vi_vc+cos/OU/V2/Original/
                            sec_strategy                                       1
                       solver_nb_threads                                       2
                         solver_show_log                                    true
                       solver_time_limit                                    3600
                              use_vi_cos                                    true
                              use_vi_cus                                   false
                         use_vi_hc1_full                                   false
                         use_vi_hc1_half                                   false
                      use_vi_hc1_quarter                                   false
                              use_vi_hc2                                   false
                              use_vi_hc3                                   false
                         use_vi_lex_full                                   false
                         use_vi_lex_half                                   false
                      use_vi_lex_quarter                                   false
                              use_vi_qua                                   false
                               use_vi_vc                                    true
                               use_vi_vr                                   false
--------------------------------------------------------------------------------
executing instance: ./input/Instances/Original/1/absH3high_1n5.dat
--------------------------------------------------------------------------------
Instance details
n	6
H	3
C	289
Li:
[0, 0, 0, 0, 0, 0, ]
Ui:
[0, 195, 105, 116, 72, 22, ]
Distance matrix:
|0	85	349	17	203	289	|
|85	0	265	102	214	226	|
|349	265	0	366	368	238	|
|17	102	366	0	207	302	|
|203	214	368	207	0	431	|
|289	226	238	302	431	0	|

--------------------------------------------------------------------------------
Building model...
	using lazy and cut (CVRPSEP package)
Solving IRP LP...
--------------------------------------------------------------------------------

Gurobi 9.1.0 (linux64) logging started Sat Feb  6 09:28:11 2021

Gurobi Optimizer version 9.1.0 build v9.1.0rc0 (linux64)
Thread count: 32 physical cores, 32 logical processors, using up to 2 threads
Optimize a model with 150 rows, 180 columns and 693 nonzeros
Model fingerprint: 0x36b58888
Variable types: 54 continuous, 126 integer (36 binary)
Coefficient statistics:
  Matrix range     [1e+00, 4e+02]
  Objective range  [2e-01, 4e+02]
  Bounds range     [1e+00, 2e+02]
  RHS range        [1e+00, 5e+02]
Presolve removed 45 rows and 22 columns
Presolve time: 0.01s
Presolved: 105 rows, 158 columns, 574 nonzeros
Variable types: 32 continuous, 126 integer (96 binary)
Found heuristic solution: objective 3206.2700000

Root relaxation: objective 1.636437e+03, 109 iterations, 0.00 seconds

    Nodes    |    Current Node    |     Objective Bounds      |     Work
 Expl Unexpl |  Obj  Depth IntInf | Incumbent    BestBd   Gap | It/Node Time

     0     0 1636.43659    0   17 3206.27000 1636.43659  49.0%     -    0s
H    0     0                    3056.7100000 1636.43659  46.5%     -    0s
     0     0 1762.23948    0   18 3056.71000 1762.23948  42.3%     -    0s
H    0     0                    2648.9300000 1762.23948  33.5%     -    0s
     0     0 1934.72515    0   26 2648.93000 1934.72515  27.0%     -    0s
     0     0 2039.05182    0   28 2648.93000 2039.05182  23.0%     -    0s
     0     0 2169.03097    0   39 2648.93000 2169.03097  18.1%     -    0s
     0     0 2171.72402    0   50 2648.93000 2171.72402  18.0%     -    0s
     0     0 2181.62686    0   48 2648.93000 2181.62686  17.6%     -    0s
H    0     0                    2488.0300000 2181.62686  12.3%     -    0s
     0     0 2183.98206    0   50 2488.03000 2183.98206  12.2%     -    0s
     0     0 2187.16695    0   33 2488.03000 2187.16695  12.1%     -    0s
H    0     0                    2452.2900000 2187.16695  10.8%     -    0s
     0     0 2188.89284    0   45 2452.29000 2188.89284  10.7%     -    0s
     0     0 2189.06164    0   45 2452.29000 2189.06164  10.7%     -    0s
     0     0 2191.09046    0   46 2452.29000 2191.09046  10.7%     -    0s
     0     0 2191.14704    0   45 2452.29000 2191.14704  10.6%     -    0s
     0     0 2191.16793    0   48 2452.29000 2191.16793  10.6%     -    0s
     0     0 2191.16793    0   47 2452.29000 2191.16793  10.6%     -    0s
H    0     0                    2266.6100000 2191.16793  3.33%     -    0s
     0     0     cutoff    0      2266.61000 2266.61000  0.00%     -    0s

Explored 1 nodes (380 simplex iterations) in 0.14 seconds
Thread count was 2 (of 32 available processors)

Solution count 6: 2266.61 2452.29 2488.03 ... 3206.27

Optimal solution found (tolerance 1.00e-04)
Best objective 2.266610000000e+03, best bound 2.266610000000e+03, gap 0.0000%

User-callback calls 203, time in user-callback 0.00 sec
================================================================================
executing instance: ./input/Instances/Original/1/absH3high_1n45.dat
--------------------------------------------------------------------------------
Instance details
n	46
H	3
C	3462
Li:
[0, 0, 0, 0, 0, 0, 0, 0, 0, 0, 0, 0, 0, 0, 0, 0, 0, 0, 0, 0, 0, 0, 0, 0, 0, 0, 0, 0, 0, 0, 0, 0, 0, 0, 0, 0, 0, 0, 0, 0, 0, 0, 0, 0, 0, 0, ]
Ui:
[0, 273, 270, 36, 165, 192, 148, 45, 30, 75, 180, 198, 112, 117, 90, 64, 180, 22, 264, 174, 168, 270, 86, 66, 26, 66, 237, 156, 92, 108, 144, 72, 30, 45, 94, 54, 174, 96, 198, 136, 44, 180, 210, 249, 198, 48, ]
Distance matrix:
|0	281	201	160	249	201	93	431	236	139	252	136	116	166	390	110	349	374	303	180	327	464	236	70	44	461	346	439	363	254	312	426	305	206	71	137	169	200	247	260	20	219	256	253	460	278	|
|281	0	448	170	53	142	338	184	121	290	371	390	222	302	111	289	169	434	230	177	238	441	59	212	319	211	86	235	399	306	53	176	99	202	263	157	361	101	370	201	264	344	364	374	469	184	|
|201	448	0	285	430	325	114	556	361	171	191	64	228	174	546	294	453	306	364	289	388	435	393	254	157	585	491	536	318	254	490	554	436	407	266	292	108	388	186	337	207	181	205	190	408	364	|
|160	170	285	0	169	43	182	280	80	120	208	231	58	132	262	230	190	294	151	24	174	345	112	107	183	309	207	280	268	158	219	276	155	235	187	45	192	150	205	107	140	177	202	210	356	119	|
|249	53	430	169	0	152	317	238	145	282	377	369	212	299	157	242	215	452	261	183	273	474	76	181	290	264	140	287	421	320	63	229	145	148	221	142	352	53	374	226	234	346	370	378	498	215	|
|201	142	325	43	152	0	224	237	37	156	230	273	101	164	224	261	148	300	127	38	147	333	83	142	225	266	167	238	270	168	193	233	112	246	221	70	228	148	228	84	180	202	222	232	351	87	|
|93	338	114	182	317	224	0	460	262	92	180	52	124	112	440	199	364	307	292	191	317	415	284	140	57	490	387	452	304	208	377	457	336	297	163	181	84	274	175	256	95	152	188	180	402	280	|
|431	184	556	280	238	237	460	0	199	385	420	508	337	385	108	464	110	429	219	269	206	378	202	365	460	30	98	84	388	340	204	9	126	386	432	294	453	283	421	226	411	404	408	423	422	198	|
|236	121	361	80	145	37	262	199	0	191	255	310	138	197	191	290	114	312	118	72	133	330	69	175	262	229	132	204	279	186	174	195	75	258	251	102	262	153	254	81	216	230	246	257	353	72	|
|139	290	171	120	282	156	92	385	191	0	116	129	71	27	380	246	283	235	201	119	226	329	231	141	129	414	323	367	224	119	336	383	266	308	202	141	72	252	112	169	127	82	118	117	322	195	|
|252	371	191	208	377	230	180	420	255	116	0	187	178	90	443	361	311	127	204	195	224	246	313	257	232	446	382	380	129	81	423	421	320	422	318	242	100	355	5	195	241	34	15	2	225	224	|
|136	390	64	231	369	273	52	508	310	129	187	0	173	141	491	233	409	313	330	239	355	431	335	191	93	538	438	495	316	233	429	505	385	342	203	233	88	325	182	297	143	167	199	187	412	323	|
|116	222	228	58	212	101	124	337	138	71	178	173	0	91	319	206	244	284	187	69	212	357	165	85	130	367	265	333	264	151	267	333	213	244	161	70	140	181	175	145	97	145	177	180	359	165	|
|166	302	174	132	299	164	112	385	197	27	90	141	91	0	388	273	280	208	191	127	215	305	243	167	153	413	329	361	198	96	351	383	270	333	229	159	68	272	86	163	153	56	92	91	296	190	|
|390	111	546	262	157	224	440	108	191	380	443	491	319	388	0	399	164	480	264	261	261	456	156	320	426	125	62	186	442	369	107	99	125	300	374	260	452	210	443	252	372	420	433	446	494	227	|
|110	289	294	230	242	261	199	464	290	246	361	233	206	273	399	0	402	480	382	254	404	562	262	124	143	493	369	490	466	355	302	457	344	135	45	191	279	189	356	337	120	328	364	362	563	348	|
|349	169	453	190	215	148	364	110	114	283	311	409	244	280	164	402	0	324	110	174	101	292	151	289	372	135	109	90	284	230	212	111	70	354	364	216	348	245	312	118	329	295	298	313	330	90	|
|374	434	306	294	452	300	307	429	312	235	127	313	284	208	480	480	324	0	216	274	223	137	380	368	357	448	419	367	40	136	487	432	358	525	436	336	227	443	132	234	361	156	119	127	102	255	|
|303	230	364	151	261	127	292	219	118	201	204	330	187	191	264	382	110	216	0	128	25	213	185	258	314	243	203	176	178	123	282	221	144	372	338	193	256	270	206	45	283	193	191	206	239	46	|
|180	177	289	24	183	38	191	269	72	119	195	239	69	127	261	254	174	274	128	0	151	321	118	130	198	299	204	263	246	139	228	266	147	258	211	68	191	169	193	83	159	166	188	197	333	98	|
|327	238	388	174	273	147	317	206	133	226	224	355	212	215	261	404	101	223	25	151	0	203	198	281	339	228	202	156	184	143	288	209	146	390	362	215	280	286	226	68	308	215	210	226	235	61	|
|464	441	435	345	474	333	415	378	330	329	246	431	357	305	456	562	292	137	213	321	203	0	398	440	458	390	400	301	117	211	492	384	348	578	517	389	344	480	251	251	448	265	233	246	54	259	|
|236	59	393	112	76	83	284	202	69	231	313	335	165	243	156	262	151	380	185	118	198	398	0	167	270	231	110	233	347	250	110	195	85	203	230	103	303	95	311	150	217	284	305	315	422	139	|
|70	212	254	107	181	142	140	365	175	141	257	191	85	167	320	124	289	368	258	130	281	440	167	0	109	394	277	378	349	236	244	359	239	167	81	73	196	135	253	213	53	223	257	258	444	226	|
|44	319	157	183	290	225	57	460	262	129	232	93	130	153	426	143	372	357	314	198	339	458	270	109	0	490	379	462	351	247	353	456	334	250	110	168	140	243	226	274	56	201	238	232	449	294	|
|461	211	585	309	264	266	490	30	229	414	446	538	367	413	125	493	135	448	243	299	228	390	231	394	490	0	125	89	408	365	226	36	156	412	462	324	481	311	447	253	441	430	433	448	436	225	|
|346	86	491	207	140	167	387	98	132	323	382	438	265	329	62	369	109	419	203	204	202	400	110	277	379	125	0	155	381	307	113	90	63	288	339	211	394	186	382	190	327	359	371	384	436	165	|
|439	235	536	280	287	238	452	84	204	367	380	495	333	361	186	490	90	367	176	263	156	301	233	378	462	89	155	0	326	299	267	92	148	432	454	306	429	325	382	199	419	369	366	382	348	172	|
|363	399	318	268	421	270	304	388	279	224	129	316	264	198	442	466	284	40	178	246	184	117	347	349	351	408	381	326	0	113	452	391	321	502	422	311	229	415	134	199	348	152	118	130	98	219	|
|254	306	254	158	320	168	208	340	186	119	81	233	151	96	369	355	230	136	123	139	143	211	250	236	247	365	307	299	113	0	359	340	244	390	310	200	148	308	83	117	238	74	68	83	208	145	|
|312	53	490	219	63	193	377	204	174	336	423	429	267	351	107	302	212	487	282	228	288	492	110	244	353	226	113	267	452	359	0	195	145	194	283	199	407	115	421	254	296	394	415	425	521	237	|
|426	176	554	276	229	233	457	9	195	383	421	505	333	383	99	457	111	432	221	266	209	384	195	359	456	36	90	92	391	340	195	0	122	378	426	289	451	275	421	226	406	404	408	423	427	197	|
|305	99	436	155	145	112	336	126	75	266	320	385	213	270	125	344	70	358	144	147	146	348	85	239	334	156	63	148	321	244	145	122	0	286	310	168	336	177	320	128	285	298	309	322	381	103	|
|206	202	407	235	148	246	297	386	258	308	422	342	244	333	300	135	354	525	372	258	390	578	203	167	250	412	288	432	502	390	194	378	286	0	144	191	362	109	418	329	202	388	421	423	591	329	|
|71	263	266	187	221	221	163	432	251	202	318	203	161	229	374	45	364	436	338	211	362	517	230	81	110	462	339	454	422	310	283	426	310	144	0	150	239	168	313	294	77	285	321	319	518	306	|
|137	157	292	45	142	70	181	294	102	141	242	233	70	159	260	191	216	336	193	68	215	389	103	73	168	324	211	306	311	200	199	289	168	191	150	0	210	113	239	148	117	210	238	244	400	157	|
|169	361	108	192	352	228	84	453	262	72	100	88	140	68	452	279	348	227	256	191	280	344	303	196	140	481	394	429	229	148	407	451	336	362	239	210	0	318	95	231	164	79	111	100	325	258	|
|200	101	388	150	53	148	274	283	153	252	355	325	181	272	210	189	245	443	270	169	286	480	95	135	243	311	186	325	415	308	115	275	177	109	168	113	318	0	352	230	187	323	351	357	498	225	|
|247	370	186	205	374	228	175	421	254	112	5	182	175	86	443	356	312	132	206	193	226	251	311	253	226	447	382	382	134	83	421	421	320	418	313	239	95	352	0	196	237	30	19	6	230	224	|
|260	201	337	107	226	84	256	226	81	169	195	297	145	163	252	337	118	234	45	83	68	251	150	213	274	253	190	199	199	117	254	226	128	329	294	148	231	230	196	0	240	178	184	198	272	29	|
|20	264	207	140	234	180	95	411	216	127	241	143	97	153	372	120	329	361	283	159	308	448	217	53	56	441	327	419	348	238	296	406	285	202	77	117	164	187	237	240	0	208	245	242	446	257	|
|219	344	181	177	346	202	152	404	230	82	34	167	145	56	420	328	295	156	193	166	215	265	284	223	201	430	359	369	152	74	394	404	298	388	285	210	79	323	30	178	208	0	37	35	250	206	|
|256	364	205	202	370	222	188	408	246	118	15	199	177	92	433	364	298	119	191	188	210	233	305	257	238	433	371	366	118	68	415	408	309	421	321	238	111	351	19	184	245	37	0	17	214	212	|
|253	374	190	210	378	232	180	423	257	117	2	187	180	91	446	362	313	127	206	197	226	246	315	258	232	448	384	382	130	83	425	423	322	423	319	244	100	357	6	198	242	35	17	0	225	226	|
|460	469	408	356	498	351	402	422	353	322	225	412	359	296	494	563	330	102	239	333	235	54	422	444	449	436	436	348	98	208	521	427	381	591	518	400	325	498	230	272	446	250	214	225	0	285	|
|278	184	364	119	215	87	280	198	72	195	224	323	165	190	227	348	90	255	46	98	61	259	139	226	294	225	165	172	219	145	237	197	103	329	306	157	258	225	224	29	257	206	212	226	285	0	|

--------------------------------------------------------------------------------
Building model...
	using lazy and cut (CVRPSEP package)
Solving IRP LP...
--------------------------------------------------------------------------------

Gurobi 9.1.0 (linux64) logging started Sat Feb  6 09:28:11 2021

Gurobi Optimizer version 9.1.0 build v9.1.0rc0 (linux64)
Thread count: 32 physical cores, 32 logical processors, using up to 2 threads
Optimize a model with 1150 rows, 6940 columns and 22213 nonzeros
Model fingerprint: 0xe022ccee
Variable types: 454 continuous, 6486 integer (276 binary)
Coefficient statistics:
  Matrix range     [1e+00, 2e+03]
  Objective range  [1e-01, 6e+02]
  Bounds range     [1e+00, 3e+02]
  RHS range        [1e+00, 6e+03]
Presolve removed 229 rows and 114 columns
Presolve time: 0.07s
Presolved: 921 rows, 6826 columns, 21331 nonzeros
Variable types: 340 continuous, 6486 integer (6216 binary)

Root relaxation: objective 1.302212e+04, 640 iterations, 0.01 seconds

    Nodes    |    Current Node    |     Objective Bounds      |     Work
 Expl Unexpl |  Obj  Depth IntInf | Incumbent    BestBd   Gap | It/Node Time

     0     0 13022.1222    0  114          - 13022.1222      -     -    0s
     0     0 13425.2824    0  132          - 13425.2824      -     -    0s
     0     0 13435.7090    0  142          - 13435.7090      -     -    0s
     0     0 13934.0248    0  197          - 13934.0248      -     -    0s
     0     0 13934.8854    0  197          - 13934.8854      -     -    0s
     0     0 13934.8903    0  197          - 13934.8903      -     -    0s
     0     0 13986.9522    0  195          - 13986.9522      -     -    0s
     0     0 14025.6719    0  207          - 14025.6719      -     -    0s
     0     0 14040.7395    0  229          - 14040.7395      -     -    0s
     0     0 14076.7637    0  254          - 14076.7637      -     -    0s
     0     0 14117.0845    0  230          - 14117.0845      -     -    0s
     0     0 14118.8941    0  243          - 14118.8941      -     -    0s
     0     0 14119.0457    0  252          - 14119.0457      -     -    0s
     0     0 14230.6024    0  206          - 14230.6024      -     -    1s
     0     0 14237.4499    0  224          - 14237.4499      -     -    1s
     0     0 14238.1179    0  233          - 14238.1179      -     -    1s
     0     0 14260.0101    0  261          - 14260.0101      -     -    1s
     0     0 14266.7310    0  271          - 14266.7310      -     -    1s
     0     0 14269.4595    0  272          - 14269.4595      -     -    1s
     0     0 14270.0712    0  291          - 14270.0712      -     -    1s
     0     0 14283.8731    0  255          - 14283.8731      -     -    1s
     0     0 14286.8977    0  237          - 14286.8977      -     -    1s
     0     0 14287.0738    0  226          - 14287.0738      -     -    1s
     0     0 14288.5693    0  211          - 14288.5693      -     -    1s
     0     0 14291.6643    0  222          - 14291.6643      -     -    2s
     0     0 14293.5719    0  241          - 14293.5719      -     -    2s
     0     0 14295.2016    0  235          - 14295.2016      -     -    2s
     0     0 14303.1934    0  156          - 14303.1934      -     -    2s
     0     0 14303.3375    0  246          - 14303.3375      -     -    2s
     0     0 14326.0749    0  258          - 14326.0749      -     -    2s
     0     0 14330.4085    0  282          - 14330.4085      -     -    2s
     0     0 14331.6791    0  251          - 14331.6791      -     -    2s
     0     0 14331.8257    0  266          - 14331.8257      -     -    2s
     0     0 14331.8257    0  242          - 14331.8257      -     -    2s
     0     2 14331.8257    0  240          - 14331.8257      -     -    3s
    42    47 14478.2123   12  181          - 14375.3349      -   224    5s
   372   415 15723.0493  102   64          - 14375.3349      -  92.8   10s
   857   879 18717.0144  299    9          - 14382.3860      -  53.4   15s
  1570  1522 15956.3772  100  242          - 14382.3860      -  34.6   20s
  1591  1536 15600.4376   88  348          - 14416.2284      -  34.1   25s
  1603  1547 14422.4667   13  312          - 14422.2087      -  39.1   30s
  1630  1565 14573.7607   20  300          - 14440.2487      -  43.1   35s
  1715  1634 14731.6851   37   93          - 14440.2487      -  54.1   40s
  1848  1731 14879.3582   56  137          - 14440.2487      -  61.0   45s
  2011  1861 15186.9612   76   32          - 14440.2487      -  62.4   50s
* 2055  1768             168    16614.130000 14440.2487  13.1%  61.8   50s
  2119  1792 15107.4196   98   58 16614.1300 14440.2487  13.1%  63.6   60s
  2240  1894 15379.1867  145   33 16614.1300 14440.2487  13.1%  65.1   65s
  2404  2017 15585.3752  198   32 16614.1300 14440.2487  13.1%  65.7   70s
H 2419  1937                    16589.930000 14440.2487  13.0%  65.6   71s
  2567  2007 14969.0761  112   37 16589.9300 14440.2487  13.0%  65.3   75s
H 2664  1897                    16190.290000 14440.2487  10.8%  64.5   78s
  2729  2004 14495.1402   20  410 16190.2900 14445.4431  10.8%  64.1   81s
  2919  2015 14611.4493   28  341 16190.2900 14445.4431  10.8%  61.8   85s
  3000  2088 14786.9860   42  168 16190.2900 14445.4431  10.8%  64.2   91s
  3068  2231 15009.9019   52   43 16190.2900 14445.4431  10.8%  66.0   95s
* 3288  2128             152    16154.180000 14445.4431  10.6%  63.7   98s
  3318  2212 15265.4189  130   33 16154.1800 14445.4431  10.6%  64.1  100s
  3567  2376 16096.4217  211   21 16154.1800 14445.4431  10.6%  63.1  105s
  3766  2417 15221.1031   35  102 16154.1800 14466.7776  10.4%  63.3  111s
  3856  2454 14662.5679   27  100 16154.1800 14468.4586  10.4%  64.4  116s
  3912  2526 15076.9782   63   14 16154.1800 14468.4586  10.4%  65.1  120s
  4114  2651     cutoff  147      16154.1800 14478.5456  10.4%  64.5  126s
H 4118  2199                    15708.490000 14478.5456  7.83%  64.5  126s
  4249  2236 14774.5811   26  240 15708.4900 14484.7788  7.79%  65.3  132s
  4331  2250 15095.5302   48  231 15708.4900 14484.7788  7.79%  65.5  135s
  4431  2410 14714.7609   24  207 15708.4900 14488.0991  7.77%  66.4  142s
  4602  2395     cutoff  130      15708.4900 14488.6818  7.77%  65.5  146s
  4715  2541 14966.9592   62  162 15708.4900 14493.2526  7.74%  67.4  152s
  4854  2577     cutoff  158      15708.4900 14494.7074  7.73%  67.2  164s
  4943  2687 14750.4124   29  307 15708.4900 14494.7074  7.73%  67.7  168s
  5106  2702 15081.7965   57  183 15708.4900 14497.2432  7.71%  67.4  172s
  5190  2813     cutoff  113      15708.4900 14498.7574  7.70%  68.2  177s
  5326  2908 14782.6766   29  125 15708.4900 14498.7574  7.70%  68.3  182s
  5434  2992 14996.7654   45   81 15708.4900 14501.3421  7.68%  69.0  186s
  5543  3079 14975.4226   28  190 15708.4900 14505.1985  7.66%  69.7  191s
  5653  3153 14660.2963   22  282 15708.4900 14505.2101  7.66%  70.3  196s
  5767  3265 15127.3593   56  184 15708.4900 14505.2101  7.66%  71.0  201s
  5888  3354     cutoff  139      15708.4900 14512.4140  7.61%  71.0  206s
  6029  3496 14810.9249   34  221 15708.4900 14512.9194  7.61%  71.4  211s
  6171  3652 15105.6268  119   19 15708.4900 14514.5245  7.60%  71.9  218s
  6343  3846     cutoff  183      15708.4900 14515.6289  7.59%  71.9  224s
  6567  3920 15412.6995   91   51 15708.4900 14517.5230  7.58%  71.5  230s
  6658  4031 14736.0957   28  293 15708.4900 14517.5230  7.58%  72.5  235s
  6779  4114 15073.5710   52   53 15708.4900 14517.5230  7.58%  73.5  242s
  6870  4192     cutoff   76      15708.4900 14518.0907  7.58%  73.7  248s
  7038  4392 14850.2036   39  225 15708.4900 14518.5633  7.58%  74.1  254s
  7155  4393 15190.8443   62   33 15708.4900 14519.5590  7.57%  74.2  255s
  7267  4484 15575.1600  103   13 15708.4900 14519.5670  7.57%  73.7  262s
  7377  4716 14802.7258   44  140 15708.4900 14520.5085  7.56%  74.7  270s
  7635  5021 14741.2024   31  161 15708.4900 14521.9732  7.55%  74.4  280s
  8004  5181     cutoff  199      15708.4900 14522.1353  7.55%  72.9  289s
  8043  5181 15151.0388   54  164 15708.4900 14522.1353  7.55%  73.4  290s
  8173  5333 15219.0638   60  159 15708.4900 14522.4126  7.55%  73.4  296s
  8358  5414 15111.1562   57  159 15708.4900 14528.0280  7.51%  73.7  303s
  8482  5530 14924.9614   27  243 15708.4900 14528.1772  7.51%  74.6  311s
  8623  5653 15666.2644   54   30 15708.4900 14529.5584  7.51%  75.3  318s
  8776  5757 14905.0985   44  186 15708.4900 14529.5889  7.50%  75.9  326s
  8881  5963 15367.2958   72  131 15708.4900 14531.9099  7.49%  76.7  333s
  9140  6054 14858.5566   34  122 15708.4900 14532.0984  7.49%  76.4  342s
  9278  6151 15170.2531   62   44 15708.4900 14532.3080  7.49%  76.9  349s
  9370  6158 15646.0856  108   21 15708.4900 14532.3080  7.49%  76.9  350s
  9419  6253     cutoff  113      15708.4900 14533.1596  7.48%  77.3  356s
  9529  6402 15009.5535   50  253 15708.4900 14533.3445  7.48%  78.0  364s
H 9563  3263                    15137.900000 14533.3445  3.99%  78.0  365s
H 9703  3251                    15135.120000 14533.3445  3.98%  77.9  366s
  9704  3199     cutoff   83      15135.1200 14533.5896  3.97%  77.9  372s
  9776  3283 14897.9506   26  255 15135.1200 14535.6072  3.96%  78.9  379s
  9891  3334 15057.9770   38  131 15135.1200 14535.8791  3.96%  79.8  385s
  9974  3390 14645.5421   25  366 15135.1200 14538.0826  3.94%  80.9  392s
 10050  3458 14651.4959   20  349 15135.1200 14539.5032  3.94%  81.7  399s
 10112  3458 15100.2238   59   61 15135.1200 14539.7307  3.93%  82.2  400s
 10148  3508 14848.5035   31  274 15135.1200 14540.0855  3.93%  82.7  407s
 10209  3606 14799.6031   22  132 15135.1200 14542.8214  3.91%  83.7  414s
 10234  3606 15089.0768   31  170 15135.1200 14542.8214  3.91%  83.9  415s
 10360  3678 14705.8261   26  250 15135.1200 14543.5091  3.91%  84.1  422s
 10458  3733 14776.9728   30  220 15135.1200 14544.9539  3.90%  85.1  429s
H10529  3554                    15084.820000 14545.4561  3.58%  85.9  436s
H10593  2740                    14989.980000 14545.8356  2.96%  86.2  437s
 10673  2741     cutoff   51      14989.9800 14549.6865  2.94%  86.3  444s
 10749  2841 14711.0833   32  213 14989.9800 14551.9304  2.92%  87.2  451s
 10871  2883 14838.0676   34  352 14989.9800 14553.4519  2.91%  87.8  460s
 10936  2923     cutoff   37      14989.9800 14554.3282  2.91%  88.8  467s
 11021  2963 14655.6906   27  291 14989.9800 14555.4967  2.90%  89.8  474s
 11102  2963 14787.2794   25  168 14989.9800 14556.7581  2.89%  90.9  475s
 11103  3021 14958.3252   40  317 14989.9800 14558.8276  2.88%  90.9  482s
 11193  3074 14927.6420   39   76 14989.9800 14559.7621  2.87%  92.0  489s
 11300  3142 14721.6731   31  205 14989.9800 14560.9732  2.86%  92.9  497s
H11345  3013                    14975.980000 14560.9732  2.77%  93.3  498s
 11395  3064 14931.6907   40  102 14975.9800 14561.2180  2.77%  93.8  505s
 11513  3131 14949.8340   36  213 14975.9800 14562.4792  2.76%  94.7  513s
 11644  3194 14811.7599   21  307 14975.9800 14567.0382  2.73%  95.6  521s
 11743  3242 14845.2054   38  182 14975.9800 14569.6604  2.71%  96.5  529s
 11768  3242 14949.0709   53   19 14975.9800 14569.6604  2.71%  96.6  530s
 11872  3332 14650.5730   25  290 14975.9800 14571.1656  2.70%  97.1  538s
 11998  3377 14775.6728   26  288 14975.9800 14572.6086  2.69%  97.8  546s
 12070  3454 14639.1245   25  323 14975.9800 14574.1229  2.68%  98.8  553s
 12188  3496 14709.3874   23  301 14975.9800 14575.3720  2.68%   100  562s
 12291  3554 14799.1237   26  189 14975.9800 14577.8268  2.66%   100  569s
 12335  3554 14798.1310   30  263 14975.9800 14577.8268  2.66%   101  570s
 12388  3620 14875.7932   34  189 14975.9800 14578.8906  2.65%   101  577s
 12512  3694     cutoff   35      14975.9800 14579.7806  2.65%   102  586s
 12643  3753 14922.7493   49  194 14975.9800 14581.5183  2.63%   103  594s
 12677  3753 14866.5497   30  258 14975.9800 14581.5183  2.63%   103  595s
 12782  3810 14741.8350   21  171 14975.9800 14582.5494  2.63%   104  603s
 12882  3880 14826.7884   33  323 14975.9800 14583.1296  2.62%   105  612s
 13004  3940 14916.9438   49  205 14975.9800 14584.0432  2.62%   105  621s
 13153  4010 14659.4798   22  332 14975.9800 14585.6643  2.61%   106  630s
 13260  4114 14845.3435   39  230 14975.9800 14586.2465  2.60%   107  639s
 13289  4114 14743.8928   27   96 14975.9800 14586.2465  2.60%   107  640s
 13403  4205 14953.1115   52   36 14975.9800 14587.3669  2.59%   107  649s
 13485  4205 14954.9970   34  118 14975.9800 14587.3669  2.59%   108  650s
 13568  4279 14643.9781   25  344 14975.9800 14591.2747  2.57%   108  658s
 13658  4335 14862.3406   32  152 14975.9800 14592.7488  2.56%   109  668s
 13795  4392 14754.2656   31  286 14975.9800 14593.1673  2.56%   109  677s
 13914  4429 14873.6575   25  191 14975.9800 14595.1090  2.54%   110  686s
 14004  4472 14836.6055   35  288 14975.9800 14597.2077  2.53%   111  694s
 14123  4548 14746.0202   23  266 14975.9800 14600.3311  2.51%   111  704s
 14247  4658 14891.4402   38  177 14975.9800 14600.8347  2.50%   112  713s
 14413  4731 14918.2918   41  272 14975.9800 14601.9050  2.50%   113  723s
 14540  4805 14660.6485   25  402 14975.9800 14604.1758  2.48%   113  732s
 14670  4897     cutoff   30      14975.9800 14605.6340  2.47%   114  743s
 14822  4955 14906.3232   31  265 14975.9800 14606.5615  2.47%   115  753s
 14925  5016     cutoff   35      14975.9800 14607.5180  2.46%   115  763s
 15074  5059 14859.9926   31  323 14975.9800 14608.7200  2.45%   116  773s
 15145  5122 14840.9450   33  247 14975.9800 14609.7800  2.45%   116  782s
 15268  5222 14951.3863   30  271 14975.9800 14610.4153  2.44%   117  793s
 15431  5289 14841.9115   27  157 14975.9800 14610.9420  2.44%   117  804s
 15468  5289 14831.9290   24  188 14975.9800 14610.9420  2.44%   118  805s
 15547  5363 14828.5416   33  212 14975.9800 14612.0261  2.43%   118  815s
 15673  5441 14776.3473   37  111 14975.9800 14612.2317  2.43%   119  827s
 15829  5517     cutoff   34      14975.9800 14613.4789  2.42%   119  837s
 15940  5575 14937.7813   46  178 14975.9800 14614.5427  2.41%   119  847s
 16068  5641 14685.4155   27  316 14975.9800 14615.1688  2.41%   120  857s
 16201  5714 14812.8124   28  295 14975.9800 14615.9155  2.40%   121  867s
 16343  5766 14756.2443   24  265 14975.9800 14616.9314  2.40%   121  878s
 16470  5820 14792.6776   30  293 14975.9800 14618.0395  2.39%   122  888s
 16586  5897 14968.0749   40  128 14975.9800 14619.5572  2.38%   123  898s
 16770  5986 14878.8541   31  182 14975.9800 14620.3248  2.37%   123  910s
 16935  6134 14659.2886   25  333 14975.9800 14620.6895  2.37%   124  921s
 17114  6202 14885.1290   37  175 14975.9800 14621.3844  2.37%   124  932s
 17244  6264 14883.0200   38  236 14975.9800 14621.9482  2.36%   125  942s
 17376  6348 infeasible   35      14975.9800 14623.1626  2.36%   125  953s
 17506  6429 14719.4633   30  307 14975.9800 14624.4018  2.35%   126  963s
 17637  6504 14873.6488   37  158 14975.9800 14624.6994  2.35%   127  975s
 17782  6577 14750.5951   28  297 14975.9800 14625.0242  2.34%   127  986s
 17921  6707 14852.9559   33  316 14975.9800 14625.4928  2.34%   128  997s
 18120  6765 14969.4013   27  230 14975.9800 14626.6236  2.33%   128 1009s
 18228  6838 14876.6730   34  294 14975.9800 14627.0222  2.33%   129 1019s
 18283  6838 14905.0791   31  248 14975.9800 14627.0222  2.33%   129 1020s
 18379  6892 14945.4390   33  208 14975.9800 14628.0192  2.32%   129 1030s
 18491  7011 14870.3397   36  113 14975.9800 14629.1671  2.32%   129 1042s
 18701  7102 14782.5687   27  268 14975.9800 14629.8148  2.31%   130 1053s
 18869  7180 14960.4537   39  210 14975.9800 14630.8470  2.30%   130 1065s
 19036  7259 14738.0432   24  281 14975.9800 14632.4628  2.29%   130 1076s
 19201  7354 14768.2800   32  312 14975.9800 14632.7624  2.29%   131 1088s
 19370  7427     cutoff   33      14975.9800 14633.1016  2.29%   131 1100s
 19513  7495 14960.9108   37  215 14975.9800 14633.4568  2.29%   132 1110s
 19664  7499 14781.3300   27  216 14975.9800 14634.4125  2.28%   132 1180s
 19676  7596 14907.9910   33   96 14975.9800 14634.4630  2.28%   133 1193s
 19882  7724 14662.4157   24  258 14975.9800 14634.9254  2.28%   133 1206s
 20075  7812 14810.0596   26  203 14975.9800 14635.6203  2.27%   133 1218s
 20226  7936 14903.9844   35  212 14975.9800 14636.2273  2.27%   134 1232s
 20418  8016 14879.1453   49  178 14975.9800 14636.7310  2.27%   134 1244s
 20507  8016 14953.6087   48  266 14975.9800 14636.7310  2.27%   134 1245s
 20610  8144     cutoff   27      14975.9800 14637.4345  2.26%   134 1256s
 20817  8222 14834.0443   26  267 14975.9800 14638.2740  2.25%   135 1269s
 20971  8276 14930.8900   35  283 14975.9800 14638.9590  2.25%   135 1280s
 21155  8362     cutoff   36      14975.9800 14640.0506  2.24%   136 1293s
 21358  8449 14877.1182   34   58 14975.9800 14640.8138  2.24%   136 1306s
 21597  8549     cutoff   34      14975.9800 14641.2516  2.24%   136 1318s
 21842  8677 14963.3356   34   26 14975.9800 14642.1205  2.23%   136 1331s
 22041  8782 14881.2512   26  275 14975.9800 14643.1300  2.22%   136 1342s
 22231  8868 14827.4996   34  318 14975.9800 14644.1636  2.22%   137 1355s
 22402  9000 14826.9939   37  125 14975.9800 14644.7096  2.21%   137 1367s
 22630  9099 14794.8541   33  216 14975.9800 14645.4109  2.21%   137 1380s
 22817  9192 14936.1746   30  399 14975.9800 14645.9631  2.20%   138 1393s
 23001  9282 14834.5014   23  334 14975.9800 14646.5692  2.20%   138 1406s
 23181  9416 14747.1852   21  189 14975.9800 14647.5372  2.19%   138 1418s
 23405  9520 14818.3366   21  160 14975.9800 14648.2484  2.19%   139 1431s
 23582  9607 14890.2580   37  130 14975.9800 14649.1072  2.18%   139 1444s
 23752  9725 14890.0641   47  194 14975.9800 14650.1466  2.18%   139 1455s
 23982  9763 14709.8822   23  243 14975.9800 14650.8162  2.17%   140 1476s
 24053  9875     cutoff   43      14975.9800 14650.9180  2.17%   140 1489s
 24252  9952 14724.2588   24  342 14975.9800 14652.1298  2.16%   140 1502s
 24436 10046 14773.1706   25  273 14975.9800 14652.4227  2.16%   140 1513s
 24647 10121     cutoff   36      14975.9800 14653.0262  2.16%   140 1526s
 24849 10199 14685.8765   29  258 14975.9800 14653.9168  2.15%   141 1538s
 25029 10328 14950.5565   36  234 14975.9800 14654.1679  2.15%   141 1551s
 25275 10432 14927.4510   26  266 14975.9800 14654.6495  2.15%   141 1565s
 25460 10574 14931.6717   32   59 14975.9800 14655.2369  2.14%   141 1577s
 25702 10613     cutoff   60      14975.9800 14655.9628  2.14%   141 1591s
 25860 10661     cutoff   33      14975.9800 14656.3435  2.13%   142 1603s
 26016 10780 14814.9401   32  282 14975.9800 14657.1148  2.13%   142 1616s
 26236 10886 14917.2297   48  201 14975.9800 14657.5055  2.13%   142 1630s
 26425 10965 14934.6036   41  249 14975.9800 14657.9011  2.12%   143 1643s
 26587 11088 14849.2810   33  258 14975.9800 14658.1995  2.12%   143 1656s
 26810 11156 14828.8699   28  210 14975.9800 14658.8585  2.12%   143 1669s
 26960 11215 14863.9949   30  239 14975.9800 14659.4143  2.11%   144 1681s
 27129 11282     cutoff   54      14975.9800 14660.0984  2.11%   144 1694s
 27242 11282 14909.3022   26  227 14975.9800 14660.8770  2.10%   144 1695s
 27288 11342     cutoff   34      14975.9800 14660.8857  2.10%   145 1706s
 27440 11383     cutoff   24      14975.9800 14661.3916  2.10%   145 1718s
 27601 11472 14839.7720   27  110 14975.9800 14661.9717  2.10%   145 1731s
 27832 11542     cutoff   51      14975.9800 14662.6675  2.09%   145 1744s
 27988 11542 14955.9507   30  152 14975.9800 14663.2983  2.09%   146 1745s
 28023 11638 14804.8306   30  238 14975.9800 14663.3705  2.09%   146 1757s
 28230 11775 14743.2513   28  321 14975.9800 14664.3388  2.08%   146 1769s
 28298 11775 14816.8800   27  169 14975.9800 14664.3388  2.08%   146 1770s
 28433 11894 14897.3904   70   30 14975.9800 14664.5449  2.08%   146 1783s
 28675 12002 14879.2713   34  137 14975.9800 14665.3901  2.07%   146 1797s
 28890 12120     cutoff   48      14975.9800 14665.9127  2.07%   146 1810s
 29114 12218 14939.0611   37  286 14975.9800 14666.2237  2.07%   146 1824s
 29255 12218 14841.8124   40  220 14975.9800 14666.7172  2.07%   146 1825s
 29306 12268     cutoff   37      14975.9800 14666.8888  2.06%   146 1837s
 29460 12314 infeasible   36      14975.9800 14667.6680  2.06%   147 1850s
 29650 12385 14928.6068   29  236 14975.9800 14668.0650  2.06%   147 1864s
 29822 12457 14882.7094   31  220 14975.9800 14668.5258  2.05%   147 1877s
 29988 12529 14826.1097   22  188 14975.9800 14668.9203  2.05%   148 1889s
 30158 12586 14878.3247   34  321 14975.9800 14669.6535  2.05%   148 1901s
 30297 12630 14820.5299   24  285 14975.9800 14670.4129  2.04%   148 1912s
 30435 12696 14871.9755   28  233 14975.9800 14670.7085  2.04%   149 1925s
 30605 12743 14771.9821   26  276 14975.9800 14671.4461  2.03%   149 1938s
 30740 12825 14852.8638   33  289 14975.9800 14672.2033  2.03%   150 1950s
 30917 12882 14741.0128   30  282 14975.9800 14672.5405  2.03%   150 1963s
 31068 12980 14756.3551   31  225 14975.9800 14672.8815  2.02%   150 1977s
 31301 13069 14941.2147   31  190 14975.9800 14673.3004  2.02%   150 1990s
 31504 13147     cutoff   39      14975.9800 14673.8222  2.02%   151 2003s
 31680 13215 14777.9353   23  401 14975.9800 14673.9834  2.02%   151 2016s
 31864 13292 14955.1151   27  112 14975.9800 14674.2999  2.01%   151 2030s
 32052 13377 14853.1443   24  294 14975.9800 14675.2154  2.01%   151 2043s
 32268 13437 14957.6859   34  284 14975.9800 14675.6170  2.01%   151 2056s
 32442 13509 14911.3336   31  333 14975.9800 14676.2079  2.00%   152 2071s
 32619 13559     cutoff   30      14975.9800 14676.7725  2.00%   152 2084s
 32693 13559 14928.5789   46  163 14975.9800 14676.7725  2.00%   152 2085s
 32840 13629     cutoff   38      14975.9800 14677.2126  1.99%   152 2098s
 33038 13686     cutoff   43      14975.9800 14677.8671  1.99%   152 2111s
 33190 13762 14940.2679   39  120 14975.9800 14678.3057  1.99%   153 2125s
 33369 13849     cutoff   39      14975.9800 14679.0720  1.98%   153 2138s
 33544 13908 14894.5263   31  229 14975.9800 14679.5227  1.98%   153 2153s
 33699 13974 14918.1656   25  266 14975.9800 14679.9001  1.98%   153 2167s
 33898 14077 14926.1431   30  182 14975.9800 14680.3226  1.97%   153 2181s
 34121 14180 14787.0060   28  274 14975.9800 14680.8379  1.97%   154 2195s
 34344 14257 14762.6577   34  220 14975.9800 14681.2025  1.97%   154 2208s
 34505 14258 14897.9600   45    4 14975.9800 14681.3687  1.97%   154 2210s
 34525 14335 14893.1008   38  275 14975.9800 14681.4352  1.97%   154 2221s
 34701 14397 14805.3623   27  288 14975.9800 14682.2407  1.96%   154 2234s
 34784 14397     cutoff   53      14975.9800 14682.4496  1.96%   154 2235s
 34866 14466 14873.6970   30  293 14975.9800 14682.6769  1.96%   154 2246s
 35025 14605 14824.5601   34  189 14975.9800 14683.4806  1.95%   155 2259s
 35117 14605 14821.7197   42  199 14975.9800 14683.4806  1.95%   154 2260s
 35297 14731 14864.1019   31  221 14975.9800 14684.0206  1.95%   154 2273s
 35539 14815 14770.7362   33  297 14975.9800 14684.5514  1.95%   154 2288s
 35724 14902 14800.5919   34  153 14975.9800 14685.0120  1.94%   155 2302s
 35933 14976 14703.4773   27  102 14975.9800 14685.6464  1.94%   155 2317s
 36140 15065 14792.9560   30  141 14975.9800 14686.2548  1.93%   155 2331s
 36331 15106 14953.0870   32  267 14975.9800 14686.5792  1.93%   155 2344s
 36413 15106 14949.7041   21  274 14975.9800 14686.5792  1.93%   155 2345s
 36518 15195 14894.2025   37  225 14975.9800 14687.3387  1.93%   155 2360s
 36716 15311 14944.6280   53  185 14975.9800 14687.6107  1.93%   155 2375s
 36947 15363 14876.7067   33  289 14975.9800 14687.9829  1.92%   155 2388s
 37117 15444 14761.1410   27  142 14975.9800 14688.1032  1.92%   156 2401s
 37281 15489 14902.4717   35  207 14975.9800 14688.2583  1.92%   156 2414s
 37433 15542 14876.2058   32  299 14975.9800 14688.8011  1.92%   156 2426s
 37602 15621     cutoff   40      14975.9800 14689.8418  1.91%   156 2439s
 37714 15621 14794.3407   24  342 14975.9800 14689.8418  1.91%   156 2440s
 37807 15716 14809.6360   26  281 14975.9800 14690.6877  1.90%   156 2454s
 38018 15808 14923.5156   35  114 14975.9800 14691.0568  1.90%   157 2470s
 38236 15880     cutoff   41      14975.9800 14691.2923  1.90%   157 2484s
 38314 15880 14969.4036   30  158 14975.9800 14691.2923  1.90%   157 2485s
 38428 15962 14821.9339   28  185 14975.9800 14691.6536  1.90%   157 2499s
 38527 15962 14935.4742   52  122 14975.9800 14691.8711  1.90%   157 2500s
 38620 16043     cutoff   32      14975.9800 14691.9105  1.90%   157 2514s
 38807 16095 14907.7720   37  165 14975.9800 14692.0834  1.90%   157 2529s
 38973 16177 14913.2129   26  238 14975.9800 14692.6059  1.89%   158 2543s
 39175 16240 14949.8737   49   78 14975.9800 14692.9651  1.89%   158 2558s
 39355 16290 14871.2644   32  260 14975.9800 14693.3693  1.89%   158 2573s
 39536 16375 14865.3637   37  248 14975.9800 14694.0267  1.88%   158 2587s
 39754 16421     cutoff   33      14975.9800 14694.5175  1.88%   158 2604s
H39757 16120                    14958.740000 14694.5175  1.77%   158 2604s
 39883 16195 14821.1514   29  354 14958.7400 14694.7333  1.76%   158 2619s
