




arguments: ./build/bc_mirp -f ./input/orig_exec_247.cfg
Current dir: /scratch/gui/bc_mirp
File verbosity level: 9
date       time         ( uptime  ) [ thread name/id ]                   file:line     v| 
2021-02-16 02:23:49.558 (   0.196s) [main thread     ]             loguru.cpp:789   INFO| Logging to './output/vi_vc+cos/OU/V2/Original/execution_16_02_2021_02_23_49.log', mode: 'a', verbosity: 9
--------------------------------------------------------------------------------
Parameters
                           instance_path           ./input/Instances/Original/6/
                            model_policy                                       1
                             nb_vehicles                                       2
                              output_dir      ./output/vi_vc+cos/OU/V2/Original/
                            sec_strategy                                       1
                       solver_nb_threads                                       2
                         solver_show_log                                    true
                       solver_time_limit                                    3600
                              use_vi_cos                                    true
                              use_vi_cus                                   false
                         use_vi_hc1_full                                   false
                         use_vi_hc1_half                                   false
                      use_vi_hc1_quarter                                   false
                              use_vi_hc2                                   false
                              use_vi_hc3                                   false
                         use_vi_lex_full                                   false
                         use_vi_lex_half                                   false
                      use_vi_lex_quarter                                   false
                              use_vi_qua                                   false
                               use_vi_vc                                    true
                               use_vi_vr                                   false
--------------------------------------------------------------------------------
executing instance: ./input/Instances/Original/6/absH6high_1n25.dat
--------------------------------------------------------------------------------
Instance details
n	26
H	6
C	1711
Li:
[0, 0, 0, 0, 0, 0, 0, 0, 0, 0, 0, 0, 0, 0, 0, 0, 0, 0, 0, 0, 0, 0, 0, 0, 0, 0, ]
Ui:
[0, 168, 176, 34, 66, 36, 177, 106, 118, 182, 64, 141, 189, 63, 46, 111, 182, 231, 36, 66, 68, 54, 132, 90, 246, 75, ]
Distance matrix:
|0	191	200	231	334	329	146	196	208	245	218	164	283	394	151	358	156	196	309	253	201	260	127	138	130	104	|
|191	0	226	229	278	146	328	216	390	417	327	293	195	334	106	296	171	122	472	151	12	411	280	53	190	130	|
|200	226	0	38	149	359	321	10	276	274	418	364	139	204	121	173	321	115	303	141	225	236	155	202	311	256	|
|231	229	38	0	110	352	358	37	314	310	448	395	108	167	129	135	342	109	336	120	226	268	194	213	335	277	|
|334	278	149	110	0	367	467	147	422	413	546	495	86	61	203	25	423	163	429	129	271	363	303	282	424	361	|
|329	146	359	352	367	0	453	349	533	562	411	393	282	411	245	378	250	244	617	245	141	556	426	195	284	243	|
|146	328	321	358	467	453	0	321	162	215	160	112	425	524	297	491	223	341	284	397	339	266	186	276	184	210	|
|196	216	10	37	147	349	321	0	281	281	414	360	132	203	112	171	315	105	311	132	216	244	159	193	305	249	|
|208	390	276	314	422	533	162	281	0	54	321	271	410	471	316	445	348	348	123	398	398	115	125	338	313	309	|
|245	417	274	310	413	562	215	281	54	0	375	323	413	457	334	435	393	361	70	406	424	69	139	367	359	349	|
|218	327	418	448	546	411	160	414	321	375	0	57	484	606	347	569	163	393	444	446	339	421	318	288	137	199	|
|164	293	364	395	495	393	112	360	271	323	57	0	437	556	300	519	144	346	393	401	305	367	261	249	109	163	|
|283	195	139	108	86	282	425	132	410	413	484	437	0	139	137	101	349	91	443	44	187	375	286	206	355	291	|
|394	334	204	167	61	411	524	203	471	457	606	556	139	0	264	38	483	222	467	183	326	403	356	341	484	421	|
|151	106	121	129	203	245	297	112	316	334	347	300	137	264	0	225	220	46	381	102	106	316	195	84	221	158	|
|358	296	173	135	25	378	491	171	445	435	569	519	101	38	225	0	444	184	450	145	288	384	328	303	446	383	|
|156	171	321	342	423	250	223	315	348	393	163	144	349	483	220	444	0	261	460	308	183	415	284	143	39	65	|
|196	122	115	109	163	244	341	105	348	361	393	346	91	222	46	184	261	0	402	56	118	336	224	119	264	200	|
|309	472	303	336	429	617	284	311	123	70	444	393	443	467	381	450	460	402	0	442	477	68	192	424	426	413	|
|253	151	141	120	129	245	397	132	398	406	446	401	44	183	102	145	308	56	442	0	143	375	273	164	315	251	|
|201	12	225	226	271	141	339	216	398	424	339	305	187	326	106	288	183	118	477	143	0	416	286	63	202	142	|
|260	411	236	268	363	556	266	244	115	69	421	367	375	403	316	384	415	336	68	375	416	0	135	365	384	363	|
|127	280	155	194	303	426	186	159	125	139	318	261	286	356	195	328	284	224	192	273	286	135	0	232	256	229	|
|138	53	202	213	282	195	276	193	338	367	288	249	206	341	84	303	143	119	424	164	63	365	232	0	153	89	|
|130	190	311	335	424	284	184	305	313	359	137	109	355	484	221	446	39	264	426	315	202	384	256	153	0	64	|
|104	130	256	277	361	243	210	249	309	349	199	163	291	421	158	383	65	200	413	251	142	363	229	89	64	0	|

--------------------------------------------------------------------------------
Building model...
	using lazy and cut (CVRPSEP package)
Solving IRP LP...
--------------------------------------------------------------------------------

Gurobi 9.1.0 (linux64) logging started Tue Feb 16 02:23:49 2021

Gurobi Optimizer version 9.1.0 build v9.1.0rc0 (linux64)
Thread count: 32 physical cores, 32 logical processors, using up to 2 threads
Optimize a model with 1274 rows, 4694 columns and 15680 nonzeros
Model fingerprint: 0x3713a370
Variable types: 482 continuous, 4212 integer (312 binary)
Coefficient statistics:
  Matrix range     [1e+00, 9e+02]
  Objective range  [1e-01, 6e+02]
  Bounds range     [1e+00, 2e+02]
  RHS range        [1e+00, 3e+03]
Presolve removed 283 rows and 102 columns
Presolve time: 0.10s
Presolved: 991 rows, 4592 columns, 14845 nonzeros
Variable types: 380 continuous, 4212 integer (3912 binary)

Root relaxation: objective 1.301997e+04, 1011 iterations, 0.03 seconds

    Nodes    |    Current Node    |     Objective Bounds      |     Work
 Expl Unexpl |  Obj  Depth IntInf | Incumbent    BestBd   Gap | It/Node Time

     0     0 13019.9705    0  211          - 13019.9705      -     -    1s
     0     0 13608.7489    0  240          - 13608.7489      -     -    1s
     0     0 13649.5735    0  239          - 13649.5735      -     -    1s
     0     0 13659.7189    0  239          - 13659.7189      -     -    1s
     0     0 13661.9054    0  242          - 13661.9054      -     -    1s
     0     0 13709.5865    0  240          - 13709.5865      -     -    1s
     0     0 13712.5872    0  229          - 13712.5872      -     -    1s
     0     0 13712.7620    0  238          - 13712.7620      -     -    1s
     0     0 14297.9495    0  379          - 14297.9495      -     -    1s
     0     0 14449.7146    0  350          - 14449.7146      -     -    1s
     0     0 14487.1485    0  344          - 14487.1485      -     -    1s
     0     0 14537.0721    0  351          - 14537.0721      -     -    2s
     0     0 14546.7986    0  348          - 14546.7986      -     -    2s
     0     0 14546.9349    0  356          - 14546.9349      -     -    2s
     0     0 14881.2977    0  388          - 14881.2977      -     -    2s
     0     0 14951.1050    0  392          - 14951.1050      -     -    2s
     0     0 14957.0973    0  403          - 14957.0973      -     -    2s
     0     0 14958.0138    0  410          - 14958.0138      -     -    2s
     0     0 15015.5270    0  440          - 15015.5270      -     -    2s
     0     0 15031.1672    0  464          - 15031.1672      -     -    2s
     0     0 15037.4936    0  459          - 15037.4936      -     -    2s
     0     0 15055.3406    0  432          - 15055.3406      -     -    3s
     0     0 15057.4057    0  444          - 15057.4057      -     -    3s
     0     0 15080.6928    0  427          - 15080.6928      -     -    3s
     0     0 15112.7208    0  461          - 15112.7208      -     -    3s
     0     0 15127.0836    0  467          - 15127.0836      -     -    3s
     0     0 15127.1792    0  449          - 15127.1792      -     -    3s
     0     0 15130.0063    0  471          - 15130.0063      -     -    3s
     0     0 15130.7599    0  479          - 15130.7599      -     -    3s
     0     0 15132.2288    0  454          - 15132.2288      -     -    3s
     0     0 15132.2288    0  454          - 15132.2288      -     -    3s
     0     2 15132.3671    0  445          - 15132.3671      -     -    4s
     9    12 15351.2533    3  431          - 15167.9652      -   451    5s
    90   104 16089.1473   29  219          - 15212.3511      -   390   10s
   420   440 17168.3539  105   76          - 15212.3511      -   186   15s
   741   797 15913.4214    5  420          - 15212.3862      -   142   20s
   889   874 16565.3926   46  524          - 15630.1588      -   132   25s
   908   886 16708.8876   66  531          - 15702.8014      -   129   30s
   928   901 17096.5195   95  560          - 15704.7589      -   138   35s
   959   926 15750.0654   30  516          - 15708.8760      -   154   40s
  1047   987 15894.0502   51  355          - 15708.8760      -   170   45s
  1311  1200 16550.7441   93  265          - 15708.8760      -   161   50s
* 1463  1202             195    19156.830000 15708.8760  18.0%   149   51s
  1561  1286 18070.5948  155   68 19156.8300 15708.8760  18.0%   147   55s
* 1668  1227             205    19055.130000 15739.9690  17.4%   141   57s
* 1669  1181             206    19028.130000 15739.9690  17.3%   141   57s
* 1671  1141             203    19023.630000 15739.9690  17.3%   141   57s
  1707  1155 15896.9005   30  422 19023.6300 15739.9690  17.3%   148   60s
  1792  1219 16344.1419   48  214 19023.6300 15739.9690  17.3%   154   65s
  1898  1284 17041.4315   69  136 19023.6300 15739.9690  17.3%   156   70s
  1967  1303 16426.0308   38  262 19023.6300 15764.3056  17.1%   161   76s
  2031  1382 17528.8580   71  172 19023.6300 15764.3056  17.1%   163   81s
H 2172  1324                    18775.590000 15764.3199  16.0%   157   83s
  2272  1421 16191.4566   30  446 18775.5900 15802.5590  15.8%   155   86s
H 2273  1369                    18650.530000 15802.5590  15.3%   154   86s
* 2406  1295             134    18630.420000 15802.5590  15.2%   150   88s
* 2408  1262             133    18621.420000 15802.5590  15.1%   150   88s
  2410  1275 16658.3243   38  198 18621.4200 15802.5590  15.1%   151   90s
H 2536   601                    16900.720000 15805.3689  6.48%   153   94s
  2547   637 16250.4439   38  299 16900.7200 15805.3689  6.48%   153   96s
  2725   700 16033.4937   40  358 16900.7200 15817.5993  6.41%   152  101s
  2785   744 16122.7511   37  467 16900.7200 15828.6226  6.34%   157  105s
  2902   845 16409.4107   55  150 16900.7200 15830.8558  6.33%   159  111s
H 3013   867                    16844.720000 15831.6914  6.01%   162  118s
H 3043   764                    16745.039967 15850.1294  5.34%   161  118s
  3049   777 16114.7323   28  471 16745.0400 15854.1940  5.32%   163  139s
  3077   792 16444.2126   36  290 16745.0400 15854.1940  5.32%   164  142s
  3137   832 16127.3946   38  325 16745.0400 15857.2713  5.30%   167  146s
  3195   856 16507.1115   55  283 16745.0400 15858.1054  5.30%   170  150s
H 3283   813                    16651.480000 15861.7077  4.74%   173  156s
  3364   844 16516.7106   62  151 16651.4800 15873.6761  4.67%   175  161s
  3458   911 16268.6585   37  357 16651.4800 15875.8889  4.66%   178  167s
  3521   937     cutoff   63      16651.4800 15877.5225  4.65%   182  172s
  3540   960 16273.6741   50  299 16651.4800 15877.5225  4.65%   185  175s
  3615   999     cutoff   58      16651.4800 15884.3274  4.61%   189  181s
  3650  1012 16525.6907   50  381 16651.4800 15884.4014  4.61%   191  201s
  3727  1082 16527.4102   57  254 16651.4800 15888.6839  4.58%   194  206s
H 3787  1064                    16639.400000 15894.5499  4.48%   194  207s
  3789  1072     cutoff   50      16639.4000 15894.7560  4.48%   195  210s
  3899  1137 16055.5872   32  419 16639.4000 15904.2352  4.42%   196  217s
  3942  1162 16089.4935   34  454 16639.4000 15906.2690  4.41%   199  221s
  4027  1233 16233.1329   35  366 16639.4000 15908.9341  4.39%   200  225s
  4185  1301 16188.7990   36  295 16639.4000 15909.3465  4.39%   201  233s
H 4211  1290                    16633.000000 15909.8181  4.35%   202  233s
  4235  1317 16082.4902   31  419 16633.0000 15909.8181  4.35%   203  237s
  4270  1338 16543.9225   52  184 16633.0000 15911.6553  4.34%   204  242s
  4311  1362 16391.7752   34  456 16633.0000 15912.8408  4.33%   207  246s
  4373  1371 16254.6847   52  392 16633.0000 15914.4322  4.32%   209  250s
  4406  1393 16033.9393   34  436 16633.0000 15915.0175  4.32%   212  255s
  4446  1413 16452.4990   39  412 16633.0000 15915.5772  4.31%   214  261s
  4493  1437 16292.1534   29  547 16633.0000 15923.1921  4.27%   218  267s
H 4536  1143                    16530.880000 15926.0276  3.66%   219  267s
  4537  1166 15979.1627   30  330 16530.8800 15929.9051  3.64%   221  286s
  4592  1214 16314.1253   35  381 16530.8800 15932.2119  3.62%   223  292s
  4676  1239     cutoff   46      16530.8800 15937.2644  3.59%   224  297s
  4721  1265 16205.0300   34  459 16530.8800 15939.6715  3.58%   227  302s
  4772  1313 16215.7924   38  370 16530.8800 15945.2183  3.54%   231  308s
  4860  1351 16203.2080   55  365 16530.8800 15946.5800  3.53%   232  314s
  4924  1374 16427.0079   48  188 16530.8800 15953.8050  3.49%   234  320s
  4984  1397 16501.9108   65  293 16530.8800 15954.0191  3.49%   235  326s
  5034  1423 16424.9881   31  517 16530.8800 15955.8641  3.48%   239  332s
  5077  1487 16298.3456   36  209 16530.8800 15959.8858  3.45%   241  339s
  5195  1550 16362.3116   44  185 16530.8800 15965.2092  3.42%   241  346s
  5312  1564     cutoff   59      16530.8800 15967.1516  3.41%   242  352s
  5338  1594     cutoff   35      16530.8800 15976.5688  3.35%   246  358s
  5412  1640     cutoff   46      16530.8800 15979.2369  3.34%   247  365s
  5512  1699 16223.5284   33  410 16530.8800 15982.7238  3.32%   249  374s
  5605  1721 16410.6911   34  450 16530.8800 15983.4902  3.31%   250  382s
  5683  1770 16384.2709   30  477 16530.8800 15985.6510  3.30%   252  389s
  5723  1770 16408.4891   31  344 16530.8800 15989.1097  3.28%   253  390s
  5787  1819 16220.7627   41  295 16530.8800 15989.8193  3.27%   254  397s
  5884  1888 16389.0949   36  338 16530.8800 15991.2963  3.26%   255  406s
  5993  1942 16475.4331   52  313 16530.8800 15996.0285  3.24%   255  414s
H 6046  1837                    16502.880000 15996.0285  3.07%   256  414s
  6094  1886 16397.0723   53  363 16502.8800 15996.7869  3.07%   257  423s
  6217  1976 16349.5105   43  276 16502.8800 16001.8350  3.04%   258  432s
  6360  2088 16242.9266   34  284 16502.8800 16002.7644  3.03%   259  441s
  6523  2166     cutoff   55      16502.8800 16007.9957  3.00%   258  450s
  6685  2213 16340.5963   35  305 16502.8800 16011.6639  2.98%   257  460s
  6784  2273 16097.3887   32  384 16502.8800 16015.3629  2.95%   259  469s
  6893  2342 16376.3614   44  255 16502.8800 16018.1321  2.94%   260  478s
  7027  2417 16317.9552   42  252 16502.8800 16023.0143  2.91%   260  488s
  7156  2450 16388.5796   35  491 16502.8800 16027.4524  2.88%   262  497s
  7246  2493 16256.4436   33  255 16502.8800 16030.8450  2.86%   264  508s
  7371  2571 16416.9689   42  153 16502.8800 16036.1799  2.83%   266  521s
  7544  2623     cutoff   38      16502.8800 16042.4451  2.79%   267  533s
  7678  2668 16280.2923   48  370 16502.8800 16045.6334  2.77%   270  545s
  7800  2742 16426.9785   52  286 16502.8800 16049.7023  2.75%   270  556s
  7939  2849 16470.8378   45  191 16502.8800 16054.2783  2.72%   273  570s
  8165  2935 16494.5209   47  300 16502.8800 16058.6935  2.69%   273  582s
  8347  3039     cutoff   45      16502.8800 16062.7025  2.67%   273  595s
  8619  3130 16385.4562   35  306 16502.8800 16064.6728  2.66%   272  608s
  8821  3222 16424.9763   39  379 16502.8800 16067.3892  2.64%   273  622s
  9009  3295 16171.1402   46  301 16502.8800 16068.8249  2.63%   273  636s
  9255  3431 16326.6906   47  240 16502.8800 16072.0034  2.61%   273  649s
  9525  3516 16377.6280   49  326 16502.8800 16077.1639  2.58%   271  662s
  9750  3633 16153.8742   37  296 16502.8800 16081.0645  2.56%   271  676s
  9940  3689 16379.1054   48  229 16502.8800 16082.7282  2.55%   271  689s
 10142  3762 16365.3080   41  325 16502.8800 16087.5735  2.52%   271  701s
 10310  3860 16394.6824   48  317 16502.8800 16088.9684  2.51%   272  714s
 10529  3955 16328.7742   34  359 16502.8800 16092.2063  2.49%   272  727s
 10728  4047 16464.8439   41  279 16502.8800 16094.7130  2.47%   272  784s
 10917  4144 16460.6131   58   80 16502.8800 16096.0703  2.47%   272  798s
 11162  4199     cutoff   49      16502.8800 16099.1061  2.45%   271  811s
 11330  4342 16454.6789   50  297 16502.8800 16100.8700  2.44%   273  825s
 11641  4441 16275.5314   46  224 16502.8800 16104.2630  2.42%   271  838s
 11887  4530 16436.9122   38  313 16502.8800 16106.9762  2.40%   271  851s
 12121  4632 16440.6199   42  337 16502.8800 16109.4795  2.38%   271  865s
 12378  4670 16498.7912   52  166 16502.8800 16111.6691  2.37%   270  877s
H12426  4633                    16495.710000 16111.6691  2.33%   271  877s
 12511  4748     cutoff   39      16495.7100 16113.4850  2.32%   271  890s
 12773  4827 16410.4032   40  341 16495.7100 16115.9355  2.30%   270  903s
 12996  4899 16416.6574   38  229 16495.7100 16119.6840  2.28%   270  915s
 13202  5032 16446.3618   43  221 16495.7100 16121.1630  2.27%   271  928s
 13515  5159 16307.6468   32  365 16495.7100 16123.6963  2.26%   269  942s
 13775  5256 16449.9466   44  285 16495.7100 16125.4646  2.24%   269  956s
 14047  5375 16399.4526   50  348 16495.7100 16127.6740  2.23%   268  970s
 14320  5474 16276.4959   45  361 16495.7100 16129.8136  2.22%   268  983s
 14553  5544 16438.8727   48  159 16495.7100 16133.2984  2.20%   268  996s
 14778  5633 16352.2398   44  237 16495.7100 16136.0406  2.18%   267 1008s
 15025  5739 16452.7336   44  181 16495.7100 16139.5001  2.16%   267 1021s
 15261  5871 16329.9235   41  203 16495.7100 16141.9191  2.14%   267 1034s
 15529  5976 16379.6588   52  149 16495.7100 16143.1358  2.14%   266 1047s
 15826  6106 16226.2450   37  275 16495.7100 16143.9708  2.13%   265 1061s
 16095  6225 16437.3183   40  383 16495.7100 16147.1912  2.11%   264 1074s
 16377  6295 16419.5444   38  401 16495.7100 16148.4181  2.11%   264 1087s
 16595  6413 16326.3508   38  285 16495.7100 16150.1022  2.10%   264 1101s
 16886  6493 16430.9797   41  231 16495.7100 16151.5187  2.09%   263 1113s
 17141  6567 16330.8809   43  228 16495.7100 16153.4170  2.08%   262 1126s
 17372  6660 16320.4901   50  336 16495.7100 16155.1786  2.06%   262 1138s
 17614  6729     cutoff   41      16495.7100 16156.8674  2.05%   262 1150s
 17840  6842 16323.8889   46  326 16495.7100 16159.5398  2.04%   262 1162s
 18096  6948 16314.2767   34  242 16495.7100 16162.4125  2.02%   262 1175s
 18338  7042 16456.1687   40  224 16495.7100 16163.8600  2.01%   261 1188s
 18617  7116 16237.5960   39  312 16495.7100 16166.4348  2.00%   261 1201s
 18867  7187 16250.9733   34  293 16495.7100 16167.1754  1.99%   261 1213s
 19086  7287 16312.6954   37  262 16495.7100 16168.3004  1.98%   260 1226s
 19373  7358     cutoff   44      16495.7100 16170.3666  1.97%   260 1238s
 19632  7434     cutoff   35      16495.7100 16171.8968  1.96%   259 1251s
 19890  7603 16441.7992   41  343 16495.7100 16173.7554  1.95%   259 1265s
 20260  7661 16366.3161   39  314 16495.7100 16175.0863  1.94%   257 1278s
 20493  7804 16220.9904   34  298 16495.7100 16176.4075  1.94%   257 1290s
 20780  7922 16425.3327   52  315 16495.7100 16177.8408  1.93%   257 1304s
 21041  8092 16286.7435   39  178 16495.7100 16178.9334  1.92%   256 1318s
 21411  8152 16447.9999   64   45 16495.7100 16180.3009  1.91%   255 1330s
 21640  8254 16350.9695   41  278 16495.7100 16181.5212  1.90%   255 1343s
 21889  8319 16412.1092   37  241 16495.7100 16182.9231  1.90%   255 1356s
 22139  8450 16389.3876   38  332 16495.7100 16184.6217  1.89%   254 1369s
 22467  8593 16314.0736   52  131 16495.7100 16185.8551  1.88%   253 1382s
 22775  8703 16388.9721   39  311 16495.7100 16186.7714  1.87%   252 1396s
 23117  8815 16414.0010   43  323 16495.7100 16187.5769  1.87%   252 1409s
 23413  8938 16403.9385   45  156 16495.7100 16188.1098  1.86%   251 1422s
 23699  9065 16371.9260   47   98 16495.7100 16188.9889  1.86%   251 1435s
 24082  9240 16477.7225   39  242 16495.7100 16190.4667  1.85%   249 1449s
 24439  9387 16247.4635   40  304 16495.7100 16191.4025  1.84%   248 1462s
 24784  9500 16392.6808   29  469 16495.7100 16192.4183  1.84%   247 1474s
 24950  9500 16369.1623   37  345 16495.7100 16193.3263  1.83%   247 1475s
 25093  9545     cutoff   45      16495.7100 16193.5028  1.83%   246 1493s
H25094  9131                    16469.640000 16193.5028  1.68%   246 1515s
H25154  9087                    16467.870000 16193.8287  1.66%   246 1516s
 25172  9197 16358.6334   42  128 16467.8700 16193.9209  1.66%   246 1527s
 25434  9331 16245.7119   40  193 16467.8700 16194.5115  1.66%   245 1540s
 25749  9423 16452.2308   46  246 16467.8700 16195.9529  1.65%   245 1583s
 26040  9530 16227.2144   33  382 16467.8700 16197.0698  1.64%   244 1596s
 26315  9634 16291.8111   37  273 16467.8700 16197.4523  1.64%   244 1609s
 26612  9743 16370.7252   35  395 16467.8700 16198.4639  1.64%   243 1642s
 26918  9877 16407.5367   43  224 16467.8700 16199.1680  1.63%   243 1657s
 27302  9962 16282.5729   32  325 16467.8700 16199.8592  1.63%   242 1669s
 27549 10056 16462.2507   43  275 16467.8700 16200.4106  1.62%   242 1680s
 27849 10160 16336.4243   34  312 16467.8700 16201.3655  1.62%   241 1692s
 28133 10278 16311.2001   38  282 16467.8700 16202.6332  1.61%   241 1705s
 28460 10379 16439.9047   47  193 16467.8700 16203.5266  1.61%   240 1717s
 28763 10447 16347.3406   37  277 16467.8700 16204.2757  1.60%   239 1730s
 28987 10540 16325.8002   36  375 16467.8700 16205.1661  1.60%   239 1742s
 29282 10656     cutoff   57      16467.8700 16205.8858  1.59%   239 1756s
 29476 10656 16259.0574   37  336 16467.8700 16207.0107  1.58%   238 1762s
 29589 10734 16316.1542   36  192 16467.8700 16207.0507  1.58%   238 1774s
 29887 10843 16308.5862   39  236 16467.8700 16207.6394  1.58%   238 1787s
 30167 10959 16348.3255   43  360 16467.8700 16208.4276  1.58%   238 1800s
 30524 11148     cutoff   62      16467.8700 16209.1937  1.57%   237 1814s
 30728 11148     cutoff   43      16467.8700 16210.0440  1.57%   236 1815s
 30936 11325 16466.3717   53   73 16467.8700 16210.0806  1.57%   236 1828s
 31356 11382 16298.9441   42  218 16467.8700 16210.8138  1.56%   235 1841s
 31585 11458 16242.1544   43  124 16467.8700 16211.9365  1.55%   235 1853s
 31894 11538     cutoff   50      16467.8700 16212.9397  1.55%   234 1865s
 32159 11580 16408.6306   36  214 16467.8700 16213.8885  1.54%   234 1878s
H32295 10338                    16435.790000 16214.3727  1.35%   234 1878s
 32399 10428 16317.9258   40  343 16435.7900 16214.4081  1.35%   234 1890s
 32716 10532     cutoff   45      16435.7900 16215.2434  1.34%   234 1904s
 33031 10572 16371.2139   39  306 16435.7900 16216.1895  1.34%   233 1916s
 33314 10668 16309.2867   49  184 16435.7900 16217.0144  1.33%   233 1929s
 33663 10747     cutoff   43      16435.7900 16217.9821  1.33%   232 1941s
 33921 10844 16332.3891   44  419 16435.7900 16219.1020  1.32%   232 1953s
 34270 10950 16326.8859   45  174 16435.7900 16220.0062  1.31%   232 1966s
 34579 11012 16335.1700   39  276 16435.7900 16220.7627  1.31%   231 1979s
 34875 11100 16369.8102   40  155 16435.7900 16221.7896  1.30%   231 1991s
*35006 10937              57    16432.670000 16222.3690  1.28%   231 1992s
 35157 11064     cutoff   45      16432.6700 16222.5568  1.28%   231 2005s
 35533 11158 16303.7780   37  324 16432.6700 16223.5397  1.27%   230 2018s
H35706 10798                    16425.670000 16223.5397  1.23%   230 2018s
 35846 10919 16242.0291   37  324 16425.6700 16224.1410  1.23%   229 2031s
H35992 10378                    16415.750000 16224.1410  1.17%   229 2032s
 36228 10420     cutoff   45      16415.7500 16224.5408  1.16%   229 2043s
 36455 10462 16376.0119   52  130 16415.7500 16225.5401  1.16%   229 2055s
 36764 10508 16340.1898   39  262 16415.7500 16226.5762  1.15%   228 2071s
 37053 10528 16255.4606   37  329 16415.7500 16227.4244  1.15%   228 2083s
 37272 10652 16383.3549   40  294 16415.7500 16227.6446  1.15%   229 2097s
 37651 10709 16285.8688   41  399 16415.7500 16228.4833  1.14%   228 2117s
 37984 10824 16362.0460   44  193 16415.7500 16229.4709  1.13%   227 2130s
 38348 10876 16397.0566   53  115 16415.7500 16230.4041  1.13%   227 2142s
 38637 10948 16326.0610   37  334 16415.7500 16231.7792  1.12%   226 2155s
 38993 11040 16267.7693   45  201 16415.7500 16232.8292  1.11%   226 2169s
 39366 11099 16400.5320   44  184 16415.7500 16233.6645  1.11%   225 2182s
 39678 11161 16320.3005   41  272 16415.7500 16234.2857  1.11%   225 2196s
 40024 11272 16323.1494   37  358 16415.7500 16235.1433  1.10%   225 2209s
 40402 11334 16401.5071   47  163 16415.7500 16235.7351  1.10%   224 2222s
 40774 11406 16376.5287   45  205 16415.7500 16236.6211  1.09%   224 2235s
 41135 11502 16381.7975   44  303 16415.7500 16237.5110  1.09%   223 2248s
 41481 11563     cutoff   41      16415.7500 16238.1436  1.08%   223 2261s
 41827 11634     cutoff   51      16415.7500 16239.0826  1.08%   222 2273s
 42171 11682 16324.6323   43  176 16415.7500 16239.8537  1.07%   222 2286s
 42473 11741 16398.6370   39  298 16415.7500 16240.6663  1.07%   221 2298s
 42827 11865 16345.5664   34  228 16415.7500 16241.2846  1.06%   221 2311s
 43268 11910 16303.4165   44  335 16415.7500 16242.0003  1.06%   220 2323s
 43550 11959 16329.1200   40  388 16415.7500 16242.5623  1.06%   220 2335s
 43874 12020 16333.8413   36  362 16415.7500 16243.5891  1.05%   220 2349s
 44253 12087 16345.9778   36  341 16415.7500 16244.2964  1.04%   219 2363s
 44591 12210     cutoff   44      16415.7500 16244.9992  1.04%   219 2377s
 45070 12260     cutoff   45      16415.7500 16245.7203  1.04%   218 2390s
 45452 12373     cutoff   36      16415.7500 16246.4931  1.03%   218 2404s
 45862 12458 16360.0072   48  198 16415.7500 16247.4986  1.02%   217 2419s
 46305 12517 16351.2134   48  169 16415.7500 16248.2636  1.02%   216 2433s
 46662 12570     cutoff   48      16415.7500 16248.8364  1.02%   216 2446s
 47051 12625 16334.3739   38  429 16415.7500 16249.5548  1.01%   216 2459s
 47182 12625 16402.1854   43  199 16415.7500 16250.1548  1.01%   216 2460s
 47382 12694 16265.5714   44  303 16415.7500 16250.1734  1.01%   215 2473s
 47774 12737 16353.7962   53  106 16415.7500 16251.0382  1.00%   215 2486s
 48167 12824 16293.8071   37  289 16415.7500 16251.9539  1.00%   214 2500s
 48549 12886 16407.8660   45  347 16415.7500 16252.5596  0.99%   214 2513s
 48918 12924 16266.1365   41  206 16415.7500 16253.3574  0.99%   214 2527s
 49234 12995     cutoff   44      16415.7500 16253.7751  0.99%   213 2540s
 49599 13005 16411.7552   37  226 16415.7500 16254.8011  0.98%   213 2553s
 49915 13048     cutoff   46      16415.7500 16255.5351  0.98%   213 2568s
 50358 13118 16370.5870   43  236 16415.7500 16256.0490  0.97%   212 2581s
 50756 13170 16383.2440   40  238 16415.7500 16256.7537  0.97%   212 2596s
 51162 13260 16370.3750   41  238 16415.7500 16257.4630  0.96%   212 2610s
 51549 13335 16305.6305   36  381 16415.7500 16258.0488  0.96%   211 2624s
 51751 13335 16404.8020   56  120 16415.7500 16258.5730  0.96%   211 2625s
 51966 13433 16341.6122   53  168 16415.7500 16258.6134  0.96%   211 2639s
 52139 13433 16371.3863   61  138 16415.7500 16258.6134  0.96%   211 2640s
 52383 13540 16399.3732   50  100 16415.7500 16259.0530  0.95%   210 2654s
 52843 13571 16406.1669   45  120 16415.7500 16259.7990  0.95%   210 2668s
 53221 13607     cutoff   42      16415.7500 16260.2332  0.95%   209 2682s
 53629 13655 16349.5508   41  237 16415.7500 16260.8657  0.94%   209 2695s
 54057 13677 16311.2337   44  204 16415.7500 16261.6084  0.94%   209 2709s
 54415 13728     cutoff   50      16415.7500 16262.4562  0.93%   208 2723s
 54902 13780     cutoff   46      16415.7500 16262.9924  0.93%   208 2737s
 55308 13816     cutoff   41      16415.7500 16263.8116  0.93%   208 2751s
 55681 13904 16386.4888   42  404 16415.7500 16264.6021  0.92%   207 2764s
 56148 13981 16327.6042   40  287 16415.7500 16265.3385  0.92%   207 2778s
 56589 14022 16362.9945   46  205 16415.7500 16265.9280  0.91%   206 2792s
 57030 14065     cutoff   40      16415.7500 16266.8463  0.91%   206 2806s
 57467 14146     cutoff   43      16415.7500 16267.5067  0.90%   206 2819s
 57903 14173 16339.6132   39  250 16415.7500 16268.0837  0.90%   205 2886s
 58111 14272     cutoff   47      16415.7500 16268.2778  0.90%   205 2900s
 58577 14307     cutoff   40      16415.7500 16268.7876  0.90%   204 2914s
 58963 14350     cutoff   46      16415.7500 16269.3873  0.89%   204 2927s
 59402 14376 16409.5186   43  160 16415.7500 16270.0488  0.89%   204 2940s
 59761 14453 16336.5585   34  336 16415.7500 16270.6341  0.88%   204 2955s
 60254 14504 16314.4845   45  236 16415.7500 16271.3742  0.88%   203 2968s
 60655 14564 16394.4914   44  147 16415.7500 16271.8321  0.88%   203 2982s
 61091 14582     cutoff   41      16415.7500 16272.4806  0.87%   203 2996s
 61419 14635 16404.9920   43  274 16415.7500 16272.9438  0.87%   203 3010s
 61900 14675 16354.9821   35  318 16415.7500 16273.6741  0.87%   202 3024s
 62274 14728 16348.3245   44  142 16415.7500 16274.1005  0.86%   202 3038s
 62756 14757     cutoff   51      16415.7500 16274.7265  0.86%   201 3051s
 63102 14768 16413.8306   40  370 16415.7500 16275.3555  0.86%   201 3065s
 63504 14814 16382.8345   46  161 16415.7500 16276.0678  0.85%   201 3078s
*63869 13627              79    16400.380000 16276.4651  0.76%   201 3079s
 63935 13652     cutoff   40      16400.3800 16276.4837  0.76%   201 3092s
 64325 13626     cutoff   44      16400.3800 16277.1464  0.75%   200 3106s
 64636 13606     cutoff   38      16400.3800 16277.4946  0.75%   200 3119s
 64978 13609 16325.2913   40  293 16400.3800 16278.2187  0.74%   200 3131s
 65207 13613 16364.5852   51  197 16400.3800 16278.6841  0.74%   200 3144s
 65589 13629     cutoff   45      16400.3800 16279.2309  0.74%   200 3156s
 65947 13626 16347.3316   43  225 16400.3800 16279.8252  0.74%   200 3170s
 66351 13645 16360.8326   51  245 16400.3800 16280.6042  0.73%   200 3183s
 66771 13636 16319.4158   40  162 16400.3800 16281.1610  0.73%   199 3197s
 67196 13656     cutoff   41      16400.3800 16282.1381  0.72%   199 3207s
 67483 13632     cutoff   35      16400.3800 16282.4771  0.72%   199 3220s
 67835 13673 16327.5568   37  249 16400.3800 16283.4136  0.71%   199 3232s
 68203 13681     cutoff   44      16400.3800 16283.9368  0.71%   198 3245s
 68571 13668 infeasible   45      16400.3800 16284.6763  0.71%   198 3259s
 69019 13727 16307.0804   40  143 16400.3800 16285.2802  0.70%   198 3272s
 69439 13744 16384.2140   55  106 16400.3800 16286.0366  0.70%   198 3286s
 69888 13743 16343.5581   47  191 16400.3800 16286.5718  0.69%   197 3299s
 70309 13721     cutoff   46      16400.3800 16287.5174  0.69%   197 3313s
 70673 13744     cutoff   45      16400.3800 16288.1434  0.68%   197 3324s
 71040 13716     cutoff   39      16400.3800 16288.6695  0.68%   196 3337s
 71428 13727 16364.1196   40  263 16400.3800 16289.1497  0.68%   196 3348s
 71744 13737 16367.9741   45  219 16400.3800 16289.7414  0.67%   196 3358s
*71985 12321              56    16385.620000 16290.1992  0.58%   196 3358s
 72049 12303     cutoff   43      16385.6200 16290.2067  0.58%   196 3371s
 72514 12266     cutoff   47      16385.6200 16290.9568  0.58%   196 3380s
 72807 12265     cutoff   38      16385.6200 16291.5837  0.57%   195 3389s
 73055 12226 16362.9905   40  335 16385.6200 16292.0259  0.57%   195 3398s
 73328 12197 16330.7674   45  275 16385.6200 16292.6550  0.57%   195 3406s
 73595 12147 16348.7816   34  358 16385.6200 16293.2466  0.56%   195 3416s
 73861 12124     cutoff   44      16385.6200 16293.9093  0.56%   195 3425s
 74155 12100     cutoff   40      16385.6200 16294.3622  0.56%   195 3435s
 74433 12060     cutoff   51      16385.6200 16294.9208  0.55%   194 3444s
 74723 12007     cutoff   41      16385.6200 16295.6193  0.55%   194 3454s
 74951 11987 16344.9984   49  318 16385.6200 16296.2114  0.55%   194 3464s
 75260 11955     cutoff   39      16385.6200 16296.7070  0.54%   194 3474s
 75547 11907     cutoff   43      16385.6200 16297.3049  0.54%   194 3484s
 75887 11852     cutoff   51      16385.6200 16298.0366  0.53%   194 3494s
 76210 11803 16347.3517   35  465 16385.6200 16298.7525  0.53%   194 3504s
 76511 11757 16361.9340   39  274 16385.6200 16299.5690  0.53%   193 3513s
 76804 11715     cutoff   51      16385.6200 16300.0993  0.52%   193 3523s
 77166 11675     cutoff   38      16385.6200 16300.8241  0.52%   193 3534s
 77289 11675     cutoff   53      16385.6200 16301.4926  0.51%   193 3535s
 77493 11628     cutoff   42      16385.6200 16301.5027  0.51%   193 3544s
 77768 11577     cutoff   51      16385.6200 16302.0128  0.51%   193 3554s
 78152 11546 16336.4604   49  191 16385.6200 16302.9133  0.50%   192 3563s
 78459 11499 16323.0003   43  170 16385.6200 16303.4368  0.50%   192 3573s
 78761 11446     cutoff   39      16385.6200 16304.0125  0.50%   192 3583s
 79098 11398     cutoff   49      16385.6200 16304.6303  0.49%   192 3593s
 79476 11368 16373.9472   44  164 16385.6200 16305.3154  0.49%   191 3600s

Cutting planes:
  User: 2824
  Gomory: 44
  Cover: 307
  Implied bound: 220
  Clique: 21
  MIR: 142
  StrongCG: 4
  Flow cover: 430
  GUB cover: 2
  Inf proof: 1
  Zero half: 21
  Network: 3
  RLT: 245
  Lazy constraints: 609

Explored 79676 nodes (15249204 simplex iterations) in 3600.23 seconds
Thread count was 2 (of 32 available processors)

Solution count 10: 16385.6 16400.4 16415.7 ... 16502.9

Time limit reached
Best objective 1.638562000000e+04, best bound 1.630577895776e+04, gap 0.4873%

User-callback calls 331804, time in user-callback 281.37 sec
================================================================================
executing instance: ./input/Instances/Original/6/absH6high_1n20.dat
--------------------------------------------------------------------------------
Instance details
n	21
H	6
C	1651
Li:
[0, 0, 0, 0, 0, 0, 0, 0, 0, 0, 0, 0, 0, 0, 0, 0, 0, 0, 0, 0, 0, ]
Ui:
[0, 36, 182, 182, 90, 261, 117, 30, 110, 42, 276, 153, 40, 94, 144, 46, 129, 213, 264, 160, 174, ]
Distance matrix:
|0	371	401	343	361	341	370	115	392	400	79	266	292	245	355	431	265	194	95	92	348	|
|371	0	37	141	110	250	117	438	67	131	372	305	115	238	247	255	235	296	392	430	185	|
|401	37	0	175	100	284	146	472	90	156	406	342	152	275	280	282	242	333	415	455	178	|
|343	141	175	0	239	110	38	374	95	60	314	182	67	130	106	127	318	201	397	423	303	|
|361	110	100	239	0	341	222	451	177	240	385	374	190	304	341	361	151	345	354	398	78	|
|341	250	284	110	341	0	143	337	203	151	289	102	152	97	15	95	394	156	415	431	398	|
|370	117	146	38	222	143	0	407	61	30	346	220	81	167	137	139	317	237	417	447	292	|
|115	438	472	374	451	337	407	0	443	434	66	241	339	251	351	431	374	181	201	177	450	|
|392	67	90	95	177	203	61	443	0	66	379	275	104	216	197	193	294	283	427	461	252	|
|400	131	156	60	240	151	30	434	66	0	374	237	112	189	142	127	344	261	448	477	312	|
|79	372	406	314	385	289	346	66	379	374	0	202	275	197	304	383	316	134	175	166	388	|
|266	305	342	182	374	102	220	241	275	237	202	0	191	70	117	196	386	73	352	359	415	|
|292	115	152	67	190	152	81	339	104	112	275	191	0	123	154	193	252	183	336	366	246	|
|245	238	275	130	304	97	167	251	216	189	197	70	123	0	110	187	322	72	319	334	346	|
|355	247	280	106	341	15	137	351	197	142	304	117	154	110	0	80	399	171	427	444	400	|
|431	255	282	127	361	95	139	431	193	127	383	196	193	187	80	0	444	251	499	519	429	|
|265	235	242	318	151	394	317	374	294	344	316	386	252	322	399	444	0	332	226	273	97	|
|194	296	333	201	345	156	237	181	283	261	134	73	183	72	171	251	332	0	279	286	375	|
|95	392	415	397	354	415	417	201	427	448	175	352	336	319	427	499	226	279	0	47	321	|
|92	430	455	423	398	431	447	177	461	477	166	359	366	334	444	519	273	286	47	0	368	|
|348	185	178	303	78	398	292	450	252	312	388	415	246	346	400	429	97	375	321	368	0	|

--------------------------------------------------------------------------------
Building model...
	using lazy and cut (CVRPSEP package)
Solving IRP LP...
--------------------------------------------------------------------------------

Gurobi 9.1.0 (linux64) logging started Tue Feb 16 03:23:50 2021

Gurobi Optimizer version 9.1.0 build v9.1.0rc0 (linux64)
Thread count: 32 physical cores, 32 logical processors, using up to 2 threads
Optimize a model with 1029 rows, 3159 columns and 10755 nonzeros
Model fingerprint: 0xf5ea03c7
Variable types: 387 continuous, 2772 integer (252 binary)
Coefficient statistics:
  Matrix range     [1e+00, 8e+02]
  Objective range  [1e-01, 5e+02]
  Bounds range     [1e+00, 3e+02]
  RHS range        [1e+00, 3e+03]
Presolve removed 228 rows and 82 columns
Presolve time: 0.08s
Presolved: 801 rows, 3077 columns, 10085 nonzeros
Variable types: 305 continuous, 2772 integer (2532 binary)

Root relaxation: objective 1.252368e+04, 936 iterations, 0.02 seconds

    Nodes    |    Current Node    |     Objective Bounds      |     Work
 Expl Unexpl |  Obj  Depth IntInf | Incumbent    BestBd   Gap | It/Node Time

     0     0 12523.6776    0  165          - 12523.6776      -     -    0s
     0     0 12760.8968    0  189          - 12760.8968      -     -    0s
     0     0 12769.6012    0  168          - 12769.6012      -     -    0s
     0     0 12778.5541    0  199          - 12778.5541      -     -    0s
     0     0 12819.8301    0  197          - 12819.8301      -     -    0s
     0     0 12854.3662    0  222          - 12854.3662      -     -    0s
     0     0 12867.0316    0  201          - 12867.0316      -     -    0s
     0     0 12869.9740    0  203          - 12869.9740      -     -    0s
     0     0 12894.0948    0  193          - 12894.0948      -     -    0s
     0     0 12907.4553    0  187          - 12907.4553      -     -    0s
     0     0 12909.0141    0  200          - 12909.0141      -     -    0s
     0     0 12910.5921    0  192          - 12910.5921      -     -    0s
     0     0 13257.0267    0  228          - 13257.0267      -     -    0s
     0     0 13429.9467    0  279          - 13429.9467      -     -    0s
     0     0 13436.2196    0  286          - 13436.2196      -     -    0s
     0     0 13448.5377    0  297          - 13448.5377      -     -    0s
     0     0 13471.7521    0  301          - 13471.7521      -     -    0s
     0     0 13482.8068    0  294          - 13482.8068      -     -    0s
     0     0 13483.5938    0  295          - 13483.5938      -     -    0s
     0     0 13483.6341    0  296          - 13483.6341      -     -    0s
     0     0 13649.0036    0  276          - 13649.0036      -     -    0s
     0     0 13663.7843    0  329          - 13663.7843      -     -    0s
     0     0 13664.0300    0  326          - 13664.0300      -     -    1s
     0     0 13738.8691    0  341          - 13738.8691      -     -    1s
     0     0 13743.8175    0  368          - 13743.8175      -     -    1s
     0     0 13743.8500    0  368          - 13743.8500      -     -    1s
