




arguments: ./build/bc_mirp -f ./input/orig_exec_55.cfg
Current dir: /scratch/gui/bc_mirp
File verbosity level: 9
date       time         ( uptime  ) [ thread name/id ]                   file:line     v| 
2021-02-06 21:06:07.420 (   0.121s) [main thread     ]             loguru.cpp:789   INFO| Logging to './output/vi_vc+cos/OU/V2/Original/execution_06_02_2021_21_06_07.log', mode: 'a', verbosity: 9
--------------------------------------------------------------------------------
Parameters
                           instance_path           ./input/Instances/Original/2/
                            model_policy                                       1
                             nb_vehicles                                       2
                              output_dir      ./output/vi_vc+cos/OU/V2/Original/
                            sec_strategy                                       1
                       solver_nb_threads                                       2
                         solver_show_log                                    true
                       solver_time_limit                                    3600
                              use_vi_cos                                    true
                              use_vi_cus                                   false
                         use_vi_hc1_full                                   false
                         use_vi_hc1_half                                   false
                      use_vi_hc1_quarter                                   false
                              use_vi_hc2                                   false
                              use_vi_hc3                                   false
                         use_vi_lex_full                                   false
                         use_vi_lex_half                                   false
                      use_vi_lex_quarter                                   false
                              use_vi_qua                                   false
                               use_vi_vc                                    true
                               use_vi_vr                                   false
--------------------------------------------------------------------------------
executing instance: ./input/Instances/Original/2/absH3high_3n40.dat
--------------------------------------------------------------------------------
Instance details
n	41
H	3
C	3283
Li:
[0, 0, 0, 0, 0, 0, 0, 0, 0, 0, 0, 0, 0, 0, 0, 0, 0, 0, 0, 0, 0, 0, 0, 0, 0, 0, 0, 0, 0, 0, 0, 0, 0, 0, 0, 0, 0, 0, 0, 0, 0, ]
Ui:
[0, 63, 111, 99, 96, 111, 282, 122, 156, 261, 42, 192, 126, 42, 162, 207, 159, 122, 102, 190, 118, 102, 132, 102, 165, 252, 66, 52, 22, 114, 210, 176, 116, 294, 78, 152, 210, 45, 130, 198, 174, ]
Distance matrix:
|0	208	225	252	227	143	258	127	267	150	28	83	163	286	57	149	201	137	214	255	70	73	107	186	328	266	249	343	222	177	293	144	262	215	167	120	169	218	143	173	255	|
|208	0	397	355	416	198	216	99	211	275	193	172	97	166	240	225	362	109	277	314	182	216	273	374	298	208	319	161	14	103	93	120	58	196	152	156	372	227	260	218	453	|
|225	397	0	427	53	364	482	343	492	129	253	225	382	386	171	188	39	291	187	195	295	182	282	55	326	491	180	551	408	315	457	366	455	275	392	244	221	439	341	214	101	|
|252	355	427	0	401	158	201	263	219	396	234	328	259	498	299	400	420	354	465	506	205	324	152	374	574	219	499	393	366	389	446	235	378	456	205	359	224	150	111	423	400	|
|227	416	53	401	0	357	477	352	489	165	253	245	389	424	179	223	85	315	234	245	293	200	264	42	375	488	231	565	428	344	484	370	474	314	392	270	184	430	325	252	50	|
|143	198	364	158	357	0	121	105	134	290	116	196	103	342	200	276	343	205	343	385	74	210	112	319	432	133	382	265	209	237	290	78	226	313	57	220	232	75	69	292	375	|
|258	216	482	201	477	121	0	168	18	397	230	293	135	381	314	372	459	275	437	480	188	317	228	439	501	18	479	197	222	296	290	132	212	386	95	306	347	58	173	381	496	|
|127	99	343	263	352	105	168	0	171	239	105	130	40	237	173	206	313	109	270	312	84	164	175	310	337	169	313	216	112	135	192	37	142	220	77	138	280	155	162	213	382	|
|267	211	492	219	489	134	18	171	0	404	240	298	136	376	323	376	468	276	441	483	198	324	243	450	500	2	483	181	215	294	281	136	202	386	102	309	363	75	189	384	509	|
|150	275	129	396	165	290	397	239	404	0	175	110	279	259	97	59	91	166	84	116	217	80	245	130	226	402	106	434	286	187	329	269	333	149	302	119	244	364	291	87	213	|
|28	193	253	234	253	116	230	105	240	175	0	94	139	286	84	167	229	136	234	275	43	96	98	212	341	238	271	320	206	175	281	118	244	225	140	128	180	191	124	189	280	|
|83	172	225	328	245	196	293	130	298	110	94	0	169	209	77	80	191	71	147	189	127	45	189	203	247	296	187	327	184	106	241	162	230	132	198	38	242	266	217	96	285	|
|163	97	382	259	389	103	135	40	136	279	139	169	0	253	212	244	353	141	307	349	110	203	194	347	366	133	350	183	107	161	187	27	124	251	56	175	306	133	169	249	418	|
|286	166	386	498	424	342	381	237	376	259	286	209	253	0	284	201	347	151	210	230	299	247	383	387	155	374	242	290	162	112	129	270	192	113	308	172	451	386	391	172	471	|
|57	240	171	299	179	200	314	173	323	97	84	77	212	284	0	112	145	147	170	208	127	38	148	137	299	321	201	386	253	183	315	195	297	195	222	112	171	275	195	142	214	|
|149	225	188	400	223	276	372	206	376	59	167	80	244	201	112	0	149	117	67	110	205	78	254	186	187	374	108	387	235	132	272	240	283	93	277	71	279	346	291	32	270	|
|201	362	39	420	85	343	459	313	468	91	229	191	353	347	145	149	0	254	149	160	272	150	271	66	290	466	146	518	373	278	419	339	420	235	367	207	227	418	327	175	135	|
|137	109	291	354	315	205	275	109	276	166	136	71	141	151	147	117	254	0	172	212	151	116	232	273	229	274	215	270	119	39	170	145	167	111	186	47	305	263	245	113	356	|
|214	277	187	465	234	343	437	270	441	84	234	147	307	210	170	67	149	172	0	42	272	141	317	205	144	439	43	437	284	175	307	305	331	99	343	132	327	413	357	60	283	|
|255	314	195	506	245	385	480	312	483	116	275	189	349	230	208	110	160	212	42	0	314	182	356	222	132	481	15	474	321	212	337	347	367	126	385	174	358	455	398	100	295	|
|70	182	295	205	293	74	188	84	198	217	43	127	110	299	127	205	272	151	272	314	0	137	91	253	370	196	310	292	195	188	274	85	226	252	99	155	197	148	94	223	316	|
|73	216	182	324	200	210	317	164	324	80	96	45	203	247	38	78	150	116	141	182	137	0	176	158	263	323	176	369	229	150	286	191	274	157	223	77	208	284	216	106	239	|
|107	273	282	152	264	112	228	175	243	245	98	189	194	383	148	254	271	232	317	356	91	176	0	231	435	242	349	371	286	271	365	167	315	321	164	224	120	174	61	280	274	|
|186	374	55	374	42	319	439	310	450	130	212	203	347	387	137	186	66	273	205	222	253	158	231	0	348	448	208	523	386	303	442	329	431	279	352	229	167	392	291	217	85	|
|328	298	326	574	375	432	501	337	500	226	341	247	366	155	299	187	290	229	144	132	370	263	435	348	0	498	147	441	299	206	283	374	338	119	414	215	465	492	463	157	425	|
|266	208	491	219	488	133	18	169	2	402	238	296	133	374	321	374	466	274	439	481	196	323	242	448	498	0	481	180	213	292	278	134	200	384	100	307	362	75	188	381	508	|
|249	319	180	499	231	382	479	313	483	106	271	187	350	242	201	108	146	215	43	15	310	176	349	208	147	481	0	480	326	217	346	347	373	135	385	175	347	454	392	103	280	|
|343	161	551	393	565	265	197	216	181	434	320	327	183	290	386	387	518	270	437	474	292	369	371	523	441	180	480	0	153	263	163	207	107	352	208	317	487	244	334	379	598	|
|222	14	408	366	428	209	222	112	215	286	206	184	107	162	253	235	373	119	284	321	195	229	286	386	299	213	326	153	0	109	81	132	48	201	162	167	386	236	272	226	466	|
|177	103	315	389	344	237	296	135	294	187	175	106	161	112	183	132	278	39	175	212	188	150	271	303	206	292	217	263	109	0	142	171	156	95	211	74	344	289	281	118	386	|
|293	93	457	446	484	290	290	192	281	329	281	241	187	129	315	272	419	170	307	337	274	286	365	442	283	278	346	163	81	142	0	212	79	211	241	214	461	311	353	254	525	|
|144	120	366	235	370	78	132	37	136	269	118	162	27	270	195	240	339	145	305	347	85	191	167	329	374	134	347	207	132	171	212	0	151	257	40	174	280	119	142	248	398	|
|262	58	455	378	474	226	212	142	202	333	244	230	124	192	297	283	420	167	331	367	226	274	315	431	338	200	373	107	48	156	79	151	0	245	173	214	421	237	293	273	510	|
|215	196	275	456	314	313	386	220	386	149	225	132	251	113	195	93	235	111	99	126	252	157	321	279	119	384	135	352	201	95	211	257	245	0	297	97	365	374	345	62	362	|
|167	152	392	205	392	57	95	77	102	302	140	198	56	308	222	277	367	186	343	385	99	223	164	352	414	100	385	208	162	211	241	40	173	297	0	213	283	79	126	287	415	|
|120	156	244	359	270	220	306	138	309	119	128	38	175	172	112	71	207	47	132	174	155	77	224	229	215	307	175	317	167	74	214	174	214	97	213	0	280	286	248	75	313	|
|169	372	221	224	184	232	347	280	363	244	180	242	306	451	171	279	227	305	327	358	197	208	120	167	465	362	347	487	386	344	461	280	421	365	283	280	0	291	175	310	176	|
|218	227	439	150	430	75	58	155	75	364	191	266	133	386	275	346	418	263	413	455	148	284	174	392	492	75	454	244	236	289	311	119	237	374	79	286	291	0	116	359	445	|
|143	260	341	111	325	69	173	162	189	291	124	217	169	391	195	291	327	245	357	398	94	216	61	291	463	188	392	334	272	281	353	142	293	345	126	248	175	116	0	313	335	|
|173	218	214	423	252	292	381	213	384	87	189	96	249	172	142	32	175	113	60	100	223	106	280	217	157	381	103	379	226	118	254	248	273	62	287	75	310	359	313	0	300	|
|255	453	101	400	50	375	496	382	509	213	280	285	418	471	214	270	135	356	283	295	316	239	274	85	425	508	280	598	466	386	525	398	510	362	415	313	176	445	335	300	0	|

--------------------------------------------------------------------------------
Building model...
	using lazy and cut (CVRPSEP package)
Solving IRP LP...
--------------------------------------------------------------------------------

Gurobi 9.1.0 (linux64) logging started Sat Feb  6 21:06:07 2021

Gurobi Optimizer version 9.1.0 build v9.1.0rc0 (linux64)
Thread count: 32 physical cores, 32 logical processors, using up to 2 threads
Optimize a model with 1025 rows, 5570 columns and 17948 nonzeros
Model fingerprint: 0x3260fa41
Variable types: 404 continuous, 5166 integer (246 binary)
Coefficient statistics:
  Matrix range     [1e+00, 2e+03]
  Objective range  [1e-01, 6e+02]
  Bounds range     [1e+00, 3e+02]
  RHS range        [1e+00, 6e+03]
Presolve removed 325 rows and 162 columns
Presolve time: 0.12s
Presolved: 700 rows, 5408 columns, 16981 nonzeros
Variable types: 242 continuous, 5166 integer (4926 binary)

Root relaxation: objective 1.221287e+04, 559 iterations, 0.01 seconds

    Nodes    |    Current Node    |     Objective Bounds      |     Work
 Expl Unexpl |  Obj  Depth IntInf | Incumbent    BestBd   Gap | It/Node Time

     0     0 12212.8670    0  107          - 12212.8670      -     -    0s
     0     0 12683.5139    0   99          - 12683.5139      -     -    0s
     0     0 13293.7062    0  188          - 13293.7062      -     -    0s
     0     0 13454.8307    0  203          - 13454.8307      -     -    0s
     0     0 13455.7732    0  175          - 13455.7732      -     -    0s
     0     0 13462.2330    0  205          - 13462.2330      -     -    0s
     0     0 13466.5140    0  201          - 13466.5140      -     -    0s
     0     0 13496.4637    0  219          - 13496.4637      -     -    0s
     0     0 13502.8440    0  230          - 13502.8440      -     -    0s
     0     0 13504.5958    0  211          - 13504.5958      -     -    0s
     0     0 13518.0996    0  205          - 13518.0996      -     -    0s
     0     0 13527.0303    0  219          - 13527.0303      -     -    0s
     0     0 13536.2118    0  213          - 13536.2118      -     -    0s
     0     0 13539.8388    0  213          - 13539.8388      -     -    0s
     0     0 13539.8388    0  207          - 13539.8388      -     -    0s
     0     0 13628.9827    0  203          - 13628.9827      -     -    0s
     0     0 13630.5947    0  208          - 13630.5947      -     -    0s
     0     0 13635.1485    0  224          - 13635.1485      -     -    0s
     0     0 13648.5411    0  212          - 13648.5411      -     -    0s
     0     0 13649.5241    0  217          - 13649.5241      -     -    0s
     0     0 13705.6215    0  187          - 13705.6215      -     -    1s
     0     0 13708.9130    0  231          - 13708.9130      -     -    1s
     0     0 13709.9688    0  230          - 13709.9688      -     -    1s
     0     0 13725.7170    0  286          - 13725.7170      -     -    1s
     0     0 13728.6084    0  268          - 13728.6084      -     -    1s
     0     0 13733.0742    0  260          - 13733.0742      -     -    1s
     0     0 13734.3574    0  269          - 13734.3574      -     -    1s
     0     0 13740.4959    0  239          - 13740.4959      -     -    1s
     0     0 13741.1547    0  240          - 13741.1547      -     -    1s
     0     0 13743.0119    0  245          - 13743.0119      -     -    1s
     0     0 13743.0119    0  241          - 13743.0119      -     -    1s
     0     2 13743.0119    0  209          - 13743.0119      -     -    2s
   158   170 14436.6727   44  103          - 13765.2419      -   113    5s
*  541   551             150    15738.460000 13765.2419  12.5%  51.1    7s
   617   576 13948.3470   11  190 15738.4600 13777.3691  12.5%  55.6   10s
   749   702 15156.6600  142  216 15738.4600 13777.3691  12.5%  60.4   15s
   775   719 14169.0790   43  398 15738.4600 13866.9209  11.9%  58.4   20s
   784   725 14255.3847   23  330 15738.4600 13868.7820  11.9%  57.7   26s
   799   738 13934.6511   16  325 15738.4600 13892.9117  11.7%  71.8   30s
   865   782 14220.4949   29  229 15738.4600 13892.9117  11.7%  86.7   35s
   962   860 14464.6456   58   92 15738.4600 13892.9117  11.7%  95.7   40s
  1121   980 14692.2586  109   92 15738.4600 13892.9117  11.7%  95.9   45s
  1307  1117 15048.4867  173   40 15738.4600 13892.9117  11.7%  92.3   50s
  1560  1206 13981.9408   18  330 15738.4600 13901.2755  11.7%  85.7   55s
  1680  1295 14207.6183   27  199 15738.4600 13901.2755  11.7%  89.5   60s
  1822  1399 14386.2696   61   28 15738.4600 13901.2755  11.7%  90.5   65s
  2006  1602 14566.1139  155   89 15738.4600 13901.2755  11.7%  86.8   70s
  2358  1751 14002.2577   22  337 15738.4600 13901.2755  11.7%  81.6   76s
H 2504  1176                    14977.970000 13901.2755  7.19%  81.3   79s
  2568  1146 14141.4894   29   72 14977.9700 13901.2755  7.19%  80.4   80s
  2629  1180 14515.7775   45   83 14977.9700 13901.2755  7.19%  82.3   85s
H 2646   762                    14657.970000 13901.2755  5.16%  83.0   85s
  2807   968 14538.1025  156   36 14657.9700 13933.6984  4.94%  81.6   90s
  2958   995 14203.1089   35  229 14657.9700 13933.6984  4.94%  80.7   95s
* 2998   970              69    14609.030000 13934.4582  4.62%  80.4   97s
  3079   991 14187.1237   21  178 14609.0300 13934.6513  4.62%  81.0  100s
  3176  1134 14315.4591   43  161 14609.0300 13939.6856  4.58%  83.1  106s
  3335  1213 14214.8513   18  313 14609.0300 13939.6856  4.58%  82.9  110s
  3424  1281 14199.9509   19  266 14609.0300 13955.5666  4.47%  84.6  115s
H 3428  1281                    14608.970000 13955.5666  4.47%  84.7  115s
  3509  1348 14428.2947   36  195 14608.9700 13966.0947  4.40%  86.3  120s
  3598  1424 14237.5216   29  222 14608.9700 13966.0947  4.40%  88.1  125s
  3783  1554 14018.6716   15  340 14608.9700 13968.9854  4.38%  88.0  131s
  3904  1615 14358.7282   40  113 14608.9700 13973.3903  4.35%  89.7  136s
  4059  1761 14224.1368   27  294 14608.9700 13980.6309  4.30%  88.7  143s
  4111  1787 14049.1137   19  282 14608.9700 13980.6309  4.30%  90.1  146s
  4227  1951 14227.3935   40  167 14608.9700 13982.2166  4.29%  91.8  152s
  4358  1985 14082.3321   22  313 14608.9700 13982.2166  4.29%  91.1  156s
  4405  2105 14248.8806   36  215 14608.9700 13982.9951  4.28%  91.5  160s
  4571  2233 14421.3133   56   85 14608.9700 13991.1062  4.23%  91.2  165s
  4792  2393 14327.4463   31  174 14608.9700 13996.1579  4.19%  91.5  173s
  4924  2496 14047.0042   24  269 14608.9700 14002.3401  4.15%  91.7  178s
  5046  2564 14072.3086   23  319 14608.9700 14002.9217  4.15%  91.9  182s
  5209  2682 14397.7026   32  151 14608.9700 14003.6534  4.14%  91.7  187s
  5362  2804     cutoff   46      14608.9700 14005.4581  4.13%  91.9  192s
  5511  2867 14442.4483   38  178 14608.9700 14008.1726  4.11%  92.1  198s
  5616  2953     cutoff   35      14608.9700 14009.1837  4.11%  93.3  203s
  5740  3053 14267.0729   28  252 14608.9700 14015.5930  4.06%  94.1  208s
H 5859  3087                    14605.190000 14016.1865  4.03%  94.4  227s
  5909  3174     cutoff   62      14605.1900 14016.8088  4.03%  94.8  233s
  6025  3253 14113.7881   25  351 14605.1900 14018.1016  4.02%  95.4  238s
  6148  3330 14206.0399   32  289 14605.1900 14020.5039  4.00%  95.8  244s
  6243  3383 14400.1934   24  151 14605.1900 14023.7305  3.98%  96.6  250s
  6328  3470 14155.8599   26  282 14605.1900 14024.4058  3.98%  97.9  255s
  6449  3524 14545.8075   37  163 14605.1900 14024.9055  3.97%  98.7  261s
  6549  3626 14167.8701   27  282 14605.1900 14025.7648  3.97%   100  267s
  6664  3765 14169.7282   27  233 14605.1900 14026.4974  3.96%   100  274s
  6815  3765 14431.8076  107   10 14605.1900 14026.4974  3.96%   100  275s
  6843  3911 14466.6102   48   22 14605.1900 14027.6165  3.95%   100  280s
  7037  4007 14294.6815   29  199 14605.1900 14031.8422  3.93%   100  286s
  7171  4081 14131.3677   22  328 14605.1900 14034.7635  3.91%   101  292s
  7276  4282 14444.9240   46   59 14605.1900 14035.7890  3.90%   102  300s
  7522  4427 14257.1538   27  183 14605.1900 14041.0228  3.86%   101  308s
  7702  4508 14277.2751   22  212 14605.1900 14042.7787  3.85%   102  317s
  7975  4650 14403.6211   30  198 14605.1900 14043.3070  3.85%   101  324s
  8130  4747 14178.3549   21  269 14605.1900 14045.6598  3.83%   101  331s
  8269  4910 14097.2156   26  189 14605.1900 14048.0920  3.81%   102  339s
  8477  5038 14210.2820   23  285 14605.1900 14050.0672  3.80%   102  347s
  8646  5135 14177.2930   22  269 14605.1900 14050.5627  3.80%   103  355s
  8765  5278 14402.9829   55   62 14605.1900 14050.6334  3.80%   104  363s
  9025  5367 14580.6295   42   75 14605.1900 14050.9988  3.79%   104  371s
  9164  5606 14196.2061   27  176 14605.1900 14055.0241  3.77%   104  379s
  9242  5606 14541.7063   51  116 14605.1900 14055.0241  3.77%   104  380s
  9433  5771 14196.2202   29  224 14605.1900 14055.6426  3.76%   103  388s
  9627  5884 14504.3609   61  137 14605.1900 14056.4336  3.76%   104  396s
  9780  6030 14316.0940   27  249 14605.1900 14059.7410  3.73%   104  404s
  9929  6030 14383.7620   91   38 14605.1900 14059.9976  3.73%   104  405s
  9950  6166 14294.2805   27  218 14605.1900 14060.4629  3.73%   104  411s
 10202  6306     cutoff   41      14605.1900 14062.7646  3.71%   104  419s
 10379  6468 14281.6543   41  147 14605.1900 14063.9993  3.71%   104  427s
 10585  6576 14271.1295   24  311 14605.1900 14064.2725  3.70%   104  434s
 10732  6576 14244.0089   36  203 14605.1900 14065.0055  3.70%   104  435s
 10741  6723 14242.2577   24  312 14605.1900 14065.3546  3.70%   104  442s
 10919  6849 14531.5932   47  121 14605.1900 14066.5167  3.69%   104  450s
 11066  6980     cutoff   32      14605.1900 14067.1073  3.68%   105  459s
 11220  6980 14309.5589   33  164 14605.1900 14067.9098  3.68%   105  460s
 11245  7139 14314.1724   22  248 14605.1900 14068.3319  3.68%   105  466s
 11440  7261 14593.3827   56  103 14605.1900 14068.9265  3.67%   105  474s
 11597  7261 14396.7247   40  182 14605.1900 14070.8220  3.66%   106  475s
 11600  7372 14302.6768   28  222 14605.1900 14070.9042  3.66%   106  482s
 11757  7540 infeasible   52      14605.1900 14071.7031  3.65%   106  491s
 12022  7679 14388.3278   28  148 14605.1900 14072.5580  3.65%   106  499s
 12055  7679 14578.8887   49   60 14605.1900 14072.5580  3.65%   106  500s
 12215  7847 14346.7764   38  112 14605.1900 14072.8018  3.65%   106  507s
 12424  8014 14478.6126   68   16 14605.1900 14074.1822  3.64%   106  515s
 12636  8126 infeasible   87      14605.1900 14075.2908  3.63%   106  523s
 12797  8245 14285.1426   28  266 14605.1900 14075.9079  3.62%   106  531s
 12970  8331 14305.2005   23  318 14605.1900 14076.4792  3.62%   107  538s
 13094  8425 14597.9767   49   79 14605.1900 14077.8246  3.61%   107  546s
 13227  8520 14555.2780   43  155 14605.1900 14078.2114  3.61%   107  554s
 13317  8520 14314.9753   40  145 14605.1900 14078.8030  3.60%   108  555s
 13356  8574 14253.0094   33  227 14605.1900 14079.0532  3.60%   108  562s
 13461  8698 14245.3896   28  194 14605.1900 14079.5232  3.60%   108  569s
 13527  8698 14556.3200   35  213 14605.1900 14079.5232  3.60%   108  570s
 13625  8780 14289.6439   24  310 14605.1900 14080.0792  3.60%   109  577s
 13741  8860 14432.1641   27  237 14605.1900 14082.0221  3.58%   109  585s
 13855  9010 14557.1307   34  177 14605.1900 14082.8192  3.58%   110  593s
 14064  9118 14133.6674   28   70 14605.1900 14085.4085  3.56%   110  602s
 14234  9219 14203.1005   22  312 14605.1900 14086.0615  3.55%   110  611s
 14405  9323 14533.7410   32  243 14605.1900 14086.2052  3.55%   110  619s
 14502  9323 14535.0438   44   47 14605.1900 14086.5543  3.55%   110  620s
 14561  9476 14430.1335   45   68 14605.1900 14086.6858  3.55%   110  627s
 14760  9596 14384.6323   22  244 14605.1900 14088.8111  3.54%   110  635s
 14939  9680 infeasible   56      14605.1900 14090.6639  3.52%   111  643s
 15050  9838 14578.8827   47   69 14605.1900 14091.2905  3.52%   111  652s
 15261 10023 14388.5354   48  139 14605.1900 14092.2887  3.51%   111  661s
 15500 10147     cutoff   45      14605.1900 14093.5293  3.50%   111  669s
 15560 10147 14489.6865   34  114 14605.1900 14093.5293  3.50%   111  670s
 15653 10306 14531.9836   38   26 14605.1900 14094.0850  3.50%   111  679s
 15881 10431 14184.9535   24  252 14605.1900 14096.4550  3.48%   111  686s
 16033 10581 14502.1602   36  153 14605.1900 14096.9730  3.48%   111  694s
 16215 10694 14368.9588   24  145 14605.1900 14098.6644  3.47%   111  703s
 16396 10779 14240.3459   24  282 14605.1900 14099.0634  3.47%   111  711s
 16503 10879 14428.0301   35  184 14605.1900 14099.1657  3.46%   112  720s
 16687 10966     cutoff   58      14605.1900 14100.1374  3.46%   112  729s
 16793 11061 14369.3841   40  169 14605.1900 14101.0085  3.45%   112  736s
 16936 11142     cutoff   60      14605.1900 14102.3058  3.44%   113  744s
 16995 11142 14550.9943   47    8 14605.1900 14102.3058  3.44%   113  745s
 17101 11260 14194.1848   20  245 14605.1900 14102.8681  3.44%   113  753s
 17256 11400 14200.9539   30  216 14605.1900 14103.0402  3.44%   113  762s
 17455 11499 14429.4936   79   48 14605.1900 14103.5294  3.43%   114  771s
 17683 11637 14363.9509   28  241 14605.1900 14104.6138  3.43%   113  780s
 17857 11732 14291.1996   22  244 14605.1900 14105.7657  3.42%   114  788s
 17993 11856     cutoff   39      14605.1900 14106.3738  3.42%   114  796s
 18168 11925 14244.9653   26  316 14605.1900 14107.4212  3.41%   114  805s
 18315 12043 14258.5874   24  260 14605.1900 14108.0285  3.40%   114  814s
 18402 12044 14229.1829   22  173 14605.1900 14108.0323  3.40%   115  815s
 18470 12084 14588.3738   40  121 14605.1900 14108.1141  3.40%   115  826s
 18575 12172 14297.2955   27  286 14605.1900 14108.5976  3.40%   115  836s
 18698 12351 14330.2496   28  191 14605.1900 14109.0167  3.40%   115  845s
 18919 12461 14320.5805   29  262 14605.1900 14109.9201  3.39%   115  854s
 19079 12613 14320.3396   26  260 14605.1900 14110.7735  3.39%   115  863s
 19315 12774 14241.0134   22  283 14605.1900 14111.9254  3.38%   115  872s
 19513 12877     cutoff   38      14605.1900 14112.3555  3.37%   115  882s
 19667 12978     cutoff   61      14605.1900 14113.9422  3.36%   116  891s
 19807 13136 14248.0922   19  289 14605.1900 14114.5906  3.36%   116  900s
 19997 13231 14473.6336   31   72 14605.1900 14114.9912  3.36%   116  909s
 20157 13343 14596.9800   49    - 14605.1900 14115.1812  3.36%   116  918s
 20338 13442     cutoff   49      14605.1900 14116.2573  3.35%   116  927s
 20485 13566 14344.0046   30  173 14605.1900 14116.8526  3.34%   117  936s
 20668 13685 14582.6821   39  197 14605.1900 14117.7825  3.34%   117  945s
 20855 13801 14500.6207   38   49 14605.1900 14118.6256  3.33%   117  954s
 21027 13930     cutoff   63      14605.1900 14119.3512  3.33%   117  963s
 21226 14011     cutoff   64      14605.1900 14120.0393  3.32%   117  972s
 21370 14117 14353.8759   28  220 14605.1900 14120.8486  3.32%   117  980s
 21551 14252 14196.5178   27  355 14605.1900 14121.4185  3.31%   117  990s
 21778 14358 14353.0776   19  221 14605.1900 14121.8235  3.31%   117  999s
 21890 14358 14566.6423   47   54 14605.1900 14122.1440  3.31%   117 1000s
 21916 14525 14523.1110   49   19 14605.1900 14122.3178  3.31%   117 1008s
 22142 14616 14199.5797   28  138 14605.1900 14122.5531  3.30%   117 1017s
 22278 14768 14364.2211   26  212 14605.1900 14122.7766  3.30%   118 1027s
 22481 14918 14269.1676   30  233 14605.1900 14122.9821  3.30%   118 1036s
 22676 15025 14572.7382   53   48 14605.1900 14123.1485  3.30%   118 1046s
 22890 15104     cutoff   57      14605.1900 14123.8202  3.30%   118 1055s
 23005 15170 14457.5389   36  129 14605.1900 14124.1541  3.29%   118 1063s
 23155 15334 14398.2198   24  205 14605.1900 14124.8385  3.29%   118 1072s
 23384 15497 14203.3535   26  285 14605.1900 14125.7078  3.28%   118 1081s
 23602 15614 14547.0820   38   60 14605.1900 14126.6783  3.28%   118 1091s
 23777 15699 14592.8979   46   14 14605.1900 14126.9733  3.27%   118 1100s
 23907 15804     cutoff   47      14605.1900 14127.5963  3.27%   118 1108s
 24080 15953     cutoff   68      14605.1900 14128.0555  3.27%   119 1118s
 24308 16264 14232.3714   26  145 14605.1900 14128.5883  3.26%   118 1127s
 24679 16366 14490.6229   65   14 14605.1900 14129.2361  3.26%   118 1138s
 24840 16516 14556.7249   67   16 14605.1900 14129.9910  3.25%   118 1146s
 25034 16634 14448.3206   58   46 14605.1900 14130.8043  3.25%   118 1155s
 25222 16710     cutoff   46      14605.1900 14131.3817  3.24%   118 1164s
 25343 16808     cutoff   45      14605.1900 14132.3470  3.24%   118 1172s
 25484 16908 14310.5089   22  225 14605.1900 14132.8660  3.23%   118 1181s
 25618 17060 14593.4225   45  128 14605.1900 14133.3331  3.23%   118 1190s
 25830 17178 14254.5746   20  226 14605.1900 14134.4522  3.22%   118 1199s
 26030 17273 14415.2177   25  277 14605.1900 14135.1226  3.22%   118 1208s
 26185 17342 14555.4894   41  181 14605.1900 14135.3655  3.22%   118 1217s
 26310 17463 14269.0240   26  245 14605.1900 14135.7514  3.21%   118 1226s
 26465 17540 14378.8330   35  196 14605.1900 14135.8646  3.21%   118 1236s
 26624 17708 14479.6988   30  228 14605.1900 14136.0869  3.21%   119 1245s
 26870 17875 14547.7299   51  198 14605.1900 14136.5857  3.21%   118 1256s
 27073 18005 14339.1026   25  149 14605.1900 14136.7936  3.21%   118 1265s
 27243 18096 14428.0597   37  155 14605.1900 14137.4357  3.20%   118 1274s
 27335 18096 14408.8770   26   76 14605.1900 14137.9867  3.20%   119 1275s
 27378 18199 14332.1334   24  277 14605.1900 14138.0384  3.20%   119 1284s
 27568 18353     cutoff   73      14605.1900 14138.2486  3.20%   119 1293s
 27759 18504 14259.5374   48  129 14605.1900 14139.1433  3.19%   118 1303s
 27976 18669 14516.9033   44  108 14605.1900 14139.2578  3.19%   118 1314s
 28130 18670 14565.1400   79    - 14605.1900 14139.6432  3.19%   118 1315s
 28201 18771 14323.2269   29  272 14605.1900 14139.8840  3.19%   118 1324s
 28362 18866 14473.4490   30  231 14605.1900 14140.3646  3.18%   118 1333s
 28495 18971 14558.9520   39  162 14605.1900 14140.4108  3.18%   119 1343s
 28658 19132 14432.6158   27  252 14605.1900 14141.3602  3.18%   118 1353s
 28886 19201 14213.2029   24  180 14605.1900 14141.8049  3.17%   118 1362s
 29003 19283 14592.1605   47   16 14605.1900 14142.1090  3.17%   119 1371s
 29161 19422 14429.5373   36  158 14605.1900 14143.5459  3.16%   119 1380s
 29346 19491 14357.4945   33  251 14605.1900 14144.2562  3.16%   119 1389s
 29467 19563 14399.5678   31  196 14605.1900 14144.4770  3.15%   119 1399s
 29623 19722 14505.2157   33   74 14605.1900 14144.8605  3.15%   119 1409s
 29881 19800     cutoff   43      14605.1900 14145.4883  3.15%   119 1418s
 29989 19904 14571.2802   32  282 14605.1900 14145.7160  3.15%   119 1427s
 30139 20001 14365.9819   34  232 14605.1900 14146.0243  3.14%   119 1436s
 30280 20128 14552.1419   50   17 14605.1900 14146.4046  3.14%   119 1447s
 30490 20218     cutoff   37      14605.1900 14146.7996  3.14%   119 1457s
 30634 20291     cutoff   58      14605.1900 14147.1134  3.14%   119 1466s
 30772 20346     cutoff   53      14605.1900 14147.6532  3.13%   119 1475s
 30870 20443 14528.3603   31  210 14605.1900 14147.9043  3.13%   120 1484s
 31022 20545     cutoff   66      14605.1900 14148.5585  3.13%   120 1494s
 31082 20546 14576.2675   56    4 14605.1900 14148.5585  3.13%   120 1495s
 31160 20648     cutoff   50      14605.1900 14148.7949  3.12%   120 1504s
 31218 20648 14551.5651   37   85 14605.1900 14148.7949  3.12%   120 1505s
 31345 20774 14319.3862   38  136 14605.1900 14149.3100  3.12%   120 1514s
 31509 20881     cutoff   62      14605.1900 14149.8334  3.12%   120 1523s
 31657 20931     cutoff   39      14605.1900 14150.0441  3.12%   120 1532s
 31771 21079 14226.9025   24  296 14605.1900 14150.5817  3.11%   120 1541s
 31967 21176 14297.1554   38  160 14605.1900 14151.3761  3.11%   120 1551s
 32173 21248 14324.5580   23  287 14605.1900 14151.7387  3.10%   120 1560s
 32276 21370 14305.6760   28  261 14605.1900 14151.9152  3.10%   120 1569s
 32485 21479 14380.3716   38  207 14605.1900 14152.9873  3.10%   120 1579s
 32646 21600     cutoff   75      14605.1900 14154.3542  3.09%   120 1589s
 32673 21600 14299.9469   40   26 14605.1900 14154.3542  3.09%   120 1590s
 32796 21715 14448.1477   56   46 14605.1900 14154.4818  3.09%   120 1599s
 32957 21770 14575.7177   64   24 14605.1900 14155.1799  3.08%   120 1608s
 33097 21893     cutoff   68      14605.1900 14155.6698  3.08%   120 1619s
 33269 21894 14548.8393   53   77 14605.1900 14155.8324  3.08%   120 1620s
 33284 21978 14265.7472   20  202 14605.1900 14155.9683  3.08%   120 1629s
 33414 22009 14241.4614   30  168 14605.1900 14156.0862  3.07%   120 1732s
 33450 22088 14402.6892   48   52 14605.1900 14156.2192  3.07%   120 1742s
 33568 22195 14429.1666   36  278 14605.1900 14156.9061  3.07%   121 1753s
 33758 22389 14265.1375   29  134 14605.1900 14157.1780  3.07%   121 1765s
 34005 22481 14511.6978   96   45 14605.1900 14157.2545  3.07%   120 1776s
 34178 22558     cutoff   50      14605.1900 14157.3884  3.07%   121 1786s
 34309 22641 14432.3433   41  137 14605.1900 14157.5998  3.06%   121 1796s
 34457 22717 14334.7792   26  182 14605.1900 14158.2020  3.06%   121 1807s
 34575 22864     cutoff   36      14605.1900 14158.7230  3.06%   121 1818s
 34791 23008 14266.8419   33  227 14605.1900 14159.1678  3.05%   121 1830s
 34974 23063 14347.7624   21  165 14605.1900 14159.4018  3.05%   121 1840s
 35066 23143 14344.7792   27  214 14605.1900 14159.7034  3.05%   121 1851s
 35239 23285 14470.2097   37  159 14605.1900 14160.3817  3.05%   121 1863s
 35459 23343 14388.9258   28  159 14605.1900 14160.5646  3.04%   121 1879s
H35510 19417                    14534.090000 14160.5646  2.57%   121 1879s
 35551 19498 14442.2705   25  277 14534.0900 14160.6509  2.57%   121 1890s
 35691 19576 14178.5651   27  324 14534.0900 14160.7361  2.57%   121 1900s
 35795 19651 14392.1013   34  191 14534.0900 14161.1511  2.57%   121 1911s
 35917 19745 14482.9092   32  286 14534.0900 14161.5547  2.56%   122 1921s
 36080 19819     cutoff   36      14534.0900 14162.1202  2.56%   122 1932s
 36234 19946 14466.2944   42   38 14534.0900 14162.5223  2.56%   122 1944s
 36340 19956 14325.6051   36  106 14534.0900 14162.5223  2.56%   122 1945s
 36488 19999     cutoff   81      14534.0900 14163.1358  2.55%   122 1954s
 36537 19999 14272.9863   28  215 14534.0900 14163.3158  2.55%   122 1955s
 36593 20052 14298.8550   35  262 14534.0900 14163.4015  2.55%   122 1964s
 36651 20052 14399.2000   25  213 14534.0900 14163.6593  2.55%   122 1965s
 36712 20118 14433.7882   37  229 14534.0900 14163.7022  2.55%   122 1975s
 36840 20221     cutoff   37      14534.0900 14164.0611  2.55%   122 1986s
 37013 20342     cutoff   61      14534.0900 14164.6576  2.54%   122 1998s
 37179 20446 14290.8931   33  204 14534.0900 14165.0066  2.54%   122 2009s
H37266 15225                    14469.820000 14165.5236  2.10%   122 2010s
 37326 15261 14309.2172   29  280 14469.8200 14165.5519  2.10%   122 2019s
 37382 15261 14336.3636   29  296 14469.8200 14165.8222  2.10%   122 2020s
H37469  7836                    14364.930000 14165.8222  1.39%   123 2030s
 37634  7793 14341.4863   32  236 14364.9300 14166.2688  1.38%   123 2041s
 37730  7815 14343.7089   26  261 14364.9300 14167.8248  1.37%   123 2050s
 37843  7837     cutoff   32      14364.9300 14168.7374  1.37%   123 2060s
 37935  7855 14329.1316   37  155 14364.9300 14168.9731  1.36%   123 2070s
 38035  7888     cutoff   30      14364.9300 14169.7652  1.36%   123 2080s
 38164  7922 14334.3940   41   44 14364.9300 14170.6147  1.35%   124 2091s
 38306  7946 14292.6443   31  188 14364.9300 14171.5625  1.35%   124 2103s
 38425  7973 14243.5505   28   70 14364.9300 14172.4957  1.34%   124 2113s
 38554  8002 14315.6323   23  198 14364.9300 14172.9800  1.34%   124 2124s
 38688  7997 14243.6045   31  178 14364.9300 14173.5463  1.33%   124 2136s
 38823  8005 14320.2034   22  359 14364.9300 14174.1530  1.33%   124 2147s
 38957  8034     cutoff   27      14364.9300 14174.9586  1.32%   124 2157s
 39060  8082 14307.5112   27  322 14364.9300 14176.7628  1.31%   125 2167s
 39221  8095 14357.5494   33  151 14364.9300 14177.3829  1.31%   125 2180s
 39312  8148 14224.2653   29  211 14364.9300 14178.0698  1.30%   125 2191s
 39454  8186     cutoff   36      14364.9300 14178.1764  1.30%   125 2203s
 39572  8224 14247.7132   30  253 14364.9300 14178.8334  1.30%   125 2213s
 39708  8267 14232.2968   33  191 14364.9300 14179.5201  1.29%   125 2225s
 39835  8331 14288.8493   42  127 14364.9300 14180.0265  1.29%   126 2237s
 40022  8371 14344.0786   23  249 14364.9300 14180.9139  1.28%   126 2249s
 40177  8401 14313.0952   30  154 14364.9300 14181.4909  1.28%   126 2259s
 40245  8401 14360.0099   37  125 14364.9300 14181.4909  1.28%   126 2260s
 40321  8445 14258.3376   27  321 14364.9300 14182.1096  1.27%   126 2270s
 40459  8446 14325.8153   27  247 14364.9300 14182.5818  1.27%   126 2285s
H40476  8337                    14363.340000 14182.5818  1.26%   126 2285s
 40495  8348 14319.8698   24  333 14363.3400 14182.9190  1.26%   126 2295s
 40596  8372 14300.2659   27  280 14363.3400 14183.4960  1.25%   126 2305s
 40718  8416 14357.3646   43   69 14363.3400 14184.5649  1.24%   127 2317s
 40848  8438     cutoff   27      14363.3400 14185.4576  1.24%   127 2329s
 40969  8472 14317.6079   31  191 14363.3400 14186.0167  1.23%   127 2340s
 41101  8503 14363.1813   36  222 14363.3400 14186.8730  1.23%   127 2352s
 41242  8552 14245.3038   23  334 14363.3400 14187.7513  1.22%   127 2363s
 41395  8570 14312.2489   24  192 14363.3400 14188.3974  1.22%   127 2374s
 41488  8570 14353.3644   41   26 14363.3400 14189.5256  1.21%   128 2375s
 41518  8596     cutoff   30      14363.3400 14189.5456  1.21%   128 2386s
 41660  8644 14288.3846   39  180 14363.3400 14190.1690  1.21%   128 2396s
 41796  8655 14322.5299   34  180 14363.3400 14190.6115  1.20%   128 2406s
 41919  8659     cutoff   26      14363.3400 14191.3428  1.20%   128 2416s
 42038  8677     cutoff   23      14363.3400 14192.0160  1.19%   128 2428s
 42173  8721 14230.2283   28  244 14363.3400 14193.0221  1.19%   129 2439s
 42333  8752     cutoff   23      14363.3400 14194.0889  1.18%   129 2450s
 42445  8798     cutoff   27      14363.3400 14194.8566  1.17%   129 2461s
 42589  8840     cutoff   41      14363.3400 14195.6334  1.17%   129 2473s
 42751  8870 14352.5553   35  135 14363.3400 14196.5334  1.16%   129 2485s
 42902  8906 14358.8345   39   87 14363.3400 14197.1708  1.16%   129 2497s
 43060  8927     cutoff   29      14363.3400 14197.8700  1.15%   129 2509s
 43196  8958 14321.1163   35  182 14363.3400 14198.7120  1.15%   130 2521s
 43324  8969 14299.4582   40  179 14363.3400 14199.2472  1.14%   130 2533s
 43471  8976 14277.0904   38  195 14363.3400 14199.9071  1.14%   130 2546s
 43599  9001     cutoff   28      14363.3400 14200.4561  1.13%   130 2558s
 43718  9009     cutoff   23      14363.3400 14201.0883  1.13%   130 2570s
 43866  9039 14310.2226   29  176 14363.3400 14201.9212  1.12%   130 2582s
 44017  9083 14298.8475   30   89 14363.3400 14202.7510  1.12%   131 2596s
 44205  9150     cutoff   41      14363.3400 14203.4641  1.11%   131 2609s
 44374  9191 14320.8713   27  324 14363.3400 14203.9346  1.11%   131 2621s
 44521  9247 14337.4798   33  183 14363.3400 14204.2600  1.11%   131 2633s
 44720  9255 14267.1023   27  202 14363.3400 14205.0801  1.10%   131 2645s
 44866  9294     cutoff   25      14363.3400 14205.3412  1.10%   131 2657s
 45008  9312 14324.5661   42  117 14363.3400 14206.5217  1.09%   131 2669s
 45158  9351 14344.9775   25  253 14363.3400 14207.2940  1.09%   131 2681s
 45317  9375 14251.9544   31  165 14363.3400 14207.8576  1.08%   132 2693s
 45470  9401 14340.8691   22  334 14363.3400 14208.7628  1.08%   132 2707s
 45625  9410 14301.3436   33  229 14363.3400 14209.3213  1.07%   132 2720s
 45776  9455     cutoff   40      14363.3400 14209.9238  1.07%   132 2732s
 45945  9497 14345.0850   44   44 14363.3400 14210.4830  1.06%   132 2745s
 46134  9563 14277.2731   27  248 14363.3400 14211.0939  1.06%   132 2758s
 46325  9580 14341.8018   29  225 14363.3400 14211.8611  1.05%   132 2771s
 46471  9611 14327.2588   34  134 14363.3400 14212.5900  1.05%   132 2784s
 46587  9611 14307.1930   50   38 14363.3400 14213.2730  1.04%   132 2785s
 46625  9630 14330.8383   31  227 14363.3400 14213.3291  1.04%   133 2798s
 46803  9649     cutoff   39      14363.3400 14213.7486  1.04%   133 2811s
 46981  9685 14358.5164   32  117 14363.3400 14214.3658  1.04%   133 2824s
 47127  9685 14313.8610   47   68 14363.3400 14214.6667  1.04%   133 2825s
 47156  9710     cutoff   33      14363.3400 14214.7336  1.03%   133 2837s
 47310  9739 14359.6502   24  273 14363.3400 14215.3265  1.03%   133 2849s
 47475  9772 14324.7636   31  208 14363.3400 14216.2217  1.02%   133 2862s
 47629  9807     cutoff   32      14363.3400 14216.8695  1.02%   133 2875s
 47819  9847 14332.4631   33  186 14363.3400 14217.5702  1.01%   133 2889s
 47906  9847     cutoff   27      14363.3400 14218.3374  1.01%   133 2890s
 48000  9881     cutoff   30      14363.3400 14218.3594  1.01%   133 2902s
 48148  9899 14282.5559   22  292 14363.3400 14218.8237  1.01%   133 2916s
 48323  9897     cutoff   35      14363.3400 14219.5093  1.00%   134 2929s
 48465  9899 14358.8746   28  232 14363.3400 14220.3542  1.00%   134 2944s
 48533  9899 14284.2544   28  301 14363.3400 14220.6328  0.99%   134 2945s
 48613  9918 14313.7406   34  263 14363.3400 14220.7166  0.99%   134 2958s
 48797  9942 14318.7171   24  315 14363.3400 14221.3187  0.99%   134 2972s
 48974  9949     cutoff   43      14363.3400 14221.8650  0.98%   134 2987s
 49120  9992 14252.7339   36  136 14363.3400 14222.4953  0.98%   134 3000s
 49321 10044 14266.5148   38  179 14363.3400 14223.0868  0.98%   134 3016s
*49414  9990              47    14362.600000 14223.7365  0.97%   134 3016s
 49531 10028 14362.1772   46   35 14362.6000 14223.7572  0.97%   134 3030s
 49741 10091 14332.3581   32  192 14362.6000 14224.2631  0.96%   134 3044s
 49949 10145 14325.2870   28  222 14362.6000 14224.8640  0.96%   135 3058s
 50181 10181     cutoff   31      14362.6000 14225.3360  0.96%   134 3072s
 50354 10179 14274.8921   23  335 14362.6000 14225.9222  0.95%   135 3086s
 50497 10222     cutoff   37      14362.6000 14226.5308  0.95%   135 3101s
 50667 10240     cutoff   33      14362.6000 14227.0492  0.94%   135 3117s
