




arguments: ./build/bc_mirp -f ./input/orig_exec_199.cfg
Current dir: /scratch/gui/bc_mirp
File verbosity level: 9
date       time         ( uptime  ) [ thread name/id ]                   file:line     v| 
2021-02-14 06:31:59.624 (   0.433s) [main thread     ]             loguru.cpp:789   INFO| Logging to './output/vi_vc+cos/OU/V2/Original/execution_14_02_2021_06_31_59.log', mode: 'a', verbosity: 9
--------------------------------------------------------------------------------
Parameters
                           instance_path           ./input/Instances/Original/5/
                            model_policy                                       1
                             nb_vehicles                                       2
                              output_dir      ./output/vi_vc+cos/OU/V2/Original/
                            sec_strategy                                       1
                       solver_nb_threads                                       2
                         solver_show_log                                    true
                       solver_time_limit                                    3600
                              use_vi_cos                                    true
                              use_vi_cus                                   false
                         use_vi_hc1_full                                   false
                         use_vi_hc1_half                                   false
                      use_vi_hc1_quarter                                   false
                              use_vi_hc2                                   false
                              use_vi_hc3                                   false
                         use_vi_lex_full                                   false
                         use_vi_lex_half                                   false
                      use_vi_lex_quarter                                   false
                              use_vi_qua                                   false
                               use_vi_vc                                    true
                               use_vi_vr                                   false
--------------------------------------------------------------------------------
executing instance: ./input/Instances/Original/5/absH3low_4n50.dat
--------------------------------------------------------------------------------
Instance details
n	51
H	3
C	4066
Li:
[0, 0, 0, 0, 0, 0, 0, 0, 0, 0, 0, 0, 0, 0, 0, 0, 0, 0, 0, 0, 0, 0, 0, 0, 0, 0, 0, 0, 0, 0, 0, 0, 0, 0, 0, 0, 0, 0, 0, 0, 0, 0, 0, 0, 0, 0, 0, 0, 0, 0, 0, ]
Ui:
[0, 108, 126, 122, 66, 120, 48, 30, 128, 54, 158, 198, 36, 66, 210, 234, 147, 297, 171, 128, 116, 120, 219, 70, 294, 207, 134, 128, 234, 122, 22, 183, 195, 255, 132, 124, 66, 189, 219, 66, 128, 102, 288, 66, 87, 136, 36, 39, 282, 36, 237, ]
Distance matrix:
|0	210	444	498	509	104	438	228	487	304	456	434	526	476	163	47	293	396	293	290	313	85	280	437	293	336	409	106	449	376	433	478	193	404	404	534	278	181	380	507	189	438	263	473	353	216	202	218	452	254	465	|
|210	0	299	507	359	106	345	409	358	411	320	402	555	448	136	200	289	264	306	427	141	222	83	348	264	320	283	303	380	208	258	357	170	348	475	542	243	347	355	379	65	479	172	373	355	251	112	229	402	210	300	|
|444	299	0	363	65	358	116	542	66	440	26	241	425	272	282	407	251	51	276	490	159	397	224	124	217	237	48	490	170	99	83	74	261	180	430	385	214	479	231	85	270	390	184	116	271	300	409	276	210	215	54	|
|498	507	363	0	385	482	246	424	326	254	343	123	63	93	388	452	221	337	211	314	428	414	480	239	243	187	324	463	194	418	438	307	346	188	156	36	264	392	156	326	444	87	340	258	154	286	603	294	153	297	417	|
|509	359	65	385	0	422	145	602	59	492	59	269	448	292	348	472	305	115	329	545	218	462	281	152	274	286	106	554	192	153	116	78	326	216	472	403	274	540	271	63	334	425	249	127	316	361	468	337	233	278	69	|
|104	106	358	482	422	0	372	309	408	337	374	396	521	441	98	96	262	314	271	342	215	124	177	373	249	302	329	198	394	281	337	402	139	353	419	518	230	250	343	428	90	437	188	405	328	200	134	188	406	199	372	|
|438	345	116	246	145	372	0	485	87	357	97	126	309	155	279	394	180	101	200	414	223	373	288	8	157	150	84	459	53	188	196	68	245	72	328	269	165	427	128	97	297	280	184	36	175	250	456	233	94	184	170	|
|228	409	542	424	602	309	485	0	561	170	544	419	424	446	298	214	305	491	286	115	462	187	457	480	331	339	496	124	470	510	565	545	295	424	279	454	329	66	376	576	363	340	370	520	330	242	429	266	453	328	581	|
|487	358	66	326	59	408	87	561	0	441	40	211	389	233	324	446	258	95	281	497	220	431	287	95	230	234	79	522	133	164	146	19	297	160	415	344	233	500	215	21	323	367	224	68	261	320	470	299	174	242	106	|
|304	411	440	254	492	337	357	170	441	0	434	266	255	286	275	266	189	392	164	63	408	225	428	351	224	207	392	234	330	438	484	424	250	287	112	284	232	149	233	453	349	170	302	389	185	168	471	195	305	248	487	|
|456	320	26	343	59	374	97	544	40	434	0	223	406	252	294	418	247	60	271	487	181	405	247	105	215	229	49	498	149	124	109	48	270	165	419	364	215	482	218	60	288	375	194	92	261	302	431	279	190	220	75	|
|434	402	241	123	269	396	126	419	211	266	223	0	185	46	298	387	140	213	145	328	310	355	366	118	147	97	201	425	78	295	315	191	256	65	211	151	166	371	53	215	343	157	231	145	90	220	505	217	41	198	295	|
|526	555	425	63	448	521	309	424	389	255	406	185	0	156	430	481	266	398	252	310	485	442	534	301	293	237	386	480	257	478	500	370	390	249	145	55	313	401	212	389	491	89	392	321	201	322	646	334	216	345	479	|
|476	448	272	93	292	441	155	446	233	286	252	46	156	0	343	429	183	250	184	348	353	396	411	148	192	140	236	461	102	334	350	214	302	106	214	113	212	402	98	233	389	151	277	165	125	261	551	260	62	244	325	|
|163	136	282	388	348	98	279	298	324	275	294	298	430	343	0	124	167	234	178	296	167	121	162	279	151	205	247	216	297	224	280	316	42	256	340	423	132	232	246	344	74	349	100	314	233	115	216	97	308	101	307	|
|47	200	407	452	472	96	394	214	446	266	418	387	481	429	124	0	246	358	245	259	284	41	261	392	247	289	370	103	403	345	402	436	150	358	361	488	232	158	333	466	165	393	223	430	306	168	217	171	406	210	431	|
|293	289	251	221	305	262	180	305	258	189	247	140	266	183	167	246	0	204	26	240	238	215	276	175	37	43	203	289	169	255	297	242	125	122	202	257	52	248	87	272	225	191	134	215	67	80	382	77	163	81	298	|
|396	264	51	337	115	314	101	491	95	392	60	213	398	250	234	358	204	0	229	442	130	347	196	108	169	194	19	440	152	87	102	93	211	149	390	363	165	428	194	116	228	355	134	117	230	250	376	225	189	164	95	|
|293	306	276	211	329	271	200	286	281	164	271	145	252	184	178	245	26	229	0	216	262	212	297	195	63	53	228	280	184	280	323	264	138	137	178	248	76	232	95	294	241	173	156	234	60	77	395	83	172	102	324	|
|290	427	490	314	545	342	414	115	497	63	487	328	310	348	296	259	240	442	216	0	443	220	456	408	273	264	443	204	390	479	529	480	278	346	165	343	278	115	293	509	369	229	340	447	244	202	473	230	366	288	536	|
|313	141	159	428	218	215	223	462	220	408	181	310	485	353	167	284	238	130	262	443	0	288	67	228	202	252	149	382	267	67	122	221	168	247	440	459	186	396	273	241	125	423	107	245	291	242	251	214	297	162	160	|
|85	222	397	414	462	124	373	187	431	225	405	355	442	396	121	41	215	347	212	220	288	0	273	371	221	258	357	95	378	344	401	420	136	331	321	450	208	126	302	450	177	353	213	409	272	136	253	143	377	190	426	|
|280	83	224	480	281	177	288	457	287	428	247	366	534	411	162	261	276	196	297	456	67	273	0	292	243	298	215	363	329	128	176	288	179	305	475	513	224	392	324	307	96	466	143	311	335	261	187	235	357	195	219	|
|437	348	124	239	152	373	8	480	95	351	105	118	301	148	279	392	175	108	195	408	228	371	292	0	154	144	91	456	46	194	203	76	244	65	320	261	163	423	121	103	299	273	185	40	168	247	459	230	86	183	178	|
|293	264	217	243	274	249	157	331	230	224	215	147	293	192	151	247	37	169	63	273	202	221	243	154	0	57	170	303	157	217	260	215	110	111	238	278	21	271	94	245	201	223	100	193	92	93	362	78	160	54	263	|
|336	320	237	187	286	302	150	339	234	207	229	97	237	140	205	289	43	194	53	264	252	258	298	144	57	0	190	331	131	257	294	216	163	84	197	221	77	285	44	246	258	172	155	183	39	123	418	119	120	110	288	|
|409	283	48	324	106	329	84	496	79	392	49	201	386	236	247	370	203	19	228	443	149	357	215	91	170	190	0	449	136	105	114	75	221	138	384	349	168	434	185	99	245	346	146	98	224	255	394	231	174	171	99	|
|106	303	490	463	554	198	459	124	522	234	498	425	480	461	216	103	289	440	280	204	382	95	363	456	303	331	449	0	458	439	496	510	229	410	344	498	293	89	374	540	267	391	307	495	336	211	308	226	451	280	520	|
|449	380	170	194	192	394	53	470	133	330	149	78	257	102	297	403	169	152	184	390	267	378	329	46	157	131	136	458	0	238	249	114	259	47	287	216	171	416	96	137	327	235	211	67	145	247	488	235	41	197	223	|
|376	208	99	418	153	281	188	510	164	438	124	295	478	334	224	345	255	87	280	479	67	344	128	194	217	257	105	439	238	0	57	169	216	230	453	445	206	445	268	184	191	427	141	202	296	278	315	250	274	191	92	|
|433	258	83	438	116	337	196	565	146	484	109	315	500	350	280	402	297	102	323	529	122	401	176	203	260	294	114	496	249	57	0	157	271	252	490	463	251	499	296	162	247	457	195	199	331	329	362	302	288	241	47	|
|478	357	74	307	78	402	68	545	19	424	48	191	370	214	316	436	242	93	264	480	221	420	288	76	215	216	75	510	114	169	157	0	287	141	396	325	219	485	196	31	319	347	216	49	243	306	469	286	154	230	120	|
|193	170	261	346	326	139	245	295	297	250	270	256	390	302	42	150	125	211	138	278	168	136	179	244	110	163	221	229	259	216	271	287	0	216	305	382	91	229	204	316	105	310	78	280	192	83	257	60	268	62	292	|
|404	348	180	188	216	353	72	424	160	287	165	65	249	106	256	358	122	149	137	346	247	331	305	65	111	84	138	410	47	230	252	141	216	0	255	215	126	369	56	168	292	210	177	102	103	200	454	189	54	155	234	|
|404	475	430	156	472	419	328	279	415	112	419	211	145	214	340	361	202	390	178	165	440	321	475	320	238	197	384	344	287	453	490	396	305	255	0	181	254	261	201	422	410	69	335	353	160	225	551	246	252	280	482	|
|534	542	385	36	403	518	269	454	344	284	364	151	55	113	423	488	257	363	248	343	459	450	513	261	278	221	349	498	216	445	463	325	382	215	181	0	298	425	189	342	479	115	373	276	190	323	638	330	175	332	439	|
|278	243	214	264	274	230	165	329	233	232	215	166	313	212	132	232	52	165	76	278	186	208	224	163	21	77	168	293	171	206	251	219	91	126	254	298	0	267	114	250	181	242	82	202	112	88	341	68	177	33	258	|
|181	347	479	392	540	250	427	66	500	149	482	371	401	402	232	158	248	428	232	115	396	126	392	423	271	285	434	89	416	445	499	485	229	369	261	425	267	0	325	516	298	313	305	463	281	180	375	203	403	264	516	|
|380	355	231	156	271	343	128	376	215	233	218	53	212	98	246	333	87	194	95	293	273	302	324	121	94	44	185	374	96	268	296	196	204	56	201	189	114	325	0	224	294	161	185	157	49	167	455	163	78	147	284	|
|507	379	85	326	63	428	97	576	21	453	60	215	389	233	344	466	272	116	294	509	241	450	307	103	245	246	99	540	137	184	162	31	316	168	422	342	250	516	224	0	344	371	244	70	271	337	490	317	176	261	120	|
|189	65	270	444	334	90	297	363	323	349	288	343	491	389	74	165	225	228	241	369	125	177	96	299	201	258	245	267	327	191	247	319	105	292	410	479	181	298	294	344	0	414	116	328	291	187	163	165	345	147	282	|
|438	479	390	87	425	437	280	340	367	170	375	157	89	151	349	393	191	355	173	229	423	353	466	273	223	172	346	391	235	427	457	347	310	210	69	115	242	313	161	371	414	0	323	301	133	238	565	253	197	273	444	|
|263	172	184	340	249	188	184	370	224	302	194	231	392	277	100	223	134	134	156	340	107	213	143	185	100	155	146	307	211	141	195	216	78	177	335	373	82	305	185	244	116	323	0	217	192	138	278	110	230	55	214	|
|473	373	116	258	127	405	36	520	68	389	92	145	321	165	314	430	215	117	234	447	245	409	311	40	193	183	98	495	67	202	199	49	280	102	353	276	202	463	157	70	328	301	217	0	205	286	485	269	106	220	167	|
|353	355	271	154	316	328	175	330	261	185	261	90	201	125	233	306	67	230	60	244	291	272	335	168	92	39	224	336	145	296	331	243	192	103	160	190	112	281	49	271	291	133	192	205	0	138	449	141	123	145	323	|
|216	251	300	286	361	200	250	242	320	168	302	220	322	261	115	168	80	250	77	202	242	136	261	247	93	123	255	211	247	278	329	306	83	200	225	323	88	180	167	337	187	238	138	286	138	0	328	28	243	88	340	|
|202	112	409	603	468	134	456	429	470	471	431	505	646	551	216	217	382	376	395	473	251	253	187	459	362	418	394	308	488	315	362	469	257	454	551	638	341	375	455	490	163	565	278	485	449	328	0	313	508	308	406	|
|218	229	276	294	337	188	233	266	299	195	279	217	334	260	97	171	77	225	83	230	214	143	235	230	78	119	231	226	235	250	302	286	60	189	246	330	68	203	163	317	165	253	110	269	141	28	313	0	235	61	315	|
|452	402	210	153	233	406	94	453	174	305	190	41	216	62	308	406	163	189	172	366	297	377	357	86	160	120	174	451	41	274	288	154	268	54	252	175	177	403	78	176	345	197	230	106	123	243	508	235	0	207	264	|
|254	210	215	297	278	199	184	328	242	248	220	198	345	244	101	210	81	164	102	288	162	190	195	183	54	110	171	280	197	191	241	230	62	155	280	332	33	264	147	261	147	273	55	220	145	88	308	61	207	0	253	|
|465	300	54	417	69	372	170	581	106	487	75	295	479	325	307	431	298	95	324	536	160	426	219	178	263	288	99	520	223	92	47	120	292	234	482	439	258	516	284	120	282	444	214	167	323	340	406	315	264	253	0	|

--------------------------------------------------------------------------------
Building model...
	using lazy and cut (CVRPSEP package)
Solving IRP LP...
--------------------------------------------------------------------------------

Gurobi 9.1.0 (linux64) logging started Sun Feb 14 06:31:59 2021

Gurobi Optimizer version 9.1.0 build v9.1.0rc0 (linux64)
Thread count: 32 physical cores, 32 logical processors, using up to 2 threads
Optimize a model with 1275 rows, 8460 columns and 26928 nonzeros
Model fingerprint: 0x0ad7d907
Variable types: 504 continuous, 7956 integer (306 binary)
Coefficient statistics:
  Matrix range     [1e+00, 2e+03]
  Objective range  [1e-02, 6e+02]
  Bounds range     [1e+00, 3e+02]
  RHS range        [1e+00, 7e+03]
Presolve removed 241 rows and 120 columns
Presolve time: 0.09s
Presolved: 1034 rows, 8340 columns, 25981 nonzeros
Variable types: 384 continuous, 7956 integer (7656 binary)

Root relaxation: objective 3.280950e+03, 871 iterations, 0.02 seconds

    Nodes    |    Current Node    |     Objective Bounds      |     Work
 Expl Unexpl |  Obj  Depth IntInf | Incumbent    BestBd   Gap | It/Node Time

     0     0 3280.94990    0  136          - 3280.94990      -     -    0s
     0     0 3591.45322    0  136          - 3591.45322      -     -    0s
     0     0 3610.34260    0  134          - 3610.34260      -     -    0s
     0     0 4309.85901    0  176          - 4309.85901      -     -    0s
     0     0 4326.23082    0  178          - 4326.23082      -     -    0s
     0     0 4326.85119    0  205          - 4326.85119      -     -    0s
     0     0 4418.14549    0  187          - 4418.14549      -     -    0s
     0     0 4438.89445    0  221          - 4438.89445      -     -    0s
     0     0 4442.66040    0  211          - 4442.66040      -     -    1s
     0     0 4461.80775    0  207          - 4461.80775      -     -    1s
     0     0 4461.87374    0  247          - 4461.87374      -     -    1s
     0     0 4514.16088    0  303          - 4514.16088      -     -    1s
     0     0 4533.29534    0  320          - 4533.29534      -     -    1s
     0     0 4536.16160    0  328          - 4536.16160      -     -    1s
     0     0 4536.99227    0  320          - 4536.99227      -     -    1s
     0     0 4547.25801    0  255          - 4547.25801      -     -    1s
     0     0 4549.79670    0  290          - 4549.79670      -     -    1s
     0     0 4549.95098    0  307          - 4549.95098      -     -    1s
     0     0 4561.44316    0  341          - 4561.44316      -     -    1s
     0     0 4561.44316    0  341          - 4561.44316      -     -    2s
     0     2 4561.44316    0  341          - 4561.44316      -     -    2s
    67    71 4758.47659   24   75          - 4570.64956      -   162    5s
   336   391 5987.82827  148   40          - 4570.64956      -  98.8   10s
*  698   677             208    7799.0700000 4583.44315  41.2%  57.2   13s
   726   681 4939.29772   28  341 7799.07000 4583.44315  41.2%  58.4   16s
   729   683 4591.96050    6  234 7799.07000 4583.44315  41.2%  58.2   20s
   745   694 4689.41686   14  418 7799.07000 4617.14650  40.8%  56.9   25s
   755   700 6623.70000  189  361 7799.07000 4618.63297  40.8%  56.2   30s
   758   702 5279.04472   59  344 7799.07000 4618.63297  40.8%  55.9   36s
   761   707 4639.59355   12  183 7799.07000 4623.75689  40.7%  67.6   40s
   786   724 4712.36681   17  263 7799.07000 4642.24157  40.5%  76.6   45s
H  839   725                    6659.2200000 4642.24157  30.3%  84.2   49s
   851   738 4946.74690   30  269 6659.22000 4642.24157  30.3%  86.0   50s
   909   795 5042.01050   38  161 6659.22000 4642.24157  30.3%  89.8   55s
  1065   890 5579.96769   90    6 6659.22000 4642.24157  30.3%  85.9   60s
  1287  1017     cutoff  153      6659.22000 4642.53918  30.3%  77.1   65s
* 1416   976             187    6484.9600000 4642.53918  28.4%  74.2   68s
* 1451   887             202    6387.1000000 4642.53918  27.3%  73.5   69s
* 1477   847             215    6385.1000000 4642.53918  27.3%  72.4   69s
  1491   843 4780.23468   21  171 6385.10000 4642.53918  27.3%  71.8   70s
* 1526   800             244    6374.1000000 4642.53918  27.2%  70.9   71s
  1571   834 4881.72829   39   42 6374.10000 4642.53918  27.2%  75.2   75s
  1643   873 4948.25240   70   63 6374.10000 4642.53918  27.2%  77.6   81s
  1727   931 5582.94000  107    2 6374.10000 4657.23200  26.9%  78.6   86s
  1778   964 4797.33932   23  159 6374.10000 4657.23200  26.9%  80.3   90s
  1792   989 4854.10693   27  129 6374.10000 4657.23200  26.9%  81.0   97s
  1875  1074 4979.98321   59   45 6374.10000 4657.23200  26.9%  81.0  101s
  1988  1080 4774.65671   15  332 6374.10000 4662.45937  26.9%  80.6  105s
  2013  1148 4817.14543   19  257 6374.10000 4662.45937  26.9%  81.4  110s
  2151  1166 4877.84298   26  196 6374.10000 4662.45937  26.9%  79.5  115s
  2193  1209 5041.51514   39  140 6374.10000 4662.45937  26.9%  82.0  120s
  2267  1313 5160.99258   72   16 6374.10000 4662.45937  26.9%  82.2  125s
  2529  1449 6250.67000  154    8 6374.10000 4662.45937  26.9%  76.0  130s
  2623  1500 6331.04000  209    - 6374.10000 4706.57838  26.2%  75.6  135s
  2665  1568 4993.68768   24  246 6374.10000 4706.61281  26.2%  79.1  141s
  2716  1644 5722.02982   71  113 6374.10000 4706.61281  26.2%  80.4  145s
  2842  1702 5337.61663   59   71 6374.10000 4706.61281  26.2%  80.7  150s
  2936  1857 5470.08000   87    4 6374.10000 4706.61281  26.2%  80.9  156s
  3004  2037 5515.06900   92   39 6374.10000 4706.89012  26.2%  79.7  161s
  3265  2061 4819.92410   18  473 6374.10000 4706.94207  26.2%  75.6  165s
  3289  2105 4972.55040   24  382 6374.10000 4706.94207  26.2%  78.6  170s
  3392  2183 6051.30500  112   20 6374.10000 4706.94207  26.2%  79.5  175s
  3445  2231 5212.30977   29  228 6374.10000 4706.94207  26.2%  80.9  180s
  3468  2274 5263.69846   30  199 6374.10000 4706.94207  26.2%  81.0  193s
  3512  2320 5535.74784   37  150 6374.10000 4706.94207  26.2%  82.2  197s
  3559  2435 5622.55301   46   56 6374.10000 4706.94207  26.2%  83.2  200s
  3674  2501 5891.09841   63   81 6374.10000 4721.74054  25.9%  82.5  205s
  3790  2532 4947.58410   21  371 6374.10000 4727.04344  25.8%  83.6  212s
  3801  2570 4979.70211   23  299 6374.10000 4727.04344  25.8%  84.5  216s
  3876  2676 5114.87781   48   99 6374.10000 4727.04344  25.8%  87.5  224s
  3945  2725 5235.52203   91   14 6374.10000 4727.53246  25.8%  87.8  228s
  3961  2725 5819.25512  101   56 6374.10000 4727.53246  25.8%  87.8  230s
  4011  2805 4828.60976   21  407 6374.10000 4727.53246  25.8%  89.3  235s
  4098  2851 5109.79719   37  250 6374.10000 4727.53246  25.8%  89.5  241s
  4172  2968 5485.80627   59   27 6374.10000 4727.53246  25.8%  89.6  248s
  4291  3056 6013.25975  140   46 6374.10000 4727.69824  25.8%  88.4  254s
  4420  3094 4915.15797   19  366 6374.10000 4728.53955  25.8%  87.4  259s
  4456  3223 5128.67337   22  269 6374.10000 4728.53955  25.8%  88.5  263s
  4594  3259 5164.81076   28  241 6374.10000 4728.53955  25.8%  87.7  268s
H 4635  3197                    6332.9400000 4728.53955  25.3%  87.9  269s
  4654  3272 5653.77281   39  217 6332.94000 4735.88887  25.2%  88.3  275s
  4745  3332 4874.58450   16  310 6332.94000 4735.88887  25.2%  89.3  281s
  4819  3415 5441.50071   42   60 6332.94000 4741.74299  25.1%  90.0  288s
  4923  3462 4947.70614   18  474 6332.94000 4741.74299  25.1%  90.7  294s
  4970  3583 5168.64664   25  259 6332.94000 4741.74299  25.1%  91.1  301s
  5105  3727 5575.89853   58   64 6332.94000 4742.17005  25.1%  91.1  308s
  5303  3859 5260.87049   71   92 6332.94000 4743.94352  25.1%  90.5  316s
  5455  4070 5270.86400   38  100 6332.94000 4743.98894  25.1%  90.3  342s
  5732  4203 4851.58444   25  193 6332.94000 4745.48333  25.1%  88.2  349s
  5753  4203 5428.27876   46  172 6332.94000 4745.48333  25.1%  88.8  350s
  5860  4285 6191.07000   88   52 6332.94000 4749.47219  25.0%  89.4  358s
  5956  4416 5420.53072   47  125 6332.94000 4750.02971  25.0%  90.3  366s
  6125  4449 4870.60369   18  365 6332.94000 4751.52747  25.0%  90.7  373s
  6158  4558 4902.81928   22  310 6332.94000 4751.52747  25.0%  91.9  379s
  6242  4558 6165.19573   92   26 6332.94000 4751.52747  25.0%  92.7  380s
H 6277  4483                    6305.9400000 4751.52747  24.6%  92.7  380s
  6283  4852 5186.03951   45  127 6305.94000 4751.52747  24.6%  93.1  388s
  6554  4861 5607.91359   69   78 6305.94000 4751.52747  24.6%  91.1  390s
  6690  4996 5415.70188   60   67 6305.94000 4754.12148  24.6%  89.5  398s
  6860  5158 5193.48470   40  101 6305.94000 4754.26282  24.6%  89.0  405s
  7048  5177 5948.56000  124    - 6305.94000 4754.90893  24.6%  88.1  413s
  7084  5233 4947.74489   25  310 6305.94000 4754.95270  24.6%  88.9  419s
  7127  5281 5119.00186   34  166 6305.94000 4754.95270  24.6%  90.5  426s
  7175  5383 5226.22064   40  153 6305.94000 4754.95270  24.6%  91.5  434s
  7287  5500 5957.20333   66   14 6305.94000 4755.59873  24.6%  92.2  444s
  7366  5501 5616.42401   57  190 6305.94000 4756.23541  24.6%  92.4  445s
  7465  5588 5986.08000   67    - 6305.94000 4757.54749  24.6%  92.5  453s
  7575  5690 6017.39000   67   10 6305.94000 4758.36675  24.5%  93.3  466s
  7713  5794 6076.27649   71   69 6305.94000 4761.46097  24.5%  93.9  475s
  7840  5929 6096.00000   76   20 6305.94000 4761.74871  24.5%  95.0  484s
  7871  5935 5665.10715   42  170 6305.94000 4761.74871  24.5%  95.3  485s
  7994  6065 6120.55000   77   15 6305.94000 4763.06336  24.5%  95.0  494s
  8010  6068 6183.06333   88   19 6305.94000 4763.06336  24.5%  94.8  495s
  8156  6230 6247.08000   90    - 6305.94000 4766.00371  24.4%  94.8  504s
  8177  6234 5137.10243   35  124 6305.94000 4766.00371  24.4%  94.8  505s
  8343  6377 6214.15000   91    - 6305.94000 4766.60451  24.4%  94.8  515s
  8529  6422     cutoff   93      6305.94000 4774.68208  24.3%  94.8  526s
  8577  6537 5113.79170   27  258 6305.94000 4774.77253  24.3%  95.7  534s
  8615  6537 6147.31545   65  156 6305.94000 4774.77253  24.3%  96.3  535s
  8712  6703 4909.23827   22  212 6305.94000 4775.87018  24.3%  96.8  545s
  8915  6878 4863.64880   19  346 6305.94000 4776.16399  24.3%  96.7  555s
  9099  6971 5157.98269   48   75 6305.94000 4776.16399  24.3%  96.7  565s
  9190  7157 5232.46882   58   20 6305.94000 4777.84338  24.2%  96.5  575s
  9464  7281 6232.10000  130    - 6305.94000 4780.53135  24.2%  95.6  587s
* 9465  6971             130    6214.1000000 4780.53135  23.1%  95.5  587s
  9610  7070     cutoff  130      6214.10000 4781.59740  23.1%  95.8  597s
  9762  7253 5088.55628   22  217 6214.10000 4784.80993  23.0%  96.1  608s
  9931  7260 5932.65000   93    2 6214.10000 4784.80993  23.0%  95.4  610s
  9992  7344 5948.63959   70   34 6214.10000 4785.96365  23.0%  96.3  619s
 10103  7506 5132.83216   29  191 6214.10000 4788.54970  22.9%  96.4  628s
 10261  7516 5819.55611  106   31 6214.10000 4788.64534  22.9%  96.0  630s
 10293  7658 infeasible  123      6214.10000 4789.41966  22.9%  96.4  638s
 10460  7687 infeasible  125      6214.10000 4789.64307  22.9%  96.2  648s
 10494  7754 5324.75026   34  252 6214.10000 4790.95744  22.9%  97.2  659s
 10571  7912 4826.53599   20  333 6214.10000 4790.95744  22.9%  97.5  669s
 10615  7912 5349.87066   64   12 6214.10000 4790.95744  22.9%  97.7  670s
 10785  7993 5793.39911   98   30 6214.10000 4792.10282  22.9%  97.2  680s
 10896  8094 6137.49000  116    2 6214.10000 4793.08004  22.9%  97.6  690s
 11050  8196     cutoff  117      6214.10000 4796.03116  22.8%  97.8  701s
 11192  8369 5403.56553   30  240 6214.10000 4797.89225  22.8%  98.0  718s
 11208  8369 5819.30544   46  191 6214.10000 4797.89225  22.8%  98.2  720s
 11403  8525 5051.65315   31   81 6214.10000 4800.38002  22.8%  97.5  731s
 11589  8598 5785.80194   72   47 6214.10000 4802.38937  22.7%  97.2  741s
 11642  8601 5261.19489   29   61 6214.10000 4802.38937  22.7%  97.1  747s
 11672  8753 6181.21000  114    4 6214.10000 4802.55460  22.7%  97.7  759s
 11712  8753 5235.49267   53   53 6214.10000 4802.55460  22.7%  97.9  760s
 11853  8849     cutoff  139      6214.10000 4802.77822  22.7%  97.6  770s
 11975  9011 5952.77206   56  166 6214.10000 4803.50925  22.7%  98.3  786s
 12170  9220 5739.03550   57  106 6214.10000 4803.96964  22.7%  98.6  797s
 12428  9287     cutoff  141      6214.10000 4804.48222  22.7%  98.2  807s
 12499  9413 5624.10671   47  179 6214.10000 4805.14762  22.7%  99.0  819s
 12563  9416 6126.85000  107    - 6214.10000 4805.14762  22.7%  98.7  820s
 12666  9546 4981.08363   19  216 6214.10000 4806.31132  22.7%  98.2  844s
 12729  9546 5490.01117   47   36 6214.10000 4806.31132  22.7%  98.2  845s
 12804  9643 4922.22205   20  398 6214.10000 4806.60861  22.6%  98.5  854s
 12903  9751 5171.28794   35  148 6214.10000 4806.60861  22.6%  99.1  865s
 13023 10028 5518.80149   69   85 6214.10000 4808.08722  22.6%   100  877s
 13346 10198 infeasible  232      6214.10000 4809.46066  22.6%  98.4  891s
 13538 10328 5099.04828   31  127 6214.10000 4811.31364  22.6%  98.1  902s
 13740 10433     cutoff   85      6214.10000 4811.75042  22.6%  97.7  914s
 13777 10433 5049.51274   39  149 6214.10000 4811.75042  22.6%  97.8  915s
 13828 10583 5118.84496   47   91 6214.10000 4814.27294  22.5%  98.1  925s
 14010 10700 5344.08527   43  112 6214.10000 4815.02282  22.5%  98.3  936s
 14190 10852 6201.19000   87    - 6214.10000 4815.62453  22.5%  98.1  947s
 14382 11003     cutoff   87      6214.10000 4817.27238  22.5%  98.2  960s
 14545 11126 5347.69000   87    8 6214.10000 4817.48087  22.5%  98.2  972s
 14701 11227 5581.24900   39   98 6214.10000 4817.50325  22.5%  98.4  985s
 14812 11393 5174.44224   28  244 6214.10000 4817.59448  22.5%  98.6  996s
 15017 11507 6207.06000  100    - 6214.10000 4817.89845  22.5%  98.2 1007s
H15020 11320                    6186.1000000 4817.89845  22.1%  98.2 1007s
 15127 11378     cutoff  100      6186.10000 4818.25034  22.1%  98.4 1018s
 15216 11452     cutoff   80      6186.10000 4818.91291  22.1%  98.7 1028s
 15289 11591 5295.34547   46   98 6186.10000 4818.92089  22.1%  99.1 1041s
 15469 11694 6176.29000   99    8 6186.10000 4819.52347  22.1%  99.0 1053s
 15634 11751 4994.59512   23  227 6186.10000 4819.64117  22.1%  99.1 1067s
 15714 11802 5272.96142   34  189 6186.10000 4819.64117  22.1%   100 1132s
 15766 11940 5425.02303   42   93 6186.10000 4819.77087  22.1%   100 1146s
 15947 12050 4924.89521   21  368 6186.10000 4819.96839  22.1%   100 1160s
 16086 12182 5791.47536   72   99 6186.10000 4820.22364  22.1%   101 1173s
 16241 12346 5153.35030   39  150 6186.10000 4820.49756  22.1%   101 1186s
 16466 12504 5105.47051   34  252 6186.10000 4820.84087  22.1%   101 1199s
 16555 12506 5481.86911   62   61 6186.10000 4820.84087  22.1%   101 1200s
 16648 12660 5928.39562   85   71 6186.10000 4823.31767  22.0%   100 1211s
 16849 12698 5971.44000   68   43 6186.10000 4824.14428  22.0%   100 1232s
 16908 12931 5255.75023   37  102 6186.10000 4824.14898  22.0%   101 1258s
 17104 12961 5339.09113   54   50 6186.10000 4824.14898  22.0%   100 1260s
 17214 13019 5554.55000   81   27 6186.10000 4824.86457  22.0%   100 1273s
 17333 13131 6182.44000  122    - 6186.10000 4826.34719  22.0%   100 1285s
 17446 13218     cutoff  122      6186.10000 4827.68504  22.0%   101 1297s
 17534 13351 5682.58576   83   20 6186.10000 4827.76145  22.0%   101 1309s
 17612 13355 5286.08033   35   67 6186.10000 4827.76145  22.0%   101 1310s
 17683 13470 5805.16902   52   93 6186.10000 4827.97996  22.0%   101 1322s
 17838 13665 5515.84422   57   92 6186.10000 4828.38128  21.9%   102 1335s
 18084 13769     cutoff  111      6186.10000 4828.69618  21.9%   101 1351s
 18329 13845 5366.36210   39  127 6186.10000 4829.42167  21.9%   101 1363s
 18428 13937 5159.25902   40   73 6186.10000 4829.90859  21.9%   101 1390s
 18562 14069 6133.49060  100   45 6186.10000 4830.15648  21.9%   102 1403s
 18741 14077 6162.13384  102    8 6186.10000 4831.07767  21.9%   101 1405s
 18748 14141 4963.63589   24  252 6186.10000 4831.07767  21.9%   102 1415s
 18832 14254 5094.73930   35  173 6186.10000 4831.07767  21.9%   102 1426s
 18963 14408 5533.71853   61  147 6186.10000 4832.20927  21.9%   102 1440s
 19135 14462 6020.90450  152   43 6186.10000 4832.41534  21.9%   102 1451s
 19197 14613 5153.53554   26  160 6186.10000 4832.79498  21.9%   102 1461s
 19342 14614 6163.63000  145   10 6186.10000 4832.84980  21.9%   102 1470s
 19383 14685 5124.78765   28  287 6186.10000 4832.84980  21.9%   102 1481s
 19468 14727 5685.35179   41  296 6186.10000 4833.22862  21.9%   102 1492s
 19518 14850 5059.51357   25  388 6186.10000 4833.22862  21.9%   103 1509s
 19650 14935 5201.01149   29  254 6186.10000 4833.22862  21.9%   103 1521s
 19747 15046 5741.21366   45  129 6186.10000 4834.04883  21.9%   103 1535s
 19910 15177 5391.08507   30  255 6186.10000 4834.81956  21.8%   103 1552s
 20085 15261 6164.44410   87    8 6186.10000 4835.87013  21.8%   103 1565s
 20170 15391 5115.87000   47   12 6186.10000 4836.01254  21.8%   104 1579s
 20239 15395 5482.15565   81   22 6186.10000 4836.01254  21.8%   104 1580s
 20348 15542 5771.79000   91   30 6186.10000 4836.41266  21.8%   104 1594s
*20396 13425             115    5943.4300000 4836.41266  18.6%   103 1594s
 20413 13425     cutoff  124      5943.43000 4836.41266  18.6%   103 1595s
 20559 13523 5930.75000  112    - 5943.43000 4836.88259  18.6%   103 1607s
 20757 13666     cutoff  112      5943.43000 4837.65944  18.6%   103 1627s
 20777 13666 5195.44911   36  108 5943.43000 4837.65944  18.6%   103 1635s
 20911 13813 5388.95762   47   27 5943.43000 4837.87484  18.6%   103 1649s
 21099 13914 5796.12000   95    6 5943.43000 4838.84723  18.6%   103 1661s
 21253 14017 5874.35000  103    - 5943.43000 4839.06895  18.6%   103 1672s
 21377 14054 5906.96000  103    - 5943.43000 4839.96846  18.6%   103 1685s
 21420 14161 5303.68064   34  208 5943.43000 4839.96846  18.6%   104 1699s
 21456 14161 5672.77157   48  122 5943.43000 4839.96846  18.6%   104 1700s
 21529 14184 5673.63910   62   20 5943.43000 4839.96846  18.6%   104 1728s
 21576 14270     cutoff   82      5943.43000 4840.66552  18.6%   104 1739s
 21626 14271 5894.80857   68   22 5943.43000 4840.66552  18.6%   104 1740s
 21691 14354     cutoff   75      5943.43000 4841.16366  18.5%   104 1752s
 21795 14411 5028.50071   28  293 5943.43000 4841.16366  18.5%   104 1762s
 21864 14512 5216.94857   46   58 5943.43000 4841.16366  18.5%   105 1792s
 21978 14602 5532.26299   76   26 5943.43000 4841.63409  18.5%   105 1806s
 22100 14696 5670.11000   84    4 5943.43000 4841.77886  18.5%   105 1817s
 22234 14785 5746.45076   85   56 5943.43000 4842.18386  18.5%   105 1836s
 22339 14884 4990.06661   30  310 5943.43000 4842.23738  18.5%   106 1847s
 22433 14971 5172.17825   35  152 5943.43000 4842.23738  18.5%   106 1860s
 22582 15144 5382.08080   40  129 5943.43000 4842.23738  18.5%   106 1872s
 22721 15144 5695.42462  168   20 5943.43000 4842.23738  18.5%   106 1881s
 22792 15218 5488.98071   43   42 5943.43000 4842.23738  18.5%   106 1893s
 22876 15320 5628.87151   49   98 5943.43000 4842.23738  18.5%   106 1906s
 23014 15454 5772.61912   56   37 5943.43000 4843.06171  18.5%   107 1969s
 23197 15455 5078.03274   27  285 5943.43000 4843.18636  18.5%   106 1970s
 23324 15544     cutoff  105      5943.43000 4843.52735  18.5%   106 1984s
 23349 15544 5365.64255   45  178 5943.43000 4843.52735  18.5%   106 1985s
 23434 15638 5387.07995   47  162 5943.43000 4844.06192  18.5%   107 1996s
 23541 15806 5704.85346   67   45 5943.43000 4844.71406  18.5%   107 2007s
 23756 15898 4981.87125   28  127 5943.43000 4845.62312  18.5%   106 2020s
 23853 16036 5408.70099   60   30 5943.43000 4846.09319  18.5%   107 2032s
 24019 16070 5519.21540   73   22 5943.43000 4846.21844  18.5%   107 2047s
 24062 16113 5922.69000   87   26 5943.43000 4846.68116  18.5%   107 2058s
 24112 16215 infeasible   91      5943.43000 4847.41942  18.4%   108 2071s
 24241 16342 5427.50602   63   44 5943.43000 4847.73532  18.4%   108 2100s
 24377 16484 5391.17928   41   53 5943.43000 4848.00362  18.4%   108 2116s
 24559 16642 5232.23955   45  132 5943.43000 4848.20599  18.4%   108 2131s
 24758 16737 5002.76512   28  384 5943.43000 4848.28825  18.4%   108 2143s
 24805 16737     cutoff  149      5943.43000 4848.28825  18.4%   108 2187s
 24862 16848 5749.79940   75  132 5943.43000 4848.67048  18.4%   108 2200s
 25007 16902 5552.87135   71   72 5943.43000 4850.43920  18.4%   108 2213s
 25077 16998 5164.48929   34  263 5943.43000 4850.84037  18.4%   108 2234s
 25173 17107 5812.43030   93    4 5943.43000 4850.87863  18.4%   108 2248s
 25302 17216     cutoff  103      5943.43000 4851.05149  18.4%   108 2262s
 25415 17328 5326.93879   49   77 5943.43000 4851.27879  18.4%   109 2296s
 25564 17480 5035.07317   35  153 5943.43000 4851.65667  18.4%   109 2316s
 25804 17601 5011.22376   27  356 5943.43000 4852.76566  18.4%   109 2357s
 25968 17699 5109.22560   18  290 5943.43000 4852.82970  18.3%   109 2372s
 26079 17761 5361.66077   28  221 5943.43000 4852.82970  18.3%   109 2386s
 26142 17897 5542.82369   41  177 5943.43000 4852.82970  18.3%   110 2398s
 26290 17983 5851.03219   53  174 5943.43000 4853.43535  18.3%   110 2413s
 26413 18065 4997.75614   19  372 5943.43000 4853.52364  18.3%   110 2425s
 26513 18167 5344.09025   42   38 5943.43000 4853.74641  18.3%   110 2439s
 26608 18170 5346.74988   53   24 5943.43000 4854.13410  18.3%   110 2440s
 26659 18243 5710.08000   70    - 5943.43000 4854.34426  18.3%   110 2492s
 26745 18351 5726.94000   70    - 5943.43000 4854.60569  18.3%   110 2508s
 26901 18425     cutoff  108      5943.43000 4855.02333  18.3%   110 2523s
 26996 18512 5056.54307   21  295 5943.43000 4855.11201  18.3%   111 2540s
 27098 18671 5651.44114   57   55 5943.43000 4855.20411  18.3%   111 2554s
 27207 18675 5397.86614   43  163 5943.43000 4855.20411  18.3%   111 2555s
 27293 18795     cutoff  141      5943.43000 4855.86804  18.3%   111 2570s
 27442 18859 4893.90408   23  254 5943.43000 4856.26262  18.3%   111 2585s
 27510 18908 5854.91356   74   28 5943.43000 4856.84098  18.3%   111 2598s
 27571 18974 5102.98357   29  289 5943.43000 4856.84098  18.3%   112 2629s
 27657 19090 5298.42035   41  137 5943.43000 4856.84098  18.3%   112 2652s
 27791 19179 5443.76532   90   16 5943.43000 4857.58336  18.3%   112 2675s
 27936 19292 5611.43905   98   14 5943.43000 4857.77066  18.3%   112 2690s
 28115 19422     cutoff  124      5943.43000 4859.73084  18.2%   112 2704s
 28150 19422 5210.40184   47   93 5943.43000 4859.73084  18.2%   112 2705s
 28168 19422 5261.10324   51  115 5943.43000 4859.73084  18.2%   112 2711s
 28241 19541 5402.01056   61   61 5943.43000 4859.80445  18.2%   113 2724s
 28290 19541 5829.78129   45   73 5943.43000 4859.80445  18.2%   113 2725s
 28451 19618 5036.94259   25  145 5943.43000 4860.32000  18.2%   113 2739s
 28546 19764     cutoff   71      5943.43000 4860.37555  18.2%   113 2756s
 28728 19869     cutoff   72      5943.43000 4860.46135  18.2%   113 2774s
 28750 19869 5181.58895   30  175 5943.43000 4860.59839  18.2%   113 2794s
 28831 19870 5194.21629   46   55 5943.43000 4860.59839  18.2%   113 2795s
 28861 19949 5317.04373   40  281 5943.43000 4860.59839  18.2%   113 2808s
 28972 20092 5887.56000   83    - 5943.43000 4861.17840  18.2%   113 2823s
 29141 20181 5936.03901   83   33 5943.43000 4861.52091  18.2%   113 2850s
 29260 20313 5665.94000   71   62 5943.43000 4862.30966  18.2%   113 2865s
 29412 20384 5795.04500   78   37 5943.43000 4863.03717  18.2%   113 2879s
 29488 20470 5143.82971   41  235 5943.43000 4863.31319  18.2%   113 2899s
 29603 20525     cutoff   79      5943.43000 4863.44569  18.2%   113 2914s
 29689 20566 5483.35353   31  248 5943.43000 4863.61168  18.2%   114 2974s
 29736 20656 5497.32422   32  212 5943.43000 4863.74029  18.2%   114 2989s
 29760 20656 5928.44647   56   22 5943.43000 4863.74029  18.2%   114 2990s
 29861 20708 5300.62617   25  257 5943.43000 4863.94338  18.2%   114 3004s
 29901 20708     cutoff   92      5943.43000 4864.09615  18.2%   114 3005s
 29926 20809 4885.00736   24  170 5943.43000 4864.09615  18.2%   114 3068s
 30033 20883 5186.46290   47   92 5943.43000 4864.12668  18.2%   114 3082s
 30175 21000 5117.72675   40  213 5943.43000 4864.46098  18.2%   114 3096s
 30306 21079 5811.18006   99   60 5943.43000 4864.51262  18.2%   114 3111s
 30406 21200 5187.24249   29   33 5943.43000 4864.57190  18.2%   115 3180s
 30539 21310 5532.79671   69  109 5943.43000 4864.66726  18.2%   115 3195s
 30715 21353 5050.51280   23  246 5943.43000 4865.10256  18.1%   115 3210s
 30748 21408 5344.51625   32  127 5943.43000 4865.47373  18.1%   115 3227s
 30822 21502 4961.22346   21  183 5943.43000 4865.67925  18.1%   115 3243s
 30933 21607 4970.77044   28  154 5943.43000 4866.23986  18.1%   115 3258s
 31061 21679 5023.04424   26  236 5943.43000 4866.82055  18.1%   116 3318s
 31147 21731 5142.93507   34  324 5943.43000 4866.82055  18.1%   116 3331s
 31215 21768 5816.57572   66  103 5943.43000 4867.10377  18.1%   116 3347s
 31289 21873 5403.96325   28  358 5943.43000 4867.67312  18.1%   117 3362s
 31416 21975 5411.63161   48  106 5943.43000 4867.82245  18.1%   117 3378s
 31554 22113 5261.39394   34   81 5943.43000 4868.05951  18.1%   117 3456s
 31748 22220 5261.16944   26   81 5943.43000 4868.32788  18.1%   117 3471s
 31884 22316 5067.14031   28  211 5943.43000 4868.52809  18.1%   117 3516s
 31908 22316 5301.47737   52   51 5943.43000 4868.52809  18.1%   117 3529s
 31997 22512 infeasible   95      5943.43000 4868.53185  18.1%   117 3546s
 32252 22639 5781.08769   69   10 5943.43000 4869.04304  18.1%   117 3564s
 32308 22639 5383.17336   47   61 5943.43000 4869.04304  18.1%   117 3565s
 32414 22748 5311.10114   44   45 5943.43000 4869.74089  18.1%   117 3600s

Cutting planes:
  User: 2170
  Gomory: 27
  Cover: 268
  Implied bound: 128
  Projected implied bound: 1
  Clique: 44
  MIR: 82
  Flow cover: 295
  GUB cover: 1
  Zero half: 48
  RLT: 173
  Relax-and-lift: 1
  Lazy constraints: 9237

Explored 32538 nodes (3811410 simplex iterations) in 3601.45 seconds
Thread count was 2 (of 32 available processors)

Solution count 10: 5943.43 6186.1 6214.1 ... 6659.22

Time limit reached
Best objective 5.943430000000e+03, best bound 4.869740887086e+03, gap 18.0651%

User-callback calls 376315, time in user-callback 783.34 sec
================================================================================
executing instance: ./input/Instances/Original/5/absH3low_4n25.dat
--------------------------------------------------------------------------------
Instance details
n	26
H	3
C	2029
Li:
[0, 0, 0, 0, 0, 0, 0, 0, 0, 0, 0, 0, 0, 0, 0, 0, 0, 0, 0, 0, 0, 0, 0, 0, 0, 0, ]
Ui:
[0, 34, 165, 76, 88, 188, 58, 279, 52, 132, 198, 142, 135, 165, 186, 58, 201, 196, 40, 183, 32, 90, 168, 126, 93, 146, ]
Distance matrix:
