




arguments: ./build/bc_mirp -f ./input/orig_exec_103.cfg
Current dir: /scratch/gui/bc_mirp
File verbosity level: 9
date       time         ( uptime  ) [ thread name/id ]                   file:line     v| 
2021-02-07 11:10:36.931 (   0.113s) [main thread     ]             loguru.cpp:789   INFO| Logging to './output/vi_vc+cos/OU/V2/Original/execution_07_02_2021_11_10_36.log', mode: 'a', verbosity: 9
--------------------------------------------------------------------------------
Parameters
                           instance_path           ./input/Instances/Original/3/
                            model_policy                                       1
                             nb_vehicles                                       2
                              output_dir      ./output/vi_vc+cos/OU/V2/Original/
                            sec_strategy                                       1
                       solver_nb_threads                                       2
                         solver_show_log                                    true
                       solver_time_limit                                    3600
                              use_vi_cos                                    true
                              use_vi_cus                                   false
                         use_vi_hc1_full                                   false
                         use_vi_hc1_half                                   false
                      use_vi_hc1_quarter                                   false
                              use_vi_hc2                                   false
                              use_vi_hc3                                   false
                         use_vi_lex_full                                   false
                         use_vi_lex_half                                   false
                      use_vi_lex_quarter                                   false
                              use_vi_qua                                   false
                               use_vi_vc                                    true
                               use_vi_vr                                   false
--------------------------------------------------------------------------------
executing instance: ./input/Instances/Original/3/absH3low_2n5.dat
--------------------------------------------------------------------------------
Instance details
n	6
H	3
C	237
Li:
[0, 0, 0, 0, 0, 0, ]
Ui:
[0, 93, 180, 51, 114, 24, ]
Distance matrix:
|0	170	318	35	112	235	|
|170	0	311	205	258	301	|
|318	311	0	326	278	137	|
|35	205	326	0	89	230	|
|112	258	278	89	0	160	|
|235	301	137	230	160	0	|

--------------------------------------------------------------------------------
Building model...
	using lazy and cut (CVRPSEP package)
Solving IRP LP...
--------------------------------------------------------------------------------

Gurobi 9.1.0 (linux64) logging started Sun Feb  7 11:10:37 2021

Gurobi Optimizer version 9.1.0 build v9.1.0rc0 (linux64)
Thread count: 32 physical cores, 32 logical processors, using up to 2 threads
Optimize a model with 150 rows, 180 columns and 693 nonzeros
Model fingerprint: 0xb4a76c34
Variable types: 54 continuous, 126 integer (36 binary)
Coefficient statistics:
  Matrix range     [1e+00, 3e+02]
  Objective range  [1e-02, 3e+02]
  Bounds range     [1e+00, 2e+02]
  RHS range        [1e+00, 5e+02]
Presolve removed 45 rows and 22 columns
Presolve time: 0.01s
Presolved: 105 rows, 158 columns, 574 nonzeros
Variable types: 32 continuous, 126 integer (96 binary)
Found heuristic solution: objective 1738.5200000

Root relaxation: objective 5.780448e+02, 103 iterations, 0.00 seconds

    Nodes    |    Current Node    |     Objective Bounds      |     Work
 Expl Unexpl |  Obj  Depth IntInf | Incumbent    BestBd   Gap | It/Node Time

     0     0  578.04476    0   14 1738.52000  578.04476  66.8%     -    0s
     0     0  689.73102    0   20 1738.52000  689.73102  60.3%     -    0s
     0     0  844.80912    0   24 1738.52000  844.80912  51.4%     -    0s
     0     0  845.20374    0   27 1738.52000  845.20374  51.4%     -    0s
     0     0 1187.57871    0   28 1738.52000 1187.57871  31.7%     -    0s
     0     0 1242.13541    0   32 1738.52000 1242.13541  28.6%     -    0s
     0     0 1242.13541    0   32 1738.52000 1242.13541  28.6%     -    0s
     0     0 1380.62414    0   46 1738.52000 1380.62414  20.6%     -    0s
H    0     0                    1464.7300000 1380.62414  5.74%     -    0s
     0     0 1392.07488    0   42 1464.73000 1392.07488  4.96%     -    0s
     0     0 1401.07000    0    4 1464.73000 1401.07000  4.35%     -    0s
     0     0 1403.41727    0   31 1464.73000 1403.41727  4.19%     -    0s
     0     0 1404.46302    0   42 1464.73000 1404.46302  4.11%     -    0s
     0     0 1404.74518    0   43 1464.73000 1404.74518  4.10%     -    0s
     0     0 1407.75857    0   24 1464.73000 1407.75857  3.89%     -    0s
     0     0 1409.20202    0   37 1464.73000 1409.20202  3.79%     -    0s
     0     0 1409.63114    0   11 1464.73000 1409.63114  3.76%     -    0s
     0     0 1411.20726    0   35 1464.73000 1411.20726  3.65%     -    0s
     0     0 1411.20726    0    9 1464.73000 1411.20726  3.65%     -    0s
     0     0 1411.20726    0   28 1464.73000 1411.20726  3.65%     -    0s
     0     0 1411.20726    0   17 1464.73000 1411.20726  3.65%     -    0s
     0     0 1411.49906    0   20 1464.73000 1411.49906  3.63%     -    0s
     0     0 1430.74250    0   35 1464.73000 1430.74250  2.32%     -    0s
H    0     0                    1449.5600000 1430.74250  1.30%     -    0s
*    0     0               0    1437.9000000 1437.90000  0.00%     -    0s

Cutting planes:
  Gomory: 1
  Cover: 6
  Implied bound: 1
  Clique: 2
  MIR: 7
  Flow cover: 12
  RLT: 4

Explored 1 nodes (581 simplex iterations) in 0.09 seconds
Thread count was 2 (of 32 available processors)

Solution count 4: 1437.9 1449.56 1464.73 1738.52 

Optimal solution found (tolerance 1.00e-04)
Best objective 1.437900000000e+03, best bound 1.437900000000e+03, gap 0.0000%

User-callback calls 208, time in user-callback 0.00 sec
================================================================================
executing instance: ./input/Instances/Original/3/absH3high_5n30.dat
--------------------------------------------------------------------------------
Instance details
n	31
H	3
C	2296
Li:
[0, 0, 0, 0, 0, 0, 0, 0, 0, 0, 0, 0, 0, 0, 0, 0, 0, 0, 0, 0, 0, 0, 0, 0, 0, 0, 0, 0, 0, 0, 0, ]
Ui:
[0, 80, 90, 297, 28, 264, 123, 192, 112, 32, 72, 88, 294, 129, 126, 105, 110, 237, 246, 92, 72, 147, 54, 96, 128, 96, 84, 28, 74, 196, 192, ]
Distance matrix:
|0	87	302	65	389	171	219	120	412	339	129	63	169	401	383	158	393	161	246	275	64	287	345	235	13	274	106	201	85	358	135	|
|87	0	334	128	402	212	301	204	465	384	187	145	232	424	454	238	475	245	289	352	80	307	352	321	81	352	20	261	170	376	215	|
|302	334	0	239	113	132	237	334	157	70	404	263	162	105	227	229	339	251	65	217	259	53	107	352	293	220	339	134	270	75	235	|
|65	128	239	0	330	107	175	130	348	275	174	40	107	339	326	114	351	125	181	224	58	228	290	222	58	224	143	138	65	297	92	|
|389	402	113	330	0	226	349	438	210	151	502	360	269	48	316	339	441	362	175	328	335	102	55	465	377	330	401	245	371	37	342	|
|171	212	132	107	226	0	169	214	253	173	276	134	64	233	261	130	326	153	77	188	133	125	192	264	162	190	220	68	145	193	125	|
|219	301	237	175	349	169	0	157	257	223	244	157	105	334	180	62	175	61	177	63	233	264	334	118	221	61	317	112	136	312	85	|
|120	204	334	130	438	214	157	0	402	348	88	90	173	438	336	115	307	100	269	220	172	338	406	122	130	218	224	204	69	403	101	|
|412	465	157	348	210	253	257	402	0	88	486	359	245	166	129	287	266	303	178	204	386	208	239	370	406	207	473	212	354	187	304	|
|339	384	70	275	151	173	223	348	88	0	427	291	179	120	166	234	290	254	96	187	306	123	166	342	332	190	391	145	291	119	247	|
|129	187	404	174	502	276	244	88	486	427	0	142	248	508	424	200	390	187	342	308	193	400	464	192	142	306	207	281	136	469	182	|
|63	145	263	40	360	134	157	90	359	291	142	0	114	366	321	95	331	99	202	212	90	258	323	186	65	211	163	148	27	327	72	|
|169	232	162	107	269	64	105	173	245	179	248	114	0	266	222	71	268	94	97	131	155	173	244	203	164	132	245	34	113	233	73	|
|401	424	105	339	48	233	334	438	166	120	508	366	266	0	280	332	409	355	169	305	353	117	96	452	391	308	425	237	374	49	339	|
|383	454	227	326	316	261	180	336	129	166	424	321	222	280	0	231	137	238	208	116	376	277	331	272	381	118	467	197	307	285	253	|
|158	238	229	114	339	130	62	115	287	234	200	95	71	332	231	0	238	23	164	118	171	243	314	134	159	117	255	95	77	302	23	|
|393	475	339	351	441	326	175	307	266	290	390	331	268	409	137	238	0	232	300	138	408	383	445	204	395	136	492	258	308	406	260	|
|161	245	251	125	362	153	61	100	303	254	187	99	94	355	238	23	232	0	187	123	183	267	338	111	164	121	262	117	77	325	34	|
|246	289	65	181	175	77	177	269	178	96	342	202	97	169	208	164	300	187	0	168	210	87	157	290	238	171	296	70	206	138	170	|
|275	352	217	224	328	188	63	220	204	187	308	212	131	305	116	118	138	123	168	0	279	255	322	166	275	3	367	120	195	291	141	|
|64	80	259	58	335	133	233	172	386	306	193	90	155	353	376	171	408	183	210	279	0	236	289	276	51	279	90	182	117	307	150	|
|287	307	53	228	102	125	264	338	208	123	400	258	173	117	277	243	383	267	87	255	236	0	71	374	276	257	308	153	270	71	245	|
|345	352	107	290	55	192	334	406	239	166	464	323	244	96	331	314	445	338	157	322	289	71	0	445	334	325	350	224	337	54	315	|
|235	321	352	222	465	264	118	122	370	342	192	186	203	452	272	134	204	111	290	166	276	374	445	0	243	164	341	221	159	428	142	|
|13	81	293	58	377	162	221	130	406	332	142	65	164	391	381	159	395	164	238	275	51	276	334	243	0	274	100	196	89	347	136	|
|274	352	220	224	330	190	61	218	207	190	306	211	132	308	118	117	136	121	171	3	279	257	325	164	274	0	367	122	194	294	140	|
|106	20	339	143	401	220	317	224	473	391	207	163	245	425	467	255	492	262	296	367	90	308	350	341	100	367	0	272	188	377	232	|
|201	261	134	138	245	68	112	204	212	145	281	148	34	237	197	95	258	117	70	120	182	153	224	221	196	122	272	0	146	208	103	|
|85	170	270	65	371	145	136	69	354	291	136	27	113	374	307	77	308	77	206	195	117	270	337	159	89	194	188	146	0	337	54	|
|358	376	75	297	37	193	312	403	187	119	469	327	233	49	285	302	406	325	138	291	307	71	54	428	347	294	377	208	337	0	306	|
|135	215	235	92	342	125	85	101	304	247	182	72	73	339	253	23	260	34	170	141	150	245	315	142	136	140	232	103	54	306	0	|

--------------------------------------------------------------------------------
Building model...
	using lazy and cut (CVRPSEP package)
Solving IRP LP...
--------------------------------------------------------------------------------

Gurobi 9.1.0 (linux64) logging started Sun Feb  7 11:10:37 2021

Gurobi Optimizer version 9.1.0 build v9.1.0rc0 (linux64)
Thread count: 32 physical cores, 32 logical processors, using up to 2 threads
Optimize a model with 775 rows, 3280 columns and 10768 nonzeros
Model fingerprint: 0x8eca8110
Variable types: 304 continuous, 2976 integer (186 binary)
Coefficient statistics:
  Matrix range     [1e+00, 1e+03]
  Objective range  [1e-01, 5e+02]
  Bounds range     [1e+00, 3e+02]
  RHS range        [1e+00, 4e+03]
Presolve removed 245 rows and 122 columns
Presolve time: 0.08s
Presolved: 530 rows, 3158 columns, 10041 nonzeros
Variable types: 182 continuous, 2976 integer (2796 binary)

Root relaxation: objective 8.845428e+03, 403 iterations, 0.01 seconds

    Nodes    |    Current Node    |     Objective Bounds      |     Work
 Expl Unexpl |  Obj  Depth IntInf | Incumbent    BestBd   Gap | It/Node Time

     0     0 8845.42804    0   87          - 8845.42804      -     -    0s
     0     0 9289.24158    0  106          - 9289.24158      -     -    0s
     0     0 9294.17201    0  109          - 9294.17201      -     -    0s
     0     0 9294.19946    0  111          - 9294.19946      -     -    0s
     0     0 9731.39813    0  129          - 9731.39813      -     -    0s
     0     0 9732.91826    0  146          - 9732.91826      -     -    0s
     0     0 9732.91826    0  117          - 9732.91826      -     -    0s
     0     0 9807.32571    0  152          - 9807.32571      -     -    0s
     0     0 9810.34432    0  167          - 9810.34432      -     -    0s
     0     0 9819.42427    0  140          - 9819.42427      -     -    0s
     0     0 9826.54727    0  169          - 9826.54727      -     -    0s
     0     0 9827.65718    0  178          - 9827.65718      -     -    0s
     0     0 9828.06574    0  182          - 9828.06574      -     -    0s
     0     0 9864.83708    0  175          - 9864.83708      -     -    0s
     0     0 9865.74379    0  191          - 9865.74379      -     -    0s
     0     0 9869.71581    0  199          - 9869.71581      -     -    0s
     0     0 9869.71581    0  199          - 9869.71581      -     -    0s
     0     2 9872.58726    0  185          - 9872.58726      -     -    0s
   569   555 10195.1911   17   85          - 9902.54341      -  47.6    5s
H  816   706                    12876.160000 9958.00466  22.7%  38.0    8s
   834   718 12876.1600  121  277 12876.1600 9988.96807  22.4%  37.2   10s
H  839   685                    12815.160000 9992.41313  22.0%  37.0   11s
   864   701 10927.9255   58  297 12815.1600 10006.5388  21.9%  35.9   15s
   917   742 10327.5797   22  132 12815.1600 10054.9377  21.5%  54.1   20s
  1058   834 10588.1772   49   60 12815.1600 10054.9377  21.5%  62.5   25s
H 1092   818                    12616.160000 10054.9377  20.3%  63.2   25s
* 1152   817              89    11168.460000 10054.9377  10.0%  63.6   26s
* 1154   782              90    11012.860000 10054.9377  8.70%  63.5   28s
  1256   794 10395.3057   24  132 11012.8600 10087.2747  8.40%  66.6   30s
* 1412   722              60    10659.500000 10087.2747  5.37%  67.3   33s
  1433   697     cutoff   60      10659.5000 10098.6534  5.26%  67.6   35s
  1621   746 10182.3046   16  146 10659.5000 10099.9080  5.25%  70.3   40s
  1753   844 10376.3418   28  167 10659.5000 10103.2492  5.22%  71.5   45s
H 1803   797                    10646.470000 10109.9719  5.04%  71.7   46s
H 1814   717                    10606.730000 10111.3450  4.67%  71.8   47s
  1871   783     cutoff   38      10606.7300 10119.1642  4.60%  73.0   50s
  2082   821 10544.8463   19  191 10606.7300 10127.1926  4.52%  74.5   55s
  2342   933 10479.8009   41  104 10606.7300 10153.9557  4.27%  75.2   61s
  2543  1074 10338.1100   64   42 10606.7300 10173.8171  4.08%  76.1   65s
  2749  1206 10296.2096   29  197 10606.7300 10178.9610  4.03%  76.0   70s
  2911  1327 10395.6459   24  239 10606.7300 10185.6329  3.97%  77.8   75s
  3120  1471 10328.0147   21   86 10606.7300 10193.4104  3.90%  79.3   80s
  3336  1591 10389.2227   58   26 10606.7300 10195.5709  3.88%  80.1   85s
  3494  1728     cutoff   41      10606.7300 10198.0083  3.85%  81.9   91s
  3744  1984 10508.7276   56   18 10606.7300 10200.4875  3.83%  81.9   96s
  3913  2017 10555.4898   28   40 10606.7300 10203.8547  3.80%  81.1  100s
  4133  2201 10551.4127   50   39 10606.7300 10210.0254  3.74%  81.6  105s
  4384  2319     cutoff   62      10606.7300 10214.0322  3.70%  81.3  111s
  4597  2470 10564.5071   22  153 10606.7300 10220.9908  3.64%  81.9  116s
  4845  2546 10540.8000   66    - 10606.7300 10224.1895  3.61%  82.9  120s
  4994  2737 10305.4885   24   41 10606.7300 10225.9914  3.59%  83.1  127s
  5163  2865 10424.7595   18  164 10606.7300 10227.3746  3.58%  82.0  131s
  5482  3005 10296.1190   23   52 10606.7300 10234.3525  3.51%  82.7  138s
  5593  3082 10365.6525   26  220 10606.7300 10238.6233  3.47%  83.4  141s
  5716  3171 10326.8810   21  204 10606.7300 10242.4473  3.43%  84.3  145s
  5913  3258 10577.2022   38   42 10606.7300 10243.6871  3.42%  84.9  150s
  6112  3443 10431.8941   31  123 10606.7300 10246.2438  3.40%  86.1  157s
  6325  3571     cutoff   66      10606.7300 10250.0624  3.36%  86.0  161s
  6525  3699     cutoff   79      10606.7300 10253.0079  3.33%  86.0  166s
  6691  3796 10519.8469   38  167 10606.7300 10255.2191  3.31%  86.1  170s
  6853  3895 10591.8502   25  146 10606.7300 10257.9956  3.29%  86.6  175s
  7176  4070 10418.2158   17  205 10606.7300 10261.3631  3.26%  87.2  183s
  7299  4186 10347.6996   35  204 10606.7300 10261.9275  3.25%  87.4  188s
  7485  4339 10390.3336   18  115 10606.7300 10263.7611  3.23%  87.5  192s
  7681  4452 10373.2022   26   93 10606.7300 10266.7361  3.21%  87.4  197s
  7896  4518 10592.4193   44   84 10606.7300 10267.0697  3.20%  87.4  202s
  8025  4613 10543.6410   33   42 10606.7300 10268.3467  3.19%  88.3  206s
  8181  4794 10393.6467   19  176 10606.7300 10269.9670  3.17%  88.8  211s
  8417  4870 10459.4853   31   48 10606.7300 10271.6684  3.16%  88.5  216s
  8614  4905     cutoff   40      10606.7300 10274.3226  3.13%  88.7  220s
  8685  5012 10467.7174   37  144 10606.7300 10275.3112  3.12%  89.1  225s
  8870  5130 10590.4500   39    9 10606.7300 10276.5327  3.11%  89.3  230s
  9113  5239 10351.4635   28  189 10606.7300 10277.6597  3.10%  89.7  235s
  9452  5477 10543.6230   35   16 10606.7300 10279.8209  3.08%  89.6  245s
  9636  5542     cutoff   54      10606.7300 10280.6239  3.07%  89.7  250s
  9815  5604 10564.1590   28   75 10606.7300 10281.2189  3.07%  89.9  256s
  9948  5707     cutoff   34      10606.7300 10281.8461  3.06%  90.1  260s
 10157  5820     cutoff   52      10606.7300 10283.6213  3.05%  90.0  265s
 10327  5901     cutoff   36      10606.7300 10284.4140  3.04%  90.2  270s
 10460  6011 10573.4508   35  117 10606.7300 10284.9935  3.03%  90.7  275s
 10663  6142 10528.0229   28   54 10606.7300 10285.8563  3.03%  90.5  280s
 10866  6253     cutoff   42      10606.7300 10287.7807  3.01%  90.6  285s
 11153  6354     cutoff   51      10606.7300 10289.1866  2.99%  89.9  290s
 11341  6415 infeasible   47      10606.7300 10291.1284  2.98%  90.0  295s
 11524  6517 10578.9330   30   76 10606.7300 10291.7985  2.97%  89.8  300s
 11730  6566 10570.6495   41  114 10606.7300 10292.2763  2.96%  89.7  305s
 11959  6673 10572.3587   26  109 10606.7300 10293.8021  2.95%  90.1  310s
 12050  6835 10465.2559   32   46 10606.7300 10293.8630  2.95%  90.2  315s
 12314  6943     cutoff   45      10606.7300 10294.6904  2.94%  89.7  320s
 12530  7043 10511.8560   31  237 10606.7300 10295.8075  2.93%  89.9  325s
 12832  7166 10439.1116   31   10 10606.7300 10297.3938  2.92%  90.0  330s
 12969  7336 10567.9782   38   84 10606.7300 10298.4416  2.91%  90.4  338s
 13161  7403 infeasible   52      10606.7300 10299.0672  2.90%  90.3  343s
 13283  7481 10529.1843   24  132 10606.7300 10300.5676  2.89%  90.8  348s
 13419  7591     cutoff   28      10606.7300 10301.5634  2.88%  91.1  353s
 13614  7715 10380.7662   22  134 10606.7300 10301.9461  2.87%  91.1  358s
 13833  7804     cutoff   62      10606.7300 10302.2527  2.87%  91.0  363s
 14034  7962 10531.0695   36   39 10606.7300 10302.6983  2.87%  91.0  368s
 14291  8075     cutoff   57      10606.7300 10303.2337  2.86%  90.6  373s
 14514  8109 10564.8900   44   21 10606.7300 10303.9984  2.85%  90.3  379s
 14570  8218 10394.3977   34  120 10606.7300 10304.0960  2.85%  90.3  383s
 14769  8290 10599.3922   43   17 10606.7300 10304.7923  2.85%  90.3  400s
 14932  8454 10507.0433   41  114 10606.7300 10305.4095  2.84%  90.4  405s
 15175  8538     cutoff   55      10606.7300 10305.9426  2.84%  90.0  411s
 15355  8603     cutoff   56      10606.7300 10306.1406  2.83%  90.1  415s
 15482  8699 10541.8900   36   38 10606.7300 10306.7173  2.83%  90.4  420s
 15701  8807     cutoff   45      10606.7300 10306.9801  2.83%  90.3  426s
 15848  8880     cutoff   50      10606.7300 10307.3756  2.82%  90.3  430s
 15994  8960     cutoff   35      10606.7300 10307.8635  2.82%  90.4  436s
 16156  9032 10572.3508   32   61 10606.7300 10308.5417  2.81%  90.5  443s
 16345  9182 10521.6403   41   49 10606.7300 10308.9623  2.81%  90.5  448s
*16586  9233              53    10601.930000 10309.1400  2.76%  90.3  453s
 16763  9318     cutoff   51      10601.9300 10309.2033  2.76%  90.3  458s
 16906  9413 10550.9061   43   72 10601.9300 10309.9533  2.75%  90.4  464s
 17076  9467     cutoff   46      10601.9300 10310.2827  2.75%  90.5  469s
 17202  9531 10579.1892   33   89 10601.9300 10310.4509  2.75%  90.7  476s
 17368  9616 10445.6145   27   70 10601.9300 10310.6967  2.75%  90.7  481s
 17527  9698     cutoff   55      10601.9300 10310.9615  2.74%  90.8  487s
 17686  9768     cutoff   40      10601.9300 10312.5091  2.73%  90.7  492s
 17811  9870 10407.2729   29  145 10601.9300 10313.2284  2.72%  90.8  497s
 17963  9949 10550.7500   57   12 10601.9300 10313.4693  2.72%  91.0  501s
 18124 10017 10467.2622   26   87 10601.9300 10314.3402  2.71%  91.1  507s
H18202  9796                    10586.030000 10314.3402  2.57%  91.1  507s
 18307  9854 10549.8244   34   68 10586.0300 10314.9659  2.56%  91.0  511s
 18450  9916     cutoff   26      10586.0300 10316.1868  2.55%  91.1  517s
 18625 10010 10584.9757   29  222 10586.0300 10316.6654  2.54%  91.1  522s
 18754 10076 10547.9837   38   25 10586.0300 10317.1434  2.54%  91.2  527s
 18892 10169 10489.3518   25  259 10586.0300 10317.8733  2.53%  91.2  532s
 19077 10209     cutoff   55      10586.0300 10318.4895  2.53%  91.2  539s
 19244 10252 infeasible   56      10586.0300 10319.2011  2.52%  91.2  544s
 19372 10305 10471.6362   27   59 10586.0300 10320.1053  2.51%  91.3  549s
 19525 10359 10549.3045   23  228 10586.0300 10320.7466  2.51%  91.4  554s
 19595 10359 10557.1840   29   51 10586.0300 10320.7466  2.51%  91.4  555s
 19676 10437 10542.3201   22  139 10586.0300 10321.4606  2.50%  91.5  560s
 19809 10475     cutoff   57      10586.0300 10321.7021  2.50%  91.7  566s
 19882 10526 10452.4111   27   72 10586.0300 10321.8765  2.50%  91.9  571s
 20015 10591 10388.4609   24  102 10586.0300 10322.3242  2.49%  92.1  580s
 20140 10636 10536.1655   32    4 10586.0300 10322.5447  2.49%  92.3  585s
 20277 10696 10519.2524   22  138 10586.0300 10323.2654  2.48%  92.4  590s
 20443 10736 10436.3194   29  133 10586.0300 10323.9084  2.48%  92.4  595s
 20564 10768     cutoff   21      10586.0300 10324.4012  2.47%  92.6  601s
 20689 10829 10454.3581   21  164 10586.0300 10324.9316  2.47%  92.8  607s
 20822 10878     cutoff   48      10586.0300 10325.1500  2.46%  92.9  612s
 20980 10919     cutoff   36      10586.0300 10325.3695  2.46%  92.9  618s
 21089 10962     cutoff   43      10586.0300 10325.7895  2.46%  93.1  623s
 21228 11029 10437.4146   16  221 10586.0300 10326.4547  2.45%  93.3  628s
 21373 11075 10508.5522   32   61 10586.0300 10326.9509  2.45%  93.4  634s
 21504 11137 10537.9720   37  152 10586.0300 10327.5212  2.44%  93.5  639s
H21571 10423                    10566.030000 10327.5212  2.26%  93.6  639s
 21648 10482 10553.5553   27   86 10566.0300 10327.8178  2.25%  93.6  645s
 21792 10517     cutoff   23      10566.0300 10328.4871  2.25%  93.6  650s
 21955 10557 10481.7649   25   62 10566.0300 10329.2052  2.24%  93.7  656s
 22086 10618 10366.3429   23  208 10566.0300 10329.9059  2.23%  93.8  662s
 22225 10648 10555.4933   32   52 10566.0300 10330.6454  2.23%  94.0  667s
 22365 10698     cutoff   29      10566.0300 10331.2476  2.22%  94.1  672s
 22486 10711 10537.4035   32   32 10566.0300 10332.0437  2.21%  94.3  677s
 22616 10759     cutoff   34      10566.0300 10333.1114  2.20%  94.4  682s
 22730 10810     cutoff   29      10566.0300 10333.9360  2.20%  94.6  688s
 22872 10826     cutoff   40      10566.0300 10334.4697  2.19%  94.7  693s
 22992 10885 10445.9655   27  191 10566.0300 10335.0914  2.19%  94.9  698s
 23148 10918 10461.7830   39   92 10566.0300 10335.5762  2.18%  95.0  704s
 23307 10991 10393.4002   29  175 10566.0300 10335.9602  2.18%  95.1  710s
 23479 11032 10506.1538   20  183 10566.0300 10336.5485  2.17%  95.1  716s
 23611 11061 10524.9793   27  172 10566.0300 10336.8977  2.17%  95.3  721s
 23740 11114 10395.7313   27  188 10566.0300 10337.4602  2.16%  95.4  726s
 23861 11172     cutoff   40      10566.0300 10338.1191  2.16%  95.6  732s
 24052 11226 10548.0650   39    4 10566.0300 10338.7238  2.15%  95.6  738s
 24214 11304     cutoff   41      10566.0300 10339.0976  2.15%  95.7  744s
 24323 11304     cutoff   30      10566.0300 10339.5510  2.14%  95.6  745s
 24415 11353 10546.5400   50    - 10566.0300 10339.5565  2.14%  95.6  750s
 24594 11421     cutoff   50      10566.0300 10339.9251  2.14%  95.6  756s
 24751 11482 10473.5676   30   66 10566.0300 10340.2154  2.14%  95.6  762s
 24899 11511     cutoff   56      10566.0300 10341.0387  2.13%  95.7  768s
 25004 11563 10543.0647   23  156 10566.0300 10341.5065  2.12%  95.7  773s
 25153 11669 10467.2321   28  154 10566.0300 10342.1296  2.12%  95.8  779s
 25332 11671 10530.4660   32  163 10566.0300 10342.5529  2.12%  95.7  780s
 25360 11736 10531.9500   34    - 10566.0300 10342.5587  2.11%  95.7  785s
 25561 11756     cutoff   65      10566.0300 10343.0887  2.11%  95.7  792s
 25658 11809 10509.4456   40   42 10566.0300 10343.5603  2.11%  95.8  798s
 25812 11847 10551.4960   40   50 10566.0300 10344.3255  2.10%  95.9  803s
 25938 11906     cutoff   29      10566.0300 10344.7337  2.09%  96.0  809s
 26097 11957 10459.7224   26  258 10566.0300 10345.0699  2.09%  96.1  814s
 26269 12046     cutoff   48      10566.0300 10345.6634  2.09%  96.1  825s
 26455 12112     cutoff   63      10566.0300 10346.2094  2.08%  95.9  831s
 26604 12150 10545.9743   24  167 10566.0300 10347.0270  2.07%  96.0  837s
 26728 12178     cutoff   24      10566.0300 10347.4500  2.07%  96.1  842s
 26866 12226 10529.8556   24   93 10566.0300 10347.6001  2.07%  96.2  848s
 27007 12300 10439.5689   28  234 10566.0300 10348.3036  2.06%  96.3  854s
 27183 12352 10432.9792   24  270 10566.0300 10349.0873  2.05%  96.3  860s
 27327 12392 10553.1952   40   86 10566.0300 10349.6078  2.05%  96.4  866s
 27455 12474 10494.0574   16  238 10566.0300 10349.9750  2.04%  96.5  873s
 27616 12531 10429.9862   24  115 10566.0300 10350.6745  2.04%  96.5  880s
 27818 12575     cutoff   40      10566.0300 10351.0724  2.03%  96.4  885s
 27978 12594 10527.0056   34  132 10566.0300 10352.1990  2.02%  96.4  891s
 28120 12662 10465.2537   35  157 10566.0300 10352.4410  2.02%  96.6  897s
 28294 12709 10531.6636   45   47 10566.0300 10352.7747  2.02%  96.5  903s
 28455 12744 10427.3989   26  191 10566.0300 10354.0922  2.01%  96.5  909s
 28571 12812 10474.3146   31  144 10566.0300 10354.8324  2.00%  96.6  915s
 28707 12840 10404.7369   32  191 10566.0300 10355.3742  1.99%  96.7  920s
 28825 12881 10478.1134   29  239 10566.0300 10356.2675  1.99%  96.9  926s
 28957 12931 10488.6212   34  200 10566.0300 10356.5896  1.98%  97.0  932s
 29108 12974 10542.6804   40  132 10566.0300 10357.5713  1.97%  97.0  938s
 29285 13040 10493.7149   40   80 10566.0300 10358.1886  1.97%  97.0  944s
 29473 13084 10448.3837   20  188 10566.0300 10358.7570  1.96%  96.9  951s
 29615 13168 10561.5316   33    8 10566.0300 10359.1330  1.96%  97.0  957s
 29800 13223 10513.8029   28  163 10566.0300 10359.7457  1.95%  96.9  964s
 29973 13273     cutoff   49      10566.0300 10360.1202  1.95%  97.0  970s
 30118 13307 10538.4488   29  166 10566.0300 10360.5695  1.94%  97.1  976s
 30282 13353 10424.9591   27  262 10566.0300 10360.9054  1.94%  97.1  982s
 30423 13408     cutoff   44      10566.0300 10361.5895  1.93%  97.2  989s
 30548 13439     cutoff   34      10566.0300 10361.9541  1.93%  97.3  995s
 30738 13491     cutoff   35      10566.0300 10362.5002  1.93%  97.2 1001s
 30876 13524     cutoff   40      10566.0300 10362.9386  1.92%  97.3 1007s
 31014 13547 10474.5537   23  110 10566.0300 10363.4098  1.92%  97.3 1013s
 31108 13600     cutoff   35      10566.0300 10364.0414  1.91%  97.4 1019s
 31246 13636 10541.1821   37  191 10566.0300 10364.5592  1.91%  97.5 1025s
 31426 13667     cutoff   30      10566.0300 10365.0475  1.90%  97.5 1032s
 31582 13694     cutoff   32      10566.0300 10365.7715  1.90%  97.6 1040s
 31741 13716     cutoff   35      10566.0300 10366.3193  1.89%  97.6 1045s
 31864 13738     cutoff   35      10566.0300 10366.6135  1.89%  97.8 1052s
 32009 13760 10543.0127   32   79 10566.0300 10366.9439  1.88%  97.8 1059s
 32139 13803     cutoff   30      10566.0300 10367.5203  1.88%  98.0 1065s
 32292 13848 10483.4500   26  195 10566.0300 10367.7198  1.88%  98.0 1071s
 32441 13882 10518.8631   28  181 10566.0300 10368.1568  1.87%  98.1 1078s
 32606 13941     cutoff   44      10566.0300 10368.8482  1.87%  98.1 1084s
 32693 13941 10507.5483   39  156 10566.0300 10369.1831  1.86%  98.0 1085s
 32781 13967     cutoff   40      10566.0300 10369.2161  1.86%  98.0 1091s
 32911 14006 10463.2407   30   65 10566.0300 10369.5667  1.86%  98.2 1097s
 33068 14049 10426.0219   29  257 10566.0300 10370.3104  1.85%  98.2 1103s
 33212 14074 10526.6258   28   83 10566.0300 10370.6730  1.85%  98.3 1109s
 33352 14110 10553.4945   24  173 10566.0300 10370.9823  1.85%  98.4 1115s
 33498 14148 10425.6122   20  191 10566.0300 10371.3899  1.84%  98.4 1121s
 33650 14187     cutoff   51      10566.0300 10371.8366  1.84%  98.4 1127s
 33792 14227 10450.0729   27  240 10566.0300 10372.4769  1.83%  98.5 1134s
 33937 14269     cutoff   30      10566.0300 10372.9015  1.83%  98.6 1141s
 34112 14305 10487.7048   18   72 10566.0300 10373.3402  1.82%  98.7 1152s
 34205 14328 10561.3386   26  111 10566.0300 10373.5261  1.82%  98.7 1158s
 34346 14397 10524.0458   46   60 10566.0300 10373.5994  1.82%  98.8 1165s
 34510 14467     cutoff   21      10566.0300 10373.9072  1.82%  98.8 1172s
 34683 14485 10480.9693   24  187 10566.0300 10374.6006  1.81%  98.8 1179s
 34855 14506     cutoff   33      10566.0300 10374.8606  1.81%  98.8 1185s
 34984 14545     cutoff   36      10566.0300 10375.5386  1.80%  98.9 1191s
 35130 14585     cutoff   34      10566.0300 10376.2592  1.80%  98.9 1198s
 35264 14636     cutoff   39      10566.0300 10376.4674  1.79%  99.0 1204s
 35422 14642 10551.9175   38   50 10566.0300 10376.9837  1.79%  99.1 1210s
 35569 14677 infeasible   40      10566.0300 10377.6546  1.78%  99.1 1217s
 35730 14715 10519.9532   24  192 10566.0300 10378.2838  1.78%  99.2 1225s
 35890 14747     cutoff   34      10566.0300 10378.4347  1.78%  99.2 1232s
 36058 14778     cutoff   28      10566.0300 10378.7130  1.77%  99.3 1238s
 36215 14826 10525.3989   27   39 10566.0300 10379.0852  1.77%  99.3 1245s
 36374 14822     cutoff   40      10566.0300 10379.6336  1.76%  99.3 1314s
 36432 14875 10476.7990   28  124 10566.0300 10379.8753  1.76%  99.4 1321s
 36576 14904 10540.4733   33   87 10566.0300 10380.3097  1.76%  99.5 1328s
 36724 14932     cutoff   23      10566.0300 10380.8061  1.75%   100 1335s
 36887 14974 10545.3050   24  115 10566.0300 10381.3800  1.75%   100 1342s
 37056 15045 10535.5375   32   65 10566.0300 10381.5939  1.75%   100 1350s
 37236 15058     cutoff   38      10566.0300 10381.9392  1.74%   100 1357s
 37380 15085 10509.7403   34  188 10566.0300 10382.3497  1.74%   100 1363s
 37507 15134 10524.8610   30   18 10566.0300 10382.6262  1.74%   100 1370s
 37672 15158 10497.9591   26  174 10566.0300 10383.2624  1.73%   100 1377s
 37838 15196 10477.7437   25  124 10566.0300 10383.8429  1.72%   100 1384s
 37985 15241     cutoff   34      10566.0300 10384.1558  1.72%   100 1391s
 38151 15256 infeasible   45      10566.0300 10384.7694  1.72%   100 1398s
 38278 15285     cutoff   27      10566.0300 10385.0234  1.71%   100 1405s
 38433 15344 10490.1430   34   37 10566.0300 10385.5032  1.71%   100 1413s
 38611 15389     cutoff   32      10566.0300 10385.9995  1.70%   100 1420s
 38780 15431 10505.1689   34   49 10566.0300 10386.5373  1.70%   100 1427s
 38937 15474 10550.8546   31  128 10566.0300 10386.9276  1.70%   100 1434s
 39084 15512 10541.6888   22  203 10566.0300 10387.3164  1.69%   101 1441s
 39251 15535     cutoff   33      10566.0300 10387.8758  1.69%   101 1449s
 39436 15557     cutoff   33      10566.0300 10388.1917  1.68%   101 1457s
 39584 15586 10532.8799   33  103 10566.0300 10388.4799  1.68%   101 1465s
 39729 15668     cutoff   35      10566.0300 10388.9772  1.68%   101 1472s
 39920 15705     cutoff   39      10566.0300 10389.3578  1.67%   101 1479s
 39985 15705 10530.1842   36  143 10566.0300 10389.9331  1.67%   101 1480s
 40078 15760 10482.3866   31   94 10566.0300 10389.9680  1.67%   101 1488s
 40264 15779     cutoff   29      10566.0300 10390.2812  1.66%   101 1495s
 40418 15812 10520.0094   30   79 10566.0300 10390.7050  1.66%   101 1503s
 40597 15863     cutoff   36      10566.0300 10391.3918  1.65%   101 1511s
 40779 15910     cutoff   23      10566.0300 10391.7000  1.65%   101 1519s
 40915 15914 10515.6379   29  196 10566.0300 10391.9527  1.65%   101 1520s
 40959 15958     cutoff   36      10566.0300 10391.9762  1.65%   101 1527s
 41126 16015 10531.0979   31  194 10566.0300 10392.3360  1.64%   101 1535s
 41312 16062 10421.5474   26  230 10566.0300 10392.6356  1.64%   101 1542s
 41478 16124 10499.3458   44  141 10566.0300 10392.9544  1.64%   101 1551s
 41691 16178     cutoff   34      10566.0300 10393.3546  1.63%   101 1559s
 41760 16178 10537.7364   36   24 10566.0300 10393.3546  1.63%   101 1560s
 41896 16211 10496.9215   31  120 10566.0300 10393.8508  1.63%   101 1567s
 42053 16231 10533.1338   26  138 10566.0300 10394.0938  1.63%   101 1575s
 42216 16263 10507.2299   30  228 10566.0300 10394.7647  1.62%   101 1582s
 42375 16339 10473.3856   34   84 10566.0300 10395.2441  1.62%   101 1590s
 42567 16365     cutoff   38      10566.0300 10395.4181  1.61%   101 1598s
 42768 16395 10527.2083   33   88 10566.0300 10395.8233  1.61%   101 1606s
 42908 16415     cutoff   41      10566.0300 10396.0616  1.61%   101 1613s
 43082 16466 10486.2697   35  216 10566.0300 10396.6195  1.60%   101 1621s
 43272 16480 10555.6689   36   36 10566.0300 10396.8048  1.60%   101 1629s
 43464 16520     cutoff   33      10566.0300 10397.2342  1.60%   101 1637s
 43647 16580 10536.9100   30    - 10566.0300 10397.6793  1.59%   101 1644s
 43822 16609 10550.2115   30   53 10566.0300 10397.9004  1.59%   101 1652s
 43956 16668     cutoff   34      10566.0300 10398.4273  1.59%   101 1660s
 44132 16714 10489.4587   37  102 10566.0300 10398.7416  1.58%   101 1668s
 44315 16745 10542.2254   41  149 10566.0300 10399.0225  1.58%   101 1676s
 44485 16780     cutoff   24      10566.0300 10399.3554  1.58%   101 1684s
 44625 16823 10520.7936   36  160 10566.0300 10399.5148  1.58%   102 1692s
 44809 16837     cutoff   27      10566.0300 10400.0807  1.57%   102 1700s
 44938 16875     cutoff   26      10566.0300 10400.2727  1.57%   102 1708s
 45108 16898     cutoff   25      10566.0300 10400.6760  1.56%   102 1715s
 45259 16927 10512.7584   20  224 10566.0300 10401.2370  1.56%   102 1723s
 45405 16992     cutoff   54      10566.0300 10401.6256  1.56%   102 1731s
 45600 17027 10537.6416   31  165 10566.0300 10401.8581  1.55%   102 1740s
 45763 17073     cutoff   41      10566.0300 10402.1310  1.55%   102 1748s
 45962 17104 10505.4494   24  187 10566.0300 10402.3032  1.55%   102 1756s
 46104 17145 10529.3025   26  124 10566.0300 10402.5244  1.55%   102 1765s
 46273 17173 10477.3364   36   12 10566.0300 10402.7667  1.55%   102 1772s
 46461 17224     cutoff   49      10566.0300 10403.0920  1.54%   102 1780s
 46652 17244     cutoff   43      10566.0300 10403.4200  1.54%   102 1788s
 46793 17279     cutoff   30      10566.0300 10403.8978  1.53%   102 1796s
 46958 17323     cutoff   36      10566.0300 10404.4837  1.53%   102 1804s
 47126 17361     cutoff   27      10566.0300 10404.7752  1.53%   102 1812s
 47301 17381 10460.1630   30  128 10566.0300 10405.1227  1.52%   102 1821s
 47508 17402 10552.2888   32  174 10566.0300 10405.3191  1.52%   102 1830s
 47683 17419     cutoff   41      10566.0300 10405.8032  1.52%   102 1838s
 47845 17447 10533.6120   44  140 10566.0300 10406.1570  1.51%   102 1846s
 48014 17483 10426.3806   23  137 10566.0300 10406.4955  1.51%   102 1856s
 48156 17527 10544.6052   28  172 10566.0300 10406.7294  1.51%   102 1877s
 48333 17566 10504.2969   40   61 10566.0300 10407.0757  1.50%   102 1886s
 48544 17619 infeasible   45      10566.0300 10407.4453  1.50%   102 1894s
 48604 17619 10551.2651   32   75 10566.0300 10407.4453  1.50%   102 1895s
 48760 17677 10450.8156   39  169 10566.0300 10407.7568  1.50%   102 1903s
 48919 17705     cutoff   30      10566.0300 10407.9299  1.50%   102 1912s
 49098 17744     cutoff   30      10566.0300 10408.2025  1.49%   102 1920s
 49305 17801     cutoff   32      10566.0300 10408.3697  1.49%   102 1928s
 49524 17839 10457.4444   21   57 10566.0300 10408.8155  1.49%   102 1937s
H49627 17586                    10561.940000 10408.8155  1.45%   102 1937s
 49693 17657 10480.2242   41  154 10561.9400 10409.2188  1.45%   102 1946s
 49896 17683     cutoff   27      10561.9400 10409.4695  1.44%   102 1955s
 50034 17680 10521.3596   24  140 10561.9400 10409.7000  1.44%   102 1965s
 50073 17719 10545.2369   26  153 10561.9400 10409.7494  1.44%   102 1973s
 50254 17746     cutoff   25      10561.9400 10410.0520  1.44%   102 1980s
 50425 17771     cutoff   41      10561.9400 10410.4467  1.43%   102 1988s
 50591 17800 10445.6511   26  206 10561.9400 10411.1436  1.43%   102 1997s
 50750 17841 10449.1869   28  290 10561.9400 10411.5361  1.42%   103 2006s
 50950 17884 10527.0100   30    - 10561.9400 10411.8230  1.42%   103 2016s
 51173 17933     cutoff   35      10561.9400 10412.1962  1.42%   102 2025s
 51362 17972 10558.1854   31   10 10561.9400 10412.3876  1.42%   103 2033s
 51547 18001 10532.0365   33  145 10561.9400 10412.7366  1.41%   103 2041s
 51715 18066     cutoff   24      10561.9400 10413.1688  1.41%   103 2050s
 51893 18105     cutoff   39      10561.9400 10413.3319  1.41%   103 2059s
 52075 18165     cutoff   44      10561.9400 10413.7564  1.40%   103 2068s
 52276 18172 10490.4213   29   97 10561.9400 10414.1412  1.40%   103 2077s
 52429 18200 10486.2368   20   92 10561.9400 10414.5808  1.40%   103 2087s
 52592 18247 10499.3887   32  124 10561.9400 10414.7318  1.39%   103 2096s
 52802 18272     cutoff   34      10561.9400 10415.0451  1.39%   103 2106s
 52997 18306 10550.9198   33   98 10561.9400 10415.3151  1.39%   103 2114s
 53197 18353 10481.9099   20  211 10561.9400 10415.6679  1.38%   103 2125s
 53418 18394     cutoff   41      10561.9400 10415.8393  1.38%   103 2134s
 53598 18429     cutoff   36      10561.9400 10416.1642  1.38%   103 2142s
 53789 18460 10462.8070   24  233 10561.9400 10416.4108  1.38%   103 2153s
 53865 18488 10547.2006   37  136 10561.9400 10416.5452  1.38%   103 2162s
 54048 18510 10493.9658   27  172 10561.9400 10416.7180  1.37%   103 2171s
 54233 18524     cutoff   25      10561.9400 10416.9686  1.37%   103 2180s
 54385 18550     cutoff   26      10561.9400 10417.2960  1.37%   103 2188s
 54545 18571 10472.4686   37  176 10561.9400 10417.8750  1.36%   103 2197s
 54719 18583 10529.0069   36  206 10561.9400 10418.3794  1.36%   103 2206s
 54843 18629 10547.1409   32  142 10561.9400 10418.6248  1.36%   103 2215s
 55045 18646 10477.2221   25  228 10561.9400 10419.0162  1.35%   103 2224s
 55122 18646 10534.0902   22   84 10561.9400 10419.3336  1.35%   103 2225s
 55210 18676 10542.2290   22  205 10561.9400 10419.3448  1.35%   103 2234s
 55401 18708 10549.0834   27  224 10561.9400 10419.6655  1.35%   103 2242s
 55572 18741     cutoff   35      10561.9400 10419.8999  1.34%   103 2252s
 55768 18754 10543.7736   38   95 10561.9400 10420.1498  1.34%   103 2261s
 55936 18768 10552.4775   35  160 10561.9400 10420.5233  1.34%   103 2270s
 56101 18833     cutoff   39      10561.9400 10420.9261  1.34%   103 2279s
 56338 18850 10544.5965   30  127 10561.9400 10421.3042  1.33%   103 2288s
 56505 18901 10505.3939   29  153 10561.9400 10421.5068  1.33%   103 2297s
 56702 18916     cutoff   35      10561.9400 10421.9003  1.33%   103 2307s
 56888 18955 10462.6284   29  116 10561.9400 10422.1573  1.32%   103 2317s
 57073 18987     cutoff   39      10561.9400 10422.3886  1.32%   103 2326s
