




arguments: ./build/bc_mirp -f ./input/orig_exec_151.cfg
Current dir: /scratch/gui/bc_mirp
File verbosity level: 9
date       time         ( uptime  ) [ thread name/id ]                   file:line     v| 
2021-02-08 05:45:19.111 (   0.151s) [main thread     ]             loguru.cpp:789   INFO| Logging to './output/vi_vc+cos/OU/V2/Original/execution_08_02_2021_05_45_19.log', mode: 'a', verbosity: 9
--------------------------------------------------------------------------------
Parameters
                           instance_path           ./input/Instances/Original/4/
                            model_policy                                       1
                             nb_vehicles                                       2
                              output_dir      ./output/vi_vc+cos/OU/V2/Original/
                            sec_strategy                                       1
                       solver_nb_threads                                       2
                         solver_show_log                                    true
                       solver_time_limit                                    3600
                              use_vi_cos                                    true
                              use_vi_cus                                   false
                         use_vi_hc1_full                                   false
                         use_vi_hc1_half                                   false
                      use_vi_hc1_quarter                                   false
                              use_vi_hc2                                   false
                              use_vi_hc3                                   false
                         use_vi_lex_full                                   false
                         use_vi_lex_half                                   false
                      use_vi_lex_quarter                                   false
                              use_vi_qua                                   false
                               use_vi_vc                                    true
                               use_vi_vr                                   false
--------------------------------------------------------------------------------
executing instance: ./input/Instances/Original/4/absH3low_3n30.dat
--------------------------------------------------------------------------------
Instance details
n	31
H	3
C	2841
Li:
[0, 0, 0, 0, 0, 0, 0, 0, 0, 0, 0, 0, 0, 0, 0, 0, 0, 0, 0, 0, 0, 0, 0, 0, 0, 0, 0, 0, 0, 0, 0, ]
Ui:
[0, 246, 98, 54, 144, 171, 192, 180, 165, 98, 122, 198, 297, 144, 130, 129, 219, 138, 142, 150, 108, 66, 64, 285, 180, 204, 276, 168, 240, 198, 122, ]
Distance matrix:
|0	172	56	166	260	198	42	197	296	110	91	112	238	275	323	183	330	232	175	181	162	191	232	280	201	139	356	185	266	216	26	|
|172	0	178	223	320	335	153	355	444	62	231	99	333	376	214	352	176	235	194	106	47	41	353	161	299	175	225	43	326	374	153	|
|56	178	0	110	204	162	93	233	336	125	144	148	187	226	358	180	313	284	123	152	182	185	282	252	256	88	329	177	210	251	42	|
|166	223	110	0	102	150	199	327	431	194	253	237	113	156	431	228	296	386	44	140	248	208	389	218	366	48	287	200	108	344	148	|
|260	320	204	102	0	156	296	391	493	296	340	339	66	90	531	263	362	486	127	226	349	300	469	278	454	148	334	292	6	406	245	|
|198	335	162	150	156	0	239	255	351	286	245	307	93	106	518	111	442	423	194	280	344	335	349	367	352	182	437	327	158	266	199	|
|42	153	93	199	296	239	0	203	296	91	82	76	278	316	284	217	322	191	201	186	133	180	217	281	177	165	356	175	302	222	52	|
|197	355	233	327	391	255	203	0	104	294	125	266	340	361	436	151	524	276	352	377	330	383	109	477	146	319	553	377	395	19	222	|
|296	444	336	431	493	351	296	104	0	384	214	348	440	456	488	241	617	315	456	476	412	475	113	575	176	422	651	470	497	88	322	|
|110	62	125	194	296	286	91	294	384	0	171	55	298	340	238	292	233	210	176	118	58	91	298	201	248	148	273	87	302	313	94	|
|91	231	144	253	340	245	82	125	214	171	0	141	307	339	324	184	403	187	266	266	204	261	140	363	114	230	438	256	346	144	116	|
|112	99	148	237	339	307	76	266	348	55	141	0	332	373	212	292	275	156	225	173	64	137	254	253	200	194	322	135	345	284	108	|
|238	333	187	113	66	93	278	340	440	298	307	332	0	43	536	203	404	469	153	253	354	321	427	322	420	160	385	313	67	353	229	|
|275	376	226	156	90	106	316	361	456	340	339	373	43	0	578	216	443	507	194	295	397	364	453	361	451	203	421	356	88	372	268	|
|323	214	358	431	531	518	284	436	488	238	324	212	536	578	0	498	309	176	407	320	183	245	376	344	312	383	379	251	537	451	319	|
|183	352	180	228	263	111	217	151	241	292	184	292	203	216	498	0	492	371	266	328	345	364	255	426	272	242	501	356	266	159	198	|
|330	176	313	296	362	442	322	524	617	233	403	275	404	443	309	492	0	397	253	164	218	142	529	84	475	260	72	147	367	543	306	|
|232	235	284	386	486	423	191	276	315	210	187	156	469	507	176	371	397	0	379	327	188	276	202	396	139	346	456	277	492	289	242	|
|175	194	123	44	127	194	201	352	456	176	266	225	153	194	407	266	253	379	0	101	225	174	405	174	375	36	244	166	133	370	152	|
|181	106	152	140	226	280	186	377	476	118	266	173	253	295	320	328	164	327	101	0	148	76	403	100	360	98	177	69	232	396	155	|
|162	47	182	248	349	344	133	330	412	58	204	64	354	397	183	345	218	188	225	148	0	89	316	208	259	201	270	90	355	348	149	|
|191	41	185	208	300	335	180	383	475	91	261	137	321	364	245	364	142	276	174	76	89	0	388	119	336	162	185	8	306	402	169	|
|232	353	282	389	469	349	217	109	113	298	140	254	427	453	376	255	529	202	405	403	316	388	0	497	64	369	570	384	474	112	256	|
|280	161	252	218	278	367	281	477	575	201	363	253	322	361	344	426	84	396	174	100	208	119	497	0	449	187	77	119	283	496	255	|
|201	299	256	366	454	352	177	146	176	248	114	200	420	451	312	272	475	139	375	360	259	336	64	449	0	339	521	333	460	156	223	|
|139	175	88	48	148	182	165	319	422	148	230	194	160	203	383	242	260	346	36	98	201	162	369	187	339	0	260	153	154	337	116	|
|356	225	329	287	334	437	356	553	651	273	438	322	385	421	379	501	72	456	244	177	270	185	570	77	521	260	0	187	338	572	331	|
|185	43	177	200	292	327	175	377	470	87	256	135	313	356	251	356	147	277	166	69	90	8	384	119	333	153	187	0	298	396	163	|
|266	326	210	108	6	158	302	395	497	302	346	345	67	88	537	266	367	492	133	232	355	306	474	283	460	154	338	298	0	410	251	|
|216	374	251	344	406	266	222	19	88	313	144	284	353	372	451	159	543	289	370	396	348	402	112	496	156	337	572	396	410	0	241	|
|26	153	42	148	245	199	52	222	322	94	116	108	229	268	319	198	306	242	152	155	149	169	256	255	223	116	331	163	251	241	0	|

--------------------------------------------------------------------------------
Building model...
	using lazy and cut (CVRPSEP package)
Solving IRP LP...
--------------------------------------------------------------------------------

Gurobi 9.1.0 (linux64) logging started Mon Feb  8 05:45:19 2021

Gurobi Optimizer version 9.1.0 build v9.1.0rc0 (linux64)
Thread count: 32 physical cores, 32 logical processors, using up to 2 threads
Optimize a model with 775 rows, 3280 columns and 10768 nonzeros
Model fingerprint: 0xd14ebda7
Variable types: 304 continuous, 2976 integer (186 binary)
Coefficient statistics:
  Matrix range     [1e+00, 1e+03]
  Objective range  [1e-02, 7e+02]
  Bounds range     [1e+00, 3e+02]
  RHS range        [1e+00, 5e+03]
Presolve removed 245 rows and 122 columns
Presolve time: 0.07s
Presolved: 530 rows, 3158 columns, 10041 nonzeros
Variable types: 182 continuous, 2976 integer (2796 binary)

Root relaxation: objective 2.308438e+03, 463 iterations, 0.01 seconds

    Nodes    |    Current Node    |     Objective Bounds      |     Work
 Expl Unexpl |  Obj  Depth IntInf | Incumbent    BestBd   Gap | It/Node Time

     0     0 2308.43801    0   76          - 2308.43801      -     -    0s
     0     0 2618.63058    0   74          - 2618.63058      -     -    0s
     0     0 3112.75358    0   87          - 3112.75358      -     -    0s
     0     0 3158.80178    0  107          - 3158.80178      -     -    0s
     0     0 3212.03254    0  107          - 3212.03254      -     -    0s
     0     0 3214.23430    0   92          - 3214.23430      -     -    0s
     0     0 3301.13049    0  131          - 3301.13049      -     -    0s
     0     0 3306.49115    0  135          - 3306.49115      -     -    0s
     0     0 3308.14585    0  138          - 3308.14585      -     -    0s
     0     0 3309.29466    0  150          - 3309.29466      -     -    0s
     0     0 3310.82404    0  147          - 3310.82404      -     -    0s
     0     0 3310.82404    0  148          - 3310.82404      -     -    0s
     0     0 3430.14168    0  168          - 3430.14168      -     -    0s
     0     0 3432.05743    0  166          - 3432.05743      -     -    0s
     0     0 3432.46410    0  197          - 3432.46410      -     -    0s
     0     0 3437.97844    0  186          - 3437.97844      -     -    0s
     0     0 3437.97844    0  166          - 3437.97844      -     -    0s
     0     2 3440.60499    0  162          - 3440.60499      -     -    0s
*  378   374             149    5983.1900000 3457.84597  42.2%  48.4    3s
H  472   421                    5420.1900000 3457.84597  36.2%  52.9    4s
   501   457 4040.91318   19   64 5420.19000 3457.84597  36.2%  52.1    5s
H  782   646                    5402.1900000 3463.99269  35.9%  49.9    8s
   796   655 4901.32483  130  291 5402.19000 3595.43290  33.4%  49.0   10s
H  812   633                    5401.1900000 3600.93361  33.3%  53.3   12s
   831   645 4115.65899   23  328 5401.19000 3605.41537  33.2%  52.1   15s
   851   662 3635.79612   32  257 5401.19000 3633.99922  32.7%  58.0   20s
* 1087   781             114    4614.4200000 3649.08521  20.9%  64.0   24s
  1091   784 4206.12000   67    6 4614.42000 3649.08521  20.9%  63.8   25s
H 1158   733                    4382.7400000 3655.56965  16.6%  63.7   26s
  1321   829 4076.74929   36  223 4382.74000 3662.21054  16.4%  72.3   30s
H 1592   875                    4354.7400000 3699.55204  15.0%  77.7   35s
H 1680   861                    4347.7400000 3699.55204  14.9%  80.5   37s
  1758   893 4131.16573   40  196 4347.74000 3712.11621  14.6%  82.7   40s
  1883   974 4140.97500   47   20 4347.74000 3734.80915  14.1%  88.8   45s
* 2035   970              68    4340.9100000 3752.21208  13.6%  90.2   49s
  2060   972     cutoff   68      4340.91000 3752.88211  13.5%  90.8   50s
H 2238   966                    4303.7300000 3763.78925  12.5%  90.8   54s
H 2310   971                    4300.7300000 3766.51838  12.4%  90.0   55s
H 2336   303                    3989.7300000 3767.04670  5.58%  89.8   55s
H 2410   248                    3987.4600000 3788.44162  4.99%  93.4   58s
  2446   249 3954.91974   38  153 3987.46000 3795.76438  4.81%  96.7   60s
* 2574   195              54    3956.8500000 3818.07059  3.51%   101   65s
  2676   166     cutoff   40      3956.85000 3853.84427  2.60%   105   70s
* 2757   136              55    3956.7000000 3865.88807  2.30%   104   71s
* 2884   108              51    3916.8500000 3902.03059  0.38%   104   73s
* 2910     0              53    3916.6100000 3903.12000  0.34%   103   74s
* 2958     0              50    3914.8500000 3914.85000  0.00%   102   74s

Cutting planes:
  User: 2185
  Gomory: 18
  Cover: 177
  Implied bound: 56
  Projected implied bound: 1
  Clique: 20
  MIR: 55
  StrongCG: 1
  Flow cover: 169
  Zero half: 18
  RLT: 93
  Relax-and-lift: 4
  Lazy constraints: 470

Explored 3009 nodes (302789 simplex iterations) in 74.05 seconds
Thread count was 2 (of 32 available processors)

Solution count 10: 3914.85 3916.61 3916.85 ... 4340.91

Optimal solution found (tolerance 1.00e-04)
Best objective 3.914850000000e+03, best bound 3.914850000000e+03, gap 0.0000%

User-callback calls 14312, time in user-callback 4.43 sec
================================================================================
executing instance: ./input/Instances/Original/4/absH3low_3n10.dat
--------------------------------------------------------------------------------
Instance details
n	11
H	3
C	687
Li:
[0, 0, 0, 0, 0, 0, 0, 0, 0, 0, 0, ]
Ui:
[0, 189, 44, 174, 78, 36, 198, 117, 42, 96, 240, ]
Distance matrix:
|0	209	255	286	142	156	285	317	182	161	135	|
|209	0	464	451	315	356	490	469	361	299	260	|
|255	464	0	221	202	130	74	280	189	254	273	|
|286	451	221	0	145	156	164	479	354	153	192	|
|142	315	202	145	0	73	194	388	250	53	73	|
|156	356	130	156	73	0	134	332	200	127	144	|
|285	490	74	164	194	134	0	353	256	239	267	|
|317	469	280	479	388	332	353	0	141	436	430	|
|182	361	189	354	250	200	256	141	0	296	289	|
|161	299	254	153	53	127	239	436	296	0	39	|
|135	260	273	192	73	144	267	430	289	39	0	|

--------------------------------------------------------------------------------
Building model...
	using lazy and cut (CVRPSEP package)
Solving IRP LP...
--------------------------------------------------------------------------------

Gurobi 9.1.0 (linux64) logging started Mon Feb  8 05:46:33 2021

Gurobi Optimizer version 9.1.0 build v9.1.0rc0 (linux64)
Thread count: 32 physical cores, 32 logical processors, using up to 2 threads
Optimize a model with 275 rows, 500 columns and 1808 nonzeros
Model fingerprint: 0x243ef8df
Variable types: 104 continuous, 396 integer (66 binary)
Coefficient statistics:
  Matrix range     [1e+00, 5e+02]
  Objective range  [1e-02, 5e+02]
  Bounds range     [1e+00, 2e+02]
  RHS range        [1e+00, 1e+03]
Presolve removed 85 rows and 42 columns
Presolve time: 0.02s
Presolved: 190 rows, 458 columns, 1562 nonzeros
Variable types: 62 continuous, 396 integer (336 binary)
Found heuristic solution: objective 9106.9200000

Root relaxation: objective 1.258552e+03, 233 iterations, 0.01 seconds

    Nodes    |    Current Node    |     Objective Bounds      |     Work
 Expl Unexpl |  Obj  Depth IntInf | Incumbent    BestBd   Gap | It/Node Time

     0     0 1258.55224    0   36 9106.92000 1258.55224  86.2%     -    0s
H    0     0                    7232.9200000 1258.55224  82.6%     -    0s
     0     0 1617.65599    0   36 7232.92000 1617.65599  77.6%     -    0s
H    0     0                    5019.4700000 1617.65599  67.8%     -    0s
     0     0 1934.41244    0   67 5019.47000 1934.41244  61.5%     -    0s
     0     0 1935.99746    0   61 5019.47000 1935.99746  61.4%     -    0s
     0     0 2055.72786    0   72 5019.47000 2055.72786  59.0%     -    0s
     0     0 2076.36441    0   45 5019.47000 2076.36441  58.6%     -    0s
     0     0 2089.01289    0   80 5019.47000 2089.01289  58.4%     -    0s
     0     0 2094.19548    0   80 5019.47000 2094.19548  58.3%     -    0s
     0     0 2095.84962    0   75 5019.47000 2095.84962  58.2%     -    0s
     0     0 2095.84962    0   78 5019.47000 2095.84962  58.2%     -    0s
     0     0 2098.67930    0   68 5019.47000 2098.67930  58.2%     -    0s
H    0     0                    4827.4700000 2098.67930  56.5%     -    0s
     0     0 2101.03076    0   61 4827.47000 2101.03076  56.5%     -    0s
     0     0 2101.58738    0  102 4827.47000 2101.58738  56.5%     -    0s
     0     0 2105.83339    0   93 4827.47000 2105.83339  56.4%     -    0s
     0     0 2105.83339    0   84 4827.47000 2105.83339  56.4%     -    0s
H    0     0                    4156.1100000 2129.25623  48.8%     -    0s
     0     2 2129.25623    0   95 4156.11000 2129.25623  48.8%     -    0s
H   32    36                    3114.7100000 2129.25623  31.6%  36.8    0s
H   32    36                    3025.7100000 2129.25623  29.6%  36.8    0s
*   73    70              23    2792.3200000 2129.25623  23.7%  24.4    0s
H   95    96                    2450.1000000 2149.16117  12.3%  23.2    0s
*  298    99               6    2449.1000000 2284.08857  6.74%  23.1    0s

Cutting planes:
  User: 82
  Gomory: 2
  Cover: 59
  Implied bound: 20
  Clique: 6
  MIR: 42
  StrongCG: 3
  Flow cover: 41
  RLT: 44
  Relax-and-lift: 6
  Lazy constraints: 70

Explored 528 nodes (12396 simplex iterations) in 1.09 seconds
Thread count was 2 (of 32 available processors)

Solution count 10: 2449.1 2450.1 2792.32 ... 9106.92

Optimal solution found (tolerance 1.00e-04)
Best objective 2.449100000000e+03, best bound 2.449100000000e+03, gap 0.0000%

User-callback calls 1462, time in user-callback 0.09 sec
================================================================================
executing instance: ./input/Instances/Original/4/absH3low_3n15.dat
--------------------------------------------------------------------------------
Instance details
n	16
H	3
C	1267
Li:
[0, 0, 0, 0, 0, 0, 0, 0, 0, 0, 0, 0, 0, 0, 0, 0, ]
Ui:
[0, 156, 267, 148, 144, 87, 33, 171, 76, 141, 270, 282, 60, 110, 172, 57, ]
Distance matrix:
|0	229	567	76	58	96	306	409	310	423	108	346	165	347	159	256	|
|229	0	482	243	279	155	375	525	251	419	158	373	65	123	329	246	|
|567	482	0	506	622	483	342	439	259	200	467	274	486	433	501	312	|
|76	243	506	0	119	88	230	337	255	352	88	272	179	347	94	194	|
|58	279	622	119	0	154	345	431	366	471	166	391	217	399	179	310	|
|96	155	483	88	154	0	266	397	224	358	17	289	92	262	176	179	|
|306	375	342	230	345	266	0	158	184	148	251	68	332	423	181	140	|
|409	525	439	337	431	397	158	0	340	244	386	201	476	581	253	298	|
|310	251	259	255	366	224	184	340	0	170	208	146	238	257	274	66	|
|423	419	200	352	471	358	148	244	170	0	341	84	396	424	323	182	|
|108	158	467	88	166	17	251	386	208	341	0	273	96	259	172	162	|
|346	373	274	272	391	289	68	201	146	84	273	0	340	400	239	127	|
|165	65	486	179	217	92	332	476	238	396	96	340	0	182	267	216	|
|347	123	433	347	399	262	423	581	257	424	259	400	182	0	423	283	|
|159	329	501	94	179	176	181	253	274	323	172	239	267	423	0	208	|
|256	246	312	194	310	179	140	298	66	182	162	127	216	283	208	0	|

--------------------------------------------------------------------------------
Building model...
	using lazy and cut (CVRPSEP package)
Solving IRP LP...
--------------------------------------------------------------------------------

Gurobi 9.1.0 (linux64) logging started Mon Feb  8 05:46:34 2021

Gurobi Optimizer version 9.1.0 build v9.1.0rc0 (linux64)
Thread count: 32 physical cores, 32 logical processors, using up to 2 threads
Optimize a model with 400 rows, 970 columns and 3373 nonzeros
Model fingerprint: 0x9b00e18b
Variable types: 154 continuous, 816 integer (96 binary)
Coefficient statistics:
  Matrix range     [1e+00, 6e+02]
  Objective range  [1e-02, 6e+02]
  Bounds range     [1e+00, 3e+02]
  RHS range        [1e+00, 2e+03]
Presolve removed 125 rows and 62 columns
Presolve time: 0.04s
Presolved: 275 rows, 908 columns, 3006 nonzeros
Variable types: 92 continuous, 816 integer (726 binary)

Root relaxation: objective 1.641402e+03, 269 iterations, 0.01 seconds

    Nodes    |    Current Node    |     Objective Bounds      |     Work
 Expl Unexpl |  Obj  Depth IntInf | Incumbent    BestBd   Gap | It/Node Time

     0     0 1641.40180    0   42          - 1641.40180      -     -    0s
     0     0 1898.05136    0   35          - 1898.05136      -     -    0s
     0     0 2329.00829    0   44          - 2329.00829      -     -    0s
     0     0 2339.96501    0   56          - 2339.96501      -     -    0s
     0     0 2397.11562    0   62          - 2397.11562      -     -    0s
     0     0 2397.27464    0   57          - 2397.27464      -     -    0s
     0     0 2472.34884    0  102          - 2472.34884      -     -    0s
     0     0 2521.96330    0   76          - 2521.96330      -     -    0s
     0     0 2531.80706    0  112          - 2531.80706      -     -    0s
     0     0 2534.36598    0  103          - 2534.36598      -     -    0s
     0     0 2537.46179    0  121          - 2537.46179      -     -    0s
     0     0 2537.56627    0  102          - 2537.56627      -     -    0s
     0     0 2575.39304    0   95          - 2575.39304      -     -    0s
     0     0 2580.81637    0  114          - 2580.81637      -     -    0s
     0     0 2580.81637    0  116          - 2580.81637      -     -    0s
     0     0 2588.66103    0  100          - 2588.66103      -     -    0s
     0     0 2592.41747    0  111          - 2592.41747      -     -    0s
     0     0 2592.41747    0  113          - 2592.41747      -     -    0s
     0     0 2595.46192    0  113          - 2595.46192      -     -    0s
     0     0 2595.46192    0  108          - 2595.46192      -     -    0s
     0     2 2609.21467    0  142          - 2609.21467      -     -    0s
*  127   124              49    4403.1900000 2685.54106  39.0%  44.2    0s
*  128   124              48    4274.1900000 2685.54106  37.2%  43.9    0s
H  226   123                    3507.0600000 2689.04565  23.3%  54.2    1s
H  274   123                    3332.6800000 2693.51913  19.2%  53.7    1s
H  322   122                    3096.6800000 2706.65908  12.6%  52.1    1s
*  466    64              15    3081.5600000 3021.84041  1.94%  52.9    2s

Cutting planes:
  User: 493
  Gomory: 7
  Cover: 124
  Implied bound: 48
  Clique: 16
  MIR: 50
  StrongCG: 1
  Flow cover: 97
  Zero half: 7
  RLT: 73
  Relax-and-lift: 3
  Lazy constraints: 140

Explored 549 nodes (26959 simplex iterations) in 2.25 seconds
Thread count was 2 (of 32 available processors)

Solution count 6: 3081.56 3096.68 3332.68 ... 4403.19

Optimal solution found (tolerance 1.00e-04)
Best objective 3.081560000000e+03, best bound 3.081560000000e+03, gap 0.0000%

User-callback calls 1672, time in user-callback 0.22 sec
================================================================================
executing instance: ./input/Instances/Original/4/absH3low_2n45.dat
--------------------------------------------------------------------------------
Instance details
n	46
H	3
C	3171
Li:
[0, 0, 0, 0, 0, 0, 0, 0, 0, 0, 0, 0, 0, 0, 0, 0, 0, 0, 0, 0, 0, 0, 0, 0, 0, 0, 0, 0, 0, 0, 0, 0, 0, 0, 0, 0, 0, 0, 0, 0, 0, 0, 0, 0, 0, 0, ]
Ui:
[0, 246, 160, 78, 20, 87, 144, 40, 20, 82, 60, 96, 24, 136, 160, 108, 160, 26, 228, 51, 24, 240, 231, 70, 32, 105, 174, 114, 246, 126, 132, 76, 22, 42, 255, 132, 148, 162, 66, 111, 102, 240, 123, 201, 297, 78, ]
Distance matrix:
|0	148	402	550	329	420	187	318	366	280	504	273	233	333	112	344	379	481	113	593	159	523	261	424	90	359	163	461	413	240	105	299	265	89	371	462	339	273	495	22	41	439	369	506	563	468	|
|148	0	284	517	394	284	136	369	244	311	496	166	329	355	223	202	338	388	204	565	254	506	118	346	71	423	173	471	336	118	105	352	198	105	248	428	302	305	487	153	179	441	230	497	517	370	|
|402	284	0	350	448	80	228	406	42	343	382	129	456	350	412	126	219	131	382	395	410	371	180	137	314	466	289	400	137	167	389	401	169	316	39	280	217	342	373	394	414	362	108	380	324	106	|
|550	517	350	0	339	429	385	308	374	295	93	375	431	249	481	461	180	239	458	48	445	57	474	214	496	333	387	160	216	424	601	321	320	471	376	90	217	301	93	530	534	146	452	88	52	262	|
|329	394	448	339	0	513	282	42	438	105	255	363	115	108	221	484	259	431	217	365	172	289	436	362	333	30	224	189	353	380	423	47	291	296	443	285	240	107	251	307	294	193	495	260	378	437	|
|420	284	80	429	513	0	267	473	76	408	462	163	509	421	449	86	298	201	421	474	455	451	167	217	330	533	333	478	217	181	386	466	225	341	70	360	291	406	453	416	438	440	59	460	400	176	|
|187	136	228	385	282	267	0	249	199	186	360	104	248	224	184	214	207	294	155	432	189	371	155	237	113	308	68	336	227	101	216	236	78	98	205	296	168	181	350	174	190	305	231	360	390	283	|
|318	369	406	308	42	473	249	0	397	66	229	325	128	67	216	447	218	389	206	337	168	260	402	320	311	61	196	167	311	345	406	19	252	275	403	248	198	70	223	296	286	164	457	233	344	395	|
|366	244	42	374	438	76	199	397	0	332	397	96	436	346	383	90	228	168	354	420	385	389	139	161	277	458	263	408	158	128	349	391	150	282	6	298	218	331	388	359	380	370	78	395	352	144	|
|280	311	343	295	105	408	186	66	332	0	231	259	142	53	191	380	171	337	173	332	150	257	337	267	258	127	139	182	258	280	359	58	186	223	338	222	143	6	224	258	254	164	390	234	323	340	|
|504	496	382	93	255	462	360	229	397	231	0	375	356	180	422	478	173	293	403	110	381	36	474	248	463	245	345	68	246	419	568	244	308	433	400	104	200	237	9	482	482	67	474	5	142	312	|
|273	166	129	375	363	163	104	325	96	259	375	0	347	283	288	121	202	221	259	423	292	376	99	183	186	386	170	370	175	52	269	315	76	187	102	288	177	256	365	265	285	333	133	374	365	204	|
|233	329	456	431	115	509	248	128	436	142	356	347	0	181	121	462	311	472	128	463	76	386	398	403	260	141	180	294	392	349	334	111	287	224	442	362	280	139	350	212	194	289	479	360	463	472	|
|333	355	350	249	108	421	224	67	346	53	180	283	181	0	244	403	152	324	226	283	201	207	369	256	307	118	186	129	247	311	409	74	208	273	351	183	136	59	173	311	307	113	410	183	282	331	|
|112	223	412	481	221	449	184	216	383	191	422	288	121	244	0	387	327	461	30	521	49	447	313	396	152	250	125	371	385	273	214	196	249	121	389	400	288	185	415	91	74	355	408	425	503	454	|
|344	202	126	461	484	86	214	447	90	380	478	121	462	403	387	0	305	256	360	508	400	473	84	250	255	507	282	482	246	115	302	437	196	271	90	382	288	377	469	343	367	444	28	476	441	232	|
|379	338	219	180	259	298	207	218	228	171	173	202	311	152	327	305	0	172	301	227	300	174	302	105	318	270	217	180	97	249	423	221	141	296	232	90	40	173	164	361	368	142	303	172	184	180	|
|481	388	131	239	431	201	294	389	168	337	293	221	472	324	461	256	172	0	432	280	446	273	300	70	400	442	337	330	80	271	490	391	217	391	167	191	194	339	286	468	483	294	239	289	203	26	|
|113	204	382	458	217	421	155	206	354	173	403	259	128	226	30	360	301	432	0	499	52	426	287	367	133	246	95	355	356	246	208	187	219	100	360	376	261	167	395	90	81	337	381	406	478	425	|
|593	565	395	48	365	474	432	337	420	332	110	423	463	283	521	508	227	280	499	0	482	77	521	260	542	356	431	178	262	472	647	352	368	516	422	137	264	338	114	573	576	174	499	106	78	304	|
|159	254	410	445	172	455	189	168	385	150	381	292	76	201	49	400	300	446	52	482	0	407	331	378	184	201	122	327	367	286	258	149	242	150	391	367	263	144	374	137	122	314	419	384	470	441	|
|523	506	371	57	289	451	371	260	389	257	36	376	386	207	447	473	174	273	426	77	407	0	475	234	477	280	363	104	234	422	583	275	313	449	392	91	205	263	38	503	504	97	468	31	108	294	|
|261	118	180	474	436	167	155	402	139	337	474	99	398	369	313	84	302	300	287	521	331	475	0	275	173	462	220	465	268	58	219	390	168	193	142	388	275	333	464	261	286	430	111	473	462	279	|
|424	346	137	214	362	217	237	320	161	267	248	183	403	256	396	250	105	70	367	260	378	234	275	0	348	374	274	274	11	234	444	321	159	335	163	145	124	269	239	409	422	237	239	245	191	76	|
|90	71	314	496	333	330	113	311	277	258	463	186	260	307	152	255	318	400	133	542	184	477	173	348	0	362	121	430	338	150	106	293	190	37	282	406	279	252	454	88	113	403	280	464	502	386	|
|359	423	466	333	30	533	308	61	458	127	245	386	141	118	250	507	270	442	246	356	201	280	462	374	362	0	252	178	365	406	453	73	313	325	463	286	254	130	242	336	324	187	517	250	374	449	|
|163	173	289	387	224	333	68	196	263	139	345	170	180	186	125	282	217	337	95	431	122	363	220	274	121	252	0	310	263	168	225	180	124	88	269	300	177	133	337	144	152	284	299	347	400	330	|
|461	471	400	160	189	478	336	167	408	182	68	370	294	129	371	482	180	330	355	178	327	104	465	274	430	178	310	0	269	408	534	184	297	398	412	142	194	188	66	439	436	38	482	73	206	345	|
|413	336	137	216	353	217	227	311	158	258	246	175	392	247	385	246	97	80	356	262	367	234	268	11	338	365	263	269	0	226	434	312	149	324	160	143	115	259	237	399	411	232	237	243	196	84	|
|240	118	167	424	380	181	101	345	128	280	419	52	349	311	273	115	249	271	246	472	286	422	58	234	150	406	168	408	226	0	223	333	111	160	133	336	219	276	409	235	258	373	136	418	416	252	|
|105	105	389	601	423	386	216	406	349	359	568	269	334	409	214	302	423	490	208	647	258	583	219	444	106	453	225	534	434	223	0	388	289	137	353	511	384	353	559	123	145	508	330	570	606	473	|
|299	352	401	321	47	466	236	19	391	58	244	315	111	74	196	437	221	391	187	352	149	275	390	321	293	73	180	184	312	333	388	0	243	257	396	258	197	60	238	276	267	178	448	248	355	395	|
|265	198	169	320	291	225	78	252	150	186	308	76	287	208	249	196	141	217	219	368	242	313	168	159	190	313	124	297	149	111	289	243	0	176	156	231	109	183	299	251	266	262	205	308	319	207	|
|89	105	316	471	296	341	98	275	282	223	433	187	224	273	121	271	296	391	100	516	150	449	193	335	37	325	88	398	324	160	137	257	176	0	287	382	256	217	424	78	98	372	295	434	480	379	|
|371	248	39	376	443	70	205	403	6	338	400	102	442	351	389	90	232	167	360	422	391	392	142	163	282	463	269	412	160	133	353	396	156	287	0	301	222	336	391	365	386	374	77	398	353	143	|
|462	428	280	90	285	360	296	248	298	222	104	288	362	183	400	382	90	191	376	137	367	91	388	145	406	286	300	142	143	336	511	258	231	382	301	0	127	226	96	443	448	110	376	100	103	209	|
|339	302	217	217	240	291	168	198	218	143	200	177	280	136	288	288	40	194	261	264	263	205	275	124	279	254	177	194	115	219	384	197	109	256	222	127	0	145	190	321	328	157	289	199	224	198	|
|273	305	342	301	107	406	181	70	331	6	237	256	139	59	185	377	173	339	167	338	144	263	333	269	252	130	133	188	259	276	353	60	183	217	336	226	145	0	230	251	248	170	388	240	328	341	|
|495	487	373	93	251	453	350	223	388	224	9	365	350	173	415	469	164	286	395	114	374	38	464	239	454	242	337	66	237	409	559	238	299	424	391	96	190	230	0	474	474	61	465	11	141	305	|
|22	153	394	530	307	416	174	296	359	258	482	265	212	311	91	343	361	468	90	573	137	503	261	409	88	336	144	439	399	235	123	276	251	78	365	443	321	251	474	0	26	418	367	485	544	456	|
|41	179	414	534	294	438	190	286	380	254	482	285	194	307	74	367	368	483	81	576	122	504	286	422	113	324	152	436	411	258	145	267	266	98	386	448	328	248	474	26	0	416	391	484	550	472	|
|439	441	362	146	193	440	305	164	370	164	67	333	289	113	355	444	142	294	337	174	314	97	430	237	403	187	284	38	232	373	508	178	262	372	374	110	157	170	61	418	416	0	444	71	187	309	|
|369	230	108	452	495	59	231	457	78	390	474	133	479	410	408	28	303	239	381	499	419	468	111	239	280	517	299	482	237	136	330	448	205	295	77	376	289	388	465	367	391	444	0	472	429	214	|
|506	497	380	88	260	460	360	233	395	234	5	374	360	183	425	476	172	289	406	106	384	31	473	245	464	250	347	73	243	418	570	248	308	434	398	100	199	240	11	485	484	71	472	0	137	309	|
|563	517	324	52	378	400	390	344	352	323	142	365	463	282	503	441	184	203	478	78	470	108	462	191	502	374	400	206	196	416	606	355	319	480	353	103	224	328	141	544	550	187	429	137	0	228	|
|468	370	106	262	437	176	283	395	144	340	312	204	472	331	454	232	180	26	425	304	441	294	279	76	386	449	330	345	84	252	473	395	207	379	143	209	198	341	305	456	472	309	214	309	228	0	|

--------------------------------------------------------------------------------
Building model...
	using lazy and cut (CVRPSEP package)
Solving IRP LP...
--------------------------------------------------------------------------------

Gurobi 9.1.0 (linux64) logging started Mon Feb  8 05:46:37 2021

Gurobi Optimizer version 9.1.0 build v9.1.0rc0 (linux64)
Thread count: 32 physical cores, 32 logical processors, using up to 2 threads
Optimize a model with 1150 rows, 6940 columns and 22213 nonzeros
Model fingerprint: 0xdc0fb00b
Variable types: 454 continuous, 6486 integer (276 binary)
Coefficient statistics:
  Matrix range     [1e+00, 2e+03]
  Objective range  [1e-02, 6e+02]
  Bounds range     [1e+00, 3e+02]
  RHS range        [1e+00, 5e+03]
Presolve removed 229 rows and 114 columns
Presolve time: 0.08s
Presolved: 921 rows, 6826 columns, 21331 nonzeros
Variable types: 340 continuous, 6486 integer (6216 binary)

Root relaxation: objective 2.539073e+03, 811 iterations, 0.02 seconds

    Nodes    |    Current Node    |     Objective Bounds      |     Work
 Expl Unexpl |  Obj  Depth IntInf | Incumbent    BestBd   Gap | It/Node Time

     0     0 2539.07262    0  132          - 2539.07262      -     -    0s
     0     0 2965.53269    0  145          - 2965.53269      -     -    0s
     0     0 2991.69223    0  140          - 2991.69223      -     -    0s
     0     0 3026.90742    0  135          - 3026.90742      -     -    0s
     0     0 3559.74178    0  172          - 3559.74178      -     -    0s
     0     0 3563.38329    0  164          - 3563.38329      -     -    0s
     0     0 3574.23777    0  175          - 3574.23777      -     -    0s
     0     0 3583.18003    0  173          - 3583.18003      -     -    0s
     0     0 3583.37877    0  177          - 3583.37877      -     -    0s
     0     0 3696.03884    0  169          - 3696.03884      -     -    0s
     0     0 3711.49336    0  188          - 3711.49336      -     -    0s
     0     0 3728.58318    0  204          - 3728.58318      -     -    0s
     0     0 3742.11798    0  199          - 3742.11798      -     -    0s
     0     0 3743.27196    0  205          - 3743.27196      -     -    0s
     0     0 3743.68782    0  215          - 3743.68782      -     -    0s
     0     0 3804.29301    0  183          - 3804.29301      -     -    1s
     0     0 3818.53521    0  231          - 3818.53521      -     -    1s
     0     0 3819.07155    0  210          - 3819.07155      -     -    1s
     0     0 3829.32288    0  210          - 3829.32288      -     -    1s
     0     0 3836.78231    0  263          - 3836.78231      -     -    1s
     0     0 3840.38634    0  257          - 3840.38634      -     -    1s
     0     0 3844.13914    0  266          - 3844.13914      -     -    1s
     0     0 3844.44645    0  243          - 3844.44645      -     -    1s
     0     0 3851.99315    0  234          - 3851.99315      -     -    1s
     0     0 3859.62193    0  303          - 3859.62193      -     -    1s
     0     0 3861.82597    0  316          - 3861.82597      -     -    1s
     0     0 3861.97237    0  312          - 3861.97237      -     -    1s
     0     0 3875.74070    0  318          - 3875.74070      -     -    2s
     0     0 3876.54428    0  304          - 3876.54428      -     -    2s
     0     0 3885.58281    0  315          - 3885.58281      -     -    2s
     0     0 3885.58281    0  303          - 3885.58281      -     -    2s
     0     2 3886.68100    0  331          - 3886.68100      -     -    3s
    37    40 3993.99512   10  191          - 3908.44324      -   252    5s
   400   448 4362.30667  149   32          - 3908.44324      -  66.5   10s
   762   736 4697.52333   89  225          - 3908.44324      -  41.4   15s
   784   751 7810.89000  254  374          - 3933.43785      -  40.2   20s
   802   763 6536.74460  169  374          - 3944.37608      -  39.3   25s
   812   772 3948.16124   13  404          - 3945.72022      -  49.2   31s
   845   796 4011.61161   22  251          - 4004.60066      -  62.7   35s
   917   847 4377.89697   36  114          - 4004.60066      -  74.6   40s
  1112   983 5400.34032   86   47          - 4004.60066      -  74.2   45s
  1291  1132 5812.41755  119   18          - 4004.60066      -  68.8   50s
  1557  1299 6159.91650  177   19          - 4004.60066      -  60.3   55s
  1809  1480 6159.98642  216   30          - 4004.60066      -  54.7   61s
  2006  1583 6865.76000  269   12          - 4004.60066      -  50.6   65s
  2233  1670 6717.47000  354   10          - 4011.85415      -  47.8   71s
  2291  1689 4212.00235   28  128          - 4011.85415      -  51.3   75s
  2363  1761 4344.02461   56   97          - 4011.85415      -  56.5   80s
  2446  1808 4770.18457   92   28          - 4011.90621      -  58.6   85s
  2530  1844 4306.18524   26  271          - 4011.90621      -  62.5   90s
  2635  1935 4374.83352   43  115          - 4011.90621      -  65.8   96s
  2781  2024 5263.89701  158   11          - 4011.90621      -  65.6  100s
  2922  2100 4672.85000  130    -          - 4011.90621      -  65.8  110s
  3077  2251 6140.38667  193   47          - 4013.53000      -  66.3  116s
  3270  2316 4438.94020   18  210          - 4013.53000      -  65.3  121s
  3337  2406 4714.64551   97    9          - 4013.53000      -  66.0  125s
  3447  2446 4224.49139   20  280          - 4013.53000      -  67.3  130s
  3514  2548 4618.87000   47   12          - 4013.53000      -  69.2  135s
  3611  2696 5072.79000   69    8          - 4013.53000      -  70.5  140s
  3781  2733 4133.22714   21  292          - 4021.99686      -  70.6  145s
  3882  2871 4269.86982   30  167          - 4021.99686      -  71.4  151s
  3953  2979 4427.72315   35   77          - 4021.99686      -  71.9  155s
  4170  3132 5937.95057  243   27          - 4021.99686      -  71.1  160s
  4333  3309 4627.54523   80   56          - 4021.99686      -  70.3  167s
  4422  3443 5392.56178  134   58          - 4026.63187      -  70.7  171s
  4634  3529 4307.02366   17  133          - 4026.63187      -  69.4  175s
  4792  3652 4724.88520   88   42          - 4026.63187      -  70.7  180s
  4941  3966 4781.61543   72   62          - 4028.48229      -  70.9  191s
  5160  3994 4374.34255   25  311          - 4028.48229      -  70.0  195s
  5220  4106 4389.32584   32  172          - 4028.48229      -  72.2  202s
  5295  4294 4522.58783   40   58          - 4028.48229      -  72.9  207s
  5518  4334 4709.34499   50   50          - 4028.48229      -  71.7  212s
  5563  4474 4939.18341   65   68          - 4028.48229      -  72.7  216s
  5701  4678 5101.83897   79   67          - 4028.48229      -  72.4  221s
  5945  4891 5112.98000  137    6          - 4029.16238      -  71.1  229s
  6005  4899 5504.91500  172    2          - 4029.16238      -  70.5  230s
  6274  4991 4180.11277   24  273          - 4029.16238      -  68.9  235s
  6362  5132 4455.10088   41   44          - 4029.16238      -  71.0  243s
  6449  5409 4731.66742   62   60          - 4029.16238      -  71.7  249s
  6529  5409 5059.10192  110   22          - 4029.16238      -  71.5  250s
  6726  5492 5652.11500  145   14          - 4031.80112      -  70.4  255s
  6893  5547 4338.37932   18  193          - 4031.94240      -  70.0  260s
  6956  5623 4693.50752   44   64          - 4031.94240      -  71.4  265s
  6992  5816 4749.49561   47   53          - 4031.94240      -  71.9  270s
  7187  6053 5610.67579   95   38          - 4031.94240      -  71.8  276s
  7429  6300 6277.09225  158   37          - 4032.89378      -  71.0  283s
  7719  6342 4157.78195   17  426          - 4033.35365      -  70.0  289s
  7744  6408 4225.95911   23  452          - 4033.35365      -  71.2  294s
  7810  6648 4399.77539   34  344          - 4033.35365      -  72.3  300s
  8092  6772 4502.17166   45  202          - 4033.35365      -  71.6  307s
  8226  6871 4604.86127   54   48          - 4033.35365      -  71.9  314s
  8316  6976 5128.44321   92  117          - 4033.35365      -  72.9  319s
  8356  6976 5243.79154  112   29          - 4033.35365      -  73.3  320s
  8420  7206 5427.98077  119   30          - 4035.48320      -  73.6  326s
  8690  7418 4296.21879   21  194          - 4035.48320      -  73.3  335s
  8914  7495 4380.49787   29  222          - 4035.48320      -  72.9  343s
  9021  7618 4668.86575   53   59          - 4037.03959      -  73.4  350s
  9152  7652 4142.81596   19  345          - 4037.03959      -  73.6  356s
  9177  7692 4272.57614   25  251          - 4037.03959      -  74.6  361s
  9217  7748 4435.93962   34  200          - 4037.03959      -  75.4  366s
  9273  7990 4718.07174   39  202          - 4037.03959      -  76.7  373s
  9513  7998 5860.24520  181   13          - 4037.03959      -  76.2  375s
  9531  8223 4978.35280   56   52          - 4037.03959      -  76.1  382s
  9830  8376 6651.89000  172   14          - 4056.69563      -  74.9  391s
  9978  8407 4223.64190   18  463          - 4056.69563      -  74.9  396s
 10001  8432 4370.67070   23  390          - 4056.69563      -  75.7  400s
 10026  8499 4518.66731   29   82          - 4056.69563      -  76.8  405s
 10093  8722 4724.78792   42  120          - 4057.73089      -  77.7  411s
 10339  8746 4762.39000   48   27          - 4059.31397      -  77.3  417s
 10383  8888 4825.95000   53   26          - 4059.85240      -  78.3  424s
 10423  8894 4963.59000   74   10          - 4059.85240      -  78.3  425s
 10538  9054 4912.43000   57   20          - 4059.86657      -  78.4  432s
 10733  9172 4332.70411   29  320          - 4059.86657      -  78.3  440s
