




arguments: ./build/mirp_solver -f ./input/orig_exec_355.cfg
Current dir: /scratch/gui/bnc_mirp
File verbosity level: 9
date       time         ( uptime  ) [ thread name/id ]                   file:line     v| 
2021-01-25 16:39:53.859 (   0.527s) [main thread     ]             loguru.cpp:789   INFO| Logging to './output/vi_hc1_half/OU/V4/Original/execution_25_01_2021_16_39_53.log', mode: 'a', verbosity: 9
--------------------------------------------------------------------------------
Parameters
                           instance_path           ./input/Instances/Original/4/
                            model_policy                                       1
                             nb_vehicles                                       4
                              output_dir    ./output/vi_hc1_half/OU/V4/Original/
                            sec_strategy                                       1
                       solver_nb_threads                                       2
                         solver_show_log                                    true
                       solver_time_limit                                    3600
                              use_vi_cos                                   false
                              use_vi_cus                                   false
                         use_vi_hc1_full                                   false
                         use_vi_hc1_half                                    true
                      use_vi_hc1_quarter                                   false
                              use_vi_hc2                                   false
                              use_vi_hc3                                   false
                         use_vi_lex_full                                   false
                         use_vi_lex_half                                   false
                      use_vi_lex_quarter                                   false
                              use_vi_qua                                   false
                               use_vi_vc                                   false
                               use_vi_vr                                   false
--------------------------------------------------------------------------------
executing instance: ./input/Instances/Original/4/absH3low_3n30.dat
--------------------------------------------------------------------------------
Instance details
n	31
H	3
C	2841
Li:
[0, 0, 0, 0, 0, 0, 0, 0, 0, 0, 0, 0, 0, 0, 0, 0, 0, 0, 0, 0, 0, 0, 0, 0, 0, 0, 0, 0, 0, 0, 0, ]
Ui:
[0, 246, 98, 54, 144, 171, 192, 180, 165, 98, 122, 198, 297, 144, 130, 129, 219, 138, 142, 150, 108, 66, 64, 285, 180, 204, 276, 168, 240, 198, 122, ]
Distance matrix:
|0	172	56	166	260	198	42	197	296	110	91	112	238	275	323	183	330	232	175	181	162	191	232	280	201	139	356	185	266	216	26	|
|172	0	178	223	320	335	153	355	444	62	231	99	333	376	214	352	176	235	194	106	47	41	353	161	299	175	225	43	326	374	153	|
|56	178	0	110	204	162	93	233	336	125	144	148	187	226	358	180	313	284	123	152	182	185	282	252	256	88	329	177	210	251	42	|
|166	223	110	0	102	150	199	327	431	194	253	237	113	156	431	228	296	386	44	140	248	208	389	218	366	48	287	200	108	344	148	|
|260	320	204	102	0	156	296	391	493	296	340	339	66	90	531	263	362	486	127	226	349	300	469	278	454	148	334	292	6	406	245	|
|198	335	162	150	156	0	239	255	351	286	245	307	93	106	518	111	442	423	194	280	344	335	349	367	352	182	437	327	158	266	199	|
|42	153	93	199	296	239	0	203	296	91	82	76	278	316	284	217	322	191	201	186	133	180	217	281	177	165	356	175	302	222	52	|
|197	355	233	327	391	255	203	0	104	294	125	266	340	361	436	151	524	276	352	377	330	383	109	477	146	319	553	377	395	19	222	|
|296	444	336	431	493	351	296	104	0	384	214	348	440	456	488	241	617	315	456	476	412	475	113	575	176	422	651	470	497	88	322	|
|110	62	125	194	296	286	91	294	384	0	171	55	298	340	238	292	233	210	176	118	58	91	298	201	248	148	273	87	302	313	94	|
|91	231	144	253	340	245	82	125	214	171	0	141	307	339	324	184	403	187	266	266	204	261	140	363	114	230	438	256	346	144	116	|
|112	99	148	237	339	307	76	266	348	55	141	0	332	373	212	292	275	156	225	173	64	137	254	253	200	194	322	135	345	284	108	|
|238	333	187	113	66	93	278	340	440	298	307	332	0	43	536	203	404	469	153	253	354	321	427	322	420	160	385	313	67	353	229	|
|275	376	226	156	90	106	316	361	456	340	339	373	43	0	578	216	443	507	194	295	397	364	453	361	451	203	421	356	88	372	268	|
|323	214	358	431	531	518	284	436	488	238	324	212	536	578	0	498	309	176	407	320	183	245	376	344	312	383	379	251	537	451	319	|
|183	352	180	228	263	111	217	151	241	292	184	292	203	216	498	0	492	371	266	328	345	364	255	426	272	242	501	356	266	159	198	|
|330	176	313	296	362	442	322	524	617	233	403	275	404	443	309	492	0	397	253	164	218	142	529	84	475	260	72	147	367	543	306	|
|232	235	284	386	486	423	191	276	315	210	187	156	469	507	176	371	397	0	379	327	188	276	202	396	139	346	456	277	492	289	242	|
|175	194	123	44	127	194	201	352	456	176	266	225	153	194	407	266	253	379	0	101	225	174	405	174	375	36	244	166	133	370	152	|
|181	106	152	140	226	280	186	377	476	118	266	173	253	295	320	328	164	327	101	0	148	76	403	100	360	98	177	69	232	396	155	|
|162	47	182	248	349	344	133	330	412	58	204	64	354	397	183	345	218	188	225	148	0	89	316	208	259	201	270	90	355	348	149	|
|191	41	185	208	300	335	180	383	475	91	261	137	321	364	245	364	142	276	174	76	89	0	388	119	336	162	185	8	306	402	169	|
|232	353	282	389	469	349	217	109	113	298	140	254	427	453	376	255	529	202	405	403	316	388	0	497	64	369	570	384	474	112	256	|
|280	161	252	218	278	367	281	477	575	201	363	253	322	361	344	426	84	396	174	100	208	119	497	0	449	187	77	119	283	496	255	|
|201	299	256	366	454	352	177	146	176	248	114	200	420	451	312	272	475	139	375	360	259	336	64	449	0	339	521	333	460	156	223	|
|139	175	88	48	148	182	165	319	422	148	230	194	160	203	383	242	260	346	36	98	201	162	369	187	339	0	260	153	154	337	116	|
|356	225	329	287	334	437	356	553	651	273	438	322	385	421	379	501	72	456	244	177	270	185	570	77	521	260	0	187	338	572	331	|
|185	43	177	200	292	327	175	377	470	87	256	135	313	356	251	356	147	277	166	69	90	8	384	119	333	153	187	0	298	396	163	|
|266	326	210	108	6	158	302	395	497	302	346	345	67	88	537	266	367	492	133	232	355	306	474	283	460	154	338	298	0	410	251	|
|216	374	251	344	406	266	222	19	88	313	144	284	353	372	451	159	543	289	370	396	348	402	112	496	156	337	572	396	410	0	241	|
|26	153	42	148	245	199	52	222	322	94	116	108	229	268	319	198	306	242	152	155	149	169	256	255	223	116	331	163	251	241	0	|

--------------------------------------------------------------------------------
Building model...
	using lazy and cut (CVRPSEP package)
Solving IRP LP...
--------------------------------------------------------------------------------

Gurobi 9.1.0 (linux64) logging started Mon Jan 25 16:39:54 2021

Gurobi Optimizer version 9.1.0 build v9.1.0rc0 (linux64)
Thread count: 32 physical cores, 32 logical processors, using up to 2 threads
Optimize a model with 1177 rows, 6436 columns and 16129 nonzeros
Model fingerprint: 0x28ed1913
Variable types: 484 continuous, 5952 integer (372 binary)
Coefficient statistics:
  Matrix range     [1e+00, 7e+02]
  Objective range  [1e-02, 7e+02]
  Bounds range     [1e+00, 3e+02]
  RHS range        [3e+01, 5e+03]
Presolve removed 184 rows and 601 columns
Presolve time: 0.04s
Presolved: 993 rows, 5835 columns, 14004 nonzeros
Variable types: 429 continuous, 5406 integer (5064 binary)

Root relaxation: objective 2.405836e+03, 1103 iterations, 0.03 seconds

    Nodes    |    Current Node    |     Objective Bounds      |     Work
 Expl Unexpl |  Obj  Depth IntInf | Incumbent    BestBd   Gap | It/Node Time

     0     0 2405.83567    0   93          - 2405.83567      -     -    0s
     0     0 2617.27944    0  130          - 2617.27944      -     -    0s
     0     0 2617.32967    0  132          - 2617.32967      -     -    0s
     0     0 3184.50348    0  179          - 3184.50348      -     -    0s
     0     0 3233.28841    0  234          - 3233.28841      -     -    0s
     0     0 3235.16531    0  163          - 3235.16531      -     -    0s
     0     0 3235.16531    0  159          - 3235.16531      -     -    0s
     0     0 3278.83948    0  220          - 3278.83948      -     -    0s
     0     0 3287.85116    0  213          - 3287.85116      -     -    0s
     0     0 3294.06047    0  205          - 3294.06047      -     -    0s
     0     0 3294.16730    0  209          - 3294.16730      -     -    0s
     0     0 3405.77199    0  247          - 3405.77199      -     -    1s
     0     0 3427.61106    0  253          - 3427.61106      -     -    1s
     0     0 3434.16879    0  251          - 3434.16879      -     -    1s
     0     0 3435.75357    0  266          - 3435.75357      -     -    1s
     0     0 3435.75357    0  267          - 3435.75357      -     -    1s
     0     0 3498.66987    0  197          - 3498.66987      -     -    1s
     0     0 3517.34832    0  219          - 3517.34832      -     -    1s
     0     0 3536.67780    0  328          - 3536.67780      -     -    1s
     0     0 3553.87970    0  271          - 3553.87970      -     -    2s
     0     0 3556.75135    0  272          - 3556.75135      -     -    2s
     0     0 3558.33087    0  279          - 3558.33087      -     -    2s
     0     0 3558.61537    0  330          - 3558.61537      -     -    2s
     0     0 3573.65437    0  278          - 3573.65437      -     -    2s
     0     0 3577.76070    0  244          - 3577.76070      -     -    2s
     0     0 3580.34812    0  229          - 3580.34812      -     -    2s
     0     0 3580.34812    0  229          - 3580.34812      -     -    2s
     0     0 3584.42616    0  358          - 3584.42616      -     -    2s
     0     0 3584.42616    0  348          - 3584.42616      -     -    2s
     0     2 3587.49869    0  341          - 3587.49869      -     -    3s
    47    50 3784.85189   14  286          - 3600.86065      -   245    5s
   178   190 4714.72151   52  136          - 3600.86065      -   234   10s
   439   473 6327.29000  181   10          - 3600.90981      -   149   15s
*  471   474             205    7399.9000000 3600.90981  51.3%   141   15s
   567   558 4073.24821    7  138 7399.90000 3611.78134  51.2%   139   20s
   648   637 4336.85046    8  130 7399.90000 3611.78134  51.2%   134   25s
   724   705 4417.38914   47  348 7399.90000 3611.78134  51.2%   146   31s
H  725   670                    7010.7600000 3611.78134  48.5%   146   31s
   737   678 7010.76000  205  455 7010.76000 3756.89162  46.4%   144   35s
   752   688 4838.35351   66  471 7010.76000 3773.63250  46.2%   141   40s
H  761   660                    6874.7600000 3774.41337  45.1%   151   43s
   767   664 6139.14547  170  374 6874.76000 3774.41337  45.1%   149   45s
   780   672 4540.95209   29  483 6874.76000 3775.17553  45.1%   147   50s
H  780   638                    6549.4900000 3777.84190  42.3%   147   61s
H  781   608                    6547.4900000 3777.84190  42.3%   155   61s
   784   611 3788.41368   28  403 6547.49000 3784.55569  42.2%   156   65s
   820   638 3868.65901   36  380 6547.49000 3805.10302  41.9%   166   70s
H  836   620                    6374.4900000 3805.10302  40.3%   168   71s
H  894   631                    6030.6300000 3805.10302  36.9%   173   75s
   973   687 4182.41828   64  294 6030.63000 3805.10302  36.9%   176   80s
H 1055   713                    5976.6300000 3805.10302  36.3%   177   83s
  1088   744 4347.33300   86  274 5976.63000 3805.10302  36.3%   177   85s
  1128   764 4428.98496   93  254 5976.63000 3805.10302  36.3%   178   91s
  1206   821 4537.99816  109  285 5976.63000 3805.10302  36.3%   180   95s
H 1306   876                    5694.6300000 3805.10302  33.2%   178   99s
  1338   893 4730.39877  124  208 5694.63000 3805.10302  33.2%   178  100s
  1461   946 5125.64043  154  133 5694.63000 3805.10302  33.2%   179  105s
H 1594   947                    5686.6300000 3830.19301  32.6%   176  109s
  1604   967 3919.79120   34  473 5686.63000 3830.19301  32.6%   178  111s
  1683  1026 4043.31143   42  238 5686.63000 3830.19301  32.6%   182  115s
  1784  1105 4516.25950   60  107 5686.63000 3830.19301  32.6%   186  120s
  1996  1302 5086.13000  140    2 5686.63000 3830.19301  32.6%   182  126s
  2263  1321 3965.12330   41  279 5686.63000 3831.64998  32.6%   169  131s
  2355  1355 4338.33729   55  179 5686.63000 3831.64998  32.6%   169  136s
  2391  1415 4617.46551   67  218 5686.63000 3831.64998  32.6%   174  140s
  2480  1549 4953.98555  117  187 5686.63000 3831.64998  32.6%   176  145s
  2652  1689 5502.78544  227  100 5686.63000 3839.87930  32.5%   172  150s
  2772  1810 4663.15905   49  171 5686.63000 3842.30003  32.4%   171  156s
  2880  1833 4843.98730  101  191 5686.63000 3842.30003  32.4%   170  160s
  2945  1907 4746.61596   52  349 5686.63000 3842.30003  32.4%   171  167s
  2968  1969 5093.49526   61  245 5686.63000 3842.30003  32.4%   172  170s
  3127  2097 5605.93327  148  222 5686.63000 3858.02100  32.2%   170  176s
  3195  2131 4123.66849   34  309 5686.63000 3858.04873  32.2%   170  180s
  3276  2165 4044.56775   39  411 5686.63000 3869.03516  32.0%   173  186s
  3291  2219 4333.06614   47  282 5686.63000 3869.03516  32.0%   174  192s
  3345  2331 4769.67906   63  246 5686.63000 3869.03516  32.0%   175  195s
  3561  2435 4362.72558   39  339 5686.63000 3871.09860  31.9%   173  203s
  3582  2460 4615.91662   43  402 5686.63000 3871.09860  31.9%   175  207s
  3607  2484 4959.87966   48  165 5686.63000 3871.09860  31.9%   178  211s
H 3631  2319                    5535.6300000 3871.09860  30.1%   179  215s
  3758  2403 4398.80965   41  324 5535.63000 3871.43752  30.1%   182  222s
  3820  2507 5119.89319   80  103 5535.63000 3871.81952  30.1%   182  227s
  3952  2542 4325.95312   41  235 5535.63000 3875.43204  30.0%   181  231s
  3987  2633 4885.85697   65  211 5535.63000 3875.96759  30.0%   183  236s
  4103  2648 3962.59620   35  453 5535.63000 3876.02548  30.0%   182  240s
  4149  2718 4271.18267   43  388 5535.63000 3876.02548  30.0%   188  248s
  4188  2749 4417.21427   50  277 5535.63000 3876.02548  30.0%   191  253s
  4219  2823 4503.45483   55  235 5535.63000 3876.02548  30.0%   194  258s
  4293  2868 5003.56658   69  149 5535.63000 3876.02548  30.0%   196  263s
  4356  2919 5230.85244   89  126 5535.63000 3878.17166  29.9%   198  269s
  4538  2977 4189.89415   35  422 5535.63000 3878.17166  29.9%   194  274s
  4606  3020 4475.31650   50  330 5535.63000 3878.17166  29.9%   196  279s
  4649  3107 4783.16904   71  222 5535.63000 3878.17166  29.9%   197  285s
  4756  3252 5082.10999  114  154 5535.63000 3880.53333  29.9%   198  292s
  4927  3292 3997.21217   37  509 5535.63000 3880.53333  29.9%   196  298s
  4967  3328 4549.41485   52  411 5535.63000 3880.53333  29.9%   198  304s
  5017  3360     cutoff   84      5535.63000 3888.18361  29.8%   200  309s
  5057  3406 5030.36951   63  147 5535.63000 3897.09698  29.6%   202  315s
  5113  3439 5076.41243   50  194 5535.63000 3906.47133  29.4%   204  321s
  5162  3525 4347.67579   41  343 5535.63000 3906.47133  29.4%   207  327s
  5272  3568     cutoff  112      5535.63000 3907.58946  29.4%   207  333s
  5323  3624 5161.36195   55  258 5535.63000 3911.98573  29.3%   210  339s
  5389  3692 4458.50000   47  264 5535.63000 3911.98573  29.3%   211  346s
  5475  3733 5210.75465   87  234 5535.63000 3913.49724  29.3%   212  353s
  5530  3860 4293.58478   56  286 5535.63000 3913.49724  29.3%   215  362s
  5667  3965 5251.98649   95  213 5535.63000 3913.52885  29.3%   214  370s
  5806  4038 4340.07394   49  242 5535.63000 3913.95887  29.3%   213  378s
  5880  4086 5335.58798  108   91 5535.63000 3914.88081  29.3%   215  388s
  5942  4149 4311.14343   42  193 5535.63000 3914.88081  29.3%   215  396s
  6013  4334 4701.70096   63   90 5535.63000 3914.88081  29.3%   217  406s
  6221  4429 5042.22270  129   56 5535.63000 3917.79883  29.2%   215  417s
  6403  4484 4109.26644   37  436 5535.63000 3918.92564  29.2%   213  425s
  6475  4552 4967.66539   61  259 5535.63000 3920.04399  29.2%   214  433s
  6563  4596 4271.77567   35  373 5535.63000 3922.15344  29.1%   215  441s
  6607  4833 4596.51709   43  232 5535.63000 3922.15344  29.1%   218  450s
  6844  4969 5078.09176  117   49 5535.63000 3922.34223  29.1%   214  461s
  7055  5030 4280.64060   39  320 5535.63000 3923.82725  29.1%   211  469s
  7086  5030 4218.43099   38  426 5535.63000 3923.82725  29.1%   212  470s
  7116  5168 4847.24101   70  297 5535.63000 3924.11963  29.1%   213  479s
  7221  5168 5383.21275  106  109 5535.63000 3924.28547  29.1%   213  480s
  7276  5281 4476.69894   45  287 5535.63000 3932.29429  29.0%   212  490s
  7421  5389 4675.60569   52  261 5535.63000 3932.67986  29.0%   213  500s
  7538  5505 4643.36753   46  233 5535.63000 3941.35874  28.8%   215  512s
  7712  5586 4090.28811   39  519 5535.63000 3941.76061  28.8%   215  522s
  7795  5783 5382.35379   74  116 5535.63000 3941.91266  28.8%   218  536s
H 8044  5903                    5533.6300000 3942.16946  28.8%   215  548s
  8196  6018 4349.75756   39  271 5533.63000 3944.76346  28.7%   216  559s
  8317  6018 5450.10167  120  184 5533.63000 3946.91736  28.7%   217  560s
  8331  6093 4428.97340   41  219 5533.63000 3946.95378  28.7%   217  571s
  8414  6176 4818.53728   45  410 5533.63000 3948.07070  28.7%   219  582s
  8515  6338 4534.82889   45  354 5533.63000 3957.07933  28.5%   220  593s
  8686  6434 4311.66500   44  314 5533.63000 3957.07933  28.5%   220  606s
H 8706  4623                    5169.6300000 3957.07933  23.5%   220  606s
  8794  4815 4551.02132   55  113 5169.63000 3957.55309  23.4%   220  620s
  9074  4940 infeasible  202      5169.63000 3965.31509  23.3%   217  633s
  9236  5031 4595.85885   60  225 5169.63000 3967.85777  23.2%   218  645s
  9350  5107 4437.08980   45  379 5169.63000 3968.17578  23.2%   219  657s
  9437  5322 4135.82918   50  262 5169.63000 3970.02727  23.2%   221  670s
  9713  5395 4261.87873   34  389 5169.63000 3970.09415  23.2%   220  683s
  9813  5469 4396.58131   37  339 5169.63000 3972.34813  23.2%   222  696s
  9912  5554 4121.82199   36  305 5169.63000 3975.96286  23.1%   223  707s
 10019  5663 4396.13079   38  325 5169.63000 3977.00240  23.1%   224  720s
H10168  5608                    5141.6300000 3979.96069  22.6%   226  732s
H10296  5703                    5139.6300000 3981.07178  22.5%   227  745s
*10357  4517              72    4972.9900000 3983.21320  19.9%   228  746s
 10439  4531     cutoff   72      4972.99000 3983.60163  19.9%   228  761s
H10443  4160                    4921.6000000 3983.60163  19.1%   227  772s
 10542  4201 4272.78828   43  519 4921.60000 3986.32450  19.0%   229  783s
 10601  4251 4079.96233   38  334 4921.60000 3986.42283  19.0%   231  796s
 10675  4321 4169.83658   43  386 4921.60000 3986.80358  19.0%   233  808s
 10745  4488 4663.97555   62  129 4921.60000 3986.81027  19.0%   236  823s
 10975  4567 4105.72375   41  487 4921.60000 3989.51218  18.9%   234  837s
 11094  4645 4378.81506   42  239 4921.60000 3993.84323  18.9%   236  850s
 11202  4732 4237.27844   38  364 4921.60000 3997.25381  18.8%   238  863s
 11307  4823 4376.98965   40  243 4921.60000 3997.28297  18.8%   240  876s
 11422  4941 4811.98711   68  215 4921.60000 3998.33904  18.8%   242  902s
 11565  4999 4362.54261   43  516 4921.60000 3998.72396  18.8%   244  915s
 11683  5053 4561.35726   50  249 4921.60000 3998.72396  18.8%   245  927s
 11754  5112     cutoff   66      4921.60000 4001.67410  18.7%   247  943s
 11799  5112 4734.92341   66  208 4921.60000 4002.17633  18.7%   248  946s
 11851  5148 4435.85824   51  298 4921.60000 4002.17633  18.7%   248  962s
 11903  5208 4702.46983   62  160 4921.60000 4002.98710  18.7%   250  975s
 12003  5290 4375.65257   47  274 4921.60000 4006.78587  18.6%   252  989s
 12101  5290 4700.50039   45  297 4921.60000 4009.23291  18.5%   253  990s
 12127  5379 4492.22404   37  198 4921.60000 4009.52507  18.5%   253 1004s
 12260  5487 4305.63275   47  408 4921.60000 4011.27210  18.5%   255 1018s
H12340  5463                    4918.6200000 4011.27210  18.4%   256 1019s
 12395  5545 4531.74456   39  248 4918.62000 4012.64980  18.4%   256 1032s
 12522  5614 4647.90578   42  281 4918.62000 4015.47015  18.4%   258 1046s
 12644  5659 4838.69633   55  222 4918.62000 4017.01972  18.3%   260 1060s
 12730  5723 4900.30446   68  274 4918.62000 4017.47959  18.3%   262 1073s
 12839  5805 4303.47304   35  303 4918.62000 4017.94247  18.3%   264 1087s
 12965  5890 4784.60303   68   90 4918.62000 4018.56289  18.3%   266 1104s
 13041  5890 4860.21772   60  184 4918.62000 4018.56289  18.3%   266 1105s
 13133  5961 4542.75674   47  277 4918.62000 4022.62630  18.2%   267 1118s
 13240  6030 4240.85271   43  330 4918.62000 4023.37520  18.2%   270 1132s
 13343  6145 4344.80949   55  353 4918.62000 4025.77981  18.2%   272 1146s
 13492  6239 4241.48177   39  406 4918.62000 4028.31916  18.1%   273 1163s
 13637  6395 4686.94290   52  235 4918.62000 4028.90177  18.1%   274 1181s
 13829  6503 4812.84875  118   28 4918.62000 4032.65567  18.0%   275 1196s
 13980  6546 4246.17677   47  378 4918.62000 4036.66048  17.9%   276 1210s
 14071  6622 4459.48069   44  304 4918.62000 4037.25100  17.9%   278 1225s
 14201  6733     cutoff   45      4918.62000 4038.19161  17.9%   279 1240s
 14351  6821 4685.63275   67   48 4918.62000 4040.34302  17.9%   281 1256s
 14519  6957 4398.56341   53  374 4918.62000 4041.38790  17.8%   281 1272s
 14699  7046 4338.43306   42  233 4918.62000 4044.92675  17.8%   282 1290s
 14834  7108 4425.36123   41  312 4918.62000 4046.18544  17.7%   283 1305s
 14935  7184 4410.26823   34  302 4918.62000 4049.07181  17.7%   285 1321s
 15050  7271 4569.42101   58  274 4918.62000 4051.33581  17.6%   287 1335s
 15170  7355 4166.43959   46  232 4918.62000 4053.09445  17.6%   288 1351s
 15298  7454 4483.00433   45  315 4918.62000 4054.56926  17.6%   290 1366s
 15431  7488     cutoff   54      4918.62000 4056.97941  17.5%   291 1381s
 15514  7551 4510.18669   50  286 4918.62000 4062.46461  17.4%   293 1398s
 15611  7632 4366.25468   41  449 4918.62000 4063.93283  17.4%   295 1414s
 15738  7785 4544.12694   62  134 4918.62000 4066.26690  17.3%   296 1430s
 15918  7906 4913.85110   63  297 4918.62000 4066.87094  17.3%   297 1448s
 16104  8009 4297.55701   35  234 4918.62000 4071.90815  17.2%   297 1464s
 16237  8158 4470.30693   47  356 4918.62000 4073.17025  17.2%   299 1480s
 16446  8276     cutoff   81      4918.62000 4076.73523  17.1%   299 1496s
 16607  8389 4673.95817   39  277 4918.62000 4080.20418  17.0%   300 1512s
 16772  8480 4805.77568   97   90 4918.62000 4081.65972  17.0%   301 1528s
 16887  8542     cutoff   54      4918.62000 4082.53818  17.0%   302 1543s
 16973  8580     cutoff   58      4918.62000 4082.73587  17.0%   304 1560s
 17069  8706 4706.10097   63  317 4918.62000 4083.55648  17.0%   306 1576s
 17217  8832 4747.34507   60   96 4918.62000 4084.26395  17.0%   307 1593s
 17429  8933 4438.40976   46  419 4918.62000 4085.21881  16.9%   307 1609s
 17581  9059 4421.75152   45  464 4918.62000 4085.99325  16.9%   307 1626s
 17744  9183 4672.10781   52  259 4918.62000 4090.60516  16.8%   308 1643s
 17917  9417 4599.99312   46  286 4918.62000 4092.77928  16.8%   309 1661s
 18224  9544 4791.80343   64   25 4918.62000 4095.97938  16.7%   307 1678s
 18395  9648 4344.24861   48  452 4918.62000 4097.52729  16.7%   308 1695s
 18566  9753 4336.73778   47  350 4918.62000 4098.60443  16.7%   309 1712s
H18706  9258                    4873.6200000 4098.64037  15.9%   310 1731s
 18751  9420 4465.78404   51  184 4873.62000 4098.94847  15.9%   312 1749s
 18929  9420 4782.00727   97   57 4873.62000 4099.16442  15.9%   311 1750s
 19003  9538 4684.98311   55   69 4873.62000 4099.59178  15.9%   311 1766s
H19176  8451                    4812.6200000 4101.36393  14.8%   312 1783s
 19332  8519 4386.25822   39  293 4812.62000 4102.39816  14.8%   313 1800s
 19441  8597 4503.82141   39  332 4812.62000 4105.26350  14.7%   314 1816s
 19579  8664 4421.85380   46  383 4812.62000 4106.11999  14.7%   315 1832s
 19704  8725 4462.82518   52  436 4812.62000 4107.51380  14.7%   316 1848s
 19815  8773 4774.82938   60  258 4812.62000 4108.78263  14.6%   318 1864s
 19906  8838 4458.62398   44  225 4812.62000 4109.65117  14.6%   320 1881s
 20003  8939 4405.89090   41  307 4812.62000 4110.50270  14.6%   321 1897s
 20147  9085 4761.20148   58  187 4812.62000 4112.05565  14.6%   322 1915s
 20376  9180 4550.69775   40  246 4812.62000 4113.27153  14.5%   322 1932s
 20522  9231 4782.29111   63  306 4812.62000 4113.56241  14.5%   323 1949s
 20637  9308 4496.24113   43  334 4812.62000 4115.72251  14.5%   325 1967s
 20753  9439 4480.39634   47  383 4812.62000 4117.26512  14.4%   326 1983s
 20930  9495     cutoff   68      4812.62000 4121.99106  14.4%   326 2001s
 21061  9568 4791.56382   62  281 4812.62000 4123.73664  14.3%   328 2018s
 21215  9675 4522.48405   54  437 4812.62000 4124.52817  14.3%   329 2036s
 21382  9742 4421.14506   42  358 4812.62000 4125.98051  14.3%   329 2053s
 21509  9841 4361.91363   37  313 4812.62000 4127.41650  14.2%   331 2070s
 21696  9921 4492.69145   55  316 4812.62000 4131.07822  14.2%   331 2087s
 21818 10016 4734.98611   60  308 4812.62000 4131.74818  14.1%   332 2104s
 21893 10016 4522.65088   46  330 4812.62000 4132.96279  14.1%   333 2105s
 21972 10072 4739.45838   38  304 4812.62000 4133.92025  14.1%   333 2121s
 22100 10115 4334.02432   47  369 4812.62000 4134.62729  14.1%   334 2137s
 22245 10173 4622.46041   52  337 4812.62000 4134.83267  14.1%   335 2154s
 22363 10266 4488.72302   60  328 4812.62000 4135.27850  14.1%   337 2171s
 22494 10345     cutoff   54      4812.62000 4136.35520  14.1%   338 2188s
 22621 10451 4665.14999   56  386 4812.62000 4137.52414  14.0%   339 2206s
 22793 10533 4641.26602   49  261 4812.62000 4139.83021  14.0%   339 2228s
 22963 10618 4534.36300   50  263 4812.62000 4141.75355  13.9%   340 2245s
 23098 10689 4586.18551   57  225 4812.62000 4142.75129  13.9%   341 2262s
 23226 10782 4659.25563   53  333 4812.62000 4143.75078  13.9%   342 2280s
 23371 10867 4322.31812   42  408 4812.62000 4144.54692  13.9%   343 2298s
 23499 10867 4795.36658   62  160 4812.62000 4146.31643  13.8%   343 2300s
 23532 10942 4771.29073   55  133 4812.62000 4147.34852  13.8%   343 2320s
 23662 11071 4467.76845   45   93 4812.62000 4147.81330  13.8%   344 2339s
 23783 11071 4529.99263   51  292 4812.62000 4148.19611  13.8%   344 2340s
 23840 11113 4532.83069   49  366 4812.62000 4148.23735  13.8%   345 2358s
 23946 11257 4307.84656   41  267 4812.62000 4149.72168  13.8%   346 2384s
 24057 11257 4503.84574   46  400 4812.62000 4151.20914  13.7%   346 2385s
 24167 11324 4568.82765   63  199 4812.62000 4151.40383  13.7%   346 2402s
 24298 11444 4411.55745   53  255 4812.62000 4152.81855  13.7%   347 2421s
 24480 11509 4308.87221   44  487 4812.62000 4153.85857  13.7%   348 2439s
 24597 11599 4745.30501   57  251 4812.62000 4155.17254  13.7%   349 2456s
 24727 11685 4731.03431   66  295 4812.62000 4155.69049  13.7%   350 2475s
 24871 11809 4586.86041   53   24 4812.62000 4157.51338  13.6%   351 2493s
 25068 11891     cutoff   59      4812.62000 4158.99196  13.6%   351 2511s
 25211 12003 4372.02959   43  216 4812.62000 4159.55977  13.6%   352 2529s
 25382 12082 4748.38496   65  299 4812.62000 4161.27615  13.5%   352 2548s
 25521 12151 4337.49133   37  225 4812.62000 4162.70445  13.5%   353 2642s
H25641 11529                    4784.6199943 4163.43904  13.0%   354 2643s
 25642 11599 4405.68215   45  455 4784.61999 4164.17603  13.0%   354 2663s
 25768 11683 4496.39117   46  169 4784.61999 4165.37808  12.9%   355 2685s
 25923 11810     cutoff   43      4784.61999 4167.05318  12.9%   356 2705s
 26142 11926 4757.10906   70  226 4784.61999 4167.51650  12.9%   356 2726s
 26350 12031 4641.30743   53   48 4784.61999 4169.67016  12.9%   356 2745s
H26526 12083                    4784.6199845 4170.33901  12.8%   357 2766s
 26618 12157 4517.14502   43  369 4784.61998 4171.05185  12.8%   357 2784s
 26748 12225 4550.55077   44  257 4784.61998 4172.38330  12.8%   358 2803s
 26909 12320 4340.78573   35  274 4784.61998 4174.17340  12.8%   359 2822s
 27045 12387 4630.01711   54  250 4784.61998 4174.70457  12.7%   360 2840s
 27191 12467 4391.91862   55  252 4784.61998 4175.55714  12.7%   361 2861s
 27333 12535 4435.58354   35  334 4784.61998 4176.51313  12.7%   362 2881s
 27488 12656 4648.53841   37  263 4784.61998 4176.96210  12.7%   363 2899s
 27622 12656 4755.62901   87   97 4784.61998 4177.51926  12.7%   363 2900s
 27667 12718     cutoff   52      4784.61998 4177.89970  12.7%   364 2918s
 27817 12785 4511.71329   51  222 4784.61998 4179.29020  12.7%   364 2937s
 27948 12842 4758.90604   65  184 4784.61998 4179.81241  12.6%   365 2957s
 28100 12930 4439.23072   56  331 4784.61998 4181.37514  12.6%   366 2976s
 28258 13038 4703.68377   54  334 4784.61998 4181.65536  12.6%   367 2998s
 28431 13078 4649.63092   44  149 4784.61998 4183.17419  12.6%   368 3017s
 28569 13172     cutoff   60      4784.61998 4183.56316  12.6%   369 3038s
 28638 13172 4472.81826   50  436 4784.61998 4185.00284  12.5%   369 3044s
 28729 13253 4309.38321   43  351 4784.61998 4185.05842  12.5%   370 3063s
 28880 13320 4742.48090   58  216 4784.61998 4185.69501  12.5%   370 3082s
 29025 13398 4755.34073   51  314 4784.61998 4186.52041  12.5%   371 3100s
 29179 13483 4441.67153   38  411 4784.61998 4187.66981  12.5%   372 3119s
 29338 13635 4760.16035   47  267 4784.61998 4188.84836  12.5%   373 3141s
 29562 13732 4474.24116   38  242 4784.61998 4189.92420  12.4%   373 3161s
 29733 13847 4351.86424   37  325 4784.61998 4191.14410  12.4%   373 3181s
 29919 13948 4687.89539   54  172 4784.61998 4192.44780  12.4%   374 3200s
 30074 14023 4328.29730   48  314 4784.61998 4193.07694  12.4%   375 3220s
 30243 14098 4621.71698   51  323 4784.61998 4193.33732  12.4%   375 3239s
 30404 14182 4618.43814   49  291 4784.61998 4194.32611  12.3%   376 3258s
 30540 14348 4679.05175   52  384 4784.61998 4195.46725  12.3%   377 3279s
 30742 14348 4565.01476   48  226 4784.61998 4196.07550  12.3%   377 3280s
 30786 14475     cutoff   45      4784.61998 4196.35688  12.3%   377 3299s
 30845 14476 4643.89886   78   12 4784.61998 4196.35688  12.3%   376 3301s
 31009 14556 4730.54500   72   16 4784.61998 4197.06030  12.3%   377 3321s
 31183 14622     cutoff   77      4784.61998 4197.93419  12.3%   377 3340s
 31283 14738 4505.46885   57  330 4784.61998 4198.46035  12.3%   379 3359s
 31481 14835 4742.84727   52  154 4784.61998 4199.15525  12.2%   379 3382s
 31681 14893 4614.91416   61  263 4784.61998 4199.99156  12.2%   379 3401s
 31809 14972     cutoff   42      4784.61998 4200.52880  12.2%   380 3422s
 31995 15117 4673.81499   58  233 4784.61998 4202.03235  12.2%   380 3444s
 32112 15120 4671.59000   85    - 4784.61998 4202.03235  12.2%   380 3445s
 32239 15206     cutoff   87      4784.61998 4202.84658  12.2%   380 3465s
 32429 15301 4520.85988   51  370 4784.61998 4204.00930  12.1%   380 3492s
 32570 15386 4361.96482   40  440 4784.61998 4204.58011  12.1%   381 3511s
 32735 15462 4623.43584   42  223 4784.61998 4205.98602  12.1%   381 3531s
 32874 15571 4725.03239   51  265 4784.61998 4206.63444  12.1%   382 3550s
 33052 15629 4769.73122   58  260 4784.61998 4207.80137  12.1%   382 3571s
 33178 15723 4619.23716   51  244 4784.61998 4208.08118  12.0%   383 3591s
 33361 15756 4703.86396   55  211 4784.61998 4208.70219  12.0%   384 3600s

Cutting planes:
  User: 4471
  Gomory: 18
  Cover: 271
  Implied bound: 38
  Clique: 2
  MIR: 107
  StrongCG: 1
  Flow cover: 264
  Inf proof: 1
  Zero half: 12
  Network: 6
  RLT: 224
  Relax-and-lift: 4
  Lazy constraints: 647

Explored 33412 nodes (12843380 simplex iterations) in 3600.32 seconds
Thread count was 2 (of 32 available processors)

Solution count 10: 4784.62 4812.62 4873.62 ... 5533.63

Time limit reached
Best objective 4.784619984481e+03, best bound 4.209087478663e+03, gap 12.0288%

User-callback calls 322254, time in user-callback 259.17 sec
================================================================================
executing instance: ./input/Instances/Original/4/absH3low_3n10.dat
--------------------------------------------------------------------------------
Instance details
n	11
H	3
C	687
Li:
[0, 0, 0, 0, 0, 0, 0, 0, 0, 0, 0, ]
Ui:
[0, 189, 44, 174, 78, 36, 198, 117, 42, 96, 240, ]
Distance matrix:
|0	209	255	286	142	156	285	317	182	161	135	|
|209	0	464	451	315	356	490	469	361	299	260	|
|255	464	0	221	202	130	74	280	189	254	273	|
|286	451	221	0	145	156	164	479	354	153	192	|
|142	315	202	145	0	73	194	388	250	53	73	|
|156	356	130	156	73	0	134	332	200	127	144	|
|285	490	74	164	194	134	0	353	256	239	267	|
|317	469	280	479	388	332	353	0	141	436	430	|
|182	361	189	354	250	200	256	141	0	296	289	|
|161	299	254	153	53	127	239	436	296	0	39	|
|135	260	273	192	73	144	267	430	289	39	0	|

--------------------------------------------------------------------------------
Building model...
	using lazy and cut (CVRPSEP package)
Solving IRP LP...
--------------------------------------------------------------------------------

Gurobi 9.1.0 (linux64) logging started Mon Jan 25 17:39:55 2021

Gurobi Optimizer version 9.1.0 build v9.1.0rc0 (linux64)
Thread count: 32 physical cores, 32 logical processors, using up to 2 threads
Optimize a model with 407 rows, 956 columns and 2774 nonzeros
Model fingerprint: 0x6b17bd42
Variable types: 164 continuous, 792 integer (132 binary)
Coefficient statistics:
  Matrix range     [1e+00, 2e+02]
  Objective range  [1e-02, 5e+02]
  Bounds range     [1e+00, 2e+02]
  RHS range        [2e+01, 1e+03]
Presolve removed 108 rows and 224 columns
Presolve time: 0.02s
Presolved: 299 rows, 732 columns, 1941 nonzeros
Variable types: 125 continuous, 607 integer (504 binary)
Found heuristic solution: objective 6695.5900000
Found heuristic solution: objective 5890.9500000

Root relaxation: objective 1.765486e+03, 370 iterations, 0.01 seconds

    Nodes    |    Current Node    |     Objective Bounds      |     Work
 Expl Unexpl |  Obj  Depth IntInf | Incumbent    BestBd   Gap | It/Node Time

     0     0 1765.48637    0   45 5890.95000 1765.48637  70.0%     -    0s
H    0     0                    4976.8500000 1765.48637  64.5%     -    0s
H    0     0                    4765.8500000 1765.48637  63.0%     -    0s
     0     0 2182.06075    0   38 4765.85000 2182.06075  54.2%     -    0s
H    0     0                    4227.8500000 2182.06075  48.4%     -    0s
     0     0 2425.51585    0   75 4227.85000 2425.51585  42.6%     -    0s
H    0     0                    4037.2100000 2425.51585  39.9%     -    0s
     0     0 2432.70771    0   78 4037.21000 2432.70771  39.7%     -    0s
     0     0 2432.70771    0   79 4037.21000 2432.70771  39.7%     -    0s
     0     0 2490.25040    0   69 4037.21000 2490.25040  38.3%     -    0s
     0     0 2494.04408    0   82 4037.21000 2494.04408  38.2%     -    0s
     0     0 2494.04408    0   82 4037.21000 2494.04408  38.2%     -    0s
     0     0 2566.27909    0   97 4037.21000 2566.27909  36.4%     -    0s
     0     0 2582.62404    0  113 4037.21000 2582.62404  36.0%     -    0s
     0     0 2597.07663    0  120 4037.21000 2597.07663  35.7%     -    0s
     0     0 2597.56517    0  102 4037.21000 2597.56517  35.7%     -    0s
     0     0 2659.43827    0  121 4037.21000 2659.43827  34.1%     -    0s
     0     0 2668.66530    0  105 4037.21000 2668.66530  33.9%     -    0s
     0     0 2672.00782    0  136 4037.21000 2672.00782  33.8%     -    0s
     0     0 2672.26862    0  146 4037.21000 2672.26862  33.8%     -    0s
     0     0 2686.82145    0  114 4037.21000 2686.82145  33.4%     -    0s
     0     0 2691.49421    0  122 4037.21000 2691.49421  33.3%     -    0s
     0     0 2691.91104    0  144 4037.21000 2691.91104  33.3%     -    0s
     0     0 2694.43178    0  126 4037.21000 2694.43178  33.3%     -    0s
     0     0 2694.52066    0  126 4037.21000 2694.52066  33.3%     -    0s
     0     2 2695.25361    0  112 4037.21000 2695.25361  33.2%     -    0s
H   68    57                    3970.8500000 2779.42053  30.0%  71.9    0s
H   95    85                    3505.1000000 2779.42053  20.7%  67.3    0s
H  131   102                    3331.1000000 2836.47781  14.8%  66.4    1s
H  156   118                    3190.1000000 2836.47781  11.1%  67.7    1s
H  158   118                    3159.1000000 2836.47781  10.2%  67.9    1s
H  251   118                    3111.1000000 2866.42613  7.86%  61.0    1s

Cutting planes:
  User: 130
  Gomory: 5
  Cover: 84
  Implied bound: 14
  Clique: 2
  MIR: 96
  Flow cover: 127
  Inf proof: 1
  Zero half: 3
  Network: 2
  RLT: 86
  Relax-and-lift: 2
  Lazy constraints: 6

Explored 847 nodes (48793 simplex iterations) in 3.48 seconds
Thread count was 2 (of 32 available processors)

Solution count 10: 3111.1 3159.1 3190.1 ... 4976.85

Optimal solution found (tolerance 1.00e-04)
Best objective 3.111100000000e+03, best bound 3.111100000000e+03, gap 0.0000%

User-callback calls 2482, time in user-callback 0.47 sec
================================================================================
executing instance: ./input/Instances/Original/4/absH3low_3n15.dat
--------------------------------------------------------------------------------
Instance details
n	16
H	3
C	1267
Li:
[0, 0, 0, 0, 0, 0, 0, 0, 0, 0, 0, 0, 0, 0, 0, 0, ]
Ui:
[0, 156, 267, 148, 144, 87, 33, 171, 76, 141, 270, 282, 60, 110, 172, 57, ]
Distance matrix:
|0	229	567	76	58	96	306	409	310	423	108	346	165	347	159	256	|
|229	0	482	243	279	155	375	525	251	419	158	373	65	123	329	246	|
|567	482	0	506	622	483	342	439	259	200	467	274	486	433	501	312	|
|76	243	506	0	119	88	230	337	255	352	88	272	179	347	94	194	|
|58	279	622	119	0	154	345	431	366	471	166	391	217	399	179	310	|
|96	155	483	88	154	0	266	397	224	358	17	289	92	262	176	179	|
|306	375	342	230	345	266	0	158	184	148	251	68	332	423	181	140	|
|409	525	439	337	431	397	158	0	340	244	386	201	476	581	253	298	|
|310	251	259	255	366	224	184	340	0	170	208	146	238	257	274	66	|
|423	419	200	352	471	358	148	244	170	0	341	84	396	424	323	182	|
|108	158	467	88	166	17	251	386	208	341	0	273	96	259	172	162	|
|346	373	274	272	391	289	68	201	146	84	273	0	340	400	239	127	|
|165	65	486	179	217	92	332	476	238	396	96	340	0	182	267	216	|
|347	123	433	347	399	262	423	581	257	424	259	400	182	0	423	283	|
|159	329	501	94	179	176	181	253	274	323	172	239	267	423	0	208	|
|256	246	312	194	310	179	140	298	66	182	162	127	216	283	208	0	|

--------------------------------------------------------------------------------
Building model...
	using lazy and cut (CVRPSEP package)
Solving IRP LP...
--------------------------------------------------------------------------------

Gurobi 9.1.0 (linux64) logging started Mon Jan 25 17:39:59 2021

Gurobi Optimizer version 9.1.0 build v9.1.0rc0 (linux64)
Thread count: 32 physical cores, 32 logical processors, using up to 2 threads
Optimize a model with 604 rows, 1876 columns and 5161 nonzeros
Model fingerprint: 0x11d1bbe4
Variable types: 244 continuous, 1632 integer (192 binary)
Coefficient statistics:
  Matrix range     [1e+00, 3e+02]
  Objective range  [1e-02, 6e+02]
  Bounds range     [1e+00, 3e+02]
  RHS range        [1e+01, 2e+03]
Presolve removed 128 rows and 319 columns
Presolve time: 0.03s
Presolved: 476 rows, 1557 columns, 4008 nonzeros
Variable types: 201 continuous, 1356 integer (1194 binary)
Found heuristic solution: objective 10518.270000
Found heuristic solution: objective 10474.610000

Root relaxation: objective 1.933681e+03, 625 iterations, 0.01 seconds

    Nodes    |    Current Node    |     Objective Bounds      |     Work
 Expl Unexpl |  Obj  Depth IntInf | Incumbent    BestBd   Gap | It/Node Time

     0     0 1933.68109    0   56 10474.6100 1933.68109  81.5%     -    0s
