




arguments: ./build/mirp_solver -f ./input/orig_exec_342.cfg
Current dir: /scratch/gui/bnc_mirp
File verbosity level: 9
date       time         ( uptime  ) [ thread name/id ]                   file:line     v| 
2021-01-23 12:50:20.202 (   0.162s) [main thread     ]             loguru.cpp:789   INFO| Logging to './output/vi_hc1_half/OU/V4/Original/execution_23_01_2021_12_50_20.log', mode: 'a', verbosity: 9
--------------------------------------------------------------------------------
Parameters
                           instance_path           ./input/Instances/Original/3/
                            model_policy                                       1
                             nb_vehicles                                       4
                              output_dir    ./output/vi_hc1_half/OU/V4/Original/
                            sec_strategy                                       1
                       solver_nb_threads                                       2
                         solver_show_log                                    true
                       solver_time_limit                                    3600
                              use_vi_cos                                   false
                              use_vi_cus                                   false
                         use_vi_hc1_full                                   false
                         use_vi_hc1_half                                    true
                      use_vi_hc1_quarter                                   false
                              use_vi_hc2                                   false
                              use_vi_hc3                                   false
                         use_vi_lex_full                                   false
                         use_vi_lex_half                                   false
                      use_vi_lex_quarter                                   false
                              use_vi_qua                                   false
                               use_vi_vc                                   false
                               use_vi_vr                                   false
--------------------------------------------------------------------------------
executing instance: ./input/Instances/Original/3/absH3low_2n5.dat
--------------------------------------------------------------------------------
Instance details
n	6
H	3
C	237
Li:
[0, 0, 0, 0, 0, 0, ]
Ui:
[0, 93, 180, 51, 114, 24, ]
Distance matrix:
|0	170	318	35	112	235	|
|170	0	311	205	258	301	|
|318	311	0	326	278	137	|
|35	205	326	0	89	230	|
|112	258	278	89	0	160	|
|235	301	137	230	160	0	|

--------------------------------------------------------------------------------
Building model...
	using lazy and cut (CVRPSEP package)
Solving IRP LP...
--------------------------------------------------------------------------------

Gurobi 9.1.0 (linux64) logging started Sat Jan 23 12:50:20 2021

Gurobi Optimizer version 9.1.0 build v9.1.0rc0 (linux64)
Thread count: 32 physical cores, 32 logical processors, using up to 2 threads
Optimize a model with 219 rows, 336 columns and 1086 nonzeros
Model fingerprint: 0xbffe8ff8
Variable types: 84 continuous, 252 integer (72 binary)
Coefficient statistics:
  Matrix range     [1e+00, 2e+02]
  Objective range  [1e-02, 3e+02]
  Bounds range     [1e+00, 2e+02]
  RHS range        [1e+01, 5e+02]
Presolve removed 88 rows and 142 columns
Presolve time: 0.00s

Explored 0 nodes (0 simplex iterations) in 0.01 seconds
Thread count was 1 (of 32 available processors)

Solution count 0

Model is infeasible
Best objective -, best bound -, gap -

User-callback calls 51, time in user-callback 0.00 sec

Computing Irreducible Inconsistent Subsystem (IIS)...

           Constraints          |            Bounds           |  Runtime
      Min       Max     Guess   |   Min       Max     Guess   |
--------------------------------------------------------------------------
        0       219         -         0       464         -           0s
       34        34         -        33        33         -           0s

IIS computed: 34 constraints, 33 bounds
IIS runtime: 0.23 seconds
================================================================================
executing instance: ./input/Instances/Original/3/absH3high_5n30.dat
--------------------------------------------------------------------------------
Instance details
n	31
H	3
C	2296
Li:
[0, 0, 0, 0, 0, 0, 0, 0, 0, 0, 0, 0, 0, 0, 0, 0, 0, 0, 0, 0, 0, 0, 0, 0, 0, 0, 0, 0, 0, 0, 0, ]
Ui:
[0, 80, 90, 297, 28, 264, 123, 192, 112, 32, 72, 88, 294, 129, 126, 105, 110, 237, 246, 92, 72, 147, 54, 96, 128, 96, 84, 28, 74, 196, 192, ]
Distance matrix:
|0	87	302	65	389	171	219	120	412	339	129	63	169	401	383	158	393	161	246	275	64	287	345	235	13	274	106	201	85	358	135	|
|87	0	334	128	402	212	301	204	465	384	187	145	232	424	454	238	475	245	289	352	80	307	352	321	81	352	20	261	170	376	215	|
|302	334	0	239	113	132	237	334	157	70	404	263	162	105	227	229	339	251	65	217	259	53	107	352	293	220	339	134	270	75	235	|
|65	128	239	0	330	107	175	130	348	275	174	40	107	339	326	114	351	125	181	224	58	228	290	222	58	224	143	138	65	297	92	|
|389	402	113	330	0	226	349	438	210	151	502	360	269	48	316	339	441	362	175	328	335	102	55	465	377	330	401	245	371	37	342	|
|171	212	132	107	226	0	169	214	253	173	276	134	64	233	261	130	326	153	77	188	133	125	192	264	162	190	220	68	145	193	125	|
|219	301	237	175	349	169	0	157	257	223	244	157	105	334	180	62	175	61	177	63	233	264	334	118	221	61	317	112	136	312	85	|
|120	204	334	130	438	214	157	0	402	348	88	90	173	438	336	115	307	100	269	220	172	338	406	122	130	218	224	204	69	403	101	|
|412	465	157	348	210	253	257	402	0	88	486	359	245	166	129	287	266	303	178	204	386	208	239	370	406	207	473	212	354	187	304	|
|339	384	70	275	151	173	223	348	88	0	427	291	179	120	166	234	290	254	96	187	306	123	166	342	332	190	391	145	291	119	247	|
|129	187	404	174	502	276	244	88	486	427	0	142	248	508	424	200	390	187	342	308	193	400	464	192	142	306	207	281	136	469	182	|
|63	145	263	40	360	134	157	90	359	291	142	0	114	366	321	95	331	99	202	212	90	258	323	186	65	211	163	148	27	327	72	|
|169	232	162	107	269	64	105	173	245	179	248	114	0	266	222	71	268	94	97	131	155	173	244	203	164	132	245	34	113	233	73	|
|401	424	105	339	48	233	334	438	166	120	508	366	266	0	280	332	409	355	169	305	353	117	96	452	391	308	425	237	374	49	339	|
|383	454	227	326	316	261	180	336	129	166	424	321	222	280	0	231	137	238	208	116	376	277	331	272	381	118	467	197	307	285	253	|
|158	238	229	114	339	130	62	115	287	234	200	95	71	332	231	0	238	23	164	118	171	243	314	134	159	117	255	95	77	302	23	|
|393	475	339	351	441	326	175	307	266	290	390	331	268	409	137	238	0	232	300	138	408	383	445	204	395	136	492	258	308	406	260	|
|161	245	251	125	362	153	61	100	303	254	187	99	94	355	238	23	232	0	187	123	183	267	338	111	164	121	262	117	77	325	34	|
|246	289	65	181	175	77	177	269	178	96	342	202	97	169	208	164	300	187	0	168	210	87	157	290	238	171	296	70	206	138	170	|
|275	352	217	224	328	188	63	220	204	187	308	212	131	305	116	118	138	123	168	0	279	255	322	166	275	3	367	120	195	291	141	|
|64	80	259	58	335	133	233	172	386	306	193	90	155	353	376	171	408	183	210	279	0	236	289	276	51	279	90	182	117	307	150	|
|287	307	53	228	102	125	264	338	208	123	400	258	173	117	277	243	383	267	87	255	236	0	71	374	276	257	308	153	270	71	245	|
|345	352	107	290	55	192	334	406	239	166	464	323	244	96	331	314	445	338	157	322	289	71	0	445	334	325	350	224	337	54	315	|
|235	321	352	222	465	264	118	122	370	342	192	186	203	452	272	134	204	111	290	166	276	374	445	0	243	164	341	221	159	428	142	|
|13	81	293	58	377	162	221	130	406	332	142	65	164	391	381	159	395	164	238	275	51	276	334	243	0	274	100	196	89	347	136	|
|274	352	220	224	330	190	61	218	207	190	306	211	132	308	118	117	136	121	171	3	279	257	325	164	274	0	367	122	194	294	140	|
|106	20	339	143	401	220	317	224	473	391	207	163	245	425	467	255	492	262	296	367	90	308	350	341	100	367	0	272	188	377	232	|
|201	261	134	138	245	68	112	204	212	145	281	148	34	237	197	95	258	117	70	120	182	153	224	221	196	122	272	0	146	208	103	|
|85	170	270	65	371	145	136	69	354	291	136	27	113	374	307	77	308	77	206	195	117	270	337	159	89	194	188	146	0	337	54	|
|358	376	75	297	37	193	312	403	187	119	469	327	233	49	285	302	406	325	138	291	307	71	54	428	347	294	377	208	337	0	306	|
|135	215	235	92	342	125	85	101	304	247	182	72	73	339	253	23	260	34	170	141	150	245	315	142	136	140	232	103	54	306	0	|

--------------------------------------------------------------------------------
Building model...
	using lazy and cut (CVRPSEP package)
Solving IRP LP...
--------------------------------------------------------------------------------

Gurobi 9.1.0 (linux64) logging started Sat Jan 23 12:50:20 2021

Gurobi Optimizer version 9.1.0 build v9.1.0rc0 (linux64)
Thread count: 32 physical cores, 32 logical processors, using up to 2 threads
Optimize a model with 1177 rows, 6436 columns and 16129 nonzeros
Model fingerprint: 0x3f38b47b
Variable types: 484 continuous, 5952 integer (372 binary)
Coefficient statistics:
  Matrix range     [1e+00, 6e+02]
  Objective range  [1e-01, 5e+02]
  Bounds range     [1e+00, 3e+02]
  RHS range        [1e+01, 4e+03]
Presolve removed 191 rows and 607 columns
Presolve time: 0.05s
Presolved: 986 rows, 5829 columns, 13987 nonzeros
Variable types: 422 continuous, 5407 integer (5064 binary)

Root relaxation: objective 9.006593e+03, 999 iterations, 0.02 seconds

    Nodes    |    Current Node    |     Objective Bounds      |     Work
 Expl Unexpl |  Obj  Depth IntInf | Incumbent    BestBd   Gap | It/Node Time

     0     0 9006.59298    0  105          - 9006.59298      -     -    0s
     0     0 9398.94984    0  114          - 9398.94984      -     -    0s
     0     0 9417.12447    0  134          - 9417.12447      -     -    0s
     0     0 9673.20565    0  192          - 9673.20565      -     -    0s
     0     0 9739.42957    0  184          - 9739.42957      -     -    0s
     0     0 9742.48608    0  194          - 9742.48608      -     -    0s
     0     0 9743.55433    0  203          - 9743.55433      -     -    0s
     0     0 9743.55433    0  213          - 9743.55433      -     -    0s
     0     0 9855.65247    0  172          - 9855.65247      -     -    0s
     0     0 9858.22804    0  190          - 9858.22804      -     -    0s
     0     0 9858.93340    0  180          - 9858.93340      -     -    0s
     0     0 9920.19061    0  263          - 9920.19061      -     -    1s
     0     0 9923.29500    0  304          - 9923.29500      -     -    1s
     0     0 9923.48797    0  291          - 9923.48797      -     -    1s
     0     0 9954.84261    0  285          - 9954.84261      -     -    1s
     0     0 9962.81979    0  295          - 9962.81979      -     -    1s
     0     0 9963.93830    0  316          - 9963.93830      -     -    1s
     0     0 9964.22810    0  301          - 9964.22810      -     -    1s
     0     0 9980.31007    0  340          - 9980.31007      -     -    1s
     0     0 9987.00108    0  337          - 9987.00108      -     -    1s
     0     0 9988.20492    0  351          - 9988.20492      -     -    1s
     0     0 10002.4307    0  371          - 10002.4307      -     -    1s
     0     0 10004.7990    0  399          - 10004.7990      -     -    1s
     0     0 10005.8623    0  436          - 10005.8623      -     -    1s
     0     0 10026.5842    0  370          - 10026.5842      -     -    2s
     0     0 10028.8856    0  307          - 10028.8856      -     -    2s
     0     0 10029.3426    0  339          - 10029.3426      -     -    2s
     0     0 10032.7186    0  323          - 10032.7186      -     -    2s
     0     0 10033.8480    0  361          - 10033.8480      -     -    2s
     0     0 10036.6191    0  365          - 10036.6191      -     -    2s
     0     0 10036.6191    0  357          - 10036.6191      -     -    2s
     0     2 10037.2725    0  356          - 10037.2725      -     -    3s
    40    45 10090.7654   11  249          - 10040.7904      -   275    5s
   191   208 10867.4188   49  196          - 10040.7904      -   217   10s
   545   531 11774.0994   95  148          - 10040.7904      -   125   15s
   746   685 10124.9610   15  189          - 10045.1810      -   120   20s
   777   706 10285.3359   10  430          - 10086.1811      -   115   25s
   799   721 12299.1109  123  339          - 10087.2070      -   123   30s
   820   738 10093.0455   22  401          - 10092.9933      -   126   35s
   841   752 10150.0799   27  347          - 10105.2640      -   131   40s
   907   799 10358.7424   43  295          - 10105.2640      -   147   45s
   972   853 10458.7505   58  104          - 10105.2640      -   155   50s
  1137   976 10797.9142   94  152          - 10105.2640      -   158   55s
  1319  1100 11358.3863  140  105          - 10105.2640      -   158   60s
  1644  1288 11375.8299  182  126          - 10105.2640      -   144   65s
  1890  1411 10169.9749   33  415          - 10105.2640      -   138   70s
  2000  1462 10309.9637   31  276          - 10108.2559      -   139   75s
  2046  1499 10354.4974   37  291          - 10108.2559      -   147   80s
  2128  1558 10466.7838   52  264          - 10108.2559      -   154   85s
  2231  1627 10736.2188   67  222          - 10108.2559      -   160   91s
  2319  1735 10892.5412   86  207          - 10108.2559      -   163   95s
  2473  1799 11046.3643  110  215          - 10108.2559      -   161  100s
  2583  1840 11401.4853  156  210          - 10108.2559      -   162  105s
  2703  1956 11767.3947  221  118          - 10108.2559      -   163  111s
  2817  2048 12277.2038  263  110          - 10108.2559      -   164  116s
  2891  2105 12729.0629  286   78          - 10108.2559      -   164  120s
  3065  2277 13413.2554  362   50          - 10108.2559      -   160  125s
  3332  2451 15096.1995  444    6          - 10118.7370      -   152  130s
  3476  2550 10290.8757   31  389          - 10118.7370      -   152  135s
  3569  2714 10319.1504   33  388          - 10118.7370      -   153  140s
  3675  2850 10404.6732   44  321          - 10118.7370      -   151  145s
  3844  2883 10461.7227   50  326          - 10118.7370      -   152  150s
  3875  2917 10524.9280   56  300          - 10118.7370      -   156  155s
  3928  2973 10752.7402   75  136          - 10118.7370      -   160  161s
  3975  3035 11078.4251   94  146          - 10118.7370      -   162  166s
  4063  3132 11506.4459  123  113          - 10118.7370      -   165  172s
  4111  3275 11608.3527  137   46          - 10118.7370      -   166  176s
  4254  3536 12041.2361  234  115          - 10123.8260      -   164  182s
  4581  3563 10357.5059   27  329          - 10123.8260      -   156  187s
  4608  3604 10525.2013   34  338          - 10123.8260      -   158  190s
  4706  3766 10727.8906   54   57          - 10123.8260      -   161  197s
  4813  3958 11071.1600   83   11          - 10123.8260      -   161  203s
  5017  4494 11403.6273   88   35          - 10124.0797      -   159  210s
  5668  4562 10366.8488   25  394          - 10127.1172      -   147  218s
  5688  4592 10568.2489   33  330          - 10127.1172      -   149  221s
  5718  4699 10700.2262   41  152          - 10127.1172      -   150  225s
  5825  4855 11401.2382   82   56          - 10127.1172      -   151  231s
  5989  5225 12926.9398  151   56          - 10128.5535      -   150  238s
  6221  5250 14129.9556  231   22          - 10128.5535      -   146  240s
  6501  5367 10686.7483   41  203          - 10133.5189      -   145  248s
  6566  5568 11158.2637   73   93          - 10133.5189      -   146  253s
  6769  5788 12431.2746  180   28          - 10133.5225      -   145  262s
  6999  5969 10266.6979   32  393          - 10133.5225      -   143  269s
  7055  5969 11464.7154  160   25          - 10133.5225      -   144  270s
  7233  6139 10492.2739   46  180          - 10133.5225      -   141  276s
  7385  6391 11467.0457  127   54          - 10143.2038      -   142  284s
  7461  6393 11821.3044  171   32          - 10143.2038      -   141  285s
  7745  6523 10462.1277   32  384          - 10143.2038      -   139  291s
  7827  6615 11160.2184   60   90          - 10143.2038      -   141  311s
  7921  7000 11459.0629   90   75          - 10143.2113      -   141  319s
  7998  7000 11779.0510  139   10          - 10143.2113      -   140  320s
  8405  7096 10483.0904   28  353          - 10152.7574      -   137  327s
  8466  7655 10664.5140   42  197          - 10152.7574      -   138  335s
  9070  7724 infeasible  184               - 10152.8389      -   133  344s
  9157  7768 10586.2528   33  360          - 10160.2940      -   134  349s
  9179  7768 10619.8266   33  284          - 10160.2940      -   135  350s
  9201  8248 10847.6633   45   46          - 10161.3399      -   136  358s
  9391  8254 11985.2700  159    2          - 10161.3399      -   135  360s
  9797  8392 10566.0684   26  282          - 10161.3399      -   132  367s
  9949  8809 10656.1363   38  316          - 10161.3399      -   132  376s
 10501  9203 12334.1792  120   41          - 10168.0533      -   127  387s
 10802  9240 12661.6000  186    6          - 10168.1375      -   126  390s
 11011  9310 10482.1933   33  417          - 10168.1375      -   124  395s
 11041  9393 10658.3511   42  297          - 10168.1375      -   125  400s
 11124  9634 11225.2352   76   32          - 10171.9324      -   126  408s
 11354  9645 13091.8467  207    8          - 10171.9324      -   125  410s
 11442  9928 10414.2252   33  366          - 10171.9324      -   126  418s
 11762  9953 13848.5300  193    2          - 10171.9324      -   124  420s
 11784 10047 10533.7459   46  277          - 10171.9324      -   124  425s
 11880 10506 10742.3102   67  251          - 10171.9324      -   125  432s
 12247 10521 11929.6600  135    7          - 10171.9324      -   124  435s
 12438 10709 11466.1785  104   63          - 10182.8211      -   123  442s
 12703 10804 10668.5890   27  343          - 10182.8211      -   122  448s
 12746 11150 10656.3242   36  311          - 10182.8211      -   123  457s
 13168 11194 15148.9500  225    -          - 10182.8211      -   122  460s
 13240 11332 10902.0964   58   25          - 10187.5056      -   121  465s
 13382 11413 10538.2552   34  328          - 10187.5056      -   122  471s
 13462 11660 10647.4069   43  290          - 10187.5056      -   123  478s
 13787 11690 13470.8500  214    -          - 10187.5056      -   121  480s
 13797 11925 10899.6768   66   82          - 10191.7253      -   122  487s
 14073 11951 10286.7132   37  459          - 10191.7253      -   121  493s
 14088 11990 10342.8641   40  331          - 10191.7253      -   122  497s
 14127 12193 10771.9201   56  255          - 10191.7253      -   123  503s
 14332 12396 10798.5715   69  237          - 10191.7253      -   123  510s
 14605 12468 11362.4331  136   67          - 10197.7766      -   122  517s
 14679 12511 10437.1376   31  341          - 10197.7766      -   123  522s
 14722 12792 10619.5827   38  350          - 10197.7766      -   124  530s
 15065 13013 10727.5460   63   30          - 10210.7697      -   123  540s
 15350 13185 11016.1429   76   31          - 10213.1268      -   122  548s
 15510 13352 10470.6035   30  352          - 10213.1268      -   123  555s
 15709 13441 10781.7890   44  134          - 10213.1268      -   123  561s
 15802 13702 10961.5449   75  160          - 10213.5955      -   124  569s
 15840 13702 11012.1594  109   25          - 10213.5955      -   124  570s
 16103 13889 10494.2128   30  302          - 10213.5955      -   123  578s
 16353 14179 10718.4103   37  320          - 10213.5955      -   123  587s
 16673 14309 11085.3448   51  134          - 10219.6643      -   123  595s
 16807 14349 10539.9020   38  392          - 10219.6643      -   123  600s
 16870 14609 11219.3608   54   69          - 10219.6643      -   125  612s
 17145 14805 11167.3199   90  201          - 10221.7862      -   125  621s
 17383 14878 10624.3122   35  286          - 10221.7862      -   125  627s
 17441 15072 10767.2872   39  240          - 10221.7862      -   126  635s
 17678 15173 10956.4649   50  112          - 10221.7862      -   126  642s
 17766 15363 11373.0953   63   10          - 10222.3191      -   126  649s
 17880 15370 12762.2000  136    8          - 10222.3191      -   126  650s
 18005 15454 10714.3933   33  376          - 10222.3191      -   126  655s
 18072 15634 10705.1842   36  298          - 10222.3191      -   127  662s
 18292 15665 10973.7900   46  298          - 10222.3191      -   127  668s
 18321 15716 11307.6452   50  240          - 10222.3191      -   127  673s
 18372 15914 11377.5883   65  108          - 10222.3191      -   128  681s
 18628 16125 11758.2386  114    4          - 10223.9738      -   128  689s
 18743 16133 12666.0175  169    8          - 10223.9738      -   127  690s
 18851 16173 10579.9713   37  369          - 10223.9738      -   128  695s
 18884 16244 10694.7150   44  310          - 10223.9738      -   128  700s
 18955 16419 10896.9790   55  163          - 10223.9738      -   129  706s
 19146 16631 11406.8958  107   31          - 10224.0489      -   129  715s
 19464 16850 10510.8151   27  431          - 10224.0489      -   128  724s
 19656 16911 10781.0863   40  249          - 10224.0489      -   128  730s
 19733 16958 11024.6382   50  245          - 10224.0489      -   129  736s
 19768 17081 11102.3838   66   45          - 10224.0489      -   130  741s
 19891 17287 11257.9399  145   42          - 10230.9914      -   130  748s
 20123 17567 10651.6596   36  357          - 10230.9914      -   130  757s
 20452 17626 10812.8203   44  314          - 10230.9914      -   129  764s
 20488 17685 11085.0933   63  213          - 10230.9914      -   130  769s
 20526 17685 11221.0975   79  175          - 10230.9914      -   130  770s
 20547 17923 11342.8388   81  120          - 10236.2691      -   130  777s
 20883 18033 10334.2396   28  390          - 10236.2691      -   130  785s
 20951 18330 10564.4134   41  359          - 10236.2691      -   131  794s
 21096 18330 11532.4876  123   25          - 10236.2691      -   131  795s
 21294 18452 10926.7982   50   81          - 10236.2691      -   130  802s
 21406 18532 11532.6407   96   22          - 10239.5759      -   131  808s
 21524 18803 10519.5198   35  397          - 10239.5759      -   131  816s
 21791 18903 10812.7115   48  208          - 10239.5759      -   131  824s
 21867 18903 11214.8322   89   15          - 10239.5759      -   131  825s
 21919 18987 11564.9692  100   66          - 10240.0802      -   131  830s
 22025 19028 10541.3065   35  369          - 10240.0802      -   132  836s
 22056 19081 10706.0751   48  336          - 10240.0802      -   132  841s
 22109 19291 11039.1261   67   19          - 10242.9322      -   133  848s
 22358 19474 10590.5714   35  293          - 10242.9322      -   133  858s
 22603 19537 10723.7308   39  235          - 10242.9322      -   133  864s
 22632 19570 10906.7067   47  234          - 10242.9322      -   133  869s
 22665 19762 11005.0841   53  233          - 10242.9322      -   134  877s
 22930 19862 11149.4382   67   99          - 10242.9322      -   134  884s
 22968 19862 11314.1267   94  119          - 10242.9322      -   134  885s
 23004 20005 11643.8916  106   53          - 10246.2565      -   134  891s
 23179 20257 10539.7229   34  313          - 10246.2565      -   134  902s
 23503 20459 10694.8595   42  216          - 10246.2565      -   134  910s
 23732 20660 11258.9326   84   54          - 10247.3012      -   134  919s
 23887 20660 14032.8200  171   10          - 10247.3012      -   133  920s
 23944 20788 10601.1646   38  354          - 10247.3012      -   134  926s
 24098 20836 10922.1533   45  308          - 10247.3012      -   134  932s
 24135 20984 11101.7449   59   42          - 10249.1474      -   134  939s
 24250 20991 11960.1700  143   12          - 10249.1474      -   134  940s
 24345 21203 11269.8668   60   73          - 10249.1474      -   134  947s
 24538 21487 12148.4692  103   45          - 10250.1290      -   134  957s
 24930 21562 10607.9579   34  389          - 10250.7886      -   133  964s
 24958 21623 10737.6542   38  336          - 10250.7886      -   134  970s
 25019 21915 11046.6670   52   54          - 10250.8845      -   134  977s
 25400 21981 11468.8666   60   72          - 10251.9318      -   134  985s
 25560 22078 10622.6184   42  365          - 10252.1011      -   134  991s
 25598 22222 10707.7701   51  373          - 10252.1011      -   134  998s
 25809 22363 11008.3775   58  319          - 10252.1011      -   134 1006s
 25985 22656 11176.4788   68  162          - 10257.7770      -   134 1016s
 26301 22871 10719.3669   36  363          - 10257.7770      -   134 1026s
 26573 22942 10985.7956   47  273          - 10257.7770      -   134 1032s
 26607 23009 11007.8409   47  280          - 10257.7770      -   134 1038s
 26684 23265 11065.7056   53  242          - 10261.4208      -   135 1046s
 27034 23332 10582.2831   32  354          - 10261.6309      -   134 1053s
 27067 23405 10857.6851   47  321          - 10261.6309      -   135 1059s
 27106 23405 11124.1295   67   99          - 10261.6309      -   135 1060s
 27142 23590 11192.9121   68   90          - 10261.6346      -   135 1067s
 27371 23740 10497.7587   45  385          - 10261.6346      -   135 1075s
 27541 23907 10706.4453   51  202          - 10261.6346      -   135 1083s
 27745 23961 10880.3434   58  152          - 10261.6346      -   135 1089s
 27776 24126 11122.5536   63  225          - 10261.6346      -   135 1097s
 28013 24217 11197.8914   69  264          - 10261.6346      -   135 1104s
 28093 24332 11323.7420   80  277          - 10261.6346      -   136 1110s
 28216 24598 12772.6713  140   52          - 10266.7402      -   136 1120s
 28640 24860 10532.1754   46  390          - 10266.7402      -   135 1131s
 28867 24906 10741.0323   54  153          - 10266.7402      -   135 1137s
 28902 25046 11080.0197   68   80          - 10268.9417      -   135 1145s
 29145 25120 10453.5837   34  365          - 10268.9417      -   135 1151s
 29171 25184 10548.7729   39  332          - 10268.9417      -   135 1157s
 29235 25432 10902.2002   47   56          - 10268.9417      -   136 1166s
 29581 25679 11541.2809  104  147          - 10269.2661      -   135 1177s
 29862 25738 10606.3767   30  366          - 10269.2661      -   135 1184s
 29898 25891 10904.7645   44  102          - 10270.4550      -   135 1193s
 30072 25953 10466.4406   32  406          - 10270.4550      -   135 1200s
 30125 26104 10603.2477   39  401          - 10270.4550      -   136 1208s
 30294 26143 10844.0712   58  227          - 10270.4550      -   136 1213s
 30329 26206 10965.8856   69  296          - 10270.4550      -   136 1219s
 30392 26449 11245.2173   88  148          - 10270.4550      -   137 1227s
 30677 26701 11856.8852  153  129          - 10276.2966      -   137 1237s
 30940 26747 10512.4373   32  406          - 10276.2966      -   136 1244s
 30977 26907 10608.9831   36  366          - 10276.2966      -   137 1252s
 31175 26957 10800.1457   40  143          - 10276.2966      -   137 1259s
 31236 27114 10995.5773   66  165          - 10283.5786      -   137 1266s
 31433 27168 10584.3487   33  363          - 10283.5786      -   137 1273s
 31469 27342 10769.2802   39  375          - 10283.5786      -   138 1281s
 31680 27555 10957.8900   49  259          - 10283.5786      -   138 1289s
 31717 27555 12090.0039  113   84          - 10283.5786      -   138 1290s
 31992 27876 11254.0076   68  135          - 10287.8197      -   137 1301s
 32321 27945 10457.4244   38  314          - 10287.8197      -   137 1308s
 32365 28092 10764.8449   49  177          - 10287.8197      -   137 1316s
 32536 28261 10951.1846   64  251          - 10287.8197      -   137 1324s
 32612 28261 11098.8737  117   48          - 10287.8197      -   137 1325s
 32699 28388 11855.9040  150   21          - 10290.0533      -   137 1331s
 32926 28589 10806.9345   52  263          - 10290.0533      -   137 1340s
 33122 28693 10852.6714   57   76          - 10290.0533      -   137 1348s
 33210 28861 10947.6709   60  147          - 10290.0533      -   138 1355s
 33392 29103 11077.6830   79  191          - 10290.0533      -   138 1365s
 33674 29350 11846.6892  120   49          - 10292.6755      -   137 1374s
 33751 29351 12323.8155  202   14          - 10292.6755      -   137 1375s
 34014 29468 10820.4975   40  350          - 10292.6755      -   137 1382s
 34082 29737 11031.9643   50  234          - 10292.6755      -   137 1391s
 34408 30059 11621.8010  108   85          - 10295.2594      -   137 1401s
 34779 30190 10763.6346   41  297          - 10295.2594      -   136 1410s
 34888 30315 11021.7240   52  251          - 10295.2594      -   136 1417s
 35041 30700 11344.2666   70  123          - 10297.1549      -   137 1428s
 35234 30700 12982.7826  149   13          - 10297.1549      -   136 1430s
 35587 30804 10699.2545   37  318          - 10297.1549      -   135 1437s
 35614 30841 10919.3146   40  273          - 10297.1549      -   136 1442s
 35651 30924 11223.9613   56  207          - 10297.1549      -   136 1448s
 35734 31198 11420.2991   74  213          - 10298.0055      -   137 1458s
 36080 31238 10440.2451   33  435          - 10298.1042      -   136 1465s
 36095 31263 10479.9595   38  408          - 10298.1042      -   137 1470s
 36120 31338 10642.5286   41  398          - 10298.1042      -   137 1476s
 36197 31510 10808.6991   54  286          - 10298.1042      -   138 1483s
 36426 31776 11174.1942   71   94          - 10298.1042      -   137 1492s
 36689 31814 infeasible  191               - 10299.3067      -   137 1499s
 36733 31989 10586.2966   47  370          - 10299.3067      -   138 1507s
 36968 32076 10936.2621   52  303          - 10299.3067      -   137 1514s
 37028 32343 11089.5169   64  170          - 10300.2437      -   138 1522s
 37380 32572 11602.3168   90   40          - 10300.2744      -   137 1532s
 37699 32648 10548.9924   46  329          - 10300.2744      -   137 1538s
 37729 32694 10787.0342   56  257          - 10300.2744      -   137 1543s
 37775 32900 10978.1720   70  192          - 10301.2999      -   138 1551s
 38033 33007 10515.8170   44  346          - 10301.2999      -   138 1558s
 38150 33072 10655.4775   52  306          - 10301.2999      -   138 1564s
 38207 33387 11163.8330   74   75          - 10303.0239      -   138 1573s
 38603 33453 10654.0122   45  290          - 10306.0431      -   138 1581s
 38637 33515 10901.3530   54  288          - 10306.0431      -   138 1587s
 38699 33785 11164.1508   79   88          - 10306.0431      -   138 1595s
 38979 34031 11558.8456  112   45          - 10306.0739      -   138 1604s
 39017 34031 11514.8123  147   24          - 10306.0739      -   138 1605s
 39405 34142 10520.0266   36  376          - 10307.8554      -   137 1612s
 39433 34176 10674.9385   43  348          - 10307.8554      -   138 1617s
 39467 34399 10886.0977   51   59          - 10307.8554      -   138 1626s
 39719 34564 11502.8630   90  134          - 10309.1314      -   138 1636s
 39981 34643 10529.8630   33  362          - 10309.8898      -   138 1642s
 40012 34675 10724.1238   44  203          - 10309.8898      -   138 1647s
 40044 34764 10809.1868   50  258          - 10309.8898      -   139 1654s
 40133 35020 11034.3002   57  195          - 10309.8898      -   139 1666s
 40460 35104 11166.6152   57  210          - 10309.8898      -   139 1674s
 40514 35167 11245.7753   66  195          - 10309.8898      -   139 1681s
 40577 35397 11384.0114   80  179          - 10309.9999      -   140 1690s
 40859 35543 10575.0941   41  361          - 10309.9999      -   139 1700s
 41034 35588 10779.4047   45  308          - 10309.9999      -   139 1706s
 41057 35633 10977.2814   49  263          - 10309.9999      -   140 1712s
 41102 35810 10983.5624   61  171          - 10309.9999      -   140 1720s
 41319 36016 11445.6547   81  160          - 10310.6197      -   140 1729s
 41358 36016 11551.4739  108   52          - 10310.6197      -   140 1730s
 41535 36170 10674.9432   33  344          - 10310.6197      -   140 1739s
 41689 36286 10710.4421   38  397          - 10310.6197      -   140 1747s
 41840 36310 10896.6308   46  277          - 10310.6197      -   140 1753s
 41863 36367 11117.0061   54  249          - 10310.6197      -   141 1759s
 41920 36450 11391.1570   78  107          - 10315.7494      -   141 1766s
 42042 36575 10654.6525   40  287          - 10315.7494      -   141 1773s
 42148 36871 11040.3245   56  145          - 10315.7494      -   141 1782s
*42499 33859             207    13644.680000 10315.7494  24.4%   141 1784s
*42505 33849             210    13642.680000 10315.7494  24.4%   141 1784s
 42544 33911 12019.7195  119   37 13642.6800 10316.1538  24.4%   141 1791s
 42647 33945 10576.2495   34  407 13642.6800 10316.2337  24.4%   141 1798s
 42679 34046 10662.1581   43  404 13642.6800 10316.2337  24.4%   141 1806s
 42790 34207 10951.5591   50  302 13642.6800 10316.2337  24.4%   141 1815s
 42973 34362 11719.8832   84   46 13642.6800 10316.5408  24.4%   141 1825s
 43186 34404 13318.9500  193    - 13642.6800 10319.2130  24.4%   141 1832s
 43216 34438     cutoff  193      13642.6800 10319.2403  24.4%   141 1838s
*43218 34377             193    13626.470000 10319.2403  24.3%   141 1838s
*43220 34147             191    13576.350000 10319.2403  24.0%   141 1838s
 43256 34240 13558.9900  190    6 13576.3500 10320.3227  24.0%   142 1847s
*43260 34221             191    13567.990000 10320.3227  23.9%   142 1847s
 43374 34257     cutoff  192      13567.9900 10322.0723  23.9%   142 1853s
 43437 34283 10635.5414   46  373 13567.9900 10322.5375  23.9%   142 1860s
 43464 34321 10994.1636   66  253 13567.9900 10322.5375  23.9%   142 1866s
 43502 34402 11642.2095   88  280 13567.9900 10324.7258  23.9%   143 1874s
 43597 34462     cutoff  155      13567.9900 10325.2390  23.9%   143 1882s
H43605 34372                    13547.110000 10325.2390  23.8%   143 1882s
H43658 31379                    12987.870000 10325.2390  20.5%   143 1891s
 43781 31425 11239.1038   57  248 12987.8700 10325.2390  20.5%   143 1898s
 43821 31530 11652.1643   83  264 12987.8700 10327.1469  20.5%   143 1907s
 43948 31618     cutoff  173      12987.8700 10327.2077  20.5%   143 1917s
 44058 31648 10815.9061   42  380 12987.8700 10327.3291  20.5%   144 1925s
 44088 31696 11193.1732   59  299 12987.8700 10327.3291  20.5%   144 1932s
 44136 31759 12116.9064   90  176 12987.8700 10327.5190  20.5%   144 1939s
 44216 31818 10698.7331   39  344 12987.8700 10327.5190  20.5%   144 1947s
 44299 31919 11123.1277   53  284 12987.8700 10327.5190  20.5%   145 1955s
 44400 31987 12610.3260  133   41 12987.8700 10328.2081  20.5%   145 1963s
 44478 32190 11259.4579   64  142 12987.8700 10329.9743  20.5%   145 1975s
 44787 32231 10550.9675   43  330 12987.8700 10330.6487  20.5%   145 1985s
 44795 32249 10686.5569   47  393 12987.8700 10330.6487  20.5%   145 1991s
 44813 32272 10801.8608   52  336 12987.8700 10330.6487  20.5%   145 1998s
 44836 32310 10896.1261   54  412 12987.8700 10330.6487  20.5%   146 2005s
 44874 32468 11295.0106   65   41 12987.8700 10330.7908  20.5%   146 2014s
 44988 32469 12444.2600  144    4 12987.8700 10330.7908  20.5%   146 2015s
 45048 32592     cutoff  151      12987.8700 10333.1342  20.4%   146 2025s
 45207 32635 10714.7306   38  224 12987.8700 10333.5539  20.4%   146 2033s
 45241 32737 11419.2988   67  216 12987.8700 10337.0676  20.4%   146 2041s
 45359 32787 infeasible  151      12987.8700 10337.0676  20.4%   146 2050s
 45439 32807 10682.1413   44  390 12987.8700 10337.8265  20.4%   146 2058s
 45454 32845 11084.5193   50  434 12987.8700 10337.8265  20.4%   147 2066s
 45492 32990 11315.8093   69  347 12987.8700 10338.1092  20.4%   147 2074s
 45568 32990 12545.0943  145   12 12987.8700 10338.1092  20.4%   147 2075s
 45675 33022 10819.8823   38  250 12987.8700 10338.4308  20.4%   147 2082s
 45707 33044 11219.7265   48  295 12987.8700 10338.4308  20.4%   147 2090s
H45718 30810                    12696.150000 10338.4308  18.6%   147 2090s
 45729 30885 11397.6629   55  322 12696.1500 10338.4308  18.6%   147 2098s
 45810 30937 11770.0682   79  194 12696.1500 10338.9385  18.6%   148 2106s
 45898 30981 10491.3399   38  419 12696.1500 10340.7605  18.6%   148 2114s
 45942 31085 10718.0577   50  370 12696.1500 10340.7605  18.6%   148 2122s
 46066 31179 11115.0487   80  248 12696.1500 10341.0919  18.5%   148 2132s
 46171 31213 10666.3625   31  439 12696.1500 10341.0919  18.5%   148 2138s
 46205 31290 10943.2185   35  124 12696.1500 10341.0919  18.5%   148 2146s
 46306 31315 11085.2775   40  370 12696.1500 10341.0919  18.5%   149 2154s
 46331 31431 11555.8994   46  151 12696.1500 10341.0919  18.5%   149 2162s
 46447 31500 12307.2515   69   54 12696.1500 10342.1890  18.5%   149 2170s
 46611 31540     cutoff   87      12696.1500 10342.3756  18.5%   149 2178s
 46642 31605 10880.5209   45  232 12696.1500 10342.5291  18.5%   149 2186s
 46707 31652 12584.7507   94   69 12696.1500 10342.9318  18.5%   150 2193s
 46778 31695 11000.9849   43  377 12696.1500 10342.9517  18.5%   150 2200s
 46821 31800 11864.6648   72  248 12696.1500 10342.9960  18.5%   150 2208s
 46954 31865 10767.1117   44  184 12696.1500 10343.0629  18.5%   150 2217s
 47019 31993 11489.5511   92   36 12696.1500 10343.1713  18.5%   151 2225s
 47186 32019 12352.2503  107   33 12696.1500 10343.5849  18.5%   151 2232s
 47234 32052     cutoff  124      12696.1500 10344.6884  18.5%   151 2241s
 47277 32109 11005.9185   59  266 12696.1500 10345.2259  18.5%   151 2248s
 47334 32162 11599.6946   82  213 12696.1500 10345.4377  18.5%   151 2255s
 47412 32246 11143.9507   57  257 12696.1500 10346.5704  18.5%   152 2263s
 47518 32279 10551.1359   34  375 12696.1500 10346.5704  18.5%   152 2271s
 47559 32309 10614.1129   36  389 12696.1500 10346.5704  18.5%   152 2277s
 47589 32443 10900.0551   40  343 12696.1500 10346.5704  18.5%   152 2286s
 47739 32472 11104.0642   49  336 12696.1500 10346.5704  18.5%   152 2294s
 47777 32514 11337.3978   65  258 12696.1500 10346.5704  18.5%   153 2301s
 47819 32600 11780.7261   84  123 12696.1500 10349.7777  18.5%   153 2313s
 47929 32669     cutoff  140      12696.1500 10349.8565  18.5%   153 2321s
 47993 32765 10850.9394   43  279 12696.1500 10349.8565  18.5%   153 2328s
 48103 32827 11561.9154   87   29 12696.1500 10350.6913  18.5%   154 2336s
 48179 32917 10733.2798   41  339 12696.1500 10350.6913  18.5%   154 2345s
 48286 32967 11195.0503   58  189 12696.1500 10350.6913  18.5%   154 2353s
 48360 33006 12601.2186  101   66 12696.1500 10351.4504  18.5%   154 2360s
 48411 33098 10775.3126   43  266 12696.1500 10351.4504  18.5%   155 2367s
 48503 33209 11266.2589   54  125 12696.1500 10351.7320  18.5%   155 2378s
 48646 33230     cutoff   85      12696.1500 10351.9260  18.5%   155 2385s
 48668 33302 10739.0305   43  170 12696.1500 10351.9260  18.5%   155 2393s
 48740 33575 11161.1983   71  132 12696.1500 10351.9857  18.5%   156 2406s
 49042 33679 10851.8733   51  289 12696.1500 10352.2765  18.5%   155 2418s
 49174 33738 11683.7156   78  158 12696.1500 10352.6066  18.5%   156 2427s
 49259 33802     cutoff  129      12696.1500 10352.7800  18.5%   156 2435s
H49323 33505                    12653.630000 10352.7800  18.2%   156 2443s
 49441 33619 11806.3033   90  169 12653.6300 10353.0975  18.2%   156 2452s
 49578 33647 10734.0891   30  468 12653.6300 10353.1011  18.2%   156 2460s
 49606 33754 11006.0717   45  369 12653.6300 10353.1011  18.2%   156 2470s
 49726 33827 11308.8160   71  309 12653.6300 10353.1011  18.2%   157 2477s
 49799 33870 12055.2667  138  167 12653.6300 10353.3998  18.2%   157 2484s
 49843 33870 10905.9783   42  290 12653.6300 10353.3998  18.2%   157 2485s
