




arguments: ./build/mirp_solver -f ./input/orig_exec_368.cfg
Current dir: /scratch/gui/bnc_mirp
File verbosity level: 9
date       time         ( uptime  ) [ thread name/id ]                   file:line     v| 
2021-01-28 20:11:43.680 (   0.089s) [main thread     ]             loguru.cpp:789   INFO| Logging to './output/vi_hc1_half/OU/V4/Original/execution_28_01_2021_20_11_43.log', mode: 'a', verbosity: 9
--------------------------------------------------------------------------------
Parameters
                           instance_path           ./input/Instances/Original/5/
                            model_policy                                       1
                             nb_vehicles                                       4
                              output_dir    ./output/vi_hc1_half/OU/V4/Original/
                            sec_strategy                                       1
                       solver_nb_threads                                       2
                         solver_show_log                                    true
                       solver_time_limit                                    3600
                              use_vi_cos                                   false
                              use_vi_cus                                   false
                         use_vi_hc1_full                                   false
                         use_vi_hc1_half                                    true
                      use_vi_hc1_quarter                                   false
                              use_vi_hc2                                   false
                              use_vi_hc3                                   false
                         use_vi_lex_full                                   false
                         use_vi_lex_half                                   false
                      use_vi_lex_quarter                                   false
                              use_vi_qua                                   false
                               use_vi_vc                                   false
                               use_vi_vr                                   false
--------------------------------------------------------------------------------
executing instance: ./input/Instances/Original/5/absH3low_4n50.dat
--------------------------------------------------------------------------------
Instance details
n	51
H	3
C	4066
Li:
[0, 0, 0, 0, 0, 0, 0, 0, 0, 0, 0, 0, 0, 0, 0, 0, 0, 0, 0, 0, 0, 0, 0, 0, 0, 0, 0, 0, 0, 0, 0, 0, 0, 0, 0, 0, 0, 0, 0, 0, 0, 0, 0, 0, 0, 0, 0, 0, 0, 0, 0, ]
Ui:
[0, 108, 126, 122, 66, 120, 48, 30, 128, 54, 158, 198, 36, 66, 210, 234, 147, 297, 171, 128, 116, 120, 219, 70, 294, 207, 134, 128, 234, 122, 22, 183, 195, 255, 132, 124, 66, 189, 219, 66, 128, 102, 288, 66, 87, 136, 36, 39, 282, 36, 237, ]
Distance matrix:
|0	210	444	498	509	104	438	228	487	304	456	434	526	476	163	47	293	396	293	290	313	85	280	437	293	336	409	106	449	376	433	478	193	404	404	534	278	181	380	507	189	438	263	473	353	216	202	218	452	254	465	|
|210	0	299	507	359	106	345	409	358	411	320	402	555	448	136	200	289	264	306	427	141	222	83	348	264	320	283	303	380	208	258	357	170	348	475	542	243	347	355	379	65	479	172	373	355	251	112	229	402	210	300	|
|444	299	0	363	65	358	116	542	66	440	26	241	425	272	282	407	251	51	276	490	159	397	224	124	217	237	48	490	170	99	83	74	261	180	430	385	214	479	231	85	270	390	184	116	271	300	409	276	210	215	54	|
|498	507	363	0	385	482	246	424	326	254	343	123	63	93	388	452	221	337	211	314	428	414	480	239	243	187	324	463	194	418	438	307	346	188	156	36	264	392	156	326	444	87	340	258	154	286	603	294	153	297	417	|
|509	359	65	385	0	422	145	602	59	492	59	269	448	292	348	472	305	115	329	545	218	462	281	152	274	286	106	554	192	153	116	78	326	216	472	403	274	540	271	63	334	425	249	127	316	361	468	337	233	278	69	|
|104	106	358	482	422	0	372	309	408	337	374	396	521	441	98	96	262	314	271	342	215	124	177	373	249	302	329	198	394	281	337	402	139	353	419	518	230	250	343	428	90	437	188	405	328	200	134	188	406	199	372	|
|438	345	116	246	145	372	0	485	87	357	97	126	309	155	279	394	180	101	200	414	223	373	288	8	157	150	84	459	53	188	196	68	245	72	328	269	165	427	128	97	297	280	184	36	175	250	456	233	94	184	170	|
|228	409	542	424	602	309	485	0	561	170	544	419	424	446	298	214	305	491	286	115	462	187	457	480	331	339	496	124	470	510	565	545	295	424	279	454	329	66	376	576	363	340	370	520	330	242	429	266	453	328	581	|
|487	358	66	326	59	408	87	561	0	441	40	211	389	233	324	446	258	95	281	497	220	431	287	95	230	234	79	522	133	164	146	19	297	160	415	344	233	500	215	21	323	367	224	68	261	320	470	299	174	242	106	|
|304	411	440	254	492	337	357	170	441	0	434	266	255	286	275	266	189	392	164	63	408	225	428	351	224	207	392	234	330	438	484	424	250	287	112	284	232	149	233	453	349	170	302	389	185	168	471	195	305	248	487	|
|456	320	26	343	59	374	97	544	40	434	0	223	406	252	294	418	247	60	271	487	181	405	247	105	215	229	49	498	149	124	109	48	270	165	419	364	215	482	218	60	288	375	194	92	261	302	431	279	190	220	75	|
|434	402	241	123	269	396	126	419	211	266	223	0	185	46	298	387	140	213	145	328	310	355	366	118	147	97	201	425	78	295	315	191	256	65	211	151	166	371	53	215	343	157	231	145	90	220	505	217	41	198	295	|
|526	555	425	63	448	521	309	424	389	255	406	185	0	156	430	481	266	398	252	310	485	442	534	301	293	237	386	480	257	478	500	370	390	249	145	55	313	401	212	389	491	89	392	321	201	322	646	334	216	345	479	|
|476	448	272	93	292	441	155	446	233	286	252	46	156	0	343	429	183	250	184	348	353	396	411	148	192	140	236	461	102	334	350	214	302	106	214	113	212	402	98	233	389	151	277	165	125	261	551	260	62	244	325	|
|163	136	282	388	348	98	279	298	324	275	294	298	430	343	0	124	167	234	178	296	167	121	162	279	151	205	247	216	297	224	280	316	42	256	340	423	132	232	246	344	74	349	100	314	233	115	216	97	308	101	307	|
|47	200	407	452	472	96	394	214	446	266	418	387	481	429	124	0	246	358	245	259	284	41	261	392	247	289	370	103	403	345	402	436	150	358	361	488	232	158	333	466	165	393	223	430	306	168	217	171	406	210	431	|
|293	289	251	221	305	262	180	305	258	189	247	140	266	183	167	246	0	204	26	240	238	215	276	175	37	43	203	289	169	255	297	242	125	122	202	257	52	248	87	272	225	191	134	215	67	80	382	77	163	81	298	|
|396	264	51	337	115	314	101	491	95	392	60	213	398	250	234	358	204	0	229	442	130	347	196	108	169	194	19	440	152	87	102	93	211	149	390	363	165	428	194	116	228	355	134	117	230	250	376	225	189	164	95	|
|293	306	276	211	329	271	200	286	281	164	271	145	252	184	178	245	26	229	0	216	262	212	297	195	63	53	228	280	184	280	323	264	138	137	178	248	76	232	95	294	241	173	156	234	60	77	395	83	172	102	324	|
|290	427	490	314	545	342	414	115	497	63	487	328	310	348	296	259	240	442	216	0	443	220	456	408	273	264	443	204	390	479	529	480	278	346	165	343	278	115	293	509	369	229	340	447	244	202	473	230	366	288	536	|
|313	141	159	428	218	215	223	462	220	408	181	310	485	353	167	284	238	130	262	443	0	288	67	228	202	252	149	382	267	67	122	221	168	247	440	459	186	396	273	241	125	423	107	245	291	242	251	214	297	162	160	|
|85	222	397	414	462	124	373	187	431	225	405	355	442	396	121	41	215	347	212	220	288	0	273	371	221	258	357	95	378	344	401	420	136	331	321	450	208	126	302	450	177	353	213	409	272	136	253	143	377	190	426	|
|280	83	224	480	281	177	288	457	287	428	247	366	534	411	162	261	276	196	297	456	67	273	0	292	243	298	215	363	329	128	176	288	179	305	475	513	224	392	324	307	96	466	143	311	335	261	187	235	357	195	219	|
|437	348	124	239	152	373	8	480	95	351	105	118	301	148	279	392	175	108	195	408	228	371	292	0	154	144	91	456	46	194	203	76	244	65	320	261	163	423	121	103	299	273	185	40	168	247	459	230	86	183	178	|
|293	264	217	243	274	249	157	331	230	224	215	147	293	192	151	247	37	169	63	273	202	221	243	154	0	57	170	303	157	217	260	215	110	111	238	278	21	271	94	245	201	223	100	193	92	93	362	78	160	54	263	|
|336	320	237	187	286	302	150	339	234	207	229	97	237	140	205	289	43	194	53	264	252	258	298	144	57	0	190	331	131	257	294	216	163	84	197	221	77	285	44	246	258	172	155	183	39	123	418	119	120	110	288	|
|409	283	48	324	106	329	84	496	79	392	49	201	386	236	247	370	203	19	228	443	149	357	215	91	170	190	0	449	136	105	114	75	221	138	384	349	168	434	185	99	245	346	146	98	224	255	394	231	174	171	99	|
|106	303	490	463	554	198	459	124	522	234	498	425	480	461	216	103	289	440	280	204	382	95	363	456	303	331	449	0	458	439	496	510	229	410	344	498	293	89	374	540	267	391	307	495	336	211	308	226	451	280	520	|
|449	380	170	194	192	394	53	470	133	330	149	78	257	102	297	403	169	152	184	390	267	378	329	46	157	131	136	458	0	238	249	114	259	47	287	216	171	416	96	137	327	235	211	67	145	247	488	235	41	197	223	|
|376	208	99	418	153	281	188	510	164	438	124	295	478	334	224	345	255	87	280	479	67	344	128	194	217	257	105	439	238	0	57	169	216	230	453	445	206	445	268	184	191	427	141	202	296	278	315	250	274	191	92	|
|433	258	83	438	116	337	196	565	146	484	109	315	500	350	280	402	297	102	323	529	122	401	176	203	260	294	114	496	249	57	0	157	271	252	490	463	251	499	296	162	247	457	195	199	331	329	362	302	288	241	47	|
|478	357	74	307	78	402	68	545	19	424	48	191	370	214	316	436	242	93	264	480	221	420	288	76	215	216	75	510	114	169	157	0	287	141	396	325	219	485	196	31	319	347	216	49	243	306	469	286	154	230	120	|
|193	170	261	346	326	139	245	295	297	250	270	256	390	302	42	150	125	211	138	278	168	136	179	244	110	163	221	229	259	216	271	287	0	216	305	382	91	229	204	316	105	310	78	280	192	83	257	60	268	62	292	|
|404	348	180	188	216	353	72	424	160	287	165	65	249	106	256	358	122	149	137	346	247	331	305	65	111	84	138	410	47	230	252	141	216	0	255	215	126	369	56	168	292	210	177	102	103	200	454	189	54	155	234	|
|404	475	430	156	472	419	328	279	415	112	419	211	145	214	340	361	202	390	178	165	440	321	475	320	238	197	384	344	287	453	490	396	305	255	0	181	254	261	201	422	410	69	335	353	160	225	551	246	252	280	482	|
|534	542	385	36	403	518	269	454	344	284	364	151	55	113	423	488	257	363	248	343	459	450	513	261	278	221	349	498	216	445	463	325	382	215	181	0	298	425	189	342	479	115	373	276	190	323	638	330	175	332	439	|
|278	243	214	264	274	230	165	329	233	232	215	166	313	212	132	232	52	165	76	278	186	208	224	163	21	77	168	293	171	206	251	219	91	126	254	298	0	267	114	250	181	242	82	202	112	88	341	68	177	33	258	|
|181	347	479	392	540	250	427	66	500	149	482	371	401	402	232	158	248	428	232	115	396	126	392	423	271	285	434	89	416	445	499	485	229	369	261	425	267	0	325	516	298	313	305	463	281	180	375	203	403	264	516	|
|380	355	231	156	271	343	128	376	215	233	218	53	212	98	246	333	87	194	95	293	273	302	324	121	94	44	185	374	96	268	296	196	204	56	201	189	114	325	0	224	294	161	185	157	49	167	455	163	78	147	284	|
|507	379	85	326	63	428	97	576	21	453	60	215	389	233	344	466	272	116	294	509	241	450	307	103	245	246	99	540	137	184	162	31	316	168	422	342	250	516	224	0	344	371	244	70	271	337	490	317	176	261	120	|
|189	65	270	444	334	90	297	363	323	349	288	343	491	389	74	165	225	228	241	369	125	177	96	299	201	258	245	267	327	191	247	319	105	292	410	479	181	298	294	344	0	414	116	328	291	187	163	165	345	147	282	|
|438	479	390	87	425	437	280	340	367	170	375	157	89	151	349	393	191	355	173	229	423	353	466	273	223	172	346	391	235	427	457	347	310	210	69	115	242	313	161	371	414	0	323	301	133	238	565	253	197	273	444	|
|263	172	184	340	249	188	184	370	224	302	194	231	392	277	100	223	134	134	156	340	107	213	143	185	100	155	146	307	211	141	195	216	78	177	335	373	82	305	185	244	116	323	0	217	192	138	278	110	230	55	214	|
|473	373	116	258	127	405	36	520	68	389	92	145	321	165	314	430	215	117	234	447	245	409	311	40	193	183	98	495	67	202	199	49	280	102	353	276	202	463	157	70	328	301	217	0	205	286	485	269	106	220	167	|
|353	355	271	154	316	328	175	330	261	185	261	90	201	125	233	306	67	230	60	244	291	272	335	168	92	39	224	336	145	296	331	243	192	103	160	190	112	281	49	271	291	133	192	205	0	138	449	141	123	145	323	|
|216	251	300	286	361	200	250	242	320	168	302	220	322	261	115	168	80	250	77	202	242	136	261	247	93	123	255	211	247	278	329	306	83	200	225	323	88	180	167	337	187	238	138	286	138	0	328	28	243	88	340	|
|202	112	409	603	468	134	456	429	470	471	431	505	646	551	216	217	382	376	395	473	251	253	187	459	362	418	394	308	488	315	362	469	257	454	551	638	341	375	455	490	163	565	278	485	449	328	0	313	508	308	406	|
|218	229	276	294	337	188	233	266	299	195	279	217	334	260	97	171	77	225	83	230	214	143	235	230	78	119	231	226	235	250	302	286	60	189	246	330	68	203	163	317	165	253	110	269	141	28	313	0	235	61	315	|
|452	402	210	153	233	406	94	453	174	305	190	41	216	62	308	406	163	189	172	366	297	377	357	86	160	120	174	451	41	274	288	154	268	54	252	175	177	403	78	176	345	197	230	106	123	243	508	235	0	207	264	|
|254	210	215	297	278	199	184	328	242	248	220	198	345	244	101	210	81	164	102	288	162	190	195	183	54	110	171	280	197	191	241	230	62	155	280	332	33	264	147	261	147	273	55	220	145	88	308	61	207	0	253	|
|465	300	54	417	69	372	170	581	106	487	75	295	479	325	307	431	298	95	324	536	160	426	219	178	263	288	99	520	223	92	47	120	292	234	482	439	258	516	284	120	282	444	214	167	323	340	406	315	264	253	0	|

--------------------------------------------------------------------------------
Building model...
	using lazy and cut (CVRPSEP package)
Solving IRP LP...
--------------------------------------------------------------------------------

Gurobi 9.1.0 (linux64) logging started Thu Jan 28 20:11:43 2021

Gurobi Optimizer version 9.1.0 build v9.1.0rc0 (linux64)
Thread count: 32 physical cores, 32 logical processors, using up to 2 threads
Optimize a model with 1947 rows, 16716 columns and 39984 nonzeros
Model fingerprint: 0x94a326c1
Variable types: 804 continuous, 15912 integer (612 binary)
Coefficient statistics:
  Matrix range     [1e+00, 1e+03]
  Objective range  [1e-02, 6e+02]
  Bounds range     [1e+00, 3e+02]
  RHS range        [1e+01, 7e+03]
Presolve removed 262 rows and 980 columns
Presolve time: 0.06s
Presolved: 1685 rows, 15736 columns, 36328 nonzeros
Variable types: 730 continuous, 15006 integer (14424 binary)

Root relaxation: objective 3.480598e+03, 2015 iterations, 0.09 seconds

    Nodes    |    Current Node    |     Objective Bounds      |     Work
 Expl Unexpl |  Obj  Depth IntInf | Incumbent    BestBd   Gap | It/Node Time

     0     0 3480.59763    0  164          - 3480.59763      -     -    0s
     0     0 3710.47032    0  178          - 3710.47032      -     -    0s
     0     0 3717.80516    0  179          - 3717.80516      -     -    1s
     0     0 3728.57306    0  182          - 3728.57306      -     -    1s
     0     0 3728.82714    0  182          - 3728.82714      -     -    1s
     0     0 3728.82714    0  185          - 3728.82714      -     -    1s
     0     0 4367.13493    0  256          - 4367.13493      -     -    1s
     0     0 4444.96645    0  283          - 4444.96645      -     -    2s
     0     0 4448.79933    0  286          - 4448.79933      -     -    2s
     0     0 4448.79933    0  287          - 4448.79933      -     -    2s
     0     0 4579.69331    0  310          - 4579.69331      -     -    2s
     0     0 4591.11519    0  291          - 4591.11519      -     -    2s
     0     0 4593.96889    0  299          - 4593.96889      -     -    2s
     0     0 4594.87949    0  334          - 4594.87949      -     -    3s
     0     0 4675.06747    0  401          - 4675.06747      -     -    3s
     0     0 4688.79114    0  376          - 4688.79114      -     -    4s
     0     0 4690.85969    0  446          - 4690.85969      -     -    4s
     0     0 4695.16197    0  403          - 4695.16197      -     -    4s
     0     0 4705.53784    0  454          - 4705.53784      -     -    4s
     0     0 4711.23253    0  462          - 4711.23253      -     -    5s
     0     0 4715.16219    0  420          - 4715.16219      -     -    5s
     0     0 4718.58068    0  410          - 4718.58068      -     -    5s
     0     0 4718.74397    0  439          - 4718.74397      -     -    5s
     0     0 4774.41899    0  427          - 4774.41899      -     -    6s
     0     0 4778.04213    0  391          - 4778.04213      -     -    7s
     0     0 4779.52298    0  388          - 4779.52298      -     -    7s
     0     0 4811.08664    0  485          - 4811.08664      -     -    7s
     0     0 4817.45084    0  497          - 4817.45084      -     -    8s
     0     0 4820.49735    0  388          - 4820.49735      -     -    8s
     0     0 4821.96690    0  507          - 4821.96690      -     -    9s
     0     0 4828.14423    0  414          - 4828.14423      -     -    9s
     0     0 4830.36169    0  362          - 4830.36169      -     -    9s
     0     0 4831.19363    0  389          - 4831.19363      -     -    9s
     0     0 4834.89841    0  382          - 4834.89841      -     -   10s
     0     0 4834.89841    0  370          - 4834.89841      -     -   11s
     0     2 4834.89841    0  359          - 4834.89841      -     -   14s
     3     6 4854.77329    2  300          - 4841.08248      -   382   15s
    26    28 4937.48086    7  393          - 4844.64263      -   473   20s
    77    83 5162.27791   21  260          - 4844.64263      -   332   25s
   152   160 5554.55603   45  159          - 4844.64263      -   262   30s
   281   301 6045.63978   91  129          - 4844.64263      -   193   35s
   419   465 6783.17468  138  106          - 4844.64263      -   167   41s
   569   589 4903.96605    3  499          - 4866.27983      -   142   45s
   644   614 4970.62217    8  453          - 4866.27983      -   139   50s
   661   633 5029.33953   12  432          - 4866.27983      -   147   55s
   681   657 5146.38103   18  303          - 4866.27983      -   158   60s
   718   690 5237.99779   29  234          - 4866.27983      -   169   65s
   730   694 5182.18886   16  346          - 4866.27983      -   169   70s
   739   700 5048.49738   22  646          - 4899.37445      -   167   76s
   744   704 7548.64278  169  579          - 4925.85509      -   166   80s
   755   711 6309.91783  109  708          - 4948.08126      -   164   86s
   762   716 7217.89712  149  729          - 4955.76803      -   162   90s
   770   721 5713.38203   62  750          - 4957.55597      -   161   95s
   773   723 6617.81049  117  759          - 4957.69837      -   160  103s
   778   729 4990.63356   14  491          - 4963.57288      -   186  105s
   788   736 5030.62862   17  478          - 4979.50102      -   196  110s
   803   747 5076.74884   20  463          - 4979.50102      -   206  115s
   823   760 5140.87872   25  432          - 4979.50102      -   215  120s
   839   772 5170.26974   29  563          - 4979.50102      -   223  125s
   857   784 5222.13479   33  397          - 4979.50102      -   232  131s
   886   804 5305.50305   39  394          - 4979.50102      -   241  135s
   923   834 5319.50965   44  382          - 4979.50102      -   246  141s
   953   855 5364.20256   50  358          - 4979.50102      -   252  145s
  1016   911 5420.40584   56  477          - 4979.50102      -   251  151s
  1108   981 5475.81218   60  455          - 4979.50102      -   240  156s
  1231  1037 5536.22322   64  514          - 4979.50102      -   227  161s
* 1271   993             204    8803.9200000 4979.50102  43.4%   223  164s
* 1275   956             204    8754.9200000 4979.50102  43.1%   222  164s
  1278   957 5564.59603   68  454 8754.92000 4979.50102  43.1%   223  168s
  1280   960 5572.63479   68  361 8754.92000 4979.50102  43.1%   224  170s
  1299   974 5701.66720   75  365 8754.92000 4979.50102  43.1%   231  176s
  1308   977 5809.01344   77  253 8754.92000 4979.50102  43.1%   235  182s
  1317   987 5831.55574   80  254 8754.92000 4979.50102  43.1%   238  186s
  1330   998 5808.33960   85  305 8754.92000 4979.50102  43.1%   241  190s
  1341  1013 5857.81995   88  275 8754.92000 4979.50102  43.1%   243  195s
  1365  1018 6018.85004   95  243 8754.92000 4979.50102  43.1%   245  202s
  1383  1042 6042.04534  102  227 8754.92000 4979.50102  43.1%   247  208s
  1400  1053 6114.73242  108  172 8754.92000 4979.50102  43.1%   248  210s
  1417  1055 6207.40080  115  158 8754.92000 4979.50102  43.1%   248  216s
  1433  1077 6290.84385  120  171 8754.92000 4979.50102  43.1%   250  222s
  1452  1073 6419.44405  126  134 8754.92000 4979.50102  43.1%   251  229s
  1454  1083 6508.67067  127  151 8754.92000 4979.50102  43.1%   251  234s
  1465  1098 6524.89807  130  227 8754.92000 4979.50102  43.1%   252  238s
  1484  1107 6782.16177  137  187 8754.92000 4979.50102  43.1%   253  242s
  1499  1121 6791.45483  141  145 8754.92000 4979.50102  43.1%   254  245s
  1539  1134 5397.57759   47  419 8754.92000 4979.50102  43.1%   253  250s
  1569  1181 7680.49932  170   85 8754.92000 4979.50102  43.1%   252  258s
  1601  1216 8007.69559  185   96 8754.92000 4979.50102  43.1%   250  263s
  1651  1244 8406.06793  208   89 8754.92000 4979.50102  43.1%   247  268s
  1700  1236     cutoff  231      8754.92000 4985.71639  43.1%   244  273s
  1716  1240 5079.57858   17  438 8754.92000 4985.71639  43.1%   246  277s
  1725  1249 5165.59192   18  412 8754.92000 4985.71639  43.1%   249  281s
  1737  1248 5148.95683   19  450 8754.92000 4985.71639  43.1%   249  289s
  1740  1271 5156.29507   20  332 8754.92000 4985.71639  43.1%   250  293s
  1764  1294 5194.33830   22  439 8754.92000 4985.71639  43.1%   250  298s
  1795  1330 5238.98221   23  366 8754.92000 4985.71639  43.1%   250  303s
  1842  1330 5249.72610   26  475 8754.92000 4985.71639  43.1%   248  310s
  1857  1327 5290.49058   28  411 8754.92000 4985.71639  43.1%   249  341s
  1859  1378 5308.70981   28  392 8754.92000 4985.71639  43.1%   249  345s
  1911  1410 5314.18572   29  336 8754.92000 4985.71639  43.1%   248  351s
  1962  1411 5348.69495   32  377 8754.92000 4985.71639  43.1%   247  372s
  1980  1474 5448.35699   33  232 8754.92000 4985.71639  43.1%   247  378s
  2052  1521 5426.67886   35  329 8754.92000 4985.71639  43.1%   244  384s
  2152  1496 5486.34276   44  240 8754.92000 4985.71639  43.1%   239  391s
  2177  1507 5526.06186   47  199 8754.92000 4985.71639  43.1%   241  396s
  2196  1529 5571.86413   53  145 8754.92000 4985.71639  43.1%   243  402s
  2224  1558 5640.11482   62  131 8754.92000 4985.71639  43.1%   245  408s
  2263  1601 5938.07259   75  111 8754.92000 4985.71639  43.1%   247  415s
  2319  1645 5972.81607   88  144 8754.92000 4985.71639  43.1%   247  424s
  2383  1754 6202.20963  104  110 8754.92000 4985.71639  43.1%   245  432s
  2520  1882 6586.35245  129   62 8754.92000 4985.71639  43.1%   239  442s
  2717  1915 7696.98173  169   68 8754.92000 4991.42560  43.0%   229  452s
  2858  1989 5163.42217   18  623 8754.92000 4991.42560  43.0%   226  461s
  2978  2032 5416.53906   22  549 8754.92000 4991.42560  43.0%   221  469s
  3051  2098 5567.07507   34  261 8754.92000 4991.42560  43.0%   220  478s
  3124  2194 6647.85993   95   31 8754.92000 4999.28968  42.9%   219  488s
  3281  2227 5197.70505   17  638 8754.92000 4999.28968  42.9%   214  497s
  3306  2266 5295.44071   20  506 8754.92000 4999.28968  42.9%   216  504s
  3345  2402 5363.27964   24  193 8754.92000 4999.28968  42.9%   218  515s
  3508  2471 5495.76358   35  208 8754.92000 4999.28968  42.9%   213  526s
  3590  2555 5663.87733   59  113 8754.92000 4999.28968  42.9%   214  536s
  3674  2693 5871.02002   91   90 8754.92000 4999.28968  42.9%   214  548s
  3752  2693 6116.33603  119  109 8754.92000 4999.28968  42.9%   213  550s
  3812  2816 6370.37474  129   83 8754.92000 5018.08774  42.7%   213  561s
  4022  2941 7964.83917  177   35 8754.92000 5021.12411  42.6%   207  574s
  4133  3068 8581.33012  188   37 8754.92000 5021.29726  42.6%   207  588s
  4242  3068 8362.92378  119   48 8754.92000 5028.54986  42.6%   205  590s
  4322  3138 5374.78053   34  405 8754.92000 5028.54986  42.6%   203  601s
  4392  3266 5833.92116   85  119 8754.92000 5029.71474  42.5%   204  614s
  4453  3266 7102.94754  145   35 8754.92000 5029.71474  42.5%   203  615s
  4560  3396 8404.13855  178   39 8754.92000 5037.93352  42.5%   202  631s
  4732  3442 5173.18689   23  276 8754.92000 5037.97058  42.5%   199  645s
  4775  3604 5298.65213   34  339 8754.92000 5037.97058  42.5%   202  660s
  4965  3674 5394.80605   50  198 8754.92000 5037.97058  42.5%   200  675s
  5035  3831 5621.20050   77   92 8754.92000 5040.84852  42.4%   202  692s
  5241  3872 infeasible  163      8754.92000 5043.56973  42.4%   200  707s
  5279  3959 5453.40698   37  209 8754.92000 5043.56973  42.4%   203  721s
  5366  4072 6145.19220   96   50 8754.92000 5044.38000  42.4%   205  737s
  5494  4263 7819.50394  140   65 8754.92000 5046.58472  42.4%   205  757s
  5696  4423 7933.93000  144    - 8754.92000 5046.64036  42.4%   204  775s
  5962  4487     cutoff  160      8754.92000 5050.06567  42.3%   201  796s
  6016  4599 5646.11720   45  253 8754.92000 5050.34656  42.3%   203  813s
  6124  4599 8011.19000  199    4 8754.92000 5050.34839  42.3%   203  815s
  6153  4707 5225.25722   22  395 8754.92000 5050.34839  42.3%   204  830s
  6280  4831 6550.05742   83  132 8754.92000 5055.11364  42.3%   205  850s
  6413  5047 8513.37573  158   55 8754.92000 5056.01527  42.2%   206  868s
  6637  5148 6434.47300  104   28 8754.92000 5056.02883  42.2%   205  946s
  6805  5213 5444.38019   26  513 8754.92000 5059.01673  42.2%   204  964s
  6834  5213 5620.60535   28  516 8754.92000 5059.01673  42.2%   205  965s
  6870  5373 5797.55876   55  397 8754.92000 5059.01673  42.2%   206  987s
  7047  5548 6414.09422   92  338 8754.92000 5063.52266  42.2%   204 1028s
  7194  5562 7851.07261  189   41 8754.92000 5068.19188  42.1%   203 1030s
  7270  5755 7906.22626  165   72 8754.92000 5070.25742  42.1%   203 1057s
  7503  5988 5643.23721   58  314 8754.92000 5074.15251  42.0%   203 1087s
  7775  6218 8260.22281  171   22 8754.92000 5075.89341  42.0%   202 1115s
  8045  6320     cutoff  188      8754.92000 5076.87636  42.0%   200 1140s
  8153  6466 6009.58804   49  384 8754.92000 5079.64300  42.0%   203 1165s
  8317  6735 5604.80854   39  274 8754.92000 5079.75926  42.0%   204 1194s
  8343  6735 6157.18310   65   82 8754.92000 5079.75926  42.0%   204 1195s
* 8632  6744             179    8745.1800000 5084.58847  41.9%   200 1198s
  8662  6958     cutoff  179      8745.18000 5084.61531  41.9%   201 1222s
* 8805  6959             180    8739.1800000 5085.55420  41.8%   200 1224s
  8843  6959 5845.46791   56  148 8739.18000 5085.55420  41.8%   201 1225s
  8968  7012 infeasible  178      8739.18000 5085.79842  41.8%   199 1247s
  9020  7220 5490.28168   34  203 8739.18000 5085.80571  41.8%   201 1272s
  9211  7220 6524.78852   91  218 8739.18000 5085.80571  41.8%   202 1275s
  9231  7377 5986.43372   92   26 8739.18000 5090.54872  41.8%   202 1299s
  9263  7378 6245.84000  108    - 8739.18000 5090.54872  41.8%   201 1300s
  9459  7559 7838.29914  148   31 8739.18000 5092.01669  41.7%   202 1325s
  9642  7677 8294.14500  161    2 8739.18000 5092.16056  41.7%   202 1349s
  9686  7685 5677.30306   51  407 8739.18000 5092.16056  41.7%   203 1350s
  9800  7753 8548.64077  163   25 8739.18000 5093.28955  41.7%   203 1374s
  9887  7812 5256.54396   24  678 8739.18000 5093.72866  41.7%   204 1398s
  9960  7871 5472.75668   34  288 8739.18000 5093.72866  41.7%   206 1421s
 10023  8043 5997.64096   44  367 8739.18000 5094.67967  41.7%   208 1450s
 10240  8126 5197.88186   23  501 8739.18000 5096.07465  41.7%   208 1474s
 10256  8126 5636.51556   39  198 8739.18000 5096.07465  41.7%   209 1475s
 10323  8350 6528.94481   76  178 8739.18000 5098.09379  41.7%   210 1501s
 10570  8350 infeasible  182      8739.18000 5098.86436  41.7%   209 1505s
 10581  8471 6024.05037   47  267 8739.18000 5098.86436  41.7%   210 1528s
 10738  8695 5737.62031   45  281 8739.18000 5099.19076  41.7%   210 1557s
 11012  8767 8383.31439  156   25 8739.18000 5100.51420  41.6%   209 1582s
 11104  8826     cutoff  175      8739.18000 5105.39632  41.6%   210 1606s
 11168  8951 5345.28692   35  412 8739.18000 5105.39632  41.6%   213 1631s
 11295  9164 6724.27898   65  212 8739.18000 5106.61080  41.6%   214 1660s
 11574  9348 6705.52215   82  213 8739.18000 5106.79071  41.6%   213 1687s
 11797  9367     cutoff  154      8739.18000 5106.93187  41.6%   213 1826s
 11813  9453 5219.39708   21  352 8739.18000 5106.93187  41.6%   213 1850s
 11909  9680 6583.62307   72  182 8739.18000 5107.50695  41.6%   215 1878s
 12176  9749     cutoff  165      8739.18000 5109.20199  41.5%   214 1903s
 12241  9991 5816.49161   56  307 8739.18000 5112.84660  41.5%   216 1930s
 12521 10174 infeasible  171      8739.18000 5113.52658  41.5%   215 1961s
 12740 10390 5949.69600   68  234 8739.18000 5115.46708  41.5%   215 1989s
 12815 10390 7898.92288  143   36 8739.18000 5115.46708  41.5%   215 1990s
 13018 10459 infeasible  163      8739.18000 5115.71115  41.5%   214 2014s
 13049 10459 5709.43809   51  299 8739.18000 5115.71115  41.5%   215 2015s
 13087 10739 5835.92060   61  234 8739.18000 5116.97638  41.4%   216 2041s
 13364 10766 6027.90029   91   44 8739.18000 5117.67438  41.4%   214 2045s
 13506 10888     cutoff  219      8739.18000 5117.79073  41.4%   213 2068s
 13629 11089 5781.84586   65  241 8739.18000 5120.12767  41.4%   214 2094s
 13658 11089 6023.22746   94  232 8739.18000 5120.12767  41.4%   214 2095s
 13874 11147 7801.75000  173    - 8739.18000 5121.64746  41.4%   213 2121s
 13934 11296 6051.45474   44  215 8739.18000 5121.97169  41.4%   215 2149s
 13979 11296 6987.85160   66  162 8739.18000 5121.97169  41.4%   215 2150s
 14078 11391 7866.59769   96   69 8739.18000 5122.12921  41.4%   215 2177s
H14188 10393                    7955.3400000 5122.12921  35.6%   216 2178s
 14207 10482 5455.62928   36  367 7955.34000 5122.12921  35.6%   216 2206s
 14360 10572 6224.86399  113  130 7955.34000 5124.26007  35.6%   217 2232s
 14462 10700 infeasible  157      7955.34000 5124.43130  35.6%   218 2257s
 14592 10852 6306.95588   57  227 7955.34000 5125.48700  35.6%   219 2285s
 14799 11095 5449.46781   36  116 7955.34000 5125.49225  35.6%   219 2317s
 15053 11130 5443.58954   37  210 7955.34000 5125.49225  35.6%   217 2320s
 15103 11436 6024.21101   75   38 7955.34000 5126.71489  35.6%   218 2352s
 15504 11459 7725.23755  177    4 7955.34000 5126.72059  35.6%   217 2356s
 15517 11566 5511.21875   39  373 7955.34000 5126.72059  35.6%   216 2383s
 15602 11566 7049.60429  124   17 7955.34000 5126.72059  35.6%   217 2385s
 15628 11645 7454.76106  133  135 7955.34000 5127.31807  35.5%   218 2408s
 15720 11760 6447.79449   84  169 7955.34000 5128.64640  35.5%   219 2439s
 15765 11760 7416.38281  129   90 7955.34000 5128.64640  35.5%   218 2440s
 15850 11852 5303.44349   21  670 7955.34000 5128.64640  35.5%   219 2465s
 15949 12017 5653.82906   32  232 7955.34000 5128.64640  35.5%   220 2492s
 16124 12197 6410.22705   57   96 7955.34000 5130.40639  35.5%   221 2522s
 16342 12327 5503.19451   37  246 7955.34000 5130.40639  35.5%   221 2554s
 16366 12327 6125.25851   61  405 7955.34000 5130.40639  35.5%   221 2555s
 16486 12613 6230.82665   74   64 7955.34000 5130.45214  35.5%   221 2586s
 16721 12623 5773.08155   84   74 7955.34000 5130.70189  35.5%   221 2595s
 16874 12826     cutoff  179      7955.34000 5130.76583  35.5%   220 2623s
 17096 12961 7697.01462  146   20 7955.34000 5131.23799  35.5%   219 2653s
 17174 12961 5823.52595   53  205 7955.34000 5133.04297  35.5%   220 2655s
 17259 13093 5724.56797   50  379 7955.34000 5133.04297  35.5%   219 2679s
 17297 13093 6551.31836   88  311 7955.34000 5133.04297  35.5%   220 2680s
 17402 13260 7038.07387  112  125 7955.34000 5134.10092  35.5%   220 2704s
 17432 13260 7452.82277  142   37 7955.34000 5134.10092  35.5%   220 2705s
 17595 13397 6119.74004   63   77 7955.34000 5134.21550  35.5%   220 2730s
 17761 13469     cutoff  127      7955.34000 5136.63151  35.4%   220 2754s
 17837 13609 5820.59762   48  251 7955.34000 5137.73055  35.4%   221 2780s
 18049 13733 7707.57084  128   39 7955.34000 5138.95722  35.4%   221 2807s
 18182 13855     cutoff  139      7955.34000 5138.99901  35.4%   222 2833s
 18268 13855 7575.57185  140   12 7955.34000 5140.91549  35.4%   222 2835s
 18335 13958 6397.11306   76  191 7955.34000 5141.02025  35.4%   222 2860s
 18448 14157 5558.76891   39  453 7955.34000 5141.65261  35.4%   223 2886s
 18664 14282 6855.82545  126  146 7955.34000 5142.03897  35.4%   222 2915s
 18813 14411 infeasible  173      7955.34000 5142.46364  35.4%   222 2943s
 18969 14557 5815.84109   53  397 7955.34000 5142.66143  35.4%   223 2973s
 19100 14560 7791.54071  168   67 7955.34000 5142.66143  35.4%   222 2975s
 19142 14668     cutoff  172      7955.34000 5143.24180  35.3%   223 3002s
 19252 14806 5862.05465   57  193 7955.34000 5143.42902  35.3%   223 3030s
 19418 15005     cutoff  147      7955.34000 5144.64757  35.3%   223 3057s
 19633 15055 7118.40910  121   75 7955.34000 5145.37208  35.3%   223 3082s
 19691 15163     cutoff  138      7955.34000 5145.58449  35.3%   224 3107s
 19800 15351 6591.51770   89   54 7955.34000 5145.67586  35.3%   224 3135s
 20009 15531 5775.80271   89   36 7955.34000 5147.19349  35.3%   224 3163s
 20156 15534 5823.60923   56  132 7955.34000 5147.20245  35.3%   224 3165s
 20243 15689 7610.35151  157   38 7955.34000 5148.28299  35.3%   224 3192s
 20431 15735 7881.35787  170   17 7955.34000 5148.69677  35.3%   223 3216s
 20483 15786 5572.39571   40  474 7955.34000 5148.95110  35.3%   225 3240s
 20540 15900 5883.89733   52  155 7955.34000 5148.95110  35.3%   226 3266s
 20654 16262 6298.76637   79  203 7955.34000 5149.00710  35.3%   227 3302s
 21099 16355 7874.75000  175    - 7955.34000 5149.19710  35.3%   225 3330s
 21190 16400     cutoff  175      7955.34000 5149.46234  35.3%   225 3354s
 21209 16400 5773.17127   36  372 7955.34000 5149.46234  35.3%   226 3355s
 21239 16627 5931.22321   44  380 7955.34000 5150.70633  35.3%   226 3383s
 21374 16628 7650.25093  170    5 7955.34000 5150.70633  35.3%   226 3385s
 21514 16709     cutoff  173      7955.34000 5151.93398  35.2%   225 3410s
 21599 16904 5724.74537   55  200 7955.34000 5151.93398  35.2%   226 3440s
 21823 17011 5349.66637   29  443 7955.34000 5151.95818  35.2%   226 3467s
 21930 17150 6940.34531   93  126 7955.34000 5152.02105  35.2%   226 3495s
 22103 17300 5662.27006   43  416 7955.34000 5152.56816  35.2%   226 3525s
 22267 17436     cutoff  154      7955.34000 5152.87456  35.2%   226 3555s
 22454 17509 5506.38858   29  463 7955.34000 5153.76561  35.2%   227 3581s
 22536 17599 6425.76685   78   50 7955.34000 5153.76561  35.2%   227 3600s

Cutting planes:
  User: 3702
  Gomory: 38
  Cover: 643
  Implied bound: 133
  Clique: 9
  MIR: 276
  Flow cover: 705
  Zero half: 58
  Network: 1
  RLT: 505
  Relax-and-lift: 15
  Lazy constraints: 5204

Explored 22643 nodes (5162510 simplex iterations) in 3601.69 seconds
Thread count was 2 (of 32 available processors)

Solution count 5: 7955.34 8739.18 8745.18 ... 8803.92

Time limit reached
Best objective 7.955340000000e+03, best bound 5.153765605377e+03, gap 35.2163%

User-callback calls 395128, time in user-callback 289.51 sec
================================================================================
executing instance: ./input/Instances/Original/5/absH3low_4n25.dat
--------------------------------------------------------------------------------
Instance details
n	26
H	3
C	2029
Li:
[0, 0, 0, 0, 0, 0, 0, 0, 0, 0, 0, 0, 0, 0, 0, 0, 0, 0, 0, 0, 0, 0, 0, 0, 0, 0, ]
Ui:
[0, 34, 165, 76, 88, 188, 58, 279, 52, 132, 198, 142, 135, 165, 186, 58, 201, 196, 40, 183, 32, 90, 168, 126, 93, 146, ]
Distance matrix:
|0	299	188	235	91	202	152	147	162	277	268	132	71	162	220	69	220	289	241	124	265	80	162	132	66	302	|
|299	0	468	431	282	142	317	425	443	569	193	178	359	302	422	231	93	28	511	325	457	242	434	215	240	601	|
|188	468	0	153	265	342	308	43	192	106	455	290	117	206	142	246	379	464	252	274	360	267	211	319	231	184	|
|235	431	153	0	326	289	386	145	321	240	482	269	184	129	15	258	339	436	393	355	477	305	336	354	237	334	|
|91	282	265	326	0	228	66	228	166	339	196	157	154	242	311	99	225	264	229	50	201	47	153	71	115	340	|
|202	142	342	289	228	0	285	301	363	447	255	73	245	161	281	139	53	151	440	278	428	181	360	187	136	495	|
|152	317	308	386	66	285	0	275	167	368	188	217	207	308	371	163	274	295	210	34	145	108	148	104	181	350	|
|147	425	43	145	228	301	275	0	179	146	415	248	76	172	131	203	337	421	248	242	341	227	195	279	188	211	|
|162	443	192	321	166	363	167	179	0	216	352	291	152	302	307	225	375	428	81	138	170	201	22	237	227	183	|
|277	569	106	240	339	447	368	146	216	0	535	391	210	312	232	341	481	562	245	335	381	352	238	402	329	106	|
|268	193	455	482	196	255	188	415	352	535	0	225	339	367	469	224	212	165	398	214	302	188	335	136	245	533	|
|132	178	290	269	157	73	217	248	291	391	225	0	183	145	258	66	91	175	367	207	358	110	287	127	67	431	|
|71	359	117	184	154	245	207	76	152	210	339	183	0	152	169	131	274	352	232	174	294	151	161	203	119	251	|
|162	302	206	129	242	161	308	172	302	312	367	145	152	0	120	153	210	308	383	284	426	208	309	249	132	383	|
|220	422	142	15	311	281	371	131	307	232	469	258	169	120	0	245	330	427	379	340	461	291	321	340	224	324	|
|69	231	246	258	99	139	163	203	225	341	224	66	131	153	245	0	152	222	301	147	299	57	221	97	22	371	|
|220	93	379	339	225	53	274	337	375	481	212	91	274	210	330	152	0	99	448	273	419	180	369	171	157	521	|
|289	28	464	436	264	151	295	421	428	562	165	175	352	308	427	222	99	0	493	305	434	227	418	196	234	590	|
|241	511	252	393	229	440	210	248	81	245	398	367	232	383	379	301	448	493	0	190	147	270	80	298	305	175	|
|124	325	274	355	50	278	34	242	138	335	214	207	174	284	340	147	273	305	190	0	152	97	122	110	162	320	|
|265	457	360	477	201	428	145	341	170	381	302	358	294	426	461	299	419	434	147	152	0	248	150	249	312	322	|
|80	242	267	305	47	181	108	227	201	352	188	110	151	208	291	57	180	227	270	97	248	0	192	52	76	366	|
|162	434	211	336	153	360	148	195	22	238	335	287	161	309	321	221	369	418	80	122	150	192	0	224	225	203	|
|132	215	319	354	71	187	104	279	237	402	136	127	203	249	340	97	171	196	298	110	249	52	224	0	118	409	|
|66	240	231	237	115	136	181	188	227	329	245	67	119	132	224	22	157	234	305	162	312	76	225	118	0	364	|
|302	601	184	334	340	495	350	211	183	106	533	431	251	383	324	371	521	590	175	320	322	366	203	409	364	0	|

--------------------------------------------------------------------------------
Building model...
	using lazy and cut (CVRPSEP package)
Solving IRP LP...
--------------------------------------------------------------------------------

Gurobi 9.1.0 (linux64) logging started Thu Jan 28 21:11:46 2021

Gurobi Optimizer version 9.1.0 build v9.1.0rc0 (linux64)
Thread count: 32 physical cores, 32 logical processors, using up to 2 threads
Optimize a model with 989 rows, 4616 columns and 11861 nonzeros
Model fingerprint: 0xdcdfd02e
Variable types: 404 continuous, 4212 integer (312 binary)
Coefficient statistics:
  Matrix range     [1e+00, 5e+02]
  Objective range  [1e-02, 6e+02]
  Bounds range     [1e+00, 3e+02]
  RHS range        [2e+01, 3e+03]
Presolve removed 168 rows and 509 columns
Presolve time: 0.03s
Presolved: 821 rows, 4107 columns, 10055 nonzeros
Variable types: 351 continuous, 3756 integer (3474 binary)

Root relaxation: objective 2.521341e+03, 1017 iterations, 0.03 seconds

    Nodes    |    Current Node    |     Objective Bounds      |     Work
 Expl Unexpl |  Obj  Depth IntInf | Incumbent    BestBd   Gap | It/Node Time

     0     0 2521.34128    0   93          - 2521.34128      -     -    0s
     0     0 2775.25878    0  120          - 2775.25878      -     -    0s
     0     0 2810.17116    0  137          - 2810.17116      -     -    0s
     0     0 2844.66702    0  144          - 2844.66702      -     -    0s
     0     0 2844.74576    0  147          - 2844.74576      -     -    0s
     0     0 3241.66382    0  171          - 3241.66382      -     -    0s
     0     0 3244.32869    0  182          - 3244.32869      -     -    0s
     0     0 3244.32869    0  182          - 3244.32869      -     -    0s
