




arguments: ./build/mirp_solver -f ./input/orig_exec_329.cfg
Current dir: /scratch/gui/bnc_mirp
File verbosity level: 9
date       time         ( uptime  ) [ thread name/id ]                   file:line     v| 
2021-01-23 10:39:08.022 (   0.366s) [main thread     ]             loguru.cpp:789   INFO| Logging to './output/vi_hc1_half/OU/V4/Original/execution_23_01_2021_10_39_08.log', mode: 'a', verbosity: 9
--------------------------------------------------------------------------------
Parameters
                           instance_path           ./input/Instances/Original/2/
                            model_policy                                       1
                             nb_vehicles                                       4
                              output_dir    ./output/vi_hc1_half/OU/V4/Original/
                            sec_strategy                                       1
                       solver_nb_threads                                       2
                         solver_show_log                                    true
                       solver_time_limit                                    3600
                              use_vi_cos                                   false
                              use_vi_cus                                   false
                         use_vi_hc1_full                                   false
                         use_vi_hc1_half                                    true
                      use_vi_hc1_quarter                                   false
                              use_vi_hc2                                   false
                              use_vi_hc3                                   false
                         use_vi_lex_full                                   false
                         use_vi_lex_half                                   false
                      use_vi_lex_quarter                                   false
                              use_vi_qua                                   false
                               use_vi_vc                                   false
                               use_vi_vr                                   false
--------------------------------------------------------------------------------
executing instance: ./input/Instances/Original/2/absH3high_3n40.dat
--------------------------------------------------------------------------------
Instance details
n	41
H	3
C	3283
Li:
[0, 0, 0, 0, 0, 0, 0, 0, 0, 0, 0, 0, 0, 0, 0, 0, 0, 0, 0, 0, 0, 0, 0, 0, 0, 0, 0, 0, 0, 0, 0, 0, 0, 0, 0, 0, 0, 0, 0, 0, 0, ]
Ui:
[0, 63, 111, 99, 96, 111, 282, 122, 156, 261, 42, 192, 126, 42, 162, 207, 159, 122, 102, 190, 118, 102, 132, 102, 165, 252, 66, 52, 22, 114, 210, 176, 116, 294, 78, 152, 210, 45, 130, 198, 174, ]
Distance matrix:
|0	208	225	252	227	143	258	127	267	150	28	83	163	286	57	149	201	137	214	255	70	73	107	186	328	266	249	343	222	177	293	144	262	215	167	120	169	218	143	173	255	|
|208	0	397	355	416	198	216	99	211	275	193	172	97	166	240	225	362	109	277	314	182	216	273	374	298	208	319	161	14	103	93	120	58	196	152	156	372	227	260	218	453	|
|225	397	0	427	53	364	482	343	492	129	253	225	382	386	171	188	39	291	187	195	295	182	282	55	326	491	180	551	408	315	457	366	455	275	392	244	221	439	341	214	101	|
|252	355	427	0	401	158	201	263	219	396	234	328	259	498	299	400	420	354	465	506	205	324	152	374	574	219	499	393	366	389	446	235	378	456	205	359	224	150	111	423	400	|
|227	416	53	401	0	357	477	352	489	165	253	245	389	424	179	223	85	315	234	245	293	200	264	42	375	488	231	565	428	344	484	370	474	314	392	270	184	430	325	252	50	|
|143	198	364	158	357	0	121	105	134	290	116	196	103	342	200	276	343	205	343	385	74	210	112	319	432	133	382	265	209	237	290	78	226	313	57	220	232	75	69	292	375	|
|258	216	482	201	477	121	0	168	18	397	230	293	135	381	314	372	459	275	437	480	188	317	228	439	501	18	479	197	222	296	290	132	212	386	95	306	347	58	173	381	496	|
|127	99	343	263	352	105	168	0	171	239	105	130	40	237	173	206	313	109	270	312	84	164	175	310	337	169	313	216	112	135	192	37	142	220	77	138	280	155	162	213	382	|
|267	211	492	219	489	134	18	171	0	404	240	298	136	376	323	376	468	276	441	483	198	324	243	450	500	2	483	181	215	294	281	136	202	386	102	309	363	75	189	384	509	|
|150	275	129	396	165	290	397	239	404	0	175	110	279	259	97	59	91	166	84	116	217	80	245	130	226	402	106	434	286	187	329	269	333	149	302	119	244	364	291	87	213	|
|28	193	253	234	253	116	230	105	240	175	0	94	139	286	84	167	229	136	234	275	43	96	98	212	341	238	271	320	206	175	281	118	244	225	140	128	180	191	124	189	280	|
|83	172	225	328	245	196	293	130	298	110	94	0	169	209	77	80	191	71	147	189	127	45	189	203	247	296	187	327	184	106	241	162	230	132	198	38	242	266	217	96	285	|
|163	97	382	259	389	103	135	40	136	279	139	169	0	253	212	244	353	141	307	349	110	203	194	347	366	133	350	183	107	161	187	27	124	251	56	175	306	133	169	249	418	|
|286	166	386	498	424	342	381	237	376	259	286	209	253	0	284	201	347	151	210	230	299	247	383	387	155	374	242	290	162	112	129	270	192	113	308	172	451	386	391	172	471	|
|57	240	171	299	179	200	314	173	323	97	84	77	212	284	0	112	145	147	170	208	127	38	148	137	299	321	201	386	253	183	315	195	297	195	222	112	171	275	195	142	214	|
|149	225	188	400	223	276	372	206	376	59	167	80	244	201	112	0	149	117	67	110	205	78	254	186	187	374	108	387	235	132	272	240	283	93	277	71	279	346	291	32	270	|
|201	362	39	420	85	343	459	313	468	91	229	191	353	347	145	149	0	254	149	160	272	150	271	66	290	466	146	518	373	278	419	339	420	235	367	207	227	418	327	175	135	|
|137	109	291	354	315	205	275	109	276	166	136	71	141	151	147	117	254	0	172	212	151	116	232	273	229	274	215	270	119	39	170	145	167	111	186	47	305	263	245	113	356	|
|214	277	187	465	234	343	437	270	441	84	234	147	307	210	170	67	149	172	0	42	272	141	317	205	144	439	43	437	284	175	307	305	331	99	343	132	327	413	357	60	283	|
|255	314	195	506	245	385	480	312	483	116	275	189	349	230	208	110	160	212	42	0	314	182	356	222	132	481	15	474	321	212	337	347	367	126	385	174	358	455	398	100	295	|
|70	182	295	205	293	74	188	84	198	217	43	127	110	299	127	205	272	151	272	314	0	137	91	253	370	196	310	292	195	188	274	85	226	252	99	155	197	148	94	223	316	|
|73	216	182	324	200	210	317	164	324	80	96	45	203	247	38	78	150	116	141	182	137	0	176	158	263	323	176	369	229	150	286	191	274	157	223	77	208	284	216	106	239	|
|107	273	282	152	264	112	228	175	243	245	98	189	194	383	148	254	271	232	317	356	91	176	0	231	435	242	349	371	286	271	365	167	315	321	164	224	120	174	61	280	274	|
|186	374	55	374	42	319	439	310	450	130	212	203	347	387	137	186	66	273	205	222	253	158	231	0	348	448	208	523	386	303	442	329	431	279	352	229	167	392	291	217	85	|
|328	298	326	574	375	432	501	337	500	226	341	247	366	155	299	187	290	229	144	132	370	263	435	348	0	498	147	441	299	206	283	374	338	119	414	215	465	492	463	157	425	|
|266	208	491	219	488	133	18	169	2	402	238	296	133	374	321	374	466	274	439	481	196	323	242	448	498	0	481	180	213	292	278	134	200	384	100	307	362	75	188	381	508	|
|249	319	180	499	231	382	479	313	483	106	271	187	350	242	201	108	146	215	43	15	310	176	349	208	147	481	0	480	326	217	346	347	373	135	385	175	347	454	392	103	280	|
|343	161	551	393	565	265	197	216	181	434	320	327	183	290	386	387	518	270	437	474	292	369	371	523	441	180	480	0	153	263	163	207	107	352	208	317	487	244	334	379	598	|
|222	14	408	366	428	209	222	112	215	286	206	184	107	162	253	235	373	119	284	321	195	229	286	386	299	213	326	153	0	109	81	132	48	201	162	167	386	236	272	226	466	|
|177	103	315	389	344	237	296	135	294	187	175	106	161	112	183	132	278	39	175	212	188	150	271	303	206	292	217	263	109	0	142	171	156	95	211	74	344	289	281	118	386	|
|293	93	457	446	484	290	290	192	281	329	281	241	187	129	315	272	419	170	307	337	274	286	365	442	283	278	346	163	81	142	0	212	79	211	241	214	461	311	353	254	525	|
|144	120	366	235	370	78	132	37	136	269	118	162	27	270	195	240	339	145	305	347	85	191	167	329	374	134	347	207	132	171	212	0	151	257	40	174	280	119	142	248	398	|
|262	58	455	378	474	226	212	142	202	333	244	230	124	192	297	283	420	167	331	367	226	274	315	431	338	200	373	107	48	156	79	151	0	245	173	214	421	237	293	273	510	|
|215	196	275	456	314	313	386	220	386	149	225	132	251	113	195	93	235	111	99	126	252	157	321	279	119	384	135	352	201	95	211	257	245	0	297	97	365	374	345	62	362	|
|167	152	392	205	392	57	95	77	102	302	140	198	56	308	222	277	367	186	343	385	99	223	164	352	414	100	385	208	162	211	241	40	173	297	0	213	283	79	126	287	415	|
|120	156	244	359	270	220	306	138	309	119	128	38	175	172	112	71	207	47	132	174	155	77	224	229	215	307	175	317	167	74	214	174	214	97	213	0	280	286	248	75	313	|
|169	372	221	224	184	232	347	280	363	244	180	242	306	451	171	279	227	305	327	358	197	208	120	167	465	362	347	487	386	344	461	280	421	365	283	280	0	291	175	310	176	|
|218	227	439	150	430	75	58	155	75	364	191	266	133	386	275	346	418	263	413	455	148	284	174	392	492	75	454	244	236	289	311	119	237	374	79	286	291	0	116	359	445	|
|143	260	341	111	325	69	173	162	189	291	124	217	169	391	195	291	327	245	357	398	94	216	61	291	463	188	392	334	272	281	353	142	293	345	126	248	175	116	0	313	335	|
|173	218	214	423	252	292	381	213	384	87	189	96	249	172	142	32	175	113	60	100	223	106	280	217	157	381	103	379	226	118	254	248	273	62	287	75	310	359	313	0	300	|
|255	453	101	400	50	375	496	382	509	213	280	285	418	471	214	270	135	356	283	295	316	239	274	85	425	508	280	598	466	386	525	398	510	362	415	313	176	445	335	300	0	|

--------------------------------------------------------------------------------
Building model...
	using lazy and cut (CVRPSEP package)
Solving IRP LP...
--------------------------------------------------------------------------------

Gurobi 9.1.0 (linux64) logging started Sat Jan 23 10:39:08 2021

Gurobi Optimizer version 9.1.0 build v9.1.0rc0 (linux64)
Thread count: 32 physical cores, 32 logical processors, using up to 2 threads
Optimize a model with 1562 rows, 10976 columns and 26744 nonzeros
Model fingerprint: 0x72a637c8
Variable types: 644 continuous, 10332 integer (492 binary)
Coefficient statistics:
  Matrix range     [1e+00, 8e+02]
  Objective range  [1e-01, 6e+02]
  Bounds range     [1e+00, 3e+02]
  RHS range        [1e+01, 6e+03]
Presolve removed 227 rows and 794 columns
Presolve time: 0.07s
Presolved: 1335 rows, 10182 columns, 23959 nonzeros
Variable types: 575 continuous, 9607 integer (9144 binary)

Root relaxation: objective 1.236458e+04, 1241 iterations, 0.03 seconds

    Nodes    |    Current Node    |     Objective Bounds      |     Work
 Expl Unexpl |  Obj  Depth IntInf | Incumbent    BestBd   Gap | It/Node Time

     0     0 12364.5773    0  124          - 12364.5773      -     -    0s
     0     0 12857.5396    0  165          - 12857.5396      -     -    0s
     0     0 12888.1542    0  148          - 12888.1542      -     -    0s
     0     0 12888.1542    0  149          - 12888.1542      -     -    0s
     0     0 13427.9285    0  210          - 13427.9285      -     -    0s
     0     0 13547.6637    0  213          - 13547.6637      -     -    0s
     0     0 13555.3912    0  251          - 13555.3912      -     -    1s
     0     0 13555.6112    0  253          - 13555.6112      -     -    1s
     0     0 13688.7636    0  275          - 13688.7636      -     -    1s
     0     0 13715.1160    0  287          - 13715.1160      -     -    1s
     0     0 13716.0702    0  298          - 13716.0702      -     -    1s
     0     0 13751.3824    0  313          - 13751.3824      -     -    1s
     0     0 13763.8863    0  372          - 13763.8863      -     -    1s
     0     0 13770.3178    0  393          - 13770.3178      -     -    2s
     0     0 13775.9409    0  374          - 13775.9409      -     -    2s
     0     0 13776.1823    0  370          - 13776.1823      -     -    2s
     0     0 13816.5629    0  366          - 13816.5629      -     -    2s
     0     0 13834.9214    0  343          - 13834.9214      -     -    3s
     0     0 13841.8802    0  386          - 13841.8802      -     -    3s
     0     0 13847.0086    0  363          - 13847.0086      -     -    3s
     0     0 13849.0097    0  346          - 13849.0097      -     -    3s
     0     0 13856.6609    0  364          - 13856.6609      -     -    3s
     0     0 13864.0589    0  355          - 13864.0589      -     -    3s
     0     0 13873.6275    0  332          - 13873.6275      -     -    3s
     0     0 13873.8351    0  357          - 13873.8351      -     -    3s
     0     0 13895.7545    0  387          - 13895.7545      -     -    4s
     0     0 13898.6248    0  414          - 13898.6248      -     -    4s
     0     0 13899.7237    0  428          - 13899.7237      -     -    4s
     0     0 13906.3460    0  375          - 13906.3460      -     -    4s
     0     0 13906.3460    0  361          - 13906.3460      -     -    4s
     0     2 13906.3460    0  341          - 13906.3460      -     -    5s
    60    64 13965.7219   23  389          - 13921.0014      -   317   10s
   144   150 14302.8247   37  285          - 13921.0014      -   294   15s
   249   255 14735.8174   66  245          - 13921.0014      -   263   20s
   452   452 16455.7077  158   65          - 13921.0014      -   201   25s
   673   686 16310.2555  176   58          - 13921.0014      -   157   31s
H  694   686                    19644.340000 13921.0014  29.1%   155   31s
   742   716 15807.5097  134  361 19644.3400 13921.0014  29.1%   152   36s
H  743   681                    19199.340000 13921.0014  27.5%   152   37s
   747   683 16232.7468  147  394 19199.3400 13921.0014  27.5%   151   40s
   764   695 16108.2693  140  604 19199.3400 14002.7992  27.1%   147   45s
   775   702 16726.1236  183  574 19199.3400 14031.8023  26.9%   145   50s
   788   711 15735.5575  122  609 19199.3400 14041.9299  26.9%   143   55s
H  795   681                    19036.540000 14041.9669  26.2%   162   57s
   797   682 14264.4472   38  234 19036.5400 14041.9669  26.2%   161   60s
H  811   656                    18927.100000 14042.2522  25.8%   158   66s
H  821   629                    18553.720000 14049.0350  24.3%   157   70s
   837   643 14059.6563   23  515 18553.7200 14059.6563  24.2%   169   75s
   859   657 14137.5876   29  462 18553.7200 14078.4213  24.1%   181   80s
   882   674 14301.2174   35  416 18553.7200 14078.4213  24.1%   194   87s
   904   688 14381.5062   41  281 18553.7200 14078.4213  24.1%   202   90s
   944   720 14533.1817   51  350 18553.7200 14078.4213  24.1%   210   95s
  1001   752 14536.5939   61  326 18553.7200 14078.4213  24.1%   213  100s
  1057   803 14637.7772   71  238 18553.7200 14078.4213  24.1%   214  105s
  1115   853 14678.3577   82  233 18553.7200 14078.4213  24.1%   214  111s
  1177   900 14746.2396   98  196 18553.7200 14078.4213  24.1%   212  115s
  1229   945 14989.8138  111  168 18553.7200 14078.4213  24.1%   210  120s
  1363  1004 15318.2947  135  176 18553.7200 14078.4213  24.1%   202  126s
  1546  1129 15765.8206  160  133 18553.7200 14078.4213  24.1%   188  131s
* 1636  1110             247    17359.700000 14078.4213  18.9%   182  134s
  1660  1148 16227.0971  191   77 17359.7000 14078.4213  18.9%   181  135s
  1792  1177 14158.7596   25  406 17359.7000 14094.1352  18.8%   176  140s
  1845  1220 14375.1126   41  228 17359.7000 14094.1352  18.8%   181  146s
  1901  1272 14590.0260   53  188 17359.7000 14094.1352  18.8%   185  150s
  1968  1305 14780.6777   71   72 17359.7000 14094.1352  18.8%   186  155s
  2040  1407 15123.1719   86   95 17359.7000 14094.1352  18.8%   185  160s
  2217  1569 15928.8133  114   93 17359.7000 14094.1352  18.8%   179  167s
  2344  1604 16423.7050  145   46 17359.7000 14099.2682  18.8%   174  173s
  2447  1605 14409.3358   28  538 17359.7000 14099.2682  18.8%   172  176s
  2508  1649 14502.0565   34  246 17359.7000 14099.2682  18.8%   173  180s
  2603  1760 14484.3672   43  313 17359.7000 14099.2682  18.8%   172  187s
  2691  1870 14527.9531   46  250 17359.7000 14099.2682  18.8%   170  192s
  2846  1886 14552.6358   47  255 17359.7000 14099.2682  18.8%   165  196s
  2888  1939 14688.1461   64  271 17359.7000 14099.2682  18.8%   167  201s
  2961  2056 14757.1861   79  205 17359.7000 14099.2682  18.8%   168  208s
  3032  2075 14835.6561   85  251 17359.7000 14099.2682  18.8%   166  216s
  3091  2094 14842.1729   85  237 17359.7000 14099.2682  18.8%   164  221s
  3145  2168 15106.2440  101  165 17359.7000 14099.2682  18.8%   166  227s
  3184  2208 15338.8463  107  129 17359.7000 14099.2682  18.8%   167  231s
  3224  2309 15409.5877  110  147 17359.7000 14099.2682  18.8%   168  235s
  3327  2473 15879.4415  128   96 17359.7000 14099.2682  18.8%   166  242s
  3538  2646 16075.6266  145   69 17359.7000 14099.2682  18.8%   161  250s
  3778  2697 16825.9800  184    - 17359.7000 14118.1880  18.7%   154  256s
* 3784  2496             185    16840.160000 14118.1880  16.2%   154  256s
  3841  2454     cutoff  185      16840.1600 14118.2253  16.2%   154  260s
  3855  2472 14449.2688   31  377 16840.1600 14118.2253  16.2%   156  266s
  3880  2492 14587.9431   39  334 16840.1600 14118.2253  16.2%   158  270s
  3917  2565 14903.8740   48  283 16840.1600 14118.2253  16.2%   160  291s
H 3966  2651                    16791.710000 14118.2253  15.9%   161  297s
  4085  2794 15838.6417   72  185 16791.7100 14118.2253  15.9%   160  303s
  4235  2928 16462.6737   87  124 16791.7100 14124.9870  15.9%   159  311s
  4458  3039 14484.8098   30  551 16791.7100 14124.9870  15.9%   156  319s
  4522  3041 15894.9243  115    6 16791.7100 14124.9870  15.9%   155  320s
  4614  3070 14631.0553   42  392 16791.7100 14124.9870  15.9%   153  325s
  4631  3098 14899.2553   52  165 16791.7100 14124.9870  15.9%   155  331s
  4660  3182 15494.4444   75  123 16791.7100 14133.6965  15.8%   156  337s
  4758  3227 infeasible  150      16791.7100 14137.6640  15.8%   155  343s
  4805  3279 14338.3062   32  285 16791.7100 14137.6640  15.8%   157  349s
  4867  3309 14421.8011   41  213 16791.7100 14137.6640  15.8%   157  362s
  4897  3344 14648.4174   52  106 16791.7100 14137.6640  15.8%   158  370s
  4932  3480 14820.2413   68  105 16791.7100 14144.1388  15.8%   158  377s
  5103  3533 14376.2699   28  420 16791.7100 14144.1388  15.8%   157  384s
  5148  3533     cutoff   97      16791.7100 14144.1388  15.8%   157  385s
  5164  3627 15252.4813   73   96 16791.7100 14145.1731  15.8%   158  392s
  5272  3653 16736.9700  148    - 16791.7100 14145.4064  15.8%   158  398s
  5300  3680     cutoff  148      16791.7100 14145.8681  15.8%   160  404s
  5329  3748 14755.0683   33  253 16791.7100 14145.8681  15.8%   162  411s
  5397  3810 15705.9184   83   90 16791.7100 14146.6651  15.8%   163  419s
  5471  3962 16152.4601  108   33 16791.7100 14146.8452  15.8%   165  428s
  5650  4082 16303.6539  111   42 16791.7100 14148.0233  15.7%   164  437s
  5820  4158     cutoff  122      16791.7100 14151.6589  15.7%   163  446s
  5892  4188 15030.3380   69  107 16791.7100 14152.2379  15.7%   164  472s
  5924  4344 15365.7030   84   22 16791.7100 14152.9714  15.7%   164  481s
  6161  4459 16083.7073  115   41 16791.7100 14158.7744  15.7%   161  491s
  6282  4461     cutoff  159      16791.7100 14164.0129  15.6%   161  505s
  6289  4567 14344.9323   28  467 16791.7100 14164.0129  15.6%   161  514s
  6328  4567 15883.4492  105    4 16791.7100 14164.0129  15.6%   162  515s
  6430  4675 14850.0186   44  161 16791.7100 14166.6410  15.6%   161  524s
  6452  4675 15285.3295   66  142 16791.7100 14166.6410  15.6%   161  525s
  6557  4680 14387.3259   31  360 16791.7100 14181.7469  15.5%   161  544s
  6559  4758 14390.8892   32  317 16791.7100 14181.7469  15.5%   161  551s
  6637  4896 14669.5934   40  265 16791.7100 14181.7469  15.5%   163  561s
  6787  5108 15118.9207   58  133 16791.7100 14184.6172  15.5%   163  573s
  7055  5185 infeasible  128      16791.7100 14190.1611  15.5%   161  583s
  7121  5410 14801.5452   46  222 16791.7100 14190.2741  15.5%   162  593s
  7302  5410 15110.2462   98   21 16791.7100 14190.2741  15.5%   162  595s
  7360  5630 15068.9364   90   26 16791.7100 14196.8807  15.5%   161  609s
  7428  5630 15445.5274  120   61 16791.7100 14196.8807  15.5%   161  610s
  7676  5809 15903.4940  137   48 16791.7100 14198.3177  15.4%   159  623s
  7862  5960 16587.9400  145    - 16791.7100 14201.5136  15.4%   159  638s
  8032  6130 16625.5716  145   35 16791.7100 14211.6605  15.4%   160  652s
  8216  6306 14417.0359   30  394 16791.7100 14211.6605  15.4%   160  667s
  8400  6593 14924.6830   61  174 16791.7100 14214.6438  15.3%   161  683s
  8558  6594 15826.0450  127   12 16791.7100 14214.6438  15.3%   160  685s
  8776  6696 16360.9500  136    - 16791.7100 14220.1050  15.3%   158  698s
  8862  6839 16528.6790  137   30 16791.7100 14226.5546  15.3%   160  714s
* 8868  6625             143    16646.730000 14226.5546  14.5%   160  714s
  8965  6625 15392.8351   76   94 16646.7300 14226.8476  14.5%   161  715s
  9035  6758 14996.2136   47  342 16646.7300 14228.2718  14.5%   160  728s
  9186  6920 14447.3815   37  351 16646.7300 14229.0046  14.5%   161  741s
  9377  7045 15797.6654  131   68 16646.7300 14233.8339  14.5%   161  756s
  9553  7172     cutoff  123      16646.7300 14235.2300  14.5%   161  770s
  9673  7402 14978.6260   57  263 16646.7300 14235.4237  14.5%   163  785s
  9971  7585 14519.1604   38  430 16646.7300 14235.9274  14.5%   162  799s
 10015  7585 15357.2281   82   45 16646.7300 14235.9274  14.5%   162  800s
 10163  7805     cutoff  136      16646.7300 14236.6558  14.5%   162  814s
 10271  7810 16513.0385  116   36 16646.7300 14236.6558  14.5%   162  815s
 10432  7842 16637.3500  144    - 16646.7300 14241.0300  14.5%   161  826s
 10473  7959     cutoff  142      16646.7300 14243.1972  14.4%   163  839s
 10531  7959 15517.0742   84   93 16646.7300 14243.1972  14.4%   163  840s
 10610  8123     cutoff  112      16646.7300 14243.5723  14.4%   164  853s
 10797  8326 infeasible  127      16646.7300 14245.5321  14.4%   164  868s
*11038  8110             125    16537.310000 14245.8012  13.9%   163  870s
 11039  8353 15384.9226   72   71 16537.3100 14246.4976  13.9%   163  883s
 11165  8354 15405.0136   94   11 16537.3100 14246.4976  13.9%   163  885s
*11347  8517             140    16533.060000 14247.9226  13.8%   162  898s
 11549  8526 15617.8399  108   88 16533.0600 14250.1729  13.8%   162  900s
 11553  8684     cutoff  115      16533.0600 14250.2134  13.8%   162  912s
 11755  8808 14556.5193   30  282 16533.0600 14253.9313  13.8%   162  925s
 11894  8914 14551.1123   33  421 16533.0600 14253.9313  13.8%   162  938s
 12019  8991 14691.3267   43  397 16533.0600 14253.9313  13.8%   163  950s
 12094  9129 14926.7155   59  131 16533.0600 14253.9313  13.8%   164  962s
 12248  9282 15500.8286   95   69 16533.0600 14257.2331  13.8%   165  977s
 12431  9493 14560.2138   32  263 16533.0600 14257.8648  13.8%   165  993s
 12637  9501 15343.4300  125    - 16533.0600 14257.8648  13.8%   165  995s
 12738  9810 14918.5587   55  107 16533.0600 14257.8648  13.8%   165 1011s
 13037 10084 15472.1815   80   36 16533.0600 14259.2832  13.8%   164 1029s
 13171 10089 15566.1643  103    6 16533.0600 14259.2832  13.8%   163 1030s
 13429 10309 15585.5149  101   14 16533.0600 14264.4247  13.7%   162 1045s
 13661 10541 15394.9978   97   48 16533.0600 14269.7328  13.7%   162 1061s
 13956 10606 16319.0679  126   46 16533.0600 14277.1126  13.6%   161 1074s
 14025 10727 14943.5377   48  333 16533.0600 14278.7607  13.6%   162 1086s
 14173 10875 14620.6158   35  343 16533.0600 14281.1485  13.6%   162 1100s
 14354 10932 16237.2550   88   72 16533.0600 14285.8472  13.6%   163 1113s
 14420 11015 14903.5685   43  441 16533.0600 14285.8472  13.6%   164 1126s
 14522 11205 15443.0225   53  222 16533.0600 14285.8472  13.6%   164 1140s
 14726 11307 16493.4561   88   56 16533.0600 14287.3053  13.6%   165 1153s
 14844 11442 15051.0717   80   69 16533.0600 14288.1148  13.6%   165 1166s
 15012 11502 14538.8932   39  373 16533.0600 14289.0967  13.6%   165 1179s
 15065 11699 14838.1389   55  197 16533.0600 14289.7105  13.6%   166 1195s
 15324 11874 16075.6465  147   48 16533.0600 14289.9222  13.6%   166 1210s
 15529 12071 15011.3146   55  237 16533.0600 14290.5166  13.6%   166 1224s
 15573 12071 15656.7067   99   72 16533.0600 14290.5166  13.6%   166 1225s
 15760 12230     cutoff  145      16533.0600 14293.2792  13.5%   166 1238s
 15929 12234 16108.3320   96   61 16533.0600 14295.3715  13.5%   165 1240s
H15948 11570                    16314.420000 14295.3715  12.4%   165 1240s
 15952 11639 14588.6335   34  385 16314.4200 14295.3715  12.4%   166 1250s
 16025 11778 15059.0798   48  230 16314.4200 14295.3908  12.4%   167 1264s
 16076 11778 15816.0499   67   75 16314.4200 14295.3908  12.4%   167 1265s
 16206 11895 14563.3600   38  313 16314.4200 14298.5357  12.4%   167 1278s
 16347 12034 14542.9838   30  379 16314.4200 14299.4766  12.4%   167 1291s
 16503 12191 14702.0641   35  429 16314.4200 14300.3235  12.3%   168 1305s
 16721 12327 16176.3303  103   48 16314.4200 14301.2200  12.3%   167 1320s
 16900 12474 infeasible  110      16314.4200 14301.7811  12.3%   167 1334s
 16923 12474 15153.1571   55  130 16314.4200 14301.7811  12.3%   168 1335s
 17079 12583 infeasible  132      16314.4200 14306.5681  12.3%   167 1348s
 17215 12715 14692.9113   42  431 16314.4200 14307.7132  12.3%   168 1361s
 17393 12882 14765.5572   41  332 16314.4200 14309.3824  12.3%   168 1376s
 17596 12937 14338.5555   32  480 16314.4200 14309.6534  12.3%   168 1390s
 17651 13086 14609.8926   44  199 16314.4200 14309.6534  12.3%   169 1404s
 17675 13086 14781.8093   56   48 16314.4200 14309.6534  12.3%   169 1405s
 17816 13238 15613.9800   94    - 16314.4200 14311.3995  12.3%   170 1420s
 18016 13299 14697.1223   45  341 16314.4200 14311.9796  12.3%   170 1434s
 18056 13299 14434.5511   34  518 16314.4200 14311.9796  12.3%   170 1435s
 18072 13503 14914.0181   63   25 16314.4200 14312.1652  12.3%   170 1453s
 18340 13547 14382.4754   27  442 16314.4200 14312.1652  12.3%   169 1455s
 18370 13596 15768.3993  100   44 16314.4200 14312.1826  12.3%   170 1467s
 18446 13750 infeasible  144      16314.4200 14312.2751  12.3%   170 1481s
 18603 13917 15341.3515   68   72 16314.4200 14312.4417  12.3%   171 1495s
 18823 14103     cutoff  132      16314.4200 14313.5359  12.3%   170 1511s
 19041 14233 14582.3748   36  367 16314.4200 14315.9573  12.2%   170 1526s
 19190 14326 infeasible  127      16314.4200 14316.3549  12.2%   170 1539s
 19212 14326 15027.7746   51  322 16314.4200 14316.3549  12.2%   170 1540s
 19299 14456 15150.8238   62  171 16314.4200 14316.6489  12.2%   171 1553s
 19431 14456 15633.2295   89   59 16314.4200 14316.8258  12.2%   171 1555s
 19462 14604 14949.3320   47  208 16314.4200 14316.8437  12.2%   171 1568s
 19702 14611     cutoff  111      16314.4200 14318.4755  12.2%   170 1590s
 19706 14695 14505.3009   33  437 16314.4200 14318.5792  12.2%   170 1603s
 19790 14895 15309.9111   71  100 16314.4200 14318.5801  12.2%   171 1618s
 19971 14895 15484.1173   76  165 16314.4200 14318.8034  12.2%   171 1620s
 20034 14998 15237.8343   68  116 16314.4200 14318.9033  12.2%   171 1634s
 20152 15156 15136.0139   67   56 16314.4200 14321.4749  12.2%   171 1648s
 20349 15165 15579.1926   87   98 16314.4200 14321.6642  12.2%   171 1650s
 20362 15291 14976.2252   53  278 16314.4200 14321.9537  12.2%   171 1663s
 20524 15395     cutoff  132      16314.4200 14325.0840  12.2%   171 1677s
 20635 15536 14957.2796   54  220 16314.4200 14328.5256  12.2%   172 1691s
 20802 15545 14646.6994   38  401 16314.4200 14328.5421  12.2%   172 1707s
 20811 15606 14738.2518   40  382 16314.4200 14328.5421  12.2%   172 1720s
 20872 15768 14821.1217   49  237 16314.4200 14328.5421  12.2%   173 1735s
 21065 15923 15096.9588   71   74 16314.4200 14328.9529  12.2%   173 1753s
 21271 16117     cutoff  133      16314.4200 14329.3143  12.2%   173 1769s
 21514 16228 infeasible  133      16314.4200 14331.6823  12.2%   173 1784s
 21563 16228 15692.3589   74   79 16314.4200 14331.6823  12.2%   173 1785s
 21641 16352 14645.0503   32  298 16314.4200 14333.7853  12.1%   173 1799s
 21672 16352 15557.2692   63   36 16314.4200 14333.7853  12.1%   173 1800s
 21804 16502     cutoff  113      16314.4200 14335.0919  12.1%   173 1814s
 21835 16502 15054.4528   59   41 16314.4200 14335.0919  12.1%   173 1815s
 21986 16637 14607.0977   38  444 16314.4200 14335.6989  12.1%   173 1830s
 22143 16788 15563.0851   86  161 16314.4200 14337.4976  12.1%   173 1847s
 22321 16875     cutoff  123      16314.4200 14338.4558  12.1%   173 1861s
 22431 17040 14899.8020   45  163 16314.4200 14339.2183  12.1%   174 1876s
 22609 17224 14740.7319   39  255 16314.4200 14340.7044  12.1%   174 1892s
 22851 17370     cutoff  126      16314.4200 14340.8315  12.1%   174 1908s
 23012 17511 14816.4274   44  200 16314.4200 14341.2386  12.1%   174 1923s
 23184 17645 infeasible  100      16314.4200 14342.3305  12.1%   174 1939s
 23220 17645 16128.5389  108   48 16314.4200 14342.4881  12.1%   174 1940s
 23354 17739 15309.3347   65  140 16314.4200 14342.5985  12.1%   174 1954s
 23449 17739 14798.0757   41  191 16314.4200 14342.7864  12.1%   174 1955s
 23461 17894 14948.6370   53  234 16314.4200 14343.2367  12.1%   174 1968s
 23628 18067 14445.1052   34  358 16314.4200 14343.4152  12.1%   175 1985s
 23858 18224     cutoff  130      16314.4200 14344.3345  12.1%   175 2001s
 24039 18382     cutoff  129      16314.4200 14344.6507  12.1%   175 2017s
 24236 18508     cutoff  121      16314.4200 14345.6449  12.1%   175 2031s
 24385 18644 15324.4802   74   82 16314.4200 14346.6671  12.1%   175 2046s
 24550 18830 15528.4351   47  219 16314.4200 14347.4216  12.1%   175 2062s
 24788 18975 15972.9717   81   78 16314.4200 14348.0158  12.1%   175 2078s
 24914 18976 14854.7939   60  121 16314.4200 14349.0891  12.0%   175 2080s
 24953 19075 15374.6113   69  100 16314.4200 14349.2234  12.0%   175 2093s
 25080 19190 14545.8282   42  300 16314.4200 14349.4640  12.0%   175 2108s
 25232 19335 14646.8310   58  155 16314.4200 14349.4640  12.0%   176 2124s
 25276 19335 15041.0000   78  145 16314.4200 14349.4640  12.0%   176 2125s
 25390 19524 14956.5888   85  106 16314.4200 14352.7845  12.0%   176 2142s
 25668 19680     cutoff  155      16314.4200 14353.9704  12.0%   176 2158s
 25824 19763 infeasible  120      16314.4200 14355.7932  12.0%   176 2173s
 25917 19911 15256.9803   50  245 16314.4200 14356.2122  12.0%   176 2190s
 26094 20049 16296.9000  115    - 16314.4200 14358.3211  12.0%   176 2206s
 26262 20125 infeasible  115      16314.4200 14358.5870  12.0%   176 2221s
 26339 20284 15542.3450   67   76 16314.4200 14358.7660  12.0%   177 2237s
 26532 20364 infeasible  113      16314.4200 14358.8293  12.0%   176 2252s
 26651 20554 15280.8555   77  194 16314.4200 14359.4059  12.0%   177 2269s
 26767 20554 15757.8139  103   34 16314.4200 14359.4059  12.0%   177 2270s
 26894 20612 14442.3214   32  405 16314.4200 14359.9071  12.0%   176 2284s
 26950 20705 14772.1169   42  297 16314.4200 14359.9071  12.0%   177 2298s
 27066 20884 14899.6857   60   76 16314.4200 14360.9220  12.0%   177 2314s
 27088 20884 14940.9066   75   85 16314.4200 14360.9220  12.0%   177 2315s
 27303 21050     cutoff  145      16314.4200 14361.0411  12.0%   177 2330s
 27511 21143     cutoff  115      16314.4200 14361.4744  12.0%   177 2347s
 27605 21243 15523.8359   70  155 16314.4200 14362.6145  12.0%   177 2361s
 27738 21399 14906.8137   59  109 16314.4200 14363.0769  12.0%   177 2377s
 27904 21686 15598.0233   91   28 16314.4200 14363.5684  12.0%   177 2397s
 28174 21700 15655.1100  130    4 16314.4200 14365.5693  11.9%   176 2400s
 28301 21785 16297.7000  146    6 16314.4200 14366.2370  11.9%   176 2413s
 28406 21966     cutoff  147      16314.4200 14366.3514  11.9%   176 2432s
*28518 21325             154    16209.210000 14366.5762  11.4%   176 2433s
*28519 21093             153    16187.210000 14366.5762  11.2%   176 2433s
 28624 21106     cutoff  120      16187.2100 14366.8723  11.2%   176 2452s
 28658 21159 14879.2642   48  395 16187.2100 14367.9508  11.2%   176 2472s
 28714 21253 15883.3582   84  149 16187.2100 14368.1243  11.2%   177 2486s
 28829 21328 15197.7660   61  215 16187.2100 14368.6849  11.2%   177 2499s
 28855 21328 15528.4343   87   16 16187.2100 14368.6849  11.2%   177 2500s
 28923 21461 14927.9448   43  248 16187.2100 14369.0302  11.2%   177 2514s
 29086 21561 14728.1291   38  284 16187.2100 14369.3727  11.2%   177 2529s
 29158 21565 16108.2228  106   27 16187.2100 14369.3727  11.2%   177 2530s
 29211 21740 15910.5282   91   42 16187.2100 14369.7906  11.2%   178 2547s
 29485 21908     cutoff  116      16187.2100 14370.6112  11.2%   177 2567s
 29688 22024     cutoff  114      16187.2100 14371.0166  11.2%   177 2583s
H29807 21961                    16168.910000 14372.0180  11.1%   177 2598s
 29912 22203 14813.1794   42  211 16168.9100 14373.3047  11.1%   177 2615s
 30196 22399 infeasible  116      16168.9100 14373.6971  11.1%   177 2635s
 30468 22558 14735.6493   40  416 16168.9100 14374.3981  11.1%   176 2653s
 30637 22663 15572.5666   72  143 16168.9100 14375.2871  11.1%   176 2668s
 30785 22824 14522.7735   31  341 16168.9100 14375.9337  11.1%   176 2685s
 30981 22891 14531.7977   30  350 16168.9100 14376.3024  11.1%   176 2698s
 31040 23038 15249.6757   56  224 16168.9100 14376.5541  11.1%   177 2713s
 31166 23044 14919.6674   62  125 16168.9100 14376.5541  11.1%   177 2715s
 31205 23139     cutoff  106      16168.9100 14377.1094  11.1%   177 2730s
 31337 23221 14543.4927   39  462 16168.9100 14377.3198  11.1%   177 2745s
 31435 23307 14937.5809   50  136 16168.9100 14377.3198  11.1%   178 2763s
 31516 23520 15070.3895   75   29 16168.9100 14377.5564  11.1%   178 2781s
 31823 23634     cutoff  114      16168.9100 14377.8885  11.1%   178 2798s
 31931 23765 15083.6718   63  271 16168.9100 14378.1133  11.1%   178 2813s
 32103 23969 14971.2306   51  123 16168.9100 14380.4410  11.1%   178 2830s
 32365 24020     cutoff   90      16168.9100 14381.3013  11.1%   177 2845s
*32392 23634             104    16120.430000 14381.5127  10.8%   178 2846s
*32393 23287             103    16082.430000 14381.5127  10.6%   177 2846s
 32419 23387 14913.0663   50  241 16082.4300 14381.5127  10.6%   178 2863s
H32548 23317                    16065.210000 14381.5127  10.5%   178 2879s
 32605 23317 14855.8277   57  171 16065.2100 14381.7973  10.5%   178 2880s
 32649 23472 14892.1257   64  144 16065.2100 14382.1096  10.5%   178 2896s
 32865 23616     cutoff  113      16065.2100 14382.5137  10.5%   178 2913s
 33017 23724     cutoff   89      16065.2100 14383.1617  10.5%   178 2931s
 33159 23930 14827.0425   46  132 16065.2100 14383.5009  10.5%   178 2949s
 33265 23930 15104.6747   59  124 16065.2100 14383.5009  10.5%   178 2950s
 33416 23979 15472.6652   80   38 16065.2100 14383.6905  10.5%   178 2970s
 33486 24060 14725.2277   42  244 16065.2100 14383.7784  10.5%   178 2986s
 33567 24198 15513.1544   65   43 16065.2100 14383.8382  10.5%   178 3003s
 33754 24302 14622.2298   43  415 16065.2100 14384.1604  10.5%   178 3021s
 33891 24401 14653.3477   32  365 16065.2100 14384.3609  10.5%   179 3037s
 34017 24553 14616.9014   43  429 16065.2100 14384.3625  10.5%   179 3053s
 34157 24554 16056.0535  121   13 16065.2100 14384.3625  10.5%   179 3055s
 34180 24611     cutoff   92      16065.2100 14385.5125  10.5%   179 3069s
 34258 24643 14703.3908   41  307 16065.2100 14386.0482  10.5%   179 3083s
 34292 24731 14831.3423   51  134 16065.2100 14386.0482  10.5%   180 3099s
 34378 24839 15106.4649   79  111 16065.2100 14386.4444  10.4%   180 3118s
 34511 25000 infeasible  116      16065.2100 14387.0768  10.4%   180 3138s
 34633 25000 15444.6615  122  104 16065.2100 14387.2448  10.4%   180 3140s
 34691 25095 15298.5403   72  219 16065.2100 14387.5069  10.4%   180 3157s
 34808 25221 14490.5230   37  334 16065.2100 14387.5761  10.4%   181 3173s
 34969 25336     cutoff  103      16065.2100 14387.6261  10.4%   181 3189s
 35109 25443 14956.6822   40  246 16065.2100 14388.5722  10.4%   181 3205s
 35250 25504 14611.1732   37  475 16065.2100 14388.9773  10.4%   181 3220s
 35311 25662 14819.0079   56  192 16065.2100 14388.9773  10.4%   182 3240s
 35482 25884 15080.8772   74  122 16065.2100 14389.2942  10.4%   182 3259s
 35504 25884 15146.9247   79   46 16065.2100 14389.2942  10.4%   182 3260s
 35812 25999 infeasible  135      16065.2100 14389.6931  10.4%   181 3278s
 35939 26054 14581.1128   31  397 16065.2100 14389.8650  10.4%   181 3295s
*35956 25006             115    15972.140000 14389.8650  9.91%   182 3295s
 35995 25136 14723.4830   39  332 15972.1400 14389.8650  9.91%   182 3312s
H36137 22585                    15767.460000 14389.8650  8.74%   182 3332s
 36381 22656 15574.8925   87   41 15767.4600 14390.7720  8.73%   182 3348s
 36473 22792     cutoff   62      15767.4600 14390.8601  8.73%   182 3367s
 36632 22836 14948.7680   40  327 15767.4600 14391.0266  8.73%   182 3382s
 36685 22961 14647.9956   35  249 15767.4600 14391.0669  8.73%   182 3399s
 36746 22961 15157.0342   61  113 15767.4600 14391.0669  8.73%   183 3400s
 36818 23058 15262.3757   69   31 15767.4600 14391.4508  8.73%   183 3416s
 36957 23170 14605.3341   36  240 15767.4600 14392.0229  8.72%   183 3433s
 37094 23251     cutoff   99      15767.4600 14392.2893  8.72%   183 3450s
 37195 23341 14550.7140   32  460 15767.4600 14393.0160  8.72%   183 3465s
 37317 23419 15051.7481   55  277 15767.4600 14393.0160  8.72%   183 3600s

Cutting planes:
  User: 4113
  Gomory: 27
  Cover: 423
  Implied bound: 66
  Clique: 9
  MIR: 169
  Flow cover: 396
  Zero half: 19
  RLT: 280
  Relax-and-lift: 11
  Lazy constraints: 5897

Explored 37411 nodes (6872034 simplex iterations) in 3600.82 seconds
Thread count was 2 (of 32 available processors)

Solution count 10: 15767.5 15972.1 16065.2 ... 16533.1

Time limit reached
Best objective 1.576746000000e+04, best bound 1.439301601004e+04, gap 8.7170%

User-callback calls 402964, time in user-callback 230.97 sec
================================================================================
executing instance: ./input/Instances/Original/2/absH3high_4n10.dat
--------------------------------------------------------------------------------
Instance details
n	11
H	3
C	822
Li:
[0, 0, 0, 0, 0, 0, 0, 0, 0, 0, 0, ]
Ui:
[0, 102, 52, 88, 182, 153, 138, 38, 165, 297, 86, ]
Distance matrix:
|0	285	411	382	327	239	148	256	307	36	383	|
|285	0	352	98	249	103	227	235	120	268	209	|
|411	352	0	395	106	430	263	549	234	429	174	|
|382	98	395	0	302	173	320	288	168	364	227	|
|327	249	106	302	0	324	179	444	135	339	109	|
|239	103	430	173	324	0	241	132	212	212	305	|
|148	227	263	320	179	241	0	325	192	165	249	|
|256	235	549	288	444	132	325	0	342	220	436	|
|307	120	234	168	135	212	192	342	0	304	94	|
|36	268	429	364	339	212	165	220	304	0	386	|
|383	209	174	227	109	305	249	436	94	386	0	|

--------------------------------------------------------------------------------
Building model...
	using lazy and cut (CVRPSEP package)
Solving IRP LP...
--------------------------------------------------------------------------------

Gurobi 9.1.0 (linux64) logging started Sat Jan 23 11:39:09 2021

Gurobi Optimizer version 9.1.0 build v9.1.0rc0 (linux64)
Thread count: 32 physical cores, 32 logical processors, using up to 2 threads
Optimize a model with 407 rows, 956 columns and 2774 nonzeros
Model fingerprint: 0xf60d2d0e
Variable types: 164 continuous, 792 integer (132 binary)
Coefficient statistics:
  Matrix range     [1e+00, 3e+02]
  Objective range  [2e-01, 5e+02]
  Bounds range     [1e+00, 3e+02]
  RHS range        [2e+01, 1e+03]
Presolve removed 108 rows and 224 columns
Presolve time: 0.01s
Presolved: 299 rows, 732 columns, 1947 nonzeros
Variable types: 126 continuous, 606 integer (504 binary)
Found heuristic solution: objective 11861.430000

Root relaxation: objective 4.199142e+03, 505 iterations, 0.01 seconds

    Nodes    |    Current Node    |     Objective Bounds      |     Work
