




arguments: ./build/mirp_solver -f ./input/orig_exec_381.cfg
Current dir: /scratch/gui/bnc_mirp
File verbosity level: 9
date       time         ( uptime  ) [ thread name/id ]                   file:line     v| 
2021-01-29 02:16:08.726 (   0.609s) [main thread     ]             loguru.cpp:789   INFO| Logging to './output/vi_hc1_half/OU/V4/Original/execution_29_01_2021_02_16_08.log', mode: 'a', verbosity: 9
--------------------------------------------------------------------------------
Parameters
                           instance_path           ./input/Instances/Original/6/
                            model_policy                                       1
                             nb_vehicles                                       4
                              output_dir    ./output/vi_hc1_half/OU/V4/Original/
                            sec_strategy                                       1
                       solver_nb_threads                                       2
                         solver_show_log                                    true
                       solver_time_limit                                    3600
                              use_vi_cos                                   false
                              use_vi_cus                                   false
                         use_vi_hc1_full                                   false
                         use_vi_hc1_half                                    true
                      use_vi_hc1_quarter                                   false
                              use_vi_hc2                                   false
                              use_vi_hc3                                   false
                         use_vi_lex_full                                   false
                         use_vi_lex_half                                   false
                      use_vi_lex_quarter                                   false
                              use_vi_qua                                   false
                               use_vi_vc                                   false
                               use_vi_vr                                   false
--------------------------------------------------------------------------------
executing instance: ./input/Instances/Original/6/absH6high_1n25.dat
--------------------------------------------------------------------------------
Instance details
n	26
H	6
C	1711
Li:
[0, 0, 0, 0, 0, 0, 0, 0, 0, 0, 0, 0, 0, 0, 0, 0, 0, 0, 0, 0, 0, 0, 0, 0, 0, 0, ]
Ui:
[0, 168, 176, 34, 66, 36, 177, 106, 118, 182, 64, 141, 189, 63, 46, 111, 182, 231, 36, 66, 68, 54, 132, 90, 246, 75, ]
Distance matrix:
|0	191	200	231	334	329	146	196	208	245	218	164	283	394	151	358	156	196	309	253	201	260	127	138	130	104	|
|191	0	226	229	278	146	328	216	390	417	327	293	195	334	106	296	171	122	472	151	12	411	280	53	190	130	|
|200	226	0	38	149	359	321	10	276	274	418	364	139	204	121	173	321	115	303	141	225	236	155	202	311	256	|
|231	229	38	0	110	352	358	37	314	310	448	395	108	167	129	135	342	109	336	120	226	268	194	213	335	277	|
|334	278	149	110	0	367	467	147	422	413	546	495	86	61	203	25	423	163	429	129	271	363	303	282	424	361	|
|329	146	359	352	367	0	453	349	533	562	411	393	282	411	245	378	250	244	617	245	141	556	426	195	284	243	|
|146	328	321	358	467	453	0	321	162	215	160	112	425	524	297	491	223	341	284	397	339	266	186	276	184	210	|
|196	216	10	37	147	349	321	0	281	281	414	360	132	203	112	171	315	105	311	132	216	244	159	193	305	249	|
|208	390	276	314	422	533	162	281	0	54	321	271	410	471	316	445	348	348	123	398	398	115	125	338	313	309	|
|245	417	274	310	413	562	215	281	54	0	375	323	413	457	334	435	393	361	70	406	424	69	139	367	359	349	|
|218	327	418	448	546	411	160	414	321	375	0	57	484	606	347	569	163	393	444	446	339	421	318	288	137	199	|
|164	293	364	395	495	393	112	360	271	323	57	0	437	556	300	519	144	346	393	401	305	367	261	249	109	163	|
|283	195	139	108	86	282	425	132	410	413	484	437	0	139	137	101	349	91	443	44	187	375	286	206	355	291	|
|394	334	204	167	61	411	524	203	471	457	606	556	139	0	264	38	483	222	467	183	326	403	356	341	484	421	|
|151	106	121	129	203	245	297	112	316	334	347	300	137	264	0	225	220	46	381	102	106	316	195	84	221	158	|
|358	296	173	135	25	378	491	171	445	435	569	519	101	38	225	0	444	184	450	145	288	384	328	303	446	383	|
|156	171	321	342	423	250	223	315	348	393	163	144	349	483	220	444	0	261	460	308	183	415	284	143	39	65	|
|196	122	115	109	163	244	341	105	348	361	393	346	91	222	46	184	261	0	402	56	118	336	224	119	264	200	|
|309	472	303	336	429	617	284	311	123	70	444	393	443	467	381	450	460	402	0	442	477	68	192	424	426	413	|
|253	151	141	120	129	245	397	132	398	406	446	401	44	183	102	145	308	56	442	0	143	375	273	164	315	251	|
|201	12	225	226	271	141	339	216	398	424	339	305	187	326	106	288	183	118	477	143	0	416	286	63	202	142	|
|260	411	236	268	363	556	266	244	115	69	421	367	375	403	316	384	415	336	68	375	416	0	135	365	384	363	|
|127	280	155	194	303	426	186	159	125	139	318	261	286	356	195	328	284	224	192	273	286	135	0	232	256	229	|
|138	53	202	213	282	195	276	193	338	367	288	249	206	341	84	303	143	119	424	164	63	365	232	0	153	89	|
|130	190	311	335	424	284	184	305	313	359	137	109	355	484	221	446	39	264	426	315	202	384	256	153	0	64	|
|104	130	256	277	361	243	210	249	309	349	199	163	291	421	158	383	65	200	413	251	142	363	229	89	64	0	|

--------------------------------------------------------------------------------
Building model...
	using lazy and cut (CVRPSEP package)
Solving IRP LP...
--------------------------------------------------------------------------------

Gurobi 9.1.0 (linux64) logging started Fri Jan 29 02:16:08 2021

Gurobi Optimizer version 9.1.0 build v9.1.0rc0 (linux64)
Thread count: 32 physical cores, 32 logical processors, using up to 2 threads
Optimize a model with 1952 rows, 9206 columns and 23696 nonzeros
Model fingerprint: 0x8bca7077
Variable types: 782 continuous, 8424 integer (624 binary)
Coefficient statistics:
  Matrix range     [1e+00, 4e+02]
  Objective range  [1e-01, 6e+02]
  Bounds range     [1e+00, 2e+02]
  RHS range        [1e+01, 3e+03]
Presolve removed 296 rows and 980 columns
Presolve time: 0.06s
Presolved: 1656 rows, 8226 columns, 20196 nonzeros
Variable types: 714 continuous, 7512 integer (6948 binary)

Root relaxation: objective 1.430226e+04, 2330 iterations, 0.07 seconds

    Nodes    |    Current Node    |     Objective Bounds      |     Work
 Expl Unexpl |  Obj  Depth IntInf | Incumbent    BestBd   Gap | It/Node Time

     0     0 14302.2551    0  245          - 14302.2551      -     -    0s
     0     0 14576.1978    0  269          - 14576.1978      -     -    0s
     0     0 14602.3631    0  261          - 14602.3631      -     -    0s
     0     0 14604.2577    0  263          - 14604.2577      -     -    0s
     0     0 14604.3689    0  265          - 14604.3689      -     -    0s
     0     0 15045.2833    0  294          - 15045.2833      -     -    1s
     0     0 15135.9884    0  297          - 15135.9884      -     -    1s
     0     0 15158.3937    0  353          - 15158.3937      -     -    1s
     0     0 15166.9275    0  371          - 15166.9275      -     -    1s
     0     0 15172.8402    0  370          - 15172.8402      -     -    1s
     0     0 15175.7060    0  352          - 15175.7060      -     -    1s
     0     0 15176.2452    0  360          - 15176.2452      -     -    1s
     0     0 15674.2260    0  443          - 15674.2260      -     -    2s
     0     0 15706.9595    0  461          - 15706.9595      -     -    2s
     0     0 15720.9341    0  437          - 15720.9341      -     -    2s
     0     0 15752.1852    0  477          - 15752.1852      -     -    3s
     0     0 15785.1019    0  471          - 15785.1019      -     -    3s
     0     0 15788.2987    0  488          - 15788.2987      -     -    3s
     0     0 15788.9107    0  462          - 15788.9107      -     -    3s
     0     0 15906.0009    0  520          - 15906.0009      -     -    3s
     0     0 15963.0503    0  498          - 15963.0503      -     -    4s
     0     0 15989.8232    0  498          - 15989.8232      -     -    5s
     0     0 15991.4795    0  483          - 15991.4795      -     -    5s
     0     0 16125.1767    0  513          - 16125.1767      -     -    6s
     0     0 16150.4490    0  430          - 16150.4490      -     -    7s
     0     0 16156.0307    0  476          - 16156.0307      -     -    7s
     0     0 16162.6061    0  445          - 16162.6061      -     -    7s
     0     0 16178.7087    0  446          - 16178.7087      -     -    7s
     0     0 16210.5622    0  501          - 16210.5622      -     -    7s
     0     0 16243.8666    0  474          - 16243.8666      -     -    8s
     0     0 16252.3814    0  464          - 16252.3814      -     -    8s
     0     0 16254.7693    0  482          - 16254.7693      -     -    8s
     0     0 16263.3519    0  488          - 16263.3519      -     -    8s
     0     0 16272.3547    0  487          - 16272.3547      -     -    8s
     0     0 16275.6741    0  523          - 16275.6741      -     -    8s
     0     0 16275.8004    0  525          - 16275.8004      -     -    8s
     0     0 16318.8628    0  476          - 16318.8628      -     -    9s
     0     0 16322.2330    0  500          - 16322.2330      -     -    9s
     0     0 16322.6581    0  513          - 16322.6581      -     -    9s
     0     0 16332.6050    0  553          - 16332.6050      -     -   10s
     0     0 16332.6050    0  501          - 16332.6050      -     -   10s
     0     2 16332.9164    0  499          - 16332.9164      -     -   11s
    19    22 16405.9336    6  446          - 16357.3625      -   801   15s
    41    44 16513.6693   11  428          - 16357.3625      -   893   20s
    81    87 16913.2098   21  421          - 16357.3625      -   720   25s
   112   116 17113.9967   30  330          - 16357.3625      -   646   30s
   119   126 17129.1313   32  318          - 16357.3625      -   636   47s
   154   154 17251.3836   47  324          - 16357.3625      -   556   50s
   222   220 17734.2009   65  322          - 16357.3625      -   480   55s
   305   317 18707.2742   92  172          - 16357.3625      -   431   60s
   421   423 19831.6034  129  194          - 16357.3699      -   380   68s
   468   471 16836.6854    4  625          - 16357.3699      -   393   71s
   553   570 16865.7104    5  583          - 16357.3699      -   363   75s
   655   600 16975.5329    8  541          - 16357.3699      -   337   81s
   665   610 17111.3826   11  441          - 16357.3699      -   355   85s
   695   652 17214.1244   24  274          - 16357.3699      -   370   90s
   715   672 17281.9389   35  290          - 16357.3699      -   370  103s
   736   673 21288.5559  186  501          - 16357.3699      -   370  105s
   744   678 18265.9168   77  647          - 16852.3068      -   366  110s
   756   686 17175.9548   15  705          - 16943.8936      -   361  115s
   768   694 17256.6320   34  752          - 16957.5702      -   355  120s
   779   702 19944.2189  134  741          - 16960.9988      -   350  125s
   790   710 20657.3993  161  573          - 16960.9988      -   376  130s
   803   719 18006.5491   69  762          - 16961.3389      -   370  135s
   811   724 21761.9473  218  732          - 16962.3958      -   367  140s
   812   728 16962.7555   19  759          - 16962.7555      -   389  148s
   818   732 16970.7776   21  743          - 16969.1488      -   393  150s
   830   741 16988.9119   24  634          - 16988.9119      -   407  155s
   842   750 17002.4877   28  645          - 16998.4964      -   419  160s
   868   768 17025.7779   34  587          - 16998.4964      -   427  165s
   900   793 17081.3136   40  512          - 16998.4964      -   433  170s
   933   814 17155.7292   46  454          - 16998.4964      -   439  175s
   961   831 17312.2375   52  496          - 16998.4964      -   442  180s
   980   849 17352.3569   56  559          - 16998.4964      -   444  186s
  1011   870 17397.2308   61  508          - 16998.4964      -   446  190s
  1044   894 17436.7099   70  487          - 16998.4964      -   448  195s
  1090   927 17505.4645   81  271          - 16998.4964      -   447  200s
  1148   973 17592.0160   93  397          - 16998.4964      -   442  205s
  1192  1000 17690.9928  102  406          - 16998.4964      -   438  210s
  1268  1054 17884.7337  119  391          - 16998.4964      -   432  217s
  1309  1083 18854.7100  157  303          - 16998.4964      -   429  220s
  1377  1133 18057.1767  138  386          - 16998.4964      -   420  225s
  1489  1243 18155.0388  155  331          - 16998.4964      -   404  231s
  1678  1379 18311.0296  184  203          - 16998.4964      -   377  238s
  1801  1437 18749.8627  202  186          - 16998.4964      -   359  248s
  1930  1404 19119.6623  218  196          - 17002.1052      -   342  251s
  1976  1412 17210.1571   27  583          - 17002.1052      -   343  256s
  1994  1422 17174.4700   28  707          - 17002.1052      -   347  261s
  2014  1441 17290.5485   29  483          - 17002.1052      -   351  267s
  2026  1451 17285.4032   32  549          - 17002.1052      -   353  270s
  2059  1480 17318.3526   37  532          - 17002.1052      -   356  276s
  2102  1521 17411.6320   43  570          - 17002.1052      -   359  282s
  2135  1538 17454.2046   49  487          - 17002.1052      -   358  285s
  2199  1589 17560.1043   56  468          - 17002.1052      -   359  293s
  2239  1676 17638.8049   60  424          - 17002.1052      -   360  297s
  2340  1792 17716.2059   67  389          - 17002.1052      -   351  302s
  2496  1765 17779.2417   72  432          - 17002.1052      -   338  308s
  2572  1777 17869.2109   77  440          - 17002.1052      -   333  322s
  2594  1799 17959.4576   83  407          - 17002.1052      -   334  327s
  2623  1819 18088.6797   94  399          - 17002.1052      -   335  331s
  2653  1841 18191.1520  106  362          - 17002.1052      -   336  335s
  2718  1891 18280.0655  124  334          - 17002.1052      -   338  344s
  2756  1926 18521.0983  130  384          - 17002.1052      -   339  348s
  2810  1971 19098.9607  141  298          - 17002.1052      -   338  353s
  2875  2053 19168.3494  152  298          - 17002.1052      -   337  359s
  2980  2220 19284.5305  176  193          - 17002.1052      -   332  366s
  3182  2487 19900.1266  227   95          - 17002.1052      -   319  373s
  3420  2487 18949.4617  111  206          - 17002.1052      -   302  375s
  3458  2658 21567.7744  301   43          - 17011.1139      -   302  381s
* 3482  2530             310    21638.280000 17011.1139  21.4%   300  384s
* 3485  2530             310    21631.240000 17011.1139  21.4%   300  384s
  3679  2606 17490.1422   34  533 21631.2400 17011.1139  21.4%   291  393s
  3830  2699 17579.8962   36  523 21631.2400 17011.1139  21.4%   284  402s
  3952  2714 17831.1925   42  394 21631.2400 17011.1139  21.4%   279  409s
  3981  2738 17900.4412   46  411 21631.2400 17011.1139  21.4%   280  415s
  4005  2775 18008.2398   56  352 21631.2400 17011.1139  21.4%   281  421s
  4042  2824 18181.0511   67  302 21631.2400 17011.1139  21.4%   282  430s
  4091  2875 18370.7854   75  298 21631.2400 17011.1139  21.4%   283  437s
  4142  3008 18475.8624   84  193 21631.2400 17011.1139  21.4%   284  445s
  4294  3018 18594.8991   99  284 21631.2400 17011.1139  21.4%   279  453s
  4308  3077 18642.0101  102  212 21631.2400 17011.1139  21.4%   280  460s
  4367  3147 18820.1909  114  245 21631.2400 17011.1139  21.4%   280  468s
  4437  3288 19380.8763  126  252 21631.2400 17011.1139  21.4%   280  477s
  4579  3327 19597.1276  152  213 21631.2400 17011.1139  21.4%   277  487s
  4636  3609 19770.8400  157  154 21631.2400 17011.1139  21.4%   276  498s
  4869  3609 20777.0605  235   62 21631.2400 17011.1139  21.4%   266  500s
  4930  3694 21380.8817  245   62 21631.2400 17033.1858  21.3%   265  509s
  5033  3694 20478.3155   81   96 21631.2400 17033.2157  21.3%   264  510s
  5068  3730 17668.9447   36  371 21631.2400 17033.2157  21.3%   263  521s
  5104  3762 18563.7711   60  263 21631.2400 17033.2157  21.3%   265  533s
H 5134  3329                    20771.480000 17033.2157  18.0%   265  533s
  5136  3483 18923.0752   76  276 20771.4800 17041.6787  18.0%   265  542s
  5316  3512 17271.0291   34  546 20771.4800 17041.7885  18.0%   261  552s
  5345  3625 17906.5934   49  368 20771.4800 17054.2274  17.9%   263  563s
  5472  3669 17348.0535   33  585 20771.4800 17054.2274  17.9%   262  573s
  5533  3741 17751.9216   49  515 20771.4800 17054.2274  17.9%   263  582s
  5605  3833 18663.8181   74  373 20771.4800 17054.2274  17.9%   264  593s
  5713  3953 19805.7142  121  312 20771.4800 17056.8926  17.9%   264  604s
  5779  3953 17404.3145   29  584 20771.4800 17056.8926  17.9%   263  605s
  5848  4022 17698.3413   32  586 20771.4800 17056.8926  17.9%   263  615s
  5927  4122 19105.5612   68  361 20771.4800 17061.9269  17.9%   263  639s
  5963  4122 20376.0324  104  144 20771.4800 17061.9269  17.9%   263  640s
H 6044  4111                    20622.880000 17061.9269  17.3%   263  652s
  6163  4166 17554.6479   43  485 20622.8800 17061.9269  17.3%   262  662s
  6218  4286 17789.4665   53  429 20622.8800 17061.9269  17.3%   264  683s
  6348  4342 17983.0455   66  360 20622.8800 17061.9269  17.3%   263  694s
H 6380  4339                    20620.600000 17061.9269  17.3%   264  694s
  6404  4378 18479.7118   82  399 20620.6000 17061.9269  17.3%   265  708s
H 6413  4312                    20567.960000 17061.9269  17.0%   265  708s
  6445  4428 18503.8895   85  313 20567.9600 17061.9269  17.0%   265  719s
  6489  4428 19286.6854   98  364 20567.9600 17061.9269  17.0%   266  720s
H 6574  3646                    19830.160000 17061.9269  14.0%   265  733s
  6679  3686 19759.4852  149  178 19830.1600 17065.2972  13.9%   265  746s
H 6685  3674                    19820.880000 17065.2972  13.9%   265  746s
  6738  3795 17615.2255   33  576 19820.8800 17065.2972  13.9%   266  758s
H 6864  3556                    19623.630000 17065.2972  13.0%   266  804s
  6918  3634     cutoff   90      19623.6300 17073.0804  13.0%   265  817s
  7053  3728 18324.3622   54  318 19623.6300 17073.1393  13.0%   265  828s
  7165  3777 17320.4151   36  587 19623.6300 17073.1393  13.0%   265  840s
  7222  3876 17708.8584   45  464 19623.6300 17073.1393  13.0%   266  855s
  7321  3953 18969.8125   61  308 19623.6300 17074.5739  13.0%   268  872s
  7427  4055 17580.3136   42  419 19623.6300 17085.0851  12.9%   270  894s
H 7477  4000                    19598.630000 17085.0851  12.8%   270  896s
  7560  4116 19300.9218   91  383 19598.6300 17089.1324  12.8%   270  914s
  7605  4116 17820.4384   45  380 19598.6300 17089.1468  12.8%   271  915s
  7722  4264 18391.5799   66  430 19598.6300 17096.5773  12.8%   270  934s
  7822  4264 17585.0150   34  422 19598.6300 17103.6866  12.7%   270  935s
  7893  4330 18005.6233   38  383 19598.6300 17103.6866  12.7%   270  951s
  7959  4530 18384.4533   52  355 19598.6300 17103.6866  12.7%   273  969s
  8033  4530 19054.4264   77  143 19598.6300 17103.6866  12.7%   273  970s
  8159  4667 19445.6994   96  142 19598.6300 17104.1528  12.7%   273  990s
  8338  4754 17935.4267   48  471 19598.6300 17109.3204  12.7%   274 1007s
  8435  4891 17315.6257   25  629 19598.6300 17109.3204  12.7%   276 1024s
  8486  4891 18805.0749   76  212 19598.6300 17109.3204  12.7%   276 1025s
  8588  4953 19209.5778   90  172 19598.6300 17118.3596  12.7%   276 1042s
H 8664  4978                    19582.550000 17118.3596  12.6%   277 1059s
  8728  5040 18708.3013   49  393 19582.5500 17121.2748  12.6%   280 1076s
  8802  5174 17719.4130   32  449 19582.5500 17121.2748  12.6%   282 1094s
  8849  5174 18795.7180   79  308 19582.5500 17121.2748  12.6%   283 1095s
  8936  5299 19552.6796  100  228 19582.5500 17121.3880  12.6%   283 1115s
  9109  5379 19029.5387   69  418 19582.5500 17121.5959  12.6%   283 1133s
H 9157  4823                    19347.350000 17121.5959  11.5%   284 1134s
  9210  4917 18096.2869   45  481 19347.3500 17128.0205  11.5%   284 1152s
  9333  4971 17854.8439   38  534 19347.3500 17130.1396  11.5%   285 1170s
  9409  5097 17558.5461   46  563 19347.3500 17135.7905  11.4%   287 1189s
  9445  5097 18289.2338   57  404 19347.3500 17135.8153  11.4%   288 1190s
  9556  5196 17489.6455   45  553 19347.3500 17139.0376  11.4%   287 1209s
  9596  5196 19002.8675   85  306 19347.3500 17139.0376  11.4%   288 1210s
  9680  5317 17569.8399   47  576 19347.3500 17142.3909  11.4%   288 1230s
  9818  5395 17458.2776   36  577 19347.3500 17142.3909  11.4%   289 1251s
  9905  5487 18223.0447   47  486 19347.3500 17142.3909  11.4%   291 1277s
 10030  5541 18811.2914   65  355 19347.3500 17143.9746  11.4%   291 1297s
 10114  5619 17849.9622   43  505 19347.3500 17144.4169  11.4%   293 1316s
 10192  5733 18217.8537   65  392 19347.3500 17144.4169  11.4%   295 1336s
 10306  5912 19258.1262   90  382 19347.3500 17150.4857  11.4%   297 1361s
 10514  5955 17453.5288   40  563 19347.3500 17150.4857  11.4%   296 1382s
 10580  6068 17535.1693   56  427 19347.3500 17150.4857  11.4%   298 1402s
 10703  6203 18046.4569   77  434 19347.3500 17150.4857  11.4%   299 1423s
 10862  6322 19053.7014  120  334 19347.3500 17157.4900  11.3%   300 1446s
 11002  6419 18649.1134   68  312 19347.3500 17159.0003  11.3%   301 1467s
 11117  6534 18090.3073   50  444 19347.3500 17165.1965  11.3%   302 1488s
 11254  6595 17383.5342   29  621 19347.3500 17165.9981  11.3%   302 1508s
 11315  6664 18063.6763   42  492 19347.3500 17165.9981  11.3%   304 1542s
 11384  6760 18525.6262   55  322 19347.3500 17167.0594  11.3%   306 1563s
 11494  6809 17437.6700   26  573 19347.3500 17167.0594  11.3%   308 1595s
 11569  6986 18204.6670   55  457 19347.3500 17167.8237  11.3%   309 1616s
 11776  7070 17890.2965   55  469 19347.3500 17170.4876  11.3%   308 1656s
 11882  7156 17931.7291   56  383 19347.3500 17172.1496  11.2%   309 1679s
 11939  7156 17791.5472   35  542 19347.3500 17172.8388  11.2%   310 1680s
 12003  7249 18267.5418   52  444 19347.3500 17174.4714  11.2%   310 1700s
 12127  7337 18188.2696   36  466 19347.3500 17174.7584  11.2%   311 1723s
 12174  7337 19304.1279   83  265 19347.3500 17174.7584  11.2%   311 1726s
 12233  7409 17915.0091   32  511 19347.3500 17175.2222  11.2%   312 1747s
 12305  7619 18395.8149   45  417 19347.3500 17175.2222  11.2%   314 1779s
 12363  7619 18938.2819   69  258 19347.3500 17175.2222  11.2%   314 1780s
 12519  7776 19247.0966   99  193 19347.3500 17175.3066  11.2%   314 1809s
H12585  7631                    19290.640000 17175.3066  11.0%   314 1810s
H12722  7480                    19250.950000 17176.4111  10.8%   313 1814s
 12725  7517 18174.7247   78  259 19250.9500 17178.2232  10.8%   313 1835s
 12831  7627 18107.0834   49  463 19250.9500 17187.6881  10.7%   314 1859s
 12898  7627 18317.8030   47  333 19250.9500 17187.7008  10.7%   314 1860s
 12963  7764 17760.5799   35  459 19250.9500 17189.6412  10.7%   314 1882s
 13129  7846 17523.3209   38  560 19250.9500 17189.6556  10.7%   314 1903s
 13237  7917 19084.4576   78  343 19250.9500 17190.6665  10.7%   315 1926s
 13328  7975 17990.3233   45  482 19250.9500 17190.6665  10.7%   316 1947s
 13397  8098 18324.5762   61  445 19250.9500 17190.6665  10.7%   318 1971s
 13530  8192 19018.6164   82  297 19250.9500 17191.4331  10.7%   319 1994s
 13657  8328 18009.0840   59  472 19250.9500 17191.4780  10.7%   320 2017s
 13811  8444 17437.6121   42  597 19250.9500 17191.4792  10.7%   319 2047s
 13951  8512     cutoff  108      19250.9500 17191.7694  10.7%   320 2070s
 14037  8570 17470.1766   44  631 19250.9500 17193.9868  10.7%   321 2092s
 14095  8698 17616.0237   57  499 19250.9500 17193.9868  10.7%   323 2115s
 14223  8867 17858.1167   78  387 19250.9500 17193.9868  10.7%   324 2140s
 14417  8939 19187.6321  144  160 19250.9500 17196.0146  10.7%   324 2164s
 14527  9030     cutoff   65      19250.9500 17196.7849  10.7%   325 2187s
 14638  9108 19029.1445   92  338 19250.9500 17198.9658  10.7%   327 2211s
 14738  9231 19023.1997   58  291 19250.9500 17199.8431  10.7%   328 2237s
 14883  9298 17749.7668   48  537 19250.9500 17200.0991  10.7%   328 2263s
 14950  9390 18953.4443   61  361 19250.9500 17200.6028  10.7%   330 2286s
 15056  9550 18411.8119   84  261 19250.9500 17200.6028  10.7%   331 2314s
 15242  9654 17829.0015   82  401 19250.9500 17202.8626  10.6%   330 2338s
 15364  9749 18094.6107   63  461 19250.9500 17203.8037  10.6%   331 2362s
 15484  9876 18219.9616   45  420 19250.9500 17206.8350  10.6%   332 2390s
 15633  9947 18456.7042   54  479 19250.9500 17208.0375  10.6%   332 2422s
 15721 10033 17502.1172   49  470 19250.9500 17208.1772  10.6%   333 2448s
 15807 10174 17949.5560   77  342 19250.9500 17208.6290  10.6%   335 2474s
 15966 10314 17690.1802   43  437 19250.9500 17210.0187  10.6%   336 2501s
 16138 10358 17586.2133   33  520 19250.9500 17210.0187  10.6%   336 2528s
 16182 10458 18559.1082   44  432 19250.9500 17210.1550  10.6%   338 2572s
 16316 10627 17965.8873   55  420 19250.9500 17210.6152  10.6%   339 2598s
 16502 10627 19057.9969  114  196 19250.9500 17210.7229  10.6%   338 2600s
 16527 10724 17766.2870   45  435 19250.9500 17210.7229  10.6%   338 2625s
 16624 10888 18461.5230   76  340 19250.9500 17213.0790  10.6%   340 2653s
 16817 11033 17693.0149   37  530 19250.9500 17213.1436  10.6%   340 2681s
 16971 11209 17469.3549   37  609 19250.9500 17213.5248  10.6%   340 2723s
 17179 11327 17703.0972   34  486 19250.9500 17213.6637  10.6%   340 2753s
H17229 10893                    19177.410000 17213.6637  10.2%   340 2754s
 17315 11007 17251.9556   30  598 19177.4100 17213.8311  10.2%   340 2780s
 17456 11118 17539.0443   35  531 19177.4100 17214.3770  10.2%   340 2807s
 17593 11238 17432.2882   36  511 19177.4100 17219.5437  10.2%   341 2834s
 17723 11238 18946.5282   91  303 19177.4100 17220.5460  10.2%   342 2835s
 17742 11342 17385.3074   39  632 19177.4100 17220.5460  10.2%   342 2864s
 17813 11342 17326.6843   27  705 19177.4100 17220.5460  10.2%   342 2865s
 17849 11437     cutoff  109      19177.4100 17220.6155  10.2%   342 2890s
 17969 11530 17335.0237   34  619 19177.4100 17221.3579  10.2%   344 2917s
H18041 11255                    19140.180000 17221.3579  10.0%   344 2918s
 18093 11353 17627.2769   37  603 19140.1800 17221.4792  10.0%   345 2952s
 18208 11458 18342.1422   45  517 19140.1800 17222.6779  10.0%   346 2979s
 18337 11512 17779.2700   34  587 19140.1800 17222.8580  10.0%   347 3005s
 18391 11613 18266.2686   43  304 19140.1800 17222.8580  10.0%   349 3045s
 18492 11850 18820.6568   66  192 19140.1800 17222.9826  10.0%   350 3086s
 18768 11985 19009.6663   64  400 19140.1800 17223.2216  10.0%   349 3116s
 18955 12142 19113.6140   86  265 19140.1800 17223.7609  10.0%   349 3144s
 19033 12142 18809.6545  101  278 19140.1800 17223.7609  10.0%   349 3145s
 19136 12224     cutoff  110      19140.1800 17225.2233  10.0%   349 3174s
 19204 12224 18125.5315   41  395 19140.1800 17225.5215  10.0%   349 3175s
 19263 12293 17273.5221   31  614 19140.1800 17225.5466  10.0%   350 3210s
 19332 12392 17556.9647   51  505 19140.1800 17225.7371  10.0%   351 3237s
 19431 12635 17903.8399   78  277 19140.1800 17226.1718  10.0%   353 3270s
 19694 12792 17829.0857   31  484 19140.1800 17226.4952  10.0%   352 3303s
 19884 12856 17471.8597   39  642 19140.1800 17226.6317  10.0%   352 3333s
 19948 12952 18269.1834   45  498 19140.1800 17226.7538  10.0%   354 3373s
 20080 13068 17766.9914   44  537 19140.1800 17226.8832  10.0%   354 3405s
 20219 13212 18479.9169   56  419 19140.1800 17227.1465  10.0%   355 3436s
 20389 13334 19069.5026   89  306 19140.1800 17227.6588  10.0%   355 3474s
 20461 13334 18532.7261   88  361 19140.1800 17227.6588  10.0%   355 3475s
 20548 13421 18552.5515   92  333 19140.1800 17228.7067  10.0%   355 3504s
 20670 13569 17366.0999   36  513 19140.1800 17229.4653  10.0%   356 3539s
 20754 13569 19084.3859  111   59 19140.1800 17229.4653  10.0%   356 3543s
 20842 13714 17347.1317   38  753 19140.1800 17229.4653  10.0%   357 3575s
 21022 13778 18411.6505   52  426 19140.1800 17229.4653  10.0%   357 3600s

Cutting planes:
  User: 6271
  Gomory: 41
  Cover: 597
  Implied bound: 80
  Clique: 10
  MIR: 365
  StrongCG: 2
  Flow cover: 742
  Inf proof: 3
  Zero half: 16
  Network: 6
  RLT: 432
  Relax-and-lift: 7
  Lazy constraints: 303

Explored 21105 nodes (7556324 simplex iterations) in 3600.72 seconds
Thread count was 2 (of 32 available processors)

Solution count 10: 19140.2 19177.4 19251 ... 19830.2

Time limit reached
Best objective 1.914018000000e+04, best bound 1.722946532761e+04, gap 9.9827%

User-callback calls 252771, time in user-callback 426.54 sec
================================================================================
executing instance: ./input/Instances/Original/6/absH6high_1n20.dat
--------------------------------------------------------------------------------
Instance details
n	21
H	6
C	1651
Li:
[0, 0, 0, 0, 0, 0, 0, 0, 0, 0, 0, 0, 0, 0, 0, 0, 0, 0, 0, 0, 0, ]
Ui:
[0, 36, 182, 182, 90, 261, 117, 30, 110, 42, 276, 153, 40, 94, 144, 46, 129, 213, 264, 160, 174, ]
Distance matrix:
|0	371	401	343	361	341	370	115	392	400	79	266	292	245	355	431	265	194	95	92	348	|
|371	0	37	141	110	250	117	438	67	131	372	305	115	238	247	255	235	296	392	430	185	|
|401	37	0	175	100	284	146	472	90	156	406	342	152	275	280	282	242	333	415	455	178	|
|343	141	175	0	239	110	38	374	95	60	314	182	67	130	106	127	318	201	397	423	303	|
|361	110	100	239	0	341	222	451	177	240	385	374	190	304	341	361	151	345	354	398	78	|
|341	250	284	110	341	0	143	337	203	151	289	102	152	97	15	95	394	156	415	431	398	|
|370	117	146	38	222	143	0	407	61	30	346	220	81	167	137	139	317	237	417	447	292	|
|115	438	472	374	451	337	407	0	443	434	66	241	339	251	351	431	374	181	201	177	450	|
|392	67	90	95	177	203	61	443	0	66	379	275	104	216	197	193	294	283	427	461	252	|
|400	131	156	60	240	151	30	434	66	0	374	237	112	189	142	127	344	261	448	477	312	|
|79	372	406	314	385	289	346	66	379	374	0	202	275	197	304	383	316	134	175	166	388	|
|266	305	342	182	374	102	220	241	275	237	202	0	191	70	117	196	386	73	352	359	415	|
|292	115	152	67	190	152	81	339	104	112	275	191	0	123	154	193	252	183	336	366	246	|
|245	238	275	130	304	97	167	251	216	189	197	70	123	0	110	187	322	72	319	334	346	|
|355	247	280	106	341	15	137	351	197	142	304	117	154	110	0	80	399	171	427	444	400	|
|431	255	282	127	361	95	139	431	193	127	383	196	193	187	80	0	444	251	499	519	429	|
|265	235	242	318	151	394	317	374	294	344	316	386	252	322	399	444	0	332	226	273	97	|
|194	296	333	201	345	156	237	181	283	261	134	73	183	72	171	251	332	0	279	286	375	|
|95	392	415	397	354	415	417	201	427	448	175	352	336	319	427	499	226	279	0	47	321	|
|92	430	455	423	398	431	447	177	461	477	166	359	366	334	444	519	273	286	47	0	368	|
|348	185	178	303	78	398	292	450	252	312	388	415	246	346	400	429	97	375	321	368	0	|

--------------------------------------------------------------------------------
Building model...
	using lazy and cut (CVRPSEP package)
Solving IRP LP...
--------------------------------------------------------------------------------

Gurobi 9.1.0 (linux64) logging started Fri Jan 29 03:16:34 2021

Gurobi Optimizer version 9.1.0 build v9.1.0rc0 (linux64)
Thread count: 32 physical cores, 32 logical processors, using up to 2 threads
Optimize a model with 1563 rows, 6171 columns and 16257 nonzeros
Model fingerprint: 0x25110794
Variable types: 627 continuous, 5544 integer (504 binary)
Coefficient statistics:
  Matrix range     [1e+00, 4e+02]
  Objective range  [1e-01, 5e+02]
  Bounds range     [1e+00, 3e+02]
  RHS range        [1e+01, 3e+03]
Presolve removed 261 rows and 795 columns
Presolve time: 0.04s
Presolved: 1302 rows, 5376 columns, 13387 nonzeros
Variable types: 564 continuous, 4812 integer (4368 binary)

Root relaxation: objective 1.358933e+04, 2129 iterations, 0.07 seconds

    Nodes    |    Current Node    |     Objective Bounds      |     Work
 Expl Unexpl |  Obj  Depth IntInf | Incumbent    BestBd   Gap | It/Node Time

     0     0 13589.3310    0  204          - 13589.3310      -     -    0s
     0     0 13824.4533    0  265          - 13824.4533      -     -    0s
     0     0 13858.2581    0  244          - 13858.2581      -     -    0s
     0     0 13859.2189    0  252          - 13859.2189      -     -    0s
     0     0 13859.9245    0  260          - 13859.9245      -     -    0s
     0     0 13860.0618    0  262          - 13860.0618      -     -    0s
     0     0 14148.6920    0  320          - 14148.6920      -     -    1s
     0     0 14205.9944    0  303          - 14205.9944      -     -    1s
     0     0 14221.8325    0  319          - 14221.8325      -     -    1s
     0     0 14224.2215    0  299          - 14224.2215      -     -    1s
     0     0 14224.6672    0  303          - 14224.6672      -     -    1s
     0     0 14225.1423    0  293          - 14225.1423      -     -    1s
     0     0 14225.1492    0  301          - 14225.1492      -     -    1s
     0     0 14395.5816    0  348          - 14395.5816      -     -    1s
     0     0 14435.3364    0  321          - 14435.3364      -     -    1s
     0     0 14444.2912    0  338          - 14444.2912      -     -    1s
     0     0 14444.5538    0  369          - 14444.5538      -     -    1s
     0     0 14509.5086    0  384          - 14509.5086      -     -    2s
     0     0 14530.7388    0  406          - 14530.7388      -     -    2s
     0     0 14532.0183    0  429          - 14532.0183      -     -    2s
     0     0 14532.1586    0  448          - 14532.1586      -     -    2s
     0     0 14586.9143    0  443          - 14586.9143      -     -    3s
     0     0 14590.8972    0  405          - 14590.8972      -     -    3s
     0     0 14591.2160    0  460          - 14591.2160      -     -    3s
     0     0 14606.1128    0  478          - 14606.1128      -     -    3s
     0     0 14609.5639    0  494          - 14609.5639      -     -    3s
     0     0 14611.0553    0  505          - 14611.0553      -     -    4s
     0     0 14611.4691    0  444          - 14611.4691      -     -    4s
     0     0 14615.6033    0  442          - 14615.6033      -     -    4s
     0     0 14615.6033    0  419          - 14615.6033      -     -    5s
     0     2 14616.8325    0  392          - 14616.8325      -     -    6s
    21    24 14697.9769    6  512          - 14645.5249      -   864   10s
    60    70 14949.9279   15  404          - 14645.5249      -   652   15s
   143   155 15634.0433   37  301          - 14645.5249      -   458   20s
   285   305 17266.3196   73  235          - 14645.5249      -   320   25s
   398   402 18330.9928  112  183          - 14645.5249      -   266   30s
   444   444 19204.4501  131  131          - 14645.5249      -   271   41s
   513   499 20708.6563  174  121          - 14652.3173      -   255   46s
   555   525 15115.7803    9  533          - 14652.3173      -   284   50s
   566   536 15174.4398   10  479          - 14652.3173      -   301   55s
   595   566 15230.5119   14  523          - 14652.3173      -   321   60s
   647   621 15583.9066   21  439          - 14652.3173      -   333   65s
   691   671 15803.5401   25  416          - 14652.3173      -   344   70s
   728   692 17117.8695   63  443          - 14652.3173      -   342   75s
   748   706 18047.2582  111  492          - 15001.7211      -   332   80s
   755   710 19351.9822  137  543          - 15008.3741      -   329   93s
   756   711 19868.8335  162  518          - 15012.9888      -   329   95s
   770   720 17899.7940  104  592          - 15024.9756      -   323  100s
   789   735 17214.1203   84  556          - 15025.0092      -   343  105s
   795   739 20712.7176  175  568          - 15028.6839      -   340  110s
   796   742 15036.1180   24  592          - 15030.6633      -   359  115s
   800   745 15200.0652   25  474          - 15039.3521      -   360  122s
   806   749 15086.4828   27  486          - 15064.2137      -   365  125s
   825   766 15128.7383   32  484          - 15093.6200      -   373  130s
   838   770 15189.4217   35  446          - 15093.6200      -   379  136s
   847   779 15210.4558   38  485          - 15093.6200      -   382  140s
   882   804 15311.0921   46  397          - 15093.6200      -   390  145s
   928   838 15466.3903   55  414          - 15093.6200      -   392  150s
   986   881 15704.5417   66  386          - 15093.6200      -   389  156s
  1050   930 15836.0817   79  373          - 15093.6200      -   387  160s
  1130   984 16177.8953   96  366          - 15093.6200      -   384  166s
  1207  1002 16562.2918  110  307          - 15093.6200      -   378  170s
  1252  1040 16770.8716  126  348          - 15093.6200      -   381  175s
  1309  1079 17247.3533  150  343          - 15093.6200      -   382  180s
  1392  1117 18034.3306  182  333          - 15093.6200      -   379  187s
  1441  1128 15204.7599   30  520          - 15099.8225      -   381  191s
  1468  1151 15647.3786   32  323          - 15099.8225      -   390  195s
  1503  1186 15388.1945   38  421          - 15099.8225      -   395  200s
  1531  1194 15499.8954   44  403          - 15099.8225      -   398  207s
  1555  1212 15841.6370   46  417          - 15099.8225      -   400  210s
  1612  1262 15825.9181   54  385          - 15099.8225      -   400  215s
  1703  1327 15966.9333   95  343          - 15099.8225      -   394  222s
  1757  1366 16203.8646  110  298          - 15099.8225      -   390  225s
  1880  1435 16516.9460  156  319          - 15099.8225      -   380  232s
  1928  1461 16730.4257  162  280          - 15099.8225      -   378  236s
  1972  1539 16919.6460  171  272          - 15099.8225      -   378  240s
  2067  1620 17320.2080  218  240          - 15099.8225      -   368  250s
  2179  1736 17736.5786  249  226          - 15099.8225      -   359  255s
  2349  1861 19208.0712  312  176          - 15099.8225      -   342  261s
  2532  2006 20066.8813  373  152          - 15099.8225      -   326  267s
  2768  2111 infeasible  429               - 15105.5403      -   308  273s
  3031  2153 15542.1304   30  479          - 15105.5403      -   289  280s
  3225  2179 15731.6194   32  482          - 15105.5403      -   281  287s
  3238  2197 15641.8597   36  460          - 15105.5403      -   283  290s
  3283  2255 16036.7131   43  415          - 15105.5403      -   286  297s
  3314  2280 16068.4451   50  392          - 15105.5403      -   287  301s
  3341  2327 16189.8974   54  401          - 15105.5403      -   289  305s
  3431  2438 16415.5146   69  392          - 15105.5403      -   289  313s
  3503  2490 16669.7645   97  344          - 15105.5403      -   287  318s
  3557  2586 17065.5299  113  284          - 15105.5403      -   286  322s
  3653  2685 17930.5976  147  223          - 15105.5403      -   283  328s
  3754  2771 18802.9140  174  239          - 15105.5403      -   280  333s
  3844  2886 19468.4429  197  230          - 15105.5403      -   278  338s
  3959  2962 20338.1003  229  200          - 15105.5403      -   275  347s
  4035  3126 20813.3622  239  218          - 15111.8931      -   275  354s
  4073  3126 21071.6929  255  193          - 15111.8931      -   273  355s
  4230  3182 15318.0822   27  533          - 15111.8931      -   269  361s
  4287  3330 15401.2193   31  517          - 15111.8931      -   269  367s
  4445  3358 15529.9141   34  479          - 15111.8931      -   264  374s
  4492  3372 15588.2122   35  484          - 15111.8931      -   265  379s
  4506  3406 15772.0260   42  431          - 15111.8931      -   267  397s
  4540  3445 16014.8282   52  296          - 15111.8931      -   269  402s
  4579  3496 16221.4869   54  331          - 15111.8931      -   271  408s
