




arguments: ./build/mirp_solver -f ./input/orig_exec_386.cfg
Current dir: /scratch/gui/bnc_mirp
File verbosity level: 9
date       time         ( uptime  ) [ thread name/id ]                   file:line     v| 
2021-01-29 02:22:58.984 (   2.232s) [main thread     ]             loguru.cpp:789   INFO| Logging to './output/vi_qua/OU/V4/Original/execution_29_01_2021_02_22_57.log', mode: 'a', verbosity: 9
--------------------------------------------------------------------------------
Parameters
                           instance_path           ./input/Instances/Original/6/
                            model_policy                                       1
                             nb_vehicles                                       4
                              output_dir         ./output/vi_qua/OU/V4/Original/
                            sec_strategy                                       1
                       solver_nb_threads                                       2
                         solver_show_log                                    true
                       solver_time_limit                                    3600
                              use_vi_cos                                   false
                              use_vi_cus                                   false
                         use_vi_hc1_full                                   false
                         use_vi_hc1_half                                   false
                      use_vi_hc1_quarter                                   false
                              use_vi_hc2                                   false
                              use_vi_hc3                                   false
                         use_vi_lex_full                                   false
                         use_vi_lex_half                                   false
                      use_vi_lex_quarter                                   false
                              use_vi_qua                                    true
                               use_vi_vc                                   false
                               use_vi_vr                                   false
--------------------------------------------------------------------------------
executing instance: ./input/Instances/Original/6/absH6high_1n25.dat
--------------------------------------------------------------------------------
Instance details
n	26
H	6
C	1711
Li:
[0, 0, 0, 0, 0, 0, 0, 0, 0, 0, 0, 0, 0, 0, 0, 0, 0, 0, 0, 0, 0, 0, 0, 0, 0, 0, ]
Ui:
[0, 168, 176, 34, 66, 36, 177, 106, 118, 182, 64, 141, 189, 63, 46, 111, 182, 231, 36, 66, 68, 54, 132, 90, 246, 75, ]
Distance matrix:
|0	191	200	231	334	329	146	196	208	245	218	164	283	394	151	358	156	196	309	253	201	260	127	138	130	104	|
|191	0	226	229	278	146	328	216	390	417	327	293	195	334	106	296	171	122	472	151	12	411	280	53	190	130	|
|200	226	0	38	149	359	321	10	276	274	418	364	139	204	121	173	321	115	303	141	225	236	155	202	311	256	|
|231	229	38	0	110	352	358	37	314	310	448	395	108	167	129	135	342	109	336	120	226	268	194	213	335	277	|
|334	278	149	110	0	367	467	147	422	413	546	495	86	61	203	25	423	163	429	129	271	363	303	282	424	361	|
|329	146	359	352	367	0	453	349	533	562	411	393	282	411	245	378	250	244	617	245	141	556	426	195	284	243	|
|146	328	321	358	467	453	0	321	162	215	160	112	425	524	297	491	223	341	284	397	339	266	186	276	184	210	|
|196	216	10	37	147	349	321	0	281	281	414	360	132	203	112	171	315	105	311	132	216	244	159	193	305	249	|
|208	390	276	314	422	533	162	281	0	54	321	271	410	471	316	445	348	348	123	398	398	115	125	338	313	309	|
|245	417	274	310	413	562	215	281	54	0	375	323	413	457	334	435	393	361	70	406	424	69	139	367	359	349	|
|218	327	418	448	546	411	160	414	321	375	0	57	484	606	347	569	163	393	444	446	339	421	318	288	137	199	|
|164	293	364	395	495	393	112	360	271	323	57	0	437	556	300	519	144	346	393	401	305	367	261	249	109	163	|
|283	195	139	108	86	282	425	132	410	413	484	437	0	139	137	101	349	91	443	44	187	375	286	206	355	291	|
|394	334	204	167	61	411	524	203	471	457	606	556	139	0	264	38	483	222	467	183	326	403	356	341	484	421	|
|151	106	121	129	203	245	297	112	316	334	347	300	137	264	0	225	220	46	381	102	106	316	195	84	221	158	|
|358	296	173	135	25	378	491	171	445	435	569	519	101	38	225	0	444	184	450	145	288	384	328	303	446	383	|
|156	171	321	342	423	250	223	315	348	393	163	144	349	483	220	444	0	261	460	308	183	415	284	143	39	65	|
|196	122	115	109	163	244	341	105	348	361	393	346	91	222	46	184	261	0	402	56	118	336	224	119	264	200	|
|309	472	303	336	429	617	284	311	123	70	444	393	443	467	381	450	460	402	0	442	477	68	192	424	426	413	|
|253	151	141	120	129	245	397	132	398	406	446	401	44	183	102	145	308	56	442	0	143	375	273	164	315	251	|
|201	12	225	226	271	141	339	216	398	424	339	305	187	326	106	288	183	118	477	143	0	416	286	63	202	142	|
|260	411	236	268	363	556	266	244	115	69	421	367	375	403	316	384	415	336	68	375	416	0	135	365	384	363	|
|127	280	155	194	303	426	186	159	125	139	318	261	286	356	195	328	284	224	192	273	286	135	0	232	256	229	|
|138	53	202	213	282	195	276	193	338	367	288	249	206	341	84	303	143	119	424	164	63	365	232	0	153	89	|
|130	190	311	335	424	284	184	305	313	359	137	109	355	484	221	446	39	264	426	315	202	384	256	153	0	64	|
|104	130	256	277	361	243	210	249	309	349	199	163	291	421	158	383	65	200	413	251	142	363	229	89	64	0	|

--------------------------------------------------------------------------------
Building model...
	using lazy and cut (CVRPSEP package)
Solving IRP LP...
--------------------------------------------------------------------------------

Gurobi 9.1.0 (linux64) logging started Fri Jan 29 02:23:03 2021

Gurobi Optimizer version 9.1.0 build v9.1.0rc0 (linux64)
Thread count: 32 physical cores, 32 logical processors, using up to 2 threads
Optimize a model with 1754 rows, 9206 columns and 23192 nonzeros
Model fingerprint: 0xf267d719
Variable types: 782 continuous, 8424 integer (624 binary)
Coefficient statistics:
  Matrix range     [1e+00, 4e+02]
  Objective range  [1e-01, 6e+02]
  Bounds range     [1e+00, 2e+02]
  RHS range        [1e+01, 3e+03]
Presolve removed 182 rows and 26 columns
Presolve time: 0.06s
Presolved: 1572 rows, 9180 columns, 21909 nonzeros
Variable types: 756 continuous, 8424 integer (7824 binary)

Root relaxation: objective 1.430251e+04, 2777 iterations, 0.09 seconds

    Nodes    |    Current Node    |     Objective Bounds      |     Work
 Expl Unexpl |  Obj  Depth IntInf | Incumbent    BestBd   Gap | It/Node Time

     0     0 14302.5051    0  241          - 14302.5051      -     -    0s
     0     0 14544.6041    0  303          - 14544.6041      -     -    0s
     0     0 14576.3519    0  272          - 14576.3519      -     -    0s
     0     0 14581.9106    0  267          - 14581.9106      -     -    0s
     0     0 14581.9198    0  272          - 14581.9198      -     -    0s
     0     0 14988.5238    0  396          - 14988.5238      -     -    1s
     0     0 15024.9728    0  378          - 15024.9728      -     -    1s
     0     0 15026.8787    0  373          - 15026.8787      -     -    1s
     0     0 15027.0374    0  378          - 15027.0374      -     -    1s
     0     0 15658.4920    0  424          - 15658.4920      -     -    2s
     0     0 15702.2264    0  447          - 15702.2264      -     -    2s
     0     0 15742.8586    0  481          - 15742.8586      -     -    3s
     0     0 15749.1868    0  462          - 15749.1868      -     -    3s
     0     0 15749.7161    0  456          - 15749.7161      -     -    3s
     0     0 15882.5888    0  488          - 15882.5888      -     -    3s
     0     0 15887.6397    0  496          - 15887.6397      -     -    4s
     0     0 15894.7136    0  489          - 15894.7136      -     -    4s
     0     0 15895.6291    0  497          - 15895.6291      -     -    4s
     0     0 16004.2314    0  496          - 16004.2314      -     -    5s
     0     0 16018.9376    0  513          - 16018.9376      -     -    5s
     0     0 16027.1161    0  487          - 16027.1161      -     -    5s
     0     0 16038.2230    0  475          - 16038.2230      -     -    6s
     0     0 16044.1928    0  483          - 16044.1928      -     -    6s
     0     0 16074.1788    0  471          - 16074.1788      -     -    6s
     0     0 16105.5219    0  461          - 16105.5219      -     -    6s
     0     0 16115.7232    0  517          - 16115.7232      -     -    7s
     0     0 16140.6596    0  488          - 16140.6596      -     -    7s
     0     0 16148.3007    0  476          - 16148.3007      -     -    7s
     0     0 16149.3022    0  532          - 16149.3022      -     -    7s
     0     0 16181.8821    0  502          - 16181.8821      -     -    8s
     0     0 16193.8721    0  485          - 16193.8721      -     -    9s
     0     0 16214.3168    0  502          - 16214.3168      -     -    9s
     0     0 16224.6509    0  505          - 16224.6509      -     -    9s
     0     0 16231.8421    0  561          - 16231.8421      -     -    9s
     0     0 16243.0279    0  522          - 16243.0279      -     -   10s
     0     0 16243.3095    0  505          - 16243.3095      -     -   10s
     0     0 16264.8432    0  480          - 16264.8432      -     -   11s
     0     0 16271.7338    0  546          - 16271.7338      -     -   11s
     0     0 16302.0819    0  508          - 16302.0819      -     -   11s
     0     0 16307.9044    0  509          - 16307.9044      -     -   12s
     0     0 16308.2586    0  528          - 16308.2586      -     -   12s
     0     0 16333.8007    0  480          - 16333.8007      -     -   12s
     0     0 16336.6300    0  499          - 16336.6300      -     -   12s
     0     0 16342.3426    0  504          - 16342.3426      -     -   13s
     0     0 16342.3426    0  403          - 16342.3426      -     -   13s
     0     2 16343.0325    0  400          - 16343.0325      -     -   15s
    18    22 16479.4488    7  389          - 16409.7521      -  1170   20s
    50    53 16700.3294   16  418          - 16409.7521      -   856   25s
    70    76 16781.6980   22  440          - 16409.7521      -   897   30s
    90    97 16887.4403   28  429          - 16409.7521      -   902   35s
   119   125 17145.0794   37  339          - 16409.7521      -   831   40s
   166   186 17390.4668   50  332          - 16409.7521      -   732   45s
   253   278 17801.7393   75  313          - 16409.7521      -   563   50s
   366   386 18363.9118  108  272          - 16409.7521      -   452   55s
   513   567 19127.8919  144  221          - 16409.7521      -   374   61s
   623   655 19519.9653  185  154          - 16409.7521      -   324   65s
   759   723 16940.3396    5  522          - 16423.4286      -   307   78s
   770   724 17635.8646   47  403          - 16423.4286      -   311   80s
   777   729 18452.7815  110  532          - 16478.7507      -   308   85s
   787   735 16853.4989    9  625          - 16853.4989      -   304   90s
   795   741 17977.7500   68  642          - 16901.7939      -   301   96s
   802   745 18557.0201  127  643          - 16906.5458      -   298  100s
   813   754 17621.1865   71  592          - 16906.5458      -   341  105s
   814   755 18859.8005  122  560          - 16906.5458      -   341  200s
   823   761 19443.3970  146  734          - 16925.3438      -   337  205s
   825   762 17246.5079   27  727          - 16928.4483      -   336  211s
   828   767 16930.8606   19  725          - 16930.8606      -   367  220s
   830   769 16941.6498   20  723          - 16935.5219      -   368  227s
   832   770 17040.8356   20  664          - 16941.9390      -   371  232s
   834   771 16956.4778   21  707          - 16946.2262      -   375  235s
   840   776 17052.2884   22  710          - 16984.3508      -   389  247s
   846   779 16987.2084   24  634          - 16987.2084      -   392  250s
   858   791 17008.5961   27  547          - 17005.0826      -   404  255s
   881   806 17074.6718   33  488          - 17005.0826      -   419  260s
   903   820 17049.3007   40  448          - 17005.0826      -   432  265s
   925   838 17128.1469   46  439          - 17005.0826      -   441  270s
   958   864 17070.3944   56  421          - 17005.0826      -   449  276s
   980   876 17107.7751   63  380          - 17005.0826      -   455  280s
  1019   906 17243.0032   75  374          - 17005.0826      -   459  285s
  1047   921 17354.5922   83  330          - 17005.0826      -   463  290s
  1093   962 17368.8538   97  347          - 17005.0826      -   468  296s
  1129   985 17385.2534  106  350          - 17005.0826      -   471  300s
  1172  1019 17417.5142  118  349          - 17005.0826      -   473  305s
  1221  1050 17504.8507  131  308          - 17005.0826      -   474  310s
  1276  1092 17529.7688  148  410          - 17005.0826      -   473  316s
  1335  1138 17595.8356  163  354          - 17005.0826      -   471  322s
  1372  1158 17617.1427  172  400          - 17005.0826      -   468  325s
  1443  1206 17904.4784  188  366          - 17005.0826      -   466  332s
  1478  1232 18005.3471  196  375          - 17005.0826      -   466  335s
  1560  1301 18491.9117  219  355          - 17005.0826      -   464  343s
  1616  1343 18653.3361  236  360          - 17005.0826      -   460  347s
  1678  1375 18689.8257  254  362          - 17005.0826      -   455  352s
  1731  1396 18850.0357  268  324          - 17005.0826      -   453  356s
  1774  1401 infeasible  278               - 17006.3595      -   452  361s
  1813  1426 17073.0684   25  591          - 17006.3595      -   453  365s
  1855  1449 17090.0582   28  531          - 17006.3595      -   452  370s
  1894  1464 17169.8856   32  575          - 17006.3595      -   454  375s
  1922  1504 17112.3747   33  444          - 17006.3595      -   454  380s
  1971  1531 17145.7443   41  478          - 17006.3595      -   454  385s
  2015  1569 17152.6372   45  438          - 17006.3595      -   455  391s
  2067  1622 17165.6675   52  412          - 17006.3595      -   455  397s
  2140  1665 17215.6776   63  341          - 17006.3595      -   451  403s
  2209  1732 17221.1047   74  324          - 17006.3595      -   450  409s
  2299  1797 17257.1377   90  307          - 17006.3595      -   443  416s
  2394  1871 17454.5659  110  265          - 17006.3595      -   437  423s
  2501  1963 17457.4408  134  271          - 17006.3595      -   430  431s
  2630  2046 17559.4247  160  263          - 17006.3595      -   420  439s
  2758  2122 17603.6389  182  260          - 17006.3595      -   413  447s
  2881  2211 17635.2030  205  225          - 17006.3595      -   408  457s
  3070  2249 17670.3344  236  261          - 17006.3595      -   396  465s
  3171  2312 17680.3770  276  170          - 17006.3595      -   394  473s
  3250  2408 18007.2910  305  191          - 17006.3595      -   395  481s
  3346  2542 17718.0441  330  219          - 17006.3595      -   394  490s
  3484  2780 17730.1562  367  169          - 17006.3595      -   389  500s
  3729  3107 18077.9258  422  173          - 17006.3595      -   374  512s
  4059  3441 18072.1058  481  190          - 17006.3595      -   353  524s
  4248  3441 17851.7861  512  233          - 17006.3595      -   344  526s
  4393  3795 18224.2779  530  206          - 17006.3595      -   336  538s
  4599  3795 18596.4623  714  257          - 17006.3595      -   328  540s
  4777  3861 18558.0290  580  198          - 17013.6156      -   319  550s
  4879  3950 17287.7851   26  571          - 17015.3920      -   318  559s
  4968  4138 17191.1391   42  481          - 17015.3920      -   317  569s
  5156  4353 17394.6583   62  381          - 17015.3920      -   310  580s
  5371  4598 17451.2113  101  401          - 17015.3920      -   302  592s
  5624  4956 17641.4253  163  405          - 17015.3920      -   294  606s
  5988  5357 17867.8598  246  283          - 17015.3920      -   282  621s
  6428  5357 22918.9966  771  138          - 17015.3920      -   269  625s
  6491  5537 18572.9668  391  268          - 17018.9583      -   268  634s
  6563  5537 18460.7757  446  257          - 17018.9583      -   266  635s
  6705  5601 17132.0124   30  499          - 17018.9583      -   264  643s
  6769  5737 17201.4166   43  405          - 17018.9583      -   267  652s
  6909  6018 17539.1690   84  336          - 17018.9583      -   267  663s
  7194  6583 17971.5156  235  234          - 17019.0095      -   261  676s
  7807  6583 18416.9726  382  244          - 17021.5007      -   246  680s
  7851  6631 17236.3998   35  423          - 17021.5007      -   245  691s
  7901  7620 infeasible   47               - 17021.5007      -   248  738s
  8063  7620 17754.6399  161  371          - 17021.5007      -   247  740s
  8488  7620 18644.4236  530  255          - 17021.5007      -   237  745s
  8970  7673 17266.9632   55  398          - 17022.7745      -   237  758s
  9025  7911 17461.8583   69  338          - 17022.7745      -   237  768s
  9263  8452 17565.5799  119  278          - 17022.7745      -   235  780s
  9804  8717 17826.4725  329  294          - 17022.7745      -   225  793s
 10081  8942 18029.5903  529  269          - 17022.7745      -   221  802s
 10324  9166 18483.7377  651  219          - 17022.7745      -   218  814s
 10441  9166 18949.9604  726  241          - 17022.7745      -   217  815s
 10562  9283 19192.0163  806  236          - 17029.7959      -   216  823s
 10733  9376 17177.9786   44  437          - 17029.7959      -   215  830s
 10830  9550 17307.1285   50  371          - 17029.7959      -   215  838s
 11006  9750 17452.1361   68  330          - 17029.7959      -   214  847s
 11206 10082 17652.2131   92  294          - 17029.7959      -   212  857s
 11445 10082 19182.0439  422  204          - 17029.7959      -   210  860s
 11564 10395 17798.8355  207  256          - 17029.7959      -   208  868s
 11730 10395 19744.9622  522  184          - 17029.7959      -   206  870s
 11901 10698 18032.5242  359  234          - 17029.7959      -   204  878s
 12081 10698 18224.5836  522  161          - 17029.7959      -   202  880s
 12208 10751 18625.6616  624  168          - 17034.0495      -   201  888s
 12393 10782 17077.0223   32  483          - 17034.0495      -   200  894s
 12426 10839 17196.2462   42  426          - 17034.0495      -   201  900s
 12483 10902 17248.1082   45  409          - 17034.0495      -   201  906s
 12548 11011 17510.1212   58  388          - 17034.0495      -   202  912s
 12657 11241 17505.4478   89  364          - 17034.0495      -   202  956s
 12888 11540 infeasible  180               - 17034.0495      -   199  966s
 13211 11785 18197.6831  472  277          - 17034.0495      -   196  977s
 13468 11837 18696.9089  677  180          - 17034.2992      -   194  989s
 13540 11880 17276.9187   28  625          - 17034.2992      -   195  995s
 13583 11929 17151.2484   31  554          - 17034.2992      -   195 1002s
 13632 12024 17197.2264   37  525          - 17034.2992      -   196 1008s
 13727 12086 17219.0872   40  420          - 17034.2992      -   196 1015s
 13789 12129 17384.2071   47  421          - 17034.2992      -   196 1022s
 13832 12193 17410.7268   54  433          - 17034.2992      -   197 1029s
 13904 12286 17469.8848   64  398          - 17034.2992      -   198 1036s
 13997 12348 17614.8419   83  329          - 17034.2992      -   198 1044s
 14065 12487 17737.1430  102  305          - 17034.2992      -   198 1052s
 14206 12602 17950.3269  150  364          - 17034.2992      -   198 1060s
 14337 12724 18099.4099  234  300          - 17034.2992      -   198 1069s
 14435 12724 18639.0098  313  315          - 17034.2992      -   198 1070s
 14461 12815 18921.5991  310  323          - 17034.2992      -   198 1077s
 14554 12903 19200.1278  349  267          - 17035.8998      -   199 1084s
 14680 13166 17416.3117   41  420          - 17035.8998      -   199 1094s
 14856 13166 18833.1763  254  264          - 17035.8998      -   198 1095s
 14951 13230 17578.6324   50  349          - 17035.8998      -   198 1103s
 15045 13387 17773.6283   83  271          - 17035.8998      -   199 1111s
 15210 13508 18414.5513  206  267          - 17037.6914      -   198 1187s
 15379 13720 17253.7421   45  389          - 17037.6914      -   199 1200s
 15601 14052 17636.2186   70  376          - 17037.6914      -   199 1215s
 15947 14211 17905.0359  123  341          - 17037.9478      -   198 1229s
 16035 14211 19382.8665  429  257          - 17038.2764      -   198 1230s
 16160 14251 17278.0535   50  390          - 17038.2764      -   197 1240s
 16202 14326 17426.7669   66  373          - 17038.2764      -   198 1249s
 16283 14527 17642.3829  121  291          - 17038.2764      -   199 1261s
 16486 14674 17884.5301  300  294          - 17039.1354      -   199 1275s
 16666 14720 17193.3592   23  630          - 17039.1354      -   199 1287s
 16712 14738 17300.2016   30  626          - 17039.1354      -   200 1334s
 16730 14840 17336.6320   34  562          - 17039.1354      -   200 1345s
 16832 14959 17445.5370   47  477          - 17039.1354      -   201 1357s
 16953 15123 17636.9691   64  424          - 17039.1354      -   201 1370s
 17119 15172 17759.0156   89  377          - 17039.1354      -   201 1384s
 17192 15286 17897.4543  114  399          - 17039.1354      -   202 1396s
 17306 15546 18105.1269  162  348          - 17039.1354      -   203 1409s
 17566 15932 18400.9805  249  307          - 17039.1354      -   202 1425s
 17970 16202 18713.4515  384  277          - 17039.1354      -   200 1442s
 18240 16495 19280.2233  589  257          - 17039.1354      -   199 1458s
 18533 17131 20055.4353  684  209          - 17039.1354      -   198 1476s
 18964 17131 18003.8376  238  300          - 17039.1354      -   195 1480s
 19256 17128 infeasible  807               - 17040.9025      -   193 1492s
 19307 17168 17251.2181   28  539          - 17040.9025      -   194 1501s
 19347 17241 17379.9310   35  410          - 17040.9025      -   195 1510s
 19422 17354 17552.8330   41  391          - 17040.9025      -   196 1519s
 19535 17468 17581.3833   54  383          - 17040.9025      -   196 1529s
 19651 17688 17834.8019   62  386          - 17040.9025      -   196 1539s
 19714 17688 18800.5351  246  391          - 17040.9025      -   196 1540s
 19913 17888 18026.2337  112  325          - 17040.9025      -   195 1551s
 20148 17942 19812.2541  184  293          - 17041.8968      -   194 1562s
 20222 17970 17202.4121   22  535          - 17041.8968      -   195 1571s
 20250 18001 17375.8958   32  442          - 17041.8968      -   196 1579s
 20283 18033 17447.3120   46  398          - 17041.8968      -   197 1588s
 20315 18067 17585.2382   56  431          - 17041.8968      -   198 1597s
 20351 18150 17714.1804   72  399          - 17041.8968      -   198 1607s
 20434 18259 17904.9667  126  428          - 17041.8968      -   199 1617s
 20543 18422 18171.6036  183  329          - 17041.8968      -   199 1628s
 20706 18616 18658.7726  302  251          - 17041.8968      -   198 1640s
 20900 18887 19043.7349  433  303          - 17041.8968      -   198 1654s
 21137 18887 19667.5527  632  192          - 17041.8968      -   196 1656s
 21173 19256 19600.1622  661  180          - 17041.9706      -   196 1673s
 21499 19256 21751.4520  880  162          - 17041.9706      -   194 1676s
 21629 19283 17163.5284   27  679          - 17041.9706      -   194 1686s
 21656 19317 17258.1647   36  488          - 17041.9706      -   195 1696s
 21690 19373 17394.3327   48  492          - 17041.9706      -   196 1705s
 21746 19459 17522.1595   74  427          - 17041.9706      -   196 1714s
 21832 19587 17743.5164  106  350          - 17041.9706      -   196 1723s
 21960 19783 17994.5511  198  338          - 17041.9706      -   196 1735s
 22158 19904 18558.3839  344  273          - 17044.3667      -   196 1748s
 22307 19973 17191.4918   27  696          - 17044.3667      -   196 1758s
 22376 20157 17275.5898   30  536          - 17044.3667      -   196 1768s
 22560 20275 17422.1060   40  429          - 17044.3667      -   196 1781s
 22678 20630 17656.0545   51  476          - 17044.3667      -   196 1803s
 23037 21129 17882.8565   97  307          - 17044.3667      -   196 1822s
 23240 21129 20601.0126  636  219          - 17044.3667      -   195 1825s
 23560 21445 18054.1844  135  338          - 17044.3667      -   193 1838s
 23720 21445 23512.9601  937   71          - 17044.3667      -   193 1840s
 23966 21559 18317.6295  169  263          - 17046.3032      -   191 1849s
 24121 21581 17077.9800   40  480          - 17046.3032      -   191 1856s
 24143 21600 17160.4558   46  425          - 17046.3032      -   191 1862s
 24164 21628 17207.9369   51  386          - 17046.3032      -   192 1869s
 24202 21667 17415.6906   64  433          - 17046.3032      -   192 1876s
 24243 21709 17550.9199   88  399          - 17046.3032      -   193 1884s
 24285 21880 17625.1998  114  367          - 17046.3032      -   193 1892s
 24456 22076 17891.7615  252  315          - 17046.3032      -   193 1901s
 24652 22190 18376.7244  384  304          - 17046.5759      -   192 1911s
 24782 22235 17212.1815   34  457          - 17046.5759      -   192 1920s
 24827 22324 17330.1909   38  371          - 17046.5759      -   193 1928s
 24920 22452 17468.7333   42  417          - 17046.5759      -   193 1937s
 25048 22569 17497.9086   48  367          - 17046.5759      -   193 1947s
 25165 22790 17596.1444   57  443          - 17046.5759      -   193 1958s
 25406 22826 17793.9870   76  376          - 17046.5759      -   192 1969s
 25441 22826 infeasible  434               - 17046.5759      -   192 1970s
 25473 22897 17921.9623  101  345          - 17046.5759      -   193 1978s
 25544 23015 18146.1434  155  287          - 17046.5759      -   193 1987s
 25662 23129 18402.0755  222  173          - 17046.5759      -   193 1997s
 25792 23424 19577.4917  280  227          - 17046.5759      -   193 2008s
 25900 23424 19568.3098  375  215          - 17046.5759      -   192 2010s
 26094 23617 20581.7262  498  130          - 17046.8543      -   192 2022s
 26335 23735 17260.6296   27  602          - 17046.8543      -   191 2033s
 26453 24082 17366.4680   31  555          - 17046.8543      -   191 2048s
 26590 24082 18452.5547  321  204          - 17046.8543      -   191 2050s
 26804 24312 17523.3577   34  448          - 17046.8543      -   189 2065s
 27086 24341 17585.2965   38  468          - 17046.8543      -   188 2076s
 27115 24391 17669.5242   41  413          - 17046.8543      -   189 2084s
 27167 24482 17817.8558   61  334          - 17046.8543      -   190 2093s
 27258 24725 18130.3915  117  263          - 17046.8543      -   190 2103s
 27380 24725 18275.1874  225  254          - 17046.8543      -   189 2105s
 27503 25101 18399.7435  293  236          - 17049.3007      -   189 2117s
 27662 25101 19325.0086  416  218          - 17049.3007      -   188 2120s
 27949 25221 17216.6504   28  541          - 17049.3007      -   187 2130s
 28073 25424 17369.9505   35  548          - 17049.3007      -   187 2140s
 28286 25438 17354.7521   43  444          - 17049.3007      -   186 2151s
 28323 25458 17396.7627   47  398          - 17049.3007      -   187 2159s
 28336 25458 17195.3428   30  428          - 17049.3007      -   187 2160s
 28343 25491 17621.8717   52  406          - 17049.3007      -   187 2167s
 28378 25546 17725.1440   65  384          - 17049.3007      -   188 2175s
 28433 25618 17705.7676   96  343          - 17049.3007      -   188 2183s
 28505 25742 17903.9769  119  289          - 17049.3007      -   188 2192s
 28629 26043 18280.3660  174  298          - 17049.3007      -   188 2203s
 28781 26043 18466.6837  302  165          - 17049.3007      -   187 2205s
 28930 26241 18674.4987  336  171          - 17050.0957      -   187 2216s
 29150 26370 17294.4735   42  491          - 17050.0957      -   186 2226s
 29283 26517 17412.9708   49  474          - 17050.0957      -   186 2237s
 29463 26789 17656.6193   57  435          - 17050.0957      -   186 2249s
 29764 26905 17896.0514   99  360          - 17050.0957      -   185 2261s
 29908 27129 18187.6718  195  244          - 17050.0957      -   185 2272s
 30142 27256 19315.2489  377  233          - 17050.0957      -   185 2283s
 30257 27256 20709.4170  423  193          - 17050.0957      -   184 2285s
 30295 27308 infeasible  437               - 17051.5383      -   185 2294s
 30317 27308 17566.1956   67  421          - 17051.5383      -   185 2295s
 30361 27421 17487.4919   55  428          - 17051.5383      -   185 2306s
 30474 27671 17802.2057   77  345          - 17051.5383      -   185 2322s
 30724 28354 18117.0930  136  280          - 17051.5383      -   185 2340s
 31316 28354 20977.2047  516  131          - 17051.5383      -   183 2345s
 31427 28527 19669.6793  328  280          - 17051.5383      -   182 2355s
 31650 28704 infeasible  354               - 17051.5383      -   182 2365s
 31845 28738 21787.1481  464  155          - 17052.1665      -   182 2374s
 31878 28738 infeasible  483               - 17052.1665      -   181 2375s
 31899 28766 17346.4335   29  552          - 17052.1665      -   182 2382s
 31927 28817 17569.0630   33  474          - 17052.1665      -   182 2390s
 31978 28921 17547.6338   45  560          - 17052.1665      -   182 2399s
 32082 29116 17604.4620   51  382          - 17052.1665      -   182 2409s
 32281 29352 17935.2132   54  434          - 17052.1665      -   182 2422s
 32517 29607 18208.2086   67  365          - 17052.1665      -   181 2438s
 32637 29607 19482.3866  550  144          - 17052.1665      -   181 2440s
 32854 29689 18234.0887  105  306          - 17052.1665      -   180 2449s
 32926 29689 17208.5448   24  715          - 17052.1665      -   180 2450s
 32936 29780 18423.0223  165  296          - 17052.1665      -   180 2458s
 33027 29871 19106.8465  232  288          - 17052.4528      -   180 2467s
 33140 29899 17170.5807   38  453          - 17052.4528      -   180 2475s
 33168 29928 17465.2965   51  417          - 17052.4528      -   181 2483s
 33199 30007 17602.3829   56  399          - 17052.8694      -   181 2496s
 33302 30027 17226.3111   24  597          - 17052.8694      -   182 2505s
 33322 30057 17250.8900   31  671          - 17052.8694      -   182 2515s
 33352 30090 17317.8856   36  668          - 17052.8694      -   182 2524s
 33385 30140 17484.4650   40  539          - 17052.8694      -   183 2533s
 33435 30194 17514.9471   51  592          - 17052.8694      -   183 2542s
 33489 30320 17626.1568   65  516          - 17052.8694      -   183 2552s
 33615 30489 17751.7109   81  439          - 17052.8694      -   183 2563s
 33784 30750 18010.9079   95  355          - 17052.8694      -   183 2583s
 34045 31049 18384.7849  119  325          - 17052.8694      -   182 2597s
 34319 31049 21992.2713  558  159          - 17052.8694      -   182 2600s
 34381 31280 18581.9375  211  219          - 17052.8694      -   181 2618s
 34591 31280 18997.0969  382  170          - 17052.8694      -   181 2620s
 34612 31806 18997.6166  384  178          - 17052.8694      -   181 2633s
 34823 31806 19412.6614  581  185          - 17052.8694      -   180 2635s
 35140 31981 20508.2116  791  147          - 17056.1347      -   179 2647s
 35432 32044 17248.9668   36  493          - 17056.1347      -   178 2657s
 35495 32131 17313.9841   44  383          - 17056.1347      -   179 2667s
 35584 32264 17478.7786   52  297          - 17056.1347      -   179 2677s
 35721 32539 17656.9837   64  315          - 17056.1347      -   179 2688s
 35996 32886 17886.0132  139  229          - 17056.1347      -   178 2701s
 36383 33062 18743.4964  242  213          - 17057.6602      -   177 2714s
 36413 33062 18785.5053  272  197          - 17057.6602      -   177 2715s
 36623 33092 17176.1252   39  513          - 17062.1603      -   177 2725s
 36653 33126 17385.0224   48  429          - 17062.1603      -   177 2733s
 36687 33176 17575.4207   59  357          - 17062.1603      -   178 2742s
 36739 33247 17809.4443   73  273          - 17062.1603      -   178 2751s
 36810 33419 18034.4208   92  267          - 17062.1603      -   178 2760s
 36984 33625 18090.4793  130  266          - 17062.1603      -   178 2772s
 37230 33777 18366.7088  180  277          - 17062.1603      -   178 2813s
 37270 33777 18472.2729  218  264          - 17062.1603      -   177 2822s
 37382 33846 infeasible  302               - 17063.7707      -   177 2838s
 37487 33906 17310.4777   37  439          - 17063.7707      -   178 2863s
 37547 34214 17448.1340   46  428          - 17063.7707      -   179 2889s
 37623 34214 17800.4870   72  244          - 17063.7707      -   179 2890s
 37871 34351 17856.6472   63  242          - 17063.7707      -   179 2912s
 38028 34951 18447.2948  122  190          - 17063.7707      -   179 2938s
 38210 34951 19029.8331  267  227          - 17063.7707      -   179 2940s
 38634 35191 20073.6314  623  138          - 17064.6382      -   178 2960s
 38932 35330 17349.9320   34  461          - 17064.6382      -   177 2974s
 39073 35534 17463.0648   40  408          - 17064.6382      -   177 2989s
 39188 35534 18673.2667  303  161          - 17064.6382      -   177 2990s
 39297 35584 17598.4718   55  384          - 17064.6382      -   177 3064s
 39328 35584 17760.7212   76  255          - 17064.6382      -   177 3065s
 39347 35689 17769.1871   78  255          - 17064.6382      -   177 3078s
 39456 35834 18024.6545  156  292          - 17064.6382      -   178 3093s
 39623 36059 19407.8716  238  231          - 17064.8710      -   178 3113s
 39876 36378 17524.7393   60  425          - 17064.8710      -   177 3132s
 40149 36378 20585.1566  458   90          - 17064.8710      -   177 3135s
 40239 36443 17701.2809   74  388          - 17064.8710      -   177 3160s
 40306 36561 17984.6109  105  343          - 17064.8710      -   177 3172s
 40424 36752 18443.4594  160  270          - 17064.8710      -   177 3186s
 40621 37032 18846.5351  254  282          - 17064.8710      -   177 3204s
 40667 37032 19399.3719  281  202          - 17064.8710      -   177 3205s
 40913 37434 20042.6721  370  205          - 17067.5924      -   177 3221s
 41367 37470 17440.6380   43  457          - 17067.5924      -   176 3253s
 41423 37545 17593.5679   50  405          - 17067.5924      -   177 3264s
 41500 37776 17799.1558   83  419          - 17067.5924      -   177 3278s
 41731 38013 18192.9903  119  289          - 17067.5924      -   177 3296s
 41982 38335 18369.9214  186  266          - 17067.5924      -   177 3312s
 42255 38335 19414.3544  403  184          - 17067.5924      -   176 3315s
 42310 38526 19516.9521  440  178          - 17068.6183      -   176 3328s
 42505 38526 20672.9666  596  163          - 17068.6183      -   175 3330s
 42564 38575 17182.4113   42  439          - 17068.6183      -   176 3341s
 42619 38666 17360.8030   50  395          - 17068.6183      -   176 3352s
 42710 38850 17599.7827   62  434          - 17068.6183      -   176 3364s
 42894 39049 17726.7203   88  312          - 17068.6183      -   176 3386s
 43103 39417 17995.8473  142  309          - 17068.6183      -   176 3399s
 43133 39417 18064.7408  172  273          - 17068.6183      -   176 3400s
 43517 39498 19148.0628  421  217          - 17068.7808      -   175 3415s
 43612 39534 17348.1938   49  418          - 17068.7808      -   176 3444s
 43652 39620 17477.0315   56  453          - 17068.7808      -   176 3455s
 43738 39764 17697.3053   76  354          - 17068.7808      -   176 3466s
 43882 40012 18025.3373  101  304          - 17068.7808      -   176 3478s
 44046 40012 18332.1534  241  273          - 17068.7808      -   176 3480s
 44130 40301 18179.5680  164  322          - 17069.2428      -   176 3492s
 44435 40430 17276.3678   42  403          - 17069.2428      -   175 3507s
 44628 40465 17285.7905   49  433          - 17069.2428      -   175 3519s
 44663 41454 17443.8417   60  415          - 17074.6243      -   176 3581s
 45026 41454 18925.7861  323  186          - 17074.6243      -   175 3585s
 45676 41648 17555.7500   47  391          - 17074.6243      -   175 3600s

Cutting planes:
  User: 6752
  Gomory: 56
  Cover: 619
  Implied bound: 42
  Projected implied bound: 53
  Clique: 13
  MIR: 380
  StrongCG: 2
  Flow cover: 922
  Zero half: 33
  Network: 5
  RLT: 503
  Relax-and-lift: 22

Explored 45894 nodes (8065674 simplex iterations) in 3601.74 seconds
Thread count was 2 (of 32 available processors)

Solution count 0

Time limit reached
Best objective -, best bound 1.707462434930e+04, gap -

User-callback calls 345219, time in user-callback 482.12 sec
================================================================================
executing instance: ./input/Instances/Original/6/absH6high_1n20.dat
--------------------------------------------------------------------------------
Instance details
n	21
H	6
C	1651
Li:
[0, 0, 0, 0, 0, 0, 0, 0, 0, 0, 0, 0, 0, 0, 0, 0, 0, 0, 0, 0, 0, ]
Ui:
[0, 36, 182, 182, 90, 261, 117, 30, 110, 42, 276, 153, 40, 94, 144, 46, 129, 213, 264, 160, 174, ]
Distance matrix:
|0	371	401	343	361	341	370	115	392	400	79	266	292	245	355	431	265	194	95	92	348	|
|371	0	37	141	110	250	117	438	67	131	372	305	115	238	247	255	235	296	392	430	185	|
|401	37	0	175	100	284	146	472	90	156	406	342	152	275	280	282	242	333	415	455	178	|
|343	141	175	0	239	110	38	374	95	60	314	182	67	130	106	127	318	201	397	423	303	|
|361	110	100	239	0	341	222	451	177	240	385	374	190	304	341	361	151	345	354	398	78	|
|341	250	284	110	341	0	143	337	203	151	289	102	152	97	15	95	394	156	415	431	398	|
|370	117	146	38	222	143	0	407	61	30	346	220	81	167	137	139	317	237	417	447	292	|
|115	438	472	374	451	337	407	0	443	434	66	241	339	251	351	431	374	181	201	177	450	|
|392	67	90	95	177	203	61	443	0	66	379	275	104	216	197	193	294	283	427	461	252	|
|400	131	156	60	240	151	30	434	66	0	374	237	112	189	142	127	344	261	448	477	312	|
|79	372	406	314	385	289	346	66	379	374	0	202	275	197	304	383	316	134	175	166	388	|
|266	305	342	182	374	102	220	241	275	237	202	0	191	70	117	196	386	73	352	359	415	|
|292	115	152	67	190	152	81	339	104	112	275	191	0	123	154	193	252	183	336	366	246	|
|245	238	275	130	304	97	167	251	216	189	197	70	123	0	110	187	322	72	319	334	346	|
|355	247	280	106	341	15	137	351	197	142	304	117	154	110	0	80	399	171	427	444	400	|
|431	255	282	127	361	95	139	431	193	127	383	196	193	187	80	0	444	251	499	519	429	|
|265	235	242	318	151	394	317	374	294	344	316	386	252	322	399	444	0	332	226	273	97	|
|194	296	333	201	345	156	237	181	283	261	134	73	183	72	171	251	332	0	279	286	375	|
|95	392	415	397	354	415	417	201	427	448	175	352	336	319	427	499	226	279	0	47	321	|
|92	430	455	423	398	431	447	177	461	477	166	359	366	334	444	519	273	286	47	0	368	|
|348	185	178	303	78	398	292	450	252	312	388	415	246	346	400	429	97	375	321	368	0	|

--------------------------------------------------------------------------------
Building model...
	using lazy and cut (CVRPSEP package)
Solving IRP LP...
--------------------------------------------------------------------------------

Gurobi 9.1.0 (linux64) logging started Fri Jan 29 03:23:10 2021

Gurobi Optimizer version 9.1.0 build v9.1.0rc0 (linux64)
Thread count: 32 physical cores, 32 logical processors, using up to 2 threads
Optimize a model with 1419 rows, 6171 columns and 16167 nonzeros
Model fingerprint: 0xf6cb1d72
Variable types: 627 continuous, 5544 integer (504 binary)
Coefficient statistics:
  Matrix range     [1e+00, 4e+02]
  Objective range  [1e-01, 5e+02]
  Bounds range     [1e+00, 3e+02]
  RHS range        [1e+01, 3e+03]
Presolve removed 147 rows and 21 columns
Presolve time: 0.04s
Presolved: 1272 rows, 6150 columns, 15139 nonzeros
Variable types: 606 continuous, 5544 integer (5064 binary)

Root relaxation: objective 1.358628e+04, 2428 iterations, 0.08 seconds

    Nodes    |    Current Node    |     Objective Bounds      |     Work
