




arguments: ./build/mirp_solver -f ./input/orig_exec_321.cfg
Current dir: /scratch/gui/bnc_mirp
File verbosity level: 9
date       time         ( uptime  ) [ thread name/id ]                   file:line     v| 
2021-01-18 02:21:13.146 (   0.271s) [main thread     ]             loguru.cpp:789   INFO| Logging to './output/vi_qua/OU/V4/Original/execution_18_01_2021_02_21_13.log', mode: 'a', verbosity: 9
--------------------------------------------------------------------------------
Parameters
                           instance_path           ./input/Instances/Original/1/
                            model_policy                                       1
                             nb_vehicles                                       4
                              output_dir         ./output/vi_qua/OU/V4/Original/
                            sec_strategy                                       1
                       solver_nb_threads                                       2
                         solver_show_log                                    true
                       solver_time_limit                                    3600
                              use_vi_cos                                   false
                              use_vi_cus                                   false
                         use_vi_hc1_full                                   false
                         use_vi_hc1_half                                   false
                      use_vi_hc1_quarter                                   false
                              use_vi_hc2                                   false
                              use_vi_hc3                                   false
                         use_vi_lex_full                                   false
                         use_vi_lex_half                                   false
                      use_vi_lex_quarter                                   false
                              use_vi_qua                                    true
                               use_vi_vc                                   false
                               use_vi_vr                                   false
--------------------------------------------------------------------------------
executing instance: ./input/Instances/Original/1/absH3high_1n5.dat
--------------------------------------------------------------------------------
Instance details
n	6
H	3
C	289
Li:
[0, 0, 0, 0, 0, 0, ]
Ui:
[0, 195, 105, 116, 72, 22, ]
Distance matrix:
|0	85	349	17	203	289	|
|85	0	265	102	214	226	|
|349	265	0	366	368	238	|
|17	102	366	0	207	302	|
|203	214	368	207	0	431	|
|289	226	238	302	431	0	|

--------------------------------------------------------------------------------
Building model...
	using lazy and cut (CVRPSEP package)
Solving IRP LP...
--------------------------------------------------------------------------------

Gurobi 9.1.0 (linux64) logging started Mon Jan 18 02:21:13 2021

Gurobi Optimizer version 9.1.0 build v9.1.0rc0 (linux64)
Thread count: 32 physical cores, 32 logical processors, using up to 2 threads
Optimize a model with 210 rows, 336 columns and 1149 nonzeros
Model fingerprint: 0xef2676e0
Variable types: 84 continuous, 252 integer (72 binary)
Coefficient statistics:
  Matrix range     [1e+00, 2e+02]
  Objective range  [2e-01, 4e+02]
  Bounds range     [1e+00, 2e+02]
  RHS range        [1e+01, 5e+02]
Presolve removed 24 rows and 6 columns
Presolve time: 0.00s
Presolved: 186 rows, 330 columns, 1009 nonzeros
Variable types: 78 continuous, 252 integer (192 binary)

Root relaxation: objective 1.817850e+03, 338 iterations, 0.01 seconds

    Nodes    |    Current Node    |     Objective Bounds      |     Work
 Expl Unexpl |  Obj  Depth IntInf | Incumbent    BestBd   Gap | It/Node Time

     0     0 1817.85045    0   34          - 1817.85045      -     -    0s
     0     0 1990.11697    0   43          - 1990.11697      -     -    0s
     0     0 2273.10122    0   53          - 2273.10122      -     -    0s
H    0     0                    2885.6500000 2273.10122  21.2%     -    0s
     0     0 2278.93951    0   53 2885.65000 2278.93951  21.0%     -    0s
     0     0 2279.01657    0   56 2885.65000 2279.01657  21.0%     -    0s
     0     0 2350.61647    0   79 2885.65000 2350.61647  18.5%     -    0s
     0     0 2353.56211    0   71 2885.65000 2353.56211  18.4%     -    0s
     0     0 2353.61759    0   71 2885.65000 2353.61759  18.4%     -    0s
     0     0 2399.09049    0   89 2885.65000 2399.09049  16.9%     -    0s
     0     0 2407.59717    0  108 2885.65000 2407.59717  16.6%     -    0s
     0     0 2408.85790    0  118 2885.65000 2408.85790  16.5%     -    0s
     0     0 2408.85831    0  118 2885.65000 2408.85831  16.5%     -    0s
     0     0 2438.55196    0   80 2885.65000 2438.55196  15.5%     -    0s
     0     0 2442.13986    0  113 2885.65000 2442.13986  15.4%     -    0s
     0     0 2442.14902    0  114 2885.65000 2442.14902  15.4%     -    0s
     0     0 2464.68248    0  116 2885.65000 2464.68248  14.6%     -    0s
     0     0 2471.66352    0  128 2885.65000 2471.66352  14.3%     -    0s
     0     0 2473.09189    0  128 2885.65000 2473.09189  14.3%     -    0s
     0     0 2473.65281    0  117 2885.65000 2473.65281  14.3%     -    0s
     0     0 2473.68346    0  119 2885.65000 2473.68346  14.3%     -    0s
     0     0 2501.15280    0   94 2885.65000 2501.15280  13.3%     -    0s
     0     0 2505.16991    0   98 2885.65000 2505.16991  13.2%     -    0s
     0     0 2505.67493    0   97 2885.65000 2505.67493  13.2%     -    0s
     0     0 2515.34980    0   95 2885.65000 2515.34980  12.8%     -    0s
H    0     0                    2703.3300000 2515.34980  6.95%     -    0s
     0     0 2517.82845    0   88 2703.33000 2517.82845  6.86%     -    0s
     0     0 2518.45249    0   87 2703.33000 2518.45249  6.84%     -    0s
     0     0 2531.17496    0  125 2703.33000 2531.17496  6.37%     -    0s
     0     0 2532.61833    0   97 2703.33000 2532.61833  6.31%     -    0s
     0     0 2532.77817    0  108 2703.33000 2532.77817  6.31%     -    0s
     0     0 2542.76989    0   94 2703.33000 2542.76989  5.94%     -    0s
     0     0 2548.17042    0  114 2703.33000 2548.17042  5.74%     -    0s
     0     0 2550.19989    0   97 2703.33000 2550.19989  5.66%     -    0s
     0     0 2550.24955    0   94 2703.33000 2550.24955  5.66%     -    0s
     0     0 2607.40120    0   94 2703.33000 2607.40120  3.55%     -    0s
     0     0 2613.69160    0  102 2703.33000 2613.69160  3.32%     -    0s
     0     0 2617.82371    0  122 2703.33000 2617.82371  3.16%     -    0s
     0     0 2617.88262    0  123 2703.33000 2617.88262  3.16%     -    0s
     0     0 2619.33436    0  120 2703.33000 2619.33436  3.11%     -    0s
     0     0 2619.37447    0  120 2703.33000 2619.37447  3.11%     -    0s
     0     0 2622.78928    0  132 2703.33000 2622.78928  2.98%     -    0s
     0     0 2623.00349    0  131 2703.33000 2623.00349  2.97%     -    0s
     0     0 2623.00349    0   27 2703.33000 2623.00349  2.97%     -    0s
     0     0 2623.00349    0   66 2703.33000 2623.00349  2.97%     -    0s
     0     0 2623.00349    0   86 2703.33000 2623.00349  2.97%     -    0s
     0     0 2623.00349    0   94 2703.33000 2623.00349  2.97%     -    0s
     0     0 2623.00349    0  106 2703.33000 2623.00349  2.97%     -    0s
     0     0 2623.00349    0  101 2703.33000 2623.00349  2.97%     -    0s
     0     0 2623.47045    0  121 2703.33000 2623.47045  2.95%     -    0s
     0     0 2624.52378    0  121 2703.33000 2624.52378  2.92%     -    0s
     0     0 2624.88548    0  118 2703.33000 2624.88548  2.90%     -    0s
     0     0 2625.63571    0  121 2703.33000 2625.63571  2.87%     -    0s
     0     0 2625.75977    0  112 2703.33000 2625.75977  2.87%     -    0s
     0     0 2629.68402    0  116 2703.33000 2629.68402  2.72%     -    0s
     0     0 2629.90906    0  117 2703.33000 2629.90906  2.72%     -    0s
     0     0 2630.43943    0  123 2703.33000 2630.43943  2.70%     -    0s
     0     0 2632.03191    0  110 2703.33000 2632.03191  2.64%     -    0s
     0     0 2632.03191    0  109 2703.33000 2632.03191  2.64%     -    0s
     0     2 2632.32433    0  109 2703.33000 2632.32433  2.63%     -    0s

Cutting planes:
  User: 7
  Gomory: 2
  Cover: 24
  Implied bound: 2
  Clique: 2
  MIR: 17
  StrongCG: 1
  Flow cover: 35
  Network: 2
  RLT: 50
  Relax-and-lift: 3

Explored 31 nodes (4010 simplex iterations) in 0.53 seconds
Thread count was 2 (of 32 available processors)

Solution count 2: 2703.33 2885.65 

Optimal solution found (tolerance 1.00e-04)
Best objective 2.703330000000e+03, best bound 2.703330000000e+03, gap 0.0000%

User-callback calls 600, time in user-callback 0.03 sec
================================================================================
executing instance: ./input/Instances/Original/1/absH3high_1n45.dat
--------------------------------------------------------------------------------
Instance details
n	46
H	3
C	3462
Li:
[0, 0, 0, 0, 0, 0, 0, 0, 0, 0, 0, 0, 0, 0, 0, 0, 0, 0, 0, 0, 0, 0, 0, 0, 0, 0, 0, 0, 0, 0, 0, 0, 0, 0, 0, 0, 0, 0, 0, 0, 0, 0, 0, 0, 0, 0, ]
Ui:
[0, 273, 270, 36, 165, 192, 148, 45, 30, 75, 180, 198, 112, 117, 90, 64, 180, 22, 264, 174, 168, 270, 86, 66, 26, 66, 237, 156, 92, 108, 144, 72, 30, 45, 94, 54, 174, 96, 198, 136, 44, 180, 210, 249, 198, 48, ]
Distance matrix:
|0	281	201	160	249	201	93	431	236	139	252	136	116	166	390	110	349	374	303	180	327	464	236	70	44	461	346	439	363	254	312	426	305	206	71	137	169	200	247	260	20	219	256	253	460	278	|
|281	0	448	170	53	142	338	184	121	290	371	390	222	302	111	289	169	434	230	177	238	441	59	212	319	211	86	235	399	306	53	176	99	202	263	157	361	101	370	201	264	344	364	374	469	184	|
|201	448	0	285	430	325	114	556	361	171	191	64	228	174	546	294	453	306	364	289	388	435	393	254	157	585	491	536	318	254	490	554	436	407	266	292	108	388	186	337	207	181	205	190	408	364	|
|160	170	285	0	169	43	182	280	80	120	208	231	58	132	262	230	190	294	151	24	174	345	112	107	183	309	207	280	268	158	219	276	155	235	187	45	192	150	205	107	140	177	202	210	356	119	|
|249	53	430	169	0	152	317	238	145	282	377	369	212	299	157	242	215	452	261	183	273	474	76	181	290	264	140	287	421	320	63	229	145	148	221	142	352	53	374	226	234	346	370	378	498	215	|
|201	142	325	43	152	0	224	237	37	156	230	273	101	164	224	261	148	300	127	38	147	333	83	142	225	266	167	238	270	168	193	233	112	246	221	70	228	148	228	84	180	202	222	232	351	87	|
|93	338	114	182	317	224	0	460	262	92	180	52	124	112	440	199	364	307	292	191	317	415	284	140	57	490	387	452	304	208	377	457	336	297	163	181	84	274	175	256	95	152	188	180	402	280	|
|431	184	556	280	238	237	460	0	199	385	420	508	337	385	108	464	110	429	219	269	206	378	202	365	460	30	98	84	388	340	204	9	126	386	432	294	453	283	421	226	411	404	408	423	422	198	|
|236	121	361	80	145	37	262	199	0	191	255	310	138	197	191	290	114	312	118	72	133	330	69	175	262	229	132	204	279	186	174	195	75	258	251	102	262	153	254	81	216	230	246	257	353	72	|
|139	290	171	120	282	156	92	385	191	0	116	129	71	27	380	246	283	235	201	119	226	329	231	141	129	414	323	367	224	119	336	383	266	308	202	141	72	252	112	169	127	82	118	117	322	195	|
|252	371	191	208	377	230	180	420	255	116	0	187	178	90	443	361	311	127	204	195	224	246	313	257	232	446	382	380	129	81	423	421	320	422	318	242	100	355	5	195	241	34	15	2	225	224	|
|136	390	64	231	369	273	52	508	310	129	187	0	173	141	491	233	409	313	330	239	355	431	335	191	93	538	438	495	316	233	429	505	385	342	203	233	88	325	182	297	143	167	199	187	412	323	|
|116	222	228	58	212	101	124	337	138	71	178	173	0	91	319	206	244	284	187	69	212	357	165	85	130	367	265	333	264	151	267	333	213	244	161	70	140	181	175	145	97	145	177	180	359	165	|
|166	302	174	132	299	164	112	385	197	27	90	141	91	0	388	273	280	208	191	127	215	305	243	167	153	413	329	361	198	96	351	383	270	333	229	159	68	272	86	163	153	56	92	91	296	190	|
|390	111	546	262	157	224	440	108	191	380	443	491	319	388	0	399	164	480	264	261	261	456	156	320	426	125	62	186	442	369	107	99	125	300	374	260	452	210	443	252	372	420	433	446	494	227	|
|110	289	294	230	242	261	199	464	290	246	361	233	206	273	399	0	402	480	382	254	404	562	262	124	143	493	369	490	466	355	302	457	344	135	45	191	279	189	356	337	120	328	364	362	563	348	|
|349	169	453	190	215	148	364	110	114	283	311	409	244	280	164	402	0	324	110	174	101	292	151	289	372	135	109	90	284	230	212	111	70	354	364	216	348	245	312	118	329	295	298	313	330	90	|
|374	434	306	294	452	300	307	429	312	235	127	313	284	208	480	480	324	0	216	274	223	137	380	368	357	448	419	367	40	136	487	432	358	525	436	336	227	443	132	234	361	156	119	127	102	255	|
|303	230	364	151	261	127	292	219	118	201	204	330	187	191	264	382	110	216	0	128	25	213	185	258	314	243	203	176	178	123	282	221	144	372	338	193	256	270	206	45	283	193	191	206	239	46	|
|180	177	289	24	183	38	191	269	72	119	195	239	69	127	261	254	174	274	128	0	151	321	118	130	198	299	204	263	246	139	228	266	147	258	211	68	191	169	193	83	159	166	188	197	333	98	|
|327	238	388	174	273	147	317	206	133	226	224	355	212	215	261	404	101	223	25	151	0	203	198	281	339	228	202	156	184	143	288	209	146	390	362	215	280	286	226	68	308	215	210	226	235	61	|
|464	441	435	345	474	333	415	378	330	329	246	431	357	305	456	562	292	137	213	321	203	0	398	440	458	390	400	301	117	211	492	384	348	578	517	389	344	480	251	251	448	265	233	246	54	259	|
|236	59	393	112	76	83	284	202	69	231	313	335	165	243	156	262	151	380	185	118	198	398	0	167	270	231	110	233	347	250	110	195	85	203	230	103	303	95	311	150	217	284	305	315	422	139	|
|70	212	254	107	181	142	140	365	175	141	257	191	85	167	320	124	289	368	258	130	281	440	167	0	109	394	277	378	349	236	244	359	239	167	81	73	196	135	253	213	53	223	257	258	444	226	|
|44	319	157	183	290	225	57	460	262	129	232	93	130	153	426	143	372	357	314	198	339	458	270	109	0	490	379	462	351	247	353	456	334	250	110	168	140	243	226	274	56	201	238	232	449	294	|
|461	211	585	309	264	266	490	30	229	414	446	538	367	413	125	493	135	448	243	299	228	390	231	394	490	0	125	89	408	365	226	36	156	412	462	324	481	311	447	253	441	430	433	448	436	225	|
|346	86	491	207	140	167	387	98	132	323	382	438	265	329	62	369	109	419	203	204	202	400	110	277	379	125	0	155	381	307	113	90	63	288	339	211	394	186	382	190	327	359	371	384	436	165	|
|439	235	536	280	287	238	452	84	204	367	380	495	333	361	186	490	90	367	176	263	156	301	233	378	462	89	155	0	326	299	267	92	148	432	454	306	429	325	382	199	419	369	366	382	348	172	|
|363	399	318	268	421	270	304	388	279	224	129	316	264	198	442	466	284	40	178	246	184	117	347	349	351	408	381	326	0	113	452	391	321	502	422	311	229	415	134	199	348	152	118	130	98	219	|
|254	306	254	158	320	168	208	340	186	119	81	233	151	96	369	355	230	136	123	139	143	211	250	236	247	365	307	299	113	0	359	340	244	390	310	200	148	308	83	117	238	74	68	83	208	145	|
|312	53	490	219	63	193	377	204	174	336	423	429	267	351	107	302	212	487	282	228	288	492	110	244	353	226	113	267	452	359	0	195	145	194	283	199	407	115	421	254	296	394	415	425	521	237	|
|426	176	554	276	229	233	457	9	195	383	421	505	333	383	99	457	111	432	221	266	209	384	195	359	456	36	90	92	391	340	195	0	122	378	426	289	451	275	421	226	406	404	408	423	427	197	|
|305	99	436	155	145	112	336	126	75	266	320	385	213	270	125	344	70	358	144	147	146	348	85	239	334	156	63	148	321	244	145	122	0	286	310	168	336	177	320	128	285	298	309	322	381	103	|
|206	202	407	235	148	246	297	386	258	308	422	342	244	333	300	135	354	525	372	258	390	578	203	167	250	412	288	432	502	390	194	378	286	0	144	191	362	109	418	329	202	388	421	423	591	329	|
|71	263	266	187	221	221	163	432	251	202	318	203	161	229	374	45	364	436	338	211	362	517	230	81	110	462	339	454	422	310	283	426	310	144	0	150	239	168	313	294	77	285	321	319	518	306	|
|137	157	292	45	142	70	181	294	102	141	242	233	70	159	260	191	216	336	193	68	215	389	103	73	168	324	211	306	311	200	199	289	168	191	150	0	210	113	239	148	117	210	238	244	400	157	|
|169	361	108	192	352	228	84	453	262	72	100	88	140	68	452	279	348	227	256	191	280	344	303	196	140	481	394	429	229	148	407	451	336	362	239	210	0	318	95	231	164	79	111	100	325	258	|
|200	101	388	150	53	148	274	283	153	252	355	325	181	272	210	189	245	443	270	169	286	480	95	135	243	311	186	325	415	308	115	275	177	109	168	113	318	0	352	230	187	323	351	357	498	225	|
|247	370	186	205	374	228	175	421	254	112	5	182	175	86	443	356	312	132	206	193	226	251	311	253	226	447	382	382	134	83	421	421	320	418	313	239	95	352	0	196	237	30	19	6	230	224	|
|260	201	337	107	226	84	256	226	81	169	195	297	145	163	252	337	118	234	45	83	68	251	150	213	274	253	190	199	199	117	254	226	128	329	294	148	231	230	196	0	240	178	184	198	272	29	|
|20	264	207	140	234	180	95	411	216	127	241	143	97	153	372	120	329	361	283	159	308	448	217	53	56	441	327	419	348	238	296	406	285	202	77	117	164	187	237	240	0	208	245	242	446	257	|
|219	344	181	177	346	202	152	404	230	82	34	167	145	56	420	328	295	156	193	166	215	265	284	223	201	430	359	369	152	74	394	404	298	388	285	210	79	323	30	178	208	0	37	35	250	206	|
|256	364	205	202	370	222	188	408	246	118	15	199	177	92	433	364	298	119	191	188	210	233	305	257	238	433	371	366	118	68	415	408	309	421	321	238	111	351	19	184	245	37	0	17	214	212	|
|253	374	190	210	378	232	180	423	257	117	2	187	180	91	446	362	313	127	206	197	226	246	315	258	232	448	384	382	130	83	425	423	322	423	319	244	100	357	6	198	242	35	17	0	225	226	|
|460	469	408	356	498	351	402	422	353	322	225	412	359	296	494	563	330	102	239	333	235	54	422	444	449	436	436	348	98	208	521	427	381	591	518	400	325	498	230	272	446	250	214	225	0	285	|
|278	184	364	119	215	87	280	198	72	195	224	323	165	190	227	348	90	255	46	98	61	259	139	226	294	225	165	172	219	145	237	197	103	329	306	157	258	225	224	29	257	206	212	226	285	0	|

--------------------------------------------------------------------------------
Building model...
	using lazy and cut (CVRPSEP package)
Solving IRP LP...
--------------------------------------------------------------------------------

Gurobi 9.1.0 (linux64) logging started Mon Jan 18 02:21:14 2021

Gurobi Optimizer version 9.1.0 build v9.1.0rc0 (linux64)
Thread count: 32 physical cores, 32 logical processors, using up to 2 threads
Optimize a model with 1570 rows, 13696 columns and 31669 nonzeros
Model fingerprint: 0xfe3209ec
Variable types: 724 continuous, 12972 integer (552 binary)
Coefficient statistics:
  Matrix range     [1e+00, 9e+02]
  Objective range  [1e-01, 6e+02]
  Bounds range     [1e+00, 3e+02]
  RHS range        [1e+01, 6e+03]
Presolve removed 178 rows and 40 columns
Presolve time: 0.06s
Presolved: 1392 rows, 13656 columns, 29933 nonzeros
Variable types: 684 continuous, 12972 integer (12432 binary)

Root relaxation: objective 1.313336e+04, 1703 iterations, 0.06 seconds

    Nodes    |    Current Node    |     Objective Bounds      |     Work
 Expl Unexpl |  Obj  Depth IntInf | Incumbent    BestBd   Gap | It/Node Time

     0     0 13133.3551    0  132          - 13133.3551      -     -    0s
     0     0 13469.5995    0  122          - 13469.5995      -     -    0s
     0     0 13474.5998    0  125          - 13474.5998      -     -    0s
     0     0 13790.9924    0  219          - 13790.9924      -     -    0s
     0     0 13903.4566    0  234          - 13903.4566      -     -    1s
     0     0 13903.4566    0  234          - 13903.4566      -     -    1s
     0     0 14094.0862    0  264          - 14094.0862      -     -    1s
     0     0 14106.4645    0  266          - 14106.4645      -     -    1s
     0     0 14106.5948    0  254          - 14106.5948      -     -    1s
     0     0 14162.2141    0  274          - 14162.2141      -     -    1s
     0     0 14168.4959    0  286          - 14168.4959      -     -    1s
     0     0 14168.6048    0  311          - 14168.6048      -     -    1s
     0     0 14244.4696    0  302          - 14244.4696      -     -    2s
     0     0 14253.0565    0  272          - 14253.0565      -     -    2s
     0     0 14253.3786    0  298          - 14253.3786      -     -    2s
     0     0 14299.6451    0  313          - 14299.6451      -     -    3s
     0     0 14370.6708    0  372          - 14370.6708      -     -    3s
     0     0 14386.3800    0  338          - 14386.3800      -     -    4s
     0     0 14387.0348    0  388          - 14387.0348      -     -    4s
     0     0 14409.6772    0  296          - 14409.6772      -     -    4s
     0     0 14411.2713    0  343          - 14411.2713      -     -    4s
     0     0 14422.9856    0  266          - 14422.9856      -     -    4s
     0     0 14426.0259    0  386          - 14426.0259      -     -    5s
     0     0 14428.2269    0  410          - 14428.2269      -     -    5s
     0     0 14428.6009    0  262          - 14428.6009      -     -    5s
     0     0 14444.2377    0  410          - 14444.2377      -     -    5s
     0     0 14449.4296    0  429          - 14449.4296      -     -    5s
     0     0 14449.9108    0  428          - 14449.9108      -     -    5s
     0     0 14460.0627    0  414          - 14460.0627      -     -    6s
     0     0 14460.0627    0  362          - 14460.0627      -     -    6s
     0     2 14460.0627    0  358          - 14460.0627      -     -    7s
    23    26 14522.1799    6  272          - 14478.7007      -   352   10s
    71    76 14637.7561   21  312          - 14478.7007      -   365   15s
   130   138 14720.7376   37  233          - 14478.7007      -   339   20s
   254   282 15529.6321   96   93          - 14478.7007      -   258   25s
   443   464 16937.0717  211    7          - 14478.7007      -   181   30s
*  580   571             288    18189.390000 14478.7007  20.4%   153   33s
   592   568 14554.1580    5  470 18189.3900 14478.7007  20.4%   156   35s
   623   608 14629.5540   10  313 18189.3900 14478.7007  20.4%   165   40s
   652   637 14733.0111   13  296 18189.3900 14478.7007  20.4%   168   45s
   699   687 14873.1321   23  238 18189.3900 14478.7007  20.4%   170   55s
   776   783 15085.7565   35  157 18189.3900 14478.7007  20.4%   170   60s
   846   861 15206.3219   49  232 18189.3900 14478.7007  20.4%   165   65s
   940   936 15530.0848   74  112 18189.3900 14478.7007  20.4%   156   70s
   989   986 17654.4404  284   71 18189.3900 14478.7007  20.4%   153   75s
H 1014  1024                    18180.390000 14478.7007  20.4%   150   76s
H 1100  1058                    18053.550000 14478.7007  19.8%   149   81s
  1103  1060 15796.2893  106  131 18053.5500 14478.7007  19.8%   148   85s
  1109  1064 17751.4088  263  502 18053.5500 14518.7642  19.6%   148   90s
  1118  1070 14543.7156   11  469 18053.5500 14540.5334  19.5%   146   95s
  1127  1076 15098.6043   61  474 18053.5500 14569.2012  19.3%   145  100s
  1134  1081 16450.4991  140  566 18053.5500 14587.1952  19.2%   144  105s
  1143  1087 16380.3380  173  599 18053.5500 14593.0267  19.2%   143  110s
  1151  1092 17325.7092  230  624 18053.5500 14594.0841  19.2%   142  115s
  1159  1099 14648.1324   24  287 18053.5500 14594.1868  19.2%   170  122s
  1165  1103 15202.6797   72  481 18053.5500 14594.1868  19.2%   169  125s
  1175  1110 15602.4211   89  619 18053.5500 14594.9662  19.2%   168  130s
  1182  1114 15274.9690   75  554 18053.5500 14595.3279  19.2%   167  137s
  1187  1121 14621.9855   29  564 18053.5500 14595.6435  19.2%   183  140s
  1197  1127 14598.3653   32  583 18053.5500 14596.1131  19.2%   195  145s
  1209  1135 14604.1906   35  633 18053.5500 14602.1823  19.1%   206  151s
  1216  1141 14772.1501   36  495 18053.5500 14606.9915  19.1%   215  155s
  1229  1151 14632.7804   39  482 18053.5500 14622.0245  19.0%   226  160s
  1239  1156 14979.5497   41  429 18053.5500 14622.0245  19.0%   234  165s
  1263  1176 14678.2672   46  599 18053.5500 14622.0245  19.0%   248  171s
  1270  1176 14679.5384   47  641 18053.5500 14622.0245  19.0%   250  183s
  1278  1186 14862.4220   48  522 18053.5500 14622.0245  19.0%   258  186s
  1301  1205 14690.9440   51  658 18053.5500 14622.0245  19.0%   265  191s
  1330  1226 14745.1251   54  465 18053.5500 14622.0245  19.0%   276  196s
  1355  1247 14718.6788   58  573 18053.5500 14622.0245  19.0%   281  200s
H 1382  1201                    17777.310000 14622.0245  17.7%   285  202s
  1413  1235 14748.7331   63  527 17777.3100 14622.0245  17.7%   286  206s
  1461  1265 14756.9342   66  546 17777.3100 14622.0245  17.7%   288  212s
  1512  1320 14761.3709   70  560 17777.3100 14622.0245  17.7%   288  217s
  1554  1350 14767.8937   74  519 17777.3100 14622.0245  17.7%   285  220s
  1646  1415 14776.8438   80  454 17777.3100 14622.0245  17.7%   278  226s
  1749  1461 14798.3632   87  478 17777.3100 14622.0245  17.7%   269  232s
  1774  1515 14816.9485   88  510 17777.3100 14622.0245  17.7%   268  236s
  1839  1510 14829.9448   91  451 17777.3100 14622.0245  17.7%   261  240s
  1890  1520 14863.2640   96  386 17777.3100 14622.0245  17.7%   261  249s
  1903  1533 14893.8455   99  418 17777.3100 14622.0245  17.7%   263  252s
  1937  1547 14750.1375   42  476 17777.3100 14622.0245  17.7%   265  255s
  1945  1563 15108.5584  112  286 17777.3100 14622.0245  17.7%   266  260s
  1972  1570 15031.4816  122  251 17777.3100 14622.0245  17.7%   267  267s
  1980  1606 15095.9495  124  236 17777.3100 14622.0245  17.7%   268  270s
  2057  1636 15435.6810  152  230 17777.3100 14622.0245  17.7%   268  278s
  2074  1680 15480.2416  157  216 17777.3100 14622.0245  17.7%   268  288s
  2124  1708 15586.9466  176  236 17777.3100 14622.0245  17.7%   267  292s
  2169  1746 15683.0640  192  213 17777.3100 14622.0245  17.7%   267  296s
  2222  1731 15785.8837  211  218 17777.3100 14622.0245  17.7%   267  302s
  2224  1797 15855.1838  211  229 17777.3100 14622.0245  17.7%   267  306s
  2291  1845 15964.3982  233  207 17777.3100 14622.0245  17.7%   265  310s
  2365  1941 16298.4221  257  122 17777.3100 14622.0245  17.7%   263  316s
  2486  1964 17284.5449  304   81 17777.3100 14630.5163  17.7%   258  323s
  2571  1978 14682.8993   31  682 17777.3100 14630.5163  17.7%   254  328s
  2618  2006 14746.5848   35  599 17777.3100 14630.5163  17.7%   254  333s
  2661  2046 14798.2133   38  448 17777.3100 14630.5163  17.7%   255  338s
  2718  2122 14824.4441   39  437 17777.3100 14630.5163  17.7%   255  344s
  2815  2223 14966.7604   43  316 17777.3100 14630.5163  17.7%   252  368s
  2941  2181 17501.5056  301   24 17777.3100 14630.5163  17.7%   245  370s
  2967  2184 14874.5620   47  469 17777.3100 14630.5163  17.7%   244  375s
  2995  2196 14920.8210   51  422 17777.3100 14630.5163  17.7%   246  380s
  3016  2222 14995.5185   56  321 17777.3100 14630.5163  17.7%   249  386s
  3049  2248 15073.3214   63  197 17777.3100 14630.5163  17.7%   251  392s
  3086  2283 15360.7135   71  295 17777.3100 14630.5163  17.7%   253  398s
  3133  2343 15317.7313   80  275 17777.3100 14630.5163  17.7%   255  404s
  3154  2336 15429.4829   87  266 17777.3100 14630.5163  17.7%   255  405s
  3209  2399 15587.3644   91  170 17777.3100 14630.5163  17.7%   255  412s
  3290  2489 15755.0980  111  171 17777.3100 14630.5163  17.7%   255  420s
  3407  2561 15974.8830  144  171 17777.3100 14630.5163  17.7%   252  428s
  3522  2680 16212.2806  179  144 17777.3100 14630.5163  17.7%   251  438s
  3652  2637 16001.6652  129  108 17777.3100 14630.5163  17.7%   248  440s
  3680  2852 16623.8216  212  171 17777.3100 14630.5163  17.7%   247  450s
  3917  2952 16962.3204  243  159 17777.3100 14632.5034  17.7%   239  462s
  4162  2892 14775.8465   32  443 17777.3100 14633.5248  17.7%   232  471s
  4183  2916 14850.5554   38  420 17777.3100 14633.5248  17.7%   234  478s
  4214  2943 14939.4600   48  184 17777.3100 14633.5248  17.7%   235  485s
  4251  2998 15023.2962   55  111 17777.3100 14633.5248  17.7%   237  494s
  4319  3062 15126.1498   66  227 17777.3100 14633.5248  17.7%   238  502s
  4405  3251 15177.6928   83   63 17777.3100 14633.5248  17.7%   238  516s
  4636  3390 15607.2969  109   77 17777.3100 14655.2306  17.6%   232  529s
  4685  3390 15509.2362  137   30 17777.3100 14655.2306  17.6%   231  530s
  4833  3435 17116.2000  172    - 17777.3100 14659.1234  17.5%   227  538s
  4867  3471 17269.0400  172    4 17777.3100 14663.2622  17.5%   229  548s
  4907  3627 14867.2268   49  358 17777.3100 14663.2622  17.5%   229  559s
  4955  3627 15137.8272   73  134 17777.3100 14663.2622  17.5%   229  560s
  5075  3753 15208.9481   74  141 17777.3100 14663.2622  17.5%   227  571s
  5205  3755 15694.1862  121   65 17777.3100 14663.2622  17.5%   226  585s
  5207  3890 15862.3616  122   75 17777.3100 14667.1766  17.5%   226  598s
  5385  3926 14779.4016   34  502 17777.3100 14667.3342  17.5%   224  608s
  5417  3967 14894.7476   42  427 17777.3100 14667.3342  17.5%   226  619s
  5458  4038 15243.6435   49  362 17777.3100 14667.3342  17.5%   228  630s
  5529  4108 15696.2209   71  101 17777.3100 14667.3342  17.5%   229  643s
  5599  4316 16262.0649   91   80 17777.3100 14667.8009  17.5%   230  660s
  5824  4409 14916.5141   43  377 17777.3100 14667.8009  17.5%   227  677s
  5936  4600 15561.2262   67  369 17777.3100 14680.3822  17.4%   227  692s
  6167  4652 14959.7300   33  633 17777.3100 14682.0338  17.4%   224  705s
  6219  4830 15535.6587   53  202 17777.3100 14682.9573  17.4%   226  721s
  6430  4857 14869.5203   47  581 17777.3100 14686.2964  17.4%   224  736s
  6458  4941 15076.8543   56  428 17777.3100 14686.2964  17.4%   226  749s
  6546  5037 15197.2748   63  245 17777.3100 14686.2964  17.4%   227  763s
  6653  5162 15355.0869   81  255 17777.3100 14686.2964  17.4%   227  779s
  6717  5162 15718.5140  113   97 17777.3100 14686.2964  17.4%   228  780s
  6776  5472 15594.5483  118  131 17777.3100 14686.2964  17.4%   228  799s
  6856  5472 15918.8538  158   53 17777.3100 14686.2964  17.4%   227  800s
  7102  5569 16613.0242  215   36 17777.3100 14690.4568  17.4%   224  815s
  7227  5729 15318.0091   70  205 17777.3100 14693.3390  17.3%   224  836s
* 7385  4245             155    16487.920000 14693.3676  10.9%   222  839s
  7412  4386 14873.7880   51  226 16487.9200 14693.3676  10.9%   224  858s
  7634  4574 14793.3410   40  495 16487.9200 14694.6772  10.9%   223  877s
  7857  4574 16453.7700  140    6 16487.9200 14698.9785  10.9%   221  880s
  7868  4646 14734.6143   35  638 16487.9200 14698.9785  10.9%   221  897s
  7940  4849 15339.1788   64  326 16487.9200 14702.7673  10.8%   222  916s
  8191  5075 15020.1640   57  230 16487.9200 14703.4162  10.8%   220  937s
  8440  5273 15080.1064   43  294 16487.9200 14704.8558  10.8%   218  958s
  8529  5273 16171.9796  132   91 16487.9200 14704.8558  10.8%   218  960s
  8668  5435 14803.5064   45  493 16487.9200 14704.8558  10.8%   217  978s
  8802  5435 15795.6020  125  154 16487.9200 14704.8558  10.8%   217  980s
  8830  5476 15454.8719  106  194 16487.9200 14704.8558  10.8%   217 1040s
  8884  5582 15689.1700  133  101 16487.9200 14706.7340  10.8%   216 1058s
  9002  5760 14920.5256   57  301 16487.9200 14710.2819  10.8%   218 1080s
  9224  5998 14772.3151   46  525 16487.9200 14710.8436  10.8%   218 1103s
  9517  6118 14829.5324   50  447 16487.9200 14710.8539  10.8%   216 1123s
  9617  6118 15423.8927   77  314 16487.9200 14710.8539  10.8%   217 1125s
  9647  6307 16374.8484  125  126 16487.9200 14713.7078  10.8%   217 1144s
  9859  6578 15136.4450   76  127 16487.9200 14719.1712  10.7%   217 1167s
 10175  6794     cutoff  159      16487.9200 14720.0208  10.7%   216 1189s
 10202  6794 15325.3883   74  299 16487.9200 14720.0208  10.7%   216 1190s
 10461  7029 14800.9752   47  508 16487.9200 14721.0611  10.7%   215 1211s
 10707  7209 16101.4047  174   74 16487.9200 14724.6719  10.7%   213 1233s
 10872  7209 15869.2518  128  103 16487.9200 14724.7733  10.7%   214 1235s
 10908  7330 15674.4056   62  107 16487.9200 14725.1344  10.7%   213 1254s
 10957  7330 16281.8843   83   88 16487.9200 14725.1344  10.7%   213 1255s
 11048  7532 15361.7726   73  263 16487.9200 14726.4575  10.7%   214 1276s
 11278  7628 14843.9279   55  426 16487.9200 14727.1250  10.7%   214 1295s
 11374  7832 15253.5623   78  289 16487.9200 14727.1250  10.7%   215 1314s
 11393  7832 15299.5546   87  244 16487.9200 14727.1250  10.7%   216 1315s
 11578  8090 16056.7389  130   94 16487.9200 14727.2526  10.7%   215 1338s
 11721  8090 15439.4281   90  236 16487.9200 14727.4638  10.7%   215 1340s
H11797  7921                    16416.920000 14727.4638  10.3%   215 1341s
 11894  8073 15044.4822   59  196 16416.9200 14727.4825  10.3%   214 1360s
 12076  8275 15001.8024   49  419 16416.9200 14727.7635  10.3%   215 1382s
 12308  8475 14791.5761   48  581 16416.9200 14728.8587  10.3%   215 1402s
 12455  8475 15850.9394  123  140 16416.9200 14728.8587  10.3%   215 1405s
 12518  8673 15574.8470  131  130 16416.9200 14728.9955  10.3%   215 1424s
 12550  8673 16129.1846  163  121 16416.9200 14728.9955  10.3%   214 1425s
 12749  8847 14943.0715   51  476 16416.9200 14730.6709  10.3%   214 1446s
 12945  8938 14824.0911   56  457 16416.9200 14730.8101  10.3%   214 1466s
 13036  9148 15084.5501   73  294 16416.9200 14730.8101  10.3%   215 1486s
 13246  9368 15777.9989  115  171 16416.9200 14730.8604  10.3%   216 1509s
 13262  9368 15690.4987  124  125 16416.9200 14730.8604  10.3%   216 1510s
 13512  9565 15053.3290   75  317 16416.9200 14731.0961  10.3%   215 1531s
 13734  9695 15063.3520   61  243 16416.9200 14731.6516  10.3%   214 1559s
 13790  9695 15962.8278  117   98 16416.9200 14731.6516  10.3%   214 1560s
 13892  9960 14996.6416   56  382 16416.9200 14732.0079  10.3%   214 1580s
 14204 10169 15071.9717   58  182 16416.9200 14732.3384  10.3%   213 1602s
 14371 10169 15381.2572   77  204 16416.9200 14733.2745  10.3%   213 1605s
H14450 10292                    16415.920000 14733.2745  10.3%   212 1624s
 14466 10292 15177.0785   77  115 16415.9200 14733.2997  10.2%   212 1625s
 14607 10521 14833.7095   53  266 16415.9200 14733.4995  10.2%   212 1646s
 14896 10734 14972.9593   50  284 16415.9200 14733.9670  10.2%   212 1666s
 15131 10982 15073.0790   62  150 16415.9200 14734.4517  10.2%   211 1688s
 15303 10985 14997.6096   54  351 16415.9200 14734.4517  10.2%   210 1690s
 15423 11155     cutoff  193      16415.9200 14734.7898  10.2%   210 1708s
 15621 11286 14934.4409   42  359 16415.9200 14736.0966  10.2%   210 1728s
 15766 11538 15223.6995   62  178 16415.9200 14736.6480  10.2%   210 1749s
 15862 11538 15726.6203  108   99 16415.9200 14736.6480  10.2%   210 1750s
 16056 11682 14785.0185   37  593 16415.9200 14737.9917  10.2%   209 1769s
 16113 11682 16134.4349   94  137 16415.9200 14737.9917  10.2%   210 1770s
 16235 11848 14841.8769   52  451 16415.9200 14739.6920  10.2%   210 1789s
 16275 11848 15368.8854   92  127 16415.9200 14739.6920  10.2%   210 1790s
 16427 11928 14808.6799   47  398 16415.9200 14739.7691  10.2%   210 1807s
 16507 12143 15093.4102   71   36 16415.9200 14739.8785  10.2%   211 1829s
 16571 12143 15251.8405  103   29 16415.9200 14739.8785  10.2%   211 1830s
 16757 12317 14842.9952   52  336 16415.9200 14739.9003  10.2%   211 1850s
 16979 12432 15243.7819   50  210 16415.9200 14740.7018  10.2%   211 1870s
 17123 12610 15252.8289   64  208 16415.9200 14741.4696  10.2%   211 1888s
 17272 12610 15159.9803   66  273 16415.9200 14741.4696  10.2%   211 1890s
 17316 12919 15243.4941   80  303 16415.9200 14741.5774  10.2%   211 1910s
 17650 13024 15168.7241   81  215 16415.9200 14742.9276  10.2%   210 1931s
 17809 13187 15063.4120   45  239 16415.9200 14743.1249  10.2%   209 1953s
 17879 13187 15551.6437   70   86 16415.9200 14743.1249  10.2%   210 1955s
 18022 13342 15657.3661   61  211 16415.9200 14744.3944  10.2%   209 1974s
 18076 13342 16223.7060   81  130 16415.9200 14744.3944  10.2%   209 1975s
 18189 13516 15104.4386   55  388 16415.9200 14744.4546  10.2%   210 1994s
 18278 13516 14849.6279   56  327 16415.9200 14744.4546  10.2%   210 1995s
 18387 13758 15003.0334   61  213 16415.9200 14744.5676  10.2%   210 2014s
 18422 13758 15464.3554   96  137 16415.9200 14744.5676  10.2%   210 2015s
 18661 14027 15072.5517   52  318 16415.9200 14744.7362  10.2%   209 2040s
 18980 14282 15419.9010   86  134 16415.9200 14745.1293  10.2%   208 2062s
 19281 14470 15027.4954   49  518 16415.9200 14745.5648  10.2%   207 2083s
 19526 14625 14923.1938   57  422 16415.9200 14745.9852  10.2%   207 2103s
 19701 14758     cutoff  146      16415.9200 14745.9892  10.2%   207 2122s
 19852 14865 16177.5111   90  212 16415.9200 14746.6589  10.2%   207 2142s
 19991 15007 15089.5734   62  302 16415.9200 14747.0739  10.2%   207 2161s
 20132 15243 15383.9813  113  119 16415.9200 14747.4436  10.2%   208 2180s
 20391 15406 15922.5245  144   84 16415.9200 14747.6457  10.2%   208 2203s
 20536 15406 15963.6784  140  105 16415.9200 14747.9922  10.2%   207 2205s
 20597 15632 15521.1603   96  176 16415.9200 14748.0356  10.2%   207 2224s
 20683 15632 15492.3172   68  191 16415.9200 14748.0356  10.2%   207 2225s
 20855 15795 16228.9000  127   13 16415.9200 14748.6648  10.2%   207 2244s
 20923 15796 15618.0954  106  168 16415.9200 14748.6648  10.2%   207 2245s
 21060 15937 16384.1206  129   19 16415.9200 14749.1299  10.2%   206 2264s
 21229 16097 15662.0394   79  260 16415.9200 14749.4201  10.2%   206 2283s
 21374 16097 15625.1257   84  226 16415.9200 14749.4662  10.2%   206 2285s
 21432 16251 16386.6787  113   79 16415.9200 14749.4766  10.2%   206 2302s
 21615 16395 15059.9350   50  249 16415.9200 14750.9342  10.1%   206 2320s
 21795 16548     cutoff   93      16415.9200 14751.0523  10.1%   206 2339s
 21820 16548 15430.2267   64  171 16415.9200 14751.0523  10.1%   207 2340s
 21982 16623     cutoff  128      16415.9200 14752.2262  10.1%   207 2360s
 22073 16822 15017.4333   53  297 16415.9200 14752.2262  10.1%   207 2379s
 22137 16822 15373.6581   88  129 16415.9200 14752.2262  10.1%   207 2380s
 22272 17168 15643.5964   98  106 16415.9200 14752.2471  10.1%   207 2399s
 22304 17168 15625.9656  111   77 16415.9200 14752.2471  10.1%   207 2400s
 22764 17369     cutoff  168      16415.9200 14753.1017  10.1%   205 2421s
 22984 17514 15276.1832   72  223 16415.9200 14753.8267  10.1%   204 2440s
 23165 17630 15555.8099   79  169 16415.9200 14753.9465  10.1%   204 2460s
 23293 17748     cutoff  122      16415.9200 14754.0426  10.1%   204 2478s
 23406 17748 16034.9946   99  123 16415.9200 14754.0598  10.1%   205 2480s
 23436 17948 15190.4333   61  211 16415.9200 14754.1728  10.1%   205 2499s
 23516 17948 15512.7078  103   26 16415.9200 14754.1728  10.1%   205 2500s
 23663 18159 14881.5246   45  405 16415.9200 14754.1728  10.1%   205 2520s
 23875 18319 15622.3463   66  279 16415.9200 14754.1728  10.1%   205 2538s
 24020 18319 15416.0304   82  175 16415.9200 14754.1728  10.1%   205 2540s
 24061 18515 15986.3865   90  121 16415.9200 14754.3377  10.1%   205 2558s
 24329 18680 14841.0794   52  433 16415.9200 14755.7815  10.1%   204 2578s
 24526 18817 14938.1099   41  463 16415.9200 14755.8083  10.1%   204 2602s
 24676 18956 15896.0809  100  182 16415.9200 14756.1872  10.1%   204 2620s
 24849 19152 15314.9565   57  296 16415.9200 14756.3071  10.1%   204 2642s
 25047 19360 15753.6827   91  141 16415.9200 14756.3302  10.1%   205 2666s
 25332 19503 14858.7413   62  470 16415.9200 14756.8797  10.1%   204 2685s
 25484 19588 14823.9468   44  382 16415.9200 14756.8809  10.1%   204 2702s
 25571 19711 15678.9189   64  247 16415.9200 14757.1896  10.1%   205 2721s
 25716 19871 15275.7871   67  383 16415.9200 14757.2491  10.1%   205 2743s
 25834 19871 15689.2727  119   80 16415.9200 14757.2596  10.1%   205 2745s
 25931 19958 15083.0393   56  442 16415.9200 14757.2979  10.1%   205 2763s
 26051 20083 14893.6194   52  536 16415.9200 14757.9653  10.1%   206 2782s
 26198 20261 15001.3449   46  421 16415.9200 14758.0385  10.1%   206 2802s
 26418 20423 15086.5789   37  399 16415.9200 14758.3375  10.1%   206 2822s
 26610 20501 15081.2838   47  534 16415.9200 14758.7026  10.1%   206 2841s
 26704 20698 14903.4061   46  452 16415.9200 14759.1321  10.1%   206 2861s
