




arguments: ./build/mirp_solver -f ./input/orig_exec_373.cfg
Current dir: /scratch/gui/bnc_mirp
File verbosity level: 9
date       time         ( uptime  ) [ thread name/id ]                   file:line     v| 
2021-01-29 00:26:57.016 (   1.118s) [main thread     ]             loguru.cpp:789   INFO| Logging to './output/vi_qua/OU/V4/Original/execution_29_01_2021_00_26_56.log', mode: 'a', verbosity: 9
--------------------------------------------------------------------------------
Parameters
                           instance_path           ./input/Instances/Original/5/
                            model_policy                                       1
                             nb_vehicles                                       4
                              output_dir         ./output/vi_qua/OU/V4/Original/
                            sec_strategy                                       1
                       solver_nb_threads                                       2
                         solver_show_log                                    true
                       solver_time_limit                                    3600
                              use_vi_cos                                   false
                              use_vi_cus                                   false
                         use_vi_hc1_full                                   false
                         use_vi_hc1_half                                   false
                      use_vi_hc1_quarter                                   false
                              use_vi_hc2                                   false
                              use_vi_hc3                                   false
                         use_vi_lex_full                                   false
                         use_vi_lex_half                                   false
                      use_vi_lex_quarter                                   false
                              use_vi_qua                                    true
                               use_vi_vc                                   false
                               use_vi_vr                                   false
--------------------------------------------------------------------------------
executing instance: ./input/Instances/Original/5/absH3low_4n50.dat
--------------------------------------------------------------------------------
Instance details
n	51
H	3
C	4066
Li:
[0, 0, 0, 0, 0, 0, 0, 0, 0, 0, 0, 0, 0, 0, 0, 0, 0, 0, 0, 0, 0, 0, 0, 0, 0, 0, 0, 0, 0, 0, 0, 0, 0, 0, 0, 0, 0, 0, 0, 0, 0, 0, 0, 0, 0, 0, 0, 0, 0, 0, 0, ]
Ui:
[0, 108, 126, 122, 66, 120, 48, 30, 128, 54, 158, 198, 36, 66, 210, 234, 147, 297, 171, 128, 116, 120, 219, 70, 294, 207, 134, 128, 234, 122, 22, 183, 195, 255, 132, 124, 66, 189, 219, 66, 128, 102, 288, 66, 87, 136, 36, 39, 282, 36, 237, ]
Distance matrix:
|0	210	444	498	509	104	438	228	487	304	456	434	526	476	163	47	293	396	293	290	313	85	280	437	293	336	409	106	449	376	433	478	193	404	404	534	278	181	380	507	189	438	263	473	353	216	202	218	452	254	465	|
|210	0	299	507	359	106	345	409	358	411	320	402	555	448	136	200	289	264	306	427	141	222	83	348	264	320	283	303	380	208	258	357	170	348	475	542	243	347	355	379	65	479	172	373	355	251	112	229	402	210	300	|
|444	299	0	363	65	358	116	542	66	440	26	241	425	272	282	407	251	51	276	490	159	397	224	124	217	237	48	490	170	99	83	74	261	180	430	385	214	479	231	85	270	390	184	116	271	300	409	276	210	215	54	|
|498	507	363	0	385	482	246	424	326	254	343	123	63	93	388	452	221	337	211	314	428	414	480	239	243	187	324	463	194	418	438	307	346	188	156	36	264	392	156	326	444	87	340	258	154	286	603	294	153	297	417	|
|509	359	65	385	0	422	145	602	59	492	59	269	448	292	348	472	305	115	329	545	218	462	281	152	274	286	106	554	192	153	116	78	326	216	472	403	274	540	271	63	334	425	249	127	316	361	468	337	233	278	69	|
|104	106	358	482	422	0	372	309	408	337	374	396	521	441	98	96	262	314	271	342	215	124	177	373	249	302	329	198	394	281	337	402	139	353	419	518	230	250	343	428	90	437	188	405	328	200	134	188	406	199	372	|
|438	345	116	246	145	372	0	485	87	357	97	126	309	155	279	394	180	101	200	414	223	373	288	8	157	150	84	459	53	188	196	68	245	72	328	269	165	427	128	97	297	280	184	36	175	250	456	233	94	184	170	|
|228	409	542	424	602	309	485	0	561	170	544	419	424	446	298	214	305	491	286	115	462	187	457	480	331	339	496	124	470	510	565	545	295	424	279	454	329	66	376	576	363	340	370	520	330	242	429	266	453	328	581	|
|487	358	66	326	59	408	87	561	0	441	40	211	389	233	324	446	258	95	281	497	220	431	287	95	230	234	79	522	133	164	146	19	297	160	415	344	233	500	215	21	323	367	224	68	261	320	470	299	174	242	106	|
|304	411	440	254	492	337	357	170	441	0	434	266	255	286	275	266	189	392	164	63	408	225	428	351	224	207	392	234	330	438	484	424	250	287	112	284	232	149	233	453	349	170	302	389	185	168	471	195	305	248	487	|
|456	320	26	343	59	374	97	544	40	434	0	223	406	252	294	418	247	60	271	487	181	405	247	105	215	229	49	498	149	124	109	48	270	165	419	364	215	482	218	60	288	375	194	92	261	302	431	279	190	220	75	|
|434	402	241	123	269	396	126	419	211	266	223	0	185	46	298	387	140	213	145	328	310	355	366	118	147	97	201	425	78	295	315	191	256	65	211	151	166	371	53	215	343	157	231	145	90	220	505	217	41	198	295	|
|526	555	425	63	448	521	309	424	389	255	406	185	0	156	430	481	266	398	252	310	485	442	534	301	293	237	386	480	257	478	500	370	390	249	145	55	313	401	212	389	491	89	392	321	201	322	646	334	216	345	479	|
|476	448	272	93	292	441	155	446	233	286	252	46	156	0	343	429	183	250	184	348	353	396	411	148	192	140	236	461	102	334	350	214	302	106	214	113	212	402	98	233	389	151	277	165	125	261	551	260	62	244	325	|
|163	136	282	388	348	98	279	298	324	275	294	298	430	343	0	124	167	234	178	296	167	121	162	279	151	205	247	216	297	224	280	316	42	256	340	423	132	232	246	344	74	349	100	314	233	115	216	97	308	101	307	|
|47	200	407	452	472	96	394	214	446	266	418	387	481	429	124	0	246	358	245	259	284	41	261	392	247	289	370	103	403	345	402	436	150	358	361	488	232	158	333	466	165	393	223	430	306	168	217	171	406	210	431	|
|293	289	251	221	305	262	180	305	258	189	247	140	266	183	167	246	0	204	26	240	238	215	276	175	37	43	203	289	169	255	297	242	125	122	202	257	52	248	87	272	225	191	134	215	67	80	382	77	163	81	298	|
|396	264	51	337	115	314	101	491	95	392	60	213	398	250	234	358	204	0	229	442	130	347	196	108	169	194	19	440	152	87	102	93	211	149	390	363	165	428	194	116	228	355	134	117	230	250	376	225	189	164	95	|
|293	306	276	211	329	271	200	286	281	164	271	145	252	184	178	245	26	229	0	216	262	212	297	195	63	53	228	280	184	280	323	264	138	137	178	248	76	232	95	294	241	173	156	234	60	77	395	83	172	102	324	|
|290	427	490	314	545	342	414	115	497	63	487	328	310	348	296	259	240	442	216	0	443	220	456	408	273	264	443	204	390	479	529	480	278	346	165	343	278	115	293	509	369	229	340	447	244	202	473	230	366	288	536	|
|313	141	159	428	218	215	223	462	220	408	181	310	485	353	167	284	238	130	262	443	0	288	67	228	202	252	149	382	267	67	122	221	168	247	440	459	186	396	273	241	125	423	107	245	291	242	251	214	297	162	160	|
|85	222	397	414	462	124	373	187	431	225	405	355	442	396	121	41	215	347	212	220	288	0	273	371	221	258	357	95	378	344	401	420	136	331	321	450	208	126	302	450	177	353	213	409	272	136	253	143	377	190	426	|
|280	83	224	480	281	177	288	457	287	428	247	366	534	411	162	261	276	196	297	456	67	273	0	292	243	298	215	363	329	128	176	288	179	305	475	513	224	392	324	307	96	466	143	311	335	261	187	235	357	195	219	|
|437	348	124	239	152	373	8	480	95	351	105	118	301	148	279	392	175	108	195	408	228	371	292	0	154	144	91	456	46	194	203	76	244	65	320	261	163	423	121	103	299	273	185	40	168	247	459	230	86	183	178	|
|293	264	217	243	274	249	157	331	230	224	215	147	293	192	151	247	37	169	63	273	202	221	243	154	0	57	170	303	157	217	260	215	110	111	238	278	21	271	94	245	201	223	100	193	92	93	362	78	160	54	263	|
|336	320	237	187	286	302	150	339	234	207	229	97	237	140	205	289	43	194	53	264	252	258	298	144	57	0	190	331	131	257	294	216	163	84	197	221	77	285	44	246	258	172	155	183	39	123	418	119	120	110	288	|
|409	283	48	324	106	329	84	496	79	392	49	201	386	236	247	370	203	19	228	443	149	357	215	91	170	190	0	449	136	105	114	75	221	138	384	349	168	434	185	99	245	346	146	98	224	255	394	231	174	171	99	|
|106	303	490	463	554	198	459	124	522	234	498	425	480	461	216	103	289	440	280	204	382	95	363	456	303	331	449	0	458	439	496	510	229	410	344	498	293	89	374	540	267	391	307	495	336	211	308	226	451	280	520	|
|449	380	170	194	192	394	53	470	133	330	149	78	257	102	297	403	169	152	184	390	267	378	329	46	157	131	136	458	0	238	249	114	259	47	287	216	171	416	96	137	327	235	211	67	145	247	488	235	41	197	223	|
|376	208	99	418	153	281	188	510	164	438	124	295	478	334	224	345	255	87	280	479	67	344	128	194	217	257	105	439	238	0	57	169	216	230	453	445	206	445	268	184	191	427	141	202	296	278	315	250	274	191	92	|
|433	258	83	438	116	337	196	565	146	484	109	315	500	350	280	402	297	102	323	529	122	401	176	203	260	294	114	496	249	57	0	157	271	252	490	463	251	499	296	162	247	457	195	199	331	329	362	302	288	241	47	|
|478	357	74	307	78	402	68	545	19	424	48	191	370	214	316	436	242	93	264	480	221	420	288	76	215	216	75	510	114	169	157	0	287	141	396	325	219	485	196	31	319	347	216	49	243	306	469	286	154	230	120	|
|193	170	261	346	326	139	245	295	297	250	270	256	390	302	42	150	125	211	138	278	168	136	179	244	110	163	221	229	259	216	271	287	0	216	305	382	91	229	204	316	105	310	78	280	192	83	257	60	268	62	292	|
|404	348	180	188	216	353	72	424	160	287	165	65	249	106	256	358	122	149	137	346	247	331	305	65	111	84	138	410	47	230	252	141	216	0	255	215	126	369	56	168	292	210	177	102	103	200	454	189	54	155	234	|
|404	475	430	156	472	419	328	279	415	112	419	211	145	214	340	361	202	390	178	165	440	321	475	320	238	197	384	344	287	453	490	396	305	255	0	181	254	261	201	422	410	69	335	353	160	225	551	246	252	280	482	|
|534	542	385	36	403	518	269	454	344	284	364	151	55	113	423	488	257	363	248	343	459	450	513	261	278	221	349	498	216	445	463	325	382	215	181	0	298	425	189	342	479	115	373	276	190	323	638	330	175	332	439	|
|278	243	214	264	274	230	165	329	233	232	215	166	313	212	132	232	52	165	76	278	186	208	224	163	21	77	168	293	171	206	251	219	91	126	254	298	0	267	114	250	181	242	82	202	112	88	341	68	177	33	258	|
|181	347	479	392	540	250	427	66	500	149	482	371	401	402	232	158	248	428	232	115	396	126	392	423	271	285	434	89	416	445	499	485	229	369	261	425	267	0	325	516	298	313	305	463	281	180	375	203	403	264	516	|
|380	355	231	156	271	343	128	376	215	233	218	53	212	98	246	333	87	194	95	293	273	302	324	121	94	44	185	374	96	268	296	196	204	56	201	189	114	325	0	224	294	161	185	157	49	167	455	163	78	147	284	|
|507	379	85	326	63	428	97	576	21	453	60	215	389	233	344	466	272	116	294	509	241	450	307	103	245	246	99	540	137	184	162	31	316	168	422	342	250	516	224	0	344	371	244	70	271	337	490	317	176	261	120	|
|189	65	270	444	334	90	297	363	323	349	288	343	491	389	74	165	225	228	241	369	125	177	96	299	201	258	245	267	327	191	247	319	105	292	410	479	181	298	294	344	0	414	116	328	291	187	163	165	345	147	282	|
|438	479	390	87	425	437	280	340	367	170	375	157	89	151	349	393	191	355	173	229	423	353	466	273	223	172	346	391	235	427	457	347	310	210	69	115	242	313	161	371	414	0	323	301	133	238	565	253	197	273	444	|
|263	172	184	340	249	188	184	370	224	302	194	231	392	277	100	223	134	134	156	340	107	213	143	185	100	155	146	307	211	141	195	216	78	177	335	373	82	305	185	244	116	323	0	217	192	138	278	110	230	55	214	|
|473	373	116	258	127	405	36	520	68	389	92	145	321	165	314	430	215	117	234	447	245	409	311	40	193	183	98	495	67	202	199	49	280	102	353	276	202	463	157	70	328	301	217	0	205	286	485	269	106	220	167	|
|353	355	271	154	316	328	175	330	261	185	261	90	201	125	233	306	67	230	60	244	291	272	335	168	92	39	224	336	145	296	331	243	192	103	160	190	112	281	49	271	291	133	192	205	0	138	449	141	123	145	323	|
|216	251	300	286	361	200	250	242	320	168	302	220	322	261	115	168	80	250	77	202	242	136	261	247	93	123	255	211	247	278	329	306	83	200	225	323	88	180	167	337	187	238	138	286	138	0	328	28	243	88	340	|
|202	112	409	603	468	134	456	429	470	471	431	505	646	551	216	217	382	376	395	473	251	253	187	459	362	418	394	308	488	315	362	469	257	454	551	638	341	375	455	490	163	565	278	485	449	328	0	313	508	308	406	|
|218	229	276	294	337	188	233	266	299	195	279	217	334	260	97	171	77	225	83	230	214	143	235	230	78	119	231	226	235	250	302	286	60	189	246	330	68	203	163	317	165	253	110	269	141	28	313	0	235	61	315	|
|452	402	210	153	233	406	94	453	174	305	190	41	216	62	308	406	163	189	172	366	297	377	357	86	160	120	174	451	41	274	288	154	268	54	252	175	177	403	78	176	345	197	230	106	123	243	508	235	0	207	264	|
|254	210	215	297	278	199	184	328	242	248	220	198	345	244	101	210	81	164	102	288	162	190	195	183	54	110	171	280	197	191	241	230	62	155	280	332	33	264	147	261	147	273	55	220	145	88	308	61	207	0	253	|
|465	300	54	417	69	372	170	581	106	487	75	295	479	325	307	431	298	95	324	536	160	426	219	178	263	288	99	520	223	92	47	120	292	234	482	439	258	516	284	120	282	444	214	167	323	340	406	315	264	253	0	|

--------------------------------------------------------------------------------
Building model...
	using lazy and cut (CVRPSEP package)
Solving IRP LP...
--------------------------------------------------------------------------------

Gurobi 9.1.0 (linux64) logging started Fri Jan 29 00:26:57 2021

Gurobi Optimizer version 9.1.0 build v9.1.0rc0 (linux64)
Thread count: 32 physical cores, 32 logical processors, using up to 2 threads
Optimize a model with 1740 rows, 16716 columns and 38184 nonzeros
Model fingerprint: 0x8dc753ac
Variable types: 804 continuous, 15912 integer (612 binary)
Coefficient statistics:
  Matrix range     [1e+00, 1e+03]
  Objective range  [1e-02, 6e+02]
  Bounds range     [1e+00, 3e+02]
  RHS range        [1e+01, 7e+03]
Presolve removed 198 rows and 45 columns
Presolve time: 0.06s
Presolved: 1542 rows, 16671 columns, 36103 nonzeros
Variable types: 759 continuous, 15912 integer (15312 binary)

Root relaxation: objective 3.473436e+03, 1932 iterations, 0.07 seconds

    Nodes    |    Current Node    |     Objective Bounds      |     Work
 Expl Unexpl |  Obj  Depth IntInf | Incumbent    BestBd   Gap | It/Node Time

     0     0 3473.43557    0  168          - 3473.43557      -     -    0s
     0     0 3686.43093    0  193          - 3686.43093      -     -    0s
     0     0 3712.74828    0  190          - 3712.74828      -     -    0s
     0     0 3713.22212    0  198          - 3713.22212      -     -    0s
     0     0 4412.24860    0  246          - 4412.24860      -     -    1s
     0     0 4455.49385    0  258          - 4455.49385      -     -    1s
     0     0 4459.87133    0  259          - 4459.87133      -     -    1s
     0     0 4460.20376    0  266          - 4460.20376      -     -    1s
     0     0 4579.95401    0  273          - 4579.95401      -     -    1s
     0     0 4588.06807    0  270          - 4588.06807      -     -    2s
     0     0 4592.34782    0  293          - 4592.34782      -     -    2s
     0     0 4595.71514    0  285          - 4595.71514      -     -    2s
     0     0 4595.99348    0  302          - 4595.99348      -     -    2s
     0     0 4685.48129    0  344          - 4685.48129      -     -    3s
     0     0 4690.70605    0  364          - 4690.70605      -     -    3s
     0     0 4692.47348    0  316          - 4692.47348      -     -    3s
     0     0 4692.64289    0  308          - 4692.64289      -     -    3s
     0     0 4717.09889    0  329          - 4717.09889      -     -    4s
     0     0 4725.08322    0  347          - 4725.08322      -     -    5s
     0     0 4730.12668    0  404          - 4730.12668      -     -    5s
     0     0 4730.57306    0  387          - 4730.57306      -     -    5s
     0     0 4754.45815    0  339          - 4754.45815      -     -    6s
     0     0 4765.81887    0  295          - 4765.81887      -     -    6s
     0     0 4774.81622    0  363          - 4774.81622      -     -    7s
     0     0 4782.53685    0  380          - 4782.53685      -     -    7s
     0     0 4783.50304    0  363          - 4783.50304      -     -    7s
     0     0 4794.75792    0  339          - 4794.75792      -     -    8s
     0     0 4799.19610    0  427          - 4799.19610      -     -    9s
     0     0 4800.07928    0  405          - 4800.07928      -     -    9s
     0     0 4816.22277    0  462          - 4816.22277      -     -    9s
     0     0 4824.08737    0  431          - 4824.08737      -     -   10s
     0     0 4827.28199    0  501          - 4827.28199      -     -   10s
     0     0 4830.03706    0  513          - 4830.03706      -     -   10s
     0     0 4830.46885    0  523          - 4830.46885      -     -   10s
     0     0 4834.95999    0  346          - 4834.95999      -     -   11s
     0     0 4835.36437    0  378          - 4835.36437      -     -   11s
     0     0 4845.37005    0  408          - 4845.37005      -     -   12s
     0     0 4847.38244    0  277          - 4847.38244      -     -   13s
     0     2 4847.69747    0  272          - 4847.69747      -     -   17s
    11    15 4902.24564    4  316          - 4897.39399      -   713   20s
    48    53 4998.59720   15  139          - 4897.39399      -   435   25s
    93   100 5388.52657   33  230          - 4897.39399      -   375   30s
   213   216 5408.63300   27  301          - 4897.39399      -   233   35s
   266   295 7045.63299  131   81          - 4897.39399      -   205   41s
   340   339 4920.19290    5  432          - 4897.40225      -   182   45s
   379   381 5115.28592   17  272          - 4897.40225      -   193   50s
   438   460 5498.83357   36  166          - 4897.40225      -   195   55s
   518   559 5766.85581   56  128          - 4897.40225      -   183   60s
   714   796 6558.01883  105   67          - 4897.40225      -   149   66s
   933  1072 7038.76889  152   38          - 4897.40225      -   126   72s
  1106  1074 10140.8000  335    4          - 4897.40225      -   109   75s
  1174  1100 6414.61872  104  233          - 4905.62664      -   106   80s
  1182  1105 6025.89263   74  592          - 4905.62664      -   106   85s
  1189  1110 4911.12547    6  402          - 4905.62664      -   105   90s
  1193  1113 5657.10731   48  556          - 4906.44861      -   105   95s
  1200  1117 8134.39657  231  484          - 4911.99046      -   104  100s
  1202  1119 7274.83615  180  479          - 4912.55688      -   104  105s
  1203  1119 8532.84122  276  479          - 4912.55688      -   104  110s
  1204  1123 4914.57010   14  453          - 4912.61891      -   122  116s
  1206  1124 4915.08378   15  504          - 4915.08378      -   122  121s
  1210  1127 4921.42806   16  380          - 4916.87418      -   125  125s
  1218  1133 4943.14107   18  389          - 4921.57815      -   129  130s
  1236  1144 4971.13814   21  514          - 4921.57815      -   135  136s
  1257  1160 5086.12698   24  272          - 4921.57815      -   142  141s
  1280  1180 5105.65086   27  285          - 4921.57815      -   145  145s
  1313  1202 5192.68607   31  312          - 4921.57815      -   149  151s
  1351  1227 5230.19144   35  288          - 4921.57815      -   152  155s
  1387  1255 5283.54511   39  339          - 4921.57815      -   156  160s
  1445  1301 5322.41288   43  401          - 4921.57815      -   159  165s
  1515  1296 5400.46865   48  378          - 4921.57815      -   161  171s
  1524  1304 5502.29852   51  386          - 4921.57815      -   166  176s
  1536  1313 5486.40170   55  372          - 4921.57815      -   170  180s
  1557  1327 5602.91426   63  321          - 4921.57815      -   176  186s
  1571  1332 5645.12541   67  330          - 4921.57815      -   179  192s
  1582  1346 5683.57324   70  297          - 4921.57815      -   182  196s
  1604  1362 5724.62787   77  262          - 4921.57815      -   185  201s
  1635  1395 5886.41961   89  103          - 4921.57815      -   189  206s
  1665  1406 6212.25396  100  168          - 4921.57815      -   191  212s
  1692  1416 6341.78166  111  135          - 4921.57815      -   194  215s
  1717  1461 6432.95861  119   76          - 4921.57815      -   196  221s
  1751  1497 6708.17966  133  106          - 4921.57815      -   197  225s
  1798  1548 7186.59597  155   53          - 4921.57815      -   197  230s
  1891  1586 8127.81215  198   17          - 4921.57815      -   193  235s
  1954  1601 9276.24535  227   37          - 4921.57815      -   190  240s
  2018  1600 10362.8967  247   18          - 4933.44361      -   186  245s
  2058  1622 5014.97400   20  611          - 4933.44361      -   187  251s
  2070  1635 5039.92966   21  546          - 4933.44361      -   189  255s
  2120  1686 5095.04065   26  317          - 4933.44361      -   190  263s
  2154  1716 5165.91621   36  252          - 4933.44361      -   190  267s
  2196  1766 5254.41750   43  188          - 4933.44361      -   189  272s
  2260  1807 5445.08366   51  186          - 4933.44361      -   187  279s
  2327  1785 7458.13836  179   52          - 4933.44361      -   185  280s
  2334  1847 5433.60861   58  216          - 4933.44361      -   185  285s
  2422  1849 5487.89023   67  141          - 4933.44361      -   182  291s
  2453  1880 5760.09453   82  124          - 4933.44361      -   182  296s
  2494  1945 5712.56451  106   53          - 4933.44361      -   182  302s
  2573  1983 6118.89412  148   90          - 4933.44361      -   180  308s
  2637  2107 6460.79768  172   22          - 4933.44361      -   179  315s
  2790  2059 8417.04167  228    7          - 4940.76395      -   174  322s
  2805  2068 5023.99798   20  526          - 4940.76395      -   176  327s
  2819  2080 5073.11142   26  324          - 4940.76395      -   177  332s
  2835  2099 5145.16961   34  296          - 4940.76395      -   179  338s
  2860  2116 5236.29100   44  197          - 4940.76395      -   180  343s
  2885  2140 5334.39896   49  182          - 4940.76395      -   182  349s
  2917  2174 5472.98617   62  205          - 4940.76395      -   183  355s
  2962  2236 5509.61340   72  173          - 4940.76395      -   184  362s
  3039  2341 5710.95143   97  130          - 4940.76395      -   182  370s
  3170  2549 5825.57159  128  119          - 4940.76395      -   180  383s
  3248  2523 6126.08881  172   52          - 4940.76395      -   177  385s
  3476  2713 6145.61724  201   68          - 4940.76395      -   168  397s
  3628  2662 7794.98143  202   12          - 4940.76395      -   163  400s
  3760  2800 7346.70735  285   77          - 4940.76395      -   159  430s
  3948  2747 9365.21462  372   20          - 4946.24958      -   155  443s
  3992  2752 5160.69441   24  382          - 4946.24958      -   156  451s
  4011  2764 5118.80801   25  453          - 4946.24958      -   158  459s
  4030  2783 5126.38364   31  463          - 4946.24958      -   159  466s
  4055  2816 5254.48911   38  404          - 4946.24958      -   161  473s
  4096  2871 5386.75333   53  205          - 4946.24958      -   163  481s
  4165  2982 5656.62506   83   84          - 4946.24958      -   163  492s
  4282  2943 6057.08420  146   45          - 4946.24958      -   161  495s
  4299  3164 6118.42217  148   53          - 4946.24958      -   162  506s
  4494  3099 7117.80784  273   38          - 4946.24958      -   158  510s
  4526  3132 7184.36182  286   37          - 4952.04098      -   158  519s
  4539  3127 7202.49912  299   56          - 4952.04098      -   158  520s
  4589  3157 5072.20329   25  495          - 4952.04098      -   159  529s
  4626  3208 5211.97633   35  340          - 4952.04098      -   161  537s
  4677  3279 5383.44451   48  261          - 4952.04098      -   163  547s
  4727  3279 5954.04251   78  164          - 4952.04098      -   164  557s
  4748  3375 5540.20009   69  226          - 4952.04098      -   164  566s
  4844  3565 5871.49076  108   90          - 4952.04098      -   165  578s
  4922  3565 6028.18718  153   51          - 4952.04098      -   164  580s
  5034  4039 6062.40558  186   67          - 4952.97846      -   163  595s
  5273  4039 7297.47212  310   33          - 4952.97846      -   158  600s
  5536  4343 5018.03928   21  334          - 4952.97846      -   155  618s
  5643  4343 7334.23934  269    8          - 4952.97846      -   154  620s
  5876  4369 5129.33436   30  304          - 4952.97846      -   149  634s
  5902  4399 5204.91411   41  390          - 4952.97846      -   151  646s
  5932  4433 5477.92868   52  189          - 4952.97846      -   153  657s
  5966  4492 5316.98480   62  235          - 4952.97846      -   155  669s
  6002  4492 5538.83745   53  167          - 4952.97846      -   156  670s
  6027  4635 5396.87322   78  144          - 4952.97846      -   156  682s
  6146  4635 5819.43810  110   84          - 4952.97846      -   157  685s
  6172  4842 5501.42795  109  247          - 4952.97846      -   156  700s
  6392  5300 5568.44930  134   48          - 4952.97846      -   155  719s
  6405  5300 5589.61772  142   67          - 4952.97846      -   155  720s
  6705  5300 8071.20970  280   11          - 4952.97846      -   151  725s
  6903  5636 7034.95896  259   54          - 4956.46377      -   148  742s
  7071  5636 8020.45124  341   41          - 4956.46377      -   146  745s
  7362  5712 5122.29914   19  573          - 4956.46377      -   143  762s
  7424  5924 5144.99331   23  511          - 4956.46377      -   145  781s
  7579  5924 6327.99912  101   33          - 4956.46377      -   145  785s
  7636  6334 5413.88600   54  185          - 4956.46377      -   145  807s
  7764  6334 6724.46390  157    7          - 4956.46377      -   145  810s
  7989  6335 8228.84286  337    3          - 4956.46377      -   142  815s
  8077  6538 5718.03091   92  210          - 4956.46377      -   141  829s
  8090  6538 5751.86301  101  196          - 4956.46377      -   141  830s
  8282  6806 6371.48033  204  127          - 4960.46083      -   141  850s
  8510  6806 8127.46786  353   72          - 4960.46083      -   138  855s
  8609  7123 5114.94019   27  343          - 4960.46083      -   139  873s
  8767  7123 6132.40784  142  119          - 4960.46083      -   140  876s
  8897  7123 6983.39537  225   80          - 4960.46083      -   139  888s
  8928  7419 5682.81471   70  154          - 4960.46083      -   138  903s
  9019  7419 6020.87754  124   80          - 4960.46083      -   138  905s
  9262  7547 6422.70700  196   77          - 4963.98268      -   137  923s
  9335  7547 7281.85216  233   82          - 4963.98268      -   137  925s
  9426  7712 5138.44344   28  284          - 4963.98268      -   138  940s
  9591  8175 5681.90174   62  149          - 4963.98268      -   138  961s
  9937  8175 6836.13145  235   87          - 4963.98268      -   137  968s
 10030  8175 7532.95225  287   54          - 4963.98268      -   136  970s
 10058  8549 6555.88669  180   24          - 4964.89830      -   135  986s
 10263  8554 8623.43000  278    9          - 4964.89830      -   133  990s
 10516  8671 5135.37534   29  579          - 4964.89830      -   132 1007s
 10631  8907 5441.32457   43  176          - 4964.89830      -   133 1024s
 10644  8907 5469.47257   50  155          - 4964.89830      -   133 1025s
 10869  8907 6479.43859  163   93          - 4964.89830      -   133 1030s
 10897  9230 5988.35365  114   84          - 4965.72040      -   133 1049s
 10910  9230 5961.63963  128  114          - 4965.72040      -   133 1050s
 11133  9230 6953.18949  278   90          - 4965.72040      -   132 1055s
 11270  9300 5014.12579   24  663          - 4965.84298      -   131 1071s
 11340  9462 5142.27608   29  497          - 4965.84298      -   133 1086s
 11502  9607 5394.69960   37  282          - 4965.84298      -   133 1105s
 11672  9648 5491.85422   45  371          - 4965.84298      -   134 1124s
 11697  9648 5137.87358   22  548          - 4965.84298      -   134 1125s
 11713  9748 5646.43817   62  202          - 4965.84298      -   135 1139s
 11752  9748 5820.85758   84   98          - 4965.84298      -   135 1140s
 11813 10014 5916.34748  102   50          - 4971.14991      -   136 1159s
 11826 10014 5984.87977  112   25          - 4971.14991      -   136 1160s
 12121 10144 5192.58169   29  289          - 4971.14991      -   135 1179s
 12150 10144 5323.36845   48  160          - 4971.14991      -   135 1180s
 12247 10457 5493.25224   65  187          - 4971.14991      -   136 1202s
 12351 10457 5993.69455  114  122          - 4971.14991      -   137 1205s
 12586 10606 6296.85835  119  105          - 4974.23107      -   136 1226s
 12763 10650 5204.53120   29  390          - 4974.23107      -   136 1243s
 12807 10715 5405.76657   44  232          - 4974.23107      -   137 1257s
 12872 10891 5640.28235   57  119          - 4974.23107      -   138 1274s
 12924 10891 5920.84779   85  159          - 4974.23107      -   139 1275s
 13048 11445 6006.15676   97  102          - 4974.23107      -   139 1296s
 13204 11445 6725.00892  192   28          - 4974.23107      -   138 1314s
 13243 11445 6896.73539  204   36          - 4974.23107      -   138 1315s
 13441 11455 6303.98244  166   84          - 4974.23107      -   137 1320s
 13654 11645 8270.53110  236   46          - 4976.30923      -   136 1342s
 13806 11654 9775.32000  276    2          - 4976.30923      -   135 1345s
 13929 11886 5244.12776   27  333          - 4976.30923      -   135 1363s
 14022 11886 5833.73537  104  128          - 4976.30923      -   136 1365s
 14133 12055 5354.08588   38  352          - 4976.30923      -   135 1382s
 14238 12055 7058.11930  228   87          - 4976.30923      -   135 1385s
 14368 12093 5481.85341   53  316          - 4976.30923      -   135 1401s
 14406 12159 5727.67858   63  170          - 4976.30923      -   136 1414s
 14445 12159 5750.33801   92   47          - 4976.30923      -   136 1415s
 14472 12417 5773.90687   94  100          - 4976.30923      -   137 1431s
 14641 12417 6515.27531  180   86          - 4976.30923      -   136 1435s
 14732 12491 7320.17462  221   44          - 4976.64455      -   137 1452s
 14818 12869 5111.79037   29  507          - 4976.64455      -   137 1472s
 14917 12869 6044.06148  138   61          - 4976.64455      -   137 1475s
 15164 12871 6882.05744  330    8          - 4976.64455      -   135 1480s
 15200 12958 5387.43915   41  161          - 4976.64455      -   135 1493s
 15268 12958 9131.48789  340   44          - 4976.64455      -   136 1495s
 15328 13036 5633.71120   58   87          - 4976.64455      -   136 1509s
 15341 13036 5780.46942   62   95          - 4976.64455      -   136 1510s
 15406 13167 5782.83649   76  101          - 4976.64455      -   137 1526s
 15543 13481 6666.28119  110   25          - 4983.74939      -   137 1550s
 15796 13484 7185.34000  291    6          - 4983.74939      -   136 1555s
 15904 13640 5067.71940   25  535          - 4983.74939      -   136 1570s
 16064 13850 5149.96729   31  407          - 4983.74939      -   137 1590s
 16288 13850 8211.85448  213   65          - 4983.74939      -   136 1595s
 16335 13906 5376.30072   44  118          - 4983.74939      -   136 1607s
 16391 13984 5655.14513   59   30          - 4983.74939      -   137 1622s
 16469 14213 6128.62441   87  108          - 4983.74939      -   138 1641s
 16627 14213 6765.95669  190   55          - 4983.74939      -   138 1645s
 16729 14242 7504.08905  231   33          - 4987.05682      -   137 1671s
 16804 14326 5125.50369   31  522          - 4987.05682      -   138 1685s
 16882 14552 5334.78969   42  289          - 4987.05682      -   139 1703s
 16957 14552 6634.38568  145   80          - 4987.05682      -   139 1705s
 17150 14604 5483.31714   49  230          - 4987.05682      -   138 1728s
 17202 14661 5860.29062   68  160          - 4987.05682      -   139 1741s
 17259 14992 6104.86211   90  172          - 4987.05682      -   140 1760s
 17480 14994 7250.50000  246    4          - 4987.05682      -   139 1765s
 17597 15043 infeasible  234               - 4987.81335      -   139 1780s
 17669 15183 5366.22932   25  306          - 4987.81335      -   140 1797s
 17809 15715 5636.43300   45  211          - 4987.81335      -   140 1822s
 18055 15715 7337.99274  187   86          - 4987.81335      -   140 1827s
 18201 15715 8035.89239  249   46          - 4987.81335      -   139 1830s
 18366 15833 6718.86712  113  104          - 4992.80835      -   138 1848s
 18439 15833 6920.95874  163   80          - 4992.80835      -   138 1850s
 18555 15929 5119.76216   22  517          - 4993.74601      -   138 1867s
 18644 16108 5376.83147   32  325          - 4993.74601      -   139 1888s
 18710 16108 6034.14403   99  105          - 4993.74601      -   140 1890s
 18879 16171 5489.81832   49  273          - 4993.74601      -   139 1908s
 18942 16294 5772.69230   72  152          - 4993.74601      -   140 1931s
 19065 16463 6156.04448  123   55          - 4995.08794      -   140 1951s
 19262 16536 5203.24934   30  498          - 4995.08794      -   140 1969s
 19334 16728 5410.00034   43  379          - 4995.08794      -   141 1989s
 19421 16728 6086.69843  102   51          - 4995.08794      -   141 1991s
 19526 17052 5556.05620   60  304          - 4995.08794      -   141 2015s
 19777 17054 7537.20697  310   12          - 4995.08794      -   140 2020s
 19948 17165 5832.13072   77   48          - 4995.08794      -   139 2036s
 20044 17470 6108.65956  121  122          - 4998.18931      -   140 2057s
 20176 17470 7327.31663  205   53          - 4998.18931      -   140 2060s
 20445 17585 5121.71973   24  405          - 4999.95172      -   139 2077s
 20531 17765 5554.14462   58  148          - 4999.95172      -   139 2096s
 20715 17981 6346.33644  125  125          - 5000.85571      -   140 2120s
 21054 18046 5300.50641   26  310          - 5002.63572      -   139 2140s
 21121 18129 5351.07320   31  435          - 5002.63572      -   140 2156s
 21204 18268 5442.81387   39  445          - 5002.63572      -   140 2174s
 21241 18268 6114.57782   70  145          - 5002.63572      -   141 2175s
 21371 18348 5774.45962   48  251          - 5002.63572      -   141 2190s
 21453 18489 5823.62926   61   81          - 5002.63572      -   142 2207s
 21594 18827 6208.92899   93  162          - 5006.54746      -   142 2230s
 21810 18827 7533.89881  275   17          - 5006.54746      -   141 2235s
 22033 18856 5085.54731   28  622          - 5006.71244      -   141 2253s
 22064 18936 5514.68026   39  288          - 5006.71244      -   141 2267s
 22144 19165 5889.30279   68  102          - 5006.71244      -   142 2286s
 22314 19165 6634.49115  173  108          - 5006.71244      -   142 2290s
 22385 19219 7558.79660  197  102          - 5006.85957      -   142 2307s
 22455 19261 5211.79679   29  494          - 5006.85957      -   142 2328s
 22497 19449 5257.81028   33  526          - 5006.85957      -   143 2351s
 22671 19449 7425.72222  171   54          - 5006.85957      -   143 2355s
 22724 19494 5511.71494   44  326          - 5006.85957      -   143 2372s
 22769 19548 5864.93111   62  206          - 5006.85957      -   143 2389s
 22799 19548 6040.90318   74  113          - 5006.85957      -   143 2390s
 22823 19675 6245.26771   82  173          - 5006.85957      -   144 2405s
 22950 20234 6632.74495  146   58          - 5008.58927      -   144 2436s
 23186 20234 7332.81488  281   29          - 5008.58927      -   143 2440s
 23475 20249 9778.04101  368    7          - 5008.58927      -   141 2445s
 23601 20312 5150.12626   30  590          - 5008.58927      -   141 2463s
 23640 20372 5166.35191   34  509          - 5008.58927      -   142 2478s
 23700 20495 5336.04642   47  489          - 5008.58927      -   142 2496s
 23823 20856 5486.47037   57  407          - 5008.58927      -   142 2519s
 23837 20856 5584.18029   66  215          - 5008.58927      -   143 2520s
 24072 20856 7697.54541  212   50          - 5008.58927      -   142 2525s
 24214 20927 5636.28970   72  260          - 5008.58927      -   141 2540s
 24287 21084 6198.87371   95  151          - 5008.58927      -   142 2557s
 24444 21290 6503.05811  135   76          - 5008.58927      -   142 2579s
 24483 21290 6653.72382  152   56          - 5008.58927      -   142 2580s
 24670 21602 7326.45483  196   49          - 5011.16912      -   142 2602s
 24801 21602 7879.15324  293   29          - 5011.16912      -   142 2605s
 25073 21695 5231.92684   23  506          - 5011.16912      -   141 2622s
 25140 21786 5314.96148   33  379          - 5011.16912      -   142 2638s
 25231 21909 5487.06887   39  355          - 5011.16912      -   142 2658s
 25301 21912 6473.67790  161   71          - 5011.16912      -   142 2660s
 25386 21957 5717.32354   46  243          - 5011.16912      -   142 2676s
 25433 22021 infeasible   51               - 5011.16912      -   143 2692s
 25499 22195 5977.34741   57  145          - 5011.16912      -   144 2710s
 25690 22393 6020.73631   69  147          - 5011.16912      -   144 2733s
 25755 22393 6257.10040  103   27          - 5011.16912      -   144 2735s
 25930 22589 6257.19306  104   20          - 5011.16912      -   144 2755s
 26115 22980 6661.21052  179   12          - 5014.99228      -   144 2779s
 26167 22980 6669.34632  230   19          - 5014.99228      -   144 2780s
 26442 22983 9002.22846  410    8          - 5014.99228      -   143 2785s
 26544 23267 5211.36621   27  320          - 5014.99228      -   143 2812s
 26830 23284 5395.99981   38  374          - 5014.99228      -   142 2831s
 26876 23326 5572.92939   53  346          - 5014.99228      -   143 2847s
 26918 23415 5889.86128   66  171          - 5014.99228      -   143 2864s
 26944 23415 6031.66856   84   91          - 5014.99228      -   143 2865s
 27007 23695 6154.39837   96  114          - 5016.44138      -   143 2888s
 27098 23695 6628.79082  143   43          - 5016.44138      -   143 2890s
 27303 24005 5089.17517   22  717          - 5016.44138      -   143 2915s
 27642 24051 5258.82362   28  690          - 5016.44138      -   143 2937s
 27717 24143 5245.14664   32  354          - 5016.44138      -   143 2956s
 27795 24270 5649.23113   55  103          - 5016.44138      -   143 2975s
 27922 24512 6203.18764  103   82          - 5017.78165      -   144 2997s
 28065 24512 6425.92222  210   15          - 5017.78165      -   143 3000s
 28191 24644 5241.93975   29  398          - 5017.78165      -   144 3027s
 28324 24942 5662.10096   57  137          - 5017.78165      -   144 3051s
 28464 24942 6067.01671  146   38          - 5017.78165      -   144 3055s
 28692 25086 6804.66169  113   82          - 5018.05041      -   143 3093s
 28765 25086 6751.03493  164   76          - 5018.05041      -   143 3095s
 28865 25133 5143.26521   22  501          - 5018.05041      -   143 3112s
 28914 25242 5492.94144   37  218          - 5018.05041      -   144 3127s
 29023 25479 5908.71914   74   20          - 5019.45101      -   144 3149s
 29062 25479 6256.86805   92   24          - 5019.45101      -   144 3150s
 29278 25575 5262.42863   25  530          - 5019.45101      -   144 3168s
 29368 25849 5315.41740   36  309          - 5019.45101      -   144 3188s
 29432 25849 6745.25018  137   69          - 5019.45101      -   145 3190s
 29652 25997 5686.63617   49  240          - 5019.45101      -   144 3209s
 29691 25997 5935.65208   68   71          - 5019.45101      -   144 3210s
 29852 26185 6147.72816   79  176          - 5019.45101      -   144 3230s
 30036 26386 6850.79981  192   14          - 5021.32476      -   144 3252s
 30171 26392 8454.66283  279   18          - 5021.32476      -   144 3255s
 30311 26526 5342.99344   32  352          - 5021.32476      -   144 3271s
 30426 26835 5761.79800   54  149          - 5021.32476      -   144 3296s
 30607 26835 6607.71025  159   49          - 5021.32476      -   144 3300s
 30796 26891 6333.31718   90  130          - 5024.50350      -   143 3321s
