




arguments: ./build/mirp_solver -f ./input/orig_exec_347.cfg
Current dir: /scratch/gui/bnc_mirp
File verbosity level: 9
date       time         ( uptime  ) [ thread name/id ]                   file:line     v| 
2021-01-23 13:23:17.037 (   0.050s) [main thread     ]             loguru.cpp:789   INFO| Logging to './output/vi_qua/OU/V4/Original/execution_23_01_2021_13_23_17.log', mode: 'a', verbosity: 9
--------------------------------------------------------------------------------
Parameters
                           instance_path           ./input/Instances/Original/3/
                            model_policy                                       1
                             nb_vehicles                                       4
                              output_dir         ./output/vi_qua/OU/V4/Original/
                            sec_strategy                                       1
                       solver_nb_threads                                       2
                         solver_show_log                                    true
                       solver_time_limit                                    3600
                              use_vi_cos                                   false
                              use_vi_cus                                   false
                         use_vi_hc1_full                                   false
                         use_vi_hc1_half                                   false
                      use_vi_hc1_quarter                                   false
                              use_vi_hc2                                   false
                              use_vi_hc3                                   false
                         use_vi_lex_full                                   false
                         use_vi_lex_half                                   false
                      use_vi_lex_quarter                                   false
                              use_vi_qua                                    true
                               use_vi_vc                                   false
                               use_vi_vr                                   false
--------------------------------------------------------------------------------
executing instance: ./input/Instances/Original/3/absH3low_2n5.dat
--------------------------------------------------------------------------------
Instance details
n	6
H	3
C	237
Li:
[0, 0, 0, 0, 0, 0, ]
Ui:
[0, 93, 180, 51, 114, 24, ]
Distance matrix:
|0	170	318	35	112	235	|
|170	0	311	205	258	301	|
|318	311	0	326	278	137	|
|35	205	326	0	89	230	|
|112	258	278	89	0	160	|
|235	301	137	230	160	0	|

--------------------------------------------------------------------------------
Building model...
	using lazy and cut (CVRPSEP package)
Solving IRP LP...
--------------------------------------------------------------------------------

Gurobi 9.1.0 (linux64) logging started Sat Jan 23 13:23:17 2021

Gurobi Optimizer version 9.1.0 build v9.1.0rc0 (linux64)
Thread count: 32 physical cores, 32 logical processors, using up to 2 threads
Optimize a model with 210 rows, 336 columns and 1149 nonzeros
Model fingerprint: 0x57be50e6
Variable types: 84 continuous, 252 integer (72 binary)
Coefficient statistics:
  Matrix range     [1e+00, 2e+02]
  Objective range  [1e-02, 3e+02]
  Bounds range     [1e+00, 2e+02]
  RHS range        [1e+01, 5e+02]
Presolve removed 24 rows and 23 columns
Presolve time: 0.01s

Explored 0 nodes (0 simplex iterations) in 0.01 seconds
Thread count was 1 (of 32 available processors)

Solution count 0

Model is infeasible
Best objective -, best bound -, gap -

User-callback calls 34, time in user-callback 0.00 sec

Computing Irreducible Inconsistent Subsystem (IIS)...

           Constraints          |            Bounds           |  Runtime
      Min       Max     Guess   |   Min       Max     Guess   |
--------------------------------------------------------------------------
        0       210         -         0       464         -           0s
       30        30         -        49        49         -           4s

IIS computed: 30 constraints, 49 bounds
IIS runtime: 3.52 seconds
================================================================================
executing instance: ./input/Instances/Original/3/absH3high_5n30.dat
--------------------------------------------------------------------------------
Instance details
n	31
H	3
C	2296
Li:
[0, 0, 0, 0, 0, 0, 0, 0, 0, 0, 0, 0, 0, 0, 0, 0, 0, 0, 0, 0, 0, 0, 0, 0, 0, 0, 0, 0, 0, 0, 0, ]
Ui:
[0, 80, 90, 297, 28, 264, 123, 192, 112, 32, 72, 88, 294, 129, 126, 105, 110, 237, 246, 92, 72, 147, 54, 96, 128, 96, 84, 28, 74, 196, 192, ]
Distance matrix:
|0	87	302	65	389	171	219	120	412	339	129	63	169	401	383	158	393	161	246	275	64	287	345	235	13	274	106	201	85	358	135	|
|87	0	334	128	402	212	301	204	465	384	187	145	232	424	454	238	475	245	289	352	80	307	352	321	81	352	20	261	170	376	215	|
|302	334	0	239	113	132	237	334	157	70	404	263	162	105	227	229	339	251	65	217	259	53	107	352	293	220	339	134	270	75	235	|
|65	128	239	0	330	107	175	130	348	275	174	40	107	339	326	114	351	125	181	224	58	228	290	222	58	224	143	138	65	297	92	|
|389	402	113	330	0	226	349	438	210	151	502	360	269	48	316	339	441	362	175	328	335	102	55	465	377	330	401	245	371	37	342	|
|171	212	132	107	226	0	169	214	253	173	276	134	64	233	261	130	326	153	77	188	133	125	192	264	162	190	220	68	145	193	125	|
|219	301	237	175	349	169	0	157	257	223	244	157	105	334	180	62	175	61	177	63	233	264	334	118	221	61	317	112	136	312	85	|
|120	204	334	130	438	214	157	0	402	348	88	90	173	438	336	115	307	100	269	220	172	338	406	122	130	218	224	204	69	403	101	|
|412	465	157	348	210	253	257	402	0	88	486	359	245	166	129	287	266	303	178	204	386	208	239	370	406	207	473	212	354	187	304	|
|339	384	70	275	151	173	223	348	88	0	427	291	179	120	166	234	290	254	96	187	306	123	166	342	332	190	391	145	291	119	247	|
|129	187	404	174	502	276	244	88	486	427	0	142	248	508	424	200	390	187	342	308	193	400	464	192	142	306	207	281	136	469	182	|
|63	145	263	40	360	134	157	90	359	291	142	0	114	366	321	95	331	99	202	212	90	258	323	186	65	211	163	148	27	327	72	|
|169	232	162	107	269	64	105	173	245	179	248	114	0	266	222	71	268	94	97	131	155	173	244	203	164	132	245	34	113	233	73	|
|401	424	105	339	48	233	334	438	166	120	508	366	266	0	280	332	409	355	169	305	353	117	96	452	391	308	425	237	374	49	339	|
|383	454	227	326	316	261	180	336	129	166	424	321	222	280	0	231	137	238	208	116	376	277	331	272	381	118	467	197	307	285	253	|
|158	238	229	114	339	130	62	115	287	234	200	95	71	332	231	0	238	23	164	118	171	243	314	134	159	117	255	95	77	302	23	|
|393	475	339	351	441	326	175	307	266	290	390	331	268	409	137	238	0	232	300	138	408	383	445	204	395	136	492	258	308	406	260	|
|161	245	251	125	362	153	61	100	303	254	187	99	94	355	238	23	232	0	187	123	183	267	338	111	164	121	262	117	77	325	34	|
|246	289	65	181	175	77	177	269	178	96	342	202	97	169	208	164	300	187	0	168	210	87	157	290	238	171	296	70	206	138	170	|
|275	352	217	224	328	188	63	220	204	187	308	212	131	305	116	118	138	123	168	0	279	255	322	166	275	3	367	120	195	291	141	|
|64	80	259	58	335	133	233	172	386	306	193	90	155	353	376	171	408	183	210	279	0	236	289	276	51	279	90	182	117	307	150	|
|287	307	53	228	102	125	264	338	208	123	400	258	173	117	277	243	383	267	87	255	236	0	71	374	276	257	308	153	270	71	245	|
|345	352	107	290	55	192	334	406	239	166	464	323	244	96	331	314	445	338	157	322	289	71	0	445	334	325	350	224	337	54	315	|
|235	321	352	222	465	264	118	122	370	342	192	186	203	452	272	134	204	111	290	166	276	374	445	0	243	164	341	221	159	428	142	|
|13	81	293	58	377	162	221	130	406	332	142	65	164	391	381	159	395	164	238	275	51	276	334	243	0	274	100	196	89	347	136	|
|274	352	220	224	330	190	61	218	207	190	306	211	132	308	118	117	136	121	171	3	279	257	325	164	274	0	367	122	194	294	140	|
|106	20	339	143	401	220	317	224	473	391	207	163	245	425	467	255	492	262	296	367	90	308	350	341	100	367	0	272	188	377	232	|
|201	261	134	138	245	68	112	204	212	145	281	148	34	237	197	95	258	117	70	120	182	153	224	221	196	122	272	0	146	208	103	|
|85	170	270	65	371	145	136	69	354	291	136	27	113	374	307	77	308	77	206	195	117	270	337	159	89	194	188	146	0	337	54	|
|358	376	75	297	37	193	312	403	187	119	469	327	233	49	285	302	406	325	138	291	307	71	54	428	347	294	377	208	337	0	306	|
|135	215	235	92	342	125	85	101	304	247	182	72	73	339	253	23	260	34	170	141	150	245	315	142	136	140	232	103	54	306	0	|

--------------------------------------------------------------------------------
Building model...
	using lazy and cut (CVRPSEP package)
Solving IRP LP...
--------------------------------------------------------------------------------

Gurobi 9.1.0 (linux64) logging started Sat Jan 23 13:23:20 2021

Gurobi Optimizer version 9.1.0 build v9.1.0rc0 (linux64)
Thread count: 32 physical cores, 32 logical processors, using up to 2 threads
Optimize a model with 1060 rows, 6436 columns and 15724 nonzeros
Model fingerprint: 0x1725d291
Variable types: 484 continuous, 5952 integer (372 binary)
Coefficient statistics:
  Matrix range     [1e+00, 6e+02]
  Objective range  [1e-01, 5e+02]
  Bounds range     [1e+00, 3e+02]
  RHS range        [1e+01, 4e+03]
Presolve removed 118 rows and 25 columns
Presolve time: 0.04s
Presolved: 942 rows, 6411 columns, 14573 nonzeros
Variable types: 459 continuous, 5952 integer (5592 binary)

Root relaxation: objective 9.007851e+03, 1155 iterations, 0.03 seconds

    Nodes    |    Current Node    |     Objective Bounds      |     Work
 Expl Unexpl |  Obj  Depth IntInf | Incumbent    BestBd   Gap | It/Node Time

     0     0 9007.85143    0  113          - 9007.85143      -     -    0s
     0     0 9288.61699    0  115          - 9288.61699      -     -    0s
     0     0 9299.64672    0  114          - 9299.64672      -     -    0s
     0     0 9661.74140    0  178          - 9661.74140      -     -    0s
     0     0 9670.05991    0  199          - 9670.05991      -     -    0s
     0     0 9672.04460    0  186          - 9672.04460      -     -    0s
     0     0 9672.04460    0  188          - 9672.04460      -     -    0s
     0     0 9844.98716    0  233          - 9844.98716      -     -    0s
     0     0 9847.48141    0  235          - 9847.48141      -     -    0s
     0     0 9847.51786    0  249          - 9847.51786      -     -    0s
     0     0 9919.23181    0  221          - 9919.23181      -     -    1s
     0     0 9926.22793    0  263          - 9926.22793      -     -    1s
     0     0 9950.18024    0  274          - 9950.18024      -     -    1s
     0     0 9950.49074    0  275          - 9950.49074      -     -    1s
     0     0 9961.29195    0  270          - 9961.29195      -     -    1s
     0     0 9962.07027    0  260          - 9962.07027      -     -    1s
     0     0 9973.46763    0  229          - 9973.46763      -     -    2s
     0     0 9976.09177    0  287          - 9976.09177      -     -    2s
     0     0 9978.50701    0  323          - 9978.50701      -     -    2s
     0     0 9982.90546    0  262          - 9982.90546      -     -    2s
     0     0 9983.52205    0  275          - 9983.52205      -     -    2s
     0     0 9987.96816    0  232          - 9987.96816      -     -    2s
     0     0 9989.63557    0  315          - 9989.63557      -     -    2s
     0     0 9990.50607    0  262          - 9990.50607      -     -    2s
     0     0 9996.17318    0  297          - 9996.17318      -     -    2s
     0     0 9996.17318    0  297          - 9996.17318      -     -    3s
     0     2 9996.49560    0  297          - 9996.49560      -     -    3s
    30    33 10091.6616    9  245          - 10001.0421      -   294    5s
   141   158 10486.7294   43  239          - 10001.0421      -   244   10s
   377   419 10861.2772   69  254          - 10001.0421      -   161   15s
   581   587 11760.3727  103  152          - 10001.0421      -   154   20s
   834   823 10065.9650    4  383          - 10003.2924      -   142   25s
   867   839 11329.8143   73  355          - 10036.4663      -   139   30s
   890   855 14666.2100  259  333          - 10083.4480      -   136   35s
   914   871 12567.1560  150  383          - 10090.7055      -   132   40s
   941   890 12077.6485  112  368          - 10090.7065      -   145   45s
   946   896 10092.7787   26  323          - 10092.7787      -   152   51s
   963   909 10097.2589   31  280          - 10097.2589      -   156   55s
  1008   942 10346.0071   42  173          - 10104.0324      -   164   60s
  1094  1005 10485.8584   60  205          - 10104.0324      -   170   65s
  1190  1073 10777.9731   78  241          - 10104.0324      -   173   70s
  1313  1164 10693.9234   97  220          - 10104.0324      -   174   75s
  1480  1306 10746.7396  114  200          - 10104.0324      -   171   80s
  1735  1490 10817.4476  129  216          - 10104.0324      -   158   85s
* 1836  1393             359    14284.610000 10104.0324  29.3%   153   87s
  1888  1397 10930.0212  144  175 14284.6100 10104.0324  29.3%   152   90s
  1939  1419 11273.0213  161  100 14284.6100 10104.0324  29.3%   156   95s
  1981  1461 11344.3228  174  155 14284.6100 10104.0324  29.3%   159  101s
  2038  1487 11465.7964  194  218 14284.6100 10104.0324  29.3%   160  105s
  2066  1507 11621.9191  202  193 14284.6100 10104.0324  29.3%   162  112s
  2093  1531 11617.3242  211  198 14284.6100 10104.0324  29.3%   164  115s
  2146  1576 11811.5043  228  150 14284.6100 10104.0324  29.3%   166  120s
  2228  1627 11906.4050  255  139 14284.6100 10104.0324  29.3%   169  126s
  2281  1664 11961.2119  270   91 14284.6100 10104.0324  29.3%   169  132s
  2331  1683 10983.0370  107  114 14284.6100 10104.0324  29.3%   169  135s
  2341  1710 12049.1805  289   89 14284.6100 10104.0324  29.3%   170  140s
  2371  1724 12060.0644  298   75 14284.6100 10104.0324  29.3%   170  147s
  2452  1821 12103.8642  324  107 14284.6100 10104.0324  29.3%   171  151s
  2555  1862 12733.4993  367   76 14284.6100 10104.0324  29.3%   170  155s
  2685  1935 10303.6164   29  303 14284.6100 10104.4069  29.3%   168  161s
  2741  1919 10392.4050   43  212 14284.6100 10104.4069  29.3%   169  165s
  2783  2020 10480.9560   48  269 14284.6100 10104.4069  29.3%   170  170s
  2928  2042 10677.4909   71  155 14284.6100 10104.4069  29.3%   169  179s
  2970  2097 10882.3614   90  121 14284.6100 10104.4069  29.3%   169  183s
  3039  2268 10942.4193  110  157 14284.6100 10104.4069  29.3%   169  186s
  3233  2470 11685.0330  159  100 14284.6100 10104.4069  29.3%   162  191s
  3499  2583 11923.4344  272    9 14284.6100 10108.5586  29.2%   154  197s
  3711  2627 10191.6314   36  319 14284.6100 10108.5586  29.2%   148  201s
  3775  2691 10263.6927   42  258 14284.6100 10108.5586  29.2%   148  205s
  3839  2877 10401.9944   55  199 14284.6100 10108.5586  29.2%   149  210s
  4025  3262 10598.5343  120   32 14284.6100 10109.0204  29.2%   145  216s
  4472  3303 10211.5970   33  286 14284.6100 10109.0457  29.2%   134  222s
  4513  3538 10798.3303   62  141 14284.6100 10109.0457  29.2%   136  226s
  4748  3904 12068.4221  191   50 14284.6100 10109.0662  29.2%   131  233s
  5151  3948 10192.2919   35  356 14284.6100 10109.0662  29.2%   122  239s
  5210  4011 10482.4060   53  248 14284.6100 10109.0662  29.2%   122  243s
  5273  4213 10948.2375   97  157 14284.6100 10114.1939  29.2%   123  249s
  5354  4213 11821.4915  178  122 14284.6100 10114.1939  29.2%   122  250s
  5530  4492 10783.4994   61   72 14284.6100 10114.2957  29.2%   122  260s
  5777  4640 10236.0194   31  303 14284.6100 10114.2957  29.2%   119  267s
  5925  4795 10323.2128   38  256 14284.6100 10114.2957  29.2%   119  273s
  6106  4800 10941.6846   52   84 14284.6100 10114.2957  29.2%   118  283s
  6111  4955 11090.5556   53  106 14284.6100 10114.2957  29.2%   118  288s
  6272  5301 12687.7973   96   91 14284.6100 10128.9769  29.1%   118  295s
  6729  5481 10337.2546   30  300 14284.6100 10131.2746  29.1%   114  301s
  6914  5662 11165.3901   78   93 14284.6100 10131.3127  29.1%   114  308s
  7147  5791 infeasible  220      14284.6100 10150.7592  28.9%   112  313s
  7280  5969 10632.8801   34  250 14284.6100 10150.7592  28.9%   113  320s
  7482  6307 10763.8594   57  182 14284.6100 10150.7592  28.9%   113  328s
  7698  6307 11700.9774  251   46 14284.6100 10150.7592  28.9%   112  330s
  7838  6590 10967.6746   93   97 14284.6100 10150.7592  28.9%   111  339s
  7908  6590 10525.1863   46  230 14284.6100 10150.7592  28.9%   112  340s
  8139  6826 11330.4050  128  101 14284.6100 10150.7592  28.9%   110  347s
  8375  7251 12452.7053  227   37 14284.6100 10160.7211  28.9%   111  354s
  8449  7251 12577.6521  264   62 14284.6100 10160.7211  28.9%   110  355s
  8848  7572 10771.5437   62  193 14284.6100 10162.3777  28.9%   109  364s
  8920  7572 12134.9410  134   78 14284.6100 10162.3777  28.9%   109  365s
  9206  7933 10424.2909   39  187 14284.6100 10164.3555  28.8%   107  372s
  9596  8209 10351.8075   31  295 14284.6100 10164.3555  28.8%   105  401s
  9872  8471 10812.1286   48  127 14284.6100 10164.3555  28.8%   105  409s
  9908  8471 11134.5260   60  133 14284.6100 10164.3555  28.8%   105  410s
 10196  8720 13013.6589  101   40 14284.6100 10166.5128  28.8%   104  417s
 10475  8940 10984.5371   67  143 14284.6100 10166.9895  28.8%   104  424s
 10555  8940 12302.1002  147   71 14284.6100 10166.9895  28.8%   104  425s
 10715  9169 10299.6288   28  335 14284.6100 10166.9895  28.8%   103  431s
 10955  9337 11408.4483   98  108 14284.6100 10168.8572  28.8%   103  438s
 11151  9464 10478.2428   36  336 14284.6100 10169.7277  28.8%   103  444s
 11263  9464 11025.3377   97  183 14284.6100 10169.7277  28.8%   104  445s
 11284  9734 11514.0802   81  254 14284.6100 10169.7473  28.8%   104  450s
 11588 10008 11316.6335  110  100 14284.6100 10171.5215  28.8%   103  458s
 11841 10008 11578.2240  190   74 14284.6100 10174.1343  28.8%   102  460s
 11894 10339 10622.4020   55  226 14284.6100 10174.1343  28.8%   102  465s
 12230 10486 12165.5535  227   71 14284.6100 10179.9661  28.7%   101  472s
 12405 10584 10475.7259   44  246 14284.6100 10180.1945  28.7%   101  479s
 12507 11075 11352.1184   75   24 14284.6100 10183.1370  28.7%   103  487s
 13031 11541 10435.2471   49  231 14284.6100 10183.2784  28.7%   102  496s
 13604 11787 10290.5620   34  296 14284.6100 10185.4337  28.7%   100  504s
 13714 11787 13088.0807  144    7 14284.6100 10185.4337  28.7%   100  505s
 13860 11937 10260.4908   33  329 14284.6100 10186.0862  28.7%   100  511s
 14025 12203 10489.2469   40  329 14284.6100 10187.7653  28.7%   100  517s
 14329 12359 14129.9318  175   47 14284.6100 10190.8275  28.7%   100  523s
 14527 12420 10876.2892   57  160 14284.6100 10191.6903  28.7%   100  532s
 14588 12812 11308.6680  103  114 14284.6100 10193.4584  28.6%   100  537s
 14980 12812 14075.2700  277    9 14284.6100 10193.8389  28.6%  98.6  540s
 15052 13081 11356.3508  109   95 14284.6100 10194.4801  28.6%  98.5  545s
 15318 13333 10776.3663   44  174 14284.6100 10194.4801  28.6%  98.1  551s
 15582 13583 12140.4321   99   34 14284.6100 10201.5910  28.6%  98.3  558s
 15881 13759     cutoff  130      14284.6100 10206.2167  28.6%  97.9  564s
 16057 14108 12434.5469  122   63 14284.6100 10208.0166  28.5%  98.2  570s
 16447 14409 10591.4803   67  169 14284.6100 10209.5991  28.5%  97.3  578s
 16783 14776 10422.3951   46  178 14284.6100 10210.1686  28.5%  96.6  584s
 16819 14776 10992.6711   82  140 14284.6100 10210.1686  28.5%  96.8  585s
 17169 14945 11994.4156  207   63 14284.6100 10211.8147  28.5%  95.8  592s
 17370 15249 11523.7808   85   73 14284.6100 10213.7559  28.5%  95.8  598s
 17705 15280 10519.7020   40  298 14284.6100 10213.9773  28.5%  95.1  605s
 17735 15535 10877.9582   47  204 14284.6100 10215.3956  28.5%  95.6  611s
 18036 15727 14136.1945  110   41 14284.6100 10215.7705  28.5%  95.6  618s
 18278 15946 10715.6243   47  113 14284.6100 10216.6589  28.5%  95.1  625s
 18531 15994 infeasible  206      14284.6100 10217.9245  28.5%  94.7  630s
 18588 16286 10769.0242   63  219 14284.6100 10218.9250  28.5%  95.1  636s
H18912 16435                    14283.730000 10219.3972  28.5%  94.5  642s
H18994 16433                    14272.730000 10219.3972  28.4%  94.6  642s
 19061 16742 11373.6622  120  112 14272.7300 10219.6391  28.4%  94.7  648s
 19399 16781 10401.1202   39  258 14272.7300 10220.2808  28.4%  94.0  654s
 19440 16870 10683.9307   52   92 14272.7300 10220.2808  28.4%  94.6  660s
 19533 17109 10775.3766   79   61 14272.7300 10221.0082  28.4%  95.4  666s
H19796 17069                    14154.730000 10221.0082  27.8%  95.9  672s
 19863 17410 10840.1516   35  227 14154.7300 10221.9400  27.8%  96.3  678s
 20147 17410 12449.6273  231   49 14154.7300 10222.1282  27.8%  95.8  680s
 20273 17589 10363.2787   35  249 14154.7300 10222.1282  27.8%  95.5  686s
 20462 17735 13199.9070  168   12 14154.7300 10222.4927  27.8%  95.4  691s
 20627 17989 10812.8893   68  171 14154.7300 10222.6414  27.8%  95.6  698s
 20860 17989 12218.6981  149   35 14154.7300 10222.6810  27.8%  95.0  700s
 20927 18178 10555.4377   38  305 14154.7300 10222.6810  27.8%  95.1  705s
 21134 18329 11433.2299   80  101 14154.7300 10223.4325  27.8%  95.1  711s
 21302 18533 10486.1117   41  308 14154.7300 10223.6127  27.8%  95.2  716s
 21527 18649 11974.5738  118  113 14154.7300 10225.2541  27.8%  95.1  722s
 21643 18891 10971.5230   61  113 14154.7300 10225.7270  27.8%  95.5  728s
 21934 18972 10639.1543   34  248 14154.7300 10225.8218  27.8%  95.4  734s
 22017 19137 11431.8147   82  129 14154.7300 10226.0758  27.8%  95.7  740s
 22217 19316 10429.6379   42  230 14154.7300 10226.1127  27.8%  95.4  747s
 22406 19455 11296.3347  103  122 14154.7300 10226.6675  27.8%  95.6  754s
 22561 19544 10396.4160   38  305 14154.7300 10226.6675  27.8%  95.6  803s
 22650 19656 10794.3895   53  168 14154.7300 10226.6675  27.8%  96.0  811s
 22778 19833 10971.5367   74  128 14154.7300 10226.6675  27.8%  96.1  817s
 22955 20257 11231.2302  126   87 14154.7300 10226.6675  27.8%  96.4  824s
 22991 20257 11325.8276  144   65 14154.7300 10226.6675  27.8%  96.4  825s
 23413 20447 12474.3039  273   17 14154.7300 10227.6252  27.7%  95.8  832s
 23658 20649 10853.9793   54  191 14154.7300 10228.6300  27.7%  95.8  839s
 23706 20649 11965.0868  102   45 14154.7300 10228.6300  27.7%  95.8  840s
 23892 20689 10392.7465   42  264 14154.7300 10229.7652  27.7%  95.8  846s
 23929 20805 10657.8106   49  221 14154.7300 10229.7652  27.7%  96.3  852s
 24049 21201 10841.5851   58   57 14154.7300 10229.7652  27.7%  96.6  858s
 24438 21218 12206.3825  156    6 14154.7300 10229.7652  27.7%  95.9  860s
 24552 21357 13249.8564  182    6 14154.7300 10229.8669  27.7%  95.8  865s
 24709 21514 11041.1522   87  130 14154.7300 10230.2006  27.7%  95.8  871s
 24890 21685 10477.0894   40  224 14154.7300 10230.2006  27.7%  95.8  877s
 25075 21822 10740.9495   47  145 14154.7300 10230.2006  27.7%  95.8  883s
 25212 22001 11922.5962   76   69 14154.7300 10230.8187  27.7%  96.2  890s
 25484 22105     cutoff  133      14154.7300 10232.3092  27.7%  95.9  896s
 25576 22170 10608.0220   51  258 14154.7300 10232.3092  27.7%  96.1  903s
 25659 22368 11175.8189   86  118 14154.7300 10232.7687  27.7%  96.2  909s
 25884 22496 10540.6478   42  239 14154.7300 10232.7687  27.7%  96.1  915s
 26032 22724 10997.9751   90  137 14154.7300 10233.1019  27.7%  96.2  922s
 26294 22857 10470.2830   42  279 14154.7300 10233.2493  27.7%  96.1  929s
 26416 22858 14094.2800  156    - 14154.7300 10233.2493  27.7%  96.1  930s
 26494 22937 14075.4967  173    6 14154.7300 10234.6994  27.7%  96.7  940s
 26543 23004     cutoff  176      14154.7300 10235.4258  27.7%  97.2  945s
 26616 23145 11838.0573   86   90 14154.7300 10235.7833  27.7%  97.7  952s
 26773 23243 10484.7051   39  276 14154.7300 10235.7833  27.7%  97.4  959s
 26873 23444 11137.5491   78  131 14154.7300 10235.7970  27.7%  97.7  965s
 27134 23589 10403.6348   38  401 14154.7300 10235.8004  27.7%  97.5  971s
 27289 23646 10702.7087   55  306 14154.7300 10235.8004  27.7%  97.8  976s
 27347 23802 10943.8487   81  273 14154.7300 10235.8004  27.7%  98.2  982s
 27515 24351 11203.2642  116  194 14154.7300 10236.6521  27.7%  98.5  990s
 28112 24590 10700.7010   38  144 14154.7300 10236.8068  27.7%  97.3  998s
 28361 24642 10508.5972   47  285 14154.7300 10236.8068  27.7%  97.3 1006s
 28445 24786 10556.2286   49  308 14154.7300 10236.8068  27.7%  97.3 1012s
 28602 24979 11450.6932   85  183 14154.7300 10237.8673  27.7%  97.5 1018s
 28822 25044 10762.0791   46  161 14154.7300 10237.9868  27.7%  97.4 1024s
 28865 25044 10473.1643   42  270 14154.7300 10237.9868  27.7%  97.7 1025s
 28887 25325 11169.1289   60  131 14154.7300 10237.9868  27.7%  98.0 1032s
 29196 25504     cutoff  136      14154.7300 10238.3310  27.7%  98.0 1041s
H29220 19744                    12501.560000 10238.3310  18.1%  98.1 1041s
 29436 19648 10621.1196   44  289 12501.5600 10238.9154  18.1%  97.8 1047s
 29482 19956 10942.8731   58  191 12501.5600 10239.1250  18.1%  98.3 1054s
 29591 19956 11347.3968  131   48 12501.5600 10239.1250  18.1%  98.2 1055s
 29821 20185 10408.0759   40  322 12501.5600 10239.1250  18.1%  98.1 1062s
 30070 20357 11257.7473   94  127 12501.5600 10239.4210  18.1%  98.1 1068s
 30277 20511 10808.9514   65  163 12501.5600 10239.4728  18.1%  98.2 1075s
 30447 20615 10916.7910   43  247 12501.5600 10239.5781  18.1%  98.4 1081s
 30576 20756 10519.6501   46  281 12501.5600 10240.3098  18.1%  98.7 1087s
 30739 20884 10355.5367   39  288 12501.5600 10240.3491  18.1%  98.9 1094s
 30885 20977 11027.3080   75  131 12501.5600 10240.5783  18.1%  99.2 1100s
 30992 21079 10697.6471   53  283 12501.5600 10240.5783  18.1%   100 1105s
 31094 21302 11297.9159   91   90 12501.5600 10240.9614  18.1%   100 1111s
 31376 21435 10846.3794   69  114 12501.5600 10241.8998  18.1%   100 1118s
 31570 21555 10713.6117   49  281 12501.5600 10242.2799  18.1%   100 1125s
 31706 21651 10527.4268   40  312 12501.5600 10242.2799  18.1%   100 1130s
 31816 21876 10959.2975   62  237 12501.5600 10242.8560  18.1%   100 1137s
 32073 21995 10698.3149   43  243 12501.5600 10243.2567  18.1%   100 1143s
 32214 22183 10317.8153   37  237 12501.5600 10243.5634  18.1%   100 1149s
 32254 22183 11168.0826   77   90 12501.5600 10243.5634  18.1%   100 1150s
 32428 22519 10503.0682   38  292 12501.5600 10243.9490  18.1%   100 1157s
 32768 22586 11465.1189  143   58 12501.5600 10244.1119  18.1%   100 1164s
 32895 22637 10498.9781   45  200 12501.5600 10245.1432  18.0%   100 1169s
 32946 22867 11238.4997   58   49 12501.5600 10245.1965  18.0%   100 1176s
 33217 22927 10691.5336   46  310 12501.5600 10245.1965  18.0%   100 1182s
 33303 23089 11355.8804   95  133 12501.5600 10246.8084  18.0%   101 1188s
 33487 23199 10686.6135   50  221 12501.5600 10247.4363  18.0%   101 1194s
 33559 23199 11943.3679  122  129 12501.5600 10247.4363  18.0%   101 1195s
 33613 23321 10485.6408   36  298 12501.5600 10247.4363  18.0%   101 1200s
 33761 23540 11143.2798   68  131 12501.5600 10247.9111  18.0%   101 1206s
 34020 23736 10503.1557   48  199 12501.5600 10247.9586  18.0%   101 1213s
 34216 23950 11615.4134  169   40 12501.5600 10248.3081  18.0%   101 1220s
 34477 24107 11981.1205  117   49 12501.5600 10248.8036  18.0%   101 1227s
 34654 24203 10670.3816   44  178 12501.5600 10248.9065  18.0%   101 1233s
 34752 24374 11214.8903   64   60 12501.5600 10248.9483  18.0%   102 1240s
 34965 24449 10591.4912   39  227 12501.5600 10249.2977  18.0%   102 1246s
 35108 24582 10836.8109   52  190 12501.5600 10249.2977  18.0%   102 1253s
 35269 24842 10879.2615   83   61 12501.5600 10250.3289  18.0%   103 1259s
 35379 24842 12369.1950  137   31 12501.5600 10250.3289  18.0%   103 1260s
 35564 24897 infeasible  165      12501.5600 10250.3558  18.0%   102 1265s
 35634 25054 11044.3168   43  180 12501.5600 10251.3498  18.0%   103 1271s
 35791 25400 11565.4363  102   27 12501.5600 10251.5170  18.0%   103 1279s
 35976 25400 11283.4428  112   71 12501.5600 10251.9246  18.0%   103 1280s
 36178 25548 10653.1143   51  321 12501.5600 10251.9429  18.0%   103 1287s
 36338 25661 10534.6477   40  328 12501.5600 10251.9429  18.0%   103 1293s
 36463 25788 11229.9092   73  156 12501.5600 10252.2335  18.0%   103 1299s
 36634 25891 10501.3145   49  279 12501.5600 10252.6283  18.0%   103 1305s
 36757 25991 infeasible  111      12501.5600 10253.5871  18.0%   103 1311s
 36868 26200 11342.3568   92  108 12501.5600 10254.2287  18.0%   104 1317s
 37103 26446 10663.2289   53  286 12501.5600 10256.4762  18.0%   104 1324s
 37373 26493 10314.4802   39  386 12501.5600 10256.6327  18.0%   103 1330s
 37420 26717 10780.1428   49  127 12501.5600 10256.6327  18.0%   104 1338s
 37663 26862 11282.6300   74   78 12501.5600 10256.6327  18.0%   104 1345s
 37826 26902 infeasible  152      12501.5600 10257.2867  18.0%   104 1351s
 37878 27097 11116.6697   60  169 12501.5600 10257.4412  18.0%   105 1357s
 38095 27160 infeasible  160      12501.5600 10257.7134  17.9%   105 1363s
 38159 27309 10542.1826   54  284 12501.5600 10258.0086  17.9%   105 1369s
 38343 27406     cutoff  129      12501.5600 10258.9509  17.9%   105 1375s
 38453 27582 10753.3021   51  311 12501.5600 10259.8819  17.9%   105 1381s
 38663 27755 10436.1265   45  257 12501.5600 10260.2883  17.9%   105 1388s
 38871 27875 10408.1542   42  316 12501.5600 10260.3077  17.9%   105 1396s
 39010 28033 11446.3179   76   93 12501.5600 10260.5274  17.9%   105 1403s
 39206 28126 10646.0794   48  250 12501.5600 10260.5681  17.9%   105 1408s
 39299 28280 12070.2324  104   40 12501.5600 10261.7033  17.9%   105 1414s
 39409 28280 11675.2119  108   80 12501.5600 10261.8310  17.9%   105 1415s
 39477 28362 11149.9057   51  159 12501.5600 10261.9685  17.9%   105 1420s
 39579 28548 10925.1318   59  257 12501.5600 10262.0984  17.9%   106 1427s
 39798 28707 10393.6866   40  286 12501.5600 10262.3748  17.9%   106 1434s
 39976 28853 10551.0335   36  176 12501.5600 10263.2072  17.9%   106 1441s
 40157 28953 10366.1826   39  292 12501.5600 10263.4585  17.9%   106 1447s
 40279 29138 10946.7185   64  243 12501.5600 10263.7336  17.9%   106 1453s
 40488 29333 12026.4609  104   43 12501.5600 10264.1894  17.9%   106 1460s
 40710 29442 10742.4297   51  204 12501.5600 10264.1894  17.9%   106 1466s
 40819 29583 11439.4732  103   50 12501.5600 10264.7914  17.9%   106 1472s
 40981 29885 10884.5237   62  166 12501.5600 10265.7965  17.9%   106 1479s
 41053 29885 11740.0898  134   84 12501.5600 10265.7965  17.9%   106 1480s
 41319 30064 10535.5767   56  203 12501.5600 10266.7320  17.9%   106 1487s
 41527 30257 10646.7928   51  198 12501.5600 10267.9835  17.9%   106 1493s
 41753 30426 10424.5192   45  308 12501.5600 10268.8882  17.9%   106 1500s
 41962 30454 10449.4785   40  292 12501.5600 10269.2986  17.9%   106 1509s
 41990 30631 10885.6862   53  154 12501.5600 10269.5547  17.9%   106 1515s
 42195 30710 10559.2449   47  153 12501.5600 10269.6992  17.9%   106 1521s
 42274 30903 10991.4282   81   97 12501.5600 10269.7299  17.9%   107 1527s
 42487 31106 10547.3726   53  257 12501.5600 10270.3487  17.8%   107 1534s
 42564 31106 12308.3215  130   46 12501.5600 10270.3487  17.8%   107 1535s
 42721 31153 10551.0111   43  258 12501.5600 10270.4349  17.8%   107 1540s
 42782 31311 10821.9437   49  203 12501.5600 10270.4349  17.8%   107 1547s
 42957 31407 11483.9960   59  173 12501.5600 10270.7848  17.8%   107 1553s
 43093 31555 10466.8738   46  293 12501.5600 10271.4394  17.8%   107 1560s
 43287 31630 10486.4021   39  289 12501.5600 10271.4534  17.8%   107 1566s
 43362 31774 11161.8821   77  178 12501.5600 10271.8274  17.8%   108 1571s
 43535 31911 10705.3652   51  279 12501.5600 10272.3803  17.8%   108 1578s
 43684 32048 10614.8442   47  238 12501.5600 10272.4597  17.8%   108 1584s
 43759 32048 12316.1731  122   86 12501.5600 10272.4597  17.8%   108 1585s
 43845 32229 10393.1761   43  261 12501.5600 10273.5962  17.8%   108 1591s
 44040 32376 10370.9166   39  287 12501.5600 10273.5962  17.8%   108 1597s
 44200 32519 11069.6880   84  117 12501.5600 10274.0803  17.8%   108 1604s
 44369 32723 10918.3792   49  306 12501.5600 10274.2694  17.8%   108 1610s
 44595 32904 10574.1399   44  312 12501.5600 10274.3691  17.8%   108 1617s
 44808 33037 10927.4683   53  282 12501.5600 10274.3691  17.8%   108 1623s
 44951 33289 12029.1720  115  119 12501.5600 10275.5638  17.8%   108 1630s
 45224 33465 10838.1038   55  211 12501.5600 10275.9985  17.8%   108 1637s
 45456 33618 10547.9652   42  225 12501.5600 10276.4018  17.8%   108 1644s
 45623 33740 10328.2759   40  309 12501.5600 10276.4018  17.8%   108 1650s
 45770 33926 10981.2904   69  149 12501.5600 10276.5406  17.8%   108 1657s
 45988 34026 11044.3357   50  110 12501.5600 10276.7091  17.8%   108 1663s
 46088 34217 10984.4436   63   59 12501.5600 10276.7302  17.8%   109 1670s
 46365 34290 10544.3514   51  250 12501.5600 10276.7302  17.8%   109 1676s
 46438 34423 11662.7846  102   97 12501.5600 10276.9893  17.8%   109 1683s
 46584 34570 10904.7696   63  208 12501.5600 10277.0710  17.8%   109 1689s
 46620 34570 11504.9750   99  136 12501.5600 10277.0710  17.8%   109 1690s
 46749 34702 10413.4950   44  363 12501.5600 10277.0710  17.8%   109 1697s
 46881 34957 10762.5289   60  254 12501.5600 10277.0710  17.8%   109 1704s
 46917 34957 11258.8835   86    7 12501.5600 10277.0710  17.8%   109 1705s
 47214 35133 11657.0220  173   11 12501.5600 10277.5171  17.8%   109 1712s
 47408 35226 11987.0596   97   73 12501.5600 10277.8926  17.8%   109 1719s
 47541 35351 10369.1079   37  306 12501.5600 10279.4965  17.8%   109 1725s
 47691 35582 11191.0496   92   93 12501.5600 10280.7317  17.8%   109 1732s
 47952 35740 11678.2028  111   80 12501.5600 10281.0063  17.8%   109 1739s
 48150 35895 10878.1472   57  112 12501.5600 10281.8051  17.8%   109 1745s
 48346 36058 10560.9076   47  296 12501.5600 10281.9228  17.8%   109 1752s
 48509 36208 11382.8113  115   81 12501.5600 10282.1966  17.8%   109 1758s
 48698 36348 10826.3866   55  256 12501.5600 10283.0838  17.7%   109 1765s
 48858 36546 10673.3887   36  324 12501.5600 10283.7877  17.7%   110 1771s
 49082 36601 12387.9663  115   52 12501.5600 10284.1867  17.7%   110 1777s
 49146 36807 11099.8815   74  109 12501.5600 10284.3296  17.7%   110 1783s
 49401 36963 10722.9931   51  158 12501.5600 10284.9525  17.7%   110 1790s
 49607 37009 10450.3239   39  314 12501.5600 10285.5764  17.7%   110 1796s
 49653 37152 10700.5041   45  296 12501.5600 10285.5764  17.7%   110 1803s
 49826 37216 10970.1818   55  184 12501.5600 10285.5764  17.7%   110 1809s
 49892 37432 11100.9934   75   95 12501.5600 10285.5764  17.7%   110 1816s
 50130 37530     cutoff  147      12501.5600 10286.9115  17.7%   110 1822s
 50258 37685 10766.5196   58  223 12501.5600 10287.5359  17.7%   111 1828s
 50423 37822 10624.6772   33  335 12501.5600 10287.5359  17.7%   111 1834s
 50459 37822 11083.0422   69  142 12501.5600 10287.5359  17.7%   111 1835s
 50583 37987 11169.7333   81  130 12501.5600 10287.9399  17.7%   111 1841s
 50780 38118 10710.6444   46  250 12501.5600 10288.2910  17.7%   111 1848s
 50951 38216 10527.8480   42  313 12501.5600 10288.4073  17.7%   111 1853s
 51049 38319 11257.4189   91  108 12501.5600 10288.5359  17.7%   111 1859s
 51182 38415 10630.6001   40  323 12501.5600 10288.6585  17.7%   111 1865s
 51279 38575 11463.3807   94  134 12501.5600 10288.8300  17.7%   111 1871s
 51472 38736 10994.2076   54  179 12501.5600 10289.0758  17.7%   111 1878s
 51651 38928 10569.6895   36  268 12501.5600 10289.0758  17.7%   111 1884s
 51687 38928 11153.6766   72  151 12501.5600 10289.0758  17.7%   111 1885s
 51865 38990 11958.6904  135   91 12501.5600 10289.3979  17.7%   111 1891s
 51943 39073 10747.1818   48  256 12501.5600 10289.3979  17.7%   111 1896s
 52038 39375 11081.7519   78   96 12501.5600 10289.3979  17.7%   112 1904s
 52218 39375 11443.8798  168   76 12501.5600 10289.3979  17.7%   112 1905s
 52357 39543 12288.5279  194   21 12501.5600 10290.5408  17.7%   112 1912s
 52626 39658 10362.9071   40  342 12501.5600 10290.6863  17.7%   112 1918s
 52741 39886 10736.9550   54   83 12501.5600 10291.0172  17.7%   112 1925s
 53049 39955 10488.2964   36  315 12501.5600 10291.3060  17.7%   112 1933s
 53148 40071     cutoff   83      12501.5600 10291.7965  17.7%   112 1939s
 53271 40168 11012.2916   59  248 12501.5600 10292.5811  17.7%   112 1944s
 53314 40168 11992.4528  102  125 12501.5600 10292.5811  17.7%   112 1945s
 53384 40266 infeasible  134      12501.5600 10293.5577  17.7%   112 1951s
 53495 40402 10910.1727   60  224 12501.5600 10294.3610  17.7%   112 1957s
 53643 40558 10508.5678   38  285 12501.5600 10294.4466  17.7%   112 1963s
 53822 40623 10498.1349   43  328 12501.5600 10294.7353  17.7%   112 1969s
 53887 40757 11059.6068   73  122 12501.5600 10294.9487  17.7%   113 1976s
 54043 40859 10609.9492   43  324 12501.5600 10295.2348  17.6%   113 1983s
 54147 41050 10837.4843   56  169 12501.5600 10295.2348  17.6%   113 1991s
 54344 41168 11394.4526   97   67 12501.5600 10295.5600  17.6%   113 1999s
 54488 41168 infeasible  140      12501.5600 10295.5767  17.6%   113 2000s
 54510 41258 10522.6220   35  254 12501.5600 10295.5767  17.6%   113 2005s
 54600 41402 11496.4178   62  107 12501.5600 10295.6429  17.6%   113 2012s
 54805 41485 10713.8699   46  201 12501.5600 10295.8626  17.6%   113 2019s
 54901 41607 10620.2535   45  287 12501.5600 10295.8626  17.6%   114 2025s
H54905 41361                    12466.560000 10295.8626  17.4%   114 2025s
 55037 41458 11560.7223   92  115 12466.5600 10296.3364  17.4%   114 2032s
 55149 41567 11047.3856   59  182 12466.5600 10296.7056  17.4%   114 2038s
 55278 41792 10696.4363   46  294 12466.5600 10296.7056  17.4%   114 2045s
 55531 41889 11845.6223  119  152 12466.5600 10296.7957  17.4%   114 2052s
 55643 41975 10774.3020   52  324 12466.5600 10296.7957  17.4%   114 2058s
 55739 42122 11723.5018   88  211 12466.5600 10297.4477  17.4%   114 2065s
 55912 42301 10844.4135   54  278 12466.5600 10298.1073  17.4%   114 2072s
 56114 42342 10807.2903   49  235 12466.5600 10298.2633  17.4%   114 2079s
 56155 42504 11053.9857   55  145 12466.5600 10298.2633  17.4%   114 2086s
 56335 42600 12009.5711   81   92 12466.5600 10299.0010  17.4%   115 2092s
 56465 42740 10852.7128   57  213 12466.5600 10299.0010  17.4%   115 2099s
 56623 42875 11395.2886  100  143 12466.5600 10299.3978  17.4%   115 2106s
 56791 42993 10665.6992   49  256 12466.5600 10299.4403  17.4%   115 2115s
 56937 43131     cutoff  141      12466.5600 10299.5462  17.4%   115 2122s
 57092 43245 11349.5389   78  171 12466.5600 10299.5663  17.4%   115 2128s
 57263 43373 10710.7592   37  299 12466.5600 10299.6649  17.4%   115 2134s
 57304 43373 11294.5321   78  186 12466.5600 10299.6649  17.4%   115 2135s
 57401 43521 11318.4080   81  163 12466.5600 10300.3139  17.4%   115 2141s
 57580 43611 10662.6677   38  299 12466.5600 10300.8647  17.4%   115 2147s
 57670 43699 11405.1175   57  106 12466.5600 10301.0192  17.4%   116 2154s
 57788 43758 10709.5382   46  214 12466.5600 10301.1034  17.4%   116 2161s
 57847 43961 10951.4795   71  112 12466.5600 10301.1302  17.4%   116 2168s
 58082 44114 10519.5303   42  319 12466.5600 10301.1692  17.4%   116 2175s
 58245 44196 10476.9042   41  259 12466.5600 10301.1692  17.4%   116 2181s
 58327 44382 11202.6626   66  111 12466.5600 10301.5036  17.4%   116 2188s
 58571 44589 10680.9727   52  270 12466.5600 10302.1276  17.4%   116 2195s
 58802 44644 10463.3368   46  337 12466.5600 10302.2059  17.4%   116 2202s
 58857 44898 11022.6334   67  217 12466.5600 10302.6267  17.4%   116 2208s
 59150 45139 10631.7658   45  245 12466.5600 10303.1726  17.4%   116 2215s
 59421 45211 10460.4759   38  299 12466.5600 10303.3184  17.4%   116 2222s
 59493 45326 10877.1262   54  314 12466.5600 10303.3184  17.4%   116 2229s
 59618 45468 11669.7273  112  123 12466.5600 10303.3629  17.4%   116 2235s
