




arguments: ./build/irp_solver -f ./input/SF-1.cfg
Current dir: /scratch/mardar/irp_lp_solver-master
File verbosity level: 9
date       time         ( uptime  ) [ thread name/id ]                   file:line     v| 
2020-12-09 20:30:54.716 (   0.075s) [main thread     ]             loguru.cpp:789   INFO| Logging to './output/SF/OU/1/execution_09_12_2020_20_30_54.log', mode: 'a', verbosity: 9
--------------------------------------------------------------------------------
Parameters
                           instance_path                    ./input/Instances/1/
                            model_policy                                       1
                             nb_vehicles                                       2
                              output_dir                       ./output/SF/OU/1/
                            sec_strategy                                       1
                       solver_nb_threads                                       2
                         solver_show_log                                   false
                       solver_time_limit                                    3600
--------------------------------------------------------------------------------
executing instance: ./input/Instances/1/absH3high_5n40_1.dat
--------------------------------------------------------------------------------
Instance details
n	41
H	3
C	3286
Li:
[0, 0, 0, 0, 0, 0, 0, 0, 0, 0, 0, 0, 0, 0, 0, 0, 0, 0, 0, 0, 0, 0, 0, 0, 0, 0, 0, 0, 0, 0, 0, 0, 0, 0, 0, 0, 0, 0, 0, 0, 0, ]
Ui:
[0, 168, 120, 165, 156, 134, 177, 33, 100, 62, 183, 231, 234, 150, 178, 156, 124, 72, 176, 105, 38, 102, 255, 38, 124, 204, 48, 57, 60, 180, 294, 129, 162, 126, 148, 192, 120, 130, 26, 192, 100, ]
Distance matrix:
|0	425	424	410	401	395	346	330	329	326	302	282	282	282	280	273	265	265	262	258	258	222	221	211	204	203	193	182	178	149	148	140	140	133	129	124	121	106	88	87	46	|
|425	0	85	125	185	168	140	249	158	184	209	471	329	238	147	152	187	336	167	171	237	231	234	214	386	222	235	437	478	295	286	546	524	412	311	443	544	339	340	340	469	|
|424	85	0	43	105	89	207	315	220	247	157	419	384	293	150	168	162	388	164	168	196	265	211	219	345	232	252	401	445	315	301	532	504	385	327	465	545	354	336	337	470	|
|410	125	43	0	61	46	233	338	243	271	125	382	400	310	150	173	145	403	159	163	168	272	191	213	313	228	251	371	415	314	298	510	480	359	323	462	530	349	322	323	456	|
|401	185	105	61	0	18	279	379	287	313	99	333	432	346	172	199	145	432	174	177	145	296	181	224	275	240	265	335	380	326	308	486	453	331	331	468	518	355	314	316	445	|
|395	168	89	46	18	0	262	362	270	297	96	341	417	330	158	184	135	417	161	164	141	282	174	212	278	228	253	337	382	314	297	485	453	330	321	458	513	345	308	310	440	|
|346	140	207	233	279	262	0	109	20	44	251	477	189	102	135	114	195	199	152	154	254	125	223	164	378	160	157	416	448	199	198	482	469	377	218	331	457	245	275	273	385	|
|330	249	315	338	379	362	109	0	95	67	333	522	92	52	216	189	269	107	225	225	323	129	281	210	420	197	181	445	469	186	197	470	466	398	206	277	423	225	282	279	361	|
|329	158	220	243	287	270	20	95	0	27	252	470	171	82	134	111	193	180	149	150	251	108	217	154	370	149	143	405	437	181	181	466	454	365	201	311	439	227	260	259	368	|
|326	184	247	271	313	297	44	67	27	0	274	483	146	61	156	131	214	156	169	170	270	106	234	166	383	158	149	415	444	177	181	465	455	373	197	298	432	222	263	261	363	|
|302	209	157	125	99	96	251	333	252	274	0	263	368	291	118	144	65	365	108	109	46	227	86	143	188	161	186	246	290	241	221	389	357	235	243	376	420	264	217	219	347	|
|282	471	419	382	333	341	477	522	470	483	263	0	514	471	348	364	292	502	328	326	235	393	254	317	102	326	341	100	120	352	335	256	215	150	338	405	341	337	260	263	303	|
|282	329	384	400	432	417	189	92	171	146	368	514	0	91	260	233	303	18	263	261	348	142	300	228	414	212	189	426	442	162	180	418	422	376	177	202	357	185	257	254	304	|
|282	238	293	310	346	330	102	52	82	61	291	471	91	0	176	149	226	98	183	182	277	78	233	161	369	148	129	393	417	136	145	423	417	347	156	241	381	177	231	228	316	|
|280	147	150	150	172	158	135	216	134	156	118	348	260	176	0	27	59	260	21	25	119	124	95	70	253	82	102	299	337	166	152	400	377	268	177	315	401	204	194	194	325	|
|273	152	168	173	199	184	114	189	111	131	144	364	233	149	27	0	82	233	38	39	140	99	109	64	266	70	85	308	344	148	136	398	378	274	161	298	392	189	189	189	317	|
|265	187	162	145	145	135	195	269	193	214	65	292	303	226	59	82	0	300	45	45	59	162	49	80	201	98	123	251	292	181	163	370	343	227	186	324	386	210	177	178	311	|
|265	336	388	403	432	417	199	107	180	156	365	502	18	98	260	233	300	0	261	259	343	139	294	224	403	207	183	413	428	151	169	401	405	363	164	184	339	171	244	241	287	|
|262	167	164	159	174	161	152	225	149	169	108	328	263	183	21	38	45	261	0	4	102	123	74	55	232	70	93	277	315	156	140	379	357	247	165	304	383	191	175	176	308	|
|258	171	168	163	177	164	154	225	150	170	109	326	261	182	25	39	45	259	4	0	101	121	71	51	230	66	89	274	312	152	136	375	353	244	161	300	379	187	171	171	303	|
|258	237	196	168	145	141	254	323	251	270	46	235	348	277	119	140	59	343	102	101	0	207	50	119	150	136	160	205	249	208	188	344	313	191	208	337	374	226	174	176	302	|
|222	231	265	272	296	282	125	129	108	106	227	393	142	78	124	99	162	139	123	121	207	0	160	87	291	72	52	316	342	73	75	360	350	271	93	212	331	119	158	156	260	|
|221	234	211	191	181	174	223	281	217	234	86	254	300	233	95	109	49	294	74	71	50	160	0	73	158	88	112	205	244	158	138	321	294	178	159	290	340	178	133	135	266	|
|211	214	219	213	224	212	164	210	154	166	143	317	228	161	70	64	80	224	55	51	119	87	73	0	216	17	43	252	285	102	85	334	315	214	110	249	331	136	126	126	256	|
|204	386	345	313	275	278	378	420	370	383	188	102	414	369	253	266	201	403	232	230	150	291	158	216	0	225	239	60	105	252	234	228	190	77	239	321	291	240	163	167	236	|
|203	222	232	228	240	228	160	197	149	158	161	326	212	148	82	70	98	207	70	66	136	72	88	17	225	0	25	257	288	86	70	330	312	217	95	234	322	122	120	120	247	|
|193	235	252	251	265	253	157	181	143	149	186	341	189	129	102	85	123	183	93	89	160	52	112	43	239	25	0	267	295	64	51	326	311	224	76	213	310	104	117	116	236	|
|182	437	401	371	335	337	416	445	405	415	246	100	426	393	299	308	251	413	277	274	205	316	205	252	60	257	267	0	45	265	251	174	134	52	249	305	248	244	169	172	204	|
|178	478	445	415	380	382	448	469	437	444	290	120	442	417	337	344	292	428	315	312	249	342	244	285	105	288	295	45	0	285	272	138	97	71	267	302	222	257	187	190	190	|
|149	295	315	314	326	314	199	186	181	177	241	352	162	136	166	148	181	151	156	152	208	73	158	102	252	86	64	265	285	0	20	288	281	216	20	150	258	46	97	95	187	|
|148	286	301	298	308	297	198	197	181	181	221	335	180	145	152	136	163	169	140	136	188	75	138	85	234	70	51	251	272	20	0	285	275	203	26	164	262	53	86	83	189	|
|140	546	532	510	486	485	482	470	466	465	389	256	418	423	400	398	370	401	379	375	344	360	321	334	228	330	326	174	138	288	285	0	41	157	268	234	100	246	209	210	115	|
|140	524	504	480	453	453	469	466	454	455	357	215	422	417	377	378	343	405	357	353	313	350	294	315	190	312	311	134	97	281	275	41	0	122	261	249	134	242	194	195	128	|
|133	412	385	359	331	330	377	398	365	373	235	150	376	347	268	274	227	363	247	244	191	271	178	214	77	217	224	52	71	216	203	157	122	0	199	255	214	193	119	122	160	|
|129	311	327	323	331	321	218	206	201	197	243	338	177	156	177	161	186	164	165	161	208	93	159	110	239	95	76	249	267	20	26	268	261	199	0	139	239	28	81	77	167	|
|124	443	465	462	468	458	331	277	311	298	376	405	202	241	315	298	324	184	304	300	337	212	290	249	321	234	213	305	302	150	164	234	249	255	139	0	157	114	169	166	121	|
|121	544	545	530	518	513	457	423	439	432	420	341	357	381	401	392	386	339	383	379	374	331	340	331	291	322	310	248	222	258	262	100	134	214	239	157	0	212	209	208	76	|
|106	339	354	349	355	345	245	225	227	222	264	337	185	177	204	189	210	171	191	187	226	119	178	136	240	122	104	244	257	46	53	246	242	193	28	114	212	0	77	74	141	|
|88	340	336	322	314	308	275	282	260	263	217	260	257	231	194	189	177	244	175	171	174	158	133	126	163	120	117	169	187	97	86	209	194	119	81	169	209	77	0	4	134	|
|87	340	337	323	316	310	273	279	259	261	219	263	254	228	194	189	178	241	176	171	176	156	135	126	167	120	116	172	190	95	83	210	195	122	77	166	208	74	4	0	133	|
|46	469	470	456	445	440	385	361	368	363	347	303	304	316	325	317	311	287	308	303	302	260	266	256	236	247	236	204	190	187	189	115	128	160	167	121	76	141	134	133	0	|

--------------------------------------------------------------------------------
Building model...
	using lazy and cut (CVRPSEP package)
Solving IRP LP...


Gurobi 9.1.0 (linux64) logging started Wed Dec  9 20:30:56 2020

================================================================================
executing instance: ./input/Instances/1/absH3low_4n30_1.dat
--------------------------------------------------------------------------------
Instance details
n	31
H	3
C	2436
Li:
[0, 0, 0, 0, 0, 0, 0, 0, 0, 0, 0, 0, 0, 0, 0, 0, 0, 0, 0, 0, 0, 0, 0, 0, 0, 0, 0, 0, 0, 0, 0, ]
Ui:
[0, 279, 96, 64, 168, 33, 116, 158, 198, 198, 26, 126, 123, 180, 128, 182, 165, 276, 87, 51, 96, 106, 146, 159, 51, 210, 32, 98, 62, 126, 78, ]
Distance matrix:
|0	362	347	335	333	325	318	306	286	286	278	245	238	227	225	220	197	180	177	150	145	137	121	104	101	85	79	76	65	59	50	|
|362	0	42	377	97	267	203	194	353	123	429	133	482	482	439	284	270	398	397	492	232	497	426	320	272	435	439	349	395	401	382	|
|347	42	0	399	128	293	230	220	371	85	442	138	487	450	445	248	235	401	365	469	227	479	421	294	263	424	425	342	386	381	371	|
|335	377	399	0	282	115	178	184	50	412	110	272	215	561	174	477	449	182	499	472	254	429	270	402	269	332	354	260	298	393	302	|
|333	97	128	282	0	170	106	99	262	180	344	89	408	495	362	319	298	327	411	477	189	469	370	319	233	394	402	300	351	382	340	|
|325	267	293	115	170	0	64	73	110	319	200	180	290	537	243	414	386	226	464	473	203	444	301	363	234	350	368	260	309	383	306	|
|318	203	230	178	106	64	0	15	163	263	251	129	330	516	283	373	347	257	438	468	181	447	320	338	219	359	373	264	316	375	310	|
|306	194	220	184	99	73	15	0	165	250	251	114	326	501	279	358	332	251	423	456	167	436	311	324	206	348	362	253	305	362	298	|
|286	353	371	50	262	110	163	165	0	375	90	238	186	512	141	431	402	139	450	424	208	382	225	353	220	286	307	211	250	344	253	|
|286	123	85	412	180	319	263	250	375	0	434	141	460	366	423	162	151	375	282	395	193	412	377	218	219	368	366	298	334	312	319	|
|278	429	442	110	344	200	251	251	90	434	0	305	106	503	71	460	432	100	453	396	248	345	184	365	244	251	275	203	226	330	235	|
|245	133	138	272	89	180	129	114	238	141	305	0	350	408	308	247	222	265	326	387	104	382	294	232	147	310	317	219	268	293	256	|
|238	482	487	215	408	290	330	326	186	460	106	350	0	446	47	448	422	85	412	323	267	265	119	339	245	183	206	177	174	278	188	|
|227	482	450	561	495	537	516	501	512	366	503	408	446	0	444	210	216	403	85	139	336	202	328	178	303	264	240	303	278	173	268	|
|225	439	445	174	362	243	283	279	141	423	71	308	47	444	0	425	398	50	402	331	230	277	118	321	214	186	210	156	167	272	178	|
|220	284	248	477	319	414	373	358	431	162	460	247	448	210	425	0	29	375	130	272	223	308	339	117	217	302	289	272	284	213	268	|
|197	270	235	449	298	386	347	332	402	151	432	222	422	216	398	29	0	348	132	262	194	294	314	97	188	280	269	245	260	196	243	|
|180	398	401	182	327	226	257	251	139	375	100	265	85	403	50	375	348	0	356	297	182	250	88	272	164	154	177	107	127	231	135	|
|177	397	365	499	411	464	438	423	450	282	453	326	412	85	402	130	132	356	0	156	261	206	293	101	233	236	216	250	238	136	225	|
|150	492	469	472	477	473	468	456	424	395	396	387	323	139	331	272	262	297	156	0	292	64	213	177	250	145	121	216	174	95	171	|
|145	232	227	254	189	203	181	167	208	193	248	104	267	336	230	223	194	182	261	292	0	280	194	160	43	206	213	116	164	197	152	|
|137	497	479	429	469	444	447	436	382	412	345	382	265	202	277	308	294	250	206	64	280	0	162	200	237	97	76	184	135	101	138	|
|121	426	421	270	370	301	320	311	225	377	184	294	119	328	118	339	314	88	293	213	194	162	0	225	159	68	92	80	57	159	72	|
|104	320	294	402	319	363	338	324	353	218	365	232	339	178	321	117	97	272	101	177	160	200	225	0	134	185	172	165	169	100	153	|
|101	272	263	269	233	234	219	206	220	219	244	147	245	303	214	217	188	164	233	250	43	237	159	134	0	164	170	79	123	156	110	|
|85	435	424	332	394	350	359	348	286	368	251	310	183	264	186	302	280	154	236	145	206	97	68	185	164	0	24	95	43	100	54	|
|79	439	425	354	402	368	373	362	307	366	275	317	206	240	210	289	269	177	216	121	213	76	92	172	170	24	0	109	59	81	64	|
|76	349	342	260	300	260	264	253	211	298	203	219	177	303	156	272	245	107	250	216	116	184	80	165	79	95	109	0	52	133	46	|
|65	395	386	298	351	309	316	305	250	334	226	268	174	278	167	284	260	127	238	174	164	135	57	169	123	43	59	52	0	106	17	|
|59	401	381	393	382	383	375	362	344	312	330	293	278	173	272	213	196	231	136	95	197	101	159	100	156	100	81	133	106	0	96	|
|50	382	371	302	340	306	310	298	253	319	235	256	188	268	178	268	243	135	225	171	152	138	72	153	110	54	64	46	17	96	0	|

--------------------------------------------------------------------------------
Building model...
	using lazy and cut (CVRPSEP package)
Solving IRP LP...


Gurobi 9.1.0 (linux64) logging started Wed Dec  9 20:32:46 2020

================================================================================
executing instance: ./input/Instances/1/absH3low_4n5_1.dat
--------------------------------------------------------------------------------
Instance details
n	6
H	3
C	268
Li:
[0, 0, 0, 0, 0, 0, ]
Ui:
[0, 134, 42, 106, 48, 42, ]
Distance matrix:
|0	323	188	183	72	69	|
|323	0	360	238	331	319	|
|188	360	0	123	117	255	|
|183	238	123	0	140	231	|
|72	331	117	140	0	140	|
|69	319	255	231	140	0	|

--------------------------------------------------------------------------------
Building model...
	using lazy and cut (CVRPSEP package)
Solving IRP LP...


Gurobi 9.1.0 (linux64) logging started Wed Dec  9 20:32:54 2020

================================================================================
executing instance: ./input/Instances/1/absH6low_4n30_1.dat
--------------------------------------------------------------------------------
Instance details
n	31
H	6
C	2218
Li:
[0, 0, 0, 0, 0, 0, 0, 0, 0, 0, 0, 0, 0, 0, 0, 0, 0, 0, 0, 0, 0, 0, 0, 0, 0, 0, 0, 0, 0, 0, 0, ]
Ui:
[0, 279, 96, 64, 168, 33, 116, 158, 198, 198, 26, 126, 123, 180, 128, 182, 165, 63, 87, 51, 96, 106, 30, 159, 51, 210, 32, 98, 92, 64, 78, ]
Distance matrix:
|0	362	347	335	333	325	318	306	286	286	278	245	238	227	225	220	197	180	177	150	145	137	121	104	101	85	79	76	65	59	50	|
|362	0	42	377	97	267	203	194	353	123	429	133	482	482	439	284	270	398	397	492	232	497	426	320	272	435	439	349	395	401	382	|
|347	42	0	399	128	293	230	220	371	85	442	138	487	450	445	248	235	401	365	469	227	479	421	294	263	424	425	342	386	381	371	|
|335	377	399	0	282	115	178	184	50	412	110	272	215	561	174	477	449	182	499	472	254	429	270	402	269	332	354	260	298	393	302	|
|333	97	128	282	0	170	106	99	262	180	344	89	408	495	362	319	298	327	411	477	189	469	370	319	233	394	402	300	351	382	340	|
|325	267	293	115	170	0	64	73	110	319	200	180	290	537	243	414	386	226	464	473	203	444	301	363	234	350	368	260	309	383	306	|
|318	203	230	178	106	64	0	15	163	263	251	129	330	516	283	373	347	257	438	468	181	447	320	338	219	359	373	264	316	375	310	|
|306	194	220	184	99	73	15	0	165	250	251	114	326	501	279	358	332	251	423	456	167	436	311	324	206	348	362	253	305	362	298	|
|286	353	371	50	262	110	163	165	0	375	90	238	186	512	141	431	402	139	450	424	208	382	225	353	220	286	307	211	250	344	253	|
|286	123	85	412	180	319	263	250	375	0	434	141	460	366	423	162	151	375	282	395	193	412	377	218	219	368	366	298	334	312	319	|
|278	429	442	110	344	200	251	251	90	434	0	305	106	503	71	460	432	100	453	396	248	345	184	365	244	251	275	203	226	330	235	|
|245	133	138	272	89	180	129	114	238	141	305	0	350	408	308	247	222	265	326	387	104	382	294	232	147	310	317	219	268	293	256	|
|238	482	487	215	408	290	330	326	186	460	106	350	0	446	47	448	422	85	412	323	267	265	119	339	245	183	206	177	174	278	188	|
|227	482	450	561	495	537	516	501	512	366	503	408	446	0	444	210	216	403	85	139	336	202	328	178	303	264	240	303	278	173	268	|
|225	439	445	174	362	243	283	279	141	423	71	308	47	444	0	425	398	50	402	331	230	277	118	321	214	186	210	156	167	272	178	|
|220	284	248	477	319	414	373	358	431	162	460	247	448	210	425	0	29	375	130	272	223	308	339	117	217	302	289	272	284	213	268	|
|197	270	235	449	298	386	347	332	402	151	432	222	422	216	398	29	0	348	132	262	194	294	314	97	188	280	269	245	260	196	243	|
|180	398	401	182	327	226	257	251	139	375	100	265	85	403	50	375	348	0	356	297	182	250	88	272	164	154	177	107	127	231	135	|
|177	397	365	499	411	464	438	423	450	282	453	326	412	85	402	130	132	356	0	156	261	206	293	101	233	236	216	250	238	136	225	|
|150	492	469	472	477	473	468	456	424	395	396	387	323	139	331	272	262	297	156	0	292	64	213	177	250	145	121	216	174	95	171	|
|145	232	227	254	189	203	181	167	208	193	248	104	267	336	230	223	194	182	261	292	0	280	194	160	43	206	213	116	164	197	152	|
|137	497	479	429	469	444	447	436	382	412	345	382	265	202	277	308	294	250	206	64	280	0	162	200	237	97	76	184	135	101	138	|
|121	426	421	270	370	301	320	311	225	377	184	294	119	328	118	339	314	88	293	213	194	162	0	225	159	68	92	80	57	159	72	|
|104	320	294	402	319	363	338	324	353	218	365	232	339	178	321	117	97	272	101	177	160	200	225	0	134	185	172	165	169	100	153	|
|101	272	263	269	233	234	219	206	220	219	244	147	245	303	214	217	188	164	233	250	43	237	159	134	0	164	170	79	123	156	110	|
|85	435	424	332	394	350	359	348	286	368	251	310	183	264	186	302	280	154	236	145	206	97	68	185	164	0	24	95	43	100	54	|
|79	439	425	354	402	368	373	362	307	366	275	317	206	240	210	289	269	177	216	121	213	76	92	172	170	24	0	109	59	81	64	|
|76	349	342	260	300	260	264	253	211	298	203	219	177	303	156	272	245	107	250	216	116	184	80	165	79	95	109	0	52	133	46	|
|65	395	386	298	351	309	316	305	250	334	226	268	174	278	167	284	260	127	238	174	164	135	57	169	123	43	59	52	0	106	17	|
|59	401	381	393	382	383	375	362	344	312	330	293	278	173	272	213	196	231	136	95	197	101	159	100	156	100	81	133	106	0	96	|
|50	382	371	302	340	306	310	298	253	319	235	256	188	268	178	268	243	135	225	171	152	138	72	153	110	54	64	46	17	96	0	|

--------------------------------------------------------------------------------
Building model...
	using lazy and cut (CVRPSEP package)
Solving IRP LP...


Gurobi 9.1.0 (linux64) logging started Wed Dec  9 20:32:54 2020

================================================================================
executing instance: ./input/Instances/1/absH3high_5n20_1.dat
--------------------------------------------------------------------------------
Instance details
n	21
H	3
C	1734
Li:
[0, 0, 0, 0, 0, 0, 0, 0, 0, 0, 0, 0, 0, 0, 0, 0, 0, 0, 0, 0, 0, ]
Ui:
[0, 237, 114, 128, 48, 142, 40, 68, 120, 118, 72, 207, 84, 194, 144, 135, 207, 261, 237, 102, 184, ]
Distance matrix:
|0	577	573	552	461	431	408	408	400	384	384	380	345	305	286	285	284	274	254	243	92	|
|577	0	37	84	279	177	168	170	308	287	217	390	339	276	360	455	330	303	348	352	486	|
|573	37	0	118	248	194	168	165	330	262	229	411	316	278	342	434	339	298	354	342	482	|
|552	84	118	0	331	124	158	169	237	319	171	318	366	247	373	474	284	289	307	349	465	|
|461	279	248	331	0	308	222	202	427	79	303	491	119	276	176	226	355	241	348	228	375	|
|431	177	194	124	308	0	87	107	139	268	47	219	301	130	290	393	160	182	183	248	347	|
|408	168	168	158	222	87	0	21	211	182	86	283	219	111	218	320	178	136	189	191	318	|
|408	170	165	169	202	107	21	0	230	163	105	302	202	118	204	306	190	134	198	184	317	|
|400	308	330	237	427	139	211	230	0	372	125	82	390	172	360	455	127	232	157	297	335	|
|384	287	262	319	79	268	182	163	372	0	252	429	55	209	102	174	286	167	276	149	297	|
|384	217	229	171	303	47	86	105	125	252	0	197	278	86	260	361	114	143	136	210	301	|
|380	390	411	318	491	219	283	302	82	429	197	0	439	221	401	488	151	274	174	331	331	|
|345	339	316	366	119	301	219	202	390	55	278	439	0	220	60	119	290	166	275	127	262	|
|305	276	278	247	276	130	111	118	172	209	86	221	220	0	188	285	80	61	81	129	218	|
|286	360	342	373	176	290	218	204	360	102	260	401	60	188	0	103	249	128	230	73	202	|
|285	455	434	474	226	393	320	306	455	174	361	488	119	285	103	0	337	224	313	159	224	|
|284	330	339	284	355	160	178	190	127	286	114	151	290	80	249	337	0	124	31	180	211	|
|274	303	298	289	241	182	136	134	232	167	143	274	166	61	128	224	124	0	110	68	183	|
|254	348	354	307	348	183	189	198	157	276	136	174	275	81	230	313	31	110	0	158	180	|
|243	352	342	349	228	248	191	184	297	149	210	331	127	129	73	159	180	68	158	0	152	|
|92	486	482	465	375	347	318	317	335	297	301	331	262	218	202	224	211	183	180	152	0	|

--------------------------------------------------------------------------------
Building model...
	using lazy and cut (CVRPSEP package)
Solving IRP LP...


Gurobi 9.1.0 (linux64) logging started Wed Dec  9 20:35:22 2020

================================================================================
executing instance: ./input/Instances/1/absH6low_2n30_1.dat
--------------------------------------------------------------------------------
Instance details
n	31
H	6
C	2535
Li:
[0, 0, 0, 0, 0, 0, 0, 0, 0, 0, 0, 0, 0, 0, 0, 0, 0, 0, 0, 0, 0, 0, 0, 0, 0, 0, 0, 0, 0, 0, 0, ]
Ui:
[0, 45, 105, 63, 58, 246, 152, 152, 198, 170, 219, 116, 198, 207, 276, 36, 39, 75, 112, 26, 222, 20, 198, 88, 198, 72, 192, 190, 154, 237, 38, ]
Distance matrix:
|0	385	374	369	356	355	317	316	299	289	283	280	277	275	267	252	252	250	203	200	186	162	159	152	143	138	126	109	98	93	89	|
|385	0	201	91	53	252	136	326	91	188	210	182	347	214	384	269	155	212	217	332	200	455	253	477	526	369	429	488	480	331	438	|
|374	201	0	280	151	420	89	152	167	333	351	322	192	351	496	141	266	123	173	221	225	503	216	510	511	287	354	448	445	287	385	|
|369	91	280	0	130	163	201	385	127	114	135	113	396	142	310	316	116	257	243	365	199	407	267	433	501	385	438	477	467	336	436	|
|356	53	151	130	0	280	83	272	57	203	224	195	294	227	390	217	152	161	173	283	171	442	212	460	498	325	387	454	447	293	400	|
|355	252	420	163	280	0	332	491	252	93	83	105	487	88	181	412	165	358	322	434	254	324	324	358	458	427	460	461	448	365	440	|
|317	136	89	201	83	332	0	190	80	244	262	233	212	263	409	137	177	86	115	208	147	429	160	441	459	259	325	405	399	240	346	|
|316	326	152	385	272	491	190	0	258	398	410	386	50	408	514	81	326	133	173	118	244	471	191	467	432	190	249	357	358	223	293	|
|299	91	167	127	57	252	80	258	0	166	185	156	270	186	342	191	104	131	127	246	114	386	162	403	442	279	339	400	392	241	348	|
|289	188	333	114	203	93	244	398	166	0	22	12	395	27	197	320	72	265	230	344	163	298	234	327	409	342	382	398	386	282	368	|
|283	210	351	135	224	83	262	410	185	22	0	29	405	9	176	331	87	279	240	351	171	282	241	312	398	345	381	391	379	284	364	|
|280	182	322	113	195	105	233	386	156	12	29	0	383	32	201	308	60	253	218	332	151	295	222	324	403	331	371	390	378	272	358	|
|277	347	192	396	294	487	212	50	270	395	405	383	0	402	493	80	324	139	165	77	235	436	171	430	387	146	201	310	312	187	246	|
|275	214	351	142	227	88	263	408	186	27	9	32	402	0	170	328	86	276	237	346	167	273	236	304	390	339	374	383	371	277	357	|
|267	384	496	310	390	181	409	514	342	197	176	201	493	170	0	434	239	396	345	422	277	165	323	202	321	385	392	351	337	321	354	|
|252	269	141	316	217	412	137	81	191	320	331	308	80	328	434	0	248	60	92	80	164	400	112	400	381	148	214	313	311	160	248	|
|252	155	266	116	152	165	177	326	104	72	87	60	324	86	239	248	0	193	159	276	96	301	168	324	386	282	328	361	350	227	322	|
|250	212	123	257	161	358	86	133	131	265	279	253	139	276	396	60	193	0	53	123	119	383	93	389	389	175	242	328	324	165	267	|
|203	217	173	243	173	322	115	173	127	230	240	218	165	237	345	92	159	53	0	122	72	331	45	337	344	152	215	289	284	125	231	|
|200	332	221	365	283	434	208	118	246	344	351	332	77	346	422	80	276	123	122	0	181	359	110	352	315	73	136	241	241	110	176	|
|186	200	225	199	171	254	147	244	114	163	171	151	235	167	277	164	96	119	72	181	0	283	72	296	328	188	239	288	279	137	240	|
|162	455	503	407	442	324	429	471	386	298	282	295	436	273	165	400	301	383	331	359	283	0	292	37	160	299	280	207	193	249	232	|
|159	253	216	267	212	324	160	191	162	234	241	222	171	236	323	112	168	93	45	110	72	292	0	296	300	119	177	246	239	81	189	|
|152	477	510	433	460	358	441	467	403	327	312	324	430	304	202	400	324	389	337	352	296	37	296	0	125	289	262	179	166	244	212	|
|143	526	511	501	498	458	459	432	442	409	398	403	387	390	321	381	386	389	344	315	328	160	300	125	0	242	191	81	75	225	141	|
|138	369	287	385	325	427	259	190	279	342	345	331	146	339	385	148	282	175	152	73	188	299	119	289	242	0	67	168	168	65	103	|
|126	429	354	438	387	460	325	249	339	382	381	371	201	374	392	214	328	242	215	136	239	280	177	262	191	67	0	111	115	102	52	|
|109	488	448	477	454	461	405	357	400	398	391	390	310	383	351	313	361	328	289	241	288	207	246	179	81	168	111	0	14	165	65	|
|98	480	445	467	447	448	399	358	392	386	379	378	312	371	337	311	350	324	284	241	279	193	239	166	75	168	115	14	0	160	66	|
|93	331	287	336	293	365	240	223	241	282	284	272	187	277	321	160	227	165	125	110	137	249	81	244	225	65	102	165	160	0	107	|
|89	438	385	436	400	440	346	293	348	368	364	358	246	357	354	248	322	267	231	176	240	232	189	212	141	103	52	65	66	107	0	|

--------------------------------------------------------------------------------
Building model...
	using lazy and cut (CVRPSEP package)
Solving IRP LP...


Gurobi 9.1.0 (linux64) logging started Wed Dec  9 20:35:32 2020

================================================================================
executing instance: ./input/Instances/1/absH3high_3n15_1.dat
--------------------------------------------------------------------------------
Instance details
n	16
H	3
C	1267
Li:
[0, 0, 0, 0, 0, 0, 0, 0, 0, 0, 0, 0, 0, 0, 0, 0, ]
Ui:
[0, 267, 141, 171, 110, 282, 76, 33, 57, 156, 60, 172, 270, 87, 148, 144, ]
Distance matrix:
|0	567	423	409	347	346	310	306	256	229	165	159	108	96	76	58	|
|567	0	200	439	433	274	259	342	312	482	486	501	467	483	506	622	|
|423	200	0	244	424	84	170	148	182	419	396	323	341	358	352	471	|
|409	439	244	0	581	201	340	158	298	525	476	253	386	397	337	431	|
|347	433	424	581	0	400	257	423	283	123	182	423	259	262	347	399	|
|346	274	84	201	400	0	146	68	127	373	340	239	273	289	272	391	|
|310	259	170	340	257	146	0	184	66	251	238	274	208	224	255	366	|
|306	342	148	158	423	68	184	0	140	375	332	181	251	266	230	345	|
|256	312	182	298	283	127	66	140	0	246	216	208	162	179	194	310	|
|229	482	419	525	123	373	251	375	246	0	65	329	158	155	243	279	|
|165	486	396	476	182	340	238	332	216	65	0	267	96	92	179	217	|
|159	501	323	253	423	239	274	181	208	329	267	0	172	176	94	179	|
|108	467	341	386	259	273	208	251	162	158	96	172	0	17	88	166	|
|96	483	358	397	262	289	224	266	179	155	92	176	17	0	88	154	|
|76	506	352	337	347	272	255	230	194	243	179	94	88	88	0	119	|
|58	622	471	431	399	391	366	345	310	279	217	179	166	154	119	0	|

--------------------------------------------------------------------------------
Building model...
	using lazy and cut (CVRPSEP package)
Solving IRP LP...


Gurobi 9.1.0 (linux64) logging started Wed Dec  9 20:37:21 2020

================================================================================
executing instance: ./input/Instances/1/absH6low_5n20_1.dat
--------------------------------------------------------------------------------
Instance details
n	21
H	6
C	1725
Li:
[0, 0, 0, 0, 0, 0, 0, 0, 0, 0, 0, 0, 0, 0, 0, 0, 0, 0, 0, 0, 0, ]
Ui:
[0, 237, 114, 128, 48, 142, 40, 118, 120, 118, 72, 207, 84, 198, 108, 135, 207, 261, 174, 102, 184, ]
Distance matrix:
|0	577	573	552	461	431	408	408	400	384	384	380	345	305	286	285	284	274	254	243	92	|
|577	0	37	84	279	177	168	170	308	287	217	390	339	276	360	455	330	303	348	352	486	|
|573	37	0	118	248	194	168	165	330	262	229	411	316	278	342	434	339	298	354	342	482	|
|552	84	118	0	331	124	158	169	237	319	171	318	366	247	373	474	284	289	307	349	465	|
|461	279	248	331	0	308	222	202	427	79	303	491	119	276	176	226	355	241	348	228	375	|
|431	177	194	124	308	0	87	107	139	268	47	219	301	130	290	393	160	182	183	248	347	|
|408	168	168	158	222	87	0	21	211	182	86	283	219	111	218	320	178	136	189	191	318	|
|408	170	165	169	202	107	21	0	230	163	105	302	202	118	204	306	190	134	198	184	317	|
|400	308	330	237	427	139	211	230	0	372	125	82	390	172	360	455	127	232	157	297	335	|
|384	287	262	319	79	268	182	163	372	0	252	429	55	209	102	174	286	167	276	149	297	|
|384	217	229	171	303	47	86	105	125	252	0	197	278	86	260	361	114	143	136	210	301	|
|380	390	411	318	491	219	283	302	82	429	197	0	439	221	401	488	151	274	174	331	331	|
|345	339	316	366	119	301	219	202	390	55	278	439	0	220	60	119	290	166	275	127	262	|
|305	276	278	247	276	130	111	118	172	209	86	221	220	0	188	285	80	61	81	129	218	|
|286	360	342	373	176	290	218	204	360	102	260	401	60	188	0	103	249	128	230	73	202	|
|285	455	434	474	226	393	320	306	455	174	361	488	119	285	103	0	337	224	313	159	224	|
|284	330	339	284	355	160	178	190	127	286	114	151	290	80	249	337	0	124	31	180	211	|
|274	303	298	289	241	182	136	134	232	167	143	274	166	61	128	224	124	0	110	68	183	|
|254	348	354	307	348	183	189	198	157	276	136	174	275	81	230	313	31	110	0	158	180	|
|243	352	342	349	228	248	191	184	297	149	210	331	127	129	73	159	180	68	158	0	152	|
|92	486	482	465	375	347	318	317	335	297	301	331	262	218	202	224	211	183	180	152	0	|

--------------------------------------------------------------------------------
Building model...
	using lazy and cut (CVRPSEP package)
Solving IRP LP...


Gurobi 9.1.0 (linux64) logging started Wed Dec  9 20:37:22 2020

================================================================================
executing instance: ./input/Instances/1/absH3high_4n25_1.dat
--------------------------------------------------------------------------------
Instance details
n	26
H	3
C	2029
Li:
[0, 0, 0, 0, 0, 0, 0, 0, 0, 0, 0, 0, 0, 0, 0, 0, 0, 0, 0, 0, 0, 0, 0, 0, 0, 0, ]
Ui:
[0, 146, 34, 196, 132, 198, 32, 40, 76, 186, 201, 188, 165, 52, 165, 168, 58, 279, 142, 126, 183, 88, 90, 135, 58, 93, ]
Distance matrix:
|0	302	299	289	277	268	265	241	235	220	220	202	188	162	162	162	152	147	132	132	124	91	80	71	69	66	|
|302	0	601	590	106	533	322	175	334	324	521	495	184	183	383	203	350	211	431	409	320	340	366	251	371	364	|
|299	601	0	28	569	193	457	511	431	422	93	142	468	443	302	434	317	425	178	215	325	282	242	359	231	240	|
|289	590	28	0	562	165	434	493	436	427	99	151	464	428	308	418	295	421	175	196	305	264	227	352	222	234	|
|277	106	569	562	0	535	381	245	240	232	481	447	106	216	312	238	368	146	391	402	335	339	352	210	341	329	|
|268	533	193	165	535	0	302	398	482	469	212	255	455	352	367	335	188	415	225	136	214	196	188	339	224	245	|
|265	322	457	434	381	302	0	147	477	461	419	428	360	170	426	150	145	341	358	249	152	201	248	294	299	312	|
|241	175	511	493	245	398	147	0	393	379	448	440	252	81	383	80	210	248	367	298	190	229	270	232	301	305	|
|235	334	431	436	240	482	477	393	0	15	339	289	153	321	129	336	386	145	269	354	355	326	305	184	258	237	|
|220	324	422	427	232	469	461	379	15	0	330	281	142	307	120	321	371	131	258	340	340	311	291	169	245	224	|
|220	521	93	99	481	212	419	448	339	330	0	53	379	375	210	369	274	337	91	171	273	225	180	274	152	157	|
|202	495	142	151	447	255	428	440	289	281	53	0	342	363	161	360	285	301	73	187	278	228	181	245	139	136	|
|188	184	468	464	106	455	360	252	153	142	379	342	0	192	206	211	308	43	290	319	274	265	267	117	246	231	|
|162	183	443	428	216	352	170	81	321	307	375	363	192	0	302	22	167	179	291	237	138	166	201	152	225	227	|
|162	383	302	308	312	367	426	383	129	120	210	161	206	302	0	309	308	172	145	249	284	242	208	152	153	132	|
|162	203	434	418	238	335	150	80	336	321	369	360	211	22	309	0	148	195	287	224	122	153	192	161	221	225	|
|152	350	317	295	368	188	145	210	386	371	274	285	308	167	308	148	0	275	217	104	34	66	108	207	163	181	|
|147	211	425	421	146	415	341	248	145	131	337	301	43	179	172	195	275	0	248	279	242	228	227	76	203	188	|
|132	431	178	175	391	225	358	367	269	258	91	73	290	291	145	287	217	248	0	127	207	157	110	183	66	67	|
|132	409	215	196	402	136	249	298	354	340	171	187	319	237	249	224	104	279	127	0	110	71	52	203	97	118	|
|124	320	325	305	335	214	152	190	355	340	273	278	274	138	284	122	34	242	207	110	0	50	97	174	147	162	|
|91	340	282	264	339	196	201	229	326	311	225	228	265	166	242	153	66	228	157	71	50	0	47	154	99	115	|
|80	366	242	227	352	188	248	270	305	291	180	181	267	201	208	192	108	227	110	52	97	47	0	151	57	76	|
|71	251	359	352	210	339	294	232	184	169	274	245	117	152	152	161	207	76	183	203	174	154	151	0	131	119	|
|69	371	231	222	341	224	299	301	258	245	152	139	246	225	153	221	163	203	66	97	147	99	57	131	0	22	|
|66	364	240	234	329	245	312	305	237	224	157	136	231	227	132	225	181	188	67	118	162	115	76	119	22	0	|

--------------------------------------------------------------------------------
Building model...
	using lazy and cut (CVRPSEP package)
Solving IRP LP...


Gurobi 9.1.0 (linux64) logging started Wed Dec  9 20:40:29 2020

================================================================================
executing instance: ./input/Instances/1/absH3low_4n15_1.dat
--------------------------------------------------------------------------------
Instance details
n	16
H	3
C	1077
Li:
[0, 0, 0, 0, 0, 0, 0, 0, 0, 0, 0, 0, 0, 0, 0, 0, ]
Ui:
[0, 198, 201, 20, 81, 124, 22, 51, 36, 273, 102, 84, 190, 52, 118, 164, ]
Distance matrix:
|0	441	422	417	338	304	302	294	278	221	174	136	129	128	98	92	|
|441	0	52	391	410	157	422	415	288	219	279	367	449	317	408	351	|
|422	52	0	423	433	124	440	432	304	203	253	364	417	304	380	331	|
|417	391	423	0	94	405	138	141	163	343	398	281	522	333	472	389	|
|338	410	433	94	0	387	44	48	133	309	351	207	452	274	404	325	|
|304	157	124	405	387	0	382	373	254	96	131	267	293	194	256	211	|
|302	422	440	138	44	382	0	9	136	298	332	176	419	249	373	297	|
|294	415	432	141	48	373	9	0	128	289	322	167	411	240	365	288	|
|278	288	304	163	133	254	136	128	0	182	234	146	367	175	317	232	|
|221	219	203	343	309	96	298	289	182	0	73	171	244	101	198	132	|
|174	279	253	398	351	131	332	322	234	73	0	174	173	89	129	83	|
|136	367	364	281	207	267	176	167	146	171	174	0	245	85	198	123	|
|129	449	417	522	452	293	419	411	367	244	173	245	0	193	51	135	|
|128	317	304	333	274	194	249	240	175	101	89	85	193	0	142	58	|
|98	408	380	472	404	256	373	365	317	198	129	198	51	142	0	85	|
|92	351	331	389	325	211	297	288	232	132	83	123	135	58	85	0	|

--------------------------------------------------------------------------------
Building model...
	using lazy and cut (CVRPSEP package)
Solving IRP LP...


Gurobi 9.1.0 (linux64) logging started Wed Dec  9 20:40:31 2020

================================================================================
executing instance: ./input/Instances/1/absH3high_1n25_1.dat
--------------------------------------------------------------------------------
Instance details
n	26
H	3
C	1885
Li:
[0, 0, 0, 0, 0, 0, 0, 0, 0, 0, 0, 0, 0, 0, 0, 0, 0, 0, 0, 0, 0, 0, 0, 0, 0, 0, ]
Ui:
[0, 63, 111, 82, 294, 36, 189, 54, 66, 182, 78, 64, 118, 68, 176, 106, 231, 168, 141, 182, 46, 177, 90, 246, 132, 75, ]
Distance matrix:
|0	394	358	334	329	309	283	260	253	245	231	218	208	201	200	196	196	191	164	156	151	146	138	130	127	104	|
|394	0	38	61	411	467	139	403	183	457	167	606	471	326	204	203	222	334	556	483	264	524	341	484	356	421	|
|358	38	0	25	378	450	101	384	145	435	135	569	445	288	173	171	184	296	519	444	225	491	303	446	328	383	|
|334	61	25	0	367	429	86	363	129	413	110	546	422	271	149	147	163	278	495	423	203	467	282	424	303	361	|
|329	411	378	367	0	617	282	556	245	562	352	411	533	141	359	349	244	146	393	250	245	453	195	284	426	243	|
|309	467	450	429	617	0	443	68	442	70	336	444	123	477	303	311	402	472	393	460	381	284	424	426	192	413	|
|283	139	101	86	282	443	0	375	44	413	108	484	410	187	139	132	91	195	437	349	137	425	206	355	286	291	|
|260	403	384	363	556	68	375	0	375	69	268	421	115	416	236	244	336	411	367	415	316	266	365	384	135	363	|
|253	183	145	129	245	442	44	375	0	406	120	446	398	143	141	132	56	151	401	308	102	397	164	315	273	251	|
|245	457	435	413	562	70	413	69	406	0	310	375	54	424	274	281	361	417	323	393	334	215	367	359	139	349	|
|231	167	135	110	352	336	108	268	120	310	0	448	314	226	38	37	109	229	395	342	129	358	213	335	194	277	|
|218	606	569	546	411	444	484	421	446	375	448	0	321	339	418	414	393	327	57	163	347	160	288	137	318	199	|
|208	471	445	422	533	123	410	115	398	54	314	321	0	398	276	281	348	390	271	348	316	162	338	313	125	309	|
|201	326	288	271	141	477	187	416	143	424	226	339	398	0	225	216	118	12	305	183	106	339	63	202	286	142	|
|200	204	173	149	359	303	139	236	141	274	38	418	276	225	0	10	115	226	364	321	121	321	202	311	155	256	|
|196	203	171	147	349	311	132	244	132	281	37	414	281	216	10	0	105	216	360	315	112	321	193	305	159	249	|
|196	222	184	163	244	402	91	336	56	361	109	393	348	118	115	105	0	122	346	261	46	341	119	264	224	200	|
|191	334	296	278	146	472	195	411	151	417	229	327	390	12	226	216	122	0	293	171	106	328	53	190	280	130	|
|164	556	519	495	393	393	437	367	401	323	395	57	271	305	364	360	346	293	0	144	300	112	249	109	261	163	|
|156	483	444	423	250	460	349	415	308	393	342	163	348	183	321	315	261	171	144	0	220	223	143	39	284	65	|
|151	264	225	203	245	381	137	316	102	334	129	347	316	106	121	112	46	106	300	220	0	297	84	221	195	158	|
|146	524	491	467	453	284	425	266	397	215	358	160	162	339	321	321	341	328	112	223	297	0	276	184	186	210	|
|138	341	303	282	195	424	206	365	164	367	213	288	338	63	202	193	119	53	249	143	84	276	0	153	232	89	|
|130	484	446	424	284	426	355	384	315	359	335	137	313	202	311	305	264	190	109	39	221	184	153	0	256	64	|
|127	356	328	303	426	192	286	135	273	139	194	318	125	286	155	159	224	280	261	284	195	186	232	256	0	229	|
|104	421	383	361	243	413	291	363	251	349	277	199	309	142	256	249	200	130	163	65	158	210	89	64	229	0	|

--------------------------------------------------------------------------------
Building model...
	using lazy and cut (CVRPSEP package)
Solving IRP LP...


Gurobi 9.1.0 (linux64) logging started Wed Dec  9 20:40:31 2020

================================================================================
executing instance: ./input/Instances/1/absH3low_1n25_1.dat
--------------------------------------------------------------------------------
Instance details
n	26
H	3
C	1885
Li:
[0, 0, 0, 0, 0, 0, 0, 0, 0, 0, 0, 0, 0, 0, 0, 0, 0, 0, 0, 0, 0, 0, 0, 0, 0, 0, ]
Ui:
[0, 63, 111, 82, 294, 36, 189, 54, 66, 182, 78, 64, 118, 68, 176, 106, 231, 168, 141, 182, 46, 177, 90, 246, 132, 75, ]
Distance matrix:
|0	394	358	334	329	309	283	260	253	245	231	218	208	201	200	196	196	191	164	156	151	146	138	130	127	104	|
|394	0	38	61	411	467	139	403	183	457	167	606	471	326	204	203	222	334	556	483	264	524	341	484	356	421	|
|358	38	0	25	378	450	101	384	145	435	135	569	445	288	173	171	184	296	519	444	225	491	303	446	328	383	|
|334	61	25	0	367	429	86	363	129	413	110	546	422	271	149	147	163	278	495	423	203	467	282	424	303	361	|
|329	411	378	367	0	617	282	556	245	562	352	411	533	141	359	349	244	146	393	250	245	453	195	284	426	243	|
|309	467	450	429	617	0	443	68	442	70	336	444	123	477	303	311	402	472	393	460	381	284	424	426	192	413	|
|283	139	101	86	282	443	0	375	44	413	108	484	410	187	139	132	91	195	437	349	137	425	206	355	286	291	|
|260	403	384	363	556	68	375	0	375	69	268	421	115	416	236	244	336	411	367	415	316	266	365	384	135	363	|
|253	183	145	129	245	442	44	375	0	406	120	446	398	143	141	132	56	151	401	308	102	397	164	315	273	251	|
|245	457	435	413	562	70	413	69	406	0	310	375	54	424	274	281	361	417	323	393	334	215	367	359	139	349	|
|231	167	135	110	352	336	108	268	120	310	0	448	314	226	38	37	109	229	395	342	129	358	213	335	194	277	|
|218	606	569	546	411	444	484	421	446	375	448	0	321	339	418	414	393	327	57	163	347	160	288	137	318	199	|
|208	471	445	422	533	123	410	115	398	54	314	321	0	398	276	281	348	390	271	348	316	162	338	313	125	309	|
|201	326	288	271	141	477	187	416	143	424	226	339	398	0	225	216	118	12	305	183	106	339	63	202	286	142	|
|200	204	173	149	359	303	139	236	141	274	38	418	276	225	0	10	115	226	364	321	121	321	202	311	155	256	|
|196	203	171	147	349	311	132	244	132	281	37	414	281	216	10	0	105	216	360	315	112	321	193	305	159	249	|
|196	222	184	163	244	402	91	336	56	361	109	393	348	118	115	105	0	122	346	261	46	341	119	264	224	200	|
