




arguments: ./build/bc_mirp -f ./input/orig_exec_34.cfg
Current dir: /scratch/gui/bc_mirp
File verbosity level: 9
date       time         ( uptime  ) [ thread name/id ]                   file:line     v| 
2021-02-06 17:51:56.780 (   0.094s) [main thread     ]             loguru.cpp:789   INFO| Logging to './output/vi_vc+lex_full/OU/V4/Original/execution_06_02_2021_17_51_56.log', mode: 'a', verbosity: 9
--------------------------------------------------------------------------------
Parameters
                           instance_path           ./input/Instances/Original/1/
                            model_policy                                       1
                             nb_vehicles                                       4
                              output_dir ./output/vi_vc+lex_full/OU/V4/Original/
                            sec_strategy                                       1
                       solver_nb_threads                                       2
                         solver_show_log                                    true
                       solver_time_limit                                    3600
                              use_vi_cos                                   false
                              use_vi_cus                                   false
                         use_vi_hc1_full                                   false
                         use_vi_hc1_half                                   false
                      use_vi_hc1_quarter                                   false
                              use_vi_hc2                                   false
                              use_vi_hc3                                   false
                         use_vi_lex_full                                    true
                         use_vi_lex_half                                   false
                      use_vi_lex_quarter                                   false
                              use_vi_qua                                   false
                               use_vi_vc                                    true
                               use_vi_vr                                   false
--------------------------------------------------------------------------------
executing instance: ./input/Instances/Original/1/absH3high_1n5.dat
--------------------------------------------------------------------------------
Instance details
n	6
H	3
C	289
Li:
[0, 0, 0, 0, 0, 0, ]
Ui:
[0, 195, 105, 116, 72, 22, ]
Distance matrix:
|0	85	349	17	203	289	|
|85	0	265	102	214	226	|
|349	265	0	366	368	238	|
|17	102	366	0	207	302	|
|203	214	368	207	0	431	|
|289	226	238	302	431	0	|

--------------------------------------------------------------------------------
Building model...
	using lazy and cut (CVRPSEP package)
Solving IRP LP...
--------------------------------------------------------------------------------

Gurobi 9.1.0 (linux64) logging started Sat Feb  6 17:51:57 2021

Gurobi Optimizer version 9.1.0 build v9.1.0rc0 (linux64)
Thread count: 32 physical cores, 32 logical processors, using up to 2 threads
Optimize a model with 234 rows, 336 columns and 1245 nonzeros
Model fingerprint: 0xe178d0ee
Variable types: 84 continuous, 252 integer (72 binary)
Coefficient statistics:
  Matrix range     [1e+00, 2e+02]
  Objective range  [2e-01, 4e+02]
  Bounds range     [1e+00, 2e+02]
  RHS range        [1e+00, 5e+02]
Presolve removed 104 rows and 185 columns
Presolve time: 0.01s
Presolved: 130 rows, 151 columns, 595 nonzeros
Variable types: 36 continuous, 115 integer (78 binary)
Found heuristic solution: objective 4358.3700000
Found heuristic solution: objective 4356.0500000

Root relaxation: objective 1.950626e+03, 174 iterations, 0.00 seconds

    Nodes    |    Current Node    |     Objective Bounds      |     Work
 Expl Unexpl |  Obj  Depth IntInf | Incumbent    BestBd   Gap | It/Node Time

     0     0 1950.62600    0   19 4356.05000 1950.62600  55.2%     -    0s
H    0     0                    3975.6900000 1950.62600  50.9%     -    0s
H    0     0                    3657.3500000 1950.62600  46.7%     -    0s
     0     0 2501.29974    0   47 3657.35000 2501.29974  31.6%     -    0s
H    0     0                    2885.6500000 2501.29974  13.3%     -    0s
     0     0 2502.00468    0   47 2885.65000 2502.00468  13.3%     -    0s
     0     0 2664.46201    0   39 2885.65000 2664.46201  7.67%     -    0s
H    0     0                    2824.6500000 2664.46201  5.67%     -    0s
H    0     0                    2703.3300000 2664.46201  1.44%     -    0s
     0     0 2694.70310    0    9 2703.33000 2694.70310  0.32%     -    0s
     0     0 2699.84383    0   10 2703.33000 2699.84383  0.13%     -    0s

Cutting planes:
  Cover: 11
  Implied bound: 10
  Clique: 9
  MIR: 6
  Flow cover: 13
  RLT: 3
  Relax-and-lift: 4

Explored 1 nodes (365 simplex iterations) in 0.07 seconds
Thread count was 2 (of 32 available processors)

Solution count 7: 2703.33 2824.65 2885.65 ... 4358.37

Optimal solution found (tolerance 1.00e-04)
Best objective 2.703330000000e+03, best bound 2.703330000000e+03, gap 0.0000%

User-callback calls 137, time in user-callback 0.00 sec
================================================================================
executing instance: ./input/Instances/Original/1/absH3high_1n45.dat
--------------------------------------------------------------------------------
Instance details
n	46
H	3
C	3462
Li:
[0, 0, 0, 0, 0, 0, 0, 0, 0, 0, 0, 0, 0, 0, 0, 0, 0, 0, 0, 0, 0, 0, 0, 0, 0, 0, 0, 0, 0, 0, 0, 0, 0, 0, 0, 0, 0, 0, 0, 0, 0, 0, 0, 0, 0, 0, ]
Ui:
[0, 273, 270, 36, 165, 192, 148, 45, 30, 75, 180, 198, 112, 117, 90, 64, 180, 22, 264, 174, 168, 270, 86, 66, 26, 66, 237, 156, 92, 108, 144, 72, 30, 45, 94, 54, 174, 96, 198, 136, 44, 180, 210, 249, 198, 48, ]
Distance matrix:
|0	281	201	160	249	201	93	431	236	139	252	136	116	166	390	110	349	374	303	180	327	464	236	70	44	461	346	439	363	254	312	426	305	206	71	137	169	200	247	260	20	219	256	253	460	278	|
|281	0	448	170	53	142	338	184	121	290	371	390	222	302	111	289	169	434	230	177	238	441	59	212	319	211	86	235	399	306	53	176	99	202	263	157	361	101	370	201	264	344	364	374	469	184	|
|201	448	0	285	430	325	114	556	361	171	191	64	228	174	546	294	453	306	364	289	388	435	393	254	157	585	491	536	318	254	490	554	436	407	266	292	108	388	186	337	207	181	205	190	408	364	|
|160	170	285	0	169	43	182	280	80	120	208	231	58	132	262	230	190	294	151	24	174	345	112	107	183	309	207	280	268	158	219	276	155	235	187	45	192	150	205	107	140	177	202	210	356	119	|
|249	53	430	169	0	152	317	238	145	282	377	369	212	299	157	242	215	452	261	183	273	474	76	181	290	264	140	287	421	320	63	229	145	148	221	142	352	53	374	226	234	346	370	378	498	215	|
|201	142	325	43	152	0	224	237	37	156	230	273	101	164	224	261	148	300	127	38	147	333	83	142	225	266	167	238	270	168	193	233	112	246	221	70	228	148	228	84	180	202	222	232	351	87	|
|93	338	114	182	317	224	0	460	262	92	180	52	124	112	440	199	364	307	292	191	317	415	284	140	57	490	387	452	304	208	377	457	336	297	163	181	84	274	175	256	95	152	188	180	402	280	|
|431	184	556	280	238	237	460	0	199	385	420	508	337	385	108	464	110	429	219	269	206	378	202	365	460	30	98	84	388	340	204	9	126	386	432	294	453	283	421	226	411	404	408	423	422	198	|
|236	121	361	80	145	37	262	199	0	191	255	310	138	197	191	290	114	312	118	72	133	330	69	175	262	229	132	204	279	186	174	195	75	258	251	102	262	153	254	81	216	230	246	257	353	72	|
|139	290	171	120	282	156	92	385	191	0	116	129	71	27	380	246	283	235	201	119	226	329	231	141	129	414	323	367	224	119	336	383	266	308	202	141	72	252	112	169	127	82	118	117	322	195	|
|252	371	191	208	377	230	180	420	255	116	0	187	178	90	443	361	311	127	204	195	224	246	313	257	232	446	382	380	129	81	423	421	320	422	318	242	100	355	5	195	241	34	15	2	225	224	|
|136	390	64	231	369	273	52	508	310	129	187	0	173	141	491	233	409	313	330	239	355	431	335	191	93	538	438	495	316	233	429	505	385	342	203	233	88	325	182	297	143	167	199	187	412	323	|
|116	222	228	58	212	101	124	337	138	71	178	173	0	91	319	206	244	284	187	69	212	357	165	85	130	367	265	333	264	151	267	333	213	244	161	70	140	181	175	145	97	145	177	180	359	165	|
|166	302	174	132	299	164	112	385	197	27	90	141	91	0	388	273	280	208	191	127	215	305	243	167	153	413	329	361	198	96	351	383	270	333	229	159	68	272	86	163	153	56	92	91	296	190	|
|390	111	546	262	157	224	440	108	191	380	443	491	319	388	0	399	164	480	264	261	261	456	156	320	426	125	62	186	442	369	107	99	125	300	374	260	452	210	443	252	372	420	433	446	494	227	|
|110	289	294	230	242	261	199	464	290	246	361	233	206	273	399	0	402	480	382	254	404	562	262	124	143	493	369	490	466	355	302	457	344	135	45	191	279	189	356	337	120	328	364	362	563	348	|
|349	169	453	190	215	148	364	110	114	283	311	409	244	280	164	402	0	324	110	174	101	292	151	289	372	135	109	90	284	230	212	111	70	354	364	216	348	245	312	118	329	295	298	313	330	90	|
|374	434	306	294	452	300	307	429	312	235	127	313	284	208	480	480	324	0	216	274	223	137	380	368	357	448	419	367	40	136	487	432	358	525	436	336	227	443	132	234	361	156	119	127	102	255	|
|303	230	364	151	261	127	292	219	118	201	204	330	187	191	264	382	110	216	0	128	25	213	185	258	314	243	203	176	178	123	282	221	144	372	338	193	256	270	206	45	283	193	191	206	239	46	|
|180	177	289	24	183	38	191	269	72	119	195	239	69	127	261	254	174	274	128	0	151	321	118	130	198	299	204	263	246	139	228	266	147	258	211	68	191	169	193	83	159	166	188	197	333	98	|
|327	238	388	174	273	147	317	206	133	226	224	355	212	215	261	404	101	223	25	151	0	203	198	281	339	228	202	156	184	143	288	209	146	390	362	215	280	286	226	68	308	215	210	226	235	61	|
|464	441	435	345	474	333	415	378	330	329	246	431	357	305	456	562	292	137	213	321	203	0	398	440	458	390	400	301	117	211	492	384	348	578	517	389	344	480	251	251	448	265	233	246	54	259	|
|236	59	393	112	76	83	284	202	69	231	313	335	165	243	156	262	151	380	185	118	198	398	0	167	270	231	110	233	347	250	110	195	85	203	230	103	303	95	311	150	217	284	305	315	422	139	|
|70	212	254	107	181	142	140	365	175	141	257	191	85	167	320	124	289	368	258	130	281	440	167	0	109	394	277	378	349	236	244	359	239	167	81	73	196	135	253	213	53	223	257	258	444	226	|
|44	319	157	183	290	225	57	460	262	129	232	93	130	153	426	143	372	357	314	198	339	458	270	109	0	490	379	462	351	247	353	456	334	250	110	168	140	243	226	274	56	201	238	232	449	294	|
|461	211	585	309	264	266	490	30	229	414	446	538	367	413	125	493	135	448	243	299	228	390	231	394	490	0	125	89	408	365	226	36	156	412	462	324	481	311	447	253	441	430	433	448	436	225	|
|346	86	491	207	140	167	387	98	132	323	382	438	265	329	62	369	109	419	203	204	202	400	110	277	379	125	0	155	381	307	113	90	63	288	339	211	394	186	382	190	327	359	371	384	436	165	|
|439	235	536	280	287	238	452	84	204	367	380	495	333	361	186	490	90	367	176	263	156	301	233	378	462	89	155	0	326	299	267	92	148	432	454	306	429	325	382	199	419	369	366	382	348	172	|
|363	399	318	268	421	270	304	388	279	224	129	316	264	198	442	466	284	40	178	246	184	117	347	349	351	408	381	326	0	113	452	391	321	502	422	311	229	415	134	199	348	152	118	130	98	219	|
|254	306	254	158	320	168	208	340	186	119	81	233	151	96	369	355	230	136	123	139	143	211	250	236	247	365	307	299	113	0	359	340	244	390	310	200	148	308	83	117	238	74	68	83	208	145	|
|312	53	490	219	63	193	377	204	174	336	423	429	267	351	107	302	212	487	282	228	288	492	110	244	353	226	113	267	452	359	0	195	145	194	283	199	407	115	421	254	296	394	415	425	521	237	|
|426	176	554	276	229	233	457	9	195	383	421	505	333	383	99	457	111	432	221	266	209	384	195	359	456	36	90	92	391	340	195	0	122	378	426	289	451	275	421	226	406	404	408	423	427	197	|
|305	99	436	155	145	112	336	126	75	266	320	385	213	270	125	344	70	358	144	147	146	348	85	239	334	156	63	148	321	244	145	122	0	286	310	168	336	177	320	128	285	298	309	322	381	103	|
|206	202	407	235	148	246	297	386	258	308	422	342	244	333	300	135	354	525	372	258	390	578	203	167	250	412	288	432	502	390	194	378	286	0	144	191	362	109	418	329	202	388	421	423	591	329	|
|71	263	266	187	221	221	163	432	251	202	318	203	161	229	374	45	364	436	338	211	362	517	230	81	110	462	339	454	422	310	283	426	310	144	0	150	239	168	313	294	77	285	321	319	518	306	|
|137	157	292	45	142	70	181	294	102	141	242	233	70	159	260	191	216	336	193	68	215	389	103	73	168	324	211	306	311	200	199	289	168	191	150	0	210	113	239	148	117	210	238	244	400	157	|
|169	361	108	192	352	228	84	453	262	72	100	88	140	68	452	279	348	227	256	191	280	344	303	196	140	481	394	429	229	148	407	451	336	362	239	210	0	318	95	231	164	79	111	100	325	258	|
|200	101	388	150	53	148	274	283	153	252	355	325	181	272	210	189	245	443	270	169	286	480	95	135	243	311	186	325	415	308	115	275	177	109	168	113	318	0	352	230	187	323	351	357	498	225	|
|247	370	186	205	374	228	175	421	254	112	5	182	175	86	443	356	312	132	206	193	226	251	311	253	226	447	382	382	134	83	421	421	320	418	313	239	95	352	0	196	237	30	19	6	230	224	|
|260	201	337	107	226	84	256	226	81	169	195	297	145	163	252	337	118	234	45	83	68	251	150	213	274	253	190	199	199	117	254	226	128	329	294	148	231	230	196	0	240	178	184	198	272	29	|
|20	264	207	140	234	180	95	411	216	127	241	143	97	153	372	120	329	361	283	159	308	448	217	53	56	441	327	419	348	238	296	406	285	202	77	117	164	187	237	240	0	208	245	242	446	257	|
|219	344	181	177	346	202	152	404	230	82	34	167	145	56	420	328	295	156	193	166	215	265	284	223	201	430	359	369	152	74	394	404	298	388	285	210	79	323	30	178	208	0	37	35	250	206	|
|256	364	205	202	370	222	188	408	246	118	15	199	177	92	433	364	298	119	191	188	210	233	305	257	238	433	371	366	118	68	415	408	309	421	321	238	111	351	19	184	245	37	0	17	214	212	|
|253	374	190	210	378	232	180	423	257	117	2	187	180	91	446	362	313	127	206	197	226	246	315	258	232	448	384	382	130	83	425	423	322	423	319	244	100	357	6	198	242	35	17	0	225	226	|
|460	469	408	356	498	351	402	422	353	322	225	412	359	296	494	563	330	102	239	333	235	54	422	444	449	436	436	348	98	208	521	427	381	591	518	400	325	498	230	272	446	250	214	225	0	285	|
|278	184	364	119	215	87	280	198	72	195	224	323	165	190	227	348	90	255	46	98	61	259	139	226	294	225	165	172	219	145	237	197	103	329	306	157	258	225	224	29	257	206	212	226	285	0	|

--------------------------------------------------------------------------------
Building model...
	using lazy and cut (CVRPSEP package)
Solving IRP LP...
--------------------------------------------------------------------------------

Gurobi 9.1.0 (linux64) logging started Sat Feb  6 17:51:57 2021

Gurobi Optimizer version 9.1.0 build v9.1.0rc0 (linux64)
Thread count: 32 physical cores, 32 logical processors, using up to 2 threads
Optimize a model with 1714 rows, 13696 columns and 32245 nonzeros
Model fingerprint: 0x335ce114
Variable types: 724 continuous, 12972 integer (552 binary)
Coefficient statistics:
  Matrix range     [1e+00, 7e+13]
  Objective range  [1e-01, 6e+02]
  Bounds range     [1e+00, 3e+02]
  RHS range        [1e+00, 6e+03]
Warning: Model contains large matrix coefficient range
         Consider reformulating model or setting NumericFocus parameter
         to avoid numerical issues.
Presolve removed 487 rows and 1056 columns
Presolve time: 0.26s
Presolved: 1227 rows, 12640 columns, 28230 nonzeros
Variable types: 440 continuous, 12200 integer (11654 binary)

Root relaxation: objective 1.314057e+04, 1496 iterations, 0.06 seconds

    Nodes    |    Current Node    |     Objective Bounds      |     Work
 Expl Unexpl |  Obj  Depth IntInf | Incumbent    BestBd   Gap | It/Node Time

     0     0 13140.5741    0  118          - 13140.5741      -     -    0s
     0     0 13468.4808    0  118          - 13468.4808      -     -    0s
     0     0 13894.3748    0  213          - 13894.3748      -     -    1s
     0     0 13933.4330    0  223          - 13933.4330      -     -    1s
     0     0 13947.4992    0  262          - 13947.4992      -     -    2s
     0     0 13948.1649    0  259          - 13948.1649      -     -    2s
     0     0 13948.1649    0  259          - 13948.1649      -     -    2s
     0     0 14155.7611    0  304          - 14155.7611      -     -    2s
     0     0 14169.1236    0  252          - 14169.1236      -     -    2s
     0     0 14169.2834    0  294          - 14169.2834      -     -    2s
     0     0 14252.4880    0  255          - 14252.4880      -     -    3s
     0     0 14264.2724    0  252          - 14264.2724      -     -    3s
     0     0 14268.7978    0  282          - 14268.7978      -     -    3s
     0     0 14269.1305    0  298          - 14269.1305      -     -    3s
     0     0 14317.6665    0  354          - 14317.6665      -     -    4s
     0     0 14326.8796    0  431          - 14326.8796      -     -    4s
     0     0 14336.9768    0  417          - 14336.9768      -     -    4s
     0     0 14412.9438    0  453          - 14412.9438      -     -    4s
     0     0 14420.7130    0  464          - 14420.7130      -     -    4s
     0     0 14424.4701    0  480          - 14424.4701      -     -    4s
     0     0 14425.6873    0  461          - 14425.6873      -     -    4s
     0     0 14444.0661    0  430          - 14444.0661      -     -    5s
     0     0 14448.7521    0  444          - 14448.7521      -     -    5s
     0     0 14450.0221    0  406          - 14450.0221      -     -    5s
     0     0 14456.6562    0  404          - 14456.6562      -     -    5s
     0     0 14456.6562    0  407          - 14456.6562      -     -    6s
     0     2 14456.6562    0  400          - 14456.6562      -     -    7s
    17    21 14507.5618    6  354          - 14457.6369      -   443   10s
   120   112 14763.9826   34  289          - 14457.6369      -   239   15s
   266   279 15827.0202   76  169          - 14457.6369      -   199   20s
   525   616 17549.3210  167   76          - 14457.6369      -   139   25s
   862   843 14620.7809    6  381          - 14469.4240      -  98.5   31s
   900   849 16501.3075  129  198          - 14469.4240      -  97.6   35s
   914   858 15755.3274   72  614          - 14549.8040      -  96.1   42s
   924   865 15933.8543   70  647          - 14570.9309      -  95.0   45s
   933   871 16198.1196  104  540          - 14574.3428      -  94.1   50s
   943   879 16410.1644  113  133          - 14574.4454      -   108   55s
   959   890 16376.8074  114  523          - 14577.2808      -   107   62s
   965   894 17429.7259  174  550          - 14578.0375      -   106   65s
   972   899 17999.0446  224  552          - 14578.2349      -   105   72s
   977   905 14663.7105   32  334          - 14579.8927      -   120   75s
   998   915 14651.5159   37  411          - 14598.8441      -   132   80s
  1024   934 14628.8922   44  481          - 14598.8441      -   143   85s
  1061   961 14679.6275   54  437          - 14598.8441      -   153   90s
  1122  1008 14842.5442   66  381          - 14598.8441      -   164   95s
  1187  1052 14862.8465   78  401          - 14598.8441      -   170  100s
  1282  1123 14927.8915   95  375          - 14598.8441      -   174  105s
  1384  1220 14995.5731  108  361          - 14598.8441      -   173  110s
  1535  1331 15141.1334  121  270          - 14598.8441      -   168  115s
  1717  1389 15257.2609  132  187          - 14598.8441      -   158  121s
  1804  1431 15416.2367  152  266          - 14598.8441      -   156  125s
  1885  1500 15739.2407  187  201          - 14598.8441      -   158  131s
  1948  1540 15932.4991  215  184          - 14598.8441      -   158  135s
  2025  1653 16158.0018  250   82          - 14598.8441      -   158  140s
  2161  1649 14682.6877   35  511          - 14612.4133      -   154  146s
  2178  1664 14670.8328   36  481          - 14612.4133      -   157  151s
  2200  1677 14724.9390   42  425          - 14612.4133      -   160  156s
  2222  1695 14793.6418   44  245          - 14612.4133      -   162  160s
  2258  1716 14903.5457   49  303          - 14612.4133      -   166  166s
  2279  1734 14816.3198   56  370          - 14612.4133      -   169  170s
  2323  1764 14937.3816   64  304          - 14612.4133      -   173  176s
  2357  1799 15006.0969   66  370          - 14612.4133      -   176  181s
  2409  1824 15028.1538   74  431          - 14612.4133      -   178  186s
  2451  1875 15079.7791   78  326          - 14612.4133      -   180  192s
  2522  1928 15137.7164   84  280          - 14612.4133      -   182  198s
  2567  1977 15430.8446   87  174          - 14612.4133      -   182  201s
  2631  2035 15243.3498   94  124          - 14612.4133      -   182  205s
  2808  2201 15544.1399  113   79          - 14612.4133      -   179  215s
  2935  2237 15663.8363  125  109          - 14612.4133      -   176  221s
  3014  2396 16023.1754  130  155          - 14612.4133      -   175  227s
  3207  2571 16092.3258  149   94          - 14616.7932      -   169  234s
  3293  2543 16492.3184  188   15          - 14616.7932      -   166  235s
  3540  2515 14747.9289   36  464          - 14623.6229      -   158  242s
  3548  2520 14768.9767   38  524          - 14623.6229      -   160  245s
  3556  2524 14857.8828   41  326          - 14623.6229      -   162  251s
  3574  2538 14844.3357   45  422          - 14623.6229      -   165  258s
  3583  2546 14870.7703   48  572          - 14623.6229      -   166  261s
  3594  2559 15027.8418   47  535          - 14623.6229      -   169  265s
  3634  2593 15045.0703   56  233          - 14623.6229      -   171  272s
  3658  2622 15010.7992   60  394          - 14623.6229      -   172  276s
  3695  2671 15243.5333   68  296          - 14623.6229      -   173  280s
  3747  2748 15141.8487   72  211          - 14623.6229      -   174  286s
  3824  2876 15237.3186   78  220          - 14623.6229      -   174  291s
  3952  2963 15383.9488   87  175          - 14623.6229      -   172  297s
  4067  3041 15340.3884  103  164          - 14623.6229      -   170  303s
  4131  3192 15798.1922  131  139          - 14623.6229      -   170  310s
  4292  3235 16340.9500  162    2          - 14640.9418      -   168  317s
  4404  3295 14963.3328   39  230          - 14640.9418      -   166  323s
  4427  3332 15035.4920   43  238          - 14640.9418      -   168  328s
  4464  3387 15092.0413   48  394          - 14640.9418      -   169  334s
  4519  3534 15149.1627   53  289          - 14640.9418      -   170  343s
  4614  3534 15996.6836  131   52          - 14640.9418      -   170  345s
  4738  3594 15236.9564   56  298          - 14640.9418      -   167  352s
  4762  3628 15203.8076   67  286          - 14640.9418      -   168  358s
  4796  3705 15376.1828   80  129          - 14640.9418      -   170  364s
  4847  3705 15429.9866  108   71          - 14640.9418      -   170  365s
  4873  3802 15420.2556  106  106          - 14640.9418      -   170  373s
  4970  4070 15611.9105  128   44          - 14642.7305      -   171  386s
  5328  4260 14920.5912   42  298          - 14642.7305      -   164  397s
  5485  4351 15046.6332   50  265          - 14642.7305      -   163  406s
  5624  4456 15121.6737   58  224          - 14642.7305      -   163  415s
  5706  4591 15388.8326   81  199          - 14642.7305      -   163  423s
  5841  4850 15743.4497  111  126          - 14643.7513      -   163  436s
  6124  4972 14893.8056   41  399          - 14643.7513      -   160  447s
  6258  5049 15068.3414   55  239          - 14643.7513      -   159  457s
  6323  5144 15188.4305   81  209          - 14643.7513      -   161  466s
  6418  5364 15640.3811  105  128          - 14643.7513      -   162  476s
  6664  5622 16629.2104  167   33          - 14649.4118      -   160  488s
  6999  5778 14927.9774   56  240          - 14649.4118      -   156  499s
  7034  5778 15119.9969   67   89          - 14649.4118      -   156  500s
  7126  5885 15136.6814   70  121          - 14649.4118      -   156  511s
  7231  6024 16142.1633  109   36          - 14651.8371      -   157  522s
  7382  6109 15210.2937   58  301          - 14651.8371      -   157  534s
  7460  6429 15474.8003   70  194          - 14651.8371      -   159  548s
  7720  6429 15728.7743  132   86          - 14651.8371      -   158  551s
  7782  6751 16046.8446  114   46          - 14664.4217      -   158  567s
  8071  6782 17648.0300  193    5          - 14664.4217      -   153  570s
  8274  6882 14871.3156   34  589          - 14665.2910      -   151  582s
  8321  6973 15000.4502   45  388          - 14665.2910      -   153  598s
  8412  7155 15114.0582   60  274          - 14665.2910      -   154  610s
  8632  7298 15293.4450   82  223          - 14665.2910      -   154  624s
  8652  7298 15540.9874   88  154          - 14665.2910      -   154  625s
  8756  7451 15861.7025  122   32          - 14665.2910      -   155  641s
  8987  7544 14994.7205   37  472          - 14666.5593      -   154  653s
  9042  7695 15050.2927   45  488          - 14666.5593      -   155  666s
  9197  7789 15212.7004   57  383          - 14666.5593      -   156  679s
  9214  7789 15221.5977   69  301          - 14666.5593      -   156  680s
  9311  7844 15315.3073   74  282          - 14666.5593      -   157  691s
  9363  7927 15585.9896   86  209          - 14666.5593      -   158  702s
  9446  8093 16039.5122  115  120          - 14670.8472      -   160  717s
  9654  8199 14903.4239   38  307          - 14670.8472      -   159  731s
  9739  8505 15274.7640   64   41          - 14670.9009      -   161  752s
  9998  8521 16016.1695  108   23          - 14670.9009      -   160  755s
 10015  8524 16063.9489  117   10          - 14670.9009      -   160  764s
 10083  8531 16301.8579  142   15          - 14670.9009      -   159  765s
 10151  8588 14934.6551   39  410          - 14670.9009      -   159  775s
 10185  8667 15136.5821   47  184          - 14673.3627      -   161  787s
 10264  8814 15226.3113   75  186          - 14673.3627      -   162  799s
 10281  8814 15517.4208   80  200          - 14673.3627      -   162  800s
 10427  9235 15583.6311  101   99          - 14684.0061      -   162  819s
 10512  9235 16428.6247  125   41          - 14684.0061      -   162  820s
 10962  9521 14816.1045   50  336          - 14684.0061      -   157  842s
 11165  9534 16217.4700  144    -          - 14684.0061      -   156  845s
 11269  9721 15088.9515   67  171          - 14684.0061      -   156  858s
 11388  9721 15438.4400  118   28          - 14684.0061      -   155  860s
 11431  9866 16248.7649  125   76          - 14688.3660      -   156  872s
 11640 10069 15132.7464   51  346          - 14688.3660      -   156  887s
 11876 10102 16661.7700  165    -          - 14688.3660      -   155  890s
 11879 10158 15257.2246   66  263          - 14688.3660      -   155  901s
 11934 10236 15400.5077   77  131          - 14688.3660      -   156  912s
 12012 10471 15623.0289   93   83          - 14688.3660      -   158  928s
 12165 10471 16102.9210  124   19          - 14688.3660      -   157  930s
 12271 10633 16479.5576  123   63          - 14690.3716      -   157  942s
 12469 10816 15060.8057   44  367          - 14690.3716      -   157  958s
 12610 10826 16492.7450  148   10          - 14690.3716      -   157  960s
 12689 10891 15239.2148   58  297          - 14690.3716      -   157  976s
 12738 10975 15465.3700   68  208          - 14690.3716      -   158  990s
 12822 11087 16050.6422   90  181          - 14690.3716      -   159 1010s
 12964 11368 16145.1978  110   98          - 14690.3716      -   159 1038s
 13269 11382 17119.0300  153    -          - 14690.3716      -   159 1042s
 13296 11432 14876.0385   54  458          - 14691.3071      -   159 1051s
 13334 11499 15206.1946   60  381          - 14691.3071      -   160 1062s
 13401 11628 15300.5878   77  209          - 14691.3071      -   161 1075s
 13530 11902 15637.8327  114   80          - 14698.2781      -   161 1094s
 13564 11902 15791.2063  125   80          - 14698.2781      -   161 1095s
 13848 12161 15073.7208   54  448          - 14698.2781      -   160 1112s
 14088 12168 17262.9200  195    -          - 14698.2781      -   159 1115s
 14138 12267 15309.2089   70  244          - 14698.2781      -   159 1136s
 14221 12414 15543.6517   83  136          - 14698.2781      -   160 1148s
 14355 12414 15746.5207  103  114          - 14698.2781      -   160 1150s
 14368 12691 15875.9713  118  120          - 14701.2536      -   160 1164s
 14453 12691 16491.4185  146   39          - 14701.2536      -   160 1165s
 14681 12777 15255.5723   62  217          - 14704.2596      -   159 1183s
 14749 12789 15462.5612   78  183          - 14704.2596      -   160 1252s
 14761 12899 15555.6458   80  229          - 14704.2596      -   160 1265s
 14871 13089 16081.5285  114   48          - 14705.0192      -   161 1280s
 15101 13307 15085.8312   52  326          - 14705.0192      -   160 1295s
 15342 13379 15206.4082   60  323          - 14705.0192      -   160 1313s
 15396 13468 15411.4459   78  147          - 14705.0192      -   161 1326s
 15485 13852 15509.2850  104  100          - 14705.0192      -   162 1350s
 15919 14144 16374.6957  170   59          - 14708.4822      -   161 1369s
 15936 14144 17467.8946  201   14          - 14708.4822      -   161 1370s
 16282 14247 15089.9176   50  302          - 14709.2401      -   159 1389s
 16327 14247 15344.2001   73  212          - 14709.2401      -   160 1390s
 16338 14395 15218.2096   59  359          - 14709.2401      -   160 1443s
 16486 14402 16082.3400  121    -          - 14709.2401      -   160 1445s
 16528 14662 15334.2849   87  161          - 14709.2401      -   160 1461s
 16834 14784 15978.1600  123   14          - 14713.8931      -   160 1476s
 16964 14890 15108.7828   65  335          - 14713.8931      -   160 1492s
 17053 15073 15288.2357   76  323          - 14713.8931      -   161 1506s
 17236 15270 15486.5326   92  260          - 14713.8931      -   161 1521s
 17501 15565 15874.5641  108  176          - 14718.8037      -   160 1537s
 17896 15712 15019.4377   61  384          - 14718.8793      -   159 1553s
 17978 15860 15237.8944   72  289          - 14718.8793      -   159 1573s
 18120 15870 15823.9000  118    2          - 14718.8793      -   159 1575s
 18205 16019 15672.7751   94  223          - 14718.8793      -   160 1588s
 18324 16217 15784.6290  129  111          - 14723.0362      -   160 1602s
 18546 16406 15092.4778   46  186          - 14723.0362      -   160 1624s
 18563 16406 15078.3161   55  150          - 14723.0362      -   160 1625s
 18803 16543 15159.3492   66  183          - 14723.0362      -   160 1641s
 18900 16658 15714.1511  111   10          - 14723.0362      -   161 1665s
 19075 16728 14912.0751   43  469          - 14725.0922      -   161 1679s
 19115 16919 15132.3976   48  307          - 14725.0922      -   162 1701s
 19356 16960 15455.5707   54  359          - 14725.0922      -   162 1715s
 19383 17004 15567.1548   62  309          - 14725.0922      -   163 1728s
 19427 17082 15658.5357   75  291          - 14725.0922      -   164 1741s
 19505 17212 15811.2739   86  166          - 14725.0922      -   164 1756s
 19635 17592 16011.8423   99  288          - 14725.0922      -   165 1776s
 19703 17592 16381.1597  123  115          - 14725.0922      -   165 1785s
 20072 17629 17028.7614  167    9          - 14725.0922      -   163 1790s
 20115 17986 16459.8608  135   98          - 14726.9310      -   163 1808s
 20200 17986 16707.7227  156   64          - 14726.9310      -   163 1810s
 20541 18090 15145.9992   46  263          - 14726.9310      -   162 1828s
 20609 18237 15484.5312   68   89          - 14730.0697      -   162 1846s
 20800 18418 15249.1690   47  308          - 14730.0697      -   163 1885s
 20992 18578 15510.1631   67  187          - 14730.0697      -   163 1901s
 21144 18954 15787.7609  124   13          - 14731.6131      -   163 1926s
 21433 18989 15664.5460   92   96          - 14731.6131      -   162 1930s
 21616 19037 15022.5132   59  313          - 14731.6131      -   162 1943s
 21651 19079 15156.3142   71  281          - 14731.6608      -   163 1954s
 21679 19079 15229.0165   88  337          - 14731.6608      -   163 1955s
 21707 19205 15312.1749   95  212          - 14731.6608      -   163 1968s
 21833 19431 15750.4793  125   82          - 14732.3695      -   164 1984s
 21884 19431 16303.4145  139   50          - 14732.3695      -   163 1985s
 22173 19518 15021.5699   43  320          - 14732.3695      -   162 2002s
 22209 19580 15264.0784   50  276          - 14732.3695      -   163 2015s
 22271 19930 15368.4255   69   81          - 14732.6949      -   164 2031s
 22735 20165 14869.4565   51  368          - 14732.6949      -   163 2052s
 22957 20192 17235.3879  175   16          - 14732.6949      -   163 2055s
 22985 20281 15229.4498   67  167          - 14732.6949      -   162 2067s
 23065 20645 15354.3956   82  177          - 14732.6949      -   163 2083s
 23374 20645 16439.1763  146    8          - 14732.6949      -   162 2086s
 23425 20648 16551.8160  170    9          - 14732.6949      -   162 2090s
 23443 20899 16079.7609  148   35          - 14736.6727      -   162 2103s
 23613 20923 17264.0148  195   14          - 14736.6727      -   161 2105s
 23852 21016 15038.4379   62  275          - 14736.7392      -   161 2118s
 23889 21072 15152.1514   71  261          - 14736.7392      -   161 2142s
 23945 21162 15396.4428   92  245          - 14736.7392      -   162 2154s
 23962 21162 15460.8250  100  156          - 14736.7392      -   162 2155s
 24039 21369 15602.9002  118  114          - 14737.0622      -   162 2170s
 24318 21577 15036.0303   43  356          - 14737.0622      -   162 2186s
 24552 21700 15171.3773   55  258          - 14737.0622      -   162 2201s
 24645 21977 15354.5952   72  203          - 14737.0622      -   162 2216s
 24730 21977 15916.4720  116   27          - 14737.0622      -   162 2221s
 24956 22096 16115.7157  132   45          - 14741.9003      -   162 2236s
 25084 22353 15182.2254   70  282          - 14741.9003      -   162 2254s
 25179 22353 16080.5056   91   60          - 14741.9003      -   162 2255s
 25358 22469 15314.3939   82  248          - 14741.9003      -   161 2278s
 25495 22486 18125.3700  176    -          - 14741.9003      -   161 2280s
 25505 22720 15713.8368  103  174          - 14743.2617      -   161 2294s
 25539 22720 15882.8086  116   56          - 14743.2617      -   162 2295s
 25777 22760 18016.1733  191    4          - 14743.2617      -   160 2301s
 25847 22898 14788.9954   42  470          - 14743.2617      -   161 2316s
 25968 23061 15100.2804   55  182          - 14743.2617      -   161 2330s
 26163 23251 15603.8572   81  141          - 14743.2617      -   161 2382s
 26357 23527 14907.9155   58  529          - 14746.1515      -   161 2401s
 26624 23597 15232.3939   65  413          - 14746.1515      -   160 2415s
 26722 23665 15565.1258   77  354          - 14746.1515      -   161 2428s
 26778 23809 15644.8745   98  231          - 14746.1515      -   161 2441s
 26930 24151 16672.2813  126  111          - 14747.2215      -   161 2460s
 27288 24197 19055.5247  234    5          - 14747.2215      -   160 2465s
 27372 24322 14901.6048   48  484          - 14747.2215      -   160 2478s
 27514 24450 15067.8221   54  419          - 14747.2215      -   160 2493s
 27631 24664 15207.0919   57  269          - 14747.2215      -   160 2514s
 27678 24664 16525.3137  118   84          - 14747.2215      -   161 2515s
 27929 24765 15276.1255   59  420          - 14747.2215      -   160 2531s
 27988 24871 15562.2770   75  173          - 14747.2215      -   160 2545s
 28094 25071 15704.8411  122   39          - 14753.4387      -   161 2561s
 28348 25204 15001.8752   60  472          - 14753.4387      -   160 2576s
 28454 25383 15281.6932   71  298          - 14753.4387      -   161 2592s
 28655 25460 15461.4720   88  251          - 14753.4387      -   161 2606s
 28749 25665 15859.4938  101  156          - 14753.4387      -   161 2620s
 28940 26017 16417.6557  161   55          - 14754.5211      -   161 2638s
 29059 26019 17071.4275  202    9          - 14754.5211      -   161 2640s
 29364 26110 14963.0696   57  322          - 14757.4517      -   160 2655s
 29421 26226 15313.2669   76  138          - 14757.4517      -   160 2669s
 29438 26226 15503.9930   82  146          - 14757.4517      -   161 2670s
 29539 26434 16177.9101  114   50          - 14757.4517      -   161 2686s
 29845 26539 14898.2484   51  348          - 14757.4517      -   160 2702s
 29931 26599 15271.9708   69  232          - 14757.4517      -   161 2717s
 29976 26681 15774.4081   82   92          - 14758.9370      -   161 2736s
 30090 26826 16475.8606  100   83          - 14758.9370      -   162 2756s
 30267 26998 14974.1594   67  461          - 14760.4133      -   162 2774s
 30281 26998 15695.3067   78  121          - 14760.4133      -   162 2775s
 30449 27041 15140.5969   75  358          - 14760.4133      -   162 2789s
 30502 27120 15421.7839   88  272          - 14760.4133      -   163 2802s
 30571 27305 15476.2405   98  329          - 14760.4133      -   163 2818s
 30665 27305 16054.0063   88   85          - 14760.4133      -   163 2820s
 30856 27451 15711.7506  111  267          - 14760.4133      -   162 2834s
 30891 27451 15851.8207  123  216          - 14760.4133      -   163 2835s
 30952 27762 15909.5441  126  213          - 14760.4133      -   163 2861s
 31208 27785 17175.8059  159   14          - 14760.4133      -   162 2865s
 31371 28005 16443.2031  145   80          - 14762.7299      -   162 2885s
 31665 28088 14933.5712   67  463          - 14763.2015      -   161 2902s
 31721 28155 15267.2423   83  313          - 14763.2015      -   162 2916s
 31776 28266 15566.5694   97  217          - 14763.2015      -   162 2930s
 31887 28402 16456.7081  136   95          - 14765.2944      -   162 2946s
 32071 28497 15090.2983   52  290          - 14765.2944      -   162 2961s
 32146 28736 15345.4980   78   97          - 14765.5609      -   163 2984s
 32180 28736 15481.0187   97   57          - 14765.5609      -   163 2985s
 32493 28812 14986.2532   44  579          - 14765.8313      -   162 3001s
 32516 28864 15297.0760   54  321          - 14765.8313      -   163 3014s
 32538 28864 15774.2192   46  333          - 14765.8313      -   163 3015s
 32568 28941 15406.5685   63  147          - 14765.8313      -   163 3028s
 32645 29072 15912.0230   82  181          - 14765.8313      -   164 3043s
 32776 29207 16468.8712  117  106          - 14770.2757      -   164 3060s
 32957 29389 14845.8436   39  348          - 14770.2757      -   164 3079s
 33138 29558 14956.8801   45  198          - 14770.2757      -   164 3096s
 33412 29673 15320.5902   72  161          - 14770.2757      -   163 3117s
 33474 29852 15665.2293   95   28          - 14770.2757      -   164 3136s
 33702 30022 15182.7105   51  477          - 14771.6034      -   164 3165s
 33919 30149 15387.1996   72   62          - 14772.5857      -   164 3186s
 34058 30346 15510.8970   72  124          - 14772.5857      -   164 3242s
 34197 30352 16582.6267  153    9          - 14772.5857      -   164 3245s
 34260 30519 14894.2631   43  525          - 14774.5469      -   164 3264s
 34283 30519 15619.5346   98  113          - 14774.5469      -   164 3265s
 34421 30582 14992.6897   47  372          - 14774.5469      -   164 3284s
 34530 30641 15070.2874   48  511          - 14774.5469      -   164 3299s
 34566 30713 15227.2152   54  385          - 14774.5469      -   165 3312s
 34638 30831 15301.6088   57  299          - 14774.5469      -   165 3327s
 34760 30919 15486.2752   70  232          - 14774.5469      -   165 3343s
 34879 30922 17346.2100  155    4          - 14774.5469      -   165 3345s
 34936 31061 15642.0050   78  225          - 14774.5469      -   165 3361s
 35063 31215 16056.5018  127   85          - 14780.7056      -   165 3378s
 35182 31217 16942.2450  160   13          - 14780.7056      -   165 3380s
 35249 31390 14968.7515   45  420          - 14780.7056      -   165 3396s
 35426 31444 15163.9083   57  236          - 14780.7056      -   165 3411s
