




arguments: ./build/bc_mirp -f ./input/orig_exec_130.cfg
Current dir: /scratch/gui/bc_mirp
File verbosity level: 9
date       time         ( uptime  ) [ thread name/id ]                   file:line     v| 
2021-02-07 22:10:39.189 (   0.142s) [main thread     ]             loguru.cpp:789   INFO| Logging to './output/vi_vc+lex_full/OU/V4/Original/execution_07_02_2021_22_10_39.log', mode: 'a', verbosity: 9
--------------------------------------------------------------------------------
Parameters
                           instance_path           ./input/Instances/Original/3/
                            model_policy                                       1
                             nb_vehicles                                       4
                              output_dir ./output/vi_vc+lex_full/OU/V4/Original/
                            sec_strategy                                       1
                       solver_nb_threads                                       2
                         solver_show_log                                    true
                       solver_time_limit                                    3600
                              use_vi_cos                                   false
                              use_vi_cus                                   false
                         use_vi_hc1_full                                   false
                         use_vi_hc1_half                                   false
                      use_vi_hc1_quarter                                   false
                              use_vi_hc2                                   false
                              use_vi_hc3                                   false
                         use_vi_lex_full                                    true
                         use_vi_lex_half                                   false
                      use_vi_lex_quarter                                   false
                              use_vi_qua                                   false
                               use_vi_vc                                    true
                               use_vi_vr                                   false
--------------------------------------------------------------------------------
executing instance: ./input/Instances/Original/3/absH3low_2n5.dat
--------------------------------------------------------------------------------
Instance details
n	6
H	3
C	237
Li:
[0, 0, 0, 0, 0, 0, ]
Ui:
[0, 93, 180, 51, 114, 24, ]
Distance matrix:
|0	170	318	35	112	235	|
|170	0	311	205	258	301	|
|318	311	0	326	278	137	|
|35	205	326	0	89	230	|
|112	258	278	89	0	160	|
|235	301	137	230	160	0	|

--------------------------------------------------------------------------------
Building model...
	using lazy and cut (CVRPSEP package)
Solving IRP LP...
--------------------------------------------------------------------------------

Gurobi 9.1.0 (linux64) logging started Sun Feb  7 22:10:39 2021

Gurobi Optimizer version 9.1.0 build v9.1.0rc0 (linux64)
Thread count: 32 physical cores, 32 logical processors, using up to 2 threads
Optimize a model with 234 rows, 336 columns and 1245 nonzeros
Model fingerprint: 0x0d9e2d88
Variable types: 84 continuous, 252 integer (72 binary)
Coefficient statistics:
  Matrix range     [1e+00, 2e+02]
  Objective range  [1e-02, 3e+02]
  Bounds range     [1e+00, 2e+02]
  RHS range        [1e+00, 5e+02]
Presolve removed 24 rows and 46 columns
Presolve time: 0.00s

Explored 0 nodes (0 simplex iterations) in 0.01 seconds
Thread count was 1 (of 32 available processors)

Solution count 0

Model is infeasible
Best objective -, best bound -, gap -

User-callback calls 32, time in user-callback 0.00 sec

Computing Irreducible Inconsistent Subsystem (IIS)...

           Constraints          |            Bounds           |  Runtime
      Min       Max     Guess   |   Min       Max     Guess   |
--------------------------------------------------------------------------
        0       234         -         0       464         -           0s
       11       193         -         0       452         -           5s
       17       189         -         0       449         -          10s
       26       182         -         0       446         -          16s
       33       171        40         0       439         -          21s
       40       150        40         0       403         -          25s
       51       147        51         0       402         -          31s
       51       140        51         0       388         -          35s
       53       132        53         0       376         -          41s
       55       124        60         0       341         -          45s
       55       116        60         0       340         -          50s
       58       108        60         0       325         -          55s
       61       101        61         0       310         -          60s
       63        95        63         0       287         -          65s
       65        89        65         0       277         -          70s
       65        85        65         0       274         -          75s
       66        77        66         0       227         -          80s
       68        70        68         0       187         -          86s
       68        68         -         0       178         -          90s
       68        68         -         6       173       100          95s
       68        68         -        17       168       110         100s
       68        68         -        26       160       110         105s
       68        68         -        33       154       100         110s
       68        68         -        45       146       100         116s
       68        68         -        53       139       100         120s
       68        68         -        64       132       100         125s
       68        68         -        71       127       100         130s
       68        68         -        79       122       100         135s
       68        68         -        88       116       100         140s
       68        68         -        98       109       100         146s
       68        68         -       103       105       103         150s
       68        68         -       103       103         -         151s

IIS computed: 68 constraints, 103 bounds
IIS runtime: 151.18 seconds
================================================================================
executing instance: ./input/Instances/Original/3/absH3high_5n30.dat
--------------------------------------------------------------------------------
Instance details
n	31
H	3
C	2296
Li:
[0, 0, 0, 0, 0, 0, 0, 0, 0, 0, 0, 0, 0, 0, 0, 0, 0, 0, 0, 0, 0, 0, 0, 0, 0, 0, 0, 0, 0, 0, 0, ]
Ui:
[0, 80, 90, 297, 28, 264, 123, 192, 112, 32, 72, 88, 294, 129, 126, 105, 110, 237, 246, 92, 72, 147, 54, 96, 128, 96, 84, 28, 74, 196, 192, ]
Distance matrix:
|0	87	302	65	389	171	219	120	412	339	129	63	169	401	383	158	393	161	246	275	64	287	345	235	13	274	106	201	85	358	135	|
|87	0	334	128	402	212	301	204	465	384	187	145	232	424	454	238	475	245	289	352	80	307	352	321	81	352	20	261	170	376	215	|
|302	334	0	239	113	132	237	334	157	70	404	263	162	105	227	229	339	251	65	217	259	53	107	352	293	220	339	134	270	75	235	|
|65	128	239	0	330	107	175	130	348	275	174	40	107	339	326	114	351	125	181	224	58	228	290	222	58	224	143	138	65	297	92	|
|389	402	113	330	0	226	349	438	210	151	502	360	269	48	316	339	441	362	175	328	335	102	55	465	377	330	401	245	371	37	342	|
|171	212	132	107	226	0	169	214	253	173	276	134	64	233	261	130	326	153	77	188	133	125	192	264	162	190	220	68	145	193	125	|
|219	301	237	175	349	169	0	157	257	223	244	157	105	334	180	62	175	61	177	63	233	264	334	118	221	61	317	112	136	312	85	|
|120	204	334	130	438	214	157	0	402	348	88	90	173	438	336	115	307	100	269	220	172	338	406	122	130	218	224	204	69	403	101	|
|412	465	157	348	210	253	257	402	0	88	486	359	245	166	129	287	266	303	178	204	386	208	239	370	406	207	473	212	354	187	304	|
|339	384	70	275	151	173	223	348	88	0	427	291	179	120	166	234	290	254	96	187	306	123	166	342	332	190	391	145	291	119	247	|
|129	187	404	174	502	276	244	88	486	427	0	142	248	508	424	200	390	187	342	308	193	400	464	192	142	306	207	281	136	469	182	|
|63	145	263	40	360	134	157	90	359	291	142	0	114	366	321	95	331	99	202	212	90	258	323	186	65	211	163	148	27	327	72	|
|169	232	162	107	269	64	105	173	245	179	248	114	0	266	222	71	268	94	97	131	155	173	244	203	164	132	245	34	113	233	73	|
|401	424	105	339	48	233	334	438	166	120	508	366	266	0	280	332	409	355	169	305	353	117	96	452	391	308	425	237	374	49	339	|
|383	454	227	326	316	261	180	336	129	166	424	321	222	280	0	231	137	238	208	116	376	277	331	272	381	118	467	197	307	285	253	|
|158	238	229	114	339	130	62	115	287	234	200	95	71	332	231	0	238	23	164	118	171	243	314	134	159	117	255	95	77	302	23	|
|393	475	339	351	441	326	175	307	266	290	390	331	268	409	137	238	0	232	300	138	408	383	445	204	395	136	492	258	308	406	260	|
|161	245	251	125	362	153	61	100	303	254	187	99	94	355	238	23	232	0	187	123	183	267	338	111	164	121	262	117	77	325	34	|
|246	289	65	181	175	77	177	269	178	96	342	202	97	169	208	164	300	187	0	168	210	87	157	290	238	171	296	70	206	138	170	|
|275	352	217	224	328	188	63	220	204	187	308	212	131	305	116	118	138	123	168	0	279	255	322	166	275	3	367	120	195	291	141	|
|64	80	259	58	335	133	233	172	386	306	193	90	155	353	376	171	408	183	210	279	0	236	289	276	51	279	90	182	117	307	150	|
|287	307	53	228	102	125	264	338	208	123	400	258	173	117	277	243	383	267	87	255	236	0	71	374	276	257	308	153	270	71	245	|
|345	352	107	290	55	192	334	406	239	166	464	323	244	96	331	314	445	338	157	322	289	71	0	445	334	325	350	224	337	54	315	|
|235	321	352	222	465	264	118	122	370	342	192	186	203	452	272	134	204	111	290	166	276	374	445	0	243	164	341	221	159	428	142	|
|13	81	293	58	377	162	221	130	406	332	142	65	164	391	381	159	395	164	238	275	51	276	334	243	0	274	100	196	89	347	136	|
|274	352	220	224	330	190	61	218	207	190	306	211	132	308	118	117	136	121	171	3	279	257	325	164	274	0	367	122	194	294	140	|
|106	20	339	143	401	220	317	224	473	391	207	163	245	425	467	255	492	262	296	367	90	308	350	341	100	367	0	272	188	377	232	|
|201	261	134	138	245	68	112	204	212	145	281	148	34	237	197	95	258	117	70	120	182	153	224	221	196	122	272	0	146	208	103	|
|85	170	270	65	371	145	136	69	354	291	136	27	113	374	307	77	308	77	206	195	117	270	337	159	89	194	188	146	0	337	54	|
|358	376	75	297	37	193	312	403	187	119	469	327	233	49	285	302	406	325	138	291	307	71	54	428	347	294	377	208	337	0	306	|
|135	215	235	92	342	125	85	101	304	247	182	72	73	339	253	23	260	34	170	141	150	245	315	142	136	140	232	103	54	306	0	|

--------------------------------------------------------------------------------
Building model...
	using lazy and cut (CVRPSEP package)
Solving IRP LP...
--------------------------------------------------------------------------------

Gurobi 9.1.0 (linux64) logging started Sun Feb  7 22:13:14 2021

Gurobi Optimizer version 9.1.0 build v9.1.0rc0 (linux64)
Thread count: 32 physical cores, 32 logical processors, using up to 2 threads
Optimize a model with 1159 rows, 6436 columns and 16120 nonzeros
Model fingerprint: 0xcf47ae76
Variable types: 484 continuous, 5952 integer (372 binary)
Coefficient statistics:
  Matrix range     [1e+00, 2e+09]
  Objective range  [1e-01, 5e+02]
  Bounds range     [1e+00, 3e+02]
  RHS range        [1e+00, 4e+03]
Warning: Model contains large matrix coefficients
         Consider reformulating model or setting NumericFocus parameter
         to avoid numerical issues.
Presolve removed 341 rows and 715 columns
Presolve time: 0.13s
Presolved: 818 rows, 5721 columns, 13389 nonzeros
Variable types: 286 continuous, 5435 integer (5077 binary)

Root relaxation: objective 9.007412e+03, 1069 iterations, 0.02 seconds

    Nodes    |    Current Node    |     Objective Bounds      |     Work
 Expl Unexpl |  Obj  Depth IntInf | Incumbent    BestBd   Gap | It/Node Time

     0     0 9007.41177    0  127          - 9007.41177      -     -    0s
     0     0 9337.78719    0  112          - 9337.78719      -     -    0s
     0     0 9341.20582    0  102          - 9341.20582      -     -    0s
     0     0 9698.48845    0  166          - 9698.48845      -     -    0s
     0     0 9700.39704    0  163          - 9700.39704      -     -    0s
     0     0 9702.20372    0  161          - 9702.20372      -     -    0s
     0     0 9702.22277    0  163          - 9702.22277      -     -    0s
     0     0 9912.45879    0  181          - 9912.45879      -     -    0s
     0     0 9922.82951    0  187          - 9922.82951      -     -    1s
     0     0 9926.21149    0  191          - 9926.21149      -     -    1s
     0     0 9926.25406    0  205          - 9926.25406      -     -    1s
     0     0 9974.85320    0  263          - 9974.85320      -     -    1s
     0     0 9977.51740    0  260          - 9977.51740      -     -    1s
     0     0 9978.00007    0  268          - 9978.00007      -     -    1s
     0     0 9992.47780    0  280          - 9992.47780      -     -    1s
     0     0 9995.13901    0  302          - 9995.13901      -     -    2s
     0     0 9995.89757    0  336          - 9995.89757      -     -    2s
     0     0 10008.7008    0  315          - 10008.7008      -     -    2s
     0     0 10013.4885    0  305          - 10013.4885      -     -    2s
     0     0 10013.7153    0  318          - 10013.7153      -     -    2s
     0     0 10019.8604    0  325          - 10019.8604      -     -    2s
     0     0 10019.8604    0  320          - 10019.8604      -     -    2s
     0     2 10022.3639    0  313          - 10022.3639      -     -    2s
    89    96 10982.1319   31  140          - 10024.5513      -   178    5s
   534   509 10223.8204   15  278          - 10024.5668      -   101   10s
   701   687 11110.6813   54   80          - 10024.5668      -   125   15s
   802   761 12978.7420  156  408          - 10109.2778      -   118   20s
   830   782 12638.4686  127  353          - 10121.5637      -   124   25s
   848   797 10127.9846   28  427          - 10127.6902      -   128   33s
   850   798 10145.0734   29  389          - 10129.7610      -   129   35s
   902   836 10386.7697   42  229          - 10142.7073      -   142   40s
   976   888 11154.2177   63  258          - 10142.7073      -   157   45s
  1076   960 11928.8465   91  184          - 10142.7073      -   164   50s
  1297  1155 12714.0591  159   34          - 10142.7073      -   161   55s
  1703  1378 15019.5291  266   22          - 10142.7073      -   138   60s
  1869  1438 10336.9389   42  196          - 10170.7087      -   136   65s
  1992  1521 10912.0997   90  147          - 10170.7087      -   137   70s
  2066  1594 10800.2759   88  129          - 10170.7087      -   136   75s
  2281  1761 11263.9294  167  161          - 10170.7087      -   131   80s
  2503  2021 11787.7091  225  135          - 10170.7087      -   125   85s
  2906  2139 13393.5940  329   20          - 10170.7087      -   112   90s
  3104  2107 10498.7942   37  310          - 10178.6171      -   110   95s
  3178  2162 10725.9185   45  207          - 10178.6171      -   114  100s
  3302  2323 10718.6525   52  126          - 10178.6171      -   115  106s
  3450  2420 10817.8188   65  117          - 10178.6171      -   114  113s
  3482  2492 10986.4706   66   88          - 10178.6171      -   115  115s
  3709  2806 11775.3499  160   44          - 10178.6171      -   112  120s
* 3912  2632             219    14275.490000 10178.6171  28.7%   108  123s
  3948  2656     cutoff  222      14275.4900 10184.4101  28.7%   108  125s
  4101  2866 10895.5532   41   32 14275.4900 10186.2327  28.6%   107  131s
  4306  2939 10732.1907   38  216 14275.4900 10194.1066  28.6%   105  137s
  4347  2963 10997.9879   61  120 14275.4900 10194.1066  28.6%   106  140s
  4565  3232 11555.3312  130   74 14275.4900 10203.8954  28.5%   102  147s
  4669  3278 10445.7426   32  341 14275.4900 10203.9930  28.5%   101  150s
  4883  3473 11412.1831   76   76 14275.4900 10203.9930  28.5%   100  158s
  4931  3547 12108.4153  118   73 14275.4900 10232.3866  28.3%   100  161s
  5019  3649 infeasible  163      14275.4900 10232.7614  28.3%   100  165s
  5184  3783 10817.2627   56  225 14275.4900 10235.1761  28.3%   100  173s
  5304  4010 12659.0205  136   64 14275.4900 10235.7937  28.3%   100  178s
  5549  4033 infeasible  224      14275.4900 10237.4624  28.3%  96.6  182s
  5576  4143 10461.8303   37  359 14275.4900 10237.4624  28.3%  97.9  186s
  5686  4228 10669.3589   42  102 14275.4900 10237.4624  28.3%  97.5  190s
  5797  4244 11047.9358   53   85 14275.4900 10237.4624  28.3%  97.5  195s
  5891  4386 12910.6419   86   61 14275.4900 10244.0114  28.2%  98.2  205s
  6015  4543 infeasible  121      14275.4900 10244.2235  28.2%  97.1  210s
  6171  4617 10507.3571   45  292 14275.4900 10244.5330  28.2%  96.6  215s
  6290  4783 11326.5200   75   92 14275.4900 10250.5272  28.2%  96.5  220s
  6481  4826 10517.9178   34  414 14275.4900 10253.3350  28.2%  95.6  225s
  6597  5010 10765.2370   57  181 14275.4900 10253.3350  28.2%  97.8  234s
  6693  5314 10997.3913   67   78 14275.4900 10253.3350  28.2%  97.9  241s
  7007  5374 11995.0521  113   27 14275.4900 10253.3350  28.2%  96.3  248s
  7084  5608 11859.2787  117   12 14275.4900 10254.3195  28.2%  95.7  253s
  7399  5659 13980.9988  233   12 14275.4900 10254.3195  28.2%  92.8  255s
  7555  5788 10427.0659   42  389 14275.4900 10257.1579  28.1%  93.5  264s
  7592  5820 10702.4179   52  172 14275.4900 10257.1579  28.1%  94.6  269s
  7631  6018 10821.0471   64  144 14275.4900 10257.1579  28.1%  95.4  276s
  7860  6064 12909.4800  167   18 14275.4900 10259.0173  28.1%  95.1  283s
  7910  6206 13534.2800  177   12 14275.4900 10261.8297  28.1%  95.8  290s
  8090  6269 13749.7800  179    - 14275.4900 10269.2223  28.1%  95.9  295s
* 8091  5833             179    13766.780000 10269.2223  25.4%  95.9  295s
* 8103  5772             186    13683.780000 10269.2223  25.0%  95.8  295s
* 8162  5770             183    13653.780000 10269.5264  24.8%  96.8  301s
* 8164  5770             183    13651.780000 10269.5264  24.8%  96.8  301s
* 8169  5769             181    13647.780000 10269.5264  24.8%  96.7  301s
  8211  6009 10964.0230   54  260 13647.7800 10272.0228  24.7%  97.8  307s
  8489  6055 10484.2016   37  281 13647.7800 10274.6409  24.7%  96.7  314s
  8524  6208 10759.8739   42  246 13647.7800 10274.6409  24.7%  97.9  320s
  8695  6365 11751.4549   65   23 13647.7800 10277.8955  24.7%  98.1  327s
  8898  6457     cutoff  105      13647.7800 10278.0973  24.7%  97.8  334s
  8988  6667 10566.2091   42  304 13647.7800 10278.0973  24.7%  98.7  340s
  9268  6901 11330.7480   69   17 13647.7800 10279.7720  24.7%  98.1  348s
  9530  6934 11203.1098   69  108 13647.7800 10279.9156  24.7%  97.4  350s
  9537  6952     cutoff  174      13647.7800 10283.7128  24.6%  97.4  356s
  9593  6996     cutoff  174      13647.7800 10287.7130  24.6%  98.0  362s
  9669  7042     cutoff  180      13647.7800 10290.1497  24.6%  98.7  367s
  9731  7229 11313.4554   50  115 13647.7800 10291.0887  24.6%   100  375s
  9963  7314     cutoff  105      13647.7800 10291.3079  24.6%   100  383s
 10100  7406 10597.7481   37  388 13647.7800 10292.2930  24.6%  99.3  388s
 10179  7627 12085.5164   91   95 13647.7800 10293.8650  24.6%   100  395s
 10441  7698     cutoff  163      13647.7800 10295.5629  24.6%  99.2  402s
 10517  7753 12338.4076   84  138 13647.7800 10295.7394  24.6%   100  409s
 10588  7797 10548.1993   36  374 13647.7800 10297.7840  24.5%   100  415s
 10634  8049 11218.9633   59  195 13647.7800 10300.1479  24.5%   101  422s
 10912  8106     cutoff  158      13647.7800 10301.3145  24.5%   100  429s
 11012  8269 10838.1163   49  131 13647.7800 10304.7703  24.5%   101  435s
 11186  8395 13157.5972  140   47 13647.7800 10309.1654  24.5%   101  442s
 11331  8549 11134.9628   59  226 13647.7800 10310.0062  24.5%   101  449s
 11436  8551 12848.3768  162   18 13647.7800 10310.0062  24.5%   100  450s
 11513  8667 infeasible  195      13647.7800 10311.3645  24.4%   101  456s
 11650  8838 11186.8227   64  131 13647.7800 10311.5219  24.4%   101  463s
 11881  8932     cutoff  156      13647.7800 10314.5636  24.4%   101  470s
 11984  9077 11077.4506   58  110 13647.7800 10315.3624  24.4%   102  477s
 12154  9171     cutoff  188      13647.7800 10316.5180  24.4%   102  484s
 12260  9181 12421.4000  114    - 13647.7800 10317.4048  24.4%   102  485s
 12270  9254 11589.3812   66  105 13647.7800 10319.6059  24.4%   102  491s
 12380  9346 12815.3686  113   62 13647.7800 10322.0839  24.4%   103  499s
 12497  9408     cutoff  143      13647.7800 10322.5278  24.4%   103  505s
 12554  9513 11589.3087   64  110 13647.7800 10323.2813  24.4%   104  512s
 12705  9589 12643.2900   96    - 13647.7800 10325.8493  24.3%   104  520s
 12816  9688     cutoff  137      13647.7800 10326.2622  24.3%   105  526s
 12910  9853 11245.8970   58  233 13647.7800 10326.5320  24.3%   105  536s
 13135  9947 13185.1845  135    6 13647.7800 10327.8492  24.3%   105  543s
 13240 10119 10715.2242   50  283 13647.7800 10327.8868  24.3%   106  550s
 13453 10334 11078.3668   97   32 13647.7800 10329.9101  24.3%   106  558s
 13688 10371 13336.3800  133   10 13647.7800 10330.7628  24.3%   105  565s
 13746 10411 13496.6700  135    - 13647.7800 10331.8407  24.3%   106  570s
*13748 10225             136    13527.730000 10331.8407  23.6%   106  570s
 13804 10316     cutoff  136      13527.7300 10334.5913  23.6%   107  577s
*13919 10370             136    13523.730000 10335.3215  23.6%   107  583s
 13993 10515 11268.7691   72  169 13523.7300 10335.9747  23.6%   108  590s
 14163 10577 13013.8900  141   61 13523.7300 10342.9625  23.5%   108  598s
 14269 10626 13517.3700  172    - 13523.7300 10343.5540  23.5%   108  605s
 14313 10682 infeasible  172      13523.7300 10344.2164  23.5%   109  611s
 14378 10850 11340.5980   64  175 13523.7300 10345.1432  23.5%   109  620s
 14579 10949 10488.6113   34  429 13523.7300 10345.9942  23.5%   109  628s
 14671 11039 10757.3404   40  239 13523.7300 10345.9942  23.5%   110  635s
 14794 11132 11146.6842   53  260 13523.7300 10345.9942  23.5%   110  642s
 14870 11266 11894.1058   77  112 13523.7300 10348.8874  23.5%   111  650s
 15074 11418     cutoff  133      13523.7300 10349.4779  23.5%   111  660s
 15234 11645 11114.5896   63  226 13523.7300 10350.8052  23.5%   111  668s
 15491 11739     cutoff  226      13523.7300 10351.3172  23.5%   111  676s
 15618 11810 13072.6952   83   49 13523.7300 10354.3706  23.4%   111  683s
 15701 11951     cutoff  100      13523.7300 10354.6470  23.4%   112  690s
 15857 12120 11143.7141   62  234 13523.7300 10354.7495  23.4%   112  699s
 15955 12123 10697.3699   44  259 13523.7300 10356.0362  23.4%   112  700s
 16066 12310     cutoff  143      13523.7300 10356.1070  23.4%   112  708s
 16308 12433 10962.3600   53  216 13523.7300 10358.4904  23.4%   111  717s
 16466 12502 12784.7900  114    - 13523.7300 10360.4139  23.4%   112  724s
 16575 12778 11142.4883   56   86 13523.7300 10360.4484  23.4%   112  734s
 16751 12780 12898.4400  166   10 13523.7300 10360.4484  23.4%   112  735s
 16859 12866 12402.5400   98   72 13523.7300 10360.9650  23.4%   112  742s
 16959 13009 11778.0831   67  170 13523.7300 10361.6843  23.4%   112  751s
 17144 13149     cutoff  114      13523.7300 10362.3633  23.4%   112  759s
 17308 13248 12142.9812   98   35 13523.7300 10363.4400  23.4%   113  767s
 17423 13456     cutoff  160      13523.7300 10363.8531  23.4%   113  776s
 17671 13651     cutoff  158      13523.7300 10365.1445  23.4%   112  785s
 17884 13717 12470.6676   99   56 13523.7300 10367.8994  23.3%   112  792s
 17967 13757 13504.7328  126   33 13523.7300 10370.8391  23.3%   112  800s
 18016 14040 11355.4862   64  217 13523.7300 10371.7406  23.3%   113  809s
 18051 14040 11828.9607   99   80 13523.7300 10371.7406  23.3%   113  810s
 18341 14119 infeasible  195      13523.7300 10372.6208  23.3%   112  818s
 18451 14394 11516.6614   60   90 13523.7300 10373.8951  23.3%   113  828s
 18790 14487 13120.6050  130   17 13523.7300 10374.1980  23.3%   112  837s
 18886 14522     cutoff  140      13523.7300 10375.1370  23.3%   112  844s
 18928 14698 11003.4595   50  142 13523.7300 10377.0745  23.3%   113  852s
 19138 14762 13408.5654  144   19 13523.7300 10377.8031  23.3%   113  860s
 19208 14922     cutoff  145      13523.7300 10378.7671  23.3%   113  869s
 19401 15083 11386.8758   64   79 13523.7300 10378.9101  23.3%   113  878s
 19582 15131     cutoff  206      13523.7300 10379.6809  23.2%   113  886s
H19632 14984                    13406.390000 10379.6809  22.6%   114  895s
 19832 15059 13225.5324  177   34 13406.3900 10379.8557  22.6%   114  904s
 19966 15280 11488.6791   47  143 13406.3900 10380.1430  22.6%   114  914s
 20227 15364 12544.7543   99   57 13406.3900 10381.3944  22.6%   113  923s
 20315 15469 11195.4118   50  193 13406.3900 10381.4901  22.6%   113  930s
 20439 15627 11706.1249   78   75 13406.3900 10382.3259  22.6%   114  940s
 20637 15720 12984.4600  118    - 13406.3900 10382.6571  22.6%   114  948s
 20744 15880     cutoff  147      13406.3900 10383.9779  22.5%   114  956s
 20916 15973 12284.5099   99   63 13406.3900 10385.2732  22.5%   114  964s
 20951 15973 12780.6434  134   26 13406.3900 10385.2732  22.5%   114  965s
 21014 16146 10859.6991   54   55 13406.3900 10386.4996  22.5%   114  973s
 21227 16239 13092.1307  122   65 13406.3900 10386.6328  22.5%   115  983s
 21366 16441 11068.8514   46  165 13406.3900 10387.0026  22.5%   114  991s
 21584 16492 12839.7100  113    - 13406.3900 10389.0499  22.5%   114  998s
 21644 16621 12989.2500  113    - 13406.3900 10389.7510  22.5%   115 1007s
 21687 16627 11545.7068   81   39 13406.3900 10389.7510  22.5%   115 1011s
 21722 16627 12178.5986  116   18 13406.3900 10389.7510  22.5%   115 1016s
 21791 16725     cutoff  160      13406.3900 10390.6045  22.5%   115 1024s
 21907 16731 13385.1774  130   12 13406.3900 10390.8124  22.5%   115 1025s
 21922 16804 10972.5177   50  162 13406.3900 10390.8124  22.5%   115 1032s
 21994 16989 11584.5749   58  259 13406.3900 10390.8124  22.5%   116 1043s
 22226 17153 11798.0266   68  167 13406.3900 10391.2324  22.5%   116 1053s
 22425 17382 10579.1767   41  273 13406.3900 10391.6834  22.5%   116 1062s
 22692 17405     cutoff  162      13406.3900 10392.2142  22.5%   115 1070s
H22717 17330                    13381.870000 10392.5741  22.3%   116 1077s
H22733 16510                    13173.830000 10392.5741  21.1%   116 1077s
 22738 16599 10987.9462   55  149 13173.8300 10392.5741  21.1%   116 1085s
 22827 16911 11531.6600   80    - 13173.8300 10393.2817  21.1%   117 1095s
 23216 16960     cutoff  194      13173.8300 10393.3957  21.1%   116 1103s
 23251 17091 infeasible  192      13173.8300 10393.5562  21.1%   116 1111s
 23398 17155 10893.4470   45  145 13173.8300 10393.8100  21.1%   116 1119s
 23465 17298 11378.4254   65  114 13173.8300 10394.9385  21.1%   117 1128s
 23681 17384     cutoff  111      13173.8300 10395.2139  21.1%   116 1137s
 23806 17489 10906.3492   49  140 13173.8300 10395.8641  21.1%   117 1145s
 23948 17582     cutoff  126      13173.8300 10396.7567  21.1%   117 1153s
 24054 17692 10979.1602   61  148 13173.8300 10398.3637  21.1%   117 1162s
 24184 17832 10704.5382   37  301 13173.8300 10398.5142  21.1%   117 1171s
 24345 18025 11804.1728   92   78 13173.8300 10399.8358  21.1%   117 1180s
 24562 18068 13152.3100  180    4 13173.8300 10400.1522  21.1%   117 1189s
 24628 18118     cutoff  181      13173.8300 10400.5579  21.1%   117 1197s
 24679 18286 11506.8660   69   86 13173.8300 10400.7224  21.1%   117 1205s
 24893 18405 infeasible  158      13173.8300 10401.2075  21.0%   117 1215s
 25033 18478 11314.1962   60   54 13173.8300 10402.7016  21.0%   117 1223s
*25105 18022             132    13065.590000 10402.8036  20.4%   117 1223s
 25125 18163 12457.2008  112    8 13065.5900 10403.4166  20.4%   118 1232s
 25294 18222 11136.8835   51  179 13065.5900 10403.5581  20.4%   118 1241s
 25350 18340 10859.9552   52  340 13065.5900 10403.5581  20.4%   118 1250s
 25468 18515 11183.2098   57  248 13065.5900 10403.5581  20.4%   118 1260s
 25690 18660 11642.6344   61  168 13065.5900 10403.5581  20.4%   118 1272s
 25849 18802 11788.0454   68  175 13065.5900 10403.5581  20.4%   119 1290s
 26011 19133 12130.0831   78  104 13065.5900 10404.0995  20.4%   119 1302s
 26274 19133 13045.2810  124    7 13065.5900 10404.0995  20.4%   118 1305s
 26453 19241 10561.8423   43  354 13065.5900 10404.5562  20.4%   118 1314s
 26565 19438 11404.3392   72   87 13065.5900 10404.7055  20.4%   118 1324s
 26600 19438 11965.2038  107   44 13065.5900 10404.7055  20.4%   118 1325s
 26803 19525     cutoff  132      13065.5900 10405.0112  20.4%   118 1333s
 26915 19632 11418.0932   65  131 13065.5900 10405.1381  20.4%   118 1350s
 27041 19765     cutoff  153      13065.5900 10406.0886  20.4%   118 1358s
 27188 20050 11848.7018   58   26 13065.5900 10407.6105  20.3%   119 1368s
 27556 20180     cutoff  184      13065.5900 10407.9482  20.3%   118 1378s
 27690 20293 infeasible  104      13065.5900 10408.3573  20.3%   118 1387s
 27816 20429 10707.5206   46  322 13065.5900 10409.3432  20.3%   118 1397s
 27996 20466 infeasible  113      13065.5900 10410.0174  20.3%   118 1405s
 28034 20620 11026.3043   51  275 13065.5900 10410.4626  20.3%   119 1413s
 28225 20737     cutoff  127      13065.5900 10411.6313  20.3%   119 1422s
 28357 20809 11678.2927   84   41 13065.5900 10412.8645  20.3%   119 1432s
 28442 20873 12177.9668   92   78 13065.5900 10413.3774  20.3%   119 1443s
 28525 20972     cutoff  126      13065.5900 10413.8004  20.3%   119 1452s
 28637 21156 11074.0947   56  218 13065.5900 10414.1983  20.3%   119 1461s
 28865 21181     cutoff  118      13065.5900 10415.5726  20.3%   119 1474s
 28891 21240 10773.7440   41  297 13065.5900 10415.5830  20.3%   119 1482s
 28954 21400 11757.3777   85  118 13065.5900 10416.0870  20.3%   119 1491s
 29135 21441 12485.7168  126   95 13065.5900 10416.3591  20.3%   119 1499s
 29197 21532 11249.2525   57  193 13065.5900 10418.7220  20.3%   120 1507s
 29303 21728 10897.6914   43  199 13065.5900 10418.8916  20.3%   120 1518s
 29545 21808 11523.1514   57  138 13065.5900 10419.2750  20.3%   119 1527s
 29633 21860     cutoff  112      13065.5900 10419.5241  20.3%   120 1535s
 29687 22013 11324.3488   71   45 13065.5900 10419.9767  20.2%   120 1544s
 29722 22013 12249.9797  106   67 13065.5900 10419.9767  20.2%   120 1545s
 29878 22142 infeasible  135      13065.5900 10420.0850  20.2%   120 1554s
 30056 22274 11065.6139   60  220 13065.5900 10421.0880  20.2%   120 1564s
 30204 22448 11004.3351   40  112 13065.5900 10421.6983  20.2%   120 1575s
 30421 22606 11534.5900   54   95 13065.5900 10422.7842  20.2%   120 1589s
 30606 22751     cutoff  137      13065.5900 10424.4979  20.2%   120 1598s
 30773 22781     cutoff  135      13065.5900 10425.4459  20.2%   120 1606s
 30801 22838 10935.5223   49  212 13065.5900 10425.6462  20.2%   120 1614s
 30858 23019 11659.7979   61  165 13065.5900 10425.7362  20.2%   121 1624s
 30893 23019 12160.2067   77   68 13065.5900 10425.7362  20.2%   121 1625s
 31105 23092 12698.8600  104   10 13065.5900 10425.9564  20.2%   121 1634s
 31176 23142 13011.8025  105  107 13065.5900 10426.1103  20.2%   121 1642s
 31238 23243 10972.3500   46  382 13065.5900 10426.1103  20.2%   121 1650s
 31363 23381 12223.4112   88   67 13065.5900 10426.5698  20.2%   121 1660s
 31525 23434     cutoff  154      13065.5900 10426.8644  20.2%   121 1668s
 31592 23590 infeasible  173      13065.5900 10427.2480  20.2%   121 1677s
 31792 23659 12086.1860   67   63 13065.5900 10427.4863  20.2%   121 1686s
 31874 23738 12695.1400   92    6 13065.5900 10427.9789  20.2%   122 1694s
 31966 23813 infeasible   97      13065.5900 10428.4518  20.2%   122 1702s
 32059 23936 11570.7825   78   91 13065.5900 10428.9575  20.2%   122 1711s
 32198 24030 infeasible  161      13065.5900 10429.8414  20.2%   122 1719s
 32288 24030 12873.1758  134   51 13065.5900 10430.9095  20.2%   122 1720s
 32302 24214 11252.6452   62  135 13065.5900 10431.9277  20.2%   122 1731s
 32499 24253 11024.9040   43  225 13065.5900 10431.9277  20.2%   122 1739s
 32552 24346 11722.4495   65  142 13065.5900 10432.1176  20.2%   122 1748s
 32660 24440 10922.2891   44  315 13065.5900 10432.1681  20.2%   123 1758s
 32758 24651 11475.3021   61  147 13065.5900 10432.1681  20.2%   123 1768s
 32995 24834 11916.9470   78  105 13065.5900 10432.6310  20.2%   123 1780s
 33204 24920     cutoff  138      13065.5900 10432.6895  20.2%   123 1788s
 33309 25008 11625.8176   72   89 13065.5900 10433.6523  20.1%   123 1796s
 33432 25041 12912.1534  128   38 13065.5900 10434.8358  20.1%   123 1804s
 33475 25072 infeasible  137      13065.5900 10435.2975  20.1%   123 1811s
 33513 25157 10665.4459   44  331 13065.5900 10435.4202  20.1%   124 1820s
 33598 25397 11306.7312   70    9 13065.5900 10435.5112  20.1%   124 1830s
 33926 25460 12719.4307  139   29 13065.5900 10436.7641  20.1%   123 1838s
 33977 25487     cutoff  144      13065.5900 10437.2931  20.1%   124 1847s
 34011 25626 10837.7866   52  312 13065.5900 10437.2931  20.1%   124 1856s
 34180 25725 11985.8202  108   41 13065.5900 10437.6451  20.1%   124 1866s
 34291 25860 11848.0107   69   84 13065.5900 10438.0687  20.1%   124 1875s
 34472 25946 infeasible  102      13065.5900 10438.3023  20.1%   124 1883s
 34574 26068 11335.8591   62  178 13065.5900 10439.7991  20.1%   124 1893s
 34750 26187     cutoff  142      13065.5900 10441.0170  20.1%   124 1905s
 34883 26288 12482.6056   85   44 13065.5900 10441.2518  20.1%   124 1914s
 35000 26432 11970.3038  104   34 13065.5900 10442.0709  20.1%   124 1923s
 35173 26477     cutoff  133      13065.5900 10442.5643  20.1%   124 1932s
 35220 26654 11235.6260   51  172 13065.5900 10442.6674  20.1%   124 1941s
 35421 26781 10772.5288   38  275 13065.5900 10442.9183  20.1%   124 1951s
 35571 26908 12754.5416  137   62 13065.5900 10443.5556  20.1%   124 1962s
 35757 27033 infeasible  145      13065.5900 10443.6468  20.1%   124 1972s
 35904 27130     cutoff  156      13065.5900 10444.2881  20.1%   124 1982s
 36007 27214 11172.1722   60  198 13065.5900 10444.3071  20.1%   124 1991s
 36095 27419 11431.3444   81   18 13065.5900 10444.9511  20.1%   125 2001s
 36339 27464     cutoff  140      13065.5900 10445.2924  20.1%   124 2010s
 36382 27589     cutoff  140      13065.5900 10445.8121  20.1%   125 2020s
 36522 27713 11370.9513   57  119 13065.5900 10446.3645  20.0%   125 2031s
 36672 27852     cutoff  166      13065.5900 10446.8477  20.0%   125 2040s
 36821 27985 12866.1791  106   31 13065.5900 10447.4362  20.0%   125 2050s
 37010 28041 12911.3850  174    8 13065.5900 10447.8956  20.0%   125 2058s
 37080 28065 infeasible  179      13065.5900 10448.5160  20.0%   125 2065s
 37113 28157 11311.4327   53  263 13065.5900 10448.9859  20.0%   125 2074s
 37218 28239 11083.4096   40  363 13065.5900 10449.0575  20.0%   125 2082s
 37326 28356 11795.4706   69  141 13065.5900 10449.9183  20.0%   125 2091s
 37468 28508 10917.4759   43  219 13065.5900 10449.9540  20.0%   125 2101s
 37639 28564 11286.7449   60  105 13065.5900 10449.9540  20.0%   125 2121s
 37712 28589 11448.2940   69  107 13065.5900 10449.9540  20.0%   125 2133s
 37729 28725 11907.7184   85   71 13065.5900 10450.3066  20.0%   125 2142s
 37961 28786 12881.3052  130   34 13065.5900 10450.6813  20.0%   125 2150s
 38021 28862     cutoff  135      13065.5900 10451.7320  20.0%   125 2158s
 38099 29021 11420.8238   54  108 13065.5900 10452.6705  20.0%   126 2167s
 38306 29117 11044.6634   44  365 13065.5900 10452.6863  20.0%   126 2177s
 38408 29292     cutoff  124      13065.5900 10453.0570  20.0%   126 2186s
 38615 29434 13044.0942  130   58 13065.5900 10453.3653  20.0%   125 2200s
 38804 29490 infeasible  133      13065.5900 10453.4912  20.0%   126 2209s
 38857 29617 11342.6681   55  104 13065.5900 10454.2059  20.0%   126 2218s
 39016 29642 10641.3015   43  351 13065.5900 10454.3235  20.0%   126 2226s
 39042 29690 10879.8047   48  264 13065.5900 10454.3235  20.0%   126 2238s
 39124 29802 11080.0432   59  143 13065.5900 10454.3235  20.0%   126 2255s
 39229 29993 11908.6465   84  203 13065.5900 10454.9763  20.0%   127 2268s
 39491 30059     cutoff  164      13065.5900 10455.4289  20.0%   126 2276s
 39559 30159 10958.9384   54  245 13065.5900 10455.5898  20.0%   127 2286s
 39712 30248 13002.7050  117   17 13065.5900 10455.9174  20.0%   127 2301s
 39810 30329 infeasible  125      13065.5900 10456.1593  20.0%   127 2309s
 39856 30329 11746.1298   81  119 13065.5900 10456.8688  20.0%   127 2310s
 39908 30388 11727.9228   80   16 13065.5900 10457.1397  20.0%   127 2318s
 40010 30500 11961.3358   83  115 13065.5900 10457.3289  20.0%   127 2327s
 40144 30575     cutoff  130      13065.5900 10457.3589  20.0%   127 2336s
 40220 30708 11510.1514   60  159 13065.5900 10457.3874  20.0%   128 2345s
 40382 30758 10710.3987   44  269 13065.5900 10457.7857  20.0%   128 2353s
 40438 30838 11572.4714   64  218 13065.5900 10457.9647  20.0%   128 2363s
 40539 30932 11030.1193   46  268 13065.5900 10458.7092  20.0%   128 2372s
 40662 30997 11357.0265   73  138 13065.5900 10459.0783  19.9%   128 2380s
 40739 31086 12903.2893  119   49 13065.5900 10459.4286  19.9%   128 2390s
 40851 31133 11069.5647   48  264 13065.5900 10459.8784  19.9%   128 2399s
 40897 31271 11933.2511   80  115 13065.5900 10460.3856  19.9%   128 2408s
 41078 31380 11130.4130   51  250 13065.5900 10460.9685  19.9%   128 2419s
 41193 31472 10766.2207   43  286 13065.5900 10460.9685  19.9%   128 2428s
 41309 31552 10964.0055   48  163 13065.5900 10460.9685  19.9%   128 2437s
 41397 31664 11903.0843   73   48 13065.5900 10461.8652  19.9%   129 2447s
 41577 31870 11064.7600   41   85 13065.5900 10462.6822  19.9%   129 2458s
 41820 31959 10860.2775   47  336 13065.5900 10462.7086  19.9%   128 2469s
 41910 32159 11168.4743   54  215 13065.5900 10462.7325  19.9%   129 2479s
 42170 32227     cutoff  128      13065.5900 10463.0293  19.9%   128 2488s
 42228 32352 11350.3337   60  133 13065.5900 10463.8348  19.9%   129 2497s
 42396 32422 11083.8865   41  317 13065.5900 10464.1015  19.9%   129 2508s
 42487 32487 10730.8983   36  383 13065.5900 10464.1594  19.9%   129 2517s
 42552 32543 10871.5752   39  299 13065.5900 10464.1594  19.9%   129 2526s
 42633 32689 11288.8207   47  205 13065.5900 10464.1594  19.9%   129 2537s
 42794 32761     cutoff  103      13065.5900 10465.5642  19.9%   129 2546s
 42896 32899 11251.9542   49  178 13065.5900 10466.1267  19.9%   129 2558s
 43040 33030 11996.4811   93   52 13065.5900 10466.2246  19.9%   129 2568s
 43222 33090 13011.6100  138    - 13065.5900 10466.7089  19.9%   129 2579s
 43319 33144     cutoff  138      13065.5900 10467.5256  19.9%   129 2587s
 43358 33278 11455.0855   55  174 13065.5900 10467.9399  19.9%   130 2597s
 43550 33313 13023.8000  113    - 13065.5900 10468.0564  19.9%   129 2606s
 43579 33323 11932.9109   77  320 13065.5900 10468.1176  19.9%   130 3027s
 43581 33324 12949.4983  113  332 13065.5900 10468.1176  19.9%   130 3068s
H43581 31657                    12811.280000 10468.1176  18.3%   130 3073s
 43584 31659 11025.6652   48  490 12811.2800 10468.1176  18.3%   130 3075s
 43590 31663 11055.5577   55  559 12811.2800 10468.1176  18.3%   130 3082s
 43594 31666 12470.4809  117  546 12811.2800 10468.1176  18.3%   130 3088s
 43597 31668 11374.9758   54  566 12811.2800 10468.1176  18.3%   130 3090s
H43597 30085                    12785.000000 10468.1176  18.1%   130 3092s
 43600 30087 10835.3211   42  567 12785.0000 10468.1176  18.1%   130 3097s
 43602 30088 10631.8455   41  468 12785.0000 10468.1176  18.1%   130 3100s
 43606 30091 10870.5165   36  624 12785.0000 10468.1176  18.1%   130 3106s
 43608 30092 11187.8286   71  612 12785.0000 10468.1176  18.1%   130 3133s
