




arguments: ./build/bc_mirp -f ./input/orig_exec_178.cfg
Current dir: /scratch/gui/bc_mirp
File verbosity level: 9
date       time         ( uptime  ) [ thread name/id ]                   file:line     v| 
2021-02-11 10:39:48.382 (   0.081s) [main thread     ]             loguru.cpp:789   INFO| Logging to './output/vi_vc+lex_full/OU/V4/Original/execution_11_02_2021_10_39_48.log', mode: 'a', verbosity: 9
--------------------------------------------------------------------------------
Parameters
                           instance_path           ./input/Instances/Original/4/
                            model_policy                                       1
                             nb_vehicles                                       4
                              output_dir ./output/vi_vc+lex_full/OU/V4/Original/
                            sec_strategy                                       1
                       solver_nb_threads                                       2
                         solver_show_log                                    true
                       solver_time_limit                                    3600
                              use_vi_cos                                   false
                              use_vi_cus                                   false
                         use_vi_hc1_full                                   false
                         use_vi_hc1_half                                   false
                      use_vi_hc1_quarter                                   false
                              use_vi_hc2                                   false
                              use_vi_hc3                                   false
                         use_vi_lex_full                                    true
                         use_vi_lex_half                                   false
                      use_vi_lex_quarter                                   false
                              use_vi_qua                                   false
                               use_vi_vc                                    true
                               use_vi_vr                                   false
--------------------------------------------------------------------------------
executing instance: ./input/Instances/Original/4/absH3low_3n30.dat
--------------------------------------------------------------------------------
Instance details
n	31
H	3
C	2841
Li:
[0, 0, 0, 0, 0, 0, 0, 0, 0, 0, 0, 0, 0, 0, 0, 0, 0, 0, 0, 0, 0, 0, 0, 0, 0, 0, 0, 0, 0, 0, 0, ]
Ui:
[0, 246, 98, 54, 144, 171, 192, 180, 165, 98, 122, 198, 297, 144, 130, 129, 219, 138, 142, 150, 108, 66, 64, 285, 180, 204, 276, 168, 240, 198, 122, ]
Distance matrix:
|0	172	56	166	260	198	42	197	296	110	91	112	238	275	323	183	330	232	175	181	162	191	232	280	201	139	356	185	266	216	26	|
|172	0	178	223	320	335	153	355	444	62	231	99	333	376	214	352	176	235	194	106	47	41	353	161	299	175	225	43	326	374	153	|
|56	178	0	110	204	162	93	233	336	125	144	148	187	226	358	180	313	284	123	152	182	185	282	252	256	88	329	177	210	251	42	|
|166	223	110	0	102	150	199	327	431	194	253	237	113	156	431	228	296	386	44	140	248	208	389	218	366	48	287	200	108	344	148	|
|260	320	204	102	0	156	296	391	493	296	340	339	66	90	531	263	362	486	127	226	349	300	469	278	454	148	334	292	6	406	245	|
|198	335	162	150	156	0	239	255	351	286	245	307	93	106	518	111	442	423	194	280	344	335	349	367	352	182	437	327	158	266	199	|
|42	153	93	199	296	239	0	203	296	91	82	76	278	316	284	217	322	191	201	186	133	180	217	281	177	165	356	175	302	222	52	|
|197	355	233	327	391	255	203	0	104	294	125	266	340	361	436	151	524	276	352	377	330	383	109	477	146	319	553	377	395	19	222	|
|296	444	336	431	493	351	296	104	0	384	214	348	440	456	488	241	617	315	456	476	412	475	113	575	176	422	651	470	497	88	322	|
|110	62	125	194	296	286	91	294	384	0	171	55	298	340	238	292	233	210	176	118	58	91	298	201	248	148	273	87	302	313	94	|
|91	231	144	253	340	245	82	125	214	171	0	141	307	339	324	184	403	187	266	266	204	261	140	363	114	230	438	256	346	144	116	|
|112	99	148	237	339	307	76	266	348	55	141	0	332	373	212	292	275	156	225	173	64	137	254	253	200	194	322	135	345	284	108	|
|238	333	187	113	66	93	278	340	440	298	307	332	0	43	536	203	404	469	153	253	354	321	427	322	420	160	385	313	67	353	229	|
|275	376	226	156	90	106	316	361	456	340	339	373	43	0	578	216	443	507	194	295	397	364	453	361	451	203	421	356	88	372	268	|
|323	214	358	431	531	518	284	436	488	238	324	212	536	578	0	498	309	176	407	320	183	245	376	344	312	383	379	251	537	451	319	|
|183	352	180	228	263	111	217	151	241	292	184	292	203	216	498	0	492	371	266	328	345	364	255	426	272	242	501	356	266	159	198	|
|330	176	313	296	362	442	322	524	617	233	403	275	404	443	309	492	0	397	253	164	218	142	529	84	475	260	72	147	367	543	306	|
|232	235	284	386	486	423	191	276	315	210	187	156	469	507	176	371	397	0	379	327	188	276	202	396	139	346	456	277	492	289	242	|
|175	194	123	44	127	194	201	352	456	176	266	225	153	194	407	266	253	379	0	101	225	174	405	174	375	36	244	166	133	370	152	|
|181	106	152	140	226	280	186	377	476	118	266	173	253	295	320	328	164	327	101	0	148	76	403	100	360	98	177	69	232	396	155	|
|162	47	182	248	349	344	133	330	412	58	204	64	354	397	183	345	218	188	225	148	0	89	316	208	259	201	270	90	355	348	149	|
|191	41	185	208	300	335	180	383	475	91	261	137	321	364	245	364	142	276	174	76	89	0	388	119	336	162	185	8	306	402	169	|
|232	353	282	389	469	349	217	109	113	298	140	254	427	453	376	255	529	202	405	403	316	388	0	497	64	369	570	384	474	112	256	|
|280	161	252	218	278	367	281	477	575	201	363	253	322	361	344	426	84	396	174	100	208	119	497	0	449	187	77	119	283	496	255	|
|201	299	256	366	454	352	177	146	176	248	114	200	420	451	312	272	475	139	375	360	259	336	64	449	0	339	521	333	460	156	223	|
|139	175	88	48	148	182	165	319	422	148	230	194	160	203	383	242	260	346	36	98	201	162	369	187	339	0	260	153	154	337	116	|
|356	225	329	287	334	437	356	553	651	273	438	322	385	421	379	501	72	456	244	177	270	185	570	77	521	260	0	187	338	572	331	|
|185	43	177	200	292	327	175	377	470	87	256	135	313	356	251	356	147	277	166	69	90	8	384	119	333	153	187	0	298	396	163	|
|266	326	210	108	6	158	302	395	497	302	346	345	67	88	537	266	367	492	133	232	355	306	474	283	460	154	338	298	0	410	251	|
|216	374	251	344	406	266	222	19	88	313	144	284	353	372	451	159	543	289	370	396	348	402	112	496	156	337	572	396	410	0	241	|
|26	153	42	148	245	199	52	222	322	94	116	108	229	268	319	198	306	242	152	155	149	169	256	255	223	116	331	163	251	241	0	|

--------------------------------------------------------------------------------
Building model...
	using lazy and cut (CVRPSEP package)
Solving IRP LP...
--------------------------------------------------------------------------------

Gurobi 9.1.0 (linux64) logging started Thu Feb 11 10:39:48 2021

Gurobi Optimizer version 9.1.0 build v9.1.0rc0 (linux64)
Thread count: 32 physical cores, 32 logical processors, using up to 2 threads
Optimize a model with 1159 rows, 6436 columns and 16120 nonzeros
Model fingerprint: 0x52e4723f
Variable types: 484 continuous, 5952 integer (372 binary)
Coefficient statistics:
  Matrix range     [1e+00, 2e+09]
  Objective range  [1e-02, 7e+02]
  Bounds range     [1e+00, 3e+02]
  RHS range        [1e+00, 5e+03]
Warning: Model contains large matrix coefficients
         Consider reformulating model or setting NumericFocus parameter
         to avoid numerical issues.
Presolve removed 337 rows and 711 columns
Presolve time: 0.15s
Presolved: 822 rows, 5725 columns, 13504 nonzeros
Variable types: 290 continuous, 5435 integer (5076 binary)

Root relaxation: objective 2.406741e+03, 1050 iterations, 0.02 seconds

    Nodes    |    Current Node    |     Objective Bounds      |     Work
 Expl Unexpl |  Obj  Depth IntInf | Incumbent    BestBd   Gap | It/Node Time

     0     0 2406.74103    0   95          - 2406.74103      -     -    0s
     0     0 2638.40126    0  126          - 2638.40126      -     -    0s
     0     0 3213.66576    0  170          - 3213.66576      -     -    0s
     0     0 3239.45209    0  140          - 3239.45209      -     -    0s
     0     0 3241.19438    0  143          - 3241.19438      -     -    0s
     0     0 3268.66990    0  205          - 3268.66990      -     -    0s
     0     0 3299.17529    0  211          - 3299.17529      -     -    0s
     0     0 3333.48112    0  216          - 3333.48112      -     -    0s
     0     0 3339.40442    0  229          - 3339.40442      -     -    0s
     0     0 3339.67367    0  228          - 3339.67367      -     -    0s
     0     0 3409.26633    0  244          - 3409.26633      -     -    1s
     0     0 3420.04846    0  276          - 3420.04846      -     -    1s
     0     0 3423.29562    0  277          - 3423.29562      -     -    1s
     0     0 3423.32753    0  284          - 3423.32753      -     -    1s
     0     0 3516.95428    0  211          - 3516.95428      -     -    1s
     0     0 3543.34559    0  285          - 3543.34559      -     -    1s
     0     0 3548.44365    0  274          - 3548.44365      -     -    1s
     0     0 3550.40060    0  276          - 3550.40060      -     -    1s
     0     0 3550.58809    0  264          - 3550.58809      -     -    1s
     0     0 3582.69689    0  350          - 3582.69689      -     -    1s
     0     0 3592.11334    0  373          - 3592.11334      -     -    2s
     0     0 3593.08039    0  376          - 3593.08039      -     -    2s
     0     0 3606.74964    0  346          - 3606.74964      -     -    2s
     0     0 3609.26715    0  345          - 3609.26715      -     -    2s
     0     0 3609.64936    0  308          - 3609.64936      -     -    2s
     0     0 3610.87256    0  345          - 3610.87256      -     -    2s
     0     0 3610.87256    0  345          - 3610.87256      -     -    2s
     0     2 3611.81641    0  345          - 3611.81641      -     -    2s
    53    57 3870.56545   15  247          - 3618.96582      -   309    5s
   405   418 3865.62743    6  180          - 3641.30508      -   124   10s
*  757   448              94    5148.6800000 3641.30508  29.3%   106   13s
   780   417 5122.35324   82  345 5148.68000 3641.30508  29.3%   105   15s
   802   432 4498.04097   36  441 5148.68000 3768.44964  26.8%   102   20s
H  813   418                    5060.7600000 3770.78929  25.5%   113   22s
   830   429 4164.47787   13  456 5060.76000 3777.02511  25.4%   110   25s
H  833   410                    4946.3600000 3779.68617  23.6%   110   26s
H  846   399                    4938.3600000 3783.79769  23.4%   118   29s
   847   400 3792.84601   28  489 4938.36000 3786.30329  23.3%   118   31s
   861   412 3813.19360   32  417 4938.36000 3813.19360  22.8%   123   35s
   902   437 4064.56955   41  250 4938.36000 3819.15281  22.7%   137   40s
   977   491 4300.55841   55  303 4938.36000 3819.15281  22.7%   150   46s
  1039   543 4168.29538   66  372 4938.36000 3819.15281  22.7%   154   50s
  1158   611 4518.84416   91  229 4938.36000 3819.15281  22.7%   161   55s
  1326   654 4769.91812  125  183 4938.36000 3819.15281  22.7%   161   60s
H 1350   626                    4915.3600000 3819.15281  22.3%   160   60s
  1455   652 3989.88469   39  353 4915.36000 3836.13412  22.0%   164   65s
H 1505   643                    4891.3600000 3836.13412  21.6%   166   67s
  1551   681 4263.37877   62  248 4891.36000 3836.13412  21.6%   167   70s
  1678   776 4658.39608  152  245 4891.36000 3836.13412  21.6%   170   75s
H 1681   749                    4872.4400000 3836.13412  21.3%   170   75s
  1764   778 4173.31870   32  378 4872.44000 3836.15233  21.3%   172   80s
  1881   806 4422.70184   41  349 4872.44000 3836.15233  21.3%   179   86s
  1964   914 4694.97541   73  115 4872.44000 3838.72175  21.2%   180   90s
  2146  1024 4134.06863   37  448 4872.44000 3851.50972  21.0%   179   96s
  2212  1132 4363.46203   47  280 4872.44000 3853.98086  20.9%   183  100s
  2396  1256 4295.81525   42  157 4872.44000 3859.19664  20.8%   182  106s
  2472  1327 4309.03716   40  366 4872.44000 3873.55813  20.5%   184  110s
  2594  1404 4639.30537   53  162 4872.44000 3900.00724  20.0%   184  115s
  2704  1524 4666.35182   49  156 4872.44000 3900.00724  20.0%   185  121s
  2855  1645 4232.71951   39  479 4872.44000 3903.28454  19.9%   183  127s
* 2927  1574              70    4815.0500000 3903.29575  18.9%   183  127s
* 2928  1526              70    4796.0500000 3903.29575  18.6%   183  127s
  2954  1558 4205.05242   34  259 4796.05000 3905.20708  18.6%   183  130s
  3115  1683 4522.85004   45  247 4796.05000 3940.92382  17.8%   183  136s
  3259  1817 4303.15076   46  266 4796.05000 3942.82691  17.8%   184  143s
  3358  1924 4256.77787   41  251 4796.05000 3953.24923  17.6%   183  147s
  3467  1923     cutoff   75      4796.05000 3956.80779  17.5%   183  151s
H 3476  1331                    4605.0500000 3956.80779  14.1%   183  151s
  3488  1350 4521.47964   42  368 4605.05000 3960.95323  14.0%   184  155s
  3590  1401     cutoff   39      4605.05000 3978.45136  13.6%   189  163s
  3615  1444 4474.15087   46   50 4605.05000 3978.54576  13.6%   191  166s
  3693  1485 4519.29769   50  251 4605.05000 3981.94236  13.5%   192  170s
  3803  1580 4546.10367   50  291 4605.05000 3985.95304  13.4%   197  178s
  3903  1618 4210.04667   35  337 4605.05000 3987.91558  13.4%   197  183s
  3974  1655 4226.19399   39  352 4605.05000 3994.23263  13.3%   199  188s
  4040  1687 4471.32502   47  278 4605.05000 3994.54147  13.3%   201  192s
  4090  1737 4303.62579   41  422 4605.05000 3998.79708  13.2%   204  197s
  4179  1776 4558.15503   43  212 4605.05000 4000.08880  13.1%   206  202s
  4269  1847 4235.74557   40  342 4605.05000 4002.28247  13.1%   208  207s
  4356  1885 4558.30689   43  353 4605.05000 4006.33551  13.0%   209  212s
  4449  1946 4382.40980   52  214 4605.05000 4010.76986  12.9%   211  218s
  4560  1990 4464.17766   46  193 4605.05000 4016.87112  12.8%   212  224s
  4646  2053 4283.56652   42  336 4605.05000 4018.21474  12.7%   213  230s
  4749  2098     cutoff   48      4605.05000 4025.19555  12.6%   215  236s
  4820  2150 4431.30173   41  384 4605.05000 4032.30735  12.4%   217  243s
  4906  2195 4245.68616   43  335 4605.05000 4033.54722  12.4%   218  250s
  4973  2243 4437.45587   46  389 4605.05000 4034.22098  12.4%   221  257s
  5065  2291 4378.20902   44  311 4605.05000 4036.65291  12.3%   223  263s
  5152  2352     cutoff   49      4605.05000 4042.22051  12.2%   226  270s
  5304  2400 4602.37882   46  158 4605.05000 4045.51981  12.2%   226  278s
  5419  2493 4560.09880   50  212 4605.05000 4047.03033  12.1%   227  286s
  5566  2573 4493.02731   54  252 4605.05000 4053.21156  12.0%   228  294s
  5645  2573 4224.03065   37  404 4605.05000 4055.10783  11.9%   228  295s
  5713  2638 4560.93048   48  342 4605.05000 4055.92713  11.9%   229  303s
  5835  2711 4389.98558   45  317 4605.05000 4058.67797  11.9%   231  312s
  5944  2757 4473.00387   48  181 4605.05000 4061.73754  11.8%   233  321s
  6070  2832 4459.07384   47  255 4605.05000 4064.60183  11.7%   235  330s
  6216  2891 4466.08833   51  310 4605.05000 4065.53308  11.7%   236  339s
  6343  2977 4321.17491   37  300 4605.05000 4069.19359  11.6%   238  348s
  6495  3040 4590.77483   51   69 4605.05000 4075.72725  11.5%   239  357s
  6640  3130 4393.26526   41  422 4605.05000 4079.86456  11.4%   241  366s
  6814  3191 4411.10096   41  322 4605.05000 4082.90100  11.3%   241  376s
  6941  3320 4311.91292   50  341 4605.05000 4085.63390  11.3%   243  386s
  7142  3404 4426.67449   40  287 4605.05000 4088.56805  11.2%   242  395s
  7319  3475 4502.87245   48  342 4605.05000 4091.35676  11.2%   242  405s
  7464  3524 4217.58366   41  465 4605.05000 4094.67830  11.1%   243  416s
  7589  3618 4374.36207   42  326 4605.05000 4097.05722  11.0%   245  426s
  7785  3677 4226.19782   36  327 4605.05000 4100.49080  11.0%   245  437s
  7924  3779 4433.59683   39  357 4605.05000 4102.60929  10.9%   247  448s
  8097  3827 4526.38071   38  133 4605.05000 4105.69646  10.8%   248  458s
H 8148  3599                    4569.0500000 4105.69646  10.1%   249  458s
  8237  3658 4529.41613   43  301 4569.05000 4107.58706  10.1%   250  469s
  8420  3733 4177.54084   35  473 4569.05000 4108.63272  10.1%   251  480s
  8562  3816 4301.57977   44  407 4569.05000 4110.59132  10.0%   251  491s
  8718  3877 4348.76020   39  284 4569.05000 4114.04318  10.0%   252  502s
  8873  3925 4358.88128   40  291 4569.05000 4115.87170  9.92%   253  513s
  9049  3991 4485.67539   47  180 4569.05000 4118.57095  9.86%   254  524s
  9239  4040 4422.28887   46  225 4569.05000 4122.70282  9.77%   254  534s
  9302  4040 4498.90728   47  314 4569.05000 4124.72940  9.72%   255  535s
  9374  4107     cutoff   61      4569.05000 4125.44445  9.71%   256  546s
  9544  4193 4448.50082   44  315 4569.05000 4128.61109  9.64%   257  557s
  9728  4241 4376.04689   47  427 4569.05000 4133.66528  9.53%   257  568s
  9888  4316 4293.37809   34  331 4569.05000 4138.45287  9.42%   259  579s
 10041  4364 4466.98117   39  470 4569.05000 4141.21295  9.36%   260  592s
 10231  4433 4507.80725   45  270 4569.05000 4142.47019  9.34%   260  603s
 10427  4493 4542.50401   45  224 4569.05000 4147.26796  9.23%   261  614s
 10587  4563 4326.79840   44  353 4569.05000 4150.30431  9.16%   262  625s
 10778  4653 4470.24203   49  354 4569.05000 4151.97657  9.13%   262  637s
 10980  4697     cutoff   44      4569.05000 4155.02777  9.06%   262  648s
 11157  4809     cutoff   52      4569.05000 4157.01992  9.02%   262  659s
 11388  4870 4321.85653   39  423 4569.05000 4160.42461  8.94%   262  671s
 11608  4934 4428.99056   38  364 4569.05000 4163.14345  8.88%   262  687s
 11783  5002 4426.47769   55  438 4569.05000 4165.34415  8.84%   262  699s
 11914  5061 4375.48837   54  337 4569.05000 4166.26003  8.82%   262  710s
 12096  5105 4412.10557   45  320 4569.05000 4168.85689  8.76%   263  721s
 12277  5156 4454.44320   45  295 4569.05000 4170.62044  8.72%   264  732s
 12438  5208 4382.56700   40  284 4569.05000 4172.88996  8.67%   264  743s
 12621  5276 4524.55132   39  224 4569.05000 4174.03510  8.65%   265  754s
 12734  5276 4468.64857   46  334 4569.05000 4175.99525  8.60%   265  755s
 12824  5363 4437.27132   42  281 4569.05000 4176.37224  8.59%   265  766s
 13001  5416 4501.31950   49  299 4569.05000 4177.77574  8.56%   265  777s
 13171  5460 4290.14545   40  416 4569.05000 4179.98423  8.52%   266  788s
 13324  5514     cutoff   48      4569.05000 4182.48933  8.46%   267  799s
 13520  5597     cutoff   45      4569.05000 4184.57757  8.41%   267  811s
 13702  5643 4426.46167   40  231 4569.05000 4186.00631  8.38%   268  840s
 13838  5730 4293.91701   40  309 4569.05000 4188.03660  8.34%   268  852s
 14029  5809 4538.94351   50  300 4569.05000 4192.92916  8.23%   268  864s
 14210  5809 4321.68727   40  387 4569.05000 4193.47652  8.22%   267  865s
 14298  5857 4472.41783   41  225 4569.05000 4193.96557  8.21%   267  876s
 14481  5892 4550.72757   44  141 4569.05000 4195.76077  8.17%   268  888s
 14637  5932 4432.99197   40  325 4569.05000 4198.93311  8.10%   268  899s
 14783  6018 4382.43326   36  186 4569.05000 4201.42568  8.05%   269  910s
 14972  6078 infeasible   51      4569.05000 4203.20594  8.01%   270  921s
 15143  6138 4456.70523   54  302 4569.05000 4205.00750  7.97%   270  932s
 15316  6226 4532.77414   50  322 4569.05000 4206.99824  7.92%   270  944s
 15543  6256 4498.50180   49  485 4569.05000 4210.08641  7.86%   270  955s
 15695  6289 4415.01596   42  309 4569.05000 4212.85017  7.80%   271  967s
 15848  6348     cutoff   48      4569.05000 4214.10521  7.77%   271  980s
 16027  6405 4454.36234   40  308 4569.05000 4216.05904  7.73%   271  991s
 16216  6455 4545.83927   50  135 4569.05000 4217.22023  7.70%   272 1003s
 16406  6484     cutoff   45      4569.05000 4218.96232  7.66%   272 1014s
 16547  6539 4501.38650   44  359 4569.05000 4220.23902  7.63%   273 1025s
 16702  6549 4480.11679   43  286 4569.05000 4222.08682  7.59%   273 1052s
 16740  6631 4375.55878   42  162 4569.05000 4222.66610  7.58%   273 1064s
 16962  6693 4424.07379   41  361 4569.05000 4224.79874  7.53%   273 1076s
 17144  6730 4508.02365   55  263 4569.05000 4227.03985  7.49%   273 1089s
 17308  6754     cutoff   39      4569.05000 4229.16557  7.44%   274 1101s
 17438  6793 4400.79889   45  446 4569.05000 4230.19476  7.42%   275 1113s
 17594  6835 4395.35711   48  385 4569.05000 4231.50739  7.39%   275 1128s
 17798  6885     cutoff   44      4569.05000 4233.30824  7.35%   275 1139s
 17984  6935 4400.72072   40  330 4569.05000 4234.54637  7.32%   276 1152s
 18166  6978 4484.12909   39  311 4569.05000 4236.14244  7.29%   276 1163s
 18318  7039 4317.31799   41  377 4569.05000 4237.38036  7.26%   277 1175s
 18517  7081 4540.05723   38  428 4569.05000 4239.07485  7.22%   277 1186s
 18672  7111 4464.27456   38  302 4569.05000 4241.12093  7.18%   278 1198s
 18837  7146 4563.47652   50  261 4569.05000 4242.20819  7.15%   278 1210s
 19018  7194     cutoff   40      4569.05000 4243.66359  7.12%   278 1222s
 19190  7213     cutoff   57      4569.05000 4245.96599  7.07%   279 1234s
 19344  7236 4459.11794   47  225 4569.05000 4247.07531  7.05%   280 1246s
 19537  7289 4467.68246   39  146 4569.05000 4250.52296  6.97%   280 1258s
 19730  7347 4378.65177   41  331 4569.05000 4251.87215  6.94%   280 1270s
 19925  7400 4433.51991   45  393 4569.05000 4252.67570  6.92%   280 1282s
 20120  7423 4387.08777   42  253 4569.05000 4254.69697  6.88%   280 1293s
 20263  7473 4502.55583   45  308 4569.05000 4255.72627  6.86%   281 1305s
 20469  7506 4566.89681   40  300 4569.05000 4257.66812  6.82%   281 1317s
 20650  7556 4396.82433   43  368 4569.05000 4259.04392  6.78%   281 1330s
 20832  7586     cutoff   46      4569.05000 4260.08323  6.76%   281 1345s
 20907  7597     cutoff   52      4569.05000 4260.54376  6.75%   281 1357s
 21087  7638 4423.02728   40  294 4569.05000 4263.04535  6.70%   282 1369s
 21257  7685     cutoff   73      4569.05000 4265.31173  6.65%   282 1381s
 21453  7727 4428.25432   48  389 4569.05000 4266.96231  6.61%   282 1394s
 21651  7757 4397.82386   38  398 4569.05000 4267.58698  6.60%   282 1406s
 21829  7803 4514.91986   68  356 4569.05000 4268.61764  6.58%   282 1418s
 21997  7837     cutoff   50      4569.05000 4269.83543  6.55%   283 1430s
 22175  7901 4545.46737   63  432 4569.05000 4270.76216  6.53%   283 1442s
 22418  7925 4453.78661   48  327 4569.05000 4271.98145  6.50%   283 1455s
 22563  7959 4412.07491   48  314 4569.05000 4273.52565  6.47%   283 1467s
 22762  7983     cutoff   49      4569.05000 4274.43068  6.45%   283 1480s
 22956  8002 4523.81082   49  278 4569.05000 4275.79896  6.42%   283 1492s
 23135  8025 4492.17960   41  344 4569.05000 4277.69975  6.38%   284 1504s
 23304  8050 4447.15745   43  230 4569.05000 4279.21943  6.34%   284 1516s
 23512  8081 4549.65984   43  315 4569.05000 4280.89240  6.31%   284 1529s
 23682  8117 4563.67223   48  254 4569.05000 4282.26958  6.28%   285 1541s
 23892  8151     cutoff   54      4569.05000 4283.62096  6.25%   284 1553s
 24093  8186 4417.54763   39  354 4569.05000 4285.14257  6.21%   284 1565s
 24279  8220 4403.28995   41  363 4569.05000 4287.22502  6.17%   284 1578s
 24492  8246 4439.83581   40  352 4569.05000 4288.12563  6.15%   284 1590s
 24692  8271 4517.07237   45  280 4569.05000 4289.32368  6.12%   284 1602s
 24892  8308     cutoff   68      4569.05000 4290.27227  6.10%   284 1614s
 25073  8338     cutoff   44      4569.05000 4291.94701  6.06%   284 1626s
 25261  8373 4485.21121   47  242 4569.05000 4293.22070  6.04%   285 1638s
 25444  8409     cutoff   47      4569.05000 4294.17045  6.02%   285 1650s
 25669  8439 4494.64702   47  369 4569.05000 4295.61233  5.98%   284 1662s
 25841  8463 4377.89849   42  404 4569.05000 4296.73530  5.96%   285 1674s
 26037  8492     cutoff   42      4569.05000 4298.49083  5.92%   285 1687s
 26221  8505     cutoff   44      4569.05000 4300.02726  5.89%   285 1704s
 26405  8510 4537.86529   46  389 4569.05000 4300.80186  5.87%   285 1716s
 26589  8538 4483.43040   39  118 4569.05000 4302.22268  5.84%   285 1728s
 26755  8553 4410.84628   39  332 4569.05000 4303.30470  5.82%   286 1741s
 26936  8595 4542.28620   44  221 4569.05000 4304.42206  5.79%   286 1753s
 27137  8612 4460.74895   44  259 4569.05000 4305.53274  5.77%   286 1766s
 27287  8624 4473.37370   47  186 4569.05000 4306.95491  5.74%   286 1778s
 27475  8626 4479.37771   47  395 4569.05000 4307.74568  5.72%   286 1790s
 27695  8676 4377.15144   48  270 4569.05000 4309.48894  5.68%   286 1802s
 27911  8705     cutoff   57      4569.05000 4310.68419  5.65%   286 1814s
 28125  8734 4544.70717   55  213 4569.05000 4312.51652  5.61%   286 1827s
 28335  8750 4398.02309   35  235 4569.05000 4313.75526  5.59%   286 1839s
 28531  8763 4420.98489   40  362 4569.05000 4315.77932  5.54%   286 1851s
 28700  8781 4561.29710   52  129 4569.05000 4316.41343  5.53%   286 1864s
 28885  8788     cutoff   47      4569.05000 4317.55309  5.50%   286 1876s
 29075  8812 4391.09795   47  290 4569.05000 4318.79073  5.48%   286 1888s
 29271  8826 4485.06001   42  323 4569.05000 4320.54937  5.44%   286 1900s
 29458  8842 4558.36493   50  224 4569.05000 4321.22768  5.42%   286 1913s
 29651  8853 4504.39402   39  273 4569.05000 4321.96149  5.41%   287 1925s
 29818  8864 4568.39731   47  214 4569.05000 4322.74607  5.39%   287 1938s
 29985  8870 4561.52096   44  276 4569.05000 4323.35146  5.38%   287 1951s
 30172  8924 4534.29494   42  357 4569.05000 4324.17790  5.36%   287 1963s
 30389  8943 4494.77580   41  314 4569.05000 4325.54274  5.33%   287 1975s
 30542  8978 4423.49615   44  424 4569.05000 4326.85416  5.30%   287 1987s
 30743  8987 infeasible   43      4569.05000 4327.80284  5.28%   287 1999s
 30907  8989     cutoff   46      4569.05000 4328.77280  5.26%   288 2012s
 31068  9019 4524.06148   39  329 4569.05000 4330.18180  5.23%   288 2024s
 31278  9030     cutoff   42      4569.05000 4331.36382  5.20%   288 2037s
 31458  9040 4555.73786   44  253 4569.05000 4332.38710  5.18%   288 2050s
 31625  9043 4557.08753   54  311 4569.05000 4332.99715  5.17%   288 2062s
 31827  9062 4484.31003   47  248 4569.05000 4334.41932  5.14%   288 2074s
 32009  9066     cutoff   40      4569.05000 4335.36601  5.11%   288 2087s
 32190  9069 4519.20271   47  359 4569.05000 4336.53765  5.09%   288 2099s
 32357  9094     cutoff   55      4569.05000 4337.80590  5.06%   288 2112s
 32553  9103 4479.26641   38  314 4569.05000 4338.58839  5.04%   288 2125s
 32722  9128 4556.69312   41  193 4569.05000 4339.78306  5.02%   288 2138s
 32903  9150 4455.08205   42  369 4569.05000 4340.45651  5.00%   289 2150s
 33134  9152 4437.19852   49  282 4569.05000 4341.65742  4.98%   288 2163s
 33284  9188 4491.91580   40  431 4569.05000 4342.64958  4.96%   289 2175s
 33491  9212 4559.86478   44  141 4569.05000 4343.60758  4.93%   288 2189s
 33708  9226 4566.96040   47  148 4569.05000 4344.50357  4.91%   288 2201s
 33890  9229     cutoff   45      4569.05000 4345.64105  4.89%   288 2213s
 34098  9239     cutoff   41      4569.05000 4346.79640  4.86%   288 2226s
 34295  9256 4548.42736   50  238 4569.05000 4348.30028  4.83%   288 2238s
 34480  9248 4463.69669   47  248 4569.05000 4349.36054  4.81%   288 2250s
 34650  9253     cutoff   45      4569.05000 4350.43436  4.78%   289 2262s
 34821  9265 4543.89883   49  149 4569.05000 4351.29304  4.77%   289 2276s
 35017  9271     cutoff   45      4569.05000 4351.99999  4.75%   289 2288s
 35216  9272 4519.90100   47  353 4569.05000 4353.18776  4.72%   289 2301s
 35424  9259 4556.58480   48  113 4569.05000 4354.10502  4.70%   289 2316s
 35617  9289     cutoff   50      4569.05000 4355.21926  4.68%   289 2329s
 35860  9281 4483.05589   44  334 4569.05000 4356.47607  4.65%   288 2342s
 36010  9285 4476.65549   50  445 4569.05000 4357.42441  4.63%   289 2356s
 36148  9307 4545.65104   43  401 4569.05000 4358.12380  4.62%   289 2368s
 36393  9325 4493.82100   46  166 4569.05000 4359.31482  4.59%   289 2382s
 36591  9325     cutoff   46      4569.05000 4360.11500  4.57%   289 2394s
 36689  9325     cutoff   42      4569.05000 4360.76821  4.56%   289 2395s
 36780  9381     cutoff   47      4569.05000 4360.84026  4.56%   289 2407s
 36989  9400     cutoff   44      4569.05000 4361.48236  4.54%   289 2420s
 37225  9380     cutoff   59      4569.05000 4362.96474  4.51%   288 2432s
 37401  9392     cutoff   39      4569.05000 4364.37930  4.48%   288 2444s
 37490  9392 4433.67331   45  337 4569.05000 4365.44402  4.46%   289 2445s
 37586  9392     cutoff   42      4569.05000 4365.45869  4.46%   289 2457s
 37786  9414     cutoff   41      4569.05000 4366.36073  4.44%   288 2470s
 38017  9427 4435.69837   39  213 4569.05000 4367.70794  4.41%   288 2483s
 38224  9417     cutoff   50      4569.05000 4368.24791  4.39%   288 2496s
 38401  9402 4505.56103   49  287 4569.05000 4369.29375  4.37%   288 2510s
 38585  9381 4527.44075   45  157 4569.05000 4370.24282  4.35%   288 2524s
 38783  9375 4533.78655   44  238 4569.05000 4371.50664  4.32%   289 2538s
 38986  9365     cutoff   43      4569.05000 4372.79033  4.30%   289 2553s
 39192  9366 4491.33986   44  320 4569.05000 4373.70920  4.28%   289 2567s
 39421  9362 4505.68487   56  375 4569.05000 4374.94213  4.25%   289 2581s
 39649  9389 4502.04388   47  149 4569.05000 4376.32326  4.22%   289 2596s
 39900  9371 4536.54030   43  321 4569.05000 4377.12839  4.20%   289 2608s
 40080  9371     cutoff   53      4569.05000 4378.22016  4.18%   289 2622s
 40316  9389     cutoff   49      4569.05000 4379.76438  4.14%   288 2637s
 40546  9378 4557.34969   47  411 4569.05000 4380.55179  4.13%   288 2653s
 40726  9416     cutoff   44      4569.05000 4381.64289  4.10%   288 2667s
 40978  9397     cutoff   42      4569.05000 4382.40252  4.09%   288 2681s
 41184  9385     cutoff   47      4569.05000 4383.72947  4.06%   288 2695s
 41355  9432     cutoff   55      4569.05000 4384.61871  4.04%   288 2712s
 41666  9432 4563.99212   55  270 4569.05000 4385.60789  4.01%   288 2726s
 41869  9431     cutoff   40      4569.05000 4386.03376  4.01%   288 2739s
 42094  9425 4521.04914   37  328 4569.05000 4387.18517  3.98%   288 2752s
 42332  9446 4562.11595   47  304 4569.05000 4388.42378  3.95%   288 2765s
 42550  9444     cutoff   41      4569.05000 4389.30092  3.93%   287 2778s
 42730  9431     cutoff   46      4569.05000 4390.54621  3.91%   287 2791s
 42924  9404 4502.56257   45  136 4569.05000 4391.81128  3.88%   287 2806s
 43140  9412 4475.71251   41  350 4569.05000 4392.76498  3.86%   288 2821s
 43380  9389 4556.95159   66   57 4569.05000 4393.76905  3.84%   287 2835s
 43593  9394     cutoff   48      4569.05000 4395.11512  3.81%   287 2848s
 43817  9382 4525.46350   52  338 4569.05000 4395.92249  3.79%   287 2861s
 44055  9378 4538.88311   39  172 4569.05000 4396.79734  3.77%   287 2875s
 44273  9370     cutoff   38      4569.05000 4397.58531  3.75%   287 2888s
 44500  9344 4556.36083   38  251 4569.05000 4398.31374  3.74%   287 2902s
 44688  9323     cutoff   57      4569.05000 4399.50211  3.71%   287 2914s
 44878  9325     cutoff   48      4569.05000 4401.01680  3.68%   287 2927s
 45091  9320 4553.74953   43  249 4569.05000 4401.78106  3.66%   287 2941s
 45340  9332     cutoff   38      4569.05000 4402.63143  3.64%   287 2955s
 45584  9321     cutoff   57      4569.05000 4403.40864  3.63%   286 2968s
 45803  9300     cutoff   48      4569.05000 4404.33230  3.61%   286 2981s
 45982  9283     cutoff   48      4569.05000 4405.16663  3.59%   287 2994s
 46206  9266 4561.71659   52  235 4569.05000 4406.31473  3.56%   286 3008s
 46409  9238     cutoff   47      4569.05000 4407.28263  3.54%   286 3021s
 46584  9196     cutoff   42      4569.05000 4408.34970  3.52%   286 3034s
 46802  9161 4524.57418   46  419 4569.05000 4409.32596  3.50%   286 3050s
 46995  9142 4553.19424   48   87 4569.05000 4410.40115  3.47%   286 3063s
 47219  9107     cutoff   62      4569.05000 4411.34522  3.45%   286 3076s
 47412  9062     cutoff   53      4569.05000 4412.74761  3.42%   286 3089s
 47613  9054     cutoff   47      4569.05000 4413.95988  3.39%   286 3102s
 47847  9039 4457.45382   45  341 4569.05000 4415.13357  3.37%   286 3115s
 48093  9023     cutoff   55      4569.05000 4416.31155  3.34%   286 3131s
 48250  8987 4531.16461   38  389 4569.05000 4417.00950  3.33%   286 3144s
 48458  8951     cutoff   46      4569.05000 4417.89202  3.31%   286 3158s
 48672  8911     cutoff   44      4569.05000 4418.93361  3.29%   286 3171s
 48883  8869 4564.53116   38  310 4569.05000 4420.26272  3.26%   286 3185s
 49092  8835 4511.50454   46  424 4569.05000 4421.23502  3.24%   286 3198s
 49278  8785     cutoff   40      4569.05000 4422.36946  3.21%   286 3212s
 49490  8761     cutoff   46      4569.05000 4423.75620  3.18%   286 3225s
 49733  8775 4533.27920   48  305 4569.05000 4424.62818  3.16%   286 3239s
 49980  8711     cutoff   49      4569.05000 4425.27032  3.15%   286 3252s
 50187  8670 4549.20455   43  285 4569.05000 4427.16303  3.11%   286 3265s
 50365  8640 4546.52652   43  307 4569.05000 4428.18302  3.08%   286 3278s
 50587  8626 4475.84850   47  429 4569.05000 4429.17680  3.06%   286 3291s
 50806  8599 4563.23415   40  314 4569.05000 4430.25574  3.04%   286 3305s
 50994  8539     cutoff   45      4569.05000 4430.85538  3.02%   286 3319s
 51206  8501     cutoff   43      4569.05000 4431.63281  3.01%   286 3332s
 51451  8467 4566.95304   47  348 4569.05000 4433.28025  2.97%   285 3346s
 51728  8420     cutoff   41      4569.05000 4434.27632  2.95%   285 3359s
 51962  8386     cutoff   55      4569.05000 4435.51741  2.92%   285 3404s
 52237  8355 4516.89439   50   93 4569.05000 4436.38810  2.90%   285 3427s
 52466  8279 4523.79671   53  115 4569.05000 4437.13070  2.89%   285 3442s
 52688  8225 infeasible   62      4569.05000 4438.09651  2.87%   285 3456s
 52892  8168     cutoff   52      4569.05000 4439.09566  2.84%   285 3469s
 53118  8121 4538.58456   57   91 4569.05000 4440.24829  2.82%   285 3484s
 53353  8080     cutoff   45      4569.05000 4441.27937  2.80%   284 3499s
 53632  8053 4468.70455   49  162 4569.05000 4442.20191  2.78%   284 3514s
 53900  8000 4547.11617   45  206 4569.05000 4443.23722  2.75%   284 3528s
 54122  7951 4542.53781   49  216 4569.05000 4444.25546  2.73%   284 3541s
 54361  7886 4539.15170   44  272 4569.05000 4445.32716  2.71%   284 3555s
 54593  7834 4568.99002   50  322 4569.05000 4446.53739  2.68%   284 3569s
 54843  7772     cutoff   45      4569.05000 4447.73230  2.66%   283 3583s
 55097  7698 4483.19852   51  238 4569.05000 4448.75437  2.63%   283 3597s
 55311  7702     cutoff   45      4569.05000 4449.97099  2.61%   283 3600s

Cutting planes:
  User: 4366
  Gomory: 19
  Cover: 292
  Implied bound: 227
  Projected implied bound: 5
  Clique: 29
  MIR: 90
  StrongCG: 1
  Flow cover: 247
  GUB cover: 3
  Inf proof: 10
  Zero half: 27
  RLT: 218
  Relax-and-lift: 2
  Lazy constraints: 274

Explored 55359 nodes (15682527 simplex iterations) in 3600.09 seconds
Thread count was 2 (of 32 available processors)

Solution count 10: 4569.05 4605.05 4796.05 ... 5060.76

Time limit reached
Best objective 4.569050000000e+03, best bound 4.449987570073e+03, gap 2.6058%

User-callback calls 250279, time in user-callback 162.66 sec
================================================================================
executing instance: ./input/Instances/Original/4/absH3low_3n10.dat
--------------------------------------------------------------------------------
Instance details
n	11
H	3
C	687
Li:
[0, 0, 0, 0, 0, 0, 0, 0, 0, 0, 0, ]
Ui:
[0, 189, 44, 174, 78, 36, 198, 117, 42, 96, 240, ]
Distance matrix:
|0	209	255	286	142	156	285	317	182	161	135	|
|209	0	464	451	315	356	490	469	361	299	260	|
|255	464	0	221	202	130	74	280	189	254	273	|
|286	451	221	0	145	156	164	479	354	153	192	|
|142	315	202	145	0	73	194	388	250	53	73	|
|156	356	130	156	73	0	134	332	200	127	144	|
|285	490	74	164	194	134	0	353	256	239	267	|
|317	469	280	479	388	332	353	0	141	436	430	|
|182	361	189	354	250	200	256	141	0	296	289	|
|161	299	254	153	53	127	239	436	296	0	39	|
|135	260	273	192	73	144	267	430	289	39	0	|

--------------------------------------------------------------------------------
Building model...
	using lazy and cut (CVRPSEP package)
Solving IRP LP...
--------------------------------------------------------------------------------

Gurobi 9.1.0 (linux64) logging started Thu Feb 11 11:39:50 2021

Gurobi Optimizer version 9.1.0 build v9.1.0rc0 (linux64)
Thread count: 32 physical cores, 32 logical processors, using up to 2 threads
Optimize a model with 419 rows, 956 columns and 3020 nonzeros
Model fingerprint: 0xded08ecf
Variable types: 164 continuous, 792 integer (132 binary)
Coefficient statistics:
  Matrix range     [1e+00, 2e+03]
  Objective range  [1e-02, 5e+02]
  Bounds range     [1e+00, 2e+02]
  RHS range        [1e+00, 1e+03]
Presolve removed 144 rows and 270 columns
Presolve time: 0.03s
Presolved: 275 rows, 686 columns, 2040 nonzeros
Variable types: 83 continuous, 603 integer (495 binary)
Found heuristic solution: objective 5978.1500000

Root relaxation: objective 1.973811e+03, 504 iterations, 0.01 seconds

    Nodes    |    Current Node    |     Objective Bounds      |     Work
 Expl Unexpl |  Obj  Depth IntInf | Incumbent    BestBd   Gap | It/Node Time

     0     0 1973.81061    0   55 5978.15000 1973.81061  67.0%     -    0s
H    0     0                    4893.8500000 1973.81061  59.7%     -    0s
     0     0 2378.17158    0   64 4893.85000 2378.17158  51.4%     -    0s
H    0     0                    4623.8500000 2378.17158  48.6%     -    0s
     0     0 2392.64113    0   70 4623.85000 2392.64113  48.3%     -    0s
     0     0 2606.29774    0  117 4623.85000 2606.29774  43.6%     -    0s
H    0     0                    3548.9700000 2606.29774  26.6%     -    0s
     0     0 2662.67514    0  106 3548.97000 2662.67514  25.0%     -    0s
     0     0 2674.63105    0  109 3548.97000 2674.63105  24.6%     -    0s
     0     0 2682.90968    0  131 3548.97000 2682.90968  24.4%     -    0s
     0     0 2682.92371    0  134 3548.97000 2682.92371  24.4%     -    0s
     0     0 2760.33280    0   71 3548.97000 2760.33280  22.2%     -    0s
     0     0 2761.08660    0   71 3548.97000 2761.08660  22.2%     -    0s
     0     0 2790.77987    0   83 3548.97000 2790.77987  21.4%     -    0s
     0     0 2794.65635    0   89 3548.97000 2794.65635  21.3%     -    0s
     0     0 2812.59092    0   92 3548.97000 2812.59092  20.7%     -    0s
H    0     0                    3409.1000000 2812.59092  17.5%     -    0s
     0     0 2813.46564    0   93 3409.10000 2813.46564  17.5%     -    0s
     0     0 2818.03890    0  166 3409.10000 2818.03890  17.3%     -    0s
     0     0 2818.03890    0  166 3409.10000 2818.03890  17.3%     -    0s
H    0     0                    3190.1000000 2819.53633  11.6%     -    0s
     0     2 2819.53633    0  166 3190.10000 2819.53633  11.6%     -    0s
H   29    36                    3111.1000000 2877.09284  7.52%  77.0    0s

Cutting planes:
  User: 16
  Gomory: 5
  Cover: 81
  Implied bound: 36
  Clique: 23
  MIR: 34
  StrongCG: 2
  Flow cover: 45
  Zero half: 2
  Network: 1
  RLT: 50
  Relax-and-lift: 18
  Lazy constraints: 6

Explored 308 nodes (15303 simplex iterations) in 1.03 seconds
Thread count was 2 (of 32 available processors)

Solution count 7: 3111.1 3190.1 3409.1 ... 5978.15

Optimal solution found (tolerance 1.00e-04)
Best objective 3.111100000000e+03, best bound 3.111100000000e+03, gap 0.0000%

User-callback calls 1003, time in user-callback 0.09 sec
================================================================================
executing instance: ./input/Instances/Original/4/absH3low_3n15.dat
--------------------------------------------------------------------------------
Instance details
n	16
H	3
C	1267
Li:
[0, 0, 0, 0, 0, 0, 0, 0, 0, 0, 0, 0, 0, 0, 0, 0, ]
Ui:
