




arguments: ./build/bc_mirp -f ./input/orig_exec_226.cfg
Current dir: /scratch/gui/bc_mirp
File verbosity level: 9
date       time         ( uptime  ) [ thread name/id ]                   file:line     v| 
2021-02-14 14:16:34.541 (   0.206s) [main thread     ]             loguru.cpp:789   INFO| Logging to './output/vi_vc+lex_full/OU/V4/Original/execution_14_02_2021_14_16_34.log', mode: 'a', verbosity: 9
--------------------------------------------------------------------------------
Parameters
                           instance_path           ./input/Instances/Original/5/
                            model_policy                                       1
                             nb_vehicles                                       4
                              output_dir ./output/vi_vc+lex_full/OU/V4/Original/
                            sec_strategy                                       1
                       solver_nb_threads                                       2
                         solver_show_log                                    true
                       solver_time_limit                                    3600
                              use_vi_cos                                   false
                              use_vi_cus                                   false
                         use_vi_hc1_full                                   false
                         use_vi_hc1_half                                   false
                      use_vi_hc1_quarter                                   false
                              use_vi_hc2                                   false
                              use_vi_hc3                                   false
                         use_vi_lex_full                                    true
                         use_vi_lex_half                                   false
                      use_vi_lex_quarter                                   false
                              use_vi_qua                                   false
                               use_vi_vc                                    true
                               use_vi_vr                                   false
--------------------------------------------------------------------------------
executing instance: ./input/Instances/Original/5/absH3low_4n50.dat
--------------------------------------------------------------------------------
Instance details
n	51
H	3
C	4066
Li:
[0, 0, 0, 0, 0, 0, 0, 0, 0, 0, 0, 0, 0, 0, 0, 0, 0, 0, 0, 0, 0, 0, 0, 0, 0, 0, 0, 0, 0, 0, 0, 0, 0, 0, 0, 0, 0, 0, 0, 0, 0, 0, 0, 0, 0, 0, 0, 0, 0, 0, 0, ]
Ui:
[0, 108, 126, 122, 66, 120, 48, 30, 128, 54, 158, 198, 36, 66, 210, 234, 147, 297, 171, 128, 116, 120, 219, 70, 294, 207, 134, 128, 234, 122, 22, 183, 195, 255, 132, 124, 66, 189, 219, 66, 128, 102, 288, 66, 87, 136, 36, 39, 282, 36, 237, ]
Distance matrix:
|0	210	444	498	509	104	438	228	487	304	456	434	526	476	163	47	293	396	293	290	313	85	280	437	293	336	409	106	449	376	433	478	193	404	404	534	278	181	380	507	189	438	263	473	353	216	202	218	452	254	465	|
|210	0	299	507	359	106	345	409	358	411	320	402	555	448	136	200	289	264	306	427	141	222	83	348	264	320	283	303	380	208	258	357	170	348	475	542	243	347	355	379	65	479	172	373	355	251	112	229	402	210	300	|
|444	299	0	363	65	358	116	542	66	440	26	241	425	272	282	407	251	51	276	490	159	397	224	124	217	237	48	490	170	99	83	74	261	180	430	385	214	479	231	85	270	390	184	116	271	300	409	276	210	215	54	|
|498	507	363	0	385	482	246	424	326	254	343	123	63	93	388	452	221	337	211	314	428	414	480	239	243	187	324	463	194	418	438	307	346	188	156	36	264	392	156	326	444	87	340	258	154	286	603	294	153	297	417	|
|509	359	65	385	0	422	145	602	59	492	59	269	448	292	348	472	305	115	329	545	218	462	281	152	274	286	106	554	192	153	116	78	326	216	472	403	274	540	271	63	334	425	249	127	316	361	468	337	233	278	69	|
|104	106	358	482	422	0	372	309	408	337	374	396	521	441	98	96	262	314	271	342	215	124	177	373	249	302	329	198	394	281	337	402	139	353	419	518	230	250	343	428	90	437	188	405	328	200	134	188	406	199	372	|
|438	345	116	246	145	372	0	485	87	357	97	126	309	155	279	394	180	101	200	414	223	373	288	8	157	150	84	459	53	188	196	68	245	72	328	269	165	427	128	97	297	280	184	36	175	250	456	233	94	184	170	|
|228	409	542	424	602	309	485	0	561	170	544	419	424	446	298	214	305	491	286	115	462	187	457	480	331	339	496	124	470	510	565	545	295	424	279	454	329	66	376	576	363	340	370	520	330	242	429	266	453	328	581	|
|487	358	66	326	59	408	87	561	0	441	40	211	389	233	324	446	258	95	281	497	220	431	287	95	230	234	79	522	133	164	146	19	297	160	415	344	233	500	215	21	323	367	224	68	261	320	470	299	174	242	106	|
|304	411	440	254	492	337	357	170	441	0	434	266	255	286	275	266	189	392	164	63	408	225	428	351	224	207	392	234	330	438	484	424	250	287	112	284	232	149	233	453	349	170	302	389	185	168	471	195	305	248	487	|
|456	320	26	343	59	374	97	544	40	434	0	223	406	252	294	418	247	60	271	487	181	405	247	105	215	229	49	498	149	124	109	48	270	165	419	364	215	482	218	60	288	375	194	92	261	302	431	279	190	220	75	|
|434	402	241	123	269	396	126	419	211	266	223	0	185	46	298	387	140	213	145	328	310	355	366	118	147	97	201	425	78	295	315	191	256	65	211	151	166	371	53	215	343	157	231	145	90	220	505	217	41	198	295	|
|526	555	425	63	448	521	309	424	389	255	406	185	0	156	430	481	266	398	252	310	485	442	534	301	293	237	386	480	257	478	500	370	390	249	145	55	313	401	212	389	491	89	392	321	201	322	646	334	216	345	479	|
|476	448	272	93	292	441	155	446	233	286	252	46	156	0	343	429	183	250	184	348	353	396	411	148	192	140	236	461	102	334	350	214	302	106	214	113	212	402	98	233	389	151	277	165	125	261	551	260	62	244	325	|
|163	136	282	388	348	98	279	298	324	275	294	298	430	343	0	124	167	234	178	296	167	121	162	279	151	205	247	216	297	224	280	316	42	256	340	423	132	232	246	344	74	349	100	314	233	115	216	97	308	101	307	|
|47	200	407	452	472	96	394	214	446	266	418	387	481	429	124	0	246	358	245	259	284	41	261	392	247	289	370	103	403	345	402	436	150	358	361	488	232	158	333	466	165	393	223	430	306	168	217	171	406	210	431	|
|293	289	251	221	305	262	180	305	258	189	247	140	266	183	167	246	0	204	26	240	238	215	276	175	37	43	203	289	169	255	297	242	125	122	202	257	52	248	87	272	225	191	134	215	67	80	382	77	163	81	298	|
|396	264	51	337	115	314	101	491	95	392	60	213	398	250	234	358	204	0	229	442	130	347	196	108	169	194	19	440	152	87	102	93	211	149	390	363	165	428	194	116	228	355	134	117	230	250	376	225	189	164	95	|
|293	306	276	211	329	271	200	286	281	164	271	145	252	184	178	245	26	229	0	216	262	212	297	195	63	53	228	280	184	280	323	264	138	137	178	248	76	232	95	294	241	173	156	234	60	77	395	83	172	102	324	|
|290	427	490	314	545	342	414	115	497	63	487	328	310	348	296	259	240	442	216	0	443	220	456	408	273	264	443	204	390	479	529	480	278	346	165	343	278	115	293	509	369	229	340	447	244	202	473	230	366	288	536	|
|313	141	159	428	218	215	223	462	220	408	181	310	485	353	167	284	238	130	262	443	0	288	67	228	202	252	149	382	267	67	122	221	168	247	440	459	186	396	273	241	125	423	107	245	291	242	251	214	297	162	160	|
|85	222	397	414	462	124	373	187	431	225	405	355	442	396	121	41	215	347	212	220	288	0	273	371	221	258	357	95	378	344	401	420	136	331	321	450	208	126	302	450	177	353	213	409	272	136	253	143	377	190	426	|
|280	83	224	480	281	177	288	457	287	428	247	366	534	411	162	261	276	196	297	456	67	273	0	292	243	298	215	363	329	128	176	288	179	305	475	513	224	392	324	307	96	466	143	311	335	261	187	235	357	195	219	|
|437	348	124	239	152	373	8	480	95	351	105	118	301	148	279	392	175	108	195	408	228	371	292	0	154	144	91	456	46	194	203	76	244	65	320	261	163	423	121	103	299	273	185	40	168	247	459	230	86	183	178	|
|293	264	217	243	274	249	157	331	230	224	215	147	293	192	151	247	37	169	63	273	202	221	243	154	0	57	170	303	157	217	260	215	110	111	238	278	21	271	94	245	201	223	100	193	92	93	362	78	160	54	263	|
|336	320	237	187	286	302	150	339	234	207	229	97	237	140	205	289	43	194	53	264	252	258	298	144	57	0	190	331	131	257	294	216	163	84	197	221	77	285	44	246	258	172	155	183	39	123	418	119	120	110	288	|
|409	283	48	324	106	329	84	496	79	392	49	201	386	236	247	370	203	19	228	443	149	357	215	91	170	190	0	449	136	105	114	75	221	138	384	349	168	434	185	99	245	346	146	98	224	255	394	231	174	171	99	|
|106	303	490	463	554	198	459	124	522	234	498	425	480	461	216	103	289	440	280	204	382	95	363	456	303	331	449	0	458	439	496	510	229	410	344	498	293	89	374	540	267	391	307	495	336	211	308	226	451	280	520	|
|449	380	170	194	192	394	53	470	133	330	149	78	257	102	297	403	169	152	184	390	267	378	329	46	157	131	136	458	0	238	249	114	259	47	287	216	171	416	96	137	327	235	211	67	145	247	488	235	41	197	223	|
|376	208	99	418	153	281	188	510	164	438	124	295	478	334	224	345	255	87	280	479	67	344	128	194	217	257	105	439	238	0	57	169	216	230	453	445	206	445	268	184	191	427	141	202	296	278	315	250	274	191	92	|
|433	258	83	438	116	337	196	565	146	484	109	315	500	350	280	402	297	102	323	529	122	401	176	203	260	294	114	496	249	57	0	157	271	252	490	463	251	499	296	162	247	457	195	199	331	329	362	302	288	241	47	|
|478	357	74	307	78	402	68	545	19	424	48	191	370	214	316	436	242	93	264	480	221	420	288	76	215	216	75	510	114	169	157	0	287	141	396	325	219	485	196	31	319	347	216	49	243	306	469	286	154	230	120	|
|193	170	261	346	326	139	245	295	297	250	270	256	390	302	42	150	125	211	138	278	168	136	179	244	110	163	221	229	259	216	271	287	0	216	305	382	91	229	204	316	105	310	78	280	192	83	257	60	268	62	292	|
|404	348	180	188	216	353	72	424	160	287	165	65	249	106	256	358	122	149	137	346	247	331	305	65	111	84	138	410	47	230	252	141	216	0	255	215	126	369	56	168	292	210	177	102	103	200	454	189	54	155	234	|
|404	475	430	156	472	419	328	279	415	112	419	211	145	214	340	361	202	390	178	165	440	321	475	320	238	197	384	344	287	453	490	396	305	255	0	181	254	261	201	422	410	69	335	353	160	225	551	246	252	280	482	|
|534	542	385	36	403	518	269	454	344	284	364	151	55	113	423	488	257	363	248	343	459	450	513	261	278	221	349	498	216	445	463	325	382	215	181	0	298	425	189	342	479	115	373	276	190	323	638	330	175	332	439	|
|278	243	214	264	274	230	165	329	233	232	215	166	313	212	132	232	52	165	76	278	186	208	224	163	21	77	168	293	171	206	251	219	91	126	254	298	0	267	114	250	181	242	82	202	112	88	341	68	177	33	258	|
|181	347	479	392	540	250	427	66	500	149	482	371	401	402	232	158	248	428	232	115	396	126	392	423	271	285	434	89	416	445	499	485	229	369	261	425	267	0	325	516	298	313	305	463	281	180	375	203	403	264	516	|
|380	355	231	156	271	343	128	376	215	233	218	53	212	98	246	333	87	194	95	293	273	302	324	121	94	44	185	374	96	268	296	196	204	56	201	189	114	325	0	224	294	161	185	157	49	167	455	163	78	147	284	|
|507	379	85	326	63	428	97	576	21	453	60	215	389	233	344	466	272	116	294	509	241	450	307	103	245	246	99	540	137	184	162	31	316	168	422	342	250	516	224	0	344	371	244	70	271	337	490	317	176	261	120	|
|189	65	270	444	334	90	297	363	323	349	288	343	491	389	74	165	225	228	241	369	125	177	96	299	201	258	245	267	327	191	247	319	105	292	410	479	181	298	294	344	0	414	116	328	291	187	163	165	345	147	282	|
|438	479	390	87	425	437	280	340	367	170	375	157	89	151	349	393	191	355	173	229	423	353	466	273	223	172	346	391	235	427	457	347	310	210	69	115	242	313	161	371	414	0	323	301	133	238	565	253	197	273	444	|
|263	172	184	340	249	188	184	370	224	302	194	231	392	277	100	223	134	134	156	340	107	213	143	185	100	155	146	307	211	141	195	216	78	177	335	373	82	305	185	244	116	323	0	217	192	138	278	110	230	55	214	|
|473	373	116	258	127	405	36	520	68	389	92	145	321	165	314	430	215	117	234	447	245	409	311	40	193	183	98	495	67	202	199	49	280	102	353	276	202	463	157	70	328	301	217	0	205	286	485	269	106	220	167	|
|353	355	271	154	316	328	175	330	261	185	261	90	201	125	233	306	67	230	60	244	291	272	335	168	92	39	224	336	145	296	331	243	192	103	160	190	112	281	49	271	291	133	192	205	0	138	449	141	123	145	323	|
|216	251	300	286	361	200	250	242	320	168	302	220	322	261	115	168	80	250	77	202	242	136	261	247	93	123	255	211	247	278	329	306	83	200	225	323	88	180	167	337	187	238	138	286	138	0	328	28	243	88	340	|
|202	112	409	603	468	134	456	429	470	471	431	505	646	551	216	217	382	376	395	473	251	253	187	459	362	418	394	308	488	315	362	469	257	454	551	638	341	375	455	490	163	565	278	485	449	328	0	313	508	308	406	|
|218	229	276	294	337	188	233	266	299	195	279	217	334	260	97	171	77	225	83	230	214	143	235	230	78	119	231	226	235	250	302	286	60	189	246	330	68	203	163	317	165	253	110	269	141	28	313	0	235	61	315	|
|452	402	210	153	233	406	94	453	174	305	190	41	216	62	308	406	163	189	172	366	297	377	357	86	160	120	174	451	41	274	288	154	268	54	252	175	177	403	78	176	345	197	230	106	123	243	508	235	0	207	264	|
|254	210	215	297	278	199	184	328	242	248	220	198	345	244	101	210	81	164	102	288	162	190	195	183	54	110	171	280	197	191	241	230	62	155	280	332	33	264	147	261	147	273	55	220	145	88	308	61	207	0	253	|
|465	300	54	417	69	372	170	581	106	487	75	295	479	325	307	431	298	95	324	536	160	426	219	178	263	288	99	520	223	92	47	120	292	234	482	439	258	516	284	120	282	444	214	167	323	340	406	315	264	253	0	|

--------------------------------------------------------------------------------
Building model...
	using lazy and cut (CVRPSEP package)
Solving IRP LP...
--------------------------------------------------------------------------------

Gurobi 9.1.0 (linux64) logging started Sun Feb 14 14:16:35 2021

Gurobi Optimizer version 9.1.0 build v9.1.0rc0 (linux64)
Thread count: 32 physical cores, 32 logical processors, using up to 2 threads
Optimize a model with 1899 rows, 16716 columns and 38820 nonzeros
Model fingerprint: 0xf9aff2f8
Variable types: 804 continuous, 15912 integer (612 binary)
Coefficient statistics:
  Matrix range     [1e+00, 2e+15]
  Objective range  [1e-02, 6e+02]
  Bounds range     [1e+00, 3e+02]
  RHS range        [1e+00, 7e+03]
Warning: Model contains large matrix coefficient range
         Consider reformulating model or setting NumericFocus parameter
         to avoid numerical issues.
Presolve removed 537 rows and 1171 columns
Presolve time: 0.28s
Presolved: 1362 rows, 15545 columns, 34375 nonzeros
Variable types: 490 continuous, 15055 integer (14447 binary)

Root relaxation: objective 3.484096e+03, 1703 iterations, 0.07 seconds

    Nodes    |    Current Node    |     Objective Bounds      |     Work
 Expl Unexpl |  Obj  Depth IntInf | Incumbent    BestBd   Gap | It/Node Time

     0     0 3484.09562    0  155          - 3484.09562      -     -    0s
     0     0 3726.21190    0  157          - 3726.21190      -     -    0s
     0     0 3726.82448    0  142          - 3726.82448      -     -    0s
     0     0 4211.17230    0  218          - 4211.17230      -     -    1s
     0     0 4352.95078    0  330          - 4352.95078      -     -    2s
     0     0 4361.92569    0  353          - 4361.92569      -     -    2s
     0     0 4362.03411    0  342          - 4362.03411      -     -    2s
     0     0 4635.21499    0  402          - 4635.21499      -     -    3s
     0     0 4648.02546    0  375          - 4648.02546      -     -    3s
     0     0 4648.81801    0  399          - 4648.81801      -     -    3s
     0     0 4750.91508    0  389          - 4750.91508      -     -    4s
     0     0 4765.83726    0  303          - 4765.83726      -     -    4s
     0     0 4768.16499    0  362          - 4768.16499      -     -    4s
     0     0 4769.00168    0  378          - 4769.00168      -     -    5s
     0     0 4786.98912    0  469          - 4786.98912      -     -    5s
     0     0 4803.71395    0  429          - 4803.71395      -     -    5s
     0     0 4812.04854    0  509          - 4812.04854      -     -    6s
     0     0 4814.23670    0  543          - 4814.23670      -     -    6s
     0     0 4814.39571    0  525          - 4814.39571      -     -    6s
     0     0 4836.81504    0  490          - 4836.81504      -     -    6s
     0     0 4842.61150    0  567          - 4842.61150      -     -    7s
     0     0 4844.57170    0  595          - 4844.57170      -     -    7s
     0     0 4853.09318    0  448          - 4853.09318      -     -    8s
     0     0 4853.09318    0  448          - 4853.09318      -     -    8s
     0     2 4857.73656    0  533          - 4857.73656      -     -   12s
    20    24 4877.70091    8  385          - 4867.12156      -   440   15s
    90    91 infeasible   17               - 4867.12156      -   308   20s
   261   286 6463.34315  127   35          - 4867.12156      -   186   25s
*  420   390             201    8430.2100000 4869.80155  42.2%   133   28s
   428   392 4931.57048    6  433 8430.21000 4869.80155  42.2%   134   30s
   458   422 5006.85830   17  290 8430.21000 4869.80155  42.2%   139   82s
   488   452 5071.81963   21  228 8430.21000 4869.80155  42.2%   144   86s
   548   514 5208.65658   33  173 8430.21000 4869.80155  42.2%   148   90s
   584   548 5370.39521   39  216 8430.21000 4869.80155  42.2%   150   95s
   646   642 5509.57478   47  173 8430.21000 4869.80155  42.2%   149  100s
   725   687 5520.48306    3  448 8430.21000 4869.80155  42.2%   144  105s
   728   689 5405.75141   55  370 8430.21000 4869.80155  42.2%   144  112s
   729   690 5871.37420   58  456 8430.21000 4869.80155  42.2%   144  150s
   739   696 5677.14370   56  612 8430.21000 4908.25150  41.8%   142  155s
   749   703 5581.24667   25  542 8430.21000 4933.81922  41.5%   140  160s
   760   710 5406.99615   44  705 8430.21000 4940.40751  41.4%   138  165s
   770   717 5420.19681   41  789 8430.21000 4957.10393  41.2%   136  170s
   778   722 5024.27261   18  788 8430.21000 4960.64417  41.2%   134  175s
   784   726 7099.00437  145  798 8430.21000 4961.46197  41.1%   133  180s
   788   729 6811.03867  156  794 8430.21000 4961.47981  41.1%   133  330s
   792   733 5410.15441   41  196 8430.21000 4961.47981  41.1%   157  344s
   793   734 5100.51809   26  372 8430.21000 4961.47981  41.1%   157  347s
   797   737 6285.70919  113  657 8430.21000 4961.47981  41.1%   156  350s
   805   742 6343.76462  121  799 8430.21000 4961.48012  41.1%   154  355s
   808   744 5387.15993   20  796 8430.21000 4961.48015  41.1%   154  360s
   819   754 4982.16712   28  762 8430.21000 4977.02212  41.0%   174  365s
   831   763 4987.63551   31  714 8430.21000 4977.02212  41.0%   185  370s
   837   767 4998.89520   33  709 8430.21000 4977.02212  41.0%   191  401s
   851   777 5028.16389   36  722 8430.21000 4977.02212  41.0%   201  405s
   852   776 5010.01978   36  577 8430.21000 4977.02212  41.0%   201  419s
   854   779 5060.01995   36  652 8430.21000 4977.02212  41.0%   203  420s
   861   784 5048.33310   38  609 8430.21000 4977.02212  41.0%   207  426s
   885   803 5090.76637   43  537 8430.21000 4977.02212  41.0%   221  430s
   903   812 5120.63154   47  480 8430.21000 4977.02212  41.0%   227  437s
   922   825 5163.43938   51  473 8430.21000 4977.02212  41.0%   235  441s
   936   832 5220.94590   56  428 8430.21000 4977.02212  41.0%   241  445s
   956   845 5275.05017   62  403 8430.21000 4977.02212  41.0%   251  450s
   980   860 5384.08236   67  411 8430.21000 4977.02212  41.0%   258  472s
   989   878 5371.46467   70  400 8430.21000 4977.02212  41.0%   260  476s
  1016   889 5372.59542   77  342 8430.21000 4977.02212  41.0%   264  481s
  1038   912 5456.49571   83  414 8430.21000 4977.02212  41.0%   268  485s
  1069   926 5394.56026   88  371 8430.21000 4977.02212  41.0%   271  490s
  1096   945 5510.56737   96  431 8430.21000 4977.02212  41.0%   275  495s
  1130   985 5531.88833  106  406 8430.21000 4977.02212  41.0%   278  500s
  1185  1020 5610.41118  121  282 8430.21000 4977.02212  41.0%   283  515s
  1245  1067 5757.81743  138  209 8430.21000 4977.02212  41.0%   287  524s
  1278  1105 5883.09916  146  206 8430.21000 4977.02212  41.0%   288  528s
  1327  1140 6044.19602  158  211 8430.21000 4977.02212  41.0%   286  531s
  1378  1185 6144.20533  169  250 8430.21000 4977.02212  41.0%   285  535s
  1495  1270 6344.15478  192  160 8430.21000 4977.02212  41.0%   278  543s
  1564  1327 6446.42853  205  163 8430.21000 4977.02212  41.0%   274  547s
  1644  1367 6660.93199  224  117 8430.21000 4977.02212  41.0%   268  551s
  1711  1413 6916.57543  237  114 8430.21000 4977.02212  41.0%   264  622s
  1779  1474 6842.98612  252  177 8430.21000 4977.02212  41.0%   261  627s
  1863  1541 7243.10051  273  169 8430.21000 4977.02212  41.0%   256  632s
  1960  1542 7661.35800  301   37 8430.21000 4977.02212  41.0%   251  648s
  1992  1598 8153.64068  309   84 8430.21000 4978.47657  40.9%   249  655s
  2087  1672 8076.24420  335   20 8430.21000 4986.30736  40.9%   241  662s
H 2135  1625                    8367.2100000 4986.30736  40.4%   238  662s
  2240  1602 5350.50683   31  459 8367.21000 4986.84549  40.4%   232  667s
  2245  1610 5339.08733   29  410 8367.21000 4986.84549  40.4%   235  671s
  2258  1612 5379.05900   36  538 8367.21000 4986.84549  40.4%   237  676s
  2264  1616 5401.34723   35  599 8367.21000 4986.84549  40.4%   239  681s
  2285  1638 5472.12522   37  538 8367.21000 4986.84549  40.4%   242  726s
  2299  1639 5525.87212   39  637 8367.21000 4986.84549  40.4%   246  731s
  2305  1648 5540.95265   39  568 8367.21000 4986.84549  40.4%   247  736s
  2316  1656 5512.80327   41  497 8367.21000 4986.84549  40.4%   250  740s
  2328  1659 5536.79852   44  488 8367.21000 4986.84549  40.4%   253  745s
  2335  1676 5539.80877   45  545 8367.21000 4986.84549  40.4%   254  750s
  2354  1689 5562.75178   47  408 8367.21000 4986.84549  40.4%   257  755s
  2393  1716 5718.93418   51  405 8367.21000 4986.84549  40.4%   262  922s
  2413  1727 5672.82735   55  434 8367.21000 4986.84549  40.4%   264  930s
  2442  1742 5519.10180   74  312 8367.21000 4986.84549  40.4%   267  935s
  2456  1770 5701.85596   62  390 8367.21000 4986.84549  40.4%   269  940s
  2488  1797 5953.23598   68  277 8367.21000 4986.84549  40.4%   271  945s
  2526  1832 5943.28167   74  306 8367.21000 4986.84549  40.4%   272  951s
  2574  1824 5985.18075   81  322 8367.21000 4986.84549  40.4%   273  982s
  2582  1893 5996.47307   81  364 8367.21000 4986.84549  40.4%   274  988s
  2653  1938 6165.19313   88  289 8367.21000 4986.84549  40.4%   273  995s
  2722  2009 6125.71853   98  216 8367.21000 4986.84549  40.4%   272 1003s
  2816  2080 6331.45502  114  188 8367.21000 4986.84549  40.4%   270 1011s
  2918  2179 6471.25273  135  197 8367.21000 4986.84549  40.4%   267 1032s
  3051  2336 6836.23826  158  196 8367.21000 4986.84549  40.4%   262 1041s
  3211  2514 7020.35638  182  140 8367.21000 4986.84549  40.4%   256 1051s
  3389  2871 7334.06523  214  115 8367.21000 4986.84549  40.4%   250 1062s
  3776  2947 8156.04500  280    9 8367.21000 4995.15019  40.3%   232 1084s
  3889  2955 8184.24321  331   40 8367.21000 4995.82302  40.3%   227 1085s
  3915  2976 5197.02645   29  584 8367.21000 4995.82302  40.3%   228 1091s
  3936  3010 5315.26475   37  495 8367.21000 4995.82302  40.3%   230 1099s
  3970  3045 5388.21809   45  454 8367.21000 4995.82302  40.3%   231 1106s
  4005  3098 5461.51353   53  305 8367.21000 4995.82302  40.3%   234 1114s
  4058  3198 5527.54862   61  242 8367.21000 4995.82302  40.3%   235 1124s
  4143  3198 5720.65994   88  129 8367.21000 4995.82302  40.3%   234 1125s
  4158  3473 5643.66356   78  187 8367.21000 4995.82302  40.3%   234 1137s
  4400  3486 6584.08000  136    - 8367.21000 4995.82302  40.3%   227 1140s
  4497  3644 6114.36277  107  102 8367.21000 4995.82302  40.3%   223 1162s
  4648  3727 6664.54004  138   82 8367.21000 5000.90642  40.2%   220 1175s
  4799  3770 5248.59161   31  534 8367.21000 5001.17510  40.2%   219 1186s
  4832  3825 5594.35412   54  336 8367.21000 5001.17510  40.2%   221 1196s
  4902  3906 6364.97531  101  233 8367.21000 5007.30650  40.2%   221 1210s
  4985  3948 5377.85401   32  548 8367.21000 5007.30650  40.2%   222 1221s
  5027  4158 5577.99870   46  438 8367.21000 5007.32329  40.2%   222 1235s
  5305  4311 7690.83173  172   33 8367.21000 5009.92020  40.1%   216 1248s
  5460  4409 5262.42376   48  301 8367.21000 5009.92020  40.1%   215 1261s
  5579  4537 6314.78374  122  158 8367.21000 5010.93631  40.1%   214 1339s
  5596  4537 6486.94100  139   91 8367.21000 5010.93631  40.1%   214 1385s
  5747  4601 8050.69000  193    - 8367.21000 5011.54811  40.1%   212 1399s
  5763  4610 7014.94231  110   62 8367.21000 5011.55198  40.1%   213 1400s
  5849  4640 8095.95000  193    - 8367.21000 5012.70154  40.1%   212 1411s
  5887  4749 8151.62000  194    - 8367.21000 5012.89097  40.1%   214 1429s
  5992  4760 6560.37387  107  151 8367.21000 5013.09184  40.1%   214 1430s
  6038  4833 5256.04427   45  459 8367.21000 5013.09184  40.1%   213 1443s
  6111  5062 5456.55125   69  199 8367.21000 5013.09184  40.1%   215 1460s
  6348  5277 6121.30983  124   66 8367.21000 5013.09184  40.1%   212 1613s
  6412  5277 6303.89842  154   45 8367.21000 5013.09184  40.1%   211 1615s
  6603  5441 7183.30631  177   43 8367.21000 5015.53092  40.1%   208 1632s
  6839  5483     cutoff  196      8367.21000 5016.22467  40.0%   206 1645s
  6873  5539 5306.83395   40  483 8367.21000 5016.69509  40.0%   208 1659s
  6889  5539 5633.63409   56  265 8367.21000 5016.69509  40.0%   208 1660s
  6929  5663 5954.21782   74  254 8367.21000 5016.69509  40.0%   208 1855s
  7075  5690 5343.09713   30  500 8367.21000 5016.69509  40.0%   209 1870s
  7104  5814 5815.98329   51  358 8367.21000 5016.69509  40.0%   211 1891s
  7251  5950 5415.68459   33  588 8367.21000 5016.69509  40.0%   212 1917s
  7399  6055 6229.44280   55  296 8367.21000 5020.83418  40.0%   212 1936s
  7415  6055 6520.07001   71  251 8367.21000 5020.83418  40.0%   212 1996s
  7524  6322 5645.52646   46  370 8367.21000 5020.87920  40.0%   213 2018s
  7813  6605     cutoff  202      8367.21000 5021.36219  40.0%   211 2053s
  7850  6605 6006.51229   64  332 8367.21000 5021.36219  40.0%   212 2055s
  8211  6715 6458.81891   82  183 8367.21000 5026.42559  39.9%   206 2078s
  8302  6811 5385.27073   40  305 8367.21000 5026.46898  39.9%   207 2097s
  8401  7064 5685.85921   73  191 8367.21000 5036.35267  39.8%   210 2122s
  8683  7144 5227.15883   34  578 8367.21000 5036.61302  39.8%   209 2148s
  8775  7286 5764.40643   51  341 8367.21000 5036.61302  39.8%   210 2262s
  8917  7465 7119.07087  133  129 8367.21000 5038.68398  39.8%   210 2286s
  9140  7544 5477.87007   56  203 8367.21000 5038.71532  39.8%   209 2314s
  9210  7855 5778.04299   74  182 8367.21000 5038.71532  39.8%   209 2344s
  9274  7855 5926.55528  102   47 8367.21000 5038.71532  39.8%   209 2345s
  9533  8248 6297.26221  115  117 8367.21000 5041.12610  39.8%   208 2483s
  9709  8269 7772.57500  177    8 8367.21000 5041.12610  39.8%   205 2485s
 10086  8368 7906.66000  178   16 8367.21000 5042.88627  39.7%   201 2507s
 10169  8513     cutoff  181      8367.21000 5045.56192  39.7%   202 2531s
 10337  8674     cutoff  181      8367.21000 5049.12629  39.7%   202 2554s
 10519  8736 5596.84688   54  328 8367.21000 5049.16208  39.7%   202 2579s
 10581  8879 6141.11778   70  253 8367.21000 5049.16208  39.7%   204 2644s
 10724  9210 6747.00490   93  227 8367.21000 5049.59383  39.7%   205 2669s
 10772  9210 7386.41688  109  193 8367.21000 5049.59383  39.7%   204 2670s
 11121  9324 5297.27688   42  388 8367.21000 5049.72135  39.6%   202 2692s
 11236  9464 6642.16379  123  108 8367.21000 5051.14878  39.6%   203 2715s
 11430  9481     cutoff  175      8367.21000 5051.16382  39.6%   202 2753s
 11432  9481     cutoff  163      8367.21000 5051.16382  39.6%   202 2786s
 11440  9531     cutoff  176      8367.21000 5054.31760  39.6%   202 2805s
 11495  9674     cutoff  178      8367.21000 5054.75112  39.6%   204 2856s
 11523  9674 5849.87814   65  171 8367.21000 5054.75112  39.6%   205 3045s
 11649  9811 6092.18652   81  203 8367.21000 5059.86464  39.5%   204 3067s
 11809  9938 7739.94525  162   23 8367.21000 5060.10730  39.5%   205 3233s
 11953  9988 8245.81000  168    - 8367.21000 5061.39664  39.5%   205 3254s
 12003 10000 5770.35839   59   93 8367.21000 5061.39664  39.5%   206 3255s
 12029 10158     cutoff  172      8367.21000 5062.52832  39.5%   207 3288s
 12071 10159 5934.26789   78  136 8367.21000 5062.52832  39.5%   207 3330s
 12206 10337     cutoff  171      8367.21000 5063.94467  39.5%   207 3358s
 12278 10337 6801.59294   78  226 8367.21000 5064.51813  39.5%   208 3360s
 12416 10450 5852.60037   72  253 8367.21000 5064.51813  39.5%   207 3386s
 12566 10471 infeasible  174      8367.21000 5066.08832  39.5%   208 3404s
 12594 10596 7943.95000  173    - 8367.21000 5066.20060  39.5%   210 3491s
 12743 10638 infeasible  173      8367.21000 5066.61770  39.4%   210 3519s
 12832 10751 5250.69797   35  473 8367.21000 5067.31456  39.4%   212 3554s
 12938 10751 5789.72212   93  144 8367.21000 5067.31456  39.4%   213 3556s
 12942 10853 5735.03701   45  400 8367.21000 5067.31456  39.4%   213 3674s
 12969 10853 5964.55091   53  370 8367.21000 5067.31456  39.4%   213 3675s

Cutting planes:
  User: 4635
  Gomory: 17
  Cover: 477
  Implied bound: 178
  Projected implied bound: 9
  Clique: 32
  MIR: 114
  StrongCG: 2
  Flow cover: 283
  GUB cover: 3
  Zero half: 24
  Network: 1
  RLT: 348
  Relax-and-lift: 9
  Lazy constraints: 3472

Explored 13070 nodes (2807999 simplex iterations) in 3676.88 seconds
Thread count was 2 (of 32 available processors)

Solution count 2: 8367.21 8430.21 

Time limit reached
Best objective 8.367210000000e+03, best bound 5.067314557548e+03, gap 39.4384%

User-callback calls 270165, time in user-callback 1483.65 sec
================================================================================
executing instance: ./input/Instances/Original/5/absH3low_4n25.dat
--------------------------------------------------------------------------------
Instance details
n	26
H	3
C	2029
Li:
[0, 0, 0, 0, 0, 0, 0, 0, 0, 0, 0, 0, 0, 0, 0, 0, 0, 0, 0, 0, 0, 0, 0, 0, 0, 0, ]
Ui:
[0, 34, 165, 76, 88, 188, 58, 279, 52, 132, 198, 142, 135, 165, 186, 58, 201, 196, 40, 183, 32, 90, 168, 126, 93, 146, ]
Distance matrix:
|0	299	188	235	91	202	152	147	162	277	268	132	71	162	220	69	220	289	241	124	265	80	162	132	66	302	|
|299	0	468	431	282	142	317	425	443	569	193	178	359	302	422	231	93	28	511	325	457	242	434	215	240	601	|
|188	468	0	153	265	342	308	43	192	106	455	290	117	206	142	246	379	464	252	274	360	267	211	319	231	184	|
|235	431	153	0	326	289	386	145	321	240	482	269	184	129	15	258	339	436	393	355	477	305	336	354	237	334	|
|91	282	265	326	0	228	66	228	166	339	196	157	154	242	311	99	225	264	229	50	201	47	153	71	115	340	|
|202	142	342	289	228	0	285	301	363	447	255	73	245	161	281	139	53	151	440	278	428	181	360	187	136	495	|
|152	317	308	386	66	285	0	275	167	368	188	217	207	308	371	163	274	295	210	34	145	108	148	104	181	350	|
|147	425	43	145	228	301	275	0	179	146	415	248	76	172	131	203	337	421	248	242	341	227	195	279	188	211	|
|162	443	192	321	166	363	167	179	0	216	352	291	152	302	307	225	375	428	81	138	170	201	22	237	227	183	|
|277	569	106	240	339	447	368	146	216	0	535	391	210	312	232	341	481	562	245	335	381	352	238	402	329	106	|
|268	193	455	482	196	255	188	415	352	535	0	225	339	367	469	224	212	165	398	214	302	188	335	136	245	533	|
|132	178	290	269	157	73	217	248	291	391	225	0	183	145	258	66	91	175	367	207	358	110	287	127	67	431	|
|71	359	117	184	154	245	207	76	152	210	339	183	0	152	169	131	274	352	232	174	294	151	161	203	119	251	|
|162	302	206	129	242	161	308	172	302	312	367	145	152	0	120	153	210	308	383	284	426	208	309	249	132	383	|
|220	422	142	15	311	281	371	131	307	232	469	258	169	120	0	245	330	427	379	340	461	291	321	340	224	324	|
|69	231	246	258	99	139	163	203	225	341	224	66	131	153	245	0	152	222	301	147	299	57	221	97	22	371	|
|220	93	379	339	225	53	274	337	375	481	212	91	274	210	330	152	0	99	448	273	419	180	369	171	157	521	|
|289	28	464	436	264	151	295	421	428	562	165	175	352	308	427	222	99	0	493	305	434	227	418	196	234	590	|
|241	511	252	393	229	440	210	248	81	245	398	367	232	383	379	301	448	493	0	190	147	270	80	298	305	175	|
|124	325	274	355	50	278	34	242	138	335	214	207	174	284	340	147	273	305	190	0	152	97	122	110	162	320	|
|265	457	360	477	201	428	145	341	170	381	302	358	294	426	461	299	419	434	147	152	0	248	150	249	312	322	|
|80	242	267	305	47	181	108	227	201	352	188	110	151	208	291	57	180	227	270	97	248	0	192	52	76	366	|
|162	434	211	336	153	360	148	195	22	238	335	287	161	309	321	221	369	418	80	122	150	192	0	224	225	203	|
|132	215	319	354	71	187	104	279	237	402	136	127	203	249	340	97	171	196	298	110	249	52	224	0	118	409	|
|66	240	231	237	115	136	181	188	227	329	245	67	119	132	224	22	157	234	305	162	312	76	225	118	0	364	|
|302	601	184	334	340	495	350	211	183	106	533	431	251	383	324	371	521	590	175	320	322	366	203	409	364	0	|

--------------------------------------------------------------------------------
Building model...
	using lazy and cut (CVRPSEP package)
Solving IRP LP...
--------------------------------------------------------------------------------

Gurobi 9.1.0 (linux64) logging started Sun Feb 14 15:17:52 2021

Gurobi Optimizer version 9.1.0 build v9.1.0rc0 (linux64)
Thread count: 32 physical cores, 32 logical processors, using up to 2 threads
Optimize a model with 974 rows, 4616 columns and 11945 nonzeros
Model fingerprint: 0x9ecd726f
Variable types: 404 continuous, 4212 integer (312 binary)
Coefficient statistics:
  Matrix range     [1e+00, 7e+07]
  Objective range  [1e-02, 6e+02]
  Bounds range     [1e+00, 3e+02]
  RHS range        [1e+00, 3e+03]
Presolve removed 291 rows and 600 columns
Presolve time: 0.12s
Presolved: 683 rows, 4016 columns, 9741 nonzeros
Variable types: 236 continuous, 3780 integer (3489 binary)

Root relaxation: objective 2.531137e+03, 1162 iterations, 0.03 seconds

    Nodes    |    Current Node    |     Objective Bounds      |     Work
 Expl Unexpl |  Obj  Depth IntInf | Incumbent    BestBd   Gap | It/Node Time

     0     0 2531.13724    0   96          - 2531.13724      -     -    0s
     0     0 2725.78413    0  111          - 2725.78413      -     -    0s
     0     0 2727.00229    0  107          - 2727.00229      -     -    0s
     0     0 3201.37025    0  165          - 3201.37025      -     -    0s
     0     0 3237.01304    0  172          - 3237.01304      -     -    0s
     0     0 3239.42597    0  164          - 3239.42597      -     -    0s
     0     0 3242.31845    0  170          - 3242.31845      -     -    0s
     0     0 3242.32191    0  177          - 3242.32191      -     -    0s
     0     0 3338.04400    0  198          - 3338.04400      -     -    0s
     0     0 3369.70230    0  227          - 3369.70230      -     -    0s
     0     0 3373.42051    0  218          - 3373.42051      -     -    0s
     0     0 3373.57875    0  219          - 3373.57875      -     -    0s
     0     0 3499.50032    0  213          - 3499.50032      -     -    1s
     0     0 3502.62807    0  188          - 3502.62807      -     -    1s
     0     0 3503.47558    0  228          - 3503.47558      -     -    1s
     0     0 3512.89016    0  229          - 3512.89016      -     -    1s
     0     0 3513.95023    0  219          - 3513.95023      -     -    1s
     0     0 3516.45587    0  232          - 3516.45587      -     -    1s
     0     0 3516.45587    0  231          - 3516.45587      -     -    1s
     0     2 3516.45587    0  230          - 3516.45587      -     -    1s
*  183   179              80    5156.1100000 3574.49966  30.7%   133    4s
   189   182 4451.62502   37  106 5156.11000 3574.49966  30.7%   133    5s
H  299   260                    4897.1100000 3582.54655  26.8%   136    8s
H  306   254                    4860.4900000 3582.54655  26.3%   136    8s
H  368   298                    4776.4900000 3582.54655  25.0%   127    9s
H  411   319                    4709.4900000 3628.00274  23.0%   119    9s
   446   338 3847.04897    7  294 4709.49000 3628.00274  23.0%   118   10s
   703   515 4415.63238   18  103 4709.49000 3722.36474  21.0%   121   15s
H  706   492                    4669.6800000 3722.36474  20.3%   121   15s
H  712   469                    4639.8900000 3722.36474  19.8%   122   15s
   752   501 4455.08561   50  233 4639.89000 3722.40463  19.8%   120   20s
   769   517 3808.49812   20  232 4639.89000 3773.55679  18.7%   131   25s
H  927   557                    4585.8900000 3778.78946  17.6%   139   29s
   932   559 4041.58105   30  283 4585.89000 3778.78946  17.6%   140   30s
H 1029   526                    4454.7200000 3787.11378  15.0%   149   33s
  1164   552     cutoff   35      4454.72000 3901.06649  12.4%   141   35s
* 1296   565              47    4424.2200000 3947.78385  10.8%   143   39s
  1332   572     cutoff   38      4424.22000 3949.59171  10.7%   144   40s
H 1432   505                    4353.1000000 3971.53662  8.77%   146   42s
  1488   500     cutoff   34      4353.10000 3981.33404  8.54%   149   45s
  1678   500 4193.61443   25  208 4353.10000 4013.05695  7.81%   153   50s
  1967   500 4192.02155   23  252 4353.10000 4036.44356  7.27%   154   55s
H 2061   447                    4293.4800000 4045.30978  5.78%   153   56s
  2213   476     cutoff   32      4293.48000 4060.25886  5.43%   151   60s
  2514   561 4107.44033   28  206 4293.48000 4084.01565  4.88%   149   65s
* 2614   551              39    4289.1000000 4086.77860  4.72%   148   65s
* 2618   492              41    4271.1000000 4086.77860  4.32%   147   65s
  2785   500     cutoff   32      4271.10000 4098.80446  4.03%   147   70s
H 2880   504                    4270.1000000 4106.57034  3.83%   147   71s
* 3085   506              33    4268.1000000 4122.90764  3.40%   146   73s
  3092   499 4263.58377   30  122 4268.10000 4123.60653  3.39%   146   75s
  3450   476 4202.55552   30  169 4268.10000 4150.70982  2.75%   145   80s
  3815   422     cutoff   32      4268.10000 4170.85716  2.28%   143   87s
  4259   283     cutoff   33      4268.10000 4199.55328  1.61%   138   91s

Cutting planes:
  User: 671
  Gomory: 24
  Cover: 229
  Implied bound: 128
  Clique: 35
  MIR: 104
  StrongCG: 2
  Flow cover: 161
  GUB cover: 5
  Zero half: 12
  Mod-K: 1
  RLT: 149
  Relax-and-lift: 4
  Lazy constraints: 50

Explored 4954 nodes (633963 simplex iterations) in 94.75 seconds
Thread count was 2 (of 32 available processors)

Solution count 10: 4268.1 4270.1 4271.1 ... 4639.89

Optimal solution found (tolerance 1.00e-04)
Best objective 4.268100000000e+03, best bound 4.268100000000e+03, gap 0.0000%

User-callback calls 20633, time in user-callback 5.95 sec
================================================================================
executing instance: ./input/Instances/Original/5/absH3low_5n10.dat
--------------------------------------------------------------------------------
Instance details
n	11
H	3
C	960
Li:
[0, 0, 0, 0, 0, 0, 0, 0, 0, 0, 0, ]
Ui:
[0, 117, 90, 93, 134, 249, 78, 178, 178, 231, 192, ]
Distance matrix:
|0	219	73	139	236	152	183	195	128	208	219	|
|219	0	224	123	40	154	303	324	339	394	211	|
|73	224	0	112	251	205	255	129	176	171	158	|
|139	123	112	0	158	179	290	201	266	276	113	|
|236	40	251	158	0	143	294	358	349	422	250	|
|152	154	205	179	143	0	151	333	230	360	292	|
|183	303	255	290	294	151	0	372	157	351	393	|
|195	324	129	201	358	333	372	0	255	112	161	|
|128	339	176	266	349	230	157	255	0	204	334	|
|208	394	171	276	422	360	351	112	204	0	267	|
|219	211	158	113	250	292	393	161	334	267	0	|

--------------------------------------------------------------------------------
Building model...
	using lazy and cut (CVRPSEP package)
Solving IRP LP...
--------------------------------------------------------------------------------

Gurobi 9.1.0 (linux64) logging started Sun Feb 14 15:19:51 2021

Gurobi Optimizer version 9.1.0 build v9.1.0rc0 (linux64)
Thread count: 32 physical cores, 32 logical processors, using up to 2 threads
Optimize a model with 419 rows, 956 columns and 3020 nonzeros
Model fingerprint: 0xe9eda7dd
Variable types: 164 continuous, 792 integer (132 binary)
Coefficient statistics:
  Matrix range     [1e+00, 2e+03]
  Objective range  [2e-02, 4e+02]
