




arguments: ./build/bc_mirp -f ./input/orig_exec_82.cfg
Current dir: /scratch/gui/bc_mirp
File verbosity level: 9
date       time         ( uptime  ) [ thread name/id ]                   file:line     v| 
2021-02-07 06:48:25.715 (   0.103s) [main thread     ]             loguru.cpp:789   INFO| Logging to './output/vi_vc+lex_full/OU/V4/Original/execution_07_02_2021_06_48_25.log', mode: 'a', verbosity: 9
--------------------------------------------------------------------------------
Parameters
                           instance_path           ./input/Instances/Original/2/
                            model_policy                                       1
                             nb_vehicles                                       4
                              output_dir ./output/vi_vc+lex_full/OU/V4/Original/
                            sec_strategy                                       1
                       solver_nb_threads                                       2
                         solver_show_log                                    true
                       solver_time_limit                                    3600
                              use_vi_cos                                   false
                              use_vi_cus                                   false
                         use_vi_hc1_full                                   false
                         use_vi_hc1_half                                   false
                      use_vi_hc1_quarter                                   false
                              use_vi_hc2                                   false
                              use_vi_hc3                                   false
                         use_vi_lex_full                                    true
                         use_vi_lex_half                                   false
                      use_vi_lex_quarter                                   false
                              use_vi_qua                                   false
                               use_vi_vc                                    true
                               use_vi_vr                                   false
--------------------------------------------------------------------------------
executing instance: ./input/Instances/Original/2/absH3high_3n40.dat
--------------------------------------------------------------------------------
Instance details
n	41
H	3
C	3283
Li:
[0, 0, 0, 0, 0, 0, 0, 0, 0, 0, 0, 0, 0, 0, 0, 0, 0, 0, 0, 0, 0, 0, 0, 0, 0, 0, 0, 0, 0, 0, 0, 0, 0, 0, 0, 0, 0, 0, 0, 0, 0, ]
Ui:
[0, 63, 111, 99, 96, 111, 282, 122, 156, 261, 42, 192, 126, 42, 162, 207, 159, 122, 102, 190, 118, 102, 132, 102, 165, 252, 66, 52, 22, 114, 210, 176, 116, 294, 78, 152, 210, 45, 130, 198, 174, ]
Distance matrix:
|0	208	225	252	227	143	258	127	267	150	28	83	163	286	57	149	201	137	214	255	70	73	107	186	328	266	249	343	222	177	293	144	262	215	167	120	169	218	143	173	255	|
|208	0	397	355	416	198	216	99	211	275	193	172	97	166	240	225	362	109	277	314	182	216	273	374	298	208	319	161	14	103	93	120	58	196	152	156	372	227	260	218	453	|
|225	397	0	427	53	364	482	343	492	129	253	225	382	386	171	188	39	291	187	195	295	182	282	55	326	491	180	551	408	315	457	366	455	275	392	244	221	439	341	214	101	|
|252	355	427	0	401	158	201	263	219	396	234	328	259	498	299	400	420	354	465	506	205	324	152	374	574	219	499	393	366	389	446	235	378	456	205	359	224	150	111	423	400	|
|227	416	53	401	0	357	477	352	489	165	253	245	389	424	179	223	85	315	234	245	293	200	264	42	375	488	231	565	428	344	484	370	474	314	392	270	184	430	325	252	50	|
|143	198	364	158	357	0	121	105	134	290	116	196	103	342	200	276	343	205	343	385	74	210	112	319	432	133	382	265	209	237	290	78	226	313	57	220	232	75	69	292	375	|
|258	216	482	201	477	121	0	168	18	397	230	293	135	381	314	372	459	275	437	480	188	317	228	439	501	18	479	197	222	296	290	132	212	386	95	306	347	58	173	381	496	|
|127	99	343	263	352	105	168	0	171	239	105	130	40	237	173	206	313	109	270	312	84	164	175	310	337	169	313	216	112	135	192	37	142	220	77	138	280	155	162	213	382	|
|267	211	492	219	489	134	18	171	0	404	240	298	136	376	323	376	468	276	441	483	198	324	243	450	500	2	483	181	215	294	281	136	202	386	102	309	363	75	189	384	509	|
|150	275	129	396	165	290	397	239	404	0	175	110	279	259	97	59	91	166	84	116	217	80	245	130	226	402	106	434	286	187	329	269	333	149	302	119	244	364	291	87	213	|
|28	193	253	234	253	116	230	105	240	175	0	94	139	286	84	167	229	136	234	275	43	96	98	212	341	238	271	320	206	175	281	118	244	225	140	128	180	191	124	189	280	|
|83	172	225	328	245	196	293	130	298	110	94	0	169	209	77	80	191	71	147	189	127	45	189	203	247	296	187	327	184	106	241	162	230	132	198	38	242	266	217	96	285	|
|163	97	382	259	389	103	135	40	136	279	139	169	0	253	212	244	353	141	307	349	110	203	194	347	366	133	350	183	107	161	187	27	124	251	56	175	306	133	169	249	418	|
|286	166	386	498	424	342	381	237	376	259	286	209	253	0	284	201	347	151	210	230	299	247	383	387	155	374	242	290	162	112	129	270	192	113	308	172	451	386	391	172	471	|
|57	240	171	299	179	200	314	173	323	97	84	77	212	284	0	112	145	147	170	208	127	38	148	137	299	321	201	386	253	183	315	195	297	195	222	112	171	275	195	142	214	|
|149	225	188	400	223	276	372	206	376	59	167	80	244	201	112	0	149	117	67	110	205	78	254	186	187	374	108	387	235	132	272	240	283	93	277	71	279	346	291	32	270	|
|201	362	39	420	85	343	459	313	468	91	229	191	353	347	145	149	0	254	149	160	272	150	271	66	290	466	146	518	373	278	419	339	420	235	367	207	227	418	327	175	135	|
|137	109	291	354	315	205	275	109	276	166	136	71	141	151	147	117	254	0	172	212	151	116	232	273	229	274	215	270	119	39	170	145	167	111	186	47	305	263	245	113	356	|
|214	277	187	465	234	343	437	270	441	84	234	147	307	210	170	67	149	172	0	42	272	141	317	205	144	439	43	437	284	175	307	305	331	99	343	132	327	413	357	60	283	|
|255	314	195	506	245	385	480	312	483	116	275	189	349	230	208	110	160	212	42	0	314	182	356	222	132	481	15	474	321	212	337	347	367	126	385	174	358	455	398	100	295	|
|70	182	295	205	293	74	188	84	198	217	43	127	110	299	127	205	272	151	272	314	0	137	91	253	370	196	310	292	195	188	274	85	226	252	99	155	197	148	94	223	316	|
|73	216	182	324	200	210	317	164	324	80	96	45	203	247	38	78	150	116	141	182	137	0	176	158	263	323	176	369	229	150	286	191	274	157	223	77	208	284	216	106	239	|
|107	273	282	152	264	112	228	175	243	245	98	189	194	383	148	254	271	232	317	356	91	176	0	231	435	242	349	371	286	271	365	167	315	321	164	224	120	174	61	280	274	|
|186	374	55	374	42	319	439	310	450	130	212	203	347	387	137	186	66	273	205	222	253	158	231	0	348	448	208	523	386	303	442	329	431	279	352	229	167	392	291	217	85	|
|328	298	326	574	375	432	501	337	500	226	341	247	366	155	299	187	290	229	144	132	370	263	435	348	0	498	147	441	299	206	283	374	338	119	414	215	465	492	463	157	425	|
|266	208	491	219	488	133	18	169	2	402	238	296	133	374	321	374	466	274	439	481	196	323	242	448	498	0	481	180	213	292	278	134	200	384	100	307	362	75	188	381	508	|
|249	319	180	499	231	382	479	313	483	106	271	187	350	242	201	108	146	215	43	15	310	176	349	208	147	481	0	480	326	217	346	347	373	135	385	175	347	454	392	103	280	|
|343	161	551	393	565	265	197	216	181	434	320	327	183	290	386	387	518	270	437	474	292	369	371	523	441	180	480	0	153	263	163	207	107	352	208	317	487	244	334	379	598	|
|222	14	408	366	428	209	222	112	215	286	206	184	107	162	253	235	373	119	284	321	195	229	286	386	299	213	326	153	0	109	81	132	48	201	162	167	386	236	272	226	466	|
|177	103	315	389	344	237	296	135	294	187	175	106	161	112	183	132	278	39	175	212	188	150	271	303	206	292	217	263	109	0	142	171	156	95	211	74	344	289	281	118	386	|
|293	93	457	446	484	290	290	192	281	329	281	241	187	129	315	272	419	170	307	337	274	286	365	442	283	278	346	163	81	142	0	212	79	211	241	214	461	311	353	254	525	|
|144	120	366	235	370	78	132	37	136	269	118	162	27	270	195	240	339	145	305	347	85	191	167	329	374	134	347	207	132	171	212	0	151	257	40	174	280	119	142	248	398	|
|262	58	455	378	474	226	212	142	202	333	244	230	124	192	297	283	420	167	331	367	226	274	315	431	338	200	373	107	48	156	79	151	0	245	173	214	421	237	293	273	510	|
|215	196	275	456	314	313	386	220	386	149	225	132	251	113	195	93	235	111	99	126	252	157	321	279	119	384	135	352	201	95	211	257	245	0	297	97	365	374	345	62	362	|
|167	152	392	205	392	57	95	77	102	302	140	198	56	308	222	277	367	186	343	385	99	223	164	352	414	100	385	208	162	211	241	40	173	297	0	213	283	79	126	287	415	|
|120	156	244	359	270	220	306	138	309	119	128	38	175	172	112	71	207	47	132	174	155	77	224	229	215	307	175	317	167	74	214	174	214	97	213	0	280	286	248	75	313	|
|169	372	221	224	184	232	347	280	363	244	180	242	306	451	171	279	227	305	327	358	197	208	120	167	465	362	347	487	386	344	461	280	421	365	283	280	0	291	175	310	176	|
|218	227	439	150	430	75	58	155	75	364	191	266	133	386	275	346	418	263	413	455	148	284	174	392	492	75	454	244	236	289	311	119	237	374	79	286	291	0	116	359	445	|
|143	260	341	111	325	69	173	162	189	291	124	217	169	391	195	291	327	245	357	398	94	216	61	291	463	188	392	334	272	281	353	142	293	345	126	248	175	116	0	313	335	|
|173	218	214	423	252	292	381	213	384	87	189	96	249	172	142	32	175	113	60	100	223	106	280	217	157	381	103	379	226	118	254	248	273	62	287	75	310	359	313	0	300	|
|255	453	101	400	50	375	496	382	509	213	280	285	418	471	214	270	135	356	283	295	316	239	274	85	425	508	280	598	466	386	525	398	510	362	415	313	176	445	335	300	0	|

--------------------------------------------------------------------------------
Building model...
	using lazy and cut (CVRPSEP package)
Solving IRP LP...
--------------------------------------------------------------------------------

Gurobi 9.1.0 (linux64) logging started Sun Feb  7 06:48:25 2021

Gurobi Optimizer version 9.1.0 build v9.1.0rc0 (linux64)
Thread count: 32 physical cores, 32 logical processors, using up to 2 threads
Optimize a model with 1529 rows, 10976 columns and 26270 nonzeros
Model fingerprint: 0xb5a5a6bf
Variable types: 644 continuous, 10332 integer (492 binary)
Coefficient statistics:
  Matrix range     [1e+00, 2e+12]
  Objective range  [1e-01, 6e+02]
  Bounds range     [1e+00, 3e+02]
  RHS range        [1e+00, 6e+03]
Warning: Model contains large matrix coefficient range
         Consider reformulating model or setting NumericFocus parameter
         to avoid numerical issues.
Presolve removed 437 rows and 941 columns
Presolve time: 0.20s
Presolved: 1092 rows, 10035 columns, 22685 nonzeros
Variable types: 390 continuous, 9645 integer (9161 binary)

Root relaxation: objective 1.236134e+04, 1344 iterations, 0.05 seconds

    Nodes    |    Current Node    |     Objective Bounds      |     Work
 Expl Unexpl |  Obj  Depth IntInf | Incumbent    BestBd   Gap | It/Node Time

     0     0 12361.3379    0  144          - 12361.3379      -     -    0s
     0     0 12838.6339    0  139          - 12838.6339      -     -    0s
     0     0 13484.3178    0  211          - 13484.3178      -     -    0s
     0     0 13576.7177    0  204          - 13576.7177      -     -    1s
     0     0 13577.6061    0  207          - 13577.6061      -     -    1s
     0     0 13664.3620    0  209          - 13664.3620      -     -    1s
     0     0 13706.8572    0  239          - 13706.8572      -     -    2s
     0     0 13714.1322    0  288          - 13714.1322      -     -    2s
     0     0 13714.3783    0  283          - 13714.3783      -     -    2s
     0     0 13780.0820    0  261          - 13780.0820      -     -    2s
     0     0 13794.7070    0  325          - 13794.7070      -     -    2s
     0     0 13797.8982    0  344          - 13797.8982      -     -    2s
     0     0 13803.6658    0  330          - 13803.6658      -     -    3s
     0     0 13813.0369    0  319          - 13813.0369      -     -    3s
     0     0 13813.2865    0  308          - 13813.2865      -     -    3s
     0     0 13848.4100    0  356          - 13848.4100      -     -    3s
     0     0 13851.2345    0  320          - 13851.2345      -     -    3s
     0     0 13852.1810    0  333          - 13852.1810      -     -    3s
     0     0 13875.0936    0  361          - 13875.0936      -     -    4s
     0     0 13875.9958    0  398          - 13875.9958      -     -    4s
     0     0 13894.0531    0  395          - 13894.0531      -     -    4s
     0     0 13894.0531    0  395          - 13894.0531      -     -    4s
     0     2 13894.0531    0  395          - 13894.0531      -     -    5s
    23    26 13971.1023    7  264          - 13922.7349      -   502   10s
    96   101 14278.0451   30  283          - 13922.7349      -   375   15s
   224   238 15126.0872   80  185          - 13922.7349      -   264   20s
*  489   485             219    17692.070000 13923.8318  21.3%   159   24s
*  490   485             219    17671.070000 13923.8318  21.2%   158   24s
   508   486 infeasible    6      17671.0700 13923.8318  21.2%   157   25s
   532   515 14117.3175    9  328 17671.0700 13923.8318  21.2%   157   31s
   595   580 14236.2863   14  283 17671.0700 13923.8318  21.2%   150   35s
   732   701 14814.9451   35  140 17671.0700 13923.8318  21.2%   139   45s
   737   703 17405.7172  201  150 17671.0700 13923.8318  21.2%   139   51s
   745   709 14319.8136   31  497 17671.0700 14003.5396  20.8%   137   55s
   758   717 14321.0707   37  590 17671.0700 14037.5248  20.6%   135   61s
   771   726 16484.1316  133  498 17671.0700 14052.7857  20.5%   133   65s
   782   733 17186.3522  178  512 17671.0700 14056.4680  20.5%   131   70s
   794   743 14066.7719    8  556 17671.0700 14058.2645  20.4%   148   75s
H  801   709                    17588.520000 14063.6128  20.0%   147   79s
   803   711 15258.4630  105  585 17588.5200 14063.6547  20.0%   147   80s
   809   715 15617.7749   87  579 17588.5200 14066.1056  20.0%   145   85s
   834   736 14121.5189   34  533 17588.5200 14078.1576  20.0%   169   90s
   860   753 14173.1652   40  482 17588.5200 14078.1576  20.0%   181   95s
   878   766 14224.0216   45  448 17588.5200 14078.1576  20.0%   189  100s
   906   786 14282.6138   52  415 17588.5200 14078.1576  20.0%   201  105s
   932   800 14310.7513   59  398 17588.5200 14078.1576  20.0%   210  113s
   954   824 14342.3154   63  416 17588.5200 14078.1576  20.0%   214  115s
   993   851 14425.6702   71  361 17588.5200 14078.1576  20.0%   222  121s
  1044   875 14471.2341   81  288 17588.5200 14078.1576  20.0%   226  125s
  1077   926 14517.0225   89  274 17588.5200 14078.1576  20.0%   227  130s
  1176   975 14973.0232  110  198 17588.5200 14078.1576  20.0%   224  135s
  1312  1125 15260.0481  136  157 17588.5200 14078.1576  20.0%   212  140s
  1493  1198 17193.7915  226   48 17588.5200 14078.1576  20.0%   196  145s
  1637  1300 16483.6652  213   94 17588.5200 14078.1576  20.0%   187  151s
* 1749  1271             266    17466.630000 14078.1576  19.4%   180  153s
* 1755  1227             265    17372.850000 14078.1576  19.0%   180  154s
  1793  1207     cutoff  271      17372.8500 14109.6159  18.8%   178  156s
  1812  1224 14187.9449   34  474 17372.8500 14126.0904  18.7%   182  160s
  1848  1248 14307.5584   44  406 17372.8500 14126.0904  18.7%   188  166s
  1885  1284 14467.9711   48  194 17372.8500 14126.0904  18.7%   193  170s
  1957  1336 14648.9825   53  241 17372.8500 14126.0904  18.7%   196  185s
  2015  1402 14703.8287   57  189 17372.8500 14126.0904  18.7%   197  190s
  2144  1464 14825.7442   62  206 17372.8500 14126.0904  18.7%   193  228s
  2210  1482 14863.9145   67  196 17372.8500 14126.0904  18.7%   194  232s
  2272  1506 14339.9237   34  412 17372.8500 14126.0904  18.7%   195  235s
  2346  1634 15350.1321  109   24 17372.8500 14126.0904  18.7%   194  241s
* 2456  1375             136    16196.050000 14126.0904  12.8%   191  244s
  2539  1347     cutoff  164      16196.0500 14126.0904  12.8%   186  245s
  2637  1284 14366.3447   33  427 16196.0500 14135.2042  12.7%   184  251s
  2715  1425 14611.9117   46  208 16196.0500 14135.2042  12.7%   185  258s
  2814  1466 14747.4347   55  194 16196.0500 14135.2042  12.7%   183  264s
  2878  1529 14885.7176   65  172 16196.0500 14135.2042  12.7%   183  268s
  2949  1549 15893.6546   86   95 16196.0500 14138.4244  12.7%   182  273s
  2989  1564 14415.7904   37  365 16196.0500 14138.4244  12.7%   182  277s
  3004  1598 14467.8928   41  322 16196.0500 14138.4244  12.7%   183  280s
  3064  1667 14953.1807   81  138 16196.0500 14138.4244  12.7%   183  285s
  3134  1696 15117.7141   87  136 16196.0500 14143.1778  12.7%   181  290s
  3200  1750 14468.4408   45  420 16196.0500 14143.1778  12.7%   182  298s
  3237  1784 14589.6357   54  318 16196.0500 14143.1778  12.7%   183  302s
  3271  1838 14877.6895   80  160 16196.0500 14147.3509  12.6%   184  307s
  3342  1840     cutoff  125      16196.0500 14147.3613  12.6%   183  317s
  3345  1852 14467.5847   38  440 16196.0500 14147.3613  12.6%   184  321s
  3357  1878 14561.1513   40  478 16196.0500 14147.3613  12.6%   186  325s
  3405  1960 14837.1900   45  419 16196.0500 14147.3613  12.6%   189  334s
  3465  2010 15131.4667   50  290 16196.0500 14147.3613  12.6%   189  340s
  3527  2049 15322.9267   54  225 16196.0500 14147.3613  12.6%   189  345s
  3566  2085 15824.3591   70  169 16196.0500 14151.9029  12.6%   190  350s
  3616  2140 14400.1982   38  578 16196.0500 14151.9029  12.6%   192  355s
  3671  2201 14727.1310   43  496 16196.0500 14151.9029  12.6%   192  362s
* 3738  2203             137    16195.520000 14151.9029  12.6%   190  363s
  3750  2271 15143.9719   65  257 16195.5200 14152.1632  12.6%   191  370s
  3830  2284 14422.2792   37  462 16195.5200 14152.9470  12.6%   191  376s
  3845  2303 14682.4230   45  306 16195.5200 14152.9470  12.6%   194  382s
  3864  2352 15022.6078   60  237 16195.5200 14153.5073  12.6%   195  388s
  3927  2367     cutoff  110      16195.5200 14153.5391  12.6%   195  394s
  3944  2391 14621.4770   42  341 16195.5200 14153.5391  12.6%   197  399s
  3968  2465 15032.9397   58  246 16195.5200 14159.3774  12.6%   199  406s
  4063  2487 14430.9574   36  502 16195.5200 14159.3774  12.6%   198  413s
  4083  2542 14434.1484   40  445 16195.5200 14159.3774  12.6%   199  421s
  4146  2643 14639.5679   44  351 16195.5200 14159.3774  12.6%   200  429s
  4210  2643 15828.3786  111   19 16195.5200 14159.3774  12.6%   200  430s
  4273  2661 14794.6005   57  181 16195.5200 14159.3774  12.6%   199  437s
  4289  2709 14909.5975   61  234 16195.5200 14159.3774  12.6%   201  443s
  4337  2739 15081.4255   74  171 16195.5200 14159.3774  12.6%   202  460s
  4367  2793 15224.1726   77  136 16195.5200 14159.3774  12.6%   202  468s
  4441  2904 15204.1413   80  168 16195.5200 14159.3774  12.6%   201  477s
  4552  2990 15650.1548  129   92 16195.5200 14169.9305  12.5%   201  485s
  4658  3040 14387.5697   34  449 16195.5200 14169.9305  12.5%   200  495s
  4727  3059 14480.3660   36  506 16195.5200 14169.9305  12.5%   200  503s
  4746  3111 14643.9417   40  485 16195.5200 14169.9305  12.5%   202  513s
  4814  3138 14778.5893   43  328 16195.5200 14169.9305  12.5%   203  521s
  4841  3231 15275.5464   51  280 16195.5200 14169.9305  12.5%   205  530s
  4936  3264 16041.5594   74   47 16195.5200 14170.7082  12.5%   205  540s
  5005  3296 14527.9540   34  383 16195.5200 14170.7685  12.5%   206  548s
  5037  3389 15259.0462   53  243 16195.5200 14170.7698  12.5%   207  558s
  5144  3427 14572.6459   37  484 16195.5200 14170.7698  12.5%   207  571s
  5192  3459 15158.9482   61  143 16195.5200 14170.7698  12.5%   208  585s
  5228  3532 15833.5674   94  115 16195.5200 14171.4209  12.5%   208  598s
  5337  3580 14656.6978   41  395 16195.5200 14172.3463  12.5%   208  608s
  5385  3766 14762.2881   59  218 16195.5200 14172.6245  12.5%   210  624s
  5463  3766 15061.4072   99   46 16195.5200 14172.6245  12.5%   209  625s
  5628  3941 16045.3100  136   10 16195.5200 14173.2148  12.5%   207  643s
  5812  4052     cutoff  137      16195.5200 14176.6300  12.5%   205  690s
  5920  4163 15142.8417   48  320 16195.5200 14176.7510  12.5%   206  707s
  6066  4215 14375.6950   42  615 16195.5200 14181.2105  12.4%   205  721s
  6116  4288 14568.4667   46  453 16195.5200 14181.2105  12.4%   207  734s
  6201  4359 14753.8232   61   18 16195.5200 14181.2105  12.4%   209  748s
  6276  4521 14981.5690   88   52 16195.5200 14189.1935  12.4%   210  764s
  6380  4527 15745.5700  140    - 16195.5200 14189.1935  12.4%   209  765s
  6467  4567     cutoff  140      16195.5200 14191.8371  12.4%   209  778s
  6517  4666 15085.8448   66  142 16195.5200 14195.8287  12.3%   211  791s
  6641  4775 16172.7300  113    - 16195.5200 14199.3471  12.3%   211  804s
  6679  4776 14810.6960   45  338 16195.5200 14200.0668  12.3%   212  805s
  6760  4837     cutoff  113      16195.5200 14201.6999  12.3%   211  818s
  6823  4954 14994.1350   48  323 16195.5200 14201.7708  12.3%   213  835s
  6960  4964     cutoff  128      16195.5200 14203.9755  12.3%   213  847s
  6974  5044 14695.0443   39  408 16195.5200 14207.2348  12.3%   216  858s
  7054  5091 15745.9164   83   67 16195.5200 14207.2348  12.3%   218  876s
  7163  5161 14607.5469   45  471 16195.5200 14213.8353  12.2%   220  889s
  7207  5161 14836.6177   70  166 16195.5200 14213.8353  12.2%   222  890s
  7232  5287 14713.1230   52  123 16195.5200 14213.8353  12.2%   221 1012s
  7438  5478 15025.3303   75   64 16195.5200 14216.6994  12.2%   224 1035s
  7668  5615     cutoff  113      16195.5200 14225.2872  12.2%   224 1057s
  7808  5740 14822.6895   56  271 16195.5200 14235.0975  12.1%   225 1079s
  7960  5891 14518.3940   44  489 16195.5200 14238.9236  12.1%   226 1158s
  8130  5894 16018.8682  108    9 16195.5200 14238.9236  12.1%   226 1160s
  8147  6021 15295.5068   60  255 16195.5200 14238.9347  12.1%   227 1181s
  8311  6118 14713.6995   61  268 16195.5200 14239.2201  12.1%   229 1216s
  8438  6144     cutoff  134      16195.5200 14241.7564  12.1%   231 1247s
  8473  6280 15075.3629   63  120 16195.5200 14245.4973  12.0%   235 1312s
  8633  6421     cutoff  125      16195.5200 14246.9061  12.0%   239 1334s
  8713  6421 15583.8760   92  154 16195.5200 14249.6083  12.0%   241 1335s
  8792  6515 15256.3122   52  259 16195.5200 14249.6083  12.0%   240 1421s
  8894  6690 16029.3208   73  152 16195.5200 14251.3466  12.0%   241 1443s
  8991  6690 15145.8919   94  115 16195.5200 14251.3466  12.0%   241 1445s
  9118  6924 14660.3788   43  456 16195.5200 14253.5430  12.0%   241 1493s
  9211  6924 16060.0772  133   30 16195.5200 14253.5430  12.0%   240 1495s
  9393  7135 14830.9502   46  467 16195.5200 14253.9031  12.0%   239 1687s
  9527  7136 15686.6194   72   93 16195.5200 14253.9031  12.0%   238 1690s
  9657  7303     cutoff  136      16195.5200 14253.9031  12.0%   239 1731s
  9858  7484 14598.6496   39  537 16195.5200 14261.3412  11.9%   239 1781s
 10062  7626     cutoff  123      16195.5200 14267.0545  11.9%   239 1831s
 10227  7710 15833.8300  101    - 16195.5200 14272.5513  11.9%   239 1882s
 10324  7861 15865.4398  101   60 16195.5200 14273.8982  11.9%   240 1931s
*10339  7658             113    16099.430000 14273.8982  11.3%   240 1931s
 10477  7662 16045.5324  106   53 16099.4300 14278.2867  11.3%   240 1935s
 10513  7770 16086.8300  111    - 16099.4300 14278.2867  11.3%   240 2076s
 10636  7904     cutoff  111      16099.4300 14278.2867  11.3%   241 2120s
H10783  5921                    15569.710000 14278.2867  8.29%   242 2167s
 10900  5922 15439.3325  102   31 15569.7100 14280.0377  8.28%   242 2170s
 10942  5914 14801.9364   51  323 15569.7100 14280.0377  8.28%   242 2211s
 10962  6122 14885.1923   54  301 15569.7100 14281.5764  8.27%   242 2260s
 11206  6164 14561.7120   41  384 15569.7100 14281.5764  8.27%   243 2308s
 11257  6274 14398.0064   38  517 15569.7100 14285.5320  8.25%   246 2355s
H11369  6319                    15535.050000 14285.5320  8.04%   248 2402s
 11481  6321     cutoff  111      15535.0500 14285.8534  8.04%   248 2405s
 11602  6379     cutoff  109      15535.0500 14286.2905  8.04%   248 2454s
 11637  6380 14866.5601   63  266 15535.0500 14286.2905  8.04%   248 2455s
 11696  6563     cutoff  115      15535.0500 14289.9863  8.01%   249 2514s
 11740  6563 15180.3964   81   48 15535.0500 14289.9863  8.01%   249 2515s
 11946  6688 14673.1664   39  383 15535.0500 14297.3932  7.97%   248 2566s
 12099  6806 14601.0243   47  366 15535.0500 14303.6670  7.93%   249 2614s
 12237  6943 15489.4451   92   44 15535.0500 14306.6930  7.91%   250 2663s
 12332  6944 14926.4505   75   21 15535.0500 14306.6930  7.91%   250 2665s
 12418  7069 15163.5702   83   66 15535.0500 14307.2989  7.90%   250 2757s
 12601  7227 15396.7291   97   21 15535.0500 14309.0924  7.89%   251 2809s
 12649  7234 15008.5800   66  161 15535.0500 14309.0924  7.89%   252 2810s
 12805  7346     cutoff  108      15535.0500 14309.2859  7.89%   252 2861s
 12943  7440 14841.7392   56  294 15535.0500 14316.7127  7.84%   252 2909s
H13035  7434                    15533.290000 14316.7661  7.83%   253 2911s
 13060  7662 14670.4692   58  263 15533.2900 14318.5020  7.82%   254 2963s
 13131  7662 15064.4956   94  103 15533.2900 14318.5020  7.82%   254 2965s
H13205  7646                    15529.400000 14318.5322  7.80%   253 2966s
 13342  7754 14569.2039   42  445 15529.4000 14318.5348  7.80%   253 3018s
 13414  7755 14638.7010   41  505 15529.4000 14319.5371  7.79%   253 3020s
 13504  7882     cutoff   83      15529.4000 14319.6847  7.79%   253 3069s
 13668  7951 15412.0312   66  385 15529.4000 14321.5562  7.78%   253 3116s
H13703  7870                    15515.890000 14321.7078  7.70%   254 3116s
 13757  8008 14942.2116   41  367 15515.8900 14321.7078  7.70%   255 3162s
 13869  8008 15127.6380   72   46 15515.8900 14321.7078  7.70%   256 3165s
 13895  8133 15235.1939   72   76 15515.8900 14321.7078  7.70%   256 3230s
 14046  8287 14502.4158   36  535 15515.8900 14323.9897  7.68%   257 3283s
 14218  8487 14812.5585   44  294 15515.8900 14323.9897  7.68%   257 3337s
 14380  8489 15499.9300   81   20 15515.8900 14323.9897  7.68%   256 3340s
 14455  8599     cutoff   98      15515.8900 14325.6928  7.67%   257 3386s
 14599  8758 14900.8502   53  275 15515.8900 14326.5194  7.67%   257 3459s
 14695  8758 15452.1188  111   33 15515.8900 14326.5194  7.67%   257 3460s
 14819  8889 infeasible  122      15515.8900 14326.5758  7.67%   257 3511s
 14970  9006     cutoff  100      15515.8900 14326.8574  7.66%   257 3564s
 15030  9006 14963.1803   66  170 15515.8900 14329.6026  7.65%   258 3565s
 15156  9044 14658.2942   43  438 15515.8900 14329.6026  7.65%   258 3600s

Cutting planes:
  User: 5718
  Gomory: 20
  Cover: 469
  Implied bound: 153
  Projected implied bound: 16
  Clique: 44
  MIR: 122
  StrongCG: 1
  Flow cover: 349
  GUB cover: 4
  Zero half: 29
  RLT: 258
  Relax-and-lift: 6
  Lazy constraints: 2662

Explored 15194 nodes (3944198 simplex iterations) in 3601.15 seconds
Thread count was 2 (of 32 available processors)

Solution count 10: 15515.9 15529.4 15533.3 ... 17466.6

Time limit reached
Best objective 1.551589000000e+04, best bound 1.432960264796e+04, gap 7.6456%

User-callback calls 801694, time in user-callback 146.77 sec
================================================================================
executing instance: ./input/Instances/Original/2/absH3high_4n10.dat
--------------------------------------------------------------------------------
Instance details
n	11
H	3
C	822
Li:
[0, 0, 0, 0, 0, 0, 0, 0, 0, 0, 0, ]
Ui:
[0, 102, 52, 88, 182, 153, 138, 38, 165, 297, 86, ]
Distance matrix:
|0	285	411	382	327	239	148	256	307	36	383	|
|285	0	352	98	249	103	227	235	120	268	209	|
|411	352	0	395	106	430	263	549	234	429	174	|
|382	98	395	0	302	173	320	288	168	364	227	|
|327	249	106	302	0	324	179	444	135	339	109	|
|239	103	430	173	324	0	241	132	212	212	305	|
|148	227	263	320	179	241	0	325	192	165	249	|
|256	235	549	288	444	132	325	0	342	220	436	|
|307	120	234	168	135	212	192	342	0	304	94	|
|36	268	429	364	339	212	165	220	304	0	386	|
|383	209	174	227	109	305	249	436	94	386	0	|

--------------------------------------------------------------------------------
Building model...
	using lazy and cut (CVRPSEP package)
Solving IRP LP...
--------------------------------------------------------------------------------

Gurobi 9.1.0 (linux64) logging started Sun Feb  7 07:48:28 2021

Gurobi Optimizer version 9.1.0 build v9.1.0rc0 (linux64)
Thread count: 32 physical cores, 32 logical processors, using up to 2 threads
Optimize a model with 419 rows, 956 columns and 3020 nonzeros
Model fingerprint: 0x17678765
Variable types: 164 continuous, 792 integer (132 binary)
Coefficient statistics:
  Matrix range     [1e+00, 2e+03]
  Objective range  [2e-01, 5e+02]
  Bounds range     [1e+00, 3e+02]
  RHS range        [1e+00, 1e+03]
Presolve removed 141 rows and 255 columns
Presolve time: 0.04s
Presolved: 278 rows, 701 columns, 2091 nonzeros
Variable types: 86 continuous, 615 integer (509 binary)
Found heuristic solution: objective 9067.4700000

Root relaxation: objective 4.200011e+03, 503 iterations, 0.01 seconds

    Nodes    |    Current Node    |     Objective Bounds      |     Work
 Expl Unexpl |  Obj  Depth IntInf | Incumbent    BestBd   Gap | It/Node Time

     0     0 4200.01139    0   72 9067.47000 4200.01139  53.7%     -    0s
     0     0 4639.66623    0   64 9067.47000 4639.66623  48.8%     -    0s
H    0     0                    9003.3900000 4639.66623  48.5%     -    0s
     0     0 4791.28683    0  105 9003.39000 4791.28683  46.8%     -    0s
     0     0 4836.32872    0  103 9003.39000 4836.32872  46.3%     -    0s
     0     0 4847.36372    0  112 9003.39000 4847.36372  46.2%     -    0s
     0     0 4847.42009    0   78 9003.39000 4847.42009  46.2%     -    0s
     0     0 4875.80946    0  129 9003.39000 4875.80946  45.8%     -    0s
H    0     0                    8749.1500000 4875.80946  44.3%     -    0s
     0     0 4878.74492    0  125 8749.15000 4878.74492  44.2%     -    0s
     0     0 4879.10679    0  127 8749.15000 4879.10679  44.2%     -    0s
     0     0 4928.80689    0  113 8749.15000 4928.80689  43.7%     -    0s
H    0     0                    8628.1500000 4928.80689  42.9%     -    0s
     0     0 4945.78166    0  148 8628.15000 4945.78166  42.7%     -    0s
     0     0 4948.24520    0  150 8628.15000 4948.24520  42.6%     -    0s
     0     0 4948.79231    0  151 8628.15000 4948.79231  42.6%     -    0s
     0     0 4982.56658    0  160 8628.15000 4982.56658  42.3%     -    0s
     0     0 4986.56267    0  167 8628.15000 4986.56267  42.2%     -    0s
     0     0 4988.50421    0  162 8628.15000 4988.50421  42.2%     -    0s
     0     0 4988.81069    0  160 8628.15000 4988.81069  42.2%     -    0s
     0     0 5008.79820    0  128 8628.15000 5008.79820  41.9%     -    0s
     0     0 5009.72483    0  141 8628.15000 5009.72483  41.9%     -    0s
     0     0 5010.35596    0  141 8628.15000 5010.35596  41.9%     -    0s
     0     0 5013.09440    0  140 8628.15000 5013.09440  41.9%     -    0s
     0     0 5013.09440    0  140 8628.15000 5013.09440  41.9%     -    0s
H    0     0                    7507.7900000 5013.09440  33.2%     -    0s
     0     2 5015.30043    0  140 7507.79000 5015.30043  33.2%     -    0s
H   29    35                    7506.7100000 5099.00455  32.1%  72.7    0s
H   29    35                    7225.7900000 5099.00455  29.4%  72.7    0s
H   61    76                    7224.7100000 5099.00455  29.4%  58.2    0s
*   97    97              42    7188.0700000 5099.00455  29.1%  46.3    1s
H  107   106                    7020.8300000 5099.00455  27.4%  45.0    1s
H  117   115                    6872.7800000 5099.00455  25.8%  41.6    1s
H  207   132                    6521.3700000 5137.30231  21.2%  39.1    1s
H  402   230                    6343.3700000 5168.51434  18.5%  42.9    2s
   756   396 5277.70019   12  139 6343.37000 5277.70019  16.8%  49.8    5s
H 1029   416                    6113.1700000 5467.98658  10.6%  54.7    6s
H 1174   373                    5991.4500000 5550.41718  7.36%  56.6    7s
  1908   142 infeasible   20      5991.45000 5800.59964  3.19%  59.4   10s

Cutting planes:
  User: 101
  Gomory: 1
  Cover: 83
  Implied bound: 46
  Projected implied bound: 8
  Clique: 5
  MIR: 103
  StrongCG: 3
  Flow cover: 75
  GUB cover: 1
  Inf proof: 1
  RLT: 81
  Relax-and-lift: 18

Explored 2178 nodes (127595 simplex iterations) in 10.60 seconds
Thread count was 2 (of 32 available processors)

Solution count 10: 5991.45 6113.17 6343.37 ... 7506.71

Optimal solution found (tolerance 1.00e-04)
Best objective 5.991450000000e+03, best bound 5.991450000000e+03, gap 0.0000%

User-callback calls 6199, time in user-callback 1.07 sec
================================================================================
executing instance: ./input/Instances/Original/2/absH3high_3n20.dat
--------------------------------------------------------------------------------
Instance details
n	21
H	3
C	1536
Li:
[0, 0, 0, 0, 0, 0, 0, 0, 0, 0, 0, 0, 0, 0, 0, 0, 0, 0, 0, 0, 0, ]
Ui:
[0, 48, 207, 156, 294, 207, 297, 54, 114, 90, 228, 132, 84, 64, 51, 153, 60, 39, 195, 82, 130, ]
Distance matrix:
|0	41	141	324	154	98	307	402	160	217	284	269	188	233	54	185	307	149	286	276	103	|
|41	0	114	285	184	88	285	385	200	197	251	230	189	270	48	205	295	160	245	241	62	|
|141	114	0	200	208	193	353	459	269	275	289	154	129	371	160	192	380	136	205	267	88	|
|324	285	200	0	406	330	386	484	467	344	286	57	299	555	318	380	442	327	114	255	226	|
|154	184	208	406	0	250	460	553	101	370	436	361	136	247	208	63	455	87	405	425	232	|
|98	88	193	330	250	0	211	304	232	121	204	273	276	249	44	283	210	244	259	204	113	|
|307	285	353	386	460	211	0	106	436	90	104	342	467	407	253	490	72	445	275	134	269	|
|402	385	459	484	553	304	106	0	517	188	198	443	570	463	348	587	102	545	371	229	373	|
|160	200	269	467	101	232	436	517	0	349	434	417	231	148	200	163	415	179	444	431	261	|
|217	197	275	344	370	121	90	188	349	0	111	293	382	335	163	400	106	357	244	128	187	|
|284	251	289	286	436	204	104	198	434	111	0	246	413	441	235	452	170	401	173	31	214	|
|269	230	154	57	361	273	342	443	417	293	246	0	266	500	261	342	393	286	85	215	170	|
|188	189	129	299	136	276	467	570	231	382	413	266	0	368	233	88	483	53	330	394	201	|
|233	270	371	555	247	249	407	463	148	335	441	500	368	0	242	310	364	316	504	448	330	|
|54	48	160	318	208	44	253	348	200	163	235	261	233	242	0	239	254	200	262	230	92	|
|185	205	192	380	63	283	490	587	163	400	452	342	88	310	239	0	492	56	397	438	240	|
|307	295	380	442	455	210	72	102	415	106	170	393	483	364	254	492	0	453	334	198	293	|
|149	160	136	327	87	244	445	545	179	357	401	286	53	316	200	56	453	0	341	385	188	|
|286	245	205	114	405	259	275	371	444	244	173	85	330	504	262	397	334	341	0	142	183	|
|276	241	267	255	425	204	134	229	431	128	31	215	394	448	230	438	198	385	142	0	198	|
|103	62	88	226	232	113	269	373	261	187	214	170	201	330	92	240	293	188	183	198	0	|

--------------------------------------------------------------------------------
Building model...
	using lazy and cut (CVRPSEP package)
Solving IRP LP...
--------------------------------------------------------------------------------

Gurobi 9.1.0 (linux64) logging started Sun Feb  7 07:48:38 2021

Gurobi Optimizer version 9.1.0 build v9.1.0rc0 (linux64)
Thread count: 32 physical cores, 32 logical processors, using up to 2 threads
Optimize a model with 789 rows, 3096 columns and 8370 nonzeros
Model fingerprint: 0x4e484098
Variable types: 324 continuous, 2772 integer (252 binary)
Coefficient statistics:
  Matrix range     [1e+00, 2e+06]
  Objective range  [1e-01, 6e+02]
  Bounds range     [1e+00, 3e+02]
  RHS range        [1e+00, 3e+03]
Presolve removed 237 rows and 481 columns
Presolve time: 0.10s
Presolved: 552 rows, 2615 columns, 6588 nonzeros
Variable types: 190 continuous, 2425 integer (2192 binary)

Root relaxation: objective 6.829708e+03, 769 iterations, 0.02 seconds

    Nodes    |    Current Node    |     Objective Bounds      |     Work
 Expl Unexpl |  Obj  Depth IntInf | Incumbent    BestBd   Gap | It/Node Time

     0     0 6829.70780    0   72          - 6829.70780      -     -    0s
     0     0 7077.06289    0   92          - 7077.06289      -     -    0s
     0     0 7080.51782    0   89          - 7080.51782      -     -    0s
     0     0 7445.64494    0   88          - 7445.64494      -     -    0s
     0     0 7453.66054    0   82          - 7453.66054      -     -    0s
     0     0 7453.66054    0   82          - 7453.66054      -     -    0s
     0     0 7593.91593    0  158          - 7593.91593      -     -    0s
     0     0 7609.81026    0  161          - 7609.81026      -     -    0s
     0     0 7610.21148    0  162          - 7610.21148      -     -    0s
     0     0 7688.62791    0  178          - 7688.62791      -     -    0s
     0     0 7696.15274    0  201          - 7696.15274      -     -    0s
     0     0 7698.63792    0  198          - 7698.63792      -     -    0s
     0     0 7698.68042    0  215          - 7698.68042      -     -    0s
     0     0 7749.15024    0  213          - 7749.15024      -     -    0s
     0     0 7754.04098    0  221          - 7754.04098      -     -    0s
     0     0 7764.36906    0  222          - 7764.36906      -     -    0s
     0     0 7789.27735    0  230          - 7789.27735      -     -    0s
     0     0 7801.43657    0  209          - 7801.43657      -     -    0s
     0     0 7803.81018    0  204          - 7803.81018      -     -    0s
     0     0 7804.72657    0  205          - 7804.72657      -     -    0s
     0     0 7808.91611    0  190          - 7808.91611      -     -    0s
     0     0 7816.16649    0  194          - 7816.16649      -     -    1s
     0     0 7832.23942    0  228          - 7832.23942      -     -    1s
     0     0 7834.75765    0  203          - 7834.75765      -     -    1s
     0     0 7835.36165    0  181          - 7835.36165      -     -    1s
     0     0 7836.63121    0  174          - 7836.63121      -     -    1s
     0     0 7837.65017    0  204          - 7837.65017      -     -    1s
     0     0 7841.03318    0  223          - 7841.03318      -     -    1s
     0     0 7841.03318    0  221          - 7841.03318      -     -    1s
     0     2 7841.79398    0  219          - 7841.79398      -     -    1s
*  196   205              78    10529.650000 7866.14757  25.3%   130    4s
   259   245 9721.91305   62  121 10529.6500 7866.14757  25.3%   120    5s
H  361   321                    10391.340000 7909.09748  23.9%   136    7s
   464   427 8736.23388   29  139 10391.3400 7909.09748  23.9%   129   10s
H  481   389                    10120.280000 7909.09748  21.8%   129   10s
*  641   506              74    9867.2900000 7926.23020  19.7%   125   13s
*  642   436              74    9555.0400000 7926.23020  17.0%   125   13s
*  647   384              76    9365.0400000 7926.23020  15.4%   124   13s
   723   390 8601.06567   12  221 9365.04000 7926.23020  15.4%   135   15s
H  724   371                    9340.0400000 7926.23020  15.1%   135   15s
H  741   363                    9261.0400000 7966.15905  14.0%   132   17s
   754   372 8696.51916   17  352 9261.04000 7980.25792  13.8%   130   20s
H  781   373                    9258.9700000 8033.93264  13.2%   144   24s
   798   386 8552.20093   21  216 9258.97000 8033.93264  13.2%   149   25s
   916   467 9193.54781   46  175 9258.97000 8033.93264  13.2%   157   30s
  1131   554 8358.10378   21  219 9258.97000 8073.09352  12.8%   160   35s
  1371   665 8826.96442   37  190 9258.97000 8089.42628  12.6%   157   40s
  1552   737 9030.05727   34  108 9258.97000 8094.66406  12.6%   158   45s
  1742   795 8933.20154   30  208 9258.97000 8162.73792  11.8%   159   50s
  1906   912 9081.45921   33  146 9258.97000 8189.64940  11.5%   160   56s
H 1985   915                    9212.8900000 8204.27961  10.9%   161   59s
H 1995   896                    9184.4500000 8213.62458  10.6%   161   59s
