




arguments: ./build/bc_mirp -f ./input/orig_exec_274.cfg
Current dir: /scratch/gui/bc_mirp
File verbosity level: 9
date       time         ( uptime  ) [ thread name/id ]                   file:line     v| 
2021-02-17 17:28:42.731 (   0.247s) [main thread     ]             loguru.cpp:789   INFO| Logging to './output/vi_vc+lex_full/OU/V4/Original/execution_17_02_2021_17_28_42.log', mode: 'a', verbosity: 9
--------------------------------------------------------------------------------
Parameters
                           instance_path           ./input/Instances/Original/6/
                            model_policy                                       1
                             nb_vehicles                                       4
                              output_dir ./output/vi_vc+lex_full/OU/V4/Original/
                            sec_strategy                                       1
                       solver_nb_threads                                       2
                         solver_show_log                                    true
                       solver_time_limit                                    3600
                              use_vi_cos                                   false
                              use_vi_cus                                   false
                         use_vi_hc1_full                                   false
                         use_vi_hc1_half                                   false
                      use_vi_hc1_quarter                                   false
                              use_vi_hc2                                   false
                              use_vi_hc3                                   false
                         use_vi_lex_full                                    true
                         use_vi_lex_half                                   false
                      use_vi_lex_quarter                                   false
                              use_vi_qua                                   false
                               use_vi_vc                                    true
                               use_vi_vr                                   false
--------------------------------------------------------------------------------
executing instance: ./input/Instances/Original/6/absH6high_1n25.dat
--------------------------------------------------------------------------------
Instance details
n	26
H	6
C	1711
Li:
[0, 0, 0, 0, 0, 0, 0, 0, 0, 0, 0, 0, 0, 0, 0, 0, 0, 0, 0, 0, 0, 0, 0, 0, 0, 0, ]
Ui:
[0, 168, 176, 34, 66, 36, 177, 106, 118, 182, 64, 141, 189, 63, 46, 111, 182, 231, 36, 66, 68, 54, 132, 90, 246, 75, ]
Distance matrix:
|0	191	200	231	334	329	146	196	208	245	218	164	283	394	151	358	156	196	309	253	201	260	127	138	130	104	|
|191	0	226	229	278	146	328	216	390	417	327	293	195	334	106	296	171	122	472	151	12	411	280	53	190	130	|
|200	226	0	38	149	359	321	10	276	274	418	364	139	204	121	173	321	115	303	141	225	236	155	202	311	256	|
|231	229	38	0	110	352	358	37	314	310	448	395	108	167	129	135	342	109	336	120	226	268	194	213	335	277	|
|334	278	149	110	0	367	467	147	422	413	546	495	86	61	203	25	423	163	429	129	271	363	303	282	424	361	|
|329	146	359	352	367	0	453	349	533	562	411	393	282	411	245	378	250	244	617	245	141	556	426	195	284	243	|
|146	328	321	358	467	453	0	321	162	215	160	112	425	524	297	491	223	341	284	397	339	266	186	276	184	210	|
|196	216	10	37	147	349	321	0	281	281	414	360	132	203	112	171	315	105	311	132	216	244	159	193	305	249	|
|208	390	276	314	422	533	162	281	0	54	321	271	410	471	316	445	348	348	123	398	398	115	125	338	313	309	|
|245	417	274	310	413	562	215	281	54	0	375	323	413	457	334	435	393	361	70	406	424	69	139	367	359	349	|
|218	327	418	448	546	411	160	414	321	375	0	57	484	606	347	569	163	393	444	446	339	421	318	288	137	199	|
|164	293	364	395	495	393	112	360	271	323	57	0	437	556	300	519	144	346	393	401	305	367	261	249	109	163	|
|283	195	139	108	86	282	425	132	410	413	484	437	0	139	137	101	349	91	443	44	187	375	286	206	355	291	|
|394	334	204	167	61	411	524	203	471	457	606	556	139	0	264	38	483	222	467	183	326	403	356	341	484	421	|
|151	106	121	129	203	245	297	112	316	334	347	300	137	264	0	225	220	46	381	102	106	316	195	84	221	158	|
|358	296	173	135	25	378	491	171	445	435	569	519	101	38	225	0	444	184	450	145	288	384	328	303	446	383	|
|156	171	321	342	423	250	223	315	348	393	163	144	349	483	220	444	0	261	460	308	183	415	284	143	39	65	|
|196	122	115	109	163	244	341	105	348	361	393	346	91	222	46	184	261	0	402	56	118	336	224	119	264	200	|
|309	472	303	336	429	617	284	311	123	70	444	393	443	467	381	450	460	402	0	442	477	68	192	424	426	413	|
|253	151	141	120	129	245	397	132	398	406	446	401	44	183	102	145	308	56	442	0	143	375	273	164	315	251	|
|201	12	225	226	271	141	339	216	398	424	339	305	187	326	106	288	183	118	477	143	0	416	286	63	202	142	|
|260	411	236	268	363	556	266	244	115	69	421	367	375	403	316	384	415	336	68	375	416	0	135	365	384	363	|
|127	280	155	194	303	426	186	159	125	139	318	261	286	356	195	328	284	224	192	273	286	135	0	232	256	229	|
|138	53	202	213	282	195	276	193	338	367	288	249	206	341	84	303	143	119	424	164	63	365	232	0	153	89	|
|130	190	311	335	424	284	184	305	313	359	137	109	355	484	221	446	39	264	426	315	202	384	256	153	0	64	|
|104	130	256	277	361	243	210	249	309	349	199	163	291	421	158	383	65	200	413	251	142	363	229	89	64	0	|

--------------------------------------------------------------------------------
Building model...
	using lazy and cut (CVRPSEP package)
Solving IRP LP...
--------------------------------------------------------------------------------

Gurobi 9.1.0 (linux64) logging started Wed Feb 17 17:28:44 2021

Gurobi Optimizer version 9.1.0 build v9.1.0rc0 (linux64)
Thread count: 32 physical cores, 32 logical processors, using up to 2 threads
Optimize a model with 1922 rows, 9206 columns and 23864 nonzeros
Model fingerprint: 0x11b837b6
Variable types: 782 continuous, 8424 integer (624 binary)
Coefficient statistics:
  Matrix range     [1e+00, 7e+07]
  Objective range  [1e-01, 6e+02]
  Bounds range     [1e+00, 2e+02]
  RHS range        [1e+00, 3e+03]
Presolve removed 404 rows and 1070 columns
Presolve time: 0.20s
Presolved: 1518 rows, 8136 columns, 20065 nonzeros
Variable types: 600 continuous, 7536 integer (6958 binary)

Root relaxation: objective 1.430226e+04, 2480 iterations, 0.08 seconds

    Nodes    |    Current Node    |     Objective Bounds      |     Work
 Expl Unexpl |  Obj  Depth IntInf | Incumbent    BestBd   Gap | It/Node Time

     0     0 14302.2551    0  253          - 14302.2551      -     -    0s
     0     0 14594.4842    0  299          - 14594.4842      -     -    0s
     0     0 14606.2074    0  273          - 14606.2074      -     -    0s
     0     0 14606.4583    0  272          - 14606.4583      -     -    0s
     0     0 14608.3470    0  272          - 14608.3470      -     -    0s
     0     0 14609.3294    0  283          - 14609.3294      -     -    0s
     0     0 15125.4515    0  329          - 15125.4515      -     -    1s
     0     0 15284.5681    0  383          - 15284.5681      -     -    1s
     0     0 15290.3330    0  390          - 15290.3330      -     -    1s
     0     0 15291.9670    0  401          - 15291.9670      -     -    1s
     0     0 15292.4596    0  405          - 15292.4596      -     -    1s
     0     0 15754.1074    0  438          - 15754.1074      -     -    2s
     0     0 15827.6699    0  454          - 15827.6699      -     -    2s
     0     0 15838.5608    0  464          - 15838.5608      -     -    2s
     0     0 15912.7928    0  464          - 15912.7928      -     -    3s
     0     0 15927.0556    0  446          - 15927.0556      -     -    3s
     0     0 15966.8242    0  442          - 15966.8242      -     -    3s
     0     0 16033.1661    0  439          - 16033.1661      -     -    3s
     0     0 16051.0108    0  465          - 16051.0108      -     -    3s
     0     0 16051.0108    0  486          - 16051.0108      -     -    3s
     0     0 16200.9020    0  490          - 16200.9020      -     -    4s
     0     0 16262.0998    0  472          - 16262.0998      -     -    5s
     0     0 16306.4916    0  526          - 16306.4916      -     -    5s
     0     0 16331.6268    0  577          - 16331.6268      -     -    6s
     0     0 16335.2638    0  560          - 16335.2638      -     -    6s
     0     0 16335.2794    0  571          - 16335.2794      -     -    6s
     0     0 16387.9248    0  500          - 16387.9248      -     -    7s
     0     0 16399.4557    0  542          - 16399.4557      -     -    7s
     0     0 16399.8465    0  557          - 16399.8465      -     -    7s
     0     0 16425.0566    0  504          - 16425.0566      -     -    8s
     0     0 16430.0970    0  522          - 16430.0970      -     -    8s
     0     0 16430.4934    0  520          - 16430.4934      -     -    8s
     0     0 16445.2029    0  522          - 16445.2029      -     -    9s
     0     0 16445.2029    0  490          - 16445.2029      -     -    9s
     0     2 16446.0188    0  490          - 16446.0188      -     -   10s
    27    30 16528.4655    8  501          - 16449.0370      -   891   15s
    50    53 16663.9495   15  491          - 16449.0370      -  1013   20s
    99   102 16919.5542   32  366          - 16449.0370      -   772   25s
   142   155 17095.3126   43  293          - 16449.0370      -   723   30s
   203   222 17676.3437   59  316          - 16449.0370      -   639   35s
   296   327 18249.8931   85  248          - 16449.0370      -   517   40s
   561   652 20353.4646  164  149          - 16451.2385      -   322   49s
   671   718 16754.0050    3  654          - 16451.2385      -   301   50s
   818   847 16807.3992    5  653          - 16451.2385      -   261   58s
   883   854 18449.8259   77  490          - 16451.2385      -   267   61s
   890   859 16651.8410   13  612          - 16651.8410      -   265   65s
   905   869 21983.2572  240  682          - 16791.2891      -   261   70s
   919   878 17906.6463   67  708          - 16807.1917      -   257   75s
   926   883 18596.2161  101  726          - 16812.2328      -   255   80s
   939   891 18984.2920  132  732          - 16813.8362      -   251   85s
   948   897 24938.1326  336  751          - 16814.0210      -   249   90s
   958   906 17405.5031   56  608          - 16814.0210      -   279   95s
   970   914 16814.4691   25  705          - 16814.4691      -   275  100s
   983   922 18449.8259   77  780          - 16856.3770      -   272  105s
   999   933 22186.5307  263  736          - 16859.4491      -   267  110s
  1011   942 16860.3920    4  490          - 16860.3920      -   291  115s
  1021   949 17398.6134   55  727          - 16860.3920      -   288  120s
  1037   959 19994.4522  156  760          - 16861.8098      -   283  125s
  1047   966 16861.8643    4  722          - 16861.8643      -   281  130s
  1057   976 16922.6330   41  610          - 16902.6476      -   306  135s
  1076   988 16948.9372   46  680          - 16907.7866      -   317  140s
  1091  1000 17007.0394   50  560          - 16907.7866      -   332  145s
  1121  1019 17103.9546   57  578          - 16907.7866      -   343  150s
  1147  1037 17120.3324   64  526          - 16907.7866      -   352  155s
  1177  1061 17125.9165   72  519          - 16907.7866      -   361  160s
  1217  1087 17192.0829   82  444          - 16907.7866      -   369  165s
  1251  1123 17236.7447   90  405          - 16907.7866      -   372  170s
  1311  1159 17420.9082  105  421          - 16907.7866      -   377  176s
  1363  1200 17597.6422  117  381          - 16907.7866      -   382  181s
  1404  1217 17878.4062  129  360          - 16907.7866      -   385  185s
  1468  1272 18238.0473  146  292          - 16907.7866      -   391  191s
  1526  1322 18445.6043  164  304          - 16907.7866      -   392  196s
  1599  1375 18998.4486  182  265          - 16907.7866      -   392  201s
  1682  1432 19391.7551  201  293          - 16907.7866      -   392  206s
  1835  1605 21477.8951  227  236          - 16907.7866      -   378  212s
  1958  1641 21571.0931  249  168          - 16907.7866      -   361  215s
* 2168  1624             312    25917.160000 16907.7866  34.8%   335  219s
* 2170  1575             310    25516.160000 16907.7866  33.7%   335  219s
* 2171  1530             311    25161.160000 16907.7866  32.8%   334  219s
* 2177  1471             318    24448.750000 16907.7866  30.8%   336  226s
  2194  1479 17073.7939   46  614 24448.7500 16922.7999  30.8%   338  231s
  2217  1496 17211.2233   50  579 24448.7500 16922.7999  30.8%   341  236s
  2245  1516 17169.6832   61  621 24448.7500 16922.7999  30.8%   343  242s
  2260  1533 17243.9307   64  530 24448.7500 16922.7999  30.8%   345  245s
H 2282  1478                    23973.890000 16922.7999  29.4%   345  248s
  2293  1497 17353.4476   69  496 23973.8900 16922.7999  29.4%   348  251s
  2328  1510 17483.7051   77  489 23973.8900 16922.7999  29.4%   352  257s
  2340  1523 17591.1584   79  422 23973.8900 16922.7999  29.4%   355  261s
  2384  1558 17735.7380   88  359 23973.8900 16922.7999  29.4%   358  268s
  2407  1583 17811.9394   95  380 23973.8900 16922.7999  29.4%   358  275s
  2467  1625 17966.8535  104  372 23973.8900 16922.7999  29.4%   359  282s
  2501  1649 17996.7355  114  313 23973.8900 16922.7999  29.4%   358  287s
  2537  1674 18052.7608  124  425 23973.8900 16922.7999  29.4%   358  296s
  2574  1701 18325.2142  130  297 23973.8900 16922.7999  29.4%   358  301s
  2613  1749 18312.9489  138  242 23973.8900 16922.7999  29.4%   357  306s
  2676  1779 18485.0517  152  236 23973.8900 16922.7999  29.4%   354  312s
  2729  1828 18638.3752  157  298 23973.8900 16922.7999  29.4%   352  327s
  2800  1893 19233.6091  164  326 23973.8900 16922.7999  29.4%   350  334s
  2888  2005 19200.0312  178  157 23973.8900 16922.7999  29.4%   346  342s
  3030  2269 19810.0573  196  133 23973.8900 16922.7999  29.4%   335  349s
  3123  2238 20294.1369  219  133 23973.8900 16922.7999  29.4%   328  350s
  3343  2559 infeasible  255      23973.8900 16923.4663  29.4%   312  356s
H 3781  2583                    23811.890000 16923.4663  28.9%   282  363s
  3858  2592 17290.7084   48  659 23811.8900 16923.4663  28.9%   280  367s
  3884  2614 17260.5531   59  543 23811.8900 16923.4663  28.9%   281  373s
  3906  2659 17332.0914   67  562 23811.8900 16923.4663  28.9%   282  377s
  3951  2821 17579.3476   79  453 23811.8900 16923.4663  28.9%   283  384s
  4129  2859 17539.7578   85  384 23811.8900 16923.4663  28.9%   275  390s
* 4161  2848             257    23727.720000 16923.4663  28.7%   275  390s
H 4184  2863                    23660.320000 16923.4663  28.5%   275  395s
  4209  2891 17714.7899   99  382 23660.3200 16923.4663  28.5%   276  400s
* 4230  2853             250    23470.170000 16923.4663  27.9%   277  400s
  4240  2892 17901.8337  106  316 23470.1700 16923.4663  27.9%   278  405s
* 4276  2892             252    23469.760000 16923.4663  27.9%   278  406s
  4284  2936 18141.5142  120  338 23469.7600 16923.4663  27.9%   279  412s
  4328  3006 18191.9915  136  275 23469.7600 16923.4663  27.9%   279  418s
  4398  3061 18508.4495  152  270 23469.7600 16923.4663  27.9%   279  424s
  4453  3159 19244.0213  162  235 23469.7600 16923.4663  27.9%   280  431s
H 4545  3159                    23466.760000 16923.4663  27.9%   278  432s
  4557  3206 20412.7208  192  178 23466.7600 16923.4663  27.9%   279  452s
  4628  3530 infeasible  196      23466.7600 16923.4663  27.9%   279  463s
  4855  3530 22642.3085  242   54 23466.7600 16923.4663  27.9%   270  465s
  4954  3634 23405.6227  261   87 23466.7600 16960.3302  27.7%   267  472s
* 4958  3536             262    22944.490000 16960.3302  26.1%   267  472s
  5090  3578 17409.9700   50  615 22944.4900 16960.3302  26.1%   265  480s
  5201  3663 18102.2458   63  386 22944.4900 16960.3302  26.1%   265  488s
  5288  3764 20041.9910  139   71 22944.4900 16962.8416  26.1%   265  502s
  5410  3791     cutoff  222      22944.4900 16963.7624  26.1%   267  509s
* 5412  3787             221    22932.090000 16963.7624  26.0%   267  509s
* 5413  3767             221    22896.420000 16963.7624  25.9%   267  509s
* 5414  3716             220    22813.090000 16963.7624  25.6%   267  509s
  5444  3771 17736.0132   54  569 22813.0900 16963.7624  25.6%   269  517s
  5499  3902 18556.1655   81  321 22813.0900 16963.7854  25.6%   271  526s
H 5657  3918                    22759.850000 16963.7854  25.5%   268  535s
H 5671  3851                    22649.600000 16963.7854  25.1%   269  535s
  5718  3920 17851.7081   59  458 22649.6000 16963.7854  25.1%   270  544s
  5787  4051 19601.2999  110  298 22649.6000 16981.4040  25.0%   271  553s
H 5886  4005                    22596.850000 16981.4040  24.9%   269  554s
  5942  4046 17299.0688   46  750 22596.8500 16981.4040  24.9%   269  563s
  6001  4195 18118.2350   63  382 22596.8500 16981.4040  24.9%   270  573s
  6152  4221 22067.1286  196   16 22596.8500 16985.7159  24.8%   268  585s
  6192  4255 22496.3900  204    9 22596.8500 16986.2472  24.8%   270  594s
* 6193  4187             205    22512.710000 16986.2472  24.5%   270  594s
* 6195  4185             203    22510.710000 16986.2472  24.5%   270  594s
  6230  4258 17807.7443   60  528 22510.7100 16986.2472  24.5%   273  603s
  6303  4401 19231.5614   97  318 22510.7100 16986.3253  24.5%   274  614s
  6335  4401 20202.1720  129  141 22510.7100 16986.3253  24.5%   273  615s
  6456  4529 17286.8376   47  648 22510.7100 16986.3253  24.5%   273  627s
  6584  4698 17641.9041   62  458 22510.7100 16986.3253  24.5%   272  638s
  6772  4743 17849.6349   75  429 22510.7100 16986.3253  24.5%   269  649s
  6821  4816 18083.0419   86  334 22510.7100 16986.3253  24.5%   271  659s
* 6887  4543             257    22197.340000 16986.3253  23.5%   270  659s
* 6892  4514             254    22136.340000 16986.3253  23.3%   270  659s
* 6893  4469             253    22089.340000 16986.3253  23.1%   270  659s
  6905  4575 18750.5267  113  260 22089.3400 16986.3253  23.1%   271  669s
  6940  4575 18889.1742  128  214 22089.3400 16986.3253  23.1%   272  670s
  7014  4677 19697.0497  138  182 22089.3400 16996.3898  23.1%   272  681s
  7148  4718 17434.6800   48  558 22089.3400 17000.7788  23.0%   272  691s
  7189  4780 17878.1500   56  444 22089.3400 17000.7788  23.0%   274  702s
  7251  4967 18398.0323   65  306 22089.3400 17000.7788  23.0%   276  718s
  7438  5164 19965.9615   93  249 22089.3400 17010.2635  23.0%   276  735s
  7680  5226 17315.8719   47  739 22089.3400 17025.1093  22.9%   273  750s
  7742  5420 17970.7152   70  510 22089.3400 17025.1093  22.9%   275  807s
  7961  5541 19621.0460  157  281 22089.3400 17025.1220  22.9%   272  823s
* 8050  5463             244    22003.680000 17025.1220  22.6%   270  823s
* 8051  5462             243    22002.680000 17025.1220  22.6%   270  823s
* 8053  5462             243    22000.680000 17025.1220  22.6%   270  823s
* 8056  5453             240    21990.680000 17025.1220  22.6%   269  823s
  8106  5525     cutoff  236      21990.6800 17029.8083  22.6%   272  839s
  8210  5665 17945.4659   58  549 21990.6800 17034.3934  22.5%   273  855s
H 8305  5457                    21724.990000 17034.3934  21.6%   273  856s
  8364  5510 17494.1303   49  624 21724.9900 17034.3934  21.6%   274  871s
  8433  5684 18393.4227   79  461 21724.9900 17035.3628  21.6%   276  887s
  8663  5762 17440.7974   60  534 21724.9900 17035.3628  21.6%   274  903s
  8751  5916 19496.5540  109  322 21724.9900 17038.6539  21.6%   275  919s
  8792  5916 20771.7441  150   62 21724.9900 17038.6539  21.6%   275  920s
  8938  5983 17344.6805   47  702 21724.9900 17044.7787  21.5%   275  935s
  9005  6078 17552.5564   61  489 21724.9900 17044.7787  21.5%   277  952s
  9100  6171 17955.8329   79  392 21724.9900 17044.7787  21.5%   279  968s
  9219  6270 18398.2086  107  406 21724.9900 17044.7787  21.5%   281  985s
  9318  6472 19274.5463  138  277 21724.9900 17048.0959  21.5%   283 1002s
  9567  6663 17478.9898   60  599 21724.9900 17053.0969  21.5%   281 1021s
  9776  6714 17305.6425   46  693 21724.9900 17053.0969  21.5%   280 1039s
  9841  6795 17860.2787   69  427 21724.9900 17061.3766  21.5%   281 1057s
  9940  6917 17361.5776   46  602 21724.9900 17061.3766  21.5%   283 1074s
 10062  6937 19771.8969  112  199 21724.9900 17061.3766  21.5%   284 1092s
 10082  7196 19904.3461  113  225 21724.9900 17062.2144  21.5%   284 1115s
 10385  7320 17696.2082   66  578 21724.9900 17062.7394  21.5%   281 1132s
 10523  7430 17616.2358   57  472 21724.9900 17062.7394  21.5%   281 1149s
 10591  7430 18564.8314   86  296 21724.9900 17062.7394  21.5%   281 1150s
 10645  7516 19605.6461  125  193 21724.9900 17070.0554  21.4%   282 1165s
 10751  7641 17966.4533   59  522 21724.9900 17072.3256  21.4%   283 1184s
 10888  7708 17273.9546   47  607 21724.9900 17072.3256  21.4%   283 1200s
 10977  7786 19168.4552   78  431 21724.9900 17074.5317  21.4%   284 1217s
 11069  7919 17746.4511   57  557 21724.9900 17074.5317  21.4%   285 1236s
 11202  8088 19386.2821  100  290 21724.9900 17077.5870  21.4%   286 1255s
H11290  8013                    21622.320000 17077.5870  21.0%   286 1256s
 11423  8099 17900.4256   58  547 21622.3200 17077.5870  21.0%   285 1272s
 11518  8265 18929.8755  107  340 21622.3200 17081.1733  21.0%   286 1290s
 11711  8365 17967.3561   56  484 21622.3200 17081.3880  21.0%   285 1310s
 11811  8498 19186.8848  110  317 21622.3200 17083.8407  21.0%   286 1327s
 11976  8628 17932.1651   58  524 21622.3200 17083.9424  21.0%   286 1345s
 12106  8715 20112.7076  112  197 21622.3200 17084.0489  21.0%   286 1367s
 12217  8872 17741.3515   75  541 21622.3200 17085.0570  21.0%   287 1386s
 12395  8945 17524.6816   57  637 21622.3200 17085.0592  21.0%   287 1403s
 12468  9115 18749.6573   96  322 21622.3200 17085.3132  21.0%   288 1422s
 12668  9185 17672.4258   62  584 21622.3200 17085.3315  21.0%   287 1440s
 12738  9234 19433.0978  105  205 21622.3200 17090.5370  21.0%   288 1458s
 12809  9286 17684.1856   59  587 21622.3200 17091.2127  21.0%   289 1476s
 12861  9336 17888.0555   76  467 21622.3200 17091.2127  21.0%   291 1495s
 12911  9427 18173.2882   87  483 21622.3200 17091.2127  21.0%   293 1514s
 13002  9511 18486.5625  107  345 21622.3200 17091.2127  21.0%   295 1536s
 13086  9738 18569.2661  116  426 21622.3200 17091.2127  21.0%   295 1556s
 13352 10006 19153.8543  150  178 21622.3200 17092.1307  21.0%   294 1579s
 13448 10006 20580.5294  188   27 21622.3200 17092.1307  21.0%   292 1580s
*13682 10001             222    21554.390000 17092.8594  20.7%   290 1599s
*13691  9836             221    21406.950000 17092.8594  20.2%   290 1599s
 13777  9891     cutoff  223      21406.9500 17094.4376  20.1%   290 1618s
H13779  9856                    21380.950000 17094.4376  20.0%   290 1618s
 13836 10048 18087.6119   75  464 21380.9500 17095.3723  20.0%   292 1640s
 14066 10143 17867.8176   51  567 21380.9500 17096.6200  20.0%   291 1660s
 14161 10299 19510.7688  113  228 21380.9500 17097.9409  20.0%   292 1680s
 14349 10431 17830.0480   61  501 21380.9500 17097.9415  20.0%   291 1700s
 14509 10547 19541.1444   98  427 21380.9500 17098.4068  20.0%   291 1719s
 14637 10624 17873.7948   76  572 21380.9500 17098.4068  20.0%   292 1740s
 14714 10962 18293.9376   83  423 21380.9500 17098.4068  20.0%   293 1770s
 15087 11117 19093.9389  103  311 21380.9500 17100.1211  20.0%   290 1794s
 15126 11117 20171.0324  115  161 21380.9500 17100.1211  20.0%   290 1795s
 15286 11201 17496.8605   61  536 21380.9500 17103.3451  20.0%   289 1814s
 15372 11314 19214.9172  118  268 21380.9500 17105.6712  20.0%   291 1832s
 15511 11422 18126.6650   55  526 21380.9500 17105.7250  20.0%   291 1855s
 15648 11515 19465.1201   96  401 21380.9500 17106.2858  20.0%   291 1881s
 15767 11621 17717.7500   56  555 21380.9500 17106.2858  20.0%   292 1902s
H15814 10867                    20871.870000 17106.2858  18.0%   292 1903s
 15905 10973 20010.3816  103  199 20871.8700 17113.0652  18.0%   292 1922s
 16042 11036 17721.3472   69  524 20871.8700 17116.2546  18.0%   292 1941s
 16105 11171 18049.5217   87  318 20871.8700 17116.2546  18.0%   294 1962s
 16240 11406 18651.9510   99  335 20871.8700 17119.6391  18.0%   295 1986s
 16536 11495 17349.4397   51  644 20871.8700 17119.8955  18.0%   293 2008s
 16626 11608 19014.1101  108  290 20871.8700 17120.2645  18.0%   294 2037s
H16767 11371                    20696.330000 17120.3607  17.3%   295 2058s
 16960 11424 17702.1281   72  596 20696.3300 17124.7128  17.3%   295 2077s
H17017 11469                    20678.330000 17124.7128  17.2%   296 2099s
 17102 11620 18347.8386  110  299 20678.3300 17127.1121  17.2%   297 2121s
 17280 11684 17367.7261   51  741 20678.3300 17127.4321  17.2%   297 2151s
 17354 11742 18750.9045   79  385 20678.3300 17130.1320  17.2%   299 2171s
 17438 11857 17762.5625   71  474 20678.3300 17130.4161  17.2%   300 2192s
 17563 11908 17468.0869   58  643 20678.3300 17130.4161  17.2%   300 2211s
 17614 12002 18710.6790   88  467 20678.3300 17132.9895  17.1%   302 2234s
 17740 12141 17788.2322   63  517 20678.3300 17132.9929  17.1%   303 2257s
 17888 12277 17522.7713   52  630 20678.3300 17132.9929  17.1%   303 2280s
 18024 12575 18769.2581   76  448 20678.3300 17134.3064  17.1%   304 2305s
 18374 12614 17485.5071   55  670 20678.3300 17134.8763  17.1%   301 2324s
 18413 12682 18240.6888   66  385 20678.3300 17134.8763  17.1%   303 2346s
 18481 12833 18931.0119   83  337 20678.3300 17134.9789  17.1%   304 2369s
 18513 12833 19847.8229   98  155 20678.3300 17134.9789  17.1%   304 2370s
 18658 12920 18591.9682   87  385 20678.3300 17137.5232  17.1%   304 2392s
 18784 13053 17792.8320   59  664 20678.3300 17137.9404  17.1%   305 2414s
 18827 13053 19239.3532  102  193 20678.3300 17137.9404  17.1%   305 2415s
 18941 13179 17709.4492   61  537 20678.3300 17138.0149  17.1%   305 2438s
 19083 13307 19109.1339   97  423 20678.3300 17138.6526  17.1%   306 2463s
 19233 13441 18198.4282   74  571 20678.3300 17138.8295  17.1%   306 2486s
H19397 13527                    20665.330000 17138.8686  17.1%   306 2508s
 19527 13684 19715.3951  117  349 20665.3300 17139.0003  17.1%   307 2530s
 19720 13817 18448.4845   87  457 20665.3300 17140.0751  17.1%   307 2552s
 19890 13924 17754.7307   68  488 20665.3300 17140.3609  17.1%   307 2577s
 20036 14033 17423.7282   49  617 20665.3300 17142.6133  17.0%   308 2601s
 20145 14199 18862.1158   98  438 20665.3300 17142.7659  17.0%   308 2624s
 20211 14199 20429.1637  164  142 20665.3300 17142.7659  17.0%   308 2625s
 20343 14302 19585.0907  116  365 20665.3300 17143.9457  17.0%   308 2647s
 20488 14494 18249.9398   61  520 20665.3300 17145.1750  17.0%   308 2671s
 20704 14646 17488.4183   53  513 20665.3300 17146.3161  17.0%   308 2697s
 20869 14753 19265.1637  111  219 20665.3300 17148.6218  17.0%   308 2719s
 20901 14753 20554.5849  143  119 20665.3300 17148.6218  17.0%   308 2720s
 20988 14906 18365.9520   75  375 20665.3300 17148.7211  17.0%   309 2743s
 21160 15001 18296.1081   72  379 20665.3300 17149.5210  17.0%   309 2767s
 21293 15168 17965.7916   65  542 20665.3300 17149.5732  17.0%   310 2796s
 21480 15293 17782.3178   82  566 20665.3300 17150.6485  17.0%   310 2820s
 21637 15452 17552.0374   54  635 20665.3300 17151.0625  17.0%   310 2846s
 21810 15516 19603.0026  112  313 20665.3300 17151.1359  17.0%   310 2868s
 21894 15650 18189.3316   68  514 20665.3300 17152.3918  17.0%   311 2893s
 22054 15828 17808.1982   54  495 20665.3300 17154.4725  17.0%   311 2917s
 22267 15879 17566.2309   62  697 20665.3300 17154.5098  17.0%   311 2942s
 22318 15951 17815.7202   70  509 20665.3300 17154.5098  17.0%   312 2964s
 22352 15951 18238.3390   91  477 20665.3300 17154.5098  17.0%   313 2965s
 22390 16136 18265.4554   93  461 20665.3300 17154.5098  17.0%   314 2988s
 22575 16337 19025.7342  126  277 20665.3300 17154.8126  17.0%   314 3017s
 22826 16489 17538.8036   53  409 20665.3300 17155.1559  17.0%   313 3048s
 23056 16588 17793.1713   56  563 20665.3300 17155.2490  17.0%   313 3072s
 23155 16757 19571.2883  119  339 20665.3300 17161.1040  17.0%   314 3095s
 23363 16891 18825.6910   93  382 20665.3300 17161.2869  17.0%   313 3127s
 23542 16953 18078.0410   76  579 20665.3300 17161.3396  17.0%   313 3276s
H23606 16882                    20639.330000 17161.3396  16.9%   313 3277s
 23632 16983 infeasible  114      20639.3300 17162.4967  16.8%   314 3302s
 23739 17278 18800.4292   85  451 20639.3300 17164.1956  16.8%   315 3334s
 23785 17278 20350.3980  131  134 20639.3300 17164.1956  16.8%   314 3335s
 24081 17325 17801.3720   77  578 20639.3300 17168.3551  16.8%   313 3358s
 24127 17452 18804.6630   88  477 20639.3300 17168.3551  16.8%   315 3383s
 24254 17622 19869.8414  120  122 20639.3300 17168.9426  16.8%   315 3412s
 24478 17753 18661.9585   84  330 20639.3300 17171.8315  16.8%   315 3437s
 24633 17828 18480.0795   80  340 20639.3300 17175.4101  16.8%   315 3462s
 24723 18033 17758.6890   58  563 20639.3300 17176.7111  16.8%   316 3488s
 24964 18167 17410.9730   44  599 20639.3300 17177.5654  16.8%   316 3518s
 25115 18277 18583.4475   73  417 20639.3300 17177.7187  16.8%   316 3545s
 25261 18364 17725.1365   58  456 20639.3300 17180.4842  16.8%   316 3569s
 25372 18625 17655.0487   60  543 20639.3300 17183.3119  16.7%   317 3609s
 25411 18625 19567.7338   99  247 20639.3300 17183.3119  16.7%   317 3612s

Cutting planes:
  User: 7617
  Gomory: 51
  Cover: 684
  Implied bound: 343
  Projected implied bound: 34
  Clique: 25
  MIR: 273
  StrongCG: 1
  Flow cover: 576
  GUB cover: 5
  Inf proof: 1
  Zero half: 10
  Network: 1
  RLT: 429
  Relax-and-lift: 21
  Lazy constraints: 1181

Explored 25653 nodes (8133133 simplex iterations) in 3613.84 seconds
Thread count was 2 (of 32 available processors)

Solution count 10: 20639.3 20665.3 20678.3 ... 21725

Time limit reached
Best objective 2.063933000000e+04, best bound 1.718331193671e+04, gap 16.7448%

User-callback calls 488956, time in user-callback 190.47 sec
================================================================================
executing instance: ./input/Instances/Original/6/absH6high_1n20.dat
--------------------------------------------------------------------------------
Instance details
n	21
H	6
C	1651
Li:
[0, 0, 0, 0, 0, 0, 0, 0, 0, 0, 0, 0, 0, 0, 0, 0, 0, 0, 0, 0, 0, ]
Ui:
[0, 36, 182, 182, 90, 261, 117, 30, 110, 42, 276, 153, 40, 94, 144, 46, 129, 213, 264, 160, 174, ]
Distance matrix:
|0	371	401	343	361	341	370	115	392	400	79	266	292	245	355	431	265	194	95	92	348	|
|371	0	37	141	110	250	117	438	67	131	372	305	115	238	247	255	235	296	392	430	185	|
|401	37	0	175	100	284	146	472	90	156	406	342	152	275	280	282	242	333	415	455	178	|
|343	141	175	0	239	110	38	374	95	60	314	182	67	130	106	127	318	201	397	423	303	|
|361	110	100	239	0	341	222	451	177	240	385	374	190	304	341	361	151	345	354	398	78	|
|341	250	284	110	341	0	143	337	203	151	289	102	152	97	15	95	394	156	415	431	398	|
|370	117	146	38	222	143	0	407	61	30	346	220	81	167	137	139	317	237	417	447	292	|
|115	438	472	374	451	337	407	0	443	434	66	241	339	251	351	431	374	181	201	177	450	|
|392	67	90	95	177	203	61	443	0	66	379	275	104	216	197	193	294	283	427	461	252	|
|400	131	156	60	240	151	30	434	66	0	374	237	112	189	142	127	344	261	448	477	312	|
|79	372	406	314	385	289	346	66	379	374	0	202	275	197	304	383	316	134	175	166	388	|
|266	305	342	182	374	102	220	241	275	237	202	0	191	70	117	196	386	73	352	359	415	|
|292	115	152	67	190	152	81	339	104	112	275	191	0	123	154	193	252	183	336	366	246	|
|245	238	275	130	304	97	167	251	216	189	197	70	123	0	110	187	322	72	319	334	346	|
|355	247	280	106	341	15	137	351	197	142	304	117	154	110	0	80	399	171	427	444	400	|
|431	255	282	127	361	95	139	431	193	127	383	196	193	187	80	0	444	251	499	519	429	|
|265	235	242	318	151	394	317	374	294	344	316	386	252	322	399	444	0	332	226	273	97	|
|194	296	333	201	345	156	237	181	283	261	134	73	183	72	171	251	332	0	279	286	375	|
|95	392	415	397	354	415	417	201	427	448	175	352	336	319	427	499	226	279	0	47	321	|
|92	430	455	423	398	431	447	177	461	477	166	359	366	334	444	519	273	286	47	0	368	|
|348	185	178	303	78	398	292	450	252	312	388	415	246	346	400	429	97	375	321	368	0	|

--------------------------------------------------------------------------------
Building model...
	using lazy and cut (CVRPSEP package)
Solving IRP LP...
--------------------------------------------------------------------------------

Gurobi 9.1.0 (linux64) logging started Wed Feb 17 18:29:09 2021

Gurobi Optimizer version 9.1.0 build v9.1.0rc0 (linux64)
Thread count: 32 physical cores, 32 logical processors, using up to 2 threads
Optimize a model with 1557 rows, 6171 columns and 16719 nonzeros
Model fingerprint: 0x3fc82eb6
Variable types: 627 continuous, 5544 integer (504 binary)
Coefficient statistics:
  Matrix range     [1e+00, 2e+06]
  Objective range  [1e-01, 5e+02]
  Bounds range     [1e+00, 3e+02]
  RHS range        [1e+00, 3e+03]
Presolve removed 339 rows and 865 columns
Presolve time: 0.15s
Presolved: 1218 rows, 5306 columns, 13620 nonzeros
Variable types: 475 continuous, 4831 integer (4378 binary)

Root relaxation: objective 1.358125e+04, 2282 iterations, 0.06 seconds

    Nodes    |    Current Node    |     Objective Bounds      |     Work
 Expl Unexpl |  Obj  Depth IntInf | Incumbent    BestBd   Gap | It/Node Time

     0     0 13581.2549    0  209          - 13581.2549      -     -    0s
     0     0 13819.3761    0  197          - 13819.3761      -     -    0s
     0     0 13831.8647    0  203          - 13831.8647      -     -    0s
     0     0 13833.5583    0  187          - 13833.5583      -     -    0s
     0     0 13837.2100    0  186          - 13837.2100      -     -    0s
     0     0 14134.1423    0  310          - 14134.1423      -     -    0s
     0     0 14203.5763    0  290          - 14203.5763      -     -    1s
     0     0 14317.8327    0  328          - 14317.8327      -     -    1s
     0     0 14326.2067    0  340          - 14326.2067      -     -    1s
     0     0 14327.1048    0  319          - 14327.1048      -     -    1s
     0     0 14327.1890    0  323          - 14327.1890      -     -    1s
     0     0 14512.1558    0  383          - 14512.1558      -     -    1s
     0     0 14520.7925    0  404          - 14520.7925      -     -    1s
     0     0 14525.7755    0  401          - 14525.7755      -     -    1s
     0     0 14527.1223    0  398          - 14527.1223      -     -    2s
     0     0 14527.2830    0  397          - 14527.2830      -     -    2s
     0     0 14575.3895    0  499          - 14575.3895      -     -    2s
H    0     0                    23297.119978 14575.3895  37.4%     -    2s
     0     0 14583.6180    0  502 23297.1200 14583.6180  37.4%     -    2s
     0     0 14585.9032    0  547 23297.1200 14585.9032  37.4%     -    2s
     0     0 14589.6022    0  507 23297.1200 14589.6022  37.4%     -    2s
     0     0 14590.6179    0  495 23297.1200 14590.6179  37.4%     -    2s
     0     0 14615.2558    0  483 23297.1200 14615.2558  37.3%     -    2s
     0     0 14623.2255    0  482 23297.1200 14623.2255  37.2%     -    3s
     0     0 14627.1083    0  462 23297.1200 14627.1083  37.2%     -    3s
     0     0 14627.6517    0  454 23297.1200 14627.6517  37.2%     -    3s
     0     0 14640.1922    0  396 23297.1200 14640.1922  37.2%     -    3s
     0     0 14641.3272    0  421 23297.1200 14641.3272  37.2%     -    3s
     0     0 14645.6614    0  442 23297.1200 14645.6614  37.1%     -    4s
     0     0 14647.5040    0  474 23297.1200 14647.5040  37.1%     -    4s
     0     2 14656.6061    0  462 23297.1200 14656.6061  37.1%     -    5s
    22    25 14866.1667    7  385 23297.1200 14692.7322  36.9%  1050   10s
    71    76 15276.2677   21  309 23297.1200 14692.7322  36.9%   724   15s
   144   159 15563.7304   34  318 23297.1200 14692.7322  36.9%   465   20s
   289   311 17521.3794  102  268 23297.1200 14692.7322  36.9%   315   25s
   493   477 15168.6036    4  478 23297.1200 14693.1073  36.9%   227   30s
   586   581 15627.2758   14  443 23297.1200 14693.1073  36.9%   218   35s
   647   631 16175.0637   37  388 23297.1200 14693.1073  36.9%   230   40s
   704   688 17093.7796   66  316 23297.1200 14693.1073  36.9%   240   46s
   754   720 17946.3098  144  474 23297.1200 14693.1073  36.9%   235   50s
   772   732 16869.2203   97  622 23297.1200 14923.9241  35.9%   230   55s
   794   747 17586.3819  106  654 23297.1200 14997.3915  35.6%   223   60s
H  805   717                    23001.920000 14998.7130  34.8%   245   64s
   808   719 21942.7503  213  524 23001.9200 14998.7130  34.8%   244   65s
H  819   690                    22875.320000 15006.4402  34.4%   241   68s
H  822   657                    22659.320000 15009.0753  33.8%   240   69s
   824   658 18226.3245   82  710 22659.3200 15009.2391  33.8%   240   70s
   831   663 16713.7852   86  712 22659.3200 15010.9928  33.8%   238   78s
   834   668 15064.7256   21  617 22659.3200 15014.9756  33.7%   259   80s
   858   684 15294.3393   27  527 22659.3200 15057.7012  33.5%   285   85s
   884   703 15326.7897   33  555 22659.3200 15057.7012  33.5%   304   90s
   912   722 15406.6490   40  542 22659.3200 15057.7012  33.5%   322   96s
   933   737 15424.6773   46  495 22659.3200 15057.7012  33.5%   332  100s
   965   757 15627.9873   53  467 22659.3200 15057.7012  33.5%   343  105s
   982   773 16027.2127   57  389 22659.3200 15057.7012  33.5%   351  110s
  1015   799 15680.3257   65  566 22659.3200 15057.7012  33.5%   362  116s
  1050   824 15750.4308   73  546 22659.3200 15057.7012  33.5%   369  120s
  1082   847 15822.8896   80  518 22659.3200 15057.7012  33.5%   384  126s
  1106   861 15849.8974   86  488 22659.3200 15057.7012  33.5%   387  130s
  1133   874 15863.8661   92  463 22659.3200 15057.7012  33.5%   393  135s
  1174   916 16038.5823  103  455 22659.3200 15057.7012  33.5%   401  142s
  1198   914 16277.1411  109  435 22659.3200 15057.7012  33.5%   405  147s
  1204   923 16347.7764  110  447 22659.3200 15057.7012  33.5%   407  150s
  1242   957 16842.9965  120  362 22659.3200 15057.7012  33.5%   412  155s
  1314  1039 17092.9809  134  341 22659.3200 15057.7012  33.5%   405  161s
  1408  1052 17736.1375  148  282 22659.3200 15057.7012  33.5%   395  171s
  1479  1187 17820.4551  158  301 22659.3200 15057.7012  33.5%   391  176s
  1578  1239 18261.3141  179  230 22659.3200 15057.7012  33.5%   379  180s
  1663  1245 18616.9659  194  282 22659.3200 15057.7012  33.5%   372  186s
  1803  1330 20967.0916  296  149 22659.3200 15057.7012  33.5%   357  190s
  1979  1471 19732.3514  259  165 22659.3200 15057.7012  33.5%   338  197s
  2062  1571 20378.1056  298  124 22659.3200 15057.7012  33.5%   332  200s
  2266  1531 15220.8287   27  609 22659.3200 15064.8193  33.5%   316  207s
  2276  1545 15237.5137   28  577 22659.3200 15064.8193  33.5%   319  210s
  2302  1555 15369.6277   36  586 22659.3200 15064.8193  33.5%   324  216s
  2312  1567 15446.7013   37  559 22659.3200 15064.8193  33.5%   329  220s
  2348  1578 15564.7518   41  534 22659.3200 15064.8193  33.5%   334  233s
  2350  1599 15626.2660   42  534 22659.3200 15064.8193  33.5%   335  236s
  2397  1641 15812.8980   53  375 22659.3200 15064.8193  33.5%   339  242s
  2429  1661 16014.0050   58  379 22659.3200 15064.8193  33.5%   340  246s
  2460  1694 16132.0242   64  362 22659.3200 15064.8193  33.5%   341  250s
  2503  1727 16229.9410   75  358 22659.3200 15064.8193  33.5%   340  256s
  2551  1757 16463.2322   87  346 22659.3200 15064.8193  33.5%   339  260s
  2597  1797 16539.3075   96  354 22659.3200 15064.8193  33.5%   338  265s
  2716  1897 17181.2543  122  313 22659.3200 15064.8193  33.5%   335  274s
  2792  1971 17555.0976  134  281 22659.3200 15064.8193  33.5%   333  279s
