




arguments: ./build/bc_mirp -f ./input/orig_exec_43.cfg
Current dir: /scratch/gui/bc_mirp
File verbosity level: 9
date       time         ( uptime  ) [ thread name/id ]                   file:line     v| 
2021-02-06 18:51:57.578 (   0.207s) [main thread     ]             loguru.cpp:789   INFO| Logging to './output/vi_vc+cos/OU/V5/Original/execution_06_02_2021_18_51_57.log', mode: 'a', verbosity: 9
--------------------------------------------------------------------------------
Parameters
                           instance_path           ./input/Instances/Original/1/
                            model_policy                                       1
                             nb_vehicles                                       5
                              output_dir      ./output/vi_vc+cos/OU/V5/Original/
                            sec_strategy                                       1
                       solver_nb_threads                                       2
                         solver_show_log                                    true
                       solver_time_limit                                    3600
                              use_vi_cos                                    true
                              use_vi_cus                                   false
                         use_vi_hc1_full                                   false
                         use_vi_hc1_half                                   false
                      use_vi_hc1_quarter                                   false
                              use_vi_hc2                                   false
                              use_vi_hc3                                   false
                         use_vi_lex_full                                   false
                         use_vi_lex_half                                   false
                      use_vi_lex_quarter                                   false
                              use_vi_qua                                   false
                               use_vi_vc                                    true
                               use_vi_vr                                   false
--------------------------------------------------------------------------------
executing instance: ./input/Instances/Original/1/absH3high_1n5.dat
--------------------------------------------------------------------------------
Instance details
n	6
H	3
C	289
Li:
[0, 0, 0, 0, 0, 0, ]
Ui:
[0, 195, 105, 116, 72, 22, ]
Distance matrix:
|0	85	349	17	203	289	|
|85	0	265	102	214	226	|
|349	265	0	366	368	238	|
|17	102	366	0	207	302	|
|203	214	368	207	0	431	|
|289	226	238	302	431	0	|

--------------------------------------------------------------------------------
Building model...
	using lazy and cut (CVRPSEP package)
Solving IRP LP...
--------------------------------------------------------------------------------

Gurobi 9.1.0 (linux64) logging started Sat Feb  6 18:51:57 2021

Gurobi Optimizer version 9.1.0 build v9.1.0rc0 (linux64)
Thread count: 32 physical cores, 32 logical processors, using up to 2 threads
Optimize a model with 276 rows, 414 columns and 1764 nonzeros
Model fingerprint: 0xde04a2d5
Variable types: 99 continuous, 315 integer (90 binary)
Coefficient statistics:
  Matrix range     [1e+00, 4e+02]
  Objective range  [2e-01, 4e+02]
  Bounds range     [1e+00, 2e+02]
  RHS range        [1e+00, 5e+02]
Presolve removed 24 rows and 38 columns
Presolve time: 0.01s

Explored 0 nodes (0 simplex iterations) in 0.01 seconds
Thread count was 1 (of 32 available processors)

Solution count 0

Model is infeasible
Best objective -, best bound -, gap -

User-callback calls 34, time in user-callback 0.00 sec

Computing Irreducible Inconsistent Subsystem (IIS)...

           Constraints          |            Bounds           |  Runtime
      Min       Max     Guess   |   Min       Max     Guess   |
--------------------------------------------------------------------------
        0       276         -         0       569         -           0s
        2       244         -         0       566         -           5s
        5       240         -         0       563         -          12s
        9       238         -         0       560         -          15s
       11       235         -         0       558         -          21s
       19       234         -         0       558         -          25s
       21       230         -         0       555         -          30s
       25       228         -         0       555         -          35s
       31       218        50         0       550         -          40s
       33       211        50         0       546         -          46s
       38       196        50         0       535         -          51s
       42       190        42         0       535         -          55s
       45       184        45         0       531         -          60s
       49       178        49         0       527         -          65s
       54       173        54         0       526         -          71s
       56       157        56         0       507         -          75s
       59       137        59         0       425         -          81s
       63       121        63         0       374         -          86s
       63       107        63         0       361         -          91s
       63       102        63         0       358         -          95s
       63       101        63         0       358         -         100s
       68        99        70         0       342         -         106s
       68        93        70         0       316         -         110s
       68        89        70         0       295         -         116s
       68        84        70         0       285         -         121s
       68        80        70         0       265         -         125s
       68        74        70         0       245         -         131s
       68        68         -         0       232         -         135s
       68        68         -         0       227       227         140s
       68        68         -         5       226       226         145s
       68        68         -        47       218       218         150s
       68        68         -       108       207       207         157s
       68        68         -       109       203       203         160s
       68        68         -       110       196       196         165s
       68        68         -       112       191       140         170s
       68        68         -       112       184       130         175s
       68        68         -       112       176       120         180s
       68        68         -       112       168       120         186s
       68        68         -       112       162       120         190s
       68        68         -       112       155       120         196s
       68        68         -       112       150       120         200s
       68        68         -       112       143       120         206s
       68        68         -       112       137       120         210s
       68        68         -       114       131       120         216s
       68        68         -       114       124       120         221s
       68        68         -       114       118       118         225s
       68        68         -       114       115       115         231s
       68        68         -       114       114         -         231s

IIS computed: 68 constraints, 114 bounds
IIS runtime: 231.49 seconds
================================================================================
executing instance: ./input/Instances/Original/1/absH3high_1n45.dat
--------------------------------------------------------------------------------
Instance details
n	46
H	3
C	3462
Li:
[0, 0, 0, 0, 0, 0, 0, 0, 0, 0, 0, 0, 0, 0, 0, 0, 0, 0, 0, 0, 0, 0, 0, 0, 0, 0, 0, 0, 0, 0, 0, 0, 0, 0, 0, 0, 0, 0, 0, 0, 0, 0, 0, 0, 0, 0, ]
Ui:
[0, 273, 270, 36, 165, 192, 148, 45, 30, 75, 180, 198, 112, 117, 90, 64, 180, 22, 264, 174, 168, 270, 86, 66, 26, 66, 237, 156, 92, 108, 144, 72, 30, 45, 94, 54, 174, 96, 198, 136, 44, 180, 210, 249, 198, 48, ]
Distance matrix:
|0	281	201	160	249	201	93	431	236	139	252	136	116	166	390	110	349	374	303	180	327	464	236	70	44	461	346	439	363	254	312	426	305	206	71	137	169	200	247	260	20	219	256	253	460	278	|
|281	0	448	170	53	142	338	184	121	290	371	390	222	302	111	289	169	434	230	177	238	441	59	212	319	211	86	235	399	306	53	176	99	202	263	157	361	101	370	201	264	344	364	374	469	184	|
|201	448	0	285	430	325	114	556	361	171	191	64	228	174	546	294	453	306	364	289	388	435	393	254	157	585	491	536	318	254	490	554	436	407	266	292	108	388	186	337	207	181	205	190	408	364	|
|160	170	285	0	169	43	182	280	80	120	208	231	58	132	262	230	190	294	151	24	174	345	112	107	183	309	207	280	268	158	219	276	155	235	187	45	192	150	205	107	140	177	202	210	356	119	|
|249	53	430	169	0	152	317	238	145	282	377	369	212	299	157	242	215	452	261	183	273	474	76	181	290	264	140	287	421	320	63	229	145	148	221	142	352	53	374	226	234	346	370	378	498	215	|
|201	142	325	43	152	0	224	237	37	156	230	273	101	164	224	261	148	300	127	38	147	333	83	142	225	266	167	238	270	168	193	233	112	246	221	70	228	148	228	84	180	202	222	232	351	87	|
|93	338	114	182	317	224	0	460	262	92	180	52	124	112	440	199	364	307	292	191	317	415	284	140	57	490	387	452	304	208	377	457	336	297	163	181	84	274	175	256	95	152	188	180	402	280	|
|431	184	556	280	238	237	460	0	199	385	420	508	337	385	108	464	110	429	219	269	206	378	202	365	460	30	98	84	388	340	204	9	126	386	432	294	453	283	421	226	411	404	408	423	422	198	|
|236	121	361	80	145	37	262	199	0	191	255	310	138	197	191	290	114	312	118	72	133	330	69	175	262	229	132	204	279	186	174	195	75	258	251	102	262	153	254	81	216	230	246	257	353	72	|
|139	290	171	120	282	156	92	385	191	0	116	129	71	27	380	246	283	235	201	119	226	329	231	141	129	414	323	367	224	119	336	383	266	308	202	141	72	252	112	169	127	82	118	117	322	195	|
|252	371	191	208	377	230	180	420	255	116	0	187	178	90	443	361	311	127	204	195	224	246	313	257	232	446	382	380	129	81	423	421	320	422	318	242	100	355	5	195	241	34	15	2	225	224	|
|136	390	64	231	369	273	52	508	310	129	187	0	173	141	491	233	409	313	330	239	355	431	335	191	93	538	438	495	316	233	429	505	385	342	203	233	88	325	182	297	143	167	199	187	412	323	|
|116	222	228	58	212	101	124	337	138	71	178	173	0	91	319	206	244	284	187	69	212	357	165	85	130	367	265	333	264	151	267	333	213	244	161	70	140	181	175	145	97	145	177	180	359	165	|
|166	302	174	132	299	164	112	385	197	27	90	141	91	0	388	273	280	208	191	127	215	305	243	167	153	413	329	361	198	96	351	383	270	333	229	159	68	272	86	163	153	56	92	91	296	190	|
|390	111	546	262	157	224	440	108	191	380	443	491	319	388	0	399	164	480	264	261	261	456	156	320	426	125	62	186	442	369	107	99	125	300	374	260	452	210	443	252	372	420	433	446	494	227	|
|110	289	294	230	242	261	199	464	290	246	361	233	206	273	399	0	402	480	382	254	404	562	262	124	143	493	369	490	466	355	302	457	344	135	45	191	279	189	356	337	120	328	364	362	563	348	|
|349	169	453	190	215	148	364	110	114	283	311	409	244	280	164	402	0	324	110	174	101	292	151	289	372	135	109	90	284	230	212	111	70	354	364	216	348	245	312	118	329	295	298	313	330	90	|
|374	434	306	294	452	300	307	429	312	235	127	313	284	208	480	480	324	0	216	274	223	137	380	368	357	448	419	367	40	136	487	432	358	525	436	336	227	443	132	234	361	156	119	127	102	255	|
|303	230	364	151	261	127	292	219	118	201	204	330	187	191	264	382	110	216	0	128	25	213	185	258	314	243	203	176	178	123	282	221	144	372	338	193	256	270	206	45	283	193	191	206	239	46	|
|180	177	289	24	183	38	191	269	72	119	195	239	69	127	261	254	174	274	128	0	151	321	118	130	198	299	204	263	246	139	228	266	147	258	211	68	191	169	193	83	159	166	188	197	333	98	|
|327	238	388	174	273	147	317	206	133	226	224	355	212	215	261	404	101	223	25	151	0	203	198	281	339	228	202	156	184	143	288	209	146	390	362	215	280	286	226	68	308	215	210	226	235	61	|
|464	441	435	345	474	333	415	378	330	329	246	431	357	305	456	562	292	137	213	321	203	0	398	440	458	390	400	301	117	211	492	384	348	578	517	389	344	480	251	251	448	265	233	246	54	259	|
|236	59	393	112	76	83	284	202	69	231	313	335	165	243	156	262	151	380	185	118	198	398	0	167	270	231	110	233	347	250	110	195	85	203	230	103	303	95	311	150	217	284	305	315	422	139	|
|70	212	254	107	181	142	140	365	175	141	257	191	85	167	320	124	289	368	258	130	281	440	167	0	109	394	277	378	349	236	244	359	239	167	81	73	196	135	253	213	53	223	257	258	444	226	|
|44	319	157	183	290	225	57	460	262	129	232	93	130	153	426	143	372	357	314	198	339	458	270	109	0	490	379	462	351	247	353	456	334	250	110	168	140	243	226	274	56	201	238	232	449	294	|
|461	211	585	309	264	266	490	30	229	414	446	538	367	413	125	493	135	448	243	299	228	390	231	394	490	0	125	89	408	365	226	36	156	412	462	324	481	311	447	253	441	430	433	448	436	225	|
|346	86	491	207	140	167	387	98	132	323	382	438	265	329	62	369	109	419	203	204	202	400	110	277	379	125	0	155	381	307	113	90	63	288	339	211	394	186	382	190	327	359	371	384	436	165	|
|439	235	536	280	287	238	452	84	204	367	380	495	333	361	186	490	90	367	176	263	156	301	233	378	462	89	155	0	326	299	267	92	148	432	454	306	429	325	382	199	419	369	366	382	348	172	|
|363	399	318	268	421	270	304	388	279	224	129	316	264	198	442	466	284	40	178	246	184	117	347	349	351	408	381	326	0	113	452	391	321	502	422	311	229	415	134	199	348	152	118	130	98	219	|
|254	306	254	158	320	168	208	340	186	119	81	233	151	96	369	355	230	136	123	139	143	211	250	236	247	365	307	299	113	0	359	340	244	390	310	200	148	308	83	117	238	74	68	83	208	145	|
|312	53	490	219	63	193	377	204	174	336	423	429	267	351	107	302	212	487	282	228	288	492	110	244	353	226	113	267	452	359	0	195	145	194	283	199	407	115	421	254	296	394	415	425	521	237	|
|426	176	554	276	229	233	457	9	195	383	421	505	333	383	99	457	111	432	221	266	209	384	195	359	456	36	90	92	391	340	195	0	122	378	426	289	451	275	421	226	406	404	408	423	427	197	|
|305	99	436	155	145	112	336	126	75	266	320	385	213	270	125	344	70	358	144	147	146	348	85	239	334	156	63	148	321	244	145	122	0	286	310	168	336	177	320	128	285	298	309	322	381	103	|
|206	202	407	235	148	246	297	386	258	308	422	342	244	333	300	135	354	525	372	258	390	578	203	167	250	412	288	432	502	390	194	378	286	0	144	191	362	109	418	329	202	388	421	423	591	329	|
|71	263	266	187	221	221	163	432	251	202	318	203	161	229	374	45	364	436	338	211	362	517	230	81	110	462	339	454	422	310	283	426	310	144	0	150	239	168	313	294	77	285	321	319	518	306	|
|137	157	292	45	142	70	181	294	102	141	242	233	70	159	260	191	216	336	193	68	215	389	103	73	168	324	211	306	311	200	199	289	168	191	150	0	210	113	239	148	117	210	238	244	400	157	|
|169	361	108	192	352	228	84	453	262	72	100	88	140	68	452	279	348	227	256	191	280	344	303	196	140	481	394	429	229	148	407	451	336	362	239	210	0	318	95	231	164	79	111	100	325	258	|
|200	101	388	150	53	148	274	283	153	252	355	325	181	272	210	189	245	443	270	169	286	480	95	135	243	311	186	325	415	308	115	275	177	109	168	113	318	0	352	230	187	323	351	357	498	225	|
|247	370	186	205	374	228	175	421	254	112	5	182	175	86	443	356	312	132	206	193	226	251	311	253	226	447	382	382	134	83	421	421	320	418	313	239	95	352	0	196	237	30	19	6	230	224	|
|260	201	337	107	226	84	256	226	81	169	195	297	145	163	252	337	118	234	45	83	68	251	150	213	274	253	190	199	199	117	254	226	128	329	294	148	231	230	196	0	240	178	184	198	272	29	|
|20	264	207	140	234	180	95	411	216	127	241	143	97	153	372	120	329	361	283	159	308	448	217	53	56	441	327	419	348	238	296	406	285	202	77	117	164	187	237	240	0	208	245	242	446	257	|
|219	344	181	177	346	202	152	404	230	82	34	167	145	56	420	328	295	156	193	166	215	265	284	223	201	430	359	369	152	74	394	404	298	388	285	210	79	323	30	178	208	0	37	35	250	206	|
|256	364	205	202	370	222	188	408	246	118	15	199	177	92	433	364	298	119	191	188	210	233	305	257	238	433	371	366	118	68	415	408	309	421	321	238	111	351	19	184	245	37	0	17	214	212	|
|253	374	190	210	378	232	180	423	257	117	2	187	180	91	446	362	313	127	206	197	226	246	315	258	232	448	384	382	130	83	425	423	322	423	319	244	100	357	6	198	242	35	17	0	225	226	|
|460	469	408	356	498	351	402	422	353	322	225	412	359	296	494	563	330	102	239	333	235	54	422	444	449	436	436	348	98	208	521	427	381	591	518	400	325	498	230	272	446	250	214	225	0	285	|
|278	184	364	119	215	87	280	198	72	195	224	323	165	190	227	348	90	255	46	98	61	259	139	226	294	225	165	172	219	145	237	197	103	329	306	157	258	225	224	29	257	206	212	226	285	0	|

--------------------------------------------------------------------------------
Building model...
	using lazy and cut (CVRPSEP package)
Solving IRP LP...
--------------------------------------------------------------------------------

Gurobi 9.1.0 (linux64) logging started Sat Feb  6 18:55:49 2021

Gurobi Optimizer version 9.1.0 build v9.1.0rc0 (linux64)
Thread count: 32 physical cores, 32 logical processors, using up to 2 threads
Optimize a model with 1996 rows, 17074 columns and 63964 nonzeros
Model fingerprint: 0x62bfa410
Variable types: 859 continuous, 16215 integer (690 binary)
Coefficient statistics:
  Matrix range     [1e+00, 7e+02]
  Objective range  [1e-01, 6e+02]
  Bounds range     [1e+00, 3e+02]
  RHS range        [1e+00, 6e+03]
Presolve removed 499 rows and 271 columns
Presolve time: 0.27s
Presolved: 1497 rows, 16803 columns, 61214 nonzeros
Variable types: 542 continuous, 16261 integer (15560 binary)

Root relaxation: objective 1.324580e+04, 1640 iterations, 0.08 seconds

    Nodes    |    Current Node    |     Objective Bounds      |     Work
 Expl Unexpl |  Obj  Depth IntInf | Incumbent    BestBd   Gap | It/Node Time

     0     0 13245.7990    0  159          - 13245.7990      -     -    0s
     0     0 13579.9000    0  153          - 13579.9000      -     -    1s
     0     0 13579.9000    0  166          - 13579.9000      -     -    1s
     0     0 13971.1381    0  236          - 13971.1381      -     -    1s
     0     0 13990.1548    0  276          - 13990.1548      -     -    2s
     0     0 13991.5069    0  261          - 13991.5069      -     -    2s
     0     0 13991.5225    0  249          - 13991.5225      -     -    2s
     0     0 14182.5456    0  300          - 14182.5456      -     -    2s
     0     0 14227.7887    0  317          - 14227.7887      -     -    3s
     0     0 14248.7026    0  353          - 14248.7026      -     -    3s
     0     0 14251.3235    0  372          - 14251.3235      -     -    3s
     0     0 14253.5525    0  374          - 14253.5525      -     -    3s
     0     0 14253.6412    0  370          - 14253.6412      -     -    3s
     0     0 14338.0649    0  370          - 14338.0649      -     -    4s
     0     0 14343.3829    0  385          - 14343.3829      -     -    4s
     0     0 14344.6501    0  372          - 14344.6501      -     -    5s
     0     0 14344.7742    0  387          - 14344.7742      -     -    5s
     0     0 14399.0799    0  411          - 14399.0799      -     -    6s
     0     0 14403.5180    0  403          - 14403.5180      -     -    6s
     0     0 14406.9483    0  457          - 14406.9483      -     -    7s
     0     0 14407.1903    0  447          - 14407.1903      -     -    7s
     0     0 14448.0907    0  366          - 14448.0907      -     -    8s
     0     0 14456.4249    0  342          - 14456.4249      -     -    9s
     0     0 14486.1845    0  470          - 14486.1845      -     -   10s
     0     0 14536.6388    0  419          - 14536.6388      -     -   10s
     0     0 14546.6231    0  427          - 14546.6231      -     -   10s
     0     0 14548.9927    0  489          - 14548.9927      -     -   11s
     0     0 14549.0173    0  487          - 14549.0173      -     -   11s
     0     0 14567.0616    0  488          - 14567.0616      -     -   11s
     0     0 14571.1629    0  443          - 14571.1629      -     -   12s
     0     0 14573.1998    0  475          - 14573.1998      -     -   12s
     0     0 14573.9375    0  450          - 14573.9375      -     -   12s
     0     0 14589.7832    0  387          - 14589.7832      -     -   13s
     0     0 14592.2653    0  420          - 14592.2653      -     -   13s
     0     0 14593.9139    0  478          - 14593.9139      -     -   14s
     0     0 14596.1971    0  302          - 14596.1971      -     -   14s
     0     0 14596.1971    0  298          - 14596.1971      -     -   15s
     0     0 14598.2186    0  412          - 14598.2186      -     -   15s
     0     0 14598.2186    0  394          - 14598.2186      -     -   16s
     0     2 14598.2186    0  371          - 14598.2186      -     -   20s
    17    20 14662.3288    6  505          - 14598.2712      -   742   25s
    48    53 14712.3107   14  448          - 14598.2712      -   546   30s
    75    80 14794.4904   22  369          - 14598.2712      -   514   36s
   105   113 15008.7208   27  337          - 14598.2712      -   501   40s
   126   135 15130.1851   33  262          - 14598.2712      -   480   45s
   180   201 15543.1557   50  231          - 14598.2712      -   441   50s
   225   240 16094.3598   71  142          - 14598.2712      -   428   55s
   313   333 15965.8138  119  157          - 14598.2712      -   359   61s
   372   400 15965.8138  148  171          - 14598.2712      -   344   66s
   424   445 15966.2622  171  180          - 14598.2712      -   326   70s
   510   541 15974.3945  222  169          - 14598.2712      -   301   75s
   612   651 15984.5662  267  142          - 14598.2712      -   285   81s
   683   764 15991.6647  291  175          - 14598.2712      -   280   86s
   863   966 15992.0228  317  180          - 14598.2712      -   243   92s
   967   995 15992.9911  331  178          - 14598.2712      -   223   96s
  1105  1244 15992.9911  344  175          - 14598.2712      -   205  101s
  1379  1419 16206.6373  376  168          - 14598.2712      -   176  107s
  1428  1439 16642.5434  386  162          - 14598.2712      -   175  110s
  1499  1525 17421.7454  434  195          - 14598.2712      -   179  116s
  1573  1618 18632.5795  476  197          - 14598.2712      -   180  122s
  1637  1642 18902.2248  523  245          - 14598.2712      -   179  125s
  1676  1712 19326.6794  548  133          - 14603.4326      -   180  130s
  1753  1724 17525.9566  219  394          - 14603.4326      -   180  137s
  1755  1725 18464.2684  532  169          - 14603.4326      -   180  140s
  1758  1727 14984.8998   23  441          - 14603.4326      -   180  145s
  1763  1731 18464.2461  493  650          - 14658.3746      -   179  150s
  1769  1735 14695.0839   16  393          - 14680.0582      -   179  156s
  1777  1740 18246.4603  375  557          - 14696.7728      -   178  161s
  1784  1745 18848.5756  523  684          - 14702.5181      -   177  165s
  1785  1745 16957.4729  403  651          - 14704.3577      -   177  178s
  1788  1747 16954.5189  405  557          - 14704.7235      -   177  180s
  1789  1748 16410.8959  232  590          - 14704.8934      -   177  186s
  1793  1751 15992.9911  326  555          - 14705.9797      -   176  190s
  1798  1754 16184.2009  213  614          - 14706.1276      -   176  196s
  1801  1756 15984.5662  265  610          - 14706.1276      -   175  200s
  1804  1758 17366.6081  421  562          - 14706.1463      -   175  205s
  1810  1763 15965.8138  130  293          - 14706.1463      -   199  210s
  1817  1768 17385.0945  206  527          - 14706.1463      -   198  215s
  1827  1774 18464.2684  532  544          - 14706.2817      -   197  223s
  1829  1776 17391.6351  221  652          - 14706.3948      -   197  228s
  1831  1777 18894.7884  622  666          - 14706.4091      -   196  243s
  1833  1778 18172.7673  298  693          - 14706.5761      -   196  248s
  1834  1779 16520.2554  156  732          - 14706.5768      -   196  250s
  1837  1781 18295.6875  409  668          - 14706.5779      -   196  255s
  1840  1783 15967.7166   92  701          - 14706.5942      -   195  262s
  1842  1784 14756.1707   23  708          - 14706.5994      -   195  265s
  1845  1786 15991.8949  300  632          - 14706.5994      -   195  274s
  1846  1790 14711.1819   21  595          - 14707.2114      -   212  275s
  1854  1795 14750.6938   23  617          - 14740.2047      -   219  281s
  1860  1799 14743.6167   25  741          - 14741.7240      -   224  285s
  1866  1803 14771.0116   26  522          - 14747.6995      -   229  290s
  1874  1809 14829.6474   28  478          - 14750.7988      -   235  295s
  1885  1818 14810.1052   31  521          - 14750.7988      -   240  302s
  1892  1822 14806.3460   33  608          - 14750.7988      -   245  305s
  1902  1829 14821.3320   35  572          - 14750.7988      -   253  310s
  1912  1836 14826.2256   37  513          - 14750.7988      -   259  315s
  1925  1847 14852.2341   40  531          - 14750.7988      -   266  321s
  1938  1854 14858.4133   43  566          - 14750.7988      -   273  326s
  1948  1862 15226.8560   45  444          - 14750.7988      -   279  332s
  1962  1872 14873.9717   49  562          - 14750.7988      -   286  337s
  1969  1877 14902.2383   50  534          - 14750.7988      -   290  340s
  1984  1889 14891.4787   54  600          - 14750.7988      -   296  345s
  2002  1900 14900.4449   58  651          - 14750.7988      -   303  351s
  2016  1910 14948.5014   61  472          - 14750.7988      -   313  357s
  2025  1916 14928.2915   63  526          - 14750.7988      -   317  361s
  2034  1925 14939.5286   65  523          - 14750.7988      -   322  365s
  2063  1948 14968.6849   73  416          - 14750.7988      -   331  373s
  2078  1968 15073.0035   77  319          - 14750.7988      -   336  376s
  2103  1984 15114.8426   86  331          - 14750.7988      -   338  380s
  2156  2038 15144.3456  103  210          - 14750.7988      -   342  388s
  2199  2068 15283.9152  119  218          - 14750.7988      -   342  392s
  2244  2110 15372.1837  137  208          - 14750.7988      -   340  396s
  2301  2146 15406.0384  157  197          - 14750.7988      -   337  400s
  2377  2169 15658.7398  188  143          - 14750.7988      -   332  405s
  2453  2224 15963.8304  211  188          - 14750.7988      -   329  414s
  2490  2249 16181.1340  221  183          - 14750.7988      -   327  418s
  2528  2282 16564.7162  235  157          - 14750.7988      -   327  423s
  2573  2316 17322.0285  249  105          - 14750.7988      -   326  427s
  2622  2350 17475.0843  266  113          - 14750.7988      -   326  432s
  2673  2412 17847.2502  284  105          - 14750.7988      -   325  438s
  2752  2492 19116.9077  311   62          - 14750.7988      -   322  444s
  2797  2477 19974.9905  333   75          - 14750.7988      -   319  445s
  2868  2504 21049.0667  356   17          - 14755.0983      -   314  451s
  2944  2500 infeasible  372               - 14765.6276      -   309  475s
  2970  2543 15061.3291   29  516          - 14765.6276      -   309  481s
  3021  2603 15041.3788   27  589          - 14765.6276      -   309  487s
  3098  2646 15078.0013   30  355          - 14765.6276      -   305  494s
  3166  2716 15063.6417   33  521          - 14765.6276      -   302  502s
  3259  2775 15054.4025   37  464          - 14765.6276      -   297  510s
  3349  2838 15143.9254   39  477          - 14765.6276      -   293  518s
  3442  2928 15180.0801   39  375          - 14765.6276      -   289  526s
  3563  3048 15301.5616   41  527          - 14765.6276      -   284  534s
  3740  3056 15291.4094   41  314          - 14765.6276      -   274  544s
  3794  3042 26131.6000  605    9          - 14765.6276      -   271  545s
  3847  3051 15335.8343   42  518          - 14765.6276      -   269  552s
  3863  3063 15376.7338   44  312          - 14765.6276      -   271  558s
  3880  3074 15394.0900   50  342          - 14765.6276      -   272  565s
  3897  3087 15429.4992   51  329          - 14765.6276      -   274  572s
  3916  3116 15427.9358   54  519          - 14765.6276      -   275  578s
  3951  3151 15522.7767   62  345          - 14765.6276      -   276  586s
  3998  3225 15651.3578   72  323          - 14765.6276      -   277  593s
  4087  3292 15784.6324   88  266          - 14765.6276      -   275  603s
  4184  3417 15978.7823  100  232          - 14765.6276      -   273  613s
  4343  3606 16061.5867  109  237          - 14765.6276      -   269  626s
  4585  3819 16298.1813  127  211          - 14765.6276      -   260  637s
  4923  3811 16477.0179  147  226          - 14765.6276      -   248  650s
  4945  3804 16554.1107  153  176          - 14765.6276      -   248  655s
  5060  3869 16772.6256  167  189          - 14765.6276      -   245  666s
  5157  4078 17354.7737  199  153          - 14765.6276      -   243  678s
  5273  4040 17658.1196  241   61          - 14765.6276      -   240  680s
  5408  3997 infeasible  290               - 14768.4463      -   237  689s
  5426  4009 14930.5878   27  705          - 14768.4463      -   238  697s
  5444  4025 14952.6307   33  614          - 14768.4463      -   239  706s
  5466  4037 15025.8723   38  539          - 14768.4463      -   241  726s
  5486  4051 14999.2980   38  534          - 14768.4463      -   242  735s
  5506  4063 15048.4771   43  496          - 14768.4463      -   244  744s
  5525  4082 15062.9063   43  510          - 14768.4463      -   246  752s
  5550  4098 15074.0098   42  411          - 14768.4463      -   247  761s
  5575  4129 15122.0257   47  428          - 14768.4463      -   249  774s
  5614  4149 15290.5356   53  345          - 14768.4463      -   250  784s
  5647  4185 15250.1043   52  438          - 14768.4463      -   251  794s
  5694  4222 15339.1591   54  357          - 14768.4463      -   252  805s
  5747  4264 15349.8049   54  309          - 14768.4463      -   253  822s
  5806  4317 15366.9632   61  372          - 14768.4463      -   254  833s
  5879  4408 15576.9159   65  355          - 14768.4463      -   255  846s
  5994  4489 16000.4718   67  392          - 14768.4463      -   253  860s
  6114  4653 15704.3955   70  336          - 14768.4463      -   252  884s
  6252  4607 18581.5793  222   59          - 14768.4463      -   251  886s
  6318  4725 15711.4473   72  376          - 14768.4463      -   249  905s
  6479  4710 15728.9311   75  328          - 14768.4463      -   246  918s
  6508  4734 15951.2437   84  320          - 14768.4463      -   247  929s
  6542  4776 16227.8349   86  291          - 14768.4463      -   248  941s
  6595  4834 16135.6606  101  272          - 14768.4463      -   249  954s
  6640  4819 16261.3786  116  197          - 14768.4463      -   249  955s
  6671  4880 16381.7703  119  251          - 14768.4463      -   249  969s
  6742  4981 16531.6308  134  248          - 14768.4463      -   249  982s
  6867  5047 16921.4686  149  198          - 14768.4463      -   248  999s
  6939  5023 15955.3940   64  225          - 14768.4463      -   247 1000s
  6975  5139 17254.5979  165  215          - 14768.4463      -   247 1019s
  7015  5126 17714.2355  169  178          - 14768.4463      -   247 1020s
  7103  5377 17566.9160  173  206          - 14768.4463      -   246 1036s
  7376  5343 17465.9666  164   88          - 14768.4463      -   242 1040s
  7383  5681 18226.9040  191  142          - 14768.4463      -   242 1060s
  7718  5681 19454.2343  202   81          - 14768.4463      -   238 1065s
  7721  5959 18710.9903  216  152          - 14768.4463      -   238 1087s
  7924  5959 20357.6310  214   86          - 14768.4463      -   237 1090s
  8005  6425 19345.5475  247  103          - 14771.0757      -   236 1126s
  8555  6448 15025.1118   24  638          - 14772.6088      -   228 1148s
  8565  6476 15291.2700   28  579          - 14772.6088      -   230 1162s
  8593  6525 15481.3222   37  349          - 14772.6088      -   231 1180s
  8642  6591 15475.2747   41  470          - 14772.6088      -   232 1200s
  8708  6912 15511.0877   45  472          - 14772.6088      -   233 1230s
  9069  7067 15583.2631   51  411          - 14772.6088      -   227 1252s
  9264  7125 15687.1374   57  410          - 14772.6088      -   225 1272s
  9309  7229 16056.3458   70  228          - 14772.6088      -   227 1291s
  9413  7436 16553.2073  107  113          - 14772.6088      -   227 1330s
  9636  7523 infeasible  177               - 14796.8018      -   226 1354s
  9749  7621 15074.0070   31  534          - 14796.8018      -   227 1445s
  9849  7904 15233.3798   39  471          - 14796.8018      -   227 1472s
 10027  7904 18663.1600  201    8          - 14796.8018      -   225 1475s
 10201  7977 15586.0694   49  461          - 14796.8018      -   222 1495s
 10247  8074 15852.5218   65   98          - 14796.8018      -   223 1517s
 10344  8283 16470.0804   96   70          - 14799.9616      -   224 1550s
 10579  8351 14894.1616   29  828          - 14799.9616      -   223 1573s
 10635  8454 15052.2806   36  747          - 14799.9616      -   224 1597s
 10740  8601 15551.4662   46  470          - 14799.9616      -   225 1619s
 10755  8601 15504.4193   51  404          - 14799.9616      -   226 1620s
 10937  8659 15601.2327   56  286          - 14799.9616      -   224 1640s
 10980  8731 15761.1052   71  260          - 14799.9616      -   225 1660s
 11052  9007 16060.7185   99  199          - 14801.1780      -   226 1690s
 11385  9090 14971.2666   27  303          - 14801.1780      -   223 1713s
 11441  9232 15611.4166   37  392          - 14801.1780      -   224 1736s
 11583  9574 15739.6320   52  378          - 14801.1780      -   224 1763s
 11685  9574 17050.4495  160   22          - 14801.1780      -   224 1765s
 11973  9656 15919.4074   73  105          - 14801.1780      -   220 1789s
 12038  9760 16395.2810   93  135          - 14801.1780      -   222 1813s
 12131  9760 15283.9126   41  570          - 14801.1780      -   222 1815s
 12148  9857 17114.4643  127   74          - 14810.9229      -   222 1837s
 12287  9923 15038.7547   34  698          - 14810.9229      -   222 1861s
 12336 10181 15435.5052   45  506          - 14810.9229      -   223 1892s
 12521 10188 16930.7900  164    -          - 14810.9229      -   222 1895s
 12707 10272 15724.0188   56  383          - 14810.9229      -   220 1917s
 12743 10329 15815.8826   70  396          - 14810.9229      -   221 1938s
 12800 10428 16104.7631   85  326          - 14810.9229      -   222 1963s
 12899 10923 16276.8526  123  100          - 14816.9744      -   223 2006s
 13186 10927 18002.4307  250   40          - 14816.9744      -   220 2010s
 13497 10993 15025.2653   33  666          - 14816.9744      -   217 2033s
 13545 11107 15455.4455   44  525          - 14816.9744      -   218 2056s
 13659 11390 15904.8841   56  288          - 14816.9744      -   219 2082s
 13888 11394 17844.4513  201   47          - 14816.9744      -   218 2085s
 14011 11561 16202.1641   80  164          - 14816.9744      -   216 2111s
 14156 11772 16858.0285  122   84          - 14829.5092      -   217 2137s
 14439 11837 15355.1024   36  612          - 14829.5092      -   215 2163s
 14487 11933 15765.9769   47  359          - 14829.5092      -   216 2279s
 14523 11933 16624.8978   73  149          - 14829.5092      -   216 2280s
 14583 12392 16143.4353   68  266          - 14829.5092      -   217 2314s
 14613 12392 16308.0035   80  121          - 14829.5092      -   217 2315s
 15111 12601 17283.5164  118   86          - 14830.9663      -   213 2347s
 15358 12629 18439.8300  272    -          - 14830.9663      -   210 2350s
 15437 12708 15017.0463   35  576          - 14830.9663      -   210 2372s
 15499 12882 16035.3604   52  305          - 14830.9663      -   211 2395s
 15679 12986 16826.7888   84  125          - 14830.9663      -   212 2537s
 15797 13218 17341.2093  110   81          - 14835.8665      -   211 2568s
 15948 13218 18193.6609  169   36          - 14835.8665      -   210 2570s
 16078 13292 15012.7846   35  631          - 14836.8646      -   210 2594s
 16149 13469 16161.8317   51  333          - 14836.8646      -   211 2620s
 16330 13848 17309.3851   93  224          - 14836.8646      -   211 2655s
 16736 13863 20339.5800  262    6          - 14836.8646      -   208 2660s
 16821 14184 17769.1517  140  122          - 14836.9454      -   208 2687s
 17008 14184 20280.7800  193   21          - 14836.9454      -   207 2690s
 17163 14238 14915.6789   33  499          - 14836.9454      -   206 2713s
 17211 14328 15772.6572   52  472          - 14836.9454      -   207 2736s
 17301 14594 16365.0127   75  304          - 14836.9454      -   208 2770s
 17599 14848 16708.2334  101  109          - 14836.9457      -   207 2803s
 17689 14848 17149.7446  129   85          - 14836.9457      -   206 2805s
 17902 14917 15041.5531   34  597          - 14836.9457      -   205 2828s
 17946 15003 15602.6506   49  445          - 14836.9457      -   206 2852s
 17980 15003 15928.7096   70  377          - 14836.9457      -   206 2855s
 18032 15179 16011.4639   70  354          - 14836.9457      -   207 2882s
 18208 15497 16187.1569   83  411          - 14836.9457      -   207 2911s
 18506 15497 19597.5500  253   11          - 14836.9457      -   205 2915s
 18570 15623 16631.7988   93  306          - 14836.9457      -   205 2940s
 18677 15980 18040.8215  110  128          - 14841.9073      -   206 2973s
 18797 15980 17412.6127  138   64          - 14841.9073      -   205 2975s
 19086 16084 14984.1175   31  529          - 14841.9073      -   204 3003s
 19184 16290 15484.6406   43  439          - 14841.9073      -   205 3033s
 19390 16679 16111.8397   73  362          - 14841.9073      -   204 3065s
 19770 16685 21062.6500  272   22          - 14841.9073      -   202 3070s
 19833 16872 17262.3645  118   59          - 14844.3912      -   202 3092s
 20028 17062 15264.8432   48  465          - 14844.3912      -   202 3131s
 20230 17201 17459.5540   91   91          - 14845.3250      -   202 3158s
 20351 17201 18204.1400  139    6          - 14845.3250      -   201 3160s
 20373 17248 15059.0642   38  539          - 14845.3632      -   202 3181s
 20415 17324 15668.2509   53  385          - 14845.3632      -   203 3204s
 20461 17324 17111.4725   68  264          - 14845.3632      -   204 3205s
 20491 17729 16554.7474   73  379          - 14845.3632      -   204 3243s
 20579 17729 17941.0385  102   92          - 14845.3632      -   204 3245s
 20775 17729 18611.9000  173    8          - 14845.3632      -   203 3250s
 20985 18099 17047.2618   89  140          - 14847.3856      -   201 3284s
 21045 18099 17458.9556  110  113          - 14847.3856      -   201 3285s
 21075 18099 17577.8456  117  130          - 14847.3856      -   201 3290s
 21392 18179 14894.4688   35  719          - 14847.3856      -   199 3314s
 21445 18445 15444.6634   50  367          - 14847.3856      -   200 3343s
 21700 18447 17164.8401  149   80          - 14847.3856      -   199 3346s
 21715 19059 16286.5187   76  101          - 14847.7098      -   199 3377s
 21910 19067 17901.2837  151   33          - 14847.7098      -   198 3380s
 22464 19136 14934.1114   35  607          - 14849.1118      -   195 3404s
 22488 19556 15548.8727   48  479          - 14849.2038      -   196 3441s
 22824 19587 18028.1599  181   10          - 14849.2038      -   194 3445s
 23024 19812 14925.2049   32  702          - 14849.2038      -   193 3474s
 23336 19901 15372.2045   41  525          - 14849.2038      -   192 3497s
 23377 20081 16664.4530   67  179          - 14849.2038      -   192 3523s
 23482 20081 17731.8641  115   71          - 14849.2038      -   192 3525s
 23557 20445 17843.0324  118   64          - 14850.5431      -   193 3553s
 23677 20448 18262.5058  173   14          - 14850.5431      -   192 3555s
 24002 20495 15168.6654   38  532          - 14850.6306      -   191 3577s
 24038 20590 16428.9321   64  201          - 14850.6306      -   191 3600s

Cutting planes:
  User: 10860
  Gomory: 21
  Cover: 706
