




arguments: ./build/bc_mirp -f ./input/orig_exec_283.cfg
Current dir: /scratch/gui/bc_mirp
File verbosity level: 9
date       time         ( uptime  ) [ thread name/id ]                   file:line     v| 
2021-02-17 22:49:39.552 (   0.078s) [main thread     ]             loguru.cpp:789   INFO| Logging to './output/vi_vc+cos/OU/V5/Original/execution_17_02_2021_22_49_39.log', mode: 'a', verbosity: 9
--------------------------------------------------------------------------------
Parameters
                           instance_path           ./input/Instances/Original/6/
                            model_policy                                       1
                             nb_vehicles                                       5
                              output_dir      ./output/vi_vc+cos/OU/V5/Original/
                            sec_strategy                                       1
                       solver_nb_threads                                       2
                         solver_show_log                                    true
                       solver_time_limit                                    3600
                              use_vi_cos                                    true
                              use_vi_cus                                   false
                         use_vi_hc1_full                                   false
                         use_vi_hc1_half                                   false
                      use_vi_hc1_quarter                                   false
                              use_vi_hc2                                   false
                              use_vi_hc3                                   false
                         use_vi_lex_full                                   false
                         use_vi_lex_half                                   false
                      use_vi_lex_quarter                                   false
                              use_vi_qua                                   false
                               use_vi_vc                                    true
                               use_vi_vr                                   false
--------------------------------------------------------------------------------
executing instance: ./input/Instances/Original/6/absH6high_1n25.dat
--------------------------------------------------------------------------------
Instance details
n	26
H	6
C	1711
Li:
[0, 0, 0, 0, 0, 0, 0, 0, 0, 0, 0, 0, 0, 0, 0, 0, 0, 0, 0, 0, 0, 0, 0, 0, 0, 0, ]
Ui:
[0, 168, 176, 34, 66, 36, 177, 106, 118, 182, 64, 141, 189, 63, 46, 111, 182, 231, 36, 66, 68, 54, 132, 90, 246, 75, ]
Distance matrix:
|0	191	200	231	334	329	146	196	208	245	218	164	283	394	151	358	156	196	309	253	201	260	127	138	130	104	|
|191	0	226	229	278	146	328	216	390	417	327	293	195	334	106	296	171	122	472	151	12	411	280	53	190	130	|
|200	226	0	38	149	359	321	10	276	274	418	364	139	204	121	173	321	115	303	141	225	236	155	202	311	256	|
|231	229	38	0	110	352	358	37	314	310	448	395	108	167	129	135	342	109	336	120	226	268	194	213	335	277	|
|334	278	149	110	0	367	467	147	422	413	546	495	86	61	203	25	423	163	429	129	271	363	303	282	424	361	|
|329	146	359	352	367	0	453	349	533	562	411	393	282	411	245	378	250	244	617	245	141	556	426	195	284	243	|
|146	328	321	358	467	453	0	321	162	215	160	112	425	524	297	491	223	341	284	397	339	266	186	276	184	210	|
|196	216	10	37	147	349	321	0	281	281	414	360	132	203	112	171	315	105	311	132	216	244	159	193	305	249	|
|208	390	276	314	422	533	162	281	0	54	321	271	410	471	316	445	348	348	123	398	398	115	125	338	313	309	|
|245	417	274	310	413	562	215	281	54	0	375	323	413	457	334	435	393	361	70	406	424	69	139	367	359	349	|
|218	327	418	448	546	411	160	414	321	375	0	57	484	606	347	569	163	393	444	446	339	421	318	288	137	199	|
|164	293	364	395	495	393	112	360	271	323	57	0	437	556	300	519	144	346	393	401	305	367	261	249	109	163	|
|283	195	139	108	86	282	425	132	410	413	484	437	0	139	137	101	349	91	443	44	187	375	286	206	355	291	|
|394	334	204	167	61	411	524	203	471	457	606	556	139	0	264	38	483	222	467	183	326	403	356	341	484	421	|
|151	106	121	129	203	245	297	112	316	334	347	300	137	264	0	225	220	46	381	102	106	316	195	84	221	158	|
|358	296	173	135	25	378	491	171	445	435	569	519	101	38	225	0	444	184	450	145	288	384	328	303	446	383	|
|156	171	321	342	423	250	223	315	348	393	163	144	349	483	220	444	0	261	460	308	183	415	284	143	39	65	|
|196	122	115	109	163	244	341	105	348	361	393	346	91	222	46	184	261	0	402	56	118	336	224	119	264	200	|
|309	472	303	336	429	617	284	311	123	70	444	393	443	467	381	450	460	402	0	442	477	68	192	424	426	413	|
|253	151	141	120	129	245	397	132	398	406	446	401	44	183	102	145	308	56	442	0	143	375	273	164	315	251	|
|201	12	225	226	271	141	339	216	398	424	339	305	187	326	106	288	183	118	477	143	0	416	286	63	202	142	|
|260	411	236	268	363	556	266	244	115	69	421	367	375	403	316	384	415	336	68	375	416	0	135	365	384	363	|
|127	280	155	194	303	426	186	159	125	139	318	261	286	356	195	328	284	224	192	273	286	135	0	232	256	229	|
|138	53	202	213	282	195	276	193	338	367	288	249	206	341	84	303	143	119	424	164	63	365	232	0	153	89	|
|130	190	311	335	424	284	184	305	313	359	137	109	355	484	221	446	39	264	426	315	202	384	256	153	0	64	|
|104	130	256	277	361	243	210	249	309	349	199	163	291	421	158	383	65	200	413	251	142	363	229	89	64	0	|

--------------------------------------------------------------------------------
Building model...
	using lazy and cut (CVRPSEP package)
Solving IRP LP...
--------------------------------------------------------------------------------

Gurobi 9.1.0 (linux64) logging started Wed Feb 17 22:49:39 2021

Gurobi Optimizer version 9.1.0 build v9.1.0rc0 (linux64)
Thread count: 32 physical cores, 32 logical processors, using up to 2 threads
Optimize a model with 2246 rows, 11462 columns and 44102 nonzeros
Model fingerprint: 0xf70d0d77
Variable types: 932 continuous, 10530 integer (780 binary)
Coefficient statistics:
  Matrix range     [1e+00, 6e+02]
  Objective range  [1e-01, 6e+02]
  Bounds range     [1e+00, 2e+02]
  RHS range        [1e+00, 3e+03]
Presolve removed 343 rows and 151 columns
Presolve time: 0.20s
Presolved: 1903 rows, 11311 columns, 42008 nonzeros
Variable types: 755 continuous, 10556 integer (9791 binary)

Root relaxation: objective 1.504609e+04, 2435 iterations, 0.10 seconds

    Nodes    |    Current Node    |     Objective Bounds      |     Work
 Expl Unexpl |  Obj  Depth IntInf | Incumbent    BestBd   Gap | It/Node Time

     0     0 15046.0874    0  275          - 15046.0874      -     -    0s
     0     0 15321.6675    0  267          - 15321.6675      -     -    1s
     0     0 15348.8458    0  270          - 15348.8458      -     -    1s
     0     0 15350.3542    0  274          - 15350.3542      -     -    1s
     0     0 15350.4237    0  272          - 15350.4237      -     -    1s
     0     0 15565.7321    0  309          - 15565.7321      -     -    2s
     0     0 15614.7579    0  303          - 15614.7579      -     -    2s
     0     0 15645.8420    0  338          - 15645.8420      -     -    2s
     0     0 15660.3587    0  285          - 15660.3587      -     -    3s
     0     0 15663.3873    0  307          - 15663.3873      -     -    3s
     0     0 15663.9375    0  308          - 15663.9375      -     -    3s
     0     0 15663.9664    0  308          - 15663.9664      -     -    3s
     0     0 16189.6352    0  475          - 16189.6352      -     -    4s
     0     0 16196.6868    0  496          - 16196.6868      -     -    4s
     0     0 16197.1569    0  490          - 16197.1569      -     -    4s
     0     0 16393.6365    0  596          - 16393.6365      -     -    6s
     0     0 16415.8929    0  534          - 16415.8929      -     -    6s
     0     0 16420.7343    0  568          - 16420.7343      -     -    6s
     0     0 16432.8778    0  605          - 16432.8778      -     -    7s
     0     0 16434.7221    0  571          - 16434.7221      -     -    7s
     0     0 16435.1235    0  577          - 16435.1235      -     -    7s
     0     0 16568.8808    0  565          - 16568.8808      -     -    8s
     0     0 16598.2291    0  532          - 16598.2291      -     -    9s
     0     0 16636.2210    0  502          - 16636.2210      -     -    9s
     0     0 16660.7292    0  539          - 16660.7292      -     -   10s
     0     0 16671.1924    0  532          - 16671.1924      -     -   10s
     0     0 16678.8005    0  549          - 16678.8005      -     -   10s
     0     0 16681.8784    0  548          - 16681.8784      -     -   10s
     0     0 16691.2192    0  500          - 16691.2192      -     -   10s
     0     0 16692.2880    0  494          - 16692.2880      -     -   10s
     0     0 16758.7649    0  441          - 16758.7649      -     -   11s
     0     0 16759.8351    0  520          - 16759.8351      -     -   12s
     0     0 16780.8535    0  470          - 16780.8535      -     -   13s
     0     0 16784.9651    0  447          - 16784.9651      -     -   14s
     0     2 16791.6242    0  460          - 16791.6242      -     -   20s
     7    10 16792.6052    4  506          - 16792.6040      -   855   25s
    17    20 16911.0747    6  580          - 16792.6040      -  1248   30s
    29    32 17089.4890    9  599          - 16792.6040      -  1339   36s
    33    36 16912.8506   10  666          - 16792.6040      -  1547   41s
    39    42 16966.5923   12  686          - 16792.6040      -  1723   45s
    52    55 17088.9862   14  596          - 16792.6040      -  1625   50s
    69    77 17361.1710   16  564          - 16792.6040      -  1482   56s
    87    98 17296.7742   18  561          - 16792.6040      -  1321   60s
   117   128 17346.1587   22  554          - 16792.6040      -  1127   65s
   138   155 17378.5633   24  533          - 16792.6040      -  1060   70s
   195   221 17550.9915   32  538          - 16792.6040      -   840   75s
   274   294 17804.6713   39  454          - 16792.6040      -   641   80s
   366   408 17935.7953   50  463          - 16792.6040      -   519   85s
   482   539 18125.4567   63  410          - 16792.6040      -   425   91s
   538   576 18304.2034   68  384          - 16792.6040      -   391   95s
   612   603 18471.2947   82  367          - 16792.6040      -   375  101s
   633   624 18720.2697   92  360          - 16792.6040      -   382  105s
   682   680 18247.2126   18  539          - 16792.6040      -   379  110s
   734   760 19239.8908  130  311          - 16792.6040      -   366  115s
   792   808 20503.5301  164  272          - 16792.6040      -   354  121s
   828   874 19646.7476  187  310          - 16792.6040      -   348  125s
  1004  1040 20562.3259  313  274          - 16806.4884      -   306  134s
  1029  1040 20795.8831  333  255          - 16806.4884      -   301  135s
  1087  1049 17122.9366    3  714          - 16806.4884      -   296  140s
  1099  1051 20151.1076  272  264          - 16806.4884      -   303  145s
  1104  1055 19719.6933  196  710          - 16876.5842      -   302  151s
  1108  1057 21487.4840  300  702          - 17085.6920      -   301  155s
  1115  1062 17160.3591    7  690          - 17160.3591      -   299  160s
  1120  1065 19852.8212  226  748          - 17206.2851      -   298  165s
  1128  1071 20314.7079  271  671          - 17234.3716      -   296  170s
  1134  1075 17864.7985   47  738          - 17244.3398      -   294  175s
  1142  1080 19133.5986  187  753          - 17248.9820      -   292  180s
  1147  1083 20907.9036  280  770          - 17256.3662      -   291  185s
  1153  1087 20314.6077  271  774          - 17257.7861      -   289  190s
  1159  1091 19810.5498  138  815          - 17259.2027      -   288  195s
  1164  1095 18733.8354  112  771          - 17259.5932      -   286  200s
  1173  1102 18889.4540   95  573          - 17259.5932      -   331  206s
  1176  1104 21078.8506  286  729          - 17259.5932      -   330  210s
  1184  1109 20159.0547  287  718          - 17260.1352      -   328  217s
  1192  1115 19784.7270  257  840          - 17261.9701      -   326  220s
  1197  1118 19873.6754  224  822          - 17262.3765      -   324  225s
  1202  1121 19903.4912  248  772          - 17262.3951      -   323  230s
  1203  1122 18834.9702  147  772          - 17262.4572      -   323  236s
  1208  1128 17424.0591   24  615          - 17273.6339      -   353  240s
  1214  1132 17289.7636   26  718          - 17287.1092      -   360  246s
  1221  1137 17294.5040   28  695          - 17290.4286      -   368  251s
  1227  1141 17530.1060   29  583          - 17302.2703      -   379  256s
  1231  1144 17874.0744   30  390          - 17318.3683      -   388  260s
  1238  1149 17465.9710   32  643          - 17318.3683      -   402  266s
  1243  1153 17468.1657   33  559          - 17318.3683      -   408  270s
  1252  1158 17517.7752   36  515          - 17318.3683      -   421  275s
  1263  1166 17516.2288   39  606          - 17318.3683      -   431  280s
  1268  1170 17566.6917   41  643          - 17318.3683      -   439  285s
  1280  1179 17579.5078   44  476          - 17318.3683      -   453  291s
  1292  1188 17613.6346   46  365          - 17318.3683      -   461  296s
  1308  1197 17624.6996   51  532          - 17318.3683      -   471  301s
  1316  1205 17711.0172   53  551          - 17318.3683      -   486  309s
  1323  1214 17729.6366   55  475          - 17318.3683      -   494  312s
  1334  1221 17730.0673   57  479          - 17318.3683      -   502  315s
  1355  1235 17750.8404   63  493          - 17318.3683      -   510  321s
  1366  1244 17758.5507   66  443          - 17318.3683      -   516  325s
  1388  1252 17831.6080   73  539          - 17318.3683      -   529  331s
  1394  1264 17858.5749   74  452          - 17318.3683      -   533  335s
  1415  1274 17931.0916   78  554          - 17318.3683      -   543  343s
  1425  1284 17931.9736   80  464          - 17318.3683      -   547  346s
  1438  1294 17951.6710   83  511          - 17318.3683      -   551  351s
  1452  1305 18013.3415   85  495          - 17318.3683      -   557  355s
  1468  1322 18248.4618   88  471          - 17318.3683      -   562  361s
  1490  1339 18401.0060   94  444          - 17318.3683      -   564  367s
  1515  1362 19719.9156  100  411          - 17318.3683      -   566  372s
  1546  1374 18902.4578  107  413          - 17318.3683      -   564  377s
  1568  1395 19682.6377  114  391          - 17318.3683      -   565  383s
  1601  1419 21708.8566  122  400          - 17318.3683      -   564  388s
  1636  1433 21700.3259  133  403          - 17318.3683      -   562  394s
  1661  1459 21707.5360  139  385          - 17318.3683      -   566  399s
  1696  1479 21730.7215  148  365          - 17318.3683      -   566  405s
  1727  1505 21838.4074  157  304          - 17318.3683      -   567  410s
  1764  1524 21947.4040  167  305          - 17318.3683      -   567  416s
  1795  1547 21880.2741  176  355          - 17318.3683      -   568  422s
  1828  1574 22085.8797  185  286          - 17318.3683      -   571  428s
  1866  1613 22156.8088  195  298          - 17318.3683      -   573  436s
  1918  1658 22246.7918  208  266          - 17318.3683      -   572  443s
  1980  1685 22339.6696  222  298          - 17318.3683      -   566  450s
  2028  1731 22399.6686  231  313          - 17318.3683      -   564  457s
  2093  1779 22563.8513  246  281          - 17318.3683      -   560  465s
  2169  1832 22571.3432  259  329          - 17318.3683      -   554  473s
  2248  1880 22609.1248  273  330          - 17318.3683      -   548  481s
  2322  1967 22692.4960  285  320          - 17318.3683      -   546  489s
  2353  1957 23828.5040  300  218          - 17318.3683      -   546  490s
  2466  1949 23100.5681  301  276          - 17318.3683      -   529  501s
  2504  1971 23004.8003  316  298          - 17318.3683      -   532  509s
  2539  2002 23002.2683  333  299          - 17318.3683      -   536  518s
  2581  2032 23156.6596  350  265          - 17318.3683      -   539  528s
  2625  2066 23331.1181  368  260          - 17318.3683      -   545  539s
  2668  2052 17654.4814   38  578          - 17318.3683      -   545  540s
  2674  2100 24503.8078  389  269          - 17318.3683      -   550  550s
  2724  2149 23734.8218  412  224          - 17318.3683      -   556  560s
  2793  2205 24670.3486  442  230          - 17332.6478      -   556  573s
  2914  2182 17577.4351   28  850          - 17332.6478      -   545  586s
  2931  2206 17764.7209   31  594          - 17332.6478      -   551  598s
  2961  2232 17803.9375   42  547          - 17332.6478      -   554  609s
  2997  2263 17925.2973   50  530          - 17332.6478      -   557  619s
  3042  2315 18223.8732   63  460          - 17332.6478      -   559  631s
  3109  2378 18211.4855   78  444          - 17332.6478      -   556  644s
  3184  2353 18130.9014  125  385          - 17332.6478      -   552  645s
  3194  2439 18469.5339   94  438          - 17332.6478      -   552  657s
  3284  2520 18710.5784  110  415          - 17332.6478      -   547  671s
  3395  2618 19408.4865  124  301          - 17332.6478      -   542  686s
  3530  2688 19277.3768  146  294          - 17332.6478      -   533  701s
  3655  2760 19951.5888  163  323          - 17332.6478      -   528  718s
  3800  2744 infeasible  185               - 17363.4783      -   522  733s
  3861  2800 18041.7027   27  706          - 17363.4783      -   525  749s
  3937  2821 18260.6709   47  403          - 17363.4783      -   527  767s
  3983  2882 18499.7457   54  353          - 17363.4783      -   528  783s
  4060  2937 19275.8366   83  391          - 17363.4783      -   532  801s
  4140  3013 18874.4924  101  361          - 17363.4783      -   535  818s
  4243  3078 19502.9102  129  394          - 17363.4783      -   536  837s
  4343  3169 20200.8575  149  318          - 17363.4783      -   538  857s
  4484  3245 21771.1909  169  287          - 17363.4783      -   536  880s
  4650  3513 24102.3737  198  255          - 17363.4783      -   531  907s
  4845  3513 24653.5998  274  134          - 17363.4783      -   517  910s
  4976  3570 infeasible  295               - 17366.9038      -   511  931s
  5049  3685 18785.9419   46  438          - 17366.9038      -   515  954s
  5123  3685 18761.0240   91  318          - 17366.9038      -   512  955s
  5164  3879 19316.4973   97  319          - 17366.9038      -   515  978s
  5354  3879 19310.4569   72  295          - 17366.9038      -   510  980s
  5358  4103 20201.6525  160  199          - 17377.1301      -   510 1004s
  5445  4103 21447.3676  181  154          - 17377.1301      -   506 1005s
  5617  4254 17670.7927   33  778          - 17377.1301      -   502 1031s
  5768  4434 18269.0346   54  510          - 17377.1301      -   501 1064s
  5808  4434 20027.3395  123  222          - 17377.1301      -   503 1065s
  5948  4563 18519.1945   72  390          - 17377.1301      -   497 1138s
  6133  4676 18817.9293  107  382          - 17377.1301      -   496 1166s
  6246  4788 19493.7553  142  335          - 17377.1301      -   497 1213s
  6370  4985 20217.3753  175  283          - 17377.1301      -   498 1277s
  6582  5393 22031.3497  220  216          - 17386.0545      -   493 1311s
  6875  5393 23773.5877  309   54          - 17386.0545      -   476 1326s
  7056  5489 18015.0707   32  763          - 17386.0545      -   470 1355s
  7147  5692 18347.0779   46  572          - 17386.0545      -   473 1385s
  7350  6269 18583.0131   69  410          - 17386.0545      -   468 1460s
  7771  6269 25278.9494  289  114          - 17386.0545      -   452 1465s
  8085  6380 19159.4212   88  435          - 17386.0545      -   437 1505s
  8185  6530 20000.0250  108  369          - 17386.0545      -   438 1536s
  8335  6814 21179.6391  135  323          - 17386.0545      -   438 1567s
  8621  7071 23777.1322  199  199          - 17386.0545      -   433 1602s
  8844  7071 25006.1997  248   75          - 17386.0545      -   426 1605s
  8931  7343 infeasible  251               - 17425.9241      -   426 1638s
  9227  7539 18333.7190   45  553          - 17425.9241      -   420 1671s
  9453  7680 18775.6719   62  355          - 17425.9241      -   417 1700s
  9594  7883 19658.1680  110  283          - 17439.3002      -   417 1730s
  9823  7956 18071.9549   26  885          - 17439.3002      -   414 1759s
  9896  8076 18772.1699   46  441          - 17439.3002      -   414 1791s
 10016  8320 19007.2378   71  484          - 17439.3002      -   414 1823s
 10270  8582 19279.0965   91  481          - 17439.3002      -   411 1862s
 10508  8582 22955.1804  237   66          - 17439.3002      -   406 1865s
 10596  8809 19836.9500  116  225          - 17439.3002      -   405 1891s
 10823  9057 21818.1164  195  216          - 17461.9091      -   402 1922s
 11023  9057 22826.5381  234  113          - 17461.9091      -   397 1925s
 11111  9197 17851.2304   35  895          - 17461.9091      -   398 1953s
 11251  9388 18578.9097   49  630          - 17461.9091      -   398 2006s
 11455  9449 18514.6330   61  647          - 17461.9091      -   397 2034s
 11562  9534 19036.8729   80  433          - 17461.9091      -   397 2062s
 11647  9604 19614.0384   99  323          - 17461.9091      -   398 2092s
 11717  9727 19759.0377  109  368          - 17461.9091      -   399 2120s
 11840  9898 20544.0654  135  316          - 17461.9091      -   400 2146s
 12011 10265 20801.2190  183  211          - 17461.9091      -   399 2176s
 12448 10566 infeasible  263               - 17467.0770      -   393 2219s
 12479 10566 21195.7050  186  206          - 17467.0770      -   393 2220s
 12820 10714 18150.7389   54  491          - 17467.0770      -   387 2255s
 13002 10797 19004.2199   80  352          - 17467.0770      -   385 2279s
 13049 10797 19406.9221  102  271          - 17467.0770      -   385 2280s
 13085 10913 19411.7414  104  297          - 17467.0770      -   386 2305s
 13201 11099 20246.3614  128  312          - 17467.0770      -   386 2332s
 13387 11523 22264.0288  161  187          - 17469.4151      -   385 2370s
 13862 11549 17850.9058   34  804          - 17469.4151      -   378 2401s
 13906 11595 18494.4047   51  583          - 17469.4151      -   379 2426s
 13952 11672 19050.3129   62  433          - 17469.4151      -   381 2453s
 14029 11778 19789.0750   87  286          - 17469.4151      -   382 2481s
 14135 11934 20731.5092  104  259          - 17469.4151      -   383 2509s
 14198 11934 21348.4231  121  242          - 17469.4151      -   382 2510s
 14305 11970 infeasible  156               - 17490.5207      -   382 2537s
 14353 12033 18119.2344   40  674          - 17490.5207      -   385 2564s
 14381 12033 20484.1340  101  331          - 17490.5207      -   385 2565s
 14416 12179 18817.7605   63  521          - 17490.5207      -   387 2593s
 14562 12334 19265.3734   80  419          - 17490.5207      -   387 2628s
 14697 12334 22845.6248  153  245          - 17490.5207      -   386 2630s
 14773 12515 20091.6757  124  285          - 17490.5207      -   386 2660s
 14962 12925 22300.9564  174  156          - 17499.1462      -   385 2693s
 15110 12925 23388.8284  214  102          - 17499.1462      -   382 2695s
 15469 13008 18153.9057   44  545          - 17499.1462      -   376 2723s
 15526 13077 19014.2102   68  427          - 17499.1462      -   377 2748s
 15595 13168 19300.4290   79  438          - 17499.1462      -   379 2811s
 15686 13275 19763.9462   95  394          - 17499.1462      -   380 2840s
 15793 13451 20301.7281  113  362          - 17499.1462      -   381 2891s
 16013 13560 20496.3973  134  377          - 17499.1462      -   379 2920s
 16122 13756 21716.0035  167  246          - 17499.1462      -   380 2950s
 16340 13774 26938.9542  215  193          - 17508.5674      -   378 2977s
 16378 13814 18020.1690   28  618          - 17508.5674      -   381 3002s
 16418 13901 18594.0913   38  559          - 17508.5674      -   382 3031s
 16505 14029 18846.5770   52  521          - 17508.5674      -   384 3078s
 16624 14029 22421.8467  144  172          - 17508.5674      -   384 3080s
 16651 14052 18918.4106   63  534          - 17508.5674      -   385 3106s
 16674 14095 19157.6724   67  441          - 17508.5674      -   386 3133s
 16717 14164 19641.0088   79  412          - 17508.5674      -   388 3165s
 16786 14336 20057.9921   95  344          - 17508.5674      -   389 3194s
 16834 14336 20699.2402  115  237          - 17508.5674      -   388 3195s
 16958 14652 22194.1206  143  159          - 17513.1225      -   388 3234s
 17032 14652 23356.9535  170  139          - 17513.1225      -   387 3235s
 17323 14889 19376.3823   30  481          - 17513.1225      -   385 3270s
 17560 15225 20253.2881   50  342          - 17513.1225      -   383 3308s
 17705 15225 24979.7775  254   71          - 17513.1225      -   382 3310s
 17997 15312 20829.7828   79  237          - 17513.1225      -   377 3340s
 18074 15454 21752.7146  103  148          - 17513.1225      -   379 3368s
 18153 15454 22960.4522  127  126          - 17513.1225      -   379 3370s
 18222 15519 23304.1526  140  145          - 17517.9078      -   379 3398s
 18305 15571 18383.4619   36  779          - 17517.9078      -   380 3428s
 18357 15633 19228.3409   52  481          - 17517.9078      -   381 3455s
 18419 15711 19657.1056   69  490          - 17517.9078      -   382 3483s
 18497 15818 20029.4546   82  431          - 17517.9078      -   382 3513s
 18604 15936 20274.7564  103  347          - 17517.9078      -   382 3600s

Cutting planes:
  User: 11510
  Gomory: 46
  Cover: 727
  Implied bound: 306
  Projected implied bound: 45
  Clique: 31
  MIR: 398
  Flow cover: 719
  Zero half: 6
  Network: 5
  RLT: 531
  Relax-and-lift: 33
  Lazy constraints: 212

Explored 18722 nodes (7185245 simplex iterations) in 3601.76 seconds
Thread count was 2 (of 32 available processors)

Solution count 0

Time limit reached
Best objective -, best bound 1.751790784671e+04, gap -

User-callback calls 714129, time in user-callback 347.73 sec
writeSolution() exp: Unable to retrieve attribute 'X'
================================================================================
executing instance: ./input/Instances/Original/6/absH6high_1n20.dat
--------------------------------------------------------------------------------
Instance details
n	21
H	6
C	1651
Li:
[0, 0, 0, 0, 0, 0, 0, 0, 0, 0, 0, 0, 0, 0, 0, 0, 0, 0, 0, 0, 0, ]
Ui:
[0, 36, 182, 182, 90, 261, 117, 30, 110, 42, 276, 153, 40, 94, 144, 46, 129, 213, 264, 160, 174, ]
Distance matrix:
|0	371	401	343	361	341	370	115	392	400	79	266	292	245	355	431	265	194	95	92	348	|
|371	0	37	141	110	250	117	438	67	131	372	305	115	238	247	255	235	296	392	430	185	|
|401	37	0	175	100	284	146	472	90	156	406	342	152	275	280	282	242	333	415	455	178	|
|343	141	175	0	239	110	38	374	95	60	314	182	67	130	106	127	318	201	397	423	303	|
|361	110	100	239	0	341	222	451	177	240	385	374	190	304	341	361	151	345	354	398	78	|
|341	250	284	110	341	0	143	337	203	151	289	102	152	97	15	95	394	156	415	431	398	|
|370	117	146	38	222	143	0	407	61	30	346	220	81	167	137	139	317	237	417	447	292	|
|115	438	472	374	451	337	407	0	443	434	66	241	339	251	351	431	374	181	201	177	450	|
|392	67	90	95	177	203	61	443	0	66	379	275	104	216	197	193	294	283	427	461	252	|
|400	131	156	60	240	151	30	434	66	0	374	237	112	189	142	127	344	261	448	477	312	|
|79	372	406	314	385	289	346	66	379	374	0	202	275	197	304	383	316	134	175	166	388	|
|266	305	342	182	374	102	220	241	275	237	202	0	191	70	117	196	386	73	352	359	415	|
|292	115	152	67	190	152	81	339	104	112	275	191	0	123	154	193	252	183	336	366	246	|
|245	238	275	130	304	97	167	251	216	189	197	70	123	0	110	187	322	72	319	334	346	|
|355	247	280	106	341	15	137	351	197	142	304	117	154	110	0	80	399	171	427	444	400	|
|431	255	282	127	361	95	139	431	193	127	383	196	193	187	80	0	444	251	499	519	429	|
|265	235	242	318	151	394	317	374	294	344	316	386	252	322	399	444	0	332	226	273	97	|
|194	296	333	201	345	156	237	181	283	261	134	73	183	72	171	251	332	0	279	286	375	|
|95	392	415	397	354	415	417	201	427	448	175	352	336	319	427	499	226	279	0	47	321	|
|92	430	455	423	398	431	447	177	461	477	166	359	366	334	444	519	273	286	47	0	368	|
|348	185	178	303	78	398	292	450	252	312	388	415	246	346	400	429	97	375	321	368	0	|

--------------------------------------------------------------------------------
Building model...
	using lazy and cut (CVRPSEP package)
Solving IRP LP...
--------------------------------------------------------------------------------

Gurobi 9.1.0 (linux64) logging started Wed Feb 17 23:49:42 2021

Gurobi Optimizer version 9.1.0 build v9.1.0rc0 (linux64)
Thread count: 32 physical cores, 32 logical processors, using up to 2 threads
Optimize a model with 1821 rows, 7677 columns and 29907 nonzeros
Model fingerprint: 0x038f515f
Variable types: 747 continuous, 6930 integer (630 binary)
Coefficient statistics:
  Matrix range     [1e+00, 5e+02]
  Objective range  [1e-01, 5e+02]
  Bounds range     [1e+00, 3e+02]
  RHS range        [1e+00, 3e+03]
Presolve removed 287 rows and 121 columns
Presolve time: 0.14s
Presolved: 1534 rows, 7556 columns, 28210 nonzeros
Variable types: 605 continuous, 6951 integer (6341 binary)

Root relaxation: objective 1.421493e+04, 2136 iterations, 0.08 seconds

    Nodes    |    Current Node    |     Objective Bounds      |     Work
 Expl Unexpl |  Obj  Depth IntInf | Incumbent    BestBd   Gap | It/Node Time

     0     0 14214.9310    0  242          - 14214.9310      -     -    0s
     0     0 14494.0508    0  237          - 14494.0508      -     -    0s
     0     0 14522.9468    0  259          - 14522.9468      -     -    0s
     0     0 14528.3756    0  240          - 14528.3756      -     -    0s
     0     0 14528.3756    0  245          - 14528.3756      -     -    1s
     0     0 14664.2630    0  300          - 14664.2630      -     -    1s
     0     0 14761.2495    0  296          - 14761.2495      -     -    1s
     0     0 14811.1246    0  323          - 14811.1246      -     -    1s
     0     0 14812.4390    0  325          - 14812.4390      -     -    1s
     0     0 14812.4506    0  315          - 14812.4506      -     -    1s
     0     0 15004.0034    0  395          - 15004.0034      -     -    2s
     0     0 15028.2263    0  430          - 15028.2263      -     -    2s
     0     0 15034.5981    0  441          - 15034.5981      -     -    2s
     0     0 15034.8515    0  437          - 15034.8515      -     -    2s
     0     0 15141.8884    0  454          - 15141.8884      -     -    3s
     0     0 15155.7359    0  463          - 15155.7359      -     -    3s
     0     0 15162.5571    0  443          - 15162.5571      -     -    4s
     0     0 15163.8358    0  457          - 15163.8358      -     -    4s
     0     0 15164.0697    0  466          - 15164.0697      -     -    4s
     0     0 15222.9537    0  472          - 15222.9537      -     -    4s
     0     0 15232.7669    0  432          - 15232.7669      -     -    5s
     0     0 15233.3601    0  507          - 15233.3601      -     -    5s
     0     0 15270.4780    0  536          - 15270.4780      -     -    5s
     0     0 15281.8080    0  459          - 15281.8080      -     -    5s
     0     0 15282.3438    0  475          - 15282.3438      -     -    5s
     0     0 15288.0352    0  539          - 15288.0352      -     -    6s
     0     0 15290.9640    0  464          - 15290.9640      -     -    6s
     0     0 15291.1876    0  475          - 15291.1876      -     -    6s
     0     0 15301.6607    0  438          - 15301.6607      -     -    6s
     0     0 15307.4278    0  487          - 15307.4278      -     -    7s
     0     0 15308.7088    0  489          - 15308.7088      -     -    7s
     0     0 15311.2308    0  482          - 15311.2308      -     -    7s
     0     0 15311.2829    0  495          - 15311.2829      -     -    7s
     0     0 15312.9939    0  517          - 15312.9939      -     -    7s
     0     0 15312.9939    0  464          - 15312.9939      -     -    8s
     0     2 15313.0180    0  414          - 15313.0180      -     -    9s
     5     8 15316.1336    2  538          - 15316.1336      -   907   10s
    24    27 15347.0063    8  540          - 15328.5654      -  1164   16s
    36    40 15431.5469   11  560          - 15328.5654      -  1250   20s
    54    59 15491.6476   18  497          - 15328.5654      -  1232   25s
    70    76 15589.1248   22  417          - 15328.5654      -  1274   30s
    98   107 16575.4044   30  286          - 15328.5654      -  1166   35s
   138   159 16615.1836   49  341          - 15328.5654      -   987   40s
   212   244 16635.4284   92  338          - 15328.5654      -   733   45s
   295   330 16758.0373  130  330          - 15328.5654      -   616   50s
   430   476 16918.7043  194  333          - 15328.5654      -   488   56s
   526   565 infeasible  231               - 15332.1212      -   432   60s
   590   573 15592.1596    5  568          - 15332.1212      -   421   65s
   611   593 15786.0923   10  493          - 15332.1212      -   448   71s
   631   615 16044.4597   17  527          - 15332.1212      -   472   75s
   645   626 16192.3515   24  461          - 15332.1212      -   490  107s
   651   640 16236.2635   25  457          - 15332.1212      -   501  110s
   696   696 16801.6327   45  385          - 15332.1212      -   506  115s
   727   700 15871.9227    8  439          - 15332.1212      -   496  120s
   743   711 16819.2108  165  654          - 15482.5777      -   485  125s
   752   717 18168.2259  106  709          - 15514.5861      -   480  130s
   764   725 17845.7790   94  813          - 15527.1992      -   472  135s
   770   729 17492.1985   76  728          - 15539.2579      -   468  163s
   774   732 16647.3264  103  773          - 15543.4033      -   466  165s
   782   737 20528.4510  169  833          - 15548.1231      -   461  170s
   789   742 16981.8165  227  816          - 15551.0160      -   457  175s
   796   746 16679.7484   53  850          - 15553.9823      -   453  180s
   808   755 20377.8481  165  458          - 15554.3560      -   497  185s
   819   763 16963.8549   36  710          - 15573.0465      -   490  190s
   829   769 15580.3827    9  815          - 15580.3827      -   484  195s
   838   775 16690.5867   79  776          - 15584.2117      -   479  200s
   845   780 16608.6315   40  830          - 15585.3580      -   475  205s
   847   784 15594.7775   21  734          - 15585.9286      -   510  238s
   851   787 15644.6320   22  701          - 15597.0609      -   517  241s
   857   792 15606.4767   24  780          - 15606.4767      -   532  246s
   862   794 15656.6862   25  758          - 15647.3263      -   547  250s
   873   804 15666.1466   28  724          - 15651.8336      -   558  255s
   891   817 15695.4935   33  799          - 15651.8336      -   573  261s
   908   826 15779.0100   37  524          - 15651.8336      -   584  266s
   919   834 15714.6342   40  726          - 15651.8336      -   592  270s
   931   845 15729.1879   43  686          - 15651.8336      -   603  275s
   938   848 15863.3541   44  573          - 15651.8336      -   606  286s
   947   855 15760.7302   46  653          - 15651.8336      -   614  290s
   963   869 15774.5681   50  506          - 15651.8336      -   625  296s
   977   877 15780.4692   53  522          - 15651.8336      -   638  300s
   996   887 16447.8498   57  452          - 15651.8336      -   650  305s
  1009   900 15849.9102   61  563          - 15651.8336      -   657  310s
  1029   916 15865.7504   65  609          - 15651.8336      -   666  316s
  1041   922 15871.3460   68  531          - 15651.8336      -   671  320s
  1064   942 15949.9154   73  513          - 15651.8336      -   686  326s
  1093   960 16002.6774   80  510          - 15651.8336      -   697  333s
  1107   974 16019.9525   84  469          - 15651.8336      -   706  336s
  1125   986 16042.2989   89  443          - 15651.8336      -   708  340s
  1166  1022 16202.6323   99  415          - 15651.8336      -   715  348s
  1193  1038 16334.1620  105  489          - 15651.8336      -   718  352s
  1218  1053 16692.8184  111  378          - 15651.8336      -   719  356s
  1241  1078 16833.8135  117  396          - 15651.8336      -   723  376s
  1274  1100 17007.4955  126  340          - 15651.8336      -   722  380s
  1307  1131 17059.4857  135  361          - 15651.8336      -   722  385s
  1349  1167 17363.1928  147  353          - 15651.8336      -   719  391s
  1399  1188 17591.1603  160  340          - 15651.8336      -   713  396s
  1437  1234 17800.9569  173  336          - 15651.8336      -   712  401s
  1501  1277 18826.6159  196  330          - 15651.8336      -   703  406s
  1566  1317 infeasible  222               - 15651.8336      -   693  413s
  1614  1301 18673.0957  180  421          - 15651.8336      -   685  416s
  1629  1382 19800.3585  246  280          - 15651.8336      -   685  421s
  1715  1445 21768.9976  281  268          - 15651.8336      -   669  427s
  1816  1429 infeasible  319               - 15656.7358      -   650  433s
  1848  1445 15736.5753   26  721          - 15656.7358      -   650  438s
  1874  1469 15749.8381   28  682          - 15656.7358      -   654  443s
  1907  1498 15753.3981   30  630          - 15656.7358      -   656  449s
  1949  1527 15767.8117   33  594          - 15656.7358      -   655  456s
  1992  1567 15784.3697   38  585          - 15656.7358      -   656  463s
  2046  1621 15794.5266   41  621          - 15656.7358      -   652  470s
  2118  1673 15821.5762   46  638          - 15656.7358      -   646  478s
  2199  1784 15838.3585   52  657          - 15656.7358      -   639  486s
  2345  1747 15877.7076   57  587          - 15656.7358      -   615  494s
  2379  1763 15990.2335   65  542          - 15656.7358      -   616  501s
  2406  1778 16025.4915   72  560          - 15656.7358      -   618  508s
  2430  1806 16075.4123   79  541          - 15656.7358      -   621  515s
  2466  1835 16265.2219   90  438          - 15656.7358      -   622  523s
  2507  1865 16631.9971  103  381          - 15656.7358      -   622  531s
  2551  1902 17617.0453  118  330          - 15656.7358      -   623  539s
  2584  1891 16665.3660   63  332          - 15656.7358      -   621  540s
  2603  1943 18223.3881  134  330          - 15656.7358      -   623  548s
  2661  1992 18709.5237  152  315          - 15656.7358      -   623  557s
  2729  2062 19189.8624  178  248          - 15656.7358      -   623  567s
  2826  2163 20553.3959  213  249          - 15656.7358      -   618  578s
  2963  2150 infeasible  264               - 15657.7273      -   607  589s
  3012  2176 15696.1634   36  737          - 15657.7273      -   607  600s
  3054  2217 15746.8059   40  669          - 15657.7273      -   610  611s
  3109  2239 16012.9614   47  605          - 15657.7273      -   611  622s
  3150  2277 15887.9751   48  604          - 15657.7273      -   614  633s
  3205  2282 16101.6698   50  589          - 15657.7273      -   615  645s
  3239  2315 16188.8357   58  556          - 15657.7273      -   619  656s
  3272  2345 16280.9046   70  539          - 15657.7273      -   624  668s
  3306  2389 16493.5605   77  479          - 15657.7273      -   629  680s
  3358  2414 infeasible   89               - 15673.1056      -   630  693s
  3393  2443 15859.4740   30  707          - 15673.1056      -   636  706s
  3422  2477 15840.2053   35  664          - 15673.1056      -   641  719s
  3456  2520 15967.1489   39  656          - 15673.1056      -   646  732s
  3499  2568 15983.0118   38  647          - 15673.1056      -   650  746s
  3547  2612 15990.4217   40  583          - 15673.1056      -   653  760s
  3591  2667 16081.4204   43  596          - 15673.1056      -   657  774s
