




arguments: ./build/bc_mirp -f ./input/orig_exec_139.cfg
Current dir: /scratch/gui/bc_mirp
File verbosity level: 9
date       time         ( uptime  ) [ thread name/id ]                   file:line     v| 
2021-02-08 04:25:39.024 (   0.093s) [main thread     ]             loguru.cpp:789   INFO| Logging to './output/vi_vc+cos/OU/V5/Original/execution_08_02_2021_04_25_39.log', mode: 'a', verbosity: 9
--------------------------------------------------------------------------------
Parameters
                           instance_path           ./input/Instances/Original/3/
                            model_policy                                       1
                             nb_vehicles                                       5
                              output_dir      ./output/vi_vc+cos/OU/V5/Original/
                            sec_strategy                                       1
                       solver_nb_threads                                       2
                         solver_show_log                                    true
                       solver_time_limit                                    3600
                              use_vi_cos                                    true
                              use_vi_cus                                   false
                         use_vi_hc1_full                                   false
                         use_vi_hc1_half                                   false
                      use_vi_hc1_quarter                                   false
                              use_vi_hc2                                   false
                              use_vi_hc3                                   false
                         use_vi_lex_full                                   false
                         use_vi_lex_half                                   false
                      use_vi_lex_quarter                                   false
                              use_vi_qua                                   false
                               use_vi_vc                                    true
                               use_vi_vr                                   false
--------------------------------------------------------------------------------
executing instance: ./input/Instances/Original/3/absH3low_2n5.dat
--------------------------------------------------------------------------------
Instance details
n	6
H	3
C	237
Li:
[0, 0, 0, 0, 0, 0, ]
Ui:
[0, 93, 180, 51, 114, 24, ]
Distance matrix:
|0	170	318	35	112	235	|
|170	0	311	205	258	301	|
|318	311	0	326	278	137	|
|35	205	326	0	89	230	|
|112	258	278	89	0	160	|
|235	301	137	230	160	0	|

--------------------------------------------------------------------------------
Building model...
	using lazy and cut (CVRPSEP package)
Solving IRP LP...
--------------------------------------------------------------------------------

Gurobi 9.1.0 (linux64) logging started Mon Feb  8 04:25:39 2021

Gurobi Optimizer version 9.1.0 build v9.1.0rc0 (linux64)
Thread count: 32 physical cores, 32 logical processors, using up to 2 threads
Optimize a model with 276 rows, 414 columns and 1764 nonzeros
Model fingerprint: 0x112fd1fa
Variable types: 99 continuous, 315 integer (90 binary)
Coefficient statistics:
  Matrix range     [1e+00, 3e+02]
  Objective range  [1e-02, 3e+02]
  Bounds range     [1e+00, 2e+02]
  RHS range        [1e+00, 5e+02]
Presolve removed 24 rows and 46 columns
Presolve time: 0.01s

Explored 0 nodes (0 simplex iterations) in 0.01 seconds
Thread count was 1 (of 32 available processors)

Solution count 0

Model is infeasible
Best objective -, best bound -, gap -

User-callback calls 34, time in user-callback 0.00 sec

Computing Irreducible Inconsistent Subsystem (IIS)...

           Constraints          |            Bounds           |  Runtime
      Min       Max     Guess   |   Min       Max     Guess   |
--------------------------------------------------------------------------
        0       276         -         0       569         -           0s
        7       258         -         0       563         -           6s
        8       253         -         0       563         -          11s
        9       248         -         0       563         -          16s
       11       246         -         0       561         -          20s
       14       233         -         0       558         -          26s
       18       230         -         0       556         -          31s
       20       226         -         0       554         -          35s
       25       223         -         0       553         -          40s
       29       208         -         0       539         -          45s
       34       191        34         0       519         -          51s
       36       180        36         0       491         -          55s
       42       179        42         0       491         -          60s
       47       169        47         0       484         -          65s
       49       162        49         0       476         -          70s
       53       157        53         0       468         -          75s
       56       157        56         0       468         -          81s
       59       157        59         0       468         -          85s
       64       152        64         0       457         -          90s
       67       151        67         0       457         -          97s
       68       150        68         0       457         -         100s
       69       147        69         0       447         -         106s
       69       145        69         0       446         -         110s
       73       143        90         0       446         -         115s
       74       140        90         0       440         -         120s
       74       135        90         0       439         -         125s
       76       132        90         0       435         -         130s
       76       130        90         0       434         -         136s
       79       128        90         0       428         -         140s
       80       126        90         0       420         -         145s
       80       123        90         0       418         -         150s
       83       121        90         0       417         -         155s
       84       115        90         0       415         -         160s
       84       110        90         0       413         -         166s
       84       107        90         0       403         -         170s
       84       105        90         0       403         -         175s
       84       101        90         0       390         -         181s
       84        99        90         0       389         -         186s
       84        94        90         0       379         -         190s
       84        88        88         0       349         -         196s
       84        84        84         0       339         -         202s
       84        84         -         0       338         -         205s
       84        84         -         0       333         -         210s
       84        84         -         0       333         -         216s
       84        84         -         6       331       250         220s
       84        84         -         8       327       200         226s
       84        84         -        14       324       210         231s
       84        84         -        16       321       200         235s
       84        84         -        19       317       190         241s
       84        84         -        22       315       180         246s
       84        84         -        28       311       180         251s
       84        84         -        31       307       180         256s
       84        84         -        33       306       180         260s
       84        84         -        34       302       180         266s
       84        84         -        36       299       180         271s
       84        84         -        37       295       170         276s
       84        84         -        41       293       170         280s
       84        84         -        41       292       170         286s
       84        84         -        47       290       170         290s
       84        84         -        50       286       170         296s
       84        84         -        53       283       170         300s
       84        84         -        56       279       170         305s
       84        84         -        60       275       170         310s
       84        84         -        64       272       170         315s
       84        84         -        69       269       170         320s
       84        84         -        74       265       170         325s
       84        84         -        79       261       170         330s
       84        84         -        82       257       170         336s
       84        84         -        84       253       170         340s
       84        84         -        87       250       170         346s
       84        84         -        92       250       170         350s
       84        84         -        94       247       170         355s
       84        84         -       100       244       170         360s
       84        84         -       102       242       170         365s
       84        84         -       106       240       170         371s
       84        84         -       109       238       170         375s
       84        84         -       112       235       170         381s
       84        84         -       115       233       170         386s
       84        84         -       118       231       170         391s
       84        84         -       122       229       170         395s
       84        84         -       126       229       180         400s
       84        84         -       128       225       180         406s
       84        84         -       133       224       180         410s
       84        84         -       136       221       180         415s
       84        84         -       138       218       180         420s
       84        84         -       144       216       180         425s
       84        84         -       147       213       180         431s
       84        84         -       151       211       180         436s
       84        84         -       154       208       180         440s
       84        84         -       157       205       180         446s
       84        84         -       162       203       180         450s
       84        84         -       164       200       180         455s
       84        84         -       167       198       180         461s
       84        84         -       170       197       180         465s
       84        84         -       172       195       180         471s
       84        84         -       176       194       180         475s
       84        84         -       178       194       180         480s
       84        84         -       178       191       180         487s
       84        84         -       178       188       180         491s
       84        84         -       178       187       180         496s
       84        84         -       178       186       180         502s
       84        84         -       178       185       180         505s
       84        84         -       178       184       180         511s
       84        84         -       178       182       180         515s
       84        84         -       178       180       180         520s
       84        84         -       178       178         -         524s

IIS computed: 84 constraints, 178 bounds
IIS runtime: 524.10 seconds
================================================================================
executing instance: ./input/Instances/Original/3/absH3high_5n30.dat
--------------------------------------------------------------------------------
Instance details
n	31
H	3
C	2296
Li:
[0, 0, 0, 0, 0, 0, 0, 0, 0, 0, 0, 0, 0, 0, 0, 0, 0, 0, 0, 0, 0, 0, 0, 0, 0, 0, 0, 0, 0, 0, 0, ]
Ui:
[0, 80, 90, 297, 28, 264, 123, 192, 112, 32, 72, 88, 294, 129, 126, 105, 110, 237, 246, 92, 72, 147, 54, 96, 128, 96, 84, 28, 74, 196, 192, ]
Distance matrix:
|0	87	302	65	389	171	219	120	412	339	129	63	169	401	383	158	393	161	246	275	64	287	345	235	13	274	106	201	85	358	135	|
|87	0	334	128	402	212	301	204	465	384	187	145	232	424	454	238	475	245	289	352	80	307	352	321	81	352	20	261	170	376	215	|
|302	334	0	239	113	132	237	334	157	70	404	263	162	105	227	229	339	251	65	217	259	53	107	352	293	220	339	134	270	75	235	|
|65	128	239	0	330	107	175	130	348	275	174	40	107	339	326	114	351	125	181	224	58	228	290	222	58	224	143	138	65	297	92	|
|389	402	113	330	0	226	349	438	210	151	502	360	269	48	316	339	441	362	175	328	335	102	55	465	377	330	401	245	371	37	342	|
|171	212	132	107	226	0	169	214	253	173	276	134	64	233	261	130	326	153	77	188	133	125	192	264	162	190	220	68	145	193	125	|
|219	301	237	175	349	169	0	157	257	223	244	157	105	334	180	62	175	61	177	63	233	264	334	118	221	61	317	112	136	312	85	|
|120	204	334	130	438	214	157	0	402	348	88	90	173	438	336	115	307	100	269	220	172	338	406	122	130	218	224	204	69	403	101	|
|412	465	157	348	210	253	257	402	0	88	486	359	245	166	129	287	266	303	178	204	386	208	239	370	406	207	473	212	354	187	304	|
|339	384	70	275	151	173	223	348	88	0	427	291	179	120	166	234	290	254	96	187	306	123	166	342	332	190	391	145	291	119	247	|
|129	187	404	174	502	276	244	88	486	427	0	142	248	508	424	200	390	187	342	308	193	400	464	192	142	306	207	281	136	469	182	|
|63	145	263	40	360	134	157	90	359	291	142	0	114	366	321	95	331	99	202	212	90	258	323	186	65	211	163	148	27	327	72	|
|169	232	162	107	269	64	105	173	245	179	248	114	0	266	222	71	268	94	97	131	155	173	244	203	164	132	245	34	113	233	73	|
|401	424	105	339	48	233	334	438	166	120	508	366	266	0	280	332	409	355	169	305	353	117	96	452	391	308	425	237	374	49	339	|
|383	454	227	326	316	261	180	336	129	166	424	321	222	280	0	231	137	238	208	116	376	277	331	272	381	118	467	197	307	285	253	|
|158	238	229	114	339	130	62	115	287	234	200	95	71	332	231	0	238	23	164	118	171	243	314	134	159	117	255	95	77	302	23	|
|393	475	339	351	441	326	175	307	266	290	390	331	268	409	137	238	0	232	300	138	408	383	445	204	395	136	492	258	308	406	260	|
|161	245	251	125	362	153	61	100	303	254	187	99	94	355	238	23	232	0	187	123	183	267	338	111	164	121	262	117	77	325	34	|
|246	289	65	181	175	77	177	269	178	96	342	202	97	169	208	164	300	187	0	168	210	87	157	290	238	171	296	70	206	138	170	|
|275	352	217	224	328	188	63	220	204	187	308	212	131	305	116	118	138	123	168	0	279	255	322	166	275	3	367	120	195	291	141	|
|64	80	259	58	335	133	233	172	386	306	193	90	155	353	376	171	408	183	210	279	0	236	289	276	51	279	90	182	117	307	150	|
|287	307	53	228	102	125	264	338	208	123	400	258	173	117	277	243	383	267	87	255	236	0	71	374	276	257	308	153	270	71	245	|
|345	352	107	290	55	192	334	406	239	166	464	323	244	96	331	314	445	338	157	322	289	71	0	445	334	325	350	224	337	54	315	|
|235	321	352	222	465	264	118	122	370	342	192	186	203	452	272	134	204	111	290	166	276	374	445	0	243	164	341	221	159	428	142	|
|13	81	293	58	377	162	221	130	406	332	142	65	164	391	381	159	395	164	238	275	51	276	334	243	0	274	100	196	89	347	136	|
|274	352	220	224	330	190	61	218	207	190	306	211	132	308	118	117	136	121	171	3	279	257	325	164	274	0	367	122	194	294	140	|
|106	20	339	143	401	220	317	224	473	391	207	163	245	425	467	255	492	262	296	367	90	308	350	341	100	367	0	272	188	377	232	|
|201	261	134	138	245	68	112	204	212	145	281	148	34	237	197	95	258	117	70	120	182	153	224	221	196	122	272	0	146	208	103	|
|85	170	270	65	371	145	136	69	354	291	136	27	113	374	307	77	308	77	206	195	117	270	337	159	89	194	188	146	0	337	54	|
|358	376	75	297	37	193	312	403	187	119	469	327	233	49	285	302	406	325	138	291	307	71	54	428	347	294	377	208	337	0	306	|
|135	215	235	92	342	125	85	101	304	247	182	72	73	339	253	23	260	34	170	141	150	245	315	142	136	140	232	103	54	306	0	|

--------------------------------------------------------------------------------
Building model...
	using lazy and cut (CVRPSEP package)
Solving IRP LP...
--------------------------------------------------------------------------------

Gurobi 9.1.0 (linux64) logging started Mon Feb  8 04:34:26 2021

Gurobi Optimizer version 9.1.0 build v9.1.0rc0 (linux64)
Thread count: 32 physical cores, 32 logical processors, using up to 2 threads
Optimize a model with 1351 rows, 8014 columns and 30514 nonzeros
Model fingerprint: 0xf8eea063
Variable types: 574 continuous, 7440 integer (465 binary)
Coefficient statistics:
  Matrix range     [1e+00, 5e+02]
  Objective range  [1e-01, 5e+02]
  Bounds range     [1e+00, 3e+02]
  RHS range        [1e+00, 4e+03]
Presolve removed 334 rows and 181 columns
Presolve time: 0.12s
Presolved: 1017 rows, 7833 columns, 28679 nonzeros
Variable types: 362 continuous, 7471 integer (7005 binary)

Root relaxation: objective 9.096652e+03, 1282 iterations, 0.04 seconds

    Nodes    |    Current Node    |     Objective Bounds      |     Work
 Expl Unexpl |  Obj  Depth IntInf | Incumbent    BestBd   Gap | It/Node Time

     0     0 9096.65241    0  128          - 9096.65241      -     -    0s
     0     0 9382.48655    0  123          - 9382.48655      -     -    0s
     0     0 9389.57164    0  109          - 9389.57164      -     -    0s
     0     0 9701.19109    0  215          - 9701.19109      -     -    0s
     0     0 9711.19203    0  199          - 9711.19203      -     -    0s
     0     0 9711.19203    0  200          - 9711.19203      -     -    0s
     0     0 9898.81040    0  253          - 9898.81040      -     -    1s
     0     0 9903.46695    0  241          - 9903.46695      -     -    1s
     0     0 9903.75951    0  245          - 9903.75951      -     -    1s
     0     0 9974.32727    0  266          - 9974.32727      -     -    1s
     0     0 9985.34771    0  295          - 9985.34771      -     -    1s
     0     0 9986.62523    0  272          - 9986.62523      -     -    1s
     0     0 9986.66422    0  283          - 9986.66422      -     -    1s
     0     0 10053.4832    0  280          - 10053.4832      -     -    2s
     0     0 10071.3289    0  262          - 10071.3289      -     -    2s
     0     0 10072.9679    0  284          - 10072.9679      -     -    2s
     0     0 10072.9959    0  288          - 10072.9959      -     -    2s
     0     0 10078.1690    0  317          - 10078.1690      -     -    2s
     0     0 10079.1620    0  296          - 10079.1620      -     -    2s
     0     0 10081.9429    0  286          - 10081.9429      -     -    2s
     0     0 10081.9429    0  236          - 10081.9429      -     -    3s
     0     2 10087.6122    0  253          - 10087.6122      -     -    4s
     5     8 10092.3128    2  343          - 10092.3128      -   429    5s
    90    95 10682.5443   28  217          - 10101.7497      -   358   10s
   293   307 11239.1240   90  210          - 10101.7497      -   198   16s
   508   516 11475.6728  140  204          - 10101.7497      -   154   20s
   704   737 11490.0741  290  233          - 10101.7497      -   149   25s
   963  1013 12454.8008  409  186          - 10101.7497      -   134   30s
  1123  1093 13093.2052  192  146          - 10107.2899      -   130   35s
  1146  1108 11086.8613   50  512          - 10155.1737      -   127   40s
  1155  1114 12886.2122  148  538          - 10161.7172      -   126   45s
  1170  1124 11491.7751  303  562          - 10168.7408      -   125   50s
  1178  1133 10185.1948   15  390          - 10169.9422      -   139   55s
  1236  1175 10231.2141   30  375          - 10185.9645      -   152   60s
  1290  1211 10431.3666   42  220          - 10185.9645      -   164   76s
  1359  1268 10658.2998   56  197          - 10185.9645      -   169   80s
  1497  1362 12029.9898   85  188          - 10185.9645      -   172   85s
  1691  1498 13692.3300  138    4          - 10186.0754      -   164   90s
  1947  1596 10468.3436   18  312          - 10197.9299      -   150   99s
  1977  1594 10669.3275   20  347          - 10197.9299      -   149  100s
  2029  1614 10401.8556   25  343          - 10197.9299      -   153  105s
  2059  1638 10507.6852   28  373          - 10197.9299      -   162  110s
  2099  1666 10529.2156   35  382          - 10197.9299      -   167  115s
  2149  1703 10665.0629   50  288          - 10197.9299      -   174  120s
  2202  1737 10899.3192   62  247          - 10197.9299      -   179  125s
  2262  1796 11046.1804   73  242          - 10197.9299      -   186  131s
  2344  1851 11241.1495   89  230          - 10197.9299      -   189  135s
  2457  1926 11610.3537   97  159          - 10197.9299      -   190  141s
  2536  1991 11938.3123  102  162          - 10197.9299      -   192  145s
  2680  2111 12105.1702  107  169          - 10197.9299      -   192  152s
  2759  2187 12148.5691  111  187          - 10197.9299      -   190  155s
* 2874  2059             215    15018.530000 10197.9299  32.1%   186  156s
* 2876  2005             218    15018.230000 10197.9299  32.1%   186  156s
  2890  2038 12347.2713  116  170 15018.2300 10197.9299  32.1%   186  161s
  2949  2062 13142.7485  131  137 15018.2300 10197.9299  32.1%   187  167s
  2965  2067 13249.8806  131  113 15018.2300 10197.9299  32.1%   188  170s
  3007  2111 13239.6549  144  164 15018.2300 10197.9299  32.1%   189  182s
H 3023  2046                    14912.230000 10197.9299  31.6%   189  182s
  3033  2075 13460.1521  149  144 14912.2300 10197.9299  31.6%   190  185s
  3102  2094 13957.3164  173  103 14912.2300 10197.9299  31.6%   190  211s
H 3107  2039                    14866.170000 10197.9299  31.4%   190  211s
  3151  2096 14263.1948  180  151 14866.1700 10197.9299  31.4%   190  217s
  3218  2086 infeasible  193      14866.1700 10206.3739  31.3%   188  221s
  3259  2120 10715.0117   28  323 14866.1700 10206.3739  31.3%   191  228s
  3286  2131 11036.0175   37  248 14866.1700 10206.3739  31.3%   192  232s
  3306  2169 11496.1669   47  236 14866.1700 10206.3739  31.3%   193  235s
  3351  2204 12315.0772   71  195 14866.1700 10206.3739  31.3%   193  240s
  3401  2250 13108.9753  105  101 14866.1700 10208.2481  31.3%   192  245s
  3488  2253     cutoff  161      14866.1700 10208.2992  31.3%   190  251s
  3519  2309 11029.9459   26  283 14866.1700 10216.7007  31.3%   191  255s
  3610  2370 14451.5804   79   43 14866.1700 10216.8206  31.3%   190  260s
  3705  2411 10543.1658   19  451 14866.1700 10216.8206  31.3%   189  266s
  3783  2435 10690.7612   26  411 14866.1700 10216.8206  31.3%   189  271s
  3858  2444 10606.4173   31  468 14866.1700 10216.8206  31.3%   189  275s
  3892  2493 10641.2250   34  282 14866.1700 10216.8206  31.3%   190  293s
  3952  2492 10778.7942   39  163 14866.1700 10216.8206  31.3%   190  305s
  3960  2529 10762.6531   41  331 14866.1700 10216.8206  31.3%   191  310s
  4015  2557 10847.1413   46  308 14866.1700 10216.8206  31.3%   192  315s
  4043  2622 11138.0349   52  234 14866.1700 10216.8206  31.3%   193  320s
  4108  2817 11467.7814   63  119 14866.1700 10216.8206  31.3%   194  327s
  4303  2899 11908.6035   90  190 14866.1700 10216.8206  31.3%   189  335s
  4465  2974 12165.2184  102  168 14866.1700 10216.8206  31.3%   186  342s
  4517  3130 12498.1007  121  148 14866.1700 10216.8206  31.3%   187  350s
  4673  3215 13768.6167  155   28 14866.1700 10230.6537  31.2%   185  357s
  4791  3252 14360.7500  175    - 14866.1700 10231.4951  31.2%   183  363s
  4838  3379     cutoff  186      14866.1700 10240.4759  31.1%   184  371s
  5006  3501 10889.7681   35  310 14866.1700 10240.5860  31.1%   181  380s
  5134  3555 14135.4326  146   46 14866.1700 10244.8664  31.1%   179  387s
  5203  3594 infeasible  175      14866.1700 10245.7701  31.1%   180  394s
  5246  3697 10955.0545   39  294 14866.1700 10245.7701  31.1%   181  401s
  5349  3938 12688.9234   74  125 14866.1700 10245.7791  31.1%   181  410s
  5634  3960 infeasible  162      14866.1700 10247.0153  31.1%   175  418s
H 5636  3959                    14864.170000 10247.0153  31.1%   175  418s
  5656  4020 10749.4652   27  229 14864.1700 10247.5587  31.1%   177  425s
  5717  4135 12171.9442   69  130 14864.1700 10247.5914  31.1%   178  433s
  5864  4228 13620.4684  117   17 14864.1700 10252.7988  31.0%   176  443s
  5999  4266 infeasible  194      14864.1700 10253.3863  31.0%   175  451s
  6031  4372 11105.7860   32  290 14864.1700 10254.3046  31.0%   176  462s
  6158  4588 10618.0051   19  493 14864.1700 10254.3046  31.0%   177  475s
  6398  4635 11136.0010   29  443 14864.1700 10254.3046  31.0%   175  483s
  6445  4717 12062.4312   66  187 14864.1700 10256.5996  31.0%   176  494s
* 6545  4672             128    14596.410000 10257.6550  29.7%   176  504s
* 6546  4672             128    14590.970000 10257.6550  29.7%   176  504s
* 6547  4651             127    14556.970000 10257.6550  29.5%   176  504s
  6641  4684 10781.7106   25  285 14556.9700 10257.8786  29.5%   177  516s
  6670  4722 11057.8494   30  187 14556.9700 10257.8786  29.5%   178  525s
  6708  4764 11292.8508   37  298 14556.9700 10257.8786  29.5%   180  536s
  6750  4881 11898.1377   44  148 14556.9700 10257.8786  29.5%   182  547s
  6867  4929 12066.0735   55  143 14556.9700 10257.8786  29.5%   183  590s
  6915  5097 12557.7101   64  115 14556.9700 10259.1365  29.5%   183  603s
  7161  5144 10522.6263   30  372 14556.9700 10271.2242  29.4%   179  615s
  7208  5377 11342.3381   47  249 14556.9700 10271.2242  29.4%   180  625s
  7484  5425 infeasible  168      14556.9700 10274.9175  29.4%   177  639s
H 7510  5374                    14489.230000 10274.9351  29.1%   178  639s
  7537  5462 11315.8262   40  407 14489.2300 10274.9351  29.1%   179  655s
  7656  5609 11465.6396   45  361 14489.2300 10275.5408  29.1%   178  670s
  7819  5734 infeasible  153      14489.2300 10276.3939  29.1%   178  684s
  7969  5975 10939.8066   52  424 14489.2300 10282.5362  29.0%   178  701s
  8253  6056 10459.1553   27  382 14489.2300 10282.6339  29.0%   177  719s
  8334  6238 12226.8468   75  101 14489.2300 10283.2691  29.0%   178  734s
  8366  6238 13105.5600  107   18 14489.2300 10283.2691  29.0%   178  735s
  8621  6341 infeasible  171      14489.2300 10284.8877  29.0%   176  750s
  8708  6473 10865.1288   45  293 14489.2300 10284.8877  29.0%   178  765s
  8861  6794 11368.5971   79  164 14489.2300 10286.7624  29.0%   178  782s
  9243  6844 infeasible  184      14489.2300 10295.2580  28.9%   175  797s
  9299  6937 11277.6023   52  321 14489.2300 10296.0448  28.9%   177  812s
  9407  7047 11000.3004   40  302 14489.2300 10301.8331  28.9%   178  827s
  9533  7120 infeasible  128      14489.2300 10302.0070  28.9%   178  843s
  9611  7354 11170.7610   45  398 14489.2300 10303.3776  28.9%   180  858s
  9891  7480 10343.0965   28  415 14489.2300 10303.4859  28.9%   179  874s
 10017  7598 12246.5930   85  124 14489.2300 10303.4976  28.9%   179  901s
 10192  7645 10321.1306   28  492 14489.2300 10303.7127  28.9%   178  916s
 10235  7708 10401.2000   32  473 14489.2300 10303.7127  28.9%   180  931s
 10298  7864 11228.5414   41  222 14489.2300 10303.7127  28.9%   182  949s
 10367  7864 12849.5037   69  141 14489.2300 10303.7127  28.9%   184  950s
 10487  7997 12118.0359   57  118 14489.2300 10304.0882  28.9%   183  968s
 10669  8219 10330.2115   22  405 14489.2300 10304.0882  28.9%   182  985s
 10911  8315 13490.7200  138    8 14489.2300 10305.4367  28.9%   181 1001s
 11023  8440     cutoff  165      14489.2300 10305.6024  28.9%   182 1019s
 11067  8440 12333.6588   65   28 14489.2300 10305.6024  28.9%   183 1020s
 11182  8502 12359.9338   68   41 14489.2300 10306.6910  28.9%   182 1036s
 11261  8705 14416.5400  127    - 14489.2300 10307.9974  28.9%   182 1054s
 11322  8707 12086.3346   81   58 14489.2300 10308.1871  28.9%   183 1055s
 11497  8818     cutoff  127      14489.2300 10309.0474  28.9%   181 1072s
 11621  9011 11045.9089   46  270 14489.2300 10309.4221  28.8%   182 1095s
 11816  9140 13010.6539  106   10 14489.2300 10311.3167  28.8%   183 1113s
 11973  9435     cutoff  129      14489.2300 10311.4401  28.8%   183 1137s
 12336  9659 11721.1904   67  149 14489.2300 10315.8119  28.8%   181 1159s
 12455  9663     cutoff  180      14489.2300 10315.8725  28.8%   180 1160s
 12599  9796 infeasible  148      14489.2300 10317.4193  28.8%   180 1178s
 12759  9940 12367.6744   76   39 14489.2300 10319.0507  28.8%   180 1195s
 12960 10184 11277.1514   48  178 14489.2300 10319.9222  28.8%   180 1214s
 13088 10189 12007.6597  113   43 14489.2300 10319.9222  28.8%   180 1215s
 13293 10303 infeasible  187      14489.2300 10320.7280  28.8%   179 1230s
 13388 10641 11743.9907   68  240 14489.2300 10321.1349  28.8%   180 1250s
 13766 10797     cutoff  166      14489.2300 10322.0709  28.8%   179 1268s
 13922 10994 12160.2511   96   68 14489.2300 10323.1382  28.8%   179 1287s
 14160 11260     cutoff  197      14489.2300 10323.4268  28.8%   178 1306s
 14486 11377     cutoff  152      14489.2300 10324.3662  28.7%   176 1323s
 14609 11610 12332.3527   94   54 14489.2300 10324.7995  28.7%   177 1341s
 14905 11690 13655.7964  124   81 14489.2300 10326.4809  28.7%   176 1360s
 15006 11983 11436.5669   56  210 14489.2300 10326.5240  28.7%   177 1382s
 15364 12204 11637.1069   68  144 14489.2300 10328.6028  28.7%   175 1402s
 15642 12364     cutoff  162      14489.2300 10330.3862  28.7%   174 1436s
 15817 12403 11830.2646   59  200 14489.2300 10331.0992  28.7%   174 1455s
 15874 12465 10726.0150   34  352 14489.2300 10332.7491  28.7%   174 1474s
 15938 12575 10697.1765   44  386 14489.2300 10332.7491  28.7%   175 1493s
 16066 12773 11001.6213   53  382 14489.2300 10332.7491  28.7%   175 1516s
 16291 12956 11282.9245   77  209 14489.2300 10332.7491  28.7%   175 1537s
 16478 13135 13169.6981  134   60 14489.2300 10334.4412  28.7%   176 1556s
 16763 13221 infeasible  212      14489.2300 10335.4829  28.7%   175 1575s
H16867 12927                    14332.110000 10336.1671  27.9%   175 1594s
 16902 12971 11123.4919   62  220 14332.1100 10336.1671  27.9%   176 1613s
 16946 13160 11354.4103   73  229 14332.1100 10336.1671  27.9%   177 1632s
 17135 13369 12562.1911  132   58 14332.1100 10336.3547  27.9%   177 1656s
 17386 13636 infeasible  190      14332.1100 10336.7873  27.9%   176 1681s
 17710 13807 12140.1442   69   91 14332.1100 10337.7800  27.9%   175 1703s
 17916 13999 12132.0299   76  169 14332.1100 10340.7219  27.8%   175 1725s
 18157 14090 11225.0134   40  205 14332.1100 10342.6210  27.8%   175 1752s
 18263 14134 10613.6429   31  270 14332.1100 10343.0292  27.8%   175 1770s
 18303 14216 11230.4577   39  390 14332.1100 10343.0292  27.8%   176 1786s
 18337 14216 11738.9315   54  175 14332.1100 10343.0292  27.8%   176 1816s
 18385 14435 12366.8395   59  144 14332.1100 10343.1272  27.8%   177 1836s
 18659 14542 11205.3460   46  209 14332.1100 10343.1274  27.8%   176 1860s
 18766 14798 11645.7890   86  140 14332.1100 10343.1935  27.8%   177 1882s
 19058 15063 11081.0537   44  390 14332.1100 10343.2106  27.8%   177 1902s
 19362 15158 10575.1479   21  394 14332.1100 10343.5500  27.8%   176 1919s
 19394 15158 13955.4535  172   53 14332.1100 10343.5500  27.8%   176 1920s
 19470 15339 11704.5812   53  149 14332.1100 10344.6177  27.8%   176 1939s
 19502 15340 12416.9143   84   33 14332.1100 10344.6177  27.8%   176 1940s
 19774 15481 infeasible  133      14332.1100 10345.7598  27.8%   175 1958s
 19883 15651 12740.4043  109   30 14332.1100 10347.7340  27.8%   176 1978s
 20084 15695 infeasible  158      14332.1100 10349.0450  27.8%   175 1998s
 20137 15870 11393.0339   44  375 14332.1100 10352.3856  27.8%   176 2018s
 20344 15912 infeasible  127      14332.1100 10354.4165  27.8%   176 2040s
 20401 16072 infeasible  132      14332.1100 10355.1317  27.7%   177 2061s
 20579 16110 10723.3157   35  393 14332.1100 10355.7258  27.7%   177 2082s
 20618 16156 10949.3414   47  367 14332.1100 10355.7258  27.7%   177 2098s
 20664 16224 11241.8303   59  407 14332.1100 10355.7258  27.7%   178 2115s
 20732 16392 11566.2274   73  298 14332.1100 10355.7258  27.7%   179 2137s
 20948 16555 11940.1850   81  253 14332.1100 10356.4793  27.7%   179 2162s
 21124 16647     cutoff  151      14332.1100 10356.5385  27.7%   179 2181s
 21218 16802 12569.7371   77  154 14332.1100 10356.8453  27.7%   179 2199s
 21250 16802 13206.7573  109   38 14332.1100 10356.8453  27.7%   179 2200s
 21401 16911     cutoff  140      14332.1100 10357.4028  27.7%   180 2221s
 21527 17061 10992.3548   51  429 14332.1100 10357.8868  27.7%   180 2241s
 21695 17239 10503.9764   31  312 14332.1100 10357.9789  27.7%   180 2263s
 21911 17443 10550.6135   31  308 14332.1100 10358.9494  27.7%   180 2286s
 22157 17492 10764.2631   33  265 14332.1100 10359.2712  27.7%   179 2307s
 22207 17635 11358.0168   46  361 14332.1100 10359.2712  27.7%   180 2327s
 22366 17883 11533.5062   53  259 14332.1100 10360.0310  27.7%   179 2347s
 22669 18034 infeasible  169      14332.1100 10361.4951  27.7%   178 2367s
 22853 18100 infeasible  170      14332.1100 10362.5304  27.7%   178 2385s
 22940 18140 10744.4921   40  376 14332.1100 10362.6941  27.7%   179 2413s
 22980 18416 10853.1052   49  418 14332.1100 10362.6941  27.7%   180 2438s
 23270 18426 13073.4413  144   10 14332.1100 10362.6941  27.7%   179 2440s
 23328 18612 11408.5216   66  251 14332.1100 10362.6941  27.7%   179 2457s
 23517 18738 11968.8579   96  133 14332.1100 10362.6941  27.7%   179 2638s
 23549 18738 12332.8108  108   85 14332.1100 10362.6941  27.7%   179 2640s
 23699 18897 13165.7357  138   21 14332.1100 10363.3216  27.7%   179 2659s
 23843 18900 14142.4600  193    6 14332.1100 10363.3216  27.7%   178 2660s
 23909 19052 infeasible  198      14332.1100 10363.6718  27.7%   178 2679s
 24083 19240 11835.1009   58  144 14332.1100 10365.0645  27.7%   178 2703s
 24320 19302 10866.6618   43  329 14332.1100 10365.9329  27.7%   178 2721s
 24370 19448 11212.5761   51  192 14332.1100 10365.9329  27.7%   179 2741s
 24516 19746 11908.7659  100   84 14332.1100 10365.9954  27.7%   180 2764s
 24616 19750 12730.1278  149    6 14332.1100 10365.9954  27.7%   179 2765s
 24885 19793 infeasible  183      14332.1100 10366.4944  27.7%   179 2782s
 24933 19978 12281.0712   50  137 14332.1100 10367.5488  27.7%   180 2803s
 25147 19978 14165.6500  151    4 14332.1100 10367.7860  27.7%   179 2805s
 25180 20124 10980.4469   36  238 14332.1100 10367.8353  27.7%   180 2826s
 25345 20202 10440.2226   29  336 14332.1100 10368.0218  27.7%   180 2846s
 25420 20495 11333.4849   38  312 14332.1100 10368.0218  27.7%   180 2869s
 25563 20495 13532.4137   90   26 14332.1100 10368.0218  27.7%   180 2870s
 25729 20659 14170.1900  104   37 14332.1100 10368.9136  27.7%   180 2893s
 25960 20695 10803.9306   36  435 14332.1100 10368.9284  27.7%   179 2913s
 25988 20751 10901.5434   49  412 14332.1100 10368.9284  27.7%   180 2931s
 26044 20865 11183.9554   70  315 14332.1100 10368.9284  27.7%   181 2950s
 26158 21060 11832.1827  115  115 14332.1100 10369.4284  27.6%   181 2972s
 26404 21196 11452.8867   52  232 14332.1100 10369.8356  27.6%   181 2992s
 26552 21269 11283.8063   44  314 14332.1100 10369.8589  27.6%   181 3015s
 26640 21444 10821.5026   39  250 14332.1100 10370.2314  27.6%   182 3035s
 26829 21642 infeasible  166      14332.1100 10371.3588  27.6%   182 3056s
 27034 21895 12023.8325   63  149 14332.1100 10371.3979  27.6%   182 3077s
 27327 21985 infeasible  139      14332.1100 10372.3121  27.6%   181 3098s
 27435 22023     cutoff  159      14332.1100 10372.4606  27.6%   181 3116s
 27490 22084 11479.7750   31  284 14332.1100 10372.6901  27.6%   182 3135s
 27549 22226 12093.4358   46  303 14332.1100 10372.6901  27.6%   183 3155s
 27691 22450 13204.5153   84  158 14332.1100 10372.7870  27.6%   183 3180s
 27993 22537     cutoff  118      14332.1100 10374.1825  27.6%   183 3201s
 28068 22716 12086.7201   65  128 14332.1100 10375.4783  27.6%   183 3220s
 28270 22894 11469.1580   37  372 14332.1100 10375.5778  27.6%   183 3239s
 28413 22894 12917.8348   88  107 14332.1100 10375.6866  27.6%   183 3240s
 28478 23093 11235.3259   37  272 14332.1100 10375.6866  27.6%   183 3259s
 28525 23093 12186.8680   84  154 14332.1100 10375.6866  27.6%   183 3260s
 28700 23208 13888.7718  141   38 14332.1100 10376.3510  27.6%   183 3279s
 28803 23208 12556.7534  100    6 14332.1100 10377.2067  27.6%   183 3280s
 28838 23455 11238.6665   47  374 14332.1100 10377.8024  27.6%   183 3299s
 28873 23455 12139.3524   82  151 14332.1100 10377.8024  27.6%   183 3300s
 29124 23512 10860.6976   38  395 14332.1100 10379.7003  27.6%   183 3319s
 29180 23771 11700.5587   53  281 14332.1100 10379.8130  27.6%   184 3342s
 29455 23913 10619.9807   30  483 14332.1100 10379.9240  27.6%   183 3364s
 29573 23913 14082.4117  101   26 14332.1100 10380.0524  27.6%   183 3365s
 29671 23963 10592.0701   22  488 14332.1100 10380.0524  27.6%   183 3394s
 29704 23963 12132.8655   76  275 14332.1100 10380.0524  27.6%   184 3395s
 29721 24059 11140.9932   40  430 14332.1100 10380.0524  27.6%   184 3421s
 29838 24202 12534.7114   81  168 14332.1100 10381.6810  27.6%   184 3451s
 29998 24293 14316.2900  176    - 14332.1100 10381.8049  27.6%   184 3472s
 30105 24449 infeasible  176      14332.1100 10382.3148  27.6%   184 3494s
 30182 24449 12598.0780  111   43 14332.1100 10382.3148  27.6%   184 3495s
 30287 24688 10795.3345   26  259 14332.1100 10382.5900  27.6%   184 3519s
 30543 24945 11952.2207   76   72 14332.1100 10383.1961  27.6%   184 3542s
 30839 25196 11326.7550   37  194 14332.1100 10383.6788  27.5%   184 3566s
 31176 25402 11848.7231   42  188 14332.1100 10384.0913  27.5%   183 3586s
 31412 25497 11172.1155   56  426 14332.1100 10384.1418  27.5%   183 3600s
H31414 25244                    14274.110000 10384.1418  27.3%   183 3600s

Cutting planes:
  User: 6716
  Gomory: 24
  Cover: 547
  Implied bound: 156
  Projected implied bound: 14
  Clique: 65
  MIR: 183
  StrongCG: 2
  Flow cover: 469
  Zero half: 75
  RLT: 398
  Relax-and-lift: 19
  Lazy constraints: 3865

Explored 31507 nodes (5776296 simplex iterations) in 3600.86 seconds
Thread count was 2 (of 32 available processors)

Solution count 10: 14274.1 14332.1 14489.2 ... 15018.2

Time limit reached
Best objective 1.427411000000e+04, best bound 1.038414184731e+04, gap 27.2519%

User-callback calls 601096, time in user-callback 221.21 sec
================================================================================
executing instance: ./input/Instances/Original/3/absH3high_5n20.dat
--------------------------------------------------------------------------------
Instance details
n	21
H	3
C	1734
Li:
[0, 0, 0, 0, 0, 0, 0, 0, 0, 0, 0, 0, 0, 0, 0, 0, 0, 0, 0, 0, 0, ]
Ui:
[0, 40, 237, 68, 194, 144, 207, 114, 118, 207, 120, 72, 128, 48, 102, 237, 261, 135, 84, 184, 142, ]
Distance matrix:
|0	408	254	408	305	286	284	573	384	380	400	384	552	461	243	577	274	285	345	92	431	|
|408	0	189	21	111	218	178	168	182	283	211	86	158	222	191	168	136	320	219	318	87	|
|254	189	0	198	81	230	31	354	276	174	157	136	307	348	158	348	110	313	275	180	183	|
|408	21	198	0	118	204	190	165	163	302	230	105	169	202	184	170	134	306	202	317	107	|
|305	111	81	118	0	188	80	278	209	221	172	86	247	276	129	276	61	285	220	218	130	|
|286	218	230	204	188	0	249	342	102	401	360	260	373	176	73	360	128	103	60	202	290	|
|284	178	31	190	80	249	0	339	286	151	127	114	284	355	180	330	124	337	290	211	160	|
|573	168	354	165	278	342	339	0	262	411	330	229	118	248	342	37	298	434	316	482	194	|
|384	182	276	163	209	102	286	262	0	429	372	252	319	79	149	287	167	174	55	297	268	|
|380	283	174	302	221	401	151	411	429	0	82	197	318	491	331	390	274	488	439	331	219	|
|400	211	157	230	172	360	127	330	372	82	0	125	237	427	297	308	232	455	390	335	139	|
|384	86	136	105	86	260	114	229	252	197	125	0	171	303	210	217	143	361	278	301	47	|
