




arguments: ./build/bc_mirp -f ./input/orig_exec_187.cfg
Current dir: /scratch/gui/bc_mirp
File verbosity level: 9
date       time         ( uptime  ) [ thread name/id ]                   file:line     v| 
2021-02-12 19:21:47.832 (   0.055s) [main thread     ]             loguru.cpp:789   INFO| Logging to './output/vi_vc+cos/OU/V5/Original/execution_12_02_2021_19_21_47.log', mode: 'a', verbosity: 9
--------------------------------------------------------------------------------
Parameters
                           instance_path           ./input/Instances/Original/4/
                            model_policy                                       1
                             nb_vehicles                                       5
                              output_dir      ./output/vi_vc+cos/OU/V5/Original/
                            sec_strategy                                       1
                       solver_nb_threads                                       2
                         solver_show_log                                    true
                       solver_time_limit                                    3600
                              use_vi_cos                                    true
                              use_vi_cus                                   false
                         use_vi_hc1_full                                   false
                         use_vi_hc1_half                                   false
                      use_vi_hc1_quarter                                   false
                              use_vi_hc2                                   false
                              use_vi_hc3                                   false
                         use_vi_lex_full                                   false
                         use_vi_lex_half                                   false
                      use_vi_lex_quarter                                   false
                              use_vi_qua                                   false
                               use_vi_vc                                    true
                               use_vi_vr                                   false
--------------------------------------------------------------------------------
executing instance: ./input/Instances/Original/4/absH3low_3n30.dat
--------------------------------------------------------------------------------
Instance details
n	31
H	3
C	2841
Li:
[0, 0, 0, 0, 0, 0, 0, 0, 0, 0, 0, 0, 0, 0, 0, 0, 0, 0, 0, 0, 0, 0, 0, 0, 0, 0, 0, 0, 0, 0, 0, ]
Ui:
[0, 246, 98, 54, 144, 171, 192, 180, 165, 98, 122, 198, 297, 144, 130, 129, 219, 138, 142, 150, 108, 66, 64, 285, 180, 204, 276, 168, 240, 198, 122, ]
Distance matrix:
|0	172	56	166	260	198	42	197	296	110	91	112	238	275	323	183	330	232	175	181	162	191	232	280	201	139	356	185	266	216	26	|
|172	0	178	223	320	335	153	355	444	62	231	99	333	376	214	352	176	235	194	106	47	41	353	161	299	175	225	43	326	374	153	|
|56	178	0	110	204	162	93	233	336	125	144	148	187	226	358	180	313	284	123	152	182	185	282	252	256	88	329	177	210	251	42	|
|166	223	110	0	102	150	199	327	431	194	253	237	113	156	431	228	296	386	44	140	248	208	389	218	366	48	287	200	108	344	148	|
|260	320	204	102	0	156	296	391	493	296	340	339	66	90	531	263	362	486	127	226	349	300	469	278	454	148	334	292	6	406	245	|
|198	335	162	150	156	0	239	255	351	286	245	307	93	106	518	111	442	423	194	280	344	335	349	367	352	182	437	327	158	266	199	|
|42	153	93	199	296	239	0	203	296	91	82	76	278	316	284	217	322	191	201	186	133	180	217	281	177	165	356	175	302	222	52	|
|197	355	233	327	391	255	203	0	104	294	125	266	340	361	436	151	524	276	352	377	330	383	109	477	146	319	553	377	395	19	222	|
|296	444	336	431	493	351	296	104	0	384	214	348	440	456	488	241	617	315	456	476	412	475	113	575	176	422	651	470	497	88	322	|
|110	62	125	194	296	286	91	294	384	0	171	55	298	340	238	292	233	210	176	118	58	91	298	201	248	148	273	87	302	313	94	|
|91	231	144	253	340	245	82	125	214	171	0	141	307	339	324	184	403	187	266	266	204	261	140	363	114	230	438	256	346	144	116	|
|112	99	148	237	339	307	76	266	348	55	141	0	332	373	212	292	275	156	225	173	64	137	254	253	200	194	322	135	345	284	108	|
|238	333	187	113	66	93	278	340	440	298	307	332	0	43	536	203	404	469	153	253	354	321	427	322	420	160	385	313	67	353	229	|
|275	376	226	156	90	106	316	361	456	340	339	373	43	0	578	216	443	507	194	295	397	364	453	361	451	203	421	356	88	372	268	|
|323	214	358	431	531	518	284	436	488	238	324	212	536	578	0	498	309	176	407	320	183	245	376	344	312	383	379	251	537	451	319	|
|183	352	180	228	263	111	217	151	241	292	184	292	203	216	498	0	492	371	266	328	345	364	255	426	272	242	501	356	266	159	198	|
|330	176	313	296	362	442	322	524	617	233	403	275	404	443	309	492	0	397	253	164	218	142	529	84	475	260	72	147	367	543	306	|
|232	235	284	386	486	423	191	276	315	210	187	156	469	507	176	371	397	0	379	327	188	276	202	396	139	346	456	277	492	289	242	|
|175	194	123	44	127	194	201	352	456	176	266	225	153	194	407	266	253	379	0	101	225	174	405	174	375	36	244	166	133	370	152	|
|181	106	152	140	226	280	186	377	476	118	266	173	253	295	320	328	164	327	101	0	148	76	403	100	360	98	177	69	232	396	155	|
|162	47	182	248	349	344	133	330	412	58	204	64	354	397	183	345	218	188	225	148	0	89	316	208	259	201	270	90	355	348	149	|
|191	41	185	208	300	335	180	383	475	91	261	137	321	364	245	364	142	276	174	76	89	0	388	119	336	162	185	8	306	402	169	|
|232	353	282	389	469	349	217	109	113	298	140	254	427	453	376	255	529	202	405	403	316	388	0	497	64	369	570	384	474	112	256	|
|280	161	252	218	278	367	281	477	575	201	363	253	322	361	344	426	84	396	174	100	208	119	497	0	449	187	77	119	283	496	255	|
|201	299	256	366	454	352	177	146	176	248	114	200	420	451	312	272	475	139	375	360	259	336	64	449	0	339	521	333	460	156	223	|
|139	175	88	48	148	182	165	319	422	148	230	194	160	203	383	242	260	346	36	98	201	162	369	187	339	0	260	153	154	337	116	|
|356	225	329	287	334	437	356	553	651	273	438	322	385	421	379	501	72	456	244	177	270	185	570	77	521	260	0	187	338	572	331	|
|185	43	177	200	292	327	175	377	470	87	256	135	313	356	251	356	147	277	166	69	90	8	384	119	333	153	187	0	298	396	163	|
|266	326	210	108	6	158	302	395	497	302	346	345	67	88	537	266	367	492	133	232	355	306	474	283	460	154	338	298	0	410	251	|
|216	374	251	344	406	266	222	19	88	313	144	284	353	372	451	159	543	289	370	396	348	402	112	496	156	337	572	396	410	0	241	|
|26	153	42	148	245	199	52	222	322	94	116	108	229	268	319	198	306	242	152	155	149	169	256	255	223	116	331	163	251	241	0	|

--------------------------------------------------------------------------------
Building model...
	using lazy and cut (CVRPSEP package)
Solving IRP LP...
--------------------------------------------------------------------------------

Gurobi 9.1.0 (linux64) logging started Fri Feb 12 19:21:48 2021

Gurobi Optimizer version 9.1.0 build v9.1.0rc0 (linux64)
Thread count: 32 physical cores, 32 logical processors, using up to 2 threads
Optimize a model with 1351 rows, 8014 columns and 30514 nonzeros
Model fingerprint: 0xe6654eff
Variable types: 574 continuous, 7440 integer (465 binary)
Coefficient statistics:
  Matrix range     [1e+00, 7e+02]
  Objective range  [1e-02, 7e+02]
  Bounds range     [1e+00, 3e+02]
  RHS range        [1e+00, 5e+03]
Presolve removed 334 rows and 181 columns
Presolve time: 0.15s
Presolved: 1017 rows, 7833 columns, 28679 nonzeros
Variable types: 362 continuous, 7471 integer (7003 binary)

Root relaxation: objective 2.465332e+03, 1344 iterations, 0.05 seconds

    Nodes    |    Current Node    |     Objective Bounds      |     Work
 Expl Unexpl |  Obj  Depth IntInf | Incumbent    BestBd   Gap | It/Node Time

     0     0 2465.33247    0  114          - 2465.33247      -     -    0s
     0     0 2678.07227    0  119          - 2678.07227      -     -    0s
     0     0 2689.56731    0  137          - 2689.56731      -     -    0s
     0     0 3134.35466    0  217          - 3134.35466      -     -    1s
     0     0 3136.97696    0  220          - 3136.97696      -     -    1s
     0     0 3136.97696    0  221          - 3136.97696      -     -    1s
     0     0 3334.61942    0  233          - 3334.61942      -     -    1s
     0     0 3394.81344    0  288          - 3394.81344      -     -    2s
     0     0 3407.40978    0  255          - 3407.40978      -     -    3s
     0     0 3408.10646    0  241          - 3408.10646      -     -    3s
     0     0 3408.54679    0  254          - 3408.54679      -     -    3s
     0     0 3504.91038    0  322          - 3504.91038      -     -    4s
     0     0 3521.70677    0  274          - 3521.70677      -     -    4s
     0     0 3532.28315    0  335          - 3532.28315      -     -    4s
     0     0 3543.14627    0  309          - 3543.14627      -     -    4s
     0     0 3562.74043    0  290          - 3562.74043      -     -    4s
     0     0 3569.10235    0  314          - 3569.10235      -     -    4s
     0     0 3569.13241    0  328          - 3569.13241      -     -    4s
     0     0 3604.72978    0  329          - 3604.72978      -     -    4s
     0     0 3607.88607    0  342          - 3607.88607      -     -    4s
     0     0 3609.75074    0  341          - 3609.75074      -     -    5s
     0     0 3609.75074    0  314          - 3609.75074      -     -    5s
     0     0 3653.19320    0  258          - 3653.19320      -     -    5s
     0     0 3660.24566    0  291          - 3660.24566      -     -    5s
     0     0 3662.06485    0  289          - 3662.06485      -     -    5s
     0     0 3662.15884    0  300          - 3662.15884      -     -    5s
     0     0 3665.11856    0  336          - 3665.11856      -     -    5s
     0     0 3665.11856    0  255          - 3665.11856      -     -    6s
     0     2 3670.11856    0  254          - 3670.11856      -     -    6s
    31    34 3921.17043    9  351          - 3672.63838      -   474   10s
   107   118 4054.36504   38  310          - 3672.63838      -   383   15s
   228   245 4634.85437   76  150          - 3672.63838      -   312   20s
   343   353 4834.44087   91  188          - 3672.63838      -   272   25s
   654   725 7092.38281  308   84          - 3672.63838      -   184   30s
   818   839 4517.04941   18  170          - 3698.18658      -   180   35s
  1010  1101 4509.15503   34  309          - 3698.18658      -   177   41s
  1339  1417 4532.63289   72  286          - 3698.18658      -   153   46s
  1454  1431 6024.18431  308  133          - 3698.18658      -   150   50s
  1469  1441 7323.39458  471  546          - 3778.46936      -   149   55s
  1482  1450 4716.50684   97  589          - 3817.51873      -   147   60s
  1494  1458 5052.72970  191  561          - 3834.33480      -   146   65s
  1506  1467 6070.17252  104  241          - 3837.90583      -   158   70s
  1523  1478 4826.35569   93  587          - 3841.00785      -   156   75s
  1534  1489 4004.54408   22  415          - 3844.34253      -   165   80s
  1577  1520 3899.13511   32  275          - 3897.48167      -   179   85s
  1695  1611 4038.66827   43  385          - 3897.48167      -   181   90s
* 1811  1594             135    7000.5900000 3897.48167  44.3%   175   91s
  1813  1588 4182.39971   48  326 7000.59000 3897.48167  44.3%   175   96s
  1851  1599 4169.02210   55  284 7000.59000 3897.48167  44.3%   177  100s
  1903  1635 4380.74214   72  231 7000.59000 3897.48167  44.3%   183  105s
  1970  1678 4736.37269   93  222 7000.59000 3897.48167  44.3%   188  110s
  2039  1730 4682.30180  115  202 7000.59000 3897.48167  44.3%   193  115s
  2095  1764 4575.93896   75  184 7000.59000 3897.48167  44.3%   195  132s
  2121  1776 5097.61325  137  203 7000.59000 3897.48167  44.3%   196  135s
  2198  1842 6409.27051  164  140 7000.59000 3897.48167  44.3%   198  140s
  2298  1878 4121.64691   31  376 7000.59000 3897.61972  44.3%   200  146s
  2359  1930 4058.40222   39  456 7000.59000 3897.61972  44.3%   203  151s
  2414  1924 4167.66685   41  320 7000.59000 3897.61972  44.3%   204  156s
  2437  1938 4110.82224   34  301 7000.59000 3897.61972  44.3%   206  160s
  2462  1961 4252.89969   53  477 7000.59000 3897.61972  44.3%   211  165s
  2483  1977 4334.56168   59  393 7000.59000 3897.61972  44.3%   214  170s
  2556  2049 4442.01532   69  378 7000.59000 3897.61972  44.3%   216  177s
  2612  2122 4600.21708   74  225 7000.59000 3897.61972  44.3%   217  182s
  2686  2190 4836.01795   83  241 7000.59000 3897.61972  44.3%   215  185s
  2863  2343 5229.27496  101  199 7000.59000 3897.61972  44.3%   210  203s
  2995  2470 5808.26649  111  160 7000.59000 3897.61972  44.3%   205  206s
  3172  2528 6207.57222  122  148 7000.59000 3897.61972  44.3%   196  211s
* 3295  2415             276    6968.6700000 3897.61972  44.1%   191  211s
  3374  2513 4315.93116   33  174 6968.67000 3908.81222  43.9%   192  217s
  3494  2483     cutoff  113      6968.67000 3914.71054  43.8%   189  221s
  3556  2590 5697.15243   53  166 6968.67000 3914.71054  43.8%   192  226s
  3643  2625     cutoff  109      6968.67000 3914.72050  43.8%   191  230s
  3785  2719 4521.70528   45  153 6968.67000 3914.72050  43.8%   191  237s
  3881  2809 5591.32363   90   81 6968.67000 3936.36927  43.5%   190  240s
  4114  2852 4700.78681   57  140 6968.67000 3936.36927  43.5%   188  247s
  4167  2961 5355.37851   71  117 6968.67000 3936.36927  43.5%   188  250s
  4397  2961 4300.04007   34  247 6968.67000 3954.21275  43.3%   186  258s
  4429  3034 4969.51765   52  232 6968.67000 3954.21275  43.3%   187  262s
  4512  3027 6913.60736   95  168 6968.67000 3954.77486  43.2%   187  270s
  4560  3058 4201.05935   34  298 6968.67000 3978.62212  42.9%   188  276s
  4607  3116 4895.38864   53  312 6968.67000 3978.62212  42.9%   189  284s
  4694  3145 6281.86627   79   93 6968.67000 3987.10647  42.8%   189  289s
  4751  3126 4234.08607   30  251 6968.67000 3987.10647  42.8%   188  290s
  4775  3225 4383.85966   39  258 6968.67000 3987.10647  42.8%   189  301s
  4898  3189 6140.53399   98  109 6968.67000 3987.10647  42.8%   188  308s
H 4899  2846                    6697.6700000 3987.10647  40.5%   188  308s
  4903  2874 6214.61598   99   93 6697.67000 3987.10950  40.5%   188  314s
  4948  2909 4508.70719   30  423 6697.67000 3987.10950  40.5%   189  319s
  4998  2971 5109.39613   65  256 6697.67000 3987.98195  40.5%   190  325s
  5087  2991 4213.53438   29  418 6697.67000 3987.98195  40.5%   191  332s
  5137  3077 4843.19291   49  215 6697.67000 3989.27513  40.4%   192  338s
  5247  3158 4284.42621   31  224 6697.67000 3989.27513  40.4%   192  347s
  5399  3161 4438.54008   42  410 6697.67000 3989.27513  40.4%   191  355s
  5432  3272 4754.27908   49  410 6697.67000 3989.27513  40.4%   193  361s
  5556  3333 4837.21499   62  203 6697.67000 3989.27513  40.4%   192  409s
  5591  3333 4205.49924   33  303 6697.67000 3989.27513  40.4%   193  410s
  5617  3479 5058.19660   78  238 6697.67000 3989.27513  40.4%   194  418s
  5775  3658 5834.28047  107  132 6697.67000 4004.59569  40.2%   193  428s
  5929  3658 4565.86783   38  282 6697.67000 4006.17688  40.2%   191  430s
  6001  3692 4287.06201   31  403 6697.67000 4006.17688  40.2%   191  437s
  6035  3793 4597.58563   37  316 6697.67000 4006.17688  40.2%   193  445s
  6136  3881 5213.99977   52  174 6697.67000 4008.85556  40.1%   194  455s
  6244  3927 4505.41992   26  319 6697.67000 4014.98524  40.1%   194  464s
  6291  4125 5542.07454   56  279 6697.67000 4017.07019  40.0%   196  475s
  6508  4195 6524.13980  163    8 6697.67000 4017.43408  40.0%   192  485s
  6603  4323     cutoff  171      6697.67000 4019.47751  40.0%   193  496s
  6752  4366     cutoff  170      6697.67000 4024.20759  39.9%   193  514s
  6799  4470 5050.75629   55  219 6697.67000 4024.33409  39.9%   195  524s
  6925  4542 4477.12675   32  185 6697.67000 4024.33409  39.9%   195  534s
  7015  4658 4623.52198   41  185 6697.67000 4024.33409  39.9%   196  547s
  7131  4851 5156.82493   77   40 6697.67000 4025.01187  39.9%   197  560s
  7417  4979 infeasible  155      6697.67000 4032.34680  39.8%   194  585s
  7573  5062 4136.46136   32  248 6697.67000 4040.74659  39.7%   194  599s
  7641  5062 5683.09153   83   70 6697.67000 4040.74659  39.7%   195  600s
  7668  5112 4359.18134   39  342 6697.67000 4040.74659  39.7%   196  611s
  7718  5238 4645.82090   44  177 6697.67000 4040.74659  39.7%   198  626s
  7844  5361 5404.19580   72  174 6697.67000 4041.74013  39.7%   198  644s
  7884  5361 5634.13323   88   80 6697.67000 4041.74013  39.7%   198  680s
  8023  5530 infeasible  134      6697.67000 4044.05998  39.6%   197  694s
  8076  5531 6006.40067   74   51 6697.67000 4044.05998  39.6%   197  695s
  8207  5606 6690.34000  134    - 6697.67000 4059.86555  39.4%   197  709s
  8273  5607 6629.85969   82   89 6697.67000 4062.82177  39.3%   197  710s
  8292  5745 4870.13225   38  238 6697.67000 4062.82177  39.3%   198  724s
  8374  5745 6013.79240   56   83 6697.67000 4062.82177  39.3%   200  725s
  8454  5861 6079.31487   59  175 6697.67000 4068.17933  39.3%   199  739s
  8515  5861 4380.64760   34  367 6697.67000 4068.17933  39.3%   198  740s
  8601  5923 4786.70511   40  293 6697.67000 4068.19983  39.3%   199  751s
  8663  6004 4857.38141   61  233 6697.67000 4068.19983  39.3%   201  821s
  8744  6223 5582.39306   78  110 6697.67000 4068.19983  39.3%   202  840s
  8967  6397 infeasible  114      6697.67000 4068.95461  39.2%   200  857s
* 9109  5147             148    6120.2000000 4071.24342  33.5%   199  858s
  9214  5098 4607.52365   41  188 6120.20000 4071.24342  33.5%   198  872s
* 9241  5081             147    6116.2000000 4071.24342  33.4%   199  872s
  9282  5194 4986.77657   54  311 6116.20000 4071.86767  33.4%   200  889s
  9366  5194 5742.58000   96    - 6116.20000 4071.86767  33.4%   200  890s
  9453  5225     cutoff  112      6116.20000 4078.87665  33.3%   199  906s
  9482  5371 4659.67443   43  206 6116.20000 4079.56474  33.3%   200  921s
  9668  5467 5080.35242   52  162 6116.20000 4080.98891  33.3%   199  936s
  9776  5616 4956.57116   42  130 6116.20000 4083.30119  33.2%   199  953s
  9974  5726 4646.38057   27  212 6116.20000 4085.73812  33.2%   199  971s
 10100  5844     cutoff   94      6116.20000 4086.48161  33.2%   198  988s
H10248  5779                    6074.2000000 4086.63336  32.7%   198 1003s
 10320  5848 4528.00714   40  274 6074.20000 4092.62875  32.6%   199 1017s
 10416  5883 4390.39880   45  306 6074.20000 4093.33416  32.6%   200 1033s
 10451  5930 4672.04359   57  280 6074.20000 4093.33416  32.6%   202 1048s
 10500  6037 5149.90646   73  255 6074.20000 4093.84274  32.6%   204 1064s
 10580  6037 5665.21789  113  122 6074.20000 4093.84274  32.6%   203 1065s
 10653  6147 4600.77102   32  344 6074.20000 4093.84274  32.6%   204 1167s
 10836  6219 4641.15603   38  347 6074.20000 4093.84274  32.6%   203 1187s
 10911  6323 5197.05228   48  178 6074.20000 4094.30464  32.6%   204 1204s
 11041  6454 4610.79413   25  320 6074.20000 4097.41496  32.5%   205 1217s
 11214  6613 4453.02699   31  396 6074.20000 4099.34676  32.5%   205 1252s
 11366  6613 5553.11664   67   67 6074.20000 4099.34676  32.5%   204 1255s
 11413  6687 5824.16593   79  205 6074.20000 4100.64181  32.5%   204 1273s
H11414  6370                    5976.2000000 4100.64181  31.4%   204 1273s
H11459  6125                    5902.8000000 4103.29589  30.5%   204 1274s
 11507  6240 4562.96756   39  341 5902.80000 4103.39186  30.5%   204 1304s
 11584  6240 5589.07993   67  143 5902.80000 4103.39186  30.5%   204 1305s
 11648  6314 5696.07210   74   84 5902.80000 4104.74511  30.5%   204 1322s
 11738  6408 5132.56102   55  290 5902.80000 4105.06655  30.5%   205 1339s
 11855  6501 5272.99955   55  172 5902.80000 4106.37095  30.4%   205 1358s
 11968  6609 4389.55071   45  345 5902.80000 4106.38205  30.4%   206 1376s
 12094  6735 4886.34080   61  246 5902.80000 4106.38205  30.4%   207 1394s
 12191  6735 4333.06162   45  381 5902.80000 4106.38205  30.4%   207 1395s
 12257  6781     cutoff  109      5902.80000 4107.55312  30.4%   207 1435s
 12325  6813 4349.78952   40  506 5902.80000 4107.59220  30.4%   209 1453s
 12357  6863 4357.93637   38  478 5902.80000 4107.59220  30.4%   211 1470s
 12407  6941 4419.60228   46  493 5902.80000 4107.59220  30.4%   212 1487s
 12485  7040 4526.99332   45  411 5902.80000 4107.59220  30.4%   214 1506s
 12618  7155 4504.93288   49  462 5902.80000 4107.59220  30.4%   214 1525s
 12745  7214 4693.32985   61  230 5902.80000 4107.59220  30.4%   215 1572s
 12824  7268 4830.41853   63  305 5902.80000 4107.59220  30.4%   216 1594s
 12878  7363 4996.85270   69  228 5902.80000 4107.59220  30.4%   218 1613s
H12882  7191                    5854.8000000 4107.59220  29.8%   218 1613s
 12989  7405 5317.53598   79  206 5854.80000 4113.45779  29.7%   218 1635s
*13242  7364             102    5844.8000000 4113.81748  29.6%   217 1637s
 13265  7548 4875.56721   41  168 5844.80000 4115.17071  29.6%   217 1691s
 13506  7633 infeasible  105      5844.80000 4118.19768  29.5%   217 1720s
 13617  7702 4607.21591   43  330 5844.80000 4118.56626  29.5%   217 1740s
 13710  7777 4496.90742   32  409 5844.80000 4119.08212  29.5%   218 1799s
 13796  7832 5554.09477   67  354 5844.80000 4119.62104  29.5%   219 1819s
 13864  7938 4875.77576   49  366 5844.80000 4121.05716  29.5%   220 1839s
 13996  7987 4941.91720   57  381 5844.80000 4121.54369  29.5%   221 1860s
 14066  8063 4652.61538   34  351 5844.80000 4121.62621  29.5%   223 1918s
 14142  8154 4687.75757   42  406 5844.80000 4121.62621  29.5%   224 1940s
 14245  8384 4952.60794   54  213 5844.80000 4122.09610  29.5%   225 1962s
 14540  8529 5636.78000  128   14 5844.80000 4123.92604  29.4%   223 1985s
*14635  8499              97    5838.6600000 4123.92604  29.4%   223 1985s
 14731  8590 4179.48291   28  484 5838.66000 4131.17831  29.2%   223 2007s
 14836  8739 5498.35267   61  229 5838.66000 4131.32325  29.2%   224 2028s
 15033  8852 4911.03873   42  189 5838.66000 4134.26441  29.2%   224 2050s
H15132  8464                    5754.6600000 4134.26441  28.2%   223 2051s
 15167  8580 4606.58389   46  390 5754.66000 4135.66269  28.1%   224 2071s
 15328  8684 4487.04672   41  332 5754.66000 4136.04007  28.1%   225 2092s
 15466  8803 5550.20327   58  190 5754.66000 4136.82202  28.1%   225 2115s
 15641  8935 4170.06961   34  189 5754.66000 4139.50345  28.1%   225 2137s
 15835  9003 4543.78862   35  306 5754.66000 4143.91540  28.0%   225 2157s
 15888  9003 5680.42357   82  170 5754.66000 4144.00574  28.0%   225 2212s
 15926  9126 4366.51172   31  218 5754.66000 4144.46471  28.0%   226 2233s
 16078  9216 4815.61956   57  312 5754.66000 4145.41228  28.0%   226 2255s
 16190  9317 5076.87699   44  382 5754.66000 4145.45577  28.0%   227 2278s
 16326  9432 5113.61898   57  229 5754.66000 4146.20280  28.0%   227 2347s
 16463  9540 4898.43626   37  402 5754.66000 4146.63815  27.9%   228 2369s
 16527  9540     cutoff   57      5754.66000 4146.72043  27.9%   228 2370s
 16595  9634 4865.19860   55  254 5754.66000 4146.81443  27.9%   228 2392s
 16739  9768 5043.39028   60  363 5754.66000 4147.12197  27.9%   229 2414s
 16891  9871 4683.88032   57  271 5754.66000 4147.26531  27.9%   229 2436s
 16988  9871 5724.27886   77   84 5754.66000 4147.26531  27.9%   230 2477s
 17009 10034 5155.04397   73  273 5754.66000 4148.68441  27.9%   230 2499s
 17065 10034 5458.13371   98  191 5754.66000 4148.68441  27.9%   230 2500s
 17216 10109 4742.98261   39  430 5754.66000 4148.73988  27.9%   230 2524s
 17363 10281 5342.56835   44  124 5754.66000 4149.13478  27.9%   230 2547s
 17571 10374     cutoff   88      5754.66000 4149.43954  27.9%   230 2569s
 17615 10374 5549.19412   93   53 5754.66000 4151.73681  27.9%   231 2637s
 17707 10405 4236.62288   32  378 5754.66000 4151.73681  27.9%   231 2664s
 17738 10467 4454.80759   40  531 5754.66000 4151.73681  27.9%   232 2687s
 17800 10621 4690.23844   49  471 5754.66000 4151.73681  27.9%   233 2709s
 17982 10751 5069.31807   60  337 5754.66000 4154.37441  27.8%   233 2733s
 18031 10751 5366.49022   91  164 5754.66000 4154.37441  27.8%   233 2772s
 18156 10904 4671.21812   35  303 5754.66000 4154.79011  27.8%   233 2796s
 18329 11010 5406.25595   55  236 5754.66000 4155.35557  27.8%   233 2850s
 18468 11119 5010.36475   48  371 5754.66000 4156.87354  27.8%   234 2875s
 18595 11192 4668.06956   58  257 5754.66000 4157.40594  27.8%   234 2895s
 18638 11192 4668.43713   50  450 5754.66000 4157.96820  27.7%   235 2946s
 18684 11279 4846.02204   46  145 5754.66000 4157.96820  27.7%   235 2968s
H18773 10601                    5646.6600000 4157.96820  26.4%   236 2993s
 18931 10747 5451.11370   65  183 5646.66000 4158.61788  26.4%   237 3019s
 18996 10747 5555.68521   85   76 5646.66000 4158.61788  26.4%   237 3020s
 19179 10846 4510.15350   38  417 5646.66000 4160.44805  26.3%   236 3046s
 19215 10846 4441.39307   41  460 5646.66000 4160.44805  26.3%   237 3108s
 19292 11046 5514.68894   53  177 5646.66000 4161.65006  26.3%   237 3132s
 19544 11233 5142.82691   54  200 5646.66000 4162.30973  26.3%   236 3156s
 19603 11233 5399.30561   58  114 5646.66000 4162.30973  26.3%   236 3204s
 19731 11234 5111.94862   51  144 5646.66000 4162.60046  26.3%   235 3205s
 19781 11364 5003.86212   57  241 5646.66000 4162.74752  26.3%   235 3228s
 19960 11480 4505.97297   41  327 5646.66000 4165.54562  26.2%   236 3253s
H20108 10992                    5576.6600000 4166.76300  25.3%   236 3278s
 20291 11085 4657.75372   38  157 5576.66000 4168.56717  25.2%   236 3349s
 20371 11085 4909.83569   61  442 5576.66000 4170.31813  25.2%   236 3350s
 20425 11241 4217.80540   34  282 5576.66000 4170.32790  25.2%   237 3373s
 20616 11364 4984.48647   38  161 5576.66000 4172.81856  25.2%   237 3398s
 20797 11488 4534.03644   40  215 5576.66000 4173.18636  25.2%   237 3423s
 20944 11647 4743.81927   61  142 5576.66000 4173.82551  25.2%   238 3488s
 21141 11757 4777.08587   44  165 5576.66000 4176.67880  25.1%   238 3523s
 21235 11757 4646.98014   42  273 5576.66000 4176.67880  25.1%   238 3525s
 21271 11833 5244.90809   62  134 5576.66000 4179.13239  25.1%   238 3607s

Cutting planes:
  User: 7774
  Gomory: 20
  Cover: 449
  Implied bound: 187
  Projected implied bound: 13
  Clique: 35
  MIR: 98
  Flow cover: 301
  GUB cover: 3
  Zero half: 6
  Mod-K: 1
  RLT: 330
  Relax-and-lift: 11
  Lazy constraints: 710

Explored 21382 nodes (5124808 simplex iterations) in 3608.28 seconds
Thread count was 2 (of 32 available processors)

Solution count 10: 5576.66 5646.66 5754.66 ... 6116.2

Time limit reached
Best objective 5.576660000000e+03, best bound 4.179132390436e+03, gap 25.0603%

User-callback calls 328471, time in user-callback 204.97 sec
================================================================================
executing instance: ./input/Instances/Original/4/absH3low_3n10.dat
--------------------------------------------------------------------------------
Instance details
n	11
H	3
C	687
Li:
[0, 0, 0, 0, 0, 0, 0, 0, 0, 0, 0, ]
Ui:
[0, 189, 44, 174, 78, 36, 198, 117, 42, 96, 240, ]
Distance matrix:
|0	209	255	286	142	156	285	317	182	161	135	|
|209	0	464	451	315	356	490	469	361	299	260	|
|255	464	0	221	202	130	74	280	189	254	273	|
|286	451	221	0	145	156	164	479	354	153	192	|
|142	315	202	145	0	73	194	388	250	53	73	|
|156	356	130	156	73	0	134	332	200	127	144	|
|285	490	74	164	194	134	0	353	256	239	267	|
|317	469	280	479	388	332	353	0	141	436	430	|
|182	361	189	354	250	200	256	141	0	296	289	|
|161	299	254	153	53	127	239	436	296	0	39	|
|135	260	273	192	73	144	267	430	289	39	0	|

--------------------------------------------------------------------------------
Building model...
	using lazy and cut (CVRPSEP package)
Solving IRP LP...
--------------------------------------------------------------------------------

Gurobi 9.1.0 (linux64) logging started Fri Feb 12 20:21:56 2021

Gurobi Optimizer version 9.1.0 build v9.1.0rc0 (linux64)
Thread count: 32 physical cores, 32 logical processors, using up to 2 threads
Optimize a model with 491 rows, 1184 columns and 4814 nonzeros
Model fingerprint: 0x28d2aa1f
Variable types: 194 continuous, 990 integer (165 binary)
Coefficient statistics:
  Matrix range     [1e+00, 5e+02]
  Objective range  [1e-02, 5e+02]
  Bounds range     [1e+00, 2e+02]
  RHS range        [1e+00, 1e+03]
Presolve removed 115 rows and 162 columns
Presolve time: 0.07s
Presolved: 376 rows, 1022 columns, 3962 nonzeros
Variable types: 110 continuous, 912 integer (754 binary)

Root relaxation: objective 2.191072e+03, 515 iterations, 0.01 seconds

    Nodes    |    Current Node    |     Objective Bounds      |     Work
 Expl Unexpl |  Obj  Depth IntInf | Incumbent    BestBd   Gap | It/Node Time

     0     0 2191.07205    0   77          - 2191.07205      -     -    0s
     0     0 2630.36088    0   60          - 2630.36088      -     -    0s
     0     0 2933.03084    0   92          - 2933.03084      -     -    0s
     0     0 2933.03084    0   90          - 2933.03084      -     -    0s
     0     0 3028.51319    0  127          - 3028.51319      -     -    0s
     0     0 3041.30590    0  162          - 3041.30590      -     -    0s
     0     0 3044.03376    0  136          - 3044.03376      -     -    0s
     0     0 3044.46198    0  137          - 3044.46198      -     -    0s
     0     0 3116.36849    0  138          - 3116.36849      -     -    0s
     0     0 3119.84258    0  142          - 3119.84258      -     -    0s
     0     0 3120.00737    0  138          - 3120.00737      -     -    0s
     0     0 3162.35164    0  183          - 3162.35164      -     -    0s
H    0     0                    4410.3200000 3162.35164  28.3%     -    0s
     0     0 3170.68875    0  184 4410.32000 3170.68875  28.1%     -    0s
     0     0 3172.70822    0  188 4410.32000 3172.70822  28.1%     -    0s
     0     0 3177.70065    0  179 4410.32000 3177.70065  27.9%     -    0s
     0     0 3177.83268    0  170 4410.32000 3177.83268  27.9%     -    0s
     0     0 3194.20674    0  140 4410.32000 3194.20674  27.6%     -    0s
     0     0 3200.92525    0  170 4410.32000 3200.92525  27.4%     -    0s
     0     0 3201.12917    0  193 4410.32000 3201.12917  27.4%     -    0s
     0     0 3215.81818    0  196 4410.32000 3215.81818  27.1%     -    0s
H    0     0                    3870.1000000 3215.81818  16.9%     -    0s
     0     0 3218.32906    0  197 3870.10000 3218.32906  16.8%     -    0s
     0     0 3218.91208    0  208 3870.10000 3218.91208  16.8%     -    0s
     0     0 3227.97448    0  164 3870.10000 3227.97448  16.6%     -    0s
     0     0 3228.88832    0  179 3870.10000 3228.88832  16.6%     -    0s
     0     0 3231.84601    0  167 3870.10000 3231.84601  16.5%     -    0s
     0     0 3231.84601    0  161 3870.10000 3231.84601  16.5%     -    0s
     0     2 3237.23674    0  177 3870.10000 3237.23674  16.4%     -    0s
H   32    36                    3865.3600000 3281.98306  15.1%  55.7    1s
H   61    63                    3828.3600000 3281.98306  14.3%  46.6    1s
H  623   411                    3827.1000000 3327.49706  13.1%  50.1    2s
H  737   459                    3771.3200000 3339.12063  11.5%  51.1    3s
H  739   437                    3745.3200000 3339.12063  10.8%  50.9    3s
   765   454 3710.09347   23  194 3745.32000 3339.12063  10.8%  49.2    5s
H  951   444                    3712.3200000 3392.94033  8.60%  55.1    6s
  1981   169 infeasible   30      3712.32000 3581.45627  3.53%  54.1   10s

Cutting planes:
  User: 15
  Gomory: 7
  Cover: 73
  Implied bound: 44
  Projected implied bound: 6
  Clique: 7
  MIR: 39
  StrongCG: 6
  Flow cover: 75
  Zero half: 2
  Network: 2
  RLT: 80
  Relax-and-lift: 24

Explored 2325 nodes (122150 simplex iterations) in 13.12 seconds
Thread count was 2 (of 32 available processors)

Solution count 8: 3712.32 3745.32 3771.32 ... 4410.32

Optimal solution found (tolerance 1.00e-04)
Best objective 3.712320000000e+03, best bound 3.712320000000e+03, gap 0.0000%

User-callback calls 6862, time in user-callback 1.02 sec
================================================================================
executing instance: ./input/Instances/Original/4/absH3low_3n15.dat
--------------------------------------------------------------------------------
Instance details
n	16
H	3
C	1267
Li:
[0, 0, 0, 0, 0, 0, 0, 0, 0, 0, 0, 0, 0, 0, 0, 0, ]
Ui:
[0, 156, 267, 148, 144, 87, 33, 171, 76, 141, 270, 282, 60, 110, 172, 57, ]
Distance matrix:
|0	229	567	76	58	96	306	409	310	423	108	346	165	347	159	256	|
|229	0	482	243	279	155	375	525	251	419	158	373	65	123	329	246	|
|567	482	0	506	622	483	342	439	259	200	467	274	486	433	501	312	|
|76	243	506	0	119	88	230	337	255	352	88	272	179	347	94	194	|
|58	279	622	119	0	154	345	431	366	471	166	391	217	399	179	310	|
|96	155	483	88	154	0	266	397	224	358	17	289	92	262	176	179	|
|306	375	342	230	345	266	0	158	184	148	251	68	332	423	181	140	|
|409	525	439	337	431	397	158	0	340	244	386	201	476	581	253	298	|
|310	251	259	255	366	224	184	340	0	170	208	146	238	257	274	66	|
|423	419	200	352	471	358	148	244	170	0	341	84	396	424	323	182	|
|108	158	467	88	166	17	251	386	208	341	0	273	96	259	172	162	|
|346	373	274	272	391	289	68	201	146	84	273	0	340	400	239	127	|
|165	65	486	179	217	92	332	476	238	396	96	340	0	182	267	216	|
|347	123	433	347	399	262	423	581	257	424	259	400	182	0	423	283	|
|159	329	501	94	179	176	181	253	274	323	172	239	267	423	0	208	|
|256	246	312	194	310	179	140	298	66	182	162	127	216	283	208	0	|

--------------------------------------------------------------------------------
Building model...
	using lazy and cut (CVRPSEP package)
Solving IRP LP...
--------------------------------------------------------------------------------

Gurobi 9.1.0 (linux64) logging started Fri Feb 12 20:22:10 2021

Gurobi Optimizer version 9.1.0 build v9.1.0rc0 (linux64)
Thread count: 32 physical cores, 32 logical processors, using up to 2 threads
Optimize a model with 706 rows, 2329 columns and 9214 nonzeros
Model fingerprint: 0xea2da1f0
Variable types: 289 continuous, 2040 integer (240 binary)
Coefficient statistics:
  Matrix range     [1e+00, 6e+02]
  Objective range  [1e-02, 6e+02]
  Bounds range     [1e+00, 3e+02]
  RHS range        [1e+00, 2e+03]
Presolve removed 169 rows and 91 columns
Presolve time: 0.07s
Presolved: 537 rows, 2238 columns, 8380 nonzeros
Variable types: 182 continuous, 2056 integer (1821 binary)

Root relaxation: objective 2.105739e+03, 671 iterations, 0.02 seconds

    Nodes    |    Current Node    |     Objective Bounds      |     Work
 Expl Unexpl |  Obj  Depth IntInf | Incumbent    BestBd   Gap | It/Node Time

     0     0 2105.73907    0   61          - 2105.73907      -     -    0s
     0     0 2376.11974    0  107          - 2376.11974      -     -    0s
     0     0 2381.99795    0   94          - 2381.99795      -     -    0s
     0     0 2564.12077    0  110          - 2564.12077      -     -    0s
     0     0 2688.10229    0  102          - 2688.10229      -     -    0s
     0     0 2690.78593    0  103          - 2690.78593      -     -    0s
     0     0 2697.21108    0  111          - 2697.21108      -     -    0s
     0     0 2697.21108    0  119          - 2697.21108      -     -    0s
     0     0 2835.09931    0  193          - 2835.09931      -     -    0s
     0     0 2874.76085    0  178          - 2874.76085      -     -    0s
     0     0 2874.82880    0  181          - 2874.82880      -     -    0s
     0     0 2988.09781    0  185          - 2988.09781      -     -    0s
     0     0 2993.54788    0  179          - 2993.54788      -     -    0s
     0     0 2993.54788    0  179          - 2993.54788      -     -    0s
     0     0 3008.28699    0  208          - 3008.28699      -     -    0s
     0     0 3008.69949    0  190          - 3008.69949      -     -    0s
     0     0 3012.40670    0  175          - 3012.40670      -     -    0s
     0     0 3012.79944    0  159          - 3012.79944      -     -    0s
     0     0 3014.90288    0  226          - 3014.90288      -     -    0s
     0     0 3014.90288    0  194          - 3014.90288      -     -    0s
     0     2 3015.97261    0  194          - 3015.97261      -     -    0s
   499   480 infeasible  188               - 3089.50415      -   100    5s
   762   706 5229.72008   86  257          - 3089.50415      -   118   10s
H  766   673                    5253.9400000 3089.50415  41.2%   118   10s
H  766   639                    5067.9000000 3089.50415  39.0%   118   10s
H  771   611                    5052.9000000 3089.50415  38.9%   124   11s
   797   631 3187.28071   18  276 5052.90000 3114.69834  38.4%   131   15s
   953   728 4451.85374   58   72 5052.90000 3114.69834  38.4%   150   20s
  1133   816 3250.04575   20  235 5052.90000 3187.46691  36.9%   153   25s
  1352   875 3972.10459   22  187 5052.90000 3295.70266  34.8%   156   30s
H 1439   844                    4985.9000000 3322.79390  33.4%   158   31s
H 1442   786                    4798.5200000 3322.79390  30.8%   158   31s
  1601   854     cutoff   24      4798.52000 3348.69687  30.2%   157   35s
  1828   932 4558.62022   44   69 4798.52000 3436.86094  28.4%   162   40s
  2030   947 4305.52728   27  147 4798.52000 3472.65719  27.6%   164   45s
H 2132   912                    4762.5200000 3481.72891  26.9%   165   47s
  2216   938 4551.34611   31   98 4762.52000 3491.83322  26.7%   167   50s
  2481  1076 4285.13381   29  122 4762.52000 3509.98205  26.3%   166   55s
  2718  1175 3650.47663   29  198 4762.52000 3541.50454  25.6%   166   60s
  2986  1287 3999.62165   24  183 4762.52000 3564.72381  25.2%   166   65s
  3227  1415     cutoff   33      4762.52000 3602.80403  24.4%   166   70s
H 3333  1416                    4692.1700000 3614.61514  23.0%   167   72s
  3384  1495 3981.44306   23  137 4692.17000 3616.64388  22.9%   167   75s
  3721  1603 3984.45334   21  198 4692.17000 3653.39572  22.1%   167   81s
  3973  1736     cutoff   35      4692.17000 3669.10348  21.8%   167   86s
  4260  1904 4068.20882   22  187 4692.17000 3696.30837  21.2%   165  134s
* 4316  1494              47    4511.2900000 3696.30837  18.1%   164  134s
  4454  1535 4090.94859   39  161 4511.29000 3717.83323  17.6%   163  137s
H 4535  1494                    4489.5500000 3717.83323  17.2%   163  137s
  4618  1532 4408.74194   44  106 4489.55000 3722.74067  17.1%   163  140s
H 4815  1544                    4474.1500000 3736.91124  16.5%   163  142s
  4908  1582 4253.44106   44  165 4474.15000 3750.57396  16.2%   164  145s
H 5021  1627                    4472.5500000 3762.35685  15.9%   164  149s
  5190  1649     cutoff   41      4472.55000 3774.77954  15.6%   164  152s
  5271  1709 4289.53119   30  141 4472.55000 3781.18953  15.5%   165  155s
  5631  1806 4412.76257   36  135 4472.55000 3802.83698  15.0%   165  162s
  5764  1852 4413.03814   38  177 4472.55000 3817.84299  14.6%   166  165s
  6174  1924 4333.55383   32  164 4472.55000 3846.72655  14.0%   166  172s
  6404  1949 4136.71469   17  250 4472.55000 3864.63779  13.6%   166  176s
  6600  1990 4206.34421   22  128 4472.55000 3881.84620  13.2%   166  180s
  6992  2074 4215.55350   48  144 4472.55000 3909.36933  12.6%   165  188s
  7197  2120 4423.51273   32  132 4472.55000 3918.91823  12.4%   165  192s
  7335  2143     cutoff   38      4472.55000 3923.88636  12.3%   165  196s
  7579  2177 4032.02690   20  162 4472.55000 3936.59592  12.0%   165  200s
  7799  2209 4330.27901   38  141 4472.55000 3943.65190  11.8%   165  215s
H 8075  1985                    4395.6800000 3948.65622  10.2%   165  219s
  8149  1984     cutoff   32      4395.68000 3955.52706  10.0%   165  223s
  8386  2001 4170.10049   25  103 4395.68000 3973.92231  9.59%   165  227s
  8654  2042 4163.49243   27  153 4395.68000 3992.32160  9.18%   164  232s
  8920  2036 4337.01820   32  173 4395.68000 4002.82752  8.94%   164  284s
  9131  2026     cutoff   49      4395.68000 4015.53418  8.65%   164  288s
