




arguments: ./build/irp_solver -f ./input/SF-9.cfg
Current dir: /scratch/mardar/irp_lp_solver-master
File verbosity level: 9
date       time         ( uptime  ) [ thread name/id ]                   file:line     v| 
2020-12-09 20:30:56.674 (   0.041s) [main thread     ]             loguru.cpp:789   INFO| Logging to './output/SF/OU/9/execution_09_12_2020_20_30_56.log', mode: 'a', verbosity: 9
--------------------------------------------------------------------------------
Parameters
                           instance_path                    ./input/Instances/9/
                            model_policy                                       1
                             nb_vehicles                                       1
                              output_dir                       ./output/SF/OU/9/
                            sec_strategy                                       1
                       solver_nb_threads                                       2
                         solver_show_log                                   false
                       solver_time_limit                                    3600
--------------------------------------------------------------------------------
executing instance: ./input/Instances/9/absH3high_5n25_9.dat
--------------------------------------------------------------------------------
Instance details
n	26
H	3
C	2349
Li:
[0, 0, 0, 0, 0, 0, 0, 0, 0, 0, 0, 0, 0, 0, 0, 0, 0, 0, 0, 0, 0, 0, 0, 0, 0, 0, ]
Ui:
[0, 225, 134, 132, 186, 57, 120, 192, 158, 136, 222, 112, 116, 118, 108, 297, 152, 294, 270, 28, 93, 225, 264, 94, 225, 69, ]
Distance matrix:
|0	151	154	162	174	180	196	230	273	298	341	343	345	347	361	369	376	403	443	444	451	457	463	475	493	503	|
|151	0	11	145	116	147	118	110	127	182	265	197	230	196	235	237	228	252	300	321	343	306	322	341	342	360	|
|154	11	0	137	106	138	108	100	128	189	274	191	237	195	226	241	228	250	294	326	333	303	315	344	340	362	|
|162	145	137	0	43	20	65	124	251	325	410	253	373	298	233	370	338	342	336	457	300	377	349	469	421	476	|
|174	116	106	43	0	34	25	82	211	289	380	211	337	256	198	330	295	299	297	418	277	335	311	428	378	434	|
|180	147	138	20	34	0	51	111	245	323	412	238	371	288	214	364	328	330	318	452	280	362	331	462	407	466	|
|196	118	108	65	25	51	0	60	199	283	378	187	329	237	173	318	277	278	272	406	255	312	286	413	356	416	|
|230	110	100	124	82	111	60	0	150	242	346	129	285	179	132	267	220	219	219	356	234	253	236	358	297	358	|
|273	127	128	251	211	245	199	150	0	99	211	131	137	80	212	119	103	139	226	208	331	202	253	218	229	234	|
|298	182	189	325	289	323	283	242	99	0	114	224	49	147	310	81	141	195	309	145	429	262	336	181	275	222	|
|341	265	274	410	380	412	378	346	211	114	0	337	99	257	423	160	243	299	419	163	542	364	447	220	368	279	|
|343	197	191	253	211	238	187	129	131	224	337	0	250	92	93	206	128	102	104	287	208	124	128	270	169	253	|
|345	230	237	373	337	371	329	285	137	49	99	250	0	163	340	62	146	201	324	100	458	266	352	143	270	193	|
|347	196	195	298	256	288	237	179	80	147	257	92	163	0	185	115	41	59	163	196	298	123	190	184	150	179	|
|361	235	226	233	198	214	173	132	212	310	423	93	340	185	0	300	221	187	113	380	119	183	119	362	230	338	|
|369	237	241	370	330	364	318	267	119	81	160	206	62	115	300	0	89	143	270	89	414	205	297	105	208	141	|
|376	228	228	338	295	328	277	220	103	141	243	128	146	41	221	89	0	56	181	160	330	121	208	144	135	139	|
|403	252	250	342	299	330	278	219	139	195	299	102	201	59	187	143	56	0	129	206	288	67	155	177	91	151	|
|443	300	294	336	297	318	272	219	226	309	419	104	324	163	113	270	181	129	0	334	173	89	28	300	130	261	|
|444	321	326	457	418	452	406	356	208	145	163	287	100	196	380	89	160	206	334	0	490	256	360	59	243	122	|
|451	343	333	300	277	280	255	234	331	429	542	208	458	298	119	414	330	288	173	490	0	261	158	465	302	431	|
|457	306	303	377	335	362	312	253	202	262	364	124	266	123	183	205	121	67	89	256	261	0	109	216	47	173	|
|463	322	315	349	311	331	286	236	253	336	447	128	352	190	119	297	208	155	28	360	158	109	0	324	146	282	|
|475	341	344	469	428	462	413	358	218	181	220	270	143	184	362	105	144	177	300	59	465	216	324	0	196	64	|
|493	342	340	421	378	407	356	297	229	275	368	169	270	150	230	208	135	91	130	243	302	47	146	196	0	143	|
|503	360	362	476	434	466	416	358	234	222	279	253	193	179	338	141	139	151	261	122	431	173	282	64	143	0	|

--------------------------------------------------------------------------------
Building model...
	using lazy and cut (CVRPSEP package)
Solving IRP LP...


Gurobi 9.1.0 (linux64) logging started Wed Dec  9 20:30:57 2020

================================================================================
executing instance: ./input/Instances/9/absH6high_4n10_9.dat
--------------------------------------------------------------------------------
Instance details
n	11
H	6
C	766
Li:
[0, 0, 0, 0, 0, 0, 0, 0, 0, 0, 0, ]
Ui:
[0, 297, 138, 225, 38, 102, 165, 20, 24, 86, 156, ]
Distance matrix:
|0	36	148	239	256	285	307	327	382	383	411	|
|36	0	165	212	220	268	304	339	364	386	429	|
|148	165	0	241	325	227	192	179	320	249	263	|
|239	212	241	0	132	103	212	324	173	305	430	|
|256	220	325	132	0	235	342	444	288	436	549	|
|285	268	227	103	235	0	120	249	98	209	352	|
|307	304	192	212	342	120	0	135	168	94	234	|
|327	339	179	324	444	249	135	0	302	109	106	|
|382	364	320	173	288	98	168	302	0	227	395	|
|383	386	249	305	436	209	94	109	227	0	174	|
|411	429	263	430	549	352	234	106	395	174	0	|

--------------------------------------------------------------------------------
Building model...
	using lazy and cut (CVRPSEP package)
Solving IRP LP...


Gurobi 9.1.0 (linux64) logging started Wed Dec  9 20:31:14 2020

================================================================================
executing instance: ./input/Instances/9/absH3low_3n10_9.dat
--------------------------------------------------------------------------------
Instance details
n	11
H	3
C	687
Li:
[0, 0, 0, 0, 0, 0, 0, 0, 0, 0, 0, ]
Ui:
[0, 240, 78, 36, 96, 42, 189, 44, 198, 174, 117, ]
Distance matrix:
|0	135	142	156	161	182	209	255	285	286	317	|
|135	0	73	144	39	289	260	273	267	192	430	|
|142	73	0	73	53	250	315	202	194	145	388	|
|156	144	73	0	127	200	356	130	134	156	332	|
|161	39	53	127	0	296	299	254	239	153	436	|
|182	289	250	200	296	0	361	189	256	354	141	|
|209	260	315	356	299	361	0	464	490	451	469	|
|255	273	202	130	254	189	464	0	74	221	280	|
|285	267	194	134	239	256	490	74	0	164	353	|
|286	192	145	156	153	354	451	221	164	0	479	|
|317	430	388	332	436	141	469	280	353	479	0	|

--------------------------------------------------------------------------------
Building model...
	using lazy and cut (CVRPSEP package)
Solving IRP LP...


Gurobi 9.1.0 (linux64) logging started Wed Dec  9 20:31:16 2020

================================================================================
executing instance: ./input/Instances/9/absH3high_5n50_9.dat
--------------------------------------------------------------------------------
Instance details
n	51
H	3
C	4026
Li:
[0, 0, 0, 0, 0, 0, 0, 0, 0, 0, 0, 0, 0, 0, 0, 0, 0, 0, 0, 0, 0, 0, 0, 0, 0, 0, 0, 0, 0, 0, 0, 0, 0, 0, 0, 0, 0, 0, 0, 0, 0, 0, 0, 0, 0, 0, 0, 0, 0, 0, 0, ]
Ui:
[0, 74, 249, 183, 158, 192, 38, 81, 108, 213, 294, 112, 20, 114, 64, 66, 225, 50, 156, 106, 66, 26, 63, 150, 194, 192, 240, 111, 150, 190, 222, 129, 86, 78, 132, 110, 72, 24, 168, 160, 210, 288, 102, 140, 255, 39, 32, 146, 168, 117, 51, ]
Distance matrix:
|0	14	59	100	117	136	179	186	193	213	216	217	220	221	228	229	240	244	250	262	264	271	278	280	291	296	297	301	308	336	344	350	352	356	360	363	364	396	410	413	445	448	451	452	455	456	472	476	522	526	543	|
|14	0	71	94	118	136	171	183	202	207	215	208	207	226	220	216	236	247	255	257	252	266	265	269	278	287	290	290	298	327	337	353	346	357	357	351	357	388	398	401	444	447	442	451	446	454	468	468	511	517	532	|
|59	71	0	119	105	126	199	184	142	221	203	235	272	182	246	284	239	211	212	265	301	274	336	313	342	316	310	333	335	355	358	319	359	329	353	400	374	408	445	453	429	429	469	432	472	442	466	488	552	542	571	|
|100	94	119	0	60	64	82	94	182	113	132	119	182	176	130	205	144	184	200	164	185	172	269	195	245	199	198	215	216	239	245	280	253	280	265	283	265	296	327	338	356	361	354	366	357	364	376	377	433	428	452	|
|117	118	105	60	0	22	114	79	123	122	100	144	241	118	154	264	135	131	144	161	232	171	329	237	302	222	211	254	248	260	259	235	256	239	249	326	272	308	367	382	329	331	371	335	374	341	362	386	464	443	481	|
|136	136	126	64	22	0	101	58	130	103	80	128	239	113	137	265	114	120	136	140	221	149	331	223	297	204	192	240	231	241	239	220	235	222	228	313	252	287	352	369	309	312	352	315	354	320	340	365	447	422	463	|
|179	171	199	82	114	101	0	73	230	49	115	37	162	200	49	194	93	190	215	101	121	107	263	123	208	117	119	140	136	157	166	263	178	255	207	212	187	217	253	269	307	315	272	321	276	311	312	297	354	347	372	|
|186	183	184	94	79	58	73	0	169	51	44	86	234	129	90	264	56	117	142	82	190	91	333	186	282	152	136	199	184	187	182	196	177	191	174	273	194	230	309	330	263	267	295	272	297	271	286	307	396	365	410	|
|193	202	142	182	123	130	230	169	0	220	155	253	363	68	259	385	210	108	92	238	351	247	447	351	425	321	301	367	354	354	344	204	328	222	290	440	349	386	478	497	336	331	456	332	457	355	394	458	564	520	577	|
|213	207	221	113	122	103	49	51	220	0	80	40	208	177	41	241	44	159	186	53	146	60	310	138	246	102	90	150	134	139	137	219	140	208	158	224	153	187	258	281	258	266	249	272	252	262	266	266	346	321	361	|
|216	215	203	132	100	80	115	44	155	80	0	119	277	101	121	308	56	79	106	84	226	93	377	218	323	172	148	229	209	202	190	152	175	149	151	302	194	232	334	359	229	232	301	236	302	241	263	305	412	367	424	|
|217	208	235	119	144	128	37	86	253	40	119	0	173	215	12	207	80	198	225	78	107	81	276	100	208	80	83	114	103	120	128	257	143	245	180	188	151	180	225	245	284	294	235	300	238	285	281	260	320	309	337	|
|220	207	272	182	241	239	162	234	363	208	277	173	0	351	180	35	251	349	371	251	108	253	103	137	71	205	232	154	184	233	260	426	293	416	349	180	291	304	228	216	455	465	330	472	335	453	440	375	351	401	376	|
|221	226	182	176	118	113	200	129	68	177	101	215	351	0	219	378	157	40	30	183	319	192	444	315	406	273	248	328	309	303	289	141	268	156	224	401	289	327	434	458	269	265	397	266	398	287	326	395	512	459	523	|
|228	220	246	130	154	137	49	90	259	41	121	12	180	219	0	215	77	200	227	71	107	73	283	97	211	69	70	109	95	109	116	254	131	240	171	183	139	168	218	240	275	285	224	292	227	276	270	248	311	298	327	|
|229	216	284	205	264	265	194	264	385	241	308	207	35	378	215	0	284	378	399	285	141	288	69	169	76	239	267	186	217	266	294	458	328	449	384	204	325	337	250	234	489	500	360	506	365	488	474	406	373	430	400	|
|240	236	239	144	135	114	93	56	210	44	56	80	251	157	77	284	0	131	160	28	183	38	353	171	287	117	91	179	156	146	134	178	123	165	121	250	141	178	280	306	217	224	246	229	248	222	232	254	355	314	367	|
|244	247	211	184	131	120	190	117	108	159	79	198	349	40	200	378	131	0	29	155	305	162	445	297	399	248	220	308	286	275	258	108	234	119	185	380	256	293	411	437	230	226	364	227	364	248	286	359	482	424	492	|
|250	255	212	200	144	136	215	142	92	186	106	225	371	30	227	399	160	29	0	184	331	191	466	324	423	276	249	336	315	303	286	113	262	130	210	408	284	321	439	465	245	240	392	241	392	265	307	386	511	451	520	|
|262	257	265	164	161	140	101	82	238	53	84	78	251	183	71	285	28	155	184	0	173	9	354	156	280	94	65	162	135	120	106	188	95	172	105	231	113	150	258	286	207	216	218	222	219	209	213	226	328	285	340	|
|264	252	301	185	232	221	121	190	351	146	226	107	108	319	107	141	183	305	331	173	0	172	200	29	111	103	135	47	76	126	155	360	192	345	258	99	186	197	146	152	363	376	223	383	228	358	338	267	262	296	285	|
|271	266	274	172	171	149	107	91	247	60	93	81	253	192	73	288	38	162	191	9	172	0	356	154	280	89	58	158	130	112	97	191	86	173	100	226	104	140	252	281	203	212	209	219	210	204	206	216	320	276	331	|
|278	265	336	269	329	331	263	333	447	310	377	276	103	444	283	69	353	445	466	354	200	356	0	229	105	302	332	242	276	326	356	527	392	518	451	244	387	396	285	260	556	567	411	574	416	554	538	460	405	478	433	|
|280	269	313	195	237	223	123	186	351	138	218	100	137	315	97	169	171	297	324	156	29	154	229	0	135	77	111	21	47	97	127	344	166	327	235	89	158	168	132	146	339	352	195	360	200	333	311	238	242	268	264	|
|291	278	342	245	302	297	208	282	425	246	323	208	71	406	211	76	287	399	423	280	111	280	105	135	0	212	245	144	180	230	262	465	301	451	368	139	293	297	182	161	473	486	307	493	313	468	446	358	303	373	330	|
|296	287	316	199	222	204	117	152	321	102	172	80	205	273	69	239	117	248	276	94	103	89	302	77	212	0	36	74	42	40	57	278	90	258	158	138	86	106	163	192	262	275	155	283	159	256	236	185	244	230	259	|
|297	290	310	198	211	192	119	136	301	90	148	83	232	248	70	267	91	220	249	65	135	58	332	111	245	36	0	110	77	55	48	243	63	223	123	172	68	98	194	225	228	241	160	248	162	223	208	179	264	232	276	|
|301	290	333	215	254	240	140	199	367	150	229	114	154	328	109	186	179	308	336	162	47	158	242	21	144	74	110	0	36	85	118	349	158	331	232	73	149	154	113	131	335	349	176	356	181	327	302	221	221	249	243	|
|308	298	335	216	248	231	136	184	354	134	209	103	184	309	95	217	156	286	315	135	76	130	276	47	180	42	77	36	0	50	82	319	122	300	197	96	113	120	125	151	299	313	152	321	156	291	266	192	218	226	236	|
|336	327	355	239	260	241	157	187	354	139	202	120	233	303	109	266	146	275	303	120	126	112	326	97	230	40	55	85	50	0	34	291	77	269	157	130	64	72	144	179	255	270	116	278	119	245	217	147	210	190	223	|
|344	337	358	245	259	239	166	182	344	137	190	128	260	289	116	294	134	258	286	106	155	97	356	127	262	57	48	118	82	34	0	264	43	241	125	163	31	51	173	210	221	237	113	245	115	212	184	132	224	184	234	|
|350	353	319	280	235	220	263	196	204	219	152	257	426	141	254	458	178	108	113	188	360	191	527	344	465	278	243	349	319	291	264	0	227	28	151	415	250	283	435	468	143	134	351	133	349	166	219	329	481	396	484	|
|352	346	359	253	256	235	178	177	328	140	175	143	293	268	131	328	123	234	262	95	192	86	392	166	301	90	63	158	122	77	43	227	0	202	82	207	23	60	215	252	178	193	131	201	131	169	146	131	255	192	261	|
|356	357	329	280	239	222	255	191	222	208	149	245	416	156	240	449	165	119	130	172	345	173	518	327	451	258	223	331	300	269	241	28	202	0	124	395	225	257	413	447	118	111	324	111	323	140	191	302	455	368	458	|
|360	357	353	265	249	228	207	174	290	158	151	180	349	224	171	384	121	185	210	105	258	100	451	235	368	158	123	232	197	157	125	151	82	124	0	287	103	133	298	334	105	118	200	125	198	105	112	181	331	247	333	|
|363	351	400	283	326	313	212	273	440	224	302	188	180	401	183	204	250	380	408	231	99	226	244	89	139	138	172	73	96	130	163	415	207	395	287	0	191	181	48	57	384	400	174	408	179	373	338	227	171	235	196	|
|364	357	374	265	272	252	187	194	349	153	194	151	291	289	139	325	141	256	284	113	186	104	387	158	293	86	68	149	113	64	31	250	23	225	103	191	0	38	196	234	194	210	108	218	109	183	153	114	232	172	238	|
|396	388	408	296	308	287	217	230	386	187	232	180	304	327	168	337	178	293	321	150	197	140	396	168	297	106	98	154	120	72	51	283	60	257	133	181	38	0	178	218	212	229	71	238	71	197	157	80	198	136	202	|
|410	398	445	327	367	352	253	309	478	258	334	225	228	434	218	250	280	411	439	258	146	252	285	132	182	163	194	113	125	144	173	435	215	413	298	48	196	178	0	41	388	405	151	413	157	375	333	207	123	202	149	|
|413	401	453	338	382	369	269	330	497	281	359	245	216	458	240	234	306	437	465	286	152	281	260	146	161	192	225	131	151	179	210	468	252	447	334	57	234	218	41	0	427	444	192	452	198	414	373	248	145	240	173	|
|445	444	429	356	329	309	307	263	336	258	229	284	455	269	275	489	217	230	245	207	363	203	556	339	473	262	228	335	299	255	221	143	178	118	105	384	194	212	388	427	0	18	265	26	262	25	86	226	398	289	394	|
|448	447	429	361	331	312	315	267	331	266	232	294	465	265	285	500	224	226	240	216	376	212	567	352	486	275	241	349	313	270	237	134	193	111	118	400	210	229	405	444	18	0	283	8	280	42	103	245	416	307	412	|
|451	442	469	354	371	352	272	295	456	249	301	235	330	397	224	360	246	364	392	218	223	209	411	195	307	155	160	176	152	116	113	351	131	324	200	174	108	71	151	192	265	283	0	291	6	246	194	56	133	75	134	|
|452	451	432	366	335	315	321	272	332	272	236	300	472	266	292	506	229	227	241	222	383	219	574	360	493	283	248	356	321	278	245	133	201	111	125	408	218	238	413	452	26	8	291	0	288	49	110	252	424	314	420	|
|455	446	472	357	374	354	276	297	457	252	302	238	335	398	227	365	248	364	392	219	228	210	416	200	313	159	162	181	156	119	115	349	131	323	198	179	109	71	157	198	262	280	6	288	0	243	190	50	136	71	136	|
|456	454	442	364	341	320	311	271	355	262	241	285	453	287	276	488	222	248	265	209	358	204	554	333	468	256	223	327	291	245	212	166	169	140	105	373	183	197	375	414	25	42	246	49	243	0	61	205	378	266	373	|
|472	468	466	376	362	340	312	286	394	266	263	281	440	326	270	474	232	286	307	213	338	206	538	311	446	236	208	302	266	217	184	219	146	191	112	338	153	157	333	373	86	103	194	110	190	61	0	148	323	206	316	|
|476	468	488	377	386	365	297	307	458	266	305	260	375	395	248	406	254	359	386	226	267	216	460	238	358	185	179	221	192	147	132	329	131	302	181	227	114	80	207	248	226	245	56	252	50	205	148	0	175	67	168	|
|522	511	552	433	464	447	354	396	564	346	412	320	351	512	311	373	355	482	511	328	262	320	405	242	303	244	264	221	218	210	224	481	255	455	331	171	232	198	123	145	398	416	133	424	136	378	323	175	0	132	28	|
|526	517	542	428	443	422	347	365	520	321	367	309	401	459	298	430	314	424	451	285	296	276	478	268	373	230	232	249	226	190	184	396	192	368	247	235	172	136	202	240	289	307	75	314	71	266	206	67	132	0	116	|
|543	532	571	452	481	463	372	410	577	361	424	337	376	523	327	400	367	492	520	340	285	331	433	264	330	259	276	243	236	223	234	484	261	458	333	196	238	202	149	173	394	412	134	420	136	373	316	168	28	116	0	|

--------------------------------------------------------------------------------
Building model...
	using lazy and cut (CVRPSEP package)
Solving IRP LP...


Gurobi 9.1.0 (linux64) logging started Wed Dec  9 20:31:16 2020

================================================================================
executing instance: ./input/Instances/9/absH3high_1n15_9.dat
--------------------------------------------------------------------------------
Instance details
n	16
H	3
C	1239
Li:
[0, 0, 0, 0, 0, 0, 0, 0, 0, 0, 0, 0, 0, 0, 0, 0, ]
Ui:
[0, 228, 170, 204, 158, 108, 30, 44, 273, 64, 104, 219, 130, 92, 110, 108, ]
Distance matrix:
|0	32	34	76	103	136	158	160	173	196	230	290	321	344	345	374	|
|32	0	61	74	75	110	190	173	142	197	221	313	318	352	361	369	|
|34	61	0	67	135	146	134	178	193	174	217	256	302	317	312	357	|
|76	74	67	0	134	91	189	236	152	123	154	260	246	279	296	298	|
|103	75	135	134	0	114	259	186	104	250	254	386	359	410	430	405	|
|136	110	146	91	114	0	277	280	68	160	145	339	252	318	360	294	|
|158	190	134	189	259	277	0	197	327	246	311	204	367	337	289	424	|
|160	173	178	236	186	280	197	0	289	353	390	393	480	490	469	534	|
|173	142	193	152	104	68	327	289	0	227	201	407	307	383	428	343	|
|196	197	174	123	250	160	246	353	227	0	74	205	128	160	204	184	|
|230	221	217	154	254	145	311	390	201	74	0	276	107	190	260	151	|
|290	313	256	260	386	339	204	393	407	205	276	0	265	181	94	314	|
|321	318	302	246	359	252	367	480	307	128	107	265	0	115	213	57	|
|344	352	317	279	410	318	337	490	383	160	190	181	115	0	106	146	|
|345	361	312	296	430	360	289	469	428	204	260	94	213	106	0	251	|
|374	369	357	298	405	294	424	534	343	184	151	314	57	146	251	0	|

--------------------------------------------------------------------------------
Building model...
	using lazy and cut (CVRPSEP package)
Solving IRP LP...


Gurobi 9.1.0 (linux64) logging started Wed Dec  9 21:31:16 2020

================================================================================
executing instance: ./input/Instances/9/absH6low_4n30_9.dat
--------------------------------------------------------------------------------
Instance details
n	31
H	6
C	2218
Li:
[0, 0, 0, 0, 0, 0, 0, 0, 0, 0, 0, 0, 0, 0, 0, 0, 0, 0, 0, 0, 0, 0, 0, 0, 0, 0, 0, 0, 0, 0, 0, ]
Ui:
[0, 78, 64, 92, 98, 32, 210, 51, 159, 30, 106, 96, 51, 87, 63, 165, 182, 128, 180, 123, 126, 26, 198, 198, 158, 116, 33, 168, 64, 96, 279, ]
Distance matrix:
|0	50	59	65	76	79	85	101	104	121	137	145	150	177	180	197	220	225	227	238	245	278	286	286	306	318	325	333	335	347	362	|
|50	0	96	17	46	64	54	110	153	72	138	152	171	225	135	243	268	178	268	188	256	235	253	319	298	310	306	340	302	371	382	|
|59	96	0	106	133	81	100	156	100	159	101	197	95	136	231	196	213	272	173	278	293	330	344	312	362	375	383	382	393	381	401	|
|65	17	106	0	52	59	43	123	169	57	135	164	174	238	127	260	284	167	278	174	268	226	250	334	305	316	309	351	298	386	395	|
|76	46	133	52	0	109	95	79	165	80	184	116	216	250	107	245	272	156	303	177	219	203	211	298	253	264	260	300	260	342	349	|
|79	64	81	59	109	0	24	170	172	92	76	213	121	216	177	269	289	210	240	206	317	275	307	366	362	373	368	402	354	425	439	|
|85	54	100	43	95	24	0	164	185	68	97	206	145	236	154	280	302	186	264	183	310	251	286	368	348	359	350	394	332	424	435	|
|101	110	156	123	79	170	164	0	134	159	237	43	250	233	164	188	217	214	303	245	147	244	220	219	206	219	234	233	269	263	272	|
|104	153	100	169	165	172	185	134	0	225	200	160	177	101	272	97	117	321	178	339	232	365	353	218	324	338	363	319	402	294	320	|
|121	72	159	57	80	92	68	159	225	0	162	194	213	293	88	314	339	118	328	119	294	184	225	377	311	320	301	370	270	421	426	|
|137	138	101	135	184	76	97	237	200	162	0	280	64	206	250	294	308	277	202	265	382	345	382	412	436	447	444	469	429	479	497	|
|145	152	197	164	116	213	206	43	160	194	280	0	292	261	182	194	223	230	336	267	104	248	208	193	167	181	203	189	254	227	232	|
|150	171	95	174	216	121	145	250	177	213	64	292	0	156	297	262	272	331	139	323	387	396	424	395	456	468	473	477	472	469	492	|
|177	225	136	238	250	216	236	233	101	293	206	261	156	0	356	132	130	402	85	412	326	453	450	282	423	438	464	411	499	365	397	|
|180	135	231	127	107	177	154	164	272	88	250	182	297	356	0	348	375	50	403	85	265	100	139	375	251	257	226	327	182	401	398	|
|197	243	196	260	245	269	280	188	97	314	294	194	262	132	348	0	29	398	216	422	222	432	402	151	332	347	386	298	449	235	270	|
|220	268	213	284	272	289	302	217	117	339	308	223	272	130	375	29	0	425	210	448	247	460	431	162	358	373	414	319	477	248	284	|
|225	178	272	167	156	210	186	214	321	118	277	230	331	402	50	398	425	0	444	47	308	71	141	423	279	283	243	362	174	445	439	|
|227	268	173	278	303	240	264	303	178	328	202	336	139	85	403	216	210	444	0	446	408	503	512	366	501	516	537	495	561	450	482	|
|238	188	278	174	177	206	183	245	339	119	265	267	323	412	85	422	448	47	446	0	350	106	186	460	326	330	290	408	215	487	482	|
|245	256	293	268	219	317	310	147	232	294	382	104	387	326	265	222	247	308	408	350	0	305	238	141	114	129	180	89	272	138	133	|
|278	235	330	226	203	275	251	244	365	184	345	248	396	453	100	432	460	71	503	106	305	0	90	434	251	251	200	344	110	442	429	|
|286	253	344	250	211	307	286	220	353	225	382	208	424	450	139	402	431	141	512	186	238	90	0	375	165	163	110	262	50	371	353	|
|286	319	312	334	298	366	368	219	218	377	412	193	395	282	375	151	162	423	366	460	141	434	375	0	250	263	319	180	412	85	123	|
|306	298	362	305	253	362	348	206	324	311	436	167	456	423	251	332	358	279	501	326	114	251	165	250	0	15	73	99	184	220	194	|
|318	310	375	316	264	373	359	219	338	320	447	181	468	438	257	347	373	283	516	330	129	251	163	263	15	0	64	106	178	230	203	|
|325	306	383	309	260	368	350	234	363	301	444	203	473	464	226	386	414	243	537	290	180	200	110	319	73	64	0	170	115	293	267	|
|333	340	382	351	300	402	394	233	319	370	469	189	477	411	327	298	319	362	495	408	89	344	262	180	99	106	170	0	282	128	97	|
|335	302	393	298	260	354	332	269	402	270	429	254	472	499	182	449	477	174	561	215	272	110	50	412	184	178	115	282	0	399	377	|
|347	371	381	386	342	425	424	263	294	421	479	227	469	365	401	235	248	445	450	487	138	442	371	85	220	230	293	128	399	0	42	|
|362	382	401	395	349	439	435	272	320	426	497	232	492	397	398	270	284	439	482	482	133	429	353	123	194	203	267	97	377	42	0	|

--------------------------------------------------------------------------------
Building model...
	using lazy and cut (CVRPSEP package)
Solving IRP LP...


Gurobi 9.1.0 (linux64) logging started Wed Dec  9 21:31:17 2020

================================================================================
executing instance: ./input/Instances/9/absH6low_1n30_9.dat
--------------------------------------------------------------------------------
Instance details
n	31
H	6
C	2763
Li:
[0, 0, 0, 0, 0, 0, 0, 0, 0, 0, 0, 0, 0, 0, 0, 0, 0, 0, 0, 0, 0, 0, 0, 0, 0, 0, 0, 0, 0, 0, 0, ]
Ui:
[0, 267, 198, 168, 264, 264, 54, 120, 102, 176, 159, 204, 156, 165, 82, 141, 297, 168, 99, 177, 34, 252, 24, 76, 102, 201, 261, 112, 273, 166, 128, ]
Distance matrix:
|0	47	72	100	157	158	174	184	199	202	211	241	247	284	286	297	300	311	317	342	366	387	388	388	389	425	445	466	482	502	530	|
|47	0	113	55	111	120	128	168	158	203	199	226	204	293	243	254	286	266	301	302	319	383	343	342	383	378	409	425	456	466	494	|
|72	113	0	158	216	230	231	251	270	257	275	307	291	326	356	367	363	378	382	414	425	442	456	440	446	486	517	537	552	574	602	|
|100	55	158	0	58	105	74	183	129	234	216	237	150	328	207	217	297	224	309	273	268	403	302	288	401	328	386	393	447	443	470	|
|157	111	216	58	0	95	18	192	97	256	226	240	106	353	160	169	296	170	305	230	210	409	248	232	405	270	348	345	422	403	430	|
|158	120	230	105	95	0	107	100	47	170	132	145	193	266	133	144	201	165	211	184	242	314	238	285	310	293	290	308	343	347	374	|
|174	128	231	74	18	107	0	206	101	271	239	251	89	368	155	163	306	161	314	226	194	421	238	214	416	255	345	339	424	401	426	|
|184	168	251	183	192	100	206	0	131	75	34	58	293	168	194	204	117	236	134	215	325	220	294	376	218	369	288	331	302	342	370	|
|199	158	270	129	97	47	101	131	0	205	159	163	175	298	87	99	212	119	217	145	198	329	192	246	323	248	257	267	325	314	341	|
|202	203	257	234	256	170	271	75	205	0	57	84	360	97	268	278	120	310	142	282	400	185	366	451	189	443	339	392	327	389	417	|
|211	199	275	216	226	132	239	34	159	57	0	33	326	140	214	224	89	257	107	225	349	187	310	403	186	390	285	335	285	337	365	|
|241	226	307	237	240	145	251	58	163	84	33	0	335	150	204	213	60	248	76	205	342	169	294	400	165	379	256	310	251	306	334	|
|247	204	291	150	106	193	89	293	175	360	326	335	0	457	195	199	387	180	393	266	164	504	244	155	498	224	384	359	480	435	458	|
|284	293	326	328	353	266	368	168	298	97	140	150	457	0	353	362	146	396	165	354	489	137	444	543	148	528	386	450	340	428	454	|
|286	243	356	207	160	133	155	194	87	268	214	204	195	353	0	11	236	43	233	72	139	351	105	202	342	176	192	186	286	246	271	|
|297	254	367	217	169	144	163	204	99	278	224	213	199	362	11	0	243	36	239	67	133	357	94	197	347	166	186	176	284	239	264	|
|300	286	363	297	296	201	306	117	212	120	89	60	387	146	236	243	0	279	22	219	376	117	313	438	111	405	239	305	208	283	309	|
|311	266	378	224	170	165	161	236	119	310	257	248	180	396	43	36	279	0	275	92	97	393	78	161	383	133	206	181	312	255	278	|
|317	301	382	309	305	211	314	134	217	142	107	76	393	165	233	239	22	275	0	209	372	118	304	436	109	398	221	289	186	263	289	|
|342	302	414	273	230	184	226	215	145	282	225	205	266	354	72	67	219	92	209	0	177	325	95	246	312	192	120	124	220	174	200	|
|366	319	425	268	210	242	194	325	198	400	349	342	164	489	139	133	376	97	372	177	0	490	105	69	480	62	273	222	392	313	330	|
|387	383	442	403	409	314	421	220	329	185	187	169	504	137	351	357	117	393	118	325	490	0	419	554	16	515	312	389	231	341	363	|
|388	343	456	302	248	238	238	294	192	366	310	294	244	444	105	94	313	78	304	95	105	419	0	173	407	100	169	119	292	207	225	|
|388	342	440	288	232	285	214	376	246	451	403	400	155	543	202	197	438	161	436	246	69	554	173	0	544	96	341	286	461	379	395	|
|389	383	446	401	405	310	416	218	323	189	186	165	498	148	342	347	111	383	109	312	480	16	407	544	0	503	297	374	215	326	347	|
|425	378	486	328	270	293	255	369	248	443	390	379	224	528	176	166	405	133	398	192	62	515	100	96	503	0	264	199	389	294	307	|
|445	409	517	386	348	290	345	288	257	339	285	256	384	386	192	186	239	206	221	120	273	312	169	341	297	264	0	82	128	57	85	|
|466	425	537	393	345	308	339	331	267	392	335	310	359	450	186	176	305	181	289	124	222	389	119	286	374	199	82	0	206	96	109	|
|482	456	552	447	422	343	424	302	325	327	285	251	480	340	286	284	208	312	186	220	392	231	292	461	215	389	128	206	0	126	140	|
|502	466	574	443	403	347	401	342	314	389	337	306	435	428	246	239	283	255	263	174	313	341	207	379	326	294	57	96	126	0	28	|
|530	494	602	470	430	374	426	370	341	417	365	334	458	454	271	264	309	278	289	200	330	363	225	395	347	307	85	109	140	28	0	|

--------------------------------------------------------------------------------
Building model...
	using lazy and cut (CVRPSEP package)
Solving IRP LP...


Gurobi 9.1.0 (linux64) logging started Wed Dec  9 21:32:30 2020

writeSolution() exp: Unable to retrieve attribute 'X'
================================================================================
executing instance: ./input/Instances/9/absH6low_5n25_9.dat
--------------------------------------------------------------------------------
Instance details
n	26
H	6
C	2155
Li:
[0, 0, 0, 0, 0, 0, 0, 0, 0, 0, 0, 0, 0, 0, 0, 0, 0, 0, 0, 0, 0, 0, 0, 0, 0, 0, ]
Ui:
[0, 225, 134, 126, 46, 57, 120, 192, 158, 98, 222, 112, 116, 118, 108, 297, 152, 294, 270, 28, 93, 111, 264, 94, 225, 69, ]
Distance matrix:
|0	151	154	162	174	180	196	230	273	298	341	343	345	347	361	369	376	403	443	444	451	457	463	475	493	503	|
|151	0	11	145	116	147	118	110	127	182	265	197	230	196	235	237	228	252	300	321	343	306	322	341	342	360	|
|154	11	0	137	106	138	108	100	128	189	274	191	237	195	226	241	228	250	294	326	333	303	315	344	340	362	|
|162	145	137	0	43	20	65	124	251	325	410	253	373	298	233	370	338	342	336	457	300	377	349	469	421	476	|
|174	116	106	43	0	34	25	82	211	289	380	211	337	256	198	330	295	299	297	418	277	335	311	428	378	434	|
|180	147	138	20	34	0	51	111	245	323	412	238	371	288	214	364	328	330	318	452	280	362	331	462	407	466	|
|196	118	108	65	25	51	0	60	199	283	378	187	329	237	173	318	277	278	272	406	255	312	286	413	356	416	|
|230	110	100	124	82	111	60	0	150	242	346	129	285	179	132	267	220	219	219	356	234	253	236	358	297	358	|
|273	127	128	251	211	245	199	150	0	99	211	131	137	80	212	119	103	139	226	208	331	202	253	218	229	234	|
|298	182	189	325	289	323	283	242	99	0	114	224	49	147	310	81	141	195	309	145	429	262	336	181	275	222	|
|341	265	274	410	380	412	378	346	211	114	0	337	99	257	423	160	243	299	419	163	542	364	447	220	368	279	|
|343	197	191	253	211	238	187	129	131	224	337	0	250	92	93	206	128	102	104	287	208	124	128	270	169	253	|
|345	230	237	373	337	371	329	285	137	49	99	250	0	163	340	62	146	201	324	100	458	266	352	143	270	193	|
|347	196	195	298	256	288	237	179	80	147	257	92	163	0	185	115	41	59	163	196	298	123	190	184	150	179	|
|361	235	226	233	198	214	173	132	212	310	423	93	340	185	0	300	221	187	113	380	119	183	119	362	230	338	|
|369	237	241	370	330	364	318	267	119	81	160	206	62	115	300	0	89	143	270	89	414	205	297	105	208	141	|
|376	228	228	338	295	328	277	220	103	141	243	128	146	41	221	89	0	56	181	160	330	121	208	144	135	139	|
|403	252	250	342	299	330	278	219	139	195	299	102	201	59	187	143	56	0	129	206	288	67	155	177	91	151	|
|443	300	294	336	297	318	272	219	226	309	419	104	324	163	113	270	181	129	0	334	173	89	28	300	130	261	|
|444	321	326	457	418	452	406	356	208	145	163	287	100	196	380	89	160	206	334	0	490	256	360	59	243	122	|
|451	343	333	300	277	280	255	234	331	429	542	208	458	298	119	414	330	288	173	490	0	261	158	465	302	431	|
|457	306	303	377	335	362	312	253	202	262	364	124	266	123	183	205	121	67	89	256	261	0	109	216	47	173	|
|463	322	315	349	311	331	286	236	253	336	447	128	352	190	119	297	208	155	28	360	158	109	0	324	146	282	|
|475	341	344	469	428	462	413	358	218	181	220	270	143	184	362	105	144	177	300	59	465	216	324	0	196	64	|
|493	342	340	421	378	407	356	297	229	275	368	169	270	150	230	208	135	91	130	243	302	47	146	196	0	143	|
|503	360	362	476	434	466	416	358	234	222	279	253	193	179	338	141	139	151	261	122	431	173	282	64	143	0	|

--------------------------------------------------------------------------------
Building model...
	using lazy and cut (CVRPSEP package)
Solving IRP LP...


Gurobi 9.1.0 (linux64) logging started Wed Dec  9 22:32:33 2020

================================================================================
executing instance: ./input/Instances/9/absH6low_5n30_9.dat
--------------------------------------------------------------------------------
Instance details
n	31
H	6
C	2262
Li:
[0, 0, 0, 0, 0, 0, 0, 0, 0, 0, 0, 0, 0, 0, 0, 0, 0, 0, 0, 0, 0, 0, 0, 0, 0, 0, 0, 0, 0, 0, 0, ]
Ui:
[0, 128, 88, 72, 180, 74, 80, 84, 192, 72, 192, 105, 237, 294, 186, 28, 123, 96, 246, 96, 92, 147, 48, 32, 54, 196, 126, 154, 110, 129, 112, ]
Distance matrix:
|0	13	63	64	65	85	87	106	120	129	135	158	161	169	171	201	219	235	246	274	275	287	302	339	345	358	383	389	393	401	412	|
|13	0	65	51	58	89	81	100	130	142	136	159	164	164	162	196	221	243	238	274	275	276	293	332	334	347	381	377	395	391	406	|
|63	65	0	90	40	27	145	163	90	142	72	95	99	114	134	148	157	186	202	211	212	258	263	291	323	327	321	360	331	366	359	|
|64	51	90	0	58	117	80	90	172	193	150	171	183	155	133	182	233	276	210	279	279	236	259	306	289	307	376	335	408	353	386	|
|65	58	40	58	0	65	128	143	130	174	92	114	125	107	107	138	175	222	181	224	224	228	239	275	290	297	326	330	351	339	348	|
|85	89	27	117	65	0	170	188	69	136	54	77	77	113	145	146	136	159	206	194	195	270	270	291	337	337	307	371	308	374	354	|
|87	81	145	80	128	170	0	20	204	187	215	238	245	232	212	261	301	321	289	352	352	307	334	384	352	376	454	402	475	424	465	|
|106	100	163	90	143	188	20	0	224	207	232	255	262	245	220	272	317	341	296	367	367	308	339	391	350	377	467	401	492	425	473	|
|120	130	90	172	130	69	204	224	0	88	101	115	100	173	214	204	157	122	269	218	220	338	334	348	406	403	336	438	307	438	402	|
|129	142	142	193	174	136	187	207	88	0	182	200	187	248	276	281	244	192	342	306	308	400	404	427	464	469	424	502	390	508	486	|
|135	136	72	150	92	54	215	232	101	182	0	23	34	73	125	103	85	142	170	140	141	245	235	247	315	306	253	342	260	339	304	|
|158	159	95	171	114	77	238	255	115	200	23	0	23	71	130	95	62	134	164	117	118	243	229	234	314	302	231	339	238	332	287	|
|161	164	99	183	125	77	245	262	100	187	34	23	0	94	153	117	61	111	187	121	123	267	251	254	338	325	238	362	232	355	303	|
|169	164	114	155	107	113	232	245	173	248	73	71	94	0	64	34	105	203	97	132	131	173	162	179	244	233	222	269	268	266	245	|
|171	162	134	133	107	145	212	220	214	276	125	130	153	64	0	68	169	264	77	190	188	125	132	173	192	193	261	226	326	233	253	|
|201	196	148	182	138	146	261	272	204	281	103	95	117	34	68	0	112	221	70	122	120	153	134	145	224	208	197	245	258	237	212	|
|219	221	157	233	175	136	301	317	157	244	85	62	61	105	169	112	0	118	177	61	63	264	237	223	334	312	180	349	175	334	257	|
|235	243	186	276	222	159	321	341	122	192	142	134	111	203	264	221	118	0	290	164	166	374	352	342	445	428	272	465	204	452	370	|
|246	238	202	210	181	206	289	296	269	342	170	164	187	97	77	70	177	290	0	171	168	87	65	96	157	138	208	175	300	169	178	|
|274	274	211	279	224	194	352	367	218	306	140	117	121	132	190	122	61	164	171	0	3	257	220	190	325	294	118	330	136	308	207	|
|275	275	212	279	224	195	352	367	220	308	141	118	123	131	188	120	63	166	168	3	0	255	217	187	322	291	116	328	138	305	204	|
|287	276	258	236	228	270	307	308	338	400	245	243	267	173	125	153	264	374	87	257	255	0	53	123	71	71	277	102	383	117	208	|
|302	293	263	259	239	270	334	339	334	404	235	229	251	162	132	134	237	352	65	220	217	53	0	70	107	75	227	113	339	105	157	|
|339	332	291	306	275	291	384	391	348	427	247	234	254	179	173	145	223	342	96	190	187	123	70	0	166	119	166	151	290	120	88	|
|345	334	323	289	290	337	352	350	406	464	315	314	338	244	192	224	334	445	157	325	322	71	107	166	0	54	331	55	445	96	239	|
|358	347	327	307	297	337	376	377	403	469	306	302	325	233	193	208	312	428	138	294	291	71	75	119	54	0	285	37	406	49	187	|
|383	381	321	376	326	307	454	467	336	424	253	231	238	222	261	197	180	272	208	118	116	277	227	166	331	285	0	316	137	280	129	|
|389	377	360	335	330	371	402	401	438	502	342	339	362	269	226	245	349	465	175	330	328	102	113	151	55	37	316	0	441	48	210	|
|393	395	331	408	351	308	475	492	307	390	260	238	232	268	326	258	175	204	300	136	138	383	339	290	445	406	137	441	0	409	266	|
|401	391	366	353	339	374	424	425	438	508	339	332	355	266	233	237	334	452	169	308	305	117	105	120	96	49	280	48	409	0	166	|
|412	406	359	386	348	354	465	473	402	486	304	287	303	245	253	212	257	370	178	207	204	208	157	88	239	187	129	210	266	166	0	|

--------------------------------------------------------------------------------
Building model...
	using lazy and cut (CVRPSEP package)
Solving IRP LP...


Gurobi 9.1.0 (linux64) logging started Wed Dec  9 22:33:18 2020

================================================================================
executing instance: ./input/Instances/9/absH6high_4n5_9.dat
--------------------------------------------------------------------------------
Instance details
n	6
H	6
C	471
Li:
[0, 0, 0, 0, 0, 0, ]
Ui:
[0, 144, 182, 106, 134, 110, ]
Distance matrix:
|0	69	72	183	188	323	|
|69	0	140	231	255	319	|
|72	140	0	140	117	331	|
|183	231	140	0	123	238	|
|188	255	117	123	0	360	|
|323	319	331	238	360	0	|

--------------------------------------------------------------------------------
Building model...
	using lazy and cut (CVRPSEP package)
Solving IRP LP...


Gurobi 9.1.0 (linux64) logging started Wed Dec  9 23:01:59 2020

================================================================================
executing instance: ./input/Instances/9/absH3low_3n15_9.dat
--------------------------------------------------------------------------------
Instance details
n	16
H	3
C	1267
Li:
[0, 0, 0, 0, 0, 0, 0, 0, 0, 0, 0, 0, 0, 0, 0, 0, ]
Ui:
[0, 144, 148, 87, 270, 172, 60, 156, 57, 33, 76, 282, 110, 171, 141, 267, ]
Distance matrix:
|0	58	76	96	108	159	165	229	256	306	310	346	347	409	423	567	|
|58	0	119	154	166	179	217	279	310	345	366	391	399	431	471	622	|
|76	119	0	88	88	94	179	243	194	230	255	272	347	337	352	506	|
|96	154	88	0	17	176	92	155	179	266	224	289	262	397	358	483	|
|108	166	88	17	0	172	96	158	162	251	208	273	259	386	341	467	|
|159	179	94	176	172	0	267	329	208	181	274	239	423	253	323	501	|
|165	217	179	92	96	267	0	65	216	332	238	340	182	476	396	486	|
|229	279	243	155	158	329	65	0	246	375	251	373	123	525	419	482	|
|256	310	194	179	162	208	216	246	0	140	66	127	283	298	182	312	|
|306	345	230	266	251	181	332	375	140	0	184	68	423	158	148	342	|
|310	366	255	224	208	274	238	251	66	184	0	146	257	340	170	259	|
|346	391	272	289	273	239	340	373	127	68	146	0	400	201	84	274	|
|347	399	347	262	259	423	182	123	283	423	257	400	0	581	424	433	|
|409	431	337	397	386	253	476	525	298	158	340	201	581	0	244	439	|
|423	471	352	358	341	323	396	419	182	148	170	84	424	244	0	200	|
|567	622	506	483	467	501	486	482	312	342	259	274	433	439	200	0	|

--------------------------------------------------------------------------------
Building model...
	using lazy and cut (CVRPSEP package)
Solving IRP LP...


Gurobi 9.1.0 (linux64) logging started Wed Dec  9 23:02:00 2020

================================================================================
executing instance: ./input/Instances/9/absH6high_2n5_9.dat
--------------------------------------------------------------------------------
Instance details
n	6
H	6
C	405
Li:
[0, 0, 0, 0, 0, 0, ]
Ui:
[0, 150, 231, 93, 58, 249, ]
Distance matrix:
|0	35	112	170	235	318	|
|35	0	89	205	230	326	|
|112	89	0	258	160	278	|
|170	205	258	0	301	311	|
|235	230	160	301	0	137	|
|318	326	278	311	137	0	|

--------------------------------------------------------------------------------
Building model...
	using lazy and cut (CVRPSEP package)
Solving IRP LP...


Gurobi 9.1.0 (linux64) logging started Wed Dec  9 23:02:01 2020

================================================================================
executing instance: ./input/Instances/9/absH3low_4n25_9.dat
--------------------------------------------------------------------------------
Instance details
n	26
H	3
C	2029
Li:
[0, 0, 0, 0, 0, 0, 0, 0, 0, 0, 0, 0, 0, 0, 0, 0, 0, 0, 0, 0, 0, 0, 0, 0, 0, 0, ]
Ui:
[0, 93, 58, 135, 90, 88, 183, 142, 126, 279, 58, 52, 165, 168, 165, 188, 186, 201, 76, 40, 32, 198, 132, 196, 34, 146, ]
Distance matrix:
