




arguments: ./build/mirp_solver -f ./input/orig_exec_51.cfg
Current dir: /scratch/gui/bnc_mirp
File verbosity level: 9
date       time         ( uptime  ) [ thread name/id ]                   file:line     v| 
2021-01-09 04:56:02.891 (   0.065s) [main thread     ]             loguru.cpp:789   INFO| Logging to './output/vi_lex_half/OU/V2/Original/execution_09_01_2021_04_56_02.log', mode: 'a', verbosity: 9
--------------------------------------------------------------------------------
Parameters
                           instance_path           ./input/Instances/Original/2/
                            model_policy                                       1
                             nb_vehicles                                       2
                              output_dir    ./output/vi_lex_half/OU/V2/Original/
                            sec_strategy                                       1
                       solver_nb_threads                                       2
                         solver_show_log                                    true
                       solver_time_limit                                    3600
                              use_vi_cos                                   false
                              use_vi_cus                                   false
                         use_vi_hc1_full                                   false
                         use_vi_hc1_half                                   false
                      use_vi_hc1_quarter                                   false
                              use_vi_hc2                                   false
                              use_vi_hc3                                   false
                         use_vi_lex_full                                   false
                         use_vi_lex_half                                    true
                      use_vi_lex_quarter                                   false
                              use_vi_qua                                   false
                               use_vi_vc                                   false
                               use_vi_vr                                   false
--------------------------------------------------------------------------------
executing instance: ./input/Instances/Original/2/absH3high_3n40.dat
--------------------------------------------------------------------------------
Instance details
n	41
H	3
C	3283
Li:
[0, 0, 0, 0, 0, 0, 0, 0, 0, 0, 0, 0, 0, 0, 0, 0, 0, 0, 0, 0, 0, 0, 0, 0, 0, 0, 0, 0, 0, 0, 0, 0, 0, 0, 0, 0, 0, 0, 0, 0, 0, ]
Ui:
[0, 63, 111, 99, 96, 111, 282, 122, 156, 261, 42, 192, 126, 42, 162, 207, 159, 122, 102, 190, 118, 102, 132, 102, 165, 252, 66, 52, 22, 114, 210, 176, 116, 294, 78, 152, 210, 45, 130, 198, 174, ]
Distance matrix:
|0	208	225	252	227	143	258	127	267	150	28	83	163	286	57	149	201	137	214	255	70	73	107	186	328	266	249	343	222	177	293	144	262	215	167	120	169	218	143	173	255	|
|208	0	397	355	416	198	216	99	211	275	193	172	97	166	240	225	362	109	277	314	182	216	273	374	298	208	319	161	14	103	93	120	58	196	152	156	372	227	260	218	453	|
|225	397	0	427	53	364	482	343	492	129	253	225	382	386	171	188	39	291	187	195	295	182	282	55	326	491	180	551	408	315	457	366	455	275	392	244	221	439	341	214	101	|
|252	355	427	0	401	158	201	263	219	396	234	328	259	498	299	400	420	354	465	506	205	324	152	374	574	219	499	393	366	389	446	235	378	456	205	359	224	150	111	423	400	|
|227	416	53	401	0	357	477	352	489	165	253	245	389	424	179	223	85	315	234	245	293	200	264	42	375	488	231	565	428	344	484	370	474	314	392	270	184	430	325	252	50	|
|143	198	364	158	357	0	121	105	134	290	116	196	103	342	200	276	343	205	343	385	74	210	112	319	432	133	382	265	209	237	290	78	226	313	57	220	232	75	69	292	375	|
|258	216	482	201	477	121	0	168	18	397	230	293	135	381	314	372	459	275	437	480	188	317	228	439	501	18	479	197	222	296	290	132	212	386	95	306	347	58	173	381	496	|
|127	99	343	263	352	105	168	0	171	239	105	130	40	237	173	206	313	109	270	312	84	164	175	310	337	169	313	216	112	135	192	37	142	220	77	138	280	155	162	213	382	|
|267	211	492	219	489	134	18	171	0	404	240	298	136	376	323	376	468	276	441	483	198	324	243	450	500	2	483	181	215	294	281	136	202	386	102	309	363	75	189	384	509	|
|150	275	129	396	165	290	397	239	404	0	175	110	279	259	97	59	91	166	84	116	217	80	245	130	226	402	106	434	286	187	329	269	333	149	302	119	244	364	291	87	213	|
|28	193	253	234	253	116	230	105	240	175	0	94	139	286	84	167	229	136	234	275	43	96	98	212	341	238	271	320	206	175	281	118	244	225	140	128	180	191	124	189	280	|
|83	172	225	328	245	196	293	130	298	110	94	0	169	209	77	80	191	71	147	189	127	45	189	203	247	296	187	327	184	106	241	162	230	132	198	38	242	266	217	96	285	|
|163	97	382	259	389	103	135	40	136	279	139	169	0	253	212	244	353	141	307	349	110	203	194	347	366	133	350	183	107	161	187	27	124	251	56	175	306	133	169	249	418	|
|286	166	386	498	424	342	381	237	376	259	286	209	253	0	284	201	347	151	210	230	299	247	383	387	155	374	242	290	162	112	129	270	192	113	308	172	451	386	391	172	471	|
|57	240	171	299	179	200	314	173	323	97	84	77	212	284	0	112	145	147	170	208	127	38	148	137	299	321	201	386	253	183	315	195	297	195	222	112	171	275	195	142	214	|
|149	225	188	400	223	276	372	206	376	59	167	80	244	201	112	0	149	117	67	110	205	78	254	186	187	374	108	387	235	132	272	240	283	93	277	71	279	346	291	32	270	|
|201	362	39	420	85	343	459	313	468	91	229	191	353	347	145	149	0	254	149	160	272	150	271	66	290	466	146	518	373	278	419	339	420	235	367	207	227	418	327	175	135	|
|137	109	291	354	315	205	275	109	276	166	136	71	141	151	147	117	254	0	172	212	151	116	232	273	229	274	215	270	119	39	170	145	167	111	186	47	305	263	245	113	356	|
|214	277	187	465	234	343	437	270	441	84	234	147	307	210	170	67	149	172	0	42	272	141	317	205	144	439	43	437	284	175	307	305	331	99	343	132	327	413	357	60	283	|
|255	314	195	506	245	385	480	312	483	116	275	189	349	230	208	110	160	212	42	0	314	182	356	222	132	481	15	474	321	212	337	347	367	126	385	174	358	455	398	100	295	|
|70	182	295	205	293	74	188	84	198	217	43	127	110	299	127	205	272	151	272	314	0	137	91	253	370	196	310	292	195	188	274	85	226	252	99	155	197	148	94	223	316	|
|73	216	182	324	200	210	317	164	324	80	96	45	203	247	38	78	150	116	141	182	137	0	176	158	263	323	176	369	229	150	286	191	274	157	223	77	208	284	216	106	239	|
|107	273	282	152	264	112	228	175	243	245	98	189	194	383	148	254	271	232	317	356	91	176	0	231	435	242	349	371	286	271	365	167	315	321	164	224	120	174	61	280	274	|
|186	374	55	374	42	319	439	310	450	130	212	203	347	387	137	186	66	273	205	222	253	158	231	0	348	448	208	523	386	303	442	329	431	279	352	229	167	392	291	217	85	|
|328	298	326	574	375	432	501	337	500	226	341	247	366	155	299	187	290	229	144	132	370	263	435	348	0	498	147	441	299	206	283	374	338	119	414	215	465	492	463	157	425	|
|266	208	491	219	488	133	18	169	2	402	238	296	133	374	321	374	466	274	439	481	196	323	242	448	498	0	481	180	213	292	278	134	200	384	100	307	362	75	188	381	508	|
|249	319	180	499	231	382	479	313	483	106	271	187	350	242	201	108	146	215	43	15	310	176	349	208	147	481	0	480	326	217	346	347	373	135	385	175	347	454	392	103	280	|
|343	161	551	393	565	265	197	216	181	434	320	327	183	290	386	387	518	270	437	474	292	369	371	523	441	180	480	0	153	263	163	207	107	352	208	317	487	244	334	379	598	|
|222	14	408	366	428	209	222	112	215	286	206	184	107	162	253	235	373	119	284	321	195	229	286	386	299	213	326	153	0	109	81	132	48	201	162	167	386	236	272	226	466	|
|177	103	315	389	344	237	296	135	294	187	175	106	161	112	183	132	278	39	175	212	188	150	271	303	206	292	217	263	109	0	142	171	156	95	211	74	344	289	281	118	386	|
|293	93	457	446	484	290	290	192	281	329	281	241	187	129	315	272	419	170	307	337	274	286	365	442	283	278	346	163	81	142	0	212	79	211	241	214	461	311	353	254	525	|
|144	120	366	235	370	78	132	37	136	269	118	162	27	270	195	240	339	145	305	347	85	191	167	329	374	134	347	207	132	171	212	0	151	257	40	174	280	119	142	248	398	|
|262	58	455	378	474	226	212	142	202	333	244	230	124	192	297	283	420	167	331	367	226	274	315	431	338	200	373	107	48	156	79	151	0	245	173	214	421	237	293	273	510	|
|215	196	275	456	314	313	386	220	386	149	225	132	251	113	195	93	235	111	99	126	252	157	321	279	119	384	135	352	201	95	211	257	245	0	297	97	365	374	345	62	362	|
|167	152	392	205	392	57	95	77	102	302	140	198	56	308	222	277	367	186	343	385	99	223	164	352	414	100	385	208	162	211	241	40	173	297	0	213	283	79	126	287	415	|
|120	156	244	359	270	220	306	138	309	119	128	38	175	172	112	71	207	47	132	174	155	77	224	229	215	307	175	317	167	74	214	174	214	97	213	0	280	286	248	75	313	|
|169	372	221	224	184	232	347	280	363	244	180	242	306	451	171	279	227	305	327	358	197	208	120	167	465	362	347	487	386	344	461	280	421	365	283	280	0	291	175	310	176	|
|218	227	439	150	430	75	58	155	75	364	191	266	133	386	275	346	418	263	413	455	148	284	174	392	492	75	454	244	236	289	311	119	237	374	79	286	291	0	116	359	445	|
|143	260	341	111	325	69	173	162	189	291	124	217	169	391	195	291	327	245	357	398	94	216	61	291	463	188	392	334	272	281	353	142	293	345	126	248	175	116	0	313	335	|
|173	218	214	423	252	292	381	213	384	87	189	96	249	172	142	32	175	113	60	100	223	106	280	217	157	381	103	379	226	118	254	248	273	62	287	75	310	359	313	0	300	|
|255	453	101	400	50	375	496	382	509	213	280	285	418	471	214	270	135	356	283	295	316	239	274	85	425	508	280	598	466	386	525	398	510	362	415	313	176	445	335	300	0	|

--------------------------------------------------------------------------------
Building model...
	using lazy and cut (CVRPSEP package)
Solving IRP LP...
--------------------------------------------------------------------------------

Gurobi 9.1.0 (linux64) logging started Sat Jan  9 04:56:03 2021

Gurobi Optimizer version 9.1.0 build v9.1.0rc0 (linux64)
Thread count: 32 physical cores, 32 logical processors, using up to 2 threads
Optimize a model with 902 rows, 5570 columns and 12902 nonzeros
Model fingerprint: 0x30522765
Variable types: 404 continuous, 5166 integer (246 binary)
Coefficient statistics:
  Matrix range     [1e+00, 1e+06]
  Objective range  [1e-01, 6e+02]
  Bounds range     [1e+00, 3e+02]
  RHS range        [1e+01, 6e+03]
Presolve removed 286 rows and 203 columns
Presolve time: 0.10s
Presolved: 616 rows, 5367 columns, 11889 nonzeros
Variable types: 242 continuous, 5125 integer (4886 binary)

Root relaxation: objective 1.221287e+04, 605 iterations, 0.01 seconds

    Nodes    |    Current Node    |     Objective Bounds      |     Work
 Expl Unexpl |  Obj  Depth IntInf | Incumbent    BestBd   Gap | It/Node Time

     0     0 12212.8670    0  106          - 12212.8670      -     -    0s
     0     0 12717.4983    0  132          - 12717.4983      -     -    0s
     0     0 12720.0416    0  119          - 12720.0416      -     -    0s
     0     0 13161.8680    0  193          - 13161.8680      -     -    0s
     0     0 13451.1294    0  197          - 13451.1294      -     -    0s
     0     0 13463.7393    0  219          - 13463.7393      -     -    0s
     0     0 13479.6540    0  218          - 13479.6540      -     -    0s
     0     0 13489.0818    0  244          - 13489.0818      -     -    0s
     0     0 13499.2514    0  231          - 13499.2514      -     -    0s
     0     0 13503.5536    0  227          - 13503.5536      -     -    0s
     0     0 13504.0712    0  229          - 13504.0712      -     -    0s
     0     0 13613.6343    0  229          - 13613.6343      -     -    0s
     0     0 13635.2698    0  243          - 13635.2698      -     -    0s
     0     0 13642.9844    0  252          - 13642.9844      -     -    0s
     0     0 13644.9116    0  269          - 13644.9116      -     -    0s
     0     0 13645.0779    0  269          - 13645.0779      -     -    0s
     0     0 13680.6743    0  280          - 13680.6743      -     -    1s
     0     0 13688.0369    0  261          - 13688.0369      -     -    1s
     0     0 13691.9805    0  297          - 13691.9805      -     -    1s
     0     0 13692.3957    0  303          - 13692.3957      -     -    1s
     0     0 13699.8166    0  317          - 13699.8166      -     -    1s
     0     0 13702.8925    0  306          - 13702.8925      -     -    1s
     0     2 13715.2354    0  315          - 13715.2354      -     -    1s
   100   113 14012.8169   26  220          - 13756.6382      -   181    5s
H  150   153                    15068.460000 13756.6382  8.71%   152    5s
   294   312 14744.5657   78   34 15068.4600 13756.6382  8.71%   115   10s
H  315   312                    14981.460000 13756.6382  8.18%   109   10s
   621   644 14770.2200   80    4 14981.4600 13779.7355  8.02%  93.3   15s
H  789   674                    14964.460000 13779.7993  7.92%  81.0   17s
   794   677 13917.5507    8  382 14964.4600 13802.6936  7.76%  80.5   20s
H  804   650                    14861.860000 13847.7981  6.82%  79.5   22s
   812   655 14299.0823   62  406 14861.8600 13851.0362  6.80%  78.7   25s
   829   670 13875.1935   16  379 14861.8600 13869.5494  6.68%  86.9   30s
   892   718 14354.4139   33  147 14861.8600 13869.5494  6.68%  97.9   35s
H  928   701                    14791.860000 13869.5494  6.24%   101   36s
H  954   694                    14747.860000 13869.5494  5.96%   102   37s
  1034   737 13918.2319   18  358 14747.8600 13870.0219  5.95%   104   41s
  1143   796 14182.2860   40  144 14747.8600 13870.0219  5.95%   108   45s
  1254   878 14442.9849   80   70 14747.8600 13870.0219  5.95%   111   50s
H 1300   861                    14685.180000 13905.1136  5.31%   110   51s
  1393   872 14249.6846   27  151 14685.1800 13905.1136  5.31%   112   55s
  1556   958 14514.4320   53   51 14685.1800 13905.1136  5.31%   114   60s
* 1673   704              56    14442.450000 13910.3147  3.68%   113   64s
  1706   693     cutoff   35      14442.4500 13910.3147  3.68%   112   65s
  1778   656 14130.5334   21  348 14442.4500 13924.7944  3.58%   118   70s
  1847   679     cutoff   40      14442.4500 13934.0350  3.52%   124   75s
  1908   712 14066.7157   26  281 14442.4500 13934.0521  3.52%   130   81s
  1962   716 14396.9262   29  234 14442.4500 13934.0521  3.52%   131   85s
  2057   751 14082.7185   18  258 14442.4500 13955.5508  3.37%   134   91s
  2110   752 14060.5420   19  345 14442.4500 13962.4936  3.32%   136   95s
  2191   789 14031.6434   23  286 14442.4500 13967.4130  3.29%   138  101s
  2239   813 14415.7247   42  141 14442.4500 13969.5335  3.27%   141  105s
H 2311   764                    14434.410000 13980.9743  3.14%   142  108s
  2325   778     cutoff   23      14434.4100 13981.8018  3.14%   145  112s
  2369   794 14279.7981   25  248 14434.4100 13982.2167  3.13%   150  116s
  2445   848 14401.1672   43  127 14434.4100 13985.1073  3.11%   151  121s
  2528   913 14073.4704   20  219 14434.4100 13991.7398  3.07%   151  125s
  2576   915 14053.3042   16  301 14434.4100 13991.7398  3.07%   150  131s
  2616   957 14363.4914   33  239 14434.4100 13993.7312  3.05%   152  136s
  2645  1005 14226.1197   30  272 14434.4100 13995.7512  3.04%   154  142s
  2705  1031 14097.3647   21  330 14434.4100 13995.9842  3.04%   155  145s
  2822  1096     cutoff   37      14434.4100 13999.9662  3.01%   156  151s
  2866  1168 14216.8124   25  221 14434.4100 14003.2815  2.99%   156  155s
  2999  1297 14342.1829   50  106 14434.4100 14004.7935  2.98%   154  163s
  3126  1322 14157.3812   16  313 14434.4100 14005.6417  2.97%   152  167s
  3172  1353 14169.8150   20  311 14434.4100 14007.9498  2.95%   152  171s
  3225  1385 14324.2037   22  280 14434.4100 14008.2253  2.95%   153  175s
  3325  1403     cutoff   38      14434.4100 14015.0913  2.90%   154  180s
  3431  1475 14412.2260   41   60 14434.4100 14015.9505  2.90%   156  189s
  3489  1513     cutoff   46      14434.4100 14016.4527  2.90%   156  193s
  3556  1539 14256.2732   31  194 14434.4100 14019.6272  2.87%   158  198s
  3605  1585 14414.9230   30  205 14434.4100 14023.0990  2.85%   160  203s
  3665  1630 14417.4446   35  194 14434.4100 14026.9671  2.82%   161  209s
  3736  1653     cutoff   41      14434.4100 14029.6529  2.80%   162  215s
  3793  1685     cutoff   36      14434.4100 14029.7413  2.80%   162  220s
  3862  1723 14270.9193   30  239 14434.4100 14031.7112  2.79%   163  225s
  3918  1761 14171.8104   21  287 14434.4100 14032.4879  2.78%   164  231s
  3994  1782     cutoff   46      14434.4100 14032.7845  2.78%   165  237s
  4100  1850 14150.0243   24  337 14434.4100 14034.7738  2.77%   165  243s
  4209  1885 14181.9902   27  238 14434.4100 14042.8910  2.71%   165  250s
  4301  1911 14261.7101   20  267 14434.4100 14043.7756  2.71%   166  258s
  4366  1986 14148.3987   21  297 14434.4100 14046.2631  2.69%   168  265s
  4475  2050 14431.8402   31   96 14434.4100 14050.3015  2.66%   168  272s
  4600  2126 14424.3963   32  165 14434.4100 14052.4439  2.65%   169  279s
  4742  2160 14373.9398   32  110 14434.4100 14055.5304  2.62%   168  287s
  4843  2244 14362.1317   28  257 14434.4100 14058.8106  2.60%   169  295s
H 4885  2207                    14422.850000 14058.8106  2.52%   169  295s
  4991  2260     cutoff   37      14422.8500 14059.9854  2.52%   169  304s
  5071  2304     cutoff   41      14422.8500 14061.5487  2.51%   171  312s
  5200  2367 14169.6206   25  223 14422.8500 14064.9206  2.48%   171  321s
  5357  2456 14300.3325   26  208 14422.8500 14066.7222  2.47%   170  330s
  5495  2539 14389.5361   25  236 14422.8500 14068.6032  2.46%   170  340s
  5666  2585 14284.5702   44  194 14422.8500 14070.4588  2.44%   169  350s
  5753  2678 14356.2481   22  215 14422.8500 14073.9754  2.42%   170  360s
  5953  2738 14354.0820   35  208 14422.8500 14079.4355  2.38%   169  371s
  6068  2822 14284.4743   32  221 14422.8500 14081.1126  2.37%   170  381s
  6264  2928     cutoff   28      14422.8500 14082.4594  2.36%   171  392s
  6431  2962 14362.6550   75   51 14422.8500 14085.0878  2.34%   171  403s
H 6475  2868                    14411.529996 14085.0878  2.27%   171  404s
H 6575  2831                    14408.040000 14085.5710  2.24%   170  404s
  6580  2948 14212.3718   19  295 14408.0400 14086.3097  2.23%   170  415s
  6806  3037 infeasible   67      14408.0400 14088.7694  2.22%   169  451s
  6948  3098 14323.6366   33  141 14408.0400 14089.4828  2.21%   168  462s
  7101  3205     cutoff   46      14408.0400 14093.1889  2.19%   168  472s
  7289  3307 14328.0629   28   65 14408.0400 14096.0510  2.17%   167  486s
  7542  3383     cutoff   44      14408.0400 14099.0309  2.14%   166  498s
  7715  3467 14217.4490   30  237 14408.0400 14103.9931  2.11%   167  511s
  7913  3622 14335.3582   25  251 14408.0400 14106.5730  2.09%   167  524s
  8028  3622 14227.5508   32   93 14408.0400 14108.5882  2.08%   166  525s
  8160  3663 14318.7541   37  229 14408.0400 14109.2834  2.07%   167  537s
  8351  3705 14127.4770   27  281 14408.0400 14112.3412  2.05%   168  550s
  8403  3860 14204.2023   45   22 14408.0400 14113.6728  2.04%   167  562s
  8678  3951     cutoff   70      14408.0400 14115.5647  2.03%   166  575s
  8884  4074 14297.4258   43  178 14408.0400 14116.4853  2.02%   166  589s
  9106  4158 14281.9605   30  288 14408.0400 14117.0471  2.02%   166  602s
  9291  4228 14314.2747   31  246 14408.0400 14120.3691  2.00%   166  614s
  9481  4384 14301.5380   24   88 14408.0400 14123.2150  1.98%   166  626s
  9744  4562 14220.5847   30  202 14408.0400 14126.2976  1.96%   165  640s
 10096  4722     cutoff   71      14408.0400 14127.6936  1.95%   163  653s
 10369  4853 14212.7397   27  238 14408.0400 14129.9065  1.93%   162  665s
 10595  4966 14261.3413   24  302 14408.0400 14131.7352  1.92%   162  678s
 10825  5128 14315.7108   41  205 14408.0400 14133.6474  1.90%   162  691s
 11087  5267 14369.0370   44   45 14408.0400 14136.6719  1.88%   161  704s
 11197  5268 14362.1543   61   61 14408.0400 14136.6719  1.88%   160  705s
 11348  5378 14392.4174   32   49 14408.0400 14137.4563  1.88%   160  717s
 11577  5458 14379.3710   30   87 14408.0400 14140.3340  1.86%   160  730s
 11760  5592 14299.3639   28  156 14408.0400 14142.2502  1.84%   160  741s
 12031  5629 14311.3912   31  233 14408.0400 14143.8699  1.83%   159  754s
 12152  5728     cutoff   49      14408.0400 14144.7266  1.83%   159  766s
 12360  5870 14300.9020   25  200 14408.0400 14146.2086  1.82%   159  778s
 12653  5985 14198.1420   21  280 14408.0400 14147.5977  1.81%   158  790s
 12880  6103 14317.1354   37   96 14408.0400 14148.5228  1.80%   158  803s
 13142  6286     cutoff   51      14408.0400 14150.1691  1.79%   158  816s
 13473  6407 14308.4346   36  178 14408.0400 14151.4117  1.78%   156  829s
 13579  6407 14363.8923   33   60 14408.0400 14151.4117  1.78%   156  830s
 13768  6510 14248.0952   46   37 14408.0400 14153.5309  1.77%   155  842s
 14023  6639 14308.2717   31  112 14408.0400 14154.8877  1.76%   155  854s
 14191  6639 14346.8690   56   85 14408.0400 14155.4620  1.75%   155  855s
 14269  6736     cutoff   25      14408.0400 14155.5645  1.75%   155  866s
 14543  6838 infeasible   61      14408.0400 14157.0967  1.74%   154  879s
 14800  6930     cutoff   19      14408.0400 14158.6559  1.73%   154  891s
 15002  7055 14350.2929   29  188 14408.0400 14159.5339  1.72%   154  903s
 15271  7140 14219.2290   30  144 14408.0400 14160.9305  1.72%   153  916s
 15523  7207 14321.5930   25  265 14408.0400 14161.8255  1.71%   153  928s
 15737  7348     cutoff   40      14408.0400 14162.6853  1.70%   153  940s
 16022  7459 14380.6154   34   17 14408.0400 14163.7288  1.70%   152  952s
 16281  7543     cutoff   55      14408.0400 14165.0661  1.69%   152  964s
 16355  7545 14385.5124   44   39 14408.0400 14165.0661  1.69%   151  965s
 16509  7634     cutoff   59      14408.0400 14166.0486  1.68%   151  976s
 16757  7719 infeasible   46      14408.0400 14168.0350  1.67%   151  988s
 16988  7809 14398.5500   46   90 14408.0400 14169.3992  1.66%   151 1000s
 17232  7898 14373.0409   31  248 14408.0400 14170.4271  1.65%   150 1012s
 17451  8010 14238.2878   25  269 14408.0400 14171.5418  1.64%   150 1025s
 17694  8152 14241.5033   21  260 14408.0400 14172.6566  1.63%   150 1037s
 17948  8238     cutoff   42      14408.0400 14173.3322  1.63%   149 1050s
 18138  8323     cutoff   29      14408.0400 14174.4493  1.62%   149 1062s
 18366  8448     cutoff   62      14408.0400 14175.1332  1.62%   149 1074s
 18450  8448 14253.6332   38  180 14408.0400 14175.1332  1.62%   149 1075s
 18611  8509     cutoff   35      14408.0400 14176.1700  1.61%   149 1161s
H18686  8253                    14392.860000 14176.1700  1.51%   149 1163s
 18763  8381     cutoff   23      14392.8600 14176.8158  1.50%   149 1175s
 19014  8454 14317.7909   28  319 14392.8600 14177.8623  1.49%   148 1189s
 19129  8454     cutoff   44      14392.8600 14178.9370  1.49%   148 1190s
 19211  8531 14274.4375   30  188 14392.8600 14179.1779  1.48%   148 1202s
 19393  8582 14311.6761   32  157 14392.8600 14179.5012  1.48%   148 1214s
*19500  7886              47    14374.520000 14181.3740  1.34%   148 1215s
 19579  7934     cutoff   36      14374.5200 14181.6960  1.34%   148 1228s
 19797  8030 14250.1593   21  291 14374.5200 14182.3433  1.34%   148 1243s
 20040  8133 14361.6431   37  191 14374.5200 14182.7942  1.33%   148 1256s
 20322  8206 14280.8572   32  259 14374.5200 14183.6452  1.33%   148 1270s
 20556  8257 14321.0722   39  181 14374.5200 14184.4821  1.32%   148 1282s
 20802  8324 14226.2460   32  253 14374.5200 14185.9322  1.31%   147 1296s
 21015  8414 14362.8932   33  245 14374.5200 14186.6058  1.31%   147 1309s
 21103  8414 14290.2900   43   81 14374.5200 14186.6058  1.31%   147 1310s
 21271  8496 14364.7327   37  165 14374.5200 14187.2971  1.30%   147 1322s
 21508  8596     cutoff   51      14374.5200 14188.4067  1.29%   147 1336s
 21750  8643     cutoff   30      14374.5200 14189.2705  1.29%   147 1349s
 21826  8643 14301.0691   22  275 14374.5200 14190.3663  1.28%   147 1350s
 21934  8677     cutoff   26      14374.5200 14190.7320  1.28%   147 1363s
 22131  8748     cutoff   36      14374.5200 14191.5913  1.27%   147 1377s
 22394  8805 14317.5304   21  233 14374.5200 14192.2825  1.27%   147 1390s
 22594  8882 14311.4740   23  319 14374.5200 14193.5594  1.26%   147 1404s
 22816  8955 14309.0113   34  305 14374.5200 14194.5313  1.25%   147 1418s
 23049  9081 14325.2846   27  223 14374.5200 14195.3056  1.25%   148 1432s
 23329  9128     cutoff   22      14374.5200 14195.9845  1.24%   147 1446s
 23539  9178     cutoff   30      14374.5200 14196.6453  1.24%   147 1459s
 23624  9178 14374.0957   26  192 14374.5200 14197.7650  1.23%   148 1460s
 23768  9291 14357.6113   26  201 14374.5200 14197.7794  1.23%   148 1474s
 24080  9347 14364.6700   73    - 14374.5200 14198.5473  1.22%   147 1487s
 24302  9415     cutoff   73      14374.5200 14199.6836  1.22%   147 1501s
H24442  9035                    14366.520000 14200.5444  1.16%   147 1501s
 24516  9091     cutoff   29      14366.5200 14200.5662  1.16%   147 1514s
 24619  9091 14337.1501   33  220 14366.5200 14201.5098  1.15%   147 1515s
 24757  9142 14347.9559   22  262 14366.5200 14201.6434  1.15%   147 1528s
 25004  9194 14226.5675   28  168 14366.5200 14202.2238  1.14%   147 1541s
 25255  9286 14324.3291   24  205 14366.5200 14203.4867  1.13%   147 1555s
*25363  9254              40    14365.740000 14203.4867  1.13%   147 1555s
 25519  9320 14317.3068   29  285 14365.7400 14204.4845  1.12%   147 1570s
 25749  9382     cutoff   25      14365.7400 14205.1455  1.12%   147 1584s
 26056  9424     cutoff   45      14365.7400 14206.1815  1.11%   146 1598s
 26299  9484 infeasible   45      14365.7400 14206.7756  1.11%   146 1611s
 26556  9530 14310.3517   31  197 14365.7400 14207.5483  1.10%   146 1625s
 26730  9615 14311.6896   35  244 14365.7400 14208.1388  1.10%   146 1638s
 27031  9667 14257.4211   23  239 14365.7400 14209.1869  1.09%   146 1652s
 27279  9727 14316.1703   39  191 14365.7400 14210.1176  1.08%   146 1666s
 27525  9783 14294.9781   38   86 14365.7400 14211.0168  1.08%   146 1692s
*27538  7432              42    14332.490000 14211.0168  0.85%   146 1692s
 27789  7423     cutoff   26      14332.4900 14211.5244  0.84%   146 1717s
 28008  7483 14263.1827   27  291 14332.4900 14212.8371  0.83%   146 1731s
 28275  7522 14286.6961   28   85 14332.4900 14213.8885  0.83%   146 1746s
 28498  7542     cutoff   36      14332.4900 14215.0986  0.82%   146 1760s
 28742  7567 14276.3585   31  175 14332.4900 14215.9491  0.81%   146 1773s
 28992  7569 14277.9344   35  230 14332.4900 14216.9155  0.81%   146 1786s
 29227  7610 14259.1349   37  201 14332.4900 14217.9582  0.80%   146 1800s
 29512  7637 14329.7133   24  161 14332.4900 14218.9082  0.79%   146 1815s
 29776  7675     cutoff   45      14332.4900 14219.6023  0.79%   145 1829s
 30078  7721 infeasible   32      14332.4900 14220.8096  0.78%   145 1843s
 30367  7707     cutoff   34      14332.4900 14221.5441  0.77%   145 1857s
 30559  7702 14263.7512   25  242 14332.4900 14223.0636  0.76%   145 1871s
 30761  7730     cutoff   34      14332.4900 14223.7764  0.76%   145 1884s
 30950  7730 14320.4724   38  146 14332.4900 14224.6820  0.75%   145 1885s
 30995  7743 14268.0231   37   63 14332.4900 14224.7973  0.75%   145 1900s
 31235  7747 14329.7634   32   75 14332.4900 14226.3031  0.74%   145 1915s
 31495  7731     cutoff   20      14332.4900 14227.2096  0.73%   145 1930s
 31727  7751 14293.1433   26  317 14332.4900 14228.3030  0.73%   145 1945s
 32025  7749 14326.7148   36   40 14332.4900 14229.5041  0.72%   145 1960s
 32306  7765 14301.6530   29  181 14332.4900 14230.5446  0.71%   145 1974s
 32460  7765     cutoff   45      14332.4900 14231.4661  0.70%   145 1975s
 32577  7737 14300.3854   20  242 14332.4900 14231.4732  0.70%   145 1988s
 32767  7762     cutoff   38      14332.4900 14232.6193  0.70%   145 2007s
*32853  7649              38    14331.170000 14232.6193  0.69%   145 2008s
 33158  7687 14301.2213   29  117 14331.1700 14233.9102  0.68%   145 2023s
 33500  7671 14294.3173   30  210 14331.1700 14234.7405  0.67%   145 2039s
 33638  7671 14304.0212   35   52 14331.1700 14235.4041  0.67%   145 2040s
 33791  7650     cutoff   30      14331.1700 14235.4622  0.67%   145 2054s
 34007  7654     cutoff   29      14331.1700 14236.2302  0.66%   145 2071s
 34295  7637 14273.6341   29  250 14331.1700 14237.2251  0.66%   145 2087s
 34584  7612     cutoff   32      14331.1700 14238.6383  0.65%   145 2104s
 34732  7612     cutoff   46      14331.1700 14239.8030  0.64%   145 2105s
 34875  7608     cutoff   32      14331.1700 14239.8461  0.64%   145 2120s
 35201  7618 14326.9852   37  209 14331.1700 14240.9428  0.63%   145 2139s
 35322  7618 14249.3350   48   80 14331.1700 14240.9428  0.63%   145 2140s
 35500  7621 14316.0294   25  168 14331.1700 14241.9445  0.62%   145 2155s
 35803  7682 14298.8163   28  116 14331.1700 14242.7237  0.62%   144 2171s
 36164  7682 14305.0768   39   17 14331.1700 14243.6186  0.61%   144 2187s
 36472  7675     cutoff   39      14331.1700 14244.4517  0.61%   144 2203s
 36763  7653     cutoff   22      14331.1700 14245.4568  0.60%   144 2219s
 37070  7652     cutoff   33      14331.1700 14246.7316  0.59%   144 2233s
 37343  7633 14284.2010   33  214 14331.1700 14247.3861  0.58%   144 2248s
 37630  7640     cutoff   25      14331.1700 14248.5370  0.58%   144 2262s
 37933  7626 14286.0536   33  244 14331.1700 14249.2005  0.57%   144 2277s
 38222  7588 14303.1962   26  167 14331.1700 14249.9756  0.57%   144 2292s
 38537  7569     cutoff   46      14331.1700 14250.9762  0.56%   143 2307s
 38836  7560 14322.9027   22  214 14331.1700 14252.0452  0.55%   143 2324s
 39044  7522     cutoff   52      14331.1700 14252.6782  0.55%   143 2340s
 39304  7480 14280.9481   33  204 14331.1700 14253.3480  0.54%   143 2355s
 39579  7446 14308.7900   31  223 14331.1700 14254.4360  0.54%   143 2370s
 39885  7426     cutoff   41      14331.1700 14255.4342  0.53%   143 2386s
 40210  7416 14290.6587   33   66 14331.1700 14256.3610  0.52%   143 2401s
 40564  7366     cutoff   44      14331.1700 14257.0544  0.52%   143 2416s
 40847  7327     cutoff   29      14331.1700 14257.9784  0.51%   143 2431s
 41107  7269     cutoff   26      14331.1700 14258.7377  0.51%   143 2447s
 41436  7217 14311.9986   26  198 14331.1700 14259.6422  0.50%   143 2462s
 41713  7163     cutoff   21      14331.1700 14260.6074  0.49%   143 2477s
 41992  7101     cutoff   43      14331.1700 14261.6379  0.49%   143 2493s
 42333  7043     cutoff   33      14331.1700 14262.3546  0.48%   143 2508s
 42625  7020 14298.6077   25  261 14331.1700 14263.5145  0.47%   142 2523s
 42937  6969 14279.8998   36   95 14331.1700 14264.2755  0.47%   142 2539s
 43240  6948 14302.4400   27  181 14331.1700 14265.0924  0.46%   142 2554s
 43351  6948 14329.4822   23  236 14331.1700 14265.0924  0.46%   142 2555s
 43576  6941     cutoff   35      14331.1700 14266.2002  0.45%   142 2570s
 43952  6884     cutoff   58      14331.1700 14267.1057  0.45%   142 2585s
 44284  6847 14296.8781   31  117 14331.1700 14267.9150  0.44%   142 2601s
 44587  6823 14288.6271   29  182 14331.1700 14268.6880  0.44%   142 2615s
 44892  6756     cutoff   29      14331.1700 14269.4499  0.43%   142 2631s
 45226  6675     cutoff   31      14331.1700 14270.4004  0.42%   142 2645s
 45556  6641 14307.8954   29  101 14331.1700 14271.3232  0.42%   142 2664s
 45652  6593     cutoff   40      14331.1700 14271.6830  0.42%   142 2683s
 45898  6545     cutoff   46      14331.1700 14272.4197  0.41%   141 2698s
 46230  6465     cutoff   24      14331.1700 14273.4024  0.40%   141 2713s
 46543  6417     cutoff   32      14331.1700 14274.1632  0.40%   141 2728s
 46936  6332     cutoff   32      14331.1700 14275.0604  0.39%   141 2744s
 47328  6264 14331.0572   25   87 14331.1700 14276.0914  0.38%   140 2759s
 47651  6170 14310.3022   38   72 14331.1700 14276.8528  0.38%   140 2773s
 47994  6086     cutoff   47      14331.1700 14277.9814  0.37%   140 2788s
 48390  5968     cutoff   39      14331.1700 14278.8915  0.36%   140 2805s
 48784  5867     cutoff   47      14331.1700 14279.9421  0.36%   139 2822s
 49123  5718     cutoff   26      14331.1700 14280.9793  0.35%   139 2837s
 49446  5599     cutoff   48      14331.1700 14282.1162  0.34%   139 2858s
 49828  5458 14321.5210   35  197 14331.1700 14283.1957  0.33%   139 2875s
 50236  5304     cutoff   46      14331.1700 14284.3234  0.33%   138 2893s
 50622  5170     cutoff   29      14331.1700 14285.5265  0.32%   138 2911s
 51040  4983 infeasible   43      14331.1700 14286.6960  0.31%   138 2929s
 51368  4983 14320.4703   28   60 14331.1700 14288.1435  0.30%   138 2930s
 51471  4791 14309.4313   27  210 14331.1700 14288.1448  0.30%   138 2946s
 51967  4604 14324.4264   38    4 14331.1700 14289.7885  0.29%   137 2965s
 52420  4385     cutoff   39      14331.1700 14291.1107  0.28%   137 2984s
 52567  4385 14300.4032   48  100 14331.1700 14291.1107  0.28%   137 2985s
 52875  4199 14311.7402   38  107 14331.1700 14292.6151  0.27%   137 3001s
 53325  3997 14297.6279   39  222 14331.1700 14294.2661  0.26%   136 3019s
 53805  3737     cutoff   29      14331.1700 14296.1690  0.24%   136 3036s
 54261  3454     cutoff   37      14331.1700 14297.9935  0.23%   135 3053s
 54753  3162     cutoff   38      14331.1700 14299.9771  0.22%   135 3069s
 55171  3162 14312.8023   28  228 14331.1700 14302.2623  0.20%   134 3070s
 55241  2837     cutoff   66      14331.1700 14302.2691  0.20%   134 3087s
 55795  2498     cutoff   29      14331.1700 14304.5760  0.19%   134 3104s
 55985  2499 14314.3502   43   14 14331.1700 14304.5760  0.19%   134 3105s
 56358  2120     cutoff   53      14331.1700 14307.0977  0.17%   133 3119s
 56830  1707     cutoff   37      14331.1700 14310.1294  0.15%   133 3133s
 57379  1252     cutoff   25      14331.1700 14313.4221  0.12%   132 3146s
 57932   753     cutoff   32      14331.1700 14317.7100  0.09%   131 3157s
 58472   202     cutoff   33      14331.1700 14322.9400  0.06%   130 3167s

Cutting planes:
  User: 2552
  Gomory: 16
  Cover: 263
  Implied bound: 13
  Clique: 17
  MIR: 100
  StrongCG: 7
  Flow cover: 316
  Zero half: 43
  RLT: 196
  Lazy constraints: 2335

Explored 59258 nodes (7636100 simplex iterations) in 3169.76 seconds
Thread count was 2 (of 32 available processors)

Solution count 10: 14331.2 14332.5 14365.7 ... 14434.4

Optimal solution found (tolerance 1.00e-04)
Best objective 1.433117000000e+04, best bound 1.433117000000e+04, gap 0.0000%

User-callback calls 271151, time in user-callback 199.88 sec
================================================================================
executing instance: ./input/Instances/Original/2/absH3high_4n10.dat
--------------------------------------------------------------------------------
Instance details
n	11
H	3
C	822
Li:
[0, 0, 0, 0, 0, 0, 0, 0, 0, 0, 0, ]
Ui:
[0, 102, 52, 88, 182, 153, 138, 38, 165, 297, 86, ]
Distance matrix:
|0	285	411	382	327	239	148	256	307	36	383	|
|285	0	352	98	249	103	227	235	120	268	209	|
|411	352	0	395	106	430	263	549	234	429	174	|
|382	98	395	0	302	173	320	288	168	364	227	|
|327	249	106	302	0	324	179	444	135	339	109	|
|239	103	430	173	324	0	241	132	212	212	305	|
|148	227	263	320	179	241	0	325	192	165	249	|
|256	235	549	288	444	132	325	0	342	220	436	|
|307	120	234	168	135	212	192	342	0	304	94	|
|36	268	429	364	339	212	165	220	304	0	386	|
|383	209	174	227	109	305	249	436	94	386	0	|

--------------------------------------------------------------------------------
Building model...
	using lazy and cut (CVRPSEP package)
Solving IRP LP...
--------------------------------------------------------------------------------

Gurobi 9.1.0 (linux64) logging started Sat Jan  9 05:48:53 2021

Gurobi Optimizer version 9.1.0 build v9.1.0rc0 (linux64)
Thread count: 32 physical cores, 32 logical processors, using up to 2 threads
Optimize a model with 242 rows, 500 columns and 1442 nonzeros
Model fingerprint: 0xa3e9e2d4
Variable types: 104 continuous, 396 integer (66 binary)
Coefficient statistics:
  Matrix range     [1e+00, 4e+02]
  Objective range  [2e-01, 5e+02]
  Bounds range     [1e+00, 3e+02]
  RHS range        [2e+01, 1e+03]
Presolve removed 77 rows and 53 columns
Presolve time: 0.01s
Presolved: 165 rows, 447 columns, 1179 nonzeros
Variable types: 62 continuous, 385 integer (326 binary)

Root relaxation: objective 3.672950e+03, 201 iterations, 0.00 seconds

    Nodes    |    Current Node    |     Objective Bounds      |     Work
 Expl Unexpl |  Obj  Depth IntInf | Incumbent    BestBd   Gap | It/Node Time

     0     0 3672.94953    0   46          - 3672.94953      -     -    0s
     0     0 3923.24148    0   52          - 3923.24148      -     -    0s
     0     0 3976.91154    0   57          - 3976.91154      -     -    0s
     0     0 3976.93028    0   59          - 3976.93028      -     -    0s
     0     0 4084.86537    0   66          - 4084.86537      -     -    0s
     0     0 4085.22704    0   60          - 4085.22704      -     -    0s
     0     0 4110.24876    0   71          - 4110.24876      -     -    0s
     0     0 4128.44517    0   77          - 4128.44517      -     -    0s
H    0     0                    5931.4400000 4128.44517  30.4%     -    0s
     0     0 4149.73847    0   70 5931.44000 4149.73847  30.0%     -    0s
     0     0 4153.60321    0   85 5931.44000 4153.60321  30.0%     -    0s
     0     0 4172.09830    0  105 5931.44000 4172.09830  29.7%     -    0s
H    0     0                    5620.4400000 4172.09830  25.8%     -    0s
     0     0 4172.79185    0   97 5620.44000 4172.79185  25.8%     -    0s
     0     0 4179.46335    0   96 5620.44000 4179.46335  25.6%     -    0s
     0     0 4200.66743    0   89 5620.44000 4200.66743  25.3%     -    0s
     0     2 4232.63574    0   93 5620.44000 4232.63574  24.7%     -    0s
H   13    16                    5559.3600000 4284.48862  22.9%  49.5    0s
H   48    50                    5302.5100000 4284.48862  19.2%  34.6    0s
H  101    76                    5215.5100000 4435.83445  14.9%  28.9    0s
*  233   121              14    5166.4100000 4508.70604  12.7%  28.6    1s
*  319   113              14    5077.6600000 4513.44372  11.1%  29.9    1s
H  669   162                    5038.6600000 4757.33593  5.58%  28.9    2s
* 1003   147              13    5034.9600000 4853.49291  3.60%  28.3    2s
* 1122   123              16    5031.0000000 4888.71610  2.83%  28.0    3s

Cutting planes:
  User: 453
  Gomory: 5
  Cover: 81
  Implied bound: 14
  Clique: 4
  MIR: 35
  Flow cover: 63
  Zero half: 1
  RLT: 47
  Relax-and-lift: 3
  Lazy constraints: 127

Explored 1372 nodes (36835 simplex iterations) in 3.38 seconds
Thread count was 2 (of 32 available processors)

Solution count 10: 5031 5034.96 5038.66 ... 5931.44

Optimal solution found (tolerance 1.00e-04)
Best objective 5.031000000000e+03, best bound 5.031000000000e+03, gap 0.0000%

User-callback calls 3621, time in user-callback 0.43 sec
================================================================================
executing instance: ./input/Instances/Original/2/absH3high_3n20.dat
--------------------------------------------------------------------------------
Instance details
n	21
H	3
C	1536
Li:
[0, 0, 0, 0, 0, 0, 0, 0, 0, 0, 0, 0, 0, 0, 0, 0, 0, 0, 0, 0, 0, ]
Ui:
[0, 48, 207, 156, 294, 207, 297, 54, 114, 90, 228, 132, 84, 64, 51, 153, 60, 39, 195, 82, 130, ]
Distance matrix:
|0	41	141	324	154	98	307	402	160	217	284	269	188	233	54	185	307	149	286	276	103	|
|41	0	114	285	184	88	285	385	200	197	251	230	189	270	48	205	295	160	245	241	62	|
|141	114	0	200	208	193	353	459	269	275	289	154	129	371	160	192	380	136	205	267	88	|
|324	285	200	0	406	330	386	484	467	344	286	57	299	555	318	380	442	327	114	255	226	|
|154	184	208	406	0	250	460	553	101	370	436	361	136	247	208	63	455	87	405	425	232	|
|98	88	193	330	250	0	211	304	232	121	204	273	276	249	44	283	210	244	259	204	113	|
|307	285	353	386	460	211	0	106	436	90	104	342	467	407	253	490	72	445	275	134	269	|
