




arguments: ./build/mirp_solver -f ./input/orig_exec_12.cfg
Current dir: /scratch/gui/bnc_mirp
File verbosity level: 9
date       time         ( uptime  ) [ thread name/id ]                   file:line     v| 
2021-01-08 23:35:51.318 (   0.140s) [main thread     ]             loguru.cpp:789   INFO| Logging to './output/vi_lex_half/OU/V2/Original/execution_08_01_2021_23_35_51.log', mode: 'a', verbosity: 9
--------------------------------------------------------------------------------
Parameters
                           instance_path           ./input/Instances/Original/1/
                            model_policy                                       1
                             nb_vehicles                                       2
                              output_dir    ./output/vi_lex_half/OU/V2/Original/
                            sec_strategy                                       1
                       solver_nb_threads                                       2
                         solver_show_log                                    true
                       solver_time_limit                                    3600
                              use_vi_cos                                   false
                              use_vi_cus                                   false
                         use_vi_hc1_full                                   false
                         use_vi_hc1_half                                   false
                      use_vi_hc1_quarter                                   false
                              use_vi_hc2                                   false
                              use_vi_hc3                                   false
                         use_vi_lex_full                                   false
                         use_vi_lex_half                                    true
                      use_vi_lex_quarter                                   false
                              use_vi_qua                                   false
                               use_vi_vc                                   false
                               use_vi_vr                                   false
--------------------------------------------------------------------------------
executing instance: ./input/Instances/Original/1/absH3high_1n5.dat
--------------------------------------------------------------------------------
Instance details
n	6
H	3
C	289
Li:
[0, 0, 0, 0, 0, 0, ]
Ui:
[0, 195, 105, 116, 72, 22, ]
Distance matrix:
|0	85	349	17	203	289	|
|85	0	265	102	214	226	|
|349	265	0	366	368	238	|
|17	102	366	0	207	302	|
|203	214	368	207	0	431	|
|289	226	238	302	431	0	|

--------------------------------------------------------------------------------
Building model...
	using lazy and cut (CVRPSEP package)
Solving IRP LP...
--------------------------------------------------------------------------------

Gurobi 9.1.0 (linux64) logging started Fri Jan  8 23:35:52 2021

Gurobi Optimizer version 9.1.0 build v9.1.0rc0 (linux64)
Thread count: 32 physical cores, 32 logical processors, using up to 2 threads
Optimize a model with 132 rows, 180 columns and 585 nonzeros
Model fingerprint: 0x60cf3c55
Variable types: 54 continuous, 126 integer (36 binary)
Coefficient statistics:
  Matrix range     [1e+00, 2e+02]
  Objective range  [2e-01, 4e+02]
  Bounds range     [1e+00, 2e+02]
  RHS range        [1e+01, 5e+02]
Presolve removed 42 rows and 28 columns
Presolve time: 0.01s
Presolved: 90 rows, 152 columns, 446 nonzeros
Variable types: 32 continuous, 120 integer (91 binary)
Found heuristic solution: objective 3666.5700000
Found heuristic solution: objective 2819.2700000

Root relaxation: objective 1.636786e+03, 98 iterations, 0.00 seconds

    Nodes    |    Current Node    |     Objective Bounds      |     Work
 Expl Unexpl |  Obj  Depth IntInf | Incumbent    BestBd   Gap | It/Node Time

     0     0 1636.78556    0   20 2819.27000 1636.78556  41.9%     -    0s
     0     0 1839.94402    0   32 2819.27000 1839.94402  34.7%     -    0s
H    0     0                    2777.5900000 1839.94402  33.8%     -    0s
     0     0 1869.84164    0   32 2777.59000 1869.84164  32.7%     -    0s
     0     0 2158.50706    0   44 2777.59000 2158.50706  22.3%     -    0s
H    0     0                    2593.5900000 2158.50706  16.8%     -    0s
     0     0 2159.52262    0   46 2593.59000 2159.52262  16.7%     -    0s
     0     0 2159.54355    0   46 2593.59000 2159.54355  16.7%     -    0s
     0     0 2185.48608    0   50 2593.59000 2185.48608  15.7%     -    0s
H    0     0                    2302.3500000 2185.48608  5.08%     -    0s
H    0     0                    2266.6100000 2185.48608  3.58%     -    0s
     0     0 2186.47670    0   50 2266.61000 2186.47670  3.54%     -    0s
     0     0 2186.63241    0   51 2266.61000 2186.63241  3.53%     -    0s
     0     0 2190.69831    0   48 2266.61000 2190.69831  3.35%     -    0s
     0     0 2194.69862    0   36 2266.61000 2194.69862  3.17%     -    0s
     0     0 2194.98520    0   50 2266.61000 2194.98520  3.16%     -    0s
     0     0 2195.67088    0   39 2266.61000 2195.67088  3.13%     -    0s
     0     0 2195.67088    0   18 2266.61000 2195.67088  3.13%     -    0s
     0     0 2195.67088    0   31 2266.61000 2195.67088  3.13%     -    0s
     0     0 2195.67088    0   22 2266.61000 2195.67088  3.13%     -    0s
     0     0 2195.67088    0   36 2266.61000 2195.67088  3.13%     -    0s
     0     0 2197.19199    0   30 2266.61000 2197.19199  3.06%     -    0s
     0     0 2198.76157    0   37 2266.61000 2198.76157  2.99%     -    0s
     0     0 2199.74769    0   38 2266.61000 2199.74769  2.95%     -    0s
     0     0 2218.12661    0   28 2266.61000 2218.12661  2.14%     -    0s
     0     0 2218.12661    0   28 2266.61000 2218.12661  2.14%     -    0s
     0     0 2247.34928    0   15 2266.61000 2247.34928  0.85%     -    0s
     0     0     cutoff    0      2266.61000 2266.61000  0.00%     -    0s

Cutting planes:
  Gomory: 2
  Cover: 7
  Implied bound: 7
  Clique: 7
  MIR: 4
  StrongCG: 1
  Flow cover: 12
  RLT: 2
  Relax-and-lift: 1

Explored 1 nodes (714 simplex iterations) in 0.14 seconds
Thread count was 2 (of 32 available processors)

Solution count 6: 2266.61 2302.35 2593.59 ... 3666.57

Optimal solution found (tolerance 1.00e-04)
Best objective 2.266610000000e+03, best bound 2.266610000000e+03, gap 0.0000%

User-callback calls 246, time in user-callback 0.01 sec
================================================================================
executing instance: ./input/Instances/Original/1/absH3high_1n45.dat
--------------------------------------------------------------------------------
Instance details
n	46
H	3
C	3462
Li:
[0, 0, 0, 0, 0, 0, 0, 0, 0, 0, 0, 0, 0, 0, 0, 0, 0, 0, 0, 0, 0, 0, 0, 0, 0, 0, 0, 0, 0, 0, 0, 0, 0, 0, 0, 0, 0, 0, 0, 0, 0, 0, 0, 0, 0, 0, ]
Ui:
[0, 273, 270, 36, 165, 192, 148, 45, 30, 75, 180, 198, 112, 117, 90, 64, 180, 22, 264, 174, 168, 270, 86, 66, 26, 66, 237, 156, 92, 108, 144, 72, 30, 45, 94, 54, 174, 96, 198, 136, 44, 180, 210, 249, 198, 48, ]
Distance matrix:
|0	281	201	160	249	201	93	431	236	139	252	136	116	166	390	110	349	374	303	180	327	464	236	70	44	461	346	439	363	254	312	426	305	206	71	137	169	200	247	260	20	219	256	253	460	278	|
|281	0	448	170	53	142	338	184	121	290	371	390	222	302	111	289	169	434	230	177	238	441	59	212	319	211	86	235	399	306	53	176	99	202	263	157	361	101	370	201	264	344	364	374	469	184	|
|201	448	0	285	430	325	114	556	361	171	191	64	228	174	546	294	453	306	364	289	388	435	393	254	157	585	491	536	318	254	490	554	436	407	266	292	108	388	186	337	207	181	205	190	408	364	|
|160	170	285	0	169	43	182	280	80	120	208	231	58	132	262	230	190	294	151	24	174	345	112	107	183	309	207	280	268	158	219	276	155	235	187	45	192	150	205	107	140	177	202	210	356	119	|
|249	53	430	169	0	152	317	238	145	282	377	369	212	299	157	242	215	452	261	183	273	474	76	181	290	264	140	287	421	320	63	229	145	148	221	142	352	53	374	226	234	346	370	378	498	215	|
|201	142	325	43	152	0	224	237	37	156	230	273	101	164	224	261	148	300	127	38	147	333	83	142	225	266	167	238	270	168	193	233	112	246	221	70	228	148	228	84	180	202	222	232	351	87	|
|93	338	114	182	317	224	0	460	262	92	180	52	124	112	440	199	364	307	292	191	317	415	284	140	57	490	387	452	304	208	377	457	336	297	163	181	84	274	175	256	95	152	188	180	402	280	|
|431	184	556	280	238	237	460	0	199	385	420	508	337	385	108	464	110	429	219	269	206	378	202	365	460	30	98	84	388	340	204	9	126	386	432	294	453	283	421	226	411	404	408	423	422	198	|
|236	121	361	80	145	37	262	199	0	191	255	310	138	197	191	290	114	312	118	72	133	330	69	175	262	229	132	204	279	186	174	195	75	258	251	102	262	153	254	81	216	230	246	257	353	72	|
|139	290	171	120	282	156	92	385	191	0	116	129	71	27	380	246	283	235	201	119	226	329	231	141	129	414	323	367	224	119	336	383	266	308	202	141	72	252	112	169	127	82	118	117	322	195	|
|252	371	191	208	377	230	180	420	255	116	0	187	178	90	443	361	311	127	204	195	224	246	313	257	232	446	382	380	129	81	423	421	320	422	318	242	100	355	5	195	241	34	15	2	225	224	|
|136	390	64	231	369	273	52	508	310	129	187	0	173	141	491	233	409	313	330	239	355	431	335	191	93	538	438	495	316	233	429	505	385	342	203	233	88	325	182	297	143	167	199	187	412	323	|
|116	222	228	58	212	101	124	337	138	71	178	173	0	91	319	206	244	284	187	69	212	357	165	85	130	367	265	333	264	151	267	333	213	244	161	70	140	181	175	145	97	145	177	180	359	165	|
|166	302	174	132	299	164	112	385	197	27	90	141	91	0	388	273	280	208	191	127	215	305	243	167	153	413	329	361	198	96	351	383	270	333	229	159	68	272	86	163	153	56	92	91	296	190	|
|390	111	546	262	157	224	440	108	191	380	443	491	319	388	0	399	164	480	264	261	261	456	156	320	426	125	62	186	442	369	107	99	125	300	374	260	452	210	443	252	372	420	433	446	494	227	|
|110	289	294	230	242	261	199	464	290	246	361	233	206	273	399	0	402	480	382	254	404	562	262	124	143	493	369	490	466	355	302	457	344	135	45	191	279	189	356	337	120	328	364	362	563	348	|
|349	169	453	190	215	148	364	110	114	283	311	409	244	280	164	402	0	324	110	174	101	292	151	289	372	135	109	90	284	230	212	111	70	354	364	216	348	245	312	118	329	295	298	313	330	90	|
|374	434	306	294	452	300	307	429	312	235	127	313	284	208	480	480	324	0	216	274	223	137	380	368	357	448	419	367	40	136	487	432	358	525	436	336	227	443	132	234	361	156	119	127	102	255	|
|303	230	364	151	261	127	292	219	118	201	204	330	187	191	264	382	110	216	0	128	25	213	185	258	314	243	203	176	178	123	282	221	144	372	338	193	256	270	206	45	283	193	191	206	239	46	|
|180	177	289	24	183	38	191	269	72	119	195	239	69	127	261	254	174	274	128	0	151	321	118	130	198	299	204	263	246	139	228	266	147	258	211	68	191	169	193	83	159	166	188	197	333	98	|
|327	238	388	174	273	147	317	206	133	226	224	355	212	215	261	404	101	223	25	151	0	203	198	281	339	228	202	156	184	143	288	209	146	390	362	215	280	286	226	68	308	215	210	226	235	61	|
|464	441	435	345	474	333	415	378	330	329	246	431	357	305	456	562	292	137	213	321	203	0	398	440	458	390	400	301	117	211	492	384	348	578	517	389	344	480	251	251	448	265	233	246	54	259	|
|236	59	393	112	76	83	284	202	69	231	313	335	165	243	156	262	151	380	185	118	198	398	0	167	270	231	110	233	347	250	110	195	85	203	230	103	303	95	311	150	217	284	305	315	422	139	|
|70	212	254	107	181	142	140	365	175	141	257	191	85	167	320	124	289	368	258	130	281	440	167	0	109	394	277	378	349	236	244	359	239	167	81	73	196	135	253	213	53	223	257	258	444	226	|
|44	319	157	183	290	225	57	460	262	129	232	93	130	153	426	143	372	357	314	198	339	458	270	109	0	490	379	462	351	247	353	456	334	250	110	168	140	243	226	274	56	201	238	232	449	294	|
|461	211	585	309	264	266	490	30	229	414	446	538	367	413	125	493	135	448	243	299	228	390	231	394	490	0	125	89	408	365	226	36	156	412	462	324	481	311	447	253	441	430	433	448	436	225	|
|346	86	491	207	140	167	387	98	132	323	382	438	265	329	62	369	109	419	203	204	202	400	110	277	379	125	0	155	381	307	113	90	63	288	339	211	394	186	382	190	327	359	371	384	436	165	|
|439	235	536	280	287	238	452	84	204	367	380	495	333	361	186	490	90	367	176	263	156	301	233	378	462	89	155	0	326	299	267	92	148	432	454	306	429	325	382	199	419	369	366	382	348	172	|
|363	399	318	268	421	270	304	388	279	224	129	316	264	198	442	466	284	40	178	246	184	117	347	349	351	408	381	326	0	113	452	391	321	502	422	311	229	415	134	199	348	152	118	130	98	219	|
|254	306	254	158	320	168	208	340	186	119	81	233	151	96	369	355	230	136	123	139	143	211	250	236	247	365	307	299	113	0	359	340	244	390	310	200	148	308	83	117	238	74	68	83	208	145	|
|312	53	490	219	63	193	377	204	174	336	423	429	267	351	107	302	212	487	282	228	288	492	110	244	353	226	113	267	452	359	0	195	145	194	283	199	407	115	421	254	296	394	415	425	521	237	|
|426	176	554	276	229	233	457	9	195	383	421	505	333	383	99	457	111	432	221	266	209	384	195	359	456	36	90	92	391	340	195	0	122	378	426	289	451	275	421	226	406	404	408	423	427	197	|
|305	99	436	155	145	112	336	126	75	266	320	385	213	270	125	344	70	358	144	147	146	348	85	239	334	156	63	148	321	244	145	122	0	286	310	168	336	177	320	128	285	298	309	322	381	103	|
|206	202	407	235	148	246	297	386	258	308	422	342	244	333	300	135	354	525	372	258	390	578	203	167	250	412	288	432	502	390	194	378	286	0	144	191	362	109	418	329	202	388	421	423	591	329	|
|71	263	266	187	221	221	163	432	251	202	318	203	161	229	374	45	364	436	338	211	362	517	230	81	110	462	339	454	422	310	283	426	310	144	0	150	239	168	313	294	77	285	321	319	518	306	|
|137	157	292	45	142	70	181	294	102	141	242	233	70	159	260	191	216	336	193	68	215	389	103	73	168	324	211	306	311	200	199	289	168	191	150	0	210	113	239	148	117	210	238	244	400	157	|
|169	361	108	192	352	228	84	453	262	72	100	88	140	68	452	279	348	227	256	191	280	344	303	196	140	481	394	429	229	148	407	451	336	362	239	210	0	318	95	231	164	79	111	100	325	258	|
|200	101	388	150	53	148	274	283	153	252	355	325	181	272	210	189	245	443	270	169	286	480	95	135	243	311	186	325	415	308	115	275	177	109	168	113	318	0	352	230	187	323	351	357	498	225	|
|247	370	186	205	374	228	175	421	254	112	5	182	175	86	443	356	312	132	206	193	226	251	311	253	226	447	382	382	134	83	421	421	320	418	313	239	95	352	0	196	237	30	19	6	230	224	|
|260	201	337	107	226	84	256	226	81	169	195	297	145	163	252	337	118	234	45	83	68	251	150	213	274	253	190	199	199	117	254	226	128	329	294	148	231	230	196	0	240	178	184	198	272	29	|
|20	264	207	140	234	180	95	411	216	127	241	143	97	153	372	120	329	361	283	159	308	448	217	53	56	441	327	419	348	238	296	406	285	202	77	117	164	187	237	240	0	208	245	242	446	257	|
|219	344	181	177	346	202	152	404	230	82	34	167	145	56	420	328	295	156	193	166	215	265	284	223	201	430	359	369	152	74	394	404	298	388	285	210	79	323	30	178	208	0	37	35	250	206	|
|256	364	205	202	370	222	188	408	246	118	15	199	177	92	433	364	298	119	191	188	210	233	305	257	238	433	371	366	118	68	415	408	309	421	321	238	111	351	19	184	245	37	0	17	214	212	|
|253	374	190	210	378	232	180	423	257	117	2	187	180	91	446	362	313	127	206	197	226	246	315	258	232	448	384	382	130	83	425	423	322	423	319	244	100	357	6	198	242	35	17	0	225	226	|
|460	469	408	356	498	351	402	422	353	322	225	412	359	296	494	563	330	102	239	333	235	54	422	444	449	436	436	348	98	208	521	427	381	591	518	400	325	498	230	272	446	250	214	225	0	285	|
|278	184	364	119	215	87	280	198	72	195	224	323	165	190	227	348	90	255	46	98	61	259	139	226	294	225	165	172	219	145	237	197	103	329	306	157	258	225	224	29	257	206	212	226	285	0	|

--------------------------------------------------------------------------------
Building model...
	using lazy and cut (CVRPSEP package)
Solving IRP LP...
--------------------------------------------------------------------------------

Gurobi 9.1.0 (linux64) logging started Fri Jan  8 23:35:53 2021

Gurobi Optimizer version 9.1.0 build v9.1.0rc0 (linux64)
Thread count: 32 physical cores, 32 logical processors, using up to 2 threads
Optimize a model with 1012 rows, 6940 columns and 15865 nonzeros
Model fingerprint: 0x94028429
Variable types: 454 continuous, 6486 integer (276 binary)
Coefficient statistics:
  Matrix range     [1e+00, 8e+06]
  Objective range  [1e-01, 6e+02]
  Bounds range     [1e+00, 3e+02]
  RHS range        [1e+01, 6e+03]
Presolve removed 260 rows and 158 columns
Presolve time: 0.08s
Presolved: 752 rows, 6782 columns, 14861 nonzeros
Variable types: 312 continuous, 6470 integer (6200 binary)

Root relaxation: objective 1.302212e+04, 629 iterations, 0.01 seconds

    Nodes    |    Current Node    |     Objective Bounds      |     Work
 Expl Unexpl |  Obj  Depth IntInf | Incumbent    BestBd   Gap | It/Node Time

     0     0 13022.1222    0  115          - 13022.1222      -     -    0s
     0     0 13390.6539    0  131          - 13390.6539      -     -    0s
     0     0 13390.6539    0  132          - 13390.6539      -     -    0s
     0     0 13900.6469    0  160          - 13900.6469      -     -    0s
     0     0 13919.8313    0  203          - 13919.8313      -     -    0s
     0     0 13938.1530    0  227          - 13938.1530      -     -    0s
     0     0 13941.7560    0  226          - 13941.7560      -     -    0s
     0     0 13941.8512    0  231          - 13941.8512      -     -    0s
     0     0 14032.1797    0  214          - 14032.1797      -     -    0s
     0     0 14060.8167    0  214          - 14060.8167      -     -    0s
     0     0 14068.8844    0  216          - 14068.8844      -     -    0s
     0     0 14068.9889    0  227          - 14068.9889      -     -    0s
     0     0 14147.8527    0  188          - 14147.8527      -     -    1s
     0     0 14162.2713    0  223          - 14162.2713      -     -    1s
     0     0 14206.8121    0  232          - 14206.8121      -     -    1s
     0     0 14228.1283    0  212          - 14228.1283      -     -    1s
     0     0 14240.3207    0  236          - 14240.3207      -     -    1s
     0     0 14240.8491    0  269          - 14240.8491      -     -    1s
     0     0 14264.7730    0  257          - 14264.7730      -     -    1s
     0     0 14265.5606    0  284          - 14265.5606      -     -    1s
     0     0 14285.4866    0  229          - 14285.4866      -     -    1s
     0     0 14288.2017    0  238          - 14288.2017      -     -    1s
     0     0 14289.0034    0  246          - 14289.0034      -     -    1s
     0     0 14290.2105    0  204          - 14290.2105      -     -    1s
     0     0 14296.4916    0  259          - 14296.4916      -     -    1s
     0     0 14298.1083    0  256          - 14298.1083      -     -    1s
     0     0 14298.8200    0  277          - 14298.8200      -     -    1s
     0     0 14298.8200    0  234          - 14298.8200      -     -    2s
     0     2 14298.8200    0  234          - 14298.8200      -     -    2s
    63    68 14425.7017   18  223          - 14323.0605      -   209    5s
   251   288 15137.3615   81  147          - 14323.0605      -   141   10s
   625   619 17136.4242  213   23          - 14339.4866      -  78.1   15s
   734   703 15317.7253   96  368          - 14361.5763      -  84.6   20s
   754   716 16182.0437  218  385          - 14403.3763      -  82.3   25s
   765   723 14777.4790   53  362          - 14412.2872      -  81.1   32s
   768   728 14444.1686   17  271          - 14417.2995      -  96.0   35s
   807   756 14657.1440   27  198          - 14436.2897      -   107   40s
   891   821 15017.4503   57  145          - 14436.2897      -   116   45s
  1002   899 15247.5576   97  145          - 14436.2897      -   116   50s
  1145  1001 15488.4927  147  126          - 14436.2897      -   115   55s
  1280  1089 15587.4980  193   90          - 14436.2897      -   112   60s
  1372  1148 15691.9124  221  106          - 14436.2897      -   113   65s
  1499  1288 16035.6399  263   74          - 14436.2897      -   112   70s
  1715  1352 18511.7800  343    8          - 14436.5344      -   102   75s
  1869  1424 14903.1457   25  203          - 14461.9805      -  99.4   81s
  1930  1478 14900.4097   36  169          - 14461.9805      -   100   85s
  2043  1550 14966.0152   67  102          - 14461.9805      -  99.3   91s
  2152  1591 15309.9477  131   39          - 14461.9805      -  98.8   95s
  2254  1688 15979.4913  176   31          - 14461.9805      -  97.9  100s
  2479  1825 16915.9360  260   12          - 14474.6288      -  92.0  105s
  2636  1890 14558.4949   26  216          - 14474.7500      -  89.7  110s
  2794  1963 14653.7747   39  124          - 14474.7500      -  88.0  116s
  2875  2006 14850.3605   57   60          - 14474.7500      -  88.9  121s
  2946  2053 14943.7777   83  209          - 14474.7500      -  90.2  126s
  3030  2290 15377.2480  110   20          - 14474.7500      -  91.1  132s
  3228  2325 15881.2600  137   16          - 14481.5374      -  87.5  136s
  3304  2375 14603.9990   25  292          - 14481.5374      -  87.5  140s
  3378  2506 14680.5791   36  120          - 14481.5374      -  89.4  146s
  3476  2602 14990.5452   46   94          - 14481.5374      -  89.1  150s
  3593  2932 15122.1206   71   38          - 14481.5374      -  88.6  156s
  4002  3024 16455.7600  179    4          - 14487.7238      -  81.6  162s
  4101  3078 14620.9344   26  374          - 14487.7238      -  81.7  167s
  4195  3120 14686.9421   35  270          - 14487.7238      -  81.3  170s
  4348  3421 14914.6589   72  139          - 14487.7238      -  81.9  180s
  4559  3678 15126.0100  119   15          - 14503.1156      -  80.2  187s
  4867  3743 14612.5952   22  316          - 14503.1353      -  77.3  192s
  4906  3809 14828.3986   41  141          - 14503.1353      -  78.2  196s
  4972  3949 15122.6628   81   63          - 14504.1634      -  78.6  201s
  5140  3993 14578.9734   24  277          - 14504.1634      -  77.9  205s
  5206  4107 14781.4169   47  201          - 14504.1634      -  79.7  212s
  5286  4408 15021.7636   66   95          - 14504.1634      -  80.4  219s
  5314  4408 15407.8800   85   16          - 14504.1634      -  80.4  220s
  5643  4617 15520.9903  107   61          - 14504.1634      -  77.1  228s
  5783  4631 16118.4362  159    4          - 14504.1634      -  76.2  230s
  5876  4704 15768.0347  126   57          - 14509.1852      -  75.9  236s
  6055  4828 14617.3889   21  289          - 14509.1852      -  74.9  242s
  6120  4961 14729.1817   27  263          - 14509.1852      -  75.5  252s
  6321  5044 14895.7211   37  112          - 14509.1852      -  74.4  258s
  6396  5125 15009.8110   56  108          - 14509.1852      -  75.1  263s
  6467  5222 15112.0456   92   79          - 14509.1852      -  75.7  268s
  6582  5320 15286.9823  102   68          - 14516.2216      -  76.0  274s
  6675  5331 15093.7205   75   71          - 14516.2216      -  76.1  275s
  6707  5393 14604.0555   26  362          - 14516.2216      -  76.2  280s
  6809  5455 14926.0336   56   17          - 14516.2216      -  76.9  285s
  6838  5579 14943.1008   56   52          - 14516.2216      -  77.3  291s
  6962  5806 15090.4497  112   25          - 14519.1455      -  77.3  300s
  7225  6128 14636.9200   23  410          - 14519.1455      -  76.0  311s
  7586  6152 16921.8900  250    2          - 14519.1455      -  73.8  315s
  7603  6225 14807.7850   30  324          - 14519.1455      -  73.9  320s
  7666  6449 14994.7816   45   79          - 14519.1455      -  74.8  328s
  7877  6470 15618.8900  133    2          - 14519.1455      -  74.4  330s
  7996  6616 15202.0292   53   15          - 14519.1455      -  73.6  337s
  8175  6783 15300.5863   55   83          - 14533.2481      -  73.5  344s
  8203  6788 15590.6511  102   14          - 14533.2481      -  73.5  345s
  8379  6876 14615.6171   29  144          - 14533.2481      -  73.2  351s
  8440  6990 14796.2386   49   64          - 14533.2481      -  74.0  357s
  8556  7268 14859.8065   88   74          - 14534.0542      -  74.5  366s
  8957  7464 15223.8500  125   14          - 14534.9135      -  72.6  377s
  9175  7576 14762.4737   28  137          - 14534.9135      -  71.9  385s
  9249  7777 15122.0244   59   59          - 14534.9392      -  72.3  394s
  9313  7777 14857.0009   29  151          - 14534.9392      -  72.5  395s
  9500  7867 14915.9601   30  148          - 14546.8262      -  71.7  402s
  9574  7934 15213.1023   54   60          - 14546.8917      -  72.3  408s
  9683  8117 15468.1066   65   41          - 14546.8917      -  72.5  416s
  9904  8317 16093.4500   93   22          - 14549.2261      -  72.4  424s
 10016  8333 16224.1100  106    4          - 14549.2261      -  71.8  425s
 10185  8432 14817.6558   28  237          - 14551.7778      -  71.6  431s
 10249  8662 14911.2971   36   91          - 14551.7778      -  72.1  440s
 10569  8793 15232.8628   54   53          - 14551.7778      -  71.0  449s
 10653  8797 15638.7400   89    4          - 14551.7778      -  71.0  450s
 10674  8962 15446.2050   80   12          - 14554.2543      -  71.2  459s
 10738  8966 15786.2400  103    6          - 14554.2543      -  70.9  460s
*10793  6799             122    16021.870000 14554.2543  9.16%  70.7  460s
 10954  6731     cutoff  119      16021.8700 14554.3522  9.16%  70.2  470s
 10959  6781 14678.7943   25  256 16021.8700 14554.3522  9.16%  70.3  482s
 11009  6850 15177.7071   50  116 16021.8700 14554.3522  9.16%  70.5  493s
H11060  6516                    15898.870000 14554.3522  8.46%  70.4  494s
 11090  6564 15636.5866   77   35 15898.8700 14557.6646  8.44%  70.4  500s
 11161  6642 14810.5975   34  136 15898.8700 14557.6646  8.44%  70.9  507s
 11247  6706 15140.9530   59   44 15898.8700 14559.4703  8.42%  71.3  516s
 11341  6760 15705.9949   96   41 15898.8700 14559.7577  8.42%  71.6  527s
H11389  5273                    15499.570000 14559.7577  6.06%  72.1  534s
 11417  5273     cutoff   68      15499.5700 14560.9638  6.06%  72.3  535s
H11429  4480                    15352.310000 14560.9638  5.15%  72.4  535s
 11451  4509 14731.7161   24  287 15352.3100 14560.9638  5.15%  72.7  542s
 11521  4546 15310.9532   40  195 15352.3100 14567.0763  5.11%  73.2  549s
 11572  4637 14992.9784   36  137 15352.3100 14567.0763  5.11%  73.8  556s
 11690  4689     cutoff   78      15352.3100 14568.9738  5.10%  74.1  563s
 11778  4756 14784.7389   25  229 15352.3100 14572.7938  5.08%  74.5  571s
 11854  4777 15260.2872   79   87 15352.3100 14573.2941  5.07%  74.9  578s
 11885  4834 14732.7330   34  354 15352.3100 14573.2941  5.07%  75.2  585s
 11958  4855 15311.0533   65  102 15352.3100 14575.3876  5.06%  75.6  592s
 11989  4878 15305.9597   36  104 15352.3100 14575.3876  5.06%  76.2  599s
 12040  4925     cutoff   41      15352.3100 14575.5506  5.06%  76.7  607s
 12133  4968 15080.0750   47   79 15352.3100 14577.3463  5.05%  77.1  620s
 12200  5021     cutoff   67      15352.3100 14579.4560  5.03%  77.4  630s
 12252  5112 14959.4345   38  190 15352.3100 14582.0920  5.02%  77.9  639s
 12375  5146 14751.5368   31  237 15352.3100 14582.1064  5.02%  78.2  647s
 12410  5206 15006.4862   57   60 15352.3100 14582.3432  5.02%  78.6  655s
 12494  5248 14886.7239   31  236 15352.3100 14584.0976  5.00%  79.1  665s
 12558  5292 14895.7359   32  247 15352.3100 14584.5891  5.00%  79.5  674s
 12602  5314 15203.8578   44  153 15352.3100 14586.5553  4.99%  80.1  683s
 12652  5356 14932.2528   29  277 15352.3100 14586.5680  4.99%  80.8  690s
 12726  5396 14683.3709   27  326 15352.3100 14586.5680  4.99%  81.4  699s
 12774  5409 14964.0499   52   71 15352.3100 14586.5680  4.99%  82.0  740s
 12796  5468 15064.7118   59  181 15352.3100 14589.6565  4.97%  82.2  748s
 12864  5528 14670.9696   31  312 15352.3100 14590.0246  4.97%  82.7  757s
 12955  5593 14729.6234   25  272 15352.3100 14590.5355  4.96%  83.3  766s
 13044  5668     cutoff   74      15352.3100 14591.5895  4.96%  83.8  776s
 13140  5718 15180.3429   44  235 15352.3100 14593.6685  4.94%  84.3  786s
 13206  5905 14896.6805   38  138 15352.3100 14593.7009  4.94%  85.0  797s
 13404  5993 15267.4400  104    - 15352.3100 14594.6107  4.94%  84.9  808s
 13528  6052 15302.5500  104    4 15352.3100 14596.0975  4.93%  85.3  819s
 13611  6166     cutoff  108      15352.3100 14599.7317  4.90%  85.7  828s
 13756  6220     cutoff  110      15352.3100 14601.9138  4.89%  85.9  837s
 13830  6323 14806.7488   31  361 15352.3100 14602.4914  4.88%  86.5  847s
 13945  6391 15236.0546   62   71 15352.3100 14602.4914  4.88%  86.9  858s
 14048  6487     cutoff   70      15352.3100 14606.1343  4.86%  87.2  869s
 14169  6509     cutoff   75      15352.3100 14607.3548  4.85%  87.6  884s
 14193  6562 14890.1813   33  349 15352.3100 14607.4741  4.85%  87.9  894s
 14268  6630 14703.5582   22  350 15352.3100 14607.5011  4.85%  88.6  906s
 14332  6730 14906.5697   31  324 15352.3100 14607.5011  4.85%  89.1  917s
 14462  6793 15115.7052   52   97 15352.3100 14609.5906  4.84%  89.3  928s
 14566  6854 14737.9118   31  367 15352.3100 14609.9179  4.84%  89.8  940s
 14643  6895 15322.5618   60  200 15352.3100 14612.9058  4.82%  90.2  950s
 14710  6970 15259.7265   57   25 15352.3100 14613.4102  4.81%  90.9  961s
 14820  7050     cutoff   77      15352.3100 14615.5711  4.80%  91.2  973s
 14909  7200 15078.2362   45   50 15352.3100 14615.7308  4.80%  91.7  987s
 15105  7296     cutoff   98      15352.3100 14616.7983  4.79%  91.7 1003s
 15142  7296 15048.6931   65   27 15352.3100 14616.7983  4.79%  91.9 1010s
 15220  7340 14787.8411   30  315 15352.3100 14617.2124  4.79%  92.1 1024s
 15265  7385 14952.2873   38  310 15352.3100 14617.2124  4.79%  92.8 1035s
 15326  7440 14988.5967   49  280 15352.3100 14617.2124  4.79%  93.5 1047s
 15397  7481 15212.3194   60  118 15352.3100 14618.1001  4.78%  94.1 1064s
 15441  7481 15246.1555   82    4 15352.3100 14618.1001  4.78%  94.2 1065s
 15542  7528     cutoff   83      15352.3100 14620.0834  4.77%  94.3 1078s
 15620  7596 14792.1749   27  332 15352.3100 14620.3817  4.77%  95.0 1090s
 15712  7677 14972.6567   30  221 15352.3100 14621.3531  4.76%  95.5 1103s
 15821  7739 15022.9148   37  190 15352.3100 14622.0064  4.76%  95.9 1117s
 15904  7804 15011.6837   35  164 15352.3100 14622.4947  4.75%  96.4 1131s
 15985  7910 14967.4817   44  200 15352.3100 14622.8336  4.75%  97.0 1148s
 16174  7931 infeasible  120      15352.3100 14623.9225  4.74%  97.0 1171s
H16180  6004                    15208.920000 14623.9225  3.85%  97.1 1171s
 16209  6037 14933.3311   31  277 15208.9200 14624.2203  3.84%  97.3 1185s
 16287  6074 14916.9047   34  271 15208.9200 14625.7119  3.83%  98.0 1199s
 16354  6119 14910.0938   32  230 15208.9200 14627.0404  3.83%  98.5 1213s
 16422  6202 14865.6670   43  293 15208.9200 14628.7349  3.81%  99.1 1226s
 16533  6265 14801.6552   30  198 15208.9200 14629.4355  3.81%  99.4 1241s
 16636  6325 14939.9498   30  160 15208.9200 14632.5640  3.79%   100 1256s
 16728  6402 15201.3987   48  142 15208.9200 14633.0889  3.79%   100 1272s
 16822  6485 15125.5968   67   68 15208.9200 14633.8033  3.78%   101 1288s
 16937  6537 14851.8250   34  272 15208.9200 14633.9908  3.78%   101 1304s
 16990  6537 15192.1200   51   26 15208.9200 14633.9908  3.78%   101 1305s
 17047  6658 15014.5291   49  244 15208.9200 14634.2046  3.78%   102 1319s
 17111  6658 15060.3241   56   52 15208.9200 14634.2046  3.78%   102 1320s
 17204  6729 15083.7874   60   80 15208.9200 14634.6335  3.78%   102 1335s
 17356  6787     cutoff   57      15208.9200 14635.4173  3.77%   102 1351s
 17455  6833 14736.0959   32  342 15208.9200 14635.5442  3.77%   103 1368s
 17509  6903 15136.3844   40  292 15208.9200 14635.6106  3.77%   104 1382s
 17619  7007 14944.6212   51  214 15208.9200 14636.5465  3.76%   104 1398s
 17770  7058 14770.3503   25  210 15208.9200 14637.9159  3.75%   104 1414s
 17834  7140 14997.7160   36  178 15208.9200 14638.8400  3.75%   105 1432s
 17967  7204 14907.9018   33  257 15208.9200 14639.3372  3.75%   105 1447s
 18046  7300 14938.4177   43   65 15208.9200 14640.6736  3.74%   106 1462s
 18177  7365 15156.7569   44  209 15208.9200 14641.2039  3.73%   106 1478s
 18333  7435 14874.0136   34  118 15208.9200 14641.6049  3.73%   106 1493s
 18440  7475     cutoff   80      15208.9200 14642.6200  3.72%   106 1507s
 18515  7578 15047.9001   46  173 15208.9200 14643.9445  3.71%   107 1523s
 18625  7578 15159.3083   81   33 15208.9200 14644.9322  3.71%   107 1525s
 18652  7654 14929.9338   33  169 15208.9200 14645.0739  3.71%   107 1542s
 18780  7716 infeasible   70      15208.9200 14645.7709  3.70%   107 1559s
 18830  7716 14727.8400   33  323 15208.9200 14645.9076  3.70%   108 1560s
 18868  7806 14817.0804   40  218 15208.9200 14646.2887  3.70%   108 1576s
 19006  7858 14695.3803   29  393 15208.9200 14646.9771  3.69%   108 1602s
 19111  7913 14906.5296   34  206 15208.9200 14647.3087  3.69%   109 1619s
 19202  7972 14844.9738   31  233 15208.9200 14649.6601  3.68%   109 1636s
 19293  8060 14733.0433   30  272 15208.9200 14650.2391  3.67%   110 1655s
 19406  8180     cutoff   64      15208.9200 14650.8782  3.67%   110 1674s
 19445  8180 15154.5066   69   48 15208.9200 14650.8782  3.67%   110 1675s
 19570  8264 15066.5460   41  241 15208.9200 14651.8149  3.66%   110 1694s
 19623  8264 15086.7658   47   50 15208.9200 14651.8149  3.66%   110 1695s
 19695  8303 14777.4068   29  270 15208.9200 14652.3283  3.66%   111 1712s
 19792  8364 14868.6131   40  321 15208.9200 14652.9651  3.66%   111 1730s
 19877  8440 14895.5186   36  139 15208.9200 14653.0639  3.65%   112 1748s
 19971  8514 15051.3595   37  308 15208.9200 14653.4484  3.65%   112 1765s
 20067  8601 15072.4415   63  120 15208.9200 14654.7560  3.64%   112 1786s
 20171  8727 14928.1926   59  152 15208.9200 14655.7399  3.64%   113 1804s
 20228  8728 15047.9612   96   19 15208.9200 14655.7399  3.64%   113 1805s
 20319  8768 15156.0564   88   15 15208.9200 14656.0911  3.63%   113 1828s
 20380  8871     cutoff   95      15208.9200 14656.4776  3.63%   113 1851s
 20429  8871 14998.4761   49   94 15208.9200 14656.5832  3.63%   113 1865s
 20512  8936     cutoff   74      15208.9200 14656.8423  3.63%   113 1882s
 20633  9011     cutoff   37      15208.9200 14657.8315  3.62%   114 1900s
 20740  9127 14748.4627   36   85 15208.9200 14657.8739  3.62%   114 1921s
 20896  9196 14847.5992   30  207 15208.9200 14659.2226  3.61%   114 1942s
 20997  9278 14774.2129   36  294 15208.9200 14659.4393  3.61%   115 1960s
 21147  9385 14837.9266   39   51 15208.9200 14659.9427  3.61%   115 1981s
*21189  9023              79    15190.290000 14659.9427  3.49%   115 1981s
 21280  9086 infeasible   74      15190.2900 14660.4440  3.49%   116 2000s
 21391  9162 14907.5891   35  196 15190.2900 14660.6274  3.49%   116 2023s
 21493  9252     cutoff   62      15190.2900 14660.7528  3.49%   116 2042s
 21638  9348     cutoff   69      15190.2900 14661.3150  3.48%   117 2060s
 21785  9460 14796.8010   36  217 15190.2900 14662.3036  3.48%   117 2084s
 21831  9460 15078.8341   82  111 15190.2900 14662.3036  3.48%   117 2085s
 21926  9589 14724.8059   35  167 15190.2900 14662.7109  3.47%   117 2103s
 22087  9658 14986.7366   48  156 15190.2900 14663.0764  3.47%   117 2120s
 22206  9728 15079.0433   30  239 15190.2900 14664.5151  3.46%   118 2140s
 22308  9809 15155.2271   62  202 15190.2900 14664.9673  3.46%   118 2162s
 22440  9880 15068.1616   55  219 15190.2900 14665.5420  3.45%   118 2180s
 22538 10009 15020.2564   53   76 15190.2900 14665.9567  3.45%   119 2205s
 22721 10100 14792.8065   26  391 15190.2900 14667.5290  3.44%   119 2225s
 22836 10144 15048.1749   36  301 15190.2900 14667.9363  3.44%   119 2244s
 22935 10235 15058.0110   33  124 15190.2900 14668.5942  3.43%   120 2264s
 23072 10320 14831.7068   28  303 15190.2900 14669.8051  3.43%   120 2293s
 23195 10397     cutoff   39      15190.2900 14669.9692  3.43%   120 2313s
 23326 10468 14779.8871   35  125 15190.2900 14670.4756  3.42%   121 2332s
 23424 10595 15108.0431   44  224 15190.2900 14670.7317  3.42%   121 2359s
 23495 10597 14984.9021   55   16 15190.2900 14670.7317  3.42%   121 2360s
H23599  2067                    14844.640000 14671.2390  1.17%   121 2505s
 23618  2071     cutoff   43      14844.6400 14671.7714  1.16%   121 2524s
 23663  2071     cutoff   53      14844.6400 14672.1921  1.16%   122 2525s
 23719  2077 14834.3511   40  164 14844.6400 14672.3475  1.16%   122 2542s
 23827  2089 14778.3782   26  253 14844.6400 14673.7310  1.15%   122 2564s
 23930  2089 14807.0036   35  117 14844.6400 14674.8048  1.14%   123 2565s
 23949  2126 14754.5076   34  381 14844.6400 14674.9372  1.14%   123 2582s
 24098  2142     cutoff   46      14844.6400 14677.1146  1.13%   123 2600s
 24213  2174 14786.1370   34  109 14844.6400 14678.7568  1.12%   123 2620s
 24343  2234     cutoff   29      14844.6400 14681.0576  1.10%   124 2644s
 24406  2234 14812.1795   62  196 14844.6400 14681.0576  1.10%   124 2646s
 24475  2282 14749.1900   31  202 14844.6400 14681.9052  1.10%   124 2665s
 24600  2281     cutoff   36      14844.6400 14682.8950  1.09%   124 2684s
 24721  2304 14759.2458   31  287 14844.6400 14684.6016  1.08%   125 2704s
 24812  2348 14781.9129   40  192 14844.6400 14686.0293  1.07%   125 2723s
 24955  2371 14730.8186   26  220 14844.6400 14686.7764  1.06%   126 2744s
 25059  2389 14763.6365   20  256 14844.6400 14688.4452  1.05%   126 2765s
 25143  2388 14802.7589   30  151 14844.6400 14689.4586  1.05%   126 2785s
 25252  2416 14763.0186   27  296 14844.6400 14690.4136  1.04%   127 2806s
 25366  2426 14771.7723   37  246 14844.6400 14692.6036  1.02%   127 2826s
 25465  2448     cutoff   35      14844.6400 14693.5288  1.02%   128 2846s
 25569  2455     cutoff   41      14844.6400 14694.0766  1.01%   128 2868s
 25686  2467 14803.9621   27  271 14844.6400 14695.4486  1.01%   129 2891s
 25791  2487 14810.9217   36  205 14844.6400 14696.6004  1.00%   129 2911s
 25917  2515 14783.5393   30  230 14844.6400 14697.8669  0.99%   129 2933s
 26031  2532 14827.1317   43  262 14844.6400 14699.2471  0.98%   130 2955s
 26144  2548 14837.0790   38  306 14844.6400 14699.7723  0.98%   130 2975s
 26280  2566 14779.2780   37  106 14844.6400 14701.2387  0.97%   131 2995s
 26388  2579 14783.3640   34  346 14844.6400 14702.6750  0.96%   131 3016s
 26513  2584 14826.5450   41   53 14844.6400 14703.6906  0.95%   131 3037s
 26630  2599 14774.6467   38  334 14844.6400 14704.8700  0.94%   132 3059s
 26744  2623 14753.7507   38  284 14844.6400 14706.4214  0.93%   132 3081s
 26891  2638 14802.2804   41  190 14844.6400 14707.0687  0.93%   133 3106s
 27023  2662 14806.9361   35  211 14844.6400 14707.8834  0.92%   133 3128s
 27150  2687     cutoff   27      14844.6400 14708.9921  0.91%   133 3151s
 27271  2701     cutoff   35      14844.6400 14709.9859  0.91%   134 3175s
 27403  2714 14794.1256   27  241 14844.6400 14710.4782  0.90%   134 3198s
 27510  2721 14798.7809   38  292 14844.6400 14710.9787  0.90%   135 3220s
 27630  2731 14819.0677   33  338 14844.6400 14711.6706  0.90%   135 3242s
 27749  2747 14808.3164   33  298 14844.6400 14713.5352  0.88%   135 3257s
 27872  2776 14793.4911   31  277 14844.6400 14714.7084  0.88%   136 3271s
 28035  2816     cutoff   47      14844.6400 14715.4643  0.87%   136 3286s
 28201  2822 14826.3264   45   22 14844.6400 14716.6352  0.86%   136 3301s
 28337  2846     cutoff   46      14844.6400 14717.5340  0.86%   136 3318s
 28407  2846 14785.7424   39  274 14844.6400 14718.2809  0.85%   137 3320s
 28488  2870 14780.9208   28  321 14844.6400 14718.3055  0.85%   137 3335s
 28617  2902 14762.8107   29  143 14844.6400 14719.1120  0.85%   137 3350s
 28780  2914 14820.1970   36  142 14844.6400 14719.4860  0.84%   137 3364s
 28844  2914     cutoff   37      14844.6400 14720.8493  0.83%   138 3365s
 28916  2932 14833.8790   39  235 14844.6400 14721.0317  0.83%   138 3379s
 29048  2942 14840.0369   44   99 14844.6400 14722.1929  0.82%   138 3393s
 29166  2971 14785.9418   34  166 14844.6400 14723.4102  0.82%   138 3408s
 29322  2999     cutoff   35      14844.6400 14724.0080  0.81%   139 3423s
 29472  3010     cutoff   36      14844.6400 14724.6388  0.81%   139 3437s
