




arguments: ./build/mirp_solver -f ./input/orig_exec_390.cfg
Current dir: /scratch/gui/bnc_mirp
File verbosity level: 9
date       time         ( uptime  ) [ thread name/id ]                   file:line     v| 
2021-01-29 02:22:56.989 (   0.181s) [main thread     ]             loguru.cpp:789   INFO| Logging to './output/vi_lex_quarter/OU/V4/Original/execution_29_01_2021_02_22_56.log', mode: 'a', verbosity: 9
--------------------------------------------------------------------------------
Parameters
                           instance_path           ./input/Instances/Original/6/
                            model_policy                                       1
                             nb_vehicles                                       4
                              output_dir ./output/vi_lex_quarter/OU/V4/Original/
                            sec_strategy                                       1
                       solver_nb_threads                                       2
                         solver_show_log                                    true
                       solver_time_limit                                    3600
                              use_vi_cos                                   false
                              use_vi_cus                                   false
                         use_vi_hc1_full                                   false
                         use_vi_hc1_half                                   false
                      use_vi_hc1_quarter                                   false
                              use_vi_hc2                                   false
                              use_vi_hc3                                   false
                         use_vi_lex_full                                   false
                         use_vi_lex_half                                   false
                      use_vi_lex_quarter                                    true
                              use_vi_qua                                   false
                               use_vi_vc                                   false
                               use_vi_vr                                   false
--------------------------------------------------------------------------------
executing instance: ./input/Instances/Original/6/absH6high_1n25.dat
--------------------------------------------------------------------------------
Instance details
n	26
H	6
C	1711
Li:
[0, 0, 0, 0, 0, 0, 0, 0, 0, 0, 0, 0, 0, 0, 0, 0, 0, 0, 0, 0, 0, 0, 0, 0, 0, 0, ]
Ui:
[0, 168, 176, 34, 66, 36, 177, 106, 118, 182, 64, 141, 189, 63, 46, 111, 182, 231, 36, 66, 68, 54, 132, 90, 246, 75, ]
Distance matrix:
|0	191	200	231	334	329	146	196	208	245	218	164	283	394	151	358	156	196	309	253	201	260	127	138	130	104	|
|191	0	226	229	278	146	328	216	390	417	327	293	195	334	106	296	171	122	472	151	12	411	280	53	190	130	|
|200	226	0	38	149	359	321	10	276	274	418	364	139	204	121	173	321	115	303	141	225	236	155	202	311	256	|
|231	229	38	0	110	352	358	37	314	310	448	395	108	167	129	135	342	109	336	120	226	268	194	213	335	277	|
|334	278	149	110	0	367	467	147	422	413	546	495	86	61	203	25	423	163	429	129	271	363	303	282	424	361	|
|329	146	359	352	367	0	453	349	533	562	411	393	282	411	245	378	250	244	617	245	141	556	426	195	284	243	|
|146	328	321	358	467	453	0	321	162	215	160	112	425	524	297	491	223	341	284	397	339	266	186	276	184	210	|
|196	216	10	37	147	349	321	0	281	281	414	360	132	203	112	171	315	105	311	132	216	244	159	193	305	249	|
|208	390	276	314	422	533	162	281	0	54	321	271	410	471	316	445	348	348	123	398	398	115	125	338	313	309	|
|245	417	274	310	413	562	215	281	54	0	375	323	413	457	334	435	393	361	70	406	424	69	139	367	359	349	|
|218	327	418	448	546	411	160	414	321	375	0	57	484	606	347	569	163	393	444	446	339	421	318	288	137	199	|
|164	293	364	395	495	393	112	360	271	323	57	0	437	556	300	519	144	346	393	401	305	367	261	249	109	163	|
|283	195	139	108	86	282	425	132	410	413	484	437	0	139	137	101	349	91	443	44	187	375	286	206	355	291	|
|394	334	204	167	61	411	524	203	471	457	606	556	139	0	264	38	483	222	467	183	326	403	356	341	484	421	|
|151	106	121	129	203	245	297	112	316	334	347	300	137	264	0	225	220	46	381	102	106	316	195	84	221	158	|
|358	296	173	135	25	378	491	171	445	435	569	519	101	38	225	0	444	184	450	145	288	384	328	303	446	383	|
|156	171	321	342	423	250	223	315	348	393	163	144	349	483	220	444	0	261	460	308	183	415	284	143	39	65	|
|196	122	115	109	163	244	341	105	348	361	393	346	91	222	46	184	261	0	402	56	118	336	224	119	264	200	|
|309	472	303	336	429	617	284	311	123	70	444	393	443	467	381	450	460	402	0	442	477	68	192	424	426	413	|
|253	151	141	120	129	245	397	132	398	406	446	401	44	183	102	145	308	56	442	0	143	375	273	164	315	251	|
|201	12	225	226	271	141	339	216	398	424	339	305	187	326	106	288	183	118	477	143	0	416	286	63	202	142	|
|260	411	236	268	363	556	266	244	115	69	421	367	375	403	316	384	415	336	68	375	416	0	135	365	384	363	|
|127	280	155	194	303	426	186	159	125	139	318	261	286	356	195	328	284	224	192	273	286	135	0	232	256	229	|
|138	53	202	213	282	195	276	193	338	367	288	249	206	341	84	303	143	119	424	164	63	365	232	0	153	89	|
|130	190	311	335	424	284	184	305	313	359	137	109	355	484	221	446	39	264	426	315	202	384	256	153	0	64	|
|104	130	256	277	361	243	210	249	309	349	199	163	291	421	158	383	65	200	413	251	142	363	229	89	64	0	|

--------------------------------------------------------------------------------
Building model...
	using lazy and cut (CVRPSEP package)
Solving IRP LP...
--------------------------------------------------------------------------------

Gurobi 9.1.0 (linux64) logging started Fri Jan 29 02:22:58 2021

Gurobi Optimizer version 9.1.0 build v9.1.0rc0 (linux64)
Thread count: 32 physical cores, 32 logical processors, using up to 2 threads
Optimize a model with 1754 rows, 9206 columns and 22508 nonzeros
Model fingerprint: 0x7714a2d1
Variable types: 782 continuous, 8424 integer (624 binary)
Coefficient statistics:
  Matrix range     [1e+00, 4e+02]
  Objective range  [1e-01, 6e+02]
  Bounds range     [1e+00, 2e+02]
  RHS range        [1e+01, 3e+03]
Presolve removed 182 rows and 26 columns
Presolve time: 0.05s
Presolved: 1572 rows, 9180 columns, 21225 nonzeros
Variable types: 756 continuous, 8424 integer (7824 binary)

Root relaxation: objective 1.430251e+04, 2567 iterations, 0.08 seconds

    Nodes    |    Current Node    |     Objective Bounds      |     Work
 Expl Unexpl |  Obj  Depth IntInf | Incumbent    BestBd   Gap | It/Node Time

     0     0 14302.5051    0  242          - 14302.5051      -     -    0s
     0     0 14557.7135    0  291          - 14557.7135      -     -    0s
     0     0 14592.2483    0  282          - 14592.2483      -     -    0s
     0     0 14595.1684    0  282          - 14595.1684      -     -    0s
     0     0 14595.1684    0  282          - 14595.1684      -     -    0s
     0     0 15002.2769    0  400          - 15002.2769      -     -    1s
     0     0 15078.0604    0  383          - 15078.0604      -     -    1s
     0     0 15092.0833    0  378          - 15092.0833      -     -    1s
     0     0 15094.3130    0  379          - 15094.3130      -     -    1s
     0     0 15094.3478    0  392          - 15094.3478      -     -    1s
     0     0 15515.5478    0  443          - 15515.5478      -     -    2s
     0     0 15551.5602    0  457          - 15551.5602      -     -    3s
     0     0 15585.3528    0  495          - 15585.3528      -     -    3s
     0     0 15623.5028    0  477          - 15623.5028      -     -    3s
     0     0 15624.4637    0  504          - 15624.4637      -     -    3s
     0     0 15798.8679    0  517          - 15798.8679      -     -    4s
     0     0 15820.5796    0  487          - 15820.5796      -     -    4s
     0     0 15823.1416    0  525          - 15823.1416      -     -    5s
     0     0 15823.7003    0  555          - 15823.7003      -     -    5s
     0     0 15958.1592    0  475          - 15958.1592      -     -    6s
     0     0 15973.7895    0  524          - 15973.7895      -     -    6s
     0     0 15981.4619    0  544          - 15981.4619      -     -    6s
     0     0 15994.3358    0  537          - 15994.3358      -     -    7s
     0     0 16000.3386    0  542          - 16000.3386      -     -    7s
     0     0 16017.6122    0  519          - 16017.6122      -     -    7s
     0     0 16024.0407    0  542          - 16024.0407      -     -    8s
     0     0 16031.3090    0  577          - 16031.3090      -     -    8s
     0     0 16032.7981    0  545          - 16032.7981      -     -    8s
     0     0 16095.9529    0  551          - 16095.9529      -     -    9s
     0     0 16103.7477    0  600          - 16103.7477      -     -    9s
     0     0 16105.9530    0  593          - 16105.9530      -     -   10s
     0     0 16115.7439    0  545          - 16115.7439      -     -   10s
     0     0 16122.9257    0  533          - 16122.9257      -     -   11s
     0     2 16138.6925    0  562          - 16138.6925      -     -   13s
     7    10 16167.9218    4  547          - 16159.7401      -   801   15s
    28    32 16275.6398    9  522          - 16159.7401      -   974   20s
    52    56 16550.2762   15  459          - 16159.7401      -   957   25s
    89    96 16762.6115   25  382          - 16159.7401      -   757   30s
   101   107 16768.9502   27  385          - 16159.7401      -   738   35s
   182   185 16927.8897   36  415          - 16159.7401      -   522   40s
   233   227 17187.3443   46  268          - 16159.7401      -   491   46s
   275   268 17618.2982   69  331          - 16159.7401      -   485   50s
   306   312 17841.7342   81  261          - 16159.7401      -   470   55s
   411   428 19501.3542  133  155          - 16159.7401      -   410   60s
   495   471 16486.8170    4  561          - 16167.9401      -   384   66s
   542   492 16871.1131    7  529          - 16167.9401      -   382   70s
   559   510 16754.9938    9  496          - 16167.9401      -   408   76s
   584   536 16953.2143   13  468          - 16167.9401      -   434   81s
   616   570 16995.9655   15  464          - 16167.9401      -   439   85s
   645   599 infeasible   19               - 16167.9401      -   446   90s
   704   663 17285.2589   25  443          - 16167.9401      -   449   97s
   729   665 16640.3640   17  253          - 16167.9401      -   447  100s
   734   669 19545.1945  138  571          - 16456.6621      -   444  105s
   745   676 18310.4945   99  660          - 16714.9180      -   437  110s
   754   682 16899.4938   15  629          - 16899.4938      -   432  115s
   755   683 17531.8364   39  719          - 16907.6390      -   432  206s
   763   688 16935.6929   34  694          - 16935.6929      -   427  210s
   766   690 16938.0912   22  687          - 16938.0912      -   425  234s
   767   691 17520.3565   67  664          - 16943.7290      -   425  235s
   777   697 17035.6345   25  766          - 16947.6998      -   419  240s
   788   706 18929.0544   83  442          - 16947.9751      -   472  245s
   800   714 17890.1285   90  713          - 16948.1209      -   465  250s
   812   722 16953.3295    8  783          - 16953.3295      -   458  255s
   822   732 17006.2720   22  484          - 16981.8022      -   484  260s
   846   746 17057.4048   28  474          - 16993.9594      -   491  265s
   871   766 17107.1032   36  459          - 16993.9594      -   497  270s
   899   787 17180.6689   44  414          - 16993.9594      -   504  275s
   943   817 17358.8707   58  322          - 16993.9594      -   500  280s
  1004   861 17593.1946   78  309          - 16993.9594      -   492  285s
  1064   904 17708.6260   96  317          - 16993.9594      -   487  291s
  1112   935 18012.5334  111  285          - 16993.9594      -   482  295s
  1202  1004 18301.1672  141  214          - 16994.2538      -   466  301s
  1250  1013 17080.5388   24  702          - 16994.2538      -   456  320s
  1322  1060 17165.8793   30  516          - 16994.2538      -   446  326s
  1375  1095 17450.6227   33  439          - 16994.2538      -   441  330s
  1448  1110 17310.0557   37  514          - 16994.2538      -   435  337s
  1470  1129 17313.4087   42  563          - 16994.2538      -   438  341s
  1499  1145 17356.8380   47  567          - 16994.2538      -   440  346s
  1531  1169 17482.4721   54  450          - 16994.2538      -   443  351s
  1570  1206 17659.5327   62  470          - 16994.2538      -   445  356s
  1630  1271 17688.6365   70  377          - 16994.2538      -   445  363s
  1687  1302 17831.5688   78  344          - 16994.2538      -   439  367s
  1741  1339 18081.4689   87  344          - 16994.2538      -   435  371s
  1802  1394 18199.5714   94  345          - 16994.2538      -   431  375s
  1878  1490 18427.3482  104  301          - 16994.2538      -   425  380s
  1999  1600 18791.0847  116  277          - 16994.2538      -   410  385s
  2159  1716 19122.8168  141  178          - 16994.2538      -   390  390s
  2353  1801 19802.2824  171  160          - 16994.2538      -   368  396s
  2522  1819 21251.1421  248   48          - 17011.7291      -   352  402s
* 2614  1755             294    23669.150000 17011.7291  28.1%   341  403s
  2627  1759 17065.6926   24  724 23669.1500 17011.7291  28.1%   344  407s
  2636  1773 17124.4414   26  694 23669.1500 17011.7291  28.1%   346  411s
  2676  1801 17221.2633   35  588 23669.1500 17011.7291  28.1%   351  418s
  2694  1818 17248.7309   37  428 23669.1500 17011.7291  28.1%   354  422s
  2717  1830 17324.0853   41  398 23669.1500 17011.7291  28.1%   356  426s
  2737  1864 17355.1095   42  387 23669.1500 17011.7291  28.1%   358  430s
  2777  1891 17550.6058   51  355 23669.1500 17011.7291  28.1%   358  435s
  2869  1957 17795.4511   60  299 23669.1500 17011.7291  28.1%   357  445s
  2918  2010 18089.5266   68  252 23669.1500 17011.7291  28.1%   357  450s
  2978  2085 18186.4892   76  291 23669.1500 17011.7291  28.1%   356  456s
  3055  2179 18377.9348   87  229 23669.1500 17011.7291  28.1%   352  462s
  3168  2213 18575.5167   96  170 23669.1500 17011.7291  28.1%   347  469s
  3214  2248 18708.1786  108  151 23669.1500 17011.7291  28.1%   347  479s
H 3249  2266                    23315.770000 17011.7291  27.0%   347  490s
  3277  2364 18801.1029  123  155 23315.7700 17011.7291  27.0%   346  499s
  3393  2518 19094.1989  154  127 23315.7700 17011.7291  27.0%   342  507s
  3569  2532 infeasible  200      23315.7700 17011.7291  27.0%   333  516s
  3601  2543 infeasible  203      23315.7700 17020.6664  27.0%   333  522s
  3624  2562 17350.1582   32  475 23315.7700 17020.6664  27.0%   336  529s
  3643  2630 17504.3101   35  368 23315.7700 17020.6664  27.0%   337  535s
  3711  2780 18576.4930   50  224 23315.7700 17025.5171  27.0%   335  543s
  3865  2782 22062.9833  248   20 23315.7700 17025.8200  27.0%   327  545s
  3911  2815 17169.0160   26  576 23315.7700 17025.8200  27.0%   324  551s
  3944  2857 17524.9719   44  383 23315.7700 17025.8200  27.0%   326  556s
  3986  2937 18184.4613   70  315 23315.7700 17025.8200  27.0%   327  569s
  4066  3003 19657.2248  116  240 23315.7700 17038.8880  26.9%   325  577s
H 4133  2997                    22911.660000 17038.8880  25.6%   323  578s
  4162  3020 17362.0512   31  507 22911.6600 17038.8880  25.6%   323  585s
  4185  3054 17610.2882   39  465 22911.6600 17038.8880  25.6%   326  592s
  4219  3083 17951.6961   49  434 22911.6600 17038.8880  25.6%   329  599s
  4248  3137 18599.6217   60  399 22911.6600 17038.8880  25.6%   331  609s
  4302  3219 19259.0095   74  305 22911.6600 17038.8880  25.6%   333  618s
  4396  3255 20720.3958   98  214 22911.6600 17048.4617  25.6%   332  627s
  4451  3387 17307.8353   28  628 22911.6600 17048.4617  25.6%   334  637s
  4595  3494 17818.1508   49  539 22911.6600 17048.4617  25.6%   330  648s
H 4740  3579                    22841.260000 17048.4617  25.4%   326  659s
  4802  3579 21087.9929  141  124 22841.2600 17053.0711  25.3%   323  660s
  4865  3612 17211.5583   28  663 22841.2600 17053.0711  25.3%   324  668s
  4898  3674 17587.9997   41  551 22841.2600 17053.0711  25.3%   325  679s
  4960  3808 18901.8613   56  406 22841.2600 17053.0711  25.3%   326  690s
  5114  3966 19456.8000   90  466 22841.2600 17057.4345  25.3%   321  703s
H 5283  3963                    22803.540000 17057.4345  25.2%   314  704s
  5312  4051 17303.0002   34  446 22803.5400 17057.4345  25.2%   316  722s
  5412  4183 17519.2792   48  303 22803.5400 17057.4345  25.2%   316  737s
H 5458  4121                    22435.540000 17057.4345  24.0%   317  737s
  5558  4183 17956.7690   71  291 22435.5400 17057.4345  24.0%   316  748s
  5626  4265 18679.8096   94  299 22435.5400 17058.6050  24.0%   318  760s
  5724  4350 17382.2062   36  496 22435.5400 17058.6050  24.0%   318  772s
  5823  4435 17664.9194   56  460 22435.5400 17058.6050  24.0%   318  785s
  5910  4484 17824.2257   70  392 22435.5400 17058.6050  24.0%   319  797s
  5969  4598 18215.5781   82  331 22435.5400 17058.6050  24.0%   322  811s
  6095  4651 18963.9181  123  207 22435.5400 17064.2522  23.9%   323  829s
  6129  4651 19189.3236  130  212 22435.5400 17064.2522  23.9%   322  830s
  6165  4683 17318.0997   26  577 22435.5400 17064.2522  23.9%   325  842s
  6197  4765 17705.9645   33  496 22435.5400 17064.2522  23.9%   328  854s
  6281  4885 17990.9776   46  306 22435.5400 17064.2522  23.9%   329  869s
  6365  4885 21395.7178  169   86 22435.5400 17064.2522  23.9%   328  870s
  6430  5094 18776.7110   54  362 22435.5400 17064.6274  23.9%   327  889s
  6467  5094 19451.3436   69  190 22435.5400 17064.6274  23.9%   327  890s
  6685  5152 infeasible  124      22435.5400 17064.6879  23.9%   322  904s
  6744  5249 18244.8561   55  326 22435.5400 17064.6879  23.9%   324  919s
  6841  5344 18458.5031   57  310 22435.5400 17065.7311  23.9%   321  936s
H 6940  5339                    22402.750000 17067.7836  23.8%   319  937s
  6960  5391 17308.1681   33  496 22402.7500 17067.7836  23.8%   320  949s
  7012  5498 18014.8079   66  312 22402.7500 17068.3528  23.8%   322  962s
H 7133  5673                    22396.830000 17068.3528  23.8%   321 1002s
  7322  5766 18367.4004   66  401 22396.8300 17071.9248  23.8%   318 1019s
  7425  5923 17877.6332   44  424 22396.8300 17082.0979  23.7%   320 1037s
  7594  5993 17202.8963   29  463 22396.8300 17082.0979  23.7%   321 1055s
H 7638  5993                    22389.830000 17082.0979  23.7%   321 1056s
  7688  6165 18220.7568   73  367 22389.8300 17083.4579  23.7%   322 1074s
  7801  6165 21492.3914  185  110 22389.8300 17083.4579  23.7%   319 1075s
  7879  6239 17463.9961   26  542 22389.8300 17083.4579  23.7%   319 1091s
  7953  6404 18580.5370   62  406 22389.8300 17085.0679  23.7%   320 1109s
  7984  6404 19737.4177   93  189 22389.8300 17085.0679  23.7%   320 1110s
H 8154  6444                    22349.940000 17085.0679  23.6%   317 1127s
  8197  6483 17480.1217   35  602 22349.9400 17085.0679  23.6%   320 1143s
  8236  6561 17669.4251   43  592 22349.9400 17085.0679  23.6%   324 1161s
  8316  6701 17895.4716   54  474 22349.9400 17085.0679  23.6%   326 1180s
  8481  6834 18200.7949   67  291 22349.9400 17085.0679  23.6%   326 1200s
  8627  6986 18622.6779   96  164 22349.9400 17088.4798  23.5%   325 1223s
  8811  7067 17426.8681   28  586 22349.9400 17093.1235  23.5%   326 1246s
  8892  7244 18378.9632   74  379 22349.9400 17093.2764  23.5%   327 1270s
* 8982  7086             162    21892.130000 17093.2764  21.9%   325 1272s
  9100  7121 17599.0620   37  596 21892.1300 17098.5203  21.9%   326 1289s
  9137  7163 17713.4257   42  526 21892.1300 17098.5203  21.9%   328 1308s
  9179  7187 17783.7298   51  572 21892.1300 17098.5203  21.9%   331 1330s
  9203  7310 18046.2471   59  531 21892.1300 17098.5203  21.9%   332 1350s
  9326  7448 18360.5080   87  357 21892.1300 17098.5203  21.9%   334 1372s
  9482  7807 18779.5423  115  354 21892.1300 17100.1301  21.9%   334 1402s
  9577  7807 19230.7700  141  186 21892.1300 17100.1301  21.9%   334 1408s
  9800  7810 21717.3743  219   14 21892.1300 17100.1301  21.9%   328 1410s
  9891  7917     cutoff  217      21892.1300 17101.6380  21.9%   329 1430s
H10009  7955                    21662.970000 17112.2263  21.0%   330 1451s
 10211  8120 21652.1319  186   43 21662.9700 17114.6716  21.0%   328 1475s
 10408  8221 18897.4851   52  397 21662.9700 17114.6995  21.0%   328 1495s
 10516  8315 20551.4665   77  219 21662.9700 17114.7255  21.0%   330 1515s
 10648  8538 18295.3374   77  289 21662.9700 17117.7632  21.0%   331 1538s
 10804  8538 20025.6307  132  189 21662.9700 17117.7632  21.0%   330 1540s
 10894  8719 17756.8995   55  483 21662.9700 17117.7632  21.0%   328 1559s
 10958  8719 19600.7288  119  297 21662.9700 17117.7632  21.0%   328 1560s
 11075  8911 20008.9673  138  106 21662.9700 17119.0093  21.0%   327 1581s
*11292  8902             199    21650.240000 17119.5864  20.9%   324 1583s
H11319  8953                    21638.880000 17119.5864  20.9%   325 1603s
 11397  9071 17263.6197   31  627 21638.8800 17123.1266  20.9%   326 1625s
 11529  9217 18105.1160   60  434 21638.8800 17124.2088  20.9%   326 1666s
 11698  9381 17373.0177   38  500 21638.8800 17124.2088  20.9%   325 1688s
 11868  9488 infeasible  106      21638.8800 17124.2579  20.9%   325 1709s
 11998  9669 18306.3792   75  426 21638.8800 17124.4867  20.9%   326 1731s
H12214  9161                    20982.690000 17128.3877  18.4%   324 1754s
 12282  9285 18541.6481   62  295 20982.6900 17128.6920  18.4%   325 1777s
 12444  9507 17489.4535   39  387 20982.6900 17128.6969  18.4%   326 1804s
 12509  9507 19295.7315  104  116 20982.6900 17128.6969  18.4%   326 1805s
H12694  9555                    20979.090000 17130.6272  18.3%   325 1824s
 12746  9693 17737.2987   55  595 20979.0900 17130.6272  18.3%   326 1850s
 12897  9880 18940.2724   92  488 20979.0900 17131.3955  18.3%   326 1880s
 13107 10003 17618.7506   40  473 20979.0900 17133.3185  18.3%   326 1909s
 13149 10003 19382.5326   82  240 20979.0900 17133.3185  18.3%   326 1910s
 13242 10127 17405.6746   29  681 20979.0900 17133.3185  18.3%   326 1934s
 13267 10127 18356.6471   63  486 20979.0900 17133.3185  18.3%   327 1935s
 13385 10311 18323.2134   54  525 20979.0900 17133.3185  18.3%   326 1959s
 13481 10311 20970.2719  147   79 20979.0900 17133.3185  18.3%   326 1960s
 13583 10422 17510.4125   32  448 20979.0900 17135.1155  18.3%   326 1982s
 13711 10644 18201.3874   65  182 20979.0900 17142.4723  18.3%   327 2010s
 13968 10697 17499.7485   33  502 20979.0900 17142.4723  18.3%   326 2032s
 14019 10743 18313.8365   45  441 20979.0900 17142.4723  18.3%   329 2056s
H14023 10468                    20798.089997 17142.4723  17.6%   329 2057s
 14065 10630 19348.8147   58  328 20798.0900 17143.0530  17.6%   330 2079s
 14101 10630 19654.8093   75  349 20798.0900 17143.0530  17.6%   330 2080s
 14252 10907 17953.0479   39  440 20798.0900 17149.9142  17.5%   330 2108s
 14605 11056 17635.3266   30  523 20798.0900 17149.9509  17.5%   327 2132s
 14766 11259 19012.6021   88  228 20798.0900 17150.3922  17.5%   327 2154s
 14797 11259 19435.0335  119  178 20798.0900 17150.3922  17.5%   327 2155s
 14979 11421 18006.0682   63  328 20798.0900 17152.8505  17.5%   326 2177s
 15173 11611 18093.5328   66  278 20798.0900 17155.4969  17.5%   326 2202s
 15408 11738     cutoff  150      20798.0900 17156.4065  17.5%   325 2226s
 15554 11802 17776.4642   47  377 20798.0900 17156.8350  17.5%   325 2247s
 15618 11921 18184.7054   63  333 20798.0900 17156.8350  17.5%   327 2269s
 15684 11921 18893.8370   91  341 20798.0900 17156.8350  17.5%   327 2270s
 15737 12048 18756.2207   97  204 20798.0900 17156.9932  17.5%   328 2299s
 15880 12377 18501.1191   54  371 20798.0900 17157.6806  17.5%   329 2326s
 16266 12628 17501.3581   54  420 20798.0900 17161.3745  17.5%   325 2351s
*16377 12296             165    20589.090000 17161.3745  16.6%   324 2352s
 16554 12402 18029.7680   49  350 20589.0900 17161.5594  16.6%   323 2375s
 16684 12458 17338.1624   33  518 20589.0900 17161.7668  16.6%   323 2395s
 16740 12511 17617.6740   47  536 20589.0900 17161.7668  16.6%   324 2415s
 16793 12595 17766.9000   60  523 20589.0900 17161.7668  16.6%   326 2444s
 16877 12768 17993.5441   79  432 20589.0900 17161.7668  16.6%   328 2468s
 17080 12992 18954.5107  120  251 20589.0900 17162.2172  16.6%   328 2494s
 17111 12992 19594.5217  135  196 20589.0900 17162.2172  16.6%   328 2495s
 17336 13140 18038.8156   53  535 20589.0900 17162.4825  16.6%   327 2519s
 17502 13225 17298.2485   34  635 20589.0900 17162.4825  16.6%   327 2541s
 17608 13407 18049.8576   68  450 20589.0900 17162.4825  16.6%   327 2568s
 17807 13520 20206.5872  164  167 20589.0900 17163.6704  16.6%   327 2592s
 17940 13618 20365.1165   91  230 20589.0900 17163.6704  16.6%   328 2615s
 18064 13737 17909.5007   45  517 20589.0900 17164.2927  16.6%   329 2645s
 18185 13904 19031.6507   75  401 20589.0900 17164.3022  16.6%   330 2670s
 18391 14049 18253.0529   67  270 20589.0900 17165.8793  16.6%   330 2700s
 18590 14144 17522.7560   32  536 20589.0900 17166.2820  16.6%   330 2725s
 18709 14258 18651.7681   76  348 20589.0900 17167.1780  16.6%   330 2749s
 18774 14258 20269.4580  141  178 20589.0900 17167.1780  16.6%   330 2750s
 18847 14387 17910.1291   47  328 20589.0900 17167.1824  16.6%   331 2783s
 18895 14387 19711.3858   95  223 20589.0900 17167.1824  16.6%   331 2798s
 18990 14521 17569.9157   52  420 20589.0900 17167.4101  16.6%   332 2826s
 19134 14600 17352.0355   35  524 20589.0900 17167.4101  16.6%   333 2864s
H19141 14567                    20573.250000 17167.4101  16.6%   333 2865s
 19213 14685 infeasible   82      20573.2500 17167.4901  16.6%   334 2888s
 19349 14927 17840.7114   49  320 20573.2500 17167.7447  16.6%   335 2919s
 19462 14927 19112.2102  136  204 20573.2500 17168.3988  16.5%   336 2920s
 19666 15037 17589.0760   45  371 20573.2500 17168.9874  16.5%   335 2946s
 19806 15118 17320.5095   32  476 20573.2500 17168.9874  16.5%   335 2969s
 19899 15291 17521.9197   40  346 20573.2500 17168.9874  16.5%   336 2994s
 19953 15291 18439.7610   72  336 20573.2500 17168.9874  16.5%   337 2995s
H20084 15255                    20474.970000 17168.9874  16.1%   337 3022s
 20285 15378 20378.6011  101  183 20474.9700 17169.9468  16.1%   337 3047s
 20455 15573 17549.5040   52  363 20474.9700 17169.9476  16.1%   337 3074s
 20525 15573 18033.1965   99  244 20474.9700 17169.9476  16.1%   337 3075s
 20650 15864 18860.2574  128  195 20474.9700 17170.1031  16.1%   337 3106s
 20684 15864 19400.7408  146  142 20474.9700 17170.1031  16.1%   337 3116s
 21033 16095 18121.7528   53  410 20474.9700 17171.0738  16.1%   335 3144s
 21099 16095 19658.9244  119  191 20474.9700 17171.0738  16.1%   335 3145s
 21288 16260 17894.2259   55  355 20474.9700 17171.8473  16.1%   334 3181s
 21467 16388 17898.2162   42  464 20474.9700 17172.3524  16.1%   334 3204s
 21540 16388 20341.3473  114  215 20474.9700 17172.3524  16.1%   334 3205s
 21626 16547 17980.3634   55  388 20474.9700 17172.6893  16.1%   335 3230s
 21815 16609 17518.6233   29  681 20474.9700 17173.3621  16.1%   335 3253s
 21877 16712 18442.5323   47  467 20474.9700 17173.3621  16.1%   336 3276s
 21980 16831 20192.9507   74  380 20474.9700 17173.8892  16.1%   337 3303s
 22133 16893 17576.3213   45  590 20474.9700 17174.2793  16.1%   337 3325s
 22195 17030 17686.7199   54  464 20474.9700 17174.2793  16.1%   339 3349s
 22332 17210 18203.0098   69  418 20474.9700 17174.2793  16.1%   340 3377s
 22538 17375 18532.7497   91  267 20474.9700 17174.2793  16.1%   340 3405s
 22703 17698 19070.2700  116  292 20474.9700 17177.1231  16.1%   340 3436s
 23098 17785 17377.1686   38  709 20474.9700 17177.9994  16.1%   338 3460s
 23185 17931 18853.5064   99  176 20474.9700 17180.5865  16.1%   339 3484s
 23258 17931 17651.6450   36  545 20474.9700 17180.5865  16.1%   339 3485s
 23361 18046 18083.3984   45  409 20474.9700 17181.8779  16.1%   339 3509s
 23436 18046 17445.7769   47  461 20474.9700 17181.8779  16.1%   339 3510s
 23511 18203 18574.0011   86  274 20474.9700 17182.4822  16.1%   340 3537s
 23703 18366 18329.0704   56  483 20474.9700 17182.5312  16.1%   340 3565s
 23900 18818 18029.2153   53  311 20474.9700 17184.7506  16.1%   340 3596s
 24387 18822 18064.3501   68  286 20474.9700 17187.1618  16.1%   337 3600s

Cutting planes:
  User: 5981
  Gomory: 47
  Cover: 638
  Implied bound: 44
  Projected implied bound: 53
  Clique: 11
  MIR: 459
  StrongCG: 8
  Flow cover: 828
  Zero half: 24
  Network: 7
  RLT: 472
  Relax-and-lift: 10
  Lazy constraints: 787

Explored 24464 nodes (8267427 simplex iterations) in 3600.63 seconds
Thread count was 2 (of 32 available processors)

Solution count 10: 20475 20573.2 20589.1 ... 21892.1

Time limit reached
Best objective 2.047497000000e+04, best bound 1.718716178373e+04, gap 16.0577%

User-callback calls 367613, time in user-callback 370.98 sec
================================================================================
executing instance: ./input/Instances/Original/6/absH6high_1n20.dat
--------------------------------------------------------------------------------
Instance details
n	21
H	6
C	1651
Li:
[0, 0, 0, 0, 0, 0, 0, 0, 0, 0, 0, 0, 0, 0, 0, 0, 0, 0, 0, 0, 0, ]
Ui:
[0, 36, 182, 182, 90, 261, 117, 30, 110, 42, 276, 153, 40, 94, 144, 46, 129, 213, 264, 160, 174, ]
Distance matrix:
|0	371	401	343	361	341	370	115	392	400	79	266	292	245	355	431	265	194	95	92	348	|
|371	0	37	141	110	250	117	438	67	131	372	305	115	238	247	255	235	296	392	430	185	|
|401	37	0	175	100	284	146	472	90	156	406	342	152	275	280	282	242	333	415	455	178	|
|343	141	175	0	239	110	38	374	95	60	314	182	67	130	106	127	318	201	397	423	303	|
|361	110	100	239	0	341	222	451	177	240	385	374	190	304	341	361	151	345	354	398	78	|
|341	250	284	110	341	0	143	337	203	151	289	102	152	97	15	95	394	156	415	431	398	|
|370	117	146	38	222	143	0	407	61	30	346	220	81	167	137	139	317	237	417	447	292	|
|115	438	472	374	451	337	407	0	443	434	66	241	339	251	351	431	374	181	201	177	450	|
|392	67	90	95	177	203	61	443	0	66	379	275	104	216	197	193	294	283	427	461	252	|
|400	131	156	60	240	151	30	434	66	0	374	237	112	189	142	127	344	261	448	477	312	|
|79	372	406	314	385	289	346	66	379	374	0	202	275	197	304	383	316	134	175	166	388	|
|266	305	342	182	374	102	220	241	275	237	202	0	191	70	117	196	386	73	352	359	415	|
|292	115	152	67	190	152	81	339	104	112	275	191	0	123	154	193	252	183	336	366	246	|
|245	238	275	130	304	97	167	251	216	189	197	70	123	0	110	187	322	72	319	334	346	|
|355	247	280	106	341	15	137	351	197	142	304	117	154	110	0	80	399	171	427	444	400	|
|431	255	282	127	361	95	139	431	193	127	383	196	193	187	80	0	444	251	499	519	429	|
|265	235	242	318	151	394	317	374	294	344	316	386	252	322	399	444	0	332	226	273	97	|
|194	296	333	201	345	156	237	181	283	261	134	73	183	72	171	251	332	0	279	286	375	|
|95	392	415	397	354	415	417	201	427	448	175	352	336	319	427	499	226	279	0	47	321	|
|92	430	455	423	398	431	447	177	461	477	166	359	366	334	444	519	273	286	47	0	368	|
|348	185	178	303	78	398	292	450	252	312	388	415	246	346	400	429	97	375	321	368	0	|

--------------------------------------------------------------------------------
Building model...
	using lazy and cut (CVRPSEP package)
Solving IRP LP...
--------------------------------------------------------------------------------

Gurobi 9.1.0 (linux64) logging started Fri Jan 29 03:22:59 2021

Gurobi Optimizer version 9.1.0 build v9.1.0rc0 (linux64)
Thread count: 32 physical cores, 32 logical processors, using up to 2 threads
Optimize a model with 1419 rows, 6171 columns and 15627 nonzeros
Model fingerprint: 0x92c365ad
Variable types: 627 continuous, 5544 integer (504 binary)
Coefficient statistics:
  Matrix range     [1e+00, 4e+02]
  Objective range  [1e-01, 5e+02]
  Bounds range     [1e+00, 3e+02]
  RHS range        [1e+01, 3e+03]
Presolve removed 147 rows and 21 columns
Presolve time: 0.04s
Presolved: 1272 rows, 6150 columns, 14599 nonzeros
Variable types: 606 continuous, 5544 integer (5064 binary)

Root relaxation: objective 1.358628e+04, 2334 iterations, 0.07 seconds

    Nodes    |    Current Node    |     Objective Bounds      |     Work
 Expl Unexpl |  Obj  Depth IntInf | Incumbent    BestBd   Gap | It/Node Time

     0     0 13586.2755    0  195          - 13586.2755      -     -    0s
     0     0 13761.2655    0  187          - 13761.2655      -     -    0s
     0     0 13784.7668    0  214          - 13784.7668      -     -    0s
     0     0 13788.4382    0  202          - 13788.4382      -     -    0s
     0     0 13788.4382    0  207          - 13788.4382      -     -    0s
     0     0 14026.8683    0  338          - 14026.8683      -     -    0s
     0     0 14100.8053    0  312          - 14100.8053      -     -    1s
     0     0 14120.9231    0  291          - 14120.9231      -     -    1s
     0     0 14132.2537    0  299          - 14132.2537      -     -    1s
     0     0 14133.8049    0  303          - 14133.8049      -     -    1s
     0     0 14133.8049    0  315          - 14133.8049      -     -    1s
     0     0 14286.8056    0  348          - 14286.8056      -     -    1s
     0     0 14414.4816    0  380          - 14414.4816      -     -    2s
     0     0 14421.6413    0  388          - 14421.6413      -     -    2s
     0     0 14421.8961    0  397          - 14421.8961      -     -    2s
     0     0 14513.4626    0  412          - 14513.4626      -     -    2s
     0     0 14523.3327    0  428          - 14523.3327      -     -    3s
     0     0 14524.2403    0  458          - 14524.2403      -     -    3s
     0     0 14583.1480    0  467          - 14583.1480      -     -    3s
     0     0 14588.9627    0  462          - 14588.9627      -     -    3s
     0     0 14589.9913    0  486          - 14589.9913      -     -    4s
     0     0 14600.2097    0  489          - 14600.2097      -     -    4s
     0     0 14604.1483    0  498          - 14604.1483      -     -    4s
     0     0 14604.3776    0  538          - 14604.3776      -     -    4s
     0     0 14620.7235    0  422          - 14620.7235      -     -    5s
     0     0 14626.6314    0  495          - 14626.6314      -     -    5s
     0     0 14637.6649    0  461          - 14637.6649      -     -    5s
     0     0 14643.1308    0  483          - 14643.1308      -     -    5s
     0     0 14656.8772    0  414          - 14656.8772      -     -    5s
     0     0 14657.7964    0  493          - 14657.7964      -     -    6s
     0     0 14668.8184    0  449          - 14668.8184      -     -    6s
     0     0 14681.4188    0  521          - 14681.4188      -     -    6s
     0     0 14687.1461    0  395          - 14687.1461      -     -    6s
     0     0 14688.3484    0  464          - 14688.3484      -     -    7s
     0     0 14722.3621    0  469          - 14722.3621      -     -    7s
     0     0 14736.5625    0  428          - 14736.5625      -     -    7s
     0     0 14740.5091    0  413          - 14740.5091      -     -    7s
     0     0 14740.7452    0  484          - 14740.7452      -     -    8s
     0     0 14741.1183    0  507          - 14741.1183      -     -    8s
     0     0 14741.2952    0  537          - 14741.2952      -     -    8s
     0     0 14742.2332    0  528          - 14742.2332      -     -    8s
     0     0 14743.3594    0  474          - 14743.3594      -     -    8s
     0     2 14743.3594    0  429          - 14743.3594      -     -    9s
     1     4 14829.3420    1  428          - 14743.6285      -  1624   10s
    51    53 14932.9323   13  386          - 14796.2335      -   606   15s
   125   124 15236.7011   28  370          - 14796.2335      -   472   20s
   296   286 18149.7693  116  159          - 14796.2335      -   274   25s
   414   397 15015.7992   11  538          - 14796.2335      -   243   30s
   556   506 15232.5003   16  427          - 14796.2335      -   220   35s
   561   511 15261.4842   17  378          - 14796.2335      -   224   44s
   566   515 15344.9692   19  412          - 14796.2335      -   228   45s
   607   560 15738.7162   32  362          - 14796.2335      -   248   51s
   663   627 16552.7682   57  310          - 14796.2335      -   252   55s
   742   684 16338.9199   59  204          - 14796.2335      -   245   60s
   758   695 17331.6703   82  547          - 14955.5541      -   240   65s
   776   707 16290.5073   43  648          - 14996.4184      -   235   70s
   790   716 16216.2101   56  667          - 15007.1127      -   231   75s
   804   727 16104.3740   60  384          - 15008.2304      -   257   80s
   818   736 17079.5199   91  592          - 15013.7971      -   253   87s
   821   741 15020.3337   21  532          - 15015.4274      -   271   92s
   823   743 15027.2596   22  517          - 15023.3297      -   272   95s
   831   749 15060.9286   24  446          - 15043.8652      -   277  100s
   852   764 15154.9832   28  446          - 15043.8652      -   287  105s
   890   790 15258.9962   36  408          - 15043.8652      -   301  110s
   933   822 15407.9139   46  449          - 15043.8652      -   316  116s
   961   838 15425.6569   53  385          - 15043.8652      -   324  120s
  1004   868 15608.7566   61  442          - 15043.8652      -   331  125s
  1062   912 15744.0656   73  368          - 15043.8652      -   338  130s
  1147   973 16024.5784   93  290          - 15043.8652      -   341  136s
  1231  1025 16364.1327  112  326          - 15043.8652      -   340  140s
  1319  1082 16737.0899  134  276          - 15043.8652      -   341  146s
  1383  1130 16679.3961  152  312          - 15043.8652      -   340  150s
  1530  1214 infeasible  181               - 15044.8712      -   332  156s
  1640  1267 15374.6346   26  459          - 15044.8712      -   324  161s
  1744  1284 15532.9361   31  464          - 15044.8712      -   320  166s
  1776  1298 15682.2790   39  421          - 15044.8712      -   327  171s
  1807  1312 16222.7488   49  414          - 15044.8712      -   333  175s
  1838  1337 16291.2471   58  403          - 15044.8712      -   340  180s
  1866  1369 16523.6929   66  369          - 15044.8712      -   345  185s
  1901  1385 16832.9234   76  266          - 15044.8712      -   346  195s
  1995  1452 18276.9339  107  255          - 15044.8712      -   344  201s
  2078  1460 infeasible   95               - 15044.8712      -   343  205s
  2146  1540 19039.3211  167  239          - 15044.8712      -   345  211s
  2199  1589 19604.2992  192  230          - 15044.8712      -   345  215s
  2331  1623 21506.1407  254  155          - 15044.8712      -   340  220s
  2487  1718 23306.5554  328   83          - 15044.8712      -   328  225s
  2538  1718 15288.6854   25  551          - 15111.4845      -   333  233s
  2554  1726 15416.6108   26  523          - 15111.4845      -   337  237s
  2567  1743 15371.9772   30  564          - 15111.4845      -   341  241s
  2589  1745 15476.3308   34  523          - 15111.4845      -   346  245s
  2616  1771 15584.3035   39  508          - 15111.4845      -   356  252s
  2633  1799 15655.1838   44  480          - 15111.4845      -   361  256s
  2667  1816 15783.5308   47  470          - 15111.4845      -   362  260s
  2745  1889 15964.8229   69  357          - 15111.4845      -   364  269s
  2794  1924 16042.4063   90  342          - 15111.4845      -   364  273s
  2845  1982 16193.6554   98  336          - 15111.4845      -   365  278s
  2922  2056 16313.0182  152  335          - 15111.4845      -   363  284s
  3026  2158 17190.6980  176  267          - 15111.4845      -   358  290s
  3163  2331 17970.1830  237  253          - 15111.4845      -   350  296s
  3338  2540 18774.0874  293  194          - 15111.4845      -   338  304s
  3420  2540 18889.1702  325  181          - 15111.4845      -   334  305s
  3559  2860 19787.0884  357  172          - 15111.4845      -   326  313s
