




arguments: ./build/mirp_solver -f ./input/orig_exec_325.cfg
Current dir: /scratch/gui/bnc_mirp
File verbosity level: 9
date       time         ( uptime  ) [ thread name/id ]                   file:line     v| 
2021-01-23 09:14:40.899 (   0.029s) [main thread     ]             loguru.cpp:789   INFO| Logging to './output/vi_lex_quarter/OU/V4/Original/execution_23_01_2021_09_14_40.log', mode: 'a', verbosity: 9
--------------------------------------------------------------------------------
Parameters
                           instance_path           ./input/Instances/Original/1/
                            model_policy                                       1
                             nb_vehicles                                       4
                              output_dir ./output/vi_lex_quarter/OU/V4/Original/
                            sec_strategy                                       1
                       solver_nb_threads                                       2
                         solver_show_log                                    true
                       solver_time_limit                                    3600
                              use_vi_cos                                   false
                              use_vi_cus                                   false
                         use_vi_hc1_full                                   false
                         use_vi_hc1_half                                   false
                      use_vi_hc1_quarter                                   false
                              use_vi_hc2                                   false
                              use_vi_hc3                                   false
                         use_vi_lex_full                                   false
                         use_vi_lex_half                                   false
                      use_vi_lex_quarter                                    true
                              use_vi_qua                                   false
                               use_vi_vc                                   false
                               use_vi_vr                                   false
--------------------------------------------------------------------------------
executing instance: ./input/Instances/Original/1/absH3high_1n5.dat
--------------------------------------------------------------------------------
Instance details
n	6
H	3
C	289
Li:
[0, 0, 0, 0, 0, 0, ]
Ui:
[0, 195, 105, 116, 72, 22, ]
Distance matrix:
|0	85	349	17	203	289	|
|85	0	265	102	214	226	|
|349	265	0	366	368	238	|
|17	102	366	0	207	302	|
|203	214	368	207	0	431	|
|289	226	238	302	431	0	|

--------------------------------------------------------------------------------
Building model...
	using lazy and cut (CVRPSEP package)
Solving IRP LP...
--------------------------------------------------------------------------------

Gurobi 9.1.0 (linux64) logging started Sat Jan 23 09:14:41 2021

Gurobi Optimizer version 9.1.0 build v9.1.0rc0 (linux64)
Thread count: 32 physical cores, 32 logical processors, using up to 2 threads
Optimize a model with 210 rows, 336 columns and 1077 nonzeros
Model fingerprint: 0x99edef8a
Variable types: 84 continuous, 252 integer (72 binary)
Coefficient statistics:
  Matrix range     [1e+00, 2e+02]
  Objective range  [2e-01, 4e+02]
  Bounds range     [1e+00, 2e+02]
  RHS range        [1e+01, 5e+02]
Presolve removed 24 rows and 6 columns
Presolve time: 0.01s
Presolved: 186 rows, 330 columns, 937 nonzeros
Variable types: 78 continuous, 252 integer (192 binary)

Root relaxation: objective 1.817850e+03, 307 iterations, 0.01 seconds

    Nodes    |    Current Node    |     Objective Bounds      |     Work
 Expl Unexpl |  Obj  Depth IntInf | Incumbent    BestBd   Gap | It/Node Time

     0     0 1817.85045    0   32          - 1817.85045      -     -    0s
     0     0 1982.41444    0   40          - 1982.41444      -     -    0s
     0     0 1984.13590    0   37          - 1984.13590      -     -    0s
     0     0 2184.65318    0   76          - 2184.65318      -     -    0s
H    0     0                    3623.5500000 2184.65318  39.7%     -    0s
H    0     0                    3566.5500000 2184.65318  38.7%     -    0s
     0     0 2280.69235    0   44 3566.55000 2280.69235  36.1%     -    0s
     0     0 2286.74422    0   51 3566.55000 2286.74422  35.9%     -    0s
     0     0 2290.39909    0   67 3566.55000 2290.39909  35.8%     -    0s
     0     0 2290.39909    0   51 3566.55000 2290.39909  35.8%     -    0s
     0     0 2373.48582    0   83 3566.55000 2373.48582  33.5%     -    0s
H    0     0                    2887.3300000 2373.48582  17.8%     -    0s
     0     0 2382.06837    0  103 2887.33000 2382.06837  17.5%     -    0s
     0     0 2382.13466    0  103 2887.33000 2382.13466  17.5%     -    0s
     0     0 2418.68555    0   73 2887.33000 2418.68555  16.2%     -    0s
     0     0 2419.37776    0   72 2887.33000 2419.37776  16.2%     -    0s
     0     0 2419.44503    0   76 2887.33000 2419.44503  16.2%     -    0s
     0     0 2433.93185    0  106 2887.33000 2433.93185  15.7%     -    0s
     0     0 2441.83058    0   77 2887.33000 2441.83058  15.4%     -    0s
     0     0 2446.82498    0   82 2887.33000 2446.82498  15.3%     -    0s
     0     0 2448.76356    0   98 2887.33000 2448.76356  15.2%     -    0s
     0     0 2449.08417    0  112 2887.33000 2449.08417  15.2%     -    0s
     0     0 2492.59372    0  122 2887.33000 2492.59372  13.7%     -    0s
H    0     0                    2876.0100000 2492.59372  13.3%     -    0s
     0     0 2497.05578    0  109 2876.01000 2497.05578  13.2%     -    0s
     0     0 2499.57632    0  120 2876.01000 2499.57632  13.1%     -    0s
     0     0 2499.96983    0  112 2876.01000 2499.96983  13.1%     -    0s
     0     0 2506.33334    0  119 2876.01000 2506.33334  12.9%     -    0s
     0     0 2508.67446    0  124 2876.01000 2508.67446  12.8%     -    0s
     0     0 2509.09531    0  133 2876.01000 2509.09531  12.8%     -    0s
     0     0 2510.36103    0  132 2876.01000 2510.36103  12.7%     -    0s
     0     0 2510.98036    0  129 2876.01000 2510.98036  12.7%     -    0s
     0     2 2511.05943    0  132 2876.01000 2511.05943  12.7%     -    0s
*   23    15               9    2825.3500000 2526.84479  10.6%  49.0    0s
*   45    19               9    2703.3300000 2575.42480  4.73%  38.0    0s

Cutting planes:
  User: 36
  Gomory: 3
  Cover: 39
  Implied bound: 7
  Clique: 2
  MIR: 34
  Flow cover: 76
  GUB cover: 1
  RLT: 71
  Relax-and-lift: 7

Explored 100 nodes (4160 simplex iterations) in 0.41 seconds
Thread count was 2 (of 32 available processors)

Solution count 6: 2703.33 2825.35 2876.01 ... 3623.55

Optimal solution found (tolerance 1.00e-04)
Best objective 2.703330000000e+03, best bound 2.703330000000e+03, gap 0.0000%

User-callback calls 539, time in user-callback 0.03 sec
================================================================================
executing instance: ./input/Instances/Original/1/absH3high_1n45.dat
--------------------------------------------------------------------------------
Instance details
n	46
H	3
C	3462
Li:
[0, 0, 0, 0, 0, 0, 0, 0, 0, 0, 0, 0, 0, 0, 0, 0, 0, 0, 0, 0, 0, 0, 0, 0, 0, 0, 0, 0, 0, 0, 0, 0, 0, 0, 0, 0, 0, 0, 0, 0, 0, 0, 0, 0, 0, 0, ]
Ui:
[0, 273, 270, 36, 165, 192, 148, 45, 30, 75, 180, 198, 112, 117, 90, 64, 180, 22, 264, 174, 168, 270, 86, 66, 26, 66, 237, 156, 92, 108, 144, 72, 30, 45, 94, 54, 174, 96, 198, 136, 44, 180, 210, 249, 198, 48, ]
Distance matrix:
|0	281	201	160	249	201	93	431	236	139	252	136	116	166	390	110	349	374	303	180	327	464	236	70	44	461	346	439	363	254	312	426	305	206	71	137	169	200	247	260	20	219	256	253	460	278	|
|281	0	448	170	53	142	338	184	121	290	371	390	222	302	111	289	169	434	230	177	238	441	59	212	319	211	86	235	399	306	53	176	99	202	263	157	361	101	370	201	264	344	364	374	469	184	|
|201	448	0	285	430	325	114	556	361	171	191	64	228	174	546	294	453	306	364	289	388	435	393	254	157	585	491	536	318	254	490	554	436	407	266	292	108	388	186	337	207	181	205	190	408	364	|
|160	170	285	0	169	43	182	280	80	120	208	231	58	132	262	230	190	294	151	24	174	345	112	107	183	309	207	280	268	158	219	276	155	235	187	45	192	150	205	107	140	177	202	210	356	119	|
|249	53	430	169	0	152	317	238	145	282	377	369	212	299	157	242	215	452	261	183	273	474	76	181	290	264	140	287	421	320	63	229	145	148	221	142	352	53	374	226	234	346	370	378	498	215	|
|201	142	325	43	152	0	224	237	37	156	230	273	101	164	224	261	148	300	127	38	147	333	83	142	225	266	167	238	270	168	193	233	112	246	221	70	228	148	228	84	180	202	222	232	351	87	|
|93	338	114	182	317	224	0	460	262	92	180	52	124	112	440	199	364	307	292	191	317	415	284	140	57	490	387	452	304	208	377	457	336	297	163	181	84	274	175	256	95	152	188	180	402	280	|
|431	184	556	280	238	237	460	0	199	385	420	508	337	385	108	464	110	429	219	269	206	378	202	365	460	30	98	84	388	340	204	9	126	386	432	294	453	283	421	226	411	404	408	423	422	198	|
|236	121	361	80	145	37	262	199	0	191	255	310	138	197	191	290	114	312	118	72	133	330	69	175	262	229	132	204	279	186	174	195	75	258	251	102	262	153	254	81	216	230	246	257	353	72	|
|139	290	171	120	282	156	92	385	191	0	116	129	71	27	380	246	283	235	201	119	226	329	231	141	129	414	323	367	224	119	336	383	266	308	202	141	72	252	112	169	127	82	118	117	322	195	|
|252	371	191	208	377	230	180	420	255	116	0	187	178	90	443	361	311	127	204	195	224	246	313	257	232	446	382	380	129	81	423	421	320	422	318	242	100	355	5	195	241	34	15	2	225	224	|
|136	390	64	231	369	273	52	508	310	129	187	0	173	141	491	233	409	313	330	239	355	431	335	191	93	538	438	495	316	233	429	505	385	342	203	233	88	325	182	297	143	167	199	187	412	323	|
|116	222	228	58	212	101	124	337	138	71	178	173	0	91	319	206	244	284	187	69	212	357	165	85	130	367	265	333	264	151	267	333	213	244	161	70	140	181	175	145	97	145	177	180	359	165	|
|166	302	174	132	299	164	112	385	197	27	90	141	91	0	388	273	280	208	191	127	215	305	243	167	153	413	329	361	198	96	351	383	270	333	229	159	68	272	86	163	153	56	92	91	296	190	|
|390	111	546	262	157	224	440	108	191	380	443	491	319	388	0	399	164	480	264	261	261	456	156	320	426	125	62	186	442	369	107	99	125	300	374	260	452	210	443	252	372	420	433	446	494	227	|
|110	289	294	230	242	261	199	464	290	246	361	233	206	273	399	0	402	480	382	254	404	562	262	124	143	493	369	490	466	355	302	457	344	135	45	191	279	189	356	337	120	328	364	362	563	348	|
|349	169	453	190	215	148	364	110	114	283	311	409	244	280	164	402	0	324	110	174	101	292	151	289	372	135	109	90	284	230	212	111	70	354	364	216	348	245	312	118	329	295	298	313	330	90	|
|374	434	306	294	452	300	307	429	312	235	127	313	284	208	480	480	324	0	216	274	223	137	380	368	357	448	419	367	40	136	487	432	358	525	436	336	227	443	132	234	361	156	119	127	102	255	|
|303	230	364	151	261	127	292	219	118	201	204	330	187	191	264	382	110	216	0	128	25	213	185	258	314	243	203	176	178	123	282	221	144	372	338	193	256	270	206	45	283	193	191	206	239	46	|
|180	177	289	24	183	38	191	269	72	119	195	239	69	127	261	254	174	274	128	0	151	321	118	130	198	299	204	263	246	139	228	266	147	258	211	68	191	169	193	83	159	166	188	197	333	98	|
|327	238	388	174	273	147	317	206	133	226	224	355	212	215	261	404	101	223	25	151	0	203	198	281	339	228	202	156	184	143	288	209	146	390	362	215	280	286	226	68	308	215	210	226	235	61	|
|464	441	435	345	474	333	415	378	330	329	246	431	357	305	456	562	292	137	213	321	203	0	398	440	458	390	400	301	117	211	492	384	348	578	517	389	344	480	251	251	448	265	233	246	54	259	|
|236	59	393	112	76	83	284	202	69	231	313	335	165	243	156	262	151	380	185	118	198	398	0	167	270	231	110	233	347	250	110	195	85	203	230	103	303	95	311	150	217	284	305	315	422	139	|
|70	212	254	107	181	142	140	365	175	141	257	191	85	167	320	124	289	368	258	130	281	440	167	0	109	394	277	378	349	236	244	359	239	167	81	73	196	135	253	213	53	223	257	258	444	226	|
|44	319	157	183	290	225	57	460	262	129	232	93	130	153	426	143	372	357	314	198	339	458	270	109	0	490	379	462	351	247	353	456	334	250	110	168	140	243	226	274	56	201	238	232	449	294	|
|461	211	585	309	264	266	490	30	229	414	446	538	367	413	125	493	135	448	243	299	228	390	231	394	490	0	125	89	408	365	226	36	156	412	462	324	481	311	447	253	441	430	433	448	436	225	|
|346	86	491	207	140	167	387	98	132	323	382	438	265	329	62	369	109	419	203	204	202	400	110	277	379	125	0	155	381	307	113	90	63	288	339	211	394	186	382	190	327	359	371	384	436	165	|
|439	235	536	280	287	238	452	84	204	367	380	495	333	361	186	490	90	367	176	263	156	301	233	378	462	89	155	0	326	299	267	92	148	432	454	306	429	325	382	199	419	369	366	382	348	172	|
|363	399	318	268	421	270	304	388	279	224	129	316	264	198	442	466	284	40	178	246	184	117	347	349	351	408	381	326	0	113	452	391	321	502	422	311	229	415	134	199	348	152	118	130	98	219	|
|254	306	254	158	320	168	208	340	186	119	81	233	151	96	369	355	230	136	123	139	143	211	250	236	247	365	307	299	113	0	359	340	244	390	310	200	148	308	83	117	238	74	68	83	208	145	|
|312	53	490	219	63	193	377	204	174	336	423	429	267	351	107	302	212	487	282	228	288	492	110	244	353	226	113	267	452	359	0	195	145	194	283	199	407	115	421	254	296	394	415	425	521	237	|
|426	176	554	276	229	233	457	9	195	383	421	505	333	383	99	457	111	432	221	266	209	384	195	359	456	36	90	92	391	340	195	0	122	378	426	289	451	275	421	226	406	404	408	423	427	197	|
|305	99	436	155	145	112	336	126	75	266	320	385	213	270	125	344	70	358	144	147	146	348	85	239	334	156	63	148	321	244	145	122	0	286	310	168	336	177	320	128	285	298	309	322	381	103	|
|206	202	407	235	148	246	297	386	258	308	422	342	244	333	300	135	354	525	372	258	390	578	203	167	250	412	288	432	502	390	194	378	286	0	144	191	362	109	418	329	202	388	421	423	591	329	|
|71	263	266	187	221	221	163	432	251	202	318	203	161	229	374	45	364	436	338	211	362	517	230	81	110	462	339	454	422	310	283	426	310	144	0	150	239	168	313	294	77	285	321	319	518	306	|
|137	157	292	45	142	70	181	294	102	141	242	233	70	159	260	191	216	336	193	68	215	389	103	73	168	324	211	306	311	200	199	289	168	191	150	0	210	113	239	148	117	210	238	244	400	157	|
|169	361	108	192	352	228	84	453	262	72	100	88	140	68	452	279	348	227	256	191	280	344	303	196	140	481	394	429	229	148	407	451	336	362	239	210	0	318	95	231	164	79	111	100	325	258	|
|200	101	388	150	53	148	274	283	153	252	355	325	181	272	210	189	245	443	270	169	286	480	95	135	243	311	186	325	415	308	115	275	177	109	168	113	318	0	352	230	187	323	351	357	498	225	|
|247	370	186	205	374	228	175	421	254	112	5	182	175	86	443	356	312	132	206	193	226	251	311	253	226	447	382	382	134	83	421	421	320	418	313	239	95	352	0	196	237	30	19	6	230	224	|
|260	201	337	107	226	84	256	226	81	169	195	297	145	163	252	337	118	234	45	83	68	251	150	213	274	253	190	199	199	117	254	226	128	329	294	148	231	230	196	0	240	178	184	198	272	29	|
|20	264	207	140	234	180	95	411	216	127	241	143	97	153	372	120	329	361	283	159	308	448	217	53	56	441	327	419	348	238	296	406	285	202	77	117	164	187	237	240	0	208	245	242	446	257	|
|219	344	181	177	346	202	152	404	230	82	34	167	145	56	420	328	295	156	193	166	215	265	284	223	201	430	359	369	152	74	394	404	298	388	285	210	79	323	30	178	208	0	37	35	250	206	|
|256	364	205	202	370	222	188	408	246	118	15	199	177	92	433	364	298	119	191	188	210	233	305	257	238	433	371	366	118	68	415	408	309	421	321	238	111	351	19	184	245	37	0	17	214	212	|
|253	374	190	210	378	232	180	423	257	117	2	187	180	91	446	362	313	127	206	197	226	246	315	258	232	448	384	382	130	83	425	423	322	423	319	244	100	357	6	198	242	35	17	0	225	226	|
|460	469	408	356	498	351	402	422	353	322	225	412	359	296	494	563	330	102	239	333	235	54	422	444	449	436	436	348	98	208	521	427	381	591	518	400	325	498	230	272	446	250	214	225	0	285	|
|278	184	364	119	215	87	280	198	72	195	224	323	165	190	227	348	90	255	46	98	61	259	139	226	294	225	165	172	219	145	237	197	103	329	306	157	258	225	224	29	257	206	212	226	285	0	|

--------------------------------------------------------------------------------
Building model...
	using lazy and cut (CVRPSEP package)
Solving IRP LP...
--------------------------------------------------------------------------------

Gurobi 9.1.0 (linux64) logging started Sat Jan 23 09:14:41 2021

Gurobi Optimizer version 9.1.0 build v9.1.0rc0 (linux64)
Thread count: 32 physical cores, 32 logical processors, using up to 2 threads
Optimize a model with 1570 rows, 13696 columns and 31057 nonzeros
Model fingerprint: 0xeaef0d76
Variable types: 724 continuous, 12972 integer (552 binary)
Coefficient statistics:
  Matrix range     [1e+00, 2e+03]
  Objective range  [1e-01, 6e+02]
  Bounds range     [1e+00, 3e+02]
  RHS range        [1e+01, 6e+03]
Presolve removed 184 rows and 46 columns
Presolve time: 0.05s
Presolved: 1386 rows, 13650 columns, 29702 nonzeros
Variable types: 678 continuous, 12972 integer (12432 binary)

Root relaxation: objective 1.313329e+04, 1509 iterations, 0.06 seconds

    Nodes    |    Current Node    |     Objective Bounds      |     Work
 Expl Unexpl |  Obj  Depth IntInf | Incumbent    BestBd   Gap | It/Node Time

     0     0 13133.2868    0  144          - 13133.2868      -     -    0s
     0     0 13414.5541    0  158          - 13414.5541      -     -    0s
     0     0 13886.0317    0  268          - 13886.0317      -     -    1s
     0     0 13930.2821    0  222          - 13930.2821      -     -    1s
     0     0 13931.6766    0  223          - 13931.6766      -     -    1s
     0     0 13931.6766    0  222          - 13931.6766      -     -    1s
     0     0 14080.3386    0  251          - 14080.3386      -     -    2s
     0     0 14085.1027    0  275          - 14085.1027      -     -    2s
     0     0 14086.0131    0  290          - 14086.0131      -     -    2s
     0     0 14086.5089    0  295          - 14086.5089      -     -    2s
     0     0 14151.5037    0  305          - 14151.5037      -     -    3s
     0     0 14208.7236    0  332          - 14208.7236      -     -    3s
     0     0 14210.6529    0  318          - 14210.6529      -     -    4s
     0     0 14210.7747    0  340          - 14210.7747      -     -    4s
     0     0 14272.4003    0  297          - 14272.4003      -     -    4s
     0     0 14285.1086    0  309          - 14285.1086      -     -    5s
     0     0 14292.0076    0  261          - 14292.0076      -     -    5s
     0     0 14292.6108    0  305          - 14292.6108      -     -    5s
     0     0 14323.4328    0  307          - 14323.4328      -     -    5s
     0     0 14327.4797    0  346          - 14327.4797      -     -    6s
     0     0 14329.5555    0  262          - 14329.5555      -     -    6s
     0     0 14330.2553    0  290          - 14330.2553      -     -    6s
     0     0 14408.2014    0  270          - 14408.2014      -     -    6s
     0     0 14425.7285    0  388          - 14425.7285      -     -    7s
     0     0 14426.0730    0  364          - 14426.0730      -     -    7s
     0     0 14445.2293    0  347          - 14445.2293      -     -    7s
     0     0 14446.5974    0  371          - 14446.5974      -     -    8s
     0     0 14450.8623    0  409          - 14450.8623      -     -    8s
     0     0 14450.9357    0  361          - 14450.9357      -     -   10s
     0     2 14460.5297    0  189          - 14460.5297      -     -   13s
    11    14 14482.3476    4  458          - 14460.5297      -   596   15s
    44    48 14521.6584   15  222          - 14464.0905      -   491   20s
    90    82 14630.6199   26  197          - 14464.0905      -   409   25s
   138   137 14799.3277   47  158          - 14464.0905      -   369   30s
   239   243 15689.8878  100   98          - 14464.0905      -   285   35s
   346   333 14904.7127   29  306          - 14464.0905      -   228   40s
   402   428 17157.4954  201   38          - 14464.0905      -   210   45s
*  585   557             308    18530.990000 14471.5737  21.9%   155   49s
   597   558 14515.5880    5  489 18530.9900 14471.5737  21.9%   157   51s
   628   586 14587.1747   11  319 18530.9900 14471.5737  21.9%   163   56s
   660   641 14649.8915   14  375 18530.9900 14471.5737  21.9%   164   60s
   685   645 14670.0898   15  441 18530.9900 14471.5737  21.9%   163   71s
   755   709 16241.4526  149  361 18530.9900 14471.5737  21.9%   159   78s
   758   711 18502.7000  303  288 18530.9900 14471.5737  21.9%   159   84s
   759   712 14738.9581   41  368 18530.9900 14471.5737  21.9%   158   85s
H  768   681                    18515.210000 14536.4229  21.5%   157   90s
   779   688 18439.1600  290  674 18515.2100 14563.1674  21.3%   154   95s
   789   695 15089.1735   48  519 18515.2100 14573.5700  21.3%   152  100s
   798   701 15645.0030  101  560 18515.2100 14579.1340  21.3%   151  105s
   805   705 15066.0854   43  551 18515.2100 14579.7637  21.3%   149  110s
H  809   674                    18468.210000 14579.7637  21.1%   169  111s
   812   676 17384.8317  222  381 18468.2100 14579.7637  21.1%   168  115s
   825   684 15533.5131   94  535 18468.2100 14582.3053  21.0%   166  120s
H  826   650                    18420.460000 14582.3339  20.8%   165  121s
   832   654 18005.6000  263  548 18420.4600 14582.4995  20.8%   164  125s
H  835   625                    18418.460000 14582.4995  20.8%   174  129s
   836   627 14582.9219   21  544 18418.4600 14582.6349  20.8%   174  130s
   858   643 14623.3925   27  519 18418.4600 14597.9823  20.7%   181  135s
   862   644 14640.1953   28  468 18418.4600 14597.9823  20.7%   183  144s
   866   648 14644.0963   29  465 18418.4600 14597.9823  20.7%   184  145s
   892   665 14722.9023   35  374 18418.4600 14597.9823  20.7%   193  150s
   912   679 14832.1416   40  429 18418.4600 14597.9823  20.7%   204  155s
   943   701 15011.3544   48  301 18418.4600 14597.9823  20.7%   211  160s
   971   723 14926.9322   54  432 18418.4600 14597.9823  20.7%   218  165s
  1005   746 14961.4768   62  444 18418.4600 14597.9823  20.7%   225  170s
  1036   770 14974.5265   69  450 18418.4600 14597.9823  20.7%   229  175s
  1071   795 15018.4418   77  447 18418.4600 14597.9823  20.7%   235  180s
  1110   824 15059.1275   84  409 18418.4600 14597.9823  20.7%   239  186s
  1143   846 15070.9975   91  363 18418.4600 14597.9823  20.7%   240  190s
  1196   883 15136.7449  100  307 18418.4600 14597.9823  20.7%   243  197s
H 1202   849                    18381.220000 14597.9823  20.6%   243  197s
  1233   869 15208.9851  106  305 18381.2200 14597.9823  20.6%   246  202s
  1247   867 15252.6444  109  356 18381.2200 14597.9823  20.6%   247  212s
  1249   887 15370.3683  109  274 18381.2200 14597.9823  20.6%   247  215s
  1300   934 15385.8141  120  304 18381.2200 14597.9823  20.6%   249  221s
  1334   948 15403.6996  124  199 18381.2200 14597.9823  20.6%   248  225s
  1427  1086 15621.2097  140  185 18381.2200 14597.9823  20.6%   241  233s
  1528  1163 15863.8429  160  154 18381.2200 14597.9823  20.6%   232  237s
  1639  1232 16064.2542  181  163 18381.2200 14597.9823  20.6%   223  241s
  1776  1254 16547.9959  209  102 18381.2200 14599.2519  20.6%   211  246s
  1876  1264 17343.7760  251   43 18381.2200 14603.0769  20.6%   204  252s
  1936  1265 14716.0845   25  345 18381.2200 14603.0769  20.6%   200  255s
  1967  1287 14742.8865   29  464 18381.2200 14603.0769  20.6%   205  261s
  1996  1317 14774.6167   35  398 18381.2200 14603.0769  20.6%   208  266s
  2050  1328 15226.6170   62  106 18381.2200 14603.0769  20.6%   209  270s
  2090  1398 15067.1278   50  247 18381.2200 14603.0769  20.6%   209  276s
  2136  1404 15093.4508   52  214 18381.2200 14603.0769  20.6%   208  280s
  2226  1562 15204.2529   61  138 18381.2200 14603.0769  20.6%   205  288s
  2327  1529 16934.6199  163   50 18381.2200 14603.0769  20.6%   200  290s
  2370  1599 15461.7194   82  134 18381.2200 14603.0769  20.6%   198  295s
  2488  1620 15802.3865  101  170 18381.2200 14603.0769  20.6%   195  305s
  2568  1688 16000.5518  126  128 18381.2200 14603.0769  20.6%   195  314s
  2607  1675 15006.5218   35  314 18381.2200 14603.0769  20.6%   194  315s
  2609  1768 16327.8640  139   69 18381.2200 14603.0769  20.6%   194  320s
  2702  1892 16602.9658  154   55 18381.2200 14603.0769  20.6%   190  326s
  2835  2011 17212.0699  185   60 18381.2200 14603.0769  20.6%   185  335s
* 2937  1825             213    17523.170000 14603.0769  16.7%   180  336s
  2974  1809 17368.4819  195   27 17523.1700 14613.8375  16.6%   179  343s
  3010  1823 14749.9970   28  418 17523.1700 14613.8375  16.6%   179  346s
  3028  1846 14949.2046   35  314 17523.1700 14613.8375  16.6%   181  350s
  3051  1882 15188.7813   47  215 17523.1700 14613.8375  16.6%   182  355s
  3087  1945 15661.5803   64  207 17523.1700 14613.8375  16.6%   183  360s
  3150  2040 16435.9600  107  107 17523.1700 14627.4670  16.5%   182  366s
  3287  2089     cutoff  184      17523.1700 14627.4683  16.5%   179  372s
  3343  2118 14943.2399   31  445 17523.1700 14627.4683  16.5%   179  377s
  3374  2213 15290.9442   43  140 17523.1700 14627.4683  16.5%   181  383s
  3506  2213 17417.6785  137   26 17523.1700 14627.4683  16.5%   179  385s
  3510  2241 16879.7567   79   47 17523.1700 14635.8582  16.5%   179  390s
  3604  2276 infeasible   99      17523.1700 14644.5778  16.4%   177  395s
  3648  2411 15073.7287   39  248 17523.1700 14644.5778  16.4%   178  403s
  3754  2411 16164.1217   94  112 17523.1700 14644.5778  16.4%   176  405s
  3795  2474 16568.7228  109  136 17523.1700 14647.2389  16.4%   176  411s
  3878  2501 14843.2271   30  395 17523.1700 14647.2389  16.4%   175  419s
  3907  2549 15114.2482   42  396 17523.1700 14647.2389  16.4%   176  447s
  3955  2613 15457.6584   55  333 17523.1700 14647.2389  16.4%   177  454s
  3973  2613 15752.8365   73  196 17523.1700 14647.2389  16.4%   178  455s
  4019  2805 15792.4279   77  188 17523.1700 14647.2699  16.4%   178  464s
  4092  2805 17175.9987  149   52 17523.1700 14647.2699  16.4%   177  465s
  4238  2839 14756.0052   30  497 17523.1700 14647.2699  16.4%   174  472s
  4281  2930 15033.1215   44  368 17523.1700 14647.2699  16.4%   175  479s
  4298  2930 15125.5967   47  266 17523.1700 14647.2699  16.4%   176  480s
  4374  3072 15341.4428   61  239 17523.1700 14647.2699  16.4%   175  488s
  4489  3072 17056.3290  138   55 17523.1700 14647.2699  16.4%   173  490s
  4538  3144 infeasible  156      17523.1700 14656.0958  16.4%   173  498s
  4634  3144 17400.8368  120   99 17523.1700 14656.4651  16.4%   173  500s
  4643  3183 14935.7975   34  403 17523.1700 14656.4651  16.4%   173  506s
  4682  3314 15228.6464   57  228 17523.1700 14658.7043  16.3%   174  516s
  4836  3370     cutoff  152      17523.1700 14658.7383  16.3%   172  527s
  4902  3393 15069.7194   35  270 17523.1700 14669.4655  16.3%   174  541s
  4925  3461 15437.4825   57  229 17523.1700 14669.4655  16.3%   174  551s
  4993  3601 16415.0739  107  157 17523.1700 14671.1987  16.3%   175  562s
  5164  3664 17486.0000  168    - 17523.1700 14673.1817  16.3%   172  573s
  5236  3684     cutoff  168      17523.1700 14673.5478  16.3%   173  584s
H 5246  3559                    17306.160000 14673.9881  15.2%   175  584s
  5257  3603 15049.8358   33  333 17306.1600 14673.9881  15.2%   176  593s
  5302  3605 15531.4502   45  168 17306.1600 14673.9881  15.2%   178  618s
  5304  3696 15445.2257   45  177 17306.1600 14673.9881  15.2%   178  628s
  5395  3849 15968.8534   70  158 17306.1600 14675.5231  15.2%   179  642s
  5571  4008 15072.1177   34  455 17306.1600 14675.5231  15.2%   178  657s
  5748  4120 15867.5234   72  227 17306.1600 14677.2426  15.2%   177  671s
  5876  4246 14999.4182   36  278 17306.1600 14677.2426  15.2%   177  684s
  5924  4246 15563.1820   55  199 17306.1600 14677.2426  15.2%   178  685s
  6021  4332 15863.9682   84  154 17306.1600 14689.0464  15.1%   177  697s
  6149  4494 15004.1758   44  338 17306.1600 14689.1667  15.1%   177  710s
  6344  4563 infeasible  118      17306.1600 14689.6874  15.1%   175  724s
  6417  4737 15511.3739   46  336 17306.1600 14693.1443  15.1%   177  738s
  6526  4737 16025.4595  103   74 17306.1600 14693.1443  15.1%   177  740s
* 6592  4737             168    17303.170000 14693.1443  15.1%   176  740s
  6600  4817 16662.0847  109  129 17303.1700 14694.7101  15.1%   176  752s
  6695  4968 15071.4450   40  244 17303.1700 14694.7101  15.1%   177  766s
  6862  5019 15289.9596   63  155 17303.1700 14694.7101  15.1%   177  817s
  6912  5192 15379.0028   77  155 17303.1700 14696.0096  15.1%   178  832s
  7099  5281 infeasible  155      17303.1700 14698.5736  15.1%   177  847s
  7189  5474 15868.1178   78  106 17303.1700 14698.6332  15.1%   179  864s
  7207  5474 16365.6999   96   94 17303.1700 14698.6332  15.1%   178  865s
  7431  5582 15327.5718   50  247 17303.1700 14702.9364  15.0%   177  884s
  7524  5582     cutoff  117      17303.1700 14702.9387  15.0%   177  885s
  7557  5681 14915.7767   27  264 17303.1700 14702.9387  15.0%   179  903s
  7656  5968 14995.3060   41  279 17303.1700 14702.9387  15.0%   181  924s
  7710  5968 15306.5403   64  141 17303.1700 14702.9387  15.0%   181  925s
  8043  6235 15531.0957   84   22 17303.1700 14703.5048  15.0%   178  946s
  8344  6356 17079.0200  155    - 17303.1700 14703.8107  15.0%   176  966s
  8478  6477     cutoff  155      17303.1700 14704.1740  15.0%   177  986s
  8609  6637 15805.1143   80   78 17303.1700 14704.6858  15.0%   178 1005s
  8795  6761     cutoff  122      17303.1700 14704.9588  15.0%   178 1024s
  8825  6761 14976.4645   47  196 17303.1700 14704.9588  15.0%   179 1025s
  8950  6874 14999.7013   51  268 17303.1700 14705.0512  15.0%   179 1042s
  9058  7014 15733.0479   82   55 17303.1700 14705.3704  15.0%   181 1063s
  9228  7376 16620.7712  135   61 17303.1700 14708.2645  15.0%   181 1086s
  9511  7385 16137.7237  125   26 17303.1700 14708.3857  15.0%   180 1090s
  9665  7480     cutoff  171      17303.1700 14711.7581  15.0%   178 1106s
  9758  7725 15723.9938   76  166 17303.1700 14713.1168  15.0%   179 1129s
  9842  7725 15148.3313   48  241 17303.1700 14713.1168  15.0%   179 1130s
 10071  7882 15282.2963   55  184 17303.1700 14716.1151  15.0%   177 1150s
 10247  7945 15333.6622   42  178 17303.1700 14716.3048  15.0%   177 1170s
 10307  7954 15973.7982   56  221 17303.1700 14716.3048  15.0%   177 1199s
 10316  8139 15901.5056   55  187 17303.1700 14716.3533  14.9%   177 1219s
 10352  8139 16578.9854   74  155 17303.1700 14716.3533  14.9%   177 1220s
 10552  8315 15028.6765   31  278 17303.1700 14718.6617  14.9%   177 1239s
 10611  8315 15814.5764   90   67 17303.1700 14718.6617  14.9%   178 1240s
 10781  8452     cutoff  137      17303.1700 14720.2773  14.9%   177 1258s
 10933  8631 16529.8995  119   40 17303.1700 14722.8638  14.9%   178 1278s
 11063  8646 17113.6833  122    4 17303.1700 14723.3913  14.9%   177 1280s
 11166  8682     cutoff  143      17303.1700 14723.5661  14.9%   177 1296s
 11211  8745 14919.8183   38  296 17303.1700 14723.8733  14.9%   179 1313s
 11274  8920 15214.9175   51  122 17303.1700 14723.8733  14.9%   181 1332s
 11451  9133 16256.9018   95  118 17303.1700 14724.4404  14.9%   182 1354s
 11561  9142 17083.4300  142    - 17303.1700 14724.4404  14.9%   181 1355s
 11779  9289 17122.5872  140   30 17303.1700 14726.2117  14.9%   180 1374s
 11838  9292 15158.9170   45  249 17303.1700 14726.2117  14.9%   180 1375s
 11943  9410     cutoff  158      17303.1700 14730.1343  14.9%   180 1394s
 12027  9410 16374.1369  116   19 17303.1700 14730.1343  14.9%   180 1395s
 12077  9675 16739.4716  135   84 17303.1700 14732.3266  14.9%   181 1416s
 12388  9752 17239.1678  163    8 17303.1700 14738.6051  14.8%   179 1436s
 12478  9900 15191.2064   51  340 17303.1700 14740.6004  14.8%   180 1457s
 12624 10151 15594.7224  101   11 17303.1700 14740.7566  14.8%   181 1479s
 12642 10151 15600.2586  112   16 17303.1700 14740.7566  14.8%   181 1480s
 12964 10387 17046.1177  141   93 17303.1700 14741.6270  14.8%   180 1502s
 13210 10516 15610.1725   71  126 17303.1700 14742.3008  14.8%   179 1521s
 13356 10716 15565.6365   61  229 17303.1700 14742.9464  14.8%   180 1541s
 13591 10809     cutoff  136      17303.1700 14744.1598  14.8%   179 1559s
 13640 10813 15626.6864   54  300 17303.1700 14744.1598  14.8%   179 1560s
 13697 11011     cutoff  150      17303.1700 14744.4324  14.8%   180 1578s
 13818 11011 15983.9002   71  300 17303.1700 14745.3546  14.8%   180 1580s
 13917 11139 17092.6454  125   80 17303.1700 14745.6541  14.8%   180 1598s
 14052 11139 16511.1041  113  115 17303.1700 14747.0485  14.8%   180 1600s
 14079 11318 15725.7186   64  199 17303.1700 14747.4579  14.8%   180 1619s
 14285 11408 16607.5500  115    8 17303.1700 14750.6739  14.8%   179 1638s
 14391 11571 17215.9600  125   10 17303.1700 14751.2483  14.7%   180 1658s
 14579 11713 16180.6602   78  109 17303.1700 14751.3506  14.7%   180 1678s
 14681 11719 15467.8137   57  193 17303.1700 14751.3506  14.7%   180 1680s
 14746 11788     cutoff  135      17303.1700 14752.4956  14.7%   180 1700s
 14838 11847 15116.6667   47  235 17303.1700 14754.0396  14.7%   181 1717s
 14897 11935 15314.9235   58  209 17303.1700 14754.0396  14.7%   182 1734s
 14952 11935 15493.3236   79  237 17303.1700 14754.0396  14.7%   183 1735s
 14985 12168 15650.7708   80  213 17303.1700 14754.8171  14.7%   183 1754s
 15006 12168 15743.2804   90  140 17303.1700 14754.8171  14.7%   183 1755s
 15246 12353 16963.9300  129   10 17303.1700 14755.8764  14.7%   183 1777s
 15480 12490     cutoff  134      17303.1700 14755.9956  14.7%   182 1798s
 15656 12644 15525.0645   60  328 17303.1700 14757.3767  14.7%   183 1823s
 15812 12649 16147.5294   87  167 17303.1700 14758.0363  14.7%   183 1825s
 15830 12730 infeasible  140      17303.1700 14759.2122  14.7%   183 1842s
 15943 12922 15056.3128   49  377 17303.1700 14759.6119  14.7%   183 1864s
 15964 12922 15147.8815   57  330 17303.1700 14759.6119  14.7%   184 1865s
 16199 13106 15374.9253   71  201 17303.1700 14762.0102  14.7%   183 1886s
 16394 13235 16225.9811  134  101 17303.1700 14764.9552  14.7%   183 1906s
 16566 13394 17259.3300  180    6 17303.1700 14765.3365  14.7%   183 1926s
 16746 13436     cutoff  182      17303.1700 14766.5202  14.7%   183 1945s
 16790 13536 15394.3426   41  395 17303.1700 14772.5954  14.6%   184 1963s
 16880 13536 15314.6232   43  314 17303.1700 14772.5954  14.6%   184 1965s
 16890 13688 16358.2677   74  154 17303.1700 14772.8888  14.6%   184 1984s
 17001 13688 15078.5143   36  237 17303.1700 14772.8888  14.6%   184 1985s
 17062 13830 15121.3259   36  256 17303.1700 14772.8888  14.6%   185 2006s
 17237 14049 15403.1280   65  238 17303.1700 14773.1477  14.6%   185 2027s
 17494 14240 15011.5928   44  335 17303.1700 14773.7643  14.6%   185 2049s
 17590 14240 17141.4874  134   45 17303.1700 14773.7643  14.6%   185 2050s
 17740 14392 15308.3985   40  194 17303.1700 14775.0567  14.6%   185 2071s
 17929 14440     cutoff  130      17303.1700 14777.1817  14.6%   185 2091s
 17978 14570 15509.6667   53  344 17303.1700 14777.4244  14.6%   186 2109s
 18015 14570 16902.2570   90   99 17303.1700 14777.4244  14.6%   186 2110s
 18142 14637 14913.8324   35  437 17303.1700 14778.7837  14.6%   186 2129s
 18204 14748 15295.0466   52  197 17303.1700 14778.7837  14.6%   187 2149s
 18276 14748 15611.2572   93   18 17303.1700 14778.7837  14.6%   187 2150s
 18315 15016 15592.4536   95   33 17303.1700 14778.8173  14.6%   187 2173s
 18610 15166 16350.1146  148   37 17303.1700 14779.0098  14.6%   187 2196s
 18826 15258 infeasible  165      17303.1700 14779.6955  14.6%   186 2215s
 18917 15376 15627.3619   77  116 17303.1700 14779.9852  14.6%   187 2234s
 18935 15376 16082.7033   95  155 17303.1700 14779.9852  14.6%   187 2235s
 19073 15569 15266.0681   48  293 17303.1700 14781.7016  14.6%   187 2255s
 19296 15588 14953.0820   33  326 17303.1700 14782.1221  14.6%   187 2284s
 19307 15588 16884.4650  144   24 17303.1700 14782.1221  14.6%   187 2285s
 19324 15657 15107.7260   38  230 17303.1700 14782.1221  14.6%   187 2302s
 19389 15776 15306.3154   59  186 17303.1700 14782.1221  14.6%   188 2322s
 19512 15957 15887.5891  101   44 17303.1700 14782.2737  14.6%   189 2342s
 19731 16133 17165.0429  153   16 17303.1700 14782.3950  14.6%   189 2366s
 19989 16257 15168.2338   46  311 17303.1700 14783.1255  14.6%   188 2386s
 20117 16430 15961.7769   59  199 17303.1700 14783.3089  14.6%   188 2409s
 20189 16430 17027.3530   84   83 17303.1700 14783.3089  14.6%   188 2410s
 20313 16601 15092.4757   39  373 17303.1700 14784.4871  14.6%   189 2430s
 20517 16694 17207.1000  129   16 17303.1700 14785.1701  14.6%   188 2452s
 20626 16753     cutoff  139      17303.1700 14785.9156  14.5%   189 2477s
 20705 16869 15289.4892   41  147 17303.1700 14787.6512  14.5%   189 2497s
 20818 17079 15727.6694   74  168 17303.1700 14787.6971  14.5%   190 2519s
 20926 17088 15956.1286  112   12 17303.1700 14787.6971  14.5%   189 2520s
 21096 17268 16705.8955  142   14 17303.1700 14787.7670  14.5%   189 2542s
 21297 17341 17152.6587  148   19 17303.1700 14789.7036  14.5%   189 2561s
*21390 17184             150    17209.150000 14791.2470  14.1%   190 2580s
 21489 17294 15860.4079   78   51 17209.1500 14791.8093  14.0%   190 2601s
 21631 17384     cutoff  143      17209.1500 14793.8472  14.0%   190 2622s
 21731 17423 15042.5409   38  470 17209.1500 14796.7945  14.0%   191 2641s
 21770 17513 15186.4966   44  396 17209.1500 14796.7945  14.0%   191 2659s
 21827 17513 15140.9183   41  391 17209.1500 14796.7945  14.0%   192 2660s
 21860 17712 15513.5349   73  194 17209.1500 14797.7232  14.0%   192 2686s
 22091 17936 16704.2867  153   20 17209.1500 14798.4510  14.0%   192 2712s
 22342 18053 17080.7733  160   15 17209.1500 14799.3715  14.0%   191 2734s
 22368 18059 15429.4363   44  180 17209.1500 14799.3715  14.0%   191 2735s
 22587 18182     cutoff  162      17209.1500 14800.8339  14.0%   191 2920s
 22718 18294 14977.9068   32  413 17209.1500 14801.2778  14.0%   191 2940s
 22851 18407 15936.1068   86  160 17209.1500 14801.9321  14.0%   191 2960s
 22992 18414 15597.1276   59  247 17209.1500 14802.4542  14.0%   191 2987s
 23000 18524 15619.6138   60  259 17209.1500 14804.3795  14.0%   191 3005s
 23122 18745 15223.7757   45  323 17209.1500 14805.7561  14.0%   192 3026s
 23382 18801     cutoff  162      17209.1500 14806.7273  14.0%   191 3048s
 23446 18953 15121.4714   40  229 17209.1500 14806.9253  14.0%   192 3070s
 23618 19097 16081.8125   69   30 17209.1500 14806.9862  14.0%   192 3093s
 23797 19100 15290.9071   42  303 17209.1500 14807.1284  14.0%   192 3095s
 23806 19209     cutoff  115      17209.1500 14808.1231  14.0%   192 3114s
 23834 19209 15551.1202   51  307 17209.1500 14808.6858  13.9%   193 3115s
 23945 19341 15411.4326   58  299 17209.1500 14808.7535  13.9%   193 3134s
 23963 19341 16136.6674   76  128 17209.1500 14808.7535  13.9%   193 3135s
 24110 19470 15076.7418   39  405 17209.1500 14810.3398  13.9%   193 3158s
 24276 19584     cutoff  140      17209.1500 14810.8193  13.9%   193 3179s
 24344 19585 16505.1774  107   73 17209.1500 14810.8987  13.9%   193 3180s
 24400 19695     cutoff  138      17209.1500 14810.9934  13.9%   193 3199s
 24523 19781 15092.8806   43  396 17209.1500 14811.3594  13.9%   193 3219s
 24562 19781 15097.9401   40  327 17209.1500 14811.3594  13.9%   194 3220s
 24608 20004 15698.4841   62  181 17209.1500 14811.6962  13.9%   194 3243s
 24700 20004 16779.5336  102  107 17209.1500 14811.6962  13.9%   194 3245s
 24884 20143 15000.2538   38  328 17209.1500 14812.7233  13.9%   194 3265s
 25045 20304 15260.0678   29  348 17209.1500 14812.7637  13.9%   194 3287s
 25222 20370 15318.3563   45  148 17209.1500 14812.7637  13.9%   194 3310s
 25302 20523 15389.2889   54  154 17209.1500 14813.7698  13.9%   194 3331s
 25514 20594 17085.4300  115    - 17209.1500 14814.7809  13.9%   193 3351s
 25582 20686     cutoff  115      17209.1500 14815.0947  13.9%   194 3372s
*25583 20599             115    17193.430000 14815.0947  13.8%   194 3373s
*25587 20181             115    17097.430000 14815.0947  13.3%   194 3373s
