




arguments: ./build/mirp_solver -f ./input/orig_exec_364.cfg
Current dir: /scratch/gui/bnc_mirp
File verbosity level: 9
date       time         ( uptime  ) [ thread name/id ]                   file:line     v| 
2021-01-26 01:44:03.076 (   0.174s) [main thread     ]             loguru.cpp:789   INFO| Logging to './output/vi_lex_quarter/OU/V4/Original/execution_26_01_2021_01_44_03.log', mode: 'a', verbosity: 9
--------------------------------------------------------------------------------
Parameters
                           instance_path           ./input/Instances/Original/4/
                            model_policy                                       1
                             nb_vehicles                                       4
                              output_dir ./output/vi_lex_quarter/OU/V4/Original/
                            sec_strategy                                       1
                       solver_nb_threads                                       2
                         solver_show_log                                    true
                       solver_time_limit                                    3600
                              use_vi_cos                                   false
                              use_vi_cus                                   false
                         use_vi_hc1_full                                   false
                         use_vi_hc1_half                                   false
                      use_vi_hc1_quarter                                   false
                              use_vi_hc2                                   false
                              use_vi_hc3                                   false
                         use_vi_lex_full                                   false
                         use_vi_lex_half                                   false
                      use_vi_lex_quarter                                    true
                              use_vi_qua                                   false
                               use_vi_vc                                   false
                               use_vi_vr                                   false
--------------------------------------------------------------------------------
executing instance: ./input/Instances/Original/4/absH3low_3n30.dat
--------------------------------------------------------------------------------
Instance details
n	31
H	3
C	2841
Li:
[0, 0, 0, 0, 0, 0, 0, 0, 0, 0, 0, 0, 0, 0, 0, 0, 0, 0, 0, 0, 0, 0, 0, 0, 0, 0, 0, 0, 0, 0, 0, ]
Ui:
[0, 246, 98, 54, 144, 171, 192, 180, 165, 98, 122, 198, 297, 144, 130, 129, 219, 138, 142, 150, 108, 66, 64, 285, 180, 204, 276, 168, 240, 198, 122, ]
Distance matrix:
|0	172	56	166	260	198	42	197	296	110	91	112	238	275	323	183	330	232	175	181	162	191	232	280	201	139	356	185	266	216	26	|
|172	0	178	223	320	335	153	355	444	62	231	99	333	376	214	352	176	235	194	106	47	41	353	161	299	175	225	43	326	374	153	|
|56	178	0	110	204	162	93	233	336	125	144	148	187	226	358	180	313	284	123	152	182	185	282	252	256	88	329	177	210	251	42	|
|166	223	110	0	102	150	199	327	431	194	253	237	113	156	431	228	296	386	44	140	248	208	389	218	366	48	287	200	108	344	148	|
|260	320	204	102	0	156	296	391	493	296	340	339	66	90	531	263	362	486	127	226	349	300	469	278	454	148	334	292	6	406	245	|
|198	335	162	150	156	0	239	255	351	286	245	307	93	106	518	111	442	423	194	280	344	335	349	367	352	182	437	327	158	266	199	|
|42	153	93	199	296	239	0	203	296	91	82	76	278	316	284	217	322	191	201	186	133	180	217	281	177	165	356	175	302	222	52	|
|197	355	233	327	391	255	203	0	104	294	125	266	340	361	436	151	524	276	352	377	330	383	109	477	146	319	553	377	395	19	222	|
|296	444	336	431	493	351	296	104	0	384	214	348	440	456	488	241	617	315	456	476	412	475	113	575	176	422	651	470	497	88	322	|
|110	62	125	194	296	286	91	294	384	0	171	55	298	340	238	292	233	210	176	118	58	91	298	201	248	148	273	87	302	313	94	|
|91	231	144	253	340	245	82	125	214	171	0	141	307	339	324	184	403	187	266	266	204	261	140	363	114	230	438	256	346	144	116	|
|112	99	148	237	339	307	76	266	348	55	141	0	332	373	212	292	275	156	225	173	64	137	254	253	200	194	322	135	345	284	108	|
|238	333	187	113	66	93	278	340	440	298	307	332	0	43	536	203	404	469	153	253	354	321	427	322	420	160	385	313	67	353	229	|
|275	376	226	156	90	106	316	361	456	340	339	373	43	0	578	216	443	507	194	295	397	364	453	361	451	203	421	356	88	372	268	|
|323	214	358	431	531	518	284	436	488	238	324	212	536	578	0	498	309	176	407	320	183	245	376	344	312	383	379	251	537	451	319	|
|183	352	180	228	263	111	217	151	241	292	184	292	203	216	498	0	492	371	266	328	345	364	255	426	272	242	501	356	266	159	198	|
|330	176	313	296	362	442	322	524	617	233	403	275	404	443	309	492	0	397	253	164	218	142	529	84	475	260	72	147	367	543	306	|
|232	235	284	386	486	423	191	276	315	210	187	156	469	507	176	371	397	0	379	327	188	276	202	396	139	346	456	277	492	289	242	|
|175	194	123	44	127	194	201	352	456	176	266	225	153	194	407	266	253	379	0	101	225	174	405	174	375	36	244	166	133	370	152	|
|181	106	152	140	226	280	186	377	476	118	266	173	253	295	320	328	164	327	101	0	148	76	403	100	360	98	177	69	232	396	155	|
|162	47	182	248	349	344	133	330	412	58	204	64	354	397	183	345	218	188	225	148	0	89	316	208	259	201	270	90	355	348	149	|
|191	41	185	208	300	335	180	383	475	91	261	137	321	364	245	364	142	276	174	76	89	0	388	119	336	162	185	8	306	402	169	|
|232	353	282	389	469	349	217	109	113	298	140	254	427	453	376	255	529	202	405	403	316	388	0	497	64	369	570	384	474	112	256	|
|280	161	252	218	278	367	281	477	575	201	363	253	322	361	344	426	84	396	174	100	208	119	497	0	449	187	77	119	283	496	255	|
|201	299	256	366	454	352	177	146	176	248	114	200	420	451	312	272	475	139	375	360	259	336	64	449	0	339	521	333	460	156	223	|
|139	175	88	48	148	182	165	319	422	148	230	194	160	203	383	242	260	346	36	98	201	162	369	187	339	0	260	153	154	337	116	|
|356	225	329	287	334	437	356	553	651	273	438	322	385	421	379	501	72	456	244	177	270	185	570	77	521	260	0	187	338	572	331	|
|185	43	177	200	292	327	175	377	470	87	256	135	313	356	251	356	147	277	166	69	90	8	384	119	333	153	187	0	298	396	163	|
|266	326	210	108	6	158	302	395	497	302	346	345	67	88	537	266	367	492	133	232	355	306	474	283	460	154	338	298	0	410	251	|
|216	374	251	344	406	266	222	19	88	313	144	284	353	372	451	159	543	289	370	396	348	402	112	496	156	337	572	396	410	0	241	|
|26	153	42	148	245	199	52	222	322	94	116	108	229	268	319	198	306	242	152	155	149	169	256	255	223	116	331	163	251	241	0	|

--------------------------------------------------------------------------------
Building model...
	using lazy and cut (CVRPSEP package)
Solving IRP LP...
--------------------------------------------------------------------------------

Gurobi 9.1.0 (linux64) logging started Tue Jan 26 01:44:04 2021

Gurobi Optimizer version 9.1.0 build v9.1.0rc0 (linux64)
Thread count: 32 physical cores, 32 logical processors, using up to 2 threads
Optimize a model with 1060 rows, 6436 columns and 15310 nonzeros
Model fingerprint: 0x2356145d
Variable types: 484 continuous, 5952 integer (372 binary)
Coefficient statistics:
  Matrix range     [1e+00, 7e+02]
  Objective range  [1e-02, 7e+02]
  Bounds range     [1e+00, 3e+02]
  RHS range        [3e+01, 5e+03]
Presolve removed 124 rows and 31 columns
Presolve time: 0.03s
Presolved: 936 rows, 6405 columns, 14495 nonzeros
Variable types: 453 continuous, 5952 integer (5592 binary)

Root relaxation: objective 2.396539e+03, 1150 iterations, 0.03 seconds

    Nodes    |    Current Node    |     Objective Bounds      |     Work
 Expl Unexpl |  Obj  Depth IntInf | Incumbent    BestBd   Gap | It/Node Time

     0     0 2396.53937    0   96          - 2396.53937      -     -    0s
     0     0 2601.65237    0  128          - 2601.65237      -     -    0s
     0     0 2602.97395    0  122          - 2602.97395      -     -    0s
     0     0 3151.65881    0  192          - 3151.65881      -     -    0s
     0     0 3216.02142    0  207          - 3216.02142      -     -    0s
     0     0 3216.50924    0  184          - 3216.50924      -     -    0s
     0     0 3216.52582    0  182          - 3216.52582      -     -    0s
     0     0 3324.90003    0  211          - 3324.90003      -     -    0s
     0     0 3351.39276    0  218          - 3351.39276      -     -    0s
     0     0 3358.27466    0  225          - 3358.27466      -     -    1s
     0     0 3364.31125    0  225          - 3364.31125      -     -    1s
     0     0 3364.42807    0  221          - 3364.42807      -     -    1s
     0     0 3457.86286    0  258          - 3457.86286      -     -    1s
     0     0 3462.55817    0  237          - 3462.55817      -     -    1s
     0     0 3463.45076    0  249          - 3463.45076      -     -    1s
     0     0 3544.13523    0  283          - 3544.13523      -     -    1s
     0     0 3551.65445    0  305          - 3551.65445      -     -    1s
     0     0 3555.79786    0  301          - 3555.79786      -     -    1s
     0     0 3558.35356    0  282          - 3558.35356      -     -    1s
     0     0 3559.78909    0  271          - 3559.78909      -     -    1s
     0     0 3559.96876    0  347          - 3559.96876      -     -    2s
     0     0 3569.47619    0  352          - 3569.47619      -     -    2s
     0     0 3572.58751    0  320          - 3572.58751      -     -    2s
     0     0 3573.48393    0  348          - 3573.48393      -     -    2s
     0     0 3577.02237    0  318          - 3577.02237      -     -    2s
     0     0 3577.02237    0  271          - 3577.02237      -     -    2s
     0     2 3577.88642    0  271          - 3577.88642      -     -    3s
    44    43 3644.89068   12  220          - 3578.74041      -   271    5s
   160   169 4202.26059   38  162          - 3578.74041      -   261   10s
   536   488 3801.39217    7  355          - 3579.06530      -   129   15s
   600   556 4137.31981   19  198          - 3579.06530      -   151   20s
   770   714 4276.10118   27  269          - 3579.06530      -   144   25s
   795   731 3745.38661   13  461          - 3745.38661      -   139   30s
   824   750 4320.08211   26  517          - 3753.62528      -   134   35s
   860   774 6752.86098  139  487          - 3760.14627      -   129   40s
H  894   757                    6758.0100000 3765.27076  44.3%   138   45s
H  894   719                    6710.0100000 3765.27076  43.9%   138   45s
   918   738 3815.52707   22  404 6710.01000 3774.14641  43.8%   145   50s
H  939   712                    6293.0100000 3807.35305  39.5%   152   52s
   965   731 3893.25158   35  424 6293.01000 3816.03447  39.4%   161   55s
  1002   759 4049.68860   44  356 6293.01000 3816.03447  39.4%   174   60s
  1079   814 4331.24558   61  280 6293.01000 3816.03447  39.4%   186   65s
  1188   884 4709.66611   94  212 6293.01000 3816.03447  39.4%   189   70s
H 1189   849                    5847.6900000 3816.03447  34.7%   189   70s
  1340   987 5406.58236  140  142 5847.69000 3816.03447  34.7%   183   75s
  1515  1016 3986.80868   28  195 5847.69000 3819.79196  34.7%   175   80s
  1577  1075 4273.43146   40  124 5847.69000 3819.79196  34.7%   185   85s
  1695  1172 4885.81692   60   27 5847.69000 3819.79196  34.7%   185   90s
  1908  1305 3958.90728   31  445 5847.69000 3822.74939  34.6%   174   96s
  1974  1287 4116.10829   33  311 5847.69000 3822.74939  34.6%   172  101s
  2040  1322 4154.78899   35  231 5847.69000 3822.74939  34.6%   170  105s
  2086  1366 4311.10057   43  312 5847.69000 3822.74939  34.6%   174  110s
* 2154  1349             104    5806.2000000 3822.74939  34.2%   173  112s
  2201  1363 4404.19485   54  190 5806.20000 3822.74939  34.2%   172  115s
  2304  1414 4761.27632   81   98 5806.20000 3822.74939  34.2%   172  121s
  2319  1478 4944.22386   82   95 5806.20000 3822.74939  34.2%   172  125s
  2509  1515 4091.85365   30  321 5806.20000 3840.32023  33.9%   169  130s
  2620  1570 4227.01120   37  163 5806.20000 3840.32023  33.9%   170  136s
  2648  1608 4380.63110   46  195 5806.20000 3840.32023  33.9%   173  140s
  2765  1709 4947.42000   93    - 5806.20000 3840.32023  33.9%   173  145s
  2904  1743 5054.01000   95    - 5806.20000 3844.36305  33.8%   170  150s
  2939  1778 5098.05398   95   22 5806.20000 3865.20050  33.4%   171  155s
* 2945  1253             101    5185.1500000 3865.20050  25.5%   171  156s
  3009  1264 3995.97160   33  454 5185.15000 3865.20050  25.5%   169  160s
  3071  1331 4655.08416   56   90 5185.15000 3870.05082  25.4%   171  165s
  3157  1373 4172.89108   35  282 5185.15000 3870.05082  25.4%   173  170s
  3211  1421 4231.71005   42  437 5185.15000 3870.05082  25.4%   176  175s
  3260  1515 4454.62350   51  377 5185.15000 3870.05082  25.4%   179  180s
  3364  1583 4791.32030   66  265 5185.15000 3870.05082  25.4%   180  186s
  3455  1640 4511.77070   32  234 5185.15000 3888.87353  25.0%   182  193s
  3489  1665 4050.01711   27  433 5185.15000 3888.87353  25.0%   184  195s
  3554  1756 4698.74699   59  303 5185.15000 3893.27466  24.9%   187  202s
  3618  1812 4111.13580   26  431 5185.15000 3893.27466  24.9%   187  206s
  3706  1852 4568.41683   44  196 5185.15000 3893.91583  24.9%   186  210s
  3788  1913 4968.87751   61  187 5185.15000 3896.36507  24.9%   190  217s
  3827  1959 4416.56674   42  317 5185.15000 3899.41473  24.8%   191  221s
  3892  1983 4050.75309   31  372 5185.15000 3899.41473  24.8%   192  225s
  3932  2002 4635.17357   44  237 5185.15000 3900.95561  24.8%   194  231s
  3963  2076 4106.93892   26  303 5185.15000 3905.46229  24.7%   194  235s
  4058  2111 3957.26769   32  509 5185.15000 3906.30776  24.7%   194  240s
  4093  2189 4435.19770   47  300 5185.15000 3906.44774  24.7%   196  247s
  4191  2288 4344.90832   46  207 5185.15000 3910.32913  24.6%   195  253s
  4315  2320     cutoff   86      5185.15000 3912.59460  24.5%   194  259s
H 4317  1694                    4875.1700000 3912.59460  19.7%   194  259s
H 4363  1701                    4870.1500000 3912.67011  19.7%   196  264s
  4391  1737 4497.40645   49  243 4870.15000 3913.07580  19.7%   198  269s
  4441  1784 4217.20089   36  430 4870.15000 3914.68997  19.6%   200  274s
  4467  1784 4584.95402   46  264 4870.15000 3914.71078  19.6%   201  275s
  4522  1825 4210.66035   31  381 4870.15000 3914.76115  19.6%   201  280s
  4571  1865 4178.00043   35  230 4870.15000 3915.03054  19.6%   203  298s
  4641  1924 4319.29201   31  135 4870.15000 3918.49908  19.5%   205  304s
  4700  1999 4530.97244   47  120 4870.15000 3918.51329  19.5%   207  310s
H 4787  1994                    4867.1500000 3919.67078  19.5%   206  315s
  4831  2077 4370.23617   38  280 4867.15000 3919.80155  19.5%   206  322s
  4956  2144     cutoff   58      4867.15000 3923.12363  19.4%   206  329s
  5044  2206 4291.79870   29  190 4867.15000 3927.16255  19.3%   207  341s
H 5068  2102                    4825.2900000 3927.16255  18.6%   208  341s
  5130  2147     cutoff   43      4825.29000 3931.31240  18.5%   208  347s
  5205  2207 4332.76217   33  228 4825.29000 3931.31240  18.5%   210  358s
  5273  2284 4727.86604   51  137 4825.29000 3932.80942  18.5%   213  365s
  5406  2347 4399.12594   38  235 4825.29000 3938.34982  18.4%   213  373s
  5505  2416 4173.83945   27  378 4825.29000 3943.36386  18.3%   215  380s
  5607  2475 4362.40652   37  354 4825.29000 3945.15355  18.2%   216  388s
  5697  2536 4788.03022   44  271 4825.29000 3947.63533  18.2%   218  396s
  5790  2620 4732.90497   40  181 4825.29000 3955.23312  18.0%   220  404s
  5909  2681 4111.65734   31  488 4825.29000 3957.77189  18.0%   221  413s
H 5945  2529                    4782.2900000 3957.77189  17.2%   222  413s
  5989  2607 4291.97293   35  165 4782.29000 3958.91458  17.2%   223  423s
  6115  2670 4347.12228   47  343 4782.29000 3959.12091  17.2%   225  432s
  6222  2748 4298.88745   35  359 4782.29000 3960.74901  17.2%   226  444s
  6281  2748 4476.10247   42  344 4782.29000 3969.27716  17.0%   227  445s
  6352  2838 4141.39900   32  356 4782.29000 3972.39710  16.9%   227  454s
  6476  2937 4289.09470   46  235 4782.29000 3973.79797  16.9%   228  464s
  6619  3014 4212.49587   32  393 4782.29000 3976.83769  16.8%   229  473s
  6734  3097 4054.29303   35  417 4782.29000 3982.43934  16.7%   230  492s
  6845  3161 4430.67325   43  359 4782.29000 3985.22356  16.7%   232  503s
  6941  3204     cutoff   43      4782.29000 3986.37841  16.6%   233  513s
  7038  3281 4356.13810   36  228 4782.29000 3988.20027  16.6%   235  523s
  7172  3361 4270.64892   33  185 4782.29000 3990.09149  16.6%   236  533s
  7312  3475 4408.00953   34  247 4782.29000 3996.30529  16.4%   237  546s
  7488  3576 4688.49235   40  130 4782.29000 3997.66325  16.4%   237  560s
  7649  3662     cutoff   49      4782.29000 4004.48682  16.3%   238  572s
  7808  3759     cutoff   56      4782.29000 4007.15255  16.2%   239  586s
H 7949  3808                    4777.2900000 4011.07603  16.0%   240  599s
  8071  3871 4634.32966   47  225 4777.29000 4015.09266  16.0%   242  612s
  8202  3962 4311.27929   31  319 4777.29000 4018.36115  15.9%   244  625s
  8338  4051     cutoff   44      4777.29000 4021.27738  15.8%   246  638s
  8520  4188     cutoff   54      4777.29000 4027.96010  15.7%   247  652s
  8738  4289 4434.25436   33  308 4777.29000 4029.30216  15.7%   246  665s
  8911  4400 4409.98931   41  266 4777.29000 4031.77362  15.6%   247  679s
  9074  4552 4347.18935   42  238 4777.29000 4035.48192  15.5%   248  693s
  9306  4714     cutoff   52      4777.29000 4037.21684  15.5%   247  707s
  9566  4812 4288.74237   32  395 4777.29000 4041.47974  15.4%   246  721s
  9715  4917 4409.59449   32  277 4777.29000 4044.09594  15.3%   247  734s
  9869  4980 4679.63455   50  275 4777.29000 4046.75791  15.3%   248  747s
H 9923  4487                    4715.9000000 4046.75791  14.2%   249  748s
  9977  4594 4443.17452   37  256 4715.90000 4048.14971  14.2%   250  761s
 10166  4696 4440.89115   36  311 4715.90000 4050.82552  14.1%   250  775s
 10317  4772 4711.06041   46  133 4715.90000 4051.20386  14.1%   251  789s
 10481  4877 4250.64882   33  291 4715.90000 4053.61031  14.0%   252  802s
 10646  4967 4291.21695   41  464 4715.90000 4056.66393  14.0%   253  816s
 10783  5050 4539.23152   36  275 4715.90000 4058.65989  13.9%   254  829s
 10953  5155 4265.26163   30  348 4715.90000 4064.02640  13.8%   255  844s
 11112  5155 4677.97404   59   87 4715.90000 4067.78284  13.7%   255  845s
 11128  5295 4391.07373   34  325 4715.90000 4067.98698  13.7%   255  858s
 11340  5395 4352.01352   38  239 4715.90000 4069.19850  13.7%   255  872s
 11523  5488 4675.24068   50  254 4715.90000 4073.18216  13.6%   256  886s
 11695  5552 4382.46376   38  298 4715.90000 4076.34649  13.6%   257  900s
 11834  5681 4541.90353   44  210 4715.90000 4078.35162  13.5%   258  913s
 12042  5774 4248.45263   33  258 4715.90000 4082.78999  13.4%   258  927s
 12182  5865 4600.29802   31  214 4715.90000 4084.04528  13.4%   259  941s
 12379  5960 4279.42751   42  290 4715.90000 4087.31871  13.3%   259  955s
 12525  6037 4646.41684   47  178 4715.90000 4089.86050  13.3%   261  969s
 12688  6136 4307.62255   36  404 4715.90000 4091.14633  13.2%   261  983s
 12859  6192 4701.32781   45  189 4715.90000 4092.40092  13.2%   262 1000s
 12962  6292 4619.39843   53  224 4715.90000 4092.85976  13.2%   263 1014s
 13140  6403 4590.21004   38  286 4715.90000 4094.25884  13.2%   264 1028s
 13317  6506 4412.99961   38  256 4715.90000 4097.09329  13.1%   264 1042s
 13540  6599 4665.32408   56  361 4715.90000 4098.52755  13.1%   264 1056s
 13739  6651     cutoff   51      4715.90000 4100.06306  13.1%   264 1112s
H13774  5542                    4636.5800000 4101.29092  11.5%   264 1112s
 13805  5622 4471.10041   34  403 4636.58000 4102.06598  11.5%   264 1126s
 13986  5710 4347.45921   44  286 4636.58000 4105.28306  11.5%   265 1142s
 14198  5840 4262.19793   40  331 4636.58000 4107.48671  11.4%   265 1157s
 14434  5923 4378.32546   45  224 4636.58000 4110.66800  11.3%   265 1172s
 14602  5992 4473.88305   40  384 4636.58000 4112.36371  11.3%   266 1187s
 14771  6063     cutoff   42      4636.58000 4114.31816  11.3%   267 1202s
 14940  6130     cutoff   47      4636.58000 4115.23481  11.2%   267 1216s
 15067  6222     cutoff   44      4636.58000 4116.31119  11.2%   269 1231s
 15268  6282 4525.37256   49  280 4636.58000 4118.54694  11.2%   269 1245s
 15436  6359 4564.45014   40  267 4636.58000 4119.38620  11.2%   270 1260s
 15656  6447 4402.06577   37  335 4636.58000 4122.07602  11.1%   270 1275s
 15850  6505 4519.08563   50  214 4636.58000 4124.31761  11.0%   270 1291s
 16049  6623 4275.94211   34  326 4636.58000 4125.69716  11.0%   271 1307s
 16262  6716 4462.16683   40  332 4636.58000 4127.85429  11.0%   271 1322s
 16447  6847 4304.83474   33  342 4636.58000 4129.50533  10.9%   271 1337s
 16656  6913 4541.84161   42  147 4636.58000 4130.51434  10.9%   271 1352s
 16835  6983 4386.91131   37  312 4636.58000 4132.21250  10.9%   272 1367s
 17027  7112 4523.49301   41  311 4636.58000 4133.75080  10.8%   273 1382s
 17254  7179 4281.71248   31  429 4636.58000 4136.20921  10.8%   272 1397s
H17323  6607                    4603.4100000 4137.12290  10.1%   272 1398s
 17383  6680 4327.83939   33  389 4603.41000 4137.23111  10.1%   273 1413s
 17585  6771 4542.22266   35  191 4603.41000 4138.98617  10.1%   273 1428s
 17787  6831 4428.63275   38  199 4603.41000 4141.53313  10.0%   273 1443s
 17960  6896     cutoff   41      4603.41000 4142.53876  10.0%   274 1458s
 18163  6962 4517.36301   39  169 4603.41000 4144.89065  10.0%   274 1473s
 18355  7020 4505.92500   32  279 4603.41000 4146.09430  9.93%   275 1488s
 18517  7098 4463.79671   34  198 4603.41000 4148.98318  9.87%   276 1503s
 18719  7207 4493.80628   39  223 4603.41000 4151.16936  9.82%   276 1518s
 18946  7280     cutoff   38      4603.41000 4153.02226  9.78%   276 1533s
 19134  7360 4246.99732   34  327 4603.41000 4155.41517  9.73%   276 1549s
 19310  7437     cutoff   58      4603.41000 4156.30521  9.71%   277 1564s
 19397  7437 4456.36890   34  225 4603.41000 4157.49984  9.69%   277 1565s
 19486  7548     cutoff   44      4603.41000 4158.19241  9.67%   277 1580s
 19717  7616     cutoff   44      4603.41000 4160.87969  9.61%   277 1596s
 19901  7678     cutoff   50      4603.41000 4162.58397  9.58%   277 1610s
 20069  7735 4293.70567   38  357 4603.41000 4163.87815  9.55%   278 1625s
 20226  7806     cutoff   35      4603.41000 4164.74981  9.53%   278 1640s
 20372  7905     cutoff   44      4603.41000 4165.41693  9.51%   279 1656s
 20598  7976 4280.17466   42  356 4603.41000 4167.12521  9.48%   279 1670s
 20774  8066 4476.54738   43  215 4603.41000 4168.15384  9.46%   280 1686s
 20982  8120     cutoff   48      4603.41000 4169.59441  9.42%   280 1701s
 21151  8221 4408.87899   36  213 4603.41000 4172.18473  9.37%   281 1716s
 21406  8300 4378.40053   28  365 4603.41000 4174.05457  9.33%   280 1731s
 21605  8371 4360.96743   40  265 4603.41000 4176.02422  9.28%   281 1746s
 21784  8448 4485.11059   34  196 4603.41000 4177.50150  9.25%   281 1761s
 21982  8541 4415.78408   36  265 4603.41000 4180.10432  9.20%   281 1779s
 22189  8608 4441.20552   38  232 4603.41000 4182.03518  9.15%   281 1794s
 22294  8608     cutoff   39      4603.41000 4183.00765  9.13%   281 1795s
 22389  8659 4451.32661   44  352 4603.41000 4183.18141  9.13%   281 1809s
 22497  8659 4360.08316   41  375 4603.41000 4184.19391  9.11%   281 1810s
 22598  8725 4555.47390   50  159 4603.41000 4184.40219  9.10%   282 1825s
 22818  8788     cutoff   40      4603.41000 4185.61250  9.08%   282 1840s
 23024  8869 4574.36481   40  290 4603.41000 4186.39394  9.06%   282 1855s
 23248  8971 4361.24458   27  335 4603.41000 4187.49351  9.03%   281 1871s
 23448  9055 4365.21239   48  224 4603.41000 4188.14256  9.02%   282 1886s
 23660  9112 4391.63859   37  389 4603.41000 4189.66407  8.99%   282 1901s
 23829  9198 4289.99575   36  247 4603.41000 4190.75910  8.96%   282 1917s
 24006  9306 4257.96941   40  362 4603.41000 4191.73686  8.94%   282 1932s
 24258  9408 4341.47707   42  325 4603.41000 4193.24142  8.91%   282 1948s
 24469  9503     cutoff   39      4603.41000 4193.92648  8.90%   282 1964s
 24669  9503 4556.13779   48   92 4603.41000 4194.56916  8.88%   282 1965s
 24670  9576 4523.24836   42  237 4603.41000 4194.93231  8.87%   282 1979s
 24778  9576 4423.19954   40  205 4603.41000 4194.93231  8.87%   282 1980s
 24940  9661 4383.11666   33  360 4603.41000 4195.99107  8.85%   281 1995s
 25110  9720     cutoff   49      4603.41000 4196.65140  8.84%   282 2010s
 25309  9819 4316.78171   38  453 4603.41000 4198.17550  8.80%   282 2026s
 25519  9867 4445.09486   36  380 4603.41000 4199.02255  8.78%   282 2041s
 25665  9911     cutoff   35      4603.41000 4200.06266  8.76%   283 2056s
 25803  9970 4572.14528   41  308 4603.41000 4200.59611  8.75%   283 2071s
 25950 10048 4549.52184   31  226 4603.41000 4201.49893  8.73%   284 2086s
 26152 10113     cutoff   43      4603.41000 4202.33207  8.71%   284 2102s
 26345 10207     cutoff   50      4603.41000 4202.89067  8.70%   284 2117s
 26567 10279 4561.44280   38  200 4603.41000 4204.31707  8.67%   284 2132s
 26753 10367 4564.43263   47  169 4603.41000 4205.33627  8.65%   284 2148s
 26958 10443 4503.35373   37  249 4603.41000 4205.94360  8.63%   284 2164s
 27158 10531 4344.42014   40  137 4603.41000 4206.81190  8.62%   285 2180s
 27366 10611 4549.79153   38  386 4603.41000 4207.93761  8.59%   285 2195s
 27550 10688 4589.77445   46  233 4603.41000 4208.85935  8.57%   285 2210s
 27753 10741 4349.19746   34  284 4603.41000 4209.96811  8.55%   285 2226s
 27944 10834 4442.59501   42  206 4603.41000 4211.22997  8.52%   285 2240s
 28181 10923 4341.74346   39  409 4603.41000 4212.11455  8.50%   285 2256s
 28370 11012 4333.56068   31  179 4603.41000 4213.04969  8.48%   285 2271s
 28568 11058 4516.37288   45  156 4603.41000 4213.91462  8.46%   286 2286s
 28776 11119 infeasible   43      4603.41000 4215.28088  8.43%   286 2301s
 28958 11180 4487.88230   37  278 4603.41000 4215.96371  8.42%   286 2316s
 29180 11255 4406.24664   36  414 4603.41000 4217.62187  8.38%   286 2331s
 29365 11356 4394.06549   32  288 4603.41000 4218.41567  8.36%   286 2346s
 29608 11449 4472.07536   49  158 4603.41000 4219.29577  8.34%   286 2363s
 29841 11502     cutoff   45      4603.41000 4220.31734  8.32%   286 2378s
 30027 11555 4568.11118   43  105 4603.41000 4221.59267  8.29%   286 2399s
 30169 11595 4528.90681   40  221 4603.41000 4222.08828  8.28%   286 2417s
 30313 11631 4418.33329   35  391 4603.41000 4222.65240  8.27%   286 2436s
 30462 11717     cutoff   40      4603.41000 4223.44652  8.25%   287 2451s
 30677 11794     cutoff   41      4603.41000 4224.24909  8.24%   287 2467s
 30926 11864 4571.89259   43  247 4603.41000 4225.25923  8.21%   286 2483s
 31128 11932 4444.13410   33  329 4603.41000 4225.73228  8.20%   286 2499s
 31345 12019 4449.87683   39  403 4603.41000 4226.25485  8.19%   286 2515s
 31579 12078 4391.10179   37  292 4603.41000 4227.02999  8.18%   286 2532s
 31785 12143 4470.10485   40  272 4603.41000 4227.65991  8.16%   286 2547s
 32004 12252 4280.34160   31  325 4603.41000 4228.60130  8.14%   286 2563s
 32228 12338 4425.53582   44  215 4603.41000 4229.16877  8.13%   286 2586s
 32426 12437 4569.30640   48  289 4603.41000 4230.13292  8.11%   286 2602s
 32693 12501 4416.60407   41  297 4603.41000 4231.29755  8.08%   286 2618s
 32874 12572 4431.65680   38  338 4603.41000 4231.84809  8.07%   286 2634s
 33071 12651     cutoff   43      4603.41000 4232.58832  8.06%   287 2650s
 33256 12707     cutoff   42      4603.41000 4233.27430  8.04%   287 2665s
 33492 12765     cutoff   44      4603.41000 4234.07165  8.02%   287 2680s
 33672 12806     cutoff   36      4603.41000 4234.69139  8.01%   287 2695s
 33853 12867 4525.93090   37  331 4603.41000 4235.43931  7.99%   287 2710s
 34055 12942 4548.15857   44  205 4603.41000 4236.21311  7.98%   287 2725s
 34256 12997     cutoff   41      4603.41000 4237.05733  7.96%   287 2740s
 34455 13059     cutoff   43      4603.41000 4237.77453  7.94%   288 2756s
 34665 13138 4343.04002   37  453 4603.41000 4238.60275  7.92%   288 2771s
 34892 13223 4406.81784   33  290 4603.41000 4239.34076  7.91%   288 2787s
 35160 13290 4509.00817   42  361 4603.41000 4240.27864  7.89%   287 2803s
 35353 13363 4510.60376   40  127 4603.41000 4240.89399  7.87%   287 2818s
 35585 13434 4429.88240   39  402 4603.41000 4241.79468  7.86%   287 2836s
 35787 13494     cutoff   48      4603.41000 4242.82946  7.83%   287 2852s
 35970 13573 4345.48107   37  363 4603.41000 4243.70991  7.81%   288 2867s
 36166 13694 4592.32136   38  336 4603.41000 4244.19852  7.80%   288 2882s
 36419 13755 4391.63099   39  465 4603.41000 4245.05626  7.78%   288 2899s
 36616 13825 4269.99847   38  428 4603.41000 4245.73740  7.77%   288 2915s
 36802 13869     cutoff   44      4603.41000 4246.05115  7.76%   288 2930s
 36990 13947 4348.26234   37  339 4603.41000 4246.86355  7.75%   288 2946s
 37214 13989     cutoff   43      4603.41000 4247.77126  7.73%   288 2962s
 37439 14054 4436.67536   42  347 4603.41000 4248.67194  7.71%   288 2978s
 37644 14093 4349.62783   36  283 4603.41000 4249.05001  7.70%   288 2995s
 37799 14137 4414.14001   37  381 4603.41000 4250.05629  7.68%   288 3010s
 37965 14203 4558.76917   41  275 4603.41000 4250.56302  7.66%   288 3026s
 38055 14203 4501.41702   32  337 4603.41000 4251.49047  7.64%   288 3057s
 38185 14309 4550.30915   49  279 4603.41000 4251.57653  7.64%   288 3073s
 38419 14356 4462.01035   40  260 4603.41000 4252.17102  7.63%   288 3089s
 38633 14492 4426.86195   40  247 4603.41000 4252.97531  7.61%   288 3105s
 38927 14553     cutoff   60      4603.41000 4253.63183  7.60%   288 3121s
 39125 14612 4580.73611   55  268 4603.41000 4254.41074  7.58%   288 3136s
 39337 14674 4439.12470   44  284 4603.41000 4255.01375  7.57%   288 3152s
 39552 14728 4539.50733   42  285 4603.41000 4255.57698  7.56%   288 3167s
 39738 14784 4568.03930   41  340 4603.41000 4256.36761  7.54%   288 3183s
 39944 14868 4398.10413   40  242 4603.41000 4256.71705  7.53%   288 3198s
 40171 14913 4532.30095   39  177 4603.41000 4257.48946  7.51%   288 3215s
 40416 15011 4454.20574   44  310 4603.41000 4258.20388  7.50%   288 3231s
 40650 15070 4493.97580   38  315 4603.41000 4258.92858  7.48%   288 3246s
 40857 15173     cutoff   38      4603.41000 4259.43158  7.47%   288 3262s
 40967 15173 4428.55805   35  239 4603.41000 4260.09071  7.46%   288 3275s
 41094 15249 4539.37612   40  222 4603.41000 4260.18261  7.46%   287 3290s
 41300 15303 4536.87807   45  290 4603.41000 4260.86347  7.44%   288 3305s
 41501 15327 4576.76309   34  354 4603.41000 4261.65517  7.42%   288 3321s
 41704 15393 4385.40438   34  322 4603.41000 4262.08661  7.41%   288 3337s
 41905 15456 4581.25228   46  262 4603.41000 4262.52922  7.40%   288 3352s
 42115 15550 4432.52673   37  316 4603.41000 4262.99003  7.39%   288 3368s
 42341 15620 4530.29675   37  336 4603.41000 4263.75555  7.38%   288 3383s
 42569 15698     cutoff   42      4603.41000 4264.27712  7.37%   288 3399s
 42785 15698 4598.76749   41  183 4603.41000 4265.22128  7.35%   288 3400s
 42802 15740 4532.71191   44  353 4603.41000 4265.25200  7.35%   288 3414s
 43018 15816     cutoff   45      4603.41000 4266.11084  7.33%   288 3429s
 43223 15816 4541.99474   46  141 4603.41000 4266.70462  7.31%   287 3430s
 43274 15876 4559.36894   42  269 4603.41000 4266.76082  7.31%   287 3444s
 43463 15949 4488.81276   40  277 4603.41000 4267.65045  7.29%   287 3461s
 43713 16013 4526.32379   38  339 4603.41000 4268.10024  7.28%   287 3477s
 43919 16093 4370.68788   37  344 4603.41000 4268.61630  7.27%   287 3504s
 44160 16140 4581.08225   45  296 4603.41000 4269.10886  7.26%   287 3522s
 44338 16222 4549.75723   37  395 4603.41000 4269.70893  7.25%   288 3537s
 44576 16319 4555.74302   41  337 4603.41000 4270.43705  7.23%   287 3553s
 44856 16377 4447.27858   36  186 4603.41000 4271.07215  7.22%   287 3569s
 45078 16422 4589.97597   42  271 4603.41000 4272.19462  7.20%   287 3584s
 45239 16478 4527.35424   48  243 4603.41000 4272.69602  7.18%   287 3600s

Cutting planes:
  User: 3265
  Gomory: 19
  Cover: 317
  Implied bound: 53
  Projected implied bound: 32
  Clique: 1
  MIR: 111
  StrongCG: 3
  Flow cover: 375
  Zero half: 14
  Network: 3
  RLT: 211
  Relax-and-lift: 14
  Lazy constraints: 590

Explored 45443 nodes (13070644 simplex iterations) in 3600.95 seconds
Thread count was 2 (of 32 available processors)

Solution count 10: 4603.41 4636.58 4715.9 ... 5185.15

Time limit reached
Best objective 4.603410000000e+03, best bound 4.273091285325e+03, gap 7.1755%

User-callback calls 262843, time in user-callback 308.53 sec
================================================================================
executing instance: ./input/Instances/Original/4/absH3low_3n10.dat
--------------------------------------------------------------------------------
Instance details
n	11
H	3
C	687
Li:
[0, 0, 0, 0, 0, 0, 0, 0, 0, 0, 0, ]
Ui:
[0, 189, 44, 174, 78, 36, 198, 117, 42, 96, 240, ]
Distance matrix:
|0	209	255	286	142	156	285	317	182	161	135	|
|209	0	464	451	315	356	490	469	361	299	260	|
|255	464	0	221	202	130	74	280	189	254	273	|
|286	451	221	0	145	156	164	479	354	153	192	|
|142	315	202	145	0	73	194	388	250	53	73	|
|156	356	130	156	73	0	134	332	200	127	144	|
|285	490	74	164	194	134	0	353	256	239	267	|
|317	469	280	479	388	332	353	0	141	436	430	|
|182	361	189	354	250	200	256	141	0	296	289	|
|161	299	254	153	53	127	239	436	296	0	39	|
|135	260	273	192	73	144	267	430	289	39	0	|

--------------------------------------------------------------------------------
Building model...
	using lazy and cut (CVRPSEP package)
Solving IRP LP...
--------------------------------------------------------------------------------

Gurobi 9.1.0 (linux64) logging started Tue Jan 26 02:44:15 2021

Gurobi Optimizer version 9.1.0 build v9.1.0rc0 (linux64)
Thread count: 32 physical cores, 32 logical processors, using up to 2 threads
Optimize a model with 380 rows, 956 columns and 2720 nonzeros
Model fingerprint: 0xa5d2013e
Variable types: 164 continuous, 792 integer (132 binary)
Coefficient statistics:
  Matrix range     [1e+00, 2e+02]
  Objective range  [1e-02, 5e+02]
  Bounds range     [1e+00, 2e+02]
  RHS range        [2e+01, 1e+03]
Presolve removed 44 rows and 11 columns
Presolve time: 0.01s
Presolved: 336 rows, 945 columns, 2445 nonzeros
Variable types: 153 continuous, 792 integer (672 binary)
Found heuristic solution: objective 5349.2300000
Found heuristic solution: objective 5075.8500000

Root relaxation: objective 1.746329e+03, 585 iterations, 0.01 seconds

    Nodes    |    Current Node    |     Objective Bounds      |     Work
 Expl Unexpl |  Obj  Depth IntInf | Incumbent    BestBd   Gap | It/Node Time

     0     0 1746.32912    0   52 5075.85000 1746.32912  65.6%     -    0s
     0     0 2072.79015    0   50 5075.85000 2072.79015  59.2%     -    0s
H    0     0                    4867.5900000 2072.79015  57.4%     -    0s
     0     0 2139.84734    0   47 4867.59000 2139.84734  56.0%     -    0s
     0     0 2150.29315    0   66 4867.59000 2150.29315  55.8%     -    0s
     0     0 2348.07613    0   70 4867.59000 2348.07613  51.8%     -    0s
     0     0 2438.49210    0   68 4867.59000 2438.49210  49.9%     -    0s
     0     0 2439.41784    0   66 4867.59000 2439.41784  49.9%     -    0s
     0     0 2448.73866    0   78 4867.59000 2448.73866  49.7%     -    0s
     0     0 2458.48377    0   85 4867.59000 2458.48377  49.5%     -    0s
     0     0 2458.80359    0   86 4867.59000 2458.80359  49.5%     -    0s
     0     0 2529.08187    0  142 4867.59000 2529.08187  48.0%     -    0s
H    0     0                    3758.2700000 2529.08187  32.7%     -    0s
     0     0 2533.18206    0   89 3758.27000 2533.18206  32.6%     -    0s
     0     0 2533.18765    0   90 3758.27000 2533.18765  32.6%     -    0s
     0     0 2575.68767    0  141 3758.27000 2575.68767  31.5%     -    0s
     0     0 2576.20087    0  140 3758.27000 2576.20087  31.5%     -    0s
     0     0 2647.85412    0  140 3758.27000 2647.85412  29.5%     -    0s
H    0     0                    3752.2700000 2647.85412  29.4%     -    0s
     0     0 2656.04102    0  136 3752.27000 2656.04102  29.2%     -    0s
     0     0 2656.26074    0  133 3752.27000 2656.26074  29.2%     -    0s
     0     0 2673.34875    0  107 3752.27000 2673.34875  28.8%     -    0s
     0     0 2673.93931    0  109 3752.27000 2673.93931  28.7%     -    0s
     0     0 2681.58007    0  100 3752.27000 2681.58007  28.5%     -    0s
     0     0 2683.26545    0  121 3752.27000 2683.26545  28.5%     -    0s
H    0     0                    3393.3600000 2683.78430  20.9%     -    0s
     0     2 2684.13141    0   81 3393.36000 2684.13141  20.9%     -    0s
H   28    25                    3367.3600000 2752.23408  18.3%   156    0s
H   57    62                    3366.1000000 2752.23408  18.2%   111    1s
H  187   112                    3111.1000000 2753.17066  11.5%  64.2    1s

Cutting planes:
  User: 138
  Gomory: 5
  Cover: 128
  Implied bound: 17
  Clique: 5
  MIR: 100
  Flow cover: 174
  Inf proof: 2
  Zero half: 4
  Network: 1
  RLT: 149
  Relax-and-lift: 9
  Lazy constraints: 3

Explored 809 nodes (49961 simplex iterations) in 3.28 seconds
Thread count was 2 (of 32 available processors)

Solution count 9: 3111.1 3366.1 3367.36 ... 5349.23

Optimal solution found (tolerance 1.00e-04)
Best objective 3.111100000000e+03, best bound 3.111100000000e+03, gap 0.0000%

User-callback calls 2388, time in user-callback 0.36 sec
================================================================================
executing instance: ./input/Instances/Original/4/absH3low_3n15.dat
--------------------------------------------------------------------------------
Instance details
n	16
H	3
C	1267
Li:
[0, 0, 0, 0, 0, 0, 0, 0, 0, 0, 0, 0, 0, 0, 0, 0, ]
Ui:
[0, 156, 267, 148, 144, 87, 33, 171, 76, 141, 270, 282, 60, 110, 172, 57, ]
Distance matrix:
|0	229	567	76	58	96	306	409	310	423	108	346	165	347	159	256	|
|229	0	482	243	279	155	375	525	251	419	158	373	65	123	329	246	|
|567	482	0	506	622	483	342	439	259	200	467	274	486	433	501	312	|
|76	243	506	0	119	88	230	337	255	352	88	272	179	347	94	194	|
|58	279	622	119	0	154	345	431	366	471	166	391	217	399	179	310	|
|96	155	483	88	154	0	266	397	224	358	17	289	92	262	176	179	|
|306	375	342	230	345	266	0	158	184	148	251	68	332	423	181	140	|
|409	525	439	337	431	397	158	0	340	244	386	201	476	581	253	298	|
|310	251	259	255	366	224	184	340	0	170	208	146	238	257	274	66	|
|423	419	200	352	471	358	148	244	170	0	341	84	396	424	323	182	|
|108	158	467	88	166	17	251	386	208	341	0	273	96	259	172	162	|
|346	373	274	272	391	289	68	201	146	84	273	0	340	400	239	127	|
|165	65	486	179	217	92	332	476	238	396	96	340	0	182	267	216	|
|347	123	433	347	399	262	423	581	257	424	259	400	182	0	423	283	|
|159	329	501	94	179	176	181	253	274	323	172	239	267	423	0	208	|
|256	246	312	194	310	179	140	298	66	182	162	127	216	283	208	0	|

--------------------------------------------------------------------------------
Building model...
	using lazy and cut (CVRPSEP package)
Solving IRP LP...
--------------------------------------------------------------------------------

Gurobi 9.1.0 (linux64) logging started Tue Jan 26 02:44:20 2021

Gurobi Optimizer version 9.1.0 build v9.1.0rc0 (linux64)
Thread count: 32 physical cores, 32 logical processors, using up to 2 threads
Optimize a model with 550 rows, 1876 columns and 4981 nonzeros
Model fingerprint: 0x6ac21b80
Variable types: 244 continuous, 1632 integer (192 binary)
Coefficient statistics:
  Matrix range     [1e+00, 3e+02]
  Objective range  [1e-02, 6e+02]
  Bounds range     [1e+00, 3e+02]
  RHS range        [1e+01, 2e+03]
Presolve removed 64 rows and 16 columns
Presolve time: 0.01s
Presolved: 486 rows, 1860 columns, 4571 nonzeros
