




arguments: ./build/mirp_solver -f ./input/orig_exec_377.cfg
Current dir: /scratch/gui/bnc_mirp
File verbosity level: 9
date       time         ( uptime  ) [ thread name/id ]                   file:line     v| 
2021-01-29 02:16:07.140 (   0.068s) [main thread     ]             loguru.cpp:789   INFO| Logging to './output/vi_lex_quarter/OU/V4/Original/execution_29_01_2021_02_16_07.log', mode: 'a', verbosity: 9
--------------------------------------------------------------------------------
Parameters
                           instance_path           ./input/Instances/Original/5/
                            model_policy                                       1
                             nb_vehicles                                       4
                              output_dir ./output/vi_lex_quarter/OU/V4/Original/
                            sec_strategy                                       1
                       solver_nb_threads                                       2
                         solver_show_log                                    true
                       solver_time_limit                                    3600
                              use_vi_cos                                   false
                              use_vi_cus                                   false
                         use_vi_hc1_full                                   false
                         use_vi_hc1_half                                   false
                      use_vi_hc1_quarter                                   false
                              use_vi_hc2                                   false
                              use_vi_hc3                                   false
                         use_vi_lex_full                                   false
                         use_vi_lex_half                                   false
                      use_vi_lex_quarter                                    true
                              use_vi_qua                                   false
                               use_vi_vc                                   false
                               use_vi_vr                                   false
--------------------------------------------------------------------------------
executing instance: ./input/Instances/Original/5/absH3low_4n50.dat
--------------------------------------------------------------------------------
Instance details
n	51
H	3
C	4066
Li:
[0, 0, 0, 0, 0, 0, 0, 0, 0, 0, 0, 0, 0, 0, 0, 0, 0, 0, 0, 0, 0, 0, 0, 0, 0, 0, 0, 0, 0, 0, 0, 0, 0, 0, 0, 0, 0, 0, 0, 0, 0, 0, 0, 0, 0, 0, 0, 0, 0, 0, 0, ]
Ui:
[0, 108, 126, 122, 66, 120, 48, 30, 128, 54, 158, 198, 36, 66, 210, 234, 147, 297, 171, 128, 116, 120, 219, 70, 294, 207, 134, 128, 234, 122, 22, 183, 195, 255, 132, 124, 66, 189, 219, 66, 128, 102, 288, 66, 87, 136, 36, 39, 282, 36, 237, ]
Distance matrix:
|0	210	444	498	509	104	438	228	487	304	456	434	526	476	163	47	293	396	293	290	313	85	280	437	293	336	409	106	449	376	433	478	193	404	404	534	278	181	380	507	189	438	263	473	353	216	202	218	452	254	465	|
|210	0	299	507	359	106	345	409	358	411	320	402	555	448	136	200	289	264	306	427	141	222	83	348	264	320	283	303	380	208	258	357	170	348	475	542	243	347	355	379	65	479	172	373	355	251	112	229	402	210	300	|
|444	299	0	363	65	358	116	542	66	440	26	241	425	272	282	407	251	51	276	490	159	397	224	124	217	237	48	490	170	99	83	74	261	180	430	385	214	479	231	85	270	390	184	116	271	300	409	276	210	215	54	|
|498	507	363	0	385	482	246	424	326	254	343	123	63	93	388	452	221	337	211	314	428	414	480	239	243	187	324	463	194	418	438	307	346	188	156	36	264	392	156	326	444	87	340	258	154	286	603	294	153	297	417	|
|509	359	65	385	0	422	145	602	59	492	59	269	448	292	348	472	305	115	329	545	218	462	281	152	274	286	106	554	192	153	116	78	326	216	472	403	274	540	271	63	334	425	249	127	316	361	468	337	233	278	69	|
|104	106	358	482	422	0	372	309	408	337	374	396	521	441	98	96	262	314	271	342	215	124	177	373	249	302	329	198	394	281	337	402	139	353	419	518	230	250	343	428	90	437	188	405	328	200	134	188	406	199	372	|
|438	345	116	246	145	372	0	485	87	357	97	126	309	155	279	394	180	101	200	414	223	373	288	8	157	150	84	459	53	188	196	68	245	72	328	269	165	427	128	97	297	280	184	36	175	250	456	233	94	184	170	|
|228	409	542	424	602	309	485	0	561	170	544	419	424	446	298	214	305	491	286	115	462	187	457	480	331	339	496	124	470	510	565	545	295	424	279	454	329	66	376	576	363	340	370	520	330	242	429	266	453	328	581	|
|487	358	66	326	59	408	87	561	0	441	40	211	389	233	324	446	258	95	281	497	220	431	287	95	230	234	79	522	133	164	146	19	297	160	415	344	233	500	215	21	323	367	224	68	261	320	470	299	174	242	106	|
|304	411	440	254	492	337	357	170	441	0	434	266	255	286	275	266	189	392	164	63	408	225	428	351	224	207	392	234	330	438	484	424	250	287	112	284	232	149	233	453	349	170	302	389	185	168	471	195	305	248	487	|
|456	320	26	343	59	374	97	544	40	434	0	223	406	252	294	418	247	60	271	487	181	405	247	105	215	229	49	498	149	124	109	48	270	165	419	364	215	482	218	60	288	375	194	92	261	302	431	279	190	220	75	|
|434	402	241	123	269	396	126	419	211	266	223	0	185	46	298	387	140	213	145	328	310	355	366	118	147	97	201	425	78	295	315	191	256	65	211	151	166	371	53	215	343	157	231	145	90	220	505	217	41	198	295	|
|526	555	425	63	448	521	309	424	389	255	406	185	0	156	430	481	266	398	252	310	485	442	534	301	293	237	386	480	257	478	500	370	390	249	145	55	313	401	212	389	491	89	392	321	201	322	646	334	216	345	479	|
|476	448	272	93	292	441	155	446	233	286	252	46	156	0	343	429	183	250	184	348	353	396	411	148	192	140	236	461	102	334	350	214	302	106	214	113	212	402	98	233	389	151	277	165	125	261	551	260	62	244	325	|
|163	136	282	388	348	98	279	298	324	275	294	298	430	343	0	124	167	234	178	296	167	121	162	279	151	205	247	216	297	224	280	316	42	256	340	423	132	232	246	344	74	349	100	314	233	115	216	97	308	101	307	|
|47	200	407	452	472	96	394	214	446	266	418	387	481	429	124	0	246	358	245	259	284	41	261	392	247	289	370	103	403	345	402	436	150	358	361	488	232	158	333	466	165	393	223	430	306	168	217	171	406	210	431	|
|293	289	251	221	305	262	180	305	258	189	247	140	266	183	167	246	0	204	26	240	238	215	276	175	37	43	203	289	169	255	297	242	125	122	202	257	52	248	87	272	225	191	134	215	67	80	382	77	163	81	298	|
|396	264	51	337	115	314	101	491	95	392	60	213	398	250	234	358	204	0	229	442	130	347	196	108	169	194	19	440	152	87	102	93	211	149	390	363	165	428	194	116	228	355	134	117	230	250	376	225	189	164	95	|
|293	306	276	211	329	271	200	286	281	164	271	145	252	184	178	245	26	229	0	216	262	212	297	195	63	53	228	280	184	280	323	264	138	137	178	248	76	232	95	294	241	173	156	234	60	77	395	83	172	102	324	|
|290	427	490	314	545	342	414	115	497	63	487	328	310	348	296	259	240	442	216	0	443	220	456	408	273	264	443	204	390	479	529	480	278	346	165	343	278	115	293	509	369	229	340	447	244	202	473	230	366	288	536	|
|313	141	159	428	218	215	223	462	220	408	181	310	485	353	167	284	238	130	262	443	0	288	67	228	202	252	149	382	267	67	122	221	168	247	440	459	186	396	273	241	125	423	107	245	291	242	251	214	297	162	160	|
|85	222	397	414	462	124	373	187	431	225	405	355	442	396	121	41	215	347	212	220	288	0	273	371	221	258	357	95	378	344	401	420	136	331	321	450	208	126	302	450	177	353	213	409	272	136	253	143	377	190	426	|
|280	83	224	480	281	177	288	457	287	428	247	366	534	411	162	261	276	196	297	456	67	273	0	292	243	298	215	363	329	128	176	288	179	305	475	513	224	392	324	307	96	466	143	311	335	261	187	235	357	195	219	|
|437	348	124	239	152	373	8	480	95	351	105	118	301	148	279	392	175	108	195	408	228	371	292	0	154	144	91	456	46	194	203	76	244	65	320	261	163	423	121	103	299	273	185	40	168	247	459	230	86	183	178	|
|293	264	217	243	274	249	157	331	230	224	215	147	293	192	151	247	37	169	63	273	202	221	243	154	0	57	170	303	157	217	260	215	110	111	238	278	21	271	94	245	201	223	100	193	92	93	362	78	160	54	263	|
|336	320	237	187	286	302	150	339	234	207	229	97	237	140	205	289	43	194	53	264	252	258	298	144	57	0	190	331	131	257	294	216	163	84	197	221	77	285	44	246	258	172	155	183	39	123	418	119	120	110	288	|
|409	283	48	324	106	329	84	496	79	392	49	201	386	236	247	370	203	19	228	443	149	357	215	91	170	190	0	449	136	105	114	75	221	138	384	349	168	434	185	99	245	346	146	98	224	255	394	231	174	171	99	|
|106	303	490	463	554	198	459	124	522	234	498	425	480	461	216	103	289	440	280	204	382	95	363	456	303	331	449	0	458	439	496	510	229	410	344	498	293	89	374	540	267	391	307	495	336	211	308	226	451	280	520	|
|449	380	170	194	192	394	53	470	133	330	149	78	257	102	297	403	169	152	184	390	267	378	329	46	157	131	136	458	0	238	249	114	259	47	287	216	171	416	96	137	327	235	211	67	145	247	488	235	41	197	223	|
|376	208	99	418	153	281	188	510	164	438	124	295	478	334	224	345	255	87	280	479	67	344	128	194	217	257	105	439	238	0	57	169	216	230	453	445	206	445	268	184	191	427	141	202	296	278	315	250	274	191	92	|
|433	258	83	438	116	337	196	565	146	484	109	315	500	350	280	402	297	102	323	529	122	401	176	203	260	294	114	496	249	57	0	157	271	252	490	463	251	499	296	162	247	457	195	199	331	329	362	302	288	241	47	|
|478	357	74	307	78	402	68	545	19	424	48	191	370	214	316	436	242	93	264	480	221	420	288	76	215	216	75	510	114	169	157	0	287	141	396	325	219	485	196	31	319	347	216	49	243	306	469	286	154	230	120	|
|193	170	261	346	326	139	245	295	297	250	270	256	390	302	42	150	125	211	138	278	168	136	179	244	110	163	221	229	259	216	271	287	0	216	305	382	91	229	204	316	105	310	78	280	192	83	257	60	268	62	292	|
|404	348	180	188	216	353	72	424	160	287	165	65	249	106	256	358	122	149	137	346	247	331	305	65	111	84	138	410	47	230	252	141	216	0	255	215	126	369	56	168	292	210	177	102	103	200	454	189	54	155	234	|
|404	475	430	156	472	419	328	279	415	112	419	211	145	214	340	361	202	390	178	165	440	321	475	320	238	197	384	344	287	453	490	396	305	255	0	181	254	261	201	422	410	69	335	353	160	225	551	246	252	280	482	|
|534	542	385	36	403	518	269	454	344	284	364	151	55	113	423	488	257	363	248	343	459	450	513	261	278	221	349	498	216	445	463	325	382	215	181	0	298	425	189	342	479	115	373	276	190	323	638	330	175	332	439	|
|278	243	214	264	274	230	165	329	233	232	215	166	313	212	132	232	52	165	76	278	186	208	224	163	21	77	168	293	171	206	251	219	91	126	254	298	0	267	114	250	181	242	82	202	112	88	341	68	177	33	258	|
|181	347	479	392	540	250	427	66	500	149	482	371	401	402	232	158	248	428	232	115	396	126	392	423	271	285	434	89	416	445	499	485	229	369	261	425	267	0	325	516	298	313	305	463	281	180	375	203	403	264	516	|
|380	355	231	156	271	343	128	376	215	233	218	53	212	98	246	333	87	194	95	293	273	302	324	121	94	44	185	374	96	268	296	196	204	56	201	189	114	325	0	224	294	161	185	157	49	167	455	163	78	147	284	|
|507	379	85	326	63	428	97	576	21	453	60	215	389	233	344	466	272	116	294	509	241	450	307	103	245	246	99	540	137	184	162	31	316	168	422	342	250	516	224	0	344	371	244	70	271	337	490	317	176	261	120	|
|189	65	270	444	334	90	297	363	323	349	288	343	491	389	74	165	225	228	241	369	125	177	96	299	201	258	245	267	327	191	247	319	105	292	410	479	181	298	294	344	0	414	116	328	291	187	163	165	345	147	282	|
|438	479	390	87	425	437	280	340	367	170	375	157	89	151	349	393	191	355	173	229	423	353	466	273	223	172	346	391	235	427	457	347	310	210	69	115	242	313	161	371	414	0	323	301	133	238	565	253	197	273	444	|
|263	172	184	340	249	188	184	370	224	302	194	231	392	277	100	223	134	134	156	340	107	213	143	185	100	155	146	307	211	141	195	216	78	177	335	373	82	305	185	244	116	323	0	217	192	138	278	110	230	55	214	|
|473	373	116	258	127	405	36	520	68	389	92	145	321	165	314	430	215	117	234	447	245	409	311	40	193	183	98	495	67	202	199	49	280	102	353	276	202	463	157	70	328	301	217	0	205	286	485	269	106	220	167	|
|353	355	271	154	316	328	175	330	261	185	261	90	201	125	233	306	67	230	60	244	291	272	335	168	92	39	224	336	145	296	331	243	192	103	160	190	112	281	49	271	291	133	192	205	0	138	449	141	123	145	323	|
|216	251	300	286	361	200	250	242	320	168	302	220	322	261	115	168	80	250	77	202	242	136	261	247	93	123	255	211	247	278	329	306	83	200	225	323	88	180	167	337	187	238	138	286	138	0	328	28	243	88	340	|
|202	112	409	603	468	134	456	429	470	471	431	505	646	551	216	217	382	376	395	473	251	253	187	459	362	418	394	308	488	315	362	469	257	454	551	638	341	375	455	490	163	565	278	485	449	328	0	313	508	308	406	|
|218	229	276	294	337	188	233	266	299	195	279	217	334	260	97	171	77	225	83	230	214	143	235	230	78	119	231	226	235	250	302	286	60	189	246	330	68	203	163	317	165	253	110	269	141	28	313	0	235	61	315	|
|452	402	210	153	233	406	94	453	174	305	190	41	216	62	308	406	163	189	172	366	297	377	357	86	160	120	174	451	41	274	288	154	268	54	252	175	177	403	78	176	345	197	230	106	123	243	508	235	0	207	264	|
|254	210	215	297	278	199	184	328	242	248	220	198	345	244	101	210	81	164	102	288	162	190	195	183	54	110	171	280	197	191	241	230	62	155	280	332	33	264	147	261	147	273	55	220	145	88	308	61	207	0	253	|
|465	300	54	417	69	372	170	581	106	487	75	295	479	325	307	431	298	95	324	536	160	426	219	178	263	288	99	520	223	92	47	120	292	234	482	439	258	516	284	120	282	444	214	167	323	340	406	315	264	253	0	|

--------------------------------------------------------------------------------
Building model...
	using lazy and cut (CVRPSEP package)
Solving IRP LP...
--------------------------------------------------------------------------------

Gurobi 9.1.0 (linux64) logging started Fri Jan 29 02:16:07 2021

Gurobi Optimizer version 9.1.0 build v9.1.0rc0 (linux64)
Thread count: 32 physical cores, 32 logical processors, using up to 2 threads
Optimize a model with 1740 rows, 16716 columns and 37500 nonzeros
Model fingerprint: 0x53278af9
Variable types: 804 continuous, 15912 integer (612 binary)
Coefficient statistics:
  Matrix range     [1e+00, 4e+03]
  Objective range  [1e-02, 6e+02]
  Bounds range     [1e+00, 3e+02]
  RHS range        [1e+01, 7e+03]
Presolve removed 204 rows and 51 columns
Presolve time: 0.06s
Presolved: 1536 rows, 16665 columns, 35995 nonzeros
Variable types: 753 continuous, 15912 integer (15312 binary)

Root relaxation: objective 3.473436e+03, 1730 iterations, 0.07 seconds

    Nodes    |    Current Node    |     Objective Bounds      |     Work
 Expl Unexpl |  Obj  Depth IntInf | Incumbent    BestBd   Gap | It/Node Time

     0     0 3473.43557    0  167          - 3473.43557      -     -    0s
     0     0 3687.61273    0  163          - 3687.61273      -     -    0s
     0     0 3710.47827    0  154          - 3710.47827      -     -    0s
     0     0 4428.01186    0  254          - 4428.01186      -     -    1s
     0     0 4468.34214    0  262          - 4468.34214      -     -    1s
     0     0 4469.29317    0  296          - 4469.29317      -     -    1s
     0     0 4469.34895    0  288          - 4469.34895      -     -    1s
     0     0 4570.68148    0  301          - 4570.68148      -     -    2s
     0     0 4588.22736    0  317          - 4588.22736      -     -    2s
     0     0 4591.50247    0  318          - 4591.50247      -     -    2s
     0     0 4591.64729    0  353          - 4591.64729      -     -    2s
     0     0 4685.93454    0  448          - 4685.93454      -     -    3s
     0     0 4701.98793    0  346          - 4701.98793      -     -    4s
     0     0 4705.61173    0  326          - 4705.61173      -     -    4s
     0     0 4706.00619    0  351          - 4706.00619      -     -    4s
     0     0 4745.94153    0  395          - 4745.94153      -     -    5s
     0     0 4759.09607    0  417          - 4759.09607      -     -    6s
     0     0 4760.65700    0  474          - 4760.65700      -     -    6s
     0     0 4800.39026    0  422          - 4800.39026      -     -    7s
     0     0 4805.52230    0  325          - 4805.52230      -     -    8s
     0     0 4812.63108    0  348          - 4812.63108      -     -    8s
     0     0 4816.30105    0  436          - 4816.30105      -     -    9s
     0     0 4818.35972    0  427          - 4818.35972      -     -    9s
     0     0 4819.12167    0  353          - 4819.12167      -     -    9s
     0     0 4829.02641    0  403          - 4829.02641      -     -   10s
     0     0 4831.59637    0  482          - 4831.59637      -     -   11s
     0     0 4833.34735    0  509          - 4833.34735      -     -   11s
     0     0 4836.94910    0  357          - 4836.94910      -     -   12s
     0     0 4837.28643    0  331          - 4837.28643      -     -   12s
     0     0 4839.56458    0  370          - 4839.56458      -     -   13s
     0     0 4839.56458    0  329          - 4839.56458      -     -   14s
     0     2 4854.73137    0  322          - 4854.73137      -     -   21s
     3     6 4972.74923    2  415          - 4868.79031      -  1564   25s
    19    22 5025.51310    7  388          - 4898.21534      -   761   30s
    21    25 5001.28093    8  337          - 4898.21534      -   714   36s
    48    52 5178.67372   19  263          - 4898.21534      -   528   40s
   102   114 5564.04766   48  196          - 4898.21534      -   374   45s
   198   208 6013.61678   97  157          - 4898.21534      -   258   50s
   303   325 6340.93841  163  118          - 4898.21534      -   203   55s
   457   449 8772.12914  245   58          - 4898.28410      -   160   60s
   563   528 6250.41475  112  147          - 4898.28410      -   154   65s
   697   691 5312.83371   34  112          - 4898.28410      -   145   71s
   828   799 5501.11689   46  139          - 4898.28410      -   139   76s
   870   815 5962.62219   90  329          - 4898.28410      -   140   80s
   874   818 5828.81198   89  389          - 4898.28410      -   140   85s
   883   824 6854.24937  188  578          - 4898.28410      -   138   90s
   887   826 5706.09821   60  670          - 4898.28410      -   137   95s
   892   830 6594.36616  155  471          - 4917.45362      -   137  105s
   899   834 6195.13263  117  546          - 4924.47726      -   136  110s
   905   838 6729.65606  170  600          - 4925.72933      -   135  119s
   906   842 4931.06555   10  566          - 4925.73963      -   157  120s
   918   850 4956.17614   13  522          - 4956.17614      -   165  126s
   929   857 4979.47857   16  564          - 4964.36162      -   174  130s
   942   866 5139.38005   19  341          - 4964.36162      -   184  135s
   961   881 5052.76705   24  441          - 4964.36162      -   191  140s
   977   891 5136.25472   27  446          - 4964.36162      -   201  145s
   996   906 5209.23732   32  481          - 4964.36162      -   209  150s
  1021   927 5256.23482   37  405          - 4964.36162      -   217  155s
  1054   950 5290.64303   43  243          - 4964.36162      -   221  160s
  1081   970 5336.86143   49  331          - 4964.36162      -   224  165s
  1139  1017 5547.40573   67  139          - 4964.36162      -   226  170s
  1201  1063 5820.41300   87  169          - 4964.36162      -   226  176s
  1262  1115 6020.37575  107  119          - 4964.36162      -   225  180s
  1344  1206 6666.14430  131  124          - 4964.36162      -   221  185s
  1513  1341 7575.06578  177   86          - 4964.36162      -   205  191s
  1619  1333 infeasible  207               - 4965.29557      -   195  195s
  1764  1378 5047.87946   14  540          - 4965.29557      -   186  202s
  1780  1386 5071.11225   15  397          - 4965.29557      -   187  205s
  1792  1392 5095.31366   18  468          - 4965.29557      -   192  211s
  1804  1402 5115.94741   22  257          - 4965.29557      -   195  216s
  1813  1407 5128.87644   25  288          - 4965.29557      -   198  221s
  1821  1416 5147.19276   28  313          - 4965.29557      -   201  225s
  1846  1437 5212.59471   38  186          - 4965.29557      -   204  233s
  1858  1445 5279.94529   41  225          - 4965.29557      -   205  235s
  1907  1473 5193.56467   27  308          - 4965.29557      -   205  240s
  1935  1509 5595.73529   67  180          - 4965.29557      -   205  245s
  1985  1574 5722.07820   83   87          - 4965.29557      -   204  251s
  2066  1618 6407.40114  119   64          - 4965.29557      -   200  255s
  2152  1623 7308.92445  155   22          - 4966.03503      -   195  260s
  2219  1635 5125.75942   14  516          - 4966.03503      -   194  265s
  2259  1687 5186.75200   16  500          - 4966.03503      -   196  273s
  2303  1733 5221.85499   21  328          - 4966.03503      -   195  277s
  2364  1781 5307.57921   22  315          - 4966.03503      -   193  281s
  2435  1847 5301.68179   29  323          - 4966.03503      -   191  286s
  2526  1891 5299.45161   34  258          - 4966.03503      -   188  290s
  2703  1862 5384.03146   38  206          - 4966.03503      -   178  296s
  2765  1871 5511.79149   41  126          - 4966.03503      -   177  300s
  2825  1917 5731.50651   62  194          - 4966.03503      -   179  308s
  2861  1970 5886.80059   75   93          - 4966.03503      -   179  313s
  2926  2015 6046.11817   93  114          - 4966.03503      -   178  318s
  2994  2140 6316.12887  111  101          - 4966.03503      -   177  328s
  3148  2218 6891.35794  137   54          - 4970.33540      -   173  336s
  3295  2294 5166.87026   16  360          - 4970.33540      -   168  346s
  3460  2277 infeasible   17               - 4970.33540      -   164  351s
  3469  2287 5204.24946   18  525          - 4970.33540      -   166  356s
  3479  2298 5149.42835   19  623          - 4970.33540      -   168  361s
  3490  2314 5254.72903   20  613          - 4970.33540      -   170  366s
  3506  2335 5219.44856   23  355          - 4970.33540      -   171  371s
  3527  2363 5291.06079   28  311          - 4970.33540      -   173  376s
  3555  2395 5299.20291   27  270          - 4970.33540      -   174  381s
  3587  2422 5332.67893   32  266          - 4970.33540      -   175  387s
  3614  2452 5337.33956   35  176          - 4970.33540      -   176  392s
  3644  2502 5362.21149   40  159          - 4970.33540      -   178  398s
  3694  2588 5507.36135   46  186          - 4970.33540      -   178  405s
  3780  2702 5509.61881   52  102          - 4970.33540      -   178  413s
  3894  2855 5563.85499   62  104          - 4970.33540      -   177  423s
  4022  2855 6672.22499  127   25          - 4970.33540      -   174  425s
  4051  2978 5603.52277   95   34          - 4970.33540      -   173  432s
  4204  3127 6083.06635   99   52          - 4970.33540      -   172  445s
  4376  3240 6379.62181  105   46          - 4975.61409      -   169  457s
  4561  3283 5172.14565   17  525          - 4975.61409      -   167  466s
  4583  3314 5183.63831   19  513          - 4975.61409      -   169  473s
  4614  3364 5296.25402   26  237          - 4975.61409      -   170  481s
  4664  3434 5454.71446   35  114          - 4975.61409      -   171  490s
  4734  3531 5628.09594   53  196          - 4975.61409      -   172  499s
  4767  3531 5779.31036   66   62          - 4975.61409      -   172  501s
  4831  3708 5808.60989   72  126          - 4975.61409      -   172  511s
  5008  4011 6165.35691  112   88          - 4975.61409      -   171  525s
  5354  4099 5126.50411   17  519          - 4975.61409      -   165  536s
  5494  4155 5257.36910   23  361          - 4975.61409      -   164  546s
  5522  4185 5363.69758   32  371          - 4975.61409      -   165  558s
  5552  4230 5551.29768   38  305          - 4975.61409      -   167  567s
  5597  4304 5571.54745   46  337          - 4975.61409      -   168  582s
  5671  4490 5704.36427   62  199          - 4975.61409      -   169  595s
  5865  4727 6594.09183  111   50          - 4977.93811      -   168  611s
  6184  4753 5103.56585   21  460          - 4979.49820      -   164  645s
  6207  4790 5209.75777   30  289          - 4979.49820      -   166  654s
  6228  4790 5277.22407   39  344          - 4979.49820      -   167  655s
  6244  4867 5346.90289   39  189          - 4979.49820      -   168  665s
  6321  4975 5534.72229   55  193          - 4979.49820      -   169  677s
  6439  5201 5648.92141   71  106          - 4979.49820      -   170  694s
  6455  5201 5839.19576   78   42          - 4979.49820      -   171  695s
  6755  5426 5842.86646   97   11          - 4979.49820      -   167  712s
  6787  5427 6126.87940  106   98          - 4979.49820      -   167  729s
  6851  5432 6070.27529  131    6          - 4979.49820      -   166  730s
  7067  5538 6185.93358  105   40          - 4987.67362      -   163  742s
  7176  5586 5110.89655   21  476          - 4987.67362      -   164  754s
  7202  5625 5171.71828   28  491          - 4987.67362      -   165  764s
  7241  5810 5324.96691   39  162          - 4987.67362      -   167  780s
  7426  6232 5974.04589   92   76          - 4987.72944      -   167  801s
  7605  6234 6939.65000  137   16          - 4987.72944      -   165  806s
  7955  6309 5170.51036   15  602          - 4987.72944      -   161  823s
  8039  6364 5361.66378   23  375          - 4987.72944      -   163  840s
  8084  6419 5498.52972   31  208          - 4987.72944      -   164  855s
  8139  6510 5643.63591   44  188          - 4987.72944      -   166  870s
  8230  6781 5913.00811   64  149          - 4987.72944      -   168  889s
  8278  6781 6110.08599   84   94          - 4987.72944      -   168  890s
  8502  7032 6473.37839  114   64          - 4987.72944      -   168  958s
  8634  7041 7425.68000  159    -          - 4987.72944      -   166  960s
  8923  7175 7379.75000  150   42          - 4995.81956      -   163  979s
  8955  7175 8437.38915  172   45          - 4995.81956      -   163  980s
  9029  7231 5358.20975   23  426          - 4995.81956      -   165  995s
  9077  7397 5679.24882   42  182          - 4995.81956      -   167 1012s
  9093  7397 5650.63328   47  103          - 4995.81956      -   167 1020s
  9243  7704 5924.74460   90   27          - 5002.09493      -   167 1041s
  9438  7724 7228.45500  173    6          - 5002.09493      -   166 1045s
  9639  7782 5229.65247   21  524          - 5002.09493      -   165 1061s
  9702  7829 5334.07069   33  226          - 5002.09493      -   167 1076s
  9749  7917 5496.20306   46  159          - 5002.09493      -   168 1092s
  9837  8098 5693.65037   69   45          - 5002.25650      -   170 1113s
  9986  8109 6220.77357  110   70          - 5002.25650      -   169 1115s
 10062  8237 5189.53590   18  536          - 5002.25650      -   170 1133s
 10165  8244 6048.46505  104   27          - 5002.25650      -   171 1135s
 10248  8413 5442.90313   32  341          - 5002.25650      -   171 1151s
 10401  8680 5766.54813   60  134          - 5002.25650      -   172 1170s
 10578  8680 6396.22356   89   95          - 5002.25650      -   172 1180s
 10700  8731 6640.69468  103   95          - 5007.25963      -   171 1196s
 10781  8766 5417.64100   25  470          - 5007.25963      -   173 1211s
 10820  8853 5733.35852   30  475          - 5007.25963      -   174 1237s
 10907  9154 5945.61772   52  227          - 5007.25963      -   176 1258s
 11035  9156 6453.15510  103   12          - 5007.25963      -   175 1260s
 11228  9281 6686.77286  100   12          - 5010.01062      -   174 1279s
 11278  9281 6973.80234  116   19          - 5010.01062      -   174 1280s
 11394  9379 5275.52195   25  373          - 5010.01062      -   175 1297s
 11484  9679 5542.66807   40  243          - 5010.01062      -   176 1319s
 11500  9679 5710.15062   49  203          - 5010.01062      -   176 1320s
 11798  9914 6144.11619   76  123          - 5010.74614      -   175 1343s
 11940  9914 6669.16343  111   68          - 5014.54863      -   175 1345s
 12090  9966 5191.67042   14  633          - 5014.54863      -   175 1361s
 12131 10069 5742.88449   25  405          - 5014.54863      -   176 1378s
 12234 10234 5760.26295   39  176          - 5014.54863      -   177 1411s
 12475 10418 6079.29131   75   53          - 5016.51296      -   177 1433s
 12605 10423 6736.93586  117    8          - 5016.51296      -   176 1435s
 12720 10534 5271.64510   21  532          - 5016.51296      -   176 1452s
 12809 10691 5788.70724   37  244          - 5016.51296      -   178 1471s
 12966 10848 5895.74726   50  217          - 5016.51296      -   178 1492s
 13124 10848 7874.96310  124   72          - 5016.51296      -   178 1495s
 13163 11004 6394.39654   76  131          - 5020.50768      -   178 1514s
 13195 11004 6646.96456   88  114          - 5020.50768      -   178 1515s
 13351 11068 5066.93570   20  696          - 5020.50768      -   178 1533s
 13415 11197 5376.83394   30  404          - 5020.50768      -   180 1552s
 13544 11477 5495.08978   46  241          - 5020.50768      -   180 1577s
 13824 11751 5813.21132   68   95          - 5020.60608      -   180 1603s
 13978 11751 6858.75836  159   11          - 5021.63522      -   179 1605s
 14241 11836 5142.81050   21  480          - 5021.63522      -   177 1623s
 14274 11883 5382.89291   29  312          - 5021.63522      -   179 1642s
 14321 12015 5561.58226   41  319          - 5021.63522      -   180 1660s
 14453 12149 5736.32497   48  216          - 5021.63522      -   180 1680s
 14619 12281 6215.79540   83  103          - 5021.92221      -   181 1702s
 14803 12378 5143.14178   24  519          - 5021.92221      -   181 1721s
 14900 12569 5412.13885   36  374          - 5021.92221      -   182 1743s
 14968 12569 6269.19412   80   75          - 5021.92221      -   182 1745s
 15133 12683 5598.15423   50  223          - 5021.92221      -   181 1765s
 15247 12778 6061.68187   90   88          - 5022.58563      -   182 1783s
 15329 12778 5376.07691   33  453          - 5022.58563      -   182 1785s
 15360 12903 5597.02238   29  330          - 5022.58563      -   183 1803s
 15440 12903 5992.69864   63   75          - 5022.58563      -   183 1805s
 15485 13239 5994.63253   67  102          - 5022.58563      -   184 1829s
 15549 13239 6162.70509   90   48          - 5022.58563      -   183 1830s
 15869 13357 7837.34818  156    9          - 5026.00738      -   182 1853s
 16050 13442 5354.43948   28  190          - 5027.56718      -   182 1871s
 16114 13568 5565.97506   45  262          - 5027.56718      -   183 1890s
 16240 13808 5887.96281   76   83          - 5028.77315      -   184 1912s
 16547 13874 5163.38022   18  533          - 5031.34116      -   184 1933s
 16613 14048 5571.02088   28  364          - 5031.34116      -   184 1956s
 16787 14183 5839.70729   47  255          - 5031.34116      -   185 1979s
 16848 14183 6184.07709  113   61          - 5031.34116      -   185 1980s
 16981 14369 5973.72790   58  241          - 5031.34116      -   184 2001s
 17159 14443 infeasible  108               - 5031.54298      -   184 2021s
 17287 14548 5379.33779   31  400          - 5031.54298      -   184 2040s
 17392 14735 5563.18465   45  321          - 5031.54298      -   185 2074s
 17434 14735 5793.29184   61  140          - 5031.54298      -   185 2075s
 17613 14938 5937.52553   72  108          - 5031.54298      -   185 2099s
 17629 14938 5989.65695   76  122          - 5031.54298      -   185 2100s
 17816 15215 6613.62142  139   56          - 5032.06466      -   185 2123s
 17948 15220 7356.07035  194   18          - 5032.06466      -   184 2125s
 18168 15674 5501.88960   35  253          - 5032.06466      -   183 2150s
 18480 15682 7151.00625  124   86          - 5032.06466      -   182 2155s
 18692 15784 6412.16072  101   46          - 5034.10574      -   181 2173s
 18790 15793 7005.17566  152   15          - 5034.10574      -   180 2175s
 18834 15970 5610.13281   31  252          - 5034.10574      -   181 2195s
 19030 16217 5818.81335   55   58          - 5034.13982      -   181 2219s
 19046 16217 6105.44684   59  104          - 5034.13982      -   181 2220s
 19332 16277 5100.59217   21  557          - 5034.14193      -   181 2238s
 19366 16332 5609.04055   34  277          - 5034.14193      -   182 2254s
 19398 16332 5784.48797   50  240          - 5034.14193      -   182 2258s
 19423 16480 5789.51237   50  159          - 5034.14193      -   183 2276s
 19573 16623 6241.52341   81   76          - 5037.25089      -   183 2298s
 19775 16664 5745.10088   29  358          - 5037.48962      -   183 2316s
 19818 16725 5846.01603   41  373          - 5037.48962      -   184 2333s
 19879 16788 5962.90757   46  309          - 5037.48962      -   185 2351s
 19942 16857 6234.11870   51  316          - 5037.48962      -   186 2369s
 20011 17029 6119.44863   61  195          - 5037.48962      -   186 2388s
 20091 17029 6349.96723   71  155          - 5037.48962      -   186 2390s
 20183 17414 6390.19006   75  111          - 5038.77773      -   187 2414s
 20263 17414 6597.95453   95   85          - 5038.77773      -   187 2415s
 20674 17493 5225.95268   20  603          - 5040.41237      -   185 2435s
 20722 17566 5828.37873   36  345          - 5040.41237      -   186 2459s
 20770 17566 5777.86801   42  247          - 5040.41237      -   186 2460s
 20795 17735 5970.79927   47  188          - 5040.41237      -   186 2479s
 20811 17735 5977.08516   53  293          - 5040.41237      -   186 2480s
 20964 17963 6444.02215   74  105          - 5040.51962      -   187 2502s
 21142 17965 7514.67958  130   10          - 5040.51962      -   186 2505s
 21296 18029 5423.88968   26  551          - 5042.35820      -   186 2524s
 21314 18029 5980.71374   41  418          - 5042.35820      -   186 2525s
 21349 18121 6067.09359   42  392          - 5042.35820      -   187 2543s
 21441 18291 6257.97325   61  211          - 5042.35820      -   187 2564s
 21473 18291 6463.65033   72  197          - 5042.35820      -   187 2565s
 21631 18371 7016.82893  102  143          - 5044.77954      -   187 2587s
 21735 18532 5622.08597   30  229          - 5044.77954      -   188 2612s
 21895 18532 5956.17515   44  217          - 5044.77954      -   188 2615s
 21896 18736 6149.37294   93   23          - 5046.20454      -   188 2636s
 22155 18844 5532.81573   24  455          - 5046.20454      -   187 2659s
 22177 18844 6276.15840   61  183          - 5046.20454      -   188 2660s
 22269 18910 6146.82399   41  415          - 5046.20454      -   188 2678s
 22327 19033 6335.74926   55  260          - 5046.20454      -   189 2709s
 22343 19033 6402.26861   65  252          - 5046.20454      -   189 2710s
 22450 19247 6819.21596   92  167          - 5048.69435      -   189 2733s
 22571 19247 8166.37868  139   64          - 5048.69435      -   189 2735s
 22750 19424 5381.73287   26  509          - 5048.69435      -   188 2758s
 22853 19424 6769.80075  130   19          - 5048.69435      -   188 2760s
 22984 19507 5664.15872   43  236          - 5048.69435      -   188 2781s
 23049 19699 5969.18348   60  266          - 5048.97068      -   189 2805s
 23305 19801 5153.82118   20  637          - 5048.97068      -   188 2826s
 23380 19963 5758.32964   34  446          - 5048.97068      -   189 2854s
 23410 19963 5941.34706   45  354          - 5048.97068      -   189 2855s
 23564 20042 5947.22234   46  359          - 5048.97068      -   189 2876s
 23643 20157 6228.12287   71  149          - 5048.97068      -   190 2905s
 23758 20524 6567.08524   98  159          - 5050.89920      -   190 2931s
 24003 20531 8100.26429  178   10          - 5050.89920      -   189 2935s
 24239 20612 5208.77185   23  572          - 5050.90041      -   189 2955s
 24291 20701 5505.90312   37  248          - 5050.90041      -   189 2975s
 24380 20928 5680.75853   50  124          - 5050.90041      -   190 2998s
 24455 20928 5769.33004   62   69          - 5050.90041      -   190 3000s
 24626 21053 5984.15295   75   77          - 5051.58432      -   190 3021s
 24769 21138 5521.27922   26  460          - 5051.58432      -   190 3055s
 24856 21297 6009.29215   39  353          - 5051.58432      -   191 3079s
 24909 21297 6526.03429   77  121          - 5051.58432      -   191 3080s
 25061 21418 6235.15446   51  179          - 5051.58432      -   191 3108s
 25182 21558 6715.00466   98   48          - 5052.25658      -   191 3130s
 25351 21636 5730.49686   30  486          - 5052.25658      -   191 3150s
 25425 21880 6186.81043   48  268          - 5052.25658      -   192 3208s
 25562 21881 6344.57000   92    6          - 5052.25658      -   192 3213s
 25722 21913 7083.55571  141    6          - 5052.25658      -   191 3215s
 25737 22283 6545.42790   73   86          - 5054.13965      -   191 3238s
 25801 22283 6965.01321   92   81          - 5054.13965      -   191 3240s
 26206 22345 5258.05945   21  553          - 5056.33362      -   189 3274s
 26235 22391 5898.08413   33  283          - 5056.33362      -   190 3291s
 26281 22479 6051.37674   45  197          - 5056.33362      -   191 3312s
 26369 22702 6225.20881   62  174          - 5056.33362      -   191 3334s
 26401 22702 6383.45390   74   55          - 5056.33362      -   192 3335s
 26602 23028 7005.04311  101   69          - 5058.13227      -   191 3362s
 26826 23040 7239.90970  148   27          - 5058.41831      -   191 3365s
 26974 23052 8353.16248  194   26          - 5058.41831      -   190 3371s
 27035 23113 5345.43848   25  534          - 5058.41831      -   190 3388s
 27080 23175 5945.43992   35  425          - 5058.41831      -   191 3406s
 27142 23262 6103.07145   46  312          - 5058.41831      -   191 3430s
 27229 23507 6195.54940   57  274          - 5058.41831      -   192 3452s
 27462 23507 7258.22034  125   95          - 5058.41831      -   192 3455s
 27480 23796 6809.61606   87  164          - 5059.80232      -   192 3479s
 27512 23796 6898.73024   99  126          - 5059.80232      -   192 3480s
 27906 23847 9600.27000  220    8          - 5060.13267      -   190 3485s
 27943 23907 5306.23484   21  388          - 5060.13267      -   190 3502s
 27988 24004 5668.18439   37  256          - 5060.13267      -   190 3526s
 28085 24528 6063.41976   57  111          - 5060.13267      -   191 3556s
 28348 24534 6357.81796   73  111          - 5060.13267      -   190 3560s
 28776 24796 7015.32911  146   57          - 5060.32647      -   188 3591s
 29042 24839 5633.64015   31  299          - 5060.32647      -   187 3600s

Cutting planes:
  User: 3633
  Gomory: 17
  Cover: 564
  Implied bound: 75
  Projected implied bound: 12
  Clique: 12
  MIR: 200
  StrongCG: 2
  Flow cover: 568
  Zero half: 35
  Network: 12
  RLT: 472
  Relax-and-lift: 31
  Lazy constraints: 3608

Explored 29063 nodes (5466206 simplex iterations) in 3600.43 seconds
Thread count was 2 (of 32 available processors)

Solution count 0

Time limit reached
Best objective -, best bound 5.060326468806e+03, gap -

User-callback calls 306397, time in user-callback 514.60 sec
================================================================================
executing instance: ./input/Instances/Original/5/absH3low_4n25.dat
--------------------------------------------------------------------------------
Instance details
n	26
H	3
C	2029
Li:
[0, 0, 0, 0, 0, 0, 0, 0, 0, 0, 0, 0, 0, 0, 0, 0, 0, 0, 0, 0, 0, 0, 0, 0, 0, 0, ]
Ui:
[0, 34, 165, 76, 88, 188, 58, 279, 52, 132, 198, 142, 135, 165, 186, 58, 201, 196, 40, 183, 32, 90, 168, 126, 93, 146, ]
Distance matrix:
|0	299	188	235	91	202	152	147	162	277	268	132	71	162	220	69	220	289	241	124	265	80	162	132	66	302	|
|299	0	468	431	282	142	317	425	443	569	193	178	359	302	422	231	93	28	511	325	457	242	434	215	240	601	|
|188	468	0	153	265	342	308	43	192	106	455	290	117	206	142	246	379	464	252	274	360	267	211	319	231	184	|
|235	431	153	0	326	289	386	145	321	240	482	269	184	129	15	258	339	436	393	355	477	305	336	354	237	334	|
|91	282	265	326	0	228	66	228	166	339	196	157	154	242	311	99	225	264	229	50	201	47	153	71	115	340	|
|202	142	342	289	228	0	285	301	363	447	255	73	245	161	281	139	53	151	440	278	428	181	360	187	136	495	|
|152	317	308	386	66	285	0	275	167	368	188	217	207	308	371	163	274	295	210	34	145	108	148	104	181	350	|
|147	425	43	145	228	301	275	0	179	146	415	248	76	172	131	203	337	421	248	242	341	227	195	279	188	211	|
