




arguments: ./build/mirp_solver -f ./input/orig_exec_351.cfg
Current dir: /scratch/gui/bnc_mirp
File verbosity level: 9
date       time         ( uptime  ) [ thread name/id ]                   file:line     v| 
2021-01-23 14:50:56.268 (   0.071s) [main thread     ]             loguru.cpp:789   INFO| Logging to './output/vi_lex_quarter/OU/V4/Original/execution_23_01_2021_14_50_56.log', mode: 'a', verbosity: 9
--------------------------------------------------------------------------------
Parameters
                           instance_path           ./input/Instances/Original/3/
                            model_policy                                       1
                             nb_vehicles                                       4
                              output_dir ./output/vi_lex_quarter/OU/V4/Original/
                            sec_strategy                                       1
                       solver_nb_threads                                       2
                         solver_show_log                                    true
                       solver_time_limit                                    3600
                              use_vi_cos                                   false
                              use_vi_cus                                   false
                         use_vi_hc1_full                                   false
                         use_vi_hc1_half                                   false
                      use_vi_hc1_quarter                                   false
                              use_vi_hc2                                   false
                              use_vi_hc3                                   false
                         use_vi_lex_full                                   false
                         use_vi_lex_half                                   false
                      use_vi_lex_quarter                                    true
                              use_vi_qua                                   false
                               use_vi_vc                                   false
                               use_vi_vr                                   false
--------------------------------------------------------------------------------
executing instance: ./input/Instances/Original/3/absH3low_2n5.dat
--------------------------------------------------------------------------------
Instance details
n	6
H	3
C	237
Li:
[0, 0, 0, 0, 0, 0, ]
Ui:
[0, 93, 180, 51, 114, 24, ]
Distance matrix:
|0	170	318	35	112	235	|
|170	0	311	205	258	301	|
|318	311	0	326	278	137	|
|35	205	326	0	89	230	|
|112	258	278	89	0	160	|
|235	301	137	230	160	0	|

--------------------------------------------------------------------------------
Building model...
	using lazy and cut (CVRPSEP package)
Solving IRP LP...
--------------------------------------------------------------------------------

Gurobi 9.1.0 (linux64) logging started Sat Jan 23 14:50:56 2021

Gurobi Optimizer version 9.1.0 build v9.1.0rc0 (linux64)
Thread count: 32 physical cores, 32 logical processors, using up to 2 threads
Optimize a model with 210 rows, 336 columns and 1077 nonzeros
Model fingerprint: 0x47b1bc51
Variable types: 84 continuous, 252 integer (72 binary)
Coefficient statistics:
  Matrix range     [1e+00, 2e+02]
  Objective range  [1e-02, 3e+02]
  Bounds range     [1e+00, 2e+02]
  RHS range        [1e+01, 5e+02]
Presolve removed 24 rows and 29 columns
Presolve time: 0.01s

Explored 0 nodes (0 simplex iterations) in 0.01 seconds
Thread count was 1 (of 32 available processors)

Solution count 0

Model is infeasible
Best objective -, best bound -, gap -

User-callback calls 34, time in user-callback 0.00 sec

Computing Irreducible Inconsistent Subsystem (IIS)...

           Constraints          |            Bounds           |  Runtime
      Min       Max     Guess   |   Min       Max     Guess   |
--------------------------------------------------------------------------
        0       210         -         0       464         -           0s
       30        30         -        49        49         -           0s

IIS computed: 30 constraints, 49 bounds
IIS runtime: 0.28 seconds
================================================================================
executing instance: ./input/Instances/Original/3/absH3high_5n30.dat
--------------------------------------------------------------------------------
Instance details
n	31
H	3
C	2296
Li:
[0, 0, 0, 0, 0, 0, 0, 0, 0, 0, 0, 0, 0, 0, 0, 0, 0, 0, 0, 0, 0, 0, 0, 0, 0, 0, 0, 0, 0, 0, 0, ]
Ui:
[0, 80, 90, 297, 28, 264, 123, 192, 112, 32, 72, 88, 294, 129, 126, 105, 110, 237, 246, 92, 72, 147, 54, 96, 128, 96, 84, 28, 74, 196, 192, ]
Distance matrix:
|0	87	302	65	389	171	219	120	412	339	129	63	169	401	383	158	393	161	246	275	64	287	345	235	13	274	106	201	85	358	135	|
|87	0	334	128	402	212	301	204	465	384	187	145	232	424	454	238	475	245	289	352	80	307	352	321	81	352	20	261	170	376	215	|
|302	334	0	239	113	132	237	334	157	70	404	263	162	105	227	229	339	251	65	217	259	53	107	352	293	220	339	134	270	75	235	|
|65	128	239	0	330	107	175	130	348	275	174	40	107	339	326	114	351	125	181	224	58	228	290	222	58	224	143	138	65	297	92	|
|389	402	113	330	0	226	349	438	210	151	502	360	269	48	316	339	441	362	175	328	335	102	55	465	377	330	401	245	371	37	342	|
|171	212	132	107	226	0	169	214	253	173	276	134	64	233	261	130	326	153	77	188	133	125	192	264	162	190	220	68	145	193	125	|
|219	301	237	175	349	169	0	157	257	223	244	157	105	334	180	62	175	61	177	63	233	264	334	118	221	61	317	112	136	312	85	|
|120	204	334	130	438	214	157	0	402	348	88	90	173	438	336	115	307	100	269	220	172	338	406	122	130	218	224	204	69	403	101	|
|412	465	157	348	210	253	257	402	0	88	486	359	245	166	129	287	266	303	178	204	386	208	239	370	406	207	473	212	354	187	304	|
|339	384	70	275	151	173	223	348	88	0	427	291	179	120	166	234	290	254	96	187	306	123	166	342	332	190	391	145	291	119	247	|
|129	187	404	174	502	276	244	88	486	427	0	142	248	508	424	200	390	187	342	308	193	400	464	192	142	306	207	281	136	469	182	|
|63	145	263	40	360	134	157	90	359	291	142	0	114	366	321	95	331	99	202	212	90	258	323	186	65	211	163	148	27	327	72	|
|169	232	162	107	269	64	105	173	245	179	248	114	0	266	222	71	268	94	97	131	155	173	244	203	164	132	245	34	113	233	73	|
|401	424	105	339	48	233	334	438	166	120	508	366	266	0	280	332	409	355	169	305	353	117	96	452	391	308	425	237	374	49	339	|
|383	454	227	326	316	261	180	336	129	166	424	321	222	280	0	231	137	238	208	116	376	277	331	272	381	118	467	197	307	285	253	|
|158	238	229	114	339	130	62	115	287	234	200	95	71	332	231	0	238	23	164	118	171	243	314	134	159	117	255	95	77	302	23	|
|393	475	339	351	441	326	175	307	266	290	390	331	268	409	137	238	0	232	300	138	408	383	445	204	395	136	492	258	308	406	260	|
|161	245	251	125	362	153	61	100	303	254	187	99	94	355	238	23	232	0	187	123	183	267	338	111	164	121	262	117	77	325	34	|
|246	289	65	181	175	77	177	269	178	96	342	202	97	169	208	164	300	187	0	168	210	87	157	290	238	171	296	70	206	138	170	|
|275	352	217	224	328	188	63	220	204	187	308	212	131	305	116	118	138	123	168	0	279	255	322	166	275	3	367	120	195	291	141	|
|64	80	259	58	335	133	233	172	386	306	193	90	155	353	376	171	408	183	210	279	0	236	289	276	51	279	90	182	117	307	150	|
|287	307	53	228	102	125	264	338	208	123	400	258	173	117	277	243	383	267	87	255	236	0	71	374	276	257	308	153	270	71	245	|
|345	352	107	290	55	192	334	406	239	166	464	323	244	96	331	314	445	338	157	322	289	71	0	445	334	325	350	224	337	54	315	|
|235	321	352	222	465	264	118	122	370	342	192	186	203	452	272	134	204	111	290	166	276	374	445	0	243	164	341	221	159	428	142	|
|13	81	293	58	377	162	221	130	406	332	142	65	164	391	381	159	395	164	238	275	51	276	334	243	0	274	100	196	89	347	136	|
|274	352	220	224	330	190	61	218	207	190	306	211	132	308	118	117	136	121	171	3	279	257	325	164	274	0	367	122	194	294	140	|
|106	20	339	143	401	220	317	224	473	391	207	163	245	425	467	255	492	262	296	367	90	308	350	341	100	367	0	272	188	377	232	|
|201	261	134	138	245	68	112	204	212	145	281	148	34	237	197	95	258	117	70	120	182	153	224	221	196	122	272	0	146	208	103	|
|85	170	270	65	371	145	136	69	354	291	136	27	113	374	307	77	308	77	206	195	117	270	337	159	89	194	188	146	0	337	54	|
|358	376	75	297	37	193	312	403	187	119	469	327	233	49	285	302	406	325	138	291	307	71	54	428	347	294	377	208	337	0	306	|
|135	215	235	92	342	125	85	101	304	247	182	72	73	339	253	23	260	34	170	141	150	245	315	142	136	140	232	103	54	306	0	|

--------------------------------------------------------------------------------
Building model...
	using lazy and cut (CVRPSEP package)
Solving IRP LP...
--------------------------------------------------------------------------------

Gurobi 9.1.0 (linux64) logging started Sat Jan 23 14:50:56 2021

Gurobi Optimizer version 9.1.0 build v9.1.0rc0 (linux64)
Thread count: 32 physical cores, 32 logical processors, using up to 2 threads
Optimize a model with 1060 rows, 6436 columns and 15310 nonzeros
Model fingerprint: 0x60d90763
Variable types: 484 continuous, 5952 integer (372 binary)
Coefficient statistics:
  Matrix range     [1e+00, 6e+02]
  Objective range  [1e-01, 5e+02]
  Bounds range     [1e+00, 3e+02]
  RHS range        [1e+01, 4e+03]
Presolve removed 124 rows and 31 columns
Presolve time: 0.04s
Presolved: 936 rows, 6405 columns, 14495 nonzeros
Variable types: 453 continuous, 5952 integer (5592 binary)

Root relaxation: objective 9.007851e+03, 1361 iterations, 0.04 seconds

    Nodes    |    Current Node    |     Objective Bounds      |     Work
 Expl Unexpl |  Obj  Depth IntInf | Incumbent    BestBd   Gap | It/Node Time

     0     0 9007.85143    0  101          - 9007.85143      -     -    0s
     0     0 9318.17622    0  145          - 9318.17622      -     -    0s
     0     0 9339.44472    0  133          - 9339.44472      -     -    0s
     0     0 9680.48406    0  165          - 9680.48406      -     -    0s
     0     0 9713.58996    0  192          - 9713.58996      -     -    0s
     0     0 9714.42185    0  172          - 9714.42185      -     -    0s
     0     0 9875.14838    0  214          - 9875.14838      -     -    0s
     0     0 9887.49213    0  226          - 9887.49213      -     -    0s
     0     0 9887.98340    0  211          - 9887.98340      -     -    0s
     0     0 9963.62330    0  244          - 9963.62330      -     -    1s
     0     0 9966.10109    0  260          - 9966.10109      -     -    1s
     0     0 9967.01007    0  260          - 9967.01007      -     -    1s
     0     0 9980.44143    0  231          - 9980.44143      -     -    1s
     0     0 9984.00309    0  280          - 9984.00309      -     -    1s
     0     0 9984.61085    0  309          - 9984.61085      -     -    1s
     0     0 10003.2478    0  358          - 10003.2478      -     -    1s
     0     0 10007.9238    0  357          - 10007.9238      -     -    1s
     0     0 10008.5289    0  404          - 10008.5289      -     -    1s
     0     0 10012.0793    0  271          - 10012.0793      -     -    2s
     0     0 10012.3464    0  296          - 10012.3464      -     -    2s
     0     0 10018.6609    0  314          - 10018.6609      -     -    2s
     0     0 10018.6629    0  284          - 10018.6629      -     -    2s
     0     2 10020.5162    0  258          - 10020.5162      -     -    3s
    40    43 10101.1768   12  285          - 10020.8621      -   292    5s
   153   161 10503.2520   36  217          - 10020.8621      -   272   10s
   489   461 11523.1492   81   83          - 10020.8621      -   139   15s
   716   672 10148.8616   11  397          - 10022.2770      -   135   20s
   761   697 10252.1623   27  366          - 10106.1072      -   129   25s
   801   724 12925.6520  162  395          - 10118.5758      -   123   30s
   836   749 11497.7661   84  220          - 10120.4289      -   132   35s
   882   779 10629.7606   48  409          - 10127.8372      -   125   40s
   901   792 12925.6520  162  441          - 10128.5729      -   122   45s
   913   804 10146.7379   30  312          - 10146.7379      -   133   50s
   968   845 10489.0601   43  210          - 10146.7879      -   151   55s
  1031   888 10787.0157   59  294          - 10146.7879      -   165   60s
  1142   965 10742.7406   82  193          - 10146.7879      -   174   65s
  1333  1122 11671.2980  144   65          - 10146.7879      -   171   70s
  1487  1202 12165.4704  188   90          - 10146.7879      -   166   75s
  1825  1441 12767.5519  253   66          - 10146.7879      -   150   81s
* 1884  1380             276    14948.240000 10146.7879  32.1%   147   81s
  1979  1453 12903.2541  302   56 14948.2400 10146.7879  32.1%   144   85s
  2027  1482 13050.1878  324   69 14948.2400 10146.7879  32.1%   143   90s
  2163  1512 10325.4447   36  289 14948.2400 10154.6686  32.1%   141   95s
  2214  1554 10455.8139   48  199 14948.2400 10154.6686  32.1%   144  100s
  2279  1596 10531.8160   56  243 14948.2400 10154.6686  32.1%   147  105s
  2352  1658 10677.7755   67  129 14948.2400 10154.6686  32.1%   148  110s
  2385  1673 10740.9773   77  140 14948.2400 10154.6686  32.1%   148  115s
H 2398  1571                    13746.660000 10154.6686  26.1%   148  115s
  2497  1689 10977.9795  125  118 13746.6600 10154.6686  26.1%   148  121s
  2619  1785 11339.0978  188  125 13746.6600 10154.6686  26.1%   145  126s
  2804  1926 12127.2154  269   51 13746.6600 10154.6686  26.1%   141  131s
  2911  1997 12446.1148  317   60 13746.6600 10154.6686  26.1%   138  135s
  3112  2139 10383.8681   39  219 13746.6600 10157.9330  26.1%   134  140s
  3243  2209 10437.0576   44  177 13746.6600 10157.9330  26.1%   132  149s
  3329  2278 10648.0567   66  112 13746.6600 10157.9330  26.1%   131  152s
  3398  2382 10888.2156  113   99 13746.6600 10157.9330  26.1%   131  155s
  3605  2586 10861.5414   38  198 13746.6600 10174.3127  26.0%   128  161s
  3734  2802 12193.1618  114  140 13746.6600 10184.4252  25.9%   127  165s
  4021  3020 infeasible  253      13746.6600 10184.4252  25.9%   122  170s
  4403  3289 10352.6796   32  281 13746.6600 10212.0150  25.7%   116  177s
  4533  3500 10588.0298   52  237 13746.6600 10214.6932  25.7%   115  181s
  4776  3530 10251.5841   35  472 13746.6600 10214.9804  25.7%   112  185s
  4812  3688 10614.3854   52  303 13746.6600 10214.9804  25.7%   113  190s
  5163  4116 11066.3287   54  122 13746.6600 10219.5904  25.7%   111  199s
  5469  4317 10415.1163   31  352 13746.6600 10220.9226  25.6%   108  204s
  5505  4317 10911.8090   67  210 13746.6600 10220.9226  25.6%   108  205s
  5706  4511 11015.0584   71  179 13746.6600 10220.9226  25.6%   106  210s
  5904  4652 12733.3040  225   32 13746.6600 10227.5459  25.6%   106  216s
  6064  4938 10391.1568   33  237 13746.6600 10233.2065  25.6%   104  221s
  6368  5069 10358.2412   33  331 13746.6600 10233.2065  25.6%   102  228s
  6526  5258 11230.0206   83   37 13746.6600 10234.4733  25.5%   103  233s
  6741  5428 infeasible  237      13746.6600 10234.4882  25.5%   102  240s
  6910  5576 10749.9737   50  105 13746.6600 10234.4882  25.5%   102  245s
  7058  5909 11855.5399  173   20 13746.6600 10239.8428  25.5%   101  250s
  7446  5950 12986.9300  234    - 13746.6600 10240.5368  25.5%  97.8  256s
  7490  6118 13443.2100  234    4 13746.6600 10244.8260  25.5%  99.0  261s
  7683  6199 13650.1500  236    8 13746.6600 10249.7571  25.4%  98.7  267s
  7768  6425 10908.4745   69  280 13746.6600 10249.8496  25.4%   100  273s
  8030  6596 12082.0689  122   53 13746.6600 10252.4549  25.4%  99.0  279s
  8187  6596 13630.1900  277   23 13746.6600 10252.4549  25.4%  97.5  280s
  8219  6787 10510.4487   46  259 13746.6600 10255.9704  25.4%  97.9  285s
  8451  7082     cutoff  208      13746.6600 10258.1433  25.4%  97.4  291s
  8771  7194 10654.7516   52  213 13746.6600 10259.2295  25.4%  96.1  297s
  8887  7661 11556.3741   90   78 13746.6600 10259.2295  25.4%  96.9  304s
  8919  7661 11656.2579  106   67 13746.6600 10259.2295  25.4%  97.0  305s
  9371  7797 12944.4880  214   60 13746.6600 10262.3227  25.3%  94.3  311s
  9586  8012 11142.2190   62  173 13746.6600 10263.5439  25.3%  94.2  317s
* 9763  7760             239    13478.790000 10263.5439  23.9%  93.4  318s
  9807  7948     cutoff  245      13478.7900 10264.2246  23.8%  93.9  323s
 10025  8072 11004.3214   61  103 13478.7900 10268.8822  23.8%  93.7  333s
 10164  8433 10673.6652   64  220 13478.7900 10270.8044  23.8%  94.1  339s
 10196  8433 11041.0349   96  138 13478.7900 10270.8044  23.8%  94.0  340s
 10566  8817 infeasible  208      13478.7900 10274.8652  23.8%  92.3  347s
 10988  8950 10481.5033   47  272 13478.7900 10277.3002  23.8%  90.7  353s
 11131  9170 12268.9635  148   68 13478.7900 10279.0417  23.7%  91.2  359s
 11335  9173 12445.9209  146   10 13478.7900 10279.0859  23.7%  91.1  360s
 11477  9360 11198.6431   67  104 13478.7900 10282.9239  23.7%  90.7  365s
 11662  9405 13474.1628  161   51 13478.7900 10283.1987  23.7%  91.1  370s
 11806  9668 11511.3954   98   46 13478.7900 10283.5526  23.7%  92.1  379s
 11899  9668 12506.4691  168   34 13478.7900 10283.5526  23.7%  92.0  380s
 11995  9772 13407.5300  192    8 13478.7900 10284.1170  23.7%  92.1  386s
*12004  9555             194    13336.690000 10284.1170  22.9%  92.0  386s
 12128  9736     cutoff  194      13336.6900 10284.7626  22.9%  92.2  391s
 12340  9945 10878.9073   50  224 13336.6900 10288.4788  22.9%  92.3  398s
 12570 10097 10495.2538   35  351 13336.6900 10292.9485  22.8%  91.9  404s
 12742 10242 10970.5041   72   97 13336.6900 10292.9485  22.8%  92.0  410s
 12888 10631 11845.4296  179   71 13336.6900 10293.8665  22.8%  92.1  416s
 13369 10817 12545.3036  132   37 13336.6900 10296.5642  22.8%  90.5  424s
 13572 10936 10393.7244   36  326 13336.6900 10299.7998  22.8%  90.5  429s
 13705 11250 12859.9950  131   42 13336.6900 10302.6690  22.7%  90.9  457s
 14074 11369     cutoff  155      13336.6900 10304.1676  22.7%  89.7  463s
 14200 11502 10952.8183   68  171 13336.6900 10306.5885  22.7%  90.2  469s
 14293 11502 13064.2894  161   77 13336.6900 10306.5885  22.7%  90.3  470s
 14355 11695 10488.7483   43  266 13336.6900 10306.5885  22.7%  90.6  475s
 14590 12251 10927.6792   67  127 13336.6900 10306.5885  22.7%  90.5  482s
 15198 12279 12373.0136  324   53 13336.6900 10306.5885  22.7%  88.3  485s
 15295 12482 infeasible  245      13336.6900 10310.0389  22.7%  88.9  494s
 15525 12698 11148.7134   64   70 13336.6900 10310.7360  22.7%  88.8  500s
 15740 12873     cutoff  206      13336.6900 10313.2128  22.7%  88.7  505s
 15915 13201 11894.4635  107   66 13336.6900 10315.0550  22.7%  88.9  511s
 16290 13373 11226.7893   68  159 13336.6900 10315.7005  22.7%  87.9  517s
 16489 13553 10948.7028   61  174 13336.6900 10316.4459  22.6%  88.0  522s
 16704 13692 13021.6479  115   54 13336.6900 10317.9346  22.6%  88.1  526s
 16865 13741 infeasible  138      13336.6900 10318.6716  22.6%  88.2  531s
 16915 13885 11024.7494   66  258 13336.6900 10318.7330  22.6%  88.8  535s
 17080 14052 11491.5761  103  133 13336.6900 10321.1745  22.6%  88.9  540s
 17269 14327 10677.5193   49  266 13336.6900 10321.5779  22.6%  89.0  546s
 17565 14464 12365.8107  171   56 13336.6900 10322.1427  22.6%  88.6  551s
 17736 14656 10627.9604   49  238 13336.6900 10324.0136  22.6%  88.7  556s
 17929 14960 10755.6449   66  125 13336.6900 10324.0136  22.6%  88.7  562s
 18375 15188 11588.7894  128   31 13336.6900 10324.1399  22.6%  88.0  569s
 18592 15227 13015.6700  189    - 13336.6900 10324.1399  22.6%  87.2  570s
*18659 14453             191    12991.810000 10324.8677  20.5%  87.4  574s
*18665 14439             190    12985.270000 10324.8677  20.5%  87.3  574s
 18720 14545 10748.1901   43  185 12985.2700 10326.5335  20.5%  87.9  578s
 18834 14688 11610.3324   65  108 12985.2700 10326.7532  20.5%  88.3  583s
 19006 14773 10697.5255   47  236 12985.2700 10326.8709  20.5%  88.6  588s
 19091 15016 11385.7052  102  140 12985.2700 10326.9852  20.5%  89.0  593s
 19375 15076     cutoff  173      12985.2700 10327.3788  20.5%  88.5  598s
 19433 15457 10857.2456   62  193 12985.2700 10328.5643  20.5%  89.0  604s
 19855 15548 12765.1600  162    - 12985.2700 10328.5691  20.5%  88.2  610s
 20039 15650 12064.2494   98  101 12985.2700 10330.2341  20.4%  88.9  615s
 20293 15899 10650.7687   39  323 12985.2700 10330.3616  20.4%  88.9  624s
 20375 16093 11262.0551   51  140 12985.2700 10330.7476  20.4%  89.4  628s
 20598 16265     cutoff   86      12985.2700 10330.9479  20.4%  89.3  634s
 20728 16268 12442.2065  225   56 12985.2700 10333.0239  20.4%  89.2  635s
 21039 16631 10721.5494   53  114 12985.2700 10334.0630  20.4%  89.1  645s
 21228 16801 11544.9342  102  136 12985.2700 10335.0018  20.4%  89.1  650s
 21418 17070 10781.6639   52  187 12985.2700 10335.3905  20.4%  89.0  656s
 21721 17180 12273.9387  105   27 12985.2700 10336.6387  20.4%  88.6  661s
 21845 17313     cutoff  124      12985.2700 10336.6928  20.4%  88.8  666s
 22001 17440 11011.2575   59  128 12985.2700 10337.5539  20.4%  88.8  671s
 22149 17557 10587.8783   45  302 12985.2700 10337.7583  20.4%  89.0  676s
 22280 17706 11478.7728  103   40 12985.2700 10338.4819  20.4%  89.2  681s
 22447 17989 10853.0399   65  163 12985.2700 10339.3750  20.4%  89.3  686s
 22775 18123 10589.0428   50  237 12985.2700 10342.5694  20.4%  88.9  692s
 22984 18200 10637.4697   36  226 12985.2700 10342.8432  20.3%  88.9  697s
 23077 18326 12494.0100   75    - 12985.2700 10343.0808  20.3%  89.3  702s
 23211 18443 10691.6206   55  265 12985.2700 10343.5286  20.3%  89.5  708s
 23331 18531 11656.3920  123   44 12985.2700 10343.5767  20.3%  89.8  713s
 23443 18583     cutoff  135      12985.2700 10343.6825  20.3%  90.1  717s
 23495 18891 10877.6241   69  153 12985.2700 10344.2826  20.3%  90.5  723s
 23882 19043 10866.3069   49  256 12985.2700 10344.2826  20.3%  89.9  729s
 24038 19165 12661.4917  149   23 12985.2700 10344.6215  20.3%  90.0  734s
 24192 19193     cutoff  159      12985.2700 10345.0725  20.3%  90.0  739s
 24223 19310 10879.8791   50  269 12985.2700 10345.6772  20.3%  90.4  751s
 24352 19445 11836.4480   88   46 12985.2700 10346.2648  20.3%  90.5  756s
 24525 19580 10915.2274   67  158 12985.2700 10347.0031  20.3%  90.6  762s
 24685 19679 12162.0353  140   31 12985.2700 10347.2011  20.3%  90.6  767s
 24796 19888 12648.7700  153   28 12985.2700 10347.5238  20.3%  90.9  773s
 25058 19973     cutoff  169      12985.2700 10348.9860  20.3%  90.6  778s
 25148 20122 10868.9599   66  247 12985.2700 10349.1958  20.3%  90.8  782s
 25308 20224 12581.7671  189   35 12985.2700 10349.4637  20.3%  90.8  788s
 25425 20309 11201.2028   62  125 12985.2700 10350.1470  20.3%  91.1  794s
 25523 20459 10629.7997   41  207 12985.2700 10350.1470  20.3%  91.0  799s
 25589 20459 11473.3455   80   84 12985.2700 10350.1470  20.3%  91.1  800s
 25761 20584 11612.3801   77   86 12985.2700 10350.3042  20.3%  91.2  805s
 25858 20751 10688.1290   41  318 12985.2700 10351.1467  20.3%  91.2  810s
 26085 20764 12749.9101  139   18 12985.2700 10351.6379  20.3%  91.1  823s
*26091 19646             138    12720.410000 10351.6379  18.6%  91.1  823s
*26092 18832             137    12584.730000 10351.6379  17.7%  91.1  823s
 26111 18904 10772.9073   50  318 12584.7300 10352.6823  17.7%  91.3  827s
 26187 19147 11422.5424   90  149 12584.7300 10354.1399  17.7%  91.6  832s
 26457 19204 10708.1629   39  318 12584.7300 10354.4659  17.7%  91.3  837s
 26514 19439 11308.6949   69  199 12584.7300 10354.4916  17.7%  91.6  842s
 26762 19605 10619.7218   47  165 12584.7300 10354.4916  17.7%  91.4  849s
 26949 19606 12282.7800  129    - 12584.7300 10354.4916  17.7%  91.4  850s
 27005 19856 11178.5444   97   28 12584.7300 10354.7266  17.7%  91.3  855s
 27275 19926 12083.1692  115   43 12584.7300 10355.4585  17.7%  91.1  860s
 27422 20079 12374.0543  129   45 12584.7300 10355.6220  17.7%  91.3  865s
 27536 20189 infeasible  140      12584.7300 10356.7745  17.7%  91.4  870s
 27660 20328 11197.0058   77   99 12584.7300 10356.9380  17.7%  91.6  875s
 27831 20490 10780.2011   56  200 12584.7300 10357.4528  17.7%  91.7  880s
 27988 20575 12304.5094  116   55 12584.7300 10358.1676  17.7%  91.9  885s
 28110 20728 11101.5311   60  241 12584.7300 10358.5255  17.7%  92.2  890s
 28301 20780 12346.2314  139   16 12584.7300 10359.9069  17.7%  92.2  902s
 28368 20942 10918.9946   59  135 12584.7300 10361.3004  17.7%  92.4  907s
 28552 20992 10588.7603   42  265 12584.7300 10361.8117  17.7%  92.4  913s
 28600 21150 11115.4189   54  144 12584.7300 10361.8117  17.7%  92.8  918s
 28774 21244     cutoff  102      12584.7300 10361.8594  17.7%  92.9  923s
 28898 21387 11519.7530   81  113 12584.7300 10362.9998  17.7%  93.1  929s
 29090 21400 11066.5771   67  216 12584.7300 10363.1969  17.7%  93.0  935s
 29125 21538 11644.5310   99  112 12584.7300 10364.5407  17.6%  93.1  940s
 29245 21649 10533.8990   42  298 12584.7300 10364.5407  17.6%  93.1  945s
 29378 21818 11695.5215   93  137 12584.7300 10364.8859  17.6%  93.3  950s
 29585 21946 10844.9812   50  247 12584.7300 10365.2662  17.6%  93.2  955s
 29725 22139 11883.4914  109  103 12584.7300 10365.3575  17.6%  93.3  961s
 29950 22194 10771.1729   45  287 12584.7300 10365.7060  17.6%  93.2  966s
 30005 22359 11224.6212   68   61 12584.7300 10366.1290  17.6%  93.5  972s
 30195 22418 11953.9329  125   20 12584.7300 10366.3154  17.6%  93.5  977s
 30275 22513     cutoff  148      12584.7300 10366.5149  17.6%  93.7  982s
 30387 22596 11269.6191   76  206 12584.7300 10367.0261  17.6%  93.9  987s
 30479 22728 10605.4614   39  174 12584.7300 10367.0261  17.6%  94.1  993s
 30621 22829 11778.4028   85  105 12584.7300 10367.3082  17.6%  94.2  998s
 30754 22948 10741.6734   44  281 12584.7300 10367.5064  17.6%  94.3 1003s
 30873 23025 12051.2772  100   49 12584.7300 10367.8142  17.6%  94.5 1008s
 30979 23202 11011.8471   54  139 12584.7300 10369.2312  17.6%  94.6 1014s
 31203 23293 10456.6110   33  320 12584.7300 10370.0169  17.6%  94.6 1019s
 31234 23293 12252.2865  104   23 12584.7300 10370.0169  17.6%  94.8 1020s
 31411 23475 11145.9300   52  191 12584.7300 10371.0494  17.6%  95.0 1030s
 31576 23539     cutoff  105      12584.7300 10371.5102  17.6%  95.1 1035s
 31641 23786 11259.3043   68   71 12584.7300 10372.0309  17.6%  95.3 1041s
 31922 23843 12193.9295  115   77 12584.7300 10372.4572  17.6%  95.1 1046s
 31999 23928 10613.3725   45  273 12584.7300 10372.9794  17.6%  95.3 1051s
 32103 24064 11023.2586   55  117 12584.7300 10372.9794  17.6%  95.6 1057s
 32247 24163 12279.1981   81   31 12584.7300 10374.3667  17.6%  95.7 1062s
 32374 24265 infeasible   99      12584.7300 10374.9524  17.6%  95.8 1068s
 32525 24381 11071.0173   66  219 12584.7300 10375.3158  17.6%  95.8 1073s
 32562 24381 11813.8697  103   92 12584.7300 10375.3158  17.6%  95.8 1076s
 32642 24500 10700.9894   44  382 12584.7300 10376.6596  17.5%  96.0 1082s
 32779 24573 11403.4804   65  176 12584.7300 10376.8849  17.5%  96.1 1087s
 32863 24694 10782.9306   49  257 12584.7300 10377.6631  17.5%  96.3 1092s
 33011 24870 11277.4288   86  119 12584.7300 10377.8478  17.5%  96.4 1099s
 33202 24924 10772.9053   47  230 12584.7300 10378.1304  17.5%  96.3 1104s
 33256 25049 11323.1352   63  116 12584.7300 10378.1320  17.5%  96.6 1109s
 33407 25141 10673.2811   40  296 12584.7300 10378.1320  17.5%  96.8 1115s
 33541 25248 12098.4808   78   66 12584.7300 10378.4857  17.5%  97.0 1120s
 33676 25346 11277.9322   52  182 12584.7300 10378.8323  17.5%  97.1 1125s
 33786 25416 10465.4185   40  332 12584.7300 10379.5491  17.5%  97.3 1130s
 33857 25583 10897.2787   54  127 12584.7300 10379.5491  17.5%  97.6 1135s
 34064 25719 11424.0685   85   86 12584.7300 10380.2548  17.5%  97.6 1141s
 34235 25776 infeasible  124      12584.7300 10381.1232  17.5%  97.6 1146s
 34286 25911 11179.5827   61  133 12584.7300 10381.1712  17.5%  97.9 1151s
 34462 25946 10795.7428   34  191 12584.7300 10381.1870  17.5%  97.9 1157s
 34490 25997 10913.4137   45  255 12584.7300 10381.1870  17.5%  98.1 1161s
 34541 26064 10969.6943   45  223 12584.7300 10381.1870  17.5%  98.4 1165s
 34608 26207 11299.2281   50  171 12584.7300 10381.1870  17.5%  98.7 1171s
 34753 26383 11747.9402   59   64 12584.7300 10381.8012  17.5%  98.9 1178s
 35063 26532 infeasible   95      12584.7300 10381.9310  17.5%  98.7 1184s
 35212 26589 11124.8313   49  112 12584.7300 10382.5898  17.5%  98.7 1190s
 35288 26688 11240.3879   63  141 12584.7300 10383.4616  17.5%  98.9 1195s
 35412 26765 12471.5220  124   17 12584.7300 10383.7752  17.5%  99.0 1201s
 35516 26897 11125.1824   56  175 12584.7300 10383.9847  17.5%  99.2 1206s
 35675 27007 infeasible  127      12584.7300 10384.2831  17.5%  99.2 1212s
 35801 27189 10498.4417   41  243 12584.7300 10384.8301  17.5%  99.4 1219s
 36004 27244 10692.9397   37  440 12584.7300 10384.9421  17.5%  99.3 1224s
 36059 27391 11063.5537   48  217 12584.7300 10384.9421  17.5%   100 1230s
 36212 27663 11300.1391   83   87 12584.7300 10385.1184  17.5%   100 1239s
 36556 27714     cutoff  207      12584.7300 10386.6703  17.5%  99.4 1245s
 36606 27807 11217.5827   62  227 12584.7300 10386.8557  17.5%   100 1250s
 36715 27931 12420.5085  123   47 12584.7300 10387.4217  17.5%   100 1256s
 36857 28132 11198.0095   60  197 12584.7300 10387.5428  17.5%   100 1263s
 37074 28223 10684.5289   48  287 12584.7300 10387.5516  17.5%   100 1269s
 37163 28417 11176.1550   74  118 12584.7300 10387.5928  17.5%   100 1276s
 37408 28529     cutoff  117      12584.7300 10388.6919  17.5%   100 1282s
 37531 28637 10488.3091   32  238 12584.7300 10388.9848  17.4%   100 1287s
 37649 28734 11690.6382   70  120 12584.7300 10389.7294  17.4%   100 1293s
 37779 28828 10717.7927   56  233 12584.7300 10390.2840  17.4%   100 1298s
 37879 28937 11628.6218   94  109 12584.7300 10391.1535  17.4%   100 1304s
 38013 29119 11038.1702   63  194 12584.7300 10391.3260  17.4%   101 1310s
 38227 29167 10486.0681   46  292 12584.7300 10391.3260  17.4%   101 1316s
 38287 29283 10824.1281   58  195 12584.7300 10391.3701  17.4%   101 1322s
 38424 29417 11978.4304   92   46 12584.7300 10392.0406  17.4%   101 1328s
 38576 29531 infeasible  120      12584.7300 10392.3097  17.4%   101 1334s
 38707 29557 11440.8527   87   29 12584.7300 10392.3097  17.4%   101 1345s
 38741 29699 11876.7406  106    4 12584.7300 10392.4548  17.4%   101 1352s
 38927 29752     cutoff  127      12584.7300 10393.2378  17.4%   101 1357s
 38980 29908 11181.8532   59  210 12584.7300 10393.3595  17.4%   101 1363s
 39177 29942     cutoff  139      12584.7300 10393.4616  17.4%   101 1368s
 39215 30081 10734.4431   42  242 12584.7300 10393.8015  17.4%   102 1374s
 39250 30081 11129.3971   55   48 12584.7300 10393.8015  17.4%   102 1375s
 39388 30200 11145.6688   56   70 12584.7300 10394.0863  17.4%   102 1380s
 39568 30313     cutoff   87      12584.7300 10394.4517  17.4%   102 1386s
 39696 30451 11082.7358   64  200 12584.7300 10394.6941  17.4%   102 1392s
 39848 30533     cutoff  130      12584.7300 10395.4380  17.4%   102 1398s
 39947 30632     cutoff  129      12584.7300 10395.7879  17.4%   102 1403s
 40050 30717     cutoff  128      12584.7300 10397.2183  17.4%   102 1409s
 40093 30719 12301.6663  155   12 12584.7300 10397.4612  17.4%   102 1410s
 40153 30780 10540.9512   42  103 12584.7300 10397.4612  17.4%   102 1415s
 40218 30925 10834.0292   68   17 12584.7300 10397.9211  17.4%   102 1422s
 40408 31030 infeasible  148      12584.7300 10398.1701  17.4%   102 1428s
 40515 31134 10728.1366   44  323 12584.7300 10398.1701  17.4%   103 1434s
 40559 31134 11434.3656   88  137 12584.7300 10398.1701  17.4%   103 1435s
 40643 31274 11753.2448  102  172 12584.7300 10398.5313  17.4%   103 1441s
 40804 31339 10718.3256   50  285 12584.7300 10398.5313  17.4%   103 1446s
 40882 31525 11127.2230   63   90 12584.7300 10398.5862  17.4%   103 1453s
 41110 31598     cutoff  139      12584.7300 10398.7992  17.4%   103 1459s
 41178 31781 11358.2513   70  202 12584.7300 10398.9506  17.4%   103 1465s
 41391 31899 10895.1943   43  244 12584.7300 10399.0204  17.4%   103 1471s
 41516 31978 11889.7305   99   41 12584.7300 10399.2797  17.4%   103 1477s
 41618 32059 10862.3042   51  190 12584.7300 10399.5007  17.4%   103 1482s
 41699 32213 11563.1180   73   92 12584.7300 10401.2586  17.4%   103 1489s
 41886 32303 10776.3261   49  250 12584.7300 10401.2586  17.4%   104 1495s
 41996 32427 11466.0083   79  143 12584.7300 10401.9001  17.3%   104 1501s
 42126 32620 10720.5293   46  179 12584.7300 10401.9001  17.3%   104 1508s
 42319 32796 11114.5759   67   53 12584.7300 10402.1041  17.3%   104 1516s
 42604 32894 10619.2014   39  295 12584.7300 10402.3439  17.3%   104 1522s
 42705 32981 12434.1900  108   40 12584.7300 10402.4022  17.3%   104 1528s
 42826 33101     cutoff  120      12584.7300 10402.9647  17.3%   104 1534s
 42939 33102 12512.4900  198    4 12584.7300 10403.0635  17.3%   104 1535s
 42956 33361 11249.9396   55  120 12584.7300 10403.2678  17.3%   104 1541s
 43255 33445 10884.5567   50  233 12584.7300 10403.6016  17.3%   104 1548s
 43348 33568 10663.9591   43  352 12584.7300 10403.8542  17.3%   104 1555s
 43504 33643     cutoff   88      12584.7300 10404.0910  17.3%   104 1562s
 43604 33752 10674.1539   39  247 12584.7300 10404.2382  17.3%   104 1568s
 43747 33951 11520.4675   83  150 12584.7300 10404.4413  17.3%   104 1574s
 43779 33951 11771.7983  115  116 12584.7300 10404.4413  17.3%   104 1575s
 43972 34050 10634.7106   41  252 12584.7300 10404.5696  17.3%   104 1581s
 44087 34121 11722.3639   74   82 12584.7300 10404.6437  17.3%   104 1587s
 44170 34213 10938.4125   54  263 12584.7300 10404.8838  17.3%   104 1592s
 44275 34300 10774.6268   43  356 12584.7300 10404.8838  17.3%   104 1599s
 44379 34376 11031.1026   55  200 12584.7300 10404.8838  17.3%   105 1605s
 44455 34615 11427.0196   88   71 12584.7300 10404.9532  17.3%   105 1612s
 44729 34712 10582.9171   40  214 12584.7300 10405.4790  17.3%   105 1619s
 44862 34764 10718.3285   36  350 12584.7300 10405.4929  17.3%   105 1625s
 44914 34921 11317.1088   58   90 12584.7300 10405.5280  17.3%   105 1631s
 45097 35033 10633.2038   39  317 12584.7300 10405.5618  17.3%   105 1639s
 45224 35159 11352.1841   57  158 12584.7300 10406.1348  17.3%   105 1645s
 45371 35254 10745.4437   44  277 12584.7300 10406.1634  17.3%   105 1651s
 45473 35344 11205.6447   71  154 12584.7300 10406.1634  17.3%   105 1657s
 45583 35465 11726.1275  137   74 12584.7300 10406.4885  17.3%   105 1663s
 45733 35544     cutoff  215      12584.7300 10406.5105  17.3%   105 1669s
 45841 35665 10976.1532   48  184 12584.7300 10406.6116  17.3%   106 1676s
 45994 35741 11266.6794   59  200 12584.7300 10406.8960  17.3%   106 1682s
 46094 35849 infeasible   84      12584.7300 10407.1897  17.3%   106 1688s
 46221 35914 11517.6228   95   24 12584.7300 10407.7240  17.3%   106 1693s
 46307 35995     cutoff  136      12584.7300 10407.7925  17.3%   106 1699s
 46323 35995 11356.5126   60  144 12584.7300 10407.8943  17.3%   106 1702s
 46396 36097 10975.5420   51  165 12584.7300 10407.8943  17.3%   106 1708s
 46500 36406 11747.9985   85   41 12584.7300 10407.9063  17.3%   106 1716s
 46857 36455     cutoff  185      12584.7300 10408.0687  17.3%   106 1723s
 46906 36548 10848.3322   49  207 12584.7300 10408.0884  17.3%   106 1729s
 47021 36611 11353.3267   71  172 12584.7300 10408.2359  17.3%   106 1735s
 47112 36721 10811.3585   35  266 12584.7300 10408.3804  17.3%   106 1741s
 47234 36800 11791.3964   76  133 12584.7300 10408.5008  17.3%   106 1753s
 47352 36860     cutoff  126      12584.7300 10408.9730  17.3%   107 1759s
 47414 36978 11906.0272   77  180 12584.7300 10409.2198  17.3%   107 1765s
 47554 37061 10928.0089   47  166 12584.7300 10409.3015  17.3%   107 1771s
 47644 37177 12248.6769  121   11 12584.7300 10409.3410  17.3%   107 1778s
 47794 37216 12498.1564  129   57 12584.7300 10409.7243  17.3%   107 1784s
 47836 37375     cutoff  131      12584.7300 10410.0843  17.3%   107 1790s
 48007 37473 12343.9474  121   24 12584.7300 10410.4774  17.3%   107 1796s
 48117 37587 12552.2300  129    - 12584.7300 10410.5475  17.3%   107 1802s
 48245 37656 12582.7500  129    - 12584.7300 10410.8086  17.3%   107 1809s
*48247 36143             128    12443.770000 10410.8086  16.3%   107 1809s
 48270 36144     cutoff  128      12443.7700 10410.9094  16.3%   107 1810s
 48336 36211     cutoff  129      12443.7700 10411.2070  16.3%   107 1816s
 48417 36351 10726.2803   43  134 12443.7700 10411.5998  16.3%   108 1823s
 48593 36404 10706.2930   46  203 12443.7700 10411.6414  16.3%   108 1829s
 48649 36516 11357.2589   59  151 12443.7700 10411.6783  16.3%   108 1835s
 48787 36761 10717.9831   53  239 12443.7700 10411.8016  16.3%   108 1843s
H48856 35219                    12330.700000 10411.8016  15.6%   108 1843s
 49071 35257 10577.2009   43  331 12330.7000 10411.8831  15.6%   108 1850s
 49114 35389 11306.7193   67  204 12330.7000 10412.1462  15.6%   108 1856s
 49260 35472 10736.7136   45  290 12330.7000 10412.1462  15.6%   108 1863s
 49353 35558 11918.8950   77  117 12330.7000 10412.5913  15.6%   108 1870s
 49455 35661 11239.0480   63  207 12330.7000 10412.7691  15.6%   108 1876s
 49589 35803 10837.6503   50  287 12330.7000 10413.3739  15.5%   108 1883s
 49787 35898     cutoff  123      12330.7000 10413.7048  15.5%   108 1889s
 49877 35976 11670.5717   84  153 12330.7000 10413.7425  15.5%   108 1895s
 50003 36028 10813.2079   50  285 12330.7000 10413.8567  15.5%   108 1901s
 50053 36098 11407.3307   71  163 12330.7000 10413.9189  15.5%   108 1908s
 50151 36186 10568.8686   43  345 12330.7000 10413.9816  15.5%   109 1915s
 50251 36271 11259.6810   61  167 12330.7000 10414.3536  15.5%   109 1921s
 50354 36360 10492.9042   41  288 12330.7000 10414.5437  15.5%   109 1927s
 50443 36553 10855.5564   58  144 12330.7000 10414.6905  15.5%   109 1935s
 50662 36627 10635.6341   36  228 12330.7000 10414.7004  15.5%   109 1942s
 50791 36706 10814.6565   41  197 12330.7000 10414.7057  15.5%   109 1950s
 50864 36887 11558.7198   69   92 12330.7000 10415.1182  15.5%   109 1957s
 51086 36919 10705.5830   49  195 12330.7000 10415.5717  15.5%   109 1963s
 51115 36968 10926.3746   54  180 12330.7000 10415.5717  15.5%   109 1969s
 51164 37083 11231.2689   60  167 12330.7000 10415.5717  15.5%   110 1976s
 51280 37118 11985.9094   78  126 12330.7000 10415.9760  15.5%   110 1983s
 51358 37178 10936.5546   54  144 12330.7000 10416.0020  15.5%   110 1989s
H51398 36846                    12309.820000 10416.0020  15.4%   110 1989s
 51418 36966 11766.8496   94  177 12309.8200 10416.0263  15.4%   110 1995s
 51579 37111 10804.7134   64  113 12309.8200 10416.4331  15.4%   110 2002s
 51750 37154 infeasible  148      12309.8200 10416.5585  15.4%   110 2009s
 51810 37291 11002.5165   61  232 12309.8200 10416.7914  15.4%   110 2015s
 51979 37326 infeasible  158      12309.8200 10417.6156  15.4%   110 2021s
 52012 37437 10915.0206   48  272 12309.8200 10417.6853  15.4%   110 2028s
 52151 37481     cutoff  152      12309.8200 10418.3656  15.4%   110 2034s
 52171 37481 10611.7138   47  230 12309.8200 10418.3656  15.4%   110 2035s
 52195 37577 11018.4878   59  328 12309.8200 10418.3656  15.4%   111 2041s
 52291 37707 11729.6351   90  172 12309.8200 10418.4829  15.4%   111 2048s
 52461 37762 10909.6037   53  262 12309.8200 10418.5322  15.4%   111 2058s
 52520 37824 10755.3428   37  300 12309.8200 10418.6103  15.4%   111 2064s
 52596 37962 11168.7139   50  181 12309.8200 10418.7090  15.4%   111 2070s
 52758 38033 10564.3706   44  296 12309.8200 10418.7328  15.4%   111 2077s
 52829 38206 11140.4496   78   77 12309.8200 10418.9434  15.4%   111 2084s
 53036 38371 11221.2145   59  192 12309.8200 10419.1159  15.4%   111 2091s
 53229 38408 10777.5428   45  262 12309.8200 10419.3649  15.4%   111 2097s
 53266 38507 11167.5265   56  152 12309.8200 10419.3649  15.4%   111 2104s
 53375 38583 12126.1851   88   73 12309.8200 10419.4006  15.4%   111 2111s
