




arguments: ./build/bc_mirp -f ./input/orig_exec_209.cfg
Current dir: /scratch/gui/bc_mirp
File verbosity level: 9
date       time         ( uptime  ) [ thread name/id ]                   file:line     v| 
2021-02-14 08:03:00.243 (   0.386s) [main thread     ]             loguru.cpp:789   INFO| Logging to './output/vi_vc+hc2/OU/V3/Original/execution_14_02_2021_08_03_00.log', mode: 'a', verbosity: 9
--------------------------------------------------------------------------------
Parameters
                           instance_path           ./input/Instances/Original/5/
                            model_policy                                       1
                             nb_vehicles                                       3
                              output_dir      ./output/vi_vc+hc2/OU/V3/Original/
                            sec_strategy                                       1
                       solver_nb_threads                                       2
                         solver_show_log                                    true
                       solver_time_limit                                    3600
                              use_vi_cos                                   false
                              use_vi_cus                                   false
                         use_vi_hc1_full                                   false
                         use_vi_hc1_half                                   false
                      use_vi_hc1_quarter                                   false
                              use_vi_hc2                                    true
                              use_vi_hc3                                   false
                         use_vi_lex_full                                   false
                         use_vi_lex_half                                   false
                      use_vi_lex_quarter                                   false
                              use_vi_qua                                   false
                               use_vi_vc                                    true
                               use_vi_vr                                   false
--------------------------------------------------------------------------------
executing instance: ./input/Instances/Original/5/absH3low_4n50.dat
--------------------------------------------------------------------------------
Instance details
n	51
H	3
C	4066
Li:
[0, 0, 0, 0, 0, 0, 0, 0, 0, 0, 0, 0, 0, 0, 0, 0, 0, 0, 0, 0, 0, 0, 0, 0, 0, 0, 0, 0, 0, 0, 0, 0, 0, 0, 0, 0, 0, 0, 0, 0, 0, 0, 0, 0, 0, 0, 0, 0, 0, 0, 0, ]
Ui:
[0, 108, 126, 122, 66, 120, 48, 30, 128, 54, 158, 198, 36, 66, 210, 234, 147, 297, 171, 128, 116, 120, 219, 70, 294, 207, 134, 128, 234, 122, 22, 183, 195, 255, 132, 124, 66, 189, 219, 66, 128, 102, 288, 66, 87, 136, 36, 39, 282, 36, 237, ]
Distance matrix:
|0	210	444	498	509	104	438	228	487	304	456	434	526	476	163	47	293	396	293	290	313	85	280	437	293	336	409	106	449	376	433	478	193	404	404	534	278	181	380	507	189	438	263	473	353	216	202	218	452	254	465	|
|210	0	299	507	359	106	345	409	358	411	320	402	555	448	136	200	289	264	306	427	141	222	83	348	264	320	283	303	380	208	258	357	170	348	475	542	243	347	355	379	65	479	172	373	355	251	112	229	402	210	300	|
|444	299	0	363	65	358	116	542	66	440	26	241	425	272	282	407	251	51	276	490	159	397	224	124	217	237	48	490	170	99	83	74	261	180	430	385	214	479	231	85	270	390	184	116	271	300	409	276	210	215	54	|
|498	507	363	0	385	482	246	424	326	254	343	123	63	93	388	452	221	337	211	314	428	414	480	239	243	187	324	463	194	418	438	307	346	188	156	36	264	392	156	326	444	87	340	258	154	286	603	294	153	297	417	|
|509	359	65	385	0	422	145	602	59	492	59	269	448	292	348	472	305	115	329	545	218	462	281	152	274	286	106	554	192	153	116	78	326	216	472	403	274	540	271	63	334	425	249	127	316	361	468	337	233	278	69	|
|104	106	358	482	422	0	372	309	408	337	374	396	521	441	98	96	262	314	271	342	215	124	177	373	249	302	329	198	394	281	337	402	139	353	419	518	230	250	343	428	90	437	188	405	328	200	134	188	406	199	372	|
|438	345	116	246	145	372	0	485	87	357	97	126	309	155	279	394	180	101	200	414	223	373	288	8	157	150	84	459	53	188	196	68	245	72	328	269	165	427	128	97	297	280	184	36	175	250	456	233	94	184	170	|
|228	409	542	424	602	309	485	0	561	170	544	419	424	446	298	214	305	491	286	115	462	187	457	480	331	339	496	124	470	510	565	545	295	424	279	454	329	66	376	576	363	340	370	520	330	242	429	266	453	328	581	|
|487	358	66	326	59	408	87	561	0	441	40	211	389	233	324	446	258	95	281	497	220	431	287	95	230	234	79	522	133	164	146	19	297	160	415	344	233	500	215	21	323	367	224	68	261	320	470	299	174	242	106	|
|304	411	440	254	492	337	357	170	441	0	434	266	255	286	275	266	189	392	164	63	408	225	428	351	224	207	392	234	330	438	484	424	250	287	112	284	232	149	233	453	349	170	302	389	185	168	471	195	305	248	487	|
|456	320	26	343	59	374	97	544	40	434	0	223	406	252	294	418	247	60	271	487	181	405	247	105	215	229	49	498	149	124	109	48	270	165	419	364	215	482	218	60	288	375	194	92	261	302	431	279	190	220	75	|
|434	402	241	123	269	396	126	419	211	266	223	0	185	46	298	387	140	213	145	328	310	355	366	118	147	97	201	425	78	295	315	191	256	65	211	151	166	371	53	215	343	157	231	145	90	220	505	217	41	198	295	|
|526	555	425	63	448	521	309	424	389	255	406	185	0	156	430	481	266	398	252	310	485	442	534	301	293	237	386	480	257	478	500	370	390	249	145	55	313	401	212	389	491	89	392	321	201	322	646	334	216	345	479	|
|476	448	272	93	292	441	155	446	233	286	252	46	156	0	343	429	183	250	184	348	353	396	411	148	192	140	236	461	102	334	350	214	302	106	214	113	212	402	98	233	389	151	277	165	125	261	551	260	62	244	325	|
|163	136	282	388	348	98	279	298	324	275	294	298	430	343	0	124	167	234	178	296	167	121	162	279	151	205	247	216	297	224	280	316	42	256	340	423	132	232	246	344	74	349	100	314	233	115	216	97	308	101	307	|
|47	200	407	452	472	96	394	214	446	266	418	387	481	429	124	0	246	358	245	259	284	41	261	392	247	289	370	103	403	345	402	436	150	358	361	488	232	158	333	466	165	393	223	430	306	168	217	171	406	210	431	|
|293	289	251	221	305	262	180	305	258	189	247	140	266	183	167	246	0	204	26	240	238	215	276	175	37	43	203	289	169	255	297	242	125	122	202	257	52	248	87	272	225	191	134	215	67	80	382	77	163	81	298	|
|396	264	51	337	115	314	101	491	95	392	60	213	398	250	234	358	204	0	229	442	130	347	196	108	169	194	19	440	152	87	102	93	211	149	390	363	165	428	194	116	228	355	134	117	230	250	376	225	189	164	95	|
|293	306	276	211	329	271	200	286	281	164	271	145	252	184	178	245	26	229	0	216	262	212	297	195	63	53	228	280	184	280	323	264	138	137	178	248	76	232	95	294	241	173	156	234	60	77	395	83	172	102	324	|
|290	427	490	314	545	342	414	115	497	63	487	328	310	348	296	259	240	442	216	0	443	220	456	408	273	264	443	204	390	479	529	480	278	346	165	343	278	115	293	509	369	229	340	447	244	202	473	230	366	288	536	|
|313	141	159	428	218	215	223	462	220	408	181	310	485	353	167	284	238	130	262	443	0	288	67	228	202	252	149	382	267	67	122	221	168	247	440	459	186	396	273	241	125	423	107	245	291	242	251	214	297	162	160	|
|85	222	397	414	462	124	373	187	431	225	405	355	442	396	121	41	215	347	212	220	288	0	273	371	221	258	357	95	378	344	401	420	136	331	321	450	208	126	302	450	177	353	213	409	272	136	253	143	377	190	426	|
|280	83	224	480	281	177	288	457	287	428	247	366	534	411	162	261	276	196	297	456	67	273	0	292	243	298	215	363	329	128	176	288	179	305	475	513	224	392	324	307	96	466	143	311	335	261	187	235	357	195	219	|
|437	348	124	239	152	373	8	480	95	351	105	118	301	148	279	392	175	108	195	408	228	371	292	0	154	144	91	456	46	194	203	76	244	65	320	261	163	423	121	103	299	273	185	40	168	247	459	230	86	183	178	|
|293	264	217	243	274	249	157	331	230	224	215	147	293	192	151	247	37	169	63	273	202	221	243	154	0	57	170	303	157	217	260	215	110	111	238	278	21	271	94	245	201	223	100	193	92	93	362	78	160	54	263	|
|336	320	237	187	286	302	150	339	234	207	229	97	237	140	205	289	43	194	53	264	252	258	298	144	57	0	190	331	131	257	294	216	163	84	197	221	77	285	44	246	258	172	155	183	39	123	418	119	120	110	288	|
|409	283	48	324	106	329	84	496	79	392	49	201	386	236	247	370	203	19	228	443	149	357	215	91	170	190	0	449	136	105	114	75	221	138	384	349	168	434	185	99	245	346	146	98	224	255	394	231	174	171	99	|
|106	303	490	463	554	198	459	124	522	234	498	425	480	461	216	103	289	440	280	204	382	95	363	456	303	331	449	0	458	439	496	510	229	410	344	498	293	89	374	540	267	391	307	495	336	211	308	226	451	280	520	|
|449	380	170	194	192	394	53	470	133	330	149	78	257	102	297	403	169	152	184	390	267	378	329	46	157	131	136	458	0	238	249	114	259	47	287	216	171	416	96	137	327	235	211	67	145	247	488	235	41	197	223	|
|376	208	99	418	153	281	188	510	164	438	124	295	478	334	224	345	255	87	280	479	67	344	128	194	217	257	105	439	238	0	57	169	216	230	453	445	206	445	268	184	191	427	141	202	296	278	315	250	274	191	92	|
|433	258	83	438	116	337	196	565	146	484	109	315	500	350	280	402	297	102	323	529	122	401	176	203	260	294	114	496	249	57	0	157	271	252	490	463	251	499	296	162	247	457	195	199	331	329	362	302	288	241	47	|
|478	357	74	307	78	402	68	545	19	424	48	191	370	214	316	436	242	93	264	480	221	420	288	76	215	216	75	510	114	169	157	0	287	141	396	325	219	485	196	31	319	347	216	49	243	306	469	286	154	230	120	|
|193	170	261	346	326	139	245	295	297	250	270	256	390	302	42	150	125	211	138	278	168	136	179	244	110	163	221	229	259	216	271	287	0	216	305	382	91	229	204	316	105	310	78	280	192	83	257	60	268	62	292	|
|404	348	180	188	216	353	72	424	160	287	165	65	249	106	256	358	122	149	137	346	247	331	305	65	111	84	138	410	47	230	252	141	216	0	255	215	126	369	56	168	292	210	177	102	103	200	454	189	54	155	234	|
|404	475	430	156	472	419	328	279	415	112	419	211	145	214	340	361	202	390	178	165	440	321	475	320	238	197	384	344	287	453	490	396	305	255	0	181	254	261	201	422	410	69	335	353	160	225	551	246	252	280	482	|
|534	542	385	36	403	518	269	454	344	284	364	151	55	113	423	488	257	363	248	343	459	450	513	261	278	221	349	498	216	445	463	325	382	215	181	0	298	425	189	342	479	115	373	276	190	323	638	330	175	332	439	|
|278	243	214	264	274	230	165	329	233	232	215	166	313	212	132	232	52	165	76	278	186	208	224	163	21	77	168	293	171	206	251	219	91	126	254	298	0	267	114	250	181	242	82	202	112	88	341	68	177	33	258	|
|181	347	479	392	540	250	427	66	500	149	482	371	401	402	232	158	248	428	232	115	396	126	392	423	271	285	434	89	416	445	499	485	229	369	261	425	267	0	325	516	298	313	305	463	281	180	375	203	403	264	516	|
|380	355	231	156	271	343	128	376	215	233	218	53	212	98	246	333	87	194	95	293	273	302	324	121	94	44	185	374	96	268	296	196	204	56	201	189	114	325	0	224	294	161	185	157	49	167	455	163	78	147	284	|
|507	379	85	326	63	428	97	576	21	453	60	215	389	233	344	466	272	116	294	509	241	450	307	103	245	246	99	540	137	184	162	31	316	168	422	342	250	516	224	0	344	371	244	70	271	337	490	317	176	261	120	|
|189	65	270	444	334	90	297	363	323	349	288	343	491	389	74	165	225	228	241	369	125	177	96	299	201	258	245	267	327	191	247	319	105	292	410	479	181	298	294	344	0	414	116	328	291	187	163	165	345	147	282	|
|438	479	390	87	425	437	280	340	367	170	375	157	89	151	349	393	191	355	173	229	423	353	466	273	223	172	346	391	235	427	457	347	310	210	69	115	242	313	161	371	414	0	323	301	133	238	565	253	197	273	444	|
|263	172	184	340	249	188	184	370	224	302	194	231	392	277	100	223	134	134	156	340	107	213	143	185	100	155	146	307	211	141	195	216	78	177	335	373	82	305	185	244	116	323	0	217	192	138	278	110	230	55	214	|
|473	373	116	258	127	405	36	520	68	389	92	145	321	165	314	430	215	117	234	447	245	409	311	40	193	183	98	495	67	202	199	49	280	102	353	276	202	463	157	70	328	301	217	0	205	286	485	269	106	220	167	|
|353	355	271	154	316	328	175	330	261	185	261	90	201	125	233	306	67	230	60	244	291	272	335	168	92	39	224	336	145	296	331	243	192	103	160	190	112	281	49	271	291	133	192	205	0	138	449	141	123	145	323	|
|216	251	300	286	361	200	250	242	320	168	302	220	322	261	115	168	80	250	77	202	242	136	261	247	93	123	255	211	247	278	329	306	83	200	225	323	88	180	167	337	187	238	138	286	138	0	328	28	243	88	340	|
|202	112	409	603	468	134	456	429	470	471	431	505	646	551	216	217	382	376	395	473	251	253	187	459	362	418	394	308	488	315	362	469	257	454	551	638	341	375	455	490	163	565	278	485	449	328	0	313	508	308	406	|
|218	229	276	294	337	188	233	266	299	195	279	217	334	260	97	171	77	225	83	230	214	143	235	230	78	119	231	226	235	250	302	286	60	189	246	330	68	203	163	317	165	253	110	269	141	28	313	0	235	61	315	|
|452	402	210	153	233	406	94	453	174	305	190	41	216	62	308	406	163	189	172	366	297	377	357	86	160	120	174	451	41	274	288	154	268	54	252	175	177	403	78	176	345	197	230	106	123	243	508	235	0	207	264	|
|254	210	215	297	278	199	184	328	242	248	220	198	345	244	101	210	81	164	102	288	162	190	195	183	54	110	171	280	197	191	241	230	62	155	280	332	33	264	147	261	147	273	55	220	145	88	308	61	207	0	253	|
|465	300	54	417	69	372	170	581	106	487	75	295	479	325	307	431	298	95	324	536	160	426	219	178	263	288	99	520	223	92	47	120	292	234	482	439	258	516	284	120	282	444	214	167	323	340	406	315	264	253	0	|

--------------------------------------------------------------------------------
Building model...
	using lazy and cut (CVRPSEP package)
Solving IRP LP...
--------------------------------------------------------------------------------

Gurobi 9.1.0 (linux64) logging started Sun Feb 14 08:03:01 2021

Gurobi Optimizer version 9.1.0 build v9.1.0rc0 (linux64)
Thread count: 32 physical cores, 32 logical processors, using up to 2 threads
Optimize a model with 2031 rows, 12588 columns and 40215 nonzeros
Model fingerprint: 0xaef456a2
Variable types: 654 continuous, 11934 integer (459 binary)
Coefficient statistics:
  Matrix range     [1e+00, 1e+03]
  Objective range  [1e-02, 6e+02]
  Bounds range     [1e+00, 3e+02]
  RHS range        [1e+00, 7e+03]
Presolve removed 458 rows and 349 columns
Presolve time: 0.15s
Presolved: 1573 rows, 12239 columns, 37109 nonzeros
Variable types: 403 continuous, 11836 integer (11357 binary)

Root relaxation: objective 3.376119e+03, 1219 iterations, 0.06 seconds

    Nodes    |    Current Node    |     Objective Bounds      |     Work
 Expl Unexpl |  Obj  Depth IntInf | Incumbent    BestBd   Gap | It/Node Time

     0     0 3376.11867    0  167          - 3376.11867      -     -    0s
     0     0 3628.97927    0  149          - 3628.97927      -     -    0s
     0     0 3629.40955    0  149          - 3629.40955      -     -    0s
     0     0 4249.67213    0  225          - 4249.67213      -     -    1s
     0     0 4414.12802    0  262          - 4414.12802      -     -    1s
     0     0 4418.49422    0  286          - 4418.49422      -     -    1s
     0     0 4419.27333    0  283          - 4419.27333      -     -    1s
     0     0 4426.63584    0  288          - 4426.63584      -     -    1s
     0     0 4433.14212    0  280          - 4433.14212      -     -    1s
     0     0 4433.37598    0  281          - 4433.37598      -     -    1s
     0     0 4529.59434    0  325          - 4529.59434      -     -    2s
     0     0 4537.24534    0  288          - 4537.24534      -     -    2s
     0     0 4542.25883    0  283          - 4542.25883      -     -    2s
     0     0 4544.06927    0  292          - 4544.06927      -     -    2s
     0     0 4544.13903    0  274          - 4544.13903      -     -    2s
     0     0 4616.28803    0  348          - 4616.28803      -     -    3s
     0     0 4630.27406    0  319          - 4630.27406      -     -    4s
     0     0 4631.91215    0  378          - 4631.91215      -     -    4s
     0     0 4648.80142    0  373          - 4648.80142      -     -    4s
     0     0 4657.07535    0  346          - 4657.07535      -     -    4s
     0     0 4659.18510    0  297          - 4659.18510      -     -    4s
     0     0 4659.19285    0  351          - 4659.19285      -     -    4s
     0     0 4667.84065    0  360          - 4667.84065      -     -    5s
     0     0 4670.10683    0  300          - 4670.10683      -     -    5s
     0     0 4670.37408    0  421          - 4670.37408      -     -    5s
     0     0 4676.38687    0  358          - 4676.38687      -     -    5s
     0     0 4676.38687    0  314          - 4676.38687      -     -    5s
     0     2 4676.38687    0  281          - 4676.38687      -     -    7s
    41    44 4815.62560   10  339          - 4683.92961      -   289   10s
   247   277 5420.50294   56  106          - 4683.92961      -   137   15s
*  484   476             218    7456.5100000 4683.92961  37.2%  82.9   17s
   517   496 5998.84409   89  125 7456.51000 4683.92961  37.2%  85.1   21s
   567   549 6231.96254  119   85 7456.51000 4683.92961  37.2%  82.8   25s
   731   698 4765.96993    4  372 7456.51000 4684.95822  37.2%  76.8   30s
   746   700 5006.09200   31  149 7456.51000 4684.95822  37.2%  76.9   35s
   747   701 4796.78474   10  362 7456.51000 4684.95822  37.2%  76.8   47s
   755   706 4813.08939   13  539 7456.51000 4701.52145  36.9%  76.0   50s
   764   712 5025.95559   27  661 7456.51000 4726.74951  36.6%  75.1   56s
   775   720 5184.72747   38  599 7456.51000 4738.63168  36.4%  74.0   60s
   784   726 6929.28238  194  509 7456.51000 4745.48121  36.4%  73.2   65s
H  795   698                    7344.9200000 4747.10958  35.4%  87.8   70s
   797   699 5272.24816   49  397 7344.92000 4747.10958  35.4%  87.6   75s
   800   701 5488.26519   79  521 7344.92000 4747.10958  35.4%  87.2   91s
   807   706 7305.36648  184  547 7344.92000 4747.19543  35.4%  86.5   95s
   811   711 4779.60657   24  407 7344.92000 4747.46049  35.4%  96.4  100s
   843   734 4855.68158   32  350 7344.92000 4789.16102  34.8%   108  105s
   925   796 5076.77914   50  313 7344.92000 4789.16102  34.8%   115  110s
  1045   877 5237.85747   79  266 7344.92000 4789.16102  34.8%   118  115s
  1170   956 5502.51327  104  130 7344.92000 4789.16102  34.8%   118  120s
  1301  1084 5745.04773  121  158 7344.92000 4789.16102  34.8%   116  125s
H 1351  1077                    7309.9200000 4789.16102  34.5%   114  129s
  1414  1068 5737.17666  129  128 7309.92000 4789.16102  34.5%   111  131s
  1461  1079 6032.62090  145   90 7309.92000 4789.16102  34.5%   112  145s
  1509  1130 6338.22206  166  110 7309.92000 4789.16102  34.5%   113  150s
  1608  1189 6978.97831  210   67 7309.92000 4789.16102  34.5%   113  156s
  1659  1197 5179.73724   46  267 7309.92000 4789.16102  34.5%   114  160s
  1720  1246 5281.86829   56  186 7309.92000 4789.16102  34.5%   117  165s
  1787  1302 5490.63368   67  149 7309.92000 4789.16102  34.5%   117  171s
  1851  1340 5604.33693   74  170 7309.92000 4789.16102  34.5%   117  175s
  1956  1377 5832.39191   87  151 7309.92000 4789.16102  34.5%   115  181s
  1978  1405 5844.23902   89  136 7309.92000 4789.16102  34.5%   117  186s
  2028  1441 6073.78481  106  130 7309.92000 4789.16102  34.5%   118  190s
  2102  1505 6424.09455  121   76 7309.92000 4789.16102  34.5%   117  196s
  2150  1547 6619.77350  132   71 7309.92000 4789.16102  34.5%   116  200s
  2241  1551 7195.74726  152   63 7309.92000 4793.12269  34.4%   116  205s
  2276  1548 4865.20395   29  544 7309.92000 4793.12269  34.4%   116  210s
  2296  1557 4977.25777   34  417 7309.92000 4793.12269  34.4%   118  216s
  2316  1582 4958.94800   37  470 7309.92000 4793.12269  34.4%   120  221s
  2346  1608 5053.25486   41  329 7309.92000 4793.12269  34.4%   122  226s
  2389  1647 5066.59372   45  269 7309.92000 4793.12269  34.4%   123  231s
  2443  1671 5146.92144   51  265 7309.92000 4793.12269  34.4%   125  237s
  2464  1699 5260.24506   52  221 7309.92000 4793.12269  34.4%   126  240s
  2523  1762 5261.32993   57  374 7309.92000 4793.12269  34.4%   128  247s
  2581  1795 5248.87552   58  348 7309.92000 4793.12269  34.4%   128  251s
  2634  1859 5298.96691   58  284 7309.92000 4793.12269  34.4%   127  257s
  2721  1828 5366.17878   60  365 7309.92000 4793.12269  34.4%   126  261s
  2756  1849 5351.80356   62  316 7309.92000 4793.12269  34.4%   129  267s
  2776  1861 5383.78462   66  238 7309.92000 4793.12269  34.4%   130  270s
  2795  1912 5468.17352   68  224 7309.92000 4793.12269  34.4%   131  275s
  2911  1957 7036.70000  157   11 7309.92000 4793.12269  34.4%   129  280s
  2920  1972 5601.41360   80  148 7309.92000 4793.12269  34.4%   129  285s
  2955  1988 5608.10603   81  137 7309.92000 4793.12269  34.4%   130  290s
  3014  2051 5728.43442   88  118 7309.92000 4793.12269  34.4%   130  299s
  3049  2110 5882.80435  103  143 7309.92000 4793.12269  34.4%   131  304s
  3108  2182 6009.36777  123   50 7309.92000 4793.12269  34.4%   131  309s
  3167  2182 5139.40137   46  306 7309.92000 4793.12269  34.4%   130  310s
  3180  2265 6381.15732  143   36 7309.92000 4831.24780  33.9%   131  317s
  3296  2276     cutoff  175      7309.92000 4831.24780  33.9%   129  324s
  3299  2304 7300.43000  176    - 7309.92000 4832.00312  33.9%   129  329s
  3333  2384 4921.59872   31  344 7309.92000 4832.00312  33.9%   130  337s
  3410  2489 5104.07850   34  273 7309.92000 4832.00312  33.9%   129  345s
  3535  2607 5168.79123   37  310 7309.92000 4832.00312  33.9%   127  354s
  3627  2615 5920.83000  116   10 7309.92000 4832.00312  33.9%   125  355s
  3661  2727 5179.06294   39  317 7309.92000 4832.00312  33.9%   124  362s
H 3784  2779                    7179.0600000 4832.00312  32.7%   123  371s
  3898  2815 5535.46637   46  296 7179.06000 4832.00312  32.7%   122  377s
  3931  2832 5505.65406   50  229 7179.06000 4832.00312  32.7%   123  401s
  3951  2835 5667.83653   56  225 7179.06000 4832.00312  32.7%   124  426s
  3953  2866 5652.30896   57  297 7179.06000 4832.00312  32.7%   124  433s
  3998  2956 6005.90660   74  131 7179.06000 4836.84417  32.6%   125  442s
  4123  3019 5008.19350   28  442 7179.06000 4836.95267  32.6%   124  449s
  4206  3098 5147.60001   41  405 7179.06000 4836.95267  32.6%   124  468s
  4315  3194 5454.14256   58  221 7179.06000 4836.95267  32.6%   124  477s
  4410  3315 7001.32166  129   37 7179.06000 4842.07851  32.6%   123  487s
  4572  3387 5110.05585   47  199 7179.06000 4844.19450  32.5%   122  497s
  4633  3484 5228.62081   60  106 7179.06000 4844.19450  32.5%   123  506s
  4730  3612 5429.70676   79  100 7179.06000 4844.19450  32.5%   123  516s
  4858  3779 5663.82313  105   79 7179.06000 4844.19450  32.5%   123  527s
  5034  3912 6544.11242  148   25 7179.06000 4846.91368  32.5%   122  538s
  5237  3964     cutoff  166      7179.06000 4854.47909  32.4%   120  548s
  5279  4029 5061.70113   47  242 7179.06000 4856.97476  32.3%   121  557s
  5347  4178 5557.97412   81  128 7179.06000 4863.28630  32.3%   122  569s
  5457  4178 5814.24671   89  127 7179.06000 4865.02986  32.2%   121  570s
  5538  4301 5140.25507   48  332 7179.06000 4865.02986  32.2%   120  581s
  5660  4374 6864.02636  150   11 7179.06000 4867.62298  32.2%   120  593s
  5759  4515 5078.27102   52  250 7179.06000 4867.62298  32.2%   121  605s
  5929  4594 5431.06267   74   45 7179.06000 4867.62298  32.2%   120  618s
  5998  4827 5590.90360   97  113 7179.06000 4869.76434  32.2%   121  636s
  6305  4980     cutoff  186      7179.06000 4869.85169  32.2%   119  649s
  6365  4985 6146.45168   93  162 7179.06000 4869.85169  32.2%   119  650s
  6452  5024 infeasible  186      7179.06000 4876.73898  32.1%   119  660s
  6505  5100 5395.13849   47  232 7179.06000 4876.77670  32.1%   121  671s
  6580  5339 5818.24650   62  214 7179.06000 4876.77670  32.1%   122  687s
  6822  5340 6751.93250  116   15 7179.06000 4876.77670  32.1%   121  690s
  6835  5392 7134.97290  101   73 7179.06000 4877.56158  32.1%   120  706s
  6923  5522 5607.60089   77  140 7179.06000 4878.17752  32.0%   121  719s
  7007  5530 5219.36290   42  222 7179.06000 4878.17752  32.0%   121  720s
  7103  5647     cutoff  118      7179.06000 4879.18023  32.0%   121  731s
  7227  5871 6092.94993  107   47 7179.06000 4880.25069  32.0%   121  750s
  7474  6026 infeasible  154      7179.06000 4882.63681  32.0%   120  769s
  7660  6140 5361.26577   56  367 7179.06000 4883.09296  32.0%   120  785s
  7785  6196 6885.40500  137   19 7179.06000 4883.33729  32.0%   121  800s
  7858  6285 5438.39818   44  271 7179.06000 4883.35159  32.0%   122  817s
  7945  6460 6080.36056   69  126 7179.06000 4883.95181  32.0%   123  838s
  8140  6586 4939.82561   33  545 7179.06000 4883.95181  32.0%   124  858s
  8301  6694 5374.13585   66  221 7179.06000 4885.18832  32.0%   125  876s
  8439  6749     cutoff  155      7179.06000 4885.49947  31.9%   125  892s
  8504  6846 infeasible  155      7179.06000 4886.06493  31.9%   127  909s
  8602  7100 5422.82039   57  339 7179.06000 4886.67564  31.9%   128  928s
  8710  7100 7012.47103  165    9 7179.06000 4886.67564  31.9%   128  930s
  8908  7285 infeasible  181      7179.06000 4891.45757  31.9%   127  949s
  8932  7285 5208.27644   59  202 7179.06000 4891.45757  31.9%   127  952s
  9115  7392 6408.08923  129   16 7179.06000 4895.25694  31.8%   126  968s
  9230  7480     cutoff  140      7179.06000 4896.81319  31.8%   127  983s
  9332  7626 5485.97490   56  189 7179.06000 4897.16721  31.8%   129 1002s
  9480  7916 6033.44804   89   77 7179.06000 4898.08570  31.8%   130 1024s
  9554  7916 6374.73299  113   45 7179.06000 4898.08570  31.8%   129 1025s
  9821  7954 6866.68854  131   51 7179.06000 4898.08978  31.8%   128 1095s
  9859  8001     cutoff  145      7179.06000 4898.64855  31.8%   129 1112s
  9915  8177 5492.82389   54  204 7179.06000 4899.57888  31.8%   130 1130s
 10125  8253 5101.02671   37  394 7179.06000 4899.64573  31.8%   131 1148s
 10203  8400 6025.59840   84  115 7179.06000 4901.41325  31.7%   132 1167s
 10393  8483     cutoff  143      7179.06000 4902.58065  31.7%   132 1187s
 10479  8708 5435.28112   56  177 7179.06000 4902.75967  31.7%   133 1214s
 10563  8708 6463.96318   91   75 7179.06000 4902.75967  31.7%   133 1215s
 10747  8873 4961.66359   35  469 7179.06000 4902.75967  31.7%   133 1237s
 10956  9006 6240.25892  109   21 7179.06000 4903.74335  31.7%   133 1256s
 11096  9118     cutoff  142      7179.06000 4904.20977  31.7%   134 1275s
 11211  9198 6220.39550  106   99 7179.06000 4905.34253  31.7%   135 1321s
 11311  9327     cutoff  142      7179.06000 4905.72377  31.7%   135 1342s
 11457  9415 5794.15171   88  178 7179.06000 4906.57104  31.7%   135 1365s
 11593  9509 5039.59772   40  310 7179.06000 4906.61976  31.7%   136 1385s
 11673  9667 5290.43740   66  163 7179.06000 4906.61976  31.7%   137 1403s
 11819  9667 5387.21646   78  181 7179.06000 4906.61976  31.7%   138 1405s
 11831  9813 5616.70727  112   10 7179.06000 4906.61976  31.7%   138 1432s
 11983 10070 5875.93757  116  112 7179.06000 4907.31245  31.6%   138 1481s
 12301 10107 6960.76542  165   20 7179.06000 4907.32037  31.6%   136 1485s
 12340 10186 6861.89000  167    4 7179.06000 4907.69326  31.6%   136 1505s
 12438 10381 7031.13000  169    2 7179.06000 4909.65583  31.6%   137 1579s
 12535 10388 6892.17618  119   33 7179.06000 4909.65583  31.6%   137 1580s
 12690 10469     cutoff  172      7179.06000 4910.46085  31.6%   136 1600s
 12783 10575     cutoff  174      7179.06000 4911.86286  31.6%   137 1621s
 12818 10575 5093.56450   49  163 7179.06000 4911.86286  31.6%   138 1625s
 12915 10648 5128.28128   47  315 7179.06000 4911.89289  31.6%   138 1646s
 12984 10732 5142.03374   52  190 7179.06000 4911.89289  31.6%   139 1668s
 13068 10849 5283.59032   64  171 7179.06000 4911.89289  31.6%   140 1689s
 13092 10849 5321.53029   73  142 7179.06000 4911.89289  31.6%   140 1690s
 13191 11029 5441.76000   77    - 7179.06000 4911.90559  31.6%   141 1714s
 13276 11033 5999.44911  111   76 7179.06000 4911.90559  31.6%   141 1715s
 13452 11158     cutoff  132      7179.06000 4911.93354  31.6%   142 1737s
 13600 11270 5516.96574   61  267 7179.06000 4913.25024  31.6%   142 1760s
 13738 11349 5012.33873   36  303 7179.06000 4913.27072  31.6%   143 1794s
 13782 11349 6823.54318  123   15 7179.06000 4913.27072  31.6%   143 1795s
 13822 11554 5532.37629   53  192 7179.06000 4913.27072  31.6%   144 1816s
 14071 11749 6260.13000   91   10 7179.06000 4913.98686  31.6%   143 1852s
 14230 11758 6062.73693   81  104 7179.06000 4914.45487  31.5%   143 1855s
 14292 11935     cutoff  137      7179.06000 4915.80513  31.5%   143 1877s
 14494 12128 5035.57847   36  327 7179.06000 4915.80513  31.5%   142 1902s
 14756 12242 6391.64000  118   10 7179.06000 4917.80371  31.5%   142 1924s
 14847 12248 5351.05755   47  207 7179.06000 4918.60936  31.5%   142 1925s
 14868 12323 infeasible  153      7179.06000 4918.76051  31.5%   142 1946s
 14949 12510 5922.59439   75  166 7179.06000 4919.77462  31.5%   143 1971s
 15158 12727     cutoff  129      7179.06000 4920.01673  31.5%   143 1998s
 15408 12877     cutoff  140      7179.06000 4920.77959  31.5%   143 2022s
 15600 12982     cutoff  135      7179.06000 4921.09764  31.5%   142 2045s
 15726 13099 infeasible  134      7179.06000 4921.85683  31.4%   143 2068s
 15826 13101 5877.03186  112   41 7179.06000 4921.90006  31.4%   143 2070s
 15863 13230 5625.08746   51  310 7179.06000 4922.94003  31.4%   143 2090s
 16017 13336     cutoff  141      7179.06000 4923.01878  31.4%   143 2110s
 16158 13510 5839.90361   55  320 7179.06000 4923.41789  31.4%   144 2136s
 16393 13536 5170.07270   41  258 7179.06000 4924.30570  31.4%   143 2163s
 16414 13725 5282.01886   51  129 7179.06000 4924.99035  31.4%   143 2185s
 16639 13781     cutoff  139      7179.06000 4925.18683  31.4%   143 2207s
 16722 13964 5485.53767   61  277 7179.06000 4926.41383  31.4%   144 2231s
 16918 14129 7108.84000  154   10 7179.06000 4926.71489  31.4%   144 2255s
 17155 14277 infeasible  161      7179.06000 4927.83086  31.4%   143 2280s
 17322 14385 5712.94771   70  223 7179.06000 4928.75880  31.3%   144 2305s
 17472 14438     cutoff  161      7179.06000 4929.52530  31.3%   144 2326s
 17516 14508 5294.87677   42  203 7179.06000 4929.52530  31.3%   145 2346s
 17586 14529 5471.46521   53  343 7179.06000 4929.52530  31.3%   146 2378s
 17607 14689 5598.98724   56  110 7179.06000 4929.52530  31.3%   146 2401s
 17777 14779 5787.28876   69  245 7179.06000 4929.52530  31.3%   147 2423s
 17882 14989 5966.10301   95   39 7179.06000 4929.52530  31.3%   147 2450s
 18124 15107 6476.37744  124   50 7179.06000 4930.21222  31.3%   147 2476s
 18270 15165     cutoff  182      7179.06000 4930.83857  31.3%   148 2497s
 18334 15308 5483.99339   53  235 7179.06000 4930.88697  31.3%   149 2519s
 18395 15308 6380.24652  114   41 7179.06000 4930.88697  31.3%   149 2520s
 18498 15393 7099.14643  136   43 7179.06000 4930.90731  31.3%   149 2545s
 18615 15490 5505.86348   55  412 7179.06000 4930.96409  31.3%   150 2567s
 18713 15663 6470.88108  128  114 7179.06000 4931.55930  31.3%   150 2590s
 18943 15794 6885.77055  116   16 7179.06000 4932.08690  31.3%   150 2614s
 18999 15800 5514.13694   62  168 7179.06000 4932.08690  31.3%   150 2615s
 19087 15917     cutoff  130      7179.06000 4932.09413  31.3%   150 2644s
 19233 16039 5830.20103   52  234 7179.06000 4932.66726  31.3%   150 2713s
 19397 16233 5419.77975   58  178 7179.06000 4933.08762  31.3%   150 2739s
 19471 16233 6991.75207  132   14 7179.06000 4933.08762  31.3%   150 2740s
 19631 16302     cutoff  138      7179.06000 4933.82921  31.3%   149 2767s
 19699 16439 5533.77008   51  285 7179.06000 4933.87184  31.3%   149 2796s
*19784 16392             136    7148.7600000 4933.87184  31.0%   149 2796s
*19785 16093             136    7067.3800000 4933.87184  30.2%   149 2796s
*19786 15622             135    6951.3800000 4933.87184  29.0%   149 2796s
*19792 15494             133    6919.0300000 4933.87184  28.7%   149 2796s
 19874 15544 5081.25336   38  331 6919.03000 4934.11649  28.7%   150 2837s
 19935 15677 5237.30162   51  146 6919.03000 4934.11649  28.7%   150 2886s
 20068 15919 5449.92037   70   62 6919.03000 4934.11649  28.7%   151 2912s
 20080 15919 5486.71588   77   47 6919.03000 4934.11649  28.7%   151 2927s
 20344 15934 5325.01034   61  219 6919.03000 4934.11649  28.7%   150 2930s
 20345 16029 6026.15334  119   65 6919.03000 4934.36933  28.7%   150 2954s
 20429 16055 6668.03000  141    4 6919.03000 4934.36933  28.7%   150 2955s
 20542 16169     cutoff  148      6919.03000 4934.48336  28.7%   150 2987s
 20673 16242 5218.65388   35  449 6919.03000 4935.40582  28.7%   150 3009s
 20735 16242 5347.35596   66  149 6919.03000 4935.40582  28.7%   151 3010s
 20748 16386 5964.99077   64  279 6919.03000 4935.55681  28.7%   151 3057s
 20940 16566 5432.44772   64  217 6919.03000 4935.72947  28.7%   151 3084s
 20952 16566 5535.66256   76  134 6919.03000 4935.72947  28.7%   151 3085s
 21159 16750 infeasible  144      6919.03000 4936.01836  28.7%   150 3111s
 21393 16909 5103.21239   41  278 6919.03000 4936.50783  28.7%   150 3139s
 21424 16909 5723.53696   72   23 6919.03000 4936.50783  28.7%   150 3140s
 21543 16921 5531.24611   63  240 6919.03000 4937.18140  28.6%   149 3153s
 21607 16952     cutoff  136      6919.03000 4937.66050  28.6%   149 3176s
H21628 16186                    6744.7700000 4937.66050  26.8%   150 3176s
 21640 16252 5492.28847   54  361 6744.77000 4937.97190  26.8%   150 3200s
 21729 16295 5071.55234   38  382 6744.77000 4937.97190  26.8%   150 3224s
 21770 16371 5350.59934   53  124 6744.77000 4937.97190  26.8%   151 3248s
 21846 16475 5556.99102   76   65 6744.77000 4937.97190  26.8%   152 3289s
 21906 16476 5984.90601   97   40 6744.77000 4937.97190  26.8%   152 3290s
 21954 16629 5872.17000   94    - 6744.77000 4939.17049  26.8%   152 3316s
 22138 16753 6246.54000  138    - 6744.77000 4939.24013  26.8%   152 3344s
 22290 16895 6344.42000  138   10 6744.77000 4940.20474  26.8%   152 3374s
 22353 16899 5760.33894   97  112 6744.77000 4940.20474  26.8%   152 3375s
 22476 17053 infeasible  151      6744.77000 4940.98486  26.7%   151 3401s
 22661 17165     cutoff  118      6744.77000 4941.47455  26.7%   151 3429s
 22698 17165 5184.64283   61  109 6744.77000 4941.47455  26.7%   151 3430s
 22772 17348 5446.51689   79   88 6744.77000 4941.54618  26.7%   152 3455s
 22955 17574 5802.19784  133   64 6744.77000 4941.90382  26.7%   152 3484s
 23027 17575 6323.13500  155   28 6744.77000 4941.90382  26.7%   151 3485s
 23239 17662     cutoff  163      6744.77000 4942.81535  26.7%   151 3510s
 23340 17805 6028.93000   83   36 6744.77000 4943.22143  26.7%   151 3537s
 23521 17911 6434.41000  107   65 6744.77000 4943.86814  26.7%   151 3600s

Cutting planes:
  User: 6721
  Gomory: 32
  Cover: 378
  Implied bound: 136
  Clique: 18
  MIR: 107
  StrongCG: 1
  Flow cover: 289
  GUB cover: 5
  Zero half: 27
  Network: 3
  RLT: 233
  Relax-and-lift: 2
  Lazy constraints: 7391

Explored 23653 nodes (3591702 simplex iterations) in 3601.67 seconds
Thread count was 2 (of 32 available processors)

Solution count 9: 6744.77 6919.03 6951.38 ... 7456.51

Time limit reached
Best objective 6.744770000000e+03, best bound 4.944011030489e+03, gap 26.6986%

User-callback calls 361376, time in user-callback 385.46 sec
================================================================================
executing instance: ./input/Instances/Original/5/absH3low_4n25.dat
--------------------------------------------------------------------------------
Instance details
n	26
H	3
C	2029
Li:
[0, 0, 0, 0, 0, 0, 0, 0, 0, 0, 0, 0, 0, 0, 0, 0, 0, 0, 0, 0, 0, 0, 0, 0, 0, 0, ]
Ui:
[0, 34, 165, 76, 88, 188, 58, 279, 52, 132, 198, 142, 135, 165, 186, 58, 201, 196, 40, 183, 32, 90, 168, 126, 93, 146, ]
Distance matrix:
|0	299	188	235	91	202	152	147	162	277	268	132	71	162	220	69	220	289	241	124	265	80	162	132	66	302	|
|299	0	468	431	282	142	317	425	443	569	193	178	359	302	422	231	93	28	511	325	457	242	434	215	240	601	|
|188	468	0	153	265	342	308	43	192	106	455	290	117	206	142	246	379	464	252	274	360	267	211	319	231	184	|
|235	431	153	0	326	289	386	145	321	240	482	269	184	129	15	258	339	436	393	355	477	305	336	354	237	334	|
|91	282	265	326	0	228	66	228	166	339	196	157	154	242	311	99	225	264	229	50	201	47	153	71	115	340	|
|202	142	342	289	228	0	285	301	363	447	255	73	245	161	281	139	53	151	440	278	428	181	360	187	136	495	|
|152	317	308	386	66	285	0	275	167	368	188	217	207	308	371	163	274	295	210	34	145	108	148	104	181	350	|
|147	425	43	145	228	301	275	0	179	146	415	248	76	172	131	203	337	421	248	242	341	227	195	279	188	211	|
|162	443	192	321	166	363	167	179	0	216	352	291	152	302	307	225	375	428	81	138	170	201	22	237	227	183	|
|277	569	106	240	339	447	368	146	216	0	535	391	210	312	232	341	481	562	245	335	381	352	238	402	329	106	|
|268	193	455	482	196	255	188	415	352	535	0	225	339	367	469	224	212	165	398	214	302	188	335	136	245	533	|
|132	178	290	269	157	73	217	248	291	391	225	0	183	145	258	66	91	175	367	207	358	110	287	127	67	431	|
|71	359	117	184	154	245	207	76	152	210	339	183	0	152	169	131	274	352	232	174	294	151	161	203	119	251	|
|162	302	206	129	242	161	308	172	302	312	367	145	152	0	120	153	210	308	383	284	426	208	309	249	132	383	|
|220	422	142	15	311	281	371	131	307	232	469	258	169	120	0	245	330	427	379	340	461	291	321	340	224	324	|
|69	231	246	258	99	139	163	203	225	341	224	66	131	153	245	0	152	222	301	147	299	57	221	97	22	371	|
|220	93	379	339	225	53	274	337	375	481	212	91	274	210	330	152	0	99	448	273	419	180	369	171	157	521	|
|289	28	464	436	264	151	295	421	428	562	165	175	352	308	427	222	99	0	493	305	434	227	418	196	234	590	|
|241	511	252	393	229	440	210	248	81	245	398	367	232	383	379	301	448	493	0	190	147	270	80	298	305	175	|
|124	325	274	355	50	278	34	242	138	335	214	207	174	284	340	147	273	305	190	0	152	97	122	110	162	320	|
|265	457	360	477	201	428	145	341	170	381	302	358	294	426	461	299	419	434	147	152	0	248	150	249	312	322	|
|80	242	267	305	47	181	108	227	201	352	188	110	151	208	291	57	180	227	270	97	248	0	192	52	76	366	|
|162	434	211	336	153	360	148	195	22	238	335	287	161	309	321	221	369	418	80	122	150	192	0	224	225	203	|
|132	215	319	354	71	187	104	279	237	402	136	127	203	249	340	97	171	196	298	110	249	52	224	0	118	409	|
|66	240	231	237	115	136	181	188	227	329	245	67	119	132	224	22	157	234	305	162	312	76	225	118	0	364	|
|302	601	184	334	340	495	350	211	183	106	533	431	251	383	324	371	521	590	175	320	322	366	203	409	364	0	|

--------------------------------------------------------------------------------
Building model...
	using lazy and cut (CVRPSEP package)
Solving IRP LP...
--------------------------------------------------------------------------------

Gurobi 9.1.0 (linux64) logging started Sun Feb 14 09:03:04 2021

Gurobi Optimizer version 9.1.0 build v9.1.0rc0 (linux64)
Thread count: 32 physical cores, 32 logical processors, using up to 2 threads
Optimize a model with 1031 rows, 3488 columns and 11690 nonzeros
Model fingerprint: 0x0aa49bf3
Variable types: 329 continuous, 3159 integer (234 binary)
Coefficient statistics:
  Matrix range     [1e+00, 7e+02]
  Objective range  [1e-02, 6e+02]
  Bounds range     [1e+00, 3e+02]
  RHS range        [1e+00, 3e+03]
Presolve removed 244 rows and 182 columns
Presolve time: 0.08s
Presolved: 787 rows, 3306 columns, 10782 nonzeros
Variable types: 200 continuous, 3106 integer (2874 binary)

Root relaxation: objective 2.357672e+03, 832 iterations, 0.02 seconds

    Nodes    |    Current Node    |     Objective Bounds      |     Work
 Expl Unexpl |  Obj  Depth IntInf | Incumbent    BestBd   Gap | It/Node Time

     0     0 2357.67185    0   71          - 2357.67185      -     -    0s
     0     0 2574.07208    0  128          - 2574.07208      -     -    0s
     0     0 2576.28779    0  128          - 2576.28779      -     -    0s
     0     0 3016.66176    0  157          - 3016.66176      -     -    0s
     0     0 3037.56269    0  172          - 3037.56269      -     -    0s
     0     0 3038.75702    0  175          - 3038.75702      -     -    0s
     0     0 3038.97366    0  189          - 3038.97366      -     -    0s
     0     0 3141.74938    0  201          - 3141.74938      -     -    0s
     0     0 3185.36321    0  202          - 3185.36321      -     -    0s
