




arguments: ./build/bc_mirp -f ./input/orig_exec_17.cfg
Current dir: /scratch/gui/bc_mirp
File verbosity level: 9
date       time         ( uptime  ) [ thread name/id ]                   file:line     v| 
2021-02-06 14:46:15.523 (   0.626s) [main thread     ]             loguru.cpp:789   INFO| Logging to './output/vi_vc+hc2/OU/V3/Original/execution_06_02_2021_14_46_15.log', mode: 'a', verbosity: 9
--------------------------------------------------------------------------------
Parameters
                           instance_path           ./input/Instances/Original/1/
                            model_policy                                       1
                             nb_vehicles                                       3
                              output_dir      ./output/vi_vc+hc2/OU/V3/Original/
                            sec_strategy                                       1
                       solver_nb_threads                                       2
                         solver_show_log                                    true
                       solver_time_limit                                    3600
                              use_vi_cos                                   false
                              use_vi_cus                                   false
                         use_vi_hc1_full                                   false
                         use_vi_hc1_half                                   false
                      use_vi_hc1_quarter                                   false
                              use_vi_hc2                                    true
                              use_vi_hc3                                   false
                         use_vi_lex_full                                   false
                         use_vi_lex_half                                   false
                      use_vi_lex_quarter                                   false
                              use_vi_qua                                   false
                               use_vi_vc                                    true
                               use_vi_vr                                   false
--------------------------------------------------------------------------------
executing instance: ./input/Instances/Original/1/absH3high_1n5.dat
--------------------------------------------------------------------------------
Instance details
n	6
H	3
C	289
Li:
[0, 0, 0, 0, 0, 0, ]
Ui:
[0, 195, 105, 116, 72, 22, ]
Distance matrix:
|0	85	349	17	203	289	|
|85	0	265	102	214	226	|
|349	265	0	366	368	238	|
|17	102	366	0	207	302	|
|203	214	368	207	0	431	|
|289	226	238	302	431	0	|

--------------------------------------------------------------------------------
Building model...
	using lazy and cut (CVRPSEP package)
Solving IRP LP...
--------------------------------------------------------------------------------

Gurobi 9.1.0 (linux64) logging started Sat Feb  6 14:46:15 2021

Gurobi Optimizer version 9.1.0 build v9.1.0rc0 (linux64)
Thread count: 32 physical cores, 32 logical processors, using up to 2 threads
Optimize a model with 231 rows, 258 columns and 1020 nonzeros
Model fingerprint: 0x27246158
Variable types: 69 continuous, 189 integer (54 binary)
Coefficient statistics:
  Matrix range     [1e+00, 2e+02]
  Objective range  [2e-01, 4e+02]
  Bounds range     [1e+00, 2e+02]
  RHS range        [1e+00, 5e+02]
Presolve removed 94 rows and 67 columns
Presolve time: 0.02s
Presolved: 137 rows, 191 columns, 656 nonzeros
Variable types: 32 continuous, 159 integer (114 binary)
Found heuristic solution: objective 3896.0800000
Found heuristic solution: objective 2887.3300000

Root relaxation: objective 1.735166e+03, 160 iterations, 0.00 seconds

    Nodes    |    Current Node    |     Objective Bounds      |     Work
 Expl Unexpl |  Obj  Depth IntInf | Incumbent    BestBd   Gap | It/Node Time

     0     0 1735.16608    0   22 2887.33000 1735.16608  39.9%     -    0s
H    0     0                    2523.7700000 1735.16608  31.2%     -    0s
     0     0 1916.62250    0   15 2523.77000 1916.62250  24.1%     -    0s
H    0     0                    2488.0300000 1916.62250  23.0%     -    0s
H    0     0                    2486.3500000 1916.62250  22.9%     -    0s
     0     0 2121.40537    0   39 2486.35000 2121.40537  14.7%     -    0s
     0     0 2163.14650    0   42 2486.35000 2163.14650  13.0%     -    0s
     0     0 2165.97553    0   42 2486.35000 2165.97553  12.9%     -    0s
     0     0 2165.99848    0   43 2486.35000 2165.99848  12.9%     -    0s
     0     0 2312.77142    0   59 2486.35000 2312.77142  6.98%     -    0s
H    0     0                    2414.0300000 2312.77142  4.19%     -    0s
     0     0 2313.26793    0   39 2414.03000 2313.26793  4.17%     -    0s
     0     0 2334.27177    0   49 2414.03000 2334.27177  3.30%     -    0s
     0     0 2334.27177    0   15 2414.03000 2334.27177  3.30%     -    0s
     0     0 2334.27177    0   29 2414.03000 2334.27177  3.30%     -    0s
     0     0 2409.16394    0   22 2414.03000 2409.16394  0.20%     -    0s

Cutting planes:
  Gomory: 3
  Cover: 10
  Implied bound: 5
  Clique: 2
  MIR: 11
  Flow cover: 7
  RLT: 4
  Relax-and-lift: 1

Explored 1 nodes (605 simplex iterations) in 0.12 seconds
Thread count was 2 (of 32 available processors)

Solution count 6: 2414.03 2486.35 2488.03 ... 3896.08

Optimal solution found (tolerance 1.00e-04)
Best objective 2.414030000000e+03, best bound 2.414030000000e+03, gap 0.0000%

User-callback calls 221, time in user-callback 0.00 sec
================================================================================
executing instance: ./input/Instances/Original/1/absH3high_1n45.dat
--------------------------------------------------------------------------------
Instance details
n	46
H	3
C	3462
Li:
[0, 0, 0, 0, 0, 0, 0, 0, 0, 0, 0, 0, 0, 0, 0, 0, 0, 0, 0, 0, 0, 0, 0, 0, 0, 0, 0, 0, 0, 0, 0, 0, 0, 0, 0, 0, 0, 0, 0, 0, 0, 0, 0, 0, 0, 0, ]
Ui:
[0, 273, 270, 36, 165, 192, 148, 45, 30, 75, 180, 198, 112, 117, 90, 64, 180, 22, 264, 174, 168, 270, 86, 66, 26, 66, 237, 156, 92, 108, 144, 72, 30, 45, 94, 54, 174, 96, 198, 136, 44, 180, 210, 249, 198, 48, ]
Distance matrix:
|0	281	201	160	249	201	93	431	236	139	252	136	116	166	390	110	349	374	303	180	327	464	236	70	44	461	346	439	363	254	312	426	305	206	71	137	169	200	247	260	20	219	256	253	460	278	|
|281	0	448	170	53	142	338	184	121	290	371	390	222	302	111	289	169	434	230	177	238	441	59	212	319	211	86	235	399	306	53	176	99	202	263	157	361	101	370	201	264	344	364	374	469	184	|
|201	448	0	285	430	325	114	556	361	171	191	64	228	174	546	294	453	306	364	289	388	435	393	254	157	585	491	536	318	254	490	554	436	407	266	292	108	388	186	337	207	181	205	190	408	364	|
|160	170	285	0	169	43	182	280	80	120	208	231	58	132	262	230	190	294	151	24	174	345	112	107	183	309	207	280	268	158	219	276	155	235	187	45	192	150	205	107	140	177	202	210	356	119	|
|249	53	430	169	0	152	317	238	145	282	377	369	212	299	157	242	215	452	261	183	273	474	76	181	290	264	140	287	421	320	63	229	145	148	221	142	352	53	374	226	234	346	370	378	498	215	|
|201	142	325	43	152	0	224	237	37	156	230	273	101	164	224	261	148	300	127	38	147	333	83	142	225	266	167	238	270	168	193	233	112	246	221	70	228	148	228	84	180	202	222	232	351	87	|
|93	338	114	182	317	224	0	460	262	92	180	52	124	112	440	199	364	307	292	191	317	415	284	140	57	490	387	452	304	208	377	457	336	297	163	181	84	274	175	256	95	152	188	180	402	280	|
|431	184	556	280	238	237	460	0	199	385	420	508	337	385	108	464	110	429	219	269	206	378	202	365	460	30	98	84	388	340	204	9	126	386	432	294	453	283	421	226	411	404	408	423	422	198	|
|236	121	361	80	145	37	262	199	0	191	255	310	138	197	191	290	114	312	118	72	133	330	69	175	262	229	132	204	279	186	174	195	75	258	251	102	262	153	254	81	216	230	246	257	353	72	|
|139	290	171	120	282	156	92	385	191	0	116	129	71	27	380	246	283	235	201	119	226	329	231	141	129	414	323	367	224	119	336	383	266	308	202	141	72	252	112	169	127	82	118	117	322	195	|
|252	371	191	208	377	230	180	420	255	116	0	187	178	90	443	361	311	127	204	195	224	246	313	257	232	446	382	380	129	81	423	421	320	422	318	242	100	355	5	195	241	34	15	2	225	224	|
|136	390	64	231	369	273	52	508	310	129	187	0	173	141	491	233	409	313	330	239	355	431	335	191	93	538	438	495	316	233	429	505	385	342	203	233	88	325	182	297	143	167	199	187	412	323	|
|116	222	228	58	212	101	124	337	138	71	178	173	0	91	319	206	244	284	187	69	212	357	165	85	130	367	265	333	264	151	267	333	213	244	161	70	140	181	175	145	97	145	177	180	359	165	|
|166	302	174	132	299	164	112	385	197	27	90	141	91	0	388	273	280	208	191	127	215	305	243	167	153	413	329	361	198	96	351	383	270	333	229	159	68	272	86	163	153	56	92	91	296	190	|
|390	111	546	262	157	224	440	108	191	380	443	491	319	388	0	399	164	480	264	261	261	456	156	320	426	125	62	186	442	369	107	99	125	300	374	260	452	210	443	252	372	420	433	446	494	227	|
|110	289	294	230	242	261	199	464	290	246	361	233	206	273	399	0	402	480	382	254	404	562	262	124	143	493	369	490	466	355	302	457	344	135	45	191	279	189	356	337	120	328	364	362	563	348	|
|349	169	453	190	215	148	364	110	114	283	311	409	244	280	164	402	0	324	110	174	101	292	151	289	372	135	109	90	284	230	212	111	70	354	364	216	348	245	312	118	329	295	298	313	330	90	|
|374	434	306	294	452	300	307	429	312	235	127	313	284	208	480	480	324	0	216	274	223	137	380	368	357	448	419	367	40	136	487	432	358	525	436	336	227	443	132	234	361	156	119	127	102	255	|
|303	230	364	151	261	127	292	219	118	201	204	330	187	191	264	382	110	216	0	128	25	213	185	258	314	243	203	176	178	123	282	221	144	372	338	193	256	270	206	45	283	193	191	206	239	46	|
|180	177	289	24	183	38	191	269	72	119	195	239	69	127	261	254	174	274	128	0	151	321	118	130	198	299	204	263	246	139	228	266	147	258	211	68	191	169	193	83	159	166	188	197	333	98	|
|327	238	388	174	273	147	317	206	133	226	224	355	212	215	261	404	101	223	25	151	0	203	198	281	339	228	202	156	184	143	288	209	146	390	362	215	280	286	226	68	308	215	210	226	235	61	|
|464	441	435	345	474	333	415	378	330	329	246	431	357	305	456	562	292	137	213	321	203	0	398	440	458	390	400	301	117	211	492	384	348	578	517	389	344	480	251	251	448	265	233	246	54	259	|
|236	59	393	112	76	83	284	202	69	231	313	335	165	243	156	262	151	380	185	118	198	398	0	167	270	231	110	233	347	250	110	195	85	203	230	103	303	95	311	150	217	284	305	315	422	139	|
|70	212	254	107	181	142	140	365	175	141	257	191	85	167	320	124	289	368	258	130	281	440	167	0	109	394	277	378	349	236	244	359	239	167	81	73	196	135	253	213	53	223	257	258	444	226	|
|44	319	157	183	290	225	57	460	262	129	232	93	130	153	426	143	372	357	314	198	339	458	270	109	0	490	379	462	351	247	353	456	334	250	110	168	140	243	226	274	56	201	238	232	449	294	|
|461	211	585	309	264	266	490	30	229	414	446	538	367	413	125	493	135	448	243	299	228	390	231	394	490	0	125	89	408	365	226	36	156	412	462	324	481	311	447	253	441	430	433	448	436	225	|
|346	86	491	207	140	167	387	98	132	323	382	438	265	329	62	369	109	419	203	204	202	400	110	277	379	125	0	155	381	307	113	90	63	288	339	211	394	186	382	190	327	359	371	384	436	165	|
|439	235	536	280	287	238	452	84	204	367	380	495	333	361	186	490	90	367	176	263	156	301	233	378	462	89	155	0	326	299	267	92	148	432	454	306	429	325	382	199	419	369	366	382	348	172	|
|363	399	318	268	421	270	304	388	279	224	129	316	264	198	442	466	284	40	178	246	184	117	347	349	351	408	381	326	0	113	452	391	321	502	422	311	229	415	134	199	348	152	118	130	98	219	|
|254	306	254	158	320	168	208	340	186	119	81	233	151	96	369	355	230	136	123	139	143	211	250	236	247	365	307	299	113	0	359	340	244	390	310	200	148	308	83	117	238	74	68	83	208	145	|
|312	53	490	219	63	193	377	204	174	336	423	429	267	351	107	302	212	487	282	228	288	492	110	244	353	226	113	267	452	359	0	195	145	194	283	199	407	115	421	254	296	394	415	425	521	237	|
|426	176	554	276	229	233	457	9	195	383	421	505	333	383	99	457	111	432	221	266	209	384	195	359	456	36	90	92	391	340	195	0	122	378	426	289	451	275	421	226	406	404	408	423	427	197	|
|305	99	436	155	145	112	336	126	75	266	320	385	213	270	125	344	70	358	144	147	146	348	85	239	334	156	63	148	321	244	145	122	0	286	310	168	336	177	320	128	285	298	309	322	381	103	|
|206	202	407	235	148	246	297	386	258	308	422	342	244	333	300	135	354	525	372	258	390	578	203	167	250	412	288	432	502	390	194	378	286	0	144	191	362	109	418	329	202	388	421	423	591	329	|
|71	263	266	187	221	221	163	432	251	202	318	203	161	229	374	45	364	436	338	211	362	517	230	81	110	462	339	454	422	310	283	426	310	144	0	150	239	168	313	294	77	285	321	319	518	306	|
|137	157	292	45	142	70	181	294	102	141	242	233	70	159	260	191	216	336	193	68	215	389	103	73	168	324	211	306	311	200	199	289	168	191	150	0	210	113	239	148	117	210	238	244	400	157	|
|169	361	108	192	352	228	84	453	262	72	100	88	140	68	452	279	348	227	256	191	280	344	303	196	140	481	394	429	229	148	407	451	336	362	239	210	0	318	95	231	164	79	111	100	325	258	|
|200	101	388	150	53	148	274	283	153	252	355	325	181	272	210	189	245	443	270	169	286	480	95	135	243	311	186	325	415	308	115	275	177	109	168	113	318	0	352	230	187	323	351	357	498	225	|
|247	370	186	205	374	228	175	421	254	112	5	182	175	86	443	356	312	132	206	193	226	251	311	253	226	447	382	382	134	83	421	421	320	418	313	239	95	352	0	196	237	30	19	6	230	224	|
|260	201	337	107	226	84	256	226	81	169	195	297	145	163	252	337	118	234	45	83	68	251	150	213	274	253	190	199	199	117	254	226	128	329	294	148	231	230	196	0	240	178	184	198	272	29	|
|20	264	207	140	234	180	95	411	216	127	241	143	97	153	372	120	329	361	283	159	308	448	217	53	56	441	327	419	348	238	296	406	285	202	77	117	164	187	237	240	0	208	245	242	446	257	|
|219	344	181	177	346	202	152	404	230	82	34	167	145	56	420	328	295	156	193	166	215	265	284	223	201	430	359	369	152	74	394	404	298	388	285	210	79	323	30	178	208	0	37	35	250	206	|
|256	364	205	202	370	222	188	408	246	118	15	199	177	92	433	364	298	119	191	188	210	233	305	257	238	433	371	366	118	68	415	408	309	421	321	238	111	351	19	184	245	37	0	17	214	212	|
|253	374	190	210	378	232	180	423	257	117	2	187	180	91	446	362	313	127	206	197	226	246	315	258	232	448	384	382	130	83	425	423	322	423	319	244	100	357	6	198	242	35	17	0	225	226	|
|460	469	408	356	498	351	402	422	353	322	225	412	359	296	494	563	330	102	239	333	235	54	422	444	449	436	436	348	98	208	521	427	381	591	518	400	325	498	230	272	446	250	214	225	0	285	|
|278	184	364	119	215	87	280	198	72	195	224	323	165	190	227	348	90	255	46	98	61	259	139	226	294	225	165	172	219	145	237	197	103	329	306	157	258	225	224	29	257	206	212	226	285	0	|

--------------------------------------------------------------------------------
Building model...
	using lazy and cut (CVRPSEP package)
Solving IRP LP...
--------------------------------------------------------------------------------

Gurobi 9.1.0 (linux64) logging started Sat Feb  6 14:46:15 2021

Gurobi Optimizer version 9.1.0 build v9.1.0rc0 (linux64)
Thread count: 32 physical cores, 32 logical processors, using up to 2 threads
Optimize a model with 1831 rows, 10318 columns and 33160 nonzeros
Model fingerprint: 0xce383fee
Variable types: 589 continuous, 9729 integer (414 binary)
Coefficient statistics:
  Matrix range     [1e+00, 1e+03]
  Objective range  [1e-01, 6e+02]
  Bounds range     [1e+00, 3e+02]
  RHS range        [1e+00, 6e+03]
Presolve removed 413 rows and 314 columns
Presolve time: 0.13s
Presolved: 1418 rows, 10004 columns, 30369 nonzeros
Variable types: 363 continuous, 9641 integer (9209 binary)

Root relaxation: objective 1.306867e+04, 988 iterations, 0.04 seconds

    Nodes    |    Current Node    |     Objective Bounds      |     Work
 Expl Unexpl |  Obj  Depth IntInf | Incumbent    BestBd   Gap | It/Node Time

     0     0 13068.6724    0  120          - 13068.6724      -     -    0s
     0     0 13370.6705    0  157          - 13370.6705      -     -    0s
     0     0 13370.7255    0  162          - 13370.7255      -     -    0s
     0     0 13855.5326    0  132          - 13855.5326      -     -    1s
     0     0 13929.6663    0  184          - 13929.6663      -     -    1s
     0     0 13929.6709    0  199          - 13929.6709      -     -    1s
     0     0 14065.8639    0  280          - 14065.8639      -     -    1s
     0     0 14072.0066    0  253          - 14072.0066      -     -    1s
     0     0 14073.1633    0  262          - 14073.1633      -     -    1s
     0     0 14073.1695    0  271          - 14073.1695      -     -    1s
     0     0 14153.2694    0  263          - 14153.2694      -     -    2s
     0     0 14178.1631    0  244          - 14178.1631      -     -    2s
     0     0 14181.6900    0  224          - 14181.6900      -     -    2s
     0     0 14268.6038    0  242          - 14268.6038      -     -    2s
     0     0 14294.6836    0  262          - 14294.6836      -     -    2s
     0     0 14306.4063    0  329          - 14306.4063      -     -    3s
     0     0 14306.5349    0  319          - 14306.5349      -     -    3s
     0     0 14329.2977    0  319          - 14329.2977      -     -    3s
     0     0 14332.2190    0  279          - 14332.2190      -     -    3s
     0     0 14333.2248    0  323          - 14333.2248      -     -    3s
     0     0 14345.7093    0  299          - 14345.7093      -     -    4s
     0     0 14345.7093    0  297          - 14345.7093      -     -    4s
     0     2 14345.7093    0  297          - 14345.7093      -     -    4s
     1     4 14348.0735    1  270          - 14345.7093      -   186    5s
    77    82 14640.5148   22  192          - 14366.5181      -   302   10s
   221   265 15219.7102   60  142          - 14366.5181      -   203   15s
   653   690 17521.9762  171   26          - 14366.5181      -  91.3   21s
*  702   690             247    19320.150000 14366.5181  25.6%  87.3   21s
   729   689 16219.9867  113  297 19320.1500 14366.5181  25.6%  86.8   25s
   737   694 17522.0487  172  527 19320.1500 14432.3353  25.3%  85.9   30s
   753   705 16813.4657  149  578 19320.1500 14484.5656  25.0%  84.1   36s
   764   712 15266.6395   55  592 19320.1500 14497.9872  25.0%  82.8   40s
   774   719 14551.3329   19  623 19320.1500 14500.7967  24.9%  81.8   45s
   783   725 16675.5427  144  544 19320.1500 14505.6274  24.9%  80.8   50s
   790   730 14506.7608    5  523 19320.1500 14506.7608  24.9%  80.1   55s
   797   736 14601.9826   22  453 19320.1500 14506.7608  24.9%   100   60s
   809   744 15171.7599   47  555 19320.1500 14507.0522  24.9%  98.5   65s
H  810   706                    18880.350000 14507.0629  23.2%  98.4   67s
   814   709 15188.4681   56  521 18880.3500 14511.3828  23.1%  97.9   72s
   825   719 14633.2583   26  438 18880.3500 14515.3458  23.1%   117   75s
   846   734 14542.3729   31  595 18880.3500 14537.0615  23.0%   127   80s
   880   758 14584.6774   40  511 18880.3500 14537.0615  23.0%   141   85s
   919   788 14707.4949   50  309 18880.3500 14537.0615  23.0%   151   90s
   977   830 14809.6850   62  256 18880.3500 14537.0615  23.0%   157   95s
  1037   874 14872.1472   74  229 18880.3500 14537.0615  23.0%   165  100s
  1087   913 14957.6110   84  220 18880.3500 14537.0615  23.0%   168  105s
  1150   942 15020.2089   99  209 18880.3500 14537.0615  23.0%   170  110s
  1224  1039 15346.3780  117  217 18880.3500 14537.0615  23.0%   168  115s
  1371  1153 15479.5226  138  184 18880.3500 14537.0615  23.0%   160  120s
  1515  1173 15876.7204  166  132 18880.3500 14537.0615  23.0%   150  125s
  1642  1300 16980.0095  200   74 18880.3500 14537.0615  23.0%   143  130s
  1769  1282 14575.9556   32  575 18880.3500 14538.5449  23.0%   138  139s
  1771  1284 14637.8071   31  415 18880.3500 14538.5449  23.0%   139  142s
  1785  1297 14640.9739   38  528 18880.3500 14538.5449  23.0%   141  145s
  1815  1312 14648.4368   44  551 18880.3500 14538.5449  23.0%   147  151s
  1837  1337 14695.6033   47  475 18880.3500 14538.5449  23.0%   149  155s
  1872  1362 14746.8738   54  305 18880.3500 14538.5449  23.0%   153  160s
  1927  1407 14941.9315   64  288 18880.3500 14538.5449  23.0%   157  165s
  1970  1426 15115.5053   73  245 18880.3500 14538.5449  23.0%   159  174s
  1982  1428 15160.5924   77  184 18880.3500 14538.5449  23.0%   160  176s
  2023  1490 15402.4828   82  216 18880.3500 14538.5449  23.0%   160  182s
  2064  1502 15578.5949   89  128 18880.3500 14538.5449  23.0%   160  190s
  2152  1611 15858.2799  107  104 18880.3500 14538.5449  23.0%   160  196s
  2228  1710 16073.1196  118  141 18880.3500 14538.5449  23.0%   158  200s
  2352  1840 16457.4188  135  105 18880.3500 14538.5449  23.0%   154  205s
  2556  2036 16782.5439  163   86 18880.3500 14538.5449  23.0%   146  210s
  2906  1958 17296.8100  191    - 18880.3500 14545.5453  23.0%   131  216s
* 2964  1517             183    16444.500000 14545.6178  11.5%   129  217s
* 2968  1517             186    16443.720000 14545.6178  11.5%   129  217s
  2996  1461 14703.8278   33  394 16443.7200 14545.6178  11.5%   130  221s
  3017  1482 14835.0226   41  184 16443.7200 14545.6178  11.5%   132  227s
  3041  1510 14832.8369   49  249 16443.7200 14545.6178  11.5%   134  231s
  3068  1544 14955.1762   59  128 16443.7200 14545.6178  11.5%   137  236s
  3115  1588 15226.6990   72  122 16443.7200 14545.6178  11.5%   139  242s
  3152  1623 15489.7097   87   94 16443.7200 14545.6178  11.5%   140  245s
  3221  1753 15854.0089  106   46 16443.7200 14545.6178  11.5%   140  252s
  3301  1781 16139.5313  128   71 16443.7200 14549.1532  11.5%   139  258s
  3351  1797 16384.6211  138   17 16443.7200 14549.1727  11.5%   139  261s
  3384  1822 16418.7825  140   17 16443.7200 14550.0667  11.5%   141  268s
  3406  1841 14687.8560   33  587 16443.7200 14550.0667  11.5%   142  271s
  3439  1882 14777.1771   38  471 16443.7200 14550.0667  11.5%   144  277s
  3462  1910 14795.6782   42  406 16443.7200 14550.0667  11.5%   145  280s
  3524  1996 14854.4651   49  386 16443.7200 14550.0667  11.5%   147  288s
  3576  2058 14888.0800   56  347 16443.7200 14550.0667  11.5%   147  294s
  3617  2064 15909.1298  144   68 16443.7200 14550.0667  11.5%   147  295s
  3702  2102 15017.3104   60  239 16443.7200 14550.0667  11.5%   146  303s
  3720  2118 15161.0539   66  148 16443.7200 14550.0667  11.5%   148  307s
  3736  2140 15001.2312   70  316 16443.7200 14550.0667  11.5%   149  311s
  3758  2163 15056.1910   77  239 16443.7200 14550.0667  11.5%   150  315s
  3800  2221 15180.6357   91  270 16443.7200 14550.0667  11.5%   153  323s
  3839  2287 15286.5189   99  234 16443.7200 14550.0667  11.5%   154  328s
  3905  2353 15387.5905  121   20 16443.7200 14550.0667  11.5%   154  335s
  3971  2469 15460.0775  133   22 16443.7200 14558.1517  11.5%   153  344s
  3987  2469 15502.5455  141   40 16443.7200 14558.1517  11.5%   153  345s
  4152  2494     cutoff  184      16443.7200 14573.7279  11.4%   151  352s
  4167  2525 14857.3576   37  370 16443.7200 14573.7279  11.4%   152  357s
  4198  2620 14967.3731   58  127 16443.7200 14573.7299  11.4%   153  363s
  4318  2696     cutoff  137      16443.7200 14575.9556  11.4%   151  373s
  4413  2713     cutoff  141      16443.7200 14581.7574  11.3%   150  380s
  4433  2732 14978.2497   33  336 16443.7200 14581.7574  11.3%   152  386s
  4452  2755 15145.8259   42  364 16443.7200 14581.7574  11.3%   153  392s
  4475  2803 15324.2572   53  306 16443.7200 14581.7574  11.3%   154  399s
  4523  2905 15591.0192   75  242 16443.7200 14582.5436  11.3%   154  406s
  4646  2942 14847.2799   26  424 16443.7200 14583.7018  11.3%   153  413s
  4685  3023 15272.0721   51  218 16443.7200 14583.8283  11.3%   154  419s
  4721  3023 15778.7953   87   93 16443.7200 14583.8283  11.3%   154  420s
  4780  3079 14804.6426   36  471 16443.7200 14583.8283  11.3%   154  427s
  4852  3144 15093.5860   53  144 16443.7200 14585.8606  11.3%   154  436s
  4935  3204     cutoff  110      16443.7200 14585.8916  11.3%   154  444s
  4996  3268 14742.4692   32  378 16443.7200 14585.8916  11.3%   155  452s
  5070  3311 14822.3262   37  419 16443.7200 14585.8916  11.3%   155  460s
  5113  3388 14989.3494   43  199 16443.7200 14585.8916  11.3%   156  470s
  5208  3438 15347.4320   54  154 16443.7200 14585.8916  11.3%   156  479s
  5247  3438     cutoff  127      16443.7200 14585.8916  11.3%   156  480s
  5260  3527 15945.2180   71  188 16443.7200 14593.3785  11.3%   157  489s
  5292  3527 16210.1550   83   78 16443.7200 14593.3785  11.3%   156  490s
  5365  3588     cutoff  102      16443.7200 14594.4511  11.2%   157  500s
  5448  3637 14813.5225   40  500 16443.7200 14597.6430  11.2%   157  509s
  5481  3637     cutoff  132      16443.7200 14597.6430  11.2%   157  510s
  5494  3668 15380.6426   73  257 16443.7200 14598.6068  11.2%   158  522s
  5555  3740 15959.3354  108   41 16443.7200 14599.5389  11.2%   157  532s
  5634  3757     cutoff  147      16443.7200 14601.5062  11.2%   158  554s
  5648  3818 14821.7118   32  270 16443.7200 14601.5062  11.2%   158  562s
  5709  3967 15093.9704   59  164 16443.7200 14601.5351  11.2%   160  574s
  5741  3967 15457.7303   91   23 16443.7200 14601.5351  11.2%   159  575s
  5869  4018     cutoff  160      16443.7200 14603.3686  11.2%   159  616s
  5922  4094 14747.7251   39  493 16443.7200 14603.3686  11.2%   160  628s
  6022  4141 14869.8008   47  393 16443.7200 14603.3686  11.2%   161  639s
  6069  4213 15129.7713   59  234 16443.7200 14603.3686  11.2%   163  650s
  6141  4379 15224.7946   81   78 16443.7200 14604.8121  11.2%   164  663s
  6345  4428 16391.6700  131   22 16443.7200 14605.2386  11.2%   163  678s
  6437  4519 15285.5725   58  251 16443.7200 14606.3928  11.2%   163  690s
  6550  4569 16378.2953  104   52 16443.7200 14606.5500  11.2%   164  703s
  6640  4612 14812.2118   41  571 16443.7200 14612.4380  11.1%   165  715s
  6682  4676 14970.3890   51  339 16443.7200 14612.4380  11.1%   166  727s
  6746  4755 15113.8011   65  332 16443.7200 14612.4380  11.1%   168  738s
  6825  4978 15163.5110   75  338 16443.7200 14612.4380  11.1%   169  753s
  6937  4978 15667.6670  119   31 16443.7200 14612.4380  11.1%   169  755s
  7081  5113 15380.8171   88   35 16443.7200 14612.4380  11.1%   167  769s
  7177  5113 15789.9658  133   25 16443.7200 14612.4380  11.1%   166  770s
  7214  5295 15670.2137  141   62 16443.7200 14614.4811  11.1%   167  789s
  7246  5299 15930.9600  150    - 16443.7200 14614.4811  11.1%   166  790s
  7474  5469     cutoff  165      16443.7200 14615.0193  11.1%   165  811s
  7641  5597 15358.4709   92   91 16443.7200 14616.5130  11.1%   166  833s
  7795  5719 14908.5479   34  357 16443.7200 14617.0807  11.1%   167  853s
  7930  5854 15155.9542   44  376 16443.7200 14617.0807  11.1%   168  872s
  8081  5967 15879.5502   59  215 16443.7200 14620.2813  11.1%   168  892s
  8202  6166 15006.3754   46  460 16443.7200 14620.5698  11.1%   170  913s
  8357  6166 15495.5227  113   61 16443.7200 14621.7677  11.1%   170  915s
  8462  6250 14739.8239   28  431 16443.7200 14621.7677  11.1%   169  933s
  8537  6474 14990.7163   42  227 16443.7200 14623.0860  11.1%   171  956s
  8807  6607 16128.5700  123    - 16443.7200 14624.1437  11.1%   170  978s
  8906  6613 16398.9274  127   49 16443.7200 14624.1437  11.1%   170  980s
  8954  6728 infeasible  133      16443.7200 14627.0579  11.0%   171  999s
  9084  6932 14991.1454   45  418 16443.7200 14627.6495  11.0%   172 1023s
  9197  6936 16103.3678   94    9 16443.7200 14627.6495  11.0%   171 1025s
  9377  7096     cutoff  119      16443.7200 14629.5172  11.0%   170 1045s
  9543  7240     cutoff  119      16443.7200 14629.9538  11.0%   171 1065s
  9701  7414 15598.1272   73  318 16443.7200 14631.4623  11.0%   171 1085s
  9909  7532 15107.4137   72  218 16443.7200 14633.2753  11.0%   171 1105s
 10036  7627     cutoff  113      16443.7200 14633.4162  11.0%   172 1127s
 10174  7666 14905.9517   40  393 16443.7200 14634.8326  11.0%   173 1150s
 10207  7865 15073.9320   52  126 16443.7200 14634.8326  11.0%   173 1170s
 10428  8030 15518.3676   77   60 16443.7200 14637.1802  11.0%   173 1192s
 10664  8139 15979.8564   98   72 16443.7200 14637.8825  11.0%   173 1214s
 10777  8225 infeasible  124      16443.7200 14638.4037  11.0%   174 1238s
 10875  8395 15816.1488   88   98 16443.7200 14638.8977  11.0%   175 1259s
 10891  8397 16201.6664  102   91 16443.7200 14638.8977  11.0%   175 1260s
 11079  8536 16191.6500  101    4 16443.7200 14639.0671  11.0%   175 1284s
 11187  8540 15504.4456   77  209 16443.7200 14639.2546  11.0%   175 1285s
 11258  8659     cutoff  113      16443.7200 14639.7718  11.0%   174 1307s
 11399  8784 infeasible  125      16443.7200 14641.0779  11.0%   175 1327s
 11528  8914 15221.9066   72   99 16443.7200 14641.3396  11.0%   176 1347s
 11721  8995 16335.3970  125   82 16443.7200 14641.5547  11.0%   176 1368s
 11753  8997 14923.8476   45  366 16443.7200 14641.5547  11.0%   176 1370s
 11815  9146     cutoff  131      16443.7200 14641.6199  11.0%   177 1393s
 12005  9225 14729.3130   28  425 16443.7200 14641.6893  11.0%   177 1414s
 12029  9225 15174.5333   52  295 16443.7200 14641.6893  11.0%   177 1415s
 12081  9333 15436.7140   64  198 16443.7200 14644.8118  10.9%   178 1434s
 12100  9333 15977.2325   83  131 16443.7200 14644.8118  10.9%   178 1435s
 12201  9477 15078.4068   64  256 16443.7200 14645.1821  10.9%   179 1456s
 12387  9573 15386.3613   50  288 16443.7200 14646.1741  10.9%   179 1476s
 12478  9734 16134.3641   75  187 16443.7200 14646.2148  10.9%   180 1498s
 12526  9734 infeasible   95      16443.7200 14646.2148  10.9%   180 1500s
 12662  9867 15161.2460   52  351 16443.7200 14651.2029  10.9%   180 1521s
 12836  9973 infeasible  139      16443.7200 14651.5059  10.9%   180 1542s
 12976 10112 15433.1701   54  311 16443.7200 14651.9439  10.9%   181 1563s
 13134 10221 15010.1057   38  490 16443.7200 14653.0302  10.9%   181 1583s
 13221 10221 15716.2280   85  140 16443.7200 14653.0302  10.9%   182 1585s
 13245 10308 15934.2638   78  257 16443.7200 14653.3028  10.9%   182 1604s
 13362 10497 14993.8556   45  322 16443.7200 14654.8341  10.9%   182 1626s
 13567 10620 15617.3981   85   95 16443.7200 14656.1494  10.9%   182 1647s
 13737 10761     cutoff  139      16443.7200 14656.6497  10.9%   182 1670s
 13893 10839 15815.7661   77  268 16443.7200 14656.9582  10.9%   183 1691s
 13981 10979 14941.1206   51  132 16443.7200 14657.4129  10.9%   184 1714s
 13998 10979 14958.8167   57   12 16443.7200 14657.4129  10.9%   184 1715s
H14107 10607                    16338.460000 14657.4129  10.3%   184 1716s
 14131 10799 15086.2505   66   60 16338.4600 14657.4129  10.3%   184 1739s
 14206 10801 15292.8187   70  168 16338.4600 14657.4129  10.3%   185 1740s
 14377 10943 15287.7044   81  126 16338.4600 14657.4365  10.3%   184 1764s
 14441 10952 15727.4300  112    - 16338.4600 14657.4365  10.3%   184 1765s
 14570 11080 16226.2948  125   18 16338.4600 14658.4402  10.3%   184 1787s
 14721 11213 16318.1700  128   47 16338.4600 14658.6717  10.3%   184 1808s
 14868 11320     cutoff  131      16338.4600 14659.6643  10.3%   184 1830s
 14995 11462 15305.4889   54  250 16338.4600 14660.2508  10.3%   185 1853s
 15152 11559 14827.2355   47  496 16338.4600 14660.2508  10.3%   185 1876s
 15276 11694 15066.6003   69  399 16338.4600 14660.2508  10.3%   186 1898s
 15421 11915 15383.3163   96  114 16338.4600 14662.2567  10.3%   186 1921s
 15679 11967     cutoff  160      16338.4600 14662.3407  10.3%   185 1949s
 15739 12097 15029.4620   46  355 16338.4600 14663.1391  10.3%   186 1974s
 15760 12097 15288.6865   67  244 16338.4600 14663.1391  10.3%   186 1975s
 15917 12184     cutoff  132      16338.4600 14664.3672  10.2%   185 1998s
 16001 12294 15399.3193   67  146 16338.4600 14664.9363  10.2%   186 2023s
 16149 12418 15012.7893   38  397 16338.4600 14665.3935  10.2%   186 2047s
 16259 12646 15182.8366   71  174 16338.4600 14665.8261  10.2%   187 2071s
 16580 12737     cutoff  133      16338.4600 14666.1518  10.2%   186 2095s
 16660 12843 16287.0015   97  134 16338.4600 14666.2984  10.2%   186 2121s
 16800 13000 15569.9218   74  226 16338.4600 14667.5483  10.2%   187 2146s
 16999 13153 16254.1700  133    - 16338.4600 14668.2876  10.2%   186 2168s
 17161 13230     cutoff  133      16338.4600 14668.9917  10.2%   187 2191s
 17244 13355 15902.4318   83  162 16338.4600 14669.2232  10.2%   187 2213s
 17345 13355 16013.5628  107  142 16338.4600 14669.8761  10.2%   187 2215s
 17405 13440 15941.5827   84   93 16338.4600 14671.6369  10.2%   187 2238s
 17508 13519     cutoff  113      16338.4600 14672.1717  10.2%   188 2261s
 17607 13632 15438.2463   63  294 16338.4600 14672.8006  10.2%   188 2284s
 17627 13632 15851.5842   83  175 16338.4600 14672.8006  10.2%   188 2285s
 17736 13730 15184.2616   52  332 16338.4600 14672.8779  10.2%   189 2309s
 17753 13730 15644.1231   69  203 16338.4600 14672.8779  10.2%   189 2310s
 17876 13869 14906.3881   46  461 16338.4600 14674.0298  10.2%   189 2337s
 18065 14026 15107.8580   61  256 16338.4600 14674.0298  10.2%   189 2365s
 18228 14142 15386.2444   70  108 16338.4600 14677.0629  10.2%   189 2389s
 18324 14155 15786.1500  124    - 16338.4600 14677.0629  10.2%   189 2390s
 18391 14241 infeasible  133      16338.4600 14677.3112  10.2%   190 2415s
 18484 14330 14984.0101   55  405 16338.4600 14677.7966  10.2%   190 2438s
 18502 14330 15136.4910   64  273 16338.4600 14677.7966  10.2%   190 2440s
 18573 14556 15456.5021   77  324 16338.4600 14678.0785  10.2%   191 2466s
 18845 14672     cutoff  149      16338.4600 14678.8978  10.2%   190 2492s
 18966 14776 16264.0230   93  170 16338.4600 14679.6591  10.2%   190 2518s
 19070 14776 15860.6601   97   63 16338.4600 14679.6648  10.2%   191 2520s
 19127 14920 15536.0749   54  175 16338.4600 14679.9785  10.2%   191 2545s
 19327 15053 16035.0165  100   82 16338.4600 14680.5391  10.1%   190 2574s
 19381 15058 14919.7256   37  411 16338.4600 14680.5391  10.1%   190 2575s
 19477 15156 infeasible  134      16338.4600 14680.6436  10.1%   190 2600s
 19601 15258 15455.4637   63  298 16338.4600 14681.6031  10.1%   191 2625s
 19733 15394 14773.6813   42  568 16338.4600 14681.6105  10.1%   191 2651s
 19869 15505 14904.8221   55  350 16338.4600 14681.6105  10.1%   191 2676s
 20012 15633 15262.8163   72  152 16338.4600 14681.9866  10.1%   191 2703s
 20196 15781 16307.5689  137   21 16338.4600 14682.4857  10.1%   191 2731s
 20352 15859     cutoff  141      16338.4600 14683.3415  10.1%   191 2757s
 20446 15977 15107.6870   42  473 16338.4600 14683.3631  10.1%   191 2782s
 20572 16118 15524.5756   53  197 16338.4600 14683.4048  10.1%   192 2811s
 20739 16175 14837.7379   39  340 16338.4600 14683.9355  10.1%   192 2836s
 20793 16295 15087.6012   53  186 16338.4600 14684.9047  10.1%   193 2863s
 20979 16360 16223.1927  109    6 16338.4600 14685.0623  10.1%   193 2891s
 21039 16460     cutoff  118      16338.4600 14685.2017  10.1%   193 2918s
 21173 16588 15321.3992   76  307 16338.4600 14685.7105  10.1%   193 2945s
 21328 16695 15032.3635   48  436 16338.4600 14685.7667  10.1%   193 2973s
 21466 16771 14778.1504   37  514 16338.4600 14685.8343  10.1%   193 2998s
 21558 16888 15418.7083   85  186 16338.4600 14686.1364  10.1%   193 3024s
 21590 16890 15716.3400  114    - 16338.4600 14686.1364  10.1%   193 3025s
 21717 16976 14981.2368   42  409 16338.4600 14686.1364  10.1%   193 3050s
 21803 17058 15145.7573   63  289 16338.4600 14686.1364  10.1%   194 3075s
 21909 17223 15655.5743   85  148 16338.4600 14687.5839  10.1%   194 3102s
 22122 17356 16286.8500  130    - 16338.4600 14687.9690  10.1%   193 3131s
 22286 17449     cutoff  135      16338.4600 14688.3630  10.1%   193 3159s
 22315 17449     cutoff  136      16338.4600 14688.4325  10.1%   194 3160s
 22374 17521 15232.1323   71  163 16338.4600 14688.5533  10.1%   194 3186s
 22473 17599     cutoff  124      16338.4600 14688.6214  10.1%   194 3215s
 22599 17653 14863.4452   44  525 16338.4600 14688.7329  10.1%   194 3464s
 22639 17738 14995.1163   52  449 16338.4600 14688.7329  10.1%   195 3493s
 22724 17980 15264.8154   67  242 16338.4600 14688.7329  10.1%   195 3524s
 22756 17980 15463.7634   77  228 16338.4600 14688.7329  10.1%   195 3525s
 22982 18140 15696.5024   97  190 16338.4600 14688.8963  10.1%   195 3560s
 23192 18258 15043.8002   55  387 16338.4600 14689.5774  10.1%   195 3595s
 23329 18266     cutoff  124      16338.4600 14689.6083  10.1%   195 3600s
H23330 17956                    16288.240000 14689.6083  9.81%   195 3600s

Cutting planes:
  User: 5635
  Gomory: 17
  Cover: 361
  Implied bound: 124
  Projected implied bound: 1
  Clique: 30
  MIR: 82
  StrongCG: 1
  Flow cover: 280
  GUB cover: 1
  Zero half: 28
  RLT: 239
  Relax-and-lift: 9
  Lazy constraints: 6572

Explored 23334 nodes (4552365 simplex iterations) in 3600.05 seconds
Thread count was 2 (of 32 available processors)

Solution count 6: 16288.2 16338.5 16443.7 ... 19320.1

Time limit reached
Best objective 1.628824000000e+04, best bound 1.468960828058e+04, gap 9.8146%

User-callback calls 356792, time in user-callback 164.02 sec
================================================================================
executing instance: ./input/Instances/Original/1/absH3high_2n45.dat
--------------------------------------------------------------------------------
Instance details
n	46
H	3
C	3171
Li:
[0, 0, 0, 0, 0, 0, 0, 0, 0, 0, 0, 0, 0, 0, 0, 0, 0, 0, 0, 0, 0, 0, 0, 0, 0, 0, 0, 0, 0, 0, 0, 0, 0, 0, 0, 0, 0, 0, 0, 0, 0, 0, 0, 0, 0, 0, ]
Ui:
[0, 246, 160, 78, 20, 87, 144, 40, 20, 82, 60, 96, 24, 136, 160, 108, 160, 26, 228, 51, 24, 240, 231, 70, 32, 105, 174, 114, 246, 126, 132, 76, 22, 42, 255, 132, 148, 162, 66, 111, 102, 240, 123, 201, 297, 78, ]
Distance matrix:
|0	148	402	550	329	420	187	318	366	280	504	273	233	333	112	344	379	481	113	593	159	523	261	424	90	359	163	461	413	240	105	299	265	89	371	462	339	273	495	22	41	439	369	506	563	468	|
|148	0	284	517	394	284	136	369	244	311	496	166	329	355	223	202	338	388	204	565	254	506	118	346	71	423	173	471	336	118	105	352	198	105	248	428	302	305	487	153	179	441	230	497	517	370	|
|402	284	0	350	448	80	228	406	42	343	382	129	456	350	412	126	219	131	382	395	410	371	180	137	314	466	289	400	137	167	389	401	169	316	39	280	217	342	373	394	414	362	108	380	324	106	|
|550	517	350	0	339	429	385	308	374	295	93	375	431	249	481	461	180	239	458	48	445	57	474	214	496	333	387	160	216	424	601	321	320	471	376	90	217	301	93	530	534	146	452	88	52	262	|
|329	394	448	339	0	513	282	42	438	105	255	363	115	108	221	484	259	431	217	365	172	289	436	362	333	30	224	189	353	380	423	47	291	296	443	285	240	107	251	307	294	193	495	260	378	437	|
|420	284	80	429	513	0	267	473	76	408	462	163	509	421	449	86	298	201	421	474	455	451	167	217	330	533	333	478	217	181	386	466	225	341	70	360	291	406	453	416	438	440	59	460	400	176	|
|187	136	228	385	282	267	0	249	199	186	360	104	248	224	184	214	207	294	155	432	189	371	155	237	113	308	68	336	227	101	216	236	78	98	205	296	168	181	350	174	190	305	231	360	390	283	|
|318	369	406	308	42	473	249	0	397	66	229	325	128	67	216	447	218	389	206	337	168	260	402	320	311	61	196	167	311	345	406	19	252	275	403	248	198	70	223	296	286	164	457	233	344	395	|
|366	244	42	374	438	76	199	397	0	332	397	96	436	346	383	90	228	168	354	420	385	389	139	161	277	458	263	408	158	128	349	391	150	282	6	298	218	331	388	359	380	370	78	395	352	144	|
|280	311	343	295	105	408	186	66	332	0	231	259	142	53	191	380	171	337	173	332	150	257	337	267	258	127	139	182	258	280	359	58	186	223	338	222	143	6	224	258	254	164	390	234	323	340	|
|504	496	382	93	255	462	360	229	397	231	0	375	356	180	422	478	173	293	403	110	381	36	474	248	463	245	345	68	246	419	568	244	308	433	400	104	200	237	9	482	482	67	474	5	142	312	|
|273	166	129	375	363	163	104	325	96	259	375	0	347	283	288	121	202	221	259	423	292	376	99	183	186	386	170	370	175	52	269	315	76	187	102	288	177	256	365	265	285	333	133	374	365	204	|
|233	329	456	431	115	509	248	128	436	142	356	347	0	181	121	462	311	472	128	463	76	386	398	403	260	141	180	294	392	349	334	111	287	224	442	362	280	139	350	212	194	289	479	360	463	472	|
