




arguments: ./build/bc_mirp -f ./input/orig_exec_161.cfg
Current dir: /scratch/gui/bc_mirp
File verbosity level: 9
date       time         ( uptime  ) [ thread name/id ]                   file:line     v| 
2021-02-08 08:32:43.964 (   0.449s) [main thread     ]             loguru.cpp:789   INFO| Logging to './output/vi_vc+hc2/OU/V3/Original/execution_08_02_2021_08_32_43.log', mode: 'a', verbosity: 9
--------------------------------------------------------------------------------
Parameters
                           instance_path           ./input/Instances/Original/4/
                            model_policy                                       1
                             nb_vehicles                                       3
                              output_dir      ./output/vi_vc+hc2/OU/V3/Original/
                            sec_strategy                                       1
                       solver_nb_threads                                       2
                         solver_show_log                                    true
                       solver_time_limit                                    3600
                              use_vi_cos                                   false
                              use_vi_cus                                   false
                         use_vi_hc1_full                                   false
                         use_vi_hc1_half                                   false
                      use_vi_hc1_quarter                                   false
                              use_vi_hc2                                    true
                              use_vi_hc3                                   false
                         use_vi_lex_full                                   false
                         use_vi_lex_half                                   false
                      use_vi_lex_quarter                                   false
                              use_vi_qua                                   false
                               use_vi_vc                                    true
                               use_vi_vr                                   false
--------------------------------------------------------------------------------
executing instance: ./input/Instances/Original/4/absH3low_3n30.dat
--------------------------------------------------------------------------------
Instance details
n	31
H	3
C	2841
Li:
[0, 0, 0, 0, 0, 0, 0, 0, 0, 0, 0, 0, 0, 0, 0, 0, 0, 0, 0, 0, 0, 0, 0, 0, 0, 0, 0, 0, 0, 0, 0, ]
Ui:
[0, 246, 98, 54, 144, 171, 192, 180, 165, 98, 122, 198, 297, 144, 130, 129, 219, 138, 142, 150, 108, 66, 64, 285, 180, 204, 276, 168, 240, 198, 122, ]
Distance matrix:
|0	172	56	166	260	198	42	197	296	110	91	112	238	275	323	183	330	232	175	181	162	191	232	280	201	139	356	185	266	216	26	|
|172	0	178	223	320	335	153	355	444	62	231	99	333	376	214	352	176	235	194	106	47	41	353	161	299	175	225	43	326	374	153	|
|56	178	0	110	204	162	93	233	336	125	144	148	187	226	358	180	313	284	123	152	182	185	282	252	256	88	329	177	210	251	42	|
|166	223	110	0	102	150	199	327	431	194	253	237	113	156	431	228	296	386	44	140	248	208	389	218	366	48	287	200	108	344	148	|
|260	320	204	102	0	156	296	391	493	296	340	339	66	90	531	263	362	486	127	226	349	300	469	278	454	148	334	292	6	406	245	|
|198	335	162	150	156	0	239	255	351	286	245	307	93	106	518	111	442	423	194	280	344	335	349	367	352	182	437	327	158	266	199	|
|42	153	93	199	296	239	0	203	296	91	82	76	278	316	284	217	322	191	201	186	133	180	217	281	177	165	356	175	302	222	52	|
|197	355	233	327	391	255	203	0	104	294	125	266	340	361	436	151	524	276	352	377	330	383	109	477	146	319	553	377	395	19	222	|
|296	444	336	431	493	351	296	104	0	384	214	348	440	456	488	241	617	315	456	476	412	475	113	575	176	422	651	470	497	88	322	|
|110	62	125	194	296	286	91	294	384	0	171	55	298	340	238	292	233	210	176	118	58	91	298	201	248	148	273	87	302	313	94	|
|91	231	144	253	340	245	82	125	214	171	0	141	307	339	324	184	403	187	266	266	204	261	140	363	114	230	438	256	346	144	116	|
|112	99	148	237	339	307	76	266	348	55	141	0	332	373	212	292	275	156	225	173	64	137	254	253	200	194	322	135	345	284	108	|
|238	333	187	113	66	93	278	340	440	298	307	332	0	43	536	203	404	469	153	253	354	321	427	322	420	160	385	313	67	353	229	|
|275	376	226	156	90	106	316	361	456	340	339	373	43	0	578	216	443	507	194	295	397	364	453	361	451	203	421	356	88	372	268	|
|323	214	358	431	531	518	284	436	488	238	324	212	536	578	0	498	309	176	407	320	183	245	376	344	312	383	379	251	537	451	319	|
|183	352	180	228	263	111	217	151	241	292	184	292	203	216	498	0	492	371	266	328	345	364	255	426	272	242	501	356	266	159	198	|
|330	176	313	296	362	442	322	524	617	233	403	275	404	443	309	492	0	397	253	164	218	142	529	84	475	260	72	147	367	543	306	|
|232	235	284	386	486	423	191	276	315	210	187	156	469	507	176	371	397	0	379	327	188	276	202	396	139	346	456	277	492	289	242	|
|175	194	123	44	127	194	201	352	456	176	266	225	153	194	407	266	253	379	0	101	225	174	405	174	375	36	244	166	133	370	152	|
|181	106	152	140	226	280	186	377	476	118	266	173	253	295	320	328	164	327	101	0	148	76	403	100	360	98	177	69	232	396	155	|
|162	47	182	248	349	344	133	330	412	58	204	64	354	397	183	345	218	188	225	148	0	89	316	208	259	201	270	90	355	348	149	|
|191	41	185	208	300	335	180	383	475	91	261	137	321	364	245	364	142	276	174	76	89	0	388	119	336	162	185	8	306	402	169	|
|232	353	282	389	469	349	217	109	113	298	140	254	427	453	376	255	529	202	405	403	316	388	0	497	64	369	570	384	474	112	256	|
|280	161	252	218	278	367	281	477	575	201	363	253	322	361	344	426	84	396	174	100	208	119	497	0	449	187	77	119	283	496	255	|
|201	299	256	366	454	352	177	146	176	248	114	200	420	451	312	272	475	139	375	360	259	336	64	449	0	339	521	333	460	156	223	|
|139	175	88	48	148	182	165	319	422	148	230	194	160	203	383	242	260	346	36	98	201	162	369	187	339	0	260	153	154	337	116	|
|356	225	329	287	334	437	356	553	651	273	438	322	385	421	379	501	72	456	244	177	270	185	570	77	521	260	0	187	338	572	331	|
|185	43	177	200	292	327	175	377	470	87	256	135	313	356	251	356	147	277	166	69	90	8	384	119	333	153	187	0	298	396	163	|
|266	326	210	108	6	158	302	395	497	302	346	345	67	88	537	266	367	492	133	232	355	306	474	283	460	154	338	298	0	410	251	|
|216	374	251	344	406	266	222	19	88	313	144	284	353	372	451	159	543	289	370	396	348	402	112	496	156	337	572	396	410	0	241	|
|26	153	42	148	245	199	52	222	322	94	116	108	229	268	319	198	306	242	152	155	149	169	256	255	223	116	331	163	251	241	0	|

--------------------------------------------------------------------------------
Building model...
	using lazy and cut (CVRPSEP package)
Solving IRP LP...
--------------------------------------------------------------------------------

Gurobi 9.1.0 (linux64) logging started Mon Feb  8 08:32:44 2021

Gurobi Optimizer version 9.1.0 build v9.1.0rc0 (linux64)
Thread count: 32 physical cores, 32 logical processors, using up to 2 threads
Optimize a model with 1231 rows, 4858 columns and 16045 nonzeros
Model fingerprint: 0x3afb18b4
Variable types: 394 continuous, 4464 integer (279 binary)
Coefficient statistics:
  Matrix range     [1e+00, 9e+02]
  Objective range  [1e-02, 7e+02]
  Bounds range     [1e+00, 3e+02]
  RHS range        [1e+00, 5e+03]
Presolve removed 289 rows and 217 columns
Presolve time: 0.11s
Presolved: 942 rows, 4641 columns, 14960 nonzeros
Variable types: 240 continuous, 4401 integer (4117 binary)

Root relaxation: objective 2.351709e+03, 919 iterations, 0.03 seconds

    Nodes    |    Current Node    |     Objective Bounds      |     Work
 Expl Unexpl |  Obj  Depth IntInf | Incumbent    BestBd   Gap | It/Node Time

     0     0 2351.70930    0   85          - 2351.70930      -     -    0s
     0     0 2604.17902    0   91          - 2604.17902      -     -    0s
     0     0 3174.63689    0   99          - 3174.63689      -     -    0s
     0     0 3174.63689    0   98          - 3174.63689      -     -    0s
     0     0 3251.60408    0  214          - 3251.60408      -     -    0s
     0     0 3363.10650    0  191          - 3363.10650      -     -    0s
     0     0 3373.76560    0  198          - 3373.76560      -     -    0s
     0     0 3376.47015    0  224          - 3376.47015      -     -    0s
     0     0 3413.57225    0  227          - 3413.57225      -     -    0s
     0     0 3417.19797    0  218          - 3417.19797      -     -    0s
     0     0 3422.58379    0  221          - 3422.58379      -     -    1s
     0     0 3422.60953    0  232          - 3422.60953      -     -    1s
     0     0 3483.28153    0  258          - 3483.28153      -     -    1s
     0     0 3494.29548    0  260          - 3494.29548      -     -    2s
     0     0 3496.53654    0  271          - 3496.53654      -     -    2s
     0     0 3501.19055    0  269          - 3501.19055      -     -    2s
     0     0 3502.50275    0  253          - 3502.50275      -     -    2s
     0     0 3502.50685    0  252          - 3502.50685      -     -    2s
     0     0 3505.81946    0  278          - 3505.81946      -     -    2s
     0     0 3507.03544    0  318          - 3507.03544      -     -    2s
     0     0 3507.03545    0  299          - 3507.03545      -     -    2s
     0     0 3509.29951    0  313          - 3509.29951      -     -    2s
     0     0 3509.29951    0  302          - 3509.29951      -     -    2s
     0     2 3510.70481    0  302          - 3510.70481      -     -    2s
    35    39 3637.58542   10  200          - 3513.78145      -   244    5s
*  435   424             150    5629.7600000 3513.78145  37.6%  82.5    9s
*  437   424             151    5587.7600000 3513.78145  37.1%  82.1    9s
*  440   426             149    5554.7600000 3513.78145  36.7%  81.6    9s
   442   401     cutoff  128      5554.76000 3515.25655  36.7%  83.8   10s
   501   449 4011.19379   14  220 5554.76000 3515.25655  36.7%   122   15s
   608   568 4294.80504   30  176 5554.76000 3515.25655  36.7%   144   20s
   753   695 5112.14000  120  302 5554.76000 3515.25655  36.7%   139   26s
H  754   661                    5505.7600000 3515.25655  36.2%   139   26s
   770   671 4528.26840   48  376 5505.76000 3660.92769  33.5%   136   30s
   792   686 5017.18292   74  421 5505.76000 3670.89070  33.3%   132   35s
H  804   658                    5165.7600000 3671.71943  28.9%   130   39s
   807   660 4782.04123   92  422 5165.76000 3671.79283  28.9%   130   40s
H  829   641                    5127.7600000 3672.75659  28.4%   138   45s
   833   644 5032.78445   87  397 5127.76000 3672.75659  28.4%   138   50s
H  833   614                    5126.4000000 3672.75659  28.4%   145   50s
   840   620 3713.03200   26  392 5126.40000 3702.31133  27.8%   147   55s
   898   662 3747.58666   35  348 5126.40000 3702.31133  27.8%   157   60s
   992   730 3822.02073   47  433 5126.40000 3702.31133  27.8%   166   65s
H  997   697                    4589.1300000 3702.31133  19.3%   166   65s
H 1090   712                    4432.6400000 3702.31133  16.5%   170   69s
  1095   711 4033.61623   64  272 4432.64000 3702.31133  16.5%   171   70s
  1211   753 4226.90090   82  231 4432.64000 3702.31133  16.5%   168   75s
  1450   791 3990.49488   35  178 4432.64000 3752.53536  15.3%   156   80s
  1603   880 3915.37819   31  330 4432.64000 3758.89846  15.2%   154   85s
  1749   996 4133.07908   69  161 4432.64000 3758.89846  15.2%   150   90s
  1874  1081 4292.65553  108  126 4432.64000 3766.17145  15.0%   149   96s
  1980  1100 4279.51551   42   93 4432.64000 3768.88248  15.0%   145  100s
  2154  1152 4179.72697   39  286 4432.64000 3786.77243  14.6%   145  106s
  2256  1201     cutoff   60      4432.64000 3794.50690  14.4%   148  111s
  2362  1227 4042.23878   46  394 4432.64000 3798.92888  14.3%   147  115s
  2474  1331 4072.62808   53  255 4432.64000 3815.81131  13.9%   149  121s
  2634  1393     cutoff   45      4432.64000 3820.15743  13.8%   147  126s
  2777  1577 4148.73935   61  177 4432.64000 3822.58905  13.8%   146  131s
  3021  1700 4061.22827   31  185 4432.64000 3823.89196  13.7%   140  137s
  3073  1755 4302.66154   47  261 4432.64000 3833.83903  13.5%   141  140s
  3172  1835 4209.91918   60  259 4432.64000 3835.59234  13.5%   142  146s
  3312  1909 3973.95812   30  360 4432.64000 3838.73451  13.4%   142  153s
  3341  1973 4286.61349   42  210 4432.64000 3839.80519  13.4%   143  156s
  3421  2008 3909.92496   31  194 4432.64000 3839.80519  13.4%   143  160s
  3547  2098 4023.32514   31  190 4432.64000 3842.82085  13.3%   145  167s
  3590  2141 4183.22710   37  245 4432.64000 3842.82085  13.3%   147  171s
  3801  2166 4293.20691   44  285 4432.64000 3846.32482  13.2%   142  176s
  3850  2240 4184.15699   31  151 4432.64000 3849.27141  13.2%   144  180s
  3938  2248 4234.85934   34  169 4432.64000 3850.83649  13.1%   143  193s
  3946  2276     cutoff   38      4432.64000 3853.61204  13.1%   143  196s
  4009  2326 4202.84978   62  356 4432.64000 3855.52159  13.0%   144  200s
  4154  2399 4362.64967   44  267 4432.64000 3861.92385  12.9%   147  207s
  4219  2438 4125.84649   43  246 4432.64000 3863.06619  12.8%   148  211s
  4318  2491     cutoff   64      4432.64000 3863.12678  12.8%   148  216s
  4432  2538 4257.33400   35  174 4432.64000 3870.19840  12.7%   148  220s
  4526  2615 3961.10220   37  401 4432.64000 3875.85094  12.6%   149  225s
  4611  2642 4289.45550   59  419 4432.64000 3878.24803  12.5%   149  247s
  4660  2684 4395.93259   43  254 4432.64000 3879.99773  12.5%   150  252s
  4755  2744 4423.18496   52  262 4432.64000 3881.37086  12.4%   151  257s
  4832  2815 4040.26109   30   83 4432.64000 3884.04697  12.4%   153  262s
  4950  2882 4254.01798   33  185 4432.64000 3885.48952  12.3%   153  268s
  5070  2959 4143.16730   59  279 4432.64000 3889.63128  12.3%   154  274s
  5193  3054 4265.31205   40  145 4432.64000 3895.24877  12.1%   154  280s
  5311  3118 4275.88463   44  292 4432.64000 3896.64943  12.1%   155  287s
  5447  3215 3983.00481   33  257 4432.64000 3907.95725  11.8%   156  293s
  5567  3286 4365.39544   64  209 4432.64000 3908.92332  11.8%   157  300s
  5675  3353     cutoff   57      4432.64000 3909.44012  11.8%   157  307s
  5793  3426     cutoff   73      4432.64000 3910.84079  11.8%   158  314s
  5913  3496 4161.60799   31  128 4432.64000 3913.04483  11.7%   158  322s
  6048  3533 4323.47139   45  303 4432.64000 3916.82611  11.6%   159  329s
H 6086  3522                    4425.6400000 3919.44396  11.4%   159  329s
  6137  3585 3965.42214   37  331 4425.64000 3919.44396  11.4%   159  337s
  6261  3646     cutoff   60      4425.64000 3920.53447  11.4%   161  345s
  6383  3690 4416.74099   56  269 4425.64000 3923.15052  11.4%   162  353s
  6484  3741 4367.31064   47  204 4425.64000 3929.82340  11.2%   163  361s
  6595  3798 4324.00708   36  201 4425.64000 3931.63274  11.2%   165  368s
  6722  3852 4379.65207   56  326 4425.64000 3933.81797  11.1%   165  375s
  6841  3897     cutoff   48      4425.64000 3938.73924  11.0%   167  384s
  6954  4034 4137.56138   44  297 4425.64000 3941.44405  10.9%   167  394s
  7076  4034 4113.53568   31  294 4425.64000 3949.22849  10.8%   166  395s
  7166  4178 4156.91385   33  250 4425.64000 3949.65792  10.8%   166  403s
  7341  4236     cutoff   41      4425.64000 3950.48596  10.7%   166  412s
  7456  4293 4201.69121   43  323 4425.64000 3953.54805  10.7%   167  420s
  7589  4330 4330.79465   40  208 4425.64000 3957.41727  10.6%   168  429s
  7695  4407 4270.31895   47  278 4425.64000 3961.10220  10.5%   169  437s
  7818  4524     cutoff   42      4425.64000 3962.74359  10.5%   170  447s
  8016  4670 4275.17855   33  261 4425.64000 3965.06686  10.4%   170  457s
  8233  4745 4391.57891   60  205 4425.64000 3966.97086  10.4%   170  469s
H 8267  4506                    4397.6400000 3966.97086  9.79%   170  469s
  8403  4571 4243.42600   54  109 4397.64000 3972.32690  9.67%   170  478s
  8543  4634     cutoff   83      4397.64000 3973.90807  9.64%   171  486s
  8676  4708 4233.32218   36  229 4397.64000 3975.21124  9.61%   172  495s
  8812  4787     cutoff   66      4397.64000 3977.55632  9.55%   173  504s
  8972  4832 4305.42210   43  240 4397.64000 3980.37990  9.49%   173  515s
  9072  4902 4195.39694   33  211 4397.64000 3981.84212  9.46%   174  523s
  9248  4967 4354.84440   43  160 4397.64000 3985.57449  9.37%   174  533s
  9401  5014 4292.65413   49  337 4397.64000 3987.54171  9.33%   175  543s
  9495  5101 4295.36409   64  296 4397.64000 3989.69421  9.28%   176  553s
H 9628  3909                    4335.4100000 3991.24320  7.94%   176  565s
  9778  3934 4109.74135   35  259 4335.41000 3993.95688  7.88%   177  574s
  9912  3980 4236.90882   44  324 4335.41000 3997.33148  7.80%   178  584s
 10075  4029 4237.68541   33  249 4335.41000 4001.08336  7.71%   178  594s
 10229  4063     cutoff   58      4335.41000 4004.74251  7.63%   179  605s
 10362  4089 4166.99791   30  185 4335.41000 4007.87018  7.55%   179  614s
 10430  4089 4325.53297   35  246 4335.41000 4010.11986  7.50%   180  615s
 10490  4118 4047.94670   50  383 4335.41000 4010.50688  7.49%   181  624s
 10608  4189 4267.08679   43  242 4335.41000 4013.09018  7.43%   182  635s
 10768  4231 4209.04011   36  347 4335.41000 4014.70342  7.40%   182  645s
H10847  3906                    4320.4100000 4015.56443  7.06%   182  645s
 10901  3913     cutoff   59      4320.41000 4016.25076  7.04%   183  655s
 11038  3948 4296.71374   47  183 4320.41000 4019.51677  6.96%   183  668s
 11156  3967     cutoff   37      4320.41000 4023.06762  6.88%   184  679s
 11279  4005 4250.21162   37  313 4320.41000 4026.72646  6.80%   185  689s
 11425  4060 4168.83180   40  113 4320.41000 4031.73729  6.68%   185  699s
 11510  4061 4174.63475   40  254 4320.41000 4033.70119  6.64%   185  701s
 11585  4085 infeasible   52      4320.41000 4033.86342  6.63%   186  712s
 11704  4096 4265.32142   33  224 4320.41000 4035.92359  6.58%   187  722s
 11855  4127 4311.49832   52  144 4320.41000 4037.86392  6.54%   187  734s
 12018  4139 4282.25711   70  312 4320.41000 4041.21183  6.46%   188  745s
 12156  4151     cutoff   38      4320.41000 4043.15722  6.42%   188  757s
 12251  4213 4308.20929   33  123 4320.41000 4045.46264  6.36%   189  768s
 12430  4228 4189.08751   43  294 4320.41000 4047.75609  6.31%   189  779s
 12567  4240 4270.52930   58  372 4320.41000 4048.50872  6.29%   190  790s
 12711  4264 4247.88032   47  206 4320.41000 4051.24633  6.23%   190  801s
 12839  4276     cutoff   41      4320.41000 4054.24874  6.16%   191  813s
 12992  4314     cutoff   46      4320.41000 4056.61364  6.11%   192  824s
 13182  4334     cutoff   37      4320.41000 4059.82287  6.03%   192  835s
 13331  4329 4295.58238   47  316 4320.41000 4063.03112  5.96%   192  847s
 13477  4356 4171.40140   55  281 4320.41000 4066.61795  5.87%   193  858s
 13591  4380 4317.92823   45  129 4320.41000 4067.90374  5.84%   194  869s
 13663  4380     cutoff   40      4320.41000 4070.31282  5.79%   194  870s
 13747  4376 4265.38081   40  184 4320.41000 4071.03011  5.77%   194  882s
 13852  4383 4119.38143   45  443 4320.41000 4071.97738  5.75%   194  893s
 13964  4406 4243.15812   36  173 4320.41000 4074.27369  5.70%   195  905s
 14132  4421 4287.59839   46  215 4320.41000 4076.30526  5.65%   196  917s
 14292  4425 4317.35799   35  149 4320.41000 4078.52365  5.60%   196  927s
 14435  4436 4228.69354   46  133 4320.41000 4080.69286  5.55%   197  939s
 14560  4451 4223.82318   61  320 4320.41000 4082.23083  5.51%   198  950s
 14682  4475 4256.07104   46   22 4320.41000 4083.04972  5.49%   198  962s
 14851  4491 4243.25395   41  240 4320.41000 4085.16486  5.44%   199  973s
 14951  4516     cutoff   54      4320.41000 4086.54447  5.41%   199  984s
 15042  4516 4252.65645   43  406 4320.41000 4088.63641  5.36%   199  985s
 15118  4521 4283.61642   38  195 4320.41000 4088.66798  5.36%   199  996s
 15257  4508 4267.01698   48  240 4320.41000 4091.04382  5.31%   200 1007s
 15393  4505 4296.14578   43  324 4320.41000 4093.47586  5.25%   201 1018s
 15515  4500 4294.31778   41  208 4320.41000 4095.08674  5.22%   201 1030s
 15628  4505     cutoff   32      4320.41000 4096.57930  5.18%   202 1041s
 15764  4517 4294.62581   52  102 4320.41000 4099.30216  5.12%   203 1053s
 15947  4524 4276.37856   37  280 4320.41000 4101.19927  5.07%   203 1064s
 16075  4520 4240.46567   42  256 4320.41000 4102.99426  5.03%   203 1075s
 16202  4511 4274.07117   37  213 4320.41000 4105.28390  4.98%   204 1087s
 16361  4525 4173.64241   43  350 4320.41000 4108.06954  4.91%   204 1101s
 16524  4539 4293.01106   46  353 4320.41000 4109.95933  4.87%   205 1113s
 16687  4526 4223.78847   44  150 4320.41000 4111.17822  4.84%   205 1125s
 16805  4533 4264.21389   38  135 4320.41000 4113.88516  4.78%   205 1136s
 16959  4549     cutoff   53      4320.41000 4116.16757  4.73%   206 1147s
 17116  4542     cutoff   37      4320.41000 4117.89012  4.69%   206 1159s
 17267  4548 4234.34511   39  208 4320.41000 4119.89493  4.64%   206 1172s
 17419  4575     cutoff   32      4320.41000 4121.54339  4.60%   207 1185s
 17595  4568     cutoff   33      4320.41000 4123.76222  4.55%   207 1198s
 17740  4561 4257.47079   31  316 4320.41000 4125.21254  4.52%   207 1211s
 17900  4553     cutoff   46      4320.41000 4128.17915  4.45%   207 1223s
 18066  4565 4250.76559   41  187 4320.41000 4130.16371  4.40%   207 1238s
 18289  4574     cutoff   52      4320.41000 4133.58068  4.32%   207 1252s
 18442  4585     cutoff   36      4320.41000 4135.42138  4.28%   208 1264s
 18621  4575     cutoff   43      4320.41000 4137.92771  4.22%   208 1277s
 18784  4617 4259.93527   40  140 4320.41000 4139.76199  4.18%   208 1291s
 18977  4639     cutoff   46      4320.41000 4142.65485  4.11%   208 1303s
 19177  4652 4290.46785   47   93 4320.41000 4143.99137  4.08%   208 1316s
 19371  4656     cutoff   49      4320.41000 4146.86334  4.02%   208 1329s
 19440  4656 4260.57548   48  417 4320.41000 4148.66355  3.98%   208 1330s
 19533  4650     cutoff   48      4320.41000 4148.74922  3.97%   208 1342s
 19700  4659 4296.77064   40   80 4320.41000 4150.66048  3.93%   208 1370s
 19889  4662 4303.29383   48  137 4320.41000 4152.04019  3.90%   208 1386s
 20123  4637 4259.88434   51  323 4320.41000 4154.32564  3.84%   208 1401s
 20250  4601 4203.98344   40  347 4320.41000 4156.28788  3.80%   208 1426s
 20478  4610 4296.79635   59  257 4320.41000 4158.87547  3.74%   209 1447s
 20674  4588 4247.88880   32  199 4320.41000 4161.20744  3.68%   209 1466s
 20938  4631 4268.21496   40   91 4320.41000 4164.06833  3.62%   209 1484s
 21218  4629     cutoff   33      4320.41000 4166.16857  3.57%   209 1496s
 21370  4616 4274.72581   40  271 4320.41000 4168.83667  3.51%   209 1510s
 21532  4634 4283.98646   62  315 4320.41000 4171.04096  3.46%   209 1526s
 21740  4608 4298.82969   69   31 4320.41000 4173.14618  3.41%   209 1539s
 21940  4602     cutoff   43      4320.41000 4175.14863  3.36%   209 1552s
 22160  4575     cutoff   34      4320.41000 4177.94141  3.30%   209 1564s
 22317  4553     cutoff   49      4320.41000 4179.13214  3.27%   209 1578s
 22514  4545 4313.09476   37  138 4320.41000 4180.66632  3.23%   209 1591s
 22715  4505 4272.67762   54  264 4320.41000 4182.41911  3.19%   209 1605s
 22891  4495 4312.17846   36  215 4320.41000 4184.52395  3.15%   209 1619s
 23113  4462 4308.45065   58  284 4320.41000 4186.92584  3.09%   209 1632s
 23295  4445     cutoff   35      4320.41000 4188.21689  3.06%   209 1645s
 23486  4438 4299.51146   46  132 4320.41000 4190.08188  3.02%   209 1666s
 23572  4414     cutoff   40      4320.41000 4191.52818  2.98%   209 1681s
 23774  4419 4199.94311   43  198 4320.41000 4193.08587  2.95%   209 1695s
*23906  4293              54    4315.4100000 4194.66819  2.80%   209 1696s
*23908  4238              53    4313.4100000 4194.66819  2.75%   209 1696s
 23988  4205     cutoff   53      4313.41000 4194.71245  2.75%   209 1710s
 24218  4190     cutoff   37      4313.41000 4197.22101  2.69%   209 1726s
 24476  4122     cutoff   59      4313.41000 4199.02960  2.65%   209 1744s
 24682  4092     cutoff   42      4313.41000 4201.78273  2.59%   209 1759s
 24923  4066 4310.19733   45  133 4313.41000 4204.24302  2.53%   209 1773s
*25040  2834              56    4280.4100000 4204.24302  1.78%   208 1774s
 25166  2717     cutoff   36      4280.41000 4206.67821  1.72%   208 1785s
*25277  2318              53    4272.4100000 4206.67821  1.54%   208 1785s
 25408  2206     cutoff   50      4272.41000 4210.32023  1.45%   208 1794s
 25573  2083     cutoff  100      4272.41000 4214.13284  1.36%   207 1808s
 25819  1948     cutoff   38      4272.41000 4218.23011  1.27%   207 1820s
 26069  1800     cutoff   40      4272.41000 4222.36233  1.17%   206 1831s
 26337  1637 4268.29570   46  319 4272.41000 4226.95874  1.06%   205 1840s
 26580  1458     cutoff   46      4272.41000 4231.22143  0.96%   204 1849s
 26675  1458     cutoff   58      4272.41000 4236.65134  0.84%   204 1850s
 26810  1262     cutoff   46      4272.41000 4236.67131  0.84%   204 1857s
 27054  1046     cutoff   61      4272.41000 4242.29953  0.70%   203 1865s
 27323   809     cutoff   40      4272.41000 4248.18710  0.57%   202 1873s
 27589   548     cutoff   39      4272.41000 4254.71068  0.41%   200 1881s
 27869   261     cutoff   46      4272.41000 4260.45655  0.28%   199 1887s
 28185     0     cutoff   43      4272.41000 4266.61570  0.14%   197 1891s

Cutting planes:
  User: 4461
  Gomory: 15
  Cover: 276
  Implied bound: 111
  Projected implied bound: 1
  Clique: 14
  MIR: 82
  StrongCG: 1
  Flow cover: 220
  GUB cover: 1
  Inf proof: 1
  Zero half: 5
  Mod-K: 1
  RLT: 147
  Relax-and-lift: 6
  Lazy constraints: 368

Explored 28454 nodes (5568957 simplex iterations) in 1891.56 seconds
Thread count was 2 (of 32 available processors)

Solution count 10: 4272.41 4280.41 4313.41 ... 4589.13

Optimal solution found (tolerance 1.00e-04)
Best objective 4.272410000000e+03, best bound 4.272410000000e+03, gap 0.0000%

User-callback calls 176399, time in user-callback 118.29 sec
================================================================================
executing instance: ./input/Instances/Original/4/absH3low_3n10.dat
--------------------------------------------------------------------------------
Instance details
n	11
H	3
C	687
Li:
[0, 0, 0, 0, 0, 0, 0, 0, 0, 0, 0, ]
Ui:
[0, 189, 44, 174, 78, 36, 198, 117, 42, 96, 240, ]
Distance matrix:
|0	209	255	286	142	156	285	317	182	161	135	|
|209	0	464	451	315	356	490	469	361	299	260	|
|255	464	0	221	202	130	74	280	189	254	273	|
|286	451	221	0	145	156	164	479	354	153	192	|
|142	315	202	145	0	73	194	388	250	53	73	|
|156	356	130	156	73	0	134	332	200	127	144	|
|285	490	74	164	194	134	0	353	256	239	267	|
|317	469	280	479	388	332	353	0	141	436	430	|
|182	361	189	354	250	200	256	141	0	296	289	|
|161	299	254	153	53	127	239	436	296	0	39	|
|135	260	273	192	73	144	267	430	289	39	0	|

--------------------------------------------------------------------------------
Building model...
	using lazy and cut (CVRPSEP package)
Solving IRP LP...
--------------------------------------------------------------------------------

Gurobi 9.1.0 (linux64) logging started Mon Feb  8 09:04:17 2021

Gurobi Optimizer version 9.1.0 build v9.1.0rc0 (linux64)
Thread count: 32 physical cores, 32 logical processors, using up to 2 threads
Optimize a model with 431 rows, 728 columns and 2675 nonzeros
Model fingerprint: 0x700c5d8f
Variable types: 134 continuous, 594 integer (99 binary)
Coefficient statistics:
  Matrix range     [1e+00, 2e+02]
  Objective range  [1e-02, 5e+02]
  Bounds range     [1e+00, 2e+02]
  RHS range        [1e+00, 1e+03]
Presolve removed 109 rows and 77 columns
Presolve time: 0.02s
Presolved: 322 rows, 651 columns, 2298 nonzeros
Variable types: 80 continuous, 571 integer (478 binary)
Found heuristic solution: objective 6952.0100000

Root relaxation: objective 1.476189e+03, 400 iterations, 0.01 seconds

    Nodes    |    Current Node    |     Objective Bounds      |     Work
 Expl Unexpl |  Obj  Depth IntInf | Incumbent    BestBd   Gap | It/Node Time

     0     0 1476.18878    0   38 6952.01000 1476.18878  78.8%     -    0s
H    0     0                    6665.4900000 1476.18878  77.9%     -    0s
     0     0 1670.03872    0   73 6665.49000 1670.03872  74.9%     -    0s
H    0     0                    5290.4900000 1670.03872  68.4%     -    0s
     0     0 2076.99269    0   85 5290.49000 2076.99269  60.7%     -    0s
H    0     0                    3441.6200000 2076.99269  39.7%     -    0s
H    0     0                    3301.6200000 2076.99269  37.1%     -    0s
     0     0 2081.48204    0   72 3301.62000 2081.48204  37.0%     -    0s
     0     0 2084.62702    0  105 3301.62000 2084.62702  36.9%     -    0s
     0     0 2084.74191    0  110 3301.62000 2084.74191  36.9%     -    0s
     0     0 2210.42353    0   66 3301.62000 2210.42353  33.1%     -    0s
H    0     0                    3017.6200000 2210.42353  26.7%     -    0s
     0     0 2223.81978    0  105 3017.62000 2223.81978  26.3%     -    0s
     0     0 2227.40184    0  114 3017.62000 2227.40184  26.2%     -    0s
     0     0 2227.66225    0  112 3017.62000 2227.66225  26.2%     -    0s
     0     0 2279.04275    0   58 3017.62000 2279.04275  24.5%     -    0s
H    0     0                    2734.1000000 2279.04275  16.6%     -    0s
     0     0 2308.40704    0  113 2734.10000 2308.40704  15.6%     -    0s
     0     0 2309.06200    0  131 2734.10000 2309.06200  15.5%     -    0s
     0     0 2309.93373    0  120 2734.10000 2309.93373  15.5%     -    0s
     0     0 2310.09218    0  120 2734.10000 2310.09218  15.5%     -    0s
     0     0 2311.83422    0  139 2734.10000 2311.83422  15.4%     -    0s
     0     0 2311.83422    0  139 2734.10000 2311.83422  15.4%     -    0s
     0     2 2314.03262    0  139 2734.10000 2314.03262  15.4%     -    0s

Cutting planes:
  User: 61
  Gomory: 7
  Cover: 72
  Implied bound: 42
  Clique: 16
  MIR: 49
  StrongCG: 2
  Flow cover: 89
  GUB cover: 1
  Zero half: 3
  Network: 3
  RLT: 68
  Relax-and-lift: 18
  Lazy constraints: 15

Explored 670 nodes (31950 simplex iterations) in 2.59 seconds
Thread count was 2 (of 32 available processors)

Solution count 7: 2734.1 3017.62 3301.62 ... 6952.01

Optimal solution found (tolerance 1.00e-04)
Best objective 2.734100000000e+03, best bound 2.734100000000e+03, gap 0.0000%

User-callback calls 1945, time in user-callback 0.24 sec
================================================================================
executing instance: ./input/Instances/Original/4/absH3low_3n15.dat
--------------------------------------------------------------------------------
Instance details
n	16
H	3
C	1267
Li:
[0, 0, 0, 0, 0, 0, 0, 0, 0, 0, 0, 0, 0, 0, 0, 0, ]
Ui:
[0, 156, 267, 148, 144, 87, 33, 171, 76, 141, 270, 282, 60, 110, 172, 57, ]
Distance matrix:
|0	229	567	76	58	96	306	409	310	423	108	346	165	347	159	256	|
|229	0	482	243	279	155	375	525	251	419	158	373	65	123	329	246	|
|567	482	0	506	622	483	342	439	259	200	467	274	486	433	501	312	|
|76	243	506	0	119	88	230	337	255	352	88	272	179	347	94	194	|
|58	279	622	119	0	154	345	431	366	471	166	391	217	399	179	310	|
|96	155	483	88	154	0	266	397	224	358	17	289	92	262	176	179	|
|306	375	342	230	345	266	0	158	184	148	251	68	332	423	181	140	|
|409	525	439	337	431	397	158	0	340	244	386	201	476	581	253	298	|
|310	251	259	255	366	224	184	340	0	170	208	146	238	257	274	66	|
|423	419	200	352	471	358	148	244	170	0	341	84	396	424	323	182	|
|108	158	467	88	166	17	251	386	208	341	0	273	96	259	172	162	|
|346	373	274	272	391	289	68	201	146	84	273	0	340	400	239	127	|
|165	65	486	179	217	92	332	476	238	396	96	340	0	182	267	216	|
|347	123	433	347	399	262	423	581	257	424	259	400	182	0	423	283	|
|159	329	501	94	179	176	181	253	274	323	172	239	267	423	0	208	|
|256	246	312	194	310	179	140	298	66	182	162	127	216	283	208	0	|

--------------------------------------------------------------------------------
Building model...
	using lazy and cut (CVRPSEP package)
Solving IRP LP...
--------------------------------------------------------------------------------

Gurobi 9.1.0 (linux64) logging started Mon Feb  8 09:04:20 2021

Gurobi Optimizer version 9.1.0 build v9.1.0rc0 (linux64)
Thread count: 32 physical cores, 32 logical processors, using up to 2 threads
Optimize a model with 631 rows, 1423 columns and 5005 nonzeros
Model fingerprint: 0xcb6c0c5f
Variable types: 199 continuous, 1224 integer (144 binary)
Coefficient statistics:
  Matrix range     [1e+00, 4e+02]
  Objective range  [1e-02, 6e+02]
  Bounds range     [1e+00, 3e+02]
  RHS range        [1e+00, 2e+03]
Presolve removed 154 rows and 112 columns
Presolve time: 0.05s
Presolved: 477 rows, 1311 columns, 4437 nonzeros
Variable types: 120 continuous, 1191 integer (1049 binary)
Found heuristic solution: objective 8793.0300000

Root relaxation: objective 1.782467e+03, 522 iterations, 0.01 seconds

    Nodes    |    Current Node    |     Objective Bounds      |     Work
 Expl Unexpl |  Obj  Depth IntInf | Incumbent    BestBd   Gap | It/Node Time

     0     0 1782.46686    0   45 8793.03000 1782.46686  79.7%     -    0s
H    0     0                    8426.0300000 1782.46686  78.8%     -    0s
     0     0 1983.88001    0   47 8426.03000 1983.88001  76.5%     -    0s
H    0     0                    7051.6200000 1983.88001  71.9%     -    0s
     0     0 2507.90509    0   98 7051.62000 2507.90509  64.4%     -    0s
     0     0 2526.78298    0  114 7051.62000 2526.78298  64.2%     -    0s
     0     0 2527.40352    0  114 7051.62000 2527.40352  64.2%     -    0s
     0     0 2527.40352    0  114 7051.62000 2527.40352  64.2%     -    0s
     0     0 2635.02783    0  150 7051.62000 2635.02783  62.6%     -    0s
     0     0 2683.97380    0  124 7051.62000 2683.97380  61.9%     -    0s
     0     0 2686.07818    0  148 7051.62000 2686.07818  61.9%     -    0s
     0     0 2686.12884    0  122 7051.62000 2686.12884  61.9%     -    0s
     0     0 2725.38721    0  166 7051.62000 2725.38721  61.4%     -    0s
H    0     0                    4402.6400000 2725.38721  38.1%     -    0s
H    0     0                    4022.6400000 2725.38721  32.2%     -    0s
     0     0 2730.52032    0  136 4022.64000 2730.52032  32.1%     -    0s
     0     0 2730.95601    0  127 4022.64000 2730.95601  32.1%     -    0s
     0     0 2739.91680    0  136 4022.64000 2739.91680  31.9%     -    0s
     0     0 2753.73408    0  208 4022.64000 2753.73408  31.5%     -    0s
     0     0 2759.32087    0  219 4022.64000 2759.32087  31.4%     -    0s
     0     0 2765.24639    0  196 4022.64000 2765.24639  31.3%     -    0s
     0     0 2765.67808    0  210 4022.64000 2765.67808  31.2%     -    0s
     0     0 2770.92888    0  184 4022.64000 2770.92888  31.1%     -    0s
     0     0 2771.13785    0  191 4022.64000 2771.13785  31.1%     -    0s
     0     0 2775.14579    0  231 4022.64000 2775.14579  31.0%     -    0s
     0     0 2775.14579    0  225 4022.64000 2775.14579  31.0%     -    0s
     0     2 2775.39575    0  229 4022.64000 2775.39575  31.0%     -    1s
*  228   207              43    3831.5400000 2872.07746  25.0%  52.5    2s
H  403   333                    3808.5400000 2877.76760  24.4%  67.1    4s
H  466   360                    3771.5400000 2877.76760  23.7%  68.2    4s
   474   367 3699.59189   37   68 3771.54000 2877.76760  23.7%  69.8    5s
H  499   249                    3464.5600000 2899.39636  16.3%  70.5    5s
   763   366 2932.08483   12  214 3464.56000 2932.08483  15.4%  83.1   10s
H  965   375                    3401.5600000 2959.56185  13.0%  96.5   13s
  1112   378 3327.50522   18  144 3401.56000 3029.55732  10.9%  98.7   15s
  1607   298     cutoff   22      3401.56000 3158.38553  7.15%   103   20s
  2253   254     cutoff   23      3401.56000 3260.43445  4.15%  98.1   25s

Cutting planes:
  User: 548
  Gomory: 5
  Cover: 136
  Implied bound: 78
  Projected implied bound: 1
  Clique: 15
  MIR: 68
  StrongCG: 1
  Flow cover: 105
  Inf proof: 1
  Zero half: 6
  RLT: 109
  Relax-and-lift: 4
  Lazy constraints: 30

Explored 3386 nodes (274987 simplex iterations) in 31.58 seconds
Thread count was 2 (of 32 available processors)

Solution count 10: 3401.56 3464.56 3771.54 ... 8793.03

Optimal solution found (tolerance 1.00e-04)
Best objective 3.401560000000e+03, best bound 3.401560000000e+03, gap 0.0000%

User-callback calls 10378, time in user-callback 1.99 sec
================================================================================
executing instance: ./input/Instances/Original/4/absH3low_2n45.dat
--------------------------------------------------------------------------------
Instance details
n	46
H	3
C	3171
Li:
[0, 0, 0, 0, 0, 0, 0, 0, 0, 0, 0, 0, 0, 0, 0, 0, 0, 0, 0, 0, 0, 0, 0, 0, 0, 0, 0, 0, 0, 0, 0, 0, 0, 0, 0, 0, 0, 0, 0, 0, 0, 0, 0, 0, 0, 0, ]
Ui:
[0, 246, 160, 78, 20, 87, 144, 40, 20, 82, 60, 96, 24, 136, 160, 108, 160, 26, 228, 51, 24, 240, 231, 70, 32, 105, 174, 114, 246, 126, 132, 76, 22, 42, 255, 132, 148, 162, 66, 111, 102, 240, 123, 201, 297, 78, ]
Distance matrix:
|0	148	402	550	329	420	187	318	366	280	504	273	233	333	112	344	379	481	113	593	159	523	261	424	90	359	163	461	413	240	105	299	265	89	371	462	339	273	495	22	41	439	369	506	563	468	|
|148	0	284	517	394	284	136	369	244	311	496	166	329	355	223	202	338	388	204	565	254	506	118	346	71	423	173	471	336	118	105	352	198	105	248	428	302	305	487	153	179	441	230	497	517	370	|
|402	284	0	350	448	80	228	406	42	343	382	129	456	350	412	126	219	131	382	395	410	371	180	137	314	466	289	400	137	167	389	401	169	316	39	280	217	342	373	394	414	362	108	380	324	106	|
|550	517	350	0	339	429	385	308	374	295	93	375	431	249	481	461	180	239	458	48	445	57	474	214	496	333	387	160	216	424	601	321	320	471	376	90	217	301	93	530	534	146	452	88	52	262	|
|329	394	448	339	0	513	282	42	438	105	255	363	115	108	221	484	259	431	217	365	172	289	436	362	333	30	224	189	353	380	423	47	291	296	443	285	240	107	251	307	294	193	495	260	378	437	|
|420	284	80	429	513	0	267	473	76	408	462	163	509	421	449	86	298	201	421	474	455	451	167	217	330	533	333	478	217	181	386	466	225	341	70	360	291	406	453	416	438	440	59	460	400	176	|
|187	136	228	385	282	267	0	249	199	186	360	104	248	224	184	214	207	294	155	432	189	371	155	237	113	308	68	336	227	101	216	236	78	98	205	296	168	181	350	174	190	305	231	360	390	283	|
|318	369	406	308	42	473	249	0	397	66	229	325	128	67	216	447	218	389	206	337	168	260	402	320	311	61	196	167	311	345	406	19	252	275	403	248	198	70	223	296	286	164	457	233	344	395	|
|366	244	42	374	438	76	199	397	0	332	397	96	436	346	383	90	228	168	354	420	385	389	139	161	277	458	263	408	158	128	349	391	150	282	6	298	218	331	388	359	380	370	78	395	352	144	|
|280	311	343	295	105	408	186	66	332	0	231	259	142	53	191	380	171	337	173	332	150	257	337	267	258	127	139	182	258	280	359	58	186	223	338	222	143	6	224	258	254	164	390	234	323	340	|
|504	496	382	93	255	462	360	229	397	231	0	375	356	180	422	478	173	293	403	110	381	36	474	248	463	245	345	68	246	419	568	244	308	433	400	104	200	237	9	482	482	67	474	5	142	312	|
|273	166	129	375	363	163	104	325	96	259	375	0	347	283	288	121	202	221	259	423	292	376	99	183	186	386	170	370	175	52	269	315	76	187	102	288	177	256	365	265	285	333	133	374	365	204	|
|233	329	456	431	115	509	248	128	436	142	356	347	0	181	121	462	311	472	128	463	76	386	398	403	260	141	180	294	392	349	334	111	287	224	442	362	280	139	350	212	194	289	479	360	463	472	|
|333	355	350	249	108	421	224	67	346	53	180	283	181	0	244	403	152	324	226	283	201	207	369	256	307	118	186	129	247	311	409	74	208	273	351	183	136	59	173	311	307	113	410	183	282	331	|
|112	223	412	481	221	449	184	216	383	191	422	288	121	244	0	387	327	461	30	521	49	447	313	396	152	250	125	371	385	273	214	196	249	121	389	400	288	185	415	91	74	355	408	425	503	454	|
