




arguments: ./build/irp_solver -f ./input/SF-14.cfg
Current dir: /scratch/mardar/irp_lp_solver-master
File verbosity level: 9
date       time         ( uptime  ) [ thread name/id ]                   file:line     v| 
2020-12-09 20:35:04.119 (   0.054s) [main thread     ]             loguru.cpp:789   INFO| Logging to './output/SF/OU/14/execution_09_12_2020_20_35_04.log', mode: 'a', verbosity: 9
--------------------------------------------------------------------------------
Parameters
                           instance_path                   ./input/Instances/14/
                            model_policy                                       1
                             nb_vehicles                                       1
                              output_dir                      ./output/SF/OU/14/
                            sec_strategy                                       1
                       solver_nb_threads                                       2
                         solver_show_log                                   false
                       solver_time_limit                                    3600
--------------------------------------------------------------------------------
executing instance: ./input/Instances/14/absH3low_1n45_14.dat
--------------------------------------------------------------------------------
Instance details
n	46
H	3
C	3462
Li:
[0, 0, 0, 0, 0, 0, 0, 0, 0, 0, 0, 0, 0, 0, 0, 0, 0, 0, 0, 0, 0, 0, 0, 0, 0, 0, 0, 0, 0, 0, 0, 0, 0, 0, 0, 0, 0, 0, 0, 0, 0, 0, 0, 0, 0, 0, ]
Ui:
[0, 44, 26, 66, 94, 64, 148, 112, 54, 75, 36, 174, 117, 192, 174, 198, 180, 30, 108, 136, 198, 180, 249, 210, 48, 264, 86, 168, 96, 30, 165, 273, 180, 237, 144, 92, 270, 45, 22, 90, 72, 156, 45, 66, 270, 198, ]
Distance matrix:
|0	20	44	70	71	110	93	116	137	139	160	180	166	201	169	136	219	236	254	260	247	252	253	256	278	303	236	327	200	305	249	281	349	346	312	363	201	206	374	390	426	439	431	461	464	460	|
|20	0	56	53	77	120	95	97	117	127	140	159	153	180	164	143	208	216	238	240	237	241	242	245	257	283	217	308	187	285	234	264	329	327	296	348	207	202	361	372	406	419	411	441	448	446	|
|44	56	0	109	110	143	57	130	168	129	183	198	153	225	140	93	201	262	247	274	226	232	232	238	294	314	270	339	243	334	290	319	372	379	353	351	157	250	357	426	456	462	460	490	458	449	|
|70	53	109	0	81	124	140	85	73	141	107	130	167	142	196	191	223	175	236	213	253	257	258	257	226	258	167	281	135	239	181	212	289	277	244	349	254	167	368	320	359	378	365	394	440	444	|
|71	77	110	81	0	45	163	161	150	202	187	211	229	221	239	203	285	251	310	294	313	318	319	321	306	338	230	362	168	310	221	263	364	339	283	422	266	144	436	374	426	454	432	462	517	518	|
|110	120	143	124	45	0	199	206	191	246	230	254	273	261	279	233	328	290	355	337	356	361	362	364	348	382	262	404	189	344	242	289	402	369	302	466	294	135	480	399	457	490	464	493	562	563	|
|93	95	57	140	163	199	0	124	181	92	182	191	112	224	84	52	152	262	208	256	175	180	180	188	280	292	284	317	274	336	317	338	364	387	377	304	114	297	307	440	457	452	460	490	415	402	|
|116	97	130	85	161	206	124	0	70	71	58	69	91	101	140	173	145	138	151	145	175	178	180	177	165	187	165	212	181	213	212	222	244	265	267	264	228	244	284	319	333	333	337	367	357	359	|
|137	117	168	73	150	191	181	70	0	141	45	68	159	70	210	233	210	102	200	148	239	242	244	238	157	193	103	215	113	168	142	157	216	211	199	311	292	191	336	260	289	306	294	324	389	400	|
|139	127	129	141	202	246	92	71	141	0	120	119	27	156	72	129	82	191	119	169	112	116	117	118	195	201	231	226	252	266	282	290	283	323	336	224	171	308	235	380	383	367	385	414	329	322	|
|160	140	183	107	187	230	182	58	45	120	0	24	132	43	192	231	177	80	158	107	205	208	210	202	119	151	112	174	150	155	169	170	190	207	219	268	285	235	294	262	276	280	280	309	345	356	|
|180	159	198	130	211	254	191	69	68	119	24	0	127	38	191	239	166	72	139	83	193	195	197	188	98	128	118	151	169	147	183	177	174	204	228	246	289	258	274	261	266	263	269	299	321	333	|
|166	153	153	167	229	273	112	91	159	27	132	127	0	164	68	141	56	197	96	163	86	90	91	92	190	191	243	215	272	270	299	302	280	329	351	198	174	333	208	388	383	361	385	413	305	296	|
|201	180	225	142	221	261	224	101	70	156	43	38	164	0	228	273	202	37	168	84	228	230	232	222	87	127	83	147	148	112	152	142	148	167	193	270	325	246	300	224	233	238	237	266	333	351	|
|169	164	140	196	239	279	84	140	210	72	192	191	68	228	0	88	79	262	148	231	95	100	100	111	258	256	303	280	318	336	352	361	348	394	407	229	108	362	227	452	451	429	453	481	344	325	|
|136	143	93	191	203	233	52	173	233	129	231	239	141	273	88	0	167	310	233	297	182	187	187	199	323	330	335	355	325	385	369	390	409	438	429	316	64	342	313	491	505	495	508	538	431	412	|
|219	208	201	223	285	328	152	145	210	82	177	166	56	202	79	167	0	230	74	178	30	34	35	37	206	193	284	215	323	298	346	344	295	359	394	152	181	388	156	420	404	369	404	430	265	250	|
|236	216	262	175	251	290	262	138	102	191	80	72	197	37	262	310	230	0	186	81	254	255	257	246	72	118	69	133	153	75	145	121	114	132	174	279	361	258	312	191	195	204	199	229	330	353	|
|254	238	247	236	310	355	208	151	200	119	158	139	96	168	148	233	74	186	0	117	83	81	83	68	145	123	250	143	308	244	320	306	230	307	359	113	254	390	136	369	340	299	340	365	211	208	|
|260	240	274	213	294	337	256	145	148	169	107	83	163	84	231	297	178	81	117	0	196	195	198	184	29	45	150	68	230	128	226	201	118	190	254	199	337	329	234	252	226	199	226	253	251	272	|
|247	237	226	253	313	356	175	175	239	112	205	193	86	228	95	182	30	254	83	196	0	5	6	19	224	206	311	226	352	320	374	370	312	382	421	134	186	418	132	443	421	382	421	447	251	230	|
|252	241	232	257	318	361	180	178	242	116	208	195	90	230	100	187	34	255	81	195	5	0	2	15	224	204	313	224	355	320	377	371	311	382	423	129	191	422	127	443	421	380	420	446	246	225	|
|253	242	232	258	319	362	180	180	244	117	210	197	91	232	100	187	35	257	83	198	6	2	0	17	226	206	315	226	357	322	378	374	313	384	425	130	190	423	127	446	423	382	423	448	246	225	|
|256	245	238	257	321	364	188	177	238	118	202	188	92	222	111	199	37	246	68	184	19	15	17	0	212	191	305	210	351	309	370	364	298	371	415	118	205	421	119	433	408	366	408	433	233	214	|
|278	257	294	226	306	348	280	165	157	195	119	98	190	87	258	323	206	72	145	29	224	224	226	212	0	46	139	61	225	103	215	184	90	165	237	219	364	329	255	227	197	172	198	225	259	285	|
|303	283	314	258	338	382	292	187	193	201	151	128	191	127	256	330	193	118	123	45	206	204	206	191	46	0	185	25	270	144	261	230	110	203	282	178	364	372	216	264	221	176	219	243	213	239	|
|236	217	270	167	230	262	284	165	103	231	112	118	243	83	303	335	284	69	250	150	311	313	315	305	139	185	0	198	95	85	76	59	151	110	110	347	393	203	380	156	195	233	202	231	398	422	|
|327	308	339	281	362	404	317	212	215	226	174	151	215	147	280	355	215	133	143	68	226	224	226	210	61	25	198	0	286	146	273	238	101	202	288	184	388	390	223	261	209	156	206	228	203	235	|
|200	187	243	135	168	189	274	181	113	252	150	169	272	148	318	325	323	153	308	230	352	355	357	351	225	270	95	286	0	177	53	101	245	186	115	415	388	109	443	210	275	325	283	311	480	498	|
|305	285	334	239	310	344	336	213	168	266	155	147	270	112	336	385	298	75	244	128	320	320	322	309	103	144	85	146	177	0	145	99	70	63	145	321	436	286	358	125	122	148	126	156	348	381	|
|249	234	290	181	221	242	317	212	142	282	169	183	299	152	352	369	346	145	320	226	374	377	378	370	215	261	76	273	53	145	0	53	215	140	63	421	430	148	452	157	229	287	238	264	474	498	|
|281	264	319	212	263	289	338	222	157	290	170	177	302	142	361	390	344	121	306	201	370	371	374	364	184	230	59	238	101	99	53	0	169	86	53	399	448	202	434	111	176	235	184	211	441	469	|
|349	329	372	289	364	402	364	244	216	283	190	174	280	148	348	409	295	114	230	118	312	311	313	298	90	110	151	101	245	70	215	169	0	109	212	284	453	354	324	164	111	90	110	135	292	330	|
|346	327	379	277	339	369	387	265	211	323	207	204	329	167	394	438	359	132	307	190	382	382	384	371	165	203	110	202	186	63	140	86	109	0	113	381	491	288	419	62	90	155	98	125	400	436	|
|312	296	353	244	283	302	377	267	199	336	219	228	351	193	407	429	394	174	359	254	421	423	425	415	237	282	110	288	115	145	63	53	212	113	0	452	490	194	487	107	195	267	204	226	492	521	|
|363	348	351	349	422	466	304	264	311	224	268	246	198	270	229	316	152	279	113	199	134	129	130	118	219	178	347	184	415	321	421	399	284	381	452	0	318	502	40	442	391	326	388	408	117	98	|
|201	207	157	254	266	294	114	228	292	171	285	289	174	325	108	64	181	361	254	337	186	191	190	205	364	364	393	388	388	436	430	448	453	491	490	318	0	407	306	546	554	536	556	585	435	408	|
|206	202	250	167	144	135	297	244	191	308	235	258	333	246	362	342	388	258	390	329	418	422	423	421	329	372	203	390	109	286	148	202	354	288	194	502	407	0	525	300	378	432	386	412	578	591	|
|374	361	357	368	436	480	307	284	336	235	294	274	208	300	227	313	156	312	136	234	132	127	127	119	255	216	380	223	443	358	452	434	324	419	487	40	306	525	0	480	432	367	429	448	137	102	|
|390	372	426	320	374	399	440	319	260	380	262	261	388	224	452	491	420	191	369	252	443	443	446	433	227	264	156	261	210	125	157	111	164	62	107	442	546	300	480	0	99	186	108	125	456	494	|
|426	406	456	359	426	457	457	333	289	383	276	266	383	233	451	505	404	195	340	226	421	421	423	408	197	221	195	209	275	122	229	176	111	90	195	391	554	378	432	99	0	92	9	36	384	427	|
|439	419	462	378	454	490	452	333	306	367	280	263	361	238	429	495	369	204	299	199	382	380	382	366	172	176	233	156	325	148	287	235	90	155	267	326	536	432	367	186	92	0	84	89	301	348	|
|431	411	460	365	432	464	460	337	294	385	280	269	385	237	453	508	404	199	340	226	421	420	423	408	198	219	202	206	283	126	238	184	110	98	204	388	556	386	429	108	9	84	0	30	378	422	|
|461	441	490	394	462	493	490	367	324	414	309	299	413	266	481	538	430	229	365	253	447	446	448	433	225	243	231	228	311	156	264	211	135	125	226	408	585	412	448	125	36	89	30	0	390	436	|
|464	448	458	440	517	562	415	357	389	329	345	321	305	333	344	431	265	330	211	251	251	246	246	233	259	213	398	203	480	348	474	441	292	400	492	117	435	578	137	456	384	301	378	390	0	54	|
|460	446	449	444	518	563	402	359	400	322	356	333	296	351	325	412	250	353	208	272	230	225	225	214	285	239	422	235	498	381	498	469	330	436	521	98	408	591	102	494	427	348	422	436	54	0	|

--------------------------------------------------------------------------------
Building model...
	using lazy and cut (CVRPSEP package)
Solving IRP LP...


Gurobi 9.1.0 (linux64) logging started Wed Dec  9 20:35:06 2020

================================================================================
executing instance: ./input/Instances/14/absH3high_5n30_14.dat
--------------------------------------------------------------------------------
Instance details
n	31
H	3
C	2296
Li:
[0, 0, 0, 0, 0, 0, 0, 0, 0, 0, 0, 0, 0, 0, 0, 0, 0, 0, 0, 0, 0, 0, 0, 0, 0, 0, 0, 0, 0, 0, 0, ]
Ui:
[0, 128, 72, 297, 88, 74, 192, 105, 237, 192, 294, 264, 28, 123, 246, 96, 92, 96, 72, 80, 84, 90, 147, 32, 126, 196, 54, 112, 129, 28, 110, ]
Distance matrix:
|0	13	64	65	63	85	135	158	161	120	169	171	201	219	246	274	275	235	129	87	106	302	287	339	383	358	345	412	401	389	393	|
|13	0	51	58	65	89	136	159	164	130	164	162	196	221	238	274	275	243	142	81	100	293	276	332	381	347	334	406	391	377	395	|
|64	51	0	58	90	117	150	171	183	172	155	133	182	233	210	279	279	276	193	80	90	259	236	306	376	307	289	386	353	335	408	|
|65	58	58	0	40	65	92	114	125	130	107	107	138	175	181	224	224	222	174	128	143	239	228	275	326	297	290	348	339	330	351	|
|63	65	90	40	0	27	72	95	99	90	114	134	148	157	202	211	212	186	142	145	163	263	258	291	321	327	323	359	366	360	331	|
|85	89	117	65	27	0	54	77	77	69	113	145	146	136	206	194	195	159	136	170	188	270	270	291	307	337	337	354	374	371	308	|
|135	136	150	92	72	54	0	23	34	101	73	125	103	85	170	140	141	142	182	215	232	235	245	247	253	306	315	304	339	342	260	|
|158	159	171	114	95	77	23	0	23	115	71	130	95	62	164	117	118	134	200	238	255	229	243	234	231	302	314	287	332	339	238	|
|161	164	183	125	99	77	34	23	0	100	94	153	117	61	187	121	123	111	187	245	262	251	267	254	238	325	338	303	355	362	232	|
|120	130	172	130	90	69	101	115	100	0	173	214	204	157	269	218	220	122	88	204	224	334	338	348	336	403	406	402	438	438	307	|
|169	164	155	107	114	113	73	71	94	173	0	64	34	105	97	132	131	203	248	232	245	162	173	179	222	233	244	245	266	269	268	|
|171	162	133	107	134	145	125	130	153	214	64	0	68	169	77	190	188	264	276	212	220	132	125	173	261	193	192	253	233	226	326	|
|201	196	182	138	148	146	103	95	117	204	34	68	0	112	70	122	120	221	281	261	272	134	153	145	197	208	224	212	237	245	258	|
|219	221	233	175	157	136	85	62	61	157	105	169	112	0	177	61	63	118	244	301	317	237	264	223	180	312	334	257	334	349	175	|
|246	238	210	181	202	206	170	164	187	269	97	77	70	177	0	171	168	290	342	289	296	65	87	96	208	138	157	178	169	175	300	|
|274	274	279	224	211	194	140	117	121	218	132	190	122	61	171	0	3	164	306	352	367	220	257	190	118	294	325	207	308	330	136	|
|275	275	279	224	212	195	141	118	123	220	131	188	120	63	168	3	0	166	308	352	367	217	255	187	116	291	322	204	305	328	138	|
|235	243	276	222	186	159	142	134	111	122	203	264	221	118	290	164	166	0	192	321	341	352	374	342	272	428	445	370	452	465	204	|
|129	142	193	174	142	136	182	200	187	88	248	276	281	244	342	306	308	192	0	187	207	404	400	427	424	469	464	486	508	502	390	|
|87	81	80	128	145	170	215	238	245	204	232	212	261	301	289	352	352	321	187	0	20	334	307	384	454	376	352	465	424	402	475	|
|106	100	90	143	163	188	232	255	262	224	245	220	272	317	296	367	367	341	207	20	0	339	308	391	467	377	350	473	425	401	492	|
|302	293	259	239	263	270	235	229	251	334	162	132	134	237	65	220	217	352	404	334	339	0	53	70	227	75	107	157	105	113	339	|
|287	276	236	228	258	270	245	243	267	338	173	125	153	264	87	257	255	374	400	307	308	53	0	123	277	71	71	208	117	102	383	|
|339	332	306	275	291	291	247	234	254	348	179	173	145	223	96	190	187	342	427	384	391	70	123	0	166	119	166	88	120	151	290	|
|383	381	376	326	321	307	253	231	238	336	222	261	197	180	208	118	116	272	424	454	467	227	277	166	0	285	331	129	280	316	137	|
|358	347	307	297	327	337	306	302	325	403	233	193	208	312	138	294	291	428	469	376	377	75	71	119	285	0	54	187	49	37	406	|
|345	334	289	290	323	337	315	314	338	406	244	192	224	334	157	325	322	445	464	352	350	107	71	166	331	54	0	239	96	55	445	|
|412	406	386	348	359	354	304	287	303	402	245	253	212	257	178	207	204	370	486	465	473	157	208	88	129	187	239	0	166	210	266	|
|401	391	353	339	366	374	339	332	355	438	266	233	237	334	169	308	305	452	508	424	425	105	117	120	280	49	96	166	0	48	409	|
|389	377	335	330	360	371	342	339	362	438	269	226	245	349	175	330	328	465	502	402	401	113	102	151	316	37	55	210	48	0	441	|
|393	395	408	351	331	308	260	238	232	307	268	326	258	175	300	136	138	204	390	475	492	339	383	290	137	406	445	266	409	441	0	|

--------------------------------------------------------------------------------
Building model...
	using lazy and cut (CVRPSEP package)
Solving IRP LP...


Gurobi 9.1.0 (linux64) logging started Wed Dec  9 20:37:34 2020

================================================================================
executing instance: ./input/Instances/14/absH3low_1n20_14.dat
--------------------------------------------------------------------------------
Instance details
n	21
H	3
C	1599
Li:
[0, 0, 0, 0, 0, 0, 0, 0, 0, 0, 0, 0, 0, 0, 0, 0, 0, 0, 0, 0, 0, ]
Ui:
[0, 276, 30, 160, 264, 213, 94, 153, 40, 267, 144, 64, 117, 42, 110, 46, 36, 118, 198, 129, 174, ]
Distance matrix:
|0	79	115	92	95	194	245	266	292	341	355	343	370	400	392	431	371	401	361	265	348	|
|79	0	66	166	175	134	197	202	275	289	304	314	346	374	379	383	372	406	385	316	388	|
|115	66	0	177	201	181	251	241	339	337	351	374	407	434	443	431	438	472	451	374	450	|
|92	166	177	0	47	286	334	359	366	431	444	423	447	477	461	519	430	455	398	273	368	|
|95	175	201	47	0	279	319	352	336	415	427	397	417	448	427	499	392	415	354	226	321	|
|194	134	181	286	279	0	72	73	183	156	171	201	237	261	283	251	296	333	345	332	375	|
|245	197	251	334	319	72	0	70	123	97	110	130	167	189	216	187	238	275	304	322	346	|
|266	202	241	359	352	73	70	0	191	102	117	182	220	237	275	196	305	342	374	386	415	|
|292	275	339	366	336	183	123	191	0	152	154	67	81	112	104	193	115	152	190	252	246	|
|341	289	337	431	415	156	97	102	152	0	15	110	143	151	203	95	250	284	341	394	398	|
|355	304	351	444	427	171	110	117	154	15	0	106	137	142	197	80	247	280	341	399	400	|
|343	314	374	423	397	201	130	182	67	110	106	0	38	60	95	127	141	175	239	318	303	|
|370	346	407	447	417	237	167	220	81	143	137	38	0	30	61	139	117	146	222	317	292	|
|400	374	434	477	448	261	189	237	112	151	142	60	30	0	66	127	131	156	240	344	312	|
|392	379	443	461	427	283	216	275	104	203	197	95	61	66	0	193	67	90	177	294	252	|
|431	383	431	519	499	251	187	196	193	95	80	127	139	127	193	0	255	282	361	444	429	|
|371	372	438	430	392	296	238	305	115	250	247	141	117	131	67	255	0	37	110	235	185	|
|401	406	472	455	415	333	275	342	152	284	280	175	146	156	90	282	37	0	100	242	178	|
|361	385	451	398	354	345	304	374	190	341	341	239	222	240	177	361	110	100	0	151	78	|
|265	316	374	273	226	332	322	386	252	394	399	318	317	344	294	444	235	242	151	0	97	|
|348	388	450	368	321	375	346	415	246	398	400	303	292	312	252	429	185	178	78	97	0	|

--------------------------------------------------------------------------------
Building model...
	using lazy and cut (CVRPSEP package)
Solving IRP LP...


Gurobi 9.1.0 (linux64) logging started Wed Dec  9 20:38:02 2020

================================================================================
executing instance: ./input/Instances/14/absH3high_5n10_14.dat
--------------------------------------------------------------------------------
Instance details
n	11
H	3
C	960
Li:
[0, 0, 0, 0, 0, 0, 0, 0, 0, 0, 0, ]
Ui:
[0, 90, 93, 192, 178, 231, 178, 249, 117, 134, 78, ]
Distance matrix:
|0	73	139	219	195	208	128	152	219	236	183	|
|73	0	112	158	129	171	176	205	224	251	255	|
|139	112	0	113	201	276	266	179	123	158	290	|
|219	158	113	0	161	267	334	292	211	250	393	|
|195	129	201	161	0	112	255	333	324	358	372	|
|208	171	276	267	112	0	204	360	394	422	351	|
|128	176	266	334	255	204	0	230	339	349	157	|
|152	205	179	292	333	360	230	0	154	143	151	|
|219	224	123	211	324	394	339	154	0	40	303	|
|236	251	158	250	358	422	349	143	40	0	294	|
|183	255	290	393	372	351	157	151	303	294	0	|

--------------------------------------------------------------------------------
Building model...
	using lazy and cut (CVRPSEP package)
Solving IRP LP...


Gurobi 9.1.0 (linux64) logging started Wed Dec  9 20:38:04 2020

================================================================================
executing instance: ./input/Instances/14/absH6low_5n30_14.dat
--------------------------------------------------------------------------------
Instance details
n	31
H	6
C	2262
Li:
[0, 0, 0, 0, 0, 0, 0, 0, 0, 0, 0, 0, 0, 0, 0, 0, 0, 0, 0, 0, 0, 0, 0, 0, 0, 0, 0, 0, 0, 0, 0, ]
Ui:
[0, 128, 72, 180, 88, 74, 192, 105, 237, 192, 294, 186, 28, 123, 246, 96, 92, 96, 72, 80, 84, 48, 147, 32, 126, 196, 54, 112, 129, 154, 110, ]
Distance matrix:
|0	13	64	65	63	85	135	158	161	120	169	171	201	219	246	274	275	235	129	87	106	302	287	339	383	358	345	412	401	389	393	|
|13	0	51	58	65	89	136	159	164	130	164	162	196	221	238	274	275	243	142	81	100	293	276	332	381	347	334	406	391	377	395	|
|64	51	0	58	90	117	150	171	183	172	155	133	182	233	210	279	279	276	193	80	90	259	236	306	376	307	289	386	353	335	408	|
|65	58	58	0	40	65	92	114	125	130	107	107	138	175	181	224	224	222	174	128	143	239	228	275	326	297	290	348	339	330	351	|
|63	65	90	40	0	27	72	95	99	90	114	134	148	157	202	211	212	186	142	145	163	263	258	291	321	327	323	359	366	360	331	|
|85	89	117	65	27	0	54	77	77	69	113	145	146	136	206	194	195	159	136	170	188	270	270	291	307	337	337	354	374	371	308	|
|135	136	150	92	72	54	0	23	34	101	73	125	103	85	170	140	141	142	182	215	232	235	245	247	253	306	315	304	339	342	260	|
|158	159	171	114	95	77	23	0	23	115	71	130	95	62	164	117	118	134	200	238	255	229	243	234	231	302	314	287	332	339	238	|
|161	164	183	125	99	77	34	23	0	100	94	153	117	61	187	121	123	111	187	245	262	251	267	254	238	325	338	303	355	362	232	|
|120	130	172	130	90	69	101	115	100	0	173	214	204	157	269	218	220	122	88	204	224	334	338	348	336	403	406	402	438	438	307	|
|169	164	155	107	114	113	73	71	94	173	0	64	34	105	97	132	131	203	248	232	245	162	173	179	222	233	244	245	266	269	268	|
|171	162	133	107	134	145	125	130	153	214	64	0	68	169	77	190	188	264	276	212	220	132	125	173	261	193	192	253	233	226	326	|
|201	196	182	138	148	146	103	95	117	204	34	68	0	112	70	122	120	221	281	261	272	134	153	145	197	208	224	212	237	245	258	|
|219	221	233	175	157	136	85	62	61	157	105	169	112	0	177	61	63	118	244	301	317	237	264	223	180	312	334	257	334	349	175	|
|246	238	210	181	202	206	170	164	187	269	97	77	70	177	0	171	168	290	342	289	296	65	87	96	208	138	157	178	169	175	300	|
|274	274	279	224	211	194	140	117	121	218	132	190	122	61	171	0	3	164	306	352	367	220	257	190	118	294	325	207	308	330	136	|
|275	275	279	224	212	195	141	118	123	220	131	188	120	63	168	3	0	166	308	352	367	217	255	187	116	291	322	204	305	328	138	|
|235	243	276	222	186	159	142	134	111	122	203	264	221	118	290	164	166	0	192	321	341	352	374	342	272	428	445	370	452	465	204	|
|129	142	193	174	142	136	182	200	187	88	248	276	281	244	342	306	308	192	0	187	207	404	400	427	424	469	464	486	508	502	390	|
|87	81	80	128	145	170	215	238	245	204	232	212	261	301	289	352	352	321	187	0	20	334	307	384	454	376	352	465	424	402	475	|
|106	100	90	143	163	188	232	255	262	224	245	220	272	317	296	367	367	341	207	20	0	339	308	391	467	377	350	473	425	401	492	|
|302	293	259	239	263	270	235	229	251	334	162	132	134	237	65	220	217	352	404	334	339	0	53	70	227	75	107	157	105	113	339	|
|287	276	236	228	258	270	245	243	267	338	173	125	153	264	87	257	255	374	400	307	308	53	0	123	277	71	71	208	117	102	383	|
|339	332	306	275	291	291	247	234	254	348	179	173	145	223	96	190	187	342	427	384	391	70	123	0	166	119	166	88	120	151	290	|
|383	381	376	326	321	307	253	231	238	336	222	261	197	180	208	118	116	272	424	454	467	227	277	166	0	285	331	129	280	316	137	|
|358	347	307	297	327	337	306	302	325	403	233	193	208	312	138	294	291	428	469	376	377	75	71	119	285	0	54	187	49	37	406	|
|345	334	289	290	323	337	315	314	338	406	244	192	224	334	157	325	322	445	464	352	350	107	71	166	331	54	0	239	96	55	445	|
|412	406	386	348	359	354	304	287	303	402	245	253	212	257	178	207	204	370	486	465	473	157	208	88	129	187	239	0	166	210	266	|
|401	391	353	339	366	374	339	332	355	438	266	233	237	334	169	308	305	452	508	424	425	105	117	120	280	49	96	166	0	48	409	|
|389	377	335	330	360	371	342	339	362	438	269	226	245	349	175	330	328	465	502	402	401	113	102	151	316	37	55	210	48	0	441	|
|393	395	408	351	331	308	260	238	232	307	268	326	258	175	300	136	138	204	390	475	492	339	383	290	137	406	445	266	409	441	0	|

--------------------------------------------------------------------------------
Building model...
	using lazy and cut (CVRPSEP package)
Solving IRP LP...


Gurobi 9.1.0 (linux64) logging started Wed Dec  9 20:38:05 2020

================================================================================
executing instance: ./input/Instances/14/absH3high_1n10_14.dat
--------------------------------------------------------------------------------
Instance details
n	11
H	3
C	952
Li:
[0, 0, 0, 0, 0, 0, 0, 0, 0, 0, 0, ]
Ui:
[0, 150, 189, 154, 28, 174, 258, 138, 237, 126, 129, ]
Distance matrix:
|0	47	135	183	235	298	319	376	439	280	430	|
|47	0	148	225	269	324	346	383	456	257	428	|
|135	148	0	153	149	182	206	241	309	194	299	|
|183	225	153	0	85	172	183	314	328	344	396	|
|235	269	149	85	0	87	98	239	244	316	325	|
|298	324	182	172	87	0	25	163	157	299	253	|
|319	346	206	183	98	25	0	172	148	322	262	|
|376	383	241	314	239	163	172	0	117	230	90	|
|439	456	309	328	244	157	148	117	0	344	183	|
|280	257	194	344	316	299	322	230	344	0	222	|
|430	428	299	396	325	253	262	90	183	222	0	|

--------------------------------------------------------------------------------
Building model...
	using lazy and cut (CVRPSEP package)
Solving IRP LP...


Gurobi 9.1.0 (linux64) logging started Wed Dec  9 20:47:56 2020

================================================================================
executing instance: ./input/Instances/14/absH3low_4n10_14.dat
--------------------------------------------------------------------------------
Instance details
n	11
H	3
C	822
Li:
[0, 0, 0, 0, 0, 0, 0, 0, 0, 0, 0, ]
Ui:
[0, 297, 138, 153, 102, 165, 88, 38, 86, 182, 52, ]
Distance matrix:
|0	36	148	239	285	307	382	256	383	327	411	|
|36	0	165	212	268	304	364	220	386	339	429	|
|148	165	0	241	227	192	320	325	249	179	263	|
|239	212	241	0	103	212	173	132	305	324	430	|
|285	268	227	103	0	120	98	235	209	249	352	|
|307	304	192	212	120	0	168	342	94	135	234	|
|382	364	320	173	98	168	0	288	227	302	395	|
|256	220	325	132	235	342	288	0	436	444	549	|
|383	386	249	305	209	94	227	436	0	109	174	|
|327	339	179	324	249	135	302	444	109	0	106	|
|411	429	263	430	352	234	395	549	174	106	0	|

--------------------------------------------------------------------------------
Building model...
	using lazy and cut (CVRPSEP package)
Solving IRP LP...


Gurobi 9.1.0 (linux64) logging started Wed Dec  9 20:47:56 2020

================================================================================
executing instance: ./input/Instances/14/absH6low_3n10_14.dat
--------------------------------------------------------------------------------
Instance details
n	11
H	6
C	712
Li:
[0, 0, 0, 0, 0, 0, 0, 0, 0, 0, 0, ]
Ui:
[0, 240, 96, 165, 28, 33, 198, 122, 42, 117, 189, ]
Distance matrix:
|0	135	161	142	156	286	285	255	182	317	209	|
|135	0	39	73	144	192	267	273	289	430	260	|
|161	39	0	53	127	153	239	254	296	436	299	|
|142	73	53	0	73	145	194	202	250	388	315	|
|156	144	127	73	0	156	134	130	200	332	356	|
|286	192	153	145	156	0	164	221	354	479	451	|
|285	267	239	194	134	164	0	74	256	353	490	|
|255	273	254	202	130	221	74	0	189	280	464	|
|182	289	296	250	200	354	256	189	0	141	361	|
|317	430	436	388	332	479	353	280	141	0	469	|
|209	260	299	315	356	451	490	464	361	469	0	|

--------------------------------------------------------------------------------
Building model...
	using lazy and cut (CVRPSEP package)
Solving IRP LP...


Gurobi 9.1.0 (linux64) logging started Wed Dec  9 20:47:57 2020

================================================================================
executing instance: ./input/Instances/14/absH6high_2n10_14.dat
--------------------------------------------------------------------------------
Instance details
n	11
H	6
C	655
Li:
[0, 0, 0, 0, 0, 0, 0, 0, 0, 0, 0, ]
Ui:
[0, 225, 22, 132, 154, 108, 78, 84, 177, 78, 30, ]
Distance matrix:
|0	142	191	205	322	365	395	356	378	514	411	|
|142	0	49	175	204	227	253	270	313	373	318	|
|191	49	0	197	166	179	205	245	295	327	302	|
|205	175	197	0	361	345	328	441	488	419	222	|
|322	204	166	361	0	101	181	106	172	293	410	|
|365	227	179	345	101	0	82	201	268	193	339	|
|395	253	205	328	181	82	0	284	350	125	275	|
|356	270	245	441	106	201	284	0	66	386	514	|
|378	313	295	488	172	268	350	66	0	451	576	|
|514	373	327	419	293	193	125	386	451	0	297	|
|411	318	302	222	410	339	275	514	576	297	0	|

--------------------------------------------------------------------------------
Building model...
	using lazy and cut (CVRPSEP package)
Solving IRP LP...


Gurobi 9.1.0 (linux64) logging started Wed Dec  9 20:47:58 2020

================================================================================
executing instance: ./input/Instances/14/absH3high_5n45_14.dat
--------------------------------------------------------------------------------
Instance details
n	46
H	3
C	3525
Li:
[0, 0, 0, 0, 0, 0, 0, 0, 0, 0, 0, 0, 0, 0, 0, 0, 0, 0, 0, 0, 0, 0, 0, 0, 0, 0, 0, 0, 0, 0, 0, 0, 0, 0, 0, 0, 0, 0, 0, 0, 0, 0, 0, 0, 0, 0, ]
Ui:
[0, 20, 117, 110, 122, 146, 153, 210, 180, 252, 134, 178, 106, 120, 84, 255, 108, 64, 33, 156, 240, 60, 57, 291, 50, 190, 34, 222, 168, 26, 38, 132, 162, 176, 48, 66, 110, 102, 192, 150, 39, 111, 150, 62, 100, 222, ]
Distance matrix:
|0	17	48	69	104	107	103	102	106	139	153	97	157	165	110	97	116	169	206	73	113	186	194	222	225	255	213	123	142	144	152	143	156	155	178	200	226	201	217	241	239	271	314	318	316	322	|
|17	0	36	61	92	92	86	86	90	122	136	87	144	152	110	104	124	167	197	90	126	191	200	227	231	248	224	137	155	156	166	150	169	157	192	217	243	202	214	256	241	277	331	335	326	334	|
|48	36	0	86	105	94	69	64	60	101	123	52	150	156	141	140	159	193	210	116	161	225	235	261	265	267	260	145	160	157	174	139	175	136	198	243	268	177	185	262	217	261	359	361	321	332	|
|69	61	86	0	41	59	89	95	114	121	119	135	95	104	60	79	96	107	138	125	121	146	160	182	188	186	202	189	209	213	217	211	223	218	244	240	266	261	271	306	301	338	343	354	385	390	|
|104	92	105	41	0	31	78	87	111	101	89	147	55	64	79	112	126	102	105	165	158	161	178	195	201	162	229	226	245	248	255	241	260	241	282	280	306	282	286	344	322	365	381	393	418	426	|
|107	92	94	59	31	0	50	60	86	70	60	128	55	62	108	137	153	131	120	176	180	192	208	225	232	181	258	229	247	247	258	234	261	228	284	296	322	266	267	348	306	354	402	412	415	424	|
|103	86	69	89	78	50	0	10	36	36	54	85	99	103	147	166	184	179	167	176	202	234	248	269	275	230	290	214	229	225	243	203	243	190	267	303	329	224	221	331	264	317	416	421	386	399	|
|102	86	64	95	87	60	10	0	26	37	61	75	110	113	154	170	189	188	177	175	205	241	255	276	282	240	295	209	224	219	238	196	238	181	262	302	328	214	211	326	254	308	416	421	378	392	|
|106	90	60	114	111	86	36	26	0	50	81	53	136	139	174	185	205	212	203	176	215	261	274	297	302	266	309	201	214	206	228	179	227	159	251	303	329	190	185	314	229	286	419	422	360	375	|
|139	122	101	121	101	70	36	37	50	0	34	103	104	104	177	199	217	200	172	212	237	262	277	296	302	237	323	246	260	254	274	228	274	208	298	338	364	236	228	361	276	334	451	457	410	425	|
|153	136	123	119	89	60	54	61	81	34	0	134	77	74	168	197	213	181	142	225	239	249	266	281	289	208	318	268	283	279	297	257	297	240	321	350	376	270	262	385	309	367	459	467	439	453	|
|97	87	52	135	147	128	85	75	53	103	134	0	182	186	192	191	211	241	247	153	209	276	287	313	317	308	309	159	169	159	185	127	182	106	205	275	300	139	140	267	179	233	395	393	307	323	|
|157	144	150	95	55	55	99	110	136	104	77	182	0	10	119	159	170	111	68	220	207	187	206	216	224	133	267	279	298	299	309	289	313	283	335	333	358	321	320	398	361	410	431	445	469	478	|
|165	152	156	104	64	62	103	113	139	104	74	186	10	0	129	169	180	119	68	229	217	196	215	224	232	134	277	288	307	307	317	295	321	289	343	343	368	325	323	407	365	416	441	455	476	485	|
|110	110	141	60	79	108	147	154	174	177	168	192	119	129	0	45	52	64	131	137	94	87	101	123	128	160	151	211	232	241	237	249	245	265	263	226	250	311	324	321	349	378	315	331	412	413	|
|97	104	140	79	112	137	166	170	185	199	197	191	159	169	45	0	20	104	176	100	49	91	98	127	129	202	124	175	197	208	200	224	209	246	226	180	205	294	313	280	330	351	272	287	376	375	|
|116	124	159	96	126	153	184	189	205	217	213	211	170	180	52	20	0	102	180	112	47	74	79	109	111	200	106	188	209	221	210	240	221	264	236	178	201	312	331	288	347	366	263	280	387	385	|
|169	167	193	107	102	131	179	188	212	200	181	241	111	119	64	104	102	0	88	200	148	81	101	105	114	99	171	274	296	304	301	311	309	323	327	280	302	368	378	383	407	440	356	377	475	477	|
|206	197	210	138	105	120	167	177	203	172	142	247	68	68	131	176	180	88	0	259	225	169	188	188	197	66	259	326	346	351	355	346	361	346	381	357	381	385	387	442	425	471	442	460	522	528	|
|73	90	116	125	165	176	176	175	176	212	225	153	220	229	137	100	112	200	259	0	80	185	186	218	218	296	178	76	97	109	100	133	110	166	127	127	153	213	240	185	245	256	244	246	276	277	|
|113	126	161	121	158	180	202	205	215	237	239	209	207	217	94	49	47	148	225	80	0	111	108	140	139	247	102	152	172	187	171	213	183	244	196	132	156	292	316	244	325	336	224	238	347	343	|
|186	191	225	146	161	192	234	241	261	262	249	276	187	196	87	91	74	81	169	185	111	0	19	37	41	163	93	260	281	295	282	314	293	337	306	228	247	385	403	354	421	441	286	310	458	454	|
|194	200	235	160	178	208	248	255	274	277	266	287	206	215	101	98	79	101	188	186	108	19	0	32	32	180	75	260	280	295	280	317	291	343	303	217	235	390	410	349	426	442	270	295	455	449	|
|222	227	261	182	195	225	269	276	297	296	281	313	216	224	123	127	109	105	188	218	140	37	32	0	9	169	93	292	312	327	312	348	323	373	335	246	262	421	439	380	456	474	290	317	487	481	|
|225	231	265	188	201	232	275	282	302	302	289	317	224	232	128	129	111	114	197	218	139	41	32	9	0	178	86	291	312	326	310	349	322	375	334	241	257	422	442	377	458	474	282	310	485	478	|
|255	248	267	186	162	181	230	240	266	237	208	308	133	134	160	202	200	99	66	296	247	163	180	169	178	0	255	368	389	396	396	397	403	402	422	378	400	443	447	480	484	524	448	471	568	571	|
|213	224	260	202	229	258	290	295	309	323	318	309	267	277	151	124	106	171	259	178	102	93	75	93	86	255	0	241	259	277	254	309	267	343	274	163	176	391	417	309	422	426	197	224	421	411	|
|123	137	145	189	226	229	214	209	201	246	268	159	279	288	211	175	188	274	326	76	152	260	260	292	291	368	241	0	21	36	30	75	35	121	56	134	155	163	197	119	187	185	252	243	201	203	|
|142	155	160	209	245	247	229	224	214	260	283	169	298	307	232	197	209	296	346	97	172	281	280	312	312	389	259	21	0	21	17	68	14	116	38	142	160	154	190	102	175	167	257	245	180	182	|
|144	156	157	213	248	247	225	219	206	254	279	159	299	307	241	208	221	304	351	109	187	295	295	327	326	396	277	36	21	0	36	49	26	97	47	163	180	134	170	108	154	149	277	264	172	178	|
|152	166	174	217	255	258	243	238	228	274	297	185	309	317	237	200	210	301	355	100	171	282	280	312	310	396	254	30	17	36	0	84	14	132	27	129	145	169	206	90	187	174	242	229	177	176	|
|143	150	139	211	241	234	203	196	179	228	257	127	289	295	249	224	240	311	346	133	213	314	317	348	349	397	309	75	68	49	84	0	74	48	93	209	228	87	122	147	114	129	325	313	182	196	|
|156	169	175	223	260	261	243	238	227	274	297	182	313	321	245	209	221	309	361	110	183	293	291	323	322	403	267	35	14	26	14	74	0	122	24	142	158	157	194	88	174	160	254	240	167	168	|
|155	157	136	218	241	228	190	181	159	208	240	106	283	289	265	246	264	323	346	166	244	337	343	373	375	402	343	121	116	97	132	48	122	0	140	255	275	48	76	191	84	127	373	361	206	225	|
|178	192	198	244	282	284	267	262	251	298	321	205	335	343	263	226	236	327	381	127	196	306	303	335	334	422	274	56	38	47	27	93	24	140	0	137	149	171	210	64	184	160	243	226	152	150	|
|200	217	243	240	280	296	303	302	303	338	350	275	333	343	226	180	178	280	357	127	132	228	217	246	241	378	163	134	142	163	129	209	142	255	137	0	26	296	331	152	316	297	120	119	268	253	|
|226	243	268	266	306	322	329	328	329	364	376	300	358	368	250	205	201	302	381	153	156	247	235	262	257	400	176	155	160	180	145	228	158	275	149	26	0	314	350	154	332	307	98	93	270	252	|
|201	202	177	261	282	266	224	214	190	236	270	139	321	325	311	294	312	368	385	213	292	385	390	421	422	443	391	163	154	134	169	87	157	48	171	296	314	0	40	212	40	103	411	396	199	224	|
|217	214	185	271	286	267	221	211	185	228	262	140	320	323	324	313	331	378	387	240	316	403	410	439	442	447	417	197	190	170	206	122	194	76	210	331	350	40	0	251	58	132	447	434	234	260	|
|241	256	262	306	344	348	331	326	314	361	385	267	398	407	321	280	288	383	442	185	244	354	349	380	377	480	309	119	102	108	90	147	88	191	64	152	154	212	251	0	214	167	233	207	116	102	|
|239	241	217	301	322	306	264	254	229	276	309	179	361	365	349	330	347	407	425	245	325	421	426	456	458	484	422	187	175	154	187	114	174	84	184	316	332	40	58	214	0	75	427	409	179	207	|
|271	277	261	338	365	354	317	308	286	334	367	233	410	416	378	351	366	440	471	256	336	441	442	474	474	524	426	185	167	149	174	129	160	127	160	297	307	103	132	167	75	0	396	374	107	137	|
|314	331	359	343	381	402	416	416	419	451	459	395	431	441	315	272	263	356	442	244	224	286	270	290	282	448	197	252	257	277	242	325	254	373	243	120	98	411	447	233	427	396	0	37	343	319	|
|318	335	361	354	393	412	421	421	422	457	467	393	445	455	331	287	280	377	460	246	238	310	295	317	310	471	224	243	245	264	229	313	240	361	226	119	93	396	434	207	409	374	37	0	313	288	|
|316	326	321	385	418	415	386	378	360	410	439	307	469	476	412	376	387	475	522	276	347	458	455	487	485	568	421	201	180	172	177	182	167	206	152	268	270	199	234	116	179	107	343	313	0	33	|
|322	334	332	390	426	424	399	392	375	425	453	323	478	485	413	375	385	477	528	277	343	454	449	481	478	571	411	203	182	178	176	196	168	225	150	253	252	224	260	102	207	137	319	288	33	0	|

--------------------------------------------------------------------------------
Building model...
	using lazy and cut (CVRPSEP package)
Solving IRP LP...


Gurobi 9.1.0 (linux64) logging started Wed Dec  9 20:47:59 2020

================================================================================
executing instance: ./input/Instances/14/absH6low_1n5_14.dat
--------------------------------------------------------------------------------
Instance details
n	6
H	6
C	507
Li:
[0, 0, 0, 0, 0, 0, ]
Ui:
[0, 150, 195, 129, 128, 273, ]
Distance matrix:
|0	17	85	203	289	349	|
|17	0	102	207	302	366	|
|85	102	0	214	226	265	|
|203	207	214	0	431	368	|
|289	302	226	431	0	238	|
|349	366	265	368	238	0	|

--------------------------------------------------------------------------------
Building model...
	using lazy and cut (CVRPSEP package)
Solving IRP LP...


Gurobi 9.1.0 (linux64) logging started Wed Dec  9 20:48:29 2020

================================================================================
executing instance: ./input/Instances/14/absH3high_3n25_14.dat
--------------------------------------------------------------------------------
Instance details
n	26
H	3
C	2119
Li:
[0, 0, 0, 0, 0, 0, 0, 0, 0, 0, 0, 0, 0, 0, 0, 0, 0, 0, 0, 0, 0, 0, 0, 0, 0, 0, ]
Ui:
[0, 222, 144, 225, 108, 99, 26, 114, 93, 96, 184, 54, 180, 246, 207, 134, 132, 44, 132, 285, 98, 231, 100, 243, 198, 54, ]
Distance matrix:
|0	41	124	160	238	238	295	309	236	358	369	247	373	393	405	379	475	526	322	409	454	191	343	245	433	569	|
|41	0	87	150	206	224	271	277	196	324	345	208	333	353	365	338	446	497	323	401	441	208	347	259	430	539	|
|124	87	0	117	121	172	196	192	119	238	269	164	255	272	286	269	364	415	295	350	380	224	324	264	390	456	|
|160	150	117	0	136	79	151	195	208	248	221	277	327	332	352	355	334	384	179	251	294	128	207	155	281	428	|
|238	206	121	136	0	125	90	71	109	121	156	203	196	198	218	232	244	294	260	274	287	264	293	282	326	335	|
|238	224	172	79	125	0	91	158	227	207	149	312	319	316	339	358	265	313	136	179	216	168	168	170	218	359	|
|295	271	196	151	90	91	0	79	197	121	74	293	254	244	267	300	182	233	201	189	197	258	233	259	245	277	|
|309	277	192	195	71	158	79	0	146	53	112	241	176	165	189	224	177	226	279	262	258	317	311	327	321	266	|
|236	196	119	208	109	227	197	146	0	170	254	96	137	158	169	151	318	364	363	383	393	332	395	363	435	399	|
|358	324	238	248	121	207	121	53	170	0	125	259	155	135	159	209	150	194	321	287	271	369	353	377	349	229	|
|369	345	269	221	156	149	74	112	254	125	0	350	278	259	283	330	116	164	220	164	148	314	249	304	227	210	|
|247	208	164	277	203	312	293	241	96	259	350	0	171	204	203	150	408	453	446	477	489	388	476	428	526	484	|
|373	333	255	327	196	319	254	176	137	155	278	171	0	36	34	55	289	323	450	437	426	454	483	478	497	345	|
|393	353	272	332	198	316	244	165	158	135	259	204	36	0	24	87	259	291	444	421	405	460	476	480	482	311	|
|405	365	286	352	218	339	267	189	169	159	283	203	34	24	0	72	280	310	467	445	429	480	499	501	506	328	|
|379	338	269	355	232	358	300	224	151	209	330	150	55	87	72	0	344	377	492	486	478	481	524	509	545	398	|
|475	446	364	334	244	265	182	177	318	150	116	408	289	259	280	344	0	51	324	238	190	430	349	418	299	95	|
|526	497	415	384	294	313	233	226	364	194	164	453	323	291	310	377	51	0	363	268	211	477	386	462	325	46	|
|322	323	295	179	260	136	201	279	363	321	220	446	450	444	467	492	324	363	0	119	184	162	33	120	115	407	|
|409	401	350	251	274	179	189	262	383	287	164	477	437	421	445	486	238	268	119	0	67	275	130	238	63	308	|
|454	441	380	294	287	216	197	258	393	271	148	489	426	405	429	478	190	211	184	67	0	336	197	302	115	248	|
|191	208	224	128	264	168	258	317	332	369	314	388	454	460	480	481	430	477	162	275	336	0	171	55	276	523	|
|343	347	324	207	293	168	233	311	395	353	249	476	483	476	499	524	349	386	33	130	197	171	0	122	109	429	|
|245	259	264	155	282	170	259	327	363	377	304	428	478	480	501	509	418	462	120	238	302	55	122	0	230	507	|
