




arguments: ./build/bc_mirp -f ./input/orig_exec_183.cfg
Current dir: /scratch/gui/bc_mirp
File verbosity level: 9
date       time         ( uptime  ) [ thread name/id ]                   file:line     v| 
2021-02-12 19:21:47.768 (   0.039s) [main thread     ]             loguru.cpp:789   INFO| Logging to './output/vi_vc+hc1_half/OU/V5/Original/execution_12_02_2021_19_21_47.log', mode: 'a', verbosity: 9
--------------------------------------------------------------------------------
Parameters
                           instance_path           ./input/Instances/Original/4/
                            model_policy                                       1
                             nb_vehicles                                       5
                              output_dir ./output/vi_vc+hc1_half/OU/V5/Original/
                            sec_strategy                                       1
                       solver_nb_threads                                       2
                         solver_show_log                                    true
                       solver_time_limit                                    3600
                              use_vi_cos                                   false
                              use_vi_cus                                   false
                         use_vi_hc1_full                                   false
                         use_vi_hc1_half                                    true
                      use_vi_hc1_quarter                                   false
                              use_vi_hc2                                   false
                              use_vi_hc3                                   false
                         use_vi_lex_full                                   false
                         use_vi_lex_half                                   false
                      use_vi_lex_quarter                                   false
                              use_vi_qua                                   false
                               use_vi_vc                                    true
                               use_vi_vr                                   false
--------------------------------------------------------------------------------
executing instance: ./input/Instances/Original/4/absH3low_3n30.dat
--------------------------------------------------------------------------------
Instance details
n	31
H	3
C	2841
Li:
[0, 0, 0, 0, 0, 0, 0, 0, 0, 0, 0, 0, 0, 0, 0, 0, 0, 0, 0, 0, 0, 0, 0, 0, 0, 0, 0, 0, 0, 0, 0, ]
Ui:
[0, 246, 98, 54, 144, 171, 192, 180, 165, 98, 122, 198, 297, 144, 130, 129, 219, 138, 142, 150, 108, 66, 64, 285, 180, 204, 276, 168, 240, 198, 122, ]
Distance matrix:
|0	172	56	166	260	198	42	197	296	110	91	112	238	275	323	183	330	232	175	181	162	191	232	280	201	139	356	185	266	216	26	|
|172	0	178	223	320	335	153	355	444	62	231	99	333	376	214	352	176	235	194	106	47	41	353	161	299	175	225	43	326	374	153	|
|56	178	0	110	204	162	93	233	336	125	144	148	187	226	358	180	313	284	123	152	182	185	282	252	256	88	329	177	210	251	42	|
|166	223	110	0	102	150	199	327	431	194	253	237	113	156	431	228	296	386	44	140	248	208	389	218	366	48	287	200	108	344	148	|
|260	320	204	102	0	156	296	391	493	296	340	339	66	90	531	263	362	486	127	226	349	300	469	278	454	148	334	292	6	406	245	|
|198	335	162	150	156	0	239	255	351	286	245	307	93	106	518	111	442	423	194	280	344	335	349	367	352	182	437	327	158	266	199	|
|42	153	93	199	296	239	0	203	296	91	82	76	278	316	284	217	322	191	201	186	133	180	217	281	177	165	356	175	302	222	52	|
|197	355	233	327	391	255	203	0	104	294	125	266	340	361	436	151	524	276	352	377	330	383	109	477	146	319	553	377	395	19	222	|
|296	444	336	431	493	351	296	104	0	384	214	348	440	456	488	241	617	315	456	476	412	475	113	575	176	422	651	470	497	88	322	|
|110	62	125	194	296	286	91	294	384	0	171	55	298	340	238	292	233	210	176	118	58	91	298	201	248	148	273	87	302	313	94	|
|91	231	144	253	340	245	82	125	214	171	0	141	307	339	324	184	403	187	266	266	204	261	140	363	114	230	438	256	346	144	116	|
|112	99	148	237	339	307	76	266	348	55	141	0	332	373	212	292	275	156	225	173	64	137	254	253	200	194	322	135	345	284	108	|
|238	333	187	113	66	93	278	340	440	298	307	332	0	43	536	203	404	469	153	253	354	321	427	322	420	160	385	313	67	353	229	|
|275	376	226	156	90	106	316	361	456	340	339	373	43	0	578	216	443	507	194	295	397	364	453	361	451	203	421	356	88	372	268	|
|323	214	358	431	531	518	284	436	488	238	324	212	536	578	0	498	309	176	407	320	183	245	376	344	312	383	379	251	537	451	319	|
|183	352	180	228	263	111	217	151	241	292	184	292	203	216	498	0	492	371	266	328	345	364	255	426	272	242	501	356	266	159	198	|
|330	176	313	296	362	442	322	524	617	233	403	275	404	443	309	492	0	397	253	164	218	142	529	84	475	260	72	147	367	543	306	|
|232	235	284	386	486	423	191	276	315	210	187	156	469	507	176	371	397	0	379	327	188	276	202	396	139	346	456	277	492	289	242	|
|175	194	123	44	127	194	201	352	456	176	266	225	153	194	407	266	253	379	0	101	225	174	405	174	375	36	244	166	133	370	152	|
|181	106	152	140	226	280	186	377	476	118	266	173	253	295	320	328	164	327	101	0	148	76	403	100	360	98	177	69	232	396	155	|
|162	47	182	248	349	344	133	330	412	58	204	64	354	397	183	345	218	188	225	148	0	89	316	208	259	201	270	90	355	348	149	|
|191	41	185	208	300	335	180	383	475	91	261	137	321	364	245	364	142	276	174	76	89	0	388	119	336	162	185	8	306	402	169	|
|232	353	282	389	469	349	217	109	113	298	140	254	427	453	376	255	529	202	405	403	316	388	0	497	64	369	570	384	474	112	256	|
|280	161	252	218	278	367	281	477	575	201	363	253	322	361	344	426	84	396	174	100	208	119	497	0	449	187	77	119	283	496	255	|
|201	299	256	366	454	352	177	146	176	248	114	200	420	451	312	272	475	139	375	360	259	336	64	449	0	339	521	333	460	156	223	|
|139	175	88	48	148	182	165	319	422	148	230	194	160	203	383	242	260	346	36	98	201	162	369	187	339	0	260	153	154	337	116	|
|356	225	329	287	334	437	356	553	651	273	438	322	385	421	379	501	72	456	244	177	270	185	570	77	521	260	0	187	338	572	331	|
|185	43	177	200	292	327	175	377	470	87	256	135	313	356	251	356	147	277	166	69	90	8	384	119	333	153	187	0	298	396	163	|
|266	326	210	108	6	158	302	395	497	302	346	345	67	88	537	266	367	492	133	232	355	306	474	283	460	154	338	298	0	410	251	|
|216	374	251	344	406	266	222	19	88	313	144	284	353	372	451	159	543	289	370	396	348	402	112	496	156	337	572	396	410	0	241	|
|26	153	42	148	245	199	52	222	322	94	116	108	229	268	319	198	306	242	152	155	149	169	256	255	223	116	331	163	251	241	0	|

--------------------------------------------------------------------------------
Building model...
	using lazy and cut (CVRPSEP package)
Solving IRP LP...
--------------------------------------------------------------------------------

Gurobi 9.1.0 (linux64) logging started Fri Feb 12 19:21:48 2021

Gurobi Optimizer version 9.1.0 build v9.1.0rc0 (linux64)
Thread count: 32 physical cores, 32 logical processors, using up to 2 threads
Optimize a model with 1507 rows, 8014 columns and 20614 nonzeros
Model fingerprint: 0xd3db3d45
Variable types: 574 continuous, 7440 integer (465 binary)
Coefficient statistics:
  Matrix range     [1e+00, 6e+02]
  Objective range  [1e-02, 7e+02]
  Bounds range     [1e+00, 3e+02]
  RHS range        [1e+00, 5e+03]
Presolve removed 413 rows and 1102 columns
Presolve time: 0.09s
Presolved: 1094 rows, 6912 columns, 16573 nonzeros
Variable types: 344 continuous, 6568 integer (6132 binary)

Root relaxation: objective 2.474945e+03, 1280 iterations, 0.03 seconds

    Nodes    |    Current Node    |     Objective Bounds      |     Work
 Expl Unexpl |  Obj  Depth IntInf | Incumbent    BestBd   Gap | It/Node Time

     0     0 2474.94541    0  103          - 2474.94541      -     -    0s
     0     0 2701.72903    0  118          - 2701.72903      -     -    0s
     0     0 2701.72903    0  122          - 2701.72903      -     -    0s
     0     0 3198.12314    0  243          - 3198.12314      -     -    0s
     0     0 3200.70641    0  257          - 3200.70641      -     -    0s
     0     0 3201.69958    0  256          - 3201.69958      -     -    0s
     0     0 3201.71155    0  245          - 3201.71155      -     -    0s
     0     0 3329.07035    0  287          - 3329.07035      -     -    1s
     0     0 3367.69991    0  281          - 3367.69991      -     -    1s
     0     0 3374.44587    0  331          - 3374.44587      -     -    1s
     0     0 3374.47413    0  339          - 3374.47413      -     -    1s
     0     0 3502.75062    0  368          - 3502.75062      -     -    1s
     0     0 3526.09897    0  380          - 3526.09897      -     -    1s
     0     0 3534.93329    0  358          - 3534.93329      -     -    1s
     0     0 3555.62649    0  371          - 3555.62649      -     -    1s
     0     0 3561.00788    0  386          - 3561.00788      -     -    1s
     0     0 3566.57842    0  409          - 3566.57842      -     -    1s
     0     0 3567.60249    0  405          - 3567.60249      -     -    1s
     0     0 3634.48588    0  332          - 3634.48588      -     -    2s
     0     0 3649.36459    0  315          - 3649.36459      -     -    2s
     0     0 3660.89079    0  321          - 3660.89079      -     -    3s
     0     0 3663.45692    0  302          - 3663.45692      -     -    3s
     0     0 3666.26996    0  298          - 3666.26996      -     -    3s
     0     0 3668.31572    0  327          - 3668.31572      -     -    3s
     0     0 3668.91582    0  343          - 3668.91582      -     -    3s
     0     0 3681.57700    0  375          - 3681.57700      -     -    3s
     0     0 3683.24420    0  383          - 3683.24420      -     -    3s
     0     0 3683.63408    0  379          - 3683.63408      -     -    3s
     0     0 3684.74458    0  319          - 3684.74458      -     -    3s
     0     0 3687.15811    0  276          - 3687.15811      -     -    3s
     0     0 3687.69833    0  327          - 3687.69833      -     -    3s
     0     0 3688.84382    0  317          - 3688.84382      -     -    3s
     0     0 3688.84382    0  287          - 3688.84382      -     -    5s
     0     2 3702.25592    0  342          - 3702.25592      -     -    6s
    60    66 3860.01250   18  333          - 3733.89050      -   406   10s
   252   270 4691.78405   53  204          - 3733.89050      -   248   15s
*  547   531             269    9897.6300000 3733.89050  62.3%   148   18s
   551   530 6150.36891   80  136 9897.63000 3733.89050  62.3%   151   20s
   641   647 6749.34523  138   82 9897.63000 3733.89050  62.3%   155   27s
   741   702 5602.04095   97  287 9897.63000 3733.89050  62.3%   140   30s
   755   711 5928.72758   87  591 9897.63000 3816.84372  61.4%   138   35s
   774   724 5452.62883   76  558 9897.63000 3855.94795  61.0%   134   40s
   787   733 4844.36962   41  617 9897.63000 3866.48310  60.9%   132   45s
   797   739 7406.78640  170  598 9897.63000 3885.10713  60.7%   131   50s
   798   740 6561.40960  131  617 9897.63000 3885.48838  60.7%   130   66s
H  799   703                    9354.3100000 3885.86092  58.5%   130   67s
H  808   674                    9023.9200000 3886.50829  56.9%   145   69s
   810   675 4863.97373   43  294 9023.92000 3886.50829  56.9%   145   70s
   814   678 4863.97373   43  511 9023.92000 3886.50829  56.9%   144   75s
   815   678 5097.75626   65  578 9023.92000 3886.50829  56.9%   144  128s
   816   679 4510.37457   42  589 9023.92000 3886.50829  56.9%   144  132s
H  819   647                    8658.5600000 3887.13580  55.1%   143  135s
H  823   617                    8567.5600000 3887.21063  54.6%   142  136s
H  825   587                    8252.5600000 3887.21063  52.9%   142  137s
   839   599 4170.42902   29  300 8252.56000 3895.29500  52.8%   156  140s
   868   619 3977.24214   36  478 8252.56000 3929.48472  52.4%   170  145s
H  882   599                    7596.9900000 3929.48472  48.3%   175  147s
   911   617 4065.64453   46  463 7596.99000 3929.48472  48.3%   185  150s
H  912   589                    7588.9900000 3929.48472  48.2%   185  150s
   955   625 4095.90562   55  522 7588.99000 3929.48472  48.2%   199  155s
   991   650 4119.86306   62  474 7588.99000 3929.48472  48.2%   206  160s
  1039   679 4168.51789   71  484 7588.99000 3929.48472  48.2%   217  165s
  1073   711 4185.60879   78  338 7588.99000 3929.48472  48.2%   224  170s
  1123   734 4447.28738   86  366 7588.99000 3929.48472  48.2%   235  176s
  1159   771 4379.94079   92  392 7588.99000 3929.48472  48.2%   239  180s
  1229   847 4502.09521  102  270 7588.99000 3929.48472  48.2%   241  185s
  1373   917 4621.24090  115  368 7588.99000 3929.48472  48.2%   237  192s
  1440   980 4811.69442  121  312 7588.99000 3929.48472  48.2%   236  196s
  1537  1002 5090.88048  134  329 7588.99000 3929.48472  48.2%   236  201s
  1595  1049 5271.54467  155  151 7588.99000 3929.48472  48.2%   239  205s
  1679  1116 5742.30462  185  253 7588.99000 3929.48472  48.2%   242  211s
  1751  1180 5886.28918  209  151 7588.99000 3929.48472  48.2%   243  217s
  1859  1260 6063.17615  248  216 7588.99000 3929.48472  48.2%   242  222s
  1926  1276 6271.69739  269  163 7588.99000 3929.48472  48.2%   240  226s
  2039  1358 7326.27583  311   69 7588.99000 3964.31742  47.8%   236  232s
  2115  1423 3996.61616   30  441 7588.99000 3964.31742  47.8%   234  235s
  2325  1478 4149.49117   38  429 7588.99000 3964.31742  47.8%   226  242s
  2348  1499 4248.39284   39  309 7588.99000 3964.31742  47.8%   229  245s
  2419  1585 4767.66649   52  107 7588.99000 3964.31742  47.8%   233  251s
  2570  1846 5261.05842   88   77 7588.99000 3964.31742  47.8%   234  258s
  2772  1962 5565.29000  103    - 7588.99000 3971.08734  47.7%   226  263s
* 2806  1433             140    5927.2900000 3971.08734  33.0%   224  263s
  2904  1404 4127.87108   37  295 5927.29000 3971.08734  33.0%   223  267s
  2940  1437 4323.61694   45  262 5927.29000 3971.08734  33.0%   225  272s
  2974  1499 4485.94516   49  151 5927.29000 3971.08734  33.0%   226  275s
  3060  1661 4677.41047   59  191 5927.29000 3991.40987  32.7%   225  280s
  3310  1718 4210.53463   44  391 5927.29000 3992.74423  32.6%   219  288s
  3335  1742 4463.62739   49  403 5927.29000 3992.74423  32.6%   222  292s
  3359  1792 4584.04976   52  281 5927.29000 3992.74423  32.6%   225  296s
  3409  1866 4716.65844   69  242 5927.29000 3992.74423  32.6%   226  300s
  3483  2017 5131.66423   93  139 5927.29000 3996.65745  32.6%   226  306s
* 3609  1710             127    5522.4600000 3996.65745  27.6%   221  307s
  3668  1748 4062.89875   36  466 5522.46000 3996.65745  27.6%   221  311s
  3732  1785 4459.09626   43  230 5522.46000 3996.65745  27.6%   222  316s
  3801  1825 5346.73623   56  168 5522.46000 4005.98698  27.5%   223  321s
  3840  1825 4469.09409   48  419 5522.46000 4022.12308  27.2%   223  383s
  3872  1874 4461.73042   35  472 5522.46000 4022.12308  27.2%   224  402s
  3921  1909 5343.53226   63  272 5522.46000 4022.78827  27.2%   226  407s
  3974  1963 4720.00951   51  253 5522.46000 4033.38681  27.0%   228  413s
  4060  1998 4163.57400   41  522 5522.46000 4040.08800  26.8%   229  418s
  4095  2063 4380.24849   48  255 5522.46000 4040.08800  26.8%   231  424s
  4181  2121 4555.79191   56  262 5522.46000 4040.08800  26.8%   232  430s
  4239  2218 4966.60997   74  187 5522.46000 4040.77483  26.8%   234  436s
  4365  2283 4242.59294   40  287 5522.46000 4040.82803  26.8%   233  442s
  4429  2390 4561.64620   44  323 5522.46000 4040.82803  26.8%   235  448s
  4558  2486 4990.90975   53  237 5522.46000 4040.82803  26.8%   234  455s
  4654  2571 5374.68140   83  167 5522.46000 4056.56551  26.5%   235  462s
  4765  2597 5064.20321   58  282 5522.46000 4056.68544  26.5%   235  470s
H 4789  2592                    5521.2600000 4056.68544  26.5%   235  470s
  4800  2666 4397.50914   41  381 5521.26000 4057.38941  26.5%   236  477s
  4892  2710 4223.71569   35  589 5521.26000 4060.37754  26.5%   237  484s
  4936  2781 5026.72298   62  209 5521.26000 4060.42926  26.5%   239  492s
H 4999  2703                    5488.4600000 4063.13455  26.0%   239  492s
  5033  2756     cutoff   82      5488.46000 4063.23464  26.0%   239  499s
  5090  2861 4676.20691   56  326 5488.46000 4063.34260  26.0%   241  516s
  5233  2929 4299.71838   35  236 5488.46000 4064.68917  25.9%   240  524s
  5301  2967 4603.08969   48  176 5488.46000 4064.68917  25.9%   242  537s
  5339  3122 4727.29293   52  185 5488.46000 4064.92183  25.9%   242  546s
  5398  3124 5011.07883   81   37 5488.46000 4064.92183  25.9%   241  556s
  5532  3183 5437.00500  100   23 5488.46000 4064.99629  25.9%   240  565s
  5621  3235 infeasible  106      5488.46000 4065.82298  25.9%   242  849s
  5684  3294 4563.12449   56  347 5488.46000 4069.46811  25.9%   244  859s
  5763  3358     cutoff   69      5488.46000 4071.87361  25.8%   246  869s
  5855  3426 4424.15772   43  423 5488.46000 4087.62457  25.5%   247  879s
  5939  3491 4166.20471   36  446 5488.46000 4089.12968  25.5%   249  889s
  6004  3642 4492.11871   47  365 5488.46000 4089.12968  25.5%   252  900s
  6175  3775 4921.38069   71  178 5488.46000 4094.28718  25.4%   251  912s
  6349  3835     cutoff  127      5488.46000 4098.01180  25.3%   250  922s
H 6436  3749                    5448.4600000 4103.51897  24.7%   251  933s
  6509  3825 5376.30708   43  135 5448.46000 4107.46227  24.6%   253  944s
  6631  3862 4350.72720   35  534 5448.46000 4107.46227  24.6%   254  955s
  6687  3935 4904.68887   47  365 5448.46000 4107.46227  24.6%   256  965s
  6772  4068 5008.60045   64  326 5448.46000 4114.36832  24.5%   257  977s
  6937  4158 4367.77334   42  357 5448.46000 4117.37197  24.4%   257  989s
  7044  4248 4936.97053   49  345 5448.46000 4125.08863  24.3%   258 1000s
  7144  4334 4775.42454   60  333 5448.46000 4125.09331  24.3%   259 1011s
H 7261  4383                    5438.3200000 4125.86834  24.1%   260 1025s
  7350  4510 4625.67373   45  240 5438.32000 4129.03047  24.1%   262 1039s
  7404  4510 4979.90983   74  108 5438.32000 4129.03047  24.1%   262 1040s
  7496  4679 4565.64594   42  378 5438.32000 4131.53794  24.0%   263 1054s
  7658  4679 5324.09095  100   26 5438.32000 4131.54605  24.0%   262 1055s
  7703  4745 5229.04749   64  291 5438.32000 4134.43270  24.0%   262 1121s
H 7801  4834                    5436.8200000 4139.17424  23.9%   263 1135s
  7916  4927 4455.52614   46  382 5436.82000 4143.59295  23.8%   264 1149s
H 7982  4657                    5376.6400000 4143.59295  22.9%   264 1149s
  8031  4751 4288.53449   42  432 5376.64000 4144.44120  22.9%   265 1164s
  8130  4826 4993.35435   62  337 5376.64000 4144.78514  22.9%   267 1180s
  8262  4920 4609.32731   42  387 5376.64000 4147.73452  22.9%   267 1195s
  8395  5031 4823.20571   55  275 5376.64000 4149.24779  22.8%   268 1209s
  8458  5031 4953.79731   79  343 5376.64000 4149.63992  22.8%   269 1210s
  8534  5130 4958.05417   88  345 5376.64000 4149.84982  22.8%   269 1225s
  8673  5191 5057.44694   58  315 5376.64000 4156.23634  22.7%   269 1240s
  8753  5321 4718.54008   45  333 5376.64000 4156.27065  22.7%   271 1259s
  8800  5321 4833.44417   59  245 5376.64000 4156.27065  22.7%   272 1260s
  8904  5442 5043.47739   66  238 5376.64000 4158.56919  22.7%   272 1327s
  9073  5519 4561.49605   32  536 5376.64000 4160.40549  22.6%   272 1344s
  9169  5654 4661.44224   38  288 5376.64000 4163.58048  22.6%   273 1360s
  9342  5721 4375.78871   41  410 5376.64000 4164.82845  22.5%   273 1375s
  9425  5769 4532.03374   45  450 5376.64000 4166.01124  22.5%   275 1392s
  9473  5868 4953.73584   48  160 5376.64000 4166.01124  22.5%   277 1407s
H 9477  5743                    5355.6400000 4166.01124  22.2%   278 1433s
  9572  5884 5167.25162   66  185 5355.64000 4166.47880  22.2%   279 1451s
  9762  5953 4517.66901   64  493 5355.64000 4167.23613  22.2%   279 1470s
  9878  6030 4814.53832   70  383 5355.64000 4167.72408  22.2%   280 1486s
  9991  6142 4578.26161   34  349 5355.64000 4169.51211  22.1%   281 1504s
H10046  5481                    5261.2100000 4169.51211  20.7%   281 1504s
 10137  5569 4554.81501   31  316 5261.21000 4170.44834  20.7%   280 1614s
 10245  5647 5044.96470   51  125 5261.21000 4174.37441  20.7%   282 1631s
 10347  5749 4621.93974   40  272 5261.21000 4175.81187  20.6%   284 1680s
 10453  5849 4883.88706   60  213 5261.21000 4176.59687  20.6%   285 1697s
 10600  5911 4632.89637   36  511 5261.21000 4177.18878  20.6%   286 1713s
 10702  6010 4819.44864   77  383 5261.21000 4177.22382  20.6%   287 1731s
 10835  6086 4989.67517   84  299 5261.21000 4177.55322  20.6%   288 1748s
 10962  6156 4611.36618   42  321 5261.21000 4180.27536  20.5%   288 1795s
 11076  6229 4537.63901   38  398 5261.21000 4181.78218  20.5%   289 1811s
 11165  6295 4678.74043   78  441 5261.21000 4181.80121  20.5%   291 1829s
 11233  6420 5116.38424   99  218 5261.21000 4182.12779  20.5%   293 1847s
 11406  6490     cutoff   99      5261.21000 4183.92064  20.5%   293 1864s
 11529  6550 4477.41671   34  371 5261.21000 4187.33640  20.4%   294 1880s
 11570  6550 4675.67210   41  344 5261.21000 4188.95708  20.4%   295 1897s
 11622  6654 4728.15263   50  373 5261.21000 4189.60703  20.4%   295 1916s
 11771  6699     cutoff   56      5261.21000 4189.71476  20.4%   296 2014s
H11772  5829                    5158.4900000 4189.71476  18.8%   296 2014s
H11805  4257                    4976.1200000 4189.71476  15.8%   296 2015s
 11841  4275     cutoff   56      4976.12000 4190.05247  15.8%   296 2035s
H11845  4121                    4952.1200000 4190.05247  15.4%   296 2037s
 11909  4167 4717.40061   43  343 4952.12000 4191.15980  15.4%   298 2076s
 12023  4241 4461.98778   38  477 4952.12000 4194.45897  15.3%   299 2103s
 12137  4319 4902.74228   56  256 4952.12000 4197.17895  15.2%   301 2212s
 12273  4399 4582.83690   46  302 4952.12000 4200.30138  15.2%   302 2233s
 12385  4466 4927.75346   51  261 4952.12000 4202.04168  15.1%   303 2254s
 12491  4520 4582.73574   55  423 4952.12000 4203.68728  15.1%   305 2275s
 12591  4575 4739.26970   40  290 4952.12000 4204.07343  15.1%   307 2476s
 12705  4688     cutoff   48      4952.12000 4206.75227  15.1%   308 2498s
 12863  4761 4841.10696   55  289 4952.12000 4209.75090  15.0%   309 2519s
 12987  4830 4648.57860   55  325 4952.12000 4211.97622  14.9%   310 2541s
 13100  4895 4744.22597   46  447 4952.12000 4214.18907  14.9%   312 2561s
 13158  4895 4386.94718   52  426 4952.12000 4214.59651  14.9%   312 2637s
 13195  4965 4400.24037   70  576 4952.12000 4214.81069  14.9%   314 2657s
 13319  5018 4511.89001   40  348 4952.12000 4215.79528  14.9%   315 2679s
 13428  5115 4530.88103   35  309 4952.12000 4217.06324  14.8%   316 2702s
 13578  5175 4943.31304   76  178 4952.12000 4220.28248  14.8%   317 2724s
 13692  5278 4586.26917   83  483 4952.12000 4221.98443  14.7%   318 2794s
 13836  5336 4714.67532   51  489 4952.12000 4224.72303  14.7%   319 2838s
 13938  5418 4707.96607   43   96 4952.12000 4226.45815  14.7%   321 2861s
 14062  5489 4735.24527   50  212 4952.12000 4226.95683  14.6%   322 2884s
 14142  5489 4797.94605   42  391 4952.12000 4228.20613  14.6%   323 2946s
 14211  5550     cutoff   52      4952.12000 4228.83186  14.6%   323 2969s
H14302  5542                    4951.7300000 4229.37992  14.6%   324 2970s
 14337  5616 4594.03903   37  273 4951.73000 4229.38808  14.6%   324 2992s
 14463  5670 4903.89284   68  317 4951.73000 4232.44293  14.5%   326 3107s
 14599  5768 4555.37935   51  359 4951.73000 4236.89070  14.4%   327 3131s
 14767  5859 4334.11858   48  357 4951.73000 4238.22656  14.4%   327 3166s
 14824  5859 4808.11397   52  282 4951.73000 4240.86038  14.4%   328 3205s
 14898  5929 4792.43931   44  325 4951.73000 4241.60239  14.3%   328 3228s
 15050  6019 4686.02409   51  393 4951.73000 4243.71421  14.3%   329 3250s
 15197  6151 4387.55386   40  444 4951.73000 4246.50136  14.2%   330 3274s
 15275  6151 4872.81755   73   33 4951.73000 4246.50136  14.2%   329 3275s
 15372  6186     cutoff   85      4951.73000 4246.57381  14.2%   330 3346s
 15494  6292     cutoff   67      4951.73000 4247.92870  14.2%   331 3368s
 15657  6375 4837.88033   53  276 4951.73000 4249.27300  14.2%   332 3395s
 15804  6471 4935.95591   43  249 4951.73000 4250.90506  14.2%   333 3483s
 15976  6543 4650.61178   42  264 4951.73000 4253.60095  14.1%   333 3507s
 16146  6593 4585.24199   51  379 4951.73000 4255.95273  14.1%   333 3529s
 16268  6653     cutoff   55      4951.73000 4257.82091  14.0%   335 3554s
 16400  6724 4596.22380   54  431 4951.73000 4259.50547  14.0%   335 3576s
 16448  6724 4453.50350   40  292 4951.73000 4259.99652  14.0%   336 3608s

Cutting planes:
  User: 6407
  Gomory: 22
  Cover: 426
  Implied bound: 192
  Projected implied bound: 15
  Clique: 20
  MIR: 118
  StrongCG: 1
  Flow cover: 246
  Zero half: 20
  RLT: 263
  Relax-and-lift: 7
  Lazy constraints: 677

Explored 16517 nodes (5565985 simplex iterations) in 3608.43 seconds
Thread count was 2 (of 32 available processors)

Solution count 10: 4951.73 4952.12 4976.12 ... 5448.46

Time limit reached
Best objective 4.951730000000e+03, best bound 4.259996521919e+03, gap 13.9695%

User-callback calls 196315, time in user-callback 724.96 sec
================================================================================
executing instance: ./input/Instances/Original/4/absH3low_3n10.dat
--------------------------------------------------------------------------------
Instance details
n	11
H	3
C	687
Li:
[0, 0, 0, 0, 0, 0, 0, 0, 0, 0, 0, ]
Ui:
[0, 189, 44, 174, 78, 36, 198, 117, 42, 96, 240, ]
Distance matrix:
|0	209	255	286	142	156	285	317	182	161	135	|
|209	0	464	451	315	356	490	469	361	299	260	|
|255	464	0	221	202	130	74	280	189	254	273	|
|286	451	221	0	145	156	164	479	354	153	192	|
|142	315	202	145	0	73	194	388	250	53	73	|
|156	356	130	156	73	0	134	332	200	127	144	|
|285	490	74	164	194	134	0	353	256	239	267	|
|317	469	280	479	388	332	353	0	141	436	430	|
|182	361	189	354	250	200	256	141	0	296	289	|
|161	299	254	153	53	127	239	436	296	0	39	|
|135	260	273	192	73	144	267	430	289	39	0	|

--------------------------------------------------------------------------------
Building model...
	using lazy and cut (CVRPSEP package)
Solving IRP LP...
--------------------------------------------------------------------------------

Gurobi 9.1.0 (linux64) logging started Fri Feb 12 20:22:22 2021

Gurobi Optimizer version 9.1.0 build v9.1.0rc0 (linux64)
Thread count: 32 physical cores, 32 logical processors, using up to 2 threads
Optimize a model with 527 rows, 1184 columns and 3614 nonzeros
Model fingerprint: 0x77a80a24
Variable types: 194 continuous, 990 integer (165 binary)
Coefficient statistics:
  Matrix range     [1e+00, 2e+02]
  Objective range  [1e-02, 5e+02]
  Bounds range     [1e+00, 2e+02]
  RHS range        [1e+00, 1e+03]
Presolve removed 198 rows and 449 columns
Presolve time: 0.05s
Presolved: 329 rows, 735 columns, 2137 nonzeros
Variable types: 89 continuous, 646 integer (519 binary)
Found heuristic solution: objective 5747.8500000

Root relaxation: objective 2.206539e+03, 445 iterations, 0.01 seconds

    Nodes    |    Current Node    |     Objective Bounds      |     Work
 Expl Unexpl |  Obj  Depth IntInf | Incumbent    BestBd   Gap | It/Node Time

     0     0 2207.04927    0   57 5747.85000 2207.04927  61.6%     -    0s
H    0     0                    5082.8500000 2207.04927  56.6%     -    0s
     0     0 2766.90371    0   89 5082.85000 2766.90371  45.6%     -    0s
H    0     0                    4790.3300000 2766.90371  42.2%     -    0s
     0     0 2969.48176    0   69 4790.33000 2969.48176  38.0%     -    0s
     0     0 2975.58174    0   62 4790.33000 2975.58174  37.9%     -    0s
     0     0 3089.28210    0  143 4790.33000 3089.28210  35.5%     -    0s
     0     0 3098.81878    0  141 4790.33000 3098.81878  35.3%     -    0s
     0     0 3099.18783    0  146 4790.33000 3099.18783  35.3%     -    0s
     0     0 3218.15772    0  166 4790.33000 3218.15772  32.8%     -    0s
     0     0 3221.22474    0  160 4790.33000 3221.22474  32.8%     -    0s
     0     0 3221.43225    0  159 4790.33000 3221.43225  32.8%     -    0s
     0     0 3243.18833    0  159 4790.33000 3243.18833  32.3%     -    0s
H    0     0                    4163.9700000 3243.18833  22.1%     -    0s
     0     0 3245.42221    0  106 4163.97000 3245.42221  22.1%     -    0s
     0     0 3248.38935    0  118 4163.97000 3248.38935  22.0%     -    0s
     0     0 3248.50668    0  121 4163.97000 3248.50668  22.0%     -    0s
     0     0 3261.37859    0  134 4163.97000 3261.37859  21.7%     -    0s
H    0     0                    3926.5800000 3261.37859  16.9%     -    0s
     0     0 3268.94300    0  143 3926.58000 3268.94300  16.7%     -    0s
     0     0 3269.33344    0  164 3926.58000 3269.33344  16.7%     -    0s
     0     0 3279.57585    0  186 3926.58000 3279.57585  16.5%     -    0s
     0     0 3286.36379    0  187 3926.58000 3286.36379  16.3%     -    0s
     0     0 3287.80327    0  190 3926.58000 3287.80327  16.3%     -    0s
     0     0 3288.27545    0  181 3926.58000 3288.27545  16.3%     -    0s
     0     0 3291.92023    0  169 3926.58000 3291.92023  16.2%     -    0s
     0     0 3292.33686    0  176 3926.58000 3292.33686  16.2%     -    0s
     0     0 3293.05754    0  170 3926.58000 3293.05754  16.1%     -    0s
     0     0 3293.05754    0  162 3926.58000 3293.05754  16.1%     -    0s
     0     2 3293.05754    0  162 3926.58000 3293.05754  16.1%     -    0s
H   29    28                    3712.3200000 3377.31436  9.02%  91.3    0s

Cutting planes:
  User: 21
  Gomory: 5
  Cover: 82
  Implied bound: 48
  Clique: 9
  MIR: 52
  StrongCG: 6
  Flow cover: 81
  GUB cover: 1
  Zero half: 1
  RLT: 67
  Relax-and-lift: 22
  Lazy constraints: 6

Explored 391 nodes (18885 simplex iterations) in 1.33 seconds
Thread count was 2 (of 32 available processors)

Solution count 6: 3712.32 3926.58 4163.97 ... 5747.85

Optimal solution found (tolerance 1.00e-04)
Best objective 3.712320000000e+03, best bound 3.712320000000e+03, gap 0.0000%

User-callback calls 1346, time in user-callback 0.12 sec
================================================================================
executing instance: ./input/Instances/Original/4/absH3low_3n15.dat
--------------------------------------------------------------------------------
Instance details
n	16
H	3
C	1267
Li:
[0, 0, 0, 0, 0, 0, 0, 0, 0, 0, 0, 0, 0, 0, 0, 0, ]
Ui:
[0, 156, 267, 148, 144, 87, 33, 171, 76, 141, 270, 282, 60, 110, 172, 57, ]
Distance matrix:
|0	229	567	76	58	96	306	409	310	423	108	346	165	347	159	256	|
|229	0	482	243	279	155	375	525	251	419	158	373	65	123	329	246	|
|567	482	0	506	622	483	342	439	259	200	467	274	486	433	501	312	|
|76	243	506	0	119	88	230	337	255	352	88	272	179	347	94	194	|
|58	279	622	119	0	154	345	431	366	471	166	391	217	399	179	310	|
|96	155	483	88	154	0	266	397	224	358	17	289	92	262	176	179	|
|306	375	342	230	345	266	0	158	184	148	251	68	332	423	181	140	|
|409	525	439	337	431	397	158	0	340	244	386	201	476	581	253	298	|
|310	251	259	255	366	224	184	340	0	170	208	146	238	257	274	66	|
|423	419	200	352	471	358	148	244	170	0	341	84	396	424	323	182	|
|108	158	467	88	166	17	251	386	208	341	0	273	96	259	172	162	|
|346	373	274	272	391	289	68	201	146	84	273	0	340	400	239	127	|
|165	65	486	179	217	92	332	476	238	396	96	340	0	182	267	216	|
|347	123	433	347	399	262	423	581	257	424	259	400	182	0	423	283	|
|159	329	501	94	179	176	181	253	274	323	172	239	267	423	0	208	|
|256	246	312	194	310	179	140	298	66	182	162	127	216	283	208	0	|

--------------------------------------------------------------------------------
Building model...
	using lazy and cut (CVRPSEP package)
Solving IRP LP...
--------------------------------------------------------------------------------

Gurobi 9.1.0 (linux64) logging started Fri Feb 12 20:22:35 2021

Gurobi Optimizer version 9.1.0 build v9.1.0rc0 (linux64)
Thread count: 32 physical cores, 32 logical processors, using up to 2 threads
Optimize a model with 778 rows, 2329 columns and 6670 nonzeros
Model fingerprint: 0x1c4b6c7f
Variable types: 289 continuous, 2040 integer (240 binary)
Coefficient statistics:
  Matrix range     [1e+00, 3e+02]
  Objective range  [1e-02, 6e+02]
  Bounds range     [1e+00, 3e+02]
  RHS range        [1e+00, 2e+03]
Presolve removed 256 rows and 567 columns
Presolve time: 0.06s
Presolved: 522 rows, 1762 columns, 4677 nonzeros
Variable types: 158 continuous, 1604 integer (1400 binary)
Found heuristic solution: objective 9974.7100000

Root relaxation: objective 2.124472e+03, 702 iterations, 0.02 seconds

    Nodes    |    Current Node    |     Objective Bounds      |     Work
 Expl Unexpl |  Obj  Depth IntInf | Incumbent    BestBd   Gap | It/Node Time

     0     0 2124.47155    0   90 9974.71000 2124.47155  78.7%     -    0s
H    0     0                    9777.9700000 2124.47155  78.3%     -    0s
     0     0 2537.06135    0  111 9777.97000 2537.06135  74.1%     -    0s
H    0     0                    7492.0400000 2537.06135  66.1%     -    0s
     0     0 2599.92861    0  100 7492.04000 2599.92861  65.3%     -    0s
     0     0 2601.99592    0  109 7492.04000 2601.99592  65.3%     -    0s
     0     0 2974.76675    0  163 7492.04000 2974.76675  60.3%     -    0s
     0     0 3010.72401    0  160 7492.04000 3010.72401  59.8%     -    0s
     0     0 3016.31269    0  142 7492.04000 3016.31269  59.7%     -    0s
     0     0 3028.55237    0  155 7492.04000 3028.55237  59.6%     -    0s
     0     0 3030.43807    0  167 7492.04000 3030.43807  59.6%     -    0s
     0     0 3030.55548    0  164 7492.04000 3030.55548  59.5%     -    0s
     0     0 3103.59959    0  168 7492.04000 3103.59959  58.6%     -    0s
     0     0 3125.09347    0  190 7492.04000 3125.09347  58.3%     -    0s
     0     0 3125.52871    0  198 7492.04000 3125.52871  58.3%     -    0s
     0     0 3171.12443    0  201 7492.04000 3171.12443  57.7%     -    0s
H    0     0                    6105.3400000 3171.12443  48.1%     -    0s
     0     0 3176.15318    0  224 6105.34000 3176.15318  48.0%     -    0s
     0     0 3177.24708    0  236 6105.34000 3177.24708  48.0%     -    0s
     0     0 3177.97449    0  227 6105.34000 3177.97449  47.9%     -    0s
     0     0 3198.62924    0  207 6105.34000 3198.62924  47.6%     -    0s
     0     0 3205.56865    0  191 6105.34000 3205.56865  47.5%     -    0s
     0     0 3207.11020    0  225 6105.34000 3207.11020  47.5%     -    0s
     0     0 3207.34888    0  216 6105.34000 3207.34888  47.5%     -    0s
     0     0 3214.26387    0  226 6105.34000 3214.26387  47.4%     -    0s
     0     0 3215.86290    0  214 6105.34000 3215.86290  47.3%     -    0s
     0     0 3216.20161    0  237 6105.34000 3216.20161  47.3%     -    0s
     0     0 3219.68438    0  238 6105.34000 3219.68438  47.3%     -    0s
     0     0 3219.68438    0  229 6105.34000 3219.68438  47.3%     -    0s
     0     2 3235.24253    0  216 6105.34000 3235.24253  47.0%     -    1s
H   27    31                    5659.5600000 3278.45291  42.1%   174    1s
H  363   318                    5409.2200000 3295.37783  39.1%   114    4s
   388   351 5198.63883   66   48 5409.22000 3295.37783  39.1%   113    5s
H  461   359                    5035.4600000 3307.87724  34.3%   119    5s
   746   548 4892.20351   25  184 5035.46000 3335.91277  33.8%   105   10s
H  774   540                    5005.4600000 3476.22032  30.6%   115   12s
   775   544 3652.61324   21  136 5005.46000 3476.22032  30.6%   115   18s
   854   602 4367.31328   43   61 5005.46000 3476.22032  30.6%   122   20s
H  865   582                    4947.4600000 3476.22032  29.7%   121   20s
*  905   566              63    4923.7000000 3476.22032  29.4%   119   23s
H  964   567                    4906.7000000 3486.57580  28.9%   118   24s
H  966   503                    4484.9300000 3486.57580  22.3%   119   24s
   997   497 3854.73941   27  103 4484.93000 3486.57580  22.3%   118  108s
H 1060   505                    4483.9300000 3493.40261  22.1%   122  109s
H 1065   478                    4470.8900000 3493.40261  21.9%   122  109s
H 1096   477                    4469.8900000 3493.40261  21.8%   123  110s
  1465   579 4393.63060   31  170 4469.89000 3606.03296  19.3%   132  115s
  1861   708 3985.96084   35  181 4469.89000 3695.89364  17.3%   132  120s
  2300   984 4220.80356   43  138 4469.89000 3739.67054  16.3%   131  125s
  2742  1203 4297.08074   33   75 4469.89000 3772.03421  15.6%   131  130s
  2962  1325     cutoff   37      4469.89000 3791.04567  15.2%   132  135s
  3463  1602 4172.35848   36  145 4469.89000 3822.36565  14.5%   132  141s
  3564  1655 4368.16552   30  117 4469.89000 3824.22060  14.4%   132  178s
  3781  1747 4306.44552   26  130 4469.89000 3833.46290  14.2%   132  180s
  3885  1795 4438.41061   39  111 4469.89000 3838.08779  14.1%   133  191s
  4168  1916 4253.41923   27  150 4469.89000 3857.44429  13.7%   135  195s
  4594  2063 4262.46869   33  203 4469.89000 3880.90398  13.2%   136  200s
  4704  2082 infeasible   43      4469.89000 3884.31746  13.1%   137  207s
H 4851  2132                    4458.5100000 3887.87588  12.8%   137  208s
  4970  2167 4352.34395   30  178 4458.51000 3892.67613  12.7%   138  258s
  5114  2218 4018.80320   29  138 4458.51000 3900.61334  12.5%   139  260s
  5618  2385     cutoff   43      4458.51000 3924.91131  12.0%   140  266s
  5910  2487 4257.75427   35  127 4458.51000 3934.21946  11.8%   141  270s
  6340  2583     cutoff   24      4458.51000 3948.81001  11.4%   141  275s
  6908  2745 4407.81230   32  136 4458.51000 3962.79185  11.1%   142  281s
  7280  2823 4288.17702   26  134 4458.51000 3977.07666  10.8%   142  286s
* 7467  2905              42    4455.5600000 3979.22122  10.7%   143  288s
  7617  2923 4401.30978   43  184 4455.56000 3983.24378  10.6%   143  290s
  7974  2996     cutoff   39      4455.56000 3991.50035  10.4%   143  295s
* 8217  3049              37    4452.5600000 3997.49323  10.2%   143  297s
  8354  3102 4147.98248   31  183 4452.56000 3999.24182  10.2%   143  304s
  8577  3141 4192.62755   25  141 4452.56000 4001.16976  10.1%   143  307s
  8953  3210 4260.32783   29  140 4452.56000 4010.86660  9.92%   144  311s
H 9157  3229                    4444.5600000 4014.66946  9.67%   144  313s
  9281  3264     cutoff   37      4444.56000 4016.41400  9.63%   144  316s
  9636  3324 4279.27382   31  152 4444.56000 4025.92025  9.42%   144  320s
 10100  3389 infeasible   34      4444.56000 4035.03700  9.21%   143  378s
 10267  3436 4239.63770   30  138 4444.56000 4041.37277  9.07%   144  426s
 10643  3507     cutoff   29      4444.56000 4050.67852  8.86%   144  430s
 11284  3598 4232.83906   36   63 4444.56000 4064.68453  8.55%   145  437s
*11436  3597              38    4442.5600000 4068.35466  8.42%   145  437s
 11687  3641 4218.87776   30  165 4442.56000 4072.91877  8.32%   145  441s
H11805  3343                    4382.5600000 4072.91877  7.07%   145  441s
 12103  3324 4372.70957   30  146 4382.56000 4082.54978  6.85%   145  446s
 12441  3358 4181.58760   34  153 4382.56000 4091.08596  6.65%   145  450s
 13059  3356     cutoff   36      4382.56000 4105.50002  6.32%   145  501s
 13497  3309     cutoff   31      4382.56000 4115.45209  6.09%   145  505s
 14107  3202     cutoff   30      4382.56000 4133.26684  5.69%   145  511s
 14522  3138     cutoff   26      4382.56000 4148.87391  5.33%   145  515s
 15201  2995 4303.47347   25  135 4382.56000 4166.44657  4.93%   144  521s
 15631  2916 4241.56258   23  167 4382.56000 4178.50632  4.66%   144  525s
 16355  2789     cutoff   35      4382.56000 4195.27419  4.27%   143  531s
 16879  2645     cutoff   38      4382.56000 4208.48467  3.97%   142  535s
 17137  2558     cutoff   45      4382.56000 4216.83058  3.78%   141  543s
 17242  2558     cutoff   32      4382.56000 4222.33629  3.66%   141  556s
