




arguments: ./build/bc_mirp -f ./input/orig_exec_135.cfg
Current dir: /scratch/gui/bc_mirp
File verbosity level: 9
date       time         ( uptime  ) [ thread name/id ]                   file:line     v| 
2021-02-08 00:09:45.911 (   0.191s) [main thread     ]             loguru.cpp:789   INFO| Logging to './output/vi_vc+hc1_half/OU/V5/Original/execution_08_02_2021_00_09_45.log', mode: 'a', verbosity: 9
--------------------------------------------------------------------------------
Parameters
                           instance_path           ./input/Instances/Original/3/
                            model_policy                                       1
                             nb_vehicles                                       5
                              output_dir ./output/vi_vc+hc1_half/OU/V5/Original/
                            sec_strategy                                       1
                       solver_nb_threads                                       2
                         solver_show_log                                    true
                       solver_time_limit                                    3600
                              use_vi_cos                                   false
                              use_vi_cus                                   false
                         use_vi_hc1_full                                   false
                         use_vi_hc1_half                                    true
                      use_vi_hc1_quarter                                   false
                              use_vi_hc2                                   false
                              use_vi_hc3                                   false
                         use_vi_lex_full                                   false
                         use_vi_lex_half                                   false
                      use_vi_lex_quarter                                   false
                              use_vi_qua                                   false
                               use_vi_vc                                    true
                               use_vi_vr                                   false
--------------------------------------------------------------------------------
executing instance: ./input/Instances/Original/3/absH3low_2n5.dat
--------------------------------------------------------------------------------
Instance details
n	6
H	3
C	237
Li:
[0, 0, 0, 0, 0, 0, ]
Ui:
[0, 93, 180, 51, 114, 24, ]
Distance matrix:
|0	170	318	35	112	235	|
|170	0	311	205	258	301	|
|318	311	0	326	278	137	|
|35	205	326	0	89	230	|
|112	258	278	89	0	160	|
|235	301	137	230	160	0	|

--------------------------------------------------------------------------------
Building model...
	using lazy and cut (CVRPSEP package)
Solving IRP LP...
--------------------------------------------------------------------------------

Gurobi 9.1.0 (linux64) logging started Mon Feb  8 00:09:46 2021

Gurobi Optimizer version 9.1.0 build v9.1.0rc0 (linux64)
Thread count: 32 physical cores, 32 logical processors, using up to 2 threads
Optimize a model with 288 rows, 414 columns and 1440 nonzeros
Model fingerprint: 0xd86ed6b6
Variable types: 99 continuous, 315 integer (90 binary)
Coefficient statistics:
  Matrix range     [1e+00, 2e+02]
  Objective range  [1e-02, 3e+02]
  Bounds range     [1e+00, 2e+02]
  RHS range        [1e+00, 5e+02]
Presolve removed 111 rows and 181 columns
Presolve time: 0.00s

Explored 0 nodes (0 simplex iterations) in 0.00 seconds
Thread count was 1 (of 32 available processors)

Solution count 0

Model is infeasible
Best objective -, best bound -, gap -

User-callback calls 51, time in user-callback 0.00 sec

Computing Irreducible Inconsistent Subsystem (IIS)...

           Constraints          |            Bounds           |  Runtime
      Min       Max     Guess   |   Min       Max     Guess   |
--------------------------------------------------------------------------
        0       288         -         0       569         -           0s
       41        41         -        41        41         -           0s

IIS computed: 41 constraints, 41 bounds
IIS runtime: 0.48 seconds
================================================================================
executing instance: ./input/Instances/Original/3/absH3high_5n30.dat
--------------------------------------------------------------------------------
Instance details
n	31
H	3
C	2296
Li:
[0, 0, 0, 0, 0, 0, 0, 0, 0, 0, 0, 0, 0, 0, 0, 0, 0, 0, 0, 0, 0, 0, 0, 0, 0, 0, 0, 0, 0, 0, 0, ]
Ui:
[0, 80, 90, 297, 28, 264, 123, 192, 112, 32, 72, 88, 294, 129, 126, 105, 110, 237, 246, 92, 72, 147, 54, 96, 128, 96, 84, 28, 74, 196, 192, ]
Distance matrix:
|0	87	302	65	389	171	219	120	412	339	129	63	169	401	383	158	393	161	246	275	64	287	345	235	13	274	106	201	85	358	135	|
|87	0	334	128	402	212	301	204	465	384	187	145	232	424	454	238	475	245	289	352	80	307	352	321	81	352	20	261	170	376	215	|
|302	334	0	239	113	132	237	334	157	70	404	263	162	105	227	229	339	251	65	217	259	53	107	352	293	220	339	134	270	75	235	|
|65	128	239	0	330	107	175	130	348	275	174	40	107	339	326	114	351	125	181	224	58	228	290	222	58	224	143	138	65	297	92	|
|389	402	113	330	0	226	349	438	210	151	502	360	269	48	316	339	441	362	175	328	335	102	55	465	377	330	401	245	371	37	342	|
|171	212	132	107	226	0	169	214	253	173	276	134	64	233	261	130	326	153	77	188	133	125	192	264	162	190	220	68	145	193	125	|
|219	301	237	175	349	169	0	157	257	223	244	157	105	334	180	62	175	61	177	63	233	264	334	118	221	61	317	112	136	312	85	|
|120	204	334	130	438	214	157	0	402	348	88	90	173	438	336	115	307	100	269	220	172	338	406	122	130	218	224	204	69	403	101	|
|412	465	157	348	210	253	257	402	0	88	486	359	245	166	129	287	266	303	178	204	386	208	239	370	406	207	473	212	354	187	304	|
|339	384	70	275	151	173	223	348	88	0	427	291	179	120	166	234	290	254	96	187	306	123	166	342	332	190	391	145	291	119	247	|
|129	187	404	174	502	276	244	88	486	427	0	142	248	508	424	200	390	187	342	308	193	400	464	192	142	306	207	281	136	469	182	|
|63	145	263	40	360	134	157	90	359	291	142	0	114	366	321	95	331	99	202	212	90	258	323	186	65	211	163	148	27	327	72	|
|169	232	162	107	269	64	105	173	245	179	248	114	0	266	222	71	268	94	97	131	155	173	244	203	164	132	245	34	113	233	73	|
|401	424	105	339	48	233	334	438	166	120	508	366	266	0	280	332	409	355	169	305	353	117	96	452	391	308	425	237	374	49	339	|
|383	454	227	326	316	261	180	336	129	166	424	321	222	280	0	231	137	238	208	116	376	277	331	272	381	118	467	197	307	285	253	|
|158	238	229	114	339	130	62	115	287	234	200	95	71	332	231	0	238	23	164	118	171	243	314	134	159	117	255	95	77	302	23	|
|393	475	339	351	441	326	175	307	266	290	390	331	268	409	137	238	0	232	300	138	408	383	445	204	395	136	492	258	308	406	260	|
|161	245	251	125	362	153	61	100	303	254	187	99	94	355	238	23	232	0	187	123	183	267	338	111	164	121	262	117	77	325	34	|
|246	289	65	181	175	77	177	269	178	96	342	202	97	169	208	164	300	187	0	168	210	87	157	290	238	171	296	70	206	138	170	|
|275	352	217	224	328	188	63	220	204	187	308	212	131	305	116	118	138	123	168	0	279	255	322	166	275	3	367	120	195	291	141	|
|64	80	259	58	335	133	233	172	386	306	193	90	155	353	376	171	408	183	210	279	0	236	289	276	51	279	90	182	117	307	150	|
|287	307	53	228	102	125	264	338	208	123	400	258	173	117	277	243	383	267	87	255	236	0	71	374	276	257	308	153	270	71	245	|
|345	352	107	290	55	192	334	406	239	166	464	323	244	96	331	314	445	338	157	322	289	71	0	445	334	325	350	224	337	54	315	|
|235	321	352	222	465	264	118	122	370	342	192	186	203	452	272	134	204	111	290	166	276	374	445	0	243	164	341	221	159	428	142	|
|13	81	293	58	377	162	221	130	406	332	142	65	164	391	381	159	395	164	238	275	51	276	334	243	0	274	100	196	89	347	136	|
|274	352	220	224	330	190	61	218	207	190	306	211	132	308	118	117	136	121	171	3	279	257	325	164	274	0	367	122	194	294	140	|
|106	20	339	143	401	220	317	224	473	391	207	163	245	425	467	255	492	262	296	367	90	308	350	341	100	367	0	272	188	377	232	|
|201	261	134	138	245	68	112	204	212	145	281	148	34	237	197	95	258	117	70	120	182	153	224	221	196	122	272	0	146	208	103	|
|85	170	270	65	371	145	136	69	354	291	136	27	113	374	307	77	308	77	206	195	117	270	337	159	89	194	188	146	0	337	54	|
|358	376	75	297	37	193	312	403	187	119	469	327	233	49	285	302	406	325	138	291	307	71	54	428	347	294	377	208	337	0	306	|
|135	215	235	92	342	125	85	101	304	247	182	72	73	339	253	23	260	34	170	141	150	245	315	142	136	140	232	103	54	306	0	|

--------------------------------------------------------------------------------
Building model...
	using lazy and cut (CVRPSEP package)
Solving IRP LP...
--------------------------------------------------------------------------------

Gurobi 9.1.0 (linux64) logging started Mon Feb  8 00:09:46 2021

Gurobi Optimizer version 9.1.0 build v9.1.0rc0 (linux64)
Thread count: 32 physical cores, 32 logical processors, using up to 2 threads
Optimize a model with 1507 rows, 8014 columns and 20614 nonzeros
Model fingerprint: 0x3ad95e5f
Variable types: 574 continuous, 7440 integer (465 binary)
Coefficient statistics:
  Matrix range     [1e+00, 5e+02]
  Objective range  [1e-01, 5e+02]
  Bounds range     [1e+00, 3e+02]
  RHS range        [1e+00, 4e+03]
Presolve removed 417 rows and 1105 columns
Presolve time: 0.10s
Presolved: 1090 rows, 6909 columns, 16566 nonzeros
Variable types: 341 continuous, 6568 integer (6133 binary)

Root relaxation: objective 9.106325e+03, 1277 iterations, 0.04 seconds

    Nodes    |    Current Node    |     Objective Bounds      |     Work
 Expl Unexpl |  Obj  Depth IntInf | Incumbent    BestBd   Gap | It/Node Time

     0     0 9106.32533    0  121          - 9106.32533      -     -    0s
     0     0 9410.43377    0  181          - 9410.43377      -     -    0s
     0     0 9411.12562    0  176          - 9411.12562      -     -    0s
     0     0 9721.16167    0  200          - 9721.16167      -     -    0s
     0     0 9753.86788    0  201          - 9753.86788      -     -    0s
     0     0 9754.80686    0  204          - 9754.80686      -     -    0s
     0     0 9754.80686    0  205          - 9754.80686      -     -    0s
     0     0 9945.20181    0  214          - 9945.20181      -     -    1s
     0     0 9959.30831    0  224          - 9959.30831      -     -    1s
     0     0 9960.23808    0  222          - 9960.23808      -     -    1s
     0     0 9962.47543    0  215          - 9962.47543      -     -    1s
     0     0 9962.63569    0  223          - 9962.63569      -     -    1s
     0     0 10024.6529    0  303          - 10024.6529      -     -    1s
     0     0 10039.3701    0  297          - 10039.3701      -     -    1s
     0     0 10046.7002    0  306          - 10046.7002      -     -    1s
     0     0 10049.6551    0  295          - 10049.6551      -     -    1s
     0     0 10050.8322    0  330          - 10050.8322      -     -    1s
     0     0 10050.9676    0  346          - 10050.9676      -     -    1s
     0     0 10068.8656    0  239          - 10068.8656      -     -    2s
     0     0 10074.6544    0  311          - 10074.6544      -     -    2s
     0     0 10076.1912    0  346          - 10076.1912      -     -    2s
     0     0 10077.0763    0  356          - 10077.0763      -     -    2s
     0     0 10091.1045    0  421          - 10091.1045      -     -    2s
     0     0 10097.9056    0  410          - 10097.9056      -     -    2s
     0     0 10099.0942    0  410          - 10099.0942      -     -    2s
     0     0 10102.7135    0  319          - 10102.7135      -     -    2s
     0     0 10104.2934    0  331          - 10104.2934      -     -    3s
     0     0 10104.5206    0  309          - 10104.5206      -     -    3s
     0     0 10105.6304    0  366          - 10105.6304      -     -    3s
     0     0 10105.6304    0  361          - 10105.6304      -     -    4s
     0     2 10110.2930    0  359          - 10110.2930      -     -    4s
     7    10 10118.2395    3  347          - 10117.4412      -   376    5s
    82    88 10432.0413   19  268          - 10139.6856      -   396   10s
   229   247 10960.2078   57  184          - 10139.6856      -   287   15s
   690   740 14297.2500  199   10          - 10139.7329      -   143   20s
   801   765 10270.9337   15  299          - 10146.9283      -   132   25s
   824   780 14216.3794  210  370          - 10187.8055      -   128   30s
   850   801 10214.4898   20  491          - 10214.4898      -   152   35s
   895   832 10457.1974   31  418          - 10215.5259      -   171   40s
   949   872 10521.0583   44  373          - 10215.5259      -   186   45s
  1003   911 10671.5990   58  319          - 10215.5259      -   199   50s
  1086   975 11037.1087   74  154          - 10215.5259      -   208   55s
  1204  1067 11580.0390   95  224          - 10215.5259      -   211   60s
  1371  1220 12030.0276  124  191          - 10215.5259      -   204   65s
* 1609  1237             227    14596.030000 10215.5259  30.0%   183   68s
  1631  1230 13694.2608  181   43 14596.0300 10215.5259  30.0%   182   73s
  1686  1253 14422.8800  201    - 14596.0300 10215.5259  30.0%   179   79s
  1691  1260 infeasible  202      14596.0300 10218.1951  30.0%   179   80s
  1751  1282 10497.0857   30  378 14596.0300 10218.1951  30.0%   184   85s
  1783  1310 10524.7064   33  319 14596.0300 10218.1951  30.0%   189   91s
  1806  1319 10509.2099   35  332 14596.0300 10218.1951  30.0%   191   95s
  1850  1356 10845.9881   41  257 14596.0300 10218.1951  30.0%   195  101s
  1891  1389 10820.7976   47  282 14596.0300 10218.1951  30.0%   198  106s
  1958  1441 10931.7917   51  248 14596.0300 10218.1951  30.0%   199  112s
  2020  1501 11207.8816   55  229 14596.0300 10218.1951  30.0%   198  116s
  2193  1631 11259.5940   61  198 14596.0300 10218.1951  30.0%   189  121s
  2294  1642 11270.4244   70  232 14596.0300 10218.1951  30.0%   186  125s
  2331  1648 11436.9305   79  200 14596.0300 10218.1951  30.0%   188  133s
  2333  1669 11567.7064   79  208 14596.0300 10218.1951  30.0%   188  135s
  2383  1700 11818.4171   94  178 14596.0300 10218.1951  30.0%   191  140s
  2492  1794 12410.0964  122  137 14596.0300 10218.1951  30.0%   191  147s
  2533  1835 12665.8121  134  194 14596.0300 10218.1951  30.0%   192  150s
H 2644  1826                    14209.230000 10218.1951  28.1%   191  156s
  2690  1906 13712.6077  173  113 14209.2300 10220.9117  28.1%   191  160s
  2833  1890 10796.2093   25  240 14209.2300 10220.9117  28.1%   189  166s
  2883  1954 11617.9117   56  131 14209.2300 10220.9117  28.1%   190  172s
  2928  1985 12533.6736   84  225 14209.2300 10220.9117  28.1%   191  176s
  2974  2022 13588.4769  115   97 14209.2300 10238.9874  27.9%   191  180s
  3132  2134     cutoff  148      14209.2300 10248.6993  27.9%   188  187s
  3196  2240 10700.2444   25  235 14209.2300 10248.6993  27.9%   188  192s
  3302  2413 11115.4680   39  303 14209.2300 10248.6993  27.9%   186  197s
  3561  2518 11452.0778   62  222 14209.2300 10248.6993  27.9%   176  202s
  3625  2557 13438.7013  119   73 14209.2300 10275.0997  27.7%   176  206s
  3696  2595 10886.8533   22  333 14209.2300 10275.2548  27.7%   178  213s
  3717  2625 11001.2673   28  275 14209.2300 10275.2548  27.7%   180  217s
  3747  2680 11378.9356   36  229 14209.2300 10275.2548  27.7%   181  221s
  3802  2771 12361.3155   55  106 14209.2300 10275.3464  27.7%   182  226s
  3917  2797     cutoff   95      14209.2300 10276.8657  27.7%   181  231s
  3943  2825 10666.6596   26  325 14209.2300 10276.8657  27.7%   183  235s
  4007  2950 11637.4642   60  199 14209.2300 10277.0858  27.7%   186  244s
  4110  3020     cutoff  126      14209.2300 10277.2312  27.7%   185  249s
  4183  3241 10848.4792   23  451 14209.2300 10277.2312  27.7%   185  257s
  4460  3319 11227.9124   42  240 14209.2300 10283.7166  27.6%   178  263s
  4558  3346     cutoff   90      14209.2300 10286.6105  27.6%   178  267s
* 4576  3335             177    14175.890000 10287.7201  27.4%   178  268s
* 4589  3299             180    14047.890000 10287.7201  26.8%   178  268s
  4620  3314 10944.0931   25  304 14047.8900 10287.7201  26.8%   178  272s
  4649  3425 11466.0049   39  171 14047.8900 10290.5995  26.7%   180  279s
  4797  3442     cutoff  145      14047.8900 10294.8101  26.7%   178  284s
  4811  3459 10672.5057   30  362 14047.8900 10295.2549  26.7%   180  288s
  4828  3494 10824.7212   32  339 14047.8900 10295.2549  26.7%   182  293s
  4863  3576 11044.2900   36  343 14047.8900 10295.2549  26.7%   183  303s
  4945  3712 11304.4033   46  119 14047.8900 10295.2549  26.7%   183  310s
  5109  3787 12075.3866   71   45 14047.8900 10302.0200  26.7%   182  318s
  5225  3829     cutoff  106      14047.8900 10302.5636  26.7%   180  324s
  5263  3918 10702.5732   29  297 14047.8900 10302.5636  26.7%   181  331s
  5390  4005 10956.7537   52  345 14047.8900 10305.6835  26.6%   180  340s
  5503  4046 10442.0041   21  345 14047.8900 10306.8777  26.6%   180  346s
  5535  4080 10583.5526   28  311 14047.8900 10306.8777  26.6%   182  354s
  5569  4144 10717.4966   39  219 14047.8900 10306.8777  26.6%   184  361s
  5633  4280 11079.0052   57   88 14047.8900 10307.5441  26.6%   185  371s
  5815  4355     cutoff  115      14047.8900 10308.3312  26.6%   185  380s
  5882  4458     cutoff  116      14047.8900 10308.7461  26.6%   187  391s
  5992  4559 11115.1836   51  291 14047.8900 10308.9063  26.6%   187  401s
  6124  4603     cutoff  123      14047.8900 10310.4034  26.6%   187  409s
  6182  4717 11297.4203   44  335 14047.8900 10314.5402  26.6%   188  418s
  6351  4749     cutoff  138      14047.8900 10314.6504  26.6%   186  428s
  6378  4775 10536.7901   22  444 14047.8900 10314.6638  26.6%   187  436s
  6404  4808 10629.5239   26  430 14047.8900 10314.6638  26.6%   190  444s
  6437  4866 10665.2894   31  361 14047.8900 10314.6638  26.6%   191  453s
  6495  5026 10838.0362   40  361 14047.8900 10314.6638  26.6%   193  464s
  6588  5030 11238.9468  102   35 14047.8900 10314.6638  26.6%   193  465s
  6705  5086 10990.8036   49  277 14047.8900 10314.6638  26.6%   191  474s
  6762  5234 11255.3207   54  198 14047.8900 10314.6638  26.6%   192  484s
  6911  5323 12126.0812  100   57 14047.8900 10314.6638  26.6%   192  499s
  7028  5481 12439.7869  105  116 14047.8900 10331.3504  26.5%   191  509s
  7224  5539 13447.3532  136   13 14047.8900 10334.9604  26.4%   189  520s
  7284  5667 10902.0687   38  317 14047.8900 10335.2095  26.4%   191  533s
  7408  5803 12638.1000   79    - 14047.8900 10342.4930  26.4%   193  546s
  7587  5968     cutoff  100      14047.8900 10342.6932  26.4%   193  560s
  7785  6074 10752.2198   37  356 14047.8900 10343.0373  26.4%   192  573s
  7875  6224 11200.7524   66  115 14047.8900 10345.6259  26.4%   194  588s
  8069  6438 13151.2234  113   20 14047.8900 10345.7884  26.4%   195  604s
  8162  6452 11180.6946   61  267 14047.8900 10345.7884  26.4%   194  605s
  8377  6626     cutoff  130      14047.8900 10346.7854  26.3%   192  619s
  8439  6626 11900.0203   85   87 14047.8900 10346.7854  26.3%   192  620s
  8554  6709     cutoff  140      14047.8900 10357.0232  26.3%   192  632s
  8641  6861 11504.2803   68  121 14047.8900 10358.6564  26.3%   193  647s
  8841  6897 11011.9483   30  236 14047.8900 10360.5422  26.2%   192  705s
  8873  7099 11277.3271   38  154 14047.8900 10360.7469  26.2%   193  721s
  9137  7183     cutoff   91      14047.8900 10361.0787  26.2%   192  735s
  9220  7332 12247.5635   62   96 14047.8900 10363.7057  26.2%   194  750s
  9381  7432     cutoff  114      14047.8900 10372.1389  26.2%   195  766s
  9494  7543 11024.1090   51  403 14047.8900 10375.9701  26.1%   195  781s
  9640  7652 13987.2600  131   12 14047.8900 10380.4305  26.1%   196  796s
  9760  7871     cutoff  133      14047.8900 10381.1437  26.1%   197  812s
 10013  8016     cutoff  122      14047.8900 10382.7840  26.1%   197  829s
 10171  8159 13274.4738  102   54 14047.8900 10385.2339  26.1%   197  843s
 10342  8171 11597.4986   65  124 14047.8900 10386.5334  26.1%   197  845s
 10347  8300     cutoff  111      14047.8900 10386.5931  26.1%   197  859s
 10434  8300 infeasible  124      14047.8900 10386.9376  26.1%   198  860s
 10492  8442 12456.4933  110   95 14047.8900 10386.9914  26.1%   199  874s
 10536  8448 10928.8738   42  285 14047.8900 10386.9914  26.1%   199  875s
 10695  8599 infeasible  134      14047.8900 10391.4212  26.0%   198  890s
 10869  8741 11303.0964   71  129 14047.8900 10393.1795  26.0%   199  905s
 11037  8903     cutoff  141      14047.8900 10394.9539  26.0%   199  921s
 11254  9002 13889.9825  116   10 14047.8900 10399.4659  26.0%   199  935s
 11361  9105     cutoff  117      14047.8900 10401.2628  26.0%   200  949s
 11486  9318 10779.3862   31  338 14047.8900 10404.2900  25.9%   201  967s
 11695  9599 10913.4574   37  219 14047.8900 10404.2900  25.9%   202  984s
 11774  9599 11517.3666  111   12 14047.8900 10404.2900  25.9%   202  985s
 12106  9855 11019.8414   50   96 14047.8900 10404.2900  25.9%   198 1001s
 12353 10105 11416.7008   63   53 14047.8900 10404.2900  25.9%   198 1019s
 12390 10105 11423.5850   72   33 14047.8900 10404.2900  25.9%   198 1020s
 12624 10399 12611.3152   90   51 14047.8900 10405.6749  25.9%   199 1037s
 12989 10601 13997.5805  143   27 14047.8900 10409.6577  25.9%   196 1053s
 13176 10732 12421.6214   93   94 14047.8900 10410.3494  25.9%   197 1068s
 13354 10816 14023.3943  124   13 14047.8900 10412.8520  25.9%   197 1081s
 13446 10930 11480.6225   63  312 14047.8900 10413.3679  25.9%   198 1096s
 13588 11111 13594.1710  125   32 14047.8900 10415.0890  25.9%   198 1111s
 13807 11214 infeasible  131      14047.8900 10416.4066  25.9%   198 1126s
 13902 11358 12047.9616   69  155 14047.8900 10417.0910  25.8%   199 1140s
 14089 11414 10964.3348   37  203 14047.8900 10417.1504  25.8%   199 1154s
 14134 11609 11049.0658   45  266 14047.8900 10417.1504  25.8%   201 1170s
 14399 11824 11312.8710   58  315 14047.8900 10417.1504  25.8%   200 1187s
 14653 11986 12060.7301   80   72 14047.8900 10419.4734  25.8%   200 1203s
 14879 12156 infeasible  131      14047.8900 10421.1273  25.8%   200 1220s
 15042 12317     cutoff  129      14047.8900 10423.2031  25.8%   200 1235s
 15238 12408 12442.2962   97  115 14047.8900 10425.4723  25.8%   200 1250s
 15350 12543     cutoff  129      14047.8900 10427.1043  25.8%   201 1264s
 15517 12698 11767.5803   73   97 14047.8900 10429.2998  25.8%   201 1279s
 15602 12713 11027.0138   47  274 14047.8900 10429.2998  25.8%   201 1280s
 15710 12789 13567.0212  117   49 14047.8900 10429.6524  25.8%   201 1294s
 15827 12912 13846.9150  124   28 14047.8900 10429.8899  25.8%   201 1308s
 15971 13073 infeasible  137      14047.8900 10430.8686  25.7%   202 1324s
 16169 13222 13848.7374  134   12 14047.8900 10433.6236  25.7%   202 1340s
 16390 13358     cutoff  136      14047.8900 10434.6875  25.7%   201 1356s
 16546 13533 11553.2736   72  198 14047.8900 10435.4636  25.7%   202 1371s
 16793 13730 13965.5171  127   16 14047.8900 10436.3418  25.7%   201 1387s
 17010 13857 infeasible  128      14047.8900 10438.3049  25.7%   201 1402s
 17178 13919 12855.4100   85    8 14047.8900 10439.6387  25.7%   201 1430s
 17244 14050     cutoff  123      14047.8900 10440.7549  25.7%   201 1445s
 17385 14147 11915.0794   68  229 14047.8900 10441.8703  25.7%   201 1459s
 17508 14339 11049.3098   49  259 14047.8900 10442.7412  25.7%   201 1476s
 17739 14464 11260.9868   63  319 14047.8900 10442.7412  25.7%   201 1490s
 17861 14597 11697.9513   93   84 14047.8900 10443.8955  25.7%   202 1507s
 18048 14740 infeasible  152      14047.8900 10445.1056  25.6%   202 1524s
 18208 14882 10908.3609   37  372 14047.8900 10445.1841  25.6%   202 1540s
 18349 15021 12378.3414   86   95 14047.8900 10446.7471  25.6%   203 1556s
 18519 15091 infeasible  109      14047.8900 10446.8242  25.6%   203 1571s
 18606 15190 10973.7230   45  377 14047.8900 10446.8391  25.6%   204 1587s
 18705 15307 11455.0785   56  360 14047.8900 10446.8391  25.6%   205 1602s
 18840 15491 11688.8761   90   89 14047.8900 10447.0326  25.6%   205 1621s
 19065 15613 13599.4600  131    - 14047.8900 10447.4744  25.6%   205 1637s
*19153 14854             113    13670.720000 10447.7765  23.6%   205 1637s
 19237 14939     cutoff  143      13670.7200 10447.9755  23.6%   205 1653s
 19335 15078 11412.0715   48  192 13670.7200 10448.1971  23.6%   206 1669s
 19434 15078 11592.0650   72  242 13670.7200 10448.1971  23.6%   205 1670s
 19489 15265 11818.8326   83  210 13670.7200 10449.9605  23.6%   206 1686s
 19720 15405     cutoff  167      13670.7200 10450.9522  23.6%   205 1703s
 19872 15509 11149.0283   58  201 13670.7200 10454.6952  23.5%   205 1719s
 19910 15509 12031.0277   96   79 13670.7200 10454.6952  23.5%   205 1720s
H19987 15475                    13649.840000 10455.9412  23.4%   205 1720s
 20006 15543 13416.0220  129   21 13649.8400 10455.9414  23.4%   206 1741s
 20095 15656     cutoff  137      13649.8400 10455.9705  23.4%   206 1757s
 20247 15723 11010.8058   38  427 13649.8400 10456.1506  23.4%   206 1772s
 20312 15949 11198.0417   52  315 13649.8400 10456.1506  23.4%   208 1789s
 20349 15949 11757.9768   65  137 13649.8400 10456.1506  23.4%   208 1790s
 20574 16052 12152.7254  109   58 13649.8400 10456.3837  23.4%   207 1805s
 20697 16127 infeasible  126      13649.8400 10456.5248  23.4%   208 1819s
 20783 16281     cutoff  136      13649.8400 10457.7381  23.4%   208 1834s
 20883 16281 12692.1257  101  120 13649.8400 10458.2686  23.4%   208 1835s
 20969 16400 12844.9560   94   69 13649.8400 10458.2918  23.4%   208 1849s
 21070 16406 11564.0921   61  238 13649.8400 10458.2918  23.4%   208 1850s
 21140 16465     cutoff  131      13649.8400 10459.3260  23.4%   208 1864s
 21226 16506 10986.2053   42  207 13649.8400 10459.4197  23.4%   208 1880s
 21261 16573 11196.7591   50  180 13649.8400 10459.4197  23.4%   209 1896s
 21328 16861 11296.1634   55  173 13649.8400 10459.4197  23.4%   210 1915s
 21656 16972 11931.6550   98   14 13649.8400 10460.1295  23.4%   209 1932s
 21810 17106 13024.1499  133   28 13649.8400 10462.7964  23.3%   209 1947s
 21954 17241     cutoff  144      13649.8400 10464.1337  23.3%   209 1962s
 22182 17342     cutoff  133      13649.8400 10466.3744  23.3%   208 1978s
 22306 17466 10685.5382   32  375 13649.8400 10467.5620  23.3%   209 1993s
 22441 17630 11180.2745   55   36 13649.8400 10469.4619  23.3%   209 2009s
 22478 17630 11379.4198   71   30 13649.8400 10469.4619  23.3%   209 2010s
 22656 17740 12107.1900   93    - 13649.8400 10470.5306  23.3%   209 2024s
 22734 17749     cutoff  110      13649.8400 10470.9705  23.3%   209 2025s
 22772 17837     cutoff  112      13649.8400 10471.4028  23.3%   209 2040s
 22888 17883     cutoff  109      13649.8400 10471.5376  23.3%   209 2056s
 22935 18067 11411.2244   53  205 13649.8400 10472.0900  23.3%   210 2073s
 23162 18141 10909.1662   36  314 13649.8400 10472.5255  23.3%   210 2089s
 23218 18287 11220.0739   51  218 13649.8400 10472.6644  23.3%   211 2106s
 23390 18549 13432.6227  103   20 13649.8400 10472.9751  23.3%   211 2125s
 23723 18735 13555.9086  111   18 13649.8400 10473.4432  23.3%   210 2142s
 23951 18768     cutoff  108      13649.8400 10475.0467  23.3%   210 2160s
 23996 18930 10882.0260   53  399 13649.8400 10477.3639  23.2%   210 2175s
 24202 19024     cutoff  125      13649.8400 10478.0237  23.2%   210 2190s
 24297 19150 11645.5769   63  121 13649.8400 10478.0449  23.2%   210 2204s
 24334 19150 12304.3289  100   23 13649.8400 10478.0449  23.2%   210 2205s
 24468 19200     cutoff  124      13649.8400 10479.9992  23.2%   210 2219s
 24522 19336 10948.2370   36  335 13649.8400 10480.1088  23.2%   211 2236s
 24674 19496 11586.2311   46  154 13649.8400 10481.4813  23.2%   211 2254s
 24716 19496 12396.4673   66   12 13649.8400 10481.4813  23.2%   211 2255s
 24863 19615     cutoff   94      13649.8400 10482.8670  23.2%   211 2271s
 25015 19729 11765.7876   54  203 13649.8400 10484.2909  23.2%   211 2286s
 25143 19848 11642.9040   47  192 13649.8400 10484.6812  23.2%   211 2302s
 25285 19949 13513.5790   99   47 13649.8400 10485.0320  23.2%   211 2318s
 25427 20000 infeasible  108      13649.8400 10485.2839  23.2%   211 2333s
 25483 20072 11104.0123   41  289 13649.8400 10486.0609  23.2%   212 2348s
 25558 20257 11435.3051   46  166 13649.8400 10486.0609  23.2%   213 2366s
 25767 20531 12007.4814   62   41 13649.8400 10487.3406  23.2%   213 2389s
 25878 20531 12461.9234   79   77 13649.8400 10487.3406  23.2%   212 2390s
 26166 20596 10613.5587   25  491 13649.8400 10487.4028  23.2%   211 2404s
 26200 20649 11005.7742   35  295 13649.8400 10487.4028  23.2%   212 2419s
 26253 20803 11194.2911   48  408 13649.8400 10487.4028  23.2%   213 2435s
 26407 21041 11650.4055   71   99 13649.8400 10487.6959  23.2%   213 2453s
 26706 21074     cutoff  127      13649.8400 10490.3121  23.1%   213 2471s
 26747 21223 11013.7432   43  400 13649.8400 10491.2618  23.1%   213 2487s
 26947 21341 13161.0725   97   95 13649.8400 10491.5428  23.1%   213 2503s
 27069 21491 12299.3619   98   79 13649.8400 10493.2754  23.1%   213 2519s
 27106 21495 13226.3600  128    - 13649.8400 10493.2754  23.1%   213 2520s
 27271 21547 13597.0886  130   28 13649.8400 10495.6468  23.1%   213 2536s
 27328 21750 11194.8051   34  395 13649.8400 10497.1204  23.1%   213 2553s
 27563 21865     cutoff  131      13649.8400 10497.5292  23.1%   213 2570s
 27692 22015 11946.9532   72  136 13649.8400 10497.6283  23.1%   213 2587s
 27888 22063     cutoff  123      13649.8400 10497.8137  23.1%   213 2601s
 27953 22193 11100.0296   40  401 13649.8400 10499.4164  23.1%   213 2620s
 28095 22363 13570.0200   93    - 13649.8400 10499.4953  23.1%   214 2636s
 28320 22548 infeasible  127      13649.8400 10502.3049  23.1%   213 2653s
 28529 22659 infeasible  113      13649.8400 10503.5800  23.0%   213 2669s
 28582 22659 12026.1504   97  126 13649.8400 10503.5800  23.0%   213 2670s
 28641 22745 12188.6649  104  133 13649.8400 10504.2315  23.0%   213 2686s
 28754 22923 13157.4113  134   69 13649.8400 10504.7170  23.0%   214 2703s
 28989 23079     cutoff  157      13649.8400 10505.1625  23.0%   213 2720s
 29164 23191 13344.6200  101    4 13649.8400 10505.6598  23.0%   213 2737s
 29300 23365     cutoff  104      13649.8400 10506.7795  23.0%   213 2755s
 29537 23414     cutoff  107      13649.8400 10507.5580  23.0%   213 2771s
 29579 23519 10890.0598   33  383 13649.8400 10508.3978  23.0%   213 2788s
 29684 23741 11254.0896   39  384 13649.8400 10510.2380  23.0%   214 2807s
 29948 23811     cutoff   88      13649.8400 10511.0010  23.0%   213 2823s
 30022 23954 11688.4839   70  226 13649.8400 10511.5437  23.0%   214 2840s
 30204 24054 11004.8564   35  258 13649.8400 10514.2381  23.0%   214 2857s
 30294 24335 11659.7911   61  133 13649.8400 10514.5375  23.0%   214 2878s
 30621 24366 13026.1218  103    6 13649.8400 10514.9912  23.0%   213 2880s
 30668 24410 13453.7400  117    - 13649.8400 10516.6707  23.0%   213 2895s
 30726 24473     cutoff  118      13649.8400 10517.1612  23.0%   214 2912s
 30794 24662 11753.3552   43  159 13649.8400 10517.2581  22.9%   214 2930s
 31016 24714     cutoff   86      13649.8400 10517.7589  22.9%   214 2951s
 31069 24869 11138.4026   64  434 13649.8400 10518.0120  22.9%   214 2967s
 31257 25020 11094.2590   41  249 13649.8400 10518.2155  22.9%   214 2986s
*31429 25055             143    13620.340000 10518.5172  22.8%   214 3003s
*31433 25053             142    13619.340000 10518.5172  22.8%   214 3003s
 31554 25226 12096.4663   65  140 13619.3400 10518.6730  22.8%   214 3021s
 31797 25292 infeasible  117      13619.3400 10519.3516  22.8%   214 3037s
 31861 25374 11485.9085   46  232 13619.3400 10519.3916  22.8%   214 3057s
 31943 25512 12528.0350   73  150 13619.3400 10519.9457  22.8%   215 3074s
 32097 25664 11137.6404   37  459 13619.3400 10520.0259  22.8%   215 3092s
 32292 25751 10746.6672   30  391 13619.3400 10520.0305  22.8%   215 3109s
 32367 25931 10912.3752   38  243 13619.3400 10520.0305  22.8%   215 3128s
 32571 26203 11418.2760   55  174 13619.3400 10520.1396  22.8%   215 3150s
 32890 26271 13259.2200  137    - 13619.3400 10520.2841  22.8%   215 3168s
 32993 26339     cutoff  137      13619.3400 10521.1205  22.7%   215 3184s
 33066 26493 11674.1152   67  208 13619.3400 10521.6392  22.7%   215 3201s
 33267 26547 infeasible  131      13619.3400 10521.9751  22.7%   215 3217s
 33318 26603 10949.6368   32  187 13619.3400 10522.2109  22.7%   215 3234s
 33374 26655 11029.6127   39  227 13619.3400 10522.2109  22.7%   216 3250s
 33426 26811 11254.4405   43   87 13619.3400 10522.2109  22.7%   216 3270s
 33602 27227 11680.2599   59   87 13619.3400 10522.8971  22.7%   216 3295s
 34193 27393     cutoff  124      13619.3400 10523.6233  22.7%   215 3313s
 34305 27560 11329.7821   54  302 13619.3400 10524.7436  22.7%   215 3331s
 34492 27645 10882.0832   37  383 13619.3400 10524.8789  22.7%   215 3349s
 34589 27779 13286.4605  104  131 13619.3400 10525.2629  22.7%   215 3367s
 34737 27905 11790.7737   70  144 13619.3400 10525.2734  22.7%   215 3384s
 34774 27905 13397.6200  107    - 13619.3400 10525.2734  22.7%   215 3385s
 34917 27984 10842.9479   29  474 13619.3400 10525.6445  22.7%   215 3401s
 34973 28166 11091.9119   43  189 13619.3400 10525.6445  22.7%   216 3419s
 35213 28337 11484.3281   70  248 13619.3400 10526.7923  22.7%   216 3438s
 35413 28475 12967.1000  113    - 13619.3400 10527.0688  22.7%   216 3455s
 35571 28569 13196.9942  113   26 13619.3400 10527.3067  22.7%   216 3477s
 35693 28694 13546.0600  127    - 13619.3400 10528.0652  22.7%   215 3495s
 35837 28733 infeasible  127      13619.3400 10528.2805  22.7%   215 3510s
 35894 28798 11185.2088   37  388 13619.3400 10529.5543  22.7%   216 3527s
 35955 29120 11468.2345   53  165 13619.3400 10529.6145  22.7%   216 3547s
 36386 29170 13342.8900  132    - 13619.3400 10529.8034  22.7%   215 3550s
 36402 29223     cutoff  141      13619.3400 10529.9061  22.7%   215 3564s
 36466 29290 11922.6016   65  124 13619.3400 10530.8827  22.7%   215 3581s
 36573 29370     cutoff  116      13619.3400 10531.3649  22.7%   216 3598s
 36641 29387 11735.8852   57   78 13619.3400 10531.3649  22.7%   216 3600s

Cutting planes:
  User: 5098
  Gomory: 22
  Cover: 449
  Implied bound: 187
  Projected implied bound: 8
  Clique: 55
  MIR: 180
  StrongCG: 1
  Flow cover: 344
  GUB cover: 1
  Zero half: 55
  RLT: 359
  Relax-and-lift: 11
  Lazy constraints: 7858

Explored 36658 nodes (7928932 simplex iterations) in 3600.10 seconds
Thread count was 2 (of 32 available processors)

Solution count 8: 13619.3 13620.3 13649.8 ... 14596

Time limit reached
Best objective 1.361934000000e+04, best bound 1.053136487858e+04, gap 22.6735%

User-callback calls 502913, time in user-callback 137.97 sec
================================================================================
executing instance: ./input/Instances/Original/3/absH3high_5n20.dat
--------------------------------------------------------------------------------
Instance details
n	21
H	3
C	1734
Li:
[0, 0, 0, 0, 0, 0, 0, 0, 0, 0, 0, 0, 0, 0, 0, 0, 0, 0, 0, 0, 0, ]
Ui:
[0, 40, 237, 68, 194, 144, 207, 114, 118, 207, 120, 72, 128, 48, 102, 237, 261, 135, 84, 184, 142, ]
Distance matrix:
|0	408	254	408	305	286	284	573	384	380	400	384	552	461	243	577	274	285	345	92	431	|
|408	0	189	21	111	218	178	168	182	283	211	86	158	222	191	168	136	320	219	318	87	|
|254	189	0	198	81	230	31	354	276	174	157	136	307	348	158	348	110	313	275	180	183	|
|408	21	198	0	118	204	190	165	163	302	230	105	169	202	184	170	134	306	202	317	107	|
|305	111	81	118	0	188	80	278	209	221	172	86	247	276	129	276	61	285	220	218	130	|
|286	218	230	204	188	0	249	342	102	401	360	260	373	176	73	360	128	103	60	202	290	|
|284	178	31	190	80	249	0	339	286	151	127	114	284	355	180	330	124	337	290	211	160	|
|573	168	354	165	278	342	339	0	262	411	330	229	118	248	342	37	298	434	316	482	194	|
|384	182	276	163	209	102	286	262	0	429	372	252	319	79	149	287	167	174	55	297	268	|
|380	283	174	302	221	401	151	411	429	0	82	197	318	491	331	390	274	488	439	331	219	|
|400	211	157	230	172	360	127	330	372	82	0	125	237	427	297	308	232	455	390	335	139	|
|384	86	136	105	86	260	114	229	252	197	125	0	171	303	210	217	143	361	278	301	47	|
|552	158	307	169	247	373	284	118	319	318	237	171	0	331	349	84	289	474	366	465	124	|
|461	222	348	202	276	176	355	248	79	491	427	303	331	0	228	279	241	226	119	375	308	|
|243	191	158	184	129	73	180	342	149	331	297	210	349	228	0	352	68	159	127	152	248	|
|577	168	348	170	276	360	330	37	287	390	308	217	84	279	352	0	303	455	339	486	177	|
|274	136	110	134	61	128	124	298	167	274	232	143	289	241	68	303	0	224	166	183	182	|
|285	320	313	306	285	103	337	434	174	488	455	361	474	226	159	455	224	0	119	224	393	|
|345	219	275	202	220	60	290	316	55	439	390	278	366	119	127	339	166	119	0	262	301	|
|92	318	180	317	218	202	211	482	297	331	335	301	465	375	152	486	183	224	262	0	347	|
|431	87	183	107	130	290	160	194	268	219	139	47	124	308	248	177	182	393	301	347	0	|

--------------------------------------------------------------------------------
Building model...
	using lazy and cut (CVRPSEP package)
Solving IRP LP...
--------------------------------------------------------------------------------

Gurobi 9.1.0 (linux64) logging started Mon Feb  8 01:09:49 2021

Gurobi Optimizer version 9.1.0 build v9.1.0rc0 (linux64)
Thread count: 32 physical cores, 32 logical processors, using up to 2 threads
Optimize a model with 1017 rows, 3849 columns and 10464 nonzeros
Model fingerprint: 0x7d7575e3
Variable types: 384 continuous, 3465 integer (315 binary)
Coefficient statistics:
  Matrix range     [1e+00, 3e+02]
  Objective range  [2e-01, 6e+02]
  Bounds range     [1e+00, 3e+02]
  RHS range        [1e+00, 3e+03]
Presolve removed 311 rows and 747 columns
Presolve time: 0.08s
Presolved: 706 rows, 3102 columns, 7853 nonzeros
Variable types: 218 continuous, 2884 integer (2605 binary)

Root relaxation: objective 8.206790e+03, 1033 iterations, 0.02 seconds

    Nodes    |    Current Node    |     Objective Bounds      |     Work
 Expl Unexpl |  Obj  Depth IntInf | Incumbent    BestBd   Gap | It/Node Time

     0     0 8206.78996    0  109          - 8206.78996      -     -    0s
     0     0 8740.37618    0  113          - 8740.37618      -     -    0s
     0     0 8767.88038    0  109          - 8767.88038      -     -    0s
     0     0 8997.07696    0  140          - 8997.07696      -     -    0s
     0     0 9004.33489    0  141          - 9004.33489      -     -    0s
     0     0 9067.29282    0  218          - 9067.29282      -     -    0s
     0     0 9077.01018    0  251          - 9077.01018      -     -    0s
     0     0 9078.42108    0  250          - 9078.42108      -     -    0s
     0     0 9078.46400    0  252          - 9078.46400      -     -    0s
     0     0 9218.36651    0  301          - 9218.36651      -     -    0s
     0     0 9226.20023    0  301          - 9226.20023      -     -    0s
     0     0 9231.56601    0  301          - 9231.56601      -     -    0s
     0     0 9231.57139    0  303          - 9231.57139      -     -    0s
     0     0 9306.11428    0  236          - 9306.11428      -     -    0s
     0     0 9337.89829    0  251          - 9337.89829      -     -    0s
     0     0 9345.38250    0  267          - 9345.38250      -     -    0s
     0     0 9349.95103    0  255          - 9349.95103      -     -    1s
     0     0 9351.96036    0  244          - 9351.96036      -     -    1s
     0     0 9351.97481    0  266          - 9351.97481      -     -    1s
     0     0 9383.77394    0  317          - 9383.77394      -     -    1s
     0     0 9422.85848    0  249          - 9422.85848      -     -    1s
     0     0 9428.10911    0  321          - 9428.10911      -     -    1s
     0     0 9428.93540    0  264          - 9428.93540      -     -    1s
     0     0 9437.35541    0  299          - 9437.35541      -     -    1s
