




arguments: ./build/bc_mirp -f ./input/orig_exec_87.cfg
Current dir: /scratch/gui/bc_mirp
File verbosity level: 9
date       time         ( uptime  ) [ thread name/id ]                   file:line     v| 
2021-02-07 06:56:13.000 (   0.094s) [main thread     ]             loguru.cpp:789   INFO| Logging to './output/vi_vc+hc1_half/OU/V5/Original/execution_07_02_2021_06_56_12.log', mode: 'a', verbosity: 9
--------------------------------------------------------------------------------
Parameters
                           instance_path           ./input/Instances/Original/2/
                            model_policy                                       1
                             nb_vehicles                                       5
                              output_dir ./output/vi_vc+hc1_half/OU/V5/Original/
                            sec_strategy                                       1
                       solver_nb_threads                                       2
                         solver_show_log                                    true
                       solver_time_limit                                    3600
                              use_vi_cos                                   false
                              use_vi_cus                                   false
                         use_vi_hc1_full                                   false
                         use_vi_hc1_half                                    true
                      use_vi_hc1_quarter                                   false
                              use_vi_hc2                                   false
                              use_vi_hc3                                   false
                         use_vi_lex_full                                   false
                         use_vi_lex_half                                   false
                      use_vi_lex_quarter                                   false
                              use_vi_qua                                   false
                               use_vi_vc                                    true
                               use_vi_vr                                   false
--------------------------------------------------------------------------------
executing instance: ./input/Instances/Original/2/absH3high_3n40.dat
--------------------------------------------------------------------------------
Instance details
n	41
H	3
C	3283
Li:
[0, 0, 0, 0, 0, 0, 0, 0, 0, 0, 0, 0, 0, 0, 0, 0, 0, 0, 0, 0, 0, 0, 0, 0, 0, 0, 0, 0, 0, 0, 0, 0, 0, 0, 0, 0, 0, 0, 0, 0, 0, ]
Ui:
[0, 63, 111, 99, 96, 111, 282, 122, 156, 261, 42, 192, 126, 42, 162, 207, 159, 122, 102, 190, 118, 102, 132, 102, 165, 252, 66, 52, 22, 114, 210, 176, 116, 294, 78, 152, 210, 45, 130, 198, 174, ]
Distance matrix:
|0	208	225	252	227	143	258	127	267	150	28	83	163	286	57	149	201	137	214	255	70	73	107	186	328	266	249	343	222	177	293	144	262	215	167	120	169	218	143	173	255	|
|208	0	397	355	416	198	216	99	211	275	193	172	97	166	240	225	362	109	277	314	182	216	273	374	298	208	319	161	14	103	93	120	58	196	152	156	372	227	260	218	453	|
|225	397	0	427	53	364	482	343	492	129	253	225	382	386	171	188	39	291	187	195	295	182	282	55	326	491	180	551	408	315	457	366	455	275	392	244	221	439	341	214	101	|
|252	355	427	0	401	158	201	263	219	396	234	328	259	498	299	400	420	354	465	506	205	324	152	374	574	219	499	393	366	389	446	235	378	456	205	359	224	150	111	423	400	|
|227	416	53	401	0	357	477	352	489	165	253	245	389	424	179	223	85	315	234	245	293	200	264	42	375	488	231	565	428	344	484	370	474	314	392	270	184	430	325	252	50	|
|143	198	364	158	357	0	121	105	134	290	116	196	103	342	200	276	343	205	343	385	74	210	112	319	432	133	382	265	209	237	290	78	226	313	57	220	232	75	69	292	375	|
|258	216	482	201	477	121	0	168	18	397	230	293	135	381	314	372	459	275	437	480	188	317	228	439	501	18	479	197	222	296	290	132	212	386	95	306	347	58	173	381	496	|
|127	99	343	263	352	105	168	0	171	239	105	130	40	237	173	206	313	109	270	312	84	164	175	310	337	169	313	216	112	135	192	37	142	220	77	138	280	155	162	213	382	|
|267	211	492	219	489	134	18	171	0	404	240	298	136	376	323	376	468	276	441	483	198	324	243	450	500	2	483	181	215	294	281	136	202	386	102	309	363	75	189	384	509	|
|150	275	129	396	165	290	397	239	404	0	175	110	279	259	97	59	91	166	84	116	217	80	245	130	226	402	106	434	286	187	329	269	333	149	302	119	244	364	291	87	213	|
|28	193	253	234	253	116	230	105	240	175	0	94	139	286	84	167	229	136	234	275	43	96	98	212	341	238	271	320	206	175	281	118	244	225	140	128	180	191	124	189	280	|
|83	172	225	328	245	196	293	130	298	110	94	0	169	209	77	80	191	71	147	189	127	45	189	203	247	296	187	327	184	106	241	162	230	132	198	38	242	266	217	96	285	|
|163	97	382	259	389	103	135	40	136	279	139	169	0	253	212	244	353	141	307	349	110	203	194	347	366	133	350	183	107	161	187	27	124	251	56	175	306	133	169	249	418	|
|286	166	386	498	424	342	381	237	376	259	286	209	253	0	284	201	347	151	210	230	299	247	383	387	155	374	242	290	162	112	129	270	192	113	308	172	451	386	391	172	471	|
|57	240	171	299	179	200	314	173	323	97	84	77	212	284	0	112	145	147	170	208	127	38	148	137	299	321	201	386	253	183	315	195	297	195	222	112	171	275	195	142	214	|
|149	225	188	400	223	276	372	206	376	59	167	80	244	201	112	0	149	117	67	110	205	78	254	186	187	374	108	387	235	132	272	240	283	93	277	71	279	346	291	32	270	|
|201	362	39	420	85	343	459	313	468	91	229	191	353	347	145	149	0	254	149	160	272	150	271	66	290	466	146	518	373	278	419	339	420	235	367	207	227	418	327	175	135	|
|137	109	291	354	315	205	275	109	276	166	136	71	141	151	147	117	254	0	172	212	151	116	232	273	229	274	215	270	119	39	170	145	167	111	186	47	305	263	245	113	356	|
|214	277	187	465	234	343	437	270	441	84	234	147	307	210	170	67	149	172	0	42	272	141	317	205	144	439	43	437	284	175	307	305	331	99	343	132	327	413	357	60	283	|
|255	314	195	506	245	385	480	312	483	116	275	189	349	230	208	110	160	212	42	0	314	182	356	222	132	481	15	474	321	212	337	347	367	126	385	174	358	455	398	100	295	|
|70	182	295	205	293	74	188	84	198	217	43	127	110	299	127	205	272	151	272	314	0	137	91	253	370	196	310	292	195	188	274	85	226	252	99	155	197	148	94	223	316	|
|73	216	182	324	200	210	317	164	324	80	96	45	203	247	38	78	150	116	141	182	137	0	176	158	263	323	176	369	229	150	286	191	274	157	223	77	208	284	216	106	239	|
|107	273	282	152	264	112	228	175	243	245	98	189	194	383	148	254	271	232	317	356	91	176	0	231	435	242	349	371	286	271	365	167	315	321	164	224	120	174	61	280	274	|
|186	374	55	374	42	319	439	310	450	130	212	203	347	387	137	186	66	273	205	222	253	158	231	0	348	448	208	523	386	303	442	329	431	279	352	229	167	392	291	217	85	|
|328	298	326	574	375	432	501	337	500	226	341	247	366	155	299	187	290	229	144	132	370	263	435	348	0	498	147	441	299	206	283	374	338	119	414	215	465	492	463	157	425	|
|266	208	491	219	488	133	18	169	2	402	238	296	133	374	321	374	466	274	439	481	196	323	242	448	498	0	481	180	213	292	278	134	200	384	100	307	362	75	188	381	508	|
|249	319	180	499	231	382	479	313	483	106	271	187	350	242	201	108	146	215	43	15	310	176	349	208	147	481	0	480	326	217	346	347	373	135	385	175	347	454	392	103	280	|
|343	161	551	393	565	265	197	216	181	434	320	327	183	290	386	387	518	270	437	474	292	369	371	523	441	180	480	0	153	263	163	207	107	352	208	317	487	244	334	379	598	|
|222	14	408	366	428	209	222	112	215	286	206	184	107	162	253	235	373	119	284	321	195	229	286	386	299	213	326	153	0	109	81	132	48	201	162	167	386	236	272	226	466	|
|177	103	315	389	344	237	296	135	294	187	175	106	161	112	183	132	278	39	175	212	188	150	271	303	206	292	217	263	109	0	142	171	156	95	211	74	344	289	281	118	386	|
|293	93	457	446	484	290	290	192	281	329	281	241	187	129	315	272	419	170	307	337	274	286	365	442	283	278	346	163	81	142	0	212	79	211	241	214	461	311	353	254	525	|
|144	120	366	235	370	78	132	37	136	269	118	162	27	270	195	240	339	145	305	347	85	191	167	329	374	134	347	207	132	171	212	0	151	257	40	174	280	119	142	248	398	|
|262	58	455	378	474	226	212	142	202	333	244	230	124	192	297	283	420	167	331	367	226	274	315	431	338	200	373	107	48	156	79	151	0	245	173	214	421	237	293	273	510	|
|215	196	275	456	314	313	386	220	386	149	225	132	251	113	195	93	235	111	99	126	252	157	321	279	119	384	135	352	201	95	211	257	245	0	297	97	365	374	345	62	362	|
|167	152	392	205	392	57	95	77	102	302	140	198	56	308	222	277	367	186	343	385	99	223	164	352	414	100	385	208	162	211	241	40	173	297	0	213	283	79	126	287	415	|
|120	156	244	359	270	220	306	138	309	119	128	38	175	172	112	71	207	47	132	174	155	77	224	229	215	307	175	317	167	74	214	174	214	97	213	0	280	286	248	75	313	|
|169	372	221	224	184	232	347	280	363	244	180	242	306	451	171	279	227	305	327	358	197	208	120	167	465	362	347	487	386	344	461	280	421	365	283	280	0	291	175	310	176	|
|218	227	439	150	430	75	58	155	75	364	191	266	133	386	275	346	418	263	413	455	148	284	174	392	492	75	454	244	236	289	311	119	237	374	79	286	291	0	116	359	445	|
|143	260	341	111	325	69	173	162	189	291	124	217	169	391	195	291	327	245	357	398	94	216	61	291	463	188	392	334	272	281	353	142	293	345	126	248	175	116	0	313	335	|
|173	218	214	423	252	292	381	213	384	87	189	96	249	172	142	32	175	113	60	100	223	106	280	217	157	381	103	379	226	118	254	248	273	62	287	75	310	359	313	0	300	|
|255	453	101	400	50	375	496	382	509	213	280	285	418	471	214	270	135	356	283	295	316	239	274	85	425	508	280	598	466	386	525	398	510	362	415	313	176	445	335	300	0	|

--------------------------------------------------------------------------------
Building model...
	using lazy and cut (CVRPSEP package)
Solving IRP LP...
--------------------------------------------------------------------------------

Gurobi 9.1.0 (linux64) logging started Sun Feb  7 06:56:14 2021

Gurobi Optimizer version 9.1.0 build v9.1.0rc0 (linux64)
Thread count: 32 physical cores, 32 logical processors, using up to 2 threads
Optimize a model with 1997 rows, 13679 columns and 34064 nonzeros
Model fingerprint: 0x0eef1564
Variable types: 764 continuous, 12915 integer (615 binary)
Coefficient statistics:
  Matrix range     [1e+00, 7e+02]
  Objective range  [1e-01, 6e+02]
  Bounds range     [1e+00, 3e+02]
  RHS range        [1e+00, 6e+03]
Presolve removed 523 rows and 1462 columns
Presolve time: 0.15s
Presolved: 1474 rows, 12217 columns, 28723 nonzeros
Variable types: 464 continuous, 11753 integer (11162 binary)

Root relaxation: objective 1.245084e+04, 1793 iterations, 0.07 seconds

    Nodes    |    Current Node    |     Objective Bounds      |     Work
 Expl Unexpl |  Obj  Depth IntInf | Incumbent    BestBd   Gap | It/Node Time

     0     0 12450.8387    0  165          - 12450.8387      -     -    0s
     0     0 12930.9627    0  145          - 12930.9627      -     -    1s
     0     0 12931.6268    0  146          - 12931.6268      -     -    1s
     0     0 13510.3649    0  255          - 13510.3649      -     -    1s
     0     0 13590.3999    0  291          - 13590.3999      -     -    1s
     0     0 13602.4401    0  301          - 13602.4401      -     -    1s
     0     0 13602.4401    0  319          - 13602.4401      -     -    1s
     0     0 13740.4194    0  307          - 13740.4194      -     -    2s
     0     0 13764.8777    0  320          - 13764.8777      -     -    2s
     0     0 13768.9559    0  313          - 13768.9559      -     -    2s
     0     0 13771.3216    0  308          - 13771.3216      -     -    2s
     0     0 13771.5503    0  307          - 13771.5503      -     -    2s
     0     0 13845.7851    0  330          - 13845.7851      -     -    3s
     0     0 13845.7851    0  330          - 13845.7851      -     -    5s
     0     0 13885.0944    0  379          - 13885.0944      -     -    6s
     0     0 13896.5391    0  396          - 13896.5391      -     -    7s
     0     0 13897.5994    0  397          - 13897.5994      -     -    7s
     0     0 13935.6964    0  417          - 13935.6964      -     -    7s
     0     0 13946.8021    0  439          - 13946.8021      -     -    8s
     0     0 13947.8709    0  437          - 13947.8709      -     -    8s
     0     0 13965.2913    0  486          - 13965.2913      -     -    8s
     0     0 13970.3372    0  524          - 13970.3372      -     -    8s
     0     0 13970.9319    0  515          - 13970.9319      -     -    9s
     0     0 13987.9556    0  552          - 13987.9556      -     -    9s
     0     0 13993.0005    0  558          - 13993.0005      -     -    9s
     0     0 13993.0005    0  558          - 13993.0005      -     -   12s
     0     2 14002.4808    0  542          - 14002.4808      -     -   13s
     9    12 14060.5902    3  378          - 14036.1946      -   651   15s
    38    43 14105.7447   11  501          - 14039.8747      -   679   20s
    72    78 14501.6286   20  332          - 14039.8747      -   683   25s
   134   146 14416.3725   34  413          - 14039.8747      -   523   30s
   218   239 14838.6163   53  194          - 14039.8747      -   416   35s
   392   470 15564.0871   95   80          - 14039.8747      -   288   40s
   667   722 17167.5850  183   12          - 14039.8747      -   191   45s
*  675   605             188    17135.680000 14039.8747  18.1%   189   45s
   752   552 14536.6142   17  558 17135.6800 14060.5902  17.9%   186   52s
   754   553 14455.0194   19  152 17135.6800 14060.5902  17.9%   186   55s
   762   559 15291.6714   79  564 17135.6800 14092.6326  17.8%   184   60s
   775   567 14805.7989   44  573 17135.6800 14130.1704  17.5%   181   65s
   783   573 15184.8307   68  697 17135.6800 14154.8465  17.4%   179   70s
   792   579 14922.2720   57  598 17135.6800 14162.9301  17.3%   177   75s
   796   584 14176.4847   15  581 17135.6800 14163.0922  17.3%   201   80s
   812   595 14346.5235   19  564 17135.6800 14209.8912  17.1%   215   85s
   823   602 14256.3338   22  606 17135.6800 14209.8912  17.1%   222   90s
   840   616 14292.1978   26  607 17135.6800 14209.8912  17.1%   236   95s
   853   624 14320.4853   29  621 17135.6800 14209.8912  17.1%   244  100s
   877   639 14511.3420   35  574 17135.6800 14209.8912  17.1%   260  106s
   886   645 14534.4855   37  483 17135.6800 14209.8912  17.1%   265  110s
   903   663 14406.1371   41  570 17135.6800 14209.8912  17.1%   272  115s
   922   676 14451.1320   46  498 17135.6800 14209.8912  17.1%   281  121s
   942   690 14476.8090   50  533 17135.6800 14209.8912  17.1%   288  125s
   969   710 14555.1939   55  499 17135.6800 14209.8912  17.1%   297  131s
   992   726 14645.1228   61  464 17135.6800 14209.8912  17.1%   304  135s
  1036   760 14785.2477   71  334 17135.6800 14209.8912  17.1%   315  141s
  1071   774 14832.5962   80  353 17135.6800 14209.8912  17.1%   320  146s
  1079   773 14896.7555   82  430 17135.6800 14209.8912  17.1%   322  155s
  1098   809 14960.5964   86  425 17135.6800 14209.8912  17.1%   328  160s
  1150   845 14985.5594   97  348 17135.6800 14209.8912  17.1%   334  166s
  1202   871 15057.9490  108  384 17135.6800 14209.8912  17.1%   342  172s
  1220   901 15085.2202  112  338 17135.6800 14209.8912  17.1%   345  175s
  1287   953 15277.6389  126  365 17135.6800 14209.8912  17.1%   351  182s
  1330   983 15152.5729  133  362 17135.6800 14209.8912  17.1%   350  186s
  1426  1090 15278.1324  149  318 17135.6800 14209.8912  17.1%   349  193s
  1516  1119 15415.2482  162  268 17135.6800 14209.8912  17.1%   340  198s
  1599  1125 15546.9515  175  158 17135.6800 14209.8912  17.1%   333  204s
  1632  1158 15729.0578  190  228 17135.6800 14209.8912  17.1%   335  208s
  1676  1196 15837.1658  210  232 17135.6800 14209.8912  17.1%   335  212s
  1729  1264 16070.6990  235  164 17135.6800 14209.8912  17.1%   335  217s
  1827  1241 16977.0967  282  107 17135.6800 14212.0907  17.1%   327  222s
  1862  1238 14270.9576   21  660 17135.6800 14212.0907  17.1%   327  225s
  1877  1245 14460.2328   30  565 17135.6800 14212.0907  17.1%   334  230s
  1901  1267 14424.6030   32  446 17135.6800 14212.0907  17.1%   344  238s
  1913  1276 14597.3487   33  517 17135.6800 14212.0907  17.1%   351  242s
  1926  1284 14755.2126   34  449 17135.6800 14212.0907  17.1%   357  246s
  1938  1293 14637.6926   36  448 17135.6800 14212.0907  17.1%   362  251s
  1951  1309 14732.9700   40  423 17135.6800 14212.0907  17.1%   366  255s
  1972  1324 14685.2591   44  403 17135.6800 14212.0907  17.1%   371  261s
  1994  1348 14797.1391   48  211 17135.6800 14212.0907  17.1%   374  266s
  2025  1415 14905.2979   52  258 17135.6800 14212.0907  17.1%   378  271s
  2102  1551 14997.7559   63  321 17135.6800 14212.0907  17.1%   376  279s
  2184  1524 15667.2212  121  104 17135.6800 14212.0907  17.1%   371  280s
  2264  1626 15351.0720   72  156 17135.6800 14212.0907  17.1%   363  293s
  2413  1576 infeasible  213      17135.6800 14212.0907  17.1%   348  295s
  2415  1643 15287.8978   89  238 17135.6800 14212.0907  17.1%   350  300s
  2482  1697 15759.1076  106  112 17135.6800 14212.0907  17.1%   349  308s
  2559  1775 16483.7346  130  210 17135.6800 14212.0907  17.1%   346  315s
  2655  1847 16709.4722  160  116 17135.6800 14217.1518  17.0%   344  324s
  2710  1847 16840.6966  176  117 17135.6800 14217.1518  17.0%   338  325s
  2795  1862 14335.3615   18  636 17135.6800 14217.1518  17.0%   336  331s
  2810  1876 14373.8151   21  567 17135.6800 14217.1518  17.0%   340  337s
  2824  1894 14626.0616   22  530 17135.6800 14217.1518  17.0%   344  342s
  2842  1916 14471.0941   25  377 17135.6800 14217.1518  17.0%   347  348s
  2864  1918 14511.3023   26  316 17135.6800 14217.1518  17.0%   352  365s
  2866  1973 14487.4408   27  548 17135.6800 14217.1518  17.0%   352  372s
  2921  2020 14565.1146   29  511 17135.6800 14217.1518  17.0%   354  381s
  2968  2240 14648.0588   32  502 17135.6800 14217.1518  17.0%   354  392s
  3191  2245 14774.1669   33  416 17135.6800 14217.1518  17.0%   340  401s
  3222  2262 14815.2204   35  403 17135.6800 14217.1518  17.0%   342  408s
  3239  2305 14780.4238   39  509 17135.6800 14217.1518  17.0%   347  415s
  3282  2416 14900.7566   44  343 17135.6800 14217.1518  17.0%   348  424s
  3344  2418 15912.9881  106   77 17135.6800 14217.1518  17.0%   346  425s
* 3379  1983             141    16333.420000 14217.1518  13.0%   343  425s
  3439  2024 14968.3180   55  302 16333.4200 14217.1518  13.0%   339  433s
  3516  2065 15294.9285   73  194 16333.4200 14217.1518  13.0%   339  442s
  3558  2142 15593.6871   92  213 16333.4200 14217.1518  13.0%   341  452s
  3637  2211 15965.0832  115  146 16333.4200 14232.0275  12.9%   341  463s
  3748  2248 14300.9016   20  693 16333.4200 14232.0275  12.9%   339  472s
  3785  2319 14350.4821   22  607 16333.4200 14232.0275  12.9%   341  483s
  3870  2338 14331.1648   24  602 16333.4200 14232.0275  12.9%   340  493s
  3889  2396 14416.5553   27  565 16333.4200 14232.0275  12.9%   343  502s
  3947  2446 14500.2385   30  644 16333.4200 14232.0275  12.9%   345  512s
  4008  2458 14684.4664   32  559 16333.4200 14232.0275  12.9%   347  524s
  4020  2488 14672.3529   35  552 16333.4200 14232.0275  12.9%   351  533s
  4050  2602 14749.1924   43  359 16333.4200 14232.0275  12.9%   354  549s
  4070  2602 14995.9995   30  388 16333.4200 14232.0275  12.9%   356  550s
  4186  2643 14930.2855   51  321 16333.4200 14232.0275  12.9%   352  561s
  4227  2732 15084.0800   63  230 16333.4200 14232.0275  12.9%   355  574s
  4312  2732 15948.7106   53  252 16333.4200 14232.0275  12.9%   355  575s
  4316  2891 15493.8062   92  202 16333.4200 14232.0275  12.9%   355  591s
  4485  2936 16144.3375  150   71 16333.4200 14269.7849  12.6%   349  605s
  4566  3017 14593.3117   20  566 16333.4200 14269.7849  12.6%   350  619s
  4632  3017 16051.3815   95   92 16333.4200 14269.7849  12.6%   349  620s
  4657  3143 15043.0224   39  354 16333.4200 14288.9355  12.5%   349  635s
  4796  3205     cutoff  107      16333.4200 14290.2437  12.5%   346  649s
  4877  3285 14892.2650   28  446 16333.4200 14290.2563  12.5%   347  663s
  4957  3432 15296.8300   60  133 16333.4200 14295.4703  12.5%   347  678s
  5124  3452 14675.4299   21  355 16333.4200 14295.4813  12.5%   343  691s
  5144  3482 14752.0868   26  389 16333.4200 14295.4813  12.5%   348  703s
  5174  3563 14824.8441   31  259 16333.4200 14295.4813  12.5%   352  718s
  5255  3864 15086.3922   46  209 16333.4200 14303.3621  12.4%   355  742s
  5523  3875 15711.6692  108   72 16333.4200 14303.4173  12.4%   349  745s
  5655  3906 infeasible  111      16333.4200 14305.1303  12.4%   343  760s
  5678  3949 14889.9189   29  433 16333.4200 14305.5477  12.4%   348  775s
  5721  4062 15835.0984   40  282 16333.4200 14310.6278  12.4%   352  795s
  5894  4091 15041.5820   28  457 16333.4200 14311.2069  12.4%   350  867s
  5922  4184 15493.1697   42  223 16333.4200 14311.2602  12.4%   353  884s
  6031  4251     cutoff   99      16333.4200 14313.6712  12.4%   352  900s
  6126  4373 14822.7765   36  397 16333.4200 14315.4143  12.4%   353  917s
  6248  4500 15842.3729  113  127 16333.4200 14319.8423  12.3%   352  936s
  6400  4675 14939.3114   39  479 16333.4200 14320.1150  12.3%   350  959s
  6427  4675 15367.5586   66  269 16333.4200 14320.1150  12.3%   350  960s
  6602  4689     cutoff  136      16333.4200 14323.3540  12.3%   346  978s
  6621  4713 14661.8873   30  546 16333.4200 14324.1964  12.3%   351  994s
  6635  4713 14614.6046   30  693 16333.4200 14324.1964  12.3%   354  995s
  6645  4743 14780.2210   37  481 16333.4200 14324.1964  12.3%   356 1014s
  6675  4791 14927.0393   46  460 16333.4200 14324.1964  12.3%   360 1032s
  6723  4944 15239.8425   62  173 16333.4200 14326.5326  12.3%   364 1057s
  6892  4989     cutoff  127      16333.4200 14326.9754  12.3%   363 1078s
  6938  5096 14934.9359   44  341 16333.4200 14327.5711  12.3%   367 1098s
  7063  5266 14765.3175   29  332 16333.4200 14329.9254  12.3%   368 1122s
  7277  5439 14656.4231   28  554 16333.4200 14330.4560  12.3%   365 1159s
  7314  5439 15634.9837   65  134 16333.4200 14330.4560  12.3%   366 1160s
  7492  5624 14751.4125   29  466 16333.4200 14334.6498  12.2%   364 1196s
  7715  5764 14785.2643   25  691 16333.4200 14337.9545  12.2%   362 1223s
  7887  5867 14733.3021   32  399 16333.4200 14338.6686  12.2%   362 1250s
  8003  5998 14656.3029   30  387 16333.4200 14340.7122  12.2%   363 1282s
  8186  6070 14801.2301   32  436 16333.4200 14340.7830  12.2%   362 1310s
  8257  6273 15239.0028   55  319 16333.4200 14340.9457  12.2%   367 1341s
  8512  6449     cutoff  113      16333.4200 14341.4723  12.2%   366 1376s
  8716  6603 15370.8930   67  167 16333.4200 14344.5163  12.2%   365 1407s
  8860  6605 15578.4785   85  112 16333.4200 14344.5330  12.2%   364 1410s
  8896  6761     cutoff  116      16333.4200 14345.8447  12.2%   364 1441s
  9066  6949 15756.7894   68  235 16333.4200 14346.5466  12.2%   364 1478s
  9228  6949 15718.8355   93  137 16333.4200 14346.5531  12.2%   363 1480s
  9291  7011 15397.2694   82   84 16333.4200 14347.2450  12.2%   362 1511s
  9363  7266 14738.7122   33  449 16333.4200 14350.9218  12.1%   366 1555s
  9642  7434 15010.5949   53  198 16333.4200 14351.4081  12.1%   365 1592s
  9859  7536 16083.0400  113    - 16333.4200 14357.0537  12.1%   363 1623s
  9948  7752 16258.8407  113   13 16333.4200 14357.1267  12.1%   364 1660s
 10214  7782     cutoff  118      16333.4200 14363.2592  12.1%   362 1690s
 10248  7833 14821.5433   28  454 16333.4200 14363.2592  12.1%   367 1720s
 10299  8015 14970.4062   42  381 16333.4200 14363.2592  12.1%   372 1753s
 10481  8177 15784.9221   86  128 16333.4200 14364.5505  12.1%   372 1784s
 10523  8177 16046.3174  107   13 16333.4200 14364.5505  12.1%   372 1785s
 10720  8369 16313.4153  124    5 16333.4200 14365.8746  12.0%   371 1819s
 10754  8370 15031.1792   52  107 16333.4200 14365.8746  12.0%   372 1820s
 10936  8572     cutoff  125      16333.4200 14368.7024  12.0%   371 1853s
 11059  8572 14956.0002   47  376 16333.4200 14369.9821  12.0%   371 1855s
 11172  8722 14686.0208   25  558 16333.4200 14370.0626  12.0%   369 1883s
 11342  8857     cutoff   99      16333.4200 14370.1238  12.0%   369 1920s
 11515  8969 15274.8084   49  333 16333.4200 14372.7281  12.0%   369 1953s
 11617  8969 14587.1687   24  643 16333.4200 14372.7281  12.0%   369 1955s
 11634  9091 15081.8752   46  474 16333.4200 14373.3841  12.0%   370 1992s
 11776  9225 15324.4692   40  292 16333.4200 14374.1021  12.0%   371 2031s
 11917  9422 15907.6222   80  138 16333.4200 14376.5843  12.0%   372 2081s
 12146  9619 14693.7545   24  524 16333.4200 14380.8624  12.0%   372 2133s
 12203  9619 15451.0013   81   83 16333.4200 14380.8624  12.0%   372 2135s
 12381  9667 14642.3938   25  570 16333.4200 14381.1514  12.0%   371 2178s
H12429  9166                    16158.270000 14381.1514  11.0%   375 2219s
 12499  9166 15753.0373   72  221 16158.2700 14381.1514  11.0%   378 2221s
H12522  9336                    16151.650000 14381.1514  11.0%   378 2265s
 12763  9435 15049.7867   43  457 16151.6500 14389.1932  10.9%   378 2300s
 12886  9489 14823.2129   29  447 16151.6500 14389.5530  10.9%   380 2331s
 12939  9743 15029.4476   34  249 16151.6500 14389.5530  10.9%   383 2370s
 13213  9875 15934.1671  102  120 16151.6500 14389.5734  10.9%   383 2405s
 13382  9984 infeasible  108      16151.6500 14393.7031  10.9%   383 2437s
 13502 10129 14818.5229   26  441 16151.6500 14393.7031  10.9%   386 2472s
 13647 10455 15288.0088   59   66 16151.6500 14397.0182  10.9%   388 2518s
 13742 10458 14744.7665   32  427 16151.6500 14397.0182  10.9%   386 2520s
 14002 10458 16010.8449  132  100 16151.6500 14397.4413  10.9%   383 2525s
 14062 10607     cutoff   93      16151.6500 14397.9439  10.9%   383 2576s
 14233 10780 14638.6968   27  516 16151.6500 14410.2881  10.8%   382 2634s
 14264 10780 15244.1244   58  175 16151.6500 14410.2881  10.8%   382 2635s
 14436 10908 15036.7794   32  439 16151.6500 14411.8151  10.8%   380 2693s
 14510 10908 15110.5391   26  408 16151.6500 14411.8151  10.8%   380 2695s
 14581 11088 15195.2984   33  292 16151.6500 14416.4775  10.7%   381 2747s
 14715 11090 14889.0399   28  382 16151.6500 14417.2626  10.7%   380 2750s
 14805 11237     cutoff   96      16151.6500 14420.8613  10.7%   380 2804s
 14837 11237 15296.1997   56  200 16151.6500 14420.8613  10.7%   380 2805s
 14974 11333     cutoff  104      16151.6500 14422.1207  10.7%   380 2856s
 15070 11600 15206.2168   47  331 16151.6500 14424.6516  10.7%   382 2901s
 15320 11604 15069.4118   49  258 16151.6500 14424.7189  10.7%   380 2905s
 15402 11776     cutoff  115      16151.6500 14425.4503  10.7%   379 2950s
 15625 11964 infeasible   95      16151.6500 14426.7824  10.7%   377 2996s
 15858 12135 14954.9830   52  378 16151.6500 14428.5244  10.7%   376 3043s
 15924 12135 16120.9791  114   36 16151.6500 14428.5244  10.7%   375 3045s
 16091 12327 14800.0516   36  419 16151.6500 14428.8119  10.7%   374 3089s
 16124 12327 15159.9788   52  234 16151.6500 14428.8119  10.7%   375 3090s
 16283 12666 15185.1117   66  196 16151.6500 14428.8480  10.7%   374 3134s
 16325 12666 15319.7220   90  133 16151.6500 14428.8480  10.7%   374 3135s
 16717 12788 14777.1585   27  428 16151.6500 14433.5887  10.6%   369 3182s
 16858 12883 14964.3321   26  456 16151.6500 14435.1769  10.6%   370 3223s
 16977 12883 16132.9947   88  143 16151.6500 14436.3625  10.6%   370 3225s
 16985 13034 14943.3256   38  387 16151.6500 14437.7026  10.6%   370 3264s
 17023 13034 15975.2933   76  179 16151.6500 14437.7026  10.6%   370 3265s
 17158 13193 15332.1304   43  462 16151.6500 14438.3237  10.6%   370 3309s
 17180 13193 15739.6757   65  266 16151.6500 14438.3237  10.6%   370 3310s
 17343 13424 15348.7765   68  317 16151.6500 14444.0476  10.6%   369 3357s
 17613 13570 14808.5538   29  394 16151.6500 14444.6936  10.6%   367 3402s
 17768 13570 16102.5066   95   93 16151.6500 14446.6026  10.6%   366 3405s
 17788 13754 14739.9384   31  463 16151.6500 14446.6073  10.6%   367 3442s
 17990 13864 14603.7182   25  439 16151.6500 14446.6073  10.6%   366 3477s
 18100 14006 14914.7020   42  390 16151.6500 14446.6073  10.6%   367 3515s
 18271 14218 15133.3787   57  296 16151.6500 14450.1028  10.5%   367 3559s
 18313 14218 15528.3121   79  233 16151.6500 14450.1028  10.5%   367 3560s
 18512 14371 15131.7558   27  338 16151.6500 14450.4836  10.5%   366 3600s

Cutting planes:
  User: 5848
  Gomory: 32
  Cover: 604
  Implied bound: 267
  Projected implied bound: 22
  Clique: 69
  MIR: 180
  Flow cover: 457
  GUB cover: 1
  Zero half: 70
  Network: 1
  RLT: 490
  Relax-and-lift: 18
  Lazy constraints: 1600

Explored 18685 nodes (6847367 simplex iterations) in 3603.11 seconds
Thread count was 2 (of 32 available processors)

Solution count 4: 16151.6 16158.3 16333.4 17135.7 

Time limit reached
Best objective 1.615165000000e+04, best bound 1.445048357141e+04, gap 10.5325%

User-callback calls 345815, time in user-callback 176.92 sec
================================================================================
executing instance: ./input/Instances/Original/2/absH3high_4n10.dat
--------------------------------------------------------------------------------
Instance details
n	11
H	3
C	822
Li:
[0, 0, 0, 0, 0, 0, 0, 0, 0, 0, 0, ]
Ui:
[0, 102, 52, 88, 182, 153, 138, 38, 165, 297, 86, ]
Distance matrix:
|0	285	411	382	327	239	148	256	307	36	383	|
|285	0	352	98	249	103	227	235	120	268	209	|
|411	352	0	395	106	430	263	549	234	429	174	|
|382	98	395	0	302	173	320	288	168	364	227	|
|327	249	106	302	0	324	179	444	135	339	109	|
|239	103	430	173	324	0	241	132	212	212	305	|
|148	227	263	320	179	241	0	325	192	165	249	|
|256	235	549	288	444	132	325	0	342	220	436	|
|307	120	234	168	135	212	192	342	0	304	94	|
|36	268	429	364	339	212	165	220	304	0	386	|
|383	209	174	227	109	305	249	436	94	386	0	|

--------------------------------------------------------------------------------
Building model...
	using lazy and cut (CVRPSEP package)
Solving IRP LP...
--------------------------------------------------------------------------------

Gurobi 9.1.0 (linux64) logging started Sun Feb  7 07:56:17 2021

Gurobi Optimizer version 9.1.0 build v9.1.0rc0 (linux64)
Thread count: 32 physical cores, 32 logical processors, using up to 2 threads
Optimize a model with 527 rows, 1184 columns and 3614 nonzeros
Model fingerprint: 0x24389063
Variable types: 194 continuous, 990 integer (165 binary)
Coefficient statistics:
  Matrix range     [1e+00, 3e+02]
  Objective range  [2e-01, 5e+02]
  Bounds range     [1e+00, 3e+02]
  RHS range        [1e+00, 1e+03]
Presolve removed 203 rows and 425 columns
Presolve time: 0.04s
Presolved: 324 rows, 759 columns, 2187 nonzeros
Variable types: 87 continuous, 672 integer (547 binary)

Root relaxation: objective 4.649177e+03, 529 iterations, 0.01 seconds

    Nodes    |    Current Node    |     Objective Bounds      |     Work
 Expl Unexpl |  Obj  Depth IntInf | Incumbent    BestBd   Gap | It/Node Time

     0     0 4649.17683    0   80          - 4649.17683      -     -    0s
H    0     0                    11929.810000 4649.17683  61.0%     -    0s
H    0     0                    11377.910000 4649.17683  59.1%     -    0s
     0     0 5182.73263    0   92 11377.9100 5182.73263  54.4%     -    0s
H    0     0                    8216.2800000 5182.73263  36.9%     -    0s
     0     0 5464.28620    0  126 8216.28000 5464.28620  33.5%     -    0s
     0     0 5482.55900    0  114 8216.28000 5482.55900  33.3%     -    0s
     0     0 5488.89989    0  132 8216.28000 5488.89989  33.2%     -    0s
     0     0 5489.75563    0  133 8216.28000 5489.75563  33.2%     -    0s
     0     0 5666.85732    0  156 8216.28000 5666.85732  31.0%     -    0s
     0     0 5686.98486    0  161 8216.28000 5686.98486  30.8%     -    0s
     0     0 5693.06703    0  162 8216.28000 5693.06703  30.7%     -    0s
     0     0 5694.81068    0  163 8216.28000 5694.81068  30.7%     -    0s
     0     0 5695.22162    0  172 8216.28000 5695.22162  30.7%     -    0s
     0     0 5750.70578    0  177 8216.28000 5750.70578  30.0%     -    0s
H    0     0                    7717.2800000 5750.70578  25.5%     -    0s
     0     0 5763.71400    0  202 7717.28000 5763.71400  25.3%     -    0s
     0     0 5767.69440    0  186 7717.28000 5767.69440  25.3%     -    0s
     0     0 5768.13597    0  188 7717.28000 5768.13597  25.3%     -    0s
     0     0 5798.36530    0  165 7717.28000 5798.36530  24.9%     -    0s
H    0     0                    7410.9300000 5798.36530  21.8%     -    0s
     0     0 5799.73234    0  170 7410.93000 5799.73234  21.7%     -    0s
     0     0 5800.21167    0  169 7410.93000 5800.21167  21.7%     -    0s
     0     0 5805.97047    0  170 7410.93000 5805.97047  21.7%     -    0s
     0     0 5805.97047    0  170 7410.93000 5805.97047  21.7%     -    0s
H    0     0                    7047.8300000 5807.90030  17.6%     -    0s
     0     2 5807.90030    0  170 7047.83000 5807.90030  17.6%     -    0s
H   29    32                    7039.9100000 5895.56061  16.3%  80.5    0s
H   56    61                    6988.7300000 5895.56061  15.6%  87.2    1s
H   58    61                    6844.8300000 5895.56061  13.9%  86.2    1s
H  214   165                    6844.1700000 5908.81389  13.7%  62.4    1s
H  469   274                    6803.1800000 5922.24403  12.9%  64.0    2s
H  502   292                    6801.1800000 5931.29217  12.8%  66.9    2s
H  541   308                    6793.2600000 5970.68282  12.1%  69.0    3s
H  960   465                    6777.4700000 6098.42437  10.0%  64.9    4s
   975   475 6204.98242    8  194 6777.47000 6098.42437  10.0%  63.9    5s
  1893   471 infeasible   25      6777.47000 6425.49493  5.19%  63.6   10s

Cutting planes:
  User: 42
  Gomory: 9
  Cover: 85
  Implied bound: 60
  Projected implied bound: 6
  Clique: 9
  MIR: 86
  StrongCG: 4
  Flow cover: 109
  GUB cover: 3
  Zero half: 13
  Network: 8
  RLT: 91
  Relax-and-lift: 25

Explored 3412 nodes (198600 simplex iterations) in 13.66 seconds
Thread count was 2 (of 32 available processors)

Solution count 10: 6777.47 6793.26 6801.18 ... 7410.93

Optimal solution found (tolerance 1.00e-04)
Best objective 6.777470000000e+03, best bound 6.777470000000e+03, gap 0.0000%

User-callback calls 9313, time in user-callback 1.44 sec
================================================================================
executing instance: ./input/Instances/Original/2/absH3high_3n20.dat
--------------------------------------------------------------------------------
Instance details
n	21
H	3
C	1536
Li:
[0, 0, 0, 0, 0, 0, 0, 0, 0, 0, 0, 0, 0, 0, 0, 0, 0, 0, 0, 0, 0, ]
Ui:
[0, 48, 207, 156, 294, 207, 297, 54, 114, 90, 228, 132, 84, 64, 51, 153, 60, 39, 195, 82, 130, ]
Distance matrix:
|0	41	141	324	154	98	307	402	160	217	284	269	188	233	54	185	307	149	286	276	103	|
|41	0	114	285	184	88	285	385	200	197	251	230	189	270	48	205	295	160	245	241	62	|
|141	114	0	200	208	193	353	459	269	275	289	154	129	371	160	192	380	136	205	267	88	|
|324	285	200	0	406	330	386	484	467	344	286	57	299	555	318	380	442	327	114	255	226	|
|154	184	208	406	0	250	460	553	101	370	436	361	136	247	208	63	455	87	405	425	232	|
|98	88	193	330	250	0	211	304	232	121	204	273	276	249	44	283	210	244	259	204	113	|
|307	285	353	386	460	211	0	106	436	90	104	342	467	407	253	490	72	445	275	134	269	|
|402	385	459	484	553	304	106	0	517	188	198	443	570	463	348	587	102	545	371	229	373	|
|160	200	269	467	101	232	436	517	0	349	434	417	231	148	200	163	415	179	444	431	261	|
|217	197	275	344	370	121	90	188	349	0	111	293	382	335	163	400	106	357	244	128	187	|
|284	251	289	286	436	204	104	198	434	111	0	246	413	441	235	452	170	401	173	31	214	|
|269	230	154	57	361	273	342	443	417	293	246	0	266	500	261	342	393	286	85	215	170	|
|188	189	129	299	136	276	467	570	231	382	413	266	0	368	233	88	483	53	330	394	201	|
|233	270	371	555	247	249	407	463	148	335	441	500	368	0	242	310	364	316	504	448	330	|
|54	48	160	318	208	44	253	348	200	163	235	261	233	242	0	239	254	200	262	230	92	|
|185	205	192	380	63	283	490	587	163	400	452	342	88	310	239	0	492	56	397	438	240	|
|307	295	380	442	455	210	72	102	415	106	170	393	483	364	254	492	0	453	334	198	293	|
|149	160	136	327	87	244	445	545	179	357	401	286	53	316	200	56	453	0	341	385	188	|
|286	245	205	114	405	259	275	371	444	244	173	85	330	504	262	397	334	341	0	142	183	|
|276	241	267	255	425	204	134	229	431	128	31	215	394	448	230	438	198	385	142	0	198	|
|103	62	88	226	232	113	269	373	261	187	214	170	201	330	92	240	293	188	183	198	0	|

--------------------------------------------------------------------------------
Building model...
	using lazy and cut (CVRPSEP package)
Solving IRP LP...
--------------------------------------------------------------------------------

Gurobi 9.1.0 (linux64) logging started Sun Feb  7 07:56:32 2021

Gurobi Optimizer version 9.1.0 build v9.1.0rc0 (linux64)
Thread count: 32 physical cores, 32 logical processors, using up to 2 threads
Optimize a model with 1017 rows, 3849 columns and 10464 nonzeros
Model fingerprint: 0x6bd032b2
Variable types: 384 continuous, 3465 integer (315 binary)
Coefficient statistics:
  Matrix range     [1e+00, 3e+02]
  Objective range  [1e-01, 6e+02]
  Bounds range     [1e+00, 3e+02]
  RHS range        [1e+00, 3e+03]
Presolve removed 307 rows and 744 columns
Presolve time: 0.08s
Presolved: 710 rows, 3105 columns, 7865 nonzeros
Variable types: 221 continuous, 2884 integer (2603 binary)

Root relaxation: objective 6.940916e+03, 978 iterations, 0.02 seconds

    Nodes    |    Current Node    |     Objective Bounds      |     Work
 Expl Unexpl |  Obj  Depth IntInf | Incumbent    BestBd   Gap | It/Node Time

     0     0 6940.91577    0   76          - 6940.91577      -     -    0s
     0     0 7246.82103    0  116          - 7246.82103      -     -    0s
     0     0 7266.13595    0  136          - 7266.13595      -     -    0s
     0     0 7268.69202    0  134          - 7268.69202      -     -    0s
     0     0 7601.61431    0  195          - 7601.61431      -     -    0s
     0     0 7615.27705    0  191          - 7615.27705      -     -    0s
     0     0 7616.33817    0  195          - 7616.33817      -     -    0s
     0     0 7616.37732    0  149          - 7616.37732      -     -    0s
     0     0 7787.44121    0  197          - 7787.44121      -     -    0s
     0     0 7799.90797    0  204          - 7799.90797      -     -    0s
     0     0 7800.86872    0  214          - 7800.86872      -     -    0s
     0     0 7800.97309    0  204          - 7800.97309      -     -    0s
     0     0 7882.75478    0  201          - 7882.75478      -     -    0s
     0     0 7882.94698    0  222          - 7882.94698      -     -    0s
     0     0 7898.83454    0  246          - 7898.83454      -     -    1s
     0     0 7903.93622    0  246          - 7903.93622      -     -    1s
     0     0 7914.34902    0  229          - 7914.34902      -     -    1s
     0     0 7915.70693    0  241          - 7915.70693      -     -    1s
     0     0 7915.75313    0  239          - 7915.75313      -     -    1s
     0     0 7927.03735    0  182          - 7927.03735      -     -    1s
     0     0 7929.58637    0  214          - 7929.58637      -     -    1s
     0     0 7930.66440    0  196          - 7930.66440      -     -    1s
     0     0 7934.87600    0  187          - 7934.87600      -     -    1s
     0     0 7934.87600    0  187          - 7934.87600      -     -    1s
     0     2 7941.02662    0  252          - 7941.02662      -     -    1s
   119   133 9112.06440   35  130          - 7953.08859      -   214    5s
*  261   279              73    11017.030000 7953.08859  27.8%   139    6s
   410   380 8704.51593   15  293 11017.0300 8024.94291  27.2%   150   10s
H  532   437                    10419.080000 8024.94291  23.0%   141   13s
H  593   475                    10310.400000 8024.94291  22.2%   133   14s
   594   475 8961.68368   29  283 10310.4000 8024.94291  22.2%   133   15s
   738   597 9878.12537  117  348 10310.4000 8067.27925  21.8%   132   20s
