




arguments: ./build/bc_mirp -f ./input/orig_exec_39.cfg
Current dir: /scratch/gui/bc_mirp
File verbosity level: 9
date       time         ( uptime  ) [ thread name/id ]                   file:line     v| 
2021-02-06 18:31:14.646 (   0.960s) [main thread     ]             loguru.cpp:789   INFO| Logging to './output/vi_vc+hc1_half/OU/V5/Original/execution_06_02_2021_18_31_14.log', mode: 'a', verbosity: 9
--------------------------------------------------------------------------------
Parameters
                           instance_path           ./input/Instances/Original/1/
                            model_policy                                       1
                             nb_vehicles                                       5
                              output_dir ./output/vi_vc+hc1_half/OU/V5/Original/
                            sec_strategy                                       1
                       solver_nb_threads                                       2
                         solver_show_log                                    true
                       solver_time_limit                                    3600
                              use_vi_cos                                   false
                              use_vi_cus                                   false
                         use_vi_hc1_full                                   false
                         use_vi_hc1_half                                    true
                      use_vi_hc1_quarter                                   false
                              use_vi_hc2                                   false
                              use_vi_hc3                                   false
                         use_vi_lex_full                                   false
                         use_vi_lex_half                                   false
                      use_vi_lex_quarter                                   false
                              use_vi_qua                                   false
                               use_vi_vc                                    true
                               use_vi_vr                                   false
--------------------------------------------------------------------------------
executing instance: ./input/Instances/Original/1/absH3high_1n5.dat
--------------------------------------------------------------------------------
Instance details
n	6
H	3
C	289
Li:
[0, 0, 0, 0, 0, 0, ]
Ui:
[0, 195, 105, 116, 72, 22, ]
Distance matrix:
|0	85	349	17	203	289	|
|85	0	265	102	214	226	|
|349	265	0	366	368	238	|
|17	102	366	0	207	302	|
|203	214	368	207	0	431	|
|289	226	238	302	431	0	|

--------------------------------------------------------------------------------
Building model...
	using lazy and cut (CVRPSEP package)
Solving IRP LP...
--------------------------------------------------------------------------------

Gurobi 9.1.0 (linux64) logging started Sat Feb  6 18:31:15 2021

Gurobi Optimizer version 9.1.0 build v9.1.0rc0 (linux64)
Thread count: 32 physical cores, 32 logical processors, using up to 2 threads
Optimize a model with 288 rows, 414 columns and 1440 nonzeros
Model fingerprint: 0xd4b45c6f
Variable types: 99 continuous, 315 integer (90 binary)
Coefficient statistics:
  Matrix range     [1e+00, 2e+02]
  Objective range  [2e-01, 4e+02]
  Bounds range     [1e+00, 2e+02]
  RHS range        [1e+00, 5e+02]
Presolve removed 90 rows and 161 columns
Presolve time: 0.00s

Explored 0 nodes (0 simplex iterations) in 0.00 seconds
Thread count was 1 (of 32 available processors)

Solution count 0

Model is infeasible
Best objective -, best bound -, gap -

User-callback calls 28, time in user-callback 0.00 sec

Computing Irreducible Inconsistent Subsystem (IIS)...

           Constraints          |            Bounds           |  Runtime
      Min       Max     Guess   |   Min       Max     Guess   |
--------------------------------------------------------------------------
        0       288         -         0       569         -           0s
       35        35         -        29        29         -           0s

IIS computed: 35 constraints, 29 bounds
IIS runtime: 0.35 seconds
================================================================================
executing instance: ./input/Instances/Original/1/absH3high_1n45.dat
--------------------------------------------------------------------------------
Instance details
n	46
H	3
C	3462
Li:
[0, 0, 0, 0, 0, 0, 0, 0, 0, 0, 0, 0, 0, 0, 0, 0, 0, 0, 0, 0, 0, 0, 0, 0, 0, 0, 0, 0, 0, 0, 0, 0, 0, 0, 0, 0, 0, 0, 0, 0, 0, 0, 0, 0, 0, 0, ]
Ui:
[0, 273, 270, 36, 165, 192, 148, 45, 30, 75, 180, 198, 112, 117, 90, 64, 180, 22, 264, 174, 168, 270, 86, 66, 26, 66, 237, 156, 92, 108, 144, 72, 30, 45, 94, 54, 174, 96, 198, 136, 44, 180, 210, 249, 198, 48, ]
Distance matrix:
|0	281	201	160	249	201	93	431	236	139	252	136	116	166	390	110	349	374	303	180	327	464	236	70	44	461	346	439	363	254	312	426	305	206	71	137	169	200	247	260	20	219	256	253	460	278	|
|281	0	448	170	53	142	338	184	121	290	371	390	222	302	111	289	169	434	230	177	238	441	59	212	319	211	86	235	399	306	53	176	99	202	263	157	361	101	370	201	264	344	364	374	469	184	|
|201	448	0	285	430	325	114	556	361	171	191	64	228	174	546	294	453	306	364	289	388	435	393	254	157	585	491	536	318	254	490	554	436	407	266	292	108	388	186	337	207	181	205	190	408	364	|
|160	170	285	0	169	43	182	280	80	120	208	231	58	132	262	230	190	294	151	24	174	345	112	107	183	309	207	280	268	158	219	276	155	235	187	45	192	150	205	107	140	177	202	210	356	119	|
|249	53	430	169	0	152	317	238	145	282	377	369	212	299	157	242	215	452	261	183	273	474	76	181	290	264	140	287	421	320	63	229	145	148	221	142	352	53	374	226	234	346	370	378	498	215	|
|201	142	325	43	152	0	224	237	37	156	230	273	101	164	224	261	148	300	127	38	147	333	83	142	225	266	167	238	270	168	193	233	112	246	221	70	228	148	228	84	180	202	222	232	351	87	|
|93	338	114	182	317	224	0	460	262	92	180	52	124	112	440	199	364	307	292	191	317	415	284	140	57	490	387	452	304	208	377	457	336	297	163	181	84	274	175	256	95	152	188	180	402	280	|
|431	184	556	280	238	237	460	0	199	385	420	508	337	385	108	464	110	429	219	269	206	378	202	365	460	30	98	84	388	340	204	9	126	386	432	294	453	283	421	226	411	404	408	423	422	198	|
|236	121	361	80	145	37	262	199	0	191	255	310	138	197	191	290	114	312	118	72	133	330	69	175	262	229	132	204	279	186	174	195	75	258	251	102	262	153	254	81	216	230	246	257	353	72	|
|139	290	171	120	282	156	92	385	191	0	116	129	71	27	380	246	283	235	201	119	226	329	231	141	129	414	323	367	224	119	336	383	266	308	202	141	72	252	112	169	127	82	118	117	322	195	|
|252	371	191	208	377	230	180	420	255	116	0	187	178	90	443	361	311	127	204	195	224	246	313	257	232	446	382	380	129	81	423	421	320	422	318	242	100	355	5	195	241	34	15	2	225	224	|
|136	390	64	231	369	273	52	508	310	129	187	0	173	141	491	233	409	313	330	239	355	431	335	191	93	538	438	495	316	233	429	505	385	342	203	233	88	325	182	297	143	167	199	187	412	323	|
|116	222	228	58	212	101	124	337	138	71	178	173	0	91	319	206	244	284	187	69	212	357	165	85	130	367	265	333	264	151	267	333	213	244	161	70	140	181	175	145	97	145	177	180	359	165	|
|166	302	174	132	299	164	112	385	197	27	90	141	91	0	388	273	280	208	191	127	215	305	243	167	153	413	329	361	198	96	351	383	270	333	229	159	68	272	86	163	153	56	92	91	296	190	|
|390	111	546	262	157	224	440	108	191	380	443	491	319	388	0	399	164	480	264	261	261	456	156	320	426	125	62	186	442	369	107	99	125	300	374	260	452	210	443	252	372	420	433	446	494	227	|
|110	289	294	230	242	261	199	464	290	246	361	233	206	273	399	0	402	480	382	254	404	562	262	124	143	493	369	490	466	355	302	457	344	135	45	191	279	189	356	337	120	328	364	362	563	348	|
|349	169	453	190	215	148	364	110	114	283	311	409	244	280	164	402	0	324	110	174	101	292	151	289	372	135	109	90	284	230	212	111	70	354	364	216	348	245	312	118	329	295	298	313	330	90	|
|374	434	306	294	452	300	307	429	312	235	127	313	284	208	480	480	324	0	216	274	223	137	380	368	357	448	419	367	40	136	487	432	358	525	436	336	227	443	132	234	361	156	119	127	102	255	|
|303	230	364	151	261	127	292	219	118	201	204	330	187	191	264	382	110	216	0	128	25	213	185	258	314	243	203	176	178	123	282	221	144	372	338	193	256	270	206	45	283	193	191	206	239	46	|
|180	177	289	24	183	38	191	269	72	119	195	239	69	127	261	254	174	274	128	0	151	321	118	130	198	299	204	263	246	139	228	266	147	258	211	68	191	169	193	83	159	166	188	197	333	98	|
|327	238	388	174	273	147	317	206	133	226	224	355	212	215	261	404	101	223	25	151	0	203	198	281	339	228	202	156	184	143	288	209	146	390	362	215	280	286	226	68	308	215	210	226	235	61	|
|464	441	435	345	474	333	415	378	330	329	246	431	357	305	456	562	292	137	213	321	203	0	398	440	458	390	400	301	117	211	492	384	348	578	517	389	344	480	251	251	448	265	233	246	54	259	|
|236	59	393	112	76	83	284	202	69	231	313	335	165	243	156	262	151	380	185	118	198	398	0	167	270	231	110	233	347	250	110	195	85	203	230	103	303	95	311	150	217	284	305	315	422	139	|
|70	212	254	107	181	142	140	365	175	141	257	191	85	167	320	124	289	368	258	130	281	440	167	0	109	394	277	378	349	236	244	359	239	167	81	73	196	135	253	213	53	223	257	258	444	226	|
|44	319	157	183	290	225	57	460	262	129	232	93	130	153	426	143	372	357	314	198	339	458	270	109	0	490	379	462	351	247	353	456	334	250	110	168	140	243	226	274	56	201	238	232	449	294	|
|461	211	585	309	264	266	490	30	229	414	446	538	367	413	125	493	135	448	243	299	228	390	231	394	490	0	125	89	408	365	226	36	156	412	462	324	481	311	447	253	441	430	433	448	436	225	|
|346	86	491	207	140	167	387	98	132	323	382	438	265	329	62	369	109	419	203	204	202	400	110	277	379	125	0	155	381	307	113	90	63	288	339	211	394	186	382	190	327	359	371	384	436	165	|
|439	235	536	280	287	238	452	84	204	367	380	495	333	361	186	490	90	367	176	263	156	301	233	378	462	89	155	0	326	299	267	92	148	432	454	306	429	325	382	199	419	369	366	382	348	172	|
|363	399	318	268	421	270	304	388	279	224	129	316	264	198	442	466	284	40	178	246	184	117	347	349	351	408	381	326	0	113	452	391	321	502	422	311	229	415	134	199	348	152	118	130	98	219	|
|254	306	254	158	320	168	208	340	186	119	81	233	151	96	369	355	230	136	123	139	143	211	250	236	247	365	307	299	113	0	359	340	244	390	310	200	148	308	83	117	238	74	68	83	208	145	|
|312	53	490	219	63	193	377	204	174	336	423	429	267	351	107	302	212	487	282	228	288	492	110	244	353	226	113	267	452	359	0	195	145	194	283	199	407	115	421	254	296	394	415	425	521	237	|
|426	176	554	276	229	233	457	9	195	383	421	505	333	383	99	457	111	432	221	266	209	384	195	359	456	36	90	92	391	340	195	0	122	378	426	289	451	275	421	226	406	404	408	423	427	197	|
|305	99	436	155	145	112	336	126	75	266	320	385	213	270	125	344	70	358	144	147	146	348	85	239	334	156	63	148	321	244	145	122	0	286	310	168	336	177	320	128	285	298	309	322	381	103	|
|206	202	407	235	148	246	297	386	258	308	422	342	244	333	300	135	354	525	372	258	390	578	203	167	250	412	288	432	502	390	194	378	286	0	144	191	362	109	418	329	202	388	421	423	591	329	|
|71	263	266	187	221	221	163	432	251	202	318	203	161	229	374	45	364	436	338	211	362	517	230	81	110	462	339	454	422	310	283	426	310	144	0	150	239	168	313	294	77	285	321	319	518	306	|
|137	157	292	45	142	70	181	294	102	141	242	233	70	159	260	191	216	336	193	68	215	389	103	73	168	324	211	306	311	200	199	289	168	191	150	0	210	113	239	148	117	210	238	244	400	157	|
|169	361	108	192	352	228	84	453	262	72	100	88	140	68	452	279	348	227	256	191	280	344	303	196	140	481	394	429	229	148	407	451	336	362	239	210	0	318	95	231	164	79	111	100	325	258	|
|200	101	388	150	53	148	274	283	153	252	355	325	181	272	210	189	245	443	270	169	286	480	95	135	243	311	186	325	415	308	115	275	177	109	168	113	318	0	352	230	187	323	351	357	498	225	|
|247	370	186	205	374	228	175	421	254	112	5	182	175	86	443	356	312	132	206	193	226	251	311	253	226	447	382	382	134	83	421	421	320	418	313	239	95	352	0	196	237	30	19	6	230	224	|
|260	201	337	107	226	84	256	226	81	169	195	297	145	163	252	337	118	234	45	83	68	251	150	213	274	253	190	199	199	117	254	226	128	329	294	148	231	230	196	0	240	178	184	198	272	29	|
|20	264	207	140	234	180	95	411	216	127	241	143	97	153	372	120	329	361	283	159	308	448	217	53	56	441	327	419	348	238	296	406	285	202	77	117	164	187	237	240	0	208	245	242	446	257	|
|219	344	181	177	346	202	152	404	230	82	34	167	145	56	420	328	295	156	193	166	215	265	284	223	201	430	359	369	152	74	394	404	298	388	285	210	79	323	30	178	208	0	37	35	250	206	|
|256	364	205	202	370	222	188	408	246	118	15	199	177	92	433	364	298	119	191	188	210	233	305	257	238	433	371	366	118	68	415	408	309	421	321	238	111	351	19	184	245	37	0	17	214	212	|
|253	374	190	210	378	232	180	423	257	117	2	187	180	91	446	362	313	127	206	197	226	246	315	258	232	448	384	382	130	83	425	423	322	423	319	244	100	357	6	198	242	35	17	0	225	226	|
|460	469	408	356	498	351	402	422	353	322	225	412	359	296	494	563	330	102	239	333	235	54	422	444	449	436	436	348	98	208	521	427	381	591	518	400	325	498	230	272	446	250	214	225	0	285	|
|278	184	364	119	215	87	280	198	72	195	224	323	165	190	227	348	90	255	46	98	61	259	139	226	294	225	165	172	219	145	237	197	103	329	306	157	258	225	224	29	257	206	212	226	285	0	|

--------------------------------------------------------------------------------
Building model...
	using lazy and cut (CVRPSEP package)
Solving IRP LP...
--------------------------------------------------------------------------------

Gurobi 9.1.0 (linux64) logging started Sat Feb  6 18:31:15 2021

Gurobi Optimizer version 9.1.0 build v9.1.0rc0 (linux64)
Thread count: 32 physical cores, 32 logical processors, using up to 2 threads
Optimize a model with 2248 rows, 17074 columns and 42160 nonzeros
Model fingerprint: 0x041f6584
Variable types: 859 continuous, 16215 integer (690 binary)
Coefficient statistics:
  Matrix range     [1e+00, 7e+02]
  Objective range  [1e-01, 6e+02]
  Bounds range     [1e+00, 3e+02]
  RHS range        [1e+00, 6e+03]
Presolve removed 578 rows and 1642 columns
Presolve time: 0.20s
Presolved: 1670 rows, 15432 columns, 36160 nonzeros
Variable types: 524 continuous, 14908 integer (14240 binary)

Root relaxation: objective 1.324580e+04, 1709 iterations, 0.08 seconds

    Nodes    |    Current Node    |     Objective Bounds      |     Work
 Expl Unexpl |  Obj  Depth IntInf | Incumbent    BestBd   Gap | It/Node Time

     0     0 13245.7990    0  152          - 13245.7990      -     -    0s
     0     0 13578.1415    0  141          - 13578.1415      -     -    1s
     0     0 13578.1415    0  148          - 13578.1415      -     -    1s
     0     0 13920.5912    0  276          - 13920.5912      -     -    1s
     0     0 13976.6903    0  228          - 13976.6903      -     -    1s
     0     0 13983.8629    0  269          - 13983.8629      -     -    1s
     0     0 13993.3699    0  263          - 13993.3699      -     -    2s
     0     0 13994.9861    0  284          - 13994.9861      -     -    2s
     0     0 13994.9861    0  285          - 13994.9861      -     -    2s
     0     0 14173.6747    0  272          - 14173.6747      -     -    2s
     0     0 14177.6509    0  292          - 14177.6509      -     -    2s
     0     0 14179.4285    0  288          - 14179.4285      -     -    3s
     0     0 14179.5492    0  305          - 14179.5492      -     -    3s
     0     0 14304.1358    0  383          - 14304.1358      -     -    3s
     0     0 14304.1358    0  383          - 14304.1358      -     -    5s
     0     0 14316.1535    0  364          - 14316.1535      -     -    9s
     0     0 14320.0328    0  391          - 14320.0328      -     -   10s
     0     0 14320.3970    0  389          - 14320.3970      -     -   10s
     0     0 14398.7579    0  475          - 14398.7579      -     -   10s
     0     0 14420.4438    0  442          - 14420.4438      -     -   11s
     0     0 14422.1710    0  448          - 14422.1710      -     -   11s
     0     0 14422.5986    0  508          - 14422.5986      -     -   11s
     0     0 14456.6335    0  421          - 14456.6335      -     -   12s
     0     0 14466.1298    0  450          - 14466.1298      -     -   12s
     0     0 14467.9031    0  497          - 14467.9031      -     -   12s
     0     0 14468.3276    0  494          - 14468.3276      -     -   12s
     0     0 14495.7641    0  529          - 14495.7641      -     -   13s
     0     0 14500.1435    0  349          - 14500.1435      -     -   13s
     0     0 14503.1515    0  478          - 14503.1515      -     -   13s
     0     0 14517.0038    0  327          - 14517.0038      -     -   14s
     0     0 14518.8726    0  524          - 14518.8726      -     -   14s
     0     0 14523.0020    0  533          - 14523.0020      -     -   14s
     0     0 14525.1895    0  463          - 14525.1895      -     -   14s
     0     0 14525.3850    0  445          - 14525.3850      -     -   14s
     0     0 14540.7417    0  534          - 14540.7417      -     -   15s
     0     0 14544.6868    0  498          - 14544.6868      -     -   15s
     0     0 14545.3614    0  314          - 14545.3614      -     -   15s
     0     0 14584.6666    0  397          - 14584.6666      -     -   16s
     0     0 14597.8421    0  509          - 14597.8421      -     -   16s
     0     0 14601.5165    0  403          - 14601.5165      -     -   16s
     0     0 14604.5016    0  435          - 14604.5016      -     -   17s
     0     0 14605.1101    0  451          - 14605.1101      -     -   17s
     0     0 14607.6277    0  418          - 14607.6277      -     -   17s
     0     0 14608.7068    0  411          - 14608.7068      -     -   17s
     0     0 14613.1108    0  416          - 14613.1108      -     -   17s
     0     0 14613.1108    0  402          - 14613.1108      -     -   18s
     0     2 14613.1108    0  402          - 14613.1108      -     -   22s
    13    16 14654.2332    4  375          - 14629.7779      -   529   25s
    48    52 14792.7727   14  300          - 14629.7779      -   498   30s
    92    98 15093.4222   26  404          - 14629.7779      -   464   35s
   140   151 15154.2539   38  282          - 14629.7779      -   422   40s
   192   208 15393.4016   56  255          - 14629.7779      -   417   45s
   261   291 15634.7524   72  299          - 14629.7779      -   394   51s
   348   394 16221.0356   85  254          - 14629.7779      -   343   55s
   538   635 16393.4540  110  194          - 14629.7779      -   250   60s
   766   846 17790.2015  179   66          - 14629.7779      -   190   65s
   981  1018 20124.5050  258   32          - 14632.5717      -   155   70s
  1067  1030 18427.1900  224  142          - 14632.5717      -   146   75s
  1072  1034 18528.2679  232  614          - 14643.1016      -   145   80s
  1084  1042 21169.4400  283  630          - 14696.5642      -   144   85s
  1093  1048 17869.1378  199  627          - 14707.5199      -   143   90s
  1102  1054 20955.4062  271  595          - 14711.8317      -   141   95s
  1110  1059 20541.8251  275  657          - 14713.2723      -   140  100s
  1119  1066 22783.9100  329  384          - 14713.7100      -   156  105s
  1131  1074 14909.7387   17  581          - 14715.0490      -   154  111s
  1136  1078 18768.0949  214  636          - 14715.8051      -   153  115s
  1143  1082 17461.7988  133  670          - 14716.0690      -   152  127s
  1150  1090 14721.4268   27  735          - 14717.6725      -   166  130s
  1165  1101 14724.8748   31  664          - 14724.8748      -   174  135s
  1185  1114 14756.8612   36  582          - 14725.3166      -   182  140s
  1203  1128 14752.3576   41  736          - 14725.3166      -   189  145s
  1220  1139 14770.5713   45  622          - 14725.3166      -   198  150s
  1236  1150 14777.8505   49  713          - 14725.3166      -   207  155s
  1248  1158 14790.1381   52  647          - 14725.3166      -   213  160s
  1270  1175 14837.1697   58  679          - 14725.3166      -   227  166s
  1287  1188 14852.2034   62  600          - 14725.3166      -   231  170s
  1314  1207 14885.3688   69  644          - 14725.3166      -   239  175s
  1345  1231 14927.2319   76  685          - 14725.3166      -   248  181s
  1372  1251 14937.7923   82  596          - 14725.3166      -   253  186s
  1402  1265 14960.0568   89  591          - 14725.3166      -   259  190s
  1422  1285 14997.4568   94  590          - 14725.3166      -   266  196s
  1452  1305 15012.2928  101  540          - 14725.3166      -   272  201s
  1483  1324 15218.3893  108  371          - 14725.3166      -   278  207s
  1497  1336 15140.8322  112  563          - 14725.3166      -   281  211s
  1535  1363 15065.8469  122  561          - 14725.3166      -   287  217s
  1553  1376 15264.9326  126  511          - 14725.3166      -   291  221s
  1572  1394 15106.3817  131  515          - 14725.3166      -   293  225s
  1616  1425 15128.3652  141  508          - 14725.3166      -   299  234s
  1642  1442 15168.2401  147  534          - 14725.3166      -   302  238s
  1668  1456 15175.5058  153  529          - 14725.3166      -   305  242s
  1691  1474 15199.7735  158  534          - 14725.3166      -   309  247s
  1716  1493 15208.9167  165  528          - 14725.3166      -   313  251s
  1744  1514 15249.0394  170  530          - 14725.3166      -   316  257s
  1774  1532 15273.5369  178  538          - 14725.3166      -   319  262s
  1802  1559 15295.2669  184  497          - 14725.3166      -   323  267s
  1838  1581 15363.2294  191  409          - 14725.3166      -   325  273s
  1872  1616 15632.1582  198  397          - 14725.3166      -   329  279s
  1919  1659 15776.7925  209  250          - 14725.3166      -   331  285s
  1977  1699 16333.6491  221  191          - 14725.3166      -   332  292s
  2037  1788 16656.4772  234  335          - 14725.3166      -   331  299s
  2055  1782 16429.7907  243  183          - 14725.3166      -   331  300s
  2146  1943 16415.7222  264  190          - 14725.3166      -   325  307s
  2337  2095 17298.1134  314   97          - 14725.3166      -   309  315s
  2577  2165 infeasible  372               - 14725.3403      -   289  323s
  2811  2132 14779.2568   35  777          - 14725.3403      -   271  330s
  2884  2132 14794.2151   38  708          - 14725.3403      -   268  336s
  2894  2143 14810.4982   41  729          - 14725.3403      -   270  341s
  2908  2151 14861.7716   44  663          - 14725.3403      -   272  346s
  2921  2154 15024.0725   46  546          - 14725.3403      -   274  351s
  2928  2162 14860.2522   48  706          - 14725.3403      -   276  355s
  2939  2171 14878.7665   51  609          - 14725.3403      -   278  360s
  2951  2180 14906.8063   54  620          - 14725.3403      -   281  365s
  2981  2207 14991.8993   62  542          - 14725.3403      -   284  374s
  3001  2236 15037.1211   67  502          - 14725.3403      -   286  379s
  3037  2259 15187.1273   77  357          - 14725.3403      -   287  384s
  3072  2294 15245.2188   88  379          - 14725.3403      -   288  390s
  3119  2332 15381.6680   99  345          - 14725.3403      -   288  395s
  3172  2386 15540.9146  113  296          - 14725.3403      -   288  402s
  3244  2489 15859.1699  131  262          - 14725.3403      -   287  409s
  3332  2460 15847.2262  113  237          - 14725.3403      -   284  410s
  3373  2634 16429.8218  162  196          - 14725.3403      -   282  417s
  3561  2758 17032.5734  215  187          - 14725.3403      -   274  427s
  3729  2702 16716.9162  177  180          - 14725.3403      -   267  430s
  3748  3006 17714.2006  264  196          - 14725.3403      -   267  440s
  4070  3011 19708.2238  361   50          - 14737.0883      -   253  452s
  4268  3113 14959.6643   33  456          - 14737.0883      -   245  463s
  4397  3186 15093.2647   35  409          - 14737.0883      -   241  475s
  4567  3224 14978.0743   38  694          - 14737.0883      -   235  484s
  4583  3237 15027.5293   41  573          - 14737.0883      -   237  492s
  4596  3250 15071.5190   45  629          - 14737.0883      -   239  499s
  4609  3267 15070.4728   47  580          - 14737.0883      -   240  506s
  4626  3291 15150.5179   53  539          - 14737.0883      -   242  514s
  4650  3320 15258.8232   59  315          - 14737.0883      -   243  521s
  4679  3360 15391.0834   67  244          - 14737.0883      -   244  529s
  4719  3393 15575.7131   79  261          - 14737.0883      -   245  537s
  4752  3444 15793.6119   87  288          - 14737.0883      -   246  546s
  4803  3510 16220.4993   99  195          - 14737.0883      -   247  555s
  4869  3604 16564.8502  117  188          - 14737.0883      -   246  567s
  4985  3627 infeasible  150               - 14739.9290      -   244  579s
  5056  3650 14911.1441   34  659          - 14739.9290      -   244  588s
  5079  3682 14929.8183   36  623          - 14739.9290      -   245  599s
  5111  3722 14960.3178   37  593          - 14739.9290      -   246  610s
  5151  3771 14987.4749   40  643          - 14739.9290      -   247  622s
  5200  3856 15136.4423   39  499          - 14739.9290      -   248  633s
  5285  4006 15083.6979   45  546          - 14739.9290      -   248  646s
  5435  4219 15143.5623   46  337          - 14739.9290      -   246  663s
  5602  4219 17245.6960  224   21          - 14739.9290      -   241  665s
  5674  4256 15147.1964   50  391          - 14739.9290      -   239  676s
  5698  4287 15209.0432   51  348          - 14739.9290      -   241  688s
  5729  4314 15206.5714   53  456          - 14739.9290      -   243  700s
  5756  4352 15214.3629   59  380          - 14739.9290      -   244  714s
  5794  4409 15350.3084   62  362          - 14739.9290      -   246  726s
  5851  4496 15417.0063   80  166          - 14739.9290      -   247  779s
  5868  4496 15419.8179   83  148          - 14739.9290      -   247  780s
  5938  4591 15540.8974   90  226          - 14739.9290      -   248  793s
  6033  4765 15648.1244  104  156          - 14739.9290      -   248  807s
  6202  4765 15730.9321  112  120          - 14739.9290      -   247  810s
  6207  5156 16241.5142  139   41          - 14739.9290      -   247  826s
  6598  5557 16705.0436  166  110          - 14747.9612      -   240  847s
  6802  5562 17416.4673  200    5          - 14747.9612      -   234  850s
  7113  5634 14958.2672   38  392          - 14754.4532      -   227  864s
  7134  5664 15048.6134   44  411          - 14754.4532      -   229  876s
  7164  5692 15099.3939   47  468          - 14754.4532      -   230  887s
  7192  5754 15204.7351   55  297          - 14754.4532      -   232  901s
  7254  5979 15524.0254   69  180          - 14755.5950      -   233  923s
  7373  5979 15935.5089  126    5          - 14755.5950      -   232  925s
  7503  6413 14866.8991   35  723          - 14755.5950      -   232  953s
  7606  6413 16206.3693  140  159          - 14755.5950      -   232  955s
  8014  6465 18245.5822  244   30          - 14755.5950      -   222  960s
  8055  6522 14982.5789   43  463          - 14755.5950      -   222  978s
  8099  6578 15207.7173   57  331          - 14755.5950      -   224  997s
  8155  6838 15419.5333   72  212          - 14759.3612      -   226 1023s
  8274  6844 16027.5470  123   44          - 14759.3612      -   225 1025s
  8477  6925 15005.7392   35  656          - 14759.3612      -   223 1045s
  8533  7109 15112.0785   45  396          - 14759.3612      -   225 1066s
  8717  7350 15488.4835   64  163          - 14759.3612      -   225 1090s
  9002  7595 15593.9086   97  138          - 14764.7024      -   223 1119s
  9070  7595 15838.8663  122  122          - 14764.7024      -   222 1120s
  9269  7656 14991.8414   41  565          - 14764.7024      -   221 1141s
  9308  7738 15088.3542   52  494          - 14764.7024      -   223 1164s
  9325  7738 15197.1468   61  404          - 14764.7024      -   224 1165s
  9390  7955 15201.7171   63  369          - 14764.7024      -   225 1187s
  9607  8206 15433.2711   79  250          - 14764.7024      -   224 1218s
  9744  8208 16272.5275  137   47          - 14764.7024      -   223 1220s
  9920  8332 16431.7889  135   66          - 14770.2049      -   222 1241s
 10055  8389 15061.4546   44  575          - 14770.2049      -   221 1259s
 10093  8437 15150.8686   53  529          - 14770.2049      -   223 1276s
 10141  8565 15303.6949   60  365          - 14770.2049      -   225 1296s
 10271  9084 15597.7938   93   64          - 14782.1436      -   226 1325s
 10907  9237 14940.7548   31  723          - 14782.1436      -   219 1351s
 11041  9288 15074.8978   35  474          - 14782.1436      -   219 1369s
 11082  9371 15113.4417   46  525          - 14782.1436      -   220 1388s
 11165  9517 15268.4625   55  434          - 14782.1436      -   222 1408s
 11254  9517 15676.8235   96  258          - 14782.1436      -   222 1410s
 11311  9883 15474.9405   84  226          - 14784.4763      -   222 1434s
 11328  9883 15533.1679   90  193          - 14784.4763      -   222 1435s
 11737  9931 14969.6982   28  621          - 14785.4096      -   220 1457s
 11768  9991 15054.2332   35  515          - 14785.4096      -   221 1476s
 11828 10102 15313.5768   48  332          - 14785.4096      -   223 1498s
 11939 10372 15439.1282   66  384          - 14785.4096      -   224 1523s
 12020 10372 15818.2871   94  110          - 14785.4096      -   225 1525s
 12233 10696 15894.3093  100  176          - 14790.4432      -   223 1554s
 12267 10696 15922.1564  116  106          - 14790.4432      -   224 1555s
 12583 10755 15001.7952   42  557          - 14790.4432      -   222 1578s
 12624 10827 15042.5442   49  561          - 14790.4432      -   223 1598s
 12696 10949 15074.4770   54  516          - 14790.4432      -   225 1707s
 12818 11188 15256.4269   66  321          - 14790.4432      -   225 1733s
 12891 11188 15607.3380   98  127          - 14790.4432      -   225 1735s
 13081 11373 15724.0899  103   96          - 14793.9368      -   224 1761s
 13280 11425 14982.5095   30  622          - 14793.9368      -   224 1786s
 13330 11501 15152.1344   39  508          - 14793.9368      -   226 1808s
 13408 11816 15416.7518   53  324          - 14793.9368      -   227 1835s
 13737 11948 16702.2845  128   95          - 14794.9587      -   226 1863s
 13820 11948 16116.0949  127   43          - 14795.0761      -   226 1865s
 13928 11997 15223.8158   40  286          - 14795.0761      -   226 1892s
 13959 12044 15351.4884   45  267          - 14795.0761      -   227 1918s
 14006 12210 15491.4569   50  308          - 14795.0761      -   228 1945s
 14172 12556 15579.9123   60  322          - 14795.0761      -   229 1973s
 14274 12556 16169.8350  105   58          - 14795.0761      -   229 1975s
 14562 12656 16650.5628  124   31          - 14802.6073      -   226 1999s
 14579 12656 16731.4128  129   15          - 14802.6073      -   226 2000s
 14672 12702 15120.1385   48  327          - 14802.6073      -   227 2022s
 14702 12743 15194.0694   55  639          - 14802.6073      -   228 2044s
 14743 12819 15306.3099   62  497          - 14802.6073      -   230 2067s
 14819 13066 15502.9573   78  404          - 14802.6073      -   231 2093s
 15066 13442 15803.0236  105  114          - 14803.0445      -   231 2123s
 15219 13447 16741.3100  153    -          - 14803.0445      -   231 2125s
 15516 13512 15025.7240   39  481          - 14803.0483      -   228 2149s
 15549 13549 14968.7181   42  661          - 14803.0483      -   230 2171s
 15586 13589 15117.1008   46  682          - 14803.0483      -   231 2193s
 15626 13630 15312.3270   49  558          - 14803.0483      -   233 2243s
 15642 13630 15391.9135   58  435          - 14803.0483      -   233 2245s
 15667 13685 15201.1353   51  511          - 14803.0483      -   234 2267s
 15722 13771 15346.1942   55  516          - 14803.0483      -   236 2293s
 15808 13971 15369.5787   56  436          - 14803.0483      -   237 2322s
 15970 13971 16330.8881  129   23          - 14803.0483      -   238 2325s
 16058 14039 15419.4597   59  404          - 14803.0483      -   237 2362s
 16102 14183 15586.5376   68  259          - 14803.0483      -   238 2386s
 16246 14650 15883.3879   99   81          - 14810.6002      -   239 2421s
 16552 14696 17658.9300  157   24          - 14810.6002      -   236 2425s
 17017 14965 15107.5551   41  608          - 14810.6002      -   232 2458s
 17098 14965 16041.8091  113   17          - 14810.6002      -   232 2460s
 17270 15037 15113.3586   44  571          - 14810.6002      -   231 2487s
 17297 15075 15148.6573   48  622          - 14810.6002      -   232 2511s
 17335 15170 15240.4863   52  540          - 14810.6002      -   234 2535s
 17430 15493 15514.7928   76  309          - 14810.6002      -   234 2563s
 17481 15493 15768.5884   98  149          - 14810.6002      -   234 2565s
 17755 15669 16677.3100  145    6          - 14812.1036      -   233 2596s
 18051 15735 15048.6793   45  620          - 14812.1276      -   232 2625s
 18086 15780 15093.0617   50  614          - 14812.1276      -   234 2648s
 18131 15848 15387.3932   54  443          - 14812.1276      -   235 2672s
 18199 16062 15478.0105   68  442          - 14812.1276      -   236 2702s
 18363 16062 15927.9128  107   65          - 14812.1276      -   236 2705s
 18447 16247 15814.0446  108  101          - 14813.3674      -   236 2739s
 18515 16247 16073.7622  139   22          - 14813.3674      -   236 2740s
 18692 16315 15097.2533   38  549          - 14813.3674      -   236 2768s
 18730 16390 15168.2455   44  535          - 14813.3674      -   237 2795s
 18805 16708 15325.1627   57  396          - 14813.3674      -   238 2840s
 19047 16722 16915.3681  139   21          - 14813.3674      -   238 2845s
 19265 17015 15852.2305   79  237          - 14815.3922      -   236 2874s
 19312 17015 16110.9070   96  163          - 14815.3922      -   236 2875s
 19557 17099 14950.5244   46  325          - 14815.3922      -   235 2902s
 19614 17196 15213.9476   60  308          - 14815.3922      -   236 2926s
 19711 17321 15623.6378   84  136          - 14815.3969      -   237 2952s
 19850 17572 14985.3159   44  616          - 14815.3969      -   237 2982s
 19945 17572 16495.8648  113  187          - 14815.3969      -   238 2987s
 20129 17634 15363.1621   60  350          - 14815.3969      -   236 3014s
 20146 17634 15391.4311   69  334          - 14815.3969      -   237 3015s
 20182 17789 15425.4404   83  278          - 14819.8873      -   237 3045s
 20365 17841 14908.9261   40  705          - 14819.8873      -   238 3073s
 20403 17894 15064.4611   47  547          - 14819.8873      -   239 3098s
 20456 17967 15318.5331   61  305          - 14819.8873      -   240 3123s
 20529 18141 15452.9000   83  297          - 14819.8873      -   241 3153s
 20614 18141 16002.4517  118  143          - 14819.8873      -   241 3155s
 20703 18370 16027.3359  132  110          - 14820.0087      -   241 3184s
 20737 18370 16231.4300  139   26          - 14820.0087      -   241 3185s
 20998 18448 15068.7291   32  626          - 14820.0238      -   240 3215s
 21043 18573 15204.5457   40  543          - 14820.0238      -   241 3242s
 21168 18877 15484.7971   54  254          - 14820.0238      -   242 3274s
 21191 18877 15586.2628   65  309          - 14820.0238      -   242 3275s
 21519 18902 17367.0000  157    -          - 14820.0238      -   240 3280s
 21526 19028 15936.6802   95  181          - 14820.0238      -   241 3429s
 21577 19028 16381.7262  115   72          - 14820.0238      -   240 3430s
 21652 19102 16606.1736  125   28          - 14822.5776      -   241 3462s
 21755 19196 15280.1618   50  365          - 14822.5776      -   241 3490s
 21834 19463 15493.3488   62  166          - 14822.5776      -   243 3523s
 21937 19465 16001.3234  103   40          - 14822.5776      -   243 3525s
 22183 19691 15648.5597   76  204          - 14824.6859      -   241 3557s
 22353 19700 16772.9614  162   21          - 14824.6859      -   241 3560s
 22412 19749 15114.0886   49  595          - 14824.6859      -   241 3588s
 22449 19779 15320.9054   54  516          - 14824.6859      -   242 3600s

Cutting planes:
  User: 6355
  Gomory: 23
  Cover: 538
  Implied bound: 176
  Projected implied bound: 13
  Clique: 37
  MIR: 154
  Flow cover: 364
  GUB cover: 1
  Zero half: 16
  RLT: 341
  Relax-and-lift: 9
  Lazy constraints: 2614

Explored 22479 nodes (5480642 simplex iterations) in 3600.61 seconds
Thread count was 2 (of 32 available processors)

Solution count 0

Time limit reached
Best objective -, best bound 1.482468593536e+04, gap -

User-callback calls 438685, time in user-callback 273.79 sec
writeSolution() exp: Unable to retrieve attribute 'X'
================================================================================
executing instance: ./input/Instances/Original/1/absH3high_2n45.dat
--------------------------------------------------------------------------------
Instance details
n	46
H	3
C	3171
Li:
[0, 0, 0, 0, 0, 0, 0, 0, 0, 0, 0, 0, 0, 0, 0, 0, 0, 0, 0, 0, 0, 0, 0, 0, 0, 0, 0, 0, 0, 0, 0, 0, 0, 0, 0, 0, 0, 0, 0, 0, 0, 0, 0, 0, 0, 0, ]
Ui:
[0, 246, 160, 78, 20, 87, 144, 40, 20, 82, 60, 96, 24, 136, 160, 108, 160, 26, 228, 51, 24, 240, 231, 70, 32, 105, 174, 114, 246, 126, 132, 76, 22, 42, 255, 132, 148, 162, 66, 111, 102, 240, 123, 201, 297, 78, ]
Distance matrix:
|0	148	402	550	329	420	187	318	366	280	504	273	233	333	112	344	379	481	113	593	159	523	261	424	90	359	163	461	413	240	105	299	265	89	371	462	339	273	495	22	41	439	369	506	563	468	|
|148	0	284	517	394	284	136	369	244	311	496	166	329	355	223	202	338	388	204	565	254	506	118	346	71	423	173	471	336	118	105	352	198	105	248	428	302	305	487	153	179	441	230	497	517	370	|
|402	284	0	350	448	80	228	406	42	343	382	129	456	350	412	126	219	131	382	395	410	371	180	137	314	466	289	400	137	167	389	401	169	316	39	280	217	342	373	394	414	362	108	380	324	106	|
|550	517	350	0	339	429	385	308	374	295	93	375	431	249	481	461	180	239	458	48	445	57	474	214	496	333	387	160	216	424	601	321	320	471	376	90	217	301	93	530	534	146	452	88	52	262	|
|329	394	448	339	0	513	282	42	438	105	255	363	115	108	221	484	259	431	217	365	172	289	436	362	333	30	224	189	353	380	423	47	291	296	443	285	240	107	251	307	294	193	495	260	378	437	|
|420	284	80	429	513	0	267	473	76	408	462	163	509	421	449	86	298	201	421	474	455	451	167	217	330	533	333	478	217	181	386	466	225	341	70	360	291	406	453	416	438	440	59	460	400	176	|
|187	136	228	385	282	267	0	249	199	186	360	104	248	224	184	214	207	294	155	432	189	371	155	237	113	308	68	336	227	101	216	236	78	98	205	296	168	181	350	174	190	305	231	360	390	283	|
|318	369	406	308	42	473	249	0	397	66	229	325	128	67	216	447	218	389	206	337	168	260	402	320	311	61	196	167	311	345	406	19	252	275	403	248	198	70	223	296	286	164	457	233	344	395	|
|366	244	42	374	438	76	199	397	0	332	397	96	436	346	383	90	228	168	354	420	385	389	139	161	277	458	263	408	158	128	349	391	150	282	6	298	218	331	388	359	380	370	78	395	352	144	|
|280	311	343	295	105	408	186	66	332	0	231	259	142	53	191	380	171	337	173	332	150	257	337	267	258	127	139	182	258	280	359	58	186	223	338	222	143	6	224	258	254	164	390	234	323	340	|
|504	496	382	93	255	462	360	229	397	231	0	375	356	180	422	478	173	293	403	110	381	36	474	248	463	245	345	68	246	419	568	244	308	433	400	104	200	237	9	482	482	67	474	5	142	312	|
|273	166	129	375	363	163	104	325	96	259	375	0	347	283	288	121	202	221	259	423	292	376	99	183	186	386	170	370	175	52	269	315	76	187	102	288	177	256	365	265	285	333	133	374	365	204	|
|233	329	456	431	115	509	248	128	436	142	356	347	0	181	121	462	311	472	128	463	76	386	398	403	260	141	180	294	392	349	334	111	287	224	442	362	280	139	350	212	194	289	479	360	463	472	|
|333	355	350	249	108	421	224	67	346	53	180	283	181	0	244	403	152	324	226	283	201	207	369	256	307	118	186	129	247	311	409	74	208	273	351	183	136	59	173	311	307	113	410	183	282	331	|
