




arguments: ./build/bc_mirp -f ./input/orig_exec_279.cfg
Current dir: /scratch/gui/bc_mirp
File verbosity level: 9
date       time         ( uptime  ) [ thread name/id ]                   file:line     v| 
2021-02-17 21:04:12.383 (   0.451s) [main thread     ]             loguru.cpp:789   INFO| Logging to './output/vi_vc+hc1_half/OU/V5/Original/execution_17_02_2021_21_04_12.log', mode: 'a', verbosity: 9
--------------------------------------------------------------------------------
Parameters
                           instance_path           ./input/Instances/Original/6/
                            model_policy                                       1
                             nb_vehicles                                       5
                              output_dir ./output/vi_vc+hc1_half/OU/V5/Original/
                            sec_strategy                                       1
                       solver_nb_threads                                       2
                         solver_show_log                                    true
                       solver_time_limit                                    3600
                              use_vi_cos                                   false
                              use_vi_cus                                   false
                         use_vi_hc1_full                                   false
                         use_vi_hc1_half                                    true
                      use_vi_hc1_quarter                                   false
                              use_vi_hc2                                   false
                              use_vi_hc3                                   false
                         use_vi_lex_full                                   false
                         use_vi_lex_half                                   false
                      use_vi_lex_quarter                                   false
                              use_vi_qua                                   false
                               use_vi_vc                                    true
                               use_vi_vr                                   false
--------------------------------------------------------------------------------
executing instance: ./input/Instances/Original/6/absH6high_1n25.dat
--------------------------------------------------------------------------------
Instance details
n	26
H	6
C	1711
Li:
[0, 0, 0, 0, 0, 0, 0, 0, 0, 0, 0, 0, 0, 0, 0, 0, 0, 0, 0, 0, 0, 0, 0, 0, 0, 0, ]
Ui:
[0, 168, 176, 34, 66, 36, 177, 106, 118, 182, 64, 141, 189, 63, 46, 111, 182, 231, 36, 66, 68, 54, 132, 90, 246, 75, ]
Distance matrix:
|0	191	200	231	334	329	146	196	208	245	218	164	283	394	151	358	156	196	309	253	201	260	127	138	130	104	|
|191	0	226	229	278	146	328	216	390	417	327	293	195	334	106	296	171	122	472	151	12	411	280	53	190	130	|
|200	226	0	38	149	359	321	10	276	274	418	364	139	204	121	173	321	115	303	141	225	236	155	202	311	256	|
|231	229	38	0	110	352	358	37	314	310	448	395	108	167	129	135	342	109	336	120	226	268	194	213	335	277	|
|334	278	149	110	0	367	467	147	422	413	546	495	86	61	203	25	423	163	429	129	271	363	303	282	424	361	|
|329	146	359	352	367	0	453	349	533	562	411	393	282	411	245	378	250	244	617	245	141	556	426	195	284	243	|
|146	328	321	358	467	453	0	321	162	215	160	112	425	524	297	491	223	341	284	397	339	266	186	276	184	210	|
|196	216	10	37	147	349	321	0	281	281	414	360	132	203	112	171	315	105	311	132	216	244	159	193	305	249	|
|208	390	276	314	422	533	162	281	0	54	321	271	410	471	316	445	348	348	123	398	398	115	125	338	313	309	|
|245	417	274	310	413	562	215	281	54	0	375	323	413	457	334	435	393	361	70	406	424	69	139	367	359	349	|
|218	327	418	448	546	411	160	414	321	375	0	57	484	606	347	569	163	393	444	446	339	421	318	288	137	199	|
|164	293	364	395	495	393	112	360	271	323	57	0	437	556	300	519	144	346	393	401	305	367	261	249	109	163	|
|283	195	139	108	86	282	425	132	410	413	484	437	0	139	137	101	349	91	443	44	187	375	286	206	355	291	|
|394	334	204	167	61	411	524	203	471	457	606	556	139	0	264	38	483	222	467	183	326	403	356	341	484	421	|
|151	106	121	129	203	245	297	112	316	334	347	300	137	264	0	225	220	46	381	102	106	316	195	84	221	158	|
|358	296	173	135	25	378	491	171	445	435	569	519	101	38	225	0	444	184	450	145	288	384	328	303	446	383	|
|156	171	321	342	423	250	223	315	348	393	163	144	349	483	220	444	0	261	460	308	183	415	284	143	39	65	|
|196	122	115	109	163	244	341	105	348	361	393	346	91	222	46	184	261	0	402	56	118	336	224	119	264	200	|
|309	472	303	336	429	617	284	311	123	70	444	393	443	467	381	450	460	402	0	442	477	68	192	424	426	413	|
|253	151	141	120	129	245	397	132	398	406	446	401	44	183	102	145	308	56	442	0	143	375	273	164	315	251	|
|201	12	225	226	271	141	339	216	398	424	339	305	187	326	106	288	183	118	477	143	0	416	286	63	202	142	|
|260	411	236	268	363	556	266	244	115	69	421	367	375	403	316	384	415	336	68	375	416	0	135	365	384	363	|
|127	280	155	194	303	426	186	159	125	139	318	261	286	356	195	328	284	224	192	273	286	135	0	232	256	229	|
|138	53	202	213	282	195	276	193	338	367	288	249	206	341	84	303	143	119	424	164	63	365	232	0	153	89	|
|130	190	311	335	424	284	184	305	313	359	137	109	355	484	221	446	39	264	426	315	202	384	256	153	0	64	|
|104	130	256	277	361	243	210	249	309	349	199	163	291	421	158	383	65	200	413	251	142	363	229	89	64	0	|

--------------------------------------------------------------------------------
Building model...
	using lazy and cut (CVRPSEP package)
Solving IRP LP...
--------------------------------------------------------------------------------

Gurobi 9.1.0 (linux64) logging started Wed Feb 17 21:04:12 2021

Gurobi Optimizer version 9.1.0 build v9.1.0rc0 (linux64)
Thread count: 32 physical cores, 32 logical processors, using up to 2 threads
Optimize a model with 2510 rows, 11462 columns and 30374 nonzeros
Model fingerprint: 0xc362d2bf
Variable types: 932 continuous, 10530 integer (780 binary)
Coefficient statistics:
  Matrix range     [1e+00, 3e+02]
  Objective range  [1e-01, 6e+02]
  Bounds range     [1e+00, 2e+02]
  RHS range        [1e+00, 3e+03]
Presolve removed 533 rows and 1704 columns
Presolve time: 0.14s
Presolved: 1977 rows, 9758 columns, 24563 nonzeros
Variable types: 704 continuous, 9054 integer (8350 binary)

Root relaxation: objective 1.504857e+04, 3123 iterations, 0.11 seconds

    Nodes    |    Current Node    |     Objective Bounds      |     Work
 Expl Unexpl |  Obj  Depth IntInf | Incumbent    BestBd   Gap | It/Node Time

     0     0 15048.5711    0  260          - 15048.5711      -     -    0s
     0     0 15354.1735    0  327          - 15354.1735      -     -    0s
     0     0 15371.0818    0  319          - 15371.0818      -     -    1s
     0     0 15373.2225    0  321          - 15373.2225      -     -    1s
     0     0 15743.1023    0  346          - 15743.1023      -     -    1s
     0     0 15838.4476    0  389          - 15838.4476      -     -    2s
     0     0 15940.6431    0  448          - 15940.6431      -     -    2s
     0     0 15953.3942    0  465          - 15953.3942      -     -    2s
     0     0 15961.0795    0  458          - 15961.0795      -     -    2s
     0     0 15964.4650    0  462          - 15964.4650      -     -    3s
     0     0 15978.9285    0  399          - 15978.9285      -     -    3s
     0     0 16011.0649    0  460          - 16011.0649      -     -    3s
     0     0 16022.3048    0  407          - 16022.3048      -     -    3s
     0     0 16063.4426    0  469          - 16063.4426      -     -    3s
     0     0 16078.8179    0  458          - 16078.8179      -     -    3s
     0     0 16098.8536    0  412          - 16098.8536      -     -    3s
     0     0 16116.4735    0  427          - 16116.4735      -     -    4s
     0     0 16116.7949    0  453          - 16116.7949      -     -    4s
     0     0 16601.2302    0  494          - 16601.2302      -     -    4s
     0     0 16601.2302    0  494          - 16601.2302      -     -    5s
     0     0 16717.6565    0  552          - 16717.6565      -     -    6s
     0     0 16747.7664    0  531          - 16747.7664      -     -    6s
     0     0 16767.6590    0  524          - 16767.6590      -     -    7s
     0     0 16772.9578    0  474          - 16772.9578      -     -    7s
     0     0 16775.0392    0  553          - 16775.0392      -     -    7s
     0     0 16777.3021    0  518          - 16777.3021      -     -    7s
     0     0 16777.6559    0  501          - 16777.6559      -     -    7s
     0     0 16937.8196    0  599          - 16937.8196      -     -    8s
     0     0 16955.7210    0  645          - 16955.7210      -     -    8s
     0     0 16959.1191    0  593          - 16959.1191      -     -    9s
     0     0 16959.3804    0  605          - 16959.3804      -     -    9s
     0     0 16991.7254    0  591          - 16991.7254      -     -   10s
     0     0 16994.4494    0  542          - 16994.4494      -     -   10s
     0     0 16999.7957    0  585          - 16999.7957      -     -   10s
     0     0 17008.7712    0  547          - 17008.7712      -     -   10s
     0     0 17010.5747    0  575          - 17010.5747      -     -   10s
     0     0 17037.0100    0  471          - 17037.0100      -     -   11s
     0     0 17041.4066    0  453          - 17041.4066      -     -   11s
     0     0 17041.6265    0  502          - 17041.6265      -     -   11s
     0     0 17049.5949    0  465          - 17049.5949      -     -   11s
     0     0 17049.5949    0  465          - 17049.5949      -     -   13s
     0     2 17050.6685    0  449          - 17050.6685      -     -   14s
     1     4 17056.0456    1  502          - 17050.9368      -   960   15s
    13    16 17105.4593    5  481          - 17057.2033      -  1208   20s
    33    36 17416.5654   11  406          - 17057.2033      -  1138   25s
    48    51 17364.4666   14  583          - 17057.2033      -  1087   31s
    65    70 17438.3163   16  545          - 17057.2033      -  1025   35s
    93    99 17553.2420   23  538          - 17057.2033      -   929   40s
   136   150 17710.9722   34  444          - 17057.2033      -   790   45s
   175   182 17997.6131   43  477          - 17057.2033      -   724   50s
   203   219 18001.0455   50  482          - 17057.2033      -   710   55s
   280   313 19244.8885   61  414          - 17057.2033      -   610   61s
   354   396 19417.4773   68  370          - 17057.2033      -   522   65s
   565   616 20147.9250   90  377          - 17057.2033      -   373   71s
   784   781 20620.7447  108  296          - 17057.2033      -   289   77s
   857   827 20974.1357  121  254          - 17057.2033      -   276   80s
   889   831 21814.3841  141  521          - 17057.2033      -   273   85s
   895   835 30171.1900  382  751          - 17272.8779      -   271   90s
   909   844 22733.1497  169  782          - 17343.4384      -   267   95s
   927   856 27710.9833  339  704          - 17356.9037      -   262  100s
   942   866 17592.0055   27  653          - 17363.1960      -   258  105s
   953   873 30675.7400  393  781          - 17366.3448      -   255  110s
   965   881 20764.4147  111  685          - 17367.8877      -   251  115s
   984   896 20273.4067  102  465          - 17370.1737      -   286  120s
   990   900 19746.8222   85  676          - 17370.1737      -   284  125s
  1004   909 27050.9634  327  723          - 17372.6225      -   280  130s
H 1006   864                    24743.819927 17372.9448  29.8%   279  131s
H 1006   820                    24351.300000 17372.9448  28.7%   279  132s
  1010   823 20803.7006  112  730 24351.3000 17373.0718  28.7%   278  135s
  1016   827 17506.7479   29  731 24351.3000 17373.1263  28.7%   277  143s
H 1017   786                    24149.300000 17374.0979  28.1%   276  145s
  1019   790 17374.6684   25  740 24149.3000 17374.6684  28.1%   297  158s
  1021   791 17378.8921   26  784 24149.3000 17375.9425  28.0%   299  169s
  1023   793 17421.4680   26  636 24149.3000 17379.5788  28.0%   301  171s
  1029   798 17392.5861   28  763 24149.3000 17392.5861  28.0%   304  176s
  1038   804 17425.7007   30  630 24149.3000 17411.6908  27.9%   309  180s
  1049   813 17425.8263   33  682 24149.3000 17411.6908  27.9%   313  185s
  1069   824 17442.9229   37  691 24149.3000 17411.6908  27.9%   321  190s
  1083   836 17462.5837   39  580 24149.3000 17411.6908  27.9%   328  196s
  1097   844 17485.8701   42  688 24149.3000 17411.6908  27.9%   335  201s
  1111   855 17529.2132   45  691 24149.3000 17411.6908  27.9%   344  206s
  1121   864 17564.3781   47  569 24149.3000 17411.6908  27.9%   350  210s
  1136   873 17647.2840   50  565 24149.3000 17411.6908  27.9%   357  215s
  1160   891 17660.6437   56  520 24149.3000 17411.6908  27.9%   366  222s
  1176   902 17701.0012   60  502 24149.3000 17411.6908  27.9%   372  227s
  1185   910 17752.7223   62  544 24149.3000 17411.6908  27.9%   378  230s
  1207   925 17900.1396   67  534 24149.3000 17411.6908  27.9%   386  236s
  1229   940 17807.3509   72  567 24149.3000 17411.6908  27.9%   391  242s
  1241   950 17935.5902   74  523 24149.3000 17411.6908  27.9%   397  245s
  1260   964 17824.0094   78  610 24149.3000 17411.6908  27.9%   403  252s
  1275   973 17829.5160   81  580 24149.3000 17411.6908  27.9%   408  256s
  1289   978 17842.2955   84  578 24149.3000 17411.6908  27.9%   414  260s
  1315  1000 17866.3921   89  590 24149.3000 17411.6908  27.9%   425  269s
  1330  1014 18152.8762   91  473 24149.3000 17411.6908  27.9%   433  274s
  1349  1020 17879.6955   95  639 24149.3000 17411.6908  27.9%   438  279s
  1361  1024 17915.7230   97  618 24149.3000 17411.6908  27.9%   441  283s
  1369  1044 17916.3318   98  617 24149.3000 17411.6908  27.9%   443  287s
  1392  1070 18045.9990  103  494 24149.3000 17411.6908  27.9%   449  292s
  1425  1094 18225.3543  112  424 24149.3000 17411.6908  27.9%   451  297s
  1460  1114 18503.2687  122  438 24149.3000 17411.6908  27.9%   453  302s
  1492  1135 18711.5511  131  346 24149.3000 17411.6908  27.9%   455  307s
  1524  1175 19035.3392  143  323 24149.3000 17411.6908  27.9%   454  312s
  1574  1207 19124.6449  158  303 24149.3000 17411.6908  27.9%   452  318s
  1623  1244 19525.8645  174  322 24149.3000 17411.6908  27.9%   452  323s
  1676  1251 19872.6844  191  266 24149.3000 17411.6908  27.9%   451  330s
  1701  1305 19786.2901  199  351 24149.3000 17411.6908  27.9%   453  336s
  1763  1358 19824.7684  220  295 24149.3000 17411.6908  27.9%   448  342s
  1837  1409 19901.3895  248  289 24149.3000 17411.6908  27.9%   442  348s
  1913  1397 20097.3006  276  269 24149.3000 17411.6908  27.9%   437  368s
  1926  1461 20226.1990  280  288 24149.3000 17411.6908  27.9%   436  375s
  1994  1503 20441.2081  305  212 24149.3000 17411.6908  27.9%   433  382s
  2059  1540 20334.1794  328  315 24149.3000 17411.6908  27.9%   429  389s
  2120  1595 20420.9852  351  310 24149.3000 17411.6908  27.9%   430  401s
  2195  1652 20474.3186  374  280 24149.3000 17411.6908  27.9%   427  409s
  2277  1702 20573.5284  400  301 24149.3000 17411.6908  27.9%   424  417s
  2354  1767 20939.1473  425  284 24149.3000 17411.6908  27.9%   424  425s
  2445  1835 20762.9231  454  284 24149.3000 17411.6908  27.9%   421  433s
  2543  1916 20808.4621  487  262 24149.3000 17411.6908  27.9%   417  442s
H 2546  1875                    23766.440000 17411.6908  26.7%   417  442s
  2657  1970 20899.6994  526  327 23766.4400 17411.6908  26.7%   413  452s
H 2753  1900                    23720.440000 17411.6908  26.6%   405  453s
  2789  2030 21050.6905  574  241 23720.4400 17411.6908  26.6%   406  462s
H 2931  2025                    23597.550000 17411.6908  26.2%   399  472s
  3011  2145 21202.4950  654  276 23597.5500 17411.6908  26.2%   397  483s
  3162  2362 22485.1836  711  207 23597.5500 17411.6908  26.2%   390  495s
  3404  2405 23116.9007  811  210 23597.5500 17412.5553  26.2%   375  505s
  3475  2451 17620.4374   31  703 23597.5500 17412.5553  26.2%   375  514s
  3521  2510 17807.9348   36  590 23597.5500 17412.5553  26.2%   379  524s
  3580  2555 17922.6167   44  726 23597.5500 17412.5553  26.2%   382  534s
  3625  2611 17873.1543   51  729 23597.5500 17412.5553  26.2%   386  544s
  3681  2666 18068.8897   60  511 23597.5500 17412.5553  26.2%   389  554s
H 3736  2709                    23578.550000 17412.5553  26.2%   393  565s
  3781  2776 18086.4800   75  683 23578.5500 17412.5553  26.2%   395  576s
  3848  2853 18174.2616   88  534 23578.5500 17412.5553  26.2%   398  588s
H 3887  2618                    22454.200000 17412.5553  22.5%   398  588s
  3925  2664 18306.2460  108  498 22454.2000 17412.5553  22.5%   399  601s
  3971  2746 18446.4126  120  435 22454.2000 17412.5553  22.5%   400  614s
  4053  2815 18588.6665  143  464 22454.2000 17412.5553  22.5%   401  637s
  4122  2916 18676.8502  164  391 22454.2000 17412.5553  22.5%   402  651s
  4223  3032 18766.3900  188  454 22454.2000 17412.5553  22.5%   404  671s
  4339  3218 18867.5125  214  386 22454.2000 17412.5553  22.5%   404  687s
  4525  3446 18946.2970  255  315 22454.2000 17412.5553  22.5%   399  703s
H 4753  2938                    21077.760000 17412.5553  17.4%   393  720s
  4955  2914 19121.7647  334  366 21077.7600 17412.5553  17.4%   387  737s
  5083  3015 19163.6880  388  348 21077.7600 17412.5553  17.4%   387  754s
  5179  3015 17771.8905   32  736 21077.7600 17412.5553  17.4%   385  755s
  5186  3169 19228.3920  436  319 21077.7600 17412.5553  17.4%   387  772s
  5340  3397 19872.4542  499  234 21077.7600 17412.5553  17.4%   386  793s
  5568  3661 19935.8651  601  253 21077.7600 17412.5553  17.4%   381  815s
H 5570  3577                    21001.870000 17412.5553  17.1%   381  815s
  5914  3787     cutoff  747      21001.8700 17417.2272  17.1%   371  837s
  6144  4103 18045.8077   33  752 21001.8700 17417.2272  17.1%   368  863s
  6398  4103 20304.4475  411  232 21001.8700 17417.2272  17.1%   361  865s
  6492  4218 18346.3200   60  529 21001.8700 17417.2272  17.1%   357  882s
  6607  4459 18699.2343  122  469 21001.8700 17417.2272  17.1%   359  902s
  6850  4652 19337.3797  288  294 21001.8700 17417.2272  17.1%   353  927s
H 7043  4846                    20994.020000 17417.2272  17.0%   350  946s
  7284  5338 18226.5555   36  599 20994.0200 17421.4728  17.0%   346  971s
  7776  5641 20046.7356  137  481 20994.0200 17425.7057  17.0%   331 1000s
  8106  5799 17999.3237   38  740 20994.0200 17425.7057  17.0%   324 1022s
  8304  6145 18448.9648  113  547 20994.0200 17429.8880  17.0%   323 1045s
  8689  6251 17787.0341   32  791 20994.0200 17430.0212  17.0%   315 1066s
  8795  6397 18199.9864   63  794 20994.0200 17430.0212  17.0%   317 1089s
  8941  6618 18709.4795  125  679 20994.0200 17430.0212  17.0%   316 1113s
  9067  6618 20524.3324  286  472 20994.0200 17430.0212  17.0%   314 1115s
  9179  6821 19132.1716  166  653 20994.0200 17430.0212  17.0%   312 1134s
  9334  6821 19988.2252  321  552 20994.0200 17430.0212  17.0%   309 1135s
  9382  7025 infeasible  333      20994.0200 17442.9472  16.9%   311 1155s
  9601  7317 18606.9702   38  588 20994.0200 17442.9472  16.9%   310 1178s
  9784  7317 19845.0970  368  401 20994.0200 17442.9472  16.9%   309 1180s
  9907  7386 19961.7850   66  362 20994.0200 17458.5891  16.8%   306 1200s
  9988  7515 17923.0374   41  716 20994.0200 17458.5891  16.8%   308 1219s
 10117  7742 18814.3905   76  539 20994.0200 17468.9731  16.8%   310 1241s
 10373  7836 17939.4775   34  818 20994.0200 17468.9891  16.8%   307 1260s
 10467  8231 18635.2737   76  619 20994.0200 17468.9891  16.8%   309 1281s
 10801  8231 20246.5448  286  310 20994.0200 17468.9891  16.8%   303 1285s
 10862  8460 19141.0008  211  508 20994.0200 17468.9891  16.8%   302 1305s
 11121  8561     cutoff  411      20994.0200 17477.3614  16.8%   299 1325s
 11234  8849 18132.5726   35  641 20994.0200 17477.3614  16.8%   300 1347s
 11522  8970 18571.6322   53  527 20994.0200 17477.3614  16.8%   297 1368s
 11657  9164 18978.0989   74  405 20994.0200 17477.3614  16.8%   298 1388s
 11851  9549 19398.2146  101  378 20994.0200 17477.3614  16.8%   297 1411s
 12236  9738 19682.7687  134  273 20994.0200 17477.3614  16.8%   292 1433s
 12450  9894 20009.7959  183  221 20994.0200 17492.1482  16.7%   291 1459s
 12596  9894 20704.6101  256  157 20994.0200 17492.1482  16.7%   290 1460s
 12732  9969 17838.9769   28  696 20994.0200 17492.1482  16.7%   290 1482s
 12809 10093 18333.3221   41  648 20994.0200 17492.1482  16.7%   291 1502s
 12949 10232 18590.7976   66  637 20994.0200 17492.1482  16.7%   291 1522s
 13088 10581 19078.8766  164  313 20994.0200 17492.1482  16.7%   291 1543s
H13094 10435                    20905.510000 17492.1482  16.3%   291 1543s
 13327 10435 18562.4512   57  625 20905.5100 17492.1482  16.3%   287 1545s
 13447 10689 19660.0789  382  262 20905.5100 17506.4381  16.3%   287 1567s
 13742 10865 18218.0908   33  717 20905.5100 17506.4381  16.3%   284 1591s
 13918 11005 18906.4077   63  525 20905.5100 17506.4381  16.3%   283 1611s
 14070 11046 20170.2094  108  400 20905.5100 17508.4693  16.2%   282 1631s
 14135 11115 18162.4825   35  769 20905.5100 17508.4693  16.2%   284 1649s
 14177 11115 18147.4173   40  797 20905.5100 17508.4693  16.2%   285 1650s
 14204 11248 19841.5102   77  434 20905.5100 17510.7870  16.2%   286 1668s
 14349 11355 19511.8533   41  571 20905.5100 17510.7913  16.2%   286 1691s
 14486 11386 18159.0849   36  706 20905.5100 17511.8959  16.2%   288 1712s
 14517 11500 18474.7306   44  776 20905.5100 17511.8959  16.2%   289 1734s
 14626 11500 20800.4588  136  285 20905.5100 17511.8959  16.2%   290 1735s
 14645 11631 19540.9315   86  531 20905.5100 17515.5752  16.2%   290 1755s
 14792 11715 18182.5173   42  834 20905.5100 17515.5752  16.2%   291 1777s
 14886 11849 18677.9499   64  581 20905.5100 17515.5752  16.2%   292 1797s
 15020 12092 19115.2690  158  427 20905.5100 17515.5752  16.2%   292 1820s
 15263 12278 19981.5424  327  425 20905.5100 17517.6081  16.2%   290 1848s
 15477 12431 18038.5177   41  785 20905.5100 17517.6081  16.2%   289 1870s
 15652 12550 18521.8362   61  600 20905.5100 17517.6081  16.2%   288 1892s
 15771 12849 19218.0004  145  398 20905.5100 17524.1669  16.2%   289 1918s
 15995 12849 20451.1534  211  129 20905.5100 17524.1758  16.2%   288 1920s
 16096 12927 18215.7021   44  861 20905.5100 17524.1758  16.2%   287 1939s
 16174 13208 18830.1798   92  538 20905.5100 17525.0142  16.2%   288 1965s
 16477 13463 18193.3599   45  786 20905.5100 17525.0142  16.2%   286 1994s
 16732 13479 18514.6346   50  582 20905.5100 17525.0142  16.2%   284 2015s
 16762 13533 18435.8799   59  541 20905.5100 17525.0142  16.2%   286 2034s
 16816 13615 18937.4932   79  390 20905.5100 17525.0142  16.2%   287 2055s
 16902 13740 18982.4434  103  387 20905.5100 17525.0142  16.2%   289 2075s
 17039 13952 19110.9806  137  299 20905.5100 17525.0142  16.2%   290 2099s
 17195 13952 18472.4312   45  634 20905.5100 17525.0142  16.2%   289 2100s
 17253 14283 19452.8644  215  259 20905.5100 17525.0142  16.2%   289 2127s
H17380 13999                    20835.280000 17525.0142  15.9%   289 2128s
 17596 14146 19702.2159  278  234 20835.2800 17525.0142  15.9%   287 2155s
 17768 14225 20464.9424  342  167 20835.2800 17525.0142  15.9%   287 2181s
H17814 12262                    20439.070000 17525.0142  14.3%   286 2181s
 17877 12259     cutoff  365      20439.0700 17540.6882  14.2%   286 2200s
 17934 12362 18478.6915   48  583 20439.0700 17540.6882  14.2%   287 2220s
 18049 12442 19252.4888   70  391 20439.0700 17545.9867  14.2%   288 2240s
 18143 12649 18358.1728   39  695 20439.0700 17545.9867  14.2%   289 2260s
 18350 12969 19669.0649   91  497 20439.0700 17549.5704  14.1%   288 2285s
 18697 13117 18547.7544   53  592 20439.0700 17549.6512  14.1%   286 2306s
 18845 13339 19609.5200  109  355 20439.0700 17549.7642  14.1%   286 2329s
 18913 13339 19523.7699  136  450 20439.0700 17550.2549  14.1%   286 2330s
 19089 13451 18428.2648   48  619 20439.0700 17550.2549  14.1%   285 2350s
 19201 13743 19344.4266  133  513 20439.0700 17550.2549  14.1%   286 2372s
 19493 14031 20054.3199  353  488 20439.0700 17566.2394  14.1%   284 2395s
 19809 14113 19451.8182   40  695 20439.0700 17566.5218  14.1%   281 2415s
 19895 14257 20244.9261   76  554 20439.0700 17568.4040  14.0%   283 2437s
 20057 14273 18720.0764   43  615 20439.0700 17568.4040  14.0%   283 2456s
 20085 14452 18782.5842   45  686 20439.0700 17568.4040  14.0%   284 2476s
 20126 14452 19932.7613   61  371 20439.0700 17568.4040  14.0%   284 2484s
 20154 14452 18635.9662   47  535 20439.0700 17568.4040  14.0%   284 2485s
 20278 14527 20412.0936   76  295 20439.0700 17569.5726  14.0%   284 2504s
 20367 14527 20330.3546  200  385 20439.0700 17570.7278  14.0%   284 2505s
 20402 14712 18896.8177   60  508 20439.0700 17570.7278  14.0%   284 2525s
 20587 14849 19899.8504  185  498 20439.0700 17570.7747  14.0%   284 2552s
 20738 15043 18549.2359   43  647 20439.0700 17571.0636  14.0%   283 2573s
 20970 15075 18334.2371   37  732 20439.0700 17571.0976  14.0%   283 2593s
 21002 15180 18556.6341   47  476 20439.0700 17571.0976  14.0%   284 2613s
 21109 15341 19144.8107   92  290 20439.0700 17571.0976  14.0%   285 2635s
 21278 15497 19551.6624  159  193 20439.0700 17571.9198  14.0%   285 2658s
 21519 15654 18509.0402   47  676 20439.0700 17571.9198  14.0%   285 2684s
 21676 15764 19447.3986   87  424 20439.0700 17589.9463  13.9%   285 2705s
 21846 15844 18441.9117   50  746 20439.0700 17589.9561  13.9%   285 2725s
 21926 15984 19033.8070   86  516 20439.0700 17589.9561  13.9%   286 2745s
 22078 16032 20132.2463  147  367 20439.0700 17594.6264  13.9%   286 2765s
 22136 16219 19480.6679   69  395 20439.0700 17604.2381  13.9%   288 2785s
 22333 16302 18564.8593   58  749 20439.0700 17604.2381  13.9%   288 2805s
 22428 16417 19304.1934  103  517 20439.0700 17607.1117  13.9%   288 2829s
 22518 16417 20229.9854  187  465 20439.0700 17607.1117  13.9%   288 2830s
 22566 16491 18150.1587   36  791 20439.0700 17607.1117  13.9%   289 2855s
 22642 16560 18498.3009   51  651 20439.0700 17607.1117  13.9%   290 2874s
 22688 16560 19894.0685   65  361 20439.0700 17607.1117  13.9%   290 2875s
 22738 16753 19177.4445   79  452 20439.0700 17607.1117  13.9%   291 2896s
 22942 16990 19908.6779  162  317 20439.0700 17609.0073  13.8%   291 2918s
 23207 17080 18487.6447   44  746 20439.0700 17609.0073  13.8%   289 2939s
 23319 17183 19808.8513   87  475 20439.0700 17613.5857  13.8%   290 2958s
 23441 17275 18868.0858   51  649 20439.0700 17616.5055  13.8%   290 2981s
 23563 17348 18351.3527   37  690 20439.0700 17616.8913  13.8%   291 3148s
 23636 17466 19498.8914   76  389 20439.0700 17616.9564  13.8%   292 3176s
 23790 17582 18908.0962   74  408 20439.0700 17621.7379  13.8%   292 3197s
 23928 17615 18401.3046   50  564 20439.0700 17621.7379  13.8%   293 3217s
 23967 17680 18870.8202   64  666 20439.0700 17621.7379  13.8%   294 3238s
 24032 17837 19168.0634   87  583 20439.0700 17621.7379  13.8%   295 3259s
 24073 17837 19419.6638  118  502 20439.0700 17621.7379  13.8%   295 3260s
 24209 17892 19881.6651  174  460 20439.0700 17631.2353  13.7%   295 3281s
 24284 18000 19302.3095   63  565 20439.0700 17631.2353  13.7%   296 3304s
 24366 18000 19864.4683   78  578 20439.0700 17631.2353  13.7%   296 3305s
 24412 18065 20181.8324  145  471 20439.0700 17633.8368  13.7%   296 3325s
 24489 18169 18356.4448   40  767 20439.0700 17633.8368  13.7%   297 3346s
 24605 18491 19251.6051  104  633 20439.0700 17633.8368  13.7%   298 3371s
 24927 18602     cutoff  377      20439.0700 17642.2009  13.7%   296 3394s
 25017 18602 20232.9022  146  340 20439.0700 17642.2080  13.7%   296 3395s
 25076 18697 19884.2126   75  328 20439.0700 17647.3433  13.7%   296 3415s
 25203 18829 19138.3223   57  603 20439.0700 17647.6459  13.7%   296 3438s
H25301 18482                    20374.070000 17647.6459  13.4%   296 3439s
 25335 18632 20029.5227  155  394 20374.0700 17650.1697  13.4%   296 3461s
 25508 18682 18712.7791   61  513 20374.0700 17650.2128  13.4%   296 3484s
 25558 18864 19157.9273   72  462 20374.0700 17650.2128  13.4%   297 3507s
 25740 19154 19682.3252  127  306 20374.0700 17652.8919  13.4%   297 3532s
 26066 19363 18639.4133   42  627 20374.0700 17653.0490  13.4%   296 3562s
 26289 19560 19869.9112  124  348 20374.0700 17660.3009  13.3%   295 3586s
 26498 19591 18856.7947   58  508 20374.0700 17660.3009  13.3%   295 3600s

Cutting planes:
  User: 7137
  Gomory: 32
  Cover: 600
  Implied bound: 274
  Projected implied bound: 19
  Clique: 20
  MIR: 354
  StrongCG: 1
  Flow cover: 652
  GUB cover: 5
  Zero half: 14
  Network: 1
  RLT: 475
  Relax-and-lift: 14
  Lazy constraints: 400

Explored 26529 nodes (7853771 simplex iterations) in 3600.28 seconds
Thread count was 2 (of 32 available processors)

Solution count 10: 20374.1 20439.1 20835.3 ... 23597.6

Time limit reached
Best objective 2.037407000000e+04, best bound 1.766030086875e+04, gap 13.3197%

User-callback calls 559962, time in user-callback 183.70 sec
================================================================================
executing instance: ./input/Instances/Original/6/absH6high_1n20.dat
--------------------------------------------------------------------------------
Instance details
n	21
H	6
C	1651
Li:
[0, 0, 0, 0, 0, 0, 0, 0, 0, 0, 0, 0, 0, 0, 0, 0, 0, 0, 0, 0, 0, ]
Ui:
[0, 36, 182, 182, 90, 261, 117, 30, 110, 42, 276, 153, 40, 94, 144, 46, 129, 213, 264, 160, 174, ]
Distance matrix:
|0	371	401	343	361	341	370	115	392	400	79	266	292	245	355	431	265	194	95	92	348	|
|371	0	37	141	110	250	117	438	67	131	372	305	115	238	247	255	235	296	392	430	185	|
|401	37	0	175	100	284	146	472	90	156	406	342	152	275	280	282	242	333	415	455	178	|
|343	141	175	0	239	110	38	374	95	60	314	182	67	130	106	127	318	201	397	423	303	|
|361	110	100	239	0	341	222	451	177	240	385	374	190	304	341	361	151	345	354	398	78	|
|341	250	284	110	341	0	143	337	203	151	289	102	152	97	15	95	394	156	415	431	398	|
|370	117	146	38	222	143	0	407	61	30	346	220	81	167	137	139	317	237	417	447	292	|
|115	438	472	374	451	337	407	0	443	434	66	241	339	251	351	431	374	181	201	177	450	|
|392	67	90	95	177	203	61	443	0	66	379	275	104	216	197	193	294	283	427	461	252	|
|400	131	156	60	240	151	30	434	66	0	374	237	112	189	142	127	344	261	448	477	312	|
|79	372	406	314	385	289	346	66	379	374	0	202	275	197	304	383	316	134	175	166	388	|
|266	305	342	182	374	102	220	241	275	237	202	0	191	70	117	196	386	73	352	359	415	|
|292	115	152	67	190	152	81	339	104	112	275	191	0	123	154	193	252	183	336	366	246	|
|245	238	275	130	304	97	167	251	216	189	197	70	123	0	110	187	322	72	319	334	346	|
|355	247	280	106	341	15	137	351	197	142	304	117	154	110	0	80	399	171	427	444	400	|
|431	255	282	127	361	95	139	431	193	127	383	196	193	187	80	0	444	251	499	519	429	|
|265	235	242	318	151	394	317	374	294	344	316	386	252	322	399	444	0	332	226	273	97	|
|194	296	333	201	345	156	237	181	283	261	134	73	183	72	171	251	332	0	279	286	375	|
|95	392	415	397	354	415	417	201	427	448	175	352	336	319	427	499	226	279	0	47	321	|
|92	430	455	423	398	431	447	177	461	477	166	359	366	334	444	519	273	286	47	0	368	|
|348	185	178	303	78	398	292	450	252	312	388	415	246	346	400	429	97	375	321	368	0	|

--------------------------------------------------------------------------------
Building model...
	using lazy and cut (CVRPSEP package)
Solving IRP LP...
--------------------------------------------------------------------------------

Gurobi 9.1.0 (linux64) logging started Wed Feb 17 22:04:17 2021

Gurobi Optimizer version 9.1.0 build v9.1.0rc0 (linux64)
Thread count: 32 physical cores, 32 logical processors, using up to 2 threads
Optimize a model with 2013 rows, 7677 columns and 20907 nonzeros
Model fingerprint: 0xa68b2656
Variable types: 747 continuous, 6930 integer (630 binary)
Coefficient statistics:
  Matrix range     [1e+00, 3e+02]
  Objective range  [1e-01, 5e+02]
  Bounds range     [1e+00, 3e+02]
  RHS range        [1e+00, 3e+03]
Presolve removed 463 rows and 1374 columns
Presolve time: 0.11s
Presolved: 1550 rows, 6303 columns, 16251 nonzeros
Variable types: 554 continuous, 5749 integer (5200 binary)

Root relaxation: objective 1.425869e+04, 2517 iterations, 0.08 seconds

    Nodes    |    Current Node    |     Objective Bounds      |     Work
 Expl Unexpl |  Obj  Depth IntInf | Incumbent    BestBd   Gap | It/Node Time

     0     0 14258.6864    0  228          - 14258.6864      -     -    0s
     0     0 14549.6093    0  301          - 14549.6093      -     -    0s
     0     0 14575.6556    0  266          - 14575.6556      -     -    0s
     0     0 14600.0587    0  290          - 14600.0587      -     -    0s
     0     0 14600.0587    0  295          - 14600.0587      -     -    0s
     0     0 14802.8362    0  394          - 14802.8362      -     -    1s
     0     0 14881.9859    0  383          - 14881.9859      -     -    1s
     0     0 14898.5747    0  389          - 14898.5747      -     -    1s
     0     0 14900.5139    0  397          - 14900.5139      -     -    1s
     0     0 14903.5068    0  371          - 14903.5068      -     -    1s
     0     0 14903.6019    0  353          - 14903.6019      -     -    1s
     0     0 15091.2973    0  447          - 15091.2973      -     -    2s
     0     0 15151.5246    0  436          - 15151.5246      -     -    2s
     0     0 15153.0394    0  453          - 15153.0394      -     -    2s
     0     0 15153.4211    0  462          - 15153.4211      -     -    2s
     0     0 15215.1998    0  437          - 15215.1998      -     -    2s
     0     0 15242.3698    0  466          - 15242.3698      -     -    2s
     0     0 15256.4101    0  415          - 15256.4101      -     -    3s
     0     0 15262.8866    0  487          - 15262.8866      -     -    3s
     0     0 15264.4370    0  471          - 15264.4370      -     -    3s
     0     0 15264.8370    0  462          - 15264.8370      -     -    3s
     0     0 15294.9315    0  443          - 15294.9315      -     -    3s
     0     0 15299.8262    0  498          - 15299.8262      -     -    3s
     0     0 15301.7906    0  483          - 15301.7906      -     -    3s
     0     0 15302.6622    0  484          - 15302.6622      -     -    3s
     0     0 15331.1025    0  465          - 15331.1025      -     -    4s
     0     0 15338.0345    0  527          - 15338.0345      -     -    5s
     0     0 15338.3825    0  529          - 15338.3825      -     -    5s
     0     0 15342.3295    0  402          - 15342.3295      -     -    5s
     0     0 15343.7528    0  398          - 15343.7528      -     -    5s
     0     0 15345.5539    0  429          - 15345.5539      -     -    5s
     0     0 15345.5539    0  429          - 15345.5539      -     -    6s
     0     2 15347.1566    0  401          - 15347.1566      -     -    7s
    15    18 15545.3612    5  455          - 15387.1085      -   733   10s
    60    64 15817.7446   15  438          - 15387.1085      -   684   15s
   120   130 16182.2000   28  412          - 15387.1085      -   564   20s
   230   250 16713.3966   45  389          - 15387.1085      -   401   25s
   349   352 17765.0338   67  343          - 15387.1085      -   345   30s
   445   440 16708.8719   27  395          - 15387.1085      -   324   35s
   562   598 21466.0617  160  139          - 15388.9064      -   295   40s
   664   660 15992.2243    6  505          - 15388.9064      -   289   45s
   758   734 19711.0452  111  370          - 15388.9064      -   279   50s
   779   748 17176.3746   56  691          - 15535.0769      -   272   55s
   797   760 17034.1139   45  617          - 15552.0842      -   266   60s
   801   763 19646.6368  118  689          - 15554.6775      -   264   65s
   802   766 15569.2492   16  608          - 15554.6775      -   287   71s
   804   768 15625.0416   17  565          - 15576.0735      -   289   75s
   808   770 15649.3883   18  549          - 15588.6095      -   289   80s
   820   779 15717.4696   21  580          - 15588.6095      -   298   85s
   839   791 16101.5072   26  494          - 15588.6095      -   312   90s
   859   804 16286.2719   32  465          - 15588.6095      -   324   95s
   884   823 16323.7687   38  524          - 15588.6095      -   334  100s
   911   842 16393.5409   46  546          - 15588.6095      -   344  105s
   939   858 16510.5249   53  545          - 15588.6095      -   357  111s
   961   881 16552.3787   59  554          - 15588.6095      -   362  116s
   984   899 16728.3861   64  551          - 15588.6095      -   366  120s
  1020   924 16979.2264   72  489          - 15588.6095      -   372  125s
  1066   954 17158.1432   82  475          - 15588.6095      -   376  131s
  1118   993 17539.9011   94  446          - 15588.6095      -   380  136s
  1157  1016 17792.2663  103  452          - 15588.6095      -   382  141s
  1200  1051 18017.2538  114  435          - 15588.6095      -   385  146s
  1256  1100 18265.3001  127  360          - 15588.6095      -   384  151s
  1330  1148 18610.1077  145  395          - 15588.6095      -   379  157s
  1368  1178 18902.2866  154  406          - 15588.6095      -   377  160s
  1462  1260 19392.1837  177  362          - 15588.6095      -   369  166s
  1592  1351 20512.4668  213  334          - 15588.6095      -   355  173s
  1658  1401 21271.9108  231  270          - 15588.6095      -   350  177s
  1732  1429 21763.5546  252  280          - 15588.6095      -   344  180s
  1893  1660 22374.2557  294  242          - 15588.6095      -   329  189s
  2071  1709 infeasible  335               - 15590.6516      -   311  193s
  2213  1659 15905.9328   20  623          - 15590.6516      -   298  196s
  2235  1662 15964.5870   20  695          - 15590.6516      -   301  200s
  2251  1683 16318.4109   28  538          - 15590.6516      -   306  206s
  2274  1698 16490.6899   34  543          - 15590.6516      -   310  212s
  2289  1714 16670.0332   37  511          - 15590.6516      -   313  216s
  2327  1750 17059.0289   45  457          - 15590.6516      -   317  223s
  2359  1765 17195.2320   53  429          - 15590.6516      -   318  227s
  2385  1793 17720.6737   59  352          - 15590.6516      -   320  231s
  2421  1814 17722.7339   67  368          - 15590.6516      -   321  235s
  2494  1879 17925.3043   86  336          - 15590.6516      -   322  243s
  2544  1926 18191.0682   99  317          - 15590.6516      -   323  248s
  2607  2012 18871.1230  116  228          - 15590.6516      -   322  253s
  2714  2113 18895.0982  140  275          - 15590.6516      -   316  259s
  2851  2216 19303.2237  166  274          - 15590.6516      -   307  265s
  3000  2383 19807.6076  194  245          - 15590.6516      -   299  272s
  3216  2664 20418.3665  233  231          - 15590.6516      -   286  278s
  3534  2890 21375.3883  271  234          - 15590.6516      -   268  285s
  3818  2897 infeasible  396               - 15653.1445      -   253  291s
  3845  2911 16131.5325   21  624          - 15653.1445      -   254  295s
  3866  2926 16782.2301   25  552          - 15653.1445      -   258  300s
  3891  2957 16633.9058   31  547          - 15653.1445      -   259  305s
  3925  3007 16955.8253   44  500          - 15653.1445      -   263  317s
  3955  3035 17177.5832   52  423          - 15653.1445      -   264  322s
  3983  3066 17331.5251   56  436          - 15653.1445      -   266  328s
  4014  3116 17528.2156   61  418          - 15653.1445      -   268  333s
  4064  3169 17709.1496   72  420          - 15653.1445      -   268  339s
  4117  3236 17783.0750   82  355          - 15653.1445      -   269  345s
  4184  3331 18055.6019   98  394          - 15653.1445      -   269  351s
  4279  3498 18789.7683  115  380          - 15653.1445      -   268  359s
  4446  3717 19576.8798  144  278          - 15653.1445      -   263  368s
