




arguments: ./build/bc_mirp -f ./input/orig_exec_231.cfg
Current dir: /scratch/gui/bc_mirp
File verbosity level: 9
date       time         ( uptime  ) [ thread name/id ]                   file:line     v| 
2021-02-15 06:48:07.136 (   0.059s) [main thread     ]             loguru.cpp:789   INFO| Logging to './output/vi_vc+hc1_half/OU/V5/Original/execution_15_02_2021_06_48_07.log', mode: 'a', verbosity: 9
--------------------------------------------------------------------------------
Parameters
                           instance_path           ./input/Instances/Original/5/
                            model_policy                                       1
                             nb_vehicles                                       5
                              output_dir ./output/vi_vc+hc1_half/OU/V5/Original/
                            sec_strategy                                       1
                       solver_nb_threads                                       2
                         solver_show_log                                    true
                       solver_time_limit                                    3600
                              use_vi_cos                                   false
                              use_vi_cus                                   false
                         use_vi_hc1_full                                   false
                         use_vi_hc1_half                                    true
                      use_vi_hc1_quarter                                   false
                              use_vi_hc2                                   false
                              use_vi_hc3                                   false
                         use_vi_lex_full                                   false
                         use_vi_lex_half                                   false
                      use_vi_lex_quarter                                   false
                              use_vi_qua                                   false
                               use_vi_vc                                    true
                               use_vi_vr                                   false
--------------------------------------------------------------------------------
executing instance: ./input/Instances/Original/5/absH3low_4n50.dat
--------------------------------------------------------------------------------
Instance details
n	51
H	3
C	4066
Li:
[0, 0, 0, 0, 0, 0, 0, 0, 0, 0, 0, 0, 0, 0, 0, 0, 0, 0, 0, 0, 0, 0, 0, 0, 0, 0, 0, 0, 0, 0, 0, 0, 0, 0, 0, 0, 0, 0, 0, 0, 0, 0, 0, 0, 0, 0, 0, 0, 0, 0, 0, ]
Ui:
[0, 108, 126, 122, 66, 120, 48, 30, 128, 54, 158, 198, 36, 66, 210, 234, 147, 297, 171, 128, 116, 120, 219, 70, 294, 207, 134, 128, 234, 122, 22, 183, 195, 255, 132, 124, 66, 189, 219, 66, 128, 102, 288, 66, 87, 136, 36, 39, 282, 36, 237, ]
Distance matrix:
|0	210	444	498	509	104	438	228	487	304	456	434	526	476	163	47	293	396	293	290	313	85	280	437	293	336	409	106	449	376	433	478	193	404	404	534	278	181	380	507	189	438	263	473	353	216	202	218	452	254	465	|
|210	0	299	507	359	106	345	409	358	411	320	402	555	448	136	200	289	264	306	427	141	222	83	348	264	320	283	303	380	208	258	357	170	348	475	542	243	347	355	379	65	479	172	373	355	251	112	229	402	210	300	|
|444	299	0	363	65	358	116	542	66	440	26	241	425	272	282	407	251	51	276	490	159	397	224	124	217	237	48	490	170	99	83	74	261	180	430	385	214	479	231	85	270	390	184	116	271	300	409	276	210	215	54	|
|498	507	363	0	385	482	246	424	326	254	343	123	63	93	388	452	221	337	211	314	428	414	480	239	243	187	324	463	194	418	438	307	346	188	156	36	264	392	156	326	444	87	340	258	154	286	603	294	153	297	417	|
|509	359	65	385	0	422	145	602	59	492	59	269	448	292	348	472	305	115	329	545	218	462	281	152	274	286	106	554	192	153	116	78	326	216	472	403	274	540	271	63	334	425	249	127	316	361	468	337	233	278	69	|
|104	106	358	482	422	0	372	309	408	337	374	396	521	441	98	96	262	314	271	342	215	124	177	373	249	302	329	198	394	281	337	402	139	353	419	518	230	250	343	428	90	437	188	405	328	200	134	188	406	199	372	|
|438	345	116	246	145	372	0	485	87	357	97	126	309	155	279	394	180	101	200	414	223	373	288	8	157	150	84	459	53	188	196	68	245	72	328	269	165	427	128	97	297	280	184	36	175	250	456	233	94	184	170	|
|228	409	542	424	602	309	485	0	561	170	544	419	424	446	298	214	305	491	286	115	462	187	457	480	331	339	496	124	470	510	565	545	295	424	279	454	329	66	376	576	363	340	370	520	330	242	429	266	453	328	581	|
|487	358	66	326	59	408	87	561	0	441	40	211	389	233	324	446	258	95	281	497	220	431	287	95	230	234	79	522	133	164	146	19	297	160	415	344	233	500	215	21	323	367	224	68	261	320	470	299	174	242	106	|
|304	411	440	254	492	337	357	170	441	0	434	266	255	286	275	266	189	392	164	63	408	225	428	351	224	207	392	234	330	438	484	424	250	287	112	284	232	149	233	453	349	170	302	389	185	168	471	195	305	248	487	|
|456	320	26	343	59	374	97	544	40	434	0	223	406	252	294	418	247	60	271	487	181	405	247	105	215	229	49	498	149	124	109	48	270	165	419	364	215	482	218	60	288	375	194	92	261	302	431	279	190	220	75	|
|434	402	241	123	269	396	126	419	211	266	223	0	185	46	298	387	140	213	145	328	310	355	366	118	147	97	201	425	78	295	315	191	256	65	211	151	166	371	53	215	343	157	231	145	90	220	505	217	41	198	295	|
|526	555	425	63	448	521	309	424	389	255	406	185	0	156	430	481	266	398	252	310	485	442	534	301	293	237	386	480	257	478	500	370	390	249	145	55	313	401	212	389	491	89	392	321	201	322	646	334	216	345	479	|
|476	448	272	93	292	441	155	446	233	286	252	46	156	0	343	429	183	250	184	348	353	396	411	148	192	140	236	461	102	334	350	214	302	106	214	113	212	402	98	233	389	151	277	165	125	261	551	260	62	244	325	|
|163	136	282	388	348	98	279	298	324	275	294	298	430	343	0	124	167	234	178	296	167	121	162	279	151	205	247	216	297	224	280	316	42	256	340	423	132	232	246	344	74	349	100	314	233	115	216	97	308	101	307	|
|47	200	407	452	472	96	394	214	446	266	418	387	481	429	124	0	246	358	245	259	284	41	261	392	247	289	370	103	403	345	402	436	150	358	361	488	232	158	333	466	165	393	223	430	306	168	217	171	406	210	431	|
|293	289	251	221	305	262	180	305	258	189	247	140	266	183	167	246	0	204	26	240	238	215	276	175	37	43	203	289	169	255	297	242	125	122	202	257	52	248	87	272	225	191	134	215	67	80	382	77	163	81	298	|
|396	264	51	337	115	314	101	491	95	392	60	213	398	250	234	358	204	0	229	442	130	347	196	108	169	194	19	440	152	87	102	93	211	149	390	363	165	428	194	116	228	355	134	117	230	250	376	225	189	164	95	|
|293	306	276	211	329	271	200	286	281	164	271	145	252	184	178	245	26	229	0	216	262	212	297	195	63	53	228	280	184	280	323	264	138	137	178	248	76	232	95	294	241	173	156	234	60	77	395	83	172	102	324	|
|290	427	490	314	545	342	414	115	497	63	487	328	310	348	296	259	240	442	216	0	443	220	456	408	273	264	443	204	390	479	529	480	278	346	165	343	278	115	293	509	369	229	340	447	244	202	473	230	366	288	536	|
|313	141	159	428	218	215	223	462	220	408	181	310	485	353	167	284	238	130	262	443	0	288	67	228	202	252	149	382	267	67	122	221	168	247	440	459	186	396	273	241	125	423	107	245	291	242	251	214	297	162	160	|
|85	222	397	414	462	124	373	187	431	225	405	355	442	396	121	41	215	347	212	220	288	0	273	371	221	258	357	95	378	344	401	420	136	331	321	450	208	126	302	450	177	353	213	409	272	136	253	143	377	190	426	|
|280	83	224	480	281	177	288	457	287	428	247	366	534	411	162	261	276	196	297	456	67	273	0	292	243	298	215	363	329	128	176	288	179	305	475	513	224	392	324	307	96	466	143	311	335	261	187	235	357	195	219	|
|437	348	124	239	152	373	8	480	95	351	105	118	301	148	279	392	175	108	195	408	228	371	292	0	154	144	91	456	46	194	203	76	244	65	320	261	163	423	121	103	299	273	185	40	168	247	459	230	86	183	178	|
|293	264	217	243	274	249	157	331	230	224	215	147	293	192	151	247	37	169	63	273	202	221	243	154	0	57	170	303	157	217	260	215	110	111	238	278	21	271	94	245	201	223	100	193	92	93	362	78	160	54	263	|
|336	320	237	187	286	302	150	339	234	207	229	97	237	140	205	289	43	194	53	264	252	258	298	144	57	0	190	331	131	257	294	216	163	84	197	221	77	285	44	246	258	172	155	183	39	123	418	119	120	110	288	|
|409	283	48	324	106	329	84	496	79	392	49	201	386	236	247	370	203	19	228	443	149	357	215	91	170	190	0	449	136	105	114	75	221	138	384	349	168	434	185	99	245	346	146	98	224	255	394	231	174	171	99	|
|106	303	490	463	554	198	459	124	522	234	498	425	480	461	216	103	289	440	280	204	382	95	363	456	303	331	449	0	458	439	496	510	229	410	344	498	293	89	374	540	267	391	307	495	336	211	308	226	451	280	520	|
|449	380	170	194	192	394	53	470	133	330	149	78	257	102	297	403	169	152	184	390	267	378	329	46	157	131	136	458	0	238	249	114	259	47	287	216	171	416	96	137	327	235	211	67	145	247	488	235	41	197	223	|
|376	208	99	418	153	281	188	510	164	438	124	295	478	334	224	345	255	87	280	479	67	344	128	194	217	257	105	439	238	0	57	169	216	230	453	445	206	445	268	184	191	427	141	202	296	278	315	250	274	191	92	|
|433	258	83	438	116	337	196	565	146	484	109	315	500	350	280	402	297	102	323	529	122	401	176	203	260	294	114	496	249	57	0	157	271	252	490	463	251	499	296	162	247	457	195	199	331	329	362	302	288	241	47	|
|478	357	74	307	78	402	68	545	19	424	48	191	370	214	316	436	242	93	264	480	221	420	288	76	215	216	75	510	114	169	157	0	287	141	396	325	219	485	196	31	319	347	216	49	243	306	469	286	154	230	120	|
|193	170	261	346	326	139	245	295	297	250	270	256	390	302	42	150	125	211	138	278	168	136	179	244	110	163	221	229	259	216	271	287	0	216	305	382	91	229	204	316	105	310	78	280	192	83	257	60	268	62	292	|
|404	348	180	188	216	353	72	424	160	287	165	65	249	106	256	358	122	149	137	346	247	331	305	65	111	84	138	410	47	230	252	141	216	0	255	215	126	369	56	168	292	210	177	102	103	200	454	189	54	155	234	|
|404	475	430	156	472	419	328	279	415	112	419	211	145	214	340	361	202	390	178	165	440	321	475	320	238	197	384	344	287	453	490	396	305	255	0	181	254	261	201	422	410	69	335	353	160	225	551	246	252	280	482	|
|534	542	385	36	403	518	269	454	344	284	364	151	55	113	423	488	257	363	248	343	459	450	513	261	278	221	349	498	216	445	463	325	382	215	181	0	298	425	189	342	479	115	373	276	190	323	638	330	175	332	439	|
|278	243	214	264	274	230	165	329	233	232	215	166	313	212	132	232	52	165	76	278	186	208	224	163	21	77	168	293	171	206	251	219	91	126	254	298	0	267	114	250	181	242	82	202	112	88	341	68	177	33	258	|
|181	347	479	392	540	250	427	66	500	149	482	371	401	402	232	158	248	428	232	115	396	126	392	423	271	285	434	89	416	445	499	485	229	369	261	425	267	0	325	516	298	313	305	463	281	180	375	203	403	264	516	|
|380	355	231	156	271	343	128	376	215	233	218	53	212	98	246	333	87	194	95	293	273	302	324	121	94	44	185	374	96	268	296	196	204	56	201	189	114	325	0	224	294	161	185	157	49	167	455	163	78	147	284	|
|507	379	85	326	63	428	97	576	21	453	60	215	389	233	344	466	272	116	294	509	241	450	307	103	245	246	99	540	137	184	162	31	316	168	422	342	250	516	224	0	344	371	244	70	271	337	490	317	176	261	120	|
|189	65	270	444	334	90	297	363	323	349	288	343	491	389	74	165	225	228	241	369	125	177	96	299	201	258	245	267	327	191	247	319	105	292	410	479	181	298	294	344	0	414	116	328	291	187	163	165	345	147	282	|
|438	479	390	87	425	437	280	340	367	170	375	157	89	151	349	393	191	355	173	229	423	353	466	273	223	172	346	391	235	427	457	347	310	210	69	115	242	313	161	371	414	0	323	301	133	238	565	253	197	273	444	|
|263	172	184	340	249	188	184	370	224	302	194	231	392	277	100	223	134	134	156	340	107	213	143	185	100	155	146	307	211	141	195	216	78	177	335	373	82	305	185	244	116	323	0	217	192	138	278	110	230	55	214	|
|473	373	116	258	127	405	36	520	68	389	92	145	321	165	314	430	215	117	234	447	245	409	311	40	193	183	98	495	67	202	199	49	280	102	353	276	202	463	157	70	328	301	217	0	205	286	485	269	106	220	167	|
|353	355	271	154	316	328	175	330	261	185	261	90	201	125	233	306	67	230	60	244	291	272	335	168	92	39	224	336	145	296	331	243	192	103	160	190	112	281	49	271	291	133	192	205	0	138	449	141	123	145	323	|
|216	251	300	286	361	200	250	242	320	168	302	220	322	261	115	168	80	250	77	202	242	136	261	247	93	123	255	211	247	278	329	306	83	200	225	323	88	180	167	337	187	238	138	286	138	0	328	28	243	88	340	|
|202	112	409	603	468	134	456	429	470	471	431	505	646	551	216	217	382	376	395	473	251	253	187	459	362	418	394	308	488	315	362	469	257	454	551	638	341	375	455	490	163	565	278	485	449	328	0	313	508	308	406	|
|218	229	276	294	337	188	233	266	299	195	279	217	334	260	97	171	77	225	83	230	214	143	235	230	78	119	231	226	235	250	302	286	60	189	246	330	68	203	163	317	165	253	110	269	141	28	313	0	235	61	315	|
|452	402	210	153	233	406	94	453	174	305	190	41	216	62	308	406	163	189	172	366	297	377	357	86	160	120	174	451	41	274	288	154	268	54	252	175	177	403	78	176	345	197	230	106	123	243	508	235	0	207	264	|
|254	210	215	297	278	199	184	328	242	248	220	198	345	244	101	210	81	164	102	288	162	190	195	183	54	110	171	280	197	191	241	230	62	155	280	332	33	264	147	261	147	273	55	220	145	88	308	61	207	0	253	|
|465	300	54	417	69	372	170	581	106	487	75	295	479	325	307	431	298	95	324	536	160	426	219	178	263	288	99	520	223	92	47	120	292	234	482	439	258	516	284	120	282	444	214	167	323	340	406	315	264	253	0	|

--------------------------------------------------------------------------------
Building model...
	using lazy and cut (CVRPSEP package)
Solving IRP LP...
--------------------------------------------------------------------------------

Gurobi 9.1.0 (linux64) logging started Mon Feb 15 06:48:07 2021

Gurobi Optimizer version 9.1.0 build v9.1.0rc0 (linux64)
Thread count: 32 physical cores, 32 logical processors, using up to 2 threads
Optimize a model with 2487 rows, 20844 columns and 50814 nonzeros
Model fingerprint: 0x3a2cd436
Variable types: 954 continuous, 19890 integer (765 binary)
Coefficient statistics:
  Matrix range     [1e+00, 8e+02]
  Objective range  [1e-02, 6e+02]
  Bounds range     [1e+00, 3e+02]
  RHS range        [1e+00, 7e+03]
Presolve removed 633 rows and 1822 columns
Presolve time: 0.20s
Presolved: 1854 rows, 19022 columns, 44173 nonzeros
Variable types: 584 continuous, 18438 integer (17693 binary)

Root relaxation: objective 3.625639e+03, 2232 iterations, 0.11 seconds

    Nodes    |    Current Node    |     Objective Bounds      |     Work
 Expl Unexpl |  Obj  Depth IntInf | Incumbent    BestBd   Gap | It/Node Time

     0     0 3625.63876    0  200          - 3625.63876      -     -    0s
     0     0 3975.24965    0  234          - 3975.24965      -     -    1s
     0     0 3976.96513    0  216          - 3976.96513      -     -    1s
     0     0 4535.64399    0  337          - 4535.64399      -     -    1s
     0     0 4586.13437    0  288          - 4586.13437      -     -    1s
     0     0 4588.47719    0  280          - 4588.47719      -     -    1s
     0     0 4588.55997    0  296          - 4588.55997      -     -    1s
     0     0 4763.18518    0  431          - 4763.18518      -     -    2s
     0     0 4788.21443    0  418          - 4788.21443      -     -    3s
     0     0 4794.41089    0  364          - 4794.41089      -     -    3s
     0     0 4799.85620    0  417          - 4799.85620      -     -    4s
     0     0 4800.36963    0  433          - 4800.36963      -     -    4s
     0     0 4880.08726    0  482          - 4880.08726      -     -    5s
     0     0 4900.76895    0  508          - 4900.76895      -     -    5s
     0     0 4902.78173    0  551          - 4902.78173      -     -    5s
     0     0 4903.44694    0  541          - 4903.44694      -     -    5s
     0     0 4961.98204    0  540          - 4961.98204      -     -    7s
     0     0 4967.55446    0  516          - 4967.55446      -     -    7s
     0     0 4973.21903    0  526          - 4973.21903      -     -    7s
     0     0 4980.03542    0  527          - 4980.03542      -     -    8s
     0     0 4981.57619    0  545          - 4981.57619      -     -    8s
     0     0 4999.50753    0  500          - 4999.50753      -     -    9s
     0     0 5007.14744    0  566          - 5007.14744      -     -   11s
     0     0 5011.51184    0  589          - 5011.51184      -     -   11s
     0     0 5017.73332    0  483          - 5017.73332      -     -   11s
     0     0 5018.55941    0  608          - 5018.55941      -     -   11s
     0     0 5026.30357    0  398          - 5026.30357      -     -   12s
     0     0 5028.11409    0  424          - 5028.11409      -     -   12s
     0     0 5034.19458    0  520          - 5034.19458      -     -   13s
     0     0 5034.19458    0  518          - 5034.19458      -     -   13s
     0     2 5034.19458    0  518          - 5034.19458      -     -   15s
    17    20 5105.76118    5  411          - 5055.69868      -   692   20s
    45    49 5142.43890   12  525          - 5055.69868      -   590   25s
    72    77 5187.82833   22  377          - 5055.69868      -   552   30s
   109   115 5321.85412   34  430          - 5055.69868      -   527   35s
   137   144 5570.73678   41  403          - 5055.69868      -   531   40s
   182   204 5775.84162   55  296          - 5055.69868      -   517   45s
   286   312 5945.22676   83  275          - 5055.69868      -   392   51s
   348   371 6078.47527  100  219          - 5055.69868      -   358   55s
   429   472 6248.11159  116  173          - 5055.69868      -   329   60s
   598   668 6823.57582  135  150          - 5055.69868      -   268   65s
   847   832 7270.96150  164  178          - 5055.69868      -   206   71s
   935   882 7915.00858  180  518          - 5055.69868      -   197   76s
   938   884 5130.19481   11  368          - 5055.69868      -   197   80s
   945   889 5675.85074   51  699          - 5073.88515      -   195   85s
   952   893 5187.82929   23  681          - 5097.07902      -   194   90s
   961   899 7167.83890  164  757          - 5119.50986      -   192   95s
   962   900 10000.6850  322  586          - 5128.20150      -   192  100s
   968   904 9199.72000  272  849          - 5146.80829      -   190  106s
   973   907 6211.49767  112  762          - 5155.90330      -   189  110s
   980   912 9293.44000  277  866          - 5161.09352      -   188  116s
   984   915 5951.43740   84  774          - 5163.37992      -   187  120s
   989   918 7167.83890  164  830          - 5173.68446      -   186  125s
   995   922 12617.7500  362  879          - 5178.42742      -   185  130s
   999   925 7461.76322  155  859          - 5178.79696      -   185  135s
  1006   931 6335.09364   96  388          - 5179.59390      -   213  140s
  1011   934 7914.56340  180  714          - 5179.59390      -   212  145s
  1019   940 6390.92221   98  843          - 5181.01614      -   210  150s
  1024   943 6641.09627  130  870          - 5183.13160      -   209  155s
  1029   946 12396.0332  358  855          - 5183.54794      -   208  162s
  1032   948 8057.59075  191  874          - 5183.64244      -   207  165s
  1035   950 7915.00858  180  890          - 5183.64810      -   207  175s
  1044   959 5274.95293   29  618          - 5192.92322      -   228  181s
  1050   963 5205.63353   31  827          - 5192.92322      -   235  185s
  1061   972 5248.09392   33  638          - 5192.92322      -   243  190s
  1072   978 5270.18474   35  643          - 5192.92322      -   251  195s
  1086   989 5258.56568   39  705          - 5192.92322      -   259  203s
  1090   992 5271.24986   40  721          - 5192.92322      -   266  205s
  1106  1005 5303.51394   43  639          - 5192.92322      -   276  211s
  1122  1013 5351.90081   47  600          - 5192.92322      -   284  218s
  1126  1018 5529.81758   48  615          - 5192.92322      -   290  220s
  1143  1031 5391.86185   52  632          - 5192.92322      -   299  226s
  1159  1041 5417.38947   56  529          - 5192.92322      -   304  231s
  1173  1052 5453.31282   60  501          - 5192.92322      -   311  235s
  1187  1061 5723.85588   63  436          - 5192.92322      -   320  240s
  1206  1076 5714.04307   67  375          - 5192.92322      -   325  245s
  1231  1095 5792.35317   74  416          - 5192.92322      -   330  250s
  1258  1112 5885.51181   81  494          - 5192.92322      -   336  256s
  1281  1128 5979.91864   85  598          - 5192.92322      -   345  263s
  1294  1140 5947.19027   88  423          - 5192.92322      -   348  266s
  1310  1151 5975.53600   92  521          - 5192.92322      -   351  270s
  1342  1174 6067.20596  101  482          - 5192.92322      -   358  277s
  1360  1186 6102.11385  105  579          - 5192.92322      -   361  281s
  1378  1205 6158.27429  110  475          - 5192.92322      -   363  285s
  1403  1220 6233.71026  115  351          - 5192.92322      -   366  290s
  1447  1254 6436.59887  128  293          - 5192.92322      -   373  298s
  1475  1303 6591.05440  135  240          - 5192.92322      -   374  303s
  1533  1349 7055.36648  157  213          - 5192.92322      -   369  308s
  1599  1422 7237.37255  182  156          - 5192.92322      -   362  312s
  1694  1505 7681.24608  211  201          - 5192.92322      -   351  317s
  1808  1589 8941.56437  244  124          - 5192.92322      -   337  322s
  1931  1630 9578.84300  283  139          - 5192.92322      -   323  345s
  2021  1655 10165.6541  305   75          - 5192.92322      -   312  350s
  2076  1760 10380.6451  314  104          - 5193.08406      -   306  357s
  2230  1775 5239.85542   30  583          - 5193.08406      -   290  364s
  2286  1757 9632.19879  339    9          - 5193.08406      -   286  365s
  2326  1772 5282.73929   34  694          - 5193.08406      -   286  373s
  2335  1777 5293.98358   36  750          - 5193.08406      -   289  377s
  2343  1785 5322.52482   38  720          - 5193.08406      -   291  382s
  2354  1793 5338.66160   40  536          - 5193.08406      -   293  386s
  2365  1802 5378.00596   42  411          - 5193.08406      -   296  390s
  2378  1809 5388.85992   46  504          - 5193.08406      -   298  395s
  2403  1829 5440.64171   53  466          - 5193.08406      -   302  404s
  2418  1845 5516.70284   57  490          - 5193.08406      -   305  409s
  2439  1882 5601.43683   63  284          - 5193.08406      -   306  414s
  2483  1928 5809.20637   82  173          - 5193.08406      -   305  420s
  2543  1966 6090.75275  108  195          - 5193.08406      -   303  426s
  2601  2098 6480.80844  133  107          - 5193.08406      -   302  434s
  2641  2085 6609.88268  153   83          - 5193.08406      -   299  435s
  2757  2151 7876.91162  204   57          - 5202.41598      -   292  446s
  2910  2131 5301.14960   30  766          - 5202.41598      -   282  453s
  2931  2156 5362.28413   34  447          - 5202.41598      -   284  459s
  2963  2172 5496.29898   46  536          - 5202.41598      -   285  465s
  2989  2196 5595.01027   52  279          - 5202.41598      -   286  471s
  3022  2222 5671.33732   54  311          - 5202.41598      -   287  478s
  3059  2245 5820.25939   61  306          - 5202.41598      -   288  485s
  3094  2308 5878.83063   67  260          - 5202.41598      -   289  492s
  3169  2396 6122.71314   88  163          - 5202.41598      -   287  501s
  3282  2511 6541.41468  125  136          - 5202.41598      -   283  511s
  3439  2505 7932.94099  168   72          - 5216.35291      -   277  520s
  3513  2514 5344.95515   32  783          - 5216.35291      -   277  528s
  3547  2551 5445.47973   35  601          - 5216.35291      -   279  535s
  3595  2632 5471.37924   41  462          - 5216.35291      -   280  545s
  3692  2701 5528.78064   51  440          - 5216.35291      -   278  555s
  3793  2894 5590.24348   60  439          - 5216.35291      -   277  569s
  4064  2997 5679.70591   64  354          - 5216.35291      -   265  582s
  4232  3046 5747.42641   69  319          - 5216.35291      -   259  592s
  4257  3082 5813.67870   78  193          - 5216.35291      -   261  601s
  4293  3156 5906.63148   95  164          - 5216.35291      -   262  611s
  4367  3405 6030.11839  129   80          - 5219.23925      -   262  627s
  4653  3429 8449.10000  211    -          - 5219.23925      -   249  630s
  4678  3462 5353.42857   33  647          - 5219.23925      -   250  639s
  4706  3530 5483.64102   36  746          - 5219.23925      -   251  649s
  4774  3646 5583.06208   47  291          - 5219.23925      -   251  660s
  4892  3864 5781.05802   57  249          - 5219.23925      -   249  673s
  5041  3864 6179.44302  122  101          - 5219.23925      -   245  675s
  5110  4246 5922.65965   83  128          - 5219.23925      -   243  690s
  5498  4458 6714.27995  142   84          - 5220.17285      -   233  707s
  5856  4551 5439.78997   30  746          - 5231.06569      -   225  721s
  5892  4592 5552.73918   38  396          - 5231.06569      -   226  733s
  5933  4674 5748.74922   51  349          - 5231.06569      -   227  745s
  6015  4894 5970.86987   73  136          - 5231.06569      -   227  760s
  6239  5155 6803.63573  124  157          - 5232.66275      -   224  779s
  6350  5155 7571.26431  157   38          - 5232.66275      -   222  780s
  6557  5169 5478.66009   31  866          - 5235.34215      -   220  792s
  6561  5189 5637.80865   33  791          - 5235.34215      -   221  803s
  6581  5246 5698.61489   41  321          - 5235.34215      -   223  817s
  6640  5346 5868.50242   57  274          - 5235.34215      -   223  831s
  6740  5537 6068.79016   80   79          - 5235.46255      -   223  851s
  6967  5617 5470.99976   34  755          - 5235.46255      -   221  866s
  7047  5754 5532.11074   40  838          - 5235.46255      -   221  883s
  7251  5787 8962.92000  186    -          - 5235.46255      -   217  885s
  7256  5819 5601.77384   44  534          - 5235.46255      -   218  900s
  7285  5871 5704.67167   50  427          - 5235.46255      -   220  916s
  7337  5950 5739.94851   56  553          - 5235.46255      -   222  934s
  7367  5950 5855.87587   72  339          - 5235.46255      -   224  935s
  7418  6242 5773.24198   62  413          - 5235.46255      -   224  958s
  7710  6310 5929.79691   71  343          - 5235.46255      -   220  982s
  7816  6355 6018.65269   81  329          - 5235.46255      -   222  999s
  7861  6381 6223.06834   93  353          - 5235.46255      -   224 1070s
  7887  6439 6262.53556  100  323          - 5235.46255      -   225 1088s
  7945  6510 6565.15388  109  176          - 5235.46255      -   228 1115s
  8016  6816 6743.54902  129  161          - 5248.14677      -   230 1143s
  8185  6816 7889.60445  192   70          - 5248.14677      -   229 1145s
  8352  6869 5345.25558   35  747          - 5248.14677      -   227 1176s
  8391  7028 5567.01548   44  468          - 5248.14677      -   230 1199s
  8427  7028 5817.72612   66  258          - 5248.14677      -   230 1200s
  8550  7291 6235.55910   88  145          - 5251.00579      -   230 1227s
  8839  7427 5554.16510   37  867          - 5251.00579      -   228 1253s
  8974  7427 7948.28674  183   57          - 5251.00579      -   228 1255s
  9009  7491 5698.44063   47  507          - 5251.00579      -   228 1275s
  9079  7814 5837.78970   59  448          - 5251.00579      -   230 1303s
  9204  7814 6192.12911  115  146          - 5251.00579      -   231 1305s
  9474  8030 6251.74996   73  240          - 5251.00579      -   226 1331s
  9662  8111 7226.41387  134   60          - 5258.44642      -   226 1354s
  9702  8111 7586.04054  147   29          - 5258.44642      -   225 1355s
  9773  8171 5587.78715   39  581          - 5258.44642      -   227 1375s
  9833  8299 5695.41958   49  431          - 5258.44642      -   229 1398s
  9948  8299 6640.89366  114  101          - 5258.44642      -   230 1400s
  9961  8503 5931.56895   58  242          - 5258.44642      -   230 1429s
 10030  8503 6676.60404  126  106          - 5258.44642      -   231 1430s
 10229  8572 6383.05895   72  218          - 5259.42553      -   230 1453s
 10297  8844 5513.74404   39  836          - 5259.42553      -   231 1484s
 10355  8844 6087.52818   76  171          - 5259.42553      -   232 1485s
 10597  9034 5809.07271   56  237          - 5259.42553      -   229 1512s
 10786  9192 6662.97202  135   60          - 5260.00514      -   229 1538s
 10984  9688 5602.74038   43  221          - 5260.00514      -   229 1569s
 11066  9688 6351.41246  114  184          - 5260.00514      -   230 1570s
 11534  9719 9317.07000  244    7          - 5260.00514      -   222 1575s
 11539  9853 5928.67525   65  220          - 5265.27517      -   222 1607s
 11703  9916 5431.71101   32  818          - 5265.27517      -   224 1636s
 11766 10092 5600.48844   38  699          - 5265.27517      -   225 1663s
 11941 10105 6994.17898  124   26          - 5265.27517      -   224 1665s
 12026 10211 5721.01224   47  439          - 5265.27517      -   223 1708s
 12103 10480 5969.12077   61  296          - 5265.27517      -   225 1734s
 12168 10480 6175.94336   91  123          - 5265.27517      -   225 1735s
 12396 10732 6324.54740  110   54          - 5269.90420      -   223 1765s
 12697 10793 5518.27078   40  836          - 5269.90420      -   221 1788s
 12730 10845 5678.99823   49  561          - 5269.90420      -   223 1808s
 12782 10952 5837.68360   53  414          - 5269.90420      -   225 1830s
 12889 11272 5983.95561   71  419          - 5269.90420      -   226 1858s
 12980 11272 6523.74191  112  121          - 5269.90420      -   226 1860s
 13261 11363 6145.65893   86  314          - 5269.90420      -   223 1885s
 13326 11523 6468.06995  111  347          - 5269.90420      -   225 1909s
 13365 11523 6475.74458  131  181          - 5269.90420      -   225 1910s
 13486 11621 7715.30504  168  161          - 5270.22325      -   225 1933s
 13618 11689 5515.04731   39  786          - 5270.22325      -   226 1987s
 13686 11841 5587.93507   46  407          - 5270.22325      -   228 2011s
 13840 12121 5995.16567   59  392          - 5270.22325      -   228 2042s
 13990 12121 7121.41027  140   45          - 5270.22325      -   228 2045s
 14180 12401 6262.31706   90  217          - 5270.22325      -   227 2073s
 14258 12401 6494.94698  122  174          - 5270.22325      -   227 2075s
 14440 12527 7285.64330  178   64          - 5275.42238      -   226 2101s
 14612 12673 5669.88408   44  421          - 5275.42238      -   226 2125s
 14736 12834 6111.35543   95  157          - 5283.53725      -   226 2155s
 14933 12897 5613.27352   33  767          - 5283.53725      -   226 2178s
 14996 13027 5828.23489   45  689          - 5283.53725      -   227 2199s
 15009 13027 5898.67647   50  599          - 5283.53725      -   228 2200s
 15132 13133 5938.99606   52  535          - 5283.53725      -   228 2224s
 15155 13133 7408.60556  145   66          - 5283.53725      -   229 2225s
 15274 13176 6076.12216   60  499          - 5283.53725      -   229 2246s
 15317 13239 6202.45244   71  456          - 5283.53725      -   230 2268s
 15380 13342 6364.16772   85  323          - 5283.53725      -   231 2290s
 15483 13806 6579.24360  105  247          - 5285.65246      -   232 2323s
 15587 13806 7014.59099  143   58          - 5285.65246      -   232 2325s
 15991 13869 5455.88475   35  710          - 5285.65246      -   230 2352s
 16116 13941 5744.81413   43  514          - 5285.65246      -   230 2373s
 16157 13998 6016.75833   49  425          - 5285.65246      -   231 2394s
 16190 13998 5892.24672   50  582          - 5285.65246      -   232 2395s
 16214 14049 6134.58032   63  411          - 5285.65246      -   232 2430s
 16265 14194 6371.15728   77  355          - 5285.65246      -   233 2456s
 16410 14430 6851.55537  114  179          - 5286.43735      -   234 2484s
 16488 14430 7062.51500  151   67          - 5286.43735      -   234 2485s
 16670 14513 5590.90471   45  718          - 5286.43735      -   233 2511s
 16761 14574 5762.69821   55  470          - 5286.43735      -   234 2566s
 16813 14682 6128.01149   69  417          - 5286.43735      -   235 2592s
 16921 14892 6363.81852   93  381          - 5286.43735      -   236 2618s
 17012 14892 6843.41391  120  198          - 5286.43735      -   236 2620s
 17131 15243 6875.35703  125  186          - 5287.65029      -   236 2652s
 17287 15243 7685.78963  180   32          - 5287.65029      -   235 2655s
 17582 15323 5394.22766   34  690          - 5288.40369      -   233 2679s
 17614 15388 5670.87333   42  370          - 5288.40369      -   235 2733s
 17679 15496 5933.91429   63  113          - 5288.40369      -   236 2759s
 17731 15496 6132.92655   76   85          - 5288.40369      -   236 2760s
 17787 15822 6232.29572   80   86          - 5288.45310      -   237 2794s
 17839 15822 6521.24510  102   46          - 5288.45310      -   237 2795s
 18187 16100 5575.21178   36  627          - 5288.45310      -   235 2830s
 18486 16133 5707.24916   47  555          - 5288.45310      -   234 2875s
 18519 16196 5996.98402   52  410          - 5288.45310      -   235 2899s
 18582 16286 6208.05379   68  320          - 5288.45310      -   236 2932s
 18672 16478 6460.93280   90  270          - 5288.45310      -   237 2957s
 18864 16851 7132.94962  116  134          - 5292.16469      -   238 2988s
 18994 16851 8385.40935  165  114          - 5292.16469      -   237 2990s
 19299 16912 5656.07085   34  701          - 5295.80250      -   236 3014s
 19344 17032 5894.62912   40  411          - 5295.80250      -   237 3039s
 19393 17032 6237.21444   76  189          - 5295.80250      -   238 3040s
 19464 17303 6161.56709   58  343          - 5295.80250      -   238 3073s
 19637 17303 7369.51089  165   44          - 5295.80250      -   238 3075s
 19797 17445 6715.53044   80  211          - 5296.54490      -   237 3099s
 19810 17445 6944.24961   85  170          - 5296.54490      -   237 3100s
 19970 17524 5654.63615   46  548          - 5296.54490      -   237 3126s
 20049 17735 5889.30995   56  359          - 5296.54490      -   238 3155s
 20274 17900 6412.97145   87  147          - 5297.31855      -   238 3184s
 20300 17900 6625.82965   93  149          - 5297.31855      -   238 3185s
 20466 17948 5563.90138   45  749          - 5297.31855      -   238 3208s
 20514 18021 5750.07906   53  542          - 5297.31855      -   239 3232s
 20587 18152 6020.96961   66  319          - 5297.31855      -   240 3259s
 20616 18152 6022.70744   77  231          - 5297.31855      -   240 3260s
 20718 18518 6247.50061   94  253          - 5297.31855      -   241 3287s
 20951 18518 6804.09818  124   83          - 5297.31855      -   240 3290s
 21108 18631 7344.94531  156   42          - 5297.99833      -   239 3315s
 21249 18744 5759.21783   48  514          - 5297.99833      -   240 3340s
 21350 19109 6031.10381   64  304          - 5297.99833      -   241 3375s
 21745 19358 7264.79428  108  126          - 5298.02192      -   239 3406s
 22104 19439 5812.10601   46  424          - 5300.07379      -   238 3462s
 22150 19529 6052.74834   61  257          - 5300.07379      -   239 3485s
 22240 19666 6294.87833   76  424          - 5300.07379      -   240 3511s
 22419 19785 6656.55863   96  106          - 5300.91653      -   240 3541s
 22568 19846 5797.11280   40  579          - 5300.91653      -   241 3565s
 22629 20128 6086.82792   52  371          - 5300.91653      -   242 3594s
 22694 20128 6413.22670   83  177          - 5300.91653      -   242 3595s
 22953 20155 infeasible  100               - 5300.91653      -   241 3600s

Cutting planes:
  User: 7285
  Gomory: 14
  Cover: 584
  Implied bound: 225
  Projected implied bound: 14
  Clique: 31
  MIR: 120
  Flow cover: 459
  GUB cover: 1
  Zero half: 37
  RLT: 435
  Relax-and-lift: 7
  Lazy constraints: 2671

Explored 22969 nodes (5553200 simplex iterations) in 3600.11 seconds
Thread count was 2 (of 32 available processors)

Solution count 0

Time limit reached
Best objective -, best bound 5.300916528729e+03, gap -

User-callback calls 432508, time in user-callback 348.09 sec
writeSolution() exp: Unable to retrieve attribute 'X'
================================================================================
executing instance: ./input/Instances/Original/5/absH3low_4n25.dat
--------------------------------------------------------------------------------
Instance details
n	26
H	3
C	2029
Li:
[0, 0, 0, 0, 0, 0, 0, 0, 0, 0, 0, 0, 0, 0, 0, 0, 0, 0, 0, 0, 0, 0, 0, 0, 0, 0, ]
Ui:
[0, 34, 165, 76, 88, 188, 58, 279, 52, 132, 198, 142, 135, 165, 186, 58, 201, 196, 40, 183, 32, 90, 168, 126, 93, 146, ]
Distance matrix:
|0	299	188	235	91	202	152	147	162	277	268	132	71	162	220	69	220	289	241	124	265	80	162	132	66	302	|
|299	0	468	431	282	142	317	425	443	569	193	178	359	302	422	231	93	28	511	325	457	242	434	215	240	601	|
|188	468	0	153	265	342	308	43	192	106	455	290	117	206	142	246	379	464	252	274	360	267	211	319	231	184	|
|235	431	153	0	326	289	386	145	321	240	482	269	184	129	15	258	339	436	393	355	477	305	336	354	237	334	|
|91	282	265	326	0	228	66	228	166	339	196	157	154	242	311	99	225	264	229	50	201	47	153	71	115	340	|
|202	142	342	289	228	0	285	301	363	447	255	73	245	161	281	139	53	151	440	278	428	181	360	187	136	495	|
|152	317	308	386	66	285	0	275	167	368	188	217	207	308	371	163	274	295	210	34	145	108	148	104	181	350	|
|147	425	43	145	228	301	275	0	179	146	415	248	76	172	131	203	337	421	248	242	341	227	195	279	188	211	|
|162	443	192	321	166	363	167	179	0	216	352	291	152	302	307	225	375	428	81	138	170	201	22	237	227	183	|
|277	569	106	240	339	447	368	146	216	0	535	391	210	312	232	341	481	562	245	335	381	352	238	402	329	106	|
|268	193	455	482	196	255	188	415	352	535	0	225	339	367	469	224	212	165	398	214	302	188	335	136	245	533	|
|132	178	290	269	157	73	217	248	291	391	225	0	183	145	258	66	91	175	367	207	358	110	287	127	67	431	|
|71	359	117	184	154	245	207	76	152	210	339	183	0	152	169	131	274	352	232	174	294	151	161	203	119	251	|
|162	302	206	129	242	161	308	172	302	312	367	145	152	0	120	153	210	308	383	284	426	208	309	249	132	383	|
|220	422	142	15	311	281	371	131	307	232	469	258	169	120	0	245	330	427	379	340	461	291	321	340	224	324	|
|69	231	246	258	99	139	163	203	225	341	224	66	131	153	245	0	152	222	301	147	299	57	221	97	22	371	|
|220	93	379	339	225	53	274	337	375	481	212	91	274	210	330	152	0	99	448	273	419	180	369	171	157	521	|
|289	28	464	436	264	151	295	421	428	562	165	175	352	308	427	222	99	0	493	305	434	227	418	196	234	590	|
|241	511	252	393	229	440	210	248	81	245	398	367	232	383	379	301	448	493	0	190	147	270	80	298	305	175	|
|124	325	274	355	50	278	34	242	138	335	214	207	174	284	340	147	273	305	190	0	152	97	122	110	162	320	|
|265	457	360	477	201	428	145	341	170	381	302	358	294	426	461	299	419	434	147	152	0	248	150	249	312	322	|
|80	242	267	305	47	181	108	227	201	352	188	110	151	208	291	57	180	227	270	97	248	0	192	52	76	366	|
|162	434	211	336	153	360	148	195	22	238	335	287	161	309	321	221	369	418	80	122	150	192	0	224	225	203	|
|132	215	319	354	71	187	104	279	237	402	136	127	203	249	340	97	171	196	298	110	249	52	224	0	118	409	|
|66	240	231	237	115	136	181	188	227	329	245	67	119	132	224	22	157	234	305	162	312	76	225	118	0	364	|
|302	601	184	334	340	495	350	211	183	106	533	431	251	383	324	371	521	590	175	320	322	366	203	409	364	0	|

--------------------------------------------------------------------------------
Building model...
	using lazy and cut (CVRPSEP package)
Solving IRP LP...
--------------------------------------------------------------------------------

Gurobi 9.1.0 (linux64) logging started Mon Feb 15 07:48:08 2021

Gurobi Optimizer version 9.1.0 build v9.1.0rc0 (linux64)
Thread count: 32 physical cores, 32 logical processors, using up to 2 threads
Optimize a model with 1268 rows, 5744 columns and 15200 nonzeros
Model fingerprint: 0x8ca7f73c
Variable types: 479 continuous, 5265 integer (390 binary)
Coefficient statistics:
  Matrix range     [1e+00, 4e+02]
  Objective range  [1e-02, 6e+02]
  Bounds range     [1e+00, 3e+02]
  RHS range        [1e+00, 3e+03]
Presolve removed 366 rows and 927 columns
Presolve time: 0.10s
Presolved: 902 rows, 4817 columns, 11985 nonzeros
