




arguments: ./build/bc_mirp -f ./input/orig_exec_35.cfg
Current dir: /scratch/gui/bc_mirp
File verbosity level: 9
date       time         ( uptime  ) [ thread name/id ]                   file:line     v| 
2021-02-06 18:02:13.021 (   0.320s) [main thread     ]             loguru.cpp:789   INFO| Logging to './output/vi_vc+lex_half/OU/V4/Original/execution_06_02_2021_18_02_13.log', mode: 'a', verbosity: 9
--------------------------------------------------------------------------------
Parameters
                           instance_path           ./input/Instances/Original/1/
                            model_policy                                       1
                             nb_vehicles                                       4
                              output_dir ./output/vi_vc+lex_half/OU/V4/Original/
                            sec_strategy                                       1
                       solver_nb_threads                                       2
                         solver_show_log                                    true
                       solver_time_limit                                    3600
                              use_vi_cos                                   false
                              use_vi_cus                                   false
                         use_vi_hc1_full                                   false
                         use_vi_hc1_half                                   false
                      use_vi_hc1_quarter                                   false
                              use_vi_hc2                                   false
                              use_vi_hc3                                   false
                         use_vi_lex_full                                   false
                         use_vi_lex_half                                    true
                      use_vi_lex_quarter                                   false
                              use_vi_qua                                   false
                               use_vi_vc                                    true
                               use_vi_vr                                   false
--------------------------------------------------------------------------------
executing instance: ./input/Instances/Original/1/absH3high_1n5.dat
--------------------------------------------------------------------------------
Instance details
n	6
H	3
C	289
Li:
[0, 0, 0, 0, 0, 0, ]
Ui:
[0, 195, 105, 116, 72, 22, ]
Distance matrix:
|0	85	349	17	203	289	|
|85	0	265	102	214	226	|
|349	265	0	366	368	238	|
|17	102	366	0	207	302	|
|203	214	368	207	0	431	|
|289	226	238	302	431	0	|

--------------------------------------------------------------------------------
Building model...
	using lazy and cut (CVRPSEP package)
Solving IRP LP...
--------------------------------------------------------------------------------

Gurobi 9.1.0 (linux64) logging started Sat Feb  6 18:02:13 2021

Gurobi Optimizer version 9.1.0 build v9.1.0rc0 (linux64)
Thread count: 32 physical cores, 32 logical processors, using up to 2 threads
Optimize a model with 234 rows, 336 columns and 1191 nonzeros
Model fingerprint: 0xc0871445
Variable types: 84 continuous, 252 integer (72 binary)
Coefficient statistics:
  Matrix range     [1e+00, 2e+02]
  Objective range  [2e-01, 4e+02]
  Bounds range     [1e+00, 2e+02]
  RHS range        [1e+00, 5e+02]
Presolve removed 122 rows and 188 columns
Presolve time: 0.01s
Presolved: 112 rows, 148 columns, 482 nonzeros
Variable types: 28 continuous, 120 integer (80 binary)
Found heuristic solution: objective 4479.0700000
Found heuristic solution: objective 2887.3300000

Root relaxation: objective 1.897530e+03, 111 iterations, 0.00 seconds

    Nodes    |    Current Node    |     Objective Bounds      |     Work
 Expl Unexpl |  Obj  Depth IntInf | Incumbent    BestBd   Gap | It/Node Time

     0     0 1897.53024    0   20 2887.33000 1897.53024  34.3%     -    0s
     0     0 2102.73980    0   27 2887.33000 2102.73980  27.2%     -    0s
     0     0 2499.26909    0   54 2887.33000 2499.26909  13.4%     -    0s
H    0     0                    2885.6500000 2499.26909  13.4%     -    0s
     0     0 2501.27013    0   55 2885.65000 2501.27013  13.3%     -    0s
     0     0 2507.74256    0   21 2885.65000 2507.74256  13.1%     -    0s
H    0     0                    2824.6500000 2507.74256  11.2%     -    0s
     0     0 2530.77891    0   50 2824.65000 2530.77891  10.4%     -    0s
     0     0 2549.19027    0   34 2824.65000 2549.19027  9.75%     -    0s
     0     0 2583.96564    0   45 2824.65000 2583.96564  8.52%     -    0s
H    0     0                    2703.3300000 2583.96564  4.42%     -    0s
     0     0 2587.60565    0   45 2703.33000 2587.60565  4.28%     -    0s
     0     0 2588.17973    0   48 2703.33000 2588.17973  4.26%     -    0s
     0     0 2588.17973    0   45 2703.33000 2588.17973  4.26%     -    0s
     0     0 2588.17973    0   12 2703.33000 2588.17973  4.26%     -    0s
     0     0 2590.31958    0   19 2703.33000 2590.31958  4.18%     -    0s
     0     0 2594.84000    0   17 2703.33000 2594.84000  4.01%     -    0s
     0     0     cutoff    0      2703.33000 2703.33000  0.00%     -    0s

Cutting planes:
  Gomory: 3
  Cover: 2
  Implied bound: 2
  Clique: 4
  MIR: 8
  Flow cover: 6
  GUB cover: 1
  RLT: 2

Explored 1 nodes (387 simplex iterations) in 0.10 seconds
Thread count was 2 (of 32 available processors)

Solution count 5: 2703.33 2824.65 2885.65 ... 4479.07

Optimal solution found (tolerance 1.00e-04)
Best objective 2.703330000000e+03, best bound 2.703330000000e+03, gap 0.0000%

User-callback calls 211, time in user-callback 0.00 sec
================================================================================
executing instance: ./input/Instances/Original/1/absH3high_1n45.dat
--------------------------------------------------------------------------------
Instance details
n	46
H	3
C	3462
Li:
[0, 0, 0, 0, 0, 0, 0, 0, 0, 0, 0, 0, 0, 0, 0, 0, 0, 0, 0, 0, 0, 0, 0, 0, 0, 0, 0, 0, 0, 0, 0, 0, 0, 0, 0, 0, 0, 0, 0, 0, 0, 0, 0, 0, 0, 0, ]
Ui:
[0, 273, 270, 36, 165, 192, 148, 45, 30, 75, 180, 198, 112, 117, 90, 64, 180, 22, 264, 174, 168, 270, 86, 66, 26, 66, 237, 156, 92, 108, 144, 72, 30, 45, 94, 54, 174, 96, 198, 136, 44, 180, 210, 249, 198, 48, ]
Distance matrix:
|0	281	201	160	249	201	93	431	236	139	252	136	116	166	390	110	349	374	303	180	327	464	236	70	44	461	346	439	363	254	312	426	305	206	71	137	169	200	247	260	20	219	256	253	460	278	|
|281	0	448	170	53	142	338	184	121	290	371	390	222	302	111	289	169	434	230	177	238	441	59	212	319	211	86	235	399	306	53	176	99	202	263	157	361	101	370	201	264	344	364	374	469	184	|
|201	448	0	285	430	325	114	556	361	171	191	64	228	174	546	294	453	306	364	289	388	435	393	254	157	585	491	536	318	254	490	554	436	407	266	292	108	388	186	337	207	181	205	190	408	364	|
|160	170	285	0	169	43	182	280	80	120	208	231	58	132	262	230	190	294	151	24	174	345	112	107	183	309	207	280	268	158	219	276	155	235	187	45	192	150	205	107	140	177	202	210	356	119	|
|249	53	430	169	0	152	317	238	145	282	377	369	212	299	157	242	215	452	261	183	273	474	76	181	290	264	140	287	421	320	63	229	145	148	221	142	352	53	374	226	234	346	370	378	498	215	|
|201	142	325	43	152	0	224	237	37	156	230	273	101	164	224	261	148	300	127	38	147	333	83	142	225	266	167	238	270	168	193	233	112	246	221	70	228	148	228	84	180	202	222	232	351	87	|
|93	338	114	182	317	224	0	460	262	92	180	52	124	112	440	199	364	307	292	191	317	415	284	140	57	490	387	452	304	208	377	457	336	297	163	181	84	274	175	256	95	152	188	180	402	280	|
|431	184	556	280	238	237	460	0	199	385	420	508	337	385	108	464	110	429	219	269	206	378	202	365	460	30	98	84	388	340	204	9	126	386	432	294	453	283	421	226	411	404	408	423	422	198	|
|236	121	361	80	145	37	262	199	0	191	255	310	138	197	191	290	114	312	118	72	133	330	69	175	262	229	132	204	279	186	174	195	75	258	251	102	262	153	254	81	216	230	246	257	353	72	|
|139	290	171	120	282	156	92	385	191	0	116	129	71	27	380	246	283	235	201	119	226	329	231	141	129	414	323	367	224	119	336	383	266	308	202	141	72	252	112	169	127	82	118	117	322	195	|
|252	371	191	208	377	230	180	420	255	116	0	187	178	90	443	361	311	127	204	195	224	246	313	257	232	446	382	380	129	81	423	421	320	422	318	242	100	355	5	195	241	34	15	2	225	224	|
|136	390	64	231	369	273	52	508	310	129	187	0	173	141	491	233	409	313	330	239	355	431	335	191	93	538	438	495	316	233	429	505	385	342	203	233	88	325	182	297	143	167	199	187	412	323	|
|116	222	228	58	212	101	124	337	138	71	178	173	0	91	319	206	244	284	187	69	212	357	165	85	130	367	265	333	264	151	267	333	213	244	161	70	140	181	175	145	97	145	177	180	359	165	|
|166	302	174	132	299	164	112	385	197	27	90	141	91	0	388	273	280	208	191	127	215	305	243	167	153	413	329	361	198	96	351	383	270	333	229	159	68	272	86	163	153	56	92	91	296	190	|
|390	111	546	262	157	224	440	108	191	380	443	491	319	388	0	399	164	480	264	261	261	456	156	320	426	125	62	186	442	369	107	99	125	300	374	260	452	210	443	252	372	420	433	446	494	227	|
|110	289	294	230	242	261	199	464	290	246	361	233	206	273	399	0	402	480	382	254	404	562	262	124	143	493	369	490	466	355	302	457	344	135	45	191	279	189	356	337	120	328	364	362	563	348	|
|349	169	453	190	215	148	364	110	114	283	311	409	244	280	164	402	0	324	110	174	101	292	151	289	372	135	109	90	284	230	212	111	70	354	364	216	348	245	312	118	329	295	298	313	330	90	|
|374	434	306	294	452	300	307	429	312	235	127	313	284	208	480	480	324	0	216	274	223	137	380	368	357	448	419	367	40	136	487	432	358	525	436	336	227	443	132	234	361	156	119	127	102	255	|
|303	230	364	151	261	127	292	219	118	201	204	330	187	191	264	382	110	216	0	128	25	213	185	258	314	243	203	176	178	123	282	221	144	372	338	193	256	270	206	45	283	193	191	206	239	46	|
|180	177	289	24	183	38	191	269	72	119	195	239	69	127	261	254	174	274	128	0	151	321	118	130	198	299	204	263	246	139	228	266	147	258	211	68	191	169	193	83	159	166	188	197	333	98	|
|327	238	388	174	273	147	317	206	133	226	224	355	212	215	261	404	101	223	25	151	0	203	198	281	339	228	202	156	184	143	288	209	146	390	362	215	280	286	226	68	308	215	210	226	235	61	|
|464	441	435	345	474	333	415	378	330	329	246	431	357	305	456	562	292	137	213	321	203	0	398	440	458	390	400	301	117	211	492	384	348	578	517	389	344	480	251	251	448	265	233	246	54	259	|
|236	59	393	112	76	83	284	202	69	231	313	335	165	243	156	262	151	380	185	118	198	398	0	167	270	231	110	233	347	250	110	195	85	203	230	103	303	95	311	150	217	284	305	315	422	139	|
|70	212	254	107	181	142	140	365	175	141	257	191	85	167	320	124	289	368	258	130	281	440	167	0	109	394	277	378	349	236	244	359	239	167	81	73	196	135	253	213	53	223	257	258	444	226	|
|44	319	157	183	290	225	57	460	262	129	232	93	130	153	426	143	372	357	314	198	339	458	270	109	0	490	379	462	351	247	353	456	334	250	110	168	140	243	226	274	56	201	238	232	449	294	|
|461	211	585	309	264	266	490	30	229	414	446	538	367	413	125	493	135	448	243	299	228	390	231	394	490	0	125	89	408	365	226	36	156	412	462	324	481	311	447	253	441	430	433	448	436	225	|
|346	86	491	207	140	167	387	98	132	323	382	438	265	329	62	369	109	419	203	204	202	400	110	277	379	125	0	155	381	307	113	90	63	288	339	211	394	186	382	190	327	359	371	384	436	165	|
|439	235	536	280	287	238	452	84	204	367	380	495	333	361	186	490	90	367	176	263	156	301	233	378	462	89	155	0	326	299	267	92	148	432	454	306	429	325	382	199	419	369	366	382	348	172	|
|363	399	318	268	421	270	304	388	279	224	129	316	264	198	442	466	284	40	178	246	184	117	347	349	351	408	381	326	0	113	452	391	321	502	422	311	229	415	134	199	348	152	118	130	98	219	|
|254	306	254	158	320	168	208	340	186	119	81	233	151	96	369	355	230	136	123	139	143	211	250	236	247	365	307	299	113	0	359	340	244	390	310	200	148	308	83	117	238	74	68	83	208	145	|
|312	53	490	219	63	193	377	204	174	336	423	429	267	351	107	302	212	487	282	228	288	492	110	244	353	226	113	267	452	359	0	195	145	194	283	199	407	115	421	254	296	394	415	425	521	237	|
|426	176	554	276	229	233	457	9	195	383	421	505	333	383	99	457	111	432	221	266	209	384	195	359	456	36	90	92	391	340	195	0	122	378	426	289	451	275	421	226	406	404	408	423	427	197	|
|305	99	436	155	145	112	336	126	75	266	320	385	213	270	125	344	70	358	144	147	146	348	85	239	334	156	63	148	321	244	145	122	0	286	310	168	336	177	320	128	285	298	309	322	381	103	|
|206	202	407	235	148	246	297	386	258	308	422	342	244	333	300	135	354	525	372	258	390	578	203	167	250	412	288	432	502	390	194	378	286	0	144	191	362	109	418	329	202	388	421	423	591	329	|
|71	263	266	187	221	221	163	432	251	202	318	203	161	229	374	45	364	436	338	211	362	517	230	81	110	462	339	454	422	310	283	426	310	144	0	150	239	168	313	294	77	285	321	319	518	306	|
|137	157	292	45	142	70	181	294	102	141	242	233	70	159	260	191	216	336	193	68	215	389	103	73	168	324	211	306	311	200	199	289	168	191	150	0	210	113	239	148	117	210	238	244	400	157	|
|169	361	108	192	352	228	84	453	262	72	100	88	140	68	452	279	348	227	256	191	280	344	303	196	140	481	394	429	229	148	407	451	336	362	239	210	0	318	95	231	164	79	111	100	325	258	|
|200	101	388	150	53	148	274	283	153	252	355	325	181	272	210	189	245	443	270	169	286	480	95	135	243	311	186	325	415	308	115	275	177	109	168	113	318	0	352	230	187	323	351	357	498	225	|
|247	370	186	205	374	228	175	421	254	112	5	182	175	86	443	356	312	132	206	193	226	251	311	253	226	447	382	382	134	83	421	421	320	418	313	239	95	352	0	196	237	30	19	6	230	224	|
|260	201	337	107	226	84	256	226	81	169	195	297	145	163	252	337	118	234	45	83	68	251	150	213	274	253	190	199	199	117	254	226	128	329	294	148	231	230	196	0	240	178	184	198	272	29	|
|20	264	207	140	234	180	95	411	216	127	241	143	97	153	372	120	329	361	283	159	308	448	217	53	56	441	327	419	348	238	296	406	285	202	77	117	164	187	237	240	0	208	245	242	446	257	|
|219	344	181	177	346	202	152	404	230	82	34	167	145	56	420	328	295	156	193	166	215	265	284	223	201	430	359	369	152	74	394	404	298	388	285	210	79	323	30	178	208	0	37	35	250	206	|
|256	364	205	202	370	222	188	408	246	118	15	199	177	92	433	364	298	119	191	188	210	233	305	257	238	433	371	366	118	68	415	408	309	421	321	238	111	351	19	184	245	37	0	17	214	212	|
|253	374	190	210	378	232	180	423	257	117	2	187	180	91	446	362	313	127	206	197	226	246	315	258	232	448	384	382	130	83	425	423	322	423	319	244	100	357	6	198	242	35	17	0	225	226	|
|460	469	408	356	498	351	402	422	353	322	225	412	359	296	494	563	330	102	239	333	235	54	422	444	449	436	436	348	98	208	521	427	381	591	518	400	325	498	230	272	446	250	214	225	0	285	|
|278	184	364	119	215	87	280	198	72	195	224	323	165	190	227	348	90	255	46	98	61	259	139	226	294	225	165	172	219	145	237	197	103	329	306	157	258	225	224	29	257	206	212	226	285	0	|

--------------------------------------------------------------------------------
Building model...
	using lazy and cut (CVRPSEP package)
Solving IRP LP...
--------------------------------------------------------------------------------

Gurobi 9.1.0 (linux64) logging started Sat Feb  6 18:02:13 2021

Gurobi Optimizer version 9.1.0 build v9.1.0rc0 (linux64)
Thread count: 32 physical cores, 32 logical processors, using up to 2 threads
Optimize a model with 1714 rows, 13696 columns and 31831 nonzeros
Model fingerprint: 0x444a1ca3
Variable types: 724 continuous, 12972 integer (552 binary)
Coefficient statistics:
  Matrix range     [1e+00, 8e+06]
  Objective range  [1e-01, 6e+02]
  Bounds range     [1e+00, 3e+02]
  RHS range        [1e+00, 6e+03]
Presolve removed 487 rows and 1056 columns
Presolve time: 0.28s
Presolved: 1227 rows, 12640 columns, 27816 nonzeros
Variable types: 440 continuous, 12200 integer (11654 binary)

Root relaxation: objective 1.314057e+04, 1420 iterations, 0.06 seconds

    Nodes    |    Current Node    |     Objective Bounds      |     Work
 Expl Unexpl |  Obj  Depth IntInf | Incumbent    BestBd   Gap | It/Node Time

     0     0 13140.5741    0  128          - 13140.5741      -     -    0s
H    0     0                    19436.590000 13140.5741  32.4%     -    0s
     0     0 13472.6472    0  140 19436.5900 13472.6472  30.7%     -    2s
H    0     0                    19432.910000 13472.6472  30.7%     -    3s
     0     0 13877.4212    0  236 19432.9100 13877.4212  28.6%     -    3s
     0     0 13922.6327    0  196 19432.9100 13922.6327  28.4%     -    3s
     0     0 13925.5383    0  208 19432.9100 13925.5383  28.3%     -    3s
     0     0 13925.5383    0  208 19432.9100 13925.5383  28.3%     -    4s
     0     0 14145.0723    0  272 19432.9100 14145.0723  27.2%     -    4s
     0     0 14159.7223    0  259 19432.9100 14159.7223  27.1%     -    4s
     0     0 14159.7223    0  269 19432.9100 14159.7223  27.1%     -    4s
     0     0 14228.4270    0  331 19432.9100 14228.4270  26.8%     -    5s
     0     0 14244.2869    0  359 19432.9100 14244.2869  26.7%     -    5s
     0     0 14248.1672    0  364 19432.9100 14248.1672  26.7%     -    6s
     0     0 14295.2988    0  347 19432.9100 14295.2988  26.4%     -    6s
     0     0 14322.2599    0  360 19432.9100 14322.2599  26.3%     -    6s
     0     0 14334.3127    0  353 19432.9100 14334.3127  26.2%     -    6s
     0     0 14334.6665    0  356 19432.9100 14334.6665  26.2%     -    6s
     0     0 14388.6490    0  351 19432.9100 14388.6490  26.0%     -    7s
     0     0 14396.8295    0  356 19432.9100 14396.8295  25.9%     -    7s
     0     0 14399.3598    0  368 19432.9100 14399.3598  25.9%     -    7s
     0     0 14400.3936    0  380 19432.9100 14400.3936  25.9%     -    7s
     0     0 14432.9185    0  445 19432.9100 14432.9185  25.7%     -    7s
     0     0 14437.0519    0  322 19432.9100 14437.0519  25.7%     -    7s
     0     0 14437.7406    0  454 19432.9100 14437.7406  25.7%     -    8s
     0     0 14441.6966    0  293 19432.9100 14441.6966  25.7%     -    8s
     0     0 14442.1651    0  268 19432.9100 14442.1651  25.7%     -    8s
     0     0 14444.7890    0  326 19432.9100 14444.7890  25.7%     -    8s
     0     0 14444.7890    0  326 19432.9100 14444.7890  25.7%     -    8s
     0     2 14444.7890    0  301 19432.9100 14444.7890  25.7%     -    9s
     1     4 14444.9341    1  334 19432.9100 14444.9341  25.7%   264   10s
    34    37 14589.0152   10  330 19432.9100 14450.8372  25.6%   359   15s
    62    66 14850.2404   19  250 19432.9100 14450.8372  25.6%   391   20s
   105   111 14893.5115   31  334 19432.9100 14450.8372  25.6%   358   25s
   149   167 15236.3046   42  281 19432.9100 14450.8372  25.6%   343   30s
   206   210 15372.0789   62  316 19432.9100 14450.8372  25.6%   293   43s
   234   238 15412.7635   74  286 19432.9100 14450.8372  25.6%   279   45s
   325   368 15790.0283   95  262 19432.9100 14450.8372  25.6%   244   50s
   559   614 16290.8723  154  208 19432.9100 14450.8372  25.6%   168   56s
   688   681 16471.5603  165  190 19432.9100 14450.8372  25.6%   147   61s
   793   836 17267.0401  247  135 19432.9100 14450.8372  25.6%   141   65s
  1022  1019 18985.9300  444   34 19432.9100 14450.8372  25.6%   119   70s
  1069  1044 16418.7006  167  326 19432.9100 14482.6850  25.5%   123   79s
H 1070   992                    19263.570000 14482.6850  24.8%   123   79s
  1072   993 16949.4040  166  301 19263.5700 14482.6850  24.8%   123   84s
  1074   994 16023.9319  101  509 19263.5700 14482.6850  24.8%   123   85s
  1084  1001 16444.9276  172  651 19263.5700 14563.7411  24.4%   122   90s
  1095  1008 17765.9914  230  680 19263.5700 14573.8780  24.3%   120   95s
  1101  1012 17772.0579  233  635 19263.5700 14578.1420  24.3%   120  100s
  1105  1015 18958.9643  435  692 19263.5700 14578.4354  24.3%   119  106s
  1106  1019 14584.7188   12  663 19263.5700 14581.6361  24.3%   131  111s
  1116  1025 14601.0631   15  704 19263.5700 14597.8435  24.2%   137  115s
  1133  1037 14655.6556   19  581 19263.5700 14613.3752  24.1%   146  120s
  1158  1053 14754.9221   25  506 19263.5700 14613.3752  24.1%   158  126s
  1176  1065 14816.1583   28  436 19263.5700 14613.3752  24.1%   164  143s
  1183  1074 14813.9109   30  457 19263.5700 14613.3752  24.1%   166  146s
  1210  1092 15123.2801   36  472 19263.5700 14613.3752  24.1%   174  150s
  1230  1111 14919.7544   40  426 19263.5700 14613.3752  24.1%   178  156s
  1260  1130 15000.6926   44  399 19263.5700 14613.3752  24.1%   181  161s
  1302  1168 15108.3830   51  324 19263.5700 14613.3752  24.1%   185  165s
  1362  1206 15320.2270   62  347 19263.5700 14613.3752  24.1%   187  170s
  1416  1229 15418.6345   69  371 19263.5700 14613.3752  24.1%   187  175s
  1505  1337 15468.2128   77  350 19263.5700 14613.3752  24.1%   184  181s
  1616  1401 15670.2438   89  275 19263.5700 14613.3752  24.1%   177  186s
  1740  1438 15833.3600  103  205 19263.5700 14613.3752  24.1%   168  191s
* 1752  1381             238    18623.380000 14613.3752  21.5%   168  191s
  1815  1401 14668.2352   18  622 18623.3800 14613.3752  21.5%   167  195s
  1876  1483 16591.8418  158  110 18623.3800 14613.3752  21.5%   168  201s
  1962  1514 17210.3246  198   52 18623.3800 14613.3752  21.5%   165  209s
  1979  1562 17366.0651  205   36 18623.3800 14613.3752  21.5%   165  211s
  2087  1559 18391.1800  245    - 18623.3800 14626.1180  21.5%   159  215s
  2112  1576 14744.2835   22  559 18623.3800 14626.1180  21.5%   163  220s
  2127  1586 14748.2479   22  484 18623.3800 14626.1180  21.5%   166  225s
  2154  1610 14866.3006   23  425 18623.3800 14626.1180  21.5%   170  232s
  2182  1637 14896.5945   30  354 18623.3800 14626.1180  21.5%   173  237s
  2222  1668 15049.6314   38  253 18623.3800 14626.1180  21.5%   175  241s
  2275  1713 15145.6886   44  337 18623.3800 14626.1180  21.5%   177  247s
  2310  1740 15142.6358   52  308 18623.3800 14626.1180  21.5%   177  250s
  2403  1829 15298.6152   62  242 18623.3800 14626.1180  21.5%   176  257s
  2473  1880 15404.9201   66  250 18623.3800 14626.1180  21.5%   174  264s
  2523  1864 17843.3487  175   24 18623.3800 14626.1180  21.5%   172  265s
  2601  1892 15601.0189   74  163 18623.3800 14626.1180  21.5%   171  272s
  2625  1914 15727.8105   79  158 18623.3800 14626.1180  21.5%   172  276s
  2655  1945 15848.4891   84  146 18623.3800 14626.1180  21.5%   173  281s
  2696  1982 15913.0930   92  164 18623.3800 14626.1180  21.5%   173  285s
  2746  2017 16345.9262  108  138 18623.3800 14626.1180  21.5%   173  290s
  2798  2068 16820.3589  116   85 18623.3800 14626.1180  21.5%   173  295s
  2866  2142 17000.2558  126  124 18623.3800 14626.1180  21.5%   172  314s
  2912  2127 17174.7940  145  102 18623.3800 14626.1180  21.5%   171  315s
  2973  2163 infeasible  156      18623.3800 14636.7438  21.4%   170  321s
  3072  2172 14746.6077   16  548 18623.3800 14636.7438  21.4%   168  327s
  3098  2207 14755.9256   20  540 18623.3800 14636.7438  21.4%   168  332s
  3141  2253 14803.6013   25  479 18623.3800 14636.7438  21.4%   169  338s
  3202  2299 14858.2180   30  395 18623.3800 14636.7438  21.4%   169  346s
  3285  2287 14919.2366   32  356 18623.3800 14636.7438  21.4%   168  353s
  3302  2295 15003.3851   37  320 18623.3800 14636.7438  21.4%   170  360s
  3321  2310 15091.2480   39  304 18623.3800 14636.7438  21.4%   172  366s
  3355  2324 15157.9756   47  248 18623.3800 14636.7438  21.4%   173  372s
  3388  2350 15232.5760   56  222 18623.3800 14636.7438  21.4%   174  378s
  3417  2392 15339.3332   66  123 18623.3800 14636.7438  21.4%   175  385s
  3469  2488 15557.3660   83   75 18623.3800 14636.7438  21.4%   175  396s
  3582  2498 16434.3250  122   12 18623.3800 14645.6070  21.4%   174  403s
  3658  2504 17000.0200  136    5 18623.3800 14645.6507  21.4%   173  412s
  3687  2525 17353.8200  139    - 18623.3800 14655.7274  21.3%   175  421s
* 3724  2206             143    17497.620000 14655.7770  16.2%   176  435s
* 3756  2176             142    17478.820000 14662.9478  16.1%   178  463s
* 3759  2169             141    17441.820000 14662.9478  15.9%   178  463s
  3778  2218 14765.1072   23  619 17441.8200 14662.9478  15.9%   179  471s
  3827  2302 14910.7725   30  511 17441.8200 14662.9478  15.9%   180  479s
  3911  2376 15172.5022   48  205 17441.8200 14662.9478  15.9%   180  490s
  3993  2539     cutoff  121      17441.8200 14663.5900  15.9%   178  500s
  4175  2581 14923.5369   21  397 17441.8200 14663.5900  15.9%   175  510s
  4251  2674 15225.7873   36  292 17441.8200 14665.4803  15.9%   175  521s
  4370  2690     cutoff  129      17441.8200 14670.1839  15.9%   174  530s
  4385  2746 14982.8084   21  446 17441.8200 14670.1839  15.9%   177  541s
  4441  2823 16024.2840   62  152 17441.8200 14670.3505  15.9%   178  551s
  4528  2879 14980.7587   26  450 17441.8200 14670.3505  15.9%   179  562s
  4584  2989 15105.1204   32  352 17441.8200 14670.3505  15.9%   181  574s
  4698  3105 15315.1360   45  208 17441.8200 14670.3505  15.9%   181  587s
  4840  3246 15505.1683   69   77 17441.8200 14670.3505  15.9%   180  602s
  5021  3422 16176.8413   83  100 17441.8200 14685.7882  15.8%   178  616s
  5236  3486     cutoff  161      17441.8200 14689.2916  15.8%   175  629s
  5270  3486 17055.9000  133   27 17441.8200 14689.3990  15.8%   176  630s
  5306  3549 15095.1676   35  436 17441.8200 14689.3990  15.8%   176  641s
  5375  3631 15826.8707   82  171 17441.8200 14704.1569  15.7%   178  654s
  5450  3631 15116.9752   21  406 17441.8200 14704.1569  15.7%   177  655s
  5477  3846 15168.7242   27  379 17441.8200 14709.6686  15.7%   178  670s
  5755  3899     cutoff  154      17441.8200 14710.2052  15.7%   174  687s
  5804  4012 15343.1237   48  192 17441.8200 14710.4557  15.7%   176  702s
  5949  4113 17086.8000  129   32 17441.8200 14710.5941  15.7%   176  718s
  5966  4117 17277.6700  142    4 17441.8200 14710.5941  15.7%   175  734s
  6043  4124 16649.7256   97   41 17441.8200 14714.9440  15.6%   176  735s
  6073  4148 infeasible  154      17441.8200 14715.1548  15.6%   176  751s
  6112  4177 14902.8293   25  461 17441.8200 14715.3596  15.6%   178  765s
H 6126  3807                    16997.390000 14715.3596  13.4%   180  766s
  6141  3856 14959.9727   27  417 16997.3900 14715.3596  13.4%   181  780s
  6190  3959 15365.0845   39  238 16997.3900 14715.3596  13.4%   184  795s
  6293  4118 16295.2518   67   46 16997.3900 14716.2501  13.4%   185  812s
  6451  4121 16228.8396   61  169 16997.3900 14716.2921  13.4%   184  815s
  6518  4166     cutoff  104      16997.3900 14716.2968  13.4%   184  830s
  6565  4288 15607.9655   47  175 16997.3900 14716.3439  13.4%   186  848s
  6709  4354 14949.4992   25  558 16997.3900 14718.3300  13.4%   187  864s
  6726  4354 15099.1678   38  274 16997.3900 14718.3300  13.4%   187  865s
  6775  4485 15301.5768   46  183 16997.3900 14718.3300  13.4%   189  882s
  6908  4665 15949.5016   96  123 16997.3900 14718.6342  13.4%   190  902s
  7124  4903     cutoff  153      16997.3900 14718.7468  13.4%   189  925s
  7395  4915 16884.5000  176    - 16997.3900 14719.4311  13.4%   187  930s
  7402  5032 15200.0884   44  399 16997.3900 14721.9642  13.4%   187  951s
  7539  5188 15260.1526   43  341 16997.3900 14725.6403  13.4%   188  972s
  7719  5354 14939.4961   26  477 16997.3900 14726.5071  13.4%   188  997s
  7928  5411 16224.7181   97   75 16997.3900 14726.9740  13.4%   188 1021s
  8003  5486 15052.9679   27  557 16997.3900 14727.0206  13.4%   190 1040s
  8078  5752 15293.4387   48  240 16997.3900 14727.0206  13.4%   192 1063s
  8148  5752 15736.9180   79  156 16997.3900 14727.0206  13.4%   192 1065s
  8366  5915     cutoff  110      16997.3900 14727.0475  13.4%   191 1091s
  8600  6054 15320.5325   36  366 16997.3900 14729.4528  13.3%   190 1116s
  8760  6240 15681.4371   57  112 16997.3900 14729.4528  13.3%   191 1139s
  8777  6240 15441.4989   66  196 16997.3900 14729.4528  13.3%   191 1140s
  8953  6381 15840.8663  106   61 16997.3900 14730.9007  13.3%   192 1163s
  9084  6382     cutoff  110      16997.3900 14732.3286  13.3%   191 1165s
  9125  6540 16837.4215  134   33 16997.3900 14732.4389  13.3%   192 1187s
  9273  6545 16796.7836  123   45 16997.3900 14732.7788  13.3%   191 1190s
  9308  6587 infeasible  139      16997.3900 14734.4448  13.3%   191 1210s
  9355  6675 15003.6509   32  555 16997.3900 14735.9958  13.3%   194 1232s
  9377  6675 15276.2621   42  386 16997.3900 14735.9958  13.3%   195 1267s
  9443  6905 15317.7683   46  379 16997.3900 14735.9958  13.3%   196 1292s
  9626  6908 16435.0232   98   56 16997.3900 14735.9958  13.3%   196 1295s
  9709  7112 15555.6523   75  194 16997.3900 14740.5455  13.3%   195 1320s
  9963  7221     cutoff  146      16997.3900 14741.5862  13.3%   194 1347s
 10074  7351 15761.0973   57  184 16997.3900 14743.9621  13.3%   195 1372s
 10229  7535 15424.9025   36  199 16997.3900 14744.3522  13.3%   196 1396s
 10447  7645 infeasible  116      16997.3900 14744.7366  13.3%   195 1423s
 10579  7645 16933.9003  124   47 16997.3900 14746.7233  13.2%   196 1425s
 10594  7726 14994.5178   32  414 16997.3900 14746.7233  13.2%   196 1445s
 10675  8048 15378.3575   58  142 16997.3900 14748.4713  13.2%   198 1479s
 10743  8048 15800.2748   88   44 16997.3900 14748.4713  13.2%   198 1480s
 11055  8294     cutoff  143      16997.3900 14749.7025  13.2%   195 1509s
 11104  8295 15396.2824   56  210 16997.3900 14749.7025  13.2%   195 1510s
 11350  8447 infeasible  147      16997.3900 14751.0868  13.2%   194 1535s
 11514  8648     cutoff  110      16997.3900 14751.5501  13.2%   194 1559s
 11549  8648 15658.5318   52  108 16997.3900 14751.5501  13.2%   195 1560s
 11739  8729 16598.9516   89  110 16997.3900 14754.0323  13.2%   193 1584s
 11791  8729 15707.8158   41  402 16997.3900 14754.0323  13.2%   194 1585s
 11832  8837 15979.9701   53  160 16997.3900 14758.2791  13.2%   195 1609s
 11903  8839 16997.3400  115    - 16997.3900 14758.2791  13.2%   194 1610s
 11974  8954     cutoff  116      16997.3900 14758.7009  13.2%   195 1635s
 12104  9107 15840.7537   73  154 16997.3900 14759.0784  13.2%   195 1662s
 12293  9175     cutoff  137      16997.3900 14759.7670  13.2%   195 1686s
 12363  9305 15891.9044   60  244 16997.3900 14761.7223  13.2%   197 1711s
 12525  9362 14999.3222   28  332 16997.3900 14762.0133  13.2%   197 1734s
 12582  9435 15073.8199   39  403 16997.3900 14762.0133  13.2%   199 1759s
 12655  9623 15278.1410   43  343 16997.3900 14762.0133  13.2%   200 1784s
 12675  9623 15366.8131   53  343 16997.3900 14762.0133  13.2%   201 1785s
 12895  9803 15361.1311   58  326 16997.3900 14762.0133  13.2%   201 1811s
 13082 10029 15687.3811   86   92 16997.3900 14762.0133  13.2%   201 1837s
 13223 10029 15768.2385   44  277 16997.3900 14762.0133  13.2%   202 1840s
 13322 10304 15926.2799  128   73 16997.3900 14762.1930  13.2%   201 1867s
 13499 10306 16871.7922  159   12 16997.3900 14762.1930  13.2%   200 1870s
 13654 10369     cutoff  149      16997.3900 14764.5160  13.1%   199 1892s
 13725 10481 15861.8297   64  197 16997.3900 14765.6594  13.1%   201 1916s
 13868 10636 15459.7105   44  313 16997.3900 14766.3119  13.1%   201 1942s
 14054 10753 15231.9104   31  412 16997.3900 14766.7324  13.1%   201 1966s
 14178 10868 15306.2930   30  401 16997.3900 14769.1084  13.1%   202 1991s
 14314 10969 infeasible  102      16997.3900 14769.7676  13.1%   202 2016s
 14426 11045 15946.9189   55  274 16997.3900 14772.4640  13.1%   203 2042s
 14519 11157 15171.1331   31  564 16997.3900 14772.4640  13.1%   204 2066s
 14651 11234 15502.4430   45  447 16997.3900 14772.4640  13.1%   204 2090s
 14729 11336 16561.8397   79  115 16997.3900 14775.8789  13.1%   204 2116s
 14863 11436 15460.0376   42  333 16997.3900 14775.8878  13.1%   204 2141s
 14989 11507 15015.9881   38  339 16997.3900 14775.9841  13.1%   205 2162s
 15052 11688 15194.9889   50  328 16997.3900 14775.9841  13.1%   207 2186s
 15235 11941 15534.8906   60  260 16997.3900 14777.0151  13.1%   207 2217s
 15371 11948 16078.0827  113   19 16997.3900 14777.0151  13.1%   207 2220s
 15578 12071 16626.8661  131    5 16997.3900 14778.3443  13.1%   205 2245s
 15709 12161 16993.3200  150    - 16997.3900 14779.2644  13.0%   206 2273s
 15813 12247     cutoff  150      16997.3900 14780.4735  13.0%   206 2300s
 15905 12375     cutoff  154      16997.3900 14780.8075  13.0%   207 2328s
 16048 12484 16034.2883   70  113 16997.3900 14780.8946  13.0%   208 2353s
 16180 12611     cutoff  121      16997.3900 14781.5449  13.0%   208 2379s
 16230 12611 16045.5012   71   45 16997.3900 14781.5449  13.0%   208 2380s
 16345 12770     cutoff  114      16997.3900 14782.8124  13.0%   208 2410s
 16567 12903     cutoff   84      16997.3900 14784.2940  13.0%   208 2438s
 16638 12903 15257.5615   53  270 16997.3900 14784.6102  13.0%   209 2440s
 16697 13031 15494.8691   65  206 16997.3900 14785.4428  13.0%   209 2465s
 16859 13118     cutoff  121      16997.3900 14785.7297  13.0%   209 2491s
 16952 13314 15890.7987   66  163 16997.3900 14789.0963  13.0%   210 2518s
 17054 13314 16787.7600   85    5 16997.3900 14791.0047  13.0%   209 2520s
 17183 13459 15530.5973   53  165 16997.3900 14791.0357  13.0%   209 2548s
 17309 13464 15900.1676  110   45 16997.3900 14791.2748  13.0%   208 2550s
 17370 13512     cutoff  129      16997.3900 14792.2020  13.0%   209 2573s
 17432 13561 15029.0290   32  477 16997.3900 14792.4110  13.0%   210 2598s
 17483 13723 15180.4657   42  497 16997.3900 14792.4110  13.0%   211 2626s
 17647 13867 15588.4530   61  235 16997.3900 14792.4110  13.0%   212 2663s
 17822 14065 15661.5468   88  232 16997.3900 14792.8839  13.0%   212 2692s
 18059 14191 15007.1431   28  552 16997.3900 14793.0143  13.0%   211 2720s
 18211 14267 15218.0899   32  527 16997.3900 14793.0143  13.0%   212 2746s
 18287 14359 15573.3120   40  446 16997.3900 14793.0143  13.0%   213 2772s
 18414 14489 16157.3392   60  129 16997.3900 14794.9570  13.0%   213 2801s
 18559 14598 15180.7691   28  517 16997.3900 14795.0124  13.0%   214 2831s
 18677 14631 15837.6818   53  357 16997.3900 14795.0124  13.0%   214 2871s
 18710 14772 16119.1886   67  227 16997.3900 14795.8450  13.0%   214 2903s
 18874 14912 15454.4784   33  420 16997.3900 14796.0505  13.0%   214 2937s
 19030 14997     cutoff  124      16997.3900 14796.4965  12.9%   214 2966s
 19126 15141 15707.5802   51  288 16997.3900 14797.5065  12.9%   215 2996s
H19321 15208                    16984.890000 14797.8946  12.9%   215 3030s
 19417 15347 16054.0278   50  377 16984.8900 14799.0453  12.9%   215 3059s
 19469 15347 16711.2010  102  146 16984.8900 14799.0453  12.9%   214 3060s
H19519 15283                    16960.020000 14799.3818  12.7%   214 3060s
 19581 15360 15266.3012   31  507 16960.0200 14799.3818  12.7%   215 3089s
 19617 15360 15946.2861   67  302 16960.0200 14799.3818  12.7%   215 3090s
H19625 15283                    16935.820000 14799.3818  12.6%   215 3090s
 19679 15459 16173.1771   75  280 16935.8200 14800.1567  12.6%   215 3127s
 19885 15659 15305.1899   53  100 16935.8200 14803.4668  12.6%   215 3164s
 19919 15659 15497.1556   72   60 16935.8200 14803.4668  12.6%   215 3165s
 20131 15722 16668.8061  117   49 16935.8200 14805.0966  12.6%   215 3196s
 20192 15822 16761.5800  122   10 16935.8200 14805.1670  12.6%   215 3232s
 20323 16018 16839.7700  126   12 16935.8200 14805.3680  12.6%   216 3270s
 20561 16147 16903.4600  137    - 16935.8200 14805.7138  12.6%   215 3305s
 20725 16277     cutoff  137      16935.8200 14806.3736  12.6%   215 3338s
 20874 16426 15771.1474   61  266 16935.8200 14807.1195  12.6%   215 3370s
 21045 16522     cutoff  147      16935.8200 14807.3120  12.6%   215 3403s
 21160 16642 15464.1374   45  442 16935.8200 14808.3672  12.6%   216 3435s
 21307 16689 14999.4729   26  426 16935.8200 14809.1067  12.6%   216 3467s
 21349 16778 15317.2840   35  407 16935.8200 14809.1067  12.6%   217 3494s
 21394 16778 15899.3181   55  187 16935.8200 14809.1067  12.6%   218 3495s
 21438 16915 15922.1624   55  157 16935.8200 14810.3475  12.6%   218 3526s
 21612 17032 15533.7093   35  291 16935.8200 14810.4929  12.5%   218 3565s
 21755 17127     cutoff  103      16935.8200 14810.7701  12.5%   218 3598s

Cutting planes:
  User: 4895
  Gomory: 13
  Cover: 499
  Implied bound: 206
  Projected implied bound: 18
  Clique: 82
  MIR: 166
  StrongCG: 1
  Flow cover: 355
  GUB cover: 7
  Zero half: 18
  RLT: 380
  Relax-and-lift: 4
  Lazy constraints: 4992

Explored 21850 nodes (4799801 simplex iterations) in 3600.47 seconds
Thread count was 2 (of 32 available processors)

Solution count 10: 16935.8 16960 16984.9 ... 19432.9

Time limit reached
Best objective 1.693582000000e+04, best bound 1.481077013806e+04, gap 12.5477%

User-callback calls 466304, time in user-callback 237.33 sec
================================================================================
executing instance: ./input/Instances/Original/1/absH3high_2n45.dat
--------------------------------------------------------------------------------
Instance details
n	46
H	3
C	3171
Li:
[0, 0, 0, 0, 0, 0, 0, 0, 0, 0, 0, 0, 0, 0, 0, 0, 0, 0, 0, 0, 0, 0, 0, 0, 0, 0, 0, 0, 0, 0, 0, 0, 0, 0, 0, 0, 0, 0, 0, 0, 0, 0, 0, 0, 0, 0, ]
Ui:
[0, 246, 160, 78, 20, 87, 144, 40, 20, 82, 60, 96, 24, 136, 160, 108, 160, 26, 228, 51, 24, 240, 231, 70, 32, 105, 174, 114, 246, 126, 132, 76, 22, 42, 255, 132, 148, 162, 66, 111, 102, 240, 123, 201, 297, 78, ]
Distance matrix:
|0	148	402	550	329	420	187	318	366	280	504	273	233	333	112	344	379	481	113	593	159	523	261	424	90	359	163	461	413	240	105	299	265	89	371	462	339	273	495	22	41	439	369	506	563	468	|
|148	0	284	517	394	284	136	369	244	311	496	166	329	355	223	202	338	388	204	565	254	506	118	346	71	423	173	471	336	118	105	352	198	105	248	428	302	305	487	153	179	441	230	497	517	370	|
|402	284	0	350	448	80	228	406	42	343	382	129	456	350	412	126	219	131	382	395	410	371	180	137	314	466	289	400	137	167	389	401	169	316	39	280	217	342	373	394	414	362	108	380	324	106	|
|550	517	350	0	339	429	385	308	374	295	93	375	431	249	481	461	180	239	458	48	445	57	474	214	496	333	387	160	216	424	601	321	320	471	376	90	217	301	93	530	534	146	452	88	52	262	|
|329	394	448	339	0	513	282	42	438	105	255	363	115	108	221	484	259	431	217	365	172	289	436	362	333	30	224	189	353	380	423	47	291	296	443	285	240	107	251	307	294	193	495	260	378	437	|
|420	284	80	429	513	0	267	473	76	408	462	163	509	421	449	86	298	201	421	474	455	451	167	217	330	533	333	478	217	181	386	466	225	341	70	360	291	406	453	416	438	440	59	460	400	176	|
|187	136	228	385	282	267	0	249	199	186	360	104	248	224	184	214	207	294	155	432	189	371	155	237	113	308	68	336	227	101	216	236	78	98	205	296	168	181	350	174	190	305	231	360	390	283	|
|318	369	406	308	42	473	249	0	397	66	229	325	128	67	216	447	218	389	206	337	168	260	402	320	311	61	196	167	311	345	406	19	252	275	403	248	198	70	223	296	286	164	457	233	344	395	|
|366	244	42	374	438	76	199	397	0	332	397	96	436	346	383	90	228	168	354	420	385	389	139	161	277	458	263	408	158	128	349	391	150	282	6	298	218	331	388	359	380	370	78	395	352	144	|
|280	311	343	295	105	408	186	66	332	0	231	259	142	53	191	380	171	337	173	332	150	257	337	267	258	127	139	182	258	280	359	58	186	223	338	222	143	6	224	258	254	164	390	234	323	340	|
|504	496	382	93	255	462	360	229	397	231	0	375	356	180	422	478	173	293	403	110	381	36	474	248	463	245	345	68	246	419	568	244	308	433	400	104	200	237	9	482	482	67	474	5	142	312	|
|273	166	129	375	363	163	104	325	96	259	375	0	347	283	288	121	202	221	259	423	292	376	99	183	186	386	170	370	175	52	269	315	76	187	102	288	177	256	365	265	285	333	133	374	365	204	|
|233	329	456	431	115	509	248	128	436	142	356	347	0	181	121	462	311	472	128	463	76	386	398	403	260	141	180	294	392	349	334	111	287	224	442	362	280	139	350	212	194	289	479	360	463	472	|
|333	355	350	249	108	421	224	67	346	53	180	283	181	0	244	403	152	324	226	283	201	207	369	256	307	118	186	129	247	311	409	74	208	273	351	183	136	59	173	311	307	113	410	183	282	331	|
|112	223	412	481	221	449	184	216	383	191	422	288	121	244	0	387	327	461	30	521	49	447	313	396	152	250	125	371	385	273	214	196	249	121	389	400	288	185	415	91	74	355	408	425	503	454	|
