




arguments: ./build/bc_mirp -f ./input/orig_exec_131.cfg
Current dir: /scratch/gui/bc_mirp
File verbosity level: 9
date       time         ( uptime  ) [ thread name/id ]                   file:line     v| 
2021-02-07 22:10:41.744 (   0.035s) [main thread     ]             loguru.cpp:789   INFO| Logging to './output/vi_vc+lex_half/OU/V4/Original/execution_07_02_2021_22_10_41.log', mode: 'a', verbosity: 9
--------------------------------------------------------------------------------
Parameters
                           instance_path           ./input/Instances/Original/3/
                            model_policy                                       1
                             nb_vehicles                                       4
                              output_dir ./output/vi_vc+lex_half/OU/V4/Original/
                            sec_strategy                                       1
                       solver_nb_threads                                       2
                         solver_show_log                                    true
                       solver_time_limit                                    3600
                              use_vi_cos                                   false
                              use_vi_cus                                   false
                         use_vi_hc1_full                                   false
                         use_vi_hc1_half                                   false
                      use_vi_hc1_quarter                                   false
                              use_vi_hc2                                   false
                              use_vi_hc3                                   false
                         use_vi_lex_full                                   false
                         use_vi_lex_half                                    true
                      use_vi_lex_quarter                                   false
                              use_vi_qua                                   false
                               use_vi_vc                                    true
                               use_vi_vr                                   false
--------------------------------------------------------------------------------
executing instance: ./input/Instances/Original/3/absH3low_2n5.dat
--------------------------------------------------------------------------------
Instance details
n	6
H	3
C	237
Li:
[0, 0, 0, 0, 0, 0, ]
Ui:
[0, 93, 180, 51, 114, 24, ]
Distance matrix:
|0	170	318	35	112	235	|
|170	0	311	205	258	301	|
|318	311	0	326	278	137	|
|35	205	326	0	89	230	|
|112	258	278	89	0	160	|
|235	301	137	230	160	0	|

--------------------------------------------------------------------------------
Building model...
	using lazy and cut (CVRPSEP package)
Solving IRP LP...
--------------------------------------------------------------------------------

Gurobi 9.1.0 (linux64) logging started Sun Feb  7 22:10:41 2021

Gurobi Optimizer version 9.1.0 build v9.1.0rc0 (linux64)
Thread count: 32 physical cores, 32 logical processors, using up to 2 threads
Optimize a model with 234 rows, 336 columns and 1191 nonzeros
Model fingerprint: 0xc09bf3b0
Variable types: 84 continuous, 252 integer (72 binary)
Coefficient statistics:
  Matrix range     [1e+00, 2e+02]
  Objective range  [1e-02, 3e+02]
  Bounds range     [1e+00, 2e+02]
  RHS range        [1e+00, 5e+02]
Presolve removed 24 rows and 44 columns
Presolve time: 0.00s

Explored 0 nodes (0 simplex iterations) in 0.01 seconds
Thread count was 1 (of 32 available processors)

Solution count 0

Model is infeasible
Best objective -, best bound -, gap -

User-callback calls 31, time in user-callback 0.00 sec

Computing Irreducible Inconsistent Subsystem (IIS)...

           Constraints          |            Bounds           |  Runtime
      Min       Max     Guess   |   Min       Max     Guess   |
--------------------------------------------------------------------------
        0       234         -         0       464         -           0s
       35       182        40         0       444         -           5s
       46       161        46         0       425         -          10s
       60       154        60         0       417         -          15s
       64       145        90         0       416         -          20s
       68       136        90         0       408         -          25s
       72       127        90         0       388         -          30s
       77       118        90         0       373         -          35s
       81       109        90         0       363         -          40s
       84       104        90         0       348         -          46s
       90       101        90         0       340         -          51s
       92        97        92         0       319         -          55s
       92        92         -         0       303         -          60s
       92        92         -         0       286       110          65s
       92        92         -         8       280       160          70s
       92        92         -        13       275       150          75s
       92        92         -        23       267       150          80s
       92        92         -        25       261       140          85s
       92        92         -        34       257       140          90s
       92        92         -        41       254       150          95s
       92        92         -        43       247       140         100s
       92        92         -        50       239       140         105s
       92        92         -        58       233       140         110s
       92        92         -        64       226       140         115s
       92        92         -        71       218       140         120s
       92        92         -        74       209       140         125s
       92        92         -        81       202       140         130s
       92        92         -        88       196       140         135s
       92        92         -        94       190       140         140s
       92        92         -       102       186       140         145s
       92        92         -       105       179       140         150s
       92        92         -       108       173       140         155s
       92        92         -       111       169       140         160s
       92        92         -       116       161       140         165s
       92        92         -       125       155       140         170s
       92        92         -       128       148       140         175s
       92        92         -       128       138       138         180s
       92        92         -       128       132       132         185s
       92        92         -       129       129         -         187s

IIS computed: 92 constraints, 129 bounds
IIS runtime: 187.40 seconds
================================================================================
executing instance: ./input/Instances/Original/3/absH3high_5n30.dat
--------------------------------------------------------------------------------
Instance details
n	31
H	3
C	2296
Li:
[0, 0, 0, 0, 0, 0, 0, 0, 0, 0, 0, 0, 0, 0, 0, 0, 0, 0, 0, 0, 0, 0, 0, 0, 0, 0, 0, 0, 0, 0, 0, ]
Ui:
[0, 80, 90, 297, 28, 264, 123, 192, 112, 32, 72, 88, 294, 129, 126, 105, 110, 237, 246, 92, 72, 147, 54, 96, 128, 96, 84, 28, 74, 196, 192, ]
Distance matrix:
|0	87	302	65	389	171	219	120	412	339	129	63	169	401	383	158	393	161	246	275	64	287	345	235	13	274	106	201	85	358	135	|
|87	0	334	128	402	212	301	204	465	384	187	145	232	424	454	238	475	245	289	352	80	307	352	321	81	352	20	261	170	376	215	|
|302	334	0	239	113	132	237	334	157	70	404	263	162	105	227	229	339	251	65	217	259	53	107	352	293	220	339	134	270	75	235	|
|65	128	239	0	330	107	175	130	348	275	174	40	107	339	326	114	351	125	181	224	58	228	290	222	58	224	143	138	65	297	92	|
|389	402	113	330	0	226	349	438	210	151	502	360	269	48	316	339	441	362	175	328	335	102	55	465	377	330	401	245	371	37	342	|
|171	212	132	107	226	0	169	214	253	173	276	134	64	233	261	130	326	153	77	188	133	125	192	264	162	190	220	68	145	193	125	|
|219	301	237	175	349	169	0	157	257	223	244	157	105	334	180	62	175	61	177	63	233	264	334	118	221	61	317	112	136	312	85	|
|120	204	334	130	438	214	157	0	402	348	88	90	173	438	336	115	307	100	269	220	172	338	406	122	130	218	224	204	69	403	101	|
|412	465	157	348	210	253	257	402	0	88	486	359	245	166	129	287	266	303	178	204	386	208	239	370	406	207	473	212	354	187	304	|
|339	384	70	275	151	173	223	348	88	0	427	291	179	120	166	234	290	254	96	187	306	123	166	342	332	190	391	145	291	119	247	|
|129	187	404	174	502	276	244	88	486	427	0	142	248	508	424	200	390	187	342	308	193	400	464	192	142	306	207	281	136	469	182	|
|63	145	263	40	360	134	157	90	359	291	142	0	114	366	321	95	331	99	202	212	90	258	323	186	65	211	163	148	27	327	72	|
|169	232	162	107	269	64	105	173	245	179	248	114	0	266	222	71	268	94	97	131	155	173	244	203	164	132	245	34	113	233	73	|
|401	424	105	339	48	233	334	438	166	120	508	366	266	0	280	332	409	355	169	305	353	117	96	452	391	308	425	237	374	49	339	|
|383	454	227	326	316	261	180	336	129	166	424	321	222	280	0	231	137	238	208	116	376	277	331	272	381	118	467	197	307	285	253	|
|158	238	229	114	339	130	62	115	287	234	200	95	71	332	231	0	238	23	164	118	171	243	314	134	159	117	255	95	77	302	23	|
|393	475	339	351	441	326	175	307	266	290	390	331	268	409	137	238	0	232	300	138	408	383	445	204	395	136	492	258	308	406	260	|
|161	245	251	125	362	153	61	100	303	254	187	99	94	355	238	23	232	0	187	123	183	267	338	111	164	121	262	117	77	325	34	|
|246	289	65	181	175	77	177	269	178	96	342	202	97	169	208	164	300	187	0	168	210	87	157	290	238	171	296	70	206	138	170	|
|275	352	217	224	328	188	63	220	204	187	308	212	131	305	116	118	138	123	168	0	279	255	322	166	275	3	367	120	195	291	141	|
|64	80	259	58	335	133	233	172	386	306	193	90	155	353	376	171	408	183	210	279	0	236	289	276	51	279	90	182	117	307	150	|
|287	307	53	228	102	125	264	338	208	123	400	258	173	117	277	243	383	267	87	255	236	0	71	374	276	257	308	153	270	71	245	|
|345	352	107	290	55	192	334	406	239	166	464	323	244	96	331	314	445	338	157	322	289	71	0	445	334	325	350	224	337	54	315	|
|235	321	352	222	465	264	118	122	370	342	192	186	203	452	272	134	204	111	290	166	276	374	445	0	243	164	341	221	159	428	142	|
|13	81	293	58	377	162	221	130	406	332	142	65	164	391	381	159	395	164	238	275	51	276	334	243	0	274	100	196	89	347	136	|
|274	352	220	224	330	190	61	218	207	190	306	211	132	308	118	117	136	121	171	3	279	257	325	164	274	0	367	122	194	294	140	|
|106	20	339	143	401	220	317	224	473	391	207	163	245	425	467	255	492	262	296	367	90	308	350	341	100	367	0	272	188	377	232	|
|201	261	134	138	245	68	112	204	212	145	281	148	34	237	197	95	258	117	70	120	182	153	224	221	196	122	272	0	146	208	103	|
|85	170	270	65	371	145	136	69	354	291	136	27	113	374	307	77	308	77	206	195	117	270	337	159	89	194	188	146	0	337	54	|
|358	376	75	297	37	193	312	403	187	119	469	327	233	49	285	302	406	325	138	291	307	71	54	428	347	294	377	208	337	0	306	|
|135	215	235	92	342	125	85	101	304	247	182	72	73	339	253	23	260	34	170	141	150	245	315	142	136	140	232	103	54	306	0	|

--------------------------------------------------------------------------------
Building model...
	using lazy and cut (CVRPSEP package)
Solving IRP LP...
--------------------------------------------------------------------------------

Gurobi 9.1.0 (linux64) logging started Sun Feb  7 22:13:53 2021

Gurobi Optimizer version 9.1.0 build v9.1.0rc0 (linux64)
Thread count: 32 physical cores, 32 logical processors, using up to 2 threads
Optimize a model with 1159 rows, 6436 columns and 15832 nonzeros
Model fingerprint: 0xb67754de
Variable types: 484 continuous, 5952 integer (372 binary)
Coefficient statistics:
  Matrix range     [1e+00, 3e+04]
  Objective range  [1e-01, 5e+02]
  Bounds range     [1e+00, 3e+02]
  RHS range        [1e+00, 4e+03]
Presolve removed 341 rows and 715 columns
Presolve time: 0.14s
Presolved: 818 rows, 5721 columns, 13101 nonzeros
Variable types: 286 continuous, 5435 integer (5077 binary)

Root relaxation: objective 9.007412e+03, 1018 iterations, 0.02 seconds

    Nodes    |    Current Node    |     Objective Bounds      |     Work
 Expl Unexpl |  Obj  Depth IntInf | Incumbent    BestBd   Gap | It/Node Time

     0     0 9007.41177    0  126          - 9007.41177      -     -    0s
     0     0 9381.89009    0  126          - 9381.89009      -     -    0s
     0     0 9395.44174    0   95          - 9395.44174      -     -    0s
     0     0 9712.93562    0  187          - 9712.93562      -     -    0s
     0     0 9727.98347    0  198          - 9727.98347      -     -    0s
     0     0 9728.95993    0  212          - 9728.95993      -     -    0s
     0     0 9729.63019    0  215          - 9729.63019      -     -    0s
     0     0 9937.22226    0  249          - 9937.22226      -     -    0s
     0     0 9961.03712    0  217          - 9961.03712      -     -    1s
     0     0 9962.10924    0  214          - 9962.10924      -     -    1s
     0     0 9962.17555    0  220          - 9962.17555      -     -    1s
     0     0 9977.91168    0  220          - 9977.91168      -     -    1s
     0     0 9979.24253    0  237          - 9979.24253      -     -    1s
     0     0 9979.57531    0  261          - 9979.57531      -     -    1s
     0     0 9994.43185    0  270          - 9994.43185      -     -    1s
     0     0 9997.75195    0  264          - 9997.75195      -     -    1s
     0     0 9997.83670    0  264          - 9997.83670      -     -    1s
     0     0 10007.3393    0  297          - 10007.3393      -     -    1s
     0     0 10007.3393    0  292          - 10007.3393      -     -    1s
     0     2 10010.9415    0  286          - 10010.9415      -     -    2s
    74    79 10328.1880   18  232          - 10017.8534      -   282    5s
   445   450 11174.7150   84  161          - 10017.8534      -   124   10s
   736   697 12890.8079  113   95          - 10027.5935      -   103   15s
   773   722 10850.5280   52  355          - 10084.9436      -  98.3   20s
   783   732 10100.0959   15  394          - 10094.6633      -   108   26s
   809   751 10247.5570   21  217          - 10100.8845      -   121   30s
   835   769 10428.8639   27  299          - 10100.8845      -   129   35s
   916   831 10789.3073   41  151          - 10100.8845      -   146   40s
  1071   953 11580.8199   57  209          - 10100.8845      -   145   45s
* 1154   938             148    13528.060000 10100.8845  25.3%   139   46s
* 1155   903             148    13505.230000 10100.8845  25.2%   138   46s
* 1156   869             148    13490.230000 10100.8845  25.1%   138   46s
* 1163   835             149    13434.580000 10100.8845  24.8%   138   46s
* 1166   804             151    13432.580000 10100.8845  24.8%   137   46s
  1209   839 12141.6352   80   72 13432.5800 10100.8845  24.8%   138   50s
  1264   878 12625.7729  106   72 13432.5800 10100.8845  24.8%   137   55s
  1377   910     cutoff  157      13432.5800 10111.4020  24.7%   133   61s
  1435   908 10318.3548   19  358 13432.5800 10111.4020  24.7%   140   65s
  1472   935 10768.5785   28  186 13432.5800 10111.4020  24.7%   152   70s
  1503   955 10951.4907   33  149 13432.5800 10111.4020  24.7%   156   76s
  1556  1003 10923.8454   44  166 13432.5800 10111.4020  24.7%   161   80s
  1611  1040 11432.3849   62  147 13432.5800 10111.4020  24.7%   167   85s
  1685  1100 11517.9267   93   82 13432.5800 10111.4020  24.7%   167   90s
  1744  1117 11794.4035  106  104 13432.5800 10111.4020  24.7%   167   95s
  1849  1219 12188.8476  137   84 13432.5800 10111.4020  24.7%   164  104s
  1869  1213 12430.6662  120   80 13432.5800 10111.4020  24.7%   164  105s
  1889  1355 12277.1492  148   23 13432.5800 10111.4020  24.7%   163  112s
H 1944  1201                    12896.710000 10111.4020  21.6%   160  112s
  2064  1147 12718.4683  205   16 12896.7100 10128.5653  21.5%   154  115s
  2169  1143 10390.8399   26  387 12896.7100 10128.5653  21.5%   157  121s
  2192  1171 10529.5382   30  367 12896.7100 10128.5653  21.5%   162  126s
  2235  1206 10952.1279   41  154 12896.7100 10128.5653  21.5%   169  132s
  2270  1229 11105.6750   51  177 12896.7100 10128.5653  21.5%   174  136s
  2321  1328 11432.7052   66  102 12896.7100 10128.5653  21.5%   177  141s
  2512  1489 12081.3141  124   30 12896.7100 10129.0606  21.5%   174  148s
* 2522  1081             130    12130.950000 10129.0606  16.5%   174  148s
  2642  1043 10257.8509   17  241 12130.9500 10129.0606  16.5%   170  150s
  2728  1165 10621.3805   30  276 12130.9500 10129.0606  16.5%   171  157s
  2815  1236 10810.1530   41  159 12130.9500 10129.0606  16.5%   170  160s
  2911  1274 10387.8284   18  291 12130.9500 10149.6197  16.3%   172  166s
  2937  1321 11289.8211   33   72 12130.9500 10162.3185  16.2%   173  170s
  2996  1423     cutoff   56      12130.9500 10162.3304  16.2%   173  180s
  3126  1453 10546.8827   26  276 12130.9500 10164.8225  16.2%   174  186s
  3171  1541 10759.4370   40   98 12130.9500 10164.8225  16.2%   179  193s
  3229  1701 10791.0476   68   72 12130.9500 10164.8416  16.2%   180  197s
  3400  1813     cutoff  141      12130.9500 10170.1089  16.2%   177  203s
  3544  1836 10541.5319   24  408 12130.9500 10175.7028  16.1%   175  207s
  3563  1913 10848.8368   36  129 12130.9500 10175.8182  16.1%   177  214s
  3654  1926 10352.1331   22  364 12130.9500 10175.8182  16.1%   177  220s
  3742  2098 10822.0129   49  147 12130.9500 10175.8492  16.1%   179  229s
  3869  2118     cutoff  112      12130.9500 10176.7536  16.1%   177  233s
  3894  2191 10642.0499   24  364 12130.9500 10176.7536  16.1%   179  251s
  3967  2276 11260.6650   49  152 12130.9500 10188.8559  16.0%   180  257s
  4082  2300     cutoff  104      12130.9500 10189.2628  16.0%   179  263s
  4110  2373 10556.4544   25  356 12130.9500 10189.2628  16.0%   181  269s
  4206  2450 10905.7982   46  176 12130.9500 10191.0675  16.0%   181  276s
  4303  2509 10319.5018   19  431 12130.9500 10194.9790  16.0%   181  281s
  4362  2581 10804.8544   34  269 12130.9500 10195.0510  16.0%   183  287s
  4462  2614 10391.1202   20  413 12130.9500 10196.2412  15.9%   184  293s
  4496  2743 10989.9368   41  307 12130.9500 10196.4889  15.9%   187  299s
  4654  2786 10421.3585   26  381 12130.9500 10196.6467  15.9%   185  304s
  4697  2928 11064.8605   48  252 12130.9500 10200.2108  15.9%   188  312s
  4877  2983 10425.0601   21  256 12130.9500 10200.2606  15.9%   187  319s
  4933  3194 10817.6627   57  181 12130.9500 10205.2749  15.9%   190  326s
  5179  3289 infeasible   34      12130.9500 10225.7726  15.7%   187  334s
  5287  3390 10640.1034   32  364 12130.9500 10226.3526  15.7%   188  342s
  5421  3430 10384.4653   23  374 12130.9500 10241.6485  15.6%   190  349s
  5461  3643 10607.7324   27  122 12130.9500 10241.6485  15.6%   192  359s
  5501  3643 11082.9144   47   65 12130.9500 10241.6485  15.6%   193  360s
  5711  3704 11681.6070   71   44 12130.9500 10242.2205  15.6%   191  367s
  5799  3826     cutoff   81      12130.9500 10244.4737  15.6%   193  397s
  5922  3913 10872.6550   33  333 12130.9500 10245.6811  15.5%   192  406s
  6035  4065 10475.5409   23  403 12130.9500 10249.8760  15.5%   194  415s
  6215  4153 10444.2390   22  427 12130.9500 10250.3890  15.5%   194  424s
  6321  4263 11479.3383   63   82 12130.9500 10252.5879  15.5%   196  432s
  6440  4462 10726.9256   48  258 12130.9500 10253.5589  15.5%   197  441s
  6679  4540     cutoff  150      12130.9500 10256.6847  15.5%   195  460s
H 6686  4530                    12119.830000 10256.6847  15.4%   196  460s
  6766  4644 10928.2978   36  230 12119.8300 10261.5898  15.3%   196  469s
  6900  4757 10554.1453   23  258 12119.8300 10261.5898  15.3%   198  479s
  7027  4897 11355.2044   74  189 12119.8300 10272.8507  15.2%   200  488s
  7195  5064     cutoff  113      12119.8300 10272.9265  15.2%   200  499s
  7404  5133 10489.9610   23  417 12119.8300 10274.1420  15.2%   200  509s
  7463  5334 10747.2174   40  182 12119.8300 10277.6728  15.2%   203  522s
  7722  5477 infeasible  119      12119.8300 10278.2069  15.2%   203  534s
  7775  5477 11300.1780   71  143 12119.8300 10278.2069  15.2%   204  535s
  7868  5672 11360.8643   76   95 12119.8300 10279.3098  15.2%   204  548s
  8099  5725     cutoff  121      12119.8300 10280.9647  15.2%   203  558s
  8153  6022 10632.4051   32  341 12119.8300 10283.0520  15.2%   207  573s
  8486  6163     cutoff  143      12119.8300 10283.2874  15.2%   205  585s
  8647  6421 10896.4695   25  190 12119.8300 10293.7868  15.1%   206  598s
  8919  6578     cutoff   91      12119.8300 10295.0194  15.1%   205  610s
  9123  6713 10667.0227   21  390 12119.8300 10298.0059  15.0%   206  623s
  9285  6889 10575.9137   25  329 12119.8300 10300.0734  15.0%   207  636s
  9480  7052 11636.4946   56   33 12119.8300 10300.2304  15.0%   208  649s
  9701  7213 12023.1260   64   30 12119.8300 10306.8978  15.0%   208  661s
  9888  7366 10611.1646   27  386 12119.8300 10308.1940  14.9%   209  674s
  9935  7366 11386.8543   74   14 12119.8300 10308.1940  14.9%   209  675s
 10074  7397 11984.5599   94   35 12119.8300 10311.2861  14.9%   208  688s
 10112  7548 10691.0295   31  297 12119.8300 10311.3054  14.9%   209  700s
 10290  7672 infeasible   82      12119.8300 10314.0460  14.9%   210  712s
 10476  7787     cutoff   95      12119.8300 10318.2273  14.9%   210  725s
 10599  8026 10938.4882   36   93 12119.8300 10319.7821  14.9%   212  739s
 10716  8036 11620.8800   94    - 12119.8300 10319.7821  14.9%   211  740s
 10896  8152 12087.2893  134   23 12119.8300 10322.5854  14.8%   210  751s
 11008  8345 11817.1341   76  120 12119.8300 10322.6744  14.8%   212  764s
 11095  8345 11174.2511   56  255 12119.8300 10322.6744  14.8%   213  765s
 11327  8450 11349.8022   67  167 12119.8300 10323.2899  14.8%   211  776s
 11419  8575 11168.7349   31  200 12119.8300 10324.4916  14.8%   213  789s
 11598  8713     cutoff   57      12119.8300 10326.4396  14.8%   213  802s
 11760  8821 11474.6550   53  160 12119.8300 10329.6193  14.8%   214  814s
 11889  8966 11163.7812   47  150 12119.8300 10330.0519  14.8%   215  827s
 12069  9083 11367.7324   50  202 12119.8300 10332.9214  14.7%   215  839s
 12121  9083 10642.5560   34  316 12119.8300 10332.9214  14.7%   215  840s
 12215  9233 10823.9696   40  159 12119.8300 10334.2284  14.7%   216  852s
 12384  9336     cutoff  122      12119.8300 10336.4127  14.7%   216  865s
 12487  9531 11516.0482   56   44 12119.8300 10336.8089  14.7%   217  878s
 12745  9659     cutoff   86      12119.8300 10339.3730  14.7%   217  892s
 12902  9770 11114.9834   39  368 12119.8300 10340.6500  14.7%   217  904s
 13037  9878 10648.4165   21  376 12119.8300 10341.2530  14.7%   218  916s
 13156 10019 10518.8487   22  463 12119.8300 10342.6132  14.7%   219  929s
 13335 10148 10458.5703   24  439 12119.8300 10343.6479  14.7%   219  942s
 13496 10328     cutoff   91      12119.8300 10345.6372  14.6%   220  956s
 13718 10457 10879.7885   32  223 12119.8300 10347.7920  14.6%   220  968s
 13868 10525 12028.6034   90   35 12119.8300 10348.8158  14.6%   221  980s
 13948 10650 11080.8428   57  205 12119.8300 10348.9806  14.6%   222  992s
 14097 10859 11203.0522   48   12 12119.8300 10349.2196  14.6%   223 1006s
 14336 11047     cutoff  118      12119.8300 10350.1508  14.6%   223 1020s
 14565 11158 10624.7225   23  238 12119.8300 10351.5069  14.6%   223 1032s
 14694 11287 11104.7303   32  256 12119.8300 10351.8356  14.6%   224 1045s
 14845 11441 11937.1060   73   10 12119.8300 10352.6484  14.6%   224 1058s
 15039 11545 10605.5060   32  400 12119.8300 10355.7580  14.6%   225 1071s
 15151 11655 10946.9697   45  274 12119.8300 10356.7354  14.5%   226 1084s
 15312 11727     cutoff   97      12119.8300 10359.5015  14.5%   226 1096s
 15417 11841 10984.3538   40  340 12119.8300 10363.3913  14.5%   227 1108s
 15555 11969 11334.5515   47  194 12119.8300 10364.2215  14.5%   228 1121s
 15711 12059 infeasible   76      12119.8300 10365.0111  14.5%   229 1134s
 15820 12256 10723.9598   31  103 12119.8300 10366.3024  14.5%   230 1147s
 16069 12374 11990.7100  105   13 12119.8300 10369.2424  14.4%   229 1159s
 16124 12375 11244.3856   69  217 12119.8300 10369.2424  14.4%   229 1160s
 16185 12518 12110.8450  107   14 12119.8300 10370.3696  14.4%   229 1173s
 16362 12631 infeasible  108      12119.8300 10371.5013  14.4%   230 1187s
 16512 12787 10567.8827   29  398 12119.8300 10378.2911  14.4%   230 1200s
 16678 12941 12022.5433   86   32 12119.8300 10379.4260  14.4%   231 1214s
 16893 13100 10462.1407   26  316 12119.8300 10385.1840  14.3%   231 1227s
 17074 13267     cutoff  112      12119.8300 10385.9357  14.3%   232 1240s
 17271 13364 infeasible  113      12119.8300 10386.2529  14.3%   232 1252s
 17374 13565 12093.1807   82   59 12119.8300 10386.5558  14.3%   233 1266s
 17628 13677 12102.6912   74   41 12119.8300 10387.4325  14.3%   233 1280s
 17768 13805     cutoff   81      12119.8300 10388.2254  14.3%   234 1293s
 17903 13945 11691.0815   76   17 12119.8300 10389.1308  14.3%   235 1310s
 18079 14073     cutoff   97      12119.8300 10390.8612  14.3%   235 1323s
 18227 14188 10657.3170   19  237 12119.8300 10391.3119  14.3%   236 1336s
 18358 14382 12015.0528   51   37 12119.8300 10393.0410  14.2%   237 1349s
 18409 14382 11173.8062   63  189 12119.8300 10393.0410  14.2%   237 1350s
 18587 14483 10604.1199   21  373 12119.8300 10393.3273  14.2%   236 1362s
 18703 14638 11094.3790   35  231 12119.8300 10394.8453  14.2%   237 1375s
 18899 14743     cutoff   71      12119.8300 10395.1597  14.2%   238 1389s
 18955 14743 11761.9899   78  139 12119.8300 10395.1597  14.2%   238 1390s
 19009 14883 10494.3434   20  406 12119.8300 10395.3130  14.2%   239 1402s
 19181 15001     cutoff  111      12119.8300 10396.0483  14.2%   239 1415s
 19331 15051 10711.6638   40  300 12119.8300 10397.5489  14.2%   239 1443s
 19387 15315 11387.5630   70  226 12119.8300 10399.3027  14.2%   240 1457s
 19706 15499 11862.9300   61   12 12119.8300 10400.6260  14.2%   239 1472s
 19935 15654     cutoff   79      12119.8300 10401.7324  14.2%   239 1487s
 20117 15787 10954.7811   26  278 12119.8300 10404.8076  14.2%   239 1501s
 20288 15940 11998.6311   84   20 12119.8300 10405.2068  14.1%   240 1516s
 20494 16050 11173.2960   70  182 12119.8300 10405.3278  14.1%   240 1529s
 20609 16128 12075.7752   91   39 12119.8300 10405.9895  14.1%   241 1647s
 20697 16296 11151.5734   49  160 12119.8300 10406.1210  14.1%   241 1662s
 20922 16396     cutoff   89      12119.8300 10407.2666  14.1%   241 1678s
 21034 16639 10749.3287   33  165 12119.8300 10408.7874  14.1%   242 1695s
 21319 16774 11294.1037   58  155 12119.8300 10409.0491  14.1%   241 1711s
 21477 16962 10954.2077   31   71 12119.8300 10410.7449  14.1%   242 1728s
 21697 17094     cutoff   60      12119.8300 10410.9820  14.1%   242 1742s
 21861 17266 10870.5546   35  204 12119.8300 10411.6742  14.1%   243 1757s
 22078 17410     cutoff  105      12119.8300 10412.3191  14.1%   243 1772s
 22254 17537 10591.3328   30  430 12119.8300 10413.7657  14.1%   244 1788s
 22404 17662 10795.1190   30  357 12119.8300 10414.5921  14.1%   244 1802s
 22548 17788 10546.4207   25  418 12119.8300 10415.6338  14.1%   245 1816s
 22688 17986 10847.5500   32  180 12119.8300 10415.9730  14.1%   246 1831s
 22900 18133     cutoff  102      12119.8300 10417.0994  14.0%   246 1847s
 23109 18249 11026.0559   30  130 12119.8300 10418.5083  14.0%   246 1862s
 23263 18374 12112.2100   43    - 12119.8300 10420.6284  14.0%   247 1878s
 23416 18571 11271.7026   52  169 12119.8300 10421.7325  14.0%   248 1893s
 23649 18707 11770.8887   64   54 12119.8300 10422.7357  14.0%   248 1910s
 23827 18847 10842.6870   26  189 12119.8300 10423.9141  14.0%   248 1925s
 23986 19153 10999.8883   30  213 12119.8300 10424.6308  14.0%   248 1945s
 24332 19269     cutoff  107      12119.8300 10425.1848  14.0%   248 1960s
 24460 19423 11714.9149   69  182 12119.8300 10425.6887  14.0%   249 1974s
 24553 19423 11973.5141   85  109 12119.8300 10425.6887  14.0%   248 1975s
 24649 19553 11012.8143   40   40 12119.8300 10427.5987  14.0%   249 1990s
H24755 19002                    12022.060000 10428.9874  13.3%   249 1990s
 24812 19093 11220.6759   44   84 12022.0600 10428.9986  13.3%   249 2004s
 24915 19093 11625.9191   68  144 12022.0600 10429.0640  13.3%   250 2005s
 24930 19198 10982.7708   28  271 12022.0600 10429.8597  13.2%   250 2020s
 25044 19269 10857.8005   29  390 12022.0600 10429.8597  13.2%   251 2036s
 25137 19416 11901.6282   62   96 12022.0600 10430.2445  13.2%   251 2050s
 25310 19517     cutoff   76      12022.0600 10430.6334  13.2%   252 2066s
 25459 19575     cutoff   74      12022.0600 10431.7292  13.2%   252 2081s
H25460 18832                    11955.060000 10431.7292  12.7%   252 2081s
 25532 18906     cutoff   56      11955.0600 10432.0362  12.7%   253 2093s
 25619 19015 11665.4339   45  129 11955.0600 10433.2904  12.7%   254 2107s
 25763 19143 11135.2786   40  389 11955.0600 10433.6582  12.7%   254 2121s
 25922 19282 11000.0197   45  140 11955.0600 10434.1531  12.7%   255 2135s
 26090 19439 10850.1432   29  225 11955.0600 10434.5830  12.7%   255 2150s
 26303 19541 10669.4286   27  319 11955.0600 10435.2042  12.7%   255 2164s
 26427 19706     cutoff   81      11955.0600 10435.7751  12.7%   256 2179s
 26619 19827 10502.7907   27  351 11955.0600 10437.2228  12.7%   256 2194s
 26756 19997 10836.4596   29  344 11955.0600 10437.5259  12.7%   257 2213s
 26798 19997 11856.9809   71   83 11955.0600 10437.5259  12.7%   257 2216s
 27024 20109     cutoff   86      11955.0600 10438.7212  12.7%   256 2231s
H27159 19955                    11929.580000 10439.7583  12.5%   257 2245s
 27290 20013 11683.9147   50  116 11929.5800 10440.5663  12.5%   258 2259s
 27372 20136 10744.5833   27  500 11929.5800 10440.6532  12.5%   258 2273s
 27501 20265 11671.4455   61   64 11929.5800 10440.9247  12.5%   259 2288s
 27665 20367 10701.5912   27  404 11929.5800 10442.2856  12.5%   260 2302s
 27804 20405 infeasible   69      11929.5800 10443.0671  12.5%   260 2318s
 27819 20405 infeasible   81      11929.5800 10443.7601  12.5%   261 2321s
H27820 19876                    11893.580000 10443.7601  12.2%   261 2321s
 27847 19962 11192.0795   36  350 11893.5800 10443.8254  12.2%   261 2333s
 27960 20135 10740.9072   38  361 11893.5800 10444.1370  12.2%   262 2351s
 28187 20318     cutoff  111      11893.5800 10444.2993  12.2%   262 2367s
 28422 20442 10671.6212   28  400 11893.5800 10445.0108  12.2%   262 2381s
 28592 20501     cutoff   77      11893.5800 10447.5664  12.2%   262 2395s
 28668 20675 10931.1886   33  154 11893.5800 10448.9590  12.1%   263 2415s
 28963 20831 10755.3674   30  384 11893.5800 10449.4768  12.1%   263 2431s
 29131 20918     cutoff   78      11893.5800 10449.7156  12.1%   263 2445s
 29231 21091 11240.3878   43  347 11893.5800 10450.0373  12.1%   264 2461s
 29442 21241 10511.9881   23  413 11893.5800 10450.3725  12.1%   264 2477s
 29623 21413     cutoff   92      11893.5800 10450.8453  12.1%   264 2493s
 29845 21514 11079.1413   30  280 11893.5800 10452.1414  12.1%   264 2507s
 29960 21617 11506.2970   47  150 11893.5800 10452.7728  12.1%   264 2522s
 30094 21658 10728.7769   26  315 11893.5800 10453.8888  12.1%   265 2536s
 30135 21782 11162.1140   36  182 11893.5800 10453.9569  12.1%   266 2550s
 30275 22002 10895.2444   39  303 11893.5800 10455.4326  12.1%   266 2565s
 30530 22125 10982.1561   49  129 11893.5800 10456.6662  12.1%   266 2579s
 30681 22244 10997.3853   28  130 11893.5800 10457.4307  12.1%   266 2594s
 30832 22371     cutoff   49      11893.5800 10458.5078  12.1%   266 2608s
 30982 22474 11580.4797   79  115 11893.5800 10459.2436  12.1%   267 2622s
 31119 22587 10757.0509   32  415 11893.5800 10459.4714  12.1%   267 2638s
 31288 22718 11082.5912   29  254 11893.5800 10459.8720  12.1%   267 2652s
 31451 22898 10885.9283   55  202 11893.5800 10460.0388  12.1%   268 2667s
 31659 22977 11208.6141   38  113 11893.5800 10461.2274  12.0%   268 2683s
 31754 23077 11293.4335   28  203 11893.5800 10462.1461  12.0%   268 2697s
 31871 23216 10874.7512   34  383 11893.5800 10462.3689  12.0%   268 2712s
 32074 23273 11141.3101   32  235 11893.5800 10462.7060  12.0%   268 2726s
 32148 23395 11814.1864   63   75 11893.5800 10463.2152  12.0%   269 2740s
 32289 23447 11062.3791   25  310 11893.5800 10464.0441  12.0%   269 2757s
 32351 23629 11064.1701   33  154 11893.5800 10464.3293  12.0%   270 2773s
 32569 23706 11087.6307   49  252 11893.5800 10465.2609  12.0%   270 2788s
 32676 23823 10991.0851   47  223 11893.5800 10465.9935  12.0%   270 2802s
 32830 23891 11065.4536   31  331 11893.5800 10466.2579  12.0%   271 2816s
 32918 24072 10940.7328   34  352 11893.5800 10466.6225  12.0%   271 2830s
 33141 24187 11422.4821   70   43 11893.5800 10467.3509  12.0%   271 2845s
 33294 24292     cutoff   94      11893.5800 10468.6888  12.0%   271 2860s
 33432 24450 11220.2161   34  240 11893.5800 10469.2894  12.0%   272 2876s
 33635 24539 10591.1480   26  383 11893.5800 10469.3607  12.0%   272 2890s
 33783 24612 11233.7470   36  301 11893.5800 10469.7144  12.0%   272 2904s
 33878 24760 11078.6660   46  207 11893.5800 10470.6226  12.0%   273 2919s
 34026 24760 11393.2697   75  147 11893.5800 10470.9810  12.0%   273 2920s
 34058 24871 11851.1398   55   92 11893.5800 10471.0675  12.0%   273 2933s
 34197 24990     cutoff   81      11893.5800 10471.2588  12.0%   274 2948s
 34239 24990 11276.1226   57  171 11893.5800 10471.2588  12.0%   274 2950s
 34343 25130 11623.2763   76   91 11893.5800 10471.8139  12.0%   274 2965s
 34514 25237 11450.1314   74   91 11893.5800 10471.9850  12.0%   274 2980s
 34632 25330 11086.7261   50  274 11893.5800 10472.4464  11.9%   274 2994s
 34749 25426 11092.9369   58  182 11893.5800 10472.6721  11.9%   275 3009s
 34788 25426 11650.0794   97   33 11893.5800 10472.6721  11.9%   275 3010s
 34869 25605 10839.6367   34  278 11893.5800 10473.1387  11.9%   275 3024s
 35073 25608 10727.3558   29  280 11893.5800 10473.3199  11.9%   275 3025s
 35076 25728     cutoff   71      11893.5800 10474.0313  11.9%   275 3038s
 35224 25835 11143.2461   47  356 11893.5800 10474.5235  11.9%   275 3052s
 35375 25977 11275.1664   36  214 11893.5800 10474.8631  11.9%   276 3067s
 35562 26146 11283.3528   45  277 11893.5800 10475.5409  11.9%   276 3082s
 35754 26257 11359.8291   64  142 11893.5800 10475.5709  11.9%   276 3097s
 35895 26384 11297.4697   38  288 11893.5800 10475.8507  11.9%   276 3112s
 36066 26486 10782.3074   26  337 11893.5800 10476.5069  11.9%   276 3127s
 36183 26601 10945.7511   26  259 11893.5800 10476.7118  11.9%   277 3144s
 36354 26689 11148.0568   39  291 11893.5800 10476.8853  11.9%   277 3160s
 36486 26825 11162.2474   31  177 11893.5800 10477.2128  11.9%   278 3174s
 36563 26825 10624.5712   25  238 11893.5800 10477.7143  11.9%   278 3175s
 36661 26989 10985.8600   47  170 11893.5800 10478.0766  11.9%   278 3188s
 36849 27111 11008.5828   41  155 11893.5800 10478.9998  11.9%   278 3202s
 37001 27191 11330.8643   47  192 11893.5800 10479.9292  11.9%   278 3216s
 37099 27349 11049.9093   36  391 11893.5800 10480.2838  11.9%   279 3231s
 37276 27466 11551.6885   56  103 11893.5800 10480.3923  11.9%   279 3247s
 37431 27586 10778.7488   31  321 11893.5800 10480.9191  11.9%   279 3261s
 37572 27720     cutoff   84      11893.5800 10481.5777  11.9%   279 3276s
 37755 27793 11165.0649   47  325 11893.5800 10481.8715  11.9%   280 3290s
 37848 27968 11132.7280   47  146 11893.5800 10482.3450  11.9%   280 3307s
 38076 28108     cutoff   74      11893.5800 10482.6264  11.9%   280 3323s
 38235 28189 10744.8558   30  358 11893.5800 10482.9468  11.9%   281 3336s
 38317 28308 11141.7741   48  135 11893.5800 10483.3111  11.9%   281 3351s
 38487 28405 infeasible   84      11893.5800 10483.6197  11.9%   282 3366s
 38592 28487 10671.6223   21  416 11893.5800 10483.6197  11.9%   282 3379s
 38682 28633 10958.8383   31  256 11893.5800 10484.5870  11.8%   283 3394s
 38847 28720 10970.1289   32  299 11893.5800 10485.4062  11.8%   283 3408s
 38943 28857 11094.2821   34  172 11893.5800 10485.7078  11.8%   284 3424s
 39134 29048 10865.6134   27  305 11893.5800 10486.4268  11.8%   284 3439s
 39363 29157 11409.1644   72   12 11893.5800 10486.6538  11.8%   284 3453s
 39507 29289 11863.0545   77   30 11893.5800 10487.7978  11.8%   284 3468s
 39679 29429 11799.5066   76  125 11893.5800 10487.8903  11.8%   284 3485s
 39906 29547     cutoff   84      11893.5800 10488.8826  11.8%   284 3500s
 40052 29680     cutoff   78      11893.5800 10489.2030  11.8%   284 3514s
 40094 29680 11736.4170   72  101 11893.5800 10489.2030  11.8%   285 3515s
 40211 29795 10981.1101   29  284 11893.5800 10490.6922  11.8%   285 3529s
 40345 29860 11309.1586   44  224 11893.5800 10490.7290  11.8%   285 3562s
 40424 30106     cutoff   88      11893.5800 10490.9414  11.8%   285 3579s
 40736 30242 10776.1708   32  225 11893.5800 10491.3172  11.8%   284 3594s
 40909 30279 10743.0289   32  334 11893.5800 10491.5629  11.8%   284 3600s

Cutting planes:
  User: 3506
  Gomory: 21
  Cover: 409
  Implied bound: 169
  Projected implied bound: 7
  Clique: 67
  MIR: 165
  StrongCG: 2
  Flow cover: 295
  GUB cover: 1
  Zero half: 44
  RLT: 309
  Relax-and-lift: 9
  Lazy constraints: 5907

Explored 40944 nodes (11631827 simplex iterations) in 3600.15 seconds
Thread count was 2 (of 32 available processors)

Solution count 10: 11893.6 11929.6 11955.1 ... 13490.2

Time limit reached
Best objective 1.189358000000e+04, best bound 1.049156290198e+04, gap 11.7880%

User-callback calls 473628, time in user-callback 170.83 sec
================================================================================
executing instance: ./input/Instances/Original/3/absH3high_5n20.dat
--------------------------------------------------------------------------------
Instance details
n	21
H	3
C	1734
Li:
[0, 0, 0, 0, 0, 0, 0, 0, 0, 0, 0, 0, 0, 0, 0, 0, 0, 0, 0, 0, 0, ]
Ui:
[0, 40, 237, 68, 194, 144, 207, 114, 118, 207, 120, 72, 128, 48, 102, 237, 261, 135, 84, 184, 142, ]
Distance matrix:
|0	408	254	408	305	286	284	573	384	380	400	384	552	461	243	577	274	285	345	92	431	|
|408	0	189	21	111	218	178	168	182	283	211	86	158	222	191	168	136	320	219	318	87	|
|254	189	0	198	81	230	31	354	276	174	157	136	307	348	158	348	110	313	275	180	183	|
|408	21	198	0	118	204	190	165	163	302	230	105	169	202	184	170	134	306	202	317	107	|
|305	111	81	118	0	188	80	278	209	221	172	86	247	276	129	276	61	285	220	218	130	|
|286	218	230	204	188	0	249	342	102	401	360	260	373	176	73	360	128	103	60	202	290	|
|284	178	31	190	80	249	0	339	286	151	127	114	284	355	180	330	124	337	290	211	160	|
|573	168	354	165	278	342	339	0	262	411	330	229	118	248	342	37	298	434	316	482	194	|
|384	182	276	163	209	102	286	262	0	429	372	252	319	79	149	287	167	174	55	297	268	|
|380	283	174	302	221	401	151	411	429	0	82	197	318	491	331	390	274	488	439	331	219	|
|400	211	157	230	172	360	127	330	372	82	0	125	237	427	297	308	232	455	390	335	139	|
|384	86	136	105	86	260	114	229	252	197	125	0	171	303	210	217	143	361	278	301	47	|
|552	158	307	169	247	373	284	118	319	318	237	171	0	331	349	84	289	474	366	465	124	|
|461	222	348	202	276	176	355	248	79	491	427	303	331	0	228	279	241	226	119	375	308	|
|243	191	158	184	129	73	180	342	149	331	297	210	349	228	0	352	68	159	127	152	248	|
|577	168	348	170	276	360	330	37	287	390	308	217	84	279	352	0	303	455	339	486	177	|
|274	136	110	134	61	128	124	298	167	274	232	143	289	241	68	303	0	224	166	183	182	|
|285	320	313	306	285	103	337	434	174	488	455	361	474	226	159	455	224	0	119	224	393	|
|345	219	275	202	220	60	290	316	55	439	390	278	366	119	127	339	166	119	0	262	301	|
|92	318	180	317	218	202	211	482	297	331	335	301	465	375	152	486	183	224	262	0	347	|
|431	87	183	107	130	290	160	194	268	219	139	47	124	308	248	177	182	393	301	347	0	|

