




arguments: ./build/bc_mirp -f ./input/orig_exec_179.cfg
Current dir: /scratch/gui/bc_mirp
File verbosity level: 9
date       time         ( uptime  ) [ thread name/id ]                   file:line     v| 
2021-02-12 18:19:34.195 (   1.031s) [main thread     ]             loguru.cpp:789   INFO| Logging to './output/vi_vc+lex_half/OU/V4/Original/execution_12_02_2021_18_19_34.log', mode: 'a', verbosity: 9
--------------------------------------------------------------------------------
Parameters
                           instance_path           ./input/Instances/Original/4/
                            model_policy                                       1
                             nb_vehicles                                       4
                              output_dir ./output/vi_vc+lex_half/OU/V4/Original/
                            sec_strategy                                       1
                       solver_nb_threads                                       2
                         solver_show_log                                    true
                       solver_time_limit                                    3600
                              use_vi_cos                                   false
                              use_vi_cus                                   false
                         use_vi_hc1_full                                   false
                         use_vi_hc1_half                                   false
                      use_vi_hc1_quarter                                   false
                              use_vi_hc2                                   false
                              use_vi_hc3                                   false
                         use_vi_lex_full                                   false
                         use_vi_lex_half                                    true
                      use_vi_lex_quarter                                   false
                              use_vi_qua                                   false
                               use_vi_vc                                    true
                               use_vi_vr                                   false
--------------------------------------------------------------------------------
executing instance: ./input/Instances/Original/4/absH3low_3n30.dat
--------------------------------------------------------------------------------
Instance details
n	31
H	3
C	2841
Li:
[0, 0, 0, 0, 0, 0, 0, 0, 0, 0, 0, 0, 0, 0, 0, 0, 0, 0, 0, 0, 0, 0, 0, 0, 0, 0, 0, 0, 0, 0, 0, ]
Ui:
[0, 246, 98, 54, 144, 171, 192, 180, 165, 98, 122, 198, 297, 144, 130, 129, 219, 138, 142, 150, 108, 66, 64, 285, 180, 204, 276, 168, 240, 198, 122, ]
Distance matrix:
|0	172	56	166	260	198	42	197	296	110	91	112	238	275	323	183	330	232	175	181	162	191	232	280	201	139	356	185	266	216	26	|
|172	0	178	223	320	335	153	355	444	62	231	99	333	376	214	352	176	235	194	106	47	41	353	161	299	175	225	43	326	374	153	|
|56	178	0	110	204	162	93	233	336	125	144	148	187	226	358	180	313	284	123	152	182	185	282	252	256	88	329	177	210	251	42	|
|166	223	110	0	102	150	199	327	431	194	253	237	113	156	431	228	296	386	44	140	248	208	389	218	366	48	287	200	108	344	148	|
|260	320	204	102	0	156	296	391	493	296	340	339	66	90	531	263	362	486	127	226	349	300	469	278	454	148	334	292	6	406	245	|
|198	335	162	150	156	0	239	255	351	286	245	307	93	106	518	111	442	423	194	280	344	335	349	367	352	182	437	327	158	266	199	|
|42	153	93	199	296	239	0	203	296	91	82	76	278	316	284	217	322	191	201	186	133	180	217	281	177	165	356	175	302	222	52	|
|197	355	233	327	391	255	203	0	104	294	125	266	340	361	436	151	524	276	352	377	330	383	109	477	146	319	553	377	395	19	222	|
|296	444	336	431	493	351	296	104	0	384	214	348	440	456	488	241	617	315	456	476	412	475	113	575	176	422	651	470	497	88	322	|
|110	62	125	194	296	286	91	294	384	0	171	55	298	340	238	292	233	210	176	118	58	91	298	201	248	148	273	87	302	313	94	|
|91	231	144	253	340	245	82	125	214	171	0	141	307	339	324	184	403	187	266	266	204	261	140	363	114	230	438	256	346	144	116	|
|112	99	148	237	339	307	76	266	348	55	141	0	332	373	212	292	275	156	225	173	64	137	254	253	200	194	322	135	345	284	108	|
|238	333	187	113	66	93	278	340	440	298	307	332	0	43	536	203	404	469	153	253	354	321	427	322	420	160	385	313	67	353	229	|
|275	376	226	156	90	106	316	361	456	340	339	373	43	0	578	216	443	507	194	295	397	364	453	361	451	203	421	356	88	372	268	|
|323	214	358	431	531	518	284	436	488	238	324	212	536	578	0	498	309	176	407	320	183	245	376	344	312	383	379	251	537	451	319	|
|183	352	180	228	263	111	217	151	241	292	184	292	203	216	498	0	492	371	266	328	345	364	255	426	272	242	501	356	266	159	198	|
|330	176	313	296	362	442	322	524	617	233	403	275	404	443	309	492	0	397	253	164	218	142	529	84	475	260	72	147	367	543	306	|
|232	235	284	386	486	423	191	276	315	210	187	156	469	507	176	371	397	0	379	327	188	276	202	396	139	346	456	277	492	289	242	|
|175	194	123	44	127	194	201	352	456	176	266	225	153	194	407	266	253	379	0	101	225	174	405	174	375	36	244	166	133	370	152	|
|181	106	152	140	226	280	186	377	476	118	266	173	253	295	320	328	164	327	101	0	148	76	403	100	360	98	177	69	232	396	155	|
|162	47	182	248	349	344	133	330	412	58	204	64	354	397	183	345	218	188	225	148	0	89	316	208	259	201	270	90	355	348	149	|
|191	41	185	208	300	335	180	383	475	91	261	137	321	364	245	364	142	276	174	76	89	0	388	119	336	162	185	8	306	402	169	|
|232	353	282	389	469	349	217	109	113	298	140	254	427	453	376	255	529	202	405	403	316	388	0	497	64	369	570	384	474	112	256	|
|280	161	252	218	278	367	281	477	575	201	363	253	322	361	344	426	84	396	174	100	208	119	497	0	449	187	77	119	283	496	255	|
|201	299	256	366	454	352	177	146	176	248	114	200	420	451	312	272	475	139	375	360	259	336	64	449	0	339	521	333	460	156	223	|
|139	175	88	48	148	182	165	319	422	148	230	194	160	203	383	242	260	346	36	98	201	162	369	187	339	0	260	153	154	337	116	|
|356	225	329	287	334	437	356	553	651	273	438	322	385	421	379	501	72	456	244	177	270	185	570	77	521	260	0	187	338	572	331	|
|185	43	177	200	292	327	175	377	470	87	256	135	313	356	251	356	147	277	166	69	90	8	384	119	333	153	187	0	298	396	163	|
|266	326	210	108	6	158	302	395	497	302	346	345	67	88	537	266	367	492	133	232	355	306	474	283	460	154	338	298	0	410	251	|
|216	374	251	344	406	266	222	19	88	313	144	284	353	372	451	159	543	289	370	396	348	402	112	496	156	337	572	396	410	0	241	|
|26	153	42	148	245	199	52	222	322	94	116	108	229	268	319	198	306	242	152	155	149	169	256	255	223	116	331	163	251	241	0	|

--------------------------------------------------------------------------------
Building model...
	using lazy and cut (CVRPSEP package)
Solving IRP LP...
--------------------------------------------------------------------------------

Gurobi 9.1.0 (linux64) logging started Fri Feb 12 18:19:34 2021

Gurobi Optimizer version 9.1.0 build v9.1.0rc0 (linux64)
Thread count: 32 physical cores, 32 logical processors, using up to 2 threads
Optimize a model with 1159 rows, 6436 columns and 15832 nonzeros
Model fingerprint: 0xc9d2ba67
Variable types: 484 continuous, 5952 integer (372 binary)
Coefficient statistics:
  Matrix range     [1e+00, 3e+04]
  Objective range  [1e-02, 7e+02]
  Bounds range     [1e+00, 3e+02]
  RHS range        [1e+00, 5e+03]
Presolve removed 337 rows and 711 columns
Presolve time: 0.14s
Presolved: 822 rows, 5725 columns, 13216 nonzeros
Variable types: 290 continuous, 5435 integer (5076 binary)

Root relaxation: objective 2.406741e+03, 1156 iterations, 0.03 seconds

    Nodes    |    Current Node    |     Objective Bounds      |     Work
 Expl Unexpl |  Obj  Depth IntInf | Incumbent    BestBd   Gap | It/Node Time

     0     0 2406.74103    0   89          - 2406.74103      -     -    0s
     0     0 2635.05785    0  121          - 2635.05785      -     -    0s
     0     0 3187.59074    0  146          - 3187.59074      -     -    0s
     0     0 3221.20596    0  147          - 3221.20596      -     -    0s
     0     0 3221.20596    0  144          - 3221.20596      -     -    0s
     0     0 3253.00788    0  153          - 3253.00788      -     -    0s
     0     0 3263.46767    0  179          - 3263.46767      -     -    0s
     0     0 3267.55879    0  180          - 3267.55879      -     -    0s
     0     0 3289.95525    0  198          - 3289.95525      -     -    0s
     0     0 3294.20077    0  191          - 3294.20077      -     -    0s
     0     0 3323.79801    0  212          - 3323.79801      -     -    0s
     0     0 3325.74989    0  196          - 3325.74989      -     -    0s
     0     0 3326.13444    0  197          - 3326.13444      -     -    0s
     0     0 3446.12984    0  248          - 3446.12984      -     -    1s
     0     0 3464.35499    0  264          - 3464.35499      -     -    2s
     0     0 3468.91324    0  274          - 3468.91324      -     -    2s
     0     0 3472.37478    0  282          - 3472.37478      -     -    2s
     0     0 3473.13062    0  263          - 3473.13062      -     -    2s
     0     0 3545.48217    0  316          - 3545.48217      -     -    2s
     0     0 3550.59373    0  337          - 3550.59373      -     -    2s
     0     0 3551.38972    0  320          - 3551.38972      -     -    2s
     0     0 3574.91673    0  287          - 3574.91673      -     -    2s
     0     0 3580.64229    0  301          - 3580.64229      -     -    2s
     0     0 3581.36610    0  299          - 3581.36610      -     -    2s
     0     0 3587.52001    0  303          - 3587.52001      -     -    3s
     0     0 3587.52001    0  303          - 3587.52001      -     -    3s
     0     2 3590.30993    0  302          - 3590.30993      -     -    3s
    42    46 3822.27762   11  166          - 3601.56409      -   239    5s
   290   326 6394.39058  122   37          - 3601.56409      -   151   10s
*  644   636             242    9561.8600000 3602.02555  62.3%  98.3   13s
   661   643 4258.92041   17  142 9561.86000 3602.02555  62.3%   101   15s
   729   706 6044.10700  110  303 9561.86000 3602.02555  62.3%   111   20s
H  730   671                    9206.4500000 3602.02555  60.9%   111   21s
   745   681 4492.99097   35  496 9206.45000 3771.99608  59.0%   109   25s
H  749   649                    8970.0600000 3777.89342  57.9%   108   26s
   765   660 7520.64807  146  432 8970.06000 3786.32031  57.8%   106   30s
H  768   630                    8907.0600000 3786.32031  57.5%   118   30s
H  785   609                    8471.5200000 3788.24983  55.3%   115   35s
H  788   580                    8154.6400000 3788.30164  53.5%   115   37s
   790   584 3798.35438   27  505 8154.64000 3792.56309  53.5%   123   40s
   800   591 3829.30258   30  466 8154.64000 3817.73161  53.2%   128   45s
   845   622 3922.02408   42  330 8154.64000 3855.29826  52.7%   143   50s
   895   659 4216.66383   53  274 8154.64000 3855.29826  52.7%   155   55s
   956   702 4569.31224   70  190 8154.64000 3855.29826  52.7%   159   60s
  1109   832 6305.99607  131   62 8154.64000 3855.29826  52.7%   155   65s
  1352   952 3929.70559   33  446 8154.64000 3855.37894  52.7%   139   70s
  1450  1029 4053.86247   39  301 8154.64000 3855.37894  52.7%   142   75s
H 1465   880                    7107.1600000 3855.37894  45.8%   143   75s
H 1553   873                    6674.7700000 3855.37894  42.2%   144   78s
  1604   863 4224.59055   46  348 6674.77000 3855.37894  42.2%   144   81s
  1635   890 4269.53745   54  337 6674.77000 3855.37894  42.2%   153   85s
  1677   927 4367.00346   66  266 6674.77000 3855.37894  42.2%   162   90s
  1746   976 4636.69908   78  217 6674.77000 3855.37894  42.2%   166   95s
  1949  1139 5349.67607  103  176 6674.77000 3855.37894  42.2%   159  106s
  2143  1241 5607.65654  132  105 6674.77000 3855.37894  42.2%   151  110s
  2293  1322 6123.07491  185   64 6674.77000 3855.37894  42.2%   150  115s
  2376  1376 4096.83416   36  396 6674.77000 3859.40963  42.2%   154  120s
  2601  1639 4343.94385   48  139 6674.77000 3859.40963  42.2%   148  127s
* 2636  1077             147    5518.9200000 3859.40963  30.1%   147  127s
  2767  1044 4483.14751   53  141 5518.92000 3859.40963  30.1%   144  132s
  2812  1167 4897.40627   85   54 5518.92000 3893.70378  29.4%   143  135s
  2974  1223 4166.97286   33  397 5518.92000 3893.70378  29.4%   141  140s
  3058  1263 4278.55524   34  379 5518.92000 3903.23191  29.3%   144  145s
  3162  1411 5424.23710  113   46 5518.92000 3903.26310  29.3%   144  150s
  3322  1534 4343.33078   52  235 5518.92000 3903.26310  29.3%   142  156s
  3423  1696 5180.07868  148  107 5518.92000 3903.26310  29.3%   141  160s
  3558  1738 4373.87393   38  376 5518.92000 3906.10524  29.2%   141  166s
  3650  1791 5506.71628   94   61 5518.92000 3929.84932  28.8%   142  170s
  3715  1926 4353.59888   44  308 5518.92000 3929.84932  28.8%   143  177s
  3831  1993 4763.86086   67  268 5518.92000 3933.10127  28.7%   142  181s
  3943  2088 4302.91906   48  343 5518.92000 3933.22476  28.7%   143  187s
  4005  2134 4787.19212   61  312 5518.92000 3933.22476  28.7%   144  190s
  4094  2216 4464.95221   42  110 5518.92000 3938.82137  28.6%   146  196s
  4156  2263 5218.65744   59  184 5518.92000 3938.99094  28.6%   147  200s
  4258  2415 4815.37029   61  118 5518.92000 3948.46514  28.5%   150  208s
  4413  2505     cutoff  114      5518.92000 3953.27798  28.4%   149  213s
  4501  2595 4591.41700   48  274 5518.92000 3954.50033  28.3%   150  218s
  4646  2610 4044.17069   35  547 5518.92000 3954.50090  28.3%   150  223s
  4661  2646 4454.99679   38  383 5518.92000 3954.50090  28.3%   153  229s
  4721  2658 4480.49336   43  284 5518.92000 3954.50090  28.3%   155  233s
  4733  2720 4728.09484   46  189 5518.92000 3954.50090  28.3%   156  238s
  4795  2759 4877.21012   48  262 5518.92000 3954.50090  28.3%   157  242s
  4842  2800 5393.40615   58  116 5518.92000 3969.49146  28.1%   159  247s
  4919  2821 4287.22119   38  396 5518.92000 3978.95240  27.9%   160  252s
  4940  2931 4737.04907   53  201 5518.92000 3978.95240  27.9%   161  258s
  5078  2983     cutoff  143      5518.92000 3979.21564  27.9%   160  264s
  5152  3015 4276.25556   41  480 5518.92000 3983.00250  27.8%   160  270s
  5184  3089 4888.35525   57  264 5518.92000 3983.00250  27.8%   162  275s
  5275  3098     cutoff  104      5518.92000 3983.68946  27.8%   162  281s
  5294  3141 4479.23633   34  363 5518.92000 3983.68946  27.8%   164  286s
H 5311  2179                    5118.9400000 3983.68946  22.2%   165  286s
  5337  2202 5003.63367   52  138 5118.94000 3984.62006  22.2%   165  291s
  5379  2237 4614.05618   51  377 5118.94000 3988.79908  22.1%   168  296s
  5430  2265 4282.63564   49  375 5118.94000 3991.65304  22.0%   170  301s
  5458  2325 4540.99827   55  324 5118.94000 3991.65304  22.0%   172  309s
  5590  2396 5001.95025   64  215 5118.94000 3994.02622  22.0%   172  315s
  5684  2440 4793.97597   52  269 5118.94000 3997.29627  21.9%   172  323s
  5751  2480 4288.75985   38  273 5118.94000 4000.61637  21.8%   174  329s
  5791  2511 4951.19659   59   68 5118.94000 4005.51686  21.8%   176  337s
  5838  2589 4391.62008   40  486 5118.94000 4010.71518  21.6%   178  344s
  5876  2589 4639.19867   46  128 5118.94000 4010.71518  21.6%   179  345s
H 5929  2592                    5102.9400000 4010.71518  21.4%   179  352s
  5990  2690 4548.14047   51  294 5102.94000 4013.37870  21.4%   181  359s
  6097  2690 4905.10126   81  110 5102.94000 4017.64849  21.3%   180  360s
  6108  2712 4213.54390   36  285 5102.94000 4017.64849  21.3%   180  366s
  6130  2816 4476.02682   49  319 5102.94000 4017.65763  21.3%   182  373s
  6256  2830 4555.47086   31  432 5102.94000 4017.65763  21.3%   183  380s
  6278  2865 4556.94866   32  413 5102.94000 4017.65763  21.3%   185  387s
  6331  2924 4815.61740   36  300 5102.94000 4017.65763  21.3%   187  394s
  6409  2937 5027.58411   40  272 5102.94000 4025.47614  21.1%   187  401s
  6434  2955 4807.15717   33  410 5102.94000 4026.32409  21.1%   190  409s
  6464  3023 4313.55917   37  377 5102.94000 4026.32409  21.1%   192  416s
H 6534  2244                    4903.8500000 4026.32409  17.9%   194  424s
  6628  2296 4511.81933   44  240 4903.85000 4029.25646  17.8%   195  432s
  6727  2338 4272.66570   33  247 4903.85000 4031.81705  17.8%   195  440s
  6777  2365 4830.89581   54  245 4903.85000 4035.08255  17.7%   197  447s
  6811  2387 4604.81161   47  485 4903.85000 4036.39667  17.7%   199  454s
  6855  2453 4293.74486   40  321 4903.85000 4037.17025  17.7%   202  465s
  6929  2469     cutoff   76      4903.85000 4038.35474  17.6%   203  472s
  6953  2510 4706.19516   49  233 4903.85000 4038.98180  17.6%   206  480s
  7005  2545 4501.10507   45  190 4903.85000 4039.13262  17.6%   207  488s
  7072  2565 4674.08256   50  263 4903.85000 4043.38666  17.5%   209  495s
  7118  2598 4482.85457   43  400 4903.85000 4045.03827  17.5%   211  503s
  7173  2609 4169.75708   42  490 4903.85000 4047.33586  17.5%   213  510s
  7184  2668 4392.09809   49  351 4903.85000 4047.53072  17.5%   214  518s
H 7261  2594                    4885.8499868 4048.39586  17.1%   215  519s
  7262  2661 4567.39029   50  204 4885.84999 4048.54198  17.1%   215  530s
H 7305  2661                    4885.8499633 4048.54198  17.1%   217  530s
  7351  2808 4855.39769   54   79 4885.84996 4048.60287  17.1%   218  543s
  7528  2835 4747.67424   45  351 4885.84996 4052.07256  17.1%   219  556s
  7579  2886 4624.32846   48  322 4885.84996 4052.30030  17.1%   222  570s
H 7599  2857                    4878.8500000 4052.30030  16.9%   222  570s
  7652  2909 4718.06631   49  267 4878.85000 4052.99838  16.9%   224  582s
  7718  2954     cutoff   53      4878.85000 4053.67864  16.9%   227  595s
  7799  3061 4294.84825   37  441 4878.85000 4065.47025  16.7%   230  648s
  7926  3105     cutoff   87      4878.85000 4067.79481  16.6%   232  661s
  7998  3141 4700.16066   49  291 4878.85000 4070.85320  16.6%   235  674s
  8070  3235 4523.41200   45  319 4878.85000 4073.42529  16.5%   239  688s
  8198  3297 4373.54235   38  329 4878.85000 4079.35703  16.4%   241  704s
  8290  3363 4449.19927   39  513 4878.85000 4081.77981  16.3%   244  718s
  8382  3444 4847.50506   60  252 4878.85000 4083.46315  16.3%   247  733s
  8489  3499 4658.22212   43  159 4878.85000 4091.03114  16.1%   248  748s
  8592  3542 4745.26642   39  124 4878.85000 4094.52694  16.1%   251  765s
  8661  3594 4856.69376   59  335 4878.85000 4096.84455  16.0%   255  780s
  8763  3646 4719.96111   48  191 4878.85000 4099.84265  16.0%   257  798s
  8867  3727 4512.47054   52  392 4878.85000 4108.99362  15.8%   260  814s
  8973  3786 4369.51037   42  416 4878.85000 4110.68119  15.7%   263  830s
  9076  3852 4698.10941   48  154 4878.85000 4111.76124  15.7%   265  846s
  9173  3894 4652.59901   36  327 4878.85000 4115.62583  15.6%   269  862s
  9271  3963 4601.69326   49  283 4878.85000 4118.47989  15.6%   272  878s
  9372  4034 4530.86047   46  345 4878.85000 4122.95355  15.5%   275  895s
  9518  4093 4828.22282   53  281 4878.85000 4127.19212  15.4%   277  912s
  9628  4193 4738.41890   56  154 4878.85000 4132.87284  15.3%   279  930s
  9792  4227 4694.84021   43  315 4878.85000 4136.30838  15.2%   280  946s
  9867  4291 4605.89924   47  322 4878.85000 4138.38893  15.2%   283  962s
  9964  4344     cutoff   56      4878.85000 4141.58157  15.1%   286  980s
 10063  4429 4690.12323   40  469 4878.85000 4144.03849  15.1%   289  998s
 10178  4471     cutoff   66      4878.85000 4145.67932  15.0%   291 1014s
 10256  4517 4740.35493   55  255 4878.85000 4146.38117  15.0%   294 1030s
 10334  4595 4514.21606   45  272 4878.85000 4146.75023  15.0%   297 1048s
 10458  4674 4825.16556   54  112 4878.85000 4151.26407  14.9%   299 1067s
 10602  4766 4340.67539   37  277 4878.85000 4152.94135  14.9%   301 1086s
 10756  4926 4347.71920   40  209 4878.85000 4154.89251  14.8%   303 1107s
 10987  4996 4466.80641   35  300 4878.85000 4157.32226  14.8%   303 1126s
 11095  5066 4704.67700   49  254 4878.85000 4157.92142  14.8%   305 1144s
 11209  5145 4412.28978   40  265 4878.85000 4161.61527  14.7%   308 1166s
 11329  5201 4715.60011   45  365 4878.85000 4164.33763  14.6%   309 1183s
 11417  5267 4531.33828   47  473 4878.85000 4164.73494  14.6%   312 1202s
 11559  5315 4832.96758   49  303 4878.85000 4167.98747  14.6%   314 1219s
 11645  5363 4794.35449   61  285 4878.85000 4172.77696  14.5%   316 1237s
 11737  5416 4798.83495   52  362 4878.85000 4178.72612  14.4%   319 1256s
 11832  5494 4667.01214   49  148 4878.85000 4180.93483  14.3%   322 1275s
 11963  5550 4582.11937   42  405 4878.85000 4185.82602  14.2%   324 1294s
 12063  5661 4397.77637   46  238 4878.85000 4188.12753  14.2%   327 1315s
 12215  5716 4718.96329   44  378 4878.85000 4188.81002  14.1%   329 1335s
 12334  5829 4713.82822   54  382 4878.85000 4189.52594  14.1%   331 1356s
 12513  5947 4648.88331   45  151 4878.85000 4193.97555  14.0%   332 1377s
 12719  6031 4722.60106   45  185 4878.85000 4196.51128  14.0%   332 1397s
 12866  6130 4706.57086   37  159 4878.85000 4199.05036  13.9%   334 1417s
 13019  6234 4601.22632   44  361 4878.85000 4201.69842  13.9%   335 1437s
 13195  6348 4538.53909   47  380 4878.85000 4203.58659  13.8%   336 1456s
 13361  6412     cutoff   53      4878.85000 4205.03682  13.8%   337 1477s
 13478  6494 4619.10009   44  409 4878.85000 4210.30534  13.7%   340 1499s
 13613  6554 4624.97512   51  247 4878.85000 4212.72217  13.7%   342 1519s
 13728  6719 4632.97831   44  116 4878.85000 4214.84196  13.6%   344 1542s
*13868  4048              67    4672.4300000 4215.95695  9.77%   344 1543s
 13968  4012 4414.44393   39  137 4672.43000 4216.30963  9.76%   343 1561s
H14068  3587                    4636.4300000 4217.41645  9.04%   346 1581s
 14187  3605 4501.16138   39  304 4636.43000 4221.83776  8.94%   348 1602s
H14240  3547                    4631.4100000 4221.83776  8.84%   349 1602s
 14278  3610     cutoff   43      4631.41000 4224.45815  8.79%   351 1623s
 14436  3653 4399.53026   40  233 4631.41000 4227.13770  8.73%   352 1643s
 14543  3674     cutoff   41      4631.41000 4228.70446  8.70%   355 1664s
 14674  3699 4570.99881   46  289 4631.41000 4231.05315  8.64%   357 1683s
 14791  3769 4555.49912   39  222 4631.41000 4235.85497  8.54%   359 1705s
 14947  3826 4309.88633   38  307 4631.41000 4239.00821  8.47%   361 1727s
 15096  3867 4426.10550   39  366 4631.41000 4242.24811  8.40%   362 1750s
H15143  3461                    4603.4100000 4242.24811  7.85%   364 1750s
 15199  3506 4437.49153   43  393 4603.41000 4245.22537  7.78%   365 1771s
 15345  3548 4472.93378   43  325 4603.41000 4246.93333  7.74%   367 1792s
 15507  3594 4398.11539   43  185 4603.41000 4249.59022  7.69%   368 1815s
 15674  3636 4416.28598   40  248 4603.41000 4254.33582  7.58%   370 1837s
 15822  3691 4512.23063   45  281 4603.41000 4256.95325  7.53%   371 1859s
 15972  3726 4569.07795   47  326 4603.41000 4262.12527  7.41%   373 1880s
 16103  3751 4412.92589   42  307 4603.41000 4263.52308  7.38%   375 1901s
 16211  3776 4429.64955   42  545 4603.41000 4266.52376  7.32%   377 1923s
 16308  3808     cutoff   43      4603.41000 4268.40130  7.28%   379 1945s
 16438  3847     cutoff   41      4603.41000 4270.66572  7.23%   381 1967s
 16583  3872 4434.48704   45  157 4603.41000 4274.21007  7.15%   383 1988s
 16710  3928     cutoff   39      4603.41000 4275.96701  7.11%   385 2012s
 16891  3965 4542.86476   44  352 4603.41000 4277.46246  7.08%   385 2034s
 17072  3987     cutoff   49      4603.41000 4280.38946  7.02%   385 2058s
 17186  4071 4406.35255   38  305 4603.41000 4282.75486  6.97%   387 2081s
 17385  4114 4579.81372   41  308 4603.41000 4284.78204  6.92%   388 2104s
 17570  4146 4506.91686   44  343 4603.41000 4286.17244  6.89%   389 2127s
 17734  4186 4519.11394   42  331 4603.41000 4288.44695  6.84%   390 2149s
 17901  4209     cutoff   41      4603.41000 4289.86931  6.81%   391 2172s
 18074  4237     cutoff   47      4603.41000 4291.22100  6.78%   393 2193s
 18215  4294 4468.16710   43  462 4603.41000 4293.18138  6.74%   394 2216s
 18388  4342 4462.54926   40  255 4603.41000 4295.87270  6.68%   395 2239s
 18474  4342 4467.69254   46  182 4603.41000 4298.02934  6.63%   395 2240s
 18557  4370 4483.29018   48  281 4603.41000 4298.25390  6.63%   395 2262s
 18714  4385 4555.07948   47  381 4603.41000 4300.86898  6.57%   396 2284s
 18788  4385 4403.82668   46  442 4603.41000 4302.24378  6.54%   397 2285s
 18844  4390 4564.99680   40  346 4603.41000 4302.56549  6.54%   398 2307s
 18963  4403 4536.25774   42  320 4603.41000 4303.88608  6.51%   400 2329s
 19078  4409     cutoff   46      4603.41000 4305.45919  6.47%   401 2351s
 19222  4445 4399.57880   35  178 4603.41000 4307.47784  6.43%   403 2374s
 19319  4445     cutoff   44      4603.41000 4309.11696  6.39%   403 2375s
 19388  4492 4512.95065   44  325 4603.41000 4309.11696  6.39%   404 2398s
 19583  4500 4369.49558   47  387 4603.41000 4311.31515  6.35%   404 2421s
 19703  4537 4330.30424   42  431 4603.41000 4312.87449  6.31%   406 2444s
 19855  4558     cutoff   44      4603.41000 4314.73320  6.27%   407 2467s
 19991  4606 4486.23068   38  363 4603.41000 4316.47849  6.23%   409 2491s
 20179  4620 4548.59847   48  410 4603.41000 4318.83059  6.18%   409 2514s
 20331  4653     cutoff   41      4603.41000 4321.79416  6.12%   410 2538s
 20486  4688 4584.78291   43  302 4603.41000 4323.76987  6.07%   411 2564s
 20662  4736     cutoff   50      4603.41000 4325.47288  6.04%   412 2588s
 20865  4775     cutoff   42      4603.41000 4327.48161  5.99%   412 2613s
 21036  4811 4519.44834   48  141 4603.41000 4329.40353  5.95%   413 2637s
 21213  4837 4561.69171   37  388 4603.41000 4330.64678  5.93%   414 2661s
 21399  4886 4462.71945   38  396 4603.41000 4332.52879  5.88%   414 2685s
 21554  4907 4501.39253   37  435 4603.41000 4333.41641  5.87%   415 2798s
 21731  4927     cutoff   42      4603.41000 4334.78723  5.84%   416 2824s
 21859  4958 4575.03902   51  196 4603.41000 4335.87499  5.81%   417 2849s
 22057  4976 4501.14265   37  356 4603.41000 4337.91767  5.77%   418 2874s
 22210  5004 4555.04529   41  415 4603.41000 4339.54635  5.73%   419 2898s
 22406  5057 4523.38391   41  257 4603.41000 4340.90013  5.70%   419 2922s
 22593  5096 4562.52962   44  324 4603.41000 4342.37910  5.67%   420 2947s
 22782  5127 4590.96951   42  225 4603.41000 4344.31699  5.63%   420 2973s
 22998  5150 4568.69717   44  203 4603.41000 4345.92733  5.59%   421 2999s
 23167  5206 4514.93443   46   97 4603.41000 4347.02515  5.57%   422 3025s
 23393  5234     cutoff   47      4603.41000 4349.73418  5.51%   421 3051s
 23636  5260     cutoff   46      4603.41000 4351.84631  5.46%   420 3075s
 23846  5299     cutoff   49      4603.41000 4354.25050  5.41%   419 3099s
 23973  5299     cutoff   46      4603.41000 4356.16473  5.37%   419 3100s
 24101  5381 4569.13480   49  223 4603.41000 4356.29056  5.37%   418 3124s
 24398  5417     cutoff   45      4603.41000 4358.65049  5.32%   416 3149s
 24501  5417     cutoff   40      4603.41000 4360.31077  5.28%   416 3150s
 24609  5439 4595.64755   48  360 4603.41000 4360.33725  5.28%   416 3174s
 24831  5471     cutoff   41      4603.41000 4361.67725  5.25%   415 3198s
 25073  5508 4509.57668   44  459 4603.41000 4363.20263  5.22%   414 3221s
 25275  5542 4567.30647   38  377 4603.41000 4365.45374  5.17%   413 3244s
 25486  5571 4467.68222   44  247 4603.41000 4366.84764  5.14%   412 3268s
 25707  5629 4535.97099   43  282 4603.41000 4368.22914  5.11%   412 3293s
 25939  5676     cutoff   44      4603.41000 4369.35130  5.08%   411 3317s
 26199  5684     cutoff   45      4603.41000 4371.24804  5.04%   410 3342s
 26409  5721     cutoff   40      4603.41000 4372.94142  5.01%   409 3366s
 26648  5766 4468.87753   40  417 4603.41000 4374.95474  4.96%   408 3392s
 26901  5808     cutoff   44      4603.41000 4376.58915  4.93%   407 3417s
 27143  5812 4472.62155   41  247 4603.41000 4377.81742  4.90%   406 3441s
 27336  5853 4473.42448   49  394 4603.41000 4379.50855  4.86%   406 3465s
 27596  5877 4513.43591   49  386 4603.41000 4381.72949  4.82%   405 3498s
 27841  5893 4572.48726   45  270 4603.41000 4383.24397  4.78%   404 3560s
 28005  5924     cutoff   48      4603.41000 4383.46525  4.78%   403 3592s
 28213  5933 4495.57588   41  253 4603.41000 4384.57749  4.75%   403 3600s

Cutting planes:
  User: 5102
  Gomory: 20
  Cover: 371
  Implied bound: 138
  Projected implied bound: 8
  Clique: 14
  MIR: 81
  StrongCG: 2
  Flow cover: 203
  GUB cover: 3
  Zero half: 9
  RLT: 209
  Relax-and-lift: 17
  Lazy constraints: 733

Explored 28266 nodes (11385073 simplex iterations) in 3600.24 seconds
Thread count was 2 (of 32 available processors)

Solution count 10: 4603.41 4631.41 4636.43 ... 5518.92

Time limit reached
Best objective 4.603410000000e+03, best bound 4.384593047651e+03, gap 4.7534%

User-callback calls 369834, time in user-callback 152.57 sec
================================================================================
executing instance: ./input/Instances/Original/4/absH3low_3n10.dat
--------------------------------------------------------------------------------
Instance details
n	11
H	3
C	687
Li:
[0, 0, 0, 0, 0, 0, 0, 0, 0, 0, 0, ]
Ui:
[0, 189, 44, 174, 78, 36, 198, 117, 42, 96, 240, ]
Distance matrix:
|0	209	255	286	142	156	285	317	182	161	135	|
|209	0	464	451	315	356	490	469	361	299	260	|
|255	464	0	221	202	130	74	280	189	254	273	|
|286	451	221	0	145	156	164	479	354	153	192	|
|142	315	202	145	0	73	194	388	250	53	73	|
|156	356	130	156	73	0	134	332	200	127	144	|
|285	490	74	164	194	134	0	353	256	239	267	|
|317	469	280	479	388	332	353	0	141	436	430	|
|182	361	189	354	250	200	256	141	0	296	289	|
|161	299	254	153	53	127	239	436	296	0	39	|
|135	260	273	192	73	144	267	430	289	39	0	|

--------------------------------------------------------------------------------
Building model...
	using lazy and cut (CVRPSEP package)
Solving IRP LP...
--------------------------------------------------------------------------------

Gurobi 9.1.0 (linux64) logging started Fri Feb 12 19:19:36 2021

Gurobi Optimizer version 9.1.0 build v9.1.0rc0 (linux64)
Thread count: 32 physical cores, 32 logical processors, using up to 2 threads
Optimize a model with 419 rows, 956 columns and 2912 nonzeros
Model fingerprint: 0xf59df759
Variable types: 164 continuous, 792 integer (132 binary)
Coefficient statistics:
  Matrix range     [1e+00, 2e+02]
  Objective range  [1e-02, 5e+02]
  Bounds range     [1e+00, 2e+02]
  RHS range        [1e+00, 1e+03]
Presolve removed 145 rows and 271 columns
Presolve time: 0.04s
Presolved: 274 rows, 685 columns, 1929 nonzeros
Variable types: 83 continuous, 602 integer (494 binary)

Root relaxation: objective 1.973811e+03, 491 iterations, 0.01 seconds

    Nodes    |    Current Node    |     Objective Bounds      |     Work
 Expl Unexpl |  Obj  Depth IntInf | Incumbent    BestBd   Gap | It/Node Time

     0     0 1973.81061    0   54          - 1973.81061      -     -    0s
     0     0 2387.26443    0   64          - 2387.26443      -     -    0s
     0     0 2409.51346    0   62          - 2409.51346      -     -    0s
     0     0 2541.98498    0   74          - 2541.98498      -     -    0s
H    0     0                    4229.8400000 2541.98498  39.9%     -    0s
H    0     0                    4140.3200000 2541.98498  38.6%     -    0s
     0     0 2576.46995    0   90 4140.32000 2576.46995  37.8%     -    0s
     0     0 2578.02935    0   88 4140.32000 2578.02935  37.7%     -    0s
     0     0 2759.97870    0  112 4140.32000 2759.97870  33.3%     -    0s
H    0     0                    3828.3200000 2759.97870  27.9%     -    0s
     0     0 2776.84800    0  120 3828.32000 2776.84800  27.5%     -    0s
     0     0 2784.33955    0   74 3828.32000 2784.33955  27.3%     -    0s
     0     0 2788.88605    0   74 3828.32000 2788.88605  27.2%     -    0s
     0     0 2799.58488    0  154 3828.32000 2799.58488  26.9%     -    0s
     0     0 2801.56006    0  147 3828.32000 2801.56006  26.8%     -    0s
     0     0 2801.78210    0  148 3828.32000 2801.78210  26.8%     -    0s
     0     0 2812.40569    0  112 3828.32000 2812.40569  26.5%     -    0s
H    0     0                    3506.9800000 2812.40569  19.8%     -    0s
     0     0 2812.81042    0  134 3506.98000 2812.81042  19.8%     -    0s
     0     0 2814.89253    0  123 3506.98000 2814.89253  19.7%     -    0s
     0     0 2814.89253    0  123 3506.98000 2814.89253  19.7%     -    0s
     0     2 2816.64624    0  123 3506.98000 2816.64624  19.7%     -    0s
*   85    83              23    3498.7100000 2887.12913  17.5%  58.8    0s
*  133   118              15    3112.3600000 2893.70275  7.03%  52.8    0s
*  248   100               7    3111.1000000 2948.97287  5.21%  45.3    0s

Cutting planes:
  User: 40
  Gomory: 4
  Cover: 70
  Implied bound: 46
  Clique: 10
  MIR: 35
  StrongCG: 2
  Flow cover: 53
  Zero half: 2
  Network: 2
  RLT: 61
  Relax-and-lift: 16
  Lazy constraints: 13

Explored 417 nodes (18992 simplex iterations) in 1.35 seconds
Thread count was 2 (of 32 available processors)

Solution count 7: 3111.1 3112.36 3498.71 ... 4229.84

Optimal solution found (tolerance 1.00e-04)
Best objective 3.111100000000e+03, best bound 3.111100000000e+03, gap 0.0000%

User-callback calls 1383, time in user-callback 0.12 sec
================================================================================
executing instance: ./input/Instances/Original/4/absH3low_3n15.dat
--------------------------------------------------------------------------------
Instance details
n	16
H	3
C	1267
Li:
[0, 0, 0, 0, 0, 0, 0, 0, 0, 0, 0, 0, 0, 0, 0, 0, ]
Ui:
[0, 156, 267, 148, 144, 87, 33, 171, 76, 141, 270, 282, 60, 110, 172, 57, ]
Distance matrix:
|0	229	567	76	58	96	306	409	310	423	108	346	165	347	159	256	|
|229	0	482	243	279	155	375	525	251	419	158	373	65	123	329	246	|
|567	482	0	506	622	483	342	439	259	200	467	274	486	433	501	312	|
|76	243	506	0	119	88	230	337	255	352	88	272	179	347	94	194	|
|58	279	622	119	0	154	345	431	366	471	166	391	217	399	179	310	|
|96	155	483	88	154	0	266	397	224	358	17	289	92	262	176	179	|
|306	375	342	230	345	266	0	158	184	148	251	68	332	423	181	140	|
|409	525	439	337	431	397	158	0	340	244	386	201	476	581	253	298	|
|310	251	259	255	366	224	184	340	0	170	208	146	238	257	274	66	|
|423	419	200	352	471	358	148	244	170	0	341	84	396	424	323	182	|
|108	158	467	88	166	17	251	386	208	341	0	273	96	259	172	162	|
|346	373	274	272	391	289	68	201	146	84	273	0	340	400	239	127	|
|165	65	486	179	217	92	332	476	238	396	96	340	0	182	267	216	|
|347	123	433	347	399	262	423	581	257	424	259	400	182	0	423	283	|
|159	329	501	94	179	176	181	253	274	323	172	239	267	423	0	208	|
|256	246	312	194	310	179	140	298	66	182	162	127	216	283	208	0	|

--------------------------------------------------------------------------------
Building model...
	using lazy and cut (CVRPSEP package)
Solving IRP LP...
--------------------------------------------------------------------------------

Gurobi 9.1.0 (linux64) logging started Fri Feb 12 19:19:38 2021

Gurobi Optimizer version 9.1.0 build v9.1.0rc0 (linux64)
Thread count: 32 physical cores, 32 logical processors, using up to 2 threads
Optimize a model with 604 rows, 1876 columns and 5251 nonzeros
Model fingerprint: 0x4ba371ad
Variable types: 244 continuous, 1632 integer (192 binary)
Coefficient statistics:
  Matrix range     [1e+00, 3e+02]
  Objective range  [1e-02, 6e+02]
  Bounds range     [1e+00, 3e+02]
  RHS range        [1e+00, 2e+03]
Presolve removed 191 rows and 370 columns
Presolve time: 0.06s
Presolved: 413 rows, 1506 columns, 3877 nonzeros
Variable types: 136 continuous, 1370 integer (1199 binary)

Root relaxation: objective 1.933869e+03, 572 iterations, 0.01 seconds

    Nodes    |    Current Node    |     Objective Bounds      |     Work
 Expl Unexpl |  Obj  Depth IntInf | Incumbent    BestBd   Gap | It/Node Time

     0     0 1933.86943    0   75          - 1933.86943      -     -    0s
     0     0 2203.97319    0   88          - 2203.97319      -     -    0s
     0     0 2670.19111    0  120          - 2670.19111      -     -    0s
     0     0 2746.90310    0  129          - 2746.90310      -     -    0s
     0     0 2759.16548    0  137          - 2759.16548      -     -    0s
     0     0 2763.06777    0  140          - 2763.06777      -     -    0s
     0     0 2766.61205    0  148          - 2766.61205      -     -    0s
     0     0 2767.48646    0  149          - 2767.48646      -     -    0s
     0     0 2875.87752    0  161          - 2875.87752      -     -    0s
     0     0 2889.40419    0  168          - 2889.40419      -     -    0s
     0     0 2892.07424    0  201          - 2892.07424      -     -    0s
     0     0 2893.97912    0  184          - 2893.97912      -     -    0s
     0     0 2907.05939    0  173          - 2907.05939      -     -    0s
     0     0 2912.32366    0  180          - 2912.32366      -     -    0s
     0     0 2913.24496    0  192          - 2913.24496      -     -    0s
     0     0 2982.19625    0  201          - 2982.19625      -     -    0s
     0     0 2992.00665    0  225          - 2992.00665      -     -    0s
     0     0 2996.06691    0  221          - 2996.06691      -     -    0s
     0     0 2996.82148    0  221          - 2996.82148      -     -    0s
     0     0 3004.42805    0  234          - 3004.42805      -     -    0s
     0     0 3007.52835    0  248          - 3007.52835      -     -    0s
     0     0 3007.94791    0  242          - 3007.94791      -     -    0s
     0     0 3015.83173    0  233          - 3015.83173      -     -    0s
     0     0 3015.83173    0  233          - 3015.83173      -     -    0s
     0     2 3017.99781    0  233          - 3017.99781      -     -    0s
*  144   142              68    5216.2200000 3102.89127  40.5%  93.8    1s
*  146   142              67    5137.2200000 3102.89127  39.6%  92.5    1s
H  155   136                    4919.1000000 3103.01072  36.9%  90.7    1s
H  182   151                    4851.1000000 3103.01072  36.0%  89.1    1s
H  213   163                    4753.1000000 3103.01072  34.7%  91.7    2s
H  238   172                    4478.4100000 3103.01072  30.7%  99.3    2s
*  357   217              35    4205.5600000 3122.72457  25.7%  91.1    3s
H  389   217                    4135.3000000 3122.72457  24.5%  89.6    3s
H  439   210                    4025.3000000 3182.75924  20.9%  88.1    4s
   508   223     cutoff   13      4025.30000 3301.85389  18.0%  91.8    5s
H  533   197                    3924.5200000 3301.85389  15.9%  93.6    5s
   743   279 3370.16616   12  229 3924.52000 3370.16616  14.1%   101   10s
  1073   356 3718.36637   17   98 3924.52000 3370.16616  14.1%   116   15s
H 1168   346                    3917.7200000 3370.16616  14.0%   117   16s
H 1168   325                    3886.6800000 3370.16616  13.3%   117   16s
H 1233   286                    3849.4200000 3391.10820  11.9%   119   16s
H 1246   278                    3848.4600000 3405.72925  11.5%   118   17s
  1507   293 3755.81240   21  144 3848.46000 3477.01984  9.65%   122   20s
  1983   370     cutoff   22      3848.46000 3616.37298  6.03%   123   25s
  2591   382     cutoff   33      3848.46000 3681.16392  4.35%   119   30s
  3259   228 3769.02554   25   37 3848.46000 3745.36308  2.68%   113   35s

Cutting planes:
  User: 582
  Gomory: 4
  Cover: 168
  Implied bound: 91
  Projected implied bound: 2
  Clique: 28
  MIR: 96
  Flow cover: 108
  GUB cover: 4
  Inf proof: 2
  Zero half: 2
  RLT: 134
  Relax-and-lift: 16
  Lazy constraints: 38

Explored 3785 nodes (404516 simplex iterations) in 36.80 seconds
Thread count was 2 (of 32 available processors)

Solution count 10: 3848.46 3849.42 3886.68 ... 4753.1

Optimal solution found (tolerance 1.00e-04)
Best objective 3.848460000000e+03, best bound 3.848460000000e+03, gap 0.0000%

