




arguments: ./build/bc_mirp -f ./input/orig_exec_227.cfg
Current dir: /scratch/gui/bc_mirp
File verbosity level: 9
date       time         ( uptime  ) [ thread name/id ]                   file:line     v| 
2021-02-14 14:16:30.008 (   0.115s) [main thread     ]             loguru.cpp:789   INFO| Logging to './output/vi_vc+lex_half/OU/V4/Original/execution_14_02_2021_14_16_30.log', mode: 'a', verbosity: 9
--------------------------------------------------------------------------------
Parameters
                           instance_path           ./input/Instances/Original/5/
                            model_policy                                       1
                             nb_vehicles                                       4
                              output_dir ./output/vi_vc+lex_half/OU/V4/Original/
                            sec_strategy                                       1
                       solver_nb_threads                                       2
                         solver_show_log                                    true
                       solver_time_limit                                    3600
                              use_vi_cos                                   false
                              use_vi_cus                                   false
                         use_vi_hc1_full                                   false
                         use_vi_hc1_half                                   false
                      use_vi_hc1_quarter                                   false
                              use_vi_hc2                                   false
                              use_vi_hc3                                   false
                         use_vi_lex_full                                   false
                         use_vi_lex_half                                    true
                      use_vi_lex_quarter                                   false
                              use_vi_qua                                   false
                               use_vi_vc                                    true
                               use_vi_vr                                   false
--------------------------------------------------------------------------------
executing instance: ./input/Instances/Original/5/absH3low_4n50.dat
--------------------------------------------------------------------------------
Instance details
n	51
H	3
C	4066
Li:
[0, 0, 0, 0, 0, 0, 0, 0, 0, 0, 0, 0, 0, 0, 0, 0, 0, 0, 0, 0, 0, 0, 0, 0, 0, 0, 0, 0, 0, 0, 0, 0, 0, 0, 0, 0, 0, 0, 0, 0, 0, 0, 0, 0, 0, 0, 0, 0, 0, 0, 0, ]
Ui:
[0, 108, 126, 122, 66, 120, 48, 30, 128, 54, 158, 198, 36, 66, 210, 234, 147, 297, 171, 128, 116, 120, 219, 70, 294, 207, 134, 128, 234, 122, 22, 183, 195, 255, 132, 124, 66, 189, 219, 66, 128, 102, 288, 66, 87, 136, 36, 39, 282, 36, 237, ]
Distance matrix:
|0	210	444	498	509	104	438	228	487	304	456	434	526	476	163	47	293	396	293	290	313	85	280	437	293	336	409	106	449	376	433	478	193	404	404	534	278	181	380	507	189	438	263	473	353	216	202	218	452	254	465	|
|210	0	299	507	359	106	345	409	358	411	320	402	555	448	136	200	289	264	306	427	141	222	83	348	264	320	283	303	380	208	258	357	170	348	475	542	243	347	355	379	65	479	172	373	355	251	112	229	402	210	300	|
|444	299	0	363	65	358	116	542	66	440	26	241	425	272	282	407	251	51	276	490	159	397	224	124	217	237	48	490	170	99	83	74	261	180	430	385	214	479	231	85	270	390	184	116	271	300	409	276	210	215	54	|
|498	507	363	0	385	482	246	424	326	254	343	123	63	93	388	452	221	337	211	314	428	414	480	239	243	187	324	463	194	418	438	307	346	188	156	36	264	392	156	326	444	87	340	258	154	286	603	294	153	297	417	|
|509	359	65	385	0	422	145	602	59	492	59	269	448	292	348	472	305	115	329	545	218	462	281	152	274	286	106	554	192	153	116	78	326	216	472	403	274	540	271	63	334	425	249	127	316	361	468	337	233	278	69	|
|104	106	358	482	422	0	372	309	408	337	374	396	521	441	98	96	262	314	271	342	215	124	177	373	249	302	329	198	394	281	337	402	139	353	419	518	230	250	343	428	90	437	188	405	328	200	134	188	406	199	372	|
|438	345	116	246	145	372	0	485	87	357	97	126	309	155	279	394	180	101	200	414	223	373	288	8	157	150	84	459	53	188	196	68	245	72	328	269	165	427	128	97	297	280	184	36	175	250	456	233	94	184	170	|
|228	409	542	424	602	309	485	0	561	170	544	419	424	446	298	214	305	491	286	115	462	187	457	480	331	339	496	124	470	510	565	545	295	424	279	454	329	66	376	576	363	340	370	520	330	242	429	266	453	328	581	|
|487	358	66	326	59	408	87	561	0	441	40	211	389	233	324	446	258	95	281	497	220	431	287	95	230	234	79	522	133	164	146	19	297	160	415	344	233	500	215	21	323	367	224	68	261	320	470	299	174	242	106	|
|304	411	440	254	492	337	357	170	441	0	434	266	255	286	275	266	189	392	164	63	408	225	428	351	224	207	392	234	330	438	484	424	250	287	112	284	232	149	233	453	349	170	302	389	185	168	471	195	305	248	487	|
|456	320	26	343	59	374	97	544	40	434	0	223	406	252	294	418	247	60	271	487	181	405	247	105	215	229	49	498	149	124	109	48	270	165	419	364	215	482	218	60	288	375	194	92	261	302	431	279	190	220	75	|
|434	402	241	123	269	396	126	419	211	266	223	0	185	46	298	387	140	213	145	328	310	355	366	118	147	97	201	425	78	295	315	191	256	65	211	151	166	371	53	215	343	157	231	145	90	220	505	217	41	198	295	|
|526	555	425	63	448	521	309	424	389	255	406	185	0	156	430	481	266	398	252	310	485	442	534	301	293	237	386	480	257	478	500	370	390	249	145	55	313	401	212	389	491	89	392	321	201	322	646	334	216	345	479	|
|476	448	272	93	292	441	155	446	233	286	252	46	156	0	343	429	183	250	184	348	353	396	411	148	192	140	236	461	102	334	350	214	302	106	214	113	212	402	98	233	389	151	277	165	125	261	551	260	62	244	325	|
|163	136	282	388	348	98	279	298	324	275	294	298	430	343	0	124	167	234	178	296	167	121	162	279	151	205	247	216	297	224	280	316	42	256	340	423	132	232	246	344	74	349	100	314	233	115	216	97	308	101	307	|
|47	200	407	452	472	96	394	214	446	266	418	387	481	429	124	0	246	358	245	259	284	41	261	392	247	289	370	103	403	345	402	436	150	358	361	488	232	158	333	466	165	393	223	430	306	168	217	171	406	210	431	|
|293	289	251	221	305	262	180	305	258	189	247	140	266	183	167	246	0	204	26	240	238	215	276	175	37	43	203	289	169	255	297	242	125	122	202	257	52	248	87	272	225	191	134	215	67	80	382	77	163	81	298	|
|396	264	51	337	115	314	101	491	95	392	60	213	398	250	234	358	204	0	229	442	130	347	196	108	169	194	19	440	152	87	102	93	211	149	390	363	165	428	194	116	228	355	134	117	230	250	376	225	189	164	95	|
|293	306	276	211	329	271	200	286	281	164	271	145	252	184	178	245	26	229	0	216	262	212	297	195	63	53	228	280	184	280	323	264	138	137	178	248	76	232	95	294	241	173	156	234	60	77	395	83	172	102	324	|
|290	427	490	314	545	342	414	115	497	63	487	328	310	348	296	259	240	442	216	0	443	220	456	408	273	264	443	204	390	479	529	480	278	346	165	343	278	115	293	509	369	229	340	447	244	202	473	230	366	288	536	|
|313	141	159	428	218	215	223	462	220	408	181	310	485	353	167	284	238	130	262	443	0	288	67	228	202	252	149	382	267	67	122	221	168	247	440	459	186	396	273	241	125	423	107	245	291	242	251	214	297	162	160	|
|85	222	397	414	462	124	373	187	431	225	405	355	442	396	121	41	215	347	212	220	288	0	273	371	221	258	357	95	378	344	401	420	136	331	321	450	208	126	302	450	177	353	213	409	272	136	253	143	377	190	426	|
|280	83	224	480	281	177	288	457	287	428	247	366	534	411	162	261	276	196	297	456	67	273	0	292	243	298	215	363	329	128	176	288	179	305	475	513	224	392	324	307	96	466	143	311	335	261	187	235	357	195	219	|
|437	348	124	239	152	373	8	480	95	351	105	118	301	148	279	392	175	108	195	408	228	371	292	0	154	144	91	456	46	194	203	76	244	65	320	261	163	423	121	103	299	273	185	40	168	247	459	230	86	183	178	|
|293	264	217	243	274	249	157	331	230	224	215	147	293	192	151	247	37	169	63	273	202	221	243	154	0	57	170	303	157	217	260	215	110	111	238	278	21	271	94	245	201	223	100	193	92	93	362	78	160	54	263	|
|336	320	237	187	286	302	150	339	234	207	229	97	237	140	205	289	43	194	53	264	252	258	298	144	57	0	190	331	131	257	294	216	163	84	197	221	77	285	44	246	258	172	155	183	39	123	418	119	120	110	288	|
|409	283	48	324	106	329	84	496	79	392	49	201	386	236	247	370	203	19	228	443	149	357	215	91	170	190	0	449	136	105	114	75	221	138	384	349	168	434	185	99	245	346	146	98	224	255	394	231	174	171	99	|
|106	303	490	463	554	198	459	124	522	234	498	425	480	461	216	103	289	440	280	204	382	95	363	456	303	331	449	0	458	439	496	510	229	410	344	498	293	89	374	540	267	391	307	495	336	211	308	226	451	280	520	|
|449	380	170	194	192	394	53	470	133	330	149	78	257	102	297	403	169	152	184	390	267	378	329	46	157	131	136	458	0	238	249	114	259	47	287	216	171	416	96	137	327	235	211	67	145	247	488	235	41	197	223	|
|376	208	99	418	153	281	188	510	164	438	124	295	478	334	224	345	255	87	280	479	67	344	128	194	217	257	105	439	238	0	57	169	216	230	453	445	206	445	268	184	191	427	141	202	296	278	315	250	274	191	92	|
|433	258	83	438	116	337	196	565	146	484	109	315	500	350	280	402	297	102	323	529	122	401	176	203	260	294	114	496	249	57	0	157	271	252	490	463	251	499	296	162	247	457	195	199	331	329	362	302	288	241	47	|
|478	357	74	307	78	402	68	545	19	424	48	191	370	214	316	436	242	93	264	480	221	420	288	76	215	216	75	510	114	169	157	0	287	141	396	325	219	485	196	31	319	347	216	49	243	306	469	286	154	230	120	|
|193	170	261	346	326	139	245	295	297	250	270	256	390	302	42	150	125	211	138	278	168	136	179	244	110	163	221	229	259	216	271	287	0	216	305	382	91	229	204	316	105	310	78	280	192	83	257	60	268	62	292	|
|404	348	180	188	216	353	72	424	160	287	165	65	249	106	256	358	122	149	137	346	247	331	305	65	111	84	138	410	47	230	252	141	216	0	255	215	126	369	56	168	292	210	177	102	103	200	454	189	54	155	234	|
|404	475	430	156	472	419	328	279	415	112	419	211	145	214	340	361	202	390	178	165	440	321	475	320	238	197	384	344	287	453	490	396	305	255	0	181	254	261	201	422	410	69	335	353	160	225	551	246	252	280	482	|
|534	542	385	36	403	518	269	454	344	284	364	151	55	113	423	488	257	363	248	343	459	450	513	261	278	221	349	498	216	445	463	325	382	215	181	0	298	425	189	342	479	115	373	276	190	323	638	330	175	332	439	|
|278	243	214	264	274	230	165	329	233	232	215	166	313	212	132	232	52	165	76	278	186	208	224	163	21	77	168	293	171	206	251	219	91	126	254	298	0	267	114	250	181	242	82	202	112	88	341	68	177	33	258	|
|181	347	479	392	540	250	427	66	500	149	482	371	401	402	232	158	248	428	232	115	396	126	392	423	271	285	434	89	416	445	499	485	229	369	261	425	267	0	325	516	298	313	305	463	281	180	375	203	403	264	516	|
|380	355	231	156	271	343	128	376	215	233	218	53	212	98	246	333	87	194	95	293	273	302	324	121	94	44	185	374	96	268	296	196	204	56	201	189	114	325	0	224	294	161	185	157	49	167	455	163	78	147	284	|
|507	379	85	326	63	428	97	576	21	453	60	215	389	233	344	466	272	116	294	509	241	450	307	103	245	246	99	540	137	184	162	31	316	168	422	342	250	516	224	0	344	371	244	70	271	337	490	317	176	261	120	|
|189	65	270	444	334	90	297	363	323	349	288	343	491	389	74	165	225	228	241	369	125	177	96	299	201	258	245	267	327	191	247	319	105	292	410	479	181	298	294	344	0	414	116	328	291	187	163	165	345	147	282	|
|438	479	390	87	425	437	280	340	367	170	375	157	89	151	349	393	191	355	173	229	423	353	466	273	223	172	346	391	235	427	457	347	310	210	69	115	242	313	161	371	414	0	323	301	133	238	565	253	197	273	444	|
|263	172	184	340	249	188	184	370	224	302	194	231	392	277	100	223	134	134	156	340	107	213	143	185	100	155	146	307	211	141	195	216	78	177	335	373	82	305	185	244	116	323	0	217	192	138	278	110	230	55	214	|
|473	373	116	258	127	405	36	520	68	389	92	145	321	165	314	430	215	117	234	447	245	409	311	40	193	183	98	495	67	202	199	49	280	102	353	276	202	463	157	70	328	301	217	0	205	286	485	269	106	220	167	|
|353	355	271	154	316	328	175	330	261	185	261	90	201	125	233	306	67	230	60	244	291	272	335	168	92	39	224	336	145	296	331	243	192	103	160	190	112	281	49	271	291	133	192	205	0	138	449	141	123	145	323	|
|216	251	300	286	361	200	250	242	320	168	302	220	322	261	115	168	80	250	77	202	242	136	261	247	93	123	255	211	247	278	329	306	83	200	225	323	88	180	167	337	187	238	138	286	138	0	328	28	243	88	340	|
|202	112	409	603	468	134	456	429	470	471	431	505	646	551	216	217	382	376	395	473	251	253	187	459	362	418	394	308	488	315	362	469	257	454	551	638	341	375	455	490	163	565	278	485	449	328	0	313	508	308	406	|
|218	229	276	294	337	188	233	266	299	195	279	217	334	260	97	171	77	225	83	230	214	143	235	230	78	119	231	226	235	250	302	286	60	189	246	330	68	203	163	317	165	253	110	269	141	28	313	0	235	61	315	|
|452	402	210	153	233	406	94	453	174	305	190	41	216	62	308	406	163	189	172	366	297	377	357	86	160	120	174	451	41	274	288	154	268	54	252	175	177	403	78	176	345	197	230	106	123	243	508	235	0	207	264	|
|254	210	215	297	278	199	184	328	242	248	220	198	345	244	101	210	81	164	102	288	162	190	195	183	54	110	171	280	197	191	241	230	62	155	280	332	33	264	147	261	147	273	55	220	145	88	308	61	207	0	253	|
|465	300	54	417	69	372	170	581	106	487	75	295	479	325	307	431	298	95	324	536	160	426	219	178	263	288	99	520	223	92	47	120	292	234	482	439	258	516	284	120	282	444	214	167	323	340	406	315	264	253	0	|

--------------------------------------------------------------------------------
Building model...
	using lazy and cut (CVRPSEP package)
Solving IRP LP...
--------------------------------------------------------------------------------

Gurobi 9.1.0 (linux64) logging started Sun Feb 14 14:16:30 2021

Gurobi Optimizer version 9.1.0 build v9.1.0rc0 (linux64)
Thread count: 32 physical cores, 32 logical processors, using up to 2 threads
Optimize a model with 1899 rows, 16716 columns and 38352 nonzeros
Model fingerprint: 0x112876fc
Variable types: 804 continuous, 15912 integer (612 binary)
Coefficient statistics:
  Matrix range     [1e+00, 3e+07]
  Objective range  [1e-02, 6e+02]
  Bounds range     [1e+00, 3e+02]
  RHS range        [1e+00, 7e+03]
Presolve removed 537 rows and 1171 columns
Presolve time: 0.44s
Presolved: 1362 rows, 15545 columns, 33907 nonzeros
Variable types: 490 continuous, 15055 integer (14447 binary)

Root relaxation: objective 3.484096e+03, 1728 iterations, 0.06 seconds

    Nodes    |    Current Node    |     Objective Bounds      |     Work
 Expl Unexpl |  Obj  Depth IntInf | Incumbent    BestBd   Gap | It/Node Time

     0     0 3484.09562    0  162          - 3484.09562      -     -    0s
     0     0 3777.89011    0  182          - 3777.89011      -     -    1s
     0     0 3778.46435    0  182          - 3778.46435      -     -    1s
     0     0 4456.49606    0  227          - 4456.49606      -     -    1s
     0     0 4466.82101    0  241          - 4466.82101      -     -    2s
     0     0 4472.48565    0  216          - 4472.48565      -     -    2s
     0     0 4487.30228    0  214          - 4487.30228      -     -    2s
     0     0 4488.42905    0  237          - 4488.42905      -     -    2s
     0     0 4505.78101    0  235          - 4505.78101      -     -    2s
     0     0 4505.85310    0  234          - 4505.85310      -     -    2s
     0     0 4672.52331    0  333          - 4672.52331      -     -    2s
     0     0 4684.23816    0  322          - 4684.23816      -     -    5s
     0     0 4688.13686    0  352          - 4688.13686      -     -    5s
     0     0 4689.48147    0  357          - 4689.48147      -     -    5s
     0     0 4690.15673    0  330          - 4690.15673      -     -    6s
     0     0 4744.28591    0  348          - 4744.28591      -     -    6s
     0     0 4766.31794    0  392          - 4766.31794      -     -    7s
     0     0 4769.44563    0  394          - 4769.44563      -     -    7s
     0     0 4772.41305    0  402          - 4772.41305      -     -    7s
     0     0 4776.16078    0  401          - 4776.16078      -     -    7s
     0     0 4780.62774    0  391          - 4780.62774      -     -    8s
     0     0 4787.72666    0  451          - 4787.72666      -     -    8s
     0     0 4793.48135    0  422          - 4793.48135      -     -    8s
     0     0 4794.10245    0  478          - 4794.10245      -     -    8s
     0     0 4831.88659    0  462          - 4831.88659      -     -    9s
     0     0 4835.78188    0  475          - 4835.78188      -     -   10s
     0     0 4836.39336    0  503          - 4836.39336      -     -   10s
     0     0 4853.05953    0  551          - 4853.05953      -     -   10s
     0     0 4856.16811    0  585          - 4856.16811      -     -   11s
     0     0 4856.52017    0  580          - 4856.52017      -     -   11s
     0     0 4869.68426    0  531          - 4869.68426      -     -   12s
     0     0 4869.68426    0  531          - 4869.68426      -     -   13s
     0     2 4870.83661    0  535          - 4870.83661      -     -   16s
    21    25 4932.22351    6  422          - 4894.54823      -   512   20s
    73    80 5120.89842   16  353          - 4894.54823      -   333   25s
   170   190 5400.24558   29  260          - 4894.54823      -   241   30s
   368   392 5507.79383   46  226          - 4894.54823      -   145   35s
   453   442 5667.83115   72  271          - 4894.54823      -   152   40s
   505   493 6514.51685   99  153          - 4894.54823      -   164   45s
   570   586 6645.73148  137   85          - 4894.54823      -   164   50s
   666   627 4992.00131    7  590          - 4894.60598      -   154   55s
   686   649 5037.89254   12  378          - 4894.60598      -   163   61s
   718   681 5138.80318   16  326          - 4894.60598      -   170   65s
   727   683 5074.90954   13  158          - 4894.60598      -   171   70s
   736   689 5756.55534   76  633          - 4907.06166      -   169  154s
   737   690 6947.78271  150  633          - 4907.18683      -   169  155s
   745   695 5129.42148   18  642          - 4931.51708      -   167  160s
   751   699 6541.24557  124  622          - 4955.09687      -   165  170s
   760   705 5837.57218   91  662          - 4968.37057      -   164  175s
   769   711 6426.59712  119  651          - 4979.69902      -   162  180s
   777   717 6533.42289  129  767          - 4982.43865      -   160  185s
   781   719 5510.20896   50  709          - 4982.83658      -   159  194s
   782   723 4985.75965   15  658          - 4983.00014      -   183  195s
   792   731 4986.63252   18  625          - 4986.63252      -   188  200s
   799   734 5017.93743   20  677          - 5001.37981      -   195  205s
   811   743 5080.00815   22  378          - 5001.37981      -   205  210s
   847   768 5129.72859   30  303          - 5001.37981      -   211  215s
   898   807 5231.74496   43  271          - 5001.37981      -   215  220s
   954   855 5370.69546   57  205          - 5001.37981      -   214  225s
  1038   928 5477.93222   76  210          - 5001.37981      -   208  230s
  1135   987 5707.83596   95  171          - 5001.37981      -   199  235s
  1251  1071 6064.64733  120  146          - 5001.37981      -   189  241s
  1340  1145 6336.86364  137   92          - 5001.37981      -   182  245s
  1448  1221 6678.76610  165   30          - 5001.67358      -   172  253s
  1522  1210 8598.31000  184    2          - 5009.70874      -   166  258s
* 1525  1172             186    8619.2400000 5009.70874  41.9%   165  259s
  1565  1157 5126.75413   19  513 8619.24000 5009.70874  41.9%   163  264s
  1567  1159 5100.22493   19  509 8619.24000 5009.70874  41.9%   164  265s
  1570  1161 5106.93712   20  518 8619.24000 5009.70874  41.9%   165  315s
  1582  1170 5189.80211   25  352 8619.24000 5009.70874  41.9%   168  320s
  1591  1177 5191.52668   26  323 8619.24000 5009.70874  41.9%   169  327s
  1602  1185 5212.78474   28  306 8619.24000 5009.70874  41.9%   171  330s
  1617  1195 5270.64093   33  295 8619.24000 5009.70874  41.9%   174  337s
  1626  1200 5517.22973   35  292 8619.24000 5009.70874  41.9%   175  341s
  1640  1210 5339.57371   40  268 8619.24000 5009.70874  41.9%   177  345s
  1649  1215 5377.42372   41  239 8619.24000 5009.70874  41.9%   178  357s
  1666  1232 5397.77962   48  150 8619.24000 5009.70874  41.9%   179  361s
  1678  1230 5406.76540   49  202 8619.24000 5009.70874  41.9%   180  365s
  1696  1253 5481.73827   55  148 8619.24000 5009.70874  41.9%   181  371s
  1709  1251 5488.14904   60  166 8619.24000 5009.70874  41.9%   182  445s
  1726  1264 5285.61008   39  386 8619.24000 5009.70874  41.9%   182  450s
  1751  1297 5575.29865   66  196 8619.24000 5009.70874  41.9%   184  455s
  1797  1321 5781.53851   79  154 8619.24000 5009.70874  41.9%   183  460s
  1845  1369 5875.86545   89  149 8619.24000 5009.70874  41.9%   182  465s
  1874  1361 5934.75159   96  129 8619.24000 5009.70874  41.9%   182  475s
  1947  1454 6321.07063  111  109 8619.24000 5009.70874  41.9%   181  484s
  1993  1478 6754.77381  118  118 8619.24000 5009.70874  41.9%   179  488s
  2007  1474 6491.91589  123  133 8619.24000 5009.70874  41.9%   179  490s
  2095  1569 7865.53005  133   74 8619.24000 5009.70874  41.9%   177  497s
  2168  1605 infeasible  144      8619.24000 5009.71907  41.9%   174  503s
  2185  1599 7489.52462  156   71 8619.24000 5009.71907  41.9%   173  505s
  2270  1604 5150.08267   20  458 8619.24000 5009.71907  41.9%   170  510s
  2303  1641 5158.94557   23  408 8619.24000 5009.71907  41.9%   170  516s
  2351  1679 5202.49009   27  375 8619.24000 5009.71907  41.9%   169  522s
  2405  1728 5266.29204   33  301 8619.24000 5009.71907  41.9%   168  530s
  2480  1739 5326.69619   40  234 8619.24000 5009.71907  41.9%   166  537s
  2563  1733 5375.70908   47  194 8619.24000 5009.71907  41.9%   163  542s
  2585  1766 5454.20392   52  195 8619.24000 5009.71907  41.9%   164  547s
  2625  1808 5557.49645   65  127 8619.24000 5009.71907  41.9%   165  552s
  2639  1803 5632.26943   71  153 8619.24000 5009.71907  41.9%   164  629s
  2680  1876 5766.96639   78  121 8619.24000 5009.71907  41.9%   164  634s
  2708  1867 5935.57291   86  132 8619.24000 5009.71907  41.9%   164  635s
  2767  1950 6061.05664   91  128 8619.24000 5009.71907  41.9%   162  642s
  2883  1978 6274.55837  103   85 8619.24000 5009.71907  41.9%   159  648s
  2931  2038 6673.61997  115   87 8619.24000 5021.22121  41.7%   160  654s
  2989  2038 7521.48020  130   62 8619.24000 5021.22121  41.7%   157  655s
  3039  2070 5268.01963   23  566 8619.24000 5021.22121  41.7%   159  665s
  3056  2096 5553.58592   27  377 8619.24000 5021.22121  41.7%   160  672s
  3082  2152 6125.64429   36  271 8619.24000 5021.22121  41.7%   162  680s
  3138  2256 7239.02968   59  114 8619.24000 5036.98307  41.6%   162  695s
  3273  2274 5168.69590   18  546 8619.24000 5037.13030  41.6%   159  705s
  3300  2295 5304.61057   28  337 8619.24000 5037.13030  41.6%   160  712s
  3325  2354 5660.96213   42  323 8619.24000 5037.13030  41.6%   161  719s
  3359  2354 5992.57172   76  245 8619.24000 5037.13030  41.6%   161  720s
  3384  2466 6092.35390   80  235 8619.24000 5052.14725  41.4%   161  730s
  3528  2514     cutoff  177      8619.24000 5052.16666  41.4%   158  743s
  3597  2604     cutoff  181      8619.24000 5054.71997  41.4%   159  761s
  3689  2654 5422.48380   44  295 8619.24000 5054.71997  41.4%   159  783s
  3719  2654 8122.65673   82   57 8619.24000 5054.71997  41.4%   159  817s
  3767  2743 6038.49138   74  179 8619.24000 5059.11570  41.3%   158  829s
  3809  2743 6760.44783  116   98 8619.24000 5059.11570  41.3%   157  830s
  3874  2820 5328.27129   23  506 8619.24000 5059.11570  41.3%   158 1069s
  3927  2820 6899.08659  103  133 8619.24000 5059.11570  41.3%   158 1070s
  3953  2853 5562.91715   34  333 8619.24000 5059.11570  41.3%   157 1077s
  3996  2942 6112.00616   64  173 8619.24000 5059.11570  41.3%   159 1085s
  4085  3015 7692.58146  138   44 8619.24000 5066.44922  41.2%   159 1093s
  4172  3049     cutoff  184      8619.24000 5066.90099  41.2%   159 1101s
  4207  3144 5310.92978   37  425 8619.24000 5066.90099  41.2%   161 1235s
  4302  3271 7090.09298  101  134 8619.24000 5066.93651  41.2%   161 1247s
  4455  3425 5263.68636   32  423 8619.24000 5066.93651  41.2%   159 1261s
  4660  3503 5544.08641   34  366 8619.24000 5066.93651  41.2%   156 1341s
  4691  3503 7804.64273  190   22 8619.24000 5066.93651  41.2%   157 1387s
  4727  3558 5623.76242   50  336 8619.24000 5066.93651  41.2%   157 1403s
  4792  3675 5864.70172   71  198 8619.24000 5066.93651  41.2%   158 1417s
  4890  3675 6523.19935  107   84 8619.24000 5066.93651  41.2%   157 1420s
  4911  3754 6587.94535  106  127 8619.24000 5070.76272  41.2%   158 1500s
  5014  3826 5404.89333   30  404 8619.24000 5070.76272  41.2%   159 1516s
  5086  4032 5707.09465   56  275 8619.24000 5070.76272  41.2%   160 1535s
  5142  4032 6886.72399  112   74 8619.24000 5070.76272  41.2%   160 1542s
  5154  4032 6102.87976   60  169 8619.24000 5070.76272  41.2%   160 1622s
  5253  4032 8016.30453   98  101 8619.24000 5070.76272  41.2%   159 1625s
  5314  4130 7288.70157  124   21 8619.24000 5072.06214  41.2%   158 1644s
  5342  4131 7791.78000  151    2 8619.24000 5072.06214  41.2%   157 1645s
  5438  4287 infeasible  195      8619.24000 5073.15368  41.1%   158 1664s
  5472  4287 5435.54739   52  309 8619.24000 5073.15368  41.1%   158 1665s
* 5614  4287             176    8585.1600000 5074.47125  40.9%   156 1667s
* 5615  4287             176    8579.1600000 5074.47125  40.9%   156 1667s
  5625  4506 5449.73483   53  262 8579.16000 5074.48245  40.9%   156 1687s
  5740  4516 8468.97247  147    8 8579.16000 5074.48245  40.9%   155 1690s
  5905  4570 infeasible  151      8579.16000 5079.50503  40.8%   153 1709s
  5960  4697 5928.89401   47  363 8579.16000 5080.01249  40.8%   155 1726s
  6103  4914 5303.40800   30  301 8579.16000 5080.01249  40.8%   155 1741s
  6320  5182 7050.51333  139   33 8579.16000 5080.02410  40.8%   154 1849s
  6334  5182 7821.37750  153   24 8579.16000 5080.02410  40.8%   154 1850s
  6749  5309 infeasible  171      8579.16000 5080.67698  40.8%   149 1881s
  6824  5412 5535.53118   46  305 8579.16000 5083.49924  40.7%   150 1941s
  6848  5412 5931.17257   70  166 8579.16000 5083.49924  40.7%   150 2064s
  6863  5412 6088.80990   85   68 8579.16000 5083.49924  40.7%   150 2067s
  6933  5635 6293.59977  113  119 8579.16000 5086.09135  40.7%   150 2087s
  7177  5643 8224.40000  168    - 8579.16000 5086.15120  40.7%   147 2092s
  7185  5683 infeasible  171      8579.16000 5088.15343  40.7%   148 2115s
  7252  5882 5515.50616   31  352 8579.16000 5090.51970  40.7%   149 2213s
  7271  5882 5875.02103   50  307 8579.16000 5090.51970  40.7%   149 2266s
* 7405  5735             169    8187.5500000 5091.94000  37.8%   148 2269s
  7443  5735 5519.74836   54  344 8187.55000 5091.94000  37.8%   149 2270s
  7476  5786 5327.03128   27  474 8187.55000 5091.94000  37.8%   149 2291s
  7554  5806 6094.88688   69  234 8187.55000 5091.94000  37.8%   151 2314s
  7574  5808 6247.10832   78  244 8187.55000 5091.94000  37.8%   151 2343s
  7576  6091 6338.28933   79  219 8187.55000 5093.15563  37.8%   151 2368s
  7646  6091 7926.31500  149    8 8187.55000 5093.15563  37.8%   150 2370s
  7888  6225 infeasible  157      8187.55000 5095.19483  37.8%   149 2392s
  8072  6314 5469.00395   29  511 8187.55000 5096.83128  37.7%   149 2407s
  8096  6314 5909.24163   41  402 8187.55000 5096.83128  37.7%   150 2445s
  8139  6452 6026.57993   44  331 8187.55000 5096.83128  37.7%   151 2463s
  8277  6707 7034.94083   64  198 8187.55000 5097.72127  37.7%   153 2484s
  8305  6707 7236.43514   74  222 8187.55000 5097.72127  37.7%   153 2485s
  8561  6977 5251.99463   29  365 8187.55000 5099.50093  37.7%   152 2507s
  8857  7194 infeasible  164      8187.55000 5100.87704  37.7%   151 2541s
  8989  7198 6975.29000  147   14 8187.55000 5100.87704  37.7%   150 2545s
  9113  7439 infeasible  181      8187.55000 5101.71745  37.7%   150 2577s
  9207  7439 5957.45241  110  108 8187.55000 5101.71745  37.7%   150 2580s
  9419  7543 7715.53727  158   13 8187.55000 5102.98776  37.7%   148 2606s
  9524  7693     cutoff  160      8187.55000 5104.73646  37.7%   150 2652s
  9554  7696 5763.30404   71  297 8187.55000 5104.73790  37.7%   150 2655s
  9738  7883 5562.06723   37  254 8187.55000 5104.73790  37.7%   149 2675s
  9910  8388 5727.86110   49  245 8187.55000 5104.73790  37.7%   150 2725s
 10081  8389 6225.57000  101   25 8187.55000 5104.73790  37.7%   150 2730s
 10321  8397 7292.05000  168   11 8187.55000 5104.73790  37.7%   147 2735s
 10501  8747 6532.95544   97  137 8187.55000 5106.06694  37.6%   145 2768s
 10571  8747 6674.03714  130   60 8187.55000 5106.06694  37.6%   145 2770s
 10920  8950     cutoff  189      8187.55000 5106.41035  37.6%   143 2802s
 11008  8950 6088.77930   65  117 8187.55000 5106.94559  37.6%   143 2805s
 11120  9217 6190.26217   82  130 8187.55000 5107.97917  37.6%   143 2831s
 11291  9226 5769.00887   57  162 8187.55000 5107.97917  37.6%   142 2835s
 11417  9340     cutoff  208      8187.55000 5108.03905  37.6%   142 2859s
 11449  9344 5639.44740   46  342 8187.55000 5108.03905  37.6%   142 2863s
 11554  9418     cutoff  211      8187.55000 5108.50207  37.6%   143 2890s
 11650  9574 5555.37682   50  214 8187.55000 5110.11721  37.6%   144 3060s
 11818  9922 6014.23056   81  123 8187.55000 5110.63028  37.6%   145 3084s
 11832  9922 6345.07427   98   68 8187.55000 5110.63028  37.6%   145 3085s
 12244 10223 8138.16000  170    - 8187.55000 5110.67170  37.6%   143 3117s
 12562 10247 5672.86374   48  192 8187.55000 5111.48744  37.6%   142 3122s
 12564 10449     cutoff  170      8187.55000 5111.57784  37.6%   142 3141s
 12808 10463 7722.18894  139   27 8187.55000 5112.84428  37.6%   141 3145s
 12822 10655 8045.46000  137    - 8187.55000 5113.06729  37.6%   141 3163s
 12848 10658 5642.15482   47  315 8187.55000 5113.06729  37.6%   141 3203s
 12890 10658 6390.31079   89  142 8187.55000 5113.06729  37.6%   141 3205s
 13074 10803 8069.35000  142    - 8187.55000 5114.56504  37.5%   141 3240s
 13233 10905     cutoff  143      8187.55000 5115.76674  37.5%   141 3274s
 13274 10905 6434.42162   96   77 8187.55000 5115.96699  37.5%   141 3275s
 13355 11064 5889.80324   44  293 8187.55000 5115.96843  37.5%   141 3337s
 13551 11103     cutoff  167      8187.55000 5116.72063  37.5%   141 3354s
 13608 11224 5281.13327   31  399 8187.55000 5118.23169  37.5%   142 3495s
 13729 11432 6059.94213   84  164 8187.55000 5118.49574  37.5%   142 3522s
 13840 11433 5701.01584   70  149 8187.55000 5118.67190  37.5%   142 3525s
 13982 11540     cutoff  164      8187.55000 5121.19636  37.5%   142 3551s
 14090 11686 5648.13704   43  328 8187.55000 5122.41815  37.4%   142 3579s
 14121 11686 6179.16229   74  171 8187.55000 5122.41815  37.4%   143 3580s
 14271 11701     cutoff  139      8187.55000 5123.69867  37.4%   142 3600s

Cutting planes:
  User: 3106
  Gomory: 15
  Cover: 431
  Implied bound: 138
  Projected implied bound: 2
  Clique: 45
  MIR: 86
  StrongCG: 2
  Flow cover: 345
  GUB cover: 2
  Zero half: 68
  RLT: 328
  Relax-and-lift: 2
  Lazy constraints: 3757

Explored 14291 nodes (2055245 simplex iterations) in 3600.45 seconds
Thread count was 2 (of 32 available processors)

Solution count 4: 8187.55 8579.16 8585.16 8619.24 

Time limit reached
Best objective 8.187550000000e+03, best bound 5.124681434276e+03, gap 37.4089%

User-callback calls 241418, time in user-callback 1067.68 sec
================================================================================
executing instance: ./input/Instances/Original/5/absH3low_4n25.dat
--------------------------------------------------------------------------------
Instance details
n	26
H	3
C	2029
Li:
[0, 0, 0, 0, 0, 0, 0, 0, 0, 0, 0, 0, 0, 0, 0, 0, 0, 0, 0, 0, 0, 0, 0, 0, 0, 0, ]
Ui:
[0, 34, 165, 76, 88, 188, 58, 279, 52, 132, 198, 142, 135, 165, 186, 58, 201, 196, 40, 183, 32, 90, 168, 126, 93, 146, ]
Distance matrix:
|0	299	188	235	91	202	152	147	162	277	268	132	71	162	220	69	220	289	241	124	265	80	162	132	66	302	|
|299	0	468	431	282	142	317	425	443	569	193	178	359	302	422	231	93	28	511	325	457	242	434	215	240	601	|
|188	468	0	153	265	342	308	43	192	106	455	290	117	206	142	246	379	464	252	274	360	267	211	319	231	184	|
|235	431	153	0	326	289	386	145	321	240	482	269	184	129	15	258	339	436	393	355	477	305	336	354	237	334	|
|91	282	265	326	0	228	66	228	166	339	196	157	154	242	311	99	225	264	229	50	201	47	153	71	115	340	|
|202	142	342	289	228	0	285	301	363	447	255	73	245	161	281	139	53	151	440	278	428	181	360	187	136	495	|
|152	317	308	386	66	285	0	275	167	368	188	217	207	308	371	163	274	295	210	34	145	108	148	104	181	350	|
|147	425	43	145	228	301	275	0	179	146	415	248	76	172	131	203	337	421	248	242	341	227	195	279	188	211	|
|162	443	192	321	166	363	167	179	0	216	352	291	152	302	307	225	375	428	81	138	170	201	22	237	227	183	|
|277	569	106	240	339	447	368	146	216	0	535	391	210	312	232	341	481	562	245	335	381	352	238	402	329	106	|
|268	193	455	482	196	255	188	415	352	535	0	225	339	367	469	224	212	165	398	214	302	188	335	136	245	533	|
|132	178	290	269	157	73	217	248	291	391	225	0	183	145	258	66	91	175	367	207	358	110	287	127	67	431	|
|71	359	117	184	154	245	207	76	152	210	339	183	0	152	169	131	274	352	232	174	294	151	161	203	119	251	|
|162	302	206	129	242	161	308	172	302	312	367	145	152	0	120	153	210	308	383	284	426	208	309	249	132	383	|
|220	422	142	15	311	281	371	131	307	232	469	258	169	120	0	245	330	427	379	340	461	291	321	340	224	324	|
|69	231	246	258	99	139	163	203	225	341	224	66	131	153	245	0	152	222	301	147	299	57	221	97	22	371	|
|220	93	379	339	225	53	274	337	375	481	212	91	274	210	330	152	0	99	448	273	419	180	369	171	157	521	|
|289	28	464	436	264	151	295	421	428	562	165	175	352	308	427	222	99	0	493	305	434	227	418	196	234	590	|
|241	511	252	393	229	440	210	248	81	245	398	367	232	383	379	301	448	493	0	190	147	270	80	298	305	175	|
|124	325	274	355	50	278	34	242	138	335	214	207	174	284	340	147	273	305	190	0	152	97	122	110	162	320	|
|265	457	360	477	201	428	145	341	170	381	302	358	294	426	461	299	419	434	147	152	0	248	150	249	312	322	|
|80	242	267	305	47	181	108	227	201	352	188	110	151	208	291	57	180	227	270	97	248	0	192	52	76	366	|
|162	434	211	336	153	360	148	195	22	238	335	287	161	309	321	221	369	418	80	122	150	192	0	224	225	203	|
|132	215	319	354	71	187	104	279	237	402	136	127	203	249	340	97	171	196	298	110	249	52	224	0	118	409	|
|66	240	231	237	115	136	181	188	227	329	245	67	119	132	224	22	157	234	305	162	312	76	225	118	0	364	|
|302	601	184	334	340	495	350	211	183	106	533	431	251	383	324	371	521	590	175	320	322	366	203	409	364	0	|

--------------------------------------------------------------------------------
Building model...
	using lazy and cut (CVRPSEP package)
Solving IRP LP...
--------------------------------------------------------------------------------

Gurobi 9.1.0 (linux64) logging started Sun Feb 14 15:16:32 2021

Gurobi Optimizer version 9.1.0 build v9.1.0rc0 (linux64)
Thread count: 32 physical cores, 32 logical processors, using up to 2 threads
Optimize a model with 974 rows, 4616 columns and 11711 nonzeros
Model fingerprint: 0xac318c16
Variable types: 404 continuous, 4212 integer (312 binary)
Coefficient statistics:
  Matrix range     [1e+00, 8e+03]
  Objective range  [1e-02, 6e+02]
  Bounds range     [1e+00, 3e+02]
  RHS range        [1e+00, 3e+03]
Presolve removed 291 rows and 600 columns
Presolve time: 0.15s
Presolved: 683 rows, 4016 columns, 9507 nonzeros
Variable types: 236 continuous, 3780 integer (3489 binary)

Root relaxation: objective 2.531137e+03, 976 iterations, 0.02 seconds

    Nodes    |    Current Node    |     Objective Bounds      |     Work
 Expl Unexpl |  Obj  Depth IntInf | Incumbent    BestBd   Gap | It/Node Time

     0     0 2531.13724    0   97          - 2531.13724      -     -    0s
     0     0 2714.82166    0  134          - 2714.82166      -     -    0s
     0     0 2766.35582    0  143          - 2766.35582      -     -    0s
     0     0 2814.06379    0  147          - 2814.06379      -     -    0s
     0     0 2817.27572    0  145          - 2817.27572      -     -    0s
     0     0 2818.91669    0  147          - 2818.91669      -     -    0s
     0     0 3249.60389    0  177          - 3249.60389      -     -    0s
     0     0 3271.53918    0  183          - 3271.53918      -     -    0s
     0     0 3279.81567    0  178          - 3279.81567      -     -    0s
     0     0 3280.12615    0  176          - 3280.12615      -     -    0s
     0     0 3398.26566    0  219          - 3398.26566      -     -    0s
     0     0 3408.72072    0  239          - 3408.72072      -     -    1s
     0     0 3410.62661    0  252          - 3410.62661      -     -    1s
     0     0 3411.02578    0  248          - 3411.02578      -     -    1s
     0     0 3460.17290    0  216          - 3460.17290      -     -    1s
     0     0 3467.26811    0  235          - 3467.26811      -     -    1s
     0     0 3470.26161    0  215          - 3470.26161      -     -    1s
     0     0 3470.51692    0  227          - 3470.51692      -     -    1s
     0     0 3497.18513    0  245          - 3497.18513      -     -    1s
     0     0 3499.74469    0  235          - 3499.74469      -     -    1s
     0     0 3501.98433    0  262          - 3501.98433      -     -    1s
     0     0 3502.35190    0  265          - 3502.35190      -     -    1s
     0     0 3515.16883    0  285          - 3515.16883      -     -    1s
     0     0 3516.12587    0  317          - 3516.12587      -     -    1s
     0     0 3524.37272    0  254          - 3524.37272      -     -    1s
     0     0 3528.22658    0  273          - 3528.22658      -     -    1s
     0     0 3528.44425    0  254          - 3528.44425      -     -    2s
     0     0 3530.46665    0  332          - 3530.46665      -     -    2s
     0     0 3530.46665    0  326          - 3530.46665      -     -    2s
     0     2 3531.86240    0  326          - 3531.86240      -     -    2s
    71    79 4020.34134   18  227          - 3569.98249      -   273    5s
H  197   208                    5907.8400000 3569.98249  39.6%   171    6s
H  242   223                    5755.5000000 3569.98249  38.0%   165    9s
   272   254 4983.02929   64   49 5755.50000 3569.98249  38.0%   164   10s
H  354   323                    5581.8800000 3581.71878  35.8%   144   12s
   520   476 4141.88133   14  196 5581.88000 3581.71878  35.8%   128   15s
H  554   420                    5109.2100000 3581.71878  29.9%   133   16s
*  647   481              63    4782.5000000 3581.71878  25.1%   129   19s
   696   472 3837.42557    5  311 4782.50000 3589.81314  24.9%   127   20s
H  728   456                    4774.5000000 3589.81314  24.8%   128   22s
   744   466 4358.79596   37  254 4774.50000 3672.92522  23.1%   126   25s
   756   477 3721.85763   14  312 4774.50000 3687.36513  22.8%   132   30s
H  781   470                    4764.1200000 3843.14735  19.3%   139   33s
H  782   448                    4676.7400000 3843.14735  17.8%   139   33s
   842   471 4465.09483   29  114 4676.74000 3843.14735  17.8%   139   35s
   855   471 4366.29402   31  116 4676.74000 3843.14735  17.8%   138   80s
H  896   448                    4664.7400000 3865.55771  17.1%   138   81s
H  953   458                    4659.0000000 3865.55771  17.0%   141   83s
   989   476 4243.92107   33  148 4659.00000 3865.55771  17.0%   142   85s
* 1159   538              82    4637.1000000 3890.86584  16.1%   145   89s
  1177   577 4300.66581   34   84 4637.10000 3890.86584  16.1%   146   90s
  1389   623 3985.04180   17  327 4637.10000 3903.91580  15.8%   142   95s
H 1412   556                    4564.6300000 3903.91580  14.5%   143   96s
  1582   589 4123.25582   17  191 4564.63000 3957.59046  13.3%   149  100s
  1738   643 4451.94155   28  211 4564.63000 3964.25819  13.2%   152  105s
* 1865   605              63    4487.1200000 3985.41135  11.2%   152  108s
H 1926   598                    4469.1200000 3990.10891  10.7%   153  111s
  1978   636 4222.05828   20  260 4469.12000 4001.68887  10.5%   154  115s
  2127   728 4262.34863   21  118 4469.12000 4012.40157  10.2%   157  120s
