




arguments: ./build/bc_mirp -f ./input/orig_exec_83.cfg
Current dir: /scratch/gui/bc_mirp
File verbosity level: 9
date       time         ( uptime  ) [ thread name/id ]                   file:line     v| 
2021-02-07 06:48:25.704 (   0.092s) [main thread     ]             loguru.cpp:789   INFO| Logging to './output/vi_vc+lex_half/OU/V4/Original/execution_07_02_2021_06_48_25.log', mode: 'a', verbosity: 9
--------------------------------------------------------------------------------
Parameters
                           instance_path           ./input/Instances/Original/2/
                            model_policy                                       1
                             nb_vehicles                                       4
                              output_dir ./output/vi_vc+lex_half/OU/V4/Original/
                            sec_strategy                                       1
                       solver_nb_threads                                       2
                         solver_show_log                                    true
                       solver_time_limit                                    3600
                              use_vi_cos                                   false
                              use_vi_cus                                   false
                         use_vi_hc1_full                                   false
                         use_vi_hc1_half                                   false
                      use_vi_hc1_quarter                                   false
                              use_vi_hc2                                   false
                              use_vi_hc3                                   false
                         use_vi_lex_full                                   false
                         use_vi_lex_half                                    true
                      use_vi_lex_quarter                                   false
                              use_vi_qua                                   false
                               use_vi_vc                                    true
                               use_vi_vr                                   false
--------------------------------------------------------------------------------
executing instance: ./input/Instances/Original/2/absH3high_3n40.dat
--------------------------------------------------------------------------------
Instance details
n	41
H	3
C	3283
Li:
[0, 0, 0, 0, 0, 0, 0, 0, 0, 0, 0, 0, 0, 0, 0, 0, 0, 0, 0, 0, 0, 0, 0, 0, 0, 0, 0, 0, 0, 0, 0, 0, 0, 0, 0, 0, 0, 0, 0, 0, 0, ]
Ui:
[0, 63, 111, 99, 96, 111, 282, 122, 156, 261, 42, 192, 126, 42, 162, 207, 159, 122, 102, 190, 118, 102, 132, 102, 165, 252, 66, 52, 22, 114, 210, 176, 116, 294, 78, 152, 210, 45, 130, 198, 174, ]
Distance matrix:
|0	208	225	252	227	143	258	127	267	150	28	83	163	286	57	149	201	137	214	255	70	73	107	186	328	266	249	343	222	177	293	144	262	215	167	120	169	218	143	173	255	|
|208	0	397	355	416	198	216	99	211	275	193	172	97	166	240	225	362	109	277	314	182	216	273	374	298	208	319	161	14	103	93	120	58	196	152	156	372	227	260	218	453	|
|225	397	0	427	53	364	482	343	492	129	253	225	382	386	171	188	39	291	187	195	295	182	282	55	326	491	180	551	408	315	457	366	455	275	392	244	221	439	341	214	101	|
|252	355	427	0	401	158	201	263	219	396	234	328	259	498	299	400	420	354	465	506	205	324	152	374	574	219	499	393	366	389	446	235	378	456	205	359	224	150	111	423	400	|
|227	416	53	401	0	357	477	352	489	165	253	245	389	424	179	223	85	315	234	245	293	200	264	42	375	488	231	565	428	344	484	370	474	314	392	270	184	430	325	252	50	|
|143	198	364	158	357	0	121	105	134	290	116	196	103	342	200	276	343	205	343	385	74	210	112	319	432	133	382	265	209	237	290	78	226	313	57	220	232	75	69	292	375	|
|258	216	482	201	477	121	0	168	18	397	230	293	135	381	314	372	459	275	437	480	188	317	228	439	501	18	479	197	222	296	290	132	212	386	95	306	347	58	173	381	496	|
|127	99	343	263	352	105	168	0	171	239	105	130	40	237	173	206	313	109	270	312	84	164	175	310	337	169	313	216	112	135	192	37	142	220	77	138	280	155	162	213	382	|
|267	211	492	219	489	134	18	171	0	404	240	298	136	376	323	376	468	276	441	483	198	324	243	450	500	2	483	181	215	294	281	136	202	386	102	309	363	75	189	384	509	|
|150	275	129	396	165	290	397	239	404	0	175	110	279	259	97	59	91	166	84	116	217	80	245	130	226	402	106	434	286	187	329	269	333	149	302	119	244	364	291	87	213	|
|28	193	253	234	253	116	230	105	240	175	0	94	139	286	84	167	229	136	234	275	43	96	98	212	341	238	271	320	206	175	281	118	244	225	140	128	180	191	124	189	280	|
|83	172	225	328	245	196	293	130	298	110	94	0	169	209	77	80	191	71	147	189	127	45	189	203	247	296	187	327	184	106	241	162	230	132	198	38	242	266	217	96	285	|
|163	97	382	259	389	103	135	40	136	279	139	169	0	253	212	244	353	141	307	349	110	203	194	347	366	133	350	183	107	161	187	27	124	251	56	175	306	133	169	249	418	|
|286	166	386	498	424	342	381	237	376	259	286	209	253	0	284	201	347	151	210	230	299	247	383	387	155	374	242	290	162	112	129	270	192	113	308	172	451	386	391	172	471	|
|57	240	171	299	179	200	314	173	323	97	84	77	212	284	0	112	145	147	170	208	127	38	148	137	299	321	201	386	253	183	315	195	297	195	222	112	171	275	195	142	214	|
|149	225	188	400	223	276	372	206	376	59	167	80	244	201	112	0	149	117	67	110	205	78	254	186	187	374	108	387	235	132	272	240	283	93	277	71	279	346	291	32	270	|
|201	362	39	420	85	343	459	313	468	91	229	191	353	347	145	149	0	254	149	160	272	150	271	66	290	466	146	518	373	278	419	339	420	235	367	207	227	418	327	175	135	|
|137	109	291	354	315	205	275	109	276	166	136	71	141	151	147	117	254	0	172	212	151	116	232	273	229	274	215	270	119	39	170	145	167	111	186	47	305	263	245	113	356	|
|214	277	187	465	234	343	437	270	441	84	234	147	307	210	170	67	149	172	0	42	272	141	317	205	144	439	43	437	284	175	307	305	331	99	343	132	327	413	357	60	283	|
|255	314	195	506	245	385	480	312	483	116	275	189	349	230	208	110	160	212	42	0	314	182	356	222	132	481	15	474	321	212	337	347	367	126	385	174	358	455	398	100	295	|
|70	182	295	205	293	74	188	84	198	217	43	127	110	299	127	205	272	151	272	314	0	137	91	253	370	196	310	292	195	188	274	85	226	252	99	155	197	148	94	223	316	|
|73	216	182	324	200	210	317	164	324	80	96	45	203	247	38	78	150	116	141	182	137	0	176	158	263	323	176	369	229	150	286	191	274	157	223	77	208	284	216	106	239	|
|107	273	282	152	264	112	228	175	243	245	98	189	194	383	148	254	271	232	317	356	91	176	0	231	435	242	349	371	286	271	365	167	315	321	164	224	120	174	61	280	274	|
|186	374	55	374	42	319	439	310	450	130	212	203	347	387	137	186	66	273	205	222	253	158	231	0	348	448	208	523	386	303	442	329	431	279	352	229	167	392	291	217	85	|
|328	298	326	574	375	432	501	337	500	226	341	247	366	155	299	187	290	229	144	132	370	263	435	348	0	498	147	441	299	206	283	374	338	119	414	215	465	492	463	157	425	|
|266	208	491	219	488	133	18	169	2	402	238	296	133	374	321	374	466	274	439	481	196	323	242	448	498	0	481	180	213	292	278	134	200	384	100	307	362	75	188	381	508	|
|249	319	180	499	231	382	479	313	483	106	271	187	350	242	201	108	146	215	43	15	310	176	349	208	147	481	0	480	326	217	346	347	373	135	385	175	347	454	392	103	280	|
|343	161	551	393	565	265	197	216	181	434	320	327	183	290	386	387	518	270	437	474	292	369	371	523	441	180	480	0	153	263	163	207	107	352	208	317	487	244	334	379	598	|
|222	14	408	366	428	209	222	112	215	286	206	184	107	162	253	235	373	119	284	321	195	229	286	386	299	213	326	153	0	109	81	132	48	201	162	167	386	236	272	226	466	|
|177	103	315	389	344	237	296	135	294	187	175	106	161	112	183	132	278	39	175	212	188	150	271	303	206	292	217	263	109	0	142	171	156	95	211	74	344	289	281	118	386	|
|293	93	457	446	484	290	290	192	281	329	281	241	187	129	315	272	419	170	307	337	274	286	365	442	283	278	346	163	81	142	0	212	79	211	241	214	461	311	353	254	525	|
|144	120	366	235	370	78	132	37	136	269	118	162	27	270	195	240	339	145	305	347	85	191	167	329	374	134	347	207	132	171	212	0	151	257	40	174	280	119	142	248	398	|
|262	58	455	378	474	226	212	142	202	333	244	230	124	192	297	283	420	167	331	367	226	274	315	431	338	200	373	107	48	156	79	151	0	245	173	214	421	237	293	273	510	|
|215	196	275	456	314	313	386	220	386	149	225	132	251	113	195	93	235	111	99	126	252	157	321	279	119	384	135	352	201	95	211	257	245	0	297	97	365	374	345	62	362	|
|167	152	392	205	392	57	95	77	102	302	140	198	56	308	222	277	367	186	343	385	99	223	164	352	414	100	385	208	162	211	241	40	173	297	0	213	283	79	126	287	415	|
|120	156	244	359	270	220	306	138	309	119	128	38	175	172	112	71	207	47	132	174	155	77	224	229	215	307	175	317	167	74	214	174	214	97	213	0	280	286	248	75	313	|
|169	372	221	224	184	232	347	280	363	244	180	242	306	451	171	279	227	305	327	358	197	208	120	167	465	362	347	487	386	344	461	280	421	365	283	280	0	291	175	310	176	|
|218	227	439	150	430	75	58	155	75	364	191	266	133	386	275	346	418	263	413	455	148	284	174	392	492	75	454	244	236	289	311	119	237	374	79	286	291	0	116	359	445	|
|143	260	341	111	325	69	173	162	189	291	124	217	169	391	195	291	327	245	357	398	94	216	61	291	463	188	392	334	272	281	353	142	293	345	126	248	175	116	0	313	335	|
|173	218	214	423	252	292	381	213	384	87	189	96	249	172	142	32	175	113	60	100	223	106	280	217	157	381	103	379	226	118	254	248	273	62	287	75	310	359	313	0	300	|
|255	453	101	400	50	375	496	382	509	213	280	285	418	471	214	270	135	356	283	295	316	239	274	85	425	508	280	598	466	386	525	398	510	362	415	313	176	445	335	300	0	|

--------------------------------------------------------------------------------
Building model...
	using lazy and cut (CVRPSEP package)
Solving IRP LP...
--------------------------------------------------------------------------------

Gurobi 9.1.0 (linux64) logging started Sun Feb  7 06:48:25 2021

Gurobi Optimizer version 9.1.0 build v9.1.0rc0 (linux64)
Thread count: 32 physical cores, 32 logical processors, using up to 2 threads
Optimize a model with 1529 rows, 10976 columns and 25892 nonzeros
Model fingerprint: 0x31407c6a
Variable types: 644 continuous, 10332 integer (492 binary)
Coefficient statistics:
  Matrix range     [1e+00, 1e+06]
  Objective range  [1e-01, 6e+02]
  Bounds range     [1e+00, 3e+02]
  RHS range        [1e+00, 6e+03]
Presolve removed 437 rows and 941 columns
Presolve time: 0.19s
Presolved: 1092 rows, 10035 columns, 22307 nonzeros
Variable types: 390 continuous, 9645 integer (9161 binary)

Root relaxation: objective 1.236134e+04, 1285 iterations, 0.03 seconds

    Nodes    |    Current Node    |     Objective Bounds      |     Work
 Expl Unexpl |  Obj  Depth IntInf | Incumbent    BestBd   Gap | It/Node Time

     0     0 12361.3379    0  142          - 12361.3379      -     -    0s
     0     0 12825.0626    0  165          - 12825.0626      -     -    0s
     0     0 12825.1281    0  142          - 12825.1281      -     -    0s
     0     0 13535.0845    0  190          - 13535.0845      -     -    1s
     0     0 13552.2442    0  190          - 13552.2442      -     -    1s
     0     0 13557.2851    0  188          - 13557.2851      -     -    1s
     0     0 13557.2851    0  189          - 13557.2851      -     -    1s
     0     0 13650.4478    0  300          - 13650.4478      -     -    1s
     0     0 13674.7929    0  319          - 13674.7929      -     -    1s
     0     0 13683.4241    0  314          - 13683.4241      -     -    1s
     0     0 13684.8231    0  328          - 13684.8231      -     -    1s
     0     0 13685.2577    0  322          - 13685.2577      -     -    1s
     0     0 13784.0695    0  333          - 13784.0695      -     -    2s
     0     0 13784.0695    0  333          - 13784.0695      -     -    5s
     0     0 13805.3815    0  370          - 13805.3815      -     -    6s
     0     0 13806.5198    0  368          - 13806.5198      -     -    7s
     0     0 13833.6217    0  359          - 13833.6217      -     -    7s
     0     0 13836.8555    0  325          - 13836.8555      -     -    7s
     0     0 13839.3498    0  333          - 13839.3498      -     -    7s
     0     0 13864.4991    0  424          - 13864.4991      -     -    7s
     0     0 13880.7706    0  486          - 13880.7706      -     -    8s
     0     0 13894.6576    0  456          - 13894.6576      -     -    8s
     0     0 13895.4527    0  445          - 13895.4527      -     -    8s
     0     0 13901.7486    0  378          - 13901.7486      -     -    8s
     0     0 13904.3085    0  349          - 13904.3085      -     -    8s
     0     0 13913.9718    0  398          - 13913.9718      -     -    8s
     0     0 13913.9718    0  398          - 13913.9718      -     -    9s
     0     0 13913.9718    0  398          - 13913.9718      -     -   10s
     0     2 13920.5007    0  341          - 13920.5007      -     -   11s
    44    47 14033.8926   15  359          - 13940.6020      -   386   15s
    98   104 14456.5864   27  282          - 13940.6020      -   418   20s
   198   215 15048.7367   57  199          - 13940.6020      -   339   25s
   489   586 16744.7796  170   43          - 13940.6020      -   192   30s
*  948   957             324    19241.580000 13942.4752  27.5%   112   34s
  1013   922 17546.4023  242  398 19241.5800 13942.4752  27.5%   107   37s
  1017   925 17753.1378  208  329 19241.5800 13942.4752  27.5%   106   40s
  1033   935 18825.9900  303  428 19241.5800 14018.4152  27.1%   105   45s
  1039   939 15770.0358  121  434 19241.5800 14030.0433  27.1%   104   50s
  1053   949 19108.6300  308  469 19241.5800 14040.4219  27.0%   103   55s
  1063   955 15174.0978   64  472 19241.5800 14042.5716  27.0%   102   60s
  1072   962 15064.6698   56  412 19241.5800 14042.5716  27.0%   114   65s
H 1085   922                    18880.730000 14042.9880  25.6%   113   70s
  1092   927 15028.1286   54  547 18880.7300 14043.7418  25.6%   112   75s
  1110   942 14152.3691   30  506 18880.7300 14082.1339  25.4%   129   80s
  1148   968 14172.8925   39  437 18880.7300 14107.4483  25.3%   140   85s
  1174   986 14202.9116   44  467 18880.7300 14107.4483  25.3%   146   90s
  1214  1018 14325.0214   52  443 18880.7300 14107.4483  25.3%   156   95s
  1276  1066 14427.7391   65  304 18880.7300 14107.4483  25.3%   162  100s
  1372  1136 14747.0495   86  188 18880.7300 14107.4483  25.3%   169  105s
  1455  1201 15044.8865  110  166 18880.7300 14107.4483  25.3%   172  110s
  1633  1289 14165.9574   30  485 18880.7300 14107.4665  25.3%   169  116s
  1785  1383 14277.1984   34  371 18880.7300 14107.4665  25.3%   164  120s
* 1821  1324             245    18027.710000 14107.4665  21.7%   162  120s
  1865  1292 14335.8409   37  262 18027.7100 14107.4665  21.7%   161  130s
  1879  1306 14416.4728   40  342 18027.7100 14107.4665  21.7%   168  135s
  1913  1331 14495.6531   46  256 18027.7100 14107.4665  21.7%   176  141s
  1942  1349 14595.4779   51  350 18027.7100 14107.4665  21.7%   183  145s
  1981  1394 14736.9704   62  124 18027.7100 14107.4665  21.7%   189  151s
  2040  1465 14951.7863   83   77 18027.7100 14107.4665  21.7%   190  155s
  2154  1568 15740.0059  125   52 18027.7100 14112.9042  21.7%   189  161s
  2296  1601 14236.3341   34  575 18027.7100 14112.9042  21.7%   186  166s
  2367  1735 14364.5391   41  506 18027.7100 14112.9042  21.7%   189  171s
  2493  1802 14370.0253   41  486 18027.7100 14112.9042  21.7%   184  175s
  2705  1819 17579.0900  192    6 18027.7100 14112.9042  21.7%   175  180s
* 2763  1774             207    17831.640000 14112.9042  20.9%   172  180s
  2787  1783 14423.6350   47  469 17831.6400 14112.9042  20.9%   175  185s
  2799  1798 14446.9951   50  372 17831.6400 14112.9042  20.9%   179  191s
  2828  1814 14542.5353   54  307 17831.6400 14112.9042  20.9%   184  196s
  2857  1849 14703.6002   61  245 17831.6400 14112.9042  20.9%   188  201s
  2935  1907 15223.3042   84   76 17831.6400 14112.9042  20.9%   191  216s
  2968  1996 15428.0743   89  129 17831.6400 14112.9042  20.9%   192  220s
  3078  2050 15680.1406  119   16 17831.6400 14119.5427  20.8%   190  225s
* 3081  1555             125    15835.010000 14119.5427  10.8%   190  225s
* 3082  1474             123    15729.770000 14119.5427  10.2%   190  225s
  3246  1394 14403.7045   36  344 15729.7700 14119.5427  10.2%   187  232s
  3290  1451 14488.9514   45  387 15729.7700 14119.5427  10.2%   187  236s
  3365  1463 14715.2178   59  259 15729.7700 14119.5427  10.2%   188  246s
  3415  1477 15433.6784   99  126 15729.7700 14144.5648  10.1%   188  250s
  3473  1534 14541.9461   36  389 15729.7700 14144.5648  10.1%   193  257s
  3510  1593 14981.4292   44  132 15729.7700 14145.4468  10.1%   193  262s
  3589  1614 14430.7057   35  482 15729.7700 14145.5890  10.1%   195  266s
  3610  1678 14600.1040   45  444 15729.7700 14145.5890  10.1%   196  270s
  3674  1777 14923.0754   75  180 15729.7700 14152.3765  10.0%   196  276s
  3805  1789 14306.4438   30  581 15729.7700 14152.4279  10.0%   194  281s
  3817  1823 14542.6500   37  422 15729.7700 14152.4279  10.0%   196  285s
  3897  1924 15179.3801  106   87 15729.7700 14152.4279  10.0%   197  290s
  3952  1949 15582.6732  119  158 15729.7700 14163.8425  10.0%   197  295s
  4013  1968 14353.1097   32  581 15729.7700 14163.8492  10.0%   199  300s
  4068  2096 14793.8436   60  257 15729.7700 14166.4383  9.94%   202  311s
  4198  2141 14449.4586   36  469 15729.7700 14166.9088  9.94%   202  316s
  4243  2252 14934.4276   59  153 15729.7700 14182.7830  9.83%   203  325s
  4386  2273 14558.2332   37  432 15729.7700 14184.5318  9.82%   202  331s
  4426  2339 14972.1360   48  121 15729.7700 14185.4703  9.82%   203  340s
  4516  2367 14355.0750   38  537 15729.7700 14185.6141  9.82%   204  346s
  4544  2423 14698.6867   51  376 15729.7700 14191.1377  9.78%   206  354s
  4610  2441 14503.7735   32  415 15729.7700 14191.1377  9.78%   208  360s
  4642  2492 14759.7055   42  358 15729.7700 14197.7013  9.74%   211  369s
  4701  2538 14655.3201   29  310 15729.7700 14197.7013  9.74%   214  375s
  4747  2616 15036.9443   48  271 15729.7700 14197.7742  9.74%   215  383s
  4846  2631 14391.8935   44  406 15729.7700 14204.4639  9.70%   215  389s
  4861  2662 14857.9620   47  375 15729.7700 14204.4639  9.70%   219  395s
  4892  2728 14893.8232   52  294 15729.7700 14204.4639  9.70%   221  405s
  4958  2752 15298.2582   64  176 15729.7700 14206.4245  9.68%   223  413s
  5032  2782 14410.1460   34  517 15729.7700 14206.4555  9.68%   224  419s
  5050  2782 14458.7094   35  495 15729.7700 14206.4555  9.68%   225  420s
  5062  2850 14784.1954   52  352 15729.7700 14206.4555  9.68%   226  428s
  5130  2868 15695.3109  103   53 15729.7700 14208.9613  9.67%   226  435s
  5170  2906 14599.7093   39  383 15729.7700 14208.9876  9.67%   229  443s
  5208  3011 15271.4494   61  168 15729.7700 14213.9522  9.64%   231  453s
  5375  3013 14577.3421   31  373 15729.7700 14214.0601  9.64%   230  467s
  5377  3059 14652.4122   32  383 15729.7700 14214.0601  9.64%   230  475s
  5423  3155 15154.2227   58  196 15729.7700 14215.2785  9.63%   232  484s
  5550  3166 infeasible   98      15729.7700 14216.4336  9.62%   231  492s
  5576  3212 14878.1908   45  422 15729.7700 14216.4509  9.62%   234  500s
  5622  3247 15500.3170   71  276 15729.7700 14216.5468  9.62%   236  509s
  5678  3290 14539.3619   43  375 15729.7700 14223.2997  9.58%   238  518s
  5721  3344 15313.0744   63  158 15729.7700 14225.1037  9.57%   241  529s
  5800  3380 14584.4550   42  439 15729.7700 14230.2465  9.53%   243  539s
  5836  3435 14988.0564   51  284 15729.7700 14230.2465  9.53%   246  549s
  5891  3538 15223.8023   59  237 15729.7700 14230.2465  9.53%   249  563s
  6003  3557 15657.0247   76  108 15729.7700 14230.4137  9.53%   249  573s
  6041  3657 14753.3491   40  421 15729.7700 14230.9996  9.53%   252  586s
H 6162  3688                    15727.870000 14231.0115  9.52%   253  598s
  6195  3751 15080.5621   46  119 15727.8700 14231.2044  9.52%   256  612s
  6294  3821 14428.0600   45  473 15727.8700 14234.2639  9.50%   256  627s
  6381  3885 14584.9211   30  488 15727.8700 14234.2639  9.50%   257  638s
  6453  3990 15042.7308   55  268 15727.8700 14235.8508  9.49%   259  653s
  6578  4061 14673.6655   40  423 15727.8700 14237.7431  9.47%   260  666s
  6657  4102 15708.1400   96    - 15727.8700 14238.9721  9.47%   261  679s
  6716  4165 15718.7700   95    - 15727.8700 14239.7189  9.46%   264  691s
  6785  4250     cutoff   97      15727.8700 14240.2208  9.46%   266  707s
  6898  4401 14576.2161   45  300 15727.8700 14240.2861  9.46%   268  724s
  7010  4401 15111.4805   99   16 15727.8700 14240.2861  9.46%   266  725s
  7081  4448     cutoff  119      15727.8700 14241.8831  9.45%   267  737s
  7126  4554 14877.4783   50  197 15727.8700 14244.1753  9.43%   270  750s
  7247  4730 15684.2600  114    - 15727.8700 14245.8963  9.42%   270  772s
H 7259  4551                    15639.870000 14245.8963  8.91%   271  772s
  7466  4667     cutoff  114      15639.8700 14250.4433  8.88%   270  792s
  7605  4749 15342.8795   62  169 15639.8700 14253.8063  8.86%   272  810s
  7703  4893 14663.0756   33  446 15639.8700 14254.9246  8.86%   275  832s
  7881  5065 14844.4809   41  360 15639.8700 14261.0800  8.82%   277  857s
  8073  5183 14532.2459   29  489 15639.8700 14271.8431  8.75%   278  879s
  8213  5320 14390.3939   36  480 15639.8700 14272.7334  8.74%   279  898s
  8377  5473 14676.0723   40  387 15639.8700 14284.5517  8.67%   280  918s
H 8580  5361                    15591.270000 14284.5861  8.38%   278  940s
H 8715  5384                    15583.750000 14290.7792  8.30%   279  960s
  8762  5621 14782.7328   50  351 15583.7500 14290.9815  8.30%   282  983s
  9051  5794 14507.5708   32  381 15583.7500 14296.7084  8.26%   280 1006s
  9255  5979 14383.9413   35  463 15583.7500 14300.2601  8.24%   280 1027s
  9468  6101 14470.6006   41  371 15583.7500 14301.7521  8.23%   280 1047s
  9625  6145 15440.0083   74   17 15583.7500 14304.7634  8.21%   281 1067s
H 9660  6047                    15559.860000 14304.7634  8.07%   281 1068s
  9681  6200 14989.9348   50  378 15559.8600 14304.7701  8.07%   281 1088s
  9846  6200 15198.5158   97   81 15559.8600 14304.8250  8.07%   282 1090s
  9869  6297 15210.4865   72  169 15559.8600 14305.0987  8.06%   282 1109s
  9920  6297 14984.4241   52  115 15559.8600 14305.0987  8.06%   282 1110s
 10018  6445     cutoff   76      15559.8600 14309.4511  8.04%   283 1131s
 10193  6603 14486.2195   36  393 15559.8600 14310.5649  8.03%   284 1152s
 10371  6736 15067.3480   58   58 15559.8600 14310.9474  8.03%   284 1174s
 10511  6740 14981.5936   61  253 15559.8600 14310.9474  8.03%   284 1175s
 10541  6825     cutoff   87      15559.8600 14310.9565  8.03%   286 1194s
 10644  6928     cutoff   87      15559.8600 14313.3224  8.01%   289 1214s
H10646  6765                    15526.860000 14313.3224  7.82%   289 1214s
 10749  6978 14978.4009   52  238 15526.8600 14313.8274  7.81%   292 1240s
 11029  7077 15465.1184   71  313 15526.8600 14314.0261  7.81%   292 1264s
 11101  7077 14423.0458   38  443 15526.8600 14317.7532  7.79%   293 1265s
 11165  7188 14669.6106   37  400 15526.8600 14318.7278  7.78%   293 1286s
 11296  7255 14507.1506   39  553 15526.8600 14321.4696  7.76%   293 1305s
 11363  7448 14922.8825   52  168 15526.8600 14321.4696  7.76%   297 1329s
 11421  7448 15067.1163   77   47 15526.8600 14321.4696  7.76%   297 1330s
 11602  7584 15188.1812   98   46 15526.8600 14324.0468  7.75%   296 1353s
 11794  7636     cutoff  106      15526.8600 14325.0667  7.74%   297 1376s
 11850  7833 14819.6040   47  252 15526.8600 14325.1317  7.74%   300 1401s
 12122  7922 14928.0458   73  324 15526.8600 14326.4966  7.73%   300 1422s
 12224  8186 14882.9377   66  152 15526.8600 14329.9159  7.71%   302 1446s
 12554  8305     cutoff  135      15526.8600 14333.8792  7.68%   301 1468s
 12695  8373 15014.5278   49  172 15526.8600 14338.7986  7.65%   302 1491s
 12800  8566 14707.3744   41  342 15526.8600 14339.9636  7.64%   303 1514s
 12862  8566 15480.2488   98   35 15526.8600 14339.9636  7.64%   302 1515s
 13045  8665 14678.9484   40  503 15526.8600 14342.7852  7.63%   302 1536s
 13139  8877 14974.0046   66  124 15526.8600 14343.1534  7.62%   305 1559s
 13249  8877 15265.3098   76  155 15526.8600 14343.1534  7.62%   304 1560s
 13416  9036 14524.6021   45  453 15526.8600 14343.7129  7.62%   304 1582s
 13634  9175 14446.4741   37  485 15526.8600 14344.5721  7.61%   303 1605s
 13789  9315 15001.7085   53  208 15526.8600 14345.4451  7.61%   303 1628s
 13955  9397 14536.9097   53  441 15526.8600 14346.1971  7.60%   304 1651s
 14051  9538 14538.7544   53  489 15526.8600 14346.5124  7.60%   304 1673s
 14188  9538 15028.3345   66  170 15526.8600 14346.5422  7.60%   305 1675s
 14237  9699 14979.5801   61  263 15526.8600 14347.4204  7.60%   304 1696s
 14431  9834 14543.0955   42  469 15526.8600 14348.9114  7.59%   304 1719s
 14507  9834 15238.0435   80  124 15526.8600 14348.9114  7.59%   305 1720s
 14574 10000 15105.2497   85   58 15526.8600 14351.1108  7.57%   306 1741s
 14769 10185 14647.8224   39  454 15526.8600 14351.1108  7.57%   306 1765s
 14985 10381 15319.3086   60  155 15526.8600 14352.1480  7.57%   305 1788s
 15210 10381 15156.7624   66  227 15526.8600 14353.5066  7.56%   304 1790s
 15248 10531 14714.7302   37  527 15526.8600 14353.8389  7.55%   304 1811s
 15428 10705 14432.6273   43  516 15526.8600 14357.7910  7.53%   303 1833s
 15640 10853 14735.4574   44  430 15526.8600 14359.7249  7.52%   303 1855s
 15810 10963 15505.5933   82   25 15526.8600 14360.7078  7.51%   303 1877s
 15963 11101     cutoff   85      15526.8600 14361.2974  7.51%   303 1900s
 16145 11262 14689.5301   40  400 15526.8600 14363.8715  7.49%   304 1924s
 16299 11263 15077.6979   68  101 15526.8600 14364.1101  7.49%   304 1925s
 16326 11436     cutoff   98      15526.8600 14365.5862  7.48%   304 1949s
 16439 11436 15407.1836  105   78 15526.8600 14366.1770  7.48%   304 1950s
 16533 11613 14701.7250   35  383 15526.8600 14366.6707  7.47%   304 1973s
 16769 11819 14619.4314   39  267 15526.8600 14368.0803  7.46%   303 1999s
 16903 11819     cutoff   97      15526.8600 14368.6049  7.46%   302 2000s
 17036 12007 14625.5459   47  507 15526.8600 14368.9095  7.46%   302 2024s
 17185 12007 15406.0823   83  132 15526.8600 14369.1492  7.46%   303 2025s
 17287 12157 14949.5584   68  245 15526.8600 14369.2459  7.46%   302 2046s
 17473 12252 14515.9330   40  499 15526.8600 14370.1943  7.45%   302 2067s
 17610 12387 infeasible   80      15526.8600 14371.4925  7.44%   303 2213s
 17785 12474 14832.1289   50  241 15526.8600 14372.3003  7.44%   303 2238s
 17894 12662 14627.6984   34  388 15526.8600 14373.7044  7.43%   303 2263s
 18127 12743 14648.3629   44  467 15526.8600 14374.9069  7.42%   303 2286s
 18224 12917 15433.0932   53  382 15526.8600 14376.2389  7.41%   305 2309s
 18272 12917 15254.6279   89  219 15526.8600 14376.2389  7.41%   305 2310s
 18442 13078 15066.8179   55  363 15526.8600 14378.5477  7.40%   304 2333s
 18638 13212     cutoff   87      15526.8600 14379.3144  7.39%   305 2357s
 18821 13469 14854.1600   43  224 15526.8600 14379.6195  7.39%   305 2383s
 19086 13476 15307.1560  100   15 15526.8600 14380.1322  7.39%   304 2385s
 19131 13583     cutoff  102      15526.8600 14380.6853  7.38%   304 2406s
 19267 13768     cutoff  103      15526.8600 14383.2396  7.37%   305 2429s
 19311 13768 15319.5825   72  169 15526.8600 14383.2396  7.37%   305 2430s
 19481 13959 14936.1889   59  208 15526.8600 14385.7405  7.35%   305 2453s
 19730 14131     cutoff   99      15526.8600 14386.9122  7.34%   304 2479s
 19803 14131 15376.8579  110   18 15526.8600 14386.9122  7.34%   304 2480s
 19930 14264 14631.9674   40  522 15526.8600 14387.9524  7.34%   304 2502s
 20106 14332 14932.6564   69  261 15526.8600 14388.5511  7.33%   304 2524s
 20188 14628 14776.8554   47  295 15526.8600 14389.3776  7.33%   305 2550s
 20543 14778     cutoff   99      15526.8600 14389.6230  7.32%   303 2574s
 20584 14778     cutoff  116      15526.8600 14390.4259  7.32%   304 2575s
 20712 14968 14994.2133   71  413 15526.8600 14391.9502  7.31%   303 2598s
 20921 14968 15277.2421   80  120 15526.8600 14392.5184  7.31%   303 2600s
 20950 15213     cutoff   88      15526.8600 14393.4781  7.30%   302 2623s
 21190 15219 15339.2394   95   30 15526.8600 14393.9688  7.30%   301 2625s
 21235 15451 15407.3165  117   20 15526.8600 14394.1976  7.29%   301 2647s
 21534 15590 infeasible  123      15526.8600 14394.7609  7.29%   300 2670s
 21699 15742 14724.3800   40  319 15526.8600 14394.8110  7.29%   300 2692s
 21871 15941 15159.2006   52  173 15526.8600 14395.4806  7.29%   300 2716s
 22143 16206 14828.1430   43  368 15526.8600 14396.7328  7.28%   299 2740s
 22465 16407 14745.7188   43  302 15526.8600 14397.4472  7.27%   297 2763s
 22716 16553 14769.4675   46  404 15526.8600 14399.0755  7.26%   296 2785s
 22892 16733 15011.2640   56  227 15526.8600 14401.1671  7.25%   296 2807s
 23144 16901 14962.7751   61  135 15526.8600 14402.0076  7.24%   295 2830s
 23374 17002 14715.4139   43  423 15526.8600 14403.3362  7.24%   294 2868s
 23475 17184 15327.8877   88   12 15526.8600 14403.6776  7.23%   294 2892s
 23732 17392     cutoff   96      15526.8600 14403.7644  7.23%   293 2916s
 24021 17542 14651.1752   36  530 15526.8600 14404.4029  7.23%   292 2938s
 24188 17702 15472.0183   74  176 15526.8600 14404.9358  7.23%   292 2960s
 24388 17926     cutoff   95      15526.8600 14407.2629  7.21%   292 2984s
 24459 17928 15412.6166   87  153 15526.8600 14407.2629  7.21%   292 2985s
 24693 18173     cutoff   95      15526.8600 14408.3484  7.20%   290 3008s
 24915 18173 15109.2568   89   67 15526.8600 14409.4439  7.20%   290 3010s
 24953 18350 15199.6233  111   68 15526.8600 14409.6393  7.20%   290 3031s
 25224 18523     cutoff  134      15526.8600 14410.1734  7.19%   288 3053s
 25426 18523 15418.7368   63   41 15526.8600 14412.1249  7.18%   288 3055s
 25453 18630 14610.6065   37  404 15526.8600 14412.1249  7.18%   288 3075s
 25582 18758 15025.4861   50  423 15526.8600 14412.3952  7.18%   288 3096s
 25741 18903 14780.0975   57  188 15526.8600 14414.3217  7.17%   288 3119s
 25848 18904 14897.9563   65  187 15526.8600 14414.3217  7.17%   288 3120s
 25899 19186 14898.2510   66  179 15526.8600 14414.5381  7.16%   288 3144s
 25986 19186 15383.1226  102  107 15526.8600 14414.5381  7.16%   288 3145s
 26239 19346 15265.8657   74  140 15526.8600 14414.9128  7.16%   287 3167s
 26439 19472 14646.9285   39  458 15526.8600 14416.4051  7.15%   287 3190s
 26573 19571 15187.2159   56  322 15526.8600 14416.7858  7.15%   287 3212s
 26754 19737     cutoff   71      15526.8600 14417.6992  7.14%   287 3235s
 26954 19893 15096.3670   60  279 15526.8600 14418.3927  7.14%   287 3257s
 27151 20015 15377.8108   80   48 15526.8600 14418.8030  7.14%   286 3279s
 27250 20015 15303.6291   81  106 15526.8600 14419.5971  7.13%   286 3280s
 27309 20190 15095.6399   56  138 15526.8600 14420.1414  7.13%   286 3302s
 27527 20371 14543.9660   40  476 15526.8600 14421.0863  7.12%   286 3326s
 27753 20544 14798.6273   57  452 15526.8600 14421.4267  7.12%   285 3348s
 27945 20709 14575.1425   35  455 15526.8600 14422.3236  7.11%   285 3372s
 28137 20818 14840.4497   49  284 15526.8600 14423.5780  7.11%   285 3394s
 28271 20977 14938.0322   51  338 15526.8600 14423.6488  7.11%   285 3416s
 28436 21135 15039.5149   70   59 15526.8600 14423.7734  7.10%   286 3439s
 28542 21154 15208.0121   71  187 15526.8600 14423.7734  7.10%   286 3440s
 28696 21294     cutoff  105      15526.8600 14424.6432  7.10%   285 3460s
 28876 21449 15179.1867   80  258 15526.8600 14425.5074  7.09%   285 3482s
 29082 21594 14621.7301   42  382 15526.8600 14426.9621  7.08%   285 3505s
 29224 21823 15061.5515   78  216 15526.8600 14427.0401  7.08%   285 3530s
 29526 21979 14774.3301   30  507 15526.8600 14427.9908  7.08%   285 3552s
 29697 22129 15109.1768   58  189 15526.8600 14428.7179  7.07%   285 3574s
 29779 22129 15253.0998   88  132 15526.8600 14428.7179  7.07%   285 3575s
 29884 22340 14719.6729   43  413 15526.8600 14429.3641  7.07%   285 3597s
 30142 22339 infeasible  114      15526.8600 14429.4636  7.07%   284 3600s

Cutting planes:
  User: 5309
  Gomory: 23
  Cover: 439
  Implied bound: 184
  Projected implied bound: 3
  Clique: 36
  MIR: 120
  Flow cover: 281
  GUB cover: 2
  Zero half: 18
  Network: 1
  RLT: 238
  Relax-and-lift: 12
  Lazy constraints: 2951

Explored 30150 nodes (8583980 simplex iterations) in 3600.04 seconds
Thread count was 2 (of 32 available processors)

Solution count 10: 15526.9 15559.9 15583.8 ... 18027.7

Time limit reached
Best objective 1.552686000000e+04, best bound 1.442946359107e+04, gap 7.0677%

User-callback calls 489601, time in user-callback 170.07 sec
================================================================================
executing instance: ./input/Instances/Original/2/absH3high_4n10.dat
--------------------------------------------------------------------------------
Instance details
n	11
H	3
C	822
Li:
[0, 0, 0, 0, 0, 0, 0, 0, 0, 0, 0, ]
Ui:
[0, 102, 52, 88, 182, 153, 138, 38, 165, 297, 86, ]
Distance matrix:
|0	285	411	382	327	239	148	256	307	36	383	|
|285	0	352	98	249	103	227	235	120	268	209	|
|411	352	0	395	106	430	263	549	234	429	174	|
|382	98	395	0	302	173	320	288	168	364	227	|
|327	249	106	302	0	324	179	444	135	339	109	|
|239	103	430	173	324	0	241	132	212	212	305	|
|148	227	263	320	179	241	0	325	192	165	249	|
|256	235	549	288	444	132	325	0	342	220	436	|
|307	120	234	168	135	212	192	342	0	304	94	|
|36	268	429	364	339	212	165	220	304	0	386	|
|383	209	174	227	109	305	249	436	94	386	0	|

--------------------------------------------------------------------------------
Building model...
	using lazy and cut (CVRPSEP package)
Solving IRP LP...
--------------------------------------------------------------------------------

Gurobi 9.1.0 (linux64) logging started Sun Feb  7 07:48:26 2021

Gurobi Optimizer version 9.1.0 build v9.1.0rc0 (linux64)
Thread count: 32 physical cores, 32 logical processors, using up to 2 threads
Optimize a model with 419 rows, 956 columns and 2912 nonzeros
Model fingerprint: 0xa8e902a1
Variable types: 164 continuous, 792 integer (132 binary)
Coefficient statistics:
  Matrix range     [1e+00, 3e+02]
  Objective range  [2e-01, 5e+02]
  Bounds range     [1e+00, 3e+02]
  RHS range        [1e+00, 1e+03]
Presolve removed 141 rows and 255 columns
Presolve time: 0.04s
Presolved: 278 rows, 701 columns, 1980 nonzeros
Variable types: 86 continuous, 615 integer (509 binary)

Root relaxation: objective 4.200011e+03, 490 iterations, 0.01 seconds

    Nodes    |    Current Node    |     Objective Bounds      |     Work
 Expl Unexpl |  Obj  Depth IntInf | Incumbent    BestBd   Gap | It/Node Time

     0     0 4200.01139    0   75          - 4200.01139      -     -    0s
H    0     0                    9399.5400000 4200.01139  55.3%     -    0s
H    0     0                    8568.6900000 4200.01139  51.0%     -    0s
H    0     0                    8088.0300000 4200.01139  48.1%     -    0s
     0     0 4634.72429    0   72 8088.03000 4634.72429  42.7%     -    0s
H    0     0                    8019.9900000 4634.72429  42.2%     -    0s
     0     0 4765.90323    0  103 8019.99000 4765.90323  40.6%     -    0s
H    0     0                    6760.8600000 4765.90323  29.5%     -    0s
     0     0 4811.92808    0  103 6760.86000 4811.92808  28.8%     -    0s
     0     0 4815.39915    0  103 6760.86000 4815.39915  28.8%     -    0s
     0     0 4815.48917    0  107 6760.86000 4815.48917  28.8%     -    0s
     0     0 4887.52743    0  104 6760.86000 4887.52743  27.7%     -    0s
     0     0 4895.40291    0  112 6760.86000 4895.40291  27.6%     -    0s
     0     0 4895.61051    0  115 6760.86000 4895.61051  27.6%     -    0s
     0     0 4925.71261    0  117 6760.86000 4925.71261  27.1%     -    0s
     0     0 4926.95261    0  120 6760.86000 4926.95261  27.1%     -    0s
     0     0 4927.29574    0  123 6760.86000 4927.29574  27.1%     -    0s
     0     0 4957.11654    0  113 6760.86000 4957.11654  26.7%     -    0s
     0     0 4967.10457    0  148 6760.86000 4967.10457  26.5%     -    0s
     0     0 4971.63304    0  127 6760.86000 4971.63304  26.5%     -    0s
     0     0 4973.86907    0  135 6760.86000 4973.86907  26.4%     -    0s
     0     0 4973.88058    0  135 6760.86000 4973.88058  26.4%     -    0s
     0     0 4981.42400    0  121 6760.86000 4981.42400  26.3%     -    0s
     0     0 4983.22610    0  121 6760.86000 4983.22610  26.3%     -    0s
     0     0 4985.05129    0  124 6760.86000 4985.05129  26.3%     -    0s
     0     0 4985.09193    0  124 6760.86000 4985.09193  26.3%     -    0s
     0     0 4989.80985    0  134 6760.86000 4989.80985  26.2%     -    0s
     0     0 4990.08140    0  137 6760.86000 4990.08140  26.2%     -    0s
     0     0 4991.20473    0  120 6760.86000 4991.20473  26.2%     -    0s
H    0     0                    6700.8600000 4991.20473  25.5%     -    0s
     0     0 4991.58389    0  123 6700.86000 4991.58389  25.5%     -    0s
     0     0 4992.52743    0  129 6700.86000 4992.52743  25.5%     -    0s
     0     0 4992.52743    0  129 6700.86000 4992.52743  25.5%     -    0s
H    0     0                    6582.6700000 4992.52743  24.2%     -    0s
H    0     0                    6524.1100000 4994.23012  23.4%     -    0s
     0     2 4994.23012    0  129 6524.11000 4994.23012  23.4%     -    0s
H   32    36                    6514.8100000 5073.63903  22.1%  80.2    0s
H   66    74                    6456.8100000 5073.63903  21.4%  58.9    0s
H  138   124                    6453.1100000 5149.28943  20.2%  49.3    0s
H  166   153                    6200.1100000 5149.28943  16.9%  51.0    0s
H  203   151                    6090.1100000 5167.46530  15.1%  53.3    0s
  1588   445 6015.23320   25   93 6090.11000 5597.44883  8.09%  62.5    5s
* 3594   282              19    5991.4500000 5866.84905  2.08%  58.9    9s

Cutting planes:
  User: 153
  Gomory: 4
  Cover: 132
  Implied bound: 57
  Clique: 12
  MIR: 79
  StrongCG: 2
  Flow cover: 64
  GUB cover: 2
  Inf proof: 3
  Zero half: 1
  RLT: 71
  Relax-and-lift: 19
  Lazy constraints: 18

Explored 3923 nodes (222744 simplex iterations) in 9.38 seconds
Thread count was 2 (of 32 available processors)

Solution count 10: 5991.45 6090.11 6200.11 ... 6760.86

Optimal solution found (tolerance 1.00e-04)
Best objective 5.991450000000e+03, best bound 5.991450000000e+03, gap 0.0000%

User-callback calls 9317, time in user-callback 1.13 sec
================================================================================
executing instance: ./input/Instances/Original/2/absH3high_3n20.dat
--------------------------------------------------------------------------------
Instance details
n	21
H	3
C	1536
Li:
[0, 0, 0, 0, 0, 0, 0, 0, 0, 0, 0, 0, 0, 0, 0, 0, 0, 0, 0, 0, 0, ]
Ui:
[0, 48, 207, 156, 294, 207, 297, 54, 114, 90, 228, 132, 84, 64, 51, 153, 60, 39, 195, 82, 130, ]
Distance matrix:
|0	41	141	324	154	98	307	402	160	217	284	269	188	233	54	185	307	149	286	276	103	|
|41	0	114	285	184	88	285	385	200	197	251	230	189	270	48	205	295	160	245	241	62	|
|141	114	0	200	208	193	353	459	269	275	289	154	129	371	160	192	380	136	205	267	88	|
|324	285	200	0	406	330	386	484	467	344	286	57	299	555	318	380	442	327	114	255	226	|
|154	184	208	406	0	250	460	553	101	370	436	361	136	247	208	63	455	87	405	425	232	|
|98	88	193	330	250	0	211	304	232	121	204	273	276	249	44	283	210	244	259	204	113	|
|307	285	353	386	460	211	0	106	436	90	104	342	467	407	253	490	72	445	275	134	269	|
|402	385	459	484	553	304	106	0	517	188	198	443	570	463	348	587	102	545	371	229	373	|
|160	200	269	467	101	232	436	517	0	349	434	417	231	148	200	163	415	179	444	431	261	|
|217	197	275	344	370	121	90	188	349	0	111	293	382	335	163	400	106	357	244	128	187	|
|284	251	289	286	436	204	104	198	434	111	0	246	413	441	235	452	170	401	173	31	214	|
|269	230	154	57	361	273	342	443	417	293	246	0	266	500	261	342	393	286	85	215	170	|
